level,attack,defense,stamina,cp
1.0,0,0,0,35
1.0,0,0,1,35
1.0,0,0,2,35
1.0,0,0,3,35
1.0,0,0,4,35
1.0,0,0,5,35
1.0,0,0,6,35
1.0,0,0,7,35
1.0,0,0,8,35
1.0,0,0,9,36
1.0,0,0,10,36
1.0,0,0,11,36
1.0,0,0,12,36
1.0,0,0,13,36
1.0,0,0,14,36
1.0,0,0,15,36
1.0,0,1,0,35
1.0,0,1,1,35
1.0,0,1,2,35
1.0,0,1,3,35
1.0,0,1,4,35
1.0,0,1,5,35
1.0,0,1,6,35
1.0,0,1,7,35
1.0,0,1,8,36
1.0,0,1,9,36
1.0,0,1,10,36
1.0,0,1,11,36
1.0,0,1,12,36
1.0,0,1,13,36
1.0,0,1,14,36
1.0,0,1,15,36
1.0,0,2,0,35
1.0,0,2,1,35
1.0,0,2,2,35
1.0,0,2,3,35
1.0,0,2,4,35
1.0,0,2,5,35
1.0,0,2,6,35
1.0,0,2,7,36
1.0,0,2,8,36
1.0,0,2,9,36
1.0,0,2,10,36
1.0,0,2,11,36
1.0,0,2,12,36
1.0,0,2,13,36
1.0,0,2,14,36
1.0,0,2,15,36
1.0,0,3,0,35
1.0,0,3,1,35
1.0,0,3,2,35
1.0,0,3,3,35
1.0,0,3,4,35
1.0,0,3,5,35
1.0,0,3,6,36
1.0,0,3,7,36
1.0,0,3,8,36
1.0,0,3,9,36
1.0,0,3,10,36
1.0,0,3,11,36
1.0,0,3,12,36
1.0,0,3,13,36
1.0,0,3,14,36
1.0,0,3,15,37
1.0,0,4,0,35
1.0,0,4,1,35
1.0,0,4,2,35
1.0,0,4,3,35
1.0,0,4,4,35
1.0,0,4,5,36
1.0,0,4,6,36
1.0,0,4,7,36
1.0,0,4,8,36
1.0,0,4,9,36
1.0,0,4,10,36
1.0,0,4,11,36
1.0,0,4,12,36
1.0,0,4,13,36
1.0,0,4,14,37
1.0,0,4,15,37
1.0,0,5,0,35
1.0,0,5,1,35
1.0,0,5,2,35
1.0,0,5,3,35
1.0,0,5,4,36
1.0,0,5,5,36
1.0,0,5,6,36
1.0,0,5,7,36
1.0,0,5,8,36
1.0,0,5,9,36
1.0,0,5,10,36
1.0,0,5,11,36
1.0,0,5,12,36
1.0,0,5,13,37
1.0,0,5,14,37
1.0,0,5,15,37
1.0,0,6,0,35
1.0,0,6,1,35
1.0,0,6,2,35
1.0,0,6,3,36
1.0,0,6,4,36
1.0,0,6,5,36
1.0,0,6,6,36
1.0,0,6,7,36
1.0,0,6,8,36
1.0,0,6,9,36
1.0,0,6,10,36
1.0,0,6,11,36
1.0,0,6,12,37
1.0,0,6,13,37
1.0,0,6,14,37
1.0,0,6,15,37
1.0,0,7,0,35
1.0,0,7,1,35
1.0,0,7,2,36
1.0,0,7,3,36
1.0,0,7,4,36
1.0,0,7,5,36
1.0,0,7,6,36
1.0,0,7,7,36
1.0,0,7,8,36
1.0,0,7,9,36
1.0,0,7,10,36
1.0,0,7,11,37
1.0,0,7,12,37
1.0,0,7,13,37
1.0,0,7,14,37
1.0,0,7,15,37
1.0,0,8,0,35
1.0,0,8,1,36
1.0,0,8,2,36
1.0,0,8,3,36
1.0,0,8,4,36
1.0,0,8,5,36
1.0,0,8,6,36
1.0,0,8,7,36
1.0,0,8,8,36
1.0,0,8,9,37
1.0,0,8,10,37
1.0,0,8,11,37
1.0,0,8,12,37
1.0,0,8,13,37
1.0,0,8,14,37
1.0,0,8,15,37
1.0,0,9,0,36
1.0,0,9,1,36
1.0,0,9,2,36
1.0,0,9,3,36
1.0,0,9,4,36
1.0,0,9,5,36
1.0,0,9,6,36
1.0,0,9,7,36
1.0,0,9,8,37
1.0,0,9,9,37
1.0,0,9,10,37
1.0,0,9,11,37
1.0,0,9,12,37
1.0,0,9,13,37
1.0,0,9,14,37
1.0,0,9,15,37
1.0,0,10,0,36
1.0,0,10,1,36
1.0,0,10,2,36
1.0,0,10,3,36
1.0,0,10,4,36
1.0,0,10,5,36
1.0,0,10,6,36
1.0,0,10,7,37
1.0,0,10,8,37
1.0,0,10,9,37
1.0,0,10,10,37
1.0,0,10,11,37
1.0,0,10,12,37
1.0,0,10,13,37
1.0,0,10,14,37
1.0,0,10,15,37
1.0,0,11,0,36
1.0,0,11,1,36
1.0,0,11,2,36
1.0,0,11,3,36
1.0,0,11,4,36
1.0,0,11,5,36
1.0,0,11,6,37
1.0,0,11,7,37
1.0,0,11,8,37
1.0,0,11,9,37
1.0,0,11,10,37
1.0,0,11,11,37
1.0,0,11,12,37
1.0,0,11,13,37
1.0,0,11,14,37
1.0,0,11,15,38
1.0,0,12,0,36
1.0,0,12,1,36
1.0,0,12,2,36
1.0,0,12,3,36
1.0,0,12,4,36
1.0,0,12,5,37
1.0,0,12,6,37
1.0,0,12,7,37
1.0,0,12,8,37
1.0,0,12,9,37
1.0,0,12,10,37
1.0,0,12,11,37
1.0,0,12,12,37
1.0,0,12,13,37
1.0,0,12,14,38
1.0,0,12,15,38
1.0,0,13,0,36
1.0,0,13,1,36
1.0,0,13,2,36
1.0,0,13,3,36
1.0,0,13,4,37
1.0,0,13,5,37
1.0,0,13,6,37
1.0,0,13,7,37
1.0,0,13,8,37
1.0,0,13,9,37
1.0,0,13,10,37
1.0,0,13,11,37
1.0,0,13,12,37
1.0,0,13,13,38
1.0,0,13,14,38
1.0,0,13,15,38
1.0,0,14,0,36
1.0,0,14,1,36
1.0,0,14,2,36
1.0,0,14,3,37
1.0,0,14,4,37
1.0,0,14,5,37
1.0,0,14,6,37
1.0,0,14,7,37
1.0,0,14,8,37
1.0,0,14,9,37
1.0,0,14,10,37
1.0,0,14,11,37
1.0,0,14,12,38
1.0,0,14,13,38
1.0,0,14,14,38
1.0,0,14,15,38
1.0,0,15,0,36
1.0,0,15,1,36
1.0,0,15,2,37
1.0,0,15,3,37
1.0,0,15,4,37
1.0,0,15,5,37
1.0,0,15,6,37
1.0,0,15,7,37
1.0,0,15,8,37
1.0,0,15,9,37
1.0,0,15,10,37
1.0,0,15,11,38
1.0,0,15,12,38
1.0,0,15,13,38
1.0,0,15,14,38
1.0,0,15,15,38
1.0,1,0,0,35
1.0,1,0,1,35
1.0,1,0,2,35
1.0,1,0,3,35
1.0,1,0,4,35
1.0,1,0,5,35
1.0,1,0,6,35
1.0,1,0,7,35
1.0,1,0,8,36
1.0,1,0,9,36
1.0,1,0,10,36
1.0,1,0,11,36
1.0,1,0,12,36
1.0,1,0,13,36
1.0,1,0,14,36
1.0,1,0,15,36
1.0,1,1,0,35
1.0,1,1,1,35
1.0,1,1,2,35
1.0,1,1,3,35
1.0,1,1,4,35
1.0,1,1,5,35
1.0,1,1,6,35
1.0,1,1,7,36
1.0,1,1,8,36
1.0,1,1,9,36
1.0,1,1,10,36
1.0,1,1,11,36
1.0,1,1,12,36
1.0,1,1,13,36
1.0,1,1,14,36
1.0,1,1,15,36
1.0,1,2,0,35
1.0,1,2,1,35
1.0,1,2,2,35
1.0,1,2,3,35
1.0,1,2,4,35
1.0,1,2,5,35
1.0,1,2,6,36
1.0,1,2,7,36
1.0,1,2,8,36
1.0,1,2,9,36
1.0,1,2,10,36
1.0,1,2,11,36
1.0,1,2,12,36
1.0,1,2,13,36
1.0,1,2,14,36
1.0,1,2,15,37
1.0,1,3,0,35
1.0,1,3,1,35
1.0,1,3,2,35
1.0,1,3,3,35
1.0,1,3,4,35
1.0,1,3,5,36
1.0,1,3,6,36
1.0,1,3,7,36
1.0,1,3,8,36
1.0,1,3,9,36
1.0,1,3,10,36
1.0,1,3,11,36
1.0,1,3,12,36
1.0,1,3,13,36
1.0,1,3,14,37
1.0,1,3,15,37
1.0,1,4,0,35
1.0,1,4,1,35
1.0,1,4,2,35
1.0,1,4,3,35
1.0,1,4,4,36
1.0,1,4,5,36
1.0,1,4,6,36
1.0,1,4,7,36
1.0,1,4,8,36
1.0,1,4,9,36
1.0,1,4,10,36
1.0,1,4,11,36
1.0,1,4,12,37
1.0,1,4,13,37
1.0,1,4,14,37
1.0,1,4,15,37
1.0,1,5,0,35
1.0,1,5,1,35
1.0,1,5,2,35
1.0,1,5,3,36
1.0,1,5,4,36
1.0,1,5,5,36
1.0,1,5,6,36
1.0,1,5,7,36
1.0,1,5,8,36
1.0,1,5,9,36
1.0,1,5,10,36
1.0,1,5,11,37
1.0,1,5,12,37
1.0,1,5,13,37
1.0,1,5,14,37
1.0,1,5,15,37
1.0,1,6,0,35
1.0,1,6,1,35
1.0,1,6,2,36
1.0,1,6,3,36
1.0,1,6,4,36
1.0,1,6,5,36
1.0,1,6,6,36
1.0,1,6,7,36
1.0,1,6,8,36
1.0,1,6,9,36
1.0,1,6,10,37
1.0,1,6,11,37
1.0,1,6,12,37
1.0,1,6,13,37
1.0,1,6,14,37
1.0,1,6,15,37
1.0,1,7,0,35
1.0,1,7,1,36
1.0,1,7,2,36
1.0,1,7,3,36
1.0,1,7,4,36
1.0,1,7,5,36
1.0,1,7,6,36
1.0,1,7,7,36
1.0,1,7,8,36
1.0,1,7,9,37
1.0,1,7,10,37
1.0,1,7,11,37
1.0,1,7,12,37
1.0,1,7,13,37
1.0,1,7,14,37
1.0,1,7,15,37
1.0,1,8,0,36
1.0,1,8,1,36
1.0,1,8,2,36
1.0,1,8,3,36
1.0,1,8,4,36
1.0,1,8,5,36
1.0,1,8,6,36
1.0,1,8,7,36
1.0,1,8,8,37
1.0,1,8,9,37
1.0,1,8,10,37
1.0,1,8,11,37
1.0,1,8,12,37
1.0,1,8,13,37
1.0,1,8,14,37
1.0,1,8,15,37
1.0,1,9,0,36
1.0,1,9,1,36
1.0,1,9,2,36
1.0,1,9,3,36
1.0,1,9,4,36
1.0,1,9,5,36
1.0,1,9,6,36
1.0,1,9,7,37
1.0,1,9,8,37
1.0,1,9,9,37
1.0,1,9,10,37
1.0,1,9,11,37
1.0,1,9,12,37
1.0,1,9,13,37
1.0,1,9,14,37
1.0,1,9,15,37
1.0,1,10,0,36
1.0,1,10,1,36
1.0,1,10,2,36
1.0,1,10,3,36
1.0,1,10,4,36
1.0,1,10,5,36
1.0,1,10,6,37
1.0,1,10,7,37
1.0,1,10,8,37
1.0,1,10,9,37
1.0,1,10,10,37
1.0,1,10,11,37
1.0,1,10,12,37
1.0,1,10,13,37
1.0,1,10,14,37
1.0,1,10,15,38
1.0,1,11,0,36
1.0,1,11,1,36
1.0,1,11,2,36
1.0,1,11,3,36
1.0,1,11,4,36
1.0,1,11,5,37
1.0,1,11,6,37
1.0,1,11,7,37
1.0,1,11,8,37
1.0,1,11,9,37
1.0,1,11,10,37
1.0,1,11,11,37
1.0,1,11,12,37
1.0,1,11,13,37
1.0,1,11,14,38
1.0,1,11,15,38
1.0,1,12,0,36
1.0,1,12,1,36
1.0,1,12,2,36
1.0,1,12,3,36
1.0,1,12,4,37
1.0,1,12,5,37
1.0,1,12,6,37
1.0,1,12,7,37
1.0,1,12,8,37
1.0,1,12,9,37
1.0,1,12,10,37
1.0,1,12,11,37
1.0,1,12,12,37
1.0,1,12,13,38
1.0,1,12,14,38
1.0,1,12,15,38
1.0,1,13,0,36
1.0,1,13,1,36
1.0,1,13,2,36
1.0,1,13,3,37
1.0,1,13,4,37
1.0,1,13,5,37
1.0,1,13,6,37
1.0,1,13,7,37
1.0,1,13,8,37
1.0,1,13,9,37
1.0,1,13,10,37
1.0,1,13,11,37
1.0,1,13,12,38
1.0,1,13,13,38
1.0,1,13,14,38
1.0,1,13,15,38
1.0,1,14,0,36
1.0,1,14,1,36
1.0,1,14,2,37
1.0,1,14,3,37
1.0,1,14,4,37
1.0,1,14,5,37
1.0,1,14,6,37
1.0,1,14,7,37
1.0,1,14,8,37
1.0,1,14,9,37
1.0,1,14,10,37
1.0,1,14,11,38
1.0,1,14,12,38
1.0,1,14,13,38
1.0,1,14,14,38
1.0,1,14,15,38
1.0,1,15,0,36
1.0,1,15,1,37
1.0,1,15,2,37
1.0,1,15,3,37
1.0,1,15,4,37
1.0,1,15,5,37
1.0,1,15,6,37
1.0,1,15,7,37
1.0,1,15,8,37
1.0,1,15,9,37
1.0,1,15,10,38
1.0,1,15,11,38
1.0,1,15,12,38
1.0,1,15,13,38
1.0,1,15,14,38
1.0,1,15,15,38
1.0,2,0,0,35
1.0,2,0,1,35
1.0,2,0,2,35
1.0,2,0,3,35
1.0,2,0,4,35
1.0,2,0,5,35
1.0,2,0,6,35
1.0,2,0,7,36
1.0,2,0,8,36
1.0,2,0,9,36
1.0,2,0,10,36
1.0,2,0,11,36
1.0,2,0,12,36
1.0,2,0,13,36
1.0,2,0,14,36
1.0,2,0,15,36
1.0,2,1,0,35
1.0,2,1,1,35
1.0,2,1,2,35
1.0,2,1,3,35
1.0,2,1,4,35
1.0,2,1,5,36
1.0,2,1,6,36
1.0,2,1,7,36
1.0,2,1,8,36
1.0,2,1,9,36
1.0,2,1,10,36
1.0,2,1,11,36
1.0,2,1,12,36
1.0,2,1,13,36
1.0,2,1,14,36
1.0,2,1,15,37
1.0,2,2,0,35
1.0,2,2,1,35
1.0,2,2,2,35
1.0,2,2,3,35
1.0,2,2,4,36
1.0,2,2,5,36
1.0,2,2,6,36
1.0,2,2,7,36
1.0,2,2,8,36
1.0,2,2,9,36
1.0,2,2,10,36
1.0,2,2,11,36
1.0,2,2,12,36
1.0,2,2,13,37
1.0,2,2,14,37
1.0,2,2,15,37
1.0,2,3,0,35
1.0,2,3,1,35
1.0,2,3,2,35
1.0,2,3,3,36
1.0,2,3,4,36
1.0,2,3,5,36
1.0,2,3,6,36
1.0,2,3,7,36
1.0,2,3,8,36
1.0,2,3,9,36
1.0,2,3,10,36
1.0,2,3,11,36
1.0,2,3,12,37
1.0,2,3,13,37
1.0,2,3,14,37
1.0,2,3,15,37
1.0,2,4,0,35
1.0,2,4,1,35
1.0,2,4,2,36
1.0,2,4,3,36
1.0,2,4,4,36
1.0,2,4,5,36
1.0,2,4,6,36
1.0,2,4,7,36
1.0,2,4,8,36
1.0,2,4,9,36
1.0,2,4,10,36
1.0,2,4,11,37
1.0,2,4,12,37
1.0,2,4,13,37
1.0,2,4,14,37
1.0,2,4,15,37
1.0,2,5,0,35
1.0,2,5,1,36
1.0,2,5,2,36
1.0,2,5,3,36
1.0,2,5,4,36
1.0,2,5,5,36
1.0,2,5,6,36
1.0,2,5,7,36
1.0,2,5,8,36
1.0,2,5,9,36
1.0,2,5,10,37
1.0,2,5,11,37
1.0,2,5,12,37
1.0,2,5,13,37
1.0,2,5,14,37
1.0,2,5,15,37
1.0,2,6,0,36
1.0,2,6,1,36
1.0,2,6,2,36
1.0,2,6,3,36
1.0,2,6,4,36
1.0,2,6,5,36
1.0,2,6,6,36
1.0,2,6,7,36
1.0,2,6,8,36
1.0,2,6,9,37
1.0,2,6,10,37
1.0,2,6,11,37
1.0,2,6,12,37
1.0,2,6,13,37
1.0,2,6,14,37
1.0,2,6,15,37
1.0,2,7,0,36
1.0,2,7,1,36
1.0,2,7,2,36
1.0,2,7,3,36
1.0,2,7,4,36
1.0,2,7,5,36
1.0,2,7,6,36
1.0,2,7,7,36
1.0,2,7,8,37
1.0,2,7,9,37
1.0,2,7,10,37
1.0,2,7,11,37
1.0,2,7,12,37
1.0,2,7,13,37
1.0,2,7,14,37
1.0,2,7,15,37
1.0,2,8,0,36
1.0,2,8,1,36
1.0,2,8,2,36
1.0,2,8,3,36
1.0,2,8,4,36
1.0,2,8,5,36
1.0,2,8,6,36
1.0,2,8,7,37
1.0,2,8,8,37
1.0,2,8,9,37
1.0,2,8,10,37
1.0,2,8,11,37
1.0,2,8,12,37
1.0,2,8,13,37
1.0,2,8,14,37
1.0,2,8,15,37
1.0,2,9,0,36
1.0,2,9,1,36
1.0,2,9,2,36
1.0,2,9,3,36
1.0,2,9,4,36
1.0,2,9,5,36
1.0,2,9,6,37
1.0,2,9,7,37
1.0,2,9,8,37
1.0,2,9,9,37
1.0,2,9,10,37
1.0,2,9,11,37
1.0,2,9,12,37
1.0,2,9,13,37
1.0,2,9,14,37
1.0,2,9,15,38
1.0,2,10,0,36
1.0,2,10,1,36
1.0,2,10,2,36
1.0,2,10,3,36
1.0,2,10,4,36
1.0,2,10,5,37
1.0,2,10,6,37
1.0,2,10,7,37
1.0,2,10,8,37
1.0,2,10,9,37
1.0,2,10,10,37
1.0,2,10,11,37
1.0,2,10,12,37
1.0,2,10,13,37
1.0,2,10,14,38
1.0,2,10,15,38
1.0,2,11,0,36
1.0,2,11,1,36
1.0,2,11,2,36
1.0,2,11,3,36
1.0,2,11,4,37
1.0,2,11,5,37
1.0,2,11,6,37
1.0,2,11,7,37
1.0,2,11,8,37
1.0,2,11,9,37
1.0,2,11,10,37
1.0,2,11,11,37
1.0,2,11,12,37
1.0,2,11,13,38
1.0,2,11,14,38
1.0,2,11,15,38
1.0,2,12,0,36
1.0,2,12,1,36
1.0,2,12,2,36
1.0,2,12,3,37
1.0,2,12,4,37
1.0,2,12,5,37
1.0,2,12,6,37
1.0,2,12,7,37
1.0,2,12,8,37
1.0,2,12,9,37
1.0,2,12,10,37
1.0,2,12,11,37
1.0,2,12,12,38
1.0,2,12,13,38
1.0,2,12,14,38
1.0,2,12,15,38
1.0,2,13,0,36
1.0,2,13,1,36
1.0,2,13,2,37
1.0,2,13,3,37
1.0,2,13,4,37
1.0,2,13,5,37
1.0,2,13,6,37
1.0,2,13,7,37
1.0,2,13,8,37
1.0,2,13,9,37
1.0,2,13,10,37
1.0,2,13,11,38
1.0,2,13,12,38
1.0,2,13,13,38
1.0,2,13,14,38
1.0,2,13,15,38
1.0,2,14,0,36
1.0,2,14,1,37
1.0,2,14,2,37
1.0,2,14,3,37
1.0,2,14,4,37
1.0,2,14,5,37
1.0,2,14,6,37
1.0,2,14,7,37
1.0,2,14,8,37
1.0,2,14,9,37
1.0,2,14,10,38
1.0,2,14,11,38
1.0,2,14,12,38
1.0,2,14,13,38
1.0,2,14,14,38
1.0,2,14,15,38
1.0,2,15,0,37
1.0,2,15,1,37
1.0,2,15,2,37
1.0,2,15,3,37
1.0,2,15,4,37
1.0,2,15,5,37
1.0,2,15,6,37
1.0,2,15,7,37
1.0,2,15,8,37
1.0,2,15,9,38
1.0,2,15,10,38
1.0,2,15,11,38
1.0,2,15,12,38
1.0,2,15,13,38
1.0,2,15,14,38
1.0,2,15,15,38
1.0,3,0,0,35
1.0,3,0,1,35
1.0,3,0,2,35
1.0,3,0,3,35
1.0,3,0,4,35
1.0,3,0,5,36
1.0,3,0,6,36
1.0,3,0,7,36
1.0,3,0,8,36
1.0,3,0,9,36
1.0,3,0,10,36
1.0,3,0,11,36
1.0,3,0,12,36
1.0,3,0,13,36
1.0,3,0,14,37
1.0,3,0,15,37
1.0,3,1,0,35
1.0,3,1,1,35
1.0,3,1,2,35
1.0,3,1,3,35
1.0,3,1,4,36
1.0,3,1,5,36
1.0,3,1,6,36
1.0,3,1,7,36
1.0,3,1,8,36
1.0,3,1,9,36
1.0,3,1,10,36
1.0,3,1,11,36
1.0,3,1,12,36
1.0,3,1,13,37
1.0,3,1,14,37
1.0,3,1,15,37
1.0,3,2,0,35
1.0,3,2,1,35
1.0,3,2,2,35
1.0,3,2,3,36
1.0,3,2,4,36
1.0,3,2,5,36
1.0,3,2,6,36
1.0,3,2,7,36
1.0,3,2,8,36
1.0,3,2,9,36
1.0,3,2,10,36
1.0,3,2,11,36
1.0,3,2,12,37
1.0,3,2,13,37
1.0,3,2,14,37
1.0,3,2,15,37
1.0,3,3,0,35
1.0,3,3,1,35
1.0,3,3,2,36
1.0,3,3,3,36
1.0,3,3,4,36
1.0,3,3,5,36
1.0,3,3,6,36
1.0,3,3,7,36
1.0,3,3,8,36
1.0,3,3,9,36
1.0,3,3,10,36
1.0,3,3,11,37
1.0,3,3,12,37
1.0,3,3,13,37
1.0,3,3,14,37
1.0,3,3,15,37
1.0,3,4,0,35
1.0,3,4,1,36
1.0,3,4,2,36
1.0,3,4,3,36
1.0,3,4,4,36
1.0,3,4,5,36
1.0,3,4,6,36
1.0,3,4,7,36
1.0,3,4,8,36
1.0,3,4,9,36
1.0,3,4,10,37
1.0,3,4,11,37
1.0,3,4,12,37
1.0,3,4,13,37
1.0,3,4,14,37
1.0,3,4,15,37
1.0,3,5,0,36
1.0,3,5,1,36
1.0,3,5,2,36
1.0,3,5,3,36
1.0,3,5,4,36
1.0,3,5,5,36
1.0,3,5,6,36
1.0,3,5,7,36
1.0,3,5,8,36
1.0,3,5,9,37
1.0,3,5,10,37
1.0,3,5,11,37
1.0,3,5,12,37
1.0,3,5,13,37
1.0,3,5,14,37
1.0,3,5,15,37
1.0,3,6,0,36
1.0,3,6,1,36
1.0,3,6,2,36
1.0,3,6,3,36
1.0,3,6,4,36
1.0,3,6,5,36
1.0,3,6,6,36
1.0,3,6,7,36
1.0,3,6,8,37
1.0,3,6,9,37
1.0,3,6,10,37
1.0,3,6,11,37
1.0,3,6,12,37
1.0,3,6,13,37
1.0,3,6,14,37
1.0,3,6,15,37
1.0,3,7,0,36
1.0,3,7,1,36
1.0,3,7,2,36
1.0,3,7,3,36
1.0,3,7,4,36
1.0,3,7,5,36
1.0,3,7,6,36
1.0,3,7,7,37
1.0,3,7,8,37
1.0,3,7,9,37
1.0,3,7,10,37
1.0,3,7,11,37
1.0,3,7,12,37
1.0,3,7,13,37
1.0,3,7,14,37
1.0,3,7,15,37
1.0,3,8,0,36
1.0,3,8,1,36
1.0,3,8,2,36
1.0,3,8,3,36
1.0,3,8,4,36
1.0,3,8,5,36
1.0,3,8,6,37
1.0,3,8,7,37
1.0,3,8,8,37
1.0,3,8,9,37
1.0,3,8,10,37
1.0,3,8,11,37
1.0,3,8,12,37
1.0,3,8,13,37
1.0,3,8,14,37
1.0,3,8,15,38
1.0,3,9,0,36
1.0,3,9,1,36
1.0,3,9,2,36
1.0,3,9,3,36
1.0,3,9,4,36
1.0,3,9,5,37
1.0,3,9,6,37
1.0,3,9,7,37
1.0,3,9,8,37
1.0,3,9,9,37
1.0,3,9,10,37
1.0,3,9,11,37
1.0,3,9,12,37
1.0,3,9,13,38
1.0,3,9,14,38
1.0,3,9,15,38
1.0,3,10,0,36
1.0,3,10,1,36
1.0,3,10,2,36
1.0,3,10,3,36
1.0,3,10,4,37
1.0,3,10,5,37
1.0,3,10,6,37
1.0,3,10,7,37
1.0,3,10,8,37
1.0,3,10,9,37
1.0,3,10,10,37
1.0,3,10,11,37
1.0,3,10,12,38
1.0,3,10,13,38
1.0,3,10,14,38
1.0,3,10,15,38
1.0,3,11,0,36
1.0,3,11,1,36
1.0,3,11,2,36
1.0,3,11,3,37
1.0,3,11,4,37
1.0,3,11,5,37
1.0,3,11,6,37
1.0,3,11,7,37
1.0,3,11,8,37
1.0,3,11,9,37
1.0,3,11,10,37
1.0,3,11,11,38
1.0,3,11,12,38
1.0,3,11,13,38
1.0,3,11,14,38
1.0,3,11,15,38
1.0,3,12,0,36
1.0,3,12,1,36
1.0,3,12,2,37
1.0,3,12,3,37
1.0,3,12,4,37
1.0,3,12,5,37
1.0,3,12,6,37
1.0,3,12,7,37
1.0,3,12,8,37
1.0,3,12,9,37
1.0,3,12,10,38
1.0,3,12,11,38
1.0,3,12,12,38
1.0,3,12,13,38
1.0,3,12,14,38
1.0,3,12,15,38
1.0,3,13,0,36
1.0,3,13,1,37
1.0,3,13,2,37
1.0,3,13,3,37
1.0,3,13,4,37
1.0,3,13,5,37
1.0,3,13,6,37
1.0,3,13,7,37
1.0,3,13,8,37
1.0,3,13,9,38
1.0,3,13,10,38
1.0,3,13,11,38
1.0,3,13,12,38
1.0,3,13,13,38
1.0,3,13,14,38
1.0,3,13,15,38
1.0,3,14,0,37
1.0,3,14,1,37
1.0,3,14,2,37
1.0,3,14,3,37
1.0,3,14,4,37
1.0,3,14,5,37
1.0,3,14,6,37
1.0,3,14,7,37
1.0,3,14,8,38
1.0,3,14,9,38
1.0,3,14,10,38
1.0,3,14,11,38
1.0,3,14,12,38
1.0,3,14,13,38
1.0,3,14,14,38
1.0,3,14,15,38
1.0,3,15,0,37
1.0,3,15,1,37
1.0,3,15,2,37
1.0,3,15,3,37
1.0,3,15,4,37
1.0,3,15,5,37
1.0,3,15,6,37
1.0,3,15,7,38
1.0,3,15,8,38
1.0,3,15,9,38
1.0,3,15,10,38
1.0,3,15,11,38
1.0,3,15,12,38
1.0,3,15,13,38
1.0,3,15,14,38
1.0,3,15,15,38
1.0,4,0,0,35
1.0,4,0,1,35
1.0,4,0,2,35
1.0,4,0,3,35
1.0,4,0,4,36
1.0,4,0,5,36
1.0,4,0,6,36
1.0,4,0,7,36
1.0,4,0,8,36
1.0,4,0,9,36
1.0,4,0,10,36
1.0,4,0,11,36
1.0,4,0,12,36
1.0,4,0,13,37
1.0,4,0,14,37
1.0,4,0,15,37
1.0,4,1,0,35
1.0,4,1,1,35
1.0,4,1,2,35
1.0,4,1,3,36
1.0,4,1,4,36
1.0,4,1,5,36
1.0,4,1,6,36
1.0,4,1,7,36
1.0,4,1,8,36
1.0,4,1,9,36
1.0,4,1,10,36
1.0,4,1,11,36
1.0,4,1,12,37
1.0,4,1,13,37
1.0,4,1,14,37
1.0,4,1,15,37
1.0,4,2,0,35
1.0,4,2,1,35
1.0,4,2,2,36
1.0,4,2,3,36
1.0,4,2,4,36
1.0,4,2,5,36
1.0,4,2,6,36
1.0,4,2,7,36
1.0,4,2,8,36
1.0,4,2,9,36
1.0,4,2,10,36
1.0,4,2,11,37
1.0,4,2,12,37
1.0,4,2,13,37
1.0,4,2,14,37
1.0,4,2,15,37
1.0,4,3,0,35
1.0,4,3,1,36
1.0,4,3,2,36
1.0,4,3,3,36
1.0,4,3,4,36
1.0,4,3,5,36
1.0,4,3,6,36
1.0,4,3,7,36
1.0,4,3,8,36
1.0,4,3,9,36
1.0,4,3,10,37
1.0,4,3,11,37
1.0,4,3,12,37
1.0,4,3,13,37
1.0,4,3,14,37
1.0,4,3,15,37
1.0,4,4,0,36
1.0,4,4,1,36
1.0,4,4,2,36
1.0,4,4,3,36
1.0,4,4,4,36
1.0,4,4,5,36
1.0,4,4,6,36
1.0,4,4,7,36
1.0,4,4,8,36
1.0,4,4,9,37
1.0,4,4,10,37
1.0,4,4,11,37
1.0,4,4,12,37
1.0,4,4,13,37
1.0,4,4,14,37
1.0,4,4,15,37
1.0,4,5,0,36
1.0,4,5,1,36
1.0,4,5,2,36
1.0,4,5,3,36
1.0,4,5,4,36
1.0,4,5,5,36
1.0,4,5,6,36
1.0,4,5,7,36
1.0,4,5,8,37
1.0,4,5,9,37
1.0,4,5,10,37
1.0,4,5,11,37
1.0,4,5,12,37
1.0,4,5,13,37
1.0,4,5,14,37
1.0,4,5,15,37
1.0,4,6,0,36
1.0,4,6,1,36
1.0,4,6,2,36
1.0,4,6,3,36
1.0,4,6,4,36
1.0,4,6,5,36
1.0,4,6,6,36
1.0,4,6,7,37
1.0,4,6,8,37
1.0,4,6,9,37
1.0,4,6,10,37
1.0,4,6,11,37
1.0,4,6,12,37
1.0,4,6,13,37
1.0,4,6,14,37
1.0,4,6,15,38
1.0,4,7,0,36
1.0,4,7,1,36
1.0,4,7,2,36
1.0,4,7,3,36
1.0,4,7,4,36
1.0,4,7,5,36
1.0,4,7,6,37
1.0,4,7,7,37
1.0,4,7,8,37
1.0,4,7,9,37
1.0,4,7,10,37
1.0,4,7,11,37
1.0,4,7,12,37
1.0,4,7,13,37
1.0,4,7,14,38
1.0,4,7,15,38
1.0,4,8,0,36
1.0,4,8,1,36
1.0,4,8,2,36
1.0,4,8,3,36
1.0,4,8,4,36
1.0,4,8,5,37
1.0,4,8,6,37
1.0,4,8,7,37
1.0,4,8,8,37
1.0,4,8,9,37
1.0,4,8,10,37
1.0,4,8,11,37
1.0,4,8,12,37
1.0,4,8,13,38
1.0,4,8,14,38
1.0,4,8,15,38
1.0,4,9,0,36
1.0,4,9,1,36
1.0,4,9,2,36
1.0,4,9,3,36
1.0,4,9,4,37
1.0,4,9,5,37
1.0,4,9,6,37
1.0,4,9,7,37
1.0,4,9,8,37
1.0,4,9,9,37
1.0,4,9,10,37
1.0,4,9,11,37
1.0,4,9,12,38
1.0,4,9,13,38
1.0,4,9,14,38
1.0,4,9,15,38
1.0,4,10,0,36
1.0,4,10,1,36
1.0,4,10,2,36
1.0,4,10,3,37
1.0,4,10,4,37
1.0,4,10,5,37
1.0,4,10,6,37
1.0,4,10,7,37
1.0,4,10,8,37
1.0,4,10,9,37
1.0,4,10,10,37
1.0,4,10,11,38
1.0,4,10,12,38
1.0,4,10,13,38
1.0,4,10,14,38
1.0,4,10,15,38
1.0,4,11,0,36
1.0,4,11,1,36
1.0,4,11,2,37
1.0,4,11,3,37
1.0,4,11,4,37
1.0,4,11,5,37
1.0,4,11,6,37
1.0,4,11,7,37
1.0,4,11,8,37
1.0,4,11,9,37
1.0,4,11,10,38
1.0,4,11,11,38
1.0,4,11,12,38
1.0,4,11,13,38
1.0,4,11,14,38
1.0,4,11,15,38
1.0,4,12,0,36
1.0,4,12,1,37
1.0,4,12,2,37
1.0,4,12,3,37
1.0,4,12,4,37
1.0,4,12,5,37
1.0,4,12,6,37
1.0,4,12,7,37
1.0,4,12,8,37
1.0,4,12,9,38
1.0,4,12,10,38
1.0,4,12,11,38
1.0,4,12,12,38
1.0,4,12,13,38
1.0,4,12,14,38
1.0,4,12,15,38
1.0,4,13,0,37
1.0,4,13,1,37
1.0,4,13,2,37
1.0,4,13,3,37
1.0,4,13,4,37
1.0,4,13,5,37
1.0,4,13,6,37
1.0,4,13,7,37
1.0,4,13,8,38
1.0,4,13,9,38
1.0,4,13,10,38
1.0,4,13,11,38
1.0,4,13,12,38
1.0,4,13,13,38
1.0,4,13,14,38
1.0,4,13,15,38
1.0,4,14,0,37
1.0,4,14,1,37
1.0,4,14,2,37
1.0,4,14,3,37
1.0,4,14,4,37
1.0,4,14,5,37
1.0,4,14,6,37
1.0,4,14,7,38
1.0,4,14,8,38
1.0,4,14,9,38
1.0,4,14,10,38
1.0,4,14,11,38
1.0,4,14,12,38
1.0,4,14,13,38
1.0,4,14,14,38
1.0,4,14,15,38
1.0,4,15,0,37
1.0,4,15,1,37
1.0,4,15,2,37
1.0,4,15,3,37
1.0,4,15,4,37
1.0,4,15,5,37
1.0,4,15,6,38
1.0,4,15,7,38
1.0,4,15,8,38
1.0,4,15,9,38
1.0,4,15,10,38
1.0,4,15,11,38
1.0,4,15,12,38
1.0,4,15,13,38
1.0,4,15,14,38
1.0,4,15,15,39
1.0,5,0,0,35
1.0,5,0,1,35
1.0,5,0,2,35
1.0,5,0,3,36
1.0,5,0,4,36
1.0,5,0,5,36
1.0,5,0,6,36
1.0,5,0,7,36
1.0,5,0,8,36
1.0,5,0,9,36
1.0,5,0,10,36
1.0,5,0,11,36
1.0,5,0,12,37
1.0,5,0,13,37
1.0,5,0,14,37
1.0,5,0,15,37
1.0,5,1,0,35
1.0,5,1,1,35
1.0,5,1,2,36
1.0,5,1,3,36
1.0,5,1,4,36
1.0,5,1,5,36
1.0,5,1,6,36
1.0,5,1,7,36
1.0,5,1,8,36
1.0,5,1,9,36
1.0,5,1,10,36
1.0,5,1,11,37
1.0,5,1,12,37
1.0,5,1,13,37
1.0,5,1,14,37
1.0,5,1,15,37
1.0,5,2,0,35
1.0,5,2,1,36
1.0,5,2,2,36
1.0,5,2,3,36
1.0,5,2,4,36
1.0,5,2,5,36
1.0,5,2,6,36
1.0,5,2,7,36
1.0,5,2,8,36
1.0,5,2,9,36
1.0,5,2,10,37
1.0,5,2,11,37
1.0,5,2,12,37
1.0,5,2,13,37
1.0,5,2,14,37
1.0,5,2,15,37
1.0,5,3,0,36
1.0,5,3,1,36
1.0,5,3,2,36
1.0,5,3,3,36
1.0,5,3,4,36
1.0,5,3,5,36
1.0,5,3,6,36
1.0,5,3,7,36
1.0,5,3,8,36
1.0,5,3,9,37
1.0,5,3,10,37
1.0,5,3,11,37
1.0,5,3,12,37
1.0,5,3,13,37
1.0,5,3,14,37
1.0,5,3,15,37
1.0,5,4,0,36
1.0,5,4,1,36
1.0,5,4,2,36
1.0,5,4,3,36
1.0,5,4,4,36
1.0,5,4,5,36
1.0,5,4,6,36
1.0,5,4,7,37
1.0,5,4,8,37
1.0,5,4,9,37
1.0,5,4,10,37
1.0,5,4,11,37
1.0,5,4,12,37
1.0,5,4,13,37
1.0,5,4,14,37
1.0,5,4,15,37
1.0,5,5,0,36
1.0,5,5,1,36
1.0,5,5,2,36
1.0,5,5,3,36
1.0,5,5,4,36
1.0,5,5,5,36
1.0,5,5,6,37
1.0,5,5,7,37
1.0,5,5,8,37
1.0,5,5,9,37
1.0,5,5,10,37
1.0,5,5,11,37
1.0,5,5,12,37
1.0,5,5,13,37
1.0,5,5,14,37
1.0,5,5,15,38
1.0,5,6,0,36
1.0,5,6,1,36
1.0,5,6,2,36
1.0,5,6,3,36
1.0,5,6,4,36
1.0,5,6,5,37
1.0,5,6,6,37
1.0,5,6,7,37
1.0,5,6,8,37
1.0,5,6,9,37
1.0,5,6,10,37
1.0,5,6,11,37
1.0,5,6,12,37
1.0,5,6,13,37
1.0,5,6,14,38
1.0,5,6,15,38
1.0,5,7,0,36
1.0,5,7,1,36
1.0,5,7,2,36
1.0,5,7,3,36
1.0,5,7,4,37
1.0,5,7,5,37
1.0,5,7,6,37
1.0,5,7,7,37
1.0,5,7,8,37
1.0,5,7,9,37
1.0,5,7,10,37
1.0,5,7,11,37
1.0,5,7,12,37
1.0,5,7,13,38
1.0,5,7,14,38
1.0,5,7,15,38
1.0,5,8,0,36
1.0,5,8,1,36
1.0,5,8,2,36
1.0,5,8,3,37
1.0,5,8,4,37
1.0,5,8,5,37
1.0,5,8,6,37
1.0,5,8,7,37
1.0,5,8,8,37
1.0,5,8,9,37
1.0,5,8,10,37
1.0,5,8,11,37
1.0,5,8,12,38
1.0,5,8,13,38
1.0,5,8,14,38
1.0,5,8,15,38
1.0,5,9,0,36
1.0,5,9,1,36
1.0,5,9,2,37
1.0,5,9,3,37
1.0,5,9,4,37
1.0,5,9,5,37
1.0,5,9,6,37
1.0,5,9,7,37
1.0,5,9,8,37
1.0,5,9,9,37
1.0,5,9,10,37
1.0,5,9,11,38
1.0,5,9,12,38
1.0,5,9,13,38
1.0,5,9,14,38
1.0,5,9,15,38
1.0,5,10,0,36
1.0,5,10,1,37
1.0,5,10,2,37
1.0,5,10,3,37
1.0,5,10,4,37
1.0,5,10,5,37
1.0,5,10,6,37
1.0,5,10,7,37
1.0,5,10,8,37
1.0,5,10,9,37
1.0,5,10,10,38
1.0,5,10,11,38
1.0,5,10,12,38
1.0,5,10,13,38
1.0,5,10,14,38
1.0,5,10,15,38
1.0,5,11,0,37
1.0,5,11,1,37
1.0,5,11,2,37
1.0,5,11,3,37
1.0,5,11,4,37
1.0,5,11,5,37
1.0,5,11,6,37
1.0,5,11,7,37
1.0,5,11,8,37
1.0,5,11,9,38
1.0,5,11,10,38
1.0,5,11,11,38
1.0,5,11,12,38
1.0,5,11,13,38
1.0,5,11,14,38
1.0,5,11,15,38
1.0,5,12,0,37
1.0,5,12,1,37
1.0,5,12,2,37
1.0,5,12,3,37
1.0,5,12,4,37
1.0,5,12,5,37
1.0,5,12,6,37
1.0,5,12,7,37
1.0,5,12,8,38
1.0,5,12,9,38
1.0,5,12,10,38
1.0,5,12,11,38
1.0,5,12,12,38
1.0,5,12,13,38
1.0,5,12,14,38
1.0,5,12,15,38
1.0,5,13,0,37
1.0,5,13,1,37
1.0,5,13,2,37
1.0,5,13,3,37
1.0,5,13,4,37
1.0,5,13,5,37
1.0,5,13,6,37
1.0,5,13,7,38
1.0,5,13,8,38
1.0,5,13,9,38
1.0,5,13,10,38
1.0,5,13,11,38
1.0,5,13,12,38
1.0,5,13,13,38
1.0,5,13,14,38
1.0,5,13,15,39
1.0,5,14,0,37
1.0,5,14,1,37
1.0,5,14,2,37
1.0,5,14,3,37
1.0,5,14,4,37
1.0,5,14,5,37
1.0,5,14,6,38
1.0,5,14,7,38
1.0,5,14,8,38
1.0,5,14,9,38
1.0,5,14,10,38
1.0,5,14,11,38
1.0,5,14,12,38
1.0,5,14,13,38
1.0,5,14,14,39
1.0,5,14,15,39
1.0,5,15,0,37
1.0,5,15,1,37
1.0,5,15,2,37
1.0,5,15,3,37
1.0,5,15,4,37
1.0,5,15,5,38
1.0,5,15,6,38
1.0,5,15,7,38
1.0,5,15,8,38
1.0,5,15,9,38
1.0,5,15,10,38
1.0,5,15,11,38
1.0,5,15,12,38
1.0,5,15,13,39
1.0,5,15,14,39
1.0,5,15,15,39
1.0,6,0,0,35
1.0,6,0,1,35
1.0,6,0,2,36
1.0,6,0,3,36
1.0,6,0,4,36
1.0,6,0,5,36
1.0,6,0,6,36
1.0,6,0,7,36
1.0,6,0,8,36
1.0,6,0,9,36
1.0,6,0,10,36
1.0,6,0,11,37
1.0,6,0,12,37
1.0,6,0,13,37
1.0,6,0,14,37
1.0,6,0,15,37
1.0,6,1,0,35
1.0,6,1,1,36
1.0,6,1,2,36
1.0,6,1,3,36
1.0,6,1,4,36
1.0,6,1,5,36
1.0,6,1,6,36
1.0,6,1,7,36
1.0,6,1,8,36
1.0,6,1,9,37
1.0,6,1,10,37
1.0,6,1,11,37
1.0,6,1,12,37
1.0,6,1,13,37
1.0,6,1,14,37
1.0,6,1,15,37
1.0,6,2,0,36
1.0,6,2,1,36
1.0,6,2,2,36
1.0,6,2,3,36
1.0,6,2,4,36
1.0,6,2,5,36
1.0,6,2,6,36
1.0,6,2,7,36
1.0,6,2,8,37
1.0,6,2,9,37
1.0,6,2,10,37
1.0,6,2,11,37
1.0,6,2,12,37
1.0,6,2,13,37
1.0,6,2,14,37
1.0,6,2,15,37
1.0,6,3,0,36
1.0,6,3,1,36
1.0,6,3,2,36
1.0,6,3,3,36
1.0,6,3,4,36
1.0,6,3,5,36
1.0,6,3,6,36
1.0,6,3,7,37
1.0,6,3,8,37
1.0,6,3,9,37
1.0,6,3,10,37
1.0,6,3,11,37
1.0,6,3,12,37
1.0,6,3,13,37
1.0,6,3,14,37
1.0,6,3,15,37
1.0,6,4,0,36
1.0,6,4,1,36
1.0,6,4,2,36
1.0,6,4,3,36
1.0,6,4,4,36
1.0,6,4,5,36
1.0,6,4,6,37
1.0,6,4,7,37
1.0,6,4,8,37
1.0,6,4,9,37
1.0,6,4,10,37
1.0,6,4,11,37
1.0,6,4,12,37
1.0,6,4,13,37
1.0,6,4,14,37
1.0,6,4,15,38
1.0,6,5,0,36
1.0,6,5,1,36
1.0,6,5,2,36
1.0,6,5,3,36
1.0,6,5,4,36
1.0,6,5,5,37
1.0,6,5,6,37
1.0,6,5,7,37
1.0,6,5,8,37
1.0,6,5,9,37
1.0,6,5,10,37
1.0,6,5,11,37
1.0,6,5,12,37
1.0,6,5,13,37
1.0,6,5,14,38
1.0,6,5,15,38
1.0,6,6,0,36
1.0,6,6,1,36
1.0,6,6,2,36
1.0,6,6,3,36
1.0,6,6,4,37
1.0,6,6,5,37
1.0,6,6,6,37
1.0,6,6,7,37
1.0,6,6,8,37
1.0,6,6,9,37
1.0,6,6,10,37
1.0,6,6,11,37
1.0,6,6,12,37
1.0,6,6,13,38
1.0,6,6,14,38
1.0,6,6,15,38
1.0,6,7,0,36
1.0,6,7,1,36
1.0,6,7,2,36
1.0,6,7,3,37
1.0,6,7,4,37
1.0,6,7,5,37
1.0,6,7,6,37
1.0,6,7,7,37
1.0,6,7,8,37
1.0,6,7,9,37
1.0,6,7,10,37
1.0,6,7,11,37
1.0,6,7,12,38
1.0,6,7,13,38
1.0,6,7,14,38
1.0,6,7,15,38
1.0,6,8,0,36
1.0,6,8,1,36
1.0,6,8,2,37
1.0,6,8,3,37
1.0,6,8,4,37
1.0,6,8,5,37
1.0,6,8,6,37
1.0,6,8,7,37
1.0,6,8,8,37
1.0,6,8,9,37
1.0,6,8,10,37
1.0,6,8,11,38
1.0,6,8,12,38
1.0,6,8,13,38
1.0,6,8,14,38
1.0,6,8,15,38
1.0,6,9,0,36
1.0,6,9,1,37
1.0,6,9,2,37
1.0,6,9,3,37
1.0,6,9,4,37
1.0,6,9,5,37
1.0,6,9,6,37
1.0,6,9,7,37
1.0,6,9,8,37
1.0,6,9,9,37
1.0,6,9,10,38
1.0,6,9,11,38
1.0,6,9,12,38
1.0,6,9,13,38
1.0,6,9,14,38
1.0,6,9,15,38
1.0,6,10,0,37
1.0,6,10,1,37
1.0,6,10,2,37
1.0,6,10,3,37
1.0,6,10,4,37
1.0,6,10,5,37
1.0,6,10,6,37
1.0,6,10,7,37
1.0,6,10,8,37
1.0,6,10,9,38
1.0,6,10,10,38
1.0,6,10,11,38
1.0,6,10,12,38
1.0,6,10,13,38
1.0,6,10,14,38
1.0,6,10,15,38
1.0,6,11,0,37
1.0,6,11,1,37
1.0,6,11,2,37
1.0,6,11,3,37
1.0,6,11,4,37
1.0,6,11,5,37
1.0,6,11,6,37
1.0,6,11,7,37
1.0,6,11,8,38
1.0,6,11,9,38
1.0,6,11,10,38
1.0,6,11,11,38
1.0,6,11,12,38
1.0,6,11,13,38
1.0,6,11,14,38
1.0,6,11,15,38
1.0,6,12,0,37
1.0,6,12,1,37
1.0,6,12,2,37
1.0,6,12,3,37
1.0,6,12,4,37
1.0,6,12,5,37
1.0,6,12,6,37
1.0,6,12,7,38
1.0,6,12,8,38
1.0,6,12,9,38
1.0,6,12,10,38
1.0,6,12,11,38
1.0,6,12,12,38
1.0,6,12,13,38
1.0,6,12,14,38
1.0,6,12,15,39
1.0,6,13,0,37
1.0,6,13,1,37
1.0,6,13,2,37
1.0,6,13,3,37
1.0,6,13,4,37
1.0,6,13,5,37
1.0,6,13,6,38
1.0,6,13,7,38
1.0,6,13,8,38
1.0,6,13,9,38
1.0,6,13,10,38
1.0,6,13,11,38
1.0,6,13,12,38
1.0,6,13,13,38
1.0,6,13,14,39
1.0,6,13,15,39
1.0,6,14,0,37
1.0,6,14,1,37
1.0,6,14,2,37
1.0,6,14,3,37
1.0,6,14,4,37
1.0,6,14,5,38
1.0,6,14,6,38
1.0,6,14,7,38
1.0,6,14,8,38
1.0,6,14,9,38
1.0,6,14,10,38
1.0,6,14,11,38
1.0,6,14,12,38
1.0,6,14,13,39
1.0,6,14,14,39
1.0,6,14,15,39
1.0,6,15,0,37
1.0,6,15,1,37
1.0,6,15,2,37
1.0,6,15,3,37
1.0,6,15,4,38
1.0,6,15,5,38
1.0,6,15,6,38
1.0,6,15,7,38
1.0,6,15,8,38
1.0,6,15,9,38
1.0,6,15,10,38
1.0,6,15,11,38
1.0,6,15,12,39
1.0,6,15,13,39
1.0,6,15,14,39
1.0,6,15,15,39
1.0,7,0,0,35
1.0,7,0,1,36
1.0,7,0,2,36
1.0,7,0,3,36
1.0,7,0,4,36
1.0,7,0,5,36
1.0,7,0,6,36
1.0,7,0,7,36
1.0,7,0,8,36
1.0,7,0,9,37
1.0,7,0,10,37
1.0,7,0,11,37
1.0,7,0,12,37
1.0,7,0,13,37
1.0,7,0,14,37
1.0,7,0,15,37
1.0,7,1,0,36
1.0,7,1,1,36
1.0,7,1,2,36
1.0,7,1,3,36
1.0,7,1,4,36
1.0,7,1,5,36
1.0,7,1,6,36
1.0,7,1,7,36
1.0,7,1,8,37
1.0,7,1,9,37
1.0,7,1,10,37
1.0,7,1,11,37
1.0,7,1,12,37
1.0,7,1,13,37
1.0,7,1,14,37
1.0,7,1,15,37
1.0,7,2,0,36
1.0,7,2,1,36
1.0,7,2,2,36
1.0,7,2,3,36
1.0,7,2,4,36
1.0,7,2,5,36
1.0,7,2,6,36
1.0,7,2,7,37
1.0,7,2,8,37
1.0,7,2,9,37
1.0,7,2,10,37
1.0,7,2,11,37
1.0,7,2,12,37
1.0,7,2,13,37
1.0,7,2,14,37
1.0,7,2,15,37
1.0,7,3,0,36
1.0,7,3,1,36
1.0,7,3,2,36
1.0,7,3,3,36
1.0,7,3,4,36
1.0,7,3,5,36
1.0,7,3,6,37
1.0,7,3,7,37
1.0,7,3,8,37
1.0,7,3,9,37
1.0,7,3,10,37
1.0,7,3,11,37
1.0,7,3,12,37
1.0,7,3,13,37
1.0,7,3,14,37
1.0,7,3,15,38
1.0,7,4,0,36
1.0,7,4,1,36
1.0,7,4,2,36
1.0,7,4,3,36
1.0,7,4,4,36
1.0,7,4,5,37
1.0,7,4,6,37
1.0,7,4,7,37
1.0,7,4,8,37
1.0,7,4,9,37
1.0,7,4,10,37
1.0,7,4,11,37
1.0,7,4,12,37
1.0,7,4,13,37
1.0,7,4,14,38
1.0,7,4,15,38
1.0,7,5,0,36
1.0,7,5,1,36
1.0,7,5,2,36
1.0,7,5,3,36
1.0,7,5,4,37
1.0,7,5,5,37
1.0,7,5,6,37
1.0,7,5,7,37
1.0,7,5,8,37
1.0,7,5,9,37
1.0,7,5,10,37
1.0,7,5,11,37
1.0,7,5,12,37
1.0,7,5,13,38
1.0,7,5,14,38
1.0,7,5,15,38
1.0,7,6,0,36
1.0,7,6,1,36
1.0,7,6,2,36
1.0,7,6,3,37
1.0,7,6,4,37
1.0,7,6,5,37
1.0,7,6,6,37
1.0,7,6,7,37
1.0,7,6,8,37
1.0,7,6,9,37
1.0,7,6,10,37
1.0,7,6,11,37
1.0,7,6,12,38
1.0,7,6,13,38
1.0,7,6,14,38
1.0,7,6,15,38
1.0,7,7,0,36
1.0,7,7,1,36
1.0,7,7,2,37
1.0,7,7,3,37
1.0,7,7,4,37
1.0,7,7,5,37
1.0,7,7,6,37
1.0,7,7,7,37
1.0,7,7,8,37
1.0,7,7,9,37
1.0,7,7,10,37
1.0,7,7,11,38
1.0,7,7,12,38
1.0,7,7,13,38
1.0,7,7,14,38
1.0,7,7,15,38
1.0,7,8,0,36
1.0,7,8,1,37
1.0,7,8,2,37
1.0,7,8,3,37
1.0,7,8,4,37
1.0,7,8,5,37
1.0,7,8,6,37
1.0,7,8,7,37
1.0,7,8,8,37
1.0,7,8,9,37
1.0,7,8,10,38
1.0,7,8,11,38
1.0,7,8,12,38
1.0,7,8,13,38
1.0,7,8,14,38
1.0,7,8,15,38
1.0,7,9,0,37
1.0,7,9,1,37
1.0,7,9,2,37
1.0,7,9,3,37
1.0,7,9,4,37
1.0,7,9,5,37
1.0,7,9,6,37
1.0,7,9,7,37
1.0,7,9,8,38
1.0,7,9,9,38
1.0,7,9,10,38
1.0,7,9,11,38
1.0,7,9,12,38
1.0,7,9,13,38
1.0,7,9,14,38
1.0,7,9,15,38
1.0,7,10,0,37
1.0,7,10,1,37
1.0,7,10,2,37
1.0,7,10,3,37
1.0,7,10,4,37
1.0,7,10,5,37
1.0,7,10,6,37
1.0,7,10,7,38
1.0,7,10,8,38
1.0,7,10,9,38
1.0,7,10,10,38
1.0,7,10,11,38
1.0,7,10,12,38
1.0,7,10,13,38
1.0,7,10,14,38
1.0,7,10,15,38
1.0,7,11,0,37
1.0,7,11,1,37
1.0,7,11,2,37
1.0,7,11,3,37
1.0,7,11,4,37
1.0,7,11,5,37
1.0,7,11,6,38
1.0,7,11,7,38
1.0,7,11,8,38
1.0,7,11,9,38
1.0,7,11,10,38
1.0,7,11,11,38
1.0,7,11,12,38
1.0,7,11,13,38
1.0,7,11,14,38
1.0,7,11,15,39
1.0,7,12,0,37
1.0,7,12,1,37
1.0,7,12,2,37
1.0,7,12,3,37
1.0,7,12,4,37
1.0,7,12,5,38
1.0,7,12,6,38
1.0,7,12,7,38
1.0,7,12,8,38
1.0,7,12,9,38
1.0,7,12,10,38
1.0,7,12,11,38
1.0,7,12,12,38
1.0,7,12,13,38
1.0,7,12,14,39
1.0,7,12,15,39
1.0,7,13,0,37
1.0,7,13,1,37
1.0,7,13,2,37
1.0,7,13,3,37
1.0,7,13,4,38
1.0,7,13,5,38
1.0,7,13,6,38
1.0,7,13,7,38
1.0,7,13,8,38
1.0,7,13,9,38
1.0,7,13,10,38
1.0,7,13,11,38
1.0,7,13,12,38
1.0,7,13,13,39
1.0,7,13,14,39
1.0,7,13,15,39
1.0,7,14,0,37
1.0,7,14,1,37
1.0,7,14,2,37
1.0,7,14,3,38
1.0,7,14,4,38
1.0,7,14,5,38
1.0,7,14,6,38
1.0,7,14,7,38
1.0,7,14,8,38
1.0,7,14,9,38
1.0,7,14,10,38
1.0,7,14,11,38
1.0,7,14,12,39
1.0,7,14,13,39
1.0,7,14,14,39
1.0,7,14,15,39
1.0,7,15,0,37
1.0,7,15,1,37
1.0,7,15,2,37
1.0,7,15,3,38
1.0,7,15,4,38
1.0,7,15,5,38
1.0,7,15,6,38
1.0,7,15,7,38
1.0,7,15,8,38
1.0,7,15,9,38
1.0,7,15,10,38
1.0,7,15,11,39
1.0,7,15,12,39
1.0,7,15,13,39
1.0,7,15,14,39
1.0,7,15,15,39
1.0,8,0,0,36
1.0,8,0,1,36
1.0,8,0,2,36
1.0,8,0,3,36
1.0,8,0,4,36
1.0,8,0,5,36
1.0,8,0,6,36
1.0,8,0,7,36
1.0,8,0,8,37
1.0,8,0,9,37
1.0,8,0,10,37
1.0,8,0,11,37
1.0,8,0,12,37
1.0,8,0,13,37
1.0,8,0,14,37
1.0,8,0,15,37
1.0,8,1,0,36
1.0,8,1,1,36
1.0,8,1,2,36
1.0,8,1,3,36
1.0,8,1,4,36
1.0,8,1,5,36
1.0,8,1,6,36
1.0,8,1,7,37
1.0,8,1,8,37
1.0,8,1,9,37
1.0,8,1,10,37
1.0,8,1,11,37
1.0,8,1,12,37
1.0,8,1,13,37
1.0,8,1,14,37
1.0,8,1,15,37
1.0,8,2,0,36
1.0,8,2,1,36
1.0,8,2,2,36
1.0,8,2,3,36
1.0,8,2,4,36
1.0,8,2,5,36
1.0,8,2,6,37
1.0,8,2,7,37
1.0,8,2,8,37
1.0,8,2,9,37
1.0,8,2,10,37
1.0,8,2,11,37
1.0,8,2,12,37
1.0,8,2,13,37
1.0,8,2,14,37
1.0,8,2,15,38
1.0,8,3,0,36
1.0,8,3,1,36
1.0,8,3,2,36
1.0,8,3,3,36
1.0,8,3,4,36
1.0,8,3,5,37
1.0,8,3,6,37
1.0,8,3,7,37
1.0,8,3,8,37
1.0,8,3,9,37
1.0,8,3,10,37
1.0,8,3,11,37
1.0,8,3,12,37
1.0,8,3,13,37
1.0,8,3,14,38
1.0,8,3,15,38
1.0,8,4,0,36
1.0,8,4,1,36
1.0,8,4,2,36
1.0,8,4,3,36
1.0,8,4,4,37
1.0,8,4,5,37
1.0,8,4,6,37
1.0,8,4,7,37
1.0,8,4,8,37
1.0,8,4,9,37
1.0,8,4,10,37
1.0,8,4,11,37
1.0,8,4,12,37
1.0,8,4,13,38
1.0,8,4,14,38
1.0,8,4,15,38
1.0,8,5,0,36
1.0,8,5,1,36
1.0,8,5,2,36
1.0,8,5,3,37
1.0,8,5,4,37
1.0,8,5,5,37
1.0,8,5,6,37
1.0,8,5,7,37
1.0,8,5,8,37
1.0,8,5,9,37
1.0,8,5,10,37
1.0,8,5,11,38
1.0,8,5,12,38
1.0,8,5,13,38
1.0,8,5,14,38
1.0,8,5,15,38
1.0,8,6,0,36
1.0,8,6,1,36
1.0,8,6,2,37
1.0,8,6,3,37
1.0,8,6,4,37
1.0,8,6,5,37
1.0,8,6,6,37
1.0,8,6,7,37
1.0,8,6,8,37
1.0,8,6,9,37
1.0,8,6,10,38
1.0,8,6,11,38
1.0,8,6,12,38
1.0,8,6,13,38
1.0,8,6,14,38
1.0,8,6,15,38
1.0,8,7,0,36
1.0,8,7,1,37
1.0,8,7,2,37
1.0,8,7,3,37
1.0,8,7,4,37
1.0,8,7,5,37
1.0,8,7,6,37
1.0,8,7,7,37
1.0,8,7,8,37
1.0,8,7,9,38
1.0,8,7,10,38
1.0,8,7,11,38
1.0,8,7,12,38
1.0,8,7,13,38
1.0,8,7,14,38
1.0,8,7,15,38
1.0,8,8,0,37
1.0,8,8,1,37
1.0,8,8,2,37
1.0,8,8,3,37
1.0,8,8,4,37
1.0,8,8,5,37
1.0,8,8,6,37
1.0,8,8,7,37
1.0,8,8,8,38
1.0,8,8,9,38
1.0,8,8,10,38
1.0,8,8,11,38
1.0,8,8,12,38
1.0,8,8,13,38
1.0,8,8,14,38
1.0,8,8,15,38
1.0,8,9,0,37
1.0,8,9,1,37
1.0,8,9,2,37
1.0,8,9,3,37
1.0,8,9,4,37
1.0,8,9,5,37
1.0,8,9,6,37
1.0,8,9,7,38
1.0,8,9,8,38
1.0,8,9,9,38
1.0,8,9,10,38
1.0,8,9,11,38
1.0,8,9,12,38
1.0,8,9,13,38
1.0,8,9,14,38
1.0,8,9,15,38
1.0,8,10,0,37
1.0,8,10,1,37
1.0,8,10,2,37
1.0,8,10,3,37
1.0,8,10,4,37
1.0,8,10,5,37
1.0,8,10,6,38
1.0,8,10,7,38
1.0,8,10,8,38
1.0,8,10,9,38
1.0,8,10,10,38
1.0,8,10,11,38
1.0,8,10,12,38
1.0,8,10,13,38
1.0,8,10,14,38
1.0,8,10,15,39
1.0,8,11,0,37
1.0,8,11,1,37
1.0,8,11,2,37
1.0,8,11,3,37
1.0,8,11,4,37
1.0,8,11,5,38
1.0,8,11,6,38
1.0,8,11,7,38
1.0,8,11,8,38
1.0,8,11,9,38
1.0,8,11,10,38
1.0,8,11,11,38
1.0,8,11,12,38
1.0,8,11,13,38
1.0,8,11,14,39
1.0,8,11,15,39
1.0,8,12,0,37
1.0,8,12,1,37
1.0,8,12,2,37
1.0,8,12,3,37
1.0,8,12,4,38
1.0,8,12,5,38
1.0,8,12,6,38
1.0,8,12,7,38
1.0,8,12,8,38
1.0,8,12,9,38
1.0,8,12,10,38
1.0,8,12,11,38
1.0,8,12,12,38
1.0,8,12,13,39
1.0,8,12,14,39
1.0,8,12,15,39
1.0,8,13,0,37
1.0,8,13,1,37
1.0,8,13,2,37
1.0,8,13,3,38
1.0,8,13,4,38
1.0,8,13,5,38
1.0,8,13,6,38
1.0,8,13,7,38
1.0,8,13,8,38
1.0,8,13,9,38
1.0,8,13,10,38
1.0,8,13,11,38
1.0,8,13,12,39
1.0,8,13,13,39
1.0,8,13,14,39
1.0,8,13,15,39
1.0,8,14,0,37
1.0,8,14,1,37
1.0,8,14,2,38
1.0,8,14,3,38
1.0,8,14,4,38
1.0,8,14,5,38
1.0,8,14,6,38
1.0,8,14,7,38
1.0,8,14,8,38
1.0,8,14,9,38
1.0,8,14,10,38
1.0,8,14,11,39
1.0,8,14,12,39
1.0,8,14,13,39
1.0,8,14,14,39
1.0,8,14,15,39
1.0,8,15,0,37
1.0,8,15,1,38
1.0,8,15,2,38
1.0,8,15,3,38
1.0,8,15,4,38
1.0,8,15,5,38
1.0,8,15,6,38
1.0,8,15,7,38
1.0,8,15,8,38
1.0,8,15,9,38
1.0,8,15,10,39
1.0,8,15,11,39
1.0,8,15,12,39
1.0,8,15,13,39
1.0,8,15,14,39
1.0,8,15,15,39
1.0,9,0,0,36
1.0,9,0,1,36
1.0,9,0,2,36
1.0,9,0,3,36
1.0,9,0,4,36
1.0,9,0,5,36
1.0,9,0,6,36
1.0,9,0,7,37
1.0,9,0,8,37
1.0,9,0,9,37
1.0,9,0,10,37
1.0,9,0,11,37
1.0,9,0,12,37
1.0,9,0,13,37
1.0,9,0,14,37
1.0,9,0,15,37
1.0,9,1,0,36
1.0,9,1,1,36
1.0,9,1,2,36
1.0,9,1,3,36
1.0,9,1,4,36
1.0,9,1,5,36
1.0,9,1,6,37
1.0,9,1,7,37
1.0,9,1,8,37
1.0,9,1,9,37
1.0,9,1,10,37
1.0,9,1,11,37
1.0,9,1,12,37
1.0,9,1,13,37
1.0,9,1,14,37
1.0,9,1,15,38
1.0,9,2,0,36
1.0,9,2,1,36
1.0,9,2,2,36
1.0,9,2,3,36
1.0,9,2,4,36
1.0,9,2,5,37
1.0,9,2,6,37
1.0,9,2,7,37
1.0,9,2,8,37
1.0,9,2,9,37
1.0,9,2,10,37
1.0,9,2,11,37
1.0,9,2,12,37
1.0,9,2,13,37
1.0,9,2,14,38
1.0,9,2,15,38
1.0,9,3,0,36
1.0,9,3,1,36
1.0,9,3,2,36
1.0,9,3,3,36
1.0,9,3,4,37
1.0,9,3,5,37
1.0,9,3,6,37
1.0,9,3,7,37
1.0,9,3,8,37
1.0,9,3,9,37
1.0,9,3,10,37
1.0,9,3,11,37
1.0,9,3,12,38
1.0,9,3,13,38
1.0,9,3,14,38
1.0,9,3,15,38
1.0,9,4,0,36
1.0,9,4,1,36
1.0,9,4,2,36
1.0,9,4,3,37
1.0,9,4,4,37
1.0,9,4,5,37
1.0,9,4,6,37
1.0,9,4,7,37
1.0,9,4,8,37
1.0,9,4,9,37
1.0,9,4,10,37
1.0,9,4,11,38
1.0,9,4,12,38
1.0,9,4,13,38
1.0,9,4,14,38
1.0,9,4,15,38
1.0,9,5,0,36
1.0,9,5,1,36
1.0,9,5,2,37
1.0,9,5,3,37
1.0,9,5,4,37
1.0,9,5,5,37
1.0,9,5,6,37
1.0,9,5,7,37
1.0,9,5,8,37
1.0,9,5,9,37
1.0,9,5,10,38
1.0,9,5,11,38
1.0,9,5,12,38
1.0,9,5,13,38
1.0,9,5,14,38
1.0,9,5,15,38
1.0,9,6,0,36
1.0,9,6,1,37
1.0,9,6,2,37
1.0,9,6,3,37
1.0,9,6,4,37
1.0,9,6,5,37
1.0,9,6,6,37
1.0,9,6,7,37
1.0,9,6,8,37
1.0,9,6,9,38
1.0,9,6,10,38
1.0,9,6,11,38
1.0,9,6,12,38
1.0,9,6,13,38
1.0,9,6,14,38
1.0,9,6,15,38
1.0,9,7,0,37
1.0,9,7,1,37
1.0,9,7,2,37
1.0,9,7,3,37
1.0,9,7,4,37
1.0,9,7,5,37
1.0,9,7,6,37
1.0,9,7,7,37
1.0,9,7,8,38
1.0,9,7,9,38
1.0,9,7,10,38
1.0,9,7,11,38
1.0,9,7,12,38
1.0,9,7,13,38
1.0,9,7,14,38
1.0,9,7,15,38
1.0,9,8,0,37
1.0,9,8,1,37
1.0,9,8,2,37
1.0,9,8,3,37
1.0,9,8,4,37
1.0,9,8,5,37
1.0,9,8,6,37
1.0,9,8,7,38
1.0,9,8,8,38
1.0,9,8,9,38
1.0,9,8,10,38
1.0,9,8,11,38
1.0,9,8,12,38
1.0,9,8,13,38
1.0,9,8,14,38
1.0,9,8,15,38
1.0,9,9,0,37
1.0,9,9,1,37
1.0,9,9,2,37
1.0,9,9,3,37
1.0,9,9,4,37
1.0,9,9,5,37
1.0,9,9,6,38
1.0,9,9,7,38
1.0,9,9,8,38
1.0,9,9,9,38
1.0,9,9,10,38
1.0,9,9,11,38
1.0,9,9,12,38
1.0,9,9,13,38
1.0,9,9,14,38
1.0,9,9,15,39
1.0,9,10,0,37
1.0,9,10,1,37
1.0,9,10,2,37
1.0,9,10,3,37
1.0,9,10,4,37
1.0,9,10,5,38
1.0,9,10,6,38
1.0,9,10,7,38
1.0,9,10,8,38
1.0,9,10,9,38
1.0,9,10,10,38
1.0,9,10,11,38
1.0,9,10,12,38
1.0,9,10,13,38
1.0,9,10,14,39
1.0,9,10,15,39
1.0,9,11,0,37
1.0,9,11,1,37
1.0,9,11,2,37
1.0,9,11,3,37
1.0,9,11,4,38
1.0,9,11,5,38
1.0,9,11,6,38
1.0,9,11,7,38
1.0,9,11,8,38
1.0,9,11,9,38
1.0,9,11,10,38
1.0,9,11,11,38
1.0,9,11,12,38
1.0,9,11,13,39
1.0,9,11,14,39
1.0,9,11,15,39
1.0,9,12,0,37
1.0,9,12,1,37
1.0,9,12,2,37
1.0,9,12,3,38
1.0,9,12,4,38
1.0,9,12,5,38
1.0,9,12,6,38
1.0,9,12,7,38
1.0,9,12,8,38
1.0,9,12,9,38
1.0,9,12,10,38
1.0,9,12,11,39
1.0,9,12,12,39
1.0,9,12,13,39
1.0,9,12,14,39
1.0,9,12,15,39
1.0,9,13,0,37
1.0,9,13,1,37
1.0,9,13,2,38
1.0,9,13,3,38
1.0,9,13,4,38
1.0,9,13,5,38
1.0,9,13,6,38
1.0,9,13,7,38
1.0,9,13,8,38
1.0,9,13,9,38
1.0,9,13,10,39
1.0,9,13,11,39
1.0,9,13,12,39
1.0,9,13,13,39
1.0,9,13,14,39
1.0,9,13,15,39
1.0,9,14,0,37
1.0,9,14,1,38
1.0,9,14,2,38
1.0,9,14,3,38
1.0,9,14,4,38
1.0,9,14,5,38
1.0,9,14,6,38
1.0,9,14,7,38
1.0,9,14,8,38
1.0,9,14,9,39
1.0,9,14,10,39
1.0,9,14,11,39
1.0,9,14,12,39
1.0,9,14,13,39
1.0,9,14,14,39
1.0,9,14,15,39
1.0,9,15,0,38
1.0,9,15,1,38
1.0,9,15,2,38
1.0,9,15,3,38
1.0,9,15,4,38
1.0,9,15,5,38
1.0,9,15,6,38
1.0,9,15,7,38
1.0,9,15,8,39
1.0,9,15,9,39
1.0,9,15,10,39
1.0,9,15,11,39
1.0,9,15,12,39
1.0,9,15,13,39
1.0,9,15,14,39
1.0,9,15,15,39
1.0,10,0,0,36
1.0,10,0,1,36
1.0,10,0,2,36
1.0,10,0,3,36
1.0,10,0,4,36
1.0,10,0,5,36
1.0,10,0,6,37
1.0,10,0,7,37
1.0,10,0,8,37
1.0,10,0,9,37
1.0,10,0,10,37
1.0,10,0,11,37
1.0,10,0,12,37
1.0,10,0,13,37
1.0,10,0,14,37
1.0,10,0,15,38
1.0,10,1,0,36
1.0,10,1,1,36
1.0,10,1,2,36
1.0,10,1,3,36
1.0,10,1,4,36
1.0,10,1,5,37
1.0,10,1,6,37
1.0,10,1,7,37
1.0,10,1,8,37
1.0,10,1,9,37
1.0,10,1,10,37
1.0,10,1,11,37
1.0,10,1,12,37
1.0,10,1,13,38
1.0,10,1,14,38
1.0,10,1,15,38
1.0,10,2,0,36
1.0,10,2,1,36
1.0,10,2,2,36
1.0,10,2,3,36
1.0,10,2,4,37
1.0,10,2,5,37
1.0,10,2,6,37
1.0,10,2,7,37
1.0,10,2,8,37
1.0,10,2,9,37
1.0,10,2,10,37
1.0,10,2,11,37
1.0,10,2,12,38
1.0,10,2,13,38
1.0,10,2,14,38
1.0,10,2,15,38
1.0,10,3,0,36
1.0,10,3,1,36
1.0,10,3,2,36
1.0,10,3,3,37
1.0,10,3,4,37
1.0,10,3,5,37
1.0,10,3,6,37
1.0,10,3,7,37
1.0,10,3,8,37
1.0,10,3,9,37
1.0,10,3,10,37
1.0,10,3,11,38
1.0,10,3,12,38
1.0,10,3,13,38
1.0,10,3,14,38
1.0,10,3,15,38
1.0,10,4,0,36
1.0,10,4,1,36
1.0,10,4,2,37
1.0,10,4,3,37
1.0,10,4,4,37
1.0,10,4,5,37
1.0,10,4,6,37
1.0,10,4,7,37
1.0,10,4,8,37
1.0,10,4,9,37
1.0,10,4,10,38
1.0,10,4,11,38
1.0,10,4,12,38
1.0,10,4,13,38
1.0,10,4,14,38
1.0,10,4,15,38
1.0,10,5,0,36
1.0,10,5,1,37
1.0,10,5,2,37
1.0,10,5,3,37
1.0,10,5,4,37
1.0,10,5,5,37
1.0,10,5,6,37
1.0,10,5,7,37
1.0,10,5,8,37
1.0,10,5,9,38
1.0,10,5,10,38
1.0,10,5,11,38
1.0,10,5,12,38
1.0,10,5,13,38
1.0,10,5,14,38
1.0,10,5,15,38
1.0,10,6,0,37
1.0,10,6,1,37
1.0,10,6,2,37
1.0,10,6,3,37
1.0,10,6,4,37
1.0,10,6,5,37
1.0,10,6,6,37
1.0,10,6,7,37
1.0,10,6,8,38
1.0,10,6,9,38
1.0,10,6,10,38
1.0,10,6,11,38
1.0,10,6,12,38
1.0,10,6,13,38
1.0,10,6,14,38
1.0,10,6,15,38
1.0,10,7,0,37
1.0,10,7,1,37
1.0,10,7,2,37
1.0,10,7,3,37
1.0,10,7,4,37
1.0,10,7,5,37
1.0,10,7,6,37
1.0,10,7,7,38
1.0,10,7,8,38
1.0,10,7,9,38
1.0,10,7,10,38
1.0,10,7,11,38
1.0,10,7,12,38
1.0,10,7,13,38
1.0,10,7,14,38
1.0,10,7,15,38
1.0,10,8,0,37
1.0,10,8,1,37
1.0,10,8,2,37
1.0,10,8,3,37
1.0,10,8,4,37
1.0,10,8,5,37
1.0,10,8,6,38
1.0,10,8,7,38
1.0,10,8,8,38
1.0,10,8,9,38
1.0,10,8,10,38
1.0,10,8,11,38
1.0,10,8,12,38
1.0,10,8,13,38
1.0,10,8,14,39
1.0,10,8,15,39
1.0,10,9,0,37
1.0,10,9,1,37
1.0,10,9,2,37
1.0,10,9,3,37
1.0,10,9,4,37
1.0,10,9,5,38
1.0,10,9,6,38
1.0,10,9,7,38
1.0,10,9,8,38
1.0,10,9,9,38
1.0,10,9,10,38
1.0,10,9,11,38
1.0,10,9,12,38
1.0,10,9,13,39
1.0,10,9,14,39
1.0,10,9,15,39
1.0,10,10,0,37
1.0,10,10,1,37
1.0,10,10,2,37
1.0,10,10,3,37
1.0,10,10,4,38
1.0,10,10,5,38
1.0,10,10,6,38
1.0,10,10,7,38
1.0,10,10,8,38
1.0,10,10,9,38
1.0,10,10,10,38
1.0,10,10,11,38
1.0,10,10,12,39
1.0,10,10,13,39
1.0,10,10,14,39
1.0,10,10,15,39
1.0,10,11,0,37
1.0,10,11,1,37
1.0,10,11,2,37
1.0,10,11,3,38
1.0,10,11,4,38
1.0,10,11,5,38
1.0,10,11,6,38
1.0,10,11,7,38
1.0,10,11,8,38
1.0,10,11,9,38
1.0,10,11,10,38
1.0,10,11,11,39
1.0,10,11,12,39
1.0,10,11,13,39
1.0,10,11,14,39
1.0,10,11,15,39
1.0,10,12,0,37
1.0,10,12,1,37
1.0,10,12,2,38
1.0,10,12,3,38
1.0,10,12,4,38
1.0,10,12,5,38
1.0,10,12,6,38
1.0,10,12,7,38
1.0,10,12,8,38
1.0,10,12,9,38
1.0,10,12,10,39
1.0,10,12,11,39
1.0,10,12,12,39
1.0,10,12,13,39
1.0,10,12,14,39
1.0,10,12,15,39
1.0,10,13,0,37
1.0,10,13,1,38
1.0,10,13,2,38
1.0,10,13,3,38
1.0,10,13,4,38
1.0,10,13,5,38
1.0,10,13,6,38
1.0,10,13,7,38
1.0,10,13,8,38
1.0,10,13,9,39
1.0,10,13,10,39
1.0,10,13,11,39
1.0,10,13,12,39
1.0,10,13,13,39
1.0,10,13,14,39
1.0,10,13,15,39
1.0,10,14,0,38
1.0,10,14,1,38
1.0,10,14,2,38
1.0,10,14,3,38
1.0,10,14,4,38
1.0,10,14,5,38
1.0,10,14,6,38
1.0,10,14,7,38
1.0,10,14,8,39
1.0,10,14,9,39
1.0,10,14,10,39
1.0,10,14,11,39
1.0,10,14,12,39
1.0,10,14,13,39
1.0,10,14,14,39
1.0,10,14,15,39
1.0,10,15,0,38
1.0,10,15,1,38
1.0,10,15,2,38
1.0,10,15,3,38
1.0,10,15,4,38
1.0,10,15,5,38
1.0,10,15,6,38
1.0,10,15,7,39
1.0,10,15,8,39
1.0,10,15,9,39
1.0,10,15,10,39
1.0,10,15,11,39
1.0,10,15,12,39
1.0,10,15,13,39
1.0,10,15,14,39
1.0,10,15,15,39
1.0,11,0,0,36
1.0,11,0,1,36
1.0,11,0,2,36
1.0,11,0,3,36
1.0,11,0,4,36
1.0,11,0,5,37
1.0,11,0,6,37
1.0,11,0,7,37
1.0,11,0,8,37
1.0,11,0,9,37
1.0,11,0,10,37
1.0,11,0,11,37
1.0,11,0,12,37
1.0,11,0,13,38
1.0,11,0,14,38
1.0,11,0,15,38
1.0,11,1,0,36
1.0,11,1,1,36
1.0,11,1,2,36
1.0,11,1,3,36
1.0,11,1,4,37
1.0,11,1,5,37
1.0,11,1,6,37
1.0,11,1,7,37
1.0,11,1,8,37
1.0,11,1,9,37
1.0,11,1,10,37
1.0,11,1,11,37
1.0,11,1,12,38
1.0,11,1,13,38
1.0,11,1,14,38
1.0,11,1,15,38
1.0,11,2,0,36
1.0,11,2,1,36
1.0,11,2,2,37
1.0,11,2,3,37
1.0,11,2,4,37
1.0,11,2,5,37
1.0,11,2,6,37
1.0,11,2,7,37
1.0,11,2,8,37
1.0,11,2,9,37
1.0,11,2,10,37
1.0,11,2,11,38
1.0,11,2,12,38
1.0,11,2,13,38
1.0,11,2,14,38
1.0,11,2,15,38
1.0,11,3,0,36
1.0,11,3,1,37
1.0,11,3,2,37
1.0,11,3,3,37
1.0,11,3,4,37
1.0,11,3,5,37
1.0,11,3,6,37
1.0,11,3,7,37
1.0,11,3,8,37
1.0,11,3,9,37
1.0,11,3,10,38
1.0,11,3,11,38
1.0,11,3,12,38
1.0,11,3,13,38
1.0,11,3,14,38
1.0,11,3,15,38
1.0,11,4,0,37
1.0,11,4,1,37
1.0,11,4,2,37
1.0,11,4,3,37
1.0,11,4,4,37
1.0,11,4,5,37
1.0,11,4,6,37
1.0,11,4,7,37
1.0,11,4,8,37
1.0,11,4,9,38
1.0,11,4,10,38
1.0,11,4,11,38
1.0,11,4,12,38
1.0,11,4,13,38
1.0,11,4,14,38
1.0,11,4,15,38
1.0,11,5,0,37
1.0,11,5,1,37
1.0,11,5,2,37
1.0,11,5,3,37
1.0,11,5,4,37
1.0,11,5,5,37
1.0,11,5,6,37
1.0,11,5,7,37
1.0,11,5,8,38
1.0,11,5,9,38
1.0,11,5,10,38
1.0,11,5,11,38
1.0,11,5,12,38
1.0,11,5,13,38
1.0,11,5,14,38
1.0,11,5,15,38
1.0,11,6,0,37
1.0,11,6,1,37
1.0,11,6,2,37
1.0,11,6,3,37
1.0,11,6,4,37
1.0,11,6,5,37
1.0,11,6,6,37
1.0,11,6,7,38
1.0,11,6,8,38
1.0,11,6,9,38
1.0,11,6,10,38
1.0,11,6,11,38
1.0,11,6,12,38
1.0,11,6,13,38
1.0,11,6,14,38
1.0,11,6,15,39
1.0,11,7,0,37
1.0,11,7,1,37
1.0,11,7,2,37
1.0,11,7,3,37
1.0,11,7,4,37
1.0,11,7,5,37
1.0,11,7,6,38
1.0,11,7,7,38
1.0,11,7,8,38
1.0,11,7,9,38
1.0,11,7,10,38
1.0,11,7,11,38
1.0,11,7,12,38
1.0,11,7,13,38
1.0,11,7,14,39
1.0,11,7,15,39
1.0,11,8,0,37
1.0,11,8,1,37
1.0,11,8,2,37
1.0,11,8,3,37
1.0,11,8,4,37
1.0,11,8,5,38
1.0,11,8,6,38
1.0,11,8,7,38
1.0,11,8,8,38
1.0,11,8,9,38
1.0,11,8,10,38
1.0,11,8,11,38
1.0,11,8,12,38
1.0,11,8,13,39
1.0,11,8,14,39
1.0,11,8,15,39
1.0,11,9,0,37
1.0,11,9,1,37
1.0,11,9,2,37
1.0,11,9,3,37
1.0,11,9,4,38
1.0,11,9,5,38
1.0,11,9,6,38
1.0,11,9,7,38
1.0,11,9,8,38
1.0,11,9,9,38
1.0,11,9,10,38
1.0,11,9,11,38
1.0,11,9,12,39
1.0,11,9,13,39
1.0,11,9,14,39
1.0,11,9,15,39
1.0,11,10,0,37
1.0,11,10,1,37
1.0,11,10,2,37
1.0,11,10,3,38
1.0,11,10,4,38
1.0,11,10,5,38
1.0,11,10,6,38
1.0,11,10,7,38
1.0,11,10,8,38
1.0,11,10,9,38
1.0,11,10,10,38
1.0,11,10,11,39
1.0,11,10,12,39
1.0,11,10,13,39
1.0,11,10,14,39
1.0,11,10,15,39
1.0,11,11,0,37
1.0,11,11,1,37
1.0,11,11,2,38
1.0,11,11,3,38
1.0,11,11,4,38
1.0,11,11,5,38
1.0,11,11,6,38
1.0,11,11,7,38
1.0,11,11,8,38
1.0,11,11,9,38
1.0,11,11,10,39
1.0,11,11,11,39
1.0,11,11,12,39
1.0,11,11,13,39
1.0,11,11,14,39
1.0,11,11,15,39
1.0,11,12,0,37
1.0,11,12,1,38
1.0,11,12,2,38
1.0,11,12,3,38
1.0,11,12,4,38
1.0,11,12,5,38
1.0,11,12,6,38
1.0,11,12,7,38
1.0,11,12,8,38
1.0,11,12,9,39
1.0,11,12,10,39
1.0,11,12,11,39
1.0,11,12,12,39
1.0,11,12,13,39
1.0,11,12,14,39
1.0,11,12,15,39
1.0,11,13,0,38
1.0,11,13,1,38
1.0,11,13,2,38
1.0,11,13,3,38
1.0,11,13,4,38
1.0,11,13,5,38
1.0,11,13,6,38
1.0,11,13,7,38
1.0,11,13,8,39
1.0,11,13,9,39
1.0,11,13,10,39
1.0,11,13,11,39
1.0,11,13,12,39
1.0,11,13,13,39
1.0,11,13,14,39
1.0,11,13,15,39
1.0,11,14,0,38
1.0,11,14,1,38
1.0,11,14,2,38
1.0,11,14,3,38
1.0,11,14,4,38
1.0,11,14,5,38
1.0,11,14,6,38
1.0,11,14,7,39
1.0,11,14,8,39
1.0,11,14,9,39
1.0,11,14,10,39
1.0,11,14,11,39
1.0,11,14,12,39
1.0,11,14,13,39
1.0,11,14,14,39
1.0,11,14,15,40
1.0,11,15,0,38
1.0,11,15,1,38
1.0,11,15,2,38
1.0,11,15,3,38
1.0,11,15,4,38
1.0,11,15,5,38
1.0,11,15,6,39
1.0,11,15,7,39
1.0,11,15,8,39
1.0,11,15,9,39
1.0,11,15,10,39
1.0,11,15,11,39
1.0,11,15,12,39
1.0,11,15,13,39
1.0,11,15,14,40
1.0,11,15,15,40
1.0,12,0,0,36
1.0,12,0,1,36
1.0,12,0,2,36
1.0,12,0,3,37
1.0,12,0,4,37
1.0,12,0,5,37
1.0,12,0,6,37
1.0,12,0,7,37
1.0,12,0,8,37
1.0,12,0,9,37
1.0,12,0,10,37
1.0,12,0,11,37
1.0,12,0,12,38
1.0,12,0,13,38
1.0,12,0,14,38
1.0,12,0,15,38
1.0,12,1,0,36
1.0,12,1,1,36
1.0,12,1,2,37
1.0,12,1,3,37
1.0,12,1,4,37
1.0,12,1,5,37
1.0,12,1,6,37
1.0,12,1,7,37
1.0,12,1,8,37
1.0,12,1,9,37
1.0,12,1,10,37
1.0,12,1,11,38
1.0,12,1,12,38
1.0,12,1,13,38
1.0,12,1,14,38
1.0,12,1,15,38
1.0,12,2,0,36
1.0,12,2,1,37
1.0,12,2,2,37
1.0,12,2,3,37
1.0,12,2,4,37
1.0,12,2,5,37
1.0,12,2,6,37
1.0,12,2,7,37
1.0,12,2,8,37
1.0,12,2,9,37
1.0,12,2,10,38
1.0,12,2,11,38
1.0,12,2,12,38
1.0,12,2,13,38
1.0,12,2,14,38
1.0,12,2,15,38
1.0,12,3,0,37
1.0,12,3,1,37
1.0,12,3,2,37
1.0,12,3,3,37
1.0,12,3,4,37
1.0,12,3,5,37
1.0,12,3,6,37
1.0,12,3,7,37
1.0,12,3,8,37
1.0,12,3,9,38
1.0,12,3,10,38
1.0,12,3,11,38
1.0,12,3,12,38
1.0,12,3,13,38
1.0,12,3,14,38
1.0,12,3,15,38
1.0,12,4,0,37
1.0,12,4,1,37
1.0,12,4,2,37
1.0,12,4,3,37
1.0,12,4,4,37
1.0,12,4,5,37
1.0,12,4,6,37
1.0,12,4,7,37
1.0,12,4,8,38
1.0,12,4,9,38
1.0,12,4,10,38
1.0,12,4,11,38
1.0,12,4,12,38
1.0,12,4,13,38
1.0,12,4,14,38
1.0,12,4,15,38
1.0,12,5,0,37
1.0,12,5,1,37
1.0,12,5,2,37
1.0,12,5,3,37
1.0,12,5,4,37
1.0,12,5,5,37
1.0,12,5,6,37
1.0,12,5,7,38
1.0,12,5,8,38
1.0,12,5,9,38
1.0,12,5,10,38
1.0,12,5,11,38
1.0,12,5,12,38
1.0,12,5,13,38
1.0,12,5,14,38
1.0,12,5,15,39
1.0,12,6,0,37
1.0,12,6,1,37
1.0,12,6,2,37
1.0,12,6,3,37
1.0,12,6,4,37
1.0,12,6,5,37
1.0,12,6,6,38
1.0,12,6,7,38
1.0,12,6,8,38
1.0,12,6,9,38
1.0,12,6,10,38
1.0,12,6,11,38
1.0,12,6,12,38
1.0,12,6,13,38
1.0,12,6,14,39
1.0,12,6,15,39
1.0,12,7,0,37
1.0,12,7,1,37
1.0,12,7,2,37
1.0,12,7,3,37
1.0,12,7,4,37
1.0,12,7,5,38
1.0,12,7,6,38
1.0,12,7,7,38
1.0,12,7,8,38
1.0,12,7,9,38
1.0,12,7,10,38
1.0,12,7,11,38
1.0,12,7,12,38
1.0,12,7,13,39
1.0,12,7,14,39
1.0,12,7,15,39
1.0,12,8,0,37
1.0,12,8,1,37
1.0,12,8,2,37
1.0,12,8,3,37
1.0,12,8,4,38
1.0,12,8,5,38
1.0,12,8,6,38
1.0,12,8,7,38
1.0,12,8,8,38
1.0,12,8,9,38
1.0,12,8,10,38
1.0,12,8,11,38
1.0,12,8,12,39
1.0,12,8,13,39
1.0,12,8,14,39
1.0,12,8,15,39
1.0,12,9,0,37
1.0,12,9,1,37
1.0,12,9,2,37
1.0,12,9,3,38
1.0,12,9,4,38
1.0,12,9,5,38
1.0,12,9,6,38
1.0,12,9,7,38
1.0,12,9,8,38
1.0,12,9,9,38
1.0,12,9,10,38
1.0,12,9,11,39
1.0,12,9,12,39
1.0,12,9,13,39
1.0,12,9,14,39
1.0,12,9,15,39
1.0,12,10,0,37
1.0,12,10,1,37
1.0,12,10,2,38
1.0,12,10,3,38
1.0,12,10,4,38
1.0,12,10,5,38
1.0,12,10,6,38
1.0,12,10,7,38
1.0,12,10,8,38
1.0,12,10,9,38
1.0,12,10,10,39
1.0,12,10,11,39
1.0,12,10,12,39
1.0,12,10,13,39
1.0,12,10,14,39
1.0,12,10,15,39
1.0,12,11,0,37
1.0,12,11,1,38
1.0,12,11,2,38
1.0,12,11,3,38
1.0,12,11,4,38
1.0,12,11,5,38
1.0,12,11,6,38
1.0,12,11,7,38
1.0,12,11,8,38
1.0,12,11,9,39
1.0,12,11,10,39
1.0,12,11,11,39
1.0,12,11,12,39
1.0,12,11,13,39
1.0,12,11,14,39
1.0,12,11,15,39
1.0,12,12,0,38
1.0,12,12,1,38
1.0,12,12,2,38
1.0,12,12,3,38
1.0,12,12,4,38
1.0,12,12,5,38
1.0,12,12,6,38
1.0,12,12,7,38
1.0,12,12,8,39
1.0,12,12,9,39
1.0,12,12,10,39
1.0,12,12,11,39
1.0,12,12,12,39
1.0,12,12,13,39
1.0,12,12,14,39
1.0,12,12,15,39
1.0,12,13,0,38
1.0,12,13,1,38
1.0,12,13,2,38
1.0,12,13,3,38
1.0,12,13,4,38
1.0,12,13,5,38
1.0,12,13,6,38
1.0,12,13,7,39
1.0,12,13,8,39
1.0,12,13,9,39
1.0,12,13,10,39
1.0,12,13,11,39
1.0,12,13,12,39
1.0,12,13,13,39
1.0,12,13,14,39
1.0,12,13,15,40
1.0,12,14,0,38
1.0,12,14,1,38
1.0,12,14,2,38
1.0,12,14,3,38
1.0,12,14,4,38
1.0,12,14,5,38
1.0,12,14,6,39
1.0,12,14,7,39
1.0,12,14,8,39
1.0,12,14,9,39
1.0,12,14,10,39
1.0,12,14,11,39
1.0,12,14,12,39
1.0,12,14,13,39
1.0,12,14,14,40
1.0,12,14,15,40
1.0,12,15,0,38
1.0,12,15,1,38
1.0,12,15,2,38
1.0,12,15,3,38
1.0,12,15,4,38
1.0,12,15,5,39
1.0,12,15,6,39
1.0,12,15,7,39
1.0,12,15,8,39
1.0,12,15,9,39
1.0,12,15,10,39
1.0,12,15,11,39
1.0,12,15,12,39
1.0,12,15,13,40
1.0,12,15,14,40
1.0,12,15,15,40
1.0,13,0,0,36
1.0,13,0,1,36
1.0,13,0,2,37
1.0,13,0,3,37
1.0,13,0,4,37
1.0,13,0,5,37
1.0,13,0,6,37
1.0,13,0,7,37
1.0,13,0,8,37
1.0,13,0,9,37
1.0,13,0,10,37
1.0,13,0,11,38
1.0,13,0,12,38
1.0,13,0,13,38
1.0,13,0,14,38
1.0,13,0,15,38
1.0,13,1,0,36
1.0,13,1,1,37
1.0,13,1,2,37
1.0,13,1,3,37
1.0,13,1,4,37
1.0,13,1,5,37
1.0,13,1,6,37
1.0,13,1,7,37
1.0,13,1,8,37
1.0,13,1,9,37
1.0,13,1,10,38
1.0,13,1,11,38
1.0,13,1,12,38
1.0,13,1,13,38
1.0,13,1,14,38
1.0,13,1,15,38
1.0,13,2,0,37
1.0,13,2,1,37
1.0,13,2,2,37
1.0,13,2,3,37
1.0,13,2,4,37
1.0,13,2,5,37
1.0,13,2,6,37
1.0,13,2,7,37
1.0,13,2,8,37
1.0,13,2,9,38
1.0,13,2,10,38
1.0,13,2,11,38
1.0,13,2,12,38
1.0,13,2,13,38
1.0,13,2,14,38
1.0,13,2,15,38
1.0,13,3,0,37
1.0,13,3,1,37
1.0,13,3,2,37
1.0,13,3,3,37
1.0,13,3,4,37
1.0,13,3,5,37
1.0,13,3,6,37
1.0,13,3,7,37
1.0,13,3,8,38
1.0,13,3,9,38
1.0,13,3,10,38
1.0,13,3,11,38
1.0,13,3,12,38
1.0,13,3,13,38
1.0,13,3,14,38
1.0,13,3,15,38
1.0,13,4,0,37
1.0,13,4,1,37
1.0,13,4,2,37
1.0,13,4,3,37
1.0,13,4,4,37
1.0,13,4,5,37
1.0,13,4,6,37
1.0,13,4,7,38
1.0,13,4,8,38
1.0,13,4,9,38
1.0,13,4,10,38
1.0,13,4,11,38
1.0,13,4,12,38
1.0,13,4,13,38
1.0,13,4,14,38
1.0,13,4,15,39
1.0,13,5,0,37
1.0,13,5,1,37
1.0,13,5,2,37
1.0,13,5,3,37
1.0,13,5,4,37
1.0,13,5,5,38
1.0,13,5,6,38
1.0,13,5,7,38
1.0,13,5,8,38
1.0,13,5,9,38
1.0,13,5,10,38
1.0,13,5,11,38
1.0,13,5,12,38
1.0,13,5,13,38
1.0,13,5,14,39
1.0,13,5,15,39
1.0,13,6,0,37
1.0,13,6,1,37
1.0,13,6,2,37
1.0,13,6,3,37
1.0,13,6,4,38
1.0,13,6,5,38
1.0,13,6,6,38
1.0,13,6,7,38
1.0,13,6,8,38
1.0,13,6,9,38
1.0,13,6,10,38
1.0,13,6,11,38
1.0,13,6,12,38
1.0,13,6,13,39
1.0,13,6,14,39
1.0,13,6,15,39
1.0,13,7,0,37
1.0,13,7,1,37
1.0,13,7,2,37
1.0,13,7,3,38
1.0,13,7,4,38
1.0,13,7,5,38
1.0,13,7,6,38
1.0,13,7,7,38
1.0,13,7,8,38
1.0,13,7,9,38
1.0,13,7,10,38
1.0,13,7,11,38
1.0,13,7,12,39
1.0,13,7,13,39
1.0,13,7,14,39
1.0,13,7,15,39
1.0,13,8,0,37
1.0,13,8,1,37
1.0,13,8,2,38
1.0,13,8,3,38
1.0,13,8,4,38
1.0,13,8,5,38
1.0,13,8,6,38
1.0,13,8,7,38
1.0,13,8,8,38
1.0,13,8,9,38
1.0,13,8,10,38
1.0,13,8,11,39
1.0,13,8,12,39
1.0,13,8,13,39
1.0,13,8,14,39
1.0,13,8,15,39
1.0,13,9,0,37
1.0,13,9,1,38
1.0,13,9,2,38
1.0,13,9,3,38
1.0,13,9,4,38
1.0,13,9,5,38
1.0,13,9,6,38
1.0,13,9,7,38
1.0,13,9,8,38
1.0,13,9,9,38
1.0,13,9,10,39
1.0,13,9,11,39
1.0,13,9,12,39
1.0,13,9,13,39
1.0,13,9,14,39
1.0,13,9,15,39
1.0,13,10,0,38
1.0,13,10,1,38
1.0,13,10,2,38
1.0,13,10,3,38
1.0,13,10,4,38
1.0,13,10,5,38
1.0,13,10,6,38
1.0,13,10,7,38
1.0,13,10,8,38
1.0,13,10,9,39
1.0,13,10,10,39
1.0,13,10,11,39
1.0,13,10,12,39
1.0,13,10,13,39
1.0,13,10,14,39
1.0,13,10,15,39
1.0,13,11,0,38
1.0,13,11,1,38
1.0,13,11,2,38
1.0,13,11,3,38
1.0,13,11,4,38
1.0,13,11,5,38
1.0,13,11,6,38
1.0,13,11,7,38
1.0,13,11,8,39
1.0,13,11,9,39
1.0,13,11,10,39
1.0,13,11,11,39
1.0,13,11,12,39
1.0,13,11,13,39
1.0,13,11,14,39
1.0,13,11,15,39
1.0,13,12,0,38
1.0,13,12,1,38
1.0,13,12,2,38
1.0,13,12,3,38
1.0,13,12,4,38
1.0,13,12,5,38
1.0,13,12,6,38
1.0,13,12,7,39
1.0,13,12,8,39
1.0,13,12,9,39
1.0,13,12,10,39
1.0,13,12,11,39
1.0,13,12,12,39
1.0,13,12,13,39
1.0,13,12,14,39
1.0,13,12,15,40
1.0,13,13,0,38
1.0,13,13,1,38
1.0,13,13,2,38
1.0,13,13,3,38
1.0,13,13,4,38
1.0,13,13,5,38
1.0,13,13,6,39
1.0,13,13,7,39
1.0,13,13,8,39
1.0,13,13,9,39
1.0,13,13,10,39
1.0,13,13,11,39
1.0,13,13,12,39
1.0,13,13,13,39
1.0,13,13,14,40
1.0,13,13,15,40
1.0,13,14,0,38
1.0,13,14,1,38
1.0,13,14,2,38
1.0,13,14,3,38
1.0,13,14,4,38
1.0,13,14,5,39
1.0,13,14,6,39
1.0,13,14,7,39
1.0,13,14,8,39
1.0,13,14,9,39
1.0,13,14,10,39
1.0,13,14,11,39
1.0,13,14,12,39
1.0,13,14,13,40
1.0,13,14,14,40
1.0,13,14,15,40
1.0,13,15,0,38
1.0,13,15,1,38
1.0,13,15,2,38
1.0,13,15,3,38
1.0,13,15,4,39
1.0,13,15,5,39
1.0,13,15,6,39
1.0,13,15,7,39
1.0,13,15,8,39
1.0,13,15,9,39
1.0,13,15,10,39
1.0,13,15,11,39
1.0,13,15,12,40
1.0,13,15,13,40
1.0,13,15,14,40
1.0,13,15,15,40
1.0,14,0,0,36
1.0,14,0,1,37
1.0,14,0,2,37
1.0,14,0,3,37
1.0,14,0,4,37
1.0,14,0,5,37
1.0,14,0,6,37
1.0,14,0,7,37
1.0,14,0,8,37
1.0,14,0,9,37
1.0,14,0,10,38
1.0,14,0,11,38
1.0,14,0,12,38
1.0,14,0,13,38
1.0,14,0,14,38
1.0,14,0,15,38
1.0,14,1,0,37
1.0,14,1,1,37
1.0,14,1,2,37
1.0,14,1,3,37
1.0,14,1,4,37
1.0,14,1,5,37
1.0,14,1,6,37
1.0,14,1,7,37
1.0,14,1,8,37
1.0,14,1,9,38
1.0,14,1,10,38
1.0,14,1,11,38
1.0,14,1,12,38
1.0,14,1,13,38
1.0,14,1,14,38
1.0,14,1,15,38
1.0,14,2,0,37
1.0,14,2,1,37
1.0,14,2,2,37
1.0,14,2,3,37
1.0,14,2,4,37
1.0,14,2,5,37
1.0,14,2,6,37
1.0,14,2,7,38
1.0,14,2,8,38
1.0,14,2,9,38
1.0,14,2,10,38
1.0,14,2,11,38
1.0,14,2,12,38
1.0,14,2,13,38
1.0,14,2,14,38
1.0,14,2,15,38
1.0,14,3,0,37
1.0,14,3,1,37
1.0,14,3,2,37
1.0,14,3,3,37
1.0,14,3,4,37
1.0,14,3,5,37
1.0,14,3,6,38
1.0,14,3,7,38
1.0,14,3,8,38
1.0,14,3,9,38
1.0,14,3,10,38
1.0,14,3,11,38
1.0,14,3,12,38
1.0,14,3,13,38
1.0,14,3,14,38
1.0,14,3,15,39
1.0,14,4,0,37
1.0,14,4,1,37
1.0,14,4,2,37
1.0,14,4,3,37
1.0,14,4,4,37
1.0,14,4,5,38
1.0,14,4,6,38
1.0,14,4,7,38
1.0,14,4,8,38
1.0,14,4,9,38
1.0,14,4,10,38
1.0,14,4,11,38
1.0,14,4,12,38
1.0,14,4,13,38
1.0,14,4,14,39
1.0,14,4,15,39
1.0,14,5,0,37
1.0,14,5,1,37
1.0,14,5,2,37
1.0,14,5,3,37
1.0,14,5,4,38
1.0,14,5,5,38
1.0,14,5,6,38
1.0,14,5,7,38
1.0,14,5,8,38
1.0,14,5,9,38
1.0,14,5,10,38
1.0,14,5,11,38
1.0,14,5,12,38
1.0,14,5,13,39
1.0,14,5,14,39
1.0,14,5,15,39
1.0,14,6,0,37
1.0,14,6,1,37
1.0,14,6,2,37
1.0,14,6,3,38
1.0,14,6,4,38
1.0,14,6,5,38
1.0,14,6,6,38
1.0,14,6,7,38
1.0,14,6,8,38
1.0,14,6,9,38
1.0,14,6,10,38
1.0,14,6,11,38
1.0,14,6,12,39
1.0,14,6,13,39
1.0,14,6,14,39
1.0,14,6,15,39
1.0,14,7,0,37
1.0,14,7,1,37
1.0,14,7,2,38
1.0,14,7,3,38
1.0,14,7,4,38
1.0,14,7,5,38
1.0,14,7,6,38
1.0,14,7,7,38
1.0,14,7,8,38
1.0,14,7,9,38
1.0,14,7,10,38
1.0,14,7,11,39
1.0,14,7,12,39
1.0,14,7,13,39
1.0,14,7,14,39
1.0,14,7,15,39
1.0,14,8,0,37
1.0,14,8,1,38
1.0,14,8,2,38
1.0,14,8,3,38
1.0,14,8,4,38
1.0,14,8,5,38
1.0,14,8,6,38
1.0,14,8,7,38
1.0,14,8,8,38
1.0,14,8,9,38
1.0,14,8,10,39
1.0,14,8,11,39
1.0,14,8,12,39
1.0,14,8,13,39
1.0,14,8,14,39
1.0,14,8,15,39
1.0,14,9,0,38
1.0,14,9,1,38
1.0,14,9,2,38
1.0,14,9,3,38
1.0,14,9,4,38
1.0,14,9,5,38
1.0,14,9,6,38
1.0,14,9,7,38
1.0,14,9,8,38
1.0,14,9,9,39
1.0,14,9,10,39
1.0,14,9,11,39
1.0,14,9,12,39
1.0,14,9,13,39
1.0,14,9,14,39
1.0,14,9,15,39
1.0,14,10,0,38
1.0,14,10,1,38
1.0,14,10,2,38
1.0,14,10,3,38
1.0,14,10,4,38
1.0,14,10,5,38
1.0,14,10,6,38
1.0,14,10,7,38
1.0,14,10,8,39
1.0,14,10,9,39
1.0,14,10,10,39
1.0,14,10,11,39
1.0,14,10,12,39
1.0,14,10,13,39
1.0,14,10,14,39
1.0,14,10,15,39
1.0,14,11,0,38
1.0,14,11,1,38
1.0,14,11,2,38
1.0,14,11,3,38
1.0,14,11,4,38
1.0,14,11,5,38
1.0,14,11,6,38
1.0,14,11,7,39
1.0,14,11,8,39
1.0,14,11,9,39
1.0,14,11,10,39
1.0,14,11,11,39
1.0,14,11,12,39
1.0,14,11,13,39
1.0,14,11,14,39
1.0,14,11,15,40
1.0,14,12,0,38
1.0,14,12,1,38
1.0,14,12,2,38
1.0,14,12,3,38
1.0,14,12,4,38
1.0,14,12,5,38
1.0,14,12,6,39
1.0,14,12,7,39
1.0,14,12,8,39
1.0,14,12,9,39
1.0,14,12,10,39
1.0,14,12,11,39
1.0,14,12,12,39
1.0,14,12,13,39
1.0,14,12,14,40
1.0,14,12,15,40
1.0,14,13,0,38
1.0,14,13,1,38
1.0,14,13,2,38
1.0,14,13,3,38
1.0,14,13,4,38
1.0,14,13,5,39
1.0,14,13,6,39
1.0,14,13,7,39
1.0,14,13,8,39
1.0,14,13,9,39
1.0,14,13,10,39
1.0,14,13,11,39
1.0,14,13,12,39
1.0,14,13,13,40
1.0,14,13,14,40
1.0,14,13,15,40
1.0,14,14,0,38
1.0,14,14,1,38
1.0,14,14,2,38
1.0,14,14,3,38
1.0,14,14,4,39
1.0,14,14,5,39
1.0,14,14,6,39
1.0,14,14,7,39
1.0,14,14,8,39
1.0,14,14,9,39
1.0,14,14,10,39
1.0,14,14,11,39
1.0,14,14,12,40
1.0,14,14,13,40
1.0,14,14,14,40
1.0,14,14,15,40
1.0,14,15,0,38
1.0,14,15,1,38
1.0,14,15,2,38
1.0,14,15,3,39
1.0,14,15,4,39
1.0,14,15,5,39
1.0,14,15,6,39
1.0,14,15,7,39
1.0,14,15,8,39
1.0,14,15,9,39
1.0,14,15,10,39
1.0,14,15,11,40
1.0,14,15,12,40
1.0,14,15,13,40
1.0,14,15,14,40
1.0,14,15,15,40
1.0,15,0,0,37
1.0,15,0,1,37
1.0,15,0,2,37
1.0,15,0,3,37
1.0,15,0,4,37
1.0,15,0,5,37
1.0,15,0,6,37
1.0,15,0,7,37
1.0,15,0,8,38
1.0,15,0,9,38
1.0,15,0,10,38
1.0,15,0,11,38
1.0,15,0,12,38
1.0,15,0,13,38
1.0,15,0,14,38
1.0,15,0,15,38
1.0,15,1,0,37
1.0,15,1,1,37
1.0,15,1,2,37
1.0,15,1,3,37
1.0,15,1,4,37
1.0,15,1,5,37
1.0,15,1,6,37
1.0,15,1,7,38
1.0,15,1,8,38
1.0,15,1,9,38
1.0,15,1,10,38
1.0,15,1,11,38
1.0,15,1,12,38
1.0,15,1,13,38
1.0,15,1,14,38
1.0,15,1,15,38
1.0,15,2,0,37
1.0,15,2,1,37
1.0,15,2,2,37
1.0,15,2,3,37
1.0,15,2,4,37
1.0,15,2,5,37
1.0,15,2,6,38
1.0,15,2,7,38
1.0,15,2,8,38
1.0,15,2,9,38
1.0,15,2,10,38
1.0,15,2,11,38
1.0,15,2,12,38
1.0,15,2,13,38
1.0,15,2,14,38
1.0,15,2,15,39
1.0,15,3,0,37
1.0,15,3,1,37
1.0,15,3,2,37
1.0,15,3,3,37
1.0,15,3,4,37
1.0,15,3,5,38
1.0,15,3,6,38
1.0,15,3,7,38
1.0,15,3,8,38
1.0,15,3,9,38
1.0,15,3,10,38
1.0,15,3,11,38
1.0,15,3,12,38
1.0,15,3,13,38
1.0,15,3,14,39
1.0,15,3,15,39
1.0,15,4,0,37
1.0,15,4,1,37
1.0,15,4,2,37
1.0,15,4,3,37
1.0,15,4,4,38
1.0,15,4,5,38
1.0,15,4,6,38
1.0,15,4,7,38
1.0,15,4,8,38
1.0,15,4,9,38
1.0,15,4,10,38
1.0,15,4,11,38
1.0,15,4,12,38
1.0,15,4,13,39
1.0,15,4,14,39
1.0,15,4,15,39
1.0,15,5,0,37
1.0,15,5,1,37
1.0,15,5,2,37
1.0,15,5,3,38
1.0,15,5,4,38
1.0,15,5,5,38
1.0,15,5,6,38
1.0,15,5,7,38
1.0,15,5,8,38
1.0,15,5,9,38
1.0,15,5,10,38
1.0,15,5,11,38
1.0,15,5,12,39
1.0,15,5,13,39
1.0,15,5,14,39
1.0,15,5,15,39
1.0,15,6,0,37
1.0,15,6,1,37
1.0,15,6,2,38
1.0,15,6,3,38
1.0,15,6,4,38
1.0,15,6,5,38
1.0,15,6,6,38
1.0,15,6,7,38
1.0,15,6,8,38
1.0,15,6,9,38
1.0,15,6,10,39
1.0,15,6,11,39
1.0,15,6,12,39
1.0,15,6,13,39
1.0,15,6,14,39
1.0,15,6,15,39
1.0,15,7,0,37
1.0,15,7,1,38
1.0,15,7,2,38
1.0,15,7,3,38
1.0,15,7,4,38
1.0,15,7,5,38
1.0,15,7,6,38
1.0,15,7,7,38
1.0,15,7,8,38
1.0,15,7,9,39
1.0,15,7,10,39
1.0,15,7,11,39
1.0,15,7,12,39
1.0,15,7,13,39
1.0,15,7,14,39
1.0,15,7,15,39
1.0,15,8,0,38
1.0,15,8,1,38
1.0,15,8,2,38
1.0,15,8,3,38
1.0,15,8,4,38
1.0,15,8,5,38
1.0,15,8,6,38
1.0,15,8,7,38
1.0,15,8,8,39
1.0,15,8,9,39
1.0,15,8,10,39
1.0,15,8,11,39
1.0,15,8,12,39
1.0,15,8,13,39
1.0,15,8,14,39
1.0,15,8,15,39
1.0,15,9,0,38
1.0,15,9,1,38
1.0,15,9,2,38
1.0,15,9,3,38
1.0,15,9,4,38
1.0,15,9,5,38
1.0,15,9,6,38
1.0,15,9,7,39
1.0,15,9,8,39
1.0,15,9,9,39
1.0,15,9,10,39
1.0,15,9,11,39
1.0,15,9,12,39
1.0,15,9,13,39
1.0,15,9,14,39
1.0,15,9,15,39
1.0,15,10,0,38
1.0,15,10,1,38
1.0,15,10,2,38
1.0,15,10,3,38
1.0,15,10,4,38
1.0,15,10,5,38
1.0,15,10,6,39
1.0,15,10,7,39
1.0,15,10,8,39
1.0,15,10,9,39
1.0,15,10,10,39
1.0,15,10,11,39
1.0,15,10,12,39
1.0,15,10,13,39
1.0,15,10,14,39
1.0,15,10,15,40
1.0,15,11,0,38
1.0,15,11,1,38
1.0,15,11,2,38
1.0,15,11,3,38
1.0,15,11,4,38
1.0,15,11,5,39
1.0,15,11,6,39
1.0,15,11,7,39
1.0,15,11,8,39
1.0,15,11,9,39
1.0,15,11,10,39
1.0,15,11,11,39
1.0,15,11,12,39
1.0,15,11,13,39
1.0,15,11,14,40
1.0,15,11,15,40
1.0,15,12,0,38
1.0,15,12,1,38
1.0,15,12,2,38
1.0,15,12,3,38
1.0,15,12,4,39
1.0,15,12,5,39
1.0,15,12,6,39
1.0,15,12,7,39
1.0,15,12,8,39
1.0,15,12,9,39
1.0,15,12,10,39
1.0,15,12,11,39
1.0,15,12,12,39
1.0,15,12,13,40
1.0,15,12,14,40
1.0,15,12,15,40
1.0,15,13,0,38
1.0,15,13,1,38
1.0,15,13,2,38
1.0,15,13,3,39
1.0,15,13,4,39
1.0,15,13,5,39
1.0,15,13,6,39
1.0,15,13,7,39
1.0,15,13,8,39
1.0,15,13,9,39
1.0,15,13,10,39
1.0,15,13,11,39
1.0,15,13,12,40
1.0,15,13,13,40
1.0,15,13,14,40
1.0,15,13,15,40
1.0,15,14,0,38
1.0,15,14,1,38
1.0,15,14,2,39
1.0,15,14,3,39
1.0,15,14,4,39
1.0,15,14,5,39
1.0,15,14,6,39
1.0,15,14,7,39
1.0,15,14,8,39
1.0,15,14,9,39
1.0,15,14,10,39
1.0,15,14,11,40
1.0,15,14,12,40
1.0,15,14,13,40
1.0,15,14,14,40
1.0,15,14,15,40
1.0,15,15,0,38
1.0,15,15,1,39
1.0,15,15,2,39
1.0,15,15,3,39
1.0,15,15,4,39
1.0,15,15,5,39
1.0,15,15,6,39
1.0,15,15,7,39
1.0,15,15,8,39
1.0,15,15,9,39
1.0,15,15,10,40
1.0,15,15,11,40
1.0,15,15,12,40
1.0,15,15,13,40
1.0,15,15,14,40
1.0,15,15,15,40
1.5,0,0,0,72
1.5,0,0,1,72
1.5,0,0,2,72
1.5,0,0,3,73
1.5,0,0,4,73
1.5,0,0,5,73
1.5,0,0,6,73
1.5,0,0,7,74
1.5,0,0,8,74
1.5,0,0,9,74
1.5,0,0,10,74
1.5,0,0,11,74
1.5,0,0,12,75
1.5,0,0,13,75
1.5,0,0,14,75
1.5,0,0,15,75
1.5,0,1,0,72
1.5,0,1,1,72
1.5,0,1,2,73
1.5,0,1,3,73
1.5,0,1,4,73
1.5,0,1,5,73
1.5,0,1,6,74
1.5,0,1,7,74
1.5,0,1,8,74
1.5,0,1,9,74
1.5,0,1,10,74
1.5,0,1,11,75
1.5,0,1,12,75
1.5,0,1,13,75
1.5,0,1,14,75
1.5,0,1,15,76
1.5,0,2,0,72
1.5,0,2,1,73
1.5,0,2,2,73
1.5,0,2,3,73
1.5,0,2,4,73
1.5,0,2,5,74
1.5,0,2,6,74
1.5,0,2,7,74
1.5,0,2,8,74
1.5,0,2,9,75
1.5,0,2,10,75
1.5,0,2,11,75
1.5,0,2,12,75
1.5,0,2,13,75
1.5,0,2,14,76
1.5,0,2,15,76
1.5,0,3,0,73
1.5,0,3,1,73
1.5,0,3,2,73
1.5,0,3,3,73
1.5,0,3,4,74
1.5,0,3,5,74
1.5,0,3,6,74
1.5,0,3,7,74
1.5,0,3,8,75
1.5,0,3,9,75
1.5,0,3,10,75
1.5,0,3,11,75
1.5,0,3,12,75
1.5,0,3,13,76
1.5,0,3,14,76
1.5,0,3,15,76
1.5,0,4,0,73
1.5,0,4,1,73
1.5,0,4,2,73
1.5,0,4,3,74
1.5,0,4,4,74
1.5,0,4,5,74
1.5,0,4,6,74
1.5,0,4,7,75
1.5,0,4,8,75
1.5,0,4,9,75
1.5,0,4,10,75
1.5,0,4,11,75
1.5,0,4,12,76
1.5,0,4,13,76
1.5,0,4,14,76
1.5,0,4,15,76
1.5,0,5,0,73
1.5,0,5,1,73
1.5,0,5,2,74
1.5,0,5,3,74
1.5,0,5,4,74
1.5,0,5,5,74
1.5,0,5,6,75
1.5,0,5,7,75
1.5,0,5,8,75
1.5,0,5,9,75
1.5,0,5,10,75
1.5,0,5,11,76
1.5,0,5,12,76
1.5,0,5,13,76
1.5,0,5,14,76
1.5,0,5,15,77
1.5,0,6,0,73
1.5,0,6,1,74
1.5,0,6,2,74
1.5,0,6,3,74
1.5,0,6,4,74
1.5,0,6,5,75
1.5,0,6,6,75
1.5,0,6,7,75
1.5,0,6,8,75
1.5,0,6,9,75
1.5,0,6,10,76
1.5,0,6,11,76
1.5,0,6,12,76
1.5,0,6,13,76
1.5,0,6,14,77
1.5,0,6,15,77
1.5,0,7,0,74
1.5,0,7,1,74
1.5,0,7,2,74
1.5,0,7,3,74
1.5,0,7,4,75
1.5,0,7,5,75
1.5,0,7,6,75
1.5,0,7,7,75
1.5,0,7,8,76
1.5,0,7,9,76
1.5,0,7,10,76
1.5,0,7,11,76
1.5,0,7,12,76
1.5,0,7,13,77
1.5,0,7,14,77
1.5,0,7,15,77
1.5,0,8,0,74
1.5,0,8,1,74
1.5,0,8,2,74
1.5,0,8,3,75
1.5,0,8,4,75
1.5,0,8,5,75
1.5,0,8,6,75
1.5,0,8,7,76
1.5,0,8,8,76
1.5,0,8,9,76
1.5,0,8,10,76
1.5,0,8,11,76
1.5,0,8,12,77
1.5,0,8,13,77
1.5,0,8,14,77
1.5,0,8,15,77
1.5,0,9,0,74
1.5,0,9,1,74
1.5,0,9,2,75
1.5,0,9,3,75
1.5,0,9,4,75
1.5,0,9,5,75
1.5,0,9,6,76
1.5,0,9,7,76
1.5,0,9,8,76
1.5,0,9,9,76
1.5,0,9,10,76
1.5,0,9,11,77
1.5,0,9,12,77
1.5,0,9,13,77
1.5,0,9,14,77
1.5,0,9,15,78
1.5,0,10,0,74
1.5,0,10,1,75
1.5,0,10,2,75
1.5,0,10,3,75
1.5,0,10,4,75
1.5,0,10,5,76
1.5,0,10,6,76
1.5,0,10,7,76
1.5,0,10,8,76
1.5,0,10,9,76
1.5,0,10,10,77
1.5,0,10,11,77
1.5,0,10,12,77
1.5,0,10,13,77
1.5,0,10,14,78
1.5,0,10,15,78
1.5,0,11,0,75
1.5,0,11,1,75
1.5,0,11,2,75
1.5,0,11,3,75
1.5,0,11,4,76
1.5,0,11,5,76
1.5,0,11,6,76
1.5,0,11,7,76
1.5,0,11,8,76
1.5,0,11,9,77
1.5,0,11,10,77
1.5,0,11,11,77
1.5,0,11,12,77
1.5,0,11,13,78
1.5,0,11,14,78
1.5,0,11,15,78
1.5,0,12,0,75
1.5,0,12,1,75
1.5,0,12,2,75
1.5,0,12,3,76
1.5,0,12,4,76
1.5,0,12,5,76
1.5,0,12,6,76
1.5,0,12,7,76
1.5,0,12,8,77
1.5,0,12,9,77
1.5,0,12,10,77
1.5,0,12,11,77
1.5,0,12,12,78
1.5,0,12,13,78
1.5,0,12,14,78
1.5,0,12,15,78
1.5,0,13,0,75
1.5,0,13,1,75
1.5,0,13,2,76
1.5,0,13,3,76
1.5,0,13,4,76
1.5,0,13,5,76
1.5,0,13,6,76
1.5,0,13,7,77
1.5,0,13,8,77
1.5,0,13,9,77
1.5,0,13,10,77
1.5,0,13,11,78
1.5,0,13,12,78
1.5,0,13,13,78
1.5,0,13,14,78
1.5,0,13,15,79
1.5,0,14,0,75
1.5,0,14,1,76
1.5,0,14,2,76
1.5,0,14,3,76
1.5,0,14,4,76
1.5,0,14,5,76
1.5,0,14,6,77
1.5,0,14,7,77
1.5,0,14,8,77
1.5,0,14,9,77
1.5,0,14,10,78
1.5,0,14,11,78
1.5,0,14,12,78
1.5,0,14,13,78
1.5,0,14,14,79
1.5,0,14,15,79
1.5,0,15,0,75
1.5,0,15,1,76
1.5,0,15,2,76
1.5,0,15,3,76
1.5,0,15,4,76
1.5,0,15,5,77
1.5,0,15,6,77
1.5,0,15,7,77
1.5,0,15,8,77
1.5,0,15,9,78
1.5,0,15,10,78
1.5,0,15,11,78
1.5,0,15,12,78
1.5,0,15,13,79
1.5,0,15,14,79
1.5,0,15,15,79
1.5,1,0,0,72
1.5,1,0,1,72
1.5,1,0,2,73
1.5,1,0,3,73
1.5,1,0,4,73
1.5,1,0,5,73
1.5,1,0,6,74
1.5,1,0,7,74
1.5,1,0,8,74
1.5,1,0,9,74
1.5,1,0,10,75
1.5,1,0,11,75
1.5,1,0,12,75
1.5,1,0,13,75
1.5,1,0,14,75
1.5,1,0,15,76
1.5,1,1,0,72
1.5,1,1,1,73
1.5,1,1,2,73
1.5,1,1,3,73
1.5,1,1,4,73
1.5,1,1,5,74
1.5,1,1,6,74
1.5,1,1,7,74
1.5,1,1,8,74
1.5,1,1,9,75
1.5,1,1,10,75
1.5,1,1,11,75
1.5,1,1,12,75
1.5,1,1,13,75
1.5,1,1,14,76
1.5,1,1,15,76
1.5,1,2,0,73
1.5,1,2,1,73
1.5,1,2,2,73
1.5,1,2,3,73
1.5,1,2,4,74
1.5,1,2,5,74
1.5,1,2,6,74
1.5,1,2,7,74
1.5,1,2,8,75
1.5,1,2,9,75
1.5,1,2,10,75
1.5,1,2,11,75
1.5,1,2,12,75
1.5,1,2,13,76
1.5,1,2,14,76
1.5,1,2,15,76
1.5,1,3,0,73
1.5,1,3,1,73
1.5,1,3,2,73
1.5,1,3,3,74
1.5,1,3,4,74
1.5,1,3,5,74
1.5,1,3,6,74
1.5,1,3,7,75
1.5,1,3,8,75
1.5,1,3,9,75
1.5,1,3,10,75
1.5,1,3,11,76
1.5,1,3,12,76
1.5,1,3,13,76
1.5,1,3,14,76
1.5,1,3,15,76
1.5,1,4,0,73
1.5,1,4,1,73
1.5,1,4,2,74
1.5,1,4,3,74
1.5,1,4,4,74
1.5,1,4,5,74
1.5,1,4,6,75
1.5,1,4,7,75
1.5,1,4,8,75
1.5,1,4,9,75
1.5,1,4,10,76
1.5,1,4,11,76
1.5,1,4,12,76
1.5,1,4,13,76
1.5,1,4,14,76
1.5,1,4,15,77
1.5,1,5,0,73
1.5,1,5,1,74
1.5,1,5,2,74
1.5,1,5,3,74
1.5,1,5,4,74
1.5,1,5,5,75
1.5,1,5,6,75
1.5,1,5,7,75
1.5,1,5,8,75
1.5,1,5,9,76
1.5,1,5,10,76
1.5,1,5,11,76
1.5,1,5,12,76
1.5,1,5,13,76
1.5,1,5,14,77
1.5,1,5,15,77
1.5,1,6,0,74
1.5,1,6,1,74
1.5,1,6,2,74
1.5,1,6,3,74
1.5,1,6,4,75
1.5,1,6,5,75
1.5,1,6,6,75
1.5,1,6,7,75
1.5,1,6,8,76
1.5,1,6,9,76
1.5,1,6,10,76
1.5,1,6,11,76
1.5,1,6,12,76
1.5,1,6,13,77
1.5,1,6,14,77
1.5,1,6,15,77
1.5,1,7,0,74
1.5,1,7,1,74
1.5,1,7,2,74
1.5,1,7,3,75
1.5,1,7,4,75
1.5,1,7,5,75
1.5,1,7,6,75
1.5,1,7,7,76
1.5,1,7,8,76
1.5,1,7,9,76
1.5,1,7,10,76
1.5,1,7,11,76
1.5,1,7,12,77
1.5,1,7,13,77
1.5,1,7,14,77
1.5,1,7,15,77
1.5,1,8,0,74
1.5,1,8,1,74
1.5,1,8,2,75
1.5,1,8,3,75
1.5,1,8,4,75
1.5,1,8,5,75
1.5,1,8,6,76
1.5,1,8,7,76
1.5,1,8,8,76
1.5,1,8,9,76
1.5,1,8,10,77
1.5,1,8,11,77
1.5,1,8,12,77
1.5,1,8,13,77
1.5,1,8,14,77
1.5,1,8,15,78
1.5,1,9,0,74
1.5,1,9,1,75
1.5,1,9,2,75
1.5,1,9,3,75
1.5,1,9,4,75
1.5,1,9,5,76
1.5,1,9,6,76
1.5,1,9,7,76
1.5,1,9,8,76
1.5,1,9,9,77
1.5,1,9,10,77
1.5,1,9,11,77
1.5,1,9,12,77
1.5,1,9,13,77
1.5,1,9,14,78
1.5,1,9,15,78
1.5,1,10,0,75
1.5,1,10,1,75
1.5,1,10,2,75
1.5,1,10,3,75
1.5,1,10,4,76
1.5,1,10,5,76
1.5,1,10,6,76
1.5,1,10,7,76
1.5,1,10,8,77
1.5,1,10,9,77
1.5,1,10,10,77
1.5,1,10,11,77
1.5,1,10,12,77
1.5,1,10,13,78
1.5,1,10,14,78
1.5,1,10,15,78
1.5,1,11,0,75
1.5,1,11,1,75
1.5,1,11,2,75
1.5,1,11,3,76
1.5,1,11,4,76
1.5,1,11,5,76
1.5,1,11,6,76
1.5,1,11,7,77
1.5,1,11,8,77
1.5,1,11,9,77
1.5,1,11,10,77
1.5,1,11,11,77
1.5,1,11,12,78
1.5,1,11,13,78
1.5,1,11,14,78
1.5,1,11,15,78
1.5,1,12,0,75
1.5,1,12,1,75
1.5,1,12,2,76
1.5,1,12,3,76
1.5,1,12,4,76
1.5,1,12,5,76
1.5,1,12,6,77
1.5,1,12,7,77
1.5,1,12,8,77
1.5,1,12,9,77
1.5,1,12,10,77
1.5,1,12,11,78
1.5,1,12,12,78
1.5,1,12,13,78
1.5,1,12,14,78
1.5,1,12,15,79
1.5,1,13,0,75
1.5,1,13,1,76
1.5,1,13,2,76
1.5,1,13,3,76
1.5,1,13,4,76
1.5,1,13,5,77
1.5,1,13,6,77
1.5,1,13,7,77
1.5,1,13,8,77
1.5,1,13,9,77
1.5,1,13,10,78
1.5,1,13,11,78
1.5,1,13,12,78
1.5,1,13,13,78
1.5,1,13,14,79
1.5,1,13,15,79
1.5,1,14,0,76
1.5,1,14,1,76
1.5,1,14,2,76
1.5,1,14,3,76
1.5,1,14,4,77
1.5,1,14,5,77
1.5,1,14,6,77
1.5,1,14,7,77
1.5,1,14,8,77
1.5,1,14,9,78
1.5,1,14,10,78
1.5,1,14,11,78
1.5,1,14,12,78
1.5,1,14,13,79
1.5,1,14,14,79
1.5,1,14,15,79
1.5,1,15,0,76
1.5,1,15,1,76
1.5,1,15,2,76
1.5,1,15,3,77
1.5,1,15,4,77
1.5,1,15,5,77
1.5,1,15,6,77
1.5,1,15,7,77
1.5,1,15,8,78
1.5,1,15,9,78
1.5,1,15,10,78
1.5,1,15,11,78
1.5,1,15,12,79
1.5,1,15,13,79
1.5,1,15,14,79
1.5,1,15,15,79
1.5,2,0,0,72
1.5,2,0,1,73
1.5,2,0,2,73
1.5,2,0,3,73
1.5,2,0,4,73
1.5,2,0,5,74
1.5,2,0,6,74
1.5,2,0,7,74
1.5,2,0,8,74
1.5,2,0,9,75
1.5,2,0,10,75
1.5,2,0,11,75
1.5,2,0,12,75
1.5,2,0,13,75
1.5,2,0,14,76
1.5,2,0,15,76
1.5,2,1,0,73
1.5,2,1,1,73
1.5,2,1,2,73
1.5,2,1,3,73
1.5,2,1,4,74
1.5,2,1,5,74
1.5,2,1,6,74
1.5,2,1,7,74
1.5,2,1,8,75
1.5,2,1,9,75
1.5,2,1,10,75
1.5,2,1,11,75
1.5,2,1,12,76
1.5,2,1,13,76
1.5,2,1,14,76
1.5,2,1,15,76
1.5,2,2,0,73
1.5,2,2,1,73
1.5,2,2,2,73
1.5,2,2,3,74
1.5,2,2,4,74
1.5,2,2,5,74
1.5,2,2,6,74
1.5,2,2,7,75
1.5,2,2,8,75
1.5,2,2,9,75
1.5,2,2,10,75
1.5,2,2,11,76
1.5,2,2,12,76
1.5,2,2,13,76
1.5,2,2,14,76
1.5,2,2,15,76
1.5,2,3,0,73
1.5,2,3,1,73
1.5,2,3,2,74
1.5,2,3,3,74
1.5,2,3,4,74
1.5,2,3,5,74
1.5,2,3,6,75
1.5,2,3,7,75
1.5,2,3,8,75
1.5,2,3,9,75
1.5,2,3,10,76
1.5,2,3,11,76
1.5,2,3,12,76
1.5,2,3,13,76
1.5,2,3,14,76
1.5,2,3,15,77
1.5,2,4,0,73
1.5,2,4,1,74
1.5,2,4,2,74
1.5,2,4,3,74
1.5,2,4,4,74
1.5,2,4,5,75
1.5,2,4,6,75
1.5,2,4,7,75
1.5,2,4,8,75
1.5,2,4,9,76
1.5,2,4,10,76
1.5,2,4,11,76
1.5,2,4,12,76
1.5,2,4,13,77
1.5,2,4,14,77
1.5,2,4,15,77
1.5,2,5,0,74
1.5,2,5,1,74
1.5,2,5,2,74
1.5,2,5,3,74
1.5,2,5,4,75
1.5,2,5,5,75
1.5,2,5,6,75
1.5,2,5,7,75
1.5,2,5,8,76
1.5,2,5,9,76
1.5,2,5,10,76
1.5,2,5,11,76
1.5,2,5,12,77
1.5,2,5,13,77
1.5,2,5,14,77
1.5,2,5,15,77
1.5,2,6,0,74
1.5,2,6,1,74
1.5,2,6,2,74
1.5,2,6,3,75
1.5,2,6,4,75
1.5,2,6,5,75
1.5,2,6,6,75
1.5,2,6,7,76
1.5,2,6,8,76
1.5,2,6,9,76
1.5,2,6,10,76
1.5,2,6,11,77
1.5,2,6,12,77
1.5,2,6,13,77
1.5,2,6,14,77
1.5,2,6,15,77
1.5,2,7,0,74
1.5,2,7,1,74
1.5,2,7,2,75
1.5,2,7,3,75
1.5,2,7,4,75
1.5,2,7,5,75
1.5,2,7,6,76
1.5,2,7,7,76
1.5,2,7,8,76
1.5,2,7,9,76
1.5,2,7,10,77
1.5,2,7,11,77
1.5,2,7,12,77
1.5,2,7,13,77
1.5,2,7,14,77
1.5,2,7,15,78
1.5,2,8,0,74
1.5,2,8,1,75
1.5,2,8,2,75
1.5,2,8,3,75
1.5,2,8,4,75
1.5,2,8,5,76
1.5,2,8,6,76
1.5,2,8,7,76
1.5,2,8,8,76
1.5,2,8,9,77
1.5,2,8,10,77
1.5,2,8,11,77
1.5,2,8,12,77
1.5,2,8,13,78
1.5,2,8,14,78
1.5,2,8,15,78
1.5,2,9,0,75
1.5,2,9,1,75
1.5,2,9,2,75
1.5,2,9,3,75
1.5,2,9,4,76
1.5,2,9,5,76
1.5,2,9,6,76
1.5,2,9,7,76
1.5,2,9,8,77
1.5,2,9,9,77
1.5,2,9,10,77
1.5,2,9,11,77
1.5,2,9,12,78
1.5,2,9,13,78
1.5,2,9,14,78
1.5,2,9,15,78
1.5,2,10,0,75
1.5,2,10,1,75
1.5,2,10,2,75
1.5,2,10,3,76
1.5,2,10,4,76
1.5,2,10,5,76
1.5,2,10,6,76
1.5,2,10,7,77
1.5,2,10,8,77
1.5,2,10,9,77
1.5,2,10,10,77
1.5,2,10,11,78
1.5,2,10,12,78
1.5,2,10,13,78
1.5,2,10,14,78
1.5,2,10,15,78
1.5,2,11,0,75
1.5,2,11,1,75
1.5,2,11,2,76
1.5,2,11,3,76
1.5,2,11,4,76
1.5,2,11,5,76
1.5,2,11,6,77
1.5,2,11,7,77
1.5,2,11,8,77
1.5,2,11,9,77
1.5,2,11,10,78
1.5,2,11,11,78
1.5,2,11,12,78
1.5,2,11,13,78
1.5,2,11,14,78
1.5,2,11,15,79
1.5,2,12,0,75
1.5,2,12,1,76
1.5,2,12,2,76
1.5,2,12,3,76
1.5,2,12,4,76
1.5,2,12,5,77
1.5,2,12,6,77
1.5,2,12,7,77
1.5,2,12,8,77
1.5,2,12,9,78
1.5,2,12,10,78
1.5,2,12,11,78
1.5,2,12,12,78
1.5,2,12,13,78
1.5,2,12,14,79
1.5,2,12,15,79
1.5,2,13,0,76
1.5,2,13,1,76
1.5,2,13,2,76
1.5,2,13,3,76
1.5,2,13,4,77
1.5,2,13,5,77
1.5,2,13,6,77
1.5,2,13,7,77
1.5,2,13,8,78
1.5,2,13,9,78
1.5,2,13,10,78
1.5,2,13,11,78
1.5,2,13,12,78
1.5,2,13,13,79
1.5,2,13,14,79
1.5,2,13,15,79
1.5,2,14,0,76
1.5,2,14,1,76
1.5,2,14,2,76
1.5,2,14,3,77
1.5,2,14,4,77
1.5,2,14,5,77
1.5,2,14,6,77
1.5,2,14,7,78
1.5,2,14,8,78
1.5,2,14,9,78
1.5,2,14,10,78
1.5,2,14,11,79
1.5,2,14,12,79
1.5,2,14,13,79
1.5,2,14,14,79
1.5,2,14,15,79
1.5,2,15,0,76
1.5,2,15,1,76
1.5,2,15,2,77
1.5,2,15,3,77
1.5,2,15,4,77
1.5,2,15,5,77
1.5,2,15,6,78
1.5,2,15,7,78
1.5,2,15,8,78
1.5,2,15,9,78
1.5,2,15,10,79
1.5,2,15,11,79
1.5,2,15,12,79
1.5,2,15,13,79
1.5,2,15,14,79
1.5,2,15,15,80
1.5,3,0,0,73
1.5,3,0,1,73
1.5,3,0,2,73
1.5,3,0,3,73
1.5,3,0,4,74
1.5,3,0,5,74
1.5,3,0,6,74
1.5,3,0,7,74
1.5,3,0,8,75
1.5,3,0,9,75
1.5,3,0,10,75
1.5,3,0,11,75
1.5,3,0,12,76
1.5,3,0,13,76
1.5,3,0,14,76
1.5,3,0,15,76
1.5,3,1,0,73
1.5,3,1,1,73
1.5,3,1,2,73
1.5,3,1,3,74
1.5,3,1,4,74
1.5,3,1,5,74
1.5,3,1,6,74
1.5,3,1,7,75
1.5,3,1,8,75
1.5,3,1,9,75
1.5,3,1,10,75
1.5,3,1,11,76
1.5,3,1,12,76
1.5,3,1,13,76
1.5,3,1,14,76
1.5,3,1,15,76
1.5,3,2,0,73
1.5,3,2,1,73
1.5,3,2,2,74
1.5,3,2,3,74
1.5,3,2,4,74
1.5,3,2,5,74
1.5,3,2,6,75
1.5,3,2,7,75
1.5,3,2,8,75
1.5,3,2,9,75
1.5,3,2,10,76
1.5,3,2,11,76
1.5,3,2,12,76
1.5,3,2,13,76
1.5,3,2,14,77
1.5,3,2,15,77
1.5,3,3,0,74
1.5,3,3,1,74
1.5,3,3,2,74
1.5,3,3,3,74
1.5,3,3,4,74
1.5,3,3,5,75
1.5,3,3,6,75
1.5,3,3,7,75
1.5,3,3,8,75
1.5,3,3,9,76
1.5,3,3,10,76
1.5,3,3,11,76
1.5,3,3,12,76
1.5,3,3,13,77
1.5,3,3,14,77
1.5,3,3,15,77
1.5,3,4,0,74
1.5,3,4,1,74
1.5,3,4,2,74
1.5,3,4,3,74
1.5,3,4,4,75
1.5,3,4,5,75
1.5,3,4,6,75
1.5,3,4,7,75
1.5,3,4,8,76
1.5,3,4,9,76
1.5,3,4,10,76
1.5,3,4,11,76
1.5,3,4,12,77
1.5,3,4,13,77
1.5,3,4,14,77
1.5,3,4,15,77
1.5,3,5,0,74
1.5,3,5,1,74
1.5,3,5,2,74
1.5,3,5,3,75
1.5,3,5,4,75
1.5,3,5,5,75
1.5,3,5,6,75
1.5,3,5,7,76
1.5,3,5,8,76
1.5,3,5,9,76
1.5,3,5,10,76
1.5,3,5,11,77
1.5,3,5,12,77
1.5,3,5,13,77
1.5,3,5,14,77
1.5,3,5,15,78
1.5,3,6,0,74
1.5,3,6,1,74
1.5,3,6,2,75
1.5,3,6,3,75
1.5,3,6,4,75
1.5,3,6,5,75
1.5,3,6,6,76
1.5,3,6,7,76
1.5,3,6,8,76
1.5,3,6,9,76
1.5,3,6,10,77
1.5,3,6,11,77
1.5,3,6,12,77
1.5,3,6,13,77
1.5,3,6,14,78
1.5,3,6,15,78
1.5,3,7,0,74
1.5,3,7,1,75
1.5,3,7,2,75
1.5,3,7,3,75
1.5,3,7,4,75
1.5,3,7,5,76
1.5,3,7,6,76
1.5,3,7,7,76
1.5,3,7,8,76
1.5,3,7,9,77
1.5,3,7,10,77
1.5,3,7,11,77
1.5,3,7,12,77
1.5,3,7,13,78
1.5,3,7,14,78
1.5,3,7,15,78
1.5,3,8,0,75
1.5,3,8,1,75
1.5,3,8,2,75
1.5,3,8,3,75
1.5,3,8,4,76
1.5,3,8,5,76
1.5,3,8,6,76
1.5,3,8,7,76
1.5,3,8,8,77
1.5,3,8,9,77
1.5,3,8,10,77
1.5,3,8,11,77
1.5,3,8,12,78
1.5,3,8,13,78
1.5,3,8,14,78
1.5,3,8,15,78
1.5,3,9,0,75
1.5,3,9,1,75
1.5,3,9,2,75
1.5,3,9,3,76
1.5,3,9,4,76
1.5,3,9,5,76
1.5,3,9,6,76
1.5,3,9,7,77
1.5,3,9,8,77
1.5,3,9,9,77
1.5,3,9,10,77
1.5,3,9,11,78
1.5,3,9,12,78
1.5,3,9,13,78
1.5,3,9,14,78
1.5,3,9,15,79
1.5,3,10,0,75
1.5,3,10,1,75
1.5,3,10,2,76
1.5,3,10,3,76
1.5,3,10,4,76
1.5,3,10,5,76
1.5,3,10,6,77
1.5,3,10,7,77
1.5,3,10,8,77
1.5,3,10,9,77
1.5,3,10,10,78
1.5,3,10,11,78
1.5,3,10,12,78
1.5,3,10,13,78
1.5,3,10,14,79
1.5,3,10,15,79
1.5,3,11,0,75
1.5,3,11,1,76
1.5,3,11,2,76
1.5,3,11,3,76
1.5,3,11,4,76
1.5,3,11,5,77
1.5,3,11,6,77
1.5,3,11,7,77
1.5,3,11,8,77
1.5,3,11,9,78
1.5,3,11,10,78
1.5,3,11,11,78
1.5,3,11,12,78
1.5,3,11,13,79
1.5,3,11,14,79
1.5,3,11,15,79
1.5,3,12,0,76
1.5,3,12,1,76
1.5,3,12,2,76
1.5,3,12,3,76
1.5,3,12,4,77
1.5,3,12,5,77
1.5,3,12,6,77
1.5,3,12,7,77
1.5,3,12,8,78
1.5,3,12,9,78
1.5,3,12,10,78
1.5,3,12,11,78
1.5,3,12,12,79
1.5,3,12,13,79
1.5,3,12,14,79
1.5,3,12,15,79
1.5,3,13,0,76
1.5,3,13,1,76
1.5,3,13,2,76
1.5,3,13,3,77
1.5,3,13,4,77
1.5,3,13,5,77
1.5,3,13,6,77
1.5,3,13,7,78
1.5,3,13,8,78
1.5,3,13,9,78
1.5,3,13,10,78
1.5,3,13,11,79
1.5,3,13,12,79
1.5,3,13,13,79
1.5,3,13,14,79
1.5,3,13,15,80
1.5,3,14,0,76
1.5,3,14,1,76
1.5,3,14,2,77
1.5,3,14,3,77
1.5,3,14,4,77
1.5,3,14,5,77
1.5,3,14,6,78
1.5,3,14,7,78
1.5,3,14,8,78
1.5,3,14,9,78
1.5,3,14,10,79
1.5,3,14,11,79
1.5,3,14,12,79
1.5,3,14,13,79
1.5,3,14,14,80
1.5,3,14,15,80
1.5,3,15,0,76
1.5,3,15,1,77
1.5,3,15,2,77
1.5,3,15,3,77
1.5,3,15,4,77
1.5,3,15,5,78
1.5,3,15,6,78
1.5,3,15,7,78
1.5,3,15,8,78
1.5,3,15,9,79
1.5,3,15,10,79
1.5,3,15,11,79
1.5,3,15,12,79
1.5,3,15,13,80
1.5,3,15,14,80
1.5,3,15,15,80
1.5,4,0,0,73
1.5,4,0,1,73
1.5,4,0,2,74
1.5,4,0,3,74
1.5,4,0,4,74
1.5,4,0,5,74
1.5,4,0,6,74
1.5,4,0,7,75
1.5,4,0,8,75
1.5,4,0,9,75
1.5,4,0,10,75
1.5,4,0,11,76
1.5,4,0,12,76
1.5,4,0,13,76
1.5,4,0,14,76
1.5,4,0,15,77
1.5,4,1,0,73
1.5,4,1,1,74
1.5,4,1,2,74
1.5,4,1,3,74
1.5,4,1,4,74
1.5,4,1,5,74
1.5,4,1,6,75
1.5,4,1,7,75
1.5,4,1,8,75
1.5,4,1,9,75
1.5,4,1,10,76
1.5,4,1,11,76
1.5,4,1,12,76
1.5,4,1,13,76
1.5,4,1,14,77
1.5,4,1,15,77
1.5,4,2,0,74
1.5,4,2,1,74
1.5,4,2,2,74
1.5,4,2,3,74
1.5,4,2,4,74
1.5,4,2,5,75
1.5,4,2,6,75
1.5,4,2,7,75
1.5,4,2,8,75
1.5,4,2,9,76
1.5,4,2,10,76
1.5,4,2,11,76
1.5,4,2,12,76
1.5,4,2,13,77
1.5,4,2,14,77
1.5,4,2,15,77
1.5,4,3,0,74
1.5,4,3,1,74
1.5,4,3,2,74
1.5,4,3,3,74
1.5,4,3,4,75
1.5,4,3,5,75
1.5,4,3,6,75
1.5,4,3,7,75
1.5,4,3,8,76
1.5,4,3,9,76
1.5,4,3,10,76
1.5,4,3,11,76
1.5,4,3,12,77
1.5,4,3,13,77
1.5,4,3,14,77
1.5,4,3,15,77
1.5,4,4,0,74
1.5,4,4,1,74
1.5,4,4,2,75
1.5,4,4,3,75
1.5,4,4,4,75
1.5,4,4,5,75
1.5,4,4,6,75
1.5,4,4,7,76
1.5,4,4,8,76
1.5,4,4,9,76
1.5,4,4,10,76
1.5,4,4,11,77
1.5,4,4,12,77
1.5,4,4,13,77
1.5,4,4,14,77
1.5,4,4,15,78
1.5,4,5,0,74
1.5,4,5,1,75
1.5,4,5,2,75
1.5,4,5,3,75
1.5,4,5,4,75
1.5,4,5,5,75
1.5,4,5,6,76
1.5,4,5,7,76
1.5,4,5,8,76
1.5,4,5,9,76
1.5,4,5,10,77
1.5,4,5,11,77
1.5,4,5,12,77
1.5,4,5,13,77
1.5,4,5,14,78
1.5,4,5,15,78
1.5,4,6,0,75
1.5,4,6,1,75
1.5,4,6,2,75
1.5,4,6,3,75
1.5,4,6,4,75
1.5,4,6,5,76
1.5,4,6,6,76
1.5,4,6,7,76
1.5,4,6,8,76
1.5,4,6,9,77
1.5,4,6,10,77
1.5,4,6,11,77
1.5,4,6,12,77
1.5,4,6,13,78
1.5,4,6,14,78
1.5,4,6,15,78
1.5,4,7,0,75
1.5,4,7,1,75
1.5,4,7,2,75
1.5,4,7,3,75
1.5,4,7,4,76
1.5,4,7,5,76
1.5,4,7,6,76
1.5,4,7,7,76
1.5,4,7,8,77
1.5,4,7,9,77
1.5,4,7,10,77
1.5,4,7,11,77
1.5,4,7,12,78
1.5,4,7,13,78
1.5,4,7,14,78
1.5,4,7,15,78
1.5,4,8,0,75
1.5,4,8,1,75
1.5,4,8,2,75
1.5,4,8,3,76
1.5,4,8,4,76
1.5,4,8,5,76
1.5,4,8,6,76
1.5,4,8,7,77
1.5,4,8,8,77
1.5,4,8,9,77
1.5,4,8,10,77
1.5,4,8,11,78
1.5,4,8,12,78
1.5,4,8,13,78
1.5,4,8,14,78
1.5,4,8,15,79
1.5,4,9,0,75
1.5,4,9,1,75
1.5,4,9,2,76
1.5,4,9,3,76
1.5,4,9,4,76
1.5,4,9,5,76
1.5,4,9,6,77
1.5,4,9,7,77
1.5,4,9,8,77
1.5,4,9,9,77
1.5,4,9,10,78
1.5,4,9,11,78
1.5,4,9,12,78
1.5,4,9,13,78
1.5,4,9,14,79
1.5,4,9,15,79
1.5,4,10,0,75
1.5,4,10,1,76
1.5,4,10,2,76
1.5,4,10,3,76
1.5,4,10,4,76
1.5,4,10,5,77
1.5,4,10,6,77
1.5,4,10,7,77
1.5,4,10,8,77
1.5,4,10,9,78
1.5,4,10,10,78
1.5,4,10,11,78
1.5,4,10,12,78
1.5,4,10,13,79
1.5,4,10,14,79
1.5,4,10,15,79
1.5,4,11,0,76
1.5,4,11,1,76
1.5,4,11,2,76
1.5,4,11,3,76
1.5,4,11,4,77
1.5,4,11,5,77
1.5,4,11,6,77
1.5,4,11,7,77
1.5,4,11,8,78
1.5,4,11,9,78
1.5,4,11,10,78
1.5,4,11,11,78
1.5,4,11,12,79
1.5,4,11,13,79
1.5,4,11,14,79
1.5,4,11,15,79
1.5,4,12,0,76
1.5,4,12,1,76
1.5,4,12,2,76
1.5,4,12,3,77
1.5,4,12,4,77
1.5,4,12,5,77
1.5,4,12,6,77
1.5,4,12,7,78
1.5,4,12,8,78
1.5,4,12,9,78
1.5,4,12,10,78
1.5,4,12,11,79
1.5,4,12,12,79
1.5,4,12,13,79
1.5,4,12,14,79
1.5,4,12,15,80
1.5,4,13,0,76
1.5,4,13,1,76
1.5,4,13,2,77
1.5,4,13,3,77
1.5,4,13,4,77
1.5,4,13,5,77
1.5,4,13,6,78
1.5,4,13,7,78
1.5,4,13,8,78
1.5,4,13,9,78
1.5,4,13,10,79
1.5,4,13,11,79
1.5,4,13,12,79
1.5,4,13,13,79
1.5,4,13,14,80
1.5,4,13,15,80
1.5,4,14,0,76
1.5,4,14,1,77
1.5,4,14,2,77
1.5,4,14,3,77
1.5,4,14,4,77
1.5,4,14,5,78
1.5,4,14,6,78
1.5,4,14,7,78
1.5,4,14,8,78
1.5,4,14,9,79
1.5,4,14,10,79
1.5,4,14,11,79
1.5,4,14,12,79
1.5,4,14,13,80
1.5,4,14,14,80
1.5,4,14,15,80
1.5,4,15,0,77
1.5,4,15,1,77
1.5,4,15,2,77
1.5,4,15,3,77
1.5,4,15,4,78
1.5,4,15,5,78
1.5,4,15,6,78
1.5,4,15,7,78
1.5,4,15,8,79
1.5,4,15,9,79
1.5,4,15,10,79
1.5,4,15,11,79
1.5,4,15,12,80
1.5,4,15,13,80
1.5,4,15,14,80
1.5,4,15,15,80
1.5,5,0,0,73
1.5,5,0,1,74
1.5,5,0,2,74
1.5,5,0,3,74
1.5,5,0,4,74
1.5,5,0,5,75
1.5,5,0,6,75
1.5,5,0,7,75
1.5,5,0,8,75
1.5,5,0,9,75
1.5,5,0,10,76
1.5,5,0,11,76
1.5,5,0,12,76
1.5,5,0,13,76
1.5,5,0,14,77
1.5,5,0,15,77
1.5,5,1,0,74
1.5,5,1,1,74
1.5,5,1,2,74
1.5,5,1,3,74
1.5,5,1,4,75
1.5,5,1,5,75
1.5,5,1,6,75
1.5,5,1,7,75
1.5,5,1,8,75
1.5,5,1,9,76
1.5,5,1,10,76
1.5,5,1,11,76
1.5,5,1,12,76
1.5,5,1,13,77
1.5,5,1,14,77
1.5,5,1,15,77
1.5,5,2,0,74
1.5,5,2,1,74
1.5,5,2,2,74
1.5,5,2,3,75
1.5,5,2,4,75
1.5,5,2,5,75
1.5,5,2,6,75
1.5,5,2,7,75
1.5,5,2,8,76
1.5,5,2,9,76
1.5,5,2,10,76
1.5,5,2,11,76
1.5,5,2,12,77
1.5,5,2,13,77
1.5,5,2,14,77
1.5,5,2,15,77
1.5,5,3,0,74
1.5,5,3,1,74
1.5,5,3,2,75
1.5,5,3,3,75
1.5,5,3,4,75
1.5,5,3,5,75
1.5,5,3,6,75
1.5,5,3,7,76
1.5,5,3,8,76
1.5,5,3,9,76
1.5,5,3,10,76
1.5,5,3,11,77
1.5,5,3,12,77
1.5,5,3,13,77
1.5,5,3,14,77
1.5,5,3,15,78
1.5,5,4,0,74
1.5,5,4,1,75
1.5,5,4,2,75
1.5,5,4,3,75
1.5,5,4,4,75
1.5,5,4,5,76
1.5,5,4,6,76
1.5,5,4,7,76
1.5,5,4,8,76
1.5,5,4,9,76
1.5,5,4,10,77
1.5,5,4,11,77
1.5,5,4,12,77
1.5,5,4,13,77
1.5,5,4,14,78
1.5,5,4,15,78
1.5,5,5,0,75
1.5,5,5,1,75
1.5,5,5,2,75
1.5,5,5,3,75
1.5,5,5,4,76
1.5,5,5,5,76
1.5,5,5,6,76
1.5,5,5,7,76
1.5,5,5,8,76
1.5,5,5,9,77
1.5,5,5,10,77
1.5,5,5,11,77
1.5,5,5,12,77
1.5,5,5,13,78
1.5,5,5,14,78
1.5,5,5,15,78
1.5,5,6,0,75
1.5,5,6,1,75
1.5,5,6,2,75
1.5,5,6,3,76
1.5,5,6,4,76
1.5,5,6,5,76
1.5,5,6,6,76
1.5,5,6,7,76
1.5,5,6,8,77
1.5,5,6,9,77
1.5,5,6,10,77
1.5,5,6,11,77
1.5,5,6,12,78
1.5,5,6,13,78
1.5,5,6,14,78
1.5,5,6,15,78
1.5,5,7,0,75
1.5,5,7,1,75
1.5,5,7,2,76
1.5,5,7,3,76
1.5,5,7,4,76
1.5,5,7,5,76
1.5,5,7,6,76
1.5,5,7,7,77
1.5,5,7,8,77
1.5,5,7,9,77
1.5,5,7,10,77
1.5,5,7,11,78
1.5,5,7,12,78
1.5,5,7,13,78
1.5,5,7,14,78
1.5,5,7,15,79
1.5,5,8,0,75
1.5,5,8,1,76
1.5,5,8,2,76
1.5,5,8,3,76
1.5,5,8,4,76
1.5,5,8,5,76
1.5,5,8,6,77
1.5,5,8,7,77
1.5,5,8,8,77
1.5,5,8,9,77
1.5,5,8,10,78
1.5,5,8,11,78
1.5,5,8,12,78
1.5,5,8,13,78
1.5,5,8,14,79
1.5,5,8,15,79
1.5,5,9,0,76
1.5,5,9,1,76
1.5,5,9,2,76
1.5,5,9,3,76
1.5,5,9,4,76
1.5,5,9,5,77
1.5,5,9,6,77
1.5,5,9,7,77
1.5,5,9,8,77
1.5,5,9,9,78
1.5,5,9,10,78
1.5,5,9,11,78
1.5,5,9,12,78
1.5,5,9,13,79
1.5,5,9,14,79
1.5,5,9,15,79
1.5,5,10,0,76
1.5,5,10,1,76
1.5,5,10,2,76
1.5,5,10,3,76
1.5,5,10,4,77
1.5,5,10,5,77
1.5,5,10,6,77
1.5,5,10,7,77
1.5,5,10,8,78
1.5,5,10,9,78
1.5,5,10,10,78
1.5,5,10,11,78
1.5,5,10,12,79
1.5,5,10,13,79
1.5,5,10,14,79
1.5,5,10,15,79
1.5,5,11,0,76
1.5,5,11,1,76
1.5,5,11,2,76
1.5,5,11,3,77
1.5,5,11,4,77
1.5,5,11,5,77
1.5,5,11,6,77
1.5,5,11,7,78
1.5,5,11,8,78
1.5,5,11,9,78
1.5,5,11,10,78
1.5,5,11,11,79
1.5,5,11,12,79
1.5,5,11,13,79
1.5,5,11,14,79
1.5,5,11,15,80
1.5,5,12,0,76
1.5,5,12,1,76
1.5,5,12,2,77
1.5,5,12,3,77
1.5,5,12,4,77
1.5,5,12,5,77
1.5,5,12,6,78
1.5,5,12,7,78
1.5,5,12,8,78
1.5,5,12,9,78
1.5,5,12,10,79
1.5,5,12,11,79
1.5,5,12,12,79
1.5,5,12,13,79
1.5,5,12,14,80
1.5,5,12,15,80
1.5,5,13,0,76
1.5,5,13,1,77
1.5,5,13,2,77
1.5,5,13,3,77
1.5,5,13,4,77
1.5,5,13,5,78
1.5,5,13,6,78
1.5,5,13,7,78
1.5,5,13,8,78
1.5,5,13,9,79
1.5,5,13,10,79
1.5,5,13,11,79
1.5,5,13,12,79
1.5,5,13,13,80
1.5,5,13,14,80
1.5,5,13,15,80
1.5,5,14,0,77
1.5,5,14,1,77
1.5,5,14,2,77
1.5,5,14,3,77
1.5,5,14,4,78
1.5,5,14,5,78
1.5,5,14,6,78
1.5,5,14,7,78
1.5,5,14,8,79
1.5,5,14,9,79
1.5,5,14,10,79
1.5,5,14,11,79
1.5,5,14,12,80
1.5,5,14,13,80
1.5,5,14,14,80
1.5,5,14,15,80
1.5,5,15,0,77
1.5,5,15,1,77
1.5,5,15,2,77
1.5,5,15,3,78
1.5,5,15,4,78
1.5,5,15,5,78
1.5,5,15,6,78
1.5,5,15,7,79
1.5,5,15,8,79
1.5,5,15,9,79
1.5,5,15,10,79
1.5,5,15,11,80
1.5,5,15,12,80
1.5,5,15,13,80
1.5,5,15,14,80
1.5,5,15,15,81
1.5,6,0,0,74
1.5,6,0,1,74
1.5,6,0,2,74
1.5,6,0,3,74
1.5,6,0,4,75
1.5,6,0,5,75
1.5,6,0,6,75
1.5,6,0,7,75
1.5,6,0,8,75
1.5,6,0,9,76
1.5,6,0,10,76
1.5,6,0,11,76
1.5,6,0,12,76
1.5,6,0,13,77
1.5,6,0,14,77
1.5,6,0,15,77
1.5,6,1,0,74
1.5,6,1,1,74
1.5,6,1,2,74
1.5,6,1,3,75
1.5,6,1,4,75
1.5,6,1,5,75
1.5,6,1,6,75
1.5,6,1,7,76
1.5,6,1,8,76
1.5,6,1,9,76
1.5,6,1,10,76
1.5,6,1,11,76
1.5,6,1,12,77
1.5,6,1,13,77
1.5,6,1,14,77
1.5,6,1,15,77
1.5,6,2,0,74
1.5,6,2,1,74
1.5,6,2,2,75
1.5,6,2,3,75
1.5,6,2,4,75
1.5,6,2,5,75
1.5,6,2,6,76
1.5,6,2,7,76
1.5,6,2,8,76
1.5,6,2,9,76
1.5,6,2,10,76
1.5,6,2,11,77
1.5,6,2,12,77
1.5,6,2,13,77
1.5,6,2,14,77
1.5,6,2,15,78
1.5,6,3,0,74
1.5,6,3,1,75
1.5,6,3,2,75
1.5,6,3,3,75
1.5,6,3,4,75
1.5,6,3,5,76
1.5,6,3,6,76
1.5,6,3,7,76
1.5,6,3,8,76
1.5,6,3,9,76
1.5,6,3,10,77
1.5,6,3,11,77
1.5,6,3,12,77
1.5,6,3,13,77
1.5,6,3,14,78
1.5,6,3,15,78
1.5,6,4,0,75
1.5,6,4,1,75
1.5,6,4,2,75
1.5,6,4,3,75
1.5,6,4,4,76
1.5,6,4,5,76
1.5,6,4,6,76
1.5,6,4,7,76
1.5,6,4,8,77
1.5,6,4,9,77
1.5,6,4,10,77
1.5,6,4,11,77
1.5,6,4,12,77
1.5,6,4,13,78
1.5,6,4,14,78
1.5,6,4,15,78
1.5,6,5,0,75
1.5,6,5,1,75
1.5,6,5,2,75
1.5,6,5,3,76
1.5,6,5,4,76
1.5,6,5,5,76
1.5,6,5,6,76
1.5,6,5,7,77
1.5,6,5,8,77
1.5,6,5,9,77
1.5,6,5,10,77
1.5,6,5,11,77
1.5,6,5,12,78
1.5,6,5,13,78
1.5,6,5,14,78
1.5,6,5,15,78
1.5,6,6,0,75
1.5,6,6,1,75
1.5,6,6,2,76
1.5,6,6,3,76
1.5,6,6,4,76
1.5,6,6,5,76
1.5,6,6,6,77
1.5,6,6,7,77
1.5,6,6,8,77
1.5,6,6,9,77
1.5,6,6,10,77
1.5,6,6,11,78
1.5,6,6,12,78
1.5,6,6,13,78
1.5,6,6,14,78
1.5,6,6,15,79
1.5,6,7,0,75
1.5,6,7,1,76
1.5,6,7,2,76
1.5,6,7,3,76
1.5,6,7,4,76
1.5,6,7,5,77
1.5,6,7,6,77
1.5,6,7,7,77
1.5,6,7,8,77
1.5,6,7,9,77
1.5,6,7,10,78
1.5,6,7,11,78
1.5,6,7,12,78
1.5,6,7,13,78
1.5,6,7,14,79
1.5,6,7,15,79
1.5,6,8,0,76
1.5,6,8,1,76
1.5,6,8,2,76
1.5,6,8,3,76
1.5,6,8,4,77
1.5,6,8,5,77
1.5,6,8,6,77
1.5,6,8,7,77
1.5,6,8,8,78
1.5,6,8,9,78
1.5,6,8,10,78
1.5,6,8,11,78
1.5,6,8,12,78
1.5,6,8,13,79
1.5,6,8,14,79
1.5,6,8,15,79
1.5,6,9,0,76
1.5,6,9,1,76
1.5,6,9,2,76
1.5,6,9,3,77
1.5,6,9,4,77
1.5,6,9,5,77
1.5,6,9,6,77
1.5,6,9,7,78
1.5,6,9,8,78
1.5,6,9,9,78
1.5,6,9,10,78
1.5,6,9,11,78
1.5,6,9,12,79
1.5,6,9,13,79
1.5,6,9,14,79
1.5,6,9,15,79
1.5,6,10,0,76
1.5,6,10,1,76
1.5,6,10,2,77
1.5,6,10,3,77
1.5,6,10,4,77
1.5,6,10,5,77
1.5,6,10,6,78
1.5,6,10,7,78
1.5,6,10,8,78
1.5,6,10,9,78
1.5,6,10,10,78
1.5,6,10,11,79
1.5,6,10,12,79
1.5,6,10,13,79
1.5,6,10,14,79
1.5,6,10,15,80
1.5,6,11,0,76
1.5,6,11,1,77
1.5,6,11,2,77
1.5,6,11,3,77
1.5,6,11,4,77
1.5,6,11,5,78
1.5,6,11,6,78
1.5,6,11,7,78
1.5,6,11,8,78
1.5,6,11,9,78
1.5,6,11,10,79
1.5,6,11,11,79
1.5,6,11,12,79
1.5,6,11,13,79
1.5,6,11,14,80
1.5,6,11,15,80
1.5,6,12,0,77
1.5,6,12,1,77
1.5,6,12,2,77
1.5,6,12,3,77
1.5,6,12,4,78
1.5,6,12,5,78
1.5,6,12,6,78
1.5,6,12,7,78
1.5,6,12,8,78
1.5,6,12,9,79
1.5,6,12,10,79
1.5,6,12,11,79
1.5,6,12,12,79
1.5,6,12,13,80
1.5,6,12,14,80
1.5,6,12,15,80
1.5,6,13,0,77
1.5,6,13,1,77
1.5,6,13,2,77
1.5,6,13,3,78
1.5,6,13,4,78
1.5,6,13,5,78
1.5,6,13,6,78
1.5,6,13,7,78
1.5,6,13,8,79
1.5,6,13,9,79
1.5,6,13,10,79
1.5,6,13,11,79
1.5,6,13,12,80
1.5,6,13,13,80
1.5,6,13,14,80
1.5,6,13,15,80
1.5,6,14,0,77
1.5,6,14,1,77
1.5,6,14,2,78
1.5,6,14,3,78
1.5,6,14,4,78
1.5,6,14,5,78
1.5,6,14,6,78
1.5,6,14,7,79
1.5,6,14,8,79
1.5,6,14,9,79
1.5,6,14,10,79
1.5,6,14,11,80
1.5,6,14,12,80
1.5,6,14,13,80
1.5,6,14,14,80
1.5,6,14,15,81
1.5,6,15,0,77
1.5,6,15,1,77
1.5,6,15,2,78
1.5,6,15,3,78
1.5,6,15,4,78
1.5,6,15,5,78
1.5,6,15,6,79
1.5,6,15,7,79
1.5,6,15,8,79
1.5,6,15,9,79
1.5,6,15,10,80
1.5,6,15,11,80
1.5,6,15,12,80
1.5,6,15,13,80
1.5,6,15,14,81
1.5,6,15,15,81
1.5,7,0,0,74
1.5,7,0,1,74
1.5,7,0,2,74
1.5,7,0,3,75
1.5,7,0,4,75
1.5,7,0,5,75
1.5,7,0,6,75
1.5,7,0,7,76
1.5,7,0,8,76
1.5,7,0,9,76
1.5,7,0,10,76
1.5,7,0,11,76
1.5,7,0,12,77
1.5,7,0,13,77
1.5,7,0,14,77
1.5,7,0,15,77
1.5,7,1,0,74
1.5,7,1,1,74
1.5,7,1,2,75
1.5,7,1,3,75
1.5,7,1,4,75
1.5,7,1,5,75
1.5,7,1,6,76
1.5,7,1,7,76
1.5,7,1,8,76
1.5,7,1,9,76
1.5,7,1,10,76
1.5,7,1,11,77
1.5,7,1,12,77
1.5,7,1,13,77
1.5,7,1,14,77
1.5,7,1,15,78
1.5,7,2,0,74
1.5,7,2,1,75
1.5,7,2,2,75
1.5,7,2,3,75
1.5,7,2,4,75
1.5,7,2,5,76
1.5,7,2,6,76
1.5,7,2,7,76
1.5,7,2,8,76
1.5,7,2,9,77
1.5,7,2,10,77
1.5,7,2,11,77
1.5,7,2,12,77
1.5,7,2,13,77
1.5,7,2,14,78
1.5,7,2,15,78
1.5,7,3,0,75
1.5,7,3,1,75
1.5,7,3,2,75
1.5,7,3,3,75
1.5,7,3,4,76
1.5,7,3,5,76
1.5,7,3,6,76
1.5,7,3,7,76
1.5,7,3,8,77
1.5,7,3,9,77
1.5,7,3,10,77
1.5,7,3,11,77
1.5,7,3,12,77
1.5,7,3,13,78
1.5,7,3,14,78
1.5,7,3,15,78
1.5,7,4,0,75
1.5,7,4,1,75
1.5,7,4,2,75
1.5,7,4,3,76
1.5,7,4,4,76
1.5,7,4,5,76
1.5,7,4,6,76
1.5,7,4,7,77
1.5,7,4,8,77
1.5,7,4,9,77
1.5,7,4,10,77
1.5,7,4,11,77
1.5,7,4,12,78
1.5,7,4,13,78
1.5,7,4,14,78
1.5,7,4,15,78
1.5,7,5,0,75
1.5,7,5,1,75
1.5,7,5,2,76
1.5,7,5,3,76
1.5,7,5,4,76
1.5,7,5,5,76
1.5,7,5,6,77
1.5,7,5,7,77
1.5,7,5,8,77
1.5,7,5,9,77
1.5,7,5,10,78
1.5,7,5,11,78
1.5,7,5,12,78
1.5,7,5,13,78
1.5,7,5,14,78
1.5,7,5,15,79
1.5,7,6,0,75
1.5,7,6,1,76
1.5,7,6,2,76
1.5,7,6,3,76
1.5,7,6,4,76
1.5,7,6,5,77
1.5,7,6,6,77
1.5,7,6,7,77
1.5,7,6,8,77
1.5,7,6,9,78
1.5,7,6,10,78
1.5,7,6,11,78
1.5,7,6,12,78
1.5,7,6,13,78
1.5,7,6,14,79
1.5,7,6,15,79
1.5,7,7,0,76
1.5,7,7,1,76
1.5,7,7,2,76
1.5,7,7,3,76
1.5,7,7,4,77
1.5,7,7,5,77
1.5,7,7,6,77
1.5,7,7,7,77
1.5,7,7,8,78
1.5,7,7,9,78
1.5,7,7,10,78
1.5,7,7,11,78
1.5,7,7,12,78
1.5,7,7,13,79
1.5,7,7,14,79
1.5,7,7,15,79
1.5,7,8,0,76
1.5,7,8,1,76
1.5,7,8,2,76
1.5,7,8,3,77
1.5,7,8,4,77
1.5,7,8,5,77
1.5,7,8,6,77
1.5,7,8,7,78
1.5,7,8,8,78
1.5,7,8,9,78
1.5,7,8,10,78
1.5,7,8,11,79
1.5,7,8,12,79
1.5,7,8,13,79
1.5,7,8,14,79
1.5,7,8,15,79
1.5,7,9,0,76
1.5,7,9,1,76
1.5,7,9,2,77
1.5,7,9,3,77
1.5,7,9,4,77
1.5,7,9,5,77
1.5,7,9,6,78
1.5,7,9,7,78
1.5,7,9,8,78
1.5,7,9,9,78
1.5,7,9,10,79
1.5,7,9,11,79
1.5,7,9,12,79
1.5,7,9,13,79
1.5,7,9,14,79
1.5,7,9,15,80
1.5,7,10,0,76
1.5,7,10,1,77
1.5,7,10,2,77
1.5,7,10,3,77
1.5,7,10,4,77
1.5,7,10,5,78
1.5,7,10,6,78
1.5,7,10,7,78
1.5,7,10,8,78
1.5,7,10,9,79
1.5,7,10,10,79
1.5,7,10,11,79
1.5,7,10,12,79
1.5,7,10,13,79
1.5,7,10,14,80
1.5,7,10,15,80
1.5,7,11,0,77
1.5,7,11,1,77
1.5,7,11,2,77
1.5,7,11,3,77
1.5,7,11,4,78
1.5,7,11,5,78
1.5,7,11,6,78
1.5,7,11,7,78
1.5,7,11,8,79
1.5,7,11,9,79
1.5,7,11,10,79
1.5,7,11,11,79
1.5,7,11,12,80
1.5,7,11,13,80
1.5,7,11,14,80
1.5,7,11,15,80
1.5,7,12,0,77
1.5,7,12,1,77
1.5,7,12,2,77
1.5,7,12,3,78
1.5,7,12,4,78
1.5,7,12,5,78
1.5,7,12,6,78
1.5,7,12,7,79
1.5,7,12,8,79
1.5,7,12,9,79
1.5,7,12,10,79
1.5,7,12,11,80
1.5,7,12,12,80
1.5,7,12,13,80
1.5,7,12,14,80
1.5,7,12,15,80
1.5,7,13,0,77
1.5,7,13,1,77
1.5,7,13,2,78
1.5,7,13,3,78
1.5,7,13,4,78
1.5,7,13,5,78
1.5,7,13,6,79
1.5,7,13,7,79
1.5,7,13,8,79
1.5,7,13,9,79
1.5,7,13,10,80
1.5,7,13,11,80
1.5,7,13,12,80
1.5,7,13,13,80
1.5,7,13,14,80
1.5,7,13,15,81
1.5,7,14,0,77
1.5,7,14,1,78
1.5,7,14,2,78
1.5,7,14,3,78
1.5,7,14,4,78
1.5,7,14,5,79
1.5,7,14,6,79
1.5,7,14,7,79
1.5,7,14,8,79
1.5,7,14,9,80
1.5,7,14,10,80
1.5,7,14,11,80
1.5,7,14,12,80
1.5,7,14,13,80
1.5,7,14,14,81
1.5,7,14,15,81
1.5,7,15,0,78
1.5,7,15,1,78
1.5,7,15,2,78
1.5,7,15,3,78
1.5,7,15,4,79
1.5,7,15,5,79
1.5,7,15,6,79
1.5,7,15,7,79
1.5,7,15,8,80
1.5,7,15,9,80
1.5,7,15,10,80
1.5,7,15,11,80
1.5,7,15,12,80
1.5,7,15,13,81
1.5,7,15,14,81
1.5,7,15,15,81
1.5,8,0,0,74
1.5,8,0,1,74
1.5,8,0,2,75
1.5,8,0,3,75
1.5,8,0,4,75
1.5,8,0,5,75
1.5,8,0,6,76
1.5,8,0,7,76
1.5,8,0,8,76
1.5,8,0,9,76
1.5,8,0,10,77
1.5,8,0,11,77
1.5,8,0,12,77
1.5,8,0,13,77
1.5,8,0,14,77
1.5,8,0,15,78
1.5,8,1,0,74
1.5,8,1,1,75
1.5,8,1,2,75
1.5,8,1,3,75
1.5,8,1,4,75
1.5,8,1,5,76
1.5,8,1,6,76
1.5,8,1,7,76
1.5,8,1,8,76
1.5,8,1,9,77
1.5,8,1,10,77
1.5,8,1,11,77
1.5,8,1,12,77
1.5,8,1,13,77
1.5,8,1,14,78
1.5,8,1,15,78
1.5,8,2,0,75
1.5,8,2,1,75
1.5,8,2,2,75
1.5,8,2,3,75
1.5,8,2,4,76
1.5,8,2,5,76
1.5,8,2,6,76
1.5,8,2,7,76
1.5,8,2,8,77
1.5,8,2,9,77
1.5,8,2,10,77
1.5,8,2,11,77
1.5,8,2,12,78
1.5,8,2,13,78
1.5,8,2,14,78
1.5,8,2,15,78
1.5,8,3,0,75
1.5,8,3,1,75
1.5,8,3,2,75
1.5,8,3,3,76
1.5,8,3,4,76
1.5,8,3,5,76
1.5,8,3,6,76
1.5,8,3,7,77
1.5,8,3,8,77
1.5,8,3,9,77
1.5,8,3,10,77
1.5,8,3,11,78
1.5,8,3,12,78
1.5,8,3,13,78
1.5,8,3,14,78
1.5,8,3,15,78
1.5,8,4,0,75
1.5,8,4,1,75
1.5,8,4,2,76
1.5,8,4,3,76
1.5,8,4,4,76
1.5,8,4,5,76
1.5,8,4,6,77
1.5,8,4,7,77
1.5,8,4,8,77
1.5,8,4,9,77
1.5,8,4,10,78
1.5,8,4,11,78
1.5,8,4,12,78
1.5,8,4,13,78
1.5,8,4,14,78
1.5,8,4,15,79
1.5,8,5,0,75
1.5,8,5,1,76
1.5,8,5,2,76
1.5,8,5,3,76
1.5,8,5,4,76
1.5,8,5,5,77
1.5,8,5,6,77
1.5,8,5,7,77
1.5,8,5,8,77
1.5,8,5,9,78
1.5,8,5,10,78
1.5,8,5,11,78
1.5,8,5,12,78
1.5,8,5,13,79
1.5,8,5,14,79
1.5,8,5,15,79
1.5,8,6,0,76
1.5,8,6,1,76
1.5,8,6,2,76
1.5,8,6,3,76
1.5,8,6,4,77
1.5,8,6,5,77
1.5,8,6,6,77
1.5,8,6,7,77
1.5,8,6,8,78
1.5,8,6,9,78
1.5,8,6,10,78
1.5,8,6,11,78
1.5,8,6,12,79
1.5,8,6,13,79
1.5,8,6,14,79
1.5,8,6,15,79
1.5,8,7,0,76
1.5,8,7,1,76
1.5,8,7,2,76
1.5,8,7,3,77
1.5,8,7,4,77
1.5,8,7,5,77
1.5,8,7,6,77
1.5,8,7,7,78
1.5,8,7,8,78
1.5,8,7,9,78
1.5,8,7,10,78
1.5,8,7,11,79
1.5,8,7,12,79
1.5,8,7,13,79
1.5,8,7,14,79
1.5,8,7,15,80
1.5,8,8,0,76
1.5,8,8,1,76
1.5,8,8,2,77
1.5,8,8,3,77
1.5,8,8,4,77
1.5,8,8,5,77
1.5,8,8,6,78
1.5,8,8,7,78
1.5,8,8,8,78
1.5,8,8,9,78
1.5,8,8,10,79
1.5,8,8,11,79
1.5,8,8,12,79
1.5,8,8,13,79
1.5,8,8,14,80
1.5,8,8,15,80
1.5,8,9,0,76
1.5,8,9,1,77
1.5,8,9,2,77
1.5,8,9,3,77
1.5,8,9,4,77
1.5,8,9,5,78
1.5,8,9,6,78
1.5,8,9,7,78
1.5,8,9,8,78
1.5,8,9,9,79
1.5,8,9,10,79
1.5,8,9,11,79
1.5,8,9,12,79
1.5,8,9,13,80
1.5,8,9,14,80
1.5,8,9,15,80
1.5,8,10,0,77
1.5,8,10,1,77
1.5,8,10,2,77
1.5,8,10,3,77
1.5,8,10,4,78
1.5,8,10,5,78
1.5,8,10,6,78
1.5,8,10,7,78
1.5,8,10,8,79
1.5,8,10,9,79
1.5,8,10,10,79
1.5,8,10,11,79
1.5,8,10,12,80
1.5,8,10,13,80
1.5,8,10,14,80
1.5,8,10,15,80
1.5,8,11,0,77
1.5,8,11,1,77
1.5,8,11,2,77
1.5,8,11,3,78
1.5,8,11,4,78
1.5,8,11,5,78
1.5,8,11,6,78
1.5,8,11,7,79
1.5,8,11,8,79
1.5,8,11,9,79
1.5,8,11,10,79
1.5,8,11,11,80
1.5,8,11,12,80
1.5,8,11,13,80
1.5,8,11,14,80
1.5,8,11,15,81
1.5,8,12,0,77
1.5,8,12,1,77
1.5,8,12,2,78
1.5,8,12,3,78
1.5,8,12,4,78
1.5,8,12,5,78
1.5,8,12,6,79
1.5,8,12,7,79
1.5,8,12,8,79
1.5,8,12,9,79
1.5,8,12,10,80
1.5,8,12,11,80
1.5,8,12,12,80
1.5,8,12,13,80
1.5,8,12,14,81
1.5,8,12,15,81
1.5,8,13,0,77
1.5,8,13,1,78
1.5,8,13,2,78
1.5,8,13,3,78
1.5,8,13,4,78
1.5,8,13,5,79
1.5,8,13,6,79
1.5,8,13,7,79
1.5,8,13,8,79
1.5,8,13,9,80
1.5,8,13,10,80
1.5,8,13,11,80
1.5,8,13,12,80
1.5,8,13,13,81
1.5,8,13,14,81
1.5,8,13,15,81
1.5,8,14,0,78
1.5,8,14,1,78
1.5,8,14,2,78
1.5,8,14,3,78
1.5,8,14,4,79
1.5,8,14,5,79
1.5,8,14,6,79
1.5,8,14,7,79
1.5,8,14,8,80
1.5,8,14,9,80
1.5,8,14,10,80
1.5,8,14,11,80
1.5,8,14,12,81
1.5,8,14,13,81
1.5,8,14,14,81
1.5,8,14,15,81
1.5,8,15,0,78
1.5,8,15,1,78
1.5,8,15,2,78
1.5,8,15,3,79
1.5,8,15,4,79
1.5,8,15,5,79
1.5,8,15,6,79
1.5,8,15,7,80
1.5,8,15,8,80
1.5,8,15,9,80
1.5,8,15,10,80
1.5,8,15,11,81
1.5,8,15,12,81
1.5,8,15,13,81
1.5,8,15,14,81
1.5,8,15,15,82
1.5,9,0,0,74
1.5,9,0,1,75
1.5,9,0,2,75
1.5,9,0,3,75
1.5,9,0,4,75
1.5,9,0,5,76
1.5,9,0,6,76
1.5,9,0,7,76
1.5,9,0,8,76
1.5,9,0,9,77
1.5,9,0,10,77
1.5,9,0,11,77
1.5,9,0,12,77
1.5,9,0,13,78
1.5,9,0,14,78
1.5,9,0,15,78
1.5,9,1,0,75
1.5,9,1,1,75
1.5,9,1,2,75
1.5,9,1,3,75
1.5,9,1,4,76
1.5,9,1,5,76
1.5,9,1,6,76
1.5,9,1,7,76
1.5,9,1,8,77
1.5,9,1,9,77
1.5,9,1,10,77
1.5,9,1,11,77
1.5,9,1,12,78
1.5,9,1,13,78
1.5,9,1,14,78
1.5,9,1,15,78
1.5,9,2,0,75
1.5,9,2,1,75
1.5,9,2,2,75
1.5,9,2,3,76
1.5,9,2,4,76
1.5,9,2,5,76
1.5,9,2,6,76
1.5,9,2,7,77
1.5,9,2,8,77
1.5,9,2,9,77
1.5,9,2,10,77
1.5,9,2,11,78
1.5,9,2,12,78
1.5,9,2,13,78
1.5,9,2,14,78
1.5,9,2,15,79
1.5,9,3,0,75
1.5,9,3,1,75
1.5,9,3,2,76
1.5,9,3,3,76
1.5,9,3,4,76
1.5,9,3,5,76
1.5,9,3,6,77
1.5,9,3,7,77
1.5,9,3,8,77
1.5,9,3,9,77
1.5,9,3,10,78
1.5,9,3,11,78
1.5,9,3,12,78
1.5,9,3,13,78
1.5,9,3,14,79
1.5,9,3,15,79
1.5,9,4,0,75
1.5,9,4,1,76
1.5,9,4,2,76
1.5,9,4,3,76
1.5,9,4,4,76
1.5,9,4,5,77
1.5,9,4,6,77
1.5,9,4,7,77
1.5,9,4,8,77
1.5,9,4,9,78
1.5,9,4,10,78
1.5,9,4,11,78
1.5,9,4,12,78
1.5,9,4,13,79
1.5,9,4,14,79
1.5,9,4,15,79
1.5,9,5,0,76
1.5,9,5,1,76
1.5,9,5,2,76
1.5,9,5,3,76
1.5,9,5,4,77
1.5,9,5,5,77
1.5,9,5,6,77
1.5,9,5,7,77
1.5,9,5,8,78
1.5,9,5,9,78
1.5,9,5,10,78
1.5,9,5,11,78
1.5,9,5,12,79
1.5,9,5,13,79
1.5,9,5,14,79
1.5,9,5,15,79
1.5,9,6,0,76
1.5,9,6,1,76
1.5,9,6,2,76
1.5,9,6,3,77
1.5,9,6,4,77
1.5,9,6,5,77
1.5,9,6,6,77
1.5,9,6,7,78
1.5,9,6,8,78
1.5,9,6,9,78
1.5,9,6,10,78
1.5,9,6,11,79
1.5,9,6,12,79
1.5,9,6,13,79
1.5,9,6,14,79
1.5,9,6,15,80
1.5,9,7,0,76
1.5,9,7,1,76
1.5,9,7,2,77
1.5,9,7,3,77
1.5,9,7,4,77
1.5,9,7,5,77
1.5,9,7,6,78
1.5,9,7,7,78
1.5,9,7,8,78
1.5,9,7,9,78
1.5,9,7,10,79
1.5,9,7,11,79
1.5,9,7,12,79
1.5,9,7,13,79
1.5,9,7,14,80
1.5,9,7,15,80
1.5,9,8,0,76
1.5,9,8,1,77
1.5,9,8,2,77
1.5,9,8,3,77
1.5,9,8,4,77
1.5,9,8,5,78
1.5,9,8,6,78
1.5,9,8,7,78
1.5,9,8,8,78
1.5,9,8,9,79
1.5,9,8,10,79
1.5,9,8,11,79
1.5,9,8,12,79
1.5,9,8,13,80
1.5,9,8,14,80
1.5,9,8,15,80
1.5,9,9,0,77
1.5,9,9,1,77
1.5,9,9,2,77
1.5,9,9,3,77
1.5,9,9,4,78
1.5,9,9,5,78
1.5,9,9,6,78
1.5,9,9,7,78
1.5,9,9,8,79
1.5,9,9,9,79
1.5,9,9,10,79
1.5,9,9,11,79
1.5,9,9,12,80
1.5,9,9,13,80
1.5,9,9,14,80
1.5,9,9,15,80
1.5,9,10,0,77
1.5,9,10,1,77
1.5,9,10,2,77
1.5,9,10,3,78
1.5,9,10,4,78
1.5,9,10,5,78
1.5,9,10,6,78
1.5,9,10,7,79
1.5,9,10,8,79
1.5,9,10,9,79
1.5,9,10,10,79
1.5,9,10,11,80
1.5,9,10,12,80
1.5,9,10,13,80
1.5,9,10,14,80
1.5,9,10,15,81
1.5,9,11,0,77
1.5,9,11,1,77
1.5,9,11,2,78
1.5,9,11,3,78
1.5,9,11,4,78
1.5,9,11,5,78
1.5,9,11,6,79
1.5,9,11,7,79
1.5,9,11,8,79
1.5,9,11,9,79
1.5,9,11,10,80
1.5,9,11,11,80
1.5,9,11,12,80
1.5,9,11,13,80
1.5,9,11,14,81
1.5,9,11,15,81
1.5,9,12,0,77
1.5,9,12,1,78
1.5,9,12,2,78
1.5,9,12,3,78
1.5,9,12,4,78
1.5,9,12,5,79
1.5,9,12,6,79
1.5,9,12,7,79
1.5,9,12,8,79
1.5,9,12,9,80
1.5,9,12,10,80
1.5,9,12,11,80
1.5,9,12,12,80
1.5,9,12,13,81
1.5,9,12,14,81
1.5,9,12,15,81
1.5,9,13,0,78
1.5,9,13,1,78
1.5,9,13,2,78
1.5,9,13,3,78
1.5,9,13,4,79
1.5,9,13,5,79
1.5,9,13,6,79
1.5,9,13,7,79
1.5,9,13,8,80
1.5,9,13,9,80
1.5,9,13,10,80
1.5,9,13,11,80
1.5,9,13,12,81
1.5,9,13,13,81
1.5,9,13,14,81
1.5,9,13,15,81
1.5,9,14,0,78
1.5,9,14,1,78
1.5,9,14,2,78
1.5,9,14,3,79
1.5,9,14,4,79
1.5,9,14,5,79
1.5,9,14,6,79
1.5,9,14,7,80
1.5,9,14,8,80
1.5,9,14,9,80
1.5,9,14,10,80
1.5,9,14,11,81
1.5,9,14,12,81
1.5,9,14,13,81
1.5,9,14,14,81
1.5,9,14,15,82
1.5,9,15,0,78
1.5,9,15,1,78
1.5,9,15,2,79
1.5,9,15,3,79
1.5,9,15,4,79
1.5,9,15,5,79
1.5,9,15,6,80
1.5,9,15,7,80
1.5,9,15,8,80
1.5,9,15,9,80
1.5,9,15,10,81
1.5,9,15,11,81
1.5,9,15,12,81
1.5,9,15,13,81
1.5,9,15,14,82
1.5,9,15,15,82
1.5,10,0,0,75
1.5,10,0,1,75
1.5,10,0,2,75
1.5,10,0,3,75
1.5,10,0,4,76
1.5,10,0,5,76
1.5,10,0,6,76
1.5,10,0,7,76
1.5,10,0,8,77
1.5,10,0,9,77
1.5,10,0,10,77
1.5,10,0,11,77
1.5,10,0,12,78
1.5,10,0,13,78
1.5,10,0,14,78
1.5,10,0,15,78
1.5,10,1,0,75
1.5,10,1,1,75
1.5,10,1,2,75
1.5,10,1,3,76
1.5,10,1,4,76
1.5,10,1,5,76
1.5,10,1,6,76
1.5,10,1,7,77
1.5,10,1,8,77
1.5,10,1,9,77
1.5,10,1,10,77
1.5,10,1,11,78
1.5,10,1,12,78
1.5,10,1,13,78
1.5,10,1,14,78
1.5,10,1,15,79
1.5,10,2,0,75
1.5,10,2,1,75
1.5,10,2,2,76
1.5,10,2,3,76
1.5,10,2,4,76
1.5,10,2,5,76
1.5,10,2,6,77
1.5,10,2,7,77
1.5,10,2,8,77
1.5,10,2,9,77
1.5,10,2,10,78
1.5,10,2,11,78
1.5,10,2,12,78
1.5,10,2,13,78
1.5,10,2,14,79
1.5,10,2,15,79
1.5,10,3,0,75
1.5,10,3,1,76
1.5,10,3,2,76
1.5,10,3,3,76
1.5,10,3,4,76
1.5,10,3,5,77
1.5,10,3,6,77
1.5,10,3,7,77
1.5,10,3,8,77
1.5,10,3,9,78
1.5,10,3,10,78
1.5,10,3,11,78
1.5,10,3,12,78
1.5,10,3,13,79
1.5,10,3,14,79
1.5,10,3,15,79
1.5,10,4,0,76
1.5,10,4,1,76
1.5,10,4,2,76
1.5,10,4,3,76
1.5,10,4,4,77
1.5,10,4,5,77
1.5,10,4,6,77
1.5,10,4,7,77
1.5,10,4,8,78
1.5,10,4,9,78
1.5,10,4,10,78
1.5,10,4,11,78
1.5,10,4,12,79
1.5,10,4,13,79
1.5,10,4,14,79
1.5,10,4,15,79
1.5,10,5,0,76
1.5,10,5,1,76
1.5,10,5,2,76
1.5,10,5,3,77
1.5,10,5,4,77
1.5,10,5,5,77
1.5,10,5,6,77
1.5,10,5,7,78
1.5,10,5,8,78
1.5,10,5,9,78
1.5,10,5,10,78
1.5,10,5,11,79
1.5,10,5,12,79
1.5,10,5,13,79
1.5,10,5,14,79
1.5,10,5,15,80
1.5,10,6,0,76
1.5,10,6,1,76
1.5,10,6,2,77
1.5,10,6,3,77
1.5,10,6,4,77
1.5,10,6,5,77
1.5,10,6,6,78
1.5,10,6,7,78
1.5,10,6,8,78
1.5,10,6,9,78
1.5,10,6,10,79
1.5,10,6,11,79
1.5,10,6,12,79
1.5,10,6,13,79
1.5,10,6,14,80
1.5,10,6,15,80
1.5,10,7,0,76
1.5,10,7,1,77
1.5,10,7,2,77
1.5,10,7,3,77
1.5,10,7,4,77
1.5,10,7,5,78
1.5,10,7,6,78
1.5,10,7,7,78
1.5,10,7,8,78
1.5,10,7,9,79
1.5,10,7,10,79
1.5,10,7,11,79
1.5,10,7,12,79
1.5,10,7,13,80
1.5,10,7,14,80
1.5,10,7,15,80
1.5,10,8,0,77
1.5,10,8,1,77
1.5,10,8,2,77
1.5,10,8,3,77
1.5,10,8,4,78
1.5,10,8,5,78
1.5,10,8,6,78
1.5,10,8,7,78
1.5,10,8,8,79
1.5,10,8,9,79
1.5,10,8,10,79
1.5,10,8,11,79
1.5,10,8,12,80
1.5,10,8,13,80
1.5,10,8,14,80
1.5,10,8,15,80
1.5,10,9,0,77
1.5,10,9,1,77
1.5,10,9,2,77
1.5,10,9,3,78
1.5,10,9,4,78
1.5,10,9,5,78
1.5,10,9,6,78
1.5,10,9,7,79
1.5,10,9,8,79
1.5,10,9,9,79
1.5,10,9,10,79
1.5,10,9,11,80
1.5,10,9,12,80
1.5,10,9,13,80
1.5,10,9,14,80
1.5,10,9,15,81
1.5,10,10,0,77
1.5,10,10,1,77
1.5,10,10,2,78
1.5,10,10,3,78
1.5,10,10,4,78
1.5,10,10,5,78
1.5,10,10,6,79
1.5,10,10,7,79
1.5,10,10,8,79
1.5,10,10,9,79
1.5,10,10,10,80
1.5,10,10,11,80
1.5,10,10,12,80
1.5,10,10,13,80
1.5,10,10,14,81
1.5,10,10,15,81
1.5,10,11,0,77
1.5,10,11,1,78
1.5,10,11,2,78
1.5,10,11,3,78
1.5,10,11,4,78
1.5,10,11,5,79
1.5,10,11,6,79
1.5,10,11,7,79
1.5,10,11,8,79
1.5,10,11,9,80
1.5,10,11,10,80
1.5,10,11,11,80
1.5,10,11,12,80
1.5,10,11,13,81
1.5,10,11,14,81
1.5,10,11,15,81
1.5,10,12,0,78
1.5,10,12,1,78
1.5,10,12,2,78
1.5,10,12,3,78
1.5,10,12,4,79
1.5,10,12,5,79
1.5,10,12,6,79
1.5,10,12,7,79
1.5,10,12,8,80
1.5,10,12,9,80
1.5,10,12,10,80
1.5,10,12,11,80
1.5,10,12,12,81
1.5,10,12,13,81
1.5,10,12,14,81
1.5,10,12,15,81
1.5,10,13,0,78
1.5,10,13,1,78
1.5,10,13,2,78
1.5,10,13,3,79
1.5,10,13,4,79
1.5,10,13,5,79
1.5,10,13,6,79
1.5,10,13,7,80
1.5,10,13,8,80
1.5,10,13,9,80
1.5,10,13,10,80
1.5,10,13,11,81
1.5,10,13,12,81
1.5,10,13,13,81
1.5,10,13,14,81
1.5,10,13,15,82
1.5,10,14,0,78
1.5,10,14,1,78
1.5,10,14,2,79
1.5,10,14,3,79
1.5,10,14,4,79
1.5,10,14,5,79
1.5,10,14,6,80
1.5,10,14,7,80
1.5,10,14,8,80
1.5,10,14,9,80
1.5,10,14,10,81
1.5,10,14,11,81
1.5,10,14,12,81
1.5,10,14,13,81
1.5,10,14,14,82
1.5,10,14,15,82
1.5,10,15,0,78
1.5,10,15,1,79
1.5,10,15,2,79
1.5,10,15,3,79
1.5,10,15,4,79
1.5,10,15,5,80
1.5,10,15,6,80
1.5,10,15,7,80
1.5,10,15,8,80
1.5,10,15,9,81
1.5,10,15,10,81
1.5,10,15,11,81
1.5,10,15,12,81
1.5,10,15,13,82
1.5,10,15,14,82
1.5,10,15,15,82
1.5,11,0,0,75
1.5,11,0,1,75
1.5,11,0,2,75
1.5,11,0,3,76
1.5,11,0,4,76
1.5,11,0,5,76
1.5,11,0,6,76
1.5,11,0,7,77
1.5,11,0,8,77
1.5,11,0,9,77
1.5,11,0,10,77
1.5,11,0,11,78
1.5,11,0,12,78
1.5,11,0,13,78
1.5,11,0,14,78
1.5,11,0,15,79
1.5,11,1,0,75
1.5,11,1,1,75
1.5,11,1,2,76
1.5,11,1,3,76
1.5,11,1,4,76
1.5,11,1,5,76
1.5,11,1,6,77
1.5,11,1,7,77
1.5,11,1,8,77
1.5,11,1,9,77
1.5,11,1,10,78
1.5,11,1,11,78
1.5,11,1,12,78
1.5,11,1,13,78
1.5,11,1,14,79
1.5,11,1,15,79
1.5,11,2,0,75
1.5,11,2,1,76
1.5,11,2,2,76
1.5,11,2,3,76
1.5,11,2,4,76
1.5,11,2,5,77
1.5,11,2,6,77
1.5,11,2,7,77
1.5,11,2,8,77
1.5,11,2,9,78
1.5,11,2,10,78
1.5,11,2,11,78
1.5,11,2,12,78
1.5,11,2,13,79
1.5,11,2,14,79
1.5,11,2,15,79
1.5,11,3,0,76
1.5,11,3,1,76
1.5,11,3,2,76
1.5,11,3,3,76
1.5,11,3,4,77
1.5,11,3,5,77
1.5,11,3,6,77
1.5,11,3,7,77
1.5,11,3,8,78
1.5,11,3,9,78
1.5,11,3,10,78
1.5,11,3,11,78
1.5,11,3,12,79
1.5,11,3,13,79
1.5,11,3,14,79
1.5,11,3,15,79
1.5,11,4,0,76
1.5,11,4,1,76
1.5,11,4,2,76
1.5,11,4,3,77
1.5,11,4,4,77
1.5,11,4,5,77
1.5,11,4,6,77
1.5,11,4,7,78
1.5,11,4,8,78
1.5,11,4,9,78
1.5,11,4,10,78
1.5,11,4,11,79
1.5,11,4,12,79
1.5,11,4,13,79
1.5,11,4,14,79
1.5,11,4,15,80
1.5,11,5,0,76
1.5,11,5,1,76
1.5,11,5,2,77
1.5,11,5,3,77
1.5,11,5,4,77
1.5,11,5,5,77
1.5,11,5,6,78
1.5,11,5,7,78
1.5,11,5,8,78
1.5,11,5,9,78
1.5,11,5,10,79
1.5,11,5,11,79
1.5,11,5,12,79
1.5,11,5,13,79
1.5,11,5,14,80
1.5,11,5,15,80
1.5,11,6,0,76
1.5,11,6,1,77
1.5,11,6,2,77
1.5,11,6,3,77
1.5,11,6,4,77
1.5,11,6,5,78
1.5,11,6,6,78
1.5,11,6,7,78
1.5,11,6,8,78
1.5,11,6,9,79
1.5,11,6,10,79
1.5,11,6,11,79
1.5,11,6,12,79
1.5,11,6,13,80
1.5,11,6,14,80
1.5,11,6,15,80
1.5,11,7,0,77
1.5,11,7,1,77
1.5,11,7,2,77
1.5,11,7,3,77
1.5,11,7,4,78
1.5,11,7,5,78
1.5,11,7,6,78
1.5,11,7,7,78
1.5,11,7,8,79
1.5,11,7,9,79
1.5,11,7,10,79
1.5,11,7,11,79
1.5,11,7,12,80
1.5,11,7,13,80
1.5,11,7,14,80
1.5,11,7,15,80
1.5,11,8,0,77
1.5,11,8,1,77
1.5,11,8,2,77
1.5,11,8,3,78
1.5,11,8,4,78
1.5,11,8,5,78
1.5,11,8,6,78
1.5,11,8,7,79
1.5,11,8,8,79
1.5,11,8,9,79
1.5,11,8,10,79
1.5,11,8,11,80
1.5,11,8,12,80
1.5,11,8,13,80
1.5,11,8,14,80
1.5,11,8,15,81
1.5,11,9,0,77
1.5,11,9,1,77
1.5,11,9,2,78
1.5,11,9,3,78
1.5,11,9,4,78
1.5,11,9,5,78
1.5,11,9,6,79
1.5,11,9,7,79
1.5,11,9,8,79
1.5,11,9,9,79
1.5,11,9,10,80
1.5,11,9,11,80
1.5,11,9,12,80
1.5,11,9,13,80
1.5,11,9,14,81
1.5,11,9,15,81
1.5,11,10,0,77
1.5,11,10,1,78
1.5,11,10,2,78
1.5,11,10,3,78
1.5,11,10,4,78
1.5,11,10,5,79
1.5,11,10,6,79
1.5,11,10,7,79
1.5,11,10,8,79
1.5,11,10,9,80
1.5,11,10,10,80
1.5,11,10,11,80
1.5,11,10,12,80
1.5,11,10,13,81
1.5,11,10,14,81
1.5,11,10,15,81
1.5,11,11,0,78
1.5,11,11,1,78
1.5,11,11,2,78
1.5,11,11,3,78
1.5,11,11,4,79
1.5,11,11,5,79
1.5,11,11,6,79
1.5,11,11,7,79
1.5,11,11,8,80
1.5,11,11,9,80
1.5,11,11,10,80
1.5,11,11,11,80
1.5,11,11,12,81
1.5,11,11,13,81
1.5,11,11,14,81
1.5,11,11,15,81
1.5,11,12,0,78
1.5,11,12,1,78
1.5,11,12,2,78
1.5,11,12,3,79
1.5,11,12,4,79
1.5,11,12,5,79
1.5,11,12,6,79
1.5,11,12,7,80
1.5,11,12,8,80
1.5,11,12,9,80
1.5,11,12,10,80
1.5,11,12,11,81
1.5,11,12,12,81
1.5,11,12,13,81
1.5,11,12,14,81
1.5,11,12,15,82
1.5,11,13,0,78
1.5,11,13,1,78
1.5,11,13,2,79
1.5,11,13,3,79
1.5,11,13,4,79
1.5,11,13,5,79
1.5,11,13,6,80
1.5,11,13,7,80
1.5,11,13,8,80
1.5,11,13,9,80
1.5,11,13,10,81
1.5,11,13,11,81
1.5,11,13,12,81
1.5,11,13,13,81
1.5,11,13,14,82
1.5,11,13,15,82
1.5,11,14,0,78
1.5,11,14,1,79
1.5,11,14,2,79
1.5,11,14,3,79
1.5,11,14,4,79
1.5,11,14,5,80
1.5,11,14,6,80
1.5,11,14,7,80
1.5,11,14,8,80
1.5,11,14,9,81
1.5,11,14,10,81
1.5,11,14,11,81
1.5,11,14,12,81
1.5,11,14,13,82
1.5,11,14,14,82
1.5,11,14,15,82
1.5,11,15,0,79
1.5,11,15,1,79
1.5,11,15,2,79
1.5,11,15,3,79
1.5,11,15,4,80
1.5,11,15,5,80
1.5,11,15,6,80
1.5,11,15,7,80
1.5,11,15,8,81
1.5,11,15,9,81
1.5,11,15,10,81
1.5,11,15,11,81
1.5,11,15,12,82
1.5,11,15,13,82
1.5,11,15,14,82
1.5,11,15,15,82
1.5,12,0,0,75
1.5,12,0,1,76
1.5,12,0,2,76
1.5,12,0,3,76
1.5,12,0,4,76
1.5,12,0,5,76
1.5,12,0,6,77
1.5,12,0,7,77
1.5,12,0,8,77
1.5,12,0,9,77
1.5,12,0,10,78
1.5,12,0,11,78
1.5,12,0,12,78
1.5,12,0,13,78
1.5,12,0,14,79
1.5,12,0,15,79
1.5,12,1,0,76
1.5,12,1,1,76
1.5,12,1,2,76
1.5,12,1,3,76
1.5,12,1,4,76
1.5,12,1,5,77
1.5,12,1,6,77
1.5,12,1,7,77
1.5,12,1,8,77
1.5,12,1,9,78
1.5,12,1,10,78
1.5,12,1,11,78
1.5,12,1,12,78
1.5,12,1,13,79
1.5,12,1,14,79
1.5,12,1,15,79
1.5,12,2,0,76
1.5,12,2,1,76
1.5,12,2,2,76
1.5,12,2,3,77
1.5,12,2,4,77
1.5,12,2,5,77
1.5,12,2,6,77
1.5,12,2,7,77
1.5,12,2,8,78
1.5,12,2,9,78
1.5,12,2,10,78
1.5,12,2,11,78
1.5,12,2,12,79
1.5,12,2,13,79
1.5,12,2,14,79
1.5,12,2,15,79
1.5,12,3,0,76
1.5,12,3,1,76
1.5,12,3,2,77
1.5,12,3,3,77
1.5,12,3,4,77
1.5,12,3,5,77
1.5,12,3,6,77
1.5,12,3,7,78
1.5,12,3,8,78
1.5,12,3,9,78
1.5,12,3,10,78
1.5,12,3,11,79
1.5,12,3,12,79
1.5,12,3,13,79
1.5,12,3,14,79
1.5,12,3,15,80
1.5,12,4,0,76
1.5,12,4,1,77
1.5,12,4,2,77
1.5,12,4,3,77
1.5,12,4,4,77
1.5,12,4,5,78
1.5,12,4,6,78
1.5,12,4,7,78
1.5,12,4,8,78
1.5,12,4,9,78
1.5,12,4,10,79
1.5,12,4,11,79
1.5,12,4,12,79
1.5,12,4,13,79
1.5,12,4,14,80
1.5,12,4,15,80
1.5,12,5,0,77
1.5,12,5,1,77
1.5,12,5,2,77
1.5,12,5,3,77
1.5,12,5,4,78
1.5,12,5,5,78
1.5,12,5,6,78
1.5,12,5,7,78
1.5,12,5,8,78
1.5,12,5,9,79
1.5,12,5,10,79
1.5,12,5,11,79
1.5,12,5,12,79
1.5,12,5,13,80
1.5,12,5,14,80
1.5,12,5,15,80
1.5,12,6,0,77
1.5,12,6,1,77
1.5,12,6,2,77
1.5,12,6,3,78
1.5,12,6,4,78
1.5,12,6,5,78
1.5,12,6,6,78
1.5,12,6,7,79
1.5,12,6,8,79
1.5,12,6,9,79
1.5,12,6,10,79
1.5,12,6,11,79
1.5,12,6,12,80
1.5,12,6,13,80
1.5,12,6,14,80
1.5,12,6,15,80
1.5,12,7,0,77
1.5,12,7,1,77
1.5,12,7,2,78
1.5,12,7,3,78
1.5,12,7,4,78
1.5,12,7,5,78
1.5,12,7,6,79
1.5,12,7,7,79
1.5,12,7,8,79
1.5,12,7,9,79
1.5,12,7,10,79
1.5,12,7,11,80
1.5,12,7,12,80
1.5,12,7,13,80
1.5,12,7,14,80
1.5,12,7,15,81
1.5,12,8,0,77
1.5,12,8,1,78
1.5,12,8,2,78
1.5,12,8,3,78
1.5,12,8,4,78
1.5,12,8,5,79
1.5,12,8,6,79
1.5,12,8,7,79
1.5,12,8,8,79
1.5,12,8,9,79
1.5,12,8,10,80
1.5,12,8,11,80
1.5,12,8,12,80
1.5,12,8,13,80
1.5,12,8,14,81
1.5,12,8,15,81
1.5,12,9,0,78
1.5,12,9,1,78
1.5,12,9,2,78
1.5,12,9,3,78
1.5,12,9,4,79
1.5,12,9,5,79
1.5,12,9,6,79
1.5,12,9,7,79
1.5,12,9,8,80
1.5,12,9,9,80
1.5,12,9,10,80
1.5,12,9,11,80
1.5,12,9,12,80
1.5,12,9,13,81
1.5,12,9,14,81
1.5,12,9,15,81
1.5,12,10,0,78
1.5,12,10,1,78
1.5,12,10,2,78
1.5,12,10,3,79
1.5,12,10,4,79
1.5,12,10,5,79
1.5,12,10,6,79
1.5,12,10,7,80
1.5,12,10,8,80
1.5,12,10,9,80
1.5,12,10,10,80
1.5,12,10,11,80
1.5,12,10,12,81
1.5,12,10,13,81
1.5,12,10,14,81
1.5,12,10,15,81
1.5,12,11,0,78
1.5,12,11,1,78
1.5,12,11,2,79
1.5,12,11,3,79
1.5,12,11,4,79
1.5,12,11,5,79
1.5,12,11,6,80
1.5,12,11,7,80
1.5,12,11,8,80
1.5,12,11,9,80
1.5,12,11,10,81
1.5,12,11,11,81
1.5,12,11,12,81
1.5,12,11,13,81
1.5,12,11,14,81
1.5,12,11,15,82
1.5,12,12,0,78
1.5,12,12,1,79
1.5,12,12,2,79
1.5,12,12,3,79
1.5,12,12,4,79
1.5,12,12,5,80
1.5,12,12,6,80
1.5,12,12,7,80
1.5,12,12,8,80
1.5,12,12,9,81
1.5,12,12,10,81
1.5,12,12,11,81
1.5,12,12,12,81
1.5,12,12,13,81
1.5,12,12,14,82
1.5,12,12,15,82
1.5,12,13,0,79
1.5,12,13,1,79
1.5,12,13,2,79
1.5,12,13,3,79
1.5,12,13,4,80
1.5,12,13,5,80
1.5,12,13,6,80
1.5,12,13,7,80
1.5,12,13,8,81
1.5,12,13,9,81
1.5,12,13,10,81
1.5,12,13,11,81
1.5,12,13,12,82
1.5,12,13,13,82
1.5,12,13,14,82
1.5,12,13,15,82
1.5,12,14,0,79
1.5,12,14,1,79
1.5,12,14,2,79
1.5,12,14,3,80
1.5,12,14,4,80
1.5,12,14,5,80
1.5,12,14,6,80
1.5,12,14,7,81
1.5,12,14,8,81
1.5,12,14,9,81
1.5,12,14,10,81
1.5,12,14,11,82
1.5,12,14,12,82
1.5,12,14,13,82
1.5,12,14,14,82
1.5,12,14,15,82
1.5,12,15,0,79
1.5,12,15,1,79
1.5,12,15,2,79
1.5,12,15,3,80
1.5,12,15,4,80
1.5,12,15,5,80
1.5,12,15,6,81
1.5,12,15,7,81
1.5,12,15,8,81
1.5,12,15,9,81
1.5,12,15,10,82
1.5,12,15,11,82
1.5,12,15,12,82
1.5,12,15,13,82
1.5,12,15,14,83
1.5,12,15,15,83
1.5,13,0,0,76
1.5,13,0,1,76
1.5,13,0,2,76
1.5,13,0,3,76
1.5,13,0,4,77
1.5,13,0,5,77
1.5,13,0,6,77
1.5,13,0,7,77
1.5,13,0,8,77
1.5,13,0,9,78
1.5,13,0,10,78
1.5,13,0,11,78
1.5,13,0,12,78
1.5,13,0,13,79
1.5,13,0,14,79
1.5,13,0,15,79
1.5,13,1,0,76
1.5,13,1,1,76
1.5,13,1,2,76
1.5,13,1,3,77
1.5,13,1,4,77
1.5,13,1,5,77
1.5,13,1,6,77
1.5,13,1,7,78
1.5,13,1,8,78
1.5,13,1,9,78
1.5,13,1,10,78
1.5,13,1,11,78
1.5,13,1,12,79
1.5,13,1,13,79
1.5,13,1,14,79
1.5,13,1,15,79
1.5,13,2,0,76
1.5,13,2,1,76
1.5,13,2,2,77
1.5,13,2,3,77
1.5,13,2,4,77
1.5,13,2,5,77
1.5,13,2,6,78
1.5,13,2,7,78
1.5,13,2,8,78
1.5,13,2,9,78
1.5,13,2,10,78
1.5,13,2,11,79
1.5,13,2,12,79
1.5,13,2,13,79
1.5,13,2,14,79
1.5,13,2,15,80
1.5,13,3,0,76
1.5,13,3,1,77
1.5,13,3,2,77
1.5,13,3,3,77
1.5,13,3,4,77
1.5,13,3,5,78
1.5,13,3,6,78
1.5,13,3,7,78
1.5,13,3,8,78
1.5,13,3,9,79
1.5,13,3,10,79
1.5,13,3,11,79
1.5,13,3,12,79
1.5,13,3,13,79
1.5,13,3,14,80
1.5,13,3,15,80
1.5,13,4,0,77
1.5,13,4,1,77
1.5,13,4,2,77
1.5,13,4,3,77
1.5,13,4,4,78
1.5,13,4,5,78
1.5,13,4,6,78
1.5,13,4,7,78
1.5,13,4,8,79
1.5,13,4,9,79
1.5,13,4,10,79
1.5,13,4,11,79
1.5,13,4,12,79
1.5,13,4,13,80
1.5,13,4,14,80
1.5,13,4,15,80
1.5,13,5,0,77
1.5,13,5,1,77
1.5,13,5,2,77
1.5,13,5,3,78
1.5,13,5,4,78
1.5,13,5,5,78
1.5,13,5,6,78
1.5,13,5,7,79
1.5,13,5,8,79
1.5,13,5,9,79
1.5,13,5,10,79
1.5,13,5,11,80
1.5,13,5,12,80
1.5,13,5,13,80
1.5,13,5,14,80
1.5,13,5,15,80
1.5,13,6,0,77
1.5,13,6,1,77
1.5,13,6,2,78
1.5,13,6,3,78
1.5,13,6,4,78
1.5,13,6,5,78
1.5,13,6,6,79
1.5,13,6,7,79
1.5,13,6,8,79
1.5,13,6,9,79
1.5,13,6,10,80
1.5,13,6,11,80
1.5,13,6,12,80
1.5,13,6,13,80
1.5,13,6,14,80
1.5,13,6,15,81
1.5,13,7,0,77
1.5,13,7,1,78
1.5,13,7,2,78
1.5,13,7,3,78
1.5,13,7,4,78
1.5,13,7,5,79
1.5,13,7,6,79
1.5,13,7,7,79
1.5,13,7,8,79
1.5,13,7,9,80
1.5,13,7,10,80
1.5,13,7,11,80
1.5,13,7,12,80
1.5,13,7,13,81
1.5,13,7,14,81
1.5,13,7,15,81
1.5,13,8,0,78
1.5,13,8,1,78
1.5,13,8,2,78
1.5,13,8,3,78
1.5,13,8,4,79
1.5,13,8,5,79
1.5,13,8,6,79
1.5,13,8,7,79
1.5,13,8,8,80
1.5,13,8,9,80
1.5,13,8,10,80
1.5,13,8,11,80
1.5,13,8,12,81
1.5,13,8,13,81
1.5,13,8,14,81
1.5,13,8,15,81
1.5,13,9,0,78
1.5,13,9,1,78
1.5,13,9,2,78
1.5,13,9,3,79
1.5,13,9,4,79
1.5,13,9,5,79
1.5,13,9,6,79
1.5,13,9,7,80
1.5,13,9,8,80
1.5,13,9,9,80
1.5,13,9,10,80
1.5,13,9,11,81
1.5,13,9,12,81
1.5,13,9,13,81
1.5,13,9,14,81
1.5,13,9,15,82
1.5,13,10,0,78
1.5,13,10,1,78
1.5,13,10,2,79
1.5,13,10,3,79
1.5,13,10,4,79
1.5,13,10,5,79
1.5,13,10,6,80
1.5,13,10,7,80
1.5,13,10,8,80
1.5,13,10,9,80
1.5,13,10,10,81
1.5,13,10,11,81
1.5,13,10,12,81
1.5,13,10,13,81
1.5,13,10,14,82
1.5,13,10,15,82
1.5,13,11,0,78
1.5,13,11,1,79
1.5,13,11,2,79
1.5,13,11,3,79
1.5,13,11,4,79
1.5,13,11,5,80
1.5,13,11,6,80
1.5,13,11,7,80
1.5,13,11,8,80
1.5,13,11,9,81
1.5,13,11,10,81
1.5,13,11,11,81
1.5,13,11,12,81
1.5,13,11,13,82
1.5,13,11,14,82
1.5,13,11,15,82
1.5,13,12,0,79
1.5,13,12,1,79
1.5,13,12,2,79
1.5,13,12,3,79
1.5,13,12,4,80
1.5,13,12,5,80
1.5,13,12,6,80
1.5,13,12,7,80
1.5,13,12,8,81
1.5,13,12,9,81
1.5,13,12,10,81
1.5,13,12,11,81
1.5,13,12,12,82
1.5,13,12,13,82
1.5,13,12,14,82
1.5,13,12,15,82
1.5,13,13,0,79
1.5,13,13,1,79
1.5,13,13,2,79
1.5,13,13,3,80
1.5,13,13,4,80
1.5,13,13,5,80
1.5,13,13,6,80
1.5,13,13,7,81
1.5,13,13,8,81
1.5,13,13,9,81
1.5,13,13,10,81
1.5,13,13,11,82
1.5,13,13,12,82
1.5,13,13,13,82
1.5,13,13,14,82
1.5,13,13,15,83
1.5,13,14,0,79
1.5,13,14,1,79
1.5,13,14,2,80
1.5,13,14,3,80
1.5,13,14,4,80
1.5,13,14,5,80
1.5,13,14,6,81
1.5,13,14,7,81
1.5,13,14,8,81
1.5,13,14,9,81
1.5,13,14,10,82
1.5,13,14,11,82
1.5,13,14,12,82
1.5,13,14,13,82
1.5,13,14,14,83
1.5,13,14,15,83
1.5,13,15,0,79
1.5,13,15,1,80
1.5,13,15,2,80
1.5,13,15,3,80
1.5,13,15,4,80
1.5,13,15,5,81
1.5,13,15,6,81
1.5,13,15,7,81
1.5,13,15,8,81
1.5,13,15,9,82
1.5,13,15,10,82
1.5,13,15,11,82
1.5,13,15,12,82
1.5,13,15,13,83
1.5,13,15,14,83
1.5,13,15,15,83
1.5,14,0,0,76
1.5,14,0,1,76
1.5,14,0,2,76
1.5,14,0,3,77
1.5,14,0,4,77
1.5,14,0,5,77
1.5,14,0,6,77
1.5,14,0,7,78
1.5,14,0,8,78
1.5,14,0,9,78
1.5,14,0,10,78
1.5,14,0,11,78
1.5,14,0,12,79
1.5,14,0,13,79
1.5,14,0,14,79
1.5,14,0,15,79
1.5,14,1,0,76
1.5,14,1,1,76
1.5,14,1,2,77
1.5,14,1,3,77
1.5,14,1,4,77
1.5,14,1,5,77
1.5,14,1,6,78
1.5,14,1,7,78
1.5,14,1,8,78
1.5,14,1,9,78
1.5,14,1,10,79
1.5,14,1,11,79
1.5,14,1,12,79
1.5,14,1,13,79
1.5,14,1,14,79
1.5,14,1,15,80
1.5,14,2,0,76
1.5,14,2,1,77
1.5,14,2,2,77
1.5,14,2,3,77
1.5,14,2,4,77
1.5,14,2,5,78
1.5,14,2,6,78
1.5,14,2,7,78
1.5,14,2,8,78
1.5,14,2,9,79
1.5,14,2,10,79
1.5,14,2,11,79
1.5,14,2,12,79
1.5,14,2,13,79
1.5,14,2,14,80
1.5,14,2,15,80
1.5,14,3,0,77
1.5,14,3,1,77
1.5,14,3,2,77
1.5,14,3,3,77
1.5,14,3,4,78
1.5,14,3,5,78
1.5,14,3,6,78
1.5,14,3,7,78
1.5,14,3,8,79
1.5,14,3,9,79
1.5,14,3,10,79
1.5,14,3,11,79
1.5,14,3,12,80
1.5,14,3,13,80
1.5,14,3,14,80
1.5,14,3,15,80
1.5,14,4,0,77
1.5,14,4,1,77
1.5,14,4,2,77
1.5,14,4,3,78
1.5,14,4,4,78
1.5,14,4,5,78
1.5,14,4,6,78
1.5,14,4,7,79
1.5,14,4,8,79
1.5,14,4,9,79
1.5,14,4,10,79
1.5,14,4,11,80
1.5,14,4,12,80
1.5,14,4,13,80
1.5,14,4,14,80
1.5,14,4,15,80
1.5,14,5,0,77
1.5,14,5,1,77
1.5,14,5,2,78
1.5,14,5,3,78
1.5,14,5,4,78
1.5,14,5,5,78
1.5,14,5,6,79
1.5,14,5,7,79
1.5,14,5,8,79
1.5,14,5,9,79
1.5,14,5,10,80
1.5,14,5,11,80
1.5,14,5,12,80
1.5,14,5,13,80
1.5,14,5,14,81
1.5,14,5,15,81
1.5,14,6,0,77
1.5,14,6,1,78
1.5,14,6,2,78
1.5,14,6,3,78
1.5,14,6,4,78
1.5,14,6,5,79
1.5,14,6,6,79
1.5,14,6,7,79
1.5,14,6,8,79
1.5,14,6,9,80
1.5,14,6,10,80
1.5,14,6,11,80
1.5,14,6,12,80
1.5,14,6,13,81
1.5,14,6,14,81
1.5,14,6,15,81
1.5,14,7,0,78
1.5,14,7,1,78
1.5,14,7,2,78
1.5,14,7,3,78
1.5,14,7,4,79
1.5,14,7,5,79
1.5,14,7,6,79
1.5,14,7,7,79
1.5,14,7,8,80
1.5,14,7,9,80
1.5,14,7,10,80
1.5,14,7,11,80
1.5,14,7,12,81
1.5,14,7,13,81
1.5,14,7,14,81
1.5,14,7,15,81
1.5,14,8,0,78
1.5,14,8,1,78
1.5,14,8,2,78
1.5,14,8,3,79
1.5,14,8,4,79
1.5,14,8,5,79
1.5,14,8,6,79
1.5,14,8,7,80
1.5,14,8,8,80
1.5,14,8,9,80
1.5,14,8,10,80
1.5,14,8,11,81
1.5,14,8,12,81
1.5,14,8,13,81
1.5,14,8,14,81
1.5,14,8,15,82
1.5,14,9,0,78
1.5,14,9,1,78
1.5,14,9,2,79
1.5,14,9,3,79
1.5,14,9,4,79
1.5,14,9,5,79
1.5,14,9,6,80
1.5,14,9,7,80
1.5,14,9,8,80
1.5,14,9,9,80
1.5,14,9,10,81
1.5,14,9,11,81
1.5,14,9,12,81
1.5,14,9,13,81
1.5,14,9,14,82
1.5,14,9,15,82
1.5,14,10,0,78
1.5,14,10,1,79
1.5,14,10,2,79
1.5,14,10,3,79
1.5,14,10,4,79
1.5,14,10,5,80
1.5,14,10,6,80
1.5,14,10,7,80
1.5,14,10,8,80
1.5,14,10,9,81
1.5,14,10,10,81
1.5,14,10,11,81
1.5,14,10,12,81
1.5,14,10,13,82
1.5,14,10,14,82
1.5,14,10,15,82
1.5,14,11,0,79
1.5,14,11,1,79
1.5,14,11,2,79
1.5,14,11,3,79
1.5,14,11,4,80
1.5,14,11,5,80
1.5,14,11,6,80
1.5,14,11,7,80
1.5,14,11,8,81
1.5,14,11,9,81
1.5,14,11,10,81
1.5,14,11,11,81
1.5,14,11,12,82
1.5,14,11,13,82
1.5,14,11,14,82
1.5,14,11,15,82
1.5,14,12,0,79
1.5,14,12,1,79
1.5,14,12,2,79
1.5,14,12,3,80
1.5,14,12,4,80
1.5,14,12,5,80
1.5,14,12,6,80
1.5,14,12,7,81
1.5,14,12,8,81
1.5,14,12,9,81
1.5,14,12,10,81
1.5,14,12,11,82
1.5,14,12,12,82
1.5,14,12,13,82
1.5,14,12,14,82
1.5,14,12,15,83
1.5,14,13,0,79
1.5,14,13,1,79
1.5,14,13,2,80
1.5,14,13,3,80
1.5,14,13,4,80
1.5,14,13,5,80
1.5,14,13,6,81
1.5,14,13,7,81
1.5,14,13,8,81
1.5,14,13,9,81
1.5,14,13,10,82
1.5,14,13,11,82
1.5,14,13,12,82
1.5,14,13,13,82
1.5,14,13,14,83
1.5,14,13,15,83
1.5,14,14,0,79
1.5,14,14,1,80
1.5,14,14,2,80
1.5,14,14,3,80
1.5,14,14,4,80
1.5,14,14,5,81
1.5,14,14,6,81
1.5,14,14,7,81
1.5,14,14,8,81
1.5,14,14,9,82
1.5,14,14,10,82
1.5,14,14,11,82
1.5,14,14,12,82
1.5,14,14,13,83
1.5,14,14,14,83
1.5,14,14,15,83
1.5,14,15,0,80
1.5,14,15,1,80
1.5,14,15,2,80
1.5,14,15,3,80
1.5,14,15,4,81
1.5,14,15,5,81
1.5,14,15,6,81
1.5,14,15,7,81
1.5,14,15,8,82
1.5,14,15,9,82
1.5,14,15,10,82
1.5,14,15,11,82
1.5,14,15,12,83
1.5,14,15,13,83
1.5,14,15,14,83
1.5,14,15,15,83
1.5,15,0,0,76
1.5,15,0,1,76
1.5,15,0,2,77
1.5,15,0,3,77
1.5,15,0,4,77
1.5,15,0,5,77
1.5,15,0,6,78
1.5,15,0,7,78
1.5,15,0,8,78
1.5,15,0,9,78
1.5,15,0,10,79
1.5,15,0,11,79
1.5,15,0,12,79
1.5,15,0,13,79
1.5,15,0,14,79
1.5,15,0,15,80
1.5,15,1,0,76
1.5,15,1,1,77
1.5,15,1,2,77
1.5,15,1,3,77
1.5,15,1,4,77
1.5,15,1,5,78
1.5,15,1,6,78
1.5,15,1,7,78
1.5,15,1,8,78
1.5,15,1,9,79
1.5,15,1,10,79
1.5,15,1,11,79
1.5,15,1,12,79
1.5,15,1,13,80
1.5,15,1,14,80
1.5,15,1,15,80
1.5,15,2,0,77
1.5,15,2,1,77
1.5,15,2,2,77
1.5,15,2,3,77
1.5,15,2,4,78
1.5,15,2,5,78
1.5,15,2,6,78
1.5,15,2,7,78
1.5,15,2,8,79
1.5,15,2,9,79
1.5,15,2,10,79
1.5,15,2,11,79
1.5,15,2,12,80
1.5,15,2,13,80
1.5,15,2,14,80
1.5,15,2,15,80
1.5,15,3,0,77
1.5,15,3,1,77
1.5,15,3,2,77
1.5,15,3,3,78
1.5,15,3,4,78
1.5,15,3,5,78
1.5,15,3,6,78
1.5,15,3,7,79
1.5,15,3,8,79
1.5,15,3,9,79
1.5,15,3,10,79
1.5,15,3,11,80
1.5,15,3,12,80
1.5,15,3,13,80
1.5,15,3,14,80
1.5,15,3,15,81
1.5,15,4,0,77
1.5,15,4,1,77
1.5,15,4,2,78
1.5,15,4,3,78
1.5,15,4,4,78
1.5,15,4,5,78
1.5,15,4,6,79
1.5,15,4,7,79
1.5,15,4,8,79
1.5,15,4,9,79
1.5,15,4,10,80
1.5,15,4,11,80
1.5,15,4,12,80
1.5,15,4,13,80
1.5,15,4,14,81
1.5,15,4,15,81
1.5,15,5,0,77
1.5,15,5,1,78
1.5,15,5,2,78
1.5,15,5,3,78
1.5,15,5,4,78
1.5,15,5,5,79
1.5,15,5,6,79
1.5,15,5,7,79
1.5,15,5,8,79
1.5,15,5,9,80
1.5,15,5,10,80
1.5,15,5,11,80
1.5,15,5,12,80
1.5,15,5,13,81
1.5,15,5,14,81
1.5,15,5,15,81
1.5,15,6,0,78
1.5,15,6,1,78
1.5,15,6,2,78
1.5,15,6,3,78
1.5,15,6,4,79
1.5,15,6,5,79
1.5,15,6,6,79
1.5,15,6,7,79
1.5,15,6,8,80
1.5,15,6,9,80
1.5,15,6,10,80
1.5,15,6,11,80
1.5,15,6,12,81
1.5,15,6,13,81
1.5,15,6,14,81
1.5,15,6,15,81
1.5,15,7,0,78
1.5,15,7,1,78
1.5,15,7,2,78
1.5,15,7,3,79
1.5,15,7,4,79
1.5,15,7,5,79
1.5,15,7,6,79
1.5,15,7,7,80
1.5,15,7,8,80
1.5,15,7,9,80
1.5,15,7,10,80
1.5,15,7,11,81
1.5,15,7,12,81
1.5,15,7,13,81
1.5,15,7,14,81
1.5,15,7,15,82
1.5,15,8,0,78
1.5,15,8,1,78
1.5,15,8,2,79
1.5,15,8,3,79
1.5,15,8,4,79
1.5,15,8,5,79
1.5,15,8,6,80
1.5,15,8,7,80
1.5,15,8,8,80
1.5,15,8,9,80
1.5,15,8,10,81
1.5,15,8,11,81
1.5,15,8,12,81
1.5,15,8,13,81
1.5,15,8,14,82
1.5,15,8,15,82
1.5,15,9,0,78
1.5,15,9,1,79
1.5,15,9,2,79
1.5,15,9,3,79
1.5,15,9,4,79
1.5,15,9,5,80
1.5,15,9,6,80
1.5,15,9,7,80
1.5,15,9,8,80
1.5,15,9,9,81
1.5,15,9,10,81
1.5,15,9,11,81
1.5,15,9,12,81
1.5,15,9,13,82
1.5,15,9,14,82
1.5,15,9,15,82
1.5,15,10,0,79
1.5,15,10,1,79
1.5,15,10,2,79
1.5,15,10,3,79
1.5,15,10,4,80
1.5,15,10,5,80
1.5,15,10,6,80
1.5,15,10,7,80
1.5,15,10,8,81
1.5,15,10,9,81
1.5,15,10,10,81
1.5,15,10,11,81
1.5,15,10,12,82
1.5,15,10,13,82
1.5,15,10,14,82
1.5,15,10,15,82
1.5,15,11,0,79
1.5,15,11,1,79
1.5,15,11,2,79
1.5,15,11,3,80
1.5,15,11,4,80
1.5,15,11,5,80
1.5,15,11,6,80
1.5,15,11,7,81
1.5,15,11,8,81
1.5,15,11,9,81
1.5,15,11,10,81
1.5,15,11,11,82
1.5,15,11,12,82
1.5,15,11,13,82
1.5,15,11,14,82
1.5,15,11,15,83
1.5,15,12,0,79
1.5,15,12,1,79
1.5,15,12,2,80
1.5,15,12,3,80
1.5,15,12,4,80
1.5,15,12,5,80
1.5,15,12,6,81
1.5,15,12,7,81
1.5,15,12,8,81
1.5,15,12,9,81
1.5,15,12,10,82
1.5,15,12,11,82
1.5,15,12,12,82
1.5,15,12,13,82
1.5,15,12,14,83
1.5,15,12,15,83
1.5,15,13,0,79
1.5,15,13,1,80
1.5,15,13,2,80
1.5,15,13,3,80
1.5,15,13,4,80
1.5,15,13,5,81
1.5,15,13,6,81
1.5,15,13,7,81
1.5,15,13,8,81
1.5,15,13,9,82
1.5,15,13,10,82
1.5,15,13,11,82
1.5,15,13,12,82
1.5,15,13,13,83
1.5,15,13,14,83
1.5,15,13,15,83
1.5,15,14,0,80
1.5,15,14,1,80
1.5,15,14,2,80
1.5,15,14,3,80
1.5,15,14,4,81
1.5,15,14,5,81
1.5,15,14,6,81
1.5,15,14,7,81
1.5,15,14,8,82
1.5,15,14,9,82
1.5,15,14,10,82
1.5,15,14,11,82
1.5,15,14,12,83
1.5,15,14,13,83
1.5,15,14,14,83
1.5,15,14,15,83
1.5,15,15,0,80
1.5,15,15,1,80
1.5,15,15,2,80
1.5,15,15,3,81
1.5,15,15,4,81
1.5,15,15,5,81
1.5,15,15,6,81
1.5,15,15,7,82
1.5,15,15,8,82
1.5,15,15,9,82
1.5,15,15,10,82
1.5,15,15,11,83
1.5,15,15,12,83
1.5,15,15,13,83
1.5,15,15,14,83
1.5,15,15,15,84
2.0,0,0,0,109
2.0,0,0,1,110
2.0,0,0,2,110
2.0,0,0,3,110
2.0,0,0,4,111
2.0,0,0,5,111
2.0,0,0,6,111
2.0,0,0,7,112
2.0,0,0,8,112
2.0,0,0,9,112
2.0,0,0,10,113
2.0,0,0,11,113
2.0,0,0,12,113
2.0,0,0,13,114
2.0,0,0,14,114
2.0,0,0,15,115
2.0,0,1,0,110
2.0,0,1,1,110
2.0,0,1,2,110
2.0,0,1,3,111
2.0,0,1,4,111
2.0,0,1,5,111
2.0,0,1,6,112
2.0,0,1,7,112
2.0,0,1,8,112
2.0,0,1,9,113
2.0,0,1,10,113
2.0,0,1,11,114
2.0,0,1,12,114
2.0,0,1,13,114
2.0,0,1,14,115
2.0,0,1,15,115
2.0,0,2,0,110
2.0,0,2,1,110
2.0,0,2,2,111
2.0,0,2,3,111
2.0,0,2,4,111
2.0,0,2,5,112
2.0,0,2,6,112
2.0,0,2,7,113
2.0,0,2,8,113
2.0,0,2,9,113
2.0,0,2,10,114
2.0,0,2,11,114
2.0,0,2,12,114
2.0,0,2,13,115
2.0,0,2,14,115
2.0,0,2,15,115
2.0,0,3,0,110
2.0,0,3,1,111
2.0,0,3,2,111
2.0,0,3,3,111
2.0,0,3,4,112
2.0,0,3,5,112
2.0,0,3,6,113
2.0,0,3,7,113
2.0,0,3,8,113
2.0,0,3,9,114
2.0,0,3,10,114
2.0,0,3,11,114
2.0,0,3,12,115
2.0,0,3,13,115
2.0,0,3,14,115
2.0,0,3,15,116
2.0,0,4,0,111
2.0,0,4,1,111
2.0,0,4,2,112
2.0,0,4,3,112
2.0,0,4,4,112
2.0,0,4,5,113
2.0,0,4,6,113
2.0,0,4,7,113
2.0,0,4,8,114
2.0,0,4,9,114
2.0,0,4,10,114
2.0,0,4,11,115
2.0,0,4,12,115
2.0,0,4,13,115
2.0,0,4,14,116
2.0,0,4,15,116
2.0,0,5,0,111
2.0,0,5,1,112
2.0,0,5,2,112
2.0,0,5,3,112
2.0,0,5,4,113
2.0,0,5,5,113
2.0,0,5,6,113
2.0,0,5,7,114
2.0,0,5,8,114
2.0,0,5,9,114
2.0,0,5,10,115
2.0,0,5,11,115
2.0,0,5,12,115
2.0,0,5,13,116
2.0,0,5,14,116
2.0,0,5,15,116
2.0,0,6,0,112
2.0,0,6,1,112
2.0,0,6,2,112
2.0,0,6,3,113
2.0,0,6,4,113
2.0,0,6,5,113
2.0,0,6,6,114
2.0,0,6,7,114
2.0,0,6,8,114
2.0,0,6,9,115
2.0,0,6,10,115
2.0,0,6,11,115
2.0,0,6,12,116
2.0,0,6,13,116
2.0,0,6,14,116
2.0,0,6,15,117
2.0,0,7,0,112
2.0,0,7,1,112
2.0,0,7,2,113
2.0,0,7,3,113
2.0,0,7,4,113
2.0,0,7,5,114
2.0,0,7,6,114
2.0,0,7,7,114
2.0,0,7,8,115
2.0,0,7,9,115
2.0,0,7,10,115
2.0,0,7,11,116
2.0,0,7,12,116
2.0,0,7,13,116
2.0,0,7,14,117
2.0,0,7,15,117
2.0,0,8,0,112
2.0,0,8,1,113
2.0,0,8,2,113
2.0,0,8,3,113
2.0,0,8,4,114
2.0,0,8,5,114
2.0,0,8,6,114
2.0,0,8,7,115
2.0,0,8,8,115
2.0,0,8,9,115
2.0,0,8,10,116
2.0,0,8,11,116
2.0,0,8,12,117
2.0,0,8,13,117
2.0,0,8,14,117
2.0,0,8,15,118
2.0,0,9,0,113
2.0,0,9,1,113
2.0,0,9,2,113
2.0,0,9,3,114
2.0,0,9,4,114
2.0,0,9,5,114
2.0,0,9,6,115
2.0,0,9,7,115
2.0,0,9,8,115
2.0,0,9,9,116
2.0,0,9,10,116
2.0,0,9,11,117
2.0,0,9,12,117
2.0,0,9,13,117
2.0,0,9,14,118
2.0,0,9,15,118
2.0,0,10,0,113
2.0,0,10,1,113
2.0,0,10,2,114
2.0,0,10,3,114
2.0,0,10,4,114
2.0,0,10,5,115
2.0,0,10,6,115
2.0,0,10,7,115
2.0,0,10,8,116
2.0,0,10,9,116
2.0,0,10,10,117
2.0,0,10,11,117
2.0,0,10,12,117
2.0,0,10,13,118
2.0,0,10,14,118
2.0,0,10,15,118
2.0,0,11,0,113
2.0,0,11,1,114
2.0,0,11,2,114
2.0,0,11,3,114
2.0,0,11,4,115
2.0,0,11,5,115
2.0,0,11,6,115
2.0,0,11,7,116
2.0,0,11,8,116
2.0,0,11,9,117
2.0,0,11,10,117
2.0,0,11,11,117
2.0,0,11,12,118
2.0,0,11,13,118
2.0,0,11,14,118
2.0,0,11,15,119
2.0,0,12,0,114
2.0,0,12,1,114
2.0,0,12,2,114
2.0,0,12,3,115
2.0,0,12,4,115
2.0,0,12,5,115
2.0,0,12,6,116
2.0,0,12,7,116
2.0,0,12,8,117
2.0,0,12,9,117
2.0,0,12,10,117
2.0,0,12,11,118
2.0,0,12,12,118
2.0,0,12,13,118
2.0,0,12,14,119
2.0,0,12,15,119
2.0,0,13,0,114
2.0,0,13,1,114
2.0,0,13,2,115
2.0,0,13,3,115
2.0,0,13,4,115
2.0,0,13,5,116
2.0,0,13,6,116
2.0,0,13,7,117
2.0,0,13,8,117
2.0,0,13,9,117
2.0,0,13,10,118
2.0,0,13,11,118
2.0,0,13,12,118
2.0,0,13,13,119
2.0,0,13,14,119
2.0,0,13,15,119
2.0,0,14,0,114
2.0,0,14,1,115
2.0,0,14,2,115
2.0,0,14,3,115
2.0,0,14,4,116
2.0,0,14,5,116
2.0,0,14,6,117
2.0,0,14,7,117
2.0,0,14,8,117
2.0,0,14,9,118
2.0,0,14,10,118
2.0,0,14,11,118
2.0,0,14,12,119
2.0,0,14,13,119
2.0,0,14,14,119
2.0,0,14,15,120
2.0,0,15,0,115
2.0,0,15,1,115
2.0,0,15,2,115
2.0,0,15,3,116
2.0,0,15,4,116
2.0,0,15,5,117
2.0,0,15,6,117
2.0,0,15,7,117
2.0,0,15,8,118
2.0,0,15,9,118
2.0,0,15,10,118
2.0,0,15,11,119
2.0,0,15,12,119
2.0,0,15,13,119
2.0,0,15,14,120
2.0,0,15,15,120
2.0,1,0,0,110
2.0,1,0,1,110
2.0,1,0,2,110
2.0,1,0,3,111
2.0,1,0,4,111
2.0,1,0,5,112
2.0,1,0,6,112
2.0,1,0,7,112
2.0,1,0,8,113
2.0,1,0,9,113
2.0,1,0,10,113
2.0,1,0,11,114
2.0,1,0,12,114
2.0,1,0,13,114
2.0,1,0,14,115
2.0,1,0,15,115
2.0,1,1,0,110
2.0,1,1,1,110
2.0,1,1,2,111
2.0,1,1,3,111
2.0,1,1,4,112
2.0,1,1,5,112
2.0,1,1,6,112
2.0,1,1,7,113
2.0,1,1,8,113
2.0,1,1,9,113
2.0,1,1,10,114
2.0,1,1,11,114
2.0,1,1,12,114
2.0,1,1,13,115
2.0,1,1,14,115
2.0,1,1,15,115
2.0,1,2,0,110
2.0,1,2,1,111
2.0,1,2,2,111
2.0,1,2,3,112
2.0,1,2,4,112
2.0,1,2,5,112
2.0,1,2,6,113
2.0,1,2,7,113
2.0,1,2,8,113
2.0,1,2,9,114
2.0,1,2,10,114
2.0,1,2,11,114
2.0,1,2,12,115
2.0,1,2,13,115
2.0,1,2,14,115
2.0,1,2,15,116
2.0,1,3,0,111
2.0,1,3,1,111
2.0,1,3,2,112
2.0,1,3,3,112
2.0,1,3,4,112
2.0,1,3,5,113
2.0,1,3,6,113
2.0,1,3,7,113
2.0,1,3,8,114
2.0,1,3,9,114
2.0,1,3,10,114
2.0,1,3,11,115
2.0,1,3,12,115
2.0,1,3,13,115
2.0,1,3,14,116
2.0,1,3,15,116
2.0,1,4,0,111
2.0,1,4,1,112
2.0,1,4,2,112
2.0,1,4,3,112
2.0,1,4,4,113
2.0,1,4,5,113
2.0,1,4,6,113
2.0,1,4,7,114
2.0,1,4,8,114
2.0,1,4,9,114
2.0,1,4,10,115
2.0,1,4,11,115
2.0,1,4,12,115
2.0,1,4,13,116
2.0,1,4,14,116
2.0,1,4,15,116
2.0,1,5,0,112
2.0,1,5,1,112
2.0,1,5,2,112
2.0,1,5,3,113
2.0,1,5,4,113
2.0,1,5,5,113
2.0,1,5,6,114
2.0,1,5,7,114
2.0,1,5,8,114
2.0,1,5,9,115
2.0,1,5,10,115
2.0,1,5,11,115
2.0,1,5,12,116
2.0,1,5,13,116
2.0,1,5,14,117
2.0,1,5,15,117
2.0,1,6,0,112
2.0,1,6,1,112
2.0,1,6,2,113
2.0,1,6,3,113
2.0,1,6,4,113
2.0,1,6,5,114
2.0,1,6,6,114
2.0,1,6,7,114
2.0,1,6,8,115
2.0,1,6,9,115
2.0,1,6,10,116
2.0,1,6,11,116
2.0,1,6,12,116
2.0,1,6,13,117
2.0,1,6,14,117
2.0,1,6,15,117
2.0,1,7,0,112
2.0,1,7,1,113
2.0,1,7,2,113
2.0,1,7,3,113
2.0,1,7,4,114
2.0,1,7,5,114
2.0,1,7,6,114
2.0,1,7,7,115
2.0,1,7,8,115
2.0,1,7,9,116
2.0,1,7,10,116
2.0,1,7,11,116
2.0,1,7,12,117
2.0,1,7,13,117
2.0,1,7,14,117
2.0,1,7,15,118
2.0,1,8,0,113
2.0,1,8,1,113
2.0,1,8,2,113
2.0,1,8,3,114
2.0,1,8,4,114
2.0,1,8,5,114
2.0,1,8,6,115
2.0,1,8,7,115
2.0,1,8,8,116
2.0,1,8,9,116
2.0,1,8,10,116
2.0,1,8,11,117
2.0,1,8,12,117
2.0,1,8,13,117
2.0,1,8,14,118
2.0,1,8,15,118
2.0,1,9,0,113
2.0,1,9,1,113
2.0,1,9,2,114
2.0,1,9,3,114
2.0,1,9,4,114
2.0,1,9,5,115
2.0,1,9,6,115
2.0,1,9,7,116
2.0,1,9,8,116
2.0,1,9,9,116
2.0,1,9,10,117
2.0,1,9,11,117
2.0,1,9,12,117
2.0,1,9,13,118
2.0,1,9,14,118
2.0,1,9,15,118
2.0,1,10,0,113
2.0,1,10,1,114
2.0,1,10,2,114
2.0,1,10,3,114
2.0,1,10,4,115
2.0,1,10,5,115
2.0,1,10,6,116
2.0,1,10,7,116
2.0,1,10,8,116
2.0,1,10,9,117
2.0,1,10,10,117
2.0,1,10,11,117
2.0,1,10,12,118
2.0,1,10,13,118
2.0,1,10,14,118
2.0,1,10,15,119
2.0,1,11,0,114
2.0,1,11,1,114
2.0,1,11,2,114
2.0,1,11,3,115
2.0,1,11,4,115
2.0,1,11,5,116
2.0,1,11,6,116
2.0,1,11,7,116
2.0,1,11,8,117
2.0,1,11,9,117
2.0,1,11,10,117
2.0,1,11,11,118
2.0,1,11,12,118
2.0,1,11,13,118
2.0,1,11,14,119
2.0,1,11,15,119
2.0,1,12,0,114
2.0,1,12,1,114
2.0,1,12,2,115
2.0,1,12,3,115
2.0,1,12,4,116
2.0,1,12,5,116
2.0,1,12,6,116
2.0,1,12,7,117
2.0,1,12,8,117
2.0,1,12,9,117
2.0,1,12,10,118
2.0,1,12,11,118
2.0,1,12,12,118
2.0,1,12,13,119
2.0,1,12,14,119
2.0,1,12,15,120
2.0,1,13,0,114
2.0,1,13,1,115
2.0,1,13,2,115
2.0,1,13,3,116
2.0,1,13,4,116
2.0,1,13,5,116
2.0,1,13,6,117
2.0,1,13,7,117
2.0,1,13,8,117
2.0,1,13,9,118
2.0,1,13,10,118
2.0,1,13,11,118
2.0,1,13,12,119
2.0,1,13,13,119
2.0,1,13,14,120
2.0,1,13,15,120
2.0,1,14,0,115
2.0,1,14,1,115
2.0,1,14,2,116
2.0,1,14,3,116
2.0,1,14,4,116
2.0,1,14,5,117
2.0,1,14,6,117
2.0,1,14,7,117
2.0,1,14,8,118
2.0,1,14,9,118
2.0,1,14,10,118
2.0,1,14,11,119
2.0,1,14,12,119
2.0,1,14,13,120
2.0,1,14,14,120
2.0,1,14,15,120
2.0,1,15,0,115
2.0,1,15,1,116
2.0,1,15,2,116
2.0,1,15,3,116
2.0,1,15,4,117
2.0,1,15,5,117
2.0,1,15,6,117
2.0,1,15,7,118
2.0,1,15,8,118
2.0,1,15,9,118
2.0,1,15,10,119
2.0,1,15,11,119
2.0,1,15,12,120
2.0,1,15,13,120
2.0,1,15,14,120
2.0,1,15,15,121
2.0,2,0,0,110
2.0,2,0,1,111
2.0,2,0,2,111
2.0,2,0,3,111
2.0,2,0,4,112
2.0,2,0,5,112
2.0,2,0,6,112
2.0,2,0,7,113
2.0,2,0,8,113
2.0,2,0,9,113
2.0,2,0,10,114
2.0,2,0,11,114
2.0,2,0,12,114
2.0,2,0,13,115
2.0,2,0,14,115
2.0,2,0,15,115
2.0,2,1,0,111
2.0,2,1,1,111
2.0,2,1,2,111
2.0,2,1,3,112
2.0,2,1,4,112
2.0,2,1,5,112
2.0,2,1,6,113
2.0,2,1,7,113
2.0,2,1,8,113
2.0,2,1,9,114
2.0,2,1,10,114
2.0,2,1,11,114
2.0,2,1,12,115
2.0,2,1,13,115
2.0,2,1,14,115
2.0,2,1,15,116
2.0,2,2,0,111
2.0,2,2,1,111
2.0,2,2,2,112
2.0,2,2,3,112
2.0,2,2,4,112
2.0,2,2,5,113
2.0,2,2,6,113
2.0,2,2,7,113
2.0,2,2,8,114
2.0,2,2,9,114
2.0,2,2,10,114
2.0,2,2,11,115
2.0,2,2,12,115
2.0,2,2,13,115
2.0,2,2,14,116
2.0,2,2,15,116
2.0,2,3,0,111
2.0,2,3,1,112
2.0,2,3,2,112
2.0,2,3,3,112
2.0,2,3,4,113
2.0,2,3,5,113
2.0,2,3,6,113
2.0,2,3,7,114
2.0,2,3,8,114
2.0,2,3,9,114
2.0,2,3,10,115
2.0,2,3,11,115
2.0,2,3,12,116
2.0,2,3,13,116
2.0,2,3,14,116
2.0,2,3,15,117
2.0,2,4,0,112
2.0,2,4,1,112
2.0,2,4,2,112
2.0,2,4,3,113
2.0,2,4,4,113
2.0,2,4,5,113
2.0,2,4,6,114
2.0,2,4,7,114
2.0,2,4,8,114
2.0,2,4,9,115
2.0,2,4,10,115
2.0,2,4,11,116
2.0,2,4,12,116
2.0,2,4,13,116
2.0,2,4,14,117
2.0,2,4,15,117
2.0,2,5,0,112
2.0,2,5,1,112
2.0,2,5,2,113
2.0,2,5,3,113
2.0,2,5,4,113
2.0,2,5,5,114
2.0,2,5,6,114
2.0,2,5,7,115
2.0,2,5,8,115
2.0,2,5,9,115
2.0,2,5,10,116
2.0,2,5,11,116
2.0,2,5,12,116
2.0,2,5,13,117
2.0,2,5,14,117
2.0,2,5,15,117
2.0,2,6,0,112
2.0,2,6,1,113
2.0,2,6,2,113
2.0,2,6,3,113
2.0,2,6,4,114
2.0,2,6,5,114
2.0,2,6,6,115
2.0,2,6,7,115
2.0,2,6,8,115
2.0,2,6,9,116
2.0,2,6,10,116
2.0,2,6,11,116
2.0,2,6,12,117
2.0,2,6,13,117
2.0,2,6,14,117
2.0,2,6,15,118
2.0,2,7,0,113
2.0,2,7,1,113
2.0,2,7,2,113
2.0,2,7,3,114
2.0,2,7,4,114
2.0,2,7,5,115
2.0,2,7,6,115
2.0,2,7,7,115
2.0,2,7,8,116
2.0,2,7,9,116
2.0,2,7,10,116
2.0,2,7,11,117
2.0,2,7,12,117
2.0,2,7,13,117
2.0,2,7,14,118
2.0,2,7,15,118
2.0,2,8,0,113
2.0,2,8,1,113
2.0,2,8,2,114
2.0,2,8,3,114
2.0,2,8,4,115
2.0,2,8,5,115
2.0,2,8,6,115
2.0,2,8,7,116
2.0,2,8,8,116
2.0,2,8,9,116
2.0,2,8,10,117
2.0,2,8,11,117
2.0,2,8,12,117
2.0,2,8,13,118
2.0,2,8,14,118
2.0,2,8,15,118
2.0,2,9,0,113
2.0,2,9,1,114
2.0,2,9,2,114
2.0,2,9,3,115
2.0,2,9,4,115
2.0,2,9,5,115
2.0,2,9,6,116
2.0,2,9,7,116
2.0,2,9,8,116
2.0,2,9,9,117
2.0,2,9,10,117
2.0,2,9,11,117
2.0,2,9,12,118
2.0,2,9,13,118
2.0,2,9,14,118
2.0,2,9,15,119
2.0,2,10,0,114
2.0,2,10,1,114
2.0,2,10,2,115
2.0,2,10,3,115
2.0,2,10,4,115
2.0,2,10,5,116
2.0,2,10,6,116
2.0,2,10,7,116
2.0,2,10,8,117
2.0,2,10,9,117
2.0,2,10,10,117
2.0,2,10,11,118
2.0,2,10,12,118
2.0,2,10,13,119
2.0,2,10,14,119
2.0,2,10,15,119
2.0,2,11,0,114
2.0,2,11,1,115
2.0,2,11,2,115
2.0,2,11,3,115
2.0,2,11,4,116
2.0,2,11,5,116
2.0,2,11,6,116
2.0,2,11,7,117
2.0,2,11,8,117
2.0,2,11,9,117
2.0,2,11,10,118
2.0,2,11,11,118
2.0,2,11,12,119
2.0,2,11,13,119
2.0,2,11,14,119
2.0,2,11,15,120
2.0,2,12,0,115
2.0,2,12,1,115
2.0,2,12,2,115
2.0,2,12,3,116
2.0,2,12,4,116
2.0,2,12,5,116
2.0,2,12,6,117
2.0,2,12,7,117
2.0,2,12,8,117
2.0,2,12,9,118
2.0,2,12,10,118
2.0,2,12,11,119
2.0,2,12,12,119
2.0,2,12,13,119
2.0,2,12,14,120
2.0,2,12,15,120
2.0,2,13,0,115
2.0,2,13,1,115
2.0,2,13,2,116
2.0,2,13,3,116
2.0,2,13,4,116
2.0,2,13,5,117
2.0,2,13,6,117
2.0,2,13,7,117
2.0,2,13,8,118
2.0,2,13,9,118
2.0,2,13,10,119
2.0,2,13,11,119
2.0,2,13,12,119
2.0,2,13,13,120
2.0,2,13,14,120
2.0,2,13,15,120
2.0,2,14,0,115
2.0,2,14,1,116
2.0,2,14,2,116
2.0,2,14,3,116
2.0,2,14,4,117
2.0,2,14,5,117
2.0,2,14,6,117
2.0,2,14,7,118
2.0,2,14,8,118
2.0,2,14,9,119
2.0,2,14,10,119
2.0,2,14,11,119
2.0,2,14,12,120
2.0,2,14,13,120
2.0,2,14,14,120
2.0,2,14,15,121
2.0,2,15,0,116
2.0,2,15,1,116
2.0,2,15,2,116
2.0,2,15,3,117
2.0,2,15,4,117
2.0,2,15,5,117
2.0,2,15,6,118
2.0,2,15,7,118
2.0,2,15,8,119
2.0,2,15,9,119
2.0,2,15,10,119
2.0,2,15,11,120
2.0,2,15,12,120
2.0,2,15,13,120
2.0,2,15,14,121
2.0,2,15,15,121
2.0,3,0,0,111
2.0,3,0,1,111
2.0,3,0,2,111
2.0,3,0,3,112
2.0,3,0,4,112
2.0,3,0,5,112
2.0,3,0,6,113
2.0,3,0,7,113
2.0,3,0,8,113
2.0,3,0,9,114
2.0,3,0,10,114
2.0,3,0,11,114
2.0,3,0,12,115
2.0,3,0,13,115
2.0,3,0,14,115
2.0,3,0,15,116
2.0,3,1,0,111
2.0,3,1,1,111
2.0,3,1,2,112
2.0,3,1,3,112
2.0,3,1,4,112
2.0,3,1,5,113
2.0,3,1,6,113
2.0,3,1,7,113
2.0,3,1,8,114
2.0,3,1,9,114
2.0,3,1,10,114
2.0,3,1,11,115
2.0,3,1,12,115
2.0,3,1,13,116
2.0,3,1,14,116
2.0,3,1,15,116
2.0,3,2,0,111
2.0,3,2,1,112
2.0,3,2,2,112
2.0,3,2,3,112
2.0,3,2,4,113
2.0,3,2,5,113
2.0,3,2,6,113
2.0,3,2,7,114
2.0,3,2,8,114
2.0,3,2,9,115
2.0,3,2,10,115
2.0,3,2,11,115
2.0,3,2,12,116
2.0,3,2,13,116
2.0,3,2,14,116
2.0,3,2,15,117
2.0,3,3,0,112
2.0,3,3,1,112
2.0,3,3,2,112
2.0,3,3,3,113
2.0,3,3,4,113
2.0,3,3,5,113
2.0,3,3,6,114
2.0,3,3,7,114
2.0,3,3,8,115
2.0,3,3,9,115
2.0,3,3,10,115
2.0,3,3,11,116
2.0,3,3,12,116
2.0,3,3,13,116
2.0,3,3,14,117
2.0,3,3,15,117
2.0,3,4,0,112
2.0,3,4,1,112
2.0,3,4,2,113
2.0,3,4,3,113
2.0,3,4,4,114
2.0,3,4,5,114
2.0,3,4,6,114
2.0,3,4,7,115
2.0,3,4,8,115
2.0,3,4,9,115
2.0,3,4,10,116
2.0,3,4,11,116
2.0,3,4,12,116
2.0,3,4,13,117
2.0,3,4,14,117
2.0,3,4,15,117
2.0,3,5,0,112
2.0,3,5,1,113
2.0,3,5,2,113
2.0,3,5,3,114
2.0,3,5,4,114
2.0,3,5,5,114
2.0,3,5,6,115
2.0,3,5,7,115
2.0,3,5,8,115
2.0,3,5,9,116
2.0,3,5,10,116
2.0,3,5,11,116
2.0,3,5,12,117
2.0,3,5,13,117
2.0,3,5,14,117
2.0,3,5,15,118
2.0,3,6,0,113
2.0,3,6,1,113
2.0,3,6,2,114
2.0,3,6,3,114
2.0,3,6,4,114
2.0,3,6,5,115
2.0,3,6,6,115
2.0,3,6,7,115
2.0,3,6,8,116
2.0,3,6,9,116
2.0,3,6,10,116
2.0,3,6,11,117
2.0,3,6,12,117
2.0,3,6,13,117
2.0,3,6,14,118
2.0,3,6,15,118
2.0,3,7,0,113
2.0,3,7,1,114
2.0,3,7,2,114
2.0,3,7,3,114
2.0,3,7,4,115
2.0,3,7,5,115
2.0,3,7,6,115
2.0,3,7,7,116
2.0,3,7,8,116
2.0,3,7,9,116
2.0,3,7,10,117
2.0,3,7,11,117
2.0,3,7,12,117
2.0,3,7,13,118
2.0,3,7,14,118
2.0,3,7,15,119
2.0,3,8,0,114
2.0,3,8,1,114
2.0,3,8,2,114
2.0,3,8,3,115
2.0,3,8,4,115
2.0,3,8,5,115
2.0,3,8,6,116
2.0,3,8,7,116
2.0,3,8,8,116
2.0,3,8,9,117
2.0,3,8,10,117
2.0,3,8,11,118
2.0,3,8,12,118
2.0,3,8,13,118
2.0,3,8,14,119
2.0,3,8,15,119
2.0,3,9,0,114
2.0,3,9,1,114
2.0,3,9,2,115
2.0,3,9,3,115
2.0,3,9,4,115
2.0,3,9,5,116
2.0,3,9,6,116
2.0,3,9,7,116
2.0,3,9,8,117
2.0,3,9,9,117
2.0,3,9,10,118
2.0,3,9,11,118
2.0,3,9,12,118
2.0,3,9,13,119
2.0,3,9,14,119
2.0,3,9,15,119
2.0,3,10,0,114
2.0,3,10,1,115
2.0,3,10,2,115
2.0,3,10,3,115
2.0,3,10,4,116
2.0,3,10,5,116
2.0,3,10,6,116
2.0,3,10,7,117
2.0,3,10,8,117
2.0,3,10,9,118
2.0,3,10,10,118
2.0,3,10,11,118
2.0,3,10,12,119
2.0,3,10,13,119
2.0,3,10,14,119
2.0,3,10,15,120
2.0,3,11,0,115
2.0,3,11,1,115
2.0,3,11,2,115
2.0,3,11,3,116
2.0,3,11,4,116
2.0,3,11,5,116
2.0,3,11,6,117
2.0,3,11,7,117
2.0,3,11,8,118
2.0,3,11,9,118
2.0,3,11,10,118
2.0,3,11,11,119
2.0,3,11,12,119
2.0,3,11,13,119
2.0,3,11,14,120
2.0,3,11,15,120
2.0,3,12,0,115
2.0,3,12,1,115
2.0,3,12,2,116
2.0,3,12,3,116
2.0,3,12,4,116
2.0,3,12,5,117
2.0,3,12,6,117
2.0,3,12,7,118
2.0,3,12,8,118
2.0,3,12,9,118
2.0,3,12,10,119
2.0,3,12,11,119
2.0,3,12,12,119
2.0,3,12,13,120
2.0,3,12,14,120
2.0,3,12,15,120
2.0,3,13,0,115
2.0,3,13,1,116
2.0,3,13,2,116
2.0,3,13,3,116
2.0,3,13,4,117
2.0,3,13,5,117
2.0,3,13,6,118
2.0,3,13,7,118
2.0,3,13,8,118
2.0,3,13,9,119
2.0,3,13,10,119
2.0,3,13,11,119
2.0,3,13,12,120
2.0,3,13,13,120
2.0,3,13,14,120
2.0,3,13,15,121
2.0,3,14,0,116
2.0,3,14,1,116
2.0,3,14,2,116
2.0,3,14,3,117
2.0,3,14,4,117
2.0,3,14,5,118
2.0,3,14,6,118
2.0,3,14,7,118
2.0,3,14,8,119
2.0,3,14,9,119
2.0,3,14,10,119
2.0,3,14,11,120
2.0,3,14,12,120
2.0,3,14,13,120
2.0,3,14,14,121
2.0,3,14,15,121
2.0,3,15,0,116
2.0,3,15,1,116
2.0,3,15,2,117
2.0,3,15,3,117
2.0,3,15,4,118
2.0,3,15,5,118
2.0,3,15,6,118
2.0,3,15,7,119
2.0,3,15,8,119
2.0,3,15,9,119
2.0,3,15,10,120
2.0,3,15,11,120
2.0,3,15,12,120
2.0,3,15,13,121
2.0,3,15,14,121
2.0,3,15,15,122
2.0,4,0,0,111
2.0,4,0,1,111
2.0,4,0,2,112
2.0,4,0,3,112
2.0,4,0,4,112
2.0,4,0,5,113
2.0,4,0,6,113
2.0,4,0,7,113
2.0,4,0,8,114
2.0,4,0,9,114
2.0,4,0,10,115
2.0,4,0,11,115
2.0,4,0,12,115
2.0,4,0,13,116
2.0,4,0,14,116
2.0,4,0,15,116
2.0,4,1,0,111
2.0,4,1,1,112
2.0,4,1,2,112
2.0,4,1,3,112
2.0,4,1,4,113
2.0,4,1,5,113
2.0,4,1,6,114
2.0,4,1,7,114
2.0,4,1,8,114
2.0,4,1,9,115
2.0,4,1,10,115
2.0,4,1,11,115
2.0,4,1,12,116
2.0,4,1,13,116
2.0,4,1,14,116
2.0,4,1,15,117
2.0,4,2,0,112
2.0,4,2,1,112
2.0,4,2,2,112
2.0,4,2,3,113
2.0,4,2,4,113
2.0,4,2,5,114
2.0,4,2,6,114
2.0,4,2,7,114
2.0,4,2,8,115
2.0,4,2,9,115
2.0,4,2,10,115
2.0,4,2,11,116
2.0,4,2,12,116
2.0,4,2,13,116
2.0,4,2,14,117
2.0,4,2,15,117
2.0,4,3,0,112
2.0,4,3,1,112
2.0,4,3,2,113
2.0,4,3,3,113
2.0,4,3,4,114
2.0,4,3,5,114
2.0,4,3,6,114
2.0,4,3,7,115
2.0,4,3,8,115
2.0,4,3,9,115
2.0,4,3,10,116
2.0,4,3,11,116
2.0,4,3,12,116
2.0,4,3,13,117
2.0,4,3,14,117
2.0,4,3,15,117
2.0,4,4,0,112
2.0,4,4,1,113
2.0,4,4,2,113
2.0,4,4,3,114
2.0,4,4,4,114
2.0,4,4,5,114
2.0,4,4,6,115
2.0,4,4,7,115
2.0,4,4,8,115
2.0,4,4,9,116
2.0,4,4,10,116
2.0,4,4,11,116
2.0,4,4,12,117
2.0,4,4,13,117
2.0,4,4,14,117
2.0,4,4,15,118
2.0,4,5,0,113
2.0,4,5,1,113
2.0,4,5,2,114
2.0,4,5,3,114
2.0,4,5,4,114
2.0,4,5,5,115
2.0,4,5,6,115
2.0,4,5,7,115
2.0,4,5,8,116
2.0,4,5,9,116
2.0,4,5,10,116
2.0,4,5,11,117
2.0,4,5,12,117
2.0,4,5,13,118
2.0,4,5,14,118
2.0,4,5,15,118
2.0,4,6,0,113
2.0,4,6,1,114
2.0,4,6,2,114
2.0,4,6,3,114
2.0,4,6,4,115
2.0,4,6,5,115
2.0,4,6,6,115
2.0,4,6,7,116
2.0,4,6,8,116
2.0,4,6,9,116
2.0,4,6,10,117
2.0,4,6,11,117
2.0,4,6,12,118
2.0,4,6,13,118
2.0,4,6,14,118
2.0,4,6,15,119
2.0,4,7,0,114
2.0,4,7,1,114
2.0,4,7,2,114
2.0,4,7,3,115
2.0,4,7,4,115
2.0,4,7,5,115
2.0,4,7,6,116
2.0,4,7,7,116
2.0,4,7,8,117
2.0,4,7,9,117
2.0,4,7,10,117
2.0,4,7,11,118
2.0,4,7,12,118
2.0,4,7,13,118
2.0,4,7,14,119
2.0,4,7,15,119
2.0,4,8,0,114
2.0,4,8,1,114
2.0,4,8,2,115
2.0,4,8,3,115
2.0,4,8,4,115
2.0,4,8,5,116
2.0,4,8,6,116
2.0,4,8,7,117
2.0,4,8,8,117
2.0,4,8,9,117
2.0,4,8,10,118
2.0,4,8,11,118
2.0,4,8,12,118
2.0,4,8,13,119
2.0,4,8,14,119
2.0,4,8,15,119
2.0,4,9,0,114
2.0,4,9,1,115
2.0,4,9,2,115
2.0,4,9,3,115
2.0,4,9,4,116
2.0,4,9,5,116
2.0,4,9,6,117
2.0,4,9,7,117
2.0,4,9,8,117
2.0,4,9,9,118
2.0,4,9,10,118
2.0,4,9,11,118
2.0,4,9,12,119
2.0,4,9,13,119
2.0,4,9,14,119
2.0,4,9,15,120
2.0,4,10,0,115
2.0,4,10,1,115
2.0,4,10,2,115
2.0,4,10,3,116
2.0,4,10,4,116
2.0,4,10,5,117
2.0,4,10,6,117
2.0,4,10,7,117
2.0,4,10,8,118
2.0,4,10,9,118
2.0,4,10,10,118
2.0,4,10,11,119
2.0,4,10,12,119
2.0,4,10,13,119
2.0,4,10,14,120
2.0,4,10,15,120
2.0,4,11,0,115
2.0,4,11,1,115
2.0,4,11,2,116
2.0,4,11,3,116
2.0,4,11,4,117
2.0,4,11,5,117
2.0,4,11,6,117
2.0,4,11,7,118
2.0,4,11,8,118
2.0,4,11,9,118
2.0,4,11,10,119
2.0,4,11,11,119
2.0,4,11,12,119
2.0,4,11,13,120
2.0,4,11,14,120
2.0,4,11,15,121
2.0,4,12,0,115
2.0,4,12,1,116
2.0,4,12,2,116
2.0,4,12,3,117
2.0,4,12,4,117
2.0,4,12,5,117
2.0,4,12,6,118
2.0,4,12,7,118
2.0,4,12,8,118
2.0,4,12,9,119
2.0,4,12,10,119
2.0,4,12,11,119
2.0,4,12,12,120
2.0,4,12,13,120
2.0,4,12,14,121
2.0,4,12,15,121
2.0,4,13,0,116
2.0,4,13,1,116
2.0,4,13,2,117
2.0,4,13,3,117
2.0,4,13,4,117
2.0,4,13,5,118
2.0,4,13,6,118
2.0,4,13,7,118
2.0,4,13,8,119
2.0,4,13,9,119
2.0,4,13,10,119
2.0,4,13,11,120
2.0,4,13,12,120
2.0,4,13,13,121
2.0,4,13,14,121
2.0,4,13,15,121
2.0,4,14,0,116
2.0,4,14,1,117
2.0,4,14,2,117
2.0,4,14,3,117
2.0,4,14,4,118
2.0,4,14,5,118
2.0,4,14,6,118
2.0,4,14,7,119
2.0,4,14,8,119
2.0,4,14,9,119
2.0,4,14,10,120
2.0,4,14,11,120
2.0,4,14,12,121
2.0,4,14,13,121
2.0,4,14,14,121
2.0,4,14,15,122
2.0,4,15,0,116
2.0,4,15,1,117
2.0,4,15,2,117
2.0,4,15,3,118
2.0,4,15,4,118
2.0,4,15,5,118
2.0,4,15,6,119
2.0,4,15,7,119
2.0,4,15,8,119
2.0,4,15,9,120
2.0,4,15,10,120
2.0,4,15,11,121
2.0,4,15,12,121
2.0,4,15,13,121
2.0,4,15,14,122
2.0,4,15,15,122
2.0,5,0,0,111
2.0,5,0,1,112
2.0,5,0,2,112
2.0,5,0,3,113
2.0,5,0,4,113
2.0,5,0,5,113
2.0,5,0,6,114
2.0,5,0,7,114
2.0,5,0,8,114
2.0,5,0,9,115
2.0,5,0,10,115
2.0,5,0,11,115
2.0,5,0,12,116
2.0,5,0,13,116
2.0,5,0,14,116
2.0,5,0,15,117
2.0,5,1,0,112
2.0,5,1,1,112
2.0,5,1,2,113
2.0,5,1,3,113
2.0,5,1,4,113
2.0,5,1,5,114
2.0,5,1,6,114
2.0,5,1,7,114
2.0,5,1,8,115
2.0,5,1,9,115
2.0,5,1,10,115
2.0,5,1,11,116
2.0,5,1,12,116
2.0,5,1,13,116
2.0,5,1,14,117
2.0,5,1,15,117
2.0,5,2,0,112
2.0,5,2,1,113
2.0,5,2,2,113
2.0,5,2,3,113
2.0,5,2,4,114
2.0,5,2,5,114
2.0,5,2,6,114
2.0,5,2,7,115
2.0,5,2,8,115
2.0,5,2,9,115
2.0,5,2,10,116
2.0,5,2,11,116
2.0,5,2,12,116
2.0,5,2,13,117
2.0,5,2,14,117
2.0,5,2,15,118
2.0,5,3,0,113
2.0,5,3,1,113
2.0,5,3,2,113
2.0,5,3,3,114
2.0,5,3,4,114
2.0,5,3,5,114
2.0,5,3,6,115
2.0,5,3,7,115
2.0,5,3,8,115
2.0,5,3,9,116
2.0,5,3,10,116
2.0,5,3,11,116
2.0,5,3,12,117
2.0,5,3,13,117
2.0,5,3,14,118
2.0,5,3,15,118
2.0,5,4,0,113
2.0,5,4,1,113
2.0,5,4,2,114
2.0,5,4,3,114
2.0,5,4,4,114
2.0,5,4,5,115
2.0,5,4,6,115
2.0,5,4,7,115
2.0,5,4,8,116
2.0,5,4,9,116
2.0,5,4,10,117
2.0,5,4,11,117
2.0,5,4,12,117
2.0,5,4,13,118
2.0,5,4,14,118
2.0,5,4,15,118
2.0,5,5,0,113
2.0,5,5,1,114
2.0,5,5,2,114
2.0,5,5,3,114
2.0,5,5,4,115
2.0,5,5,5,115
2.0,5,5,6,115
2.0,5,5,7,116
2.0,5,5,8,116
2.0,5,5,9,117
2.0,5,5,10,117
2.0,5,5,11,117
2.0,5,5,12,118
2.0,5,5,13,118
2.0,5,5,14,118
2.0,5,5,15,119
2.0,5,6,0,114
2.0,5,6,1,114
2.0,5,6,2,114
2.0,5,6,3,115
2.0,5,6,4,115
2.0,5,6,5,115
2.0,5,6,6,116
2.0,5,6,7,116
2.0,5,6,8,117
2.0,5,6,9,117
2.0,5,6,10,117
2.0,5,6,11,118
2.0,5,6,12,118
2.0,5,6,13,118
2.0,5,6,14,119
2.0,5,6,15,119
2.0,5,7,0,114
2.0,5,7,1,114
2.0,5,7,2,115
2.0,5,7,3,115
2.0,5,7,4,115
2.0,5,7,5,116
2.0,5,7,6,116
2.0,5,7,7,117
2.0,5,7,8,117
2.0,5,7,9,117
2.0,5,7,10,118
2.0,5,7,11,118
2.0,5,7,12,118
2.0,5,7,13,119
2.0,5,7,14,119
2.0,5,7,15,119
2.0,5,8,0,114
2.0,5,8,1,115
2.0,5,8,2,115
2.0,5,8,3,115
2.0,5,8,4,116
2.0,5,8,5,116
2.0,5,8,6,117
2.0,5,8,7,117
2.0,5,8,8,117
2.0,5,8,9,118
2.0,5,8,10,118
2.0,5,8,11,118
2.0,5,8,12,119
2.0,5,8,13,119
2.0,5,8,14,119
2.0,5,8,15,120
2.0,5,9,0,115
2.0,5,9,1,115
2.0,5,9,2,115
2.0,5,9,3,116
2.0,5,9,4,116
2.0,5,9,5,117
2.0,5,9,6,117
2.0,5,9,7,117
2.0,5,9,8,118
2.0,5,9,9,118
2.0,5,9,10,118
2.0,5,9,11,119
2.0,5,9,12,119
2.0,5,9,13,119
2.0,5,9,14,120
2.0,5,9,15,120
2.0,5,10,0,115
2.0,5,10,1,115
2.0,5,10,2,116
2.0,5,10,3,116
2.0,5,10,4,117
2.0,5,10,5,117
2.0,5,10,6,117
2.0,5,10,7,118
2.0,5,10,8,118
2.0,5,10,9,118
2.0,5,10,10,119
2.0,5,10,11,119
2.0,5,10,12,120
2.0,5,10,13,120
2.0,5,10,14,120
2.0,5,10,15,121
2.0,5,11,0,115
2.0,5,11,1,116
2.0,5,11,2,116
2.0,5,11,3,117
2.0,5,11,4,117
2.0,5,11,5,117
2.0,5,11,6,118
2.0,5,11,7,118
2.0,5,11,8,118
2.0,5,11,9,119
2.0,5,11,10,119
2.0,5,11,11,120
2.0,5,11,12,120
2.0,5,11,13,120
2.0,5,11,14,121
2.0,5,11,15,121
2.0,5,12,0,116
2.0,5,12,1,116
2.0,5,12,2,117
2.0,5,12,3,117
2.0,5,12,4,117
2.0,5,12,5,118
2.0,5,12,6,118
2.0,5,12,7,118
2.0,5,12,8,119
2.0,5,12,9,119
2.0,5,12,10,120
2.0,5,12,11,120
2.0,5,12,12,120
2.0,5,12,13,121
2.0,5,12,14,121
2.0,5,12,15,121
2.0,5,13,0,116
2.0,5,13,1,117
2.0,5,13,2,117
2.0,5,13,3,117
2.0,5,13,4,118
2.0,5,13,5,118
2.0,5,13,6,118
2.0,5,13,7,119
2.0,5,13,8,119
2.0,5,13,9,120
2.0,5,13,10,120
2.0,5,13,11,120
2.0,5,13,12,121
2.0,5,13,13,121
2.0,5,13,14,121
2.0,5,13,15,122
2.0,5,14,0,117
2.0,5,14,1,117
2.0,5,14,2,117
2.0,5,14,3,118
2.0,5,14,4,118
2.0,5,14,5,118
2.0,5,14,6,119
2.0,5,14,7,119
2.0,5,14,8,120
2.0,5,14,9,120
2.0,5,14,10,120
2.0,5,14,11,121
2.0,5,14,12,121
2.0,5,14,13,121
2.0,5,14,14,122
2.0,5,14,15,122
2.0,5,15,0,117
2.0,5,15,1,117
2.0,5,15,2,118
2.0,5,15,3,118
2.0,5,15,4,118
2.0,5,15,5,119
2.0,5,15,6,119
2.0,5,15,7,120
2.0,5,15,8,120
2.0,5,15,9,120
2.0,5,15,10,121
2.0,5,15,11,121
2.0,5,15,12,121
2.0,5,15,13,122
2.0,5,15,14,122
2.0,5,15,15,122
2.0,6,0,0,112
2.0,6,0,1,112
2.0,6,0,2,113
2.0,6,0,3,113
2.0,6,0,4,113
2.0,6,0,5,114
2.0,6,0,6,114
2.0,6,0,7,114
2.0,6,0,8,115
2.0,6,0,9,115
2.0,6,0,10,115
2.0,6,0,11,116
2.0,6,0,12,116
2.0,6,0,13,116
2.0,6,0,14,117
2.0,6,0,15,117
2.0,6,1,0,112
2.0,6,1,1,113
2.0,6,1,2,113
2.0,6,1,3,113
2.0,6,1,4,114
2.0,6,1,5,114
2.0,6,1,6,114
2.0,6,1,7,115
2.0,6,1,8,115
2.0,6,1,9,115
2.0,6,1,10,116
2.0,6,1,11,116
2.0,6,1,12,117
2.0,6,1,13,117
2.0,6,1,14,117
2.0,6,1,15,118
2.0,6,2,0,113
2.0,6,2,1,113
2.0,6,2,2,113
2.0,6,2,3,114
2.0,6,2,4,114
2.0,6,2,5,114
2.0,6,2,6,115
2.0,6,2,7,115
2.0,6,2,8,115
2.0,6,2,9,116
2.0,6,2,10,116
2.0,6,2,11,117
2.0,6,2,12,117
2.0,6,2,13,117
2.0,6,2,14,118
2.0,6,2,15,118
2.0,6,3,0,113
2.0,6,3,1,113
2.0,6,3,2,114
2.0,6,3,3,114
2.0,6,3,4,114
2.0,6,3,5,115
2.0,6,3,6,115
2.0,6,3,7,116
2.0,6,3,8,116
2.0,6,3,9,116
2.0,6,3,10,117
2.0,6,3,11,117
2.0,6,3,12,117
2.0,6,3,13,118
2.0,6,3,14,118
2.0,6,3,15,118
2.0,6,4,0,113
2.0,6,4,1,114
2.0,6,4,2,114
2.0,6,4,3,114
2.0,6,4,4,115
2.0,6,4,5,115
2.0,6,4,6,116
2.0,6,4,7,116
2.0,6,4,8,116
2.0,6,4,9,117
2.0,6,4,10,117
2.0,6,4,11,117
2.0,6,4,12,118
2.0,6,4,13,118
2.0,6,4,14,118
2.0,6,4,15,119
2.0,6,5,0,114
2.0,6,5,1,114
2.0,6,5,2,114
2.0,6,5,3,115
2.0,6,5,4,115
2.0,6,5,5,116
2.0,6,5,6,116
2.0,6,5,7,116
2.0,6,5,8,117
2.0,6,5,9,117
2.0,6,5,10,117
2.0,6,5,11,118
2.0,6,5,12,118
2.0,6,5,13,118
2.0,6,5,14,119
2.0,6,5,15,119
2.0,6,6,0,114
2.0,6,6,1,114
2.0,6,6,2,115
2.0,6,6,3,115
2.0,6,6,4,116
2.0,6,6,5,116
2.0,6,6,6,116
2.0,6,6,7,117
2.0,6,6,8,117
2.0,6,6,9,117
2.0,6,6,10,118
2.0,6,6,11,118
2.0,6,6,12,118
2.0,6,6,13,119
2.0,6,6,14,119
2.0,6,6,15,120
2.0,6,7,0,114
2.0,6,7,1,115
2.0,6,7,2,115
2.0,6,7,3,116
2.0,6,7,4,116
2.0,6,7,5,116
2.0,6,7,6,117
2.0,6,7,7,117
2.0,6,7,8,117
2.0,6,7,9,118
2.0,6,7,10,118
2.0,6,7,11,118
2.0,6,7,12,119
2.0,6,7,13,119
2.0,6,7,14,120
2.0,6,7,15,120
2.0,6,8,0,115
2.0,6,8,1,115
2.0,6,8,2,116
2.0,6,8,3,116
2.0,6,8,4,116
2.0,6,8,5,117
2.0,6,8,6,117
2.0,6,8,7,117
2.0,6,8,8,118
2.0,6,8,9,118
2.0,6,8,10,118
2.0,6,8,11,119
2.0,6,8,12,119
2.0,6,8,13,120
2.0,6,8,14,120
2.0,6,8,15,120
2.0,6,9,0,115
2.0,6,9,1,116
2.0,6,9,2,116
2.0,6,9,3,116
2.0,6,9,4,117
2.0,6,9,5,117
2.0,6,9,6,117
2.0,6,9,7,118
2.0,6,9,8,118
2.0,6,9,9,119
2.0,6,9,10,119
2.0,6,9,11,119
2.0,6,9,12,120
2.0,6,9,13,120
2.0,6,9,14,120
2.0,6,9,15,121
2.0,6,10,0,116
2.0,6,10,1,116
2.0,6,10,2,116
2.0,6,10,3,117
2.0,6,10,4,117
2.0,6,10,5,117
2.0,6,10,6,118
2.0,6,10,7,118
2.0,6,10,8,119
2.0,6,10,9,119
2.0,6,10,10,119
2.0,6,10,11,120
2.0,6,10,12,120
2.0,6,10,13,120
2.0,6,10,14,121
2.0,6,10,15,121
2.0,6,11,0,116
2.0,6,11,1,116
2.0,6,11,2,117
2.0,6,11,3,117
2.0,6,11,4,117
2.0,6,11,5,118
2.0,6,11,6,118
2.0,6,11,7,119
2.0,6,11,8,119
2.0,6,11,9,119
2.0,6,11,10,120
2.0,6,11,11,120
2.0,6,11,12,120
2.0,6,11,13,121
2.0,6,11,14,121
2.0,6,11,15,121
2.0,6,12,0,116
2.0,6,12,1,117
2.0,6,12,2,117
2.0,6,12,3,117
2.0,6,12,4,118
2.0,6,12,5,118
2.0,6,12,6,119
2.0,6,12,7,119
2.0,6,12,8,119
2.0,6,12,9,120
2.0,6,12,10,120
2.0,6,12,11,120
2.0,6,12,12,121
2.0,6,12,13,121
2.0,6,12,14,121
2.0,6,12,15,122
2.0,6,13,0,117
2.0,6,13,1,117
2.0,6,13,2,117
2.0,6,13,3,118
2.0,6,13,4,118
2.0,6,13,5,119
2.0,6,13,6,119
2.0,6,13,7,119
2.0,6,13,8,120
2.0,6,13,9,120
2.0,6,13,10,120
2.0,6,13,11,121
2.0,6,13,12,121
2.0,6,13,13,121
2.0,6,13,14,122
2.0,6,13,15,122
2.0,6,14,0,117
2.0,6,14,1,117
2.0,6,14,2,118
2.0,6,14,3,118
2.0,6,14,4,119
2.0,6,14,5,119
2.0,6,14,6,119
2.0,6,14,7,120
2.0,6,14,8,120
2.0,6,14,9,120
2.0,6,14,10,121
2.0,6,14,11,121
2.0,6,14,12,121
2.0,6,14,13,122
2.0,6,14,14,122
2.0,6,14,15,123
2.0,6,15,0,117
2.0,6,15,1,118
2.0,6,15,2,118
2.0,6,15,3,119
2.0,6,15,4,119
2.0,6,15,5,119
2.0,6,15,6,120
2.0,6,15,7,120
2.0,6,15,8,120
2.0,6,15,9,121
2.0,6,15,10,121
2.0,6,15,11,121
2.0,6,15,12,122
2.0,6,15,13,122
2.0,6,15,14,123
2.0,6,15,15,123
2.0,7,0,0,112
2.0,7,0,1,113
2.0,7,0,2,113
2.0,7,0,3,113
2.0,7,0,4,114
2.0,7,0,5,114
2.0,7,0,6,114
2.0,7,0,7,115
2.0,7,0,8,115
2.0,7,0,9,115
2.0,7,0,10,116
2.0,7,0,11,116
2.0,7,0,12,117
2.0,7,0,13,117
2.0,7,0,14,117
2.0,7,0,15,118
2.0,7,1,0,113
2.0,7,1,1,113
2.0,7,1,2,113
2.0,7,1,3,114
2.0,7,1,4,114
2.0,7,1,5,114
2.0,7,1,6,115
2.0,7,1,7,115
2.0,7,1,8,116
2.0,7,1,9,116
2.0,7,1,10,116
2.0,7,1,11,117
2.0,7,1,12,117
2.0,7,1,13,117
2.0,7,1,14,118
2.0,7,1,15,118
2.0,7,2,0,113
2.0,7,2,1,113
2.0,7,2,2,114
2.0,7,2,3,114
2.0,7,2,4,114
2.0,7,2,5,115
2.0,7,2,6,115
2.0,7,2,7,116
2.0,7,2,8,116
2.0,7,2,9,116
2.0,7,2,10,117
2.0,7,2,11,117
2.0,7,2,12,117
2.0,7,2,13,118
2.0,7,2,14,118
2.0,7,2,15,118
2.0,7,3,0,113
2.0,7,3,1,114
2.0,7,3,2,114
2.0,7,3,3,114
2.0,7,3,4,115
2.0,7,3,5,115
2.0,7,3,6,116
2.0,7,3,7,116
2.0,7,3,8,116
2.0,7,3,9,117
2.0,7,3,10,117
2.0,7,3,11,117
2.0,7,3,12,118
2.0,7,3,13,118
2.0,7,3,14,118
2.0,7,3,15,119
2.0,7,4,0,114
2.0,7,4,1,114
2.0,7,4,2,115
2.0,7,4,3,115
2.0,7,4,4,115
2.0,7,4,5,116
2.0,7,4,6,116
2.0,7,4,7,116
2.0,7,4,8,117
2.0,7,4,9,117
2.0,7,4,10,117
2.0,7,4,11,118
2.0,7,4,12,118
2.0,7,4,13,118
2.0,7,4,14,119
2.0,7,4,15,119
2.0,7,5,0,114
2.0,7,5,1,115
2.0,7,5,2,115
2.0,7,5,3,115
2.0,7,5,4,116
2.0,7,5,5,116
2.0,7,5,6,116
2.0,7,5,7,117
2.0,7,5,8,117
2.0,7,5,9,117
2.0,7,5,10,118
2.0,7,5,11,118
2.0,7,5,12,119
2.0,7,5,13,119
2.0,7,5,14,119
2.0,7,5,15,120
2.0,7,6,0,115
2.0,7,6,1,115
2.0,7,6,2,115
2.0,7,6,3,116
2.0,7,6,4,116
2.0,7,6,5,116
2.0,7,6,6,117
2.0,7,6,7,117
2.0,7,6,8,117
2.0,7,6,9,118
2.0,7,6,10,118
2.0,7,6,11,119
2.0,7,6,12,119
2.0,7,6,13,119
2.0,7,6,14,120
2.0,7,6,15,120
2.0,7,7,0,115
2.0,7,7,1,115
2.0,7,7,2,116
2.0,7,7,3,116
2.0,7,7,4,116
2.0,7,7,5,117
2.0,7,7,6,117
2.0,7,7,7,117
2.0,7,7,8,118
2.0,7,7,9,118
2.0,7,7,10,119
2.0,7,7,11,119
2.0,7,7,12,119
2.0,7,7,13,120
2.0,7,7,14,120
2.0,7,7,15,120
2.0,7,8,0,115
2.0,7,8,1,116
2.0,7,8,2,116
2.0,7,8,3,116
2.0,7,8,4,117
2.0,7,8,5,117
2.0,7,8,6,117
2.0,7,8,7,118
2.0,7,8,8,118
2.0,7,8,9,119
2.0,7,8,10,119
2.0,7,8,11,119
2.0,7,8,12,120
2.0,7,8,13,120
2.0,7,8,14,120
2.0,7,8,15,121
2.0,7,9,0,116
2.0,7,9,1,116
2.0,7,9,2,116
2.0,7,9,3,117
2.0,7,9,4,117
2.0,7,9,5,117
2.0,7,9,6,118
2.0,7,9,7,118
2.0,7,9,8,119
2.0,7,9,9,119
2.0,7,9,10,119
2.0,7,9,11,120
2.0,7,9,12,120
2.0,7,9,13,120
2.0,7,9,14,121
2.0,7,9,15,121
2.0,7,10,0,116
2.0,7,10,1,116
2.0,7,10,2,117
2.0,7,10,3,117
2.0,7,10,4,117
2.0,7,10,5,118
2.0,7,10,6,118
2.0,7,10,7,119
2.0,7,10,8,119
2.0,7,10,9,119
2.0,7,10,10,120
2.0,7,10,11,120
2.0,7,10,12,120
2.0,7,10,13,121
2.0,7,10,14,121
2.0,7,10,15,121
2.0,7,11,0,116
2.0,7,11,1,117
2.0,7,11,2,117
2.0,7,11,3,117
2.0,7,11,4,118
2.0,7,11,5,118
2.0,7,11,6,119
2.0,7,11,7,119
2.0,7,11,8,119
2.0,7,11,9,120
2.0,7,11,10,120
2.0,7,11,11,120
2.0,7,11,12,121
2.0,7,11,13,121
2.0,7,11,14,122
2.0,7,11,15,122
2.0,7,12,0,117
2.0,7,12,1,117
2.0,7,12,2,117
2.0,7,12,3,118
2.0,7,12,4,118
2.0,7,12,5,119
2.0,7,12,6,119
2.0,7,12,7,119
2.0,7,12,8,120
2.0,7,12,9,120
2.0,7,12,10,120
2.0,7,12,11,121
2.0,7,12,12,121
2.0,7,12,13,122
2.0,7,12,14,122
2.0,7,12,15,122
2.0,7,13,0,117
2.0,7,13,1,117
2.0,7,13,2,118
2.0,7,13,3,118
2.0,7,13,4,119
2.0,7,13,5,119
2.0,7,13,6,119
2.0,7,13,7,120
2.0,7,13,8,120
2.0,7,13,9,120
2.0,7,13,10,121
2.0,7,13,11,121
2.0,7,13,12,122
2.0,7,13,13,122
2.0,7,13,14,122
2.0,7,13,15,123
2.0,7,14,0,117
2.0,7,14,1,118
2.0,7,14,2,118
2.0,7,14,3,119
2.0,7,14,4,119
2.0,7,14,5,119
2.0,7,14,6,120
2.0,7,14,7,120
2.0,7,14,8,120
2.0,7,14,9,121
2.0,7,14,10,121
2.0,7,14,11,122
2.0,7,14,12,122
2.0,7,14,13,122
2.0,7,14,14,123
2.0,7,14,15,123
2.0,7,15,0,118
2.0,7,15,1,118
2.0,7,15,2,119
2.0,7,15,3,119
2.0,7,15,4,119
2.0,7,15,5,120
2.0,7,15,6,120
2.0,7,15,7,120
2.0,7,15,8,121
2.0,7,15,9,121
2.0,7,15,10,122
2.0,7,15,11,122
2.0,7,15,12,122
2.0,7,15,13,123
2.0,7,15,14,123
2.0,7,15,15,123
2.0,8,0,0,113
2.0,8,0,1,113
2.0,8,0,2,113
2.0,8,0,3,114
2.0,8,0,4,114
2.0,8,0,5,115
2.0,8,0,6,115
2.0,8,0,7,115
2.0,8,0,8,116
2.0,8,0,9,116
2.0,8,0,10,116
2.0,8,0,11,117
2.0,8,0,12,117
2.0,8,0,13,117
2.0,8,0,14,118
2.0,8,0,15,118
2.0,8,1,0,113
2.0,8,1,1,113
2.0,8,1,2,114
2.0,8,1,3,114
2.0,8,1,4,115
2.0,8,1,5,115
2.0,8,1,6,115
2.0,8,1,7,116
2.0,8,1,8,116
2.0,8,1,9,116
2.0,8,1,10,117
2.0,8,1,11,117
2.0,8,1,12,117
2.0,8,1,13,118
2.0,8,1,14,118
2.0,8,1,15,118
2.0,8,2,0,113
2.0,8,2,1,114
2.0,8,2,2,114
2.0,8,2,3,115
2.0,8,2,4,115
2.0,8,2,5,115
2.0,8,2,6,116
2.0,8,2,7,116
2.0,8,2,8,116
2.0,8,2,9,117
2.0,8,2,10,117
2.0,8,2,11,117
2.0,8,2,12,118
2.0,8,2,13,118
2.0,8,2,14,118
2.0,8,2,15,119
2.0,8,3,0,114
2.0,8,3,1,114
2.0,8,3,2,115
2.0,8,3,3,115
2.0,8,3,4,115
2.0,8,3,5,116
2.0,8,3,6,116
2.0,8,3,7,116
2.0,8,3,8,117
2.0,8,3,9,117
2.0,8,3,10,117
2.0,8,3,11,118
2.0,8,3,12,118
2.0,8,3,13,119
2.0,8,3,14,119
2.0,8,3,15,119
2.0,8,4,0,114
2.0,8,4,1,115
2.0,8,4,2,115
2.0,8,4,3,115
2.0,8,4,4,116
2.0,8,4,5,116
2.0,8,4,6,116
2.0,8,4,7,117
2.0,8,4,8,117
2.0,8,4,9,117
2.0,8,4,10,118
2.0,8,4,11,118
2.0,8,4,12,119
2.0,8,4,13,119
2.0,8,4,14,119
2.0,8,4,15,120
2.0,8,5,0,115
2.0,8,5,1,115
2.0,8,5,2,115
2.0,8,5,3,116
2.0,8,5,4,116
2.0,8,5,5,116
2.0,8,5,6,117
2.0,8,5,7,117
2.0,8,5,8,118
2.0,8,5,9,118
2.0,8,5,10,118
2.0,8,5,11,119
2.0,8,5,12,119
2.0,8,5,13,119
2.0,8,5,14,120
2.0,8,5,15,120
2.0,8,6,0,115
2.0,8,6,1,115
2.0,8,6,2,116
2.0,8,6,3,116
2.0,8,6,4,116
2.0,8,6,5,117
2.0,8,6,6,117
2.0,8,6,7,118
2.0,8,6,8,118
2.0,8,6,9,118
2.0,8,6,10,119
2.0,8,6,11,119
2.0,8,6,12,119
2.0,8,6,13,120
2.0,8,6,14,120
2.0,8,6,15,120
2.0,8,7,0,115
2.0,8,7,1,116
2.0,8,7,2,116
2.0,8,7,3,116
2.0,8,7,4,117
2.0,8,7,5,117
2.0,8,7,6,118
2.0,8,7,7,118
2.0,8,7,8,118
2.0,8,7,9,119
2.0,8,7,10,119
2.0,8,7,11,119
2.0,8,7,12,120
2.0,8,7,13,120
2.0,8,7,14,120
2.0,8,7,15,121
2.0,8,8,0,116
2.0,8,8,1,116
2.0,8,8,2,116
2.0,8,8,3,117
2.0,8,8,4,117
2.0,8,8,5,118
2.0,8,8,6,118
2.0,8,8,7,118
2.0,8,8,8,119
2.0,8,8,9,119
2.0,8,8,10,119
2.0,8,8,11,120
2.0,8,8,12,120
2.0,8,8,13,120
2.0,8,8,14,121
2.0,8,8,15,121
2.0,8,9,0,116
2.0,8,9,1,116
2.0,8,9,2,117
2.0,8,9,3,117
2.0,8,9,4,118
2.0,8,9,5,118
2.0,8,9,6,118
2.0,8,9,7,119
2.0,8,9,8,119
2.0,8,9,9,119
2.0,8,9,10,120
2.0,8,9,11,120
2.0,8,9,12,120
2.0,8,9,13,121
2.0,8,9,14,121
2.0,8,9,15,122
2.0,8,10,0,116
2.0,8,10,1,117
2.0,8,10,2,117
2.0,8,10,3,118
2.0,8,10,4,118
2.0,8,10,5,118
2.0,8,10,6,119
2.0,8,10,7,119
2.0,8,10,8,119
2.0,8,10,9,120
2.0,8,10,10,120
2.0,8,10,11,121
2.0,8,10,12,121
2.0,8,10,13,121
2.0,8,10,14,122
2.0,8,10,15,122
2.0,8,11,0,117
2.0,8,11,1,117
2.0,8,11,2,118
2.0,8,11,3,118
2.0,8,11,4,118
2.0,8,11,5,119
2.0,8,11,6,119
2.0,8,11,7,119
2.0,8,11,8,120
2.0,8,11,9,120
2.0,8,11,10,121
2.0,8,11,11,121
2.0,8,11,12,121
2.0,8,11,13,122
2.0,8,11,14,122
2.0,8,11,15,122
2.0,8,12,0,117
2.0,8,12,1,118
2.0,8,12,2,118
2.0,8,12,3,118
2.0,8,12,4,119
2.0,8,12,5,119
2.0,8,12,6,119
2.0,8,12,7,120
2.0,8,12,8,120
2.0,8,12,9,121
2.0,8,12,10,121
2.0,8,12,11,121
2.0,8,12,12,122
2.0,8,12,13,122
2.0,8,12,14,122
2.0,8,12,15,123
2.0,8,13,0,118
2.0,8,13,1,118
2.0,8,13,2,118
2.0,8,13,3,119
2.0,8,13,4,119
2.0,8,13,5,119
2.0,8,13,6,120
2.0,8,13,7,120
2.0,8,13,8,121
2.0,8,13,9,121
2.0,8,13,10,121
2.0,8,13,11,122
2.0,8,13,12,122
2.0,8,13,13,122
2.0,8,13,14,123
2.0,8,13,15,123
2.0,8,14,0,118
2.0,8,14,1,118
2.0,8,14,2,119
2.0,8,14,3,119
2.0,8,14,4,119
2.0,8,14,5,120
2.0,8,14,6,120
2.0,8,14,7,121
2.0,8,14,8,121
2.0,8,14,9,121
2.0,8,14,10,122
2.0,8,14,11,122
2.0,8,14,12,122
2.0,8,14,13,123
2.0,8,14,14,123
2.0,8,14,15,123
2.0,8,15,0,118
2.0,8,15,1,119
2.0,8,15,2,119
2.0,8,15,3,119
2.0,8,15,4,120
2.0,8,15,5,120
2.0,8,15,6,121
2.0,8,15,7,121
2.0,8,15,8,121
2.0,8,15,9,122
2.0,8,15,10,122
2.0,8,15,11,122
2.0,8,15,12,123
2.0,8,15,13,123
2.0,8,15,14,123
2.0,8,15,15,124
2.0,9,0,0,113
2.0,9,0,1,113
2.0,9,0,2,114
2.0,9,0,3,114
2.0,9,0,4,115
2.0,9,0,5,115
2.0,9,0,6,115
2.0,9,0,7,116
2.0,9,0,8,116
2.0,9,0,9,116
2.0,9,0,10,117
2.0,9,0,11,117
2.0,9,0,12,117
2.0,9,0,13,118
2.0,9,0,14,118
2.0,9,0,15,118
2.0,9,1,0,113
2.0,9,1,1,114
2.0,9,1,2,114
2.0,9,1,3,115
2.0,9,1,4,115
2.0,9,1,5,115
2.0,9,1,6,116
2.0,9,1,7,116
2.0,9,1,8,116
2.0,9,1,9,117
2.0,9,1,10,117
2.0,9,1,11,117
2.0,9,1,12,118
2.0,9,1,13,118
2.0,9,1,14,119
2.0,9,1,15,119
2.0,9,2,0,114
2.0,9,2,1,114
2.0,9,2,2,115
2.0,9,2,3,115
2.0,9,2,4,115
2.0,9,2,5,116
2.0,9,2,6,116
2.0,9,2,7,116
2.0,9,2,8,117
2.0,9,2,9,117
2.0,9,2,10,118
2.0,9,2,11,118
2.0,9,2,12,118
2.0,9,2,13,119
2.0,9,2,14,119
2.0,9,2,15,119
2.0,9,3,0,114
2.0,9,3,1,115
2.0,9,3,2,115
2.0,9,3,3,115
2.0,9,3,4,116
2.0,9,3,5,116
2.0,9,3,6,116
2.0,9,3,7,117
2.0,9,3,8,117
2.0,9,3,9,118
2.0,9,3,10,118
2.0,9,3,11,118
2.0,9,3,12,119
2.0,9,3,13,119
2.0,9,3,14,119
2.0,9,3,15,120
2.0,9,4,0,115
2.0,9,4,1,115
2.0,9,4,2,115
2.0,9,4,3,116
2.0,9,4,4,116
2.0,9,4,5,116
2.0,9,4,6,117
2.0,9,4,7,117
2.0,9,4,8,118
2.0,9,4,9,118
2.0,9,4,10,118
2.0,9,4,11,119
2.0,9,4,12,119
2.0,9,4,13,119
2.0,9,4,14,120
2.0,9,4,15,120
2.0,9,5,0,115
2.0,9,5,1,115
2.0,9,5,2,116
2.0,9,5,3,116
2.0,9,5,4,116
2.0,9,5,5,117
2.0,9,5,6,117
2.0,9,5,7,118
2.0,9,5,8,118
2.0,9,5,9,118
2.0,9,5,10,119
2.0,9,5,11,119
2.0,9,5,12,119
2.0,9,5,13,120
2.0,9,5,14,120
2.0,9,5,15,120
2.0,9,6,0,115
2.0,9,6,1,116
2.0,9,6,2,116
2.0,9,6,3,116
2.0,9,6,4,117
2.0,9,6,5,117
2.0,9,6,6,118
2.0,9,6,7,118
2.0,9,6,8,118
2.0,9,6,9,119
2.0,9,6,10,119
2.0,9,6,11,119
2.0,9,6,12,120
2.0,9,6,13,120
2.0,9,6,14,120
2.0,9,6,15,121
2.0,9,7,0,116
2.0,9,7,1,116
2.0,9,7,2,116
2.0,9,7,3,117
2.0,9,7,4,117
2.0,9,7,5,118
2.0,9,7,6,118
2.0,9,7,7,118
2.0,9,7,8,119
2.0,9,7,9,119
2.0,9,7,10,119
2.0,9,7,11,120
2.0,9,7,12,120
2.0,9,7,13,121
2.0,9,7,14,121
2.0,9,7,15,121
2.0,9,8,0,116
2.0,9,8,1,116
2.0,9,8,2,117
2.0,9,8,3,117
2.0,9,8,4,118
2.0,9,8,5,118
2.0,9,8,6,118
2.0,9,8,7,119
2.0,9,8,8,119
2.0,9,8,9,119
2.0,9,8,10,120
2.0,9,8,11,120
2.0,9,8,12,121
2.0,9,8,13,121
2.0,9,8,14,121
2.0,9,8,15,122
2.0,9,9,0,116
2.0,9,9,1,117
2.0,9,9,2,117
2.0,9,9,3,118
2.0,9,9,4,118
2.0,9,9,5,118
2.0,9,9,6,119
2.0,9,9,7,119
2.0,9,9,8,119
2.0,9,9,9,120
2.0,9,9,10,120
2.0,9,9,11,121
2.0,9,9,12,121
2.0,9,9,13,121
2.0,9,9,14,122
2.0,9,9,15,122
2.0,9,10,0,117
2.0,9,10,1,117
2.0,9,10,2,118
2.0,9,10,3,118
2.0,9,10,4,118
2.0,9,10,5,119
2.0,9,10,6,119
2.0,9,10,7,119
2.0,9,10,8,120
2.0,9,10,9,120
2.0,9,10,10,121
2.0,9,10,11,121
2.0,9,10,12,121
2.0,9,10,13,122
2.0,9,10,14,122
2.0,9,10,15,122
2.0,9,11,0,117
2.0,9,11,1,118
2.0,9,11,2,118
2.0,9,11,3,118
2.0,9,11,4,119
2.0,9,11,5,119
2.0,9,11,6,119
2.0,9,11,7,120
2.0,9,11,8,120
2.0,9,11,9,121
2.0,9,11,10,121
2.0,9,11,11,121
2.0,9,11,12,122
2.0,9,11,13,122
2.0,9,11,14,122
2.0,9,11,15,123
2.0,9,12,0,118
2.0,9,12,1,118
2.0,9,12,2,118
2.0,9,12,3,119
2.0,9,12,4,119
2.0,9,12,5,119
2.0,9,12,6,120
2.0,9,12,7,120
2.0,9,12,8,121
2.0,9,12,9,121
2.0,9,12,10,121
2.0,9,12,11,122
2.0,9,12,12,122
2.0,9,12,13,122
2.0,9,12,14,123
2.0,9,12,15,123
2.0,9,13,0,118
2.0,9,13,1,118
2.0,9,13,2,119
2.0,9,13,3,119
2.0,9,13,4,119
2.0,9,13,5,120
2.0,9,13,6,120
2.0,9,13,7,121
2.0,9,13,8,121
2.0,9,13,9,121
2.0,9,13,10,122
2.0,9,13,11,122
2.0,9,13,12,122
2.0,9,13,13,123
2.0,9,13,14,123
2.0,9,13,15,124
2.0,9,14,0,118
2.0,9,14,1,119
2.0,9,14,2,119
2.0,9,14,3,119
2.0,9,14,4,120
2.0,9,14,5,120
2.0,9,14,6,121
2.0,9,14,7,121
2.0,9,14,8,121
2.0,9,14,9,122
2.0,9,14,10,122
2.0,9,14,11,122
2.0,9,14,12,123
2.0,9,14,13,123
2.0,9,14,14,124
2.0,9,14,15,124
2.0,9,15,0,119
2.0,9,15,1,119
2.0,9,15,2,119
2.0,9,15,3,120
2.0,9,15,4,120
2.0,9,15,5,121
2.0,9,15,6,121
2.0,9,15,7,121
2.0,9,15,8,122
2.0,9,15,9,122
2.0,9,15,10,122
2.0,9,15,11,123
2.0,9,15,12,123
2.0,9,15,13,124
2.0,9,15,14,124
2.0,9,15,15,124
2.0,10,0,0,114
2.0,10,0,1,114
2.0,10,0,2,114
2.0,10,0,3,115
2.0,10,0,4,115
2.0,10,0,5,115
2.0,10,0,6,116
2.0,10,0,7,116
2.0,10,0,8,116
2.0,10,0,9,117
2.0,10,0,10,117
2.0,10,0,11,118
2.0,10,0,12,118
2.0,10,0,13,118
2.0,10,0,14,119
2.0,10,0,15,119
2.0,10,1,0,114
2.0,10,1,1,114
2.0,10,1,2,115
2.0,10,1,3,115
2.0,10,1,4,115
2.0,10,1,5,116
2.0,10,1,6,116
2.0,10,1,7,116
2.0,10,1,8,117
2.0,10,1,9,117
2.0,10,1,10,118
2.0,10,1,11,118
2.0,10,1,12,118
2.0,10,1,13,119
2.0,10,1,14,119
2.0,10,1,15,119
2.0,10,2,0,114
2.0,10,2,1,115
2.0,10,2,2,115
2.0,10,2,3,115
2.0,10,2,4,116
2.0,10,2,5,116
2.0,10,2,6,116
2.0,10,2,7,117
2.0,10,2,8,117
2.0,10,2,9,118
2.0,10,2,10,118
2.0,10,2,11,118
2.0,10,2,12,119
2.0,10,2,13,119
2.0,10,2,14,119
2.0,10,2,15,120
2.0,10,3,0,115
2.0,10,3,1,115
2.0,10,3,2,115
2.0,10,3,3,116
2.0,10,3,4,116
2.0,10,3,5,117
2.0,10,3,6,117
2.0,10,3,7,117
2.0,10,3,8,118
2.0,10,3,9,118
2.0,10,3,10,118
2.0,10,3,11,119
2.0,10,3,12,119
2.0,10,3,13,119
2.0,10,3,14,120
2.0,10,3,15,120
2.0,10,4,0,115
2.0,10,4,1,115
2.0,10,4,2,116
2.0,10,4,3,116
2.0,10,4,4,117
2.0,10,4,5,117
2.0,10,4,6,117
2.0,10,4,7,118
2.0,10,4,8,118
2.0,10,4,9,118
2.0,10,4,10,119
2.0,10,4,11,119
2.0,10,4,12,119
2.0,10,4,13,120
2.0,10,4,14,120
2.0,10,4,15,121
2.0,10,5,0,115
2.0,10,5,1,116
2.0,10,5,2,116
2.0,10,5,3,117
2.0,10,5,4,117
2.0,10,5,5,117
2.0,10,5,6,118
2.0,10,5,7,118
2.0,10,5,8,118
2.0,10,5,9,119
2.0,10,5,10,119
2.0,10,5,11,119
2.0,10,5,12,120
2.0,10,5,13,120
2.0,10,5,14,121
2.0,10,5,15,121
2.0,10,6,0,116
2.0,10,6,1,116
2.0,10,6,2,117
2.0,10,6,3,117
2.0,10,6,4,117
2.0,10,6,5,118
2.0,10,6,6,118
2.0,10,6,7,118
2.0,10,6,8,119
2.0,10,6,9,119
2.0,10,6,10,119
2.0,10,6,11,120
2.0,10,6,12,120
2.0,10,6,13,121
2.0,10,6,14,121
2.0,10,6,15,121
2.0,10,7,0,116
2.0,10,7,1,117
2.0,10,7,2,117
2.0,10,7,3,117
2.0,10,7,4,118
2.0,10,7,5,118
2.0,10,7,6,118
2.0,10,7,7,119
2.0,10,7,8,119
2.0,10,7,9,120
2.0,10,7,10,120
2.0,10,7,11,120
2.0,10,7,12,121
2.0,10,7,13,121
2.0,10,7,14,121
2.0,10,7,15,122
2.0,10,8,0,117
2.0,10,8,1,117
2.0,10,8,2,117
2.0,10,8,3,118
2.0,10,8,4,118
2.0,10,8,5,118
2.0,10,8,6,119
2.0,10,8,7,119
2.0,10,8,8,120
2.0,10,8,9,120
2.0,10,8,10,120
2.0,10,8,11,121
2.0,10,8,12,121
2.0,10,8,13,121
2.0,10,8,14,122
2.0,10,8,15,122
2.0,10,9,0,117
2.0,10,9,1,117
2.0,10,9,2,118
2.0,10,9,3,118
2.0,10,9,4,118
2.0,10,9,5,119
2.0,10,9,6,119
2.0,10,9,7,120
2.0,10,9,8,120
2.0,10,9,9,120
2.0,10,9,10,121
2.0,10,9,11,121
2.0,10,9,12,121
2.0,10,9,13,122
2.0,10,9,14,122
2.0,10,9,15,122
2.0,10,10,0,117
2.0,10,10,1,118
2.0,10,10,2,118
2.0,10,10,3,118
2.0,10,10,4,119
2.0,10,10,5,119
2.0,10,10,6,120
2.0,10,10,7,120
2.0,10,10,8,120
2.0,10,10,9,121
2.0,10,10,10,121
2.0,10,10,11,121
2.0,10,10,12,122
2.0,10,10,13,122
2.0,10,10,14,123
2.0,10,10,15,123
2.0,10,11,0,118
2.0,10,11,1,118
2.0,10,11,2,118
2.0,10,11,3,119
2.0,10,11,4,119
2.0,10,11,5,120
2.0,10,11,6,120
2.0,10,11,7,120
2.0,10,11,8,121
2.0,10,11,9,121
2.0,10,11,10,121
2.0,10,11,11,122
2.0,10,11,12,122
2.0,10,11,13,123
2.0,10,11,14,123
2.0,10,11,15,123
2.0,10,12,0,118
2.0,10,12,1,118
2.0,10,12,2,119
2.0,10,12,3,119
2.0,10,12,4,120
2.0,10,12,5,120
2.0,10,12,6,120
2.0,10,12,7,121
2.0,10,12,8,121
2.0,10,12,9,121
2.0,10,12,10,122
2.0,10,12,11,122
2.0,10,12,12,123
2.0,10,12,13,123
2.0,10,12,14,123
2.0,10,12,15,124
2.0,10,13,0,118
2.0,10,13,1,119
2.0,10,13,2,119
2.0,10,13,3,120
2.0,10,13,4,120
2.0,10,13,5,120
2.0,10,13,6,121
2.0,10,13,7,121
2.0,10,13,8,121
2.0,10,13,9,122
2.0,10,13,10,122
2.0,10,13,11,123
2.0,10,13,12,123
2.0,10,13,13,123
2.0,10,13,14,124
2.0,10,13,15,124
2.0,10,14,0,119
2.0,10,14,1,119
2.0,10,14,2,120
2.0,10,14,3,120
2.0,10,14,4,120
2.0,10,14,5,121
2.0,10,14,6,121
2.0,10,14,7,121
2.0,10,14,8,122
2.0,10,14,9,122
2.0,10,14,10,123
2.0,10,14,11,123
2.0,10,14,12,123
2.0,10,14,13,124
2.0,10,14,14,124
2.0,10,14,15,124
2.0,10,15,0,119
2.0,10,15,1,120
2.0,10,15,2,120
2.0,10,15,3,120
2.0,10,15,4,121
2.0,10,15,5,121
2.0,10,15,6,121
2.0,10,15,7,122
2.0,10,15,8,122
2.0,10,15,9,123
2.0,10,15,10,123
2.0,10,15,11,123
2.0,10,15,12,124
2.0,10,15,13,124
2.0,10,15,14,124
2.0,10,15,15,125
2.0,11,0,0,114
2.0,11,0,1,114
2.0,11,0,2,115
2.0,11,0,3,115
2.0,11,0,4,115
2.0,11,0,5,116
2.0,11,0,6,116
2.0,11,0,7,117
2.0,11,0,8,117
2.0,11,0,9,117
2.0,11,0,10,118
2.0,11,0,11,118
2.0,11,0,12,118
2.0,11,0,13,119
2.0,11,0,14,119
2.0,11,0,15,119
2.0,11,1,0,114
2.0,11,1,1,115
2.0,11,1,2,115
2.0,11,1,3,115
2.0,11,1,4,116
2.0,11,1,5,116
2.0,11,1,6,117
2.0,11,1,7,117
2.0,11,1,8,117
2.0,11,1,9,118
2.0,11,1,10,118
2.0,11,1,11,118
2.0,11,1,12,119
2.0,11,1,13,119
2.0,11,1,14,119
2.0,11,1,15,120
2.0,11,2,0,115
2.0,11,2,1,115
2.0,11,2,2,115
2.0,11,2,3,116
2.0,11,2,4,116
2.0,11,2,5,117
2.0,11,2,6,117
2.0,11,2,7,117
2.0,11,2,8,118
2.0,11,2,9,118
2.0,11,2,10,118
2.0,11,2,11,119
2.0,11,2,12,119
2.0,11,2,13,119
2.0,11,2,14,120
2.0,11,2,15,120
2.0,11,3,0,115
2.0,11,3,1,115
2.0,11,3,2,116
2.0,11,3,3,116
2.0,11,3,4,117
2.0,11,3,5,117
2.0,11,3,6,117
2.0,11,3,7,118
2.0,11,3,8,118
2.0,11,3,9,118
2.0,11,3,10,119
2.0,11,3,11,119
2.0,11,3,12,119
2.0,11,3,13,120
2.0,11,3,14,120
2.0,11,3,15,121
2.0,11,4,0,115
2.0,11,4,1,116
2.0,11,4,2,116
2.0,11,4,3,117
2.0,11,4,4,117
2.0,11,4,5,117
2.0,11,4,6,118
2.0,11,4,7,118
2.0,11,4,8,118
2.0,11,4,9,119
2.0,11,4,10,119
2.0,11,4,11,120
2.0,11,4,12,120
2.0,11,4,13,120
2.0,11,4,14,121
2.0,11,4,15,121
2.0,11,5,0,116
2.0,11,5,1,116
2.0,11,5,2,117
2.0,11,5,3,117
2.0,11,5,4,117
2.0,11,5,5,118
2.0,11,5,6,118
2.0,11,5,7,118
2.0,11,5,8,119
2.0,11,5,9,119
2.0,11,5,10,120
2.0,11,5,11,120
2.0,11,5,12,120
2.0,11,5,13,121
2.0,11,5,14,121
2.0,11,5,15,121
2.0,11,6,0,116
2.0,11,6,1,117
2.0,11,6,2,117
2.0,11,6,3,117
2.0,11,6,4,118
2.0,11,6,5,118
2.0,11,6,6,118
2.0,11,6,7,119
2.0,11,6,8,119
2.0,11,6,9,120
2.0,11,6,10,120
2.0,11,6,11,120
2.0,11,6,12,121
2.0,11,6,13,121
2.0,11,6,14,121
2.0,11,6,15,122
2.0,11,7,0,117
2.0,11,7,1,117
2.0,11,7,2,117
2.0,11,7,3,118
2.0,11,7,4,118
2.0,11,7,5,118
2.0,11,7,6,119
2.0,11,7,7,119
2.0,11,7,8,120
2.0,11,7,9,120
2.0,11,7,10,120
2.0,11,7,11,121
2.0,11,7,12,121
2.0,11,7,13,121
2.0,11,7,14,122
2.0,11,7,15,122
2.0,11,8,0,117
2.0,11,8,1,117
2.0,11,8,2,118
2.0,11,8,3,118
2.0,11,8,4,118
2.0,11,8,5,119
2.0,11,8,6,119
2.0,11,8,7,120
2.0,11,8,8,120
2.0,11,8,9,120
2.0,11,8,10,121
2.0,11,8,11,121
2.0,11,8,12,121
2.0,11,8,13,122
2.0,11,8,14,122
2.0,11,8,15,123
2.0,11,9,0,117
2.0,11,9,1,118
2.0,11,9,2,118
2.0,11,9,3,118
2.0,11,9,4,119
2.0,11,9,5,119
2.0,11,9,6,120
2.0,11,9,7,120
2.0,11,9,8,120
2.0,11,9,9,121
2.0,11,9,10,121
2.0,11,9,11,121
2.0,11,9,12,122
2.0,11,9,13,122
2.0,11,9,14,123
2.0,11,9,15,123
2.0,11,10,0,118
2.0,11,10,1,118
2.0,11,10,2,118
2.0,11,10,3,119
2.0,11,10,4,119
2.0,11,10,5,120
2.0,11,10,6,120
2.0,11,10,7,120
2.0,11,10,8,121
2.0,11,10,9,121
2.0,11,10,10,121
2.0,11,10,11,122
2.0,11,10,12,122
2.0,11,10,13,123
2.0,11,10,14,123
2.0,11,10,15,123
2.0,11,11,0,118
2.0,11,11,1,118
2.0,11,11,2,119
2.0,11,11,3,119
2.0,11,11,4,120
2.0,11,11,5,120
2.0,11,11,6,120
2.0,11,11,7,121
2.0,11,11,8,121
2.0,11,11,9,121
2.0,11,11,10,122
2.0,11,11,11,122
2.0,11,11,12,123
2.0,11,11,13,123
2.0,11,11,14,123
2.0,11,11,15,124
2.0,11,12,0,118
2.0,11,12,1,119
2.0,11,12,2,119
2.0,11,12,3,120
2.0,11,12,4,120
2.0,11,12,5,120
2.0,11,12,6,121
2.0,11,12,7,121
2.0,11,12,8,122
2.0,11,12,9,122
2.0,11,12,10,122
2.0,11,12,11,123
2.0,11,12,12,123
2.0,11,12,13,123
2.0,11,12,14,124
2.0,11,12,15,124
2.0,11,13,0,119
2.0,11,13,1,119
2.0,11,13,2,120
2.0,11,13,3,120
2.0,11,13,4,120
2.0,11,13,5,121
2.0,11,13,6,121
2.0,11,13,7,122
2.0,11,13,8,122
2.0,11,13,9,122
2.0,11,13,10,123
2.0,11,13,11,123
2.0,11,13,12,123
2.0,11,13,13,124
2.0,11,13,14,124
2.0,11,13,15,124
2.0,11,14,0,119
2.0,11,14,1,120
2.0,11,14,2,120
2.0,11,14,3,120
2.0,11,14,4,121
2.0,11,14,5,121
2.0,11,14,6,122
2.0,11,14,7,122
2.0,11,14,8,122
2.0,11,14,9,123
2.0,11,14,10,123
2.0,11,14,11,123
2.0,11,14,12,124
2.0,11,14,13,124
2.0,11,14,14,124
2.0,11,14,15,125
2.0,11,15,0,120
2.0,11,15,1,120
2.0,11,15,2,120
2.0,11,15,3,121
2.0,11,15,4,121
2.0,11,15,5,121
2.0,11,15,6,122
2.0,11,15,7,122
2.0,11,15,8,123
2.0,11,15,9,123
2.0,11,15,10,123
2.0,11,15,11,124
2.0,11,15,12,124
2.0,11,15,13,125
2.0,11,15,14,125
2.0,11,15,15,125
2.0,12,0,0,114
2.0,12,0,1,115
2.0,12,0,2,115
2.0,12,0,3,115
2.0,12,0,4,116
2.0,12,0,5,116
2.0,12,0,6,117
2.0,12,0,7,117
2.0,12,0,8,117
2.0,12,0,9,118
2.0,12,0,10,118
2.0,12,0,11,118
2.0,12,0,12,119
2.0,12,0,13,119
2.0,12,0,14,119
2.0,12,0,15,120
2.0,12,1,0,115
2.0,12,1,1,115
2.0,12,1,2,115
2.0,12,1,3,116
2.0,12,1,4,116
2.0,12,1,5,117
2.0,12,1,6,117
2.0,12,1,7,117
2.0,12,1,8,118
2.0,12,1,9,118
2.0,12,1,10,118
2.0,12,1,11,119
2.0,12,1,12,119
2.0,12,1,13,119
2.0,12,1,14,120
2.0,12,1,15,120
2.0,12,2,0,115
2.0,12,2,1,116
2.0,12,2,2,116
2.0,12,2,3,116
2.0,12,2,4,117
2.0,12,2,5,117
2.0,12,2,6,117
2.0,12,2,7,118
2.0,12,2,8,118
2.0,12,2,9,118
2.0,12,2,10,119
2.0,12,2,11,119
2.0,12,2,12,120
2.0,12,2,13,120
2.0,12,2,14,120
2.0,12,2,15,121
2.0,12,3,0,116
2.0,12,3,1,116
2.0,12,3,2,116
2.0,12,3,3,117
2.0,12,3,4,117
2.0,12,3,5,117
2.0,12,3,6,118
2.0,12,3,7,118
2.0,12,3,8,118
2.0,12,3,9,119
2.0,12,3,10,119
2.0,12,3,11,120
2.0,12,3,12,120
2.0,12,3,13,120
2.0,12,3,14,121
2.0,12,3,15,121
2.0,12,4,0,116
2.0,12,4,1,116
2.0,12,4,2,117
2.0,12,4,3,117
2.0,12,4,4,117
2.0,12,4,5,118
2.0,12,4,6,118
2.0,12,4,7,119
2.0,12,4,8,119
2.0,12,4,9,119
2.0,12,4,10,120
2.0,12,4,11,120
2.0,12,4,12,120
2.0,12,4,13,121
2.0,12,4,14,121
2.0,12,4,15,121
2.0,12,5,0,116
2.0,12,5,1,117
2.0,12,5,2,117
2.0,12,5,3,117
2.0,12,5,4,118
2.0,12,5,5,118
2.0,12,5,6,119
2.0,12,5,7,119
2.0,12,5,8,119
2.0,12,5,9,120
2.0,12,5,10,120
2.0,12,5,11,120
2.0,12,5,12,121
2.0,12,5,13,121
2.0,12,5,14,121
2.0,12,5,15,122
2.0,12,6,0,117
2.0,12,6,1,117
2.0,12,6,2,117
2.0,12,6,3,118
2.0,12,6,4,118
2.0,12,6,5,119
2.0,12,6,6,119
2.0,12,6,7,119
2.0,12,6,8,120
2.0,12,6,9,120
2.0,12,6,10,120
2.0,12,6,11,121
2.0,12,6,12,121
2.0,12,6,13,121
2.0,12,6,14,122
2.0,12,6,15,122
2.0,12,7,0,117
2.0,12,7,1,117
2.0,12,7,2,118
2.0,12,7,3,118
2.0,12,7,4,119
2.0,12,7,5,119
2.0,12,7,6,119
2.0,12,7,7,120
2.0,12,7,8,120
2.0,12,7,9,120
2.0,12,7,10,121
2.0,12,7,11,121
2.0,12,7,12,122
2.0,12,7,13,122
2.0,12,7,14,122
2.0,12,7,15,123
2.0,12,8,0,117
2.0,12,8,1,118
2.0,12,8,2,118
2.0,12,8,3,119
2.0,12,8,4,119
2.0,12,8,5,119
2.0,12,8,6,120
2.0,12,8,7,120
2.0,12,8,8,120
2.0,12,8,9,121
2.0,12,8,10,121
2.0,12,8,11,122
2.0,12,8,12,122
2.0,12,8,13,122
2.0,12,8,14,123
2.0,12,8,15,123
2.0,12,9,0,118
2.0,12,9,1,118
2.0,12,9,2,119
2.0,12,9,3,119
2.0,12,9,4,119
2.0,12,9,5,120
2.0,12,9,6,120
2.0,12,9,7,120
2.0,12,9,8,121
2.0,12,9,9,121
2.0,12,9,10,122
2.0,12,9,11,122
2.0,12,9,12,122
2.0,12,9,13,123
2.0,12,9,14,123
2.0,12,9,15,123
2.0,12,10,0,118
2.0,12,10,1,119
2.0,12,10,2,119
2.0,12,10,3,119
2.0,12,10,4,120
2.0,12,10,5,120
2.0,12,10,6,120
2.0,12,10,7,121
2.0,12,10,8,121
2.0,12,10,9,122
2.0,12,10,10,122
2.0,12,10,11,122
2.0,12,10,12,123
2.0,12,10,13,123
2.0,12,10,14,123
2.0,12,10,15,124
2.0,12,11,0,119
2.0,12,11,1,119
2.0,12,11,2,119
2.0,12,11,3,120
2.0,12,11,4,120
2.0,12,11,5,120
2.0,12,11,6,121
2.0,12,11,7,121
2.0,12,11,8,122
2.0,12,11,9,122
2.0,12,11,10,122
2.0,12,11,11,123
2.0,12,11,12,123
2.0,12,11,13,123
2.0,12,11,14,124
2.0,12,11,15,124
2.0,12,12,0,119
2.0,12,12,1,119
2.0,12,12,2,120
2.0,12,12,3,120
2.0,12,12,4,120
2.0,12,12,5,121
2.0,12,12,6,121
2.0,12,12,7,122
2.0,12,12,8,122
2.0,12,12,9,122
2.0,12,12,10,123
2.0,12,12,11,123
2.0,12,12,12,123
2.0,12,12,13,124
2.0,12,12,14,124
2.0,12,12,15,125
2.0,12,13,0,119
2.0,12,13,1,120
2.0,12,13,2,120
2.0,12,13,3,120
2.0,12,13,4,121
2.0,12,13,5,121
2.0,12,13,6,122
2.0,12,13,7,122
2.0,12,13,8,122
2.0,12,13,9,123
2.0,12,13,10,123
2.0,12,13,11,123
2.0,12,13,12,124
2.0,12,13,13,124
2.0,12,13,14,125
2.0,12,13,15,125
2.0,12,14,0,120
2.0,12,14,1,120
2.0,12,14,2,120
2.0,12,14,3,121
2.0,12,14,4,121
2.0,12,14,5,122
2.0,12,14,6,122
2.0,12,14,7,122
2.0,12,14,8,123
2.0,12,14,9,123
2.0,12,14,10,123
2.0,12,14,11,124
2.0,12,14,12,124
2.0,12,14,13,125
2.0,12,14,14,125
2.0,12,14,15,125
2.0,12,15,0,120
2.0,12,15,1,120
2.0,12,15,2,121
2.0,12,15,3,121
2.0,12,15,4,122
2.0,12,15,5,122
2.0,12,15,6,122
2.0,12,15,7,123
2.0,12,15,8,123
2.0,12,15,9,123
2.0,12,15,10,124
2.0,12,15,11,124
2.0,12,15,12,125
2.0,12,15,13,125
2.0,12,15,14,125
2.0,12,15,15,126
2.0,13,0,0,115
2.0,13,0,1,115
2.0,13,0,2,116
2.0,13,0,3,116
2.0,13,0,4,116
2.0,13,0,5,117
2.0,13,0,6,117
2.0,13,0,7,117
2.0,13,0,8,118
2.0,13,0,9,118
2.0,13,0,10,118
2.0,13,0,11,119
2.0,13,0,12,119
2.0,13,0,13,120
2.0,13,0,14,120
2.0,13,0,15,120
2.0,13,1,0,115
2.0,13,1,1,116
2.0,13,1,2,116
2.0,13,1,3,116
2.0,13,1,4,117
2.0,13,1,5,117
2.0,13,1,6,117
2.0,13,1,7,118
2.0,13,1,8,118
2.0,13,1,9,118
2.0,13,1,10,119
2.0,13,1,11,119
2.0,13,1,12,120
2.0,13,1,13,120
2.0,13,1,14,120
2.0,13,1,15,121
2.0,13,2,0,116
2.0,13,2,1,116
2.0,13,2,2,116
2.0,13,2,3,117
2.0,13,2,4,117
2.0,13,2,5,117
2.0,13,2,6,118
2.0,13,2,7,118
2.0,13,2,8,119
2.0,13,2,9,119
2.0,13,2,10,119
2.0,13,2,11,120
2.0,13,2,12,120
2.0,13,2,13,120
2.0,13,2,14,121
2.0,13,2,15,121
2.0,13,3,0,116
2.0,13,3,1,116
2.0,13,3,2,117
2.0,13,3,3,117
2.0,13,3,4,117
2.0,13,3,5,118
2.0,13,3,6,118
2.0,13,3,7,119
2.0,13,3,8,119
2.0,13,3,9,119
2.0,13,3,10,120
2.0,13,3,11,120
2.0,13,3,12,120
2.0,13,3,13,121
2.0,13,3,14,121
2.0,13,3,15,121
2.0,13,4,0,116
2.0,13,4,1,117
2.0,13,4,2,117
2.0,13,4,3,117
2.0,13,4,4,118
2.0,13,4,5,118
2.0,13,4,6,119
2.0,13,4,7,119
2.0,13,4,8,119
2.0,13,4,9,120
2.0,13,4,10,120
2.0,13,4,11,120
2.0,13,4,12,121
2.0,13,4,13,121
2.0,13,4,14,121
2.0,13,4,15,122
2.0,13,5,0,117
2.0,13,5,1,117
2.0,13,5,2,117
2.0,13,5,3,118
2.0,13,5,4,118
2.0,13,5,5,119
2.0,13,5,6,119
2.0,13,5,7,119
2.0,13,5,8,120
2.0,13,5,9,120
2.0,13,5,10,120
2.0,13,5,11,121
2.0,13,5,12,121
2.0,13,5,13,122
2.0,13,5,14,122
2.0,13,5,15,122
2.0,13,6,0,117
2.0,13,6,1,117
2.0,13,6,2,118
2.0,13,6,3,118
2.0,13,6,4,119
2.0,13,6,5,119
2.0,13,6,6,119
2.0,13,6,7,120
2.0,13,6,8,120
2.0,13,6,9,120
2.0,13,6,10,121
2.0,13,6,11,121
2.0,13,6,12,122
2.0,13,6,13,122
2.0,13,6,14,122
2.0,13,6,15,123
2.0,13,7,0,117
2.0,13,7,1,118
2.0,13,7,2,118
2.0,13,7,3,119
2.0,13,7,4,119
2.0,13,7,5,119
2.0,13,7,6,120
2.0,13,7,7,120
2.0,13,7,8,120
2.0,13,7,9,121
2.0,13,7,10,121
2.0,13,7,11,122
2.0,13,7,12,122
2.0,13,7,13,122
2.0,13,7,14,123
2.0,13,7,15,123
2.0,13,8,0,118
2.0,13,8,1,118
2.0,13,8,2,119
2.0,13,8,3,119
2.0,13,8,4,119
2.0,13,8,5,120
2.0,13,8,6,120
2.0,13,8,7,120
2.0,13,8,8,121
2.0,13,8,9,121
2.0,13,8,10,122
2.0,13,8,11,122
2.0,13,8,12,122
2.0,13,8,13,123
2.0,13,8,14,123
2.0,13,8,15,123
2.0,13,9,0,118
2.0,13,9,1,119
2.0,13,9,2,119
2.0,13,9,3,119
2.0,13,9,4,120
2.0,13,9,5,120
2.0,13,9,6,121
2.0,13,9,7,121
2.0,13,9,8,121
2.0,13,9,9,122
2.0,13,9,10,122
2.0,13,9,11,122
2.0,13,9,12,123
2.0,13,9,13,123
2.0,13,9,14,123
2.0,13,9,15,124
2.0,13,10,0,119
2.0,13,10,1,119
2.0,13,10,2,119
2.0,13,10,3,120
2.0,13,10,4,120
2.0,13,10,5,121
2.0,13,10,6,121
2.0,13,10,7,121
2.0,13,10,8,122
2.0,13,10,9,122
2.0,13,10,10,122
2.0,13,10,11,123
2.0,13,10,12,123
2.0,13,10,13,123
2.0,13,10,14,124
2.0,13,10,15,124
2.0,13,11,0,119
2.0,13,11,1,119
2.0,13,11,2,120
2.0,13,11,3,120
2.0,13,11,4,121
2.0,13,11,5,121
2.0,13,11,6,121
2.0,13,11,7,122
2.0,13,11,8,122
2.0,13,11,9,122
2.0,13,11,10,123
2.0,13,11,11,123
2.0,13,11,12,124
2.0,13,11,13,124
2.0,13,11,14,124
2.0,13,11,15,125
2.0,13,12,0,119
2.0,13,12,1,120
2.0,13,12,2,120
2.0,13,12,3,121
2.0,13,12,4,121
2.0,13,12,5,121
2.0,13,12,6,122
2.0,13,12,7,122
2.0,13,12,8,122
2.0,13,12,9,123
2.0,13,12,10,123
2.0,13,12,11,124
2.0,13,12,12,124
2.0,13,12,13,124
2.0,13,12,14,125
2.0,13,12,15,125
2.0,13,13,0,120
2.0,13,13,1,120
2.0,13,13,2,120
2.0,13,13,3,121
2.0,13,13,4,121
2.0,13,13,5,122
2.0,13,13,6,122
2.0,13,13,7,122
2.0,13,13,8,123
2.0,13,13,9,123
2.0,13,13,10,124
2.0,13,13,11,124
2.0,13,13,12,124
2.0,13,13,13,125
2.0,13,13,14,125
2.0,13,13,15,125
2.0,13,14,0,120
2.0,13,14,1,120
2.0,13,14,2,121
2.0,13,14,3,121
2.0,13,14,4,122
2.0,13,14,5,122
2.0,13,14,6,122
2.0,13,14,7,123
2.0,13,14,8,123
2.0,13,14,9,124
2.0,13,14,10,124
2.0,13,14,11,124
2.0,13,14,12,125
2.0,13,14,13,125
2.0,13,14,14,125
2.0,13,14,15,126
2.0,13,15,0,120
2.0,13,15,1,121
2.0,13,15,2,121
2.0,13,15,3,122
2.0,13,15,4,122
2.0,13,15,5,122
2.0,13,15,6,123
2.0,13,15,7,123
2.0,13,15,8,124
2.0,13,15,9,124
2.0,13,15,10,124
2.0,13,15,11,125
2.0,13,15,12,125
2.0,13,15,13,125
2.0,13,15,14,126
2.0,13,15,15,126
2.0,14,0,0,115
2.0,14,0,1,116
2.0,14,0,2,116
2.0,14,0,3,116
2.0,14,0,4,117
2.0,14,0,5,117
2.0,14,0,6,117
2.0,14,0,7,118
2.0,14,0,8,118
2.0,14,0,9,119
2.0,14,0,10,119
2.0,14,0,11,119
2.0,14,0,12,120
2.0,14,0,13,120
2.0,14,0,14,120
2.0,14,0,15,121
2.0,14,1,0,116
2.0,14,1,1,116
2.0,14,1,2,116
2.0,14,1,3,117
2.0,14,1,4,117
2.0,14,1,5,117
2.0,14,1,6,118
2.0,14,1,7,118
2.0,14,1,8,119
2.0,14,1,9,119
2.0,14,1,10,119
2.0,14,1,11,120
2.0,14,1,12,120
2.0,14,1,13,120
2.0,14,1,14,121
2.0,14,1,15,121
2.0,14,2,0,116
2.0,14,2,1,116
2.0,14,2,2,117
2.0,14,2,3,117
2.0,14,2,4,117
2.0,14,2,5,118
2.0,14,2,6,118
2.0,14,2,7,119
2.0,14,2,8,119
2.0,14,2,9,119
2.0,14,2,10,120
2.0,14,2,11,120
2.0,14,2,12,120
2.0,14,2,13,121
2.0,14,2,14,121
2.0,14,2,15,121
2.0,14,3,0,116
2.0,14,3,1,117
2.0,14,3,2,117
2.0,14,3,3,117
2.0,14,3,4,118
2.0,14,3,5,118
2.0,14,3,6,119
2.0,14,3,7,119
2.0,14,3,8,119
2.0,14,3,9,120
2.0,14,3,10,120
2.0,14,3,11,120
2.0,14,3,12,121
2.0,14,3,13,121
2.0,14,3,14,122
2.0,14,3,15,122
2.0,14,4,0,117
2.0,14,4,1,117
2.0,14,4,2,118
2.0,14,4,3,118
2.0,14,4,4,118
2.0,14,4,5,119
2.0,14,4,6,119
2.0,14,4,7,119
2.0,14,4,8,120
2.0,14,4,9,120
2.0,14,4,10,120
2.0,14,4,11,121
2.0,14,4,12,121
2.0,14,4,13,122
2.0,14,4,14,122
2.0,14,4,15,122
2.0,14,5,0,117
2.0,14,5,1,118
2.0,14,5,2,118
2.0,14,5,3,118
2.0,14,5,4,119
2.0,14,5,5,119
2.0,14,5,6,119
2.0,14,5,7,120
2.0,14,5,8,120
2.0,14,5,9,121
2.0,14,5,10,121
2.0,14,5,11,121
2.0,14,5,12,122
2.0,14,5,13,122
2.0,14,5,14,122
2.0,14,5,15,123
2.0,14,6,0,118
2.0,14,6,1,118
2.0,14,6,2,118
2.0,14,6,3,119
2.0,14,6,4,119
2.0,14,6,5,119
2.0,14,6,6,120
2.0,14,6,7,120
2.0,14,6,8,121
2.0,14,6,9,121
2.0,14,6,10,121
2.0,14,6,11,122
2.0,14,6,12,122
2.0,14,6,13,122
2.0,14,6,14,123
2.0,14,6,15,123
2.0,14,7,0,118
2.0,14,7,1,118
2.0,14,7,2,119
2.0,14,7,3,119
2.0,14,7,4,119
2.0,14,7,5,120
2.0,14,7,6,120
2.0,14,7,7,121
2.0,14,7,8,121
2.0,14,7,9,121
2.0,14,7,10,122
2.0,14,7,11,122
2.0,14,7,12,122
2.0,14,7,13,123
2.0,14,7,14,123
2.0,14,7,15,123
2.0,14,8,0,118
2.0,14,8,1,119
2.0,14,8,2,119
2.0,14,8,3,119
2.0,14,8,4,120
2.0,14,8,5,120
2.0,14,8,6,121
2.0,14,8,7,121
2.0,14,8,8,121
2.0,14,8,9,122
2.0,14,8,10,122
2.0,14,8,11,122
2.0,14,8,12,123
2.0,14,8,13,123
2.0,14,8,14,124
2.0,14,8,15,124
2.0,14,9,0,119
2.0,14,9,1,119
2.0,14,9,2,119
2.0,14,9,3,120
2.0,14,9,4,120
2.0,14,9,5,121
2.0,14,9,6,121
2.0,14,9,7,121
2.0,14,9,8,122
2.0,14,9,9,122
2.0,14,9,10,122
2.0,14,9,11,123
2.0,14,9,12,123
2.0,14,9,13,124
2.0,14,9,14,124
2.0,14,9,15,124
2.0,14,10,0,119
2.0,14,10,1,119
2.0,14,10,2,120
2.0,14,10,3,120
2.0,14,10,4,121
2.0,14,10,5,121
2.0,14,10,6,121
2.0,14,10,7,122
2.0,14,10,8,122
2.0,14,10,9,122
2.0,14,10,10,123
2.0,14,10,11,123
2.0,14,10,12,124
2.0,14,10,13,124
2.0,14,10,14,124
2.0,14,10,15,125
2.0,14,11,0,119
2.0,14,11,1,120
2.0,14,11,2,120
2.0,14,11,3,121
2.0,14,11,4,121
2.0,14,11,5,121
2.0,14,11,6,122
2.0,14,11,7,122
2.0,14,11,8,122
2.0,14,11,9,123
2.0,14,11,10,123
2.0,14,11,11,124
2.0,14,11,12,124
2.0,14,11,13,124
2.0,14,11,14,125
2.0,14,11,15,125
2.0,14,12,0,120
2.0,14,12,1,120
2.0,14,12,2,121
2.0,14,12,3,121
2.0,14,12,4,121
2.0,14,12,5,122
2.0,14,12,6,122
2.0,14,12,7,122
2.0,14,12,8,123
2.0,14,12,9,123
2.0,14,12,10,124
2.0,14,12,11,124
2.0,14,12,12,124
2.0,14,12,13,125
2.0,14,12,14,125
2.0,14,12,15,125
2.0,14,13,0,120
2.0,14,13,1,121
2.0,14,13,2,121
2.0,14,13,3,121
2.0,14,13,4,122
2.0,14,13,5,122
2.0,14,13,6,122
2.0,14,13,7,123
2.0,14,13,8,123
2.0,14,13,9,124
2.0,14,13,10,124
2.0,14,13,11,124
2.0,14,13,12,125
2.0,14,13,13,125
2.0,14,13,14,125
2.0,14,13,15,126
2.0,14,14,0,121
2.0,14,14,1,121
2.0,14,14,2,121
2.0,14,14,3,122
2.0,14,14,4,122
2.0,14,14,5,122
2.0,14,14,6,123
2.0,14,14,7,123
2.0,14,14,8,124
2.0,14,14,9,124
2.0,14,14,10,124
2.0,14,14,11,125
2.0,14,14,12,125
2.0,14,14,13,126
2.0,14,14,14,126
2.0,14,14,15,126
2.0,14,15,0,121
2.0,14,15,1,121
2.0,14,15,2,122
2.0,14,15,3,122
2.0,14,15,4,122
2.0,14,15,5,123
2.0,14,15,6,123
2.0,14,15,7,124
2.0,14,15,8,124
2.0,14,15,9,124
2.0,14,15,10,125
2.0,14,15,11,125
2.0,14,15,12,126
2.0,14,15,13,126
2.0,14,15,14,126
2.0,14,15,15,127
2.0,15,0,0,116
2.0,15,0,1,116
2.0,15,0,2,116
2.0,15,0,3,117
2.0,15,0,4,117
2.0,15,0,5,117
2.0,15,0,6,118
2.0,15,0,7,118
2.0,15,0,8,119
2.0,15,0,9,119
2.0,15,0,10,119
2.0,15,0,11,120
2.0,15,0,12,120
2.0,15,0,13,120
2.0,15,0,14,121
2.0,15,0,15,121
2.0,15,1,0,116
2.0,15,1,1,116
2.0,15,1,2,117
2.0,15,1,3,117
2.0,15,1,4,118
2.0,15,1,5,118
2.0,15,1,6,118
2.0,15,1,7,119
2.0,15,1,8,119
2.0,15,1,9,119
2.0,15,1,10,120
2.0,15,1,11,120
2.0,15,1,12,120
2.0,15,1,13,121
2.0,15,1,14,121
2.0,15,1,15,122
2.0,15,2,0,116
2.0,15,2,1,117
2.0,15,2,2,117
2.0,15,2,3,118
2.0,15,2,4,118
2.0,15,2,5,118
2.0,15,2,6,119
2.0,15,2,7,119
2.0,15,2,8,119
2.0,15,2,9,120
2.0,15,2,10,120
2.0,15,2,11,120
2.0,15,2,12,121
2.0,15,2,13,121
2.0,15,2,14,122
2.0,15,2,15,122
2.0,15,3,0,117
2.0,15,3,1,117
2.0,15,3,2,118
2.0,15,3,3,118
2.0,15,3,4,118
2.0,15,3,5,119
2.0,15,3,6,119
2.0,15,3,7,119
2.0,15,3,8,120
2.0,15,3,9,120
2.0,15,3,10,121
2.0,15,3,11,121
2.0,15,3,12,121
2.0,15,3,13,122
2.0,15,3,14,122
2.0,15,3,15,122
2.0,15,4,0,117
2.0,15,4,1,118
2.0,15,4,2,118
2.0,15,4,3,118
2.0,15,4,4,119
2.0,15,4,5,119
2.0,15,4,6,119
2.0,15,4,7,120
2.0,15,4,8,120
2.0,15,4,9,121
2.0,15,4,10,121
2.0,15,4,11,121
2.0,15,4,12,122
2.0,15,4,13,122
2.0,15,4,14,122
2.0,15,4,15,123
2.0,15,5,0,118
2.0,15,5,1,118
2.0,15,5,2,118
2.0,15,5,3,119
2.0,15,5,4,119
2.0,15,5,5,119
2.0,15,5,6,120
2.0,15,5,7,120
2.0,15,5,8,121
2.0,15,5,9,121
2.0,15,5,10,121
2.0,15,5,11,122
2.0,15,5,12,122
2.0,15,5,13,122
2.0,15,5,14,123
2.0,15,5,15,123
2.0,15,6,0,118
2.0,15,6,1,118
2.0,15,6,2,119
2.0,15,6,3,119
2.0,15,6,4,119
2.0,15,6,5,120
2.0,15,6,6,120
2.0,15,6,7,121
2.0,15,6,8,121
2.0,15,6,9,121
2.0,15,6,10,122
2.0,15,6,11,122
2.0,15,6,12,122
2.0,15,6,13,123
2.0,15,6,14,123
2.0,15,6,15,124
2.0,15,7,0,118
2.0,15,7,1,119
2.0,15,7,2,119
2.0,15,7,3,119
2.0,15,7,4,120
2.0,15,7,5,120
2.0,15,7,6,121
2.0,15,7,7,121
2.0,15,7,8,121
2.0,15,7,9,122
2.0,15,7,10,122
2.0,15,7,11,122
2.0,15,7,12,123
2.0,15,7,13,123
2.0,15,7,14,124
2.0,15,7,15,124
2.0,15,8,0,119
2.0,15,8,1,119
2.0,15,8,2,119
2.0,15,8,3,120
2.0,15,8,4,120
2.0,15,8,5,121
2.0,15,8,6,121
2.0,15,8,7,121
2.0,15,8,8,122
2.0,15,8,9,122
2.0,15,8,10,122
2.0,15,8,11,123
2.0,15,8,12,123
2.0,15,8,13,124
2.0,15,8,14,124
2.0,15,8,15,124
2.0,15,9,0,119
2.0,15,9,1,119
2.0,15,9,2,120
2.0,15,9,3,120
2.0,15,9,4,121
2.0,15,9,5,121
2.0,15,9,6,121
2.0,15,9,7,122
2.0,15,9,8,122
2.0,15,9,9,123
2.0,15,9,10,123
2.0,15,9,11,123
2.0,15,9,12,124
2.0,15,9,13,124
2.0,15,9,14,124
2.0,15,9,15,125
2.0,15,10,0,119
2.0,15,10,1,120
2.0,15,10,2,120
2.0,15,10,3,121
2.0,15,10,4,121
2.0,15,10,5,121
2.0,15,10,6,122
2.0,15,10,7,122
2.0,15,10,8,123
2.0,15,10,9,123
2.0,15,10,10,123
2.0,15,10,11,124
2.0,15,10,12,124
2.0,15,10,13,124
2.0,15,10,14,125
2.0,15,10,15,125
2.0,15,11,0,120
2.0,15,11,1,120
2.0,15,11,2,121
2.0,15,11,3,121
2.0,15,11,4,121
2.0,15,11,5,122
2.0,15,11,6,122
2.0,15,11,7,123
2.0,15,11,8,123
2.0,15,11,9,123
2.0,15,11,10,124
2.0,15,11,11,124
2.0,15,11,12,124
2.0,15,11,13,125
2.0,15,11,14,125
2.0,15,11,15,126
2.0,15,12,0,120
2.0,15,12,1,121
2.0,15,12,2,121
2.0,15,12,3,121
2.0,15,12,4,122
2.0,15,12,5,122
2.0,15,12,6,123
2.0,15,12,7,123
2.0,15,12,8,123
2.0,15,12,9,124
2.0,15,12,10,124
2.0,15,12,11,124
2.0,15,12,12,125
2.0,15,12,13,125
2.0,15,12,14,126
2.0,15,12,15,126
2.0,15,13,0,121
2.0,15,13,1,121
2.0,15,13,2,121
2.0,15,13,3,122
2.0,15,13,4,122
2.0,15,13,5,123
2.0,15,13,6,123
2.0,15,13,7,123
2.0,15,13,8,124
2.0,15,13,9,124
2.0,15,13,10,124
2.0,15,13,11,125
2.0,15,13,12,125
2.0,15,13,13,126
2.0,15,13,14,126
2.0,15,13,15,126
2.0,15,14,0,121
2.0,15,14,1,121
2.0,15,14,2,122
2.0,15,14,3,122
2.0,15,14,4,123
2.0,15,14,5,123
2.0,15,14,6,123
2.0,15,14,7,124
2.0,15,14,8,124
2.0,15,14,9,124
2.0,15,14,10,125
2.0,15,14,11,125
2.0,15,14,12,126
2.0,15,14,13,126
2.0,15,14,14,126
2.0,15,14,15,127
2.0,15,15,0,121
2.0,15,15,1,122
2.0,15,15,2,122
2.0,15,15,3,123
2.0,15,15,4,123
2.0,15,15,5,123
2.0,15,15,6,124
2.0,15,15,7,124
2.0,15,15,8,124
2.0,15,15,9,125
2.0,15,15,10,125
2.0,15,15,11,126
2.0,15,15,12,126
2.0,15,15,13,126
2.0,15,15,14,127
2.0,15,15,15,127
2.5,0,0,0,147
2.5,0,0,1,147
2.5,0,0,2,148
2.5,0,0,3,148
2.5,0,0,4,149
2.5,0,0,5,149
2.5,0,0,6,150
2.5,0,0,7,150
2.5,0,0,8,150
2.5,0,0,9,151
2.5,0,0,10,151
2.5,0,0,11,152
2.5,0,0,12,152
2.5,0,0,13,153
2.5,0,0,14,153
2.5,0,0,15,154
2.5,0,1,0,147
2.5,0,1,1,148
2.5,0,1,2,148
2.5,0,1,3,149
2.5,0,1,4,149
2.5,0,1,5,150
2.5,0,1,6,150
2.5,0,1,7,151
2.5,0,1,8,151
2.5,0,1,9,151
2.5,0,1,10,152
2.5,0,1,11,152
2.5,0,1,12,153
2.5,0,1,13,153
2.5,0,1,14,154
2.5,0,1,15,154
2.5,0,2,0,148
2.5,0,2,1,148
2.5,0,2,2,149
2.5,0,2,3,149
2.5,0,2,4,150
2.5,0,2,5,150
2.5,0,2,6,151
2.5,0,2,7,151
2.5,0,2,8,151
2.5,0,2,9,152
2.5,0,2,10,152
2.5,0,2,11,153
2.5,0,2,12,153
2.5,0,2,13,154
2.5,0,2,14,154
2.5,0,2,15,155
2.5,0,3,0,148
2.5,0,3,1,149
2.5,0,3,2,149
2.5,0,3,3,150
2.5,0,3,4,150
2.5,0,3,5,151
2.5,0,3,6,151
2.5,0,3,7,152
2.5,0,3,8,152
2.5,0,3,9,152
2.5,0,3,10,153
2.5,0,3,11,153
2.5,0,3,12,154
2.5,0,3,13,154
2.5,0,3,14,155
2.5,0,3,15,155
2.5,0,4,0,149
2.5,0,4,1,149
2.5,0,4,2,150
2.5,0,4,3,150
2.5,0,4,4,151
2.5,0,4,5,151
2.5,0,4,6,152
2.5,0,4,7,152
2.5,0,4,8,152
2.5,0,4,9,153
2.5,0,4,10,153
2.5,0,4,11,154
2.5,0,4,12,154
2.5,0,4,13,155
2.5,0,4,14,155
2.5,0,4,15,156
2.5,0,5,0,149
2.5,0,5,1,150
2.5,0,5,2,150
2.5,0,5,3,151
2.5,0,5,4,151
2.5,0,5,5,152
2.5,0,5,6,152
2.5,0,5,7,153
2.5,0,5,8,153
2.5,0,5,9,153
2.5,0,5,10,154
2.5,0,5,11,154
2.5,0,5,12,155
2.5,0,5,13,155
2.5,0,5,14,156
2.5,0,5,15,156
2.5,0,6,0,150
2.5,0,6,1,150
2.5,0,6,2,151
2.5,0,6,3,151
2.5,0,6,4,152
2.5,0,6,5,152
2.5,0,6,6,153
2.5,0,6,7,153
2.5,0,6,8,153
2.5,0,6,9,154
2.5,0,6,10,154
2.5,0,6,11,155
2.5,0,6,12,155
2.5,0,6,13,156
2.5,0,6,14,156
2.5,0,6,15,157
2.5,0,7,0,150
2.5,0,7,1,151
2.5,0,7,2,151
2.5,0,7,3,152
2.5,0,7,4,152
2.5,0,7,5,153
2.5,0,7,6,153
2.5,0,7,7,153
2.5,0,7,8,154
2.5,0,7,9,154
2.5,0,7,10,155
2.5,0,7,11,155
2.5,0,7,12,156
2.5,0,7,13,156
2.5,0,7,14,157
2.5,0,7,15,157
2.5,0,8,0,151
2.5,0,8,1,151
2.5,0,8,2,152
2.5,0,8,3,152
2.5,0,8,4,153
2.5,0,8,5,153
2.5,0,8,6,154
2.5,0,8,7,154
2.5,0,8,8,154
2.5,0,8,9,155
2.5,0,8,10,155
2.5,0,8,11,156
2.5,0,8,12,156
2.5,0,8,13,157
2.5,0,8,14,157
2.5,0,8,15,158
2.5,0,9,0,151
2.5,0,9,1,152
2.5,0,9,2,152
2.5,0,9,3,153
2.5,0,9,4,153
2.5,0,9,5,154
2.5,0,9,6,154
2.5,0,9,7,154
2.5,0,9,8,155
2.5,0,9,9,155
2.5,0,9,10,156
2.5,0,9,11,156
2.5,0,9,12,157
2.5,0,9,13,157
2.5,0,9,14,158
2.5,0,9,15,158
2.5,0,10,0,152
2.5,0,10,1,152
2.5,0,10,2,153
2.5,0,10,3,153
2.5,0,10,4,154
2.5,0,10,5,154
2.5,0,10,6,154
2.5,0,10,7,155
2.5,0,10,8,155
2.5,0,10,9,156
2.5,0,10,10,156
2.5,0,10,11,157
2.5,0,10,12,157
2.5,0,10,13,158
2.5,0,10,14,158
2.5,0,10,15,159
2.5,0,11,0,152
2.5,0,11,1,153
2.5,0,11,2,153
2.5,0,11,3,154
2.5,0,11,4,154
2.5,0,11,5,154
2.5,0,11,6,155
2.5,0,11,7,155
2.5,0,11,8,156
2.5,0,11,9,156
2.5,0,11,10,157
2.5,0,11,11,157
2.5,0,11,12,158
2.5,0,11,13,158
2.5,0,11,14,159
2.5,0,11,15,159
2.5,0,12,0,153
2.5,0,12,1,153
2.5,0,12,2,154
2.5,0,12,3,154
2.5,0,12,4,154
2.5,0,12,5,155
2.5,0,12,6,155
2.5,0,12,7,156
2.5,0,12,8,156
2.5,0,12,9,157
2.5,0,12,10,157
2.5,0,12,11,158
2.5,0,12,12,158
2.5,0,12,13,159
2.5,0,12,14,159
2.5,0,12,15,160
2.5,0,13,0,153
2.5,0,13,1,153
2.5,0,13,2,154
2.5,0,13,3,154
2.5,0,13,4,155
2.5,0,13,5,155
2.5,0,13,6,156
2.5,0,13,7,156
2.5,0,13,8,157
2.5,0,13,9,157
2.5,0,13,10,158
2.5,0,13,11,158
2.5,0,13,12,159
2.5,0,13,13,159
2.5,0,13,14,160
2.5,0,13,15,160
2.5,0,14,0,153
2.5,0,14,1,154
2.5,0,14,2,154
2.5,0,14,3,155
2.5,0,14,4,155
2.5,0,14,5,156
2.5,0,14,6,156
2.5,0,14,7,157
2.5,0,14,8,157
2.5,0,14,9,158
2.5,0,14,10,158
2.5,0,14,11,159
2.5,0,14,12,159
2.5,0,14,13,160
2.5,0,14,14,160
2.5,0,14,15,161
2.5,0,15,0,154
2.5,0,15,1,154
2.5,0,15,2,155
2.5,0,15,3,155
2.5,0,15,4,156
2.5,0,15,5,156
2.5,0,15,6,157
2.5,0,15,7,157
2.5,0,15,8,158
2.5,0,15,9,158
2.5,0,15,10,159
2.5,0,15,11,159
2.5,0,15,12,160
2.5,0,15,13,160
2.5,0,15,14,161
2.5,0,15,15,161
2.5,1,0,0,147
2.5,1,0,1,148
2.5,1,0,2,148
2.5,1,0,3,149
2.5,1,0,4,149
2.5,1,0,5,150
2.5,1,0,6,150
2.5,1,0,7,151
2.5,1,0,8,151
2.5,1,0,9,152
2.5,1,0,10,152
2.5,1,0,11,152
2.5,1,0,12,153
2.5,1,0,13,153
2.5,1,0,14,154
2.5,1,0,15,154
2.5,1,1,0,148
2.5,1,1,1,148
2.5,1,1,2,149
2.5,1,1,3,149
2.5,1,1,4,150
2.5,1,1,5,150
2.5,1,1,6,151
2.5,1,1,7,151
2.5,1,1,8,152
2.5,1,1,9,152
2.5,1,1,10,152
2.5,1,1,11,153
2.5,1,1,12,153
2.5,1,1,13,154
2.5,1,1,14,154
2.5,1,1,15,155
2.5,1,2,0,148
2.5,1,2,1,149
2.5,1,2,2,149
2.5,1,2,3,150
2.5,1,2,4,150
2.5,1,2,5,151
2.5,1,2,6,151
2.5,1,2,7,152
2.5,1,2,8,152
2.5,1,2,9,153
2.5,1,2,10,153
2.5,1,2,11,153
2.5,1,2,12,154
2.5,1,2,13,154
2.5,1,2,14,155
2.5,1,2,15,155
2.5,1,3,0,149
2.5,1,3,1,149
2.5,1,3,2,150
2.5,1,3,3,150
2.5,1,3,4,151
2.5,1,3,5,151
2.5,1,3,6,152
2.5,1,3,7,152
2.5,1,3,8,153
2.5,1,3,9,153
2.5,1,3,10,153
2.5,1,3,11,154
2.5,1,3,12,154
2.5,1,3,13,155
2.5,1,3,14,155
2.5,1,3,15,156
2.5,1,4,0,149
2.5,1,4,1,150
2.5,1,4,2,150
2.5,1,4,3,151
2.5,1,4,4,151
2.5,1,4,5,152
2.5,1,4,6,152
2.5,1,4,7,153
2.5,1,4,8,153
2.5,1,4,9,154
2.5,1,4,10,154
2.5,1,4,11,154
2.5,1,4,12,155
2.5,1,4,13,155
2.5,1,4,14,156
2.5,1,4,15,156
2.5,1,5,0,150
2.5,1,5,1,150
2.5,1,5,2,151
2.5,1,5,3,151
2.5,1,5,4,152
2.5,1,5,5,152
2.5,1,5,6,153
2.5,1,5,7,153
2.5,1,5,8,154
2.5,1,5,9,154
2.5,1,5,10,155
2.5,1,5,11,155
2.5,1,5,12,155
2.5,1,5,13,156
2.5,1,5,14,156
2.5,1,5,15,157
2.5,1,6,0,150
2.5,1,6,1,151
2.5,1,6,2,151
2.5,1,6,3,152
2.5,1,6,4,152
2.5,1,6,5,153
2.5,1,6,6,153
2.5,1,6,7,154
2.5,1,6,8,154
2.5,1,6,9,155
2.5,1,6,10,155
2.5,1,6,11,155
2.5,1,6,12,156
2.5,1,6,13,156
2.5,1,6,14,157
2.5,1,6,15,157
2.5,1,7,0,151
2.5,1,7,1,151
2.5,1,7,2,152
2.5,1,7,3,152
2.5,1,7,4,153
2.5,1,7,5,153
2.5,1,7,6,154
2.5,1,7,7,154
2.5,1,7,8,155
2.5,1,7,9,155
2.5,1,7,10,156
2.5,1,7,11,156
2.5,1,7,12,156
2.5,1,7,13,157
2.5,1,7,14,157
2.5,1,7,15,158
2.5,1,8,0,151
2.5,1,8,1,152
2.5,1,8,2,152
2.5,1,8,3,153
2.5,1,8,4,153
2.5,1,8,5,154
2.5,1,8,6,154
2.5,1,8,7,155
2.5,1,8,8,155
2.5,1,8,9,156
2.5,1,8,10,156
2.5,1,8,11,156
2.5,1,8,12,157
2.5,1,8,13,157
2.5,1,8,14,158
2.5,1,8,15,158
2.5,1,9,0,152
2.5,1,9,1,152
2.5,1,9,2,153
2.5,1,9,3,153
2.5,1,9,4,154
2.5,1,9,5,154
2.5,1,9,6,155
2.5,1,9,7,155
2.5,1,9,8,156
2.5,1,9,9,156
2.5,1,9,10,157
2.5,1,9,11,157
2.5,1,9,12,157
2.5,1,9,13,158
2.5,1,9,14,158
2.5,1,9,15,159
2.5,1,10,0,152
2.5,1,10,1,153
2.5,1,10,2,153
2.5,1,10,3,154
2.5,1,10,4,154
2.5,1,10,5,155
2.5,1,10,6,155
2.5,1,10,7,156
2.5,1,10,8,156
2.5,1,10,9,157
2.5,1,10,10,157
2.5,1,10,11,157
2.5,1,10,12,158
2.5,1,10,13,158
2.5,1,10,14,159
2.5,1,10,15,159
2.5,1,11,0,153
2.5,1,11,1,153
2.5,1,11,2,154
2.5,1,11,3,154
2.5,1,11,4,155
2.5,1,11,5,155
2.5,1,11,6,156
2.5,1,11,7,156
2.5,1,11,8,157
2.5,1,11,9,157
2.5,1,11,10,157
2.5,1,11,11,158
2.5,1,11,12,158
2.5,1,11,13,159
2.5,1,11,14,159
2.5,1,11,15,160
2.5,1,12,0,153
2.5,1,12,1,154
2.5,1,12,2,154
2.5,1,12,3,155
2.5,1,12,4,155
2.5,1,12,5,156
2.5,1,12,6,156
2.5,1,12,7,157
2.5,1,12,8,157
2.5,1,12,9,158
2.5,1,12,10,158
2.5,1,12,11,158
2.5,1,12,12,159
2.5,1,12,13,159
2.5,1,12,14,160
2.5,1,12,15,160
2.5,1,13,0,154
2.5,1,13,1,154
2.5,1,13,2,155
2.5,1,13,3,155
2.5,1,13,4,156
2.5,1,13,5,156
2.5,1,13,6,157
2.5,1,13,7,157
2.5,1,13,8,158
2.5,1,13,9,158
2.5,1,13,10,158
2.5,1,13,11,159
2.5,1,13,12,159
2.5,1,13,13,160
2.5,1,13,14,160
2.5,1,13,15,161
2.5,1,14,0,154
2.5,1,14,1,155
2.5,1,14,2,155
2.5,1,14,3,156
2.5,1,14,4,156
2.5,1,14,5,157
2.5,1,14,6,157
2.5,1,14,7,158
2.5,1,14,8,158
2.5,1,14,9,158
2.5,1,14,10,159
2.5,1,14,11,159
2.5,1,14,12,160
2.5,1,14,13,160
2.5,1,14,14,161
2.5,1,14,15,161
2.5,1,15,0,155
2.5,1,15,1,155
2.5,1,15,2,156
2.5,1,15,3,156
2.5,1,15,4,157
2.5,1,15,5,157
2.5,1,15,6,158
2.5,1,15,7,158
2.5,1,15,8,158
2.5,1,15,9,159
2.5,1,15,10,159
2.5,1,15,11,160
2.5,1,15,12,160
2.5,1,15,13,161
2.5,1,15,14,161
2.5,1,15,15,162
2.5,2,0,0,148
2.5,2,0,1,148
2.5,2,0,2,149
2.5,2,0,3,149
2.5,2,0,4,150
2.5,2,0,5,150
2.5,2,0,6,151
2.5,2,0,7,151
2.5,2,0,8,152
2.5,2,0,9,152
2.5,2,0,10,153
2.5,2,0,11,153
2.5,2,0,12,153
2.5,2,0,13,154
2.5,2,0,14,154
2.5,2,0,15,155
2.5,2,1,0,148
2.5,2,1,1,149
2.5,2,1,2,149
2.5,2,1,3,150
2.5,2,1,4,150
2.5,2,1,5,151
2.5,2,1,6,151
2.5,2,1,7,152
2.5,2,1,8,152
2.5,2,1,9,153
2.5,2,1,10,153
2.5,2,1,11,154
2.5,2,1,12,154
2.5,2,1,13,154
2.5,2,1,14,155
2.5,2,1,15,155
2.5,2,2,0,149
2.5,2,2,1,149
2.5,2,2,2,150
2.5,2,2,3,150
2.5,2,2,4,151
2.5,2,2,5,151
2.5,2,2,6,152
2.5,2,2,7,152
2.5,2,2,8,153
2.5,2,2,9,153
2.5,2,2,10,154
2.5,2,2,11,154
2.5,2,2,12,155
2.5,2,2,13,155
2.5,2,2,14,155
2.5,2,2,15,156
2.5,2,3,0,149
2.5,2,3,1,150
2.5,2,3,2,150
2.5,2,3,3,151
2.5,2,3,4,151
2.5,2,3,5,152
2.5,2,3,6,152
2.5,2,3,7,153
2.5,2,3,8,153
2.5,2,3,9,154
2.5,2,3,10,154
2.5,2,3,11,155
2.5,2,3,12,155
2.5,2,3,13,155
2.5,2,3,14,156
2.5,2,3,15,156
2.5,2,4,0,150
2.5,2,4,1,150
2.5,2,4,2,151
2.5,2,4,3,151
2.5,2,4,4,152
2.5,2,4,5,152
2.5,2,4,6,153
2.5,2,4,7,153
2.5,2,4,8,154
2.5,2,4,9,154
2.5,2,4,10,155
2.5,2,4,11,155
2.5,2,4,12,156
2.5,2,4,13,156
2.5,2,4,14,156
2.5,2,4,15,157
2.5,2,5,0,150
2.5,2,5,1,151
2.5,2,5,2,151
2.5,2,5,3,152
2.5,2,5,4,152
2.5,2,5,5,153
2.5,2,5,6,153
2.5,2,5,7,154
2.5,2,5,8,154
2.5,2,5,9,155
2.5,2,5,10,155
2.5,2,5,11,156
2.5,2,5,12,156
2.5,2,5,13,157
2.5,2,5,14,157
2.5,2,5,15,157
2.5,2,6,0,151
2.5,2,6,1,151
2.5,2,6,2,152
2.5,2,6,3,152
2.5,2,6,4,153
2.5,2,6,5,153
2.5,2,6,6,154
2.5,2,6,7,154
2.5,2,6,8,155
2.5,2,6,9,155
2.5,2,6,10,156
2.5,2,6,11,156
2.5,2,6,12,157
2.5,2,6,13,157
2.5,2,6,14,157
2.5,2,6,15,158
2.5,2,7,0,151
2.5,2,7,1,152
2.5,2,7,2,152
2.5,2,7,3,153
2.5,2,7,4,153
2.5,2,7,5,154
2.5,2,7,6,154
2.5,2,7,7,155
2.5,2,7,8,155
2.5,2,7,9,156
2.5,2,7,10,156
2.5,2,7,11,157
2.5,2,7,12,157
2.5,2,7,13,158
2.5,2,7,14,158
2.5,2,7,15,158
2.5,2,8,0,152
2.5,2,8,1,152
2.5,2,8,2,153
2.5,2,8,3,153
2.5,2,8,4,154
2.5,2,8,5,154
2.5,2,8,6,155
2.5,2,8,7,155
2.5,2,8,8,156
2.5,2,8,9,156
2.5,2,8,10,157
2.5,2,8,11,157
2.5,2,8,12,158
2.5,2,8,13,158
2.5,2,8,14,158
2.5,2,8,15,159
2.5,2,9,0,152
2.5,2,9,1,153
2.5,2,9,2,153
2.5,2,9,3,154
2.5,2,9,4,154
2.5,2,9,5,155
2.5,2,9,6,155
2.5,2,9,7,156
2.5,2,9,8,156
2.5,2,9,9,157
2.5,2,9,10,157
2.5,2,9,11,158
2.5,2,9,12,158
2.5,2,9,13,159
2.5,2,9,14,159
2.5,2,9,15,159
2.5,2,10,0,153
2.5,2,10,1,153
2.5,2,10,2,154
2.5,2,10,3,154
2.5,2,10,4,155
2.5,2,10,5,155
2.5,2,10,6,156
2.5,2,10,7,156
2.5,2,10,8,157
2.5,2,10,9,157
2.5,2,10,10,158
2.5,2,10,11,158
2.5,2,10,12,159
2.5,2,10,13,159
2.5,2,10,14,160
2.5,2,10,15,160
2.5,2,11,0,153
2.5,2,11,1,154
2.5,2,11,2,154
2.5,2,11,3,155
2.5,2,11,4,155
2.5,2,11,5,156
2.5,2,11,6,156
2.5,2,11,7,157
2.5,2,11,8,157
2.5,2,11,9,158
2.5,2,11,10,158
2.5,2,11,11,159
2.5,2,11,12,159
2.5,2,11,13,160
2.5,2,11,14,160
2.5,2,11,15,160
2.5,2,12,0,154
2.5,2,12,1,154
2.5,2,12,2,155
2.5,2,12,3,155
2.5,2,12,4,156
2.5,2,12,5,156
2.5,2,12,6,157
2.5,2,12,7,157
2.5,2,12,8,158
2.5,2,12,9,158
2.5,2,12,10,159
2.5,2,12,11,159
2.5,2,12,12,160
2.5,2,12,13,160
2.5,2,12,14,161
2.5,2,12,15,161
2.5,2,13,0,154
2.5,2,13,1,155
2.5,2,13,2,155
2.5,2,13,3,156
2.5,2,13,4,156
2.5,2,13,5,157
2.5,2,13,6,157
2.5,2,13,7,158
2.5,2,13,8,158
2.5,2,13,9,159
2.5,2,13,10,159
2.5,2,13,11,160
2.5,2,13,12,160
2.5,2,13,13,161
2.5,2,13,14,161
2.5,2,13,15,161
2.5,2,14,0,155
2.5,2,14,1,155
2.5,2,14,2,156
2.5,2,14,3,156
2.5,2,14,4,157
2.5,2,14,5,157
2.5,2,14,6,158
2.5,2,14,7,158
2.5,2,14,8,159
2.5,2,14,9,159
2.5,2,14,10,160
2.5,2,14,11,160
2.5,2,14,12,161
2.5,2,14,13,161
2.5,2,14,14,162
2.5,2,14,15,162
2.5,2,15,0,155
2.5,2,15,1,156
2.5,2,15,2,156
2.5,2,15,3,157
2.5,2,15,4,157
2.5,2,15,5,158
2.5,2,15,6,158
2.5,2,15,7,159
2.5,2,15,8,159
2.5,2,15,9,160
2.5,2,15,10,160
2.5,2,15,11,161
2.5,2,15,12,161
2.5,2,15,13,162
2.5,2,15,14,162
2.5,2,15,15,162
2.5,3,0,0,148
2.5,3,0,1,149
2.5,3,0,2,149
2.5,3,0,3,150
2.5,3,0,4,150
2.5,3,0,5,151
2.5,3,0,6,151
2.5,3,0,7,152
2.5,3,0,8,152
2.5,3,0,9,153
2.5,3,0,10,153
2.5,3,0,11,154
2.5,3,0,12,154
2.5,3,0,13,155
2.5,3,0,14,155
2.5,3,0,15,155
2.5,3,1,0,149
2.5,3,1,1,149
2.5,3,1,2,150
2.5,3,1,3,150
2.5,3,1,4,151
2.5,3,1,5,151
2.5,3,1,6,152
2.5,3,1,7,152
2.5,3,1,8,153
2.5,3,1,9,153
2.5,3,1,10,154
2.5,3,1,11,154
2.5,3,1,12,155
2.5,3,1,13,155
2.5,3,1,14,156
2.5,3,1,15,156
2.5,3,2,0,149
2.5,3,2,1,150
2.5,3,2,2,150
2.5,3,2,3,151
2.5,3,2,4,151
2.5,3,2,5,152
2.5,3,2,6,152
2.5,3,2,7,153
2.5,3,2,8,153
2.5,3,2,9,154
2.5,3,2,10,154
2.5,3,2,11,155
2.5,3,2,12,155
2.5,3,2,13,156
2.5,3,2,14,156
2.5,3,2,15,156
2.5,3,3,0,150
2.5,3,3,1,150
2.5,3,3,2,151
2.5,3,3,3,151
2.5,3,3,4,152
2.5,3,3,5,152
2.5,3,3,6,153
2.5,3,3,7,153
2.5,3,3,8,154
2.5,3,3,9,154
2.5,3,3,10,155
2.5,3,3,11,155
2.5,3,3,12,156
2.5,3,3,13,156
2.5,3,3,14,157
2.5,3,3,15,157
2.5,3,4,0,150
2.5,3,4,1,151
2.5,3,4,2,151
2.5,3,4,3,152
2.5,3,4,4,152
2.5,3,4,5,153
2.5,3,4,6,153
2.5,3,4,7,154
2.5,3,4,8,154
2.5,3,4,9,155
2.5,3,4,10,155
2.5,3,4,11,156
2.5,3,4,12,156
2.5,3,4,13,157
2.5,3,4,14,157
2.5,3,4,15,158
2.5,3,5,0,151
2.5,3,5,1,151
2.5,3,5,2,152
2.5,3,5,3,152
2.5,3,5,4,153
2.5,3,5,5,153
2.5,3,5,6,154
2.5,3,5,7,154
2.5,3,5,8,155
2.5,3,5,9,155
2.5,3,5,10,156
2.5,3,5,11,156
2.5,3,5,12,157
2.5,3,5,13,157
2.5,3,5,14,158
2.5,3,5,15,158
2.5,3,6,0,151
2.5,3,6,1,152
2.5,3,6,2,152
2.5,3,6,3,153
2.5,3,6,4,153
2.5,3,6,5,154
2.5,3,6,6,154
2.5,3,6,7,155
2.5,3,6,8,155
2.5,3,6,9,156
2.5,3,6,10,156
2.5,3,6,11,157
2.5,3,6,12,157
2.5,3,6,13,158
2.5,3,6,14,158
2.5,3,6,15,159
2.5,3,7,0,152
2.5,3,7,1,152
2.5,3,7,2,153
2.5,3,7,3,153
2.5,3,7,4,154
2.5,3,7,5,154
2.5,3,7,6,155
2.5,3,7,7,155
2.5,3,7,8,156
2.5,3,7,9,156
2.5,3,7,10,157
2.5,3,7,11,157
2.5,3,7,12,158
2.5,3,7,13,158
2.5,3,7,14,159
2.5,3,7,15,159
2.5,3,8,0,152
2.5,3,8,1,153
2.5,3,8,2,153
2.5,3,8,3,154
2.5,3,8,4,154
2.5,3,8,5,155
2.5,3,8,6,155
2.5,3,8,7,156
2.5,3,8,8,156
2.5,3,8,9,157
2.5,3,8,10,157
2.5,3,8,11,158
2.5,3,8,12,158
2.5,3,8,13,159
2.5,3,8,14,159
2.5,3,8,15,160
2.5,3,9,0,153
2.5,3,9,1,153
2.5,3,9,2,154
2.5,3,9,3,154
2.5,3,9,4,155
2.5,3,9,5,155
2.5,3,9,6,156
2.5,3,9,7,156
2.5,3,9,8,157
2.5,3,9,9,157
2.5,3,9,10,158
2.5,3,9,11,158
2.5,3,9,12,159
2.5,3,9,13,159
2.5,3,9,14,160
2.5,3,9,15,160
2.5,3,10,0,153
2.5,3,10,1,154
2.5,3,10,2,154
2.5,3,10,3,155
2.5,3,10,4,155
2.5,3,10,5,156
2.5,3,10,6,156
2.5,3,10,7,157
2.5,3,10,8,157
2.5,3,10,9,158
2.5,3,10,10,158
2.5,3,10,11,159
2.5,3,10,12,159
2.5,3,10,13,160
2.5,3,10,14,160
2.5,3,10,15,161
2.5,3,11,0,154
2.5,3,11,1,154
2.5,3,11,2,155
2.5,3,11,3,155
2.5,3,11,4,156
2.5,3,11,5,156
2.5,3,11,6,157
2.5,3,11,7,157
2.5,3,11,8,158
2.5,3,11,9,158
2.5,3,11,10,159
2.5,3,11,11,159
2.5,3,11,12,160
2.5,3,11,13,160
2.5,3,11,14,161
2.5,3,11,15,161
2.5,3,12,0,154
2.5,3,12,1,155
2.5,3,12,2,155
2.5,3,12,3,156
2.5,3,12,4,156
2.5,3,12,5,157
2.5,3,12,6,157
2.5,3,12,7,158
2.5,3,12,8,158
2.5,3,12,9,159
2.5,3,12,10,159
2.5,3,12,11,160
2.5,3,12,12,160
2.5,3,12,13,161
2.5,3,12,14,161
2.5,3,12,15,162
2.5,3,13,0,155
2.5,3,13,1,155
2.5,3,13,2,156
2.5,3,13,3,156
2.5,3,13,4,157
2.5,3,13,5,157
2.5,3,13,6,158
2.5,3,13,7,158
2.5,3,13,8,159
2.5,3,13,9,159
2.5,3,13,10,160
2.5,3,13,11,160
2.5,3,13,12,161
2.5,3,13,13,161
2.5,3,13,14,162
2.5,3,13,15,162
2.5,3,14,0,155
2.5,3,14,1,156
2.5,3,14,2,156
2.5,3,14,3,157
2.5,3,14,4,157
2.5,3,14,5,158
2.5,3,14,6,158
2.5,3,14,7,159
2.5,3,14,8,159
2.5,3,14,9,160
2.5,3,14,10,160
2.5,3,14,11,161
2.5,3,14,12,161
2.5,3,14,13,162
2.5,3,14,14,162
2.5,3,14,15,163
2.5,3,15,0,156
2.5,3,15,1,156
2.5,3,15,2,157
2.5,3,15,3,157
2.5,3,15,4,158
2.5,3,15,5,158
2.5,3,15,6,159
2.5,3,15,7,159
2.5,3,15,8,160
2.5,3,15,9,160
2.5,3,15,10,161
2.5,3,15,11,161
2.5,3,15,12,162
2.5,3,15,13,162
2.5,3,15,14,163
2.5,3,15,15,163
2.5,4,0,0,149
2.5,4,0,1,149
2.5,4,0,2,150
2.5,4,0,3,150
2.5,4,0,4,151
2.5,4,0,5,151
2.5,4,0,6,152
2.5,4,0,7,152
2.5,4,0,8,153
2.5,4,0,9,153
2.5,4,0,10,154
2.5,4,0,11,154
2.5,4,0,12,155
2.5,4,0,13,155
2.5,4,0,14,156
2.5,4,0,15,156
2.5,4,1,0,149
2.5,4,1,1,150
2.5,4,1,2,150
2.5,4,1,3,151
2.5,4,1,4,151
2.5,4,1,5,152
2.5,4,1,6,152
2.5,4,1,7,153
2.5,4,1,8,153
2.5,4,1,9,154
2.5,4,1,10,154
2.5,4,1,11,155
2.5,4,1,12,155
2.5,4,1,13,156
2.5,4,1,14,156
2.5,4,1,15,157
2.5,4,2,0,150
2.5,4,2,1,150
2.5,4,2,2,151
2.5,4,2,3,151
2.5,4,2,4,152
2.5,4,2,5,152
2.5,4,2,6,153
2.5,4,2,7,153
2.5,4,2,8,154
2.5,4,2,9,154
2.5,4,2,10,155
2.5,4,2,11,155
2.5,4,2,12,156
2.5,4,2,13,156
2.5,4,2,14,157
2.5,4,2,15,157
2.5,4,3,0,150
2.5,4,3,1,151
2.5,4,3,2,151
2.5,4,3,3,152
2.5,4,3,4,152
2.5,4,3,5,153
2.5,4,3,6,153
2.5,4,3,7,154
2.5,4,3,8,154
2.5,4,3,9,155
2.5,4,3,10,155
2.5,4,3,11,156
2.5,4,3,12,156
2.5,4,3,13,157
2.5,4,3,14,157
2.5,4,3,15,158
2.5,4,4,0,151
2.5,4,4,1,151
2.5,4,4,2,152
2.5,4,4,3,152
2.5,4,4,4,153
2.5,4,4,5,153
2.5,4,4,6,154
2.5,4,4,7,154
2.5,4,4,8,155
2.5,4,4,9,155
2.5,4,4,10,156
2.5,4,4,11,156
2.5,4,4,12,157
2.5,4,4,13,157
2.5,4,4,14,158
2.5,4,4,15,158
2.5,4,5,0,151
2.5,4,5,1,152
2.5,4,5,2,152
2.5,4,5,3,153
2.5,4,5,4,153
2.5,4,5,5,154
2.5,4,5,6,154
2.5,4,5,7,155
2.5,4,5,8,155
2.5,4,5,9,156
2.5,4,5,10,156
2.5,4,5,11,157
2.5,4,5,12,157
2.5,4,5,13,158
2.5,4,5,14,158
2.5,4,5,15,159
2.5,4,6,0,152
2.5,4,6,1,152
2.5,4,6,2,153
2.5,4,6,3,153
2.5,4,6,4,154
2.5,4,6,5,154
2.5,4,6,6,155
2.5,4,6,7,155
2.5,4,6,8,156
2.5,4,6,9,156
2.5,4,6,10,157
2.5,4,6,11,157
2.5,4,6,12,158
2.5,4,6,13,158
2.5,4,6,14,159
2.5,4,6,15,159
2.5,4,7,0,152
2.5,4,7,1,153
2.5,4,7,2,153
2.5,4,7,3,154
2.5,4,7,4,154
2.5,4,7,5,155
2.5,4,7,6,155
2.5,4,7,7,156
2.5,4,7,8,156
2.5,4,7,9,157
2.5,4,7,10,157
2.5,4,7,11,158
2.5,4,7,12,158
2.5,4,7,13,159
2.5,4,7,14,159
2.5,4,7,15,160
2.5,4,8,0,153
2.5,4,8,1,153
2.5,4,8,2,154
2.5,4,8,3,154
2.5,4,8,4,155
2.5,4,8,5,155
2.5,4,8,6,156
2.5,4,8,7,156
2.5,4,8,8,157
2.5,4,8,9,157
2.5,4,8,10,158
2.5,4,8,11,158
2.5,4,8,12,159
2.5,4,8,13,159
2.5,4,8,14,160
2.5,4,8,15,160
2.5,4,9,0,153
2.5,4,9,1,154
2.5,4,9,2,154
2.5,4,9,3,155
2.5,4,9,4,155
2.5,4,9,5,156
2.5,4,9,6,156
2.5,4,9,7,157
2.5,4,9,8,157
2.5,4,9,9,158
2.5,4,9,10,158
2.5,4,9,11,159
2.5,4,9,12,159
2.5,4,9,13,160
2.5,4,9,14,160
2.5,4,9,15,161
2.5,4,10,0,154
2.5,4,10,1,154
2.5,4,10,2,155
2.5,4,10,3,155
2.5,4,10,4,156
2.5,4,10,5,156
2.5,4,10,6,157
2.5,4,10,7,157
2.5,4,10,8,158
2.5,4,10,9,158
2.5,4,10,10,159
2.5,4,10,11,159
2.5,4,10,12,160
2.5,4,10,13,160
2.5,4,10,14,161
2.5,4,10,15,161
2.5,4,11,0,154
2.5,4,11,1,155
2.5,4,11,2,155
2.5,4,11,3,156
2.5,4,11,4,156
2.5,4,11,5,157
2.5,4,11,6,157
2.5,4,11,7,158
2.5,4,11,8,158
2.5,4,11,9,159
2.5,4,11,10,159
2.5,4,11,11,160
2.5,4,11,12,160
2.5,4,11,13,161
2.5,4,11,14,161
2.5,4,11,15,162
2.5,4,12,0,155
2.5,4,12,1,155
2.5,4,12,2,156
2.5,4,12,3,156
2.5,4,12,4,157
2.5,4,12,5,157
2.5,4,12,6,158
2.5,4,12,7,158
2.5,4,12,8,159
2.5,4,12,9,159
2.5,4,12,10,160
2.5,4,12,11,160
2.5,4,12,12,161
2.5,4,12,13,161
2.5,4,12,14,162
2.5,4,12,15,162
2.5,4,13,0,155
2.5,4,13,1,156
2.5,4,13,2,156
2.5,4,13,3,157
2.5,4,13,4,157
2.5,4,13,5,158
2.5,4,13,6,158
2.5,4,13,7,159
2.5,4,13,8,159
2.5,4,13,9,160
2.5,4,13,10,160
2.5,4,13,11,161
2.5,4,13,12,161
2.5,4,13,13,162
2.5,4,13,14,162
2.5,4,13,15,163
2.5,4,14,0,156
2.5,4,14,1,156
2.5,4,14,2,157
2.5,4,14,3,157
2.5,4,14,4,158
2.5,4,14,5,158
2.5,4,14,6,159
2.5,4,14,7,159
2.5,4,14,8,160
2.5,4,14,9,160
2.5,4,14,10,161
2.5,4,14,11,161
2.5,4,14,12,162
2.5,4,14,13,162
2.5,4,14,14,163
2.5,4,14,15,163
2.5,4,15,0,156
2.5,4,15,1,157
2.5,4,15,2,157
2.5,4,15,3,158
2.5,4,15,4,158
2.5,4,15,5,159
2.5,4,15,6,159
2.5,4,15,7,160
2.5,4,15,8,160
2.5,4,15,9,161
2.5,4,15,10,161
2.5,4,15,11,162
2.5,4,15,12,162
2.5,4,15,13,163
2.5,4,15,14,163
2.5,4,15,15,164
2.5,5,0,0,150
2.5,5,0,1,150
2.5,5,0,2,150
2.5,5,0,3,151
2.5,5,0,4,151
2.5,5,0,5,152
2.5,5,0,6,152
2.5,5,0,7,153
2.5,5,0,8,153
2.5,5,0,9,154
2.5,5,0,10,154
2.5,5,0,11,155
2.5,5,0,12,155
2.5,5,0,13,156
2.5,5,0,14,156
2.5,5,0,15,157
2.5,5,1,0,150
2.5,5,1,1,151
2.5,5,1,2,151
2.5,5,1,3,151
2.5,5,1,4,152
2.5,5,1,5,152
2.5,5,1,6,153
2.5,5,1,7,153
2.5,5,1,8,154
2.5,5,1,9,154
2.5,5,1,10,155
2.5,5,1,11,155
2.5,5,1,12,156
2.5,5,1,13,156
2.5,5,1,14,157
2.5,5,1,15,157
2.5,5,2,0,151
2.5,5,2,1,151
2.5,5,2,2,152
2.5,5,2,3,152
2.5,5,2,4,152
2.5,5,2,5,153
2.5,5,2,6,153
2.5,5,2,7,154
2.5,5,2,8,154
2.5,5,2,9,155
2.5,5,2,10,155
2.5,5,2,11,156
2.5,5,2,12,156
2.5,5,2,13,157
2.5,5,2,14,157
2.5,5,2,15,158
2.5,5,3,0,151
2.5,5,3,1,152
2.5,5,3,2,152
2.5,5,3,3,152
2.5,5,3,4,153
2.5,5,3,5,153
2.5,5,3,6,154
2.5,5,3,7,154
2.5,5,3,8,155
2.5,5,3,9,155
2.5,5,3,10,156
2.5,5,3,11,156
2.5,5,3,12,157
2.5,5,3,13,157
2.5,5,3,14,158
2.5,5,3,15,158
2.5,5,4,0,152
2.5,5,4,1,152
2.5,5,4,2,153
2.5,5,4,3,153
2.5,5,4,4,153
2.5,5,4,5,154
2.5,5,4,6,154
2.5,5,4,7,155
2.5,5,4,8,155
2.5,5,4,9,156
2.5,5,4,10,156
2.5,5,4,11,157
2.5,5,4,12,157
2.5,5,4,13,158
2.5,5,4,14,158
2.5,5,4,15,159
2.5,5,5,0,152
2.5,5,5,1,153
2.5,5,5,2,153
2.5,5,5,3,153
2.5,5,5,4,154
2.5,5,5,5,154
2.5,5,5,6,155
2.5,5,5,7,155
2.5,5,5,8,156
2.5,5,5,9,156
2.5,5,5,10,157
2.5,5,5,11,157
2.5,5,5,12,158
2.5,5,5,13,158
2.5,5,5,14,159
2.5,5,5,15,159
2.5,5,6,0,153
2.5,5,6,1,153
2.5,5,6,2,154
2.5,5,6,3,154
2.5,5,6,4,154
2.5,5,6,5,155
2.5,5,6,6,155
2.5,5,6,7,156
2.5,5,6,8,156
2.5,5,6,9,157
2.5,5,6,10,157
2.5,5,6,11,158
2.5,5,6,12,158
2.5,5,6,13,159
2.5,5,6,14,159
2.5,5,6,15,160
2.5,5,7,0,153
2.5,5,7,1,154
2.5,5,7,2,154
2.5,5,7,3,154
2.5,5,7,4,155
2.5,5,7,5,155
2.5,5,7,6,156
2.5,5,7,7,156
2.5,5,7,8,157
2.5,5,7,9,157
2.5,5,7,10,158
2.5,5,7,11,158
2.5,5,7,12,159
2.5,5,7,13,159
2.5,5,7,14,160
2.5,5,7,15,160
2.5,5,8,0,154
2.5,5,8,1,154
2.5,5,8,2,154
2.5,5,8,3,155
2.5,5,8,4,155
2.5,5,8,5,156
2.5,5,8,6,156
2.5,5,8,7,157
2.5,5,8,8,157
2.5,5,8,9,158
2.5,5,8,10,158
2.5,5,8,11,159
2.5,5,8,12,159
2.5,5,8,13,160
2.5,5,8,14,160
2.5,5,8,15,161
2.5,5,9,0,154
2.5,5,9,1,154
2.5,5,9,2,155
2.5,5,9,3,155
2.5,5,9,4,156
2.5,5,9,5,156
2.5,5,9,6,157
2.5,5,9,7,157
2.5,5,9,8,158
2.5,5,9,9,158
2.5,5,9,10,159
2.5,5,9,11,159
2.5,5,9,12,160
2.5,5,9,13,160
2.5,5,9,14,161
2.5,5,9,15,161
2.5,5,10,0,154
2.5,5,10,1,155
2.5,5,10,2,155
2.5,5,10,3,156
2.5,5,10,4,156
2.5,5,10,5,157
2.5,5,10,6,157
2.5,5,10,7,158
2.5,5,10,8,158
2.5,5,10,9,159
2.5,5,10,10,159
2.5,5,10,11,160
2.5,5,10,12,160
2.5,5,10,13,161
2.5,5,10,14,161
2.5,5,10,15,162
2.5,5,11,0,155
2.5,5,11,1,155
2.5,5,11,2,156
2.5,5,11,3,156
2.5,5,11,4,157
2.5,5,11,5,157
2.5,5,11,6,158
2.5,5,11,7,158
2.5,5,11,8,159
2.5,5,11,9,159
2.5,5,11,10,160
2.5,5,11,11,160
2.5,5,11,12,161
2.5,5,11,13,161
2.5,5,11,14,162
2.5,5,11,15,162
2.5,5,12,0,155
2.5,5,12,1,156
2.5,5,12,2,156
2.5,5,12,3,157
2.5,5,12,4,157
2.5,5,12,5,158
2.5,5,12,6,158
2.5,5,12,7,159
2.5,5,12,8,159
2.5,5,12,9,160
2.5,5,12,10,160
2.5,5,12,11,161
2.5,5,12,12,161
2.5,5,12,13,162
2.5,5,12,14,162
2.5,5,12,15,163
2.5,5,13,0,156
2.5,5,13,1,156
2.5,5,13,2,157
2.5,5,13,3,157
2.5,5,13,4,158
2.5,5,13,5,158
2.5,5,13,6,159
2.5,5,13,7,159
2.5,5,13,8,160
2.5,5,13,9,160
2.5,5,13,10,161
2.5,5,13,11,161
2.5,5,13,12,162
2.5,5,13,13,162
2.5,5,13,14,163
2.5,5,13,15,163
2.5,5,14,0,156
2.5,5,14,1,157
2.5,5,14,2,157
2.5,5,14,3,158
2.5,5,14,4,158
2.5,5,14,5,159
2.5,5,14,6,159
2.5,5,14,7,160
2.5,5,14,8,160
2.5,5,14,9,161
2.5,5,14,10,161
2.5,5,14,11,162
2.5,5,14,12,162
2.5,5,14,13,163
2.5,5,14,14,163
2.5,5,14,15,164
2.5,5,15,0,157
2.5,5,15,1,157
2.5,5,15,2,158
2.5,5,15,3,158
2.5,5,15,4,159
2.5,5,15,5,159
2.5,5,15,6,160
2.5,5,15,7,160
2.5,5,15,8,161
2.5,5,15,9,161
2.5,5,15,10,162
2.5,5,15,11,162
2.5,5,15,12,163
2.5,5,15,13,163
2.5,5,15,14,164
2.5,5,15,15,164
2.5,6,0,0,150
2.5,6,0,1,151
2.5,6,0,2,151
2.5,6,0,3,152
2.5,6,0,4,152
2.5,6,0,5,153
2.5,6,0,6,153
2.5,6,0,7,153
2.5,6,0,8,154
2.5,6,0,9,154
2.5,6,0,10,155
2.5,6,0,11,155
2.5,6,0,12,156
2.5,6,0,13,156
2.5,6,0,14,157
2.5,6,0,15,157
2.5,6,1,0,151
2.5,6,1,1,151
2.5,6,1,2,152
2.5,6,1,3,152
2.5,6,1,4,153
2.5,6,1,5,153
2.5,6,1,6,153
2.5,6,1,7,154
2.5,6,1,8,154
2.5,6,1,9,155
2.5,6,1,10,155
2.5,6,1,11,156
2.5,6,1,12,156
2.5,6,1,13,157
2.5,6,1,14,157
2.5,6,1,15,158
2.5,6,2,0,151
2.5,6,2,1,152
2.5,6,2,2,152
2.5,6,2,3,153
2.5,6,2,4,153
2.5,6,2,5,154
2.5,6,2,6,154
2.5,6,2,7,154
2.5,6,2,8,155
2.5,6,2,9,155
2.5,6,2,10,156
2.5,6,2,11,156
2.5,6,2,12,157
2.5,6,2,13,157
2.5,6,2,14,158
2.5,6,2,15,158
2.5,6,3,0,152
2.5,6,3,1,152
2.5,6,3,2,153
2.5,6,3,3,153
2.5,6,3,4,154
2.5,6,3,5,154
2.5,6,3,6,155
2.5,6,3,7,155
2.5,6,3,8,155
2.5,6,3,9,156
2.5,6,3,10,156
2.5,6,3,11,157
2.5,6,3,12,157
2.5,6,3,13,158
2.5,6,3,14,158
2.5,6,3,15,159
2.5,6,4,0,152
2.5,6,4,1,153
2.5,6,4,2,153
2.5,6,4,3,154
2.5,6,4,4,154
2.5,6,4,5,155
2.5,6,4,6,155
2.5,6,4,7,156
2.5,6,4,8,156
2.5,6,4,9,156
2.5,6,4,10,157
2.5,6,4,11,157
2.5,6,4,12,158
2.5,6,4,13,158
2.5,6,4,14,159
2.5,6,4,15,159
2.5,6,5,0,153
2.5,6,5,1,153
2.5,6,5,2,154
2.5,6,5,3,154
2.5,6,5,4,155
2.5,6,5,5,155
2.5,6,5,6,156
2.5,6,5,7,156
2.5,6,5,8,157
2.5,6,5,9,157
2.5,6,5,10,157
2.5,6,5,11,158
2.5,6,5,12,158
2.5,6,5,13,159
2.5,6,5,14,159
2.5,6,5,15,160
2.5,6,6,0,153
2.5,6,6,1,154
2.5,6,6,2,154
2.5,6,6,3,155
2.5,6,6,4,155
2.5,6,6,5,156
2.5,6,6,6,156
2.5,6,6,7,157
2.5,6,6,8,157
2.5,6,6,9,157
2.5,6,6,10,158
2.5,6,6,11,158
2.5,6,6,12,159
2.5,6,6,13,159
2.5,6,6,14,160
2.5,6,6,15,160
2.5,6,7,0,154
2.5,6,7,1,154
2.5,6,7,2,155
2.5,6,7,3,155
2.5,6,7,4,156
2.5,6,7,5,156
2.5,6,7,6,157
2.5,6,7,7,157
2.5,6,7,8,158
2.5,6,7,9,158
2.5,6,7,10,158
2.5,6,7,11,159
2.5,6,7,12,159
2.5,6,7,13,160
2.5,6,7,14,160
2.5,6,7,15,161
2.5,6,8,0,154
2.5,6,8,1,155
2.5,6,8,2,155
2.5,6,8,3,156
2.5,6,8,4,156
2.5,6,8,5,157
2.5,6,8,6,157
2.5,6,8,7,158
2.5,6,8,8,158
2.5,6,8,9,159
2.5,6,8,10,159
2.5,6,8,11,159
2.5,6,8,12,160
2.5,6,8,13,160
2.5,6,8,14,161
2.5,6,8,15,161
2.5,6,9,0,155
2.5,6,9,1,155
2.5,6,9,2,156
2.5,6,9,3,156
2.5,6,9,4,157
2.5,6,9,5,157
2.5,6,9,6,158
2.5,6,9,7,158
2.5,6,9,8,159
2.5,6,9,9,159
2.5,6,9,10,160
2.5,6,9,11,160
2.5,6,9,12,160
2.5,6,9,13,161
2.5,6,9,14,161
2.5,6,9,15,162
2.5,6,10,0,155
2.5,6,10,1,156
2.5,6,10,2,156
2.5,6,10,3,157
2.5,6,10,4,157
2.5,6,10,5,158
2.5,6,10,6,158
2.5,6,10,7,159
2.5,6,10,8,159
2.5,6,10,9,160
2.5,6,10,10,160
2.5,6,10,11,160
2.5,6,10,12,161
2.5,6,10,13,161
2.5,6,10,14,162
2.5,6,10,15,162
2.5,6,11,0,156
2.5,6,11,1,156
2.5,6,11,2,157
2.5,6,11,3,157
2.5,6,11,4,158
2.5,6,11,5,158
2.5,6,11,6,159
2.5,6,11,7,159
2.5,6,11,8,160
2.5,6,11,9,160
2.5,6,11,10,161
2.5,6,11,11,161
2.5,6,11,12,161
2.5,6,11,13,162
2.5,6,11,14,162
2.5,6,11,15,163
2.5,6,12,0,156
2.5,6,12,1,157
2.5,6,12,2,157
2.5,6,12,3,158
2.5,6,12,4,158
2.5,6,12,5,159
2.5,6,12,6,159
2.5,6,12,7,160
2.5,6,12,8,160
2.5,6,12,9,161
2.5,6,12,10,161
2.5,6,12,11,162
2.5,6,12,12,162
2.5,6,12,13,162
2.5,6,12,14,163
2.5,6,12,15,163
2.5,6,13,0,157
2.5,6,13,1,157
2.5,6,13,2,158
2.5,6,13,3,158
2.5,6,13,4,159
2.5,6,13,5,159
2.5,6,13,6,160
2.5,6,13,7,160
2.5,6,13,8,161
2.5,6,13,9,161
2.5,6,13,10,162
2.5,6,13,11,162
2.5,6,13,12,162
2.5,6,13,13,163
2.5,6,13,14,163
2.5,6,13,15,164
2.5,6,14,0,157
2.5,6,14,1,158
2.5,6,14,2,158
2.5,6,14,3,159
2.5,6,14,4,159
2.5,6,14,5,160
2.5,6,14,6,160
2.5,6,14,7,161
2.5,6,14,8,161
2.5,6,14,9,162
2.5,6,14,10,162
2.5,6,14,11,163
2.5,6,14,12,163
2.5,6,14,13,163
2.5,6,14,14,164
2.5,6,14,15,164
2.5,6,15,0,157
2.5,6,15,1,158
2.5,6,15,2,159
2.5,6,15,3,159
2.5,6,15,4,160
2.5,6,15,5,160
2.5,6,15,6,161
2.5,6,15,7,161
2.5,6,15,8,162
2.5,6,15,9,162
2.5,6,15,10,163
2.5,6,15,11,163
2.5,6,15,12,163
2.5,6,15,13,164
2.5,6,15,14,164
2.5,6,15,15,165
2.5,7,0,0,151
2.5,7,0,1,151
2.5,7,0,2,152
2.5,7,0,3,152
2.5,7,0,4,153
2.5,7,0,5,153
2.5,7,0,6,154
2.5,7,0,7,154
2.5,7,0,8,155
2.5,7,0,9,155
2.5,7,0,10,155
2.5,7,0,11,156
2.5,7,0,12,156
2.5,7,0,13,157
2.5,7,0,14,157
2.5,7,0,15,158
2.5,7,1,0,151
2.5,7,1,1,152
2.5,7,1,2,152
2.5,7,1,3,153
2.5,7,1,4,153
2.5,7,1,5,154
2.5,7,1,6,154
2.5,7,1,7,155
2.5,7,1,8,155
2.5,7,1,9,156
2.5,7,1,10,156
2.5,7,1,11,156
2.5,7,1,12,157
2.5,7,1,13,157
2.5,7,1,14,158
2.5,7,1,15,158
2.5,7,2,0,152
2.5,7,2,1,152
2.5,7,2,2,153
2.5,7,2,3,153
2.5,7,2,4,154
2.5,7,2,5,154
2.5,7,2,6,155
2.5,7,2,7,155
2.5,7,2,8,156
2.5,7,2,9,156
2.5,7,2,10,157
2.5,7,2,11,157
2.5,7,2,12,157
2.5,7,2,13,158
2.5,7,2,14,158
2.5,7,2,15,159
2.5,7,3,0,152
2.5,7,3,1,153
2.5,7,3,2,153
2.5,7,3,3,154
2.5,7,3,4,154
2.5,7,3,5,155
2.5,7,3,6,155
2.5,7,3,7,156
2.5,7,3,8,156
2.5,7,3,9,157
2.5,7,3,10,157
2.5,7,3,11,157
2.5,7,3,12,158
2.5,7,3,13,158
2.5,7,3,14,159
2.5,7,3,15,159
2.5,7,4,0,153
2.5,7,4,1,153
2.5,7,4,2,154
2.5,7,4,3,154
2.5,7,4,4,155
2.5,7,4,5,155
2.5,7,4,6,156
2.5,7,4,7,156
2.5,7,4,8,157
2.5,7,4,9,157
2.5,7,4,10,158
2.5,7,4,11,158
2.5,7,4,12,158
2.5,7,4,13,159
2.5,7,4,14,159
2.5,7,4,15,160
2.5,7,5,0,153
2.5,7,5,1,154
2.5,7,5,2,154
2.5,7,5,3,155
2.5,7,5,4,155
2.5,7,5,5,156
2.5,7,5,6,156
2.5,7,5,7,157
2.5,7,5,8,157
2.5,7,5,9,158
2.5,7,5,10,158
2.5,7,5,11,159
2.5,7,5,12,159
2.5,7,5,13,159
2.5,7,5,14,160
2.5,7,5,15,160
2.5,7,6,0,154
2.5,7,6,1,154
2.5,7,6,2,155
2.5,7,6,3,155
2.5,7,6,4,156
2.5,7,6,5,156
2.5,7,6,6,157
2.5,7,6,7,157
2.5,7,6,8,158
2.5,7,6,9,158
2.5,7,6,10,159
2.5,7,6,11,159
2.5,7,6,12,160
2.5,7,6,13,160
2.5,7,6,14,160
2.5,7,6,15,161
2.5,7,7,0,154
2.5,7,7,1,155
2.5,7,7,2,155
2.5,7,7,3,156
2.5,7,7,4,156
2.5,7,7,5,157
2.5,7,7,6,157
2.5,7,7,7,158
2.5,7,7,8,158
2.5,7,7,9,159
2.5,7,7,10,159
2.5,7,7,11,160
2.5,7,7,12,160
2.5,7,7,13,161
2.5,7,7,14,161
2.5,7,7,15,161
2.5,7,8,0,155
2.5,7,8,1,155
2.5,7,8,2,156
2.5,7,8,3,156
2.5,7,8,4,157
2.5,7,8,5,157
2.5,7,8,6,158
2.5,7,8,7,158
2.5,7,8,8,159
2.5,7,8,9,159
2.5,7,8,10,160
2.5,7,8,11,160
2.5,7,8,12,161
2.5,7,8,13,161
2.5,7,8,14,162
2.5,7,8,15,162
2.5,7,9,0,155
2.5,7,9,1,156
2.5,7,9,2,156
2.5,7,9,3,157
2.5,7,9,4,157
2.5,7,9,5,158
2.5,7,9,6,158
2.5,7,9,7,159
2.5,7,9,8,159
2.5,7,9,9,160
2.5,7,9,10,160
2.5,7,9,11,161
2.5,7,9,12,161
2.5,7,9,13,162
2.5,7,9,14,162
2.5,7,9,15,163
2.5,7,10,0,156
2.5,7,10,1,156
2.5,7,10,2,157
2.5,7,10,3,157
2.5,7,10,4,158
2.5,7,10,5,158
2.5,7,10,6,159
2.5,7,10,7,159
2.5,7,10,8,160
2.5,7,10,9,160
2.5,7,10,10,161
2.5,7,10,11,161
2.5,7,10,12,162
2.5,7,10,13,162
2.5,7,10,14,163
2.5,7,10,15,163
2.5,7,11,0,156
2.5,7,11,1,157
2.5,7,11,2,157
2.5,7,11,3,158
2.5,7,11,4,158
2.5,7,11,5,159
2.5,7,11,6,159
2.5,7,11,7,160
2.5,7,11,8,160
2.5,7,11,9,161
2.5,7,11,10,161
2.5,7,11,11,162
2.5,7,11,12,162
2.5,7,11,13,163
2.5,7,11,14,163
2.5,7,11,15,164
2.5,7,12,0,157
2.5,7,12,1,157
2.5,7,12,2,158
2.5,7,12,3,158
2.5,7,12,4,159
2.5,7,12,5,159
2.5,7,12,6,160
2.5,7,12,7,160
2.5,7,12,8,161
2.5,7,12,9,161
2.5,7,12,10,162
2.5,7,12,11,162
2.5,7,12,12,163
2.5,7,12,13,163
2.5,7,12,14,164
2.5,7,12,15,164
2.5,7,13,0,157
2.5,7,13,1,158
2.5,7,13,2,158
2.5,7,13,3,159
2.5,7,13,4,159
2.5,7,13,5,160
2.5,7,13,6,160
2.5,7,13,7,161
2.5,7,13,8,161
2.5,7,13,9,162
2.5,7,13,10,162
2.5,7,13,11,163
2.5,7,13,12,163
2.5,7,13,13,164
2.5,7,13,14,164
2.5,7,13,15,165
2.5,7,14,0,158
2.5,7,14,1,158
2.5,7,14,2,159
2.5,7,14,3,159
2.5,7,14,4,160
2.5,7,14,5,160
2.5,7,14,6,161
2.5,7,14,7,161
2.5,7,14,8,162
2.5,7,14,9,162
2.5,7,14,10,163
2.5,7,14,11,163
2.5,7,14,12,164
2.5,7,14,13,164
2.5,7,14,14,165
2.5,7,14,15,165
2.5,7,15,0,158
2.5,7,15,1,159
2.5,7,15,2,159
2.5,7,15,3,160
2.5,7,15,4,160
2.5,7,15,5,161
2.5,7,15,6,161
2.5,7,15,7,162
2.5,7,15,8,162
2.5,7,15,9,163
2.5,7,15,10,163
2.5,7,15,11,164
2.5,7,15,12,164
2.5,7,15,13,165
2.5,7,15,14,165
2.5,7,15,15,166
2.5,8,0,0,151
2.5,8,0,1,152
2.5,8,0,2,152
2.5,8,0,3,153
2.5,8,0,4,153
2.5,8,0,5,154
2.5,8,0,6,154
2.5,8,0,7,155
2.5,8,0,8,155
2.5,8,0,9,156
2.5,8,0,10,156
2.5,8,0,11,157
2.5,8,0,12,157
2.5,8,0,13,157
2.5,8,0,14,158
2.5,8,0,15,158
2.5,8,1,0,152
2.5,8,1,1,152
2.5,8,1,2,153
2.5,8,1,3,153
2.5,8,1,4,154
2.5,8,1,5,154
2.5,8,1,6,155
2.5,8,1,7,155
2.5,8,1,8,156
2.5,8,1,9,156
2.5,8,1,10,157
2.5,8,1,11,157
2.5,8,1,12,158
2.5,8,1,13,158
2.5,8,1,14,158
2.5,8,1,15,159
2.5,8,2,0,152
2.5,8,2,1,153
2.5,8,2,2,153
2.5,8,2,3,154
2.5,8,2,4,154
2.5,8,2,5,155
2.5,8,2,6,155
2.5,8,2,7,156
2.5,8,2,8,156
2.5,8,2,9,157
2.5,8,2,10,157
2.5,8,2,11,158
2.5,8,2,12,158
2.5,8,2,13,159
2.5,8,2,14,159
2.5,8,2,15,159
2.5,8,3,0,153
2.5,8,3,1,153
2.5,8,3,2,154
2.5,8,3,3,154
2.5,8,3,4,155
2.5,8,3,5,155
2.5,8,3,6,156
2.5,8,3,7,156
2.5,8,3,8,157
2.5,8,3,9,157
2.5,8,3,10,158
2.5,8,3,11,158
2.5,8,3,12,159
2.5,8,3,13,159
2.5,8,3,14,160
2.5,8,3,15,160
2.5,8,4,0,153
2.5,8,4,1,154
2.5,8,4,2,154
2.5,8,4,3,155
2.5,8,4,4,155
2.5,8,4,5,156
2.5,8,4,6,156
2.5,8,4,7,157
2.5,8,4,8,157
2.5,8,4,9,158
2.5,8,4,10,158
2.5,8,4,11,159
2.5,8,4,12,159
2.5,8,4,13,160
2.5,8,4,14,160
2.5,8,4,15,161
2.5,8,5,0,154
2.5,8,5,1,154
2.5,8,5,2,155
2.5,8,5,3,155
2.5,8,5,4,156
2.5,8,5,5,156
2.5,8,5,6,157
2.5,8,5,7,157
2.5,8,5,8,158
2.5,8,5,9,158
2.5,8,5,10,159
2.5,8,5,11,159
2.5,8,5,12,160
2.5,8,5,13,160
2.5,8,5,14,161
2.5,8,5,15,161
2.5,8,6,0,154
2.5,8,6,1,155
2.5,8,6,2,155
2.5,8,6,3,156
2.5,8,6,4,156
2.5,8,6,5,157
2.5,8,6,6,157
2.5,8,6,7,158
2.5,8,6,8,158
2.5,8,6,9,159
2.5,8,6,10,159
2.5,8,6,11,160
2.5,8,6,12,160
2.5,8,6,13,161
2.5,8,6,14,161
2.5,8,6,15,162
2.5,8,7,0,155
2.5,8,7,1,155
2.5,8,7,2,156
2.5,8,7,3,156
2.5,8,7,4,157
2.5,8,7,5,157
2.5,8,7,6,158
2.5,8,7,7,158
2.5,8,7,8,159
2.5,8,7,9,159
2.5,8,7,10,160
2.5,8,7,11,160
2.5,8,7,12,161
2.5,8,7,13,161
2.5,8,7,14,162
2.5,8,7,15,162
2.5,8,8,0,155
2.5,8,8,1,156
2.5,8,8,2,156
2.5,8,8,3,157
2.5,8,8,4,157
2.5,8,8,5,158
2.5,8,8,6,158
2.5,8,8,7,159
2.5,8,8,8,159
2.5,8,8,9,160
2.5,8,8,10,160
2.5,8,8,11,161
2.5,8,8,12,161
2.5,8,8,13,162
2.5,8,8,14,162
2.5,8,8,15,163
2.5,8,9,0,156
2.5,8,9,1,156
2.5,8,9,2,157
2.5,8,9,3,157
2.5,8,9,4,158
2.5,8,9,5,158
2.5,8,9,6,159
2.5,8,9,7,159
2.5,8,9,8,160
2.5,8,9,9,160
2.5,8,9,10,161
2.5,8,9,11,161
2.5,8,9,12,162
2.5,8,9,13,162
2.5,8,9,14,163
2.5,8,9,15,163
2.5,8,10,0,156
2.5,8,10,1,157
2.5,8,10,2,157
2.5,8,10,3,158
2.5,8,10,4,158
2.5,8,10,5,159
2.5,8,10,6,159
2.5,8,10,7,160
2.5,8,10,8,160
2.5,8,10,9,161
2.5,8,10,10,161
2.5,8,10,11,162
2.5,8,10,12,162
2.5,8,10,13,163
2.5,8,10,14,163
2.5,8,10,15,164
2.5,8,11,0,157
2.5,8,11,1,157
2.5,8,11,2,158
2.5,8,11,3,158
2.5,8,11,4,159
2.5,8,11,5,159
2.5,8,11,6,160
2.5,8,11,7,160
2.5,8,11,8,161
2.5,8,11,9,161
2.5,8,11,10,162
2.5,8,11,11,162
2.5,8,11,12,163
2.5,8,11,13,163
2.5,8,11,14,164
2.5,8,11,15,164
2.5,8,12,0,157
2.5,8,12,1,158
2.5,8,12,2,158
2.5,8,12,3,159
2.5,8,12,4,159
2.5,8,12,5,160
2.5,8,12,6,160
2.5,8,12,7,161
2.5,8,12,8,161
2.5,8,12,9,162
2.5,8,12,10,162
2.5,8,12,11,163
2.5,8,12,12,163
2.5,8,12,13,164
2.5,8,12,14,164
2.5,8,12,15,165
2.5,8,13,0,158
2.5,8,13,1,158
2.5,8,13,2,159
2.5,8,13,3,159
2.5,8,13,4,160
2.5,8,13,5,160
2.5,8,13,6,161
2.5,8,13,7,161
2.5,8,13,8,162
2.5,8,13,9,162
2.5,8,13,10,163
2.5,8,13,11,163
2.5,8,13,12,164
2.5,8,13,13,164
2.5,8,13,14,165
2.5,8,13,15,165
2.5,8,14,0,158
2.5,8,14,1,159
2.5,8,14,2,159
2.5,8,14,3,160
2.5,8,14,4,160
2.5,8,14,5,161
2.5,8,14,6,161
2.5,8,14,7,162
2.5,8,14,8,162
2.5,8,14,9,163
2.5,8,14,10,163
2.5,8,14,11,164
2.5,8,14,12,164
2.5,8,14,13,165
2.5,8,14,14,165
2.5,8,14,15,166
2.5,8,15,0,159
2.5,8,15,1,159
2.5,8,15,2,160
2.5,8,15,3,160
2.5,8,15,4,161
2.5,8,15,5,161
2.5,8,15,6,162
2.5,8,15,7,162
2.5,8,15,8,163
2.5,8,15,9,163
2.5,8,15,10,164
2.5,8,15,11,164
2.5,8,15,12,165
2.5,8,15,13,165
2.5,8,15,14,166
2.5,8,15,15,166
2.5,9,0,0,152
2.5,9,0,1,152
2.5,9,0,2,153
2.5,9,0,3,153
2.5,9,0,4,154
2.5,9,0,5,154
2.5,9,0,6,155
2.5,9,0,7,155
2.5,9,0,8,156
2.5,9,0,9,156
2.5,9,0,10,157
2.5,9,0,11,157
2.5,9,0,12,158
2.5,9,0,13,158
2.5,9,0,14,159
2.5,9,0,15,159
2.5,9,1,0,152
2.5,9,1,1,153
2.5,9,1,2,153
2.5,9,1,3,154
2.5,9,1,4,154
2.5,9,1,5,155
2.5,9,1,6,155
2.5,9,1,7,156
2.5,9,1,8,156
2.5,9,1,9,157
2.5,9,1,10,157
2.5,9,1,11,158
2.5,9,1,12,158
2.5,9,1,13,159
2.5,9,1,14,159
2.5,9,1,15,160
2.5,9,2,0,153
2.5,9,2,1,153
2.5,9,2,2,154
2.5,9,2,3,154
2.5,9,2,4,155
2.5,9,2,5,155
2.5,9,2,6,156
2.5,9,2,7,156
2.5,9,2,8,157
2.5,9,2,9,157
2.5,9,2,10,158
2.5,9,2,11,158
2.5,9,2,12,159
2.5,9,2,13,159
2.5,9,2,14,160
2.5,9,2,15,160
2.5,9,3,0,153
2.5,9,3,1,154
2.5,9,3,2,154
2.5,9,3,3,155
2.5,9,3,4,155
2.5,9,3,5,156
2.5,9,3,6,156
2.5,9,3,7,157
2.5,9,3,8,157
2.5,9,3,9,158
2.5,9,3,10,158
2.5,9,3,11,159
2.5,9,3,12,159
2.5,9,3,13,160
2.5,9,3,14,160
2.5,9,3,15,161
2.5,9,4,0,154
2.5,9,4,1,154
2.5,9,4,2,155
2.5,9,4,3,155
2.5,9,4,4,156
2.5,9,4,5,156
2.5,9,4,6,157
2.5,9,4,7,157
2.5,9,4,8,158
2.5,9,4,9,158
2.5,9,4,10,159
2.5,9,4,11,159
2.5,9,4,12,160
2.5,9,4,13,160
2.5,9,4,14,161
2.5,9,4,15,161
2.5,9,5,0,154
2.5,9,5,1,155
2.5,9,5,2,155
2.5,9,5,3,156
2.5,9,5,4,156
2.5,9,5,5,157
2.5,9,5,6,157
2.5,9,5,7,158
2.5,9,5,8,158
2.5,9,5,9,159
2.5,9,5,10,159
2.5,9,5,11,160
2.5,9,5,12,160
2.5,9,5,13,161
2.5,9,5,14,161
2.5,9,5,15,162
2.5,9,6,0,155
2.5,9,6,1,155
2.5,9,6,2,156
2.5,9,6,3,156
2.5,9,6,4,157
2.5,9,6,5,157
2.5,9,6,6,158
2.5,9,6,7,158
2.5,9,6,8,159
2.5,9,6,9,159
2.5,9,6,10,160
2.5,9,6,11,160
2.5,9,6,12,161
2.5,9,6,13,161
2.5,9,6,14,162
2.5,9,6,15,162
2.5,9,7,0,155
2.5,9,7,1,156
2.5,9,7,2,156
2.5,9,7,3,157
2.5,9,7,4,157
2.5,9,7,5,158
2.5,9,7,6,158
2.5,9,7,7,159
2.5,9,7,8,159
2.5,9,7,9,160
2.5,9,7,10,160
2.5,9,7,11,161
2.5,9,7,12,161
2.5,9,7,13,162
2.5,9,7,14,162
2.5,9,7,15,163
2.5,9,8,0,156
2.5,9,8,1,156
2.5,9,8,2,157
2.5,9,8,3,157
2.5,9,8,4,158
2.5,9,8,5,158
2.5,9,8,6,159
2.5,9,8,7,159
2.5,9,8,8,160
2.5,9,8,9,160
2.5,9,8,10,161
2.5,9,8,11,161
2.5,9,8,12,162
2.5,9,8,13,162
2.5,9,8,14,163
2.5,9,8,15,163
2.5,9,9,0,156
2.5,9,9,1,157
2.5,9,9,2,157
2.5,9,9,3,158
2.5,9,9,4,158
2.5,9,9,5,159
2.5,9,9,6,159
2.5,9,9,7,160
2.5,9,9,8,160
2.5,9,9,9,161
2.5,9,9,10,161
2.5,9,9,11,162
2.5,9,9,12,162
2.5,9,9,13,163
2.5,9,9,14,163
2.5,9,9,15,164
2.5,9,10,0,157
2.5,9,10,1,157
2.5,9,10,2,158
2.5,9,10,3,158
2.5,9,10,4,159
2.5,9,10,5,159
2.5,9,10,6,160
2.5,9,10,7,160
2.5,9,10,8,161
2.5,9,10,9,161
2.5,9,10,10,162
2.5,9,10,11,162
2.5,9,10,12,163
2.5,9,10,13,163
2.5,9,10,14,164
2.5,9,10,15,164
2.5,9,11,0,157
2.5,9,11,1,158
2.5,9,11,2,158
2.5,9,11,3,159
2.5,9,11,4,159
2.5,9,11,5,160
2.5,9,11,6,160
2.5,9,11,7,161
2.5,9,11,8,161
2.5,9,11,9,162
2.5,9,11,10,162
2.5,9,11,11,163
2.5,9,11,12,163
2.5,9,11,13,164
2.5,9,11,14,164
2.5,9,11,15,165
2.5,9,12,0,158
2.5,9,12,1,158
2.5,9,12,2,159
2.5,9,12,3,159
2.5,9,12,4,160
2.5,9,12,5,160
2.5,9,12,6,161
2.5,9,12,7,161
2.5,9,12,8,162
2.5,9,12,9,162
2.5,9,12,10,163
2.5,9,12,11,163
2.5,9,12,12,164
2.5,9,12,13,164
2.5,9,12,14,165
2.5,9,12,15,165
2.5,9,13,0,158
2.5,9,13,1,159
2.5,9,13,2,159
2.5,9,13,3,160
2.5,9,13,4,160
2.5,9,13,5,161
2.5,9,13,6,161
2.5,9,13,7,162
2.5,9,13,8,162
2.5,9,13,9,163
2.5,9,13,10,163
2.5,9,13,11,164
2.5,9,13,12,164
2.5,9,13,13,165
2.5,9,13,14,165
2.5,9,13,15,166
2.5,9,14,0,159
2.5,9,14,1,159
2.5,9,14,2,160
2.5,9,14,3,160
2.5,9,14,4,161
2.5,9,14,5,161
2.5,9,14,6,162
2.5,9,14,7,162
2.5,9,14,8,163
2.5,9,14,9,163
2.5,9,14,10,164
2.5,9,14,11,164
2.5,9,14,12,165
2.5,9,14,13,165
2.5,9,14,14,166
2.5,9,14,15,166
2.5,9,15,0,159
2.5,9,15,1,160
2.5,9,15,2,160
2.5,9,15,3,161
2.5,9,15,4,161
2.5,9,15,5,162
2.5,9,15,6,162
2.5,9,15,7,163
2.5,9,15,8,163
2.5,9,15,9,164
2.5,9,15,10,164
2.5,9,15,11,165
2.5,9,15,12,165
2.5,9,15,13,166
2.5,9,15,14,166
2.5,9,15,15,167
2.5,10,0,0,152
2.5,10,0,1,153
2.5,10,0,2,153
2.5,10,0,3,154
2.5,10,0,4,154
2.5,10,0,5,155
2.5,10,0,6,155
2.5,10,0,7,156
2.5,10,0,8,156
2.5,10,0,9,157
2.5,10,0,10,157
2.5,10,0,11,158
2.5,10,0,12,158
2.5,10,0,13,159
2.5,10,0,14,159
2.5,10,0,15,160
2.5,10,1,0,153
2.5,10,1,1,153
2.5,10,1,2,154
2.5,10,1,3,154
2.5,10,1,4,155
2.5,10,1,5,155
2.5,10,1,6,156
2.5,10,1,7,156
2.5,10,1,8,157
2.5,10,1,9,157
2.5,10,1,10,158
2.5,10,1,11,158
2.5,10,1,12,159
2.5,10,1,13,159
2.5,10,1,14,160
2.5,10,1,15,160
2.5,10,2,0,153
2.5,10,2,1,154
2.5,10,2,2,154
2.5,10,2,3,155
2.5,10,2,4,155
2.5,10,2,5,156
2.5,10,2,6,156
2.5,10,2,7,157
2.5,10,2,8,157
2.5,10,2,9,158
2.5,10,2,10,158
2.5,10,2,11,159
2.5,10,2,12,159
2.5,10,2,13,160
2.5,10,2,14,160
2.5,10,2,15,161
2.5,10,3,0,154
2.5,10,3,1,154
2.5,10,3,2,155
2.5,10,3,3,155
2.5,10,3,4,156
2.5,10,3,5,156
2.5,10,3,6,157
2.5,10,3,7,157
2.5,10,3,8,158
2.5,10,3,9,158
2.5,10,3,10,159
2.5,10,3,11,159
2.5,10,3,12,160
2.5,10,3,13,160
2.5,10,3,14,161
2.5,10,3,15,161
2.5,10,4,0,154
2.5,10,4,1,155
2.5,10,4,2,155
2.5,10,4,3,156
2.5,10,4,4,156
2.5,10,4,5,157
2.5,10,4,6,157
2.5,10,4,7,158
2.5,10,4,8,158
2.5,10,4,9,159
2.5,10,4,10,159
2.5,10,4,11,160
2.5,10,4,12,160
2.5,10,4,13,161
2.5,10,4,14,161
2.5,10,4,15,162
2.5,10,5,0,155
2.5,10,5,1,155
2.5,10,5,2,156
2.5,10,5,3,156
2.5,10,5,4,157
2.5,10,5,5,157
2.5,10,5,6,158
2.5,10,5,7,158
2.5,10,5,8,159
2.5,10,5,9,159
2.5,10,5,10,160
2.5,10,5,11,160
2.5,10,5,12,161
2.5,10,5,13,161
2.5,10,5,14,162
2.5,10,5,15,162
2.5,10,6,0,155
2.5,10,6,1,156
2.5,10,6,2,156
2.5,10,6,3,157
2.5,10,6,4,157
2.5,10,6,5,158
2.5,10,6,6,158
2.5,10,6,7,159
2.5,10,6,8,159
2.5,10,6,9,160
2.5,10,6,10,160
2.5,10,6,11,161
2.5,10,6,12,161
2.5,10,6,13,162
2.5,10,6,14,162
2.5,10,6,15,163
2.5,10,7,0,156
2.5,10,7,1,156
2.5,10,7,2,157
2.5,10,7,3,157
2.5,10,7,4,158
2.5,10,7,5,158
2.5,10,7,6,159
2.5,10,7,7,159
2.5,10,7,8,160
2.5,10,7,9,160
2.5,10,7,10,161
2.5,10,7,11,161
2.5,10,7,12,162
2.5,10,7,13,162
2.5,10,7,14,163
2.5,10,7,15,163
2.5,10,8,0,156
2.5,10,8,1,157
2.5,10,8,2,157
2.5,10,8,3,158
2.5,10,8,4,158
2.5,10,8,5,159
2.5,10,8,6,159
2.5,10,8,7,160
2.5,10,8,8,160
2.5,10,8,9,161
2.5,10,8,10,161
2.5,10,8,11,162
2.5,10,8,12,162
2.5,10,8,13,163
2.5,10,8,14,163
2.5,10,8,15,164
2.5,10,9,0,157
2.5,10,9,1,157
2.5,10,9,2,158
2.5,10,9,3,158
2.5,10,9,4,159
2.5,10,9,5,159
2.5,10,9,6,160
2.5,10,9,7,160
2.5,10,9,8,161
2.5,10,9,9,161
2.5,10,9,10,162
2.5,10,9,11,162
2.5,10,9,12,163
2.5,10,9,13,163
2.5,10,9,14,164
2.5,10,9,15,164
2.5,10,10,0,157
2.5,10,10,1,158
2.5,10,10,2,158
2.5,10,10,3,159
2.5,10,10,4,159
2.5,10,10,5,160
2.5,10,10,6,160
2.5,10,10,7,161
2.5,10,10,8,161
2.5,10,10,9,162
2.5,10,10,10,162
2.5,10,10,11,163
2.5,10,10,12,163
2.5,10,10,13,164
2.5,10,10,14,164
2.5,10,10,15,165
2.5,10,11,0,158
2.5,10,11,1,158
2.5,10,11,2,159
2.5,10,11,3,159
2.5,10,11,4,160
2.5,10,11,5,160
2.5,10,11,6,161
2.5,10,11,7,161
2.5,10,11,8,162
2.5,10,11,9,162
2.5,10,11,10,163
2.5,10,11,11,163
2.5,10,11,12,164
2.5,10,11,13,164
2.5,10,11,14,165
2.5,10,11,15,165
2.5,10,12,0,158
2.5,10,12,1,159
2.5,10,12,2,159
2.5,10,12,3,160
2.5,10,12,4,160
2.5,10,12,5,161
2.5,10,12,6,161
2.5,10,12,7,162
2.5,10,12,8,162
2.5,10,12,9,163
2.5,10,12,10,163
2.5,10,12,11,164
2.5,10,12,12,164
2.5,10,12,13,165
2.5,10,12,14,165
2.5,10,12,15,166
2.5,10,13,0,159
2.5,10,13,1,159
2.5,10,13,2,160
2.5,10,13,3,160
2.5,10,13,4,161
2.5,10,13,5,161
2.5,10,13,6,162
2.5,10,13,7,162
2.5,10,13,8,163
2.5,10,13,9,163
2.5,10,13,10,164
2.5,10,13,11,164
2.5,10,13,12,165
2.5,10,13,13,165
2.5,10,13,14,166
2.5,10,13,15,166
2.5,10,14,0,159
2.5,10,14,1,160
2.5,10,14,2,160
2.5,10,14,3,161
2.5,10,14,4,161
2.5,10,14,5,162
2.5,10,14,6,162
2.5,10,14,7,163
2.5,10,14,8,163
2.5,10,14,9,164
2.5,10,14,10,164
2.5,10,14,11,165
2.5,10,14,12,165
2.5,10,14,13,166
2.5,10,14,14,166
2.5,10,14,15,167
2.5,10,15,0,160
2.5,10,15,1,160
2.5,10,15,2,161
2.5,10,15,3,161
2.5,10,15,4,162
2.5,10,15,5,162
2.5,10,15,6,163
2.5,10,15,7,163
2.5,10,15,8,164
2.5,10,15,9,164
2.5,10,15,10,165
2.5,10,15,11,165
2.5,10,15,12,166
2.5,10,15,13,166
2.5,10,15,14,167
2.5,10,15,15,167
2.5,11,0,0,153
2.5,11,0,1,153
2.5,11,0,2,154
2.5,11,0,3,154
2.5,11,0,4,155
2.5,11,0,5,155
2.5,11,0,6,156
2.5,11,0,7,156
2.5,11,0,8,157
2.5,11,0,9,157
2.5,11,0,10,158
2.5,11,0,11,158
2.5,11,0,12,159
2.5,11,0,13,159
2.5,11,0,14,160
2.5,11,0,15,160
2.5,11,1,0,153
2.5,11,1,1,154
2.5,11,1,2,154
2.5,11,1,3,155
2.5,11,1,4,155
2.5,11,1,5,156
2.5,11,1,6,156
2.5,11,1,7,157
2.5,11,1,8,157
2.5,11,1,9,158
2.5,11,1,10,158
2.5,11,1,11,159
2.5,11,1,12,159
2.5,11,1,13,160
2.5,11,1,14,160
2.5,11,1,15,161
2.5,11,2,0,154
2.5,11,2,1,154
2.5,11,2,2,155
2.5,11,2,3,155
2.5,11,2,4,156
2.5,11,2,5,156
2.5,11,2,6,157
2.5,11,2,7,157
2.5,11,2,8,158
2.5,11,2,9,158
2.5,11,2,10,159
2.5,11,2,11,159
2.5,11,2,12,160
2.5,11,2,13,160
2.5,11,2,14,161
2.5,11,2,15,161
2.5,11,3,0,154
2.5,11,3,1,155
2.5,11,3,2,155
2.5,11,3,3,156
2.5,11,3,4,156
2.5,11,3,5,157
2.5,11,3,6,157
2.5,11,3,7,158
2.5,11,3,8,158
2.5,11,3,9,159
2.5,11,3,10,159
2.5,11,3,11,160
2.5,11,3,12,160
2.5,11,3,13,161
2.5,11,3,14,161
2.5,11,3,15,162
2.5,11,4,0,155
2.5,11,4,1,155
2.5,11,4,2,156
2.5,11,4,3,156
2.5,11,4,4,157
2.5,11,4,5,157
2.5,11,4,6,158
2.5,11,4,7,158
2.5,11,4,8,159
2.5,11,4,9,159
2.5,11,4,10,160
2.5,11,4,11,160
2.5,11,4,12,161
2.5,11,4,13,161
2.5,11,4,14,162
2.5,11,4,15,162
2.5,11,5,0,155
2.5,11,5,1,156
2.5,11,5,2,156
2.5,11,5,3,157
2.5,11,5,4,157
2.5,11,5,5,158
2.5,11,5,6,158
2.5,11,5,7,159
2.5,11,5,8,159
2.5,11,5,9,160
2.5,11,5,10,160
2.5,11,5,11,161
2.5,11,5,12,161
2.5,11,5,13,162
2.5,11,5,14,162
2.5,11,5,15,163
2.5,11,6,0,156
2.5,11,6,1,156
2.5,11,6,2,157
2.5,11,6,3,157
2.5,11,6,4,158
2.5,11,6,5,158
2.5,11,6,6,159
2.5,11,6,7,159
2.5,11,6,8,160
2.5,11,6,9,160
2.5,11,6,10,161
2.5,11,6,11,161
2.5,11,6,12,162
2.5,11,6,13,162
2.5,11,6,14,163
2.5,11,6,15,163
2.5,11,7,0,156
2.5,11,7,1,157
2.5,11,7,2,157
2.5,11,7,3,158
2.5,11,7,4,158
2.5,11,7,5,159
2.5,11,7,6,159
2.5,11,7,7,160
2.5,11,7,8,160
2.5,11,7,9,161
2.5,11,7,10,161
2.5,11,7,11,162
2.5,11,7,12,162
2.5,11,7,13,163
2.5,11,7,14,163
2.5,11,7,15,164
2.5,11,8,0,157
2.5,11,8,1,157
2.5,11,8,2,158
2.5,11,8,3,158
2.5,11,8,4,159
2.5,11,8,5,160
2.5,11,8,6,160
2.5,11,8,7,160
2.5,11,8,8,161
2.5,11,8,9,161
2.5,11,8,10,162
2.5,11,8,11,162
2.5,11,8,12,163
2.5,11,8,13,163
2.5,11,8,14,164
2.5,11,8,15,164
2.5,11,9,0,157
2.5,11,9,1,158
2.5,11,9,2,158
2.5,11,9,3,159
2.5,11,9,4,160
2.5,11,9,5,160
2.5,11,9,6,161
2.5,11,9,7,161
2.5,11,9,8,162
2.5,11,9,9,162
2.5,11,9,10,162
2.5,11,9,11,163
2.5,11,9,12,163
2.5,11,9,13,164
2.5,11,9,14,164
2.5,11,9,15,165
2.5,11,10,0,158
2.5,11,10,1,158
2.5,11,10,2,159
2.5,11,10,3,160
2.5,11,10,4,160
2.5,11,10,5,161
2.5,11,10,6,161
2.5,11,10,7,162
2.5,11,10,8,162
2.5,11,10,9,163
2.5,11,10,10,163
2.5,11,10,11,164
2.5,11,10,12,164
2.5,11,10,13,164
2.5,11,10,14,165
2.5,11,10,15,165
2.5,11,11,0,158
2.5,11,11,1,159
2.5,11,11,2,160
2.5,11,11,3,160
2.5,11,11,4,161
2.5,11,11,5,161
2.5,11,11,6,162
2.5,11,11,7,162
2.5,11,11,8,163
2.5,11,11,9,163
2.5,11,11,10,164
2.5,11,11,11,164
2.5,11,11,12,165
2.5,11,11,13,165
2.5,11,11,14,166
2.5,11,11,15,166
2.5,11,12,0,159
2.5,11,12,1,159
2.5,11,12,2,160
2.5,11,12,3,161
2.5,11,12,4,161
2.5,11,12,5,162
2.5,11,12,6,162
2.5,11,12,7,163
2.5,11,12,8,163
2.5,11,12,9,164
2.5,11,12,10,164
2.5,11,12,11,165
2.5,11,12,12,165
2.5,11,12,13,166
2.5,11,12,14,166
2.5,11,12,15,167
2.5,11,13,0,159
2.5,11,13,1,160
2.5,11,13,2,160
2.5,11,13,3,161
2.5,11,13,4,162
2.5,11,13,5,162
2.5,11,13,6,163
2.5,11,13,7,163
2.5,11,13,8,164
2.5,11,13,9,164
2.5,11,13,10,165
2.5,11,13,11,165
2.5,11,13,12,166
2.5,11,13,13,166
2.5,11,13,14,167
2.5,11,13,15,167
2.5,11,14,0,160
2.5,11,14,1,160
2.5,11,14,2,161
2.5,11,14,3,162
2.5,11,14,4,162
2.5,11,14,5,163
2.5,11,14,6,163
2.5,11,14,7,164
2.5,11,14,8,164
2.5,11,14,9,165
2.5,11,14,10,165
2.5,11,14,11,166
2.5,11,14,12,166
2.5,11,14,13,167
2.5,11,14,14,167
2.5,11,14,15,168
2.5,11,15,0,160
2.5,11,15,1,161
2.5,11,15,2,161
2.5,11,15,3,162
2.5,11,15,4,163
2.5,11,15,5,163
2.5,11,15,6,164
2.5,11,15,7,164
2.5,11,15,8,165
2.5,11,15,9,165
2.5,11,15,10,166
2.5,11,15,11,166
2.5,11,15,12,167
2.5,11,15,13,167
2.5,11,15,14,168
2.5,11,15,15,168
2.5,12,0,0,153
2.5,12,0,1,154
2.5,12,0,2,154
2.5,12,0,3,155
2.5,12,0,4,155
2.5,12,0,5,156
2.5,12,0,6,156
2.5,12,0,7,157
2.5,12,0,8,157
2.5,12,0,9,158
2.5,12,0,10,158
2.5,12,0,11,159
2.5,12,0,12,159
2.5,12,0,13,160
2.5,12,0,14,160
2.5,12,0,15,161
2.5,12,1,0,154
2.5,12,1,1,154
2.5,12,1,2,155
2.5,12,1,3,155
2.5,12,1,4,156
2.5,12,1,5,156
2.5,12,1,6,157
2.5,12,1,7,157
2.5,12,1,8,158
2.5,12,1,9,158
2.5,12,1,10,159
2.5,12,1,11,159
2.5,12,1,12,160
2.5,12,1,13,160
2.5,12,1,14,161
2.5,12,1,15,161
2.5,12,2,0,155
2.5,12,2,1,155
2.5,12,2,2,156
2.5,12,2,3,156
2.5,12,2,4,156
2.5,12,2,5,157
2.5,12,2,6,157
2.5,12,2,7,158
2.5,12,2,8,158
2.5,12,2,9,159
2.5,12,2,10,159
2.5,12,2,11,160
2.5,12,2,12,160
2.5,12,2,13,161
2.5,12,2,14,161
2.5,12,2,15,162
2.5,12,3,0,155
2.5,12,3,1,156
2.5,12,3,2,156
2.5,12,3,3,157
2.5,12,3,4,157
2.5,12,3,5,158
2.5,12,3,6,158
2.5,12,3,7,158
2.5,12,3,8,159
2.5,12,3,9,159
2.5,12,3,10,160
2.5,12,3,11,160
2.5,12,3,12,161
2.5,12,3,13,161
2.5,12,3,14,162
2.5,12,3,15,162
2.5,12,4,0,156
2.5,12,4,1,156
2.5,12,4,2,157
2.5,12,4,3,157
2.5,12,4,4,158
2.5,12,4,5,158
2.5,12,4,6,159
2.5,12,4,7,159
2.5,12,4,8,160
2.5,12,4,9,160
2.5,12,4,10,160
2.5,12,4,11,161
2.5,12,4,12,161
2.5,12,4,13,162
2.5,12,4,14,162
2.5,12,4,15,163
2.5,12,5,0,156
2.5,12,5,1,157
2.5,12,5,2,157
2.5,12,5,3,158
2.5,12,5,4,158
2.5,12,5,5,159
2.5,12,5,6,159
2.5,12,5,7,160
2.5,12,5,8,160
2.5,12,5,9,161
2.5,12,5,10,161
2.5,12,5,11,162
2.5,12,5,12,162
2.5,12,5,13,162
2.5,12,5,14,163
2.5,12,5,15,163
2.5,12,6,0,157
2.5,12,6,1,157
2.5,12,6,2,158
2.5,12,6,3,158
2.5,12,6,4,159
2.5,12,6,5,159
2.5,12,6,6,160
2.5,12,6,7,160
2.5,12,6,8,161
2.5,12,6,9,161
2.5,12,6,10,162
2.5,12,6,11,162
2.5,12,6,12,163
2.5,12,6,13,163
2.5,12,6,14,163
2.5,12,6,15,164
2.5,12,7,0,157
2.5,12,7,1,158
2.5,12,7,2,158
2.5,12,7,3,159
2.5,12,7,4,159
2.5,12,7,5,160
2.5,12,7,6,160
2.5,12,7,7,161
2.5,12,7,8,161
2.5,12,7,9,162
2.5,12,7,10,162
2.5,12,7,11,163
2.5,12,7,12,163
2.5,12,7,13,164
2.5,12,7,14,164
2.5,12,7,15,165
2.5,12,8,0,158
2.5,12,8,1,158
2.5,12,8,2,159
2.5,12,8,3,159
2.5,12,8,4,160
2.5,12,8,5,160
2.5,12,8,6,161
2.5,12,8,7,161
2.5,12,8,8,162
2.5,12,8,9,162
2.5,12,8,10,163
2.5,12,8,11,163
2.5,12,8,12,164
2.5,12,8,13,164
2.5,12,8,14,165
2.5,12,8,15,165
2.5,12,9,0,158
2.5,12,9,1,159
2.5,12,9,2,159
2.5,12,9,3,160
2.5,12,9,4,160
2.5,12,9,5,161
2.5,12,9,6,161
2.5,12,9,7,162
2.5,12,9,8,162
2.5,12,9,9,163
2.5,12,9,10,163
2.5,12,9,11,164
2.5,12,9,12,164
2.5,12,9,13,165
2.5,12,9,14,165
2.5,12,9,15,166
2.5,12,10,0,159
2.5,12,10,1,159
2.5,12,10,2,160
2.5,12,10,3,160
2.5,12,10,4,161
2.5,12,10,5,161
2.5,12,10,6,162
2.5,12,10,7,162
2.5,12,10,8,163
2.5,12,10,9,163
2.5,12,10,10,164
2.5,12,10,11,164
2.5,12,10,12,165
2.5,12,10,13,165
2.5,12,10,14,166
2.5,12,10,15,166
2.5,12,11,0,159
2.5,12,11,1,160
2.5,12,11,2,160
2.5,12,11,3,161
2.5,12,11,4,161
2.5,12,11,5,162
2.5,12,11,6,162
2.5,12,11,7,163
2.5,12,11,8,163
2.5,12,11,9,164
2.5,12,11,10,164
2.5,12,11,11,165
2.5,12,11,12,165
2.5,12,11,13,166
2.5,12,11,14,166
2.5,12,11,15,167
2.5,12,12,0,160
2.5,12,12,1,160
2.5,12,12,2,161
2.5,12,12,3,161
2.5,12,12,4,162
2.5,12,12,5,162
2.5,12,12,6,163
2.5,12,12,7,163
2.5,12,12,8,164
2.5,12,12,9,164
2.5,12,12,10,165
2.5,12,12,11,165
2.5,12,12,12,166
2.5,12,12,13,166
2.5,12,12,14,167
2.5,12,12,15,167
2.5,12,13,0,160
2.5,12,13,1,161
2.5,12,13,2,161
2.5,12,13,3,162
2.5,12,13,4,162
2.5,12,13,5,163
2.5,12,13,6,163
2.5,12,13,7,164
2.5,12,13,8,164
2.5,12,13,9,165
2.5,12,13,10,165
2.5,12,13,11,166
2.5,12,13,12,166
2.5,12,13,13,167
2.5,12,13,14,167
2.5,12,13,15,168
2.5,12,14,0,161
2.5,12,14,1,161
2.5,12,14,2,162
2.5,12,14,3,162
2.5,12,14,4,163
2.5,12,14,5,163
2.5,12,14,6,164
2.5,12,14,7,164
2.5,12,14,8,165
2.5,12,14,9,165
2.5,12,14,10,166
2.5,12,14,11,166
2.5,12,14,12,167
2.5,12,14,13,167
2.5,12,14,14,168
2.5,12,14,15,168
2.5,12,15,0,161
2.5,12,15,1,162
2.5,12,15,2,162
2.5,12,15,3,163
2.5,12,15,4,163
2.5,12,15,5,164
2.5,12,15,6,164
2.5,12,15,7,165
2.5,12,15,8,165
2.5,12,15,9,166
2.5,12,15,10,166
2.5,12,15,11,167
2.5,12,15,12,167
2.5,12,15,13,168
2.5,12,15,14,168
2.5,12,15,15,169
2.5,13,0,0,154
2.5,13,0,1,155
2.5,13,0,2,155
2.5,13,0,3,156
2.5,13,0,4,156
2.5,13,0,5,157
2.5,13,0,6,157
2.5,13,0,7,157
2.5,13,0,8,158
2.5,13,0,9,158
2.5,13,0,10,159
2.5,13,0,11,159
2.5,13,0,12,160
2.5,13,0,13,160
2.5,13,0,14,161
2.5,13,0,15,161
2.5,13,1,0,155
2.5,13,1,1,155
2.5,13,1,2,156
2.5,13,1,3,156
2.5,13,1,4,157
2.5,13,1,5,157
2.5,13,1,6,158
2.5,13,1,7,158
2.5,13,1,8,159
2.5,13,1,9,159
2.5,13,1,10,159
2.5,13,1,11,160
2.5,13,1,12,160
2.5,13,1,13,161
2.5,13,1,14,161
2.5,13,1,15,162
2.5,13,2,0,155
2.5,13,2,1,156
2.5,13,2,2,156
2.5,13,2,3,157
2.5,13,2,4,157
2.5,13,2,5,158
2.5,13,2,6,158
2.5,13,2,7,159
2.5,13,2,8,159
2.5,13,2,9,160
2.5,13,2,10,160
2.5,13,2,11,161
2.5,13,2,12,161
2.5,13,2,13,161
2.5,13,2,14,162
2.5,13,2,15,162
2.5,13,3,0,156
2.5,13,3,1,156
2.5,13,3,2,157
2.5,13,3,3,157
2.5,13,3,4,158
2.5,13,3,5,158
2.5,13,3,6,159
2.5,13,3,7,159
2.5,13,3,8,160
2.5,13,3,9,160
2.5,13,3,10,161
2.5,13,3,11,161
2.5,13,3,12,162
2.5,13,3,13,162
2.5,13,3,14,162
2.5,13,3,15,163
2.5,13,4,0,156
2.5,13,4,1,157
2.5,13,4,2,157
2.5,13,4,3,158
2.5,13,4,4,158
2.5,13,4,5,159
2.5,13,4,6,159
2.5,13,4,7,160
2.5,13,4,8,160
2.5,13,4,9,161
2.5,13,4,10,161
2.5,13,4,11,162
2.5,13,4,12,162
2.5,13,4,13,163
2.5,13,4,14,163
2.5,13,4,15,164
2.5,13,5,0,157
2.5,13,5,1,157
2.5,13,5,2,158
2.5,13,5,3,158
2.5,13,5,4,159
2.5,13,5,5,159
2.5,13,5,6,160
2.5,13,5,7,160
2.5,13,5,8,161
2.5,13,5,9,161
2.5,13,5,10,162
2.5,13,5,11,162
2.5,13,5,12,163
2.5,13,5,13,163
2.5,13,5,14,164
2.5,13,5,15,164
2.5,13,6,0,157
2.5,13,6,1,158
2.5,13,6,2,158
2.5,13,6,3,159
2.5,13,6,4,159
2.5,13,6,5,160
2.5,13,6,6,160
2.5,13,6,7,161
2.5,13,6,8,161
2.5,13,6,9,162
2.5,13,6,10,162
2.5,13,6,11,163
2.5,13,6,12,163
2.5,13,6,13,164
2.5,13,6,14,164
2.5,13,6,15,165
2.5,13,7,0,158
2.5,13,7,1,158
2.5,13,7,2,159
2.5,13,7,3,159
2.5,13,7,4,160
2.5,13,7,5,160
2.5,13,7,6,161
2.5,13,7,7,161
2.5,13,7,8,162
2.5,13,7,9,162
2.5,13,7,10,163
2.5,13,7,11,163
2.5,13,7,12,164
2.5,13,7,13,164
2.5,13,7,14,165
2.5,13,7,15,165
2.5,13,8,0,158
2.5,13,8,1,159
2.5,13,8,2,159
2.5,13,8,3,160
2.5,13,8,4,160
2.5,13,8,5,161
2.5,13,8,6,161
2.5,13,8,7,162
2.5,13,8,8,162
2.5,13,8,9,163
2.5,13,8,10,163
2.5,13,8,11,164
2.5,13,8,12,164
2.5,13,8,13,165
2.5,13,8,14,165
2.5,13,8,15,166
2.5,13,9,0,159
2.5,13,9,1,159
2.5,13,9,2,160
2.5,13,9,3,160
2.5,13,9,4,161
2.5,13,9,5,161
2.5,13,9,6,162
2.5,13,9,7,162
2.5,13,9,8,163
2.5,13,9,9,163
2.5,13,9,10,164
2.5,13,9,11,164
2.5,13,9,12,165
2.5,13,9,13,165
2.5,13,9,14,166
2.5,13,9,15,166
2.5,13,10,0,159
2.5,13,10,1,160
2.5,13,10,2,160
2.5,13,10,3,161
2.5,13,10,4,161
2.5,13,10,5,162
2.5,13,10,6,162
2.5,13,10,7,163
2.5,13,10,8,163
2.5,13,10,9,164
2.5,13,10,10,164
2.5,13,10,11,165
2.5,13,10,12,165
2.5,13,10,13,166
2.5,13,10,14,166
2.5,13,10,15,167
2.5,13,11,0,160
2.5,13,11,1,160
2.5,13,11,2,161
2.5,13,11,3,161
2.5,13,11,4,162
2.5,13,11,5,162
2.5,13,11,6,163
2.5,13,11,7,163
2.5,13,11,8,164
2.5,13,11,9,164
2.5,13,11,10,165
2.5,13,11,11,165
2.5,13,11,12,166
2.5,13,11,13,166
2.5,13,11,14,167
2.5,13,11,15,167
2.5,13,12,0,160
2.5,13,12,1,161
2.5,13,12,2,161
2.5,13,12,3,162
2.5,13,12,4,162
2.5,13,12,5,163
2.5,13,12,6,163
2.5,13,12,7,164
2.5,13,12,8,164
2.5,13,12,9,165
2.5,13,12,10,165
2.5,13,12,11,166
2.5,13,12,12,166
2.5,13,12,13,167
2.5,13,12,14,167
2.5,13,12,15,168
2.5,13,13,0,161
2.5,13,13,1,161
2.5,13,13,2,162
2.5,13,13,3,162
2.5,13,13,4,163
2.5,13,13,5,163
2.5,13,13,6,164
2.5,13,13,7,164
2.5,13,13,8,165
2.5,13,13,9,165
2.5,13,13,10,166
2.5,13,13,11,166
2.5,13,13,12,167
2.5,13,13,13,167
2.5,13,13,14,168
2.5,13,13,15,168
2.5,13,14,0,161
2.5,13,14,1,162
2.5,13,14,2,162
2.5,13,14,3,163
2.5,13,14,4,163
2.5,13,14,5,164
2.5,13,14,6,164
2.5,13,14,7,165
2.5,13,14,8,165
2.5,13,14,9,166
2.5,13,14,10,166
2.5,13,14,11,167
2.5,13,14,12,167
2.5,13,14,13,168
2.5,13,14,14,168
2.5,13,14,15,169
2.5,13,15,0,162
2.5,13,15,1,162
2.5,13,15,2,163
2.5,13,15,3,163
2.5,13,15,4,164
2.5,13,15,5,164
2.5,13,15,6,165
2.5,13,15,7,165
2.5,13,15,8,166
2.5,13,15,9,166
2.5,13,15,10,167
2.5,13,15,11,167
2.5,13,15,12,168
2.5,13,15,13,168
2.5,13,15,14,169
2.5,13,15,15,169
2.5,14,0,0,155
2.5,14,0,1,155
2.5,14,0,2,156
2.5,14,0,3,156
2.5,14,0,4,157
2.5,14,0,5,157
2.5,14,0,6,158
2.5,14,0,7,158
2.5,14,0,8,159
2.5,14,0,9,159
2.5,14,0,10,160
2.5,14,0,11,160
2.5,14,0,12,161
2.5,14,0,13,161
2.5,14,0,14,161
2.5,14,0,15,162
2.5,14,1,0,155
2.5,14,1,1,156
2.5,14,1,2,156
2.5,14,1,3,157
2.5,14,1,4,157
2.5,14,1,5,158
2.5,14,1,6,158
2.5,14,1,7,159
2.5,14,1,8,159
2.5,14,1,9,160
2.5,14,1,10,160
2.5,14,1,11,161
2.5,14,1,12,161
2.5,14,1,13,162
2.5,14,1,14,162
2.5,14,1,15,162
2.5,14,2,0,156
2.5,14,2,1,156
2.5,14,2,2,157
2.5,14,2,3,157
2.5,14,2,4,158
2.5,14,2,5,158
2.5,14,2,6,159
2.5,14,2,7,159
2.5,14,2,8,160
2.5,14,2,9,160
2.5,14,2,10,161
2.5,14,2,11,161
2.5,14,2,12,162
2.5,14,2,13,162
2.5,14,2,14,163
2.5,14,2,15,163
2.5,14,3,0,156
2.5,14,3,1,157
2.5,14,3,2,157
2.5,14,3,3,158
2.5,14,3,4,158
2.5,14,3,5,159
2.5,14,3,6,159
2.5,14,3,7,160
2.5,14,3,8,160
2.5,14,3,9,161
2.5,14,3,10,161
2.5,14,3,11,162
2.5,14,3,12,162
2.5,14,3,13,163
2.5,14,3,14,163
2.5,14,3,15,164
2.5,14,4,0,157
2.5,14,4,1,157
2.5,14,4,2,158
2.5,14,4,3,158
2.5,14,4,4,159
2.5,14,4,5,159
2.5,14,4,6,160
2.5,14,4,7,160
2.5,14,4,8,161
2.5,14,4,9,161
2.5,14,4,10,162
2.5,14,4,11,162
2.5,14,4,12,163
2.5,14,4,13,163
2.5,14,4,14,164
2.5,14,4,15,164
2.5,14,5,0,157
2.5,14,5,1,158
2.5,14,5,2,158
2.5,14,5,3,159
2.5,14,5,4,159
2.5,14,5,5,160
2.5,14,5,6,160
2.5,14,5,7,161
2.5,14,5,8,161
2.5,14,5,9,162
2.5,14,5,10,162
2.5,14,5,11,163
2.5,14,5,12,163
2.5,14,5,13,164
2.5,14,5,14,164
2.5,14,5,15,165
2.5,14,6,0,158
2.5,14,6,1,158
2.5,14,6,2,159
2.5,14,6,3,159
2.5,14,6,4,160
2.5,14,6,5,160
2.5,14,6,6,161
2.5,14,6,7,161
2.5,14,6,8,162
2.5,14,6,9,162
2.5,14,6,10,163
2.5,14,6,11,163
2.5,14,6,12,164
2.5,14,6,13,164
2.5,14,6,14,165
2.5,14,6,15,165
2.5,14,7,0,158
2.5,14,7,1,159
2.5,14,7,2,159
2.5,14,7,3,160
2.5,14,7,4,160
2.5,14,7,5,161
2.5,14,7,6,161
2.5,14,7,7,162
2.5,14,7,8,162
2.5,14,7,9,163
2.5,14,7,10,163
2.5,14,7,11,164
2.5,14,7,12,164
2.5,14,7,13,165
2.5,14,7,14,165
2.5,14,7,15,166
2.5,14,8,0,159
2.5,14,8,1,159
2.5,14,8,2,160
2.5,14,8,3,160
2.5,14,8,4,161
2.5,14,8,5,161
2.5,14,8,6,162
2.5,14,8,7,162
2.5,14,8,8,163
2.5,14,8,9,163
2.5,14,8,10,164
2.5,14,8,11,164
2.5,14,8,12,165
2.5,14,8,13,165
2.5,14,8,14,166
2.5,14,8,15,166
2.5,14,9,0,159
2.5,14,9,1,160
2.5,14,9,2,160
2.5,14,9,3,161
2.5,14,9,4,161
2.5,14,9,5,162
2.5,14,9,6,162
2.5,14,9,7,163
2.5,14,9,8,163
2.5,14,9,9,164
2.5,14,9,10,164
2.5,14,9,11,165
2.5,14,9,12,165
2.5,14,9,13,166
2.5,14,9,14,166
2.5,14,9,15,167
2.5,14,10,0,160
2.5,14,10,1,160
2.5,14,10,2,161
2.5,14,10,3,161
2.5,14,10,4,162
2.5,14,10,5,162
2.5,14,10,6,163
2.5,14,10,7,163
2.5,14,10,8,164
2.5,14,10,9,164
2.5,14,10,10,165
2.5,14,10,11,165
2.5,14,10,12,166
2.5,14,10,13,166
2.5,14,10,14,167
2.5,14,10,15,167
2.5,14,11,0,160
2.5,14,11,1,161
2.5,14,11,2,161
2.5,14,11,3,162
2.5,14,11,4,162
2.5,14,11,5,163
2.5,14,11,6,163
2.5,14,11,7,164
2.5,14,11,8,164
2.5,14,11,9,165
2.5,14,11,10,165
2.5,14,11,11,166
2.5,14,11,12,166
2.5,14,11,13,167
2.5,14,11,14,167
2.5,14,11,15,168
2.5,14,12,0,161
2.5,14,12,1,161
2.5,14,12,2,162
2.5,14,12,3,162
2.5,14,12,4,163
2.5,14,12,5,163
2.5,14,12,6,164
2.5,14,12,7,164
2.5,14,12,8,165
2.5,14,12,9,165
2.5,14,12,10,166
2.5,14,12,11,166
2.5,14,12,12,167
2.5,14,12,13,167
2.5,14,12,14,168
2.5,14,12,15,168
2.5,14,13,0,161
2.5,14,13,1,162
2.5,14,13,2,162
2.5,14,13,3,163
2.5,14,13,4,163
2.5,14,13,5,164
2.5,14,13,6,164
2.5,14,13,7,165
2.5,14,13,8,165
2.5,14,13,9,166
2.5,14,13,10,166
2.5,14,13,11,167
2.5,14,13,12,167
2.5,14,13,13,168
2.5,14,13,14,168
2.5,14,13,15,169
2.5,14,14,0,162
2.5,14,14,1,162
2.5,14,14,2,163
2.5,14,14,3,163
2.5,14,14,4,164
2.5,14,14,5,164
2.5,14,14,6,165
2.5,14,14,7,165
2.5,14,14,8,166
2.5,14,14,9,166
2.5,14,14,10,167
2.5,14,14,11,167
2.5,14,14,12,168
2.5,14,14,13,168
2.5,14,14,14,169
2.5,14,14,15,169
2.5,14,15,0,162
2.5,14,15,1,163
2.5,14,15,2,163
2.5,14,15,3,164
2.5,14,15,4,164
2.5,14,15,5,165
2.5,14,15,6,165
2.5,14,15,7,166
2.5,14,15,8,166
2.5,14,15,9,167
2.5,14,15,10,167
2.5,14,15,11,168
2.5,14,15,12,168
2.5,14,15,13,169
2.5,14,15,14,169
2.5,14,15,15,170
2.5,15,0,0,155
2.5,15,0,1,156
2.5,15,0,2,156
2.5,15,0,3,157
2.5,15,0,4,157
2.5,15,0,5,158
2.5,15,0,6,158
2.5,15,0,7,159
2.5,15,0,8,159
2.5,15,0,9,160
2.5,15,0,10,160
2.5,15,0,11,161
2.5,15,0,12,161
2.5,15,0,13,162
2.5,15,0,14,162
2.5,15,0,15,163
2.5,15,1,0,156
2.5,15,1,1,156
2.5,15,1,2,157
2.5,15,1,3,157
2.5,15,1,4,158
2.5,15,1,5,158
2.5,15,1,6,159
2.5,15,1,7,159
2.5,15,1,8,160
2.5,15,1,9,160
2.5,15,1,10,161
2.5,15,1,11,161
2.5,15,1,12,162
2.5,15,1,13,162
2.5,15,1,14,163
2.5,15,1,15,163
2.5,15,2,0,156
2.5,15,2,1,157
2.5,15,2,2,157
2.5,15,2,3,158
2.5,15,2,4,158
2.5,15,2,5,159
2.5,15,2,6,159
2.5,15,2,7,160
2.5,15,2,8,160
2.5,15,2,9,161
2.5,15,2,10,161
2.5,15,2,11,162
2.5,15,2,12,162
2.5,15,2,13,163
2.5,15,2,14,163
2.5,15,2,15,164
2.5,15,3,0,157
2.5,15,3,1,157
2.5,15,3,2,158
2.5,15,3,3,158
2.5,15,3,4,159
2.5,15,3,5,159
2.5,15,3,6,160
2.5,15,3,7,160
2.5,15,3,8,161
2.5,15,3,9,161
2.5,15,3,10,162
2.5,15,3,11,162
2.5,15,3,12,163
2.5,15,3,13,163
2.5,15,3,14,164
2.5,15,3,15,164
2.5,15,4,0,157
2.5,15,4,1,158
2.5,15,4,2,158
2.5,15,4,3,159
2.5,15,4,4,159
2.5,15,4,5,160
2.5,15,4,6,160
2.5,15,4,7,161
2.5,15,4,8,161
2.5,15,4,9,162
2.5,15,4,10,162
2.5,15,4,11,163
2.5,15,4,12,163
2.5,15,4,13,164
2.5,15,4,14,164
2.5,15,4,15,165
2.5,15,5,0,158
2.5,15,5,1,158
2.5,15,5,2,159
2.5,15,5,3,159
2.5,15,5,4,160
2.5,15,5,5,160
2.5,15,5,6,161
2.5,15,5,7,161
2.5,15,5,8,162
2.5,15,5,9,162
2.5,15,5,10,163
2.5,15,5,11,163
2.5,15,5,12,164
2.5,15,5,13,164
2.5,15,5,14,165
2.5,15,5,15,165
2.5,15,6,0,158
2.5,15,6,1,159
2.5,15,6,2,159
2.5,15,6,3,160
2.5,15,6,4,160
2.5,15,6,5,161
2.5,15,6,6,161
2.5,15,6,7,162
2.5,15,6,8,162
2.5,15,6,9,163
2.5,15,6,10,163
2.5,15,6,11,164
2.5,15,6,12,164
2.5,15,6,13,165
2.5,15,6,14,165
2.5,15,6,15,166
2.5,15,7,0,159
2.5,15,7,1,159
2.5,15,7,2,160
2.5,15,7,3,160
2.5,15,7,4,161
2.5,15,7,5,161
2.5,15,7,6,162
2.5,15,7,7,162
2.5,15,7,8,163
2.5,15,7,9,163
2.5,15,7,10,164
2.5,15,7,11,164
2.5,15,7,12,165
2.5,15,7,13,165
2.5,15,7,14,166
2.5,15,7,15,166
2.5,15,8,0,159
2.5,15,8,1,160
2.5,15,8,2,160
2.5,15,8,3,161
2.5,15,8,4,161
2.5,15,8,5,162
2.5,15,8,6,162
2.5,15,8,7,163
2.5,15,8,8,163
2.5,15,8,9,164
2.5,15,8,10,164
2.5,15,8,11,165
2.5,15,8,12,165
2.5,15,8,13,166
2.5,15,8,14,166
2.5,15,8,15,167
2.5,15,9,0,160
2.5,15,9,1,160
2.5,15,9,2,161
2.5,15,9,3,161
2.5,15,9,4,162
2.5,15,9,5,162
2.5,15,9,6,163
2.5,15,9,7,163
2.5,15,9,8,164
2.5,15,9,9,164
2.5,15,9,10,165
2.5,15,9,11,165
2.5,15,9,12,166
2.5,15,9,13,166
2.5,15,9,14,167
2.5,15,9,15,167
2.5,15,10,0,160
2.5,15,10,1,161
2.5,15,10,2,161
2.5,15,10,3,162
2.5,15,10,4,162
2.5,15,10,5,163
2.5,15,10,6,163
2.5,15,10,7,164
2.5,15,10,8,164
2.5,15,10,9,165
2.5,15,10,10,165
2.5,15,10,11,166
2.5,15,10,12,166
2.5,15,10,13,167
2.5,15,10,14,167
2.5,15,10,15,168
2.5,15,11,0,161
2.5,15,11,1,161
2.5,15,11,2,162
2.5,15,11,3,162
2.5,15,11,4,163
2.5,15,11,5,163
2.5,15,11,6,164
2.5,15,11,7,164
2.5,15,11,8,165
2.5,15,11,9,165
2.5,15,11,10,166
2.5,15,11,11,166
2.5,15,11,12,167
2.5,15,11,13,167
2.5,15,11,14,168
2.5,15,11,15,168
2.5,15,12,0,161
2.5,15,12,1,162
2.5,15,12,2,162
2.5,15,12,3,163
2.5,15,12,4,163
2.5,15,12,5,164
2.5,15,12,6,164
2.5,15,12,7,165
2.5,15,12,8,165
2.5,15,12,9,166
2.5,15,12,10,166
2.5,15,12,11,167
2.5,15,12,12,167
2.5,15,12,13,168
2.5,15,12,14,168
2.5,15,12,15,169
2.5,15,13,0,162
2.5,15,13,1,162
2.5,15,13,2,163
2.5,15,13,3,163
2.5,15,13,4,164
2.5,15,13,5,164
2.5,15,13,6,165
2.5,15,13,7,165
2.5,15,13,8,166
2.5,15,13,9,166
2.5,15,13,10,167
2.5,15,13,11,167
2.5,15,13,12,168
2.5,15,13,13,168
2.5,15,13,14,169
2.5,15,13,15,169
2.5,15,14,0,162
2.5,15,14,1,163
2.5,15,14,2,163
2.5,15,14,3,164
2.5,15,14,4,164
2.5,15,14,5,165
2.5,15,14,6,165
2.5,15,14,7,166
2.5,15,14,8,166
2.5,15,14,9,167
2.5,15,14,10,167
2.5,15,14,11,168
2.5,15,14,12,169
2.5,15,14,13,169
2.5,15,14,14,170
2.5,15,14,15,170
2.5,15,15,0,163
2.5,15,15,1,163
2.5,15,15,2,164
2.5,15,15,3,164
2.5,15,15,4,165
2.5,15,15,5,165
2.5,15,15,6,166
2.5,15,15,7,166
2.5,15,15,8,167
2.5,15,15,9,167
2.5,15,15,10,168
2.5,15,15,11,169
2.5,15,15,12,169
2.5,15,15,13,170
2.5,15,15,14,170
2.5,15,15,15,171
3.0,0,0,0,184
3.0,0,0,1,185
3.0,0,0,2,185
3.0,0,0,3,186
3.0,0,0,4,186
3.0,0,0,5,187
3.0,0,0,6,188
3.0,0,0,7,188
3.0,0,0,8,189
3.0,0,0,9,189
3.0,0,0,10,190
3.0,0,0,11,191
3.0,0,0,12,191
3.0,0,0,13,192
3.0,0,0,14,192
3.0,0,0,15,193
3.0,0,1,0,185
3.0,0,1,1,185
3.0,0,1,2,186
3.0,0,1,3,187
3.0,0,1,4,187
3.0,0,1,5,188
3.0,0,1,6,188
3.0,0,1,7,189
3.0,0,1,8,189
3.0,0,1,9,190
3.0,0,1,10,191
3.0,0,1,11,191
3.0,0,1,12,192
3.0,0,1,13,192
3.0,0,1,14,193
3.0,0,1,15,193
3.0,0,2,0,185
3.0,0,2,1,186
3.0,0,2,2,187
3.0,0,2,3,187
3.0,0,2,4,188
3.0,0,2,5,188
3.0,0,2,6,189
3.0,0,2,7,189
3.0,0,2,8,190
3.0,0,2,9,191
3.0,0,2,10,191
3.0,0,2,11,192
3.0,0,2,12,192
3.0,0,2,13,193
3.0,0,2,14,194
3.0,0,2,15,194
3.0,0,3,0,186
3.0,0,3,1,187
3.0,0,3,2,187
3.0,0,3,3,188
3.0,0,3,4,188
3.0,0,3,5,189
3.0,0,3,6,190
3.0,0,3,7,190
3.0,0,3,8,191
3.0,0,3,9,191
3.0,0,3,10,192
3.0,0,3,11,192
3.0,0,3,12,193
3.0,0,3,13,194
3.0,0,3,14,194
3.0,0,3,15,195
3.0,0,4,0,187
3.0,0,4,1,187
3.0,0,4,2,188
3.0,0,4,3,188
3.0,0,4,4,189
3.0,0,4,5,190
3.0,0,4,6,190
3.0,0,4,7,191
3.0,0,4,8,191
3.0,0,4,9,192
3.0,0,4,10,193
3.0,0,4,11,193
3.0,0,4,12,194
3.0,0,4,13,194
3.0,0,4,14,195
3.0,0,4,15,195
3.0,0,5,0,187
3.0,0,5,1,188
3.0,0,5,2,188
3.0,0,5,3,189
3.0,0,5,4,190
3.0,0,5,5,190
3.0,0,5,6,191
3.0,0,5,7,191
3.0,0,5,8,192
3.0,0,5,9,193
3.0,0,5,10,193
3.0,0,5,11,194
3.0,0,5,12,194
3.0,0,5,13,195
3.0,0,5,14,195
3.0,0,5,15,196
3.0,0,6,0,188
3.0,0,6,1,188
3.0,0,6,2,189
3.0,0,6,3,190
3.0,0,6,4,190
3.0,0,6,5,191
3.0,0,6,6,191
3.0,0,6,7,192
3.0,0,6,8,193
3.0,0,6,9,193
3.0,0,6,10,194
3.0,0,6,11,194
3.0,0,6,12,195
3.0,0,6,13,196
3.0,0,6,14,196
3.0,0,6,15,197
3.0,0,7,0,188
3.0,0,7,1,189
3.0,0,7,2,190
3.0,0,7,3,190
3.0,0,7,4,191
3.0,0,7,5,191
3.0,0,7,6,192
3.0,0,7,7,193
3.0,0,7,8,193
3.0,0,7,9,194
3.0,0,7,10,194
3.0,0,7,11,195
3.0,0,7,12,196
3.0,0,7,13,196
3.0,0,7,14,197
3.0,0,7,15,197
3.0,0,8,0,189
3.0,0,8,1,190
3.0,0,8,2,190
3.0,0,8,3,191
3.0,0,8,4,191
3.0,0,8,5,192
3.0,0,8,6,193
3.0,0,8,7,193
3.0,0,8,8,194
3.0,0,8,9,194
3.0,0,8,10,195
3.0,0,8,11,196
3.0,0,8,12,196
3.0,0,8,13,197
3.0,0,8,14,197
3.0,0,8,15,198
3.0,0,9,0,190
3.0,0,9,1,190
3.0,0,9,2,191
3.0,0,9,3,191
3.0,0,9,4,192
3.0,0,9,5,193
3.0,0,9,6,193
3.0,0,9,7,194
3.0,0,9,8,194
3.0,0,9,9,195
3.0,0,9,10,196
3.0,0,9,11,196
3.0,0,9,12,197
3.0,0,9,13,197
3.0,0,9,14,198
3.0,0,9,15,199
3.0,0,10,0,190
3.0,0,10,1,191
3.0,0,10,2,191
3.0,0,10,3,192
3.0,0,10,4,193
3.0,0,10,5,193
3.0,0,10,6,194
3.0,0,10,7,194
3.0,0,10,8,195
3.0,0,10,9,196
3.0,0,10,10,196
3.0,0,10,11,197
3.0,0,10,12,197
3.0,0,10,13,198
3.0,0,10,14,199
3.0,0,10,15,199
3.0,0,11,0,191
3.0,0,11,1,191
3.0,0,11,2,192
3.0,0,11,3,193
3.0,0,11,4,193
3.0,0,11,5,194
3.0,0,11,6,194
3.0,0,11,7,195
3.0,0,11,8,196
3.0,0,11,9,196
3.0,0,11,10,197
3.0,0,11,11,197
3.0,0,11,12,198
3.0,0,11,13,199
3.0,0,11,14,199
3.0,0,11,15,200
3.0,0,12,0,191
3.0,0,12,1,192
3.0,0,12,2,193
3.0,0,12,3,193
3.0,0,12,4,194
3.0,0,12,5,194
3.0,0,12,6,195
3.0,0,12,7,196
3.0,0,12,8,196
3.0,0,12,9,197
3.0,0,12,10,197
3.0,0,12,11,198
3.0,0,12,12,199
3.0,0,12,13,199
3.0,0,12,14,200
3.0,0,12,15,200
3.0,0,13,0,192
3.0,0,13,1,193
3.0,0,13,2,193
3.0,0,13,3,194
3.0,0,13,4,194
3.0,0,13,5,195
3.0,0,13,6,196
3.0,0,13,7,196
3.0,0,13,8,197
3.0,0,13,9,197
3.0,0,13,10,198
3.0,0,13,11,199
3.0,0,13,12,199
3.0,0,13,13,200
3.0,0,13,14,200
3.0,0,13,15,201
3.0,0,14,0,193
3.0,0,14,1,193
3.0,0,14,2,194
3.0,0,14,3,194
3.0,0,14,4,195
3.0,0,14,5,196
3.0,0,14,6,196
3.0,0,14,7,197
3.0,0,14,8,197
3.0,0,14,9,198
3.0,0,14,10,199
3.0,0,14,11,199
3.0,0,14,12,200
3.0,0,14,13,201
3.0,0,14,14,201
3.0,0,14,15,202
3.0,0,15,0,193
3.0,0,15,1,194
3.0,0,15,2,194
3.0,0,15,3,195
3.0,0,15,4,196
3.0,0,15,5,196
3.0,0,15,6,197
3.0,0,15,7,197
3.0,0,15,8,198
3.0,0,15,9,199
3.0,0,15,10,199
3.0,0,15,11,200
3.0,0,15,12,201
3.0,0,15,13,201
3.0,0,15,14,202
3.0,0,15,15,202
3.0,1,0,0,185
3.0,1,0,1,185
3.0,1,0,2,186
3.0,1,0,3,187
3.0,1,0,4,187
3.0,1,0,5,188
3.0,1,0,6,188
3.0,1,0,7,189
3.0,1,0,8,190
3.0,1,0,9,190
3.0,1,0,10,191
3.0,1,0,11,191
3.0,1,0,12,192
3.0,1,0,13,192
3.0,1,0,14,193
3.0,1,0,15,194
3.0,1,1,0,185
3.0,1,1,1,186
3.0,1,1,2,187
3.0,1,1,3,187
3.0,1,1,4,188
3.0,1,1,5,188
3.0,1,1,6,189
3.0,1,1,7,190
3.0,1,1,8,190
3.0,1,1,9,191
3.0,1,1,10,191
3.0,1,1,11,192
3.0,1,1,12,192
3.0,1,1,13,193
3.0,1,1,14,194
3.0,1,1,15,194
3.0,1,2,0,186
3.0,1,2,1,187
3.0,1,2,2,187
3.0,1,2,3,188
3.0,1,2,4,188
3.0,1,2,5,189
3.0,1,2,6,190
3.0,1,2,7,190
3.0,1,2,8,191
3.0,1,2,9,191
3.0,1,2,10,192
3.0,1,2,11,193
3.0,1,2,12,193
3.0,1,2,13,194
3.0,1,2,14,194
3.0,1,2,15,195
3.0,1,3,0,187
3.0,1,3,1,187
3.0,1,3,2,188
3.0,1,3,3,188
3.0,1,3,4,189
3.0,1,3,5,190
3.0,1,3,6,190
3.0,1,3,7,191
3.0,1,3,8,191
3.0,1,3,9,192
3.0,1,3,10,193
3.0,1,3,11,193
3.0,1,3,12,194
3.0,1,3,13,194
3.0,1,3,14,195
3.0,1,3,15,196
3.0,1,4,0,187
3.0,1,4,1,188
3.0,1,4,2,188
3.0,1,4,3,189
3.0,1,4,4,190
3.0,1,4,5,190
3.0,1,4,6,191
3.0,1,4,7,191
3.0,1,4,8,192
3.0,1,4,9,193
3.0,1,4,10,193
3.0,1,4,11,194
3.0,1,4,12,194
3.0,1,4,13,195
3.0,1,4,14,196
3.0,1,4,15,196
3.0,1,5,0,188
3.0,1,5,1,188
3.0,1,5,2,189
3.0,1,5,3,190
3.0,1,5,4,190
3.0,1,5,5,191
3.0,1,5,6,192
3.0,1,5,7,192
3.0,1,5,8,193
3.0,1,5,9,193
3.0,1,5,10,194
3.0,1,5,11,194
3.0,1,5,12,195
3.0,1,5,13,196
3.0,1,5,14,196
3.0,1,5,15,197
3.0,1,6,0,189
3.0,1,6,1,189
3.0,1,6,2,190
3.0,1,6,3,190
3.0,1,6,4,191
3.0,1,6,5,192
3.0,1,6,6,192
3.0,1,6,7,193
3.0,1,6,8,193
3.0,1,6,9,194
3.0,1,6,10,195
3.0,1,6,11,195
3.0,1,6,12,196
3.0,1,6,13,196
3.0,1,6,14,197
3.0,1,6,15,197
3.0,1,7,0,189
3.0,1,7,1,190
3.0,1,7,2,190
3.0,1,7,3,191
3.0,1,7,4,192
3.0,1,7,5,192
3.0,1,7,6,193
3.0,1,7,7,193
3.0,1,7,8,194
3.0,1,7,9,195
3.0,1,7,10,195
3.0,1,7,11,196
3.0,1,7,12,196
3.0,1,7,13,197
3.0,1,7,14,197
3.0,1,7,15,198
3.0,1,8,0,190
3.0,1,8,1,190
3.0,1,8,2,191
3.0,1,8,3,192
3.0,1,8,4,192
3.0,1,8,5,193
3.0,1,8,6,193
3.0,1,8,7,194
3.0,1,8,8,195
3.0,1,8,9,195
3.0,1,8,10,196
3.0,1,8,11,196
3.0,1,8,12,197
3.0,1,8,13,198
3.0,1,8,14,198
3.0,1,8,15,199
3.0,1,9,0,190
3.0,1,9,1,191
3.0,1,9,2,192
3.0,1,9,3,192
3.0,1,9,4,193
3.0,1,9,5,193
3.0,1,9,6,194
3.0,1,9,7,195
3.0,1,9,8,195
3.0,1,9,9,196
3.0,1,9,10,196
3.0,1,9,11,197
3.0,1,9,12,198
3.0,1,9,13,198
3.0,1,9,14,199
3.0,1,9,15,199
3.0,1,10,0,191
3.0,1,10,1,192
3.0,1,10,2,192
3.0,1,10,3,193
3.0,1,10,4,193
3.0,1,10,5,194
3.0,1,10,6,195
3.0,1,10,7,195
3.0,1,10,8,196
3.0,1,10,9,196
3.0,1,10,10,197
3.0,1,10,11,198
3.0,1,10,12,198
3.0,1,10,13,199
3.0,1,10,14,199
3.0,1,10,15,200
3.0,1,11,0,192
3.0,1,11,1,192
3.0,1,11,2,193
3.0,1,11,3,193
3.0,1,11,4,194
3.0,1,11,5,195
3.0,1,11,6,195
3.0,1,11,7,196
3.0,1,11,8,196
3.0,1,11,9,197
3.0,1,11,10,198
3.0,1,11,11,198
3.0,1,11,12,199
3.0,1,11,13,199
3.0,1,11,14,200
3.0,1,11,15,201
3.0,1,12,0,192
3.0,1,12,1,193
3.0,1,12,2,193
3.0,1,12,3,194
3.0,1,12,4,195
3.0,1,12,5,195
3.0,1,12,6,196
3.0,1,12,7,196
3.0,1,12,8,197
3.0,1,12,9,198
3.0,1,12,10,198
3.0,1,12,11,199
3.0,1,12,12,199
3.0,1,12,13,200
3.0,1,12,14,201
3.0,1,12,15,201
3.0,1,13,0,193
3.0,1,13,1,193
3.0,1,13,2,194
3.0,1,13,3,195
3.0,1,13,4,195
3.0,1,13,5,196
3.0,1,13,6,196
3.0,1,13,7,197
3.0,1,13,8,198
3.0,1,13,9,198
3.0,1,13,10,199
3.0,1,13,11,199
3.0,1,13,12,200
3.0,1,13,13,201
3.0,1,13,14,201
3.0,1,13,15,202
3.0,1,14,0,193
3.0,1,14,1,194
3.0,1,14,2,195
3.0,1,14,3,195
3.0,1,14,4,196
3.0,1,14,5,196
3.0,1,14,6,197
3.0,1,14,7,198
3.0,1,14,8,198
3.0,1,14,9,199
3.0,1,14,10,199
3.0,1,14,11,200
3.0,1,14,12,201
3.0,1,14,13,201
3.0,1,14,14,202
3.0,1,14,15,202
3.0,1,15,0,194
3.0,1,15,1,195
3.0,1,15,2,195
3.0,1,15,3,196
3.0,1,15,4,196
3.0,1,15,5,197
3.0,1,15,6,198
3.0,1,15,7,198
3.0,1,15,8,199
3.0,1,15,9,199
3.0,1,15,10,200
3.0,1,15,11,201
3.0,1,15,12,201
3.0,1,15,13,202
3.0,1,15,14,203
3.0,1,15,15,203
3.0,2,0,0,186
3.0,2,0,1,186
3.0,2,0,2,187
3.0,2,0,3,187
3.0,2,0,4,188
3.0,2,0,5,188
3.0,2,0,6,189
3.0,2,0,7,190
3.0,2,0,8,190
3.0,2,0,9,191
3.0,2,0,10,191
3.0,2,0,11,192
3.0,2,0,12,193
3.0,2,0,13,193
3.0,2,0,14,194
3.0,2,0,15,194
3.0,2,1,0,186
3.0,2,1,1,187
3.0,2,1,2,187
3.0,2,1,3,188
3.0,2,1,4,189
3.0,2,1,5,189
3.0,2,1,6,190
3.0,2,1,7,190
3.0,2,1,8,191
3.0,2,1,9,191
3.0,2,1,10,192
3.0,2,1,11,193
3.0,2,1,12,193
3.0,2,1,13,194
3.0,2,1,14,194
3.0,2,1,15,195
3.0,2,2,0,187
3.0,2,2,1,187
3.0,2,2,2,188
3.0,2,2,3,189
3.0,2,2,4,189
3.0,2,2,5,190
3.0,2,2,6,190
3.0,2,2,7,191
3.0,2,2,8,192
3.0,2,2,9,192
3.0,2,2,10,193
3.0,2,2,11,193
3.0,2,2,12,194
3.0,2,2,13,194
3.0,2,2,14,195
3.0,2,2,15,196
3.0,2,3,0,187
3.0,2,3,1,188
3.0,2,3,2,189
3.0,2,3,3,189
3.0,2,3,4,190
3.0,2,3,5,190
3.0,2,3,6,191
3.0,2,3,7,192
3.0,2,3,8,192
3.0,2,3,9,193
3.0,2,3,10,193
3.0,2,3,11,194
3.0,2,3,12,195
3.0,2,3,13,195
3.0,2,3,14,196
3.0,2,3,15,196
3.0,2,4,0,188
3.0,2,4,1,189
3.0,2,4,2,189
3.0,2,4,3,190
3.0,2,4,4,190
3.0,2,4,5,191
3.0,2,4,6,192
3.0,2,4,7,192
3.0,2,4,8,193
3.0,2,4,9,193
3.0,2,4,10,194
3.0,2,4,11,195
3.0,2,4,12,195
3.0,2,4,13,196
3.0,2,4,14,196
3.0,2,4,15,197
3.0,2,5,0,189
3.0,2,5,1,189
3.0,2,5,2,190
3.0,2,5,3,190
3.0,2,5,4,191
3.0,2,5,5,192
3.0,2,5,6,192
3.0,2,5,7,193
3.0,2,5,8,193
3.0,2,5,9,194
3.0,2,5,10,195
3.0,2,5,11,195
3.0,2,5,12,196
3.0,2,5,13,196
3.0,2,5,14,197
3.0,2,5,15,198
3.0,2,6,0,189
3.0,2,6,1,190
3.0,2,6,2,190
3.0,2,6,3,191
3.0,2,6,4,192
3.0,2,6,5,192
3.0,2,6,6,193
3.0,2,6,7,193
3.0,2,6,8,194
3.0,2,6,9,195
3.0,2,6,10,195
3.0,2,6,11,196
3.0,2,6,12,196
3.0,2,6,13,197
3.0,2,6,14,198
3.0,2,6,15,198
3.0,2,7,0,190
3.0,2,7,1,190
3.0,2,7,2,191
3.0,2,7,3,192
3.0,2,7,4,192
3.0,2,7,5,193
3.0,2,7,6,193
3.0,2,7,7,194
3.0,2,7,8,195
3.0,2,7,9,195
3.0,2,7,10,196
3.0,2,7,11,196
3.0,2,7,12,197
3.0,2,7,13,198
3.0,2,7,14,198
3.0,2,7,15,199
3.0,2,8,0,190
3.0,2,8,1,191
3.0,2,8,2,192
3.0,2,8,3,192
3.0,2,8,4,193
3.0,2,8,5,193
3.0,2,8,6,194
3.0,2,8,7,195
3.0,2,8,8,195
3.0,2,8,9,196
3.0,2,8,10,197
3.0,2,8,11,197
3.0,2,8,12,198
3.0,2,8,13,198
3.0,2,8,14,199
3.0,2,8,15,199
3.0,2,9,0,191
3.0,2,9,1,192
3.0,2,9,2,192
3.0,2,9,3,193
3.0,2,9,4,194
3.0,2,9,5,194
3.0,2,9,6,195
3.0,2,9,7,195
3.0,2,9,8,196
3.0,2,9,9,197
3.0,2,9,10,197
3.0,2,9,11,198
3.0,2,9,12,198
3.0,2,9,13,199
3.0,2,9,14,200
3.0,2,9,15,200
3.0,2,10,0,192
3.0,2,10,1,192
3.0,2,10,2,193
3.0,2,10,3,194
3.0,2,10,4,194
3.0,2,10,5,195
3.0,2,10,6,195
3.0,2,10,7,196
3.0,2,10,8,197
3.0,2,10,9,197
3.0,2,10,10,198
3.0,2,10,11,198
3.0,2,10,12,199
3.0,2,10,13,200
3.0,2,10,14,200
3.0,2,10,15,201
3.0,2,11,0,192
3.0,2,11,1,193
3.0,2,11,2,193
3.0,2,11,3,194
3.0,2,11,4,195
3.0,2,11,5,195
3.0,2,11,6,196
3.0,2,11,7,197
3.0,2,11,8,197
3.0,2,11,9,198
3.0,2,11,10,198
3.0,2,11,11,199
3.0,2,11,12,200
3.0,2,11,13,200
3.0,2,11,14,201
3.0,2,11,15,201
3.0,2,12,0,193
3.0,2,12,1,193
3.0,2,12,2,194
3.0,2,12,3,195
3.0,2,12,4,195
3.0,2,12,5,196
3.0,2,12,6,197
3.0,2,12,7,197
3.0,2,12,8,198
3.0,2,12,9,198
3.0,2,12,10,199
3.0,2,12,11,200
3.0,2,12,12,200
3.0,2,12,13,201
3.0,2,12,14,201
3.0,2,12,15,202
3.0,2,13,0,193
3.0,2,13,1,194
3.0,2,13,2,195
3.0,2,13,3,195
3.0,2,13,4,196
3.0,2,13,5,197
3.0,2,13,6,197
3.0,2,13,7,198
3.0,2,13,8,198
3.0,2,13,9,199
3.0,2,13,10,200
3.0,2,13,11,200
3.0,2,13,12,201
3.0,2,13,13,201
3.0,2,13,14,202
3.0,2,13,15,203
3.0,2,14,0,194
3.0,2,14,1,195
3.0,2,14,2,195
3.0,2,14,3,196
3.0,2,14,4,197
3.0,2,14,5,197
3.0,2,14,6,198
3.0,2,14,7,198
3.0,2,14,8,199
3.0,2,14,9,200
3.0,2,14,10,200
3.0,2,14,11,201
3.0,2,14,12,201
3.0,2,14,13,202
3.0,2,14,14,203
3.0,2,14,15,203
3.0,2,15,0,195
3.0,2,15,1,195
3.0,2,15,2,196
3.0,2,15,3,197
3.0,2,15,4,197
3.0,2,15,5,198
3.0,2,15,6,198
3.0,2,15,7,199
3.0,2,15,8,200
3.0,2,15,9,200
3.0,2,15,10,201
3.0,2,15,11,201
3.0,2,15,12,202
3.0,2,15,13,203
3.0,2,15,14,203
3.0,2,15,15,204
3.0,3,0,0,186
3.0,3,0,1,187
3.0,3,0,2,187
3.0,3,0,3,188
3.0,3,0,4,189
3.0,3,0,5,189
3.0,3,0,6,190
3.0,3,0,7,190
3.0,3,0,8,191
3.0,3,0,9,192
3.0,3,0,10,192
3.0,3,0,11,193
3.0,3,0,12,193
3.0,3,0,13,194
3.0,3,0,14,194
3.0,3,0,15,195
3.0,3,1,0,187
3.0,3,1,1,187
3.0,3,1,2,188
3.0,3,1,3,189
3.0,3,1,4,189
3.0,3,1,5,190
3.0,3,1,6,190
3.0,3,1,7,191
3.0,3,1,8,192
3.0,3,1,9,192
3.0,3,1,10,193
3.0,3,1,11,193
3.0,3,1,12,194
3.0,3,1,13,195
3.0,3,1,14,195
3.0,3,1,15,196
3.0,3,2,0,187
3.0,3,2,1,188
3.0,3,2,2,189
3.0,3,2,3,189
3.0,3,2,4,190
3.0,3,2,5,190
3.0,3,2,6,191
3.0,3,2,7,192
3.0,3,2,8,192
3.0,3,2,9,193
3.0,3,2,10,193
3.0,3,2,11,194
3.0,3,2,12,195
3.0,3,2,13,195
3.0,3,2,14,196
3.0,3,2,15,196
3.0,3,3,0,188
3.0,3,3,1,189
3.0,3,3,2,189
3.0,3,3,3,190
3.0,3,3,4,191
3.0,3,3,5,191
3.0,3,3,6,192
3.0,3,3,7,192
3.0,3,3,8,193
3.0,3,3,9,193
3.0,3,3,10,194
3.0,3,3,11,195
3.0,3,3,12,195
3.0,3,3,13,196
3.0,3,3,14,196
3.0,3,3,15,197
3.0,3,4,0,189
3.0,3,4,1,189
3.0,3,4,2,190
3.0,3,4,3,191
3.0,3,4,4,191
3.0,3,4,5,192
3.0,3,4,6,192
3.0,3,4,7,193
3.0,3,4,8,194
3.0,3,4,9,194
3.0,3,4,10,195
3.0,3,4,11,195
3.0,3,4,12,196
3.0,3,4,13,196
3.0,3,4,14,197
3.0,3,4,15,198
3.0,3,5,0,189
3.0,3,5,1,190
3.0,3,5,2,191
3.0,3,5,3,191
3.0,3,5,4,192
3.0,3,5,5,192
3.0,3,5,6,193
3.0,3,5,7,194
3.0,3,5,8,194
3.0,3,5,9,195
3.0,3,5,10,195
3.0,3,5,11,196
3.0,3,5,12,197
3.0,3,5,13,197
3.0,3,5,14,198
3.0,3,5,15,198
3.0,3,6,0,190
3.0,3,6,1,191
3.0,3,6,2,191
3.0,3,6,3,192
3.0,3,6,4,192
3.0,3,6,5,193
3.0,3,6,6,194
3.0,3,6,7,194
3.0,3,6,8,195
3.0,3,6,9,195
3.0,3,6,10,196
3.0,3,6,11,197
3.0,3,6,12,197
3.0,3,6,13,198
3.0,3,6,14,198
3.0,3,6,15,199
3.0,3,7,0,191
3.0,3,7,1,191
3.0,3,7,2,192
3.0,3,7,3,192
3.0,3,7,4,193
3.0,3,7,5,194
3.0,3,7,6,194
3.0,3,7,7,195
3.0,3,7,8,195
3.0,3,7,9,196
3.0,3,7,10,197
3.0,3,7,11,197
3.0,3,7,12,198
3.0,3,7,13,198
3.0,3,7,14,199
3.0,3,7,15,200
3.0,3,8,0,191
3.0,3,8,1,192
3.0,3,8,2,192
3.0,3,8,3,193
3.0,3,8,4,194
3.0,3,8,5,194
3.0,3,8,6,195
3.0,3,8,7,195
3.0,3,8,8,196
3.0,3,8,9,197
3.0,3,8,10,197
3.0,3,8,11,198
3.0,3,8,12,198
3.0,3,8,13,199
3.0,3,8,14,200
3.0,3,8,15,200
3.0,3,9,0,192
3.0,3,9,1,192
3.0,3,9,2,193
3.0,3,9,3,194
3.0,3,9,4,194
3.0,3,9,5,195
3.0,3,9,6,195
3.0,3,9,7,196
3.0,3,9,8,197
3.0,3,9,9,197
3.0,3,9,10,198
3.0,3,9,11,198
3.0,3,9,12,199
3.0,3,9,13,200
3.0,3,9,14,200
3.0,3,9,15,201
3.0,3,10,0,192
3.0,3,10,1,193
3.0,3,10,2,194
3.0,3,10,3,194
3.0,3,10,4,195
3.0,3,10,5,195
3.0,3,10,6,196
3.0,3,10,7,197
3.0,3,10,8,197
3.0,3,10,9,198
3.0,3,10,10,199
3.0,3,10,11,199
3.0,3,10,12,200
3.0,3,10,13,200
3.0,3,10,14,201
3.0,3,10,15,202
3.0,3,11,0,193
3.0,3,11,1,194
3.0,3,11,2,194
3.0,3,11,3,195
3.0,3,11,4,195
3.0,3,11,5,196
3.0,3,11,6,197
3.0,3,11,7,197
3.0,3,11,8,198
3.0,3,11,9,199
3.0,3,11,10,199
3.0,3,11,11,200
3.0,3,11,12,200
3.0,3,11,13,201
3.0,3,11,14,202
3.0,3,11,15,202
3.0,3,12,0,194
3.0,3,12,1,194
3.0,3,12,2,195
3.0,3,12,3,195
3.0,3,12,4,196
3.0,3,12,5,197
3.0,3,12,6,197
3.0,3,12,7,198
3.0,3,12,8,199
3.0,3,12,9,199
3.0,3,12,10,200
3.0,3,12,11,200
3.0,3,12,12,201
3.0,3,12,13,202
3.0,3,12,14,202
3.0,3,12,15,203
3.0,3,13,0,194
3.0,3,13,1,195
3.0,3,13,2,195
3.0,3,13,3,196
3.0,3,13,4,197
3.0,3,13,5,197
3.0,3,13,6,198
3.0,3,13,7,199
3.0,3,13,8,199
3.0,3,13,9,200
3.0,3,13,10,200
3.0,3,13,11,201
3.0,3,13,12,202
3.0,3,13,13,202
3.0,3,13,14,203
3.0,3,13,15,203
3.0,3,14,0,195
3.0,3,14,1,195
3.0,3,14,2,196
3.0,3,14,3,197
3.0,3,14,4,197
3.0,3,14,5,198
3.0,3,14,6,199
3.0,3,14,7,199
3.0,3,14,8,200
3.0,3,14,9,200
3.0,3,14,10,201
3.0,3,14,11,202
3.0,3,14,12,202
3.0,3,14,13,203
3.0,3,14,14,203
3.0,3,14,15,204
3.0,3,15,0,195
3.0,3,15,1,196
3.0,3,15,2,197
3.0,3,15,3,197
3.0,3,15,4,198
3.0,3,15,5,199
3.0,3,15,6,199
3.0,3,15,7,200
3.0,3,15,8,200
3.0,3,15,9,201
3.0,3,15,10,202
3.0,3,15,11,202
3.0,3,15,12,203
3.0,3,15,13,203
3.0,3,15,14,204
3.0,3,15,15,205
3.0,4,0,0,187
3.0,4,0,1,188
3.0,4,0,2,188
3.0,4,0,3,189
3.0,4,0,4,189
3.0,4,0,5,190
3.0,4,0,6,191
3.0,4,0,7,191
3.0,4,0,8,192
3.0,4,0,9,192
3.0,4,0,10,193
3.0,4,0,11,193
3.0,4,0,12,194
3.0,4,0,13,195
3.0,4,0,14,195
3.0,4,0,15,196
3.0,4,1,0,188
3.0,4,1,1,188
3.0,4,1,2,189
3.0,4,1,3,189
3.0,4,1,4,190
3.0,4,1,5,191
3.0,4,1,6,191
3.0,4,1,7,192
3.0,4,1,8,192
3.0,4,1,9,193
3.0,4,1,10,194
3.0,4,1,11,194
3.0,4,1,12,195
3.0,4,1,13,195
3.0,4,1,14,196
3.0,4,1,15,196
3.0,4,2,0,188
3.0,4,2,1,189
3.0,4,2,2,189
3.0,4,2,3,190
3.0,4,2,4,191
3.0,4,2,5,191
3.0,4,2,6,192
3.0,4,2,7,192
3.0,4,2,8,193
3.0,4,2,9,194
3.0,4,2,10,194
3.0,4,2,11,195
3.0,4,2,12,195
3.0,4,2,13,196
3.0,4,2,14,197
3.0,4,2,15,197
3.0,4,3,0,189
3.0,4,3,1,189
3.0,4,3,2,190
3.0,4,3,3,191
3.0,4,3,4,191
3.0,4,3,5,192
3.0,4,3,6,192
3.0,4,3,7,193
3.0,4,3,8,194
3.0,4,3,9,194
3.0,4,3,10,195
3.0,4,3,11,195
3.0,4,3,12,196
3.0,4,3,13,197
3.0,4,3,14,197
3.0,4,3,15,198
3.0,4,4,0,189
3.0,4,4,1,190
3.0,4,4,2,191
3.0,4,4,3,191
3.0,4,4,4,192
3.0,4,4,5,192
3.0,4,4,6,193
3.0,4,4,7,194
3.0,4,4,8,194
3.0,4,4,9,195
3.0,4,4,10,195
3.0,4,4,11,196
3.0,4,4,12,197
3.0,4,4,13,197
3.0,4,4,14,198
3.0,4,4,15,198
3.0,4,5,0,190
3.0,4,5,1,191
3.0,4,5,2,191
3.0,4,5,3,192
3.0,4,5,4,192
3.0,4,5,5,193
3.0,4,5,6,194
3.0,4,5,7,194
3.0,4,5,8,195
3.0,4,5,9,196
3.0,4,5,10,196
3.0,4,5,11,197
3.0,4,5,12,197
3.0,4,5,13,198
3.0,4,5,14,198
3.0,4,5,15,199
3.0,4,6,0,191
3.0,4,6,1,191
3.0,4,6,2,192
3.0,4,6,3,193
3.0,4,6,4,193
3.0,4,6,5,194
3.0,4,6,6,194
3.0,4,6,7,195
3.0,4,6,8,196
3.0,4,6,9,196
3.0,4,6,10,197
3.0,4,6,11,197
3.0,4,6,12,198
3.0,4,6,13,199
3.0,4,6,14,199
3.0,4,6,15,200
3.0,4,7,0,191
3.0,4,7,1,192
3.0,4,7,2,193
3.0,4,7,3,193
3.0,4,7,4,194
3.0,4,7,5,194
3.0,4,7,6,195
3.0,4,7,7,196
3.0,4,7,8,196
3.0,4,7,9,197
3.0,4,7,10,197
3.0,4,7,11,198
3.0,4,7,12,199
3.0,4,7,13,199
3.0,4,7,14,200
3.0,4,7,15,200
3.0,4,8,0,192
3.0,4,8,1,193
3.0,4,8,2,193
3.0,4,8,3,194
3.0,4,8,4,194
3.0,4,8,5,195
3.0,4,8,6,196
3.0,4,8,7,196
3.0,4,8,8,197
3.0,4,8,9,197
3.0,4,8,10,198
3.0,4,8,11,199
3.0,4,8,12,199
3.0,4,8,13,200
3.0,4,8,14,200
3.0,4,8,15,201
3.0,4,9,0,193
3.0,4,9,1,193
3.0,4,9,2,194
3.0,4,9,3,194
3.0,4,9,4,195
3.0,4,9,5,196
3.0,4,9,6,196
3.0,4,9,7,197
3.0,4,9,8,197
3.0,4,9,9,198
3.0,4,9,10,199
3.0,4,9,11,199
3.0,4,9,12,200
3.0,4,9,13,200
3.0,4,9,14,201
3.0,4,9,15,202
3.0,4,10,0,193
3.0,4,10,1,194
3.0,4,10,2,194
3.0,4,10,3,195
3.0,4,10,4,196
3.0,4,10,5,196
3.0,4,10,6,197
3.0,4,10,7,197
3.0,4,10,8,198
3.0,4,10,9,199
3.0,4,10,10,199
3.0,4,10,11,200
3.0,4,10,12,200
3.0,4,10,13,201
3.0,4,10,14,202
3.0,4,10,15,202
3.0,4,11,0,194
3.0,4,11,1,194
3.0,4,11,2,195
3.0,4,11,3,196
3.0,4,11,4,196
3.0,4,11,5,197
3.0,4,11,6,197
3.0,4,11,7,198
3.0,4,11,8,199
3.0,4,11,9,199
3.0,4,11,10,200
3.0,4,11,11,200
3.0,4,11,12,201
3.0,4,11,13,202
3.0,4,11,14,202
3.0,4,11,15,203
3.0,4,12,0,194
3.0,4,12,1,195
3.0,4,12,2,196
3.0,4,12,3,196
3.0,4,12,4,197
3.0,4,12,5,197
3.0,4,12,6,198
3.0,4,12,7,199
3.0,4,12,8,199
3.0,4,12,9,200
3.0,4,12,10,201
3.0,4,12,11,201
3.0,4,12,12,202
3.0,4,12,13,202
3.0,4,12,14,203
3.0,4,12,15,204
3.0,4,13,0,195
3.0,4,13,1,196
3.0,4,13,2,196
3.0,4,13,3,197
3.0,4,13,4,197
3.0,4,13,5,198
3.0,4,13,6,199
3.0,4,13,7,199
3.0,4,13,8,200
3.0,4,13,9,201
3.0,4,13,10,201
3.0,4,13,11,202
3.0,4,13,12,202
3.0,4,13,13,203
3.0,4,13,14,204
3.0,4,13,15,204
3.0,4,14,0,196
3.0,4,14,1,196
3.0,4,14,2,197
3.0,4,14,3,197
3.0,4,14,4,198
3.0,4,14,5,199
3.0,4,14,6,199
3.0,4,14,7,200
3.0,4,14,8,201
3.0,4,14,9,201
3.0,4,14,10,202
3.0,4,14,11,202
3.0,4,14,12,203
3.0,4,14,13,204
3.0,4,14,14,204
3.0,4,14,15,205
3.0,4,15,0,196
3.0,4,15,1,197
3.0,4,15,2,197
3.0,4,15,3,198
3.0,4,15,4,199
3.0,4,15,5,199
3.0,4,15,6,200
3.0,4,15,7,201
3.0,4,15,8,201
3.0,4,15,9,202
3.0,4,15,10,202
3.0,4,15,11,203
3.0,4,15,12,204
3.0,4,15,13,204
3.0,4,15,14,205
3.0,4,15,15,205
3.0,5,0,0,188
3.0,5,0,1,188
3.0,5,0,2,189
3.0,5,0,3,189
3.0,5,0,4,190
3.0,5,0,5,191
3.0,5,0,6,191
3.0,5,0,7,192
3.0,5,0,8,192
3.0,5,0,9,193
3.0,5,0,10,194
3.0,5,0,11,194
3.0,5,0,12,195
3.0,5,0,13,195
3.0,5,0,14,196
3.0,5,0,15,197
3.0,5,1,0,188
3.0,5,1,1,189
3.0,5,1,2,189
3.0,5,1,3,190
3.0,5,1,4,191
3.0,5,1,5,191
3.0,5,1,6,192
3.0,5,1,7,192
3.0,5,1,8,193
3.0,5,1,9,194
3.0,5,1,10,194
3.0,5,1,11,195
3.0,5,1,12,195
3.0,5,1,13,196
3.0,5,1,14,197
3.0,5,1,15,197
3.0,5,2,0,189
3.0,5,2,1,190
3.0,5,2,2,190
3.0,5,2,3,191
3.0,5,2,4,191
3.0,5,2,5,192
3.0,5,2,6,193
3.0,5,2,7,193
3.0,5,2,8,194
3.0,5,2,9,194
3.0,5,2,10,195
3.0,5,2,11,195
3.0,5,2,12,196
3.0,5,2,13,197
3.0,5,2,14,197
3.0,5,2,15,198
3.0,5,3,0,190
3.0,5,3,1,190
3.0,5,3,2,191
3.0,5,3,3,191
3.0,5,3,4,192
3.0,5,3,5,193
3.0,5,3,6,193
3.0,5,3,7,194
3.0,5,3,8,194
3.0,5,3,9,195
3.0,5,3,10,196
3.0,5,3,11,196
3.0,5,3,12,197
3.0,5,3,13,197
3.0,5,3,14,198
3.0,5,3,15,199
3.0,5,4,0,190
3.0,5,4,1,191
3.0,5,4,2,191
3.0,5,4,3,192
3.0,5,4,4,193
3.0,5,4,5,193
3.0,5,4,6,194
3.0,5,4,7,194
3.0,5,4,8,195
3.0,5,4,9,196
3.0,5,4,10,196
3.0,5,4,11,197
3.0,5,4,12,197
3.0,5,4,13,198
3.0,5,4,14,199
3.0,5,4,15,199
3.0,5,5,0,191
3.0,5,5,1,191
3.0,5,5,2,192
3.0,5,5,3,193
3.0,5,5,4,193
3.0,5,5,5,194
3.0,5,5,6,194
3.0,5,5,7,195
3.0,5,5,8,196
3.0,5,5,9,196
3.0,5,5,10,197
3.0,5,5,11,197
3.0,5,5,12,198
3.0,5,5,13,199
3.0,5,5,14,199
3.0,5,5,15,200
3.0,5,6,0,191
3.0,5,6,1,192
3.0,5,6,2,193
3.0,5,6,3,193
3.0,5,6,4,194
3.0,5,6,5,194
3.0,5,6,6,195
3.0,5,6,7,196
3.0,5,6,8,196
3.0,5,6,9,197
3.0,5,6,10,197
3.0,5,6,11,198
3.0,5,6,12,199
3.0,5,6,13,199
3.0,5,6,14,200
3.0,5,6,15,200
3.0,5,7,0,192
3.0,5,7,1,193
3.0,5,7,2,193
3.0,5,7,3,194
3.0,5,7,4,194
3.0,5,7,5,195
3.0,5,7,6,196
3.0,5,7,7,196
3.0,5,7,8,197
3.0,5,7,9,198
3.0,5,7,10,198
3.0,5,7,11,199
3.0,5,7,12,199
3.0,5,7,13,200
3.0,5,7,14,201
3.0,5,7,15,201
3.0,5,8,0,193
3.0,5,8,1,193
3.0,5,8,2,194
3.0,5,8,3,194
3.0,5,8,4,195
3.0,5,8,5,196
3.0,5,8,6,196
3.0,5,8,7,197
3.0,5,8,8,198
3.0,5,8,9,198
3.0,5,8,10,199
3.0,5,8,11,199
3.0,5,8,12,200
3.0,5,8,13,201
3.0,5,8,14,201
3.0,5,8,15,202
3.0,5,9,0,193
3.0,5,9,1,194
3.0,5,9,2,194
3.0,5,9,3,195
3.0,5,9,4,196
3.0,5,9,5,196
3.0,5,9,6,197
3.0,5,9,7,198
3.0,5,9,8,198
3.0,5,9,9,199
3.0,5,9,10,199
3.0,5,9,11,200
3.0,5,9,12,201
3.0,5,9,13,201
3.0,5,9,14,202
3.0,5,9,15,202
3.0,5,10,0,194
3.0,5,10,1,194
3.0,5,10,2,195
3.0,5,10,3,196
3.0,5,10,4,196
3.0,5,10,5,197
3.0,5,10,6,198
3.0,5,10,7,198
3.0,5,10,8,199
3.0,5,10,9,199
3.0,5,10,10,200
3.0,5,10,11,201
3.0,5,10,12,201
3.0,5,10,13,202
3.0,5,10,14,202
3.0,5,10,15,203
3.0,5,11,0,194
3.0,5,11,1,195
3.0,5,11,2,196
3.0,5,11,3,196
3.0,5,11,4,197
3.0,5,11,5,198
3.0,5,11,6,198
3.0,5,11,7,199
3.0,5,11,8,199
3.0,5,11,9,200
3.0,5,11,10,201
3.0,5,11,11,201
3.0,5,11,12,202
3.0,5,11,13,202
3.0,5,11,14,203
3.0,5,11,15,204
3.0,5,12,0,195
3.0,5,12,1,196
3.0,5,12,2,196
3.0,5,12,3,197
3.0,5,12,4,198
3.0,5,12,5,198
3.0,5,12,6,199
3.0,5,12,7,199
3.0,5,12,8,200
3.0,5,12,9,201
3.0,5,12,10,201
3.0,5,12,11,202
3.0,5,12,12,202
3.0,5,12,13,203
3.0,5,12,14,204
3.0,5,12,15,204
3.0,5,13,0,196
3.0,5,13,1,196
3.0,5,13,2,197
3.0,5,13,3,198
3.0,5,13,4,198
3.0,5,13,5,199
3.0,5,13,6,199
3.0,5,13,7,200
3.0,5,13,8,201
3.0,5,13,9,201
3.0,5,13,10,202
3.0,5,13,11,203
3.0,5,13,12,203
3.0,5,13,13,204
3.0,5,13,14,204
3.0,5,13,15,205
3.0,5,14,0,196
3.0,5,14,1,197
3.0,5,14,2,198
3.0,5,14,3,198
3.0,5,14,4,199
3.0,5,14,5,199
3.0,5,14,6,200
3.0,5,14,7,201
3.0,5,14,8,201
3.0,5,14,9,202
3.0,5,14,10,203
3.0,5,14,11,203
3.0,5,14,12,204
3.0,5,14,13,204
3.0,5,14,14,205
3.0,5,14,15,206
3.0,5,15,0,197
3.0,5,15,1,198
3.0,5,15,2,198
3.0,5,15,3,199
3.0,5,15,4,199
3.0,5,15,5,200
3.0,5,15,6,201
3.0,5,15,7,201
3.0,5,15,8,202
3.0,5,15,9,203
3.0,5,15,10,203
3.0,5,15,11,204
3.0,5,15,12,204
3.0,5,15,13,205
3.0,5,15,14,206
3.0,5,15,15,206
3.0,6,0,0,188
3.0,6,0,1,189
3.0,6,0,2,190
3.0,6,0,3,190
3.0,6,0,4,191
3.0,6,0,5,191
3.0,6,0,6,192
3.0,6,0,7,193
3.0,6,0,8,193
3.0,6,0,9,194
3.0,6,0,10,194
3.0,6,0,11,195
3.0,6,0,12,196
3.0,6,0,13,196
3.0,6,0,14,197
3.0,6,0,15,197
3.0,6,1,0,189
3.0,6,1,1,190
3.0,6,1,2,190
3.0,6,1,3,191
3.0,6,1,4,191
3.0,6,1,5,192
3.0,6,1,6,193
3.0,6,1,7,193
3.0,6,1,8,194
3.0,6,1,9,194
3.0,6,1,10,195
3.0,6,1,11,196
3.0,6,1,12,196
3.0,6,1,13,197
3.0,6,1,14,197
3.0,6,1,15,198
3.0,6,2,0,190
3.0,6,2,1,190
3.0,6,2,2,191
3.0,6,2,3,191
3.0,6,2,4,192
3.0,6,2,5,193
3.0,6,2,6,193
3.0,6,2,7,194
3.0,6,2,8,194
3.0,6,2,9,195
3.0,6,2,10,196
3.0,6,2,11,196
3.0,6,2,12,197
3.0,6,2,13,197
3.0,6,2,14,198
3.0,6,2,15,199
3.0,6,3,0,190
3.0,6,3,1,191
3.0,6,3,2,191
3.0,6,3,3,192
3.0,6,3,4,193
3.0,6,3,5,193
3.0,6,3,6,194
3.0,6,3,7,194
3.0,6,3,8,195
3.0,6,3,9,196
3.0,6,3,10,196
3.0,6,3,11,197
3.0,6,3,12,197
3.0,6,3,13,198
3.0,6,3,14,199
3.0,6,3,15,199
3.0,6,4,0,191
3.0,6,4,1,191
3.0,6,4,2,192
3.0,6,4,3,193
3.0,6,4,4,193
3.0,6,4,5,194
3.0,6,4,6,195
3.0,6,4,7,195
3.0,6,4,8,196
3.0,6,4,9,196
3.0,6,4,10,197
3.0,6,4,11,198
3.0,6,4,12,198
3.0,6,4,13,199
3.0,6,4,14,199
3.0,6,4,15,200
3.0,6,5,0,191
3.0,6,5,1,192
3.0,6,5,2,193
3.0,6,5,3,193
3.0,6,5,4,194
3.0,6,5,5,195
3.0,6,5,6,195
3.0,6,5,7,196
3.0,6,5,8,196
3.0,6,5,9,197
3.0,6,5,10,198
3.0,6,5,11,198
3.0,6,5,12,199
3.0,6,5,13,199
3.0,6,5,14,200
3.0,6,5,15,201
3.0,6,6,0,192
3.0,6,6,1,193
3.0,6,6,2,193
3.0,6,6,3,194
3.0,6,6,4,195
3.0,6,6,5,195
3.0,6,6,6,196
3.0,6,6,7,196
3.0,6,6,8,197
3.0,6,6,9,198
3.0,6,6,10,198
3.0,6,6,11,199
3.0,6,6,12,199
3.0,6,6,13,200
3.0,6,6,14,201
3.0,6,6,15,201
3.0,6,7,0,193
3.0,6,7,1,193
3.0,6,7,2,194
3.0,6,7,3,195
3.0,6,7,4,195
3.0,6,7,5,196
3.0,6,7,6,196
3.0,6,7,7,197
3.0,6,7,8,198
3.0,6,7,9,198
3.0,6,7,10,199
3.0,6,7,11,199
3.0,6,7,12,200
3.0,6,7,13,201
3.0,6,7,14,201
3.0,6,7,15,202
3.0,6,8,0,193
3.0,6,8,1,194
3.0,6,8,2,195
3.0,6,8,3,195
3.0,6,8,4,196
3.0,6,8,5,196
3.0,6,8,6,197
3.0,6,8,7,198
3.0,6,8,8,198
3.0,6,8,9,199
3.0,6,8,10,200
3.0,6,8,11,200
3.0,6,8,12,201
3.0,6,8,13,201
3.0,6,8,14,202
3.0,6,8,15,203
3.0,6,9,0,194
3.0,6,9,1,195
3.0,6,9,2,195
3.0,6,9,3,196
3.0,6,9,4,196
3.0,6,9,5,197
3.0,6,9,6,198
3.0,6,9,7,198
3.0,6,9,8,199
3.0,6,9,9,200
3.0,6,9,10,200
3.0,6,9,11,201
3.0,6,9,12,201
3.0,6,9,13,202
3.0,6,9,14,203
3.0,6,9,15,203
3.0,6,10,0,195
3.0,6,10,1,195
3.0,6,10,2,196
3.0,6,10,3,196
3.0,6,10,4,197
3.0,6,10,5,198
3.0,6,10,6,198
3.0,6,10,7,199
3.0,6,10,8,200
3.0,6,10,9,200
3.0,6,10,10,201
3.0,6,10,11,201
3.0,6,10,12,202
3.0,6,10,13,203
3.0,6,10,14,203
3.0,6,10,15,204
3.0,6,11,0,195
3.0,6,11,1,196
3.0,6,11,2,196
3.0,6,11,3,197
3.0,6,11,4,198
3.0,6,11,5,198
3.0,6,11,6,199
3.0,6,11,7,200
3.0,6,11,8,200
3.0,6,11,9,201
3.0,6,11,10,201
3.0,6,11,11,202
3.0,6,11,12,203
3.0,6,11,13,203
3.0,6,11,14,204
3.0,6,11,15,204
3.0,6,12,0,196
3.0,6,12,1,196
3.0,6,12,2,197
3.0,6,12,3,198
3.0,6,12,4,198
3.0,6,12,5,199
3.0,6,12,6,200
3.0,6,12,7,200
3.0,6,12,8,201
3.0,6,12,9,201
3.0,6,12,10,202
3.0,6,12,11,203
3.0,6,12,12,203
3.0,6,12,13,204
3.0,6,12,14,204
3.0,6,12,15,205
3.0,6,13,0,196
3.0,6,13,1,197
3.0,6,13,2,198
3.0,6,13,3,198
3.0,6,13,4,199
3.0,6,13,5,200
3.0,6,13,6,200
3.0,6,13,7,201
3.0,6,13,8,201
3.0,6,13,9,202
3.0,6,13,10,203
3.0,6,13,11,203
3.0,6,13,12,204
3.0,6,13,13,205
3.0,6,13,14,205
3.0,6,13,15,206
3.0,6,14,0,197
3.0,6,14,1,198
3.0,6,14,2,198
3.0,6,14,3,199
3.0,6,14,4,200
3.0,6,14,5,200
3.0,6,14,6,201
3.0,6,14,7,201
3.0,6,14,8,202
3.0,6,14,9,203
3.0,6,14,10,203
3.0,6,14,11,204
3.0,6,14,12,205
3.0,6,14,13,205
3.0,6,14,14,206
3.0,6,14,15,206
3.0,6,15,0,198
3.0,6,15,1,198
3.0,6,15,2,199
3.0,6,15,3,200
3.0,6,15,4,200
3.0,6,15,5,201
3.0,6,15,6,201
3.0,6,15,7,202
3.0,6,15,8,203
3.0,6,15,9,203
3.0,6,15,10,204
3.0,6,15,11,205
3.0,6,15,12,205
3.0,6,15,13,206
3.0,6,15,14,206
3.0,6,15,15,207
3.0,7,0,0,189
3.0,7,0,1,190
3.0,7,0,2,190
3.0,7,0,3,191
3.0,7,0,4,191
3.0,7,0,5,192
3.0,7,0,6,193
3.0,7,0,7,193
3.0,7,0,8,194
3.0,7,0,9,194
3.0,7,0,10,195
3.0,7,0,11,196
3.0,7,0,12,196
3.0,7,0,13,197
3.0,7,0,14,197
3.0,7,0,15,198
3.0,7,1,0,190
3.0,7,1,1,190
3.0,7,1,2,191
3.0,7,1,3,192
3.0,7,1,4,192
3.0,7,1,5,193
3.0,7,1,6,193
3.0,7,1,7,194
3.0,7,1,8,195
3.0,7,1,9,195
3.0,7,1,10,196
3.0,7,1,11,196
3.0,7,1,12,197
3.0,7,1,13,198
3.0,7,1,14,198
3.0,7,1,15,199
3.0,7,2,0,190
3.0,7,2,1,191
3.0,7,2,2,192
3.0,7,2,3,192
3.0,7,2,4,193
3.0,7,2,5,193
3.0,7,2,6,194
3.0,7,2,7,195
3.0,7,2,8,195
3.0,7,2,9,196
3.0,7,2,10,196
3.0,7,2,11,197
3.0,7,2,12,198
3.0,7,2,13,198
3.0,7,2,14,199
3.0,7,2,15,199
3.0,7,3,0,191
3.0,7,3,1,192
3.0,7,3,2,192
3.0,7,3,3,193
3.0,7,3,4,193
3.0,7,3,5,194
3.0,7,3,6,195
3.0,7,3,7,195
3.0,7,3,8,196
3.0,7,3,9,196
3.0,7,3,10,197
3.0,7,3,11,198
3.0,7,3,12,198
3.0,7,3,13,199
3.0,7,3,14,199
3.0,7,3,15,200
3.0,7,4,0,192
3.0,7,4,1,192
3.0,7,4,2,193
3.0,7,4,3,193
3.0,7,4,4,194
3.0,7,4,5,195
3.0,7,4,6,195
3.0,7,4,7,196
3.0,7,4,8,196
3.0,7,4,9,197
3.0,7,4,10,198
3.0,7,4,11,198
3.0,7,4,12,199
3.0,7,4,13,199
3.0,7,4,14,200
3.0,7,4,15,201
3.0,7,5,0,192
3.0,7,5,1,193
3.0,7,5,2,193
3.0,7,5,3,194
3.0,7,5,4,195
3.0,7,5,5,195
3.0,7,5,6,196
3.0,7,5,7,197
3.0,7,5,8,197
3.0,7,5,9,198
3.0,7,5,10,198
3.0,7,5,11,199
3.0,7,5,12,200
3.0,7,5,13,200
3.0,7,5,14,201
3.0,7,5,15,201
3.0,7,6,0,193
3.0,7,6,1,193
3.0,7,6,2,194
3.0,7,6,3,195
3.0,7,6,4,195
3.0,7,6,5,196
3.0,7,6,6,197
3.0,7,6,7,197
3.0,7,6,8,198
3.0,7,6,9,198
3.0,7,6,10,199
3.0,7,6,11,200
3.0,7,6,12,200
3.0,7,6,13,201
3.0,7,6,14,201
3.0,7,6,15,202
3.0,7,7,0,193
3.0,7,7,1,194
3.0,7,7,2,195
3.0,7,7,3,195
3.0,7,7,4,196
3.0,7,7,5,197
3.0,7,7,6,197
3.0,7,7,7,198
3.0,7,7,8,198
3.0,7,7,9,199
3.0,7,7,10,200
3.0,7,7,11,200
3.0,7,7,12,201
3.0,7,7,13,201
3.0,7,7,14,202
3.0,7,7,15,203
3.0,7,8,0,194
3.0,7,8,1,195
3.0,7,8,2,195
3.0,7,8,3,196
3.0,7,8,4,197
3.0,7,8,5,197
3.0,7,8,6,198
3.0,7,8,7,198
3.0,7,8,8,199
3.0,7,8,9,200
3.0,7,8,10,200
3.0,7,8,11,201
3.0,7,8,12,201
3.0,7,8,13,202
3.0,7,8,14,203
3.0,7,8,15,203
3.0,7,9,0,195
3.0,7,9,1,195
3.0,7,9,2,196
3.0,7,9,3,197
3.0,7,9,4,197
3.0,7,9,5,198
3.0,7,9,6,198
3.0,7,9,7,199
3.0,7,9,8,200
3.0,7,9,9,200
3.0,7,9,10,201
3.0,7,9,11,201
3.0,7,9,12,202
3.0,7,9,13,203
3.0,7,9,14,203
3.0,7,9,15,204
3.0,7,10,0,195
3.0,7,10,1,196
3.0,7,10,2,197
3.0,7,10,3,197
3.0,7,10,4,198
3.0,7,10,5,198
3.0,7,10,6,199
3.0,7,10,7,200
3.0,7,10,8,200
3.0,7,10,9,201
3.0,7,10,10,202
3.0,7,10,11,202
3.0,7,10,12,203
3.0,7,10,13,203
3.0,7,10,14,204
3.0,7,10,15,205
3.0,7,11,0,196
3.0,7,11,1,197
3.0,7,11,2,197
3.0,7,11,3,198
3.0,7,11,4,198
3.0,7,11,5,199
3.0,7,11,6,200
3.0,7,11,7,200
3.0,7,11,8,201
3.0,7,11,9,202
3.0,7,11,10,202
3.0,7,11,11,203
3.0,7,11,12,203
3.0,7,11,13,204
3.0,7,11,14,205
3.0,7,11,15,205
3.0,7,12,0,197
3.0,7,12,1,197
3.0,7,12,2,198
3.0,7,12,3,198
3.0,7,12,4,199
3.0,7,12,5,200
3.0,7,12,6,200
3.0,7,12,7,201
3.0,7,12,8,202
3.0,7,12,9,202
3.0,7,12,10,203
3.0,7,12,11,203
3.0,7,12,12,204
3.0,7,12,13,205
3.0,7,12,14,205
3.0,7,12,15,206
3.0,7,13,0,197
3.0,7,13,1,198
3.0,7,13,2,198
3.0,7,13,3,199
3.0,7,13,4,200
3.0,7,13,5,200
3.0,7,13,6,201
3.0,7,13,7,202
3.0,7,13,8,202
3.0,7,13,9,203
3.0,7,13,10,203
3.0,7,13,11,204
3.0,7,13,12,205
3.0,7,13,13,205
3.0,7,13,14,206
3.0,7,13,15,206
3.0,7,14,0,198
3.0,7,14,1,198
3.0,7,14,2,199
3.0,7,14,3,200
3.0,7,14,4,200
3.0,7,14,5,201
3.0,7,14,6,202
3.0,7,14,7,202
3.0,7,14,8,203
3.0,7,14,9,203
3.0,7,14,10,204
3.0,7,14,11,205
3.0,7,14,12,205
3.0,7,14,13,206
3.0,7,14,14,207
3.0,7,14,15,207
3.0,7,15,0,198
3.0,7,15,1,199
3.0,7,15,2,200
3.0,7,15,3,200
3.0,7,15,4,201
3.0,7,15,5,202
3.0,7,15,6,202
3.0,7,15,7,203
3.0,7,15,8,203
3.0,7,15,9,204
3.0,7,15,10,205
3.0,7,15,11,205
3.0,7,15,12,206
3.0,7,15,13,207
3.0,7,15,14,207
3.0,7,15,15,208
3.0,8,0,0,190
3.0,8,0,1,190
3.0,8,0,2,191
3.0,8,0,3,192
3.0,8,0,4,192
3.0,8,0,5,193
3.0,8,0,6,193
3.0,8,0,7,194
3.0,8,0,8,195
3.0,8,0,9,195
3.0,8,0,10,196
3.0,8,0,11,196
3.0,8,0,12,197
3.0,8,0,13,198
3.0,8,0,14,198
3.0,8,0,15,199
3.0,8,1,0,190
3.0,8,1,1,191
3.0,8,1,2,192
3.0,8,1,3,192
3.0,8,1,4,193
3.0,8,1,5,193
3.0,8,1,6,194
3.0,8,1,7,195
3.0,8,1,8,195
3.0,8,1,9,196
3.0,8,1,10,196
3.0,8,1,11,197
3.0,8,1,12,198
3.0,8,1,13,198
3.0,8,1,14,199
3.0,8,1,15,199
3.0,8,2,0,191
3.0,8,2,1,192
3.0,8,2,2,192
3.0,8,2,3,193
3.0,8,2,4,193
3.0,8,2,5,194
3.0,8,2,6,195
3.0,8,2,7,195
3.0,8,2,8,196
3.0,8,2,9,197
3.0,8,2,10,197
3.0,8,2,11,198
3.0,8,2,12,198
3.0,8,2,13,199
3.0,8,2,14,199
3.0,8,2,15,200
3.0,8,3,0,192
3.0,8,3,1,192
3.0,8,3,2,193
3.0,8,3,3,194
3.0,8,3,4,194
3.0,8,3,5,195
3.0,8,3,6,195
3.0,8,3,7,196
3.0,8,3,8,197
3.0,8,3,9,197
3.0,8,3,10,198
3.0,8,3,11,198
3.0,8,3,12,199
3.0,8,3,13,200
3.0,8,3,14,200
3.0,8,3,15,201
3.0,8,4,0,192
3.0,8,4,1,193
3.0,8,4,2,194
3.0,8,4,3,194
3.0,8,4,4,195
3.0,8,4,5,195
3.0,8,4,6,196
3.0,8,4,7,197
3.0,8,4,8,197
3.0,8,4,9,198
3.0,8,4,10,198
3.0,8,4,11,199
3.0,8,4,12,200
3.0,8,4,13,200
3.0,8,4,14,201
3.0,8,4,15,201
3.0,8,5,0,193
3.0,8,5,1,194
3.0,8,5,2,194
3.0,8,5,3,195
3.0,8,5,4,195
3.0,8,5,5,196
3.0,8,5,6,197
3.0,8,5,7,197
3.0,8,5,8,198
3.0,8,5,9,198
3.0,8,5,10,199
3.0,8,5,11,200
3.0,8,5,12,200
3.0,8,5,13,201
3.0,8,5,14,201
3.0,8,5,15,202
3.0,8,6,0,194
3.0,8,6,1,194
3.0,8,6,2,195
3.0,8,6,3,195
3.0,8,6,4,196
3.0,8,6,5,197
3.0,8,6,6,197
3.0,8,6,7,198
3.0,8,6,8,198
3.0,8,6,9,199
3.0,8,6,10,200
3.0,8,6,11,200
3.0,8,6,12,201
3.0,8,6,13,202
3.0,8,6,14,202
3.0,8,6,15,203
3.0,8,7,0,194
3.0,8,7,1,195
3.0,8,7,2,195
3.0,8,7,3,196
3.0,8,7,4,197
3.0,8,7,5,197
3.0,8,7,6,198
3.0,8,7,7,199
3.0,8,7,8,199
3.0,8,7,9,200
3.0,8,7,10,200
3.0,8,7,11,201
3.0,8,7,12,202
3.0,8,7,13,202
3.0,8,7,14,203
3.0,8,7,15,203
3.0,8,8,0,195
3.0,8,8,1,195
3.0,8,8,2,196
3.0,8,8,3,197
3.0,8,8,4,197
3.0,8,8,5,198
3.0,8,8,6,199
3.0,8,8,7,199
3.0,8,8,8,200
3.0,8,8,9,200
3.0,8,8,10,201
3.0,8,8,11,202
3.0,8,8,12,202
3.0,8,8,13,203
3.0,8,8,14,203
3.0,8,8,15,204
3.0,8,9,0,195
3.0,8,9,1,196
3.0,8,9,2,197
3.0,8,9,3,197
3.0,8,9,4,198
3.0,8,9,5,199
3.0,8,9,6,199
3.0,8,9,7,200
3.0,8,9,8,200
3.0,8,9,9,201
3.0,8,9,10,202
3.0,8,9,11,202
3.0,8,9,12,203
3.0,8,9,13,203
3.0,8,9,14,204
3.0,8,9,15,205
3.0,8,10,0,196
3.0,8,10,1,197
3.0,8,10,2,197
3.0,8,10,3,198
3.0,8,10,4,199
3.0,8,10,5,199
3.0,8,10,6,200
3.0,8,10,7,200
3.0,8,10,8,201
3.0,8,10,9,202
3.0,8,10,10,202
3.0,8,10,11,203
3.0,8,10,12,204
3.0,8,10,13,204
3.0,8,10,14,205
3.0,8,10,15,205
3.0,8,11,0,197
3.0,8,11,1,197
3.0,8,11,2,198
3.0,8,11,3,199
3.0,8,11,4,199
3.0,8,11,5,200
3.0,8,11,6,200
3.0,8,11,7,201
3.0,8,11,8,202
3.0,8,11,9,202
3.0,8,11,10,203
3.0,8,11,11,204
3.0,8,11,12,204
3.0,8,11,13,205
3.0,8,11,14,205
3.0,8,11,15,206
3.0,8,12,0,197
3.0,8,12,1,198
3.0,8,12,2,199
3.0,8,12,3,199
3.0,8,12,4,200
3.0,8,12,5,200
3.0,8,12,6,201
3.0,8,12,7,202
3.0,8,12,8,202
3.0,8,12,9,203
3.0,8,12,10,204
3.0,8,12,11,204
3.0,8,12,12,205
3.0,8,12,13,205
3.0,8,12,14,206
3.0,8,12,15,207
3.0,8,13,0,198
3.0,8,13,1,199
3.0,8,13,2,199
3.0,8,13,3,200
3.0,8,13,4,200
3.0,8,13,5,201
3.0,8,13,6,202
3.0,8,13,7,202
3.0,8,13,8,203
3.0,8,13,9,204
3.0,8,13,10,204
3.0,8,13,11,205
3.0,8,13,12,205
3.0,8,13,13,206
3.0,8,13,14,207
3.0,8,13,15,207
3.0,8,14,0,198
3.0,8,14,1,199
3.0,8,14,2,200
3.0,8,14,3,200
3.0,8,14,4,201
3.0,8,14,5,202
3.0,8,14,6,202
3.0,8,14,7,203
3.0,8,14,8,204
3.0,8,14,9,204
3.0,8,14,10,205
3.0,8,14,11,205
3.0,8,14,12,206
3.0,8,14,13,207
3.0,8,14,14,207
3.0,8,14,15,208
3.0,8,15,0,199
3.0,8,15,1,200
3.0,8,15,2,200
3.0,8,15,3,201
3.0,8,15,4,202
3.0,8,15,5,202
3.0,8,15,6,203
3.0,8,15,7,204
3.0,8,15,8,204
3.0,8,15,9,205
3.0,8,15,10,205
3.0,8,15,11,206
3.0,8,15,12,207
3.0,8,15,13,207
3.0,8,15,14,208
3.0,8,15,15,209
3.0,9,0,0,190
3.0,9,0,1,191
3.0,9,0,2,192
3.0,9,0,3,192
3.0,9,0,4,193
3.0,9,0,5,194
3.0,9,0,6,194
3.0,9,0,7,195
3.0,9,0,8,195
3.0,9,0,9,196
3.0,9,0,10,197
3.0,9,0,11,197
3.0,9,0,12,198
3.0,9,0,13,198
3.0,9,0,14,199
3.0,9,0,15,199
3.0,9,1,0,191
3.0,9,1,1,192
3.0,9,1,2,192
3.0,9,1,3,193
3.0,9,1,4,194
3.0,9,1,5,194
3.0,9,1,6,195
3.0,9,1,7,195
3.0,9,1,8,196
3.0,9,1,9,197
3.0,9,1,10,197
3.0,9,1,11,198
3.0,9,1,12,198
3.0,9,1,13,199
3.0,9,1,14,200
3.0,9,1,15,200
3.0,9,2,0,192
3.0,9,2,1,192
3.0,9,2,2,193
3.0,9,2,3,194
3.0,9,2,4,194
3.0,9,2,5,195
3.0,9,2,6,195
3.0,9,2,7,196
3.0,9,2,8,197
3.0,9,2,9,197
3.0,9,2,10,198
3.0,9,2,11,198
3.0,9,2,12,199
3.0,9,2,13,200
3.0,9,2,14,200
3.0,9,2,15,201
3.0,9,3,0,192
3.0,9,3,1,193
3.0,9,3,2,194
3.0,9,3,3,194
3.0,9,3,4,195
3.0,9,3,5,195
3.0,9,3,6,196
3.0,9,3,7,197
3.0,9,3,8,197
3.0,9,3,9,198
3.0,9,3,10,199
3.0,9,3,11,199
3.0,9,3,12,200
3.0,9,3,13,200
3.0,9,3,14,201
3.0,9,3,15,201
3.0,9,4,0,193
3.0,9,4,1,194
3.0,9,4,2,194
3.0,9,4,3,195
3.0,9,4,4,195
3.0,9,4,5,196
3.0,9,4,6,197
3.0,9,4,7,197
3.0,9,4,8,198
3.0,9,4,9,199
3.0,9,4,10,199
3.0,9,4,11,200
3.0,9,4,12,200
3.0,9,4,13,201
3.0,9,4,14,202
3.0,9,4,15,202
3.0,9,5,0,194
3.0,9,5,1,194
3.0,9,5,2,195
3.0,9,5,3,196
3.0,9,5,4,196
3.0,9,5,5,197
3.0,9,5,6,197
3.0,9,5,7,198
3.0,9,5,8,199
3.0,9,5,9,199
3.0,9,5,10,200
3.0,9,5,11,200
3.0,9,5,12,201
3.0,9,5,13,202
3.0,9,5,14,202
3.0,9,5,15,203
3.0,9,6,0,194
3.0,9,6,1,195
3.0,9,6,2,196
3.0,9,6,3,196
3.0,9,6,4,197
3.0,9,6,5,197
3.0,9,6,6,198
3.0,9,6,7,199
3.0,9,6,8,199
3.0,9,6,9,200
3.0,9,6,10,200
3.0,9,6,11,201
3.0,9,6,12,202
3.0,9,6,13,202
3.0,9,6,14,203
3.0,9,6,15,203
3.0,9,7,0,195
3.0,9,7,1,196
3.0,9,7,2,196
3.0,9,7,3,197
3.0,9,7,4,197
3.0,9,7,5,198
3.0,9,7,6,199
3.0,9,7,7,199
3.0,9,7,8,200
3.0,9,7,9,200
3.0,9,7,10,201
3.0,9,7,11,202
3.0,9,7,12,202
3.0,9,7,13,203
3.0,9,7,14,204
3.0,9,7,15,204
3.0,9,8,0,196
3.0,9,8,1,196
3.0,9,8,2,197
3.0,9,8,3,197
3.0,9,8,4,198
3.0,9,8,5,199
3.0,9,8,6,199
3.0,9,8,7,200
3.0,9,8,8,201
3.0,9,8,9,201
3.0,9,8,10,202
3.0,9,8,11,202
3.0,9,8,12,203
3.0,9,8,13,204
3.0,9,8,14,204
3.0,9,8,15,205
3.0,9,9,0,196
3.0,9,9,1,197
3.0,9,9,2,197
3.0,9,9,3,198
3.0,9,9,4,199
3.0,9,9,5,199
3.0,9,9,6,200
3.0,9,9,7,201
3.0,9,9,8,201
3.0,9,9,9,202
3.0,9,9,10,202
3.0,9,9,11,203
3.0,9,9,12,204
3.0,9,9,13,204
3.0,9,9,14,205
3.0,9,9,15,205
3.0,9,10,0,197
3.0,9,10,1,197
3.0,9,10,2,198
3.0,9,10,3,199
3.0,9,10,4,199
3.0,9,10,5,200
3.0,9,10,6,201
3.0,9,10,7,201
3.0,9,10,8,202
3.0,9,10,9,202
3.0,9,10,10,203
3.0,9,10,11,204
3.0,9,10,12,204
3.0,9,10,13,205
3.0,9,10,14,205
3.0,9,10,15,206
3.0,9,11,0,197
3.0,9,11,1,198
3.0,9,11,2,199
3.0,9,11,3,199
3.0,9,11,4,200
3.0,9,11,5,201
3.0,9,11,6,201
3.0,9,11,7,202
3.0,9,11,8,202
3.0,9,11,9,203
3.0,9,11,10,204
3.0,9,11,11,204
3.0,9,11,12,205
3.0,9,11,13,206
3.0,9,11,14,206
3.0,9,11,15,207
3.0,9,12,0,198
3.0,9,12,1,199
3.0,9,12,2,199
3.0,9,12,3,200
3.0,9,12,4,201
3.0,9,12,5,201
3.0,9,12,6,202
3.0,9,12,7,202
3.0,9,12,8,203
3.0,9,12,9,204
3.0,9,12,10,204
3.0,9,12,11,205
3.0,9,12,12,206
3.0,9,12,13,206
3.0,9,12,14,207
3.0,9,12,15,207
3.0,9,13,0,199
3.0,9,13,1,199
3.0,9,13,2,200
3.0,9,13,3,201
3.0,9,13,4,201
3.0,9,13,5,202
3.0,9,13,6,202
3.0,9,13,7,203
3.0,9,13,8,204
3.0,9,13,9,204
3.0,9,13,10,205
3.0,9,13,11,206
3.0,9,13,12,206
3.0,9,13,13,207
3.0,9,13,14,207
3.0,9,13,15,208
3.0,9,14,0,199
3.0,9,14,1,200
3.0,9,14,2,201
3.0,9,14,3,201
3.0,9,14,4,202
3.0,9,14,5,202
3.0,9,14,6,203
3.0,9,14,7,204
3.0,9,14,8,204
3.0,9,14,9,205
3.0,9,14,10,206
3.0,9,14,11,206
3.0,9,14,12,207
3.0,9,14,13,207
3.0,9,14,14,208
3.0,9,14,15,209
3.0,9,15,0,200
3.0,9,15,1,200
3.0,9,15,2,201
3.0,9,15,3,202
3.0,9,15,4,202
3.0,9,15,5,203
3.0,9,15,6,204
3.0,9,15,7,204
3.0,9,15,8,205
3.0,9,15,9,206
3.0,9,15,10,206
3.0,9,15,11,207
3.0,9,15,12,207
3.0,9,15,13,208
3.0,9,15,14,209
3.0,9,15,15,209
3.0,10,0,0,191
3.0,10,0,1,192
3.0,10,0,2,192
3.0,10,0,3,193
3.0,10,0,4,194
3.0,10,0,5,194
3.0,10,0,6,195
3.0,10,0,7,195
3.0,10,0,8,196
3.0,10,0,9,197
3.0,10,0,10,197
3.0,10,0,11,198
3.0,10,0,12,198
3.0,10,0,13,199
3.0,10,0,14,200
3.0,10,0,15,200
3.0,10,1,0,192
3.0,10,1,1,192
3.0,10,1,2,193
3.0,10,1,3,194
3.0,10,1,4,194
3.0,10,1,5,195
3.0,10,1,6,196
3.0,10,1,7,196
3.0,10,1,8,197
3.0,10,1,9,197
3.0,10,1,10,198
3.0,10,1,11,199
3.0,10,1,12,199
3.0,10,1,13,200
3.0,10,1,14,200
3.0,10,1,15,201
3.0,10,2,0,192
3.0,10,2,1,193
3.0,10,2,2,194
3.0,10,2,3,194
3.0,10,2,4,195
3.0,10,2,5,196
3.0,10,2,6,196
3.0,10,2,7,197
3.0,10,2,8,197
3.0,10,2,9,198
3.0,10,2,10,199
3.0,10,2,11,199
3.0,10,2,12,200
3.0,10,2,13,200
3.0,10,2,14,201
3.0,10,2,15,202
3.0,10,3,0,193
3.0,10,3,1,194
3.0,10,3,2,194
3.0,10,3,3,195
3.0,10,3,4,196
3.0,10,3,5,196
3.0,10,3,6,197
3.0,10,3,7,197
3.0,10,3,8,198
3.0,10,3,9,199
3.0,10,3,10,199
3.0,10,3,11,200
3.0,10,3,12,200
3.0,10,3,13,201
3.0,10,3,14,202
3.0,10,3,15,202
3.0,10,4,0,194
3.0,10,4,1,194
3.0,10,4,2,195
3.0,10,4,3,196
3.0,10,4,4,196
3.0,10,4,5,197
3.0,10,4,6,197
3.0,10,4,7,198
3.0,10,4,8,199
3.0,10,4,9,199
3.0,10,4,10,200
3.0,10,4,11,201
3.0,10,4,12,201
3.0,10,4,13,202
3.0,10,4,14,202
3.0,10,4,15,203
3.0,10,5,0,194
3.0,10,5,1,195
3.0,10,5,2,196
3.0,10,5,3,196
3.0,10,5,4,197
3.0,10,5,5,197
3.0,10,5,6,198
3.0,10,5,7,199
3.0,10,5,8,199
3.0,10,5,9,200
3.0,10,5,10,201
3.0,10,5,11,201
3.0,10,5,12,202
3.0,10,5,13,202
3.0,10,5,14,203
3.0,10,5,15,204
3.0,10,6,0,195
3.0,10,6,1,196
3.0,10,6,2,196
3.0,10,6,3,197
3.0,10,6,4,197
3.0,10,6,5,198
3.0,10,6,6,199
3.0,10,6,7,199
3.0,10,6,8,200
3.0,10,6,9,201
3.0,10,6,10,201
3.0,10,6,11,202
3.0,10,6,12,202
3.0,10,6,13,203
3.0,10,6,14,204
3.0,10,6,15,204
3.0,10,7,0,196
3.0,10,7,1,196
3.0,10,7,2,197
3.0,10,7,3,198
3.0,10,7,4,198
3.0,10,7,5,199
3.0,10,7,6,199
3.0,10,7,7,200
3.0,10,7,8,201
3.0,10,7,9,201
3.0,10,7,10,202
3.0,10,7,11,202
3.0,10,7,12,203
3.0,10,7,13,204
3.0,10,7,14,204
3.0,10,7,15,205
3.0,10,8,0,196
3.0,10,8,1,197
3.0,10,8,2,198
3.0,10,8,3,198
3.0,10,8,4,199
3.0,10,8,5,199
3.0,10,8,6,200
3.0,10,8,7,201
3.0,10,8,8,201
3.0,10,8,9,202
3.0,10,8,10,202
3.0,10,8,11,203
3.0,10,8,12,204
3.0,10,8,13,204
3.0,10,8,14,205
3.0,10,8,15,206
3.0,10,9,0,197
3.0,10,9,1,198
3.0,10,9,2,198
3.0,10,9,3,199
3.0,10,9,4,199
3.0,10,9,5,200
3.0,10,9,6,201
3.0,10,9,7,201
3.0,10,9,8,202
3.0,10,9,9,203
3.0,10,9,10,203
3.0,10,9,11,204
3.0,10,9,12,204
3.0,10,9,13,205
3.0,10,9,14,206
3.0,10,9,15,206
3.0,10,10,0,197
3.0,10,10,1,198
3.0,10,10,2,199
3.0,10,10,3,199
3.0,10,10,4,200
3.0,10,10,5,201
3.0,10,10,6,201
3.0,10,10,7,202
3.0,10,10,8,203
3.0,10,10,9,203
3.0,10,10,10,204
3.0,10,10,11,204
3.0,10,10,12,205
3.0,10,10,13,206
3.0,10,10,14,206
3.0,10,10,15,207
3.0,10,11,0,198
3.0,10,11,1,199
3.0,10,11,2,199
3.0,10,11,3,200
3.0,10,11,4,201
3.0,10,11,5,201
3.0,10,11,6,202
3.0,10,11,7,203
3.0,10,11,8,203
3.0,10,11,9,204
3.0,10,11,10,204
3.0,10,11,11,205
3.0,10,11,12,206
3.0,10,11,13,206
3.0,10,11,14,207
3.0,10,11,15,208
3.0,10,12,0,199
3.0,10,12,1,199
3.0,10,12,2,200
3.0,10,12,3,201
3.0,10,12,4,201
3.0,10,12,5,202
3.0,10,12,6,203
3.0,10,12,7,203
3.0,10,12,8,204
3.0,10,12,9,204
3.0,10,12,10,205
3.0,10,12,11,206
3.0,10,12,12,206
3.0,10,12,13,207
3.0,10,12,14,208
3.0,10,12,15,208
3.0,10,13,0,199
3.0,10,13,1,200
3.0,10,13,2,201
3.0,10,13,3,201
3.0,10,13,4,202
3.0,10,13,5,203
3.0,10,13,6,203
3.0,10,13,7,204
3.0,10,13,8,204
3.0,10,13,9,205
3.0,10,13,10,206
3.0,10,13,11,206
3.0,10,13,12,207
3.0,10,13,13,208
3.0,10,13,14,208
3.0,10,13,15,209
3.0,10,14,0,200
3.0,10,14,1,201
3.0,10,14,2,201
3.0,10,14,3,202
3.0,10,14,4,203
3.0,10,14,5,203
3.0,10,14,6,204
3.0,10,14,7,204
3.0,10,14,8,205
3.0,10,14,9,206
3.0,10,14,10,206
3.0,10,14,11,207
3.0,10,14,12,208
3.0,10,14,13,208
3.0,10,14,14,209
3.0,10,14,15,209
3.0,10,15,0,201
3.0,10,15,1,201
3.0,10,15,2,202
3.0,10,15,3,203
3.0,10,15,4,203
3.0,10,15,5,204
3.0,10,15,6,204
3.0,10,15,7,205
3.0,10,15,8,206
3.0,10,15,9,206
3.0,10,15,10,207
3.0,10,15,11,208
3.0,10,15,12,208
3.0,10,15,13,209
3.0,10,15,14,209
3.0,10,15,15,210
3.0,11,0,0,192
3.0,11,0,1,192
3.0,11,0,2,193
3.0,11,0,3,194
3.0,11,0,4,194
3.0,11,0,5,195
3.0,11,0,6,196
3.0,11,0,7,196
3.0,11,0,8,197
3.0,11,0,9,197
3.0,11,0,10,198
3.0,11,0,11,199
3.0,11,0,12,199
3.0,11,0,13,200
3.0,11,0,14,200
3.0,11,0,15,201
3.0,11,1,0,193
3.0,11,1,1,193
3.0,11,1,2,194
3.0,11,1,3,194
3.0,11,1,4,195
3.0,11,1,5,196
3.0,11,1,6,196
3.0,11,1,7,197
3.0,11,1,8,197
3.0,11,1,9,198
3.0,11,1,10,199
3.0,11,1,11,199
3.0,11,1,12,200
3.0,11,1,13,200
3.0,11,1,14,201
3.0,11,1,15,202
3.0,11,2,0,193
3.0,11,2,1,194
3.0,11,2,2,194
3.0,11,2,3,195
3.0,11,2,4,196
3.0,11,2,5,196
3.0,11,2,6,197
3.0,11,2,7,197
3.0,11,2,8,198
3.0,11,2,9,199
3.0,11,2,10,199
3.0,11,2,11,200
3.0,11,2,12,201
3.0,11,2,13,201
3.0,11,2,14,202
3.0,11,2,15,202
3.0,11,3,0,194
3.0,11,3,1,194
3.0,11,3,2,195
3.0,11,3,3,196
3.0,11,3,4,196
3.0,11,3,5,197
3.0,11,3,6,198
3.0,11,3,7,198
3.0,11,3,8,199
3.0,11,3,9,199
3.0,11,3,10,200
3.0,11,3,11,201
3.0,11,3,12,201
3.0,11,3,13,202
3.0,11,3,14,202
3.0,11,3,15,203
3.0,11,4,0,194
3.0,11,4,1,195
3.0,11,4,2,196
3.0,11,4,3,196
3.0,11,4,4,197
3.0,11,4,5,198
3.0,11,4,6,198
3.0,11,4,7,199
3.0,11,4,8,199
3.0,11,4,9,200
3.0,11,4,10,201
3.0,11,4,11,201
3.0,11,4,12,202
3.0,11,4,13,202
3.0,11,4,14,203
3.0,11,4,15,204
3.0,11,5,0,195
3.0,11,5,1,196
3.0,11,5,2,196
3.0,11,5,3,197
3.0,11,5,4,198
3.0,11,5,5,198
3.0,11,5,6,199
3.0,11,5,7,199
3.0,11,5,8,200
3.0,11,5,9,201
3.0,11,5,10,201
3.0,11,5,11,202
3.0,11,5,12,203
3.0,11,5,13,203
3.0,11,5,14,204
3.0,11,5,15,204
3.0,11,6,0,196
3.0,11,6,1,196
3.0,11,6,2,197
3.0,11,6,3,198
3.0,11,6,4,198
3.0,11,6,5,199
3.0,11,6,6,199
3.0,11,6,7,200
3.0,11,6,8,201
3.0,11,6,9,201
3.0,11,6,10,202
3.0,11,6,11,203
3.0,11,6,12,203
3.0,11,6,13,204
3.0,11,6,14,204
3.0,11,6,15,205
3.0,11,7,0,196
3.0,11,7,1,197
3.0,11,7,2,198
3.0,11,7,3,198
3.0,11,7,4,199
3.0,11,7,5,199
3.0,11,7,6,200
3.0,11,7,7,201
3.0,11,7,8,201
3.0,11,7,9,202
3.0,11,7,10,203
3.0,11,7,11,203
3.0,11,7,12,204
3.0,11,7,13,204
3.0,11,7,14,205
3.0,11,7,15,206
3.0,11,8,0,197
3.0,11,8,1,198
3.0,11,8,2,198
3.0,11,8,3,199
3.0,11,8,4,200
3.0,11,8,5,200
3.0,11,8,6,201
3.0,11,8,7,201
3.0,11,8,8,202
3.0,11,8,9,203
3.0,11,8,10,203
3.0,11,8,11,204
3.0,11,8,12,204
3.0,11,8,13,205
3.0,11,8,14,206
3.0,11,8,15,206
3.0,11,9,0,198
3.0,11,9,1,198
3.0,11,9,2,199
3.0,11,9,3,200
3.0,11,9,4,200
3.0,11,9,5,201
3.0,11,9,6,201
3.0,11,9,7,202
3.0,11,9,8,203
3.0,11,9,9,203
3.0,11,9,10,204
3.0,11,9,11,205
3.0,11,9,12,205
3.0,11,9,13,206
3.0,11,9,14,206
3.0,11,9,15,207
3.0,11,10,0,198
3.0,11,10,1,199
3.0,11,10,2,200
3.0,11,10,3,200
3.0,11,10,4,201
3.0,11,10,5,201
3.0,11,10,6,202
3.0,11,10,7,203
3.0,11,10,8,203
3.0,11,10,9,204
3.0,11,10,10,205
3.0,11,10,11,205
3.0,11,10,12,206
3.0,11,10,13,206
3.0,11,10,14,207
3.0,11,10,15,208
3.0,11,11,0,199
3.0,11,11,1,199
3.0,11,11,2,200
3.0,11,11,3,201
3.0,11,11,4,201
3.0,11,11,5,202
3.0,11,11,6,203
3.0,11,11,7,203
3.0,11,11,8,204
3.0,11,11,9,205
3.0,11,11,10,205
3.0,11,11,11,206
3.0,11,11,12,206
3.0,11,11,13,207
3.0,11,11,14,208
3.0,11,11,15,208
3.0,11,12,0,199
3.0,11,12,1,200
3.0,11,12,2,201
3.0,11,12,3,201
3.0,11,12,4,202
3.0,11,12,5,203
3.0,11,12,6,203
3.0,11,12,7,204
3.0,11,12,8,205
3.0,11,12,9,205
3.0,11,12,10,206
3.0,11,12,11,206
3.0,11,12,12,207
3.0,11,12,13,208
3.0,11,12,14,208
3.0,11,12,15,209
3.0,11,13,0,200
3.0,11,13,1,201
3.0,11,13,2,201
3.0,11,13,3,202
3.0,11,13,4,203
3.0,11,13,5,203
3.0,11,13,6,204
3.0,11,13,7,205
3.0,11,13,8,205
3.0,11,13,9,206
3.0,11,13,10,206
3.0,11,13,11,207
3.0,11,13,12,208
3.0,11,13,13,208
3.0,11,13,14,209
3.0,11,13,15,210
3.0,11,14,0,201
3.0,11,14,1,201
3.0,11,14,2,202
3.0,11,14,3,203
3.0,11,14,4,203
3.0,11,14,5,204
3.0,11,14,6,205
3.0,11,14,7,205
3.0,11,14,8,206
3.0,11,14,9,206
3.0,11,14,10,207
3.0,11,14,11,208
3.0,11,14,12,208
3.0,11,14,13,209
3.0,11,14,14,210
3.0,11,14,15,210
3.0,11,15,0,201
3.0,11,15,1,202
3.0,11,15,2,203
3.0,11,15,3,203
3.0,11,15,4,204
3.0,11,15,5,205
3.0,11,15,6,205
3.0,11,15,7,206
3.0,11,15,8,206
3.0,11,15,9,207
3.0,11,15,10,208
3.0,11,15,11,208
3.0,11,15,12,209
3.0,11,15,13,210
3.0,11,15,14,210
3.0,11,15,15,211
3.0,12,0,0,193
3.0,12,0,1,193
3.0,12,0,2,194
3.0,12,0,3,194
3.0,12,0,4,195
3.0,12,0,5,196
3.0,12,0,6,196
3.0,12,0,7,197
3.0,12,0,8,198
3.0,12,0,9,198
3.0,12,0,10,199
3.0,12,0,11,199
3.0,12,0,12,200
3.0,12,0,13,201
3.0,12,0,14,201
3.0,12,0,15,202
3.0,12,1,0,193
3.0,12,1,1,194
3.0,12,1,2,194
3.0,12,1,3,195
3.0,12,1,4,196
3.0,12,1,5,196
3.0,12,1,6,197
3.0,12,1,7,198
3.0,12,1,8,198
3.0,12,1,9,199
3.0,12,1,10,199
3.0,12,1,11,200
3.0,12,1,12,201
3.0,12,1,13,201
3.0,12,1,14,202
3.0,12,1,15,202
3.0,12,2,0,194
3.0,12,2,1,195
3.0,12,2,2,195
3.0,12,2,3,196
3.0,12,2,4,196
3.0,12,2,5,197
3.0,12,2,6,198
3.0,12,2,7,198
3.0,12,2,8,199
3.0,12,2,9,199
3.0,12,2,10,200
3.0,12,2,11,201
3.0,12,2,12,201
3.0,12,2,13,202
3.0,12,2,14,202
3.0,12,2,15,203
3.0,12,3,0,195
3.0,12,3,1,195
3.0,12,3,2,196
3.0,12,3,3,196
3.0,12,3,4,197
3.0,12,3,5,198
3.0,12,3,6,198
3.0,12,3,7,199
3.0,12,3,8,199
3.0,12,3,9,200
3.0,12,3,10,201
3.0,12,3,11,201
3.0,12,3,12,202
3.0,12,3,13,203
3.0,12,3,14,203
3.0,12,3,15,204
3.0,12,4,0,195
3.0,12,4,1,196
3.0,12,4,2,196
3.0,12,4,3,197
3.0,12,4,4,198
3.0,12,4,5,198
3.0,12,4,6,199
3.0,12,4,7,200
3.0,12,4,8,200
3.0,12,4,9,201
3.0,12,4,10,201
3.0,12,4,11,202
3.0,12,4,12,203
3.0,12,4,13,203
3.0,12,4,14,204
3.0,12,4,15,204
3.0,12,5,0,196
3.0,12,5,1,196
3.0,12,5,2,197
3.0,12,5,3,198
3.0,12,5,4,198
3.0,12,5,5,199
3.0,12,5,6,200
3.0,12,5,7,200
3.0,12,5,8,201
3.0,12,5,9,201
3.0,12,5,10,202
3.0,12,5,11,203
3.0,12,5,12,203
3.0,12,5,13,204
3.0,12,5,14,204
3.0,12,5,15,205
3.0,12,6,0,196
3.0,12,6,1,197
3.0,12,6,2,198
3.0,12,6,3,198
3.0,12,6,4,199
3.0,12,6,5,200
3.0,12,6,6,200
3.0,12,6,7,201
3.0,12,6,8,201
3.0,12,6,9,202
3.0,12,6,10,203
3.0,12,6,11,203
3.0,12,6,12,204
3.0,12,6,13,205
3.0,12,6,14,205
3.0,12,6,15,206
3.0,12,7,0,197
3.0,12,7,1,198
3.0,12,7,2,198
3.0,12,7,3,199
3.0,12,7,4,200
3.0,12,7,5,200
3.0,12,7,6,201
3.0,12,7,7,201
3.0,12,7,8,202
3.0,12,7,9,203
3.0,12,7,10,203
3.0,12,7,11,204
3.0,12,7,12,205
3.0,12,7,13,205
3.0,12,7,14,206
3.0,12,7,15,206
3.0,12,8,0,198
3.0,12,8,1,198
3.0,12,8,2,199
3.0,12,8,3,200
3.0,12,8,4,200
3.0,12,8,5,201
3.0,12,8,6,202
3.0,12,8,7,202
3.0,12,8,8,203
3.0,12,8,9,203
3.0,12,8,10,204
3.0,12,8,11,205
3.0,12,8,12,205
3.0,12,8,13,206
3.0,12,8,14,206
3.0,12,8,15,207
3.0,12,9,0,198
3.0,12,9,1,199
3.0,12,9,2,200
3.0,12,9,3,200
3.0,12,9,4,201
3.0,12,9,5,202
3.0,12,9,6,202
3.0,12,9,7,203
3.0,12,9,8,203
3.0,12,9,9,204
3.0,12,9,10,205
3.0,12,9,11,205
3.0,12,9,12,206
3.0,12,9,13,207
3.0,12,9,14,207
3.0,12,9,15,208
3.0,12,10,0,199
3.0,12,10,1,200
3.0,12,10,2,200
3.0,12,10,3,201
3.0,12,10,4,202
3.0,12,10,5,202
3.0,12,10,6,203
3.0,12,10,7,203
3.0,12,10,8,204
3.0,12,10,9,205
3.0,12,10,10,205
3.0,12,10,11,206
3.0,12,10,12,207
3.0,12,10,13,207
3.0,12,10,14,208
3.0,12,10,15,208
3.0,12,11,0,200
3.0,12,11,1,200
3.0,12,11,2,201
3.0,12,11,3,202
3.0,12,11,4,202
3.0,12,11,5,203
3.0,12,11,6,203
3.0,12,11,7,204
3.0,12,11,8,205
3.0,12,11,9,205
3.0,12,11,10,206
3.0,12,11,11,207
3.0,12,11,12,207
3.0,12,11,13,208
3.0,12,11,14,208
3.0,12,11,15,209
3.0,12,12,0,200
3.0,12,12,1,201
3.0,12,12,2,202
3.0,12,12,3,202
3.0,12,12,4,203
3.0,12,12,5,203
3.0,12,12,6,204
3.0,12,12,7,205
3.0,12,12,8,205
3.0,12,12,9,206
3.0,12,12,10,207
3.0,12,12,11,207
3.0,12,12,12,208
3.0,12,12,13,208
3.0,12,12,14,209
3.0,12,12,15,210
3.0,12,13,0,201
3.0,12,13,1,201
3.0,12,13,2,202
3.0,12,13,3,203
3.0,12,13,4,203
3.0,12,13,5,204
3.0,12,13,6,205
3.0,12,13,7,205
3.0,12,13,8,206
3.0,12,13,9,207
3.0,12,13,10,207
3.0,12,13,11,208
3.0,12,13,12,208
3.0,12,13,13,209
3.0,12,13,14,210
3.0,12,13,15,210
3.0,12,14,0,201
3.0,12,14,1,202
3.0,12,14,2,203
3.0,12,14,3,203
3.0,12,14,4,204
3.0,12,14,5,205
3.0,12,14,6,205
3.0,12,14,7,206
3.0,12,14,8,207
3.0,12,14,9,207
3.0,12,14,10,208
3.0,12,14,11,208
3.0,12,14,12,209
3.0,12,14,13,210
3.0,12,14,14,210
3.0,12,14,15,211
3.0,12,15,0,202
3.0,12,15,1,203
3.0,12,15,2,203
3.0,12,15,3,204
3.0,12,15,4,205
3.0,12,15,5,205
3.0,12,15,6,206
3.0,12,15,7,207
3.0,12,15,8,207
3.0,12,15,9,208
3.0,12,15,10,209
3.0,12,15,11,209
3.0,12,15,12,210
3.0,12,15,13,210
3.0,12,15,14,211
3.0,12,15,15,212
3.0,13,0,0,193
3.0,13,0,1,194
3.0,13,0,2,195
3.0,13,0,3,195
3.0,13,0,4,196
3.0,13,0,5,196
3.0,13,0,6,197
3.0,13,0,7,198
3.0,13,0,8,198
3.0,13,0,9,199
3.0,13,0,10,199
3.0,13,0,11,200
3.0,13,0,12,201
3.0,13,0,13,201
3.0,13,0,14,202
3.0,13,0,15,202
3.0,13,1,0,194
3.0,13,1,1,195
3.0,13,1,2,195
3.0,13,1,3,196
3.0,13,1,4,196
3.0,13,1,5,197
3.0,13,1,6,198
3.0,13,1,7,198
3.0,13,1,8,199
3.0,13,1,9,200
3.0,13,1,10,200
3.0,13,1,11,201
3.0,13,1,12,201
3.0,13,1,13,202
3.0,13,1,14,203
3.0,13,1,15,203
3.0,13,2,0,195
3.0,13,2,1,195
3.0,13,2,2,196
3.0,13,2,3,196
3.0,13,2,4,197
3.0,13,2,5,198
3.0,13,2,6,198
3.0,13,2,7,199
3.0,13,2,8,200
3.0,13,2,9,200
3.0,13,2,10,201
3.0,13,2,11,201
3.0,13,2,12,202
3.0,13,2,13,203
3.0,13,2,14,203
3.0,13,2,15,204
3.0,13,3,0,195
3.0,13,3,1,196
3.0,13,3,2,196
3.0,13,3,3,197
3.0,13,3,4,198
3.0,13,3,5,198
3.0,13,3,6,199
3.0,13,3,7,200
3.0,13,3,8,200
3.0,13,3,9,201
3.0,13,3,10,201
3.0,13,3,11,202
3.0,13,3,12,203
3.0,13,3,13,203
3.0,13,3,14,204
3.0,13,3,15,204
3.0,13,4,0,196
3.0,13,4,1,197
3.0,13,4,2,197
3.0,13,4,3,198
3.0,13,4,4,198
3.0,13,4,5,199
3.0,13,4,6,200
3.0,13,4,7,200
3.0,13,4,8,201
3.0,13,4,9,201
3.0,13,4,10,202
3.0,13,4,11,203
3.0,13,4,12,203
3.0,13,4,13,204
3.0,13,4,14,205
3.0,13,4,15,205
3.0,13,5,0,197
3.0,13,5,1,197
3.0,13,5,2,198
3.0,13,5,3,198
3.0,13,5,4,199
3.0,13,5,5,200
3.0,13,5,6,200
3.0,13,5,7,201
3.0,13,5,8,202
3.0,13,5,9,202
3.0,13,5,10,203
3.0,13,5,11,203
3.0,13,5,12,204
3.0,13,5,13,205
3.0,13,5,14,205
3.0,13,5,15,206
3.0,13,6,0,197
3.0,13,6,1,198
3.0,13,6,2,198
3.0,13,6,3,199
3.0,13,6,4,200
3.0,13,6,5,200
3.0,13,6,6,201
3.0,13,6,7,202
3.0,13,6,8,202
3.0,13,6,9,203
3.0,13,6,10,203
3.0,13,6,11,204
3.0,13,6,12,205
3.0,13,6,13,205
3.0,13,6,14,206
3.0,13,6,15,207
3.0,13,7,0,198
3.0,13,7,1,198
3.0,13,7,2,199
3.0,13,7,3,200
3.0,13,7,4,200
3.0,13,7,5,201
3.0,13,7,6,202
3.0,13,7,7,202
3.0,13,7,8,203
3.0,13,7,9,203
3.0,13,7,10,204
3.0,13,7,11,205
3.0,13,7,12,205
3.0,13,7,13,206
3.0,13,7,14,207
3.0,13,7,15,207
3.0,13,8,0,198
3.0,13,8,1,199
3.0,13,8,2,200
3.0,13,8,3,200
3.0,13,8,4,201
3.0,13,8,5,202
3.0,13,8,6,202
3.0,13,8,7,203
3.0,13,8,8,203
3.0,13,8,9,204
3.0,13,8,10,205
3.0,13,8,11,205
3.0,13,8,12,206
3.0,13,8,13,207
3.0,13,8,14,207
3.0,13,8,15,208
3.0,13,9,0,199
3.0,13,9,1,200
3.0,13,9,2,200
3.0,13,9,3,201
3.0,13,9,4,202
3.0,13,9,5,202
3.0,13,9,6,203
3.0,13,9,7,204
3.0,13,9,8,204
3.0,13,9,9,205
3.0,13,9,10,205
3.0,13,9,11,206
3.0,13,9,12,207
3.0,13,9,13,207
3.0,13,9,14,208
3.0,13,9,15,208
3.0,13,10,0,200
3.0,13,10,1,200
3.0,13,10,2,201
3.0,13,10,3,202
3.0,13,10,4,202
3.0,13,10,5,203
3.0,13,10,6,204
3.0,13,10,7,204
3.0,13,10,8,205
3.0,13,10,9,205
3.0,13,10,10,206
3.0,13,10,11,207
3.0,13,10,12,207
3.0,13,10,13,208
3.0,13,10,14,209
3.0,13,10,15,209
3.0,13,11,0,200
3.0,13,11,1,201
3.0,13,11,2,202
3.0,13,11,3,202
3.0,13,11,4,203
3.0,13,11,5,204
3.0,13,11,6,204
3.0,13,11,7,205
3.0,13,11,8,205
3.0,13,11,9,206
3.0,13,11,10,207
3.0,13,11,11,207
3.0,13,11,12,208
3.0,13,11,13,209
3.0,13,11,14,209
3.0,13,11,15,210
3.0,13,12,0,201
3.0,13,12,1,202
3.0,13,12,2,202
3.0,13,12,3,203
3.0,13,12,4,204
3.0,13,12,5,204
3.0,13,12,6,205
3.0,13,12,7,205
3.0,13,12,8,206
3.0,13,12,9,207
3.0,13,12,10,207
3.0,13,12,11,208
3.0,13,12,12,209
3.0,13,12,13,209
3.0,13,12,14,210
3.0,13,12,15,210
3.0,13,13,0,202
3.0,13,13,1,202
3.0,13,13,2,203
3.0,13,13,3,204
3.0,13,13,4,204
3.0,13,13,5,205
3.0,13,13,6,205
3.0,13,13,7,206
3.0,13,13,8,207
3.0,13,13,9,207
3.0,13,13,10,208
3.0,13,13,11,209
3.0,13,13,12,209
3.0,13,13,13,210
3.0,13,13,14,210
3.0,13,13,15,211
3.0,13,14,0,202
3.0,13,14,1,203
3.0,13,14,2,203
3.0,13,14,3,204
3.0,13,14,4,205
3.0,13,14,5,205
3.0,13,14,6,206
3.0,13,14,7,207
3.0,13,14,8,207
3.0,13,14,9,208
3.0,13,14,10,209
3.0,13,14,11,209
3.0,13,14,12,210
3.0,13,14,13,211
3.0,13,14,14,211
3.0,13,14,15,212
3.0,13,15,0,203
3.0,13,15,1,203
3.0,13,15,2,204
3.0,13,15,3,205
3.0,13,15,4,205
3.0,13,15,5,206
3.0,13,15,6,207
3.0,13,15,7,207
3.0,13,15,8,208
3.0,13,15,9,209
3.0,13,15,10,209
3.0,13,15,11,210
3.0,13,15,12,211
3.0,13,15,13,211
3.0,13,15,14,212
3.0,13,15,15,212
3.0,14,0,0,194
3.0,14,0,1,195
3.0,14,0,2,195
3.0,14,0,3,196
3.0,14,0,4,196
3.0,14,0,5,197
3.0,14,0,6,198
3.0,14,0,7,198
3.0,14,0,8,199
3.0,14,0,9,200
3.0,14,0,10,200
3.0,14,0,11,201
3.0,14,0,12,201
3.0,14,0,13,202
3.0,14,0,14,203
3.0,14,0,15,203
3.0,14,1,0,195
3.0,14,1,1,195
3.0,14,1,2,196
3.0,14,1,3,197
3.0,14,1,4,197
3.0,14,1,5,198
3.0,14,1,6,198
3.0,14,1,7,199
3.0,14,1,8,200
3.0,14,1,9,200
3.0,14,1,10,201
3.0,14,1,11,201
3.0,14,1,12,202
3.0,14,1,13,203
3.0,14,1,14,203
3.0,14,1,15,204
3.0,14,2,0,195
3.0,14,2,1,196
3.0,14,2,2,197
3.0,14,2,3,197
3.0,14,2,4,198
3.0,14,2,5,198
3.0,14,2,6,199
3.0,14,2,7,200
3.0,14,2,8,200
3.0,14,2,9,201
3.0,14,2,10,202
3.0,14,2,11,202
3.0,14,2,12,203
3.0,14,2,13,203
3.0,14,2,14,204
3.0,14,2,15,205
3.0,14,3,0,196
3.0,14,3,1,197
3.0,14,3,2,197
3.0,14,3,3,198
3.0,14,3,4,198
3.0,14,3,5,199
3.0,14,3,6,200
3.0,14,3,7,200
3.0,14,3,8,201
3.0,14,3,9,202
3.0,14,3,10,202
3.0,14,3,11,203
3.0,14,3,12,203
3.0,14,3,13,204
3.0,14,3,14,205
3.0,14,3,15,205
3.0,14,4,0,197
3.0,14,4,1,197
3.0,14,4,2,198
3.0,14,4,3,198
3.0,14,4,4,199
3.0,14,4,5,200
3.0,14,4,6,200
3.0,14,4,7,201
3.0,14,4,8,202
3.0,14,4,9,202
3.0,14,4,10,203
3.0,14,4,11,203
3.0,14,4,12,204
3.0,14,4,13,205
3.0,14,4,14,205
3.0,14,4,15,206
3.0,14,5,0,197
3.0,14,5,1,198
3.0,14,5,2,199
3.0,14,5,3,199
3.0,14,5,4,200
3.0,14,5,5,200
3.0,14,5,6,201
3.0,14,5,7,202
3.0,14,5,8,202
3.0,14,5,9,203
3.0,14,5,10,204
3.0,14,5,11,204
3.0,14,5,12,205
3.0,14,5,13,205
3.0,14,5,14,206
3.0,14,5,15,207
3.0,14,6,0,198
3.0,14,6,1,199
3.0,14,6,2,199
3.0,14,6,3,200
3.0,14,6,4,200
3.0,14,6,5,201
3.0,14,6,6,202
3.0,14,6,7,202
3.0,14,6,8,203
3.0,14,6,9,204
3.0,14,6,10,204
3.0,14,6,11,205
3.0,14,6,12,205
3.0,14,6,13,206
3.0,14,6,14,207
3.0,14,6,15,207
3.0,14,7,0,199
3.0,14,7,1,199
3.0,14,7,2,200
3.0,14,7,3,200
3.0,14,7,4,201
3.0,14,7,5,202
3.0,14,7,6,202
3.0,14,7,7,203
3.0,14,7,8,204
3.0,14,7,9,204
3.0,14,7,10,205
3.0,14,7,11,205
3.0,14,7,12,206
3.0,14,7,13,207
3.0,14,7,14,207
3.0,14,7,15,208
3.0,14,8,0,199
3.0,14,8,1,200
3.0,14,8,2,200
3.0,14,8,3,201
3.0,14,8,4,202
3.0,14,8,5,202
3.0,14,8,6,203
3.0,14,8,7,204
3.0,14,8,8,204
3.0,14,8,9,205
3.0,14,8,10,205
3.0,14,8,11,206
3.0,14,8,12,207
3.0,14,8,13,207
3.0,14,8,14,208
3.0,14,8,15,209
3.0,14,9,0,200
3.0,14,9,1,200
3.0,14,9,2,201
3.0,14,9,3,202
3.0,14,9,4,202
3.0,14,9,5,203
3.0,14,9,6,204
3.0,14,9,7,204
3.0,14,9,8,205
3.0,14,9,9,206
3.0,14,9,10,206
3.0,14,9,11,207
3.0,14,9,12,207
3.0,14,9,13,208
3.0,14,9,14,209
3.0,14,9,15,209
3.0,14,10,0,200
3.0,14,10,1,201
3.0,14,10,2,202
3.0,14,10,3,202
3.0,14,10,4,203
3.0,14,10,5,204
3.0,14,10,6,204
3.0,14,10,7,205
3.0,14,10,8,206
3.0,14,10,9,206
3.0,14,10,10,207
3.0,14,10,11,207
3.0,14,10,12,208
3.0,14,10,13,209
3.0,14,10,14,209
3.0,14,10,15,210
3.0,14,11,0,201
3.0,14,11,1,202
3.0,14,11,2,202
3.0,14,11,3,203
3.0,14,11,4,204
3.0,14,11,5,204
3.0,14,11,6,205
3.0,14,11,7,206
3.0,14,11,8,206
3.0,14,11,9,207
3.0,14,11,10,207
3.0,14,11,11,208
3.0,14,11,12,209
3.0,14,11,13,209
3.0,14,11,14,210
3.0,14,11,15,211
3.0,14,12,0,202
3.0,14,12,1,202
3.0,14,12,2,203
3.0,14,12,3,204
3.0,14,12,4,204
3.0,14,12,5,205
3.0,14,12,6,206
3.0,14,12,7,206
3.0,14,12,8,207
3.0,14,12,9,207
3.0,14,12,10,208
3.0,14,12,11,209
3.0,14,12,12,209
3.0,14,12,13,210
3.0,14,12,14,211
3.0,14,12,15,211
3.0,14,13,0,202
3.0,14,13,1,203
3.0,14,13,2,204
3.0,14,13,3,204
3.0,14,13,4,205
3.0,14,13,5,206
3.0,14,13,6,206
3.0,14,13,7,207
3.0,14,13,8,207
3.0,14,13,9,208
3.0,14,13,10,209
3.0,14,13,11,209
3.0,14,13,12,210
3.0,14,13,13,211
3.0,14,13,14,211
3.0,14,13,15,212
3.0,14,14,0,203
3.0,14,14,1,204
3.0,14,14,2,204
3.0,14,14,3,205
3.0,14,14,4,206
3.0,14,14,5,206
3.0,14,14,6,207
3.0,14,14,7,207
3.0,14,14,8,208
3.0,14,14,9,209
3.0,14,14,10,209
3.0,14,14,11,210
3.0,14,14,12,211
3.0,14,14,13,211
3.0,14,14,14,212
3.0,14,14,15,213
3.0,14,15,0,204
3.0,14,15,1,204
3.0,14,15,2,205
3.0,14,15,3,206
3.0,14,15,4,206
3.0,14,15,5,207
3.0,14,15,6,207
3.0,14,15,7,208
3.0,14,15,8,209
3.0,14,15,9,209
3.0,14,15,10,210
3.0,14,15,11,211
3.0,14,15,12,211
3.0,14,15,13,212
3.0,14,15,14,213
3.0,14,15,15,213
3.0,15,0,0,195
3.0,15,0,1,195
3.0,15,0,2,196
3.0,15,0,3,197
3.0,15,0,4,197
3.0,15,0,5,198
3.0,15,0,6,198
3.0,15,0,7,199
3.0,15,0,8,200
3.0,15,0,9,200
3.0,15,0,10,201
3.0,15,0,11,202
3.0,15,0,12,202
3.0,15,0,13,203
3.0,15,0,14,203
3.0,15,0,15,204
3.0,15,1,0,195
3.0,15,1,1,196
3.0,15,1,2,197
3.0,15,1,3,197
3.0,15,1,4,198
3.0,15,1,5,198
3.0,15,1,6,199
3.0,15,1,7,200
3.0,15,1,8,200
3.0,15,1,9,201
3.0,15,1,10,202
3.0,15,1,11,202
3.0,15,1,12,203
3.0,15,1,13,203
3.0,15,1,14,204
3.0,15,1,15,205
3.0,15,2,0,196
3.0,15,2,1,197
3.0,15,2,2,197
3.0,15,2,3,198
3.0,15,2,4,199
3.0,15,2,5,199
3.0,15,2,6,200
3.0,15,2,7,200
3.0,15,2,8,201
3.0,15,2,9,202
3.0,15,2,10,202
3.0,15,2,11,203
3.0,15,2,12,203
3.0,15,2,13,204
3.0,15,2,14,205
3.0,15,2,15,205
3.0,15,3,0,197
3.0,15,3,1,197
3.0,15,3,2,198
3.0,15,3,3,199
3.0,15,3,4,199
3.0,15,3,5,200
3.0,15,3,6,200
3.0,15,3,7,201
3.0,15,3,8,202
3.0,15,3,9,202
3.0,15,3,10,203
3.0,15,3,11,204
3.0,15,3,12,204
3.0,15,3,13,205
3.0,15,3,14,205
3.0,15,3,15,206
3.0,15,4,0,197
3.0,15,4,1,198
3.0,15,4,2,199
3.0,15,4,3,199
3.0,15,4,4,200
3.0,15,4,5,200
3.0,15,4,6,201
3.0,15,4,7,202
3.0,15,4,8,202
3.0,15,4,9,203
3.0,15,4,10,204
3.0,15,4,11,204
3.0,15,4,12,205
3.0,15,4,13,205
3.0,15,4,14,206
3.0,15,4,15,207
3.0,15,5,0,198
3.0,15,5,1,199
3.0,15,5,2,199
3.0,15,5,3,200
3.0,15,5,4,201
3.0,15,5,5,201
3.0,15,5,6,202
3.0,15,5,7,202
3.0,15,5,8,203
3.0,15,5,9,204
3.0,15,5,10,204
3.0,15,5,11,205
3.0,15,5,12,205
3.0,15,5,13,206
3.0,15,5,14,207
3.0,15,5,15,207
3.0,15,6,0,199
3.0,15,6,1,199
3.0,15,6,2,200
3.0,15,6,3,201
3.0,15,6,4,201
3.0,15,6,5,202
3.0,15,6,6,202
3.0,15,6,7,203
3.0,15,6,8,204
3.0,15,6,9,204
3.0,15,6,10,205
3.0,15,6,11,206
3.0,15,6,12,206
3.0,15,6,13,207
3.0,15,6,14,207
3.0,15,6,15,208
3.0,15,7,0,199
3.0,15,7,1,200
3.0,15,7,2,201
3.0,15,7,3,201
3.0,15,7,4,202
3.0,15,7,5,202
3.0,15,7,6,203
3.0,15,7,7,204
3.0,15,7,8,204
3.0,15,7,9,205
3.0,15,7,10,206
3.0,15,7,11,206
3.0,15,7,12,207
3.0,15,7,13,207
3.0,15,7,14,208
3.0,15,7,15,209
3.0,15,8,0,200
3.0,15,8,1,201
3.0,15,8,2,201
3.0,15,8,3,202
3.0,15,8,4,202
3.0,15,8,5,203
3.0,15,8,6,204
3.0,15,8,7,204
3.0,15,8,8,205
3.0,15,8,9,206
3.0,15,8,10,206
3.0,15,8,11,207
3.0,15,8,12,207
3.0,15,8,13,208
3.0,15,8,14,209
3.0,15,8,15,209
3.0,15,9,0,201
3.0,15,9,1,201
3.0,15,9,2,202
3.0,15,9,3,202
3.0,15,9,4,203
3.0,15,9,5,204
3.0,15,9,6,204
3.0,15,9,7,205
3.0,15,9,8,206
3.0,15,9,9,206
3.0,15,9,10,207
3.0,15,9,11,208
3.0,15,9,12,208
3.0,15,9,13,209
3.0,15,9,14,209
3.0,15,9,15,210
3.0,15,10,0,201
3.0,15,10,1,202
3.0,15,10,2,202
3.0,15,10,3,203
3.0,15,10,4,204
3.0,15,10,5,204
3.0,15,10,6,205
3.0,15,10,7,206
3.0,15,10,8,206
3.0,15,10,9,207
3.0,15,10,10,208
3.0,15,10,11,208
3.0,15,10,12,209
3.0,15,10,13,209
3.0,15,10,14,210
3.0,15,10,15,211
3.0,15,11,0,202
3.0,15,11,1,202
3.0,15,11,2,203
3.0,15,11,3,204
3.0,15,11,4,204
3.0,15,11,5,205
3.0,15,11,6,206
3.0,15,11,7,206
3.0,15,11,8,207
3.0,15,11,9,208
3.0,15,11,10,208
3.0,15,11,11,209
3.0,15,11,12,209
3.0,15,11,13,210
3.0,15,11,14,211
3.0,15,11,15,211
3.0,15,12,0,202
3.0,15,12,1,203
3.0,15,12,2,204
3.0,15,12,3,204
3.0,15,12,4,205
3.0,15,12,5,206
3.0,15,12,6,206
3.0,15,12,7,207
3.0,15,12,8,208
3.0,15,12,9,208
3.0,15,12,10,209
3.0,15,12,11,209
3.0,15,12,12,210
3.0,15,12,13,211
3.0,15,12,14,211
3.0,15,12,15,212
3.0,15,13,0,203
3.0,15,13,1,204
3.0,15,13,2,204
3.0,15,13,3,205
3.0,15,13,4,206
3.0,15,13,5,206
3.0,15,13,6,207
3.0,15,13,7,208
3.0,15,13,8,208
3.0,15,13,9,209
3.0,15,13,10,210
3.0,15,13,11,210
3.0,15,13,12,211
3.0,15,13,13,211
3.0,15,13,14,212
3.0,15,13,15,213
3.0,15,14,0,204
3.0,15,14,1,204
3.0,15,14,2,205
3.0,15,14,3,206
3.0,15,14,4,206
3.0,15,14,5,207
3.0,15,14,6,208
3.0,15,14,7,208
3.0,15,14,8,209
3.0,15,14,9,210
3.0,15,14,10,210
3.0,15,14,11,211
3.0,15,14,12,211
3.0,15,14,13,212
3.0,15,14,14,213
3.0,15,14,15,213
3.0,15,15,0,204
3.0,15,15,1,205
3.0,15,15,2,206
3.0,15,15,3,206
3.0,15,15,4,207
3.0,15,15,5,208
3.0,15,15,6,208
3.0,15,15,7,209
3.0,15,15,8,210
3.0,15,15,9,210
3.0,15,15,10,211
3.0,15,15,11,211
3.0,15,15,12,212
3.0,15,15,13,213
3.0,15,15,14,213
3.0,15,15,15,214
3.5,0,0,0,221
3.5,0,0,1,222
3.5,0,0,2,223
3.5,0,0,3,224
3.5,0,0,4,224
3.5,0,0,5,225
3.5,0,0,6,226
3.5,0,0,7,226
3.5,0,0,8,227
3.5,0,0,9,228
3.5,0,0,10,229
3.5,0,0,11,229
3.5,0,0,12,230
3.5,0,0,13,231
3.5,0,0,14,231
3.5,0,0,15,232
3.5,0,1,0,222
3.5,0,1,1,223
3.5,0,1,2,224
3.5,0,1,3,224
3.5,0,1,4,225
3.5,0,1,5,226
3.5,0,1,6,227
3.5,0,1,7,227
3.5,0,1,8,228
3.5,0,1,9,229
3.5,0,1,10,229
3.5,0,1,11,230
3.5,0,1,12,231
3.5,0,1,13,231
3.5,0,1,14,232
3.5,0,1,15,233
3.5,0,2,0,223
3.5,0,2,1,224
3.5,0,2,2,224
3.5,0,2,3,225
3.5,0,2,4,226
3.5,0,2,5,227
3.5,0,2,6,227
3.5,0,2,7,228
3.5,0,2,8,229
3.5,0,2,9,229
3.5,0,2,10,230
3.5,0,2,11,231
3.5,0,2,12,231
3.5,0,2,13,232
3.5,0,2,14,233
3.5,0,2,15,234
3.5,0,3,0,224
3.5,0,3,1,224
3.5,0,3,2,225
3.5,0,3,3,226
3.5,0,3,4,227
3.5,0,3,5,227
3.5,0,3,6,228
3.5,0,3,7,229
3.5,0,3,8,229
3.5,0,3,9,230
3.5,0,3,10,231
3.5,0,3,11,232
3.5,0,3,12,232
3.5,0,3,13,233
3.5,0,3,14,234
3.5,0,3,15,234
3.5,0,4,0,224
3.5,0,4,1,225
3.5,0,4,2,226
3.5,0,4,3,227
3.5,0,4,4,227
3.5,0,4,5,228
3.5,0,4,6,229
3.5,0,4,7,229
3.5,0,4,8,230
3.5,0,4,9,231
3.5,0,4,10,232
3.5,0,4,11,232
3.5,0,4,12,233
3.5,0,4,13,234
3.5,0,4,14,234
3.5,0,4,15,235
3.5,0,5,0,225
3.5,0,5,1,226
3.5,0,5,2,227
3.5,0,5,3,227
3.5,0,5,4,228
3.5,0,5,5,229
3.5,0,5,6,230
3.5,0,5,7,230
3.5,0,5,8,231
3.5,0,5,9,232
3.5,0,5,10,232
3.5,0,5,11,233
3.5,0,5,12,234
3.5,0,5,13,234
3.5,0,5,14,235
3.5,0,5,15,236
3.5,0,6,0,226
3.5,0,6,1,227
3.5,0,6,2,227
3.5,0,6,3,228
3.5,0,6,4,229
3.5,0,6,5,230
3.5,0,6,6,230
3.5,0,6,7,231
3.5,0,6,8,232
3.5,0,6,9,232
3.5,0,6,10,233
3.5,0,6,11,234
3.5,0,6,12,235
3.5,0,6,13,235
3.5,0,6,14,236
3.5,0,6,15,237
3.5,0,7,0,227
3.5,0,7,1,227
3.5,0,7,2,228
3.5,0,7,3,229
3.5,0,7,4,230
3.5,0,7,5,230
3.5,0,7,6,231
3.5,0,7,7,232
3.5,0,7,8,232
3.5,0,7,9,233
3.5,0,7,10,234
3.5,0,7,11,235
3.5,0,7,12,235
3.5,0,7,13,236
3.5,0,7,14,237
3.5,0,7,15,237
3.5,0,8,0,227
3.5,0,8,1,228
3.5,0,8,2,229
3.5,0,8,3,230
3.5,0,8,4,230
3.5,0,8,5,231
3.5,0,8,6,232
3.5,0,8,7,232
3.5,0,8,8,233
3.5,0,8,9,234
3.5,0,8,10,235
3.5,0,8,11,235
3.5,0,8,12,236
3.5,0,8,13,237
3.5,0,8,14,237
3.5,0,8,15,238
3.5,0,9,0,228
3.5,0,9,1,229
3.5,0,9,2,230
3.5,0,9,3,230
3.5,0,9,4,231
3.5,0,9,5,232
3.5,0,9,6,232
3.5,0,9,7,233
3.5,0,9,8,234
3.5,0,9,9,235
3.5,0,9,10,235
3.5,0,9,11,236
3.5,0,9,12,237
3.5,0,9,13,237
3.5,0,9,14,238
3.5,0,9,15,239
3.5,0,10,0,229
3.5,0,10,1,230
3.5,0,10,2,230
3.5,0,10,3,231
3.5,0,10,4,232
3.5,0,10,5,232
3.5,0,10,6,233
3.5,0,10,7,234
3.5,0,10,8,235
3.5,0,10,9,235
3.5,0,10,10,236
3.5,0,10,11,237
3.5,0,10,12,238
3.5,0,10,13,238
3.5,0,10,14,239
3.5,0,10,15,240
3.5,0,11,0,230
3.5,0,11,1,230
3.5,0,11,2,231
3.5,0,11,3,232
3.5,0,11,4,232
3.5,0,11,5,233
3.5,0,11,6,234
3.5,0,11,7,235
3.5,0,11,8,235
3.5,0,11,9,236
3.5,0,11,10,237
3.5,0,11,11,238
3.5,0,11,12,238
3.5,0,11,13,239
3.5,0,11,14,240
3.5,0,11,15,240
3.5,0,12,0,230
3.5,0,12,1,231
3.5,0,12,2,232
3.5,0,12,3,232
3.5,0,12,4,233
3.5,0,12,5,234
3.5,0,12,6,235
3.5,0,12,7,235
3.5,0,12,8,236
3.5,0,12,9,237
3.5,0,12,10,238
3.5,0,12,11,238
3.5,0,12,12,239
3.5,0,12,13,240
3.5,0,12,14,240
3.5,0,12,15,241
3.5,0,13,0,231
3.5,0,13,1,232
3.5,0,13,2,232
3.5,0,13,3,233
3.5,0,13,4,234
3.5,0,13,5,235
3.5,0,13,6,235
3.5,0,13,7,236
3.5,0,13,8,237
3.5,0,13,9,238
3.5,0,13,10,238
3.5,0,13,11,239
3.5,0,13,12,240
3.5,0,13,13,240
3.5,0,13,14,241
3.5,0,13,15,242
3.5,0,14,0,232
3.5,0,14,1,232
3.5,0,14,2,233
3.5,0,14,3,234
3.5,0,14,4,235
3.5,0,14,5,235
3.5,0,14,6,236
3.5,0,14,7,237
3.5,0,14,8,238
3.5,0,14,9,238
3.5,0,14,10,239
3.5,0,14,11,240
3.5,0,14,12,241
3.5,0,14,13,241
3.5,0,14,14,242
3.5,0,14,15,243
3.5,0,15,0,232
3.5,0,15,1,233
3.5,0,15,2,234
3.5,0,15,3,235
3.5,0,15,4,235
3.5,0,15,5,236
3.5,0,15,6,237
3.5,0,15,7,238
3.5,0,15,8,238
3.5,0,15,9,239
3.5,0,15,10,240
3.5,0,15,11,241
3.5,0,15,12,241
3.5,0,15,13,242
3.5,0,15,14,243
3.5,0,15,15,243
3.5,1,0,0,222
3.5,1,0,1,223
3.5,1,0,2,224
3.5,1,0,3,224
3.5,1,0,4,225
3.5,1,0,5,226
3.5,1,0,6,227
3.5,1,0,7,227
3.5,1,0,8,228
3.5,1,0,9,229
3.5,1,0,10,229
3.5,1,0,11,230
3.5,1,0,12,231
3.5,1,0,13,231
3.5,1,0,14,232
3.5,1,0,15,233
3.5,1,1,0,223
3.5,1,1,1,224
3.5,1,1,2,225
3.5,1,1,3,225
3.5,1,1,4,226
3.5,1,1,5,227
3.5,1,1,6,227
3.5,1,1,7,228
3.5,1,1,8,229
3.5,1,1,9,229
3.5,1,1,10,230
3.5,1,1,11,231
3.5,1,1,12,232
3.5,1,1,13,232
3.5,1,1,14,233
3.5,1,1,15,234
3.5,1,2,0,224
3.5,1,2,1,225
3.5,1,2,2,225
3.5,1,2,3,226
3.5,1,2,4,227
3.5,1,2,5,227
3.5,1,2,6,228
3.5,1,2,7,229
3.5,1,2,8,230
3.5,1,2,9,230
3.5,1,2,10,231
3.5,1,2,11,232
3.5,1,2,12,232
3.5,1,2,13,233
3.5,1,2,14,234
3.5,1,2,15,234
3.5,1,3,0,225
3.5,1,3,1,225
3.5,1,3,2,226
3.5,1,3,3,227
3.5,1,3,4,227
3.5,1,3,5,228
3.5,1,3,6,229
3.5,1,3,7,230
3.5,1,3,8,230
3.5,1,3,9,231
3.5,1,3,10,232
3.5,1,3,11,232
3.5,1,3,12,233
3.5,1,3,13,234
3.5,1,3,14,235
3.5,1,3,15,235
3.5,1,4,0,225
3.5,1,4,1,226
3.5,1,4,2,227
3.5,1,4,3,227
3.5,1,4,4,228
3.5,1,4,5,229
3.5,1,4,6,230
3.5,1,4,7,230
3.5,1,4,8,231
3.5,1,4,9,232
3.5,1,4,10,232
3.5,1,4,11,233
3.5,1,4,12,234
3.5,1,4,13,235
3.5,1,4,14,235
3.5,1,4,15,236
3.5,1,5,0,226
3.5,1,5,1,227
3.5,1,5,2,228
3.5,1,5,3,228
3.5,1,5,4,229
3.5,1,5,5,230
3.5,1,5,6,230
3.5,1,5,7,231
3.5,1,5,8,232
3.5,1,5,9,233
3.5,1,5,10,233
3.5,1,5,11,234
3.5,1,5,12,235
3.5,1,5,13,235
3.5,1,5,14,236
3.5,1,5,15,237
3.5,1,6,0,227
3.5,1,6,1,228
3.5,1,6,2,228
3.5,1,6,3,229
3.5,1,6,4,230
3.5,1,6,5,230
3.5,1,6,6,231
3.5,1,6,7,232
3.5,1,6,8,233
3.5,1,6,9,233
3.5,1,6,10,234
3.5,1,6,11,235
3.5,1,6,12,235
3.5,1,6,13,236
3.5,1,6,14,237
3.5,1,6,15,238
3.5,1,7,0,228
3.5,1,7,1,228
3.5,1,7,2,229
3.5,1,7,3,230
3.5,1,7,4,230
3.5,1,7,5,231
3.5,1,7,6,232
3.5,1,7,7,233
3.5,1,7,8,233
3.5,1,7,9,234
3.5,1,7,10,235
3.5,1,7,11,235
3.5,1,7,12,236
3.5,1,7,13,237
3.5,1,7,14,238
3.5,1,7,15,238
3.5,1,8,0,228
3.5,1,8,1,229
3.5,1,8,2,230
3.5,1,8,3,230
3.5,1,8,4,231
3.5,1,8,5,232
3.5,1,8,6,233
3.5,1,8,7,233
3.5,1,8,8,234
3.5,1,8,9,235
3.5,1,8,10,236
3.5,1,8,11,236
3.5,1,8,12,237
3.5,1,8,13,238
3.5,1,8,14,238
3.5,1,8,15,239
3.5,1,9,0,229
3.5,1,9,1,230
3.5,1,9,2,230
3.5,1,9,3,231
3.5,1,9,4,232
3.5,1,9,5,233
3.5,1,9,6,233
3.5,1,9,7,234
3.5,1,9,8,235
3.5,1,9,9,236
3.5,1,9,10,236
3.5,1,9,11,237
3.5,1,9,12,238
3.5,1,9,13,238
3.5,1,9,14,239
3.5,1,9,15,240
3.5,1,10,0,230
3.5,1,10,1,230
3.5,1,10,2,231
3.5,1,10,3,232
3.5,1,10,4,233
3.5,1,10,5,233
3.5,1,10,6,234
3.5,1,10,7,235
3.5,1,10,8,236
3.5,1,10,9,236
3.5,1,10,10,237
3.5,1,10,11,238
3.5,1,10,12,238
3.5,1,10,13,239
3.5,1,10,14,240
3.5,1,10,15,241
3.5,1,11,0,230
3.5,1,11,1,231
3.5,1,11,2,232
3.5,1,11,3,233
3.5,1,11,4,233
3.5,1,11,5,234
3.5,1,11,6,235
3.5,1,11,7,236
3.5,1,11,8,236
3.5,1,11,9,237
3.5,1,11,10,238
3.5,1,11,11,238
3.5,1,11,12,239
3.5,1,11,13,240
3.5,1,11,14,241
3.5,1,11,15,241
3.5,1,12,0,231
3.5,1,12,1,232
3.5,1,12,2,233
3.5,1,12,3,233
3.5,1,12,4,234
3.5,1,12,5,235
3.5,1,12,6,236
3.5,1,12,7,236
3.5,1,12,8,237
3.5,1,12,9,238
3.5,1,12,10,238
3.5,1,12,11,239
3.5,1,12,12,240
3.5,1,12,13,241
3.5,1,12,14,241
3.5,1,12,15,242
3.5,1,13,0,232
3.5,1,13,1,233
3.5,1,13,2,233
3.5,1,13,3,234
3.5,1,13,4,235
3.5,1,13,5,236
3.5,1,13,6,236
3.5,1,13,7,237
3.5,1,13,8,238
3.5,1,13,9,239
3.5,1,13,10,239
3.5,1,13,11,240
3.5,1,13,12,241
3.5,1,13,13,241
3.5,1,13,14,242
3.5,1,13,15,243
3.5,1,14,0,233
3.5,1,14,1,233
3.5,1,14,2,234
3.5,1,14,3,235
3.5,1,14,4,236
3.5,1,14,5,236
3.5,1,14,6,237
3.5,1,14,7,238
3.5,1,14,8,239
3.5,1,14,9,239
3.5,1,14,10,240
3.5,1,14,11,241
3.5,1,14,12,241
3.5,1,14,13,242
3.5,1,14,14,243
3.5,1,14,15,244
3.5,1,15,0,233
3.5,1,15,1,234
3.5,1,15,2,235
3.5,1,15,3,236
3.5,1,15,4,236
3.5,1,15,5,237
3.5,1,15,6,238
3.5,1,15,7,239
3.5,1,15,8,239
3.5,1,15,9,240
3.5,1,15,10,241
3.5,1,15,11,241
3.5,1,15,12,242
3.5,1,15,13,243
3.5,1,15,14,244
3.5,1,15,15,244
3.5,2,0,0,223
3.5,2,0,1,224
3.5,2,0,2,225
3.5,2,0,3,225
3.5,2,0,4,226
3.5,2,0,5,227
3.5,2,0,6,227
3.5,2,0,7,228
3.5,2,0,8,229
3.5,2,0,9,230
3.5,2,0,10,230
3.5,2,0,11,231
3.5,2,0,12,232
3.5,2,0,13,232
3.5,2,0,14,233
3.5,2,0,15,234
3.5,2,1,0,224
3.5,2,1,1,225
3.5,2,1,2,225
3.5,2,1,3,226
3.5,2,1,4,227
3.5,2,1,5,228
3.5,2,1,6,228
3.5,2,1,7,229
3.5,2,1,8,230
3.5,2,1,9,230
3.5,2,1,10,231
3.5,2,1,11,232
3.5,2,1,12,232
3.5,2,1,13,233
3.5,2,1,14,234
3.5,2,1,15,235
3.5,2,2,0,225
3.5,2,2,1,225
3.5,2,2,2,226
3.5,2,2,3,227
3.5,2,2,4,228
3.5,2,2,5,228
3.5,2,2,6,229
3.5,2,2,7,230
3.5,2,2,8,230
3.5,2,2,9,231
3.5,2,2,10,232
3.5,2,2,11,233
3.5,2,2,12,233
3.5,2,2,13,234
3.5,2,2,14,235
3.5,2,2,15,235
3.5,2,3,0,225
3.5,2,3,1,226
3.5,2,3,2,227
3.5,2,3,3,228
3.5,2,3,4,228
3.5,2,3,5,229
3.5,2,3,6,230
3.5,2,3,7,230
3.5,2,3,8,231
3.5,2,3,9,232
3.5,2,3,10,233
3.5,2,3,11,233
3.5,2,3,12,234
3.5,2,3,13,235
3.5,2,3,14,235
3.5,2,3,15,236
3.5,2,4,0,226
3.5,2,4,1,227
3.5,2,4,2,228
3.5,2,4,3,228
3.5,2,4,4,229
3.5,2,4,5,230
3.5,2,4,6,231
3.5,2,4,7,231
3.5,2,4,8,232
3.5,2,4,9,233
3.5,2,4,10,233
3.5,2,4,11,234
3.5,2,4,12,235
3.5,2,4,13,235
3.5,2,4,14,236
3.5,2,4,15,237
3.5,2,5,0,227
3.5,2,5,1,228
3.5,2,5,2,228
3.5,2,5,3,229
3.5,2,5,4,230
3.5,2,5,5,231
3.5,2,5,6,231
3.5,2,5,7,232
3.5,2,5,8,233
3.5,2,5,9,233
3.5,2,5,10,234
3.5,2,5,11,235
3.5,2,5,12,236
3.5,2,5,13,236
3.5,2,5,14,237
3.5,2,5,15,238
3.5,2,6,0,228
3.5,2,6,1,228
3.5,2,6,2,229
3.5,2,6,3,230
3.5,2,6,4,231
3.5,2,6,5,231
3.5,2,6,6,232
3.5,2,6,7,233
3.5,2,6,8,233
3.5,2,6,9,234
3.5,2,6,10,235
3.5,2,6,11,236
3.5,2,6,12,236
3.5,2,6,13,237
3.5,2,6,14,238
3.5,2,6,15,238
3.5,2,7,0,228
3.5,2,7,1,229
3.5,2,7,2,230
3.5,2,7,3,231
3.5,2,7,4,231
3.5,2,7,5,232
3.5,2,7,6,233
3.5,2,7,7,233
3.5,2,7,8,234
3.5,2,7,9,235
3.5,2,7,10,236
3.5,2,7,11,236
3.5,2,7,12,237
3.5,2,7,13,238
3.5,2,7,14,238
3.5,2,7,15,239
3.5,2,8,0,229
3.5,2,8,1,230
3.5,2,8,2,231
3.5,2,8,3,231
3.5,2,8,4,232
3.5,2,8,5,233
3.5,2,8,6,234
3.5,2,8,7,234
3.5,2,8,8,235
3.5,2,8,9,236
3.5,2,8,10,236
3.5,2,8,11,237
3.5,2,8,12,238
3.5,2,8,13,239
3.5,2,8,14,239
3.5,2,8,15,240
3.5,2,9,0,230
3.5,2,9,1,231
3.5,2,9,2,231
3.5,2,9,3,232
3.5,2,9,4,233
3.5,2,9,5,234
3.5,2,9,6,234
3.5,2,9,7,235
3.5,2,9,8,236
3.5,2,9,9,236
3.5,2,9,10,237
3.5,2,9,11,238
3.5,2,9,12,239
3.5,2,9,13,239
3.5,2,9,14,240
3.5,2,9,15,241
3.5,2,10,0,231
3.5,2,10,1,231
3.5,2,10,2,232
3.5,2,10,3,233
3.5,2,10,4,234
3.5,2,10,5,234
3.5,2,10,6,235
3.5,2,10,7,236
3.5,2,10,8,236
3.5,2,10,9,237
3.5,2,10,10,238
3.5,2,10,11,239
3.5,2,10,12,239
3.5,2,10,13,240
3.5,2,10,14,241
3.5,2,10,15,241
3.5,2,11,0,231
3.5,2,11,1,232
3.5,2,11,2,233
3.5,2,11,3,234
3.5,2,11,4,234
3.5,2,11,5,235
3.5,2,11,6,236
3.5,2,11,7,236
3.5,2,11,8,237
3.5,2,11,9,238
3.5,2,11,10,239
3.5,2,11,11,239
3.5,2,11,12,240
3.5,2,11,13,241
3.5,2,11,14,242
3.5,2,11,15,242
3.5,2,12,0,232
3.5,2,12,1,233
3.5,2,12,2,234
3.5,2,12,3,234
3.5,2,12,4,235
3.5,2,12,5,236
3.5,2,12,6,236
3.5,2,12,7,237
3.5,2,12,8,238
3.5,2,12,9,239
3.5,2,12,10,239
3.5,2,12,11,240
3.5,2,12,12,241
3.5,2,12,13,242
3.5,2,12,14,242
3.5,2,12,15,243
3.5,2,13,0,233
3.5,2,13,1,233
3.5,2,13,2,234
3.5,2,13,3,235
3.5,2,13,4,236
3.5,2,13,5,236
3.5,2,13,6,237
3.5,2,13,7,238
3.5,2,13,8,239
3.5,2,13,9,239
3.5,2,13,10,240
3.5,2,13,11,241
3.5,2,13,12,242
3.5,2,13,13,242
3.5,2,13,14,243
3.5,2,13,15,244
3.5,2,14,0,233
3.5,2,14,1,234
3.5,2,14,2,235
3.5,2,14,3,236
3.5,2,14,4,236
3.5,2,14,5,237
3.5,2,14,6,238
3.5,2,14,7,239
3.5,2,14,8,239
3.5,2,14,9,240
3.5,2,14,10,241
3.5,2,14,11,242
3.5,2,14,12,242
3.5,2,14,13,243
3.5,2,14,14,244
3.5,2,14,15,245
3.5,2,15,0,234
3.5,2,15,1,235
3.5,2,15,2,236
3.5,2,15,3,236
3.5,2,15,4,237
3.5,2,15,5,238
3.5,2,15,6,239
3.5,2,15,7,239
3.5,2,15,8,240
3.5,2,15,9,241
3.5,2,15,10,242
3.5,2,15,11,242
3.5,2,15,12,243
3.5,2,15,13,244
3.5,2,15,14,245
3.5,2,15,15,245
3.5,3,0,0,224
3.5,3,0,1,225
3.5,3,0,2,225
3.5,3,0,3,226
3.5,3,0,4,227
3.5,3,0,5,228
3.5,3,0,6,228
3.5,3,0,7,229
3.5,3,0,8,230
3.5,3,0,9,230
3.5,3,0,10,231
3.5,3,0,11,232
3.5,3,0,12,233
3.5,3,0,13,233
3.5,3,0,14,234
3.5,3,0,15,235
3.5,3,1,0,225
3.5,3,1,1,226
3.5,3,1,2,226
3.5,3,1,3,227
3.5,3,1,4,228
3.5,3,1,5,228
3.5,3,1,6,229
3.5,3,1,7,230
3.5,3,1,8,231
3.5,3,1,9,231
3.5,3,1,10,232
3.5,3,1,11,233
3.5,3,1,12,233
3.5,3,1,13,234
3.5,3,1,14,235
3.5,3,1,15,235
3.5,3,2,0,226
3.5,3,2,1,226
3.5,3,2,2,227
3.5,3,2,3,228
3.5,3,2,4,228
3.5,3,2,5,229
3.5,3,2,6,230
3.5,3,2,7,231
3.5,3,2,8,231
3.5,3,2,9,232
3.5,3,2,10,233
3.5,3,2,11,233
3.5,3,2,12,234
3.5,3,2,13,235
3.5,3,2,14,236
3.5,3,2,15,236
3.5,3,3,0,226
3.5,3,3,1,227
3.5,3,3,2,228
3.5,3,3,3,228
3.5,3,3,4,229
3.5,3,3,5,230
3.5,3,3,6,231
3.5,3,3,7,231
3.5,3,3,8,232
3.5,3,3,9,233
3.5,3,3,10,233
3.5,3,3,11,234
3.5,3,3,12,235
3.5,3,3,13,236
3.5,3,3,14,236
3.5,3,3,15,237
3.5,3,4,0,227
3.5,3,4,1,228
3.5,3,4,2,228
3.5,3,4,3,229
3.5,3,4,4,230
3.5,3,4,5,231
3.5,3,4,6,231
3.5,3,4,7,232
3.5,3,4,8,233
3.5,3,4,9,234
3.5,3,4,10,234
3.5,3,4,11,235
3.5,3,4,12,236
3.5,3,4,13,236
3.5,3,4,14,237
3.5,3,4,15,238
3.5,3,5,0,228
3.5,3,5,1,229
3.5,3,5,2,229
3.5,3,5,3,230
3.5,3,5,4,231
3.5,3,5,5,231
3.5,3,5,6,232
3.5,3,5,7,233
3.5,3,5,8,234
3.5,3,5,9,234
3.5,3,5,10,235
3.5,3,5,11,236
3.5,3,5,12,236
3.5,3,5,13,237
3.5,3,5,14,238
3.5,3,5,15,239
3.5,3,6,0,229
3.5,3,6,1,229
3.5,3,6,2,230
3.5,3,6,3,231
3.5,3,6,4,231
3.5,3,6,5,232
3.5,3,6,6,233
3.5,3,6,7,234
3.5,3,6,8,234
3.5,3,6,9,235
3.5,3,6,10,236
3.5,3,6,11,237
3.5,3,6,12,237
3.5,3,6,13,238
3.5,3,6,14,239
3.5,3,6,15,239
3.5,3,7,0,229
3.5,3,7,1,230
3.5,3,7,2,231
3.5,3,7,3,231
3.5,3,7,4,232
3.5,3,7,5,233
3.5,3,7,6,234
3.5,3,7,7,234
3.5,3,7,8,235
3.5,3,7,9,236
3.5,3,7,10,237
3.5,3,7,11,237
3.5,3,7,12,238
3.5,3,7,13,239
3.5,3,7,14,239
3.5,3,7,15,240
3.5,3,8,0,230
3.5,3,8,1,231
3.5,3,8,2,231
3.5,3,8,3,232
3.5,3,8,4,233
3.5,3,8,5,234
3.5,3,8,6,234
3.5,3,8,7,235
3.5,3,8,8,236
3.5,3,8,9,237
3.5,3,8,10,237
3.5,3,8,11,238
3.5,3,8,12,239
3.5,3,8,13,239
3.5,3,8,14,240
3.5,3,8,15,241
3.5,3,9,0,231
3.5,3,9,1,231
3.5,3,9,2,232
3.5,3,9,3,233
3.5,3,9,4,234
3.5,3,9,5,234
3.5,3,9,6,235
3.5,3,9,7,236
3.5,3,9,8,237
3.5,3,9,9,237
3.5,3,9,10,238
3.5,3,9,11,239
3.5,3,9,12,240
3.5,3,9,13,240
3.5,3,9,14,241
3.5,3,9,15,242
3.5,3,10,0,231
3.5,3,10,1,232
3.5,3,10,2,233
3.5,3,10,3,234
3.5,3,10,4,234
3.5,3,10,5,235
3.5,3,10,6,236
3.5,3,10,7,237
3.5,3,10,8,237
3.5,3,10,9,238
3.5,3,10,10,239
3.5,3,10,11,240
3.5,3,10,12,240
3.5,3,10,13,241
3.5,3,10,14,242
3.5,3,10,15,242
3.5,3,11,0,232
3.5,3,11,1,233
3.5,3,11,2,234
3.5,3,11,3,234
3.5,3,11,4,235
3.5,3,11,5,236
3.5,3,11,6,237
3.5,3,11,7,237
3.5,3,11,8,238
3.5,3,11,9,239
3.5,3,11,10,240
3.5,3,11,11,240
3.5,3,11,12,241
3.5,3,11,13,242
3.5,3,11,14,242
3.5,3,11,15,243
3.5,3,12,0,233
3.5,3,12,1,234
3.5,3,12,2,234
3.5,3,12,3,235
3.5,3,12,4,236
3.5,3,12,5,237
3.5,3,12,6,237
3.5,3,12,7,238
3.5,3,12,8,239
3.5,3,12,9,240
3.5,3,12,10,240
3.5,3,12,11,241
3.5,3,12,12,242
3.5,3,12,13,242
3.5,3,12,14,243
3.5,3,12,15,244
3.5,3,13,0,234
3.5,3,13,1,234
3.5,3,13,2,235
3.5,3,13,3,236
3.5,3,13,4,237
3.5,3,13,5,237
3.5,3,13,6,238
3.5,3,13,7,239
3.5,3,13,8,240
3.5,3,13,9,240
3.5,3,13,10,241
3.5,3,13,11,242
3.5,3,13,12,243
3.5,3,13,13,243
3.5,3,13,14,244
3.5,3,13,15,245
3.5,3,14,0,234
3.5,3,14,1,235
3.5,3,14,2,236
3.5,3,14,3,237
3.5,3,14,4,237
3.5,3,14,5,238
3.5,3,14,6,239
3.5,3,14,7,240
3.5,3,14,8,240
3.5,3,14,9,241
3.5,3,14,10,242
3.5,3,14,11,243
3.5,3,14,12,243
3.5,3,14,13,244
3.5,3,14,14,245
3.5,3,14,15,245
3.5,3,15,0,235
3.5,3,15,1,236
3.5,3,15,2,237
3.5,3,15,3,237
3.5,3,15,4,238
3.5,3,15,5,239
3.5,3,15,6,240
3.5,3,15,7,240
3.5,3,15,8,241
3.5,3,15,9,242
3.5,3,15,10,243
3.5,3,15,11,243
3.5,3,15,12,244
3.5,3,15,13,245
3.5,3,15,14,245
3.5,3,15,15,246
3.5,4,0,0,225
3.5,4,0,1,226
3.5,4,0,2,226
3.5,4,0,3,227
3.5,4,0,4,228
3.5,4,0,5,228
3.5,4,0,6,229
3.5,4,0,7,230
3.5,4,0,8,231
3.5,4,0,9,231
3.5,4,0,10,232
3.5,4,0,11,233
3.5,4,0,12,233
3.5,4,0,13,234
3.5,4,0,14,235
3.5,4,0,15,236
3.5,4,1,0,226
3.5,4,1,1,226
3.5,4,1,2,227
3.5,4,1,3,228
3.5,4,1,4,229
3.5,4,1,5,229
3.5,4,1,6,230
3.5,4,1,7,231
3.5,4,1,8,231
3.5,4,1,9,232
3.5,4,1,10,233
3.5,4,1,11,234
3.5,4,1,12,234
3.5,4,1,13,235
3.5,4,1,14,236
3.5,4,1,15,236
3.5,4,2,0,226
3.5,4,2,1,227
3.5,4,2,2,228
3.5,4,2,3,229
3.5,4,2,4,229
3.5,4,2,5,230
3.5,4,2,6,231
3.5,4,2,7,231
3.5,4,2,8,232
3.5,4,2,9,233
3.5,4,2,10,234
3.5,4,2,11,234
3.5,4,2,12,235
3.5,4,2,13,236
3.5,4,2,14,236
3.5,4,2,15,237
3.5,4,3,0,227
3.5,4,3,1,228
3.5,4,3,2,229
3.5,4,3,3,229
3.5,4,3,4,230
3.5,4,3,5,231
3.5,4,3,6,232
3.5,4,3,7,232
3.5,4,3,8,233
3.5,4,3,9,234
3.5,4,3,10,234
3.5,4,3,11,235
3.5,4,3,12,236
3.5,4,3,13,237
3.5,4,3,14,237
3.5,4,3,15,238
3.5,4,4,0,228
3.5,4,4,1,229
3.5,4,4,2,229
3.5,4,4,3,230
3.5,4,4,4,231
3.5,4,4,5,232
3.5,4,4,6,232
3.5,4,4,7,233
3.5,4,4,8,234
3.5,4,4,9,234
3.5,4,4,10,235
3.5,4,4,11,236
3.5,4,4,12,237
3.5,4,4,13,237
3.5,4,4,14,238
3.5,4,4,15,239
3.5,4,5,0,229
3.5,4,5,1,229
3.5,4,5,2,230
3.5,4,5,3,231
3.5,4,5,4,232
3.5,4,5,5,232
3.5,4,5,6,233
3.5,4,5,7,234
3.5,4,5,8,234
3.5,4,5,9,235
3.5,4,5,10,236
3.5,4,5,11,237
3.5,4,5,12,237
3.5,4,5,13,238
3.5,4,5,14,239
3.5,4,5,15,239
3.5,4,6,0,229
3.5,4,6,1,230
3.5,4,6,2,231
3.5,4,6,3,232
3.5,4,6,4,232
3.5,4,6,5,233
3.5,4,6,6,234
3.5,4,6,7,235
3.5,4,6,8,235
3.5,4,6,9,236
3.5,4,6,10,237
3.5,4,6,11,237
3.5,4,6,12,238
3.5,4,6,13,239
3.5,4,6,14,240
3.5,4,6,15,240
3.5,4,7,0,230
3.5,4,7,1,231
3.5,4,7,2,232
3.5,4,7,3,232
3.5,4,7,4,233
3.5,4,7,5,234
3.5,4,7,6,235
3.5,4,7,7,235
3.5,4,7,8,236
3.5,4,7,9,237
3.5,4,7,10,237
3.5,4,7,11,238
3.5,4,7,12,239
3.5,4,7,13,240
3.5,4,7,14,240
3.5,4,7,15,241
3.5,4,8,0,231
3.5,4,8,1,232
3.5,4,8,2,232
3.5,4,8,3,233
3.5,4,8,4,234
3.5,4,8,5,235
3.5,4,8,6,235
3.5,4,8,7,236
3.5,4,8,8,237
3.5,4,8,9,237
3.5,4,8,10,238
3.5,4,8,11,239
3.5,4,8,12,240
3.5,4,8,13,240
3.5,4,8,14,241
3.5,4,8,15,242
3.5,4,9,0,232
3.5,4,9,1,232
3.5,4,9,2,233
3.5,4,9,3,234
3.5,4,9,4,235
3.5,4,9,5,235
3.5,4,9,6,236
3.5,4,9,7,237
3.5,4,9,8,238
3.5,4,9,9,238
3.5,4,9,10,239
3.5,4,9,11,240
3.5,4,9,12,240
3.5,4,9,13,241
3.5,4,9,14,242
3.5,4,9,15,243
3.5,4,10,0,232
3.5,4,10,1,233
3.5,4,10,2,234
3.5,4,10,3,235
3.5,4,10,4,235
3.5,4,10,5,236
3.5,4,10,6,237
3.5,4,10,7,238
3.5,4,10,8,238
3.5,4,10,9,239
3.5,4,10,10,240
3.5,4,10,11,240
3.5,4,10,12,241
3.5,4,10,13,242
3.5,4,10,14,243
3.5,4,10,15,243
3.5,4,11,0,233
3.5,4,11,1,234
3.5,4,11,2,235
3.5,4,11,3,235
3.5,4,11,4,236
3.5,4,11,5,237
3.5,4,11,6,238
3.5,4,11,7,238
3.5,4,11,8,239
3.5,4,11,9,240
3.5,4,11,10,240
3.5,4,11,11,241
3.5,4,11,12,242
3.5,4,11,13,243
3.5,4,11,14,243
3.5,4,11,15,244
3.5,4,12,0,234
3.5,4,12,1,235
3.5,4,12,2,235
3.5,4,12,3,236
3.5,4,12,4,237
3.5,4,12,5,238
3.5,4,12,6,238
3.5,4,12,7,239
3.5,4,12,8,240
3.5,4,12,9,240
3.5,4,12,10,241
3.5,4,12,11,242
3.5,4,12,12,243
3.5,4,12,13,243
3.5,4,12,14,244
3.5,4,12,15,245
3.5,4,13,0,235
3.5,4,13,1,235
3.5,4,13,2,236
3.5,4,13,3,237
3.5,4,13,4,238
3.5,4,13,5,238
3.5,4,13,6,239
3.5,4,13,7,240
3.5,4,13,8,241
3.5,4,13,9,241
3.5,4,13,10,242
3.5,4,13,11,243
3.5,4,13,12,243
3.5,4,13,13,244
3.5,4,13,14,245
3.5,4,13,15,246
3.5,4,14,0,235
3.5,4,14,1,236
3.5,4,14,2,237
3.5,4,14,3,238
3.5,4,14,4,238
3.5,4,14,5,239
3.5,4,14,6,240
3.5,4,14,7,241
3.5,4,14,8,241
3.5,4,14,9,242
3.5,4,14,10,243
3.5,4,14,11,243
3.5,4,14,12,244
3.5,4,14,13,245
3.5,4,14,14,246
3.5,4,14,15,246
3.5,4,15,0,236
3.5,4,15,1,237
3.5,4,15,2,237
3.5,4,15,3,238
3.5,4,15,4,239
3.5,4,15,5,240
3.5,4,15,6,240
3.5,4,15,7,241
3.5,4,15,8,242
3.5,4,15,9,243
3.5,4,15,10,243
3.5,4,15,11,244
3.5,4,15,12,245
3.5,4,15,13,246
3.5,4,15,14,246
3.5,4,15,15,247
3.5,5,0,0,226
3.5,5,0,1,226
3.5,5,0,2,227
3.5,5,0,3,228
3.5,5,0,4,229
3.5,5,0,5,229
3.5,5,0,6,230
3.5,5,0,7,231
3.5,5,0,8,232
3.5,5,0,9,232
3.5,5,0,10,233
3.5,5,0,11,234
3.5,5,0,12,234
3.5,5,0,13,235
3.5,5,0,14,236
3.5,5,0,15,236
3.5,5,1,0,226
3.5,5,1,1,227
3.5,5,1,2,228
3.5,5,1,3,229
3.5,5,1,4,229
3.5,5,1,5,230
3.5,5,1,6,231
3.5,5,1,7,232
3.5,5,1,8,232
3.5,5,1,9,233
3.5,5,1,10,234
3.5,5,1,11,234
3.5,5,1,12,235
3.5,5,1,13,236
3.5,5,1,14,237
3.5,5,1,15,237
3.5,5,2,0,227
3.5,5,2,1,228
3.5,5,2,2,229
3.5,5,2,3,229
3.5,5,2,4,230
3.5,5,2,5,231
3.5,5,2,6,232
3.5,5,2,7,232
3.5,5,2,8,233
3.5,5,2,9,234
3.5,5,2,10,234
3.5,5,2,11,235
3.5,5,2,12,236
3.5,5,2,13,237
3.5,5,2,14,237
3.5,5,2,15,238
3.5,5,3,0,228
3.5,5,3,1,229
3.5,5,3,2,229
3.5,5,3,3,230
3.5,5,3,4,231
3.5,5,3,5,232
3.5,5,3,6,232
3.5,5,3,7,233
3.5,5,3,8,234
3.5,5,3,9,235
3.5,5,3,10,235
3.5,5,3,11,236
3.5,5,3,12,237
3.5,5,3,13,237
3.5,5,3,14,238
3.5,5,3,15,239
3.5,5,4,0,229
3.5,5,4,1,229
3.5,5,4,2,230
3.5,5,4,3,231
3.5,5,4,4,232
3.5,5,4,5,232
3.5,5,4,6,233
3.5,5,4,7,234
3.5,5,4,8,235
3.5,5,4,9,235
3.5,5,4,10,236
3.5,5,4,11,237
3.5,5,4,12,237
3.5,5,4,13,238
3.5,5,4,14,239
3.5,5,4,15,240
3.5,5,5,0,230
3.5,5,5,1,230
3.5,5,5,2,231
3.5,5,5,3,232
3.5,5,5,4,232
3.5,5,5,5,233
3.5,5,5,6,234
3.5,5,5,7,235
3.5,5,5,8,235
3.5,5,5,9,236
3.5,5,5,10,237
3.5,5,5,11,238
3.5,5,5,12,238
3.5,5,5,13,239
3.5,5,5,14,240
3.5,5,5,15,240
3.5,5,6,0,230
3.5,5,6,1,231
3.5,5,6,2,232
3.5,5,6,3,232
3.5,5,6,4,233
3.5,5,6,5,234
3.5,5,6,6,235
3.5,5,6,7,235
3.5,5,6,8,236
3.5,5,6,9,237
3.5,5,6,10,238
3.5,5,6,11,238
3.5,5,6,12,239
3.5,5,6,13,240
3.5,5,6,14,240
3.5,5,6,15,241
3.5,5,7,0,231
3.5,5,7,1,232
3.5,5,7,2,232
3.5,5,7,3,233
3.5,5,7,4,234
3.5,5,7,5,235
3.5,5,7,6,235
3.5,5,7,7,236
3.5,5,7,8,237
3.5,5,7,9,238
3.5,5,7,10,238
3.5,5,7,11,239
3.5,5,7,12,240
3.5,5,7,13,241
3.5,5,7,14,241
3.5,5,7,15,242
3.5,5,8,0,232
3.5,5,8,1,232
3.5,5,8,2,233
3.5,5,8,3,234
3.5,5,8,4,235
3.5,5,8,5,235
3.5,5,8,6,236
3.5,5,8,7,237
3.5,5,8,8,238
3.5,5,8,9,238
3.5,5,8,10,239
3.5,5,8,11,240
3.5,5,8,12,241
3.5,5,8,13,241
3.5,5,8,14,242
3.5,5,8,15,243
3.5,5,9,0,232
3.5,5,9,1,233
3.5,5,9,2,234
3.5,5,9,3,235
3.5,5,9,4,235
3.5,5,9,5,236
3.5,5,9,6,237
3.5,5,9,7,238
3.5,5,9,8,238
3.5,5,9,9,239
3.5,5,9,10,240
3.5,5,9,11,241
3.5,5,9,12,241
3.5,5,9,13,242
3.5,5,9,14,243
3.5,5,9,15,243
3.5,5,10,0,233
3.5,5,10,1,234
3.5,5,10,2,235
3.5,5,10,3,235
3.5,5,10,4,236
3.5,5,10,5,237
3.5,5,10,6,238
3.5,5,10,7,238
3.5,5,10,8,239
3.5,5,10,9,240
3.5,5,10,10,241
3.5,5,10,11,241
3.5,5,10,12,242
3.5,5,10,13,243
3.5,5,10,14,244
3.5,5,10,15,244
3.5,5,11,0,234
3.5,5,11,1,235
3.5,5,11,2,235
3.5,5,11,3,236
3.5,5,11,4,237
3.5,5,11,5,238
3.5,5,11,6,238
3.5,5,11,7,239
3.5,5,11,8,240
3.5,5,11,9,241
3.5,5,11,10,241
3.5,5,11,11,242
3.5,5,11,12,243
3.5,5,11,13,244
3.5,5,11,14,244
3.5,5,11,15,245
3.5,5,12,0,235
3.5,5,12,1,235
3.5,5,12,2,236
3.5,5,12,3,237
3.5,5,12,4,238
3.5,5,12,5,238
3.5,5,12,6,239
3.5,5,12,7,240
3.5,5,12,8,241
3.5,5,12,9,241
3.5,5,12,10,242
3.5,5,12,11,243
3.5,5,12,12,244
3.5,5,12,13,244
3.5,5,12,14,245
3.5,5,12,15,246
3.5,5,13,0,235
3.5,5,13,1,236
3.5,5,13,2,237
3.5,5,13,3,238
3.5,5,13,4,238
3.5,5,13,5,239
3.5,5,13,6,240
3.5,5,13,7,241
3.5,5,13,8,241
3.5,5,13,9,242
3.5,5,13,10,243
3.5,5,13,11,244
3.5,5,13,12,244
3.5,5,13,13,245
3.5,5,13,14,246
3.5,5,13,15,247
3.5,5,14,0,236
3.5,5,14,1,237
3.5,5,14,2,238
3.5,5,14,3,238
3.5,5,14,4,239
3.5,5,14,5,240
3.5,5,14,6,241
3.5,5,14,7,241
3.5,5,14,8,242
3.5,5,14,9,243
3.5,5,14,10,244
3.5,5,14,11,244
3.5,5,14,12,245
3.5,5,14,13,246
3.5,5,14,14,247
3.5,5,14,15,247
3.5,5,15,0,237
3.5,5,15,1,238
3.5,5,15,2,238
3.5,5,15,3,239
3.5,5,15,4,240
3.5,5,15,5,241
3.5,5,15,6,241
3.5,5,15,7,242
3.5,5,15,8,243
3.5,5,15,9,244
3.5,5,15,10,244
3.5,5,15,11,245
3.5,5,15,12,246
3.5,5,15,13,247
3.5,5,15,14,247
3.5,5,15,15,248
3.5,6,0,0,227
3.5,6,0,1,227
3.5,6,0,2,228
3.5,6,0,3,229
3.5,6,0,4,230
3.5,6,0,5,230
3.5,6,0,6,231
3.5,6,0,7,232
3.5,6,0,8,232
3.5,6,0,9,233
3.5,6,0,10,234
3.5,6,0,11,235
3.5,6,0,12,235
3.5,6,0,13,236
3.5,6,0,14,237
3.5,6,0,15,237
3.5,6,1,0,227
3.5,6,1,1,228
3.5,6,1,2,229
3.5,6,1,3,230
3.5,6,1,4,230
3.5,6,1,5,231
3.5,6,1,6,232
3.5,6,1,7,232
3.5,6,1,8,233
3.5,6,1,9,234
3.5,6,1,10,235
3.5,6,1,11,235
3.5,6,1,12,236
3.5,6,1,13,237
3.5,6,1,14,237
3.5,6,1,15,238
3.5,6,2,0,228
3.5,6,2,1,229
3.5,6,2,2,230
3.5,6,2,3,230
3.5,6,2,4,231
3.5,6,2,5,232
3.5,6,2,6,232
3.5,6,2,7,233
3.5,6,2,8,234
3.5,6,2,9,235
3.5,6,2,10,235
3.5,6,2,11,236
3.5,6,2,12,237
3.5,6,2,13,238
3.5,6,2,14,238
3.5,6,2,15,239
3.5,6,3,0,229
3.5,6,3,1,230
3.5,6,3,2,230
3.5,6,3,3,231
3.5,6,3,4,232
3.5,6,3,5,233
3.5,6,3,6,233
3.5,6,3,7,234
3.5,6,3,8,235
3.5,6,3,9,235
3.5,6,3,10,236
3.5,6,3,11,237
3.5,6,3,12,238
3.5,6,3,13,238
3.5,6,3,14,239
3.5,6,3,15,240
3.5,6,4,0,230
3.5,6,4,1,230
3.5,6,4,2,231
3.5,6,4,3,232
3.5,6,4,4,233
3.5,6,4,5,233
3.5,6,4,6,234
3.5,6,4,7,235
3.5,6,4,8,235
3.5,6,4,9,236
3.5,6,4,10,237
3.5,6,4,11,238
3.5,6,4,12,238
3.5,6,4,13,239
3.5,6,4,14,240
3.5,6,4,15,240
3.5,6,5,0,230
3.5,6,5,1,231
3.5,6,5,2,232
3.5,6,5,3,233
3.5,6,5,4,233
3.5,6,5,5,234
3.5,6,5,6,235
3.5,6,5,7,236
3.5,6,5,8,236
3.5,6,5,9,237
3.5,6,5,10,238
3.5,6,5,11,238
3.5,6,5,12,239
3.5,6,5,13,240
3.5,6,5,14,241
3.5,6,5,15,241
3.5,6,6,0,231
3.5,6,6,1,232
3.5,6,6,2,233
3.5,6,6,3,233
3.5,6,6,4,234
3.5,6,6,5,235
3.5,6,6,6,236
3.5,6,6,7,236
3.5,6,6,8,237
3.5,6,6,9,238
3.5,6,6,10,238
3.5,6,6,11,239
3.5,6,6,12,240
3.5,6,6,13,241
3.5,6,6,14,241
3.5,6,6,15,242
3.5,6,7,0,232
3.5,6,7,1,233
3.5,6,7,2,233
3.5,6,7,3,234
3.5,6,7,4,235
3.5,6,7,5,236
3.5,6,7,6,236
3.5,6,7,7,237
3.5,6,7,8,238
3.5,6,7,9,239
3.5,6,7,10,239
3.5,6,7,11,240
3.5,6,7,12,241
3.5,6,7,13,241
3.5,6,7,14,242
3.5,6,7,15,243
3.5,6,8,0,233
3.5,6,8,1,233
3.5,6,8,2,234
3.5,6,8,3,235
3.5,6,8,4,236
3.5,6,8,5,236
3.5,6,8,6,237
3.5,6,8,7,238
3.5,6,8,8,239
3.5,6,8,9,239
3.5,6,8,10,240
3.5,6,8,11,241
3.5,6,8,12,241
3.5,6,8,13,242
3.5,6,8,14,243
3.5,6,8,15,244
3.5,6,9,0,233
3.5,6,9,1,234
3.5,6,9,2,235
3.5,6,9,3,236
3.5,6,9,4,236
3.5,6,9,5,237
3.5,6,9,6,238
3.5,6,9,7,239
3.5,6,9,8,239
3.5,6,9,9,240
3.5,6,9,10,241
3.5,6,9,11,242
3.5,6,9,12,242
3.5,6,9,13,243
3.5,6,9,14,244
3.5,6,9,15,244
3.5,6,10,0,234
3.5,6,10,1,235
3.5,6,10,2,236
3.5,6,10,3,236
3.5,6,10,4,237
3.5,6,10,5,238
3.5,6,10,6,239
3.5,6,10,7,239
3.5,6,10,8,240
3.5,6,10,9,241
3.5,6,10,10,242
3.5,6,10,11,242
3.5,6,10,12,243
3.5,6,10,13,244
3.5,6,10,14,244
3.5,6,10,15,245
3.5,6,11,0,235
3.5,6,11,1,236
3.5,6,11,2,236
3.5,6,11,3,237
3.5,6,11,4,238
3.5,6,11,5,239
3.5,6,11,6,239
3.5,6,11,7,240
3.5,6,11,8,241
3.5,6,11,9,242
3.5,6,11,10,242
3.5,6,11,11,243
3.5,6,11,12,244
3.5,6,11,13,244
3.5,6,11,14,245
3.5,6,11,15,246
3.5,6,12,0,236
3.5,6,12,1,236
3.5,6,12,2,237
3.5,6,12,3,238
3.5,6,12,4,239
3.5,6,12,5,239
3.5,6,12,6,240
3.5,6,12,7,241
3.5,6,12,8,242
3.5,6,12,9,242
3.5,6,12,10,243
3.5,6,12,11,244
3.5,6,12,12,245
3.5,6,12,13,245
3.5,6,12,14,246
3.5,6,12,15,247
3.5,6,13,0,236
3.5,6,13,1,237
3.5,6,13,2,238
3.5,6,13,3,239
3.5,6,13,4,239
3.5,6,13,5,240
3.5,6,13,6,241
3.5,6,13,7,242
3.5,6,13,8,242
3.5,6,13,9,243
3.5,6,13,10,244
3.5,6,13,11,245
3.5,6,13,12,245
3.5,6,13,13,246
3.5,6,13,14,247
3.5,6,13,15,247
3.5,6,14,0,237
3.5,6,14,1,238
3.5,6,14,2,239
3.5,6,14,3,239
3.5,6,14,4,240
3.5,6,14,5,241
3.5,6,14,6,242
3.5,6,14,7,242
3.5,6,14,8,243
3.5,6,14,9,244
3.5,6,14,10,245
3.5,6,14,11,245
3.5,6,14,12,246
3.5,6,14,13,247
3.5,6,14,14,248
3.5,6,14,15,248
3.5,6,15,0,238
3.5,6,15,1,239
3.5,6,15,2,239
3.5,6,15,3,240
3.5,6,15,4,241
3.5,6,15,5,242
3.5,6,15,6,242
3.5,6,15,7,243
3.5,6,15,8,244
3.5,6,15,9,245
3.5,6,15,10,245
3.5,6,15,11,246
3.5,6,15,12,247
3.5,6,15,13,248
3.5,6,15,14,248
3.5,6,15,15,249
3.5,7,0,0,227
3.5,7,0,1,228
3.5,7,0,2,229
3.5,7,0,3,230
3.5,7,0,4,230
3.5,7,0,5,231
3.5,7,0,6,232
3.5,7,0,7,233
3.5,7,0,8,233
3.5,7,0,9,234
3.5,7,0,10,235
3.5,7,0,11,235
3.5,7,0,12,236
3.5,7,0,13,237
3.5,7,0,14,238
3.5,7,0,15,238
3.5,7,1,0,228
3.5,7,1,1,229
3.5,7,1,2,230
3.5,7,1,3,230
3.5,7,1,4,231
3.5,7,1,5,232
3.5,7,1,6,233
3.5,7,1,7,233
3.5,7,1,8,234
3.5,7,1,9,235
3.5,7,1,10,235
3.5,7,1,11,236
3.5,7,1,12,237
3.5,7,1,13,238
3.5,7,1,14,238
3.5,7,1,15,239
3.5,7,2,0,229
3.5,7,2,1,230
3.5,7,2,2,230
3.5,7,2,3,231
3.5,7,2,4,232
3.5,7,2,5,233
3.5,7,2,6,233
3.5,7,2,7,234
3.5,7,2,8,235
3.5,7,2,9,236
3.5,7,2,10,236
3.5,7,2,11,237
3.5,7,2,12,238
3.5,7,2,13,238
3.5,7,2,14,239
3.5,7,2,15,240
3.5,7,3,0,230
3.5,7,3,1,230
3.5,7,3,2,231
3.5,7,3,3,232
3.5,7,3,4,233
3.5,7,3,5,233
3.5,7,3,6,234
3.5,7,3,7,235
3.5,7,3,8,236
3.5,7,3,9,236
3.5,7,3,10,237
3.5,7,3,11,238
3.5,7,3,12,238
3.5,7,3,13,239
3.5,7,3,14,240
3.5,7,3,15,241
3.5,7,4,0,230
3.5,7,4,1,231
3.5,7,4,2,232
3.5,7,4,3,233
3.5,7,4,4,233
3.5,7,4,5,234
3.5,7,4,6,235
3.5,7,4,7,236
3.5,7,4,8,236
3.5,7,4,9,237
3.5,7,4,10,238
3.5,7,4,11,239
3.5,7,4,12,239
3.5,7,4,13,240
3.5,7,4,14,241
3.5,7,4,15,241
3.5,7,5,0,231
3.5,7,5,1,232
3.5,7,5,2,233
3.5,7,5,3,233
3.5,7,5,4,234
3.5,7,5,5,235
3.5,7,5,6,236
3.5,7,5,7,236
3.5,7,5,8,237
3.5,7,5,9,238
3.5,7,5,10,239
3.5,7,5,11,239
3.5,7,5,12,240
3.5,7,5,13,241
3.5,7,5,14,241
3.5,7,5,15,242
3.5,7,6,0,232
3.5,7,6,1,233
3.5,7,6,2,233
3.5,7,6,3,234
3.5,7,6,4,235
3.5,7,6,5,236
3.5,7,6,6,236
3.5,7,6,7,237
3.5,7,6,8,238
3.5,7,6,9,239
3.5,7,6,10,239
3.5,7,6,11,240
3.5,7,6,12,241
3.5,7,6,13,242
3.5,7,6,14,242
3.5,7,6,15,243
3.5,7,7,0,233
3.5,7,7,1,233
3.5,7,7,2,234
3.5,7,7,3,235
3.5,7,7,4,236
3.5,7,7,5,236
3.5,7,7,6,237
3.5,7,7,7,238
3.5,7,7,8,239
3.5,7,7,9,239
3.5,7,7,10,240
3.5,7,7,11,241
3.5,7,7,12,242
3.5,7,7,13,242
3.5,7,7,14,243
3.5,7,7,15,244
3.5,7,8,0,233
3.5,7,8,1,234
3.5,7,8,2,235
3.5,7,8,3,236
3.5,7,8,4,236
3.5,7,8,5,237
3.5,7,8,6,238
3.5,7,8,7,239
3.5,7,8,8,239
3.5,7,8,9,240
3.5,7,8,10,241
3.5,7,8,11,242
3.5,7,8,12,242
3.5,7,8,13,243
3.5,7,8,14,244
3.5,7,8,15,245
3.5,7,9,0,234
3.5,7,9,1,235
3.5,7,9,2,236
3.5,7,9,3,236
3.5,7,9,4,237
3.5,7,9,5,238
3.5,7,9,6,239
3.5,7,9,7,239
3.5,7,9,8,240
3.5,7,9,9,241
3.5,7,9,10,242
3.5,7,9,11,242
3.5,7,9,12,243
3.5,7,9,13,244
3.5,7,9,14,245
3.5,7,9,15,245
3.5,7,10,0,235
3.5,7,10,1,236
3.5,7,10,2,236
3.5,7,10,3,237
3.5,7,10,4,238
3.5,7,10,5,239
3.5,7,10,6,239
3.5,7,10,7,240
3.5,7,10,8,241
3.5,7,10,9,242
3.5,7,10,10,242
3.5,7,10,11,243
3.5,7,10,12,244
3.5,7,10,13,245
3.5,7,10,14,245
3.5,7,10,15,246
3.5,7,11,0,236
3.5,7,11,1,236
3.5,7,11,2,237
3.5,7,11,3,238
3.5,7,11,4,239
3.5,7,11,5,239
3.5,7,11,6,240
3.5,7,11,7,241
3.5,7,11,8,242
3.5,7,11,9,242
3.5,7,11,10,243
3.5,7,11,11,244
3.5,7,11,12,245
3.5,7,11,13,245
3.5,7,11,14,246
3.5,7,11,15,247
3.5,7,12,0,236
3.5,7,12,1,237
3.5,7,12,2,238
3.5,7,12,3,239
3.5,7,12,4,239
3.5,7,12,5,240
3.5,7,12,6,241
3.5,7,12,7,242
3.5,7,12,8,242
3.5,7,12,9,243
3.5,7,12,10,244
3.5,7,12,11,245
3.5,7,12,12,245
3.5,7,12,13,246
3.5,7,12,14,247
3.5,7,12,15,248
3.5,7,13,0,237
3.5,7,13,1,238
3.5,7,13,2,239
3.5,7,13,3,239
3.5,7,13,4,240
3.5,7,13,5,241
3.5,7,13,6,242
3.5,7,13,7,242
3.5,7,13,8,243
3.5,7,13,9,244
3.5,7,13,10,245
3.5,7,13,11,245
3.5,7,13,12,246
3.5,7,13,13,247
3.5,7,13,14,248
3.5,7,13,15,248
3.5,7,14,0,238
3.5,7,14,1,239
3.5,7,14,2,239
3.5,7,14,3,240
3.5,7,14,4,241
3.5,7,14,5,242
3.5,7,14,6,242
3.5,7,14,7,243
3.5,7,14,8,244
3.5,7,14,9,245
3.5,7,14,10,245
3.5,7,14,11,246
3.5,7,14,12,247
3.5,7,14,13,248
3.5,7,14,14,248
3.5,7,14,15,249
3.5,7,15,0,239
3.5,7,15,1,239
3.5,7,15,2,240
3.5,7,15,3,241
3.5,7,15,4,242
3.5,7,15,5,242
3.5,7,15,6,243
3.5,7,15,7,244
3.5,7,15,8,245
3.5,7,15,9,245
3.5,7,15,10,246
3.5,7,15,11,247
3.5,7,15,12,248
3.5,7,15,13,248
3.5,7,15,14,249
3.5,7,15,15,250
3.5,8,0,0,228
3.5,8,0,1,229
3.5,8,0,2,230
3.5,8,0,3,230
3.5,8,0,4,231
3.5,8,0,5,232
3.5,8,0,6,233
3.5,8,0,7,233
3.5,8,0,8,234
3.5,8,0,9,235
3.5,8,0,10,236
3.5,8,0,11,236
3.5,8,0,12,237
3.5,8,0,13,238
3.5,8,0,14,238
3.5,8,0,15,239
3.5,8,1,0,229
3.5,8,1,1,230
3.5,8,1,2,231
3.5,8,1,3,231
3.5,8,1,4,232
3.5,8,1,5,233
3.5,8,1,6,233
3.5,8,1,7,234
3.5,8,1,8,235
3.5,8,1,9,236
3.5,8,1,10,236
3.5,8,1,11,237
3.5,8,1,12,238
3.5,8,1,13,238
3.5,8,1,14,239
3.5,8,1,15,240
3.5,8,2,0,230
3.5,8,2,1,231
3.5,8,2,2,231
3.5,8,2,3,232
3.5,8,2,4,233
3.5,8,2,5,234
3.5,8,2,6,234
3.5,8,2,7,235
3.5,8,2,8,236
3.5,8,2,9,236
3.5,8,2,10,237
3.5,8,2,11,238
3.5,8,2,12,239
3.5,8,2,13,239
3.5,8,2,14,240
3.5,8,2,15,241
3.5,8,3,0,231
3.5,8,3,1,231
3.5,8,3,2,232
3.5,8,3,3,233
3.5,8,3,4,234
3.5,8,3,5,234
3.5,8,3,6,235
3.5,8,3,7,236
3.5,8,3,8,236
3.5,8,3,9,237
3.5,8,3,10,238
3.5,8,3,11,239
3.5,8,3,12,239
3.5,8,3,13,240
3.5,8,3,14,241
3.5,8,3,15,242
3.5,8,4,0,231
3.5,8,4,1,232
3.5,8,4,2,233
3.5,8,4,3,234
3.5,8,4,4,234
3.5,8,4,5,235
3.5,8,4,6,236
3.5,8,4,7,237
3.5,8,4,8,237
3.5,8,4,9,238
3.5,8,4,10,239
3.5,8,4,11,239
3.5,8,4,12,240
3.5,8,4,13,241
3.5,8,4,14,242
3.5,8,4,15,242
3.5,8,5,0,232
3.5,8,5,1,233
3.5,8,5,2,234
3.5,8,5,3,234
3.5,8,5,4,235
3.5,8,5,5,236
3.5,8,5,6,237
3.5,8,5,7,237
3.5,8,5,8,238
3.5,8,5,9,239
3.5,8,5,10,239
3.5,8,5,11,240
3.5,8,5,12,241
3.5,8,5,13,242
3.5,8,5,14,242
3.5,8,5,15,243
3.5,8,6,0,233
3.5,8,6,1,234
3.5,8,6,2,234
3.5,8,6,3,235
3.5,8,6,4,236
3.5,8,6,5,237
3.5,8,6,6,237
3.5,8,6,7,238
3.5,8,6,8,239
3.5,8,6,9,240
3.5,8,6,10,240
3.5,8,6,11,241
3.5,8,6,12,242
3.5,8,6,13,242
3.5,8,6,14,243
3.5,8,6,15,244
3.5,8,7,0,234
3.5,8,7,1,234
3.5,8,7,2,235
3.5,8,7,3,236
3.5,8,7,4,237
3.5,8,7,5,237
3.5,8,7,6,238
3.5,8,7,7,239
3.5,8,7,8,240
3.5,8,7,9,240
3.5,8,7,10,241
3.5,8,7,11,242
3.5,8,7,12,242
3.5,8,7,13,243
3.5,8,7,14,244
3.5,8,7,15,245
3.5,8,8,0,234
3.5,8,8,1,235
3.5,8,8,2,236
3.5,8,8,3,237
3.5,8,8,4,237
3.5,8,8,5,238
3.5,8,8,6,239
3.5,8,8,7,240
3.5,8,8,8,240
3.5,8,8,9,241
3.5,8,8,10,242
3.5,8,8,11,243
3.5,8,8,12,243
3.5,8,8,13,244
3.5,8,8,14,245
3.5,8,8,15,245
3.5,8,9,0,235
3.5,8,9,1,236
3.5,8,9,2,237
3.5,8,9,3,237
3.5,8,9,4,238
3.5,8,9,5,239
3.5,8,9,6,240
3.5,8,9,7,240
3.5,8,9,8,241
3.5,8,9,9,242
3.5,8,9,10,243
3.5,8,9,11,243
3.5,8,9,12,244
3.5,8,9,13,245
3.5,8,9,14,246
3.5,8,9,15,246
3.5,8,10,0,236
3.5,8,10,1,237
3.5,8,10,2,237
3.5,8,10,3,238
3.5,8,10,4,239
3.5,8,10,5,240
3.5,8,10,6,240
3.5,8,10,7,241
3.5,8,10,8,242
3.5,8,10,9,243
3.5,8,10,10,243
3.5,8,10,11,244
3.5,8,10,12,245
3.5,8,10,13,246
3.5,8,10,14,246
3.5,8,10,15,247
3.5,8,11,0,237
3.5,8,11,1,237
3.5,8,11,2,238
3.5,8,11,3,239
3.5,8,11,4,240
3.5,8,11,5,240
3.5,8,11,6,241
3.5,8,11,7,242
3.5,8,11,8,243
3.5,8,11,9,243
3.5,8,11,10,244
3.5,8,11,11,245
3.5,8,11,12,246
3.5,8,11,13,246
3.5,8,11,14,247
3.5,8,11,15,248
3.5,8,12,0,237
3.5,8,12,1,238
3.5,8,12,2,239
3.5,8,12,3,240
3.5,8,12,4,240
3.5,8,12,5,241
3.5,8,12,6,242
3.5,8,12,7,243
3.5,8,12,8,243
3.5,8,12,9,244
3.5,8,12,10,245
3.5,8,12,11,246
3.5,8,12,12,246
3.5,8,12,13,247
3.5,8,12,14,248
3.5,8,12,15,249
3.5,8,13,0,238
3.5,8,13,1,239
3.5,8,13,2,240
3.5,8,13,3,240
3.5,8,13,4,241
3.5,8,13,5,242
3.5,8,13,6,243
3.5,8,13,7,243
3.5,8,13,8,244
3.5,8,13,9,245
3.5,8,13,10,246
3.5,8,13,11,246
3.5,8,13,12,247
3.5,8,13,13,248
3.5,8,13,14,249
3.5,8,13,15,249
3.5,8,14,0,239
3.5,8,14,1,240
3.5,8,14,2,240
3.5,8,14,3,241
3.5,8,14,4,242
3.5,8,14,5,243
3.5,8,14,6,243
3.5,8,14,7,244
3.5,8,14,8,245
3.5,8,14,9,246
3.5,8,14,10,246
3.5,8,14,11,247
3.5,8,14,12,248
3.5,8,14,13,249
3.5,8,14,14,249
3.5,8,14,15,250
3.5,8,15,0,240
3.5,8,15,1,240
3.5,8,15,2,241
3.5,8,15,3,242
3.5,8,15,4,243
3.5,8,15,5,243
3.5,8,15,6,244
3.5,8,15,7,245
3.5,8,15,8,246
3.5,8,15,9,246
3.5,8,15,10,247
3.5,8,15,11,248
3.5,8,15,12,249
3.5,8,15,13,249
3.5,8,15,14,250
3.5,8,15,15,251
3.5,9,0,0,229
3.5,9,0,1,230
3.5,9,0,2,231
3.5,9,0,3,231
3.5,9,0,4,232
3.5,9,0,5,233
3.5,9,0,6,234
3.5,9,0,7,234
3.5,9,0,8,235
3.5,9,0,9,236
3.5,9,0,10,236
3.5,9,0,11,237
3.5,9,0,12,238
3.5,9,0,13,239
3.5,9,0,14,239
3.5,9,0,15,240
3.5,9,1,0,230
3.5,9,1,1,231
3.5,9,1,2,231
3.5,9,1,3,232
3.5,9,1,4,233
3.5,9,1,5,234
3.5,9,1,6,234
3.5,9,1,7,235
3.5,9,1,8,236
3.5,9,1,9,237
3.5,9,1,10,237
3.5,9,1,11,238
3.5,9,1,12,239
3.5,9,1,13,239
3.5,9,1,14,240
3.5,9,1,15,241
3.5,9,2,0,231
3.5,9,2,1,231
3.5,9,2,2,232
3.5,9,2,3,233
3.5,9,2,4,234
3.5,9,2,5,234
3.5,9,2,6,235
3.5,9,2,7,236
3.5,9,2,8,237
3.5,9,2,9,237
3.5,9,2,10,238
3.5,9,2,11,239
3.5,9,2,12,239
3.5,9,2,13,240
3.5,9,2,14,241
3.5,9,2,15,242
3.5,9,3,0,231
3.5,9,3,1,232
3.5,9,3,2,233
3.5,9,3,3,234
3.5,9,3,4,234
3.5,9,3,5,235
3.5,9,3,6,236
3.5,9,3,7,237
3.5,9,3,8,237
3.5,9,3,9,238
3.5,9,3,10,239
3.5,9,3,11,240
3.5,9,3,12,240
3.5,9,3,13,241
3.5,9,3,14,242
3.5,9,3,15,242
3.5,9,4,0,232
3.5,9,4,1,233
3.5,9,4,2,234
3.5,9,4,3,234
3.5,9,4,4,235
3.5,9,4,5,236
3.5,9,4,6,237
3.5,9,4,7,237
3.5,9,4,8,238
3.5,9,4,9,239
3.5,9,4,10,240
3.5,9,4,11,240
3.5,9,4,12,241
3.5,9,4,13,242
3.5,9,4,14,242
3.5,9,4,15,243
3.5,9,5,0,233
3.5,9,5,1,234
3.5,9,5,2,234
3.5,9,5,3,235
3.5,9,5,4,236
3.5,9,5,5,237
3.5,9,5,6,237
3.5,9,5,7,238
3.5,9,5,8,239
3.5,9,5,9,240
3.5,9,5,10,240
3.5,9,5,11,241
3.5,9,5,12,242
3.5,9,5,13,243
3.5,9,5,14,243
3.5,9,5,15,244
3.5,9,6,0,234
3.5,9,6,1,234
3.5,9,6,2,235
3.5,9,6,3,236
3.5,9,6,4,237
3.5,9,6,5,237
3.5,9,6,6,238
3.5,9,6,7,239
3.5,9,6,8,240
3.5,9,6,9,240
3.5,9,6,10,241
3.5,9,6,11,242
3.5,9,6,12,243
3.5,9,6,13,243
3.5,9,6,14,244
3.5,9,6,15,245
3.5,9,7,0,234
3.5,9,7,1,235
3.5,9,7,2,236
3.5,9,7,3,237
3.5,9,7,4,237
3.5,9,7,5,238
3.5,9,7,6,239
3.5,9,7,7,240
3.5,9,7,8,240
3.5,9,7,9,241
3.5,9,7,10,242
3.5,9,7,11,243
3.5,9,7,12,243
3.5,9,7,13,244
3.5,9,7,14,245
3.5,9,7,15,246
3.5,9,8,0,235
3.5,9,8,1,236
3.5,9,8,2,237
3.5,9,8,3,237
3.5,9,8,4,238
3.5,9,8,5,239
3.5,9,8,6,240
3.5,9,8,7,240
3.5,9,8,8,241
3.5,9,8,9,242
3.5,9,8,10,243
3.5,9,8,11,243
3.5,9,8,12,244
3.5,9,8,13,245
3.5,9,8,14,246
3.5,9,8,15,246
3.5,9,9,0,236
3.5,9,9,1,237
3.5,9,9,2,237
3.5,9,9,3,238
3.5,9,9,4,239
3.5,9,9,5,240
3.5,9,9,6,241
3.5,9,9,7,241
3.5,9,9,8,242
3.5,9,9,9,243
3.5,9,9,10,243
3.5,9,9,11,244
3.5,9,9,12,245
3.5,9,9,13,246
3.5,9,9,14,246
3.5,9,9,15,247
3.5,9,10,0,237
3.5,9,10,1,237
3.5,9,10,2,238
3.5,9,10,3,239
3.5,9,10,4,240
3.5,9,10,5,241
3.5,9,10,6,241
3.5,9,10,7,242
3.5,9,10,8,243
3.5,9,10,9,244
3.5,9,10,10,244
3.5,9,10,11,245
3.5,9,10,12,246
3.5,9,10,13,246
3.5,9,10,14,247
3.5,9,10,15,248
3.5,9,11,0,237
3.5,9,11,1,238
3.5,9,11,2,239
3.5,9,11,3,240
3.5,9,11,4,241
3.5,9,11,5,241
3.5,9,11,6,242
3.5,9,11,7,243
3.5,9,11,8,244
3.5,9,11,9,244
3.5,9,11,10,245
3.5,9,11,11,246
3.5,9,11,12,247
3.5,9,11,13,247
3.5,9,11,14,248
3.5,9,11,15,249
3.5,9,12,0,238
3.5,9,12,1,239
3.5,9,12,2,240
3.5,9,12,3,241
3.5,9,12,4,241
3.5,9,12,5,242
3.5,9,12,6,243
3.5,9,12,7,244
3.5,9,12,8,244
3.5,9,12,9,245
3.5,9,12,10,246
3.5,9,12,11,247
3.5,9,12,12,247
3.5,9,12,13,248
3.5,9,12,14,249
3.5,9,12,15,249
3.5,9,13,0,239
3.5,9,13,1,240
3.5,9,13,2,240
3.5,9,13,3,241
3.5,9,13,4,242
3.5,9,13,5,243
3.5,9,13,6,244
3.5,9,13,7,244
3.5,9,13,8,245
3.5,9,13,9,246
3.5,9,13,10,247
3.5,9,13,11,247
3.5,9,13,12,248
3.5,9,13,13,249
3.5,9,13,14,250
3.5,9,13,15,250
3.5,9,14,0,240
3.5,9,14,1,240
3.5,9,14,2,241
3.5,9,14,3,242
3.5,9,14,4,243
3.5,9,14,5,244
3.5,9,14,6,244
3.5,9,14,7,245
3.5,9,14,8,246
3.5,9,14,9,247
3.5,9,14,10,247
3.5,9,14,11,248
3.5,9,14,12,249
3.5,9,14,13,250
3.5,9,14,14,250
3.5,9,14,15,251
3.5,9,15,0,240
3.5,9,15,1,241
3.5,9,15,2,242
3.5,9,15,3,243
3.5,9,15,4,244
3.5,9,15,5,244
3.5,9,15,6,245
3.5,9,15,7,246
3.5,9,15,8,247
3.5,9,15,9,247
3.5,9,15,10,248
3.5,9,15,11,249
3.5,9,15,12,250
3.5,9,15,13,250
3.5,9,15,14,251
3.5,9,15,15,252
3.5,10,0,0,230
3.5,10,0,1,231
3.5,10,0,2,231
3.5,10,0,3,232
3.5,10,0,4,233
3.5,10,0,5,234
3.5,10,0,6,234
3.5,10,0,7,235
3.5,10,0,8,236
3.5,10,0,9,237
3.5,10,0,10,237
3.5,10,0,11,238
3.5,10,0,12,239
3.5,10,0,13,239
3.5,10,0,14,240
3.5,10,0,15,241
3.5,10,1,0,231
3.5,10,1,1,232
3.5,10,1,2,232
3.5,10,1,3,233
3.5,10,1,4,234
3.5,10,1,5,234
3.5,10,1,6,235
3.5,10,1,7,236
3.5,10,1,8,237
3.5,10,1,9,237
3.5,10,1,10,238
3.5,10,1,11,239
3.5,10,1,12,240
3.5,10,1,13,240
3.5,10,1,14,241
3.5,10,1,15,242
3.5,10,2,0,232
3.5,10,2,1,232
3.5,10,2,2,233
3.5,10,2,3,234
3.5,10,2,4,235
3.5,10,2,5,235
3.5,10,2,6,236
3.5,10,2,7,237
3.5,10,2,8,237
3.5,10,2,9,238
3.5,10,2,10,239
3.5,10,2,11,240
3.5,10,2,12,240
3.5,10,2,13,241
3.5,10,2,14,242
3.5,10,2,15,243
3.5,10,3,0,232
3.5,10,3,1,233
3.5,10,3,2,234
3.5,10,3,3,235
3.5,10,3,4,235
3.5,10,3,5,236
3.5,10,3,6,237
3.5,10,3,7,238
3.5,10,3,8,238
3.5,10,3,9,239
3.5,10,3,10,240
3.5,10,3,11,240
3.5,10,3,12,241
3.5,10,3,13,242
3.5,10,3,14,243
3.5,10,3,15,243
3.5,10,4,0,233
3.5,10,4,1,234
3.5,10,4,2,235
3.5,10,4,3,235
3.5,10,4,4,236
3.5,10,4,5,237
3.5,10,4,6,238
3.5,10,4,7,238
3.5,10,4,8,239
3.5,10,4,9,240
3.5,10,4,10,240
3.5,10,4,11,241
3.5,10,4,12,242
3.5,10,4,13,243
3.5,10,4,14,243
3.5,10,4,15,244
3.5,10,5,0,234
3.5,10,5,1,235
3.5,10,5,2,235
3.5,10,5,3,236
3.5,10,5,4,237
3.5,10,5,5,238
3.5,10,5,6,238
3.5,10,5,7,239
3.5,10,5,8,240
3.5,10,5,9,241
3.5,10,5,10,241
3.5,10,5,11,242
3.5,10,5,12,243
3.5,10,5,13,243
3.5,10,5,14,244
3.5,10,5,15,245
3.5,10,6,0,235
3.5,10,6,1,235
3.5,10,6,2,236
3.5,10,6,3,237
3.5,10,6,4,238
3.5,10,6,5,238
3.5,10,6,6,239
3.5,10,6,7,240
3.5,10,6,8,241
3.5,10,6,9,241
3.5,10,6,10,242
3.5,10,6,11,243
3.5,10,6,12,244
3.5,10,6,13,244
3.5,10,6,14,245
3.5,10,6,15,246
3.5,10,7,0,235
3.5,10,7,1,236
3.5,10,7,2,237
3.5,10,7,3,238
3.5,10,7,4,238
3.5,10,7,5,239
3.5,10,7,6,240
3.5,10,7,7,241
3.5,10,7,8,241
3.5,10,7,9,242
3.5,10,7,10,243
3.5,10,7,11,244
3.5,10,7,12,244
3.5,10,7,13,245
3.5,10,7,14,246
3.5,10,7,15,246
3.5,10,8,0,236
3.5,10,8,1,237
3.5,10,8,2,238
3.5,10,8,3,238
3.5,10,8,4,239
3.5,10,8,5,240
3.5,10,8,6,241
3.5,10,8,7,241
3.5,10,8,8,242
3.5,10,8,9,243
3.5,10,8,10,244
3.5,10,8,11,244
3.5,10,8,12,245
3.5,10,8,13,246
3.5,10,8,14,247
3.5,10,8,15,247
3.5,10,9,0,237
3.5,10,9,1,238
3.5,10,9,2,238
3.5,10,9,3,239
3.5,10,9,4,240
3.5,10,9,5,241
3.5,10,9,6,241
3.5,10,9,7,242
3.5,10,9,8,243
3.5,10,9,9,244
3.5,10,9,10,244
3.5,10,9,11,245
3.5,10,9,12,246
3.5,10,9,13,247
3.5,10,9,14,247
3.5,10,9,15,248
3.5,10,10,0,238
3.5,10,10,1,238
3.5,10,10,2,239
3.5,10,10,3,240
3.5,10,10,4,241
3.5,10,10,5,241
3.5,10,10,6,242
3.5,10,10,7,243
3.5,10,10,8,244
3.5,10,10,9,244
3.5,10,10,10,245
3.5,10,10,11,246
3.5,10,10,12,247
3.5,10,10,13,247
3.5,10,10,14,248
3.5,10,10,15,249
3.5,10,11,0,238
3.5,10,11,1,239
3.5,10,11,2,240
3.5,10,11,3,241
3.5,10,11,4,241
3.5,10,11,5,242
3.5,10,11,6,243
3.5,10,11,7,244
3.5,10,11,8,244
3.5,10,11,9,245
3.5,10,11,10,246
3.5,10,11,11,247
3.5,10,11,12,247
3.5,10,11,13,248
3.5,10,11,14,249
3.5,10,11,15,250
3.5,10,12,0,239
3.5,10,12,1,240
3.5,10,12,2,241
3.5,10,12,3,241
3.5,10,12,4,242
3.5,10,12,5,243
3.5,10,12,6,244
3.5,10,12,7,244
3.5,10,12,8,245
3.5,10,12,9,246
3.5,10,12,10,247
3.5,10,12,11,247
3.5,10,12,12,248
3.5,10,12,13,249
3.5,10,12,14,250
3.5,10,12,15,250
3.5,10,13,0,240
3.5,10,13,1,241
3.5,10,13,2,241
3.5,10,13,3,242
3.5,10,13,4,243
3.5,10,13,5,244
3.5,10,13,6,244
3.5,10,13,7,245
3.5,10,13,8,246
3.5,10,13,9,247
3.5,10,13,10,247
3.5,10,13,11,248
3.5,10,13,12,249
3.5,10,13,13,250
3.5,10,13,14,250
3.5,10,13,15,251
3.5,10,14,0,241
3.5,10,14,1,241
3.5,10,14,2,242
3.5,10,14,3,243
3.5,10,14,4,244
3.5,10,14,5,244
3.5,10,14,6,245
3.5,10,14,7,246
3.5,10,14,8,247
3.5,10,14,9,247
3.5,10,14,10,248
3.5,10,14,11,249
3.5,10,14,12,250
3.5,10,14,13,250
3.5,10,14,14,251
3.5,10,14,15,252
3.5,10,15,0,241
3.5,10,15,1,242
3.5,10,15,2,243
3.5,10,15,3,244
3.5,10,15,4,244
3.5,10,15,5,245
3.5,10,15,6,246
3.5,10,15,7,247
3.5,10,15,8,247
3.5,10,15,9,248
3.5,10,15,10,249
3.5,10,15,11,250
3.5,10,15,12,251
3.5,10,15,13,251
3.5,10,15,14,252
3.5,10,15,15,253
3.5,11,0,0,231
3.5,11,0,1,232
3.5,11,0,2,232
3.5,11,0,3,233
3.5,11,0,4,234
3.5,11,0,5,235
3.5,11,0,6,235
3.5,11,0,7,236
3.5,11,0,8,237
3.5,11,0,9,237
3.5,11,0,10,238
3.5,11,0,11,239
3.5,11,0,12,240
3.5,11,0,13,240
3.5,11,0,14,241
3.5,11,0,15,242
3.5,11,1,0,232
3.5,11,1,1,232
3.5,11,1,2,233
3.5,11,1,3,234
3.5,11,1,4,235
3.5,11,1,5,235
3.5,11,1,6,236
3.5,11,1,7,237
3.5,11,1,8,238
3.5,11,1,9,238
3.5,11,1,10,239
3.5,11,1,11,240
3.5,11,1,12,240
3.5,11,1,13,241
3.5,11,1,14,242
3.5,11,1,15,243
3.5,11,2,0,232
3.5,11,2,1,233
3.5,11,2,2,234
3.5,11,2,3,235
3.5,11,2,4,235
3.5,11,2,5,236
3.5,11,2,6,237
3.5,11,2,7,238
3.5,11,2,8,238
3.5,11,2,9,239
3.5,11,2,10,240
3.5,11,2,11,241
3.5,11,2,12,241
3.5,11,2,13,242
3.5,11,2,14,243
3.5,11,2,15,243
3.5,11,3,0,233
3.5,11,3,1,234
3.5,11,3,2,235
3.5,11,3,3,235
3.5,11,3,4,236
3.5,11,3,5,237
3.5,11,3,6,238
3.5,11,3,7,238
3.5,11,3,8,239
3.5,11,3,9,240
3.5,11,3,10,241
3.5,11,3,11,241
3.5,11,3,12,242
3.5,11,3,13,243
3.5,11,3,14,243
3.5,11,3,15,244
3.5,11,4,0,234
3.5,11,4,1,235
3.5,11,4,2,235
3.5,11,4,3,236
3.5,11,4,4,237
3.5,11,4,5,238
3.5,11,4,6,238
3.5,11,4,7,239
3.5,11,4,8,240
3.5,11,4,9,241
3.5,11,4,10,241
3.5,11,4,11,242
3.5,11,4,12,243
3.5,11,4,13,244
3.5,11,4,14,244
3.5,11,4,15,245
3.5,11,5,0,235
3.5,11,5,1,235
3.5,11,5,2,236
3.5,11,5,3,237
3.5,11,5,4,238
3.5,11,5,5,238
3.5,11,5,6,239
3.5,11,5,7,240
3.5,11,5,8,241
3.5,11,5,9,241
3.5,11,5,10,242
3.5,11,5,11,243
3.5,11,5,12,244
3.5,11,5,13,244
3.5,11,5,14,245
3.5,11,5,15,246
3.5,11,6,0,235
3.5,11,6,1,236
3.5,11,6,2,237
3.5,11,6,3,238
3.5,11,6,4,238
3.5,11,6,5,239
3.5,11,6,6,240
3.5,11,6,7,241
3.5,11,6,8,241
3.5,11,6,9,242
3.5,11,6,10,243
3.5,11,6,11,244
3.5,11,6,12,244
3.5,11,6,13,245
3.5,11,6,14,246
3.5,11,6,15,247
3.5,11,7,0,236
3.5,11,7,1,237
3.5,11,7,2,238
3.5,11,7,3,238
3.5,11,7,4,239
3.5,11,7,5,240
3.5,11,7,6,241
3.5,11,7,7,242
3.5,11,7,8,242
3.5,11,7,9,243
3.5,11,7,10,244
3.5,11,7,11,244
3.5,11,7,12,245
3.5,11,7,13,246
3.5,11,7,14,247
3.5,11,7,15,247
3.5,11,8,0,237
3.5,11,8,1,238
3.5,11,8,2,238
3.5,11,8,3,239
3.5,11,8,4,240
3.5,11,8,5,241
3.5,11,8,6,242
3.5,11,8,7,242
3.5,11,8,8,243
3.5,11,8,9,244
3.5,11,8,10,245
3.5,11,8,11,245
3.5,11,8,12,246
3.5,11,8,13,247
3.5,11,8,14,247
3.5,11,8,15,248
3.5,11,9,0,238
3.5,11,9,1,238
3.5,11,9,2,239
3.5,11,9,3,240
3.5,11,9,4,241
3.5,11,9,5,242
3.5,11,9,6,242
3.5,11,9,7,243
3.5,11,9,8,244
3.5,11,9,9,245
3.5,11,9,10,245
3.5,11,9,11,246
3.5,11,9,12,247
3.5,11,9,13,248
3.5,11,9,14,248
3.5,11,9,15,249
3.5,11,10,0,238
3.5,11,10,1,239
3.5,11,10,2,240
3.5,11,10,3,241
3.5,11,10,4,242
3.5,11,10,5,242
3.5,11,10,6,243
3.5,11,10,7,244
3.5,11,10,8,245
3.5,11,10,9,245
3.5,11,10,10,246
3.5,11,10,11,247
3.5,11,10,12,248
3.5,11,10,13,248
3.5,11,10,14,249
3.5,11,10,15,250
3.5,11,11,0,239
3.5,11,11,1,240
3.5,11,11,2,241
3.5,11,11,3,242
3.5,11,11,4,242
3.5,11,11,5,243
3.5,11,11,6,244
3.5,11,11,7,245
3.5,11,11,8,245
3.5,11,11,9,246
3.5,11,11,10,247
3.5,11,11,11,248
3.5,11,11,12,248
3.5,11,11,13,249
3.5,11,11,14,250
3.5,11,11,15,251
3.5,11,12,0,240
3.5,11,12,1,241
3.5,11,12,2,242
3.5,11,12,3,242
3.5,11,12,4,243
3.5,11,12,5,244
3.5,11,12,6,245
3.5,11,12,7,245
3.5,11,12,8,246
3.5,11,12,9,247
3.5,11,12,10,248
3.5,11,12,11,248
3.5,11,12,12,249
3.5,11,12,13,250
3.5,11,12,14,251
3.5,11,12,15,251
3.5,11,13,0,241
3.5,11,13,1,242
3.5,11,13,2,242
3.5,11,13,3,243
3.5,11,13,4,244
3.5,11,13,5,245
3.5,11,13,6,245
3.5,11,13,7,246
3.5,11,13,8,247
3.5,11,13,9,248
3.5,11,13,10,248
3.5,11,13,11,249
3.5,11,13,12,250
3.5,11,13,13,251
3.5,11,13,14,251
3.5,11,13,15,252
3.5,11,14,0,241
3.5,11,14,1,242
3.5,11,14,2,243
3.5,11,14,3,244
3.5,11,14,4,245
3.5,11,14,5,245
3.5,11,14,6,246
3.5,11,14,7,247
3.5,11,14,8,248
3.5,11,14,9,248
3.5,11,14,10,249
3.5,11,14,11,250
3.5,11,14,12,251
3.5,11,14,13,251
3.5,11,14,14,252
3.5,11,14,15,253
3.5,11,15,0,242
3.5,11,15,1,243
3.5,11,15,2,244
3.5,11,15,3,245
3.5,11,15,4,245
3.5,11,15,5,246
3.5,11,15,6,247
3.5,11,15,7,248
3.5,11,15,8,248
3.5,11,15,9,249
3.5,11,15,10,250
3.5,11,15,11,251
3.5,11,15,12,251
3.5,11,15,13,252
3.5,11,15,14,253
3.5,11,15,15,254
3.5,12,0,0,232
3.5,12,0,1,232
3.5,12,0,2,233
3.5,12,0,3,234
3.5,12,0,4,235
3.5,12,0,5,235
3.5,12,0,6,236
3.5,12,0,7,237
3.5,12,0,8,238
3.5,12,0,9,238
3.5,12,0,10,239
3.5,12,0,11,240
3.5,12,0,12,241
3.5,12,0,13,241
3.5,12,0,14,242
3.5,12,0,15,243
3.5,12,1,0,232
3.5,12,1,1,233
3.5,12,1,2,234
3.5,12,1,3,235
3.5,12,1,4,235
3.5,12,1,5,236
3.5,12,1,6,237
3.5,12,1,7,238
3.5,12,1,8,238
3.5,12,1,9,239
3.5,12,1,10,240
3.5,12,1,11,241
3.5,12,1,12,241
3.5,12,1,13,242
3.5,12,1,14,243
3.5,12,1,15,243
3.5,12,2,0,233
3.5,12,2,1,234
3.5,12,2,2,235
3.5,12,2,3,235
3.5,12,2,4,236
3.5,12,2,5,237
3.5,12,2,6,238
3.5,12,2,7,238
3.5,12,2,8,239
3.5,12,2,9,240
3.5,12,2,10,241
3.5,12,2,11,241
3.5,12,2,12,242
3.5,12,2,13,243
3.5,12,2,14,244
3.5,12,2,15,244
3.5,12,3,0,234
3.5,12,3,1,235
3.5,12,3,2,236
3.5,12,3,3,236
3.5,12,3,4,237
3.5,12,3,5,238
3.5,12,3,6,239
3.5,12,3,7,239
3.5,12,3,8,240
3.5,12,3,9,241
3.5,12,3,10,241
3.5,12,3,11,242
3.5,12,3,12,243
3.5,12,3,13,244
3.5,12,3,14,244
3.5,12,3,15,245
3.5,12,4,0,235
3.5,12,4,1,236
3.5,12,4,2,236
3.5,12,4,3,237
3.5,12,4,4,238
3.5,12,4,5,239
3.5,12,4,6,239
3.5,12,4,7,240
3.5,12,4,8,241
3.5,12,4,9,242
3.5,12,4,10,242
3.5,12,4,11,243
3.5,12,4,12,244
3.5,12,4,13,244
3.5,12,4,14,245
3.5,12,4,15,246
3.5,12,5,0,236
3.5,12,5,1,236
3.5,12,5,2,237
3.5,12,5,3,238
3.5,12,5,4,239
3.5,12,5,5,239
3.5,12,5,6,240
3.5,12,5,7,241
3.5,12,5,8,242
3.5,12,5,9,242
3.5,12,5,10,243
3.5,12,5,11,244
3.5,12,5,12,245
3.5,12,5,13,245
3.5,12,5,14,246
3.5,12,5,15,247
3.5,12,6,0,236
3.5,12,6,1,237
3.5,12,6,2,238
3.5,12,6,3,239
3.5,12,6,4,239
3.5,12,6,5,240
3.5,12,6,6,241
3.5,12,6,7,242
3.5,12,6,8,242
3.5,12,6,9,243
3.5,12,6,10,244
3.5,12,6,11,245
3.5,12,6,12,245
3.5,12,6,13,246
3.5,12,6,14,247
3.5,12,6,15,248
3.5,12,7,0,237
3.5,12,7,1,238
3.5,12,7,2,239
3.5,12,7,3,239
3.5,12,7,4,240
3.5,12,7,5,241
3.5,12,7,6,242
3.5,12,7,7,242
3.5,12,7,8,243
3.5,12,7,9,244
3.5,12,7,10,245
3.5,12,7,11,245
3.5,12,7,12,246
3.5,12,7,13,247
3.5,12,7,14,248
3.5,12,7,15,248
3.5,12,8,0,238
3.5,12,8,1,239
3.5,12,8,2,239
3.5,12,8,3,240
3.5,12,8,4,241
3.5,12,8,5,242
3.5,12,8,6,242
3.5,12,8,7,243
3.5,12,8,8,244
3.5,12,8,9,245
3.5,12,8,10,245
3.5,12,8,11,246
3.5,12,8,12,247
3.5,12,8,13,248
3.5,12,8,14,248
3.5,12,8,15,249
3.5,12,9,0,239
3.5,12,9,1,239
3.5,12,9,2,240
3.5,12,9,3,241
3.5,12,9,4,242
3.5,12,9,5,242
3.5,12,9,6,243
3.5,12,9,7,244
3.5,12,9,8,245
3.5,12,9,9,245
3.5,12,9,10,246
3.5,12,9,11,247
3.5,12,9,12,248
3.5,12,9,13,248
3.5,12,9,14,249
3.5,12,9,15,250
3.5,12,10,0,239
3.5,12,10,1,240
3.5,12,10,2,241
3.5,12,10,3,242
3.5,12,10,4,242
3.5,12,10,5,243
3.5,12,10,6,244
3.5,12,10,7,245
3.5,12,10,8,245
3.5,12,10,9,246
3.5,12,10,10,247
3.5,12,10,11,248
3.5,12,10,12,248
3.5,12,10,13,249
3.5,12,10,14,250
3.5,12,10,15,251
3.5,12,11,0,240
3.5,12,11,1,241
3.5,12,11,2,242
3.5,12,11,3,242
3.5,12,11,4,243
3.5,12,11,5,244
3.5,12,11,6,245
3.5,12,11,7,245
3.5,12,11,8,246
3.5,12,11,9,247
3.5,12,11,10,248
3.5,12,11,11,249
3.5,12,11,12,249
3.5,12,11,13,250
3.5,12,11,14,251
3.5,12,11,15,251
3.5,12,12,0,241
3.5,12,12,1,242
3.5,12,12,2,242
3.5,12,12,3,243
3.5,12,12,4,244
3.5,12,12,5,245
3.5,12,12,6,245
3.5,12,12,7,246
3.5,12,12,8,247
3.5,12,12,9,248
3.5,12,12,10,249
3.5,12,12,11,249
3.5,12,12,12,250
3.5,12,12,13,251
3.5,12,12,14,252
3.5,12,12,15,252
3.5,12,13,0,242
3.5,12,13,1,242
3.5,12,13,2,243
3.5,12,13,3,244
3.5,12,13,4,245
3.5,12,13,5,245
3.5,12,13,6,246
3.5,12,13,7,247
3.5,12,13,8,248
3.5,12,13,9,249
3.5,12,13,10,249
3.5,12,13,11,250
3.5,12,13,12,251
3.5,12,13,13,252
3.5,12,13,14,252
3.5,12,13,15,253
3.5,12,14,0,242
3.5,12,14,1,243
3.5,12,14,2,244
3.5,12,14,3,245
3.5,12,14,4,245
3.5,12,14,5,246
3.5,12,14,6,247
3.5,12,14,7,248
3.5,12,14,8,249
3.5,12,14,9,249
3.5,12,14,10,250
3.5,12,14,11,251
3.5,12,14,12,252
3.5,12,14,13,252
3.5,12,14,14,253
3.5,12,14,15,254
3.5,12,15,0,243
3.5,12,15,1,244
3.5,12,15,2,245
3.5,12,15,3,245
3.5,12,15,4,246
3.5,12,15,5,247
3.5,12,15,6,248
3.5,12,15,7,249
3.5,12,15,8,249
3.5,12,15,9,250
3.5,12,15,10,251
3.5,12,15,11,252
3.5,12,15,12,252
3.5,12,15,13,253
3.5,12,15,14,254
3.5,12,15,15,255
3.5,13,0,0,233
3.5,13,0,1,233
3.5,13,0,2,234
3.5,13,0,3,235
3.5,13,0,4,236
3.5,13,0,5,236
3.5,13,0,6,237
3.5,13,0,7,238
3.5,13,0,8,238
3.5,13,0,9,239
3.5,13,0,10,240
3.5,13,0,11,241
3.5,13,0,12,241
3.5,13,0,13,242
3.5,13,0,14,243
3.5,13,0,15,244
3.5,13,1,0,233
3.5,13,1,1,234
3.5,13,1,2,235
3.5,13,1,3,236
3.5,13,1,4,236
3.5,13,1,5,237
3.5,13,1,6,238
3.5,13,1,7,239
3.5,13,1,8,239
3.5,13,1,9,240
3.5,13,1,10,241
3.5,13,1,11,241
3.5,13,1,12,242
3.5,13,1,13,243
3.5,13,1,14,244
3.5,13,1,15,244
3.5,13,2,0,234
3.5,13,2,1,235
3.5,13,2,2,236
3.5,13,2,3,236
3.5,13,2,4,237
3.5,13,2,5,238
3.5,13,2,6,239
3.5,13,2,7,239
3.5,13,2,8,240
3.5,13,2,9,241
3.5,13,2,10,242
3.5,13,2,11,242
3.5,13,2,12,243
3.5,13,2,13,244
3.5,13,2,14,244
3.5,13,2,15,245
3.5,13,3,0,235
3.5,13,3,1,236
3.5,13,3,2,236
3.5,13,3,3,237
3.5,13,3,4,238
3.5,13,3,5,239
3.5,13,3,6,239
3.5,13,3,7,240
3.5,13,3,8,241
3.5,13,3,9,242
3.5,13,3,10,242
3.5,13,3,11,243
3.5,13,3,12,244
3.5,13,3,13,245
3.5,13,3,14,245
3.5,13,3,15,246
3.5,13,4,0,236
3.5,13,4,1,236
3.5,13,4,2,237
3.5,13,4,3,238
3.5,13,4,4,239
3.5,13,4,5,239
3.5,13,4,6,240
3.5,13,4,7,241
3.5,13,4,8,242
3.5,13,4,9,242
3.5,13,4,10,243
3.5,13,4,11,244
3.5,13,4,12,245
3.5,13,4,13,245
3.5,13,4,14,246
3.5,13,4,15,247
3.5,13,5,0,236
3.5,13,5,1,237
3.5,13,5,2,238
3.5,13,5,3,239
3.5,13,5,4,239
3.5,13,5,5,240
3.5,13,5,6,241
3.5,13,5,7,242
3.5,13,5,8,242
3.5,13,5,9,243
3.5,13,5,10,244
3.5,13,5,11,245
3.5,13,5,12,245
3.5,13,5,13,246
3.5,13,5,14,247
3.5,13,5,15,248
3.5,13,6,0,237
3.5,13,6,1,238
3.5,13,6,2,239
3.5,13,6,3,239
3.5,13,6,4,240
3.5,13,6,5,241
3.5,13,6,6,242
3.5,13,6,7,242
3.5,13,6,8,243
3.5,13,6,9,244
3.5,13,6,10,245
3.5,13,6,11,245
3.5,13,6,12,246
3.5,13,6,13,247
3.5,13,6,14,248
3.5,13,6,15,248
3.5,13,7,0,238
3.5,13,7,1,239
3.5,13,7,2,239
3.5,13,7,3,240
3.5,13,7,4,241
3.5,13,7,5,242
3.5,13,7,6,243
3.5,13,7,7,243
3.5,13,7,8,244
3.5,13,7,9,245
3.5,13,7,10,246
3.5,13,7,11,246
3.5,13,7,12,247
3.5,13,7,13,248
3.5,13,7,14,248
3.5,13,7,15,249
3.5,13,8,0,239
3.5,13,8,1,239
3.5,13,8,2,240
3.5,13,8,3,241
3.5,13,8,4,242
3.5,13,8,5,243
3.5,13,8,6,243
3.5,13,8,7,244
3.5,13,8,8,245
3.5,13,8,9,246
3.5,13,8,10,246
3.5,13,8,11,247
3.5,13,8,12,248
3.5,13,8,13,249
3.5,13,8,14,249
3.5,13,8,15,250
3.5,13,9,0,239
3.5,13,9,1,240
3.5,13,9,2,241
3.5,13,9,3,242
3.5,13,9,4,243
3.5,13,9,5,243
3.5,13,9,6,244
3.5,13,9,7,245
3.5,13,9,8,246
3.5,13,9,9,246
3.5,13,9,10,247
3.5,13,9,11,248
3.5,13,9,12,249
3.5,13,9,13,249
3.5,13,9,14,250
3.5,13,9,15,251
3.5,13,10,0,240
3.5,13,10,1,241
3.5,13,10,2,242
3.5,13,10,3,243
3.5,13,10,4,243
3.5,13,10,5,244
3.5,13,10,6,245
3.5,13,10,7,246
3.5,13,10,8,246
3.5,13,10,9,247
3.5,13,10,10,248
3.5,13,10,11,249
3.5,13,10,12,249
3.5,13,10,13,250
3.5,13,10,14,251
3.5,13,10,15,252
3.5,13,11,0,241
3.5,13,11,1,242
3.5,13,11,2,243
3.5,13,11,3,243
3.5,13,11,4,244
3.5,13,11,5,245
3.5,13,11,6,246
3.5,13,11,7,246
3.5,13,11,8,247
3.5,13,11,9,248
3.5,13,11,10,249
3.5,13,11,11,249
3.5,13,11,12,250
3.5,13,11,13,251
3.5,13,11,14,252
3.5,13,11,15,252
3.5,13,12,0,242
3.5,13,12,1,243
3.5,13,12,2,243
3.5,13,12,3,244
3.5,13,12,4,245
3.5,13,12,5,246
3.5,13,12,6,246
3.5,13,12,7,247
3.5,13,12,8,248
3.5,13,12,9,249
3.5,13,12,10,249
3.5,13,12,11,250
3.5,13,12,12,251
3.5,13,12,13,252
3.5,13,12,14,252
3.5,13,12,15,253
3.5,13,13,0,242
3.5,13,13,1,243
3.5,13,13,2,244
3.5,13,13,3,245
3.5,13,13,4,246
3.5,13,13,5,246
3.5,13,13,6,247
3.5,13,13,7,248
3.5,13,13,8,249
3.5,13,13,9,249
3.5,13,13,10,250
3.5,13,13,11,251
3.5,13,13,12,252
3.5,13,13,13,252
3.5,13,13,14,253
3.5,13,13,15,254
3.5,13,14,0,243
3.5,13,14,1,244
3.5,13,14,2,245
3.5,13,14,3,246
3.5,13,14,4,246
3.5,13,14,5,247
3.5,13,14,6,248
3.5,13,14,7,249
3.5,13,14,8,249
3.5,13,14,9,250
3.5,13,14,10,251
3.5,13,14,11,252
3.5,13,14,12,253
3.5,13,14,13,253
3.5,13,14,14,254
3.5,13,14,15,255
3.5,13,15,0,244
3.5,13,15,1,245
3.5,13,15,2,246
3.5,13,15,3,246
3.5,13,15,4,247
3.5,13,15,5,248
3.5,13,15,6,249
3.5,13,15,7,249
3.5,13,15,8,250
3.5,13,15,9,251
3.5,13,15,10,252
3.5,13,15,11,253
3.5,13,15,12,253
3.5,13,15,13,254
3.5,13,15,14,255
3.5,13,15,15,256
3.5,14,0,0,233
3.5,14,0,1,234
3.5,14,0,2,235
3.5,14,0,3,236
3.5,14,0,4,236
3.5,14,0,5,237
3.5,14,0,6,238
3.5,14,0,7,239
3.5,14,0,8,239
3.5,14,0,9,240
3.5,14,0,10,241
3.5,14,0,11,242
3.5,14,0,12,242
3.5,14,0,13,243
3.5,14,0,14,244
3.5,14,0,15,244
3.5,14,1,0,234
3.5,14,1,1,235
3.5,14,1,2,236
3.5,14,1,3,236
3.5,14,1,4,237
3.5,14,1,5,238
3.5,14,1,6,239
3.5,14,1,7,239
3.5,14,1,8,240
3.5,14,1,9,241
3.5,14,1,10,242
3.5,14,1,11,242
3.5,14,1,12,243
3.5,14,1,13,244
3.5,14,1,14,245
3.5,14,1,15,245
3.5,14,2,0,235
3.5,14,2,1,236
3.5,14,2,2,236
3.5,14,2,3,237
3.5,14,2,4,238
3.5,14,2,5,239
3.5,14,2,6,239
3.5,14,2,7,240
3.5,14,2,8,241
3.5,14,2,9,242
3.5,14,2,10,242
3.5,14,2,11,243
3.5,14,2,12,244
3.5,14,2,13,245
3.5,14,2,14,245
3.5,14,2,15,246
3.5,14,3,0,236
3.5,14,3,1,236
3.5,14,3,2,237
3.5,14,3,3,238
3.5,14,3,4,239
3.5,14,3,5,240
3.5,14,3,6,240
3.5,14,3,7,241
3.5,14,3,8,242
3.5,14,3,9,242
3.5,14,3,10,243
3.5,14,3,11,244
3.5,14,3,12,245
3.5,14,3,13,245
3.5,14,3,14,246
3.5,14,3,15,247
3.5,14,4,0,237
3.5,14,4,1,237
3.5,14,4,2,238
3.5,14,4,3,239
3.5,14,4,4,240
3.5,14,4,5,240
3.5,14,4,6,241
3.5,14,4,7,242
3.5,14,4,8,243
3.5,14,4,9,243
3.5,14,4,10,244
3.5,14,4,11,245
3.5,14,4,12,246
3.5,14,4,13,246
3.5,14,4,14,247
3.5,14,4,15,248
3.5,14,5,0,237
3.5,14,5,1,238
3.5,14,5,2,239
3.5,14,5,3,240
3.5,14,5,4,240
3.5,14,5,5,241
3.5,14,5,6,242
3.5,14,5,7,243
3.5,14,5,8,243
3.5,14,5,9,244
3.5,14,5,10,245
3.5,14,5,11,246
3.5,14,5,12,246
3.5,14,5,13,247
3.5,14,5,14,248
3.5,14,5,15,249
3.5,14,6,0,238
3.5,14,6,1,239
3.5,14,6,2,240
3.5,14,6,3,240
3.5,14,6,4,241
3.5,14,6,5,242
3.5,14,6,6,243
3.5,14,6,7,243
3.5,14,6,8,244
3.5,14,6,9,245
3.5,14,6,10,246
3.5,14,6,11,246
3.5,14,6,12,247
3.5,14,6,13,248
3.5,14,6,14,249
3.5,14,6,15,249
3.5,14,7,0,239
3.5,14,7,1,240
3.5,14,7,2,240
3.5,14,7,3,241
3.5,14,7,4,242
3.5,14,7,5,243
3.5,14,7,6,243
3.5,14,7,7,244
3.5,14,7,8,245
3.5,14,7,9,246
3.5,14,7,10,246
3.5,14,7,11,247
3.5,14,7,12,248
3.5,14,7,13,249
3.5,14,7,14,249
3.5,14,7,15,250
3.5,14,8,0,240
3.5,14,8,1,240
3.5,14,8,2,241
3.5,14,8,3,242
3.5,14,8,4,243
3.5,14,8,5,243
3.5,14,8,6,244
3.5,14,8,7,245
3.5,14,8,8,246
3.5,14,8,9,246
3.5,14,8,10,247
3.5,14,8,11,248
3.5,14,8,12,249
3.5,14,8,13,249
3.5,14,8,14,250
3.5,14,8,15,251
3.5,14,9,0,240
3.5,14,9,1,241
3.5,14,9,2,242
3.5,14,9,3,243
3.5,14,9,4,243
3.5,14,9,5,244
3.5,14,9,6,245
3.5,14,9,7,246
3.5,14,9,8,246
3.5,14,9,9,247
3.5,14,9,10,248
3.5,14,9,11,249
3.5,14,9,12,250
3.5,14,9,13,250
3.5,14,9,14,251
3.5,14,9,15,252
3.5,14,10,0,241
3.5,14,10,1,242
3.5,14,10,2,243
3.5,14,10,3,243
3.5,14,10,4,244
3.5,14,10,5,245
3.5,14,10,6,246
3.5,14,10,7,247
3.5,14,10,8,247
3.5,14,10,9,248
3.5,14,10,10,249
3.5,14,10,11,250
3.5,14,10,12,250
3.5,14,10,13,251
3.5,14,10,14,252
3.5,14,10,15,253
3.5,14,11,0,242
3.5,14,11,1,243
3.5,14,11,2,243
3.5,14,11,3,244
3.5,14,11,4,245
3.5,14,11,5,246
3.5,14,11,6,247
3.5,14,11,7,247
3.5,14,11,8,248
3.5,14,11,9,249
3.5,14,11,10,250
3.5,14,11,11,250
3.5,14,11,12,251
3.5,14,11,13,252
3.5,14,11,14,253
3.5,14,11,15,253
3.5,14,12,0,243
3.5,14,12,1,243
3.5,14,12,2,244
3.5,14,12,3,245
3.5,14,12,4,246
3.5,14,12,5,247
3.5,14,12,6,247
3.5,14,12,7,248
3.5,14,12,8,249
3.5,14,12,9,250
3.5,14,12,10,250
3.5,14,12,11,251
3.5,14,12,12,252
3.5,14,12,13,253
3.5,14,12,14,253
3.5,14,12,15,254
3.5,14,13,0,243
3.5,14,13,1,244
3.5,14,13,2,245
3.5,14,13,3,246
3.5,14,13,4,247
3.5,14,13,5,247
3.5,14,13,6,248
3.5,14,13,7,249
3.5,14,13,8,250
3.5,14,13,9,250
3.5,14,13,10,251
3.5,14,13,11,252
3.5,14,13,12,253
3.5,14,13,13,253
3.5,14,13,14,254
3.5,14,13,15,255
3.5,14,14,0,244
3.5,14,14,1,245
3.5,14,14,2,246
3.5,14,14,3,246
3.5,14,14,4,247
3.5,14,14,5,248
3.5,14,14,6,249
3.5,14,14,7,250
3.5,14,14,8,250
3.5,14,14,9,251
3.5,14,14,10,252
3.5,14,14,11,253
3.5,14,14,12,253
3.5,14,14,13,254
3.5,14,14,14,255
3.5,14,14,15,256
3.5,14,15,0,245
3.5,14,15,1,246
3.5,14,15,2,246
3.5,14,15,3,247
3.5,14,15,4,248
3.5,14,15,5,249
3.5,14,15,6,250
3.5,14,15,7,250
3.5,14,15,8,251
3.5,14,15,9,252
3.5,14,15,10,253
3.5,14,15,11,253
3.5,14,15,12,254
3.5,14,15,13,255
3.5,14,15,14,256
3.5,14,15,15,256
3.5,15,0,0,234
3.5,15,0,1,235
3.5,15,0,2,236
3.5,15,0,3,237
3.5,15,0,4,237
3.5,15,0,5,238
3.5,15,0,6,239
3.5,15,0,7,239
3.5,15,0,8,240
3.5,15,0,9,241
3.5,15,0,10,242
3.5,15,0,11,242
3.5,15,0,12,243
3.5,15,0,13,244
3.5,15,0,14,245
3.5,15,0,15,245
3.5,15,1,0,235
3.5,15,1,1,236
3.5,15,1,2,237
3.5,15,1,3,237
3.5,15,1,4,238
3.5,15,1,5,239
3.5,15,1,6,240
3.5,15,1,7,240
3.5,15,1,8,241
3.5,15,1,9,242
3.5,15,1,10,243
3.5,15,1,11,243
3.5,15,1,12,244
3.5,15,1,13,245
3.5,15,1,14,245
3.5,15,1,15,246
3.5,15,2,0,236
3.5,15,2,1,237
3.5,15,2,2,237
3.5,15,2,3,238
3.5,15,2,4,239
3.5,15,2,5,240
3.5,15,2,6,240
3.5,15,2,7,241
3.5,15,2,8,242
3.5,15,2,9,243
3.5,15,2,10,243
3.5,15,2,11,244
3.5,15,2,12,245
3.5,15,2,13,246
3.5,15,2,14,246
3.5,15,2,15,247
3.5,15,3,0,237
3.5,15,3,1,237
3.5,15,3,2,238
3.5,15,3,3,239
3.5,15,3,4,240
3.5,15,3,5,240
3.5,15,3,6,241
3.5,15,3,7,242
3.5,15,3,8,243
3.5,15,3,9,243
3.5,15,3,10,244
3.5,15,3,11,245
3.5,15,3,12,246
3.5,15,3,13,246
3.5,15,3,14,247
3.5,15,3,15,248
3.5,15,4,0,237
3.5,15,4,1,238
3.5,15,4,2,239
3.5,15,4,3,240
3.5,15,4,4,240
3.5,15,4,5,241
3.5,15,4,6,242
3.5,15,4,7,243
3.5,15,4,8,243
3.5,15,4,9,244
3.5,15,4,10,245
3.5,15,4,11,246
3.5,15,4,12,246
3.5,15,4,13,247
3.5,15,4,14,248
3.5,15,4,15,249
3.5,15,5,0,238
3.5,15,5,1,239
3.5,15,5,2,240
3.5,15,5,3,240
3.5,15,5,4,241
3.5,15,5,5,242
3.5,15,5,6,243
3.5,15,5,7,243
3.5,15,5,8,244
3.5,15,5,9,245
3.5,15,5,10,246
3.5,15,5,11,246
3.5,15,5,12,247
3.5,15,5,13,248
3.5,15,5,14,249
3.5,15,5,15,249
3.5,15,6,0,239
3.5,15,6,1,240
3.5,15,6,2,240
3.5,15,6,3,241
3.5,15,6,4,242
3.5,15,6,5,243
3.5,15,6,6,244
3.5,15,6,7,244
3.5,15,6,8,245
3.5,15,6,9,246
3.5,15,6,10,247
3.5,15,6,11,247
3.5,15,6,12,248
3.5,15,6,13,249
3.5,15,6,14,250
3.5,15,6,15,250
3.5,15,7,0,240
3.5,15,7,1,240
3.5,15,7,2,241
3.5,15,7,3,242
3.5,15,7,4,243
3.5,15,7,5,244
3.5,15,7,6,244
3.5,15,7,7,245
3.5,15,7,8,246
3.5,15,7,9,247
3.5,15,7,10,247
3.5,15,7,11,248
3.5,15,7,12,249
3.5,15,7,13,250
3.5,15,7,14,250
3.5,15,7,15,251
3.5,15,8,0,240
3.5,15,8,1,241
3.5,15,8,2,242
3.5,15,8,3,243
3.5,15,8,4,244
3.5,15,8,5,244
3.5,15,8,6,245
3.5,15,8,7,246
3.5,15,8,8,247
3.5,15,8,9,247
3.5,15,8,10,248
3.5,15,8,11,249
3.5,15,8,12,250
3.5,15,8,13,250
3.5,15,8,14,251
3.5,15,8,15,252
3.5,15,9,0,241
3.5,15,9,1,242
3.5,15,9,2,243
3.5,15,9,3,244
3.5,15,9,4,244
3.5,15,9,5,245
3.5,15,9,6,246
3.5,15,9,7,247
3.5,15,9,8,247
3.5,15,9,9,248
3.5,15,9,10,249
3.5,15,9,11,250
3.5,15,9,12,250
3.5,15,9,13,251
3.5,15,9,14,252
3.5,15,9,15,253
3.5,15,10,0,242
3.5,15,10,1,243
3.5,15,10,2,244
3.5,15,10,3,244
3.5,15,10,4,245
3.5,15,10,5,246
3.5,15,10,6,247
3.5,15,10,7,247
3.5,15,10,8,248
3.5,15,10,9,249
3.5,15,10,10,250
3.5,15,10,11,250
3.5,15,10,12,251
3.5,15,10,13,252
3.5,15,10,14,253
3.5,15,10,15,253
3.5,15,11,0,243
3.5,15,11,1,244
3.5,15,11,2,244
3.5,15,11,3,245
3.5,15,11,4,246
3.5,15,11,5,247
3.5,15,11,6,247
3.5,15,11,7,248
3.5,15,11,8,249
3.5,15,11,9,250
3.5,15,11,10,250
3.5,15,11,11,251
3.5,15,11,12,252
3.5,15,11,13,253
3.5,15,11,14,254
3.5,15,11,15,254
3.5,15,12,0,244
3.5,15,12,1,244
3.5,15,12,2,245
3.5,15,12,3,246
3.5,15,12,4,247
3.5,15,12,5,247
3.5,15,12,6,248
3.5,15,12,7,249
3.5,15,12,8,250
3.5,15,12,9,250
3.5,15,12,10,251
3.5,15,12,11,252
3.5,15,12,12,253
3.5,15,12,13,254
3.5,15,12,14,254
3.5,15,12,15,255
3.5,15,13,0,244
3.5,15,13,1,245
3.5,15,13,2,246
3.5,15,13,3,247
3.5,15,13,4,247
3.5,15,13,5,248
3.5,15,13,6,249
3.5,15,13,7,250
3.5,15,13,8,251
3.5,15,13,9,251
3.5,15,13,10,252
3.5,15,13,11,253
3.5,15,13,12,254
3.5,15,13,13,254
3.5,15,13,14,255
3.5,15,13,15,256
3.5,15,14,0,245
3.5,15,14,1,246
3.5,15,14,2,247
3.5,15,14,3,247
3.5,15,14,4,248
3.5,15,14,5,249
3.5,15,14,6,250
3.5,15,14,7,251
3.5,15,14,8,251
3.5,15,14,9,252
3.5,15,14,10,253
3.5,15,14,11,254
3.5,15,14,12,254
3.5,15,14,13,255
3.5,15,14,14,256
3.5,15,14,15,257
3.5,15,15,0,246
3.5,15,15,1,247
3.5,15,15,2,247
3.5,15,15,3,248
3.5,15,15,4,249
3.5,15,15,5,250
3.5,15,15,6,250
3.5,15,15,7,251
3.5,15,15,8,252
3.5,15,15,9,253
3.5,15,15,10,254
3.5,15,15,11,254
3.5,15,15,12,255
3.5,15,15,13,256
3.5,15,15,14,257
3.5,15,15,15,257
4.0,0,0,0,259
4.0,0,0,1,260
4.0,0,0,2,261
4.0,0,0,3,261
4.0,0,0,4,262
4.0,0,0,5,263
4.0,0,0,6,264
4.0,0,0,7,265
4.0,0,0,8,265
4.0,0,0,9,266
4.0,0,0,10,267
4.0,0,0,11,268
4.0,0,0,12,269
4.0,0,0,13,270
4.0,0,0,14,270
4.0,0,0,15,271
4.0,0,1,0,260
4.0,0,1,1,261
4.0,0,1,2,261
4.0,0,1,3,262
4.0,0,1,4,263
4.0,0,1,5,264
4.0,0,1,6,265
4.0,0,1,7,266
4.0,0,1,8,266
4.0,0,1,9,267
4.0,0,1,10,268
4.0,0,1,11,269
4.0,0,1,12,270
4.0,0,1,13,270
4.0,0,1,14,271
4.0,0,1,15,272
4.0,0,2,0,261
4.0,0,2,1,261
4.0,0,2,2,262
4.0,0,2,3,263
4.0,0,2,4,264
4.0,0,2,5,265
4.0,0,2,6,266
4.0,0,2,7,266
4.0,0,2,8,267
4.0,0,2,9,268
4.0,0,2,10,269
4.0,0,2,11,270
4.0,0,2,12,271
4.0,0,2,13,271
4.0,0,2,14,272
4.0,0,2,15,273
4.0,0,3,0,261
4.0,0,3,1,262
4.0,0,3,2,263
4.0,0,3,3,264
4.0,0,3,4,265
4.0,0,3,5,266
4.0,0,3,6,266
4.0,0,3,7,267
4.0,0,3,8,268
4.0,0,3,9,269
4.0,0,3,10,270
4.0,0,3,11,271
4.0,0,3,12,271
4.0,0,3,13,272
4.0,0,3,14,273
4.0,0,3,15,274
4.0,0,4,0,262
4.0,0,4,1,263
4.0,0,4,2,264
4.0,0,4,3,265
4.0,0,4,4,266
4.0,0,4,5,267
4.0,0,4,6,267
4.0,0,4,7,268
4.0,0,4,8,269
4.0,0,4,9,270
4.0,0,4,10,271
4.0,0,4,11,272
4.0,0,4,12,272
4.0,0,4,13,273
4.0,0,4,14,274
4.0,0,4,15,275
4.0,0,5,0,263
4.0,0,5,1,264
4.0,0,5,2,265
4.0,0,5,3,266
4.0,0,5,4,267
4.0,0,5,5,267
4.0,0,5,6,268
4.0,0,5,7,269
4.0,0,5,8,270
4.0,0,5,9,271
4.0,0,5,10,272
4.0,0,5,11,272
4.0,0,5,12,273
4.0,0,5,13,274
4.0,0,5,14,275
4.0,0,5,15,276
4.0,0,6,0,264
4.0,0,6,1,265
4.0,0,6,2,266
4.0,0,6,3,267
4.0,0,6,4,267
4.0,0,6,5,268
4.0,0,6,6,269
4.0,0,6,7,270
4.0,0,6,8,271
4.0,0,6,9,272
4.0,0,6,10,272
4.0,0,6,11,273
4.0,0,6,12,274
4.0,0,6,13,275
4.0,0,6,14,276
4.0,0,6,15,277
4.0,0,7,0,265
4.0,0,7,1,266
4.0,0,7,2,267
4.0,0,7,3,267
4.0,0,7,4,268
4.0,0,7,5,269
4.0,0,7,6,270
4.0,0,7,7,271
4.0,0,7,8,272
4.0,0,7,9,272
4.0,0,7,10,273
4.0,0,7,11,274
4.0,0,7,12,275
4.0,0,7,13,276
4.0,0,7,14,277
4.0,0,7,15,277
4.0,0,8,0,266
4.0,0,8,1,267
4.0,0,8,2,267
4.0,0,8,3,268
4.0,0,8,4,269
4.0,0,8,5,270
4.0,0,8,6,271
4.0,0,8,7,272
4.0,0,8,8,273
4.0,0,8,9,273
4.0,0,8,10,274
4.0,0,8,11,275
4.0,0,8,12,276
4.0,0,8,13,277
4.0,0,8,14,278
4.0,0,8,15,278
4.0,0,9,0,267
4.0,0,9,1,267
4.0,0,9,2,268
4.0,0,9,3,269
4.0,0,9,4,270
4.0,0,9,5,271
4.0,0,9,6,272
4.0,0,9,7,273
4.0,0,9,8,273
4.0,0,9,9,274
4.0,0,9,10,275
4.0,0,9,11,276
4.0,0,9,12,277
4.0,0,9,13,278
4.0,0,9,14,278
4.0,0,9,15,279
4.0,0,10,0,267
4.0,0,10,1,268
4.0,0,10,2,269
4.0,0,10,3,270
4.0,0,10,4,271
4.0,0,10,5,272
4.0,0,10,6,273
4.0,0,10,7,273
4.0,0,10,8,274
4.0,0,10,9,275
4.0,0,10,10,276
4.0,0,10,11,277
4.0,0,10,12,278
4.0,0,10,13,278
4.0,0,10,14,279
4.0,0,10,15,280
4.0,0,11,0,268
4.0,0,11,1,269
4.0,0,11,2,270
4.0,0,11,3,271
4.0,0,11,4,272
4.0,0,11,5,273
4.0,0,11,6,273
4.0,0,11,7,274
4.0,0,11,8,275
4.0,0,11,9,276
4.0,0,11,10,277
4.0,0,11,11,278
4.0,0,11,12,278
4.0,0,11,13,279
4.0,0,11,14,280
4.0,0,11,15,281
4.0,0,12,0,269
4.0,0,12,1,270
4.0,0,12,2,271
4.0,0,12,3,272
4.0,0,12,4,273
4.0,0,12,5,273
4.0,0,12,6,274
4.0,0,12,7,275
4.0,0,12,8,276
4.0,0,12,9,277
4.0,0,12,10,278
4.0,0,12,11,279
4.0,0,12,12,279
4.0,0,12,13,280
4.0,0,12,14,281
4.0,0,12,15,282
4.0,0,13,0,270
4.0,0,13,1,271
4.0,0,13,2,272
4.0,0,13,3,273
4.0,0,13,4,273
4.0,0,13,5,274
4.0,0,13,6,275
4.0,0,13,7,276
4.0,0,13,8,277
4.0,0,13,9,278
4.0,0,13,10,279
4.0,0,13,11,279
4.0,0,13,12,280
4.0,0,13,13,281
4.0,0,13,14,282
4.0,0,13,15,283
4.0,0,14,0,271
4.0,0,14,1,272
4.0,0,14,2,273
4.0,0,14,3,273
4.0,0,14,4,274
4.0,0,14,5,275
4.0,0,14,6,276
4.0,0,14,7,277
4.0,0,14,8,278
4.0,0,14,9,279
4.0,0,14,10,279
4.0,0,14,11,280
4.0,0,14,12,281
4.0,0,14,13,282
4.0,0,14,14,283
4.0,0,14,15,284
4.0,0,15,0,272
4.0,0,15,1,272
4.0,0,15,2,273
4.0,0,15,3,274
4.0,0,15,4,275
4.0,0,15,5,276
4.0,0,15,6,277
4.0,0,15,7,278
4.0,0,15,8,279
4.0,0,15,9,279
4.0,0,15,10,280
4.0,0,15,11,281
4.0,0,15,12,282
4.0,0,15,13,283
4.0,0,15,14,284
4.0,0,15,15,284
4.0,1,0,0,260
4.0,1,0,1,261
4.0,1,0,2,262
4.0,1,0,3,262
4.0,1,0,4,263
4.0,1,0,5,264
4.0,1,0,6,265
4.0,1,0,7,266
4.0,1,0,8,267
4.0,1,0,9,267
4.0,1,0,10,268
4.0,1,0,11,269
4.0,1,0,12,270
4.0,1,0,13,271
4.0,1,0,14,271
4.0,1,0,15,272
4.0,1,1,0,261
4.0,1,1,1,262
4.0,1,1,2,262
4.0,1,1,3,263
4.0,1,1,4,264
4.0,1,1,5,265
4.0,1,1,6,266
4.0,1,1,7,267
4.0,1,1,8,267
4.0,1,1,9,268
4.0,1,1,10,269
4.0,1,1,11,270
4.0,1,1,12,271
4.0,1,1,13,271
4.0,1,1,14,272
4.0,1,1,15,273
4.0,1,2,0,262
4.0,1,2,1,262
4.0,1,2,2,263
4.0,1,2,3,264
4.0,1,2,4,265
4.0,1,2,5,266
4.0,1,2,6,267
4.0,1,2,7,267
4.0,1,2,8,268
4.0,1,2,9,269
4.0,1,2,10,270
4.0,1,2,11,271
4.0,1,2,12,272
4.0,1,2,13,272
4.0,1,2,14,273
4.0,1,2,15,274
4.0,1,3,0,262
4.0,1,3,1,263
4.0,1,3,2,264
4.0,1,3,3,265
4.0,1,3,4,266
4.0,1,3,5,267
4.0,1,3,6,268
4.0,1,3,7,268
4.0,1,3,8,269
4.0,1,3,9,270
4.0,1,3,10,271
4.0,1,3,11,272
4.0,1,3,12,272
4.0,1,3,13,273
4.0,1,3,14,274
4.0,1,3,15,275
4.0,1,4,0,263
4.0,1,4,1,264
4.0,1,4,2,265
4.0,1,4,3,266
4.0,1,4,4,267
4.0,1,4,5,268
4.0,1,4,6,268
4.0,1,4,7,269
4.0,1,4,8,270
4.0,1,4,9,271
4.0,1,4,10,272
4.0,1,4,11,273
4.0,1,4,12,273
4.0,1,4,13,274
4.0,1,4,14,275
4.0,1,4,15,276
4.0,1,5,0,264
4.0,1,5,1,265
4.0,1,5,2,266
4.0,1,5,3,267
4.0,1,5,4,268
4.0,1,5,5,268
4.0,1,5,6,269
4.0,1,5,7,270
4.0,1,5,8,271
4.0,1,5,9,272
4.0,1,5,10,273
4.0,1,5,11,273
4.0,1,5,12,274
4.0,1,5,13,275
4.0,1,5,14,276
4.0,1,5,15,277
4.0,1,6,0,265
4.0,1,6,1,266
4.0,1,6,2,267
4.0,1,6,3,268
4.0,1,6,4,268
4.0,1,6,5,269
4.0,1,6,6,270
4.0,1,6,7,271
4.0,1,6,8,272
4.0,1,6,9,273
4.0,1,6,10,273
4.0,1,6,11,274
4.0,1,6,12,275
4.0,1,6,13,276
4.0,1,6,14,277
4.0,1,6,15,278
4.0,1,7,0,266
4.0,1,7,1,267
4.0,1,7,2,268
4.0,1,7,3,268
4.0,1,7,4,269
4.0,1,7,5,270
4.0,1,7,6,271
4.0,1,7,7,272
4.0,1,7,8,273
4.0,1,7,9,274
4.0,1,7,10,274
4.0,1,7,11,275
4.0,1,7,12,276
4.0,1,7,13,277
4.0,1,7,14,278
4.0,1,7,15,279
4.0,1,8,0,267
4.0,1,8,1,268
4.0,1,8,2,268
4.0,1,8,3,269
4.0,1,8,4,270
4.0,1,8,5,271
4.0,1,8,6,272
4.0,1,8,7,273
4.0,1,8,8,274
4.0,1,8,9,274
4.0,1,8,10,275
4.0,1,8,11,276
4.0,1,8,12,277
4.0,1,8,13,278
4.0,1,8,14,279
4.0,1,8,15,279
4.0,1,9,0,268
4.0,1,9,1,268
4.0,1,9,2,269
4.0,1,9,3,270
4.0,1,9,4,271
4.0,1,9,5,272
4.0,1,9,6,273
4.0,1,9,7,274
4.0,1,9,8,274
4.0,1,9,9,275
4.0,1,9,10,276
4.0,1,9,11,277
4.0,1,9,12,278
4.0,1,9,13,279
4.0,1,9,14,279
4.0,1,9,15,280
4.0,1,10,0,268
4.0,1,10,1,269
4.0,1,10,2,270
4.0,1,10,3,271
4.0,1,10,4,272
4.0,1,10,5,273
4.0,1,10,6,274
4.0,1,10,7,274
4.0,1,10,8,275
4.0,1,10,9,276
4.0,1,10,10,277
4.0,1,10,11,278
4.0,1,10,12,279
4.0,1,10,13,280
4.0,1,10,14,280
4.0,1,10,15,281
4.0,1,11,0,269
4.0,1,11,1,270
4.0,1,11,2,271
4.0,1,11,3,272
4.0,1,11,4,273
4.0,1,11,5,274
4.0,1,11,6,274
4.0,1,11,7,275
4.0,1,11,8,276
4.0,1,11,9,277
4.0,1,11,10,278
4.0,1,11,11,279
4.0,1,11,12,280
4.0,1,11,13,280
4.0,1,11,14,281
4.0,1,11,15,282
4.0,1,12,0,270
4.0,1,12,1,271
4.0,1,12,2,272
4.0,1,12,3,273
4.0,1,12,4,274
4.0,1,12,5,274
4.0,1,12,6,275
4.0,1,12,7,276
4.0,1,12,8,277
4.0,1,12,9,278
4.0,1,12,10,279
4.0,1,12,11,280
4.0,1,12,12,280
4.0,1,12,13,281
4.0,1,12,14,282
4.0,1,12,15,283
4.0,1,13,0,271
4.0,1,13,1,272
4.0,1,13,2,273
4.0,1,13,3,274
4.0,1,13,4,274
4.0,1,13,5,275
4.0,1,13,6,276
4.0,1,13,7,277
4.0,1,13,8,278
4.0,1,13,9,279
4.0,1,13,10,280
4.0,1,13,11,280
4.0,1,13,12,281
4.0,1,13,13,282
4.0,1,13,14,283
4.0,1,13,15,284
4.0,1,14,0,272
4.0,1,14,1,273
4.0,1,14,2,274
4.0,1,14,3,274
4.0,1,14,4,275
4.0,1,14,5,276
4.0,1,14,6,277
4.0,1,14,7,278
4.0,1,14,8,279
4.0,1,14,9,280
4.0,1,14,10,280
4.0,1,14,11,281
4.0,1,14,12,282
4.0,1,14,13,283
4.0,1,14,14,284
4.0,1,14,15,285
4.0,1,15,0,273
4.0,1,15,1,274
4.0,1,15,2,274
4.0,1,15,3,275
4.0,1,15,4,276
4.0,1,15,5,277
4.0,1,15,6,278
4.0,1,15,7,279
4.0,1,15,8,280
4.0,1,15,9,280
4.0,1,15,10,281
4.0,1,15,11,282
4.0,1,15,12,283
4.0,1,15,13,284
4.0,1,15,14,285
4.0,1,15,15,286
4.0,2,0,0,261
4.0,2,0,1,262
4.0,2,0,2,263
4.0,2,0,3,263
4.0,2,0,4,264
4.0,2,0,5,265
4.0,2,0,6,266
4.0,2,0,7,267
4.0,2,0,8,268
4.0,2,0,9,268
4.0,2,0,10,269
4.0,2,0,11,270
4.0,2,0,12,271
4.0,2,0,13,272
4.0,2,0,14,272
4.0,2,0,15,273
4.0,2,1,0,262
4.0,2,1,1,263
4.0,2,1,2,263
4.0,2,1,3,264
4.0,2,1,4,265
4.0,2,1,5,266
4.0,2,1,6,267
4.0,2,1,7,268
4.0,2,1,8,268
4.0,2,1,9,269
4.0,2,1,10,270
4.0,2,1,11,271
4.0,2,1,12,272
4.0,2,1,13,273
4.0,2,1,14,273
4.0,2,1,15,274
4.0,2,2,0,263
4.0,2,2,1,263
4.0,2,2,2,264
4.0,2,2,3,265
4.0,2,2,4,266
4.0,2,2,5,267
4.0,2,2,6,268
4.0,2,2,7,268
4.0,2,2,8,269
4.0,2,2,9,270
4.0,2,2,10,271
4.0,2,2,11,272
4.0,2,2,12,273
4.0,2,2,13,273
4.0,2,2,14,274
4.0,2,2,15,275
4.0,2,3,0,263
4.0,2,3,1,264
4.0,2,3,2,265
4.0,2,3,3,266
4.0,2,3,4,267
4.0,2,3,5,268
4.0,2,3,6,269
4.0,2,3,7,269
4.0,2,3,8,270
4.0,2,3,9,271
4.0,2,3,10,272
4.0,2,3,11,273
4.0,2,3,12,274
4.0,2,3,13,274
4.0,2,3,14,275
4.0,2,3,15,276
4.0,2,4,0,264
4.0,2,4,1,265
4.0,2,4,2,266
4.0,2,4,3,267
4.0,2,4,4,268
4.0,2,4,5,269
4.0,2,4,6,269
4.0,2,4,7,270
4.0,2,4,8,271
4.0,2,4,9,272
4.0,2,4,10,273
4.0,2,4,11,274
4.0,2,4,12,274
4.0,2,4,13,275
4.0,2,4,14,276
4.0,2,4,15,277
4.0,2,5,0,265
4.0,2,5,1,266
4.0,2,5,2,267
4.0,2,5,3,268
4.0,2,5,4,269
4.0,2,5,5,269
4.0,2,5,6,270
4.0,2,5,7,271
4.0,2,5,8,272
4.0,2,5,9,273
4.0,2,5,10,274
4.0,2,5,11,274
4.0,2,5,12,275
4.0,2,5,13,276
4.0,2,5,14,277
4.0,2,5,15,278
4.0,2,6,0,266
4.0,2,6,1,267
4.0,2,6,2,268
4.0,2,6,3,269
4.0,2,6,4,269
4.0,2,6,5,270
4.0,2,6,6,271
4.0,2,6,7,272
4.0,2,6,8,273
4.0,2,6,9,274
4.0,2,6,10,275
4.0,2,6,11,275
4.0,2,6,12,276
4.0,2,6,13,277
4.0,2,6,14,278
4.0,2,6,15,279
4.0,2,7,0,267
4.0,2,7,1,268
4.0,2,7,2,269
4.0,2,7,3,270
4.0,2,7,4,270
4.0,2,7,5,271
4.0,2,7,6,272
4.0,2,7,7,273
4.0,2,7,8,274
4.0,2,7,9,275
4.0,2,7,10,275
4.0,2,7,11,276
4.0,2,7,12,277
4.0,2,7,13,278
4.0,2,7,14,279
4.0,2,7,15,280
4.0,2,8,0,268
4.0,2,8,1,269
4.0,2,8,2,270
4.0,2,8,3,270
4.0,2,8,4,271
4.0,2,8,5,272
4.0,2,8,6,273
4.0,2,8,7,274
4.0,2,8,8,275
4.0,2,8,9,275
4.0,2,8,10,276
4.0,2,8,11,277
4.0,2,8,12,278
4.0,2,8,13,279
4.0,2,8,14,280
4.0,2,8,15,280
4.0,2,9,0,269
4.0,2,9,1,270
4.0,2,9,2,270
4.0,2,9,3,271
4.0,2,9,4,272
4.0,2,9,5,273
4.0,2,9,6,274
4.0,2,9,7,275
4.0,2,9,8,275
4.0,2,9,9,276
4.0,2,9,10,277
4.0,2,9,11,278
4.0,2,9,12,279
4.0,2,9,13,280
4.0,2,9,14,281
4.0,2,9,15,281
4.0,2,10,0,269
4.0,2,10,1,270
4.0,2,10,2,271
4.0,2,10,3,272
4.0,2,10,4,273
4.0,2,10,5,274
4.0,2,10,6,275
4.0,2,10,7,276
4.0,2,10,8,276
4.0,2,10,9,277
4.0,2,10,10,278
4.0,2,10,11,279
4.0,2,10,12,280
4.0,2,10,13,281
4.0,2,10,14,281
4.0,2,10,15,282
4.0,2,11,0,270
4.0,2,11,1,271
4.0,2,11,2,272
4.0,2,11,3,273
4.0,2,11,4,274
4.0,2,11,5,275
4.0,2,11,6,276
4.0,2,11,7,276
4.0,2,11,8,277
4.0,2,11,9,278
4.0,2,11,10,279
4.0,2,11,11,280
4.0,2,11,12,281
4.0,2,11,13,281
4.0,2,11,14,282
4.0,2,11,15,283
4.0,2,12,0,271
4.0,2,12,1,272
4.0,2,12,2,273
4.0,2,12,3,274
4.0,2,12,4,275
4.0,2,12,5,276
4.0,2,12,6,276
4.0,2,12,7,277
4.0,2,12,8,278
4.0,2,12,9,279
4.0,2,12,10,280
4.0,2,12,11,281
4.0,2,12,12,282
4.0,2,12,13,282
4.0,2,12,14,283
4.0,2,12,15,284
4.0,2,13,0,272
4.0,2,13,1,273
4.0,2,13,2,274
4.0,2,13,3,275
4.0,2,13,4,276
4.0,2,13,5,276
4.0,2,13,6,277
4.0,2,13,7,278
4.0,2,13,8,279
4.0,2,13,9,280
4.0,2,13,10,281
4.0,2,13,11,282
4.0,2,13,12,282
4.0,2,13,13,283
4.0,2,13,14,284
4.0,2,13,15,285
4.0,2,14,0,273
4.0,2,14,1,274
4.0,2,14,2,275
4.0,2,14,3,275
4.0,2,14,4,276
4.0,2,14,5,277
4.0,2,14,6,278
4.0,2,14,7,279
4.0,2,14,8,280
4.0,2,14,9,281
4.0,2,14,10,282
4.0,2,14,11,282
4.0,2,14,12,283
4.0,2,14,13,284
4.0,2,14,14,285
4.0,2,14,15,286
4.0,2,15,0,274
4.0,2,15,1,275
4.0,2,15,2,275
4.0,2,15,3,276
4.0,2,15,4,277
4.0,2,15,5,278
4.0,2,15,6,279
4.0,2,15,7,280
4.0,2,15,8,281
4.0,2,15,9,282
4.0,2,15,10,282
4.0,2,15,11,283
4.0,2,15,12,284
4.0,2,15,13,285
4.0,2,15,14,286
4.0,2,15,15,287
4.0,3,0,0,262
4.0,3,0,1,263
4.0,3,0,2,264
4.0,3,0,3,264
4.0,3,0,4,265
4.0,3,0,5,266
4.0,3,0,6,267
4.0,3,0,7,268
4.0,3,0,8,269
4.0,3,0,9,269
4.0,3,0,10,270
4.0,3,0,11,271
4.0,3,0,12,272
4.0,3,0,13,273
4.0,3,0,14,273
4.0,3,0,15,274
4.0,3,1,0,263
4.0,3,1,1,264
4.0,3,1,2,264
4.0,3,1,3,265
4.0,3,1,4,266
4.0,3,1,5,267
4.0,3,1,6,268
4.0,3,1,7,269
4.0,3,1,8,269
4.0,3,1,9,270
4.0,3,1,10,271
4.0,3,1,11,272
4.0,3,1,12,273
4.0,3,1,13,274
4.0,3,1,14,274
4.0,3,1,15,275
4.0,3,2,0,264
4.0,3,2,1,264
4.0,3,2,2,265
4.0,3,2,3,266
4.0,3,2,4,267
4.0,3,2,5,268
4.0,3,2,6,269
4.0,3,2,7,270
4.0,3,2,8,270
4.0,3,2,9,271
4.0,3,2,10,272
4.0,3,2,11,273
4.0,3,2,12,274
4.0,3,2,13,274
4.0,3,2,14,275
4.0,3,2,15,276
4.0,3,3,0,264
4.0,3,3,1,265
4.0,3,3,2,266
4.0,3,3,3,267
4.0,3,3,4,268
4.0,3,3,5,269
4.0,3,3,6,270
4.0,3,3,7,270
4.0,3,3,8,271
4.0,3,3,9,272
4.0,3,3,10,273
4.0,3,3,11,274
4.0,3,3,12,275
4.0,3,3,13,275
4.0,3,3,14,276
4.0,3,3,15,277
4.0,3,4,0,265
4.0,3,4,1,266
4.0,3,4,2,267
4.0,3,4,3,268
4.0,3,4,4,269
4.0,3,4,5,270
4.0,3,4,6,270
4.0,3,4,7,271
4.0,3,4,8,272
4.0,3,4,9,273
4.0,3,4,10,274
4.0,3,4,11,275
4.0,3,4,12,275
4.0,3,4,13,276
4.0,3,4,14,277
4.0,3,4,15,278
4.0,3,5,0,266
4.0,3,5,1,267
4.0,3,5,2,268
4.0,3,5,3,269
4.0,3,5,4,270
4.0,3,5,5,270
4.0,3,5,6,271
4.0,3,5,7,272
4.0,3,5,8,273
4.0,3,5,9,274
4.0,3,5,10,275
4.0,3,5,11,276
4.0,3,5,12,276
4.0,3,5,13,277
4.0,3,5,14,278
4.0,3,5,15,279
4.0,3,6,0,267
4.0,3,6,1,268
4.0,3,6,2,269
4.0,3,6,3,270
4.0,3,6,4,271
4.0,3,6,5,271
4.0,3,6,6,272
4.0,3,6,7,273
4.0,3,6,8,274
4.0,3,6,9,275
4.0,3,6,10,276
4.0,3,6,11,276
4.0,3,6,12,277
4.0,3,6,13,278
4.0,3,6,14,279
4.0,3,6,15,280
4.0,3,7,0,268
4.0,3,7,1,269
4.0,3,7,2,270
4.0,3,7,3,271
4.0,3,7,4,271
4.0,3,7,5,272
4.0,3,7,6,273
4.0,3,7,7,274
4.0,3,7,8,275
4.0,3,7,9,276
4.0,3,7,10,276
4.0,3,7,11,277
4.0,3,7,12,278
4.0,3,7,13,279
4.0,3,7,14,280
4.0,3,7,15,281
4.0,3,8,0,269
4.0,3,8,1,270
4.0,3,8,2,271
4.0,3,8,3,271
4.0,3,8,4,272
4.0,3,8,5,273
4.0,3,8,6,274
4.0,3,8,7,275
4.0,3,8,8,276
4.0,3,8,9,277
4.0,3,8,10,277
4.0,3,8,11,278
4.0,3,8,12,279
4.0,3,8,13,280
4.0,3,8,14,281
4.0,3,8,15,282
4.0,3,9,0,270
4.0,3,9,1,271
4.0,3,9,2,271
4.0,3,9,3,272
4.0,3,9,4,273
4.0,3,9,5,274
4.0,3,9,6,275
4.0,3,9,7,276
4.0,3,9,8,277
4.0,3,9,9,277
4.0,3,9,10,278
4.0,3,9,11,279
4.0,3,9,12,280
4.0,3,9,13,281
4.0,3,9,14,282
4.0,3,9,15,282
4.0,3,10,0,271
4.0,3,10,1,271
4.0,3,10,2,272
4.0,3,10,3,273
4.0,3,10,4,274
4.0,3,10,5,275
4.0,3,10,6,276
4.0,3,10,7,277
4.0,3,10,8,277
4.0,3,10,9,278
4.0,3,10,10,279
4.0,3,10,11,280
4.0,3,10,12,281
4.0,3,10,13,282
4.0,3,10,14,282
4.0,3,10,15,283
4.0,3,11,0,271
4.0,3,11,1,272
4.0,3,11,2,273
4.0,3,11,3,274
4.0,3,11,4,275
4.0,3,11,5,276
4.0,3,11,6,277
4.0,3,11,7,277
4.0,3,11,8,278
4.0,3,11,9,279
4.0,3,11,10,280
4.0,3,11,11,281
4.0,3,11,12,282
4.0,3,11,13,283
4.0,3,11,14,283
4.0,3,11,15,284
4.0,3,12,0,272
4.0,3,12,1,273
4.0,3,12,2,274
4.0,3,12,3,275
4.0,3,12,4,276
4.0,3,12,5,277
4.0,3,12,6,277
4.0,3,12,7,278
4.0,3,12,8,279
4.0,3,12,9,280
4.0,3,12,10,281
4.0,3,12,11,282
4.0,3,12,12,283
4.0,3,12,13,283
4.0,3,12,14,284
4.0,3,12,15,285
4.0,3,13,0,273
4.0,3,13,1,274
4.0,3,13,2,275
4.0,3,13,3,276
4.0,3,13,4,277
4.0,3,13,5,277
4.0,3,13,6,278
4.0,3,13,7,279
4.0,3,13,8,280
4.0,3,13,9,281
4.0,3,13,10,282
4.0,3,13,11,283
4.0,3,13,12,283
4.0,3,13,13,284
4.0,3,13,14,285
4.0,3,13,15,286
4.0,3,14,0,274
4.0,3,14,1,275
4.0,3,14,2,276
4.0,3,14,3,277
4.0,3,14,4,277
4.0,3,14,5,278
4.0,3,14,6,279
4.0,3,14,7,280
4.0,3,14,8,281
4.0,3,14,9,282
4.0,3,14,10,283
4.0,3,14,11,283
4.0,3,14,12,284
4.0,3,14,13,285
4.0,3,14,14,286
4.0,3,14,15,287
4.0,3,15,0,275
4.0,3,15,1,276
4.0,3,15,2,277
4.0,3,15,3,277
4.0,3,15,4,278
4.0,3,15,5,279
4.0,3,15,6,280
4.0,3,15,7,281
4.0,3,15,8,282
4.0,3,15,9,283
4.0,3,15,10,283
4.0,3,15,11,284
4.0,3,15,12,285
4.0,3,15,13,286
4.0,3,15,14,287
4.0,3,15,15,288
4.0,4,0,0,263
4.0,4,0,1,264
4.0,4,0,2,265
4.0,4,0,3,265
4.0,4,0,4,266
4.0,4,0,5,267
4.0,4,0,6,268
4.0,4,0,7,269
4.0,4,0,8,270
4.0,4,0,9,270
4.0,4,0,10,271
4.0,4,0,11,272
4.0,4,0,12,273
4.0,4,0,13,274
4.0,4,0,14,274
4.0,4,0,15,275
4.0,4,1,0,264
4.0,4,1,1,265
4.0,4,1,2,265
4.0,4,1,3,266
4.0,4,1,4,267
4.0,4,1,5,268
4.0,4,1,6,269
4.0,4,1,7,270
4.0,4,1,8,270
4.0,4,1,9,271
4.0,4,1,10,272
4.0,4,1,11,273
4.0,4,1,12,274
4.0,4,1,13,275
4.0,4,1,14,275
4.0,4,1,15,276
4.0,4,2,0,265
4.0,4,2,1,265
4.0,4,2,2,266
4.0,4,2,3,267
4.0,4,2,4,268
4.0,4,2,5,269
4.0,4,2,6,270
4.0,4,2,7,271
4.0,4,2,8,271
4.0,4,2,9,272
4.0,4,2,10,273
4.0,4,2,11,274
4.0,4,2,12,275
4.0,4,2,13,276
4.0,4,2,14,276
4.0,4,2,15,277
4.0,4,3,0,265
4.0,4,3,1,266
4.0,4,3,2,267
4.0,4,3,3,268
4.0,4,3,4,269
4.0,4,3,5,270
4.0,4,3,6,271
4.0,4,3,7,271
4.0,4,3,8,272
4.0,4,3,9,273
4.0,4,3,10,274
4.0,4,3,11,275
4.0,4,3,12,276
4.0,4,3,13,276
4.0,4,3,14,277
4.0,4,3,15,278
4.0,4,4,0,266
4.0,4,4,1,267
4.0,4,4,2,268
4.0,4,4,3,269
4.0,4,4,4,270
4.0,4,4,5,271
4.0,4,4,6,271
4.0,4,4,7,272
4.0,4,4,8,273
4.0,4,4,9,274
4.0,4,4,10,275
4.0,4,4,11,276
4.0,4,4,12,276
4.0,4,4,13,277
4.0,4,4,14,278
4.0,4,4,15,279
4.0,4,5,0,267
4.0,4,5,1,268
4.0,4,5,2,269
4.0,4,5,3,270
4.0,4,5,4,271
4.0,4,5,5,272
4.0,4,5,6,272
4.0,4,5,7,273
4.0,4,5,8,274
4.0,4,5,9,275
4.0,4,5,10,276
4.0,4,5,11,277
4.0,4,5,12,277
4.0,4,5,13,278
4.0,4,5,14,279
4.0,4,5,15,280
4.0,4,6,0,268
4.0,4,6,1,269
4.0,4,6,2,270
4.0,4,6,3,271
4.0,4,6,4,272
4.0,4,6,5,272
4.0,4,6,6,273
4.0,4,6,7,274
4.0,4,6,8,275
4.0,4,6,9,276
4.0,4,6,10,277
4.0,4,6,11,277
4.0,4,6,12,278
4.0,4,6,13,279
4.0,4,6,14,280
4.0,4,6,15,281
4.0,4,7,0,269
4.0,4,7,1,270
4.0,4,7,2,271
4.0,4,7,3,272
4.0,4,7,4,272
4.0,4,7,5,273
4.0,4,7,6,274
4.0,4,7,7,275
4.0,4,7,8,276
4.0,4,7,9,277
4.0,4,7,10,278
4.0,4,7,11,278
4.0,4,7,12,279
4.0,4,7,13,280
4.0,4,7,14,281
4.0,4,7,15,282
4.0,4,8,0,270
4.0,4,8,1,271
4.0,4,8,2,272
4.0,4,8,3,272
4.0,4,8,4,273
4.0,4,8,5,274
4.0,4,8,6,275
4.0,4,8,7,276
4.0,4,8,8,277
4.0,4,8,9,278
4.0,4,8,10,278
4.0,4,8,11,279
4.0,4,8,12,280
4.0,4,8,13,281
4.0,4,8,14,282
4.0,4,8,15,283
4.0,4,9,0,271
4.0,4,9,1,272
4.0,4,9,2,272
4.0,4,9,3,273
4.0,4,9,4,274
4.0,4,9,5,275
4.0,4,9,6,276
4.0,4,9,7,277
4.0,4,9,8,278
4.0,4,9,9,278
4.0,4,9,10,279
4.0,4,9,11,280
4.0,4,9,12,281
4.0,4,9,13,282
4.0,4,9,14,283
4.0,4,9,15,284
4.0,4,10,0,272
4.0,4,10,1,272
4.0,4,10,2,273
4.0,4,10,3,274
4.0,4,10,4,275
4.0,4,10,5,276
4.0,4,10,6,277
4.0,4,10,7,278
4.0,4,10,8,278
4.0,4,10,9,279
4.0,4,10,10,280
4.0,4,10,11,281
4.0,4,10,12,282
4.0,4,10,13,283
4.0,4,10,14,284
4.0,4,10,15,284
4.0,4,11,0,272
4.0,4,11,1,273
4.0,4,11,2,274
4.0,4,11,3,275
4.0,4,11,4,276
4.0,4,11,5,277
4.0,4,11,6,278
4.0,4,11,7,278
4.0,4,11,8,279
4.0,4,11,9,280
4.0,4,11,10,281
4.0,4,11,11,282
4.0,4,11,12,283
4.0,4,11,13,284
4.0,4,11,14,284
4.0,4,11,15,285
4.0,4,12,0,273
4.0,4,12,1,274
4.0,4,12,2,275
4.0,4,12,3,276
4.0,4,12,4,277
4.0,4,12,5,278
4.0,4,12,6,278
4.0,4,12,7,279
4.0,4,12,8,280
4.0,4,12,9,281
4.0,4,12,10,282
4.0,4,12,11,283
4.0,4,12,12,284
4.0,4,12,13,284
4.0,4,12,14,285
4.0,4,12,15,286
4.0,4,13,0,274
4.0,4,13,1,275
4.0,4,13,2,276
4.0,4,13,3,277
4.0,4,13,4,278
4.0,4,13,5,278
4.0,4,13,6,279
4.0,4,13,7,280
4.0,4,13,8,281
4.0,4,13,9,282
4.0,4,13,10,283
4.0,4,13,11,284
4.0,4,13,12,285
4.0,4,13,13,285
4.0,4,13,14,286
4.0,4,13,15,287
4.0,4,14,0,275
4.0,4,14,1,276
4.0,4,14,2,277
4.0,4,14,3,278
4.0,4,14,4,278
4.0,4,14,5,279
4.0,4,14,6,280
4.0,4,14,7,281
4.0,4,14,8,282
4.0,4,14,9,283
4.0,4,14,10,284
4.0,4,14,11,285
4.0,4,14,12,285
4.0,4,14,13,286
4.0,4,14,14,287
4.0,4,14,15,288
4.0,4,15,0,276
4.0,4,15,1,277
4.0,4,15,2,278
4.0,4,15,3,278
4.0,4,15,4,279
4.0,4,15,5,280
4.0,4,15,6,281
4.0,4,15,7,282
4.0,4,15,8,283
4.0,4,15,9,284
4.0,4,15,10,285
4.0,4,15,11,285
4.0,4,15,12,286
4.0,4,15,13,287
4.0,4,15,14,288
4.0,4,15,15,289
4.0,5,0,0,264
4.0,5,0,1,265
4.0,5,0,2,266
4.0,5,0,3,266
4.0,5,0,4,267
4.0,5,0,5,268
4.0,5,0,6,269
4.0,5,0,7,270
4.0,5,0,8,271
4.0,5,0,9,271
4.0,5,0,10,272
4.0,5,0,11,273
4.0,5,0,12,274
4.0,5,0,13,275
4.0,5,0,14,276
4.0,5,0,15,276
4.0,5,1,0,265
4.0,5,1,1,266
4.0,5,1,2,266
4.0,5,1,3,267
4.0,5,1,4,268
4.0,5,1,5,269
4.0,5,1,6,270
4.0,5,1,7,271
4.0,5,1,8,271
4.0,5,1,9,272
4.0,5,1,10,273
4.0,5,1,11,274
4.0,5,1,12,275
4.0,5,1,13,276
4.0,5,1,14,276
4.0,5,1,15,277
4.0,5,2,0,266
4.0,5,2,1,266
4.0,5,2,2,267
4.0,5,2,3,268
4.0,5,2,4,269
4.0,5,2,5,270
4.0,5,2,6,271
4.0,5,2,7,272
4.0,5,2,8,272
4.0,5,2,9,273
4.0,5,2,10,274
4.0,5,2,11,275
4.0,5,2,12,276
4.0,5,2,13,277
4.0,5,2,14,277
4.0,5,2,15,278
4.0,5,3,0,266
4.0,5,3,1,267
4.0,5,3,2,268
4.0,5,3,3,269
4.0,5,3,4,270
4.0,5,3,5,271
4.0,5,3,6,272
4.0,5,3,7,272
4.0,5,3,8,273
4.0,5,3,9,274
4.0,5,3,10,275
4.0,5,3,11,276
4.0,5,3,12,277
4.0,5,3,13,277
4.0,5,3,14,278
4.0,5,3,15,279
4.0,5,4,0,267
4.0,5,4,1,268
4.0,5,4,2,269
4.0,5,4,3,270
4.0,5,4,4,271
4.0,5,4,5,272
4.0,5,4,6,273
4.0,5,4,7,273
4.0,5,4,8,274
4.0,5,4,9,275
4.0,5,4,10,276
4.0,5,4,11,277
4.0,5,4,12,278
4.0,5,4,13,278
4.0,5,4,14,279
4.0,5,4,15,280
4.0,5,5,0,268
4.0,5,5,1,269
4.0,5,5,2,270
4.0,5,5,3,271
4.0,5,5,4,272
4.0,5,5,5,273
4.0,5,5,6,273
4.0,5,5,7,274
4.0,5,5,8,275
4.0,5,5,9,276
4.0,5,5,10,277
4.0,5,5,11,278
4.0,5,5,12,278
4.0,5,5,13,279
4.0,5,5,14,280
4.0,5,5,15,281
4.0,5,6,0,269
4.0,5,6,1,270
4.0,5,6,2,271
4.0,5,6,3,272
4.0,5,6,4,273
4.0,5,6,5,273
4.0,5,6,6,274
4.0,5,6,7,275
4.0,5,6,8,276
4.0,5,6,9,277
4.0,5,6,10,278
4.0,5,6,11,279
4.0,5,6,12,279
4.0,5,6,13,280
4.0,5,6,14,281
4.0,5,6,15,282
4.0,5,7,0,270
4.0,5,7,1,271
4.0,5,7,2,272
4.0,5,7,3,273
4.0,5,7,4,273
4.0,5,7,5,274
4.0,5,7,6,275
4.0,5,7,7,276
4.0,5,7,8,277
4.0,5,7,9,278
4.0,5,7,10,279
4.0,5,7,11,279
4.0,5,7,12,280
4.0,5,7,13,281
4.0,5,7,14,282
4.0,5,7,15,283
4.0,5,8,0,271
4.0,5,8,1,272
4.0,5,8,2,273
4.0,5,8,3,273
4.0,5,8,4,274
4.0,5,8,5,275
4.0,5,8,6,276
4.0,5,8,7,277
4.0,5,8,8,278
4.0,5,8,9,279
4.0,5,8,10,279
4.0,5,8,11,280
4.0,5,8,12,281
4.0,5,8,13,282
4.0,5,8,14,283
4.0,5,8,15,284
4.0,5,9,0,272
4.0,5,9,1,273
4.0,5,9,2,273
4.0,5,9,3,274
4.0,5,9,4,275
4.0,5,9,5,276
4.0,5,9,6,277
4.0,5,9,7,278
4.0,5,9,8,279
4.0,5,9,9,280
4.0,5,9,10,280
4.0,5,9,11,281
4.0,5,9,12,282
4.0,5,9,13,283
4.0,5,9,14,284
4.0,5,9,15,285
4.0,5,10,0,273
4.0,5,10,1,273
4.0,5,10,2,274
4.0,5,10,3,275
4.0,5,10,4,276
4.0,5,10,5,277
4.0,5,10,6,278
4.0,5,10,7,279
4.0,5,10,8,280
4.0,5,10,9,280
4.0,5,10,10,281
4.0,5,10,11,282
4.0,5,10,12,283
4.0,5,10,13,284
4.0,5,10,14,285
4.0,5,10,15,285
4.0,5,11,0,273
4.0,5,11,1,274
4.0,5,11,2,275
4.0,5,11,3,276
4.0,5,11,4,277
4.0,5,11,5,278
4.0,5,11,6,279
4.0,5,11,7,280
4.0,5,11,8,280
4.0,5,11,9,281
4.0,5,11,10,282
4.0,5,11,11,283
4.0,5,11,12,284
4.0,5,11,13,285
4.0,5,11,14,286
4.0,5,11,15,286
4.0,5,12,0,274
4.0,5,12,1,275
4.0,5,12,2,276
4.0,5,12,3,277
4.0,5,12,4,278
4.0,5,12,5,279
4.0,5,12,6,280
4.0,5,12,7,280
4.0,5,12,8,281
4.0,5,12,9,282
4.0,5,12,10,283
4.0,5,12,11,284
4.0,5,12,12,285
4.0,5,12,13,286
4.0,5,12,14,286
4.0,5,12,15,287
4.0,5,13,0,275
4.0,5,13,1,276
4.0,5,13,2,277
4.0,5,13,3,278
4.0,5,13,4,279
4.0,5,13,5,280
4.0,5,13,6,280
4.0,5,13,7,281
4.0,5,13,8,282
4.0,5,13,9,283
4.0,5,13,10,284
4.0,5,13,11,285
4.0,5,13,12,286
4.0,5,13,13,286
4.0,5,13,14,287
4.0,5,13,15,288
4.0,5,14,0,276
4.0,5,14,1,277
4.0,5,14,2,278
4.0,5,14,3,279
4.0,5,14,4,280
4.0,5,14,5,280
4.0,5,14,6,281
4.0,5,14,7,282
4.0,5,14,8,283
4.0,5,14,9,284
4.0,5,14,10,285
4.0,5,14,11,286
4.0,5,14,12,286
4.0,5,14,13,287
4.0,5,14,14,288
4.0,5,14,15,289
4.0,5,15,0,277
4.0,5,15,1,278
4.0,5,15,2,279
4.0,5,15,3,280
4.0,5,15,4,280
4.0,5,15,5,281
4.0,5,15,6,282
4.0,5,15,7,283
4.0,5,15,8,284
4.0,5,15,9,285
4.0,5,15,10,286
4.0,5,15,11,287
4.0,5,15,12,287
4.0,5,15,13,288
4.0,5,15,14,289
4.0,5,15,15,290
4.0,6,0,0,265
4.0,6,0,1,266
4.0,6,0,2,267
4.0,6,0,3,267
4.0,6,0,4,268
4.0,6,0,5,269
4.0,6,0,6,270
4.0,6,0,7,271
4.0,6,0,8,272
4.0,6,0,9,272
4.0,6,0,10,273
4.0,6,0,11,274
4.0,6,0,12,275
4.0,6,0,13,276
4.0,6,0,14,277
4.0,6,0,15,277
4.0,6,1,0,266
4.0,6,1,1,267
4.0,6,1,2,267
4.0,6,1,3,268
4.0,6,1,4,269
4.0,6,1,5,270
4.0,6,1,6,271
4.0,6,1,7,272
4.0,6,1,8,273
4.0,6,1,9,273
4.0,6,1,10,274
4.0,6,1,11,275
4.0,6,1,12,276
4.0,6,1,13,277
4.0,6,1,14,277
4.0,6,1,15,278
4.0,6,2,0,267
4.0,6,2,1,267
4.0,6,2,2,268
4.0,6,2,3,269
4.0,6,2,4,270
4.0,6,2,5,271
4.0,6,2,6,272
4.0,6,2,7,273
4.0,6,2,8,273
4.0,6,2,9,274
4.0,6,2,10,275
4.0,6,2,11,276
4.0,6,2,12,277
4.0,6,2,13,278
4.0,6,2,14,278
4.0,6,2,15,279
4.0,6,3,0,267
4.0,6,3,1,268
4.0,6,3,2,269
4.0,6,3,3,270
4.0,6,3,4,271
4.0,6,3,5,272
4.0,6,3,6,273
4.0,6,3,7,273
4.0,6,3,8,274
4.0,6,3,9,275
4.0,6,3,10,276
4.0,6,3,11,277
4.0,6,3,12,278
4.0,6,3,13,279
4.0,6,3,14,279
4.0,6,3,15,280
4.0,6,4,0,268
4.0,6,4,1,269
4.0,6,4,2,270
4.0,6,4,3,271
4.0,6,4,4,272
4.0,6,4,5,273
4.0,6,4,6,274
4.0,6,4,7,274
4.0,6,4,8,275
4.0,6,4,9,276
4.0,6,4,10,277
4.0,6,4,11,278
4.0,6,4,12,279
4.0,6,4,13,279
4.0,6,4,14,280
4.0,6,4,15,281
4.0,6,5,0,269
4.0,6,5,1,270
4.0,6,5,2,271
4.0,6,5,3,272
4.0,6,5,4,273
4.0,6,5,5,274
4.0,6,5,6,274
4.0,6,5,7,275
4.0,6,5,8,276
4.0,6,5,9,277
4.0,6,5,10,278
4.0,6,5,11,279
4.0,6,5,12,280
4.0,6,5,13,280
4.0,6,5,14,281
4.0,6,5,15,282
4.0,6,6,0,270
4.0,6,6,1,271
4.0,6,6,2,272
4.0,6,6,3,273
4.0,6,6,4,274
4.0,6,6,5,274
4.0,6,6,6,275
4.0,6,6,7,276
4.0,6,6,8,277
4.0,6,6,9,278
4.0,6,6,10,279
4.0,6,6,11,280
4.0,6,6,12,280
4.0,6,6,13,281
4.0,6,6,14,282
4.0,6,6,15,283
4.0,6,7,0,271
4.0,6,7,1,272
4.0,6,7,2,273
4.0,6,7,3,274
4.0,6,7,4,274
4.0,6,7,5,275
4.0,6,7,6,276
4.0,6,7,7,277
4.0,6,7,8,278
4.0,6,7,9,279
4.0,6,7,10,280
4.0,6,7,11,280
4.0,6,7,12,281
4.0,6,7,13,282
4.0,6,7,14,283
4.0,6,7,15,284
4.0,6,8,0,272
4.0,6,8,1,273
4.0,6,8,2,274
4.0,6,8,3,274
4.0,6,8,4,275
4.0,6,8,5,276
4.0,6,8,6,277
4.0,6,8,7,278
4.0,6,8,8,279
4.0,6,8,9,280
4.0,6,8,10,281
4.0,6,8,11,281
4.0,6,8,12,282
4.0,6,8,13,283
4.0,6,8,14,284
4.0,6,8,15,285
4.0,6,9,0,273
4.0,6,9,1,274
4.0,6,9,2,274
4.0,6,9,3,275
4.0,6,9,4,276
4.0,6,9,5,277
4.0,6,9,6,278
4.0,6,9,7,279
4.0,6,9,8,280
4.0,6,9,9,281
4.0,6,9,10,281
4.0,6,9,11,282
4.0,6,9,12,283
4.0,6,9,13,284
4.0,6,9,14,285
4.0,6,9,15,286
4.0,6,10,0,274
4.0,6,10,1,274
4.0,6,10,2,275
4.0,6,10,3,276
4.0,6,10,4,277
4.0,6,10,5,278
4.0,6,10,6,279
4.0,6,10,7,280
4.0,6,10,8,281
4.0,6,10,9,281
4.0,6,10,10,282
4.0,6,10,11,283
4.0,6,10,12,284
4.0,6,10,13,285
4.0,6,10,14,286
4.0,6,10,15,287
4.0,6,11,0,274
4.0,6,11,1,275
4.0,6,11,2,276
4.0,6,11,3,277
4.0,6,11,4,278
4.0,6,11,5,279
4.0,6,11,6,280
4.0,6,11,7,281
4.0,6,11,8,281
4.0,6,11,9,282
4.0,6,11,10,283
4.0,6,11,11,284
4.0,6,11,12,285
4.0,6,11,13,286
4.0,6,11,14,287
4.0,6,11,15,287
4.0,6,12,0,275
4.0,6,12,1,276
4.0,6,12,2,277
4.0,6,12,3,278
4.0,6,12,4,279
4.0,6,12,5,280
4.0,6,12,6,281
4.0,6,12,7,281
4.0,6,12,8,282
4.0,6,12,9,283
4.0,6,12,10,284
4.0,6,12,11,285
4.0,6,12,12,286
4.0,6,12,13,287
4.0,6,12,14,288
4.0,6,12,15,288
4.0,6,13,0,276
4.0,6,13,1,277
4.0,6,13,2,278
4.0,6,13,3,279
4.0,6,13,4,280
4.0,6,13,5,281
4.0,6,13,6,281
4.0,6,13,7,282
4.0,6,13,8,283
4.0,6,13,9,284
4.0,6,13,10,285
4.0,6,13,11,286
4.0,6,13,12,287
4.0,6,13,13,288
4.0,6,13,14,288
4.0,6,13,15,289
4.0,6,14,0,277
4.0,6,14,1,278
4.0,6,14,2,279
4.0,6,14,3,280
4.0,6,14,4,281
4.0,6,14,5,281
4.0,6,14,6,282
4.0,6,14,7,283
4.0,6,14,8,284
4.0,6,14,9,285
4.0,6,14,10,286
4.0,6,14,11,287
4.0,6,14,12,288
4.0,6,14,13,288
4.0,6,14,14,289
4.0,6,14,15,290
4.0,6,15,0,278
4.0,6,15,1,279
4.0,6,15,2,280
4.0,6,15,3,281
4.0,6,15,4,281
4.0,6,15,5,282
4.0,6,15,6,283
4.0,6,15,7,284
4.0,6,15,8,285
4.0,6,15,9,286
4.0,6,15,10,287
4.0,6,15,11,288
4.0,6,15,12,288
4.0,6,15,13,289
4.0,6,15,14,290
4.0,6,15,15,291
4.0,7,0,0,266
4.0,7,0,1,267
4.0,7,0,2,268
4.0,7,0,3,268
4.0,7,0,4,269
4.0,7,0,5,270
4.0,7,0,6,271
4.0,7,0,7,272
4.0,7,0,8,273
4.0,7,0,9,273
4.0,7,0,10,274
4.0,7,0,11,275
4.0,7,0,12,276
4.0,7,0,13,277
4.0,7,0,14,278
4.0,7,0,15,278
4.0,7,1,0,267
4.0,7,1,1,268
4.0,7,1,2,268
4.0,7,1,3,269
4.0,7,1,4,270
4.0,7,1,5,271
4.0,7,1,6,272
4.0,7,1,7,273
4.0,7,1,8,274
4.0,7,1,9,274
4.0,7,1,10,275
4.0,7,1,11,276
4.0,7,1,12,277
4.0,7,1,13,278
4.0,7,1,14,279
4.0,7,1,15,279
4.0,7,2,0,268
4.0,7,2,1,268
4.0,7,2,2,269
4.0,7,2,3,270
4.0,7,2,4,271
4.0,7,2,5,272
4.0,7,2,6,273
4.0,7,2,7,274
4.0,7,2,8,274
4.0,7,2,9,275
4.0,7,2,10,276
4.0,7,2,11,277
4.0,7,2,12,278
4.0,7,2,13,279
4.0,7,2,14,279
4.0,7,2,15,280
4.0,7,3,0,268
4.0,7,3,1,269
4.0,7,3,2,270
4.0,7,3,3,271
4.0,7,3,4,272
4.0,7,3,5,273
4.0,7,3,6,274
4.0,7,3,7,275
4.0,7,3,8,275
4.0,7,3,9,276
4.0,7,3,10,277
4.0,7,3,11,278
4.0,7,3,12,279
4.0,7,3,13,280
4.0,7,3,14,280
4.0,7,3,15,281
4.0,7,4,0,269
4.0,7,4,1,270
4.0,7,4,2,271
4.0,7,4,3,272
4.0,7,4,4,273
4.0,7,4,5,274
4.0,7,4,6,275
4.0,7,4,7,275
4.0,7,4,8,276
4.0,7,4,9,277
4.0,7,4,10,278
4.0,7,4,11,279
4.0,7,4,12,280
4.0,7,4,13,280
4.0,7,4,14,281
4.0,7,4,15,282
4.0,7,5,0,270
4.0,7,5,1,271
4.0,7,5,2,272
4.0,7,5,3,273
4.0,7,5,4,274
4.0,7,5,5,275
4.0,7,5,6,275
4.0,7,5,7,276
4.0,7,5,8,277
4.0,7,5,9,278
4.0,7,5,10,279
4.0,7,5,11,280
4.0,7,5,12,281
4.0,7,5,13,281
4.0,7,5,14,282
4.0,7,5,15,283
4.0,7,6,0,271
4.0,7,6,1,272
4.0,7,6,2,273
4.0,7,6,3,274
4.0,7,6,4,275
4.0,7,6,5,275
4.0,7,6,6,276
4.0,7,6,7,277
4.0,7,6,8,278
4.0,7,6,9,279
4.0,7,6,10,280
4.0,7,6,11,281
4.0,7,6,12,281
4.0,7,6,13,282
4.0,7,6,14,283
4.0,7,6,15,284
4.0,7,7,0,272
4.0,7,7,1,273
4.0,7,7,2,274
4.0,7,7,3,275
4.0,7,7,4,276
4.0,7,7,5,276
4.0,7,7,6,277
4.0,7,7,7,278
4.0,7,7,8,279
4.0,7,7,9,280
4.0,7,7,10,281
4.0,7,7,11,282
4.0,7,7,12,282
4.0,7,7,13,283
4.0,7,7,14,284
4.0,7,7,15,285
4.0,7,8,0,273
4.0,7,8,1,274
4.0,7,8,2,275
4.0,7,8,3,276
4.0,7,8,4,276
4.0,7,8,5,277
4.0,7,8,6,278
4.0,7,8,7,279
4.0,7,8,8,280
4.0,7,8,9,281
4.0,7,8,10,282
4.0,7,8,11,282
4.0,7,8,12,283
4.0,7,8,13,284
4.0,7,8,14,285
4.0,7,8,15,286
4.0,7,9,0,274
4.0,7,9,1,275
4.0,7,9,2,276
4.0,7,9,3,276
4.0,7,9,4,277
4.0,7,9,5,278
4.0,7,9,6,279
4.0,7,9,7,280
4.0,7,9,8,281
4.0,7,9,9,282
4.0,7,9,10,282
4.0,7,9,11,283
4.0,7,9,12,284
4.0,7,9,13,285
4.0,7,9,14,286
4.0,7,9,15,287
4.0,7,10,0,275
4.0,7,10,1,276
4.0,7,10,2,276
4.0,7,10,3,277
4.0,7,10,4,278
4.0,7,10,5,279
4.0,7,10,6,280
4.0,7,10,7,281
4.0,7,10,8,282
4.0,7,10,9,282
4.0,7,10,10,283
4.0,7,10,11,284
4.0,7,10,12,285
4.0,7,10,13,286
4.0,7,10,14,287
4.0,7,10,15,288
4.0,7,11,0,275
4.0,7,11,1,276
4.0,7,11,2,277
4.0,7,11,3,278
4.0,7,11,4,279
4.0,7,11,5,280
4.0,7,11,6,281
4.0,7,11,7,282
4.0,7,11,8,283
4.0,7,11,9,283
4.0,7,11,10,284
4.0,7,11,11,285
4.0,7,11,12,286
4.0,7,11,13,287
4.0,7,11,14,288
4.0,7,11,15,289
4.0,7,12,0,276
4.0,7,12,1,277
4.0,7,12,2,278
4.0,7,12,3,279
4.0,7,12,4,280
4.0,7,12,5,281
4.0,7,12,6,282
4.0,7,12,7,283
4.0,7,12,8,283
4.0,7,12,9,284
4.0,7,12,10,285
4.0,7,12,11,286
4.0,7,12,12,287
4.0,7,12,13,288
4.0,7,12,14,289
4.0,7,12,15,289
4.0,7,13,0,277
4.0,7,13,1,278
4.0,7,13,2,279
4.0,7,13,3,280
4.0,7,13,4,281
4.0,7,13,5,282
4.0,7,13,6,283
4.0,7,13,7,283
4.0,7,13,8,284
4.0,7,13,9,285
4.0,7,13,10,286
4.0,7,13,11,287
4.0,7,13,12,288
4.0,7,13,13,289
4.0,7,13,14,289
4.0,7,13,15,290
4.0,7,14,0,278
4.0,7,14,1,279
4.0,7,14,2,280
4.0,7,14,3,281
4.0,7,14,4,282
4.0,7,14,5,283
4.0,7,14,6,283
4.0,7,14,7,284
4.0,7,14,8,285
4.0,7,14,9,286
4.0,7,14,10,287
4.0,7,14,11,288
4.0,7,14,12,289
4.0,7,14,13,290
4.0,7,14,14,290
4.0,7,14,15,291
4.0,7,15,0,279
4.0,7,15,1,280
4.0,7,15,2,281
4.0,7,15,3,282
4.0,7,15,4,282
4.0,7,15,5,283
4.0,7,15,6,284
4.0,7,15,7,285
4.0,7,15,8,286
4.0,7,15,9,287
4.0,7,15,10,288
4.0,7,15,11,289
4.0,7,15,12,290
4.0,7,15,13,290
4.0,7,15,14,291
4.0,7,15,15,292
4.0,8,0,0,267
4.0,8,0,1,268
4.0,8,0,2,269
4.0,8,0,3,269
4.0,8,0,4,270
4.0,8,0,5,271
4.0,8,0,6,272
4.0,8,0,7,273
4.0,8,0,8,274
4.0,8,0,9,274
4.0,8,0,10,275
4.0,8,0,11,276
4.0,8,0,12,277
4.0,8,0,13,278
4.0,8,0,14,279
4.0,8,0,15,279
4.0,8,1,0,268
4.0,8,1,1,269
4.0,8,1,2,269
4.0,8,1,3,270
4.0,8,1,4,271
4.0,8,1,5,272
4.0,8,1,6,273
4.0,8,1,7,274
4.0,8,1,8,275
4.0,8,1,9,275
4.0,8,1,10,276
4.0,8,1,11,277
4.0,8,1,12,278
4.0,8,1,13,279
4.0,8,1,14,280
4.0,8,1,15,280
4.0,8,2,0,269
4.0,8,2,1,269
4.0,8,2,2,270
4.0,8,2,3,271
4.0,8,2,4,272
4.0,8,2,5,273
4.0,8,2,6,274
4.0,8,2,7,275
4.0,8,2,8,275
4.0,8,2,9,276
4.0,8,2,10,277
4.0,8,2,11,278
4.0,8,2,12,279
4.0,8,2,13,280
4.0,8,2,14,281
4.0,8,2,15,281
4.0,8,3,0,270
4.0,8,3,1,270
4.0,8,3,2,271
4.0,8,3,3,272
4.0,8,3,4,273
4.0,8,3,5,274
4.0,8,3,6,275
4.0,8,3,7,276
4.0,8,3,8,276
4.0,8,3,9,277
4.0,8,3,10,278
4.0,8,3,11,279
4.0,8,3,12,280
4.0,8,3,13,281
4.0,8,3,14,281
4.0,8,3,15,282
4.0,8,4,0,270
4.0,8,4,1,271
4.0,8,4,2,272
4.0,8,4,3,273
4.0,8,4,4,274
4.0,8,4,5,275
4.0,8,4,6,276
4.0,8,4,7,276
4.0,8,4,8,277
4.0,8,4,9,278
4.0,8,4,10,279
4.0,8,4,11,280
4.0,8,4,12,281
4.0,8,4,13,282
4.0,8,4,14,282
4.0,8,4,15,283
4.0,8,5,0,271
4.0,8,5,1,272
4.0,8,5,2,273
4.0,8,5,3,274
4.0,8,5,4,275
4.0,8,5,5,276
4.0,8,5,6,276
4.0,8,5,7,277
4.0,8,5,8,278
4.0,8,5,9,279
4.0,8,5,10,280
4.0,8,5,11,281
4.0,8,5,12,282
4.0,8,5,13,282
4.0,8,5,14,283
4.0,8,5,15,284
4.0,8,6,0,272
4.0,8,6,1,273
4.0,8,6,2,274
4.0,8,6,3,275
4.0,8,6,4,276
4.0,8,6,5,277
4.0,8,6,6,277
4.0,8,6,7,278
4.0,8,6,8,279
4.0,8,6,9,280
4.0,8,6,10,281
4.0,8,6,11,282
4.0,8,6,12,283
4.0,8,6,13,283
4.0,8,6,14,284
4.0,8,6,15,285
4.0,8,7,0,273
4.0,8,7,1,274
4.0,8,7,2,275
4.0,8,7,3,276
4.0,8,7,4,277
4.0,8,7,5,277
4.0,8,7,6,278
4.0,8,7,7,279
4.0,8,7,8,280
4.0,8,7,9,281
4.0,8,7,10,282
4.0,8,7,11,283
4.0,8,7,12,283
4.0,8,7,13,284
4.0,8,7,14,285
4.0,8,7,15,286
4.0,8,8,0,274
4.0,8,8,1,275
4.0,8,8,2,276
4.0,8,8,3,277
4.0,8,8,4,277
4.0,8,8,5,278
4.0,8,8,6,279
4.0,8,8,7,280
4.0,8,8,8,281
4.0,8,8,9,282
4.0,8,8,10,283
4.0,8,8,11,283
4.0,8,8,12,284
4.0,8,8,13,285
4.0,8,8,14,286
4.0,8,8,15,287
4.0,8,9,0,275
4.0,8,9,1,276
4.0,8,9,2,277
4.0,8,9,3,277
4.0,8,9,4,278
4.0,8,9,5,279
4.0,8,9,6,280
4.0,8,9,7,281
4.0,8,9,8,282
4.0,8,9,9,283
4.0,8,9,10,284
4.0,8,9,11,284
4.0,8,9,12,285
4.0,8,9,13,286
4.0,8,9,14,287
4.0,8,9,15,288
4.0,8,10,0,276
4.0,8,10,1,277
4.0,8,10,2,277
4.0,8,10,3,278
4.0,8,10,4,279
4.0,8,10,5,280
4.0,8,10,6,281
4.0,8,10,7,282
4.0,8,10,8,283
4.0,8,10,9,284
4.0,8,10,10,284
4.0,8,10,11,285
4.0,8,10,12,286
4.0,8,10,13,287
4.0,8,10,14,288
4.0,8,10,15,289
4.0,8,11,0,277
4.0,8,11,1,277
4.0,8,11,2,278
4.0,8,11,3,279
4.0,8,11,4,280
4.0,8,11,5,281
4.0,8,11,6,282
4.0,8,11,7,283
4.0,8,11,8,284
4.0,8,11,9,284
4.0,8,11,10,285
4.0,8,11,11,286
4.0,8,11,12,287
4.0,8,11,13,288
4.0,8,11,14,289
4.0,8,11,15,290
4.0,8,12,0,277
4.0,8,12,1,278
4.0,8,12,2,279
4.0,8,12,3,280
4.0,8,12,4,281
4.0,8,12,5,282
4.0,8,12,6,283
4.0,8,12,7,284
4.0,8,12,8,284
4.0,8,12,9,285
4.0,8,12,10,286
4.0,8,12,11,287
4.0,8,12,12,288
4.0,8,12,13,289
4.0,8,12,14,290
4.0,8,12,15,291
4.0,8,13,0,278
4.0,8,13,1,279
4.0,8,13,2,280
4.0,8,13,3,281
4.0,8,13,4,282
4.0,8,13,5,283
4.0,8,13,6,284
4.0,8,13,7,284
4.0,8,13,8,285
4.0,8,13,9,286
4.0,8,13,10,287
4.0,8,13,11,288
4.0,8,13,12,289
4.0,8,13,13,290
4.0,8,13,14,291
4.0,8,13,15,291
4.0,8,14,0,279
4.0,8,14,1,280
4.0,8,14,2,281
4.0,8,14,3,282
4.0,8,14,4,283
4.0,8,14,5,284
4.0,8,14,6,284
4.0,8,14,7,285
4.0,8,14,8,286
4.0,8,14,9,287
4.0,8,14,10,288
4.0,8,14,11,289
4.0,8,14,12,290
4.0,8,14,13,291
4.0,8,14,14,291
4.0,8,14,15,292
4.0,8,15,0,280
4.0,8,15,1,281
4.0,8,15,2,282
4.0,8,15,3,283
4.0,8,15,4,284
4.0,8,15,5,284
4.0,8,15,6,285
4.0,8,15,7,286
4.0,8,15,8,287
4.0,8,15,9,288
4.0,8,15,10,289
4.0,8,15,11,290
4.0,8,15,12,291
4.0,8,15,13,291
4.0,8,15,14,292
4.0,8,15,15,293
4.0,9,0,0,268
4.0,9,0,1,269
4.0,9,0,2,270
4.0,9,0,3,270
4.0,9,0,4,271
4.0,9,0,5,272
4.0,9,0,6,273
4.0,9,0,7,274
4.0,9,0,8,275
4.0,9,0,9,275
4.0,9,0,10,276
4.0,9,0,11,277
4.0,9,0,12,278
4.0,9,0,13,279
4.0,9,0,14,280
4.0,9,0,15,281
4.0,9,1,0,269
4.0,9,1,1,270
4.0,9,1,2,270
4.0,9,1,3,271
4.0,9,1,4,272
4.0,9,1,5,273
4.0,9,1,6,274
4.0,9,1,7,275
4.0,9,1,8,276
4.0,9,1,9,276
4.0,9,1,10,277
4.0,9,1,11,278
4.0,9,1,12,279
4.0,9,1,13,280
4.0,9,1,14,281
4.0,9,1,15,281
4.0,9,2,0,270
4.0,9,2,1,270
4.0,9,2,2,271
4.0,9,2,3,272
4.0,9,2,4,273
4.0,9,2,5,274
4.0,9,2,6,275
4.0,9,2,7,276
4.0,9,2,8,276
4.0,9,2,9,277
4.0,9,2,10,278
4.0,9,2,11,279
4.0,9,2,12,280
4.0,9,2,13,281
4.0,9,2,14,282
4.0,9,2,15,282
4.0,9,3,0,271
4.0,9,3,1,271
4.0,9,3,2,272
4.0,9,3,3,273
4.0,9,3,4,274
4.0,9,3,5,275
4.0,9,3,6,276
4.0,9,3,7,277
4.0,9,3,8,277
4.0,9,3,9,278
4.0,9,3,10,279
4.0,9,3,11,280
4.0,9,3,12,281
4.0,9,3,13,282
4.0,9,3,14,282
4.0,9,3,15,283
4.0,9,4,0,271
4.0,9,4,1,272
4.0,9,4,2,273
4.0,9,4,3,274
4.0,9,4,4,275
4.0,9,4,5,276
4.0,9,4,6,277
4.0,9,4,7,277
4.0,9,4,8,278
4.0,9,4,9,279
4.0,9,4,10,280
4.0,9,4,11,281
4.0,9,4,12,282
4.0,9,4,13,283
4.0,9,4,14,283
4.0,9,4,15,284
4.0,9,5,0,272
4.0,9,5,1,273
4.0,9,5,2,274
4.0,9,5,3,275
4.0,9,5,4,276
4.0,9,5,5,277
4.0,9,5,6,278
4.0,9,5,7,278
4.0,9,5,8,279
4.0,9,5,9,280
4.0,9,5,10,281
4.0,9,5,11,282
4.0,9,5,12,283
4.0,9,5,13,283
4.0,9,5,14,284
4.0,9,5,15,285
4.0,9,6,0,273
4.0,9,6,1,274
4.0,9,6,2,275
4.0,9,6,3,276
4.0,9,6,4,277
4.0,9,6,5,278
4.0,9,6,6,278
4.0,9,6,7,279
4.0,9,6,8,280
4.0,9,6,9,281
4.0,9,6,10,282
4.0,9,6,11,283
4.0,9,6,12,284
4.0,9,6,13,284
4.0,9,6,14,285
4.0,9,6,15,286
4.0,9,7,0,274
4.0,9,7,1,275
4.0,9,7,2,276
4.0,9,7,3,277
4.0,9,7,4,278
4.0,9,7,5,278
4.0,9,7,6,279
4.0,9,7,7,280
4.0,9,7,8,281
4.0,9,7,9,282
4.0,9,7,10,283
4.0,9,7,11,284
4.0,9,7,12,284
4.0,9,7,13,285
4.0,9,7,14,286
4.0,9,7,15,287
4.0,9,8,0,275
4.0,9,8,1,276
4.0,9,8,2,277
4.0,9,8,3,278
4.0,9,8,4,278
4.0,9,8,5,279
4.0,9,8,6,280
4.0,9,8,7,281
4.0,9,8,8,282
4.0,9,8,9,283
4.0,9,8,10,284
4.0,9,8,11,285
4.0,9,8,12,285
4.0,9,8,13,286
4.0,9,8,14,287
4.0,9,8,15,288
4.0,9,9,0,276
4.0,9,9,1,277
4.0,9,9,2,278
4.0,9,9,3,278
4.0,9,9,4,279
4.0,9,9,5,280
4.0,9,9,6,281
4.0,9,9,7,282
4.0,9,9,8,283
4.0,9,9,9,284
4.0,9,9,10,285
4.0,9,9,11,285
4.0,9,9,12,286
4.0,9,9,13,287
4.0,9,9,14,288
4.0,9,9,15,289
4.0,9,10,0,277
4.0,9,10,1,278
4.0,9,10,2,278
4.0,9,10,3,279
4.0,9,10,4,280
4.0,9,10,5,281
4.0,9,10,6,282
4.0,9,10,7,283
4.0,9,10,8,284
4.0,9,10,9,285
4.0,9,10,10,285
4.0,9,10,11,286
4.0,9,10,12,287
4.0,9,10,13,288
4.0,9,10,14,289
4.0,9,10,15,290
4.0,9,11,0,278
4.0,9,11,1,278
4.0,9,11,2,279
4.0,9,11,3,280
4.0,9,11,4,281
4.0,9,11,5,282
4.0,9,11,6,283
4.0,9,11,7,284
4.0,9,11,8,285
4.0,9,11,9,286
4.0,9,11,10,286
4.0,9,11,11,287
4.0,9,11,12,288
4.0,9,11,13,289
4.0,9,11,14,290
4.0,9,11,15,291
4.0,9,12,0,278
4.0,9,12,1,279
4.0,9,12,2,280
4.0,9,12,3,281
4.0,9,12,4,282
4.0,9,12,5,283
4.0,9,12,6,284
4.0,9,12,7,285
4.0,9,12,8,286
4.0,9,12,9,286
4.0,9,12,10,287
4.0,9,12,11,288
4.0,9,12,12,289
4.0,9,12,13,290
4.0,9,12,14,291
4.0,9,12,15,292
4.0,9,13,0,279
4.0,9,13,1,280
4.0,9,13,2,281
4.0,9,13,3,282
4.0,9,13,4,283
4.0,9,13,5,284
4.0,9,13,6,285
4.0,9,13,7,286
4.0,9,13,8,286
4.0,9,13,9,287
4.0,9,13,10,288
4.0,9,13,11,289
4.0,9,13,12,290
4.0,9,13,13,291
4.0,9,13,14,292
4.0,9,13,15,293
4.0,9,14,0,280
4.0,9,14,1,281
4.0,9,14,2,282
4.0,9,14,3,283
4.0,9,14,4,284
4.0,9,14,5,285
4.0,9,14,6,286
4.0,9,14,7,286
4.0,9,14,8,287
4.0,9,14,9,288
4.0,9,14,10,289
4.0,9,14,11,290
4.0,9,14,12,291
4.0,9,14,13,292
4.0,9,14,14,293
4.0,9,14,15,293
4.0,9,15,0,281
4.0,9,15,1,282
4.0,9,15,2,283
4.0,9,15,3,284
4.0,9,15,4,285
4.0,9,15,5,286
4.0,9,15,6,286
4.0,9,15,7,287
4.0,9,15,8,288
4.0,9,15,9,289
4.0,9,15,10,290
4.0,9,15,11,291
4.0,9,15,12,292
4.0,9,15,13,293
4.0,9,15,14,293
4.0,9,15,15,294
4.0,10,0,0,269
4.0,10,0,1,270
4.0,10,0,2,271
4.0,10,0,3,271
4.0,10,0,4,272
4.0,10,0,5,273
4.0,10,0,6,274
4.0,10,0,7,275
4.0,10,0,8,276
4.0,10,0,9,277
4.0,10,0,10,277
4.0,10,0,11,278
4.0,10,0,12,279
4.0,10,0,13,280
4.0,10,0,14,281
4.0,10,0,15,282
4.0,10,1,0,270
4.0,10,1,1,271
4.0,10,1,2,271
4.0,10,1,3,272
4.0,10,1,4,273
4.0,10,1,5,274
4.0,10,1,6,275
4.0,10,1,7,276
4.0,10,1,8,277
4.0,10,1,9,277
4.0,10,1,10,278
4.0,10,1,11,279
4.0,10,1,12,280
4.0,10,1,13,281
4.0,10,1,14,282
4.0,10,1,15,282
4.0,10,2,0,271
4.0,10,2,1,271
4.0,10,2,2,272
4.0,10,2,3,273
4.0,10,2,4,274
4.0,10,2,5,275
4.0,10,2,6,276
4.0,10,2,7,277
4.0,10,2,8,278
4.0,10,2,9,278
4.0,10,2,10,279
4.0,10,2,11,280
4.0,10,2,12,281
4.0,10,2,13,282
4.0,10,2,14,283
4.0,10,2,15,283
4.0,10,3,0,272
4.0,10,3,1,272
4.0,10,3,2,273
4.0,10,3,3,274
4.0,10,3,4,275
4.0,10,3,5,276
4.0,10,3,6,277
4.0,10,3,7,278
4.0,10,3,8,278
4.0,10,3,9,279
4.0,10,3,10,280
4.0,10,3,11,281
4.0,10,3,12,282
4.0,10,3,13,283
4.0,10,3,14,284
4.0,10,3,15,284
4.0,10,4,0,272
4.0,10,4,1,273
4.0,10,4,2,274
4.0,10,4,3,275
4.0,10,4,4,276
4.0,10,4,5,277
4.0,10,4,6,278
4.0,10,4,7,278
4.0,10,4,8,279
4.0,10,4,9,280
4.0,10,4,10,281
4.0,10,4,11,282
4.0,10,4,12,283
4.0,10,4,13,284
4.0,10,4,14,284
4.0,10,4,15,285
4.0,10,5,0,273
4.0,10,5,1,274
4.0,10,5,2,275
4.0,10,5,3,276
4.0,10,5,4,277
4.0,10,5,5,278
4.0,10,5,6,279
4.0,10,5,7,279
4.0,10,5,8,280
4.0,10,5,9,281
4.0,10,5,10,282
4.0,10,5,11,283
4.0,10,5,12,284
4.0,10,5,13,285
4.0,10,5,14,285
4.0,10,5,15,286
4.0,10,6,0,274
4.0,10,6,1,275
4.0,10,6,2,276
4.0,10,6,3,277
4.0,10,6,4,278
4.0,10,6,5,279
4.0,10,6,6,279
4.0,10,6,7,280
4.0,10,6,8,281
4.0,10,6,9,282
4.0,10,6,10,283
4.0,10,6,11,284
4.0,10,6,12,285
4.0,10,6,13,285
4.0,10,6,14,286
4.0,10,6,15,287
4.0,10,7,0,275
4.0,10,7,1,276
4.0,10,7,2,277
4.0,10,7,3,278
4.0,10,7,4,279
4.0,10,7,5,279
4.0,10,7,6,280
4.0,10,7,7,281
4.0,10,7,8,282
4.0,10,7,9,283
4.0,10,7,10,284
4.0,10,7,11,285
4.0,10,7,12,286
4.0,10,7,13,286
4.0,10,7,14,287
4.0,10,7,15,288
4.0,10,8,0,276
4.0,10,8,1,277
4.0,10,8,2,278
4.0,10,8,3,279
4.0,10,8,4,279
4.0,10,8,5,280
4.0,10,8,6,281
4.0,10,8,7,282
4.0,10,8,8,283
4.0,10,8,9,284
4.0,10,8,10,285
4.0,10,8,11,286
4.0,10,8,12,286
4.0,10,8,13,287
4.0,10,8,14,288
4.0,10,8,15,289
4.0,10,9,0,277
4.0,10,9,1,278
4.0,10,9,2,279
4.0,10,9,3,279
4.0,10,9,4,280
4.0,10,9,5,281
4.0,10,9,6,282
4.0,10,9,7,283
4.0,10,9,8,284
4.0,10,9,9,285
4.0,10,9,10,286
4.0,10,9,11,286
4.0,10,9,12,287
4.0,10,9,13,288
4.0,10,9,14,289
4.0,10,9,15,290
4.0,10,10,0,278
4.0,10,10,1,279
4.0,10,10,2,279
4.0,10,10,3,280
4.0,10,10,4,281
4.0,10,10,5,282
4.0,10,10,6,283
4.0,10,10,7,284
4.0,10,10,8,285
4.0,10,10,9,286
4.0,10,10,10,287
4.0,10,10,11,287
4.0,10,10,12,288
4.0,10,10,13,289
4.0,10,10,14,290
4.0,10,10,15,291
4.0,10,11,0,279
4.0,10,11,1,279
4.0,10,11,2,280
4.0,10,11,3,281
4.0,10,11,4,282
4.0,10,11,5,283
4.0,10,11,6,284
4.0,10,11,7,285
4.0,10,11,8,286
4.0,10,11,9,287
4.0,10,11,10,287
4.0,10,11,11,288
4.0,10,11,12,289
4.0,10,11,13,290
4.0,10,11,14,291
4.0,10,11,15,292
4.0,10,12,0,279
4.0,10,12,1,280
4.0,10,12,2,281
4.0,10,12,3,282
4.0,10,12,4,283
4.0,10,12,5,284
4.0,10,12,6,285
4.0,10,12,7,286
4.0,10,12,8,287
4.0,10,12,9,287
4.0,10,12,10,288
4.0,10,12,11,289
4.0,10,12,12,290
4.0,10,12,13,291
4.0,10,12,14,292
4.0,10,12,15,293
4.0,10,13,0,280
4.0,10,13,1,281
4.0,10,13,2,282
4.0,10,13,3,283
4.0,10,13,4,284
4.0,10,13,5,285
4.0,10,13,6,286
4.0,10,13,7,287
4.0,10,13,8,287
4.0,10,13,9,288
4.0,10,13,10,289
4.0,10,13,11,290
4.0,10,13,12,291
4.0,10,13,13,292
4.0,10,13,14,293
4.0,10,13,15,294
4.0,10,14,0,281
4.0,10,14,1,282
4.0,10,14,2,283
4.0,10,14,3,284
4.0,10,14,4,285
4.0,10,14,5,286
4.0,10,14,6,287
4.0,10,14,7,287
4.0,10,14,8,288
4.0,10,14,9,289
4.0,10,14,10,290
4.0,10,14,11,291
4.0,10,14,12,292
4.0,10,14,13,293
4.0,10,14,14,294
4.0,10,14,15,294
4.0,10,15,0,282
4.0,10,15,1,283
4.0,10,15,2,284
4.0,10,15,3,285
4.0,10,15,4,286
4.0,10,15,5,287
4.0,10,15,6,287
4.0,10,15,7,288
4.0,10,15,8,289
4.0,10,15,9,290
4.0,10,15,10,291
4.0,10,15,11,292
4.0,10,15,12,293
4.0,10,15,13,294
4.0,10,15,14,295
4.0,10,15,15,295
4.0,11,0,0,270
4.0,11,0,1,271
4.0,11,0,2,272
4.0,11,0,3,272
4.0,11,0,4,273
4.0,11,0,5,274
4.0,11,0,6,275
4.0,11,0,7,276
4.0,11,0,8,277
4.0,11,0,9,278
4.0,11,0,10,278
4.0,11,0,11,279
4.0,11,0,12,280
4.0,11,0,13,281
4.0,11,0,14,282
4.0,11,0,15,283
4.0,11,1,0,271
4.0,11,1,1,272
4.0,11,1,2,272
4.0,11,1,3,273
4.0,11,1,4,274
4.0,11,1,5,275
4.0,11,1,6,276
4.0,11,1,7,277
4.0,11,1,8,278
4.0,11,1,9,278
4.0,11,1,10,279
4.0,11,1,11,280
4.0,11,1,12,281
4.0,11,1,13,282
4.0,11,1,14,283
4.0,11,1,15,284
4.0,11,2,0,272
4.0,11,2,1,272
4.0,11,2,2,273
4.0,11,2,3,274
4.0,11,2,4,275
4.0,11,2,5,276
4.0,11,2,6,277
4.0,11,2,7,278
4.0,11,2,8,279
4.0,11,2,9,279
4.0,11,2,10,280
4.0,11,2,11,281
4.0,11,2,12,282
4.0,11,2,13,283
4.0,11,2,14,284
4.0,11,2,15,284
4.0,11,3,0,273
4.0,11,3,1,273
4.0,11,3,2,274
4.0,11,3,3,275
4.0,11,3,4,276
4.0,11,3,5,277
4.0,11,3,6,278
4.0,11,3,7,279
4.0,11,3,8,279
4.0,11,3,9,280
4.0,11,3,10,281
4.0,11,3,11,282
4.0,11,3,12,283
4.0,11,3,13,284
4.0,11,3,14,285
4.0,11,3,15,285
4.0,11,4,0,273
4.0,11,4,1,274
4.0,11,4,2,275
4.0,11,4,3,276
4.0,11,4,4,277
4.0,11,4,5,278
4.0,11,4,6,279
4.0,11,4,7,280
4.0,11,4,8,280
4.0,11,4,9,281
4.0,11,4,10,282
4.0,11,4,11,283
4.0,11,4,12,284
4.0,11,4,13,285
4.0,11,4,14,286
4.0,11,4,15,286
4.0,11,5,0,274
4.0,11,5,1,275
4.0,11,5,2,276
4.0,11,5,3,277
4.0,11,5,4,278
4.0,11,5,5,279
4.0,11,5,6,280
4.0,11,5,7,280
4.0,11,5,8,281
4.0,11,5,9,282
4.0,11,5,10,283
4.0,11,5,11,284
4.0,11,5,12,285
4.0,11,5,13,286
4.0,11,5,14,286
4.0,11,5,15,287
4.0,11,6,0,275
4.0,11,6,1,276
4.0,11,6,2,277
4.0,11,6,3,278
4.0,11,6,4,279
4.0,11,6,5,280
4.0,11,6,6,280
4.0,11,6,7,281
4.0,11,6,8,282
4.0,11,6,9,283
4.0,11,6,10,284
4.0,11,6,11,285
4.0,11,6,12,286
4.0,11,6,13,287
4.0,11,6,14,287
4.0,11,6,15,288
4.0,11,7,0,276
4.0,11,7,1,277
4.0,11,7,2,278
4.0,11,7,3,279
4.0,11,7,4,280
4.0,11,7,5,281
4.0,11,7,6,281
4.0,11,7,7,282
4.0,11,7,8,283
4.0,11,7,9,284
4.0,11,7,10,285
4.0,11,7,11,286
4.0,11,7,12,287
4.0,11,7,13,287
4.0,11,7,14,288
4.0,11,7,15,289
4.0,11,8,0,277
4.0,11,8,1,278
4.0,11,8,2,279
4.0,11,8,3,280
4.0,11,8,4,281
4.0,11,8,5,281
4.0,11,8,6,282
4.0,11,8,7,283
4.0,11,8,8,284
4.0,11,8,9,285
4.0,11,8,10,286
4.0,11,8,11,287
4.0,11,8,12,288
4.0,11,8,13,288
4.0,11,8,14,289
4.0,11,8,15,290
4.0,11,9,0,278
4.0,11,9,1,279
4.0,11,9,2,280
4.0,11,9,3,281
4.0,11,9,4,281
4.0,11,9,5,282
4.0,11,9,6,283
4.0,11,9,7,284
4.0,11,9,8,285
4.0,11,9,9,286
4.0,11,9,10,287
4.0,11,9,11,288
4.0,11,9,12,288
4.0,11,9,13,289
4.0,11,9,14,290
4.0,11,9,15,291
4.0,11,10,0,279
4.0,11,10,1,280
4.0,11,10,2,281
4.0,11,10,3,281
4.0,11,10,4,282
4.0,11,10,5,283
4.0,11,10,6,284
4.0,11,10,7,285
4.0,11,10,8,286
4.0,11,10,9,287
4.0,11,10,10,288
4.0,11,10,11,288
4.0,11,10,12,289
4.0,11,10,13,290
4.0,11,10,14,291
4.0,11,10,15,292
4.0,11,11,0,280
4.0,11,11,1,281
4.0,11,11,2,281
4.0,11,11,3,282
4.0,11,11,4,283
4.0,11,11,5,284
4.0,11,11,6,285
4.0,11,11,7,286
4.0,11,11,8,287
4.0,11,11,9,288
4.0,11,11,10,289
4.0,11,11,11,289
4.0,11,11,12,290
4.0,11,11,13,291
4.0,11,11,14,292
4.0,11,11,15,293
4.0,11,12,0,280
4.0,11,12,1,281
4.0,11,12,2,282
4.0,11,12,3,283
4.0,11,12,4,284
4.0,11,12,5,285
4.0,11,12,6,286
4.0,11,12,7,287
4.0,11,12,8,288
4.0,11,12,9,289
4.0,11,12,10,289
4.0,11,12,11,290
4.0,11,12,12,291
4.0,11,12,13,292
4.0,11,12,14,293
4.0,11,12,15,294
4.0,11,13,0,281
4.0,11,13,1,282
4.0,11,13,2,283
4.0,11,13,3,284
4.0,11,13,4,285
4.0,11,13,5,286
4.0,11,13,6,287
4.0,11,13,7,288
4.0,11,13,8,289
4.0,11,13,9,289
4.0,11,13,10,290
4.0,11,13,11,291
4.0,11,13,12,292
4.0,11,13,13,293
4.0,11,13,14,294
4.0,11,13,15,295
4.0,11,14,0,282
4.0,11,14,1,283
4.0,11,14,2,284
4.0,11,14,3,285
4.0,11,14,4,286
4.0,11,14,5,287
4.0,11,14,6,288
4.0,11,14,7,289
4.0,11,14,8,289
4.0,11,14,9,290
4.0,11,14,10,291
4.0,11,14,11,292
4.0,11,14,12,293
4.0,11,14,13,294
4.0,11,14,14,295
4.0,11,14,15,296
4.0,11,15,0,283
4.0,11,15,1,284
4.0,11,15,2,285
4.0,11,15,3,286
4.0,11,15,4,287
4.0,11,15,5,288
4.0,11,15,6,289
4.0,11,15,7,289
4.0,11,15,8,290
4.0,11,15,9,291
4.0,11,15,10,292
4.0,11,15,11,293
4.0,11,15,12,294
4.0,11,15,13,295
4.0,11,15,14,296
4.0,11,15,15,296
4.0,12,0,0,271
4.0,12,0,1,272
4.0,12,0,2,273
4.0,12,0,3,273
4.0,12,0,4,274
4.0,12,0,5,275
4.0,12,0,6,276
4.0,12,0,7,277
4.0,12,0,8,278
4.0,12,0,9,279
4.0,12,0,10,279
4.0,12,0,11,280
4.0,12,0,12,281
4.0,12,0,13,282
4.0,12,0,14,283
4.0,12,0,15,284
4.0,12,1,0,272
4.0,12,1,1,273
4.0,12,1,2,273
4.0,12,1,3,274
4.0,12,1,4,275
4.0,12,1,5,276
4.0,12,1,6,277
4.0,12,1,7,278
4.0,12,1,8,279
4.0,12,1,9,280
4.0,12,1,10,280
4.0,12,1,11,281
4.0,12,1,12,282
4.0,12,1,13,283
4.0,12,1,14,284
4.0,12,1,15,285
4.0,12,2,0,273
4.0,12,2,1,273
4.0,12,2,2,274
4.0,12,2,3,275
4.0,12,2,4,276
4.0,12,2,5,277
4.0,12,2,6,278
4.0,12,2,7,279
4.0,12,2,8,280
4.0,12,2,9,280
4.0,12,2,10,281
4.0,12,2,11,282
4.0,12,2,12,283
4.0,12,2,13,284
4.0,12,2,14,285
4.0,12,2,15,286
4.0,12,3,0,274
4.0,12,3,1,274
4.0,12,3,2,275
4.0,12,3,3,276
4.0,12,3,4,277
4.0,12,3,5,278
4.0,12,3,6,279
4.0,12,3,7,280
4.0,12,3,8,281
4.0,12,3,9,281
4.0,12,3,10,282
4.0,12,3,11,283
4.0,12,3,12,284
4.0,12,3,13,285
4.0,12,3,14,286
4.0,12,3,15,286
4.0,12,4,0,274
4.0,12,4,1,275
4.0,12,4,2,276
4.0,12,4,3,277
4.0,12,4,4,278
4.0,12,4,5,279
4.0,12,4,6,280
4.0,12,4,7,281
4.0,12,4,8,281
4.0,12,4,9,282
4.0,12,4,10,283
4.0,12,4,11,284
4.0,12,4,12,285
4.0,12,4,13,286
4.0,12,4,14,287
4.0,12,4,15,287
4.0,12,5,0,275
4.0,12,5,1,276
4.0,12,5,2,277
4.0,12,5,3,278
4.0,12,5,4,279
4.0,12,5,5,280
4.0,12,5,6,281
4.0,12,5,7,281
4.0,12,5,8,282
4.0,12,5,9,283
4.0,12,5,10,284
4.0,12,5,11,285
4.0,12,5,12,286
4.0,12,5,13,287
4.0,12,5,14,288
4.0,12,5,15,288
4.0,12,6,0,276
4.0,12,6,1,277
4.0,12,6,2,278
4.0,12,6,3,279
4.0,12,6,4,280
4.0,12,6,5,281
4.0,12,6,6,282
4.0,12,6,7,282
4.0,12,6,8,283
4.0,12,6,9,284
4.0,12,6,10,285
4.0,12,6,11,286
4.0,12,6,12,287
4.0,12,6,13,288
4.0,12,6,14,288
4.0,12,6,15,289
4.0,12,7,0,277
4.0,12,7,1,278
4.0,12,7,2,279
4.0,12,7,3,280
4.0,12,7,4,281
4.0,12,7,5,282
4.0,12,7,6,282
4.0,12,7,7,283
4.0,12,7,8,284
4.0,12,7,9,285
4.0,12,7,10,286
4.0,12,7,11,287
4.0,12,7,12,288
4.0,12,7,13,289
4.0,12,7,14,289
4.0,12,7,15,290
4.0,12,8,0,278
4.0,12,8,1,279
4.0,12,8,2,280
4.0,12,8,3,281
4.0,12,8,4,282
4.0,12,8,5,282
4.0,12,8,6,283
4.0,12,8,7,284
4.0,12,8,8,285
4.0,12,8,9,286
4.0,12,8,10,287
4.0,12,8,11,288
4.0,12,8,12,289
4.0,12,8,13,289
4.0,12,8,14,290
4.0,12,8,15,291
4.0,12,9,0,279
4.0,12,9,1,280
4.0,12,9,2,281
4.0,12,9,3,282
4.0,12,9,4,282
4.0,12,9,5,283
4.0,12,9,6,284
4.0,12,9,7,285
4.0,12,9,8,286
4.0,12,9,9,287
4.0,12,9,10,288
4.0,12,9,11,289
4.0,12,9,12,289
4.0,12,9,13,290
4.0,12,9,14,291
4.0,12,9,15,292
4.0,12,10,0,280
4.0,12,10,1,281
4.0,12,10,2,282
4.0,12,10,3,282
4.0,12,10,4,283
4.0,12,10,5,284
4.0,12,10,6,285
4.0,12,10,7,286
4.0,12,10,8,287
4.0,12,10,9,288
4.0,12,10,10,289
4.0,12,10,11,290
4.0,12,10,12,290
4.0,12,10,13,291
4.0,12,10,14,292
4.0,12,10,15,293
4.0,12,11,0,281
4.0,12,11,1,282
4.0,12,11,2,282
4.0,12,11,3,283
4.0,12,11,4,284
4.0,12,11,5,285
4.0,12,11,6,286
4.0,12,11,7,287
4.0,12,11,8,288
4.0,12,11,9,289
4.0,12,11,10,290
4.0,12,11,11,290
4.0,12,11,12,291
4.0,12,11,13,292
4.0,12,11,14,293
4.0,12,11,15,294
4.0,12,12,0,282
4.0,12,12,1,282
4.0,12,12,2,283
4.0,12,12,3,284
4.0,12,12,4,285
4.0,12,12,5,286
4.0,12,12,6,287
4.0,12,12,7,288
4.0,12,12,8,289
4.0,12,12,9,290
4.0,12,12,10,290
4.0,12,12,11,291
4.0,12,12,12,292
4.0,12,12,13,293
4.0,12,12,14,294
4.0,12,12,15,295
4.0,12,13,0,282
4.0,12,13,1,283
4.0,12,13,2,284
4.0,12,13,3,285
4.0,12,13,4,286
4.0,12,13,5,287
4.0,12,13,6,288
4.0,12,13,7,289
4.0,12,13,8,290
4.0,12,13,9,290
4.0,12,13,10,291
4.0,12,13,11,292
4.0,12,13,12,293
4.0,12,13,13,294
4.0,12,13,14,295
4.0,12,13,15,296
4.0,12,14,0,283
4.0,12,14,1,284
4.0,12,14,2,285
4.0,12,14,3,286
4.0,12,14,4,287
4.0,12,14,5,288
4.0,12,14,6,289
4.0,12,14,7,290
4.0,12,14,8,290
4.0,12,14,9,291
4.0,12,14,10,292
4.0,12,14,11,293
4.0,12,14,12,294
4.0,12,14,13,295
4.0,12,14,14,296
4.0,12,14,15,297
4.0,12,15,0,284
4.0,12,15,1,285
4.0,12,15,2,286
4.0,12,15,3,287
4.0,12,15,4,288
4.0,12,15,5,289
4.0,12,15,6,290
4.0,12,15,7,290
4.0,12,15,8,291
4.0,12,15,9,292
4.0,12,15,10,293
4.0,12,15,11,294
4.0,12,15,12,295
4.0,12,15,13,296
4.0,12,15,14,297
4.0,12,15,15,298
4.0,13,0,0,272
4.0,13,0,1,273
4.0,13,0,2,274
4.0,13,0,3,274
4.0,13,0,4,275
4.0,13,0,5,276
4.0,13,0,6,277
4.0,13,0,7,278
4.0,13,0,8,279
4.0,13,0,9,280
4.0,13,0,10,280
4.0,13,0,11,281
4.0,13,0,12,282
4.0,13,0,13,283
4.0,13,0,14,284
4.0,13,0,15,285
4.0,13,1,0,273
4.0,13,1,1,274
4.0,13,1,2,274
4.0,13,1,3,275
4.0,13,1,4,276
4.0,13,1,5,277
4.0,13,1,6,278
4.0,13,1,7,279
4.0,13,1,8,280
4.0,13,1,9,281
4.0,13,1,10,281
4.0,13,1,11,282
4.0,13,1,12,283
4.0,13,1,13,284
4.0,13,1,14,285
4.0,13,1,15,286
4.0,13,2,0,274
4.0,13,2,1,274
4.0,13,2,2,275
4.0,13,2,3,276
4.0,13,2,4,277
4.0,13,2,5,278
4.0,13,2,6,279
4.0,13,2,7,280
4.0,13,2,8,281
4.0,13,2,9,281
4.0,13,2,10,282
4.0,13,2,11,283
4.0,13,2,12,284
4.0,13,2,13,285
4.0,13,2,14,286
4.0,13,2,15,287
4.0,13,3,0,275
4.0,13,3,1,275
4.0,13,3,2,276
4.0,13,3,3,277
4.0,13,3,4,278
4.0,13,3,5,279
4.0,13,3,6,280
4.0,13,3,7,281
4.0,13,3,8,282
4.0,13,3,9,282
4.0,13,3,10,283
4.0,13,3,11,284
4.0,13,3,12,285
4.0,13,3,13,286
4.0,13,3,14,287
4.0,13,3,15,288
4.0,13,4,0,275
4.0,13,4,1,276
4.0,13,4,2,277
4.0,13,4,3,278
4.0,13,4,4,279
4.0,13,4,5,280
4.0,13,4,6,281
4.0,13,4,7,282
4.0,13,4,8,282
4.0,13,4,9,283
4.0,13,4,10,284
4.0,13,4,11,285
4.0,13,4,12,286
4.0,13,4,13,287
4.0,13,4,14,288
4.0,13,4,15,288
4.0,13,5,0,276
4.0,13,5,1,277
4.0,13,5,2,278
4.0,13,5,3,279
4.0,13,5,4,280
4.0,13,5,5,281
4.0,13,5,6,282
4.0,13,5,7,283
4.0,13,5,8,283
4.0,13,5,9,284
4.0,13,5,10,285
4.0,13,5,11,286
4.0,13,5,12,287
4.0,13,5,13,288
4.0,13,5,14,289
4.0,13,5,15,289
4.0,13,6,0,277
4.0,13,6,1,278
4.0,13,6,2,279
4.0,13,6,3,280
4.0,13,6,4,281
4.0,13,6,5,282
4.0,13,6,6,283
4.0,13,6,7,283
4.0,13,6,8,284
4.0,13,6,9,285
4.0,13,6,10,286
4.0,13,6,11,287
4.0,13,6,12,288
4.0,13,6,13,289
4.0,13,6,14,289
4.0,13,6,15,290
4.0,13,7,0,278
4.0,13,7,1,279
4.0,13,7,2,280
4.0,13,7,3,281
4.0,13,7,4,282
4.0,13,7,5,283
4.0,13,7,6,283
4.0,13,7,7,284
4.0,13,7,8,285
4.0,13,7,9,286
4.0,13,7,10,287
4.0,13,7,11,288
4.0,13,7,12,289
4.0,13,7,13,290
4.0,13,7,14,290
4.0,13,7,15,291
4.0,13,8,0,279
4.0,13,8,1,280
4.0,13,8,2,281
4.0,13,8,3,282
4.0,13,8,4,283
4.0,13,8,5,283
4.0,13,8,6,284
4.0,13,8,7,285
4.0,13,8,8,286
4.0,13,8,9,287
4.0,13,8,10,288
4.0,13,8,11,289
4.0,13,8,12,290
4.0,13,8,13,290
4.0,13,8,14,291
4.0,13,8,15,292
4.0,13,9,0,280
4.0,13,9,1,281
4.0,13,9,2,282
4.0,13,9,3,283
4.0,13,9,4,283
4.0,13,9,5,284
4.0,13,9,6,285
4.0,13,9,7,286
4.0,13,9,8,287
4.0,13,9,9,288
4.0,13,9,10,289
4.0,13,9,11,290
4.0,13,9,12,291
4.0,13,9,13,291
4.0,13,9,14,292
4.0,13,9,15,293
4.0,13,10,0,281
4.0,13,10,1,282
4.0,13,10,2,283
4.0,13,10,3,283
4.0,13,10,4,284
4.0,13,10,5,285
4.0,13,10,6,286
4.0,13,10,7,287
4.0,13,10,8,288
4.0,13,10,9,289
4.0,13,10,10,290
4.0,13,10,11,291
4.0,13,10,12,291
4.0,13,10,13,292
4.0,13,10,14,293
4.0,13,10,15,294
4.0,13,11,0,282
4.0,13,11,1,283
4.0,13,11,2,283
4.0,13,11,3,284
4.0,13,11,4,285
4.0,13,11,5,286
4.0,13,11,6,287
4.0,13,11,7,288
4.0,13,11,8,289
4.0,13,11,9,290
4.0,13,11,10,291
4.0,13,11,11,292
4.0,13,11,12,292
4.0,13,11,13,293
4.0,13,11,14,294
4.0,13,11,15,295
4.0,13,12,0,283
4.0,13,12,1,283
4.0,13,12,2,284
4.0,13,12,3,285
4.0,13,12,4,286
4.0,13,12,5,287
4.0,13,12,6,288
4.0,13,12,7,289
4.0,13,12,8,290
4.0,13,12,9,291
4.0,13,12,10,292
4.0,13,12,11,292
4.0,13,12,12,293
4.0,13,12,13,294
4.0,13,12,14,295
4.0,13,12,15,296
4.0,13,13,0,283
4.0,13,13,1,284
4.0,13,13,2,285
4.0,13,13,3,286
4.0,13,13,4,287
4.0,13,13,5,288
4.0,13,13,6,289
4.0,13,13,7,290
4.0,13,13,8,291
4.0,13,13,9,292
4.0,13,13,10,292
4.0,13,13,11,293
4.0,13,13,12,294
4.0,13,13,13,295
4.0,13,13,14,296
4.0,13,13,15,297
4.0,13,14,0,284
4.0,13,14,1,285
4.0,13,14,2,286
4.0,13,14,3,287
4.0,13,14,4,288
4.0,13,14,5,289
4.0,13,14,6,290
4.0,13,14,7,291
4.0,13,14,8,292
4.0,13,14,9,292
4.0,13,14,10,293
4.0,13,14,11,294
4.0,13,14,12,295
4.0,13,14,13,296
4.0,13,14,14,297
4.0,13,14,15,298
4.0,13,15,0,285
4.0,13,15,1,286
4.0,13,15,2,287
4.0,13,15,3,288
4.0,13,15,4,289
4.0,13,15,5,290
4.0,13,15,6,291
4.0,13,15,7,292
4.0,13,15,8,292
4.0,13,15,9,293
4.0,13,15,10,294
4.0,13,15,11,295
4.0,13,15,12,296
4.0,13,15,13,297
4.0,13,15,14,298
4.0,13,15,15,299
4.0,14,0,0,273
4.0,14,0,1,274
4.0,14,0,2,275
4.0,14,0,3,275
4.0,14,0,4,276
4.0,14,0,5,277
4.0,14,0,6,278
4.0,14,0,7,279
4.0,14,0,8,280
4.0,14,0,9,281
4.0,14,0,10,281
4.0,14,0,11,282
4.0,14,0,12,283
4.0,14,0,13,284
4.0,14,0,14,285
4.0,14,0,15,286
4.0,14,1,0,274
4.0,14,1,1,275
4.0,14,1,2,275
4.0,14,1,3,276
4.0,14,1,4,277
4.0,14,1,5,278
4.0,14,1,6,279
4.0,14,1,7,280
4.0,14,1,8,281
4.0,14,1,9,282
4.0,14,1,10,282
4.0,14,1,11,283
4.0,14,1,12,284
4.0,14,1,13,285
4.0,14,1,14,286
4.0,14,1,15,287
4.0,14,2,0,275
4.0,14,2,1,276
4.0,14,2,2,276
4.0,14,2,3,277
4.0,14,2,4,278
4.0,14,2,5,279
4.0,14,2,6,280
4.0,14,2,7,281
4.0,14,2,8,282
4.0,14,2,9,282
4.0,14,2,10,283
4.0,14,2,11,284
4.0,14,2,12,285
4.0,14,2,13,286
4.0,14,2,14,287
4.0,14,2,15,288
4.0,14,3,0,276
4.0,14,3,1,276
4.0,14,3,2,277
4.0,14,3,3,278
4.0,14,3,4,279
4.0,14,3,5,280
4.0,14,3,6,281
4.0,14,3,7,282
4.0,14,3,8,283
4.0,14,3,9,283
4.0,14,3,10,284
4.0,14,3,11,285
4.0,14,3,12,286
4.0,14,3,13,287
4.0,14,3,14,288
4.0,14,3,15,289
4.0,14,4,0,276
4.0,14,4,1,277
4.0,14,4,2,278
4.0,14,4,3,279
4.0,14,4,4,280
4.0,14,4,5,281
4.0,14,4,6,282
4.0,14,4,7,283
4.0,14,4,8,283
4.0,14,4,9,284
4.0,14,4,10,285
4.0,14,4,11,286
4.0,14,4,12,287
4.0,14,4,13,288
4.0,14,4,14,289
4.0,14,4,15,290
4.0,14,5,0,277
4.0,14,5,1,278
4.0,14,5,2,279
4.0,14,5,3,280
4.0,14,5,4,281
4.0,14,5,5,282
4.0,14,5,6,283
4.0,14,5,7,284
4.0,14,5,8,284
4.0,14,5,9,285
4.0,14,5,10,286
4.0,14,5,11,287
4.0,14,5,12,288
4.0,14,5,13,289
4.0,14,5,14,290
4.0,14,5,15,290
4.0,14,6,0,278
4.0,14,6,1,279
4.0,14,6,2,280
4.0,14,6,3,281
4.0,14,6,4,282
4.0,14,6,5,283
4.0,14,6,6,284
4.0,14,6,7,284
4.0,14,6,8,285
4.0,14,6,9,286
4.0,14,6,10,287
4.0,14,6,11,288
4.0,14,6,12,289
4.0,14,6,13,290
4.0,14,6,14,291
4.0,14,6,15,291
4.0,14,7,0,279
4.0,14,7,1,280
4.0,14,7,2,281
4.0,14,7,3,282
4.0,14,7,4,283
4.0,14,7,5,284
4.0,14,7,6,284
4.0,14,7,7,285
4.0,14,7,8,286
4.0,14,7,9,287
4.0,14,7,10,288
4.0,14,7,11,289
4.0,14,7,12,290
4.0,14,7,13,291
4.0,14,7,14,291
4.0,14,7,15,292
4.0,14,8,0,280
4.0,14,8,1,281
4.0,14,8,2,282
4.0,14,8,3,283
4.0,14,8,4,284
4.0,14,8,5,285
4.0,14,8,6,285
4.0,14,8,7,286
4.0,14,8,8,287
4.0,14,8,9,288
4.0,14,8,10,289
4.0,14,8,11,290
4.0,14,8,12,291
4.0,14,8,13,292
4.0,14,8,14,292
4.0,14,8,15,293
4.0,14,9,0,281
4.0,14,9,1,282
4.0,14,9,2,283
4.0,14,9,3,284
4.0,14,9,4,285
4.0,14,9,5,285
4.0,14,9,6,286
4.0,14,9,7,287
4.0,14,9,8,288
4.0,14,9,9,289
4.0,14,9,10,290
4.0,14,9,11,291
4.0,14,9,12,292
4.0,14,9,13,292
4.0,14,9,14,293
4.0,14,9,15,294
4.0,14,10,0,282
4.0,14,10,1,283
4.0,14,10,2,284
4.0,14,10,3,285
4.0,14,10,4,285
4.0,14,10,5,286
4.0,14,10,6,287
4.0,14,10,7,288
4.0,14,10,8,289
4.0,14,10,9,290
4.0,14,10,10,291
4.0,14,10,11,292
4.0,14,10,12,293
4.0,14,10,13,293
4.0,14,10,14,294
4.0,14,10,15,295
4.0,14,11,0,283
4.0,14,11,1,284
4.0,14,11,2,285
4.0,14,11,3,285
4.0,14,11,4,286
4.0,14,11,5,287
4.0,14,11,6,288
4.0,14,11,7,289
4.0,14,11,8,290
4.0,14,11,9,291
4.0,14,11,10,292
4.0,14,11,11,293
4.0,14,11,12,293
4.0,14,11,13,294
4.0,14,11,14,295
4.0,14,11,15,296
4.0,14,12,0,284
4.0,14,12,1,284
4.0,14,12,2,285
4.0,14,12,3,286
4.0,14,12,4,287
4.0,14,12,5,288
4.0,14,12,6,289
4.0,14,12,7,290
4.0,14,12,8,291
4.0,14,12,9,292
4.0,14,12,10,293
4.0,14,12,11,293
4.0,14,12,12,294
4.0,14,12,13,295
4.0,14,12,14,296
4.0,14,12,15,297
4.0,14,13,0,284
4.0,14,13,1,285
4.0,14,13,2,286
4.0,14,13,3,287
4.0,14,13,4,288
4.0,14,13,5,289
4.0,14,13,6,290
4.0,14,13,7,291
4.0,14,13,8,292
4.0,14,13,9,293
4.0,14,13,10,294
4.0,14,13,11,294
4.0,14,13,12,295
4.0,14,13,13,296
4.0,14,13,14,297
4.0,14,13,15,298
4.0,14,14,0,285
4.0,14,14,1,286
4.0,14,14,2,287
4.0,14,14,3,288
4.0,14,14,4,289
4.0,14,14,5,290
4.0,14,14,6,291
4.0,14,14,7,292
4.0,14,14,8,293
4.0,14,14,9,294
4.0,14,14,10,294
4.0,14,14,11,295
4.0,14,14,12,296
4.0,14,14,13,297
4.0,14,14,14,298
4.0,14,14,15,299
4.0,14,15,0,286
4.0,14,15,1,287
4.0,14,15,2,288
4.0,14,15,3,289
4.0,14,15,4,290
4.0,14,15,5,291
4.0,14,15,6,292
4.0,14,15,7,293
4.0,14,15,8,294
4.0,14,15,9,294
4.0,14,15,10,295
4.0,14,15,11,296
4.0,14,15,12,297
4.0,14,15,13,298
4.0,14,15,14,299
4.0,14,15,15,300
4.0,15,0,0,274
4.0,15,0,1,275
4.0,15,0,2,276
4.0,15,0,3,276
4.0,15,0,4,277
4.0,15,0,5,278
4.0,15,0,6,279
4.0,15,0,7,280
4.0,15,0,8,281
4.0,15,0,9,282
4.0,15,0,10,282
4.0,15,0,11,283
4.0,15,0,12,284
4.0,15,0,13,285
4.0,15,0,14,286
4.0,15,0,15,287
4.0,15,1,0,275
4.0,15,1,1,276
4.0,15,1,2,276
4.0,15,1,3,277
4.0,15,1,4,278
4.0,15,1,5,279
4.0,15,1,6,280
4.0,15,1,7,281
4.0,15,1,8,282
4.0,15,1,9,283
4.0,15,1,10,283
4.0,15,1,11,284
4.0,15,1,12,285
4.0,15,1,13,286
4.0,15,1,14,287
4.0,15,1,15,288
4.0,15,2,0,276
4.0,15,2,1,277
4.0,15,2,2,277
4.0,15,2,3,278
4.0,15,2,4,279
4.0,15,2,5,280
4.0,15,2,6,281
4.0,15,2,7,282
4.0,15,2,8,283
4.0,15,2,9,284
4.0,15,2,10,284
4.0,15,2,11,285
4.0,15,2,12,286
4.0,15,2,13,287
4.0,15,2,14,288
4.0,15,2,15,289
4.0,15,3,0,277
4.0,15,3,1,277
4.0,15,3,2,278
4.0,15,3,3,279
4.0,15,3,4,280
4.0,15,3,5,281
4.0,15,3,6,282
4.0,15,3,7,283
4.0,15,3,8,284
4.0,15,3,9,284
4.0,15,3,10,285
4.0,15,3,11,286
4.0,15,3,12,287
4.0,15,3,13,288
4.0,15,3,14,289
4.0,15,3,15,290
4.0,15,4,0,277
4.0,15,4,1,278
4.0,15,4,2,279
4.0,15,4,3,280
4.0,15,4,4,281
4.0,15,4,5,282
4.0,15,4,6,283
4.0,15,4,7,284
4.0,15,4,8,285
4.0,15,4,9,285
4.0,15,4,10,286
4.0,15,4,11,287
4.0,15,4,12,288
4.0,15,4,13,289
4.0,15,4,14,290
4.0,15,4,15,291
4.0,15,5,0,278
4.0,15,5,1,279
4.0,15,5,2,280
4.0,15,5,3,281
4.0,15,5,4,282
4.0,15,5,5,283
4.0,15,5,6,284
4.0,15,5,7,285
4.0,15,5,8,285
4.0,15,5,9,286
4.0,15,5,10,287
4.0,15,5,11,288
4.0,15,5,12,289
4.0,15,5,13,290
4.0,15,5,14,291
4.0,15,5,15,292
4.0,15,6,0,279
4.0,15,6,1,280
4.0,15,6,2,281
4.0,15,6,3,282
4.0,15,6,4,283
4.0,15,6,5,284
4.0,15,6,6,285
4.0,15,6,7,285
4.0,15,6,8,286
4.0,15,6,9,287
4.0,15,6,10,288
4.0,15,6,11,289
4.0,15,6,12,290
4.0,15,6,13,291
4.0,15,6,14,292
4.0,15,6,15,292
4.0,15,7,0,280
4.0,15,7,1,281
4.0,15,7,2,282
4.0,15,7,3,283
4.0,15,7,4,284
4.0,15,7,5,285
4.0,15,7,6,286
4.0,15,7,7,286
4.0,15,7,8,287
4.0,15,7,9,288
4.0,15,7,10,289
4.0,15,7,11,290
4.0,15,7,12,291
4.0,15,7,13,292
4.0,15,7,14,293
4.0,15,7,15,293
4.0,15,8,0,281
4.0,15,8,1,282
4.0,15,8,2,283
4.0,15,8,3,284
4.0,15,8,4,285
4.0,15,8,5,286
4.0,15,8,6,286
4.0,15,8,7,287
4.0,15,8,8,288
4.0,15,8,9,289
4.0,15,8,10,290
4.0,15,8,11,291
4.0,15,8,12,292
4.0,15,8,13,293
4.0,15,8,14,293
4.0,15,8,15,294
4.0,15,9,0,282
4.0,15,9,1,283
4.0,15,9,2,284
4.0,15,9,3,285
4.0,15,9,4,286
4.0,15,9,5,286
4.0,15,9,6,287
4.0,15,9,7,288
4.0,15,9,8,289
4.0,15,9,9,290
4.0,15,9,10,291
4.0,15,9,11,292
4.0,15,9,12,293
4.0,15,9,13,294
4.0,15,9,14,294
4.0,15,9,15,295
4.0,15,10,0,283
4.0,15,10,1,284
4.0,15,10,2,285
4.0,15,10,3,286
4.0,15,10,4,286
4.0,15,10,5,287
4.0,15,10,6,288
4.0,15,10,7,289
4.0,15,10,8,290
4.0,15,10,9,291
4.0,15,10,10,292
4.0,15,10,11,293
4.0,15,10,12,294
4.0,15,10,13,294
4.0,15,10,14,295
4.0,15,10,15,296
4.0,15,11,0,284
4.0,15,11,1,285
4.0,15,11,2,286
4.0,15,11,3,286
4.0,15,11,4,287
4.0,15,11,5,288
4.0,15,11,6,289
4.0,15,11,7,290
4.0,15,11,8,291
4.0,15,11,9,292
4.0,15,11,10,293
4.0,15,11,11,294
4.0,15,11,12,295
4.0,15,11,13,295
4.0,15,11,14,296
4.0,15,11,15,297
4.0,15,12,0,285
4.0,15,12,1,286
4.0,15,12,2,286
4.0,15,12,3,287
4.0,15,12,4,288
4.0,15,12,5,289
4.0,15,12,6,290
4.0,15,12,7,291
4.0,15,12,8,292
4.0,15,12,9,293
4.0,15,12,10,294
4.0,15,12,11,295
4.0,15,12,12,295
4.0,15,12,13,296
4.0,15,12,14,297
4.0,15,12,15,298
4.0,15,13,0,285
4.0,15,13,1,286
4.0,15,13,2,287
4.0,15,13,3,288
4.0,15,13,4,289
4.0,15,13,5,290
4.0,15,13,6,291
4.0,15,13,7,292
4.0,15,13,8,293
4.0,15,13,9,294
4.0,15,13,10,295
4.0,15,13,11,295
4.0,15,13,12,296
4.0,15,13,13,297
4.0,15,13,14,298
4.0,15,13,15,299
4.0,15,14,0,286
4.0,15,14,1,287
4.0,15,14,2,288
4.0,15,14,3,289
4.0,15,14,4,290
4.0,15,14,5,291
4.0,15,14,6,292
4.0,15,14,7,293
4.0,15,14,8,294
4.0,15,14,9,295
4.0,15,14,10,295
4.0,15,14,11,296
4.0,15,14,12,297
4.0,15,14,13,298
4.0,15,14,14,299
4.0,15,14,15,300
4.0,15,15,0,287
4.0,15,15,1,288
4.0,15,15,2,289
4.0,15,15,3,290
4.0,15,15,4,291
4.0,15,15,5,292
4.0,15,15,6,293
4.0,15,15,7,294
4.0,15,15,8,295
4.0,15,15,9,295
4.0,15,15,10,296
4.0,15,15,11,297
4.0,15,15,12,298
4.0,15,15,13,299
4.0,15,15,14,300
4.0,15,15,15,301
4.5,0,0,0,296
4.5,0,0,1,297
4.5,0,0,2,298
4.5,0,0,3,299
4.5,0,0,4,300
4.5,0,0,5,301
4.5,0,0,6,302
4.5,0,0,7,303
4.5,0,0,8,304
4.5,0,0,9,305
4.5,0,0,10,306
4.5,0,0,11,307
4.5,0,0,12,308
4.5,0,0,13,308
4.5,0,0,14,309
4.5,0,0,15,310
4.5,0,1,0,297
4.5,0,1,1,298
4.5,0,1,2,299
4.5,0,1,3,300
4.5,0,1,4,301
4.5,0,1,5,302
4.5,0,1,6,303
4.5,0,1,7,304
4.5,0,1,8,305
4.5,0,1,9,306
4.5,0,1,10,307
4.5,0,1,11,308
4.5,0,1,12,309
4.5,0,1,13,309
4.5,0,1,14,310
4.5,0,1,15,311
4.5,0,2,0,298
4.5,0,2,1,299
4.5,0,2,2,300
4.5,0,2,3,301
4.5,0,2,4,302
4.5,0,2,5,303
4.5,0,2,6,304
4.5,0,2,7,305
4.5,0,2,8,306
4.5,0,2,9,307
4.5,0,2,10,308
4.5,0,2,11,309
4.5,0,2,12,310
4.5,0,2,13,311
4.5,0,2,14,311
4.5,0,2,15,312
4.5,0,3,0,299
4.5,0,3,1,300
4.5,0,3,2,301
4.5,0,3,3,302
4.5,0,3,4,303
4.5,0,3,5,304
4.5,0,3,6,305
4.5,0,3,7,306
4.5,0,3,8,307
4.5,0,3,9,308
4.5,0,3,10,309
4.5,0,3,11,310
4.5,0,3,12,311
4.5,0,3,13,312
4.5,0,3,14,312
4.5,0,3,15,313
4.5,0,4,0,300
4.5,0,4,1,301
4.5,0,4,2,302
4.5,0,4,3,303
4.5,0,4,4,304
4.5,0,4,5,305
4.5,0,4,6,306
4.5,0,4,7,307
4.5,0,4,8,308
4.5,0,4,9,309
4.5,0,4,10,310
4.5,0,4,11,311
4.5,0,4,12,312
4.5,0,4,13,313
4.5,0,4,14,314
4.5,0,4,15,314
4.5,0,5,0,301
4.5,0,5,1,302
4.5,0,5,2,303
4.5,0,5,3,304
4.5,0,5,4,305
4.5,0,5,5,306
4.5,0,5,6,307
4.5,0,5,7,308
4.5,0,5,8,309
4.5,0,5,9,310
4.5,0,5,10,311
4.5,0,5,11,312
4.5,0,5,12,313
4.5,0,5,13,314
4.5,0,5,14,315
4.5,0,5,15,315
4.5,0,6,0,302
4.5,0,6,1,303
4.5,0,6,2,304
4.5,0,6,3,305
4.5,0,6,4,306
4.5,0,6,5,307
4.5,0,6,6,308
4.5,0,6,7,309
4.5,0,6,8,310
4.5,0,6,9,311
4.5,0,6,10,312
4.5,0,6,11,313
4.5,0,6,12,314
4.5,0,6,13,315
4.5,0,6,14,316
4.5,0,6,15,316
4.5,0,7,0,303
4.5,0,7,1,304
4.5,0,7,2,305
4.5,0,7,3,306
4.5,0,7,4,307
4.5,0,7,5,308
4.5,0,7,6,309
4.5,0,7,7,310
4.5,0,7,8,311
4.5,0,7,9,312
4.5,0,7,10,313
4.5,0,7,11,314
4.5,0,7,12,315
4.5,0,7,13,316
4.5,0,7,14,317
4.5,0,7,15,318
4.5,0,8,0,304
4.5,0,8,1,305
4.5,0,8,2,306
4.5,0,8,3,307
4.5,0,8,4,308
4.5,0,8,5,309
4.5,0,8,6,310
4.5,0,8,7,311
4.5,0,8,8,312
4.5,0,8,9,313
4.5,0,8,10,314
4.5,0,8,11,315
4.5,0,8,12,316
4.5,0,8,13,317
4.5,0,8,14,318
4.5,0,8,15,319
4.5,0,9,0,305
4.5,0,9,1,306
4.5,0,9,2,307
4.5,0,9,3,308
4.5,0,9,4,309
4.5,0,9,5,310
4.5,0,9,6,311
4.5,0,9,7,312
4.5,0,9,8,313
4.5,0,9,9,314
4.5,0,9,10,315
4.5,0,9,11,316
4.5,0,9,12,317
4.5,0,9,13,318
4.5,0,9,14,319
4.5,0,9,15,320
4.5,0,10,0,306
4.5,0,10,1,307
4.5,0,10,2,308
4.5,0,10,3,309
4.5,0,10,4,310
4.5,0,10,5,311
4.5,0,10,6,312
4.5,0,10,7,313
4.5,0,10,8,314
4.5,0,10,9,315
4.5,0,10,10,316
4.5,0,10,11,317
4.5,0,10,12,318
4.5,0,10,13,319
4.5,0,10,14,320
4.5,0,10,15,321
4.5,0,11,0,307
4.5,0,11,1,308
4.5,0,11,2,309
4.5,0,11,3,310
4.5,0,11,4,311
4.5,0,11,5,312
4.5,0,11,6,313
4.5,0,11,7,314
4.5,0,11,8,315
4.5,0,11,9,316
4.5,0,11,10,317
4.5,0,11,11,318
4.5,0,11,12,319
4.5,0,11,13,320
4.5,0,11,14,321
4.5,0,11,15,322
4.5,0,12,0,308
4.5,0,12,1,309
4.5,0,12,2,310
4.5,0,12,3,311
4.5,0,12,4,312
4.5,0,12,5,313
4.5,0,12,6,314
4.5,0,12,7,315
4.5,0,12,8,316
4.5,0,12,9,317
4.5,0,12,10,318
4.5,0,12,11,319
4.5,0,12,12,320
4.5,0,12,13,321
4.5,0,12,14,322
4.5,0,12,15,323
4.5,0,13,0,309
4.5,0,13,1,310
4.5,0,13,2,311
4.5,0,13,3,312
4.5,0,13,4,313
4.5,0,13,5,314
4.5,0,13,6,315
4.5,0,13,7,316
4.5,0,13,8,317
4.5,0,13,9,318
4.5,0,13,10,319
4.5,0,13,11,320
4.5,0,13,12,321
4.5,0,13,13,322
4.5,0,13,14,323
4.5,0,13,15,324
4.5,0,14,0,310
4.5,0,14,1,311
4.5,0,14,2,312
4.5,0,14,3,313
4.5,0,14,4,314
4.5,0,14,5,315
4.5,0,14,6,316
4.5,0,14,7,317
4.5,0,14,8,318
4.5,0,14,9,319
4.5,0,14,10,320
4.5,0,14,11,321
4.5,0,14,12,322
4.5,0,14,13,323
4.5,0,14,14,324
4.5,0,14,15,325
4.5,0,15,0,311
4.5,0,15,1,312
4.5,0,15,2,313
4.5,0,15,3,314
4.5,0,15,4,315
4.5,0,15,5,316
4.5,0,15,6,317
4.5,0,15,7,318
4.5,0,15,8,319
4.5,0,15,9,320
4.5,0,15,10,321
4.5,0,15,11,322
4.5,0,15,12,323
4.5,0,15,13,324
4.5,0,15,14,325
4.5,0,15,15,326
4.5,1,0,0,297
4.5,1,0,1,298
4.5,1,0,2,299
4.5,1,0,3,300
4.5,1,0,4,301
4.5,1,0,5,302
4.5,1,0,6,303
4.5,1,0,7,304
4.5,1,0,8,305
4.5,1,0,9,306
4.5,1,0,10,307
4.5,1,0,11,308
4.5,1,0,12,309
4.5,1,0,13,310
4.5,1,0,14,311
4.5,1,0,15,311
4.5,1,1,0,298
4.5,1,1,1,299
4.5,1,1,2,300
4.5,1,1,3,301
4.5,1,1,4,302
4.5,1,1,5,303
4.5,1,1,6,304
4.5,1,1,7,305
4.5,1,1,8,306
4.5,1,1,9,307
4.5,1,1,10,308
4.5,1,1,11,309
4.5,1,1,12,310
4.5,1,1,13,311
4.5,1,1,14,312
4.5,1,1,15,313
4.5,1,2,0,299
4.5,1,2,1,300
4.5,1,2,2,301
4.5,1,2,3,302
4.5,1,2,4,303
4.5,1,2,5,304
4.5,1,2,6,305
4.5,1,2,7,306
4.5,1,2,8,307
4.5,1,2,9,308
4.5,1,2,10,309
4.5,1,2,11,310
4.5,1,2,12,311
4.5,1,2,13,312
4.5,1,2,14,313
4.5,1,2,15,314
4.5,1,3,0,300
4.5,1,3,1,301
4.5,1,3,2,302
4.5,1,3,3,303
4.5,1,3,4,304
4.5,1,3,5,305
4.5,1,3,6,306
4.5,1,3,7,307
4.5,1,3,8,308
4.5,1,3,9,309
4.5,1,3,10,310
4.5,1,3,11,311
4.5,1,3,12,312
4.5,1,3,13,313
4.5,1,3,14,314
4.5,1,3,15,315
4.5,1,4,0,301
4.5,1,4,1,302
4.5,1,4,2,303
4.5,1,4,3,304
4.5,1,4,4,305
4.5,1,4,5,306
4.5,1,4,6,307
4.5,1,4,7,308
4.5,1,4,8,309
4.5,1,4,9,310
4.5,1,4,10,311
4.5,1,4,11,312
4.5,1,4,12,313
4.5,1,4,13,314
4.5,1,4,14,315
4.5,1,4,15,316
4.5,1,5,0,302
4.5,1,5,1,303
4.5,1,5,2,304
4.5,1,5,3,305
4.5,1,5,4,306
4.5,1,5,5,307
4.5,1,5,6,308
4.5,1,5,7,309
4.5,1,5,8,310
4.5,1,5,9,311
4.5,1,5,10,312
4.5,1,5,11,313
4.5,1,5,12,314
4.5,1,5,13,315
4.5,1,5,14,316
4.5,1,5,15,317
4.5,1,6,0,303
4.5,1,6,1,304
4.5,1,6,2,305
4.5,1,6,3,306
4.5,1,6,4,307
4.5,1,6,5,308
4.5,1,6,6,309
4.5,1,6,7,310
4.5,1,6,8,311
4.5,1,6,9,312
4.5,1,6,10,313
4.5,1,6,11,314
4.5,1,6,12,315
4.5,1,6,13,316
4.5,1,6,14,317
4.5,1,6,15,318
4.5,1,7,0,304
4.5,1,7,1,305
4.5,1,7,2,306
4.5,1,7,3,307
4.5,1,7,4,308
4.5,1,7,5,309
4.5,1,7,6,310
4.5,1,7,7,311
4.5,1,7,8,312
4.5,1,7,9,313
4.5,1,7,10,314
4.5,1,7,11,315
4.5,1,7,12,316
4.5,1,7,13,317
4.5,1,7,14,318
4.5,1,7,15,319
4.5,1,8,0,305
4.5,1,8,1,306
4.5,1,8,2,307
4.5,1,8,3,308
4.5,1,8,4,309
4.5,1,8,5,310
4.5,1,8,6,311
4.5,1,8,7,312
4.5,1,8,8,313
4.5,1,8,9,314
4.5,1,8,10,315
4.5,1,8,11,316
4.5,1,8,12,317
4.5,1,8,13,318
4.5,1,8,14,319
4.5,1,8,15,320
4.5,1,9,0,306
4.5,1,9,1,307
4.5,1,9,2,308
4.5,1,9,3,309
4.5,1,9,4,310
4.5,1,9,5,311
4.5,1,9,6,312
4.5,1,9,7,313
4.5,1,9,8,314
4.5,1,9,9,315
4.5,1,9,10,316
4.5,1,9,11,317
4.5,1,9,12,318
4.5,1,9,13,319
4.5,1,9,14,320
4.5,1,9,15,321
4.5,1,10,0,307
4.5,1,10,1,308
4.5,1,10,2,309
4.5,1,10,3,310
4.5,1,10,4,311
4.5,1,10,5,312
4.5,1,10,6,313
4.5,1,10,7,314
4.5,1,10,8,315
4.5,1,10,9,316
4.5,1,10,10,317
4.5,1,10,11,318
4.5,1,10,12,319
4.5,1,10,13,320
4.5,1,10,14,321
4.5,1,10,15,322
4.5,1,11,0,308
4.5,1,11,1,309
4.5,1,11,2,310
4.5,1,11,3,311
4.5,1,11,4,312
4.5,1,11,5,313
4.5,1,11,6,314
4.5,1,11,7,315
4.5,1,11,8,316
4.5,1,11,9,317
4.5,1,11,10,318
4.5,1,11,11,319
4.5,1,11,12,320
4.5,1,11,13,321
4.5,1,11,14,322
4.5,1,11,15,323
4.5,1,12,0,309
4.5,1,12,1,310
4.5,1,12,2,311
4.5,1,12,3,312
4.5,1,12,4,313
4.5,1,12,5,314
4.5,1,12,6,315
4.5,1,12,7,316
4.5,1,12,8,317
4.5,1,12,9,318
4.5,1,12,10,319
4.5,1,12,11,320
4.5,1,12,12,321
4.5,1,12,13,322
4.5,1,12,14,323
4.5,1,12,15,324
4.5,1,13,0,310
4.5,1,13,1,311
4.5,1,13,2,312
4.5,1,13,3,313
4.5,1,13,4,314
4.5,1,13,5,315
4.5,1,13,6,316
4.5,1,13,7,317
4.5,1,13,8,318
4.5,1,13,9,319
4.5,1,13,10,320
4.5,1,13,11,321
4.5,1,13,12,322
4.5,1,13,13,323
4.5,1,13,14,324
4.5,1,13,15,325
4.5,1,14,0,311
4.5,1,14,1,312
4.5,1,14,2,313
4.5,1,14,3,314
4.5,1,14,4,315
4.5,1,14,5,316
4.5,1,14,6,317
4.5,1,14,7,318
4.5,1,14,8,319
4.5,1,14,9,320
4.5,1,14,10,321
4.5,1,14,11,322
4.5,1,14,12,323
4.5,1,14,13,324
4.5,1,14,14,325
4.5,1,14,15,326
4.5,1,15,0,312
4.5,1,15,1,313
4.5,1,15,2,314
4.5,1,15,3,315
4.5,1,15,4,316
4.5,1,15,5,317
4.5,1,15,6,318
4.5,1,15,7,319
4.5,1,15,8,320
4.5,1,15,9,321
4.5,1,15,10,322
4.5,1,15,11,323
4.5,1,15,12,324
4.5,1,15,13,325
4.5,1,15,14,326
4.5,1,15,15,327
4.5,2,0,0,299
4.5,2,0,1,300
4.5,2,0,2,300
4.5,2,0,3,301
4.5,2,0,4,302
4.5,2,0,5,303
4.5,2,0,6,304
4.5,2,0,7,305
4.5,2,0,8,306
4.5,2,0,9,307
4.5,2,0,10,308
4.5,2,0,11,309
4.5,2,0,12,310
4.5,2,0,13,311
4.5,2,0,14,312
4.5,2,0,15,313
4.5,2,1,0,300
4.5,2,1,1,301
4.5,2,1,2,301
4.5,2,1,3,302
4.5,2,1,4,303
4.5,2,1,5,304
4.5,2,1,6,305
4.5,2,1,7,306
4.5,2,1,8,307
4.5,2,1,9,308
4.5,2,1,10,309
4.5,2,1,11,310
4.5,2,1,12,311
4.5,2,1,13,312
4.5,2,1,14,313
4.5,2,1,15,314
4.5,2,2,0,301
4.5,2,2,1,302
4.5,2,2,2,302
4.5,2,2,3,303
4.5,2,2,4,304
4.5,2,2,5,305
4.5,2,2,6,306
4.5,2,2,7,307
4.5,2,2,8,308
4.5,2,2,9,309
4.5,2,2,10,310
4.5,2,2,11,311
4.5,2,2,12,312
4.5,2,2,13,313
4.5,2,2,14,314
4.5,2,2,15,315
4.5,2,3,0,302
4.5,2,3,1,303
4.5,2,3,2,303
4.5,2,3,3,304
4.5,2,3,4,305
4.5,2,3,5,306
4.5,2,3,6,307
4.5,2,3,7,308
4.5,2,3,8,309
4.5,2,3,9,310
4.5,2,3,10,311
4.5,2,3,11,312
4.5,2,3,12,313
4.5,2,3,13,314
4.5,2,3,14,315
4.5,2,3,15,316
4.5,2,4,0,303
4.5,2,4,1,304
4.5,2,4,2,304
4.5,2,4,3,305
4.5,2,4,4,306
4.5,2,4,5,307
4.5,2,4,6,308
4.5,2,4,7,309
4.5,2,4,8,310
4.5,2,4,9,311
4.5,2,4,10,312
4.5,2,4,11,313
4.5,2,4,12,314
4.5,2,4,13,315
4.5,2,4,14,316
4.5,2,4,15,317
4.5,2,5,0,304
4.5,2,5,1,304
4.5,2,5,2,305
4.5,2,5,3,306
4.5,2,5,4,307
4.5,2,5,5,308
4.5,2,5,6,309
4.5,2,5,7,310
4.5,2,5,8,311
4.5,2,5,9,312
4.5,2,5,10,313
4.5,2,5,11,314
4.5,2,5,12,315
4.5,2,5,13,316
4.5,2,5,14,317
4.5,2,5,15,318
4.5,2,6,0,304
4.5,2,6,1,305
4.5,2,6,2,306
4.5,2,6,3,307
4.5,2,6,4,308
4.5,2,6,5,309
4.5,2,6,6,310
4.5,2,6,7,311
4.5,2,6,8,312
4.5,2,6,9,313
4.5,2,6,10,314
4.5,2,6,11,315
4.5,2,6,12,316
4.5,2,6,13,317
4.5,2,6,14,318
4.5,2,6,15,319
4.5,2,7,0,305
4.5,2,7,1,306
4.5,2,7,2,307
4.5,2,7,3,308
4.5,2,7,4,309
4.5,2,7,5,310
4.5,2,7,6,311
4.5,2,7,7,312
4.5,2,7,8,313
4.5,2,7,9,314
4.5,2,7,10,315
4.5,2,7,11,316
4.5,2,7,12,317
4.5,2,7,13,318
4.5,2,7,14,319
4.5,2,7,15,320
4.5,2,8,0,306
4.5,2,8,1,307
4.5,2,8,2,308
4.5,2,8,3,309
4.5,2,8,4,310
4.5,2,8,5,311
4.5,2,8,6,312
4.5,2,8,7,313
4.5,2,8,8,314
4.5,2,8,9,315
4.5,2,8,10,316
4.5,2,8,11,317
4.5,2,8,12,318
4.5,2,8,13,319
4.5,2,8,14,320
4.5,2,8,15,321
4.5,2,9,0,307
4.5,2,9,1,308
4.5,2,9,2,309
4.5,2,9,3,310
4.5,2,9,4,311
4.5,2,9,5,312
4.5,2,9,6,313
4.5,2,9,7,314
4.5,2,9,8,315
4.5,2,9,9,316
4.5,2,9,10,317
4.5,2,9,11,318
4.5,2,9,12,319
4.5,2,9,13,320
4.5,2,9,14,321
4.5,2,9,15,322
4.5,2,10,0,308
4.5,2,10,1,309
4.5,2,10,2,310
4.5,2,10,3,311
4.5,2,10,4,312
4.5,2,10,5,313
4.5,2,10,6,314
4.5,2,10,7,315
4.5,2,10,8,316
4.5,2,10,9,317
4.5,2,10,10,318
4.5,2,10,11,319
4.5,2,10,12,320
4.5,2,10,13,321
4.5,2,10,14,322
4.5,2,10,15,323
4.5,2,11,0,309
4.5,2,11,1,310
4.5,2,11,2,311
4.5,2,11,3,312
4.5,2,11,4,313
4.5,2,11,5,314
4.5,2,11,6,315
4.5,2,11,7,316
4.5,2,11,8,317
4.5,2,11,9,318
4.5,2,11,10,319
4.5,2,11,11,320
4.5,2,11,12,321
4.5,2,11,13,322
4.5,2,11,14,323
4.5,2,11,15,324
4.5,2,12,0,310
4.5,2,12,1,311
4.5,2,12,2,312
4.5,2,12,3,313
4.5,2,12,4,314
4.5,2,12,5,315
4.5,2,12,6,316
4.5,2,12,7,317
4.5,2,12,8,318
4.5,2,12,9,319
4.5,2,12,10,320
4.5,2,12,11,321
4.5,2,12,12,322
4.5,2,12,13,323
4.5,2,12,14,324
4.5,2,12,15,325
4.5,2,13,0,311
4.5,2,13,1,312
4.5,2,13,2,313
4.5,2,13,3,314
4.5,2,13,4,315
4.5,2,13,5,316
4.5,2,13,6,317
4.5,2,13,7,318
4.5,2,13,8,319
4.5,2,13,9,320
4.5,2,13,10,321
4.5,2,13,11,322
4.5,2,13,12,323
4.5,2,13,13,324
4.5,2,13,14,325
4.5,2,13,15,326
4.5,2,14,0,312
4.5,2,14,1,313
4.5,2,14,2,314
4.5,2,14,3,315
4.5,2,14,4,316
4.5,2,14,5,317
4.5,2,14,6,318
4.5,2,14,7,319
4.5,2,14,8,320
4.5,2,14,9,321
4.5,2,14,10,322
4.5,2,14,11,323
4.5,2,14,12,324
4.5,2,14,13,325
4.5,2,14,14,326
4.5,2,14,15,327
4.5,2,15,0,313
4.5,2,15,1,314
4.5,2,15,2,315
4.5,2,15,3,316
4.5,2,15,4,317
4.5,2,15,5,318
4.5,2,15,6,319
4.5,2,15,7,320
4.5,2,15,8,321
4.5,2,15,9,322
4.5,2,15,10,323
4.5,2,15,11,324
4.5,2,15,12,325
4.5,2,15,13,326
4.5,2,15,14,327
4.5,2,15,15,328
4.5,3,0,0,300
4.5,3,0,1,301
4.5,3,0,2,302
4.5,3,0,3,303
4.5,3,0,4,304
4.5,3,0,5,304
4.5,3,0,6,305
4.5,3,0,7,306
4.5,3,0,8,307
4.5,3,0,9,308
4.5,3,0,10,309
4.5,3,0,11,310
4.5,3,0,12,311
4.5,3,0,13,312
4.5,3,0,14,313
4.5,3,0,15,314
4.5,3,1,0,301
4.5,3,1,1,302
4.5,3,1,2,303
4.5,3,1,3,304
4.5,3,1,4,305
4.5,3,1,5,305
4.5,3,1,6,306
4.5,3,1,7,307
4.5,3,1,8,308
4.5,3,1,9,309
4.5,3,1,10,310
4.5,3,1,11,311
4.5,3,1,12,312
4.5,3,1,13,313
4.5,3,1,14,314
4.5,3,1,15,315
4.5,3,2,0,302
4.5,3,2,1,303
4.5,3,2,2,304
4.5,3,2,3,305
4.5,3,2,4,306
4.5,3,2,5,307
4.5,3,2,6,307
4.5,3,2,7,308
4.5,3,2,8,309
4.5,3,2,9,310
4.5,3,2,10,311
4.5,3,2,11,312
4.5,3,2,12,313
4.5,3,2,13,314
4.5,3,2,14,315
4.5,3,2,15,316
4.5,3,3,0,303
4.5,3,3,1,304
4.5,3,3,2,305
4.5,3,3,3,306
4.5,3,3,4,307
4.5,3,3,5,308
4.5,3,3,6,308
4.5,3,3,7,309
4.5,3,3,8,310
4.5,3,3,9,311
4.5,3,3,10,312
4.5,3,3,11,313
4.5,3,3,12,314
4.5,3,3,13,315
4.5,3,3,14,316
4.5,3,3,15,317
4.5,3,4,0,304
4.5,3,4,1,305
4.5,3,4,2,306
4.5,3,4,3,307
4.5,3,4,4,308
4.5,3,4,5,309
4.5,3,4,6,310
4.5,3,4,7,310
4.5,3,4,8,311
4.5,3,4,9,312
4.5,3,4,10,313
4.5,3,4,11,314
4.5,3,4,12,315
4.5,3,4,13,316
4.5,3,4,14,317
4.5,3,4,15,318
4.5,3,5,0,305
4.5,3,5,1,306
4.5,3,5,2,307
4.5,3,5,3,308
4.5,3,5,4,309
4.5,3,5,5,310
4.5,3,5,6,311
4.5,3,5,7,311
4.5,3,5,8,312
4.5,3,5,9,313
4.5,3,5,10,314
4.5,3,5,11,315
4.5,3,5,12,316
4.5,3,5,13,317
4.5,3,5,14,318
4.5,3,5,15,319
4.5,3,6,0,306
4.5,3,6,1,307
4.5,3,6,2,308
4.5,3,6,3,309
4.5,3,6,4,310
4.5,3,6,5,311
4.5,3,6,6,312
4.5,3,6,7,312
4.5,3,6,8,313
4.5,3,6,9,314
4.5,3,6,10,315
4.5,3,6,11,316
4.5,3,6,12,317
4.5,3,6,13,318
4.5,3,6,14,319
4.5,3,6,15,320
4.5,3,7,0,307
4.5,3,7,1,308
4.5,3,7,2,309
4.5,3,7,3,310
4.5,3,7,4,311
4.5,3,7,5,312
4.5,3,7,6,313
4.5,3,7,7,314
4.5,3,7,8,314
4.5,3,7,9,315
4.5,3,7,10,316
4.5,3,7,11,317
4.5,3,7,12,318
4.5,3,7,13,319
4.5,3,7,14,320
4.5,3,7,15,321
4.5,3,8,0,308
4.5,3,8,1,309
4.5,3,8,2,310
4.5,3,8,3,311
4.5,3,8,4,312
4.5,3,8,5,313
4.5,3,8,6,314
4.5,3,8,7,315
4.5,3,8,8,315
4.5,3,8,9,316
4.5,3,8,10,317
4.5,3,8,11,318
4.5,3,8,12,319
4.5,3,8,13,320
4.5,3,8,14,321
4.5,3,8,15,322
4.5,3,9,0,309
4.5,3,9,1,310
4.5,3,9,2,311
4.5,3,9,3,312
4.5,3,9,4,313
4.5,3,9,5,314
4.5,3,9,6,315
4.5,3,9,7,316
4.5,3,9,8,316
4.5,3,9,9,317
4.5,3,9,10,318
4.5,3,9,11,319
4.5,3,9,12,320
4.5,3,9,13,321
4.5,3,9,14,322
4.5,3,9,15,323
4.5,3,10,0,310
4.5,3,10,1,311
4.5,3,10,2,312
4.5,3,10,3,313
4.5,3,10,4,314
4.5,3,10,5,315
4.5,3,10,6,316
4.5,3,10,7,317
4.5,3,10,8,317
4.5,3,10,9,318
4.5,3,10,10,319
4.5,3,10,11,320
4.5,3,10,12,321
4.5,3,10,13,322
4.5,3,10,14,323
4.5,3,10,15,324
4.5,3,11,0,311
4.5,3,11,1,312
4.5,3,11,2,313
4.5,3,11,3,314
4.5,3,11,4,315
4.5,3,11,5,316
4.5,3,11,6,317
4.5,3,11,7,318
4.5,3,11,8,318
4.5,3,11,9,319
4.5,3,11,10,320
4.5,3,11,11,321
4.5,3,11,12,322
4.5,3,11,13,323
4.5,3,11,14,324
4.5,3,11,15,325
4.5,3,12,0,312
4.5,3,12,1,313
4.5,3,12,2,314
4.5,3,12,3,315
4.5,3,12,4,316
4.5,3,12,5,317
4.5,3,12,6,318
4.5,3,12,7,318
4.5,3,12,8,319
4.5,3,12,9,320
4.5,3,12,10,321
4.5,3,12,11,322
4.5,3,12,12,323
4.5,3,12,13,324
4.5,3,12,14,325
4.5,3,12,15,326
4.5,3,13,0,312
4.5,3,13,1,314
4.5,3,13,2,315
4.5,3,13,3,316
4.5,3,13,4,317
4.5,3,13,5,318
4.5,3,13,6,318
4.5,3,13,7,319
4.5,3,13,8,320
4.5,3,13,9,321
4.5,3,13,10,322
4.5,3,13,11,323
4.5,3,13,12,324
4.5,3,13,13,325
4.5,3,13,14,326
4.5,3,13,15,327
4.5,3,14,0,313
4.5,3,14,1,314
4.5,3,14,2,315
4.5,3,14,3,316
4.5,3,14,4,317
4.5,3,14,5,318
4.5,3,14,6,319
4.5,3,14,7,320
4.5,3,14,8,321
4.5,3,14,9,322
4.5,3,14,10,323
4.5,3,14,11,324
4.5,3,14,12,325
4.5,3,14,13,326
4.5,3,14,14,327
4.5,3,14,15,328
4.5,3,15,0,314
4.5,3,15,1,315
4.5,3,15,2,316
4.5,3,15,3,317
4.5,3,15,4,318
4.5,3,15,5,319
4.5,3,15,6,320
4.5,3,15,7,321
4.5,3,15,8,322
4.5,3,15,9,323
4.5,3,15,10,324
4.5,3,15,11,325
4.5,3,15,12,326
4.5,3,15,13,327
4.5,3,15,14,328
4.5,3,15,15,329
4.5,4,0,0,301
4.5,4,0,1,302
4.5,4,0,2,303
4.5,4,0,3,304
4.5,4,0,4,305
4.5,4,0,5,306
4.5,4,0,6,307
4.5,4,0,7,308
4.5,4,0,8,308
4.5,4,0,9,309
4.5,4,0,10,310
4.5,4,0,11,311
4.5,4,0,12,312
4.5,4,0,13,313
4.5,4,0,14,314
4.5,4,0,15,315
4.5,4,1,0,302
4.5,4,1,1,303
4.5,4,1,2,304
4.5,4,1,3,305
4.5,4,1,4,306
4.5,4,1,5,307
4.5,4,1,6,308
4.5,4,1,7,309
4.5,4,1,8,310
4.5,4,1,9,310
4.5,4,1,10,311
4.5,4,1,11,312
4.5,4,1,12,313
4.5,4,1,13,314
4.5,4,1,14,315
4.5,4,1,15,316
4.5,4,2,0,303
4.5,4,2,1,304
4.5,4,2,2,305
4.5,4,2,3,306
4.5,4,2,4,307
4.5,4,2,5,308
4.5,4,2,6,309
4.5,4,2,7,310
4.5,4,2,8,311
4.5,4,2,9,312
4.5,4,2,10,312
4.5,4,2,11,313
4.5,4,2,12,314
4.5,4,2,13,315
4.5,4,2,14,316
4.5,4,2,15,317
4.5,4,3,0,304
4.5,4,3,1,305
4.5,4,3,2,306
4.5,4,3,3,307
4.5,4,3,4,308
4.5,4,3,5,309
4.5,4,3,6,310
4.5,4,3,7,311
4.5,4,3,8,312
4.5,4,3,9,313
4.5,4,3,10,313
4.5,4,3,11,314
4.5,4,3,12,315
4.5,4,3,13,316
4.5,4,3,14,317
4.5,4,3,15,318
4.5,4,4,0,305
4.5,4,4,1,306
4.5,4,4,2,307
4.5,4,4,3,308
4.5,4,4,4,309
4.5,4,4,5,310
4.5,4,4,6,311
4.5,4,4,7,312
4.5,4,4,8,313
4.5,4,4,9,314
4.5,4,4,10,315
4.5,4,4,11,315
4.5,4,4,12,316
4.5,4,4,13,317
4.5,4,4,14,318
4.5,4,4,15,319
4.5,4,5,0,306
4.5,4,5,1,307
4.5,4,5,2,308
4.5,4,5,3,309
4.5,4,5,4,310
4.5,4,5,5,311
4.5,4,5,6,312
4.5,4,5,7,313
4.5,4,5,8,314
4.5,4,5,9,315
4.5,4,5,10,316
4.5,4,5,11,317
4.5,4,5,12,317
4.5,4,5,13,318
4.5,4,5,14,319
4.5,4,5,15,320
4.5,4,6,0,307
4.5,4,6,1,308
4.5,4,6,2,309
4.5,4,6,3,310
4.5,4,6,4,311
4.5,4,6,5,312
4.5,4,6,6,313
4.5,4,6,7,314
4.5,4,6,8,315
4.5,4,6,9,316
4.5,4,6,10,317
4.5,4,6,11,318
4.5,4,6,12,318
4.5,4,6,13,319
4.5,4,6,14,320
4.5,4,6,15,321
4.5,4,7,0,308
4.5,4,7,1,309
4.5,4,7,2,310
4.5,4,7,3,311
4.5,4,7,4,312
4.5,4,7,5,313
4.5,4,7,6,314
4.5,4,7,7,315
4.5,4,7,8,316
4.5,4,7,9,317
4.5,4,7,10,318
4.5,4,7,11,319
4.5,4,7,12,320
4.5,4,7,13,320
4.5,4,7,14,321
4.5,4,7,15,322
4.5,4,8,0,309
4.5,4,8,1,310
4.5,4,8,2,311
4.5,4,8,3,312
4.5,4,8,4,313
4.5,4,8,5,314
4.5,4,8,6,315
4.5,4,8,7,316
4.5,4,8,8,317
4.5,4,8,9,318
4.5,4,8,10,319
4.5,4,8,11,320
4.5,4,8,12,321
4.5,4,8,13,322
4.5,4,8,14,322
4.5,4,8,15,323
4.5,4,9,0,310
4.5,4,9,1,311
4.5,4,9,2,312
4.5,4,9,3,313
4.5,4,9,4,314
4.5,4,9,5,315
4.5,4,9,6,316
4.5,4,9,7,317
4.5,4,9,8,318
4.5,4,9,9,319
4.5,4,9,10,320
4.5,4,9,11,321
4.5,4,9,12,322
4.5,4,9,13,323
4.5,4,9,14,323
4.5,4,9,15,324
4.5,4,10,0,311
4.5,4,10,1,312
4.5,4,10,2,313
4.5,4,10,3,314
4.5,4,10,4,315
4.5,4,10,5,316
4.5,4,10,6,317
4.5,4,10,7,318
4.5,4,10,8,319
4.5,4,10,9,320
4.5,4,10,10,321
4.5,4,10,11,322
4.5,4,10,12,323
4.5,4,10,13,324
4.5,4,10,14,325
4.5,4,10,15,325
4.5,4,11,0,312
4.5,4,11,1,313
4.5,4,11,2,314
4.5,4,11,3,315
4.5,4,11,4,316
4.5,4,11,5,317
4.5,4,11,6,318
4.5,4,11,7,319
4.5,4,11,8,320
4.5,4,11,9,321
4.5,4,11,10,322
4.5,4,11,11,323
4.5,4,11,12,324
4.5,4,11,13,325
4.5,4,11,14,326
4.5,4,11,15,326
4.5,4,12,0,313
4.5,4,12,1,314
4.5,4,12,2,315
4.5,4,12,3,316
4.5,4,12,4,317
4.5,4,12,5,318
4.5,4,12,6,319
4.5,4,12,7,320
4.5,4,12,8,321
4.5,4,12,9,322
4.5,4,12,10,323
4.5,4,12,11,324
4.5,4,12,12,325
4.5,4,12,13,326
4.5,4,12,14,327
4.5,4,12,15,328
4.5,4,13,0,314
4.5,4,13,1,315
4.5,4,13,2,316
4.5,4,13,3,317
4.5,4,13,4,318
4.5,4,13,5,319
4.5,4,13,6,320
4.5,4,13,7,321
4.5,4,13,8,322
4.5,4,13,9,323
4.5,4,13,10,324
4.5,4,13,11,325
4.5,4,13,12,326
4.5,4,13,13,327
4.5,4,13,14,328
4.5,4,13,15,329
4.5,4,14,0,315
4.5,4,14,1,316
4.5,4,14,2,317
4.5,4,14,3,318
4.5,4,14,4,319
4.5,4,14,5,320
4.5,4,14,6,321
4.5,4,14,7,322
4.5,4,14,8,323
4.5,4,14,9,324
4.5,4,14,10,325
4.5,4,14,11,326
4.5,4,14,12,327
4.5,4,14,13,328
4.5,4,14,14,329
4.5,4,14,15,330
4.5,4,15,0,316
4.5,4,15,1,317
4.5,4,15,2,318
4.5,4,15,3,319
4.5,4,15,4,320
4.5,4,15,5,321
4.5,4,15,6,322
4.5,4,15,7,323
4.5,4,15,8,324
4.5,4,15,9,325
4.5,4,15,10,326
4.5,4,15,11,327
4.5,4,15,12,328
4.5,4,15,13,329
4.5,4,15,14,330
4.5,4,15,15,331
4.5,5,0,0,302
4.5,5,0,1,303
4.5,5,0,2,304
4.5,5,0,3,305
4.5,5,0,4,306
4.5,5,0,5,307
4.5,5,0,6,308
4.5,5,0,7,309
4.5,5,0,8,310
4.5,5,0,9,311
4.5,5,0,10,312
4.5,5,0,11,312
4.5,5,0,12,313
4.5,5,0,13,314
4.5,5,0,14,315
4.5,5,0,15,316
4.5,5,1,0,303
4.5,5,1,1,304
4.5,5,1,2,305
4.5,5,1,3,306
4.5,5,1,4,307
4.5,5,1,5,308
4.5,5,1,6,309
4.5,5,1,7,310
4.5,5,1,8,311
4.5,5,1,9,312
4.5,5,1,10,313
4.5,5,1,11,314
4.5,5,1,12,314
4.5,5,1,13,315
4.5,5,1,14,316
4.5,5,1,15,317
4.5,5,2,0,304
4.5,5,2,1,305
4.5,5,2,2,306
4.5,5,2,3,307
4.5,5,2,4,308
4.5,5,2,5,309
4.5,5,2,6,310
4.5,5,2,7,311
4.5,5,2,8,312
4.5,5,2,9,313
4.5,5,2,10,314
4.5,5,2,11,315
4.5,5,2,12,316
4.5,5,2,13,316
4.5,5,2,14,317
4.5,5,2,15,318
4.5,5,3,0,305
4.5,5,3,1,306
4.5,5,3,2,307
4.5,5,3,3,308
4.5,5,3,4,309
4.5,5,3,5,310
4.5,5,3,6,311
4.5,5,3,7,312
4.5,5,3,8,313
4.5,5,3,9,314
4.5,5,3,10,315
4.5,5,3,11,316
4.5,5,3,12,317
4.5,5,3,13,318
4.5,5,3,14,318
4.5,5,3,15,319
4.5,5,4,0,306
4.5,5,4,1,307
4.5,5,4,2,308
4.5,5,4,3,309
4.5,5,4,4,310
4.5,5,4,5,311
4.5,5,4,6,312
4.5,5,4,7,313
4.5,5,4,8,314
4.5,5,4,9,315
4.5,5,4,10,316
4.5,5,4,11,317
4.5,5,4,12,318
4.5,5,4,13,319
4.5,5,4,14,320
4.5,5,4,15,320
4.5,5,5,0,307
4.5,5,5,1,308
4.5,5,5,2,309
4.5,5,5,3,310
4.5,5,5,4,311
4.5,5,5,5,312
4.5,5,5,6,313
4.5,5,5,7,314
4.5,5,5,8,315
4.5,5,5,9,316
4.5,5,5,10,317
4.5,5,5,11,318
4.5,5,5,12,319
4.5,5,5,13,320
4.5,5,5,14,321
4.5,5,5,15,322
4.5,5,6,0,308
4.5,5,6,1,309
4.5,5,6,2,310
4.5,5,6,3,311
4.5,5,6,4,312
4.5,5,6,5,313
4.5,5,6,6,314
4.5,5,6,7,315
4.5,5,6,8,316
4.5,5,6,9,317
4.5,5,6,10,318
4.5,5,6,11,319
4.5,5,6,12,320
4.5,5,6,13,321
4.5,5,6,14,322
4.5,5,6,15,323
4.5,5,7,0,309
4.5,5,7,1,310
4.5,5,7,2,311
4.5,5,7,3,312
4.5,5,7,4,313
4.5,5,7,5,314
4.5,5,7,6,315
4.5,5,7,7,316
4.5,5,7,8,317
4.5,5,7,9,318
4.5,5,7,10,319
4.5,5,7,11,320
4.5,5,7,12,321
4.5,5,7,13,322
4.5,5,7,14,323
4.5,5,7,15,324
4.5,5,8,0,310
4.5,5,8,1,311
4.5,5,8,2,312
4.5,5,8,3,313
4.5,5,8,4,314
4.5,5,8,5,315
4.5,5,8,6,316
4.5,5,8,7,317
4.5,5,8,8,318
4.5,5,8,9,319
4.5,5,8,10,320
4.5,5,8,11,321
4.5,5,8,12,322
4.5,5,8,13,323
4.5,5,8,14,324
4.5,5,8,15,325
4.5,5,9,0,311
4.5,5,9,1,312
4.5,5,9,2,313
4.5,5,9,3,314
4.5,5,9,4,315
4.5,5,9,5,316
4.5,5,9,6,317
4.5,5,9,7,318
4.5,5,9,8,319
4.5,5,9,9,320
4.5,5,9,10,321
4.5,5,9,11,322
4.5,5,9,12,323
4.5,5,9,13,324
4.5,5,9,14,325
4.5,5,9,15,326
4.5,5,10,0,312
4.5,5,10,1,313
4.5,5,10,2,314
4.5,5,10,3,315
4.5,5,10,4,316
4.5,5,10,5,317
4.5,5,10,6,318
4.5,5,10,7,319
4.5,5,10,8,320
4.5,5,10,9,321
4.5,5,10,10,322
4.5,5,10,11,323
4.5,5,10,12,324
4.5,5,10,13,325
4.5,5,10,14,326
4.5,5,10,15,327
4.5,5,11,0,313
4.5,5,11,1,314
4.5,5,11,2,315
4.5,5,11,3,316
4.5,5,11,4,317
4.5,5,11,5,318
4.5,5,11,6,319
4.5,5,11,7,320
4.5,5,11,8,321
4.5,5,11,9,322
4.5,5,11,10,323
4.5,5,11,11,324
4.5,5,11,12,325
4.5,5,11,13,326
4.5,5,11,14,327
4.5,5,11,15,328
4.5,5,12,0,314
4.5,5,12,1,315
4.5,5,12,2,316
4.5,5,12,3,317
4.5,5,12,4,318
4.5,5,12,5,319
4.5,5,12,6,320
4.5,5,12,7,321
4.5,5,12,8,322
4.5,5,12,9,323
4.5,5,12,10,324
4.5,5,12,11,325
4.5,5,12,12,326
4.5,5,12,13,327
4.5,5,12,14,328
4.5,5,12,15,329
4.5,5,13,0,315
4.5,5,13,1,316
4.5,5,13,2,317
4.5,5,13,3,318
4.5,5,13,4,319
4.5,5,13,5,320
4.5,5,13,6,321
4.5,5,13,7,322
4.5,5,13,8,323
4.5,5,13,9,324
4.5,5,13,10,325
4.5,5,13,11,326
4.5,5,13,12,327
4.5,5,13,13,328
4.5,5,13,14,329
4.5,5,13,15,330
4.5,5,14,0,316
4.5,5,14,1,317
4.5,5,14,2,318
4.5,5,14,3,319
4.5,5,14,4,320
4.5,5,14,5,321
4.5,5,14,6,322
4.5,5,14,7,323
4.5,5,14,8,324
4.5,5,14,9,325
4.5,5,14,10,326
4.5,5,14,11,327
4.5,5,14,12,328
4.5,5,14,13,329
4.5,5,14,14,330
4.5,5,14,15,331
4.5,5,15,0,317
4.5,5,15,1,318
4.5,5,15,2,319
4.5,5,15,3,320
4.5,5,15,4,321
4.5,5,15,5,322
4.5,5,15,6,323
4.5,5,15,7,324
4.5,5,15,8,325
4.5,5,15,9,326
4.5,5,15,10,327
4.5,5,15,11,328
4.5,5,15,12,329
4.5,5,15,13,330
4.5,5,15,14,331
4.5,5,15,15,332
4.5,6,0,0,303
4.5,6,0,1,304
4.5,6,0,2,305
4.5,6,0,3,306
4.5,6,0,4,307
4.5,6,0,5,308
4.5,6,0,6,309
4.5,6,0,7,310
4.5,6,0,8,311
4.5,6,0,9,312
4.5,6,0,10,313
4.5,6,0,11,314
4.5,6,0,12,315
4.5,6,0,13,316
4.5,6,0,14,316
4.5,6,0,15,317
4.5,6,1,0,304
4.5,6,1,1,305
4.5,6,1,2,306
4.5,6,1,3,307
4.5,6,1,4,308
4.5,6,1,5,309
4.5,6,1,6,310
4.5,6,1,7,311
4.5,6,1,8,312
4.5,6,1,9,313
4.5,6,1,10,314
4.5,6,1,11,315
4.5,6,1,12,316
4.5,6,1,13,317
4.5,6,1,14,318
4.5,6,1,15,319
4.5,6,2,0,305
4.5,6,2,1,306
4.5,6,2,2,307
4.5,6,2,3,308
4.5,6,2,4,309
4.5,6,2,5,310
4.5,6,2,6,311
4.5,6,2,7,312
4.5,6,2,8,313
4.5,6,2,9,314
4.5,6,2,10,315
4.5,6,2,11,316
4.5,6,2,12,317
4.5,6,2,13,318
4.5,6,2,14,319
4.5,6,2,15,320
4.5,6,3,0,306
4.5,6,3,1,307
4.5,6,3,2,308
4.5,6,3,3,309
4.5,6,3,4,310
4.5,6,3,5,311
4.5,6,3,6,312
4.5,6,3,7,313
4.5,6,3,8,314
4.5,6,3,9,315
4.5,6,3,10,316
4.5,6,3,11,317
4.5,6,3,12,318
4.5,6,3,13,319
4.5,6,3,14,320
4.5,6,3,15,321
4.5,6,4,0,307
4.5,6,4,1,308
4.5,6,4,2,309
4.5,6,4,3,310
4.5,6,4,4,311
4.5,6,4,5,312
4.5,6,4,6,313
4.5,6,4,7,314
4.5,6,4,8,315
4.5,6,4,9,316
4.5,6,4,10,317
4.5,6,4,11,318
4.5,6,4,12,319
4.5,6,4,13,320
4.5,6,4,14,321
4.5,6,4,15,322
4.5,6,5,0,308
4.5,6,5,1,309
4.5,6,5,2,310
4.5,6,5,3,311
4.5,6,5,4,312
4.5,6,5,5,313
4.5,6,5,6,314
4.5,6,5,7,315
4.5,6,5,8,316
4.5,6,5,9,317
4.5,6,5,10,318
4.5,6,5,11,319
4.5,6,5,12,320
4.5,6,5,13,321
4.5,6,5,14,322
4.5,6,5,15,323
4.5,6,6,0,309
4.5,6,6,1,310
4.5,6,6,2,311
4.5,6,6,3,312
4.5,6,6,4,313
4.5,6,6,5,314
4.5,6,6,6,315
4.5,6,6,7,316
4.5,6,6,8,317
4.5,6,6,9,318
4.5,6,6,10,319
4.5,6,6,11,320
4.5,6,6,12,321
4.5,6,6,13,322
4.5,6,6,14,323
4.5,6,6,15,324
4.5,6,7,0,310
4.5,6,7,1,311
4.5,6,7,2,312
4.5,6,7,3,313
4.5,6,7,4,314
4.5,6,7,5,315
4.5,6,7,6,316
4.5,6,7,7,317
4.5,6,7,8,318
4.5,6,7,9,319
4.5,6,7,10,320
4.5,6,7,11,321
4.5,6,7,12,322
4.5,6,7,13,323
4.5,6,7,14,324
4.5,6,7,15,325
4.5,6,8,0,311
4.5,6,8,1,312
4.5,6,8,2,313
4.5,6,8,3,314
4.5,6,8,4,315
4.5,6,8,5,316
4.5,6,8,6,317
4.5,6,8,7,318
4.5,6,8,8,319
4.5,6,8,9,320
4.5,6,8,10,321
4.5,6,8,11,322
4.5,6,8,12,323
4.5,6,8,13,324
4.5,6,8,14,325
4.5,6,8,15,326
4.5,6,9,0,312
4.5,6,9,1,313
4.5,6,9,2,314
4.5,6,9,3,315
4.5,6,9,4,316
4.5,6,9,5,317
4.5,6,9,6,318
4.5,6,9,7,319
4.5,6,9,8,320
4.5,6,9,9,321
4.5,6,9,10,322
4.5,6,9,11,323
4.5,6,9,12,324
4.5,6,9,13,325
4.5,6,9,14,326
4.5,6,9,15,327
4.5,6,10,0,313
4.5,6,10,1,314
4.5,6,10,2,315
4.5,6,10,3,316
4.5,6,10,4,317
4.5,6,10,5,318
4.5,6,10,6,319
4.5,6,10,7,320
4.5,6,10,8,321
4.5,6,10,9,322
4.5,6,10,10,323
4.5,6,10,11,324
4.5,6,10,12,325
4.5,6,10,13,326
4.5,6,10,14,327
4.5,6,10,15,328
4.5,6,11,0,314
4.5,6,11,1,315
4.5,6,11,2,316
4.5,6,11,3,317
4.5,6,11,4,318
4.5,6,11,5,319
4.5,6,11,6,320
4.5,6,11,7,321
4.5,6,11,8,322
4.5,6,11,9,323
4.5,6,11,10,324
4.5,6,11,11,325
4.5,6,11,12,326
4.5,6,11,13,327
4.5,6,11,14,328
4.5,6,11,15,329
4.5,6,12,0,315
4.5,6,12,1,316
4.5,6,12,2,317
4.5,6,12,3,318
4.5,6,12,4,319
4.5,6,12,5,320
4.5,6,12,6,321
4.5,6,12,7,322
4.5,6,12,8,323
4.5,6,12,9,324
4.5,6,12,10,325
4.5,6,12,11,326
4.5,6,12,12,327
4.5,6,12,13,328
4.5,6,12,14,329
4.5,6,12,15,330
4.5,6,13,0,316
4.5,6,13,1,317
4.5,6,13,2,318
4.5,6,13,3,319
4.5,6,13,4,320
4.5,6,13,5,321
4.5,6,13,6,322
4.5,6,13,7,323
4.5,6,13,8,324
4.5,6,13,9,325
4.5,6,13,10,326
4.5,6,13,11,327
4.5,6,13,12,328
4.5,6,13,13,329
4.5,6,13,14,330
4.5,6,13,15,331
4.5,6,14,0,317
4.5,6,14,1,318
4.5,6,14,2,319
4.5,6,14,3,320
4.5,6,14,4,321
4.5,6,14,5,322
4.5,6,14,6,323
4.5,6,14,7,324
4.5,6,14,8,325
4.5,6,14,9,326
4.5,6,14,10,327
4.5,6,14,11,328
4.5,6,14,12,329
4.5,6,14,13,330
4.5,6,14,14,331
4.5,6,14,15,332
4.5,6,15,0,318
4.5,6,15,1,319
4.5,6,15,2,320
4.5,6,15,3,321
4.5,6,15,4,322
4.5,6,15,5,323
4.5,6,15,6,324
4.5,6,15,7,325
4.5,6,15,8,326
4.5,6,15,9,327
4.5,6,15,10,328
4.5,6,15,11,329
4.5,6,15,12,330
4.5,6,15,13,331
4.5,6,15,14,332
4.5,6,15,15,333
4.5,7,0,0,304
4.5,7,0,1,305
4.5,7,0,2,306
4.5,7,0,3,307
4.5,7,0,4,308
4.5,7,0,5,309
4.5,7,0,6,310
4.5,7,0,7,311
4.5,7,0,8,312
4.5,7,0,9,313
4.5,7,0,10,314
4.5,7,0,11,315
4.5,7,0,12,316
4.5,7,0,13,317
4.5,7,0,14,318
4.5,7,0,15,319
4.5,7,1,0,305
4.5,7,1,1,306
4.5,7,1,2,307
4.5,7,1,3,308
4.5,7,1,4,309
4.5,7,1,5,310
4.5,7,1,6,311
4.5,7,1,7,312
4.5,7,1,8,313
4.5,7,1,9,314
4.5,7,1,10,315
4.5,7,1,11,316
4.5,7,1,12,317
4.5,7,1,13,318
4.5,7,1,14,319
4.5,7,1,15,320
4.5,7,2,0,306
4.5,7,2,1,307
4.5,7,2,2,308
4.5,7,2,3,309
4.5,7,2,4,310
4.5,7,2,5,311
4.5,7,2,6,312
4.5,7,2,7,313
4.5,7,2,8,314
4.5,7,2,9,315
4.5,7,2,10,316
4.5,7,2,11,317
4.5,7,2,12,318
4.5,7,2,13,319
4.5,7,2,14,320
4.5,7,2,15,321
4.5,7,3,0,307
4.5,7,3,1,308
4.5,7,3,2,309
4.5,7,3,3,310
4.5,7,3,4,311
4.5,7,3,5,312
4.5,7,3,6,313
4.5,7,3,7,314
4.5,7,3,8,315
4.5,7,3,9,316
4.5,7,3,10,317
4.5,7,3,11,318
4.5,7,3,12,319
4.5,7,3,13,320
4.5,7,3,14,321
4.5,7,3,15,322
4.5,7,4,0,308
4.5,7,4,1,309
4.5,7,4,2,310
4.5,7,4,3,311
4.5,7,4,4,312
4.5,7,4,5,313
4.5,7,4,6,314
4.5,7,4,7,315
4.5,7,4,8,316
4.5,7,4,9,317
4.5,7,4,10,318
4.5,7,4,11,319
4.5,7,4,12,320
4.5,7,4,13,321
4.5,7,4,14,322
4.5,7,4,15,323
4.5,7,5,0,309
4.5,7,5,1,310
4.5,7,5,2,311
4.5,7,5,3,312
4.5,7,5,4,313
4.5,7,5,5,314
4.5,7,5,6,315
4.5,7,5,7,316
4.5,7,5,8,317
4.5,7,5,9,318
4.5,7,5,10,319
4.5,7,5,11,320
4.5,7,5,12,321
4.5,7,5,13,322
4.5,7,5,14,323
4.5,7,5,15,324
4.5,7,6,0,310
4.5,7,6,1,311
4.5,7,6,2,312
4.5,7,6,3,313
4.5,7,6,4,314
4.5,7,6,5,315
4.5,7,6,6,316
4.5,7,6,7,317
4.5,7,6,8,318
4.5,7,6,9,319
4.5,7,6,10,320
4.5,7,6,11,321
4.5,7,6,12,322
4.5,7,6,13,323
4.5,7,6,14,324
4.5,7,6,15,325
4.5,7,7,0,311
4.5,7,7,1,312
4.5,7,7,2,313
4.5,7,7,3,314
4.5,7,7,4,315
4.5,7,7,5,316
4.5,7,7,6,317
4.5,7,7,7,318
4.5,7,7,8,319
4.5,7,7,9,320
4.5,7,7,10,321
4.5,7,7,11,322
4.5,7,7,12,323
4.5,7,7,13,324
4.5,7,7,14,325
4.5,7,7,15,326
4.5,7,8,0,312
4.5,7,8,1,313
4.5,7,8,2,314
4.5,7,8,3,315
4.5,7,8,4,316
4.5,7,8,5,317
4.5,7,8,6,318
4.5,7,8,7,319
4.5,7,8,8,320
4.5,7,8,9,321
4.5,7,8,10,322
4.5,7,8,11,323
4.5,7,8,12,324
4.5,7,8,13,325
4.5,7,8,14,326
4.5,7,8,15,327
4.5,7,9,0,313
4.5,7,9,1,314
4.5,7,9,2,315
4.5,7,9,3,316
4.5,7,9,4,317
4.5,7,9,5,318
4.5,7,9,6,319
4.5,7,9,7,320
4.5,7,9,8,321
4.5,7,9,9,322
4.5,7,9,10,323
4.5,7,9,11,324
4.5,7,9,12,325
4.5,7,9,13,326
4.5,7,9,14,327
4.5,7,9,15,328
4.5,7,10,0,314
4.5,7,10,1,315
4.5,7,10,2,316
4.5,7,10,3,317
4.5,7,10,4,318
4.5,7,10,5,319
4.5,7,10,6,320
4.5,7,10,7,321
4.5,7,10,8,322
4.5,7,10,9,323
4.5,7,10,10,324
4.5,7,10,11,325
4.5,7,10,12,326
4.5,7,10,13,327
4.5,7,10,14,328
4.5,7,10,15,329
4.5,7,11,0,315
4.5,7,11,1,316
4.5,7,11,2,317
4.5,7,11,3,318
4.5,7,11,4,319
4.5,7,11,5,320
4.5,7,11,6,321
4.5,7,11,7,322
4.5,7,11,8,323
4.5,7,11,9,324
4.5,7,11,10,325
4.5,7,11,11,326
4.5,7,11,12,327
4.5,7,11,13,328
4.5,7,11,14,329
4.5,7,11,15,330
4.5,7,12,0,316
4.5,7,12,1,317
4.5,7,12,2,318
4.5,7,12,3,319
4.5,7,12,4,320
4.5,7,12,5,321
4.5,7,12,6,322
4.5,7,12,7,323
4.5,7,12,8,324
4.5,7,12,9,325
4.5,7,12,10,326
4.5,7,12,11,327
4.5,7,12,12,328
4.5,7,12,13,329
4.5,7,12,14,330
4.5,7,12,15,331
4.5,7,13,0,317
4.5,7,13,1,318
4.5,7,13,2,319
4.5,7,13,3,320
4.5,7,13,4,321
4.5,7,13,5,322
4.5,7,13,6,323
4.5,7,13,7,324
4.5,7,13,8,325
4.5,7,13,9,326
4.5,7,13,10,327
4.5,7,13,11,328
4.5,7,13,12,329
4.5,7,13,13,330
4.5,7,13,14,331
4.5,7,13,15,332
4.5,7,14,0,318
4.5,7,14,1,319
4.5,7,14,2,320
4.5,7,14,3,321
4.5,7,14,4,322
4.5,7,14,5,323
4.5,7,14,6,324
4.5,7,14,7,325
4.5,7,14,8,326
4.5,7,14,9,327
4.5,7,14,10,328
4.5,7,14,11,329
4.5,7,14,12,330
4.5,7,14,13,331
4.5,7,14,14,332
4.5,7,14,15,333
4.5,7,15,0,319
4.5,7,15,1,320
4.5,7,15,2,321
4.5,7,15,3,322
4.5,7,15,4,323
4.5,7,15,5,324
4.5,7,15,6,325
4.5,7,15,7,326
4.5,7,15,8,327
4.5,7,15,9,328
4.5,7,15,10,329
4.5,7,15,11,330
4.5,7,15,12,331
4.5,7,15,13,332
4.5,7,15,14,333
4.5,7,15,15,334
4.5,8,0,0,305
4.5,8,0,1,306
4.5,8,0,2,307
4.5,8,0,3,308
4.5,8,0,4,309
4.5,8,0,5,310
4.5,8,0,6,311
4.5,8,0,7,312
4.5,8,0,8,313
4.5,8,0,9,314
4.5,8,0,10,315
4.5,8,0,11,316
4.5,8,0,12,317
4.5,8,0,13,318
4.5,8,0,14,319
4.5,8,0,15,320
4.5,8,1,0,306
4.5,8,1,1,307
4.5,8,1,2,308
4.5,8,1,3,309
4.5,8,1,4,310
4.5,8,1,5,311
4.5,8,1,6,312
4.5,8,1,7,313
4.5,8,1,8,314
4.5,8,1,9,315
4.5,8,1,10,316
4.5,8,1,11,317
4.5,8,1,12,318
4.5,8,1,13,319
4.5,8,1,14,320
4.5,8,1,15,321
4.5,8,2,0,307
4.5,8,2,1,308
4.5,8,2,2,309
4.5,8,2,3,310
4.5,8,2,4,311
4.5,8,2,5,312
4.5,8,2,6,313
4.5,8,2,7,314
4.5,8,2,8,315
4.5,8,2,9,316
4.5,8,2,10,317
4.5,8,2,11,318
4.5,8,2,12,319
4.5,8,2,13,320
4.5,8,2,14,321
4.5,8,2,15,322
4.5,8,3,0,308
4.5,8,3,1,309
4.5,8,3,2,310
4.5,8,3,3,311
4.5,8,3,4,312
4.5,8,3,5,313
4.5,8,3,6,314
4.5,8,3,7,315
4.5,8,3,8,316
4.5,8,3,9,317
4.5,8,3,10,318
4.5,8,3,11,319
4.5,8,3,12,320
4.5,8,3,13,321
4.5,8,3,14,322
4.5,8,3,15,323
4.5,8,4,0,309
4.5,8,4,1,310
4.5,8,4,2,311
4.5,8,4,3,312
4.5,8,4,4,313
4.5,8,4,5,314
4.5,8,4,6,315
4.5,8,4,7,316
4.5,8,4,8,317
4.5,8,4,9,318
4.5,8,4,10,319
4.5,8,4,11,320
4.5,8,4,12,321
4.5,8,4,13,322
4.5,8,4,14,323
4.5,8,4,15,324
4.5,8,5,0,310
4.5,8,5,1,311
4.5,8,5,2,312
4.5,8,5,3,313
4.5,8,5,4,314
4.5,8,5,5,315
4.5,8,5,6,316
4.5,8,5,7,317
4.5,8,5,8,318
4.5,8,5,9,319
4.5,8,5,10,320
4.5,8,5,11,321
4.5,8,5,12,322
4.5,8,5,13,323
4.5,8,5,14,324
4.5,8,5,15,325
4.5,8,6,0,311
4.5,8,6,1,312
4.5,8,6,2,313
4.5,8,6,3,314
4.5,8,6,4,315
4.5,8,6,5,316
4.5,8,6,6,317
4.5,8,6,7,318
4.5,8,6,8,319
4.5,8,6,9,320
4.5,8,6,10,321
4.5,8,6,11,322
4.5,8,6,12,323
4.5,8,6,13,324
4.5,8,6,14,325
4.5,8,6,15,326
4.5,8,7,0,312
4.5,8,7,1,313
4.5,8,7,2,314
4.5,8,7,3,315
4.5,8,7,4,316
4.5,8,7,5,317
4.5,8,7,6,318
4.5,8,7,7,319
4.5,8,7,8,320
4.5,8,7,9,321
4.5,8,7,10,322
4.5,8,7,11,323
4.5,8,7,12,324
4.5,8,7,13,325
4.5,8,7,14,326
4.5,8,7,15,327
4.5,8,8,0,313
4.5,8,8,1,314
4.5,8,8,2,315
4.5,8,8,3,316
4.5,8,8,4,317
4.5,8,8,5,318
4.5,8,8,6,319
4.5,8,8,7,320
4.5,8,8,8,321
4.5,8,8,9,322
4.5,8,8,10,323
4.5,8,8,11,324
4.5,8,8,12,325
4.5,8,8,13,326
4.5,8,8,14,327
4.5,8,8,15,328
4.5,8,9,0,314
4.5,8,9,1,315
4.5,8,9,2,316
4.5,8,9,3,317
4.5,8,9,4,318
4.5,8,9,5,320
4.5,8,9,6,320
4.5,8,9,7,321
4.5,8,9,8,322
4.5,8,9,9,323
4.5,8,9,10,324
4.5,8,9,11,325
4.5,8,9,12,326
4.5,8,9,13,327
4.5,8,9,14,328
4.5,8,9,15,329
4.5,8,10,0,315
4.5,8,10,1,316
4.5,8,10,2,317
4.5,8,10,3,318
4.5,8,10,4,320
4.5,8,10,5,321
4.5,8,10,6,322
4.5,8,10,7,323
4.5,8,10,8,324
4.5,8,10,9,325
4.5,8,10,10,325
4.5,8,10,11,326
4.5,8,10,12,327
4.5,8,10,13,328
4.5,8,10,14,329
4.5,8,10,15,330
4.5,8,11,0,316
4.5,8,11,1,317
4.5,8,11,2,318
4.5,8,11,3,320
4.5,8,11,4,321
4.5,8,11,5,322
4.5,8,11,6,323
4.5,8,11,7,324
4.5,8,11,8,325
4.5,8,11,9,326
4.5,8,11,10,327
4.5,8,11,11,328
4.5,8,11,12,328
4.5,8,11,13,329
4.5,8,11,14,330
4.5,8,11,15,331
4.5,8,12,0,317
4.5,8,12,1,318
4.5,8,12,2,319
4.5,8,12,3,320
4.5,8,12,4,322
4.5,8,12,5,323
4.5,8,12,6,324
4.5,8,12,7,325
4.5,8,12,8,326
4.5,8,12,9,327
4.5,8,12,10,328
4.5,8,12,11,329
4.5,8,12,12,330
4.5,8,12,13,331
4.5,8,12,14,331
4.5,8,12,15,332
4.5,8,13,0,318
4.5,8,13,1,319
4.5,8,13,2,320
4.5,8,13,3,321
4.5,8,13,4,323
4.5,8,13,5,324
4.5,8,13,6,325
4.5,8,13,7,326
4.5,8,13,8,327
4.5,8,13,9,328
4.5,8,13,10,329
4.5,8,13,11,330
4.5,8,13,12,331
4.5,8,13,13,332
4.5,8,13,14,333
4.5,8,13,15,333
4.5,8,14,0,319
4.5,8,14,1,320
4.5,8,14,2,321
4.5,8,14,3,322
4.5,8,14,4,324
4.5,8,14,5,325
4.5,8,14,6,326
4.5,8,14,7,327
4.5,8,14,8,328
4.5,8,14,9,329
4.5,8,14,10,330
4.5,8,14,11,331
4.5,8,14,12,332
4.5,8,14,13,333
4.5,8,14,14,334
4.5,8,14,15,335
4.5,8,15,0,320
4.5,8,15,1,321
4.5,8,15,2,322
4.5,8,15,3,323
4.5,8,15,4,325
4.5,8,15,5,326
4.5,8,15,6,327
4.5,8,15,7,328
4.5,8,15,8,329
4.5,8,15,9,330
4.5,8,15,10,331
4.5,8,15,11,332
4.5,8,15,12,333
4.5,8,15,13,334
4.5,8,15,14,335
4.5,8,15,15,336
4.5,9,0,0,306
4.5,9,0,1,307
4.5,9,0,2,308
4.5,9,0,3,309
4.5,9,0,4,310
4.5,9,0,5,311
4.5,9,0,6,312
4.5,9,0,7,313
4.5,9,0,8,314
4.5,9,0,9,315
4.5,9,0,10,316
4.5,9,0,11,317
4.5,9,0,12,318
4.5,9,0,13,319
4.5,9,0,14,320
4.5,9,0,15,321
4.5,9,1,0,308
4.5,9,1,1,309
4.5,9,1,2,310
4.5,9,1,3,310
4.5,9,1,4,311
4.5,9,1,5,312
4.5,9,1,6,313
4.5,9,1,7,314
4.5,9,1,8,315
4.5,9,1,9,316
4.5,9,1,10,317
4.5,9,1,11,318
4.5,9,1,12,319
4.5,9,1,13,320
4.5,9,1,14,321
4.5,9,1,15,322
4.5,9,2,0,309
4.5,9,2,1,310
4.5,9,2,2,311
4.5,9,2,3,312
4.5,9,2,4,313
4.5,9,2,5,313
4.5,9,2,6,314
4.5,9,2,7,315
4.5,9,2,8,316
4.5,9,2,9,317
4.5,9,2,10,318
4.5,9,2,11,319
4.5,9,2,12,320
4.5,9,2,13,321
4.5,9,2,14,322
4.5,9,2,15,323
4.5,9,3,0,310
4.5,9,3,1,311
4.5,9,3,2,312
4.5,9,3,3,313
4.5,9,3,4,314
4.5,9,3,5,315
4.5,9,3,6,316
4.5,9,3,7,316
4.5,9,3,8,317
4.5,9,3,9,318
4.5,9,3,10,319
4.5,9,3,11,320
4.5,9,3,12,321
4.5,9,3,13,322
4.5,9,3,14,323
4.5,9,3,15,324
4.5,9,4,0,311
4.5,9,4,1,312
4.5,9,4,2,313
4.5,9,4,3,314
4.5,9,4,4,315
4.5,9,4,5,316
4.5,9,4,6,317
4.5,9,4,7,318
4.5,9,4,8,319
4.5,9,4,9,319
4.5,9,4,10,320
4.5,9,4,11,321
4.5,9,4,12,322
4.5,9,4,13,323
4.5,9,4,14,324
4.5,9,4,15,325
4.5,9,5,0,312
4.5,9,5,1,313
4.5,9,5,2,314
4.5,9,5,3,315
4.5,9,5,4,316
4.5,9,5,5,317
4.5,9,5,6,318
4.5,9,5,7,319
4.5,9,5,8,320
4.5,9,5,9,321
4.5,9,5,10,322
4.5,9,5,11,322
4.5,9,5,12,323
4.5,9,5,13,324
4.5,9,5,14,325
4.5,9,5,15,326
4.5,9,6,0,313
4.5,9,6,1,314
4.5,9,6,2,315
4.5,9,6,3,316
4.5,9,6,4,317
4.5,9,6,5,318
4.5,9,6,6,319
4.5,9,6,7,320
4.5,9,6,8,321
4.5,9,6,9,322
4.5,9,6,10,323
4.5,9,6,11,324
4.5,9,6,12,325
4.5,9,6,13,325
4.5,9,6,14,326
4.5,9,6,15,327
4.5,9,7,0,314
4.5,9,7,1,315
4.5,9,7,2,316
4.5,9,7,3,317
4.5,9,7,4,318
4.5,9,7,5,319
4.5,9,7,6,320
4.5,9,7,7,321
4.5,9,7,8,322
4.5,9,7,9,323
4.5,9,7,10,324
4.5,9,7,11,325
4.5,9,7,12,326
4.5,9,7,13,327
4.5,9,7,14,328
4.5,9,7,15,328
4.5,9,8,0,315
4.5,9,8,1,316
4.5,9,8,2,317
4.5,9,8,3,318
4.5,9,8,4,319
4.5,9,8,5,320
4.5,9,8,6,321
4.5,9,8,7,322
4.5,9,8,8,323
4.5,9,8,9,324
4.5,9,8,10,325
4.5,9,8,11,326
4.5,9,8,12,327
4.5,9,8,13,328
4.5,9,8,14,329
4.5,9,8,15,330
4.5,9,9,0,316
4.5,9,9,1,317
4.5,9,9,2,318
4.5,9,9,3,319
4.5,9,9,4,320
4.5,9,9,5,321
4.5,9,9,6,322
4.5,9,9,7,323
4.5,9,9,8,324
4.5,9,9,9,325
4.5,9,9,10,326
4.5,9,9,11,327
4.5,9,9,12,328
4.5,9,9,13,329
4.5,9,9,14,330
4.5,9,9,15,331
4.5,9,10,0,317
4.5,9,10,1,318
4.5,9,10,2,319
4.5,9,10,3,320
4.5,9,10,4,321
4.5,9,10,5,322
4.5,9,10,6,323
4.5,9,10,7,324
4.5,9,10,8,325
4.5,9,10,9,326
4.5,9,10,10,327
4.5,9,10,11,328
4.5,9,10,12,329
4.5,9,10,13,330
4.5,9,10,14,331
4.5,9,10,15,332
4.5,9,11,0,318
4.5,9,11,1,319
4.5,9,11,2,320
4.5,9,11,3,321
4.5,9,11,4,322
4.5,9,11,5,323
4.5,9,11,6,324
4.5,9,11,7,325
4.5,9,11,8,326
4.5,9,11,9,327
4.5,9,11,10,328
4.5,9,11,11,329
4.5,9,11,12,330
4.5,9,11,13,331
4.5,9,11,14,332
4.5,9,11,15,333
4.5,9,12,0,319
4.5,9,12,1,320
4.5,9,12,2,321
4.5,9,12,3,322
4.5,9,12,4,323
4.5,9,12,5,324
4.5,9,12,6,325
4.5,9,12,7,326
4.5,9,12,8,327
4.5,9,12,9,328
4.5,9,12,10,329
4.5,9,12,11,330
4.5,9,12,12,331
4.5,9,12,13,332
4.5,9,12,14,333
4.5,9,12,15,334
4.5,9,13,0,320
4.5,9,13,1,321
4.5,9,13,2,322
4.5,9,13,3,323
4.5,9,13,4,324
4.5,9,13,5,325
4.5,9,13,6,326
4.5,9,13,7,327
4.5,9,13,8,328
4.5,9,13,9,329
4.5,9,13,10,330
4.5,9,13,11,331
4.5,9,13,12,332
4.5,9,13,13,333
4.5,9,13,14,334
4.5,9,13,15,335
4.5,9,14,0,321
4.5,9,14,1,322
4.5,9,14,2,323
4.5,9,14,3,324
4.5,9,14,4,325
4.5,9,14,5,326
4.5,9,14,6,327
4.5,9,14,7,328
4.5,9,14,8,329
4.5,9,14,9,330
4.5,9,14,10,331
4.5,9,14,11,332
4.5,9,14,12,333
4.5,9,14,13,334
4.5,9,14,14,335
4.5,9,14,15,336
4.5,9,15,0,322
4.5,9,15,1,323
4.5,9,15,2,324
4.5,9,15,3,325
4.5,9,15,4,326
4.5,9,15,5,327
4.5,9,15,6,328
4.5,9,15,7,329
4.5,9,15,8,330
4.5,9,15,9,331
4.5,9,15,10,332
4.5,9,15,11,333
4.5,9,15,12,334
4.5,9,15,13,335
4.5,9,15,14,336
4.5,9,15,15,337
4.5,10,0,0,308
4.5,10,0,1,309
4.5,10,0,2,310
4.5,10,0,3,311
4.5,10,0,4,312
4.5,10,0,5,313
4.5,10,0,6,314
4.5,10,0,7,315
4.5,10,0,8,315
4.5,10,0,9,316
4.5,10,0,10,317
4.5,10,0,11,318
4.5,10,0,12,319
4.5,10,0,13,320
4.5,10,0,14,321
4.5,10,0,15,322
4.5,10,1,0,309
4.5,10,1,1,310
4.5,10,1,2,311
4.5,10,1,3,312
4.5,10,1,4,313
4.5,10,1,5,314
4.5,10,1,6,315
4.5,10,1,7,316
4.5,10,1,8,317
4.5,10,1,9,318
4.5,10,1,10,318
4.5,10,1,11,319
4.5,10,1,12,320
4.5,10,1,13,321
4.5,10,1,14,322
4.5,10,1,15,323
4.5,10,2,0,310
4.5,10,2,1,311
4.5,10,2,2,312
4.5,10,2,3,313
4.5,10,2,4,314
4.5,10,2,5,315
4.5,10,2,6,316
4.5,10,2,7,317
4.5,10,2,8,318
4.5,10,2,9,319
4.5,10,2,10,320
4.5,10,2,11,321
4.5,10,2,12,321
4.5,10,2,13,322
4.5,10,2,14,323
4.5,10,2,15,324
4.5,10,3,0,311
4.5,10,3,1,312
4.5,10,3,2,313
4.5,10,3,3,314
4.5,10,3,4,315
4.5,10,3,5,316
4.5,10,3,6,317
4.5,10,3,7,318
4.5,10,3,8,319
4.5,10,3,9,320
4.5,10,3,10,321
4.5,10,3,11,322
4.5,10,3,12,323
4.5,10,3,13,324
4.5,10,3,14,324
4.5,10,3,15,325
4.5,10,4,0,312
4.5,10,4,1,313
4.5,10,4,2,314
4.5,10,4,3,315
4.5,10,4,4,316
4.5,10,4,5,317
4.5,10,4,6,318
4.5,10,4,7,319
4.5,10,4,8,320
4.5,10,4,9,321
4.5,10,4,10,322
4.5,10,4,11,323
4.5,10,4,12,324
4.5,10,4,13,325
4.5,10,4,14,326
4.5,10,4,15,327
4.5,10,5,0,313
4.5,10,5,1,314
4.5,10,5,2,315
4.5,10,5,3,316
4.5,10,5,4,317
4.5,10,5,5,318
4.5,10,5,6,319
4.5,10,5,7,320
4.5,10,5,8,321
4.5,10,5,9,322
4.5,10,5,10,323
4.5,10,5,11,324
4.5,10,5,12,325
4.5,10,5,13,326
4.5,10,5,14,327
4.5,10,5,15,328
4.5,10,6,0,314
4.5,10,6,1,315
4.5,10,6,2,316
4.5,10,6,3,317
4.5,10,6,4,318
4.5,10,6,5,319
4.5,10,6,6,320
4.5,10,6,7,321
4.5,10,6,8,322
4.5,10,6,9,323
4.5,10,6,10,324
4.5,10,6,11,325
4.5,10,6,12,326
4.5,10,6,13,327
4.5,10,6,14,328
4.5,10,6,15,329
4.5,10,7,0,315
4.5,10,7,1,316
4.5,10,7,2,317
4.5,10,7,3,318
4.5,10,7,4,319
4.5,10,7,5,320
4.5,10,7,6,321
4.5,10,7,7,322
4.5,10,7,8,323
4.5,10,7,9,324
4.5,10,7,10,325
4.5,10,7,11,326
4.5,10,7,12,327
4.5,10,7,13,328
4.5,10,7,14,329
4.5,10,7,15,330
4.5,10,8,0,316
4.5,10,8,1,317
4.5,10,8,2,318
4.5,10,8,3,319
4.5,10,8,4,320
4.5,10,8,5,321
4.5,10,8,6,322
4.5,10,8,7,323
4.5,10,8,8,324
4.5,10,8,9,325
4.5,10,8,10,326
4.5,10,8,11,327
4.5,10,8,12,328
4.5,10,8,13,329
4.5,10,8,14,330
4.5,10,8,15,331
4.5,10,9,0,317
4.5,10,9,1,318
4.5,10,9,2,319
4.5,10,9,3,320
4.5,10,9,4,321
4.5,10,9,5,322
4.5,10,9,6,323
4.5,10,9,7,324
4.5,10,9,8,325
4.5,10,9,9,326
4.5,10,9,10,327
4.5,10,9,11,328
4.5,10,9,12,329
4.5,10,9,13,330
4.5,10,9,14,331
4.5,10,9,15,332
4.5,10,10,0,318
4.5,10,10,1,319
4.5,10,10,2,320
4.5,10,10,3,321
4.5,10,10,4,322
4.5,10,10,5,323
4.5,10,10,6,324
4.5,10,10,7,325
4.5,10,10,8,326
4.5,10,10,9,327
4.5,10,10,10,328
4.5,10,10,11,329
4.5,10,10,12,330
4.5,10,10,13,331
4.5,10,10,14,332
4.5,10,10,15,333
4.5,10,11,0,319
4.5,10,11,1,320
4.5,10,11,2,321
4.5,10,11,3,322
4.5,10,11,4,323
4.5,10,11,5,324
4.5,10,11,6,325
4.5,10,11,7,326
4.5,10,11,8,327
4.5,10,11,9,328
4.5,10,11,10,329
4.5,10,11,11,330
4.5,10,11,12,331
4.5,10,11,13,332
4.5,10,11,14,333
4.5,10,11,15,334
4.5,10,12,0,320
4.5,10,12,1,321
4.5,10,12,2,322
4.5,10,12,3,323
4.5,10,12,4,324
4.5,10,12,5,325
4.5,10,12,6,326
4.5,10,12,7,327
4.5,10,12,8,328
4.5,10,12,9,329
4.5,10,12,10,330
4.5,10,12,11,331
4.5,10,12,12,332
4.5,10,12,13,333
4.5,10,12,14,334
4.5,10,12,15,335
4.5,10,13,0,321
4.5,10,13,1,322
4.5,10,13,2,323
4.5,10,13,3,324
4.5,10,13,4,325
4.5,10,13,5,326
4.5,10,13,6,327
4.5,10,13,7,328
4.5,10,13,8,329
4.5,10,13,9,330
4.5,10,13,10,331
4.5,10,13,11,332
4.5,10,13,12,333
4.5,10,13,13,334
4.5,10,13,14,335
4.5,10,13,15,336
4.5,10,14,0,322
4.5,10,14,1,323
4.5,10,14,2,324
4.5,10,14,3,325
4.5,10,14,4,326
4.5,10,14,5,327
4.5,10,14,6,328
4.5,10,14,7,329
4.5,10,14,8,330
4.5,10,14,9,331
4.5,10,14,10,332
4.5,10,14,11,333
4.5,10,14,12,334
4.5,10,14,13,335
4.5,10,14,14,336
4.5,10,14,15,337
4.5,10,15,0,323
4.5,10,15,1,324
4.5,10,15,2,325
4.5,10,15,3,326
4.5,10,15,4,327
4.5,10,15,5,328
4.5,10,15,6,329
4.5,10,15,7,330
4.5,10,15,8,331
4.5,10,15,9,332
4.5,10,15,10,333
4.5,10,15,11,334
4.5,10,15,12,335
4.5,10,15,13,336
4.5,10,15,14,337
4.5,10,15,15,338
4.5,11,0,0,309
4.5,11,0,1,310
4.5,11,0,2,311
4.5,11,0,3,312
4.5,11,0,4,313
4.5,11,0,5,314
4.5,11,0,6,315
4.5,11,0,7,316
4.5,11,0,8,317
4.5,11,0,9,318
4.5,11,0,10,319
4.5,11,0,11,320
4.5,11,0,12,321
4.5,11,0,13,321
4.5,11,0,14,322
4.5,11,0,15,323
4.5,11,1,0,310
4.5,11,1,1,311
4.5,11,1,2,312
4.5,11,1,3,313
4.5,11,1,4,314
4.5,11,1,5,315
4.5,11,1,6,316
4.5,11,1,7,317
4.5,11,1,8,318
4.5,11,1,9,319
4.5,11,1,10,320
4.5,11,1,11,321
4.5,11,1,12,322
4.5,11,1,13,323
4.5,11,1,14,324
4.5,11,1,15,324
4.5,11,2,0,311
4.5,11,2,1,312
4.5,11,2,2,313
4.5,11,2,3,314
4.5,11,2,4,315
4.5,11,2,5,316
4.5,11,2,6,317
4.5,11,2,7,318
4.5,11,2,8,319
4.5,11,2,9,320
4.5,11,2,10,321
4.5,11,2,11,322
4.5,11,2,12,323
4.5,11,2,13,324
4.5,11,2,14,325
4.5,11,2,15,326
4.5,11,3,0,312
4.5,11,3,1,313
4.5,11,3,2,314
4.5,11,3,3,315
4.5,11,3,4,316
4.5,11,3,5,317
4.5,11,3,6,318
4.5,11,3,7,319
4.5,11,3,8,320
4.5,11,3,9,321
4.5,11,3,10,322
4.5,11,3,11,323
4.5,11,3,12,324
4.5,11,3,13,325
4.5,11,3,14,326
4.5,11,3,15,327
4.5,11,4,0,313
4.5,11,4,1,314
4.5,11,4,2,315
4.5,11,4,3,316
4.5,11,4,4,317
4.5,11,4,5,318
4.5,11,4,6,319
4.5,11,4,7,320
4.5,11,4,8,321
4.5,11,4,9,322
4.5,11,4,10,323
4.5,11,4,11,324
4.5,11,4,12,325
4.5,11,4,13,326
4.5,11,4,14,327
4.5,11,4,15,328
4.5,11,5,0,314
4.5,11,5,1,315
4.5,11,5,2,316
4.5,11,5,3,317
4.5,11,5,4,318
4.5,11,5,5,319
4.5,11,5,6,320
4.5,11,5,7,321
4.5,11,5,8,322
4.5,11,5,9,323
4.5,11,5,10,324
4.5,11,5,11,325
4.5,11,5,12,326
4.5,11,5,13,327
4.5,11,5,14,328
4.5,11,5,15,329
4.5,11,6,0,315
4.5,11,6,1,316
4.5,11,6,2,317
4.5,11,6,3,318
4.5,11,6,4,319
4.5,11,6,5,320
4.5,11,6,6,321
4.5,11,6,7,322
4.5,11,6,8,323
4.5,11,6,9,324
4.5,11,6,10,325
4.5,11,6,11,326
4.5,11,6,12,327
4.5,11,6,13,328
4.5,11,6,14,329
4.5,11,6,15,330
4.5,11,7,0,316
4.5,11,7,1,317
4.5,11,7,2,318
4.5,11,7,3,319
4.5,11,7,4,320
4.5,11,7,5,321
4.5,11,7,6,322
4.5,11,7,7,323
4.5,11,7,8,324
4.5,11,7,9,325
4.5,11,7,10,326
4.5,11,7,11,327
4.5,11,7,12,328
4.5,11,7,13,329
4.5,11,7,14,330
4.5,11,7,15,331
4.5,11,8,0,317
4.5,11,8,1,318
4.5,11,8,2,319
4.5,11,8,3,320
4.5,11,8,4,321
4.5,11,8,5,322
4.5,11,8,6,323
4.5,11,8,7,324
4.5,11,8,8,325
4.5,11,8,9,326
4.5,11,8,10,327
4.5,11,8,11,328
4.5,11,8,12,329
4.5,11,8,13,330
4.5,11,8,14,331
4.5,11,8,15,332
4.5,11,9,0,318
4.5,11,9,1,319
4.5,11,9,2,320
4.5,11,9,3,321
4.5,11,9,4,322
4.5,11,9,5,323
4.5,11,9,6,324
4.5,11,9,7,325
4.5,11,9,8,326
4.5,11,9,9,327
4.5,11,9,10,328
4.5,11,9,11,329
4.5,11,9,12,330
4.5,11,9,13,331
4.5,11,9,14,332
4.5,11,9,15,333
4.5,11,10,0,319
4.5,11,10,1,320
4.5,11,10,2,321
4.5,11,10,3,322
4.5,11,10,4,323
4.5,11,10,5,324
4.5,11,10,6,325
4.5,11,10,7,326
4.5,11,10,8,327
4.5,11,10,9,328
4.5,11,10,10,329
4.5,11,10,11,330
4.5,11,10,12,331
4.5,11,10,13,332
4.5,11,10,14,333
4.5,11,10,15,334
4.5,11,11,0,320
4.5,11,11,1,321
4.5,11,11,2,322
4.5,11,11,3,323
4.5,11,11,4,324
4.5,11,11,5,325
4.5,11,11,6,326
4.5,11,11,7,327
4.5,11,11,8,328
4.5,11,11,9,329
4.5,11,11,10,330
4.5,11,11,11,331
4.5,11,11,12,332
4.5,11,11,13,333
4.5,11,11,14,334
4.5,11,11,15,335
4.5,11,12,0,321
4.5,11,12,1,322
4.5,11,12,2,323
4.5,11,12,3,324
4.5,11,12,4,325
4.5,11,12,5,326
4.5,11,12,6,327
4.5,11,12,7,328
4.5,11,12,8,329
4.5,11,12,9,330
4.5,11,12,10,331
4.5,11,12,11,332
4.5,11,12,12,333
4.5,11,12,13,334
4.5,11,12,14,335
4.5,11,12,15,336
4.5,11,13,0,322
4.5,11,13,1,323
4.5,11,13,2,324
4.5,11,13,3,325
4.5,11,13,4,326
4.5,11,13,5,327
4.5,11,13,6,328
4.5,11,13,7,329
4.5,11,13,8,330
4.5,11,13,9,331
4.5,11,13,10,332
4.5,11,13,11,333
4.5,11,13,12,334
4.5,11,13,13,335
4.5,11,13,14,336
4.5,11,13,15,337
4.5,11,14,0,323
4.5,11,14,1,324
4.5,11,14,2,325
4.5,11,14,3,326
4.5,11,14,4,327
4.5,11,14,5,328
4.5,11,14,6,329
4.5,11,14,7,330
4.5,11,14,8,331
4.5,11,14,9,332
4.5,11,14,10,333
4.5,11,14,11,334
4.5,11,14,12,335
4.5,11,14,13,336
4.5,11,14,14,337
4.5,11,14,15,338
4.5,11,15,0,324
4.5,11,15,1,325
4.5,11,15,2,326
4.5,11,15,3,327
4.5,11,15,4,328
4.5,11,15,5,329
4.5,11,15,6,330
4.5,11,15,7,331
4.5,11,15,8,332
4.5,11,15,9,333
4.5,11,15,10,334
4.5,11,15,11,335
4.5,11,15,12,336
4.5,11,15,13,337
4.5,11,15,14,338
4.5,11,15,15,339
4.5,12,0,0,310
4.5,12,0,1,311
4.5,12,0,2,312
4.5,12,0,3,313
4.5,12,0,4,314
4.5,12,0,5,315
4.5,12,0,6,316
4.5,12,0,7,317
4.5,12,0,8,318
4.5,12,0,9,319
4.5,12,0,10,320
4.5,12,0,11,321
4.5,12,0,12,322
4.5,12,0,13,323
4.5,12,0,14,324
4.5,12,0,15,325
4.5,12,1,0,311
4.5,12,1,1,312
4.5,12,1,2,313
4.5,12,1,3,314
4.5,12,1,4,315
4.5,12,1,5,316
4.5,12,1,6,317
4.5,12,1,7,318
4.5,12,1,8,319
4.5,12,1,9,320
4.5,12,1,10,321
4.5,12,1,11,322
4.5,12,1,12,323
4.5,12,1,13,324
4.5,12,1,14,325
4.5,12,1,15,326
4.5,12,2,0,312
4.5,12,2,1,313
4.5,12,2,2,314
4.5,12,2,3,315
4.5,12,2,4,316
4.5,12,2,5,317
4.5,12,2,6,318
4.5,12,2,7,319
4.5,12,2,8,320
4.5,12,2,9,321
4.5,12,2,10,322
4.5,12,2,11,323
4.5,12,2,12,324
4.5,12,2,13,325
4.5,12,2,14,326
4.5,12,2,15,327
4.5,12,3,0,313
4.5,12,3,1,314
4.5,12,3,2,315
4.5,12,3,3,316
4.5,12,3,4,317
4.5,12,3,5,318
4.5,12,3,6,319
4.5,12,3,7,320
4.5,12,3,8,321
4.5,12,3,9,322
4.5,12,3,10,323
4.5,12,3,11,324
4.5,12,3,12,325
4.5,12,3,13,326
4.5,12,3,14,327
4.5,12,3,15,328
4.5,12,4,0,314
4.5,12,4,1,315
4.5,12,4,2,316
4.5,12,4,3,317
4.5,12,4,4,318
4.5,12,4,5,319
4.5,12,4,6,320
4.5,12,4,7,321
4.5,12,4,8,322
4.5,12,4,9,323
4.5,12,4,10,324
4.5,12,4,11,325
4.5,12,4,12,326
4.5,12,4,13,327
4.5,12,4,14,328
4.5,12,4,15,329
4.5,12,5,0,315
4.5,12,5,1,316
4.5,12,5,2,317
4.5,12,5,3,318
4.5,12,5,4,319
4.5,12,5,5,320
4.5,12,5,6,321
4.5,12,5,7,322
4.5,12,5,8,323
4.5,12,5,9,324
4.5,12,5,10,325
4.5,12,5,11,326
4.5,12,5,12,327
4.5,12,5,13,328
4.5,12,5,14,329
4.5,12,5,15,330
4.5,12,6,0,316
4.5,12,6,1,317
4.5,12,6,2,318
4.5,12,6,3,319
4.5,12,6,4,320
4.5,12,6,5,321
4.5,12,6,6,322
4.5,12,6,7,323
4.5,12,6,8,324
4.5,12,6,9,325
4.5,12,6,10,326
4.5,12,6,11,327
4.5,12,6,12,328
4.5,12,6,13,329
4.5,12,6,14,330
4.5,12,6,15,331
4.5,12,7,0,317
4.5,12,7,1,318
4.5,12,7,2,319
4.5,12,7,3,320
4.5,12,7,4,321
4.5,12,7,5,322
4.5,12,7,6,323
4.5,12,7,7,324
4.5,12,7,8,325
4.5,12,7,9,326
4.5,12,7,10,327
4.5,12,7,11,328
4.5,12,7,12,329
4.5,12,7,13,330
4.5,12,7,14,331
4.5,12,7,15,332
4.5,12,8,0,318
4.5,12,8,1,319
4.5,12,8,2,320
4.5,12,8,3,321
4.5,12,8,4,322
4.5,12,8,5,323
4.5,12,8,6,324
4.5,12,8,7,325
4.5,12,8,8,326
4.5,12,8,9,327
4.5,12,8,10,328
4.5,12,8,11,329
4.5,12,8,12,330
4.5,12,8,13,331
4.5,12,8,14,332
4.5,12,8,15,333
4.5,12,9,0,319
4.5,12,9,1,320
4.5,12,9,2,321
4.5,12,9,3,322
4.5,12,9,4,323
4.5,12,9,5,324
4.5,12,9,6,325
4.5,12,9,7,326
4.5,12,9,8,327
4.5,12,9,9,328
4.5,12,9,10,329
4.5,12,9,11,330
4.5,12,9,12,331
4.5,12,9,13,332
4.5,12,9,14,333
4.5,12,9,15,334
4.5,12,10,0,320
4.5,12,10,1,321
4.5,12,10,2,322
4.5,12,10,3,323
4.5,12,10,4,324
4.5,12,10,5,325
4.5,12,10,6,326
4.5,12,10,7,327
4.5,12,10,8,328
4.5,12,10,9,329
4.5,12,10,10,330
4.5,12,10,11,331
4.5,12,10,12,332
4.5,12,10,13,333
4.5,12,10,14,334
4.5,12,10,15,335
4.5,12,11,0,321
4.5,12,11,1,322
4.5,12,11,2,323
4.5,12,11,3,324
4.5,12,11,4,325
4.5,12,11,5,326
4.5,12,11,6,327
4.5,12,11,7,328
4.5,12,11,8,329
4.5,12,11,9,330
4.5,12,11,10,331
4.5,12,11,11,332
4.5,12,11,12,333
4.5,12,11,13,334
4.5,12,11,14,335
4.5,12,11,15,336
4.5,12,12,0,322
4.5,12,12,1,323
4.5,12,12,2,324
4.5,12,12,3,325
4.5,12,12,4,326
4.5,12,12,5,327
4.5,12,12,6,328
4.5,12,12,7,329
4.5,12,12,8,330
4.5,12,12,9,331
4.5,12,12,10,332
4.5,12,12,11,333
4.5,12,12,12,334
4.5,12,12,13,335
4.5,12,12,14,336
4.5,12,12,15,337
4.5,12,13,0,323
4.5,12,13,1,324
4.5,12,13,2,325
4.5,12,13,3,326
4.5,12,13,4,327
4.5,12,13,5,328
4.5,12,13,6,329
4.5,12,13,7,330
4.5,12,13,8,331
4.5,12,13,9,332
4.5,12,13,10,333
4.5,12,13,11,334
4.5,12,13,12,335
4.5,12,13,13,336
4.5,12,13,14,337
4.5,12,13,15,338
4.5,12,14,0,324
4.5,12,14,1,325
4.5,12,14,2,326
4.5,12,14,3,327
4.5,12,14,4,328
4.5,12,14,5,329
4.5,12,14,6,330
4.5,12,14,7,331
4.5,12,14,8,332
4.5,12,14,9,333
4.5,12,14,10,334
4.5,12,14,11,335
4.5,12,14,12,336
4.5,12,14,13,338
4.5,12,14,14,339
4.5,12,14,15,340
4.5,12,15,0,325
4.5,12,15,1,326
4.5,12,15,2,327
4.5,12,15,3,328
4.5,12,15,4,329
4.5,12,15,5,330
4.5,12,15,6,331
4.5,12,15,7,332
4.5,12,15,8,333
4.5,12,15,9,334
4.5,12,15,10,335
4.5,12,15,11,337
4.5,12,15,12,338
4.5,12,15,13,339
4.5,12,15,14,340
4.5,12,15,15,341
4.5,13,0,0,311
4.5,13,0,1,312
4.5,13,0,2,313
4.5,13,0,3,314
4.5,13,0,4,315
4.5,13,0,5,316
4.5,13,0,6,317
4.5,13,0,7,318
4.5,13,0,8,319
4.5,13,0,9,320
4.5,13,0,10,321
4.5,13,0,11,322
4.5,13,0,12,323
4.5,13,0,13,324
4.5,13,0,14,325
4.5,13,0,15,326
4.5,13,1,0,312
4.5,13,1,1,313
4.5,13,1,2,314
4.5,13,1,3,315
4.5,13,1,4,316
4.5,13,1,5,317
4.5,13,1,6,318
4.5,13,1,7,319
4.5,13,1,8,320
4.5,13,1,9,321
4.5,13,1,10,322
4.5,13,1,11,323
4.5,13,1,12,324
4.5,13,1,13,325
4.5,13,1,14,326
4.5,13,1,15,327
4.5,13,2,0,313
4.5,13,2,1,314
4.5,13,2,2,315
4.5,13,2,3,316
4.5,13,2,4,317
4.5,13,2,5,318
4.5,13,2,6,319
4.5,13,2,7,320
4.5,13,2,8,321
4.5,13,2,9,322
4.5,13,2,10,323
4.5,13,2,11,324
4.5,13,2,12,325
4.5,13,2,13,326
4.5,13,2,14,327
4.5,13,2,15,328
4.5,13,3,0,314
4.5,13,3,1,315
4.5,13,3,2,316
4.5,13,3,3,317
4.5,13,3,4,318
4.5,13,3,5,319
4.5,13,3,6,320
4.5,13,3,7,321
4.5,13,3,8,322
4.5,13,3,9,323
4.5,13,3,10,324
4.5,13,3,11,325
4.5,13,3,12,326
4.5,13,3,13,327
4.5,13,3,14,328
4.5,13,3,15,329
4.5,13,4,0,315
4.5,13,4,1,316
4.5,13,4,2,317
4.5,13,4,3,318
4.5,13,4,4,319
4.5,13,4,5,320
4.5,13,4,6,321
4.5,13,4,7,322
4.5,13,4,8,323
4.5,13,4,9,324
4.5,13,4,10,325
4.5,13,4,11,326
4.5,13,4,12,327
4.5,13,4,13,328
4.5,13,4,14,329
4.5,13,4,15,330
4.5,13,5,0,316
4.5,13,5,1,317
4.5,13,5,2,318
4.5,13,5,3,319
4.5,13,5,4,320
4.5,13,5,5,321
4.5,13,5,6,322
4.5,13,5,7,323
4.5,13,5,8,324
4.5,13,5,9,325
4.5,13,5,10,326
4.5,13,5,11,327
4.5,13,5,12,328
4.5,13,5,13,329
4.5,13,5,14,330
4.5,13,5,15,331
4.5,13,6,0,317
4.5,13,6,1,318
4.5,13,6,2,319
4.5,13,6,3,320
4.5,13,6,4,321
4.5,13,6,5,322
4.5,13,6,6,323
4.5,13,6,7,324
4.5,13,6,8,325
4.5,13,6,9,326
4.5,13,6,10,327
4.5,13,6,11,328
4.5,13,6,12,329
4.5,13,6,13,330
4.5,13,6,14,331
4.5,13,6,15,332
4.5,13,7,0,318
4.5,13,7,1,319
4.5,13,7,2,320
4.5,13,7,3,321
4.5,13,7,4,322
4.5,13,7,5,323
4.5,13,7,6,324
4.5,13,7,7,325
4.5,13,7,8,326
4.5,13,7,9,327
4.5,13,7,10,328
4.5,13,7,11,329
4.5,13,7,12,330
4.5,13,7,13,331
4.5,13,7,14,332
4.5,13,7,15,333
4.5,13,8,0,319
4.5,13,8,1,320
4.5,13,8,2,321
4.5,13,8,3,322
4.5,13,8,4,323
4.5,13,8,5,324
4.5,13,8,6,325
4.5,13,8,7,326
4.5,13,8,8,327
4.5,13,8,9,328
4.5,13,8,10,329
4.5,13,8,11,330
4.5,13,8,12,331
4.5,13,8,13,332
4.5,13,8,14,333
4.5,13,8,15,334
4.5,13,9,0,320
4.5,13,9,1,321
4.5,13,9,2,322
4.5,13,9,3,323
4.5,13,9,4,324
4.5,13,9,5,325
4.5,13,9,6,326
4.5,13,9,7,327
4.5,13,9,8,328
4.5,13,9,9,329
4.5,13,9,10,331
4.5,13,9,11,332
4.5,13,9,12,333
4.5,13,9,13,333
4.5,13,9,14,334
4.5,13,9,15,335
4.5,13,10,0,321
4.5,13,10,1,322
4.5,13,10,2,323
4.5,13,10,3,324
4.5,13,10,4,325
4.5,13,10,5,326
4.5,13,10,6,327
4.5,13,10,7,329
4.5,13,10,8,330
4.5,13,10,9,331
4.5,13,10,10,332
4.5,13,10,11,333
4.5,13,10,12,334
4.5,13,10,13,335
4.5,13,10,14,336
4.5,13,10,15,337
4.5,13,11,0,322
4.5,13,11,1,323
4.5,13,11,2,324
4.5,13,11,3,325
4.5,13,11,4,326
4.5,13,11,5,328
4.5,13,11,6,329
4.5,13,11,7,330
4.5,13,11,8,331
4.5,13,11,9,332
4.5,13,11,10,333
4.5,13,11,11,334
4.5,13,11,12,335
4.5,13,11,13,336
4.5,13,11,14,337
4.5,13,11,15,338
4.5,13,12,0,323
4.5,13,12,1,324
4.5,13,12,2,325
4.5,13,12,3,326
4.5,13,12,4,327
4.5,13,12,5,329
4.5,13,12,6,330
4.5,13,12,7,331
4.5,13,12,8,332
4.5,13,12,9,333
4.5,13,12,10,334
4.5,13,12,11,335
4.5,13,12,12,336
4.5,13,12,13,337
4.5,13,12,14,338
4.5,13,12,15,339
4.5,13,13,0,324
4.5,13,13,1,325
4.5,13,13,2,326
4.5,13,13,3,327
4.5,13,13,4,329
4.5,13,13,5,330
4.5,13,13,6,331
4.5,13,13,7,332
4.5,13,13,8,333
4.5,13,13,9,334
4.5,13,13,10,335
4.5,13,13,11,336
4.5,13,13,12,337
4.5,13,13,13,338
4.5,13,13,14,339
4.5,13,13,15,340
4.5,13,14,0,325
4.5,13,14,1,326
4.5,13,14,2,327
4.5,13,14,3,328
4.5,13,14,4,330
4.5,13,14,5,331
4.5,13,14,6,332
4.5,13,14,7,333
4.5,13,14,8,334
4.5,13,14,9,335
4.5,13,14,10,336
4.5,13,14,11,337
4.5,13,14,12,338
4.5,13,14,13,339
4.5,13,14,14,340
4.5,13,14,15,341
4.5,13,15,0,326
4.5,13,15,1,327
4.5,13,15,2,328
4.5,13,15,3,329
4.5,13,15,4,331
4.5,13,15,5,332
4.5,13,15,6,333
4.5,13,15,7,334
4.5,13,15,8,335
4.5,13,15,9,336
4.5,13,15,10,337
4.5,13,15,11,338
4.5,13,15,12,339
4.5,13,15,13,340
4.5,13,15,14,341
4.5,13,15,15,342
4.5,14,0,0,312
4.5,14,0,1,313
4.5,14,0,2,314
4.5,14,0,3,315
4.5,14,0,4,316
4.5,14,0,5,317
4.5,14,0,6,318
4.5,14,0,7,319
4.5,14,0,8,320
4.5,14,0,9,321
4.5,14,0,10,322
4.5,14,0,11,323
4.5,14,0,12,324
4.5,14,0,13,325
4.5,14,0,14,326
4.5,14,0,15,327
4.5,14,1,0,313
4.5,14,1,1,314
4.5,14,1,2,315
4.5,14,1,3,316
4.5,14,1,4,317
4.5,14,1,5,318
4.5,14,1,6,319
4.5,14,1,7,320
4.5,14,1,8,321
4.5,14,1,9,322
4.5,14,1,10,323
4.5,14,1,11,324
4.5,14,1,12,325
4.5,14,1,13,326
4.5,14,1,14,327
4.5,14,1,15,328
4.5,14,2,0,314
4.5,14,2,1,315
4.5,14,2,2,316
4.5,14,2,3,317
4.5,14,2,4,318
4.5,14,2,5,319
4.5,14,2,6,320
4.5,14,2,7,321
4.5,14,2,8,322
4.5,14,2,9,323
4.5,14,2,10,324
4.5,14,2,11,325
4.5,14,2,12,326
4.5,14,2,13,327
4.5,14,2,14,328
4.5,14,2,15,329
4.5,14,3,0,315
4.5,14,3,1,316
4.5,14,3,2,317
4.5,14,3,3,318
4.5,14,3,4,319
4.5,14,3,5,320
4.5,14,3,6,321
4.5,14,3,7,322
4.5,14,3,8,323
4.5,14,3,9,324
4.5,14,3,10,325
4.5,14,3,11,326
4.5,14,3,12,327
4.5,14,3,13,328
4.5,14,3,14,329
4.5,14,3,15,330
4.5,14,4,0,316
4.5,14,4,1,317
4.5,14,4,2,318
4.5,14,4,3,319
4.5,14,4,4,320
4.5,14,4,5,321
4.5,14,4,6,322
4.5,14,4,7,323
4.5,14,4,8,324
4.5,14,4,9,325
4.5,14,4,10,326
4.5,14,4,11,327
4.5,14,4,12,328
4.5,14,4,13,329
4.5,14,4,14,330
4.5,14,4,15,331
4.5,14,5,0,317
4.5,14,5,1,318
4.5,14,5,2,319
4.5,14,5,3,320
4.5,14,5,4,321
4.5,14,5,5,322
4.5,14,5,6,323
4.5,14,5,7,324
4.5,14,5,8,325
4.5,14,5,9,326
4.5,14,5,10,327
4.5,14,5,11,328
4.5,14,5,12,329
4.5,14,5,13,330
4.5,14,5,14,331
4.5,14,5,15,332
4.5,14,6,0,318
4.5,14,6,1,319
4.5,14,6,2,320
4.5,14,6,3,321
4.5,14,6,4,323
4.5,14,6,5,324
4.5,14,6,6,325
4.5,14,6,7,326
4.5,14,6,8,327
4.5,14,6,9,328
4.5,14,6,10,329
4.5,14,6,11,330
4.5,14,6,12,331
4.5,14,6,13,332
4.5,14,6,14,333
4.5,14,6,15,333
4.5,14,7,0,319
4.5,14,7,1,320
4.5,14,7,2,322
4.5,14,7,3,323
4.5,14,7,4,324
4.5,14,7,5,325
4.5,14,7,6,326
4.5,14,7,7,327
4.5,14,7,8,328
4.5,14,7,9,329
4.5,14,7,10,330
4.5,14,7,11,331
4.5,14,7,12,332
4.5,14,7,13,333
4.5,14,7,14,334
4.5,14,7,15,335
4.5,14,8,0,320
4.5,14,8,1,322
4.5,14,8,2,323
4.5,14,8,3,324
4.5,14,8,4,325
4.5,14,8,5,326
4.5,14,8,6,327
4.5,14,8,7,328
4.5,14,8,8,329
4.5,14,8,9,330
4.5,14,8,10,331
4.5,14,8,11,332
4.5,14,8,12,333
4.5,14,8,13,334
4.5,14,8,14,335
4.5,14,8,15,336
4.5,14,9,0,321
4.5,14,9,1,323
4.5,14,9,2,324
4.5,14,9,3,325
4.5,14,9,4,326
4.5,14,9,5,327
4.5,14,9,6,328
4.5,14,9,7,329
4.5,14,9,8,330
4.5,14,9,9,331
4.5,14,9,10,332
4.5,14,9,11,333
4.5,14,9,12,334
4.5,14,9,13,335
4.5,14,9,14,336
4.5,14,9,15,337
4.5,14,10,0,323
4.5,14,10,1,324
4.5,14,10,2,325
4.5,14,10,3,326
4.5,14,10,4,327
4.5,14,10,5,328
4.5,14,10,6,329
4.5,14,10,7,330
4.5,14,10,8,331
4.5,14,10,9,332
4.5,14,10,10,333
4.5,14,10,11,334
4.5,14,10,12,335
4.5,14,10,13,336
4.5,14,10,14,337
4.5,14,10,15,338
4.5,14,11,0,324
4.5,14,11,1,325
4.5,14,11,2,326
4.5,14,11,3,327
4.5,14,11,4,328
4.5,14,11,5,329
4.5,14,11,6,330
4.5,14,11,7,331
4.5,14,11,8,332
4.5,14,11,9,333
4.5,14,11,10,334
4.5,14,11,11,335
4.5,14,11,12,336
4.5,14,11,13,337
4.5,14,11,14,338
4.5,14,11,15,339
4.5,14,12,0,325
4.5,14,12,1,326
4.5,14,12,2,327
4.5,14,12,3,328
4.5,14,12,4,329
4.5,14,12,5,330
4.5,14,12,6,331
4.5,14,12,7,332
4.5,14,12,8,333
4.5,14,12,9,334
4.5,14,12,10,335
4.5,14,12,11,336
4.5,14,12,12,337
4.5,14,12,13,338
4.5,14,12,14,339
4.5,14,12,15,340
4.5,14,13,0,326
4.5,14,13,1,327
4.5,14,13,2,328
4.5,14,13,3,329
4.5,14,13,4,330
4.5,14,13,5,331
4.5,14,13,6,332
4.5,14,13,7,333
4.5,14,13,8,334
4.5,14,13,9,335
4.5,14,13,10,336
4.5,14,13,11,337
4.5,14,13,12,338
4.5,14,13,13,339
4.5,14,13,14,340
4.5,14,13,15,341
4.5,14,14,0,327
4.5,14,14,1,328
4.5,14,14,2,329
4.5,14,14,3,330
4.5,14,14,4,331
4.5,14,14,5,332
4.5,14,14,6,333
4.5,14,14,7,334
4.5,14,14,8,335
4.5,14,14,9,336
4.5,14,14,10,337
4.5,14,14,11,338
4.5,14,14,12,339
4.5,14,14,13,340
4.5,14,14,14,341
4.5,14,14,15,342
4.5,14,15,0,328
4.5,14,15,1,329
4.5,14,15,2,330
4.5,14,15,3,331
4.5,14,15,4,332
4.5,14,15,5,333
4.5,14,15,6,334
4.5,14,15,7,335
4.5,14,15,8,336
4.5,14,15,9,337
4.5,14,15,10,338
4.5,14,15,11,339
4.5,14,15,12,340
4.5,14,15,13,341
4.5,14,15,14,342
4.5,14,15,15,343
4.5,15,0,0,313
4.5,15,0,1,314
4.5,15,0,2,315
4.5,15,0,3,316
4.5,15,0,4,317
4.5,15,0,5,318
4.5,15,0,6,319
4.5,15,0,7,320
4.5,15,0,8,321
4.5,15,0,9,322
4.5,15,0,10,323
4.5,15,0,11,324
4.5,15,0,12,325
4.5,15,0,13,326
4.5,15,0,14,327
4.5,15,0,15,328
4.5,15,1,0,314
4.5,15,1,1,315
4.5,15,1,2,316
4.5,15,1,3,317
4.5,15,1,4,318
4.5,15,1,5,319
4.5,15,1,6,320
4.5,15,1,7,321
4.5,15,1,8,322
4.5,15,1,9,323
4.5,15,1,10,324
4.5,15,1,11,325
4.5,15,1,12,326
4.5,15,1,13,327
4.5,15,1,14,328
4.5,15,1,15,329
4.5,15,2,0,315
4.5,15,2,1,316
4.5,15,2,2,317
4.5,15,2,3,318
4.5,15,2,4,319
4.5,15,2,5,320
4.5,15,2,6,321
4.5,15,2,7,322
4.5,15,2,8,323
4.5,15,2,9,324
4.5,15,2,10,325
4.5,15,2,11,326
4.5,15,2,12,327
4.5,15,2,13,328
4.5,15,2,14,329
4.5,15,2,15,330
4.5,15,3,0,316
4.5,15,3,1,317
4.5,15,3,2,319
4.5,15,3,3,320
4.5,15,3,4,321
4.5,15,3,5,322
4.5,15,3,6,323
4.5,15,3,7,324
4.5,15,3,8,325
4.5,15,3,9,326
4.5,15,3,10,327
4.5,15,3,11,328
4.5,15,3,12,329
4.5,15,3,13,329
4.5,15,3,14,330
4.5,15,3,15,331
4.5,15,4,0,318
4.5,15,4,1,319
4.5,15,4,2,320
4.5,15,4,3,321
4.5,15,4,4,322
4.5,15,4,5,323
4.5,15,4,6,324
4.5,15,4,7,325
4.5,15,4,8,326
4.5,15,4,9,327
4.5,15,4,10,328
4.5,15,4,11,329
4.5,15,4,12,330
4.5,15,4,13,331
4.5,15,4,14,332
4.5,15,4,15,333
4.5,15,5,0,319
4.5,15,5,1,320
4.5,15,5,2,321
4.5,15,5,3,322
4.5,15,5,4,323
4.5,15,5,5,324
4.5,15,5,6,325
4.5,15,5,7,326
4.5,15,5,8,327
4.5,15,5,9,328
4.5,15,5,10,329
4.5,15,5,11,330
4.5,15,5,12,331
4.5,15,5,13,332
4.5,15,5,14,333
4.5,15,5,15,334
4.5,15,6,0,320
4.5,15,6,1,321
4.5,15,6,2,322
4.5,15,6,3,323
4.5,15,6,4,324
4.5,15,6,5,325
4.5,15,6,6,326
4.5,15,6,7,327
4.5,15,6,8,328
4.5,15,6,9,329
4.5,15,6,10,330
4.5,15,6,11,331
4.5,15,6,12,332
4.5,15,6,13,333
4.5,15,6,14,334
4.5,15,6,15,335
4.5,15,7,0,321
4.5,15,7,1,322
4.5,15,7,2,323
4.5,15,7,3,324
4.5,15,7,4,325
4.5,15,7,5,326
4.5,15,7,6,327
4.5,15,7,7,328
4.5,15,7,8,329
4.5,15,7,9,330
4.5,15,7,10,331
4.5,15,7,11,332
4.5,15,7,12,333
4.5,15,7,13,334
4.5,15,7,14,335
4.5,15,7,15,336
4.5,15,8,0,322
4.5,15,8,1,323
4.5,15,8,2,324
4.5,15,8,3,325
4.5,15,8,4,326
4.5,15,8,5,327
4.5,15,8,6,328
4.5,15,8,7,329
4.5,15,8,8,330
4.5,15,8,9,331
4.5,15,8,10,332
4.5,15,8,11,333
4.5,15,8,12,334
4.5,15,8,13,335
4.5,15,8,14,336
4.5,15,8,15,337
4.5,15,9,0,323
4.5,15,9,1,324
4.5,15,9,2,325
4.5,15,9,3,326
4.5,15,9,4,327
4.5,15,9,5,328
4.5,15,9,6,329
4.5,15,9,7,330
4.5,15,9,8,331
4.5,15,9,9,332
4.5,15,9,10,333
4.5,15,9,11,334
4.5,15,9,12,335
4.5,15,9,13,336
4.5,15,9,14,337
4.5,15,9,15,338
4.5,15,10,0,324
4.5,15,10,1,325
4.5,15,10,2,326
4.5,15,10,3,327
4.5,15,10,4,328
4.5,15,10,5,329
4.5,15,10,6,330
4.5,15,10,7,331
4.5,15,10,8,332
4.5,15,10,9,333
4.5,15,10,10,334
4.5,15,10,11,335
4.5,15,10,12,336
4.5,15,10,13,337
4.5,15,10,14,338
4.5,15,10,15,339
4.5,15,11,0,325
4.5,15,11,1,326
4.5,15,11,2,327
4.5,15,11,3,328
4.5,15,11,4,329
4.5,15,11,5,330
4.5,15,11,6,331
4.5,15,11,7,332
4.5,15,11,8,333
4.5,15,11,9,334
4.5,15,11,10,335
4.5,15,11,11,336
4.5,15,11,12,337
4.5,15,11,13,338
4.5,15,11,14,339
4.5,15,11,15,340
4.5,15,12,0,326
4.5,15,12,1,327
4.5,15,12,2,328
4.5,15,12,3,329
4.5,15,12,4,330
4.5,15,12,5,331
4.5,15,12,6,332
4.5,15,12,7,333
4.5,15,12,8,334
4.5,15,12,9,335
4.5,15,12,10,336
4.5,15,12,11,337
4.5,15,12,12,338
4.5,15,12,13,339
4.5,15,12,14,340
4.5,15,12,15,341
4.5,15,13,0,327
4.5,15,13,1,328
4.5,15,13,2,329
4.5,15,13,3,330
4.5,15,13,4,331
4.5,15,13,5,332
4.5,15,13,6,333
4.5,15,13,7,334
4.5,15,13,8,335
4.5,15,13,9,336
4.5,15,13,10,337
4.5,15,13,11,338
4.5,15,13,12,339
4.5,15,13,13,340
4.5,15,13,14,341
4.5,15,13,15,342
4.5,15,14,0,328
4.5,15,14,1,329
4.5,15,14,2,330
4.5,15,14,3,331
4.5,15,14,4,332
4.5,15,14,5,333
4.5,15,14,6,334
4.5,15,14,7,335
4.5,15,14,8,336
4.5,15,14,9,337
4.5,15,14,10,338
4.5,15,14,11,339
4.5,15,14,12,340
4.5,15,14,13,341
4.5,15,14,14,342
4.5,15,14,15,343
4.5,15,15,0,329
4.5,15,15,1,330
4.5,15,15,2,331
4.5,15,15,3,332
4.5,15,15,4,333
4.5,15,15,5,334
4.5,15,15,6,335
4.5,15,15,7,336
4.5,15,15,8,337
4.5,15,15,9,338
4.5,15,15,10,339
4.5,15,15,11,340
4.5,15,15,12,341
4.5,15,15,13,342
4.5,15,15,14,343
4.5,15,15,15,344
5.0,0,0,0,334
5.0,0,0,1,335
5.0,0,0,2,336
5.0,0,0,3,337
5.0,0,0,4,338
5.0,0,0,5,339
5.0,0,0,6,340
5.0,0,0,7,341
5.0,0,0,8,342
5.0,0,0,9,343
5.0,0,0,10,344
5.0,0,0,11,345
5.0,0,0,12,346
5.0,0,0,13,347
5.0,0,0,14,348
5.0,0,0,15,349
5.0,0,1,0,335
5.0,0,1,1,336
5.0,0,1,2,337
5.0,0,1,3,338
5.0,0,1,4,339
5.0,0,1,5,340
5.0,0,1,6,341
5.0,0,1,7,342
5.0,0,1,8,343
5.0,0,1,9,344
5.0,0,1,10,345
5.0,0,1,11,346
5.0,0,1,12,348
5.0,0,1,13,349
5.0,0,1,14,350
5.0,0,1,15,351
5.0,0,2,0,336
5.0,0,2,1,337
5.0,0,2,2,338
5.0,0,2,3,339
5.0,0,2,4,340
5.0,0,2,5,341
5.0,0,2,6,342
5.0,0,2,7,343
5.0,0,2,8,344
5.0,0,2,9,346
5.0,0,2,10,347
5.0,0,2,11,348
5.0,0,2,12,349
5.0,0,2,13,350
5.0,0,2,14,351
5.0,0,2,15,352
5.0,0,3,0,337
5.0,0,3,1,338
5.0,0,3,2,339
5.0,0,3,3,340
5.0,0,3,4,341
5.0,0,3,5,342
5.0,0,3,6,343
5.0,0,3,7,345
5.0,0,3,8,346
5.0,0,3,9,347
5.0,0,3,10,348
5.0,0,3,11,349
5.0,0,3,12,350
5.0,0,3,13,351
5.0,0,3,14,352
5.0,0,3,15,353
5.0,0,4,0,338
5.0,0,4,1,339
5.0,0,4,2,340
5.0,0,4,3,341
5.0,0,4,4,342
5.0,0,4,5,344
5.0,0,4,6,345
5.0,0,4,7,346
5.0,0,4,8,347
5.0,0,4,9,348
5.0,0,4,10,349
5.0,0,4,11,350
5.0,0,4,12,351
5.0,0,4,13,352
5.0,0,4,14,353
5.0,0,4,15,354
5.0,0,5,0,339
5.0,0,5,1,340
5.0,0,5,2,341
5.0,0,5,3,342
5.0,0,5,4,344
5.0,0,5,5,345
5.0,0,5,6,346
5.0,0,5,7,347
5.0,0,5,8,348
5.0,0,5,9,349
5.0,0,5,10,350
5.0,0,5,11,351
5.0,0,5,12,352
5.0,0,5,13,353
5.0,0,5,14,354
5.0,0,5,15,355
5.0,0,6,0,340
5.0,0,6,1,341
5.0,0,6,2,343
5.0,0,6,3,344
5.0,0,6,4,345
5.0,0,6,5,346
5.0,0,6,6,347
5.0,0,6,7,348
5.0,0,6,8,349
5.0,0,6,9,350
5.0,0,6,10,351
5.0,0,6,11,352
5.0,0,6,12,353
5.0,0,6,13,354
5.0,0,6,14,355
5.0,0,6,15,356
5.0,0,7,0,341
5.0,0,7,1,343
5.0,0,7,2,344
5.0,0,7,3,345
5.0,0,7,4,346
5.0,0,7,5,347
5.0,0,7,6,348
5.0,0,7,7,349
5.0,0,7,8,350
5.0,0,7,9,351
5.0,0,7,10,352
5.0,0,7,11,353
5.0,0,7,12,354
5.0,0,7,13,355
5.0,0,7,14,357
5.0,0,7,15,358
5.0,0,8,0,343
5.0,0,8,1,344
5.0,0,8,2,345
5.0,0,8,3,346
5.0,0,8,4,347
5.0,0,8,5,348
5.0,0,8,6,349
5.0,0,8,7,350
5.0,0,8,8,351
5.0,0,8,9,352
5.0,0,8,10,353
5.0,0,8,11,354
5.0,0,8,12,356
5.0,0,8,13,357
5.0,0,8,14,358
5.0,0,8,15,359
5.0,0,9,0,344
5.0,0,9,1,345
5.0,0,9,2,346
5.0,0,9,3,347
5.0,0,9,4,348
5.0,0,9,5,349
5.0,0,9,6,350
5.0,0,9,7,351
5.0,0,9,8,352
5.0,0,9,9,353
5.0,0,9,10,355
5.0,0,9,11,356
5.0,0,9,12,357
5.0,0,9,13,358
5.0,0,9,14,359
5.0,0,9,15,360
5.0,0,10,0,345
5.0,0,10,1,346
5.0,0,10,2,347
5.0,0,10,3,348
5.0,0,10,4,349
5.0,0,10,5,350
5.0,0,10,6,351
5.0,0,10,7,352
5.0,0,10,8,353
5.0,0,10,9,355
5.0,0,10,10,356
5.0,0,10,11,357
5.0,0,10,12,358
5.0,0,10,13,359
5.0,0,10,14,360
5.0,0,10,15,361
5.0,0,11,0,346
5.0,0,11,1,347
5.0,0,11,2,348
5.0,0,11,3,349
5.0,0,11,4,350
5.0,0,11,5,351
5.0,0,11,6,352
5.0,0,11,7,353
5.0,0,11,8,355
5.0,0,11,9,356
5.0,0,11,10,357
5.0,0,11,11,358
5.0,0,11,12,359
5.0,0,11,13,360
5.0,0,11,14,361
5.0,0,11,15,362
5.0,0,12,0,347
5.0,0,12,1,348
5.0,0,12,2,349
5.0,0,12,3,350
5.0,0,12,4,351
5.0,0,12,5,352
5.0,0,12,6,354
5.0,0,12,7,355
5.0,0,12,8,356
5.0,0,12,9,357
5.0,0,12,10,358
5.0,0,12,11,359
5.0,0,12,12,360
5.0,0,12,13,361
5.0,0,12,14,362
5.0,0,12,15,363
5.0,0,13,0,348
5.0,0,13,1,349
5.0,0,13,2,350
5.0,0,13,3,351
5.0,0,13,4,352
5.0,0,13,5,353
5.0,0,13,6,355
5.0,0,13,7,356
5.0,0,13,8,357
5.0,0,13,9,358
5.0,0,13,10,359
5.0,0,13,11,360
5.0,0,13,12,361
5.0,0,13,13,362
5.0,0,13,14,363
5.0,0,13,15,364
5.0,0,14,0,349
5.0,0,14,1,350
5.0,0,14,2,351
5.0,0,14,3,352
5.0,0,14,4,353
5.0,0,14,5,355
5.0,0,14,6,356
5.0,0,14,7,357
5.0,0,14,8,358
5.0,0,14,9,359
5.0,0,14,10,360
5.0,0,14,11,361
5.0,0,14,12,362
5.0,0,14,13,363
5.0,0,14,14,364
5.0,0,14,15,366
5.0,0,15,0,350
5.0,0,15,1,351
5.0,0,15,2,352
5.0,0,15,3,353
5.0,0,15,4,355
5.0,0,15,5,356
5.0,0,15,6,357
5.0,0,15,7,358
5.0,0,15,8,359
5.0,0,15,9,360
5.0,0,15,10,361
5.0,0,15,11,362
5.0,0,15,12,363
5.0,0,15,13,364
5.0,0,15,14,366
5.0,0,15,15,367
5.0,1,0,0,335
5.0,1,0,1,336
5.0,1,0,2,337
5.0,1,0,3,338
5.0,1,0,4,339
5.0,1,0,5,340
5.0,1,0,6,341
5.0,1,0,7,342
5.0,1,0,8,343
5.0,1,0,9,345
5.0,1,0,10,346
5.0,1,0,11,347
5.0,1,0,12,348
5.0,1,0,13,349
5.0,1,0,14,350
5.0,1,0,15,351
5.0,1,1,0,336
5.0,1,1,1,337
5.0,1,1,2,338
5.0,1,1,3,339
5.0,1,1,4,340
5.0,1,1,5,341
5.0,1,1,6,343
5.0,1,1,7,344
5.0,1,1,8,345
5.0,1,1,9,346
5.0,1,1,10,347
5.0,1,1,11,348
5.0,1,1,12,349
5.0,1,1,13,350
5.0,1,1,14,351
5.0,1,1,15,352
5.0,1,2,0,337
5.0,1,2,1,338
5.0,1,2,2,339
5.0,1,2,3,340
5.0,1,2,4,342
5.0,1,2,5,343
5.0,1,2,6,344
5.0,1,2,7,345
5.0,1,2,8,346
5.0,1,2,9,347
5.0,1,2,10,348
5.0,1,2,11,349
5.0,1,2,12,350
5.0,1,2,13,351
5.0,1,2,14,352
5.0,1,2,15,353
5.0,1,3,0,338
5.0,1,3,1,339
5.0,1,3,2,340
5.0,1,3,3,342
5.0,1,3,4,343
5.0,1,3,5,344
5.0,1,3,6,345
5.0,1,3,7,346
5.0,1,3,8,347
5.0,1,3,9,348
5.0,1,3,10,349
5.0,1,3,11,350
5.0,1,3,12,351
5.0,1,3,13,352
5.0,1,3,14,353
5.0,1,3,15,354
5.0,1,4,0,339
5.0,1,4,1,340
5.0,1,4,2,342
5.0,1,4,3,343
5.0,1,4,4,344
5.0,1,4,5,345
5.0,1,4,6,346
5.0,1,4,7,347
5.0,1,4,8,348
5.0,1,4,9,349
5.0,1,4,10,350
5.0,1,4,11,351
5.0,1,4,12,352
5.0,1,4,13,353
5.0,1,4,14,354
5.0,1,4,15,355
5.0,1,5,0,341
5.0,1,5,1,342
5.0,1,5,2,343
5.0,1,5,3,344
5.0,1,5,4,345
5.0,1,5,5,346
5.0,1,5,6,347
5.0,1,5,7,348
5.0,1,5,8,349
5.0,1,5,9,350
5.0,1,5,10,351
5.0,1,5,11,352
5.0,1,5,12,353
5.0,1,5,13,355
5.0,1,5,14,356
5.0,1,5,15,357
5.0,1,6,0,342
5.0,1,6,1,343
5.0,1,6,2,344
5.0,1,6,3,345
5.0,1,6,4,346
5.0,1,6,5,347
5.0,1,6,6,348
5.0,1,6,7,349
5.0,1,6,8,350
5.0,1,6,9,351
5.0,1,6,10,352
5.0,1,6,11,354
5.0,1,6,12,355
5.0,1,6,13,356
5.0,1,6,14,357
5.0,1,6,15,358
5.0,1,7,0,343
5.0,1,7,1,344
5.0,1,7,2,345
5.0,1,7,3,346
5.0,1,7,4,347
5.0,1,7,5,348
5.0,1,7,6,349
5.0,1,7,7,350
5.0,1,7,8,351
5.0,1,7,9,353
5.0,1,7,10,354
5.0,1,7,11,355
5.0,1,7,12,356
5.0,1,7,13,357
5.0,1,7,14,358
5.0,1,7,15,359
5.0,1,8,0,344
5.0,1,8,1,345
5.0,1,8,2,346
5.0,1,8,3,347
5.0,1,8,4,348
5.0,1,8,5,349
5.0,1,8,6,350
5.0,1,8,7,352
5.0,1,8,8,353
5.0,1,8,9,354
5.0,1,8,10,355
5.0,1,8,11,356
5.0,1,8,12,357
5.0,1,8,13,358
5.0,1,8,14,359
5.0,1,8,15,360
5.0,1,9,0,345
5.0,1,9,1,346
5.0,1,9,2,347
5.0,1,9,3,348
5.0,1,9,4,349
5.0,1,9,5,350
5.0,1,9,6,352
5.0,1,9,7,353
5.0,1,9,8,354
5.0,1,9,9,355
5.0,1,9,10,356
5.0,1,9,11,357
5.0,1,9,12,358
5.0,1,9,13,359
5.0,1,9,14,360
5.0,1,9,15,361
5.0,1,10,0,346
5.0,1,10,1,347
5.0,1,10,2,348
5.0,1,10,3,349
5.0,1,10,4,350
5.0,1,10,5,352
5.0,1,10,6,353
5.0,1,10,7,354
5.0,1,10,8,355
5.0,1,10,9,356
5.0,1,10,10,357
5.0,1,10,11,358
5.0,1,10,12,359
5.0,1,10,13,360
5.0,1,10,14,361
5.0,1,10,15,362
5.0,1,11,0,347
5.0,1,11,1,348
5.0,1,11,2,349
5.0,1,11,3,350
5.0,1,11,4,352
5.0,1,11,5,353
5.0,1,11,6,354
5.0,1,11,7,355
5.0,1,11,8,356
5.0,1,11,9,357
5.0,1,11,10,358
5.0,1,11,11,359
5.0,1,11,12,360
5.0,1,11,13,361
5.0,1,11,14,362
5.0,1,11,15,364
5.0,1,12,0,348
5.0,1,12,1,349
5.0,1,12,2,350
5.0,1,12,3,352
5.0,1,12,4,353
5.0,1,12,5,354
5.0,1,12,6,355
5.0,1,12,7,356
5.0,1,12,8,357
5.0,1,12,9,358
5.0,1,12,10,359
5.0,1,12,11,360
5.0,1,12,12,361
5.0,1,12,13,363
5.0,1,12,14,364
5.0,1,12,15,365
5.0,1,13,0,349
5.0,1,13,1,350
5.0,1,13,2,352
5.0,1,13,3,353
5.0,1,13,4,354
5.0,1,13,5,355
5.0,1,13,6,356
5.0,1,13,7,357
5.0,1,13,8,358
5.0,1,13,9,359
5.0,1,13,10,360
5.0,1,13,11,361
5.0,1,13,12,363
5.0,1,13,13,364
5.0,1,13,14,365
5.0,1,13,15,366
5.0,1,14,0,350
5.0,1,14,1,351
5.0,1,14,2,353
5.0,1,14,3,354
5.0,1,14,4,355
5.0,1,14,5,356
5.0,1,14,6,357
5.0,1,14,7,358
5.0,1,14,8,359
5.0,1,14,9,360
5.0,1,14,10,361
5.0,1,14,11,363
5.0,1,14,12,364
5.0,1,14,13,365
5.0,1,14,14,366
5.0,1,14,15,367
5.0,1,15,0,351
5.0,1,15,1,353
5.0,1,15,2,354
5.0,1,15,3,355
5.0,1,15,4,356
5.0,1,15,5,357
5.0,1,15,6,358
5.0,1,15,7,359
5.0,1,15,8,360
5.0,1,15,9,361
5.0,1,15,10,363
5.0,1,15,11,364
5.0,1,15,12,365
5.0,1,15,13,366
5.0,1,15,14,367
5.0,1,15,15,368
5.0,2,0,0,336
5.0,2,0,1,337
5.0,2,0,2,338
5.0,2,0,3,339
5.0,2,0,4,341
5.0,2,0,5,342
5.0,2,0,6,343
5.0,2,0,7,344
5.0,2,0,8,345
5.0,2,0,9,346
5.0,2,0,10,347
5.0,2,0,11,348
5.0,2,0,12,349
5.0,2,0,13,350
5.0,2,0,14,351
5.0,2,0,15,352
5.0,2,1,0,337
5.0,2,1,1,338
5.0,2,1,2,340
5.0,2,1,3,341
5.0,2,1,4,342
5.0,2,1,5,343
5.0,2,1,6,344
5.0,2,1,7,345
5.0,2,1,8,346
5.0,2,1,9,347
5.0,2,1,10,348
5.0,2,1,11,349
5.0,2,1,12,350
5.0,2,1,13,351
5.0,2,1,14,352
5.0,2,1,15,353
5.0,2,2,0,338
5.0,2,2,1,340
5.0,2,2,2,341
5.0,2,2,3,342
5.0,2,2,4,343
5.0,2,2,5,344
5.0,2,2,6,345
5.0,2,2,7,346
5.0,2,2,8,347
5.0,2,2,9,348
5.0,2,2,10,349
5.0,2,2,11,350
5.0,2,2,12,351
5.0,2,2,13,352
5.0,2,2,14,353
5.0,2,2,15,354
5.0,2,3,0,340
5.0,2,3,1,341
5.0,2,3,2,342
5.0,2,3,3,343
5.0,2,3,4,344
5.0,2,3,5,345
5.0,2,3,6,346
5.0,2,3,7,347
5.0,2,3,8,348
5.0,2,3,9,349
5.0,2,3,10,350
5.0,2,3,11,351
5.0,2,3,12,353
5.0,2,3,13,354
5.0,2,3,14,355
5.0,2,3,15,356
5.0,2,4,0,341
5.0,2,4,1,342
5.0,2,4,2,343
5.0,2,4,3,344
5.0,2,4,4,345
5.0,2,4,5,346
5.0,2,4,6,347
5.0,2,4,7,348
5.0,2,4,8,349
5.0,2,4,9,350
5.0,2,4,10,352
5.0,2,4,11,353
5.0,2,4,12,354
5.0,2,4,13,355
5.0,2,4,14,356
5.0,2,4,15,357
5.0,2,5,0,342
5.0,2,5,1,343
5.0,2,5,2,344
5.0,2,5,3,345
5.0,2,5,4,346
5.0,2,5,5,347
5.0,2,5,6,348
5.0,2,5,7,349
5.0,2,5,8,351
5.0,2,5,9,352
5.0,2,5,10,353
5.0,2,5,11,354
5.0,2,5,12,355
5.0,2,5,13,356
5.0,2,5,14,357
5.0,2,5,15,358
5.0,2,6,0,343
5.0,2,6,1,344
5.0,2,6,2,345
5.0,2,6,3,346
5.0,2,6,4,347
5.0,2,6,5,348
5.0,2,6,6,350
5.0,2,6,7,351
5.0,2,6,8,352
5.0,2,6,9,353
5.0,2,6,10,354
5.0,2,6,11,355
5.0,2,6,12,356
5.0,2,6,13,357
5.0,2,6,14,358
5.0,2,6,15,359
5.0,2,7,0,344
5.0,2,7,1,345
5.0,2,7,2,346
5.0,2,7,3,347
5.0,2,7,4,348
5.0,2,7,5,350
5.0,2,7,6,351
5.0,2,7,7,352
5.0,2,7,8,353
5.0,2,7,9,354
5.0,2,7,10,355
5.0,2,7,11,356
5.0,2,7,12,357
5.0,2,7,13,358
5.0,2,7,14,359
5.0,2,7,15,360
5.0,2,8,0,345
5.0,2,8,1,346
5.0,2,8,2,347
5.0,2,8,3,348
5.0,2,8,4,350
5.0,2,8,5,351
5.0,2,8,6,352
5.0,2,8,7,353
5.0,2,8,8,354
5.0,2,8,9,355
5.0,2,8,10,356
5.0,2,8,11,357
5.0,2,8,12,358
5.0,2,8,13,359
5.0,2,8,14,360
5.0,2,8,15,361
5.0,2,9,0,346
5.0,2,9,1,347
5.0,2,9,2,348
5.0,2,9,3,350
5.0,2,9,4,351
5.0,2,9,5,352
5.0,2,9,6,353
5.0,2,9,7,354
5.0,2,9,8,355
5.0,2,9,9,356
5.0,2,9,10,357
5.0,2,9,11,358
5.0,2,9,12,359
5.0,2,9,13,360
5.0,2,9,14,362
5.0,2,9,15,363
5.0,2,10,0,347
5.0,2,10,1,348
5.0,2,10,2,350
5.0,2,10,3,351
5.0,2,10,4,352
5.0,2,10,5,353
5.0,2,10,6,354
5.0,2,10,7,355
5.0,2,10,8,356
5.0,2,10,9,357
5.0,2,10,10,358
5.0,2,10,11,359
5.0,2,10,12,361
5.0,2,10,13,362
5.0,2,10,14,363
5.0,2,10,15,364
5.0,2,11,0,348
5.0,2,11,1,350
5.0,2,11,2,351
5.0,2,11,3,352
5.0,2,11,4,353
5.0,2,11,5,354
5.0,2,11,6,355
5.0,2,11,7,356
5.0,2,11,8,357
5.0,2,11,9,358
5.0,2,11,10,359
5.0,2,11,11,361
5.0,2,11,12,362
5.0,2,11,13,363
5.0,2,11,14,364
5.0,2,11,15,365
5.0,2,12,0,350
5.0,2,12,1,351
5.0,2,12,2,352
5.0,2,12,3,353
5.0,2,12,4,354
5.0,2,12,5,355
5.0,2,12,6,356
5.0,2,12,7,357
5.0,2,12,8,358
5.0,2,12,9,360
5.0,2,12,10,361
5.0,2,12,11,362
5.0,2,12,12,363
5.0,2,12,13,364
5.0,2,12,14,365
5.0,2,12,15,366
5.0,2,13,0,351
5.0,2,13,1,352
5.0,2,13,2,353
5.0,2,13,3,354
5.0,2,13,4,355
5.0,2,13,5,356
5.0,2,13,6,357
5.0,2,13,7,358
5.0,2,13,8,360
5.0,2,13,9,361
5.0,2,13,10,362
5.0,2,13,11,363
5.0,2,13,12,364
5.0,2,13,13,365
5.0,2,13,14,366
5.0,2,13,15,367
5.0,2,14,0,352
5.0,2,14,1,353
5.0,2,14,2,354
5.0,2,14,3,355
5.0,2,14,4,356
5.0,2,14,5,357
5.0,2,14,6,358
5.0,2,14,7,360
5.0,2,14,8,361
5.0,2,14,9,362
5.0,2,14,10,363
5.0,2,14,11,364
5.0,2,14,12,365
5.0,2,14,13,366
5.0,2,14,14,367
5.0,2,14,15,368
5.0,2,15,0,353
5.0,2,15,1,354
5.0,2,15,2,355
5.0,2,15,3,356
5.0,2,15,4,357
5.0,2,15,5,358
5.0,2,15,6,360
5.0,2,15,7,361
5.0,2,15,8,362
5.0,2,15,9,363
5.0,2,15,10,364
5.0,2,15,11,365
5.0,2,15,12,366
5.0,2,15,13,367
5.0,2,15,14,368
5.0,2,15,15,369
5.0,3,0,0,337
5.0,3,0,1,339
5.0,3,0,2,340
5.0,3,0,3,341
5.0,3,0,4,342
5.0,3,0,5,343
5.0,3,0,6,344
5.0,3,0,7,345
5.0,3,0,8,346
5.0,3,0,9,347
5.0,3,0,10,348
5.0,3,0,11,349
5.0,3,0,12,350
5.0,3,0,13,351
5.0,3,0,14,352
5.0,3,0,15,353
5.0,3,1,0,339
5.0,3,1,1,340
5.0,3,1,2,341
5.0,3,1,3,342
5.0,3,1,4,343
5.0,3,1,5,344
5.0,3,1,6,345
5.0,3,1,7,346
5.0,3,1,8,347
5.0,3,1,9,348
5.0,3,1,10,349
5.0,3,1,11,350
5.0,3,1,12,352
5.0,3,1,13,353
5.0,3,1,14,354
5.0,3,1,15,355
5.0,3,2,0,340
5.0,3,2,1,341
5.0,3,2,2,342
5.0,3,2,3,343
5.0,3,2,4,344
5.0,3,2,5,345
5.0,3,2,6,346
5.0,3,2,7,347
5.0,3,2,8,348
5.0,3,2,9,349
5.0,3,2,10,351
5.0,3,2,11,352
5.0,3,2,12,353
5.0,3,2,13,354
5.0,3,2,14,355
5.0,3,2,15,356
5.0,3,3,0,341
5.0,3,3,1,342
5.0,3,3,2,343
5.0,3,3,3,344
5.0,3,3,4,345
5.0,3,3,5,346
5.0,3,3,6,347
5.0,3,3,7,349
5.0,3,3,8,350
5.0,3,3,9,351
5.0,3,3,10,352
5.0,3,3,11,353
5.0,3,3,12,354
5.0,3,3,13,355
5.0,3,3,14,356
5.0,3,3,15,357
5.0,3,4,0,342
5.0,3,4,1,343
5.0,3,4,2,344
5.0,3,4,3,345
5.0,3,4,4,346
5.0,3,4,5,347
5.0,3,4,6,349
5.0,3,4,7,350
5.0,3,4,8,351
5.0,3,4,9,352
5.0,3,4,10,353
5.0,3,4,11,354
5.0,3,4,12,355
5.0,3,4,13,356
5.0,3,4,14,357
5.0,3,4,15,358
5.0,3,5,0,343
5.0,3,5,1,344
5.0,3,5,2,345
5.0,3,5,3,346
5.0,3,5,4,348
5.0,3,5,5,349
5.0,3,5,6,350
5.0,3,5,7,351
5.0,3,5,8,352
5.0,3,5,9,353
5.0,3,5,10,354
5.0,3,5,11,355
5.0,3,5,12,356
5.0,3,5,13,357
5.0,3,5,14,358
5.0,3,5,15,359
5.0,3,6,0,344
5.0,3,6,1,345
5.0,3,6,2,346
5.0,3,6,3,348
5.0,3,6,4,349
5.0,3,6,5,350
5.0,3,6,6,351
5.0,3,6,7,352
5.0,3,6,8,353
5.0,3,6,9,354
5.0,3,6,10,355
5.0,3,6,11,356
5.0,3,6,12,357
5.0,3,6,13,358
5.0,3,6,14,359
5.0,3,6,15,361
5.0,3,7,0,345
5.0,3,7,1,346
5.0,3,7,2,348
5.0,3,7,3,349
5.0,3,7,4,350
5.0,3,7,5,351
5.0,3,7,6,352
5.0,3,7,7,353
5.0,3,7,8,354
5.0,3,7,9,355
5.0,3,7,10,356
5.0,3,7,11,357
5.0,3,7,12,358
5.0,3,7,13,360
5.0,3,7,14,361
5.0,3,7,15,362
5.0,3,8,0,346
5.0,3,8,1,348
5.0,3,8,2,349
5.0,3,8,3,350
5.0,3,8,4,351
5.0,3,8,5,352
5.0,3,8,6,353
5.0,3,8,7,354
5.0,3,8,8,355
5.0,3,8,9,356
5.0,3,8,10,357
5.0,3,8,11,359
5.0,3,8,12,360
5.0,3,8,13,361
5.0,3,8,14,362
5.0,3,8,15,363
5.0,3,9,0,348
5.0,3,9,1,349
5.0,3,9,2,350
5.0,3,9,3,351
5.0,3,9,4,352
5.0,3,9,5,353
5.0,3,9,6,354
5.0,3,9,7,355
5.0,3,9,8,356
5.0,3,9,9,358
5.0,3,9,10,359
5.0,3,9,11,360
5.0,3,9,12,361
5.0,3,9,13,362
5.0,3,9,14,363
5.0,3,9,15,364
5.0,3,10,0,349
5.0,3,10,1,350
5.0,3,10,2,351
5.0,3,10,3,352
5.0,3,10,4,353
5.0,3,10,5,354
5.0,3,10,6,355
5.0,3,10,7,356
5.0,3,10,8,358
5.0,3,10,9,359
5.0,3,10,10,360
5.0,3,10,11,361
5.0,3,10,12,362
5.0,3,10,13,363
5.0,3,10,14,364
5.0,3,10,15,365
5.0,3,11,0,350
5.0,3,11,1,351
5.0,3,11,2,352
5.0,3,11,3,353
5.0,3,11,4,354
5.0,3,11,5,355
5.0,3,11,6,356
5.0,3,11,7,358
5.0,3,11,8,359
5.0,3,11,9,360
5.0,3,11,10,361
5.0,3,11,11,362
5.0,3,11,12,363
5.0,3,11,13,364
5.0,3,11,14,365
5.0,3,11,15,366
5.0,3,12,0,351
5.0,3,12,1,352
5.0,3,12,2,353
5.0,3,12,3,354
5.0,3,12,4,355
5.0,3,12,5,356
5.0,3,12,6,358
5.0,3,12,7,359
5.0,3,12,8,360
5.0,3,12,9,361
5.0,3,12,10,362
5.0,3,12,11,363
5.0,3,12,12,364
5.0,3,12,13,365
5.0,3,12,14,366
5.0,3,12,15,367
5.0,3,13,0,352
5.0,3,13,1,353
5.0,3,13,2,354
5.0,3,13,3,355
5.0,3,13,4,356
5.0,3,13,5,358
5.0,3,13,6,359
5.0,3,13,7,360
5.0,3,13,8,361
5.0,3,13,9,362
5.0,3,13,10,363
5.0,3,13,11,364
5.0,3,13,12,365
5.0,3,13,13,366
5.0,3,13,14,368
5.0,3,13,15,369
5.0,3,14,0,353
5.0,3,14,1,354
5.0,3,14,2,355
5.0,3,14,3,356
5.0,3,14,4,358
5.0,3,14,5,359
5.0,3,14,6,360
5.0,3,14,7,361
5.0,3,14,8,362
5.0,3,14,9,363
5.0,3,14,10,364
5.0,3,14,11,365
5.0,3,14,12,366
5.0,3,14,13,368
5.0,3,14,14,369
5.0,3,14,15,370
5.0,3,15,0,354
5.0,3,15,1,355
5.0,3,15,2,356
5.0,3,15,3,358
5.0,3,15,4,359
5.0,3,15,5,360
5.0,3,15,6,361
5.0,3,15,7,362
5.0,3,15,8,363
5.0,3,15,9,364
5.0,3,15,10,365
5.0,3,15,11,366
5.0,3,15,12,368
5.0,3,15,13,369
5.0,3,15,14,370
5.0,3,15,15,371
5.0,4,0,0,339
5.0,4,0,1,340
5.0,4,0,2,341
5.0,4,0,3,342
5.0,4,0,4,343
5.0,4,0,5,344
5.0,4,0,6,345
5.0,4,0,7,346
5.0,4,0,8,347
5.0,4,0,9,348
5.0,4,0,10,350
5.0,4,0,11,351
5.0,4,0,12,352
5.0,4,0,13,353
5.0,4,0,14,354
5.0,4,0,15,355
5.0,4,1,0,340
5.0,4,1,1,341
5.0,4,1,2,342
5.0,4,1,3,343
5.0,4,1,4,344
5.0,4,1,5,345
5.0,4,1,6,346
5.0,4,1,7,348
5.0,4,1,8,349
5.0,4,1,9,350
5.0,4,1,10,351
5.0,4,1,11,352
5.0,4,1,12,353
5.0,4,1,13,354
5.0,4,1,14,355
5.0,4,1,15,356
5.0,4,2,0,341
5.0,4,2,1,342
5.0,4,2,2,343
5.0,4,2,3,344
5.0,4,2,4,345
5.0,4,2,5,347
5.0,4,2,6,348
5.0,4,2,7,349
5.0,4,2,8,350
5.0,4,2,9,351
5.0,4,2,10,352
5.0,4,2,11,353
5.0,4,2,12,354
5.0,4,2,13,355
5.0,4,2,14,356
5.0,4,2,15,357
5.0,4,3,0,342
5.0,4,3,1,343
5.0,4,3,2,344
5.0,4,3,3,345
5.0,4,3,4,347
5.0,4,3,5,348
5.0,4,3,6,349
5.0,4,3,7,350
5.0,4,3,8,351
5.0,4,3,9,352
5.0,4,3,10,353
5.0,4,3,11,354
5.0,4,3,12,355
5.0,4,3,13,356
5.0,4,3,14,357
5.0,4,3,15,358
5.0,4,4,0,343
5.0,4,4,1,344
5.0,4,4,2,346
5.0,4,4,3,347
5.0,4,4,4,348
5.0,4,4,5,349
5.0,4,4,6,350
5.0,4,4,7,351
5.0,4,4,8,352
5.0,4,4,9,353
5.0,4,4,10,354
5.0,4,4,11,355
5.0,4,4,12,356
5.0,4,4,13,357
5.0,4,4,14,358
5.0,4,4,15,360
5.0,4,5,0,344
5.0,4,5,1,346
5.0,4,5,2,347
5.0,4,5,3,348
5.0,4,5,4,349
5.0,4,5,5,350
5.0,4,5,6,351
5.0,4,5,7,352
5.0,4,5,8,353
5.0,4,5,9,354
5.0,4,5,10,355
5.0,4,5,11,356
5.0,4,5,12,358
5.0,4,5,13,359
5.0,4,5,14,360
5.0,4,5,15,361
5.0,4,6,0,346
5.0,4,6,1,347
5.0,4,6,2,348
5.0,4,6,3,349
5.0,4,6,4,350
5.0,4,6,5,351
5.0,4,6,6,352
5.0,4,6,7,353
5.0,4,6,8,354
5.0,4,6,9,355
5.0,4,6,10,357
5.0,4,6,11,358
5.0,4,6,12,359
5.0,4,6,13,360
5.0,4,6,14,361
5.0,4,6,15,362
5.0,4,7,0,347
5.0,4,7,1,348
5.0,4,7,2,349
5.0,4,7,3,350
5.0,4,7,4,351
5.0,4,7,5,352
5.0,4,7,6,353
5.0,4,7,7,354
5.0,4,7,8,355
5.0,4,7,9,357
5.0,4,7,10,358
5.0,4,7,11,359
5.0,4,7,12,360
5.0,4,7,13,361
5.0,4,7,14,362
5.0,4,7,15,363
5.0,4,8,0,348
5.0,4,8,1,349
5.0,4,8,2,350
5.0,4,8,3,351
5.0,4,8,4,352
5.0,4,8,5,353
5.0,4,8,6,354
5.0,4,8,7,356
5.0,4,8,8,357
5.0,4,8,9,358
5.0,4,8,10,359
5.0,4,8,11,360
5.0,4,8,12,361
5.0,4,8,13,362
5.0,4,8,14,363
5.0,4,8,15,364
5.0,4,9,0,349
5.0,4,9,1,350
5.0,4,9,2,351
5.0,4,9,3,352
5.0,4,9,4,353
5.0,4,9,5,354
5.0,4,9,6,356
5.0,4,9,7,357
5.0,4,9,8,358
5.0,4,9,9,359
5.0,4,9,10,360
5.0,4,9,11,361
5.0,4,9,12,362
5.0,4,9,13,363
5.0,4,9,14,364
5.0,4,9,15,365
5.0,4,10,0,350
5.0,4,10,1,351
5.0,4,10,2,352
5.0,4,10,3,353
5.0,4,10,4,354
5.0,4,10,5,356
5.0,4,10,6,357
5.0,4,10,7,358
5.0,4,10,8,359
5.0,4,10,9,360
5.0,4,10,10,361
5.0,4,10,11,362
5.0,4,10,12,363
5.0,4,10,13,364
5.0,4,10,14,365
5.0,4,10,15,367
5.0,4,11,0,351
5.0,4,11,1,352
5.0,4,11,2,353
5.0,4,11,3,354
5.0,4,11,4,356
5.0,4,11,5,357
5.0,4,11,6,358
5.0,4,11,7,359
5.0,4,11,8,360
5.0,4,11,9,361
5.0,4,11,10,362
5.0,4,11,11,363
5.0,4,11,12,364
5.0,4,11,13,366
5.0,4,11,14,367
5.0,4,11,15,368
5.0,4,12,0,352
5.0,4,12,1,353
5.0,4,12,2,354
5.0,4,12,3,356
5.0,4,12,4,357
5.0,4,12,5,358
5.0,4,12,6,359
5.0,4,12,7,360
5.0,4,12,8,361
5.0,4,12,9,362
5.0,4,12,10,363
5.0,4,12,11,364
5.0,4,12,12,366
5.0,4,12,13,367
5.0,4,12,14,368
5.0,4,12,15,369
5.0,4,13,0,353
5.0,4,13,1,354
5.0,4,13,2,356
5.0,4,13,3,357
5.0,4,13,4,358
5.0,4,13,5,359
5.0,4,13,6,360
5.0,4,13,7,361
5.0,4,13,8,362
5.0,4,13,9,363
5.0,4,13,10,364
5.0,4,13,11,366
5.0,4,13,12,367
5.0,4,13,13,368
5.0,4,13,14,369
5.0,4,13,15,370
5.0,4,14,0,354
5.0,4,14,1,355
5.0,4,14,2,357
5.0,4,14,3,358
5.0,4,14,4,359
5.0,4,14,5,360
5.0,4,14,6,361
5.0,4,14,7,362
5.0,4,14,8,363
5.0,4,14,9,365
5.0,4,14,10,366
5.0,4,14,11,367
5.0,4,14,12,368
5.0,4,14,13,369
5.0,4,14,14,370
5.0,4,14,15,371
5.0,4,15,0,355
5.0,4,15,1,357
5.0,4,15,2,358
5.0,4,15,3,359
5.0,4,15,4,360
5.0,4,15,5,361
5.0,4,15,6,362
5.0,4,15,7,363
5.0,4,15,8,365
5.0,4,15,9,366
5.0,4,15,10,367
5.0,4,15,11,368
5.0,4,15,12,369
5.0,4,15,13,370
5.0,4,15,14,371
5.0,4,15,15,372
5.0,5,0,0,340
5.0,5,0,1,341
5.0,5,0,2,342
5.0,5,0,3,343
5.0,5,0,4,344
5.0,5,0,5,346
5.0,5,0,6,347
5.0,5,0,7,348
5.0,5,0,8,349
5.0,5,0,9,350
5.0,5,0,10,351
5.0,5,0,11,352
5.0,5,0,12,353
5.0,5,0,13,354
5.0,5,0,14,355
5.0,5,0,15,356
5.0,5,1,0,341
5.0,5,1,1,342
5.0,5,1,2,343
5.0,5,1,3,344
5.0,5,1,4,346
5.0,5,1,5,347
5.0,5,1,6,348
5.0,5,1,7,349
5.0,5,1,8,350
5.0,5,1,9,351
5.0,5,1,10,352
5.0,5,1,11,353
5.0,5,1,12,354
5.0,5,1,13,355
5.0,5,1,14,356
5.0,5,1,15,357
5.0,5,2,0,342
5.0,5,2,1,343
5.0,5,2,2,345
5.0,5,2,3,346
5.0,5,2,4,347
5.0,5,2,5,348
5.0,5,2,6,349
5.0,5,2,7,350
5.0,5,2,8,351
5.0,5,2,9,352
5.0,5,2,10,353
5.0,5,2,11,354
5.0,5,2,12,355
5.0,5,2,13,356
5.0,5,2,14,357
5.0,5,2,15,359
5.0,5,3,0,343
5.0,5,3,1,345
5.0,5,3,2,346
5.0,5,3,3,347
5.0,5,3,4,348
5.0,5,3,5,349
5.0,5,3,6,350
5.0,5,3,7,351
5.0,5,3,8,352
5.0,5,3,9,353
5.0,5,3,10,354
5.0,5,3,11,355
5.0,5,3,12,357
5.0,5,3,13,358
5.0,5,3,14,359
5.0,5,3,15,360
5.0,5,4,0,345
5.0,5,4,1,346
5.0,5,4,2,347
5.0,5,4,3,348
5.0,5,4,4,349
5.0,5,4,5,350
5.0,5,4,6,351
5.0,5,4,7,352
5.0,5,4,8,353
5.0,5,4,9,354
5.0,5,4,10,356
5.0,5,4,11,357
5.0,5,4,12,358
5.0,5,4,13,359
5.0,5,4,14,360
5.0,5,4,15,361
5.0,5,5,0,346
5.0,5,5,1,347
5.0,5,5,2,348
5.0,5,5,3,349
5.0,5,5,4,350
5.0,5,5,5,351
5.0,5,5,6,352
5.0,5,5,7,353
5.0,5,5,8,355
5.0,5,5,9,356
5.0,5,5,10,357
5.0,5,5,11,358
5.0,5,5,12,359
5.0,5,5,13,360
5.0,5,5,14,361
5.0,5,5,15,362
5.0,5,6,0,347
5.0,5,6,1,348
5.0,5,6,2,349
5.0,5,6,3,350
5.0,5,6,4,351
5.0,5,6,5,352
5.0,5,6,6,354
5.0,5,6,7,355
5.0,5,6,8,356
5.0,5,6,9,357
5.0,5,6,10,358
5.0,5,6,11,359
5.0,5,6,12,360
5.0,5,6,13,361
5.0,5,6,14,362
5.0,5,6,15,363
5.0,5,7,0,348
5.0,5,7,1,349
5.0,5,7,2,350
5.0,5,7,3,351
5.0,5,7,4,352
5.0,5,7,5,354
5.0,5,7,6,355
5.0,5,7,7,356
5.0,5,7,8,357
5.0,5,7,9,358
5.0,5,7,10,359
5.0,5,7,11,360
5.0,5,7,12,361
5.0,5,7,13,362
5.0,5,7,14,363
5.0,5,7,15,364
5.0,5,8,0,349
5.0,5,8,1,350
5.0,5,8,2,351
5.0,5,8,3,352
5.0,5,8,4,354
5.0,5,8,5,355
5.0,5,8,6,356
5.0,5,8,7,357
5.0,5,8,8,358
5.0,5,8,9,359
5.0,5,8,10,360
5.0,5,8,11,361
5.0,5,8,12,362
5.0,5,8,13,363
5.0,5,8,14,365
5.0,5,8,15,366
5.0,5,9,0,350
5.0,5,9,1,351
5.0,5,9,2,352
5.0,5,9,3,354
5.0,5,9,4,355
5.0,5,9,5,356
5.0,5,9,6,357
5.0,5,9,7,358
5.0,5,9,8,359
5.0,5,9,9,360
5.0,5,9,10,361
5.0,5,9,11,362
5.0,5,9,12,364
5.0,5,9,13,365
5.0,5,9,14,366
5.0,5,9,15,367
5.0,5,10,0,351
5.0,5,10,1,352
5.0,5,10,2,354
5.0,5,10,3,355
5.0,5,10,4,356
5.0,5,10,5,357
5.0,5,10,6,358
5.0,5,10,7,359
5.0,5,10,8,360
5.0,5,10,9,361
5.0,5,10,10,362
5.0,5,10,11,364
5.0,5,10,12,365
5.0,5,10,13,366
5.0,5,10,14,367
5.0,5,10,15,368
5.0,5,11,0,352
5.0,5,11,1,354
5.0,5,11,2,355
5.0,5,11,3,356
5.0,5,11,4,357
5.0,5,11,5,358
5.0,5,11,6,359
5.0,5,11,7,360
5.0,5,11,8,361
5.0,5,11,9,363
5.0,5,11,10,364
5.0,5,11,11,365
5.0,5,11,12,366
5.0,5,11,13,367
5.0,5,11,14,368
5.0,5,11,15,369
5.0,5,12,0,354
5.0,5,12,1,355
5.0,5,12,2,356
5.0,5,12,3,357
5.0,5,12,4,358
5.0,5,12,5,359
5.0,5,12,6,360
5.0,5,12,7,361
5.0,5,12,8,363
5.0,5,12,9,364
5.0,5,12,10,365
5.0,5,12,11,366
5.0,5,12,12,367
5.0,5,12,13,368
5.0,5,12,14,369
5.0,5,12,15,370
5.0,5,13,0,355
5.0,5,13,1,356
5.0,5,13,2,357
5.0,5,13,3,358
5.0,5,13,4,359
5.0,5,13,5,360
5.0,5,13,6,361
5.0,5,13,7,363
5.0,5,13,8,364
5.0,5,13,9,365
5.0,5,13,10,366
5.0,5,13,11,367
5.0,5,13,12,368
5.0,5,13,13,369
5.0,5,13,14,370
5.0,5,13,15,371
5.0,5,14,0,356
5.0,5,14,1,357
5.0,5,14,2,358
5.0,5,14,3,359
5.0,5,14,4,360
5.0,5,14,5,361
5.0,5,14,6,363
5.0,5,14,7,364
5.0,5,14,8,365
5.0,5,14,9,366
5.0,5,14,10,367
5.0,5,14,11,368
5.0,5,14,12,369
5.0,5,14,13,370
5.0,5,14,14,371
5.0,5,14,15,373
5.0,5,15,0,357
5.0,5,15,1,358
5.0,5,15,2,359
5.0,5,15,3,360
5.0,5,15,4,361
5.0,5,15,5,363
5.0,5,15,6,364
5.0,5,15,7,365
5.0,5,15,8,366
5.0,5,15,9,367
5.0,5,15,10,368
5.0,5,15,11,369
5.0,5,15,12,370
5.0,5,15,13,371
5.0,5,15,14,373
5.0,5,15,15,374
5.0,6,0,0,341
5.0,6,0,1,342
5.0,6,0,2,344
5.0,6,0,3,345
5.0,6,0,4,346
5.0,6,0,5,347
5.0,6,0,6,348
5.0,6,0,7,349
5.0,6,0,8,350
5.0,6,0,9,351
5.0,6,0,10,352
5.0,6,0,11,353
5.0,6,0,12,354
5.0,6,0,13,355
5.0,6,0,14,356
5.0,6,0,15,357
5.0,6,1,0,342
5.0,6,1,1,344
5.0,6,1,2,345
5.0,6,1,3,346
5.0,6,1,4,347
5.0,6,1,5,348
5.0,6,1,6,349
5.0,6,1,7,350
5.0,6,1,8,351
5.0,6,1,9,352
5.0,6,1,10,353
5.0,6,1,11,354
5.0,6,1,12,356
5.0,6,1,13,357
5.0,6,1,14,358
5.0,6,1,15,359
5.0,6,2,0,344
5.0,6,2,1,345
5.0,6,2,2,346
5.0,6,2,3,347
5.0,6,2,4,348
5.0,6,2,5,349
5.0,6,2,6,350
5.0,6,2,7,351
5.0,6,2,8,352
5.0,6,2,9,353
5.0,6,2,10,355
5.0,6,2,11,356
5.0,6,2,12,357
5.0,6,2,13,358
5.0,6,2,14,359
5.0,6,2,15,360
5.0,6,3,0,345
5.0,6,3,1,346
5.0,6,3,2,347
5.0,6,3,3,348
5.0,6,3,4,349
5.0,6,3,5,350
5.0,6,3,6,351
5.0,6,3,7,352
5.0,6,3,8,354
5.0,6,3,9,355
5.0,6,3,10,356
5.0,6,3,11,357
5.0,6,3,12,358
5.0,6,3,13,359
5.0,6,3,14,360
5.0,6,3,15,361
5.0,6,4,0,346
5.0,6,4,1,347
5.0,6,4,2,348
5.0,6,4,3,349
5.0,6,4,4,350
5.0,6,4,5,351
5.0,6,4,6,353
5.0,6,4,7,354
5.0,6,4,8,355
5.0,6,4,9,356
5.0,6,4,10,357
5.0,6,4,11,358
5.0,6,4,12,359
5.0,6,4,13,360
5.0,6,4,14,361
5.0,6,4,15,362
5.0,6,5,0,347
5.0,6,5,1,348
5.0,6,5,2,349
5.0,6,5,3,350
5.0,6,5,4,351
5.0,6,5,5,353
5.0,6,5,6,354
5.0,6,5,7,355
5.0,6,5,8,356
5.0,6,5,9,357
5.0,6,5,10,358
5.0,6,5,11,359
5.0,6,5,12,360
5.0,6,5,13,361
5.0,6,5,14,362
5.0,6,5,15,363
5.0,6,6,0,348
5.0,6,6,1,349
5.0,6,6,2,350
5.0,6,6,3,352
5.0,6,6,4,353
5.0,6,6,5,354
5.0,6,6,6,355
5.0,6,6,7,356
5.0,6,6,8,357
5.0,6,6,9,358
5.0,6,6,10,359
5.0,6,6,11,360
5.0,6,6,12,361
5.0,6,6,13,362
5.0,6,6,14,364
5.0,6,6,15,365
5.0,6,7,0,349
5.0,6,7,1,350
5.0,6,7,2,352
5.0,6,7,3,353
5.0,6,7,4,354
5.0,6,7,5,355
5.0,6,7,6,356
5.0,6,7,7,357
5.0,6,7,8,358
5.0,6,7,9,359
5.0,6,7,10,360
5.0,6,7,11,361
5.0,6,7,12,363
5.0,6,7,13,364
5.0,6,7,14,365
5.0,6,7,15,366
5.0,6,8,0,350
5.0,6,8,1,352
5.0,6,8,2,353
5.0,6,8,3,354
5.0,6,8,4,355
5.0,6,8,5,356
5.0,6,8,6,357
5.0,6,8,7,358
5.0,6,8,8,359
5.0,6,8,9,360
5.0,6,8,10,362
5.0,6,8,11,363
5.0,6,8,12,364
5.0,6,8,13,365
5.0,6,8,14,366
5.0,6,8,15,367
5.0,6,9,0,352
5.0,6,9,1,353
5.0,6,9,2,354
5.0,6,9,3,355
5.0,6,9,4,356
5.0,6,9,5,357
5.0,6,9,6,358
5.0,6,9,7,359
5.0,6,9,8,360
5.0,6,9,9,362
5.0,6,9,10,363
5.0,6,9,11,364
5.0,6,9,12,365
5.0,6,9,13,366
5.0,6,9,14,367
5.0,6,9,15,368
5.0,6,10,0,353
5.0,6,10,1,354
5.0,6,10,2,355
5.0,6,10,3,356
5.0,6,10,4,357
5.0,6,10,5,358
5.0,6,10,6,359
5.0,6,10,7,361
5.0,6,10,8,362
5.0,6,10,9,363
5.0,6,10,10,364
5.0,6,10,11,365
5.0,6,10,12,366
5.0,6,10,13,367
5.0,6,10,14,368
5.0,6,10,15,369
5.0,6,11,0,354
5.0,6,11,1,355
5.0,6,11,2,356
5.0,6,11,3,357
5.0,6,11,4,358
5.0,6,11,5,359
5.0,6,11,6,361
5.0,6,11,7,362
5.0,6,11,8,363
5.0,6,11,9,364
5.0,6,11,10,365
5.0,6,11,11,366
5.0,6,11,12,367
5.0,6,11,13,368
5.0,6,11,14,369
5.0,6,11,15,370
5.0,6,12,0,355
5.0,6,12,1,356
5.0,6,12,2,357
5.0,6,12,3,358
5.0,6,12,4,359
5.0,6,12,5,361
5.0,6,12,6,362
5.0,6,12,7,363
5.0,6,12,8,364
5.0,6,12,9,365
5.0,6,12,10,366
5.0,6,12,11,367
5.0,6,12,12,368
5.0,6,12,13,369
5.0,6,12,14,371
5.0,6,12,15,372
5.0,6,13,0,356
5.0,6,13,1,357
5.0,6,13,2,358
5.0,6,13,3,359
5.0,6,13,4,361
5.0,6,13,5,362
5.0,6,13,6,363
5.0,6,13,7,364
5.0,6,13,8,365
5.0,6,13,9,366
5.0,6,13,10,367
5.0,6,13,11,368
5.0,6,13,12,369
5.0,6,13,13,371
5.0,6,13,14,372
5.0,6,13,15,373
5.0,6,14,0,357
5.0,6,14,1,358
5.0,6,14,2,359
5.0,6,14,3,360
5.0,6,14,4,362
5.0,6,14,5,363
5.0,6,14,6,364
5.0,6,14,7,365
5.0,6,14,8,366
5.0,6,14,9,367
5.0,6,14,10,368
5.0,6,14,11,370
5.0,6,14,12,371
5.0,6,14,13,372
5.0,6,14,14,373
5.0,6,14,15,374
5.0,6,15,0,358
5.0,6,15,1,359
5.0,6,15,2,360
5.0,6,15,3,362
5.0,6,15,4,363
5.0,6,15,5,364
5.0,6,15,6,365
5.0,6,15,7,366
5.0,6,15,8,367
5.0,6,15,9,368
5.0,6,15,10,370
5.0,6,15,11,371
5.0,6,15,12,372
5.0,6,15,13,373
5.0,6,15,14,374
5.0,6,15,15,375
5.0,7,0,0,343
5.0,7,0,1,344
5.0,7,0,2,345
5.0,7,0,3,346
5.0,7,0,4,347
5.0,7,0,5,348
5.0,7,0,6,349
5.0,7,0,7,350
5.0,7,0,8,351
5.0,7,0,9,352
5.0,7,0,10,354
5.0,7,0,11,355
5.0,7,0,12,356
5.0,7,0,13,357
5.0,7,0,14,358
5.0,7,0,15,359
5.0,7,1,0,344
5.0,7,1,1,345
5.0,7,1,2,346
5.0,7,1,3,347
5.0,7,1,4,348
5.0,7,1,5,349
5.0,7,1,6,350
5.0,7,1,7,351
5.0,7,1,8,353
5.0,7,1,9,354
5.0,7,1,10,355
5.0,7,1,11,356
5.0,7,1,12,357
5.0,7,1,13,358
5.0,7,1,14,359
5.0,7,1,15,360
5.0,7,2,0,345
5.0,7,2,1,346
5.0,7,2,2,347
5.0,7,2,3,348
5.0,7,2,4,349
5.0,7,2,5,350
5.0,7,2,6,352
5.0,7,2,7,353
5.0,7,2,8,354
5.0,7,2,9,355
5.0,7,2,10,356
5.0,7,2,11,357
5.0,7,2,12,358
5.0,7,2,13,359
5.0,7,2,14,360
5.0,7,2,15,361
5.0,7,3,0,346
5.0,7,3,1,347
5.0,7,3,2,348
5.0,7,3,3,349
5.0,7,3,4,350
5.0,7,3,5,352
5.0,7,3,6,353
5.0,7,3,7,354
5.0,7,3,8,355
5.0,7,3,9,356
5.0,7,3,10,357
5.0,7,3,11,358
5.0,7,3,12,359
5.0,7,3,13,360
5.0,7,3,14,361
5.0,7,3,15,362
5.0,7,4,0,347
5.0,7,4,1,348
5.0,7,4,2,349
5.0,7,4,3,351
5.0,7,4,4,352
5.0,7,4,5,353
5.0,7,4,6,354
5.0,7,4,7,355
5.0,7,4,8,356
5.0,7,4,9,357
5.0,7,4,10,358
5.0,7,4,11,359
5.0,7,4,12,360
5.0,7,4,13,361
5.0,7,4,14,363
5.0,7,4,15,364
5.0,7,5,0,348
5.0,7,5,1,349
5.0,7,5,2,351
5.0,7,5,3,352
5.0,7,5,4,353
5.0,7,5,5,354
5.0,7,5,6,355
5.0,7,5,7,356
5.0,7,5,8,357
5.0,7,5,9,358
5.0,7,5,10,359
5.0,7,5,11,360
5.0,7,5,12,362
5.0,7,5,13,363
5.0,7,5,14,364
5.0,7,5,15,365
5.0,7,6,0,349
5.0,7,6,1,351
5.0,7,6,2,352
5.0,7,6,3,353
5.0,7,6,4,354
5.0,7,6,5,355
5.0,7,6,6,356
5.0,7,6,7,357
5.0,7,6,8,358
5.0,7,6,9,359
5.0,7,6,10,361
5.0,7,6,11,362
5.0,7,6,12,363
5.0,7,6,13,364
5.0,7,6,14,365
5.0,7,6,15,366
5.0,7,7,0,351
5.0,7,7,1,352
5.0,7,7,2,353
5.0,7,7,3,354
5.0,7,7,4,355
5.0,7,7,5,356
5.0,7,7,6,357
5.0,7,7,7,358
5.0,7,7,8,360
5.0,7,7,9,361
5.0,7,7,10,362
5.0,7,7,11,363
5.0,7,7,12,364
5.0,7,7,13,365
5.0,7,7,14,366
5.0,7,7,15,367
5.0,7,8,0,352
5.0,7,8,1,353
5.0,7,8,2,354
5.0,7,8,3,355
5.0,7,8,4,356
5.0,7,8,5,357
5.0,7,8,6,358
5.0,7,8,7,360
5.0,7,8,8,361
5.0,7,8,9,362
5.0,7,8,10,363
5.0,7,8,11,364
5.0,7,8,12,365
5.0,7,8,13,366
5.0,7,8,14,367
5.0,7,8,15,368
5.0,7,9,0,353
5.0,7,9,1,354
5.0,7,9,2,355
5.0,7,9,3,356
5.0,7,9,4,357
5.0,7,9,5,358
5.0,7,9,6,360
5.0,7,9,7,361
5.0,7,9,8,362
5.0,7,9,9,363
5.0,7,9,10,364
5.0,7,9,11,365
5.0,7,9,12,366
5.0,7,9,13,367
5.0,7,9,14,368
5.0,7,9,15,370
5.0,7,10,0,354
5.0,7,10,1,355
5.0,7,10,2,356
5.0,7,10,3,357
5.0,7,10,4,358
5.0,7,10,5,360
5.0,7,10,6,361
5.0,7,10,7,362
5.0,7,10,8,363
5.0,7,10,9,364
5.0,7,10,10,365
5.0,7,10,11,366
5.0,7,10,12,367
5.0,7,10,13,369
5.0,7,10,14,370
5.0,7,10,15,371
5.0,7,11,0,355
5.0,7,11,1,356
5.0,7,11,2,357
5.0,7,11,3,358
5.0,7,11,4,360
5.0,7,11,5,361
5.0,7,11,6,362
5.0,7,11,7,363
5.0,7,11,8,364
5.0,7,11,9,365
5.0,7,11,10,366
5.0,7,11,11,367
5.0,7,11,12,369
5.0,7,11,13,370
5.0,7,11,14,371
5.0,7,11,15,372
5.0,7,12,0,356
5.0,7,12,1,357
5.0,7,12,2,358
5.0,7,12,3,360
5.0,7,12,4,361
5.0,7,12,5,362
5.0,7,12,6,363
5.0,7,12,7,364
5.0,7,12,8,365
5.0,7,12,9,366
5.0,7,12,10,367
5.0,7,12,11,369
5.0,7,12,12,370
5.0,7,12,13,371
5.0,7,12,14,372
5.0,7,12,15,373
5.0,7,13,0,357
5.0,7,13,1,358
5.0,7,13,2,360
5.0,7,13,3,361
5.0,7,13,4,362
5.0,7,13,5,363
5.0,7,13,6,364
5.0,7,13,7,365
5.0,7,13,8,366
5.0,7,13,9,368
5.0,7,13,10,369
5.0,7,13,11,370
5.0,7,13,12,371
5.0,7,13,13,372
5.0,7,13,14,373
5.0,7,13,15,374
5.0,7,14,0,358
5.0,7,14,1,360
5.0,7,14,2,361
5.0,7,14,3,362
5.0,7,14,4,363
5.0,7,14,5,364
5.0,7,14,6,365
5.0,7,14,7,366
5.0,7,14,8,368
5.0,7,14,9,369
5.0,7,14,10,370
5.0,7,14,11,371
5.0,7,14,12,372
5.0,7,14,13,373
5.0,7,14,14,374
5.0,7,14,15,375
5.0,7,15,0,359
5.0,7,15,1,361
5.0,7,15,2,362
5.0,7,15,3,363
5.0,7,15,4,364
5.0,7,15,5,365
5.0,7,15,6,366
5.0,7,15,7,368
5.0,7,15,8,369
5.0,7,15,9,370
5.0,7,15,10,371
5.0,7,15,11,372
5.0,7,15,12,373
5.0,7,15,13,374
5.0,7,15,14,375
5.0,7,15,15,376
5.0,8,0,0,344
5.0,8,0,1,345
5.0,8,0,2,346
5.0,8,0,3,347
5.0,8,0,4,348
5.0,8,0,5,349
5.0,8,0,6,350
5.0,8,0,7,352
5.0,8,0,8,353
5.0,8,0,9,354
5.0,8,0,10,355
5.0,8,0,11,356
5.0,8,0,12,357
5.0,8,0,13,358
5.0,8,0,14,359
5.0,8,0,15,360
5.0,8,1,0,345
5.0,8,1,1,346
5.0,8,1,2,347
5.0,8,1,3,348
5.0,8,1,4,349
5.0,8,1,5,351
5.0,8,1,6,352
5.0,8,1,7,353
5.0,8,1,8,354
5.0,8,1,9,355
5.0,8,1,10,356
5.0,8,1,11,357
5.0,8,1,12,358
5.0,8,1,13,359
5.0,8,1,14,360
5.0,8,1,15,361
5.0,8,2,0,346
5.0,8,2,1,347
5.0,8,2,2,348
5.0,8,2,3,350
5.0,8,2,4,351
5.0,8,2,5,352
5.0,8,2,6,353
5.0,8,2,7,354
5.0,8,2,8,355
5.0,8,2,9,356
5.0,8,2,10,357
5.0,8,2,11,358
5.0,8,2,12,359
5.0,8,2,13,360
5.0,8,2,14,362
5.0,8,2,15,363
5.0,8,3,0,347
5.0,8,3,1,348
5.0,8,3,2,350
5.0,8,3,3,351
5.0,8,3,4,352
5.0,8,3,5,353
5.0,8,3,6,354
5.0,8,3,7,355
5.0,8,3,8,356
5.0,8,3,9,357
5.0,8,3,10,358
5.0,8,3,11,359
5.0,8,3,12,361
5.0,8,3,13,362
5.0,8,3,14,363
5.0,8,3,15,364
5.0,8,4,0,348
5.0,8,4,1,350
5.0,8,4,2,351
5.0,8,4,3,352
5.0,8,4,4,353
5.0,8,4,5,354
5.0,8,4,6,355
5.0,8,4,7,356
5.0,8,4,8,357
5.0,8,4,9,358
5.0,8,4,10,360
5.0,8,4,11,361
5.0,8,4,12,362
5.0,8,4,13,363
5.0,8,4,14,364
5.0,8,4,15,365
5.0,8,5,0,350
5.0,8,5,1,351
5.0,8,5,2,352
5.0,8,5,3,353
5.0,8,5,4,354
5.0,8,5,5,355
5.0,8,5,6,356
5.0,8,5,7,357
5.0,8,5,8,359
5.0,8,5,9,360
5.0,8,5,10,361
5.0,8,5,11,362
5.0,8,5,12,363
5.0,8,5,13,364
5.0,8,5,14,365
5.0,8,5,15,366
5.0,8,6,0,351
5.0,8,6,1,352
5.0,8,6,2,353
5.0,8,6,3,354
5.0,8,6,4,355
5.0,8,6,5,356
5.0,8,6,6,357
5.0,8,6,7,359
5.0,8,6,8,360
5.0,8,6,9,361
5.0,8,6,10,362
5.0,8,6,11,363
5.0,8,6,12,364
5.0,8,6,13,365
5.0,8,6,14,366
5.0,8,6,15,367
5.0,8,7,0,352
5.0,8,7,1,353
5.0,8,7,2,354
5.0,8,7,3,355
5.0,8,7,4,356
5.0,8,7,5,358
5.0,8,7,6,359
5.0,8,7,7,360
5.0,8,7,8,361
5.0,8,7,9,362
5.0,8,7,10,363
5.0,8,7,11,364
5.0,8,7,12,365
5.0,8,7,13,366
5.0,8,7,14,367
5.0,8,7,15,369
5.0,8,8,0,353
5.0,8,8,1,354
5.0,8,8,2,355
5.0,8,8,3,356
5.0,8,8,4,358
5.0,8,8,5,359
5.0,8,8,6,360
5.0,8,8,7,361
5.0,8,8,8,362
5.0,8,8,9,363
5.0,8,8,10,364
5.0,8,8,11,365
5.0,8,8,12,366
5.0,8,8,13,368
5.0,8,8,14,369
5.0,8,8,15,370
5.0,8,9,0,354
5.0,8,9,1,355
5.0,8,9,2,356
5.0,8,9,3,358
5.0,8,9,4,359
5.0,8,9,5,360
5.0,8,9,6,361
5.0,8,9,7,362
5.0,8,9,8,363
5.0,8,9,9,364
5.0,8,9,10,365
5.0,8,9,11,367
5.0,8,9,12,368
5.0,8,9,13,369
5.0,8,9,14,370
5.0,8,9,15,371
5.0,8,10,0,355
5.0,8,10,1,356
5.0,8,10,2,358
5.0,8,10,3,359
5.0,8,10,4,360
5.0,8,10,5,361
5.0,8,10,6,362
5.0,8,10,7,363
5.0,8,10,8,364
5.0,8,10,9,365
5.0,8,10,10,367
5.0,8,10,11,368
5.0,8,10,12,369
5.0,8,10,13,370
5.0,8,10,14,371
5.0,8,10,15,372
5.0,8,11,0,356
5.0,8,11,1,358
5.0,8,11,2,359
5.0,8,11,3,360
5.0,8,11,4,361
5.0,8,11,5,362
5.0,8,11,6,363
5.0,8,11,7,364
5.0,8,11,8,365
5.0,8,11,9,367
5.0,8,11,10,368
5.0,8,11,11,369
5.0,8,11,12,370
5.0,8,11,13,371
5.0,8,11,14,372
5.0,8,11,15,373
5.0,8,12,0,357
5.0,8,12,1,359
5.0,8,12,2,360
5.0,8,12,3,361
5.0,8,12,4,362
5.0,8,12,5,363
5.0,8,12,6,364
5.0,8,12,7,365
5.0,8,12,8,367
5.0,8,12,9,368
5.0,8,12,10,369
5.0,8,12,11,370
5.0,8,12,12,371
5.0,8,12,13,372
5.0,8,12,14,373
5.0,8,12,15,374
5.0,8,13,0,359
5.0,8,13,1,360
5.0,8,13,2,361
5.0,8,13,3,362
5.0,8,13,4,363
5.0,8,13,5,364
5.0,8,13,6,365
5.0,8,13,7,367
5.0,8,13,8,368
5.0,8,13,9,369
5.0,8,13,10,370
5.0,8,13,11,371
5.0,8,13,12,372
5.0,8,13,13,373
5.0,8,13,14,374
5.0,8,13,15,376
5.0,8,14,0,360
5.0,8,14,1,361
5.0,8,14,2,362
5.0,8,14,3,363
5.0,8,14,4,364
5.0,8,14,5,365
5.0,8,14,6,367
5.0,8,14,7,368
5.0,8,14,8,369
5.0,8,14,9,370
5.0,8,14,10,371
5.0,8,14,11,372
5.0,8,14,12,373
5.0,8,14,13,375
5.0,8,14,14,376
5.0,8,14,15,377
5.0,8,15,0,361
5.0,8,15,1,362
5.0,8,15,2,363
5.0,8,15,3,364
5.0,8,15,4,365
5.0,8,15,5,367
5.0,8,15,6,368
5.0,8,15,7,369
5.0,8,15,8,370
5.0,8,15,9,371
5.0,8,15,10,372
5.0,8,15,11,373
5.0,8,15,12,375
5.0,8,15,13,376
5.0,8,15,14,377
5.0,8,15,15,378
5.0,9,0,0,345
5.0,9,0,1,346
5.0,9,0,2,347
5.0,9,0,3,349
5.0,9,0,4,350
5.0,9,0,5,351
5.0,9,0,6,352
5.0,9,0,7,353
5.0,9,0,8,354
5.0,9,0,9,355
5.0,9,0,10,356
5.0,9,0,11,357
5.0,9,0,12,358
5.0,9,0,13,359
5.0,9,0,14,360
5.0,9,0,15,362
5.0,9,1,0,346
5.0,9,1,1,347
5.0,9,1,2,349
5.0,9,1,3,350
5.0,9,1,4,351
5.0,9,1,5,352
5.0,9,1,6,353
5.0,9,1,7,354
5.0,9,1,8,355
5.0,9,1,9,356
5.0,9,1,10,357
5.0,9,1,11,358
5.0,9,1,12,360
5.0,9,1,13,361
5.0,9,1,14,362
5.0,9,1,15,363
5.0,9,2,0,347
5.0,9,2,1,349
5.0,9,2,2,350
5.0,9,2,3,351
5.0,9,2,4,352
5.0,9,2,5,353
5.0,9,2,6,354
5.0,9,2,7,355
5.0,9,2,8,356
5.0,9,2,9,357
5.0,9,2,10,359
5.0,9,2,11,360
5.0,9,2,12,361
5.0,9,2,13,362
5.0,9,2,14,363
5.0,9,2,15,364
5.0,9,3,0,349
5.0,9,3,1,350
5.0,9,3,2,351
5.0,9,3,3,352
5.0,9,3,4,353
5.0,9,3,5,354
5.0,9,3,6,355
5.0,9,3,7,356
5.0,9,3,8,358
5.0,9,3,9,359
5.0,9,3,10,360
5.0,9,3,11,361
5.0,9,3,12,362
5.0,9,3,13,363
5.0,9,3,14,364
5.0,9,3,15,365
5.0,9,4,0,350
5.0,9,4,1,351
5.0,9,4,2,352
5.0,9,4,3,353
5.0,9,4,4,354
5.0,9,4,5,355
5.0,9,4,6,356
5.0,9,4,7,358
5.0,9,4,8,359
5.0,9,4,9,360
5.0,9,4,10,361
5.0,9,4,11,362
5.0,9,4,12,363
5.0,9,4,13,364
5.0,9,4,14,365
5.0,9,4,15,366
5.0,9,5,0,351
5.0,9,5,1,352
5.0,9,5,2,353
5.0,9,5,3,354
5.0,9,5,4,355
5.0,9,5,5,357
5.0,9,5,6,358
5.0,9,5,7,359
5.0,9,5,8,360
5.0,9,5,9,361
5.0,9,5,10,362
5.0,9,5,11,363
5.0,9,5,12,364
5.0,9,5,13,365
5.0,9,5,14,366
5.0,9,5,15,368
5.0,9,6,0,352
5.0,9,6,1,353
5.0,9,6,2,354
5.0,9,6,3,355
5.0,9,6,4,357
5.0,9,6,5,358
5.0,9,6,6,359
5.0,9,6,7,360
5.0,9,6,8,361
5.0,9,6,9,362
5.0,9,6,10,363
5.0,9,6,11,364
5.0,9,6,12,365
5.0,9,6,13,367
5.0,9,6,14,368
5.0,9,6,15,369
5.0,9,7,0,353
5.0,9,7,1,354
5.0,9,7,2,355
5.0,9,7,3,357
5.0,9,7,4,358
5.0,9,7,5,359
5.0,9,7,6,360
5.0,9,7,7,361
5.0,9,7,8,362
5.0,9,7,9,363
5.0,9,7,10,364
5.0,9,7,11,366
5.0,9,7,12,367
5.0,9,7,13,368
5.0,9,7,14,369
5.0,9,7,15,370
5.0,9,8,0,354
5.0,9,8,1,355
5.0,9,8,2,357
5.0,9,8,3,358
5.0,9,8,4,359
5.0,9,8,5,360
5.0,9,8,6,361
5.0,9,8,7,362
5.0,9,8,8,363
5.0,9,8,9,364
5.0,9,8,10,366
5.0,9,8,11,367
5.0,9,8,12,368
5.0,9,8,13,369
5.0,9,8,14,370
5.0,9,8,15,371
5.0,9,9,0,355
5.0,9,9,1,357
5.0,9,9,2,358
5.0,9,9,3,359
5.0,9,9,4,360
5.0,9,9,5,361
5.0,9,9,6,362
5.0,9,9,7,363
5.0,9,9,8,365
5.0,9,9,9,366
5.0,9,9,10,367
5.0,9,9,11,368
5.0,9,9,12,369
5.0,9,9,13,370
5.0,9,9,14,371
5.0,9,9,15,372
5.0,9,10,0,357
5.0,9,10,1,358
5.0,9,10,2,359
5.0,9,10,3,360
5.0,9,10,4,361
5.0,9,10,5,362
5.0,9,10,6,363
5.0,9,10,7,365
5.0,9,10,8,366
5.0,9,10,9,367
5.0,9,10,10,368
5.0,9,10,11,369
5.0,9,10,12,370
5.0,9,10,13,371
5.0,9,10,14,372
5.0,9,10,15,373
5.0,9,11,0,358
5.0,9,11,1,359
5.0,9,11,2,360
5.0,9,11,3,361
5.0,9,11,4,362
5.0,9,11,5,363
5.0,9,11,6,365
5.0,9,11,7,366
5.0,9,11,8,367
5.0,9,11,9,368
5.0,9,11,10,369
5.0,9,11,11,370
5.0,9,11,12,371
5.0,9,11,13,372
5.0,9,11,14,374
5.0,9,11,15,375
5.0,9,12,0,359
5.0,9,12,1,360
5.0,9,12,2,361
5.0,9,12,3,362
5.0,9,12,4,363
5.0,9,12,5,365
5.0,9,12,6,366
5.0,9,12,7,367
5.0,9,12,8,368
5.0,9,12,9,369
5.0,9,12,10,370
5.0,9,12,11,371
5.0,9,12,12,372
5.0,9,12,13,374
5.0,9,12,14,375
5.0,9,12,15,376
5.0,9,13,0,360
5.0,9,13,1,361
5.0,9,13,2,362
5.0,9,13,3,363
5.0,9,13,4,365
5.0,9,13,5,366
5.0,9,13,6,367
5.0,9,13,7,368
5.0,9,13,8,369
5.0,9,13,9,370
5.0,9,13,10,371
5.0,9,13,11,373
5.0,9,13,12,374
5.0,9,13,13,375
5.0,9,13,14,376
5.0,9,13,15,377
5.0,9,14,0,361
5.0,9,14,1,362
5.0,9,14,2,363
5.0,9,14,3,365
5.0,9,14,4,366
5.0,9,14,5,367
5.0,9,14,6,368
5.0,9,14,7,369
5.0,9,14,8,370
5.0,9,14,9,371
5.0,9,14,10,373
5.0,9,14,11,374
5.0,9,14,12,375
5.0,9,14,13,376
5.0,9,14,14,377
5.0,9,14,15,378
5.0,9,15,0,362
5.0,9,15,1,363
5.0,9,15,2,364
5.0,9,15,3,366
5.0,9,15,4,367
5.0,9,15,5,368
5.0,9,15,6,369
5.0,9,15,7,370
5.0,9,15,8,371
5.0,9,15,9,373
5.0,9,15,10,374
5.0,9,15,11,375
5.0,9,15,12,376
5.0,9,15,13,377
5.0,9,15,14,378
5.0,9,15,15,379
5.0,10,0,0,346
5.0,10,0,1,348
5.0,10,0,2,349
5.0,10,0,3,350
5.0,10,0,4,351
5.0,10,0,5,352
5.0,10,0,6,353
5.0,10,0,7,354
5.0,10,0,8,355
5.0,10,0,9,356
5.0,10,0,10,357
5.0,10,0,11,359
5.0,10,0,12,360
5.0,10,0,13,361
5.0,10,0,14,362
5.0,10,0,15,363
5.0,10,1,0,348
5.0,10,1,1,349
5.0,10,1,2,350
5.0,10,1,3,351
5.0,10,1,4,352
5.0,10,1,5,353
5.0,10,1,6,354
5.0,10,1,7,355
5.0,10,1,8,356
5.0,10,1,9,358
5.0,10,1,10,359
5.0,10,1,11,360
5.0,10,1,12,361
5.0,10,1,13,362
5.0,10,1,14,363
5.0,10,1,15,364
5.0,10,2,0,349
5.0,10,2,1,350
5.0,10,2,2,351
5.0,10,2,3,352
5.0,10,2,4,353
5.0,10,2,5,354
5.0,10,2,6,355
5.0,10,2,7,357
5.0,10,2,8,358
5.0,10,2,9,359
5.0,10,2,10,360
5.0,10,2,11,361
5.0,10,2,12,362
5.0,10,2,13,363
5.0,10,2,14,364
5.0,10,2,15,365
5.0,10,3,0,350
5.0,10,3,1,351
5.0,10,3,2,352
5.0,10,3,3,353
5.0,10,3,4,354
5.0,10,3,5,356
5.0,10,3,6,357
5.0,10,3,7,358
5.0,10,3,8,359
5.0,10,3,9,360
5.0,10,3,10,361
5.0,10,3,11,362
5.0,10,3,12,363
5.0,10,3,13,364
5.0,10,3,14,365
5.0,10,3,15,366
5.0,10,4,0,351
5.0,10,4,1,352
5.0,10,4,2,353
5.0,10,4,3,354
5.0,10,4,4,356
5.0,10,4,5,357
5.0,10,4,6,358
5.0,10,4,7,359
5.0,10,4,8,360
5.0,10,4,9,361
5.0,10,4,10,362
5.0,10,4,11,363
5.0,10,4,12,364
5.0,10,4,13,366
5.0,10,4,14,367
5.0,10,4,15,368
5.0,10,5,0,352
5.0,10,5,1,353
5.0,10,5,2,354
5.0,10,5,3,356
5.0,10,5,4,357
5.0,10,5,5,358
5.0,10,5,6,359
5.0,10,5,7,360
5.0,10,5,8,361
5.0,10,5,9,362
5.0,10,5,10,363
5.0,10,5,11,365
5.0,10,5,12,366
5.0,10,5,13,367
5.0,10,5,14,368
5.0,10,5,15,369
5.0,10,6,0,353
5.0,10,6,1,355
5.0,10,6,2,356
5.0,10,6,3,357
5.0,10,6,4,358
5.0,10,6,5,359
5.0,10,6,6,360
5.0,10,6,7,361
5.0,10,6,8,362
5.0,10,6,9,363
5.0,10,6,10,365
5.0,10,6,11,366
5.0,10,6,12,367
5.0,10,6,13,368
5.0,10,6,14,369
5.0,10,6,15,370
5.0,10,7,0,355
5.0,10,7,1,356
5.0,10,7,2,357
5.0,10,7,3,358
5.0,10,7,4,359
5.0,10,7,5,360
5.0,10,7,6,361
5.0,10,7,7,362
5.0,10,7,8,364
5.0,10,7,9,365
5.0,10,7,10,366
5.0,10,7,11,367
5.0,10,7,12,368
5.0,10,7,13,369
5.0,10,7,14,370
5.0,10,7,15,371
5.0,10,8,0,356
5.0,10,8,1,357
5.0,10,8,2,358
5.0,10,8,3,359
5.0,10,8,4,360
5.0,10,8,5,361
5.0,10,8,6,362
5.0,10,8,7,364
5.0,10,8,8,365
5.0,10,8,9,366
5.0,10,8,10,367
5.0,10,8,11,368
5.0,10,8,12,369
5.0,10,8,13,370
5.0,10,8,14,371
5.0,10,8,15,372
5.0,10,9,0,357
5.0,10,9,1,358
5.0,10,9,2,359
5.0,10,9,3,360
5.0,10,9,4,361
5.0,10,9,5,362
5.0,10,9,6,364
5.0,10,9,7,365
5.0,10,9,8,366
5.0,10,9,9,367
5.0,10,9,10,368
5.0,10,9,11,369
5.0,10,9,12,370
5.0,10,9,13,371
5.0,10,9,14,373
5.0,10,9,15,374
5.0,10,10,0,358
5.0,10,10,1,359
5.0,10,10,2,360
5.0,10,10,3,361
5.0,10,10,4,363
5.0,10,10,5,364
5.0,10,10,6,365
5.0,10,10,7,366
5.0,10,10,8,367
5.0,10,10,9,368
5.0,10,10,10,369
5.0,10,10,11,370
5.0,10,10,12,372
5.0,10,10,13,373
5.0,10,10,14,374
5.0,10,10,15,375
5.0,10,11,0,359
5.0,10,11,1,360
5.0,10,11,2,361
5.0,10,11,3,362
5.0,10,11,4,364
5.0,10,11,5,365
5.0,10,11,6,366
5.0,10,11,7,367
5.0,10,11,8,368
5.0,10,11,9,369
5.0,10,11,10,370
5.0,10,11,11,372
5.0,10,11,12,373
5.0,10,11,13,374
5.0,10,11,14,375
5.0,10,11,15,376
5.0,10,12,0,360
5.0,10,12,1,361
5.0,10,12,2,362
5.0,10,12,3,364
5.0,10,12,4,365
5.0,10,12,5,366
5.0,10,12,6,367
5.0,10,12,7,368
5.0,10,12,8,369
5.0,10,12,9,370
5.0,10,12,10,372
5.0,10,12,11,373
5.0,10,12,12,374
5.0,10,12,13,375
5.0,10,12,14,376
5.0,10,12,15,377
5.0,10,13,0,361
5.0,10,13,1,362
5.0,10,13,2,364
5.0,10,13,3,365
5.0,10,13,4,366
5.0,10,13,5,367
5.0,10,13,6,368
5.0,10,13,7,369
5.0,10,13,8,370
5.0,10,13,9,372
5.0,10,13,10,373
5.0,10,13,11,374
5.0,10,13,12,375
5.0,10,13,13,376
5.0,10,13,14,377
5.0,10,13,15,378
5.0,10,14,0,362
5.0,10,14,1,364
5.0,10,14,2,365
5.0,10,14,3,366
5.0,10,14,4,367
5.0,10,14,5,368
5.0,10,14,6,369
5.0,10,14,7,370
5.0,10,14,8,372
5.0,10,14,9,373
5.0,10,14,10,374
5.0,10,14,11,375
5.0,10,14,12,376
5.0,10,14,13,377
5.0,10,14,14,378
5.0,10,14,15,380
5.0,10,15,0,363
5.0,10,15,1,365
5.0,10,15,2,366
5.0,10,15,3,367
5.0,10,15,4,368
5.0,10,15,5,369
5.0,10,15,6,370
5.0,10,15,7,372
5.0,10,15,8,373
5.0,10,15,9,374
5.0,10,15,10,375
5.0,10,15,11,376
5.0,10,15,12,377
5.0,10,15,13,378
5.0,10,15,14,380
5.0,10,15,15,381
5.0,11,0,0,348
5.0,11,0,1,349
5.0,11,0,2,350
5.0,11,0,3,351
5.0,11,0,4,352
5.0,11,0,5,353
5.0,11,0,6,354
5.0,11,0,7,356
5.0,11,0,8,357
5.0,11,0,9,358
5.0,11,0,10,359
5.0,11,0,11,360
5.0,11,0,12,361
5.0,11,0,13,362
5.0,11,0,14,363
5.0,11,0,15,364
5.0,11,1,0,349
5.0,11,1,1,350
5.0,11,1,2,351
5.0,11,1,3,352
5.0,11,1,4,353
5.0,11,1,5,354
5.0,11,1,6,356
5.0,11,1,7,357
5.0,11,1,8,358
5.0,11,1,9,359
5.0,11,1,10,360
5.0,11,1,11,361
5.0,11,1,12,362
5.0,11,1,13,363
5.0,11,1,14,364
5.0,11,1,15,365
5.0,11,2,0,350
5.0,11,2,1,351
5.0,11,2,2,352
5.0,11,2,3,353
5.0,11,2,4,355
5.0,11,2,5,356
5.0,11,2,6,357
5.0,11,2,7,358
5.0,11,2,8,359
5.0,11,2,9,360
5.0,11,2,10,361
5.0,11,2,11,362
5.0,11,2,12,363
5.0,11,2,13,364
5.0,11,2,14,366
5.0,11,2,15,367
5.0,11,3,0,351
5.0,11,3,1,352
5.0,11,3,2,353
5.0,11,3,3,355
5.0,11,3,4,356
5.0,11,3,5,357
5.0,11,3,6,358
5.0,11,3,7,359
5.0,11,3,8,360
5.0,11,3,9,361
5.0,11,3,10,362
5.0,11,3,11,363
5.0,11,3,12,365
5.0,11,3,13,366
5.0,11,3,14,367
5.0,11,3,15,368
5.0,11,4,0,352
5.0,11,4,1,354
5.0,11,4,2,355
5.0,11,4,3,356
5.0,11,4,4,357
5.0,11,4,5,358
5.0,11,4,6,359
5.0,11,4,7,360
5.0,11,4,8,361
5.0,11,4,9,362
5.0,11,4,10,364
5.0,11,4,11,365
5.0,11,4,12,366
5.0,11,4,13,367
5.0,11,4,14,368
5.0,11,4,15,369
5.0,11,5,0,354
5.0,11,5,1,355
5.0,11,5,2,356
5.0,11,5,3,357
5.0,11,5,4,358
5.0,11,5,5,359
5.0,11,5,6,360
5.0,11,5,7,361
5.0,11,5,8,363
5.0,11,5,9,364
5.0,11,5,10,365
5.0,11,5,11,366
5.0,11,5,12,367
5.0,11,5,13,368
5.0,11,5,14,369
5.0,11,5,15,370
5.0,11,6,0,355
5.0,11,6,1,356
5.0,11,6,2,357
5.0,11,6,3,358
5.0,11,6,4,359
5.0,11,6,5,360
5.0,11,6,6,361
5.0,11,6,7,363
5.0,11,6,8,364
5.0,11,6,9,365
5.0,11,6,10,366
5.0,11,6,11,367
5.0,11,6,12,368
5.0,11,6,13,369
5.0,11,6,14,370
5.0,11,6,15,371
5.0,11,7,0,356
5.0,11,7,1,357
5.0,11,7,2,358
5.0,11,7,3,359
5.0,11,7,4,360
5.0,11,7,5,362
5.0,11,7,6,363
5.0,11,7,7,364
5.0,11,7,8,365
5.0,11,7,9,366
5.0,11,7,10,367
5.0,11,7,11,368
5.0,11,7,12,369
5.0,11,7,13,370
5.0,11,7,14,372
5.0,11,7,15,373
5.0,11,8,0,357
5.0,11,8,1,358
5.0,11,8,2,359
5.0,11,8,3,360
5.0,11,8,4,362
5.0,11,8,5,363
5.0,11,8,6,364
5.0,11,8,7,365
5.0,11,8,8,366
5.0,11,8,9,367
5.0,11,8,10,368
5.0,11,8,11,369
5.0,11,8,12,371
5.0,11,8,13,372
5.0,11,8,14,373
5.0,11,8,15,374
5.0,11,9,0,358
5.0,11,9,1,359
5.0,11,9,2,360
5.0,11,9,3,362
5.0,11,9,4,363
5.0,11,9,5,364
5.0,11,9,6,365
5.0,11,9,7,366
5.0,11,9,8,367
5.0,11,9,9,368
5.0,11,9,10,369
5.0,11,9,11,371
5.0,11,9,12,372
5.0,11,9,13,373
5.0,11,9,14,374
5.0,11,9,15,375
5.0,11,10,0,359
5.0,11,10,1,360
5.0,11,10,2,362
5.0,11,10,3,363
5.0,11,10,4,364
5.0,11,10,5,365
5.0,11,10,6,366
5.0,11,10,7,367
5.0,11,10,8,368
5.0,11,10,9,370
5.0,11,10,10,371
5.0,11,10,11,372
5.0,11,10,12,373
5.0,11,10,13,374
5.0,11,10,14,375
5.0,11,10,15,376
5.0,11,11,0,360
5.0,11,11,1,362
5.0,11,11,2,363
5.0,11,11,3,364
5.0,11,11,4,365
5.0,11,11,5,366
5.0,11,11,6,367
5.0,11,11,7,368
5.0,11,11,8,370
5.0,11,11,9,371
5.0,11,11,10,372
5.0,11,11,11,373
5.0,11,11,12,374
5.0,11,11,13,375
5.0,11,11,14,376
5.0,11,11,15,377
5.0,11,12,0,361
5.0,11,12,1,363
5.0,11,12,2,364
5.0,11,12,3,365
5.0,11,12,4,366
5.0,11,12,5,367
5.0,11,12,6,368
5.0,11,12,7,370
5.0,11,12,8,371
5.0,11,12,9,372
5.0,11,12,10,373
5.0,11,12,11,374
5.0,11,12,12,375
5.0,11,12,13,376
5.0,11,12,14,377
5.0,11,12,15,379
5.0,11,13,0,363
5.0,11,13,1,364
5.0,11,13,2,365
5.0,11,13,3,366
5.0,11,13,4,367
5.0,11,13,5,368
5.0,11,13,6,370
5.0,11,13,7,371
5.0,11,13,8,372
5.0,11,13,9,373
5.0,11,13,10,374
5.0,11,13,11,375
5.0,11,13,12,376
5.0,11,13,13,378
5.0,11,13,14,379
5.0,11,13,15,380
5.0,11,14,0,364
5.0,11,14,1,365
5.0,11,14,2,366
5.0,11,14,3,367
5.0,11,14,4,368
5.0,11,14,5,370
5.0,11,14,6,371
5.0,11,14,7,372
5.0,11,14,8,373
5.0,11,14,9,374
5.0,11,14,10,375
5.0,11,14,11,376
5.0,11,14,12,378
5.0,11,14,13,379
5.0,11,14,14,380
5.0,11,14,15,381
5.0,11,15,0,365
5.0,11,15,1,366
5.0,11,15,2,367
5.0,11,15,3,368
5.0,11,15,4,370
5.0,11,15,5,371
5.0,11,15,6,372
5.0,11,15,7,373
5.0,11,15,8,374
5.0,11,15,9,375
5.0,11,15,10,376
5.0,11,15,11,378
5.0,11,15,12,379
5.0,11,15,13,380
5.0,11,15,14,381
5.0,11,15,15,382
5.0,12,0,0,349
5.0,12,0,1,350
5.0,12,0,2,351
5.0,12,0,3,352
5.0,12,0,4,353
5.0,12,0,5,355
5.0,12,0,6,356
5.0,12,0,7,357
5.0,12,0,8,358
5.0,12,0,9,359
5.0,12,0,10,360
5.0,12,0,11,361
5.0,12,0,12,362
5.0,12,0,13,363
5.0,12,0,14,364
5.0,12,0,15,366
5.0,12,1,0,350
5.0,12,1,1,351
5.0,12,1,2,352
5.0,12,1,3,354
5.0,12,1,4,355
5.0,12,1,5,356
5.0,12,1,6,357
5.0,12,1,7,358
5.0,12,1,8,359
5.0,12,1,9,360
5.0,12,1,10,361
5.0,12,1,11,362
5.0,12,1,12,364
5.0,12,1,13,365
5.0,12,1,14,366
5.0,12,1,15,367
5.0,12,2,0,351
5.0,12,2,1,352
5.0,12,2,2,354
5.0,12,2,3,355
5.0,12,2,4,356
5.0,12,2,5,357
5.0,12,2,6,358
5.0,12,2,7,359
5.0,12,2,8,360
5.0,12,2,9,361
5.0,12,2,10,363
5.0,12,2,11,364
5.0,12,2,12,365
5.0,12,2,13,366
5.0,12,2,14,367
5.0,12,2,15,368
5.0,12,3,0,353
5.0,12,3,1,354
5.0,12,3,2,355
5.0,12,3,3,356
5.0,12,3,4,357
5.0,12,3,5,358
5.0,12,3,6,359
5.0,12,3,7,360
5.0,12,3,8,362
5.0,12,3,9,363
5.0,12,3,10,364
5.0,12,3,11,365
5.0,12,3,12,366
5.0,12,3,13,367
5.0,12,3,14,368
5.0,12,3,15,369
5.0,12,4,0,354
5.0,12,4,1,355
5.0,12,4,2,356
5.0,12,4,3,357
5.0,12,4,4,358
5.0,12,4,5,359
5.0,12,4,6,360
5.0,12,4,7,362
5.0,12,4,8,363
5.0,12,4,9,364
5.0,12,4,10,365
5.0,12,4,11,366
5.0,12,4,12,367
5.0,12,4,13,368
5.0,12,4,14,369
5.0,12,4,15,370
5.0,12,5,0,355
5.0,12,5,1,356
5.0,12,5,2,357
5.0,12,5,3,358
5.0,12,5,4,359
5.0,12,5,5,361
5.0,12,5,6,362
5.0,12,5,7,363
5.0,12,5,8,364
5.0,12,5,9,365
5.0,12,5,10,366
5.0,12,5,11,367
5.0,12,5,12,368
5.0,12,5,13,369
5.0,12,5,14,371
5.0,12,5,15,372
5.0,12,6,0,356
5.0,12,6,1,357
5.0,12,6,2,358
5.0,12,6,3,359
5.0,12,6,4,361
5.0,12,6,5,362
5.0,12,6,6,363
5.0,12,6,7,364
5.0,12,6,8,365
5.0,12,6,9,366
5.0,12,6,10,367
5.0,12,6,11,368
5.0,12,6,12,370
5.0,12,6,13,371
5.0,12,6,14,372
5.0,12,6,15,373
5.0,12,7,0,357
5.0,12,7,1,358
5.0,12,7,2,359
5.0,12,7,3,361
5.0,12,7,4,362
5.0,12,7,5,363
5.0,12,7,6,364
5.0,12,7,7,365
5.0,12,7,8,366
5.0,12,7,9,367
5.0,12,7,10,368
5.0,12,7,11,370
5.0,12,7,12,371
5.0,12,7,13,372
5.0,12,7,14,373
5.0,12,7,15,374
5.0,12,8,0,358
5.0,12,8,1,359
5.0,12,8,2,361
5.0,12,8,3,362
5.0,12,8,4,363
5.0,12,8,5,364
5.0,12,8,6,365
5.0,12,8,7,366
5.0,12,8,8,367
5.0,12,8,9,369
5.0,12,8,10,370
5.0,12,8,11,371
5.0,12,8,12,372
5.0,12,8,13,373
5.0,12,8,14,374
5.0,12,8,15,375
5.0,12,9,0,359
5.0,12,9,1,361
5.0,12,9,2,362
5.0,12,9,3,363
5.0,12,9,4,364
5.0,12,9,5,365
5.0,12,9,6,366
5.0,12,9,7,367
5.0,12,9,8,369
5.0,12,9,9,370
5.0,12,9,10,371
5.0,12,9,11,372
5.0,12,9,12,373
5.0,12,9,13,374
5.0,12,9,14,375
5.0,12,9,15,376
5.0,12,10,0,361
5.0,12,10,1,362
5.0,12,10,2,363
5.0,12,10,3,364
5.0,12,10,4,365
5.0,12,10,5,366
5.0,12,10,6,367
5.0,12,10,7,369
5.0,12,10,8,370
5.0,12,10,9,371
5.0,12,10,10,372
5.0,12,10,11,373
5.0,12,10,12,374
5.0,12,10,13,375
5.0,12,10,14,377
5.0,12,10,15,378
5.0,12,11,0,362
5.0,12,11,1,363
5.0,12,11,2,364
5.0,12,11,3,365
5.0,12,11,4,366
5.0,12,11,5,367
5.0,12,11,6,369
5.0,12,11,7,370
5.0,12,11,8,371
5.0,12,11,9,372
5.0,12,11,10,373
5.0,12,11,11,374
5.0,12,11,12,375
5.0,12,11,13,377
5.0,12,11,14,378
5.0,12,11,15,379
5.0,12,12,0,363
5.0,12,12,1,364
5.0,12,12,2,365
5.0,12,12,3,366
5.0,12,12,4,367
5.0,12,12,5,369
5.0,12,12,6,370
5.0,12,12,7,371
5.0,12,12,8,372
5.0,12,12,9,373
5.0,12,12,10,374
5.0,12,12,11,375
5.0,12,12,12,377
5.0,12,12,13,378
5.0,12,12,14,379
5.0,12,12,15,380
5.0,12,13,0,364
5.0,12,13,1,365
5.0,12,13,2,366
5.0,12,13,3,367
5.0,12,13,4,369
5.0,12,13,5,370
5.0,12,13,6,371
5.0,12,13,7,372
5.0,12,13,8,373
5.0,12,13,9,374
5.0,12,13,10,376
5.0,12,13,11,377
5.0,12,13,12,378
5.0,12,13,13,379
5.0,12,13,14,380
5.0,12,13,15,381
5.0,12,14,0,365
5.0,12,14,1,366
5.0,12,14,2,367
5.0,12,14,3,369
5.0,12,14,4,370
5.0,12,14,5,371
5.0,12,14,6,372
5.0,12,14,7,373
5.0,12,14,8,374
5.0,12,14,9,376
5.0,12,14,10,377
5.0,12,14,11,378
5.0,12,14,12,379
5.0,12,14,13,380
5.0,12,14,14,381
5.0,12,14,15,382
5.0,12,15,0,366
5.0,12,15,1,367
5.0,12,15,2,369
5.0,12,15,3,370
5.0,12,15,4,371
5.0,12,15,5,372
5.0,12,15,6,373
5.0,12,15,7,374
5.0,12,15,8,376
5.0,12,15,9,377
5.0,12,15,10,378
5.0,12,15,11,379
5.0,12,15,12,380
5.0,12,15,13,381
5.0,12,15,14,382
5.0,12,15,15,384
5.0,13,0,0,350
5.0,13,0,1,351
5.0,13,0,2,353
5.0,13,0,3,354
5.0,13,0,4,355
5.0,13,0,5,356
5.0,13,0,6,357
5.0,13,0,7,358
5.0,13,0,8,359
5.0,13,0,9,360
5.0,13,0,10,361
5.0,13,0,11,363
5.0,13,0,12,364
5.0,13,0,13,365
5.0,13,0,14,366
5.0,13,0,15,367
5.0,13,1,0,351
5.0,13,1,1,353
5.0,13,1,2,354
5.0,13,1,3,355
5.0,13,1,4,356
5.0,13,1,5,357
5.0,13,1,6,358
5.0,13,1,7,359
5.0,13,1,8,360
5.0,13,1,9,362
5.0,13,1,10,363
5.0,13,1,11,364
5.0,13,1,12,365
5.0,13,1,13,366
5.0,13,1,14,367
5.0,13,1,15,368
5.0,13,2,0,353
5.0,13,2,1,354
5.0,13,2,2,355
5.0,13,2,3,356
5.0,13,2,4,357
5.0,13,2,5,358
5.0,13,2,6,359
5.0,13,2,7,361
5.0,13,2,8,362
5.0,13,2,9,363
5.0,13,2,10,364
5.0,13,2,11,365
5.0,13,2,12,366
5.0,13,2,13,367
5.0,13,2,14,368
5.0,13,2,15,369
5.0,13,3,0,354
5.0,13,3,1,355
5.0,13,3,2,356
5.0,13,3,3,357
5.0,13,3,4,358
5.0,13,3,5,359
5.0,13,3,6,361
5.0,13,3,7,362
5.0,13,3,8,363
5.0,13,3,9,364
5.0,13,3,10,365
5.0,13,3,11,366
5.0,13,3,12,367
5.0,13,3,13,368
5.0,13,3,14,369
5.0,13,3,15,371
5.0,13,4,0,355
5.0,13,4,1,356
5.0,13,4,2,357
5.0,13,4,3,358
5.0,13,4,4,360
5.0,13,4,5,361
5.0,13,4,6,362
5.0,13,4,7,363
5.0,13,4,8,364
5.0,13,4,9,365
5.0,13,4,10,366
5.0,13,4,11,367
5.0,13,4,12,368
5.0,13,4,13,370
5.0,13,4,14,371
5.0,13,4,15,372
5.0,13,5,0,356
5.0,13,5,1,357
5.0,13,5,2,358
5.0,13,5,3,360
5.0,13,5,4,361
5.0,13,5,5,362
5.0,13,5,6,363
5.0,13,5,7,364
5.0,13,5,8,365
5.0,13,5,9,366
5.0,13,5,10,367
5.0,13,5,11,369
5.0,13,5,12,370
5.0,13,5,13,371
5.0,13,5,14,372
5.0,13,5,15,373
5.0,13,6,0,357
5.0,13,6,1,358
5.0,13,6,2,360
5.0,13,6,3,361
5.0,13,6,4,362
5.0,13,6,5,363
5.0,13,6,6,364
5.0,13,6,7,365
5.0,13,6,8,366
5.0,13,6,9,368
5.0,13,6,10,369
5.0,13,6,11,370
5.0,13,6,12,371
5.0,13,6,13,372
5.0,13,6,14,373
5.0,13,6,15,374
5.0,13,7,0,358
5.0,13,7,1,360
5.0,13,7,2,361
5.0,13,7,3,362
5.0,13,7,4,363
5.0,13,7,5,364
5.0,13,7,6,365
5.0,13,7,7,366
5.0,13,7,8,368
5.0,13,7,9,369
5.0,13,7,10,370
5.0,13,7,11,371
5.0,13,7,12,372
5.0,13,7,13,373
5.0,13,7,14,374
5.0,13,7,15,375
5.0,13,8,0,360
5.0,13,8,1,361
5.0,13,8,2,362
5.0,13,8,3,363
5.0,13,8,4,364
5.0,13,8,5,365
5.0,13,8,6,366
5.0,13,8,7,368
5.0,13,8,8,369
5.0,13,8,9,370
5.0,13,8,10,371
5.0,13,8,11,372
5.0,13,8,12,373
5.0,13,8,13,374
5.0,13,8,14,375
5.0,13,8,15,377
5.0,13,9,0,361
5.0,13,9,1,362
5.0,13,9,2,363
5.0,13,9,3,364
5.0,13,9,4,365
5.0,13,9,5,367
5.0,13,9,6,368
5.0,13,9,7,369
5.0,13,9,8,370
5.0,13,9,9,371
5.0,13,9,10,372
5.0,13,9,11,373
5.0,13,9,12,374
5.0,13,9,13,376
5.0,13,9,14,377
5.0,13,9,15,378
5.0,13,10,0,362
5.0,13,10,1,363
5.0,13,10,2,364
5.0,13,10,3,365
5.0,13,10,4,367
5.0,13,10,5,368
5.0,13,10,6,369
5.0,13,10,7,370
5.0,13,10,8,371
5.0,13,10,9,372
5.0,13,10,10,373
5.0,13,10,11,375
5.0,13,10,12,376
5.0,13,10,13,377
5.0,13,10,14,378
5.0,13,10,15,379
5.0,13,11,0,363
5.0,13,11,1,364
5.0,13,11,2,365
5.0,13,11,3,367
5.0,13,11,4,368
5.0,13,11,5,369
5.0,13,11,6,370
5.0,13,11,7,371
5.0,13,11,8,372
5.0,13,11,9,373
5.0,13,11,10,375
5.0,13,11,11,376
5.0,13,11,12,377
5.0,13,11,13,378
5.0,13,11,14,379
5.0,13,11,15,380
5.0,13,12,0,364
5.0,13,12,1,365
5.0,13,12,2,366
5.0,13,12,3,368
5.0,13,12,4,369
5.0,13,12,5,370
5.0,13,12,6,371
5.0,13,12,7,372
5.0,13,12,8,373
5.0,13,12,9,375
5.0,13,12,10,376
5.0,13,12,11,377
5.0,13,12,12,378
5.0,13,12,13,379
5.0,13,12,14,380
5.0,13,12,15,381
5.0,13,13,0,365
5.0,13,13,1,366
5.0,13,13,2,368
5.0,13,13,3,369
5.0,13,13,4,370
5.0,13,13,5,371
5.0,13,13,6,372
5.0,13,13,7,373
5.0,13,13,8,375
5.0,13,13,9,376
5.0,13,13,10,377
5.0,13,13,11,378
5.0,13,13,12,379
5.0,13,13,13,380
5.0,13,13,14,381
5.0,13,13,15,383
5.0,13,14,0,366
5.0,13,14,1,368
5.0,13,14,2,369
5.0,13,14,3,370
5.0,13,14,4,371
5.0,13,14,5,372
5.0,13,14,6,373
5.0,13,14,7,375
5.0,13,14,8,376
5.0,13,14,9,377
5.0,13,14,10,378
5.0,13,14,11,379
5.0,13,14,12,380
5.0,13,14,13,381
5.0,13,14,14,383
5.0,13,14,15,384
5.0,13,15,0,368
5.0,13,15,1,369
5.0,13,15,2,370
5.0,13,15,3,371
5.0,13,15,4,372
5.0,13,15,5,373
5.0,13,15,6,375
5.0,13,15,7,376
5.0,13,15,8,377
5.0,13,15,9,378
5.0,13,15,10,379
5.0,13,15,11,380
5.0,13,15,12,382
5.0,13,15,13,383
5.0,13,15,14,384
5.0,13,15,15,385
5.0,14,0,0,352
5.0,14,0,1,353
5.0,14,0,2,354
5.0,14,0,3,355
5.0,14,0,4,356
5.0,14,0,5,357
5.0,14,0,6,358
5.0,14,0,7,359
5.0,14,0,8,361
5.0,14,0,9,362
5.0,14,0,10,363
5.0,14,0,11,364
5.0,14,0,12,365
5.0,14,0,13,366
5.0,14,0,14,367
5.0,14,0,15,368
5.0,14,1,0,353
5.0,14,1,1,354
5.0,14,1,2,355
5.0,14,1,3,356
5.0,14,1,4,357
5.0,14,1,5,358
5.0,14,1,6,360
5.0,14,1,7,361
5.0,14,1,8,362
5.0,14,1,9,363
5.0,14,1,10,364
5.0,14,1,11,365
5.0,14,1,12,366
5.0,14,1,13,367
5.0,14,1,14,368
5.0,14,1,15,369
5.0,14,2,0,354
5.0,14,2,1,355
5.0,14,2,2,356
5.0,14,2,3,357
5.0,14,2,4,358
5.0,14,2,5,360
5.0,14,2,6,361
5.0,14,2,7,362
5.0,14,2,8,363
5.0,14,2,9,364
5.0,14,2,10,365
5.0,14,2,11,366
5.0,14,2,12,367
5.0,14,2,13,368
5.0,14,2,14,370
5.0,14,2,15,371
5.0,14,3,0,355
5.0,14,3,1,356
5.0,14,3,2,357
5.0,14,3,3,359
5.0,14,3,4,360
5.0,14,3,5,361
5.0,14,3,6,362
5.0,14,3,7,363
5.0,14,3,8,364
5.0,14,3,9,365
5.0,14,3,10,366
5.0,14,3,11,368
5.0,14,3,12,369
5.0,14,3,13,370
5.0,14,3,14,371
5.0,14,3,15,372
5.0,14,4,0,356
5.0,14,4,1,357
5.0,14,4,2,359
5.0,14,4,3,360
5.0,14,4,4,361
5.0,14,4,5,362
5.0,14,4,6,363
5.0,14,4,7,364
5.0,14,4,8,365
5.0,14,4,9,366
5.0,14,4,10,368
5.0,14,4,11,369
5.0,14,4,12,370
5.0,14,4,13,371
5.0,14,4,14,372
5.0,14,4,15,373
5.0,14,5,0,357
5.0,14,5,1,359
5.0,14,5,2,360
5.0,14,5,3,361
5.0,14,5,4,362
5.0,14,5,5,363
5.0,14,5,6,364
5.0,14,5,7,365
5.0,14,5,8,367
5.0,14,5,9,368
5.0,14,5,10,369
5.0,14,5,11,370
5.0,14,5,12,371
5.0,14,5,13,372
5.0,14,5,14,373
5.0,14,5,15,374
5.0,14,6,0,359
5.0,14,6,1,360
5.0,14,6,2,361
5.0,14,6,3,362
5.0,14,6,4,363
5.0,14,6,5,364
5.0,14,6,6,365
5.0,14,6,7,367
5.0,14,6,8,368
5.0,14,6,9,369
5.0,14,6,10,370
5.0,14,6,11,371
5.0,14,6,12,372
5.0,14,6,13,373
5.0,14,6,14,374
5.0,14,6,15,376
5.0,14,7,0,360
5.0,14,7,1,361
5.0,14,7,2,362
5.0,14,7,3,363
5.0,14,7,4,364
5.0,14,7,5,366
5.0,14,7,6,367
5.0,14,7,7,368
5.0,14,7,8,369
5.0,14,7,9,370
5.0,14,7,10,371
5.0,14,7,11,372
5.0,14,7,12,373
5.0,14,7,13,375
5.0,14,7,14,376
5.0,14,7,15,377
5.0,14,8,0,361
5.0,14,8,1,362
5.0,14,8,2,363
5.0,14,8,3,364
5.0,14,8,4,366
5.0,14,8,5,367
5.0,14,8,6,368
5.0,14,8,7,369
5.0,14,8,8,370
5.0,14,8,9,371
5.0,14,8,10,372
5.0,14,8,11,374
5.0,14,8,12,375
5.0,14,8,13,376
5.0,14,8,14,377
5.0,14,8,15,378
5.0,14,9,0,362
5.0,14,9,1,363
5.0,14,9,2,364
5.0,14,9,3,366
5.0,14,9,4,367
5.0,14,9,5,368
5.0,14,9,6,369
5.0,14,9,7,370
5.0,14,9,8,371
5.0,14,9,9,372
5.0,14,9,10,374
5.0,14,9,11,375
5.0,14,9,12,376
5.0,14,9,13,377
5.0,14,9,14,378
5.0,14,9,15,379
5.0,14,10,0,363
5.0,14,10,1,364
5.0,14,10,2,366
5.0,14,10,3,367
5.0,14,10,4,368
5.0,14,10,5,369
5.0,14,10,6,370
5.0,14,10,7,371
5.0,14,10,8,372
5.0,14,10,9,374
5.0,14,10,10,375
5.0,14,10,11,376
5.0,14,10,12,377
5.0,14,10,13,378
5.0,14,10,14,379
5.0,14,10,15,380
5.0,14,11,0,364
5.0,14,11,1,366
5.0,14,11,2,367
5.0,14,11,3,368
5.0,14,11,4,369
5.0,14,11,5,370
5.0,14,11,6,371
5.0,14,11,7,372
5.0,14,11,8,374
5.0,14,11,9,375
5.0,14,11,10,376
5.0,14,11,11,377
5.0,14,11,12,378
5.0,14,11,13,379
5.0,14,11,14,380
5.0,14,11,15,382
5.0,14,12,0,365
5.0,14,12,1,367
5.0,14,12,2,368
5.0,14,12,3,369
5.0,14,12,4,370
5.0,14,12,5,371
5.0,14,12,6,372
5.0,14,12,7,374
5.0,14,12,8,375
5.0,14,12,9,376
5.0,14,12,10,377
5.0,14,12,11,378
5.0,14,12,12,379
5.0,14,12,13,381
5.0,14,12,14,382
5.0,14,12,15,383
5.0,14,13,0,367
5.0,14,13,1,368
5.0,14,13,2,369
5.0,14,13,3,370
5.0,14,13,4,371
5.0,14,13,5,372
5.0,14,13,6,374
5.0,14,13,7,375
5.0,14,13,8,376
5.0,14,13,9,377
5.0,14,13,10,378
5.0,14,13,11,379
5.0,14,13,12,381
5.0,14,13,13,382
5.0,14,13,14,383
5.0,14,13,15,384
5.0,14,14,0,368
5.0,14,14,1,369
5.0,14,14,2,370
5.0,14,14,3,371
5.0,14,14,4,372
5.0,14,14,5,374
5.0,14,14,6,375
5.0,14,14,7,376
5.0,14,14,8,377
5.0,14,14,9,378
5.0,14,14,10,379
5.0,14,14,11,381
5.0,14,14,12,382
5.0,14,14,13,383
5.0,14,14,14,384
5.0,14,14,15,385
5.0,14,15,0,369
5.0,14,15,1,370
5.0,14,15,2,371
5.0,14,15,3,372
5.0,14,15,4,374
5.0,14,15,5,375
5.0,14,15,6,376
5.0,14,15,7,377
5.0,14,15,8,378
5.0,14,15,9,379
5.0,14,15,10,381
5.0,14,15,11,382
5.0,14,15,12,383
5.0,14,15,13,384
5.0,14,15,14,385
5.0,14,15,15,386
5.0,15,0,0,353
5.0,15,0,1,354
5.0,15,0,2,355
5.0,15,0,3,356
5.0,15,0,4,357
5.0,15,0,5,359
5.0,15,0,6,360
5.0,15,0,7,361
5.0,15,0,8,362
5.0,15,0,9,363
5.0,15,0,10,364
5.0,15,0,11,365
5.0,15,0,12,366
5.0,15,0,13,367
5.0,15,0,14,368
5.0,15,0,15,370
5.0,15,1,0,354
5.0,15,1,1,355
5.0,15,1,2,356
5.0,15,1,3,357
5.0,15,1,4,359
5.0,15,1,5,360
5.0,15,1,6,361
5.0,15,1,7,362
5.0,15,1,8,363
5.0,15,1,9,364
5.0,15,1,10,365
5.0,15,1,11,366
5.0,15,1,12,368
5.0,15,1,13,369
5.0,15,1,14,370
5.0,15,1,15,371
5.0,15,2,0,355
5.0,15,2,1,356
5.0,15,2,2,358
5.0,15,2,3,359
5.0,15,2,4,360
5.0,15,2,5,361
5.0,15,2,6,362
5.0,15,2,7,363
5.0,15,2,8,364
5.0,15,2,9,365
5.0,15,2,10,367
5.0,15,2,11,368
5.0,15,2,12,369
5.0,15,2,13,370
5.0,15,2,14,371
5.0,15,2,15,372
5.0,15,3,0,356
5.0,15,3,1,358
5.0,15,3,2,359
5.0,15,3,3,360
5.0,15,3,4,361
5.0,15,3,5,362
5.0,15,3,6,363
5.0,15,3,7,364
5.0,15,3,8,365
5.0,15,3,9,367
5.0,15,3,10,368
5.0,15,3,11,369
5.0,15,3,12,370
5.0,15,3,13,371
5.0,15,3,14,372
5.0,15,3,15,373
5.0,15,4,0,358
5.0,15,4,1,359
5.0,15,4,2,360
5.0,15,4,3,361
5.0,15,4,4,362
5.0,15,4,5,363
5.0,15,4,6,364
5.0,15,4,7,366
5.0,15,4,8,367
5.0,15,4,9,368
5.0,15,4,10,369
5.0,15,4,11,370
5.0,15,4,12,371
5.0,15,4,13,372
5.0,15,4,14,373
5.0,15,4,15,374
5.0,15,5,0,359
5.0,15,5,1,360
5.0,15,5,2,361
5.0,15,5,3,362
5.0,15,5,4,363
5.0,15,5,5,364
5.0,15,5,6,366
5.0,15,5,7,367
5.0,15,5,8,368
5.0,15,5,9,369
5.0,15,5,10,370
5.0,15,5,11,371
5.0,15,5,12,372
5.0,15,5,13,373
5.0,15,5,14,375
5.0,15,5,15,376
5.0,15,6,0,360
5.0,15,6,1,361
5.0,15,6,2,362
5.0,15,6,3,363
5.0,15,6,4,365
5.0,15,6,5,366
5.0,15,6,6,367
5.0,15,6,7,368
5.0,15,6,8,369
5.0,15,6,9,370
5.0,15,6,10,371
5.0,15,6,11,372
5.0,15,6,12,374
5.0,15,6,13,375
5.0,15,6,14,376
5.0,15,6,15,377
5.0,15,7,0,361
5.0,15,7,1,362
5.0,15,7,2,363
5.0,15,7,3,365
5.0,15,7,4,366
5.0,15,7,5,367
5.0,15,7,6,368
5.0,15,7,7,369
5.0,15,7,8,370
5.0,15,7,9,371
5.0,15,7,10,373
5.0,15,7,11,374
5.0,15,7,12,375
5.0,15,7,13,376
5.0,15,7,14,377
5.0,15,7,15,378
5.0,15,8,0,362
5.0,15,8,1,363
5.0,15,8,2,365
5.0,15,8,3,366
5.0,15,8,4,367
5.0,15,8,5,368
5.0,15,8,6,369
5.0,15,8,7,370
5.0,15,8,8,371
5.0,15,8,9,373
5.0,15,8,10,374
5.0,15,8,11,375
5.0,15,8,12,376
5.0,15,8,13,377
5.0,15,8,14,378
5.0,15,8,15,379
5.0,15,9,0,363
5.0,15,9,1,365
5.0,15,9,2,366
5.0,15,9,3,367
5.0,15,9,4,368
5.0,15,9,5,369
5.0,15,9,6,370
5.0,15,9,7,371
5.0,15,9,8,373
5.0,15,9,9,374
5.0,15,9,10,375
5.0,15,9,11,376
5.0,15,9,12,377
5.0,15,9,13,378
5.0,15,9,14,379
5.0,15,9,15,381
5.0,15,10,0,365
5.0,15,10,1,366
5.0,15,10,2,367
5.0,15,10,3,368
5.0,15,10,4,369
5.0,15,10,5,370
5.0,15,10,6,372
5.0,15,10,7,373
5.0,15,10,8,374
5.0,15,10,9,375
5.0,15,10,10,376
5.0,15,10,11,377
5.0,15,10,12,378
5.0,15,10,13,380
5.0,15,10,14,381
5.0,15,10,15,382
5.0,15,11,0,366
5.0,15,11,1,367
5.0,15,11,2,368
5.0,15,11,3,369
5.0,15,11,4,370
5.0,15,11,5,372
5.0,15,11,6,373
5.0,15,11,7,374
5.0,15,11,8,375
5.0,15,11,9,376
5.0,15,11,10,377
5.0,15,11,11,378
5.0,15,11,12,380
5.0,15,11,13,381
5.0,15,11,14,382
5.0,15,11,15,383
5.0,15,12,0,367
5.0,15,12,1,368
5.0,15,12,2,369
5.0,15,12,3,370
5.0,15,12,4,372
5.0,15,12,5,373
5.0,15,12,6,374
5.0,15,12,7,375
5.0,15,12,8,376
5.0,15,12,9,377
5.0,15,12,10,378
5.0,15,12,11,380
5.0,15,12,12,381
5.0,15,12,13,382
5.0,15,12,14,383
5.0,15,12,15,384
5.0,15,13,0,368
5.0,15,13,1,369
5.0,15,13,2,370
5.0,15,13,3,371
5.0,15,13,4,373
5.0,15,13,5,374
5.0,15,13,6,375
5.0,15,13,7,376
5.0,15,13,8,377
5.0,15,13,9,378
5.0,15,13,10,380
5.0,15,13,11,381
5.0,15,13,12,382
5.0,15,13,13,383
5.0,15,13,14,384
5.0,15,13,15,385
5.0,15,14,0,369
5.0,15,14,1,370
5.0,15,14,2,371
5.0,15,14,3,373
5.0,15,14,4,374
5.0,15,14,5,375
5.0,15,14,6,376
5.0,15,14,7,377
5.0,15,14,8,379
5.0,15,14,9,380
5.0,15,14,10,381
5.0,15,14,11,382
5.0,15,14,12,383
5.0,15,14,13,384
5.0,15,14,14,385
5.0,15,14,15,387
5.0,15,15,0,370
5.0,15,15,1,371
5.0,15,15,2,373
5.0,15,15,3,374
5.0,15,15,4,375
5.0,15,15,5,376
5.0,15,15,6,377
5.0,15,15,7,378
5.0,15,15,8,380
5.0,15,15,9,381
5.0,15,15,10,382
5.0,15,15,11,383
5.0,15,15,12,384
5.0,15,15,13,385
5.0,15,15,14,387
5.0,15,15,15,388
5.5,0,0,0,371
5.5,0,0,1,372
5.5,0,0,2,373
5.5,0,0,3,375
5.5,0,0,4,376
5.5,0,0,5,377
5.5,0,0,6,378
5.5,0,0,7,379
5.5,0,0,8,381
5.5,0,0,9,382
5.5,0,0,10,383
5.5,0,0,11,384
5.5,0,0,12,385
5.5,0,0,13,386
5.5,0,0,14,387
5.5,0,0,15,389
5.5,0,1,0,372
5.5,0,1,1,373
5.5,0,1,2,375
5.5,0,1,3,376
5.5,0,1,4,377
5.5,0,1,5,378
5.5,0,1,6,379
5.5,0,1,7,381
5.5,0,1,8,382
5.5,0,1,9,383
5.5,0,1,10,384
5.5,0,1,11,385
5.5,0,1,12,386
5.5,0,1,13,388
5.5,0,1,14,389
5.5,0,1,15,390
5.5,0,2,0,374
5.5,0,2,1,375
5.5,0,2,2,376
5.5,0,2,3,377
5.5,0,2,4,378
5.5,0,2,5,380
5.5,0,2,6,381
5.5,0,2,7,382
5.5,0,2,8,383
5.5,0,2,9,384
5.5,0,2,10,385
5.5,0,2,11,387
5.5,0,2,12,388
5.5,0,2,13,389
5.5,0,2,14,390
5.5,0,2,15,391
5.5,0,3,0,375
5.5,0,3,1,376
5.5,0,3,2,377
5.5,0,3,3,378
5.5,0,3,4,380
5.5,0,3,5,381
5.5,0,3,6,382
5.5,0,3,7,383
5.5,0,3,8,384
5.5,0,3,9,386
5.5,0,3,10,387
5.5,0,3,11,388
5.5,0,3,12,389
5.5,0,3,13,390
5.5,0,3,14,391
5.5,0,3,15,392
5.5,0,4,0,376
5.5,0,4,1,377
5.5,0,4,2,378
5.5,0,4,3,380
5.5,0,4,4,381
5.5,0,4,5,382
5.5,0,4,6,383
5.5,0,4,7,384
5.5,0,4,8,386
5.5,0,4,9,387
5.5,0,4,10,388
5.5,0,4,11,389
5.5,0,4,12,390
5.5,0,4,13,391
5.5,0,4,14,393
5.5,0,4,15,394
5.5,0,5,0,377
5.5,0,5,1,378
5.5,0,5,2,380
5.5,0,5,3,381
5.5,0,5,4,382
5.5,0,5,5,383
5.5,0,5,6,384
5.5,0,5,7,386
5.5,0,5,8,387
5.5,0,5,9,388
5.5,0,5,10,389
5.5,0,5,11,390
5.5,0,5,12,392
5.5,0,5,13,393
5.5,0,5,14,394
5.5,0,5,15,395
5.5,0,6,0,378
5.5,0,6,1,380
5.5,0,6,2,381
5.5,0,6,3,382
5.5,0,6,4,383
5.5,0,6,5,385
5.5,0,6,6,386
5.5,0,6,7,387
5.5,0,6,8,388
5.5,0,6,9,389
5.5,0,6,10,390
5.5,0,6,11,392
5.5,0,6,12,393
5.5,0,6,13,394
5.5,0,6,14,395
5.5,0,6,15,396
5.5,0,7,0,380
5.5,0,7,1,381
5.5,0,7,2,382
5.5,0,7,3,383
5.5,0,7,4,385
5.5,0,7,5,386
5.5,0,7,6,387
5.5,0,7,7,388
5.5,0,7,8,389
5.5,0,7,9,391
5.5,0,7,10,392
5.5,0,7,11,393
5.5,0,7,12,394
5.5,0,7,13,395
5.5,0,7,14,396
5.5,0,7,15,398
5.5,0,8,0,381
5.5,0,8,1,382
5.5,0,8,2,383
5.5,0,8,3,385
5.5,0,8,4,386
5.5,0,8,5,387
5.5,0,8,6,388
5.5,0,8,7,389
5.5,0,8,8,391
5.5,0,8,9,392
5.5,0,8,10,393
5.5,0,8,11,394
5.5,0,8,12,395
5.5,0,8,13,397
5.5,0,8,14,398
5.5,0,8,15,399
5.5,0,9,0,382
5.5,0,9,1,383
5.5,0,9,2,385
5.5,0,9,3,386
5.5,0,9,4,387
5.5,0,9,5,388
5.5,0,9,6,389
5.5,0,9,7,391
5.5,0,9,8,392
5.5,0,9,9,393
5.5,0,9,10,394
5.5,0,9,11,395
5.5,0,9,12,397
5.5,0,9,13,398
5.5,0,9,14,399
5.5,0,9,15,400
5.5,0,10,0,383
5.5,0,10,1,385
5.5,0,10,2,386
5.5,0,10,3,387
5.5,0,10,4,388
5.5,0,10,5,389
5.5,0,10,6,391
5.5,0,10,7,392
5.5,0,10,8,393
5.5,0,10,9,394
5.5,0,10,10,395
5.5,0,10,11,397
5.5,0,10,12,398
5.5,0,10,13,399
5.5,0,10,14,400
5.5,0,10,15,401
5.5,0,11,0,385
5.5,0,11,1,386
5.5,0,11,2,387
5.5,0,11,3,388
5.5,0,11,4,389
5.5,0,11,5,391
5.5,0,11,6,392
5.5,0,11,7,393
5.5,0,11,8,394
5.5,0,11,9,396
5.5,0,11,10,397
5.5,0,11,11,398
5.5,0,11,12,399
5.5,0,11,13,400
5.5,0,11,14,402
5.5,0,11,15,403
5.5,0,12,0,386
5.5,0,12,1,387
5.5,0,12,2,388
5.5,0,12,3,389
5.5,0,12,4,391
5.5,0,12,5,392
5.5,0,12,6,393
5.5,0,12,7,394
5.5,0,12,8,396
5.5,0,12,9,397
5.5,0,12,10,398
5.5,0,12,11,399
5.5,0,12,12,400
5.5,0,12,13,402
5.5,0,12,14,403
5.5,0,12,15,404
5.5,0,13,0,387
5.5,0,13,1,388
5.5,0,13,2,389
5.5,0,13,3,391
5.5,0,13,4,392
5.5,0,13,5,393
5.5,0,13,6,394
5.5,0,13,7,396
5.5,0,13,8,397
5.5,0,13,9,398
5.5,0,13,10,399
5.5,0,13,11,400
5.5,0,13,12,402
5.5,0,13,13,403
5.5,0,13,14,404
5.5,0,13,15,405
5.5,0,14,0,388
5.5,0,14,1,389
5.5,0,14,2,391
5.5,0,14,3,392
5.5,0,14,4,393
5.5,0,14,5,394
5.5,0,14,6,396
5.5,0,14,7,397
5.5,0,14,8,398
5.5,0,14,9,399
5.5,0,14,10,400
5.5,0,14,11,402
5.5,0,14,12,403
5.5,0,14,13,404
5.5,0,14,14,405
5.5,0,14,15,406
5.5,0,15,0,389
5.5,0,15,1,391
5.5,0,15,2,392
5.5,0,15,3,393
5.5,0,15,4,394
5.5,0,15,5,396
5.5,0,15,6,397
5.5,0,15,7,398
5.5,0,15,8,399
5.5,0,15,9,400
5.5,0,15,10,402
5.5,0,15,11,403
5.5,0,15,12,404
5.5,0,15,13,405
5.5,0,15,14,407
5.5,0,15,15,408
5.5,1,0,0,372
5.5,1,0,1,374
5.5,1,0,2,375
5.5,1,0,3,376
5.5,1,0,4,377
5.5,1,0,5,378
5.5,1,0,6,380
5.5,1,0,7,381
5.5,1,0,8,382
5.5,1,0,9,383
5.5,1,0,10,384
5.5,1,0,11,385
5.5,1,0,12,387
5.5,1,0,13,388
5.5,1,0,14,389
5.5,1,0,15,390
5.5,1,1,0,374
5.5,1,1,1,375
5.5,1,1,2,376
5.5,1,1,3,377
5.5,1,1,4,379
5.5,1,1,5,380
5.5,1,1,6,381
5.5,1,1,7,382
5.5,1,1,8,383
5.5,1,1,9,384
5.5,1,1,10,386
5.5,1,1,11,387
5.5,1,1,12,388
5.5,1,1,13,389
5.5,1,1,14,390
5.5,1,1,15,391
5.5,1,2,0,375
5.5,1,2,1,376
5.5,1,2,2,377
5.5,1,2,3,379
5.5,1,2,4,380
5.5,1,2,5,381
5.5,1,2,6,382
5.5,1,2,7,383
5.5,1,2,8,385
5.5,1,2,9,386
5.5,1,2,10,387
5.5,1,2,11,388
5.5,1,2,12,389
5.5,1,2,13,390
5.5,1,2,14,392
5.5,1,2,15,393
5.5,1,3,0,376
5.5,1,3,1,377
5.5,1,3,2,379
5.5,1,3,3,380
5.5,1,3,4,381
5.5,1,3,5,382
5.5,1,3,6,383
5.5,1,3,7,385
5.5,1,3,8,386
5.5,1,3,9,387
5.5,1,3,10,388
5.5,1,3,11,389
5.5,1,3,12,391
5.5,1,3,13,392
5.5,1,3,14,393
5.5,1,3,15,394
5.5,1,4,0,377
5.5,1,4,1,379
5.5,1,4,2,380
5.5,1,4,3,381
5.5,1,4,4,382
5.5,1,4,5,383
5.5,1,4,6,385
5.5,1,4,7,386
5.5,1,4,8,387
5.5,1,4,9,388
5.5,1,4,10,389
5.5,1,4,11,391
5.5,1,4,12,392
5.5,1,4,13,393
5.5,1,4,14,394
5.5,1,4,15,395
5.5,1,5,0,379
5.5,1,5,1,380
5.5,1,5,2,381
5.5,1,5,3,382
5.5,1,5,4,384
5.5,1,5,5,385
5.5,1,5,6,386
5.5,1,5,7,387
5.5,1,5,8,388
5.5,1,5,9,390
5.5,1,5,10,391
5.5,1,5,11,392
5.5,1,5,12,393
5.5,1,5,13,394
5.5,1,5,14,395
5.5,1,5,15,397
5.5,1,6,0,380
5.5,1,6,1,381
5.5,1,6,2,382
5.5,1,6,3,384
5.5,1,6,4,385
5.5,1,6,5,386
5.5,1,6,6,387
5.5,1,6,7,388
5.5,1,6,8,390
5.5,1,6,9,391
5.5,1,6,10,392
5.5,1,6,11,393
5.5,1,6,12,394
5.5,1,6,13,396
5.5,1,6,14,397
5.5,1,6,15,398
5.5,1,7,0,381
5.5,1,7,1,382
5.5,1,7,2,384
5.5,1,7,3,385
5.5,1,7,4,386
5.5,1,7,5,387
5.5,1,7,6,388
5.5,1,7,7,390
5.5,1,7,8,391
5.5,1,7,9,392
5.5,1,7,10,393
5.5,1,7,11,394
5.5,1,7,12,396
5.5,1,7,13,397
5.5,1,7,14,398
5.5,1,7,15,399
5.5,1,8,0,382
5.5,1,8,1,384
5.5,1,8,2,385
5.5,1,8,3,386
5.5,1,8,4,387
5.5,1,8,5,388
5.5,1,8,6,390
5.5,1,8,7,391
5.5,1,8,8,392
5.5,1,8,9,393
5.5,1,8,10,395
5.5,1,8,11,396
5.5,1,8,12,397
5.5,1,8,13,398
5.5,1,8,14,399
5.5,1,8,15,400
5.5,1,9,0,384
5.5,1,9,1,385
5.5,1,9,2,386
5.5,1,9,3,387
5.5,1,9,4,388
5.5,1,9,5,390
5.5,1,9,6,391
5.5,1,9,7,392
5.5,1,9,8,393
5.5,1,9,9,395
5.5,1,9,10,396
5.5,1,9,11,397
5.5,1,9,12,398
5.5,1,9,13,399
5.5,1,9,14,401
5.5,1,9,15,402
5.5,1,10,0,385
5.5,1,10,1,386
5.5,1,10,2,387
5.5,1,10,3,388
5.5,1,10,4,390
5.5,1,10,5,391
5.5,1,10,6,392
5.5,1,10,7,393
5.5,1,10,8,395
5.5,1,10,9,396
5.5,1,10,10,397
5.5,1,10,11,398
5.5,1,10,12,399
5.5,1,10,13,401
5.5,1,10,14,402
5.5,1,10,15,403
5.5,1,11,0,386
5.5,1,11,1,387
5.5,1,11,2,388
5.5,1,11,3,390
5.5,1,11,4,391
5.5,1,11,5,392
5.5,1,11,6,393
5.5,1,11,7,395
5.5,1,11,8,396
5.5,1,11,9,397
5.5,1,11,10,398
5.5,1,11,11,399
5.5,1,11,12,401
5.5,1,11,13,402
5.5,1,11,14,403
5.5,1,11,15,404
5.5,1,12,0,387
5.5,1,12,1,388
5.5,1,12,2,390
5.5,1,12,3,391
5.5,1,12,4,392
5.5,1,12,5,393
5.5,1,12,6,395
5.5,1,12,7,396
5.5,1,12,8,397
5.5,1,12,9,398
5.5,1,12,10,400
5.5,1,12,11,401
5.5,1,12,12,402
5.5,1,12,13,403
5.5,1,12,14,404
5.5,1,12,15,406
5.5,1,13,0,388
5.5,1,13,1,390
5.5,1,13,2,391
5.5,1,13,3,392
5.5,1,13,4,393
5.5,1,13,5,395
5.5,1,13,6,396
5.5,1,13,7,397
5.5,1,13,8,398
5.5,1,13,9,400
5.5,1,13,10,401
5.5,1,13,11,402
5.5,1,13,12,403
5.5,1,13,13,404
5.5,1,13,14,406
5.5,1,13,15,407
5.5,1,14,0,390
5.5,1,14,1,391
5.5,1,14,2,392
5.5,1,14,3,393
5.5,1,14,4,395
5.5,1,14,5,396
5.5,1,14,6,397
5.5,1,14,7,398
5.5,1,14,8,400
5.5,1,14,9,401
5.5,1,14,10,402
5.5,1,14,11,403
5.5,1,14,12,404
5.5,1,14,13,406
5.5,1,14,14,407
5.5,1,14,15,408
5.5,1,15,0,391
5.5,1,15,1,392
5.5,1,15,2,393
5.5,1,15,3,395
5.5,1,15,4,396
5.5,1,15,5,397
5.5,1,15,6,398
5.5,1,15,7,400
5.5,1,15,8,401
5.5,1,15,9,402
5.5,1,15,10,403
5.5,1,15,11,404
5.5,1,15,12,406
5.5,1,15,13,407
5.5,1,15,14,408
5.5,1,15,15,409
5.5,2,0,0,374
5.5,2,0,1,375
5.5,2,0,2,376
5.5,2,0,3,377
5.5,2,0,4,379
5.5,2,0,5,380
5.5,2,0,6,381
5.5,2,0,7,382
5.5,2,0,8,383
5.5,2,0,9,385
5.5,2,0,10,386
5.5,2,0,11,387
5.5,2,0,12,388
5.5,2,0,13,389
5.5,2,0,14,390
5.5,2,0,15,392
5.5,2,1,0,375
5.5,2,1,1,376
5.5,2,1,2,378
5.5,2,1,3,379
5.5,2,1,4,380
5.5,2,1,5,381
5.5,2,1,6,382
5.5,2,1,7,384
5.5,2,1,8,385
5.5,2,1,9,386
5.5,2,1,10,387
5.5,2,1,11,388
5.5,2,1,12,389
5.5,2,1,13,391
5.5,2,1,14,392
5.5,2,1,15,393
5.5,2,2,0,376
5.5,2,2,1,378
5.5,2,2,2,379
5.5,2,2,3,380
5.5,2,2,4,381
5.5,2,2,5,382
5.5,2,2,6,384
5.5,2,2,7,385
5.5,2,2,8,386
5.5,2,2,9,387
5.5,2,2,10,388
5.5,2,2,11,390
5.5,2,2,12,391
5.5,2,2,13,392
5.5,2,2,14,393
5.5,2,2,15,394
5.5,2,3,0,378
5.5,2,3,1,379
5.5,2,3,2,380
5.5,2,3,3,381
5.5,2,3,4,382
5.5,2,3,5,384
5.5,2,3,6,385
5.5,2,3,7,386
5.5,2,3,8,387
5.5,2,3,9,388
5.5,2,3,10,390
5.5,2,3,11,391
5.5,2,3,12,392
5.5,2,3,13,393
5.5,2,3,14,394
5.5,2,3,15,396
5.5,2,4,0,379
5.5,2,4,1,380
5.5,2,4,2,381
5.5,2,4,3,383
5.5,2,4,4,384
5.5,2,4,5,385
5.5,2,4,6,386
5.5,2,4,7,387
5.5,2,4,8,389
5.5,2,4,9,390
5.5,2,4,10,391
5.5,2,4,11,392
5.5,2,4,12,393
5.5,2,4,13,394
5.5,2,4,14,396
5.5,2,4,15,397
5.5,2,5,0,380
5.5,2,5,1,381
5.5,2,5,2,383
5.5,2,5,3,384
5.5,2,5,4,385
5.5,2,5,5,386
5.5,2,5,6,387
5.5,2,5,7,389
5.5,2,5,8,390
5.5,2,5,9,391
5.5,2,5,10,392
5.5,2,5,11,393
5.5,2,5,12,395
5.5,2,5,13,396
5.5,2,5,14,397
5.5,2,5,15,398
5.5,2,6,0,381
5.5,2,6,1,383
5.5,2,6,2,384
5.5,2,6,3,385
5.5,2,6,4,386
5.5,2,6,5,387
5.5,2,6,6,389
5.5,2,6,7,390
5.5,2,6,8,391
5.5,2,6,9,392
5.5,2,6,10,393
5.5,2,6,11,395
5.5,2,6,12,396
5.5,2,6,13,397
5.5,2,6,14,398
5.5,2,6,15,399
5.5,2,7,0,383
5.5,2,7,1,384
5.5,2,7,2,385
5.5,2,7,3,386
5.5,2,7,4,387
5.5,2,7,5,389
5.5,2,7,6,390
5.5,2,7,7,391
5.5,2,7,8,392
5.5,2,7,9,394
5.5,2,7,10,395
5.5,2,7,11,396
5.5,2,7,12,397
5.5,2,7,13,398
5.5,2,7,14,400
5.5,2,7,15,401
5.5,2,8,0,384
5.5,2,8,1,385
5.5,2,8,2,386
5.5,2,8,3,388
5.5,2,8,4,389
5.5,2,8,5,390
5.5,2,8,6,391
5.5,2,8,7,392
5.5,2,8,8,394
5.5,2,8,9,395
5.5,2,8,10,396
5.5,2,8,11,397
5.5,2,8,12,398
5.5,2,8,13,400
5.5,2,8,14,401
5.5,2,8,15,402
5.5,2,9,0,385
5.5,2,9,1,386
5.5,2,9,2,388
5.5,2,9,3,389
5.5,2,9,4,390
5.5,2,9,5,391
5.5,2,9,6,392
5.5,2,9,7,394
5.5,2,9,8,395
5.5,2,9,9,396
5.5,2,9,10,397
5.5,2,9,11,398
5.5,2,9,12,400
5.5,2,9,13,401
5.5,2,9,14,402
5.5,2,9,15,403
5.5,2,10,0,386
5.5,2,10,1,387
5.5,2,10,2,389
5.5,2,10,3,390
5.5,2,10,4,391
5.5,2,10,5,392
5.5,2,10,6,394
5.5,2,10,7,395
5.5,2,10,8,396
5.5,2,10,9,397
5.5,2,10,10,399
5.5,2,10,11,400
5.5,2,10,12,401
5.5,2,10,13,402
5.5,2,10,14,403
5.5,2,10,15,405
5.5,2,11,0,387
5.5,2,11,1,389
5.5,2,11,2,390
5.5,2,11,3,391
5.5,2,11,4,392
5.5,2,11,5,394
5.5,2,11,6,395
5.5,2,11,7,396
5.5,2,11,8,397
5.5,2,11,9,399
5.5,2,11,10,400
5.5,2,11,11,401
5.5,2,11,12,402
5.5,2,11,13,403
5.5,2,11,14,405
5.5,2,11,15,406
5.5,2,12,0,389
5.5,2,12,1,390
5.5,2,12,2,391
5.5,2,12,3,392
5.5,2,12,4,394
5.5,2,12,5,395
5.5,2,12,6,396
5.5,2,12,7,397
5.5,2,12,8,399
5.5,2,12,9,400
5.5,2,12,10,401
5.5,2,12,11,402
5.5,2,12,12,403
5.5,2,12,13,405
5.5,2,12,14,406
5.5,2,12,15,407
5.5,2,13,0,390
5.5,2,13,1,391
5.5,2,13,2,392
5.5,2,13,3,394
5.5,2,13,4,395
5.5,2,13,5,396
5.5,2,13,6,397
5.5,2,13,7,399
5.5,2,13,8,400
5.5,2,13,9,401
5.5,2,13,10,402
5.5,2,13,11,403
5.5,2,13,12,405
5.5,2,13,13,406
5.5,2,13,14,407
5.5,2,13,15,408
5.5,2,14,0,391
5.5,2,14,1,392
5.5,2,14,2,394
5.5,2,14,3,395
5.5,2,14,4,396
5.5,2,14,5,397
5.5,2,14,6,399
5.5,2,14,7,400
5.5,2,14,8,401
5.5,2,14,9,402
5.5,2,14,10,404
5.5,2,14,11,405
5.5,2,14,12,406
5.5,2,14,13,407
5.5,2,14,14,408
5.5,2,14,15,410
5.5,2,15,0,392
5.5,2,15,1,394
5.5,2,15,2,395
5.5,2,15,3,396
5.5,2,15,4,397
5.5,2,15,5,399
5.5,2,15,6,400
5.5,2,15,7,401
5.5,2,15,8,402
5.5,2,15,9,404
5.5,2,15,10,405
5.5,2,15,11,406
5.5,2,15,12,407
5.5,2,15,13,408
5.5,2,15,14,410
5.5,2,15,15,411
5.5,3,0,0,375
5.5,3,0,1,377
5.5,3,0,2,378
5.5,3,0,3,379
5.5,3,0,4,380
5.5,3,0,5,381
5.5,3,0,6,383
5.5,3,0,7,384
5.5,3,0,8,385
5.5,3,0,9,386
5.5,3,0,10,387
5.5,3,0,11,388
5.5,3,0,12,390
5.5,3,0,13,391
5.5,3,0,14,392
5.5,3,0,15,393
5.5,3,1,0,377
5.5,3,1,1,378
5.5,3,1,2,379
5.5,3,1,3,380
5.5,3,1,4,381
5.5,3,1,5,383
5.5,3,1,6,384
5.5,3,1,7,385
5.5,3,1,8,386
5.5,3,1,9,387
5.5,3,1,10,389
5.5,3,1,11,390
5.5,3,1,12,391
5.5,3,1,13,392
5.5,3,1,14,393
5.5,3,1,15,394
5.5,3,2,0,378
5.5,3,2,1,379
5.5,3,2,2,380
5.5,3,2,3,381
5.5,3,2,4,383
5.5,3,2,5,384
5.5,3,2,6,385
5.5,3,2,7,386
5.5,3,2,8,387
5.5,3,2,9,389
5.5,3,2,10,390
5.5,3,2,11,391
5.5,3,2,12,392
5.5,3,2,13,393
5.5,3,2,14,395
5.5,3,2,15,396
5.5,3,3,0,379
5.5,3,3,1,380
5.5,3,3,2,382
5.5,3,3,3,383
5.5,3,3,4,384
5.5,3,3,5,385
5.5,3,3,6,386
5.5,3,3,7,388
5.5,3,3,8,389
5.5,3,3,9,390
5.5,3,3,10,391
5.5,3,3,11,392
5.5,3,3,12,393
5.5,3,3,13,395
5.5,3,3,14,396
5.5,3,3,15,397
5.5,3,4,0,380
5.5,3,4,1,382
5.5,3,4,2,383
5.5,3,4,3,384
5.5,3,4,4,385
5.5,3,4,5,386
5.5,3,4,6,388
5.5,3,4,7,389
5.5,3,4,8,390
5.5,3,4,9,391
5.5,3,4,10,392
5.5,3,4,11,394
5.5,3,4,12,395
5.5,3,4,13,396
5.5,3,4,14,397
5.5,3,4,15,398
5.5,3,5,0,382
5.5,3,5,1,383
5.5,3,5,2,384
5.5,3,5,3,385
5.5,3,5,4,386
5.5,3,5,5,388
5.5,3,5,6,389
5.5,3,5,7,390
5.5,3,5,8,391
5.5,3,5,9,392
5.5,3,5,10,394
5.5,3,5,11,395
5.5,3,5,12,396
5.5,3,5,13,397
5.5,3,5,14,398
5.5,3,5,15,400
5.5,3,6,0,383
5.5,3,6,1,384
5.5,3,6,2,385
5.5,3,6,3,386
5.5,3,6,4,388
5.5,3,6,5,389
5.5,3,6,6,390
5.5,3,6,7,391
5.5,3,6,8,393
5.5,3,6,9,394
5.5,3,6,10,395
5.5,3,6,11,396
5.5,3,6,12,397
5.5,3,6,13,399
5.5,3,6,14,400
5.5,3,6,15,401
5.5,3,7,0,384
5.5,3,7,1,385
5.5,3,7,2,387
5.5,3,7,3,388
5.5,3,7,4,389
5.5,3,7,5,390
5.5,3,7,6,391
5.5,3,7,7,393
5.5,3,7,8,394
5.5,3,7,9,395
5.5,3,7,10,396
5.5,3,7,11,397
5.5,3,7,12,399
5.5,3,7,13,400
5.5,3,7,14,401
5.5,3,7,15,402
5.5,3,8,0,385
5.5,3,8,1,387
5.5,3,8,2,388
5.5,3,8,3,389
5.5,3,8,4,390
5.5,3,8,5,391
5.5,3,8,6,393
5.5,3,8,7,394
5.5,3,8,8,395
5.5,3,8,9,396
5.5,3,8,10,398
5.5,3,8,11,399
5.5,3,8,12,400
5.5,3,8,13,401
5.5,3,8,14,402
5.5,3,8,15,404
5.5,3,9,0,386
5.5,3,9,1,388
5.5,3,9,2,389
5.5,3,9,3,390
5.5,3,9,4,391
5.5,3,9,5,393
5.5,3,9,6,394
5.5,3,9,7,395
5.5,3,9,8,396
5.5,3,9,9,398
5.5,3,9,10,399
5.5,3,9,11,400
5.5,3,9,12,401
5.5,3,9,13,402
5.5,3,9,14,404
5.5,3,9,15,405
5.5,3,10,0,388
5.5,3,10,1,389
5.5,3,10,2,390
5.5,3,10,3,391
5.5,3,10,4,393
5.5,3,10,5,394
5.5,3,10,6,395
5.5,3,10,7,396
5.5,3,10,8,398
5.5,3,10,9,399
5.5,3,10,10,400
5.5,3,10,11,401
5.5,3,10,12,402
5.5,3,10,13,404
5.5,3,10,14,405
5.5,3,10,15,406
5.5,3,11,0,389
5.5,3,11,1,390
5.5,3,11,2,391
5.5,3,11,3,393
5.5,3,11,4,394
5.5,3,11,5,395
5.5,3,11,6,396
5.5,3,11,7,398
5.5,3,11,8,399
5.5,3,11,9,400
5.5,3,11,10,401
5.5,3,11,11,403
5.5,3,11,12,404
5.5,3,11,13,405
5.5,3,11,14,406
5.5,3,11,15,407
5.5,3,12,0,390
5.5,3,12,1,391
5.5,3,12,2,393
5.5,3,12,3,394
5.5,3,12,4,395
5.5,3,12,5,396
5.5,3,12,6,398
5.5,3,12,7,399
5.5,3,12,8,400
5.5,3,12,9,401
5.5,3,12,10,403
5.5,3,12,11,404
5.5,3,12,12,405
5.5,3,12,13,406
5.5,3,12,14,407
5.5,3,12,15,409
5.5,3,13,0,391
5.5,3,13,1,393
5.5,3,13,2,394
5.5,3,13,3,395
5.5,3,13,4,396
5.5,3,13,5,398
5.5,3,13,6,399
5.5,3,13,7,400
5.5,3,13,8,401
5.5,3,13,9,403
5.5,3,13,10,404
5.5,3,13,11,405
5.5,3,13,12,406
5.5,3,13,13,407
5.5,3,13,14,409
5.5,3,13,15,410
5.5,3,14,0,393
5.5,3,14,1,394
5.5,3,14,2,395
5.5,3,14,3,396
5.5,3,14,4,398
5.5,3,14,5,399
5.5,3,14,6,400
5.5,3,14,7,401
5.5,3,14,8,403
5.5,3,14,9,404
5.5,3,14,10,405
5.5,3,14,11,406
5.5,3,14,12,408
5.5,3,14,13,409
5.5,3,14,14,410
5.5,3,14,15,411
5.5,3,15,0,394
5.5,3,15,1,395
5.5,3,15,2,396
5.5,3,15,3,398
5.5,3,15,4,399
5.5,3,15,5,400
5.5,3,15,6,401
5.5,3,15,7,403
5.5,3,15,8,404
5.5,3,15,9,405
5.5,3,15,10,406
5.5,3,15,11,408
5.5,3,15,12,409
5.5,3,15,13,410
5.5,3,15,14,411
5.5,3,15,15,412
5.5,4,0,0,377
5.5,4,0,1,378
5.5,4,0,2,379
5.5,4,0,3,380
5.5,4,0,4,382
5.5,4,0,5,383
5.5,4,0,6,384
5.5,4,0,7,385
5.5,4,0,8,386
5.5,4,0,9,388
5.5,4,0,10,389
5.5,4,0,11,390
5.5,4,0,12,391
5.5,4,0,13,392
5.5,4,0,14,393
5.5,4,0,15,395
5.5,4,1,0,378
5.5,4,1,1,379
5.5,4,1,2,380
5.5,4,1,3,382
5.5,4,1,4,383
5.5,4,1,5,384
5.5,4,1,6,385
5.5,4,1,7,386
5.5,4,1,8,388
5.5,4,1,9,389
5.5,4,1,10,390
5.5,4,1,11,391
5.5,4,1,12,392
5.5,4,1,13,394
5.5,4,1,14,395
5.5,4,1,15,396
5.5,4,2,0,379
5.5,4,2,1,380
5.5,4,2,2,382
5.5,4,2,3,383
5.5,4,2,4,384
5.5,4,2,5,385
5.5,4,2,6,387
5.5,4,2,7,388
5.5,4,2,8,389
5.5,4,2,9,390
5.5,4,2,10,391
5.5,4,2,11,393
5.5,4,2,12,394
5.5,4,2,13,395
5.5,4,2,14,396
5.5,4,2,15,397
5.5,4,3,0,381
5.5,4,3,1,382
5.5,4,3,2,383
5.5,4,3,3,384
5.5,4,3,4,385
5.5,4,3,5,387
5.5,4,3,6,388
5.5,4,3,7,389
5.5,4,3,8,390
5.5,4,3,9,391
5.5,4,3,10,393
5.5,4,3,11,394
5.5,4,3,12,395
5.5,4,3,13,396
5.5,4,3,14,397
5.5,4,3,15,399
5.5,4,4,0,382
5.5,4,4,1,383
5.5,4,4,2,384
5.5,4,4,3,385
5.5,4,4,4,387
5.5,4,4,5,388
5.5,4,4,6,389
5.5,4,4,7,390
5.5,4,4,8,392
5.5,4,4,9,393
5.5,4,4,10,394
5.5,4,4,11,395
5.5,4,4,12,396
5.5,4,4,13,397
5.5,4,4,14,399
5.5,4,4,15,400
5.5,4,5,0,383
5.5,4,5,1,384
5.5,4,5,2,385
5.5,4,5,3,387
5.5,4,5,4,388
5.5,4,5,5,389
5.5,4,5,6,390
5.5,4,5,7,392
5.5,4,5,8,393
5.5,4,5,9,394
5.5,4,5,10,395
5.5,4,5,11,396
5.5,4,5,12,398
5.5,4,5,13,399
5.5,4,5,14,400
5.5,4,5,15,401
5.5,4,6,0,384
5.5,4,6,1,385
5.5,4,6,2,387
5.5,4,6,3,388
5.5,4,6,4,389
5.5,4,6,5,390
5.5,4,6,6,392
5.5,4,6,7,393
5.5,4,6,8,394
5.5,4,6,9,395
5.5,4,6,10,396
5.5,4,6,11,398
5.5,4,6,12,399
5.5,4,6,13,400
5.5,4,6,14,401
5.5,4,6,15,402
5.5,4,7,0,385
5.5,4,7,1,387
5.5,4,7,2,388
5.5,4,7,3,389
5.5,4,7,4,390
5.5,4,7,5,392
5.5,4,7,6,393
5.5,4,7,7,394
5.5,4,7,8,395
5.5,4,7,9,397
5.5,4,7,10,398
5.5,4,7,11,399
5.5,4,7,12,400
5.5,4,7,13,401
5.5,4,7,14,403
5.5,4,7,15,404
5.5,4,8,0,387
5.5,4,8,1,388
5.5,4,8,2,389
5.5,4,8,3,390
5.5,4,8,4,392
5.5,4,8,5,393
5.5,4,8,6,394
5.5,4,8,7,395
5.5,4,8,8,397
5.5,4,8,9,398
5.5,4,8,10,399
5.5,4,8,11,400
5.5,4,8,12,401
5.5,4,8,13,403
5.5,4,8,14,404
5.5,4,8,15,405
5.5,4,9,0,388
5.5,4,9,1,389
5.5,4,9,2,390
5.5,4,9,3,392
5.5,4,9,4,393
5.5,4,9,5,394
5.5,4,9,6,395
5.5,4,9,7,397
5.5,4,9,8,398
5.5,4,9,9,399
5.5,4,9,10,400
5.5,4,9,11,402
5.5,4,9,12,403
5.5,4,9,13,404
5.5,4,9,14,405
5.5,4,9,15,406
5.5,4,10,0,389
5.5,4,10,1,390
5.5,4,10,2,392
5.5,4,10,3,393
5.5,4,10,4,394
5.5,4,10,5,395
5.5,4,10,6,397
5.5,4,10,7,398
5.5,4,10,8,399
5.5,4,10,9,400
5.5,4,10,10,402
5.5,4,10,11,403
5.5,4,10,12,404
5.5,4,10,13,405
5.5,4,10,14,406
5.5,4,10,15,408
5.5,4,11,0,390
5.5,4,11,1,392
5.5,4,11,2,393
5.5,4,11,3,394
5.5,4,11,4,395
5.5,4,11,5,397
5.5,4,11,6,398
5.5,4,11,7,399
5.5,4,11,8,400
5.5,4,11,9,402
5.5,4,11,10,403
5.5,4,11,11,404
5.5,4,11,12,405
5.5,4,11,13,406
5.5,4,11,14,408
5.5,4,11,15,409
5.5,4,12,0,392
5.5,4,12,1,393
5.5,4,12,2,394
5.5,4,12,3,395
5.5,4,12,4,397
5.5,4,12,5,398
5.5,4,12,6,399
5.5,4,12,7,400
5.5,4,12,8,402
5.5,4,12,9,403
5.5,4,12,10,404
5.5,4,12,11,405
5.5,4,12,12,407
5.5,4,12,13,408
5.5,4,12,14,409
5.5,4,12,15,410
5.5,4,13,0,393
5.5,4,13,1,394
5.5,4,13,2,395
5.5,4,13,3,397
5.5,4,13,4,398
5.5,4,13,5,399
5.5,4,13,6,400
5.5,4,13,7,402
5.5,4,13,8,403
5.5,4,13,9,404
5.5,4,13,10,405
5.5,4,13,11,407
5.5,4,13,12,408
5.5,4,13,13,409
5.5,4,13,14,410
5.5,4,13,15,411
5.5,4,14,0,394
5.5,4,14,1,395
5.5,4,14,2,397
5.5,4,14,3,398
5.5,4,14,4,399
5.5,4,14,5,400
5.5,4,14,6,402
5.5,4,14,7,403
5.5,4,14,8,404
5.5,4,14,9,405
5.5,4,14,10,407
5.5,4,14,11,408
5.5,4,14,12,409
5.5,4,14,13,410
5.5,4,14,14,411
5.5,4,14,15,413
5.5,4,15,0,395
5.5,4,15,1,397
5.5,4,15,2,398
5.5,4,15,3,399
5.5,4,15,4,400
5.5,4,15,5,402
5.5,4,15,6,403
5.5,4,15,7,404
5.5,4,15,8,405
5.5,4,15,9,407
5.5,4,15,10,408
5.5,4,15,11,409
5.5,4,15,12,410
5.5,4,15,13,412
5.5,4,15,14,413
5.5,4,15,15,414
5.5,5,0,0,378
5.5,5,0,1,379
5.5,5,0,2,381
5.5,5,0,3,382
5.5,5,0,4,383
5.5,5,0,5,384
5.5,5,0,6,385
5.5,5,0,7,387
5.5,5,0,8,388
5.5,5,0,9,389
5.5,5,0,10,390
5.5,5,0,11,391
5.5,5,0,12,393
5.5,5,0,13,394
5.5,5,0,14,395
5.5,5,0,15,396
5.5,5,1,0,379
5.5,5,1,1,381
5.5,5,1,2,382
5.5,5,1,3,383
5.5,5,1,4,384
5.5,5,1,5,386
5.5,5,1,6,387
5.5,5,1,7,388
5.5,5,1,8,389
5.5,5,1,9,390
5.5,5,1,10,391
5.5,5,1,11,393
5.5,5,1,12,394
5.5,5,1,13,395
5.5,5,1,14,396
5.5,5,1,15,397
5.5,5,2,0,381
5.5,5,2,1,382
5.5,5,2,2,383
5.5,5,2,3,384
5.5,5,2,4,386
5.5,5,2,5,387
5.5,5,2,6,388
5.5,5,2,7,389
5.5,5,2,8,390
5.5,5,2,9,392
5.5,5,2,10,393
5.5,5,2,11,394
5.5,5,2,12,395
5.5,5,2,13,396
5.5,5,2,14,398
5.5,5,2,15,399
5.5,5,3,0,382
5.5,5,3,1,383
5.5,5,3,2,384
5.5,5,3,3,386
5.5,5,3,4,387
5.5,5,3,5,388
5.5,5,3,6,389
5.5,5,3,7,390
5.5,5,3,8,392
5.5,5,3,9,393
5.5,5,3,10,394
5.5,5,3,11,395
5.5,5,3,12,396
5.5,5,3,13,398
5.5,5,3,14,399
5.5,5,3,15,400
5.5,5,4,0,383
5.5,5,4,1,384
5.5,5,4,2,386
5.5,5,4,3,387
5.5,5,4,4,388
5.5,5,4,5,389
5.5,5,4,6,391
5.5,5,4,7,392
5.5,5,4,8,393
5.5,5,4,9,394
5.5,5,4,10,395
5.5,5,4,11,397
5.5,5,4,12,398
5.5,5,4,13,399
5.5,5,4,14,400
5.5,5,4,15,401
5.5,5,5,0,384
5.5,5,5,1,386
5.5,5,5,2,387
5.5,5,5,3,388
5.5,5,5,4,389
5.5,5,5,5,391
5.5,5,5,6,392
5.5,5,5,7,393
5.5,5,5,8,394
5.5,5,5,9,395
5.5,5,5,10,397
5.5,5,5,11,398
5.5,5,5,12,399
5.5,5,5,13,400
5.5,5,5,14,401
5.5,5,5,15,403
5.5,5,6,0,386
5.5,5,6,1,387
5.5,5,6,2,388
5.5,5,6,3,389
5.5,5,6,4,391
5.5,5,6,5,392
5.5,5,6,6,393
5.5,5,6,7,394
5.5,5,6,8,396
5.5,5,6,9,397
5.5,5,6,10,398
5.5,5,6,11,399
5.5,5,6,12,400
5.5,5,6,13,402
5.5,5,6,14,403
5.5,5,6,15,404
5.5,5,7,0,387
5.5,5,7,1,388
5.5,5,7,2,389
5.5,5,7,3,391
5.5,5,7,4,392
5.5,5,7,5,393
5.5,5,7,6,394
5.5,5,7,7,396
5.5,5,7,8,397
5.5,5,7,9,398
5.5,5,7,10,399
5.5,5,7,11,400
5.5,5,7,12,402
5.5,5,7,13,403
5.5,5,7,14,404
5.5,5,7,15,405
5.5,5,8,0,388
5.5,5,8,1,389
5.5,5,8,2,391
5.5,5,8,3,392
5.5,5,8,4,393
5.5,5,8,5,394
5.5,5,8,6,396
5.5,5,8,7,397
5.5,5,8,8,398
5.5,5,8,9,399
5.5,5,8,10,401
5.5,5,8,11,402
5.5,5,8,12,403
5.5,5,8,13,404
5.5,5,8,14,405
5.5,5,8,15,407
5.5,5,9,0,389
5.5,5,9,1,391
5.5,5,9,2,392
5.5,5,9,3,393
5.5,5,9,4,394
5.5,5,9,5,396
5.5,5,9,6,397
5.5,5,9,7,398
5.5,5,9,8,399
5.5,5,9,9,401
5.5,5,9,10,402
5.5,5,9,11,403
5.5,5,9,12,404
5.5,5,9,13,405
5.5,5,9,14,407
5.5,5,9,15,408
5.5,5,10,0,391
5.5,5,10,1,392
5.5,5,10,2,393
5.5,5,10,3,394
5.5,5,10,4,396
5.5,5,10,5,397
5.5,5,10,6,398
5.5,5,10,7,399
5.5,5,10,8,401
5.5,5,10,9,402
5.5,5,10,10,403
5.5,5,10,11,404
5.5,5,10,12,406
5.5,5,10,13,407
5.5,5,10,14,408
5.5,5,10,15,409
5.5,5,11,0,392
5.5,5,11,1,393
5.5,5,11,2,394
5.5,5,11,3,396
5.5,5,11,4,397
5.5,5,11,5,398
5.5,5,11,6,399
5.5,5,11,7,401
5.5,5,11,8,402
5.5,5,11,9,403
5.5,5,11,10,404
5.5,5,11,11,406
5.5,5,11,12,407
5.5,5,11,13,408
5.5,5,11,14,409
5.5,5,11,15,410
5.5,5,12,0,393
5.5,5,12,1,394
5.5,5,12,2,396
5.5,5,12,3,397
5.5,5,12,4,398
5.5,5,12,5,399
5.5,5,12,6,401
5.5,5,12,7,402
5.5,5,12,8,403
5.5,5,12,9,404
5.5,5,12,10,406
5.5,5,12,11,407
5.5,5,12,12,408
5.5,5,12,13,409
5.5,5,12,14,411
5.5,5,12,15,412
5.5,5,13,0,394
5.5,5,13,1,396
5.5,5,13,2,397
5.5,5,13,3,398
5.5,5,13,4,399
5.5,5,13,5,401
5.5,5,13,6,402
5.5,5,13,7,403
5.5,5,13,8,404
5.5,5,13,9,406
5.5,5,13,10,407
5.5,5,13,11,408
5.5,5,13,12,409
5.5,5,13,13,411
5.5,5,13,14,412
5.5,5,13,15,413
5.5,5,14,0,396
5.5,5,14,1,397
5.5,5,14,2,398
5.5,5,14,3,399
5.5,5,14,4,401
5.5,5,14,5,402
5.5,5,14,6,403
5.5,5,14,7,404
5.5,5,14,8,406
5.5,5,14,9,407
5.5,5,14,10,408
5.5,5,14,11,409
5.5,5,14,12,411
5.5,5,14,13,412
5.5,5,14,14,413
5.5,5,14,15,414
5.5,5,15,0,397
5.5,5,15,1,398
5.5,5,15,2,399
5.5,5,15,3,401
5.5,5,15,4,402
5.5,5,15,5,403
5.5,5,15,6,404
5.5,5,15,7,406
5.5,5,15,8,407
5.5,5,15,9,408
5.5,5,15,10,409
5.5,5,15,11,411
5.5,5,15,12,412
5.5,5,15,13,413
5.5,5,15,14,414
5.5,5,15,15,416
5.5,6,0,0,380
5.5,6,0,1,381
5.5,6,0,2,382
5.5,6,0,3,383
5.5,6,0,4,384
5.5,6,0,5,386
5.5,6,0,6,387
5.5,6,0,7,388
5.5,6,0,8,389
5.5,6,0,9,390
5.5,6,0,10,392
5.5,6,0,11,393
5.5,6,0,12,394
5.5,6,0,13,395
5.5,6,0,14,396
5.5,6,0,15,398
5.5,6,1,0,381
5.5,6,1,1,382
5.5,6,1,2,383
5.5,6,1,3,385
5.5,6,1,4,386
5.5,6,1,5,387
5.5,6,1,6,388
5.5,6,1,7,389
5.5,6,1,8,391
5.5,6,1,9,392
5.5,6,1,10,393
5.5,6,1,11,394
5.5,6,1,12,395
5.5,6,1,13,397
5.5,6,1,14,398
5.5,6,1,15,399
5.5,6,2,0,382
5.5,6,2,1,383
5.5,6,2,2,385
5.5,6,2,3,386
5.5,6,2,4,387
5.5,6,2,5,388
5.5,6,2,6,389
5.5,6,2,7,391
5.5,6,2,8,392
5.5,6,2,9,393
5.5,6,2,10,394
5.5,6,2,11,395
5.5,6,2,12,397
5.5,6,2,13,398
5.5,6,2,14,399
5.5,6,2,15,400
5.5,6,3,0,383
5.5,6,3,1,385
5.5,6,3,2,386
5.5,6,3,3,387
5.5,6,3,4,388
5.5,6,3,5,390
5.5,6,3,6,391
5.5,6,3,7,392
5.5,6,3,8,393
5.5,6,3,9,394
5.5,6,3,10,396
5.5,6,3,11,397
5.5,6,3,12,398
5.5,6,3,13,399
5.5,6,3,14,400
5.5,6,3,15,402
5.5,6,4,0,385
5.5,6,4,1,386
5.5,6,4,2,387
5.5,6,4,3,388
5.5,6,4,4,390
5.5,6,4,5,391
5.5,6,4,6,392
5.5,6,4,7,393
5.5,6,4,8,394
5.5,6,4,9,396
5.5,6,4,10,397
5.5,6,4,11,398
5.5,6,4,12,399
5.5,6,4,13,400
5.5,6,4,14,402
5.5,6,4,15,403
5.5,6,5,0,386
5.5,6,5,1,387
5.5,6,5,2,388
5.5,6,5,3,390
5.5,6,5,4,391
5.5,6,5,5,392
5.5,6,5,6,393
5.5,6,5,7,395
5.5,6,5,8,396
5.5,6,5,9,397
5.5,6,5,10,398
5.5,6,5,11,399
5.5,6,5,12,401
5.5,6,5,13,402
5.5,6,5,14,403
5.5,6,5,15,404
5.5,6,6,0,387
5.5,6,6,1,388
5.5,6,6,2,390
5.5,6,6,3,391
5.5,6,6,4,392
5.5,6,6,5,393
5.5,6,6,6,395
5.5,6,6,7,396
5.5,6,6,8,397
5.5,6,6,9,398
5.5,6,6,10,399
5.5,6,6,11,401
5.5,6,6,12,402
5.5,6,6,13,403
5.5,6,6,14,404
5.5,6,6,15,405
5.5,6,7,0,388
5.5,6,7,1,390
5.5,6,7,2,391
5.5,6,7,3,392
5.5,6,7,4,393
5.5,6,7,5,395
5.5,6,7,6,396
5.5,6,7,7,397
5.5,6,7,8,398
5.5,6,7,9,400
5.5,6,7,10,401
5.5,6,7,11,402
5.5,6,7,12,403
5.5,6,7,13,404
5.5,6,7,14,406
5.5,6,7,15,407
5.5,6,8,0,390
5.5,6,8,1,391
5.5,6,8,2,392
5.5,6,8,3,393
5.5,6,8,4,395
5.5,6,8,5,396
5.5,6,8,6,397
5.5,6,8,7,398
5.5,6,8,8,400
5.5,6,8,9,401
5.5,6,8,10,402
5.5,6,8,11,403
5.5,6,8,12,404
5.5,6,8,13,406
5.5,6,8,14,407
5.5,6,8,15,408
5.5,6,9,0,391
5.5,6,9,1,392
5.5,6,9,2,393
5.5,6,9,3,395
5.5,6,9,4,396
5.5,6,9,5,397
5.5,6,9,6,398
5.5,6,9,7,400
5.5,6,9,8,401
5.5,6,9,9,402
5.5,6,9,10,403
5.5,6,9,11,405
5.5,6,9,12,406
5.5,6,9,13,407
5.5,6,9,14,408
5.5,6,9,15,409
5.5,6,10,0,392
5.5,6,10,1,393
5.5,6,10,2,395
5.5,6,10,3,396
5.5,6,10,4,397
5.5,6,10,5,398
5.5,6,10,6,400
5.5,6,10,7,401
5.5,6,10,8,402
5.5,6,10,9,403
5.5,6,10,10,405
5.5,6,10,11,406
5.5,6,10,12,407
5.5,6,10,13,408
5.5,6,10,14,409
5.5,6,10,15,411
5.5,6,11,0,393
5.5,6,11,1,395
5.5,6,11,2,396
5.5,6,11,3,397
5.5,6,11,4,398
5.5,6,11,5,400
5.5,6,11,6,401
5.5,6,11,7,402
5.5,6,11,8,403
5.5,6,11,9,405
5.5,6,11,10,406
5.5,6,11,11,407
5.5,6,11,12,408
5.5,6,11,13,410
5.5,6,11,14,411
5.5,6,11,15,412
5.5,6,12,0,395
5.5,6,12,1,396
5.5,6,12,2,397
5.5,6,12,3,398
5.5,6,12,4,400
5.5,6,12,5,401
5.5,6,12,6,402
5.5,6,12,7,403
5.5,6,12,8,405
5.5,6,12,9,406
5.5,6,12,10,407
5.5,6,12,11,408
5.5,6,12,12,410
5.5,6,12,13,411
5.5,6,12,14,412
5.5,6,12,15,413
5.5,6,13,0,396
5.5,6,13,1,397
5.5,6,13,2,398
5.5,6,13,3,400
5.5,6,13,4,401
5.5,6,13,5,402
5.5,6,13,6,403
5.5,6,13,7,405
5.5,6,13,8,406
5.5,6,13,9,407
5.5,6,13,10,408
5.5,6,13,11,410
5.5,6,13,12,411
5.5,6,13,13,412
5.5,6,13,14,413
5.5,6,13,15,415
5.5,6,14,0,397
5.5,6,14,1,398
5.5,6,14,2,400
5.5,6,14,3,401
5.5,6,14,4,402
5.5,6,14,5,403
5.5,6,14,6,405
5.5,6,14,7,406
5.5,6,14,8,407
5.5,6,14,9,408
5.5,6,14,10,410
5.5,6,14,11,411
5.5,6,14,12,412
5.5,6,14,13,413
5.5,6,14,14,415
5.5,6,14,15,416
5.5,6,15,0,398
5.5,6,15,1,400
5.5,6,15,2,401
5.5,6,15,3,402
5.5,6,15,4,403
5.5,6,15,5,405
5.5,6,15,6,406
5.5,6,15,7,407
5.5,6,15,8,408
5.5,6,15,9,410
5.5,6,15,10,411
5.5,6,15,11,412
5.5,6,15,12,413
5.5,6,15,13,415
5.5,6,15,14,416
5.5,6,15,15,417
5.5,7,0,0,381
5.5,7,0,1,382
5.5,7,0,2,383
5.5,7,0,3,385
5.5,7,0,4,386
5.5,7,0,5,387
5.5,7,0,6,388
5.5,7,0,7,390
5.5,7,0,8,391
5.5,7,0,9,392
5.5,7,0,10,393
5.5,7,0,11,394
5.5,7,0,12,395
5.5,7,0,13,397
5.5,7,0,14,398
5.5,7,0,15,399
5.5,7,1,0,382
5.5,7,1,1,384
5.5,7,1,2,385
5.5,7,1,3,386
5.5,7,1,4,387
5.5,7,1,5,388
5.5,7,1,6,390
5.5,7,1,7,391
5.5,7,1,8,392
5.5,7,1,9,393
5.5,7,1,10,394
5.5,7,1,11,396
5.5,7,1,12,397
5.5,7,1,13,398
5.5,7,1,14,399
5.5,7,1,15,400
5.5,7,2,0,384
5.5,7,2,1,385
5.5,7,2,2,386
5.5,7,2,3,387
5.5,7,2,4,388
5.5,7,2,5,390
5.5,7,2,6,391
5.5,7,2,7,392
5.5,7,2,8,393
5.5,7,2,9,395
5.5,7,2,10,396
5.5,7,2,11,397
5.5,7,2,12,398
5.5,7,2,13,399
5.5,7,2,14,401
5.5,7,2,15,402
5.5,7,3,0,385
5.5,7,3,1,386
5.5,7,3,2,387
5.5,7,3,3,389
5.5,7,3,4,390
5.5,7,3,5,391
5.5,7,3,6,392
5.5,7,3,7,393
5.5,7,3,8,395
5.5,7,3,9,396
5.5,7,3,10,397
5.5,7,3,11,398
5.5,7,3,12,399
5.5,7,3,13,401
5.5,7,3,14,402
5.5,7,3,15,403
5.5,7,4,0,386
5.5,7,4,1,387
5.5,7,4,2,389
5.5,7,4,3,390
5.5,7,4,4,391
5.5,7,4,5,392
5.5,7,4,6,394
5.5,7,4,7,395
5.5,7,4,8,396
5.5,7,4,9,397
5.5,7,4,10,398
5.5,7,4,11,400
5.5,7,4,12,401
5.5,7,4,13,402
5.5,7,4,14,403
5.5,7,4,15,404
5.5,7,5,0,387
5.5,7,5,1,389
5.5,7,5,2,390
5.5,7,5,3,391
5.5,7,5,4,392
5.5,7,5,5,394
5.5,7,5,6,395
5.5,7,5,7,396
5.5,7,5,8,397
5.5,7,5,9,398
5.5,7,5,10,400
5.5,7,5,11,401
5.5,7,5,12,402
5.5,7,5,13,403
5.5,7,5,14,404
5.5,7,5,15,406
5.5,7,6,0,389
5.5,7,6,1,390
5.5,7,6,2,391
5.5,7,6,3,392
5.5,7,6,4,394
5.5,7,6,5,395
5.5,7,6,6,396
5.5,7,6,7,397
5.5,7,6,8,399
5.5,7,6,9,400
5.5,7,6,10,401
5.5,7,6,11,402
5.5,7,6,12,403
5.5,7,6,13,405
5.5,7,6,14,406
5.5,7,6,15,407
5.5,7,7,0,390
5.5,7,7,1,391
5.5,7,7,2,392
5.5,7,7,3,394
5.5,7,7,4,395
5.5,7,7,5,396
5.5,7,7,6,397
5.5,7,7,7,399
5.5,7,7,8,400
5.5,7,7,9,401
5.5,7,7,10,402
5.5,7,7,11,403
5.5,7,7,12,405
5.5,7,7,13,406
5.5,7,7,14,407
5.5,7,7,15,408
5.5,7,8,0,391
5.5,7,8,1,392
5.5,7,8,2,394
5.5,7,8,3,395
5.5,7,8,4,396
5.5,7,8,5,397
5.5,7,8,6,399
5.5,7,8,7,400
5.5,7,8,8,401
5.5,7,8,9,402
5.5,7,8,10,404
5.5,7,8,11,405
5.5,7,8,12,406
5.5,7,8,13,407
5.5,7,8,14,408
5.5,7,8,15,410
5.5,7,9,0,392
5.5,7,9,1,394
5.5,7,9,2,395
5.5,7,9,3,396
5.5,7,9,4,397
5.5,7,9,5,399
5.5,7,9,6,400
5.5,7,9,7,401
5.5,7,9,8,402
5.5,7,9,9,404
5.5,7,9,10,405
5.5,7,9,11,406
5.5,7,9,12,407
5.5,7,9,13,409
5.5,7,9,14,410
5.5,7,9,15,411
5.5,7,10,0,394
5.5,7,10,1,395
5.5,7,10,2,396
5.5,7,10,3,397
5.5,7,10,4,399
5.5,7,10,5,400
5.5,7,10,6,401
5.5,7,10,7,402
5.5,7,10,8,404
5.5,7,10,9,405
5.5,7,10,10,406
5.5,7,10,11,407
5.5,7,10,12,409
5.5,7,10,13,410
5.5,7,10,14,411
5.5,7,10,15,412
5.5,7,11,0,395
5.5,7,11,1,396
5.5,7,11,2,397
5.5,7,11,3,399
5.5,7,11,4,400
5.5,7,11,5,401
5.5,7,11,6,402
5.5,7,11,7,404
5.5,7,11,8,405
5.5,7,11,9,406
5.5,7,11,10,407
5.5,7,11,11,409
5.5,7,11,12,410
5.5,7,11,13,411
5.5,7,11,14,412
5.5,7,11,15,414
5.5,7,12,0,396
5.5,7,12,1,397
5.5,7,12,2,399
5.5,7,12,3,400
5.5,7,12,4,401
5.5,7,12,5,402
5.5,7,12,6,404
5.5,7,12,7,405
5.5,7,12,8,406
5.5,7,12,9,407
5.5,7,12,10,409
5.5,7,12,11,410
5.5,7,12,12,411
5.5,7,12,13,412
5.5,7,12,14,414
5.5,7,12,15,415
5.5,7,13,0,397
5.5,7,13,1,399
5.5,7,13,2,400
5.5,7,13,3,401
5.5,7,13,4,402
5.5,7,13,5,404
5.5,7,13,6,405
5.5,7,13,7,406
5.5,7,13,8,407
5.5,7,13,9,409
5.5,7,13,10,410
5.5,7,13,11,411
5.5,7,13,12,412
5.5,7,13,13,414
5.5,7,13,14,415
5.5,7,13,15,416
5.5,7,14,0,399
5.5,7,14,1,400
5.5,7,14,2,401
5.5,7,14,3,402
5.5,7,14,4,404
5.5,7,14,5,405
5.5,7,14,6,406
5.5,7,14,7,407
5.5,7,14,8,409
5.5,7,14,9,410
5.5,7,14,10,411
5.5,7,14,11,412
5.5,7,14,12,414
5.5,7,14,13,415
5.5,7,14,14,416
5.5,7,14,15,417
5.5,7,15,0,400
5.5,7,15,1,401
5.5,7,15,2,402
5.5,7,15,3,404
5.5,7,15,4,405
5.5,7,15,5,406
5.5,7,15,6,407
5.5,7,15,7,409
5.5,7,15,8,410
5.5,7,15,9,411
5.5,7,15,10,412
5.5,7,15,11,414
5.5,7,15,12,415
5.5,7,15,13,416
5.5,7,15,14,417
5.5,7,15,15,419
5.5,8,0,0,382
5.5,8,0,1,384
5.5,8,0,2,385
5.5,8,0,3,386
5.5,8,0,4,387
5.5,8,0,5,389
5.5,8,0,6,390
5.5,8,0,7,391
5.5,8,0,8,392
5.5,8,0,9,393
5.5,8,0,10,395
5.5,8,0,11,396
5.5,8,0,12,397
5.5,8,0,13,398
5.5,8,0,14,399
5.5,8,0,15,401
5.5,8,1,0,384
5.5,8,1,1,385
5.5,8,1,2,386
5.5,8,1,3,387
5.5,8,1,4,389
5.5,8,1,5,390
5.5,8,1,6,391
5.5,8,1,7,392
5.5,8,1,8,394
5.5,8,1,9,395
5.5,8,1,10,396
5.5,8,1,11,397
5.5,8,1,12,398
5.5,8,1,13,399
5.5,8,1,14,401
5.5,8,1,15,402
5.5,8,2,0,385
5.5,8,2,1,386
5.5,8,2,2,387
5.5,8,2,3,389
5.5,8,2,4,390
5.5,8,2,5,391
5.5,8,2,6,392
5.5,8,2,7,394
5.5,8,2,8,395
5.5,8,2,9,396
5.5,8,2,10,397
5.5,8,2,11,398
5.5,8,2,12,400
5.5,8,2,13,401
5.5,8,2,14,402
5.5,8,2,15,403
5.5,8,3,0,386
5.5,8,3,1,388
5.5,8,3,2,389
5.5,8,3,3,390
5.5,8,3,4,391
5.5,8,3,5,392
5.5,8,3,6,394
5.5,8,3,7,395
5.5,8,3,8,396
5.5,8,3,9,397
5.5,8,3,10,399
5.5,8,3,11,400
5.5,8,3,12,401
5.5,8,3,13,402
5.5,8,3,14,403
5.5,8,3,15,405
5.5,8,4,0,388
5.5,8,4,1,389
5.5,8,4,2,390
5.5,8,4,3,391
5.5,8,4,4,393
5.5,8,4,5,394
5.5,8,4,6,395
5.5,8,4,7,396
5.5,8,4,8,397
5.5,8,4,9,399
5.5,8,4,10,400
5.5,8,4,11,401
5.5,8,4,12,402
5.5,8,4,13,403
5.5,8,4,14,405
5.5,8,4,15,406
5.5,8,5,0,389
5.5,8,5,1,390
5.5,8,5,2,391
5.5,8,5,3,393
5.5,8,5,4,394
5.5,8,5,5,395
5.5,8,5,6,396
5.5,8,5,7,397
5.5,8,5,8,399
5.5,8,5,9,400
5.5,8,5,10,401
5.5,8,5,11,402
5.5,8,5,12,404
5.5,8,5,13,405
5.5,8,5,14,406
5.5,8,5,15,407
5.5,8,6,0,390
5.5,8,6,1,391
5.5,8,6,2,393
5.5,8,6,3,394
5.5,8,6,4,395
5.5,8,6,5,396
5.5,8,6,6,398
5.5,8,6,7,399
5.5,8,6,8,400
5.5,8,6,9,401
5.5,8,6,10,402
5.5,8,6,11,404
5.5,8,6,12,405
5.5,8,6,13,406
5.5,8,6,14,407
5.5,8,6,15,409
5.5,8,7,0,391
5.5,8,7,1,393
5.5,8,7,2,394
5.5,8,7,3,395
5.5,8,7,4,396
5.5,8,7,5,398
5.5,8,7,6,399
5.5,8,7,7,400
5.5,8,7,8,401
5.5,8,7,9,403
5.5,8,7,10,404
5.5,8,7,11,405
5.5,8,7,12,406
5.5,8,7,13,407
5.5,8,7,14,409
5.5,8,7,15,410
5.5,8,8,0,393
5.5,8,8,1,394
5.5,8,8,2,395
5.5,8,8,3,396
5.5,8,8,4,398
5.5,8,8,5,399
5.5,8,8,6,400
5.5,8,8,7,401
5.5,8,8,8,403
5.5,8,8,9,404
5.5,8,8,10,405
5.5,8,8,11,406
5.5,8,8,12,408
5.5,8,8,13,409
5.5,8,8,14,410
5.5,8,8,15,411
5.5,8,9,0,394
5.5,8,9,1,395
5.5,8,9,2,396
5.5,8,9,3,398
5.5,8,9,4,399
5.5,8,9,5,400
5.5,8,9,6,401
5.5,8,9,7,403
5.5,8,9,8,404
5.5,8,9,9,405
5.5,8,9,10,406
5.5,8,9,11,408
5.5,8,9,12,409
5.5,8,9,13,410
5.5,8,9,14,411
5.5,8,9,15,412
5.5,8,10,0,395
5.5,8,10,1,396
5.5,8,10,2,398
5.5,8,10,3,399
5.5,8,10,4,400
5.5,8,10,5,401
5.5,8,10,6,403
5.5,8,10,7,404
5.5,8,10,8,405
5.5,8,10,9,406
5.5,8,10,10,408
5.5,8,10,11,409
5.5,8,10,12,410
5.5,8,10,13,411
5.5,8,10,14,413
5.5,8,10,15,414
5.5,8,11,0,396
5.5,8,11,1,398
5.5,8,11,2,399
5.5,8,11,3,400
5.5,8,11,4,401
5.5,8,11,5,403
5.5,8,11,6,404
5.5,8,11,7,405
5.5,8,11,8,406
5.5,8,11,9,408
5.5,8,11,10,409
5.5,8,11,11,410
5.5,8,11,12,411
5.5,8,11,13,413
5.5,8,11,14,414
5.5,8,11,15,415
5.5,8,12,0,398
5.5,8,12,1,399
5.5,8,12,2,400
5.5,8,12,3,401
5.5,8,12,4,403
5.5,8,12,5,404
5.5,8,12,6,405
5.5,8,12,7,406
5.5,8,12,8,408
5.5,8,12,9,409
5.5,8,12,10,410
5.5,8,12,11,411
5.5,8,12,12,413
5.5,8,12,13,414
5.5,8,12,14,415
5.5,8,12,15,416
5.5,8,13,0,399
5.5,8,13,1,400
5.5,8,13,2,401
5.5,8,13,3,403
5.5,8,13,4,404
5.5,8,13,5,405
5.5,8,13,6,406
5.5,8,13,7,408
5.5,8,13,8,409
5.5,8,13,9,410
5.5,8,13,10,411
5.5,8,13,11,413
5.5,8,13,12,414
5.5,8,13,13,415
5.5,8,13,14,416
5.5,8,13,15,418
5.5,8,14,0,400
5.5,8,14,1,401
5.5,8,14,2,403
5.5,8,14,3,404
5.5,8,14,4,405
5.5,8,14,5,406
5.5,8,14,6,408
5.5,8,14,7,409
5.5,8,14,8,410
5.5,8,14,9,411
5.5,8,14,10,413
5.5,8,14,11,414
5.5,8,14,12,415
5.5,8,14,13,416
5.5,8,14,14,418
5.5,8,14,15,419
5.5,8,15,0,401
5.5,8,15,1,403
5.5,8,15,2,404
5.5,8,15,3,405
5.5,8,15,4,406
5.5,8,15,5,408
5.5,8,15,6,409
5.5,8,15,7,410
5.5,8,15,8,411
5.5,8,15,9,413
5.5,8,15,10,414
5.5,8,15,11,415
5.5,8,15,12,417
5.5,8,15,13,418
5.5,8,15,14,419
5.5,8,15,15,420
5.5,9,0,0,384
5.5,9,0,1,385
5.5,9,0,2,386
5.5,9,0,3,388
5.5,9,0,4,389
5.5,9,0,5,390
5.5,9,0,6,391
5.5,9,0,7,392
5.5,9,0,8,394
5.5,9,0,9,395
5.5,9,0,10,396
5.5,9,0,11,397
5.5,9,0,12,398
5.5,9,0,13,400
5.5,9,0,14,401
5.5,9,0,15,402
5.5,9,1,0,385
5.5,9,1,1,386
5.5,9,1,2,388
5.5,9,1,3,389
5.5,9,1,4,390
5.5,9,1,5,391
5.5,9,1,6,393
5.5,9,1,7,394
5.5,9,1,8,395
5.5,9,1,9,396
5.5,9,1,10,397
5.5,9,1,11,399
5.5,9,1,12,400
5.5,9,1,13,401
5.5,9,1,14,402
5.5,9,1,15,403
5.5,9,2,0,386
5.5,9,2,1,388
5.5,9,2,2,389
5.5,9,2,3,390
5.5,9,2,4,391
5.5,9,2,5,393
5.5,9,2,6,394
5.5,9,2,7,395
5.5,9,2,8,396
5.5,9,2,9,397
5.5,9,2,10,399
5.5,9,2,11,400
5.5,9,2,12,401
5.5,9,2,13,402
5.5,9,2,14,404
5.5,9,2,15,405
5.5,9,3,0,388
5.5,9,3,1,389
5.5,9,3,2,390
5.5,9,3,3,391
5.5,9,3,4,393
5.5,9,3,5,394
5.5,9,3,6,395
5.5,9,3,7,396
5.5,9,3,8,398
5.5,9,3,9,399
5.5,9,3,10,400
5.5,9,3,11,401
5.5,9,3,12,402
5.5,9,3,13,404
5.5,9,3,14,405
5.5,9,3,15,406
5.5,9,4,0,389
5.5,9,4,1,390
5.5,9,4,2,391
5.5,9,4,3,393
5.5,9,4,4,394
5.5,9,4,5,395
5.5,9,4,6,396
5.5,9,4,7,398
5.5,9,4,8,399
5.5,9,4,9,400
5.5,9,4,10,401
5.5,9,4,11,403
5.5,9,4,12,404
5.5,9,4,13,405
5.5,9,4,14,406
5.5,9,4,15,407
5.5,9,5,0,390
5.5,9,5,1,392
5.5,9,5,2,393
5.5,9,5,3,394
5.5,9,5,4,395
5.5,9,5,5,396
5.5,9,5,6,398
5.5,9,5,7,399
5.5,9,5,8,400
5.5,9,5,9,401
5.5,9,5,10,403
5.5,9,5,11,404
5.5,9,5,12,405
5.5,9,5,13,406
5.5,9,5,14,408
5.5,9,5,15,409
5.5,9,6,0,392
5.5,9,6,1,393
5.5,9,6,2,394
5.5,9,6,3,395
5.5,9,6,4,397
5.5,9,6,5,398
5.5,9,6,6,399
5.5,9,6,7,400
5.5,9,6,8,402
5.5,9,6,9,403
5.5,9,6,10,404
5.5,9,6,11,405
5.5,9,6,12,406
5.5,9,6,13,408
5.5,9,6,14,409
5.5,9,6,15,410
5.5,9,7,0,393
5.5,9,7,1,394
5.5,9,7,2,395
5.5,9,7,3,397
5.5,9,7,4,398
5.5,9,7,5,399
5.5,9,7,6,400
5.5,9,7,7,402
5.5,9,7,8,403
5.5,9,7,9,404
5.5,9,7,10,405
5.5,9,7,11,406
5.5,9,7,12,408
5.5,9,7,13,409
5.5,9,7,14,410
5.5,9,7,15,411
5.5,9,8,0,394
5.5,9,8,1,395
5.5,9,8,2,397
5.5,9,8,3,398
5.5,9,8,4,399
5.5,9,8,5,400
5.5,9,8,6,402
5.5,9,8,7,403
5.5,9,8,8,404
5.5,9,8,9,405
5.5,9,8,10,407
5.5,9,8,11,408
5.5,9,8,12,409
5.5,9,8,13,410
5.5,9,8,14,411
5.5,9,8,15,413
5.5,9,9,0,395
5.5,9,9,1,397
5.5,9,9,2,398
5.5,9,9,3,399
5.5,9,9,4,400
5.5,9,9,5,402
5.5,9,9,6,403
5.5,9,9,7,404
5.5,9,9,8,405
5.5,9,9,9,407
5.5,9,9,10,408
5.5,9,9,11,409
5.5,9,9,12,410
5.5,9,9,13,412
5.5,9,9,14,413
5.5,9,9,15,414
5.5,9,10,0,397
5.5,9,10,1,398
5.5,9,10,2,399
5.5,9,10,3,400
5.5,9,10,4,402
5.5,9,10,5,403
5.5,9,10,6,404
5.5,9,10,7,405
5.5,9,10,8,407
5.5,9,10,9,408
5.5,9,10,10,409
5.5,9,10,11,410
5.5,9,10,12,412
5.5,9,10,13,413
5.5,9,10,14,414
5.5,9,10,15,415
5.5,9,11,0,398
5.5,9,11,1,399
5.5,9,11,2,400
5.5,9,11,3,402
5.5,9,11,4,403
5.5,9,11,5,404
5.5,9,11,6,405
5.5,9,11,7,407
5.5,9,11,8,408
5.5,9,11,9,409
5.5,9,11,10,410
5.5,9,11,11,412
5.5,9,11,12,413
5.5,9,11,13,414
5.5,9,11,14,415
5.5,9,11,15,417
5.5,9,12,0,399
5.5,9,12,1,400
5.5,9,12,2,402
5.5,9,12,3,403
5.5,9,12,4,404
5.5,9,12,5,405
5.5,9,12,6,407
5.5,9,12,7,408
5.5,9,12,8,409
5.5,9,12,9,410
5.5,9,12,10,412
5.5,9,12,11,413
5.5,9,12,12,414
5.5,9,12,13,415
5.5,9,12,14,417
5.5,9,12,15,418
5.5,9,13,0,400
5.5,9,13,1,402
5.5,9,13,2,403
5.5,9,13,3,404
5.5,9,13,4,405
5.5,9,13,5,407
5.5,9,13,6,408
5.5,9,13,7,409
5.5,9,13,8,410
5.5,9,13,9,412
5.5,9,13,10,413
5.5,9,13,11,414
5.5,9,13,12,415
5.5,9,13,13,417
5.5,9,13,14,418
5.5,9,13,15,419
5.5,9,14,0,402
5.5,9,14,1,403
5.5,9,14,2,404
5.5,9,14,3,405
5.5,9,14,4,407
5.5,9,14,5,408
5.5,9,14,6,409
5.5,9,14,7,410
5.5,9,14,8,412
5.5,9,14,9,413
5.5,9,14,10,414
5.5,9,14,11,416
5.5,9,14,12,417
5.5,9,14,13,418
5.5,9,14,14,419
5.5,9,14,15,421
5.5,9,15,0,403
5.5,9,15,1,404
5.5,9,15,2,405
5.5,9,15,3,407
5.5,9,15,4,408
5.5,9,15,5,409
5.5,9,15,6,410
5.5,9,15,7,412
5.5,9,15,8,413
5.5,9,15,9,414
5.5,9,15,10,416
5.5,9,15,11,417
5.5,9,15,12,418
5.5,9,15,13,419
5.5,9,15,14,421
5.5,9,15,15,422
5.5,10,0,0,385
5.5,10,0,1,387
5.5,10,0,2,388
5.5,10,0,3,389
5.5,10,0,4,390
5.5,10,0,5,391
5.5,10,0,6,393
5.5,10,0,7,394
5.5,10,0,8,395
5.5,10,0,9,396
5.5,10,0,10,398
5.5,10,0,11,399
5.5,10,0,12,400
5.5,10,0,13,401
5.5,10,0,14,402
5.5,10,0,15,404
5.5,10,1,0,387
5.5,10,1,1,388
5.5,10,1,2,389
5.5,10,1,3,390
5.5,10,1,4,392
5.5,10,1,5,393
5.5,10,1,6,394
5.5,10,1,7,395
5.5,10,1,8,396
5.5,10,1,9,398
5.5,10,1,10,399
5.5,10,1,11,400
5.5,10,1,12,401
5.5,10,1,13,402
5.5,10,1,14,404
5.5,10,1,15,405
5.5,10,2,0,388
5.5,10,2,1,389
5.5,10,2,2,390
5.5,10,2,3,392
5.5,10,2,4,393
5.5,10,2,5,394
5.5,10,2,6,395
5.5,10,2,7,397
5.5,10,2,8,398
5.5,10,2,9,399
5.5,10,2,10,400
5.5,10,2,11,401
5.5,10,2,12,403
5.5,10,2,13,404
5.5,10,2,14,405
5.5,10,2,15,406
5.5,10,3,0,389
5.5,10,3,1,390
5.5,10,3,2,392
5.5,10,3,3,393
5.5,10,3,4,394
5.5,10,3,5,395
5.5,10,3,6,397
5.5,10,3,7,398
5.5,10,3,8,399
5.5,10,3,9,400
5.5,10,3,10,402
5.5,10,3,11,403
5.5,10,3,12,404
5.5,10,3,13,405
5.5,10,3,14,406
5.5,10,3,15,408
5.5,10,4,0,390
5.5,10,4,1,392
5.5,10,4,2,393
5.5,10,4,3,394
5.5,10,4,4,395
5.5,10,4,5,397
5.5,10,4,6,398
5.5,10,4,7,399
5.5,10,4,8,400
5.5,10,4,9,402
5.5,10,4,10,403
5.5,10,4,11,404
5.5,10,4,12,405
5.5,10,4,13,406
5.5,10,4,14,408
5.5,10,4,15,409
5.5,10,5,0,392
5.5,10,5,1,393
5.5,10,5,2,394
5.5,10,5,3,395
5.5,10,5,4,397
5.5,10,5,5,398
5.5,10,5,6,399
5.5,10,5,7,400
5.5,10,5,8,402
5.5,10,5,9,403
5.5,10,5,10,404
5.5,10,5,11,405
5.5,10,5,12,407
5.5,10,5,13,408
5.5,10,5,14,409
5.5,10,5,15,410
5.5,10,6,0,393
5.5,10,6,1,394
5.5,10,6,2,395
5.5,10,6,3,397
5.5,10,6,4,398
5.5,10,6,5,399
5.5,10,6,6,401
5.5,10,6,7,402
5.5,10,6,8,403
5.5,10,6,9,404
5.5,10,6,10,405
5.5,10,6,11,407
5.5,10,6,12,408
5.5,10,6,13,409
5.5,10,6,14,410
5.5,10,6,15,412
5.5,10,7,0,394
5.5,10,7,1,396
5.5,10,7,2,397
5.5,10,7,3,398
5.5,10,7,4,399
5.5,10,7,5,401
5.5,10,7,6,402
5.5,10,7,7,403
5.5,10,7,8,404
5.5,10,7,9,406
5.5,10,7,10,407
5.5,10,7,11,408
5.5,10,7,12,409
5.5,10,7,13,410
5.5,10,7,14,412
5.5,10,7,15,413
5.5,10,8,0,395
5.5,10,8,1,397
5.5,10,8,2,398
5.5,10,8,3,399
5.5,10,8,4,401
5.5,10,8,5,402
5.5,10,8,6,403
5.5,10,8,7,404
5.5,10,8,8,406
5.5,10,8,9,407
5.5,10,8,10,408
5.5,10,8,11,409
5.5,10,8,12,411
5.5,10,8,13,412
5.5,10,8,14,413
5.5,10,8,15,414
5.5,10,9,0,397
5.5,10,9,1,398
5.5,10,9,2,399
5.5,10,9,3,401
5.5,10,9,4,402
5.5,10,9,5,403
5.5,10,9,6,404
5.5,10,9,7,406
5.5,10,9,8,407
5.5,10,9,9,408
5.5,10,9,10,409
5.5,10,9,11,411
5.5,10,9,12,412
5.5,10,9,13,413
5.5,10,9,14,414
5.5,10,9,15,416
5.5,10,10,0,398
5.5,10,10,1,399
5.5,10,10,2,401
5.5,10,10,3,402
5.5,10,10,4,403
5.5,10,10,5,404
5.5,10,10,6,406
5.5,10,10,7,407
5.5,10,10,8,408
5.5,10,10,9,409
5.5,10,10,10,411
5.5,10,10,11,412
5.5,10,10,12,413
5.5,10,10,13,414
5.5,10,10,14,416
5.5,10,10,15,417
5.5,10,11,0,399
5.5,10,11,1,401
5.5,10,11,2,402
5.5,10,11,3,403
5.5,10,11,4,404
5.5,10,11,5,406
5.5,10,11,6,407
5.5,10,11,7,408
5.5,10,11,8,409
5.5,10,11,9,411
5.5,10,11,10,412
5.5,10,11,11,413
5.5,10,11,12,414
5.5,10,11,13,416
5.5,10,11,14,417
5.5,10,11,15,418
5.5,10,12,0,401
5.5,10,12,1,402
5.5,10,12,2,403
5.5,10,12,3,404
5.5,10,12,4,406
5.5,10,12,5,407
5.5,10,12,6,408
5.5,10,12,7,409
5.5,10,12,8,411
5.5,10,12,9,412
5.5,10,12,10,413
5.5,10,12,11,414
5.5,10,12,12,416
5.5,10,12,13,417
5.5,10,12,14,418
5.5,10,12,15,419
5.5,10,13,0,402
5.5,10,13,1,403
5.5,10,13,2,404
5.5,10,13,3,406
5.5,10,13,4,407
5.5,10,13,5,408
5.5,10,13,6,409
5.5,10,13,7,411
5.5,10,13,8,412
5.5,10,13,9,413
5.5,10,13,10,415
5.5,10,13,11,416
5.5,10,13,12,417
5.5,10,13,13,418
5.5,10,13,14,420
5.5,10,13,15,421
5.5,10,14,0,403
5.5,10,14,1,404
5.5,10,14,2,406
5.5,10,14,3,407
5.5,10,14,4,408
5.5,10,14,5,409
5.5,10,14,6,411
5.5,10,14,7,412
5.5,10,14,8,413
5.5,10,14,9,415
5.5,10,14,10,416
5.5,10,14,11,417
5.5,10,14,12,418
5.5,10,14,13,420
5.5,10,14,14,421
5.5,10,14,15,422
5.5,10,15,0,404
5.5,10,15,1,406
5.5,10,15,2,407
5.5,10,15,3,408
5.5,10,15,4,409
5.5,10,15,5,411
5.5,10,15,6,412
5.5,10,15,7,413
5.5,10,15,8,415
5.5,10,15,9,416
5.5,10,15,10,417
5.5,10,15,11,418
5.5,10,15,12,420
5.5,10,15,13,421
5.5,10,15,14,422
5.5,10,15,15,423
5.5,11,0,0,387
5.5,11,0,1,388
5.5,11,0,2,389
5.5,11,0,3,390
5.5,11,0,4,392
5.5,11,0,5,393
5.5,11,0,6,394
5.5,11,0,7,395
5.5,11,0,8,397
5.5,11,0,9,398
5.5,11,0,10,399
5.5,11,0,11,400
5.5,11,0,12,401
5.5,11,0,13,403
5.5,11,0,14,404
5.5,11,0,15,405
5.5,11,1,0,388
5.5,11,1,1,389
5.5,11,1,2,390
5.5,11,1,3,392
5.5,11,1,4,393
5.5,11,1,5,394
5.5,11,1,6,395
5.5,11,1,7,397
5.5,11,1,8,398
5.5,11,1,9,399
5.5,11,1,10,400
5.5,11,1,11,402
5.5,11,1,12,403
5.5,11,1,13,404
5.5,11,1,14,405
5.5,11,1,15,406
5.5,11,2,0,389
5.5,11,2,1,391
5.5,11,2,2,392
5.5,11,2,3,393
5.5,11,2,4,394
5.5,11,2,5,396
5.5,11,2,6,397
5.5,11,2,7,398
5.5,11,2,8,399
5.5,11,2,9,400
5.5,11,2,10,402
5.5,11,2,11,403
5.5,11,2,12,404
5.5,11,2,13,405
5.5,11,2,14,407
5.5,11,2,15,408
5.5,11,3,0,391
5.5,11,3,1,392
5.5,11,3,2,393
5.5,11,3,3,394
5.5,11,3,4,396
5.5,11,3,5,397
5.5,11,3,6,398
5.5,11,3,7,399
5.5,11,3,8,401
5.5,11,3,9,402
5.5,11,3,10,403
5.5,11,3,11,404
5.5,11,3,12,405
5.5,11,3,13,407
5.5,11,3,14,408
5.5,11,3,15,409
5.5,11,4,0,392
5.5,11,4,1,393
5.5,11,4,2,394
5.5,11,4,3,396
5.5,11,4,4,397
5.5,11,4,5,398
5.5,11,4,6,399
5.5,11,4,7,401
5.5,11,4,8,402
5.5,11,4,9,403
5.5,11,4,10,404
5.5,11,4,11,406
5.5,11,4,12,407
5.5,11,4,13,408
5.5,11,4,14,409
5.5,11,4,15,410
5.5,11,5,0,393
5.5,11,5,1,394
5.5,11,5,2,396
5.5,11,5,3,397
5.5,11,5,4,398
5.5,11,5,5,399
5.5,11,5,6,401
5.5,11,5,7,402
5.5,11,5,8,403
5.5,11,5,9,404
5.5,11,5,10,406
5.5,11,5,11,407
5.5,11,5,12,408
5.5,11,5,13,409
5.5,11,5,14,411
5.5,11,5,15,412
5.5,11,6,0,394
5.5,11,6,1,396
5.5,11,6,2,397
5.5,11,6,3,398
5.5,11,6,4,399
5.5,11,6,5,401
5.5,11,6,6,402
5.5,11,6,7,403
5.5,11,6,8,404
5.5,11,6,9,406
5.5,11,6,10,407
5.5,11,6,11,408
5.5,11,6,12,409
5.5,11,6,13,411
5.5,11,6,14,412
5.5,11,6,15,413
5.5,11,7,0,396
5.5,11,7,1,397
5.5,11,7,2,398
5.5,11,7,3,400
5.5,11,7,4,401
5.5,11,7,5,402
5.5,11,7,6,403
5.5,11,7,7,405
5.5,11,7,8,406
5.5,11,7,9,407
5.5,11,7,10,408
5.5,11,7,11,410
5.5,11,7,12,411
5.5,11,7,13,412
5.5,11,7,14,413
5.5,11,7,15,414
5.5,11,8,0,397
5.5,11,8,1,398
5.5,11,8,2,400
5.5,11,8,3,401
5.5,11,8,4,402
5.5,11,8,5,403
5.5,11,8,6,405
5.5,11,8,7,406
5.5,11,8,8,407
5.5,11,8,9,408
5.5,11,8,10,410
5.5,11,8,11,411
5.5,11,8,12,412
5.5,11,8,13,413
5.5,11,8,14,415
5.5,11,8,15,416
5.5,11,9,0,398
5.5,11,9,1,400
5.5,11,9,2,401
5.5,11,9,3,402
5.5,11,9,4,403
5.5,11,9,5,405
5.5,11,9,6,406
5.5,11,9,7,407
5.5,11,9,8,408
5.5,11,9,9,410
5.5,11,9,10,411
5.5,11,9,11,412
5.5,11,9,12,413
5.5,11,9,13,415
5.5,11,9,14,416
5.5,11,9,15,417
5.5,11,10,0,399
5.5,11,10,1,401
5.5,11,10,2,402
5.5,11,10,3,403
5.5,11,10,4,405
5.5,11,10,5,406
5.5,11,10,6,407
5.5,11,10,7,408
5.5,11,10,8,410
5.5,11,10,9,411
5.5,11,10,10,412
5.5,11,10,11,413
5.5,11,10,12,415
5.5,11,10,13,416
5.5,11,10,14,417
5.5,11,10,15,418
5.5,11,11,0,401
5.5,11,11,1,402
5.5,11,11,2,403
5.5,11,11,3,405
5.5,11,11,4,406
5.5,11,11,5,407
5.5,11,11,6,408
5.5,11,11,7,410
5.5,11,11,8,411
5.5,11,11,9,412
5.5,11,11,10,413
5.5,11,11,11,415
5.5,11,11,12,416
5.5,11,11,13,417
5.5,11,11,14,418
5.5,11,11,15,420
5.5,11,12,0,402
5.5,11,12,1,403
5.5,11,12,2,405
5.5,11,12,3,406
5.5,11,12,4,407
5.5,11,12,5,408
5.5,11,12,6,410
5.5,11,12,7,411
5.5,11,12,8,412
5.5,11,12,9,414
5.5,11,12,10,415
5.5,11,12,11,416
5.5,11,12,12,417
5.5,11,12,13,419
5.5,11,12,14,420
5.5,11,12,15,421
5.5,11,13,0,403
5.5,11,13,1,405
5.5,11,13,2,406
5.5,11,13,3,407
5.5,11,13,4,408
5.5,11,13,5,410
5.5,11,13,6,411
5.5,11,13,7,412
5.5,11,13,8,414
5.5,11,13,9,415
5.5,11,13,10,416
5.5,11,13,11,417
5.5,11,13,12,419
5.5,11,13,13,420
5.5,11,13,14,421
5.5,11,13,15,422
5.5,11,14,0,404
5.5,11,14,1,406
5.5,11,14,2,407
5.5,11,14,3,408
5.5,11,14,4,410
5.5,11,14,5,411
5.5,11,14,6,412
5.5,11,14,7,414
5.5,11,14,8,415
5.5,11,14,9,416
5.5,11,14,10,417
5.5,11,14,11,419
5.5,11,14,12,420
5.5,11,14,13,421
5.5,11,14,14,422
5.5,11,14,15,424
5.5,11,15,0,406
5.5,11,15,1,407
5.5,11,15,2,408
5.5,11,15,3,410
5.5,11,15,4,411
5.5,11,15,5,412
5.5,11,15,6,414
5.5,11,15,7,415
5.5,11,15,8,416
5.5,11,15,9,417
5.5,11,15,10,419
5.5,11,15,11,420
5.5,11,15,12,421
5.5,11,15,13,422
5.5,11,15,14,424
5.5,11,15,15,425
5.5,12,0,0,388
5.5,12,0,1,389
5.5,12,0,2,391
5.5,12,0,3,392
5.5,12,0,4,393
5.5,12,0,5,394
5.5,12,0,6,396
5.5,12,0,7,397
5.5,12,0,8,398
5.5,12,0,9,399
5.5,12,0,10,400
5.5,12,0,11,402
5.5,12,0,12,403
5.5,12,0,13,404
5.5,12,0,14,405
5.5,12,0,15,406
5.5,12,1,0,389
5.5,12,1,1,391
5.5,12,1,2,392
5.5,12,1,3,393
5.5,12,1,4,394
5.5,12,1,5,396
5.5,12,1,6,397
5.5,12,1,7,398
5.5,12,1,8,399
5.5,12,1,9,401
5.5,12,1,10,402
5.5,12,1,11,403
5.5,12,1,12,404
5.5,12,1,13,405
5.5,12,1,14,407
5.5,12,1,15,408
5.5,12,2,0,391
5.5,12,2,1,392
5.5,12,2,2,393
5.5,12,2,3,394
5.5,12,2,4,396
5.5,12,2,5,397
5.5,12,2,6,398
5.5,12,2,7,399
5.5,12,2,8,401
5.5,12,2,9,402
5.5,12,2,10,403
5.5,12,2,11,404
5.5,12,2,12,406
5.5,12,2,13,407
5.5,12,2,14,408
5.5,12,2,15,409
5.5,12,3,0,392
5.5,12,3,1,393
5.5,12,3,2,395
5.5,12,3,3,396
5.5,12,3,4,397
5.5,12,3,5,398
5.5,12,3,6,400
5.5,12,3,7,401
5.5,12,3,8,402
5.5,12,3,9,403
5.5,12,3,10,404
5.5,12,3,11,406
5.5,12,3,12,407
5.5,12,3,13,408
5.5,12,3,14,409
5.5,12,3,15,411
5.5,12,4,0,393
5.5,12,4,1,395
5.5,12,4,2,396
5.5,12,4,3,397
5.5,12,4,4,398
5.5,12,4,5,400
5.5,12,4,6,401
5.5,12,4,7,402
5.5,12,4,8,403
5.5,12,4,9,405
5.5,12,4,10,406
5.5,12,4,11,407
5.5,12,4,12,408
5.5,12,4,13,409
5.5,12,4,14,411
5.5,12,4,15,412
5.5,12,5,0,395
5.5,12,5,1,396
5.5,12,5,2,397
5.5,12,5,3,398
5.5,12,5,4,400
5.5,12,5,5,401
5.5,12,5,6,402
5.5,12,5,7,403
5.5,12,5,8,405
5.5,12,5,9,406
5.5,12,5,10,407
5.5,12,5,11,408
5.5,12,5,12,410
5.5,12,5,13,411
5.5,12,5,14,412
5.5,12,5,15,413
5.5,12,6,0,396
5.5,12,6,1,397
5.5,12,6,2,398
5.5,12,6,3,400
5.5,12,6,4,401
5.5,12,6,5,402
5.5,12,6,6,403
5.5,12,6,7,405
5.5,12,6,8,406
5.5,12,6,9,407
5.5,12,6,10,408
5.5,12,6,11,410
5.5,12,6,12,411
5.5,12,6,13,412
5.5,12,6,14,413
5.5,12,6,15,415
5.5,12,7,0,397
5.5,12,7,1,398
5.5,12,7,2,400
5.5,12,7,3,401
5.5,12,7,4,402
5.5,12,7,5,404
5.5,12,7,6,405
5.5,12,7,7,406
5.5,12,7,8,407
5.5,12,7,9,409
5.5,12,7,10,410
5.5,12,7,11,411
5.5,12,7,12,412
5.5,12,7,13,413
5.5,12,7,14,415
5.5,12,7,15,416
5.5,12,8,0,398
5.5,12,8,1,400
5.5,12,8,2,401
5.5,12,8,3,402
5.5,12,8,4,404
5.5,12,8,5,405
5.5,12,8,6,406
5.5,12,8,7,407
5.5,12,8,8,409
5.5,12,8,9,410
5.5,12,8,10,411
5.5,12,8,11,412
5.5,12,8,12,414
5.5,12,8,13,415
5.5,12,8,14,416
5.5,12,8,15,417
5.5,12,9,0,400
5.5,12,9,1,401
5.5,12,9,2,402
5.5,12,9,3,404
5.5,12,9,4,405
5.5,12,9,5,406
5.5,12,9,6,407
5.5,12,9,7,409
5.5,12,9,8,410
5.5,12,9,9,411
5.5,12,9,10,412
5.5,12,9,11,414
5.5,12,9,12,415
5.5,12,9,13,416
5.5,12,9,14,417
5.5,12,9,15,419
5.5,12,10,0,401
5.5,12,10,1,402
5.5,12,10,2,404
5.5,12,10,3,405
5.5,12,10,4,406
5.5,12,10,5,407
5.5,12,10,6,409
5.5,12,10,7,410
5.5,12,10,8,411
5.5,12,10,9,412
5.5,12,10,10,414
5.5,12,10,11,415
5.5,12,10,12,416
5.5,12,10,13,417
5.5,12,10,14,419
5.5,12,10,15,420
5.5,12,11,0,402
5.5,12,11,1,404
5.5,12,11,2,405
5.5,12,11,3,406
5.5,12,11,4,407
5.5,12,11,5,409
5.5,12,11,6,410
5.5,12,11,7,411
5.5,12,11,8,412
5.5,12,11,9,414
5.5,12,11,10,415
5.5,12,11,11,416
5.5,12,11,12,418
5.5,12,11,13,419
5.5,12,11,14,420
5.5,12,11,15,421
5.5,12,12,0,403
5.5,12,12,1,405
5.5,12,12,2,406
5.5,12,12,3,407
5.5,12,12,4,409
5.5,12,12,5,410
5.5,12,12,6,411
5.5,12,12,7,412
5.5,12,12,8,414
5.5,12,12,9,415
5.5,12,12,10,416
5.5,12,12,11,418
5.5,12,12,12,419
5.5,12,12,13,420
5.5,12,12,14,421
5.5,12,12,15,423
5.5,12,13,0,405
5.5,12,13,1,406
5.5,12,13,2,407
5.5,12,13,3,409
5.5,12,13,4,410
5.5,12,13,5,411
5.5,12,13,6,412
5.5,12,13,7,414
5.5,12,13,8,415
5.5,12,13,9,416
5.5,12,13,10,418
5.5,12,13,11,419
5.5,12,13,12,420
5.5,12,13,13,421
5.5,12,13,14,423
5.5,12,13,15,424
5.5,12,14,0,406
5.5,12,14,1,407
5.5,12,14,2,409
5.5,12,14,3,410
5.5,12,14,4,411
5.5,12,14,5,412
5.5,12,14,6,414
5.5,12,14,7,415
5.5,12,14,8,416
5.5,12,14,9,418
5.5,12,14,10,419
5.5,12,14,11,420
5.5,12,14,12,421
5.5,12,14,13,423
5.5,12,14,14,424
5.5,12,14,15,425
5.5,12,15,0,407
5.5,12,15,1,409
5.5,12,15,2,410
5.5,12,15,3,411
5.5,12,15,4,412
5.5,12,15,5,414
5.5,12,15,6,415
5.5,12,15,7,416
5.5,12,15,8,418
5.5,12,15,9,419
5.5,12,15,10,420
5.5,12,15,11,421
5.5,12,15,12,423
5.5,12,15,13,424
5.5,12,15,14,425
5.5,12,15,15,426
5.5,13,0,0,390
5.5,13,0,1,391
5.5,13,0,2,392
5.5,13,0,3,393
5.5,13,0,4,395
5.5,13,0,5,396
5.5,13,0,6,397
5.5,13,0,7,398
5.5,13,0,8,399
5.5,13,0,9,401
5.5,13,0,10,402
5.5,13,0,11,403
5.5,13,0,12,404
5.5,13,0,13,406
5.5,13,0,14,407
5.5,13,0,15,408
5.5,13,1,0,391
5.5,13,1,1,392
5.5,13,1,2,393
5.5,13,1,3,395
5.5,13,1,4,396
5.5,13,1,5,397
5.5,13,1,6,398
5.5,13,1,7,400
5.5,13,1,8,401
5.5,13,1,9,402
5.5,13,1,10,403
5.5,13,1,11,405
5.5,13,1,12,406
5.5,13,1,13,407
5.5,13,1,14,408
5.5,13,1,15,409
5.5,13,2,0,392
5.5,13,2,1,393
5.5,13,2,2,395
5.5,13,2,3,396
5.5,13,2,4,397
5.5,13,2,5,398
5.5,13,2,6,400
5.5,13,2,7,401
5.5,13,2,8,402
5.5,13,2,9,403
5.5,13,2,10,405
5.5,13,2,11,406
5.5,13,2,12,407
5.5,13,2,13,408
5.5,13,2,14,410
5.5,13,2,15,411
5.5,13,3,0,393
5.5,13,3,1,395
5.5,13,3,2,396
5.5,13,3,3,397
5.5,13,3,4,399
5.5,13,3,5,400
5.5,13,3,6,401
5.5,13,3,7,402
5.5,13,3,8,403
5.5,13,3,9,405
5.5,13,3,10,406
5.5,13,3,11,407
5.5,13,3,12,408
5.5,13,3,13,410
5.5,13,3,14,411
5.5,13,3,15,412
5.5,13,4,0,395
5.5,13,4,1,396
5.5,13,4,2,397
5.5,13,4,3,399
5.5,13,4,4,400
5.5,13,4,5,401
5.5,13,4,6,402
5.5,13,4,7,404
5.5,13,4,8,405
5.5,13,4,9,406
5.5,13,4,10,407
5.5,13,4,11,409
5.5,13,4,12,410
5.5,13,4,13,411
5.5,13,4,14,412
5.5,13,4,15,413
5.5,13,5,0,396
5.5,13,5,1,397
5.5,13,5,2,399
5.5,13,5,3,400
5.5,13,5,4,401
5.5,13,5,5,402
5.5,13,5,6,404
5.5,13,5,7,405
5.5,13,5,8,406
5.5,13,5,9,407
5.5,13,5,10,409
5.5,13,5,11,410
5.5,13,5,12,411
5.5,13,5,13,412
5.5,13,5,14,414
5.5,13,5,15,415
5.5,13,6,0,397
5.5,13,6,1,399
5.5,13,6,2,400
5.5,13,6,3,401
5.5,13,6,4,402
5.5,13,6,5,404
5.5,13,6,6,405
5.5,13,6,7,406
5.5,13,6,8,407
5.5,13,6,9,409
5.5,13,6,10,410
5.5,13,6,11,411
5.5,13,6,12,412
5.5,13,6,13,414
5.5,13,6,14,415
5.5,13,6,15,416
5.5,13,7,0,399
5.5,13,7,1,400
5.5,13,7,2,401
5.5,13,7,3,402
5.5,13,7,4,404
5.5,13,7,5,405
5.5,13,7,6,406
5.5,13,7,7,408
5.5,13,7,8,409
5.5,13,7,9,410
5.5,13,7,10,411
5.5,13,7,11,413
5.5,13,7,12,414
5.5,13,7,13,415
5.5,13,7,14,416
5.5,13,7,15,417
5.5,13,8,0,400
5.5,13,8,1,401
5.5,13,8,2,402
5.5,13,8,3,404
5.5,13,8,4,405
5.5,13,8,5,406
5.5,13,8,6,408
5.5,13,8,7,409
5.5,13,8,8,410
5.5,13,8,9,411
5.5,13,8,10,413
5.5,13,8,11,414
5.5,13,8,12,415
5.5,13,8,13,416
5.5,13,8,14,418
5.5,13,8,15,419
5.5,13,9,0,401
5.5,13,9,1,402
5.5,13,9,2,404
5.5,13,9,3,405
5.5,13,9,4,406
5.5,13,9,5,408
5.5,13,9,6,409
5.5,13,9,7,410
5.5,13,9,8,411
5.5,13,9,9,413
5.5,13,9,10,414
5.5,13,9,11,415
5.5,13,9,12,416
5.5,13,9,13,418
5.5,13,9,14,419
5.5,13,9,15,420
5.5,13,10,0,402
5.5,13,10,1,404
5.5,13,10,2,405
5.5,13,10,3,406
5.5,13,10,4,408
5.5,13,10,5,409
5.5,13,10,6,410
5.5,13,10,7,411
5.5,13,10,8,413
5.5,13,10,9,414
5.5,13,10,10,415
5.5,13,10,11,416
5.5,13,10,12,418
5.5,13,10,13,419
5.5,13,10,14,420
5.5,13,10,15,421
5.5,13,11,0,404
5.5,13,11,1,405
5.5,13,11,2,406
5.5,13,11,3,408
5.5,13,11,4,409
5.5,13,11,5,410
5.5,13,11,6,411
5.5,13,11,7,413
5.5,13,11,8,414
5.5,13,11,9,415
5.5,13,11,10,417
5.5,13,11,11,418
5.5,13,11,12,419
5.5,13,11,13,420
5.5,13,11,14,422
5.5,13,11,15,423
5.5,13,12,0,405
5.5,13,12,1,406
5.5,13,12,2,408
5.5,13,12,3,409
5.5,13,12,4,410
5.5,13,12,5,411
5.5,13,12,6,413
5.5,13,12,7,414
5.5,13,12,8,415
5.5,13,12,9,417
5.5,13,12,10,418
5.5,13,12,11,419
5.5,13,12,12,420
5.5,13,12,13,422
5.5,13,12,14,423
5.5,13,12,15,424
5.5,13,13,0,406
5.5,13,13,1,408
5.5,13,13,2,409
5.5,13,13,3,410
5.5,13,13,4,411
5.5,13,13,5,413
5.5,13,13,6,414
5.5,13,13,7,415
5.5,13,13,8,417
5.5,13,13,9,418
5.5,13,13,10,419
5.5,13,13,11,420
5.5,13,13,12,422
5.5,13,13,13,423
5.5,13,13,14,424
5.5,13,13,15,425
5.5,13,14,0,407
5.5,13,14,1,409
5.5,13,14,2,410
5.5,13,14,3,411
5.5,13,14,4,413
5.5,13,14,5,414
5.5,13,14,6,415
5.5,13,14,7,417
5.5,13,14,8,418
5.5,13,14,9,419
5.5,13,14,10,420
5.5,13,14,11,422
5.5,13,14,12,423
5.5,13,14,13,424
5.5,13,14,14,425
5.5,13,14,15,427
5.5,13,15,0,409
5.5,13,15,1,410
5.5,13,15,2,411
5.5,13,15,3,413
5.5,13,15,4,414
5.5,13,15,5,415
5.5,13,15,6,417
5.5,13,15,7,418
5.5,13,15,8,419
5.5,13,15,9,420
5.5,13,15,10,422
5.5,13,15,11,423
5.5,13,15,12,424
5.5,13,15,13,426
5.5,13,15,14,427
5.5,13,15,15,428
5.5,14,0,0,391
5.5,14,0,1,392
5.5,14,0,2,393
5.5,14,0,3,395
5.5,14,0,4,396
5.5,14,0,5,397
5.5,14,0,6,398
5.5,14,0,7,400
5.5,14,0,8,401
5.5,14,0,9,402
5.5,14,0,10,403
5.5,14,0,11,405
5.5,14,0,12,406
5.5,14,0,13,407
5.5,14,0,14,408
5.5,14,0,15,409
5.5,14,1,0,392
5.5,14,1,1,394
5.5,14,1,2,395
5.5,14,1,3,396
5.5,14,1,4,397
5.5,14,1,5,399
5.5,14,1,6,400
5.5,14,1,7,401
5.5,14,1,8,402
5.5,14,1,9,404
5.5,14,1,10,405
5.5,14,1,11,406
5.5,14,1,12,407
5.5,14,1,13,408
5.5,14,1,14,410
5.5,14,1,15,411
5.5,14,2,0,394
5.5,14,2,1,395
5.5,14,2,2,396
5.5,14,2,3,397
5.5,14,2,4,399
5.5,14,2,5,400
5.5,14,2,6,401
5.5,14,2,7,402
5.5,14,2,8,404
5.5,14,2,9,405
5.5,14,2,10,406
5.5,14,2,11,407
5.5,14,2,12,409
5.5,14,2,13,410
5.5,14,2,14,411
5.5,14,2,15,412
5.5,14,3,0,395
5.5,14,3,1,396
5.5,14,3,2,397
5.5,14,3,3,399
5.5,14,3,4,400
5.5,14,3,5,401
5.5,14,3,6,402
5.5,14,3,7,404
5.5,14,3,8,405
5.5,14,3,9,406
5.5,14,3,10,407
5.5,14,3,11,409
5.5,14,3,12,410
5.5,14,3,13,411
5.5,14,3,14,412
5.5,14,3,15,414
5.5,14,4,0,396
5.5,14,4,1,397
5.5,14,4,2,399
5.5,14,4,3,400
5.5,14,4,4,401
5.5,14,4,5,403
5.5,14,4,6,404
5.5,14,4,7,405
5.5,14,4,8,406
5.5,14,4,9,408
5.5,14,4,10,409
5.5,14,4,11,410
5.5,14,4,12,411
5.5,14,4,13,412
5.5,14,4,14,414
5.5,14,4,15,415
5.5,14,5,0,397
5.5,14,5,1,399
5.5,14,5,2,400
5.5,14,5,3,401
5.5,14,5,4,403
5.5,14,5,5,404
5.5,14,5,6,405
5.5,14,5,7,406
5.5,14,5,8,408
5.5,14,5,9,409
5.5,14,5,10,410
5.5,14,5,11,411
5.5,14,5,12,413
5.5,14,5,13,414
5.5,14,5,14,415
5.5,14,5,15,416
5.5,14,6,0,399
5.5,14,6,1,400
5.5,14,6,2,401
5.5,14,6,3,403
5.5,14,6,4,404
5.5,14,6,5,405
5.5,14,6,6,406
5.5,14,6,7,408
5.5,14,6,8,409
5.5,14,6,9,410
5.5,14,6,10,411
5.5,14,6,11,413
5.5,14,6,12,414
5.5,14,6,13,415
5.5,14,6,14,416
5.5,14,6,15,418
5.5,14,7,0,400
5.5,14,7,1,401
5.5,14,7,2,403
5.5,14,7,3,404
5.5,14,7,4,405
5.5,14,7,5,406
5.5,14,7,6,408
5.5,14,7,7,409
5.5,14,7,8,410
5.5,14,7,9,412
5.5,14,7,10,413
5.5,14,7,11,414
5.5,14,7,12,415
5.5,14,7,13,417
5.5,14,7,14,418
5.5,14,7,15,419
5.5,14,8,0,401
5.5,14,8,1,403
5.5,14,8,2,404
5.5,14,8,3,405
5.5,14,8,4,406
5.5,14,8,5,408
5.5,14,8,6,409
5.5,14,8,7,410
5.5,14,8,8,412
5.5,14,8,9,413
5.5,14,8,10,414
5.5,14,8,11,415
5.5,14,8,12,417
5.5,14,8,13,418
5.5,14,8,14,419
5.5,14,8,15,420
5.5,14,9,0,403
5.5,14,9,1,404
5.5,14,9,2,405
5.5,14,9,3,407
5.5,14,9,4,408
5.5,14,9,5,409
5.5,14,9,6,410
5.5,14,9,7,412
5.5,14,9,8,413
5.5,14,9,9,414
5.5,14,9,10,415
5.5,14,9,11,417
5.5,14,9,12,418
5.5,14,9,13,419
5.5,14,9,14,420
5.5,14,9,15,422
5.5,14,10,0,404
5.5,14,10,1,405
5.5,14,10,2,406
5.5,14,10,3,408
5.5,14,10,4,409
5.5,14,10,5,410
5.5,14,10,6,412
5.5,14,10,7,413
5.5,14,10,8,414
5.5,14,10,9,415
5.5,14,10,10,417
5.5,14,10,11,418
5.5,14,10,12,419
5.5,14,10,13,421
5.5,14,10,14,422
5.5,14,10,15,423
5.5,14,11,0,405
5.5,14,11,1,406
5.5,14,11,2,408
5.5,14,11,3,409
5.5,14,11,4,410
5.5,14,11,5,412
5.5,14,11,6,413
5.5,14,11,7,414
5.5,14,11,8,415
5.5,14,11,9,417
5.5,14,11,10,418
5.5,14,11,11,419
5.5,14,11,12,421
5.5,14,11,13,422
5.5,14,11,14,423
5.5,14,11,15,424
5.5,14,12,0,406
5.5,14,12,1,408
5.5,14,12,2,409
5.5,14,12,3,410
5.5,14,12,4,412
5.5,14,12,5,413
5.5,14,12,6,414
5.5,14,12,7,416
5.5,14,12,8,417
5.5,14,12,9,418
5.5,14,12,10,419
5.5,14,12,11,421
5.5,14,12,12,422
5.5,14,12,13,423
5.5,14,12,14,424
5.5,14,12,15,426
5.5,14,13,0,408
5.5,14,13,1,409
5.5,14,13,2,410
5.5,14,13,3,412
5.5,14,13,4,413
5.5,14,13,5,414
5.5,14,13,6,416
5.5,14,13,7,417
5.5,14,13,8,418
5.5,14,13,9,419
5.5,14,13,10,421
5.5,14,13,11,422
5.5,14,13,12,423
5.5,14,13,13,424
5.5,14,13,14,426
5.5,14,13,15,427
5.5,14,14,0,409
5.5,14,14,1,410
5.5,14,14,2,412
5.5,14,14,3,413
5.5,14,14,4,414
5.5,14,14,5,415
5.5,14,14,6,417
5.5,14,14,7,418
5.5,14,14,8,419
5.5,14,14,9,421
5.5,14,14,10,422
5.5,14,14,11,423
5.5,14,14,12,425
5.5,14,14,13,426
5.5,14,14,14,427
5.5,14,14,15,428
5.5,14,15,0,410
5.5,14,15,1,412
5.5,14,15,2,413
5.5,14,15,3,414
5.5,14,15,4,415
5.5,14,15,5,417
5.5,14,15,6,418
5.5,14,15,7,419
5.5,14,15,8,421
5.5,14,15,9,422
5.5,14,15,10,423
5.5,14,15,11,425
5.5,14,15,12,426
5.5,14,15,13,427
5.5,14,15,14,428
5.5,14,15,15,430
5.5,15,0,0,392
5.5,15,0,1,394
5.5,15,0,2,395
5.5,15,0,3,396
5.5,15,0,4,397
5.5,15,0,5,399
5.5,15,0,6,400
5.5,15,0,7,401
5.5,15,0,8,402
5.5,15,0,9,404
5.5,15,0,10,405
5.5,15,0,11,406
5.5,15,0,12,407
5.5,15,0,13,409
5.5,15,0,14,410
5.5,15,0,15,411
5.5,15,1,0,394
5.5,15,1,1,395
5.5,15,1,2,396
5.5,15,1,3,398
5.5,15,1,4,399
5.5,15,1,5,400
5.5,15,1,6,401
5.5,15,1,7,403
5.5,15,1,8,404
5.5,15,1,9,405
5.5,15,1,10,406
5.5,15,1,11,407
5.5,15,1,12,409
5.5,15,1,13,410
5.5,15,1,14,411
5.5,15,1,15,412
5.5,15,2,0,395
5.5,15,2,1,396
5.5,15,2,2,398
5.5,15,2,3,399
5.5,15,2,4,400
5.5,15,2,5,401
5.5,15,2,6,403
5.5,15,2,7,404
5.5,15,2,8,405
5.5,15,2,9,406
5.5,15,2,10,408
5.5,15,2,11,409
5.5,15,2,12,410
5.5,15,2,13,411
5.5,15,2,14,412
5.5,15,2,15,414
5.5,15,3,0,396
5.5,15,3,1,398
5.5,15,3,2,399
5.5,15,3,3,400
5.5,15,3,4,401
5.5,15,3,5,403
5.5,15,3,6,404
5.5,15,3,7,405
5.5,15,3,8,406
5.5,15,3,9,408
5.5,15,3,10,409
5.5,15,3,11,410
5.5,15,3,12,411
5.5,15,3,13,413
5.5,15,3,14,414
5.5,15,3,15,415
5.5,15,4,0,398
5.5,15,4,1,399
5.5,15,4,2,400
5.5,15,4,3,401
5.5,15,4,4,403
5.5,15,4,5,404
5.5,15,4,6,405
5.5,15,4,7,407
5.5,15,4,8,408
5.5,15,4,9,409
5.5,15,4,10,410
5.5,15,4,11,412
5.5,15,4,12,413
5.5,15,4,13,414
5.5,15,4,14,415
5.5,15,4,15,416
5.5,15,5,0,399
5.5,15,5,1,400
5.5,15,5,2,401
5.5,15,5,3,403
5.5,15,5,4,404
5.5,15,5,5,405
5.5,15,5,6,407
5.5,15,5,7,408
5.5,15,5,8,409
5.5,15,5,9,410
5.5,15,5,10,412
5.5,15,5,11,413
5.5,15,5,12,414
5.5,15,5,13,415
5.5,15,5,14,417
5.5,15,5,15,418
5.5,15,6,0,400
5.5,15,6,1,402
5.5,15,6,2,403
5.5,15,6,3,404
5.5,15,6,4,405
5.5,15,6,5,407
5.5,15,6,6,408
5.5,15,6,7,409
5.5,15,6,8,410
5.5,15,6,9,412
5.5,15,6,10,413
5.5,15,6,11,414
5.5,15,6,12,415
5.5,15,6,13,417
5.5,15,6,14,418
5.5,15,6,15,419
5.5,15,7,0,402
5.5,15,7,1,403
5.5,15,7,2,404
5.5,15,7,3,405
5.5,15,7,4,407
5.5,15,7,5,408
5.5,15,7,6,409
5.5,15,7,7,410
5.5,15,7,8,412
5.5,15,7,9,413
5.5,15,7,10,414
5.5,15,7,11,416
5.5,15,7,12,417
5.5,15,7,13,418
5.5,15,7,14,419
5.5,15,7,15,421
5.5,15,8,0,403
5.5,15,8,1,404
5.5,15,8,2,405
5.5,15,8,3,407
5.5,15,8,4,408
5.5,15,8,5,409
5.5,15,8,6,411
5.5,15,8,7,412
5.5,15,8,8,413
5.5,15,8,9,414
5.5,15,8,10,416
5.5,15,8,11,417
5.5,15,8,12,418
5.5,15,8,13,419
5.5,15,8,14,421
5.5,15,8,15,422
5.5,15,9,0,404
5.5,15,9,1,405
5.5,15,9,2,407
5.5,15,9,3,408
5.5,15,9,4,409
5.5,15,9,5,411
5.5,15,9,6,412
5.5,15,9,7,413
5.5,15,9,8,414
5.5,15,9,9,416
5.5,15,9,10,417
5.5,15,9,11,418
5.5,15,9,12,419
5.5,15,9,13,421
5.5,15,9,14,422
5.5,15,9,15,423
5.5,15,10,0,405
5.5,15,10,1,407
5.5,15,10,2,408
5.5,15,10,3,409
5.5,15,10,4,411
5.5,15,10,5,412
5.5,15,10,6,413
5.5,15,10,7,414
5.5,15,10,8,416
5.5,15,10,9,417
5.5,15,10,10,418
5.5,15,10,11,420
5.5,15,10,12,421
5.5,15,10,13,422
5.5,15,10,14,423
5.5,15,10,15,425
5.5,15,11,0,407
5.5,15,11,1,408
5.5,15,11,2,409
5.5,15,11,3,411
5.5,15,11,4,412
5.5,15,11,5,413
5.5,15,11,6,414
5.5,15,11,7,416
5.5,15,11,8,417
5.5,15,11,9,418
5.5,15,11,10,420
5.5,15,11,11,421
5.5,15,11,12,422
5.5,15,11,13,423
5.5,15,11,14,425
5.5,15,11,15,426
5.5,15,12,0,408
5.5,15,12,1,409
5.5,15,12,2,411
5.5,15,12,3,412
5.5,15,12,4,413
5.5,15,12,5,414
5.5,15,12,6,416
5.5,15,12,7,417
5.5,15,12,8,418
5.5,15,12,9,420
5.5,15,12,10,421
5.5,15,12,11,422
5.5,15,12,12,423
5.5,15,12,13,425
5.5,15,12,14,426
5.5,15,12,15,427
5.5,15,13,0,409
5.5,15,13,1,410
5.5,15,13,2,412
5.5,15,13,3,413
5.5,15,13,4,414
5.5,15,13,5,416
5.5,15,13,6,417
5.5,15,13,7,418
5.5,15,13,8,420
5.5,15,13,9,421
5.5,15,13,10,422
5.5,15,13,11,423
5.5,15,13,12,425
5.5,15,13,13,426
5.5,15,13,14,427
5.5,15,13,15,429
5.5,15,14,0,410
5.5,15,14,1,412
5.5,15,14,2,413
5.5,15,14,3,414
5.5,15,14,4,416
5.5,15,14,5,417
5.5,15,14,6,418
5.5,15,14,7,420
5.5,15,14,8,421
5.5,15,14,9,422
5.5,15,14,10,423
5.5,15,14,11,425
5.5,15,14,12,426
5.5,15,14,13,427
5.5,15,14,14,429
5.5,15,14,15,430
5.5,15,15,0,412
5.5,15,15,1,413
5.5,15,15,2,414
5.5,15,15,3,416
5.5,15,15,4,417
5.5,15,15,5,418
5.5,15,15,6,420
5.5,15,15,7,421
5.5,15,15,8,422
5.5,15,15,9,423
5.5,15,15,10,425
5.5,15,15,11,426
5.5,15,15,12,427
5.5,15,15,13,429
5.5,15,15,14,430
5.5,15,15,15,431
6.0,0,0,0,408
6.0,0,0,1,410
6.0,0,0,2,411
6.0,0,0,3,412
6.0,0,0,4,414
6.0,0,0,5,415
6.0,0,0,6,416
6.0,0,0,7,418
6.0,0,0,8,419
6.0,0,0,9,420
6.0,0,0,10,421
6.0,0,0,11,423
6.0,0,0,12,424
6.0,0,0,13,425
6.0,0,0,14,426
6.0,0,0,15,428
6.0,0,1,0,410
6.0,0,1,1,411
6.0,0,1,2,412
6.0,0,1,3,414
6.0,0,1,4,415
6.0,0,1,5,416
6.0,0,1,6,418
6.0,0,1,7,419
6.0,0,1,8,420
6.0,0,1,9,422
6.0,0,1,10,423
6.0,0,1,11,424
6.0,0,1,12,425
6.0,0,1,13,427
6.0,0,1,14,428
6.0,0,1,15,429
6.0,0,2,0,411
6.0,0,2,1,412
6.0,0,2,2,414
6.0,0,2,3,415
6.0,0,2,4,416
6.0,0,2,5,418
6.0,0,2,6,419
6.0,0,2,7,420
6.0,0,2,8,422
6.0,0,2,9,423
6.0,0,2,10,424
6.0,0,2,11,426
6.0,0,2,12,427
6.0,0,2,13,428
6.0,0,2,14,429
6.0,0,2,15,431
6.0,0,3,0,413
6.0,0,3,1,414
6.0,0,3,2,415
6.0,0,3,3,417
6.0,0,3,4,418
6.0,0,3,5,419
6.0,0,3,6,420
6.0,0,3,7,422
6.0,0,3,8,423
6.0,0,3,9,424
6.0,0,3,10,426
6.0,0,3,11,427
6.0,0,3,12,428
6.0,0,3,13,429
6.0,0,3,14,431
6.0,0,3,15,432
6.0,0,4,0,414
6.0,0,4,1,415
6.0,0,4,2,417
6.0,0,4,3,418
6.0,0,4,4,419
6.0,0,4,5,421
6.0,0,4,6,422
6.0,0,4,7,423
6.0,0,4,8,424
6.0,0,4,9,426
6.0,0,4,10,427
6.0,0,4,11,428
6.0,0,4,12,430
6.0,0,4,13,431
6.0,0,4,14,432
6.0,0,4,15,433
6.0,0,5,0,415
6.0,0,5,1,417
6.0,0,5,2,418
6.0,0,5,3,419
6.0,0,5,4,421
6.0,0,5,5,422
6.0,0,5,6,423
6.0,0,5,7,425
6.0,0,5,8,426
6.0,0,5,9,427
6.0,0,5,10,428
6.0,0,5,11,430
6.0,0,5,12,431
6.0,0,5,13,432
6.0,0,5,14,434
6.0,0,5,15,435
6.0,0,6,0,417
6.0,0,6,1,418
6.0,0,6,2,419
6.0,0,6,3,421
6.0,0,6,4,422
6.0,0,6,5,423
6.0,0,6,6,425
6.0,0,6,7,426
6.0,0,6,8,427
6.0,0,6,9,429
6.0,0,6,10,430
6.0,0,6,11,431
6.0,0,6,12,432
6.0,0,6,13,434
6.0,0,6,14,435
6.0,0,6,15,436
6.0,0,7,0,418
6.0,0,7,1,419
6.0,0,7,2,421
6.0,0,7,3,422
6.0,0,7,4,423
6.0,0,7,5,425
6.0,0,7,6,426
6.0,0,7,7,427
6.0,0,7,8,429
6.0,0,7,9,430
6.0,0,7,10,431
6.0,0,7,11,433
6.0,0,7,12,434
6.0,0,7,13,435
6.0,0,7,14,436
6.0,0,7,15,438
6.0,0,8,0,419
6.0,0,8,1,421
6.0,0,8,2,422
6.0,0,8,3,423
6.0,0,8,4,425
6.0,0,8,5,426
6.0,0,8,6,427
6.0,0,8,7,429
6.0,0,8,8,430
6.0,0,8,9,431
6.0,0,8,10,433
6.0,0,8,11,434
6.0,0,8,12,435
6.0,0,8,13,437
6.0,0,8,14,438
6.0,0,8,15,439
6.0,0,9,0,421
6.0,0,9,1,422
6.0,0,9,2,423
6.0,0,9,3,425
6.0,0,9,4,426
6.0,0,9,5,427
6.0,0,9,6,429
6.0,0,9,7,430
6.0,0,9,8,431
6.0,0,9,9,433
6.0,0,9,10,434
6.0,0,9,11,435
6.0,0,9,12,437
6.0,0,9,13,438
6.0,0,9,14,439
6.0,0,9,15,441
6.0,0,10,0,422
6.0,0,10,1,423
6.0,0,10,2,425
6.0,0,10,3,426
6.0,0,10,4,427
6.0,0,10,5,429
6.0,0,10,6,430
6.0,0,10,7,431
6.0,0,10,8,433
6.0,0,10,9,434
6.0,0,10,10,435
6.0,0,10,11,437
6.0,0,10,12,438
6.0,0,10,13,439
6.0,0,10,14,441
6.0,0,10,15,442
6.0,0,11,0,423
6.0,0,11,1,425
6.0,0,11,2,426
6.0,0,11,3,427
6.0,0,11,4,429
6.0,0,11,5,430
6.0,0,11,6,431
6.0,0,11,7,433
6.0,0,11,8,434
6.0,0,11,9,435
6.0,0,11,10,437
6.0,0,11,11,438
6.0,0,11,12,439
6.0,0,11,13,441
6.0,0,11,14,442
6.0,0,11,15,443
6.0,0,12,0,425
6.0,0,12,1,426
6.0,0,12,2,427
6.0,0,12,3,429
6.0,0,12,4,430
6.0,0,12,5,431
6.0,0,12,6,433
6.0,0,12,7,434
6.0,0,12,8,435
6.0,0,12,9,437
6.0,0,12,10,438
6.0,0,12,11,439
6.0,0,12,12,441
6.0,0,12,13,442
6.0,0,12,14,443
6.0,0,12,15,445
6.0,0,13,0,426
6.0,0,13,1,427
6.0,0,13,2,429
6.0,0,13,3,430
6.0,0,13,4,431
6.0,0,13,5,433
6.0,0,13,6,434
6.0,0,13,7,435
6.0,0,13,8,437
6.0,0,13,9,438
6.0,0,13,10,439
6.0,0,13,11,441
6.0,0,13,12,442
6.0,0,13,13,443
6.0,0,13,14,445
6.0,0,13,15,446
6.0,0,14,0,427
6.0,0,14,1,429
6.0,0,14,2,430
6.0,0,14,3,431
6.0,0,14,4,433
6.0,0,14,5,434
6.0,0,14,6,435
6.0,0,14,7,437
6.0,0,14,8,438
6.0,0,14,9,439
6.0,0,14,10,441
6.0,0,14,11,442
6.0,0,14,12,443
6.0,0,14,13,445
6.0,0,14,14,446
6.0,0,14,15,447
6.0,0,15,0,429
6.0,0,15,1,430
6.0,0,15,2,431
6.0,0,15,3,433
6.0,0,15,4,434
6.0,0,15,5,435
6.0,0,15,6,437
6.0,0,15,7,438
6.0,0,15,8,439
6.0,0,15,9,441
6.0,0,15,10,442
6.0,0,15,11,443
6.0,0,15,12,445
6.0,0,15,13,446
6.0,0,15,14,447
6.0,0,15,15,449
6.0,1,0,0,410
6.0,1,0,1,411
6.0,1,0,2,413
6.0,1,0,3,414
6.0,1,0,4,415
6.0,1,0,5,417
6.0,1,0,6,418
6.0,1,0,7,419
6.0,1,0,8,420
6.0,1,0,9,422
6.0,1,0,10,423
6.0,1,0,11,424
6.0,1,0,12,426
6.0,1,0,13,427
6.0,1,0,14,428
6.0,1,0,15,429
6.0,1,1,0,411
6.0,1,1,1,413
6.0,1,1,2,414
6.0,1,1,3,415
6.0,1,1,4,417
6.0,1,1,5,418
6.0,1,1,6,419
6.0,1,1,7,421
6.0,1,1,8,422
6.0,1,1,9,423
6.0,1,1,10,424
6.0,1,1,11,426
6.0,1,1,12,427
6.0,1,1,13,428
6.0,1,1,14,430
6.0,1,1,15,431
6.0,1,2,0,413
6.0,1,2,1,414
6.0,1,2,2,415
6.0,1,2,3,417
6.0,1,2,4,418
6.0,1,2,5,419
6.0,1,2,6,421
6.0,1,2,7,422
6.0,1,2,8,423
6.0,1,2,9,425
6.0,1,2,10,426
6.0,1,2,11,427
6.0,1,2,12,428
6.0,1,2,13,430
6.0,1,2,14,431
6.0,1,2,15,432
6.0,1,3,0,414
6.0,1,3,1,415
6.0,1,3,2,417
6.0,1,3,3,418
6.0,1,3,4,419
6.0,1,3,5,421
6.0,1,3,6,422
6.0,1,3,7,423
6.0,1,3,8,425
6.0,1,3,9,426
6.0,1,3,10,427
6.0,1,3,11,429
6.0,1,3,12,430
6.0,1,3,13,431
6.0,1,3,14,432
6.0,1,3,15,434
6.0,1,4,0,415
6.0,1,4,1,417
6.0,1,4,2,418
6.0,1,4,3,419
6.0,1,4,4,421
6.0,1,4,5,422
6.0,1,4,6,423
6.0,1,4,7,425
6.0,1,4,8,426
6.0,1,4,9,427
6.0,1,4,10,429
6.0,1,4,11,430
6.0,1,4,12,431
6.0,1,4,13,433
6.0,1,4,14,434
6.0,1,4,15,435
6.0,1,5,0,417
6.0,1,5,1,418
6.0,1,5,2,420
6.0,1,5,3,421
6.0,1,5,4,422
6.0,1,5,5,424
6.0,1,5,6,425
6.0,1,5,7,426
6.0,1,5,8,427
6.0,1,5,9,429
6.0,1,5,10,430
6.0,1,5,11,431
6.0,1,5,12,433
6.0,1,5,13,434
6.0,1,5,14,435
6.0,1,5,15,437
6.0,1,6,0,418
6.0,1,6,1,420
6.0,1,6,2,421
6.0,1,6,3,422
6.0,1,6,4,424
6.0,1,6,5,425
6.0,1,6,6,426
6.0,1,6,7,428
6.0,1,6,8,429
6.0,1,6,9,430
6.0,1,6,10,431
6.0,1,6,11,433
6.0,1,6,12,434
6.0,1,6,13,435
6.0,1,6,14,437
6.0,1,6,15,438
6.0,1,7,0,420
6.0,1,7,1,421
6.0,1,7,2,422
6.0,1,7,3,424
6.0,1,7,4,425
6.0,1,7,5,426
6.0,1,7,6,428
6.0,1,7,7,429
6.0,1,7,8,430
6.0,1,7,9,432
6.0,1,7,10,433
6.0,1,7,11,434
6.0,1,7,12,435
6.0,1,7,13,437
6.0,1,7,14,438
6.0,1,7,15,439
6.0,1,8,0,421
6.0,1,8,1,422
6.0,1,8,2,424
6.0,1,8,3,425
6.0,1,8,4,426
6.0,1,8,5,428
6.0,1,8,6,429
6.0,1,8,7,430
6.0,1,8,8,432
6.0,1,8,9,433
6.0,1,8,10,434
6.0,1,8,11,436
6.0,1,8,12,437
6.0,1,8,13,438
6.0,1,8,14,439
6.0,1,8,15,441
6.0,1,9,0,422
6.0,1,9,1,424
6.0,1,9,2,425
6.0,1,9,3,426
6.0,1,9,4,428
6.0,1,9,5,429
6.0,1,9,6,430
6.0,1,9,7,432
6.0,1,9,8,433
6.0,1,9,9,434
6.0,1,9,10,436
6.0,1,9,11,437
6.0,1,9,12,438
6.0,1,9,13,440
6.0,1,9,14,441
6.0,1,9,15,442
6.0,1,10,0,424
6.0,1,10,1,425
6.0,1,10,2,426
6.0,1,10,3,428
6.0,1,10,4,429
6.0,1,10,5,430
6.0,1,10,6,432
6.0,1,10,7,433
6.0,1,10,8,434
6.0,1,10,9,436
6.0,1,10,10,437
6.0,1,10,11,438
6.0,1,10,12,440
6.0,1,10,13,441
6.0,1,10,14,442
6.0,1,10,15,444
6.0,1,11,0,425
6.0,1,11,1,426
6.0,1,11,2,428
6.0,1,11,3,429
6.0,1,11,4,430
6.0,1,11,5,432
6.0,1,11,6,433
6.0,1,11,7,434
6.0,1,11,8,436
6.0,1,11,9,437
6.0,1,11,10,438
6.0,1,11,11,440
6.0,1,11,12,441
6.0,1,11,13,442
6.0,1,11,14,444
6.0,1,11,15,445
6.0,1,12,0,426
6.0,1,12,1,428
6.0,1,12,2,429
6.0,1,12,3,430
6.0,1,12,4,432
6.0,1,12,5,433
6.0,1,12,6,434
6.0,1,12,7,436
6.0,1,12,8,437
6.0,1,12,9,438
6.0,1,12,10,440
6.0,1,12,11,441
6.0,1,12,12,442
6.0,1,12,13,444
6.0,1,12,14,445
6.0,1,12,15,446
6.0,1,13,0,428
6.0,1,13,1,429
6.0,1,13,2,430
6.0,1,13,3,432
6.0,1,13,4,433
6.0,1,13,5,434
6.0,1,13,6,436
6.0,1,13,7,437
6.0,1,13,8,438
6.0,1,13,9,440
6.0,1,13,10,441
6.0,1,13,11,442
6.0,1,13,12,444
6.0,1,13,13,445
6.0,1,13,14,446
6.0,1,13,15,448
6.0,1,14,0,429
6.0,1,14,1,430
6.0,1,14,2,432
6.0,1,14,3,433
6.0,1,14,4,434
6.0,1,14,5,436
6.0,1,14,6,437
6.0,1,14,7,438
6.0,1,14,8,440
6.0,1,14,9,441
6.0,1,14,10,442
6.0,1,14,11,444
6.0,1,14,12,445
6.0,1,14,13,446
6.0,1,14,14,448
6.0,1,14,15,449
6.0,1,15,0,430
6.0,1,15,1,432
6.0,1,15,2,433
6.0,1,15,3,434
6.0,1,15,4,436
6.0,1,15,5,437
6.0,1,15,6,438
6.0,1,15,7,440
6.0,1,15,8,441
6.0,1,15,9,442
6.0,1,15,10,444
6.0,1,15,11,445
6.0,1,15,12,447
6.0,1,15,13,448
6.0,1,15,14,449
6.0,1,15,15,451
6.0,2,0,0,412
6.0,2,0,1,413
6.0,2,0,2,414
6.0,2,0,3,416
6.0,2,0,4,417
6.0,2,0,5,418
6.0,2,0,6,419
6.0,2,0,7,421
6.0,2,0,8,422
6.0,2,0,9,423
6.0,2,0,10,425
6.0,2,0,11,426
6.0,2,0,12,427
6.0,2,0,13,428
6.0,2,0,14,430
6.0,2,0,15,431
6.0,2,1,0,413
6.0,2,1,1,414
6.0,2,1,2,416
6.0,2,1,3,417
6.0,2,1,4,418
6.0,2,1,5,420
6.0,2,1,6,421
6.0,2,1,7,422
6.0,2,1,8,423
6.0,2,1,9,425
6.0,2,1,10,426
6.0,2,1,11,427
6.0,2,1,12,429
6.0,2,1,13,430
6.0,2,1,14,431
6.0,2,1,15,432
6.0,2,2,0,414
6.0,2,2,1,416
6.0,2,2,2,417
6.0,2,2,3,418
6.0,2,2,4,420
6.0,2,2,5,421
6.0,2,2,6,422
6.0,2,2,7,424
6.0,2,2,8,425
6.0,2,2,9,426
6.0,2,2,10,427
6.0,2,2,11,429
6.0,2,2,12,430
6.0,2,2,13,431
6.0,2,2,14,433
6.0,2,2,15,434
6.0,2,3,0,416
6.0,2,3,1,417
6.0,2,3,2,418
6.0,2,3,3,420
6.0,2,3,4,421
6.0,2,3,5,422
6.0,2,3,6,424
6.0,2,3,7,425
6.0,2,3,8,426
6.0,2,3,9,428
6.0,2,3,10,429
6.0,2,3,11,430
6.0,2,3,12,431
6.0,2,3,13,433
6.0,2,3,14,434
6.0,2,3,15,435
6.0,2,4,0,417
6.0,2,4,1,418
6.0,2,4,2,420
6.0,2,4,3,421
6.0,2,4,4,422
6.0,2,4,5,424
6.0,2,4,6,425
6.0,2,4,7,426
6.0,2,4,8,428
6.0,2,4,9,429
6.0,2,4,10,430
6.0,2,4,11,432
6.0,2,4,12,433
6.0,2,4,13,434
6.0,2,4,14,436
6.0,2,4,15,437
6.0,2,5,0,418
6.0,2,5,1,420
6.0,2,5,2,421
6.0,2,5,3,422
6.0,2,5,4,424
6.0,2,5,5,425
6.0,2,5,6,426
6.0,2,5,7,428
6.0,2,5,8,429
6.0,2,5,9,430
6.0,2,5,10,432
6.0,2,5,11,433
6.0,2,5,12,434
6.0,2,5,13,436
6.0,2,5,14,437
6.0,2,5,15,438
6.0,2,6,0,420
6.0,2,6,1,421
6.0,2,6,2,422
6.0,2,6,3,424
6.0,2,6,4,425
6.0,2,6,5,427
6.0,2,6,6,428
6.0,2,6,7,429
6.0,2,6,8,430
6.0,2,6,9,432
6.0,2,6,10,433
6.0,2,6,11,434
6.0,2,6,12,436
6.0,2,6,13,437
6.0,2,6,14,438
6.0,2,6,15,440
6.0,2,7,0,421
6.0,2,7,1,422
6.0,2,7,2,424
6.0,2,7,3,425
6.0,2,7,4,427
6.0,2,7,5,428
6.0,2,7,6,429
6.0,2,7,7,431
6.0,2,7,8,432
6.0,2,7,9,433
6.0,2,7,10,435
6.0,2,7,11,436
6.0,2,7,12,437
6.0,2,7,13,438
6.0,2,7,14,440
6.0,2,7,15,441
6.0,2,8,0,422
6.0,2,8,1,424
6.0,2,8,2,425
6.0,2,8,3,427
6.0,2,8,4,428
6.0,2,8,5,429
6.0,2,8,6,431
6.0,2,8,7,432
6.0,2,8,8,433
6.0,2,8,9,435
6.0,2,8,10,436
6.0,2,8,11,437
6.0,2,8,12,439
6.0,2,8,13,440
6.0,2,8,14,441
6.0,2,8,15,442
6.0,2,9,0,424
6.0,2,9,1,425
6.0,2,9,2,427
6.0,2,9,3,428
6.0,2,9,4,429
6.0,2,9,5,431
6.0,2,9,6,432
6.0,2,9,7,433
6.0,2,9,8,435
6.0,2,9,9,436
6.0,2,9,10,437
6.0,2,9,11,439
6.0,2,9,12,440
6.0,2,9,13,441
6.0,2,9,14,443
6.0,2,9,15,444
6.0,2,10,0,425
6.0,2,10,1,427
6.0,2,10,2,428
6.0,2,10,3,429
6.0,2,10,4,431
6.0,2,10,5,432
6.0,2,10,6,433
6.0,2,10,7,435
6.0,2,10,8,436
6.0,2,10,9,437
6.0,2,10,10,439
6.0,2,10,11,440
6.0,2,10,12,441
6.0,2,10,13,443
6.0,2,10,14,444
6.0,2,10,15,445
6.0,2,11,0,427
6.0,2,11,1,428
6.0,2,11,2,429
6.0,2,11,3,431
6.0,2,11,4,432
6.0,2,11,5,433
6.0,2,11,6,435
6.0,2,11,7,436
6.0,2,11,8,437
6.0,2,11,9,439
6.0,2,11,10,440
6.0,2,11,11,441
6.0,2,11,12,443
6.0,2,11,13,444
6.0,2,11,14,445
6.0,2,11,15,447
6.0,2,12,0,428
6.0,2,12,1,429
6.0,2,12,2,431
6.0,2,12,3,432
6.0,2,12,4,433
6.0,2,12,5,435
6.0,2,12,6,436
6.0,2,12,7,437
6.0,2,12,8,439
6.0,2,12,9,440
6.0,2,12,10,441
6.0,2,12,11,443
6.0,2,12,12,444
6.0,2,12,13,445
6.0,2,12,14,447
6.0,2,12,15,448
6.0,2,13,0,429
6.0,2,13,1,431
6.0,2,13,2,432
6.0,2,13,3,433
6.0,2,13,4,435
6.0,2,13,5,436
6.0,2,13,6,437
6.0,2,13,7,439
6.0,2,13,8,440
6.0,2,13,9,441
6.0,2,13,10,443
6.0,2,13,11,444
6.0,2,13,12,445
6.0,2,13,13,447
6.0,2,13,14,448
6.0,2,13,15,449
6.0,2,14,0,430
6.0,2,14,1,432
6.0,2,14,2,433
6.0,2,14,3,435
6.0,2,14,4,436
6.0,2,14,5,437
6.0,2,14,6,439
6.0,2,14,7,440
6.0,2,14,8,441
6.0,2,14,9,443
6.0,2,14,10,444
6.0,2,14,11,446
6.0,2,14,12,447
6.0,2,14,13,448
6.0,2,14,14,450
6.0,2,14,15,451
6.0,2,15,0,432
6.0,2,15,1,433
6.0,2,15,2,435
6.0,2,15,3,436
6.0,2,15,4,437
6.0,2,15,5,439
6.0,2,15,6,440
6.0,2,15,7,441
6.0,2,15,8,443
6.0,2,15,9,444
6.0,2,15,10,446
6.0,2,15,11,447
6.0,2,15,12,448
6.0,2,15,13,450
6.0,2,15,14,451
6.0,2,15,15,452
6.0,3,0,0,413
6.0,3,0,1,414
6.0,3,0,2,416
6.0,3,0,3,417
6.0,3,0,4,418
6.0,3,0,5,420
6.0,3,0,6,421
6.0,3,0,7,422
6.0,3,0,8,424
6.0,3,0,9,425
6.0,3,0,10,426
6.0,3,0,11,428
6.0,3,0,12,429
6.0,3,0,13,430
6.0,3,0,14,431
6.0,3,0,15,433
6.0,3,1,0,415
6.0,3,1,1,416
6.0,3,1,2,417
6.0,3,1,3,419
6.0,3,1,4,420
6.0,3,1,5,421
6.0,3,1,6,422
6.0,3,1,7,424
6.0,3,1,8,425
6.0,3,1,9,426
6.0,3,1,10,428
6.0,3,1,11,429
6.0,3,1,12,430
6.0,3,1,13,432
6.0,3,1,14,433
6.0,3,1,15,434
6.0,3,2,0,416
6.0,3,2,1,417
6.0,3,2,2,419
6.0,3,2,3,420
6.0,3,2,4,421
6.0,3,2,5,423
6.0,3,2,6,424
6.0,3,2,7,425
6.0,3,2,8,427
6.0,3,2,9,428
6.0,3,2,10,429
6.0,3,2,11,430
6.0,3,2,12,432
6.0,3,2,13,433
6.0,3,2,14,434
6.0,3,2,15,436
6.0,3,3,0,417
6.0,3,3,1,419
6.0,3,3,2,420
6.0,3,3,3,421
6.0,3,3,4,423
6.0,3,3,5,424
6.0,3,3,6,425
6.0,3,3,7,427
6.0,3,3,8,428
6.0,3,3,9,429
6.0,3,3,10,431
6.0,3,3,11,432
6.0,3,3,12,433
6.0,3,3,13,434
6.0,3,3,14,436
6.0,3,3,15,437
6.0,3,4,0,419
6.0,3,4,1,420
6.0,3,4,2,421
6.0,3,4,3,423
6.0,3,4,4,424
6.0,3,4,5,425
6.0,3,4,6,427
6.0,3,4,7,428
6.0,3,4,8,429
6.0,3,4,9,431
6.0,3,4,10,432
6.0,3,4,11,433
6.0,3,4,12,435
6.0,3,4,13,436
6.0,3,4,14,437
6.0,3,4,15,438
6.0,3,5,0,420
6.0,3,5,1,421
6.0,3,5,2,423
6.0,3,5,3,424
6.0,3,5,4,425
6.0,3,5,5,427
6.0,3,5,6,428
6.0,3,5,7,429
6.0,3,5,8,431
6.0,3,5,9,432
6.0,3,5,10,433
6.0,3,5,11,435
6.0,3,5,12,436
6.0,3,5,13,437
6.0,3,5,14,439
6.0,3,5,15,440
6.0,3,6,0,421
6.0,3,6,1,423
6.0,3,6,2,424
6.0,3,6,3,425
6.0,3,6,4,427
6.0,3,6,5,428
6.0,3,6,6,429
6.0,3,6,7,431
6.0,3,6,8,432
6.0,3,6,9,433
6.0,3,6,10,435
6.0,3,6,11,436
6.0,3,6,12,437
6.0,3,6,13,439
6.0,3,6,14,440
6.0,3,6,15,441
6.0,3,7,0,423
6.0,3,7,1,424
6.0,3,7,2,425
6.0,3,7,3,427
6.0,3,7,4,428
6.0,3,7,5,430
6.0,3,7,6,431
6.0,3,7,7,432
6.0,3,7,8,434
6.0,3,7,9,435
6.0,3,7,10,436
6.0,3,7,11,437
6.0,3,7,12,439
6.0,3,7,13,440
6.0,3,7,14,441
6.0,3,7,15,443
6.0,3,8,0,424
6.0,3,8,1,425
6.0,3,8,2,427
6.0,3,8,3,428
6.0,3,8,4,430
6.0,3,8,5,431
6.0,3,8,6,432
6.0,3,8,7,434
6.0,3,8,8,435
6.0,3,8,9,436
6.0,3,8,10,438
6.0,3,8,11,439
6.0,3,8,12,440
6.0,3,8,13,442
6.0,3,8,14,443
6.0,3,8,15,444
6.0,3,9,0,425
6.0,3,9,1,427
6.0,3,9,2,428
6.0,3,9,3,430
6.0,3,9,4,431
6.0,3,9,5,432
6.0,3,9,6,434
6.0,3,9,7,435
6.0,3,9,8,436
6.0,3,9,9,438
6.0,3,9,10,439
6.0,3,9,11,440
6.0,3,9,12,442
6.0,3,9,13,443
6.0,3,9,14,444
6.0,3,9,15,446
6.0,3,10,0,427
6.0,3,10,1,428
6.0,3,10,2,430
6.0,3,10,3,431
6.0,3,10,4,432
6.0,3,10,5,434
6.0,3,10,6,435
6.0,3,10,7,436
6.0,3,10,8,438
6.0,3,10,9,439
6.0,3,10,10,440
6.0,3,10,11,442
6.0,3,10,12,443
6.0,3,10,13,444
6.0,3,10,14,446
6.0,3,10,15,447
6.0,3,11,0,428
6.0,3,11,1,430
6.0,3,11,2,431
6.0,3,11,3,432
6.0,3,11,4,434
6.0,3,11,5,435
6.0,3,11,6,436
6.0,3,11,7,438
6.0,3,11,8,439
6.0,3,11,9,440
6.0,3,11,10,442
6.0,3,11,11,443
6.0,3,11,12,444
6.0,3,11,13,446
6.0,3,11,14,447
6.0,3,11,15,448
6.0,3,12,0,429
6.0,3,12,1,431
6.0,3,12,2,432
6.0,3,12,3,434
6.0,3,12,4,435
6.0,3,12,5,436
6.0,3,12,6,438
6.0,3,12,7,439
6.0,3,12,8,440
6.0,3,12,9,442
6.0,3,12,10,443
6.0,3,12,11,444
6.0,3,12,12,446
6.0,3,12,13,447
6.0,3,12,14,448
6.0,3,12,15,450
6.0,3,13,0,431
6.0,3,13,1,432
6.0,3,13,2,434
6.0,3,13,3,435
6.0,3,13,4,436
6.0,3,13,5,438
6.0,3,13,6,439
6.0,3,13,7,440
6.0,3,13,8,442
6.0,3,13,9,443
6.0,3,13,10,444
6.0,3,13,11,446
6.0,3,13,12,447
6.0,3,13,13,449
6.0,3,13,14,450
6.0,3,13,15,451
6.0,3,14,0,432
6.0,3,14,1,434
6.0,3,14,2,435
6.0,3,14,3,436
6.0,3,14,4,438
6.0,3,14,5,439
6.0,3,14,6,440
6.0,3,14,7,442
6.0,3,14,8,443
6.0,3,14,9,445
6.0,3,14,10,446
6.0,3,14,11,447
6.0,3,14,12,449
6.0,3,14,13,450
6.0,3,14,14,451
6.0,3,14,15,453
6.0,3,15,0,433
6.0,3,15,1,435
6.0,3,15,2,436
6.0,3,15,3,438
6.0,3,15,4,439
6.0,3,15,5,440
6.0,3,15,6,442
6.0,3,15,7,443
6.0,3,15,8,445
6.0,3,15,9,446
6.0,3,15,10,447
6.0,3,15,11,449
6.0,3,15,12,450
6.0,3,15,13,451
6.0,3,15,14,453
6.0,3,15,15,454
6.0,4,0,0,415
6.0,4,0,1,416
6.0,4,0,2,417
6.0,4,0,3,419
6.0,4,0,4,420
6.0,4,0,5,421
6.0,4,0,6,423
6.0,4,0,7,424
6.0,4,0,8,425
6.0,4,0,9,427
6.0,4,0,10,428
6.0,4,0,11,429
6.0,4,0,12,430
6.0,4,0,13,432
6.0,4,0,14,433
6.0,4,0,15,434
6.0,4,1,0,416
6.0,4,1,1,417
6.0,4,1,2,419
6.0,4,1,3,420
6.0,4,1,4,421
6.0,4,1,5,423
6.0,4,1,6,424
6.0,4,1,7,425
6.0,4,1,8,427
6.0,4,1,9,428
6.0,4,1,10,429
6.0,4,1,11,431
6.0,4,1,12,432
6.0,4,1,13,433
6.0,4,1,14,434
6.0,4,1,15,436
6.0,4,2,0,417
6.0,4,2,1,419
6.0,4,2,2,420
6.0,4,2,3,421
6.0,4,2,4,423
6.0,4,2,5,424
6.0,4,2,6,425
6.0,4,2,7,427
6.0,4,2,8,428
6.0,4,2,9,429
6.0,4,2,10,431
6.0,4,2,11,432
6.0,4,2,12,433
6.0,4,2,13,435
6.0,4,2,14,436
6.0,4,2,15,437
6.0,4,3,0,419
6.0,4,3,1,420
6.0,4,3,2,422
6.0,4,3,3,423
6.0,4,3,4,424
6.0,4,3,5,426
6.0,4,3,6,427
6.0,4,3,7,428
6.0,4,3,8,430
6.0,4,3,9,431
6.0,4,3,10,432
6.0,4,3,11,433
6.0,4,3,12,435
6.0,4,3,13,436
6.0,4,3,14,437
6.0,4,3,15,439
6.0,4,4,0,420
6.0,4,4,1,422
6.0,4,4,2,423
6.0,4,4,3,424
6.0,4,4,4,426
6.0,4,4,5,427
6.0,4,4,6,428
6.0,4,4,7,430
6.0,4,4,8,431
6.0,4,4,9,432
6.0,4,4,10,434
6.0,4,4,11,435
6.0,4,4,12,436
6.0,4,4,13,438
6.0,4,4,14,439
6.0,4,4,15,440
6.0,4,5,0,422
6.0,4,5,1,423
6.0,4,5,2,424
6.0,4,5,3,426
6.0,4,5,4,427
6.0,4,5,5,428
6.0,4,5,6,430
6.0,4,5,7,431
6.0,4,5,8,432
6.0,4,5,9,434
6.0,4,5,10,435
6.0,4,5,11,436
6.0,4,5,12,438
6.0,4,5,13,439
6.0,4,5,14,440
6.0,4,5,15,442
6.0,4,6,0,423
6.0,4,6,1,424
6.0,4,6,2,426
6.0,4,6,3,427
6.0,4,6,4,428
6.0,4,6,5,430
6.0,4,6,6,431
6.0,4,6,7,432
6.0,4,6,8,434
6.0,4,6,9,435
6.0,4,6,10,436
6.0,4,6,11,438
6.0,4,6,12,439
6.0,4,6,13,440
6.0,4,6,14,442
6.0,4,6,15,443
6.0,4,7,0,424
6.0,4,7,1,426
6.0,4,7,2,427
6.0,4,7,3,428
6.0,4,7,4,430
6.0,4,7,5,431
6.0,4,7,6,432
6.0,4,7,7,434
6.0,4,7,8,435
6.0,4,7,9,436
6.0,4,7,10,438
6.0,4,7,11,439
6.0,4,7,12,440
6.0,4,7,13,442
6.0,4,7,14,443
6.0,4,7,15,444
6.0,4,8,0,426
6.0,4,8,1,427
6.0,4,8,2,428
6.0,4,8,3,430
6.0,4,8,4,431
6.0,4,8,5,433
6.0,4,8,6,434
6.0,4,8,7,435
6.0,4,8,8,437
6.0,4,8,9,438
6.0,4,8,10,439
6.0,4,8,11,441
6.0,4,8,12,442
6.0,4,8,13,443
6.0,4,8,14,445
6.0,4,8,15,446
6.0,4,9,0,427
6.0,4,9,1,428
6.0,4,9,2,430
6.0,4,9,3,431
6.0,4,9,4,433
6.0,4,9,5,434
6.0,4,9,6,435
6.0,4,9,7,437
6.0,4,9,8,438
6.0,4,9,9,439
6.0,4,9,10,441
6.0,4,9,11,442
6.0,4,9,12,443
6.0,4,9,13,445
6.0,4,9,14,446
6.0,4,9,15,447
6.0,4,10,0,428
6.0,4,10,1,430
6.0,4,10,2,431
6.0,4,10,3,433
6.0,4,10,4,434
6.0,4,10,5,435
6.0,4,10,6,437
6.0,4,10,7,438
6.0,4,10,8,439
6.0,4,10,9,441
6.0,4,10,10,442
6.0,4,10,11,443
6.0,4,10,12,445
6.0,4,10,13,446
6.0,4,10,14,447
6.0,4,10,15,449
6.0,4,11,0,430
6.0,4,11,1,431
6.0,4,11,2,433
6.0,4,11,3,434
6.0,4,11,4,435
6.0,4,11,5,437
6.0,4,11,6,438
6.0,4,11,7,439
6.0,4,11,8,441
6.0,4,11,9,442
6.0,4,11,10,443
6.0,4,11,11,445
6.0,4,11,12,446
6.0,4,11,13,447
6.0,4,11,14,449
6.0,4,11,15,450
6.0,4,12,0,431
6.0,4,12,1,432
6.0,4,12,2,434
6.0,4,12,3,435
6.0,4,12,4,437
6.0,4,12,5,438
6.0,4,12,6,439
6.0,4,12,7,441
6.0,4,12,8,442
6.0,4,12,9,443
6.0,4,12,10,445
6.0,4,12,11,446
6.0,4,12,12,447
6.0,4,12,13,449
6.0,4,12,14,450
6.0,4,12,15,451
6.0,4,13,0,432
6.0,4,13,1,434
6.0,4,13,2,435
6.0,4,13,3,437
6.0,4,13,4,438
6.0,4,13,5,439
6.0,4,13,6,441
6.0,4,13,7,442
6.0,4,13,8,443
6.0,4,13,9,445
6.0,4,13,10,446
6.0,4,13,11,448
6.0,4,13,12,449
6.0,4,13,13,450
6.0,4,13,14,452
6.0,4,13,15,453
6.0,4,14,0,434
6.0,4,14,1,435
6.0,4,14,2,437
6.0,4,14,3,438
6.0,4,14,4,439
6.0,4,14,5,441
6.0,4,14,6,442
6.0,4,14,7,443
6.0,4,14,8,445
6.0,4,14,9,446
6.0,4,14,10,448
6.0,4,14,11,449
6.0,4,14,12,450
6.0,4,14,13,452
6.0,4,14,14,453
6.0,4,14,15,454
6.0,4,15,0,435
6.0,4,15,1,436
6.0,4,15,2,438
6.0,4,15,3,439
6.0,4,15,4,441
6.0,4,15,5,442
6.0,4,15,6,443
6.0,4,15,7,445
6.0,4,15,8,446
6.0,4,15,9,448
6.0,4,15,10,449
6.0,4,15,11,450
6.0,4,15,12,452
6.0,4,15,13,453
6.0,4,15,14,454
6.0,4,15,15,456
6.0,5,0,0,416
6.0,5,0,1,418
6.0,5,0,2,419
6.0,5,0,3,420
6.0,5,0,4,422
6.0,5,0,5,423
6.0,5,0,6,424
6.0,5,0,7,426
6.0,5,0,8,427
6.0,5,0,9,428
6.0,5,0,10,429
6.0,5,0,11,431
6.0,5,0,12,432
6.0,5,0,13,433
6.0,5,0,14,435
6.0,5,0,15,436
6.0,5,1,0,418
6.0,5,1,1,419
6.0,5,1,2,420
6.0,5,1,3,422
6.0,5,1,4,423
6.0,5,1,5,424
6.0,5,1,6,426
6.0,5,1,7,427
6.0,5,1,8,428
6.0,5,1,9,430
6.0,5,1,10,431
6.0,5,1,11,432
6.0,5,1,12,434
6.0,5,1,13,435
6.0,5,1,14,436
6.0,5,1,15,437
6.0,5,2,0,419
6.0,5,2,1,420
6.0,5,2,2,422
6.0,5,2,3,423
6.0,5,2,4,424
6.0,5,2,5,426
6.0,5,2,6,427
6.0,5,2,7,428
6.0,5,2,8,430
6.0,5,2,9,431
6.0,5,2,10,432
6.0,5,2,11,434
6.0,5,2,12,435
6.0,5,2,13,436
6.0,5,2,14,438
6.0,5,2,15,439
6.0,5,3,0,420
6.0,5,3,1,422
6.0,5,3,2,423
6.0,5,3,3,424
6.0,5,3,4,426
6.0,5,3,5,427
6.0,5,3,6,429
6.0,5,3,7,430
6.0,5,3,8,431
6.0,5,3,9,432
6.0,5,3,10,434
6.0,5,3,11,435
6.0,5,3,12,436
6.0,5,3,13,438
6.0,5,3,14,439
6.0,5,3,15,440
6.0,5,4,0,422
6.0,5,4,1,423
6.0,5,4,2,425
6.0,5,4,3,426
6.0,5,4,4,427
6.0,5,4,5,429
6.0,5,4,6,430
6.0,5,4,7,431
6.0,5,4,8,433
6.0,5,4,9,434
6.0,5,4,10,435
6.0,5,4,11,437
6.0,5,4,12,438
6.0,5,4,13,439
6.0,5,4,14,440
6.0,5,4,15,442
6.0,5,5,0,423
6.0,5,5,1,425
6.0,5,5,2,426
6.0,5,5,3,427
6.0,5,5,4,429
6.0,5,5,5,430
6.0,5,5,6,431
6.0,5,5,7,433
6.0,5,5,8,434
6.0,5,5,9,435
6.0,5,5,10,437
6.0,5,5,11,438
6.0,5,5,12,439
6.0,5,5,13,441
6.0,5,5,14,442
6.0,5,5,15,443
6.0,5,6,0,425
6.0,5,6,1,426
6.0,5,6,2,427
6.0,5,6,3,429
6.0,5,6,4,430
6.0,5,6,5,431
6.0,5,6,6,433
6.0,5,6,7,434
6.0,5,6,8,435
6.0,5,6,9,437
6.0,5,6,10,438
6.0,5,6,11,439
6.0,5,6,12,441
6.0,5,6,13,442
6.0,5,6,14,443
6.0,5,6,15,445
6.0,5,7,0,426
6.0,5,7,1,427
6.0,5,7,2,429
6.0,5,7,3,430
6.0,5,7,4,431
6.0,5,7,5,433
6.0,5,7,6,434
6.0,5,7,7,435
6.0,5,7,8,437
6.0,5,7,9,438
6.0,5,7,10,439
6.0,5,7,11,441
6.0,5,7,12,442
6.0,5,7,13,443
6.0,5,7,14,445
6.0,5,7,15,446
6.0,5,8,0,427
6.0,5,8,1,429
6.0,5,8,2,430
6.0,5,8,3,431
6.0,5,8,4,433
6.0,5,8,5,434
6.0,5,8,6,436
6.0,5,8,7,437
6.0,5,8,8,438
6.0,5,8,9,440
6.0,5,8,10,441
6.0,5,8,11,442
6.0,5,8,12,444
6.0,5,8,13,445
6.0,5,8,14,446
6.0,5,8,15,448
6.0,5,9,0,429
6.0,5,9,1,430
6.0,5,9,2,431
6.0,5,9,3,433
6.0,5,9,4,434
6.0,5,9,5,436
6.0,5,9,6,437
6.0,5,9,7,438
6.0,5,9,8,440
6.0,5,9,9,441
6.0,5,9,10,442
6.0,5,9,11,444
6.0,5,9,12,445
6.0,5,9,13,446
6.0,5,9,14,448
6.0,5,9,15,449
6.0,5,10,0,430
6.0,5,10,1,431
6.0,5,10,2,433
6.0,5,10,3,434
6.0,5,10,4,436
6.0,5,10,5,437
6.0,5,10,6,438
6.0,5,10,7,440
6.0,5,10,8,441
6.0,5,10,9,442
6.0,5,10,10,444
6.0,5,10,11,445
6.0,5,10,12,446
6.0,5,10,13,448
6.0,5,10,14,449
6.0,5,10,15,450
6.0,5,11,0,431
6.0,5,11,1,433
6.0,5,11,2,434
6.0,5,11,3,436
6.0,5,11,4,437
6.0,5,11,5,438
6.0,5,11,6,440
6.0,5,11,7,441
6.0,5,11,8,442
6.0,5,11,9,444
6.0,5,11,10,445
6.0,5,11,11,446
6.0,5,11,12,448
6.0,5,11,13,449
6.0,5,11,14,450
6.0,5,11,15,452
6.0,5,12,0,433
6.0,5,12,1,434
6.0,5,12,2,436
6.0,5,12,3,437
6.0,5,12,4,438
6.0,5,12,5,440
6.0,5,12,6,441
6.0,5,12,7,442
6.0,5,12,8,444
6.0,5,12,9,445
6.0,5,12,10,446
6.0,5,12,11,448
6.0,5,12,12,449
6.0,5,12,13,451
6.0,5,12,14,452
6.0,5,12,15,453
6.0,5,13,0,434
6.0,5,13,1,435
6.0,5,13,2,437
6.0,5,13,3,438
6.0,5,13,4,440
6.0,5,13,5,441
6.0,5,13,6,442
6.0,5,13,7,444
6.0,5,13,8,445
6.0,5,13,9,447
6.0,5,13,10,448
6.0,5,13,11,449
6.0,5,13,12,451
6.0,5,13,13,452
6.0,5,13,14,453
6.0,5,13,15,455
6.0,5,14,0,435
6.0,5,14,1,437
6.0,5,14,2,438
6.0,5,14,3,440
6.0,5,14,4,441
6.0,5,14,5,442
6.0,5,14,6,444
6.0,5,14,7,445
6.0,5,14,8,447
6.0,5,14,9,448
6.0,5,14,10,449
6.0,5,14,11,451
6.0,5,14,12,452
6.0,5,14,13,453
6.0,5,14,14,455
6.0,5,14,15,456
6.0,5,15,0,437
6.0,5,15,1,438
6.0,5,15,2,440
6.0,5,15,3,441
6.0,5,15,4,442
6.0,5,15,5,444
6.0,5,15,6,445
6.0,5,15,7,447
6.0,5,15,8,448
6.0,5,15,9,449
6.0,5,15,10,451
6.0,5,15,11,452
6.0,5,15,12,453
6.0,5,15,13,455
6.0,5,15,14,456
6.0,5,15,15,457
6.0,6,0,0,418
6.0,6,0,1,419
6.0,6,0,2,421
6.0,6,0,3,422
6.0,6,0,4,423
6.0,6,0,5,425
6.0,6,0,6,426
6.0,6,0,7,427
6.0,6,0,8,428
6.0,6,0,9,430
6.0,6,0,10,431
6.0,6,0,11,432
6.0,6,0,12,434
6.0,6,0,13,435
6.0,6,0,14,436
6.0,6,0,15,438
6.0,6,1,0,419
6.0,6,1,1,421
6.0,6,1,2,422
6.0,6,1,3,423
6.0,6,1,4,425
6.0,6,1,5,426
6.0,6,1,6,427
6.0,6,1,7,429
6.0,6,1,8,430
6.0,6,1,9,431
6.0,6,1,10,433
6.0,6,1,11,434
6.0,6,1,12,435
6.0,6,1,13,436
6.0,6,1,14,438
6.0,6,1,15,439
6.0,6,2,0,421
6.0,6,2,1,422
6.0,6,2,2,423
6.0,6,2,3,425
6.0,6,2,4,426
6.0,6,2,5,427
6.0,6,2,6,429
6.0,6,2,7,430
6.0,6,2,8,431
6.0,6,2,9,433
6.0,6,2,10,434
6.0,6,2,11,435
6.0,6,2,12,437
6.0,6,2,13,438
6.0,6,2,14,439
6.0,6,2,15,441
6.0,6,3,0,422
6.0,6,3,1,423
6.0,6,3,2,425
6.0,6,3,3,426
6.0,6,3,4,427
6.0,6,3,5,429
6.0,6,3,6,430
6.0,6,3,7,431
6.0,6,3,8,433
6.0,6,3,9,434
6.0,6,3,10,435
6.0,6,3,11,437
6.0,6,3,12,438
6.0,6,3,13,439
6.0,6,3,14,441
6.0,6,3,15,442
6.0,6,4,0,423
6.0,6,4,1,425
6.0,6,4,2,426
6.0,6,4,3,427
6.0,6,4,4,429
6.0,6,4,5,430
6.0,6,4,6,432
6.0,6,4,7,433
6.0,6,4,8,434
6.0,6,4,9,436
6.0,6,4,10,437
6.0,6,4,11,438
6.0,6,4,12,440
6.0,6,4,13,441
6.0,6,4,14,442
6.0,6,4,15,443
6.0,6,5,0,425
6.0,6,5,1,426
6.0,6,5,2,428
6.0,6,5,3,429
6.0,6,5,4,430
6.0,6,5,5,432
6.0,6,5,6,433
6.0,6,5,7,434
6.0,6,5,8,436
6.0,6,5,9,437
6.0,6,5,10,438
6.0,6,5,11,440
6.0,6,5,12,441
6.0,6,5,13,442
6.0,6,5,14,444
6.0,6,5,15,445
6.0,6,6,0,426
6.0,6,6,1,428
6.0,6,6,2,429
6.0,6,6,3,430
6.0,6,6,4,432
6.0,6,6,5,433
6.0,6,6,6,434
6.0,6,6,7,436
6.0,6,6,8,437
6.0,6,6,9,438
6.0,6,6,10,440
6.0,6,6,11,441
6.0,6,6,12,442
6.0,6,6,13,444
6.0,6,6,14,445
6.0,6,6,15,446
6.0,6,7,0,428
6.0,6,7,1,429
6.0,6,7,2,430
6.0,6,7,3,432
6.0,6,7,4,433
6.0,6,7,5,434
6.0,6,7,6,436
6.0,6,7,7,437
6.0,6,7,8,438
6.0,6,7,9,440
6.0,6,7,10,441
6.0,6,7,11,442
6.0,6,7,12,444
6.0,6,7,13,445
6.0,6,7,14,446
6.0,6,7,15,448
6.0,6,8,0,429
6.0,6,8,1,430
6.0,6,8,2,432
6.0,6,8,3,433
6.0,6,8,4,434
6.0,6,8,5,436
6.0,6,8,6,437
6.0,6,8,7,439
6.0,6,8,8,440
6.0,6,8,9,441
6.0,6,8,10,443
6.0,6,8,11,444
6.0,6,8,12,445
6.0,6,8,13,447
6.0,6,8,14,448
6.0,6,8,15,449
6.0,6,9,0,430
6.0,6,9,1,432
6.0,6,9,2,433
6.0,6,9,3,434
6.0,6,9,4,436
6.0,6,9,5,437
6.0,6,9,6,439
6.0,6,9,7,440
6.0,6,9,8,441
6.0,6,9,9,443
6.0,6,9,10,444
6.0,6,9,11,445
6.0,6,9,12,447
6.0,6,9,13,448
6.0,6,9,14,449
6.0,6,9,15,451
6.0,6,10,0,432
6.0,6,10,1,433
6.0,6,10,2,434
6.0,6,10,3,436
6.0,6,10,4,437
6.0,6,10,5,439
6.0,6,10,6,440
6.0,6,10,7,441
6.0,6,10,8,443
6.0,6,10,9,444
6.0,6,10,10,445
6.0,6,10,11,447
6.0,6,10,12,448
6.0,6,10,13,449
6.0,6,10,14,451
6.0,6,10,15,452
6.0,6,11,0,433
6.0,6,11,1,434
6.0,6,11,2,436
6.0,6,11,3,437
6.0,6,11,4,439
6.0,6,11,5,440
6.0,6,11,6,441
6.0,6,11,7,443
6.0,6,11,8,444
6.0,6,11,9,445
6.0,6,11,10,447
6.0,6,11,11,448
6.0,6,11,12,449
6.0,6,11,13,451
6.0,6,11,14,452
6.0,6,11,15,453
6.0,6,12,0,434
6.0,6,12,1,436
6.0,6,12,2,437
6.0,6,12,3,439
6.0,6,12,4,440
6.0,6,12,5,441
6.0,6,12,6,443
6.0,6,12,7,444
6.0,6,12,8,445
6.0,6,12,9,447
6.0,6,12,10,448
6.0,6,12,11,450
6.0,6,12,12,451
6.0,6,12,13,452
6.0,6,12,14,454
6.0,6,12,15,455
6.0,6,13,0,436
6.0,6,13,1,437
6.0,6,13,2,439
6.0,6,13,3,440
6.0,6,13,4,441
6.0,6,13,5,443
6.0,6,13,6,444
6.0,6,13,7,445
6.0,6,13,8,447
6.0,6,13,9,448
6.0,6,13,10,450
6.0,6,13,11,451
6.0,6,13,12,452
6.0,6,13,13,454
6.0,6,13,14,455
6.0,6,13,15,456
6.0,6,14,0,437
6.0,6,14,1,438
6.0,6,14,2,440
6.0,6,14,3,441
6.0,6,14,4,443
6.0,6,14,5,444
6.0,6,14,6,445
6.0,6,14,7,447
6.0,6,14,8,448
6.0,6,14,9,450
6.0,6,14,10,451
6.0,6,14,11,452
6.0,6,14,12,454
6.0,6,14,13,455
6.0,6,14,14,456
6.0,6,14,15,458
6.0,6,15,0,438
6.0,6,15,1,440
6.0,6,15,2,441
6.0,6,15,3,443
6.0,6,15,4,444
6.0,6,15,5,445
6.0,6,15,6,447
6.0,6,15,7,448
6.0,6,15,8,450
6.0,6,15,9,451
6.0,6,15,10,452
6.0,6,15,11,454
6.0,6,15,12,455
6.0,6,15,13,456
6.0,6,15,14,458
6.0,6,15,15,459
6.0,7,0,0,419
6.0,7,0,1,421
6.0,7,0,2,422
6.0,7,0,3,423
6.0,7,0,4,425
6.0,7,0,5,426
6.0,7,0,6,427
6.0,7,0,7,429
6.0,7,0,8,430
6.0,7,0,9,431
6.0,7,0,10,433
6.0,7,0,11,434
6.0,7,0,12,435
6.0,7,0,13,437
6.0,7,0,14,438
6.0,7,0,15,439
6.0,7,1,0,421
6.0,7,1,1,422
6.0,7,1,2,424
6.0,7,1,3,425
6.0,7,1,4,426
6.0,7,1,5,428
6.0,7,1,6,429
6.0,7,1,7,430
6.0,7,1,8,432
6.0,7,1,9,433
6.0,7,1,10,434
6.0,7,1,11,435
6.0,7,1,12,437
6.0,7,1,13,438
6.0,7,1,14,439
6.0,7,1,15,441
6.0,7,2,0,422
6.0,7,2,1,424
6.0,7,2,2,425
6.0,7,2,3,426
6.0,7,2,4,428
6.0,7,2,5,429
6.0,7,2,6,430
6.0,7,2,7,432
6.0,7,2,8,433
6.0,7,2,9,434
6.0,7,2,10,436
6.0,7,2,11,437
6.0,7,2,12,438
6.0,7,2,13,440
6.0,7,2,14,441
6.0,7,2,15,442
6.0,7,3,0,424
6.0,7,3,1,425
6.0,7,3,2,426
6.0,7,3,3,428
6.0,7,3,4,429
6.0,7,3,5,430
6.0,7,3,6,432
6.0,7,3,7,433
6.0,7,3,8,434
6.0,7,3,9,436
6.0,7,3,10,437
6.0,7,3,11,438
6.0,7,3,12,440
6.0,7,3,13,441
6.0,7,3,14,442
6.0,7,3,15,444
6.0,7,4,0,425
6.0,7,4,1,426
6.0,7,4,2,428
6.0,7,4,3,429
6.0,7,4,4,430
6.0,7,4,5,432
6.0,7,4,6,433
6.0,7,4,7,434
6.0,7,4,8,436
6.0,7,4,9,437
6.0,7,4,10,439
6.0,7,4,11,440
6.0,7,4,12,441
6.0,7,4,13,442
6.0,7,4,14,444
6.0,7,4,15,445
6.0,7,5,0,426
6.0,7,5,1,428
6.0,7,5,2,429
6.0,7,5,3,430
6.0,7,5,4,432
6.0,7,5,5,433
6.0,7,5,6,435
6.0,7,5,7,436
6.0,7,5,8,437
6.0,7,5,9,439
6.0,7,5,10,440
6.0,7,5,11,441
6.0,7,5,12,443
6.0,7,5,13,444
6.0,7,5,14,445
6.0,7,5,15,447
6.0,7,6,0,428
6.0,7,6,1,429
6.0,7,6,2,431
6.0,7,6,3,432
6.0,7,6,4,433
6.0,7,6,5,435
6.0,7,6,6,436
6.0,7,6,7,437
6.0,7,6,8,439
6.0,7,6,9,440
6.0,7,6,10,441
6.0,7,6,11,443
6.0,7,6,12,444
6.0,7,6,13,445
6.0,7,6,14,447
6.0,7,6,15,448
6.0,7,7,0,429
6.0,7,7,1,431
6.0,7,7,2,432
6.0,7,7,3,433
6.0,7,7,4,435
6.0,7,7,5,436
6.0,7,7,6,437
6.0,7,7,7,439
6.0,7,7,8,440
6.0,7,7,9,441
6.0,7,7,10,443
6.0,7,7,11,444
6.0,7,7,12,445
6.0,7,7,13,447
6.0,7,7,14,448
6.0,7,7,15,449
6.0,7,8,0,431
6.0,7,8,1,432
6.0,7,8,2,433
6.0,7,8,3,435
6.0,7,8,4,436
6.0,7,8,5,437
6.0,7,8,6,439
6.0,7,8,7,440
6.0,7,8,8,442
6.0,7,8,9,443
6.0,7,8,10,444
6.0,7,8,11,446
6.0,7,8,12,447
6.0,7,8,13,448
6.0,7,8,14,450
6.0,7,8,15,451
6.0,7,9,0,432
6.0,7,9,1,433
6.0,7,9,2,435
6.0,7,9,3,436
6.0,7,9,4,437
6.0,7,9,5,439
6.0,7,9,6,440
6.0,7,9,7,442
6.0,7,9,8,443
6.0,7,9,9,444
6.0,7,9,10,446
6.0,7,9,11,447
6.0,7,9,12,448
6.0,7,9,13,450
6.0,7,9,14,451
6.0,7,9,15,452
6.0,7,10,0,433
6.0,7,10,1,435
6.0,7,10,2,436
6.0,7,10,3,437
6.0,7,10,4,439
6.0,7,10,5,440
6.0,7,10,6,442
6.0,7,10,7,443
6.0,7,10,8,444
6.0,7,10,9,446
6.0,7,10,10,447
6.0,7,10,11,448
6.0,7,10,12,450
6.0,7,10,13,451
6.0,7,10,14,452
6.0,7,10,15,454
6.0,7,11,0,435
6.0,7,11,1,436
6.0,7,11,2,437
6.0,7,11,3,439
6.0,7,11,4,440
6.0,7,11,5,442
6.0,7,11,6,443
6.0,7,11,7,444
6.0,7,11,8,446
6.0,7,11,9,447
6.0,7,11,10,448
6.0,7,11,11,450
6.0,7,11,12,451
6.0,7,11,13,452
6.0,7,11,14,454
6.0,7,11,15,455
6.0,7,12,0,436
6.0,7,12,1,437
6.0,7,12,2,439
6.0,7,12,3,440
6.0,7,12,4,442
6.0,7,12,5,443
6.0,7,12,6,444
6.0,7,12,7,446
6.0,7,12,8,447
6.0,7,12,9,448
6.0,7,12,10,450
6.0,7,12,11,451
6.0,7,12,12,453
6.0,7,12,13,454
6.0,7,12,14,455
6.0,7,12,15,457
6.0,7,13,0,437
6.0,7,13,1,439
6.0,7,13,2,440
6.0,7,13,3,442
6.0,7,13,4,443
6.0,7,13,5,444
6.0,7,13,6,446
6.0,7,13,7,447
6.0,7,13,8,448
6.0,7,13,9,450
6.0,7,13,10,451
6.0,7,13,11,453
6.0,7,13,12,454
6.0,7,13,13,455
6.0,7,13,14,457
6.0,7,13,15,458
6.0,7,14,0,439
6.0,7,14,1,440
6.0,7,14,2,442
6.0,7,14,3,443
6.0,7,14,4,444
6.0,7,14,5,446
6.0,7,14,6,447
6.0,7,14,7,448
6.0,7,14,8,450
6.0,7,14,9,451
6.0,7,14,10,453
6.0,7,14,11,454
6.0,7,14,12,455
6.0,7,14,13,457
6.0,7,14,14,458
6.0,7,14,15,459
6.0,7,15,0,440
6.0,7,15,1,441
6.0,7,15,2,443
6.0,7,15,3,444
6.0,7,15,4,446
6.0,7,15,5,447
6.0,7,15,6,448
6.0,7,15,7,450
6.0,7,15,8,451
6.0,7,15,9,453
6.0,7,15,10,454
6.0,7,15,11,455
6.0,7,15,12,457
6.0,7,15,13,458
6.0,7,15,14,459
6.0,7,15,15,461
6.0,8,0,0,421
6.0,8,0,1,422
6.0,8,0,2,424
6.0,8,0,3,425
6.0,8,0,4,426
6.0,8,0,5,428
6.0,8,0,6,429
6.0,8,0,7,430
6.0,8,0,8,432
6.0,8,0,9,433
6.0,8,0,10,434
6.0,8,0,11,436
6.0,8,0,12,437
6.0,8,0,13,438
6.0,8,0,14,440
6.0,8,0,15,441
6.0,8,1,0,422
6.0,8,1,1,424
6.0,8,1,2,425
6.0,8,1,3,426
6.0,8,1,4,428
6.0,8,1,5,429
6.0,8,1,6,430
6.0,8,1,7,432
6.0,8,1,8,433
6.0,8,1,9,434
6.0,8,1,10,436
6.0,8,1,11,437
6.0,8,1,12,438
6.0,8,1,13,440
6.0,8,1,14,441
6.0,8,1,15,442
6.0,8,2,0,424
6.0,8,2,1,425
6.0,8,2,2,427
6.0,8,2,3,428
6.0,8,2,4,429
6.0,8,2,5,431
6.0,8,2,6,432
6.0,8,2,7,433
6.0,8,2,8,435
6.0,8,2,9,436
6.0,8,2,10,437
6.0,8,2,11,439
6.0,8,2,12,440
6.0,8,2,13,441
6.0,8,2,14,443
6.0,8,2,15,444
6.0,8,3,0,425
6.0,8,3,1,427
6.0,8,3,2,428
6.0,8,3,3,429
6.0,8,3,4,431
6.0,8,3,5,432
6.0,8,3,6,433
6.0,8,3,7,435
6.0,8,3,8,436
6.0,8,3,9,437
6.0,8,3,10,439
6.0,8,3,11,440
6.0,8,3,12,441
6.0,8,3,13,443
6.0,8,3,14,444
6.0,8,3,15,445
6.0,8,4,0,427
6.0,8,4,1,428
6.0,8,4,2,429
6.0,8,4,3,431
6.0,8,4,4,432
6.0,8,4,5,433
6.0,8,4,6,435
6.0,8,4,7,436
6.0,8,4,8,437
6.0,8,4,9,439
6.0,8,4,10,440
6.0,8,4,11,441
6.0,8,4,12,443
6.0,8,4,13,444
6.0,8,4,14,445
6.0,8,4,15,447
6.0,8,5,0,428
6.0,8,5,1,429
6.0,8,5,2,431
6.0,8,5,3,432
6.0,8,5,4,433
6.0,8,5,5,435
6.0,8,5,6,436
6.0,8,5,7,438
6.0,8,5,8,439
6.0,8,5,9,440
6.0,8,5,10,442
6.0,8,5,11,443
6.0,8,5,12,444
6.0,8,5,13,446
6.0,8,5,14,447
6.0,8,5,15,448
6.0,8,6,0,429
6.0,8,6,1,431
6.0,8,6,2,432
6.0,8,6,3,434
6.0,8,6,4,435
6.0,8,6,5,436
6.0,8,6,6,438
6.0,8,6,7,439
6.0,8,6,8,440
6.0,8,6,9,442
6.0,8,6,10,443
6.0,8,6,11,444
6.0,8,6,12,446
6.0,8,6,13,447
6.0,8,6,14,448
6.0,8,6,15,450
6.0,8,7,0,431
6.0,8,7,1,432
6.0,8,7,2,434
6.0,8,7,3,435
6.0,8,7,4,436
6.0,8,7,5,438
6.0,8,7,6,439
6.0,8,7,7,440
6.0,8,7,8,442
6.0,8,7,9,443
6.0,8,7,10,444
6.0,8,7,11,446
6.0,8,7,12,447
6.0,8,7,13,448
6.0,8,7,14,450
6.0,8,7,15,451
6.0,8,8,0,432
6.0,8,8,1,434
6.0,8,8,2,435
6.0,8,8,3,436
6.0,8,8,4,438
6.0,8,8,5,439
6.0,8,8,6,440
6.0,8,8,7,442
6.0,8,8,8,443
6.0,8,8,9,445
6.0,8,8,10,446
6.0,8,8,11,447
6.0,8,8,12,449
6.0,8,8,13,450
6.0,8,8,14,451
6.0,8,8,15,453
6.0,8,9,0,434
6.0,8,9,1,435
6.0,8,9,2,436
6.0,8,9,3,438
6.0,8,9,4,439
6.0,8,9,5,440
6.0,8,9,6,442
6.0,8,9,7,443
6.0,8,9,8,445
6.0,8,9,9,446
6.0,8,9,10,447
6.0,8,9,11,449
6.0,8,9,12,450
6.0,8,9,13,451
6.0,8,9,14,453
6.0,8,9,15,454
6.0,8,10,0,435
6.0,8,10,1,436
6.0,8,10,2,438
6.0,8,10,3,439
6.0,8,10,4,440
6.0,8,10,5,442
6.0,8,10,6,443
6.0,8,10,7,445
6.0,8,10,8,446
6.0,8,10,9,447
6.0,8,10,10,449
6.0,8,10,11,450
6.0,8,10,12,451
6.0,8,10,13,453
6.0,8,10,14,454
6.0,8,10,15,455
6.0,8,11,0,436
6.0,8,11,1,438
6.0,8,11,2,439
6.0,8,11,3,440
6.0,8,11,4,442
6.0,8,11,5,443
6.0,8,11,6,445
6.0,8,11,7,446
6.0,8,11,8,447
6.0,8,11,9,449
6.0,8,11,10,450
6.0,8,11,11,451
6.0,8,11,12,453
6.0,8,11,13,454
6.0,8,11,14,456
6.0,8,11,15,457
6.0,8,12,0,438
6.0,8,12,1,439
6.0,8,12,2,440
6.0,8,12,3,442
6.0,8,12,4,443
6.0,8,12,5,445
6.0,8,12,6,446
6.0,8,12,7,447
6.0,8,12,8,449
6.0,8,12,9,450
6.0,8,12,10,452
6.0,8,12,11,453
6.0,8,12,12,454
6.0,8,12,13,456
6.0,8,12,14,457
6.0,8,12,15,458
6.0,8,13,0,439
6.0,8,13,1,440
6.0,8,13,2,442
6.0,8,13,3,443
6.0,8,13,4,445
6.0,8,13,5,446
6.0,8,13,6,447
6.0,8,13,7,449
6.0,8,13,8,450
6.0,8,13,9,452
6.0,8,13,10,453
6.0,8,13,11,454
6.0,8,13,12,456
6.0,8,13,13,457
6.0,8,13,14,458
6.0,8,13,15,460
6.0,8,14,0,440
6.0,8,14,1,442
6.0,8,14,2,443
6.0,8,14,3,445
6.0,8,14,4,446
6.0,8,14,5,447
6.0,8,14,6,449
6.0,8,14,7,450
6.0,8,14,8,452
6.0,8,14,9,453
6.0,8,14,10,454
6.0,8,14,11,456
6.0,8,14,12,457
6.0,8,14,13,458
6.0,8,14,14,460
6.0,8,14,15,461
6.0,8,15,0,442
6.0,8,15,1,443
6.0,8,15,2,445
6.0,8,15,3,446
6.0,8,15,4,447
6.0,8,15,5,449
6.0,8,15,6,450
6.0,8,15,7,452
6.0,8,15,8,453
6.0,8,15,9,454
6.0,8,15,10,456
6.0,8,15,11,457
6.0,8,15,12,458
6.0,8,15,13,460
6.0,8,15,14,461
6.0,8,15,15,463
6.0,9,0,0,423
6.0,9,0,1,424
6.0,9,0,2,425
6.0,9,0,3,427
6.0,9,0,4,428
6.0,9,0,5,429
6.0,9,0,6,431
6.0,9,0,7,432
6.0,9,0,8,433
6.0,9,0,9,435
6.0,9,0,10,436
6.0,9,0,11,437
6.0,9,0,12,439
6.0,9,0,13,440
6.0,9,0,14,441
6.0,9,0,15,443
6.0,9,1,0,424
6.0,9,1,1,425
6.0,9,1,2,427
6.0,9,1,3,428
6.0,9,1,4,429
6.0,9,1,5,431
6.0,9,1,6,432
6.0,9,1,7,433
6.0,9,1,8,435
6.0,9,1,9,436
6.0,9,1,10,437
6.0,9,1,11,439
6.0,9,1,12,440
6.0,9,1,13,441
6.0,9,1,14,443
6.0,9,1,15,444
6.0,9,2,0,425
6.0,9,2,1,427
6.0,9,2,2,428
6.0,9,2,3,429
6.0,9,2,4,431
6.0,9,2,5,432
6.0,9,2,6,434
6.0,9,2,7,435
6.0,9,2,8,436
6.0,9,2,9,438
6.0,9,2,10,439
6.0,9,2,11,440
6.0,9,2,12,442
6.0,9,2,13,443
6.0,9,2,14,444
6.0,9,2,15,445
6.0,9,3,0,427
6.0,9,3,1,428
6.0,9,3,2,430
6.0,9,3,3,431
6.0,9,3,4,432
6.0,9,3,5,434
6.0,9,3,6,435
6.0,9,3,7,436
6.0,9,3,8,438
6.0,9,3,9,439
6.0,9,3,10,440
6.0,9,3,11,442
6.0,9,3,12,443
6.0,9,3,13,444
6.0,9,3,14,446
6.0,9,3,15,447
6.0,9,4,0,428
6.0,9,4,1,430
6.0,9,4,2,431
6.0,9,4,3,432
6.0,9,4,4,434
6.0,9,4,5,435
6.0,9,4,6,436
6.0,9,4,7,438
6.0,9,4,8,439
6.0,9,4,9,440
6.0,9,4,10,442
6.0,9,4,11,443
6.0,9,4,12,444
6.0,9,4,13,446
6.0,9,4,14,447
6.0,9,4,15,448
6.0,9,5,0,430
6.0,9,5,1,431
6.0,9,5,2,432
6.0,9,5,3,434
6.0,9,5,4,435
6.0,9,5,5,436
6.0,9,5,6,438
6.0,9,5,7,439
6.0,9,5,8,441
6.0,9,5,9,442
6.0,9,5,10,443
6.0,9,5,11,445
6.0,9,5,12,446
6.0,9,5,13,447
6.0,9,5,14,449
6.0,9,5,15,450
6.0,9,6,0,431
6.0,9,6,1,432
6.0,9,6,2,434
6.0,9,6,3,435
6.0,9,6,4,436
6.0,9,6,5,438
6.0,9,6,6,439
6.0,9,6,7,441
6.0,9,6,8,442
6.0,9,6,9,443
6.0,9,6,10,445
6.0,9,6,11,446
6.0,9,6,12,447
6.0,9,6,13,449
6.0,9,6,14,450
6.0,9,6,15,451
6.0,9,7,0,432
6.0,9,7,1,434
6.0,9,7,2,435
6.0,9,7,3,437
6.0,9,7,4,438
6.0,9,7,5,439
6.0,9,7,6,441
6.0,9,7,7,442
6.0,9,7,8,443
6.0,9,7,9,445
6.0,9,7,10,446
6.0,9,7,11,447
6.0,9,7,12,449
6.0,9,7,13,450
6.0,9,7,14,451
6.0,9,7,15,453
6.0,9,8,0,434
6.0,9,8,1,435
6.0,9,8,2,437
6.0,9,8,3,438
6.0,9,8,4,439
6.0,9,8,5,441
6.0,9,8,6,442
6.0,9,8,7,443
6.0,9,8,8,445
6.0,9,8,9,446
6.0,9,8,10,448
6.0,9,8,11,449
6.0,9,8,12,450
6.0,9,8,13,452
6.0,9,8,14,453
6.0,9,8,15,454
6.0,9,9,0,435
6.0,9,9,1,437
6.0,9,9,2,438
6.0,9,9,3,439
6.0,9,9,4,441
6.0,9,9,5,442
6.0,9,9,6,443
6.0,9,9,7,445
6.0,9,9,8,446
6.0,9,9,9,448
6.0,9,9,10,449
6.0,9,9,11,450
6.0,9,9,12,452
6.0,9,9,13,453
6.0,9,9,14,454
6.0,9,9,15,456
6.0,9,10,0,436
6.0,9,10,1,438
6.0,9,10,2,439
6.0,9,10,3,441
6.0,9,10,4,442
6.0,9,10,5,443
6.0,9,10,6,445
6.0,9,10,7,446
6.0,9,10,8,448
6.0,9,10,9,449
6.0,9,10,10,450
6.0,9,10,11,452
6.0,9,10,12,453
6.0,9,10,13,454
6.0,9,10,14,456
6.0,9,10,15,457
6.0,9,11,0,438
6.0,9,11,1,439
6.0,9,11,2,441
6.0,9,11,3,442
6.0,9,11,4,443
6.0,9,11,5,445
6.0,9,11,6,446
6.0,9,11,7,448
6.0,9,11,8,449
6.0,9,11,9,450
6.0,9,11,10,452
6.0,9,11,11,453
6.0,9,11,12,455
6.0,9,11,13,456
6.0,9,11,14,457
6.0,9,11,15,459
6.0,9,12,0,439
6.0,9,12,1,441
6.0,9,12,2,442
6.0,9,12,3,443
6.0,9,12,4,445
6.0,9,12,5,446
6.0,9,12,6,448
6.0,9,12,7,449
6.0,9,12,8,450
6.0,9,12,9,452
6.0,9,12,10,453
6.0,9,12,11,455
6.0,9,12,12,456
6.0,9,12,13,457
6.0,9,12,14,459
6.0,9,12,15,460
6.0,9,13,0,441
6.0,9,13,1,442
6.0,9,13,2,443
6.0,9,13,3,445
6.0,9,13,4,446
6.0,9,13,5,448
6.0,9,13,6,449
6.0,9,13,7,450
6.0,9,13,8,452
6.0,9,13,9,453
6.0,9,13,10,455
6.0,9,13,11,456
6.0,9,13,12,457
6.0,9,13,13,459
6.0,9,13,14,460
6.0,9,13,15,461
6.0,9,14,0,442
6.0,9,14,1,443
6.0,9,14,2,445
6.0,9,14,3,446
6.0,9,14,4,448
6.0,9,14,5,449
6.0,9,14,6,450
6.0,9,14,7,452
6.0,9,14,8,453
6.0,9,14,9,455
6.0,9,14,10,456
6.0,9,14,11,457
6.0,9,14,12,459
6.0,9,14,13,460
6.0,9,14,14,462
6.0,9,14,15,463
6.0,9,15,0,443
6.0,9,15,1,445
6.0,9,15,2,446
6.0,9,15,3,448
6.0,9,15,4,449
6.0,9,15,5,450
6.0,9,15,6,452
6.0,9,15,7,453
6.0,9,15,8,455
6.0,9,15,9,456
6.0,9,15,10,457
6.0,9,15,11,459
6.0,9,15,12,460
6.0,9,15,13,462
6.0,9,15,14,463
6.0,9,15,15,464
6.0,10,0,0,424
6.0,10,0,1,425
6.0,10,0,2,427
6.0,10,0,3,428
6.0,10,0,4,430
6.0,10,0,5,431
6.0,10,0,6,432
6.0,10,0,7,434
6.0,10,0,8,435
6.0,10,0,9,436
6.0,10,0,10,438
6.0,10,0,11,439
6.0,10,0,12,440
6.0,10,0,13,442
6.0,10,0,14,443
6.0,10,0,15,444
6.0,10,1,0,426
6.0,10,1,1,427
6.0,10,1,2,428
6.0,10,1,3,430
6.0,10,1,4,431
6.0,10,1,5,432
6.0,10,1,6,434
6.0,10,1,7,435
6.0,10,1,8,436
6.0,10,1,9,438
6.0,10,1,10,439
6.0,10,1,11,440
6.0,10,1,12,442
6.0,10,1,13,443
6.0,10,1,14,444
6.0,10,1,15,446
6.0,10,2,0,427
6.0,10,2,1,428
6.0,10,2,2,430
6.0,10,2,3,431
6.0,10,2,4,432
6.0,10,2,5,434
6.0,10,2,6,435
6.0,10,2,7,436
6.0,10,2,8,438
6.0,10,2,9,439
6.0,10,2,10,441
6.0,10,2,11,442
6.0,10,2,12,443
6.0,10,2,13,444
6.0,10,2,14,446
6.0,10,2,15,447
6.0,10,3,0,428
6.0,10,3,1,430
6.0,10,3,2,431
6.0,10,3,3,432
6.0,10,3,4,434
6.0,10,3,5,435
6.0,10,3,6,437
6.0,10,3,7,438
6.0,10,3,8,439
6.0,10,3,9,441
6.0,10,3,10,442
6.0,10,3,11,443
6.0,10,3,12,445
6.0,10,3,13,446
6.0,10,3,14,447
6.0,10,3,15,449
6.0,10,4,0,430
6.0,10,4,1,431
6.0,10,4,2,433
6.0,10,4,3,434
6.0,10,4,4,435
6.0,10,4,5,437
6.0,10,4,6,438
6.0,10,4,7,439
6.0,10,4,8,441
6.0,10,4,9,442
6.0,10,4,10,443
6.0,10,4,11,445
6.0,10,4,12,446
6.0,10,4,13,447
6.0,10,4,14,449
6.0,10,4,15,450
6.0,10,5,0,431
6.0,10,5,1,433
6.0,10,5,2,434
6.0,10,5,3,435
6.0,10,5,4,437
6.0,10,5,5,438
6.0,10,5,6,439
6.0,10,5,7,441
6.0,10,5,8,442
6.0,10,5,9,444
6.0,10,5,10,445
6.0,10,5,11,446
6.0,10,5,12,448
6.0,10,5,13,449
6.0,10,5,14,450
6.0,10,5,15,452
6.0,10,6,0,433
6.0,10,6,1,434
6.0,10,6,2,435
6.0,10,6,3,437
6.0,10,6,4,438
6.0,10,6,5,439
6.0,10,6,6,441
6.0,10,6,7,442
6.0,10,6,8,444
6.0,10,6,9,445
6.0,10,6,10,446
6.0,10,6,11,448
6.0,10,6,12,449
6.0,10,6,13,450
6.0,10,6,14,452
6.0,10,6,15,453
6.0,10,7,0,434
6.0,10,7,1,435
6.0,10,7,2,437
6.0,10,7,3,438
6.0,10,7,4,440
6.0,10,7,5,441
6.0,10,7,6,442
6.0,10,7,7,444
6.0,10,7,8,445
6.0,10,7,9,446
6.0,10,7,10,448
6.0,10,7,11,449
6.0,10,7,12,450
6.0,10,7,13,452
6.0,10,7,14,453
6.0,10,7,15,454
6.0,10,8,0,435
6.0,10,8,1,437
6.0,10,8,2,438
6.0,10,8,3,440
6.0,10,8,4,441
6.0,10,8,5,442
6.0,10,8,6,444
6.0,10,8,7,445
6.0,10,8,8,446
6.0,10,8,9,448
6.0,10,8,10,449
6.0,10,8,11,451
6.0,10,8,12,452
6.0,10,8,13,453
6.0,10,8,14,455
6.0,10,8,15,456
6.0,10,9,0,437
6.0,10,9,1,438
6.0,10,9,2,440
6.0,10,9,3,441
6.0,10,9,4,442
6.0,10,9,5,444
6.0,10,9,6,445
6.0,10,9,7,446
6.0,10,9,8,448
6.0,10,9,9,449
6.0,10,9,10,451
6.0,10,9,11,452
6.0,10,9,12,453
6.0,10,9,13,455
6.0,10,9,14,456
6.0,10,9,15,457
6.0,10,10,0,438
6.0,10,10,1,440
6.0,10,10,2,441
6.0,10,10,3,442
6.0,10,10,4,444
6.0,10,10,5,445
6.0,10,10,6,447
6.0,10,10,7,448
6.0,10,10,8,449
6.0,10,10,9,451
6.0,10,10,10,452
6.0,10,10,11,453
6.0,10,10,12,455
6.0,10,10,13,456
6.0,10,10,14,457
6.0,10,10,15,459
6.0,10,11,0,439
6.0,10,11,1,441
6.0,10,11,2,442
6.0,10,11,3,444
6.0,10,11,4,445
6.0,10,11,5,447
6.0,10,11,6,448
6.0,10,11,7,449
6.0,10,11,8,451
6.0,10,11,9,452
6.0,10,11,10,453
6.0,10,11,11,455
6.0,10,11,12,456
6.0,10,11,13,458
6.0,10,11,14,459
6.0,10,11,15,460
6.0,10,12,0,441
6.0,10,12,1,442
6.0,10,12,2,444
6.0,10,12,3,445
6.0,10,12,4,447
6.0,10,12,5,448
6.0,10,12,6,449
6.0,10,12,7,451
6.0,10,12,8,452
6.0,10,12,9,453
6.0,10,12,10,455
6.0,10,12,11,456
6.0,10,12,12,458
6.0,10,12,13,459
6.0,10,12,14,460
6.0,10,12,15,462
6.0,10,13,0,442
6.0,10,13,1,444
6.0,10,13,2,445
6.0,10,13,3,446
6.0,10,13,4,448
6.0,10,13,5,449
6.0,10,13,6,451
6.0,10,13,7,452
6.0,10,13,8,454
6.0,10,13,9,455
6.0,10,13,10,456
6.0,10,13,11,458
6.0,10,13,12,459
6.0,10,13,13,460
6.0,10,13,14,462
6.0,10,13,15,463
6.0,10,14,0,444
6.0,10,14,1,445
6.0,10,14,2,446
6.0,10,14,3,448
6.0,10,14,4,449
6.0,10,14,5,451
6.0,10,14,6,452
6.0,10,14,7,454
6.0,10,14,8,455
6.0,10,14,9,456
6.0,10,14,10,458
6.0,10,14,11,459
6.0,10,14,12,460
6.0,10,14,13,462
6.0,10,14,14,463
6.0,10,14,15,465
6.0,10,15,0,445
6.0,10,15,1,446
6.0,10,15,2,448
6.0,10,15,3,449
6.0,10,15,4,451
6.0,10,15,5,452
6.0,10,15,6,453
6.0,10,15,7,455
6.0,10,15,8,456
6.0,10,15,9,458
6.0,10,15,10,459
6.0,10,15,11,460
6.0,10,15,12,462
6.0,10,15,13,463
6.0,10,15,14,465
6.0,10,15,15,466
6.0,11,0,0,426
6.0,11,0,1,427
6.0,11,0,2,428
6.0,11,0,3,430
6.0,11,0,4,431
6.0,11,0,5,432
6.0,11,0,6,434
6.0,11,0,7,435
6.0,11,0,8,437
6.0,11,0,9,438
6.0,11,0,10,439
6.0,11,0,11,441
6.0,11,0,12,442
6.0,11,0,13,443
6.0,11,0,14,444
6.0,11,0,15,446
6.0,11,1,0,427
6.0,11,1,1,428
6.0,11,1,2,430
6.0,11,1,3,431
6.0,11,1,4,433
6.0,11,1,5,434
6.0,11,1,6,435
6.0,11,1,7,437
6.0,11,1,8,438
6.0,11,1,9,439
6.0,11,1,10,441
6.0,11,1,11,442
6.0,11,1,12,443
6.0,11,1,13,445
6.0,11,1,14,446
6.0,11,1,15,447
6.0,11,2,0,429
6.0,11,2,1,430
6.0,11,2,2,431
6.0,11,2,3,433
6.0,11,2,4,434
6.0,11,2,5,435
6.0,11,2,6,437
6.0,11,2,7,438
6.0,11,2,8,439
6.0,11,2,9,441
6.0,11,2,10,442
6.0,11,2,11,443
6.0,11,2,12,445
6.0,11,2,13,446
6.0,11,2,14,447
6.0,11,2,15,449
6.0,11,3,0,430
6.0,11,3,1,431
6.0,11,3,2,433
6.0,11,3,3,434
6.0,11,3,4,435
6.0,11,3,5,437
6.0,11,3,6,438
6.0,11,3,7,440
6.0,11,3,8,441
6.0,11,3,9,442
6.0,11,3,10,444
6.0,11,3,11,445
6.0,11,3,12,446
6.0,11,3,13,448
6.0,11,3,14,449
6.0,11,3,15,450
6.0,11,4,0,431
6.0,11,4,1,433
6.0,11,4,2,434
6.0,11,4,3,436
6.0,11,4,4,437
6.0,11,4,5,438
6.0,11,4,6,440
6.0,11,4,7,441
6.0,11,4,8,442
6.0,11,4,9,444
6.0,11,4,10,445
6.0,11,4,11,446
6.0,11,4,12,448
6.0,11,4,13,449
6.0,11,4,14,450
6.0,11,4,15,452
6.0,11,5,0,433
6.0,11,5,1,434
6.0,11,5,2,436
6.0,11,5,3,437
6.0,11,5,4,438
6.0,11,5,5,440
6.0,11,5,6,441
6.0,11,5,7,442
6.0,11,5,8,444
6.0,11,5,9,445
6.0,11,5,10,447
6.0,11,5,11,448
6.0,11,5,12,449
6.0,11,5,13,451
6.0,11,5,14,452
6.0,11,5,15,453
6.0,11,6,0,434
6.0,11,6,1,436
6.0,11,6,2,437
6.0,11,6,3,438
6.0,11,6,4,440
6.0,11,6,5,441
6.0,11,6,6,442
6.0,11,6,7,444
6.0,11,6,8,445
6.0,11,6,9,447
6.0,11,6,10,448
6.0,11,6,11,449
6.0,11,6,12,451
6.0,11,6,13,452
6.0,11,6,14,453
6.0,11,6,15,455
6.0,11,7,0,436
6.0,11,7,1,437
6.0,11,7,2,438
6.0,11,7,3,440
6.0,11,7,4,441
6.0,11,7,5,443
6.0,11,7,6,444
6.0,11,7,7,445
6.0,11,7,8,447
6.0,11,7,9,448
6.0,11,7,10,449
6.0,11,7,11,451
6.0,11,7,12,452
6.0,11,7,13,453
6.0,11,7,14,455
6.0,11,7,15,456
6.0,11,8,0,437
6.0,11,8,1,438
6.0,11,8,2,440
6.0,11,8,3,441
6.0,11,8,4,443
6.0,11,8,5,444
6.0,11,8,6,445
6.0,11,8,7,447
6.0,11,8,8,448
6.0,11,8,9,449
6.0,11,8,10,451
6.0,11,8,11,452
6.0,11,8,12,454
6.0,11,8,13,455
6.0,11,8,14,456
6.0,11,8,15,458
6.0,11,9,0,438
6.0,11,9,1,440
6.0,11,9,2,441
6.0,11,9,3,443
6.0,11,9,4,444
6.0,11,9,5,445
6.0,11,9,6,447
6.0,11,9,7,448
6.0,11,9,8,450
6.0,11,9,9,451
6.0,11,9,10,452
6.0,11,9,11,454
6.0,11,9,12,455
6.0,11,9,13,456
6.0,11,9,14,458
6.0,11,9,15,459
6.0,11,10,0,440
6.0,11,10,1,441
6.0,11,10,2,443
6.0,11,10,3,444
6.0,11,10,4,445
6.0,11,10,5,447
6.0,11,10,6,448
6.0,11,10,7,450
6.0,11,10,8,451
6.0,11,10,9,452
6.0,11,10,10,454
6.0,11,10,11,455
6.0,11,10,12,456
6.0,11,10,13,458
6.0,11,10,14,459
6.0,11,10,15,461
6.0,11,11,0,441
6.0,11,11,1,443
6.0,11,11,2,444
6.0,11,11,3,445
6.0,11,11,4,447
6.0,11,11,5,448
6.0,11,11,6,450
6.0,11,11,7,451
6.0,11,11,8,452
6.0,11,11,9,454
6.0,11,11,10,455
6.0,11,11,11,457
6.0,11,11,12,458
6.0,11,11,13,459
6.0,11,11,14,461
6.0,11,11,15,462
6.0,11,12,0,442
6.0,11,12,1,444
6.0,11,12,2,445
6.0,11,12,3,447
6.0,11,12,4,448
6.0,11,12,5,450
6.0,11,12,6,451
6.0,11,12,7,452
6.0,11,12,8,454
6.0,11,12,9,455
6.0,11,12,10,457
6.0,11,12,11,458
6.0,11,12,12,459
6.0,11,12,13,461
6.0,11,12,14,462
6.0,11,12,15,463
6.0,11,13,0,444
6.0,11,13,1,445
6.0,11,13,2,447
6.0,11,13,3,448
6.0,11,13,4,450
6.0,11,13,5,451
6.0,11,13,6,452
6.0,11,13,7,454
6.0,11,13,8,455
6.0,11,13,9,457
6.0,11,13,10,458
6.0,11,13,11,459
6.0,11,13,12,461
6.0,11,13,13,462
6.0,11,13,14,463
6.0,11,13,15,465
6.0,11,14,0,445
6.0,11,14,1,447
6.0,11,14,2,448
6.0,11,14,3,450
6.0,11,14,4,451
6.0,11,14,5,452
6.0,11,14,6,454
6.0,11,14,7,455
6.0,11,14,8,457
6.0,11,14,9,458
6.0,11,14,10,459
6.0,11,14,11,461
6.0,11,14,12,462
6.0,11,14,13,464
6.0,11,14,14,465
6.0,11,14,15,466
6.0,11,15,0,447
6.0,11,15,1,448
6.0,11,15,2,449
6.0,11,15,3,451
6.0,11,15,4,452
6.0,11,15,5,454
6.0,11,15,6,455
6.0,11,15,7,457
6.0,11,15,8,458
6.0,11,15,9,459
6.0,11,15,10,461
6.0,11,15,11,462
6.0,11,15,12,464
6.0,11,15,13,465
6.0,11,15,14,466
6.0,11,15,15,468
6.0,12,0,0,427
6.0,12,0,1,429
6.0,12,0,2,430
6.0,12,0,3,431
6.0,12,0,4,433
6.0,12,0,5,434
6.0,12,0,6,435
6.0,12,0,7,437
6.0,12,0,8,438
6.0,12,0,9,439
6.0,12,0,10,441
6.0,12,0,11,442
6.0,12,0,12,443
6.0,12,0,13,445
6.0,12,0,14,446
6.0,12,0,15,447
6.0,12,1,0,429
6.0,12,1,1,430
6.0,12,1,2,431
6.0,12,1,3,433
6.0,12,1,4,434
6.0,12,1,5,436
6.0,12,1,6,437
6.0,12,1,7,438
6.0,12,1,8,440
6.0,12,1,9,441
6.0,12,1,10,442
6.0,12,1,11,444
6.0,12,1,12,445
6.0,12,1,13,446
6.0,12,1,14,448
6.0,12,1,15,449
6.0,12,2,0,430
6.0,12,2,1,431
6.0,12,2,2,433
6.0,12,2,3,434
6.0,12,2,4,436
6.0,12,2,5,437
6.0,12,2,6,438
6.0,12,2,7,440
6.0,12,2,8,441
6.0,12,2,9,442
6.0,12,2,10,444
6.0,12,2,11,445
6.0,12,2,12,446
6.0,12,2,13,448
6.0,12,2,14,449
6.0,12,2,15,450
6.0,12,3,0,432
6.0,12,3,1,433
6.0,12,3,2,434
6.0,12,3,3,436
6.0,12,3,4,437
6.0,12,3,5,438
6.0,12,3,6,440
6.0,12,3,7,441
6.0,12,3,8,443
6.0,12,3,9,444
6.0,12,3,10,445
6.0,12,3,11,447
6.0,12,3,12,448
6.0,12,3,13,449
6.0,12,3,14,451
6.0,12,3,15,452
6.0,12,4,0,433
6.0,12,4,1,434
6.0,12,4,2,436
6.0,12,4,3,437
6.0,12,4,4,438
6.0,12,4,5,440
6.0,12,4,6,441
6.0,12,4,7,443
6.0,12,4,8,444
6.0,12,4,9,445
6.0,12,4,10,447
6.0,12,4,11,448
6.0,12,4,12,449
6.0,12,4,13,451
6.0,12,4,14,452
6.0,12,4,15,453
6.0,12,5,0,434
6.0,12,5,1,436
6.0,12,5,2,437
6.0,12,5,3,439
6.0,12,5,4,440
6.0,12,5,5,441
6.0,12,5,6,443
6.0,12,5,7,444
6.0,12,5,8,445
6.0,12,5,9,447
6.0,12,5,10,448
6.0,12,5,11,450
6.0,12,5,12,451
6.0,12,5,13,452
6.0,12,5,14,454
6.0,12,5,15,455
6.0,12,6,0,436
6.0,12,6,1,437
6.0,12,6,2,439
6.0,12,6,3,440
6.0,12,6,4,441
6.0,12,6,5,443
6.0,12,6,6,444
6.0,12,6,7,445
6.0,12,6,8,447
6.0,12,6,9,448
6.0,12,6,10,450
6.0,12,6,11,451
6.0,12,6,12,452
6.0,12,6,13,454
6.0,12,6,14,455
6.0,12,6,15,456
6.0,12,7,0,437
6.0,12,7,1,439
6.0,12,7,2,440
6.0,12,7,3,441
6.0,12,7,4,443
6.0,12,7,5,444
6.0,12,7,6,446
6.0,12,7,7,447
6.0,12,7,8,448
6.0,12,7,9,450
6.0,12,7,10,451
6.0,12,7,11,452
6.0,12,7,12,454
6.0,12,7,13,455
6.0,12,7,14,456
6.0,12,7,15,458
6.0,12,8,0,439
6.0,12,8,1,440
6.0,12,8,2,441
6.0,12,8,3,443
6.0,12,8,4,444
6.0,12,8,5,446
6.0,12,8,6,447
6.0,12,8,7,448
6.0,12,8,8,450
6.0,12,8,9,451
6.0,12,8,10,453
6.0,12,8,11,454
6.0,12,8,12,455
6.0,12,8,13,457
6.0,12,8,14,458
6.0,12,8,15,459
6.0,12,9,0,440
6.0,12,9,1,441
6.0,12,9,2,443
6.0,12,9,3,444
6.0,12,9,4,446
6.0,12,9,5,447
6.0,12,9,6,448
6.0,12,9,7,450
6.0,12,9,8,451
6.0,12,9,9,453
6.0,12,9,10,454
6.0,12,9,11,455
6.0,12,9,12,457
6.0,12,9,13,458
6.0,12,9,14,459
6.0,12,9,15,461
6.0,12,10,0,441
6.0,12,10,1,443
6.0,12,10,2,444
6.0,12,10,3,446
6.0,12,10,4,447
6.0,12,10,5,448
6.0,12,10,6,450
6.0,12,10,7,451
6.0,12,10,8,453
6.0,12,10,9,454
6.0,12,10,10,455
6.0,12,10,11,457
6.0,12,10,12,458
6.0,12,10,13,460
6.0,12,10,14,461
6.0,12,10,15,462
6.0,12,11,0,443
6.0,12,11,1,444
6.0,12,11,2,446
6.0,12,11,3,447
6.0,12,11,4,448
6.0,12,11,5,450
6.0,12,11,6,451
6.0,12,11,7,453
6.0,12,11,8,454
6.0,12,11,9,455
6.0,12,11,10,457
6.0,12,11,11,458
6.0,12,11,12,460
6.0,12,11,13,461
6.0,12,11,14,462
6.0,12,11,15,464
6.0,12,12,0,444
6.0,12,12,1,446
6.0,12,12,2,447
6.0,12,12,3,448
6.0,12,12,4,450
6.0,12,12,5,451
6.0,12,12,6,453
6.0,12,12,7,454
6.0,12,12,8,455
6.0,12,12,9,457
6.0,12,12,10,458
6.0,12,12,11,460
6.0,12,12,12,461
6.0,12,12,13,462
6.0,12,12,14,464
6.0,12,12,15,465
6.0,12,13,0,445
6.0,12,13,1,447
6.0,12,13,2,448
6.0,12,13,3,450
6.0,12,13,4,451
6.0,12,13,5,453
6.0,12,13,6,454
6.0,12,13,7,455
6.0,12,13,8,457
6.0,12,13,9,458
6.0,12,13,10,460
6.0,12,13,11,461
6.0,12,13,12,462
6.0,12,13,13,464
6.0,12,13,14,465
6.0,12,13,15,467
6.0,12,14,0,447
6.0,12,14,1,448
6.0,12,14,2,450
6.0,12,14,3,451
6.0,12,14,4,453
6.0,12,14,5,454
6.0,12,14,6,455
6.0,12,14,7,457
6.0,12,14,8,458
6.0,12,14,9,460
6.0,12,14,10,461
6.0,12,14,11,462
6.0,12,14,12,464
6.0,12,14,13,465
6.0,12,14,14,467
6.0,12,14,15,468
6.0,12,15,0,448
6.0,12,15,1,450
6.0,12,15,2,451
6.0,12,15,3,453
6.0,12,15,4,454
6.0,12,15,5,455
6.0,12,15,6,457
6.0,12,15,7,458
6.0,12,15,8,460
6.0,12,15,9,461
6.0,12,15,10,462
6.0,12,15,11,464
6.0,12,15,12,465
6.0,12,15,13,467
6.0,12,15,14,468
6.0,12,15,15,469
6.0,13,0,0,429
6.0,13,0,1,430
6.0,13,0,2,432
6.0,13,0,3,433
6.0,13,0,4,434
6.0,13,0,5,436
6.0,13,0,6,437
6.0,13,0,7,438
6.0,13,0,8,440
6.0,13,0,9,441
6.0,13,0,10,442
6.0,13,0,11,444
6.0,13,0,12,445
6.0,13,0,13,446
6.0,13,0,14,448
6.0,13,0,15,449
6.0,13,1,0,430
6.0,13,1,1,432
6.0,13,1,2,433
6.0,13,1,3,434
6.0,13,1,4,436
6.0,13,1,5,437
6.0,13,1,6,438
6.0,13,1,7,440
6.0,13,1,8,441
6.0,13,1,9,443
6.0,13,1,10,444
6.0,13,1,11,445
6.0,13,1,12,447
6.0,13,1,13,448
6.0,13,1,14,449
6.0,13,1,15,451
6.0,13,2,0,432
6.0,13,2,1,433
6.0,13,2,2,434
6.0,13,2,3,436
6.0,13,2,4,437
6.0,13,2,5,439
6.0,13,2,6,440
6.0,13,2,7,441
6.0,13,2,8,443
6.0,13,2,9,444
6.0,13,2,10,445
6.0,13,2,11,447
6.0,13,2,12,448
6.0,13,2,13,449
6.0,13,2,14,451
6.0,13,2,15,452
6.0,13,3,0,433
6.0,13,3,1,434
6.0,13,3,2,436
6.0,13,3,3,437
6.0,13,3,4,439
6.0,13,3,5,440
6.0,13,3,6,441
6.0,13,3,7,443
6.0,13,3,8,444
6.0,13,3,9,446
6.0,13,3,10,447
6.0,13,3,11,448
6.0,13,3,12,450
6.0,13,3,13,451
6.0,13,3,14,452
6.0,13,3,15,454
6.0,13,4,0,435
6.0,13,4,1,436
6.0,13,4,2,437
6.0,13,4,3,439
6.0,13,4,4,440
6.0,13,4,5,441
6.0,13,4,6,443
6.0,13,4,7,444
6.0,13,4,8,446
6.0,13,4,9,447
6.0,13,4,10,448
6.0,13,4,11,450
6.0,13,4,12,451
6.0,13,4,13,452
6.0,13,4,14,454
6.0,13,4,15,455
6.0,13,5,0,436
6.0,13,5,1,437
6.0,13,5,2,439
6.0,13,5,3,440
6.0,13,5,4,442
6.0,13,5,5,443
6.0,13,5,6,444
6.0,13,5,7,446
6.0,13,5,8,447
6.0,13,5,9,448
6.0,13,5,10,450
6.0,13,5,11,451
6.0,13,5,12,453
6.0,13,5,13,454
6.0,13,5,14,455
6.0,13,5,15,457
6.0,13,6,0,437
6.0,13,6,1,439
6.0,13,6,2,440
6.0,13,6,3,442
6.0,13,6,4,443
6.0,13,6,5,444
6.0,13,6,6,446
6.0,13,6,7,447
6.0,13,6,8,449
6.0,13,6,9,450
6.0,13,6,10,451
6.0,13,6,11,453
6.0,13,6,12,454
6.0,13,6,13,455
6.0,13,6,14,457
6.0,13,6,15,458
6.0,13,7,0,439
6.0,13,7,1,440
6.0,13,7,2,442
6.0,13,7,3,443
6.0,13,7,4,444
6.0,13,7,5,446
6.0,13,7,6,447
6.0,13,7,7,449
6.0,13,7,8,450
6.0,13,7,9,451
6.0,13,7,10,453
6.0,13,7,11,454
6.0,13,7,12,455
6.0,13,7,13,457
6.0,13,7,14,458
6.0,13,7,15,460
6.0,13,8,0,440
6.0,13,8,1,442
6.0,13,8,2,443
6.0,13,8,3,444
6.0,13,8,4,446
6.0,13,8,5,447
6.0,13,8,6,449
6.0,13,8,7,450
6.0,13,8,8,451
6.0,13,8,9,453
6.0,13,8,10,454
6.0,13,8,11,456
6.0,13,8,12,457
6.0,13,8,13,458
6.0,13,8,14,460
6.0,13,8,15,461
6.0,13,9,0,442
6.0,13,9,1,443
6.0,13,9,2,444
6.0,13,9,3,446
6.0,13,9,4,447
6.0,13,9,5,449
6.0,13,9,6,450
6.0,13,9,7,451
6.0,13,9,8,453
6.0,13,9,9,454
6.0,13,9,10,456
6.0,13,9,11,457
6.0,13,9,12,458
6.0,13,9,13,460
6.0,13,9,14,461
6.0,13,9,15,462
6.0,13,10,0,443
6.0,13,10,1,444
6.0,13,10,2,446
6.0,13,10,3,447
6.0,13,10,4,449
6.0,13,10,5,450
6.0,13,10,6,451
6.0,13,10,7,453
6.0,13,10,8,454
6.0,13,10,9,456
6.0,13,10,10,457
6.0,13,10,11,458
6.0,13,10,12,460
6.0,13,10,13,461
6.0,13,10,14,463
6.0,13,10,15,464
6.0,13,11,0,444
6.0,13,11,1,446
6.0,13,11,2,447
6.0,13,11,3,449
6.0,13,11,4,450
6.0,13,11,5,451
6.0,13,11,6,453
6.0,13,11,7,454
6.0,13,11,8,456
6.0,13,11,9,457
6.0,13,11,10,458
6.0,13,11,11,460
6.0,13,11,12,461
6.0,13,11,13,463
6.0,13,11,14,464
6.0,13,11,15,465
6.0,13,12,0,446
6.0,13,12,1,447
6.0,13,12,2,449
6.0,13,12,3,450
6.0,13,12,4,451
6.0,13,12,5,453
6.0,13,12,6,454
6.0,13,12,7,456
6.0,13,12,8,457
6.0,13,12,9,459
6.0,13,12,10,460
6.0,13,12,11,461
6.0,13,12,12,463
6.0,13,12,13,464
6.0,13,12,14,465
6.0,13,12,15,467
6.0,13,13,0,447
6.0,13,13,1,449
6.0,13,13,2,450
6.0,13,13,3,451
6.0,13,13,4,453
6.0,13,13,5,454
6.0,13,13,6,456
6.0,13,13,7,457
6.0,13,13,8,459
6.0,13,13,9,460
6.0,13,13,10,461
6.0,13,13,11,463
6.0,13,13,12,464
6.0,13,13,13,466
6.0,13,13,14,467
6.0,13,13,15,468
6.0,13,14,0,449
6.0,13,14,1,450
6.0,13,14,2,451
6.0,13,14,3,453
6.0,13,14,4,454
6.0,13,14,5,456
6.0,13,14,6,457
6.0,13,14,7,459
6.0,13,14,8,460
6.0,13,14,9,461
6.0,13,14,10,463
6.0,13,14,11,464
6.0,13,14,12,466
6.0,13,14,13,467
6.0,13,14,14,468
6.0,13,14,15,470
6.0,13,15,0,450
6.0,13,15,1,451
6.0,13,15,2,453
6.0,13,15,3,454
6.0,13,15,4,456
6.0,13,15,5,457
6.0,13,15,6,459
6.0,13,15,7,460
6.0,13,15,8,461
6.0,13,15,9,463
6.0,13,15,10,464
6.0,13,15,11,466
6.0,13,15,12,467
6.0,13,15,13,468
6.0,13,15,14,470
6.0,13,15,15,471
6.0,14,0,0,430
6.0,14,0,1,432
6.0,14,0,2,433
6.0,14,0,3,435
6.0,14,0,4,436
6.0,14,0,5,437
6.0,14,0,6,439
6.0,14,0,7,440
6.0,14,0,8,441
6.0,14,0,9,443
6.0,14,0,10,444
6.0,14,0,11,445
6.0,14,0,12,447
6.0,14,0,13,448
6.0,14,0,14,449
6.0,14,0,15,451
6.0,14,1,0,432
6.0,14,1,1,433
6.0,14,1,2,435
6.0,14,1,3,436
6.0,14,1,4,437
6.0,14,1,5,439
6.0,14,1,6,440
6.0,14,1,7,441
6.0,14,1,8,443
6.0,14,1,9,444
6.0,14,1,10,446
6.0,14,1,11,447
6.0,14,1,12,448
6.0,14,1,13,450
6.0,14,1,14,451
6.0,14,1,15,452
6.0,14,2,0,433
6.0,14,2,1,435
6.0,14,2,2,436
6.0,14,2,3,437
6.0,14,2,4,439
6.0,14,2,5,440
6.0,14,2,6,442
6.0,14,2,7,443
6.0,14,2,8,444
6.0,14,2,9,446
6.0,14,2,10,447
6.0,14,2,11,448
6.0,14,2,12,450
6.0,14,2,13,451
6.0,14,2,14,452
6.0,14,2,15,454
6.0,14,3,0,435
6.0,14,3,1,436
6.0,14,3,2,437
6.0,14,3,3,439
6.0,14,3,4,440
6.0,14,3,5,442
6.0,14,3,6,443
6.0,14,3,7,444
6.0,14,3,8,446
6.0,14,3,9,447
6.0,14,3,10,448
6.0,14,3,11,450
6.0,14,3,12,451
6.0,14,3,13,453
6.0,14,3,14,454
6.0,14,3,15,455
6.0,14,4,0,436
6.0,14,4,1,438
6.0,14,4,2,439
6.0,14,4,3,440
6.0,14,4,4,442
6.0,14,4,5,443
6.0,14,4,6,444
6.0,14,4,7,446
6.0,14,4,8,447
6.0,14,4,9,449
6.0,14,4,10,450
6.0,14,4,11,451
6.0,14,4,12,453
6.0,14,4,13,454
6.0,14,4,14,455
6.0,14,4,15,457
6.0,14,5,0,438
6.0,14,5,1,439
6.0,14,5,2,440
6.0,14,5,3,442
6.0,14,5,4,443
6.0,14,5,5,445
6.0,14,5,6,446
6.0,14,5,7,447
6.0,14,5,8,449
6.0,14,5,9,450
6.0,14,5,10,451
6.0,14,5,11,453
6.0,14,5,12,454
6.0,14,5,13,456
6.0,14,5,14,457
6.0,14,5,15,458
6.0,14,6,0,439
6.0,14,6,1,440
6.0,14,6,2,442
6.0,14,6,3,443
6.0,14,6,4,445
6.0,14,6,5,446
6.0,14,6,6,447
6.0,14,6,7,449
6.0,14,6,8,450
6.0,14,6,9,452
6.0,14,6,10,453
6.0,14,6,11,454
6.0,14,6,12,456
6.0,14,6,13,457
6.0,14,6,14,458
6.0,14,6,15,460
6.0,14,7,0,440
6.0,14,7,1,442
6.0,14,7,2,443
6.0,14,7,3,445
6.0,14,7,4,446
6.0,14,7,5,447
6.0,14,7,6,449
6.0,14,7,7,450
6.0,14,7,8,452
6.0,14,7,9,453
6.0,14,7,10,454
6.0,14,7,11,456
6.0,14,7,12,457
6.0,14,7,13,458
6.0,14,7,14,460
6.0,14,7,15,461
6.0,14,8,0,442
6.0,14,8,1,443
6.0,14,8,2,445
6.0,14,8,3,446
6.0,14,8,4,447
6.0,14,8,5,449
6.0,14,8,6,450
6.0,14,8,7,452
6.0,14,8,8,453
6.0,14,8,9,454
6.0,14,8,10,456
6.0,14,8,11,457
6.0,14,8,12,459
6.0,14,8,13,460
6.0,14,8,14,461
6.0,14,8,15,463
6.0,14,9,0,443
6.0,14,9,1,445
6.0,14,9,2,446
6.0,14,9,3,447
6.0,14,9,4,449
6.0,14,9,5,450
6.0,14,9,6,452
6.0,14,9,7,453
6.0,14,9,8,454
6.0,14,9,9,456
6.0,14,9,10,457
6.0,14,9,11,459
6.0,14,9,12,460
6.0,14,9,13,461
6.0,14,9,14,463
6.0,14,9,15,464
6.0,14,10,0,445
6.0,14,10,1,446
6.0,14,10,2,447
6.0,14,10,3,449
6.0,14,10,4,450
6.0,14,10,5,452
6.0,14,10,6,453
6.0,14,10,7,455
6.0,14,10,8,456
6.0,14,10,9,457
6.0,14,10,10,459
6.0,14,10,11,460
6.0,14,10,12,461
6.0,14,10,13,463
6.0,14,10,14,464
6.0,14,10,15,466
6.0,14,11,0,446
6.0,14,11,1,447
6.0,14,11,2,449
6.0,14,11,3,450
6.0,14,11,4,452
6.0,14,11,5,453
6.0,14,11,6,455
6.0,14,11,7,456
6.0,14,11,8,457
6.0,14,11,9,459
6.0,14,11,10,460
6.0,14,11,11,462
6.0,14,11,12,463
6.0,14,11,13,464
6.0,14,11,14,466
6.0,14,11,15,467
6.0,14,12,0,447
6.0,14,12,1,449
6.0,14,12,2,450
6.0,14,12,3,452
6.0,14,12,4,453
6.0,14,12,5,455
6.0,14,12,6,456
6.0,14,12,7,457
6.0,14,12,8,459
6.0,14,12,9,460
6.0,14,12,10,462
6.0,14,12,11,463
6.0,14,12,12,464
6.0,14,12,13,466
6.0,14,12,14,467
6.0,14,12,15,469
6.0,14,13,0,449
6.0,14,13,1,450
6.0,14,13,2,452
6.0,14,13,3,453
6.0,14,13,4,455
6.0,14,13,5,456
6.0,14,13,6,457
6.0,14,13,7,459
6.0,14,13,8,460
6.0,14,13,9,462
6.0,14,13,10,463
6.0,14,13,11,464
6.0,14,13,12,466
6.0,14,13,13,467
6.0,14,13,14,469
6.0,14,13,15,470
6.0,14,14,0,450
6.0,14,14,1,452
6.0,14,14,2,453
6.0,14,14,3,454
6.0,14,14,4,456
6.0,14,14,5,457
6.0,14,14,6,459
6.0,14,14,7,460
6.0,14,14,8,462
6.0,14,14,9,463
6.0,14,14,10,464
6.0,14,14,11,466
6.0,14,14,12,467
6.0,14,14,13,469
6.0,14,14,14,470
6.0,14,14,15,471
6.0,14,15,0,452
6.0,14,15,1,453
6.0,14,15,2,454
6.0,14,15,3,456
6.0,14,15,4,457
6.0,14,15,5,459
6.0,14,15,6,460
6.0,14,15,7,462
6.0,14,15,8,463
6.0,14,15,9,464
6.0,14,15,10,466
6.0,14,15,11,467
6.0,14,15,12,469
6.0,14,15,13,470
6.0,14,15,14,472
6.0,14,15,15,473
6.0,15,0,0,432
6.0,15,0,1,433
6.0,15,0,2,435
6.0,15,0,3,436
6.0,15,0,4,437
6.0,15,0,5,439
6.0,15,0,6,440
6.0,15,0,7,442
6.0,15,0,8,443
6.0,15,0,9,444
6.0,15,0,10,446
6.0,15,0,11,447
6.0,15,0,12,448
6.0,15,0,13,450
6.0,15,0,14,451
6.0,15,0,15,452
6.0,15,1,0,433
6.0,15,1,1,435
6.0,15,1,2,436
6.0,15,1,3,438
6.0,15,1,4,439
6.0,15,1,5,440
6.0,15,1,6,442
6.0,15,1,7,443
6.0,15,1,8,444
6.0,15,1,9,446
6.0,15,1,10,447
6.0,15,1,11,449
6.0,15,1,12,450
6.0,15,1,13,451
6.0,15,1,14,453
6.0,15,1,15,454
6.0,15,2,0,435
6.0,15,2,1,436
6.0,15,2,2,438
6.0,15,2,3,439
6.0,15,2,4,440
6.0,15,2,5,442
6.0,15,2,6,443
6.0,15,2,7,445
6.0,15,2,8,446
6.0,15,2,9,447
6.0,15,2,10,449
6.0,15,2,11,450
6.0,15,2,12,451
6.0,15,2,13,453
6.0,15,2,14,454
6.0,15,2,15,455
6.0,15,3,0,436
6.0,15,3,1,438
6.0,15,3,2,439
6.0,15,3,3,440
6.0,15,3,4,442
6.0,15,3,5,443
6.0,15,3,6,445
6.0,15,3,7,446
6.0,15,3,8,447
6.0,15,3,9,449
6.0,15,3,10,450
6.0,15,3,11,451
6.0,15,3,12,453
6.0,15,3,13,454
6.0,15,3,14,456
6.0,15,3,15,457
6.0,15,4,0,438
6.0,15,4,1,439
6.0,15,4,2,441
6.0,15,4,3,442
6.0,15,4,4,443
6.0,15,4,5,445
6.0,15,4,6,446
6.0,15,4,7,447
6.0,15,4,8,449
6.0,15,4,9,450
6.0,15,4,10,452
6.0,15,4,11,453
6.0,15,4,12,454
6.0,15,4,13,456
6.0,15,4,14,457
6.0,15,4,15,458
6.0,15,5,0,439
6.0,15,5,1,441
6.0,15,5,2,442
6.0,15,5,3,443
6.0,15,5,4,445
6.0,15,5,5,446
6.0,15,5,6,448
6.0,15,5,7,449
6.0,15,5,8,450
6.0,15,5,9,452
6.0,15,5,10,453
6.0,15,5,11,454
6.0,15,5,12,456
6.0,15,5,13,457
6.0,15,5,14,459
6.0,15,5,15,460
6.0,15,6,0,441
6.0,15,6,1,442
6.0,15,6,2,443
6.0,15,6,3,445
6.0,15,6,4,446
6.0,15,6,5,448
6.0,15,6,6,449
6.0,15,6,7,450
6.0,15,6,8,452
6.0,15,6,9,453
6.0,15,6,10,455
6.0,15,6,11,456
6.0,15,6,12,457
6.0,15,6,13,459
6.0,15,6,14,460
6.0,15,6,15,461
6.0,15,7,0,442
6.0,15,7,1,443
6.0,15,7,2,445
6.0,15,7,3,446
6.0,15,7,4,448
6.0,15,7,5,449
6.0,15,7,6,450
6.0,15,7,7,452
6.0,15,7,8,453
6.0,15,7,9,455
6.0,15,7,10,456
6.0,15,7,11,457
6.0,15,7,12,459
6.0,15,7,13,460
6.0,15,7,14,462
6.0,15,7,15,463
6.0,15,8,0,443
6.0,15,8,1,445
6.0,15,8,2,446
6.0,15,8,3,448
6.0,15,8,4,449
6.0,15,8,5,450
6.0,15,8,6,452
6.0,15,8,7,453
6.0,15,8,8,455
6.0,15,8,9,456
6.0,15,8,10,457
6.0,15,8,11,459
6.0,15,8,12,460
6.0,15,8,13,462
6.0,15,8,14,463
6.0,15,8,15,464
6.0,15,9,0,445
6.0,15,9,1,446
6.0,15,9,2,448
6.0,15,9,3,449
6.0,15,9,4,451
6.0,15,9,5,452
6.0,15,9,6,453
6.0,15,9,7,455
6.0,15,9,8,456
6.0,15,9,9,458
6.0,15,9,10,459
6.0,15,9,11,460
6.0,15,9,12,462
6.0,15,9,13,463
6.0,15,9,14,464
6.0,15,9,15,466
6.0,15,10,0,446
6.0,15,10,1,448
6.0,15,10,2,449
6.0,15,10,3,451
6.0,15,10,4,452
6.0,15,10,5,453
6.0,15,10,6,455
6.0,15,10,7,456
6.0,15,10,8,458
6.0,15,10,9,459
6.0,15,10,10,460
6.0,15,10,11,462
6.0,15,10,12,463
6.0,15,10,13,465
6.0,15,10,14,466
6.0,15,10,15,467
6.0,15,11,0,448
6.0,15,11,1,449
6.0,15,11,2,450
6.0,15,11,3,452
6.0,15,11,4,453
6.0,15,11,5,455
6.0,15,11,6,456
6.0,15,11,7,458
6.0,15,11,8,459
6.0,15,11,9,460
6.0,15,11,10,462
6.0,15,11,11,463
6.0,15,11,12,465
6.0,15,11,13,466
6.0,15,11,14,467
6.0,15,11,15,469
6.0,15,12,0,449
6.0,15,12,1,450
6.0,15,12,2,452
6.0,15,12,3,453
6.0,15,12,4,455
6.0,15,12,5,456
6.0,15,12,6,458
6.0,15,12,7,459
6.0,15,12,8,460
6.0,15,12,9,462
6.0,15,12,10,463
6.0,15,12,11,465
6.0,15,12,12,466
6.0,15,12,13,467
6.0,15,12,14,469
6.0,15,12,15,470
6.0,15,13,0,450
6.0,15,13,1,452
6.0,15,13,2,453
6.0,15,13,3,455
6.0,15,13,4,456
6.0,15,13,5,458
6.0,15,13,6,459
6.0,15,13,7,460
6.0,15,13,8,462
6.0,15,13,9,463
6.0,15,13,10,465
6.0,15,13,11,466
6.0,15,13,12,468
6.0,15,13,13,469
6.0,15,13,14,470
6.0,15,13,15,472
6.0,15,14,0,452
6.0,15,14,1,453
6.0,15,14,2,455
6.0,15,14,3,456
6.0,15,14,4,458
6.0,15,14,5,459
6.0,15,14,6,460
6.0,15,14,7,462
6.0,15,14,8,463
6.0,15,14,9,465
6.0,15,14,10,466
6.0,15,14,11,468
6.0,15,14,12,469
6.0,15,14,13,470
6.0,15,14,14,472
6.0,15,14,15,473
6.0,15,15,0,453
6.0,15,15,1,455
6.0,15,15,2,456
6.0,15,15,3,458
6.0,15,15,4,459
6.0,15,15,5,460
6.0,15,15,6,462
6.0,15,15,7,463
6.0,15,15,8,465
6.0,15,15,9,466
6.0,15,15,10,468
6.0,15,15,11,469
6.0,15,15,12,470
6.0,15,15,13,472
6.0,15,15,14,473
6.0,15,15,15,475
6.5,0,0,0,446
6.5,0,0,1,447
6.5,0,0,2,449
6.5,0,0,3,450
6.5,0,0,4,452
6.5,0,0,5,453
6.5,0,0,6,454
6.5,0,0,7,456
6.5,0,0,8,457
6.5,0,0,9,459
6.5,0,0,10,460
6.5,0,0,11,461
6.5,0,0,12,463
6.5,0,0,13,464
6.5,0,0,14,466
6.5,0,0,15,467
6.5,0,1,0,447
6.5,0,1,1,449
6.5,0,1,2,450
6.5,0,1,3,452
6.5,0,1,4,453
6.5,0,1,5,454
6.5,0,1,6,456
6.5,0,1,7,457
6.5,0,1,8,459
6.5,0,1,9,460
6.5,0,1,10,462
6.5,0,1,11,463
6.5,0,1,12,464
6.5,0,1,13,466
6.5,0,1,14,467
6.5,0,1,15,468
6.5,0,2,0,449
6.5,0,2,1,450
6.5,0,2,2,452
6.5,0,2,3,453
6.5,0,2,4,455
6.5,0,2,5,456
6.5,0,2,6,457
6.5,0,2,7,459
6.5,0,2,8,460
6.5,0,2,9,462
6.5,0,2,10,463
6.5,0,2,11,464
6.5,0,2,12,466
6.5,0,2,13,467
6.5,0,2,14,469
6.5,0,2,15,470
6.5,0,3,0,450
6.5,0,3,1,452
6.5,0,3,2,453
6.5,0,3,3,455
6.5,0,3,4,456
6.5,0,3,5,457
6.5,0,3,6,459
6.5,0,3,7,460
6.5,0,3,8,462
6.5,0,3,9,463
6.5,0,3,10,465
6.5,0,3,11,466
6.5,0,3,12,467
6.5,0,3,13,469
6.5,0,3,14,470
6.5,0,3,15,472
6.5,0,4,0,452
6.5,0,4,1,453
6.5,0,4,2,455
6.5,0,4,3,456
6.5,0,4,4,458
6.5,0,4,5,459
6.5,0,4,6,460
6.5,0,4,7,462
6.5,0,4,8,463
6.5,0,4,9,465
6.5,0,4,10,466
6.5,0,4,11,468
6.5,0,4,12,469
6.5,0,4,13,470
6.5,0,4,14,472
6.5,0,4,15,473
6.5,0,5,0,453
6.5,0,5,1,455
6.5,0,5,2,456
6.5,0,5,3,458
6.5,0,5,4,459
6.5,0,5,5,461
6.5,0,5,6,462
6.5,0,5,7,463
6.5,0,5,8,465
6.5,0,5,9,466
6.5,0,5,10,468
6.5,0,5,11,469
6.5,0,5,12,470
6.5,0,5,13,472
6.5,0,5,14,473
6.5,0,5,15,475
6.5,0,6,0,455
6.5,0,6,1,456
6.5,0,6,2,458
6.5,0,6,3,459
6.5,0,6,4,461
6.5,0,6,5,462
6.5,0,6,6,463
6.5,0,6,7,465
6.5,0,6,8,466
6.5,0,6,9,468
6.5,0,6,10,469
6.5,0,6,11,471
6.5,0,6,12,472
6.5,0,6,13,473
6.5,0,6,14,475
6.5,0,6,15,476
6.5,0,7,0,456
6.5,0,7,1,458
6.5,0,7,2,459
6.5,0,7,3,461
6.5,0,7,4,462
6.5,0,7,5,463
6.5,0,7,6,465
6.5,0,7,7,466
6.5,0,7,8,468
6.5,0,7,9,469
6.5,0,7,10,471
6.5,0,7,11,472
6.5,0,7,12,474
6.5,0,7,13,475
6.5,0,7,14,476
6.5,0,7,15,478
6.5,0,8,0,458
6.5,0,8,1,459
6.5,0,8,2,461
6.5,0,8,3,462
6.5,0,8,4,464
6.5,0,8,5,465
6.5,0,8,6,466
6.5,0,8,7,468
6.5,0,8,8,469
6.5,0,8,9,471
6.5,0,8,10,472
6.5,0,8,11,474
6.5,0,8,12,475
6.5,0,8,13,476
6.5,0,8,14,478
6.5,0,8,15,479
6.5,0,9,0,459
6.5,0,9,1,461
6.5,0,9,2,462
6.5,0,9,3,464
6.5,0,9,4,465
6.5,0,9,5,466
6.5,0,9,6,468
6.5,0,9,7,469
6.5,0,9,8,471
6.5,0,9,9,472
6.5,0,9,10,474
6.5,0,9,11,475
6.5,0,9,12,477
6.5,0,9,13,478
6.5,0,9,14,479
6.5,0,9,15,481
6.5,0,10,0,461
6.5,0,10,1,462
6.5,0,10,2,464
6.5,0,10,3,465
6.5,0,10,4,466
6.5,0,10,5,468
6.5,0,10,6,469
6.5,0,10,7,471
6.5,0,10,8,472
6.5,0,10,9,474
6.5,0,10,10,475
6.5,0,10,11,477
6.5,0,10,12,478
6.5,0,10,13,479
6.5,0,10,14,481
6.5,0,10,15,482
6.5,0,11,0,462
6.5,0,11,1,463
6.5,0,11,2,465
6.5,0,11,3,466
6.5,0,11,4,468
6.5,0,11,5,469
6.5,0,11,6,471
6.5,0,11,7,472
6.5,0,11,8,474
6.5,0,11,9,475
6.5,0,11,10,477
6.5,0,11,11,478
6.5,0,11,12,480
6.5,0,11,13,481
6.5,0,11,14,482
6.5,0,11,15,484
6.5,0,12,0,463
6.5,0,12,1,465
6.5,0,12,2,466
6.5,0,12,3,468
6.5,0,12,4,469
6.5,0,12,5,471
6.5,0,12,6,472
6.5,0,12,7,474
6.5,0,12,8,475
6.5,0,12,9,477
6.5,0,12,10,478
6.5,0,12,11,480
6.5,0,12,12,481
6.5,0,12,13,483
6.5,0,12,14,484
6.5,0,12,15,485
6.5,0,13,0,465
6.5,0,13,1,466
6.5,0,13,2,468
6.5,0,13,3,469
6.5,0,13,4,471
6.5,0,13,5,472
6.5,0,13,6,474
6.5,0,13,7,475
6.5,0,13,8,477
6.5,0,13,9,478
6.5,0,13,10,480
6.5,0,13,11,481
6.5,0,13,12,483
6.5,0,13,13,484
6.5,0,13,14,485
6.5,0,13,15,487
6.5,0,14,0,466
6.5,0,14,1,468
6.5,0,14,2,469
6.5,0,14,3,471
6.5,0,14,4,472
6.5,0,14,5,474
6.5,0,14,6,475
6.5,0,14,7,477
6.5,0,14,8,478
6.5,0,14,9,480
6.5,0,14,10,481
6.5,0,14,11,483
6.5,0,14,12,484
6.5,0,14,13,485
6.5,0,14,14,487
6.5,0,14,15,488
6.5,0,15,0,468
6.5,0,15,1,469
6.5,0,15,2,471
6.5,0,15,3,472
6.5,0,15,4,474
6.5,0,15,5,475
6.5,0,15,6,477
6.5,0,15,7,478
6.5,0,15,8,480
6.5,0,15,9,481
6.5,0,15,10,483
6.5,0,15,11,484
6.5,0,15,12,486
6.5,0,15,13,487
6.5,0,15,14,488
6.5,0,15,15,490
6.5,1,0,0,448
6.5,1,0,1,449
6.5,1,0,2,450
6.5,1,0,3,452
6.5,1,0,4,453
6.5,1,0,5,455
6.5,1,0,6,456
6.5,1,0,7,458
6.5,1,0,8,459
6.5,1,0,9,460
6.5,1,0,10,462
6.5,1,0,11,463
6.5,1,0,12,465
6.5,1,0,13,466
6.5,1,0,14,467
6.5,1,0,15,469
6.5,1,1,0,449
6.5,1,1,1,450
6.5,1,1,2,452
6.5,1,1,3,453
6.5,1,1,4,455
6.5,1,1,5,456
6.5,1,1,6,458
6.5,1,1,7,459
6.5,1,1,8,460
6.5,1,1,9,462
6.5,1,1,10,463
6.5,1,1,11,465
6.5,1,1,12,466
6.5,1,1,13,467
6.5,1,1,14,469
6.5,1,1,15,470
6.5,1,2,0,451
6.5,1,2,1,452
6.5,1,2,2,453
6.5,1,2,3,455
6.5,1,2,4,456
6.5,1,2,5,458
6.5,1,2,6,459
6.5,1,2,7,461
6.5,1,2,8,462
6.5,1,2,9,463
6.5,1,2,10,465
6.5,1,2,11,466
6.5,1,2,12,468
6.5,1,2,13,469
6.5,1,2,14,470
6.5,1,2,15,472
6.5,1,3,0,452
6.5,1,3,1,453
6.5,1,3,2,455
6.5,1,3,3,456
6.5,1,3,4,458
6.5,1,3,5,459
6.5,1,3,6,461
6.5,1,3,7,462
6.5,1,3,8,464
6.5,1,3,9,465
6.5,1,3,10,466
6.5,1,3,11,468
6.5,1,3,12,469
6.5,1,3,13,471
6.5,1,3,14,472
6.5,1,3,15,473
6.5,1,4,0,453
6.5,1,4,1,455
6.5,1,4,2,456
6.5,1,4,3,458
6.5,1,4,4,459
6.5,1,4,5,461
6.5,1,4,6,462
6.5,1,4,7,464
6.5,1,4,8,465
6.5,1,4,9,466
6.5,1,4,10,468
6.5,1,4,11,469
6.5,1,4,12,471
6.5,1,4,13,472
6.5,1,4,14,474
6.5,1,4,15,475
6.5,1,5,0,455
6.5,1,5,1,456
6.5,1,5,2,458
6.5,1,5,3,459
6.5,1,5,4,461
6.5,1,5,5,462
6.5,1,5,6,464
6.5,1,5,7,465
6.5,1,5,8,467
6.5,1,5,9,468
6.5,1,5,10,469
6.5,1,5,11,471
6.5,1,5,12,472
6.5,1,5,13,474
6.5,1,5,14,475
6.5,1,5,15,477
6.5,1,6,0,456
6.5,1,6,1,458
6.5,1,6,2,459
6.5,1,6,3,461
6.5,1,6,4,462
6.5,1,6,5,464
6.5,1,6,6,465
6.5,1,6,7,467
6.5,1,6,8,468
6.5,1,6,9,470
6.5,1,6,10,471
6.5,1,6,11,472
6.5,1,6,12,474
6.5,1,6,13,475
6.5,1,6,14,477
6.5,1,6,15,478
6.5,1,7,0,458
6.5,1,7,1,459
6.5,1,7,2,461
6.5,1,7,3,462
6.5,1,7,4,464
6.5,1,7,5,465
6.5,1,7,6,467
6.5,1,7,7,468
6.5,1,7,8,470
6.5,1,7,9,471
6.5,1,7,10,472
6.5,1,7,11,474
6.5,1,7,12,475
6.5,1,7,13,477
6.5,1,7,14,478
6.5,1,7,15,480
6.5,1,8,0,459
6.5,1,8,1,461
6.5,1,8,2,462
6.5,1,8,3,464
6.5,1,8,4,465
6.5,1,8,5,467
6.5,1,8,6,468
6.5,1,8,7,470
6.5,1,8,8,471
6.5,1,8,9,473
6.5,1,8,10,474
6.5,1,8,11,475
6.5,1,8,12,477
6.5,1,8,13,478
6.5,1,8,14,480
6.5,1,8,15,481
6.5,1,9,0,461
6.5,1,9,1,462
6.5,1,9,2,464
6.5,1,9,3,465
6.5,1,9,4,467
6.5,1,9,5,468
6.5,1,9,6,470
6.5,1,9,7,471
6.5,1,9,8,473
6.5,1,9,9,474
6.5,1,9,10,476
6.5,1,9,11,477
6.5,1,9,12,478
6.5,1,9,13,480
6.5,1,9,14,481
6.5,1,9,15,483
6.5,1,10,0,462
6.5,1,10,1,464
6.5,1,10,2,465
6.5,1,10,3,467
6.5,1,10,4,468
6.5,1,10,5,470
6.5,1,10,6,471
6.5,1,10,7,473
6.5,1,10,8,474
6.5,1,10,9,476
6.5,1,10,10,477
6.5,1,10,11,478
6.5,1,10,12,480
6.5,1,10,13,481
6.5,1,10,14,483
6.5,1,10,15,484
6.5,1,11,0,464
6.5,1,11,1,465
6.5,1,11,2,467
6.5,1,11,3,468
6.5,1,11,4,470
6.5,1,11,5,471
6.5,1,11,6,473
6.5,1,11,7,474
6.5,1,11,8,476
6.5,1,11,9,477
6.5,1,11,10,479
6.5,1,11,11,480
6.5,1,11,12,481
6.5,1,11,13,483
6.5,1,11,14,484
6.5,1,11,15,486
6.5,1,12,0,465
6.5,1,12,1,467
6.5,1,12,2,468
6.5,1,12,3,470
6.5,1,12,4,471
6.5,1,12,5,473
6.5,1,12,6,474
6.5,1,12,7,476
6.5,1,12,8,477
6.5,1,12,9,479
6.5,1,12,10,480
6.5,1,12,11,481
6.5,1,12,12,483
6.5,1,12,13,484
6.5,1,12,14,486
6.5,1,12,15,487
6.5,1,13,0,467
6.5,1,13,1,468
6.5,1,13,2,470
6.5,1,13,3,471
6.5,1,13,4,473
6.5,1,13,5,474
6.5,1,13,6,476
6.5,1,13,7,477
6.5,1,13,8,479
6.5,1,13,9,480
6.5,1,13,10,481
6.5,1,13,11,483
6.5,1,13,12,484
6.5,1,13,13,486
6.5,1,13,14,487
6.5,1,13,15,489
6.5,1,14,0,468
6.5,1,14,1,470
6.5,1,14,2,471
6.5,1,14,3,473
6.5,1,14,4,474
6.5,1,14,5,476
6.5,1,14,6,477
6.5,1,14,7,479
6.5,1,14,8,480
6.5,1,14,9,482
6.5,1,14,10,483
6.5,1,14,11,484
6.5,1,14,12,486
6.5,1,14,13,487
6.5,1,14,14,489
6.5,1,14,15,490
6.5,1,15,0,470
6.5,1,15,1,471
6.5,1,15,2,473
6.5,1,15,3,474
6.5,1,15,4,476
6.5,1,15,5,477
6.5,1,15,6,479
6.5,1,15,7,480
6.5,1,15,8,482
6.5,1,15,9,483
6.5,1,15,10,484
6.5,1,15,11,486
6.5,1,15,12,487
6.5,1,15,13,489
6.5,1,15,14,490
6.5,1,15,15,492
6.5,2,0,0,449
6.5,2,0,1,451
6.5,2,0,2,452
6.5,2,0,3,454
6.5,2,0,4,455
6.5,2,0,5,456
6.5,2,0,6,458
6.5,2,0,7,459
6.5,2,0,8,461
6.5,2,0,9,462
6.5,2,0,10,464
6.5,2,0,11,465
6.5,2,0,12,466
6.5,2,0,13,468
6.5,2,0,14,469
6.5,2,0,15,470
6.5,2,1,0,451
6.5,2,1,1,452
6.5,2,1,2,454
6.5,2,1,3,455
6.5,2,1,4,457
6.5,2,1,5,458
6.5,2,1,6,459
6.5,2,1,7,461
6.5,2,1,8,462
6.5,2,1,9,464
6.5,2,1,10,465
6.5,2,1,11,466
6.5,2,1,12,468
6.5,2,1,13,469
6.5,2,1,14,471
6.5,2,1,15,472
6.5,2,2,0,452
6.5,2,2,1,454
6.5,2,2,2,455
6.5,2,2,3,457
6.5,2,2,4,458
6.5,2,2,5,459
6.5,2,2,6,461
6.5,2,2,7,462
6.5,2,2,8,464
6.5,2,2,9,465
6.5,2,2,10,467
6.5,2,2,11,468
6.5,2,2,12,469
6.5,2,2,13,471
6.5,2,2,14,472
6.5,2,2,15,474
6.5,2,3,0,454
6.5,2,3,1,455
6.5,2,3,2,457
6.5,2,3,3,458
6.5,2,3,4,460
6.5,2,3,5,461
6.5,2,3,6,462
6.5,2,3,7,464
6.5,2,3,8,465
6.5,2,3,9,467
6.5,2,3,10,468
6.5,2,3,11,470
6.5,2,3,12,471
6.5,2,3,13,472
6.5,2,3,14,474
6.5,2,3,15,475
6.5,2,4,0,455
6.5,2,4,1,457
6.5,2,4,2,458
6.5,2,4,3,460
6.5,2,4,4,461
6.5,2,4,5,463
6.5,2,4,6,464
6.5,2,4,7,465
6.5,2,4,8,467
6.5,2,4,9,468
6.5,2,4,10,470
6.5,2,4,11,471
6.5,2,4,12,473
6.5,2,4,13,474
6.5,2,4,14,475
6.5,2,4,15,477
6.5,2,5,0,457
6.5,2,5,1,458
6.5,2,5,2,460
6.5,2,5,3,461
6.5,2,5,4,463
6.5,2,5,5,464
6.5,2,5,6,465
6.5,2,5,7,467
6.5,2,5,8,468
6.5,2,5,9,470
6.5,2,5,10,471
6.5,2,5,11,473
6.5,2,5,12,474
6.5,2,5,13,476
6.5,2,5,14,477
6.5,2,5,15,478
6.5,2,6,0,458
6.5,2,6,1,460
6.5,2,6,2,461
6.5,2,6,3,463
6.5,2,6,4,464
6.5,2,6,5,466
6.5,2,6,6,467
6.5,2,6,7,468
6.5,2,6,8,470
6.5,2,6,9,471
6.5,2,6,10,473
6.5,2,6,11,474
6.5,2,6,12,476
6.5,2,6,13,477
6.5,2,6,14,478
6.5,2,6,15,480
6.5,2,7,0,460
6.5,2,7,1,461
6.5,2,7,2,463
6.5,2,7,3,464
6.5,2,7,4,466
6.5,2,7,5,467
6.5,2,7,6,469
6.5,2,7,7,470
6.5,2,7,8,471
6.5,2,7,9,473
6.5,2,7,10,474
6.5,2,7,11,476
6.5,2,7,12,477
6.5,2,7,13,479
6.5,2,7,14,480
6.5,2,7,15,481
6.5,2,8,0,461
6.5,2,8,1,463
6.5,2,8,2,464
6.5,2,8,3,466
6.5,2,8,4,467
6.5,2,8,5,469
6.5,2,8,6,470
6.5,2,8,7,471
6.5,2,8,8,473
6.5,2,8,9,474
6.5,2,8,10,476
6.5,2,8,11,477
6.5,2,8,12,479
6.5,2,8,13,480
6.5,2,8,14,482
6.5,2,8,15,483
6.5,2,9,0,463
6.5,2,9,1,464
6.5,2,9,2,466
6.5,2,9,3,467
6.5,2,9,4,469
6.5,2,9,5,470
6.5,2,9,6,471
6.5,2,9,7,473
6.5,2,9,8,474
6.5,2,9,9,476
6.5,2,9,10,477
6.5,2,9,11,479
6.5,2,9,12,480
6.5,2,9,13,482
6.5,2,9,14,483
6.5,2,9,15,485
6.5,2,10,0,464
6.5,2,10,1,466
6.5,2,10,2,467
6.5,2,10,3,469
6.5,2,10,4,470
6.5,2,10,5,472
6.5,2,10,6,473
6.5,2,10,7,474
6.5,2,10,8,476
6.5,2,10,9,477
6.5,2,10,10,479
6.5,2,10,11,480
6.5,2,10,12,482
6.5,2,10,13,483
6.5,2,10,14,485
6.5,2,10,15,486
6.5,2,11,0,466
6.5,2,11,1,467
6.5,2,11,2,469
6.5,2,11,3,470
6.5,2,11,4,472
6.5,2,11,5,473
6.5,2,11,6,474
6.5,2,11,7,476
6.5,2,11,8,477
6.5,2,11,9,479
6.5,2,11,10,480
6.5,2,11,11,482
6.5,2,11,12,483
6.5,2,11,13,485
6.5,2,11,14,486
6.5,2,11,15,488
6.5,2,12,0,467
6.5,2,12,1,469
6.5,2,12,2,470
6.5,2,12,3,471
6.5,2,12,4,473
6.5,2,12,5,474
6.5,2,12,6,476
6.5,2,12,7,477
6.5,2,12,8,479
6.5,2,12,9,480
6.5,2,12,10,482
6.5,2,12,11,483
6.5,2,12,12,485
6.5,2,12,13,486
6.5,2,12,14,488
6.5,2,12,15,489
6.5,2,13,0,468
6.5,2,13,1,470
6.5,2,13,2,471
6.5,2,13,3,473
6.5,2,13,4,474
6.5,2,13,5,476
6.5,2,13,6,477
6.5,2,13,7,479
6.5,2,13,8,480
6.5,2,13,9,482
6.5,2,13,10,483
6.5,2,13,11,485
6.5,2,13,12,486
6.5,2,13,13,488
6.5,2,13,14,489
6.5,2,13,15,491
6.5,2,14,0,470
6.5,2,14,1,471
6.5,2,14,2,473
6.5,2,14,3,474
6.5,2,14,4,476
6.5,2,14,5,477
6.5,2,14,6,479
6.5,2,14,7,480
6.5,2,14,8,482
6.5,2,14,9,483
6.5,2,14,10,485
6.5,2,14,11,486
6.5,2,14,12,488
6.5,2,14,13,489
6.5,2,14,14,491
6.5,2,14,15,492
6.5,2,15,0,471
6.5,2,15,1,473
6.5,2,15,2,474
6.5,2,15,3,476
6.5,2,15,4,477
6.5,2,15,5,479
6.5,2,15,6,480
6.5,2,15,7,482
6.5,2,15,8,483
6.5,2,15,9,485
6.5,2,15,10,486
6.5,2,15,11,488
6.5,2,15,12,489
6.5,2,15,13,491
6.5,2,15,14,492
6.5,2,15,15,494
6.5,3,0,0,451
6.5,3,0,1,452
6.5,3,0,2,454
6.5,3,0,3,455
6.5,3,0,4,457
6.5,3,0,5,458
6.5,3,0,6,460
6.5,3,0,7,461
6.5,3,0,8,462
6.5,3,0,9,464
6.5,3,0,10,465
6.5,3,0,11,467
6.5,3,0,12,468
6.5,3,0,13,469
6.5,3,0,14,471
6.5,3,0,15,472
6.5,3,1,0,452
6.5,3,1,1,454
6.5,3,1,2,455
6.5,3,1,3,457
6.5,3,1,4,458
6.5,3,1,5,460
6.5,3,1,6,461
6.5,3,1,7,463
6.5,3,1,8,464
6.5,3,1,9,465
6.5,3,1,10,467
6.5,3,1,11,468
6.5,3,1,12,470
6.5,3,1,13,471
6.5,3,1,14,472
6.5,3,1,15,474
6.5,3,2,0,454
6.5,3,2,1,455
6.5,3,2,2,457
6.5,3,2,3,458
6.5,3,2,4,460
6.5,3,2,5,461
6.5,3,2,6,463
6.5,3,2,7,464
6.5,3,2,8,466
6.5,3,2,9,467
6.5,3,2,10,468
6.5,3,2,11,470
6.5,3,2,12,471
6.5,3,2,13,473
6.5,3,2,14,474
6.5,3,2,15,475
6.5,3,3,0,455
6.5,3,3,1,457
6.5,3,3,2,458
6.5,3,3,3,460
6.5,3,3,4,461
6.5,3,3,5,463
6.5,3,3,6,464
6.5,3,3,7,466
6.5,3,3,8,467
6.5,3,3,9,469
6.5,3,3,10,470
6.5,3,3,11,471
6.5,3,3,12,473
6.5,3,3,13,474
6.5,3,3,14,476
6.5,3,3,15,477
6.5,3,4,0,457
6.5,3,4,1,458
6.5,3,4,2,460
6.5,3,4,3,461
6.5,3,4,4,463
6.5,3,4,5,464
6.5,3,4,6,466
6.5,3,4,7,467
6.5,3,4,8,469
6.5,3,4,9,470
6.5,3,4,10,471
6.5,3,4,11,473
6.5,3,4,12,474
6.5,3,4,13,476
6.5,3,4,14,477
6.5,3,4,15,479
6.5,3,5,0,458
6.5,3,5,1,460
6.5,3,5,2,461
6.5,3,5,3,463
6.5,3,5,4,464
6.5,3,5,5,466
6.5,3,5,6,467
6.5,3,5,7,469
6.5,3,5,8,470
6.5,3,5,9,472
6.5,3,5,10,473
6.5,3,5,11,474
6.5,3,5,12,476
6.5,3,5,13,477
6.5,3,5,14,479
6.5,3,5,15,480
6.5,3,6,0,460
6.5,3,6,1,461
6.5,3,6,2,463
6.5,3,6,3,464
6.5,3,6,4,466
6.5,3,6,5,467
6.5,3,6,6,469
6.5,3,6,7,470
6.5,3,6,8,472
6.5,3,6,9,473
6.5,3,6,10,475
6.5,3,6,11,476
6.5,3,6,12,477
6.5,3,6,13,479
6.5,3,6,14,480
6.5,3,6,15,482
6.5,3,7,0,461
6.5,3,7,1,463
6.5,3,7,2,464
6.5,3,7,3,466
6.5,3,7,4,467
6.5,3,7,5,469
6.5,3,7,6,470
6.5,3,7,7,472
6.5,3,7,8,473
6.5,3,7,9,475
6.5,3,7,10,476
6.5,3,7,11,478
6.5,3,7,12,479
6.5,3,7,13,480
6.5,3,7,14,482
6.5,3,7,15,483
6.5,3,8,0,463
6.5,3,8,1,464
6.5,3,8,2,466
6.5,3,8,3,467
6.5,3,8,4,469
6.5,3,8,5,470
6.5,3,8,6,472
6.5,3,8,7,473
6.5,3,8,8,475
6.5,3,8,9,476
6.5,3,8,10,478
6.5,3,8,11,479
6.5,3,8,12,481
6.5,3,8,13,482
6.5,3,8,14,483
6.5,3,8,15,485
6.5,3,9,0,464
6.5,3,9,1,466
6.5,3,9,2,467
6.5,3,9,3,469
6.5,3,9,4,470
6.5,3,9,5,472
6.5,3,9,6,473
6.5,3,9,7,475
6.5,3,9,8,476
6.5,3,9,9,478
6.5,3,9,10,479
6.5,3,9,11,481
6.5,3,9,12,482
6.5,3,9,13,483
6.5,3,9,14,485
6.5,3,9,15,486
6.5,3,10,0,466
6.5,3,10,1,467
6.5,3,10,2,469
6.5,3,10,3,470
6.5,3,10,4,472
6.5,3,10,5,473
6.5,3,10,6,475
6.5,3,10,7,476
6.5,3,10,8,478
6.5,3,10,9,479
6.5,3,10,10,481
6.5,3,10,11,482
6.5,3,10,12,484
6.5,3,10,13,485
6.5,3,10,14,486
6.5,3,10,15,488
6.5,3,11,0,467
6.5,3,11,1,469
6.5,3,11,2,470
6.5,3,11,3,472
6.5,3,11,4,473
6.5,3,11,5,475
6.5,3,11,6,476
6.5,3,11,7,478
6.5,3,11,8,479
6.5,3,11,9,481
6.5,3,11,10,482
6.5,3,11,11,484
6.5,3,11,12,485
6.5,3,11,13,487
6.5,3,11,14,488
6.5,3,11,15,489
6.5,3,12,0,469
6.5,3,12,1,470
6.5,3,12,2,472
6.5,3,12,3,473
6.5,3,12,4,475
6.5,3,12,5,476
6.5,3,12,6,478
6.5,3,12,7,479
6.5,3,12,8,481
6.5,3,12,9,482
6.5,3,12,10,484
6.5,3,12,11,485
6.5,3,12,12,487
6.5,3,12,13,488
6.5,3,12,14,490
6.5,3,12,15,491
6.5,3,13,0,470
6.5,3,13,1,472
6.5,3,13,2,473
6.5,3,13,3,475
6.5,3,13,4,476
6.5,3,13,5,478
6.5,3,13,6,479
6.5,3,13,7,481
6.5,3,13,8,482
6.5,3,13,9,484
6.5,3,13,10,485
6.5,3,13,11,487
6.5,3,13,12,488
6.5,3,13,13,490
6.5,3,13,14,491
6.5,3,13,15,492
6.5,3,14,0,472
6.5,3,14,1,473
6.5,3,14,2,475
6.5,3,14,3,476
6.5,3,14,4,478
6.5,3,14,5,479
6.5,3,14,6,481
6.5,3,14,7,482
6.5,3,14,8,484
6.5,3,14,9,485
6.5,3,14,10,487
6.5,3,14,11,488
6.5,3,14,12,490
6.5,3,14,13,491
6.5,3,14,14,493
6.5,3,14,15,494
6.5,3,15,0,473
6.5,3,15,1,475
6.5,3,15,2,476
6.5,3,15,3,478
6.5,3,15,4,479
6.5,3,15,5,481
6.5,3,15,6,482
6.5,3,15,7,484
6.5,3,15,8,485
6.5,3,15,9,487
6.5,3,15,10,488
6.5,3,15,11,490
6.5,3,15,12,491
6.5,3,15,13,493
6.5,3,15,14,494
6.5,3,15,15,496
6.5,4,0,0,453
6.5,4,0,1,454
6.5,4,0,2,456
6.5,4,0,3,457
6.5,4,0,4,458
6.5,4,0,5,460
6.5,4,0,6,461
6.5,4,0,7,463
6.5,4,0,8,464
6.5,4,0,9,466
6.5,4,0,10,467
6.5,4,0,11,468
6.5,4,0,12,470
6.5,4,0,13,471
6.5,4,0,14,473
6.5,4,0,15,474
6.5,4,1,0,454
6.5,4,1,1,456
6.5,4,1,2,457
6.5,4,1,3,459
6.5,4,1,4,460
6.5,4,1,5,461
6.5,4,1,6,463
6.5,4,1,7,464
6.5,4,1,8,466
6.5,4,1,9,467
6.5,4,1,10,469
6.5,4,1,11,470
6.5,4,1,12,471
6.5,4,1,13,473
6.5,4,1,14,474
6.5,4,1,15,476
6.5,4,2,0,456
6.5,4,2,1,457
6.5,4,2,2,459
6.5,4,2,3,460
6.5,4,2,4,462
6.5,4,2,5,463
6.5,4,2,6,464
6.5,4,2,7,466
6.5,4,2,8,467
6.5,4,2,9,469
6.5,4,2,10,470
6.5,4,2,11,472
6.5,4,2,12,473
6.5,4,2,13,474
6.5,4,2,14,476
6.5,4,2,15,477
6.5,4,3,0,457
6.5,4,3,1,459
6.5,4,3,2,460
6.5,4,3,3,462
6.5,4,3,4,463
6.5,4,3,5,465
6.5,4,3,6,466
6.5,4,3,7,467
6.5,4,3,8,469
6.5,4,3,9,470
6.5,4,3,10,472
6.5,4,3,11,473
6.5,4,3,12,475
6.5,4,3,13,476
6.5,4,3,14,477
6.5,4,3,15,479
6.5,4,4,0,459
6.5,4,4,1,460
6.5,4,4,2,462
6.5,4,4,3,463
6.5,4,4,4,465
6.5,4,4,5,466
6.5,4,4,6,468
6.5,4,4,7,469
6.5,4,4,8,470
6.5,4,4,9,472
6.5,4,4,10,473
6.5,4,4,11,475
6.5,4,4,12,476
6.5,4,4,13,478
6.5,4,4,14,479
6.5,4,4,15,480
6.5,4,5,0,460
6.5,4,5,1,462
6.5,4,5,2,463
6.5,4,5,3,465
6.5,4,5,4,466
6.5,4,5,5,468
6.5,4,5,6,469
6.5,4,5,7,470
6.5,4,5,8,472
6.5,4,5,9,473
6.5,4,5,10,475
6.5,4,5,11,476
6.5,4,5,12,478
6.5,4,5,13,479
6.5,4,5,14,481
6.5,4,5,15,482
6.5,4,6,0,462
6.5,4,6,1,463
6.5,4,6,2,465
6.5,4,6,3,466
6.5,4,6,4,468
6.5,4,6,5,469
6.5,4,6,6,471
6.5,4,6,7,472
6.5,4,6,8,473
6.5,4,6,9,475
6.5,4,6,10,476
6.5,4,6,11,478
6.5,4,6,12,479
6.5,4,6,13,481
6.5,4,6,14,482
6.5,4,6,15,484
6.5,4,7,0,463
6.5,4,7,1,465
6.5,4,7,2,466
6.5,4,7,3,468
6.5,4,7,4,469
6.5,4,7,5,471
6.5,4,7,6,472
6.5,4,7,7,474
6.5,4,7,8,475
6.5,4,7,9,476
6.5,4,7,10,478
6.5,4,7,11,479
6.5,4,7,12,481
6.5,4,7,13,482
6.5,4,7,14,484
6.5,4,7,15,485
6.5,4,8,0,465
6.5,4,8,1,466
6.5,4,8,2,468
6.5,4,8,3,469
6.5,4,8,4,471
6.5,4,8,5,472
6.5,4,8,6,474
6.5,4,8,7,475
6.5,4,8,8,477
6.5,4,8,9,478
6.5,4,8,10,479
6.5,4,8,11,481
6.5,4,8,12,482
6.5,4,8,13,484
6.5,4,8,14,485
6.5,4,8,15,487
6.5,4,9,0,466
6.5,4,9,1,468
6.5,4,9,2,469
6.5,4,9,3,471
6.5,4,9,4,472
6.5,4,9,5,474
6.5,4,9,6,475
6.5,4,9,7,477
6.5,4,9,8,478
6.5,4,9,9,479
6.5,4,9,10,481
6.5,4,9,11,482
6.5,4,9,12,484
6.5,4,9,13,485
6.5,4,9,14,487
6.5,4,9,15,488
6.5,4,10,0,468
6.5,4,10,1,469
6.5,4,10,2,471
6.5,4,10,3,472
6.5,4,10,4,474
6.5,4,10,5,475
6.5,4,10,6,477
6.5,4,10,7,478
6.5,4,10,8,480
6.5,4,10,9,481
6.5,4,10,10,482
6.5,4,10,11,484
6.5,4,10,12,485
6.5,4,10,13,487
6.5,4,10,14,488
6.5,4,10,15,490
6.5,4,11,0,469
6.5,4,11,1,471
6.5,4,11,2,472
6.5,4,11,3,474
6.5,4,11,4,475
6.5,4,11,5,477
6.5,4,11,6,478
6.5,4,11,7,480
6.5,4,11,8,481
6.5,4,11,9,483
6.5,4,11,10,484
6.5,4,11,11,485
6.5,4,11,12,487
6.5,4,11,13,488
6.5,4,11,14,490
6.5,4,11,15,491
6.5,4,12,0,471
6.5,4,12,1,472
6.5,4,12,2,474
6.5,4,12,3,475
6.5,4,12,4,477
6.5,4,12,5,478
6.5,4,12,6,480
6.5,4,12,7,481
6.5,4,12,8,483
6.5,4,12,9,484
6.5,4,12,10,486
6.5,4,12,11,487
6.5,4,12,12,488
6.5,4,12,13,490
6.5,4,12,14,491
6.5,4,12,15,493
6.5,4,13,0,472
6.5,4,13,1,474
6.5,4,13,2,475
6.5,4,13,3,477
6.5,4,13,4,478
6.5,4,13,5,480
6.5,4,13,6,481
6.5,4,13,7,483
6.5,4,13,8,484
6.5,4,13,9,486
6.5,4,13,10,487
6.5,4,13,11,488
6.5,4,13,12,490
6.5,4,13,13,491
6.5,4,13,14,493
6.5,4,13,15,494
6.5,4,14,0,473
6.5,4,14,1,475
6.5,4,14,2,477
6.5,4,14,3,478
6.5,4,14,4,480
6.5,4,14,5,481
6.5,4,14,6,483
6.5,4,14,7,484
6.5,4,14,8,486
6.5,4,14,9,487
6.5,4,14,10,489
6.5,4,14,11,490
6.5,4,14,12,491
6.5,4,14,13,493
6.5,4,14,14,494
6.5,4,14,15,496
6.5,4,15,0,475
6.5,4,15,1,476
6.5,4,15,2,478
6.5,4,15,3,479
6.5,4,15,4,481
6.5,4,15,5,483
6.5,4,15,6,484
6.5,4,15,7,486
6.5,4,15,8,487
6.5,4,15,9,489
6.5,4,15,10,490
6.5,4,15,11,491
6.5,4,15,12,493
6.5,4,15,13,494
6.5,4,15,14,496
6.5,4,15,15,497
6.5,5,0,0,454
6.5,5,0,1,456
6.5,5,0,2,457
6.5,5,0,3,459
6.5,5,0,4,460
6.5,5,0,5,462
6.5,5,0,6,463
6.5,5,0,7,465
6.5,5,0,8,466
6.5,5,0,9,467
6.5,5,0,10,469
6.5,5,0,11,470
6.5,5,0,12,472
6.5,5,0,13,473
6.5,5,0,14,474
6.5,5,0,15,476
6.5,5,1,0,456
6.5,5,1,1,457
6.5,5,1,2,459
6.5,5,1,3,460
6.5,5,1,4,462
6.5,5,1,5,463
6.5,5,1,6,465
6.5,5,1,7,466
6.5,5,1,8,468
6.5,5,1,9,469
6.5,5,1,10,470
6.5,5,1,11,472
6.5,5,1,12,473
6.5,5,1,13,475
6.5,5,1,14,476
6.5,5,1,15,477
6.5,5,2,0,457
6.5,5,2,1,459
6.5,5,2,2,460
6.5,5,2,3,462
6.5,5,2,4,463
6.5,5,2,5,465
6.5,5,2,6,466
6.5,5,2,7,468
6.5,5,2,8,469
6.5,5,2,9,471
6.5,5,2,10,472
6.5,5,2,11,473
6.5,5,2,12,475
6.5,5,2,13,476
6.5,5,2,14,478
6.5,5,2,15,479
6.5,5,3,0,459
6.5,5,3,1,460
6.5,5,3,2,462
6.5,5,3,3,463
6.5,5,3,4,465
6.5,5,3,5,466
6.5,5,3,6,468
6.5,5,3,7,469
6.5,5,3,8,471
6.5,5,3,9,472
6.5,5,3,10,474
6.5,5,3,11,475
6.5,5,3,12,476
6.5,5,3,13,478
6.5,5,3,14,479
6.5,5,3,15,481
6.5,5,4,0,460
6.5,5,4,1,462
6.5,5,4,2,463
6.5,5,4,3,465
6.5,5,4,4,466
6.5,5,4,5,468
6.5,5,4,6,469
6.5,5,4,7,471
6.5,5,4,8,472
6.5,5,4,9,474
6.5,5,4,10,475
6.5,5,4,11,477
6.5,5,4,12,478
6.5,5,4,13,479
6.5,5,4,14,481
6.5,5,4,15,482
6.5,5,5,0,462
6.5,5,5,1,463
6.5,5,5,2,465
6.5,5,5,3,466
6.5,5,5,4,468
6.5,5,5,5,469
6.5,5,5,6,471
6.5,5,5,7,472
6.5,5,5,8,474
6.5,5,5,9,475
6.5,5,5,10,477
6.5,5,5,11,478
6.5,5,5,12,480
6.5,5,5,13,481
6.5,5,5,14,482
6.5,5,5,15,484
6.5,5,6,0,463
6.5,5,6,1,465
6.5,5,6,2,466
6.5,5,6,3,468
6.5,5,6,4,469
6.5,5,6,5,471
6.5,5,6,6,472
6.5,5,6,7,474
6.5,5,6,8,475
6.5,5,6,9,477
6.5,5,6,10,478
6.5,5,6,11,480
6.5,5,6,12,481
6.5,5,6,13,482
6.5,5,6,14,484
6.5,5,6,15,485
6.5,5,7,0,465
6.5,5,7,1,466
6.5,5,7,2,468
6.5,5,7,3,469
6.5,5,7,4,471
6.5,5,7,5,472
6.5,5,7,6,474
6.5,5,7,7,475
6.5,5,7,8,477
6.5,5,7,9,478
6.5,5,7,10,480
6.5,5,7,11,481
6.5,5,7,12,483
6.5,5,7,13,484
6.5,5,7,14,485
6.5,5,7,15,487
6.5,5,8,0,466
6.5,5,8,1,468
6.5,5,8,2,469
6.5,5,8,3,471
6.5,5,8,4,472
6.5,5,8,5,474
6.5,5,8,6,475
6.5,5,8,7,477
6.5,5,8,8,478
6.5,5,8,9,480
6.5,5,8,10,481
6.5,5,8,11,483
6.5,5,8,12,484
6.5,5,8,13,486
6.5,5,8,14,487
6.5,5,8,15,488
6.5,5,9,0,468
6.5,5,9,1,469
6.5,5,9,2,471
6.5,5,9,3,472
6.5,5,9,4,474
6.5,5,9,5,475
6.5,5,9,6,477
6.5,5,9,7,478
6.5,5,9,8,480
6.5,5,9,9,481
6.5,5,9,10,483
6.5,5,9,11,484
6.5,5,9,12,486
6.5,5,9,13,487
6.5,5,9,14,489
6.5,5,9,15,490
6.5,5,10,0,469
6.5,5,10,1,471
6.5,5,10,2,472
6.5,5,10,3,474
6.5,5,10,4,475
6.5,5,10,5,477
6.5,5,10,6,478
6.5,5,10,7,480
6.5,5,10,8,481
6.5,5,10,9,483
6.5,5,10,10,484
6.5,5,10,11,486
6.5,5,10,12,487
6.5,5,10,13,489
6.5,5,10,14,490
6.5,5,10,15,492
6.5,5,11,0,471
6.5,5,11,1,472
6.5,5,11,2,474
6.5,5,11,3,475
6.5,5,11,4,477
6.5,5,11,5,478
6.5,5,11,6,480
6.5,5,11,7,481
6.5,5,11,8,483
6.5,5,11,9,484
6.5,5,11,10,486
6.5,5,11,11,487
6.5,5,11,12,489
6.5,5,11,13,490
6.5,5,11,14,492
6.5,5,11,15,493
6.5,5,12,0,472
6.5,5,12,1,474
6.5,5,12,2,475
6.5,5,12,3,477
6.5,5,12,4,478
6.5,5,12,5,480
6.5,5,12,6,481
6.5,5,12,7,483
6.5,5,12,8,484
6.5,5,12,9,486
6.5,5,12,10,487
6.5,5,12,11,489
6.5,5,12,12,490
6.5,5,12,13,492
6.5,5,12,14,493
6.5,5,12,15,495
6.5,5,13,0,474
6.5,5,13,1,475
6.5,5,13,2,477
6.5,5,13,3,478
6.5,5,13,4,480
6.5,5,13,5,481
6.5,5,13,6,483
6.5,5,13,7,484
6.5,5,13,8,486
6.5,5,13,9,487
6.5,5,13,10,489
6.5,5,13,11,490
6.5,5,13,12,492
6.5,5,13,13,493
6.5,5,13,14,495
6.5,5,13,15,496
6.5,5,14,0,475
6.5,5,14,1,477
6.5,5,14,2,478
6.5,5,14,3,480
6.5,5,14,4,481
6.5,5,14,5,483
6.5,5,14,6,484
6.5,5,14,7,486
6.5,5,14,8,487
6.5,5,14,9,489
6.5,5,14,10,490
6.5,5,14,11,492
6.5,5,14,12,493
6.5,5,14,13,495
6.5,5,14,14,496
6.5,5,14,15,498
6.5,5,15,0,477
6.5,5,15,1,478
6.5,5,15,2,480
6.5,5,15,3,481
6.5,5,15,4,483
6.5,5,15,5,484
6.5,5,15,6,486
6.5,5,15,7,487
6.5,5,15,8,489
6.5,5,15,9,490
6.5,5,15,10,492
6.5,5,15,11,493
6.5,5,15,12,495
6.5,5,15,13,496
6.5,5,15,14,498
6.5,5,15,15,499
6.5,6,0,0,456
6.5,6,0,1,458
6.5,6,0,2,459
6.5,6,0,3,460
6.5,6,0,4,462
6.5,6,0,5,463
6.5,6,0,6,465
6.5,6,0,7,466
6.5,6,0,8,468
6.5,6,0,9,469
6.5,6,0,10,471
6.5,6,0,11,472
6.5,6,0,12,473
6.5,6,0,13,475
6.5,6,0,14,476
6.5,6,0,15,478
6.5,6,1,0,458
6.5,6,1,1,459
6.5,6,1,2,461
6.5,6,1,3,462
6.5,6,1,4,463
6.5,6,1,5,465
6.5,6,1,6,466
6.5,6,1,7,468
6.5,6,1,8,469
6.5,6,1,9,471
6.5,6,1,10,472
6.5,6,1,11,474
6.5,6,1,12,475
6.5,6,1,13,476
6.5,6,1,14,478
6.5,6,1,15,479
6.5,6,2,0,459
6.5,6,2,1,461
6.5,6,2,2,462
6.5,6,2,3,464
6.5,6,2,4,465
6.5,6,2,5,466
6.5,6,2,6,468
6.5,6,2,7,469
6.5,6,2,8,471
6.5,6,2,9,472
6.5,6,2,10,474
6.5,6,2,11,475
6.5,6,2,12,477
6.5,6,2,13,478
6.5,6,2,14,479
6.5,6,2,15,481
6.5,6,3,0,461
6.5,6,3,1,462
6.5,6,3,2,464
6.5,6,3,3,465
6.5,6,3,4,467
6.5,6,3,5,468
6.5,6,3,6,469
6.5,6,3,7,471
6.5,6,3,8,472
6.5,6,3,9,474
6.5,6,3,10,475
6.5,6,3,11,477
6.5,6,3,12,478
6.5,6,3,13,480
6.5,6,3,14,481
6.5,6,3,15,482
6.5,6,4,0,462
6.5,6,4,1,464
6.5,6,4,2,465
6.5,6,4,3,467
6.5,6,4,4,468
6.5,6,4,5,470
6.5,6,4,6,471
6.5,6,4,7,472
6.5,6,4,8,474
6.5,6,4,9,475
6.5,6,4,10,477
6.5,6,4,11,478
6.5,6,4,12,480
6.5,6,4,13,481
6.5,6,4,14,483
6.5,6,4,15,484
6.5,6,5,0,464
6.5,6,5,1,465
6.5,6,5,2,467
6.5,6,5,3,468
6.5,6,5,4,470
6.5,6,5,5,471
6.5,6,5,6,473
6.5,6,5,7,474
6.5,6,5,8,476
6.5,6,5,9,477
6.5,6,5,10,478
6.5,6,5,11,480
6.5,6,5,12,481
6.5,6,5,13,483
6.5,6,5,14,484
6.5,6,5,15,486
6.5,6,6,0,465
6.5,6,6,1,467
6.5,6,6,2,468
6.5,6,6,3,470
6.5,6,6,4,471
6.5,6,6,5,473
6.5,6,6,6,474
6.5,6,6,7,476
6.5,6,6,8,477
6.5,6,6,9,479
6.5,6,6,10,480
6.5,6,6,11,481
6.5,6,6,12,483
6.5,6,6,13,484
6.5,6,6,14,486
6.5,6,6,15,487
6.5,6,7,0,467
6.5,6,7,1,468
6.5,6,7,2,470
6.5,6,7,3,471
6.5,6,7,4,473
6.5,6,7,5,474
6.5,6,7,6,476
6.5,6,7,7,477
6.5,6,7,8,479
6.5,6,7,9,480
6.5,6,7,10,482
6.5,6,7,11,483
6.5,6,7,12,484
6.5,6,7,13,486
6.5,6,7,14,487
6.5,6,7,15,489
6.5,6,8,0,468
6.5,6,8,1,470
6.5,6,8,2,471
6.5,6,8,3,473
6.5,6,8,4,474
6.5,6,8,5,476
6.5,6,8,6,477
6.5,6,8,7,479
6.5,6,8,8,480
6.5,6,8,9,482
6.5,6,8,10,483
6.5,6,8,11,485
6.5,6,8,12,486
6.5,6,8,13,487
6.5,6,8,14,489
6.5,6,8,15,490
6.5,6,9,0,470
6.5,6,9,1,471
6.5,6,9,2,473
6.5,6,9,3,474
6.5,6,9,4,476
6.5,6,9,5,477
6.5,6,9,6,479
6.5,6,9,7,480
6.5,6,9,8,482
6.5,6,9,9,483
6.5,6,9,10,485
6.5,6,9,11,486
6.5,6,9,12,488
6.5,6,9,13,489
6.5,6,9,14,490
6.5,6,9,15,492
6.5,6,10,0,471
6.5,6,10,1,473
6.5,6,10,2,474
6.5,6,10,3,476
6.5,6,10,4,477
6.5,6,10,5,479
6.5,6,10,6,480
6.5,6,10,7,482
6.5,6,10,8,483
6.5,6,10,9,485
6.5,6,10,10,486
6.5,6,10,11,488
6.5,6,10,12,489
6.5,6,10,13,491
6.5,6,10,14,492
6.5,6,10,15,493
6.5,6,11,0,473
6.5,6,11,1,474
6.5,6,11,2,476
6.5,6,11,3,477
6.5,6,11,4,479
6.5,6,11,5,480
6.5,6,11,6,482
6.5,6,11,7,483
6.5,6,11,8,485
6.5,6,11,9,486
6.5,6,11,10,488
6.5,6,11,11,489
6.5,6,11,12,491
6.5,6,11,13,492
6.5,6,11,14,494
6.5,6,11,15,495
6.5,6,12,0,474
6.5,6,12,1,476
6.5,6,12,2,477
6.5,6,12,3,479
6.5,6,12,4,480
6.5,6,12,5,482
6.5,6,12,6,483
6.5,6,12,7,485
6.5,6,12,8,486
6.5,6,12,9,488
6.5,6,12,10,489
6.5,6,12,11,491
6.5,6,12,12,492
6.5,6,12,13,494
6.5,6,12,14,495
6.5,6,12,15,497
6.5,6,13,0,476
6.5,6,13,1,477
6.5,6,13,2,479
6.5,6,13,3,480
6.5,6,13,4,482
6.5,6,13,5,483
6.5,6,13,6,485
6.5,6,13,7,486
6.5,6,13,8,488
6.5,6,13,9,489
6.5,6,13,10,491
6.5,6,13,11,492
6.5,6,13,12,494
6.5,6,13,13,495
6.5,6,13,14,497
6.5,6,13,15,498
6.5,6,14,0,477
6.5,6,14,1,479
6.5,6,14,2,480
6.5,6,14,3,482
6.5,6,14,4,483
6.5,6,14,5,485
6.5,6,14,6,486
6.5,6,14,7,488
6.5,6,14,8,489
6.5,6,14,9,491
6.5,6,14,10,492
6.5,6,14,11,494
6.5,6,14,12,495
6.5,6,14,13,497
6.5,6,14,14,498
6.5,6,14,15,500
6.5,6,15,0,479
6.5,6,15,1,480
6.5,6,15,2,482
6.5,6,15,3,483
6.5,6,15,4,485
6.5,6,15,5,486
6.5,6,15,6,488
6.5,6,15,7,489
6.5,6,15,8,491
6.5,6,15,9,492
6.5,6,15,10,494
6.5,6,15,11,495
6.5,6,15,12,497
6.5,6,15,13,498
6.5,6,15,14,500
6.5,6,15,15,501
6.5,7,0,0,458
6.5,7,0,1,459
6.5,7,0,2,461
6.5,7,0,3,462
6.5,7,0,4,464
6.5,7,0,5,465
6.5,7,0,6,467
6.5,7,0,7,468
6.5,7,0,8,469
6.5,7,0,9,471
6.5,7,0,10,472
6.5,7,0,11,474
6.5,7,0,12,475
6.5,7,0,13,477
6.5,7,0,14,478
6.5,7,0,15,479
6.5,7,1,0,459
6.5,7,1,1,461
6.5,7,1,2,462
6.5,7,1,3,464
6.5,7,1,4,465
6.5,7,1,5,467
6.5,7,1,6,468
6.5,7,1,7,470
6.5,7,1,8,471
6.5,7,1,9,472
6.5,7,1,10,474
6.5,7,1,11,475
6.5,7,1,12,477
6.5,7,1,13,478
6.5,7,1,14,480
6.5,7,1,15,481
6.5,7,2,0,461
6.5,7,2,1,462
6.5,7,2,2,464
6.5,7,2,3,465
6.5,7,2,4,467
6.5,7,2,5,468
6.5,7,2,6,470
6.5,7,2,7,471
6.5,7,2,8,473
6.5,7,2,9,474
6.5,7,2,10,476
6.5,7,2,11,477
6.5,7,2,12,478
6.5,7,2,13,480
6.5,7,2,14,481
6.5,7,2,15,483
6.5,7,3,0,462
6.5,7,3,1,464
6.5,7,3,2,465
6.5,7,3,3,467
6.5,7,3,4,468
6.5,7,3,5,470
6.5,7,3,6,471
6.5,7,3,7,473
6.5,7,3,8,474
6.5,7,3,9,476
6.5,7,3,10,477
6.5,7,3,11,479
6.5,7,3,12,480
6.5,7,3,13,481
6.5,7,3,14,483
6.5,7,3,15,484
6.5,7,4,0,464
6.5,7,4,1,465
6.5,7,4,2,467
6.5,7,4,3,468
6.5,7,4,4,470
6.5,7,4,5,471
6.5,7,4,6,473
6.5,7,4,7,474
6.5,7,4,8,476
6.5,7,4,9,477
6.5,7,4,10,479
6.5,7,4,11,480
6.5,7,4,12,482
6.5,7,4,13,483
6.5,7,4,14,484
6.5,7,4,15,486
6.5,7,5,0,465
6.5,7,5,1,467
6.5,7,5,2,468
6.5,7,5,3,470
6.5,7,5,4,471
6.5,7,5,5,473
6.5,7,5,6,474
6.5,7,5,7,476
6.5,7,5,8,477
6.5,7,5,9,479
6.5,7,5,10,480
6.5,7,5,11,482
6.5,7,5,12,483
6.5,7,5,13,485
6.5,7,5,14,486
6.5,7,5,15,487
6.5,7,6,0,467
6.5,7,6,1,468
6.5,7,6,2,470
6.5,7,6,3,471
6.5,7,6,4,473
6.5,7,6,5,474
6.5,7,6,6,476
6.5,7,6,7,477
6.5,7,6,8,479
6.5,7,6,9,480
6.5,7,6,10,482
6.5,7,6,11,483
6.5,7,6,12,485
6.5,7,6,13,486
6.5,7,6,14,488
6.5,7,6,15,489
6.5,7,7,0,468
6.5,7,7,1,470
6.5,7,7,2,471
6.5,7,7,3,473
6.5,7,7,4,474
6.5,7,7,5,476
6.5,7,7,6,477
6.5,7,7,7,479
6.5,7,7,8,480
6.5,7,7,9,482
6.5,7,7,10,483
6.5,7,7,11,485
6.5,7,7,12,486
6.5,7,7,13,488
6.5,7,7,14,489
6.5,7,7,15,491
6.5,7,8,0,470
6.5,7,8,1,471
6.5,7,8,2,473
6.5,7,8,3,474
6.5,7,8,4,476
6.5,7,8,5,477
6.5,7,8,6,479
6.5,7,8,7,480
6.5,7,8,8,482
6.5,7,8,9,483
6.5,7,8,10,485
6.5,7,8,11,486
6.5,7,8,12,488
6.5,7,8,13,489
6.5,7,8,14,491
6.5,7,8,15,492
6.5,7,9,0,471
6.5,7,9,1,473
6.5,7,9,2,474
6.5,7,9,3,476
6.5,7,9,4,477
6.5,7,9,5,479
6.5,7,9,6,480
6.5,7,9,7,482
6.5,7,9,8,483
6.5,7,9,9,485
6.5,7,9,10,486
6.5,7,9,11,488
6.5,7,9,12,489
6.5,7,9,13,491
6.5,7,9,14,492
6.5,7,9,15,494
6.5,7,10,0,473
6.5,7,10,1,474
6.5,7,10,2,476
6.5,7,10,3,477
6.5,7,10,4,479
6.5,7,10,5,480
6.5,7,10,6,482
6.5,7,10,7,483
6.5,7,10,8,485
6.5,7,10,9,486
6.5,7,10,10,488
6.5,7,10,11,489
6.5,7,10,12,491
6.5,7,10,13,492
6.5,7,10,14,494
6.5,7,10,15,495
6.5,7,11,0,474
6.5,7,11,1,476
6.5,7,11,2,477
6.5,7,11,3,479
6.5,7,11,4,480
6.5,7,11,5,482
6.5,7,11,6,484
6.5,7,11,7,485
6.5,7,11,8,487
6.5,7,11,9,488
6.5,7,11,10,489
6.5,7,11,11,491
6.5,7,11,12,492
6.5,7,11,13,494
6.5,7,11,14,495
6.5,7,11,15,497
6.5,7,12,0,476
6.5,7,12,1,477
6.5,7,12,2,479
6.5,7,12,3,480
6.5,7,12,4,482
6.5,7,12,5,484
6.5,7,12,6,485
6.5,7,12,7,487
6.5,7,12,8,488
6.5,7,12,9,490
6.5,7,12,10,491
6.5,7,12,11,492
6.5,7,12,12,494
6.5,7,12,13,495
6.5,7,12,14,497
6.5,7,12,15,498
6.5,7,13,0,477
6.5,7,13,1,479
6.5,7,13,2,480
6.5,7,13,3,482
6.5,7,13,4,483
6.5,7,13,5,485
6.5,7,13,6,487
6.5,7,13,7,488
6.5,7,13,8,490
6.5,7,13,9,491
6.5,7,13,10,493
6.5,7,13,11,494
6.5,7,13,12,496
6.5,7,13,13,497
6.5,7,13,14,498
6.5,7,13,15,500
6.5,7,14,0,479
6.5,7,14,1,480
6.5,7,14,2,482
6.5,7,14,3,483
6.5,7,14,4,485
6.5,7,14,5,487
6.5,7,14,6,488
6.5,7,14,7,490
6.5,7,14,8,491
6.5,7,14,9,493
6.5,7,14,10,494
6.5,7,14,11,496
6.5,7,14,12,497
6.5,7,14,13,499
6.5,7,14,14,500
6.5,7,14,15,501
6.5,7,15,0,480
6.5,7,15,1,482
6.5,7,15,2,483
6.5,7,15,3,485
6.5,7,15,4,486
6.5,7,15,5,488
6.5,7,15,6,490
6.5,7,15,7,491
6.5,7,15,8,493
6.5,7,15,9,494
6.5,7,15,10,496
6.5,7,15,11,497
6.5,7,15,12,499
6.5,7,15,13,500
6.5,7,15,14,502
6.5,7,15,15,503
6.5,8,0,0,459
6.5,8,0,1,461
6.5,8,0,2,462
6.5,8,0,3,464
6.5,8,0,4,465
6.5,8,0,5,467
6.5,8,0,6,468
6.5,8,0,7,470
6.5,8,0,8,471
6.5,8,0,9,473
6.5,8,0,10,474
6.5,8,0,11,476
6.5,8,0,12,477
6.5,8,0,13,478
6.5,8,0,14,480
6.5,8,0,15,481
6.5,8,1,0,461
6.5,8,1,1,463
6.5,8,1,2,464
6.5,8,1,3,465
6.5,8,1,4,467
6.5,8,1,5,468
6.5,8,1,6,470
6.5,8,1,7,471
6.5,8,1,8,473
6.5,8,1,9,474
6.5,8,1,10,476
6.5,8,1,11,477
6.5,8,1,12,479
6.5,8,1,13,480
6.5,8,1,14,481
6.5,8,1,15,483
6.5,8,2,0,463
6.5,8,2,1,464
6.5,8,2,2,466
6.5,8,2,3,467
6.5,8,2,4,469
6.5,8,2,5,470
6.5,8,2,6,471
6.5,8,2,7,473
6.5,8,2,8,474
6.5,8,2,9,476
6.5,8,2,10,477
6.5,8,2,11,479
6.5,8,2,12,480
6.5,8,2,13,482
6.5,8,2,14,483
6.5,8,2,15,484
6.5,8,3,0,464
6.5,8,3,1,466
6.5,8,3,2,467
6.5,8,3,3,469
6.5,8,3,4,470
6.5,8,3,5,472
6.5,8,3,6,473
6.5,8,3,7,474
6.5,8,3,8,476
6.5,8,3,9,477
6.5,8,3,10,479
6.5,8,3,11,480
6.5,8,3,12,482
6.5,8,3,13,483
6.5,8,3,14,485
6.5,8,3,15,486
6.5,8,4,0,466
6.5,8,4,1,467
6.5,8,4,2,469
6.5,8,4,3,470
6.5,8,4,4,472
6.5,8,4,5,473
6.5,8,4,6,475
6.5,8,4,7,476
6.5,8,4,8,478
6.5,8,4,9,479
6.5,8,4,10,480
6.5,8,4,11,482
6.5,8,4,12,483
6.5,8,4,13,485
6.5,8,4,14,486
6.5,8,4,15,488
6.5,8,5,0,467
6.5,8,5,1,469
6.5,8,5,2,470
6.5,8,5,3,472
6.5,8,5,4,473
6.5,8,5,5,475
6.5,8,5,6,476
6.5,8,5,7,478
6.5,8,5,8,479
6.5,8,5,9,481
6.5,8,5,10,482
6.5,8,5,11,483
6.5,8,5,12,485
6.5,8,5,13,486
6.5,8,5,14,488
6.5,8,5,15,489
6.5,8,6,0,469
6.5,8,6,1,470
6.5,8,6,2,472
6.5,8,6,3,473
6.5,8,6,4,475
6.5,8,6,5,476
6.5,8,6,6,478
6.5,8,6,7,479
6.5,8,6,8,481
6.5,8,6,9,482
6.5,8,6,10,484
6.5,8,6,11,485
6.5,8,6,12,486
6.5,8,6,13,488
6.5,8,6,14,489
6.5,8,6,15,491
6.5,8,7,0,470
6.5,8,7,1,472
6.5,8,7,2,473
6.5,8,7,3,475
6.5,8,7,4,476
6.5,8,7,5,478
6.5,8,7,6,479
6.5,8,7,7,481
6.5,8,7,8,482
6.5,8,7,9,484
6.5,8,7,10,485
6.5,8,7,11,487
6.5,8,7,12,488
6.5,8,7,13,490
6.5,8,7,14,491
6.5,8,7,15,492
6.5,8,8,0,472
6.5,8,8,1,473
6.5,8,8,2,475
6.5,8,8,3,476
6.5,8,8,4,478
6.5,8,8,5,479
6.5,8,8,6,481
6.5,8,8,7,482
6.5,8,8,8,484
6.5,8,8,9,485
6.5,8,8,10,487
6.5,8,8,11,488
6.5,8,8,12,490
6.5,8,8,13,491
6.5,8,8,14,493
6.5,8,8,15,494
6.5,8,9,0,473
6.5,8,9,1,475
6.5,8,9,2,476
6.5,8,9,3,478
6.5,8,9,4,479
6.5,8,9,5,481
6.5,8,9,6,482
6.5,8,9,7,484
6.5,8,9,8,485
6.5,8,9,9,487
6.5,8,9,10,488
6.5,8,9,11,490
6.5,8,9,12,491
6.5,8,9,13,493
6.5,8,9,14,494
6.5,8,9,15,496
6.5,8,10,0,475
6.5,8,10,1,476
6.5,8,10,2,478
6.5,8,10,3,479
6.5,8,10,4,481
6.5,8,10,5,482
6.5,8,10,6,484
6.5,8,10,7,485
6.5,8,10,8,487
6.5,8,10,9,488
6.5,8,10,10,490
6.5,8,10,11,491
6.5,8,10,12,493
6.5,8,10,13,494
6.5,8,10,14,496
6.5,8,10,15,497
6.5,8,11,0,476
6.5,8,11,1,478
6.5,8,11,2,479
6.5,8,11,3,481
6.5,8,11,4,482
6.5,8,11,5,484
6.5,8,11,6,485
6.5,8,11,7,487
6.5,8,11,8,488
6.5,8,11,9,490
6.5,8,11,10,491
6.5,8,11,11,493
6.5,8,11,12,494
6.5,8,11,13,496
6.5,8,11,14,497
6.5,8,11,15,499
6.5,8,12,0,478
6.5,8,12,1,479
6.5,8,12,2,481
6.5,8,12,3,482
6.5,8,12,4,484
6.5,8,12,5,485
6.5,8,12,6,487
6.5,8,12,7,488
6.5,8,12,8,490
6.5,8,12,9,491
6.5,8,12,10,493
6.5,8,12,11,494
6.5,8,12,12,496
6.5,8,12,13,497
6.5,8,12,14,499
6.5,8,12,15,500
6.5,8,13,0,479
6.5,8,13,1,481
6.5,8,13,2,482
6.5,8,13,3,484
6.5,8,13,4,485
6.5,8,13,5,487
6.5,8,13,6,488
6.5,8,13,7,490
6.5,8,13,8,491
6.5,8,13,9,493
6.5,8,13,10,494
6.5,8,13,11,496
6.5,8,13,12,497
6.5,8,13,13,499
6.5,8,13,14,500
6.5,8,13,15,502
6.5,8,14,0,481
6.5,8,14,1,482
6.5,8,14,2,484
6.5,8,14,3,485
6.5,8,14,4,487
6.5,8,14,5,488
6.5,8,14,6,490
6.5,8,14,7,491
6.5,8,14,8,493
6.5,8,14,9,494
6.5,8,14,10,496
6.5,8,14,11,497
6.5,8,14,12,499
6.5,8,14,13,500
6.5,8,14,14,502
6.5,8,14,15,503
6.5,8,15,0,482
6.5,8,15,1,484
6.5,8,15,2,485
6.5,8,15,3,487
6.5,8,15,4,488
6.5,8,15,5,490
6.5,8,15,6,491
6.5,8,15,7,493
6.5,8,15,8,494
6.5,8,15,9,496
6.5,8,15,10,497
6.5,8,15,11,499
6.5,8,15,12,500
6.5,8,15,13,502
6.5,8,15,14,503
6.5,8,15,15,505
6.5,9,0,0,461
6.5,9,0,1,463
6.5,9,0,2,464
6.5,9,0,3,466
6.5,9,0,4,467
6.5,9,0,5,469
6.5,9,0,6,470
6.5,9,0,7,472
6.5,9,0,8,473
6.5,9,0,9,474
6.5,9,0,10,476
6.5,9,0,11,477
6.5,9,0,12,479
6.5,9,0,13,480
6.5,9,0,14,482
6.5,9,0,15,483
6.5,9,1,0,463
6.5,9,1,1,464
6.5,9,1,2,466
6.5,9,1,3,467
6.5,9,1,4,469
6.5,9,1,5,470
6.5,9,1,6,472
6.5,9,1,7,473
6.5,9,1,8,475
6.5,9,1,9,476
6.5,9,1,10,477
6.5,9,1,11,479
6.5,9,1,12,480
6.5,9,1,13,482
6.5,9,1,14,483
6.5,9,1,15,485
6.5,9,2,0,464
6.5,9,2,1,466
6.5,9,2,2,467
6.5,9,2,3,469
6.5,9,2,4,470
6.5,9,2,5,472
6.5,9,2,6,473
6.5,9,2,7,475
6.5,9,2,8,476
6.5,9,2,9,478
6.5,9,2,10,479
6.5,9,2,11,481
6.5,9,2,12,482
6.5,9,2,13,483
6.5,9,2,14,485
6.5,9,2,15,486
6.5,9,3,0,466
6.5,9,3,1,467
6.5,9,3,2,469
6.5,9,3,3,470
6.5,9,3,4,472
6.5,9,3,5,473
6.5,9,3,6,475
6.5,9,3,7,476
6.5,9,3,8,478
6.5,9,3,9,479
6.5,9,3,10,481
6.5,9,3,11,482
6.5,9,3,12,484
6.5,9,3,13,485
6.5,9,3,14,486
6.5,9,3,15,488
6.5,9,4,0,467
6.5,9,4,1,469
6.5,9,4,2,470
6.5,9,4,3,472
6.5,9,4,4,473
6.5,9,4,5,475
6.5,9,4,6,476
6.5,9,4,7,478
6.5,9,4,8,479
6.5,9,4,9,481
6.5,9,4,10,482
6.5,9,4,11,484
6.5,9,4,12,485
6.5,9,4,13,487
6.5,9,4,14,488
6.5,9,4,15,489
6.5,9,5,0,469
6.5,9,5,1,470
6.5,9,5,2,472
6.5,9,5,3,473
6.5,9,5,4,475
6.5,9,5,5,476
6.5,9,5,6,478
6.5,9,5,7,479
6.5,9,5,8,481
6.5,9,5,9,482
6.5,9,5,10,484
6.5,9,5,11,485
6.5,9,5,12,487
6.5,9,5,13,488
6.5,9,5,14,490
6.5,9,5,15,491
6.5,9,6,0,470
6.5,9,6,1,472
6.5,9,6,2,473
6.5,9,6,3,475
6.5,9,6,4,476
6.5,9,6,5,478
6.5,9,6,6,479
6.5,9,6,7,481
6.5,9,6,8,482
6.5,9,6,9,484
6.5,9,6,10,485
6.5,9,6,11,487
6.5,9,6,12,488
6.5,9,6,13,490
6.5,9,6,14,491
6.5,9,6,15,493
6.5,9,7,0,472
6.5,9,7,1,473
6.5,9,7,2,475
6.5,9,7,3,476
6.5,9,7,4,478
6.5,9,7,5,479
6.5,9,7,6,481
6.5,9,7,7,482
6.5,9,7,8,484
6.5,9,7,9,485
6.5,9,7,10,487
6.5,9,7,11,488
6.5,9,7,12,490
6.5,9,7,13,491
6.5,9,7,14,493
6.5,9,7,15,494
6.5,9,8,0,473
6.5,9,8,1,475
6.5,9,8,2,476
6.5,9,8,3,478
6.5,9,8,4,480
6.5,9,8,5,481
6.5,9,8,6,483
6.5,9,8,7,484
6.5,9,8,8,486
6.5,9,8,9,487
6.5,9,8,10,488
6.5,9,8,11,490
6.5,9,8,12,491
6.5,9,8,13,493
6.5,9,8,14,494
6.5,9,8,15,496
6.5,9,9,0,475
6.5,9,9,1,476
6.5,9,9,2,478
6.5,9,9,3,480
6.5,9,9,4,481
6.5,9,9,5,483
6.5,9,9,6,484
6.5,9,9,7,486
6.5,9,9,8,487
6.5,9,9,9,489
6.5,9,9,10,490
6.5,9,9,11,492
6.5,9,9,12,493
6.5,9,9,13,494
6.5,9,9,14,496
6.5,9,9,15,497
6.5,9,10,0,476
6.5,9,10,1,478
6.5,9,10,2,480
6.5,9,10,3,481
6.5,9,10,4,483
6.5,9,10,5,484
6.5,9,10,6,486
6.5,9,10,7,487
6.5,9,10,8,489
6.5,9,10,9,490
6.5,9,10,10,492
6.5,9,10,11,493
6.5,9,10,12,495
6.5,9,10,13,496
6.5,9,10,14,498
6.5,9,10,15,499
6.5,9,11,0,478
6.5,9,11,1,479
6.5,9,11,2,481
6.5,9,11,3,483
6.5,9,11,4,484
6.5,9,11,5,486
6.5,9,11,6,487
6.5,9,11,7,489
6.5,9,11,8,490
6.5,9,11,9,492
6.5,9,11,10,493
6.5,9,11,11,495
6.5,9,11,12,496
6.5,9,11,13,498
6.5,9,11,14,499
6.5,9,11,15,501
6.5,9,12,0,479
6.5,9,12,1,481
6.5,9,12,2,483
6.5,9,12,3,484
6.5,9,12,4,486
6.5,9,12,5,487
6.5,9,12,6,489
6.5,9,12,7,490
6.5,9,12,8,492
6.5,9,12,9,493
6.5,9,12,10,495
6.5,9,12,11,496
6.5,9,12,12,498
6.5,9,12,13,499
6.5,9,12,14,501
6.5,9,12,15,502
6.5,9,13,0,481
6.5,9,13,1,482
6.5,9,13,2,484
6.5,9,13,3,486
6.5,9,13,4,487
6.5,9,13,5,489
6.5,9,13,6,490
6.5,9,13,7,492
6.5,9,13,8,493
6.5,9,13,9,495
6.5,9,13,10,496
6.5,9,13,11,498
6.5,9,13,12,499
6.5,9,13,13,501
6.5,9,13,14,502
6.5,9,13,15,504
6.5,9,14,0,482
6.5,9,14,1,484
6.5,9,14,2,486
6.5,9,14,3,487
6.5,9,14,4,489
6.5,9,14,5,490
6.5,9,14,6,492
6.5,9,14,7,493
6.5,9,14,8,495
6.5,9,14,9,496
6.5,9,14,10,498
6.5,9,14,11,499
6.5,9,14,12,501
6.5,9,14,13,502
6.5,9,14,14,504
6.5,9,14,15,505
6.5,9,15,0,484
6.5,9,15,1,485
6.5,9,15,2,487
6.5,9,15,3,489
6.5,9,15,4,490
6.5,9,15,5,492
6.5,9,15,6,493
6.5,9,15,7,495
6.5,9,15,8,496
6.5,9,15,9,498
6.5,9,15,10,499
6.5,9,15,11,501
6.5,9,15,12,502
6.5,9,15,13,504
6.5,9,15,14,505
6.5,9,15,15,507
6.5,10,0,0,463
6.5,10,0,1,464
6.5,10,0,2,466
6.5,10,0,3,467
6.5,10,0,4,469
6.5,10,0,5,470
6.5,10,0,6,472
6.5,10,0,7,473
6.5,10,0,8,475
6.5,10,0,9,476
6.5,10,0,10,478
6.5,10,0,11,479
6.5,10,0,12,481
6.5,10,0,13,482
6.5,10,0,14,483
6.5,10,0,15,485
6.5,10,1,0,464
6.5,10,1,1,466
6.5,10,1,2,467
6.5,10,1,3,469
6.5,10,1,4,470
6.5,10,1,5,472
6.5,10,1,6,473
6.5,10,1,7,475
6.5,10,1,8,476
6.5,10,1,9,478
6.5,10,1,10,479
6.5,10,1,11,481
6.5,10,1,12,482
6.5,10,1,13,484
6.5,10,1,14,485
6.5,10,1,15,486
6.5,10,2,0,466
6.5,10,2,1,468
6.5,10,2,2,469
6.5,10,2,3,471
6.5,10,2,4,472
6.5,10,2,5,473
6.5,10,2,6,475
6.5,10,2,7,476
6.5,10,2,8,478
6.5,10,2,9,479
6.5,10,2,10,481
6.5,10,2,11,482
6.5,10,2,12,484
6.5,10,2,13,485
6.5,10,2,14,487
6.5,10,2,15,488
6.5,10,3,0,468
6.5,10,3,1,469
6.5,10,3,2,471
6.5,10,3,3,472
6.5,10,3,4,474
6.5,10,3,5,475
6.5,10,3,6,477
6.5,10,3,7,478
6.5,10,3,8,479
6.5,10,3,9,481
6.5,10,3,10,482
6.5,10,3,11,484
6.5,10,3,12,485
6.5,10,3,13,487
6.5,10,3,14,488
6.5,10,3,15,490
6.5,10,4,0,469
6.5,10,4,1,471
6.5,10,4,2,472
6.5,10,4,3,474
6.5,10,4,4,475
6.5,10,4,5,477
6.5,10,4,6,478
6.5,10,4,7,480
6.5,10,4,8,481
6.5,10,4,9,483
6.5,10,4,10,484
6.5,10,4,11,485
6.5,10,4,12,487
6.5,10,4,13,488
6.5,10,4,14,490
6.5,10,4,15,491
6.5,10,5,0,471
6.5,10,5,1,472
6.5,10,5,2,474
6.5,10,5,3,475
6.5,10,5,4,477
6.5,10,5,5,478
6.5,10,5,6,480
6.5,10,5,7,481
6.5,10,5,8,483
6.5,10,5,9,484
6.5,10,5,10,486
6.5,10,5,11,487
6.5,10,5,12,489
6.5,10,5,13,490
6.5,10,5,14,491
6.5,10,5,15,493
6.5,10,6,0,472
6.5,10,6,1,474
6.5,10,6,2,475
6.5,10,6,3,477
6.5,10,6,4,478
6.5,10,6,5,480
6.5,10,6,6,481
6.5,10,6,7,483
6.5,10,6,8,484
6.5,10,6,9,486
6.5,10,6,10,487
6.5,10,6,11,489
6.5,10,6,12,490
6.5,10,6,13,492
6.5,10,6,14,493
6.5,10,6,15,494
6.5,10,7,0,474
6.5,10,7,1,475
6.5,10,7,2,477
6.5,10,7,3,478
6.5,10,7,4,480
6.5,10,7,5,481
6.5,10,7,6,483
6.5,10,7,7,484
6.5,10,7,8,486
6.5,10,7,9,487
6.5,10,7,10,489
6.5,10,7,11,490
6.5,10,7,12,492
6.5,10,7,13,493
6.5,10,7,14,495
6.5,10,7,15,496
6.5,10,8,0,475
6.5,10,8,1,477
6.5,10,8,2,478
6.5,10,8,3,480
6.5,10,8,4,481
6.5,10,8,5,483
6.5,10,8,6,484
6.5,10,8,7,486
6.5,10,8,8,487
6.5,10,8,9,489
6.5,10,8,10,490
6.5,10,8,11,492
6.5,10,8,12,493
6.5,10,8,13,495
6.5,10,8,14,496
6.5,10,8,15,498
6.5,10,9,0,477
6.5,10,9,1,478
6.5,10,9,2,480
6.5,10,9,3,481
6.5,10,9,4,483
6.5,10,9,5,484
6.5,10,9,6,486
6.5,10,9,7,487
6.5,10,9,8,489
6.5,10,9,9,490
6.5,10,9,10,492
6.5,10,9,11,493
6.5,10,9,12,495
6.5,10,9,13,496
6.5,10,9,14,498
6.5,10,9,15,499
6.5,10,10,0,478
6.5,10,10,1,480
6.5,10,10,2,481
6.5,10,10,3,483
6.5,10,10,4,484
6.5,10,10,5,486
6.5,10,10,6,487
6.5,10,10,7,489
6.5,10,10,8,490
6.5,10,10,9,492
6.5,10,10,10,493
6.5,10,10,11,495
6.5,10,10,12,496
6.5,10,10,13,498
6.5,10,10,14,499
6.5,10,10,15,501
6.5,10,11,0,480
6.5,10,11,1,481
6.5,10,11,2,483
6.5,10,11,3,484
6.5,10,11,4,486
6.5,10,11,5,487
6.5,10,11,6,489
6.5,10,11,7,490
6.5,10,11,8,492
6.5,10,11,9,493
6.5,10,11,10,495
6.5,10,11,11,496
6.5,10,11,12,498
6.5,10,11,13,499
6.5,10,11,14,501
6.5,10,11,15,502
6.5,10,12,0,481
6.5,10,12,1,483
6.5,10,12,2,484
6.5,10,12,3,486
6.5,10,12,4,487
6.5,10,12,5,489
6.5,10,12,6,490
6.5,10,12,7,492
6.5,10,12,8,493
6.5,10,12,9,495
6.5,10,12,10,497
6.5,10,12,11,498
6.5,10,12,12,500
6.5,10,12,13,501
6.5,10,12,14,503
6.5,10,12,15,504
6.5,10,13,0,483
6.5,10,13,1,484
6.5,10,13,2,486
6.5,10,13,3,487
6.5,10,13,4,489
6.5,10,13,5,490
6.5,10,13,6,492
6.5,10,13,7,494
6.5,10,13,8,495
6.5,10,13,9,497
6.5,10,13,10,498
6.5,10,13,11,500
6.5,10,13,12,501
6.5,10,13,13,503
6.5,10,13,14,504
6.5,10,13,15,506
6.5,10,14,0,484
6.5,10,14,1,486
6.5,10,14,2,487
6.5,10,14,3,489
6.5,10,14,4,490
6.5,10,14,5,492
6.5,10,14,6,493
6.5,10,14,7,495
6.5,10,14,8,497
6.5,10,14,9,498
6.5,10,14,10,500
6.5,10,14,11,501
6.5,10,14,12,503
6.5,10,14,13,504
6.5,10,14,14,506
6.5,10,14,15,507
6.5,10,15,0,486
6.5,10,15,1,487
6.5,10,15,2,489
6.5,10,15,3,490
6.5,10,15,4,492
6.5,10,15,5,493
6.5,10,15,6,495
6.5,10,15,7,497
6.5,10,15,8,498
6.5,10,15,9,500
6.5,10,15,10,501
6.5,10,15,11,503
6.5,10,15,12,504
6.5,10,15,13,506
6.5,10,15,14,507
6.5,10,15,15,509
6.5,11,0,0,465
6.5,11,0,1,466
6.5,11,0,2,468
6.5,11,0,3,469
6.5,11,0,4,471
6.5,11,0,5,472
6.5,11,0,6,474
6.5,11,0,7,475
6.5,11,0,8,476
6.5,11,0,9,478
6.5,11,0,10,479
6.5,11,0,11,481
6.5,11,0,12,482
6.5,11,0,13,484
6.5,11,0,14,485
6.5,11,0,15,487
6.5,11,1,0,466
6.5,11,1,1,468
6.5,11,1,2,469
6.5,11,1,3,471
6.5,11,1,4,472
6.5,11,1,5,474
6.5,11,1,6,475
6.5,11,1,7,477
6.5,11,1,8,478
6.5,11,1,9,480
6.5,11,1,10,481
6.5,11,1,11,482
6.5,11,1,12,484
6.5,11,1,13,485
6.5,11,1,14,487
6.5,11,1,15,488
6.5,11,2,0,468
6.5,11,2,1,469
6.5,11,2,2,471
6.5,11,2,3,472
6.5,11,2,4,474
6.5,11,2,5,475
6.5,11,2,6,477
6.5,11,2,7,478
6.5,11,2,8,480
6.5,11,2,9,481
6.5,11,2,10,483
6.5,11,2,11,484
6.5,11,2,12,486
6.5,11,2,13,487
6.5,11,2,14,488
6.5,11,2,15,490
6.5,11,3,0,469
6.5,11,3,1,471
6.5,11,3,2,472
6.5,11,3,3,474
6.5,11,3,4,475
6.5,11,3,5,477
6.5,11,3,6,478
6.5,11,3,7,480
6.5,11,3,8,481
6.5,11,3,9,483
6.5,11,3,10,484
6.5,11,3,11,486
6.5,11,3,12,487
6.5,11,3,13,489
6.5,11,3,14,490
6.5,11,3,15,491
6.5,11,4,0,471
6.5,11,4,1,472
6.5,11,4,2,474
6.5,11,4,3,475
6.5,11,4,4,477
6.5,11,4,5,478
6.5,11,4,6,480
6.5,11,4,7,481
6.5,11,4,8,483
6.5,11,4,9,484
6.5,11,4,10,486
6.5,11,4,11,487
6.5,11,4,12,489
6.5,11,4,13,490
6.5,11,4,14,492
6.5,11,4,15,493
6.5,11,5,0,472
6.5,11,5,1,474
6.5,11,5,2,475
6.5,11,5,3,477
6.5,11,5,4,478
6.5,11,5,5,480
6.5,11,5,6,481
6.5,11,5,7,483
6.5,11,5,8,484
6.5,11,5,9,486
6.5,11,5,10,487
6.5,11,5,11,489
6.5,11,5,12,490
6.5,11,5,13,492
6.5,11,5,14,493
6.5,11,5,15,495
6.5,11,6,0,474
6.5,11,6,1,475
6.5,11,6,2,477
6.5,11,6,3,478
6.5,11,6,4,480
6.5,11,6,5,481
6.5,11,6,6,483
6.5,11,6,7,484
6.5,11,6,8,486
6.5,11,6,9,487
6.5,11,6,10,489
6.5,11,6,11,490
6.5,11,6,12,492
6.5,11,6,13,493
6.5,11,6,14,495
6.5,11,6,15,496
6.5,11,7,0,475
6.5,11,7,1,477
6.5,11,7,2,478
6.5,11,7,3,480
6.5,11,7,4,482
6.5,11,7,5,483
6.5,11,7,6,485
6.5,11,7,7,486
6.5,11,7,8,488
6.5,11,7,9,489
6.5,11,7,10,491
6.5,11,7,11,492
6.5,11,7,12,494
6.5,11,7,13,495
6.5,11,7,14,496
6.5,11,7,15,498
6.5,11,8,0,477
6.5,11,8,1,478
6.5,11,8,2,480
6.5,11,8,3,482
6.5,11,8,4,483
6.5,11,8,5,485
6.5,11,8,6,486
6.5,11,8,7,488
6.5,11,8,8,489
6.5,11,8,9,491
6.5,11,8,10,492
6.5,11,8,11,494
6.5,11,8,12,495
6.5,11,8,13,497
6.5,11,8,14,498
6.5,11,8,15,500
6.5,11,9,0,478
6.5,11,9,1,480
6.5,11,9,2,482
6.5,11,9,3,483
6.5,11,9,4,485
6.5,11,9,5,486
6.5,11,9,6,488
6.5,11,9,7,489
6.5,11,9,8,491
6.5,11,9,9,492
6.5,11,9,10,494
6.5,11,9,11,495
6.5,11,9,12,497
6.5,11,9,13,498
6.5,11,9,14,500
6.5,11,9,15,501
6.5,11,10,0,480
6.5,11,10,1,482
6.5,11,10,2,483
6.5,11,10,3,485
6.5,11,10,4,486
6.5,11,10,5,488
6.5,11,10,6,489
6.5,11,10,7,491
6.5,11,10,8,492
6.5,11,10,9,494
6.5,11,10,10,495
6.5,11,10,11,497
6.5,11,10,12,498
6.5,11,10,13,500
6.5,11,10,14,501
6.5,11,10,15,503
6.5,11,11,0,481
6.5,11,11,1,483
6.5,11,11,2,485
6.5,11,11,3,486
6.5,11,11,4,488
6.5,11,11,5,489
6.5,11,11,6,491
6.5,11,11,7,492
6.5,11,11,8,494
6.5,11,11,9,495
6.5,11,11,10,497
6.5,11,11,11,498
6.5,11,11,12,500
6.5,11,11,13,501
6.5,11,11,14,503
6.5,11,11,15,504
6.5,11,12,0,483
6.5,11,12,1,485
6.5,11,12,2,486
6.5,11,12,3,488
6.5,11,12,4,489
6.5,11,12,5,491
6.5,11,12,6,492
6.5,11,12,7,494
6.5,11,12,8,495
6.5,11,12,9,497
6.5,11,12,10,498
6.5,11,12,11,500
6.5,11,12,12,501
6.5,11,12,13,503
6.5,11,12,14,504
6.5,11,12,15,506
6.5,11,13,0,484
6.5,11,13,1,486
6.5,11,13,2,488
6.5,11,13,3,489
6.5,11,13,4,491
6.5,11,13,5,492
6.5,11,13,6,494
6.5,11,13,7,495
6.5,11,13,8,497
6.5,11,13,9,498
6.5,11,13,10,500
6.5,11,13,11,501
6.5,11,13,12,503
6.5,11,13,13,504
6.5,11,13,14,506
6.5,11,13,15,507
6.5,11,14,0,486
6.5,11,14,1,488
6.5,11,14,2,489
6.5,11,14,3,491
6.5,11,14,4,492
6.5,11,14,5,494
6.5,11,14,6,495
6.5,11,14,7,497
6.5,11,14,8,498
6.5,11,14,9,500
6.5,11,14,10,501
6.5,11,14,11,503
6.5,11,14,12,504
6.5,11,14,13,506
6.5,11,14,14,507
6.5,11,14,15,509
6.5,11,15,0,487
6.5,11,15,1,489
6.5,11,15,2,491
6.5,11,15,3,492
6.5,11,15,4,494
6.5,11,15,5,495
6.5,11,15,6,497
6.5,11,15,7,498
6.5,11,15,8,500
6.5,11,15,9,501
6.5,11,15,10,503
6.5,11,15,11,504
6.5,11,15,12,506
6.5,11,15,13,508
6.5,11,15,14,509
6.5,11,15,15,511
6.5,12,0,0,466
6.5,12,0,1,468
6.5,12,0,2,469
6.5,12,0,3,471
6.5,12,0,4,472
6.5,12,0,5,474
6.5,12,0,6,475
6.5,12,0,7,477
6.5,12,0,8,478
6.5,12,0,9,480
6.5,12,0,10,481
6.5,12,0,11,483
6.5,12,0,12,484
6.5,12,0,13,486
6.5,12,0,14,487
6.5,12,0,15,488
6.5,12,1,0,468
6.5,12,1,1,469
6.5,12,1,2,471
6.5,12,1,3,472
6.5,12,1,4,474
6.5,12,1,5,475
6.5,12,1,6,477
6.5,12,1,7,478
6.5,12,1,8,480
6.5,12,1,9,481
6.5,12,1,10,483
6.5,12,1,11,484
6.5,12,1,12,486
6.5,12,1,13,487
6.5,12,1,14,489
6.5,12,1,15,490
6.5,12,2,0,469
6.5,12,2,1,471
6.5,12,2,2,472
6.5,12,2,3,474
6.5,12,2,4,475
6.5,12,2,5,477
6.5,12,2,6,478
6.5,12,2,7,480
6.5,12,2,8,481
6.5,12,2,9,483
6.5,12,2,10,484
6.5,12,2,11,486
6.5,12,2,12,487
6.5,12,2,13,489
6.5,12,2,14,490
6.5,12,2,15,492
6.5,12,3,0,471
6.5,12,3,1,473
6.5,12,3,2,474
6.5,12,3,3,476
6.5,12,3,4,477
6.5,12,3,5,479
6.5,12,3,6,480
6.5,12,3,7,482
6.5,12,3,8,483
6.5,12,3,9,485
6.5,12,3,10,486
6.5,12,3,11,487
6.5,12,3,12,489
6.5,12,3,13,490
6.5,12,3,14,492
6.5,12,3,15,493
6.5,12,4,0,473
6.5,12,4,1,474
6.5,12,4,2,476
6.5,12,4,3,477
6.5,12,4,4,479
6.5,12,4,5,480
6.5,12,4,6,482
6.5,12,4,7,483
6.5,12,4,8,485
6.5,12,4,9,486
6.5,12,4,10,488
6.5,12,4,11,489
6.5,12,4,12,491
6.5,12,4,13,492
6.5,12,4,14,493
6.5,12,4,15,495
6.5,12,5,0,474
6.5,12,5,1,476
6.5,12,5,2,477
6.5,12,5,3,479
6.5,12,5,4,480
6.5,12,5,5,482
6.5,12,5,6,483
6.5,12,5,7,485
6.5,12,5,8,486
6.5,12,5,9,488
6.5,12,5,10,489
6.5,12,5,11,491
6.5,12,5,12,492
6.5,12,5,13,494
6.5,12,5,14,495
6.5,12,5,15,497
6.5,12,6,0,476
6.5,12,6,1,477
6.5,12,6,2,479
6.5,12,6,3,480
6.5,12,6,4,482
6.5,12,6,5,483
6.5,12,6,6,485
6.5,12,6,7,486
6.5,12,6,8,488
6.5,12,6,9,489
6.5,12,6,10,491
6.5,12,6,11,492
6.5,12,6,12,494
6.5,12,6,13,495
6.5,12,6,14,497
6.5,12,6,15,498
6.5,12,7,0,477
6.5,12,7,1,479
6.5,12,7,2,480
6.5,12,7,3,482
6.5,12,7,4,483
6.5,12,7,5,485
6.5,12,7,6,486
6.5,12,7,7,488
6.5,12,7,8,489
6.5,12,7,9,491
6.5,12,7,10,492
6.5,12,7,11,494
6.5,12,7,12,495
6.5,12,7,13,497
6.5,12,7,14,498
6.5,12,7,15,500
6.5,12,8,0,479
6.5,12,8,1,480
6.5,12,8,2,482
6.5,12,8,3,483
6.5,12,8,4,485
6.5,12,8,5,486
6.5,12,8,6,488
6.5,12,8,7,489
6.5,12,8,8,491
6.5,12,8,9,492
6.5,12,8,10,494
6.5,12,8,11,495
6.5,12,8,12,497
6.5,12,8,13,498
6.5,12,8,14,500
6.5,12,8,15,501
6.5,12,9,0,480
6.5,12,9,1,482
6.5,12,9,2,483
6.5,12,9,3,485
6.5,12,9,4,486
6.5,12,9,5,488
6.5,12,9,6,489
6.5,12,9,7,491
6.5,12,9,8,492
6.5,12,9,9,494
6.5,12,9,10,495
6.5,12,9,11,497
6.5,12,9,12,498
6.5,12,9,13,500
6.5,12,9,14,501
6.5,12,9,15,503
6.5,12,10,0,482
6.5,12,10,1,483
6.5,12,10,2,485
6.5,12,10,3,486
6.5,12,10,4,488
6.5,12,10,5,489
6.5,12,10,6,491
6.5,12,10,7,493
6.5,12,10,8,494
6.5,12,10,9,496
6.5,12,10,10,497
6.5,12,10,11,499
6.5,12,10,12,500
6.5,12,10,13,502
6.5,12,10,14,503
6.5,12,10,15,505
6.5,12,11,0,483
6.5,12,11,1,485
6.5,12,11,2,486
6.5,12,11,3,488
6.5,12,11,4,489
6.5,12,11,5,491
6.5,12,11,6,493
6.5,12,11,7,494
6.5,12,11,8,496
6.5,12,11,9,497
6.5,12,11,10,499
6.5,12,11,11,500
6.5,12,11,12,502
6.5,12,11,13,503
6.5,12,11,14,505
6.5,12,11,15,506
6.5,12,12,0,485
6.5,12,12,1,486
6.5,12,12,2,488
6.5,12,12,3,489
6.5,12,12,4,491
6.5,12,12,5,493
6.5,12,12,6,494
6.5,12,12,7,496
6.5,12,12,8,497
6.5,12,12,9,499
6.5,12,12,10,500
6.5,12,12,11,502
6.5,12,12,12,503
6.5,12,12,13,505
6.5,12,12,14,506
6.5,12,12,15,508
6.5,12,13,0,486
6.5,12,13,1,488
6.5,12,13,2,489
6.5,12,13,3,491
6.5,12,13,4,493
6.5,12,13,5,494
6.5,12,13,6,496
6.5,12,13,7,497
6.5,12,13,8,499
6.5,12,13,9,500
6.5,12,13,10,502
6.5,12,13,11,503
6.5,12,13,12,505
6.5,12,13,13,506
6.5,12,13,14,508
6.5,12,13,15,509
6.5,12,14,0,488
6.5,12,14,1,489
6.5,12,14,2,491
6.5,12,14,3,492
6.5,12,14,4,494
6.5,12,14,5,496
6.5,12,14,6,497
6.5,12,14,7,499
6.5,12,14,8,500
6.5,12,14,9,502
6.5,12,14,10,503
6.5,12,14,11,505
6.5,12,14,12,506
6.5,12,14,13,508
6.5,12,14,14,509
6.5,12,14,15,511
6.5,12,15,0,489
6.5,12,15,1,491
6.5,12,15,2,492
6.5,12,15,3,494
6.5,12,15,4,496
6.5,12,15,5,497
6.5,12,15,6,499
6.5,12,15,7,500
6.5,12,15,8,502
6.5,12,15,9,503
6.5,12,15,10,505
6.5,12,15,11,506
6.5,12,15,12,508
6.5,12,15,13,509
6.5,12,15,14,511
6.5,12,15,15,512
6.5,13,0,0,468
6.5,13,0,1,470
6.5,13,0,2,471
6.5,13,0,3,473
6.5,13,0,4,474
6.5,13,0,5,476
6.5,13,0,6,477
6.5,13,0,7,479
6.5,13,0,8,480
6.5,13,0,9,481
6.5,13,0,10,483
6.5,13,0,11,484
6.5,13,0,12,486
6.5,13,0,13,487
6.5,13,0,14,489
6.5,13,0,15,490
6.5,13,1,0,470
6.5,13,1,1,471
6.5,13,1,2,473
6.5,13,1,3,474
6.5,13,1,4,476
6.5,13,1,5,477
6.5,13,1,6,479
6.5,13,1,7,480
6.5,13,1,8,482
6.5,13,1,9,483
6.5,13,1,10,485
6.5,13,1,11,486
6.5,13,1,12,487
6.5,13,1,13,489
6.5,13,1,14,490
6.5,13,1,15,492
6.5,13,2,0,471
6.5,13,2,1,473
6.5,13,2,2,474
6.5,13,2,3,476
6.5,13,2,4,477
6.5,13,2,5,479
6.5,13,2,6,480
6.5,13,2,7,482
6.5,13,2,8,483
6.5,13,2,9,485
6.5,13,2,10,486
6.5,13,2,11,488
6.5,13,2,12,489
6.5,13,2,13,491
6.5,13,2,14,492
6.5,13,2,15,493
6.5,13,3,0,473
6.5,13,3,1,474
6.5,13,3,2,476
6.5,13,3,3,477
6.5,13,3,4,479
6.5,13,3,5,480
6.5,13,3,6,482
6.5,13,3,7,483
6.5,13,3,8,485
6.5,13,3,9,486
6.5,13,3,10,488
6.5,13,3,11,489
6.5,13,3,12,491
6.5,13,3,13,492
6.5,13,3,14,494
6.5,13,3,15,495
6.5,13,4,0,474
6.5,13,4,1,476
6.5,13,4,2,477
6.5,13,4,3,479
6.5,13,4,4,480
6.5,13,4,5,482
6.5,13,4,6,483
6.5,13,4,7,485
6.5,13,4,8,486
6.5,13,4,9,488
6.5,13,4,10,489
6.5,13,4,11,491
6.5,13,4,12,492
6.5,13,4,13,494
6.5,13,4,14,495
6.5,13,4,15,497
6.5,13,5,0,476
6.5,13,5,1,477
6.5,13,5,2,479
6.5,13,5,3,480
6.5,13,5,4,482
6.5,13,5,5,483
6.5,13,5,6,485
6.5,13,5,7,486
6.5,13,5,8,488
6.5,13,5,9,489
6.5,13,5,10,491
6.5,13,5,11,492
6.5,13,5,12,494
6.5,13,5,13,495
6.5,13,5,14,497
6.5,13,5,15,498
6.5,13,6,0,477
6.5,13,6,1,479
6.5,13,6,2,480
6.5,13,6,3,482
6.5,13,6,4,484
6.5,13,6,5,485
6.5,13,6,6,487
6.5,13,6,7,488
6.5,13,6,8,490
6.5,13,6,9,491
6.5,13,6,10,493
6.5,13,6,11,494
6.5,13,6,12,496
6.5,13,6,13,497
6.5,13,6,14,499
6.5,13,6,15,500
6.5,13,7,0,479
6.5,13,7,1,480
6.5,13,7,2,482
6.5,13,7,3,484
6.5,13,7,4,485
6.5,13,7,5,487
6.5,13,7,6,488
6.5,13,7,7,490
6.5,13,7,8,491
6.5,13,7,9,493
6.5,13,7,10,494
6.5,13,7,11,496
6.5,13,7,12,497
6.5,13,7,13,499
6.5,13,7,14,500
6.5,13,7,15,502
6.5,13,8,0,480
6.5,13,8,1,482
6.5,13,8,2,484
6.5,13,8,3,485
6.5,13,8,4,487
6.5,13,8,5,488
6.5,13,8,6,490
6.5,13,8,7,491
6.5,13,8,8,493
6.5,13,8,9,494
6.5,13,8,10,496
6.5,13,8,11,497
6.5,13,8,12,499
6.5,13,8,13,500
6.5,13,8,14,502
6.5,13,8,15,503
6.5,13,9,0,482
6.5,13,9,1,484
6.5,13,9,2,485
6.5,13,9,3,487
6.5,13,9,4,488
6.5,13,9,5,490
6.5,13,9,6,491
6.5,13,9,7,493
6.5,13,9,8,494
6.5,13,9,9,496
6.5,13,9,10,497
6.5,13,9,11,499
6.5,13,9,12,500
6.5,13,9,13,502
6.5,13,9,14,503
6.5,13,9,15,505
6.5,13,10,0,484
6.5,13,10,1,485
6.5,13,10,2,487
6.5,13,10,3,488
6.5,13,10,4,490
6.5,13,10,5,491
6.5,13,10,6,493
6.5,13,10,7,494
6.5,13,10,8,496
6.5,13,10,9,497
6.5,13,10,10,499
6.5,13,10,11,500
6.5,13,10,12,502
6.5,13,10,13,503
6.5,13,10,14,505
6.5,13,10,15,506
6.5,13,11,0,485
6.5,13,11,1,487
6.5,13,11,2,488
6.5,13,11,3,490
6.5,13,11,4,491
6.5,13,11,5,493
6.5,13,11,6,494
6.5,13,11,7,496
6.5,13,11,8,497
6.5,13,11,9,499
6.5,13,11,10,500
6.5,13,11,11,502
6.5,13,11,12,503
6.5,13,11,13,505
6.5,13,11,14,506
6.5,13,11,15,508
6.5,13,12,0,487
6.5,13,12,1,488
6.5,13,12,2,490
6.5,13,12,3,491
6.5,13,12,4,493
6.5,13,12,5,494
6.5,13,12,6,496
6.5,13,12,7,497
6.5,13,12,8,499
6.5,13,12,9,500
6.5,13,12,10,502
6.5,13,12,11,504
6.5,13,12,12,505
6.5,13,12,13,507
6.5,13,12,14,508
6.5,13,12,15,510
6.5,13,13,0,488
6.5,13,13,1,490
6.5,13,13,2,491
6.5,13,13,3,493
6.5,13,13,4,494
6.5,13,13,5,496
6.5,13,13,6,497
6.5,13,13,7,499
6.5,13,13,8,501
6.5,13,13,9,502
6.5,13,13,10,504
6.5,13,13,11,505
6.5,13,13,12,507
6.5,13,13,13,508
6.5,13,13,14,510
6.5,13,13,15,511
6.5,13,14,0,490
6.5,13,14,1,491
6.5,13,14,2,493
6.5,13,14,3,494
6.5,13,14,4,496
6.5,13,14,5,497
6.5,13,14,6,499
6.5,13,14,7,501
6.5,13,14,8,502
6.5,13,14,9,504
6.5,13,14,10,505
6.5,13,14,11,507
6.5,13,14,12,508
6.5,13,14,13,510
6.5,13,14,14,511
6.5,13,14,15,513
6.5,13,15,0,491
6.5,13,15,1,493
6.5,13,15,2,494
6.5,13,15,3,496
6.5,13,15,4,497
6.5,13,15,5,499
6.5,13,15,6,500
6.5,13,15,7,502
6.5,13,15,8,504
6.5,13,15,9,505
6.5,13,15,10,507
6.5,13,15,11,508
6.5,13,15,12,510
6.5,13,15,13,511
6.5,13,15,14,513
6.5,13,15,15,514
6.5,14,0,0,470
6.5,14,0,1,471
6.5,14,0,2,473
6.5,14,0,3,474
6.5,14,0,4,476
6.5,14,0,5,477
6.5,14,0,6,479
6.5,14,0,7,480
6.5,14,0,8,482
6.5,14,0,9,483
6.5,14,0,10,485
6.5,14,0,11,486
6.5,14,0,12,488
6.5,14,0,13,489
6.5,14,0,14,491
6.5,14,0,15,492
6.5,14,1,0,471
6.5,14,1,1,473
6.5,14,1,2,474
6.5,14,1,3,476
6.5,14,1,4,477
6.5,14,1,5,479
6.5,14,1,6,480
6.5,14,1,7,482
6.5,14,1,8,483
6.5,14,1,9,485
6.5,14,1,10,486
6.5,14,1,11,488
6.5,14,1,12,489
6.5,14,1,13,491
6.5,14,1,14,492
6.5,14,1,15,494
6.5,14,2,0,473
6.5,14,2,1,474
6.5,14,2,2,476
6.5,14,2,3,477
6.5,14,2,4,479
6.5,14,2,5,480
6.5,14,2,6,482
6.5,14,2,7,483
6.5,14,2,8,485
6.5,14,2,9,486
6.5,14,2,10,488
6.5,14,2,11,489
6.5,14,2,12,491
6.5,14,2,13,492
6.5,14,2,14,494
6.5,14,2,15,495
6.5,14,3,0,474
6.5,14,3,1,476
6.5,14,3,2,478
6.5,14,3,3,479
6.5,14,3,4,481
6.5,14,3,5,482
6.5,14,3,6,484
6.5,14,3,7,485
6.5,14,3,8,487
6.5,14,3,9,488
6.5,14,3,10,490
6.5,14,3,11,491
6.5,14,3,12,493
6.5,14,3,13,494
6.5,14,3,14,495
6.5,14,3,15,497
6.5,14,4,0,476
6.5,14,4,1,478
6.5,14,4,2,479
6.5,14,4,3,481
6.5,14,4,4,482
6.5,14,4,5,484
6.5,14,4,6,485
6.5,14,4,7,487
6.5,14,4,8,488
6.5,14,4,9,490
6.5,14,4,10,491
6.5,14,4,11,493
6.5,14,4,12,494
6.5,14,4,13,496
6.5,14,4,14,497
6.5,14,4,15,499
6.5,14,5,0,478
6.5,14,5,1,479
6.5,14,5,2,481
6.5,14,5,3,482
6.5,14,5,4,484
6.5,14,5,5,485
6.5,14,5,6,487
6.5,14,5,7,488
6.5,14,5,8,490
6.5,14,5,9,491
6.5,14,5,10,493
6.5,14,5,11,494
6.5,14,5,12,496
6.5,14,5,13,497
6.5,14,5,14,499
6.5,14,5,15,500
6.5,14,6,0,479
6.5,14,6,1,481
6.5,14,6,2,482
6.5,14,6,3,484
6.5,14,6,4,485
6.5,14,6,5,487
6.5,14,6,6,488
6.5,14,6,7,490
6.5,14,6,8,491
6.5,14,6,9,493
6.5,14,6,10,494
6.5,14,6,11,496
6.5,14,6,12,497
6.5,14,6,13,499
6.5,14,6,14,500
6.5,14,6,15,502
6.5,14,7,0,481
6.5,14,7,1,482
6.5,14,7,2,484
6.5,14,7,3,485
6.5,14,7,4,487
6.5,14,7,5,488
6.5,14,7,6,490
6.5,14,7,7,491
6.5,14,7,8,493
6.5,14,7,9,494
6.5,14,7,10,496
6.5,14,7,11,497
6.5,14,7,12,499
6.5,14,7,13,500
6.5,14,7,14,502
6.5,14,7,15,503
6.5,14,8,0,482
6.5,14,8,1,484
6.5,14,8,2,485
6.5,14,8,3,487
6.5,14,8,4,488
6.5,14,8,5,490
6.5,14,8,6,491
6.5,14,8,7,493
6.5,14,8,8,495
6.5,14,8,9,496
6.5,14,8,10,498
6.5,14,8,11,499
6.5,14,8,12,501
6.5,14,8,13,502
6.5,14,8,14,504
6.5,14,8,15,505
6.5,14,9,0,484
6.5,14,9,1,485
6.5,14,9,2,487
6.5,14,9,3,488
6.5,14,9,4,490
6.5,14,9,5,491
6.5,14,9,6,493
6.5,14,9,7,495
6.5,14,9,8,496
6.5,14,9,9,498
6.5,14,9,10,499
6.5,14,9,11,501
6.5,14,9,12,502
6.5,14,9,13,504
6.5,14,9,14,505
6.5,14,9,15,507
6.5,14,10,0,485
6.5,14,10,1,487
6.5,14,10,2,488
6.5,14,10,3,490
6.5,14,10,4,492
6.5,14,10,5,493
6.5,14,10,6,495
6.5,14,10,7,496
6.5,14,10,8,498
6.5,14,10,9,499
6.5,14,10,10,501
6.5,14,10,11,502
6.5,14,10,12,504
6.5,14,10,13,505
6.5,14,10,14,507
6.5,14,10,15,508
6.5,14,11,0,487
6.5,14,11,1,488
6.5,14,11,2,490
6.5,14,11,3,491
6.5,14,11,4,493
6.5,14,11,5,495
6.5,14,11,6,496
6.5,14,11,7,498
6.5,14,11,8,499
6.5,14,11,9,501
6.5,14,11,10,502
6.5,14,11,11,504
6.5,14,11,12,505
6.5,14,11,13,507
6.5,14,11,14,508
6.5,14,11,15,510
6.5,14,12,0,488
6.5,14,12,1,490
6.5,14,12,2,491
6.5,14,12,3,493
6.5,14,12,4,495
6.5,14,12,5,496
6.5,14,12,6,498
6.5,14,12,7,499
6.5,14,12,8,501
6.5,14,12,9,502
6.5,14,12,10,504
6.5,14,12,11,505
6.5,14,12,12,507
6.5,14,12,13,508
6.5,14,12,14,510
6.5,14,12,15,511
6.5,14,13,0,490
6.5,14,13,1,491
6.5,14,13,2,493
6.5,14,13,3,495
6.5,14,13,4,496
6.5,14,13,5,498
6.5,14,13,6,499
6.5,14,13,7,501
6.5,14,13,8,502
6.5,14,13,9,504
6.5,14,13,10,505
6.5,14,13,11,507
6.5,14,13,12,508
6.5,14,13,13,510
6.5,14,13,14,512
6.5,14,13,15,513
6.5,14,14,0,491
6.5,14,14,1,493
6.5,14,14,2,495
6.5,14,14,3,496
6.5,14,14,4,498
6.5,14,14,5,499
6.5,14,14,6,501
6.5,14,14,7,502
6.5,14,14,8,504
6.5,14,14,9,505
6.5,14,14,10,507
6.5,14,14,11,509
6.5,14,14,12,510
6.5,14,14,13,512
6.5,14,14,14,513
6.5,14,14,15,515
6.5,14,15,0,493
6.5,14,15,1,494
6.5,14,15,2,496
6.5,14,15,3,498
6.5,14,15,4,499
6.5,14,15,5,501
6.5,14,15,6,502
6.5,14,15,7,504
6.5,14,15,8,505
6.5,14,15,9,507
6.5,14,15,10,509
6.5,14,15,11,510
6.5,14,15,12,512
6.5,14,15,13,513
6.5,14,15,14,515
6.5,14,15,15,516
6.5,15,0,0,471
6.5,15,0,1,473
6.5,15,0,2,475
6.5,15,0,3,476
6.5,15,0,4,478
6.5,15,0,5,479
6.5,15,0,6,481
6.5,15,0,7,482
6.5,15,0,8,483
6.5,15,0,9,485
6.5,15,0,10,486
6.5,15,0,11,488
6.5,15,0,12,489
6.5,15,0,13,491
6.5,15,0,14,492
6.5,15,0,15,494
6.5,15,1,0,473
6.5,15,1,1,475
6.5,15,1,2,476
6.5,15,1,3,478
6.5,15,1,4,479
6.5,15,1,5,481
6.5,15,1,6,482
6.5,15,1,7,484
6.5,15,1,8,485
6.5,15,1,9,487
6.5,15,1,10,488
6.5,15,1,11,490
6.5,15,1,12,491
6.5,15,1,13,493
6.5,15,1,14,494
6.5,15,1,15,495
6.5,15,2,0,475
6.5,15,2,1,476
6.5,15,2,2,478
6.5,15,2,3,479
6.5,15,2,4,481
6.5,15,2,5,482
6.5,15,2,6,484
6.5,15,2,7,485
6.5,15,2,8,487
6.5,15,2,9,488
6.5,15,2,10,490
6.5,15,2,11,491
6.5,15,2,12,493
6.5,15,2,13,494
6.5,15,2,14,496
6.5,15,2,15,497
6.5,15,3,0,476
6.5,15,3,1,478
6.5,15,3,2,479
6.5,15,3,3,481
6.5,15,3,4,482
6.5,15,3,5,484
6.5,15,3,6,485
6.5,15,3,7,487
6.5,15,3,8,488
6.5,15,3,9,490
6.5,15,3,10,491
6.5,15,3,11,493
6.5,15,3,12,494
6.5,15,3,13,496
6.5,15,3,14,497
6.5,15,3,15,499
6.5,15,4,0,478
6.5,15,4,1,479
6.5,15,4,2,481
6.5,15,4,3,482
6.5,15,4,4,484
6.5,15,4,5,485
6.5,15,4,6,487
6.5,15,4,7,488
6.5,15,4,8,490
6.5,15,4,9,491
6.5,15,4,10,493
6.5,15,4,11,494
6.5,15,4,12,496
6.5,15,4,13,497
6.5,15,4,14,499
6.5,15,4,15,500
6.5,15,5,0,479
6.5,15,5,1,481
6.5,15,5,2,482
6.5,15,5,3,484
6.5,15,5,4,485
6.5,15,5,5,487
6.5,15,5,6,489
6.5,15,5,7,490
6.5,15,5,8,492
6.5,15,5,9,493
6.5,15,5,10,495
6.5,15,5,11,496
6.5,15,5,12,498
6.5,15,5,13,499
6.5,15,5,14,501
6.5,15,5,15,502
6.5,15,6,0,481
6.5,15,6,1,482
6.5,15,6,2,484
6.5,15,6,3,486
6.5,15,6,4,487
6.5,15,6,5,489
6.5,15,6,6,490
6.5,15,6,7,492
6.5,15,6,8,493
6.5,15,6,9,495
6.5,15,6,10,496
6.5,15,6,11,498
6.5,15,6,12,499
6.5,15,6,13,501
6.5,15,6,14,502
6.5,15,6,15,504
6.5,15,7,0,482
6.5,15,7,1,484
6.5,15,7,2,486
6.5,15,7,3,487
6.5,15,7,4,489
6.5,15,7,5,490
6.5,15,7,6,492
6.5,15,7,7,493
6.5,15,7,8,495
6.5,15,7,9,496
6.5,15,7,10,498
6.5,15,7,11,499
6.5,15,7,12,501
6.5,15,7,13,502
6.5,15,7,14,504
6.5,15,7,15,505
6.5,15,8,0,484
6.5,15,8,1,486
6.5,15,8,2,487
6.5,15,8,3,489
6.5,15,8,4,490
6.5,15,8,5,492
6.5,15,8,6,493
6.5,15,8,7,495
6.5,15,8,8,496
6.5,15,8,9,498
6.5,15,8,10,499
6.5,15,8,11,501
6.5,15,8,12,502
6.5,15,8,13,504
6.5,15,8,14,505
6.5,15,8,15,507
6.5,15,9,0,486
6.5,15,9,1,487
6.5,15,9,2,489
6.5,15,9,3,490
6.5,15,9,4,492
6.5,15,9,5,493
6.5,15,9,6,495
6.5,15,9,7,496
6.5,15,9,8,498
6.5,15,9,9,499
6.5,15,9,10,501
6.5,15,9,11,502
6.5,15,9,12,504
6.5,15,9,13,505
6.5,15,9,14,507
6.5,15,9,15,508
6.5,15,10,0,487
6.5,15,10,1,489
6.5,15,10,2,490
6.5,15,10,3,492
6.5,15,10,4,493
6.5,15,10,5,495
6.5,15,10,6,496
6.5,15,10,7,498
6.5,15,10,8,499
6.5,15,10,9,501
6.5,15,10,10,503
6.5,15,10,11,504
6.5,15,10,12,506
6.5,15,10,13,507
6.5,15,10,14,509
6.5,15,10,15,510
6.5,15,11,0,489
6.5,15,11,1,490
6.5,15,11,2,492
6.5,15,11,3,493
6.5,15,11,4,495
6.5,15,11,5,496
6.5,15,11,6,498
6.5,15,11,7,499
6.5,15,11,8,501
6.5,15,11,9,503
6.5,15,11,10,504
6.5,15,11,11,506
6.5,15,11,12,507
6.5,15,11,13,509
6.5,15,11,14,510
6.5,15,11,15,512
6.5,15,12,0,490
6.5,15,12,1,492
6.5,15,12,2,493
6.5,15,12,3,495
6.5,15,12,4,496
6.5,15,12,5,498
6.5,15,12,6,500
6.5,15,12,7,501
6.5,15,12,8,503
6.5,15,12,9,504
6.5,15,12,10,506
6.5,15,12,11,507
6.5,15,12,12,509
6.5,15,12,13,510
6.5,15,12,14,512
6.5,15,12,15,513
6.5,15,13,0,492
6.5,15,13,1,493
6.5,15,13,2,495
6.5,15,13,3,496
6.5,15,13,4,498
6.5,15,13,5,499
6.5,15,13,6,501
6.5,15,13,7,503
6.5,15,13,8,504
6.5,15,13,9,506
6.5,15,13,10,507
6.5,15,13,11,509
6.5,15,13,12,510
6.5,15,13,13,512
6.5,15,13,14,513
6.5,15,13,15,515
6.5,15,14,0,493
6.5,15,14,1,495
6.5,15,14,2,496
6.5,15,14,3,498
6.5,15,14,4,499
6.5,15,14,5,501
6.5,15,14,6,503
6.5,15,14,7,504
6.5,15,14,8,506
6.5,15,14,9,507
6.5,15,14,10,509
6.5,15,14,11,510
6.5,15,14,12,512
6.5,15,14,13,513
6.5,15,14,14,515
6.5,15,14,15,516
6.5,15,15,0,495
6.5,15,15,1,496
6.5,15,15,2,498
6.5,15,15,3,499
6.5,15,15,4,501
6.5,15,15,5,503
6.5,15,15,6,504
6.5,15,15,7,506
6.5,15,15,8,507
6.5,15,15,9,509
6.5,15,15,10,510
6.5,15,15,11,512
6.5,15,15,12,513
6.5,15,15,13,515
6.5,15,15,14,517
6.5,15,15,15,518
7.0,0,0,0,483
7.0,0,0,1,485
7.0,0,0,2,486
7.0,0,0,3,488
7.0,0,0,4,489
7.0,0,0,5,491
7.0,0,0,6,492
7.0,0,0,7,494
7.0,0,0,8,496
7.0,0,0,9,497
7.0,0,0,10,499
7.0,0,0,11,500
7.0,0,0,12,502
7.0,0,0,13,503
7.0,0,0,14,505
7.0,0,0,15,506
7.0,0,1,0,485
7.0,0,1,1,486
7.0,0,1,2,488
7.0,0,1,3,489
7.0,0,1,4,491
7.0,0,1,5,493
7.0,0,1,6,494
7.0,0,1,7,496
7.0,0,1,8,497
7.0,0,1,9,499
7.0,0,1,10,500
7.0,0,1,11,502
7.0,0,1,12,503
7.0,0,1,13,505
7.0,0,1,14,506
7.0,0,1,15,508
7.0,0,2,0,486
7.0,0,2,1,488
7.0,0,2,2,490
7.0,0,2,3,491
7.0,0,2,4,493
7.0,0,2,5,494
7.0,0,2,6,496
7.0,0,2,7,497
7.0,0,2,8,499
7.0,0,2,9,500
7.0,0,2,10,502
7.0,0,2,11,503
7.0,0,2,12,505
7.0,0,2,13,506
7.0,0,2,14,508
7.0,0,2,15,509
7.0,0,3,0,488
7.0,0,3,1,490
7.0,0,3,2,491
7.0,0,3,3,493
7.0,0,3,4,494
7.0,0,3,5,496
7.0,0,3,6,497
7.0,0,3,7,499
7.0,0,3,8,500
7.0,0,3,9,502
7.0,0,3,10,504
7.0,0,3,11,505
7.0,0,3,12,507
7.0,0,3,13,508
7.0,0,3,14,510
7.0,0,3,15,511
7.0,0,4,0,490
7.0,0,4,1,491
7.0,0,4,2,493
7.0,0,4,3,494
7.0,0,4,4,496
7.0,0,4,5,497
7.0,0,4,6,499
7.0,0,4,7,501
7.0,0,4,8,502
7.0,0,4,9,504
7.0,0,4,10,505
7.0,0,4,11,507
7.0,0,4,12,508
7.0,0,4,13,510
7.0,0,4,14,511
7.0,0,4,15,513
7.0,0,5,0,491
7.0,0,5,1,493
7.0,0,5,2,494
7.0,0,5,3,496
7.0,0,5,4,498
7.0,0,5,5,499
7.0,0,5,6,501
7.0,0,5,7,502
7.0,0,5,8,504
7.0,0,5,9,505
7.0,0,5,10,507
7.0,0,5,11,508
7.0,0,5,12,510
7.0,0,5,13,511
7.0,0,5,14,513
7.0,0,5,15,514
7.0,0,6,0,493
7.0,0,6,1,494
7.0,0,6,2,496
7.0,0,6,3,498
7.0,0,6,4,499
7.0,0,6,5,501
7.0,0,6,6,502
7.0,0,6,7,504
7.0,0,6,8,505
7.0,0,6,9,507
7.0,0,6,10,509
7.0,0,6,11,510
7.0,0,6,12,512
7.0,0,6,13,513
7.0,0,6,14,515
7.0,0,6,15,516
7.0,0,7,0,494
7.0,0,7,1,496
7.0,0,7,2,498
7.0,0,7,3,499
7.0,0,7,4,501
7.0,0,7,5,502
7.0,0,7,6,504
7.0,0,7,7,505
7.0,0,7,8,507
7.0,0,7,9,509
7.0,0,7,10,510
7.0,0,7,11,512
7.0,0,7,12,513
7.0,0,7,13,515
7.0,0,7,14,516
7.0,0,7,15,518
7.0,0,8,0,496
7.0,0,8,1,498
7.0,0,8,2,499
7.0,0,8,3,501
7.0,0,8,4,502
7.0,0,8,5,504
7.0,0,8,6,506
7.0,0,8,7,507
7.0,0,8,8,509
7.0,0,8,9,510
7.0,0,8,10,512
7.0,0,8,11,513
7.0,0,8,12,515
7.0,0,8,13,516
7.0,0,8,14,518
7.0,0,8,15,519
7.0,0,9,0,498
7.0,0,9,1,499
7.0,0,9,2,501
7.0,0,9,3,502
7.0,0,9,4,504
7.0,0,9,5,506
7.0,0,9,6,507
7.0,0,9,7,509
7.0,0,9,8,510
7.0,0,9,9,512
7.0,0,9,10,513
7.0,0,9,11,515
7.0,0,9,12,517
7.0,0,9,13,518
7.0,0,9,14,520
7.0,0,9,15,521
7.0,0,10,0,499
7.0,0,10,1,501
7.0,0,10,2,502
7.0,0,10,3,504
7.0,0,10,4,506
7.0,0,10,5,507
7.0,0,10,6,509
7.0,0,10,7,510
7.0,0,10,8,512
7.0,0,10,9,513
7.0,0,10,10,515
7.0,0,10,11,517
7.0,0,10,12,518
7.0,0,10,13,520
7.0,0,10,14,521
7.0,0,10,15,523
7.0,0,11,0,501
7.0,0,11,1,502
7.0,0,11,2,504
7.0,0,11,3,506
7.0,0,11,4,507
7.0,0,11,5,509
7.0,0,11,6,510
7.0,0,11,7,512
7.0,0,11,8,514
7.0,0,11,9,515
7.0,0,11,10,517
7.0,0,11,11,518
7.0,0,11,12,520
7.0,0,11,13,521
7.0,0,11,14,523
7.0,0,11,15,524
7.0,0,12,0,502
7.0,0,12,1,504
7.0,0,12,2,506
7.0,0,12,3,507
7.0,0,12,4,509
7.0,0,12,5,510
7.0,0,12,6,512
7.0,0,12,7,514
7.0,0,12,8,515
7.0,0,12,9,517
7.0,0,12,10,518
7.0,0,12,11,520
7.0,0,12,12,521
7.0,0,12,13,523
7.0,0,12,14,525
7.0,0,12,15,526
7.0,0,13,0,504
7.0,0,13,1,505
7.0,0,13,2,507
7.0,0,13,3,509
7.0,0,13,4,510
7.0,0,13,5,512
7.0,0,13,6,514
7.0,0,13,7,515
7.0,0,13,8,517
7.0,0,13,9,518
7.0,0,13,10,520
7.0,0,13,11,521
7.0,0,13,12,523
7.0,0,13,13,525
7.0,0,13,14,526
7.0,0,13,15,528
7.0,0,14,0,505
7.0,0,14,1,507
7.0,0,14,2,509
7.0,0,14,3,510
7.0,0,14,4,512
7.0,0,14,5,514
7.0,0,14,6,515
7.0,0,14,7,517
7.0,0,14,8,518
7.0,0,14,9,520
7.0,0,14,10,521
7.0,0,14,11,523
7.0,0,14,12,525
7.0,0,14,13,526
7.0,0,14,14,528
7.0,0,14,15,529
7.0,0,15,0,507
7.0,0,15,1,509
7.0,0,15,2,510
7.0,0,15,3,512
7.0,0,15,4,513
7.0,0,15,5,515
7.0,0,15,6,517
7.0,0,15,7,518
7.0,0,15,8,520
7.0,0,15,9,521
7.0,0,15,10,523
7.0,0,15,11,525
7.0,0,15,12,526
7.0,0,15,13,528
7.0,0,15,14,529
7.0,0,15,15,531
7.0,1,0,0,485
7.0,1,0,1,487
7.0,1,0,2,488
7.0,1,0,3,490
7.0,1,0,4,491
7.0,1,0,5,493
7.0,1,0,6,494
7.0,1,0,7,496
7.0,1,0,8,497
7.0,1,0,9,499
7.0,1,0,10,500
7.0,1,0,11,502
7.0,1,0,12,504
7.0,1,0,13,505
7.0,1,0,14,507
7.0,1,0,15,508
7.0,1,1,0,487
7.0,1,1,1,488
7.0,1,1,2,490
7.0,1,1,3,491
7.0,1,1,4,493
7.0,1,1,5,494
7.0,1,1,6,496
7.0,1,1,7,498
7.0,1,1,8,499
7.0,1,1,9,501
7.0,1,1,10,502
7.0,1,1,11,504
7.0,1,1,12,505
7.0,1,1,13,507
7.0,1,1,14,508
7.0,1,1,15,510
7.0,1,2,0,488
7.0,1,2,1,490
7.0,1,2,2,491
7.0,1,2,3,493
7.0,1,2,4,495
7.0,1,2,5,496
7.0,1,2,6,498
7.0,1,2,7,499
7.0,1,2,8,501
7.0,1,2,9,502
7.0,1,2,10,504
7.0,1,2,11,505
7.0,1,2,12,507
7.0,1,2,13,508
7.0,1,2,14,510
7.0,1,2,15,511
7.0,1,3,0,490
7.0,1,3,1,492
7.0,1,3,2,493
7.0,1,3,3,495
7.0,1,3,4,496
7.0,1,3,5,498
7.0,1,3,6,499
7.0,1,3,7,501
7.0,1,3,8,502
7.0,1,3,9,504
7.0,1,3,10,505
7.0,1,3,11,507
7.0,1,3,12,509
7.0,1,3,13,510
7.0,1,3,14,512
7.0,1,3,15,513
7.0,1,4,0,492
7.0,1,4,1,493
7.0,1,4,2,495
7.0,1,4,3,496
7.0,1,4,4,498
7.0,1,4,5,499
7.0,1,4,6,501
7.0,1,4,7,503
7.0,1,4,8,504
7.0,1,4,9,506
7.0,1,4,10,507
7.0,1,4,11,509
7.0,1,4,12,510
7.0,1,4,13,512
7.0,1,4,14,513
7.0,1,4,15,515
7.0,1,5,0,493
7.0,1,5,1,495
7.0,1,5,2,496
7.0,1,5,3,498
7.0,1,5,4,499
7.0,1,5,5,501
7.0,1,5,6,503
7.0,1,5,7,504
7.0,1,5,8,506
7.0,1,5,9,507
7.0,1,5,10,509
7.0,1,5,11,510
7.0,1,5,12,512
7.0,1,5,13,513
7.0,1,5,14,515
7.0,1,5,15,516
7.0,1,6,0,495
7.0,1,6,1,496
7.0,1,6,2,498
7.0,1,6,3,500
7.0,1,6,4,501
7.0,1,6,5,503
7.0,1,6,6,504
7.0,1,6,7,506
7.0,1,6,8,507
7.0,1,6,9,509
7.0,1,6,10,510
7.0,1,6,11,512
7.0,1,6,12,514
7.0,1,6,13,515
7.0,1,6,14,517
7.0,1,6,15,518
7.0,1,7,0,496
7.0,1,7,1,498
7.0,1,7,2,500
7.0,1,7,3,501
7.0,1,7,4,503
7.0,1,7,5,504
7.0,1,7,6,506
7.0,1,7,7,507
7.0,1,7,8,509
7.0,1,7,9,511
7.0,1,7,10,512
7.0,1,7,11,514
7.0,1,7,12,515
7.0,1,7,13,517
7.0,1,7,14,518
7.0,1,7,15,520
7.0,1,8,0,498
7.0,1,8,1,500
7.0,1,8,2,501
7.0,1,8,3,503
7.0,1,8,4,504
7.0,1,8,5,506
7.0,1,8,6,507
7.0,1,8,7,509
7.0,1,8,8,511
7.0,1,8,9,512
7.0,1,8,10,514
7.0,1,8,11,515
7.0,1,8,12,517
7.0,1,8,13,518
7.0,1,8,14,520
7.0,1,8,15,521
7.0,1,9,0,500
7.0,1,9,1,501
7.0,1,9,2,503
7.0,1,9,3,504
7.0,1,9,4,506
7.0,1,9,5,508
7.0,1,9,6,509
7.0,1,9,7,511
7.0,1,9,8,512
7.0,1,9,9,514
7.0,1,9,10,515
7.0,1,9,11,517
7.0,1,9,12,519
7.0,1,9,13,520
7.0,1,9,14,522
7.0,1,9,15,523
7.0,1,10,0,501
7.0,1,10,1,503
7.0,1,10,2,504
7.0,1,10,3,506
7.0,1,10,4,508
7.0,1,10,5,509
7.0,1,10,6,511
7.0,1,10,7,512
7.0,1,10,8,514
7.0,1,10,9,515
7.0,1,10,10,517
7.0,1,10,11,519
7.0,1,10,12,520
7.0,1,10,13,522
7.0,1,10,14,523
7.0,1,10,15,525
7.0,1,11,0,503
7.0,1,11,1,504
7.0,1,11,2,506
7.0,1,11,3,508
7.0,1,11,4,509
7.0,1,11,5,511
7.0,1,11,6,512
7.0,1,11,7,514
7.0,1,11,8,515
7.0,1,11,9,517
7.0,1,11,10,519
7.0,1,11,11,520
7.0,1,11,12,522
7.0,1,11,13,523
7.0,1,11,14,525
7.0,1,11,15,526
7.0,1,12,0,504
7.0,1,12,1,506
7.0,1,12,2,507
7.0,1,12,3,509
7.0,1,12,4,511
7.0,1,12,5,512
7.0,1,12,6,514
7.0,1,12,7,516
7.0,1,12,8,517
7.0,1,12,9,519
7.0,1,12,10,520
7.0,1,12,11,522
7.0,1,12,12,523
7.0,1,12,13,525
7.0,1,12,14,527
7.0,1,12,15,528
7.0,1,13,0,506
7.0,1,13,1,507
7.0,1,13,2,509
7.0,1,13,3,511
7.0,1,13,4,512
7.0,1,13,5,514
7.0,1,13,6,516
7.0,1,13,7,517
7.0,1,13,8,519
7.0,1,13,9,520
7.0,1,13,10,522
7.0,1,13,11,523
7.0,1,13,12,525
7.0,1,13,13,527
7.0,1,13,14,528
7.0,1,13,15,530
7.0,1,14,0,507
7.0,1,14,1,509
7.0,1,14,2,511
7.0,1,14,3,512
7.0,1,14,4,514
7.0,1,14,5,515
7.0,1,14,6,517
7.0,1,14,7,519
7.0,1,14,8,520
7.0,1,14,9,522
7.0,1,14,10,523
7.0,1,14,11,525
7.0,1,14,12,527
7.0,1,14,13,528
7.0,1,14,14,530
7.0,1,14,15,531
7.0,1,15,0,509
7.0,1,15,1,511
7.0,1,15,2,512
7.0,1,15,3,514
7.0,1,15,4,515
7.0,1,15,5,517
7.0,1,15,6,519
7.0,1,15,7,520
7.0,1,15,8,522
7.0,1,15,9,523
7.0,1,15,10,525
7.0,1,15,11,527
7.0,1,15,12,528
7.0,1,15,13,530
7.0,1,15,14,531
7.0,1,15,15,533
7.0,2,0,0,487
7.0,2,0,1,488
7.0,2,0,2,490
7.0,2,0,3,492
7.0,2,0,4,493
7.0,2,0,5,495
7.0,2,0,6,496
7.0,2,0,7,498
7.0,2,0,8,499
7.0,2,0,9,501
7.0,2,0,10,502
7.0,2,0,11,504
7.0,2,0,12,505
7.0,2,0,13,507
7.0,2,0,14,508
7.0,2,0,15,510
7.0,2,1,0,489
7.0,2,1,1,490
7.0,2,1,2,492
7.0,2,1,3,493
7.0,2,1,4,495
7.0,2,1,5,496
7.0,2,1,6,498
7.0,2,1,7,499
7.0,2,1,8,501
7.0,2,1,9,503
7.0,2,1,10,504
7.0,2,1,11,506
7.0,2,1,12,507
7.0,2,1,13,509
7.0,2,1,14,510
7.0,2,1,15,512
7.0,2,2,0,490
7.0,2,2,1,492
7.0,2,2,2,493
7.0,2,2,3,495
7.0,2,2,4,496
7.0,2,2,5,498
7.0,2,2,6,500
7.0,2,2,7,501
7.0,2,2,8,503
7.0,2,2,9,504
7.0,2,2,10,506
7.0,2,2,11,507
7.0,2,2,12,509
7.0,2,2,13,510
7.0,2,2,14,512
7.0,2,2,15,513
7.0,2,3,0,492
7.0,2,3,1,493
7.0,2,3,2,495
7.0,2,3,3,497
7.0,2,3,4,498
7.0,2,3,5,500
7.0,2,3,6,501
7.0,2,3,7,503
7.0,2,3,8,504
7.0,2,3,9,506
7.0,2,3,10,507
7.0,2,3,11,509
7.0,2,3,12,510
7.0,2,3,13,512
7.0,2,3,14,514
7.0,2,3,15,515
7.0,2,4,0,493
7.0,2,4,1,495
7.0,2,4,2,497
7.0,2,4,3,498
7.0,2,4,4,500
7.0,2,4,5,501
7.0,2,4,6,503
7.0,2,4,7,504
7.0,2,4,8,506
7.0,2,4,9,508
7.0,2,4,10,509
7.0,2,4,11,511
7.0,2,4,12,512
7.0,2,4,13,514
7.0,2,4,14,515
7.0,2,4,15,517
7.0,2,5,0,495
7.0,2,5,1,497
7.0,2,5,2,498
7.0,2,5,3,500
7.0,2,5,4,501
7.0,2,5,5,503
7.0,2,5,6,505
7.0,2,5,7,506
7.0,2,5,8,508
7.0,2,5,9,509
7.0,2,5,10,511
7.0,2,5,11,512
7.0,2,5,12,514
7.0,2,5,13,515
7.0,2,5,14,517
7.0,2,5,15,518
7.0,2,6,0,497
7.0,2,6,1,498
7.0,2,6,2,500
7.0,2,6,3,501
7.0,2,6,4,503
7.0,2,6,5,505
7.0,2,6,6,506
7.0,2,6,7,508
7.0,2,6,8,509
7.0,2,6,9,511
7.0,2,6,10,512
7.0,2,6,11,514
7.0,2,6,12,516
7.0,2,6,13,517
7.0,2,6,14,519
7.0,2,6,15,520
7.0,2,7,0,498
7.0,2,7,1,500
7.0,2,7,2,501
7.0,2,7,3,503
7.0,2,7,4,505
7.0,2,7,5,506
7.0,2,7,6,508
7.0,2,7,7,509
7.0,2,7,8,511
7.0,2,7,9,513
7.0,2,7,10,514
7.0,2,7,11,516
7.0,2,7,12,517
7.0,2,7,13,519
7.0,2,7,14,520
7.0,2,7,15,522
7.0,2,8,0,500
7.0,2,8,1,501
7.0,2,8,2,503
7.0,2,8,3,505
7.0,2,8,4,506
7.0,2,8,5,508
7.0,2,8,6,509
7.0,2,8,7,511
7.0,2,8,8,513
7.0,2,8,9,514
7.0,2,8,10,516
7.0,2,8,11,517
7.0,2,8,12,519
7.0,2,8,13,520
7.0,2,8,14,522
7.0,2,8,15,523
7.0,2,9,0,501
7.0,2,9,1,503
7.0,2,9,2,505
7.0,2,9,3,506
7.0,2,9,4,508
7.0,2,9,5,509
7.0,2,9,6,511
7.0,2,9,7,513
7.0,2,9,8,514
7.0,2,9,9,516
7.0,2,9,10,517
7.0,2,9,11,519
7.0,2,9,12,520
7.0,2,9,13,522
7.0,2,9,14,524
7.0,2,9,15,525
7.0,2,10,0,503
7.0,2,10,1,505
7.0,2,10,2,506
7.0,2,10,3,508
7.0,2,10,4,509
7.0,2,10,5,511
7.0,2,10,6,513
7.0,2,10,7,514
7.0,2,10,8,516
7.0,2,10,9,517
7.0,2,10,10,519
7.0,2,10,11,521
7.0,2,10,12,522
7.0,2,10,13,524
7.0,2,10,14,525
7.0,2,10,15,527
7.0,2,11,0,505
7.0,2,11,1,506
7.0,2,11,2,508
7.0,2,11,3,509
7.0,2,11,4,511
7.0,2,11,5,513
7.0,2,11,6,514
7.0,2,11,7,516
7.0,2,11,8,517
7.0,2,11,9,519
7.0,2,11,10,521
7.0,2,11,11,522
7.0,2,11,12,524
7.0,2,11,13,525
7.0,2,11,14,527
7.0,2,11,15,528
7.0,2,12,0,506
7.0,2,12,1,508
7.0,2,12,2,509
7.0,2,12,3,511
7.0,2,12,4,513
7.0,2,12,5,514
7.0,2,12,6,516
7.0,2,12,7,517
7.0,2,12,8,519
7.0,2,12,9,521
7.0,2,12,10,522
7.0,2,12,11,524
7.0,2,12,12,525
7.0,2,12,13,527
7.0,2,12,14,529
7.0,2,12,15,530
7.0,2,13,0,508
7.0,2,13,1,509
7.0,2,13,2,511
7.0,2,13,3,513
7.0,2,13,4,514
7.0,2,13,5,516
7.0,2,13,6,517
7.0,2,13,7,519
7.0,2,13,8,521
7.0,2,13,9,522
7.0,2,13,10,524
7.0,2,13,11,525
7.0,2,13,12,527
7.0,2,13,13,529
7.0,2,13,14,530
7.0,2,13,15,532
7.0,2,14,0,509
7.0,2,14,1,511
7.0,2,14,2,513
7.0,2,14,3,514
7.0,2,14,4,516
7.0,2,14,5,517
7.0,2,14,6,519
7.0,2,14,7,521
7.0,2,14,8,522
7.0,2,14,9,524
7.0,2,14,10,525
7.0,2,14,11,527
7.0,2,14,12,529
7.0,2,14,13,530
7.0,2,14,14,532
7.0,2,14,15,533
7.0,2,15,0,511
7.0,2,15,1,513
7.0,2,15,2,514
7.0,2,15,3,516
7.0,2,15,4,517
7.0,2,15,5,519
7.0,2,15,6,521
7.0,2,15,7,522
7.0,2,15,8,524
7.0,2,15,9,525
7.0,2,15,10,527
7.0,2,15,11,529
7.0,2,15,12,530
7.0,2,15,13,532
7.0,2,15,14,533
7.0,2,15,15,535
7.0,3,0,0,489
7.0,3,0,1,490
7.0,3,0,2,492
7.0,3,0,3,493
7.0,3,0,4,495
7.0,3,0,5,497
7.0,3,0,6,498
7.0,3,0,7,500
7.0,3,0,8,501
7.0,3,0,9,503
7.0,3,0,10,504
7.0,3,0,11,506
7.0,3,0,12,507
7.0,3,0,13,509
7.0,3,0,14,510
7.0,3,0,15,512
7.0,3,1,0,490
7.0,3,1,1,492
7.0,3,1,2,494
7.0,3,1,3,495
7.0,3,1,4,497
7.0,3,1,5,498
7.0,3,1,6,500
7.0,3,1,7,501
7.0,3,1,8,503
7.0,3,1,9,504
7.0,3,1,10,506
7.0,3,1,11,508
7.0,3,1,12,509
7.0,3,1,13,511
7.0,3,1,14,512
7.0,3,1,15,514
7.0,3,2,0,492
7.0,3,2,1,494
7.0,3,2,2,495
7.0,3,2,3,497
7.0,3,2,4,498
7.0,3,2,5,500
7.0,3,2,6,501
7.0,3,2,7,503
7.0,3,2,8,505
7.0,3,2,9,506
7.0,3,2,10,508
7.0,3,2,11,509
7.0,3,2,12,511
7.0,3,2,13,512
7.0,3,2,14,514
7.0,3,2,15,515
7.0,3,3,0,494
7.0,3,3,1,495
7.0,3,3,2,497
7.0,3,3,3,498
7.0,3,3,4,500
7.0,3,3,5,502
7.0,3,3,6,503
7.0,3,3,7,505
7.0,3,3,8,506
7.0,3,3,9,508
7.0,3,3,10,509
7.0,3,3,11,511
7.0,3,3,12,512
7.0,3,3,13,514
7.0,3,3,14,515
7.0,3,3,15,517
7.0,3,4,0,495
7.0,3,4,1,497
7.0,3,4,2,498
7.0,3,4,3,500
7.0,3,4,4,502
7.0,3,4,5,503
7.0,3,4,6,505
7.0,3,4,7,506
7.0,3,4,8,508
7.0,3,4,9,509
7.0,3,4,10,511
7.0,3,4,11,513
7.0,3,4,12,514
7.0,3,4,13,516
7.0,3,4,14,517
7.0,3,4,15,519
7.0,3,5,0,497
7.0,3,5,1,499
7.0,3,5,2,500
7.0,3,5,3,502
7.0,3,5,4,503
7.0,3,5,5,505
7.0,3,5,6,506
7.0,3,5,7,508
7.0,3,5,8,510
7.0,3,5,9,511
7.0,3,5,10,513
7.0,3,5,11,514
7.0,3,5,12,516
7.0,3,5,13,517
7.0,3,5,14,519
7.0,3,5,15,520
7.0,3,6,0,499
7.0,3,6,1,500
7.0,3,6,2,502
7.0,3,6,3,503
7.0,3,6,4,505
7.0,3,6,5,507
7.0,3,6,6,508
7.0,3,6,7,510
7.0,3,6,8,511
7.0,3,6,9,513
7.0,3,6,10,514
7.0,3,6,11,516
7.0,3,6,12,517
7.0,3,6,13,519
7.0,3,6,14,521
7.0,3,6,15,522
7.0,3,7,0,500
7.0,3,7,1,502
7.0,3,7,2,503
7.0,3,7,3,505
7.0,3,7,4,507
7.0,3,7,5,508
7.0,3,7,6,510
7.0,3,7,7,511
7.0,3,7,8,513
7.0,3,7,9,514
7.0,3,7,10,516
7.0,3,7,11,518
7.0,3,7,12,519
7.0,3,7,13,521
7.0,3,7,14,522
7.0,3,7,15,524
7.0,3,8,0,502
7.0,3,8,1,503
7.0,3,8,2,505
7.0,3,8,3,507
7.0,3,8,4,508
7.0,3,8,5,510
7.0,3,8,6,511
7.0,3,8,7,513
7.0,3,8,8,515
7.0,3,8,9,516
7.0,3,8,10,518
7.0,3,8,11,519
7.0,3,8,12,521
7.0,3,8,13,522
7.0,3,8,14,524
7.0,3,8,15,525
7.0,3,9,0,503
7.0,3,9,1,505
7.0,3,9,2,507
7.0,3,9,3,508
7.0,3,9,4,510
7.0,3,9,5,511
7.0,3,9,6,513
7.0,3,9,7,515
7.0,3,9,8,516
7.0,3,9,9,518
7.0,3,9,10,519
7.0,3,9,11,521
7.0,3,9,12,522
7.0,3,9,13,524
7.0,3,9,14,526
7.0,3,9,15,527
7.0,3,10,0,505
7.0,3,10,1,507
7.0,3,10,2,508
7.0,3,10,3,510
7.0,3,10,4,511
7.0,3,10,5,513
7.0,3,10,6,515
7.0,3,10,7,516
7.0,3,10,8,518
7.0,3,10,9,519
7.0,3,10,10,521
7.0,3,10,11,523
7.0,3,10,12,524
7.0,3,10,13,526
7.0,3,10,14,527
7.0,3,10,15,529
7.0,3,11,0,507
7.0,3,11,1,508
7.0,3,11,2,510
7.0,3,11,3,511
7.0,3,11,4,513
7.0,3,11,5,515
7.0,3,11,6,516
7.0,3,11,7,518
7.0,3,11,8,519
7.0,3,11,9,521
7.0,3,11,10,523
7.0,3,11,11,524
7.0,3,11,12,526
7.0,3,11,13,527
7.0,3,11,14,529
7.0,3,11,15,530
7.0,3,12,0,508
7.0,3,12,1,510
7.0,3,12,2,511
7.0,3,12,3,513
7.0,3,12,4,515
7.0,3,12,5,516
7.0,3,12,6,518
7.0,3,12,7,519
7.0,3,12,8,521
7.0,3,12,9,523
7.0,3,12,10,524
7.0,3,12,11,526
7.0,3,12,12,527
7.0,3,12,13,529
7.0,3,12,14,531
7.0,3,12,15,532
7.0,3,13,0,510
7.0,3,13,1,511
7.0,3,13,2,513
7.0,3,13,3,515
7.0,3,13,4,516
7.0,3,13,5,518
7.0,3,13,6,519
7.0,3,13,7,521
7.0,3,13,8,523
7.0,3,13,9,524
7.0,3,13,10,526
7.0,3,13,11,527
7.0,3,13,12,529
7.0,3,13,13,531
7.0,3,13,14,532
7.0,3,13,15,534
7.0,3,14,0,511
7.0,3,14,1,513
7.0,3,14,2,515
7.0,3,14,3,516
7.0,3,14,4,518
7.0,3,14,5,519
7.0,3,14,6,521
7.0,3,14,7,523
7.0,3,14,8,524
7.0,3,14,9,526
7.0,3,14,10,527
7.0,3,14,11,529
7.0,3,14,12,531
7.0,3,14,13,532
7.0,3,14,14,534
7.0,3,14,15,535
7.0,3,15,0,513
7.0,3,15,1,514
7.0,3,15,2,516
7.0,3,15,3,518
7.0,3,15,4,519
7.0,3,15,5,521
7.0,3,15,6,523
7.0,3,15,7,524
7.0,3,15,8,526
7.0,3,15,9,527
7.0,3,15,10,529
7.0,3,15,11,531
7.0,3,15,12,532
7.0,3,15,13,534
7.0,3,15,14,535
7.0,3,15,15,537
7.0,4,0,0,491
7.0,4,0,1,492
7.0,4,0,2,494
7.0,4,0,3,495
7.0,4,0,4,497
7.0,4,0,5,498
7.0,4,0,6,500
7.0,4,0,7,502
7.0,4,0,8,503
7.0,4,0,9,505
7.0,4,0,10,506
7.0,4,0,11,508
7.0,4,0,12,509
7.0,4,0,13,511
7.0,4,0,14,512
7.0,4,0,15,514
7.0,4,1,0,492
7.0,4,1,1,494
7.0,4,1,2,495
7.0,4,1,3,497
7.0,4,1,4,499
7.0,4,1,5,500
7.0,4,1,6,502
7.0,4,1,7,503
7.0,4,1,8,505
7.0,4,1,9,506
7.0,4,1,10,508
7.0,4,1,11,509
7.0,4,1,12,511
7.0,4,1,13,513
7.0,4,1,14,514
7.0,4,1,15,516
7.0,4,2,0,494
7.0,4,2,1,495
7.0,4,2,2,497
7.0,4,2,3,499
7.0,4,2,4,500
7.0,4,2,5,502
7.0,4,2,6,503
7.0,4,2,7,505
7.0,4,2,8,507
7.0,4,2,9,508
7.0,4,2,10,510
7.0,4,2,11,511
7.0,4,2,12,513
7.0,4,2,13,514
7.0,4,2,14,516
7.0,4,2,15,517
7.0,4,3,0,496
7.0,4,3,1,497
7.0,4,3,2,499
7.0,4,3,3,500
7.0,4,3,4,502
7.0,4,3,5,503
7.0,4,3,6,505
7.0,4,3,7,507
7.0,4,3,8,508
7.0,4,3,9,510
7.0,4,3,10,511
7.0,4,3,11,513
7.0,4,3,12,514
7.0,4,3,13,516
7.0,4,3,14,517
7.0,4,3,15,519
7.0,4,4,0,497
7.0,4,4,1,499
7.0,4,4,2,500
7.0,4,4,3,502
7.0,4,4,4,504
7.0,4,4,5,505
7.0,4,4,6,507
7.0,4,4,7,508
7.0,4,4,8,510
7.0,4,4,9,511
7.0,4,4,10,513
7.0,4,4,11,515
7.0,4,4,12,516
7.0,4,4,13,518
7.0,4,4,14,519
7.0,4,4,15,521
7.0,4,5,0,499
7.0,4,5,1,500
7.0,4,5,2,502
7.0,4,5,3,504
7.0,4,5,4,505
7.0,4,5,5,507
7.0,4,5,6,508
7.0,4,5,7,510
7.0,4,5,8,512
7.0,4,5,9,513
7.0,4,5,10,515
7.0,4,5,11,516
7.0,4,5,12,518
7.0,4,5,13,519
7.0,4,5,14,521
7.0,4,5,15,522
7.0,4,6,0,500
7.0,4,6,1,502
7.0,4,6,2,504
7.0,4,6,3,505
7.0,4,6,4,507
7.0,4,6,5,508
7.0,4,6,6,510
7.0,4,6,7,512
7.0,4,6,8,513
7.0,4,6,9,515
7.0,4,6,10,516
7.0,4,6,11,518
7.0,4,6,12,519
7.0,4,6,13,521
7.0,4,6,14,523
7.0,4,6,15,524
7.0,4,7,0,502
7.0,4,7,1,504
7.0,4,7,2,505
7.0,4,7,3,507
7.0,4,7,4,508
7.0,4,7,5,510
7.0,4,7,6,512
7.0,4,7,7,513
7.0,4,7,8,515
7.0,4,7,9,516
7.0,4,7,10,518
7.0,4,7,11,520
7.0,4,7,12,521
7.0,4,7,13,523
7.0,4,7,14,524
7.0,4,7,15,526
7.0,4,8,0,504
7.0,4,8,1,505
7.0,4,8,2,507
7.0,4,8,3,508
7.0,4,8,4,510
7.0,4,8,5,512
7.0,4,8,6,513
7.0,4,8,7,515
7.0,4,8,8,516
7.0,4,8,9,518
7.0,4,8,10,520
7.0,4,8,11,521
7.0,4,8,12,523
7.0,4,8,13,524
7.0,4,8,14,526
7.0,4,8,15,527
7.0,4,9,0,505
7.0,4,9,1,507
7.0,4,9,2,508
7.0,4,9,3,510
7.0,4,9,4,512
7.0,4,9,5,513
7.0,4,9,6,515
7.0,4,9,7,517
7.0,4,9,8,518
7.0,4,9,9,520
7.0,4,9,10,521
7.0,4,9,11,523
7.0,4,9,12,524
7.0,4,9,13,526
7.0,4,9,14,528
7.0,4,9,15,529
7.0,4,10,0,507
7.0,4,10,1,508
7.0,4,10,2,510
7.0,4,10,3,512
7.0,4,10,4,513
7.0,4,10,5,515
7.0,4,10,6,517
7.0,4,10,7,518
7.0,4,10,8,520
7.0,4,10,9,521
7.0,4,10,10,523
7.0,4,10,11,525
7.0,4,10,12,526
7.0,4,10,13,528
7.0,4,10,14,529
7.0,4,10,15,531
7.0,4,11,0,508
7.0,4,11,1,510
7.0,4,11,2,512
7.0,4,11,3,513
7.0,4,11,4,515
7.0,4,11,5,517
7.0,4,11,6,518
7.0,4,11,7,520
7.0,4,11,8,521
7.0,4,11,9,523
7.0,4,11,10,525
7.0,4,11,11,526
7.0,4,11,12,528
7.0,4,11,13,529
7.0,4,11,14,531
7.0,4,11,15,532
7.0,4,12,0,510
7.0,4,12,1,512
7.0,4,12,2,513
7.0,4,12,3,515
7.0,4,12,4,517
7.0,4,12,5,518
7.0,4,12,6,520
7.0,4,12,7,521
7.0,4,12,8,523
7.0,4,12,9,525
7.0,4,12,10,526
7.0,4,12,11,528
7.0,4,12,12,529
7.0,4,12,13,531
7.0,4,12,14,533
7.0,4,12,15,534
7.0,4,13,0,512
7.0,4,13,1,513
7.0,4,13,2,515
7.0,4,13,3,517
7.0,4,13,4,518
7.0,4,13,5,520
7.0,4,13,6,521
7.0,4,13,7,523
7.0,4,13,8,525
7.0,4,13,9,526
7.0,4,13,10,528
7.0,4,13,11,529
7.0,4,13,12,531
7.0,4,13,13,533
7.0,4,13,14,534
7.0,4,13,15,536
7.0,4,14,0,513
7.0,4,14,1,515
7.0,4,14,2,516
7.0,4,14,3,518
7.0,4,14,4,520
7.0,4,14,5,521
7.0,4,14,6,523
7.0,4,14,7,525
7.0,4,14,8,526
7.0,4,14,9,528
7.0,4,14,10,529
7.0,4,14,11,531
7.0,4,14,12,533
7.0,4,14,13,534
7.0,4,14,14,536
7.0,4,14,15,537
7.0,4,15,0,515
7.0,4,15,1,516
7.0,4,15,2,518
7.0,4,15,3,520
7.0,4,15,4,521
7.0,4,15,5,523
7.0,4,15,6,525
7.0,4,15,7,526
7.0,4,15,8,528
7.0,4,15,9,529
7.0,4,15,10,531
7.0,4,15,11,533
7.0,4,15,12,534
7.0,4,15,13,536
7.0,4,15,14,538
7.0,4,15,15,539
7.0,5,0,0,492
7.0,5,0,1,494
7.0,5,0,2,496
7.0,5,0,3,497
7.0,5,0,4,499
7.0,5,0,5,500
7.0,5,0,6,502
7.0,5,0,7,503
7.0,5,0,8,505
7.0,5,0,9,507
7.0,5,0,10,508
7.0,5,0,11,510
7.0,5,0,12,511
7.0,5,0,13,513
7.0,5,0,14,514
7.0,5,0,15,516
7.0,5,1,0,494
7.0,5,1,1,496
7.0,5,1,2,497
7.0,5,1,3,499
7.0,5,1,4,500
7.0,5,1,5,502
7.0,5,1,6,504
7.0,5,1,7,505
7.0,5,1,8,507
7.0,5,1,9,508
7.0,5,1,10,510
7.0,5,1,11,511
7.0,5,1,12,513
7.0,5,1,13,514
7.0,5,1,14,516
7.0,5,1,15,518
7.0,5,2,0,496
7.0,5,2,1,497
7.0,5,2,2,499
7.0,5,2,3,501
7.0,5,2,4,502
7.0,5,2,5,504
7.0,5,2,6,505
7.0,5,2,7,507
7.0,5,2,8,508
7.0,5,2,9,510
7.0,5,2,10,512
7.0,5,2,11,513
7.0,5,2,12,515
7.0,5,2,13,516
7.0,5,2,14,518
7.0,5,2,15,519
7.0,5,3,0,497
7.0,5,3,1,499
7.0,5,3,2,501
7.0,5,3,3,502
7.0,5,3,4,504
7.0,5,3,5,505
7.0,5,3,6,507
7.0,5,3,7,509
7.0,5,3,8,510
7.0,5,3,9,512
7.0,5,3,10,513
7.0,5,3,11,515
7.0,5,3,12,516
7.0,5,3,13,518
7.0,5,3,14,519
7.0,5,3,15,521
7.0,5,4,0,499
7.0,5,4,1,501
7.0,5,4,2,502
7.0,5,4,3,504
7.0,5,4,4,505
7.0,5,4,5,507
7.0,5,4,6,509
7.0,5,4,7,510
7.0,5,4,8,512
7.0,5,4,9,513
7.0,5,4,10,515
7.0,5,4,11,516
7.0,5,4,12,518
7.0,5,4,13,520
7.0,5,4,14,521
7.0,5,4,15,523
7.0,5,5,0,501
7.0,5,5,1,502
7.0,5,5,2,504
7.0,5,5,3,506
7.0,5,5,4,507
7.0,5,5,5,509
7.0,5,5,6,510
7.0,5,5,7,512
7.0,5,5,8,513
7.0,5,5,9,515
7.0,5,5,10,517
7.0,5,5,11,518
7.0,5,5,12,520
7.0,5,5,13,521
7.0,5,5,14,523
7.0,5,5,15,524
7.0,5,6,0,502
7.0,5,6,1,504
7.0,5,6,2,506
7.0,5,6,3,507
7.0,5,6,4,509
7.0,5,6,5,510
7.0,5,6,6,512
7.0,5,6,7,514
7.0,5,6,8,515
7.0,5,6,9,517
7.0,5,6,10,518
7.0,5,6,11,520
7.0,5,6,12,521
7.0,5,6,13,523
7.0,5,6,14,525
7.0,5,6,15,526
7.0,5,7,0,504
7.0,5,7,1,506
7.0,5,7,2,507
7.0,5,7,3,509
7.0,5,7,4,510
7.0,5,7,5,512
7.0,5,7,6,514
7.0,5,7,7,515
7.0,5,7,8,517
7.0,5,7,9,518
7.0,5,7,10,520
7.0,5,7,11,522
7.0,5,7,12,523
7.0,5,7,13,525
7.0,5,7,14,526
7.0,5,7,15,528
7.0,5,8,0,506
7.0,5,8,1,507
7.0,5,8,2,509
7.0,5,8,3,510
7.0,5,8,4,512
7.0,5,8,5,514
7.0,5,8,6,515
7.0,5,8,7,517
7.0,5,8,8,518
7.0,5,8,9,520
7.0,5,8,10,522
7.0,5,8,11,523
7.0,5,8,12,525
7.0,5,8,13,526
7.0,5,8,14,528
7.0,5,8,15,529
7.0,5,9,0,507
7.0,5,9,1,509
7.0,5,9,2,510
7.0,5,9,3,512
7.0,5,9,4,514
7.0,5,9,5,515
7.0,5,9,6,517
7.0,5,9,7,518
7.0,5,9,8,520
7.0,5,9,9,522
7.0,5,9,10,523
7.0,5,9,11,525
7.0,5,9,12,526
7.0,5,9,13,528
7.0,5,9,14,530
7.0,5,9,15,531
7.0,5,10,0,509
7.0,5,10,1,510
7.0,5,10,2,512
7.0,5,10,3,514
7.0,5,10,4,515
7.0,5,10,5,517
7.0,5,10,6,519
7.0,5,10,7,520
7.0,5,10,8,522
7.0,5,10,9,523
7.0,5,10,10,525
7.0,5,10,11,527
7.0,5,10,12,528
7.0,5,10,13,530
7.0,5,10,14,531
7.0,5,10,15,533
7.0,5,11,0,510
7.0,5,11,1,512
7.0,5,11,2,514
7.0,5,11,3,515
7.0,5,11,4,517
7.0,5,11,5,519
7.0,5,11,6,520
7.0,5,11,7,522
7.0,5,11,8,523
7.0,5,11,9,525
7.0,5,11,10,527
7.0,5,11,11,528
7.0,5,11,12,530
7.0,5,11,13,531
7.0,5,11,14,533
7.0,5,11,15,534
7.0,5,12,0,512
7.0,5,12,1,514
7.0,5,12,2,515
7.0,5,12,3,517
7.0,5,12,4,519
7.0,5,12,5,520
7.0,5,12,6,522
7.0,5,12,7,523
7.0,5,12,8,525
7.0,5,12,9,527
7.0,5,12,10,528
7.0,5,12,11,530
7.0,5,12,12,531
7.0,5,12,13,533
7.0,5,12,14,535
7.0,5,12,15,536
7.0,5,13,0,514
7.0,5,13,1,515
7.0,5,13,2,517
7.0,5,13,3,518
7.0,5,13,4,520
7.0,5,13,5,522
7.0,5,13,6,523
7.0,5,13,7,525
7.0,5,13,8,527
7.0,5,13,9,528
7.0,5,13,10,530
7.0,5,13,11,531
7.0,5,13,12,533
7.0,5,13,13,535
7.0,5,13,14,536
7.0,5,13,15,538
7.0,5,14,0,515
7.0,5,14,1,517
7.0,5,14,2,518
7.0,5,14,3,520
7.0,5,14,4,522
7.0,5,14,5,523
7.0,5,14,6,525
7.0,5,14,7,527
7.0,5,14,8,528
7.0,5,14,9,530
7.0,5,14,10,531
7.0,5,14,11,533
7.0,5,14,12,535
7.0,5,14,13,536
7.0,5,14,14,538
7.0,5,14,15,539
7.0,5,15,0,517
7.0,5,15,1,518
7.0,5,15,2,520
7.0,5,15,3,522
7.0,5,15,4,523
7.0,5,15,5,525
7.0,5,15,6,527
7.0,5,15,7,528
7.0,5,15,8,530
7.0,5,15,9,531
7.0,5,15,10,533
7.0,5,15,11,535
7.0,5,15,12,536
7.0,5,15,13,538
7.0,5,15,14,540
7.0,5,15,15,541
7.0,6,0,0,494
7.0,6,0,1,496
7.0,6,0,2,498
7.0,6,0,3,499
7.0,6,0,4,501
7.0,6,0,5,502
7.0,6,0,6,504
7.0,6,0,7,505
7.0,6,0,8,507
7.0,6,0,9,508
7.0,6,0,10,510
7.0,6,0,11,512
7.0,6,0,12,513
7.0,6,0,13,515
7.0,6,0,14,516
7.0,6,0,15,518
7.0,6,1,0,496
7.0,6,1,1,498
7.0,6,1,2,499
7.0,6,1,3,501
7.0,6,1,4,502
7.0,6,1,5,504
7.0,6,1,6,505
7.0,6,1,7,507
7.0,6,1,8,509
7.0,6,1,9,510
7.0,6,1,10,512
7.0,6,1,11,513
7.0,6,1,12,515
7.0,6,1,13,516
7.0,6,1,14,518
7.0,6,1,15,519
7.0,6,2,0,498
7.0,6,2,1,499
7.0,6,2,2,501
7.0,6,2,3,502
7.0,6,2,4,504
7.0,6,2,5,506
7.0,6,2,6,507
7.0,6,2,7,509
7.0,6,2,8,510
7.0,6,2,9,512
7.0,6,2,10,513
7.0,6,2,11,515
7.0,6,2,12,517
7.0,6,2,13,518
7.0,6,2,14,520
7.0,6,2,15,521
7.0,6,3,0,499
7.0,6,3,1,501
7.0,6,3,2,502
7.0,6,3,3,504
7.0,6,3,4,506
7.0,6,3,5,507
7.0,6,3,6,509
7.0,6,3,7,510
7.0,6,3,8,512
7.0,6,3,9,514
7.0,6,3,10,515
7.0,6,3,11,517
7.0,6,3,12,518
7.0,6,3,13,520
7.0,6,3,14,521
7.0,6,3,15,523
7.0,6,4,0,501
7.0,6,4,1,503
7.0,6,4,2,504
7.0,6,4,3,506
7.0,6,4,4,507
7.0,6,4,5,509
7.0,6,4,6,511
7.0,6,4,7,512
7.0,6,4,8,514
7.0,6,4,9,515
7.0,6,4,10,517
7.0,6,4,11,518
7.0,6,4,12,520
7.0,6,4,13,522
7.0,6,4,14,523
7.0,6,4,15,525
7.0,6,5,0,503
7.0,6,5,1,504
7.0,6,5,2,506
7.0,6,5,3,507
7.0,6,5,4,509
7.0,6,5,5,511
7.0,6,5,6,512
7.0,6,5,7,514
7.0,6,5,8,515
7.0,6,5,9,517
7.0,6,5,10,519
7.0,6,5,11,520
7.0,6,5,12,522
7.0,6,5,13,523
7.0,6,5,14,525
7.0,6,5,15,526
7.0,6,6,0,504
7.0,6,6,1,506
7.0,6,6,2,507
7.0,6,6,3,509
7.0,6,6,4,511
7.0,6,6,5,512
7.0,6,6,6,514
7.0,6,6,7,515
7.0,6,6,8,517
7.0,6,6,9,519
7.0,6,6,10,520
7.0,6,6,11,522
7.0,6,6,12,523
7.0,6,6,13,525
7.0,6,6,14,526
7.0,6,6,15,528
7.0,6,7,0,506
7.0,6,7,1,507
7.0,6,7,2,509
7.0,6,7,3,511
7.0,6,7,4,512
7.0,6,7,5,514
7.0,6,7,6,516
7.0,6,7,7,517
7.0,6,7,8,519
7.0,6,7,9,520
7.0,6,7,10,522
7.0,6,7,11,523
7.0,6,7,12,525
7.0,6,7,13,527
7.0,6,7,14,528
7.0,6,7,15,530
7.0,6,8,0,507
7.0,6,8,1,509
7.0,6,8,2,511
7.0,6,8,3,512
7.0,6,8,4,514
7.0,6,8,5,516
7.0,6,8,6,517
7.0,6,8,7,519
7.0,6,8,8,520
7.0,6,8,9,522
7.0,6,8,10,524
7.0,6,8,11,525
7.0,6,8,12,527
7.0,6,8,13,528
7.0,6,8,14,530
7.0,6,8,15,531
7.0,6,9,0,509
7.0,6,9,1,511
7.0,6,9,2,512
7.0,6,9,3,514
7.0,6,9,4,516
7.0,6,9,5,517
7.0,6,9,6,519
7.0,6,9,7,520
7.0,6,9,8,522
7.0,6,9,9,524
7.0,6,9,10,525
7.0,6,9,11,527
7.0,6,9,12,528
7.0,6,9,13,530
7.0,6,9,14,532
7.0,6,9,15,533
7.0,6,10,0,511
7.0,6,10,1,512
7.0,6,10,2,514
7.0,6,10,3,516
7.0,6,10,4,517
7.0,6,10,5,519
7.0,6,10,6,520
7.0,6,10,7,522
7.0,6,10,8,524
7.0,6,10,9,525
7.0,6,10,10,527
7.0,6,10,11,528
7.0,6,10,12,530
7.0,6,10,13,532
7.0,6,10,14,533
7.0,6,10,15,535
7.0,6,11,0,512
7.0,6,11,1,514
7.0,6,11,2,516
7.0,6,11,3,517
7.0,6,11,4,519
7.0,6,11,5,520
7.0,6,11,6,522
7.0,6,11,7,524
7.0,6,11,8,525
7.0,6,11,9,527
7.0,6,11,10,529
7.0,6,11,11,530
7.0,6,11,12,532
7.0,6,11,13,533
7.0,6,11,14,535
7.0,6,11,15,537
7.0,6,12,0,514
7.0,6,12,1,516
7.0,6,12,2,517
7.0,6,12,3,519
7.0,6,12,4,520
7.0,6,12,5,522
7.0,6,12,6,524
7.0,6,12,7,525
7.0,6,12,8,527
7.0,6,12,9,529
7.0,6,12,10,530
7.0,6,12,11,532
7.0,6,12,12,533
7.0,6,12,13,535
7.0,6,12,14,537
7.0,6,12,15,538
7.0,6,13,0,515
7.0,6,13,1,517
7.0,6,13,2,519
7.0,6,13,3,520
7.0,6,13,4,522
7.0,6,13,5,524
7.0,6,13,6,525
7.0,6,13,7,527
7.0,6,13,8,529
7.0,6,13,9,530
7.0,6,13,10,532
7.0,6,13,11,533
7.0,6,13,12,535
7.0,6,13,13,537
7.0,6,13,14,538
7.0,6,13,15,540
7.0,6,14,0,517
7.0,6,14,1,519
7.0,6,14,2,520
7.0,6,14,3,522
7.0,6,14,4,524
7.0,6,14,5,525
7.0,6,14,6,527
7.0,6,14,7,529
7.0,6,14,8,530
7.0,6,14,9,532
7.0,6,14,10,533
7.0,6,14,11,535
7.0,6,14,12,537
7.0,6,14,13,538
7.0,6,14,14,540
7.0,6,14,15,542
7.0,6,15,0,519
7.0,6,15,1,520
7.0,6,15,2,522
7.0,6,15,3,524
7.0,6,15,4,525
7.0,6,15,5,527
7.0,6,15,6,529
7.0,6,15,7,530
7.0,6,15,8,532
7.0,6,15,9,533
7.0,6,15,10,535
7.0,6,15,11,537
7.0,6,15,12,538
7.0,6,15,13,540
7.0,6,15,14,542
7.0,6,15,15,543
7.0,7,0,0,496
7.0,7,0,1,498
7.0,7,0,2,499
7.0,7,0,3,501
7.0,7,0,4,503
7.0,7,0,5,504
7.0,7,0,6,506
7.0,7,0,7,507
7.0,7,0,8,509
7.0,7,0,9,510
7.0,7,0,10,512
7.0,7,0,11,513
7.0,7,0,12,515
7.0,7,0,13,517
7.0,7,0,14,518
7.0,7,0,15,520
7.0,7,1,0,498
7.0,7,1,1,499
7.0,7,1,2,501
7.0,7,1,3,503
7.0,7,1,4,504
7.0,7,1,5,506
7.0,7,1,6,507
7.0,7,1,7,509
7.0,7,1,8,511
7.0,7,1,9,512
7.0,7,1,10,514
7.0,7,1,11,515
7.0,7,1,12,517
7.0,7,1,13,518
7.0,7,1,14,520
7.0,7,1,15,521
7.0,7,2,0,499
7.0,7,2,1,501
7.0,7,2,2,503
7.0,7,2,3,504
7.0,7,2,4,506
7.0,7,2,5,507
7.0,7,2,6,509
7.0,7,2,7,511
7.0,7,2,8,512
7.0,7,2,9,514
7.0,7,2,10,515
7.0,7,2,11,517
7.0,7,2,12,518
7.0,7,2,13,520
7.0,7,2,14,522
7.0,7,2,15,523
7.0,7,3,0,501
7.0,7,3,1,503
7.0,7,3,2,504
7.0,7,3,3,506
7.0,7,3,4,508
7.0,7,3,5,509
7.0,7,3,6,511
7.0,7,3,7,512
7.0,7,3,8,514
7.0,7,3,9,516
7.0,7,3,10,517
7.0,7,3,11,519
7.0,7,3,12,520
7.0,7,3,13,522
7.0,7,3,14,523
7.0,7,3,15,525
7.0,7,4,0,503
7.0,7,4,1,504
7.0,7,4,2,506
7.0,7,4,3,508
7.0,7,4,4,509
7.0,7,4,5,511
7.0,7,4,6,512
7.0,7,4,7,514
7.0,7,4,8,516
7.0,7,4,9,517
7.0,7,4,10,519
7.0,7,4,11,520
7.0,7,4,12,522
7.0,7,4,13,523
7.0,7,4,14,525
7.0,7,4,15,527
7.0,7,5,0,504
7.0,7,5,1,506
7.0,7,5,2,508
7.0,7,5,3,509
7.0,7,5,4,511
7.0,7,5,5,513
7.0,7,5,6,514
7.0,7,5,7,516
7.0,7,5,8,517
7.0,7,5,9,519
7.0,7,5,10,520
7.0,7,5,11,522
7.0,7,5,12,524
7.0,7,5,13,525
7.0,7,5,14,527
7.0,7,5,15,528
7.0,7,6,0,506
7.0,7,6,1,508
7.0,7,6,2,509
7.0,7,6,3,511
7.0,7,6,4,513
7.0,7,6,5,514
7.0,7,6,6,516
7.0,7,6,7,517
7.0,7,6,8,519
7.0,7,6,9,521
7.0,7,6,10,522
7.0,7,6,11,524
7.0,7,6,12,525
7.0,7,6,13,527
7.0,7,6,14,528
7.0,7,6,15,530
7.0,7,7,0,508
7.0,7,7,1,509
7.0,7,7,2,511
7.0,7,7,3,513
7.0,7,7,4,514
7.0,7,7,5,516
7.0,7,7,6,517
7.0,7,7,7,519
7.0,7,7,8,521
7.0,7,7,9,522
7.0,7,7,10,524
7.0,7,7,11,525
7.0,7,7,12,527
7.0,7,7,13,529
7.0,7,7,14,530
7.0,7,7,15,532
7.0,7,8,0,509
7.0,7,8,1,511
7.0,7,8,2,513
7.0,7,8,3,514
7.0,7,8,4,516
7.0,7,8,5,517
7.0,7,8,6,519
7.0,7,8,7,521
7.0,7,8,8,522
7.0,7,8,9,524
7.0,7,8,10,526
7.0,7,8,11,527
7.0,7,8,12,529
7.0,7,8,13,530
7.0,7,8,14,532
7.0,7,8,15,533
7.0,7,9,0,511
7.0,7,9,1,513
7.0,7,9,2,514
7.0,7,9,3,516
7.0,7,9,4,518
7.0,7,9,5,519
7.0,7,9,6,521
7.0,7,9,7,522
7.0,7,9,8,524
7.0,7,9,9,526
7.0,7,9,10,527
7.0,7,9,11,529
7.0,7,9,12,530
7.0,7,9,13,532
7.0,7,9,14,534
7.0,7,9,15,535
7.0,7,10,0,513
7.0,7,10,1,514
7.0,7,10,2,516
7.0,7,10,3,518
7.0,7,10,4,519
7.0,7,10,5,521
7.0,7,10,6,522
7.0,7,10,7,524
7.0,7,10,8,526
7.0,7,10,9,527
7.0,7,10,10,529
7.0,7,10,11,530
7.0,7,10,12,532
7.0,7,10,13,534
7.0,7,10,14,535
7.0,7,10,15,537
7.0,7,11,0,514
7.0,7,11,1,516
7.0,7,11,2,517
7.0,7,11,3,519
7.0,7,11,4,521
7.0,7,11,5,522
7.0,7,11,6,524
7.0,7,11,7,526
7.0,7,11,8,527
7.0,7,11,9,529
7.0,7,11,10,531
7.0,7,11,11,532
7.0,7,11,12,534
7.0,7,11,13,535
7.0,7,11,14,537
7.0,7,11,15,539
7.0,7,12,0,516
7.0,7,12,1,517
7.0,7,12,2,519
7.0,7,12,3,521
7.0,7,12,4,522
7.0,7,12,5,524
7.0,7,12,6,526
7.0,7,12,7,527
7.0,7,12,8,529
7.0,7,12,9,531
7.0,7,12,10,532
7.0,7,12,11,534
7.0,7,12,12,535
7.0,7,12,13,537
7.0,7,12,14,539
7.0,7,12,15,540
7.0,7,13,0,517
7.0,7,13,1,519
7.0,7,13,2,521
7.0,7,13,3,522
7.0,7,13,4,524
7.0,7,13,5,526
7.0,7,13,6,527
7.0,7,13,7,529
7.0,7,13,8,531
7.0,7,13,9,532
7.0,7,13,10,534
7.0,7,13,11,535
7.0,7,13,12,537
7.0,7,13,13,539
7.0,7,13,14,540
7.0,7,13,15,542
7.0,7,14,0,519
7.0,7,14,1,521
7.0,7,14,2,522
7.0,7,14,3,524
7.0,7,14,4,526
7.0,7,14,5,527
7.0,7,14,6,529
7.0,7,14,7,531
7.0,7,14,8,532
7.0,7,14,9,534
7.0,7,14,10,535
7.0,7,14,11,537
7.0,7,14,12,539
7.0,7,14,13,540
7.0,7,14,14,542
7.0,7,14,15,544
7.0,7,15,0,521
7.0,7,15,1,522
7.0,7,15,2,524
7.0,7,15,3,526
7.0,7,15,4,527
7.0,7,15,5,529
7.0,7,15,6,531
7.0,7,15,7,532
7.0,7,15,8,534
7.0,7,15,9,535
7.0,7,15,10,537
7.0,7,15,11,539
7.0,7,15,12,540
7.0,7,15,13,542
7.0,7,15,14,544
7.0,7,15,15,545
7.0,8,0,0,498
7.0,8,0,1,500
7.0,8,0,2,501
7.0,8,0,3,503
7.0,8,0,4,504
7.0,8,0,5,506
7.0,8,0,6,508
7.0,8,0,7,509
7.0,8,0,8,511
7.0,8,0,9,512
7.0,8,0,10,514
7.0,8,0,11,515
7.0,8,0,12,517
7.0,8,0,13,519
7.0,8,0,14,520
7.0,8,0,15,522
7.0,8,1,0,500
7.0,8,1,1,501
7.0,8,1,2,503
7.0,8,1,3,505
7.0,8,1,4,506
7.0,8,1,5,508
7.0,8,1,6,509
7.0,8,1,7,511
7.0,8,1,8,512
7.0,8,1,9,514
7.0,8,1,10,516
7.0,8,1,11,517
7.0,8,1,12,519
7.0,8,1,13,520
7.0,8,1,14,522
7.0,8,1,15,523
7.0,8,2,0,501
7.0,8,2,1,503
7.0,8,2,2,505
7.0,8,2,3,506
7.0,8,2,4,508
7.0,8,2,5,509
7.0,8,2,6,511
7.0,8,2,7,513
7.0,8,2,8,514
7.0,8,2,9,516
7.0,8,2,10,517
7.0,8,2,11,519
7.0,8,2,12,520
7.0,8,2,13,522
7.0,8,2,14,524
7.0,8,2,15,525
7.0,8,3,0,503
7.0,8,3,1,505
7.0,8,3,2,506
7.0,8,3,3,508
7.0,8,3,4,509
7.0,8,3,5,511
7.0,8,3,6,513
7.0,8,3,7,514
7.0,8,3,8,516
7.0,8,3,9,517
7.0,8,3,10,519
7.0,8,3,11,521
7.0,8,3,12,522
7.0,8,3,13,524
7.0,8,3,14,525
7.0,8,3,15,527
7.0,8,4,0,505
7.0,8,4,1,506
7.0,8,4,2,508
7.0,8,4,3,510
7.0,8,4,4,511
7.0,8,4,5,513
7.0,8,4,6,514
7.0,8,4,7,516
7.0,8,4,8,518
7.0,8,4,9,519
7.0,8,4,10,521
7.0,8,4,11,522
7.0,8,4,12,524
7.0,8,4,13,525
7.0,8,4,14,527
7.0,8,4,15,529
7.0,8,5,0,506
7.0,8,5,1,508
7.0,8,5,2,510
7.0,8,5,3,511
7.0,8,5,4,513
7.0,8,5,5,514
7.0,8,5,6,516
7.0,8,5,7,518
7.0,8,5,8,519
7.0,8,5,9,521
7.0,8,5,10,522
7.0,8,5,11,524
7.0,8,5,12,526
7.0,8,5,13,527
7.0,8,5,14,529
7.0,8,5,15,530
7.0,8,6,0,508
7.0,8,6,1,510
7.0,8,6,2,511
7.0,8,6,3,513
7.0,8,6,4,514
7.0,8,6,5,516
7.0,8,6,6,518
7.0,8,6,7,519
7.0,8,6,8,521
7.0,8,6,9,523
7.0,8,6,10,524
7.0,8,6,11,526
7.0,8,6,12,527
7.0,8,6,13,529
7.0,8,6,14,530
7.0,8,6,15,532
7.0,8,7,0,510
7.0,8,7,1,511
7.0,8,7,2,513
7.0,8,7,3,515
7.0,8,7,4,516
7.0,8,7,5,518
7.0,8,7,6,519
7.0,8,7,7,521
7.0,8,7,8,523
7.0,8,7,9,524
7.0,8,7,10,526
7.0,8,7,11,527
7.0,8,7,12,529
7.0,8,7,13,531
7.0,8,7,14,532
7.0,8,7,15,534
7.0,8,8,0,511
7.0,8,8,1,513
7.0,8,8,2,515
7.0,8,8,3,516
7.0,8,8,4,518
7.0,8,8,5,519
7.0,8,8,6,521
7.0,8,8,7,523
7.0,8,8,8,524
7.0,8,8,9,526
7.0,8,8,10,527
7.0,8,8,11,529
7.0,8,8,12,531
7.0,8,8,13,532
7.0,8,8,14,534
7.0,8,8,15,535
7.0,8,9,0,513
7.0,8,9,1,515
7.0,8,9,2,516
7.0,8,9,3,518
7.0,8,9,4,519
7.0,8,9,5,521
7.0,8,9,6,523
7.0,8,9,7,524
7.0,8,9,8,526
7.0,8,9,9,528
7.0,8,9,10,529
7.0,8,9,11,531
7.0,8,9,12,532
7.0,8,9,13,534
7.0,8,9,14,536
7.0,8,9,15,537
7.0,8,10,0,514
7.0,8,10,1,516
7.0,8,10,2,518
7.0,8,10,3,519
7.0,8,10,4,521
7.0,8,10,5,523
7.0,8,10,6,524
7.0,8,10,7,526
7.0,8,10,8,528
7.0,8,10,9,529
7.0,8,10,10,531
7.0,8,10,11,532
7.0,8,10,12,534
7.0,8,10,13,536
7.0,8,10,14,537
7.0,8,10,15,539
7.0,8,11,0,516
7.0,8,11,1,518
7.0,8,11,2,519
7.0,8,11,3,521
7.0,8,11,4,523
7.0,8,11,5,524
7.0,8,11,6,526
7.0,8,11,7,528
7.0,8,11,8,529
7.0,8,11,9,531
7.0,8,11,10,533
7.0,8,11,11,534
7.0,8,11,12,536
7.0,8,11,13,537
7.0,8,11,14,539
7.0,8,11,15,541
7.0,8,12,0,518
7.0,8,12,1,519
7.0,8,12,2,521
7.0,8,12,3,523
7.0,8,12,4,524
7.0,8,12,5,526
7.0,8,12,6,528
7.0,8,12,7,529
7.0,8,12,8,531
7.0,8,12,9,533
7.0,8,12,10,534
7.0,8,12,11,536
7.0,8,12,12,537
7.0,8,12,13,539
7.0,8,12,14,541
7.0,8,12,15,542
7.0,8,13,0,519
7.0,8,13,1,521
7.0,8,13,2,523
7.0,8,13,3,524
7.0,8,13,4,526
7.0,8,13,5,528
7.0,8,13,6,529
7.0,8,13,7,531
7.0,8,13,8,533
7.0,8,13,9,534
7.0,8,13,10,536
7.0,8,13,11,537
7.0,8,13,12,539
7.0,8,13,13,541
7.0,8,13,14,542
7.0,8,13,15,544
7.0,8,14,0,521
7.0,8,14,1,523
7.0,8,14,2,524
7.0,8,14,3,526
7.0,8,14,4,528
7.0,8,14,5,529
7.0,8,14,6,531
7.0,8,14,7,533
7.0,8,14,8,534
7.0,8,14,9,536
7.0,8,14,10,537
7.0,8,14,11,539
7.0,8,14,12,541
7.0,8,14,13,542
7.0,8,14,14,544
7.0,8,14,15,546
7.0,8,15,0,523
7.0,8,15,1,524
7.0,8,15,2,526
7.0,8,15,3,528
7.0,8,15,4,529
7.0,8,15,5,531
7.0,8,15,6,533
7.0,8,15,7,534
7.0,8,15,8,536
7.0,8,15,9,537
7.0,8,15,10,539
7.0,8,15,11,541
7.0,8,15,12,542
7.0,8,15,13,544
7.0,8,15,14,546
7.0,8,15,15,547
7.0,9,0,0,500
7.0,9,0,1,501
7.0,9,0,2,503
7.0,9,0,3,505
7.0,9,0,4,506
7.0,9,0,5,508
7.0,9,0,6,509
7.0,9,0,7,511
7.0,9,0,8,513
7.0,9,0,9,514
7.0,9,0,10,516
7.0,9,0,11,517
7.0,9,0,12,519
7.0,9,0,13,520
7.0,9,0,14,522
7.0,9,0,15,524
7.0,9,1,0,502
7.0,9,1,1,503
7.0,9,1,2,505
7.0,9,1,3,506
7.0,9,1,4,508
7.0,9,1,5,510
7.0,9,1,6,511
7.0,9,1,7,513
7.0,9,1,8,514
7.0,9,1,9,516
7.0,9,1,10,518
7.0,9,1,11,519
7.0,9,1,12,521
7.0,9,1,13,522
7.0,9,1,14,524
7.0,9,1,15,525
7.0,9,2,0,503
7.0,9,2,1,505
7.0,9,2,2,506
7.0,9,2,3,508
7.0,9,2,4,510
7.0,9,2,5,511
7.0,9,2,6,513
7.0,9,2,7,514
7.0,9,2,8,516
7.0,9,2,9,518
7.0,9,2,10,519
7.0,9,2,11,521
7.0,9,2,12,522
7.0,9,2,13,524
7.0,9,2,14,525
7.0,9,2,15,527
7.0,9,3,0,505
7.0,9,3,1,507
7.0,9,3,2,508
7.0,9,3,3,510
7.0,9,3,4,511
7.0,9,3,5,513
7.0,9,3,6,515
7.0,9,3,7,516
7.0,9,3,8,518
7.0,9,3,9,519
7.0,9,3,10,521
7.0,9,3,11,523
7.0,9,3,12,524
7.0,9,3,13,526
7.0,9,3,14,527
7.0,9,3,15,529
7.0,9,4,0,507
7.0,9,4,1,508
7.0,9,4,2,510
7.0,9,4,3,511
7.0,9,4,4,513
7.0,9,4,5,515
7.0,9,4,6,516
7.0,9,4,7,518
7.0,9,4,8,519
7.0,9,4,9,521
7.0,9,4,10,523
7.0,9,4,11,524
7.0,9,4,12,526
7.0,9,4,13,527
7.0,9,4,14,529
7.0,9,4,15,531
7.0,9,5,0,508
7.0,9,5,1,510
7.0,9,5,2,511
7.0,9,5,3,513
7.0,9,5,4,515
7.0,9,5,5,516
7.0,9,5,6,518
7.0,9,5,7,520
7.0,9,5,8,521
7.0,9,5,9,523
7.0,9,5,10,524
7.0,9,5,11,526
7.0,9,5,12,528
7.0,9,5,13,529
7.0,9,5,14,531
7.0,9,5,15,532
7.0,9,6,0,510
7.0,9,6,1,512
7.0,9,6,2,513
7.0,9,6,3,515
7.0,9,6,4,516
7.0,9,6,5,518
7.0,9,6,6,520
7.0,9,6,7,521
7.0,9,6,8,523
7.0,9,6,9,524
7.0,9,6,10,526
7.0,9,6,11,528
7.0,9,6,12,529
7.0,9,6,13,531
7.0,9,6,14,532
7.0,9,6,15,534
7.0,9,7,0,512
7.0,9,7,1,513
7.0,9,7,2,515
7.0,9,7,3,516
7.0,9,7,4,518
7.0,9,7,5,520
7.0,9,7,6,521
7.0,9,7,7,523
7.0,9,7,8,525
7.0,9,7,9,526
7.0,9,7,10,528
7.0,9,7,11,529
7.0,9,7,12,531
7.0,9,7,13,533
7.0,9,7,14,534
7.0,9,7,15,536
7.0,9,8,0,513
7.0,9,8,1,515
7.0,9,8,2,516
7.0,9,8,3,518
7.0,9,8,4,520
7.0,9,8,5,521
7.0,9,8,6,523
7.0,9,8,7,525
7.0,9,8,8,526
7.0,9,8,9,528
7.0,9,8,10,529
7.0,9,8,11,531
7.0,9,8,12,533
7.0,9,8,13,534
7.0,9,8,14,536
7.0,9,8,15,537
7.0,9,9,0,515
7.0,9,9,1,516
7.0,9,9,2,518
7.0,9,9,3,520
7.0,9,9,4,521
7.0,9,9,5,523
7.0,9,9,6,525
7.0,9,9,7,526
7.0,9,9,8,528
7.0,9,9,9,530
7.0,9,9,10,531
7.0,9,9,11,533
7.0,9,9,12,534
7.0,9,9,13,536
7.0,9,9,14,538
7.0,9,9,15,539
7.0,9,10,0,516
7.0,9,10,1,518
7.0,9,10,2,520
7.0,9,10,3,521
7.0,9,10,4,523
7.0,9,10,5,525
7.0,9,10,6,526
7.0,9,10,7,528
7.0,9,10,8,530
7.0,9,10,9,531
7.0,9,10,10,533
7.0,9,10,11,534
7.0,9,10,12,536
7.0,9,10,13,538
7.0,9,10,14,539
7.0,9,10,15,541
7.0,9,11,0,518
7.0,9,11,1,520
7.0,9,11,2,521
7.0,9,11,3,523
7.0,9,11,4,525
7.0,9,11,5,526
7.0,9,11,6,528
7.0,9,11,7,530
7.0,9,11,8,531
7.0,9,11,9,533
7.0,9,11,10,534
7.0,9,11,11,536
7.0,9,11,12,538
7.0,9,11,13,539
7.0,9,11,14,541
7.0,9,11,15,543
7.0,9,12,0,520
7.0,9,12,1,521
7.0,9,12,2,523
7.0,9,12,3,525
7.0,9,12,4,526
7.0,9,12,5,528
7.0,9,12,6,530
7.0,9,12,7,531
7.0,9,12,8,533
7.0,9,12,9,535
7.0,9,12,10,536
7.0,9,12,11,538
7.0,9,12,12,539
7.0,9,12,13,541
7.0,9,12,14,543
7.0,9,12,15,544
7.0,9,13,0,521
7.0,9,13,1,523
7.0,9,13,2,525
7.0,9,13,3,526
7.0,9,13,4,528
7.0,9,13,5,530
7.0,9,13,6,531
7.0,9,13,7,533
7.0,9,13,8,535
7.0,9,13,9,536
7.0,9,13,10,538
7.0,9,13,11,539
7.0,9,13,12,541
7.0,9,13,13,543
7.0,9,13,14,544
7.0,9,13,15,546
7.0,9,14,0,523
7.0,9,14,1,525
7.0,9,14,2,526
7.0,9,14,3,528
7.0,9,14,4,530
7.0,9,14,5,531
7.0,9,14,6,533
7.0,9,14,7,535
7.0,9,14,8,536
7.0,9,14,9,538
7.0,9,14,10,539
7.0,9,14,11,541
7.0,9,14,12,543
7.0,9,14,13,544
7.0,9,14,14,546
7.0,9,14,15,548
7.0,9,15,0,524
7.0,9,15,1,526
7.0,9,15,2,528
7.0,9,15,3,530
7.0,9,15,4,531
7.0,9,15,5,533
7.0,9,15,6,535
7.0,9,15,7,536
7.0,9,15,8,538
7.0,9,15,9,539
7.0,9,15,10,541
7.0,9,15,11,543
7.0,9,15,12,544
7.0,9,15,13,546
7.0,9,15,14,548
7.0,9,15,15,549
7.0,10,0,0,502
7.0,10,0,1,503
7.0,10,0,2,505
7.0,10,0,3,507
7.0,10,0,4,508
7.0,10,0,5,510
7.0,10,0,6,511
7.0,10,0,7,513
7.0,10,0,8,515
7.0,10,0,9,516
7.0,10,0,10,518
7.0,10,0,11,519
7.0,10,0,12,521
7.0,10,0,13,522
7.0,10,0,14,524
7.0,10,0,15,525
7.0,10,1,0,503
7.0,10,1,1,505
7.0,10,1,2,507
7.0,10,1,3,508
7.0,10,1,4,510
7.0,10,1,5,511
7.0,10,1,6,513
7.0,10,1,7,515
7.0,10,1,8,516
7.0,10,1,9,518
7.0,10,1,10,519
7.0,10,1,11,521
7.0,10,1,12,523
7.0,10,1,13,524
7.0,10,1,14,526
7.0,10,1,15,527
7.0,10,2,0,505
7.0,10,2,1,507
7.0,10,2,2,508
7.0,10,2,3,510
7.0,10,2,4,512
7.0,10,2,5,513
7.0,10,2,6,515
7.0,10,2,7,516
7.0,10,2,8,518
7.0,10,2,9,520
7.0,10,2,10,521
7.0,10,2,11,523
7.0,10,2,12,524
7.0,10,2,13,526
7.0,10,2,14,527
7.0,10,2,15,529
7.0,10,3,0,507
7.0,10,3,1,508
7.0,10,3,2,510
7.0,10,3,3,512
7.0,10,3,4,513
7.0,10,3,5,515
7.0,10,3,6,516
7.0,10,3,7,518
7.0,10,3,8,520
7.0,10,3,9,521
7.0,10,3,10,523
7.0,10,3,11,524
7.0,10,3,12,526
7.0,10,3,13,528
7.0,10,3,14,529
7.0,10,3,15,531
7.0,10,4,0,508
7.0,10,4,1,510
7.0,10,4,2,512
7.0,10,4,3,513
7.0,10,4,4,515
7.0,10,4,5,517
7.0,10,4,6,518
7.0,10,4,7,520
7.0,10,4,8,521
7.0,10,4,9,523
7.0,10,4,10,525
7.0,10,4,11,526
7.0,10,4,12,528
7.0,10,4,13,529
7.0,10,4,14,531
7.0,10,4,15,532
7.0,10,5,0,510
7.0,10,5,1,512
7.0,10,5,2,513
7.0,10,5,3,515
7.0,10,5,4,517
7.0,10,5,5,518
7.0,10,5,6,520
7.0,10,5,7,521
7.0,10,5,8,523
7.0,10,5,9,525
7.0,10,5,10,526
7.0,10,5,11,528
7.0,10,5,12,529
7.0,10,5,13,531
7.0,10,5,14,533
7.0,10,5,15,534
7.0,10,6,0,512
7.0,10,6,1,513
7.0,10,6,2,515
7.0,10,6,3,517
7.0,10,6,4,518
7.0,10,6,5,520
7.0,10,6,6,522
7.0,10,6,7,523
7.0,10,6,8,525
7.0,10,6,9,526
7.0,10,6,10,528
7.0,10,6,11,530
7.0,10,6,12,531
7.0,10,6,13,533
7.0,10,6,14,534
7.0,10,6,15,536
7.0,10,7,0,513
7.0,10,7,1,515
7.0,10,7,2,517
7.0,10,7,3,518
7.0,10,7,4,520
7.0,10,7,5,522
7.0,10,7,6,523
7.0,10,7,7,525
7.0,10,7,8,526
7.0,10,7,9,528
7.0,10,7,10,530
7.0,10,7,11,531
7.0,10,7,12,533
7.0,10,7,13,535
7.0,10,7,14,536
7.0,10,7,15,538
7.0,10,8,0,515
7.0,10,8,1,517
7.0,10,8,2,518
7.0,10,8,3,520
7.0,10,8,4,522
7.0,10,8,5,523
7.0,10,8,6,525
7.0,10,8,7,527
7.0,10,8,8,528
7.0,10,8,9,530
7.0,10,8,10,531
7.0,10,8,11,533
7.0,10,8,12,535
7.0,10,8,13,536
7.0,10,8,14,538
7.0,10,8,15,539
7.0,10,9,0,517
7.0,10,9,1,518
7.0,10,9,2,520
7.0,10,9,3,522
7.0,10,9,4,523
7.0,10,9,5,525
7.0,10,9,6,527
7.0,10,9,7,528
7.0,10,9,8,530
7.0,10,9,9,531
7.0,10,9,10,533
7.0,10,9,11,535
7.0,10,9,12,536
7.0,10,9,13,538
7.0,10,9,14,540
7.0,10,9,15,541
7.0,10,10,0,518
7.0,10,10,1,520
7.0,10,10,2,522
7.0,10,10,3,523
7.0,10,10,4,525
7.0,10,10,5,527
7.0,10,10,6,528
7.0,10,10,7,530
7.0,10,10,8,532
7.0,10,10,9,533
7.0,10,10,10,535
7.0,10,10,11,536
7.0,10,10,12,538
7.0,10,10,13,540
7.0,10,10,14,541
7.0,10,10,15,543
7.0,10,11,0,520
7.0,10,11,1,522
7.0,10,11,2,523
7.0,10,11,3,525
7.0,10,11,4,527
7.0,10,11,5,528
7.0,10,11,6,530
7.0,10,11,7,532
7.0,10,11,8,533
7.0,10,11,9,535
7.0,10,11,10,536
7.0,10,11,11,538
7.0,10,11,12,540
7.0,10,11,13,541
7.0,10,11,14,543
7.0,10,11,15,545
7.0,10,12,0,522
7.0,10,12,1,523
7.0,10,12,2,525
7.0,10,12,3,527
7.0,10,12,4,528
7.0,10,12,5,530
7.0,10,12,6,532
7.0,10,12,7,533
7.0,10,12,8,535
7.0,10,12,9,537
7.0,10,12,10,538
7.0,10,12,11,540
7.0,10,12,12,541
7.0,10,12,13,543
7.0,10,12,14,545
7.0,10,12,15,546
7.0,10,13,0,523
7.0,10,13,1,525
7.0,10,13,2,527
7.0,10,13,3,528
7.0,10,13,4,530
7.0,10,13,5,532
7.0,10,13,6,533
7.0,10,13,7,535
7.0,10,13,8,537
7.0,10,13,9,538
7.0,10,13,10,540
7.0,10,13,11,541
7.0,10,13,12,543
7.0,10,13,13,545
7.0,10,13,14,546
7.0,10,13,15,548
7.0,10,14,0,525
7.0,10,14,1,526
7.0,10,14,2,528
7.0,10,14,3,530
7.0,10,14,4,532
7.0,10,14,5,533
7.0,10,14,6,535
7.0,10,14,7,537
7.0,10,14,8,538
7.0,10,14,9,540
7.0,10,14,10,541
7.0,10,14,11,543
7.0,10,14,12,545
7.0,10,14,13,546
7.0,10,14,14,548
7.0,10,14,15,550
7.0,10,15,0,526
7.0,10,15,1,528
7.0,10,15,2,530
7.0,10,15,3,531
7.0,10,15,4,533
7.0,10,15,5,535
7.0,10,15,6,537
7.0,10,15,7,538
7.0,10,15,8,540
7.0,10,15,9,541
7.0,10,15,10,543
7.0,10,15,11,545
7.0,10,15,12,546
7.0,10,15,13,548
7.0,10,15,14,550
7.0,10,15,15,551
7.0,11,0,0,504
7.0,11,0,1,505
7.0,11,0,2,507
7.0,11,0,3,508
7.0,11,0,4,510
7.0,11,0,5,512
7.0,11,0,6,513
7.0,11,0,7,515
7.0,11,0,8,516
7.0,11,0,9,518
7.0,11,0,10,520
7.0,11,0,11,521
7.0,11,0,12,523
7.0,11,0,13,524
7.0,11,0,14,526
7.0,11,0,15,527
7.0,11,1,0,505
7.0,11,1,1,507
7.0,11,1,2,509
7.0,11,1,3,510
7.0,11,1,4,512
7.0,11,1,5,513
7.0,11,1,6,515
7.0,11,1,7,517
7.0,11,1,8,518
7.0,11,1,9,520
7.0,11,1,10,521
7.0,11,1,11,523
7.0,11,1,12,524
7.0,11,1,13,526
7.0,11,1,14,528
7.0,11,1,15,529
7.0,11,2,0,507
7.0,11,2,1,509
7.0,11,2,2,510
7.0,11,2,3,512
7.0,11,2,4,513
7.0,11,2,5,515
7.0,11,2,6,517
7.0,11,2,7,518
7.0,11,2,8,520
7.0,11,2,9,521
7.0,11,2,10,523
7.0,11,2,11,525
7.0,11,2,12,526
7.0,11,2,13,528
7.0,11,2,14,529
7.0,11,2,15,531
7.0,11,3,0,509
7.0,11,3,1,510
7.0,11,3,2,512
7.0,11,3,3,514
7.0,11,3,4,515
7.0,11,3,5,517
7.0,11,3,6,518
7.0,11,3,7,520
7.0,11,3,8,522
7.0,11,3,9,523
7.0,11,3,10,525
7.0,11,3,11,526
7.0,11,3,12,528
7.0,11,3,13,530
7.0,11,3,14,531
7.0,11,3,15,533
7.0,11,4,0,510
7.0,11,4,1,512
7.0,11,4,2,514
7.0,11,4,3,515
7.0,11,4,4,517
7.0,11,4,5,518
7.0,11,4,6,520
7.0,11,4,7,522
7.0,11,4,8,523
7.0,11,4,9,525
7.0,11,4,10,527
7.0,11,4,11,528
7.0,11,4,12,530
7.0,11,4,13,531
7.0,11,4,14,533
7.0,11,4,15,534
7.0,11,5,0,512
7.0,11,5,1,514
7.0,11,5,2,515
7.0,11,5,3,517
7.0,11,5,4,519
7.0,11,5,5,520
7.0,11,5,6,522
7.0,11,5,7,523
7.0,11,5,8,525
7.0,11,5,9,527
7.0,11,5,10,528
7.0,11,5,11,530
7.0,11,5,12,531
7.0,11,5,13,533
7.0,11,5,14,535
7.0,11,5,15,536
7.0,11,6,0,514
7.0,11,6,1,515
7.0,11,6,2,517
7.0,11,6,3,519
7.0,11,6,4,520
7.0,11,6,5,522
7.0,11,6,6,523
7.0,11,6,7,525
7.0,11,6,8,527
7.0,11,6,9,528
7.0,11,6,10,530
7.0,11,6,11,532
7.0,11,6,12,533
7.0,11,6,13,535
7.0,11,6,14,536
7.0,11,6,15,538
7.0,11,7,0,515
7.0,11,7,1,517
7.0,11,7,2,519
7.0,11,7,3,520
7.0,11,7,4,522
7.0,11,7,5,524
7.0,11,7,6,525
7.0,11,7,7,527
7.0,11,7,8,528
7.0,11,7,9,530
7.0,11,7,10,532
7.0,11,7,11,533
7.0,11,7,12,535
7.0,11,7,13,536
7.0,11,7,14,538
7.0,11,7,15,540
7.0,11,8,0,517
7.0,11,8,1,519
7.0,11,8,2,520
7.0,11,8,3,522
7.0,11,8,4,524
7.0,11,8,5,525
7.0,11,8,6,527
7.0,11,8,7,529
7.0,11,8,8,530
7.0,11,8,9,532
7.0,11,8,10,533
7.0,11,8,11,535
7.0,11,8,12,537
7.0,11,8,13,538
7.0,11,8,14,540
7.0,11,8,15,541
7.0,11,9,0,519
7.0,11,9,1,520
7.0,11,9,2,522
7.0,11,9,3,524
7.0,11,9,4,525
7.0,11,9,5,527
7.0,11,9,6,529
7.0,11,9,7,530
7.0,11,9,8,532
7.0,11,9,9,533
7.0,11,9,10,535
7.0,11,9,11,537
7.0,11,9,12,538
7.0,11,9,13,540
7.0,11,9,14,542
7.0,11,9,15,543
7.0,11,10,0,520
7.0,11,10,1,522
7.0,11,10,2,524
7.0,11,10,3,525
7.0,11,10,4,527
7.0,11,10,5,529
7.0,11,10,6,530
7.0,11,10,7,532
7.0,11,10,8,534
7.0,11,10,9,535
7.0,11,10,10,537
7.0,11,10,11,538
7.0,11,10,12,540
7.0,11,10,13,542
7.0,11,10,14,543
7.0,11,10,15,545
7.0,11,11,0,522
7.0,11,11,1,524
7.0,11,11,2,525
7.0,11,11,3,527
7.0,11,11,4,529
7.0,11,11,5,530
7.0,11,11,6,532
7.0,11,11,7,534
7.0,11,11,8,535
7.0,11,11,9,537
7.0,11,11,10,538
7.0,11,11,11,540
7.0,11,11,12,542
7.0,11,11,13,543
7.0,11,11,14,545
7.0,11,11,15,547
7.0,11,12,0,523
7.0,11,12,1,525
7.0,11,12,2,527
7.0,11,12,3,529
7.0,11,12,4,530
7.0,11,12,5,532
7.0,11,12,6,534
7.0,11,12,7,535
7.0,11,12,8,537
7.0,11,12,9,538
7.0,11,12,10,540
7.0,11,12,11,542
7.0,11,12,12,543
7.0,11,12,13,545
7.0,11,12,14,547
7.0,11,12,15,548
7.0,11,13,0,525
7.0,11,13,1,527
7.0,11,13,2,529
7.0,11,13,3,530
7.0,11,13,4,532
7.0,11,13,5,534
7.0,11,13,6,535
7.0,11,13,7,537
7.0,11,13,8,539
7.0,11,13,9,540
7.0,11,13,10,542
7.0,11,13,11,543
7.0,11,13,12,545
7.0,11,13,13,547
7.0,11,13,14,548
7.0,11,13,15,550
7.0,11,14,0,527
7.0,11,14,1,528
7.0,11,14,2,530
7.0,11,14,3,532
7.0,11,14,4,534
7.0,11,14,5,535
7.0,11,14,6,537
7.0,11,14,7,539
7.0,11,14,8,540
7.0,11,14,9,542
7.0,11,14,10,543
7.0,11,14,11,545
7.0,11,14,12,547
7.0,11,14,13,548
7.0,11,14,14,550
7.0,11,14,15,552
7.0,11,15,0,528
7.0,11,15,1,530
7.0,11,15,2,532
7.0,11,15,3,533
7.0,11,15,4,535
7.0,11,15,5,537
7.0,11,15,6,538
7.0,11,15,7,540
7.0,11,15,8,542
7.0,11,15,9,543
7.0,11,15,10,545
7.0,11,15,11,547
7.0,11,15,12,548
7.0,11,15,13,550
7.0,11,15,14,552
7.0,11,15,15,553
7.0,12,0,0,505
7.0,12,0,1,507
7.0,12,0,2,509
7.0,12,0,3,510
7.0,12,0,4,512
7.0,12,0,5,514
7.0,12,0,6,515
7.0,12,0,7,517
7.0,12,0,8,518
7.0,12,0,9,520
7.0,12,0,10,522
7.0,12,0,11,523
7.0,12,0,12,525
7.0,12,0,13,526
7.0,12,0,14,528
7.0,12,0,15,529
7.0,12,1,0,507
7.0,12,1,1,509
7.0,12,1,2,510
7.0,12,1,3,512
7.0,12,1,4,514
7.0,12,1,5,515
7.0,12,1,6,517
7.0,12,1,7,518
7.0,12,1,8,520
7.0,12,1,9,522
7.0,12,1,10,523
7.0,12,1,11,525
7.0,12,1,12,526
7.0,12,1,13,528
7.0,12,1,14,530
7.0,12,1,15,531
7.0,12,2,0,509
7.0,12,2,1,510
7.0,12,2,2,512
7.0,12,2,3,514
7.0,12,2,4,515
7.0,12,2,5,517
7.0,12,2,6,519
7.0,12,2,7,520
7.0,12,2,8,522
7.0,12,2,9,523
7.0,12,2,10,525
7.0,12,2,11,527
7.0,12,2,12,528
7.0,12,2,13,530
7.0,12,2,14,531
7.0,12,2,15,533
7.0,12,3,0,511
7.0,12,3,1,512
7.0,12,3,2,514
7.0,12,3,3,515
7.0,12,3,4,517
7.0,12,3,5,519
7.0,12,3,6,520
7.0,12,3,7,522
7.0,12,3,8,524
7.0,12,3,9,525
7.0,12,3,10,527
7.0,12,3,11,528
7.0,12,3,12,530
7.0,12,3,13,532
7.0,12,3,14,533
7.0,12,3,15,535
7.0,12,4,0,512
7.0,12,4,1,514
7.0,12,4,2,515
7.0,12,4,3,517
7.0,12,4,4,519
7.0,12,4,5,520
7.0,12,4,6,522
7.0,12,4,7,524
7.0,12,4,8,525
7.0,12,4,9,527
7.0,12,4,10,528
7.0,12,4,11,530
7.0,12,4,12,532
7.0,12,4,13,533
7.0,12,4,14,535
7.0,12,4,15,536
7.0,12,5,0,514
7.0,12,5,1,516
7.0,12,5,2,517
7.0,12,5,3,519
7.0,12,5,4,520
7.0,12,5,5,522
7.0,12,5,6,524
7.0,12,5,7,525
7.0,12,5,8,527
7.0,12,5,9,529
7.0,12,5,10,530
7.0,12,5,11,532
7.0,12,5,12,533
7.0,12,5,13,535
7.0,12,5,14,537
7.0,12,5,15,538
7.0,12,6,0,516
7.0,12,6,1,517
7.0,12,6,2,519
7.0,12,6,3,520
7.0,12,6,4,522
7.0,12,6,5,524
7.0,12,6,6,525
7.0,12,6,7,527
7.0,12,6,8,529
7.0,12,6,9,530
7.0,12,6,10,532
7.0,12,6,11,534
7.0,12,6,12,535
7.0,12,6,13,537
7.0,12,6,14,538
7.0,12,6,15,540
7.0,12,7,0,517
7.0,12,7,1,519
7.0,12,7,2,521
7.0,12,7,3,522
7.0,12,7,4,524
7.0,12,7,5,525
7.0,12,7,6,527
7.0,12,7,7,529
7.0,12,7,8,530
7.0,12,7,9,532
7.0,12,7,10,534
7.0,12,7,11,535
7.0,12,7,12,537
7.0,12,7,13,538
7.0,12,7,14,540
7.0,12,7,15,542
7.0,12,8,0,519
7.0,12,8,1,521
7.0,12,8,2,522
7.0,12,8,3,524
7.0,12,8,4,526
7.0,12,8,5,527
7.0,12,8,6,529
7.0,12,8,7,530
7.0,12,8,8,532
7.0,12,8,9,534
7.0,12,8,10,535
7.0,12,8,11,537
7.0,12,8,12,539
7.0,12,8,13,540
7.0,12,8,14,542
7.0,12,8,15,543
7.0,12,9,0,520
7.0,12,9,1,522
7.0,12,9,2,524
7.0,12,9,3,526
7.0,12,9,4,527
7.0,12,9,5,529
7.0,12,9,6,530
7.0,12,9,7,532
7.0,12,9,8,534
7.0,12,9,9,535
7.0,12,9,10,537
7.0,12,9,11,539
7.0,12,9,12,540
7.0,12,9,13,542
7.0,12,9,14,544
7.0,12,9,15,545
7.0,12,10,0,522
7.0,12,10,1,524
7.0,12,10,2,526
7.0,12,10,3,527
7.0,12,10,4,529
7.0,12,10,5,531
7.0,12,10,6,532
7.0,12,10,7,534
7.0,12,10,8,535
7.0,12,10,9,537
7.0,12,10,10,539
7.0,12,10,11,540
7.0,12,10,12,542
7.0,12,10,13,544
7.0,12,10,14,545
7.0,12,10,15,547
7.0,12,11,0,524
7.0,12,11,1,525
7.0,12,11,2,527
7.0,12,11,3,529
7.0,12,11,4,531
7.0,12,11,5,532
7.0,12,11,6,534
7.0,12,11,7,535
7.0,12,11,8,537
7.0,12,11,9,539
7.0,12,11,10,540
7.0,12,11,11,542
7.0,12,11,12,544
7.0,12,11,13,545
7.0,12,11,14,547
7.0,12,11,15,549
7.0,12,12,0,525
7.0,12,12,1,527
7.0,12,12,2,529
7.0,12,12,3,530
7.0,12,12,4,532
7.0,12,12,5,534
7.0,12,12,6,536
7.0,12,12,7,537
7.0,12,12,8,539
7.0,12,12,9,540
7.0,12,12,10,542
7.0,12,12,11,544
7.0,12,12,12,545
7.0,12,12,13,547
7.0,12,12,14,549
7.0,12,12,15,550
7.0,12,13,0,527
7.0,12,13,1,529
7.0,12,13,2,530
7.0,12,13,3,532
7.0,12,13,4,534
7.0,12,13,5,535
7.0,12,13,6,537
7.0,12,13,7,539
7.0,12,13,8,540
7.0,12,13,9,542
7.0,12,13,10,544
7.0,12,13,11,545
7.0,12,13,12,547
7.0,12,13,13,549
7.0,12,13,14,550
7.0,12,13,15,552
7.0,12,14,0,529
7.0,12,14,1,530
7.0,12,14,2,532
7.0,12,14,3,534
7.0,12,14,4,535
7.0,12,14,5,537
7.0,12,14,6,539
7.0,12,14,7,540
7.0,12,14,8,542
7.0,12,14,9,544
7.0,12,14,10,545
7.0,12,14,11,547
7.0,12,14,12,549
7.0,12,14,13,550
7.0,12,14,14,552
7.0,12,14,15,554
7.0,12,15,0,530
7.0,12,15,1,532
7.0,12,15,2,534
7.0,12,15,3,535
7.0,12,15,4,537
7.0,12,15,5,539
7.0,12,15,6,540
7.0,12,15,7,542
7.0,12,15,8,544
7.0,12,15,9,545
7.0,12,15,10,547
7.0,12,15,11,549
7.0,12,15,12,550
7.0,12,15,13,552
7.0,12,15,14,554
7.0,12,15,15,555
7.0,13,0,0,507
7.0,13,0,1,509
7.0,13,0,2,511
7.0,13,0,3,512
7.0,13,0,4,514
7.0,13,0,5,515
7.0,13,0,6,517
7.0,13,0,7,519
7.0,13,0,8,520
7.0,13,0,9,522
7.0,13,0,10,523
7.0,13,0,11,525
7.0,13,0,12,527
7.0,13,0,13,528
7.0,13,0,14,530
7.0,13,0,15,531
7.0,13,1,0,509
7.0,13,1,1,511
7.0,13,1,2,512
7.0,13,1,3,514
7.0,13,1,4,516
7.0,13,1,5,517
7.0,13,1,6,519
7.0,13,1,7,520
7.0,13,1,8,522
7.0,13,1,9,524
7.0,13,1,10,525
7.0,13,1,11,527
7.0,13,1,12,528
7.0,13,1,13,530
7.0,13,1,14,532
7.0,13,1,15,533
7.0,13,2,0,511
7.0,13,2,1,512
7.0,13,2,2,514
7.0,13,2,3,516
7.0,13,2,4,517
7.0,13,2,5,519
7.0,13,2,6,520
7.0,13,2,7,522
7.0,13,2,8,524
7.0,13,2,9,525
7.0,13,2,10,527
7.0,13,2,11,529
7.0,13,2,12,530
7.0,13,2,13,532
7.0,13,2,14,533
7.0,13,2,15,535
7.0,13,3,0,512
7.0,13,3,1,514
7.0,13,3,2,516
7.0,13,3,3,517
7.0,13,3,4,519
7.0,13,3,5,521
7.0,13,3,6,522
7.0,13,3,7,524
7.0,13,3,8,525
7.0,13,3,9,527
7.0,13,3,10,529
7.0,13,3,11,530
7.0,13,3,12,532
7.0,13,3,13,533
7.0,13,3,14,535
7.0,13,3,15,537
7.0,13,4,0,514
7.0,13,4,1,516
7.0,13,4,2,517
7.0,13,4,3,519
7.0,13,4,4,521
7.0,13,4,5,522
7.0,13,4,6,524
7.0,13,4,7,526
7.0,13,4,8,527
7.0,13,4,9,529
7.0,13,4,10,530
7.0,13,4,11,532
7.0,13,4,12,534
7.0,13,4,13,535
7.0,13,4,14,537
7.0,13,4,15,538
7.0,13,5,0,516
7.0,13,5,1,517
7.0,13,5,2,519
7.0,13,5,3,521
7.0,13,5,4,522
7.0,13,5,5,524
7.0,13,5,6,526
7.0,13,5,7,527
7.0,13,5,8,529
7.0,13,5,9,531
7.0,13,5,10,532
7.0,13,5,11,534
7.0,13,5,12,535
7.0,13,5,13,537
7.0,13,5,14,539
7.0,13,5,15,540
7.0,13,6,0,517
7.0,13,6,1,519
7.0,13,6,2,521
7.0,13,6,3,522
7.0,13,6,4,524
7.0,13,6,5,526
7.0,13,6,6,527
7.0,13,6,7,529
7.0,13,6,8,531
7.0,13,6,9,532
7.0,13,6,10,534
7.0,13,6,11,535
7.0,13,6,12,537
7.0,13,6,13,539
7.0,13,6,14,540
7.0,13,6,15,542
7.0,13,7,0,519
7.0,13,7,1,521
7.0,13,7,2,522
7.0,13,7,3,524
7.0,13,7,4,526
7.0,13,7,5,527
7.0,13,7,6,529
7.0,13,7,7,531
7.0,13,7,8,532
7.0,13,7,9,534
7.0,13,7,10,536
7.0,13,7,11,537
7.0,13,7,12,539
7.0,13,7,13,540
7.0,13,7,14,542
7.0,13,7,15,544
7.0,13,8,0,521
7.0,13,8,1,522
7.0,13,8,2,524
7.0,13,8,3,526
7.0,13,8,4,527
7.0,13,8,5,529
7.0,13,8,6,531
7.0,13,8,7,532
7.0,13,8,8,534
7.0,13,8,9,536
7.0,13,8,10,537
7.0,13,8,11,539
7.0,13,8,12,541
7.0,13,8,13,542
7.0,13,8,14,544
7.0,13,8,15,545
7.0,13,9,0,522
7.0,13,9,1,524
7.0,13,9,2,526
7.0,13,9,3,527
7.0,13,9,4,529
7.0,13,9,5,531
7.0,13,9,6,532
7.0,13,9,7,534
7.0,13,9,8,536
7.0,13,9,9,537
7.0,13,9,10,539
7.0,13,9,11,541
7.0,13,9,12,542
7.0,13,9,13,544
7.0,13,9,14,546
7.0,13,9,15,547
7.0,13,10,0,524
7.0,13,10,1,526
7.0,13,10,2,527
7.0,13,10,3,529
7.0,13,10,4,531
7.0,13,10,5,532
7.0,13,10,6,534
7.0,13,10,7,536
7.0,13,10,8,537
7.0,13,10,9,539
7.0,13,10,10,541
7.0,13,10,11,542
7.0,13,10,12,544
7.0,13,10,13,546
7.0,13,10,14,547
7.0,13,10,15,549
7.0,13,11,0,526
7.0,13,11,1,527
7.0,13,11,2,529
7.0,13,11,3,531
7.0,13,11,4,532
7.0,13,11,5,534
7.0,13,11,6,536
7.0,13,11,7,537
7.0,13,11,8,539
7.0,13,11,9,541
7.0,13,11,10,542
7.0,13,11,11,544
7.0,13,11,12,546
7.0,13,11,13,547
7.0,13,11,14,549
7.0,13,11,15,551
7.0,13,12,0,527
7.0,13,12,1,529
7.0,13,12,2,531
7.0,13,12,3,532
7.0,13,12,4,534
7.0,13,12,5,536
7.0,13,12,6,537
7.0,13,12,7,539
7.0,13,12,8,541
7.0,13,12,9,542
7.0,13,12,10,544
7.0,13,12,11,546
7.0,13,12,12,547
7.0,13,12,13,549
7.0,13,12,14,551
7.0,13,12,15,552
7.0,13,13,0,529
7.0,13,13,1,531
7.0,13,13,2,532
7.0,13,13,3,534
7.0,13,13,4,536
7.0,13,13,5,537
7.0,13,13,6,539
7.0,13,13,7,541
7.0,13,13,8,542
7.0,13,13,9,544
7.0,13,13,10,546
7.0,13,13,11,547
7.0,13,13,12,549
7.0,13,13,13,551
7.0,13,13,14,552
7.0,13,13,15,554
7.0,13,14,0,531
7.0,13,14,1,532
7.0,13,14,2,534
7.0,13,14,3,536
7.0,13,14,4,537
7.0,13,14,5,539
7.0,13,14,6,541
7.0,13,14,7,542
7.0,13,14,8,544
7.0,13,14,9,546
7.0,13,14,10,547
7.0,13,14,11,549
7.0,13,14,12,551
7.0,13,14,13,552
7.0,13,14,14,554
7.0,13,14,15,556
7.0,13,15,0,532
7.0,13,15,1,534
7.0,13,15,2,536
7.0,13,15,3,537
7.0,13,15,4,539
7.0,13,15,5,541
7.0,13,15,6,542
7.0,13,15,7,544
7.0,13,15,8,546
7.0,13,15,9,547
7.0,13,15,10,549
7.0,13,15,11,551
7.0,13,15,12,552
7.0,13,15,13,554
7.0,13,15,14,556
7.0,13,15,15,557
7.0,14,0,0,509
7.0,14,0,1,511
7.0,14,0,2,512
7.0,14,0,3,514
7.0,14,0,4,516
7.0,14,0,5,517
7.0,14,0,6,519
7.0,14,0,7,521
7.0,14,0,8,522
7.0,14,0,9,524
7.0,14,0,10,525
7.0,14,0,11,527
7.0,14,0,12,529
7.0,14,0,13,530
7.0,14,0,14,532
7.0,14,0,15,533
7.0,14,1,0,511
7.0,14,1,1,513
7.0,14,1,2,514
7.0,14,1,3,516
7.0,14,1,4,517
7.0,14,1,5,519
7.0,14,1,6,521
7.0,14,1,7,522
7.0,14,1,8,524
7.0,14,1,9,525
7.0,14,1,10,527
7.0,14,1,11,529
7.0,14,1,12,530
7.0,14,1,13,532
7.0,14,1,14,533
7.0,14,1,15,535
7.0,14,2,0,513
7.0,14,2,1,514
7.0,14,2,2,516
7.0,14,2,3,517
7.0,14,2,4,519
7.0,14,2,5,521
7.0,14,2,6,522
7.0,14,2,7,524
7.0,14,2,8,526
7.0,14,2,9,527
7.0,14,2,10,529
7.0,14,2,11,530
7.0,14,2,12,532
7.0,14,2,13,534
7.0,14,2,14,535
7.0,14,2,15,537
7.0,14,3,0,514
7.0,14,3,1,516
7.0,14,3,2,518
7.0,14,3,3,519
7.0,14,3,4,521
7.0,14,3,5,522
7.0,14,3,6,524
7.0,14,3,7,526
7.0,14,3,8,527
7.0,14,3,9,529
7.0,14,3,10,531
7.0,14,3,11,532
7.0,14,3,12,534
7.0,14,3,13,535
7.0,14,3,14,537
7.0,14,3,15,539
7.0,14,4,0,516
7.0,14,4,1,518
7.0,14,4,2,519
7.0,14,4,3,521
7.0,14,4,4,523
7.0,14,4,5,524
7.0,14,4,6,526
7.0,14,4,7,527
7.0,14,4,8,529
7.0,14,4,9,531
7.0,14,4,10,532
7.0,14,4,11,534
7.0,14,4,12,536
7.0,14,4,13,537
7.0,14,4,14,539
7.0,14,4,15,540
7.0,14,5,0,518
7.0,14,5,1,519
7.0,14,5,2,521
7.0,14,5,3,523
7.0,14,5,4,524
7.0,14,5,5,526
7.0,14,5,6,528
7.0,14,5,7,529
7.0,14,5,8,531
7.0,14,5,9,532
7.0,14,5,10,534
7.0,14,5,11,536
7.0,14,5,12,537
7.0,14,5,13,539
7.0,14,5,14,541
7.0,14,5,15,542
7.0,14,6,0,519
7.0,14,6,1,521
7.0,14,6,2,523
7.0,14,6,3,524
7.0,14,6,4,526
7.0,14,6,5,528
7.0,14,6,6,529
7.0,14,6,7,531
7.0,14,6,8,533
7.0,14,6,9,534
7.0,14,6,10,536
7.0,14,6,11,537
7.0,14,6,12,539
7.0,14,6,13,541
7.0,14,6,14,542
7.0,14,6,15,544
7.0,14,7,0,521
7.0,14,7,1,523
7.0,14,7,2,524
7.0,14,7,3,526
7.0,14,7,4,528
7.0,14,7,5,529
7.0,14,7,6,531
7.0,14,7,7,533
7.0,14,7,8,534
7.0,14,7,9,536
7.0,14,7,10,538
7.0,14,7,11,539
7.0,14,7,12,541
7.0,14,7,13,542
7.0,14,7,14,544
7.0,14,7,15,546
7.0,14,8,0,523
7.0,14,8,1,524
7.0,14,8,2,526
7.0,14,8,3,528
7.0,14,8,4,529
7.0,14,8,5,531
7.0,14,8,6,533
7.0,14,8,7,534
7.0,14,8,8,536
7.0,14,8,9,538
7.0,14,8,10,539
7.0,14,8,11,541
7.0,14,8,12,543
7.0,14,8,13,544
7.0,14,8,14,546
7.0,14,8,15,547
7.0,14,9,0,524
7.0,14,9,1,526
7.0,14,9,2,528
7.0,14,9,3,529
7.0,14,9,4,531
7.0,14,9,5,533
7.0,14,9,6,534
7.0,14,9,7,536
7.0,14,9,8,538
7.0,14,9,9,539
7.0,14,9,10,541
7.0,14,9,11,543
7.0,14,9,12,544
7.0,14,9,13,546
7.0,14,9,14,548
7.0,14,9,15,549
7.0,14,10,0,526
7.0,14,10,1,528
7.0,14,10,2,529
7.0,14,10,3,531
7.0,14,10,4,533
7.0,14,10,5,534
7.0,14,10,6,536
7.0,14,10,7,538
7.0,14,10,8,539
7.0,14,10,9,541
7.0,14,10,10,543
7.0,14,10,11,544
7.0,14,10,12,546
7.0,14,10,13,548
7.0,14,10,14,549
7.0,14,10,15,551
7.0,14,11,0,528
7.0,14,11,1,529
7.0,14,11,2,531
7.0,14,11,3,533
7.0,14,11,4,534
7.0,14,11,5,536
7.0,14,11,6,538
7.0,14,11,7,539
7.0,14,11,8,541
7.0,14,11,9,543
7.0,14,11,10,544
7.0,14,11,11,546
7.0,14,11,12,548
7.0,14,11,13,549
7.0,14,11,14,551
7.0,14,11,15,553
7.0,14,12,0,529
7.0,14,12,1,531
7.0,14,12,2,533
7.0,14,12,3,534
7.0,14,12,4,536
7.0,14,12,5,538
7.0,14,12,6,539
7.0,14,12,7,541
7.0,14,12,8,543
7.0,14,12,9,544
7.0,14,12,10,546
7.0,14,12,11,548
7.0,14,12,12,549
7.0,14,12,13,551
7.0,14,12,14,553
7.0,14,12,15,554
7.0,14,13,0,531
7.0,14,13,1,533
7.0,14,13,2,534
7.0,14,13,3,536
7.0,14,13,4,538
7.0,14,13,5,539
7.0,14,13,6,541
7.0,14,13,7,543
7.0,14,13,8,544
7.0,14,13,9,546
7.0,14,13,10,548
7.0,14,13,11,549
7.0,14,13,12,551
7.0,14,13,13,553
7.0,14,13,14,554
7.0,14,13,15,556
7.0,14,14,0,533
7.0,14,14,1,534
7.0,14,14,2,536
7.0,14,14,3,538
7.0,14,14,4,539
7.0,14,14,5,541
7.0,14,14,6,543
7.0,14,14,7,544
7.0,14,14,8,546
7.0,14,14,9,548
7.0,14,14,10,549
7.0,14,14,11,551
7.0,14,14,12,553
7.0,14,14,13,554
7.0,14,14,14,556
7.0,14,14,15,558
7.0,14,15,0,534
7.0,14,15,1,536
7.0,14,15,2,538
7.0,14,15,3,539
7.0,14,15,4,541
7.0,14,15,5,543
7.0,14,15,6,544
7.0,14,15,7,546
7.0,14,15,8,548
7.0,14,15,9,549
7.0,14,15,10,551
7.0,14,15,11,553
7.0,14,15,12,554
7.0,14,15,13,556
7.0,14,15,14,558
7.0,14,15,15,559
7.0,15,0,0,511
7.0,15,0,1,513
7.0,15,0,2,514
7.0,15,0,3,516
7.0,15,0,4,518
7.0,15,0,5,519
7.0,15,0,6,521
7.0,15,0,7,522
7.0,15,0,8,524
7.0,15,0,9,526
7.0,15,0,10,527
7.0,15,0,11,529
7.0,15,0,12,530
7.0,15,0,13,532
7.0,15,0,14,534
7.0,15,0,15,535
7.0,15,1,0,513
7.0,15,1,1,514
7.0,15,1,2,516
7.0,15,1,3,518
7.0,15,1,4,519
7.0,15,1,5,521
7.0,15,1,6,523
7.0,15,1,7,524
7.0,15,1,8,526
7.0,15,1,9,527
7.0,15,1,10,529
7.0,15,1,11,531
7.0,15,1,12,532
7.0,15,1,13,534
7.0,15,1,14,535
7.0,15,1,15,537
7.0,15,2,0,514
7.0,15,2,1,516
7.0,15,2,2,518
7.0,15,2,3,519
7.0,15,2,4,521
7.0,15,2,5,523
7.0,15,2,6,524
7.0,15,2,7,526
7.0,15,2,8,528
7.0,15,2,9,529
7.0,15,2,10,531
7.0,15,2,11,532
7.0,15,2,12,534
7.0,15,2,13,536
7.0,15,2,14,537
7.0,15,2,15,539
7.0,15,3,0,516
7.0,15,3,1,518
7.0,15,3,2,519
7.0,15,3,3,521
7.0,15,3,4,523
7.0,15,3,5,524
7.0,15,3,6,526
7.0,15,3,7,528
7.0,15,3,8,529
7.0,15,3,9,531
7.0,15,3,10,533
7.0,15,3,11,534
7.0,15,3,12,536
7.0,15,3,13,537
7.0,15,3,14,539
7.0,15,3,15,541
7.0,15,4,0,518
7.0,15,4,1,519
7.0,15,4,2,521
7.0,15,4,3,523
7.0,15,4,4,524
7.0,15,4,5,526
7.0,15,4,6,528
7.0,15,4,7,529
7.0,15,4,8,531
7.0,15,4,9,533
7.0,15,4,10,534
7.0,15,4,11,536
7.0,15,4,12,538
7.0,15,4,13,539
7.0,15,4,14,541
7.0,15,4,15,542
7.0,15,5,0,520
7.0,15,5,1,521
7.0,15,5,2,523
7.0,15,5,3,525
7.0,15,5,4,526
7.0,15,5,5,528
7.0,15,5,6,529
7.0,15,5,7,531
7.0,15,5,8,533
7.0,15,5,9,534
7.0,15,5,10,536
7.0,15,5,11,538
7.0,15,5,12,539
7.0,15,5,13,541
7.0,15,5,14,542
7.0,15,5,15,544
7.0,15,6,0,521
7.0,15,6,1,523
7.0,15,6,2,525
7.0,15,6,3,526
7.0,15,6,4,528
7.0,15,6,5,530
7.0,15,6,6,531
7.0,15,6,7,533
7.0,15,6,8,534
7.0,15,6,9,536
7.0,15,6,10,538
7.0,15,6,11,539
7.0,15,6,12,541
7.0,15,6,13,543
7.0,15,6,14,544
7.0,15,6,15,546
7.0,15,7,0,523
7.0,15,7,1,525
7.0,15,7,2,526
7.0,15,7,3,528
7.0,15,7,4,530
7.0,15,7,5,531
7.0,15,7,6,533
7.0,15,7,7,535
7.0,15,7,8,536
7.0,15,7,9,538
7.0,15,7,10,539
7.0,15,7,11,541
7.0,15,7,12,543
7.0,15,7,13,544
7.0,15,7,14,546
7.0,15,7,15,548
7.0,15,8,0,525
7.0,15,8,1,526
7.0,15,8,2,528
7.0,15,8,3,530
7.0,15,8,4,531
7.0,15,8,5,533
7.0,15,8,6,535
7.0,15,8,7,536
7.0,15,8,8,538
7.0,15,8,9,540
7.0,15,8,10,541
7.0,15,8,11,543
7.0,15,8,12,545
7.0,15,8,13,546
7.0,15,8,14,548
7.0,15,8,15,549
7.0,15,9,0,526
7.0,15,9,1,528
7.0,15,9,2,530
7.0,15,9,3,531
7.0,15,9,4,533
7.0,15,9,5,535
7.0,15,9,6,536
7.0,15,9,7,538
7.0,15,9,8,540
7.0,15,9,9,541
7.0,15,9,10,543
7.0,15,9,11,545
7.0,15,9,12,546
7.0,15,9,13,548
7.0,15,9,14,549
7.0,15,9,15,551
7.0,15,10,0,528
7.0,15,10,1,530
7.0,15,10,2,531
7.0,15,10,3,533
7.0,15,10,4,535
7.0,15,10,5,536
7.0,15,10,6,538
7.0,15,10,7,540
7.0,15,10,8,541
7.0,15,10,9,543
7.0,15,10,10,545
7.0,15,10,11,546
7.0,15,10,12,548
7.0,15,10,13,550
7.0,15,10,14,551
7.0,15,10,15,553
7.0,15,11,0,530
7.0,15,11,1,531
7.0,15,11,2,533
7.0,15,11,3,535
7.0,15,11,4,536
7.0,15,11,5,538
7.0,15,11,6,540
7.0,15,11,7,541
7.0,15,11,8,543
7.0,15,11,9,545
7.0,15,11,10,546
7.0,15,11,11,548
7.0,15,11,12,550
7.0,15,11,13,551
7.0,15,11,14,553
7.0,15,11,15,555
7.0,15,12,0,531
7.0,15,12,1,533
7.0,15,12,2,535
7.0,15,12,3,536
7.0,15,12,4,538
7.0,15,12,5,540
7.0,15,12,6,541
7.0,15,12,7,543
7.0,15,12,8,545
7.0,15,12,9,546
7.0,15,12,10,548
7.0,15,12,11,550
7.0,15,12,12,551
7.0,15,12,13,553
7.0,15,12,14,555
7.0,15,12,15,556
7.0,15,13,0,533
7.0,15,13,1,535
7.0,15,13,2,536
7.0,15,13,3,538
7.0,15,13,4,540
7.0,15,13,5,541
7.0,15,13,6,543
7.0,15,13,7,545
7.0,15,13,8,546
7.0,15,13,9,548
7.0,15,13,10,550
7.0,15,13,11,551
7.0,15,13,12,553
7.0,15,13,13,555
7.0,15,13,14,556
7.0,15,13,15,558
7.0,15,14,0,534
7.0,15,14,1,536
7.0,15,14,2,538
7.0,15,14,3,540
7.0,15,14,4,541
7.0,15,14,5,543
7.0,15,14,6,545
7.0,15,14,7,546
7.0,15,14,8,548
7.0,15,14,9,550
7.0,15,14,10,551
7.0,15,14,11,553
7.0,15,14,12,555
7.0,15,14,13,556
7.0,15,14,14,558
7.0,15,14,15,560
7.0,15,15,0,536
7.0,15,15,1,538
7.0,15,15,2,540
7.0,15,15,3,541
7.0,15,15,4,543
7.0,15,15,5,545
7.0,15,15,6,546
7.0,15,15,7,548
7.0,15,15,8,550
7.0,15,15,9,551
7.0,15,15,10,553
7.0,15,15,11,555
7.0,15,15,12,557
7.0,15,15,13,558
7.0,15,15,14,560
7.0,15,15,15,561
7.5,0,0,0,521
7.5,0,0,1,522
7.5,0,0,2,524
7.5,0,0,3,526
7.5,0,0,4,527
7.5,0,0,5,529
7.5,0,0,6,531
7.5,0,0,7,532
7.5,0,0,8,534
7.5,0,0,9,536
7.5,0,0,10,537
7.5,0,0,11,539
7.5,0,0,12,540
7.5,0,0,13,542
7.5,0,0,14,544
7.5,0,0,15,545
7.5,0,1,0,522
7.5,0,1,1,524
7.5,0,1,2,526
7.5,0,1,3,527
7.5,0,1,4,529
7.5,0,1,5,531
7.5,0,1,6,532
7.5,0,1,7,534
7.5,0,1,8,536
7.5,0,1,9,537
7.5,0,1,10,539
7.5,0,1,11,541
7.5,0,1,12,542
7.5,0,1,13,544
7.5,0,1,14,545
7.5,0,1,15,547
7.5,0,2,0,524
7.5,0,2,1,526
7.5,0,2,2,527
7.5,0,2,3,529
7.5,0,2,4,531
7.5,0,2,5,532
7.5,0,2,6,534
7.5,0,2,7,536
7.5,0,2,8,537
7.5,0,2,9,539
7.5,0,2,10,541
7.5,0,2,11,542
7.5,0,2,12,544
7.5,0,2,13,546
7.5,0,2,14,547
7.5,0,2,15,549
7.5,0,3,0,526
7.5,0,3,1,528
7.5,0,3,2,529
7.5,0,3,3,531
7.5,0,3,4,533
7.5,0,3,5,534
7.5,0,3,6,536
7.5,0,3,7,538
7.5,0,3,8,539
7.5,0,3,9,541
7.5,0,3,10,543
7.5,0,3,11,544
7.5,0,3,12,546
7.5,0,3,13,547
7.5,0,3,14,549
7.5,0,3,15,551
7.5,0,4,0,528
7.5,0,4,1,529
7.5,0,4,2,531
7.5,0,4,3,533
7.5,0,4,4,534
7.5,0,4,5,536
7.5,0,4,6,538
7.5,0,4,7,539
7.5,0,4,8,541
7.5,0,4,9,543
7.5,0,4,10,544
7.5,0,4,11,546
7.5,0,4,12,548
7.5,0,4,13,549
7.5,0,4,14,551
7.5,0,4,15,553
7.5,0,5,0,529
7.5,0,5,1,531
7.5,0,5,2,533
7.5,0,5,3,534
7.5,0,5,4,536
7.5,0,5,5,538
7.5,0,5,6,539
7.5,0,5,7,541
7.5,0,5,8,543
7.5,0,5,9,544
7.5,0,5,10,546
7.5,0,5,11,548
7.5,0,5,12,549
7.5,0,5,13,551
7.5,0,5,14,553
7.5,0,5,15,554
7.5,0,6,0,531
7.5,0,6,1,533
7.5,0,6,2,534
7.5,0,6,3,536
7.5,0,6,4,538
7.5,0,6,5,539
7.5,0,6,6,541
7.5,0,6,7,543
7.5,0,6,8,545
7.5,0,6,9,546
7.5,0,6,10,548
7.5,0,6,11,550
7.5,0,6,12,551
7.5,0,6,13,553
7.5,0,6,14,554
7.5,0,6,15,556
7.5,0,7,0,533
7.5,0,7,1,534
7.5,0,7,2,536
7.5,0,7,3,538
7.5,0,7,4,540
7.5,0,7,5,541
7.5,0,7,6,543
7.5,0,7,7,545
7.5,0,7,8,546
7.5,0,7,9,548
7.5,0,7,10,550
7.5,0,7,11,551
7.5,0,7,12,553
7.5,0,7,13,555
7.5,0,7,14,556
7.5,0,7,15,558
7.5,0,8,0,534
7.5,0,8,1,536
7.5,0,8,2,538
7.5,0,8,3,540
7.5,0,8,4,541
7.5,0,8,5,543
7.5,0,8,6,545
7.5,0,8,7,546
7.5,0,8,8,548
7.5,0,8,9,550
7.5,0,8,10,551
7.5,0,8,11,553
7.5,0,8,12,555
7.5,0,8,13,556
7.5,0,8,14,558
7.5,0,8,15,560
7.5,0,9,0,536
7.5,0,9,1,538
7.5,0,9,2,540
7.5,0,9,3,541
7.5,0,9,4,543
7.5,0,9,5,545
7.5,0,9,6,546
7.5,0,9,7,548
7.5,0,9,8,550
7.5,0,9,9,551
7.5,0,9,10,553
7.5,0,9,11,555
7.5,0,9,12,556
7.5,0,9,13,558
7.5,0,9,14,560
7.5,0,9,15,561
7.5,0,10,0,538
7.5,0,10,1,540
7.5,0,10,2,541
7.5,0,10,3,543
7.5,0,10,4,545
7.5,0,10,5,546
7.5,0,10,6,548
7.5,0,10,7,550
7.5,0,10,8,552
7.5,0,10,9,553
7.5,0,10,10,555
7.5,0,10,11,557
7.5,0,10,12,558
7.5,0,10,13,560
7.5,0,10,14,562
7.5,0,10,15,563
7.5,0,11,0,539
7.5,0,11,1,541
7.5,0,11,2,543
7.5,0,11,3,545
7.5,0,11,4,546
7.5,0,11,5,548
7.5,0,11,6,550
7.5,0,11,7,552
7.5,0,11,8,553
7.5,0,11,9,555
7.5,0,11,10,557
7.5,0,11,11,558
7.5,0,11,12,560
7.5,0,11,13,562
7.5,0,11,14,563
7.5,0,11,15,565
7.5,0,12,0,541
7.5,0,12,1,543
7.5,0,12,2,545
7.5,0,12,3,546
7.5,0,12,4,548
7.5,0,12,5,550
7.5,0,12,6,552
7.5,0,12,7,553
7.5,0,12,8,555
7.5,0,12,9,557
7.5,0,12,10,558
7.5,0,12,11,560
7.5,0,12,12,562
7.5,0,12,13,563
7.5,0,12,14,565
7.5,0,12,15,567
7.5,0,13,0,543
7.5,0,13,1,545
7.5,0,13,2,546
7.5,0,13,3,548
7.5,0,13,4,550
7.5,0,13,5,552
7.5,0,13,6,553
7.5,0,13,7,555
7.5,0,13,8,557
7.5,0,13,9,558
7.5,0,13,10,560
7.5,0,13,11,562
7.5,0,13,12,563
7.5,0,13,13,565
7.5,0,13,14,567
7.5,0,13,15,569
7.5,0,14,0,545
7.5,0,14,1,546
7.5,0,14,2,548
7.5,0,14,3,550
7.5,0,14,4,552
7.5,0,14,5,553
7.5,0,14,6,555
7.5,0,14,7,557
7.5,0,14,8,558
7.5,0,14,9,560
7.5,0,14,10,562
7.5,0,14,11,564
7.5,0,14,12,565
7.5,0,14,13,567
7.5,0,14,14,569
7.5,0,14,15,570
7.5,0,15,0,546
7.5,0,15,1,548
7.5,0,15,2,550
7.5,0,15,3,551
7.5,0,15,4,553
7.5,0,15,5,555
7.5,0,15,6,557
7.5,0,15,7,558
7.5,0,15,8,560
7.5,0,15,9,562
7.5,0,15,10,564
7.5,0,15,11,565
7.5,0,15,12,567
7.5,0,15,13,569
7.5,0,15,14,570
7.5,0,15,15,572
7.5,1,0,0,523
7.5,1,0,1,524
7.5,1,0,2,526
7.5,1,0,3,528
7.5,1,0,4,529
7.5,1,0,5,531
7.5,1,0,6,533
7.5,1,0,7,534
7.5,1,0,8,536
7.5,1,0,9,538
7.5,1,0,10,539
7.5,1,0,11,541
7.5,1,0,12,542
7.5,1,0,13,544
7.5,1,0,14,546
7.5,1,0,15,547
7.5,1,1,0,524
7.5,1,1,1,526
7.5,1,1,2,528
7.5,1,1,3,529
7.5,1,1,4,531
7.5,1,1,5,533
7.5,1,1,6,534
7.5,1,1,7,536
7.5,1,1,8,538
7.5,1,1,9,539
7.5,1,1,10,541
7.5,1,1,11,543
7.5,1,1,12,544
7.5,1,1,13,546
7.5,1,1,14,548
7.5,1,1,15,549
7.5,1,2,0,526
7.5,1,2,1,528
7.5,1,2,2,529
7.5,1,2,3,531
7.5,1,2,4,533
7.5,1,2,5,535
7.5,1,2,6,536
7.5,1,2,7,538
7.5,1,2,8,540
7.5,1,2,9,541
7.5,1,2,10,543
7.5,1,2,11,544
7.5,1,2,12,546
7.5,1,2,13,548
7.5,1,2,14,549
7.5,1,2,15,551
7.5,1,3,0,528
7.5,1,3,1,530
7.5,1,3,2,531
7.5,1,3,3,533
7.5,1,3,4,535
7.5,1,3,5,536
7.5,1,3,6,538
7.5,1,3,7,540
7.5,1,3,8,541
7.5,1,3,9,543
7.5,1,3,10,545
7.5,1,3,11,546
7.5,1,3,12,548
7.5,1,3,13,550
7.5,1,3,14,551
7.5,1,3,15,553
7.5,1,4,0,530
7.5,1,4,1,531
7.5,1,4,2,533
7.5,1,4,3,535
7.5,1,4,4,536
7.5,1,4,5,538
7.5,1,4,6,540
7.5,1,4,7,541
7.5,1,4,8,543
7.5,1,4,9,545
7.5,1,4,10,546
7.5,1,4,11,548
7.5,1,4,12,550
7.5,1,4,13,551
7.5,1,4,14,553
7.5,1,4,15,555
7.5,1,5,0,531
7.5,1,5,1,533
7.5,1,5,2,535
7.5,1,5,3,536
7.5,1,5,4,538
7.5,1,5,5,540
7.5,1,5,6,541
7.5,1,5,7,543
7.5,1,5,8,545
7.5,1,5,9,547
7.5,1,5,10,548
7.5,1,5,11,550
7.5,1,5,12,551
7.5,1,5,13,553
7.5,1,5,14,555
7.5,1,5,15,556
7.5,1,6,0,533
7.5,1,6,1,535
7.5,1,6,2,536
7.5,1,6,3,538
7.5,1,6,4,540
7.5,1,6,5,542
7.5,1,6,6,543
7.5,1,6,7,545
7.5,1,6,8,547
7.5,1,6,9,548
7.5,1,6,10,550
7.5,1,6,11,552
7.5,1,6,12,553
7.5,1,6,13,555
7.5,1,6,14,557
7.5,1,6,15,558
7.5,1,7,0,535
7.5,1,7,1,536
7.5,1,7,2,538
7.5,1,7,3,540
7.5,1,7,4,542
7.5,1,7,5,543
7.5,1,7,6,545
7.5,1,7,7,547
7.5,1,7,8,548
7.5,1,7,9,550
7.5,1,7,10,552
7.5,1,7,11,553
7.5,1,7,12,555
7.5,1,7,13,557
7.5,1,7,14,558
7.5,1,7,15,560
7.5,1,8,0,536
7.5,1,8,1,538
7.5,1,8,2,540
7.5,1,8,3,542
7.5,1,8,4,543
7.5,1,8,5,545
7.5,1,8,6,547
7.5,1,8,7,548
7.5,1,8,8,550
7.5,1,8,9,552
7.5,1,8,10,553
7.5,1,8,11,555
7.5,1,8,12,557
7.5,1,8,13,559
7.5,1,8,14,560
7.5,1,8,15,562
7.5,1,9,0,538
7.5,1,9,1,540
7.5,1,9,2,542
7.5,1,9,3,543
7.5,1,9,4,545
7.5,1,9,5,547
7.5,1,9,6,548
7.5,1,9,7,550
7.5,1,9,8,552
7.5,1,9,9,554
7.5,1,9,10,555
7.5,1,9,11,557
7.5,1,9,12,559
7.5,1,9,13,560
7.5,1,9,14,562
7.5,1,9,15,564
7.5,1,10,0,540
7.5,1,10,1,542
7.5,1,10,2,543
7.5,1,10,3,545
7.5,1,10,4,547
7.5,1,10,5,549
7.5,1,10,6,550
7.5,1,10,7,552
7.5,1,10,8,554
7.5,1,10,9,555
7.5,1,10,10,557
7.5,1,10,11,559
7.5,1,10,12,560
7.5,1,10,13,562
7.5,1,10,14,564
7.5,1,10,15,565
7.5,1,11,0,542
7.5,1,11,1,543
7.5,1,11,2,545
7.5,1,11,3,547
7.5,1,11,4,549
7.5,1,11,5,550
7.5,1,11,6,552
7.5,1,11,7,554
7.5,1,11,8,555
7.5,1,11,9,557
7.5,1,11,10,559
7.5,1,11,11,560
7.5,1,11,12,562
7.5,1,11,13,564
7.5,1,11,14,566
7.5,1,11,15,567
7.5,1,12,0,543
7.5,1,12,1,545
7.5,1,12,2,547
7.5,1,12,3,548
7.5,1,12,4,550
7.5,1,12,5,552
7.5,1,12,6,554
7.5,1,12,7,555
7.5,1,12,8,557
7.5,1,12,9,559
7.5,1,12,10,561
7.5,1,12,11,562
7.5,1,12,12,564
7.5,1,12,13,566
7.5,1,12,14,567
7.5,1,12,15,569
7.5,1,13,0,545
7.5,1,13,1,547
7.5,1,13,2,548
7.5,1,13,3,550
7.5,1,13,4,552
7.5,1,13,5,554
7.5,1,13,6,555
7.5,1,13,7,557
7.5,1,13,8,559
7.5,1,13,9,561
7.5,1,13,10,562
7.5,1,13,11,564
7.5,1,13,12,566
7.5,1,13,13,567
7.5,1,13,14,569
7.5,1,13,15,571
7.5,1,14,0,547
7.5,1,14,1,548
7.5,1,14,2,550
7.5,1,14,3,552
7.5,1,14,4,554
7.5,1,14,5,555
7.5,1,14,6,557
7.5,1,14,7,559
7.5,1,14,8,561
7.5,1,14,9,562
7.5,1,14,10,564
7.5,1,14,11,566
7.5,1,14,12,567
7.5,1,14,13,569
7.5,1,14,14,571
7.5,1,14,15,572
7.5,1,15,0,548
7.5,1,15,1,550
7.5,1,15,2,552
7.5,1,15,3,554
7.5,1,15,4,555
7.5,1,15,5,557
7.5,1,15,6,559
7.5,1,15,7,561
7.5,1,15,8,562
7.5,1,15,9,564
7.5,1,15,10,566
7.5,1,15,11,567
7.5,1,15,12,569
7.5,1,15,13,571
7.5,1,15,14,573
7.5,1,15,15,574
7.5,2,0,0,525
7.5,2,0,1,526
7.5,2,0,2,528
7.5,2,0,3,530
7.5,2,0,4,531
7.5,2,0,5,533
7.5,2,0,6,535
7.5,2,0,7,536
7.5,2,0,8,538
7.5,2,0,9,540
7.5,2,0,10,541
7.5,2,0,11,543
7.5,2,0,12,545
7.5,2,0,13,546
7.5,2,0,14,548
7.5,2,0,15,549
7.5,2,1,0,526
7.5,2,1,1,528
7.5,2,1,2,530
7.5,2,1,3,531
7.5,2,1,4,533
7.5,2,1,5,535
7.5,2,1,6,536
7.5,2,1,7,538
7.5,2,1,8,540
7.5,2,1,9,541
7.5,2,1,10,543
7.5,2,1,11,545
7.5,2,1,12,546
7.5,2,1,13,548
7.5,2,1,14,550
7.5,2,1,15,551
7.5,2,2,0,528
7.5,2,2,1,530
7.5,2,2,2,531
7.5,2,2,3,533
7.5,2,2,4,535
7.5,2,2,5,537
7.5,2,2,6,538
7.5,2,2,7,540
7.5,2,2,8,542
7.5,2,2,9,543
7.5,2,2,10,545
7.5,2,2,11,547
7.5,2,2,12,548
7.5,2,2,13,550
7.5,2,2,14,551
7.5,2,2,15,553
7.5,2,3,0,530
7.5,2,3,1,532
7.5,2,3,2,533
7.5,2,3,3,535
7.5,2,3,4,537
7.5,2,3,5,538
7.5,2,3,6,540
7.5,2,3,7,542
7.5,2,3,8,543
7.5,2,3,9,545
7.5,2,3,10,547
7.5,2,3,11,548
7.5,2,3,12,550
7.5,2,3,13,552
7.5,2,3,14,553
7.5,2,3,15,555
7.5,2,4,0,532
7.5,2,4,1,533
7.5,2,4,2,535
7.5,2,4,3,537
7.5,2,4,4,538
7.5,2,4,5,540
7.5,2,4,6,542
7.5,2,4,7,543
7.5,2,4,8,545
7.5,2,4,9,547
7.5,2,4,10,548
7.5,2,4,11,550
7.5,2,4,12,552
7.5,2,4,13,553
7.5,2,4,14,555
7.5,2,4,15,557
7.5,2,5,0,533
7.5,2,5,1,535
7.5,2,5,2,537
7.5,2,5,3,538
7.5,2,5,4,540
7.5,2,5,5,542
7.5,2,5,6,544
7.5,2,5,7,545
7.5,2,5,8,547
7.5,2,5,9,549
7.5,2,5,10,550
7.5,2,5,11,552
7.5,2,5,12,554
7.5,2,5,13,555
7.5,2,5,14,557
7.5,2,5,15,559
7.5,2,6,0,535
7.5,2,6,1,537
7.5,2,6,2,538
7.5,2,6,3,540
7.5,2,6,4,542
7.5,2,6,5,544
7.5,2,6,6,545
7.5,2,6,7,547
7.5,2,6,8,549
7.5,2,6,9,550
7.5,2,6,10,552
7.5,2,6,11,554
7.5,2,6,12,555
7.5,2,6,13,557
7.5,2,6,14,559
7.5,2,6,15,560
7.5,2,7,0,537
7.5,2,7,1,539
7.5,2,7,2,540
7.5,2,7,3,542
7.5,2,7,4,544
7.5,2,7,5,545
7.5,2,7,6,547
7.5,2,7,7,549
7.5,2,7,8,550
7.5,2,7,9,552
7.5,2,7,10,554
7.5,2,7,11,556
7.5,2,7,12,557
7.5,2,7,13,559
7.5,2,7,14,561
7.5,2,7,15,562
7.5,2,8,0,538
7.5,2,8,1,540
7.5,2,8,2,542
7.5,2,8,3,544
7.5,2,8,4,545
7.5,2,8,5,547
7.5,2,8,6,549
7.5,2,8,7,551
7.5,2,8,8,552
7.5,2,8,9,554
7.5,2,8,10,556
7.5,2,8,11,557
7.5,2,8,12,559
7.5,2,8,13,561
7.5,2,8,14,562
7.5,2,8,15,564
7.5,2,9,0,540
7.5,2,9,1,542
7.5,2,9,2,544
7.5,2,9,3,545
7.5,2,9,4,547
7.5,2,9,5,549
7.5,2,9,6,551
7.5,2,9,7,552
7.5,2,9,8,554
7.5,2,9,9,556
7.5,2,9,10,557
7.5,2,9,11,559
7.5,2,9,12,561
7.5,2,9,13,562
7.5,2,9,14,564
7.5,2,9,15,566
7.5,2,10,0,542
7.5,2,10,1,544
7.5,2,10,2,545
7.5,2,10,3,547
7.5,2,10,4,549
7.5,2,10,5,551
7.5,2,10,6,552
7.5,2,10,7,554
7.5,2,10,8,556
7.5,2,10,9,557
7.5,2,10,10,559
7.5,2,10,11,561
7.5,2,10,12,563
7.5,2,10,13,564
7.5,2,10,14,566
7.5,2,10,15,568
7.5,2,11,0,544
7.5,2,11,1,545
7.5,2,11,2,547
7.5,2,11,3,549
7.5,2,11,4,551
7.5,2,11,5,552
7.5,2,11,6,554
7.5,2,11,7,556
7.5,2,11,8,557
7.5,2,11,9,559
7.5,2,11,10,561
7.5,2,11,11,563
7.5,2,11,12,564
7.5,2,11,13,566
7.5,2,11,14,568
7.5,2,11,15,569
7.5,2,12,0,545
7.5,2,12,1,547
7.5,2,12,2,549
7.5,2,12,3,551
7.5,2,12,4,552
7.5,2,12,5,554
7.5,2,12,6,556
7.5,2,12,7,558
7.5,2,12,8,559
7.5,2,12,9,561
7.5,2,12,10,563
7.5,2,12,11,564
7.5,2,12,12,566
7.5,2,12,13,568
7.5,2,12,14,569
7.5,2,12,15,571
7.5,2,13,0,547
7.5,2,13,1,549
7.5,2,13,2,551
7.5,2,13,3,552
7.5,2,13,4,554
7.5,2,13,5,556
7.5,2,13,6,558
7.5,2,13,7,559
7.5,2,13,8,561
7.5,2,13,9,563
7.5,2,13,10,564
7.5,2,13,11,566
7.5,2,13,12,568
7.5,2,13,13,570
7.5,2,13,14,571
7.5,2,13,15,573
7.5,2,14,0,549
7.5,2,14,1,550
7.5,2,14,2,552
7.5,2,14,3,554
7.5,2,14,4,556
7.5,2,14,5,557
7.5,2,14,6,559
7.5,2,14,7,561
7.5,2,14,8,563
7.5,2,14,9,564
7.5,2,14,10,566
7.5,2,14,11,568
7.5,2,14,12,570
7.5,2,14,13,571
7.5,2,14,14,573
7.5,2,14,15,575
7.5,2,15,0,550
7.5,2,15,1,552
7.5,2,15,2,554
7.5,2,15,3,556
7.5,2,15,4,557
7.5,2,15,5,559
7.5,2,15,6,561
7.5,2,15,7,563
7.5,2,15,8,564
7.5,2,15,9,566
7.5,2,15,10,568
7.5,2,15,11,570
7.5,2,15,12,571
7.5,2,15,13,573
7.5,2,15,14,575
7.5,2,15,15,576
7.5,3,0,0,527
7.5,3,0,1,528
7.5,3,0,2,530
7.5,3,0,3,532
7.5,3,0,4,533
7.5,3,0,5,535
7.5,3,0,6,537
7.5,3,0,7,538
7.5,3,0,8,540
7.5,3,0,9,542
7.5,3,0,10,543
7.5,3,0,11,545
7.5,3,0,12,547
7.5,3,0,13,548
7.5,3,0,14,550
7.5,3,0,15,551
7.5,3,1,0,528
7.5,3,1,1,530
7.5,3,1,2,532
7.5,3,1,3,533
7.5,3,1,4,535
7.5,3,1,5,537
7.5,3,1,6,538
7.5,3,1,7,540
7.5,3,1,8,542
7.5,3,1,9,543
7.5,3,1,10,545
7.5,3,1,11,547
7.5,3,1,12,548
7.5,3,1,13,550
7.5,3,1,14,552
7.5,3,1,15,553
7.5,3,2,0,530
7.5,3,2,1,532
7.5,3,2,2,534
7.5,3,2,3,535
7.5,3,2,4,537
7.5,3,2,5,539
7.5,3,2,6,540
7.5,3,2,7,542
7.5,3,2,8,544
7.5,3,2,9,545
7.5,3,2,10,547
7.5,3,2,11,549
7.5,3,2,12,550
7.5,3,2,13,552
7.5,3,2,14,554
7.5,3,2,15,555
7.5,3,3,0,532
7.5,3,3,1,534
7.5,3,3,2,535
7.5,3,3,3,537
7.5,3,3,4,539
7.5,3,3,5,540
7.5,3,3,6,542
7.5,3,3,7,544
7.5,3,3,8,545
7.5,3,3,9,547
7.5,3,3,10,549
7.5,3,3,11,550
7.5,3,3,12,552
7.5,3,3,13,554
7.5,3,3,14,555
7.5,3,3,15,557
7.5,3,4,0,534
7.5,3,4,1,535
7.5,3,4,2,537
7.5,3,4,3,539
7.5,3,4,4,540
7.5,3,4,5,542
7.5,3,4,6,544
7.5,3,4,7,546
7.5,3,4,8,547
7.5,3,4,9,549
7.5,3,4,10,551
7.5,3,4,11,552
7.5,3,4,12,554
7.5,3,4,13,556
7.5,3,4,14,557
7.5,3,4,15,559
7.5,3,5,0,535
7.5,3,5,1,537
7.5,3,5,2,539
7.5,3,5,3,541
7.5,3,5,4,542
7.5,3,5,5,544
7.5,3,5,6,546
7.5,3,5,7,547
7.5,3,5,8,549
7.5,3,5,9,551
7.5,3,5,10,552
7.5,3,5,11,554
7.5,3,5,12,556
7.5,3,5,13,557
7.5,3,5,14,559
7.5,3,5,15,561
7.5,3,6,0,537
7.5,3,6,1,539
7.5,3,6,2,541
7.5,3,6,3,542
7.5,3,6,4,544
7.5,3,6,5,546
7.5,3,6,6,547
7.5,3,6,7,549
7.5,3,6,8,551
7.5,3,6,9,552
7.5,3,6,10,554
7.5,3,6,11,556
7.5,3,6,12,558
7.5,3,6,13,559
7.5,3,6,14,561
7.5,3,6,15,563
7.5,3,7,0,539
7.5,3,7,1,541
7.5,3,7,2,542
7.5,3,7,3,544
7.5,3,7,4,546
7.5,3,7,5,547
7.5,3,7,6,549
7.5,3,7,7,551
7.5,3,7,8,553
7.5,3,7,9,554
7.5,3,7,10,556
7.5,3,7,11,558
7.5,3,7,12,559
7.5,3,7,13,561
7.5,3,7,14,563
7.5,3,7,15,564
7.5,3,8,0,541
7.5,3,8,1,542
7.5,3,8,2,544
7.5,3,8,3,546
7.5,3,8,4,547
7.5,3,8,5,549
7.5,3,8,6,551
7.5,3,8,7,553
7.5,3,8,8,554
7.5,3,8,9,556
7.5,3,8,10,558
7.5,3,8,11,559
7.5,3,8,12,561
7.5,3,8,13,563
7.5,3,8,14,564
7.5,3,8,15,566
7.5,3,9,0,542
7.5,3,9,1,544
7.5,3,9,2,546
7.5,3,9,3,547
7.5,3,9,4,549
7.5,3,9,5,551
7.5,3,9,6,553
7.5,3,9,7,554
7.5,3,9,8,556
7.5,3,9,9,558
7.5,3,9,10,560
7.5,3,9,11,561
7.5,3,9,12,563
7.5,3,9,13,565
7.5,3,9,14,566
7.5,3,9,15,568
7.5,3,10,0,544
7.5,3,10,1,546
7.5,3,10,2,547
7.5,3,10,3,549
7.5,3,10,4,551
7.5,3,10,5,553
7.5,3,10,6,554
7.5,3,10,7,556
7.5,3,10,8,558
7.5,3,10,9,560
7.5,3,10,10,561
7.5,3,10,11,563
7.5,3,10,12,565
7.5,3,10,13,566
7.5,3,10,14,568
7.5,3,10,15,570
7.5,3,11,0,546
7.5,3,11,1,547
7.5,3,11,2,549
7.5,3,11,3,551
7.5,3,11,4,553
7.5,3,11,5,554
7.5,3,11,6,556
7.5,3,11,7,558
7.5,3,11,8,560
7.5,3,11,9,561
7.5,3,11,10,563
7.5,3,11,11,565
7.5,3,11,12,566
7.5,3,11,13,568
7.5,3,11,14,570
7.5,3,11,15,572
7.5,3,12,0,547
7.5,3,12,1,549
7.5,3,12,2,551
7.5,3,12,3,553
7.5,3,12,4,554
7.5,3,12,5,556
7.5,3,12,6,558
7.5,3,12,7,560
7.5,3,12,8,561
7.5,3,12,9,563
7.5,3,12,10,565
7.5,3,12,11,567
7.5,3,12,12,568
7.5,3,12,13,570
7.5,3,12,14,572
7.5,3,12,15,573
7.5,3,13,0,549
7.5,3,13,1,551
7.5,3,13,2,553
7.5,3,13,3,554
7.5,3,13,4,556
7.5,3,13,5,558
7.5,3,13,6,560
7.5,3,13,7,561
7.5,3,13,8,563
7.5,3,13,9,565
7.5,3,13,10,567
7.5,3,13,11,568
7.5,3,13,12,570
7.5,3,13,13,572
7.5,3,13,14,573
7.5,3,13,15,575
7.5,3,14,0,551
7.5,3,14,1,553
7.5,3,14,2,554
7.5,3,14,3,556
7.5,3,14,4,558
7.5,3,14,5,560
7.5,3,14,6,561
7.5,3,14,7,563
7.5,3,14,8,565
7.5,3,14,9,567
7.5,3,14,10,568
7.5,3,14,11,570
7.5,3,14,12,572
7.5,3,14,13,573
7.5,3,14,14,575
7.5,3,14,15,577
7.5,3,15,0,552
7.5,3,15,1,554
7.5,3,15,2,556
7.5,3,15,3,558
7.5,3,15,4,560
7.5,3,15,5,561
7.5,3,15,6,563
7.5,3,15,7,565
7.5,3,15,8,567
7.5,3,15,9,568
7.5,3,15,10,570
7.5,3,15,11,572
7.5,3,15,12,573
7.5,3,15,13,575
7.5,3,15,14,577
7.5,3,15,15,579
7.5,4,0,0,529
7.5,4,0,1,530
7.5,4,0,2,532
7.5,4,0,3,534
7.5,4,0,4,535
7.5,4,0,5,537
7.5,4,0,6,539
7.5,4,0,7,540
7.5,4,0,8,542
7.5,4,0,9,544
7.5,4,0,10,545
7.5,4,0,11,547
7.5,4,0,12,549
7.5,4,0,13,550
7.5,4,0,14,552
7.5,4,0,15,554
7.5,4,1,0,530
7.5,4,1,1,532
7.5,4,1,2,534
7.5,4,1,3,535
7.5,4,1,4,537
7.5,4,1,5,539
7.5,4,1,6,541
7.5,4,1,7,542
7.5,4,1,8,544
7.5,4,1,9,546
7.5,4,1,10,547
7.5,4,1,11,549
7.5,4,1,12,551
7.5,4,1,13,552
7.5,4,1,14,554
7.5,4,1,15,555
7.5,4,2,0,532
7.5,4,2,1,534
7.5,4,2,2,536
7.5,4,2,3,537
7.5,4,2,4,539
7.5,4,2,5,541
7.5,4,2,6,542
7.5,4,2,7,544
7.5,4,2,8,546
7.5,4,2,9,547
7.5,4,2,10,549
7.5,4,2,11,551
7.5,4,2,12,552
7.5,4,2,13,554
7.5,4,2,14,556
7.5,4,2,15,557
7.5,4,3,0,534
7.5,4,3,1,536
7.5,4,3,2,537
7.5,4,3,3,539
7.5,4,3,4,541
7.5,4,3,5,542
7.5,4,3,6,544
7.5,4,3,7,546
7.5,4,3,8,547
7.5,4,3,9,549
7.5,4,3,10,551
7.5,4,3,11,553
7.5,4,3,12,554
7.5,4,3,13,556
7.5,4,3,14,557
7.5,4,3,15,559
7.5,4,4,0,536
7.5,4,4,1,537
7.5,4,4,2,539
7.5,4,4,3,541
7.5,4,4,4,543
7.5,4,4,5,544
7.5,4,4,6,546
7.5,4,4,7,548
7.5,4,4,8,549
7.5,4,4,9,551
7.5,4,4,10,553
7.5,4,4,11,554
7.5,4,4,12,556
7.5,4,4,13,558
7.5,4,4,14,559
7.5,4,4,15,561
7.5,4,5,0,537
7.5,4,5,1,539
7.5,4,5,2,541
7.5,4,5,3,543
7.5,4,5,4,544
7.5,4,5,5,546
7.5,4,5,6,548
7.5,4,5,7,549
7.5,4,5,8,551
7.5,4,5,9,553
7.5,4,5,10,554
7.5,4,5,11,556
7.5,4,5,12,558
7.5,4,5,13,559
7.5,4,5,14,561
7.5,4,5,15,563
7.5,4,6,0,539
7.5,4,6,1,541
7.5,4,6,2,543
7.5,4,6,3,544
7.5,4,6,4,546
7.5,4,6,5,548
7.5,4,6,6,549
7.5,4,6,7,551
7.5,4,6,8,553
7.5,4,6,9,555
7.5,4,6,10,556
7.5,4,6,11,558
7.5,4,6,12,560
7.5,4,6,13,561
7.5,4,6,14,563
7.5,4,6,15,565
7.5,4,7,0,541
7.5,4,7,1,543
7.5,4,7,2,544
7.5,4,7,3,546
7.5,4,7,4,548
7.5,4,7,5,550
7.5,4,7,6,551
7.5,4,7,7,553
7.5,4,7,8,555
7.5,4,7,9,556
7.5,4,7,10,558
7.5,4,7,11,560
7.5,4,7,12,561
7.5,4,7,13,563
7.5,4,7,14,565
7.5,4,7,15,566
7.5,4,8,0,543
7.5,4,8,1,544
7.5,4,8,2,546
7.5,4,8,3,548
7.5,4,8,4,550
7.5,4,8,5,551
7.5,4,8,6,553
7.5,4,8,7,555
7.5,4,8,8,556
7.5,4,8,9,558
7.5,4,8,10,560
7.5,4,8,11,562
7.5,4,8,12,563
7.5,4,8,13,565
7.5,4,8,14,567
7.5,4,8,15,568
7.5,4,9,0,544
7.5,4,9,1,546
7.5,4,9,2,548
7.5,4,9,3,550
7.5,4,9,4,551
7.5,4,9,5,553
7.5,4,9,6,555
7.5,4,9,7,556
7.5,4,9,8,558
7.5,4,9,9,560
7.5,4,9,10,562
7.5,4,9,11,563
7.5,4,9,12,565
7.5,4,9,13,567
7.5,4,9,14,568
7.5,4,9,15,570
7.5,4,10,0,546
7.5,4,10,1,548
7.5,4,10,2,550
7.5,4,10,3,551
7.5,4,10,4,553
7.5,4,10,5,555
7.5,4,10,6,557
7.5,4,10,7,558
7.5,4,10,8,560
7.5,4,10,9,562
7.5,4,10,10,563
7.5,4,10,11,565
7.5,4,10,12,567
7.5,4,10,13,569
7.5,4,10,14,570
7.5,4,10,15,572
7.5,4,11,0,548
7.5,4,11,1,550
7.5,4,11,2,551
7.5,4,11,3,553
7.5,4,11,4,555
7.5,4,11,5,557
7.5,4,11,6,558
7.5,4,11,7,560
7.5,4,11,8,562
7.5,4,11,9,563
7.5,4,11,10,565
7.5,4,11,11,567
7.5,4,11,12,569
7.5,4,11,13,570
7.5,4,11,14,572
7.5,4,11,15,574
7.5,4,12,0,549
7.5,4,12,1,551
7.5,4,12,2,553
7.5,4,12,3,555
7.5,4,12,4,557
7.5,4,12,5,558
7.5,4,12,6,560
7.5,4,12,7,562
7.5,4,12,8,563
7.5,4,12,9,565
7.5,4,12,10,567
7.5,4,12,11,569
7.5,4,12,12,570
7.5,4,12,13,572
7.5,4,12,14,574
7.5,4,12,15,575
7.5,4,13,0,551
7.5,4,13,1,553
7.5,4,13,2,555
7.5,4,13,3,556
7.5,4,13,4,558
7.5,4,13,5,560
7.5,4,13,6,562
7.5,4,13,7,563
7.5,4,13,8,565
7.5,4,13,9,567
7.5,4,13,10,569
7.5,4,13,11,570
7.5,4,13,12,572
7.5,4,13,13,574
7.5,4,13,14,576
7.5,4,13,15,577
7.5,4,14,0,553
7.5,4,14,1,555
7.5,4,14,2,556
7.5,4,14,3,558
7.5,4,14,4,560
7.5,4,14,5,562
7.5,4,14,6,563
7.5,4,14,7,565
7.5,4,14,8,567
7.5,4,14,9,569
7.5,4,14,10,570
7.5,4,14,11,572
7.5,4,14,12,574
7.5,4,14,13,576
7.5,4,14,14,577
7.5,4,14,15,579
7.5,4,15,0,555
7.5,4,15,1,556
7.5,4,15,2,558
7.5,4,15,3,560
7.5,4,15,4,562
7.5,4,15,5,563
7.5,4,15,6,565
7.5,4,15,7,567
7.5,4,15,8,569
7.5,4,15,9,570
7.5,4,15,10,572
7.5,4,15,11,574
7.5,4,15,12,576
7.5,4,15,13,577
7.5,4,15,14,579
7.5,4,15,15,581
7.5,5,0,0,531
7.5,5,0,1,532
7.5,5,0,2,534
7.5,5,0,3,536
7.5,5,0,4,537
7.5,5,0,5,539
7.5,5,0,6,541
7.5,5,0,7,542
7.5,5,0,8,544
7.5,5,0,9,546
7.5,5,0,10,547
7.5,5,0,11,549
7.5,5,0,12,551
7.5,5,0,13,552
7.5,5,0,14,554
7.5,5,0,15,556
7.5,5,1,0,532
7.5,5,1,1,534
7.5,5,1,2,536
7.5,5,1,3,537
7.5,5,1,4,539
7.5,5,1,5,541
7.5,5,1,6,543
7.5,5,1,7,544
7.5,5,1,8,546
7.5,5,1,9,548
7.5,5,1,10,549
7.5,5,1,11,551
7.5,5,1,12,553
7.5,5,1,13,554
7.5,5,1,14,556
7.5,5,1,15,558
7.5,5,2,0,534
7.5,5,2,1,536
7.5,5,2,2,538
7.5,5,2,3,539
7.5,5,2,4,541
7.5,5,2,5,543
7.5,5,2,6,544
7.5,5,2,7,546
7.5,5,2,8,548
7.5,5,2,9,549
7.5,5,2,10,551
7.5,5,2,11,553
7.5,5,2,12,554
7.5,5,2,13,556
7.5,5,2,14,558
7.5,5,2,15,559
7.5,5,3,0,536
7.5,5,3,1,538
7.5,5,3,2,539
7.5,5,3,3,541
7.5,5,3,4,543
7.5,5,3,5,544
7.5,5,3,6,546
7.5,5,3,7,548
7.5,5,3,8,550
7.5,5,3,9,551
7.5,5,3,10,553
7.5,5,3,11,555
7.5,5,3,12,556
7.5,5,3,13,558
7.5,5,3,14,560
7.5,5,3,15,561
7.5,5,4,0,538
7.5,5,4,1,539
7.5,5,4,2,541
7.5,5,4,3,543
7.5,5,4,4,545
7.5,5,4,5,546
7.5,5,4,6,548
7.5,5,4,7,550
7.5,5,4,8,551
7.5,5,4,9,553
7.5,5,4,10,555
7.5,5,4,11,556
7.5,5,4,12,558
7.5,5,4,13,560
7.5,5,4,14,561
7.5,5,4,15,563
7.5,5,5,0,539
7.5,5,5,1,541
7.5,5,5,2,543
7.5,5,5,3,545
7.5,5,5,4,546
7.5,5,5,5,548
7.5,5,5,6,550
7.5,5,5,7,551
7.5,5,5,8,553
7.5,5,5,9,555
7.5,5,5,10,557
7.5,5,5,11,558
7.5,5,5,12,560
7.5,5,5,13,562
7.5,5,5,14,563
7.5,5,5,15,565
7.5,5,6,0,541
7.5,5,6,1,543
7.5,5,6,2,545
7.5,5,6,3,546
7.5,5,6,4,548
7.5,5,6,5,550
7.5,5,6,6,552
7.5,5,6,7,553
7.5,5,6,8,555
7.5,5,6,9,557
7.5,5,6,10,558
7.5,5,6,11,560
7.5,5,6,12,562
7.5,5,6,13,563
7.5,5,6,14,565
7.5,5,6,15,567
7.5,5,7,0,543
7.5,5,7,1,545
7.5,5,7,2,546
7.5,5,7,3,548
7.5,5,7,4,550
7.5,5,7,5,552
7.5,5,7,6,553
7.5,5,7,7,555
7.5,5,7,8,557
7.5,5,7,9,558
7.5,5,7,10,560
7.5,5,7,11,562
7.5,5,7,12,564
7.5,5,7,13,565
7.5,5,7,14,567
7.5,5,7,15,569
7.5,5,8,0,545
7.5,5,8,1,546
7.5,5,8,2,548
7.5,5,8,3,550
7.5,5,8,4,552
7.5,5,8,5,553
7.5,5,8,6,555
7.5,5,8,7,557
7.5,5,8,8,559
7.5,5,8,9,560
7.5,5,8,10,562
7.5,5,8,11,564
7.5,5,8,12,565
7.5,5,8,13,567
7.5,5,8,14,569
7.5,5,8,15,570
7.5,5,9,0,546
7.5,5,9,1,548
7.5,5,9,2,550
7.5,5,9,3,552
7.5,5,9,4,553
7.5,5,9,5,555
7.5,5,9,6,557
7.5,5,9,7,559
7.5,5,9,8,560
7.5,5,9,9,562
7.5,5,9,10,564
7.5,5,9,11,565
7.5,5,9,12,567
7.5,5,9,13,569
7.5,5,9,14,571
7.5,5,9,15,572
7.5,5,10,0,548
7.5,5,10,1,550
7.5,5,10,2,552
7.5,5,10,3,553
7.5,5,10,4,555
7.5,5,10,5,557
7.5,5,10,6,559
7.5,5,10,7,560
7.5,5,10,8,562
7.5,5,10,9,564
7.5,5,10,10,566
7.5,5,10,11,567
7.5,5,10,12,569
7.5,5,10,13,571
7.5,5,10,14,572
7.5,5,10,15,574
7.5,5,11,0,550
7.5,5,11,1,552
7.5,5,11,2,553
7.5,5,11,3,555
7.5,5,11,4,557
7.5,5,11,5,559
7.5,5,11,6,560
7.5,5,11,7,562
7.5,5,11,8,564
7.5,5,11,9,566
7.5,5,11,10,567
7.5,5,11,11,569
7.5,5,11,12,571
7.5,5,11,13,572
7.5,5,11,14,574
7.5,5,11,15,576
7.5,5,12,0,552
7.5,5,12,1,553
7.5,5,12,2,555
7.5,5,12,3,557
7.5,5,12,4,559
7.5,5,12,5,560
7.5,5,12,6,562
7.5,5,12,7,564
7.5,5,12,8,566
7.5,5,12,9,567
7.5,5,12,10,569
7.5,5,12,11,571
7.5,5,12,12,573
7.5,5,12,13,574
7.5,5,12,14,576
7.5,5,12,15,578
7.5,5,13,0,553
7.5,5,13,1,555
7.5,5,13,2,557
7.5,5,13,3,559
7.5,5,13,4,560
7.5,5,13,5,562
7.5,5,13,6,564
7.5,5,13,7,566
7.5,5,13,8,567
7.5,5,13,9,569
7.5,5,13,10,571
7.5,5,13,11,573
7.5,5,13,12,574
7.5,5,13,13,576
7.5,5,13,14,578
7.5,5,13,15,579
7.5,5,14,0,555
7.5,5,14,1,557
7.5,5,14,2,559
7.5,5,14,3,560
7.5,5,14,4,562
7.5,5,14,5,564
7.5,5,14,6,566
7.5,5,14,7,567
7.5,5,14,8,569
7.5,5,14,9,571
7.5,5,14,10,573
7.5,5,14,11,574
7.5,5,14,12,576
7.5,5,14,13,578
7.5,5,14,14,580
7.5,5,14,15,581
7.5,5,15,0,557
7.5,5,15,1,558
7.5,5,15,2,560
7.5,5,15,3,562
7.5,5,15,4,564
7.5,5,15,5,566
7.5,5,15,6,567
7.5,5,15,7,569
7.5,5,15,8,571
7.5,5,15,9,573
7.5,5,15,10,574
7.5,5,15,11,576
7.5,5,15,12,578
7.5,5,15,13,580
7.5,5,15,14,581
7.5,5,15,15,583
7.5,6,0,0,533
7.5,6,0,1,534
7.5,6,0,2,536
7.5,6,0,3,538
7.5,6,0,4,539
7.5,6,0,5,541
7.5,6,0,6,543
7.5,6,0,7,544
7.5,6,0,8,546
7.5,6,0,9,548
7.5,6,0,10,549
7.5,6,0,11,551
7.5,6,0,12,553
7.5,6,0,13,554
7.5,6,0,14,556
7.5,6,0,15,558
7.5,6,1,0,534
7.5,6,1,1,536
7.5,6,1,2,538
7.5,6,1,3,540
7.5,6,1,4,541
7.5,6,1,5,543
7.5,6,1,6,545
7.5,6,1,7,546
7.5,6,1,8,548
7.5,6,1,9,550
7.5,6,1,10,551
7.5,6,1,11,553
7.5,6,1,12,555
7.5,6,1,13,556
7.5,6,1,14,558
7.5,6,1,15,560
7.5,6,2,0,536
7.5,6,2,1,538
7.5,6,2,2,540
7.5,6,2,3,541
7.5,6,2,4,543
7.5,6,2,5,545
7.5,6,2,6,546
7.5,6,2,7,548
7.5,6,2,8,550
7.5,6,2,9,551
7.5,6,2,10,553
7.5,6,2,11,555
7.5,6,2,12,557
7.5,6,2,13,558
7.5,6,2,14,560
7.5,6,2,15,562
7.5,6,3,0,538
7.5,6,3,1,540
7.5,6,3,2,541
7.5,6,3,3,543
7.5,6,3,4,545
7.5,6,3,5,547
7.5,6,3,6,548
7.5,6,3,7,550
7.5,6,3,8,552
7.5,6,3,9,553
7.5,6,3,10,555
7.5,6,3,11,557
7.5,6,3,12,558
7.5,6,3,13,560
7.5,6,3,14,562
7.5,6,3,15,563
7.5,6,4,0,540
7.5,6,4,1,541
7.5,6,4,2,543
7.5,6,4,3,545
7.5,6,4,4,547
7.5,6,4,5,548
7.5,6,4,6,550
7.5,6,4,7,552
7.5,6,4,8,553
7.5,6,4,9,555
7.5,6,4,10,557
7.5,6,4,11,559
7.5,6,4,12,560
7.5,6,4,13,562
7.5,6,4,14,564
7.5,6,4,15,565
7.5,6,5,0,541
7.5,6,5,1,543
7.5,6,5,2,545
7.5,6,5,3,547
7.5,6,5,4,548
7.5,6,5,5,550
7.5,6,5,6,552
7.5,6,5,7,554
7.5,6,5,8,555
7.5,6,5,9,557
7.5,6,5,10,559
7.5,6,5,11,560
7.5,6,5,12,562
7.5,6,5,13,564
7.5,6,5,14,565
7.5,6,5,15,567
7.5,6,6,0,543
7.5,6,6,1,545
7.5,6,6,2,547
7.5,6,6,3,548
7.5,6,6,4,550
7.5,6,6,5,552
7.5,6,6,6,554
7.5,6,6,7,555
7.5,6,6,8,557
7.5,6,6,9,559
7.5,6,6,10,560
7.5,6,6,11,562
7.5,6,6,12,564
7.5,6,6,13,566
7.5,6,6,14,567
7.5,6,6,15,569
7.5,6,7,0,545
7.5,6,7,1,547
7.5,6,7,2,548
7.5,6,7,3,550
7.5,6,7,4,552
7.5,6,7,5,554
7.5,6,7,6,555
7.5,6,7,7,557
7.5,6,7,8,559
7.5,6,7,9,561
7.5,6,7,10,562
7.5,6,7,11,564
7.5,6,7,12,566
7.5,6,7,13,567
7.5,6,7,14,569
7.5,6,7,15,571
7.5,6,8,0,547
7.5,6,8,1,548
7.5,6,8,2,550
7.5,6,8,3,552
7.5,6,8,4,554
7.5,6,8,5,555
7.5,6,8,6,557
7.5,6,8,7,559
7.5,6,8,8,561
7.5,6,8,9,562
7.5,6,8,10,564
7.5,6,8,11,566
7.5,6,8,12,567
7.5,6,8,13,569
7.5,6,8,14,571
7.5,6,8,15,573
7.5,6,9,0,548
7.5,6,9,1,550
7.5,6,9,2,552
7.5,6,9,3,554
7.5,6,9,4,555
7.5,6,9,5,557
7.5,6,9,6,559
7.5,6,9,7,561
7.5,6,9,8,562
7.5,6,9,9,564
7.5,6,9,10,566
7.5,6,9,11,568
7.5,6,9,12,569
7.5,6,9,13,571
7.5,6,9,14,573
7.5,6,9,15,574
7.5,6,10,0,550
7.5,6,10,1,552
7.5,6,10,2,554
7.5,6,10,3,555
7.5,6,10,4,557
7.5,6,10,5,559
7.5,6,10,6,561
7.5,6,10,7,562
7.5,6,10,8,564
7.5,6,10,9,566
7.5,6,10,10,568
7.5,6,10,11,569
7.5,6,10,12,571
7.5,6,10,13,573
7.5,6,10,14,575
7.5,6,10,15,576
7.5,6,11,0,552
7.5,6,11,1,554
7.5,6,11,2,555
7.5,6,11,3,557
7.5,6,11,4,559
7.5,6,11,5,561
7.5,6,11,6,562
7.5,6,11,7,564
7.5,6,11,8,566
7.5,6,11,9,568
7.5,6,11,10,569
7.5,6,11,11,571
7.5,6,11,12,573
7.5,6,11,13,575
7.5,6,11,14,576
7.5,6,11,15,578
7.5,6,12,0,554
7.5,6,12,1,555
7.5,6,12,2,557
7.5,6,12,3,559
7.5,6,12,4,561
7.5,6,12,5,562
7.5,6,12,6,564
7.5,6,12,7,566
7.5,6,12,8,568
7.5,6,12,9,569
7.5,6,12,10,571
7.5,6,12,11,573
7.5,6,12,12,575
7.5,6,12,13,576
7.5,6,12,14,578
7.5,6,12,15,580
7.5,6,13,0,555
7.5,6,13,1,557
7.5,6,13,2,559
7.5,6,13,3,561
7.5,6,13,4,562
7.5,6,13,5,564
7.5,6,13,6,566
7.5,6,13,7,568
7.5,6,13,8,570
7.5,6,13,9,571
7.5,6,13,10,573
7.5,6,13,11,575
7.5,6,13,12,576
7.5,6,13,13,578
7.5,6,13,14,580
7.5,6,13,15,582
7.5,6,14,0,557
7.5,6,14,1,559
7.5,6,14,2,561
7.5,6,14,3,562
7.5,6,14,4,564
7.5,6,14,5,566
7.5,6,14,6,568
7.5,6,14,7,570
7.5,6,14,8,571
7.5,6,14,9,573
7.5,6,14,10,575
7.5,6,14,11,576
7.5,6,14,12,578
7.5,6,14,13,580
7.5,6,14,14,582
7.5,6,14,15,583
7.5,6,15,0,559
7.5,6,15,1,561
7.5,6,15,2,562
7.5,6,15,3,564
7.5,6,15,4,566
7.5,6,15,5,568
7.5,6,15,6,569
7.5,6,15,7,571
7.5,6,15,8,573
7.5,6,15,9,575
7.5,6,15,10,577
7.5,6,15,11,578
7.5,6,15,12,580
7.5,6,15,13,582
7.5,6,15,14,583
7.5,6,15,15,585
7.5,7,0,0,535
7.5,7,0,1,536
7.5,7,0,2,538
7.5,7,0,3,540
7.5,7,0,4,541
7.5,7,0,5,543
7.5,7,0,6,545
7.5,7,0,7,547
7.5,7,0,8,548
7.5,7,0,9,550
7.5,7,0,10,552
7.5,7,0,11,553
7.5,7,0,12,555
7.5,7,0,13,557
7.5,7,0,14,558
7.5,7,0,15,560
7.5,7,1,0,536
7.5,7,1,1,538
7.5,7,1,2,540
7.5,7,1,3,542
7.5,7,1,4,543
7.5,7,1,5,545
7.5,7,1,6,547
7.5,7,1,7,548
7.5,7,1,8,550
7.5,7,1,9,552
7.5,7,1,10,553
7.5,7,1,11,555
7.5,7,1,12,557
7.5,7,1,13,558
7.5,7,1,14,560
7.5,7,1,15,562
7.5,7,2,0,538
7.5,7,2,1,540
7.5,7,2,2,542
7.5,7,2,3,543
7.5,7,2,4,545
7.5,7,2,5,547
7.5,7,2,6,548
7.5,7,2,7,550
7.5,7,2,8,552
7.5,7,2,9,554
7.5,7,2,10,555
7.5,7,2,11,557
7.5,7,2,12,559
7.5,7,2,13,560
7.5,7,2,14,562
7.5,7,2,15,564
7.5,7,3,0,540
7.5,7,3,1,542
7.5,7,3,2,543
7.5,7,3,3,545
7.5,7,3,4,547
7.5,7,3,5,549
7.5,7,3,6,550
7.5,7,3,7,552
7.5,7,3,8,554
7.5,7,3,9,555
7.5,7,3,10,557
7.5,7,3,11,559
7.5,7,3,12,560
7.5,7,3,13,562
7.5,7,3,14,564
7.5,7,3,15,565
7.5,7,4,0,542
7.5,7,4,1,543
7.5,7,4,2,545
7.5,7,4,3,547
7.5,7,4,4,549
7.5,7,4,5,550
7.5,7,4,6,552
7.5,7,4,7,554
7.5,7,4,8,556
7.5,7,4,9,557
7.5,7,4,10,559
7.5,7,4,11,561
7.5,7,4,12,562
7.5,7,4,13,564
7.5,7,4,14,566
7.5,7,4,15,567
7.5,7,5,0,543
7.5,7,5,1,545
7.5,7,5,2,547
7.5,7,5,3,549
7.5,7,5,4,550
7.5,7,5,5,552
7.5,7,5,6,554
7.5,7,5,7,556
7.5,7,5,8,557
7.5,7,5,9,559
7.5,7,5,10,561
7.5,7,5,11,562
7.5,7,5,12,564
7.5,7,5,13,566
7.5,7,5,14,568
7.5,7,5,15,569
7.5,7,6,0,545
7.5,7,6,1,547
7.5,7,6,2,549
7.5,7,6,3,550
7.5,7,6,4,552
7.5,7,6,5,554
7.5,7,6,6,556
7.5,7,6,7,557
7.5,7,6,8,559
7.5,7,6,9,561
7.5,7,6,10,563
7.5,7,6,11,564
7.5,7,6,12,566
7.5,7,6,13,568
7.5,7,6,14,569
7.5,7,6,15,571
7.5,7,7,0,547
7.5,7,7,1,549
7.5,7,7,2,551
7.5,7,7,3,552
7.5,7,7,4,554
7.5,7,7,5,556
7.5,7,7,6,557
7.5,7,7,7,559
7.5,7,7,8,561
7.5,7,7,9,563
7.5,7,7,10,564
7.5,7,7,11,566
7.5,7,7,12,568
7.5,7,7,13,569
7.5,7,7,14,571
7.5,7,7,15,573
7.5,7,8,0,549
7.5,7,8,1,551
7.5,7,8,2,552
7.5,7,8,3,554
7.5,7,8,4,556
7.5,7,8,5,558
7.5,7,8,6,559
7.5,7,8,7,561
7.5,7,8,8,563
7.5,7,8,9,564
7.5,7,8,10,566
7.5,7,8,11,568
7.5,7,8,12,570
7.5,7,8,13,571
7.5,7,8,14,573
7.5,7,8,15,575
7.5,7,9,0,550
7.5,7,9,1,552
7.5,7,9,2,554
7.5,7,9,3,556
7.5,7,9,4,558
7.5,7,9,5,559
7.5,7,9,6,561
7.5,7,9,7,563
7.5,7,9,8,565
7.5,7,9,9,566
7.5,7,9,10,568
7.5,7,9,11,570
7.5,7,9,12,571
7.5,7,9,13,573
7.5,7,9,14,575
7.5,7,9,15,577
7.5,7,10,0,552
7.5,7,10,1,554
7.5,7,10,2,556
7.5,7,10,3,558
7.5,7,10,4,559
7.5,7,10,5,561
7.5,7,10,6,563
7.5,7,10,7,565
7.5,7,10,8,566
7.5,7,10,9,568
7.5,7,10,10,570
7.5,7,10,11,572
7.5,7,10,12,573
7.5,7,10,13,575
7.5,7,10,14,577
7.5,7,10,15,578
7.5,7,11,0,554
7.5,7,11,1,556
7.5,7,11,2,558
7.5,7,11,3,559
7.5,7,11,4,561
7.5,7,11,5,563
7.5,7,11,6,565
7.5,7,11,7,566
7.5,7,11,8,568
7.5,7,11,9,570
7.5,7,11,10,572
7.5,7,11,11,573
7.5,7,11,12,575
7.5,7,11,13,577
7.5,7,11,14,578
7.5,7,11,15,580
7.5,7,12,0,556
7.5,7,12,1,557
7.5,7,12,2,559
7.5,7,12,3,561
7.5,7,12,4,563
7.5,7,12,5,565
7.5,7,12,6,566
7.5,7,12,7,568
7.5,7,12,8,570
7.5,7,12,9,572
7.5,7,12,10,573
7.5,7,12,11,575
7.5,7,12,12,577
7.5,7,12,13,579
7.5,7,12,14,580
7.5,7,12,15,582
7.5,7,13,0,557
7.5,7,13,1,559
7.5,7,13,2,561
7.5,7,13,3,563
7.5,7,13,4,565
7.5,7,13,5,566
7.5,7,13,6,568
7.5,7,13,7,570
7.5,7,13,8,572
7.5,7,13,9,573
7.5,7,13,10,575
7.5,7,13,11,577
7.5,7,13,12,579
7.5,7,13,13,580
7.5,7,13,14,582
7.5,7,13,15,584
7.5,7,14,0,559
7.5,7,14,1,561
7.5,7,14,2,563
7.5,7,14,3,565
7.5,7,14,4,566
7.5,7,14,5,568
7.5,7,14,6,570
7.5,7,14,7,572
7.5,7,14,8,573
7.5,7,14,9,575
7.5,7,14,10,577
7.5,7,14,11,579
7.5,7,14,12,580
7.5,7,14,13,582
7.5,7,14,14,584
7.5,7,14,15,586
7.5,7,15,0,561
7.5,7,15,1,563
7.5,7,15,2,564
7.5,7,15,3,566
7.5,7,15,4,568
7.5,7,15,5,570
7.5,7,15,6,572
7.5,7,15,7,573
7.5,7,15,8,575
7.5,7,15,9,577
7.5,7,15,10,579
7.5,7,15,11,580
7.5,7,15,12,582
7.5,7,15,13,584
7.5,7,15,14,586
7.5,7,15,15,587
7.5,8,0,0,537
7.5,8,0,1,538
7.5,8,0,2,540
7.5,8,0,3,542
7.5,8,0,4,543
7.5,8,0,5,545
7.5,8,0,6,547
7.5,8,0,7,549
7.5,8,0,8,550
7.5,8,0,9,552
7.5,8,0,10,554
7.5,8,0,11,555
7.5,8,0,12,557
7.5,8,0,13,559
7.5,8,0,14,560
7.5,8,0,15,562
7.5,8,1,0,538
7.5,8,1,1,540
7.5,8,1,2,542
7.5,8,1,3,544
7.5,8,1,4,545
7.5,8,1,5,547
7.5,8,1,6,549
7.5,8,1,7,550
7.5,8,1,8,552
7.5,8,1,9,554
7.5,8,1,10,555
7.5,8,1,11,557
7.5,8,1,12,559
7.5,8,1,13,561
7.5,8,1,14,562
7.5,8,1,15,564
7.5,8,2,0,540
7.5,8,2,1,542
7.5,8,2,2,544
7.5,8,2,3,545
7.5,8,2,4,547
7.5,8,2,5,549
7.5,8,2,6,551
7.5,8,2,7,552
7.5,8,2,8,554
7.5,8,2,9,556
7.5,8,2,10,557
7.5,8,2,11,559
7.5,8,2,12,561
7.5,8,2,13,562
7.5,8,2,14,564
7.5,8,2,15,566
7.5,8,3,0,542
7.5,8,3,1,544
7.5,8,3,2,545
7.5,8,3,3,547
7.5,8,3,4,549
7.5,8,3,5,551
7.5,8,3,6,552
7.5,8,3,7,554
7.5,8,3,8,556
7.5,8,3,9,557
7.5,8,3,10,559
7.5,8,3,11,561
7.5,8,3,12,563
7.5,8,3,13,564
7.5,8,3,14,566
7.5,8,3,15,568
7.5,8,4,0,544
7.5,8,4,1,545
7.5,8,4,2,547
7.5,8,4,3,549
7.5,8,4,4,551
7.5,8,4,5,552
7.5,8,4,6,554
7.5,8,4,7,556
7.5,8,4,8,558
7.5,8,4,9,559
7.5,8,4,10,561
7.5,8,4,11,563
7.5,8,4,12,564
7.5,8,4,13,566
7.5,8,4,14,568
7.5,8,4,15,569
7.5,8,5,0,546
7.5,8,5,1,547
7.5,8,5,2,549
7.5,8,5,3,551
7.5,8,5,4,553
7.5,8,5,5,554
7.5,8,5,6,556
7.5,8,5,7,558
7.5,8,5,8,559
7.5,8,5,9,561
7.5,8,5,10,563
7.5,8,5,11,565
7.5,8,5,12,566
7.5,8,5,13,568
7.5,8,5,14,570
7.5,8,5,15,571
7.5,8,6,0,547
7.5,8,6,1,549
7.5,8,6,2,551
7.5,8,6,3,553
7.5,8,6,4,554
7.5,8,6,5,556
7.5,8,6,6,558
7.5,8,6,7,560
7.5,8,6,8,561
7.5,8,6,9,563
7.5,8,6,10,565
7.5,8,6,11,566
7.5,8,6,12,568
7.5,8,6,13,570
7.5,8,6,14,571
7.5,8,6,15,573
7.5,8,7,0,549
7.5,8,7,1,551
7.5,8,7,2,553
7.5,8,7,3,554
7.5,8,7,4,556
7.5,8,7,5,558
7.5,8,7,6,560
7.5,8,7,7,561
7.5,8,7,8,563
7.5,8,7,9,565
7.5,8,7,10,566
7.5,8,7,11,568
7.5,8,7,12,570
7.5,8,7,13,572
7.5,8,7,14,573
7.5,8,7,15,575
7.5,8,8,0,551
7.5,8,8,1,553
7.5,8,8,2,554
7.5,8,8,3,556
7.5,8,8,4,558
7.5,8,8,5,560
7.5,8,8,6,561
7.5,8,8,7,563
7.5,8,8,8,565
7.5,8,8,9,567
7.5,8,8,10,568
7.5,8,8,11,570
7.5,8,8,12,572
7.5,8,8,13,573
7.5,8,8,14,575
7.5,8,8,15,577
7.5,8,9,0,553
7.5,8,9,1,554
7.5,8,9,2,556
7.5,8,9,3,558
7.5,8,9,4,560
7.5,8,9,5,561
7.5,8,9,6,563
7.5,8,9,7,565
7.5,8,9,8,567
7.5,8,9,9,568
7.5,8,9,10,570
7.5,8,9,11,572
7.5,8,9,12,574
7.5,8,9,13,575
7.5,8,9,14,577
7.5,8,9,15,579
7.5,8,10,0,554
7.5,8,10,1,556
7.5,8,10,2,558
7.5,8,10,3,560
7.5,8,10,4,561
7.5,8,10,5,563
7.5,8,10,6,565
7.5,8,10,7,567
7.5,8,10,8,568
7.5,8,10,9,570
7.5,8,10,10,572
7.5,8,10,11,574
7.5,8,10,12,575
7.5,8,10,13,577
7.5,8,10,14,579
7.5,8,10,15,581
7.5,8,11,0,556
7.5,8,11,1,558
7.5,8,11,2,560
7.5,8,11,3,561
7.5,8,11,4,563
7.5,8,11,5,565
7.5,8,11,6,567
7.5,8,11,7,568
7.5,8,11,8,570
7.5,8,11,9,572
7.5,8,11,10,574
7.5,8,11,11,575
7.5,8,11,12,577
7.5,8,11,13,579
7.5,8,11,14,581
7.5,8,11,15,582
7.5,8,12,0,558
7.5,8,12,1,560
7.5,8,12,2,561
7.5,8,12,3,563
7.5,8,12,4,565
7.5,8,12,5,567
7.5,8,12,6,568
7.5,8,12,7,570
7.5,8,12,8,572
7.5,8,12,9,574
7.5,8,12,10,575
7.5,8,12,11,577
7.5,8,12,12,579
7.5,8,12,13,581
7.5,8,12,14,582
7.5,8,12,15,584
7.5,8,13,0,560
7.5,8,13,1,561
7.5,8,13,2,563
7.5,8,13,3,565
7.5,8,13,4,567
7.5,8,13,5,568
7.5,8,13,6,570
7.5,8,13,7,572
7.5,8,13,8,574
7.5,8,13,9,576
7.5,8,13,10,577
7.5,8,13,11,579
7.5,8,13,12,581
7.5,8,13,13,583
7.5,8,13,14,584
7.5,8,13,15,586
7.5,8,14,0,561
7.5,8,14,1,563
7.5,8,14,2,565
7.5,8,14,3,567
7.5,8,14,4,568
7.5,8,14,5,570
7.5,8,14,6,572
7.5,8,14,7,574
7.5,8,14,8,576
7.5,8,14,9,577
7.5,8,14,10,579
7.5,8,14,11,581
7.5,8,14,12,583
7.5,8,14,13,584
7.5,8,14,14,586
7.5,8,14,15,588
7.5,8,15,0,563
7.5,8,15,1,565
7.5,8,15,2,567
7.5,8,15,3,568
7.5,8,15,4,570
7.5,8,15,5,572
7.5,8,15,6,574
7.5,8,15,7,576
7.5,8,15,8,577
7.5,8,15,9,579
7.5,8,15,10,581
7.5,8,15,11,583
7.5,8,15,12,584
7.5,8,15,13,586
7.5,8,15,14,588
7.5,8,15,15,590
7.5,9,0,0,539
7.5,9,0,1,540
7.5,9,0,2,542
7.5,9,0,3,544
7.5,9,0,4,545
7.5,9,0,5,547
7.5,9,0,6,549
7.5,9,0,7,551
7.5,9,0,8,552
7.5,9,0,9,554
7.5,9,0,10,556
7.5,9,0,11,557
7.5,9,0,12,559
7.5,9,0,13,561
7.5,9,0,14,562
7.5,9,0,15,564
7.5,9,1,0,540
7.5,9,1,1,542
7.5,9,1,2,544
7.5,9,1,3,546
7.5,9,1,4,547
7.5,9,1,5,549
7.5,9,1,6,551
7.5,9,1,7,552
7.5,9,1,8,554
7.5,9,1,9,556
7.5,9,1,10,558
7.5,9,1,11,559
7.5,9,1,12,561
7.5,9,1,13,563
7.5,9,1,14,564
7.5,9,1,15,566
7.5,9,2,0,542
7.5,9,2,1,544
7.5,9,2,2,546
7.5,9,2,3,547
7.5,9,2,4,549
7.5,9,2,5,551
7.5,9,2,6,553
7.5,9,2,7,554
7.5,9,2,8,556
7.5,9,2,9,558
7.5,9,2,10,559
7.5,9,2,11,561
7.5,9,2,12,563
7.5,9,2,13,564
7.5,9,2,14,566
7.5,9,2,15,568
7.5,9,3,0,544
7.5,9,3,1,546
7.5,9,3,2,547
7.5,9,3,3,549
7.5,9,3,4,551
7.5,9,3,5,553
7.5,9,3,6,554
7.5,9,3,7,556
7.5,9,3,8,558
7.5,9,3,9,560
7.5,9,3,10,561
7.5,9,3,11,563
7.5,9,3,12,565
7.5,9,3,13,566
7.5,9,3,14,568
7.5,9,3,15,570
7.5,9,4,0,546
7.5,9,4,1,548
7.5,9,4,2,549
7.5,9,4,3,551
7.5,9,4,4,553
7.5,9,4,5,554
7.5,9,4,6,556
7.5,9,4,7,558
7.5,9,4,8,560
7.5,9,4,9,561
7.5,9,4,10,563
7.5,9,4,11,565
7.5,9,4,12,566
7.5,9,4,13,568
7.5,9,4,14,570
7.5,9,4,15,572
7.5,9,5,0,548
7.5,9,5,1,549
7.5,9,5,2,551
7.5,9,5,3,553
7.5,9,5,4,555
7.5,9,5,5,556
7.5,9,5,6,558
7.5,9,5,7,560
7.5,9,5,8,561
7.5,9,5,9,563
7.5,9,5,10,565
7.5,9,5,11,567
7.5,9,5,12,568
7.5,9,5,13,570
7.5,9,5,14,572
7.5,9,5,15,573
7.5,9,6,0,549
7.5,9,6,1,551
7.5,9,6,2,553
7.5,9,6,3,555
7.5,9,6,4,556
7.5,9,6,5,558
7.5,9,6,6,560
7.5,9,6,7,562
7.5,9,6,8,563
7.5,9,6,9,565
7.5,9,6,10,567
7.5,9,6,11,568
7.5,9,6,12,570
7.5,9,6,13,572
7.5,9,6,14,574
7.5,9,6,15,575
7.5,9,7,0,551
7.5,9,7,1,553
7.5,9,7,2,555
7.5,9,7,3,556
7.5,9,7,4,558
7.5,9,7,5,560
7.5,9,7,6,562
7.5,9,7,7,563
7.5,9,7,8,565
7.5,9,7,9,567
7.5,9,7,10,569
7.5,9,7,11,570
7.5,9,7,12,572
7.5,9,7,13,574
7.5,9,7,14,575
7.5,9,7,15,577
7.5,9,8,0,553
7.5,9,8,1,555
7.5,9,8,2,556
7.5,9,8,3,558
7.5,9,8,4,560
7.5,9,8,5,562
7.5,9,8,6,563
7.5,9,8,7,565
7.5,9,8,8,567
7.5,9,8,9,569
7.5,9,8,10,570
7.5,9,8,11,572
7.5,9,8,12,574
7.5,9,8,13,576
7.5,9,8,14,577
7.5,9,8,15,579
7.5,9,9,0,555
7.5,9,9,1,556
7.5,9,9,2,558
7.5,9,9,3,560
7.5,9,9,4,562
7.5,9,9,5,563
7.5,9,9,6,565
7.5,9,9,7,567
7.5,9,9,8,569
7.5,9,9,9,570
7.5,9,9,10,572
7.5,9,9,11,574
7.5,9,9,12,576
7.5,9,9,13,577
7.5,9,9,14,579
7.5,9,9,15,581
7.5,9,10,0,556
7.5,9,10,1,558
7.5,9,10,2,560
7.5,9,10,3,562
7.5,9,10,4,563
7.5,9,10,5,565
7.5,9,10,6,567
7.5,9,10,7,569
7.5,9,10,8,571
7.5,9,10,9,572
7.5,9,10,10,574
7.5,9,10,11,576
7.5,9,10,12,578
7.5,9,10,13,579
7.5,9,10,14,581
7.5,9,10,15,583
7.5,9,11,0,558
7.5,9,11,1,560
7.5,9,11,2,562
7.5,9,11,3,563
7.5,9,11,4,565
7.5,9,11,5,567
7.5,9,11,6,569
7.5,9,11,7,571
7.5,9,11,8,572
7.5,9,11,9,574
7.5,9,11,10,576
7.5,9,11,11,578
7.5,9,11,12,579
7.5,9,11,13,581
7.5,9,11,14,583
7.5,9,11,15,585
7.5,9,12,0,560
7.5,9,12,1,562
7.5,9,12,2,563
7.5,9,12,3,565
7.5,9,12,4,567
7.5,9,12,5,569
7.5,9,12,6,571
7.5,9,12,7,572
7.5,9,12,8,574
7.5,9,12,9,576
7.5,9,12,10,578
7.5,9,12,11,579
7.5,9,12,12,581
7.5,9,12,13,583
7.5,9,12,14,585
7.5,9,12,15,586
7.5,9,13,0,562
7.5,9,13,1,563
7.5,9,13,2,565
7.5,9,13,3,567
7.5,9,13,4,569
7.5,9,13,5,571
7.5,9,13,6,572
7.5,9,13,7,574
7.5,9,13,8,576
7.5,9,13,9,578
7.5,9,13,10,579
7.5,9,13,11,581
7.5,9,13,12,583
7.5,9,13,13,585
7.5,9,13,14,586
7.5,9,13,15,588
7.5,9,14,0,563
7.5,9,14,1,565
7.5,9,14,2,567
7.5,9,14,3,569
7.5,9,14,4,571
7.5,9,14,5,572
7.5,9,14,6,574
7.5,9,14,7,576
7.5,9,14,8,578
7.5,9,14,9,579
7.5,9,14,10,581
7.5,9,14,11,583
7.5,9,14,12,585
7.5,9,14,13,586
7.5,9,14,14,588
7.5,9,14,15,590
7.5,9,15,0,565
7.5,9,15,1,567
7.5,9,15,2,569
7.5,9,15,3,570
7.5,9,15,4,572
7.5,9,15,5,574
7.5,9,15,6,576
7.5,9,15,7,578
7.5,9,15,8,579
7.5,9,15,9,581
7.5,9,15,10,583
7.5,9,15,11,585
7.5,9,15,12,587
7.5,9,15,13,588
7.5,9,15,14,590
7.5,9,15,15,592
7.5,10,0,0,541
7.5,10,0,1,542
7.5,10,0,2,544
7.5,10,0,3,546
7.5,10,0,4,547
7.5,10,0,5,549
7.5,10,0,6,551
7.5,10,0,7,553
7.5,10,0,8,554
7.5,10,0,9,556
7.5,10,0,10,558
7.5,10,0,11,559
7.5,10,0,12,561
7.5,10,0,13,563
7.5,10,0,14,564
7.5,10,0,15,566
7.5,10,1,0,542
7.5,10,1,1,544
7.5,10,1,2,546
7.5,10,1,3,548
7.5,10,1,4,549
7.5,10,1,5,551
7.5,10,1,6,553
7.5,10,1,7,554
7.5,10,1,8,556
7.5,10,1,9,558
7.5,10,1,10,560
7.5,10,1,11,561
7.5,10,1,12,563
7.5,10,1,13,565
7.5,10,1,14,566
7.5,10,1,15,568
7.5,10,2,0,544
7.5,10,2,1,546
7.5,10,2,2,548
7.5,10,2,3,549
7.5,10,2,4,551
7.5,10,2,5,553
7.5,10,2,6,555
7.5,10,2,7,556
7.5,10,2,8,558
7.5,10,2,9,560
7.5,10,2,10,561
7.5,10,2,11,563
7.5,10,2,12,565
7.5,10,2,13,567
7.5,10,2,14,568
7.5,10,2,15,570
7.5,10,3,0,546
7.5,10,3,1,548
7.5,10,3,2,549
7.5,10,3,3,551
7.5,10,3,4,553
7.5,10,3,5,555
7.5,10,3,6,556
7.5,10,3,7,558
7.5,10,3,8,560
7.5,10,3,9,562
7.5,10,3,10,563
7.5,10,3,11,565
7.5,10,3,12,567
7.5,10,3,13,568
7.5,10,3,14,570
7.5,10,3,15,572
7.5,10,4,0,548
7.5,10,4,1,550
7.5,10,4,2,551
7.5,10,4,3,553
7.5,10,4,4,555
7.5,10,4,5,557
7.5,10,4,6,558
7.5,10,4,7,560
7.5,10,4,8,562
7.5,10,4,9,563
7.5,10,4,10,565
7.5,10,4,11,567
7.5,10,4,12,569
7.5,10,4,13,570
7.5,10,4,14,572
7.5,10,4,15,574
7.5,10,5,0,550
7.5,10,5,1,551
7.5,10,5,2,553
7.5,10,5,3,555
7.5,10,5,4,557
7.5,10,5,5,558
7.5,10,5,6,560
7.5,10,5,7,562
7.5,10,5,8,564
7.5,10,5,9,565
7.5,10,5,10,567
7.5,10,5,11,569
7.5,10,5,12,570
7.5,10,5,13,572
7.5,10,5,14,574
7.5,10,5,15,576
7.5,10,6,0,551
7.5,10,6,1,553
7.5,10,6,2,555
7.5,10,6,3,557
7.5,10,6,4,558
7.5,10,6,5,560
7.5,10,6,6,562
7.5,10,6,7,564
7.5,10,6,8,565
7.5,10,6,9,567
7.5,10,6,10,569
7.5,10,6,11,571
7.5,10,6,12,572
7.5,10,6,13,574
7.5,10,6,14,576
7.5,10,6,15,577
7.5,10,7,0,553
7.5,10,7,1,555
7.5,10,7,2,557
7.5,10,7,3,558
7.5,10,7,4,560
7.5,10,7,5,562
7.5,10,7,6,564
7.5,10,7,7,565
7.5,10,7,8,567
7.5,10,7,9,569
7.5,10,7,10,571
7.5,10,7,11,572
7.5,10,7,12,574
7.5,10,7,13,576
7.5,10,7,14,578
7.5,10,7,15,579
7.5,10,8,0,555
7.5,10,8,1,557
7.5,10,8,2,558
7.5,10,8,3,560
7.5,10,8,4,562
7.5,10,8,5,564
7.5,10,8,6,566
7.5,10,8,7,567
7.5,10,8,8,569
7.5,10,8,9,571
7.5,10,8,10,573
7.5,10,8,11,574
7.5,10,8,12,576
7.5,10,8,13,578
7.5,10,8,14,579
7.5,10,8,15,581
7.5,10,9,0,557
7.5,10,9,1,558
7.5,10,9,2,560
7.5,10,9,3,562
7.5,10,9,4,564
7.5,10,9,5,566
7.5,10,9,6,567
7.5,10,9,7,569
7.5,10,9,8,571
7.5,10,9,9,573
7.5,10,9,10,574
7.5,10,9,11,576
7.5,10,9,12,578
7.5,10,9,13,580
7.5,10,9,14,581
7.5,10,9,15,583
7.5,10,10,0,558
7.5,10,10,1,560
7.5,10,10,2,562
7.5,10,10,3,564
7.5,10,10,4,566
7.5,10,10,5,567
7.5,10,10,6,569
7.5,10,10,7,571
7.5,10,10,8,573
7.5,10,10,9,574
7.5,10,10,10,576
7.5,10,10,11,578
7.5,10,10,12,580
7.5,10,10,13,581
7.5,10,10,14,583
7.5,10,10,15,585
7.5,10,11,0,560
7.5,10,11,1,562
7.5,10,11,2,564
7.5,10,11,3,566
7.5,10,11,4,567
7.5,10,11,5,569
7.5,10,11,6,571
7.5,10,11,7,573
7.5,10,11,8,574
7.5,10,11,9,576
7.5,10,11,10,578
7.5,10,11,11,580
7.5,10,11,12,581
7.5,10,11,13,583
7.5,10,11,14,585
7.5,10,11,15,587
7.5,10,12,0,562
7.5,10,12,1,564
7.5,10,12,2,566
7.5,10,12,3,567
7.5,10,12,4,569
7.5,10,12,5,571
7.5,10,12,6,573
7.5,10,12,7,574
7.5,10,12,8,576
7.5,10,12,9,578
7.5,10,12,10,580
7.5,10,12,11,582
7.5,10,12,12,583
7.5,10,12,13,585
7.5,10,12,14,587
7.5,10,12,15,589
7.5,10,13,0,564
7.5,10,13,1,565
7.5,10,13,2,567
7.5,10,13,3,569
7.5,10,13,4,571
7.5,10,13,5,573
7.5,10,13,6,574
7.5,10,13,7,576
7.5,10,13,8,578
7.5,10,13,9,580
7.5,10,13,10,582
7.5,10,13,11,583
7.5,10,13,12,585
7.5,10,13,13,587
7.5,10,13,14,589
7.5,10,13,15,590
7.5,10,14,0,565
7.5,10,14,1,567
7.5,10,14,2,569
7.5,10,14,3,571
7.5,10,14,4,573
7.5,10,14,5,574
7.5,10,14,6,576
7.5,10,14,7,578
7.5,10,14,8,580
7.5,10,14,9,582
7.5,10,14,10,583
7.5,10,14,11,585
7.5,10,14,12,587
7.5,10,14,13,589
7.5,10,14,14,590
7.5,10,14,15,592
7.5,10,15,0,567
7.5,10,15,1,569
7.5,10,15,2,571
7.5,10,15,3,573
7.5,10,15,4,574
7.5,10,15,5,576
7.5,10,15,6,578
7.5,10,15,7,580
7.5,10,15,8,582
7.5,10,15,9,583
7.5,10,15,10,585
7.5,10,15,11,587
7.5,10,15,12,589
7.5,10,15,13,590
7.5,10,15,14,592
7.5,10,15,15,594
7.5,11,0,0,543
7.5,11,0,1,544
7.5,11,0,2,546
7.5,11,0,3,548
7.5,11,0,4,550
7.5,11,0,5,551
7.5,11,0,6,553
7.5,11,0,7,555
7.5,11,0,8,556
7.5,11,0,9,558
7.5,11,0,10,560
7.5,11,0,11,561
7.5,11,0,12,563
7.5,11,0,13,565
7.5,11,0,14,567
7.5,11,0,15,568
7.5,11,1,0,544
7.5,11,1,1,546
7.5,11,1,2,548
7.5,11,1,3,550
7.5,11,1,4,551
7.5,11,1,5,553
7.5,11,1,6,555
7.5,11,1,7,557
7.5,11,1,8,558
7.5,11,1,9,560
7.5,11,1,10,562
7.5,11,1,11,563
7.5,11,1,12,565
7.5,11,1,13,567
7.5,11,1,14,568
7.5,11,1,15,570
7.5,11,2,0,546
7.5,11,2,1,548
7.5,11,2,2,550
7.5,11,2,3,551
7.5,11,2,4,553
7.5,11,2,5,555
7.5,11,2,6,557
7.5,11,2,7,558
7.5,11,2,8,560
7.5,11,2,9,562
7.5,11,2,10,564
7.5,11,2,11,565
7.5,11,2,12,567
7.5,11,2,13,569
7.5,11,2,14,570
7.5,11,2,15,572
7.5,11,3,0,548
7.5,11,3,1,550
7.5,11,3,2,552
7.5,11,3,3,553
7.5,11,3,4,555
7.5,11,3,5,557
7.5,11,3,6,559
7.5,11,3,7,560
7.5,11,3,8,562
7.5,11,3,9,564
7.5,11,3,10,565
7.5,11,3,11,567
7.5,11,3,12,569
7.5,11,3,13,571
7.5,11,3,14,572
7.5,11,3,15,574
7.5,11,4,0,550
7.5,11,4,1,552
7.5,11,4,2,553
7.5,11,4,3,555
7.5,11,4,4,557
7.5,11,4,5,559
7.5,11,4,6,560
7.5,11,4,7,562
7.5,11,4,8,564
7.5,11,4,9,566
7.5,11,4,10,567
7.5,11,4,11,569
7.5,11,4,12,571
7.5,11,4,13,572
7.5,11,4,14,574
7.5,11,4,15,576
7.5,11,5,0,552
7.5,11,5,1,553
7.5,11,5,2,555
7.5,11,5,3,557
7.5,11,5,4,559
7.5,11,5,5,560
7.5,11,5,6,562
7.5,11,5,7,564
7.5,11,5,8,566
7.5,11,5,9,567
7.5,11,5,10,569
7.5,11,5,11,571
7.5,11,5,12,573
7.5,11,5,13,574
7.5,11,5,14,576
7.5,11,5,15,578
7.5,11,6,0,553
7.5,11,6,1,555
7.5,11,6,2,557
7.5,11,6,3,559
7.5,11,6,4,560
7.5,11,6,5,562
7.5,11,6,6,564
7.5,11,6,7,566
7.5,11,6,8,567
7.5,11,6,9,569
7.5,11,6,10,571
7.5,11,6,11,573
7.5,11,6,12,574
7.5,11,6,13,576
7.5,11,6,14,578
7.5,11,6,15,580
7.5,11,7,0,555
7.5,11,7,1,557
7.5,11,7,2,559
7.5,11,7,3,561
7.5,11,7,4,562
7.5,11,7,5,564
7.5,11,7,6,566
7.5,11,7,7,568
7.5,11,7,8,569
7.5,11,7,9,571
7.5,11,7,10,573
7.5,11,7,11,575
7.5,11,7,12,576
7.5,11,7,13,578
7.5,11,7,14,580
7.5,11,7,15,581
7.5,11,8,0,557
7.5,11,8,1,559
7.5,11,8,2,561
7.5,11,8,3,562
7.5,11,8,4,564
7.5,11,8,5,566
7.5,11,8,6,568
7.5,11,8,7,569
7.5,11,8,8,571
7.5,11,8,9,573
7.5,11,8,10,575
7.5,11,8,11,576
7.5,11,8,12,578
7.5,11,8,13,580
7.5,11,8,14,582
7.5,11,8,15,583
7.5,11,9,0,559
7.5,11,9,1,561
7.5,11,9,2,562
7.5,11,9,3,564
7.5,11,9,4,566
7.5,11,9,5,568
7.5,11,9,6,569
7.5,11,9,7,571
7.5,11,9,8,573
7.5,11,9,9,575
7.5,11,9,10,576
7.5,11,9,11,578
7.5,11,9,12,580
7.5,11,9,13,582
7.5,11,9,14,583
7.5,11,9,15,585
7.5,11,10,0,560
7.5,11,10,1,562
7.5,11,10,2,564
7.5,11,10,3,566
7.5,11,10,4,568
7.5,11,10,5,569
7.5,11,10,6,571
7.5,11,10,7,573
7.5,11,10,8,575
7.5,11,10,9,577
7.5,11,10,10,578
7.5,11,10,11,580
7.5,11,10,12,582
7.5,11,10,13,584
7.5,11,10,14,585
7.5,11,10,15,587
7.5,11,11,0,562
7.5,11,11,1,564
7.5,11,11,2,566
7.5,11,11,3,568
7.5,11,11,4,569
7.5,11,11,5,571
7.5,11,11,6,573
7.5,11,11,7,575
7.5,11,11,8,577
7.5,11,11,9,578
7.5,11,11,10,580
7.5,11,11,11,582
7.5,11,11,12,584
7.5,11,11,13,585
7.5,11,11,14,587
7.5,11,11,15,589
7.5,11,12,0,564
7.5,11,12,1,566
7.5,11,12,2,568
7.5,11,12,3,569
7.5,11,12,4,571
7.5,11,12,5,573
7.5,11,12,6,575
7.5,11,12,7,577
7.5,11,12,8,578
7.5,11,12,9,580
7.5,11,12,10,582
7.5,11,12,11,584
7.5,11,12,12,585
7.5,11,12,13,587
7.5,11,12,14,589
7.5,11,12,15,591
7.5,11,13,0,566
7.5,11,13,1,568
7.5,11,13,2,569
7.5,11,13,3,571
7.5,11,13,4,573
7.5,11,13,5,575
7.5,11,13,6,577
7.5,11,13,7,578
7.5,11,13,8,580
7.5,11,13,9,582
7.5,11,13,10,584
7.5,11,13,11,585
7.5,11,13,12,587
7.5,11,13,13,589
7.5,11,13,14,591
7.5,11,13,15,593
7.5,11,14,0,567
7.5,11,14,1,569
7.5,11,14,2,571
7.5,11,14,3,573
7.5,11,14,4,575
7.5,11,14,5,577
7.5,11,14,6,578
7.5,11,14,7,580
7.5,11,14,8,582
7.5,11,14,9,584
7.5,11,14,10,586
7.5,11,14,11,587
7.5,11,14,12,589
7.5,11,14,13,591
7.5,11,14,14,593
7.5,11,14,15,594
7.5,11,15,0,569
7.5,11,15,1,571
7.5,11,15,2,573
7.5,11,15,3,575
7.5,11,15,4,577
7.5,11,15,5,578
7.5,11,15,6,580
7.5,11,15,7,582
7.5,11,15,8,584
7.5,11,15,9,586
7.5,11,15,10,587
7.5,11,15,11,589
7.5,11,15,12,591
7.5,11,15,13,593
7.5,11,15,14,594
7.5,11,15,15,596
7.5,12,0,0,545
7.5,12,0,1,546
7.5,12,0,2,548
7.5,12,0,3,550
7.5,12,0,4,552
7.5,12,0,5,553
7.5,12,0,6,555
7.5,12,0,7,557
7.5,12,0,8,558
7.5,12,0,9,560
7.5,12,0,10,562
7.5,12,0,11,564
7.5,12,0,12,565
7.5,12,0,13,567
7.5,12,0,14,569
7.5,12,0,15,570
7.5,12,1,0,546
7.5,12,1,1,548
7.5,12,1,2,550
7.5,12,1,3,552
7.5,12,1,4,553
7.5,12,1,5,555
7.5,12,1,6,557
7.5,12,1,7,559
7.5,12,1,8,560
7.5,12,1,9,562
7.5,12,1,10,564
7.5,12,1,11,565
7.5,12,1,12,567
7.5,12,1,13,569
7.5,12,1,14,571
7.5,12,1,15,572
7.5,12,2,0,548
7.5,12,2,1,550
7.5,12,2,2,552
7.5,12,2,3,553
7.5,12,2,4,555
7.5,12,2,5,557
7.5,12,2,6,559
7.5,12,2,7,560
7.5,12,2,8,562
7.5,12,2,9,564
7.5,12,2,10,566
7.5,12,2,11,567
7.5,12,2,12,569
7.5,12,2,13,571
7.5,12,2,14,572
7.5,12,2,15,574
7.5,12,3,0,550
7.5,12,3,1,552
7.5,12,3,2,554
7.5,12,3,3,555
7.5,12,3,4,557
7.5,12,3,5,559
7.5,12,3,6,561
7.5,12,3,7,562
7.5,12,3,8,564
7.5,12,3,9,566
7.5,12,3,10,567
7.5,12,3,11,569
7.5,12,3,12,571
7.5,12,3,13,573
7.5,12,3,14,574
7.5,12,3,15,576
7.5,12,4,0,552
7.5,12,4,1,554
7.5,12,4,2,555
7.5,12,4,3,557
7.5,12,4,4,559
7.5,12,4,5,561
7.5,12,4,6,562
7.5,12,4,7,564
7.5,12,4,8,566
7.5,12,4,9,568
7.5,12,4,10,569
7.5,12,4,11,571
7.5,12,4,12,573
7.5,12,4,13,575
7.5,12,4,14,576
7.5,12,4,15,578
7.5,12,5,0,554
7.5,12,5,1,555
7.5,12,5,2,557
7.5,12,5,3,559
7.5,12,5,4,561
7.5,12,5,5,562
7.5,12,5,6,564
7.5,12,5,7,566
7.5,12,5,8,568
7.5,12,5,9,569
7.5,12,5,10,571
7.5,12,5,11,573
7.5,12,5,12,575
7.5,12,5,13,576
7.5,12,5,14,578
7.5,12,5,15,580
7.5,12,6,0,555
7.5,12,6,1,557
7.5,12,6,2,559
7.5,12,6,3,561
7.5,12,6,4,563
7.5,12,6,5,564
7.5,12,6,6,566
7.5,12,6,7,568
7.5,12,6,8,570
7.5,12,6,9,571
7.5,12,6,10,573
7.5,12,6,11,575
7.5,12,6,12,577
7.5,12,6,13,578
7.5,12,6,14,580
7.5,12,6,15,582
7.5,12,7,0,557
7.5,12,7,1,559
7.5,12,7,2,561
7.5,12,7,3,563
7.5,12,7,4,564
7.5,12,7,5,566
7.5,12,7,6,568
7.5,12,7,7,570
7.5,12,7,8,571
7.5,12,7,9,573
7.5,12,7,10,575
7.5,12,7,11,577
7.5,12,7,12,578
7.5,12,7,13,580
7.5,12,7,14,582
7.5,12,7,15,584
7.5,12,8,0,559
7.5,12,8,1,561
7.5,12,8,2,563
7.5,12,8,3,564
7.5,12,8,4,566
7.5,12,8,5,568
7.5,12,8,6,570
7.5,12,8,7,571
7.5,12,8,8,573
7.5,12,8,9,575
7.5,12,8,10,577
7.5,12,8,11,579
7.5,12,8,12,580
7.5,12,8,13,582
7.5,12,8,14,584
7.5,12,8,15,585
7.5,12,9,0,561
7.5,12,9,1,563
7.5,12,9,2,564
7.5,12,9,3,566
7.5,12,9,4,568
7.5,12,9,5,570
7.5,12,9,6,572
7.5,12,9,7,573
7.5,12,9,8,575
7.5,12,9,9,577
7.5,12,9,10,579
7.5,12,9,11,580
7.5,12,9,12,582
7.5,12,9,13,584
7.5,12,9,14,586
7.5,12,9,15,587
7.5,12,10,0,563
7.5,12,10,1,564
7.5,12,10,2,566
7.5,12,10,3,568
7.5,12,10,4,570
7.5,12,10,5,572
7.5,12,10,6,573
7.5,12,10,7,575
7.5,12,10,8,577
7.5,12,10,9,579
7.5,12,10,10,580
7.5,12,10,11,582
7.5,12,10,12,584
7.5,12,10,13,586
7.5,12,10,14,587
7.5,12,10,15,589
7.5,12,11,0,564
7.5,12,11,1,566
7.5,12,11,2,568
7.5,12,11,3,570
7.5,12,11,4,572
7.5,12,11,5,573
7.5,12,11,6,575
7.5,12,11,7,577
7.5,12,11,8,579
7.5,12,11,9,580
7.5,12,11,10,582
7.5,12,11,11,584
7.5,12,11,12,586
7.5,12,11,13,588
7.5,12,11,14,589
7.5,12,11,15,591
7.5,12,12,0,566
7.5,12,12,1,568
7.5,12,12,2,570
7.5,12,12,3,572
7.5,12,12,4,573
7.5,12,12,5,575
7.5,12,12,6,577
7.5,12,12,7,579
7.5,12,12,8,581
7.5,12,12,9,582
7.5,12,12,10,584
7.5,12,12,11,586
7.5,12,12,12,588
7.5,12,12,13,589
7.5,12,12,14,591
7.5,12,12,15,593
7.5,12,13,0,568
7.5,12,13,1,570
7.5,12,13,2,571
7.5,12,13,3,573
7.5,12,13,4,575
7.5,12,13,5,577
7.5,12,13,6,579
7.5,12,13,7,581
7.5,12,13,8,582
7.5,12,13,9,584
7.5,12,13,10,586
7.5,12,13,11,588
7.5,12,13,12,589
7.5,12,13,13,591
7.5,12,13,14,593
7.5,12,13,15,595
7.5,12,14,0,570
7.5,12,14,1,571
7.5,12,14,2,573
7.5,12,14,3,575
7.5,12,14,4,577
7.5,12,14,5,579
7.5,12,14,6,581
7.5,12,14,7,582
7.5,12,14,8,584
7.5,12,14,9,586
7.5,12,14,10,588
7.5,12,14,11,589
7.5,12,14,12,591
7.5,12,14,13,593
7.5,12,14,14,595
7.5,12,14,15,597
7.5,12,15,0,571
7.5,12,15,1,573
7.5,12,15,2,575
7.5,12,15,3,577
7.5,12,15,4,579
7.5,12,15,5,580
7.5,12,15,6,582
7.5,12,15,7,584
7.5,12,15,8,586
7.5,12,15,9,588
7.5,12,15,10,589
7.5,12,15,11,591
7.5,12,15,12,593
7.5,12,15,13,595
7.5,12,15,14,597
7.5,12,15,15,598
7.5,13,0,0,547
7.5,13,0,1,548
7.5,13,0,2,550
7.5,13,0,3,552
7.5,13,0,4,554
7.5,13,0,5,555
7.5,13,0,6,557
7.5,13,0,7,559
7.5,13,0,8,560
7.5,13,0,9,562
7.5,13,0,10,564
7.5,13,0,11,566
7.5,13,0,12,567
7.5,13,0,13,569
7.5,13,0,14,571
7.5,13,0,15,572
7.5,13,1,0,548
7.5,13,1,1,550
7.5,13,1,2,552
7.5,13,1,3,554
7.5,13,1,4,555
7.5,13,1,5,557
7.5,13,1,6,559
7.5,13,1,7,561
7.5,13,1,8,562
7.5,13,1,9,564
7.5,13,1,10,566
7.5,13,1,11,568
7.5,13,1,12,569
7.5,13,1,13,571
7.5,13,1,14,573
7.5,13,1,15,574
7.5,13,2,0,550
7.5,13,2,1,552
7.5,13,2,2,554
7.5,13,2,3,556
7.5,13,2,4,557
7.5,13,2,5,559
7.5,13,2,6,561
7.5,13,2,7,563
7.5,13,2,8,564
7.5,13,2,9,566
7.5,13,2,10,568
7.5,13,2,11,569
7.5,13,2,12,571
7.5,13,2,13,573
7.5,13,2,14,575
7.5,13,2,15,576
7.5,13,3,0,552
7.5,13,3,1,554
7.5,13,3,2,556
7.5,13,3,3,557
7.5,13,3,4,559
7.5,13,3,5,561
7.5,13,3,6,563
7.5,13,3,7,564
7.5,13,3,8,566
7.5,13,3,9,568
7.5,13,3,10,570
7.5,13,3,11,571
7.5,13,3,12,573
7.5,13,3,13,575
7.5,13,3,14,576
7.5,13,3,15,578
7.5,13,4,0,554
7.5,13,4,1,556
7.5,13,4,2,557
7.5,13,4,3,559
7.5,13,4,4,561
7.5,13,4,5,563
7.5,13,4,6,564
7.5,13,4,7,566
7.5,13,4,8,568
7.5,13,4,9,570
7.5,13,4,10,571
7.5,13,4,11,573
7.5,13,4,12,575
7.5,13,4,13,577
7.5,13,4,14,578
7.5,13,4,15,580
7.5,13,5,0,556
7.5,13,5,1,557
7.5,13,5,2,559
7.5,13,5,3,561
7.5,13,5,4,563
7.5,13,5,5,565
7.5,13,5,6,566
7.5,13,5,7,568
7.5,13,5,8,570
7.5,13,5,9,572
7.5,13,5,10,573
7.5,13,5,11,575
7.5,13,5,12,577
7.5,13,5,13,579
7.5,13,5,14,580
7.5,13,5,15,582
7.5,13,6,0,557
7.5,13,6,1,559
7.5,13,6,2,561
7.5,13,6,3,563
7.5,13,6,4,565
7.5,13,6,5,566
7.5,13,6,6,568
7.5,13,6,7,570
7.5,13,6,8,572
7.5,13,6,9,573
7.5,13,6,10,575
7.5,13,6,11,577
7.5,13,6,12,579
7.5,13,6,13,580
7.5,13,6,14,582
7.5,13,6,15,584
7.5,13,7,0,559
7.5,13,7,1,561
7.5,13,7,2,563
7.5,13,7,3,565
7.5,13,7,4,566
7.5,13,7,5,568
7.5,13,7,6,570
7.5,13,7,7,572
7.5,13,7,8,574
7.5,13,7,9,575
7.5,13,7,10,577
7.5,13,7,11,579
7.5,13,7,12,581
7.5,13,7,13,582
7.5,13,7,14,584
7.5,13,7,15,586
7.5,13,8,0,561
7.5,13,8,1,563
7.5,13,8,2,565
7.5,13,8,3,566
7.5,13,8,4,568
7.5,13,8,5,570
7.5,13,8,6,572
7.5,13,8,7,574
7.5,13,8,8,575
7.5,13,8,9,577
7.5,13,8,10,579
7.5,13,8,11,581
7.5,13,8,12,582
7.5,13,8,13,584
7.5,13,8,14,586
7.5,13,8,15,588
7.5,13,9,0,563
7.5,13,9,1,565
7.5,13,9,2,566
7.5,13,9,3,568
7.5,13,9,4,570
7.5,13,9,5,572
7.5,13,9,6,574
7.5,13,9,7,575
7.5,13,9,8,577
7.5,13,9,9,579
7.5,13,9,10,581
7.5,13,9,11,582
7.5,13,9,12,584
7.5,13,9,13,586
7.5,13,9,14,588
7.5,13,9,15,589
7.5,13,10,0,565
7.5,13,10,1,566
7.5,13,10,2,568
7.5,13,10,3,570
7.5,13,10,4,572
7.5,13,10,5,574
7.5,13,10,6,575
7.5,13,10,7,577
7.5,13,10,8,579
7.5,13,10,9,581
7.5,13,10,10,583
7.5,13,10,11,584
7.5,13,10,12,586
7.5,13,10,13,588
7.5,13,10,14,590
7.5,13,10,15,591
7.5,13,11,0,566
7.5,13,11,1,568
7.5,13,11,2,570
7.5,13,11,3,572
7.5,13,11,4,574
7.5,13,11,5,575
7.5,13,11,6,577
7.5,13,11,7,579
7.5,13,11,8,581
7.5,13,11,9,583
7.5,13,11,10,584
7.5,13,11,11,586
7.5,13,11,12,588
7.5,13,11,13,590
7.5,13,11,14,591
7.5,13,11,15,593
7.5,13,12,0,568
7.5,13,12,1,570
7.5,13,12,2,572
7.5,13,12,3,574
7.5,13,12,4,575
7.5,13,12,5,577
7.5,13,12,6,579
7.5,13,12,7,581
7.5,13,12,8,583
7.5,13,12,9,584
7.5,13,12,10,586
7.5,13,12,11,588
7.5,13,12,12,590
7.5,13,12,13,592
7.5,13,12,14,593
7.5,13,12,15,595
7.5,13,13,0,570
7.5,13,13,1,572
7.5,13,13,2,574
7.5,13,13,3,575
7.5,13,13,4,577
7.5,13,13,5,579
7.5,13,13,6,581
7.5,13,13,7,583
7.5,13,13,8,584
7.5,13,13,9,586
7.5,13,13,10,588
7.5,13,13,11,590
7.5,13,13,12,592
7.5,13,13,13,593
7.5,13,13,14,595
7.5,13,13,15,597
7.5,13,14,0,572
7.5,13,14,1,574
7.5,13,14,2,575
7.5,13,14,3,577
7.5,13,14,4,579
7.5,13,14,5,581
7.5,13,14,6,583
7.5,13,14,7,584
7.5,13,14,8,586
7.5,13,14,9,588
7.5,13,14,10,590
7.5,13,14,11,592
7.5,13,14,12,593
7.5,13,14,13,595
7.5,13,14,14,597
7.5,13,14,15,599
7.5,13,15,0,573
7.5,13,15,1,575
7.5,13,15,2,577
7.5,13,15,3,579
7.5,13,15,4,581
7.5,13,15,5,583
7.5,13,15,6,584
7.5,13,15,7,586
7.5,13,15,8,588
7.5,13,15,9,590
7.5,13,15,10,592
7.5,13,15,11,593
7.5,13,15,12,595
7.5,13,15,13,597
7.5,13,15,14,599
7.5,13,15,15,601
7.5,14,0,0,549
7.5,14,0,1,550
7.5,14,0,2,552
7.5,14,0,3,554
7.5,14,0,4,556
7.5,14,0,5,557
7.5,14,0,6,559
7.5,14,0,7,561
7.5,14,0,8,563
7.5,14,0,9,564
7.5,14,0,10,566
7.5,14,0,11,568
7.5,14,0,12,569
7.5,14,0,13,571
7.5,14,0,14,573
7.5,14,0,15,574
7.5,14,1,0,550
7.5,14,1,1,552
7.5,14,1,2,554
7.5,14,1,3,556
7.5,14,1,4,557
7.5,14,1,5,559
7.5,14,1,6,561
7.5,14,1,7,563
7.5,14,1,8,564
7.5,14,1,9,566
7.5,14,1,10,568
7.5,14,1,11,570
7.5,14,1,12,571
7.5,14,1,13,573
7.5,14,1,14,575
7.5,14,1,15,576
7.5,14,2,0,552
7.5,14,2,1,554
7.5,14,2,2,556
7.5,14,2,3,558
7.5,14,2,4,559
7.5,14,2,5,561
7.5,14,2,6,563
7.5,14,2,7,565
7.5,14,2,8,566
7.5,14,2,9,568
7.5,14,2,10,570
7.5,14,2,11,571
7.5,14,2,12,573
7.5,14,2,13,575
7.5,14,2,14,577
7.5,14,2,15,578
7.5,14,3,0,554
7.5,14,3,1,556
7.5,14,3,2,558
7.5,14,3,3,559
7.5,14,3,4,561
7.5,14,3,5,563
7.5,14,3,6,565
7.5,14,3,7,566
7.5,14,3,8,568
7.5,14,3,9,570
7.5,14,3,10,572
7.5,14,3,11,573
7.5,14,3,12,575
7.5,14,3,13,577
7.5,14,3,14,579
7.5,14,3,15,580
7.5,14,4,0,556
7.5,14,4,1,558
7.5,14,4,2,559
7.5,14,4,3,561
7.5,14,4,4,563
7.5,14,4,5,565
7.5,14,4,6,567
7.5,14,4,7,568
7.5,14,4,8,570
7.5,14,4,9,572
7.5,14,4,10,574
7.5,14,4,11,575
7.5,14,4,12,577
7.5,14,4,13,579
7.5,14,4,14,580
7.5,14,4,15,582
7.5,14,5,0,558
7.5,14,5,1,559
7.5,14,5,2,561
7.5,14,5,3,563
7.5,14,5,4,565
7.5,14,5,5,567
7.5,14,5,6,568
7.5,14,5,7,570
7.5,14,5,8,572
7.5,14,5,9,574
7.5,14,5,10,575
7.5,14,5,11,577
7.5,14,5,12,579
7.5,14,5,13,581
7.5,14,5,14,582
7.5,14,5,15,584
7.5,14,6,0,559
7.5,14,6,1,561
7.5,14,6,2,563
7.5,14,6,3,565
7.5,14,6,4,567
7.5,14,6,5,568
7.5,14,6,6,570
7.5,14,6,7,572
7.5,14,6,8,574
7.5,14,6,9,576
7.5,14,6,10,577
7.5,14,6,11,579
7.5,14,6,12,581
7.5,14,6,13,582
7.5,14,6,14,584
7.5,14,6,15,586
7.5,14,7,0,561
7.5,14,7,1,563
7.5,14,7,2,565
7.5,14,7,3,567
7.5,14,7,4,568
7.5,14,7,5,570
7.5,14,7,6,572
7.5,14,7,7,574
7.5,14,7,8,576
7.5,14,7,9,577
7.5,14,7,10,579
7.5,14,7,11,581
7.5,14,7,12,583
7.5,14,7,13,584
7.5,14,7,14,586
7.5,14,7,15,588
7.5,14,8,0,563
7.5,14,8,1,565
7.5,14,8,2,567
7.5,14,8,3,569
7.5,14,8,4,570
7.5,14,8,5,572
7.5,14,8,6,574
7.5,14,8,7,576
7.5,14,8,8,577
7.5,14,8,9,579
7.5,14,8,10,581
7.5,14,8,11,583
7.5,14,8,12,584
7.5,14,8,13,586
7.5,14,8,14,588
7.5,14,8,15,590
7.5,14,9,0,565
7.5,14,9,1,567
7.5,14,9,2,569
7.5,14,9,3,570
7.5,14,9,4,572
7.5,14,9,5,574
7.5,14,9,6,576
7.5,14,9,7,578
7.5,14,9,8,579
7.5,14,9,9,581
7.5,14,9,10,583
7.5,14,9,11,585
7.5,14,9,12,586
7.5,14,9,13,588
7.5,14,9,14,590
7.5,14,9,15,592
7.5,14,10,0,567
7.5,14,10,1,568
7.5,14,10,2,570
7.5,14,10,3,572
7.5,14,10,4,574
7.5,14,10,5,576
7.5,14,10,6,578
7.5,14,10,7,579
7.5,14,10,8,581
7.5,14,10,9,583
7.5,14,10,10,585
7.5,14,10,11,586
7.5,14,10,12,588
7.5,14,10,13,590
7.5,14,10,14,592
7.5,14,10,15,593
7.5,14,11,0,568
7.5,14,11,1,570
7.5,14,11,2,572
7.5,14,11,3,574
7.5,14,11,4,576
7.5,14,11,5,578
7.5,14,11,6,579
7.5,14,11,7,581
7.5,14,11,8,583
7.5,14,11,9,585
7.5,14,11,10,587
7.5,14,11,11,588
7.5,14,11,12,590
7.5,14,11,13,592
7.5,14,11,14,594
7.5,14,11,15,595
7.5,14,12,0,570
7.5,14,12,1,572
7.5,14,12,2,574
7.5,14,12,3,576
7.5,14,12,4,578
7.5,14,12,5,579
7.5,14,12,6,581
7.5,14,12,7,583
7.5,14,12,8,585
7.5,14,12,9,587
7.5,14,12,10,588
7.5,14,12,11,590
7.5,14,12,12,592
7.5,14,12,13,594
7.5,14,12,14,595
7.5,14,12,15,597
7.5,14,13,0,572
7.5,14,13,1,574
7.5,14,13,2,576
7.5,14,13,3,578
7.5,14,13,4,579
7.5,14,13,5,581
7.5,14,13,6,583
7.5,14,13,7,585
7.5,14,13,8,587
7.5,14,13,9,588
7.5,14,13,10,590
7.5,14,13,11,592
7.5,14,13,12,594
7.5,14,13,13,596
7.5,14,13,14,597
7.5,14,13,15,599
7.5,14,14,0,574
7.5,14,14,1,576
7.5,14,14,2,577
7.5,14,14,3,579
7.5,14,14,4,581
7.5,14,14,5,583
7.5,14,14,6,585
7.5,14,14,7,587
7.5,14,14,8,588
7.5,14,14,9,590
7.5,14,14,10,592
7.5,14,14,11,594
7.5,14,14,12,596
7.5,14,14,13,597
7.5,14,14,14,599
7.5,14,14,15,601
7.5,14,15,0,576
7.5,14,15,1,577
7.5,14,15,2,579
7.5,14,15,3,581
7.5,14,15,4,583
7.5,14,15,5,585
7.5,14,15,6,587
7.5,14,15,7,588
7.5,14,15,8,590
7.5,14,15,9,592
7.5,14,15,10,594
7.5,14,15,11,596
7.5,14,15,12,597
7.5,14,15,13,599
7.5,14,15,14,601
7.5,14,15,15,603
7.5,15,0,0,551
7.5,15,0,1,552
7.5,15,0,2,554
7.5,15,0,3,556
7.5,15,0,4,558
7.5,15,0,5,559
7.5,15,0,6,561
7.5,15,0,7,563
7.5,15,0,8,565
7.5,15,0,9,566
7.5,15,0,10,568
7.5,15,0,11,570
7.5,15,0,12,571
7.5,15,0,13,573
7.5,15,0,14,575
7.5,15,0,15,577
7.5,15,1,0,552
7.5,15,1,1,554
7.5,15,1,2,556
7.5,15,1,3,558
7.5,15,1,4,559
7.5,15,1,5,561
7.5,15,1,6,563
7.5,15,1,7,565
7.5,15,1,8,566
7.5,15,1,9,568
7.5,15,1,10,570
7.5,15,1,11,572
7.5,15,1,12,573
7.5,15,1,13,575
7.5,15,1,14,577
7.5,15,1,15,579
7.5,15,2,0,554
7.5,15,2,1,556
7.5,15,2,2,558
7.5,15,2,3,560
7.5,15,2,4,561
7.5,15,2,5,563
7.5,15,2,6,565
7.5,15,2,7,567
7.5,15,2,8,568
7.5,15,2,9,570
7.5,15,2,10,572
7.5,15,2,11,574
7.5,15,2,12,575
7.5,15,2,13,577
7.5,15,2,14,579
7.5,15,2,15,580
7.5,15,3,0,556
7.5,15,3,1,558
7.5,15,3,2,560
7.5,15,3,3,561
7.5,15,3,4,563
7.5,15,3,5,565
7.5,15,3,6,567
7.5,15,3,7,568
7.5,15,3,8,570
7.5,15,3,9,572
7.5,15,3,10,574
7.5,15,3,11,575
7.5,15,3,12,577
7.5,15,3,13,579
7.5,15,3,14,581
7.5,15,3,15,582
7.5,15,4,0,558
7.5,15,4,1,560
7.5,15,4,2,561
7.5,15,4,3,563
7.5,15,4,4,565
7.5,15,4,5,567
7.5,15,4,6,569
7.5,15,4,7,570
7.5,15,4,8,572
7.5,15,4,9,574
7.5,15,4,10,576
7.5,15,4,11,577
7.5,15,4,12,579
7.5,15,4,13,581
7.5,15,4,14,583
7.5,15,4,15,584
7.5,15,5,0,560
7.5,15,5,1,562
7.5,15,5,2,563
7.5,15,5,3,565
7.5,15,5,4,567
7.5,15,5,5,569
7.5,15,5,6,570
7.5,15,5,7,572
7.5,15,5,8,574
7.5,15,5,9,576
7.5,15,5,10,577
7.5,15,5,11,579
7.5,15,5,12,581
7.5,15,5,13,583
7.5,15,5,14,584
7.5,15,5,15,586
7.5,15,6,0,562
7.5,15,6,1,563
7.5,15,6,2,565
7.5,15,6,3,567
7.5,15,6,4,569
7.5,15,6,5,571
7.5,15,6,6,572
7.5,15,6,7,574
7.5,15,6,8,576
7.5,15,6,9,578
7.5,15,6,10,579
7.5,15,6,11,581
7.5,15,6,12,583
7.5,15,6,13,585
7.5,15,6,14,586
7.5,15,6,15,588
7.5,15,7,0,563
7.5,15,7,1,565
7.5,15,7,2,567
7.5,15,7,3,569
7.5,15,7,4,571
7.5,15,7,5,572
7.5,15,7,6,574
7.5,15,7,7,576
7.5,15,7,8,578
7.5,15,7,9,579
7.5,15,7,10,581
7.5,15,7,11,583
7.5,15,7,12,585
7.5,15,7,13,587
7.5,15,7,14,588
7.5,15,7,15,590
7.5,15,8,0,565
7.5,15,8,1,567
7.5,15,8,2,569
7.5,15,8,3,571
7.5,15,8,4,572
7.5,15,8,5,574
7.5,15,8,6,576
7.5,15,8,7,578
7.5,15,8,8,580
7.5,15,8,9,581
7.5,15,8,10,583
7.5,15,8,11,585
7.5,15,8,12,587
7.5,15,8,13,588
7.5,15,8,14,590
7.5,15,8,15,592
7.5,15,9,0,567
7.5,15,9,1,569
7.5,15,9,2,571
7.5,15,9,3,572
7.5,15,9,4,574
7.5,15,9,5,576
7.5,15,9,6,578
7.5,15,9,7,580
7.5,15,9,8,581
7.5,15,9,9,583
7.5,15,9,10,585
7.5,15,9,11,587
7.5,15,9,12,588
7.5,15,9,13,590
7.5,15,9,14,592
7.5,15,9,15,594
7.5,15,10,0,569
7.5,15,10,1,571
7.5,15,10,2,572
7.5,15,10,3,574
7.5,15,10,4,576
7.5,15,10,5,578
7.5,15,10,6,580
7.5,15,10,7,581
7.5,15,10,8,583
7.5,15,10,9,585
7.5,15,10,10,587
7.5,15,10,11,589
7.5,15,10,12,590
7.5,15,10,13,592
7.5,15,10,14,594
7.5,15,10,15,596
7.5,15,11,0,571
7.5,15,11,1,572
7.5,15,11,2,574
7.5,15,11,3,576
7.5,15,11,4,578
7.5,15,11,5,580
7.5,15,11,6,581
7.5,15,11,7,583
7.5,15,11,8,585
7.5,15,11,9,587
7.5,15,11,10,589
7.5,15,11,11,590
7.5,15,11,12,592
7.5,15,11,13,594
7.5,15,11,14,596
7.5,15,11,15,598
7.5,15,12,0,572
7.5,15,12,1,574
7.5,15,12,2,576
7.5,15,12,3,578
7.5,15,12,4,580
7.5,15,12,5,581
7.5,15,12,6,583
7.5,15,12,7,585
7.5,15,12,8,587
7.5,15,12,9,589
7.5,15,12,10,590
7.5,15,12,11,592
7.5,15,12,12,594
7.5,15,12,13,596
7.5,15,12,14,598
7.5,15,12,15,599
7.5,15,13,0,574
7.5,15,13,1,576
7.5,15,13,2,578
7.5,15,13,3,580
7.5,15,13,4,581
7.5,15,13,5,583
7.5,15,13,6,585
7.5,15,13,7,587
7.5,15,13,8,589
7.5,15,13,9,591
7.5,15,13,10,592
7.5,15,13,11,594
7.5,15,13,12,596
7.5,15,13,13,598
7.5,15,13,14,599
7.5,15,13,15,601
7.5,15,14,0,576
7.5,15,14,1,578
7.5,15,14,2,580
7.5,15,14,3,581
7.5,15,14,4,583
7.5,15,14,5,585
7.5,15,14,6,587
7.5,15,14,7,589
7.5,15,14,8,591
7.5,15,14,9,592
7.5,15,14,10,594
7.5,15,14,11,596
7.5,15,14,12,598
7.5,15,14,13,600
7.5,15,14,14,601
7.5,15,14,15,603
7.5,15,15,0,578
7.5,15,15,1,579
7.5,15,15,2,581
7.5,15,15,3,583
7.5,15,15,4,585
7.5,15,15,5,587
7.5,15,15,6,589
7.5,15,15,7,591
7.5,15,15,8,592
7.5,15,15,9,594
7.5,15,15,10,596
7.5,15,15,11,598
7.5,15,15,12,600
7.5,15,15,13,601
7.5,15,15,14,603
7.5,15,15,15,605
8.0,0,0,0,558
8.0,0,0,1,560
8.0,0,0,2,562
8.0,0,0,3,563
8.0,0,0,4,565
8.0,0,0,5,567
8.0,0,0,6,569
8.0,0,0,7,570
8.0,0,0,8,572
8.0,0,0,9,574
8.0,0,0,10,576
8.0,0,0,11,577
8.0,0,0,12,579
8.0,0,0,13,581
8.0,0,0,14,583
8.0,0,0,15,584
8.0,0,1,0,560
8.0,0,1,1,562
8.0,0,1,2,563
8.0,0,1,3,565
8.0,0,1,4,567
8.0,0,1,5,569
8.0,0,1,6,571
8.0,0,1,7,572
8.0,0,1,8,574
8.0,0,1,9,576
8.0,0,1,10,578
8.0,0,1,11,579
8.0,0,1,12,581
8.0,0,1,13,583
8.0,0,1,14,585
8.0,0,1,15,586
8.0,0,2,0,562
8.0,0,2,1,564
8.0,0,2,2,565
8.0,0,2,3,567
8.0,0,2,4,569
8.0,0,2,5,571
8.0,0,2,6,572
8.0,0,2,7,574
8.0,0,2,8,576
8.0,0,2,9,578
8.0,0,2,10,580
8.0,0,2,11,581
8.0,0,2,12,583
8.0,0,2,13,585
8.0,0,2,14,587
8.0,0,2,15,588
8.0,0,3,0,564
8.0,0,3,1,565
8.0,0,3,2,567
8.0,0,3,3,569
8.0,0,3,4,571
8.0,0,3,5,573
8.0,0,3,6,574
8.0,0,3,7,576
8.0,0,3,8,578
8.0,0,3,9,580
8.0,0,3,10,581
8.0,0,3,11,583
8.0,0,3,12,585
8.0,0,3,13,587
8.0,0,3,14,588
8.0,0,3,15,590
8.0,0,4,0,565
8.0,0,4,1,567
8.0,0,4,2,569
8.0,0,4,3,571
8.0,0,4,4,573
8.0,0,4,5,574
8.0,0,4,6,576
8.0,0,4,7,578
8.0,0,4,8,580
8.0,0,4,9,582
8.0,0,4,10,583
8.0,0,4,11,585
8.0,0,4,12,587
8.0,0,4,13,589
8.0,0,4,14,590
8.0,0,4,15,592
8.0,0,5,0,567
8.0,0,5,1,569
8.0,0,5,2,571
8.0,0,5,3,573
8.0,0,5,4,575
8.0,0,5,5,576
8.0,0,5,6,578
8.0,0,5,7,580
8.0,0,5,8,582
8.0,0,5,9,584
8.0,0,5,10,585
8.0,0,5,11,587
8.0,0,5,12,589
8.0,0,5,13,591
8.0,0,5,14,592
8.0,0,5,15,594
8.0,0,6,0,569
8.0,0,6,1,571
8.0,0,6,2,573
8.0,0,6,3,575
8.0,0,6,4,576
8.0,0,6,5,578
8.0,0,6,6,580
8.0,0,6,7,582
8.0,0,6,8,584
8.0,0,6,9,585
8.0,0,6,10,587
8.0,0,6,11,589
8.0,0,6,12,591
8.0,0,6,13,593
8.0,0,6,14,594
8.0,0,6,15,596
8.0,0,7,0,571
8.0,0,7,1,573
8.0,0,7,2,575
8.0,0,7,3,576
8.0,0,7,4,578
8.0,0,7,5,580
8.0,0,7,6,582
8.0,0,7,7,584
8.0,0,7,8,586
8.0,0,7,9,587
8.0,0,7,10,589
8.0,0,7,11,591
8.0,0,7,12,593
8.0,0,7,13,594
8.0,0,7,14,596
8.0,0,7,15,598
8.0,0,8,0,573
8.0,0,8,1,575
8.0,0,8,2,576
8.0,0,8,3,578
8.0,0,8,4,580
8.0,0,8,5,582
8.0,0,8,6,584
8.0,0,8,7,586
8.0,0,8,8,587
8.0,0,8,9,589
8.0,0,8,10,591
8.0,0,8,11,593
8.0,0,8,12,595
8.0,0,8,13,596
8.0,0,8,14,598
8.0,0,8,15,600
8.0,0,9,0,575
8.0,0,9,1,576
8.0,0,9,2,578
8.0,0,9,3,580
8.0,0,9,4,582
8.0,0,9,5,584
8.0,0,9,6,586
8.0,0,9,7,587
8.0,0,9,8,589
8.0,0,9,9,591
8.0,0,9,10,593
8.0,0,9,11,595
8.0,0,9,12,596
8.0,0,9,13,598
8.0,0,9,14,600
8.0,0,9,15,602
8.0,0,10,0,576
8.0,0,10,1,578
8.0,0,10,2,580
8.0,0,10,3,582
8.0,0,10,4,584
8.0,0,10,5,586
8.0,0,10,6,587
8.0,0,10,7,589
8.0,0,10,8,591
8.0,0,10,9,593
8.0,0,10,10,595
8.0,0,10,11,597
8.0,0,10,12,598
8.0,0,10,13,600
8.0,0,10,14,602
8.0,0,10,15,604
8.0,0,11,0,578
8.0,0,11,1,580
8.0,0,11,2,582
8.0,0,11,3,584
8.0,0,11,4,586
8.0,0,11,5,587
8.0,0,11,6,589
8.0,0,11,7,591
8.0,0,11,8,593
8.0,0,11,9,595
8.0,0,11,10,597
8.0,0,11,11,598
8.0,0,11,12,600
8.0,0,11,13,602
8.0,0,11,14,604
8.0,0,11,15,606
8.0,0,12,0,580
8.0,0,12,1,582
8.0,0,12,2,584
8.0,0,12,3,586
8.0,0,12,4,587
8.0,0,12,5,589
8.0,0,12,6,591
8.0,0,12,7,593
8.0,0,12,8,595
8.0,0,12,9,597
8.0,0,12,10,598
8.0,0,12,11,600
8.0,0,12,12,602
8.0,0,12,13,604
8.0,0,12,14,606
8.0,0,12,15,607
8.0,0,13,0,582
8.0,0,13,1,584
8.0,0,13,2,586
8.0,0,13,3,587
8.0,0,13,4,589
8.0,0,13,5,591
8.0,0,13,6,593
8.0,0,13,7,595
8.0,0,13,8,597
8.0,0,13,9,599
8.0,0,13,10,600
8.0,0,13,11,602
8.0,0,13,12,604
8.0,0,13,13,606
8.0,0,13,14,608
8.0,0,13,15,609
8.0,0,14,0,584
8.0,0,14,1,586
8.0,0,14,2,587
8.0,0,14,3,589
8.0,0,14,4,591
8.0,0,14,5,593
8.0,0,14,6,595
8.0,0,14,7,597
8.0,0,14,8,599
8.0,0,14,9,600
8.0,0,14,10,602
8.0,0,14,11,604
8.0,0,14,12,606
8.0,0,14,13,608
8.0,0,14,14,609
8.0,0,14,15,611
8.0,0,15,0,585
8.0,0,15,1,587
8.0,0,15,2,589
8.0,0,15,3,591
8.0,0,15,4,593
8.0,0,15,5,595
8.0,0,15,6,597
8.0,0,15,7,599
8.0,0,15,8,600
8.0,0,15,9,602
8.0,0,15,10,604
8.0,0,15,11,606
8.0,0,15,12,608
8.0,0,15,13,609
8.0,0,15,14,611
8.0,0,15,15,613
8.0,1,0,0,560
8.0,1,0,1,562
8.0,1,0,2,564
8.0,1,0,3,566
8.0,1,0,4,567
8.0,1,0,5,569
8.0,1,0,6,571
8.0,1,0,7,573
8.0,1,0,8,574
8.0,1,0,9,576
8.0,1,0,10,578
8.0,1,0,11,580
8.0,1,0,12,581
8.0,1,0,13,583
8.0,1,0,14,585
8.0,1,0,15,587
8.0,1,1,0,562
8.0,1,1,1,564
8.0,1,1,2,566
8.0,1,1,3,567
8.0,1,1,4,569
8.0,1,1,5,571
8.0,1,1,6,573
8.0,1,1,7,575
8.0,1,1,8,576
8.0,1,1,9,578
8.0,1,1,10,580
8.0,1,1,11,582
8.0,1,1,12,583
8.0,1,1,13,585
8.0,1,1,14,587
8.0,1,1,15,589
8.0,1,2,0,564
8.0,1,2,1,566
8.0,1,2,2,567
8.0,1,2,3,569
8.0,1,2,4,571
8.0,1,2,5,573
8.0,1,2,6,575
8.0,1,2,7,576
8.0,1,2,8,578
8.0,1,2,9,580
8.0,1,2,10,582
8.0,1,2,11,584
8.0,1,2,12,585
8.0,1,2,13,587
8.0,1,2,14,589
8.0,1,2,15,591
8.0,1,3,0,566
8.0,1,3,1,568
8.0,1,3,2,569
8.0,1,3,3,571
8.0,1,3,4,573
8.0,1,3,5,575
8.0,1,3,6,577
8.0,1,3,7,578
8.0,1,3,8,580
8.0,1,3,9,582
8.0,1,3,10,584
8.0,1,3,11,585
8.0,1,3,12,587
8.0,1,3,13,589
8.0,1,3,14,591
8.0,1,3,15,593
8.0,1,4,0,568
8.0,1,4,1,569
8.0,1,4,2,571
8.0,1,4,3,573
8.0,1,4,4,575
8.0,1,4,5,577
8.0,1,4,6,578
8.0,1,4,7,580
8.0,1,4,8,582
8.0,1,4,9,584
8.0,1,4,10,586
8.0,1,4,11,587
8.0,1,4,12,589
8.0,1,4,13,591
8.0,1,4,14,593
8.0,1,4,15,594
8.0,1,5,0,569
8.0,1,5,1,571
8.0,1,5,2,573
8.0,1,5,3,575
8.0,1,5,4,577
8.0,1,5,5,579
8.0,1,5,6,580
8.0,1,5,7,582
8.0,1,5,8,584
8.0,1,5,9,586
8.0,1,5,10,588
8.0,1,5,11,589
8.0,1,5,12,591
8.0,1,5,13,593
8.0,1,5,14,595
8.0,1,5,15,596
8.0,1,6,0,571
8.0,1,6,1,573
8.0,1,6,2,575
8.0,1,6,3,577
8.0,1,6,4,579
8.0,1,6,5,580
8.0,1,6,6,582
8.0,1,6,7,584
8.0,1,6,8,586
8.0,1,6,9,588
8.0,1,6,10,589
8.0,1,6,11,591
8.0,1,6,12,593
8.0,1,6,13,595
8.0,1,6,14,597
8.0,1,6,15,598
8.0,1,7,0,573
8.0,1,7,1,575
8.0,1,7,2,577
8.0,1,7,3,579
8.0,1,7,4,580
8.0,1,7,5,582
8.0,1,7,6,584
8.0,1,7,7,586
8.0,1,7,8,588
8.0,1,7,9,590
8.0,1,7,10,591
8.0,1,7,11,593
8.0,1,7,12,595
8.0,1,7,13,597
8.0,1,7,14,598
8.0,1,7,15,600
8.0,1,8,0,575
8.0,1,8,1,577
8.0,1,8,2,579
8.0,1,8,3,581
8.0,1,8,4,582
8.0,1,8,5,584
8.0,1,8,6,586
8.0,1,8,7,588
8.0,1,8,8,590
8.0,1,8,9,591
8.0,1,8,10,593
8.0,1,8,11,595
8.0,1,8,12,597
8.0,1,8,13,599
8.0,1,8,14,600
8.0,1,8,15,602
8.0,1,9,0,577
8.0,1,9,1,579
8.0,1,9,2,581
8.0,1,9,3,582
8.0,1,9,4,584
8.0,1,9,5,586
8.0,1,9,6,588
8.0,1,9,7,590
8.0,1,9,8,592
8.0,1,9,9,593
8.0,1,9,10,595
8.0,1,9,11,597
8.0,1,9,12,599
8.0,1,9,13,601
8.0,1,9,14,602
8.0,1,9,15,604
8.0,1,10,0,579
8.0,1,10,1,580
8.0,1,10,2,582
8.0,1,10,3,584
8.0,1,10,4,586
8.0,1,10,5,588
8.0,1,10,6,590
8.0,1,10,7,592
8.0,1,10,8,593
8.0,1,10,9,595
8.0,1,10,10,597
8.0,1,10,11,599
8.0,1,10,12,601
8.0,1,10,13,602
8.0,1,10,14,604
8.0,1,10,15,606
8.0,1,11,0,580
8.0,1,11,1,582
8.0,1,11,2,584
8.0,1,11,3,586
8.0,1,11,4,588
8.0,1,11,5,590
8.0,1,11,6,592
8.0,1,11,7,593
8.0,1,11,8,595
8.0,1,11,9,597
8.0,1,11,10,599
8.0,1,11,11,601
8.0,1,11,12,603
8.0,1,11,13,604
8.0,1,11,14,606
8.0,1,11,15,608
8.0,1,12,0,582
8.0,1,12,1,584
8.0,1,12,2,586
8.0,1,12,3,588
8.0,1,12,4,590
8.0,1,12,5,592
8.0,1,12,6,593
8.0,1,12,7,595
8.0,1,12,8,597
8.0,1,12,9,599
8.0,1,12,10,601
8.0,1,12,11,603
8.0,1,12,12,604
8.0,1,12,13,606
8.0,1,12,14,608
8.0,1,12,15,610
8.0,1,13,0,584
8.0,1,13,1,586
8.0,1,13,2,588
8.0,1,13,3,590
8.0,1,13,4,592
8.0,1,13,5,593
8.0,1,13,6,595
8.0,1,13,7,597
8.0,1,13,8,599
8.0,1,13,9,601
8.0,1,13,10,603
8.0,1,13,11,604
8.0,1,13,12,606
8.0,1,13,13,608
8.0,1,13,14,610
8.0,1,13,15,612
8.0,1,14,0,586
8.0,1,14,1,588
8.0,1,14,2,590
8.0,1,14,3,592
8.0,1,14,4,593
8.0,1,14,5,595
8.0,1,14,6,597
8.0,1,14,7,599
8.0,1,14,8,601
8.0,1,14,9,603
8.0,1,14,10,604
8.0,1,14,11,606
8.0,1,14,12,608
8.0,1,14,13,610
8.0,1,14,14,612
8.0,1,14,15,614
8.0,1,15,0,588
8.0,1,15,1,590
8.0,1,15,2,591
8.0,1,15,3,593
8.0,1,15,4,595
8.0,1,15,5,597
8.0,1,15,6,599
8.0,1,15,7,601
8.0,1,15,8,603
8.0,1,15,9,604
8.0,1,15,10,606
8.0,1,15,11,608
8.0,1,15,12,610
8.0,1,15,13,612
8.0,1,15,14,614
8.0,1,15,15,615
8.0,2,0,0,562
8.0,2,0,1,564
8.0,2,0,2,566
8.0,2,0,3,568
8.0,2,0,4,569
8.0,2,0,5,571
8.0,2,0,6,573
8.0,2,0,7,575
8.0,2,0,8,577
8.0,2,0,9,578
8.0,2,0,10,580
8.0,2,0,11,582
8.0,2,0,12,584
8.0,2,0,13,585
8.0,2,0,14,587
8.0,2,0,15,589
8.0,2,1,0,564
8.0,2,1,1,566
8.0,2,1,2,568
8.0,2,1,3,570
8.0,2,1,4,571
8.0,2,1,5,573
8.0,2,1,6,575
8.0,2,1,7,577
8.0,2,1,8,579
8.0,2,1,9,580
8.0,2,1,10,582
8.0,2,1,11,584
8.0,2,1,12,586
8.0,2,1,13,587
8.0,2,1,14,589
8.0,2,1,15,591
8.0,2,2,0,566
8.0,2,2,1,568
8.0,2,2,2,570
8.0,2,2,3,571
8.0,2,2,4,573
8.0,2,2,5,575
8.0,2,2,6,577
8.0,2,2,7,579
8.0,2,2,8,580
8.0,2,2,9,582
8.0,2,2,10,584
8.0,2,2,11,586
8.0,2,2,12,588
8.0,2,2,13,589
8.0,2,2,14,591
8.0,2,2,15,593
8.0,2,3,0,568
8.0,2,3,1,570
8.0,2,3,2,572
8.0,2,3,3,573
8.0,2,3,4,575
8.0,2,3,5,577
8.0,2,3,6,579
8.0,2,3,7,581
8.0,2,3,8,582
8.0,2,3,9,584
8.0,2,3,10,586
8.0,2,3,11,588
8.0,2,3,12,589
8.0,2,3,13,591
8.0,2,3,14,593
8.0,2,3,15,595
8.0,2,4,0,570
8.0,2,4,1,572
8.0,2,4,2,573
8.0,2,4,3,575
8.0,2,4,4,577
8.0,2,4,5,579
8.0,2,4,6,581
8.0,2,4,7,582
8.0,2,4,8,584
8.0,2,4,9,586
8.0,2,4,10,588
8.0,2,4,11,590
8.0,2,4,12,591
8.0,2,4,13,593
8.0,2,4,14,595
8.0,2,4,15,597
8.0,2,5,0,572
8.0,2,5,1,573
8.0,2,5,2,575
8.0,2,5,3,577
8.0,2,5,4,579
8.0,2,5,5,581
8.0,2,5,6,583
8.0,2,5,7,584
8.0,2,5,8,586
8.0,2,5,9,588
8.0,2,5,10,590
8.0,2,5,11,592
8.0,2,5,12,593
8.0,2,5,13,595
8.0,2,5,14,597
8.0,2,5,15,599
8.0,2,6,0,573
8.0,2,6,1,575
8.0,2,6,2,577
8.0,2,6,3,579
8.0,2,6,4,581
8.0,2,6,5,583
8.0,2,6,6,584
8.0,2,6,7,586
8.0,2,6,8,588
8.0,2,6,9,590
8.0,2,6,10,592
8.0,2,6,11,593
8.0,2,6,12,595
8.0,2,6,13,597
8.0,2,6,14,599
8.0,2,6,15,601
8.0,2,7,0,575
8.0,2,7,1,577
8.0,2,7,2,579
8.0,2,7,3,581
8.0,2,7,4,583
8.0,2,7,5,585
8.0,2,7,6,586
8.0,2,7,7,588
8.0,2,7,8,590
8.0,2,7,9,592
8.0,2,7,10,594
8.0,2,7,11,595
8.0,2,7,12,597
8.0,2,7,13,599
8.0,2,7,14,601
8.0,2,7,15,603
8.0,2,8,0,577
8.0,2,8,1,579
8.0,2,8,2,581
8.0,2,8,3,583
8.0,2,8,4,585
8.0,2,8,5,586
8.0,2,8,6,588
8.0,2,8,7,590
8.0,2,8,8,592
8.0,2,8,9,594
8.0,2,8,10,596
8.0,2,8,11,597
8.0,2,8,12,599
8.0,2,8,13,601
8.0,2,8,14,603
8.0,2,8,15,604
8.0,2,9,0,579
8.0,2,9,1,581
8.0,2,9,2,583
8.0,2,9,3,585
8.0,2,9,4,586
8.0,2,9,5,588
8.0,2,9,6,590
8.0,2,9,7,592
8.0,2,9,8,594
8.0,2,9,9,596
8.0,2,9,10,597
8.0,2,9,11,599
8.0,2,9,12,601
8.0,2,9,13,603
8.0,2,9,14,605
8.0,2,9,15,606
8.0,2,10,0,581
8.0,2,10,1,583
8.0,2,10,2,585
8.0,2,10,3,586
8.0,2,10,4,588
8.0,2,10,5,590
8.0,2,10,6,592
8.0,2,10,7,594
8.0,2,10,8,596
8.0,2,10,9,597
8.0,2,10,10,599
8.0,2,10,11,601
8.0,2,10,12,603
8.0,2,10,13,605
8.0,2,10,14,607
8.0,2,10,15,608
8.0,2,11,0,583
8.0,2,11,1,585
8.0,2,11,2,586
8.0,2,11,3,588
8.0,2,11,4,590
8.0,2,11,5,592
8.0,2,11,6,594
8.0,2,11,7,596
8.0,2,11,8,598
8.0,2,11,9,599
8.0,2,11,10,601
8.0,2,11,11,603
8.0,2,11,12,605
8.0,2,11,13,607
8.0,2,11,14,608
8.0,2,11,15,610
8.0,2,12,0,584
8.0,2,12,1,586
8.0,2,12,2,588
8.0,2,12,3,590
8.0,2,12,4,592
8.0,2,12,5,594
8.0,2,12,6,596
8.0,2,12,7,598
8.0,2,12,8,599
8.0,2,12,9,601
8.0,2,12,10,603
8.0,2,12,11,605
8.0,2,12,12,607
8.0,2,12,13,609
8.0,2,12,14,610
8.0,2,12,15,612
8.0,2,13,0,586
8.0,2,13,1,588
8.0,2,13,2,590
8.0,2,13,3,592
8.0,2,13,4,594
8.0,2,13,5,596
8.0,2,13,6,598
8.0,2,13,7,599
8.0,2,13,8,601
8.0,2,13,9,603
8.0,2,13,10,605
8.0,2,13,11,607
8.0,2,13,12,609
8.0,2,13,13,610
8.0,2,13,14,612
8.0,2,13,15,614
8.0,2,14,0,588
8.0,2,14,1,590
8.0,2,14,2,592
8.0,2,14,3,594
8.0,2,14,4,596
8.0,2,14,5,598
8.0,2,14,6,599
8.0,2,14,7,601
8.0,2,14,8,603
8.0,2,14,9,605
8.0,2,14,10,607
8.0,2,14,11,609
8.0,2,14,12,610
8.0,2,14,13,612
8.0,2,14,14,614
8.0,2,14,15,616
8.0,2,15,0,590
8.0,2,15,1,592
8.0,2,15,2,594
8.0,2,15,3,596
8.0,2,15,4,597
8.0,2,15,5,599
8.0,2,15,6,601
8.0,2,15,7,603
8.0,2,15,8,605
8.0,2,15,9,607
8.0,2,15,10,609
8.0,2,15,11,610
8.0,2,15,12,612
8.0,2,15,13,614
8.0,2,15,14,616
8.0,2,15,15,618
8.0,3,0,0,564
8.0,3,0,1,566
8.0,3,0,2,568
8.0,3,0,3,570
8.0,3,0,4,572
8.0,3,0,5,573
8.0,3,0,6,575
8.0,3,0,7,577
8.0,3,0,8,579
8.0,3,0,9,581
8.0,3,0,10,582
8.0,3,0,11,584
8.0,3,0,12,586
8.0,3,0,13,588
8.0,3,0,14,589
8.0,3,0,15,591
8.0,3,1,0,566
8.0,3,1,1,568
8.0,3,1,2,570
8.0,3,1,3,572
8.0,3,1,4,574
8.0,3,1,5,575
8.0,3,1,6,577
8.0,3,1,7,579
8.0,3,1,8,581
8.0,3,1,9,583
8.0,3,1,10,584
8.0,3,1,11,586
8.0,3,1,12,588
8.0,3,1,13,590
8.0,3,1,14,591
8.0,3,1,15,593
8.0,3,2,0,568
8.0,3,2,1,570
8.0,3,2,2,572
8.0,3,2,3,574
8.0,3,2,4,575
8.0,3,2,5,577
8.0,3,2,6,579
8.0,3,2,7,581
8.0,3,2,8,583
8.0,3,2,9,584
8.0,3,2,10,586
8.0,3,2,11,588
8.0,3,2,12,590
8.0,3,2,13,592
8.0,3,2,14,593
8.0,3,2,15,595
8.0,3,3,0,570
8.0,3,3,1,572
8.0,3,3,2,574
8.0,3,3,3,576
8.0,3,3,4,577
8.0,3,3,5,579
8.0,3,3,6,581
8.0,3,3,7,583
8.0,3,3,8,585
8.0,3,3,9,586
8.0,3,3,10,588
8.0,3,3,11,590
8.0,3,3,12,592
8.0,3,3,13,594
8.0,3,3,14,595
8.0,3,3,15,597
8.0,3,4,0,572
8.0,3,4,1,574
8.0,3,4,2,576
8.0,3,4,3,577
8.0,3,4,4,579
8.0,3,4,5,581
8.0,3,4,6,583
8.0,3,4,7,585
8.0,3,4,8,587
8.0,3,4,9,588
8.0,3,4,10,590
8.0,3,4,11,592
8.0,3,4,12,594
8.0,3,4,13,595
8.0,3,4,14,597
8.0,3,4,15,599
8.0,3,5,0,574
8.0,3,5,1,576
8.0,3,5,2,577
8.0,3,5,3,579
8.0,3,5,4,581
8.0,3,5,5,583
8.0,3,5,6,585
8.0,3,5,7,587
8.0,3,5,8,588
8.0,3,5,9,590
8.0,3,5,10,592
8.0,3,5,11,594
8.0,3,5,12,596
8.0,3,5,13,597
8.0,3,5,14,599
8.0,3,5,15,601
8.0,3,6,0,576
8.0,3,6,1,578
8.0,3,6,2,579
8.0,3,6,3,581
8.0,3,6,4,583
8.0,3,6,5,585
8.0,3,6,6,587
8.0,3,6,7,589
8.0,3,6,8,590
8.0,3,6,9,592
8.0,3,6,10,594
8.0,3,6,11,596
8.0,3,6,12,598
8.0,3,6,13,599
8.0,3,6,14,601
8.0,3,6,15,603
8.0,3,7,0,578
8.0,3,7,1,579
8.0,3,7,2,581
8.0,3,7,3,583
8.0,3,7,4,585
8.0,3,7,5,587
8.0,3,7,6,589
8.0,3,7,7,590
8.0,3,7,8,592
8.0,3,7,9,594
8.0,3,7,10,596
8.0,3,7,11,598
8.0,3,7,12,599
8.0,3,7,13,601
8.0,3,7,14,603
8.0,3,7,15,605
8.0,3,8,0,579
8.0,3,8,1,581
8.0,3,8,2,583
8.0,3,8,3,585
8.0,3,8,4,587
8.0,3,8,5,589
8.0,3,8,6,590
8.0,3,8,7,592
8.0,3,8,8,594
8.0,3,8,9,596
8.0,3,8,10,598
8.0,3,8,11,600
8.0,3,8,12,601
8.0,3,8,13,603
8.0,3,8,14,605
8.0,3,8,15,607
8.0,3,9,0,581
8.0,3,9,1,583
8.0,3,9,2,585
8.0,3,9,3,587
8.0,3,9,4,589
8.0,3,9,5,591
8.0,3,9,6,592
8.0,3,9,7,594
8.0,3,9,8,596
8.0,3,9,9,598
8.0,3,9,10,600
8.0,3,9,11,601
8.0,3,9,12,603
8.0,3,9,13,605
8.0,3,9,14,607
8.0,3,9,15,609
8.0,3,10,0,583
8.0,3,10,1,585
8.0,3,10,2,587
8.0,3,10,3,589
8.0,3,10,4,591
8.0,3,10,5,592
8.0,3,10,6,594
8.0,3,10,7,596
8.0,3,10,8,598
8.0,3,10,9,600
8.0,3,10,10,602
8.0,3,10,11,603
8.0,3,10,12,605
8.0,3,10,13,607
8.0,3,10,14,609
8.0,3,10,15,611
8.0,3,11,0,585
8.0,3,11,1,587
8.0,3,11,2,589
8.0,3,11,3,591
8.0,3,11,4,592
8.0,3,11,5,594
8.0,3,11,6,596
8.0,3,11,7,598
8.0,3,11,8,600
8.0,3,11,9,602
8.0,3,11,10,603
8.0,3,11,11,605
8.0,3,11,12,607
8.0,3,11,13,609
8.0,3,11,14,611
8.0,3,11,15,613
8.0,3,12,0,587
8.0,3,12,1,589
8.0,3,12,2,590
8.0,3,12,3,592
8.0,3,12,4,594
8.0,3,12,5,596
8.0,3,12,6,598
8.0,3,12,7,600
8.0,3,12,8,602
8.0,3,12,9,604
8.0,3,12,10,605
8.0,3,12,11,607
8.0,3,12,12,609
8.0,3,12,13,611
8.0,3,12,14,613
8.0,3,12,15,614
8.0,3,13,0,589
8.0,3,13,1,590
8.0,3,13,2,592
8.0,3,13,3,594
8.0,3,13,4,596
8.0,3,13,5,598
8.0,3,13,6,600
8.0,3,13,7,602
8.0,3,13,8,604
8.0,3,13,9,605
8.0,3,13,10,607
8.0,3,13,11,609
8.0,3,13,12,611
8.0,3,13,13,613
8.0,3,13,14,615
8.0,3,13,15,616
8.0,3,14,0,590
8.0,3,14,1,592
8.0,3,14,2,594
8.0,3,14,3,596
8.0,3,14,4,598
8.0,3,14,5,600
8.0,3,14,6,602
8.0,3,14,7,604
8.0,3,14,8,605
8.0,3,14,9,607
8.0,3,14,10,609
8.0,3,14,11,611
8.0,3,14,12,613
8.0,3,14,13,615
8.0,3,14,14,616
8.0,3,14,15,618
8.0,3,15,0,592
8.0,3,15,1,594
8.0,3,15,2,596
8.0,3,15,3,598
8.0,3,15,4,600
8.0,3,15,5,602
8.0,3,15,6,604
8.0,3,15,7,605
8.0,3,15,8,607
8.0,3,15,9,609
8.0,3,15,10,611
8.0,3,15,11,613
8.0,3,15,12,615
8.0,3,15,13,617
8.0,3,15,14,618
8.0,3,15,15,620
8.0,4,0,0,567
8.0,4,0,1,568
8.0,4,0,2,570
8.0,4,0,3,572
8.0,4,0,4,574
8.0,4,0,5,576
8.0,4,0,6,577
8.0,4,0,7,579
8.0,4,0,8,581
8.0,4,0,9,583
8.0,4,0,10,585
8.0,4,0,11,586
8.0,4,0,12,588
8.0,4,0,13,590
8.0,4,0,14,592
8.0,4,0,15,593
8.0,4,1,0,568
8.0,4,1,1,570
8.0,4,1,2,572
8.0,4,1,3,574
8.0,4,1,4,576
8.0,4,1,5,578
8.0,4,1,6,579
8.0,4,1,7,581
8.0,4,1,8,583
8.0,4,1,9,585
8.0,4,1,10,587
8.0,4,1,11,588
8.0,4,1,12,590
8.0,4,1,13,592
8.0,4,1,14,594
8.0,4,1,15,595
8.0,4,2,0,570
8.0,4,2,1,572
8.0,4,2,2,574
8.0,4,2,3,576
8.0,4,2,4,578
8.0,4,2,5,579
8.0,4,2,6,581
8.0,4,2,7,583
8.0,4,2,8,585
8.0,4,2,9,587
8.0,4,2,10,588
8.0,4,2,11,590
8.0,4,2,12,592
8.0,4,2,13,594
8.0,4,2,14,596
8.0,4,2,15,597
8.0,4,3,0,572
8.0,4,3,1,574
8.0,4,3,2,576
8.0,4,3,3,578
8.0,4,3,4,580
8.0,4,3,5,581
8.0,4,3,6,583
8.0,4,3,7,585
8.0,4,3,8,587
8.0,4,3,9,589
8.0,4,3,10,590
8.0,4,3,11,592
8.0,4,3,12,594
8.0,4,3,13,596
8.0,4,3,14,598
8.0,4,3,15,599
8.0,4,4,0,574
8.0,4,4,1,576
8.0,4,4,2,578
8.0,4,4,3,580
8.0,4,4,4,581
8.0,4,4,5,583
8.0,4,4,6,585
8.0,4,4,7,587
8.0,4,4,8,589
8.0,4,4,9,591
8.0,4,4,10,592
8.0,4,4,11,594
8.0,4,4,12,596
8.0,4,4,13,598
8.0,4,4,14,599
8.0,4,4,15,601
8.0,4,5,0,576
8.0,4,5,1,578
8.0,4,5,2,580
8.0,4,5,3,582
8.0,4,5,4,583
8.0,4,5,5,585
8.0,4,5,6,587
8.0,4,5,7,589
8.0,4,5,8,591
8.0,4,5,9,592
8.0,4,5,10,594
8.0,4,5,11,596
8.0,4,5,12,598
8.0,4,5,13,600
8.0,4,5,14,601
8.0,4,5,15,603
8.0,4,6,0,578
8.0,4,6,1,580
8.0,4,6,2,582
8.0,4,6,3,583
8.0,4,6,4,585
8.0,4,6,5,587
8.0,4,6,6,589
8.0,4,6,7,591
8.0,4,6,8,593
8.0,4,6,9,594
8.0,4,6,10,596
8.0,4,6,11,598
8.0,4,6,12,600
8.0,4,6,13,602
8.0,4,6,14,603
8.0,4,6,15,605
8.0,4,7,0,580
8.0,4,7,1,582
8.0,4,7,2,583
8.0,4,7,3,585
8.0,4,7,4,587
8.0,4,7,5,589
8.0,4,7,6,591
8.0,4,7,7,593
8.0,4,7,8,594
8.0,4,7,9,596
8.0,4,7,10,598
8.0,4,7,11,600
8.0,4,7,12,602
8.0,4,7,13,604
8.0,4,7,14,605
8.0,4,7,15,607
8.0,4,8,0,582
8.0,4,8,1,583
8.0,4,8,2,585
8.0,4,8,3,587
8.0,4,8,4,589
8.0,4,8,5,591
8.0,4,8,6,593
8.0,4,8,7,595
8.0,4,8,8,596
8.0,4,8,9,598
8.0,4,8,10,600
8.0,4,8,11,602
8.0,4,8,12,604
8.0,4,8,13,605
8.0,4,8,14,607
8.0,4,8,15,609
8.0,4,9,0,583
8.0,4,9,1,585
8.0,4,9,2,587
8.0,4,9,3,589
8.0,4,9,4,591
8.0,4,9,5,593
8.0,4,9,6,595
8.0,4,9,7,596
8.0,4,9,8,598
8.0,4,9,9,600
8.0,4,9,10,602
8.0,4,9,11,604
8.0,4,9,12,606
8.0,4,9,13,607
8.0,4,9,14,609
8.0,4,9,15,611
8.0,4,10,0,585
8.0,4,10,1,587
8.0,4,10,2,589
8.0,4,10,3,591
8.0,4,10,4,593
8.0,4,10,5,595
8.0,4,10,6,596
8.0,4,10,7,598
8.0,4,10,8,600
8.0,4,10,9,602
8.0,4,10,10,604
8.0,4,10,11,606
8.0,4,10,12,608
8.0,4,10,13,609
8.0,4,10,14,611
8.0,4,10,15,613
8.0,4,11,0,587
8.0,4,11,1,589
8.0,4,11,2,591
8.0,4,11,3,593
8.0,4,11,4,595
8.0,4,11,5,596
8.0,4,11,6,598
8.0,4,11,7,600
8.0,4,11,8,602
8.0,4,11,9,604
8.0,4,11,10,606
8.0,4,11,11,608
8.0,4,11,12,609
8.0,4,11,13,611
8.0,4,11,14,613
8.0,4,11,15,615
8.0,4,12,0,589
8.0,4,12,1,591
8.0,4,12,2,593
8.0,4,12,3,595
8.0,4,12,4,596
8.0,4,12,5,598
8.0,4,12,6,600
8.0,4,12,7,602
8.0,4,12,8,604
8.0,4,12,9,606
8.0,4,12,10,608
8.0,4,12,11,609
8.0,4,12,12,611
8.0,4,12,13,613
8.0,4,12,14,615
8.0,4,12,15,617
8.0,4,13,0,591
8.0,4,13,1,593
8.0,4,13,2,595
8.0,4,13,3,596
8.0,4,13,4,598
8.0,4,13,5,600
8.0,4,13,6,602
8.0,4,13,7,604
8.0,4,13,8,606
8.0,4,13,9,608
8.0,4,13,10,610
8.0,4,13,11,611
8.0,4,13,12,613
8.0,4,13,13,615
8.0,4,13,14,617
8.0,4,13,15,619
8.0,4,14,0,593
8.0,4,14,1,594
8.0,4,14,2,596
8.0,4,14,3,598
8.0,4,14,4,600
8.0,4,14,5,602
8.0,4,14,6,604
8.0,4,14,7,606
8.0,4,14,8,608
8.0,4,14,9,610
8.0,4,14,10,611
8.0,4,14,11,613
8.0,4,14,12,615
8.0,4,14,13,617
8.0,4,14,14,619
8.0,4,14,15,621
8.0,4,15,0,594
8.0,4,15,1,596
8.0,4,15,2,598
8.0,4,15,3,600
8.0,4,15,4,602
8.0,4,15,5,604
8.0,4,15,6,606
8.0,4,15,7,608
8.0,4,15,8,610
8.0,4,15,9,611
8.0,4,15,10,613
8.0,4,15,11,615
8.0,4,15,12,617
8.0,4,15,13,619
8.0,4,15,14,621
8.0,4,15,15,623
8.0,5,0,0,569
8.0,5,0,1,571
8.0,5,0,2,572
8.0,5,0,3,574
8.0,5,0,4,576
8.0,5,0,5,578
8.0,5,0,6,580
8.0,5,0,7,581
8.0,5,0,8,583
8.0,5,0,9,585
8.0,5,0,10,587
8.0,5,0,11,589
8.0,5,0,12,590
8.0,5,0,13,592
8.0,5,0,14,594
8.0,5,0,15,596
8.0,5,1,0,571
8.0,5,1,1,572
8.0,5,1,2,574
8.0,5,1,3,576
8.0,5,1,4,578
8.0,5,1,5,580
8.0,5,1,6,582
8.0,5,1,7,583
8.0,5,1,8,585
8.0,5,1,9,587
8.0,5,1,10,589
8.0,5,1,11,591
8.0,5,1,12,592
8.0,5,1,13,594
8.0,5,1,14,596
8.0,5,1,15,598
8.0,5,2,0,572
8.0,5,2,1,574
8.0,5,2,2,576
8.0,5,2,3,578
8.0,5,2,4,580
8.0,5,2,5,582
8.0,5,2,6,583
8.0,5,2,7,585
8.0,5,2,8,587
8.0,5,2,9,589
8.0,5,2,10,591
8.0,5,2,11,592
8.0,5,2,12,594
8.0,5,2,13,596
8.0,5,2,14,598
8.0,5,2,15,600
8.0,5,3,0,574
8.0,5,3,1,576
8.0,5,3,2,578
8.0,5,3,3,580
8.0,5,3,4,582
8.0,5,3,5,584
8.0,5,3,6,585
8.0,5,3,7,587
8.0,5,3,8,589
8.0,5,3,9,591
8.0,5,3,10,593
8.0,5,3,11,594
8.0,5,3,12,596
8.0,5,3,13,598
8.0,5,3,14,600
8.0,5,3,15,602
8.0,5,4,0,576
8.0,5,4,1,578
8.0,5,4,2,580
8.0,5,4,3,582
8.0,5,4,4,584
8.0,5,4,5,585
8.0,5,4,6,587
8.0,5,4,7,589
8.0,5,4,8,591
8.0,5,4,9,593
8.0,5,4,10,595
8.0,5,4,11,596
8.0,5,4,12,598
8.0,5,4,13,600
8.0,5,4,14,602
8.0,5,4,15,604
8.0,5,5,0,578
8.0,5,5,1,580
8.0,5,5,2,582
8.0,5,5,3,584
8.0,5,5,4,586
8.0,5,5,5,587
8.0,5,5,6,589
8.0,5,5,7,591
8.0,5,5,8,593
8.0,5,5,9,595
8.0,5,5,10,597
8.0,5,5,11,598
8.0,5,5,12,600
8.0,5,5,13,602
8.0,5,5,14,604
8.0,5,5,15,606
8.0,5,6,0,580
8.0,5,6,1,582
8.0,5,6,2,584
8.0,5,6,3,586
8.0,5,6,4,587
8.0,5,6,5,589
8.0,5,6,6,591
8.0,5,6,7,593
8.0,5,6,8,595
8.0,5,6,9,597
8.0,5,6,10,598
8.0,5,6,11,600
8.0,5,6,12,602
8.0,5,6,13,604
8.0,5,6,14,606
8.0,5,6,15,607
8.0,5,7,0,582
8.0,5,7,1,584
8.0,5,7,2,586
8.0,5,7,3,588
8.0,5,7,4,589
8.0,5,7,5,591
8.0,5,7,6,593
8.0,5,7,7,595
8.0,5,7,8,597
8.0,5,7,9,599
8.0,5,7,10,600
8.0,5,7,11,602
8.0,5,7,12,604
8.0,5,7,13,606
8.0,5,7,14,608
8.0,5,7,15,609
8.0,5,8,0,584
8.0,5,8,1,586
8.0,5,8,2,588
8.0,5,8,3,589
8.0,5,8,4,591
8.0,5,8,5,593
8.0,5,8,6,595
8.0,5,8,7,597
8.0,5,8,8,599
8.0,5,8,9,600
8.0,5,8,10,602
8.0,5,8,11,604
8.0,5,8,12,606
8.0,5,8,13,608
8.0,5,8,14,610
8.0,5,8,15,611
8.0,5,9,0,586
8.0,5,9,1,588
8.0,5,9,2,589
8.0,5,9,3,591
8.0,5,9,4,593
8.0,5,9,5,595
8.0,5,9,6,597
8.0,5,9,7,599
8.0,5,9,8,601
8.0,5,9,9,602
8.0,5,9,10,604
8.0,5,9,11,606
8.0,5,9,12,608
8.0,5,9,13,610
8.0,5,9,14,612
8.0,5,9,15,613
8.0,5,10,0,587
8.0,5,10,1,589
8.0,5,10,2,591
8.0,5,10,3,593
8.0,5,10,4,595
8.0,5,10,5,597
8.0,5,10,6,599
8.0,5,10,7,601
8.0,5,10,8,602
8.0,5,10,9,604
8.0,5,10,10,606
8.0,5,10,11,608
8.0,5,10,12,610
8.0,5,10,13,612
8.0,5,10,14,613
8.0,5,10,15,615
8.0,5,11,0,589
8.0,5,11,1,591
8.0,5,11,2,593
8.0,5,11,3,595
8.0,5,11,4,597
8.0,5,11,5,599
8.0,5,11,6,601
8.0,5,11,7,602
8.0,5,11,8,604
8.0,5,11,9,606
8.0,5,11,10,608
8.0,5,11,11,610
8.0,5,11,12,612
8.0,5,11,13,614
8.0,5,11,14,615
8.0,5,11,15,617
8.0,5,12,0,591
8.0,5,12,1,593
8.0,5,12,2,595
8.0,5,12,3,597
8.0,5,12,4,599
8.0,5,12,5,601
8.0,5,12,6,602
8.0,5,12,7,604
8.0,5,12,8,606
8.0,5,12,9,608
8.0,5,12,10,610
8.0,5,12,11,612
8.0,5,12,12,614
8.0,5,12,13,615
8.0,5,12,14,617
8.0,5,12,15,619
8.0,5,13,0,593
8.0,5,13,1,595
8.0,5,13,2,597
8.0,5,13,3,599
8.0,5,13,4,601
8.0,5,13,5,602
8.0,5,13,6,604
8.0,5,13,7,606
8.0,5,13,8,608
8.0,5,13,9,610
8.0,5,13,10,612
8.0,5,13,11,614
8.0,5,13,12,616
8.0,5,13,13,617
8.0,5,13,14,619
8.0,5,13,15,621
8.0,5,14,0,595
8.0,5,14,1,597
8.0,5,14,2,599
8.0,5,14,3,601
8.0,5,14,4,602
8.0,5,14,5,604
8.0,5,14,6,606
8.0,5,14,7,608
8.0,5,14,8,610
8.0,5,14,9,612
8.0,5,14,10,614
8.0,5,14,11,616
8.0,5,14,12,617
8.0,5,14,13,619
8.0,5,14,14,621
8.0,5,14,15,623
8.0,5,15,0,597
8.0,5,15,1,599
8.0,5,15,2,600
8.0,5,15,3,602
8.0,5,15,4,604
8.0,5,15,5,606
8.0,5,15,6,608
8.0,5,15,7,610
8.0,5,15,8,612
8.0,5,15,9,614
8.0,5,15,10,616
8.0,5,15,11,617
8.0,5,15,12,619
8.0,5,15,13,621
8.0,5,15,14,623
8.0,5,15,15,625
8.0,6,0,0,571
8.0,6,0,1,573
8.0,6,0,2,574
8.0,6,0,3,576
8.0,6,0,4,578
8.0,6,0,5,580
8.0,6,0,6,582
8.0,6,0,7,584
8.0,6,0,8,585
8.0,6,0,9,587
8.0,6,0,10,589
8.0,6,0,11,591
8.0,6,0,12,593
8.0,6,0,13,594
8.0,6,0,14,596
8.0,6,0,15,598
8.0,6,1,0,573
8.0,6,1,1,575
8.0,6,1,2,576
8.0,6,1,3,578
8.0,6,1,4,580
8.0,6,1,5,582
8.0,6,1,6,584
8.0,6,1,7,586
8.0,6,1,8,587
8.0,6,1,9,589
8.0,6,1,10,591
8.0,6,1,11,593
8.0,6,1,12,595
8.0,6,1,13,596
8.0,6,1,14,598
8.0,6,1,15,600
8.0,6,2,0,575
8.0,6,2,1,576
8.0,6,2,2,578
8.0,6,2,3,580
8.0,6,2,4,582
8.0,6,2,5,584
8.0,6,2,6,586
8.0,6,2,7,587
8.0,6,2,8,589
8.0,6,2,9,591
8.0,6,2,10,593
8.0,6,2,11,595
8.0,6,2,12,596
8.0,6,2,13,598
8.0,6,2,14,600
8.0,6,2,15,602
8.0,6,3,0,577
8.0,6,3,1,578
8.0,6,3,2,580
8.0,6,3,3,582
8.0,6,3,4,584
8.0,6,3,5,586
8.0,6,3,6,588
8.0,6,3,7,589
8.0,6,3,8,591
8.0,6,3,9,593
8.0,6,3,10,595
8.0,6,3,11,597
8.0,6,3,12,598
8.0,6,3,13,600
8.0,6,3,14,602
8.0,6,3,15,604
8.0,6,4,0,578
8.0,6,4,1,580
8.0,6,4,2,582
8.0,6,4,3,584
8.0,6,4,4,586
8.0,6,4,5,588
8.0,6,4,6,590
8.0,6,4,7,591
8.0,6,4,8,593
8.0,6,4,9,595
8.0,6,4,10,597
8.0,6,4,11,599
8.0,6,4,12,600
8.0,6,4,13,602
8.0,6,4,14,604
8.0,6,4,15,606
8.0,6,5,0,580
8.0,6,5,1,582
8.0,6,5,2,584
8.0,6,5,3,586
8.0,6,5,4,588
8.0,6,5,5,590
8.0,6,5,6,591
8.0,6,5,7,593
8.0,6,5,8,595
8.0,6,5,9,597
8.0,6,5,10,599
8.0,6,5,11,601
8.0,6,5,12,602
8.0,6,5,13,604
8.0,6,5,14,606
8.0,6,5,15,608
8.0,6,6,0,582
8.0,6,6,1,584
8.0,6,6,2,586
8.0,6,6,3,588
8.0,6,6,4,590
8.0,6,6,5,592
8.0,6,6,6,593
8.0,6,6,7,595
8.0,6,6,8,597
8.0,6,6,9,599
8.0,6,6,10,601
8.0,6,6,11,603
8.0,6,6,12,604
8.0,6,6,13,606
8.0,6,6,14,608
8.0,6,6,15,610
8.0,6,7,0,584
8.0,6,7,1,586
8.0,6,7,2,588
8.0,6,7,3,590
8.0,6,7,4,592
8.0,6,7,5,593
8.0,6,7,6,595
8.0,6,7,7,597
8.0,6,7,8,599
8.0,6,7,9,601
8.0,6,7,10,603
8.0,6,7,11,604
8.0,6,7,12,606
8.0,6,7,13,608
8.0,6,7,14,610
8.0,6,7,15,612
8.0,6,8,0,586
8.0,6,8,1,588
8.0,6,8,2,590
8.0,6,8,3,592
8.0,6,8,4,593
8.0,6,8,5,595
8.0,6,8,6,597
8.0,6,8,7,599
8.0,6,8,8,601
8.0,6,8,9,603
8.0,6,8,10,605
8.0,6,8,11,606
8.0,6,8,12,608
8.0,6,8,13,610
8.0,6,8,14,612
8.0,6,8,15,614
8.0,6,9,0,588
8.0,6,9,1,590
8.0,6,9,2,592
8.0,6,9,3,593
8.0,6,9,4,595
8.0,6,9,5,597
8.0,6,9,6,599
8.0,6,9,7,601
8.0,6,9,8,603
8.0,6,9,9,605
8.0,6,9,10,607
8.0,6,9,11,608
8.0,6,9,12,610
8.0,6,9,13,612
8.0,6,9,14,614
8.0,6,9,15,616
8.0,6,10,0,590
8.0,6,10,1,592
8.0,6,10,2,593
8.0,6,10,3,595
8.0,6,10,4,597
8.0,6,10,5,599
8.0,6,10,6,601
8.0,6,10,7,603
8.0,6,10,8,605
8.0,6,10,9,607
8.0,6,10,10,608
8.0,6,10,11,610
8.0,6,10,12,612
8.0,6,10,13,614
8.0,6,10,14,616
8.0,6,10,15,618
8.0,6,11,0,592
8.0,6,11,1,593
8.0,6,11,2,595
8.0,6,11,3,597
8.0,6,11,4,599
8.0,6,11,5,601
8.0,6,11,6,603
8.0,6,11,7,605
8.0,6,11,8,607
8.0,6,11,9,608
8.0,6,11,10,610
8.0,6,11,11,612
8.0,6,11,12,614
8.0,6,11,13,616
8.0,6,11,14,618
8.0,6,11,15,620
8.0,6,12,0,593
8.0,6,12,1,595
8.0,6,12,2,597
8.0,6,12,3,599
8.0,6,12,4,601
8.0,6,12,5,603
8.0,6,12,6,605
8.0,6,12,7,607
8.0,6,12,8,609
8.0,6,12,9,610
8.0,6,12,10,612
8.0,6,12,11,614
8.0,6,12,12,616
8.0,6,12,13,618
8.0,6,12,14,620
8.0,6,12,15,621
8.0,6,13,0,595
8.0,6,13,1,597
8.0,6,13,2,599
8.0,6,13,3,601
8.0,6,13,4,603
8.0,6,13,5,605
8.0,6,13,6,607
8.0,6,13,7,609
8.0,6,13,8,610
8.0,6,13,9,612
8.0,6,13,10,614
8.0,6,13,11,616
8.0,6,13,12,618
8.0,6,13,13,620
8.0,6,13,14,622
8.0,6,13,15,623
8.0,6,14,0,597
8.0,6,14,1,599
8.0,6,14,2,601
8.0,6,14,3,603
8.0,6,14,4,605
8.0,6,14,5,607
8.0,6,14,6,609
8.0,6,14,7,610
8.0,6,14,8,612
8.0,6,14,9,614
8.0,6,14,10,616
8.0,6,14,11,618
8.0,6,14,12,620
8.0,6,14,13,622
8.0,6,14,14,623
8.0,6,14,15,625
8.0,6,15,0,599
8.0,6,15,1,601
8.0,6,15,2,603
8.0,6,15,3,605
8.0,6,15,4,607
8.0,6,15,5,608
8.0,6,15,6,610
8.0,6,15,7,612
8.0,6,15,8,614
8.0,6,15,9,616
8.0,6,15,10,618
8.0,6,15,11,620
8.0,6,15,12,622
8.0,6,15,13,624
8.0,6,15,14,625
8.0,6,15,15,627
8.0,7,0,0,573
8.0,7,0,1,575
8.0,7,0,2,577
8.0,7,0,3,578
8.0,7,0,4,580
8.0,7,0,5,582
8.0,7,0,6,584
8.0,7,0,7,586
8.0,7,0,8,588
8.0,7,0,9,589
8.0,7,0,10,591
8.0,7,0,11,593
8.0,7,0,12,595
8.0,7,0,13,597
8.0,7,0,14,598
8.0,7,0,15,600
8.0,7,1,0,575
8.0,7,1,1,577
8.0,7,1,2,579
8.0,7,1,3,580
8.0,7,1,4,582
8.0,7,1,5,584
8.0,7,1,6,586
8.0,7,1,7,588
8.0,7,1,8,590
8.0,7,1,9,591
8.0,7,1,10,593
8.0,7,1,11,595
8.0,7,1,12,597
8.0,7,1,13,599
8.0,7,1,14,600
8.0,7,1,15,602
8.0,7,2,0,577
8.0,7,2,1,579
8.0,7,2,2,581
8.0,7,2,3,582
8.0,7,2,4,584
8.0,7,2,5,586
8.0,7,2,6,588
8.0,7,2,7,590
8.0,7,2,8,592
8.0,7,2,9,593
8.0,7,2,10,595
8.0,7,2,11,597
8.0,7,2,12,599
8.0,7,2,13,601
8.0,7,2,14,602
8.0,7,2,15,604
8.0,7,3,0,579
8.0,7,3,1,581
8.0,7,3,2,582
8.0,7,3,3,584
8.0,7,3,4,586
8.0,7,3,5,588
8.0,7,3,6,590
8.0,7,3,7,592
8.0,7,3,8,593
8.0,7,3,9,595
8.0,7,3,10,597
8.0,7,3,11,599
8.0,7,3,12,601
8.0,7,3,13,603
8.0,7,3,14,604
8.0,7,3,15,606
8.0,7,4,0,581
8.0,7,4,1,582
8.0,7,4,2,584
8.0,7,4,3,586
8.0,7,4,4,588
8.0,7,4,5,590
8.0,7,4,6,592
8.0,7,4,7,594
8.0,7,4,8,595
8.0,7,4,9,597
8.0,7,4,10,599
8.0,7,4,11,601
8.0,7,4,12,603
8.0,7,4,13,604
8.0,7,4,14,606
8.0,7,4,15,608
8.0,7,5,0,583
8.0,7,5,1,584
8.0,7,5,2,586
8.0,7,5,3,588
8.0,7,5,4,590
8.0,7,5,5,592
8.0,7,5,6,594
8.0,7,5,7,596
8.0,7,5,8,597
8.0,7,5,9,599
8.0,7,5,10,601
8.0,7,5,11,603
8.0,7,5,12,605
8.0,7,5,13,606
8.0,7,5,14,608
8.0,7,5,15,610
8.0,7,6,0,584
8.0,7,6,1,586
8.0,7,6,2,588
8.0,7,6,3,590
8.0,7,6,4,592
8.0,7,6,5,594
8.0,7,6,6,596
8.0,7,6,7,597
8.0,7,6,8,599
8.0,7,6,9,601
8.0,7,6,10,603
8.0,7,6,11,605
8.0,7,6,12,607
8.0,7,6,13,608
8.0,7,6,14,610
8.0,7,6,15,612
8.0,7,7,0,586
8.0,7,7,1,588
8.0,7,7,2,590
8.0,7,7,3,592
8.0,7,7,4,594
8.0,7,7,5,596
8.0,7,7,6,598
8.0,7,7,7,599
8.0,7,7,8,601
8.0,7,7,9,603
8.0,7,7,10,605
8.0,7,7,11,607
8.0,7,7,12,609
8.0,7,7,13,610
8.0,7,7,14,612
8.0,7,7,15,614
8.0,7,8,0,588
8.0,7,8,1,590
8.0,7,8,2,592
8.0,7,8,3,594
8.0,7,8,4,596
8.0,7,8,5,598
8.0,7,8,6,599
8.0,7,8,7,601
8.0,7,8,8,603
8.0,7,8,9,605
8.0,7,8,10,607
8.0,7,8,11,609
8.0,7,8,12,611
8.0,7,8,13,612
8.0,7,8,14,614
8.0,7,8,15,616
8.0,7,9,0,590
8.0,7,9,1,592
8.0,7,9,2,594
8.0,7,9,3,596
8.0,7,9,4,598
8.0,7,9,5,599
8.0,7,9,6,601
8.0,7,9,7,603
8.0,7,9,8,605
8.0,7,9,9,607
8.0,7,9,10,609
8.0,7,9,11,611
8.0,7,9,12,612
8.0,7,9,13,614
8.0,7,9,14,616
8.0,7,9,15,618
8.0,7,10,0,592
8.0,7,10,1,594
8.0,7,10,2,596
8.0,7,10,3,598
8.0,7,10,4,599
8.0,7,10,5,601
8.0,7,10,6,603
8.0,7,10,7,605
8.0,7,10,8,607
8.0,7,10,9,609
8.0,7,10,10,611
8.0,7,10,11,613
8.0,7,10,12,614
8.0,7,10,13,616
8.0,7,10,14,618
8.0,7,10,15,620
8.0,7,11,0,594
8.0,7,11,1,596
8.0,7,11,2,598
8.0,7,11,3,599
8.0,7,11,4,601
8.0,7,11,5,603
8.0,7,11,6,605
8.0,7,11,7,607
8.0,7,11,8,609
8.0,7,11,9,611
8.0,7,11,10,613
8.0,7,11,11,614
8.0,7,11,12,616
8.0,7,11,13,618
8.0,7,11,14,620
8.0,7,11,15,622
8.0,7,12,0,596
8.0,7,12,1,598
8.0,7,12,2,599
8.0,7,12,3,601
8.0,7,12,4,603
8.0,7,12,5,605
8.0,7,12,6,607
8.0,7,12,7,609
8.0,7,12,8,611
8.0,7,12,9,613
8.0,7,12,10,615
8.0,7,12,11,616
8.0,7,12,12,618
8.0,7,12,13,620
8.0,7,12,14,622
8.0,7,12,15,624
8.0,7,13,0,597
8.0,7,13,1,599
8.0,7,13,2,601
8.0,7,13,3,603
8.0,7,13,4,605
8.0,7,13,5,607
8.0,7,13,6,609
8.0,7,13,7,611
8.0,7,13,8,613
8.0,7,13,9,615
8.0,7,13,10,616
8.0,7,13,11,618
8.0,7,13,12,620
8.0,7,13,13,622
8.0,7,13,14,624
8.0,7,13,15,626
8.0,7,14,0,599
8.0,7,14,1,601
8.0,7,14,2,603
8.0,7,14,3,605
8.0,7,14,4,607
8.0,7,14,5,609
8.0,7,14,6,611
8.0,7,14,7,613
8.0,7,14,8,615
8.0,7,14,9,616
8.0,7,14,10,618
8.0,7,14,11,620
8.0,7,14,12,622
8.0,7,14,13,624
8.0,7,14,14,626
8.0,7,14,15,628
8.0,7,15,0,601
8.0,7,15,1,603
8.0,7,15,2,605
8.0,7,15,3,607
8.0,7,15,4,609
8.0,7,15,5,611
8.0,7,15,6,613
8.0,7,15,7,615
8.0,7,15,8,616
8.0,7,15,9,618
8.0,7,15,10,620
8.0,7,15,11,622
8.0,7,15,12,624
8.0,7,15,13,626
8.0,7,15,14,628
8.0,7,15,15,630
8.0,8,0,0,575
8.0,8,0,1,577
8.0,8,0,2,579
8.0,8,0,3,581
8.0,8,0,4,582
8.0,8,0,5,584
8.0,8,0,6,586
8.0,8,0,7,588
8.0,8,0,8,590
8.0,8,0,9,592
8.0,8,0,10,593
8.0,8,0,11,595
8.0,8,0,12,597
8.0,8,0,13,599
8.0,8,0,14,601
8.0,8,0,15,602
8.0,8,1,0,577
8.0,8,1,1,579
8.0,8,1,2,581
8.0,8,1,3,583
8.0,8,1,4,584
8.0,8,1,5,586
8.0,8,1,6,588
8.0,8,1,7,590
8.0,8,1,8,592
8.0,8,1,9,594
8.0,8,1,10,595
8.0,8,1,11,597
8.0,8,1,12,599
8.0,8,1,13,601
8.0,8,1,14,603
8.0,8,1,15,604
8.0,8,2,0,579
8.0,8,2,1,581
8.0,8,2,2,583
8.0,8,2,3,585
8.0,8,2,4,586
8.0,8,2,5,588
8.0,8,2,6,590
8.0,8,2,7,592
8.0,8,2,8,594
8.0,8,2,9,596
8.0,8,2,10,597
8.0,8,2,11,599
8.0,8,2,12,601
8.0,8,2,13,603
8.0,8,2,14,605
8.0,8,2,15,606
8.0,8,3,0,581
8.0,8,3,1,583
8.0,8,3,2,585
8.0,8,3,3,586
8.0,8,3,4,588
8.0,8,3,5,590
8.0,8,3,6,592
8.0,8,3,7,594
8.0,8,3,8,596
8.0,8,3,9,598
8.0,8,3,10,599
8.0,8,3,11,601
8.0,8,3,12,603
8.0,8,3,13,605
8.0,8,3,14,607
8.0,8,3,15,608
8.0,8,4,0,583
8.0,8,4,1,585
8.0,8,4,2,587
8.0,8,4,3,588
8.0,8,4,4,590
8.0,8,4,5,592
8.0,8,4,6,594
8.0,8,4,7,596
8.0,8,4,8,598
8.0,8,4,9,599
8.0,8,4,10,601
8.0,8,4,11,603
8.0,8,4,12,605
8.0,8,4,13,607
8.0,8,4,14,609
8.0,8,4,15,610
8.0,8,5,0,585
8.0,8,5,1,587
8.0,8,5,2,588
8.0,8,5,3,590
8.0,8,5,4,592
8.0,8,5,5,594
8.0,8,5,6,596
8.0,8,5,7,598
8.0,8,5,8,600
8.0,8,5,9,601
8.0,8,5,10,603
8.0,8,5,11,605
8.0,8,5,12,607
8.0,8,5,13,609
8.0,8,5,14,611
8.0,8,5,15,612
8.0,8,6,0,587
8.0,8,6,1,588
8.0,8,6,2,590
8.0,8,6,3,592
8.0,8,6,4,594
8.0,8,6,5,596
8.0,8,6,6,598
8.0,8,6,7,600
8.0,8,6,8,602
8.0,8,6,9,603
8.0,8,6,10,605
8.0,8,6,11,607
8.0,8,6,12,609
8.0,8,6,13,611
8.0,8,6,14,613
8.0,8,6,15,614
8.0,8,7,0,588
8.0,8,7,1,590
8.0,8,7,2,592
8.0,8,7,3,594
8.0,8,7,4,596
8.0,8,7,5,598
8.0,8,7,6,600
8.0,8,7,7,602
8.0,8,7,8,603
8.0,8,7,9,605
8.0,8,7,10,607
8.0,8,7,11,609
8.0,8,7,12,611
8.0,8,7,13,613
8.0,8,7,14,614
8.0,8,7,15,616
8.0,8,8,0,590
8.0,8,8,1,592
8.0,8,8,2,594
8.0,8,8,3,596
8.0,8,8,4,598
8.0,8,8,5,600
8.0,8,8,6,602
8.0,8,8,7,604
8.0,8,8,8,605
8.0,8,8,9,607
8.0,8,8,10,609
8.0,8,8,11,611
8.0,8,8,12,613
8.0,8,8,13,615
8.0,8,8,14,616
8.0,8,8,15,618
8.0,8,9,0,592
8.0,8,9,1,594
8.0,8,9,2,596
8.0,8,9,3,598
8.0,8,9,4,600
8.0,8,9,5,602
8.0,8,9,6,604
8.0,8,9,7,605
8.0,8,9,8,607
8.0,8,9,9,609
8.0,8,9,10,611
8.0,8,9,11,613
8.0,8,9,12,615
8.0,8,9,13,617
8.0,8,9,14,618
8.0,8,9,15,620
8.0,8,10,0,594
8.0,8,10,1,596
8.0,8,10,2,598
8.0,8,10,3,600
8.0,8,10,4,602
8.0,8,10,5,604
8.0,8,10,6,605
8.0,8,10,7,607
8.0,8,10,8,609
8.0,8,10,9,611
8.0,8,10,10,613
8.0,8,10,11,615
8.0,8,10,12,617
8.0,8,10,13,619
8.0,8,10,14,620
8.0,8,10,15,622
8.0,8,11,0,596
8.0,8,11,1,598
8.0,8,11,2,600
8.0,8,11,3,602
8.0,8,11,4,604
8.0,8,11,5,606
8.0,8,11,6,607
8.0,8,11,7,609
8.0,8,11,8,611
8.0,8,11,9,613
8.0,8,11,10,615
8.0,8,11,11,617
8.0,8,11,12,619
8.0,8,11,13,620
8.0,8,11,14,622
8.0,8,11,15,624
8.0,8,12,0,598
8.0,8,12,1,600
8.0,8,12,2,602
8.0,8,12,3,604
8.0,8,12,4,605
8.0,8,12,5,607
8.0,8,12,6,609
8.0,8,12,7,611
8.0,8,12,8,613
8.0,8,12,9,615
8.0,8,12,10,617
8.0,8,12,11,619
8.0,8,12,12,621
8.0,8,12,13,622
8.0,8,12,14,624
8.0,8,12,15,626
8.0,8,13,0,600
8.0,8,13,1,602
8.0,8,13,2,604
8.0,8,13,3,605
8.0,8,13,4,607
8.0,8,13,5,609
8.0,8,13,6,611
8.0,8,13,7,613
8.0,8,13,8,615
8.0,8,13,9,617
8.0,8,13,10,619
8.0,8,13,11,621
8.0,8,13,12,622
8.0,8,13,13,624
8.0,8,13,14,626
8.0,8,13,15,628
8.0,8,14,0,602
8.0,8,14,1,603
8.0,8,14,2,605
8.0,8,14,3,607
8.0,8,14,4,609
8.0,8,14,5,611
8.0,8,14,6,613
8.0,8,14,7,615
8.0,8,14,8,617
8.0,8,14,9,619
8.0,8,14,10,621
8.0,8,14,11,623
8.0,8,14,12,624
8.0,8,14,13,626
8.0,8,14,14,628
8.0,8,14,15,630
8.0,8,15,0,603
8.0,8,15,1,605
8.0,8,15,2,607
8.0,8,15,3,609
8.0,8,15,4,611
8.0,8,15,5,613
8.0,8,15,6,615
8.0,8,15,7,617
8.0,8,15,8,619
8.0,8,15,9,621
8.0,8,15,10,623
8.0,8,15,11,624
8.0,8,15,12,626
8.0,8,15,13,628
8.0,8,15,14,630
8.0,8,15,15,632
8.0,9,0,0,577
8.0,9,0,1,579
8.0,9,0,2,581
8.0,9,0,3,583
8.0,9,0,4,585
8.0,9,0,5,586
8.0,9,0,6,588
8.0,9,0,7,590
8.0,9,0,8,592
8.0,9,0,9,594
8.0,9,0,10,596
8.0,9,0,11,597
8.0,9,0,12,599
8.0,9,0,13,601
8.0,9,0,14,603
8.0,9,0,15,605
8.0,9,1,0,579
8.0,9,1,1,581
8.0,9,1,2,583
8.0,9,1,3,585
8.0,9,1,4,587
8.0,9,1,5,588
8.0,9,1,6,590
8.0,9,1,7,592
8.0,9,1,8,594
8.0,9,1,9,596
8.0,9,1,10,598
8.0,9,1,11,599
8.0,9,1,12,601
8.0,9,1,13,603
8.0,9,1,14,605
8.0,9,1,15,607
8.0,9,2,0,581
8.0,9,2,1,583
8.0,9,2,2,585
8.0,9,2,3,587
8.0,9,2,4,589
8.0,9,2,5,590
8.0,9,2,6,592
8.0,9,2,7,594
8.0,9,2,8,596
8.0,9,2,9,598
8.0,9,2,10,600
8.0,9,2,11,601
8.0,9,2,12,603
8.0,9,2,13,605
8.0,9,2,14,607
8.0,9,2,15,609
8.0,9,3,0,583
8.0,9,3,1,585
8.0,9,3,2,587
8.0,9,3,3,589
8.0,9,3,4,591
8.0,9,3,5,592
8.0,9,3,6,594
8.0,9,3,7,596
8.0,9,3,8,598
8.0,9,3,9,600
8.0,9,3,10,602
8.0,9,3,11,603
8.0,9,3,12,605
8.0,9,3,13,607
8.0,9,3,14,609
8.0,9,3,15,611
8.0,9,4,0,585
8.0,9,4,1,587
8.0,9,4,2,589
8.0,9,4,3,591
8.0,9,4,4,592
8.0,9,4,5,594
8.0,9,4,6,596
8.0,9,4,7,598
8.0,9,4,8,600
8.0,9,4,9,602
8.0,9,4,10,604
8.0,9,4,11,605
8.0,9,4,12,607
8.0,9,4,13,609
8.0,9,4,14,611
8.0,9,4,15,613
8.0,9,5,0,587
8.0,9,5,1,589
8.0,9,5,2,591
8.0,9,5,3,593
8.0,9,5,4,594
8.0,9,5,5,596
8.0,9,5,6,598
8.0,9,5,7,600
8.0,9,5,8,602
8.0,9,5,9,604
8.0,9,5,10,606
8.0,9,5,11,607
8.0,9,5,12,609
8.0,9,5,13,611
8.0,9,5,14,613
8.0,9,5,15,615
8.0,9,6,0,589
8.0,9,6,1,591
8.0,9,6,2,593
8.0,9,6,3,594
8.0,9,6,4,596
8.0,9,6,5,598
8.0,9,6,6,600
8.0,9,6,7,602
8.0,9,6,8,604
8.0,9,6,9,606
8.0,9,6,10,607
8.0,9,6,11,609
8.0,9,6,12,611
8.0,9,6,13,613
8.0,9,6,14,615
8.0,9,6,15,617
8.0,9,7,0,591
8.0,9,7,1,593
8.0,9,7,2,594
8.0,9,7,3,596
8.0,9,7,4,598
8.0,9,7,5,600
8.0,9,7,6,602
8.0,9,7,7,604
8.0,9,7,8,606
8.0,9,7,9,608
8.0,9,7,10,609
8.0,9,7,11,611
8.0,9,7,12,613
8.0,9,7,13,615
8.0,9,7,14,617
8.0,9,7,15,619
8.0,9,8,0,593
8.0,9,8,1,594
8.0,9,8,2,596
8.0,9,8,3,598
8.0,9,8,4,600
8.0,9,8,5,602
8.0,9,8,6,604
8.0,9,8,7,606
8.0,9,8,8,608
8.0,9,8,9,610
8.0,9,8,10,611
8.0,9,8,11,613
8.0,9,8,12,615
8.0,9,8,13,617
8.0,9,8,14,619
8.0,9,8,15,621
8.0,9,9,0,594
8.0,9,9,1,596
8.0,9,9,2,598
8.0,9,9,3,600
8.0,9,9,4,602
8.0,9,9,5,604
8.0,9,9,6,606
8.0,9,9,7,608
8.0,9,9,8,610
8.0,9,9,9,611
8.0,9,9,10,613
8.0,9,9,11,615
8.0,9,9,12,617
8.0,9,9,13,619
8.0,9,9,14,621
8.0,9,9,15,623
8.0,9,10,0,596
8.0,9,10,1,598
8.0,9,10,2,600
8.0,9,10,3,602
8.0,9,10,4,604
8.0,9,10,5,606
8.0,9,10,6,608
8.0,9,10,7,610
8.0,9,10,8,612
8.0,9,10,9,613
8.0,9,10,10,615
8.0,9,10,11,617
8.0,9,10,12,619
8.0,9,10,13,621
8.0,9,10,14,623
8.0,9,10,15,625
8.0,9,11,0,598
8.0,9,11,1,600
8.0,9,11,2,602
8.0,9,11,3,604
8.0,9,11,4,606
8.0,9,11,5,608
8.0,9,11,6,610
8.0,9,11,7,612
8.0,9,11,8,613
8.0,9,11,9,615
8.0,9,11,10,617
8.0,9,11,11,619
8.0,9,11,12,621
8.0,9,11,13,623
8.0,9,11,14,625
8.0,9,11,15,626
8.0,9,12,0,600
8.0,9,12,1,602
8.0,9,12,2,604
8.0,9,12,3,606
8.0,9,12,4,608
8.0,9,12,5,610
8.0,9,12,6,612
8.0,9,12,7,613
8.0,9,12,8,615
8.0,9,12,9,617
8.0,9,12,10,619
8.0,9,12,11,621
8.0,9,12,12,623
8.0,9,12,13,625
8.0,9,12,14,627
8.0,9,12,15,628
8.0,9,13,0,602
8.0,9,13,1,604
8.0,9,13,2,606
8.0,9,13,3,608
8.0,9,13,4,610
8.0,9,13,5,612
8.0,9,13,6,613
8.0,9,13,7,615
8.0,9,13,8,617
8.0,9,13,9,619
8.0,9,13,10,621
8.0,9,13,11,623
8.0,9,13,12,625
8.0,9,13,13,627
8.0,9,13,14,629
8.0,9,13,15,630
8.0,9,14,0,604
8.0,9,14,1,606
8.0,9,14,2,608
8.0,9,14,3,610
8.0,9,14,4,612
8.0,9,14,5,613
8.0,9,14,6,615
8.0,9,14,7,617
8.0,9,14,8,619
8.0,9,14,9,621
8.0,9,14,10,623
8.0,9,14,11,625
8.0,9,14,12,627
8.0,9,14,13,629
8.0,9,14,14,630
8.0,9,14,15,632
8.0,9,15,0,606
8.0,9,15,1,608
8.0,9,15,2,610
8.0,9,15,3,611
8.0,9,15,4,613
8.0,9,15,5,615
8.0,9,15,6,617
8.0,9,15,7,619
8.0,9,15,8,621
8.0,9,15,9,623
8.0,9,15,10,625
8.0,9,15,11,627
8.0,9,15,12,629
8.0,9,15,13,631
8.0,9,15,14,632
8.0,9,15,15,634
8.0,10,0,0,579
8.0,10,0,1,581
8.0,10,0,2,583
8.0,10,0,3,585
8.0,10,0,4,587
8.0,10,0,5,589
8.0,10,0,6,590
8.0,10,0,7,592
8.0,10,0,8,594
8.0,10,0,9,596
8.0,10,0,10,598
8.0,10,0,11,600
8.0,10,0,12,601
8.0,10,0,13,603
8.0,10,0,14,605
8.0,10,0,15,607
8.0,10,1,0,581
8.0,10,1,1,583
8.0,10,1,2,585
8.0,10,1,3,587
8.0,10,1,4,589
8.0,10,1,5,591
8.0,10,1,6,592
8.0,10,1,7,594
8.0,10,1,8,596
8.0,10,1,9,598
8.0,10,1,10,600
8.0,10,1,11,602
8.0,10,1,12,603
8.0,10,1,13,605
8.0,10,1,14,607
8.0,10,1,15,609
8.0,10,2,0,583
8.0,10,2,1,585
8.0,10,2,2,587
8.0,10,2,3,589
8.0,10,2,4,591
8.0,10,2,5,593
8.0,10,2,6,594
8.0,10,2,7,596
8.0,10,2,8,598
8.0,10,2,9,600
8.0,10,2,10,602
8.0,10,2,11,604
8.0,10,2,12,605
8.0,10,2,13,607
8.0,10,2,14,609
8.0,10,2,15,611
8.0,10,3,0,585
8.0,10,3,1,587
8.0,10,3,2,589
8.0,10,3,3,591
8.0,10,3,4,593
8.0,10,3,5,595
8.0,10,3,6,596
8.0,10,3,7,598
8.0,10,3,8,600
8.0,10,3,9,602
8.0,10,3,10,604
8.0,10,3,11,606
8.0,10,3,12,607
8.0,10,3,13,609
8.0,10,3,14,611
8.0,10,3,15,613
8.0,10,4,0,587
8.0,10,4,1,589
8.0,10,4,2,591
8.0,10,4,3,593
8.0,10,4,4,595
8.0,10,4,5,597
8.0,10,4,6,598
8.0,10,4,7,600
8.0,10,4,8,602
8.0,10,4,9,604
8.0,10,4,10,606
8.0,10,4,11,608
8.0,10,4,12,609
8.0,10,4,13,611
8.0,10,4,14,613
8.0,10,4,15,615
8.0,10,5,0,589
8.0,10,5,1,591
8.0,10,5,2,593
8.0,10,5,3,595
8.0,10,5,4,597
8.0,10,5,5,598
8.0,10,5,6,600
8.0,10,5,7,602
8.0,10,5,8,604
8.0,10,5,9,606
8.0,10,5,10,608
8.0,10,5,11,610
8.0,10,5,12,611
8.0,10,5,13,613
8.0,10,5,14,615
8.0,10,5,15,617
8.0,10,6,0,591
8.0,10,6,1,593
8.0,10,6,2,595
8.0,10,6,3,597
8.0,10,6,4,599
8.0,10,6,5,600
8.0,10,6,6,602
8.0,10,6,7,604
8.0,10,6,8,606
8.0,10,6,9,608
8.0,10,6,10,610
8.0,10,6,11,612
8.0,10,6,12,613
8.0,10,6,13,615
8.0,10,6,14,617
8.0,10,6,15,619
8.0,10,7,0,593
8.0,10,7,1,595
8.0,10,7,2,597
8.0,10,7,3,599
8.0,10,7,4,600
8.0,10,7,5,602
8.0,10,7,6,604
8.0,10,7,7,606
8.0,10,7,8,608
8.0,10,7,9,610
8.0,10,7,10,612
8.0,10,7,11,614
8.0,10,7,12,615
8.0,10,7,13,617
8.0,10,7,14,619
8.0,10,7,15,621
8.0,10,8,0,595
8.0,10,8,1,597
8.0,10,8,2,599
8.0,10,8,3,600
8.0,10,8,4,602
8.0,10,8,5,604
8.0,10,8,6,606
8.0,10,8,7,608
8.0,10,8,8,610
8.0,10,8,9,612
8.0,10,8,10,614
8.0,10,8,11,616
8.0,10,8,12,617
8.0,10,8,13,619
8.0,10,8,14,621
8.0,10,8,15,623
8.0,10,9,0,597
8.0,10,9,1,599
8.0,10,9,2,600
8.0,10,9,3,602
8.0,10,9,4,604
8.0,10,9,5,606
8.0,10,9,6,608
8.0,10,9,7,610
8.0,10,9,8,612
8.0,10,9,9,614
8.0,10,9,10,616
8.0,10,9,11,617
8.0,10,9,12,619
8.0,10,9,13,621
8.0,10,9,14,623
8.0,10,9,15,625
8.0,10,10,0,599
8.0,10,10,1,600
8.0,10,10,2,602
8.0,10,10,3,604
8.0,10,10,4,606
8.0,10,10,5,608
8.0,10,10,6,610
8.0,10,10,7,612
8.0,10,10,8,614
8.0,10,10,9,616
8.0,10,10,10,618
8.0,10,10,11,619
8.0,10,10,12,621
8.0,10,10,13,623
8.0,10,10,14,625
8.0,10,10,15,627
8.0,10,11,0,600
8.0,10,11,1,602
8.0,10,11,2,604
8.0,10,11,3,606
8.0,10,11,4,608
8.0,10,11,5,610
8.0,10,11,6,612
8.0,10,11,7,614
8.0,10,11,8,616
8.0,10,11,9,618
8.0,10,11,10,619
8.0,10,11,11,621
8.0,10,11,12,623
8.0,10,11,13,625
8.0,10,11,14,627
8.0,10,11,15,629
8.0,10,12,0,602
8.0,10,12,1,604
8.0,10,12,2,606
8.0,10,12,3,608
8.0,10,12,4,610
8.0,10,12,5,612
8.0,10,12,6,614
8.0,10,12,7,616
8.0,10,12,8,618
8.0,10,12,9,620
8.0,10,12,10,621
8.0,10,12,11,623
8.0,10,12,12,625
8.0,10,12,13,627
8.0,10,12,14,629
8.0,10,12,15,631
8.0,10,13,0,604
8.0,10,13,1,606
8.0,10,13,2,608
8.0,10,13,3,610
8.0,10,13,4,612
8.0,10,13,5,614
8.0,10,13,6,616
8.0,10,13,7,618
8.0,10,13,8,620
8.0,10,13,9,621
8.0,10,13,10,623
8.0,10,13,11,625
8.0,10,13,12,627
8.0,10,13,13,629
8.0,10,13,14,631
8.0,10,13,15,633
8.0,10,14,0,606
8.0,10,14,1,608
8.0,10,14,2,610
8.0,10,14,3,612
8.0,10,14,4,614
8.0,10,14,5,616
8.0,10,14,6,618
8.0,10,14,7,620
8.0,10,14,8,621
8.0,10,14,9,623
8.0,10,14,10,625
8.0,10,14,11,627
8.0,10,14,12,629
8.0,10,14,13,631
8.0,10,14,14,633
8.0,10,14,15,635
8.0,10,15,0,608
8.0,10,15,1,610
8.0,10,15,2,612
8.0,10,15,3,614
8.0,10,15,4,616
8.0,10,15,5,618
8.0,10,15,6,620
8.0,10,15,7,621
8.0,10,15,8,623
8.0,10,15,9,625
8.0,10,15,10,627
8.0,10,15,11,629
8.0,10,15,12,631
8.0,10,15,13,633
8.0,10,15,14,635
8.0,10,15,15,637
8.0,11,0,0,582
8.0,11,0,1,583
8.0,11,0,2,585
8.0,11,0,3,587
8.0,11,0,4,589
8.0,11,0,5,591
8.0,11,0,6,593
8.0,11,0,7,595
8.0,11,0,8,596
8.0,11,0,9,598
8.0,11,0,10,600
8.0,11,0,11,602
8.0,11,0,12,604
8.0,11,0,13,605
8.0,11,0,14,607
8.0,11,0,15,609
8.0,11,1,0,583
8.0,11,1,1,585
8.0,11,1,2,587
8.0,11,1,3,589
8.0,11,1,4,591
8.0,11,1,5,593
8.0,11,1,6,595
8.0,11,1,7,597
8.0,11,1,8,598
8.0,11,1,9,600
8.0,11,1,10,602
8.0,11,1,11,604
8.0,11,1,12,606
8.0,11,1,13,607
8.0,11,1,14,609
8.0,11,1,15,611
8.0,11,2,0,585
8.0,11,2,1,587
8.0,11,2,2,589
8.0,11,2,3,591
8.0,11,2,4,593
8.0,11,2,5,595
8.0,11,2,6,597
8.0,11,2,7,598
8.0,11,2,8,600
8.0,11,2,9,602
8.0,11,2,10,604
8.0,11,2,11,606
8.0,11,2,12,608
8.0,11,2,13,609
8.0,11,2,14,611
8.0,11,2,15,613
8.0,11,3,0,587
8.0,11,3,1,589
8.0,11,3,2,591
8.0,11,3,3,593
8.0,11,3,4,595
8.0,11,3,5,597
8.0,11,3,6,599
8.0,11,3,7,600
8.0,11,3,8,602
8.0,11,3,9,604
8.0,11,3,10,606
8.0,11,3,11,608
8.0,11,3,12,610
8.0,11,3,13,612
8.0,11,3,14,613
8.0,11,3,15,615
8.0,11,4,0,589
8.0,11,4,1,591
8.0,11,4,2,593
8.0,11,4,3,595
8.0,11,4,4,597
8.0,11,4,5,599
8.0,11,4,6,601
8.0,11,4,7,602
8.0,11,4,8,604
8.0,11,4,9,606
8.0,11,4,10,608
8.0,11,4,11,610
8.0,11,4,12,612
8.0,11,4,13,614
8.0,11,4,14,615
8.0,11,4,15,617
8.0,11,5,0,591
8.0,11,5,1,593
8.0,11,5,2,595
8.0,11,5,3,597
8.0,11,5,4,599
8.0,11,5,5,601
8.0,11,5,6,603
8.0,11,5,7,604
8.0,11,5,8,606
8.0,11,5,9,608
8.0,11,5,10,610
8.0,11,5,11,612
8.0,11,5,12,614
8.0,11,5,13,616
8.0,11,5,14,617
8.0,11,5,15,619
8.0,11,6,0,593
8.0,11,6,1,595
8.0,11,6,2,597
8.0,11,6,3,599
8.0,11,6,4,601
8.0,11,6,5,603
8.0,11,6,6,605
8.0,11,6,7,606
8.0,11,6,8,608
8.0,11,6,9,610
8.0,11,6,10,612
8.0,11,6,11,614
8.0,11,6,12,616
8.0,11,6,13,618
8.0,11,6,14,619
8.0,11,6,15,621
8.0,11,7,0,595
8.0,11,7,1,597
8.0,11,7,2,599
8.0,11,7,3,601
8.0,11,7,4,603
8.0,11,7,5,605
8.0,11,7,6,606
8.0,11,7,7,608
8.0,11,7,8,610
8.0,11,7,9,612
8.0,11,7,10,614
8.0,11,7,11,616
8.0,11,7,12,618
8.0,11,7,13,620
8.0,11,7,14,621
8.0,11,7,15,623
8.0,11,8,0,597
8.0,11,8,1,599
8.0,11,8,2,601
8.0,11,8,3,603
8.0,11,8,4,605
8.0,11,8,5,606
8.0,11,8,6,608
8.0,11,8,7,610
8.0,11,8,8,612
8.0,11,8,9,614
8.0,11,8,10,616
8.0,11,8,11,618
8.0,11,8,12,620
8.0,11,8,13,621
8.0,11,8,14,623
8.0,11,8,15,625
8.0,11,9,0,599
8.0,11,9,1,601
8.0,11,9,2,603
8.0,11,9,3,605
8.0,11,9,4,607
8.0,11,9,5,608
8.0,11,9,6,610
8.0,11,9,7,612
8.0,11,9,8,614
8.0,11,9,9,616
8.0,11,9,10,618
8.0,11,9,11,620
8.0,11,9,12,622
8.0,11,9,13,623
8.0,11,9,14,625
8.0,11,9,15,627
8.0,11,10,0,601
8.0,11,10,1,603
8.0,11,10,2,605
8.0,11,10,3,607
8.0,11,10,4,608
8.0,11,10,5,610
8.0,11,10,6,612
8.0,11,10,7,614
8.0,11,10,8,616
8.0,11,10,9,618
8.0,11,10,10,620
8.0,11,10,11,622
8.0,11,10,12,624
8.0,11,10,13,625
8.0,11,10,14,627
8.0,11,10,15,629
8.0,11,11,0,603
8.0,11,11,1,605
8.0,11,11,2,606
8.0,11,11,3,608
8.0,11,11,4,610
8.0,11,11,5,612
8.0,11,11,6,614
8.0,11,11,7,616
8.0,11,11,8,618
8.0,11,11,9,620
8.0,11,11,10,622
8.0,11,11,11,624
8.0,11,11,12,626
8.0,11,11,13,627
8.0,11,11,14,629
8.0,11,11,15,631
8.0,11,12,0,605
8.0,11,12,1,606
8.0,11,12,2,608
8.0,11,12,3,610
8.0,11,12,4,612
8.0,11,12,5,614
8.0,11,12,6,616
8.0,11,12,7,618
8.0,11,12,8,620
8.0,11,12,9,622
8.0,11,12,10,624
8.0,11,12,11,626
8.0,11,12,12,627
8.0,11,12,13,629
8.0,11,12,14,631
8.0,11,12,15,633
8.0,11,13,0,606
8.0,11,13,1,608
8.0,11,13,2,610
8.0,11,13,3,612
8.0,11,13,4,614
8.0,11,13,5,616
8.0,11,13,6,618
8.0,11,13,7,620
8.0,11,13,8,622
8.0,11,13,9,624
8.0,11,13,10,626
8.0,11,13,11,628
8.0,11,13,12,629
8.0,11,13,13,631
8.0,11,13,14,633
8.0,11,13,15,635
8.0,11,14,0,608
8.0,11,14,1,610
8.0,11,14,2,612
8.0,11,14,3,614
8.0,11,14,4,616
8.0,11,14,5,618
8.0,11,14,6,620
8.0,11,14,7,622
8.0,11,14,8,624
8.0,11,14,9,626
8.0,11,14,10,628
8.0,11,14,11,629
8.0,11,14,12,631
8.0,11,14,13,633
8.0,11,14,14,635
8.0,11,14,15,637
8.0,11,15,0,610
8.0,11,15,1,612
8.0,11,15,2,614
8.0,11,15,3,616
8.0,11,15,4,618
8.0,11,15,5,620
8.0,11,15,6,622
8.0,11,15,7,624
8.0,11,15,8,626
8.0,11,15,9,628
8.0,11,15,10,630
8.0,11,15,11,631
8.0,11,15,12,633
8.0,11,15,13,635
8.0,11,15,14,637
8.0,11,15,15,639
8.0,12,0,0,584
8.0,12,0,1,586
8.0,12,0,2,587
8.0,12,0,3,589
8.0,12,0,4,591
8.0,12,0,5,593
8.0,12,0,6,595
8.0,12,0,7,597
8.0,12,0,8,599
8.0,12,0,9,600
8.0,12,0,10,602
8.0,12,0,11,604
8.0,12,0,12,606
8.0,12,0,13,608
8.0,12,0,14,609
8.0,12,0,15,611
8.0,12,1,0,586
8.0,12,1,1,588
8.0,12,1,2,589
8.0,12,1,3,591
8.0,12,1,4,593
8.0,12,1,5,595
8.0,12,1,6,597
8.0,12,1,7,599
8.0,12,1,8,601
8.0,12,1,9,602
8.0,12,1,10,604
8.0,12,1,11,606
8.0,12,1,12,608
8.0,12,1,13,610
8.0,12,1,14,612
8.0,12,1,15,613
8.0,12,2,0,588
8.0,12,2,1,589
8.0,12,2,2,591
8.0,12,2,3,593
8.0,12,2,4,595
8.0,12,2,5,597
8.0,12,2,6,599
8.0,12,2,7,601
8.0,12,2,8,603
8.0,12,2,9,604
8.0,12,2,10,606
8.0,12,2,11,608
8.0,12,2,12,610
8.0,12,2,13,612
8.0,12,2,14,614
8.0,12,2,15,615
8.0,12,3,0,590
8.0,12,3,1,591
8.0,12,3,2,593
8.0,12,3,3,595
8.0,12,3,4,597
8.0,12,3,5,599
8.0,12,3,6,601
8.0,12,3,7,603
8.0,12,3,8,605
8.0,12,3,9,606
8.0,12,3,10,608
8.0,12,3,11,610
8.0,12,3,12,612
8.0,12,3,13,614
8.0,12,3,14,616
8.0,12,3,15,617
8.0,12,4,0,591
8.0,12,4,1,593
8.0,12,4,2,595
8.0,12,4,3,597
8.0,12,4,4,599
8.0,12,4,5,601
8.0,12,4,6,603
8.0,12,4,7,605
8.0,12,4,8,607
8.0,12,4,9,608
8.0,12,4,10,610
8.0,12,4,11,612
8.0,12,4,12,614
8.0,12,4,13,616
8.0,12,4,14,618
8.0,12,4,15,619
8.0,12,5,0,593
8.0,12,5,1,595
8.0,12,5,2,597
8.0,12,5,3,599
8.0,12,5,4,601
8.0,12,5,5,603
8.0,12,5,6,605
8.0,12,5,7,607
8.0,12,5,8,609
8.0,12,5,9,610
8.0,12,5,10,612
8.0,12,5,11,614
8.0,12,5,12,616
8.0,12,5,13,618
8.0,12,5,14,620
8.0,12,5,15,621
8.0,12,6,0,595
8.0,12,6,1,597
8.0,12,6,2,599
8.0,12,6,3,601
8.0,12,6,4,603
8.0,12,6,5,605
8.0,12,6,6,607
8.0,12,6,7,609
8.0,12,6,8,610
8.0,12,6,9,612
8.0,12,6,10,614
8.0,12,6,11,616
8.0,12,6,12,618
8.0,12,6,13,620
8.0,12,6,14,622
8.0,12,6,15,623
8.0,12,7,0,597
8.0,12,7,1,599
8.0,12,7,2,601
8.0,12,7,3,603
8.0,12,7,4,605
8.0,12,7,5,607
8.0,12,7,6,609
8.0,12,7,7,611
8.0,12,7,8,612
8.0,12,7,9,614
8.0,12,7,10,616
8.0,12,7,11,618
8.0,12,7,12,620
8.0,12,7,13,622
8.0,12,7,14,624
8.0,12,7,15,625
8.0,12,8,0,599
8.0,12,8,1,601
8.0,12,8,2,603
8.0,12,8,3,605
8.0,12,8,4,607
8.0,12,8,5,609
8.0,12,8,6,611
8.0,12,8,7,613
8.0,12,8,8,614
8.0,12,8,9,616
8.0,12,8,10,618
8.0,12,8,11,620
8.0,12,8,12,622
8.0,12,8,13,624
8.0,12,8,14,626
8.0,12,8,15,627
8.0,12,9,0,601
8.0,12,9,1,603
8.0,12,9,2,605
8.0,12,9,3,607
8.0,12,9,4,609
8.0,12,9,5,611
8.0,12,9,6,613
8.0,12,9,7,614
8.0,12,9,8,616
8.0,12,9,9,618
8.0,12,9,10,620
8.0,12,9,11,622
8.0,12,9,12,624
8.0,12,9,13,626
8.0,12,9,14,628
8.0,12,9,15,629
8.0,12,10,0,603
8.0,12,10,1,605
8.0,12,10,2,607
8.0,12,10,3,609
8.0,12,10,4,611
8.0,12,10,5,613
8.0,12,10,6,615
8.0,12,10,7,616
8.0,12,10,8,618
8.0,12,10,9,620
8.0,12,10,10,622
8.0,12,10,11,624
8.0,12,10,12,626
8.0,12,10,13,628
8.0,12,10,14,630
8.0,12,10,15,631
8.0,12,11,0,605
8.0,12,11,1,607
8.0,12,11,2,609
8.0,12,11,3,611
8.0,12,11,4,613
8.0,12,11,5,615
8.0,12,11,6,616
8.0,12,11,7,618
8.0,12,11,8,620
8.0,12,11,9,622
8.0,12,11,10,624
8.0,12,11,11,626
8.0,12,11,12,628
8.0,12,11,13,630
8.0,12,11,14,632
8.0,12,11,15,633
8.0,12,12,0,607
8.0,12,12,1,609
8.0,12,12,2,611
8.0,12,12,3,613
8.0,12,12,4,615
8.0,12,12,5,616
8.0,12,12,6,618
8.0,12,12,7,620
8.0,12,12,8,622
8.0,12,12,9,624
8.0,12,12,10,626
8.0,12,12,11,628
8.0,12,12,12,630
8.0,12,12,13,632
8.0,12,12,14,634
8.0,12,12,15,635
8.0,12,13,0,609
8.0,12,13,1,611
8.0,12,13,2,613
8.0,12,13,3,614
8.0,12,13,4,616
8.0,12,13,5,618
8.0,12,13,6,620
8.0,12,13,7,622
8.0,12,13,8,624
8.0,12,13,9,626
8.0,12,13,10,628
8.0,12,13,11,630
8.0,12,13,12,632
8.0,12,13,13,634
8.0,12,13,14,636
8.0,12,13,15,637
8.0,12,14,0,610
8.0,12,14,1,612
8.0,12,14,2,614
8.0,12,14,3,616
8.0,12,14,4,618
8.0,12,14,5,620
8.0,12,14,6,622
8.0,12,14,7,624
8.0,12,14,8,626
8.0,12,14,9,628
8.0,12,14,10,630
8.0,12,14,11,632
8.0,12,14,12,634
8.0,12,14,13,636
8.0,12,14,14,637
8.0,12,14,15,639
8.0,12,15,0,612
8.0,12,15,1,614
8.0,12,15,2,616
8.0,12,15,3,618
8.0,12,15,4,620
8.0,12,15,5,622
8.0,12,15,6,624
8.0,12,15,7,626
8.0,12,15,8,628
8.0,12,15,9,630
8.0,12,15,10,632
8.0,12,15,11,634
8.0,12,15,12,636
8.0,12,15,13,638
8.0,12,15,14,639
8.0,12,15,15,641
8.0,13,0,0,586
8.0,13,0,1,588
8.0,13,0,2,590
8.0,13,0,3,591
8.0,13,0,4,593
8.0,13,0,5,595
8.0,13,0,6,597
8.0,13,0,7,599
8.0,13,0,8,601
8.0,13,0,9,603
8.0,13,0,10,604
8.0,13,0,11,606
8.0,13,0,12,608
8.0,13,0,13,610
8.0,13,0,14,612
8.0,13,0,15,614
8.0,13,1,0,588
8.0,13,1,1,590
8.0,13,1,2,592
8.0,13,1,3,593
8.0,13,1,4,595
8.0,13,1,5,597
8.0,13,1,6,599
8.0,13,1,7,601
8.0,13,1,8,603
8.0,13,1,9,605
8.0,13,1,10,606
8.0,13,1,11,608
8.0,13,1,12,610
8.0,13,1,13,612
8.0,13,1,14,614
8.0,13,1,15,616
8.0,13,2,0,590
8.0,13,2,1,592
8.0,13,2,2,594
8.0,13,2,3,595
8.0,13,2,4,597
8.0,13,2,5,599
8.0,13,2,6,601
8.0,13,2,7,603
8.0,13,2,8,605
8.0,13,2,9,607
8.0,13,2,10,608
8.0,13,2,11,610
8.0,13,2,12,612
8.0,13,2,13,614
8.0,13,2,14,616
8.0,13,2,15,618
8.0,13,3,0,592
8.0,13,3,1,594
8.0,13,3,2,595
8.0,13,3,3,597
8.0,13,3,4,599
8.0,13,3,5,601
8.0,13,3,6,603
8.0,13,3,7,605
8.0,13,3,8,607
8.0,13,3,9,609
8.0,13,3,10,610
8.0,13,3,11,612
8.0,13,3,12,614
8.0,13,3,13,616
8.0,13,3,14,618
8.0,13,3,15,620
8.0,13,4,0,594
8.0,13,4,1,596
8.0,13,4,2,597
8.0,13,4,3,599
8.0,13,4,4,601
8.0,13,4,5,603
8.0,13,4,6,605
8.0,13,4,7,607
8.0,13,4,8,609
8.0,13,4,9,611
8.0,13,4,10,612
8.0,13,4,11,614
8.0,13,4,12,616
8.0,13,4,13,618
8.0,13,4,14,620
8.0,13,4,15,622
8.0,13,5,0,596
8.0,13,5,1,597
8.0,13,5,2,599
8.0,13,5,3,601
8.0,13,5,4,603
8.0,13,5,5,605
8.0,13,5,6,607
8.0,13,5,7,609
8.0,13,5,8,611
8.0,13,5,9,613
8.0,13,5,10,614
8.0,13,5,11,616
8.0,13,5,12,618
8.0,13,5,13,620
8.0,13,5,14,622
8.0,13,5,15,624
8.0,13,6,0,597
8.0,13,6,1,599
8.0,13,6,2,601
8.0,13,6,3,603
8.0,13,6,4,605
8.0,13,6,5,607
8.0,13,6,6,609
8.0,13,6,7,611
8.0,13,6,8,613
8.0,13,6,9,615
8.0,13,6,10,616
8.0,13,6,11,618
8.0,13,6,12,620
8.0,13,6,13,622
8.0,13,6,14,624
8.0,13,6,15,626
8.0,13,7,0,599
8.0,13,7,1,601
8.0,13,7,2,603
8.0,13,7,3,605
8.0,13,7,4,607
8.0,13,7,5,609
8.0,13,7,6,611
8.0,13,7,7,613
8.0,13,7,8,615
8.0,13,7,9,617
8.0,13,7,10,618
8.0,13,7,11,620
8.0,13,7,12,622
8.0,13,7,13,624
8.0,13,7,14,626
8.0,13,7,15,628
8.0,13,8,0,601
8.0,13,8,1,603
8.0,13,8,2,605
8.0,13,8,3,607
8.0,13,8,4,609
8.0,13,8,5,611
8.0,13,8,6,613
8.0,13,8,7,615
8.0,13,8,8,617
8.0,13,8,9,619
8.0,13,8,10,620
8.0,13,8,11,622
8.0,13,8,12,624
8.0,13,8,13,626
8.0,13,8,14,628
8.0,13,8,15,630
8.0,13,9,0,603
8.0,13,9,1,605
8.0,13,9,2,607
8.0,13,9,3,609
8.0,13,9,4,611
8.0,13,9,5,613
8.0,13,9,6,615
8.0,13,9,7,617
8.0,13,9,8,619
8.0,13,9,9,621
8.0,13,9,10,622
8.0,13,9,11,624
8.0,13,9,12,626
8.0,13,9,13,628
8.0,13,9,14,630
8.0,13,9,15,632
8.0,13,10,0,605
8.0,13,10,1,607
8.0,13,10,2,609
8.0,13,10,3,611
8.0,13,10,4,613
8.0,13,10,5,615
8.0,13,10,6,617
8.0,13,10,7,619
8.0,13,10,8,621
8.0,13,10,9,622
8.0,13,10,10,624
8.0,13,10,11,626
8.0,13,10,12,628
8.0,13,10,13,630
8.0,13,10,14,632
8.0,13,10,15,634
8.0,13,11,0,607
8.0,13,11,1,609
8.0,13,11,2,611
8.0,13,11,3,613
8.0,13,11,4,615
8.0,13,11,5,617
8.0,13,11,6,619
8.0,13,11,7,621
8.0,13,11,8,623
8.0,13,11,9,624
8.0,13,11,10,626
8.0,13,11,11,628
8.0,13,11,12,630
8.0,13,11,13,632
8.0,13,11,14,634
8.0,13,11,15,636
8.0,13,12,0,609
8.0,13,12,1,611
8.0,13,12,2,613
8.0,13,12,3,615
8.0,13,12,4,617
8.0,13,12,5,619
8.0,13,12,6,621
8.0,13,12,7,623
8.0,13,12,8,624
8.0,13,12,9,626
8.0,13,12,10,628
8.0,13,12,11,630
8.0,13,12,12,632
8.0,13,12,13,634
8.0,13,12,14,636
8.0,13,12,15,638
8.0,13,13,0,611
8.0,13,13,1,613
8.0,13,13,2,615
8.0,13,13,3,617
8.0,13,13,4,619
8.0,13,13,5,621
8.0,13,13,6,623
8.0,13,13,7,624
8.0,13,13,8,626
8.0,13,13,9,628
8.0,13,13,10,630
8.0,13,13,11,632
8.0,13,13,12,634
8.0,13,13,13,636
8.0,13,13,14,638
8.0,13,13,15,640
8.0,13,14,0,613
8.0,13,14,1,615
8.0,13,14,2,617
8.0,13,14,3,619
8.0,13,14,4,621
8.0,13,14,5,623
8.0,13,14,6,624
8.0,13,14,7,626
8.0,13,14,8,628
8.0,13,14,9,630
8.0,13,14,10,632
8.0,13,14,11,634
8.0,13,14,12,636
8.0,13,14,13,638
8.0,13,14,14,640
8.0,13,14,15,642
8.0,13,15,0,615
8.0,13,15,1,617
8.0,13,15,2,619
8.0,13,15,3,621
8.0,13,15,4,622
8.0,13,15,5,624
8.0,13,15,6,626
8.0,13,15,7,628
8.0,13,15,8,630
8.0,13,15,9,632
8.0,13,15,10,634
8.0,13,15,11,636
8.0,13,15,12,638
8.0,13,15,13,640
8.0,13,15,14,642
8.0,13,15,15,644
8.0,14,0,0,588
8.0,14,0,1,590
8.0,14,0,2,592
8.0,14,0,3,594
8.0,14,0,4,595
8.0,14,0,5,597
8.0,14,0,6,599
8.0,14,0,7,601
8.0,14,0,8,603
8.0,14,0,9,605
8.0,14,0,10,607
8.0,14,0,11,608
8.0,14,0,12,610
8.0,14,0,13,612
8.0,14,0,14,614
8.0,14,0,15,616
8.0,14,1,0,590
8.0,14,1,1,592
8.0,14,1,2,594
8.0,14,1,3,596
8.0,14,1,4,597
8.0,14,1,5,599
8.0,14,1,6,601
8.0,14,1,7,603
8.0,14,1,8,605
8.0,14,1,9,607
8.0,14,1,10,609
8.0,14,1,11,610
8.0,14,1,12,612
8.0,14,1,13,614
8.0,14,1,14,616
8.0,14,1,15,618
8.0,14,2,0,592
8.0,14,2,1,594
8.0,14,2,2,596
8.0,14,2,3,598
8.0,14,2,4,599
8.0,14,2,5,601
8.0,14,2,6,603
8.0,14,2,7,605
8.0,14,2,8,607
8.0,14,2,9,609
8.0,14,2,10,611
8.0,14,2,11,613
8.0,14,2,12,614
8.0,14,2,13,616
8.0,14,2,14,618
8.0,14,2,15,620
8.0,14,3,0,594
8.0,14,3,1,596
8.0,14,3,2,598
8.0,14,3,3,600
8.0,14,3,4,601
8.0,14,3,5,603
8.0,14,3,6,605
8.0,14,3,7,607
8.0,14,3,8,609
8.0,14,3,9,611
8.0,14,3,10,613
8.0,14,3,11,615
8.0,14,3,12,616
8.0,14,3,13,618
8.0,14,3,14,620
8.0,14,3,15,622
8.0,14,4,0,596
8.0,14,4,1,598
8.0,14,4,2,600
8.0,14,4,3,602
8.0,14,4,4,603
8.0,14,4,5,605
8.0,14,4,6,607
8.0,14,4,7,609
8.0,14,4,8,611
8.0,14,4,9,613
8.0,14,4,10,615
8.0,14,4,11,617
8.0,14,4,12,618
8.0,14,4,13,620
8.0,14,4,14,622
8.0,14,4,15,624
8.0,14,5,0,598
8.0,14,5,1,600
8.0,14,5,2,602
8.0,14,5,3,603
8.0,14,5,4,605
8.0,14,5,5,607
8.0,14,5,6,609
8.0,14,5,7,611
8.0,14,5,8,613
8.0,14,5,9,615
8.0,14,5,10,617
8.0,14,5,11,619
8.0,14,5,12,620
8.0,14,5,13,622
8.0,14,5,14,624
8.0,14,5,15,626
8.0,14,6,0,600
8.0,14,6,1,602
8.0,14,6,2,604
8.0,14,6,3,605
8.0,14,6,4,607
8.0,14,6,5,609
8.0,14,6,6,611
8.0,14,6,7,613
8.0,14,6,8,615
8.0,14,6,9,617
8.0,14,6,10,619
8.0,14,6,11,621
8.0,14,6,12,622
8.0,14,6,13,624
8.0,14,6,14,626
8.0,14,6,15,628
8.0,14,7,0,602
8.0,14,7,1,604
8.0,14,7,2,605
8.0,14,7,3,607
8.0,14,7,4,609
8.0,14,7,5,611
8.0,14,7,6,613
8.0,14,7,7,615
8.0,14,7,8,617
8.0,14,7,9,619
8.0,14,7,10,621
8.0,14,7,11,623
8.0,14,7,12,624
8.0,14,7,13,626
8.0,14,7,14,628
8.0,14,7,15,630
8.0,14,8,0,604
8.0,14,8,1,605
8.0,14,8,2,607
8.0,14,8,3,609
8.0,14,8,4,611
8.0,14,8,5,613
8.0,14,8,6,615
8.0,14,8,7,617
8.0,14,8,8,619
8.0,14,8,9,621
8.0,14,8,10,623
8.0,14,8,11,625
8.0,14,8,12,626
8.0,14,8,13,628
8.0,14,8,14,630
8.0,14,8,15,632
8.0,14,9,0,605
8.0,14,9,1,607
8.0,14,9,2,609
8.0,14,9,3,611
8.0,14,9,4,613
8.0,14,9,5,615
8.0,14,9,6,617
8.0,14,9,7,619
8.0,14,9,8,621
8.0,14,9,9,623
8.0,14,9,10,625
8.0,14,9,11,627
8.0,14,9,12,628
8.0,14,9,13,630
8.0,14,9,14,632
8.0,14,9,15,634
8.0,14,10,0,607
8.0,14,10,1,609
8.0,14,10,2,611
8.0,14,10,3,613
8.0,14,10,4,615
8.0,14,10,5,617
8.0,14,10,6,619
8.0,14,10,7,621
8.0,14,10,8,623
8.0,14,10,9,625
8.0,14,10,10,627
8.0,14,10,11,629
8.0,14,10,12,630
8.0,14,10,13,632
8.0,14,10,14,634
8.0,14,10,15,636
8.0,14,11,0,609
8.0,14,11,1,611
8.0,14,11,2,613
8.0,14,11,3,615
8.0,14,11,4,617
8.0,14,11,5,619
8.0,14,11,6,621
8.0,14,11,7,623
8.0,14,11,8,625
8.0,14,11,9,627
8.0,14,11,10,629
8.0,14,11,11,631
8.0,14,11,12,632
8.0,14,11,13,634
8.0,14,11,14,636
8.0,14,11,15,638
8.0,14,12,0,611
8.0,14,12,1,613
8.0,14,12,2,615
8.0,14,12,3,617
8.0,14,12,4,619
8.0,14,12,5,621
8.0,14,12,6,623
8.0,14,12,7,625
8.0,14,12,8,627
8.0,14,12,9,629
8.0,14,12,10,631
8.0,14,12,11,633
8.0,14,12,12,634
8.0,14,12,13,636
8.0,14,12,14,638
8.0,14,12,15,640
8.0,14,13,0,613
8.0,14,13,1,615
8.0,14,13,2,617
8.0,14,13,3,619
8.0,14,13,4,621
8.0,14,13,5,623
8.0,14,13,6,625
8.0,14,13,7,627
8.0,14,13,8,629
8.0,14,13,9,631
8.0,14,13,10,633
8.0,14,13,11,634
8.0,14,13,12,636
8.0,14,13,13,638
8.0,14,13,14,640
8.0,14,13,15,642
8.0,14,14,0,615
8.0,14,14,1,617
8.0,14,14,2,619
8.0,14,14,3,621
8.0,14,14,4,623
8.0,14,14,5,625
8.0,14,14,6,627
8.0,14,14,7,629
8.0,14,14,8,631
8.0,14,14,9,633
8.0,14,14,10,635
8.0,14,14,11,636
8.0,14,14,12,638
8.0,14,14,13,640
8.0,14,14,14,642
8.0,14,14,15,644
8.0,14,15,0,617
8.0,14,15,1,619
8.0,14,15,2,621
8.0,14,15,3,623
8.0,14,15,4,625
8.0,14,15,5,627
8.0,14,15,6,629
8.0,14,15,7,631
8.0,14,15,8,633
8.0,14,15,9,635
8.0,14,15,10,636
8.0,14,15,11,638
8.0,14,15,12,640
8.0,14,15,13,642
8.0,14,15,14,644
8.0,14,15,15,646
8.0,15,0,0,590
8.0,15,0,1,592
8.0,15,0,2,594
8.0,15,0,3,596
8.0,15,0,4,598
8.0,15,0,5,600
8.0,15,0,6,601
8.0,15,0,7,603
8.0,15,0,8,605
8.0,15,0,9,607
8.0,15,0,10,609
8.0,15,0,11,611
8.0,15,0,12,613
8.0,15,0,13,614
8.0,15,0,14,616
8.0,15,0,15,618
8.0,15,1,0,592
8.0,15,1,1,594
8.0,15,1,2,596
8.0,15,1,3,598
8.0,15,1,4,600
8.0,15,1,5,602
8.0,15,1,6,603
8.0,15,1,7,605
8.0,15,1,8,607
8.0,15,1,9,609
8.0,15,1,10,611
8.0,15,1,11,613
8.0,15,1,12,615
8.0,15,1,13,616
8.0,15,1,14,618
8.0,15,1,15,620
8.0,15,2,0,594
8.0,15,2,1,596
8.0,15,2,2,598
8.0,15,2,3,600
8.0,15,2,4,602
8.0,15,2,5,604
8.0,15,2,6,605
8.0,15,2,7,607
8.0,15,2,8,609
8.0,15,2,9,611
8.0,15,2,10,613
8.0,15,2,11,615
8.0,15,2,12,617
8.0,15,2,13,618
8.0,15,2,14,620
8.0,15,2,15,622
8.0,15,3,0,596
8.0,15,3,1,598
8.0,15,3,2,600
8.0,15,3,3,602
8.0,15,3,4,604
8.0,15,3,5,606
8.0,15,3,6,607
8.0,15,3,7,609
8.0,15,3,8,611
8.0,15,3,9,613
8.0,15,3,10,615
8.0,15,3,11,617
8.0,15,3,12,619
8.0,15,3,13,621
8.0,15,3,14,622
8.0,15,3,15,624
8.0,15,4,0,598
8.0,15,4,1,600
8.0,15,4,2,602
8.0,15,4,3,604
8.0,15,4,4,606
8.0,15,4,5,608
8.0,15,4,6,609
8.0,15,4,7,611
8.0,15,4,8,613
8.0,15,4,9,615
8.0,15,4,10,617
8.0,15,4,11,619
8.0,15,4,12,621
8.0,15,4,13,623
8.0,15,4,14,624
8.0,15,4,15,626
8.0,15,5,0,600
8.0,15,5,1,602
8.0,15,5,2,604
8.0,15,5,3,606
8.0,15,5,4,608
8.0,15,5,5,610
8.0,15,5,6,611
8.0,15,5,7,613
8.0,15,5,8,615
8.0,15,5,9,617
8.0,15,5,10,619
8.0,15,5,11,621
8.0,15,5,12,623
8.0,15,5,13,625
8.0,15,5,14,626
8.0,15,5,15,628
8.0,15,6,0,602
8.0,15,6,1,604
8.0,15,6,2,606
8.0,15,6,3,608
8.0,15,6,4,610
8.0,15,6,5,611
8.0,15,6,6,613
8.0,15,6,7,615
8.0,15,6,8,617
8.0,15,6,9,619
8.0,15,6,10,621
8.0,15,6,11,623
8.0,15,6,12,625
8.0,15,6,13,627
8.0,15,6,14,628
8.0,15,6,15,630
8.0,15,7,0,604
8.0,15,7,1,606
8.0,15,7,2,608
8.0,15,7,3,610
8.0,15,7,4,612
8.0,15,7,5,613
8.0,15,7,6,615
8.0,15,7,7,617
8.0,15,7,8,619
8.0,15,7,9,621
8.0,15,7,10,623
8.0,15,7,11,625
8.0,15,7,12,627
8.0,15,7,13,629
8.0,15,7,14,630
8.0,15,7,15,632
8.0,15,8,0,606
8.0,15,8,1,608
8.0,15,8,2,610
8.0,15,8,3,612
8.0,15,8,4,613
8.0,15,8,5,615
8.0,15,8,6,617
8.0,15,8,7,619
8.0,15,8,8,621
8.0,15,8,9,623
8.0,15,8,10,625
8.0,15,8,11,627
8.0,15,8,12,629
8.0,15,8,13,631
8.0,15,8,14,633
8.0,15,8,15,634
8.0,15,9,0,608
8.0,15,9,1,610
8.0,15,9,2,612
8.0,15,9,3,614
8.0,15,9,4,615
8.0,15,9,5,617
8.0,15,9,6,619
8.0,15,9,7,621
8.0,15,9,8,623
8.0,15,9,9,625
8.0,15,9,10,627
8.0,15,9,11,629
8.0,15,9,12,631
8.0,15,9,13,633
8.0,15,9,14,635
8.0,15,9,15,636
8.0,15,10,0,610
8.0,15,10,1,612
8.0,15,10,2,613
8.0,15,10,3,615
8.0,15,10,4,617
8.0,15,10,5,619
8.0,15,10,6,621
8.0,15,10,7,623
8.0,15,10,8,625
8.0,15,10,9,627
8.0,15,10,10,629
8.0,15,10,11,631
8.0,15,10,12,633
8.0,15,10,13,635
8.0,15,10,14,637
8.0,15,10,15,638
8.0,15,11,0,611
8.0,15,11,1,613
8.0,15,11,2,615
8.0,15,11,3,617
8.0,15,11,4,619
8.0,15,11,5,621
8.0,15,11,6,623
8.0,15,11,7,625
8.0,15,11,8,627
8.0,15,11,9,629
8.0,15,11,10,631
8.0,15,11,11,633
8.0,15,11,12,635
8.0,15,11,13,637
8.0,15,11,14,639
8.0,15,11,15,640
8.0,15,12,0,613
8.0,15,12,1,615
8.0,15,12,2,617
8.0,15,12,3,619
8.0,15,12,4,621
8.0,15,12,5,623
8.0,15,12,6,625
8.0,15,12,7,627
8.0,15,12,8,629
8.0,15,12,9,631
8.0,15,12,10,633
8.0,15,12,11,635
8.0,15,12,12,637
8.0,15,12,13,639
8.0,15,12,14,641
8.0,15,12,15,642
8.0,15,13,0,615
8.0,15,13,1,617
8.0,15,13,2,619
8.0,15,13,3,621
8.0,15,13,4,623
8.0,15,13,5,625
8.0,15,13,6,627
8.0,15,13,7,629
8.0,15,13,8,631
8.0,15,13,9,633
8.0,15,13,10,635
8.0,15,13,11,637
8.0,15,13,12,639
8.0,15,13,13,641
8.0,15,13,14,643
8.0,15,13,15,644
8.0,15,14,0,617
8.0,15,14,1,619
8.0,15,14,2,621
8.0,15,14,3,623
8.0,15,14,4,625
8.0,15,14,5,627
8.0,15,14,6,629
8.0,15,14,7,631
8.0,15,14,8,633
8.0,15,14,9,635
8.0,15,14,10,637
8.0,15,14,11,639
8.0,15,14,12,641
8.0,15,14,13,643
8.0,15,14,14,644
8.0,15,14,15,646
8.0,15,15,0,619
8.0,15,15,1,621
8.0,15,15,2,623
8.0,15,15,3,625
8.0,15,15,4,627
8.0,15,15,5,629
8.0,15,15,6,631
8.0,15,15,7,633
8.0,15,15,8,635
8.0,15,15,9,637
8.0,15,15,10,639
8.0,15,15,11,641
8.0,15,15,12,643
8.0,15,15,13,645
8.0,15,15,14,646
8.0,15,15,15,648
8.5,0,0,0,595
8.5,0,0,1,597
8.5,0,0,2,599
8.5,0,0,3,601
8.5,0,0,4,603
8.5,0,0,5,605
8.5,0,0,6,607
8.5,0,0,7,609
8.5,0,0,8,611
8.5,0,0,9,612
8.5,0,0,10,614
8.5,0,0,11,616
8.5,0,0,12,618
8.5,0,0,13,620
8.5,0,0,14,622
8.5,0,0,15,624
8.5,0,1,0,597
8.5,0,1,1,599
8.5,0,1,2,601
8.5,0,1,3,603
8.5,0,1,4,605
8.5,0,1,5,607
8.5,0,1,6,609
8.5,0,1,7,611
8.5,0,1,8,613
8.5,0,1,9,614
8.5,0,1,10,616
8.5,0,1,11,618
8.5,0,1,12,620
8.5,0,1,13,622
8.5,0,1,14,624
8.5,0,1,15,626
8.5,0,2,0,599
8.5,0,2,1,601
8.5,0,2,2,603
8.5,0,2,3,605
8.5,0,2,4,607
8.5,0,2,5,609
8.5,0,2,6,611
8.5,0,2,7,613
8.5,0,2,8,615
8.5,0,2,9,617
8.5,0,2,10,618
8.5,0,2,11,620
8.5,0,2,12,622
8.5,0,2,13,624
8.5,0,2,14,626
8.5,0,2,15,628
8.5,0,3,0,601
8.5,0,3,1,603
8.5,0,3,2,605
8.5,0,3,3,607
8.5,0,3,4,609
8.5,0,3,5,611
8.5,0,3,6,613
8.5,0,3,7,615
8.5,0,3,8,617
8.5,0,3,9,619
8.5,0,3,10,620
8.5,0,3,11,622
8.5,0,3,12,624
8.5,0,3,13,626
8.5,0,3,14,628
8.5,0,3,15,630
8.5,0,4,0,603
8.5,0,4,1,605
8.5,0,4,2,607
8.5,0,4,3,609
8.5,0,4,4,611
8.5,0,4,5,613
8.5,0,4,6,615
8.5,0,4,7,617
8.5,0,4,8,619
8.5,0,4,9,621
8.5,0,4,10,622
8.5,0,4,11,624
8.5,0,4,12,626
8.5,0,4,13,628
8.5,0,4,14,630
8.5,0,4,15,632
8.5,0,5,0,605
8.5,0,5,1,607
8.5,0,5,2,609
8.5,0,5,3,611
8.5,0,5,4,613
8.5,0,5,5,615
8.5,0,5,6,617
8.5,0,5,7,619
8.5,0,5,8,621
8.5,0,5,9,623
8.5,0,5,10,625
8.5,0,5,11,626
8.5,0,5,12,628
8.5,0,5,13,630
8.5,0,5,14,632
8.5,0,5,15,634
8.5,0,6,0,607
8.5,0,6,1,609
8.5,0,6,2,611
8.5,0,6,3,613
8.5,0,6,4,615
8.5,0,6,5,617
8.5,0,6,6,619
8.5,0,6,7,621
8.5,0,6,8,623
8.5,0,6,9,625
8.5,0,6,10,627
8.5,0,6,11,628
8.5,0,6,12,630
8.5,0,6,13,632
8.5,0,6,14,634
8.5,0,6,15,636
8.5,0,7,0,609
8.5,0,7,1,611
8.5,0,7,2,613
8.5,0,7,3,615
8.5,0,7,4,617
8.5,0,7,5,619
8.5,0,7,6,621
8.5,0,7,7,623
8.5,0,7,8,625
8.5,0,7,9,627
8.5,0,7,10,629
8.5,0,7,11,630
8.5,0,7,12,632
8.5,0,7,13,634
8.5,0,7,14,636
8.5,0,7,15,638
8.5,0,8,0,611
8.5,0,8,1,613
8.5,0,8,2,615
8.5,0,8,3,617
8.5,0,8,4,619
8.5,0,8,5,621
8.5,0,8,6,623
8.5,0,8,7,625
8.5,0,8,8,627
8.5,0,8,9,629
8.5,0,8,10,631
8.5,0,8,11,632
8.5,0,8,12,634
8.5,0,8,13,636
8.5,0,8,14,638
8.5,0,8,15,640
8.5,0,9,0,613
8.5,0,9,1,615
8.5,0,9,2,617
8.5,0,9,3,619
8.5,0,9,4,621
8.5,0,9,5,623
8.5,0,9,6,625
8.5,0,9,7,627
8.5,0,9,8,629
8.5,0,9,9,631
8.5,0,9,10,633
8.5,0,9,11,634
8.5,0,9,12,636
8.5,0,9,13,638
8.5,0,9,14,640
8.5,0,9,15,642
8.5,0,10,0,615
8.5,0,10,1,617
8.5,0,10,2,619
8.5,0,10,3,621
8.5,0,10,4,623
8.5,0,10,5,625
8.5,0,10,6,627
8.5,0,10,7,629
8.5,0,10,8,631
8.5,0,10,9,633
8.5,0,10,10,635
8.5,0,10,11,637
8.5,0,10,12,638
8.5,0,10,13,640
8.5,0,10,14,642
8.5,0,10,15,644
8.5,0,11,0,617
8.5,0,11,1,619
8.5,0,11,2,621
8.5,0,11,3,623
8.5,0,11,4,625
8.5,0,11,5,627
8.5,0,11,6,629
8.5,0,11,7,631
8.5,0,11,8,633
8.5,0,11,9,635
8.5,0,11,10,637
8.5,0,11,11,639
8.5,0,11,12,640
8.5,0,11,13,642
8.5,0,11,14,644
8.5,0,11,15,646
8.5,0,12,0,619
8.5,0,12,1,621
8.5,0,12,2,623
8.5,0,12,3,625
8.5,0,12,4,627
8.5,0,12,5,629
8.5,0,12,6,631
8.5,0,12,7,633
8.5,0,12,8,635
8.5,0,12,9,637
8.5,0,12,10,639
8.5,0,12,11,641
8.5,0,12,12,642
8.5,0,12,13,644
8.5,0,12,14,646
8.5,0,12,15,648
8.5,0,13,0,621
8.5,0,13,1,623
8.5,0,13,2,625
8.5,0,13,3,627
8.5,0,13,4,629
8.5,0,13,5,631
8.5,0,13,6,633
8.5,0,13,7,635
8.5,0,13,8,637
8.5,0,13,9,639
8.5,0,13,10,641
8.5,0,13,11,642
8.5,0,13,12,644
8.5,0,13,13,646
8.5,0,13,14,648
8.5,0,13,15,650
8.5,0,14,0,623
8.5,0,14,1,625
8.5,0,14,2,627
8.5,0,14,3,629
8.5,0,14,4,631
8.5,0,14,5,633
8.5,0,14,6,635
8.5,0,14,7,637
8.5,0,14,8,639
8.5,0,14,9,641
8.5,0,14,10,643
8.5,0,14,11,644
8.5,0,14,12,646
8.5,0,14,13,648
8.5,0,14,14,650
8.5,0,14,15,652
8.5,0,15,0,625
8.5,0,15,1,627
8.5,0,15,2,629
8.5,0,15,3,631
8.5,0,15,4,633
8.5,0,15,5,635
8.5,0,15,6,637
8.5,0,15,7,639
8.5,0,15,8,641
8.5,0,15,9,643
8.5,0,15,10,644
8.5,0,15,11,646
8.5,0,15,12,648
8.5,0,15,13,650
8.5,0,15,14,652
8.5,0,15,15,654
8.5,1,0,0,598
8.5,1,0,1,600
8.5,1,0,2,601
8.5,1,0,3,603
8.5,1,0,4,605
8.5,1,0,5,607
8.5,1,0,6,609
8.5,1,0,7,611
8.5,1,0,8,613
8.5,1,0,9,615
8.5,1,0,10,617
8.5,1,0,11,619
8.5,1,0,12,620
8.5,1,0,13,622
8.5,1,0,14,624
8.5,1,0,15,626
8.5,1,1,0,600
8.5,1,1,1,602
8.5,1,1,2,604
8.5,1,1,3,605
8.5,1,1,4,607
8.5,1,1,5,609
8.5,1,1,6,611
8.5,1,1,7,613
8.5,1,1,8,615
8.5,1,1,9,617
8.5,1,1,10,619
8.5,1,1,11,621
8.5,1,1,12,622
8.5,1,1,13,624
8.5,1,1,14,626
8.5,1,1,15,628
8.5,1,2,0,602
8.5,1,2,1,604
8.5,1,2,2,606
8.5,1,2,3,607
8.5,1,2,4,609
8.5,1,2,5,611
8.5,1,2,6,613
8.5,1,2,7,615
8.5,1,2,8,617
8.5,1,2,9,619
8.5,1,2,10,621
8.5,1,2,11,623
8.5,1,2,12,625
8.5,1,2,13,626
8.5,1,2,14,628
8.5,1,2,15,630
8.5,1,3,0,604
8.5,1,3,1,606
8.5,1,3,2,608
8.5,1,3,3,609
8.5,1,3,4,611
8.5,1,3,5,613
8.5,1,3,6,615
8.5,1,3,7,617
8.5,1,3,8,619
8.5,1,3,9,621
8.5,1,3,10,623
8.5,1,3,11,625
8.5,1,3,12,627
8.5,1,3,13,628
8.5,1,3,14,630
8.5,1,3,15,632
8.5,1,4,0,606
8.5,1,4,1,608
8.5,1,4,2,610
8.5,1,4,3,611
8.5,1,4,4,613
8.5,1,4,5,615
8.5,1,4,6,617
8.5,1,4,7,619
8.5,1,4,8,621
8.5,1,4,9,623
8.5,1,4,10,625
8.5,1,4,11,627
8.5,1,4,12,629
8.5,1,4,13,631
8.5,1,4,14,632
8.5,1,4,15,634
8.5,1,5,0,608
8.5,1,5,1,610
8.5,1,5,2,612
8.5,1,5,3,613
8.5,1,5,4,615
8.5,1,5,5,617
8.5,1,5,6,619
8.5,1,5,7,621
8.5,1,5,8,623
8.5,1,5,9,625
8.5,1,5,10,627
8.5,1,5,11,629
8.5,1,5,12,631
8.5,1,5,13,633
8.5,1,5,14,634
8.5,1,5,15,636
8.5,1,6,0,610
8.5,1,6,1,612
8.5,1,6,2,613
8.5,1,6,3,615
8.5,1,6,4,617
8.5,1,6,5,619
8.5,1,6,6,621
8.5,1,6,7,623
8.5,1,6,8,625
8.5,1,6,9,627
8.5,1,6,10,629
8.5,1,6,11,631
8.5,1,6,12,633
8.5,1,6,13,635
8.5,1,6,14,637
8.5,1,6,15,638
8.5,1,7,0,612
8.5,1,7,1,614
8.5,1,7,2,615
8.5,1,7,3,617
8.5,1,7,4,619
8.5,1,7,5,621
8.5,1,7,6,623
8.5,1,7,7,625
8.5,1,7,8,627
8.5,1,7,9,629
8.5,1,7,10,631
8.5,1,7,11,633
8.5,1,7,12,635
8.5,1,7,13,637
8.5,1,7,14,639
8.5,1,7,15,640
8.5,1,8,0,613
8.5,1,8,1,615
8.5,1,8,2,617
8.5,1,8,3,619
8.5,1,8,4,621
8.5,1,8,5,623
8.5,1,8,6,625
8.5,1,8,7,627
8.5,1,8,8,629
8.5,1,8,9,631
8.5,1,8,10,633
8.5,1,8,11,635
8.5,1,8,12,637
8.5,1,8,13,639
8.5,1,8,14,641
8.5,1,8,15,643
8.5,1,9,0,615
8.5,1,9,1,617
8.5,1,9,2,619
8.5,1,9,3,621
8.5,1,9,4,623
8.5,1,9,5,625
8.5,1,9,6,627
8.5,1,9,7,629
8.5,1,9,8,631
8.5,1,9,9,633
8.5,1,9,10,635
8.5,1,9,11,637
8.5,1,9,12,639
8.5,1,9,13,641
8.5,1,9,14,643
8.5,1,9,15,645
8.5,1,10,0,617
8.5,1,10,1,619
8.5,1,10,2,621
8.5,1,10,3,623
8.5,1,10,4,625
8.5,1,10,5,627
8.5,1,10,6,629
8.5,1,10,7,631
8.5,1,10,8,633
8.5,1,10,9,635
8.5,1,10,10,637
8.5,1,10,11,639
8.5,1,10,12,641
8.5,1,10,13,643
8.5,1,10,14,645
8.5,1,10,15,647
8.5,1,11,0,619
8.5,1,11,1,621
8.5,1,11,2,623
8.5,1,11,3,625
8.5,1,11,4,627
8.5,1,11,5,629
8.5,1,11,6,631
8.5,1,11,7,633
8.5,1,11,8,635
8.5,1,11,9,637
8.5,1,11,10,639
8.5,1,11,11,641
8.5,1,11,12,643
8.5,1,11,13,645
8.5,1,11,14,647
8.5,1,11,15,649
8.5,1,12,0,621
8.5,1,12,1,623
8.5,1,12,2,625
8.5,1,12,3,627
8.5,1,12,4,629
8.5,1,12,5,631
8.5,1,12,6,633
8.5,1,12,7,635
8.5,1,12,8,637
8.5,1,12,9,639
8.5,1,12,10,641
8.5,1,12,11,643
8.5,1,12,12,645
8.5,1,12,13,647
8.5,1,12,14,649
8.5,1,12,15,651
8.5,1,13,0,623
8.5,1,13,1,625
8.5,1,13,2,627
8.5,1,13,3,629
8.5,1,13,4,631
8.5,1,13,5,633
8.5,1,13,6,635
8.5,1,13,7,637
8.5,1,13,8,639
8.5,1,13,9,641
8.5,1,13,10,643
8.5,1,13,11,645
8.5,1,13,12,647
8.5,1,13,13,649
8.5,1,13,14,651
8.5,1,13,15,653
8.5,1,14,0,625
8.5,1,14,1,627
8.5,1,14,2,629
8.5,1,14,3,631
8.5,1,14,4,633
8.5,1,14,5,635
8.5,1,14,6,637
8.5,1,14,7,639
8.5,1,14,8,641
8.5,1,14,9,643
8.5,1,14,10,645
8.5,1,14,11,647
8.5,1,14,12,649
8.5,1,14,13,651
8.5,1,14,14,653
8.5,1,14,15,655
8.5,1,15,0,627
8.5,1,15,1,629
8.5,1,15,2,631
8.5,1,15,3,633
8.5,1,15,4,635
8.5,1,15,5,637
8.5,1,15,6,639
8.5,1,15,7,641
8.5,1,15,8,643
8.5,1,15,9,645
8.5,1,15,10,647
8.5,1,15,11,649
8.5,1,15,12,651
8.5,1,15,13,653
8.5,1,15,14,655
8.5,1,15,15,657
8.5,2,0,0,600
8.5,2,0,1,602
8.5,2,0,2,604
8.5,2,0,3,606
8.5,2,0,4,608
8.5,2,0,5,610
8.5,2,0,6,611
8.5,2,0,7,613
8.5,2,0,8,615
8.5,2,0,9,617
8.5,2,0,10,619
8.5,2,0,11,621
8.5,2,0,12,623
8.5,2,0,13,625
8.5,2,0,14,626
8.5,2,0,15,628
8.5,2,1,0,602
8.5,2,1,1,604
8.5,2,1,2,606
8.5,2,1,3,608
8.5,2,1,4,610
8.5,2,1,5,612
8.5,2,1,6,613
8.5,2,1,7,615
8.5,2,1,8,617
8.5,2,1,9,619
8.5,2,1,10,621
8.5,2,1,11,623
8.5,2,1,12,625
8.5,2,1,13,627
8.5,2,1,14,629
8.5,2,1,15,630
8.5,2,2,0,604
8.5,2,2,1,606
8.5,2,2,2,608
8.5,2,2,3,610
8.5,2,2,4,612
8.5,2,2,5,614
8.5,2,2,6,616
8.5,2,2,7,617
8.5,2,2,8,619
8.5,2,2,9,621
8.5,2,2,10,623
8.5,2,2,11,625
8.5,2,2,12,627
8.5,2,2,13,629
8.5,2,2,14,631
8.5,2,2,15,633
8.5,2,3,0,606
8.5,2,3,1,608
8.5,2,3,2,610
8.5,2,3,3,612
8.5,2,3,4,614
8.5,2,3,5,616
8.5,2,3,6,618
8.5,2,3,7,619
8.5,2,3,8,621
8.5,2,3,9,623
8.5,2,3,10,625
8.5,2,3,11,627
8.5,2,3,12,629
8.5,2,3,13,631
8.5,2,3,14,633
8.5,2,3,15,635
8.5,2,4,0,608
8.5,2,4,1,610
8.5,2,4,2,612
8.5,2,4,3,614
8.5,2,4,4,616
8.5,2,4,5,618
8.5,2,4,6,620
8.5,2,4,7,622
8.5,2,4,8,623
8.5,2,4,9,625
8.5,2,4,10,627
8.5,2,4,11,629
8.5,2,4,12,631
8.5,2,4,13,633
8.5,2,4,14,635
8.5,2,4,15,637
8.5,2,5,0,610
8.5,2,5,1,612
8.5,2,5,2,614
8.5,2,5,3,616
8.5,2,5,4,618
8.5,2,5,5,620
8.5,2,5,6,622
8.5,2,5,7,624
8.5,2,5,8,625
8.5,2,5,9,627
8.5,2,5,10,629
8.5,2,5,11,631
8.5,2,5,12,633
8.5,2,5,13,635
8.5,2,5,14,637
8.5,2,5,15,639
8.5,2,6,0,612
8.5,2,6,1,614
8.5,2,6,2,616
8.5,2,6,3,618
8.5,2,6,4,620
8.5,2,6,5,622
8.5,2,6,6,624
8.5,2,6,7,626
8.5,2,6,8,628
8.5,2,6,9,629
8.5,2,6,10,631
8.5,2,6,11,633
8.5,2,6,12,635
8.5,2,6,13,637
8.5,2,6,14,639
8.5,2,6,15,641
8.5,2,7,0,614
8.5,2,7,1,616
8.5,2,7,2,618
8.5,2,7,3,620
8.5,2,7,4,622
8.5,2,7,5,624
8.5,2,7,6,626
8.5,2,7,7,628
8.5,2,7,8,630
8.5,2,7,9,631
8.5,2,7,10,633
8.5,2,7,11,635
8.5,2,7,12,637
8.5,2,7,13,639
8.5,2,7,14,641
8.5,2,7,15,643
8.5,2,8,0,616
8.5,2,8,1,618
8.5,2,8,2,620
8.5,2,8,3,622
8.5,2,8,4,624
8.5,2,8,5,626
8.5,2,8,6,628
8.5,2,8,7,630
8.5,2,8,8,632
8.5,2,8,9,633
8.5,2,8,10,635
8.5,2,8,11,637
8.5,2,8,12,639
8.5,2,8,13,641
8.5,2,8,14,643
8.5,2,8,15,645
8.5,2,9,0,618
8.5,2,9,1,620
8.5,2,9,2,622
8.5,2,9,3,624
8.5,2,9,4,626
8.5,2,9,5,628
8.5,2,9,6,630
8.5,2,9,7,632
8.5,2,9,8,634
8.5,2,9,9,635
8.5,2,9,10,637
8.5,2,9,11,639
8.5,2,9,12,641
8.5,2,9,13,643
8.5,2,9,14,645
8.5,2,9,15,647
8.5,2,10,0,620
8.5,2,10,1,622
8.5,2,10,2,624
8.5,2,10,3,626
8.5,2,10,4,628
8.5,2,10,5,630
8.5,2,10,6,632
8.5,2,10,7,634
8.5,2,10,8,636
8.5,2,10,9,638
8.5,2,10,10,639
8.5,2,10,11,641
8.5,2,10,12,643
8.5,2,10,13,645
8.5,2,10,14,647
8.5,2,10,15,649
8.5,2,11,0,622
8.5,2,11,1,624
8.5,2,11,2,626
8.5,2,11,3,628
8.5,2,11,4,630
8.5,2,11,5,632
8.5,2,11,6,634
8.5,2,11,7,636
8.5,2,11,8,638
8.5,2,11,9,640
8.5,2,11,10,641
8.5,2,11,11,643
8.5,2,11,12,645
8.5,2,11,13,647
8.5,2,11,14,649
8.5,2,11,15,651
8.5,2,12,0,624
8.5,2,12,1,626
8.5,2,12,2,628
8.5,2,12,3,630
8.5,2,12,4,632
8.5,2,12,5,634
8.5,2,12,6,636
8.5,2,12,7,638
8.5,2,12,8,640
8.5,2,12,9,642
8.5,2,12,10,643
8.5,2,12,11,645
8.5,2,12,12,647
8.5,2,12,13,649
8.5,2,12,14,651
8.5,2,12,15,653
8.5,2,13,0,626
8.5,2,13,1,628
8.5,2,13,2,630
8.5,2,13,3,632
8.5,2,13,4,634
8.5,2,13,5,636
8.5,2,13,6,638
8.5,2,13,7,640
8.5,2,13,8,642
8.5,2,13,9,643
8.5,2,13,10,645
8.5,2,13,11,647
8.5,2,13,12,649
8.5,2,13,13,651
8.5,2,13,14,653
8.5,2,13,15,655
8.5,2,14,0,628
8.5,2,14,1,630
8.5,2,14,2,632
8.5,2,14,3,634
8.5,2,14,4,636
8.5,2,14,5,638
8.5,2,14,6,640
8.5,2,14,7,642
8.5,2,14,8,644
8.5,2,14,9,645
8.5,2,14,10,647
8.5,2,14,11,649
8.5,2,14,12,651
8.5,2,14,13,653
8.5,2,14,14,655
8.5,2,14,15,657
8.5,2,15,0,629
8.5,2,15,1,631
8.5,2,15,2,633
8.5,2,15,3,635
8.5,2,15,4,638
8.5,2,15,5,640
8.5,2,15,6,642
8.5,2,15,7,643
8.5,2,15,8,645
8.5,2,15,9,647
8.5,2,15,10,649
8.5,2,15,11,651
8.5,2,15,12,653
8.5,2,15,13,655
8.5,2,15,14,657
8.5,2,15,15,659
8.5,3,0,0,602
8.5,3,0,1,604
8.5,3,0,2,606
8.5,3,0,3,608
8.5,3,0,4,610
8.5,3,0,5,612
8.5,3,0,6,614
8.5,3,0,7,616
8.5,3,0,8,618
8.5,3,0,9,619
8.5,3,0,10,621
8.5,3,0,11,623
8.5,3,0,12,625
8.5,3,0,13,627
8.5,3,0,14,629
8.5,3,0,15,631
8.5,3,1,0,604
8.5,3,1,1,606
8.5,3,1,2,608
8.5,3,1,3,610
8.5,3,1,4,612
8.5,3,1,5,614
8.5,3,1,6,616
8.5,3,1,7,618
8.5,3,1,8,620
8.5,3,1,9,622
8.5,3,1,10,623
8.5,3,1,11,625
8.5,3,1,12,627
8.5,3,1,13,629
8.5,3,1,14,631
8.5,3,1,15,633
8.5,3,2,0,606
8.5,3,2,1,608
8.5,3,2,2,610
8.5,3,2,3,612
8.5,3,2,4,614
8.5,3,2,5,616
8.5,3,2,6,618
8.5,3,2,7,620
8.5,3,2,8,622
8.5,3,2,9,624
8.5,3,2,10,626
8.5,3,2,11,627
8.5,3,2,12,629
8.5,3,2,13,631
8.5,3,2,14,633
8.5,3,2,15,635
8.5,3,3,0,608
8.5,3,3,1,610
8.5,3,3,2,612
8.5,3,3,3,614
8.5,3,3,4,616
8.5,3,3,5,618
8.5,3,3,6,620
8.5,3,3,7,622
8.5,3,3,8,624
8.5,3,3,9,626
8.5,3,3,10,628
8.5,3,3,11,629
8.5,3,3,12,631
8.5,3,3,13,633
8.5,3,3,14,635
8.5,3,3,15,637
8.5,3,4,0,610
8.5,3,4,1,612
8.5,3,4,2,614
8.5,3,4,3,616
8.5,3,4,4,618
8.5,3,4,5,620
8.5,3,4,6,622
8.5,3,4,7,624
8.5,3,4,8,626
8.5,3,4,9,628
8.5,3,4,10,630
8.5,3,4,11,632
8.5,3,4,12,633
8.5,3,4,13,635
8.5,3,4,14,637
8.5,3,4,15,639
8.5,3,5,0,612
8.5,3,5,1,614
8.5,3,5,2,616
8.5,3,5,3,618
8.5,3,5,4,620
8.5,3,5,5,622
8.5,3,5,6,624
8.5,3,5,7,626
8.5,3,5,8,628
8.5,3,5,9,630
8.5,3,5,10,632
8.5,3,5,11,634
8.5,3,5,12,636
8.5,3,5,13,637
8.5,3,5,14,639
8.5,3,5,15,641
8.5,3,6,0,614
8.5,3,6,1,616
8.5,3,6,2,618
8.5,3,6,3,620
8.5,3,6,4,622
8.5,3,6,5,624
8.5,3,6,6,626
8.5,3,6,7,628
8.5,3,6,8,630
8.5,3,6,9,632
8.5,3,6,10,634
8.5,3,6,11,636
8.5,3,6,12,638
8.5,3,6,13,639
8.5,3,6,14,641
8.5,3,6,15,643
8.5,3,7,0,616
8.5,3,7,1,618
8.5,3,7,2,620
8.5,3,7,3,622
8.5,3,7,4,624
8.5,3,7,5,626
8.5,3,7,6,628
8.5,3,7,7,630
8.5,3,7,8,632
8.5,3,7,9,634
8.5,3,7,10,636
8.5,3,7,11,638
8.5,3,7,12,640
8.5,3,7,13,642
8.5,3,7,14,643
8.5,3,7,15,645
8.5,3,8,0,618
8.5,3,8,1,620
8.5,3,8,2,622
8.5,3,8,3,624
8.5,3,8,4,626
8.5,3,8,5,628
8.5,3,8,6,630
8.5,3,8,7,632
8.5,3,8,8,634
8.5,3,8,9,636
8.5,3,8,10,638
8.5,3,8,11,640
8.5,3,8,12,642
8.5,3,8,13,644
8.5,3,8,14,646
8.5,3,8,15,647
8.5,3,9,0,620
8.5,3,9,1,622
8.5,3,9,2,624
8.5,3,9,3,626
8.5,3,9,4,628
8.5,3,9,5,630
8.5,3,9,6,632
8.5,3,9,7,634
8.5,3,9,8,636
8.5,3,9,9,638
8.5,3,9,10,640
8.5,3,9,11,642
8.5,3,9,12,644
8.5,3,9,13,646
8.5,3,9,14,648
8.5,3,9,15,649
8.5,3,10,0,622
8.5,3,10,1,624
8.5,3,10,2,626
8.5,3,10,3,628
8.5,3,10,4,630
8.5,3,10,5,632
8.5,3,10,6,634
8.5,3,10,7,636
8.5,3,10,8,638
8.5,3,10,9,640
8.5,3,10,10,642
8.5,3,10,11,644
8.5,3,10,12,646
8.5,3,10,13,648
8.5,3,10,14,650
8.5,3,10,15,652
8.5,3,11,0,624
8.5,3,11,1,626
8.5,3,11,2,628
8.5,3,11,3,630
8.5,3,11,4,632
8.5,3,11,5,634
8.5,3,11,6,636
8.5,3,11,7,638
8.5,3,11,8,640
8.5,3,11,9,642
8.5,3,11,10,644
8.5,3,11,11,646
8.5,3,11,12,648
8.5,3,11,13,650
8.5,3,11,14,652
8.5,3,11,15,654
8.5,3,12,0,626
8.5,3,12,1,628
8.5,3,12,2,630
8.5,3,12,3,632
8.5,3,12,4,634
8.5,3,12,5,636
8.5,3,12,6,638
8.5,3,12,7,640
8.5,3,12,8,642
8.5,3,12,9,644
8.5,3,12,10,646
8.5,3,12,11,648
8.5,3,12,12,650
8.5,3,12,13,652
8.5,3,12,14,654
8.5,3,12,15,656
8.5,3,13,0,628
8.5,3,13,1,630
8.5,3,13,2,632
8.5,3,13,3,634
8.5,3,13,4,636
8.5,3,13,5,638
8.5,3,13,6,640
8.5,3,13,7,642
8.5,3,13,8,644
8.5,3,13,9,646
8.5,3,13,10,648
8.5,3,13,11,650
8.5,3,13,12,652
8.5,3,13,13,654
8.5,3,13,14,656
8.5,3,13,15,658
8.5,3,14,0,630
8.5,3,14,1,632
8.5,3,14,2,634
8.5,3,14,3,636
8.5,3,14,4,638
8.5,3,14,5,640
8.5,3,14,6,642
8.5,3,14,7,644
8.5,3,14,8,646
8.5,3,14,9,648
8.5,3,14,10,650
8.5,3,14,11,652
8.5,3,14,12,654
8.5,3,14,13,656
8.5,3,14,14,658
8.5,3,14,15,660
8.5,3,15,0,632
8.5,3,15,1,634
8.5,3,15,2,636
8.5,3,15,3,638
8.5,3,15,4,640
8.5,3,15,5,642
8.5,3,15,6,644
8.5,3,15,7,646
8.5,3,15,8,648
8.5,3,15,9,650
8.5,3,15,10,652
8.5,3,15,11,654
8.5,3,15,12,656
8.5,3,15,13,658
8.5,3,15,14,660
8.5,3,15,15,662
8.5,4,0,0,605
8.5,4,0,1,606
8.5,4,0,2,608
8.5,4,0,3,610
8.5,4,0,4,612
8.5,4,0,5,614
8.5,4,0,6,616
8.5,4,0,7,618
8.5,4,0,8,620
8.5,4,0,9,622
8.5,4,0,10,624
8.5,4,0,11,626
8.5,4,0,12,627
8.5,4,0,13,629
8.5,4,0,14,631
8.5,4,0,15,633
8.5,4,1,0,607
8.5,4,1,1,608
8.5,4,1,2,610
8.5,4,1,3,612
8.5,4,1,4,614
8.5,4,1,5,616
8.5,4,1,6,618
8.5,4,1,7,620
8.5,4,1,8,622
8.5,4,1,9,624
8.5,4,1,10,626
8.5,4,1,11,628
8.5,4,1,12,630
8.5,4,1,13,631
8.5,4,1,14,633
8.5,4,1,15,635
8.5,4,2,0,609
8.5,4,2,1,611
8.5,4,2,2,612
8.5,4,2,3,614
8.5,4,2,4,616
8.5,4,2,5,618
8.5,4,2,6,620
8.5,4,2,7,622
8.5,4,2,8,624
8.5,4,2,9,626
8.5,4,2,10,628
8.5,4,2,11,630
8.5,4,2,12,632
8.5,4,2,13,634
8.5,4,2,14,635
8.5,4,2,15,637
8.5,4,3,0,611
8.5,4,3,1,613
8.5,4,3,2,614
8.5,4,3,3,616
8.5,4,3,4,618
8.5,4,3,5,620
8.5,4,3,6,622
8.5,4,3,7,624
8.5,4,3,8,626
8.5,4,3,9,628
8.5,4,3,10,630
8.5,4,3,11,632
8.5,4,3,12,634
8.5,4,3,13,636
8.5,4,3,14,638
8.5,4,3,15,639
8.5,4,4,0,613
8.5,4,4,1,615
8.5,4,4,2,617
8.5,4,4,3,618
8.5,4,4,4,620
8.5,4,4,5,622
8.5,4,4,6,624
8.5,4,4,7,626
8.5,4,4,8,628
8.5,4,4,9,630
8.5,4,4,10,632
8.5,4,4,11,634
8.5,4,4,12,636
8.5,4,4,13,638
8.5,4,4,14,640
8.5,4,4,15,642
8.5,4,5,0,615
8.5,4,5,1,617
8.5,4,5,2,619
8.5,4,5,3,620
8.5,4,5,4,622
8.5,4,5,5,624
8.5,4,5,6,626
8.5,4,5,7,628
8.5,4,5,8,630
8.5,4,5,9,632
8.5,4,5,10,634
8.5,4,5,11,636
8.5,4,5,12,638
8.5,4,5,13,640
8.5,4,5,14,642
8.5,4,5,15,644
8.5,4,6,0,617
8.5,4,6,1,619
8.5,4,6,2,621
8.5,4,6,3,623
8.5,4,6,4,624
8.5,4,6,5,626
8.5,4,6,6,628
8.5,4,6,7,630
8.5,4,6,8,632
8.5,4,6,9,634
8.5,4,6,10,636
8.5,4,6,11,638
8.5,4,6,12,640
8.5,4,6,13,642
8.5,4,6,14,644
8.5,4,6,15,646
8.5,4,7,0,619
8.5,4,7,1,621
8.5,4,7,2,623
8.5,4,7,3,625
8.5,4,7,4,626
8.5,4,7,5,628
8.5,4,7,6,630
8.5,4,7,7,632
8.5,4,7,8,634
8.5,4,7,9,636
8.5,4,7,10,638
8.5,4,7,11,640
8.5,4,7,12,642
8.5,4,7,13,644
8.5,4,7,14,646
8.5,4,7,15,648
8.5,4,8,0,621
8.5,4,8,1,623
8.5,4,8,2,625
8.5,4,8,3,627
8.5,4,8,4,628
8.5,4,8,5,630
8.5,4,8,6,632
8.5,4,8,7,634
8.5,4,8,8,636
8.5,4,8,9,638
8.5,4,8,10,640
8.5,4,8,11,642
8.5,4,8,12,644
8.5,4,8,13,646
8.5,4,8,14,648
8.5,4,8,15,650
8.5,4,9,0,623
8.5,4,9,1,625
8.5,4,9,2,627
8.5,4,9,3,629
8.5,4,9,4,630
8.5,4,9,5,632
8.5,4,9,6,634
8.5,4,9,7,636
8.5,4,9,8,638
8.5,4,9,9,640
8.5,4,9,10,642
8.5,4,9,11,644
8.5,4,9,12,646
8.5,4,9,13,648
8.5,4,9,14,650
8.5,4,9,15,652
8.5,4,10,0,624
8.5,4,10,1,626
8.5,4,10,2,628
8.5,4,10,3,630
8.5,4,10,4,632
8.5,4,10,5,634
8.5,4,10,6,636
8.5,4,10,7,638
8.5,4,10,8,640
8.5,4,10,9,642
8.5,4,10,10,644
8.5,4,10,11,646
8.5,4,10,12,648
8.5,4,10,13,650
8.5,4,10,14,652
8.5,4,10,15,654
8.5,4,11,0,626
8.5,4,11,1,628
8.5,4,11,2,630
8.5,4,11,3,632
8.5,4,11,4,634
8.5,4,11,5,636
8.5,4,11,6,638
8.5,4,11,7,640
8.5,4,11,8,642
8.5,4,11,9,644
8.5,4,11,10,646
8.5,4,11,11,648
8.5,4,11,12,650
8.5,4,11,13,652
8.5,4,11,14,654
8.5,4,11,15,656
8.5,4,12,0,628
8.5,4,12,1,630
8.5,4,12,2,632
8.5,4,12,3,634
8.5,4,12,4,636
8.5,4,12,5,638
8.5,4,12,6,640
8.5,4,12,7,642
8.5,4,12,8,644
8.5,4,12,9,646
8.5,4,12,10,648
8.5,4,12,11,650
8.5,4,12,12,652
8.5,4,12,13,654
8.5,4,12,14,656
8.5,4,12,15,658
8.5,4,13,0,630
8.5,4,13,1,632
8.5,4,13,2,634
8.5,4,13,3,636
8.5,4,13,4,638
8.5,4,13,5,640
8.5,4,13,6,642
8.5,4,13,7,644
8.5,4,13,8,646
8.5,4,13,9,648
8.5,4,13,10,650
8.5,4,13,11,652
8.5,4,13,12,654
8.5,4,13,13,656
8.5,4,13,14,658
8.5,4,13,15,660
8.5,4,14,0,632
8.5,4,14,1,634
8.5,4,14,2,636
8.5,4,14,3,638
8.5,4,14,4,640
8.5,4,14,5,642
8.5,4,14,6,644
8.5,4,14,7,646
8.5,4,14,8,648
8.5,4,14,9,650
8.5,4,14,10,652
8.5,4,14,11,654
8.5,4,14,12,656
8.5,4,14,13,658
8.5,4,14,14,660
8.5,4,14,15,662
8.5,4,15,0,634
8.5,4,15,1,636
8.5,4,15,2,638
8.5,4,15,3,640
8.5,4,15,4,642
8.5,4,15,5,644
8.5,4,15,6,646
8.5,4,15,7,648
8.5,4,15,8,650
8.5,4,15,9,652
8.5,4,15,10,654
8.5,4,15,11,656
8.5,4,15,12,658
8.5,4,15,13,660
8.5,4,15,14,662
8.5,4,15,15,664
8.5,5,0,0,607
8.5,5,0,1,609
8.5,5,0,2,611
8.5,5,0,3,613
8.5,5,0,4,615
8.5,5,0,5,617
8.5,5,0,6,618
8.5,5,0,7,620
8.5,5,0,8,622
8.5,5,0,9,624
8.5,5,0,10,626
8.5,5,0,11,628
8.5,5,0,12,630
8.5,5,0,13,632
8.5,5,0,14,634
8.5,5,0,15,635
8.5,5,1,0,609
8.5,5,1,1,611
8.5,5,1,2,613
8.5,5,1,3,615
8.5,5,1,4,617
8.5,5,1,5,619
8.5,5,1,6,620
8.5,5,1,7,622
8.5,5,1,8,624
8.5,5,1,9,626
8.5,5,1,10,628
8.5,5,1,11,630
8.5,5,1,12,632
8.5,5,1,13,634
8.5,5,1,14,636
8.5,5,1,15,638
8.5,5,2,0,611
8.5,5,2,1,613
8.5,5,2,2,615
8.5,5,2,3,617
8.5,5,2,4,619
8.5,5,2,5,621
8.5,5,2,6,623
8.5,5,2,7,624
8.5,5,2,8,626
8.5,5,2,9,628
8.5,5,2,10,630
8.5,5,2,11,632
8.5,5,2,12,634
8.5,5,2,13,636
8.5,5,2,14,638
8.5,5,2,15,640
8.5,5,3,0,613
8.5,5,3,1,615
8.5,5,3,2,617
8.5,5,3,3,619
8.5,5,3,4,621
8.5,5,3,5,623
8.5,5,3,6,625
8.5,5,3,7,627
8.5,5,3,8,628
8.5,5,3,9,630
8.5,5,3,10,632
8.5,5,3,11,634
8.5,5,3,12,636
8.5,5,3,13,638
8.5,5,3,14,640
8.5,5,3,15,642
8.5,5,4,0,615
8.5,5,4,1,617
8.5,5,4,2,619
8.5,5,4,3,621
8.5,5,4,4,623
8.5,5,4,5,625
8.5,5,4,6,627
8.5,5,4,7,629
8.5,5,4,8,631
8.5,5,4,9,632
8.5,5,4,10,634
8.5,5,4,11,636
8.5,5,4,12,638
8.5,5,4,13,640
8.5,5,4,14,642
8.5,5,4,15,644
8.5,5,5,0,617
8.5,5,5,1,619
8.5,5,5,2,621
8.5,5,5,3,623
8.5,5,5,4,625
8.5,5,5,5,627
8.5,5,5,6,629
8.5,5,5,7,631
8.5,5,5,8,633
8.5,5,5,9,635
8.5,5,5,10,636
8.5,5,5,11,638
8.5,5,5,12,640
8.5,5,5,13,642
8.5,5,5,14,644
8.5,5,5,15,646
8.5,5,6,0,619
8.5,5,6,1,621
8.5,5,6,2,623
8.5,5,6,3,625
8.5,5,6,4,627
8.5,5,6,5,629
8.5,5,6,6,631
8.5,5,6,7,633
8.5,5,6,8,635
8.5,5,6,9,637
8.5,5,6,10,639
8.5,5,6,11,640
8.5,5,6,12,642
8.5,5,6,13,644
8.5,5,6,14,646
8.5,5,6,15,648
8.5,5,7,0,621
8.5,5,7,1,623
8.5,5,7,2,625
8.5,5,7,3,627
8.5,5,7,4,629
8.5,5,7,5,631
8.5,5,7,6,633
8.5,5,7,7,635
8.5,5,7,8,637
8.5,5,7,9,639
8.5,5,7,10,641
8.5,5,7,11,643
8.5,5,7,12,644
8.5,5,7,13,646
8.5,5,7,14,648
8.5,5,7,15,650
8.5,5,8,0,623
8.5,5,8,1,625
8.5,5,8,2,627
8.5,5,8,3,629
8.5,5,8,4,631
8.5,5,8,5,633
8.5,5,8,6,635
8.5,5,8,7,637
8.5,5,8,8,639
8.5,5,8,9,641
8.5,5,8,10,643
8.5,5,8,11,645
8.5,5,8,12,647
8.5,5,8,13,648
8.5,5,8,14,650
8.5,5,8,15,652
8.5,5,9,0,625
8.5,5,9,1,627
8.5,5,9,2,629
8.5,5,9,3,631
8.5,5,9,4,633
8.5,5,9,5,635
8.5,5,9,6,637
8.5,5,9,7,639
8.5,5,9,8,641
8.5,5,9,9,643
8.5,5,9,10,645
8.5,5,9,11,647
8.5,5,9,12,649
8.5,5,9,13,651
8.5,5,9,14,652
8.5,5,9,15,654
8.5,5,10,0,627
8.5,5,10,1,629
8.5,5,10,2,631
8.5,5,10,3,633
8.5,5,10,4,635
8.5,5,10,5,637
8.5,5,10,6,639
8.5,5,10,7,641
8.5,5,10,8,643
8.5,5,10,9,645
8.5,5,10,10,647
8.5,5,10,11,649
8.5,5,10,12,651
8.5,5,10,13,653
8.5,5,10,14,655
8.5,5,10,15,656
8.5,5,11,0,629
8.5,5,11,1,631
8.5,5,11,2,633
8.5,5,11,3,635
8.5,5,11,4,637
8.5,5,11,5,639
8.5,5,11,6,641
8.5,5,11,7,643
8.5,5,11,8,645
8.5,5,11,9,647
8.5,5,11,10,649
8.5,5,11,11,651
8.5,5,11,12,653
8.5,5,11,13,655
8.5,5,11,14,657
8.5,5,11,15,659
8.5,5,12,0,631
8.5,5,12,1,633
8.5,5,12,2,635
8.5,5,12,3,637
8.5,5,12,4,639
8.5,5,12,5,641
8.5,5,12,6,643
8.5,5,12,7,645
8.5,5,12,8,647
8.5,5,12,9,649
8.5,5,12,10,651
8.5,5,12,11,653
8.5,5,12,12,655
8.5,5,12,13,657
8.5,5,12,14,659
8.5,5,12,15,661
8.5,5,13,0,633
8.5,5,13,1,635
8.5,5,13,2,637
8.5,5,13,3,639
8.5,5,13,4,641
8.5,5,13,5,643
8.5,5,13,6,645
8.5,5,13,7,647
8.5,5,13,8,649
8.5,5,13,9,651
8.5,5,13,10,653
8.5,5,13,11,655
8.5,5,13,12,657
8.5,5,13,13,659
8.5,5,13,14,661
8.5,5,13,15,663
8.5,5,14,0,635
8.5,5,14,1,637
8.5,5,14,2,639
8.5,5,14,3,641
8.5,5,14,4,643
8.5,5,14,5,645
8.5,5,14,6,647
8.5,5,14,7,649
8.5,5,14,8,651
8.5,5,14,9,653
8.5,5,14,10,655
8.5,5,14,11,657
8.5,5,14,12,659
8.5,5,14,13,661
8.5,5,14,14,663
8.5,5,14,15,665
8.5,5,15,0,637
8.5,5,15,1,639
8.5,5,15,2,641
8.5,5,15,3,643
8.5,5,15,4,645
8.5,5,15,5,647
8.5,5,15,6,649
8.5,5,15,7,651
8.5,5,15,8,653
8.5,5,15,9,655
8.5,5,15,10,657
8.5,5,15,11,659
8.5,5,15,12,661
8.5,5,15,13,663
8.5,5,15,14,665
8.5,5,15,15,667
8.5,6,0,0,609
8.5,6,0,1,611
8.5,6,0,2,613
8.5,6,0,3,615
8.5,6,0,4,617
8.5,6,0,5,619
8.5,6,0,6,621
8.5,6,0,7,623
8.5,6,0,8,625
8.5,6,0,9,627
8.5,6,0,10,628
8.5,6,0,11,630
8.5,6,0,12,632
8.5,6,0,13,634
8.5,6,0,14,636
8.5,6,0,15,638
8.5,6,1,0,611
8.5,6,1,1,613
8.5,6,1,2,615
8.5,6,1,3,617
8.5,6,1,4,619
8.5,6,1,5,621
8.5,6,1,6,623
8.5,6,1,7,625
8.5,6,1,8,627
8.5,6,1,9,629
8.5,6,1,10,631
8.5,6,1,11,632
8.5,6,1,12,634
8.5,6,1,13,636
8.5,6,1,14,638
8.5,6,1,15,640
8.5,6,2,0,613
8.5,6,2,1,615
8.5,6,2,2,617
8.5,6,2,3,619
8.5,6,2,4,621
8.5,6,2,5,623
8.5,6,2,6,625
8.5,6,2,7,627
8.5,6,2,8,629
8.5,6,2,9,631
8.5,6,2,10,633
8.5,6,2,11,635
8.5,6,2,12,636
8.5,6,2,13,638
8.5,6,2,14,640
8.5,6,2,15,642
8.5,6,3,0,615
8.5,6,3,1,617
8.5,6,3,2,619
8.5,6,3,3,621
8.5,6,3,4,623
8.5,6,3,5,625
8.5,6,3,6,627
8.5,6,3,7,629
8.5,6,3,8,631
8.5,6,3,9,633
8.5,6,3,10,635
8.5,6,3,11,637
8.5,6,3,12,639
8.5,6,3,13,640
8.5,6,3,14,642
8.5,6,3,15,644
8.5,6,4,0,617
8.5,6,4,1,619
8.5,6,4,2,621
8.5,6,4,3,623
8.5,6,4,4,625
8.5,6,4,5,627
8.5,6,4,6,629
8.5,6,4,7,631
8.5,6,4,8,633
8.5,6,4,9,635
8.5,6,4,10,637
8.5,6,4,11,639
8.5,6,4,12,641
8.5,6,4,13,643
8.5,6,4,14,644
8.5,6,4,15,646
8.5,6,5,0,619
8.5,6,5,1,621
8.5,6,5,2,623
8.5,6,5,3,625
8.5,6,5,4,627
8.5,6,5,5,629
8.5,6,5,6,631
8.5,6,5,7,633
8.5,6,5,8,635
8.5,6,5,9,637
8.5,6,5,10,639
8.5,6,5,11,641
8.5,6,5,12,643
8.5,6,5,13,645
8.5,6,5,14,647
8.5,6,5,15,649
8.5,6,6,0,621
8.5,6,6,1,623
8.5,6,6,2,625
8.5,6,6,3,627
8.5,6,6,4,629
8.5,6,6,5,631
8.5,6,6,6,633
8.5,6,6,7,635
8.5,6,6,8,637
8.5,6,6,9,639
8.5,6,6,10,641
8.5,6,6,11,643
8.5,6,6,12,645
8.5,6,6,13,647
8.5,6,6,14,649
8.5,6,6,15,651
8.5,6,7,0,623
8.5,6,7,1,625
8.5,6,7,2,627
8.5,6,7,3,629
8.5,6,7,4,631
8.5,6,7,5,633
8.5,6,7,6,635
8.5,6,7,7,637
8.5,6,7,8,639
8.5,6,7,9,641
8.5,6,7,10,643
8.5,6,7,11,645
8.5,6,7,12,647
8.5,6,7,13,649
8.5,6,7,14,651
8.5,6,7,15,653
8.5,6,8,0,625
8.5,6,8,1,627
8.5,6,8,2,629
8.5,6,8,3,631
8.5,6,8,4,633
8.5,6,8,5,635
8.5,6,8,6,637
8.5,6,8,7,639
8.5,6,8,8,641
8.5,6,8,9,643
8.5,6,8,10,645
8.5,6,8,11,647
8.5,6,8,12,649
8.5,6,8,13,651
8.5,6,8,14,653
8.5,6,8,15,655
8.5,6,9,0,627
8.5,6,9,1,629
8.5,6,9,2,631
8.5,6,9,3,633
8.5,6,9,4,635
8.5,6,9,5,637
8.5,6,9,6,639
8.5,6,9,7,641
8.5,6,9,8,643
8.5,6,9,9,645
8.5,6,9,10,647
8.5,6,9,11,649
8.5,6,9,12,651
8.5,6,9,13,653
8.5,6,9,14,655
8.5,6,9,15,657
8.5,6,10,0,629
8.5,6,10,1,631
8.5,6,10,2,633
8.5,6,10,3,635
8.5,6,10,4,637
8.5,6,10,5,639
8.5,6,10,6,641
8.5,6,10,7,643
8.5,6,10,8,645
8.5,6,10,9,647
8.5,6,10,10,649
8.5,6,10,11,651
8.5,6,10,12,653
8.5,6,10,13,655
8.5,6,10,14,657
8.5,6,10,15,659
8.5,6,11,0,631
8.5,6,11,1,633
8.5,6,11,2,635
8.5,6,11,3,637
8.5,6,11,4,639
8.5,6,11,5,641
8.5,6,11,6,643
8.5,6,11,7,645
8.5,6,11,8,647
8.5,6,11,9,649
8.5,6,11,10,651
8.5,6,11,11,653
8.5,6,11,12,655
8.5,6,11,13,657
8.5,6,11,14,659
8.5,6,11,15,661
8.5,6,12,0,633
8.5,6,12,1,635
8.5,6,12,2,637
8.5,6,12,3,639
8.5,6,12,4,641
8.5,6,12,5,643
8.5,6,12,6,645
8.5,6,12,7,647
8.5,6,12,8,649
8.5,6,12,9,651
8.5,6,12,10,653
8.5,6,12,11,655
8.5,6,12,12,657
8.5,6,12,13,659
8.5,6,12,14,661
8.5,6,12,15,663
8.5,6,13,0,635
8.5,6,13,1,637
8.5,6,13,2,639
8.5,6,13,3,641
8.5,6,13,4,643
8.5,6,13,5,645
8.5,6,13,6,647
8.5,6,13,7,649
8.5,6,13,8,651
8.5,6,13,9,653
8.5,6,13,10,655
8.5,6,13,11,657
8.5,6,13,12,659
8.5,6,13,13,661
8.5,6,13,14,663
8.5,6,13,15,665
8.5,6,14,0,637
8.5,6,14,1,639
8.5,6,14,2,641
8.5,6,14,3,643
8.5,6,14,4,645
8.5,6,14,5,647
8.5,6,14,6,649
8.5,6,14,7,651
8.5,6,14,8,653
8.5,6,14,9,655
8.5,6,14,10,657
8.5,6,14,11,659
8.5,6,14,12,661
8.5,6,14,13,663
8.5,6,14,14,665
8.5,6,14,15,667
8.5,6,15,0,639
8.5,6,15,1,641
8.5,6,15,2,643
8.5,6,15,3,645
8.5,6,15,4,647
8.5,6,15,5,649
8.5,6,15,6,651
8.5,6,15,7,653
8.5,6,15,8,655
8.5,6,15,9,657
8.5,6,15,10,659
8.5,6,15,11,661
8.5,6,15,12,663
8.5,6,15,13,665
8.5,6,15,14,667
8.5,6,15,15,669
8.5,7,0,0,611
8.5,7,0,1,613
8.5,7,0,2,615
8.5,7,0,3,617
8.5,7,0,4,619
8.5,7,0,5,621
8.5,7,0,6,623
8.5,7,0,7,625
8.5,7,0,8,627
8.5,7,0,9,629
8.5,7,0,10,631
8.5,7,0,11,633
8.5,7,0,12,635
8.5,7,0,13,636
8.5,7,0,14,638
8.5,7,0,15,640
8.5,7,1,0,613
8.5,7,1,1,615
8.5,7,1,2,617
8.5,7,1,3,619
8.5,7,1,4,621
8.5,7,1,5,623
8.5,7,1,6,625
8.5,7,1,7,627
8.5,7,1,8,629
8.5,7,1,9,631
8.5,7,1,10,633
8.5,7,1,11,635
8.5,7,1,12,637
8.5,7,1,13,639
8.5,7,1,14,641
8.5,7,1,15,642
8.5,7,2,0,615
8.5,7,2,1,617
8.5,7,2,2,619
8.5,7,2,3,621
8.5,7,2,4,623
8.5,7,2,5,625
8.5,7,2,6,627
8.5,7,2,7,629
8.5,7,2,8,631
8.5,7,2,9,633
8.5,7,2,10,635
8.5,7,2,11,637
8.5,7,2,12,639
8.5,7,2,13,641
8.5,7,2,14,643
8.5,7,2,15,645
8.5,7,3,0,617
8.5,7,3,1,619
8.5,7,3,2,621
8.5,7,3,3,623
8.5,7,3,4,625
8.5,7,3,5,627
8.5,7,3,6,629
8.5,7,3,7,631
8.5,7,3,8,633
8.5,7,3,9,635
8.5,7,3,10,637
8.5,7,3,11,639
8.5,7,3,12,641
8.5,7,3,13,643
8.5,7,3,14,645
8.5,7,3,15,647
8.5,7,4,0,620
8.5,7,4,1,622
8.5,7,4,2,623
8.5,7,4,3,625
8.5,7,4,4,627
8.5,7,4,5,629
8.5,7,4,6,631
8.5,7,4,7,633
8.5,7,4,8,635
8.5,7,4,9,637
8.5,7,4,10,639
8.5,7,4,11,641
8.5,7,4,12,643
8.5,7,4,13,645
8.5,7,4,14,647
8.5,7,4,15,649
8.5,7,5,0,622
8.5,7,5,1,624
8.5,7,5,2,626
8.5,7,5,3,628
8.5,7,5,4,630
8.5,7,5,5,631
8.5,7,5,6,633
8.5,7,5,7,635
8.5,7,5,8,637
8.5,7,5,9,639
8.5,7,5,10,641
8.5,7,5,11,643
8.5,7,5,12,645
8.5,7,5,13,647
8.5,7,5,14,649
8.5,7,5,15,651
8.5,7,6,0,624
8.5,7,6,1,626
8.5,7,6,2,628
8.5,7,6,3,630
8.5,7,6,4,632
8.5,7,6,5,634
8.5,7,6,6,636
8.5,7,6,7,637
8.5,7,6,8,639
8.5,7,6,9,641
8.5,7,6,10,643
8.5,7,6,11,645
8.5,7,6,12,647
8.5,7,6,13,649
8.5,7,6,14,651
8.5,7,6,15,653
8.5,7,7,0,626
8.5,7,7,1,628
8.5,7,7,2,630
8.5,7,7,3,632
8.5,7,7,4,634
8.5,7,7,5,636
8.5,7,7,6,638
8.5,7,7,7,640
8.5,7,7,8,642
8.5,7,7,9,643
8.5,7,7,10,645
8.5,7,7,11,647
8.5,7,7,12,649
8.5,7,7,13,651
8.5,7,7,14,653
8.5,7,7,15,655
8.5,7,8,0,628
8.5,7,8,1,630
8.5,7,8,2,632
8.5,7,8,3,634
8.5,7,8,4,636
8.5,7,8,5,638
8.5,7,8,6,640
8.5,7,8,7,642
8.5,7,8,8,644
8.5,7,8,9,646
8.5,7,8,10,648
8.5,7,8,11,649
8.5,7,8,12,651
8.5,7,8,13,653
8.5,7,8,14,655
8.5,7,8,15,657
8.5,7,9,0,630
8.5,7,9,1,632
8.5,7,9,2,634
8.5,7,9,3,636
8.5,7,9,4,638
8.5,7,9,5,640
8.5,7,9,6,642
8.5,7,9,7,644
8.5,7,9,8,646
8.5,7,9,9,648
8.5,7,9,10,650
8.5,7,9,11,652
8.5,7,9,12,653
8.5,7,9,13,655
8.5,7,9,14,657
8.5,7,9,15,659
8.5,7,10,0,632
8.5,7,10,1,634
8.5,7,10,2,636
8.5,7,10,3,638
8.5,7,10,4,640
8.5,7,10,5,642
8.5,7,10,6,644
8.5,7,10,7,646
8.5,7,10,8,648
8.5,7,10,9,650
8.5,7,10,10,652
8.5,7,10,11,654
8.5,7,10,12,656
8.5,7,10,13,658
8.5,7,10,14,659
8.5,7,10,15,661
8.5,7,11,0,634
8.5,7,11,1,636
8.5,7,11,2,638
8.5,7,11,3,640
8.5,7,11,4,642
8.5,7,11,5,644
8.5,7,11,6,646
8.5,7,11,7,648
8.5,7,11,8,650
8.5,7,11,9,652
8.5,7,11,10,654
8.5,7,11,11,656
8.5,7,11,12,658
8.5,7,11,13,660
8.5,7,11,14,662
8.5,7,11,15,664
8.5,7,12,0,636
8.5,7,12,1,638
8.5,7,12,2,640
8.5,7,12,3,642
8.5,7,12,4,644
8.5,7,12,5,646
8.5,7,12,6,648
8.5,7,12,7,650
8.5,7,12,8,652
8.5,7,12,9,654
8.5,7,12,10,656
8.5,7,12,11,658
8.5,7,12,12,660
8.5,7,12,13,662
8.5,7,12,14,664
8.5,7,12,15,666
8.5,7,13,0,637
8.5,7,13,1,640
8.5,7,13,2,642
8.5,7,13,3,644
8.5,7,13,4,646
8.5,7,13,5,648
8.5,7,13,6,650
8.5,7,13,7,652
8.5,7,13,8,654
8.5,7,13,9,656
8.5,7,13,10,658
8.5,7,13,11,660
8.5,7,13,12,662
8.5,7,13,13,664
8.5,7,13,14,666
8.5,7,13,15,668
8.5,7,14,0,639
8.5,7,14,1,642
8.5,7,14,2,644
8.5,7,14,3,646
8.5,7,14,4,648
8.5,7,14,5,650
8.5,7,14,6,652
8.5,7,14,7,654
8.5,7,14,8,656
8.5,7,14,9,658
8.5,7,14,10,660
8.5,7,14,11,662
8.5,7,14,12,664
8.5,7,14,13,666
8.5,7,14,14,668
8.5,7,14,15,670
8.5,7,15,0,641
8.5,7,15,1,643
8.5,7,15,2,646
8.5,7,15,3,648
8.5,7,15,4,650
8.5,7,15,5,652
8.5,7,15,6,654
8.5,7,15,7,656
8.5,7,15,8,658
8.5,7,15,9,660
8.5,7,15,10,662
8.5,7,15,11,664
8.5,7,15,12,666
8.5,7,15,13,668
8.5,7,15,14,670
8.5,7,15,15,672
8.5,8,0,0,614
8.5,8,0,1,616
8.5,8,0,2,618
8.5,8,0,3,620
8.5,8,0,4,622
8.5,8,0,5,623
8.5,8,0,6,625
8.5,8,0,7,627
8.5,8,0,8,629
8.5,8,0,9,631
8.5,8,0,10,633
8.5,8,0,11,635
8.5,8,0,12,637
8.5,8,0,13,639
8.5,8,0,14,641
8.5,8,0,15,643
8.5,8,1,0,616
8.5,8,1,1,618
8.5,8,1,2,620
8.5,8,1,3,622
8.5,8,1,4,624
8.5,8,1,5,626
8.5,8,1,6,628
8.5,8,1,7,629
8.5,8,1,8,631
8.5,8,1,9,633
8.5,8,1,10,635
8.5,8,1,11,637
8.5,8,1,12,639
8.5,8,1,13,641
8.5,8,1,14,643
8.5,8,1,15,645
8.5,8,2,0,618
8.5,8,2,1,620
8.5,8,2,2,622
8.5,8,2,3,624
8.5,8,2,4,626
8.5,8,2,5,628
8.5,8,2,6,630
8.5,8,2,7,632
8.5,8,2,8,633
8.5,8,2,9,635
8.5,8,2,10,637
8.5,8,2,11,639
8.5,8,2,12,641
8.5,8,2,13,643
8.5,8,2,14,645
8.5,8,2,15,647
8.5,8,3,0,620
8.5,8,3,1,622
8.5,8,3,2,624
8.5,8,3,3,626
8.5,8,3,4,628
8.5,8,3,5,630
8.5,8,3,6,632
8.5,8,3,7,634
8.5,8,3,8,636
8.5,8,3,9,638
8.5,8,3,10,639
8.5,8,3,11,641
8.5,8,3,12,643
8.5,8,3,13,645
8.5,8,3,14,647
8.5,8,3,15,649
8.5,8,4,0,622
8.5,8,4,1,624
8.5,8,4,2,626
8.5,8,4,3,628
8.5,8,4,4,630
8.5,8,4,5,632
8.5,8,4,6,634
8.5,8,4,7,636
8.5,8,4,8,638
8.5,8,4,9,640
8.5,8,4,10,642
8.5,8,4,11,644
8.5,8,4,12,645
8.5,8,4,13,647
8.5,8,4,14,649
8.5,8,4,15,651
8.5,8,5,0,624
8.5,8,5,1,626
8.5,8,5,2,628
8.5,8,5,3,630
8.5,8,5,4,632
8.5,8,5,5,634
8.5,8,5,6,636
8.5,8,5,7,638
8.5,8,5,8,640
8.5,8,5,9,642
8.5,8,5,10,644
8.5,8,5,11,646
8.5,8,5,12,648
8.5,8,5,13,650
8.5,8,5,14,651
8.5,8,5,15,653
8.5,8,6,0,626
8.5,8,6,1,628
8.5,8,6,2,630
8.5,8,6,3,632
8.5,8,6,4,634
8.5,8,6,5,636
8.5,8,6,6,638
8.5,8,6,7,640
8.5,8,6,8,642
8.5,8,6,9,644
8.5,8,6,10,646
8.5,8,6,11,648
8.5,8,6,12,650
8.5,8,6,13,652
8.5,8,6,14,654
8.5,8,6,15,655
8.5,8,7,0,628
8.5,8,7,1,630
8.5,8,7,2,632
8.5,8,7,3,634
8.5,8,7,4,636
8.5,8,7,5,638
8.5,8,7,6,640
8.5,8,7,7,642
8.5,8,7,8,644
8.5,8,7,9,646
8.5,8,7,10,648
8.5,8,7,11,650
8.5,8,7,12,652
8.5,8,7,13,654
8.5,8,7,14,656
8.5,8,7,15,658
8.5,8,8,0,630
8.5,8,8,1,632
8.5,8,8,2,634
8.5,8,8,3,636
8.5,8,8,4,638
8.5,8,8,5,640
8.5,8,8,6,642
8.5,8,8,7,644
8.5,8,8,8,646
8.5,8,8,9,648
8.5,8,8,10,650
8.5,8,8,11,652
8.5,8,8,12,654
8.5,8,8,13,656
8.5,8,8,14,658
8.5,8,8,15,660
8.5,8,9,0,632
8.5,8,9,1,634
8.5,8,9,2,636
8.5,8,9,3,638
8.5,8,9,4,640
8.5,8,9,5,642
8.5,8,9,6,644
8.5,8,9,7,646
8.5,8,9,8,648
8.5,8,9,9,650
8.5,8,9,10,652
8.5,8,9,11,654
8.5,8,9,12,656
8.5,8,9,13,658
8.5,8,9,14,660
8.5,8,9,15,662
8.5,8,10,0,634
8.5,8,10,1,636
8.5,8,10,2,638
8.5,8,10,3,640
8.5,8,10,4,642
8.5,8,10,5,644
8.5,8,10,6,646
8.5,8,10,7,648
8.5,8,10,8,650
8.5,8,10,9,652
8.5,8,10,10,654
8.5,8,10,11,656
8.5,8,10,12,658
8.5,8,10,13,660
8.5,8,10,14,662
8.5,8,10,15,664
8.5,8,11,0,636
8.5,8,11,1,638
8.5,8,11,2,640
8.5,8,11,3,642
8.5,8,11,4,644
8.5,8,11,5,646
8.5,8,11,6,648
8.5,8,11,7,650
8.5,8,11,8,652
8.5,8,11,9,654
8.5,8,11,10,656
8.5,8,11,11,658
8.5,8,11,12,660
8.5,8,11,13,662
8.5,8,11,14,664
8.5,8,11,15,666
8.5,8,12,0,638
8.5,8,12,1,640
8.5,8,12,2,642
8.5,8,12,3,644
8.5,8,12,4,646
8.5,8,12,5,648
8.5,8,12,6,650
8.5,8,12,7,652
8.5,8,12,8,654
8.5,8,12,9,656
8.5,8,12,10,658
8.5,8,12,11,660
8.5,8,12,12,662
8.5,8,12,13,664
8.5,8,12,14,666
8.5,8,12,15,668
8.5,8,13,0,640
8.5,8,13,1,642
8.5,8,13,2,644
8.5,8,13,3,646
8.5,8,13,4,648
8.5,8,13,5,650
8.5,8,13,6,652
8.5,8,13,7,654
8.5,8,13,8,656
8.5,8,13,9,658
8.5,8,13,10,660
8.5,8,13,11,662
8.5,8,13,12,664
8.5,8,13,13,666
8.5,8,13,14,668
8.5,8,13,15,670
8.5,8,14,0,642
8.5,8,14,1,644
8.5,8,14,2,646
8.5,8,14,3,648
8.5,8,14,4,650
8.5,8,14,5,652
8.5,8,14,6,654
8.5,8,14,7,656
8.5,8,14,8,658
8.5,8,14,9,660
8.5,8,14,10,662
8.5,8,14,11,664
8.5,8,14,12,666
8.5,8,14,13,668
8.5,8,14,14,670
8.5,8,14,15,672
8.5,8,15,0,644
8.5,8,15,1,646
8.5,8,15,2,648
8.5,8,15,3,650
8.5,8,15,4,652
8.5,8,15,5,654
8.5,8,15,6,656
8.5,8,15,7,658
8.5,8,15,8,660
8.5,8,15,9,662
8.5,8,15,10,664
8.5,8,15,11,666
8.5,8,15,12,668
8.5,8,15,13,670
8.5,8,15,14,672
8.5,8,15,15,674
8.5,9,0,0,616
8.5,9,0,1,618
8.5,9,0,2,620
8.5,9,0,3,622
8.5,9,0,4,624
8.5,9,0,5,626
8.5,9,0,6,628
8.5,9,0,7,630
8.5,9,0,8,632
8.5,9,0,9,634
8.5,9,0,10,635
8.5,9,0,11,637
8.5,9,0,12,639
8.5,9,0,13,641
8.5,9,0,14,643
8.5,9,0,15,645
8.5,9,1,0,618
8.5,9,1,1,620
8.5,9,1,2,622
8.5,9,1,3,624
8.5,9,1,4,626
8.5,9,1,5,628
8.5,9,1,6,630
8.5,9,1,7,632
8.5,9,1,8,634
8.5,9,1,9,636
8.5,9,1,10,638
8.5,9,1,11,640
8.5,9,1,12,641
8.5,9,1,13,643
8.5,9,1,14,645
8.5,9,1,15,647
8.5,9,2,0,620
8.5,9,2,1,622
8.5,9,2,2,624
8.5,9,2,3,626
8.5,9,2,4,628
8.5,9,2,5,630
8.5,9,2,6,632
8.5,9,2,7,634
8.5,9,2,8,636
8.5,9,2,9,638
8.5,9,2,10,640
8.5,9,2,11,642
8.5,9,2,12,644
8.5,9,2,13,646
8.5,9,2,14,647
8.5,9,2,15,649
8.5,9,3,0,622
8.5,9,3,1,624
8.5,9,3,2,626
8.5,9,3,3,628
8.5,9,3,4,630
8.5,9,3,5,632
8.5,9,3,6,634
8.5,9,3,7,636
8.5,9,3,8,638
8.5,9,3,9,640
8.5,9,3,10,642
8.5,9,3,11,644
8.5,9,3,12,646
8.5,9,3,13,648
8.5,9,3,14,650
8.5,9,3,15,652
8.5,9,4,0,624
8.5,9,4,1,626
8.5,9,4,2,628
8.5,9,4,3,630
8.5,9,4,4,632
8.5,9,4,5,634
8.5,9,4,6,636
8.5,9,4,7,638
8.5,9,4,8,640
8.5,9,4,9,642
8.5,9,4,10,644
8.5,9,4,11,646
8.5,9,4,12,648
8.5,9,4,13,650
8.5,9,4,14,652
8.5,9,4,15,654
8.5,9,5,0,626
8.5,9,5,1,628
8.5,9,5,2,630
8.5,9,5,3,632
8.5,9,5,4,634
8.5,9,5,5,636
8.5,9,5,6,638
8.5,9,5,7,640
8.5,9,5,8,642
8.5,9,5,9,644
8.5,9,5,10,646
8.5,9,5,11,648
8.5,9,5,12,650
8.5,9,5,13,652
8.5,9,5,14,654
8.5,9,5,15,656
8.5,9,6,0,628
8.5,9,6,1,630
8.5,9,6,2,632
8.5,9,6,3,634
8.5,9,6,4,636
8.5,9,6,5,638
8.5,9,6,6,640
8.5,9,6,7,642
8.5,9,6,8,644
8.5,9,6,9,646
8.5,9,6,10,648
8.5,9,6,11,650
8.5,9,6,12,652
8.5,9,6,13,654
8.5,9,6,14,656
8.5,9,6,15,658
8.5,9,7,0,630
8.5,9,7,1,632
8.5,9,7,2,634
8.5,9,7,3,636
8.5,9,7,4,638
8.5,9,7,5,640
8.5,9,7,6,642
8.5,9,7,7,644
8.5,9,7,8,646
8.5,9,7,9,648
8.5,9,7,10,650
8.5,9,7,11,652
8.5,9,7,12,654
8.5,9,7,13,656
8.5,9,7,14,658
8.5,9,7,15,660
8.5,9,8,0,632
8.5,9,8,1,634
8.5,9,8,2,636
8.5,9,8,3,638
8.5,9,8,4,640
8.5,9,8,5,642
8.5,9,8,6,644
8.5,9,8,7,646
8.5,9,8,8,648
8.5,9,8,9,650
8.5,9,8,10,652
8.5,9,8,11,654
8.5,9,8,12,656
8.5,9,8,13,658
8.5,9,8,14,660
8.5,9,8,15,662
8.5,9,9,0,634
8.5,9,9,1,636
8.5,9,9,2,638
8.5,9,9,3,640
8.5,9,9,4,642
8.5,9,9,5,644
8.5,9,9,6,646
8.5,9,9,7,648
8.5,9,9,8,650
8.5,9,9,9,652
8.5,9,9,10,654
8.5,9,9,11,656
8.5,9,9,12,658
8.5,9,9,13,660
8.5,9,9,14,662
8.5,9,9,15,664
8.5,9,10,0,636
8.5,9,10,1,638
8.5,9,10,2,640
8.5,9,10,3,642
8.5,9,10,4,644
8.5,9,10,5,646
8.5,9,10,6,648
8.5,9,10,7,650
8.5,9,10,8,652
8.5,9,10,9,654
8.5,9,10,10,656
8.5,9,10,11,658
8.5,9,10,12,660
8.5,9,10,13,662
8.5,9,10,14,664
8.5,9,10,15,666
8.5,9,11,0,638
8.5,9,11,1,640
8.5,9,11,2,642
8.5,9,11,3,644
8.5,9,11,4,646
8.5,9,11,5,648
8.5,9,11,6,651
8.5,9,11,7,653
8.5,9,11,8,655
8.5,9,11,9,657
8.5,9,11,10,659
8.5,9,11,11,661
8.5,9,11,12,663
8.5,9,11,13,665
8.5,9,11,14,666
8.5,9,11,15,668
8.5,9,12,0,640
8.5,9,12,1,642
8.5,9,12,2,644
8.5,9,12,3,646
8.5,9,12,4,648
8.5,9,12,5,651
8.5,9,12,6,653
8.5,9,12,7,655
8.5,9,12,8,657
8.5,9,12,9,659
8.5,9,12,10,661
8.5,9,12,11,663
8.5,9,12,12,665
8.5,9,12,13,667
8.5,9,12,14,669
8.5,9,12,15,671
8.5,9,13,0,642
8.5,9,13,1,644
8.5,9,13,2,646
8.5,9,13,3,648
8.5,9,13,4,650
8.5,9,13,5,653
8.5,9,13,6,655
8.5,9,13,7,657
8.5,9,13,8,659
8.5,9,13,9,661
8.5,9,13,10,663
8.5,9,13,11,665
8.5,9,13,12,667
8.5,9,13,13,669
8.5,9,13,14,671
8.5,9,13,15,673
8.5,9,14,0,644
8.5,9,14,1,646
8.5,9,14,2,648
8.5,9,14,3,650
8.5,9,14,4,652
8.5,9,14,5,655
8.5,9,14,6,657
8.5,9,14,7,659
8.5,9,14,8,661
8.5,9,14,9,663
8.5,9,14,10,665
8.5,9,14,11,667
8.5,9,14,12,669
8.5,9,14,13,671
8.5,9,14,14,673
8.5,9,14,15,675
8.5,9,15,0,646
8.5,9,15,1,648
8.5,9,15,2,650
8.5,9,15,3,652
8.5,9,15,4,654
8.5,9,15,5,657
8.5,9,15,6,659
8.5,9,15,7,661
8.5,9,15,8,663
8.5,9,15,9,665
8.5,9,15,10,667
8.5,9,15,11,669
8.5,9,15,12,671
8.5,9,15,13,673
8.5,9,15,14,675
8.5,9,15,15,677
8.5,10,0,0,618
8.5,10,0,1,620
8.5,10,0,2,622
8.5,10,0,3,624
8.5,10,0,4,626
8.5,10,0,5,628
8.5,10,0,6,630
8.5,10,0,7,632
8.5,10,0,8,634
8.5,10,0,9,636
8.5,10,0,10,638
8.5,10,0,11,640
8.5,10,0,12,642
8.5,10,0,13,644
8.5,10,0,14,646
8.5,10,0,15,647
8.5,10,1,0,620
8.5,10,1,1,622
8.5,10,1,2,624
8.5,10,1,3,626
8.5,10,1,4,628
8.5,10,1,5,630
8.5,10,1,6,632
8.5,10,1,7,634
8.5,10,1,8,636
8.5,10,1,9,638
8.5,10,1,10,640
8.5,10,1,11,642
8.5,10,1,12,644
8.5,10,1,13,646
8.5,10,1,14,648
8.5,10,1,15,650
8.5,10,2,0,622
8.5,10,2,1,624
8.5,10,2,2,626
8.5,10,2,3,628
8.5,10,2,4,630
8.5,10,2,5,632
8.5,10,2,6,634
8.5,10,2,7,636
8.5,10,2,8,638
8.5,10,2,9,640
8.5,10,2,10,642
8.5,10,2,11,644
8.5,10,2,12,646
8.5,10,2,13,648
8.5,10,2,14,650
8.5,10,2,15,652
8.5,10,3,0,624
8.5,10,3,1,626
8.5,10,3,2,628
8.5,10,3,3,630
8.5,10,3,4,632
8.5,10,3,5,634
8.5,10,3,6,636
8.5,10,3,7,638
8.5,10,3,8,640
8.5,10,3,9,642
8.5,10,3,10,644
8.5,10,3,11,646
8.5,10,3,12,648
8.5,10,3,13,650
8.5,10,3,14,652
8.5,10,3,15,654
8.5,10,4,0,626
8.5,10,4,1,628
8.5,10,4,2,630
8.5,10,4,3,632
8.5,10,4,4,634
8.5,10,4,5,636
8.5,10,4,6,638
8.5,10,4,7,640
8.5,10,4,8,642
8.5,10,4,9,644
8.5,10,4,10,646
8.5,10,4,11,648
8.5,10,4,12,650
8.5,10,4,13,652
8.5,10,4,14,654
8.5,10,4,15,656
8.5,10,5,0,628
8.5,10,5,1,631
8.5,10,5,2,633
8.5,10,5,3,635
8.5,10,5,4,637
8.5,10,5,5,639
8.5,10,5,6,641
8.5,10,5,7,643
8.5,10,5,8,645
8.5,10,5,9,646
8.5,10,5,10,648
8.5,10,5,11,650
8.5,10,5,12,652
8.5,10,5,13,654
8.5,10,5,14,656
8.5,10,5,15,658
8.5,10,6,0,631
8.5,10,6,1,633
8.5,10,6,2,635
8.5,10,6,3,637
8.5,10,6,4,639
8.5,10,6,5,641
8.5,10,6,6,643
8.5,10,6,7,645
8.5,10,6,8,647
8.5,10,6,9,649
8.5,10,6,10,651
8.5,10,6,11,653
8.5,10,6,12,655
8.5,10,6,13,656
8.5,10,6,14,658
8.5,10,6,15,660
8.5,10,7,0,633
8.5,10,7,1,635
8.5,10,7,2,637
8.5,10,7,3,639
8.5,10,7,4,641
8.5,10,7,5,643
8.5,10,7,6,645
8.5,10,7,7,647
8.5,10,7,8,649
8.5,10,7,9,651
8.5,10,7,10,653
8.5,10,7,11,655
8.5,10,7,12,657
8.5,10,7,13,659
8.5,10,7,14,661
8.5,10,7,15,662
8.5,10,8,0,635
8.5,10,8,1,637
8.5,10,8,2,639
8.5,10,8,3,641
8.5,10,8,4,643
8.5,10,8,5,645
8.5,10,8,6,647
8.5,10,8,7,649
8.5,10,8,8,651
8.5,10,8,9,653
8.5,10,8,10,655
8.5,10,8,11,657
8.5,10,8,12,659
8.5,10,8,13,661
8.5,10,8,14,663
8.5,10,8,15,665
8.5,10,9,0,637
8.5,10,9,1,639
8.5,10,9,2,641
8.5,10,9,3,643
8.5,10,9,4,645
8.5,10,9,5,647
8.5,10,9,6,649
8.5,10,9,7,651
8.5,10,9,8,653
8.5,10,9,9,655
8.5,10,9,10,657
8.5,10,9,11,659
8.5,10,9,12,661
8.5,10,9,13,663
8.5,10,9,14,665
8.5,10,9,15,667
8.5,10,10,0,639
8.5,10,10,1,641
8.5,10,10,2,643
8.5,10,10,3,645
8.5,10,10,4,647
8.5,10,10,5,649
8.5,10,10,6,651
8.5,10,10,7,653
8.5,10,10,8,655
8.5,10,10,9,657
8.5,10,10,10,659
8.5,10,10,11,661
8.5,10,10,12,663
8.5,10,10,13,665
8.5,10,10,14,667
8.5,10,10,15,669
8.5,10,11,0,641
8.5,10,11,1,643
8.5,10,11,2,645
8.5,10,11,3,647
8.5,10,11,4,649
8.5,10,11,5,651
8.5,10,11,6,653
8.5,10,11,7,655
8.5,10,11,8,657
8.5,10,11,9,659
8.5,10,11,10,661
8.5,10,11,11,663
8.5,10,11,12,665
8.5,10,11,13,667
8.5,10,11,14,669
8.5,10,11,15,671
8.5,10,12,0,643
8.5,10,12,1,645
8.5,10,12,2,647
8.5,10,12,3,649
8.5,10,12,4,651
8.5,10,12,5,653
8.5,10,12,6,655
8.5,10,12,7,657
8.5,10,12,8,659
8.5,10,12,9,661
8.5,10,12,10,663
8.5,10,12,11,665
8.5,10,12,12,667
8.5,10,12,13,669
8.5,10,12,14,671
8.5,10,12,15,673
8.5,10,13,0,645
8.5,10,13,1,647
8.5,10,13,2,649
8.5,10,13,3,651
8.5,10,13,4,653
8.5,10,13,5,655
8.5,10,13,6,657
8.5,10,13,7,659
8.5,10,13,8,661
8.5,10,13,9,663
8.5,10,13,10,665
8.5,10,13,11,667
8.5,10,13,12,669
8.5,10,13,13,671
8.5,10,13,14,673
8.5,10,13,15,675
8.5,10,14,0,647
8.5,10,14,1,649
8.5,10,14,2,651
8.5,10,14,3,653
8.5,10,14,4,655
8.5,10,14,5,657
8.5,10,14,6,659
8.5,10,14,7,661
8.5,10,14,8,663
8.5,10,14,9,665
8.5,10,14,10,667
8.5,10,14,11,669
8.5,10,14,12,671
8.5,10,14,13,673
8.5,10,14,14,675
8.5,10,14,15,677
8.5,10,15,0,649
8.5,10,15,1,651
8.5,10,15,2,653
8.5,10,15,3,655
8.5,10,15,4,657
8.5,10,15,5,659
8.5,10,15,6,661
8.5,10,15,7,663
8.5,10,15,8,665
8.5,10,15,9,667
8.5,10,15,10,669
8.5,10,15,11,671
8.5,10,15,12,673
8.5,10,15,13,675
8.5,10,15,14,677
8.5,10,15,15,679
8.5,11,0,0,620
8.5,11,0,1,622
8.5,11,0,2,624
8.5,11,0,3,626
8.5,11,0,4,628
8.5,11,0,5,630
8.5,11,0,6,632
8.5,11,0,7,634
8.5,11,0,8,636
8.5,11,0,9,638
8.5,11,0,10,640
8.5,11,0,11,642
8.5,11,0,12,644
8.5,11,0,13,646
8.5,11,0,14,648
8.5,11,0,15,650
8.5,11,1,0,623
8.5,11,1,1,625
8.5,11,1,2,627
8.5,11,1,3,629
8.5,11,1,4,631
8.5,11,1,5,633
8.5,11,1,6,635
8.5,11,1,7,636
8.5,11,1,8,638
8.5,11,1,9,640
8.5,11,1,10,642
8.5,11,1,11,644
8.5,11,1,12,646
8.5,11,1,13,648
8.5,11,1,14,650
8.5,11,1,15,652
8.5,11,2,0,625
8.5,11,2,1,627
8.5,11,2,2,629
8.5,11,2,3,631
8.5,11,2,4,633
8.5,11,2,5,635
8.5,11,2,6,637
8.5,11,2,7,639
8.5,11,2,8,641
8.5,11,2,9,643
8.5,11,2,10,644
8.5,11,2,11,646
8.5,11,2,12,648
8.5,11,2,13,650
8.5,11,2,14,652
8.5,11,2,15,654
8.5,11,3,0,627
8.5,11,3,1,629
8.5,11,3,2,631
8.5,11,3,3,633
8.5,11,3,4,635
8.5,11,3,5,637
8.5,11,3,6,639
8.5,11,3,7,641
8.5,11,3,8,643
8.5,11,3,9,645
8.5,11,3,10,647
8.5,11,3,11,649
8.5,11,3,12,651
8.5,11,3,13,652
8.5,11,3,14,654
8.5,11,3,15,656
8.5,11,4,0,629
8.5,11,4,1,631
8.5,11,4,2,633
8.5,11,4,3,635
8.5,11,4,4,637
8.5,11,4,5,639
8.5,11,4,6,641
8.5,11,4,7,643
8.5,11,4,8,645
8.5,11,4,9,647
8.5,11,4,10,649
8.5,11,4,11,651
8.5,11,4,12,653
8.5,11,4,13,655
8.5,11,4,14,657
8.5,11,4,15,659
8.5,11,5,0,631
8.5,11,5,1,633
8.5,11,5,2,635
8.5,11,5,3,637
8.5,11,5,4,639
8.5,11,5,5,641
8.5,11,5,6,643
8.5,11,5,7,645
8.5,11,5,8,647
8.5,11,5,9,649
8.5,11,5,10,651
8.5,11,5,11,653
8.5,11,5,12,655
8.5,11,5,13,657
8.5,11,5,14,659
8.5,11,5,15,661
8.5,11,6,0,633
8.5,11,6,1,635
8.5,11,6,2,637
8.5,11,6,3,639
8.5,11,6,4,641
8.5,11,6,5,643
8.5,11,6,6,645
8.5,11,6,7,647
8.5,11,6,8,649
8.5,11,6,9,651
8.5,11,6,10,653
8.5,11,6,11,655
8.5,11,6,12,657
8.5,11,6,13,659
8.5,11,6,14,661
8.5,11,6,15,663
8.5,11,7,0,635
8.5,11,7,1,637
8.5,11,7,2,639
8.5,11,7,3,641
8.5,11,7,4,643
8.5,11,7,5,645
8.5,11,7,6,647
8.5,11,7,7,649
8.5,11,7,8,651
8.5,11,7,9,653
8.5,11,7,10,655
8.5,11,7,11,657
8.5,11,7,12,659
8.5,11,7,13,661
8.5,11,7,14,663
8.5,11,7,15,665
8.5,11,8,0,637
8.5,11,8,1,639
8.5,11,8,2,641
8.5,11,8,3,643
8.5,11,8,4,645
8.5,11,8,5,647
8.5,11,8,6,649
8.5,11,8,7,651
8.5,11,8,8,653
8.5,11,8,9,655
8.5,11,8,10,657
8.5,11,8,11,659
8.5,11,8,12,661
8.5,11,8,13,663
8.5,11,8,14,665
8.5,11,8,15,667
8.5,11,9,0,639
8.5,11,9,1,641
8.5,11,9,2,643
8.5,11,9,3,645
8.5,11,9,4,647
8.5,11,9,5,649
8.5,11,9,6,651
8.5,11,9,7,653
8.5,11,9,8,655
8.5,11,9,9,657
8.5,11,9,10,659
8.5,11,9,11,661
8.5,11,9,12,663
8.5,11,9,13,665
8.5,11,9,14,667
8.5,11,9,15,669
8.5,11,10,0,641
8.5,11,10,1,643
8.5,11,10,2,645
8.5,11,10,3,647
8.5,11,10,4,649
8.5,11,10,5,651
8.5,11,10,6,653
8.5,11,10,7,655
8.5,11,10,8,657
8.5,11,10,9,659
8.5,11,10,10,661
8.5,11,10,11,663
8.5,11,10,12,665
8.5,11,10,13,667
8.5,11,10,14,669
8.5,11,10,15,671
8.5,11,11,0,643
8.5,11,11,1,645
8.5,11,11,2,647
8.5,11,11,3,649
8.5,11,11,4,651
8.5,11,11,5,653
8.5,11,11,6,655
8.5,11,11,7,657
8.5,11,11,8,659
8.5,11,11,9,661
8.5,11,11,10,663
8.5,11,11,11,665
8.5,11,11,12,667
8.5,11,11,13,669
8.5,11,11,14,671
8.5,11,11,15,673
8.5,11,12,0,645
8.5,11,12,1,647
8.5,11,12,2,649
8.5,11,12,3,651
8.5,11,12,4,653
8.5,11,12,5,655
8.5,11,12,6,657
8.5,11,12,7,659
8.5,11,12,8,661
8.5,11,12,9,663
8.5,11,12,10,666
8.5,11,12,11,668
8.5,11,12,12,670
8.5,11,12,13,672
8.5,11,12,14,674
8.5,11,12,15,676
8.5,11,13,0,647
8.5,11,13,1,649
8.5,11,13,2,651
8.5,11,13,3,653
8.5,11,13,4,655
8.5,11,13,5,657
8.5,11,13,6,659
8.5,11,13,7,661
8.5,11,13,8,664
8.5,11,13,9,666
8.5,11,13,10,668
8.5,11,13,11,670
8.5,11,13,12,672
8.5,11,13,13,674
8.5,11,13,14,676
8.5,11,13,15,678
8.5,11,14,0,649
8.5,11,14,1,651
8.5,11,14,2,653
8.5,11,14,3,655
8.5,11,14,4,657
8.5,11,14,5,659
8.5,11,14,6,661
8.5,11,14,7,664
8.5,11,14,8,666
8.5,11,14,9,668
8.5,11,14,10,670
8.5,11,14,11,672
8.5,11,14,12,674
8.5,11,14,13,676
8.5,11,14,14,678
8.5,11,14,15,680
8.5,11,15,0,651
8.5,11,15,1,653
8.5,11,15,2,655
8.5,11,15,3,657
8.5,11,15,4,659
8.5,11,15,5,661
8.5,11,15,6,663
8.5,11,15,7,666
8.5,11,15,8,668
8.5,11,15,9,670
8.5,11,15,10,672
8.5,11,15,11,674
8.5,11,15,12,676
8.5,11,15,13,678
8.5,11,15,14,680
8.5,11,15,15,682
8.5,12,0,0,623
8.5,12,0,1,625
8.5,12,0,2,627
8.5,12,0,3,629
8.5,12,0,4,631
8.5,12,0,5,633
8.5,12,0,6,635
8.5,12,0,7,637
8.5,12,0,8,639
8.5,12,0,9,641
8.5,12,0,10,643
8.5,12,0,11,645
8.5,12,0,12,646
8.5,12,0,13,648
8.5,12,0,14,650
8.5,12,0,15,652
8.5,12,1,0,625
8.5,12,1,1,627
8.5,12,1,2,629
8.5,12,1,3,631
8.5,12,1,4,633
8.5,12,1,5,635
8.5,12,1,6,637
8.5,12,1,7,639
8.5,12,1,8,641
8.5,12,1,9,643
8.5,12,1,10,645
8.5,12,1,11,647
8.5,12,1,12,649
8.5,12,1,13,651
8.5,12,1,14,652
8.5,12,1,15,654
8.5,12,2,0,627
8.5,12,2,1,629
8.5,12,2,2,631
8.5,12,2,3,633
8.5,12,2,4,635
8.5,12,2,5,637
8.5,12,2,6,639
8.5,12,2,7,641
8.5,12,2,8,643
8.5,12,2,9,645
8.5,12,2,10,647
8.5,12,2,11,649
8.5,12,2,12,651
8.5,12,2,13,653
8.5,12,2,14,655
8.5,12,2,15,657
8.5,12,3,0,629
8.5,12,3,1,631
8.5,12,3,2,633
8.5,12,3,3,635
8.5,12,3,4,637
8.5,12,3,5,639
8.5,12,3,6,641
8.5,12,3,7,643
8.5,12,3,8,645
8.5,12,3,9,647
8.5,12,3,10,649
8.5,12,3,11,651
8.5,12,3,12,653
8.5,12,3,13,655
8.5,12,3,14,657
8.5,12,3,15,659
8.5,12,4,0,631
8.5,12,4,1,633
8.5,12,4,2,635
8.5,12,4,3,637
8.5,12,4,4,639
8.5,12,4,5,641
8.5,12,4,6,643
8.5,12,4,7,645
8.5,12,4,8,647
8.5,12,4,9,649
8.5,12,4,10,651
8.5,12,4,11,653
8.5,12,4,12,655
8.5,12,4,13,657
8.5,12,4,14,659
8.5,12,4,15,661
8.5,12,5,0,633
8.5,12,5,1,635
8.5,12,5,2,637
8.5,12,5,3,639
8.5,12,5,4,641
8.5,12,5,5,643
8.5,12,5,6,645
8.5,12,5,7,647
8.5,12,5,8,649
8.5,12,5,9,651
8.5,12,5,10,653
8.5,12,5,11,655
8.5,12,5,12,657
8.5,12,5,13,659
8.5,12,5,14,661
8.5,12,5,15,663
8.5,12,6,0,635
8.5,12,6,1,637
8.5,12,6,2,639
8.5,12,6,3,641
8.5,12,6,4,643
8.5,12,6,5,645
8.5,12,6,6,647
8.5,12,6,7,649
8.5,12,6,8,651
8.5,12,6,9,653
8.5,12,6,10,655
8.5,12,6,11,657
8.5,12,6,12,659
8.5,12,6,13,661
8.5,12,6,14,663
8.5,12,6,15,665
8.5,12,7,0,637
8.5,12,7,1,639
8.5,12,7,2,641
8.5,12,7,3,643
8.5,12,7,4,645
8.5,12,7,5,647
8.5,12,7,6,649
8.5,12,7,7,651
8.5,12,7,8,653
8.5,12,7,9,655
8.5,12,7,10,657
8.5,12,7,11,659
8.5,12,7,12,661
8.5,12,7,13,663
8.5,12,7,14,665
8.5,12,7,15,667
8.5,12,8,0,639
8.5,12,8,1,641
8.5,12,8,2,643
8.5,12,8,3,645
8.5,12,8,4,647
8.5,12,8,5,650
8.5,12,8,6,652
8.5,12,8,7,654
8.5,12,8,8,656
8.5,12,8,9,658
8.5,12,8,10,660
8.5,12,8,11,662
8.5,12,8,12,664
8.5,12,8,13,666
8.5,12,8,14,668
8.5,12,8,15,670
8.5,12,9,0,641
8.5,12,9,1,643
8.5,12,9,2,645
8.5,12,9,3,647
8.5,12,9,4,650
8.5,12,9,5,652
8.5,12,9,6,654
8.5,12,9,7,656
8.5,12,9,8,658
8.5,12,9,9,660
8.5,12,9,10,662
8.5,12,9,11,664
8.5,12,9,12,666
8.5,12,9,13,668
8.5,12,9,14,670
8.5,12,9,15,672
8.5,12,10,0,643
8.5,12,10,1,645
8.5,12,10,2,647
8.5,12,10,3,650
8.5,12,10,4,652
8.5,12,10,5,654
8.5,12,10,6,656
8.5,12,10,7,658
8.5,12,10,8,660
8.5,12,10,9,662
8.5,12,10,10,664
8.5,12,10,11,666
8.5,12,10,12,668
8.5,12,10,13,670
8.5,12,10,14,672
8.5,12,10,15,674
8.5,12,11,0,645
8.5,12,11,1,647
8.5,12,11,2,650
8.5,12,11,3,652
8.5,12,11,4,654
8.5,12,11,5,656
8.5,12,11,6,658
8.5,12,11,7,660
8.5,12,11,8,662
8.5,12,11,9,664
8.5,12,11,10,666
8.5,12,11,11,668
8.5,12,11,12,670
8.5,12,11,13,672
8.5,12,11,14,674
8.5,12,11,15,676
8.5,12,12,0,647
8.5,12,12,1,649
8.5,12,12,2,652
8.5,12,12,3,654
8.5,12,12,4,656
8.5,12,12,5,658
8.5,12,12,6,660
8.5,12,12,7,662
8.5,12,12,8,664
8.5,12,12,9,666
8.5,12,12,10,668
8.5,12,12,11,670
8.5,12,12,12,672
8.5,12,12,13,674
8.5,12,12,14,676
8.5,12,12,15,678
8.5,12,13,0,649
8.5,12,13,1,651
8.5,12,13,2,654
8.5,12,13,3,656
8.5,12,13,4,658
8.5,12,13,5,660
8.5,12,13,6,662
8.5,12,13,7,664
8.5,12,13,8,666
8.5,12,13,9,668
8.5,12,13,10,670
8.5,12,13,11,672
8.5,12,13,12,674
8.5,12,13,13,676
8.5,12,13,14,678
8.5,12,13,15,680
8.5,12,14,0,651
8.5,12,14,1,653
8.5,12,14,2,656
8.5,12,14,3,658
8.5,12,14,4,660
8.5,12,14,5,662
8.5,12,14,6,664
8.5,12,14,7,666
8.5,12,14,8,668
8.5,12,14,9,670
8.5,12,14,10,672
8.5,12,14,11,674
8.5,12,14,12,676
8.5,12,14,13,678
8.5,12,14,14,680
8.5,12,14,15,682
8.5,12,15,0,653
8.5,12,15,1,655
8.5,12,15,2,658
8.5,12,15,3,660
8.5,12,15,4,662
8.5,12,15,5,664
8.5,12,15,6,666
8.5,12,15,7,668
8.5,12,15,8,670
8.5,12,15,9,672
8.5,12,15,10,674
8.5,12,15,11,676
8.5,12,15,12,678
8.5,12,15,13,680
8.5,12,15,14,682
8.5,12,15,15,684
8.5,13,0,0,625
8.5,13,0,1,627
8.5,13,0,2,629
8.5,13,0,3,631
8.5,13,0,4,633
8.5,13,0,5,635
8.5,13,0,6,637
8.5,13,0,7,639
8.5,13,0,8,641
8.5,13,0,9,643
8.5,13,0,10,645
8.5,13,0,11,647
8.5,13,0,12,649
8.5,13,0,13,651
8.5,13,0,14,653
8.5,13,0,15,655
8.5,13,1,0,627
8.5,13,1,1,629
8.5,13,1,2,631
8.5,13,1,3,633
8.5,13,1,4,635
8.5,13,1,5,637
8.5,13,1,6,639
8.5,13,1,7,641
8.5,13,1,8,643
8.5,13,1,9,645
8.5,13,1,10,647
8.5,13,1,11,649
8.5,13,1,12,651
8.5,13,1,13,653
8.5,13,1,14,655
8.5,13,1,15,657
8.5,13,2,0,629
8.5,13,2,1,631
8.5,13,2,2,633
8.5,13,2,3,635
8.5,13,2,4,637
8.5,13,2,5,639
8.5,13,2,6,641
8.5,13,2,7,643
8.5,13,2,8,645
8.5,13,2,9,647
8.5,13,2,10,649
8.5,13,2,11,651
8.5,13,2,12,653
8.5,13,2,13,655
8.5,13,2,14,657
8.5,13,2,15,659
8.5,13,3,0,631
8.5,13,3,1,633
8.5,13,3,2,635
8.5,13,3,3,637
8.5,13,3,4,639
8.5,13,3,5,641
8.5,13,3,6,643
8.5,13,3,7,645
8.5,13,3,8,647
8.5,13,3,9,649
8.5,13,3,10,651
8.5,13,3,11,653
8.5,13,3,12,655
8.5,13,3,13,657
8.5,13,3,14,659
8.5,13,3,15,661
8.5,13,4,0,633
8.5,13,4,1,635
8.5,13,4,2,637
8.5,13,4,3,639
8.5,13,4,4,642
8.5,13,4,5,644
8.5,13,4,6,646
8.5,13,4,7,648
8.5,13,4,8,650
8.5,13,4,9,652
8.5,13,4,10,654
8.5,13,4,11,655
8.5,13,4,12,657
8.5,13,4,13,659
8.5,13,4,14,661
8.5,13,4,15,663
8.5,13,5,0,635
8.5,13,5,1,638
8.5,13,5,2,640
8.5,13,5,3,642
8.5,13,5,4,644
8.5,13,5,5,646
8.5,13,5,6,648
8.5,13,5,7,650
8.5,13,5,8,652
8.5,13,5,9,654
8.5,13,5,10,656
8.5,13,5,11,658
8.5,13,5,12,660
8.5,13,5,13,662
8.5,13,5,14,664
8.5,13,5,15,666
8.5,13,6,0,638
8.5,13,6,1,640
8.5,13,6,2,642
8.5,13,6,3,644
8.5,13,6,4,646
8.5,13,6,5,648
8.5,13,6,6,650
8.5,13,6,7,652
8.5,13,6,8,654
8.5,13,6,9,656
8.5,13,6,10,658
8.5,13,6,11,660
8.5,13,6,12,662
8.5,13,6,13,664
8.5,13,6,14,666
8.5,13,6,15,668
8.5,13,7,0,640
8.5,13,7,1,642
8.5,13,7,2,644
8.5,13,7,3,646
8.5,13,7,4,648
8.5,13,7,5,650
8.5,13,7,6,652
8.5,13,7,7,654
8.5,13,7,8,656
8.5,13,7,9,658
8.5,13,7,10,660
8.5,13,7,11,662
8.5,13,7,12,664
8.5,13,7,13,666
8.5,13,7,14,668
8.5,13,7,15,670
8.5,13,8,0,642
8.5,13,8,1,644
8.5,13,8,2,646
8.5,13,8,3,648
8.5,13,8,4,650
8.5,13,8,5,652
8.5,13,8,6,654
8.5,13,8,7,656
8.5,13,8,8,658
8.5,13,8,9,660
8.5,13,8,10,662
8.5,13,8,11,664
8.5,13,8,12,666
8.5,13,8,13,668
8.5,13,8,14,670
8.5,13,8,15,672
8.5,13,9,0,644
8.5,13,9,1,646
8.5,13,9,2,648
8.5,13,9,3,650
8.5,13,9,4,652
8.5,13,9,5,654
8.5,13,9,6,656
8.5,13,9,7,658
8.5,13,9,8,660
8.5,13,9,9,662
8.5,13,9,10,664
8.5,13,9,11,666
8.5,13,9,12,668
8.5,13,9,13,670
8.5,13,9,14,672
8.5,13,9,15,674
8.5,13,10,0,646
8.5,13,10,1,648
8.5,13,10,2,650
8.5,13,10,3,652
8.5,13,10,4,654
8.5,13,10,5,656
8.5,13,10,6,658
8.5,13,10,7,660
8.5,13,10,8,662
8.5,13,10,9,664
8.5,13,10,10,666
8.5,13,10,11,668
8.5,13,10,12,670
8.5,13,10,13,672
8.5,13,10,14,674
8.5,13,10,15,676
8.5,13,11,0,648
8.5,13,11,1,650
8.5,13,11,2,652
8.5,13,11,3,654
8.5,13,11,4,656
8.5,13,11,5,658
8.5,13,11,6,660
8.5,13,11,7,662
8.5,13,11,8,664
8.5,13,11,9,666
8.5,13,11,10,668
8.5,13,11,11,670
8.5,13,11,12,672
8.5,13,11,13,674
8.5,13,11,14,676
8.5,13,11,15,678
8.5,13,12,0,650
8.5,13,12,1,652
8.5,13,12,2,654
8.5,13,12,3,656
8.5,13,12,4,658
8.5,13,12,5,660
8.5,13,12,6,662
8.5,13,12,7,664
8.5,13,12,8,666
8.5,13,12,9,668
8.5,13,12,10,670
8.5,13,12,11,672
8.5,13,12,12,674
8.5,13,12,13,676
8.5,13,12,14,678
8.5,13,12,15,680
8.5,13,13,0,652
8.5,13,13,1,654
8.5,13,13,2,656
8.5,13,13,3,658
8.5,13,13,4,660
8.5,13,13,5,662
8.5,13,13,6,664
8.5,13,13,7,666
8.5,13,13,8,668
8.5,13,13,9,670
8.5,13,13,10,672
8.5,13,13,11,675
8.5,13,13,12,677
8.5,13,13,13,679
8.5,13,13,14,681
8.5,13,13,15,683
8.5,13,14,0,654
8.5,13,14,1,656
8.5,13,14,2,658
8.5,13,14,3,660
8.5,13,14,4,662
8.5,13,14,5,664
8.5,13,14,6,666
8.5,13,14,7,668
8.5,13,14,8,670
8.5,13,14,9,673
8.5,13,14,10,675
8.5,13,14,11,677
8.5,13,14,12,679
8.5,13,14,13,681
8.5,13,14,14,683
8.5,13,14,15,685
8.5,13,15,0,656
8.5,13,15,1,658
8.5,13,15,2,660
8.5,13,15,3,662
8.5,13,15,4,664
8.5,13,15,5,666
8.5,13,15,6,668
8.5,13,15,7,670
8.5,13,15,8,673
8.5,13,15,9,675
8.5,13,15,10,677
8.5,13,15,11,679
8.5,13,15,12,681
8.5,13,15,13,683
8.5,13,15,14,685
8.5,13,15,15,687
8.5,14,0,0,627
8.5,14,0,1,629
8.5,14,0,2,631
8.5,14,0,3,633
8.5,14,0,4,635
8.5,14,0,5,637
8.5,14,0,6,639
8.5,14,0,7,641
8.5,14,0,8,643
8.5,14,0,9,645
8.5,14,0,10,647
8.5,14,0,11,649
8.5,14,0,12,651
8.5,14,0,13,653
8.5,14,0,14,655
8.5,14,0,15,657
8.5,14,1,0,629
8.5,14,1,1,631
8.5,14,1,2,633
8.5,14,1,3,636
8.5,14,1,4,638
8.5,14,1,5,640
8.5,14,1,6,642
8.5,14,1,7,644
8.5,14,1,8,645
8.5,14,1,9,647
8.5,14,1,10,649
8.5,14,1,11,651
8.5,14,1,12,653
8.5,14,1,13,655
8.5,14,1,14,657
8.5,14,1,15,659
8.5,14,2,0,632
8.5,14,2,1,634
8.5,14,2,2,636
8.5,14,2,3,638
8.5,14,2,4,640
8.5,14,2,5,642
8.5,14,2,6,644
8.5,14,2,7,646
8.5,14,2,8,648
8.5,14,2,9,650
8.5,14,2,10,652
8.5,14,2,11,654
8.5,14,2,12,656
8.5,14,2,13,658
8.5,14,2,14,659
8.5,14,2,15,661
8.5,14,3,0,634
8.5,14,3,1,636
8.5,14,3,2,638
8.5,14,3,3,640
8.5,14,3,4,642
8.5,14,3,5,644
8.5,14,3,6,646
8.5,14,3,7,648
8.5,14,3,8,650
8.5,14,3,9,652
8.5,14,3,10,654
8.5,14,3,11,656
8.5,14,3,12,658
8.5,14,3,13,660
8.5,14,3,14,662
8.5,14,3,15,664
8.5,14,4,0,636
8.5,14,4,1,638
8.5,14,4,2,640
8.5,14,4,3,642
8.5,14,4,4,644
8.5,14,4,5,646
8.5,14,4,6,648
8.5,14,4,7,650
8.5,14,4,8,652
8.5,14,4,9,654
8.5,14,4,10,656
8.5,14,4,11,658
8.5,14,4,12,660
8.5,14,4,13,662
8.5,14,4,14,664
8.5,14,4,15,666
8.5,14,5,0,638
8.5,14,5,1,640
8.5,14,5,2,642
8.5,14,5,3,644
8.5,14,5,4,646
8.5,14,5,5,648
8.5,14,5,6,650
8.5,14,5,7,652
8.5,14,5,8,654
8.5,14,5,9,656
8.5,14,5,10,658
8.5,14,5,11,660
8.5,14,5,12,662
8.5,14,5,13,664
8.5,14,5,14,666
8.5,14,5,15,668
8.5,14,6,0,640
8.5,14,6,1,642
8.5,14,6,2,644
8.5,14,6,3,646
8.5,14,6,4,648
8.5,14,6,5,650
8.5,14,6,6,652
8.5,14,6,7,654
8.5,14,6,8,656
8.5,14,6,9,658
8.5,14,6,10,660
8.5,14,6,11,662
8.5,14,6,12,664
8.5,14,6,13,666
8.5,14,6,14,668
8.5,14,6,15,670
8.5,14,7,0,642
8.5,14,7,1,644
8.5,14,7,2,646
8.5,14,7,3,648
8.5,14,7,4,650
8.5,14,7,5,652
8.5,14,7,6,654
8.5,14,7,7,656
8.5,14,7,8,658
8.5,14,7,9,660
8.5,14,7,10,662
8.5,14,7,11,664
8.5,14,7,12,666
8.5,14,7,13,668
8.5,14,7,14,670
8.5,14,7,15,672
8.5,14,8,0,644
8.5,14,8,1,646
8.5,14,8,2,648
8.5,14,8,3,650
8.5,14,8,4,652
8.5,14,8,5,654
8.5,14,8,6,656
8.5,14,8,7,658
8.5,14,8,8,660
8.5,14,8,9,662
8.5,14,8,10,664
8.5,14,8,11,666
8.5,14,8,12,668
8.5,14,8,13,670
8.5,14,8,14,672
8.5,14,8,15,674
8.5,14,9,0,646
8.5,14,9,1,648
8.5,14,9,2,650
8.5,14,9,3,652
8.5,14,9,4,654
8.5,14,9,5,656
8.5,14,9,6,658
8.5,14,9,7,660
8.5,14,9,8,662
8.5,14,9,9,665
8.5,14,9,10,667
8.5,14,9,11,669
8.5,14,9,12,671
8.5,14,9,13,673
8.5,14,9,14,675
8.5,14,9,15,677
8.5,14,10,0,648
8.5,14,10,1,650
8.5,14,10,2,652
8.5,14,10,3,654
8.5,14,10,4,656
8.5,14,10,5,658
8.5,14,10,6,660
8.5,14,10,7,663
8.5,14,10,8,665
8.5,14,10,9,667
8.5,14,10,10,669
8.5,14,10,11,671
8.5,14,10,12,673
8.5,14,10,13,675
8.5,14,10,14,677
8.5,14,10,15,679
8.5,14,11,0,650
8.5,14,11,1,652
8.5,14,11,2,654
8.5,14,11,3,656
8.5,14,11,4,658
8.5,14,11,5,661
8.5,14,11,6,663
8.5,14,11,7,665
8.5,14,11,8,667
8.5,14,11,9,669
8.5,14,11,10,671
8.5,14,11,11,673
8.5,14,11,12,675
8.5,14,11,13,677
8.5,14,11,14,679
8.5,14,11,15,681
8.5,14,12,0,652
8.5,14,12,1,654
8.5,14,12,2,656
8.5,14,12,3,658
8.5,14,12,4,660
8.5,14,12,5,663
8.5,14,12,6,665
8.5,14,12,7,667
8.5,14,12,8,669
8.5,14,12,9,671
8.5,14,12,10,673
8.5,14,12,11,675
8.5,14,12,12,677
8.5,14,12,13,679
8.5,14,12,14,681
8.5,14,12,15,683
8.5,14,13,0,654
8.5,14,13,1,656
8.5,14,13,2,658
8.5,14,13,3,660
8.5,14,13,4,663
8.5,14,13,5,665
8.5,14,13,6,667
8.5,14,13,7,669
8.5,14,13,8,671
8.5,14,13,9,673
8.5,14,13,10,675
8.5,14,13,11,677
8.5,14,13,12,679
8.5,14,13,13,681
8.5,14,13,14,683
8.5,14,13,15,685
8.5,14,14,0,656
8.5,14,14,1,658
8.5,14,14,2,660
8.5,14,14,3,662
8.5,14,14,4,665
8.5,14,14,5,667
8.5,14,14,6,669
8.5,14,14,7,671
8.5,14,14,8,673
8.5,14,14,9,675
8.5,14,14,10,677
8.5,14,14,11,679
8.5,14,14,12,681
8.5,14,14,13,683
8.5,14,14,14,685
8.5,14,14,15,687
8.5,14,15,0,658
8.5,14,15,1,660
8.5,14,15,2,662
8.5,14,15,3,665
8.5,14,15,4,667
8.5,14,15,5,669
8.5,14,15,6,671
8.5,14,15,7,673
8.5,14,15,8,675
8.5,14,15,9,677
8.5,14,15,10,679
8.5,14,15,11,681
8.5,14,15,12,683
8.5,14,15,13,685
8.5,14,15,14,687
8.5,14,15,15,689
8.5,15,0,0,630
8.5,15,0,1,632
8.5,15,0,2,634
8.5,15,0,3,636
8.5,15,0,4,638
8.5,15,0,5,640
8.5,15,0,6,642
8.5,15,0,7,644
8.5,15,0,8,646
8.5,15,0,9,648
8.5,15,0,10,650
8.5,15,0,11,652
8.5,15,0,12,654
8.5,15,0,13,656
8.5,15,0,14,657
8.5,15,0,15,659
8.5,15,1,0,632
8.5,15,1,1,634
8.5,15,1,2,636
8.5,15,1,3,638
8.5,15,1,4,640
8.5,15,1,5,642
8.5,15,1,6,644
8.5,15,1,7,646
8.5,15,1,8,648
8.5,15,1,9,650
8.5,15,1,10,652
8.5,15,1,11,654
8.5,15,1,12,656
8.5,15,1,13,658
8.5,15,1,14,660
8.5,15,1,15,662
8.5,15,2,0,634
8.5,15,2,1,636
8.5,15,2,2,638
8.5,15,2,3,640
8.5,15,2,4,642
8.5,15,2,5,644
8.5,15,2,6,646
8.5,15,2,7,648
8.5,15,2,8,650
8.5,15,2,9,652
8.5,15,2,10,654
8.5,15,2,11,656
8.5,15,2,12,658
8.5,15,2,13,660
8.5,15,2,14,662
8.5,15,2,15,664
8.5,15,3,0,636
8.5,15,3,1,638
8.5,15,3,2,640
8.5,15,3,3,642
8.5,15,3,4,644
8.5,15,3,5,646
8.5,15,3,6,648
8.5,15,3,7,650
8.5,15,3,8,652
8.5,15,3,9,654
8.5,15,3,10,656
8.5,15,3,11,658
8.5,15,3,12,660
8.5,15,3,13,662
8.5,15,3,14,664
8.5,15,3,15,666
8.5,15,4,0,638
8.5,15,4,1,640
8.5,15,4,2,642
8.5,15,4,3,644
8.5,15,4,4,646
8.5,15,4,5,648
8.5,15,4,6,650
8.5,15,4,7,652
8.5,15,4,8,654
8.5,15,4,9,656
8.5,15,4,10,658
8.5,15,4,11,660
8.5,15,4,12,662
8.5,15,4,13,664
8.5,15,4,14,666
8.5,15,4,15,668
8.5,15,5,0,640
8.5,15,5,1,642
8.5,15,5,2,644
8.5,15,5,3,646
8.5,15,5,4,648
8.5,15,5,5,650
8.5,15,5,6,652
8.5,15,5,7,654
8.5,15,5,8,656
8.5,15,5,9,658
8.5,15,5,10,660
8.5,15,5,11,662
8.5,15,5,12,664
8.5,15,5,13,666
8.5,15,5,14,668
8.5,15,5,15,670
8.5,15,6,0,642
8.5,15,6,1,644
8.5,15,6,2,646
8.5,15,6,3,648
8.5,15,6,4,650
8.5,15,6,5,652
8.5,15,6,6,654
8.5,15,6,7,657
8.5,15,6,8,659
8.5,15,6,9,661
8.5,15,6,10,663
8.5,15,6,11,665
8.5,15,6,12,667
8.5,15,6,13,669
8.5,15,6,14,671
8.5,15,6,15,673
8.5,15,7,0,644
8.5,15,7,1,646
8.5,15,7,2,648
8.5,15,7,3,650
8.5,15,7,4,653
8.5,15,7,5,655
8.5,15,7,6,657
8.5,15,7,7,659
8.5,15,7,8,661
8.5,15,7,9,663
8.5,15,7,10,665
8.5,15,7,11,667
8.5,15,7,12,669
8.5,15,7,13,671
8.5,15,7,14,673
8.5,15,7,15,675
8.5,15,8,0,646
8.5,15,8,1,648
8.5,15,8,2,650
8.5,15,8,3,653
8.5,15,8,4,655
8.5,15,8,5,657
8.5,15,8,6,659
8.5,15,8,7,661
8.5,15,8,8,663
8.5,15,8,9,665
8.5,15,8,10,667
8.5,15,8,11,669
8.5,15,8,12,671
8.5,15,8,13,673
8.5,15,8,14,675
8.5,15,8,15,677
8.5,15,9,0,648
8.5,15,9,1,650
8.5,15,9,2,653
8.5,15,9,3,655
8.5,15,9,4,657
8.5,15,9,5,659
8.5,15,9,6,661
8.5,15,9,7,663
8.5,15,9,8,665
8.5,15,9,9,667
8.5,15,9,10,669
8.5,15,9,11,671
8.5,15,9,12,673
8.5,15,9,13,675
8.5,15,9,14,677
8.5,15,9,15,679
8.5,15,10,0,650
8.5,15,10,1,653
8.5,15,10,2,655
8.5,15,10,3,657
8.5,15,10,4,659
8.5,15,10,5,661
8.5,15,10,6,663
8.5,15,10,7,665
8.5,15,10,8,667
8.5,15,10,9,669
8.5,15,10,10,671
8.5,15,10,11,673
8.5,15,10,12,675
8.5,15,10,13,677
8.5,15,10,14,679
8.5,15,10,15,681
8.5,15,11,0,652
8.5,15,11,1,655
8.5,15,11,2,657
8.5,15,11,3,659
8.5,15,11,4,661
8.5,15,11,5,663
8.5,15,11,6,665
8.5,15,11,7,667
8.5,15,11,8,669
8.5,15,11,9,671
8.5,15,11,10,673
8.5,15,11,11,675
8.5,15,11,12,677
8.5,15,11,13,679
8.5,15,11,14,681
8.5,15,11,15,683
8.5,15,12,0,654
8.5,15,12,1,657
8.5,15,12,2,659
8.5,15,12,3,661
8.5,15,12,4,663
8.5,15,12,5,665
8.5,15,12,6,667
8.5,15,12,7,669
8.5,15,12,8,671
8.5,15,12,9,673
8.5,15,12,10,675
8.5,15,12,11,677
8.5,15,12,12,679
8.5,15,12,13,681
8.5,15,12,14,683
8.5,15,12,15,685
8.5,15,13,0,657
8.5,15,13,1,659
8.5,15,13,2,661
8.5,15,13,3,663
8.5,15,13,4,665
8.5,15,13,5,667
8.5,15,13,6,669
8.5,15,13,7,671
8.5,15,13,8,673
8.5,15,13,9,675
8.5,15,13,10,677
8.5,15,13,11,679
8.5,15,13,12,681
8.5,15,13,13,684
8.5,15,13,14,686
8.5,15,13,15,688
8.5,15,14,0,659
8.5,15,14,1,661
8.5,15,14,2,663
8.5,15,14,3,665
8.5,15,14,4,667
8.5,15,14,5,669
8.5,15,14,6,671
8.5,15,14,7,673
8.5,15,14,8,675
8.5,15,14,9,677
8.5,15,14,10,679
8.5,15,14,11,682
8.5,15,14,12,684
8.5,15,14,13,686
8.5,15,14,14,688
8.5,15,14,15,690
8.5,15,15,0,661
8.5,15,15,1,663
8.5,15,15,2,665
8.5,15,15,3,667
8.5,15,15,4,669
8.5,15,15,5,671
8.5,15,15,6,673
8.5,15,15,7,675
8.5,15,15,8,677
8.5,15,15,9,679
8.5,15,15,10,682
8.5,15,15,11,684
8.5,15,15,12,686
8.5,15,15,13,688
8.5,15,15,14,690
8.5,15,15,15,692
9.0,0,0,0,633
9.0,0,0,1,635
9.0,0,0,2,637
9.0,0,0,3,639
9.0,0,0,4,641
9.0,0,0,5,643
9.0,0,0,6,645
9.0,0,0,7,647
9.0,0,0,8,649
9.0,0,0,9,651
9.0,0,0,10,653
9.0,0,0,11,655
9.0,0,0,12,657
9.0,0,0,13,659
9.0,0,0,14,661
9.0,0,0,15,663
9.0,0,1,0,635
9.0,0,1,1,637
9.0,0,1,2,639
9.0,0,1,3,641
9.0,0,1,4,643
9.0,0,1,5,645
9.0,0,1,6,647
9.0,0,1,7,649
9.0,0,1,8,651
9.0,0,1,9,653
9.0,0,1,10,655
9.0,0,1,11,657
9.0,0,1,12,659
9.0,0,1,13,661
9.0,0,1,14,663
9.0,0,1,15,665
9.0,0,2,0,637
9.0,0,2,1,639
9.0,0,2,2,641
9.0,0,2,3,643
9.0,0,2,4,645
9.0,0,2,5,647
9.0,0,2,6,649
9.0,0,2,7,651
9.0,0,2,8,653
9.0,0,2,9,655
9.0,0,2,10,657
9.0,0,2,11,659
9.0,0,2,12,661
9.0,0,2,13,663
9.0,0,2,14,665
9.0,0,2,15,667
9.0,0,3,0,639
9.0,0,3,1,641
9.0,0,3,2,643
9.0,0,3,3,645
9.0,0,3,4,647
9.0,0,3,5,649
9.0,0,3,6,651
9.0,0,3,7,653
9.0,0,3,8,655
9.0,0,3,9,657
9.0,0,3,10,659
9.0,0,3,11,661
9.0,0,3,12,663
9.0,0,3,13,665
9.0,0,3,14,667
9.0,0,3,15,669
9.0,0,4,0,641
9.0,0,4,1,643
9.0,0,4,2,645
9.0,0,4,3,647
9.0,0,4,4,649
9.0,0,4,5,651
9.0,0,4,6,654
9.0,0,4,7,656
9.0,0,4,8,658
9.0,0,4,9,660
9.0,0,4,10,662
9.0,0,4,11,664
9.0,0,4,12,666
9.0,0,4,13,668
9.0,0,4,14,670
9.0,0,4,15,672
9.0,0,5,0,643
9.0,0,5,1,645
9.0,0,5,2,647
9.0,0,5,3,649
9.0,0,5,4,652
9.0,0,5,5,654
9.0,0,5,6,656
9.0,0,5,7,658
9.0,0,5,8,660
9.0,0,5,9,662
9.0,0,5,10,664
9.0,0,5,11,666
9.0,0,5,12,668
9.0,0,5,13,670
9.0,0,5,14,672
9.0,0,5,15,674
9.0,0,6,0,645
9.0,0,6,1,647
9.0,0,6,2,650
9.0,0,6,3,652
9.0,0,6,4,654
9.0,0,6,5,656
9.0,0,6,6,658
9.0,0,6,7,660
9.0,0,6,8,662
9.0,0,6,9,664
9.0,0,6,10,666
9.0,0,6,11,668
9.0,0,6,12,670
9.0,0,6,13,672
9.0,0,6,14,674
9.0,0,6,15,676
9.0,0,7,0,647
9.0,0,7,1,650
9.0,0,7,2,652
9.0,0,7,3,654
9.0,0,7,4,656
9.0,0,7,5,658
9.0,0,7,6,660
9.0,0,7,7,662
9.0,0,7,8,664
9.0,0,7,9,666
9.0,0,7,10,668
9.0,0,7,11,670
9.0,0,7,12,672
9.0,0,7,13,674
9.0,0,7,14,676
9.0,0,7,15,678
9.0,0,8,0,650
9.0,0,8,1,652
9.0,0,8,2,654
9.0,0,8,3,656
9.0,0,8,4,658
9.0,0,8,5,660
9.0,0,8,6,662
9.0,0,8,7,664
9.0,0,8,8,666
9.0,0,8,9,668
9.0,0,8,10,670
9.0,0,8,11,672
9.0,0,8,12,674
9.0,0,8,13,676
9.0,0,8,14,678
9.0,0,8,15,680
9.0,0,9,0,652
9.0,0,9,1,654
9.0,0,9,2,656
9.0,0,9,3,658
9.0,0,9,4,660
9.0,0,9,5,662
9.0,0,9,6,664
9.0,0,9,7,666
9.0,0,9,8,668
9.0,0,9,9,670
9.0,0,9,10,672
9.0,0,9,11,674
9.0,0,9,12,676
9.0,0,9,13,678
9.0,0,9,14,680
9.0,0,9,15,682
9.0,0,10,0,654
9.0,0,10,1,656
9.0,0,10,2,658
9.0,0,10,3,660
9.0,0,10,4,662
9.0,0,10,5,664
9.0,0,10,6,666
9.0,0,10,7,668
9.0,0,10,8,670
9.0,0,10,9,672
9.0,0,10,10,674
9.0,0,10,11,676
9.0,0,10,12,679
9.0,0,10,13,681
9.0,0,10,14,683
9.0,0,10,15,685
9.0,0,11,0,656
9.0,0,11,1,658
9.0,0,11,2,660
9.0,0,11,3,662
9.0,0,11,4,664
9.0,0,11,5,666
9.0,0,11,6,668
9.0,0,11,7,670
9.0,0,11,8,672
9.0,0,11,9,674
9.0,0,11,10,677
9.0,0,11,11,679
9.0,0,11,12,681
9.0,0,11,13,683
9.0,0,11,14,685
9.0,0,11,15,687
9.0,0,12,0,658
9.0,0,12,1,660
9.0,0,12,2,662
9.0,0,12,3,664
9.0,0,12,4,666
9.0,0,12,5,668
9.0,0,12,6,670
9.0,0,12,7,672
9.0,0,12,8,675
9.0,0,12,9,677
9.0,0,12,10,679
9.0,0,12,11,681
9.0,0,12,12,683
9.0,0,12,13,685
9.0,0,12,14,687
9.0,0,12,15,689
9.0,0,13,0,660
9.0,0,13,1,662
9.0,0,13,2,664
9.0,0,13,3,666
9.0,0,13,4,668
9.0,0,13,5,670
9.0,0,13,6,672
9.0,0,13,7,675
9.0,0,13,8,677
9.0,0,13,9,679
9.0,0,13,10,681
9.0,0,13,11,683
9.0,0,13,12,685
9.0,0,13,13,687
9.0,0,13,14,689
9.0,0,13,15,691
9.0,0,14,0,662
9.0,0,14,1,664
9.0,0,14,2,666
9.0,0,14,3,668
9.0,0,14,4,670
9.0,0,14,5,672
9.0,0,14,6,675
9.0,0,14,7,677
9.0,0,14,8,679
9.0,0,14,9,681
9.0,0,14,10,683
9.0,0,14,11,685
9.0,0,14,12,687
9.0,0,14,13,689
9.0,0,14,14,691
9.0,0,14,15,693
9.0,0,15,0,664
9.0,0,15,1,666
9.0,0,15,2,668
9.0,0,15,3,670
9.0,0,15,4,672
9.0,0,15,5,674
9.0,0,15,6,677
9.0,0,15,7,679
9.0,0,15,8,681
9.0,0,15,9,683
9.0,0,15,10,685
9.0,0,15,11,687
9.0,0,15,12,689
9.0,0,15,13,691
9.0,0,15,14,693
9.0,0,15,15,695
9.0,1,0,0,635
9.0,1,0,1,637
9.0,1,0,2,639
9.0,1,0,3,641
9.0,1,0,4,643
9.0,1,0,5,645
9.0,1,0,6,647
9.0,1,0,7,649
9.0,1,0,8,651
9.0,1,0,9,653
9.0,1,0,10,655
9.0,1,0,11,657
9.0,1,0,12,659
9.0,1,0,13,661
9.0,1,0,14,663
9.0,1,0,15,665
9.0,1,1,0,637
9.0,1,1,1,639
9.0,1,1,2,641
9.0,1,1,3,643
9.0,1,1,4,645
9.0,1,1,5,648
9.0,1,1,6,650
9.0,1,1,7,652
9.0,1,1,8,654
9.0,1,1,9,656
9.0,1,1,10,658
9.0,1,1,11,660
9.0,1,1,12,662
9.0,1,1,13,664
9.0,1,1,14,665
9.0,1,1,15,667
9.0,1,2,0,639
9.0,1,2,1,641
9.0,1,2,2,644
9.0,1,2,3,646
9.0,1,2,4,648
9.0,1,2,5,650
9.0,1,2,6,652
9.0,1,2,7,654
9.0,1,2,8,656
9.0,1,2,9,658
9.0,1,2,10,660
9.0,1,2,11,662
9.0,1,2,12,664
9.0,1,2,13,666
9.0,1,2,14,668
9.0,1,2,15,670
9.0,1,3,0,642
9.0,1,3,1,644
9.0,1,3,2,646
9.0,1,3,3,648
9.0,1,3,4,650
9.0,1,3,5,652
9.0,1,3,6,654
9.0,1,3,7,656
9.0,1,3,8,658
9.0,1,3,9,660
9.0,1,3,10,662
9.0,1,3,11,664
9.0,1,3,12,666
9.0,1,3,13,668
9.0,1,3,14,670
9.0,1,3,15,672
9.0,1,4,0,644
9.0,1,4,1,646
9.0,1,4,2,648
9.0,1,4,3,650
9.0,1,4,4,652
9.0,1,4,5,654
9.0,1,4,6,656
9.0,1,4,7,658
9.0,1,4,8,660
9.0,1,4,9,662
9.0,1,4,10,664
9.0,1,4,11,666
9.0,1,4,12,668
9.0,1,4,13,670
9.0,1,4,14,672
9.0,1,4,15,674
9.0,1,5,0,646
9.0,1,5,1,648
9.0,1,5,2,650
9.0,1,5,3,652
9.0,1,5,4,654
9.0,1,5,5,656
9.0,1,5,6,658
9.0,1,5,7,660
9.0,1,5,8,662
9.0,1,5,9,664
9.0,1,5,10,666
9.0,1,5,11,668
9.0,1,5,12,670
9.0,1,5,13,672
9.0,1,5,14,674
9.0,1,5,15,676
9.0,1,6,0,648
9.0,1,6,1,650
9.0,1,6,2,652
9.0,1,6,3,654
9.0,1,6,4,656
9.0,1,6,5,658
9.0,1,6,6,660
9.0,1,6,7,662
9.0,1,6,8,664
9.0,1,6,9,666
9.0,1,6,10,668
9.0,1,6,11,670
9.0,1,6,12,672
9.0,1,6,13,674
9.0,1,6,14,677
9.0,1,6,15,679
9.0,1,7,0,650
9.0,1,7,1,652
9.0,1,7,2,654
9.0,1,7,3,656
9.0,1,7,4,658
9.0,1,7,5,660
9.0,1,7,6,662
9.0,1,7,7,664
9.0,1,7,8,667
9.0,1,7,9,669
9.0,1,7,10,671
9.0,1,7,11,673
9.0,1,7,12,675
9.0,1,7,13,677
9.0,1,7,14,679
9.0,1,7,15,681
9.0,1,8,0,652
9.0,1,8,1,654
9.0,1,8,2,656
9.0,1,8,3,658
9.0,1,8,4,660
9.0,1,8,5,662
9.0,1,8,6,665
9.0,1,8,7,667
9.0,1,8,8,669
9.0,1,8,9,671
9.0,1,8,10,673
9.0,1,8,11,675
9.0,1,8,12,677
9.0,1,8,13,679
9.0,1,8,14,681
9.0,1,8,15,683
9.0,1,9,0,654
9.0,1,9,1,656
9.0,1,9,2,658
9.0,1,9,3,660
9.0,1,9,4,662
9.0,1,9,5,665
9.0,1,9,6,667
9.0,1,9,7,669
9.0,1,9,8,671
9.0,1,9,9,673
9.0,1,9,10,675
9.0,1,9,11,677
9.0,1,9,12,679
9.0,1,9,13,681
9.0,1,9,14,683
9.0,1,9,15,685
9.0,1,10,0,656
9.0,1,10,1,658
9.0,1,10,2,660
9.0,1,10,3,662
9.0,1,10,4,665
9.0,1,10,5,667
9.0,1,10,6,669
9.0,1,10,7,671
9.0,1,10,8,673
9.0,1,10,9,675
9.0,1,10,10,677
9.0,1,10,11,679
9.0,1,10,12,681
9.0,1,10,13,683
9.0,1,10,14,685
9.0,1,10,15,687
9.0,1,11,0,658
9.0,1,11,1,660
9.0,1,11,2,662
9.0,1,11,3,665
9.0,1,11,4,667
9.0,1,11,5,669
9.0,1,11,6,671
9.0,1,11,7,673
9.0,1,11,8,675
9.0,1,11,9,677
9.0,1,11,10,679
9.0,1,11,11,681
9.0,1,11,12,683
9.0,1,11,13,685
9.0,1,11,14,687
9.0,1,11,15,689
9.0,1,12,0,660
9.0,1,12,1,662
9.0,1,12,2,665
9.0,1,12,3,667
9.0,1,12,4,669
9.0,1,12,5,671
9.0,1,12,6,673
9.0,1,12,7,675
9.0,1,12,8,677
9.0,1,12,9,679
9.0,1,12,10,681
9.0,1,12,11,683
9.0,1,12,12,685
9.0,1,12,13,687
9.0,1,12,14,689
9.0,1,12,15,692
9.0,1,13,0,662
9.0,1,13,1,664
9.0,1,13,2,667
9.0,1,13,3,669
9.0,1,13,4,671
9.0,1,13,5,673
9.0,1,13,6,675
9.0,1,13,7,677
9.0,1,13,8,679
9.0,1,13,9,681
9.0,1,13,10,683
9.0,1,13,11,685
9.0,1,13,12,688
9.0,1,13,13,690
9.0,1,13,14,692
9.0,1,13,15,694
9.0,1,14,0,664
9.0,1,14,1,667
9.0,1,14,2,669
9.0,1,14,3,671
9.0,1,14,4,673
9.0,1,14,5,675
9.0,1,14,6,677
9.0,1,14,7,679
9.0,1,14,8,681
9.0,1,14,9,683
9.0,1,14,10,685
9.0,1,14,11,688
9.0,1,14,12,690
9.0,1,14,13,692
9.0,1,14,14,694
9.0,1,14,15,696
9.0,1,15,0,666
9.0,1,15,1,669
9.0,1,15,2,671
9.0,1,15,3,673
9.0,1,15,4,675
9.0,1,15,5,677
9.0,1,15,6,679
9.0,1,15,7,681
9.0,1,15,8,683
9.0,1,15,9,686
9.0,1,15,10,688
9.0,1,15,11,690
9.0,1,15,12,692
9.0,1,15,13,694
9.0,1,15,14,696
9.0,1,15,15,698
9.0,2,0,0,638
9.0,2,0,1,640
9.0,2,0,2,642
9.0,2,0,3,644
9.0,2,0,4,646
9.0,2,0,5,648
9.0,2,0,6,650
9.0,2,0,7,652
9.0,2,0,8,654
9.0,2,0,9,656
9.0,2,0,10,658
9.0,2,0,11,660
9.0,2,0,12,662
9.0,2,0,13,664
9.0,2,0,14,666
9.0,2,0,15,668
9.0,2,1,0,640
9.0,2,1,1,642
9.0,2,1,2,644
9.0,2,1,3,646
9.0,2,1,4,648
9.0,2,1,5,650
9.0,2,1,6,652
9.0,2,1,7,654
9.0,2,1,8,656
9.0,2,1,9,658
9.0,2,1,10,660
9.0,2,1,11,662
9.0,2,1,12,664
9.0,2,1,13,666
9.0,2,1,14,668
9.0,2,1,15,670
9.0,2,2,0,642
9.0,2,2,1,644
9.0,2,2,2,646
9.0,2,2,3,648
9.0,2,2,4,650
9.0,2,2,5,652
9.0,2,2,6,654
9.0,2,2,7,656
9.0,2,2,8,658
9.0,2,2,9,660
9.0,2,2,10,662
9.0,2,2,11,664
9.0,2,2,12,666
9.0,2,2,13,668
9.0,2,2,14,670
9.0,2,2,15,672
9.0,2,3,0,644
9.0,2,3,1,646
9.0,2,3,2,648
9.0,2,3,3,650
9.0,2,3,4,652
9.0,2,3,5,654
9.0,2,3,6,656
9.0,2,3,7,658
9.0,2,3,8,660
9.0,2,3,9,662
9.0,2,3,10,664
9.0,2,3,11,666
9.0,2,3,12,668
9.0,2,3,13,670
9.0,2,3,14,672
9.0,2,3,15,674
9.0,2,4,0,646
9.0,2,4,1,648
9.0,2,4,2,650
9.0,2,4,3,652
9.0,2,4,4,654
9.0,2,4,5,656
9.0,2,4,6,659
9.0,2,4,7,661
9.0,2,4,8,663
9.0,2,4,9,665
9.0,2,4,10,667
9.0,2,4,11,669
9.0,2,4,12,671
9.0,2,4,13,673
9.0,2,4,14,675
9.0,2,4,15,677
9.0,2,5,0,648
9.0,2,5,1,650
9.0,2,5,2,652
9.0,2,5,3,654
9.0,2,5,4,657
9.0,2,5,5,659
9.0,2,5,6,661
9.0,2,5,7,663
9.0,2,5,8,665
9.0,2,5,9,667
9.0,2,5,10,669
9.0,2,5,11,671
9.0,2,5,12,673
9.0,2,5,13,675
9.0,2,5,14,677
9.0,2,5,15,679
9.0,2,6,0,650
9.0,2,6,1,652
9.0,2,6,2,655
9.0,2,6,3,657
9.0,2,6,4,659
9.0,2,6,5,661
9.0,2,6,6,663
9.0,2,6,7,665
9.0,2,6,8,667
9.0,2,6,9,669
9.0,2,6,10,671
9.0,2,6,11,673
9.0,2,6,12,675
9.0,2,6,13,677
9.0,2,6,14,679
9.0,2,6,15,681
9.0,2,7,0,652
9.0,2,7,1,655
9.0,2,7,2,657
9.0,2,7,3,659
9.0,2,7,4,661
9.0,2,7,5,663
9.0,2,7,6,665
9.0,2,7,7,667
9.0,2,7,8,669
9.0,2,7,9,671
9.0,2,7,10,673
9.0,2,7,11,675
9.0,2,7,12,677
9.0,2,7,13,679
9.0,2,7,14,681
9.0,2,7,15,683
9.0,2,8,0,655
9.0,2,8,1,657
9.0,2,8,2,659
9.0,2,8,3,661
9.0,2,8,4,663
9.0,2,8,5,665
9.0,2,8,6,667
9.0,2,8,7,669
9.0,2,8,8,671
9.0,2,8,9,673
9.0,2,8,10,675
9.0,2,8,11,677
9.0,2,8,12,679
9.0,2,8,13,681
9.0,2,8,14,683
9.0,2,8,15,685
9.0,2,9,0,657
9.0,2,9,1,659
9.0,2,9,2,661
9.0,2,9,3,663
9.0,2,9,4,665
9.0,2,9,5,667
9.0,2,9,6,669
9.0,2,9,7,671
9.0,2,9,8,673
9.0,2,9,9,675
9.0,2,9,10,677
9.0,2,9,11,680
9.0,2,9,12,682
9.0,2,9,13,684
9.0,2,9,14,686
9.0,2,9,15,688
9.0,2,10,0,659
9.0,2,10,1,661
9.0,2,10,2,663
9.0,2,10,3,665
9.0,2,10,4,667
9.0,2,10,5,669
9.0,2,10,6,671
9.0,2,10,7,673
9.0,2,10,8,675
9.0,2,10,9,678
9.0,2,10,10,680
9.0,2,10,11,682
9.0,2,10,12,684
9.0,2,10,13,686
9.0,2,10,14,688
9.0,2,10,15,690
9.0,2,11,0,661
9.0,2,11,1,663
9.0,2,11,2,665
9.0,2,11,3,667
9.0,2,11,4,669
9.0,2,11,5,671
9.0,2,11,6,673
9.0,2,11,7,676
9.0,2,11,8,678
9.0,2,11,9,680
9.0,2,11,10,682
9.0,2,11,11,684
9.0,2,11,12,686
9.0,2,11,13,688
9.0,2,11,14,690
9.0,2,11,15,692
9.0,2,12,0,663
9.0,2,12,1,665
9.0,2,12,2,667
9.0,2,12,3,669
9.0,2,12,4,671
9.0,2,12,5,673
9.0,2,12,6,676
9.0,2,12,7,678
9.0,2,12,8,680
9.0,2,12,9,682
9.0,2,12,10,684
9.0,2,12,11,686
9.0,2,12,12,688
9.0,2,12,13,690
9.0,2,12,14,692
9.0,2,12,15,694
9.0,2,13,0,665
9.0,2,13,1,667
9.0,2,13,2,669
9.0,2,13,3,671
9.0,2,13,4,673
9.0,2,13,5,676
9.0,2,13,6,678
9.0,2,13,7,680
9.0,2,13,8,682
9.0,2,13,9,684
9.0,2,13,10,686
9.0,2,13,11,688
9.0,2,13,12,690
9.0,2,13,13,692
9.0,2,13,14,694
9.0,2,13,15,696
9.0,2,14,0,667
9.0,2,14,1,669
9.0,2,14,2,671
9.0,2,14,3,673
9.0,2,14,4,675
9.0,2,14,5,678
9.0,2,14,6,680
9.0,2,14,7,682
9.0,2,14,8,684
9.0,2,14,9,686
9.0,2,14,10,688
9.0,2,14,11,690
9.0,2,14,12,692
9.0,2,14,13,694
9.0,2,14,14,696
9.0,2,14,15,698
9.0,2,15,0,669
9.0,2,15,1,671
9.0,2,15,2,673
9.0,2,15,3,675
9.0,2,15,4,678
9.0,2,15,5,680
9.0,2,15,6,682
9.0,2,15,7,684
9.0,2,15,8,686
9.0,2,15,9,688
9.0,2,15,10,690
9.0,2,15,11,692
9.0,2,15,12,694
9.0,2,15,13,696
9.0,2,15,14,699
9.0,2,15,15,701
9.0,3,0,0,640
9.0,3,0,1,642
9.0,3,0,2,644
9.0,3,0,3,646
9.0,3,0,4,648
9.0,3,0,5,650
9.0,3,0,6,652
9.0,3,0,7,654
9.0,3,0,8,656
9.0,3,0,9,658
9.0,3,0,10,660
9.0,3,0,11,662
9.0,3,0,12,664
9.0,3,0,13,666
9.0,3,0,14,668
9.0,3,0,15,670
9.0,3,1,0,642
9.0,3,1,1,644
9.0,3,1,2,646
9.0,3,1,3,648
9.0,3,1,4,650
9.0,3,1,5,652
9.0,3,1,6,655
9.0,3,1,7,657
9.0,3,1,8,659
9.0,3,1,9,661
9.0,3,1,10,663
9.0,3,1,11,665
9.0,3,1,12,667
9.0,3,1,13,669
9.0,3,1,14,671
9.0,3,1,15,673
9.0,3,2,0,644
9.0,3,2,1,646
9.0,3,2,2,648
9.0,3,2,3,651
9.0,3,2,4,653
9.0,3,2,5,655
9.0,3,2,6,657
9.0,3,2,7,659
9.0,3,2,8,661
9.0,3,2,9,663
9.0,3,2,10,665
9.0,3,2,11,667
9.0,3,2,12,669
9.0,3,2,13,671
9.0,3,2,14,673
9.0,3,2,15,675
9.0,3,3,0,646
9.0,3,3,1,649
9.0,3,3,2,651
9.0,3,3,3,653
9.0,3,3,4,655
9.0,3,3,5,657
9.0,3,3,6,659
9.0,3,3,7,661
9.0,3,3,8,663
9.0,3,3,9,665
9.0,3,3,10,667
9.0,3,3,11,669
9.0,3,3,12,671
9.0,3,3,13,673
9.0,3,3,14,675
9.0,3,3,15,677
9.0,3,4,0,649
9.0,3,4,1,651
9.0,3,4,2,653
9.0,3,4,3,655
9.0,3,4,4,657
9.0,3,4,5,659
9.0,3,4,6,661
9.0,3,4,7,663
9.0,3,4,8,665
9.0,3,4,9,667
9.0,3,4,10,669
9.0,3,4,11,671
9.0,3,4,12,673
9.0,3,4,13,675
9.0,3,4,14,677
9.0,3,4,15,679
9.0,3,5,0,651
9.0,3,5,1,653
9.0,3,5,2,655
9.0,3,5,3,657
9.0,3,5,4,659
9.0,3,5,5,661
9.0,3,5,6,663
9.0,3,5,7,665
9.0,3,5,8,667
9.0,3,5,9,669
9.0,3,5,10,671
9.0,3,5,11,673
9.0,3,5,12,675
9.0,3,5,13,677
9.0,3,5,14,679
9.0,3,5,15,681
9.0,3,6,0,653
9.0,3,6,1,655
9.0,3,6,2,657
9.0,3,6,3,659
9.0,3,6,4,661
9.0,3,6,5,663
9.0,3,6,6,665
9.0,3,6,7,667
9.0,3,6,8,669
9.0,3,6,9,672
9.0,3,6,10,674
9.0,3,6,11,676
9.0,3,6,12,678
9.0,3,6,13,680
9.0,3,6,14,682
9.0,3,6,15,684
9.0,3,7,0,655
9.0,3,7,1,657
9.0,3,7,2,659
9.0,3,7,3,661
9.0,3,7,4,663
9.0,3,7,5,665
9.0,3,7,6,667
9.0,3,7,7,670
9.0,3,7,8,672
9.0,3,7,9,674
9.0,3,7,10,676
9.0,3,7,11,678
9.0,3,7,12,680
9.0,3,7,13,682
9.0,3,7,14,684
9.0,3,7,15,686
9.0,3,8,0,657
9.0,3,8,1,659
9.0,3,8,2,661
9.0,3,8,3,663
9.0,3,8,4,665
9.0,3,8,5,668
9.0,3,8,6,670
9.0,3,8,7,672
9.0,3,8,8,674
9.0,3,8,9,676
9.0,3,8,10,678
9.0,3,8,11,680
9.0,3,8,12,682
9.0,3,8,13,684
9.0,3,8,14,686
9.0,3,8,15,688
9.0,3,9,0,659
9.0,3,9,1,661
9.0,3,9,2,663
9.0,3,9,3,665
9.0,3,9,4,668
9.0,3,9,5,670
9.0,3,9,6,672
9.0,3,9,7,674
9.0,3,9,8,676
9.0,3,9,9,678
9.0,3,9,10,680
9.0,3,9,11,682
9.0,3,9,12,684
9.0,3,9,13,686
9.0,3,9,14,688
9.0,3,9,15,690
9.0,3,10,0,661
9.0,3,10,1,663
9.0,3,10,2,665
9.0,3,10,3,668
9.0,3,10,4,670
9.0,3,10,5,672
9.0,3,10,6,674
9.0,3,10,7,676
9.0,3,10,8,678
9.0,3,10,9,680
9.0,3,10,10,682
9.0,3,10,11,684
9.0,3,10,12,686
9.0,3,10,13,688
9.0,3,10,14,690
9.0,3,10,15,692
9.0,3,11,0,663
9.0,3,11,1,665
9.0,3,11,2,668
9.0,3,11,3,670
9.0,3,11,4,672
9.0,3,11,5,674
9.0,3,11,6,676
9.0,3,11,7,678
9.0,3,11,8,680
9.0,3,11,9,682
9.0,3,11,10,684
9.0,3,11,11,686
9.0,3,11,12,688
9.0,3,11,13,691
9.0,3,11,14,693
9.0,3,11,15,695
9.0,3,12,0,665
9.0,3,12,1,667
9.0,3,12,2,670
9.0,3,12,3,672
9.0,3,12,4,674
9.0,3,12,5,676
9.0,3,12,6,678
9.0,3,12,7,680
9.0,3,12,8,682
9.0,3,12,9,684
9.0,3,12,10,686
9.0,3,12,11,689
9.0,3,12,12,691
9.0,3,12,13,693
9.0,3,12,14,695
9.0,3,12,15,697
9.0,3,13,0,667
9.0,3,13,1,670
9.0,3,13,2,672
9.0,3,13,3,674
9.0,3,13,4,676
9.0,3,13,5,678
9.0,3,13,6,680
9.0,3,13,7,682
9.0,3,13,8,684
9.0,3,13,9,687
9.0,3,13,10,689
9.0,3,13,11,691
9.0,3,13,12,693
9.0,3,13,13,695
9.0,3,13,14,697
9.0,3,13,15,699
9.0,3,14,0,669
9.0,3,14,1,672
9.0,3,14,2,674
9.0,3,14,3,676
9.0,3,14,4,678
9.0,3,14,5,680
9.0,3,14,6,682
9.0,3,14,7,684
9.0,3,14,8,687
9.0,3,14,9,689
9.0,3,14,10,691
9.0,3,14,11,693
9.0,3,14,12,695
9.0,3,14,13,697
9.0,3,14,14,699
9.0,3,14,15,701
9.0,3,15,0,672
9.0,3,15,1,674
9.0,3,15,2,676
9.0,3,15,3,678
9.0,3,15,4,680
9.0,3,15,5,682
9.0,3,15,6,684
9.0,3,15,7,687
9.0,3,15,8,689
9.0,3,15,9,691
9.0,3,15,10,693
9.0,3,15,11,695
9.0,3,15,12,697
9.0,3,15,13,699
9.0,3,15,14,701
9.0,3,15,15,703
9.0,4,0,0,642
9.0,4,0,1,645
9.0,4,0,2,647
9.0,4,0,3,649
9.0,4,0,4,651
9.0,4,0,5,653
9.0,4,0,6,655
9.0,4,0,7,657
9.0,4,0,8,659
9.0,4,0,9,661
9.0,4,0,10,663
9.0,4,0,11,665
9.0,4,0,12,667
9.0,4,0,13,669
9.0,4,0,14,671
9.0,4,0,15,673
9.0,4,1,0,645
9.0,4,1,1,647
9.0,4,1,2,649
9.0,4,1,3,651
9.0,4,1,4,653
9.0,4,1,5,655
9.0,4,1,6,657
9.0,4,1,7,659
9.0,4,1,8,661
9.0,4,1,9,663
9.0,4,1,10,665
9.0,4,1,11,667
9.0,4,1,12,669
9.0,4,1,13,671
9.0,4,1,14,673
9.0,4,1,15,675
9.0,4,2,0,647
9.0,4,2,1,649
9.0,4,2,2,651
9.0,4,2,3,653
9.0,4,2,4,655
9.0,4,2,5,657
9.0,4,2,6,659
9.0,4,2,7,661
9.0,4,2,8,663
9.0,4,2,9,665
9.0,4,2,10,667
9.0,4,2,11,669
9.0,4,2,12,671
9.0,4,2,13,673
9.0,4,2,14,675
9.0,4,2,15,677
9.0,4,3,0,649
9.0,4,3,1,651
9.0,4,3,2,653
9.0,4,3,3,655
9.0,4,3,4,657
9.0,4,3,5,659
9.0,4,3,6,661
9.0,4,3,7,663
9.0,4,3,8,665
9.0,4,3,9,667
9.0,4,3,10,670
9.0,4,3,11,672
9.0,4,3,12,674
9.0,4,3,13,676
9.0,4,3,14,678
9.0,4,3,15,680
9.0,4,4,0,651
9.0,4,4,1,653
9.0,4,4,2,655
9.0,4,4,3,657
9.0,4,4,4,659
9.0,4,4,5,661
9.0,4,4,6,664
9.0,4,4,7,666
9.0,4,4,8,668
9.0,4,4,9,670
9.0,4,4,10,672
9.0,4,4,11,674
9.0,4,4,12,676
9.0,4,4,13,678
9.0,4,4,14,680
9.0,4,4,15,682
9.0,4,5,0,653
9.0,4,5,1,655
9.0,4,5,2,657
9.0,4,5,3,659
9.0,4,5,4,662
9.0,4,5,5,664
9.0,4,5,6,666
9.0,4,5,7,668
9.0,4,5,8,670
9.0,4,5,9,672
9.0,4,5,10,674
9.0,4,5,11,676
9.0,4,5,12,678
9.0,4,5,13,680
9.0,4,5,14,682
9.0,4,5,15,684
9.0,4,6,0,655
9.0,4,6,1,657
9.0,4,6,2,659
9.0,4,6,3,662
9.0,4,6,4,664
9.0,4,6,5,666
9.0,4,6,6,668
9.0,4,6,7,670
9.0,4,6,8,672
9.0,4,6,9,674
9.0,4,6,10,676
9.0,4,6,11,678
9.0,4,6,12,680
9.0,4,6,13,682
9.0,4,6,14,684
9.0,4,6,15,686
9.0,4,7,0,657
9.0,4,7,1,660
9.0,4,7,2,662
9.0,4,7,3,664
9.0,4,7,4,666
9.0,4,7,5,668
9.0,4,7,6,670
9.0,4,7,7,672
9.0,4,7,8,674
9.0,4,7,9,676
9.0,4,7,10,678
9.0,4,7,11,680
9.0,4,7,12,682
9.0,4,7,13,684
9.0,4,7,14,686
9.0,4,7,15,688
9.0,4,8,0,659
9.0,4,8,1,662
9.0,4,8,2,664
9.0,4,8,3,666
9.0,4,8,4,668
9.0,4,8,5,670
9.0,4,8,6,672
9.0,4,8,7,674
9.0,4,8,8,676
9.0,4,8,9,678
9.0,4,8,10,680
9.0,4,8,11,683
9.0,4,8,12,685
9.0,4,8,13,687
9.0,4,8,14,689
9.0,4,8,15,691
9.0,4,9,0,662
9.0,4,9,1,664
9.0,4,9,2,666
9.0,4,9,3,668
9.0,4,9,4,670
9.0,4,9,5,672
9.0,4,9,6,674
9.0,4,9,7,676
9.0,4,9,8,678
9.0,4,9,9,681
9.0,4,9,10,683
9.0,4,9,11,685
9.0,4,9,12,687
9.0,4,9,13,689
9.0,4,9,14,691
9.0,4,9,15,693
9.0,4,10,0,664
9.0,4,10,1,666
9.0,4,10,2,668
9.0,4,10,3,670
9.0,4,10,4,672
9.0,4,10,5,674
9.0,4,10,6,676
9.0,4,10,7,679
9.0,4,10,8,681
9.0,4,10,9,683
9.0,4,10,10,685
9.0,4,10,11,687
9.0,4,10,12,689
9.0,4,10,13,691
9.0,4,10,14,693
9.0,4,10,15,695
9.0,4,11,0,666
9.0,4,11,1,668
9.0,4,11,2,670
9.0,4,11,3,672
9.0,4,11,4,674
9.0,4,11,5,676
9.0,4,11,6,679
9.0,4,11,7,681
9.0,4,11,8,683
9.0,4,11,9,685
9.0,4,11,10,687
9.0,4,11,11,689
9.0,4,11,12,691
9.0,4,11,13,693
9.0,4,11,14,695
9.0,4,11,15,697
9.0,4,12,0,668
9.0,4,12,1,670
9.0,4,12,2,672
9.0,4,12,3,674
9.0,4,12,4,676
9.0,4,12,5,679
9.0,4,12,6,681
9.0,4,12,7,683
9.0,4,12,8,685
9.0,4,12,9,687
9.0,4,12,10,689
9.0,4,12,11,691
9.0,4,12,12,693
9.0,4,12,13,695
9.0,4,12,14,697
9.0,4,12,15,699
9.0,4,13,0,670
9.0,4,13,1,672
9.0,4,13,2,674
9.0,4,13,3,676
9.0,4,13,4,679
9.0,4,13,5,681
9.0,4,13,6,683
9.0,4,13,7,685
9.0,4,13,8,687
9.0,4,13,9,689
9.0,4,13,10,691
9.0,4,13,11,693
9.0,4,13,12,695
9.0,4,13,13,697
9.0,4,13,14,700
9.0,4,13,15,702
9.0,4,14,0,672
9.0,4,14,1,674
9.0,4,14,2,676
9.0,4,14,3,678
9.0,4,14,4,681
9.0,4,14,5,683
9.0,4,14,6,685
9.0,4,14,7,687
9.0,4,14,8,689
9.0,4,14,9,691
9.0,4,14,10,693
9.0,4,14,11,695
9.0,4,14,12,698
9.0,4,14,13,700
9.0,4,14,14,702
9.0,4,14,15,704
9.0,4,15,0,674
9.0,4,15,1,676
9.0,4,15,2,678
9.0,4,15,3,681
9.0,4,15,4,683
9.0,4,15,5,685
9.0,4,15,6,687
9.0,4,15,7,689
9.0,4,15,8,691
9.0,4,15,9,693
9.0,4,15,10,695
9.0,4,15,11,698
9.0,4,15,12,700
9.0,4,15,13,702
9.0,4,15,14,704
9.0,4,15,15,706
9.0,5,0,0,645
9.0,5,0,1,647
9.0,5,0,2,649
9.0,5,0,3,651
9.0,5,0,4,653
9.0,5,0,5,655
9.0,5,0,6,657
9.0,5,0,7,659
9.0,5,0,8,661
9.0,5,0,9,663
9.0,5,0,10,665
9.0,5,0,11,667
9.0,5,0,12,669
9.0,5,0,13,671
9.0,5,0,14,673
9.0,5,0,15,675
9.0,5,1,0,647
9.0,5,1,1,649
9.0,5,1,2,651
9.0,5,1,3,653
9.0,5,1,4,655
9.0,5,1,5,657
9.0,5,1,6,659
9.0,5,1,7,662
9.0,5,1,8,664
9.0,5,1,9,666
9.0,5,1,10,668
9.0,5,1,11,670
9.0,5,1,12,672
9.0,5,1,13,674
9.0,5,1,14,676
9.0,5,1,15,678
9.0,5,2,0,649
9.0,5,2,1,651
9.0,5,2,2,653
9.0,5,2,3,655
9.0,5,2,4,658
9.0,5,2,5,660
9.0,5,2,6,662
9.0,5,2,7,664
9.0,5,2,8,666
9.0,5,2,9,668
9.0,5,2,10,670
9.0,5,2,11,672
9.0,5,2,12,674
9.0,5,2,13,676
9.0,5,2,14,678
9.0,5,2,15,680
9.0,5,3,0,651
9.0,5,3,1,653
9.0,5,3,2,656
9.0,5,3,3,658
9.0,5,3,4,660
9.0,5,3,5,662
9.0,5,3,6,664
9.0,5,3,7,666
9.0,5,3,8,668
9.0,5,3,9,670
9.0,5,3,10,672
9.0,5,3,11,674
9.0,5,3,12,676
9.0,5,3,13,678
9.0,5,3,14,680
9.0,5,3,15,682
9.0,5,4,0,653
9.0,5,4,1,656
9.0,5,4,2,658
9.0,5,4,3,660
9.0,5,4,4,662
9.0,5,4,5,664
9.0,5,4,6,666
9.0,5,4,7,668
9.0,5,4,8,670
9.0,5,4,9,672
9.0,5,4,10,674
9.0,5,4,11,676
9.0,5,4,12,678
9.0,5,4,13,680
9.0,5,4,14,682
9.0,5,4,15,684
9.0,5,5,0,656
9.0,5,5,1,658
9.0,5,5,2,660
9.0,5,5,3,662
9.0,5,5,4,664
9.0,5,5,5,666
9.0,5,5,6,668
9.0,5,5,7,670
9.0,5,5,8,672
9.0,5,5,9,674
9.0,5,5,10,676
9.0,5,5,11,679
9.0,5,5,12,681
9.0,5,5,13,683
9.0,5,5,14,685
9.0,5,5,15,687
9.0,5,6,0,658
9.0,5,6,1,660
9.0,5,6,2,662
9.0,5,6,3,664
9.0,5,6,4,666
9.0,5,6,5,668
9.0,5,6,6,670
9.0,5,6,7,672
9.0,5,6,8,675
9.0,5,6,9,677
9.0,5,6,10,679
9.0,5,6,11,681
9.0,5,6,12,683
9.0,5,6,13,685
9.0,5,6,14,687
9.0,5,6,15,689
9.0,5,7,0,660
9.0,5,7,1,662
9.0,5,7,2,664
9.0,5,7,3,666
9.0,5,7,4,668
9.0,5,7,5,670
9.0,5,7,6,673
9.0,5,7,7,675
9.0,5,7,8,677
9.0,5,7,9,679
9.0,5,7,10,681
9.0,5,7,11,683
9.0,5,7,12,685
9.0,5,7,13,687
9.0,5,7,14,689
9.0,5,7,15,691
9.0,5,8,0,662
9.0,5,8,1,664
9.0,5,8,2,666
9.0,5,8,3,668
9.0,5,8,4,670
9.0,5,8,5,673
9.0,5,8,6,675
9.0,5,8,7,677
9.0,5,8,8,679
9.0,5,8,9,681
9.0,5,8,10,683
9.0,5,8,11,685
9.0,5,8,12,687
9.0,5,8,13,689
9.0,5,8,14,691
9.0,5,8,15,693
9.0,5,9,0,664
9.0,5,9,1,666
9.0,5,9,2,668
9.0,5,9,3,670
9.0,5,9,4,673
9.0,5,9,5,675
9.0,5,9,6,677
9.0,5,9,7,679
9.0,5,9,8,681
9.0,5,9,9,683
9.0,5,9,10,685
9.0,5,9,11,687
9.0,5,9,12,689
9.0,5,9,13,691
9.0,5,9,14,693
9.0,5,9,15,696
9.0,5,10,0,666
9.0,5,10,1,668
9.0,5,10,2,670
9.0,5,10,3,673
9.0,5,10,4,675
9.0,5,10,5,677
9.0,5,10,6,679
9.0,5,10,7,681
9.0,5,10,8,683
9.0,5,10,9,685
9.0,5,10,10,687
9.0,5,10,11,689
9.0,5,10,12,692
9.0,5,10,13,694
9.0,5,10,14,696
9.0,5,10,15,698
9.0,5,11,0,668
9.0,5,11,1,670
9.0,5,11,2,673
9.0,5,11,3,675
9.0,5,11,4,677
9.0,5,11,5,679
9.0,5,11,6,681
9.0,5,11,7,683
9.0,5,11,8,685
9.0,5,11,9,687
9.0,5,11,10,690
9.0,5,11,11,692
9.0,5,11,12,694
9.0,5,11,13,696
9.0,5,11,14,698
9.0,5,11,15,700
9.0,5,12,0,670
9.0,5,12,1,673
9.0,5,12,2,675
9.0,5,12,3,677
9.0,5,12,4,679
9.0,5,12,5,681
9.0,5,12,6,683
9.0,5,12,7,685
9.0,5,12,8,687
9.0,5,12,9,690
9.0,5,12,10,692
9.0,5,12,11,694
9.0,5,12,12,696
9.0,5,12,13,698
9.0,5,12,14,700
9.0,5,12,15,702
9.0,5,13,0,672
9.0,5,13,1,675
9.0,5,13,2,677
9.0,5,13,3,679
9.0,5,13,4,681
9.0,5,13,5,683
9.0,5,13,6,685
9.0,5,13,7,687
9.0,5,13,8,690
9.0,5,13,9,692
9.0,5,13,10,694
9.0,5,13,11,696
9.0,5,13,12,698
9.0,5,13,13,700
9.0,5,13,14,702
9.0,5,13,15,704
9.0,5,14,0,675
9.0,5,14,1,677
9.0,5,14,2,679
9.0,5,14,3,681
9.0,5,14,4,683
9.0,5,14,5,685
9.0,5,14,6,687
9.0,5,14,7,690
9.0,5,14,8,692
9.0,5,14,9,694
9.0,5,14,10,696
9.0,5,14,11,698
9.0,5,14,12,700
9.0,5,14,13,702
9.0,5,14,14,704
9.0,5,14,15,706
9.0,5,15,0,677
9.0,5,15,1,679
9.0,5,15,2,681
9.0,5,15,3,683
9.0,5,15,4,685
9.0,5,15,5,687
9.0,5,15,6,690
9.0,5,15,7,692
9.0,5,15,8,694
9.0,5,15,9,696
9.0,5,15,10,698
9.0,5,15,11,700
9.0,5,15,12,702
9.0,5,15,13,704
9.0,5,15,14,707
9.0,5,15,15,709
9.0,6,0,0,647
9.0,6,0,1,649
9.0,6,0,2,651
9.0,6,0,3,654
9.0,6,0,4,656
9.0,6,0,5,658
9.0,6,0,6,660
9.0,6,0,7,662
9.0,6,0,8,664
9.0,6,0,9,666
9.0,6,0,10,668
9.0,6,0,11,670
9.0,6,0,12,672
9.0,6,0,13,674
9.0,6,0,14,676
9.0,6,0,15,678
9.0,6,1,0,649
9.0,6,1,1,652
9.0,6,1,2,654
9.0,6,1,3,656
9.0,6,1,4,658
9.0,6,1,5,660
9.0,6,1,6,662
9.0,6,1,7,664
9.0,6,1,8,666
9.0,6,1,9,668
9.0,6,1,10,670
9.0,6,1,11,672
9.0,6,1,12,674
9.0,6,1,13,676
9.0,6,1,14,678
9.0,6,1,15,680
9.0,6,2,0,652
9.0,6,2,1,654
9.0,6,2,2,656
9.0,6,2,3,658
9.0,6,2,4,660
9.0,6,2,5,662
9.0,6,2,6,664
9.0,6,2,7,666
9.0,6,2,8,668
9.0,6,2,9,670
9.0,6,2,10,672
9.0,6,2,11,674
9.0,6,2,12,676
9.0,6,2,13,678
9.0,6,2,14,680
9.0,6,2,15,682
9.0,6,3,0,654
9.0,6,3,1,656
9.0,6,3,2,658
9.0,6,3,3,660
9.0,6,3,4,662
9.0,6,3,5,664
9.0,6,3,6,666
9.0,6,3,7,668
9.0,6,3,8,670
9.0,6,3,9,673
9.0,6,3,10,675
9.0,6,3,11,677
9.0,6,3,12,679
9.0,6,3,13,681
9.0,6,3,14,683
9.0,6,3,15,685
9.0,6,4,0,656
9.0,6,4,1,658
9.0,6,4,2,660
9.0,6,4,3,662
9.0,6,4,4,664
9.0,6,4,5,666
9.0,6,4,6,669
9.0,6,4,7,671
9.0,6,4,8,673
9.0,6,4,9,675
9.0,6,4,10,677
9.0,6,4,11,679
9.0,6,4,12,681
9.0,6,4,13,683
9.0,6,4,14,685
9.0,6,4,15,687
9.0,6,5,0,658
9.0,6,5,1,660
9.0,6,5,2,662
9.0,6,5,3,664
9.0,6,5,4,667
9.0,6,5,5,669
9.0,6,5,6,671
9.0,6,5,7,673
9.0,6,5,8,675
9.0,6,5,9,677
9.0,6,5,10,679
9.0,6,5,11,681
9.0,6,5,12,683
9.0,6,5,13,685
9.0,6,5,14,687
9.0,6,5,15,689
9.0,6,6,0,660
9.0,6,6,1,662
9.0,6,6,2,664
9.0,6,6,3,667
9.0,6,6,4,669
9.0,6,6,5,671
9.0,6,6,6,673
9.0,6,6,7,675
9.0,6,6,8,677
9.0,6,6,9,679
9.0,6,6,10,681
9.0,6,6,11,683
9.0,6,6,12,685
9.0,6,6,13,687
9.0,6,6,14,689
9.0,6,6,15,691
9.0,6,7,0,662
9.0,6,7,1,664
9.0,6,7,2,667
9.0,6,7,3,669
9.0,6,7,4,671
9.0,6,7,5,673
9.0,6,7,6,675
9.0,6,7,7,677
9.0,6,7,8,679
9.0,6,7,9,681
9.0,6,7,10,683
9.0,6,7,11,685
9.0,6,7,12,688
9.0,6,7,13,690
9.0,6,7,14,692
9.0,6,7,15,694
9.0,6,8,0,664
9.0,6,8,1,667
9.0,6,8,2,669
9.0,6,8,3,671
9.0,6,8,4,673
9.0,6,8,5,675
9.0,6,8,6,677
9.0,6,8,7,679
9.0,6,8,8,681
9.0,6,8,9,684
9.0,6,8,10,686
9.0,6,8,11,688
9.0,6,8,12,690
9.0,6,8,13,692
9.0,6,8,14,694
9.0,6,8,15,696
9.0,6,9,0,667
9.0,6,9,1,669
9.0,6,9,2,671
9.0,6,9,3,673
9.0,6,9,4,675
9.0,6,9,5,677
9.0,6,9,6,679
9.0,6,9,7,681
9.0,6,9,8,684
9.0,6,9,9,686
9.0,6,9,10,688
9.0,6,9,11,690
9.0,6,9,12,692
9.0,6,9,13,694
9.0,6,9,14,696
9.0,6,9,15,698
9.0,6,10,0,669
9.0,6,10,1,671
9.0,6,10,2,673
9.0,6,10,3,675
9.0,6,10,4,677
9.0,6,10,5,679
9.0,6,10,6,682
9.0,6,10,7,684
9.0,6,10,8,686
9.0,6,10,9,688
9.0,6,10,10,690
9.0,6,10,11,692
9.0,6,10,12,694
9.0,6,10,13,696
9.0,6,10,14,698
9.0,6,10,15,700
9.0,6,11,0,671
9.0,6,11,1,673
9.0,6,11,2,675
9.0,6,11,3,677
9.0,6,11,4,679
9.0,6,11,5,682
9.0,6,11,6,684
9.0,6,11,7,686
9.0,6,11,8,688
9.0,6,11,9,690
9.0,6,11,10,692
9.0,6,11,11,694
9.0,6,11,12,696
9.0,6,11,13,698
9.0,6,11,14,700
9.0,6,11,15,703
9.0,6,12,0,673
9.0,6,12,1,675
9.0,6,12,2,677
9.0,6,12,3,679
9.0,6,12,4,682
9.0,6,12,5,684
9.0,6,12,6,686
9.0,6,12,7,688
9.0,6,12,8,690
9.0,6,12,9,692
9.0,6,12,10,694
9.0,6,12,11,696
9.0,6,12,12,698
9.0,6,12,13,701
9.0,6,12,14,703
9.0,6,12,15,705
9.0,6,13,0,675
9.0,6,13,1,677
9.0,6,13,2,679
9.0,6,13,3,681
9.0,6,13,4,684
9.0,6,13,5,686
9.0,6,13,6,688
9.0,6,13,7,690
9.0,6,13,8,692
9.0,6,13,9,694
9.0,6,13,10,696
9.0,6,13,11,699
9.0,6,13,12,701
9.0,6,13,13,703
9.0,6,13,14,705
9.0,6,13,15,707
9.0,6,14,0,677
9.0,6,14,1,679
9.0,6,14,2,681
9.0,6,14,3,684
9.0,6,14,4,686
9.0,6,14,5,688
9.0,6,14,6,690
9.0,6,14,7,692
9.0,6,14,8,694
9.0,6,14,9,696
9.0,6,14,10,699
9.0,6,14,11,701
9.0,6,14,12,703
9.0,6,14,13,705
9.0,6,14,14,707
9.0,6,14,15,709
9.0,6,15,0,679
9.0,6,15,1,681
9.0,6,15,2,684
9.0,6,15,3,686
9.0,6,15,4,688
9.0,6,15,5,690
9.0,6,15,6,692
9.0,6,15,7,694
9.0,6,15,8,696
9.0,6,15,9,699
9.0,6,15,10,701
9.0,6,15,11,703
9.0,6,15,12,705
9.0,6,15,13,707
9.0,6,15,14,709
9.0,6,15,15,711
9.0,7,0,0,650
9.0,7,0,1,652
9.0,7,0,2,654
9.0,7,0,3,656
9.0,7,0,4,658
9.0,7,0,5,660
9.0,7,0,6,662
9.0,7,0,7,664
9.0,7,0,8,666
9.0,7,0,9,668
9.0,7,0,10,670
9.0,7,0,11,672
9.0,7,0,12,674
9.0,7,0,13,676
9.0,7,0,14,678
9.0,7,0,15,680
9.0,7,1,0,652
9.0,7,1,1,654
9.0,7,1,2,656
9.0,7,1,3,658
9.0,7,1,4,660
9.0,7,1,5,662
9.0,7,1,6,664
9.0,7,1,7,666
9.0,7,1,8,669
9.0,7,1,9,671
9.0,7,1,10,673
9.0,7,1,11,675
9.0,7,1,12,677
9.0,7,1,13,679
9.0,7,1,14,681
9.0,7,1,15,683
9.0,7,2,0,654
9.0,7,2,1,656
9.0,7,2,2,658
9.0,7,2,3,660
9.0,7,2,4,662
9.0,7,2,5,665
9.0,7,2,6,667
9.0,7,2,7,669
9.0,7,2,8,671
9.0,7,2,9,673
9.0,7,2,10,675
9.0,7,2,11,677
9.0,7,2,12,679
9.0,7,2,13,681
9.0,7,2,14,683
9.0,7,2,15,685
9.0,7,3,0,656
9.0,7,3,1,658
9.0,7,3,2,660
9.0,7,3,3,663
9.0,7,3,4,665
9.0,7,3,5,667
9.0,7,3,6,669
9.0,7,3,7,671
9.0,7,3,8,673
9.0,7,3,9,675
9.0,7,3,10,677
9.0,7,3,11,679
9.0,7,3,12,681
9.0,7,3,13,683
9.0,7,3,14,685
9.0,7,3,15,687
9.0,7,4,0,658
9.0,7,4,1,661
9.0,7,4,2,663
9.0,7,4,3,665
9.0,7,4,4,667
9.0,7,4,5,669
9.0,7,4,6,671
9.0,7,4,7,673
9.0,7,4,8,675
9.0,7,4,9,677
9.0,7,4,10,679
9.0,7,4,11,681
9.0,7,4,12,683
9.0,7,4,13,685
9.0,7,4,14,688
9.0,7,4,15,690
9.0,7,5,0,661
9.0,7,5,1,663
9.0,7,5,2,665
9.0,7,5,3,667
9.0,7,5,4,669
9.0,7,5,5,671
9.0,7,5,6,673
9.0,7,5,7,675
9.0,7,5,8,677
9.0,7,5,9,679
9.0,7,5,10,682
9.0,7,5,11,684
9.0,7,5,12,686
9.0,7,5,13,688
9.0,7,5,14,690
9.0,7,5,15,692
9.0,7,6,0,663
9.0,7,6,1,665
9.0,7,6,2,667
9.0,7,6,3,669
9.0,7,6,4,671
9.0,7,6,5,673
9.0,7,6,6,675
9.0,7,6,7,678
9.0,7,6,8,680
9.0,7,6,9,682
9.0,7,6,10,684
9.0,7,6,11,686
9.0,7,6,12,688
9.0,7,6,13,690
9.0,7,6,14,692
9.0,7,6,15,694
9.0,7,7,0,665
9.0,7,7,1,667
9.0,7,7,2,669
9.0,7,7,3,671
9.0,7,7,4,673
9.0,7,7,5,675
9.0,7,7,6,678
9.0,7,7,7,680
9.0,7,7,8,682
9.0,7,7,9,684
9.0,7,7,10,686
9.0,7,7,11,688
9.0,7,7,12,690
9.0,7,7,13,692
9.0,7,7,14,694
9.0,7,7,15,696
9.0,7,8,0,667
9.0,7,8,1,669
9.0,7,8,2,671
9.0,7,8,3,673
9.0,7,8,4,676
9.0,7,8,5,678
9.0,7,8,6,680
9.0,7,8,7,682
9.0,7,8,8,684
9.0,7,8,9,686
9.0,7,8,10,688
9.0,7,8,11,690
9.0,7,8,12,692
9.0,7,8,13,694
9.0,7,8,14,696
9.0,7,8,15,699
9.0,7,9,0,669
9.0,7,9,1,671
9.0,7,9,2,673
9.0,7,9,3,676
9.0,7,9,4,678
9.0,7,9,5,680
9.0,7,9,6,682
9.0,7,9,7,684
9.0,7,9,8,686
9.0,7,9,9,688
9.0,7,9,10,690
9.0,7,9,11,692
9.0,7,9,12,695
9.0,7,9,13,697
9.0,7,9,14,699
9.0,7,9,15,701
9.0,7,10,0,671
9.0,7,10,1,673
9.0,7,10,2,676
9.0,7,10,3,678
9.0,7,10,4,680
9.0,7,10,5,682
9.0,7,10,6,684
9.0,7,10,7,686
9.0,7,10,8,688
9.0,7,10,9,690
9.0,7,10,10,693
9.0,7,10,11,695
9.0,7,10,12,697
9.0,7,10,13,699
9.0,7,10,14,701
9.0,7,10,15,703
9.0,7,11,0,673
9.0,7,11,1,675
9.0,7,11,2,678
9.0,7,11,3,680
9.0,7,11,4,682
9.0,7,11,5,684
9.0,7,11,6,686
9.0,7,11,7,688
9.0,7,11,8,690
9.0,7,11,9,693
9.0,7,11,10,695
9.0,7,11,11,697
9.0,7,11,12,699
9.0,7,11,13,701
9.0,7,11,14,703
9.0,7,11,15,705
9.0,7,12,0,675
9.0,7,12,1,678
9.0,7,12,2,680
9.0,7,12,3,682
9.0,7,12,4,684
9.0,7,12,5,686
9.0,7,12,6,688
9.0,7,12,7,691
9.0,7,12,8,693
9.0,7,12,9,695
9.0,7,12,10,697
9.0,7,12,11,699
9.0,7,12,12,701
9.0,7,12,13,703
9.0,7,12,14,705
9.0,7,12,15,707
9.0,7,13,0,678
9.0,7,13,1,680
9.0,7,13,2,682
9.0,7,13,3,684
9.0,7,13,4,686
9.0,7,13,5,688
9.0,7,13,6,691
9.0,7,13,7,693
9.0,7,13,8,695
9.0,7,13,9,697
9.0,7,13,10,699
9.0,7,13,11,701
9.0,7,13,12,703
9.0,7,13,13,705
9.0,7,13,14,707
9.0,7,13,15,710
9.0,7,14,0,680
9.0,7,14,1,682
9.0,7,14,2,684
9.0,7,14,3,686
9.0,7,14,4,688
9.0,7,14,5,690
9.0,7,14,6,693
9.0,7,14,7,695
9.0,7,14,8,697
9.0,7,14,9,699
9.0,7,14,10,701
9.0,7,14,11,703
9.0,7,14,12,705
9.0,7,14,13,708
9.0,7,14,14,710
9.0,7,14,15,712
9.0,7,15,0,682
9.0,7,15,1,684
9.0,7,15,2,686
9.0,7,15,3,688
9.0,7,15,4,690
9.0,7,15,5,693
9.0,7,15,6,695
9.0,7,15,7,697
9.0,7,15,8,699
9.0,7,15,9,701
9.0,7,15,10,703
9.0,7,15,11,705
9.0,7,15,12,708
9.0,7,15,13,710
9.0,7,15,14,712
9.0,7,15,15,714
9.0,8,0,0,652
9.0,8,0,1,654
9.0,8,0,2,656
9.0,8,0,3,658
9.0,8,0,4,661
9.0,8,0,5,663
9.0,8,0,6,665
9.0,8,0,7,667
9.0,8,0,8,669
9.0,8,0,9,671
9.0,8,0,10,673
9.0,8,0,11,675
9.0,8,0,12,677
9.0,8,0,13,679
9.0,8,0,14,681
9.0,8,0,15,683
9.0,8,1,0,654
9.0,8,1,1,656
9.0,8,1,2,659
9.0,8,1,3,661
9.0,8,1,4,663
9.0,8,1,5,665
9.0,8,1,6,667
9.0,8,1,7,669
9.0,8,1,8,671
9.0,8,1,9,673
9.0,8,1,10,675
9.0,8,1,11,677
9.0,8,1,12,679
9.0,8,1,13,681
9.0,8,1,14,683
9.0,8,1,15,685
9.0,8,2,0,657
9.0,8,2,1,659
9.0,8,2,2,661
9.0,8,2,3,663
9.0,8,2,4,665
9.0,8,2,5,667
9.0,8,2,6,669
9.0,8,2,7,671
9.0,8,2,8,673
9.0,8,2,9,675
9.0,8,2,10,677
9.0,8,2,11,679
9.0,8,2,12,681
9.0,8,2,13,684
9.0,8,2,14,686
9.0,8,2,15,688
9.0,8,3,0,659
9.0,8,3,1,661
9.0,8,3,2,663
9.0,8,3,3,665
9.0,8,3,4,667
9.0,8,3,5,669
9.0,8,3,6,671
9.0,8,3,7,673
9.0,8,3,8,676
9.0,8,3,9,678
9.0,8,3,10,680
9.0,8,3,11,682
9.0,8,3,12,684
9.0,8,3,13,686
9.0,8,3,14,688
9.0,8,3,15,690
9.0,8,4,0,661
9.0,8,4,1,663
9.0,8,4,2,665
9.0,8,4,3,667
9.0,8,4,4,669
9.0,8,4,5,671
9.0,8,4,6,674
9.0,8,4,7,676
9.0,8,4,8,678
9.0,8,4,9,680
9.0,8,4,10,682
9.0,8,4,11,684
9.0,8,4,12,686
9.0,8,4,13,688
9.0,8,4,14,690
9.0,8,4,15,692
9.0,8,5,0,663
9.0,8,5,1,665
9.0,8,5,2,667
9.0,8,5,3,669
9.0,8,5,4,672
9.0,8,5,5,674
9.0,8,5,6,676
9.0,8,5,7,678
9.0,8,5,8,680
9.0,8,5,9,682
9.0,8,5,10,684
9.0,8,5,11,686
9.0,8,5,12,688
9.0,8,5,13,690
9.0,8,5,14,692
9.0,8,5,15,694
9.0,8,6,0,665
9.0,8,6,1,667
9.0,8,6,2,669
9.0,8,6,3,672
9.0,8,6,4,674
9.0,8,6,5,676
9.0,8,6,6,678
9.0,8,6,7,680
9.0,8,6,8,682
9.0,8,6,9,684
9.0,8,6,10,686
9.0,8,6,11,688
9.0,8,6,12,690
9.0,8,6,13,693
9.0,8,6,14,695
9.0,8,6,15,697
9.0,8,7,0,667
9.0,8,7,1,669
9.0,8,7,2,672
9.0,8,7,3,674
9.0,8,7,4,676
9.0,8,7,5,678
9.0,8,7,6,680
9.0,8,7,7,682
9.0,8,7,8,684
9.0,8,7,9,686
9.0,8,7,10,689
9.0,8,7,11,691
9.0,8,7,12,693
9.0,8,7,13,695
9.0,8,7,14,697
9.0,8,7,15,699
9.0,8,8,0,669
9.0,8,8,1,672
9.0,8,8,2,674
9.0,8,8,3,676
9.0,8,8,4,678
9.0,8,8,5,680
9.0,8,8,6,682
9.0,8,8,7,684
9.0,8,8,8,687
9.0,8,8,9,689
9.0,8,8,10,691
9.0,8,8,11,693
9.0,8,8,12,695
9.0,8,8,13,697
9.0,8,8,14,699
9.0,8,8,15,701
9.0,8,9,0,672
9.0,8,9,1,674
9.0,8,9,2,676
9.0,8,9,3,678
9.0,8,9,4,680
9.0,8,9,5,682
9.0,8,9,6,684
9.0,8,9,7,687
9.0,8,9,8,689
9.0,8,9,9,691
9.0,8,9,10,693
9.0,8,9,11,695
9.0,8,9,12,697
9.0,8,9,13,699
9.0,8,9,14,701
9.0,8,9,15,703
9.0,8,10,0,674
9.0,8,10,1,676
9.0,8,10,2,678
9.0,8,10,3,680
9.0,8,10,4,682
9.0,8,10,5,685
9.0,8,10,6,687
9.0,8,10,7,689
9.0,8,10,8,691
9.0,8,10,9,693
9.0,8,10,10,695
9.0,8,10,11,697
9.0,8,10,12,699
9.0,8,10,13,701
9.0,8,10,14,704
9.0,8,10,15,706
9.0,8,11,0,676
9.0,8,11,1,678
9.0,8,11,2,680
9.0,8,11,3,682
9.0,8,11,4,685
9.0,8,11,5,687
9.0,8,11,6,689
9.0,8,11,7,691
9.0,8,11,8,693
9.0,8,11,9,695
9.0,8,11,10,697
9.0,8,11,11,699
9.0,8,11,12,702
9.0,8,11,13,704
9.0,8,11,14,706
9.0,8,11,15,708
9.0,8,12,0,678
9.0,8,12,1,680
9.0,8,12,2,682
9.0,8,12,3,684
9.0,8,12,4,687
9.0,8,12,5,689
9.0,8,12,6,691
9.0,8,12,7,693
9.0,8,12,8,695
9.0,8,12,9,697
9.0,8,12,10,699
9.0,8,12,11,702
9.0,8,12,12,704
9.0,8,12,13,706
9.0,8,12,14,708
9.0,8,12,15,710
9.0,8,13,0,680
9.0,8,13,1,682
9.0,8,13,2,684
9.0,8,13,3,687
9.0,8,13,4,689
9.0,8,13,5,691
9.0,8,13,6,693
9.0,8,13,7,695
9.0,8,13,8,697
9.0,8,13,9,700
9.0,8,13,10,702
9.0,8,13,11,704
9.0,8,13,12,706
9.0,8,13,13,708
9.0,8,13,14,710
9.0,8,13,15,712
9.0,8,14,0,682
9.0,8,14,1,684
9.0,8,14,2,687
9.0,8,14,3,689
9.0,8,14,4,691
9.0,8,14,5,693
9.0,8,14,6,695
9.0,8,14,7,697
9.0,8,14,8,700
9.0,8,14,9,702
9.0,8,14,10,704
9.0,8,14,11,706
9.0,8,14,12,708
9.0,8,14,13,710
9.0,8,14,14,712
9.0,8,14,15,714
9.0,8,15,0,684
9.0,8,15,1,686
9.0,8,15,2,689
9.0,8,15,3,691
9.0,8,15,4,693
9.0,8,15,5,695
9.0,8,15,6,697
9.0,8,15,7,700
9.0,8,15,8,702
9.0,8,15,9,704
9.0,8,15,10,706
9.0,8,15,11,708
9.0,8,15,12,710
9.0,8,15,13,712
9.0,8,15,14,714
9.0,8,15,15,717
9.0,9,0,0,655
9.0,9,0,1,657
9.0,9,0,2,659
9.0,9,0,3,661
9.0,9,0,4,663
9.0,9,0,5,665
9.0,9,0,6,667
9.0,9,0,7,669
9.0,9,0,8,671
9.0,9,0,9,673
9.0,9,0,10,675
9.0,9,0,11,677
9.0,9,0,12,679
9.0,9,0,13,682
9.0,9,0,14,684
9.0,9,0,15,686
9.0,9,1,0,657
9.0,9,1,1,659
9.0,9,1,2,661
9.0,9,1,3,663
9.0,9,1,4,665
9.0,9,1,5,667
9.0,9,1,6,669
9.0,9,1,7,671
9.0,9,1,8,674
9.0,9,1,9,676
9.0,9,1,10,678
9.0,9,1,11,680
9.0,9,1,12,682
9.0,9,1,13,684
9.0,9,1,14,686
9.0,9,1,15,688
9.0,9,2,0,659
9.0,9,2,1,661
9.0,9,2,2,663
9.0,9,2,3,665
9.0,9,2,4,667
9.0,9,2,5,670
9.0,9,2,6,672
9.0,9,2,7,674
9.0,9,2,8,676
9.0,9,2,9,678
9.0,9,2,10,680
9.0,9,2,11,682
9.0,9,2,12,684
9.0,9,2,13,686
9.0,9,2,14,688
9.0,9,2,15,690
9.0,9,3,0,661
9.0,9,3,1,663
9.0,9,3,2,665
9.0,9,3,3,668
9.0,9,3,4,670
9.0,9,3,5,672
9.0,9,3,6,674
9.0,9,3,7,676
9.0,9,3,8,678
9.0,9,3,9,680
9.0,9,3,10,682
9.0,9,3,11,684
9.0,9,3,12,686
9.0,9,3,13,688
9.0,9,3,14,690
9.0,9,3,15,692
9.0,9,4,0,663
9.0,9,4,1,665
9.0,9,4,2,668
9.0,9,4,3,670
9.0,9,4,4,672
9.0,9,4,5,674
9.0,9,4,6,676
9.0,9,4,7,678
9.0,9,4,8,680
9.0,9,4,9,682
9.0,9,4,10,684
9.0,9,4,11,686
9.0,9,4,12,689
9.0,9,4,13,691
9.0,9,4,14,693
9.0,9,4,15,695
9.0,9,5,0,665
9.0,9,5,1,668
9.0,9,5,2,670
9.0,9,5,3,672
9.0,9,5,4,674
9.0,9,5,5,676
9.0,9,5,6,678
9.0,9,5,7,680
9.0,9,5,8,682
9.0,9,5,9,685
9.0,9,5,10,687
9.0,9,5,11,689
9.0,9,5,12,691
9.0,9,5,13,693
9.0,9,5,14,695
9.0,9,5,15,697
9.0,9,6,0,668
9.0,9,6,1,670
9.0,9,6,2,672
9.0,9,6,3,674
9.0,9,6,4,676
9.0,9,6,5,678
9.0,9,6,6,680
9.0,9,6,7,683
9.0,9,6,8,685
9.0,9,6,9,687
9.0,9,6,10,689
9.0,9,6,11,691
9.0,9,6,12,693
9.0,9,6,13,695
9.0,9,6,14,697
9.0,9,6,15,699
9.0,9,7,0,670
9.0,9,7,1,672
9.0,9,7,2,674
9.0,9,7,3,676
9.0,9,7,4,678
9.0,9,7,5,681
9.0,9,7,6,683
9.0,9,7,7,685
9.0,9,7,8,687
9.0,9,7,9,689
9.0,9,7,10,691
9.0,9,7,11,693
9.0,9,7,12,695
9.0,9,7,13,697
9.0,9,7,14,699
9.0,9,7,15,701
9.0,9,8,0,672
9.0,9,8,1,674
9.0,9,8,2,676
9.0,9,8,3,678
9.0,9,8,4,681
9.0,9,8,5,683
9.0,9,8,6,685
9.0,9,8,7,687
9.0,9,8,8,689
9.0,9,8,9,691
9.0,9,8,10,693
9.0,9,8,11,695
9.0,9,8,12,697
9.0,9,8,13,700
9.0,9,8,14,702
9.0,9,8,15,704
9.0,9,9,0,674
9.0,9,9,1,676
9.0,9,9,2,678
9.0,9,9,3,681
9.0,9,9,4,683
9.0,9,9,5,685
9.0,9,9,6,687
9.0,9,9,7,689
9.0,9,9,8,691
9.0,9,9,9,693
9.0,9,9,10,696
9.0,9,9,11,698
9.0,9,9,12,700
9.0,9,9,13,702
9.0,9,9,14,704
9.0,9,9,15,706
9.0,9,10,0,676
9.0,9,10,1,678
9.0,9,10,2,681
9.0,9,10,3,683
9.0,9,10,4,685
9.0,9,10,5,687
9.0,9,10,6,689
9.0,9,10,7,691
9.0,9,10,8,693
9.0,9,10,9,696
9.0,9,10,10,698
9.0,9,10,11,700
9.0,9,10,12,702
9.0,9,10,13,704
9.0,9,10,14,706
9.0,9,10,15,708
9.0,9,11,0,678
9.0,9,11,1,681
9.0,9,11,2,683
9.0,9,11,3,685
9.0,9,11,4,687
9.0,9,11,5,689
9.0,9,11,6,691
9.0,9,11,7,694
9.0,9,11,8,696
9.0,9,11,9,698
9.0,9,11,10,700
9.0,9,11,11,702
9.0,9,11,12,704
9.0,9,11,13,706
9.0,9,11,14,708
9.0,9,11,15,710
9.0,9,12,0,680
9.0,9,12,1,683
9.0,9,12,2,685
9.0,9,12,3,687
9.0,9,12,4,689
9.0,9,12,5,691
9.0,9,12,6,694
9.0,9,12,7,696
9.0,9,12,8,698
9.0,9,12,9,700
9.0,9,12,10,702
9.0,9,12,11,704
9.0,9,12,12,706
9.0,9,12,13,708
9.0,9,12,14,711
9.0,9,12,15,713
9.0,9,13,0,683
9.0,9,13,1,685
9.0,9,13,2,687
9.0,9,13,3,689
9.0,9,13,4,691
9.0,9,13,5,694
9.0,9,13,6,696
9.0,9,13,7,698
9.0,9,13,8,700
9.0,9,13,9,702
9.0,9,13,10,704
9.0,9,13,11,706
9.0,9,13,12,709
9.0,9,13,13,711
9.0,9,13,14,713
9.0,9,13,15,715
9.0,9,14,0,685
9.0,9,14,1,687
9.0,9,14,2,689
9.0,9,14,3,691
9.0,9,14,4,693
9.0,9,14,5,696
9.0,9,14,6,698
9.0,9,14,7,700
9.0,9,14,8,702
9.0,9,14,9,704
9.0,9,14,10,706
9.0,9,14,11,709
9.0,9,14,12,711
9.0,9,14,13,713
9.0,9,14,14,715
9.0,9,14,15,717
9.0,9,15,0,687
9.0,9,15,1,689
9.0,9,15,2,691
9.0,9,15,3,693
9.0,9,15,4,696
9.0,9,15,5,698
9.0,9,15,6,700
9.0,9,15,7,702
9.0,9,15,8,704
9.0,9,15,9,706
9.0,9,15,10,709
9.0,9,15,11,711
9.0,9,15,12,713
9.0,9,15,13,715
9.0,9,15,14,717
9.0,9,15,15,719
9.0,10,0,0,657
9.0,10,0,1,659
9.0,10,0,2,661
9.0,10,0,3,663
9.0,10,0,4,665
9.0,10,0,5,668
9.0,10,0,6,670
9.0,10,0,7,672
9.0,10,0,8,674
9.0,10,0,9,676
9.0,10,0,10,678
9.0,10,0,11,680
9.0,10,0,12,682
9.0,10,0,13,684
9.0,10,0,14,686
9.0,10,0,15,688
9.0,10,1,0,659
9.0,10,1,1,661
9.0,10,1,2,663
9.0,10,1,3,666
9.0,10,1,4,668
9.0,10,1,5,670
9.0,10,1,6,672
9.0,10,1,7,674
9.0,10,1,8,676
9.0,10,1,9,678
9.0,10,1,10,680
9.0,10,1,11,682
9.0,10,1,12,684
9.0,10,1,13,686
9.0,10,1,14,688
9.0,10,1,15,690
9.0,10,2,0,661
9.0,10,2,1,664
9.0,10,2,2,666
9.0,10,2,3,668
9.0,10,2,4,670
9.0,10,2,5,672
9.0,10,2,6,674
9.0,10,2,7,676
9.0,10,2,8,678
9.0,10,2,9,680
9.0,10,2,10,682
9.0,10,2,11,685
9.0,10,2,12,687
9.0,10,2,13,689
9.0,10,2,14,691
9.0,10,2,15,693
9.0,10,3,0,664
9.0,10,3,1,666
9.0,10,3,2,668
9.0,10,3,3,670
9.0,10,3,4,672
9.0,10,3,5,674
9.0,10,3,6,676
9.0,10,3,7,678
9.0,10,3,8,681
9.0,10,3,9,683
9.0,10,3,10,685
9.0,10,3,11,687
9.0,10,3,12,689
9.0,10,3,13,691
9.0,10,3,14,693
9.0,10,3,15,695
9.0,10,4,0,666
9.0,10,4,1,668
9.0,10,4,2,670
9.0,10,4,3,672
9.0,10,4,4,674
9.0,10,4,5,676
9.0,10,4,6,679
9.0,10,4,7,681
9.0,10,4,8,683
9.0,10,4,9,685
9.0,10,4,10,687
9.0,10,4,11,689
9.0,10,4,12,691
9.0,10,4,13,693
9.0,10,4,14,695
9.0,10,4,15,697
9.0,10,5,0,668
9.0,10,5,1,670
9.0,10,5,2,672
9.0,10,5,3,674
9.0,10,5,4,677
9.0,10,5,5,679
9.0,10,5,6,681
9.0,10,5,7,683
9.0,10,5,8,685
9.0,10,5,9,687
9.0,10,5,10,689
9.0,10,5,11,691
9.0,10,5,12,693
9.0,10,5,13,695
9.0,10,5,14,697
9.0,10,5,15,700
9.0,10,6,0,670
9.0,10,6,1,672
9.0,10,6,2,674
9.0,10,6,3,677
9.0,10,6,4,679
9.0,10,6,5,681
9.0,10,6,6,683
9.0,10,6,7,685
9.0,10,6,8,687
9.0,10,6,9,689
9.0,10,6,10,691
9.0,10,6,11,694
9.0,10,6,12,696
9.0,10,6,13,698
9.0,10,6,14,700
9.0,10,6,15,702
9.0,10,7,0,672
9.0,10,7,1,674
9.0,10,7,2,677
9.0,10,7,3,679
9.0,10,7,4,681
9.0,10,7,5,683
9.0,10,7,6,685
9.0,10,7,7,687
9.0,10,7,8,689
9.0,10,7,9,692
9.0,10,7,10,694
9.0,10,7,11,696
9.0,10,7,12,698
9.0,10,7,13,700
9.0,10,7,14,702
9.0,10,7,15,704
9.0,10,8,0,674
9.0,10,8,1,677
9.0,10,8,2,679
9.0,10,8,3,681
9.0,10,8,4,683
9.0,10,8,5,685
9.0,10,8,6,687
9.0,10,8,7,690
9.0,10,8,8,692
9.0,10,8,9,694
9.0,10,8,10,696
9.0,10,8,11,698
9.0,10,8,12,700
9.0,10,8,13,702
9.0,10,8,14,704
9.0,10,8,15,706
9.0,10,9,0,677
9.0,10,9,1,679
9.0,10,9,2,681
9.0,10,9,3,683
9.0,10,9,4,685
9.0,10,9,5,687
9.0,10,9,6,690
9.0,10,9,7,692
9.0,10,9,8,694
9.0,10,9,9,696
9.0,10,9,10,698
9.0,10,9,11,700
9.0,10,9,12,702
9.0,10,9,13,704
9.0,10,9,14,707
9.0,10,9,15,709
9.0,10,10,0,679
9.0,10,10,1,681
9.0,10,10,2,683
9.0,10,10,3,685
9.0,10,10,4,687
9.0,10,10,5,690
9.0,10,10,6,692
9.0,10,10,7,694
9.0,10,10,8,696
9.0,10,10,9,698
9.0,10,10,10,700
9.0,10,10,11,702
9.0,10,10,12,705
9.0,10,10,13,707
9.0,10,10,14,709
9.0,10,10,15,711
9.0,10,11,0,681
9.0,10,11,1,683
9.0,10,11,2,685
9.0,10,11,3,687
9.0,10,11,4,690
9.0,10,11,5,692
9.0,10,11,6,694
9.0,10,11,7,696
9.0,10,11,8,698
9.0,10,11,9,700
9.0,10,11,10,702
9.0,10,11,11,705
9.0,10,11,12,707
9.0,10,11,13,709
9.0,10,11,14,711
9.0,10,11,15,713
9.0,10,12,0,683
9.0,10,12,1,685
9.0,10,12,2,687
9.0,10,12,3,690
9.0,10,12,4,692
9.0,10,12,5,694
9.0,10,12,6,696
9.0,10,12,7,698
9.0,10,12,8,700
9.0,10,12,9,703
9.0,10,12,10,705
9.0,10,12,11,707
9.0,10,12,12,709
9.0,10,12,13,711
9.0,10,12,14,713
9.0,10,12,15,715
9.0,10,13,0,685
9.0,10,13,1,687
9.0,10,13,2,690
9.0,10,13,3,692
9.0,10,13,4,694
9.0,10,13,5,696
9.0,10,13,6,698
9.0,10,13,7,700
9.0,10,13,8,703
9.0,10,13,9,705
9.0,10,13,10,707
9.0,10,13,11,709
9.0,10,13,12,711
9.0,10,13,13,713
9.0,10,13,14,715
9.0,10,13,15,718
9.0,10,14,0,687
9.0,10,14,1,689
9.0,10,14,2,692
9.0,10,14,3,694
9.0,10,14,4,696
9.0,10,14,5,698
9.0,10,14,6,700
9.0,10,14,7,703
9.0,10,14,8,705
9.0,10,14,9,707
9.0,10,14,10,709
9.0,10,14,11,711
9.0,10,14,12,713
9.0,10,14,13,715
9.0,10,14,14,718
9.0,10,14,15,720
9.0,10,15,0,689
9.0,10,15,1,692
9.0,10,15,2,694
9.0,10,15,3,696
9.0,10,15,4,698
9.0,10,15,5,700
9.0,10,15,6,703
9.0,10,15,7,705
9.0,10,15,8,707
9.0,10,15,9,709
9.0,10,15,10,711
9.0,10,15,11,713
9.0,10,15,12,716
9.0,10,15,13,718
9.0,10,15,14,720
9.0,10,15,15,722
9.0,11,0,0,659
9.0,11,0,1,662
9.0,11,0,2,664
9.0,11,0,3,666
9.0,11,0,4,668
9.0,11,0,5,670
9.0,11,0,6,672
9.0,11,0,7,674
9.0,11,0,8,676
9.0,11,0,9,678
9.0,11,0,10,680
9.0,11,0,11,682
9.0,11,0,12,685
9.0,11,0,13,687
9.0,11,0,14,689
9.0,11,0,15,691
9.0,11,1,0,662
9.0,11,1,1,664
9.0,11,1,2,666
9.0,11,1,3,668
9.0,11,1,4,670
9.0,11,1,5,672
9.0,11,1,6,674
9.0,11,1,7,676
9.0,11,1,8,679
9.0,11,1,9,681
9.0,11,1,10,683
9.0,11,1,11,685
9.0,11,1,12,687
9.0,11,1,13,689
9.0,11,1,14,691
9.0,11,1,15,693
9.0,11,2,0,664
9.0,11,2,1,666
9.0,11,2,2,668
9.0,11,2,3,670
9.0,11,2,4,672
9.0,11,2,5,674
9.0,11,2,6,677
9.0,11,2,7,679
9.0,11,2,8,681
9.0,11,2,9,683
9.0,11,2,10,685
9.0,11,2,11,687
9.0,11,2,12,689
9.0,11,2,13,691
9.0,11,2,14,693
9.0,11,2,15,695
9.0,11,3,0,666
9.0,11,3,1,668
9.0,11,3,2,670
9.0,11,3,3,672
9.0,11,3,4,675
9.0,11,3,5,677
9.0,11,3,6,679
9.0,11,3,7,681
9.0,11,3,8,683
9.0,11,3,9,685
9.0,11,3,10,687
9.0,11,3,11,689
9.0,11,3,12,691
9.0,11,3,13,693
9.0,11,3,14,696
9.0,11,3,15,698
9.0,11,4,0,668
9.0,11,4,1,670
9.0,11,4,2,673
9.0,11,4,3,675
9.0,11,4,4,677
9.0,11,4,5,679
9.0,11,4,6,681
9.0,11,4,7,683
9.0,11,4,8,685
9.0,11,4,9,687
9.0,11,4,10,689
9.0,11,4,11,692
9.0,11,4,12,694
9.0,11,4,13,696
9.0,11,4,14,698
9.0,11,4,15,700
9.0,11,5,0,670
9.0,11,5,1,673
9.0,11,5,2,675
9.0,11,5,3,677
9.0,11,5,4,679
9.0,11,5,5,681
9.0,11,5,6,683
9.0,11,5,7,685
9.0,11,5,8,688
9.0,11,5,9,690
9.0,11,5,10,692
9.0,11,5,11,694
9.0,11,5,12,696
9.0,11,5,13,698
9.0,11,5,14,700
9.0,11,5,15,702
9.0,11,6,0,673
9.0,11,6,1,675
9.0,11,6,2,677
9.0,11,6,3,679
9.0,11,6,4,681
9.0,11,6,5,683
9.0,11,6,6,686
9.0,11,6,7,688
9.0,11,6,8,690
9.0,11,6,9,692
9.0,11,6,10,694
9.0,11,6,11,696
9.0,11,6,12,698
9.0,11,6,13,700
9.0,11,6,14,702
9.0,11,6,15,704
9.0,11,7,0,675
9.0,11,7,1,677
9.0,11,7,2,679
9.0,11,7,3,681
9.0,11,7,4,683
9.0,11,7,5,686
9.0,11,7,6,688
9.0,11,7,7,690
9.0,11,7,8,692
9.0,11,7,9,694
9.0,11,7,10,696
9.0,11,7,11,698
9.0,11,7,12,700
9.0,11,7,13,703
9.0,11,7,14,705
9.0,11,7,15,707
9.0,11,8,0,677
9.0,11,8,1,679
9.0,11,8,2,681
9.0,11,8,3,683
9.0,11,8,4,686
9.0,11,8,5,688
9.0,11,8,6,690
9.0,11,8,7,692
9.0,11,8,8,694
9.0,11,8,9,696
9.0,11,8,10,698
9.0,11,8,11,701
9.0,11,8,12,703
9.0,11,8,13,705
9.0,11,8,14,707
9.0,11,8,15,709
9.0,11,9,0,679
9.0,11,9,1,681
9.0,11,9,2,683
9.0,11,9,3,686
9.0,11,9,4,688
9.0,11,9,5,690
9.0,11,9,6,692
9.0,11,9,7,694
9.0,11,9,8,696
9.0,11,9,9,699
9.0,11,9,10,701
9.0,11,9,11,703
9.0,11,9,12,705
9.0,11,9,13,707
9.0,11,9,14,709
9.0,11,9,15,711
9.0,11,10,0,681
9.0,11,10,1,683
9.0,11,10,2,686
9.0,11,10,3,688
9.0,11,10,4,690
9.0,11,10,5,692
9.0,11,10,6,694
9.0,11,10,7,696
9.0,11,10,8,699
9.0,11,10,9,701
9.0,11,10,10,703
9.0,11,10,11,705
9.0,11,10,12,707
9.0,11,10,13,709
9.0,11,10,14,711
9.0,11,10,15,713
9.0,11,11,0,683
9.0,11,11,1,686
9.0,11,11,2,688
9.0,11,11,3,690
9.0,11,11,4,692
9.0,11,11,5,694
9.0,11,11,6,696
9.0,11,11,7,699
9.0,11,11,8,701
9.0,11,11,9,703
9.0,11,11,10,705
9.0,11,11,11,707
9.0,11,11,12,709
9.0,11,11,13,711
9.0,11,11,14,714
9.0,11,11,15,716
9.0,11,12,0,686
9.0,11,12,1,688
9.0,11,12,2,690
9.0,11,12,3,692
9.0,11,12,4,694
9.0,11,12,5,696
9.0,11,12,6,699
9.0,11,12,7,701
9.0,11,12,8,703
9.0,11,12,9,705
9.0,11,12,10,707
9.0,11,12,11,709
9.0,11,12,12,712
9.0,11,12,13,714
9.0,11,12,14,716
9.0,11,12,15,718
9.0,11,13,0,688
9.0,11,13,1,690
9.0,11,13,2,692
9.0,11,13,3,694
9.0,11,13,4,696
9.0,11,13,5,699
9.0,11,13,6,701
9.0,11,13,7,703
9.0,11,13,8,705
9.0,11,13,9,707
9.0,11,13,10,709
9.0,11,13,11,712
9.0,11,13,12,714
9.0,11,13,13,716
9.0,11,13,14,718
9.0,11,13,15,720
9.0,11,14,0,690
9.0,11,14,1,692
9.0,11,14,2,694
9.0,11,14,3,696
9.0,11,14,4,699
9.0,11,14,5,701
9.0,11,14,6,703
9.0,11,14,7,705
9.0,11,14,8,707
9.0,11,14,9,710
9.0,11,14,10,712
9.0,11,14,11,714
9.0,11,14,12,716
9.0,11,14,13,718
9.0,11,14,14,720
9.0,11,14,15,722
9.0,11,15,0,692
9.0,11,15,1,694
9.0,11,15,2,696
9.0,11,15,3,699
9.0,11,15,4,701
9.0,11,15,5,703
9.0,11,15,6,705
9.0,11,15,7,707
9.0,11,15,8,710
9.0,11,15,9,712
9.0,11,15,10,714
9.0,11,15,11,716
9.0,11,15,12,718
9.0,11,15,13,720
9.0,11,15,14,722
9.0,11,15,15,725
9.0,12,0,0,662
9.0,12,0,1,664
9.0,12,0,2,666
9.0,12,0,3,668
9.0,12,0,4,670
9.0,12,0,5,672
9.0,12,0,6,675
9.0,12,0,7,677
9.0,12,0,8,679
9.0,12,0,9,681
9.0,12,0,10,683
9.0,12,0,11,685
9.0,12,0,12,687
9.0,12,0,13,689
9.0,12,0,14,691
9.0,12,0,15,693
9.0,12,1,0,664
9.0,12,1,1,666
9.0,12,1,2,668
9.0,12,1,3,670
9.0,12,1,4,673
9.0,12,1,5,675
9.0,12,1,6,677
9.0,12,1,7,679
9.0,12,1,8,681
9.0,12,1,9,683
9.0,12,1,10,685
9.0,12,1,11,687
9.0,12,1,12,689
9.0,12,1,13,691
9.0,12,1,14,693
9.0,12,1,15,696
9.0,12,2,0,666
9.0,12,2,1,668
9.0,12,2,2,671
9.0,12,2,3,673
9.0,12,2,4,675
9.0,12,2,5,677
9.0,12,2,6,679
9.0,12,2,7,681
9.0,12,2,8,683
9.0,12,2,9,685
9.0,12,2,10,687
9.0,12,2,11,690
9.0,12,2,12,692
9.0,12,2,13,694
9.0,12,2,14,696
9.0,12,2,15,698
9.0,12,3,0,669
9.0,12,3,1,671
9.0,12,3,2,673
9.0,12,3,3,675
9.0,12,3,4,677
9.0,12,3,5,679
9.0,12,3,6,681
9.0,12,3,7,683
9.0,12,3,8,686
9.0,12,3,9,688
9.0,12,3,10,690
9.0,12,3,11,692
9.0,12,3,12,694
9.0,12,3,13,696
9.0,12,3,14,698
9.0,12,3,15,700
9.0,12,4,0,671
9.0,12,4,1,673
9.0,12,4,2,675
9.0,12,4,3,677
9.0,12,4,4,679
9.0,12,4,5,681
9.0,12,4,6,684
9.0,12,4,7,686
9.0,12,4,8,688
9.0,12,4,9,690
9.0,12,4,10,692
9.0,12,4,11,694
9.0,12,4,12,696
9.0,12,4,13,698
9.0,12,4,14,700
9.0,12,4,15,702
9.0,12,5,0,673
9.0,12,5,1,675
9.0,12,5,2,677
9.0,12,5,3,679
9.0,12,5,4,682
9.0,12,5,5,684
9.0,12,5,6,686
9.0,12,5,7,688
9.0,12,5,8,690
9.0,12,5,9,692
9.0,12,5,10,694
9.0,12,5,11,696
9.0,12,5,12,698
9.0,12,5,13,701
9.0,12,5,14,703
9.0,12,5,15,705
9.0,12,6,0,675
9.0,12,6,1,677
9.0,12,6,2,679
9.0,12,6,3,682
9.0,12,6,4,684
9.0,12,6,5,686
9.0,12,6,6,688
9.0,12,6,7,690
9.0,12,6,8,692
9.0,12,6,9,694
9.0,12,6,10,697
9.0,12,6,11,699
9.0,12,6,12,701
9.0,12,6,13,703
9.0,12,6,14,705
9.0,12,6,15,707
9.0,12,7,0,677
9.0,12,7,1,679
9.0,12,7,2,682
9.0,12,7,3,684
9.0,12,7,4,686
9.0,12,7,5,688
9.0,12,7,6,690
9.0,12,7,7,692
9.0,12,7,8,695
9.0,12,7,9,697
9.0,12,7,10,699
9.0,12,7,11,701
9.0,12,7,12,703
9.0,12,7,13,705
9.0,12,7,14,707
9.0,12,7,15,709
9.0,12,8,0,679
9.0,12,8,1,682
9.0,12,8,2,684
9.0,12,8,3,686
9.0,12,8,4,688
9.0,12,8,5,690
9.0,12,8,6,692
9.0,12,8,7,695
9.0,12,8,8,697
9.0,12,8,9,699
9.0,12,8,10,701
9.0,12,8,11,703
9.0,12,8,12,705
9.0,12,8,13,707
9.0,12,8,14,709
9.0,12,8,15,712
9.0,12,9,0,682
9.0,12,9,1,684
9.0,12,9,2,686
9.0,12,9,3,688
9.0,12,9,4,690
9.0,12,9,5,692
9.0,12,9,6,695
9.0,12,9,7,697
9.0,12,9,8,699
9.0,12,9,9,701
9.0,12,9,10,703
9.0,12,9,11,705
9.0,12,9,12,707
9.0,12,9,13,710
9.0,12,9,14,712
9.0,12,9,15,714
9.0,12,10,0,684
9.0,12,10,1,686
9.0,12,10,2,688
9.0,12,10,3,690
9.0,12,10,4,693
9.0,12,10,5,695
9.0,12,10,6,697
9.0,12,10,7,699
9.0,12,10,8,701
9.0,12,10,9,703
9.0,12,10,10,705
9.0,12,10,11,708
9.0,12,10,12,710
9.0,12,10,13,712
9.0,12,10,14,714
9.0,12,10,15,716
9.0,12,11,0,686
9.0,12,11,1,688
9.0,12,11,2,690
9.0,12,11,3,692
9.0,12,11,4,695
9.0,12,11,5,697
9.0,12,11,6,699
9.0,12,11,7,701
9.0,12,11,8,703
9.0,12,11,9,706
9.0,12,11,10,708
9.0,12,11,11,710
9.0,12,11,12,712
9.0,12,11,13,714
9.0,12,11,14,716
9.0,12,11,15,718
9.0,12,12,0,688
9.0,12,12,1,690
9.0,12,12,2,692
9.0,12,12,3,695
9.0,12,12,4,697
9.0,12,12,5,699
9.0,12,12,6,701
9.0,12,12,7,703
9.0,12,12,8,706
9.0,12,12,9,708
9.0,12,12,10,710
9.0,12,12,11,712
9.0,12,12,12,714
9.0,12,12,13,716
9.0,12,12,14,718
9.0,12,12,15,721
9.0,12,13,0,690
9.0,12,13,1,692
9.0,12,13,2,695
9.0,12,13,3,697
9.0,12,13,4,699
9.0,12,13,5,701
9.0,12,13,6,703
9.0,12,13,7,706
9.0,12,13,8,708
9.0,12,13,9,710
9.0,12,13,10,712
9.0,12,13,11,714
9.0,12,13,12,716
9.0,12,13,13,719
9.0,12,13,14,721
9.0,12,13,15,723
9.0,12,14,0,692
9.0,12,14,1,695
9.0,12,14,2,697
9.0,12,14,3,699
9.0,12,14,4,701
9.0,12,14,5,703
9.0,12,14,6,706
9.0,12,14,7,708
9.0,12,14,8,710
9.0,12,14,9,712
9.0,12,14,10,714
9.0,12,14,11,716
9.0,12,14,12,719
9.0,12,14,13,721
9.0,12,14,14,723
9.0,12,14,15,725
9.0,12,15,0,694
9.0,12,15,1,697
9.0,12,15,2,699
9.0,12,15,3,701
9.0,12,15,4,703
9.0,12,15,5,706
9.0,12,15,6,708
9.0,12,15,7,710
9.0,12,15,8,712
9.0,12,15,9,714
9.0,12,15,10,716
9.0,12,15,11,719
9.0,12,15,12,721
9.0,12,15,13,723
9.0,12,15,14,725
9.0,12,15,15,727
9.0,13,0,0,664
9.0,13,0,1,666
9.0,13,0,2,669
9.0,13,0,3,671
9.0,13,0,4,673
9.0,13,0,5,675
9.0,13,0,6,677
9.0,13,0,7,679
9.0,13,0,8,681
9.0,13,0,9,683
9.0,13,0,10,685
9.0,13,0,11,687
9.0,13,0,12,690
9.0,13,0,13,692
9.0,13,0,14,694
9.0,13,0,15,696
9.0,13,1,0,667
9.0,13,1,1,669
9.0,13,1,2,671
9.0,13,1,3,673
9.0,13,1,4,675
9.0,13,1,5,677
9.0,13,1,6,679
9.0,13,1,7,681
9.0,13,1,8,684
9.0,13,1,9,686
9.0,13,1,10,688
9.0,13,1,11,690
9.0,13,1,12,692
9.0,13,1,13,694
9.0,13,1,14,696
9.0,13,1,15,698
9.0,13,2,0,669
9.0,13,2,1,671
9.0,13,2,2,673
9.0,13,2,3,675
9.0,13,2,4,677
9.0,13,2,5,679
9.0,13,2,6,682
9.0,13,2,7,684
9.0,13,2,8,686
9.0,13,2,9,688
9.0,13,2,10,690
9.0,13,2,11,692
9.0,13,2,12,694
9.0,13,2,13,696
9.0,13,2,14,698
9.0,13,2,15,700
9.0,13,3,0,671
9.0,13,3,1,673
9.0,13,3,2,675
9.0,13,3,3,677
9.0,13,3,4,680
9.0,13,3,5,682
9.0,13,3,6,684
9.0,13,3,7,686
9.0,13,3,8,688
9.0,13,3,9,690
9.0,13,3,10,692
9.0,13,3,11,694
9.0,13,3,12,696
9.0,13,3,13,699
9.0,13,3,14,701
9.0,13,3,15,703
9.0,13,4,0,673
9.0,13,4,1,675
9.0,13,4,2,677
9.0,13,4,3,680
9.0,13,4,4,682
9.0,13,4,5,684
9.0,13,4,6,686
9.0,13,4,7,688
9.0,13,4,8,690
9.0,13,4,9,692
9.0,13,4,10,695
9.0,13,4,11,697
9.0,13,4,12,699
9.0,13,4,13,701
9.0,13,4,14,703
9.0,13,4,15,705
9.0,13,5,0,675
9.0,13,5,1,678
9.0,13,5,2,680
9.0,13,5,3,682
9.0,13,5,4,684
9.0,13,5,5,686
9.0,13,5,6,688
9.0,13,5,7,690
9.0,13,5,8,693
9.0,13,5,9,695
9.0,13,5,10,697
9.0,13,5,11,699
9.0,13,5,12,701
9.0,13,5,13,703
9.0,13,5,14,705
9.0,13,5,15,707
9.0,13,6,0,678
9.0,13,6,1,680
9.0,13,6,2,682
9.0,13,6,3,684
9.0,13,6,4,686
9.0,13,6,5,688
9.0,13,6,6,691
9.0,13,6,7,693
9.0,13,6,8,695
9.0,13,6,9,697
9.0,13,6,10,699
9.0,13,6,11,701
9.0,13,6,12,703
9.0,13,6,13,705
9.0,13,6,14,708
9.0,13,6,15,710
9.0,13,7,0,680
9.0,13,7,1,682
9.0,13,7,2,684
9.0,13,7,3,686
9.0,13,7,4,688
9.0,13,7,5,691
9.0,13,7,6,693
9.0,13,7,7,695
9.0,13,7,8,697
9.0,13,7,9,699
9.0,13,7,10,701
9.0,13,7,11,703
9.0,13,7,12,706
9.0,13,7,13,708
9.0,13,7,14,710
9.0,13,7,15,712
9.0,13,8,0,682
9.0,13,8,1,684
9.0,13,8,2,686
9.0,13,8,3,688
9.0,13,8,4,691
9.0,13,8,5,693
9.0,13,8,6,695
9.0,13,8,7,697
9.0,13,8,8,699
9.0,13,8,9,701
9.0,13,8,10,704
9.0,13,8,11,706
9.0,13,8,12,708
9.0,13,8,13,710
9.0,13,8,14,712
9.0,13,8,15,714
9.0,13,9,0,684
9.0,13,9,1,686
9.0,13,9,2,688
9.0,13,9,3,691
9.0,13,9,4,693
9.0,13,9,5,695
9.0,13,9,6,697
9.0,13,9,7,699
9.0,13,9,8,702
9.0,13,9,9,704
9.0,13,9,10,706
9.0,13,9,11,708
9.0,13,9,12,710
9.0,13,9,13,712
9.0,13,9,14,714
9.0,13,9,15,716
9.0,13,10,0,686
9.0,13,10,1,688
9.0,13,10,2,691
9.0,13,10,3,693
9.0,13,10,4,695
9.0,13,10,5,697
9.0,13,10,6,699
9.0,13,10,7,702
9.0,13,10,8,704
9.0,13,10,9,706
9.0,13,10,10,708
9.0,13,10,11,710
9.0,13,10,12,712
9.0,13,10,13,714
9.0,13,10,14,717
9.0,13,10,15,719
9.0,13,11,0,688
9.0,13,11,1,691
9.0,13,11,2,693
9.0,13,11,3,695
9.0,13,11,4,697
9.0,13,11,5,699
9.0,13,11,6,702
9.0,13,11,7,704
9.0,13,11,8,706
9.0,13,11,9,708
9.0,13,11,10,710
9.0,13,11,11,712
9.0,13,11,12,715
9.0,13,11,13,717
9.0,13,11,14,719
9.0,13,11,15,721
9.0,13,12,0,691
9.0,13,12,1,693
9.0,13,12,2,695
9.0,13,12,3,697
9.0,13,12,4,699
9.0,13,12,5,702
9.0,13,12,6,704
9.0,13,12,7,706
9.0,13,12,8,708
9.0,13,12,9,710
9.0,13,12,10,712
9.0,13,12,11,715
9.0,13,12,12,717
9.0,13,12,13,719
9.0,13,12,14,721
9.0,13,12,15,723
9.0,13,13,0,693
9.0,13,13,1,695
9.0,13,13,2,697
9.0,13,13,3,699
9.0,13,13,4,702
9.0,13,13,5,704
9.0,13,13,6,706
9.0,13,13,7,708
9.0,13,13,8,710
9.0,13,13,9,713
9.0,13,13,10,715
9.0,13,13,11,717
9.0,13,13,12,719
9.0,13,13,13,721
9.0,13,13,14,723
9.0,13,13,15,725
9.0,13,14,0,695
9.0,13,14,1,697
9.0,13,14,2,699
9.0,13,14,3,702
9.0,13,14,4,704
9.0,13,14,5,706
9.0,13,14,6,708
9.0,13,14,7,710
9.0,13,14,8,713
9.0,13,14,9,715
9.0,13,14,10,717
9.0,13,14,11,719
9.0,13,14,12,721
9.0,13,14,13,723
9.0,13,14,14,726
9.0,13,14,15,728
9.0,13,15,0,697
9.0,13,15,1,699
9.0,13,15,2,701
9.0,13,15,3,704
9.0,13,15,4,706
9.0,13,15,5,708
9.0,13,15,6,710
9.0,13,15,7,713
9.0,13,15,8,715
9.0,13,15,9,717
9.0,13,15,10,719
9.0,13,15,11,721
9.0,13,15,12,723
9.0,13,15,13,726
9.0,13,15,14,728
9.0,13,15,15,730
9.0,14,0,0,667
9.0,14,0,1,669
9.0,14,0,2,671
9.0,14,0,3,673
9.0,14,0,4,675
9.0,14,0,5,677
9.0,14,0,6,680
9.0,14,0,7,682
9.0,14,0,8,684
9.0,14,0,9,686
9.0,14,0,10,688
9.0,14,0,11,690
9.0,14,0,12,692
9.0,14,0,13,694
9.0,14,0,14,696
9.0,14,0,15,698
9.0,14,1,0,669
9.0,14,1,1,671
9.0,14,1,2,673
9.0,14,1,3,675
9.0,14,1,4,678
9.0,14,1,5,680
9.0,14,1,6,682
9.0,14,1,7,684
9.0,14,1,8,686
9.0,14,1,9,688
9.0,14,1,10,690
9.0,14,1,11,692
9.0,14,1,12,694
9.0,14,1,13,696
9.0,14,1,14,699
9.0,14,1,15,701
9.0,14,2,0,671
9.0,14,2,1,673
9.0,14,2,2,676
9.0,14,2,3,678
9.0,14,2,4,680
9.0,14,2,5,682
9.0,14,2,6,684
9.0,14,2,7,686
9.0,14,2,8,688
9.0,14,2,9,690
9.0,14,2,10,693
9.0,14,2,11,695
9.0,14,2,12,697
9.0,14,2,13,699
9.0,14,2,14,701
9.0,14,2,15,703
9.0,14,3,0,673
9.0,14,3,1,676
9.0,14,3,2,678
9.0,14,3,3,680
9.0,14,3,4,682
9.0,14,3,5,684
9.0,14,3,6,686
9.0,14,3,7,688
9.0,14,3,8,691
9.0,14,3,9,693
9.0,14,3,10,695
9.0,14,3,11,697
9.0,14,3,12,699
9.0,14,3,13,701
9.0,14,3,14,703
9.0,14,3,15,705
9.0,14,4,0,676
9.0,14,4,1,678
9.0,14,4,2,680
9.0,14,4,3,682
9.0,14,4,4,684
9.0,14,4,5,686
9.0,14,4,6,689
9.0,14,4,7,691
9.0,14,4,8,693
9.0,14,4,9,695
9.0,14,4,10,697
9.0,14,4,11,699
9.0,14,4,12,701
9.0,14,4,13,703
9.0,14,4,14,705
9.0,14,4,15,708
9.0,14,5,0,678
9.0,14,5,1,680
9.0,14,5,2,682
9.0,14,5,3,684
9.0,14,5,4,687
9.0,14,5,5,689
9.0,14,5,6,691
9.0,14,5,7,693
9.0,14,5,8,695
9.0,14,5,9,697
9.0,14,5,10,699
9.0,14,5,11,701
9.0,14,5,12,704
9.0,14,5,13,706
9.0,14,5,14,708
9.0,14,5,15,710
9.0,14,6,0,680
9.0,14,6,1,682
9.0,14,6,2,684
9.0,14,6,3,687
9.0,14,6,4,689
9.0,14,6,5,691
9.0,14,6,6,693
9.0,14,6,7,695
9.0,14,6,8,697
9.0,14,6,9,700
9.0,14,6,10,702
9.0,14,6,11,704
9.0,14,6,12,706
9.0,14,6,13,708
9.0,14,6,14,710
9.0,14,6,15,712
9.0,14,7,0,682
9.0,14,7,1,684
9.0,14,7,2,687
9.0,14,7,3,689
9.0,14,7,4,691
9.0,14,7,5,693
9.0,14,7,6,695
9.0,14,7,7,697
9.0,14,7,8,700
9.0,14,7,9,702
9.0,14,7,10,704
9.0,14,7,11,706
9.0,14,7,12,708
9.0,14,7,13,710
9.0,14,7,14,712
9.0,14,7,15,714
9.0,14,8,0,684
9.0,14,8,1,687
9.0,14,8,2,689
9.0,14,8,3,691
9.0,14,8,4,693
9.0,14,8,5,695
9.0,14,8,6,698
9.0,14,8,7,700
9.0,14,8,8,702
9.0,14,8,9,704
9.0,14,8,10,706
9.0,14,8,11,708
9.0,14,8,12,710
9.0,14,8,13,713
9.0,14,8,14,715
9.0,14,8,15,717
9.0,14,9,0,687
9.0,14,9,1,689
9.0,14,9,2,691
9.0,14,9,3,693
9.0,14,9,4,695
9.0,14,9,5,698
9.0,14,9,6,700
9.0,14,9,7,702
9.0,14,9,8,704
9.0,14,9,9,706
9.0,14,9,10,708
9.0,14,9,11,711
9.0,14,9,12,713
9.0,14,9,13,715
9.0,14,9,14,717
9.0,14,9,15,719
9.0,14,10,0,689
9.0,14,10,1,691
9.0,14,10,2,693
9.0,14,10,3,695
9.0,14,10,4,698
9.0,14,10,5,700
9.0,14,10,6,702
9.0,14,10,7,704
9.0,14,10,8,706
9.0,14,10,9,708
9.0,14,10,10,711
9.0,14,10,11,713
9.0,14,10,12,715
9.0,14,10,13,717
9.0,14,10,14,719
9.0,14,10,15,721
9.0,14,11,0,691
9.0,14,11,1,693
9.0,14,11,2,695
9.0,14,11,3,698
9.0,14,11,4,700
9.0,14,11,5,702
9.0,14,11,6,704
9.0,14,11,7,706
9.0,14,11,8,709
9.0,14,11,9,711
9.0,14,11,10,713
9.0,14,11,11,715
9.0,14,11,12,717
9.0,14,11,13,719
9.0,14,11,14,721
9.0,14,11,15,724
9.0,14,12,0,693
9.0,14,12,1,695
9.0,14,12,2,698
9.0,14,12,3,700
9.0,14,12,4,702
9.0,14,12,5,704
9.0,14,12,6,706
9.0,14,12,7,709
9.0,14,12,8,711
9.0,14,12,9,713
9.0,14,12,10,715
9.0,14,12,11,717
9.0,14,12,12,719
9.0,14,12,13,722
9.0,14,12,14,724
9.0,14,12,15,726
9.0,14,13,0,695
9.0,14,13,1,697
9.0,14,13,2,700
9.0,14,13,3,702
9.0,14,13,4,704
9.0,14,13,5,706
9.0,14,13,6,709
9.0,14,13,7,711
9.0,14,13,8,713
9.0,14,13,9,715
9.0,14,13,10,717
9.0,14,13,11,719
9.0,14,13,12,722
9.0,14,13,13,724
9.0,14,13,14,726
9.0,14,13,15,728
9.0,14,14,0,697
9.0,14,14,1,700
9.0,14,14,2,702
9.0,14,14,3,704
9.0,14,14,4,706
9.0,14,14,5,709
9.0,14,14,6,711
9.0,14,14,7,713
9.0,14,14,8,715
9.0,14,14,9,717
9.0,14,14,10,720
9.0,14,14,11,722
9.0,14,14,12,724
9.0,14,14,13,726
9.0,14,14,14,728
9.0,14,14,15,730
9.0,14,15,0,700
9.0,14,15,1,702
9.0,14,15,2,704
9.0,14,15,3,706
9.0,14,15,4,708
9.0,14,15,5,711
9.0,14,15,6,713
9.0,14,15,7,715
9.0,14,15,8,717
9.0,14,15,9,720
9.0,14,15,10,722
9.0,14,15,11,724
9.0,14,15,12,726
9.0,14,15,13,728
9.0,14,15,14,730
9.0,14,15,15,733
9.0,15,0,0,669
9.0,15,0,1,671
9.0,15,0,2,673
9.0,15,0,3,676
9.0,15,0,4,678
9.0,15,0,5,680
9.0,15,0,6,682
9.0,15,0,7,684
9.0,15,0,8,686
9.0,15,0,9,688
9.0,15,0,10,690
9.0,15,0,11,693
9.0,15,0,12,695
9.0,15,0,13,697
9.0,15,0,14,699
9.0,15,0,15,701
9.0,15,1,0,671
9.0,15,1,1,674
9.0,15,1,2,676
9.0,15,1,3,678
9.0,15,1,4,680
9.0,15,1,5,682
9.0,15,1,6,684
9.0,15,1,7,686
9.0,15,1,8,689
9.0,15,1,9,691
9.0,15,1,10,693
9.0,15,1,11,695
9.0,15,1,12,697
9.0,15,1,13,699
9.0,15,1,14,701
9.0,15,1,15,703
9.0,15,2,0,674
9.0,15,2,1,676
9.0,15,2,2,678
9.0,15,2,3,680
9.0,15,2,4,682
9.0,15,2,5,684
9.0,15,2,6,687
9.0,15,2,7,689
9.0,15,2,8,691
9.0,15,2,9,693
9.0,15,2,10,695
9.0,15,2,11,697
9.0,15,2,12,699
9.0,15,2,13,701
9.0,15,2,14,703
9.0,15,2,15,705
9.0,15,3,0,676
9.0,15,3,1,678
9.0,15,3,2,680
9.0,15,3,3,682
9.0,15,3,4,685
9.0,15,3,5,687
9.0,15,3,6,689
9.0,15,3,7,691
9.0,15,3,8,693
9.0,15,3,9,695
9.0,15,3,10,697
9.0,15,3,11,699
9.0,15,3,12,702
9.0,15,3,13,704
9.0,15,3,14,706
9.0,15,3,15,708
9.0,15,4,0,678
9.0,15,4,1,680
9.0,15,4,2,682
9.0,15,4,3,685
9.0,15,4,4,687
9.0,15,4,5,689
9.0,15,4,6,691
9.0,15,4,7,693
9.0,15,4,8,695
9.0,15,4,9,698
9.0,15,4,10,700
9.0,15,4,11,702
9.0,15,4,12,704
9.0,15,4,13,706
9.0,15,4,14,708
9.0,15,4,15,710
9.0,15,5,0,680
9.0,15,5,1,682
9.0,15,5,2,685
9.0,15,5,3,687
9.0,15,5,4,689
9.0,15,5,5,691
9.0,15,5,6,693
9.0,15,5,7,695
9.0,15,5,8,698
9.0,15,5,9,700
9.0,15,5,10,702
9.0,15,5,11,704
9.0,15,5,12,706
9.0,15,5,13,708
9.0,15,5,14,710
9.0,15,5,15,712
9.0,15,6,0,682
9.0,15,6,1,685
9.0,15,6,2,687
9.0,15,6,3,689
9.0,15,6,4,691
9.0,15,6,5,693
9.0,15,6,6,696
9.0,15,6,7,698
9.0,15,6,8,700
9.0,15,6,9,702
9.0,15,6,10,704
9.0,15,6,11,706
9.0,15,6,12,708
9.0,15,6,13,711
9.0,15,6,14,713
9.0,15,6,15,715
9.0,15,7,0,685
9.0,15,7,1,687
9.0,15,7,2,689
9.0,15,7,3,691
9.0,15,7,4,693
9.0,15,7,5,696
9.0,15,7,6,698
9.0,15,7,7,700
9.0,15,7,8,702
9.0,15,7,9,704
9.0,15,7,10,706
9.0,15,7,11,709
9.0,15,7,12,711
9.0,15,7,13,713
9.0,15,7,14,715
9.0,15,7,15,717
9.0,15,8,0,687
9.0,15,8,1,689
9.0,15,8,2,691
9.0,15,8,3,694
9.0,15,8,4,696
9.0,15,8,5,698
9.0,15,8,6,700
9.0,15,8,7,702
9.0,15,8,8,704
9.0,15,8,9,707
9.0,15,8,10,709
9.0,15,8,11,711
9.0,15,8,12,713
9.0,15,8,13,715
9.0,15,8,14,717
9.0,15,8,15,719
9.0,15,9,0,689
9.0,15,9,1,691
9.0,15,9,2,694
9.0,15,9,3,696
9.0,15,9,4,698
9.0,15,9,5,700
9.0,15,9,6,702
9.0,15,9,7,704
9.0,15,9,8,707
9.0,15,9,9,709
9.0,15,9,10,711
9.0,15,9,11,713
9.0,15,9,12,715
9.0,15,9,13,717
9.0,15,9,14,720
9.0,15,9,15,722
9.0,15,10,0,691
9.0,15,10,1,693
9.0,15,10,2,696
9.0,15,10,3,698
9.0,15,10,4,700
9.0,15,10,5,702
9.0,15,10,6,705
9.0,15,10,7,707
9.0,15,10,8,709
9.0,15,10,9,711
9.0,15,10,10,713
9.0,15,10,11,715
9.0,15,10,12,718
9.0,15,10,13,720
9.0,15,10,14,722
9.0,15,10,15,724
9.0,15,11,0,693
9.0,15,11,1,696
9.0,15,11,2,698
9.0,15,11,3,700
9.0,15,11,4,702
9.0,15,11,5,705
9.0,15,11,6,707
9.0,15,11,7,709
9.0,15,11,8,711
9.0,15,11,9,713
9.0,15,11,10,715
9.0,15,11,11,718
9.0,15,11,12,720
9.0,15,11,13,722
9.0,15,11,14,724
9.0,15,11,15,726
9.0,15,12,0,696
9.0,15,12,1,698
9.0,15,12,2,700
9.0,15,12,3,702
9.0,15,12,4,705
9.0,15,12,5,707
9.0,15,12,6,709
9.0,15,12,7,711
9.0,15,12,8,713
9.0,15,12,9,716
9.0,15,12,10,718
9.0,15,12,11,720
9.0,15,12,12,722
9.0,15,12,13,724
9.0,15,12,14,726
9.0,15,12,15,728
9.0,15,13,0,698
9.0,15,13,1,700
9.0,15,13,2,702
9.0,15,13,3,704
9.0,15,13,4,707
9.0,15,13,5,709
9.0,15,13,6,711
9.0,15,13,7,713
9.0,15,13,8,716
9.0,15,13,9,718
9.0,15,13,10,720
9.0,15,13,11,722
9.0,15,13,12,724
9.0,15,13,13,726
9.0,15,13,14,729
9.0,15,13,15,731
9.0,15,14,0,700
9.0,15,14,1,702
9.0,15,14,2,704
9.0,15,14,3,707
9.0,15,14,4,709
9.0,15,14,5,711
9.0,15,14,6,713
9.0,15,14,7,716
9.0,15,14,8,718
9.0,15,14,9,720
9.0,15,14,10,722
9.0,15,14,11,724
9.0,15,14,12,727
9.0,15,14,13,729
9.0,15,14,14,731
9.0,15,14,15,733
9.0,15,15,0,702
9.0,15,15,1,704
9.0,15,15,2,707
9.0,15,15,3,709
9.0,15,15,4,711
9.0,15,15,5,713
9.0,15,15,6,716
9.0,15,15,7,718
9.0,15,15,8,720
9.0,15,15,9,722
9.0,15,15,10,724
9.0,15,15,11,727
9.0,15,15,12,729
9.0,15,15,13,731
9.0,15,15,14,733
9.0,15,15,15,735
9.5,0,0,0,670
9.5,0,0,1,672
9.5,0,0,2,674
9.5,0,0,3,677
9.5,0,0,4,679
9.5,0,0,5,681
9.5,0,0,6,683
9.5,0,0,7,685
9.5,0,0,8,687
9.5,0,0,9,689
9.5,0,0,10,691
9.5,0,0,11,694
9.5,0,0,12,696
9.5,0,0,13,698
9.5,0,0,14,700
9.5,0,0,15,702
9.5,0,1,0,672
9.5,0,1,1,675
9.5,0,1,2,677
9.5,0,1,3,679
9.5,0,1,4,681
9.5,0,1,5,683
9.5,0,1,6,685
9.5,0,1,7,687
9.5,0,1,8,690
9.5,0,1,9,692
9.5,0,1,10,694
9.5,0,1,11,696
9.5,0,1,12,698
9.5,0,1,13,700
9.5,0,1,14,702
9.5,0,1,15,704
9.5,0,2,0,675
9.5,0,2,1,677
9.5,0,2,2,679
9.5,0,2,3,681
9.5,0,2,4,683
9.5,0,2,5,685
9.5,0,2,6,688
9.5,0,2,7,690
9.5,0,2,8,692
9.5,0,2,9,694
9.5,0,2,10,696
9.5,0,2,11,698
9.5,0,2,12,700
9.5,0,2,13,702
9.5,0,2,14,704
9.5,0,2,15,707
9.5,0,3,0,677
9.5,0,3,1,679
9.5,0,3,2,681
9.5,0,3,3,683
9.5,0,3,4,686
9.5,0,3,5,688
9.5,0,3,6,690
9.5,0,3,7,692
9.5,0,3,8,694
9.5,0,3,9,696
9.5,0,3,10,698
9.5,0,3,11,700
9.5,0,3,12,703
9.5,0,3,13,705
9.5,0,3,14,707
9.5,0,3,15,709
9.5,0,4,0,679
9.5,0,4,1,681
9.5,0,4,2,683
9.5,0,4,3,686
9.5,0,4,4,688
9.5,0,4,5,690
9.5,0,4,6,692
9.5,0,4,7,694
9.5,0,4,8,696
9.5,0,4,9,699
9.5,0,4,10,701
9.5,0,4,11,703
9.5,0,4,12,705
9.5,0,4,13,707
9.5,0,4,14,709
9.5,0,4,15,711
9.5,0,5,0,681
9.5,0,5,1,683
9.5,0,5,2,686
9.5,0,5,3,688
9.5,0,5,4,690
9.5,0,5,5,692
9.5,0,5,6,694
9.5,0,5,7,697
9.5,0,5,8,699
9.5,0,5,9,701
9.5,0,5,10,703
9.5,0,5,11,705
9.5,0,5,12,707
9.5,0,5,13,709
9.5,0,5,14,711
9.5,0,5,15,714
9.5,0,6,0,684
9.5,0,6,1,686
9.5,0,6,2,688
9.5,0,6,3,690
9.5,0,6,4,692
9.5,0,6,5,694
9.5,0,6,6,697
9.5,0,6,7,699
9.5,0,6,8,701
9.5,0,6,9,703
9.5,0,6,10,705
9.5,0,6,11,707
9.5,0,6,12,709
9.5,0,6,13,712
9.5,0,6,14,714
9.5,0,6,15,716
9.5,0,7,0,686
9.5,0,7,1,688
9.5,0,7,2,690
9.5,0,7,3,692
9.5,0,7,4,695
9.5,0,7,5,697
9.5,0,7,6,699
9.5,0,7,7,701
9.5,0,7,8,703
9.5,0,7,9,705
9.5,0,7,10,708
9.5,0,7,11,710
9.5,0,7,12,712
9.5,0,7,13,714
9.5,0,7,14,716
9.5,0,7,15,718
9.5,0,8,0,688
9.5,0,8,1,690
9.5,0,8,2,692
9.5,0,8,3,695
9.5,0,8,4,697
9.5,0,8,5,699
9.5,0,8,6,701
9.5,0,8,7,703
9.5,0,8,8,705
9.5,0,8,9,708
9.5,0,8,10,710
9.5,0,8,11,712
9.5,0,8,12,714
9.5,0,8,13,716
9.5,0,8,14,718
9.5,0,8,15,720
9.5,0,9,0,690
9.5,0,9,1,692
9.5,0,9,2,695
9.5,0,9,3,697
9.5,0,9,4,699
9.5,0,9,5,701
9.5,0,9,6,703
9.5,0,9,7,706
9.5,0,9,8,708
9.5,0,9,9,710
9.5,0,9,10,712
9.5,0,9,11,714
9.5,0,9,12,716
9.5,0,9,13,718
9.5,0,9,14,721
9.5,0,9,15,723
9.5,0,10,0,692
9.5,0,10,1,695
9.5,0,10,2,697
9.5,0,10,3,699
9.5,0,10,4,701
9.5,0,10,5,703
9.5,0,10,6,706
9.5,0,10,7,708
9.5,0,10,8,710
9.5,0,10,9,712
9.5,0,10,10,714
9.5,0,10,11,716
9.5,0,10,12,719
9.5,0,10,13,721
9.5,0,10,14,723
9.5,0,10,15,725
9.5,0,11,0,694
9.5,0,11,1,697
9.5,0,11,2,699
9.5,0,11,3,701
9.5,0,11,4,703
9.5,0,11,5,706
9.5,0,11,6,708
9.5,0,11,7,710
9.5,0,11,8,712
9.5,0,11,9,714
9.5,0,11,10,717
9.5,0,11,11,719
9.5,0,11,12,721
9.5,0,11,13,723
9.5,0,11,14,725
9.5,0,11,15,727
9.5,0,12,0,697
9.5,0,12,1,699
9.5,0,12,2,701
9.5,0,12,3,703
9.5,0,12,4,706
9.5,0,12,5,708
9.5,0,12,6,710
9.5,0,12,7,712
9.5,0,12,8,714
9.5,0,12,9,717
9.5,0,12,10,719
9.5,0,12,11,721
9.5,0,12,12,723
9.5,0,12,13,725
9.5,0,12,14,727
9.5,0,12,15,730
9.5,0,13,0,699
9.5,0,13,1,701
9.5,0,13,2,703
9.5,0,13,3,706
9.5,0,13,4,708
9.5,0,13,5,710
9.5,0,13,6,712
9.5,0,13,7,714
9.5,0,13,8,717
9.5,0,13,9,719
9.5,0,13,10,721
9.5,0,13,11,723
9.5,0,13,12,725
9.5,0,13,13,728
9.5,0,13,14,730
9.5,0,13,15,732
9.5,0,14,0,701
9.5,0,14,1,703
9.5,0,14,2,705
9.5,0,14,3,708
9.5,0,14,4,710
9.5,0,14,5,712
9.5,0,14,6,714
9.5,0,14,7,717
9.5,0,14,8,719
9.5,0,14,9,721
9.5,0,14,10,723
9.5,0,14,11,725
9.5,0,14,12,728
9.5,0,14,13,730
9.5,0,14,14,732
9.5,0,14,15,734
9.5,0,15,0,703
9.5,0,15,1,705
9.5,0,15,2,708
9.5,0,15,3,710
9.5,0,15,4,712
9.5,0,15,5,714
9.5,0,15,6,717
9.5,0,15,7,719
9.5,0,15,8,721
9.5,0,15,9,723
9.5,0,15,10,725
9.5,0,15,11,728
9.5,0,15,12,730
9.5,0,15,13,732
9.5,0,15,14,734
9.5,0,15,15,736
9.5,1,0,0,673
9.5,1,0,1,675
9.5,1,0,2,677
9.5,1,0,3,679
9.5,1,0,4,681
9.5,1,0,5,683
9.5,1,0,6,686
9.5,1,0,7,688
9.5,1,0,8,690
9.5,1,0,9,692
9.5,1,0,10,694
9.5,1,0,11,696
9.5,1,0,12,698
9.5,1,0,13,700
9.5,1,0,14,702
9.5,1,0,15,705
9.5,1,1,0,675
9.5,1,1,1,677
9.5,1,1,2,679
9.5,1,1,3,681
9.5,1,1,4,684
9.5,1,1,5,686
9.5,1,1,6,688
9.5,1,1,7,690
9.5,1,1,8,692
9.5,1,1,9,694
9.5,1,1,10,696
9.5,1,1,11,699
9.5,1,1,12,701
9.5,1,1,13,703
9.5,1,1,14,705
9.5,1,1,15,707
9.5,1,2,0,677
9.5,1,2,1,679
9.5,1,2,2,682
9.5,1,2,3,684
9.5,1,2,4,686
9.5,1,2,5,688
9.5,1,2,6,690
9.5,1,2,7,692
9.5,1,2,8,694
9.5,1,2,9,697
9.5,1,2,10,699
9.5,1,2,11,701
9.5,1,2,12,703
9.5,1,2,13,705
9.5,1,2,14,707
9.5,1,2,15,709
9.5,1,3,0,679
9.5,1,3,1,682
9.5,1,3,2,684
9.5,1,3,3,686
9.5,1,3,4,688
9.5,1,3,5,690
9.5,1,3,6,692
9.5,1,3,7,695
9.5,1,3,8,697
9.5,1,3,9,699
9.5,1,3,10,701
9.5,1,3,11,703
9.5,1,3,12,705
9.5,1,3,13,707
9.5,1,3,14,710
9.5,1,3,15,712
9.5,1,4,0,682
9.5,1,4,1,684
9.5,1,4,2,686
9.5,1,4,3,688
9.5,1,4,4,690
9.5,1,4,5,693
9.5,1,4,6,695
9.5,1,4,7,697
9.5,1,4,8,699
9.5,1,4,9,701
9.5,1,4,10,703
9.5,1,4,11,705
9.5,1,4,12,708
9.5,1,4,13,710
9.5,1,4,14,712
9.5,1,4,15,714
9.5,1,5,0,684
9.5,1,5,1,686
9.5,1,5,2,688
9.5,1,5,3,691
9.5,1,5,4,693
9.5,1,5,5,695
9.5,1,5,6,697
9.5,1,5,7,699
9.5,1,5,8,701
9.5,1,5,9,704
9.5,1,5,10,706
9.5,1,5,11,708
9.5,1,5,12,710
9.5,1,5,13,712
9.5,1,5,14,714
9.5,1,5,15,716
9.5,1,6,0,686
9.5,1,6,1,688
9.5,1,6,2,691
9.5,1,6,3,693
9.5,1,6,4,695
9.5,1,6,5,697
9.5,1,6,6,699
9.5,1,6,7,701
9.5,1,6,8,704
9.5,1,6,9,706
9.5,1,6,10,708
9.5,1,6,11,710
9.5,1,6,12,712
9.5,1,6,13,714
9.5,1,6,14,716
9.5,1,6,15,719
9.5,1,7,0,688
9.5,1,7,1,691
9.5,1,7,2,693
9.5,1,7,3,695
9.5,1,7,4,697
9.5,1,7,5,699
9.5,1,7,6,702
9.5,1,7,7,704
9.5,1,7,8,706
9.5,1,7,9,708
9.5,1,7,10,710
9.5,1,7,11,712
9.5,1,7,12,715
9.5,1,7,13,717
9.5,1,7,14,719
9.5,1,7,15,721
9.5,1,8,0,691
9.5,1,8,1,693
9.5,1,8,2,695
9.5,1,8,3,697
9.5,1,8,4,699
9.5,1,8,5,702
9.5,1,8,6,704
9.5,1,8,7,706
9.5,1,8,8,708
9.5,1,8,9,710
9.5,1,8,10,712
9.5,1,8,11,715
9.5,1,8,12,717
9.5,1,8,13,719
9.5,1,8,14,721
9.5,1,8,15,723
9.5,1,9,0,693
9.5,1,9,1,695
9.5,1,9,2,697
9.5,1,9,3,699
9.5,1,9,4,702
9.5,1,9,5,704
9.5,1,9,6,706
9.5,1,9,7,708
9.5,1,9,8,710
9.5,1,9,9,713
9.5,1,9,10,715
9.5,1,9,11,717
9.5,1,9,12,719
9.5,1,9,13,721
9.5,1,9,14,723
9.5,1,9,15,726
9.5,1,10,0,695
9.5,1,10,1,697
9.5,1,10,2,699
9.5,1,10,3,702
9.5,1,10,4,704
9.5,1,10,5,706
9.5,1,10,6,708
9.5,1,10,7,710
9.5,1,10,8,713
9.5,1,10,9,715
9.5,1,10,10,717
9.5,1,10,11,719
9.5,1,10,12,721
9.5,1,10,13,724
9.5,1,10,14,726
9.5,1,10,15,728
9.5,1,11,0,697
9.5,1,11,1,699
9.5,1,11,2,702
9.5,1,11,3,704
9.5,1,11,4,706
9.5,1,11,5,708
9.5,1,11,6,710
9.5,1,11,7,713
9.5,1,11,8,715
9.5,1,11,9,717
9.5,1,11,10,719
9.5,1,11,11,721
9.5,1,11,12,724
9.5,1,11,13,726
9.5,1,11,14,728
9.5,1,11,15,730
9.5,1,12,0,699
9.5,1,12,1,702
9.5,1,12,2,704
9.5,1,12,3,706
9.5,1,12,4,708
9.5,1,12,5,710
9.5,1,12,6,713
9.5,1,12,7,715
9.5,1,12,8,717
9.5,1,12,9,719
9.5,1,12,10,722
9.5,1,12,11,724
9.5,1,12,12,726
9.5,1,12,13,728
9.5,1,12,14,730
9.5,1,12,15,732
9.5,1,13,0,701
9.5,1,13,1,704
9.5,1,13,2,706
9.5,1,13,3,708
9.5,1,13,4,710
9.5,1,13,5,713
9.5,1,13,6,715
9.5,1,13,7,717
9.5,1,13,8,719
9.5,1,13,9,722
9.5,1,13,10,724
9.5,1,13,11,726
9.5,1,13,12,728
9.5,1,13,13,730
9.5,1,13,14,732
9.5,1,13,15,735
9.5,1,14,0,704
9.5,1,14,1,706
9.5,1,14,2,708
9.5,1,14,3,710
9.5,1,14,4,713
9.5,1,14,5,715
9.5,1,14,6,717
9.5,1,14,7,719
9.5,1,14,8,722
9.5,1,14,9,724
9.5,1,14,10,726
9.5,1,14,11,728
9.5,1,14,12,730
9.5,1,14,13,733
9.5,1,14,14,735
9.5,1,14,15,737
9.5,1,15,0,706
9.5,1,15,1,708
9.5,1,15,2,710
9.5,1,15,3,713
9.5,1,15,4,715
9.5,1,15,5,717
9.5,1,15,6,719
9.5,1,15,7,722
9.5,1,15,8,724
9.5,1,15,9,726
9.5,1,15,10,728
9.5,1,15,11,730
9.5,1,15,12,733
9.5,1,15,13,735
9.5,1,15,14,737
9.5,1,15,15,739
9.5,2,0,0,675
9.5,2,0,1,677
9.5,2,0,2,680
9.5,2,0,3,682
9.5,2,0,4,684
9.5,2,0,5,686
9.5,2,0,6,688
9.5,2,0,7,690
9.5,2,0,8,693
9.5,2,0,9,695
9.5,2,0,10,697
9.5,2,0,11,699
9.5,2,0,12,701
9.5,2,0,13,703
9.5,2,0,14,705
9.5,2,0,15,707
9.5,2,1,0,678
9.5,2,1,1,680
9.5,2,1,2,682
9.5,2,1,3,684
9.5,2,1,4,686
9.5,2,1,5,688
9.5,2,1,6,691
9.5,2,1,7,693
9.5,2,1,8,695
9.5,2,1,9,697
9.5,2,1,10,699
9.5,2,1,11,701
9.5,2,1,12,703
9.5,2,1,13,705
9.5,2,1,14,708
9.5,2,1,15,710
9.5,2,2,0,680
9.5,2,2,1,682
9.5,2,2,2,684
9.5,2,2,3,686
9.5,2,2,4,689
9.5,2,2,5,691
9.5,2,2,6,693
9.5,2,2,7,695
9.5,2,2,8,697
9.5,2,2,9,699
9.5,2,2,10,701
9.5,2,2,11,704
9.5,2,2,12,706
9.5,2,2,13,708
9.5,2,2,14,710
9.5,2,2,15,712
9.5,2,3,0,682
9.5,2,3,1,684
9.5,2,3,2,686
9.5,2,3,3,689
9.5,2,3,4,691
9.5,2,3,5,693
9.5,2,3,6,695
9.5,2,3,7,697
9.5,2,3,8,699
9.5,2,3,9,702
9.5,2,3,10,704
9.5,2,3,11,706
9.5,2,3,12,708
9.5,2,3,13,710
9.5,2,3,14,712
9.5,2,3,15,714
9.5,2,4,0,684
9.5,2,4,1,686
9.5,2,4,2,689
9.5,2,4,3,691
9.5,2,4,4,693
9.5,2,4,5,695
9.5,2,4,6,697
9.5,2,4,7,700
9.5,2,4,8,702
9.5,2,4,9,704
9.5,2,4,10,706
9.5,2,4,11,708
9.5,2,4,12,710
9.5,2,4,13,712
9.5,2,4,14,715
9.5,2,4,15,717
9.5,2,5,0,687
9.5,2,5,1,689
9.5,2,5,2,691
9.5,2,5,3,693
9.5,2,5,4,695
9.5,2,5,5,698
9.5,2,5,6,700
9.5,2,5,7,702
9.5,2,5,8,704
9.5,2,5,9,706
9.5,2,5,10,708
9.5,2,5,11,710
9.5,2,5,12,713
9.5,2,5,13,715
9.5,2,5,14,717
9.5,2,5,15,719
9.5,2,6,0,689
9.5,2,6,1,691
9.5,2,6,2,693
9.5,2,6,3,695
9.5,2,6,4,698
9.5,2,6,5,700
9.5,2,6,6,702
9.5,2,6,7,704
9.5,2,6,8,706
9.5,2,6,9,708
9.5,2,6,10,711
9.5,2,6,11,713
9.5,2,6,12,715
9.5,2,6,13,717
9.5,2,6,14,719
9.5,2,6,15,721
9.5,2,7,0,691
9.5,2,7,1,693
9.5,2,7,2,695
9.5,2,7,3,698
9.5,2,7,4,700
9.5,2,7,5,702
9.5,2,7,6,704
9.5,2,7,7,706
9.5,2,7,8,709
9.5,2,7,9,711
9.5,2,7,10,713
9.5,2,7,11,715
9.5,2,7,12,717
9.5,2,7,13,719
9.5,2,7,14,722
9.5,2,7,15,724
9.5,2,8,0,693
9.5,2,8,1,695
9.5,2,8,2,698
9.5,2,8,3,700
9.5,2,8,4,702
9.5,2,8,5,704
9.5,2,8,6,706
9.5,2,8,7,709
9.5,2,8,8,711
9.5,2,8,9,713
9.5,2,8,10,715
9.5,2,8,11,717
9.5,2,8,12,720
9.5,2,8,13,722
9.5,2,8,14,724
9.5,2,8,15,726
9.5,2,9,0,695
9.5,2,9,1,698
9.5,2,9,2,700
9.5,2,9,3,702
9.5,2,9,4,704
9.5,2,9,5,707
9.5,2,9,6,709
9.5,2,9,7,711
9.5,2,9,8,713
9.5,2,9,9,715
9.5,2,9,10,717
9.5,2,9,11,720
9.5,2,9,12,722
9.5,2,9,13,724
9.5,2,9,14,726
9.5,2,9,15,728
9.5,2,10,0,698
9.5,2,10,1,700
9.5,2,10,2,702
9.5,2,10,3,704
9.5,2,10,4,707
9.5,2,10,5,709
9.5,2,10,6,711
9.5,2,10,7,713
9.5,2,10,8,715
9.5,2,10,9,718
9.5,2,10,10,720
9.5,2,10,11,722
9.5,2,10,12,724
9.5,2,10,13,726
9.5,2,10,14,728
9.5,2,10,15,731
9.5,2,11,0,700
9.5,2,11,1,702
9.5,2,11,2,704
9.5,2,11,3,707
9.5,2,11,4,709
9.5,2,11,5,711
9.5,2,11,6,713
9.5,2,11,7,715
9.5,2,11,8,718
9.5,2,11,9,720
9.5,2,11,10,722
9.5,2,11,11,724
9.5,2,11,12,726
9.5,2,11,13,729
9.5,2,11,14,731
9.5,2,11,15,733
9.5,2,12,0,702
9.5,2,12,1,704
9.5,2,12,2,706
9.5,2,12,3,709
9.5,2,12,4,711
9.5,2,12,5,713
9.5,2,12,6,715
9.5,2,12,7,718
9.5,2,12,8,720
9.5,2,12,9,722
9.5,2,12,10,724
9.5,2,12,11,726
9.5,2,12,12,729
9.5,2,12,13,731
9.5,2,12,14,733
9.5,2,12,15,735
9.5,2,13,0,704
9.5,2,13,1,706
9.5,2,13,2,709
9.5,2,13,3,711
9.5,2,13,4,713
9.5,2,13,5,715
9.5,2,13,6,718
9.5,2,13,7,720
9.5,2,13,8,722
9.5,2,13,9,724
9.5,2,13,10,727
9.5,2,13,11,729
9.5,2,13,12,731
9.5,2,13,13,733
9.5,2,13,14,735
9.5,2,13,15,737
9.5,2,14,0,706
9.5,2,14,1,709
9.5,2,14,2,711
9.5,2,14,3,713
9.5,2,14,4,715
9.5,2,14,5,718
9.5,2,14,6,720
9.5,2,14,7,722
9.5,2,14,8,724
9.5,2,14,9,727
9.5,2,14,10,729
9.5,2,14,11,731
9.5,2,14,12,733
9.5,2,14,13,735
9.5,2,14,14,738
9.5,2,14,15,740
9.5,2,15,0,708
9.5,2,15,1,711
9.5,2,15,2,713
9.5,2,15,3,715
9.5,2,15,4,718
9.5,2,15,5,720
9.5,2,15,6,722
9.5,2,15,7,724
9.5,2,15,8,727
9.5,2,15,9,729
9.5,2,15,10,731
9.5,2,15,11,733
9.5,2,15,12,735
9.5,2,15,13,738
9.5,2,15,14,740
9.5,2,15,15,742
9.5,3,0,0,678
9.5,3,0,1,680
9.5,3,0,2,682
9.5,3,0,3,684
9.5,3,0,4,687
9.5,3,0,5,689
9.5,3,0,6,691
9.5,3,0,7,693
9.5,3,0,8,695
9.5,3,0,9,697
9.5,3,0,10,699
9.5,3,0,11,702
9.5,3,0,12,704
9.5,3,0,13,706
9.5,3,0,14,708
9.5,3,0,15,710
9.5,3,1,0,680
9.5,3,1,1,682
9.5,3,1,2,685
9.5,3,1,3,687
9.5,3,1,4,689
9.5,3,1,5,691
9.5,3,1,6,693
9.5,3,1,7,695
9.5,3,1,8,697
9.5,3,1,9,700
9.5,3,1,10,702
9.5,3,1,11,704
9.5,3,1,12,706
9.5,3,1,13,708
9.5,3,1,14,710
9.5,3,1,15,712
9.5,3,2,0,682
9.5,3,2,1,685
9.5,3,2,2,687
9.5,3,2,3,689
9.5,3,2,4,691
9.5,3,2,5,693
9.5,3,2,6,695
9.5,3,2,7,698
9.5,3,2,8,700
9.5,3,2,9,702
9.5,3,2,10,704
9.5,3,2,11,706
9.5,3,2,12,708
9.5,3,2,13,710
9.5,3,2,14,713
9.5,3,2,15,715
9.5,3,3,0,685
9.5,3,3,1,687
9.5,3,3,2,689
9.5,3,3,3,691
9.5,3,3,4,693
9.5,3,3,5,696
9.5,3,3,6,698
9.5,3,3,7,700
9.5,3,3,8,702
9.5,3,3,9,704
9.5,3,3,10,706
9.5,3,3,11,709
9.5,3,3,12,711
9.5,3,3,13,713
9.5,3,3,14,715
9.5,3,3,15,717
9.5,3,4,0,687
9.5,3,4,1,689
9.5,3,4,2,691
9.5,3,4,3,694
9.5,3,4,4,696
9.5,3,4,5,698
9.5,3,4,6,700
9.5,3,4,7,702
9.5,3,4,8,704
9.5,3,4,9,707
9.5,3,4,10,709
9.5,3,4,11,711
9.5,3,4,12,713
9.5,3,4,13,715
9.5,3,4,14,717
9.5,3,4,15,719
9.5,3,5,0,689
9.5,3,5,1,691
9.5,3,5,2,694
9.5,3,5,3,696
9.5,3,5,4,698
9.5,3,5,5,700
9.5,3,5,6,702
9.5,3,5,7,705
9.5,3,5,8,707
9.5,3,5,9,709
9.5,3,5,10,711
9.5,3,5,11,713
9.5,3,5,12,715
9.5,3,5,13,717
9.5,3,5,14,720
9.5,3,5,15,722
9.5,3,6,0,691
9.5,3,6,1,694
9.5,3,6,2,696
9.5,3,6,3,698
9.5,3,6,4,700
9.5,3,6,5,702
9.5,3,6,6,705
9.5,3,6,7,707
9.5,3,6,8,709
9.5,3,6,9,711
9.5,3,6,10,713
9.5,3,6,11,716
9.5,3,6,12,718
9.5,3,6,13,720
9.5,3,6,14,722
9.5,3,6,15,724
9.5,3,7,0,694
9.5,3,7,1,696
9.5,3,7,2,698
9.5,3,7,3,700
9.5,3,7,4,703
9.5,3,7,5,705
9.5,3,7,6,707
9.5,3,7,7,709
9.5,3,7,8,711
9.5,3,7,9,713
9.5,3,7,10,716
9.5,3,7,11,718
9.5,3,7,12,720
9.5,3,7,13,722
9.5,3,7,14,724
9.5,3,7,15,726
9.5,3,8,0,696
9.5,3,8,1,698
9.5,3,8,2,700
9.5,3,8,3,703
9.5,3,8,4,705
9.5,3,8,5,707
9.5,3,8,6,709
9.5,3,8,7,711
9.5,3,8,8,714
9.5,3,8,9,716
9.5,3,8,10,718
9.5,3,8,11,720
9.5,3,8,12,722
9.5,3,8,13,724
9.5,3,8,14,727
9.5,3,8,15,729
9.5,3,9,0,698
9.5,3,9,1,700
9.5,3,9,2,703
9.5,3,9,3,705
9.5,3,9,4,707
9.5,3,9,5,709
9.5,3,9,6,711
9.5,3,9,7,714
9.5,3,9,8,716
9.5,3,9,9,718
9.5,3,9,10,720
9.5,3,9,11,722
9.5,3,9,12,725
9.5,3,9,13,727
9.5,3,9,14,729
9.5,3,9,15,731
9.5,3,10,0,700
9.5,3,10,1,703
9.5,3,10,2,705
9.5,3,10,3,707
9.5,3,10,4,709
9.5,3,10,5,711
9.5,3,10,6,714
9.5,3,10,7,716
9.5,3,10,8,718
9.5,3,10,9,720
9.5,3,10,10,722
9.5,3,10,11,725
9.5,3,10,12,727
9.5,3,10,13,729
9.5,3,10,14,731
9.5,3,10,15,733
9.5,3,11,0,702
9.5,3,11,1,705
9.5,3,11,2,707
9.5,3,11,3,709
9.5,3,11,4,711
9.5,3,11,5,714
9.5,3,11,6,716
9.5,3,11,7,718
9.5,3,11,8,720
9.5,3,11,9,723
9.5,3,11,10,725
9.5,3,11,11,727
9.5,3,11,12,729
9.5,3,11,13,731
9.5,3,11,14,734
9.5,3,11,15,736
9.5,3,12,0,705
9.5,3,12,1,707
9.5,3,12,2,709
9.5,3,12,3,711
9.5,3,12,4,714
9.5,3,12,5,716
9.5,3,12,6,718
9.5,3,12,7,720
9.5,3,12,8,723
9.5,3,12,9,725
9.5,3,12,10,727
9.5,3,12,11,729
9.5,3,12,12,731
9.5,3,12,13,734
9.5,3,12,14,736
9.5,3,12,15,738
9.5,3,13,0,707
9.5,3,13,1,709
9.5,3,13,2,711
9.5,3,13,3,714
9.5,3,13,4,716
9.5,3,13,5,718
9.5,3,13,6,720
9.5,3,13,7,723
9.5,3,13,8,725
9.5,3,13,9,727
9.5,3,13,10,729
9.5,3,13,11,731
9.5,3,13,12,734
9.5,3,13,13,736
9.5,3,13,14,738
9.5,3,13,15,740
9.5,3,14,0,709
9.5,3,14,1,711
9.5,3,14,2,714
9.5,3,14,3,716
9.5,3,14,4,718
9.5,3,14,5,720
9.5,3,14,6,723
9.5,3,14,7,725
9.5,3,14,8,727
9.5,3,14,9,729
9.5,3,14,10,732
9.5,3,14,11,734
9.5,3,14,12,736
9.5,3,14,13,738
9.5,3,14,14,740
9.5,3,14,15,743
9.5,3,15,0,711
9.5,3,15,1,713
9.5,3,15,2,716
9.5,3,15,3,718
9.5,3,15,4,720
9.5,3,15,5,723
9.5,3,15,6,725
9.5,3,15,7,727
9.5,3,15,8,729
9.5,3,15,9,732
9.5,3,15,10,734
9.5,3,15,11,736
9.5,3,15,12,738
9.5,3,15,13,740
9.5,3,15,14,743
9.5,3,15,15,745
9.5,4,0,0,680
9.5,4,0,1,683
9.5,4,0,2,685
9.5,4,0,3,687
9.5,4,0,4,689
9.5,4,0,5,691
9.5,4,0,6,693
9.5,4,0,7,696
9.5,4,0,8,698
9.5,4,0,9,700
9.5,4,0,10,702
9.5,4,0,11,704
9.5,4,0,12,706
9.5,4,0,13,708
9.5,4,0,14,711
9.5,4,0,15,713
9.5,4,1,0,683
9.5,4,1,1,685
9.5,4,1,2,687
9.5,4,1,3,689
9.5,4,1,4,691
9.5,4,1,5,694
9.5,4,1,6,696
9.5,4,1,7,698
9.5,4,1,8,700
9.5,4,1,9,702
9.5,4,1,10,704
9.5,4,1,11,707
9.5,4,1,12,709
9.5,4,1,13,711
9.5,4,1,14,713
9.5,4,1,15,715
9.5,4,2,0,685
9.5,4,2,1,687
9.5,4,2,2,689
9.5,4,2,3,692
9.5,4,2,4,694
9.5,4,2,5,696
9.5,4,2,6,698
9.5,4,2,7,700
9.5,4,2,8,702
9.5,4,2,9,705
9.5,4,2,10,707
9.5,4,2,11,709
9.5,4,2,12,711
9.5,4,2,13,713
9.5,4,2,14,715
9.5,4,2,15,717
9.5,4,3,0,687
9.5,4,3,1,689
9.5,4,3,2,692
9.5,4,3,3,694
9.5,4,3,4,696
9.5,4,3,5,698
9.5,4,3,6,700
9.5,4,3,7,703
9.5,4,3,8,705
9.5,4,3,9,707
9.5,4,3,10,709
9.5,4,3,11,711
9.5,4,3,12,713
9.5,4,3,13,716
9.5,4,3,14,718
9.5,4,3,15,720
9.5,4,4,0,690
9.5,4,4,1,692
9.5,4,4,2,694
9.5,4,4,3,696
9.5,4,4,4,698
9.5,4,4,5,701
9.5,4,4,6,703
9.5,4,4,7,705
9.5,4,4,8,707
9.5,4,4,9,709
9.5,4,4,10,711
9.5,4,4,11,714
9.5,4,4,12,716
9.5,4,4,13,718
9.5,4,4,14,720
9.5,4,4,15,722
9.5,4,5,0,692
9.5,4,5,1,694
9.5,4,5,2,696
9.5,4,5,3,698
9.5,4,5,4,701
9.5,4,5,5,703
9.5,4,5,6,705
9.5,4,5,7,707
9.5,4,5,8,709
9.5,4,5,9,712
9.5,4,5,10,714
9.5,4,5,11,716
9.5,4,5,12,718
9.5,4,5,13,720
9.5,4,5,14,722
9.5,4,5,15,724
9.5,4,6,0,694
9.5,4,6,1,696
9.5,4,6,2,698
9.5,4,6,3,701
9.5,4,6,4,703
9.5,4,6,5,705
9.5,4,6,6,707
9.5,4,6,7,710
9.5,4,6,8,712
9.5,4,6,9,714
9.5,4,6,10,716
9.5,4,6,11,718
9.5,4,6,12,720
9.5,4,6,13,723
9.5,4,6,14,725
9.5,4,6,15,727
9.5,4,7,0,696
9.5,4,7,1,698
9.5,4,7,2,701
9.5,4,7,3,703
9.5,4,7,4,705
9.5,4,7,5,707
9.5,4,7,6,710
9.5,4,7,7,712
9.5,4,7,8,714
9.5,4,7,9,716
9.5,4,7,10,718
9.5,4,7,11,721
9.5,4,7,12,723
9.5,4,7,13,725
9.5,4,7,14,727
9.5,4,7,15,729
9.5,4,8,0,698
9.5,4,8,1,701
9.5,4,8,2,703
9.5,4,8,3,705
9.5,4,8,4,707
9.5,4,8,5,710
9.5,4,8,6,712
9.5,4,8,7,714
9.5,4,8,8,716
9.5,4,8,9,718
9.5,4,8,10,721
9.5,4,8,11,723
9.5,4,8,12,725
9.5,4,8,13,727
9.5,4,8,14,729
9.5,4,8,15,732
9.5,4,9,0,701
9.5,4,9,1,703
9.5,4,9,2,705
9.5,4,9,3,707
9.5,4,9,4,710
9.5,4,9,5,712
9.5,4,9,6,714
9.5,4,9,7,716
9.5,4,9,8,719
9.5,4,9,9,721
9.5,4,9,10,723
9.5,4,9,11,725
9.5,4,9,12,727
9.5,4,9,13,729
9.5,4,9,14,732
9.5,4,9,15,734
9.5,4,10,0,703
9.5,4,10,1,705
9.5,4,10,2,707
9.5,4,10,3,710
9.5,4,10,4,712
9.5,4,10,5,714
9.5,4,10,6,716
9.5,4,10,7,719
9.5,4,10,8,721
9.5,4,10,9,723
9.5,4,10,10,725
9.5,4,10,11,727
9.5,4,10,12,730
9.5,4,10,13,732
9.5,4,10,14,734
9.5,4,10,15,736
9.5,4,11,0,705
9.5,4,11,1,707
9.5,4,11,2,710
9.5,4,11,3,712
9.5,4,11,4,714
9.5,4,11,5,716
9.5,4,11,6,719
9.5,4,11,7,721
9.5,4,11,8,723
9.5,4,11,9,725
9.5,4,11,10,728
9.5,4,11,11,730
9.5,4,11,12,732
9.5,4,11,13,734
9.5,4,11,14,736
9.5,4,11,15,738
9.5,4,12,0,707
9.5,4,12,1,710
9.5,4,12,2,712
9.5,4,12,3,714
9.5,4,12,4,716
9.5,4,12,5,719
9.5,4,12,6,721
9.5,4,12,7,723
9.5,4,12,8,725
9.5,4,12,9,728
9.5,4,12,10,730
9.5,4,12,11,732
9.5,4,12,12,734
9.5,4,12,13,736
9.5,4,12,14,739
9.5,4,12,15,741
9.5,4,13,0,710
9.5,4,13,1,712
9.5,4,13,2,714
9.5,4,13,3,716
9.5,4,13,4,719
9.5,4,13,5,721
9.5,4,13,6,723
9.5,4,13,7,725
9.5,4,13,8,728
9.5,4,13,9,730
9.5,4,13,10,732
9.5,4,13,11,734
9.5,4,13,12,736
9.5,4,13,13,739
9.5,4,13,14,741
9.5,4,13,15,743
9.5,4,14,0,712
9.5,4,14,1,714
9.5,4,14,2,716
9.5,4,14,3,719
9.5,4,14,4,721
9.5,4,14,5,723
9.5,4,14,6,725
9.5,4,14,7,728
9.5,4,14,8,730
9.5,4,14,9,732
9.5,4,14,10,734
9.5,4,14,11,737
9.5,4,14,12,739
9.5,4,14,13,741
9.5,4,14,14,743
9.5,4,14,15,745
9.5,4,15,0,714
9.5,4,15,1,716
9.5,4,15,2,718
9.5,4,15,3,721
9.5,4,15,4,723
9.5,4,15,5,725
9.5,4,15,6,728
9.5,4,15,7,730
9.5,4,15,8,732
9.5,4,15,9,734
9.5,4,15,10,737
9.5,4,15,11,739
9.5,4,15,12,741
9.5,4,15,13,743
9.5,4,15,14,745
9.5,4,15,15,748
9.5,5,0,0,683
9.5,5,0,1,685
9.5,5,0,2,687
9.5,5,0,3,690
9.5,5,0,4,692
9.5,5,0,5,694
9.5,5,0,6,696
9.5,5,0,7,698
9.5,5,0,8,700
9.5,5,0,9,703
9.5,5,0,10,705
9.5,5,0,11,707
9.5,5,0,12,709
9.5,5,0,13,711
9.5,5,0,14,713
9.5,5,0,15,715
9.5,5,1,0,685
9.5,5,1,1,687
9.5,5,1,2,690
9.5,5,1,3,692
9.5,5,1,4,694
9.5,5,1,5,696
9.5,5,1,6,698
9.5,5,1,7,701
9.5,5,1,8,703
9.5,5,1,9,705
9.5,5,1,10,707
9.5,5,1,11,709
9.5,5,1,12,711
9.5,5,1,13,713
9.5,5,1,14,716
9.5,5,1,15,718
9.5,5,2,0,688
9.5,5,2,1,690
9.5,5,2,2,692
9.5,5,2,3,694
9.5,5,2,4,696
9.5,5,2,5,699
9.5,5,2,6,701
9.5,5,2,7,703
9.5,5,2,8,705
9.5,5,2,9,707
9.5,5,2,10,709
9.5,5,2,11,712
9.5,5,2,12,714
9.5,5,2,13,716
9.5,5,2,14,718
9.5,5,2,15,720
9.5,5,3,0,690
9.5,5,3,1,692
9.5,5,3,2,694
9.5,5,3,3,696
9.5,5,3,4,699
9.5,5,3,5,701
9.5,5,3,6,703
9.5,5,3,7,705
9.5,5,3,8,707
9.5,5,3,9,710
9.5,5,3,10,712
9.5,5,3,11,714
9.5,5,3,12,716
9.5,5,3,13,718
9.5,5,3,14,720
9.5,5,3,15,722
9.5,5,4,0,692
9.5,5,4,1,694
9.5,5,4,2,697
9.5,5,4,3,699
9.5,5,4,4,701
9.5,5,4,5,703
9.5,5,4,6,705
9.5,5,4,7,708
9.5,5,4,8,710
9.5,5,4,9,712
9.5,5,4,10,714
9.5,5,4,11,716
9.5,5,4,12,718
9.5,5,4,13,721
9.5,5,4,14,723
9.5,5,4,15,725
9.5,5,5,0,694
9.5,5,5,1,697
9.5,5,5,2,699
9.5,5,5,3,701
9.5,5,5,4,703
9.5,5,5,5,705
9.5,5,5,6,708
9.5,5,5,7,710
9.5,5,5,8,712
9.5,5,5,9,714
9.5,5,5,10,716
9.5,5,5,11,719
9.5,5,5,12,721
9.5,5,5,13,723
9.5,5,5,14,725
9.5,5,5,15,727
9.5,5,6,0,697
9.5,5,6,1,699
9.5,5,6,2,701
9.5,5,6,3,703
9.5,5,6,4,706
9.5,5,6,5,708
9.5,5,6,6,710
9.5,5,6,7,712
9.5,5,6,8,714
9.5,5,6,9,717
9.5,5,6,10,719
9.5,5,6,11,721
9.5,5,6,12,723
9.5,5,6,13,725
9.5,5,6,14,727
9.5,5,6,15,730
9.5,5,7,0,699
9.5,5,7,1,701
9.5,5,7,2,703
9.5,5,7,3,706
9.5,5,7,4,708
9.5,5,7,5,710
9.5,5,7,6,712
9.5,5,7,7,714
9.5,5,7,8,717
9.5,5,7,9,719
9.5,5,7,10,721
9.5,5,7,11,723
9.5,5,7,12,725
9.5,5,7,13,728
9.5,5,7,14,730
9.5,5,7,15,732
9.5,5,8,0,701
9.5,5,8,1,703
9.5,5,8,2,706
9.5,5,8,3,708
9.5,5,8,4,710
9.5,5,8,5,712
9.5,5,8,6,715
9.5,5,8,7,717
9.5,5,8,8,719
9.5,5,8,9,721
9.5,5,8,10,723
9.5,5,8,11,726
9.5,5,8,12,728
9.5,5,8,13,730
9.5,5,8,14,732
9.5,5,8,15,734
9.5,5,9,0,703
9.5,5,9,1,706
9.5,5,9,2,708
9.5,5,9,3,710
9.5,5,9,4,712
9.5,5,9,5,715
9.5,5,9,6,717
9.5,5,9,7,719
9.5,5,9,8,721
9.5,5,9,9,723
9.5,5,9,10,726
9.5,5,9,11,728
9.5,5,9,12,730
9.5,5,9,13,732
9.5,5,9,14,734
9.5,5,9,15,737
9.5,5,10,0,706
9.5,5,10,1,708
9.5,5,10,2,710
9.5,5,10,3,712
9.5,5,10,4,715
9.5,5,10,5,717
9.5,5,10,6,719
9.5,5,10,7,721
9.5,5,10,8,724
9.5,5,10,9,726
9.5,5,10,10,728
9.5,5,10,11,730
9.5,5,10,12,732
9.5,5,10,13,735
9.5,5,10,14,737
9.5,5,10,15,739
9.5,5,11,0,708
9.5,5,11,1,710
9.5,5,11,2,712
9.5,5,11,3,715
9.5,5,11,4,717
9.5,5,11,5,719
9.5,5,11,6,721
9.5,5,11,7,724
9.5,5,11,8,726
9.5,5,11,9,728
9.5,5,11,10,730
9.5,5,11,11,732
9.5,5,11,12,735
9.5,5,11,13,737
9.5,5,11,14,739
9.5,5,11,15,741
9.5,5,12,0,710
9.5,5,12,1,712
9.5,5,12,2,715
9.5,5,12,3,717
9.5,5,12,4,719
9.5,5,12,5,721
9.5,5,12,6,724
9.5,5,12,7,726
9.5,5,12,8,728
9.5,5,12,9,730
9.5,5,12,10,733
9.5,5,12,11,735
9.5,5,12,12,737
9.5,5,12,13,739
9.5,5,12,14,741
9.5,5,12,15,744
9.5,5,13,0,712
9.5,5,13,1,714
9.5,5,13,2,717
9.5,5,13,3,719
9.5,5,13,4,721
9.5,5,13,5,724
9.5,5,13,6,726
9.5,5,13,7,728
9.5,5,13,8,730
9.5,5,13,9,733
9.5,5,13,10,735
9.5,5,13,11,737
9.5,5,13,12,739
9.5,5,13,13,741
9.5,5,13,14,744
9.5,5,13,15,746
9.5,5,14,0,714
9.5,5,14,1,717
9.5,5,14,2,719
9.5,5,14,3,721
9.5,5,14,4,724
9.5,5,14,5,726
9.5,5,14,6,728
9.5,5,14,7,730
9.5,5,14,8,733
9.5,5,14,9,735
9.5,5,14,10,737
9.5,5,14,11,739
9.5,5,14,12,742
9.5,5,14,13,744
9.5,5,14,14,746
9.5,5,14,15,748
9.5,5,15,0,717
9.5,5,15,1,719
9.5,5,15,2,721
9.5,5,15,3,723
9.5,5,15,4,726
9.5,5,15,5,728
9.5,5,15,6,730
9.5,5,15,7,733
9.5,5,15,8,735
9.5,5,15,9,737
9.5,5,15,10,739
9.5,5,15,11,742
9.5,5,15,12,744
9.5,5,15,13,746
9.5,5,15,14,748
9.5,5,15,15,750
9.5,6,0,0,686
9.5,6,0,1,688
9.5,6,0,2,690
9.5,6,0,3,692
9.5,6,0,4,694
9.5,6,0,5,697
9.5,6,0,6,699
9.5,6,0,7,701
9.5,6,0,8,703
9.5,6,0,9,705
9.5,6,0,10,707
9.5,6,0,11,709
9.5,6,0,12,712
9.5,6,0,13,714
9.5,6,0,14,716
9.5,6,0,15,718
9.5,6,1,0,688
9.5,6,1,1,690
9.5,6,1,2,692
9.5,6,1,3,694
9.5,6,1,4,697
9.5,6,1,5,699
9.5,6,1,6,701
9.5,6,1,7,703
9.5,6,1,8,705
9.5,6,1,9,708
9.5,6,1,10,710
9.5,6,1,11,712
9.5,6,1,12,714
9.5,6,1,13,716
9.5,6,1,14,718
9.5,6,1,15,720
9.5,6,2,0,690
9.5,6,2,1,692
9.5,6,2,2,695
9.5,6,2,3,697
9.5,6,2,4,699
9.5,6,2,5,701
9.5,6,2,6,703
9.5,6,2,7,706
9.5,6,2,8,708
9.5,6,2,9,710
9.5,6,2,10,712
9.5,6,2,11,714
9.5,6,2,12,716
9.5,6,2,13,719
9.5,6,2,14,721
9.5,6,2,15,723
9.5,6,3,0,692
9.5,6,3,1,695
9.5,6,3,2,697
9.5,6,3,3,699
9.5,6,3,4,701
9.5,6,3,5,704
9.5,6,3,6,706
9.5,6,3,7,708
9.5,6,3,8,710
9.5,6,3,9,712
9.5,6,3,10,714
9.5,6,3,11,717
9.5,6,3,12,719
9.5,6,3,13,721
9.5,6,3,14,723
9.5,6,3,15,725
9.5,6,4,0,695
9.5,6,4,1,697
9.5,6,4,2,699
9.5,6,4,3,701
9.5,6,4,4,704
9.5,6,4,5,706
9.5,6,4,6,708
9.5,6,4,7,710
9.5,6,4,8,712
9.5,6,4,9,715
9.5,6,4,10,717
9.5,6,4,11,719
9.5,6,4,12,721
9.5,6,4,13,723
9.5,6,4,14,725
9.5,6,4,15,728
9.5,6,5,0,697
9.5,6,5,1,699
9.5,6,5,2,701
9.5,6,5,3,704
9.5,6,5,4,706
9.5,6,5,5,708
9.5,6,5,6,710
9.5,6,5,7,713
9.5,6,5,8,715
9.5,6,5,9,717
9.5,6,5,10,719
9.5,6,5,11,721
9.5,6,5,12,723
9.5,6,5,13,726
9.5,6,5,14,728
9.5,6,5,15,730
9.5,6,6,0,699
9.5,6,6,1,701
9.5,6,6,2,704
9.5,6,6,3,706
9.5,6,6,4,708
9.5,6,6,5,710
9.5,6,6,6,713
9.5,6,6,7,715
9.5,6,6,8,717
9.5,6,6,9,719
9.5,6,6,10,721
9.5,6,6,11,724
9.5,6,6,12,726
9.5,6,6,13,728
9.5,6,6,14,730
9.5,6,6,15,732
9.5,6,7,0,701
9.5,6,7,1,704
9.5,6,7,2,706
9.5,6,7,3,708
9.5,6,7,4,710
9.5,6,7,5,713
9.5,6,7,6,715
9.5,6,7,7,717
9.5,6,7,8,719
9.5,6,7,9,722
9.5,6,7,10,724
9.5,6,7,11,726
9.5,6,7,12,728
9.5,6,7,13,730
9.5,6,7,14,733
9.5,6,7,15,735
9.5,6,8,0,704
9.5,6,8,1,706
9.5,6,8,2,708
9.5,6,8,3,711
9.5,6,8,4,713
9.5,6,8,5,715
9.5,6,8,6,717
9.5,6,8,7,719
9.5,6,8,8,722
9.5,6,8,9,724
9.5,6,8,10,726
9.5,6,8,11,728
9.5,6,8,12,730
9.5,6,8,13,733
9.5,6,8,14,735
9.5,6,8,15,737
9.5,6,9,0,706
9.5,6,9,1,708
9.5,6,9,2,711
9.5,6,9,3,713
9.5,6,9,4,715
9.5,6,9,5,717
9.5,6,9,6,720
9.5,6,9,7,722
9.5,6,9,8,724
9.5,6,9,9,726
9.5,6,9,10,728
9.5,6,9,11,731
9.5,6,9,12,733
9.5,6,9,13,735
9.5,6,9,14,737
9.5,6,9,15,739
9.5,6,10,0,708
9.5,6,10,1,710
9.5,6,10,2,713
9.5,6,10,3,715
9.5,6,10,4,717
9.5,6,10,5,720
9.5,6,10,6,722
9.5,6,10,7,724
9.5,6,10,8,726
9.5,6,10,9,728
9.5,6,10,10,731
9.5,6,10,11,733
9.5,6,10,12,735
9.5,6,10,13,737
9.5,6,10,14,740
9.5,6,10,15,742
9.5,6,11,0,710
9.5,6,11,1,713
9.5,6,11,2,715
9.5,6,11,3,717
9.5,6,11,4,720
9.5,6,11,5,722
9.5,6,11,6,724
9.5,6,11,7,726
9.5,6,11,8,729
9.5,6,11,9,731
9.5,6,11,10,733
9.5,6,11,11,735
9.5,6,11,12,737
9.5,6,11,13,740
9.5,6,11,14,742
9.5,6,11,15,744
9.5,6,12,0,713
9.5,6,12,1,715
9.5,6,12,2,717
9.5,6,12,3,720
9.5,6,12,4,722
9.5,6,12,5,724
9.5,6,12,6,726
9.5,6,12,7,729
9.5,6,12,8,731
9.5,6,12,9,733
9.5,6,12,10,735
9.5,6,12,11,738
9.5,6,12,12,740
9.5,6,12,13,742
9.5,6,12,14,744
9.5,6,12,15,746
9.5,6,13,0,715
9.5,6,13,1,717
9.5,6,13,2,719
9.5,6,13,3,722
9.5,6,13,4,724
9.5,6,13,5,726
9.5,6,13,6,729
9.5,6,13,7,731
9.5,6,13,8,733
9.5,6,13,9,735
9.5,6,13,10,738
9.5,6,13,11,740
9.5,6,13,12,742
9.5,6,13,13,744
9.5,6,13,14,746
9.5,6,13,15,749
9.5,6,14,0,717
9.5,6,14,1,719
9.5,6,14,2,722
9.5,6,14,3,724
9.5,6,14,4,726
9.5,6,14,5,729
9.5,6,14,6,731
9.5,6,14,7,733
9.5,6,14,8,735
9.5,6,14,9,738
9.5,6,14,10,740
9.5,6,14,11,742
9.5,6,14,12,744
9.5,6,14,13,747
9.5,6,14,14,749
9.5,6,14,15,751
9.5,6,15,0,719
9.5,6,15,1,722
9.5,6,15,2,724
9.5,6,15,3,726
9.5,6,15,4,728
9.5,6,15,5,731
9.5,6,15,6,733
9.5,6,15,7,735
9.5,6,15,8,738
9.5,6,15,9,740
9.5,6,15,10,742
9.5,6,15,11,744
9.5,6,15,12,747
9.5,6,15,13,749
9.5,6,15,14,751
9.5,6,15,15,753
9.5,7,0,0,688
9.5,7,0,1,690
9.5,7,0,2,693
9.5,7,0,3,695
9.5,7,0,4,697
9.5,7,0,5,699
9.5,7,0,6,701
9.5,7,0,7,704
9.5,7,0,8,706
9.5,7,0,9,708
9.5,7,0,10,710
9.5,7,0,11,712
9.5,7,0,12,714
9.5,7,0,13,716
9.5,7,0,14,719
9.5,7,0,15,721
9.5,7,1,0,690
9.5,7,1,1,693
9.5,7,1,2,695
9.5,7,1,3,697
9.5,7,1,4,699
9.5,7,1,5,701
9.5,7,1,6,704
9.5,7,1,7,706
9.5,7,1,8,708
9.5,7,1,9,710
9.5,7,1,10,712
9.5,7,1,11,715
9.5,7,1,12,717
9.5,7,1,13,719
9.5,7,1,14,721
9.5,7,1,15,723
9.5,7,2,0,693
9.5,7,2,1,695
9.5,7,2,2,697
9.5,7,2,3,699
9.5,7,2,4,702
9.5,7,2,5,704
9.5,7,2,6,706
9.5,7,2,7,708
9.5,7,2,8,710
9.5,7,2,9,713
9.5,7,2,10,715
9.5,7,2,11,717
9.5,7,2,12,719
9.5,7,2,13,721
9.5,7,2,14,723
9.5,7,2,15,726
9.5,7,3,0,695
9.5,7,3,1,697
9.5,7,3,2,700
9.5,7,3,3,702
9.5,7,3,4,704
9.5,7,3,5,706
9.5,7,3,6,708
9.5,7,3,7,711
9.5,7,3,8,713
9.5,7,3,9,715
9.5,7,3,10,717
9.5,7,3,11,719
9.5,7,3,12,721
9.5,7,3,13,724
9.5,7,3,14,726
9.5,7,3,15,728
9.5,7,4,0,697
9.5,7,4,1,700
9.5,7,4,2,702
9.5,7,4,3,704
9.5,7,4,4,706
9.5,7,4,5,708
9.5,7,4,6,711
9.5,7,4,7,713
9.5,7,4,8,715
9.5,7,4,9,717
9.5,7,4,10,719
9.5,7,4,11,722
9.5,7,4,12,724
9.5,7,4,13,726
9.5,7,4,14,728
9.5,7,4,15,730
9.5,7,5,0,700
9.5,7,5,1,702
9.5,7,5,2,704
9.5,7,5,3,706
9.5,7,5,4,709
9.5,7,5,5,711
9.5,7,5,6,713
9.5,7,5,7,715
9.5,7,5,8,717
9.5,7,5,9,720
9.5,7,5,10,722
9.5,7,5,11,724
9.5,7,5,12,726
9.5,7,5,13,728
9.5,7,5,14,731
9.5,7,5,15,733
9.5,7,6,0,702
9.5,7,6,1,704
9.5,7,6,2,706
9.5,7,6,3,709
9.5,7,6,4,711
9.5,7,6,5,713
9.5,7,6,6,715
9.5,7,6,7,718
9.5,7,6,8,720
9.5,7,6,9,722
9.5,7,6,10,724
9.5,7,6,11,726
9.5,7,6,12,729
9.5,7,6,13,731
9.5,7,6,14,733
9.5,7,6,15,735
9.5,7,7,0,704
9.5,7,7,1,706
9.5,7,7,2,709
9.5,7,7,3,711
9.5,7,7,4,713
9.5,7,7,5,715
9.5,7,7,6,718
9.5,7,7,7,720
9.5,7,7,8,722
9.5,7,7,9,724
9.5,7,7,10,726
9.5,7,7,11,729
9.5,7,7,12,731
9.5,7,7,13,733
9.5,7,7,14,735
9.5,7,7,15,737
9.5,7,8,0,706
9.5,7,8,1,709
9.5,7,8,2,711
9.5,7,8,3,713
9.5,7,8,4,715
9.5,7,8,5,718
9.5,7,8,6,720
9.5,7,8,7,722
9.5,7,8,8,724
9.5,7,8,9,727
9.5,7,8,10,729
9.5,7,8,11,731
9.5,7,8,12,733
9.5,7,8,13,735
9.5,7,8,14,738
9.5,7,8,15,740
9.5,7,9,0,709
9.5,7,9,1,711
9.5,7,9,2,713
9.5,7,9,3,715
9.5,7,9,4,718
9.5,7,9,5,720
9.5,7,9,6,722
9.5,7,9,7,724
9.5,7,9,8,727
9.5,7,9,9,729
9.5,7,9,10,731
9.5,7,9,11,733
9.5,7,9,12,736
9.5,7,9,13,738
9.5,7,9,14,740
9.5,7,9,15,742
9.5,7,10,0,711
9.5,7,10,1,713
9.5,7,10,2,715
9.5,7,10,3,718
9.5,7,10,4,720
9.5,7,10,5,722
9.5,7,10,6,725
9.5,7,10,7,727
9.5,7,10,8,729
9.5,7,10,9,731
9.5,7,10,10,733
9.5,7,10,11,736
9.5,7,10,12,738
9.5,7,10,13,740
9.5,7,10,14,742
9.5,7,10,15,744
9.5,7,11,0,713
9.5,7,11,1,715
9.5,7,11,2,718
9.5,7,11,3,720
9.5,7,11,4,722
9.5,7,11,5,725
9.5,7,11,6,727
9.5,7,11,7,729
9.5,7,11,8,731
9.5,7,11,9,734
9.5,7,11,10,736
9.5,7,11,11,738
9.5,7,11,12,740
9.5,7,11,13,742
9.5,7,11,14,745
9.5,7,11,15,747
9.5,7,12,0,715
9.5,7,12,1,718
9.5,7,12,2,720
9.5,7,12,3,722
9.5,7,12,4,725
9.5,7,12,5,727
9.5,7,12,6,729
9.5,7,12,7,731
9.5,7,12,8,734
9.5,7,12,9,736
9.5,7,12,10,738
9.5,7,12,11,740
9.5,7,12,12,743
9.5,7,12,13,745
9.5,7,12,14,747
9.5,7,12,15,749
9.5,7,13,0,718
9.5,7,13,1,720
9.5,7,13,2,722
9.5,7,13,3,724
9.5,7,13,4,727
9.5,7,13,5,729
9.5,7,13,6,731
9.5,7,13,7,734
9.5,7,13,8,736
9.5,7,13,9,738
9.5,7,13,10,740
9.5,7,13,11,743
9.5,7,13,12,745
9.5,7,13,13,747
9.5,7,13,14,749
9.5,7,13,15,751
9.5,7,14,0,720
9.5,7,14,1,722
9.5,7,14,2,724
9.5,7,14,3,727
9.5,7,14,4,729
9.5,7,14,5,731
9.5,7,14,6,734
9.5,7,14,7,736
9.5,7,14,8,738
9.5,7,14,9,740
9.5,7,14,10,743
9.5,7,14,11,745
9.5,7,14,12,747
9.5,7,14,13,749
9.5,7,14,14,752
9.5,7,14,15,754
9.5,7,15,0,722
9.5,7,15,1,724
9.5,7,15,2,727
9.5,7,15,3,729
9.5,7,15,4,731
9.5,7,15,5,734
9.5,7,15,6,736
9.5,7,15,7,738
9.5,7,15,8,740
9.5,7,15,9,743
9.5,7,15,10,745
9.5,7,15,11,747
9.5,7,15,12,749
9.5,7,15,13,752
9.5,7,15,14,754
9.5,7,15,15,756
9.5,8,0,0,691
9.5,8,0,1,693
9.5,8,0,2,695
9.5,8,0,3,697
9.5,8,0,4,700
9.5,8,0,5,702
9.5,8,0,6,704
9.5,8,0,7,706
9.5,8,0,8,708
9.5,8,0,9,710
9.5,8,0,10,713
9.5,8,0,11,715
9.5,8,0,12,717
9.5,8,0,13,719
9.5,8,0,14,721
9.5,8,0,15,723
9.5,8,1,0,693
9.5,8,1,1,695
9.5,8,1,2,697
9.5,8,1,3,700
9.5,8,1,4,702
9.5,8,1,5,704
9.5,8,1,6,706
9.5,8,1,7,709
9.5,8,1,8,711
9.5,8,1,9,713
9.5,8,1,10,715
9.5,8,1,11,717
9.5,8,1,12,719
9.5,8,1,13,722
9.5,8,1,14,724
9.5,8,1,15,726
9.5,8,2,0,695
9.5,8,2,1,698
9.5,8,2,2,700
9.5,8,2,3,702
9.5,8,2,4,704
9.5,8,2,5,706
9.5,8,2,6,709
9.5,8,2,7,711
9.5,8,2,8,713
9.5,8,2,9,715
9.5,8,2,10,717
9.5,8,2,11,720
9.5,8,2,12,722
9.5,8,2,13,724
9.5,8,2,14,726
9.5,8,2,15,728
9.5,8,3,0,698
9.5,8,3,1,700
9.5,8,3,2,702
9.5,8,3,3,704
9.5,8,3,4,707
9.5,8,3,5,709
9.5,8,3,6,711
9.5,8,3,7,713
9.5,8,3,8,715
9.5,8,3,9,718
9.5,8,3,10,720
9.5,8,3,11,722
9.5,8,3,12,724
9.5,8,3,13,726
9.5,8,3,14,728
9.5,8,3,15,731
9.5,8,4,0,700
9.5,8,4,1,702
9.5,8,4,2,704
9.5,8,4,3,707
9.5,8,4,4,709
9.5,8,4,5,711
9.5,8,4,6,713
9.5,8,4,7,716
9.5,8,4,8,718
9.5,8,4,9,720
9.5,8,4,10,722
9.5,8,4,11,724
9.5,8,4,12,727
9.5,8,4,13,729
9.5,8,4,14,731
9.5,8,4,15,733
9.5,8,5,0,702
9.5,8,5,1,704
9.5,8,5,2,707
9.5,8,5,3,709
9.5,8,5,4,711
9.5,8,5,5,713
9.5,8,5,6,716
9.5,8,5,7,718
9.5,8,5,8,720
9.5,8,5,9,722
9.5,8,5,10,725
9.5,8,5,11,727
9.5,8,5,12,729
9.5,8,5,13,731
9.5,8,5,14,733
9.5,8,5,15,735
9.5,8,6,0,704
9.5,8,6,1,707
9.5,8,6,2,709
9.5,8,6,3,711
9.5,8,6,4,714
9.5,8,6,5,716
9.5,8,6,6,718
9.5,8,6,7,720
9.5,8,6,8,722
9.5,8,6,9,725
9.5,8,6,10,727
9.5,8,6,11,729
9.5,8,6,12,731
9.5,8,6,13,733
9.5,8,6,14,736
9.5,8,6,15,738
9.5,8,7,0,707
9.5,8,7,1,709
9.5,8,7,2,711
9.5,8,7,3,714
9.5,8,7,4,716
9.5,8,7,5,718
9.5,8,7,6,720
9.5,8,7,7,723
9.5,8,7,8,725
9.5,8,7,9,727
9.5,8,7,10,729
9.5,8,7,11,731
9.5,8,7,12,734
9.5,8,7,13,736
9.5,8,7,14,738
9.5,8,7,15,740
9.5,8,8,0,709
9.5,8,8,1,711
9.5,8,8,2,714
9.5,8,8,3,716
9.5,8,8,4,718
9.5,8,8,5,720
9.5,8,8,6,723
9.5,8,8,7,725
9.5,8,8,8,727
9.5,8,8,9,729
9.5,8,8,10,732
9.5,8,8,11,734
9.5,8,8,12,736
9.5,8,8,13,738
9.5,8,8,14,740
9.5,8,8,15,743
9.5,8,9,0,711
9.5,8,9,1,714
9.5,8,9,2,716
9.5,8,9,3,718
9.5,8,9,4,720
9.5,8,9,5,723
9.5,8,9,6,725
9.5,8,9,7,727
9.5,8,9,8,729
9.5,8,9,9,732
9.5,8,9,10,734
9.5,8,9,11,736
9.5,8,9,12,738
9.5,8,9,13,741
9.5,8,9,14,743
9.5,8,9,15,745
9.5,8,10,0,714
9.5,8,10,1,716
9.5,8,10,2,718
9.5,8,10,3,720
9.5,8,10,4,723
9.5,8,10,5,725
9.5,8,10,6,727
9.5,8,10,7,729
9.5,8,10,8,732
9.5,8,10,9,734
9.5,8,10,10,736
9.5,8,10,11,738
9.5,8,10,12,741
9.5,8,10,13,743
9.5,8,10,14,745
9.5,8,10,15,747
9.5,8,11,0,716
9.5,8,11,1,718
9.5,8,11,2,720
9.5,8,11,3,723
9.5,8,11,4,725
9.5,8,11,5,727
9.5,8,11,6,729
9.5,8,11,7,732
9.5,8,11,8,734
9.5,8,11,9,736
9.5,8,11,10,739
9.5,8,11,11,741
9.5,8,11,12,743
9.5,8,11,13,745
9.5,8,11,14,747
9.5,8,11,15,750
9.5,8,12,0,718
9.5,8,12,1,720
9.5,8,12,2,723
9.5,8,12,3,725
9.5,8,12,4,727
9.5,8,12,5,729
9.5,8,12,6,732
9.5,8,12,7,734
9.5,8,12,8,736
9.5,8,12,9,739
9.5,8,12,10,741
9.5,8,12,11,743
9.5,8,12,12,745
9.5,8,12,13,748
9.5,8,12,14,750
9.5,8,12,15,752
9.5,8,13,0,720
9.5,8,13,1,723
9.5,8,13,2,725
9.5,8,13,3,727
9.5,8,13,4,729
9.5,8,13,5,732
9.5,8,13,6,734
9.5,8,13,7,736
9.5,8,13,8,739
9.5,8,13,9,741
9.5,8,13,10,743
9.5,8,13,11,745
9.5,8,13,12,748
9.5,8,13,13,750
9.5,8,13,14,752
9.5,8,13,15,754
9.5,8,14,0,722
9.5,8,14,1,725
9.5,8,14,2,727
9.5,8,14,3,729
9.5,8,14,4,732
9.5,8,14,5,734
9.5,8,14,6,736
9.5,8,14,7,739
9.5,8,14,8,741
9.5,8,14,9,743
9.5,8,14,10,745
9.5,8,14,11,748
9.5,8,14,12,750
9.5,8,14,13,752
9.5,8,14,14,754
9.5,8,14,15,757
9.5,8,15,0,725
9.5,8,15,1,727
9.5,8,15,2,729
9.5,8,15,3,732
9.5,8,15,4,734
9.5,8,15,5,736
9.5,8,15,6,739
9.5,8,15,7,741
9.5,8,15,8,743
9.5,8,15,9,745
9.5,8,15,10,748
9.5,8,15,11,750
9.5,8,15,12,752
9.5,8,15,13,754
9.5,8,15,14,757
9.5,8,15,15,759
9.5,9,0,0,693
9.5,9,0,1,696
9.5,9,0,2,698
9.5,9,0,3,700
9.5,9,0,4,702
9.5,9,0,5,704
9.5,9,0,6,707
9.5,9,0,7,709
9.5,9,0,8,711
9.5,9,0,9,713
9.5,9,0,10,715
9.5,9,0,11,717
9.5,9,0,12,720
9.5,9,0,13,722
9.5,9,0,14,724
9.5,9,0,15,726
9.5,9,1,0,696
9.5,9,1,1,698
9.5,9,1,2,700
9.5,9,1,3,702
9.5,9,1,4,705
9.5,9,1,5,707
9.5,9,1,6,709
9.5,9,1,7,711
9.5,9,1,8,713
9.5,9,1,9,716
9.5,9,1,10,718
9.5,9,1,11,720
9.5,9,1,12,722
9.5,9,1,13,724
9.5,9,1,14,726
9.5,9,1,15,728
9.5,9,2,0,698
9.5,9,2,1,700
9.5,9,2,2,702
9.5,9,2,3,705
9.5,9,2,4,707
9.5,9,2,5,709
9.5,9,2,6,711
9.5,9,2,7,714
9.5,9,2,8,716
9.5,9,2,9,718
9.5,9,2,10,720
9.5,9,2,11,722
9.5,9,2,12,724
9.5,9,2,13,727
9.5,9,2,14,729
9.5,9,2,15,731
9.5,9,3,0,700
9.5,9,3,1,702
9.5,9,3,2,705
9.5,9,3,3,707
9.5,9,3,4,709
9.5,9,3,5,711
9.5,9,3,6,714
9.5,9,3,7,716
9.5,9,3,8,718
9.5,9,3,9,720
9.5,9,3,10,722
9.5,9,3,11,725
9.5,9,3,12,727
9.5,9,3,13,729
9.5,9,3,14,731
9.5,9,3,15,733
9.5,9,4,0,703
9.5,9,4,1,705
9.5,9,4,2,707
9.5,9,4,3,709
9.5,9,4,4,712
9.5,9,4,5,714
9.5,9,4,6,716
9.5,9,4,7,718
9.5,9,4,8,720
9.5,9,4,9,723
9.5,9,4,10,725
9.5,9,4,11,727
9.5,9,4,12,729
9.5,9,4,13,731
9.5,9,4,14,734
9.5,9,4,15,736
9.5,9,5,0,705
9.5,9,5,1,707
9.5,9,5,2,709
9.5,9,5,3,712
9.5,9,5,4,714
9.5,9,5,5,716
9.5,9,5,6,718
9.5,9,5,7,721
9.5,9,5,8,723
9.5,9,5,9,725
9.5,9,5,10,727
9.5,9,5,11,729
9.5,9,5,12,732
9.5,9,5,13,734
9.5,9,5,14,736
9.5,9,5,15,738
9.5,9,6,0,707
9.5,9,6,1,709
9.5,9,6,2,712
9.5,9,6,3,714
9.5,9,6,4,716
9.5,9,6,5,718
9.5,9,6,6,721
9.5,9,6,7,723
9.5,9,6,8,725
9.5,9,6,9,727
9.5,9,6,10,730
9.5,9,6,11,732
9.5,9,6,12,734
9.5,9,6,13,736
9.5,9,6,14,738
9.5,9,6,15,741
9.5,9,7,0,709
9.5,9,7,1,712
9.5,9,7,2,714
9.5,9,7,3,716
9.5,9,7,4,718
9.5,9,7,5,721
9.5,9,7,6,723
9.5,9,7,7,725
9.5,9,7,8,727
9.5,9,7,9,730
9.5,9,7,10,732
9.5,9,7,11,734
9.5,9,7,12,736
9.5,9,7,13,739
9.5,9,7,14,741
9.5,9,7,15,743
9.5,9,8,0,712
9.5,9,8,1,714
9.5,9,8,2,716
9.5,9,8,3,719
9.5,9,8,4,721
9.5,9,8,5,723
9.5,9,8,6,725
9.5,9,8,7,728
9.5,9,8,8,730
9.5,9,8,9,732
9.5,9,8,10,734
9.5,9,8,11,736
9.5,9,8,12,739
9.5,9,8,13,741
9.5,9,8,14,743
9.5,9,8,15,745
9.5,9,9,0,714
9.5,9,9,1,716
9.5,9,9,2,719
9.5,9,9,3,721
9.5,9,9,4,723
9.5,9,9,5,725
9.5,9,9,6,728
9.5,9,9,7,730
9.5,9,9,8,732
9.5,9,9,9,734
9.5,9,9,10,737
9.5,9,9,11,739
9.5,9,9,12,741
9.5,9,9,13,743
9.5,9,9,14,745
9.5,9,9,15,748
9.5,9,10,0,716
9.5,9,10,1,718
9.5,9,10,2,721
9.5,9,10,3,723
9.5,9,10,4,725
9.5,9,10,5,728
9.5,9,10,6,730
9.5,9,10,7,732
9.5,9,10,8,734
9.5,9,10,9,737
9.5,9,10,10,739
9.5,9,10,11,741
9.5,9,10,12,743
9.5,9,10,13,746
9.5,9,10,14,748
9.5,9,10,15,750
9.5,9,11,0,718
9.5,9,11,1,721
9.5,9,11,2,723
9.5,9,11,3,725
9.5,9,11,4,728
9.5,9,11,5,730
9.5,9,11,6,732
9.5,9,11,7,734
9.5,9,11,8,737
9.5,9,11,9,739
9.5,9,11,10,741
9.5,9,11,11,743
9.5,9,11,12,746
9.5,9,11,13,748
9.5,9,11,14,750
9.5,9,11,15,752
9.5,9,12,0,721
9.5,9,12,1,723
9.5,9,12,2,725
9.5,9,12,3,728
9.5,9,12,4,730
9.5,9,12,5,732
9.5,9,12,6,734
9.5,9,12,7,737
9.5,9,12,8,739
9.5,9,12,9,741
9.5,9,12,10,744
9.5,9,12,11,746
9.5,9,12,12,748
9.5,9,12,13,750
9.5,9,12,14,753
9.5,9,12,15,755
9.5,9,13,0,723
9.5,9,13,1,725
9.5,9,13,2,728
9.5,9,13,3,730
9.5,9,13,4,732
9.5,9,13,5,734
9.5,9,13,6,737
9.5,9,13,7,739
9.5,9,13,8,741
9.5,9,13,9,744
9.5,9,13,10,746
9.5,9,13,11,748
9.5,9,13,12,750
9.5,9,13,13,753
9.5,9,13,14,755
9.5,9,13,15,757
9.5,9,14,0,725
9.5,9,14,1,727
9.5,9,14,2,730
9.5,9,14,3,732
9.5,9,14,4,734
9.5,9,14,5,737
9.5,9,14,6,739
9.5,9,14,7,741
9.5,9,14,8,744
9.5,9,14,9,746
9.5,9,14,10,748
9.5,9,14,11,750
9.5,9,14,12,753
9.5,9,14,13,755
9.5,9,14,14,757
9.5,9,14,15,759
9.5,9,15,0,727
9.5,9,15,1,730
9.5,9,15,2,732
9.5,9,15,3,734
9.5,9,15,4,737
9.5,9,15,5,739
9.5,9,15,6,741
9.5,9,15,7,744
9.5,9,15,8,746
9.5,9,15,9,748
9.5,9,15,10,750
9.5,9,15,11,753
9.5,9,15,12,755
9.5,9,15,13,757
9.5,9,15,14,760
9.5,9,15,15,762
9.5,10,0,0,696
9.5,10,0,1,698
9.5,10,0,2,700
9.5,10,0,3,703
9.5,10,0,4,705
9.5,10,0,5,707
9.5,10,0,6,709
9.5,10,0,7,711
9.5,10,0,8,714
9.5,10,0,9,716
9.5,10,0,10,718
9.5,10,0,11,720
9.5,10,0,12,722
9.5,10,0,13,724
9.5,10,0,14,727
9.5,10,0,15,729
9.5,10,1,0,698
9.5,10,1,1,700
9.5,10,1,2,703
9.5,10,1,3,705
9.5,10,1,4,707
9.5,10,1,5,709
9.5,10,1,6,712
9.5,10,1,7,714
9.5,10,1,8,716
9.5,10,1,9,718
9.5,10,1,10,720
9.5,10,1,11,723
9.5,10,1,12,725
9.5,10,1,13,727
9.5,10,1,14,729
9.5,10,1,15,731
9.5,10,2,0,700
9.5,10,2,1,703
9.5,10,2,2,705
9.5,10,2,3,707
9.5,10,2,4,709
9.5,10,2,5,712
9.5,10,2,6,714
9.5,10,2,7,716
9.5,10,2,8,718
9.5,10,2,9,721
9.5,10,2,10,723
9.5,10,2,11,725
9.5,10,2,12,727
9.5,10,2,13,729
9.5,10,2,14,731
9.5,10,2,15,734
9.5,10,3,0,703
9.5,10,3,1,705
9.5,10,3,2,707
9.5,10,3,3,710
9.5,10,3,4,712
9.5,10,3,5,714
9.5,10,3,6,716
9.5,10,3,7,719
9.5,10,3,8,721
9.5,10,3,9,723
9.5,10,3,10,725
9.5,10,3,11,727
9.5,10,3,12,730
9.5,10,3,13,732
9.5,10,3,14,734
9.5,10,3,15,736
9.5,10,4,0,705
9.5,10,4,1,707
9.5,10,4,2,710
9.5,10,4,3,712
9.5,10,4,4,714
9.5,10,4,5,716
9.5,10,4,6,719
9.5,10,4,7,721
9.5,10,4,8,723
9.5,10,4,9,725
9.5,10,4,10,728
9.5,10,4,11,730
9.5,10,4,12,732
9.5,10,4,13,734
9.5,10,4,14,736
9.5,10,4,15,738
9.5,10,5,0,707
9.5,10,5,1,710
9.5,10,5,2,712
9.5,10,5,3,714
9.5,10,5,4,717
9.5,10,5,5,719
9.5,10,5,6,721
9.5,10,5,7,723
9.5,10,5,8,725
9.5,10,5,9,728
9.5,10,5,10,730
9.5,10,5,11,732
9.5,10,5,12,734
9.5,10,5,13,737
9.5,10,5,14,739
9.5,10,5,15,741
9.5,10,6,0,710
9.5,10,6,1,712
9.5,10,6,2,714
9.5,10,6,3,717
9.5,10,6,4,719
9.5,10,6,5,721
9.5,10,6,6,723
9.5,10,6,7,726
9.5,10,6,8,728
9.5,10,6,9,730
9.5,10,6,10,732
9.5,10,6,11,734
9.5,10,6,12,737
9.5,10,6,13,739
9.5,10,6,14,741
9.5,10,6,15,743
9.5,10,7,0,712
9.5,10,7,1,714
9.5,10,7,2,717
9.5,10,7,3,719
9.5,10,7,4,721
9.5,10,7,5,723
9.5,10,7,6,726
9.5,10,7,7,728
9.5,10,7,8,730
9.5,10,7,9,732
9.5,10,7,10,735
9.5,10,7,11,737
9.5,10,7,12,739
9.5,10,7,13,741
9.5,10,7,14,743
9.5,10,7,15,746
9.5,10,8,0,714
9.5,10,8,1,717
9.5,10,8,2,719
9.5,10,8,3,721
9.5,10,8,4,723
9.5,10,8,5,726
9.5,10,8,6,728
9.5,10,8,7,730
9.5,10,8,8,733
9.5,10,8,9,735
9.5,10,8,10,737
9.5,10,8,11,739
9.5,10,8,12,741
9.5,10,8,13,744
9.5,10,8,14,746
9.5,10,8,15,748
9.5,10,9,0,717
9.5,10,9,1,719
9.5,10,9,2,721
9.5,10,9,3,723
9.5,10,9,4,726
9.5,10,9,5,728
9.5,10,9,6,730
9.5,10,9,7,733
9.5,10,9,8,735
9.5,10,9,9,737
9.5,10,9,10,739
9.5,10,9,11,742
9.5,10,9,12,744
9.5,10,9,13,746
9.5,10,9,14,748
9.5,10,9,15,750
9.5,10,10,0,719
9.5,10,10,1,721
9.5,10,10,2,723
9.5,10,10,3,726
9.5,10,10,4,728
9.5,10,10,5,730
9.5,10,10,6,733
9.5,10,10,7,735
9.5,10,10,8,737
9.5,10,10,9,739
9.5,10,10,10,742
9.5,10,10,11,744
9.5,10,10,12,746
9.5,10,10,13,748
9.5,10,10,14,751
9.5,10,10,15,753
9.5,10,11,0,721
9.5,10,11,1,723
9.5,10,11,2,726
9.5,10,11,3,728
9.5,10,11,4,730
9.5,10,11,5,733
9.5,10,11,6,735
9.5,10,11,7,737
9.5,10,11,8,739
9.5,10,11,9,742
9.5,10,11,10,744
9.5,10,11,11,746
9.5,10,11,12,748
9.5,10,11,13,751
9.5,10,11,14,753
9.5,10,11,15,755
9.5,10,12,0,723
9.5,10,12,1,726
9.5,10,12,2,728
9.5,10,12,3,730
9.5,10,12,4,733
9.5,10,12,5,735
9.5,10,12,6,737
9.5,10,12,7,740
9.5,10,12,8,742
9.5,10,12,9,744
9.5,10,12,10,746
9.5,10,12,11,749
9.5,10,12,12,751
9.5,10,12,13,753
9.5,10,12,14,755
9.5,10,12,15,758
9.5,10,13,0,726
9.5,10,13,1,728
9.5,10,13,2,730
9.5,10,13,3,733
9.5,10,13,4,735
9.5,10,13,5,737
9.5,10,13,6,740
9.5,10,13,7,742
9.5,10,13,8,744
9.5,10,13,9,746
9.5,10,13,10,749
9.5,10,13,11,751
9.5,10,13,12,753
9.5,10,13,13,755
9.5,10,13,14,758
9.5,10,13,15,760
9.5,10,14,0,728
9.5,10,14,1,730
9.5,10,14,2,733
9.5,10,14,3,735
9.5,10,14,4,737
9.5,10,14,5,739
9.5,10,14,6,742
9.5,10,14,7,744
9.5,10,14,8,746
9.5,10,14,9,749
9.5,10,14,10,751
9.5,10,14,11,753
9.5,10,14,12,755
9.5,10,14,13,758
9.5,10,14,14,760
9.5,10,14,15,762
9.5,10,15,0,730
9.5,10,15,1,732
9.5,10,15,2,735
9.5,10,15,3,737
9.5,10,15,4,739
9.5,10,15,5,742
9.5,10,15,6,744
9.5,10,15,7,746
9.5,10,15,8,749
9.5,10,15,9,751
9.5,10,15,10,753
9.5,10,15,11,756
9.5,10,15,12,758
9.5,10,15,13,760
9.5,10,15,14,762
9.5,10,15,15,765
9.5,11,0,0,698
9.5,11,0,1,701
9.5,11,0,2,703
9.5,11,0,3,705
9.5,11,0,4,707
9.5,11,0,5,710
9.5,11,0,6,712
9.5,11,0,7,714
9.5,11,0,8,716
9.5,11,0,9,718
9.5,11,0,10,721
9.5,11,0,11,723
9.5,11,0,12,725
9.5,11,0,13,727
9.5,11,0,14,729
9.5,11,0,15,731
9.5,11,1,0,701
9.5,11,1,1,703
9.5,11,1,2,705
9.5,11,1,3,708
9.5,11,1,4,710
9.5,11,1,5,712
9.5,11,1,6,714
9.5,11,1,7,716
9.5,11,1,8,719
9.5,11,1,9,721
9.5,11,1,10,723
9.5,11,1,11,725
9.5,11,1,12,727
9.5,11,1,13,730
9.5,11,1,14,732
9.5,11,1,15,734
9.5,11,2,0,703
9.5,11,2,1,705
9.5,11,2,2,708
9.5,11,2,3,710
9.5,11,2,4,712
9.5,11,2,5,714
9.5,11,2,6,717
9.5,11,2,7,719
9.5,11,2,8,721
9.5,11,2,9,723
9.5,11,2,10,725
9.5,11,2,11,728
9.5,11,2,12,730
9.5,11,2,13,732
9.5,11,2,14,734
9.5,11,2,15,736
9.5,11,3,0,705
9.5,11,3,1,708
9.5,11,3,2,710
9.5,11,3,3,712
9.5,11,3,4,714
9.5,11,3,5,717
9.5,11,3,6,719
9.5,11,3,7,721
9.5,11,3,8,723
9.5,11,3,9,726
9.5,11,3,10,728
9.5,11,3,11,730
9.5,11,3,12,732
9.5,11,3,13,734
9.5,11,3,14,737
9.5,11,3,15,739
9.5,11,4,0,708
9.5,11,4,1,710
9.5,11,4,2,712
9.5,11,4,3,715
9.5,11,4,4,717
9.5,11,4,5,719
9.5,11,4,6,721
9.5,11,4,7,724
9.5,11,4,8,726
9.5,11,4,9,728
9.5,11,4,10,730
9.5,11,4,11,732
9.5,11,4,12,735
9.5,11,4,13,737
9.5,11,4,14,739
9.5,11,4,15,741
9.5,11,5,0,710
9.5,11,5,1,712
9.5,11,5,2,715
9.5,11,5,3,717
9.5,11,5,4,719
9.5,11,5,5,721
9.5,11,5,6,724
9.5,11,5,7,726
9.5,11,5,8,728
9.5,11,5,9,730
9.5,11,5,10,733
9.5,11,5,11,735
9.5,11,5,12,737
9.5,11,5,13,739
9.5,11,5,14,741
9.5,11,5,15,744
9.5,11,6,0,712
9.5,11,6,1,715
9.5,11,6,2,717
9.5,11,6,3,719
9.5,11,6,4,721
9.5,11,6,5,724
9.5,11,6,6,726
9.5,11,6,7,728
9.5,11,6,8,731
9.5,11,6,9,733
9.5,11,6,10,735
9.5,11,6,11,737
9.5,11,6,12,739
9.5,11,6,13,742
9.5,11,6,14,744
9.5,11,6,15,746
9.5,11,7,0,715
9.5,11,7,1,717
9.5,11,7,2,719
9.5,11,7,3,722
9.5,11,7,4,724
9.5,11,7,5,726
9.5,11,7,6,728
9.5,11,7,7,731
9.5,11,7,8,733
9.5,11,7,9,735
9.5,11,7,10,737
9.5,11,7,11,740
9.5,11,7,12,742
9.5,11,7,13,744
9.5,11,7,14,746
9.5,11,7,15,748
9.5,11,8,0,717
9.5,11,8,1,719
9.5,11,8,2,722
9.5,11,8,3,724
9.5,11,8,4,726
9.5,11,8,5,728
9.5,11,8,6,731
9.5,11,8,7,733
9.5,11,8,8,735
9.5,11,8,9,737
9.5,11,8,10,740
9.5,11,8,11,742
9.5,11,8,12,744
9.5,11,8,13,746
9.5,11,8,14,749
9.5,11,8,15,751
9.5,11,9,0,719
9.5,11,9,1,722
9.5,11,9,2,724
9.5,11,9,3,726
9.5,11,9,4,728
9.5,11,9,5,731
9.5,11,9,6,733
9.5,11,9,7,735
9.5,11,9,8,738
9.5,11,9,9,740
9.5,11,9,10,742
9.5,11,9,11,744
9.5,11,9,12,747
9.5,11,9,13,749
9.5,11,9,14,751
9.5,11,9,15,753
9.5,11,10,0,721
9.5,11,10,1,724
9.5,11,10,2,726
9.5,11,10,3,728
9.5,11,10,4,731
9.5,11,10,5,733
9.5,11,10,6,735
9.5,11,10,7,738
9.5,11,10,8,740
9.5,11,10,9,742
9.5,11,10,10,744
9.5,11,10,11,747
9.5,11,10,12,749
9.5,11,10,13,751
9.5,11,10,14,753
9.5,11,10,15,756
9.5,11,11,0,724
9.5,11,11,1,726
9.5,11,11,2,728
9.5,11,11,3,731
9.5,11,11,4,733
9.5,11,11,5,735
9.5,11,11,6,738
9.5,11,11,7,740
9.5,11,11,8,742
9.5,11,11,9,744
9.5,11,11,10,747
9.5,11,11,11,749
9.5,11,11,12,751
9.5,11,11,13,754
9.5,11,11,14,756
9.5,11,11,15,758
9.5,11,12,0,726
9.5,11,12,1,728
9.5,11,12,2,731
9.5,11,12,3,733
9.5,11,12,4,735
9.5,11,12,5,738
9.5,11,12,6,740
9.5,11,12,7,742
9.5,11,12,8,745
9.5,11,12,9,747
9.5,11,12,10,749
9.5,11,12,11,751
9.5,11,12,12,754
9.5,11,12,13,756
9.5,11,12,14,758
9.5,11,12,15,760
9.5,11,13,0,728
9.5,11,13,1,731
9.5,11,13,2,733
9.5,11,13,3,735
9.5,11,13,4,738
9.5,11,13,5,740
9.5,11,13,6,742
9.5,11,13,7,745
9.5,11,13,8,747
9.5,11,13,9,749
9.5,11,13,10,751
9.5,11,13,11,754
9.5,11,13,12,756
9.5,11,13,13,758
9.5,11,13,14,760
9.5,11,13,15,763
9.5,11,14,0,731
9.5,11,14,1,733
9.5,11,14,2,735
9.5,11,14,3,738
9.5,11,14,4,740
9.5,11,14,5,742
9.5,11,14,6,745
9.5,11,14,7,747
9.5,11,14,8,749
9.5,11,14,9,751
9.5,11,14,10,754
9.5,11,14,11,756
9.5,11,14,12,758
9.5,11,14,13,761
9.5,11,14,14,763
9.5,11,14,15,765
9.5,11,15,0,733
9.5,11,15,1,735
9.5,11,15,2,737
9.5,11,15,3,740
9.5,11,15,4,742
9.5,11,15,5,744
9.5,11,15,6,747
9.5,11,15,7,749
9.5,11,15,8,751
9.5,11,15,9,754
9.5,11,15,10,756
9.5,11,15,11,758
9.5,11,15,12,761
9.5,11,15,13,763
9.5,11,15,14,765
9.5,11,15,15,767
9.5,12,0,0,701
9.5,12,0,1,703
9.5,12,0,2,705
9.5,12,0,3,708
9.5,12,0,4,710
9.5,12,0,5,712
9.5,12,0,6,714
9.5,12,0,7,717
9.5,12,0,8,719
9.5,12,0,9,721
9.5,12,0,10,723
9.5,12,0,11,725
9.5,12,0,12,728
9.5,12,0,13,730
9.5,12,0,14,732
9.5,12,0,15,734
9.5,12,1,0,703
9.5,12,1,1,706
9.5,12,1,2,708
9.5,12,1,3,710
9.5,12,1,4,712
9.5,12,1,5,715
9.5,12,1,6,717
9.5,12,1,7,719
9.5,12,1,8,721
9.5,12,1,9,723
9.5,12,1,10,726
9.5,12,1,11,728
9.5,12,1,12,730
9.5,12,1,13,732
9.5,12,1,14,734
9.5,12,1,15,737
9.5,12,2,0,706
9.5,12,2,1,708
9.5,12,2,2,710
9.5,12,2,3,712
9.5,12,2,4,715
9.5,12,2,5,717
9.5,12,2,6,719
9.5,12,2,7,721
9.5,12,2,8,724
9.5,12,2,9,726
9.5,12,2,10,728
9.5,12,2,11,730
9.5,12,2,12,732
9.5,12,2,13,735
9.5,12,2,14,737
9.5,12,2,15,739
9.5,12,3,0,708
9.5,12,3,1,710
9.5,12,3,2,713
9.5,12,3,3,715
9.5,12,3,4,717
9.5,12,3,5,719
9.5,12,3,6,722
9.5,12,3,7,724
9.5,12,3,8,726
9.5,12,3,9,728
9.5,12,3,10,731
9.5,12,3,11,733
9.5,12,3,12,735
9.5,12,3,13,737
9.5,12,3,14,739
9.5,12,3,15,741
9.5,12,4,0,710
9.5,12,4,1,713
9.5,12,4,2,715
9.5,12,4,3,717
9.5,12,4,4,719
9.5,12,4,5,722
9.5,12,4,6,724
9.5,12,4,7,726
9.5,12,4,8,728
9.5,12,4,9,731
9.5,12,4,10,733
9.5,12,4,11,735
9.5,12,4,12,737
9.5,12,4,13,740
9.5,12,4,14,742
9.5,12,4,15,744
9.5,12,5,0,713
9.5,12,5,1,715
9.5,12,5,2,717
9.5,12,5,3,720
9.5,12,5,4,722
9.5,12,5,5,724
9.5,12,5,6,726
9.5,12,5,7,729
9.5,12,5,8,731
9.5,12,5,9,733
9.5,12,5,10,735
9.5,12,5,11,738
9.5,12,5,12,740
9.5,12,5,13,742
9.5,12,5,14,744
9.5,12,5,15,746
9.5,12,6,0,715
9.5,12,6,1,717
9.5,12,6,2,720
9.5,12,6,3,722
9.5,12,6,4,724
9.5,12,6,5,726
9.5,12,6,6,729
9.5,12,6,7,731
9.5,12,6,8,733
9.5,12,6,9,735
9.5,12,6,10,738
9.5,12,6,11,740
9.5,12,6,12,742
9.5,12,6,13,744
9.5,12,6,14,747
9.5,12,6,15,749
9.5,12,7,0,717
9.5,12,7,1,720
9.5,12,7,2,722
9.5,12,7,3,724
9.5,12,7,4,726
9.5,12,7,5,729
9.5,12,7,6,731
9.5,12,7,7,733
9.5,12,7,8,736
9.5,12,7,9,738
9.5,12,7,10,740
9.5,12,7,11,742
9.5,12,7,12,745
9.5,12,7,13,747
9.5,12,7,14,749
9.5,12,7,15,751
9.5,12,8,0,720
9.5,12,8,1,722
9.5,12,8,2,724
9.5,12,8,3,726
9.5,12,8,4,729
9.5,12,8,5,731
9.5,12,8,6,733
9.5,12,8,7,736
9.5,12,8,8,738
9.5,12,8,9,740
9.5,12,8,10,742
9.5,12,8,11,745
9.5,12,8,12,747
9.5,12,8,13,749
9.5,12,8,14,751
9.5,12,8,15,754
9.5,12,9,0,722
9.5,12,9,1,724
9.5,12,9,2,726
9.5,12,9,3,729
9.5,12,9,4,731
9.5,12,9,5,733
9.5,12,9,6,736
9.5,12,9,7,738
9.5,12,9,8,740
9.5,12,9,9,743
9.5,12,9,10,745
9.5,12,9,11,747
9.5,12,9,12,749
9.5,12,9,13,752
9.5,12,9,14,754
9.5,12,9,15,756
9.5,12,10,0,724
9.5,12,10,1,726
9.5,12,10,2,729
9.5,12,10,3,731
9.5,12,10,4,733
9.5,12,10,5,736
9.5,12,10,6,738
9.5,12,10,7,740
9.5,12,10,8,743
9.5,12,10,9,745
9.5,12,10,10,747
9.5,12,10,11,749
9.5,12,10,12,752
9.5,12,10,13,754
9.5,12,10,14,756
9.5,12,10,15,758
9.5,12,11,0,726
9.5,12,11,1,729
9.5,12,11,2,731
9.5,12,11,3,733
9.5,12,11,4,736
9.5,12,11,5,738
9.5,12,11,6,740
9.5,12,11,7,743
9.5,12,11,8,745
9.5,12,11,9,747
9.5,12,11,10,749
9.5,12,11,11,752
9.5,12,11,12,754
9.5,12,11,13,756
9.5,12,11,14,759
9.5,12,11,15,761
9.5,12,12,0,729
9.5,12,12,1,731
9.5,12,12,2,733
9.5,12,12,3,736
9.5,12,12,4,738
9.5,12,12,5,740
9.5,12,12,6,743
9.5,12,12,7,745
9.5,12,12,8,747
9.5,12,12,9,750
9.5,12,12,10,752
9.5,12,12,11,754
9.5,12,12,12,756
9.5,12,12,13,759
9.5,12,12,14,761
9.5,12,12,15,763
9.5,12,13,0,731
9.5,12,13,1,733
9.5,12,13,2,736
9.5,12,13,3,738
9.5,12,13,4,740
9.5,12,13,5,743
9.5,12,13,6,745
9.5,12,13,7,747
9.5,12,13,8,750
9.5,12,13,9,752
9.5,12,13,10,754
9.5,12,13,11,756
9.5,12,13,12,759
9.5,12,13,13,761
9.5,12,13,14,763
9.5,12,13,15,766
9.5,12,14,0,733
9.5,12,14,1,736
9.5,12,14,2,738
9.5,12,14,3,740
9.5,12,14,4,743
9.5,12,14,5,745
9.5,12,14,6,747
9.5,12,14,7,750
9.5,12,14,8,752
9.5,12,14,9,754
9.5,12,14,10,756
9.5,12,14,11,759
9.5,12,14,12,761
9.5,12,14,13,763
9.5,12,14,14,766
9.5,12,14,15,768
9.5,12,15,0,735
9.5,12,15,1,738
9.5,12,15,2,740
9.5,12,15,3,743
9.5,12,15,4,745
9.5,12,15,5,747
9.5,12,15,6,750
9.5,12,15,7,752
9.5,12,15,8,754
9.5,12,15,9,757
9.5,12,15,10,759
9.5,12,15,11,761
9.5,12,15,12,763
9.5,12,15,13,766
9.5,12,15,14,768
9.5,12,15,15,770
9.5,13,0,0,704
9.5,13,0,1,706
9.5,13,0,2,708
9.5,13,0,3,710
9.5,13,0,4,713
9.5,13,0,5,715
9.5,13,0,6,717
9.5,13,0,7,719
9.5,13,0,8,721
9.5,13,0,9,724
9.5,13,0,10,726
9.5,13,0,11,728
9.5,13,0,12,730
9.5,13,0,13,732
9.5,13,0,14,735
9.5,13,0,15,737
9.5,13,1,0,706
9.5,13,1,1,708
9.5,13,1,2,710
9.5,13,1,3,713
9.5,13,1,4,715
9.5,13,1,5,717
9.5,13,1,6,719
9.5,13,1,7,722
9.5,13,1,8,724
9.5,13,1,9,726
9.5,13,1,10,728
9.5,13,1,11,731
9.5,13,1,12,733
9.5,13,1,13,735
9.5,13,1,14,737
9.5,13,1,15,739
9.5,13,2,0,708
9.5,13,2,1,711
9.5,13,2,2,713
9.5,13,2,3,715
9.5,13,2,4,717
9.5,13,2,5,720
9.5,13,2,6,722
9.5,13,2,7,724
9.5,13,2,8,726
9.5,13,2,9,729
9.5,13,2,10,731
9.5,13,2,11,733
9.5,13,2,12,735
9.5,13,2,13,737
9.5,13,2,14,740
9.5,13,2,15,742
9.5,13,3,0,711
9.5,13,3,1,713
9.5,13,3,2,715
9.5,13,3,3,717
9.5,13,3,4,720
9.5,13,3,5,722
9.5,13,3,6,724
9.5,13,3,7,726
9.5,13,3,8,729
9.5,13,3,9,731
9.5,13,3,10,733
9.5,13,3,11,735
9.5,13,3,12,738
9.5,13,3,13,740
9.5,13,3,14,742
9.5,13,3,15,744
9.5,13,4,0,713
9.5,13,4,1,715
9.5,13,4,2,718
9.5,13,4,3,720
9.5,13,4,4,722
9.5,13,4,5,724
9.5,13,4,6,727
9.5,13,4,7,729
9.5,13,4,8,731
9.5,13,4,9,733
9.5,13,4,10,736
9.5,13,4,11,738
9.5,13,4,12,740
9.5,13,4,13,742
9.5,13,4,14,744
9.5,13,4,15,747
9.5,13,5,0,715
9.5,13,5,1,718
9.5,13,5,2,720
9.5,13,5,3,722
9.5,13,5,4,724
9.5,13,5,5,727
9.5,13,5,6,729
9.5,13,5,7,731
9.5,13,5,8,734
9.5,13,5,9,736
9.5,13,5,10,738
9.5,13,5,11,740
9.5,13,5,12,742
9.5,13,5,13,745
9.5,13,5,14,747
9.5,13,5,15,749
9.5,13,6,0,718
9.5,13,6,1,720
9.5,13,6,2,722
9.5,13,6,3,724
9.5,13,6,4,727
9.5,13,6,5,729
9.5,13,6,6,731
9.5,13,6,7,734
9.5,13,6,8,736
9.5,13,6,9,738
9.5,13,6,10,740
9.5,13,6,11,743
9.5,13,6,12,745
9.5,13,6,13,747
9.5,13,6,14,749
9.5,13,6,15,752
9.5,13,7,0,720
9.5,13,7,1,722
9.5,13,7,2,725
9.5,13,7,3,727
9.5,13,7,4,729
9.5,13,7,5,731
9.5,13,7,6,734
9.5,13,7,7,736
9.5,13,7,8,738
9.5,13,7,9,741
9.5,13,7,10,743
9.5,13,7,11,745
9.5,13,7,12,747
9.5,13,7,13,749
9.5,13,7,14,752
9.5,13,7,15,754
9.5,13,8,0,722
9.5,13,8,1,725
9.5,13,8,2,727
9.5,13,8,3,729
9.5,13,8,4,731
9.5,13,8,5,734
9.5,13,8,6,736
9.5,13,8,7,738
9.5,13,8,8,741
9.5,13,8,9,743
9.5,13,8,10,745
9.5,13,8,11,747
9.5,13,8,12,750
9.5,13,8,13,752
9.5,13,8,14,754
9.5,13,8,15,756
9.5,13,9,0,724
9.5,13,9,1,727
9.5,13,9,2,729
9.5,13,9,3,731
9.5,13,9,4,734
9.5,13,9,5,736
9.5,13,9,6,738
9.5,13,9,7,741
9.5,13,9,8,743
9.5,13,9,9,745
9.5,13,9,10,748
9.5,13,9,11,750
9.5,13,9,12,752
9.5,13,9,13,754
9.5,13,9,14,757
9.5,13,9,15,759
9.5,13,10,0,727
9.5,13,10,1,729
9.5,13,10,2,731
9.5,13,10,3,734
9.5,13,10,4,736
9.5,13,10,5,738
9.5,13,10,6,741
9.5,13,10,7,743
9.5,13,10,8,745
9.5,13,10,9,748
9.5,13,10,10,750
9.5,13,10,11,752
9.5,13,10,12,754
9.5,13,10,13,757
9.5,13,10,14,759
9.5,13,10,15,761
9.5,13,11,0,729
9.5,13,11,1,731
9.5,13,11,2,734
9.5,13,11,3,736
9.5,13,11,4,738
9.5,13,11,5,741
9.5,13,11,6,743
9.5,13,11,7,745
9.5,13,11,8,748
9.5,13,11,9,750
9.5,13,11,10,752
9.5,13,11,11,755
9.5,13,11,12,757
9.5,13,11,13,759
9.5,13,11,14,761
9.5,13,11,15,764
9.5,13,12,0,731
9.5,13,12,1,734
9.5,13,12,2,736
9.5,13,12,3,738
9.5,13,12,4,741
9.5,13,12,5,743
9.5,13,12,6,745
9.5,13,12,7,748
9.5,13,12,8,750
9.5,13,12,9,752
9.5,13,12,10,755
9.5,13,12,11,757
9.5,13,12,12,759
9.5,13,12,13,761
9.5,13,12,14,764
9.5,13,12,15,766
9.5,13,13,0,734
9.5,13,13,1,736
9.5,13,13,2,738
9.5,13,13,3,741
9.5,13,13,4,743
9.5,13,13,5,745
9.5,13,13,6,748
9.5,13,13,7,750
9.5,13,13,8,752
9.5,13,13,9,755
9.5,13,13,10,757
9.5,13,13,11,759
9.5,13,13,12,762
9.5,13,13,13,764
9.5,13,13,14,766
9.5,13,13,15,768
9.5,13,14,0,736
9.5,13,14,1,738
9.5,13,14,2,741
9.5,13,14,3,743
9.5,13,14,4,745
9.5,13,14,5,748
9.5,13,14,6,750
9.5,13,14,7,752
9.5,13,14,8,755
9.5,13,14,9,757
9.5,13,14,10,759
9.5,13,14,11,762
9.5,13,14,12,764
9.5,13,14,13,766
9.5,13,14,14,768
9.5,13,14,15,771
9.5,13,15,0,738
9.5,13,15,1,741
9.5,13,15,2,743
9.5,13,15,3,745
9.5,13,15,4,748
9.5,13,15,5,750
9.5,13,15,6,752
9.5,13,15,7,755
9.5,13,15,8,757
9.5,13,15,9,759
9.5,13,15,10,762
9.5,13,15,11,764
9.5,13,15,12,766
9.5,13,15,13,768
9.5,13,15,14,771
9.5,13,15,15,773
9.5,14,0,0,706
9.5,14,0,1,708
9.5,14,0,2,711
9.5,14,0,3,713
9.5,14,0,4,715
9.5,14,0,5,717
9.5,14,0,6,720
9.5,14,0,7,722
9.5,14,0,8,724
9.5,14,0,9,726
9.5,14,0,10,729
9.5,14,0,11,731
9.5,14,0,12,733
9.5,14,0,13,735
9.5,14,0,14,737
9.5,14,0,15,740
9.5,14,1,0,708
9.5,14,1,1,711
9.5,14,1,2,713
9.5,14,1,3,715
9.5,14,1,4,718
9.5,14,1,5,720
9.5,14,1,6,722
9.5,14,1,7,724
9.5,14,1,8,727
9.5,14,1,9,729
9.5,14,1,10,731
9.5,14,1,11,733
9.5,14,1,12,735
9.5,14,1,13,738
9.5,14,1,14,740
9.5,14,1,15,742
9.5,14,2,0,711
9.5,14,2,1,713
9.5,14,2,2,715
9.5,14,2,3,718
9.5,14,2,4,720
9.5,14,2,5,722
9.5,14,2,6,724
9.5,14,2,7,727
9.5,14,2,8,729
9.5,14,2,9,731
9.5,14,2,10,733
9.5,14,2,11,736
9.5,14,2,12,738
9.5,14,2,13,740
9.5,14,2,14,742
9.5,14,2,15,744
9.5,14,3,0,713
9.5,14,3,1,715
9.5,14,3,2,718
9.5,14,3,3,720
9.5,14,3,4,722
9.5,14,3,5,725
9.5,14,3,6,727
9.5,14,3,7,729
9.5,14,3,8,731
9.5,14,3,9,734
9.5,14,3,10,736
9.5,14,3,11,738
9.5,14,3,12,740
9.5,14,3,13,743
9.5,14,3,14,745
9.5,14,3,15,747
9.5,14,4,0,716
9.5,14,4,1,718
9.5,14,4,2,720
9.5,14,4,3,722
9.5,14,4,4,725
9.5,14,4,5,727
9.5,14,4,6,729
9.5,14,4,7,732
9.5,14,4,8,734
9.5,14,4,9,736
9.5,14,4,10,738
9.5,14,4,11,741
9.5,14,4,12,743
9.5,14,4,13,745
9.5,14,4,14,747
9.5,14,4,15,749
9.5,14,5,0,718
9.5,14,5,1,720
9.5,14,5,2,722
9.5,14,5,3,725
9.5,14,5,4,727
9.5,14,5,5,729
9.5,14,5,6,732
9.5,14,5,7,734
9.5,14,5,8,736
9.5,14,5,9,738
9.5,14,5,10,741
9.5,14,5,11,743
9.5,14,5,12,745
9.5,14,5,13,747
9.5,14,5,14,750
9.5,14,5,15,752
9.5,14,6,0,720
9.5,14,6,1,723
9.5,14,6,2,725
9.5,14,6,3,727
9.5,14,6,4,729
9.5,14,6,5,732
9.5,14,6,6,734
9.5,14,6,7,736
9.5,14,6,8,739
9.5,14,6,9,741
9.5,14,6,10,743
9.5,14,6,11,745
9.5,14,6,12,748
9.5,14,6,13,750
9.5,14,6,14,752
9.5,14,6,15,754
9.5,14,7,0,723
9.5,14,7,1,725
9.5,14,7,2,727
9.5,14,7,3,729
9.5,14,7,4,732
9.5,14,7,5,734
9.5,14,7,6,736
9.5,14,7,7,739
9.5,14,7,8,741
9.5,14,7,9,743
9.5,14,7,10,745
9.5,14,7,11,748
9.5,14,7,12,750
9.5,14,7,13,752
9.5,14,7,14,754
9.5,14,7,15,757
9.5,14,8,0,725
9.5,14,8,1,727
9.5,14,8,2,730
9.5,14,8,3,732
9.5,14,8,4,734
9.5,14,8,5,736
9.5,14,8,6,739
9.5,14,8,7,741
9.5,14,8,8,743
9.5,14,8,9,746
9.5,14,8,10,748
9.5,14,8,11,750
9.5,14,8,12,752
9.5,14,8,13,755
9.5,14,8,14,757
9.5,14,8,15,759
9.5,14,9,0,727
9.5,14,9,1,729
9.5,14,9,2,732
9.5,14,9,3,734
9.5,14,9,4,736
9.5,14,9,5,739
9.5,14,9,6,741
9.5,14,9,7,743
9.5,14,9,8,746
9.5,14,9,9,748
9.5,14,9,10,750
9.5,14,9,11,753
9.5,14,9,12,755
9.5,14,9,13,757
9.5,14,9,14,759
9.5,14,9,15,762
9.5,14,10,0,729
9.5,14,10,1,732
9.5,14,10,2,734
9.5,14,10,3,736
9.5,14,10,4,739
9.5,14,10,5,741
9.5,14,10,6,743
9.5,14,10,7,746
9.5,14,10,8,748
9.5,14,10,9,750
9.5,14,10,10,753
9.5,14,10,11,755
9.5,14,10,12,757
9.5,14,10,13,759
9.5,14,10,14,762
9.5,14,10,15,764
9.5,14,11,0,732
9.5,14,11,1,734
9.5,14,11,2,736
9.5,14,11,3,739
9.5,14,11,4,741
9.5,14,11,5,743
9.5,14,11,6,746
9.5,14,11,7,748
9.5,14,11,8,750
9.5,14,11,9,753
9.5,14,11,10,755
9.5,14,11,11,757
9.5,14,11,12,760
9.5,14,11,13,762
9.5,14,11,14,764
9.5,14,11,15,766
9.5,14,12,0,734
9.5,14,12,1,736
9.5,14,12,2,739
9.5,14,12,3,741
9.5,14,12,4,743
9.5,14,12,5,746
9.5,14,12,6,748
9.5,14,12,7,750
9.5,14,12,8,753
9.5,14,12,9,755
9.5,14,12,10,757
9.5,14,12,11,760
9.5,14,12,12,762
9.5,14,12,13,764
9.5,14,12,14,766
9.5,14,12,15,769
9.5,14,13,0,736
9.5,14,13,1,739
9.5,14,13,2,741
9.5,14,13,3,743
9.5,14,13,4,746
9.5,14,13,5,748
9.5,14,13,6,750
9.5,14,13,7,753
9.5,14,13,8,755
9.5,14,13,9,757
9.5,14,13,10,760
9.5,14,13,11,762
9.5,14,13,12,764
9.5,14,13,13,767
9.5,14,13,14,769
9.5,14,13,15,771
9.5,14,14,0,739
9.5,14,14,1,741
9.5,14,14,2,743
9.5,14,14,3,746
9.5,14,14,4,748
9.5,14,14,5,750
9.5,14,14,6,753
9.5,14,14,7,755
9.5,14,14,8,757
9.5,14,14,9,760
9.5,14,14,10,762
9.5,14,14,11,764
9.5,14,14,12,767
9.5,14,14,13,769
9.5,14,14,14,771
9.5,14,14,15,774
9.5,14,15,0,741
9.5,14,15,1,743
9.5,14,15,2,746
9.5,14,15,3,748
9.5,14,15,4,750
9.5,14,15,5,753
9.5,14,15,6,755
9.5,14,15,7,757
9.5,14,15,8,760
9.5,14,15,9,762
9.5,14,15,10,764
9.5,14,15,11,767
9.5,14,15,12,769
9.5,14,15,13,771
9.5,14,15,14,774
9.5,14,15,15,776
9.5,15,0,0,709
9.5,15,0,1,711
9.5,15,0,2,713
9.5,15,0,3,716
9.5,15,0,4,718
9.5,15,0,5,720
9.5,15,0,6,722
9.5,15,0,7,725
9.5,15,0,8,727
9.5,15,0,9,729
9.5,15,0,10,731
9.5,15,0,11,733
9.5,15,0,12,736
9.5,15,0,13,738
9.5,15,0,14,740
9.5,15,0,15,742
9.5,15,1,0,711
9.5,15,1,1,713
9.5,15,1,2,716
9.5,15,1,3,718
9.5,15,1,4,720
9.5,15,1,5,722
9.5,15,1,6,725
9.5,15,1,7,727
9.5,15,1,8,729
9.5,15,1,9,731
9.5,15,1,10,734
9.5,15,1,11,736
9.5,15,1,12,738
9.5,15,1,13,740
9.5,15,1,14,743
9.5,15,1,15,745
9.5,15,2,0,713
9.5,15,2,1,716
9.5,15,2,2,718
9.5,15,2,3,720
9.5,15,2,4,723
9.5,15,2,5,725
9.5,15,2,6,727
9.5,15,2,7,729
9.5,15,2,8,732
9.5,15,2,9,734
9.5,15,2,10,736
9.5,15,2,11,738
9.5,15,2,12,741
9.5,15,2,13,743
9.5,15,2,14,745
9.5,15,2,15,747
9.5,15,3,0,716
9.5,15,3,1,718
9.5,15,3,2,720
9.5,15,3,3,723
9.5,15,3,4,725
9.5,15,3,5,727
9.5,15,3,6,730
9.5,15,3,7,732
9.5,15,3,8,734
9.5,15,3,9,736
9.5,15,3,10,739
9.5,15,3,11,741
9.5,15,3,12,743
9.5,15,3,13,745
9.5,15,3,14,747
9.5,15,3,15,750
9.5,15,4,0,718
9.5,15,4,1,720
9.5,15,4,2,723
9.5,15,4,3,725
9.5,15,4,4,727
9.5,15,4,5,730
9.5,15,4,6,732
9.5,15,4,7,734
9.5,15,4,8,736
9.5,15,4,9,739
9.5,15,4,10,741
9.5,15,4,11,743
9.5,15,4,12,745
9.5,15,4,13,748
9.5,15,4,14,750
9.5,15,4,15,752
9.5,15,5,0,720
9.5,15,5,1,723
9.5,15,5,2,725
9.5,15,5,3,727
9.5,15,5,4,730
9.5,15,5,5,732
9.5,15,5,6,734
9.5,15,5,7,737
9.5,15,5,8,739
9.5,15,5,9,741
9.5,15,5,10,743
9.5,15,5,11,746
9.5,15,5,12,748
9.5,15,5,13,750
9.5,15,5,14,752
9.5,15,5,15,755
9.5,15,6,0,723
9.5,15,6,1,725
9.5,15,6,2,727
9.5,15,6,3,730
9.5,15,6,4,732
9.5,15,6,5,734
9.5,15,6,6,737
9.5,15,6,7,739
9.5,15,6,8,741
9.5,15,6,9,744
9.5,15,6,10,746
9.5,15,6,11,748
9.5,15,6,12,750
9.5,15,6,13,753
9.5,15,6,14,755
9.5,15,6,15,757
9.5,15,7,0,725
9.5,15,7,1,727
9.5,15,7,2,730
9.5,15,7,3,732
9.5,15,7,4,734
9.5,15,7,5,737
9.5,15,7,6,739
9.5,15,7,7,741
9.5,15,7,8,744
9.5,15,7,9,746
9.5,15,7,10,748
9.5,15,7,11,750
9.5,15,7,12,753
9.5,15,7,13,755
9.5,15,7,14,757
9.5,15,7,15,759
9.5,15,8,0,727
9.5,15,8,1,730
9.5,15,8,2,732
9.5,15,8,3,734
9.5,15,8,4,737
9.5,15,8,5,739
9.5,15,8,6,741
9.5,15,8,7,744
9.5,15,8,8,746
9.5,15,8,9,748
9.5,15,8,10,751
9.5,15,8,11,753
9.5,15,8,12,755
9.5,15,8,13,757
9.5,15,8,14,760
9.5,15,8,15,762
9.5,15,9,0,730
9.5,15,9,1,732
9.5,15,9,2,734
9.5,15,9,3,737
9.5,15,9,4,739
9.5,15,9,5,741
9.5,15,9,6,744
9.5,15,9,7,746
9.5,15,9,8,748
9.5,15,9,9,751
9.5,15,9,10,753
9.5,15,9,11,755
9.5,15,9,12,758
9.5,15,9,13,760
9.5,15,9,14,762
9.5,15,9,15,764
9.5,15,10,0,732
9.5,15,10,1,734
9.5,15,10,2,737
9.5,15,10,3,739
9.5,15,10,4,741
9.5,15,10,5,744
9.5,15,10,6,746
9.5,15,10,7,748
9.5,15,10,8,751
9.5,15,10,9,753
9.5,15,10,10,755
9.5,15,10,11,758
9.5,15,10,12,760
9.5,15,10,13,762
9.5,15,10,14,764
9.5,15,10,15,767
9.5,15,11,0,734
9.5,15,11,1,737
9.5,15,11,2,739
9.5,15,11,3,741
9.5,15,11,4,744
9.5,15,11,5,746
9.5,15,11,6,748
9.5,15,11,7,751
9.5,15,11,8,753
9.5,15,11,9,755
9.5,15,11,10,758
9.5,15,11,11,760
9.5,15,11,12,762
9.5,15,11,13,765
9.5,15,11,14,767
9.5,15,11,15,769
9.5,15,12,0,737
9.5,15,12,1,739
9.5,15,12,2,741
9.5,15,12,3,744
9.5,15,12,4,746
9.5,15,12,5,748
9.5,15,12,6,751
9.5,15,12,7,753
9.5,15,12,8,755
9.5,15,12,9,758
9.5,15,12,10,760
9.5,15,12,11,762
9.5,15,12,12,765
9.5,15,12,13,767
9.5,15,12,14,769
9.5,15,12,15,772
9.5,15,13,0,739
9.5,15,13,1,741
9.5,15,13,2,744
9.5,15,13,3,746
9.5,15,13,4,748
9.5,15,13,5,751
9.5,15,13,6,753
9.5,15,13,7,755
9.5,15,13,8,758
9.5,15,13,9,760
9.5,15,13,10,762
9.5,15,13,11,765
9.5,15,13,12,767
9.5,15,13,13,769
9.5,15,13,14,772
9.5,15,13,15,774
9.5,15,14,0,741
9.5,15,14,1,744
9.5,15,14,2,746
9.5,15,14,3,748
9.5,15,14,4,751
9.5,15,14,5,753
9.5,15,14,6,755
9.5,15,14,7,758
9.5,15,14,8,760
9.5,15,14,9,762
9.5,15,14,10,765
9.5,15,14,11,767
9.5,15,14,12,769
9.5,15,14,13,772
9.5,15,14,14,774
9.5,15,14,15,776
9.5,15,15,0,744
9.5,15,15,1,746
9.5,15,15,2,748
9.5,15,15,3,751
9.5,15,15,4,753
9.5,15,15,5,755
9.5,15,15,6,758
9.5,15,15,7,760
9.5,15,15,8,762
9.5,15,15,9,765
9.5,15,15,10,767
9.5,15,15,11,769
9.5,15,15,12,772
9.5,15,15,13,774
9.5,15,15,14,776
9.5,15,15,15,779
10.0,0,0,0,708
10.0,0,0,1,710
10.0,0,0,2,712
10.0,0,0,3,714
10.0,0,0,4,717
10.0,0,0,5,719
10.0,0,0,6,721
10.0,0,0,7,723
10.0,0,0,8,726
10.0,0,0,9,728
10.0,0,0,10,730
10.0,0,0,11,732
10.0,0,0,12,734
10.0,0,0,13,737
10.0,0,0,14,739
10.0,0,0,15,741
10.0,0,1,0,710
10.0,0,1,1,712
10.0,0,1,2,714
10.0,0,1,3,717
10.0,0,1,4,719
10.0,0,1,5,721
10.0,0,1,6,724
10.0,0,1,7,726
10.0,0,1,8,728
10.0,0,1,9,730
10.0,0,1,10,732
10.0,0,1,11,735
10.0,0,1,12,737
10.0,0,1,13,739
10.0,0,1,14,741
10.0,0,1,15,743
10.0,0,2,0,712
10.0,0,2,1,715
10.0,0,2,2,717
10.0,0,2,3,719
10.0,0,2,4,721
10.0,0,2,5,724
10.0,0,2,6,726
10.0,0,2,7,728
10.0,0,2,8,730
10.0,0,2,9,733
10.0,0,2,10,735
10.0,0,2,11,737
10.0,0,2,12,739
10.0,0,2,13,742
10.0,0,2,14,744
10.0,0,2,15,746
10.0,0,3,0,715
10.0,0,3,1,717
10.0,0,3,2,719
10.0,0,3,3,722
10.0,0,3,4,724
10.0,0,3,5,726
10.0,0,3,6,728
10.0,0,3,7,731
10.0,0,3,8,733
10.0,0,3,9,735
10.0,0,3,10,737
10.0,0,3,11,740
10.0,0,3,12,742
10.0,0,3,13,744
10.0,0,3,14,746
10.0,0,3,15,748
10.0,0,4,0,717
10.0,0,4,1,719
10.0,0,4,2,722
10.0,0,4,3,724
10.0,0,4,4,726
10.0,0,4,5,728
10.0,0,4,6,731
10.0,0,4,7,733
10.0,0,4,8,735
10.0,0,4,9,738
10.0,0,4,10,740
10.0,0,4,11,742
10.0,0,4,12,744
10.0,0,4,13,746
10.0,0,4,14,749
10.0,0,4,15,751
10.0,0,5,0,719
10.0,0,5,1,722
10.0,0,5,2,724
10.0,0,5,3,726
10.0,0,5,4,729
10.0,0,5,5,731
10.0,0,5,6,733
10.0,0,5,7,735
10.0,0,5,8,738
10.0,0,5,9,740
10.0,0,5,10,742
10.0,0,5,11,744
10.0,0,5,12,747
10.0,0,5,13,749
10.0,0,5,14,751
10.0,0,5,15,753
10.0,0,6,0,722
10.0,0,6,1,724
10.0,0,6,2,726
10.0,0,6,3,729
10.0,0,6,4,731
10.0,0,6,5,733
10.0,0,6,6,735
10.0,0,6,7,738
10.0,0,6,8,740
10.0,0,6,9,742
10.0,0,6,10,745
10.0,0,6,11,747
10.0,0,6,12,749
10.0,0,6,13,751
10.0,0,6,14,754
10.0,0,6,15,756
10.0,0,7,0,724
10.0,0,7,1,726
10.0,0,7,2,729
10.0,0,7,3,731
10.0,0,7,4,733
10.0,0,7,5,736
10.0,0,7,6,738
10.0,0,7,7,740
10.0,0,7,8,742
10.0,0,7,9,745
10.0,0,7,10,747
10.0,0,7,11,749
10.0,0,7,12,751
10.0,0,7,13,754
10.0,0,7,14,756
10.0,0,7,15,758
10.0,0,8,0,726
10.0,0,8,1,729
10.0,0,8,2,731
10.0,0,8,3,733
10.0,0,8,4,736
10.0,0,8,5,738
10.0,0,8,6,740
10.0,0,8,7,743
10.0,0,8,8,745
10.0,0,8,9,747
10.0,0,8,10,749
10.0,0,8,11,752
10.0,0,8,12,754
10.0,0,8,13,756
10.0,0,8,14,758
10.0,0,8,15,761
10.0,0,9,0,729
10.0,0,9,1,731
10.0,0,9,2,733
10.0,0,9,3,736
10.0,0,9,4,738
10.0,0,9,5,740
10.0,0,9,6,743
10.0,0,9,7,745
10.0,0,9,8,747
10.0,0,9,9,749
10.0,0,9,10,752
10.0,0,9,11,754
10.0,0,9,12,756
10.0,0,9,13,759
10.0,0,9,14,761
10.0,0,9,15,763
10.0,0,10,0,731
10.0,0,10,1,733
10.0,0,10,2,736
10.0,0,10,3,738
10.0,0,10,4,740
10.0,0,10,5,743
10.0,0,10,6,745
10.0,0,10,7,747
10.0,0,10,8,750
10.0,0,10,9,752
10.0,0,10,10,754
10.0,0,10,11,756
10.0,0,10,12,759
10.0,0,10,13,761
10.0,0,10,14,763
10.0,0,10,15,765
10.0,0,11,0,733
10.0,0,11,1,736
10.0,0,11,2,738
10.0,0,11,3,740
10.0,0,11,4,743
10.0,0,11,5,745
10.0,0,11,6,747
10.0,0,11,7,750
10.0,0,11,8,752
10.0,0,11,9,754
10.0,0,11,10,757
10.0,0,11,11,759
10.0,0,11,12,761
10.0,0,11,13,763
10.0,0,11,14,766
10.0,0,11,15,768
10.0,0,12,0,735
10.0,0,12,1,738
10.0,0,12,2,740
10.0,0,12,3,743
10.0,0,12,4,745
10.0,0,12,5,747
10.0,0,12,6,750
10.0,0,12,7,752
10.0,0,12,8,754
10.0,0,12,9,757
10.0,0,12,10,759
10.0,0,12,11,761
10.0,0,12,12,763
10.0,0,12,13,766
10.0,0,12,14,768
10.0,0,12,15,770
10.0,0,13,0,738
10.0,0,13,1,740
10.0,0,13,2,743
10.0,0,13,3,745
10.0,0,13,4,747
10.0,0,13,5,750
10.0,0,13,6,752
10.0,0,13,7,754
10.0,0,13,8,757
10.0,0,13,9,759
10.0,0,13,10,761
10.0,0,13,11,764
10.0,0,13,12,766
10.0,0,13,13,768
10.0,0,13,14,770
10.0,0,13,15,773
10.0,0,14,0,740
10.0,0,14,1,742
10.0,0,14,2,745
10.0,0,14,3,747
10.0,0,14,4,750
10.0,0,14,5,752
10.0,0,14,6,754
10.0,0,14,7,757
10.0,0,14,8,759
10.0,0,14,9,761
10.0,0,14,10,764
10.0,0,14,11,766
10.0,0,14,12,768
10.0,0,14,13,770
10.0,0,14,14,773
10.0,0,14,15,775
10.0,0,15,0,742
10.0,0,15,1,745
10.0,0,15,2,747
10.0,0,15,3,749
10.0,0,15,4,752
10.0,0,15,5,754
10.0,0,15,6,757
10.0,0,15,7,759
10.0,0,15,8,761
10.0,0,15,9,764
10.0,0,15,10,766
10.0,0,15,11,768
10.0,0,15,12,771
10.0,0,15,13,773
10.0,0,15,14,775
10.0,0,15,15,777
10.0,1,0,0,710
10.0,1,0,1,713
10.0,1,0,2,715
10.0,1,0,3,717
10.0,1,0,4,719
10.0,1,0,5,722
10.0,1,0,6,724
10.0,1,0,7,726
10.0,1,0,8,728
10.0,1,0,9,731
10.0,1,0,10,733
10.0,1,0,11,735
10.0,1,0,12,737
10.0,1,0,13,739
10.0,1,0,14,742
10.0,1,0,15,744
10.0,1,1,0,713
10.0,1,1,1,715
10.0,1,1,2,717
10.0,1,1,3,719
10.0,1,1,4,722
10.0,1,1,5,724
10.0,1,1,6,726
10.0,1,1,7,729
10.0,1,1,8,731
10.0,1,1,9,733
10.0,1,1,10,735
10.0,1,1,11,737
10.0,1,1,12,740
10.0,1,1,13,742
10.0,1,1,14,744
10.0,1,1,15,746
10.0,1,2,0,715
10.0,1,2,1,717
10.0,1,2,2,720
10.0,1,2,3,722
10.0,1,2,4,724
10.0,1,2,5,726
10.0,1,2,6,729
10.0,1,2,7,731
10.0,1,2,8,733
10.0,1,2,9,735
10.0,1,2,10,738
10.0,1,2,11,740
10.0,1,2,12,742
10.0,1,2,13,744
10.0,1,2,14,747
10.0,1,2,15,749
10.0,1,3,0,717
10.0,1,3,1,720
10.0,1,3,2,722
10.0,1,3,3,724
10.0,1,3,4,727
10.0,1,3,5,729
10.0,1,3,6,731
10.0,1,3,7,733
10.0,1,3,8,736
10.0,1,3,9,738
10.0,1,3,10,740
10.0,1,3,11,742
10.0,1,3,12,745
10.0,1,3,13,747
10.0,1,3,14,749
10.0,1,3,15,751
10.0,1,4,0,720
10.0,1,4,1,722
10.0,1,4,2,724
10.0,1,4,3,727
10.0,1,4,4,729
10.0,1,4,5,731
10.0,1,4,6,734
10.0,1,4,7,736
10.0,1,4,8,738
10.0,1,4,9,740
10.0,1,4,10,743
10.0,1,4,11,745
10.0,1,4,12,747
10.0,1,4,13,749
10.0,1,4,14,752
10.0,1,4,15,754
10.0,1,5,0,722
10.0,1,5,1,724
10.0,1,5,2,727
10.0,1,5,3,729
10.0,1,5,4,731
10.0,1,5,5,734
10.0,1,5,6,736
10.0,1,5,7,738
10.0,1,5,8,740
10.0,1,5,9,743
10.0,1,5,10,745
10.0,1,5,11,747
10.0,1,5,12,750
10.0,1,5,13,752
10.0,1,5,14,754
10.0,1,5,15,756
10.0,1,6,0,724
10.0,1,6,1,727
10.0,1,6,2,729
10.0,1,6,3,731
10.0,1,6,4,734
10.0,1,6,5,736
10.0,1,6,6,738
10.0,1,6,7,741
10.0,1,6,8,743
10.0,1,6,9,745
10.0,1,6,10,747
10.0,1,6,11,750
10.0,1,6,12,752
10.0,1,6,13,754
10.0,1,6,14,756
10.0,1,6,15,759
10.0,1,7,0,727
10.0,1,7,1,729
10.0,1,7,2,731
10.0,1,7,3,734
10.0,1,7,4,736
10.0,1,7,5,738
10.0,1,7,6,741
10.0,1,7,7,743
10.0,1,7,8,745
10.0,1,7,9,748
10.0,1,7,10,750
10.0,1,7,11,752
10.0,1,7,12,754
10.0,1,7,13,757
10.0,1,7,14,759
10.0,1,7,15,761
10.0,1,8,0,729
10.0,1,8,1,731
10.0,1,8,2,734
10.0,1,8,3,736
10.0,1,8,4,738
10.0,1,8,5,741
10.0,1,8,6,743
10.0,1,8,7,745
10.0,1,8,8,748
10.0,1,8,9,750
10.0,1,8,10,752
10.0,1,8,11,755
10.0,1,8,12,757
10.0,1,8,13,759
10.0,1,8,14,761
10.0,1,8,15,764
10.0,1,9,0,731
10.0,1,9,1,734
10.0,1,9,2,736
10.0,1,9,3,738
10.0,1,9,4,741
10.0,1,9,5,743
10.0,1,9,6,745
10.0,1,9,7,748
10.0,1,9,8,750
10.0,1,9,9,752
10.0,1,9,10,755
10.0,1,9,11,757
10.0,1,9,12,759
10.0,1,9,13,761
10.0,1,9,14,764
10.0,1,9,15,766
10.0,1,10,0,734
10.0,1,10,1,736
10.0,1,10,2,738
10.0,1,10,3,741
10.0,1,10,4,743
10.0,1,10,5,745
10.0,1,10,6,748
10.0,1,10,7,750
10.0,1,10,8,752
10.0,1,10,9,755
10.0,1,10,10,757
10.0,1,10,11,759
10.0,1,10,12,762
10.0,1,10,13,764
10.0,1,10,14,766
10.0,1,10,15,768
10.0,1,11,0,736
10.0,1,11,1,738
10.0,1,11,2,741
10.0,1,11,3,743
10.0,1,11,4,745
10.0,1,11,5,748
10.0,1,11,6,750
10.0,1,11,7,752
10.0,1,11,8,755
10.0,1,11,9,757
10.0,1,11,10,759
10.0,1,11,11,762
10.0,1,11,12,764
10.0,1,11,13,766
10.0,1,11,14,769
10.0,1,11,15,771
10.0,1,12,0,738
10.0,1,12,1,741
10.0,1,12,2,743
10.0,1,12,3,745
10.0,1,12,4,748
10.0,1,12,5,750
10.0,1,12,6,752
10.0,1,12,7,755
10.0,1,12,8,757
10.0,1,12,9,759
10.0,1,12,10,762
10.0,1,12,11,764
10.0,1,12,12,766
10.0,1,12,13,769
10.0,1,12,14,771
10.0,1,12,15,773
10.0,1,13,0,741
10.0,1,13,1,743
10.0,1,13,2,745
10.0,1,13,3,748
10.0,1,13,4,750
10.0,1,13,5,752
10.0,1,13,6,755
10.0,1,13,7,757
10.0,1,13,8,759
10.0,1,13,9,762
10.0,1,13,10,764
10.0,1,13,11,766
10.0,1,13,12,769
10.0,1,13,13,771
10.0,1,13,14,773
10.0,1,13,15,776
10.0,1,14,0,743
10.0,1,14,1,745
10.0,1,14,2,748
10.0,1,14,3,750
10.0,1,14,4,752
10.0,1,14,5,755
10.0,1,14,6,757
10.0,1,14,7,759
10.0,1,14,8,762
10.0,1,14,9,764
10.0,1,14,10,766
10.0,1,14,11,769
10.0,1,14,12,771
10.0,1,14,13,773
10.0,1,14,14,776
10.0,1,14,15,778
10.0,1,15,0,745
10.0,1,15,1,748
10.0,1,15,2,750
10.0,1,15,3,752
10.0,1,15,4,755
10.0,1,15,5,757
10.0,1,15,6,759
10.0,1,15,7,762
10.0,1,15,8,764
10.0,1,15,9,767
10.0,1,15,10,769
10.0,1,15,11,771
10.0,1,15,12,773
10.0,1,15,13,776
10.0,1,15,14,778
10.0,1,15,15,780
10.0,2,0,0,713
10.0,2,0,1,715
10.0,2,0,2,718
10.0,2,0,3,720
10.0,2,0,4,722
10.0,2,0,5,724
10.0,2,0,6,727
10.0,2,0,7,729
10.0,2,0,8,731
10.0,2,0,9,733
10.0,2,0,10,736
10.0,2,0,11,738
10.0,2,0,12,740
10.0,2,0,13,742
10.0,2,0,14,744
10.0,2,0,15,747
10.0,2,1,0,715
10.0,2,1,1,718
10.0,2,1,2,720
10.0,2,1,3,722
10.0,2,1,4,725
10.0,2,1,5,727
10.0,2,1,6,729
10.0,2,1,7,731
10.0,2,1,8,734
10.0,2,1,9,736
10.0,2,1,10,738
10.0,2,1,11,740
10.0,2,1,12,743
10.0,2,1,13,745
10.0,2,1,14,747
10.0,2,1,15,749
10.0,2,2,0,718
10.0,2,2,1,720
10.0,2,2,2,722
10.0,2,2,3,725
10.0,2,2,4,727
10.0,2,2,5,729
10.0,2,2,6,731
10.0,2,2,7,734
10.0,2,2,8,736
10.0,2,2,9,738
10.0,2,2,10,741
10.0,2,2,11,743
10.0,2,2,12,745
10.0,2,2,13,747
10.0,2,2,14,749
10.0,2,2,15,752
10.0,2,3,0,720
10.0,2,3,1,722
10.0,2,3,2,725
10.0,2,3,3,727
10.0,2,3,4,729
10.0,2,3,5,732
10.0,2,3,6,734
10.0,2,3,7,736
10.0,2,3,8,738
10.0,2,3,9,741
10.0,2,3,10,743
10.0,2,3,11,745
10.0,2,3,12,747
10.0,2,3,13,750
10.0,2,3,14,752
10.0,2,3,15,754
10.0,2,4,0,722
10.0,2,4,1,725
10.0,2,4,2,727
10.0,2,4,3,729
10.0,2,4,4,732
10.0,2,4,5,734
10.0,2,4,6,736
10.0,2,4,7,739
10.0,2,4,8,741
10.0,2,4,9,743
10.0,2,4,10,745
10.0,2,4,11,748
10.0,2,4,12,750
10.0,2,4,13,752
10.0,2,4,14,754
10.0,2,4,15,757
10.0,2,5,0,725
10.0,2,5,1,727
10.0,2,5,2,729
10.0,2,5,3,732
10.0,2,5,4,734
10.0,2,5,5,736
10.0,2,5,6,739
10.0,2,5,7,741
10.0,2,5,8,743
10.0,2,5,9,746
10.0,2,5,10,748
10.0,2,5,11,750
10.0,2,5,12,752
10.0,2,5,13,755
10.0,2,5,14,757
10.0,2,5,15,759
10.0,2,6,0,727
10.0,2,6,1,730
10.0,2,6,2,732
10.0,2,6,3,734
10.0,2,6,4,737
10.0,2,6,5,739
10.0,2,6,6,741
10.0,2,6,7,743
10.0,2,6,8,746
10.0,2,6,9,748
10.0,2,6,10,750
10.0,2,6,11,753
10.0,2,6,12,755
10.0,2,6,13,757
10.0,2,6,14,759
10.0,2,6,15,762
10.0,2,7,0,730
10.0,2,7,1,732
10.0,2,7,2,734
10.0,2,7,3,737
10.0,2,7,4,739
10.0,2,7,5,741
10.0,2,7,6,744
10.0,2,7,7,746
10.0,2,7,8,748
10.0,2,7,9,750
10.0,2,7,10,753
10.0,2,7,11,755
10.0,2,7,12,757
10.0,2,7,13,760
10.0,2,7,14,762
10.0,2,7,15,764
10.0,2,8,0,732
10.0,2,8,1,734
10.0,2,8,2,737
10.0,2,8,3,739
10.0,2,8,4,741
10.0,2,8,5,744
10.0,2,8,6,746
10.0,2,8,7,748
10.0,2,8,8,751
10.0,2,8,9,753
10.0,2,8,10,755
10.0,2,8,11,757
10.0,2,8,12,760
10.0,2,8,13,762
10.0,2,8,14,764
10.0,2,8,15,766
10.0,2,9,0,734
10.0,2,9,1,737
10.0,2,9,2,739
10.0,2,9,3,741
10.0,2,9,4,744
10.0,2,9,5,746
10.0,2,9,6,748
10.0,2,9,7,751
10.0,2,9,8,753
10.0,2,9,9,755
10.0,2,9,10,758
10.0,2,9,11,760
10.0,2,9,12,762
10.0,2,9,13,764
10.0,2,9,14,767
10.0,2,9,15,769
10.0,2,10,0,737
10.0,2,10,1,739
10.0,2,10,2,741
10.0,2,10,3,744
10.0,2,10,4,746
10.0,2,10,5,748
10.0,2,10,6,751
10.0,2,10,7,753
10.0,2,10,8,755
10.0,2,10,9,758
10.0,2,10,10,760
10.0,2,10,11,762
10.0,2,10,12,765
10.0,2,10,13,767
10.0,2,10,14,769
10.0,2,10,15,771
10.0,2,11,0,739
10.0,2,11,1,741
10.0,2,11,2,744
10.0,2,11,3,746
10.0,2,11,4,748
10.0,2,11,5,751
10.0,2,11,6,753
10.0,2,11,7,755
10.0,2,11,8,758
10.0,2,11,9,760
10.0,2,11,10,762
10.0,2,11,11,765
10.0,2,11,12,767
10.0,2,11,13,769
10.0,2,11,14,771
10.0,2,11,15,774
10.0,2,12,0,741
10.0,2,12,1,744
10.0,2,12,2,746
10.0,2,12,3,748
10.0,2,12,4,751
10.0,2,12,5,753
10.0,2,12,6,755
10.0,2,12,7,758
10.0,2,12,8,760
10.0,2,12,9,762
10.0,2,12,10,765
10.0,2,12,11,767
10.0,2,12,12,769
10.0,2,12,13,772
10.0,2,12,14,774
10.0,2,12,15,776
10.0,2,13,0,743
10.0,2,13,1,746
10.0,2,13,2,748
10.0,2,13,3,751
10.0,2,13,4,753
10.0,2,13,5,755
10.0,2,13,6,758
10.0,2,13,7,760
10.0,2,13,8,762
10.0,2,13,9,765
10.0,2,13,10,767
10.0,2,13,11,769
10.0,2,13,12,772
10.0,2,13,13,774
10.0,2,13,14,776
10.0,2,13,15,779
10.0,2,14,0,746
10.0,2,14,1,748
10.0,2,14,2,751
10.0,2,14,3,753
10.0,2,14,4,755
10.0,2,14,5,758
10.0,2,14,6,760
10.0,2,14,7,762
10.0,2,14,8,765
10.0,2,14,9,767
10.0,2,14,10,769
10.0,2,14,11,772
10.0,2,14,12,774
10.0,2,14,13,776
10.0,2,14,14,779
10.0,2,14,15,781
10.0,2,15,0,748
10.0,2,15,1,750
10.0,2,15,2,753
10.0,2,15,3,755
10.0,2,15,4,758
10.0,2,15,5,760
10.0,2,15,6,762
10.0,2,15,7,765
10.0,2,15,8,767
10.0,2,15,9,769
10.0,2,15,10,772
10.0,2,15,11,774
10.0,2,15,12,776
10.0,2,15,13,779
10.0,2,15,14,781
10.0,2,15,15,783
10.0,3,0,0,716
10.0,3,0,1,718
10.0,3,0,2,720
10.0,3,0,3,723
10.0,3,0,4,725
10.0,3,0,5,727
10.0,3,0,6,729
10.0,3,0,7,732
10.0,3,0,8,734
10.0,3,0,9,736
10.0,3,0,10,738
10.0,3,0,11,741
10.0,3,0,12,743
10.0,3,0,13,745
10.0,3,0,14,747
10.0,3,0,15,750
10.0,3,1,0,718
10.0,3,1,1,720
10.0,3,1,2,723
10.0,3,1,3,725
10.0,3,1,4,727
10.0,3,1,5,730
10.0,3,1,6,732
10.0,3,1,7,734
10.0,3,1,8,736
10.0,3,1,9,739
10.0,3,1,10,741
10.0,3,1,11,743
10.0,3,1,12,745
10.0,3,1,13,748
10.0,3,1,14,750
10.0,3,1,15,752
10.0,3,2,0,720
10.0,3,2,1,723
10.0,3,2,2,725
10.0,3,2,3,727
10.0,3,2,4,730
10.0,3,2,5,732
10.0,3,2,6,734
10.0,3,2,7,737
10.0,3,2,8,739
10.0,3,2,9,741
10.0,3,2,10,743
10.0,3,2,11,746
10.0,3,2,12,748
10.0,3,2,13,750
10.0,3,2,14,752
10.0,3,2,15,755
10.0,3,3,0,723
10.0,3,3,1,725
10.0,3,3,2,727
10.0,3,3,3,730
10.0,3,3,4,732
10.0,3,3,5,734
10.0,3,3,6,737
10.0,3,3,7,739
10.0,3,3,8,741
10.0,3,3,9,744
10.0,3,3,10,746
10.0,3,3,11,748
10.0,3,3,12,750
10.0,3,3,13,753
10.0,3,3,14,755
10.0,3,3,15,757
10.0,3,4,0,725
10.0,3,4,1,728
10.0,3,4,2,730
10.0,3,4,3,732
10.0,3,4,4,735
10.0,3,4,5,737
10.0,3,4,6,739
10.0,3,4,7,741
10.0,3,4,8,744
10.0,3,4,9,746
10.0,3,4,10,748
10.0,3,4,11,751
10.0,3,4,12,753
10.0,3,4,13,755
10.0,3,4,14,757
10.0,3,4,15,760
10.0,3,5,0,728
10.0,3,5,1,730
10.0,3,5,2,732
10.0,3,5,3,735
10.0,3,5,4,737
10.0,3,5,5,739
10.0,3,5,6,742
10.0,3,5,7,744
10.0,3,5,8,746
10.0,3,5,9,748
10.0,3,5,10,751
10.0,3,5,11,753
10.0,3,5,12,755
10.0,3,5,13,758
10.0,3,5,14,760
10.0,3,5,15,762
10.0,3,6,0,730
10.0,3,6,1,732
10.0,3,6,2,735
10.0,3,6,3,737
10.0,3,6,4,739
10.0,3,6,5,742
10.0,3,6,6,744
10.0,3,6,7,746
10.0,3,6,8,749
10.0,3,6,9,751
10.0,3,6,10,753
10.0,3,6,11,755
10.0,3,6,12,758
10.0,3,6,13,760
10.0,3,6,14,762
10.0,3,6,15,764
10.0,3,7,0,732
10.0,3,7,1,735
10.0,3,7,2,737
10.0,3,7,3,739
10.0,3,7,4,742
10.0,3,7,5,744
10.0,3,7,6,746
10.0,3,7,7,749
10.0,3,7,8,751
10.0,3,7,9,753
10.0,3,7,10,756
10.0,3,7,11,758
10.0,3,7,12,760
10.0,3,7,13,762
10.0,3,7,14,765
10.0,3,7,15,767
10.0,3,8,0,735
10.0,3,8,1,737
10.0,3,8,2,739
10.0,3,8,3,742
10.0,3,8,4,744
10.0,3,8,5,746
10.0,3,8,6,749
10.0,3,8,7,751
10.0,3,8,8,753
10.0,3,8,9,756
10.0,3,8,10,758
10.0,3,8,11,760
10.0,3,8,12,763
10.0,3,8,13,765
10.0,3,8,14,767
10.0,3,8,15,769
10.0,3,9,0,737
10.0,3,9,1,739
10.0,3,9,2,742
10.0,3,9,3,744
10.0,3,9,4,746
10.0,3,9,5,749
10.0,3,9,6,751
10.0,3,9,7,753
10.0,3,9,8,756
10.0,3,9,9,758
10.0,3,9,10,760
10.0,3,9,11,763
10.0,3,9,12,765
10.0,3,9,13,767
10.0,3,9,14,770
10.0,3,9,15,772
10.0,3,10,0,739
10.0,3,10,1,742
10.0,3,10,2,744
10.0,3,10,3,746
10.0,3,10,4,749
10.0,3,10,5,751
10.0,3,10,6,753
10.0,3,10,7,756
10.0,3,10,8,758
10.0,3,10,9,760
10.0,3,10,10,763
10.0,3,10,11,765
10.0,3,10,12,767
10.0,3,10,13,770
10.0,3,10,14,772
10.0,3,10,15,774
10.0,3,11,0,742
10.0,3,11,1,744
10.0,3,11,2,746
10.0,3,11,3,749
10.0,3,11,4,751
10.0,3,11,5,754
10.0,3,11,6,756
10.0,3,11,7,758
10.0,3,11,8,761
10.0,3,11,9,763
10.0,3,11,10,765
10.0,3,11,11,768
10.0,3,11,12,770
10.0,3,11,13,772
10.0,3,11,14,774
10.0,3,11,15,777
10.0,3,12,0,744
10.0,3,12,1,746
10.0,3,12,2,749
10.0,3,12,3,751
10.0,3,12,4,753
10.0,3,12,5,756
10.0,3,12,6,758
10.0,3,12,7,761
10.0,3,12,8,763
10.0,3,12,9,765
10.0,3,12,10,768
10.0,3,12,11,770
10.0,3,12,12,772
10.0,3,12,13,775
10.0,3,12,14,777
10.0,3,12,15,779
10.0,3,13,0,746
10.0,3,13,1,749
10.0,3,13,2,751
10.0,3,13,3,753
10.0,3,13,4,756
10.0,3,13,5,758
10.0,3,13,6,761
10.0,3,13,7,763
10.0,3,13,8,765
10.0,3,13,9,768
10.0,3,13,10,770
10.0,3,13,11,772
10.0,3,13,12,775
10.0,3,13,13,777
10.0,3,13,14,779
10.0,3,13,15,782
10.0,3,14,0,749
10.0,3,14,1,751
10.0,3,14,2,753
10.0,3,14,3,756
10.0,3,14,4,758
10.0,3,14,5,761
10.0,3,14,6,763
10.0,3,14,7,765
10.0,3,14,8,768
10.0,3,14,9,770
10.0,3,14,10,772
10.0,3,14,11,775
10.0,3,14,12,777
10.0,3,14,13,779
10.0,3,14,14,782
10.0,3,14,15,784
10.0,3,15,0,751
10.0,3,15,1,753
10.0,3,15,2,756
10.0,3,15,3,758
10.0,3,15,4,760
10.0,3,15,5,763
10.0,3,15,6,765
10.0,3,15,7,768
10.0,3,15,8,770
10.0,3,15,9,772
10.0,3,15,10,775
10.0,3,15,11,777
10.0,3,15,12,779
10.0,3,15,13,782
10.0,3,15,14,784
10.0,3,15,15,786
10.0,4,0,0,718
10.0,4,0,1,721
10.0,4,0,2,723
10.0,4,0,3,725
10.0,4,0,4,728
10.0,4,0,5,730
10.0,4,0,6,732
10.0,4,0,7,734
10.0,4,0,8,737
10.0,4,0,9,739
10.0,4,0,10,741
10.0,4,0,11,743
10.0,4,0,12,746
10.0,4,0,13,748
10.0,4,0,14,750
10.0,4,0,15,752
10.0,4,1,0,721
10.0,4,1,1,723
10.0,4,1,2,725
10.0,4,1,3,728
10.0,4,1,4,730
10.0,4,1,5,732
10.0,4,1,6,735
10.0,4,1,7,737
10.0,4,1,8,739
10.0,4,1,9,741
10.0,4,1,10,744
10.0,4,1,11,746
10.0,4,1,12,748
10.0,4,1,13,750
10.0,4,1,14,753
10.0,4,1,15,755
10.0,4,2,0,723
10.0,4,2,1,726
10.0,4,2,2,728
10.0,4,2,3,730
10.0,4,2,4,732
10.0,4,2,5,735
10.0,4,2,6,737
10.0,4,2,7,739
10.0,4,2,8,742
10.0,4,2,9,744
10.0,4,2,10,746
10.0,4,2,11,748
10.0,4,2,12,751
10.0,4,2,13,753
10.0,4,2,14,755
10.0,4,2,15,757
10.0,4,3,0,726
10.0,4,3,1,728
10.0,4,3,2,730
10.0,4,3,3,733
10.0,4,3,4,735
10.0,4,3,5,737
10.0,4,3,6,740
10.0,4,3,7,742
10.0,4,3,8,744
10.0,4,3,9,746
10.0,4,3,10,749
10.0,4,3,11,751
10.0,4,3,12,753
10.0,4,3,13,755
10.0,4,3,14,758
10.0,4,3,15,760
10.0,4,4,0,728
10.0,4,4,1,730
10.0,4,4,2,733
10.0,4,4,3,735
10.0,4,4,4,737
10.0,4,4,5,740
10.0,4,4,6,742
10.0,4,4,7,744
10.0,4,4,8,747
10.0,4,4,9,749
10.0,4,4,10,751
10.0,4,4,11,753
10.0,4,4,12,756
10.0,4,4,13,758
10.0,4,4,14,760
10.0,4,4,15,762
10.0,4,5,0,730
10.0,4,5,1,733
10.0,4,5,2,735
10.0,4,5,3,737
10.0,4,5,4,740
10.0,4,5,5,742
10.0,4,5,6,744
10.0,4,5,7,747
10.0,4,5,8,749
10.0,4,5,9,751
10.0,4,5,10,754
10.0,4,5,11,756
10.0,4,5,12,758
10.0,4,5,13,760
10.0,4,5,14,763
10.0,4,5,15,765
10.0,4,6,0,733
10.0,4,6,1,735
10.0,4,6,2,737
10.0,4,6,3,740
10.0,4,6,4,742
10.0,4,6,5,744
10.0,4,6,6,747
10.0,4,6,7,749
10.0,4,6,8,751
10.0,4,6,9,754
10.0,4,6,10,756
10.0,4,6,11,758
10.0,4,6,12,761
10.0,4,6,13,763
10.0,4,6,14,765
10.0,4,6,15,767
10.0,4,7,0,735
10.0,4,7,1,737
10.0,4,7,2,740
10.0,4,7,3,742
10.0,4,7,4,745
10.0,4,7,5,747
10.0,4,7,6,749
10.0,4,7,7,752
10.0,4,7,8,754
10.0,4,7,9,756
10.0,4,7,10,758
10.0,4,7,11,761
10.0,4,7,12,763
10.0,4,7,13,765
10.0,4,7,14,768
10.0,4,7,15,770
10.0,4,8,0,737
10.0,4,8,1,740
10.0,4,8,2,742
10.0,4,8,3,745
10.0,4,8,4,747
10.0,4,8,5,749
10.0,4,8,6,752
10.0,4,8,7,754
10.0,4,8,8,756
10.0,4,8,9,759
10.0,4,8,10,761
10.0,4,8,11,763
10.0,4,8,12,765
10.0,4,8,13,768
10.0,4,8,14,770
10.0,4,8,15,772
10.0,4,9,0,740
10.0,4,9,1,742
10.0,4,9,2,745
10.0,4,9,3,747
10.0,4,9,4,749
10.0,4,9,5,752
10.0,4,9,6,754
10.0,4,9,7,756
10.0,4,9,8,759
10.0,4,9,9,761
10.0,4,9,10,763
10.0,4,9,11,766
10.0,4,9,12,768
10.0,4,9,13,770
10.0,4,9,14,772
10.0,4,9,15,775
10.0,4,10,0,742
10.0,4,10,1,745
10.0,4,10,2,747
10.0,4,10,3,749
10.0,4,10,4,752
10.0,4,10,5,754
10.0,4,10,6,756
10.0,4,10,7,759
10.0,4,10,8,761
10.0,4,10,9,763
10.0,4,10,10,766
10.0,4,10,11,768
10.0,4,10,12,770
10.0,4,10,13,773
10.0,4,10,14,775
10.0,4,10,15,777
10.0,4,11,0,744
10.0,4,11,1,747
10.0,4,11,2,749
10.0,4,11,3,752
10.0,4,11,4,754
10.0,4,11,5,756
10.0,4,11,6,759
10.0,4,11,7,761
10.0,4,11,8,763
10.0,4,11,9,766
10.0,4,11,10,768
10.0,4,11,11,770
10.0,4,11,12,773
10.0,4,11,13,775
10.0,4,11,14,777
10.0,4,11,15,780
10.0,4,12,0,747
10.0,4,12,1,749
10.0,4,12,2,752
10.0,4,12,3,754
10.0,4,12,4,756
10.0,4,12,5,759
10.0,4,12,6,761
10.0,4,12,7,763
10.0,4,12,8,766
10.0,4,12,9,768
10.0,4,12,10,770
10.0,4,12,11,773
10.0,4,12,12,775
10.0,4,12,13,777
10.0,4,12,14,780
10.0,4,12,15,782
10.0,4,13,0,749
10.0,4,13,1,752
10.0,4,13,2,754
10.0,4,13,3,756
10.0,4,13,4,759
10.0,4,13,5,761
10.0,4,13,6,763
10.0,4,13,7,766
10.0,4,13,8,768
10.0,4,13,9,771
10.0,4,13,10,773
10.0,4,13,11,775
10.0,4,13,12,778
10.0,4,13,13,780
10.0,4,13,14,782
10.0,4,13,15,785
10.0,4,14,0,751
10.0,4,14,1,754
10.0,4,14,2,756
10.0,4,14,3,759
10.0,4,14,4,761
10.0,4,14,5,763
10.0,4,14,6,766
10.0,4,14,7,768
10.0,4,14,8,771
10.0,4,14,9,773
10.0,4,14,10,775
10.0,4,14,11,778
10.0,4,14,12,780
10.0,4,14,13,782
10.0,4,14,14,785
10.0,4,14,15,787
10.0,4,15,0,754
10.0,4,15,1,756
10.0,4,15,2,759
10.0,4,15,3,761
10.0,4,15,4,763
10.0,4,15,5,766
10.0,4,15,6,768
10.0,4,15,7,771
10.0,4,15,8,773
10.0,4,15,9,775
10.0,4,15,10,778
10.0,4,15,11,780
10.0,4,15,12,782
10.0,4,15,13,785
10.0,4,15,14,787
10.0,4,15,15,789
10.0,5,0,0,721
10.0,5,0,1,723
10.0,5,0,2,726
10.0,5,0,3,728
10.0,5,0,4,730
10.0,5,0,5,733
10.0,5,0,6,735
10.0,5,0,7,737
10.0,5,0,8,739
10.0,5,0,9,742
10.0,5,0,10,744
10.0,5,0,11,746
10.0,5,0,12,749
10.0,5,0,13,751
10.0,5,0,14,753
10.0,5,0,15,755
10.0,5,1,0,724
10.0,5,1,1,726
10.0,5,1,2,728
10.0,5,1,3,730
10.0,5,1,4,733
10.0,5,1,5,735
10.0,5,1,6,737
10.0,5,1,7,740
10.0,5,1,8,742
10.0,5,1,9,744
10.0,5,1,10,747
10.0,5,1,11,749
10.0,5,1,12,751
10.0,5,1,13,753
10.0,5,1,14,756
10.0,5,1,15,758
10.0,5,2,0,726
10.0,5,2,1,728
10.0,5,2,2,731
10.0,5,2,3,733
10.0,5,2,4,735
10.0,5,2,5,738
10.0,5,2,6,740
10.0,5,2,7,742
10.0,5,2,8,744
10.0,5,2,9,747
10.0,5,2,10,749
10.0,5,2,11,751
10.0,5,2,12,754
10.0,5,2,13,756
10.0,5,2,14,758
10.0,5,2,15,760
10.0,5,3,0,728
10.0,5,3,1,731
10.0,5,3,2,733
10.0,5,3,3,735
10.0,5,3,4,738
10.0,5,3,5,740
10.0,5,3,6,742
10.0,5,3,7,745
10.0,5,3,8,747
10.0,5,3,9,749
10.0,5,3,10,751
10.0,5,3,11,754
10.0,5,3,12,756
10.0,5,3,13,758
10.0,5,3,14,761
10.0,5,3,15,763
10.0,5,4,0,731
10.0,5,4,1,733
10.0,5,4,2,735
10.0,5,4,3,738
10.0,5,4,4,740
10.0,5,4,5,742
10.0,5,4,6,745
10.0,5,4,7,747
10.0,5,4,8,749
10.0,5,4,9,752
10.0,5,4,10,754
10.0,5,4,11,756
10.0,5,4,12,758
10.0,5,4,13,761
10.0,5,4,14,763
10.0,5,4,15,765
10.0,5,5,0,733
10.0,5,5,1,735
10.0,5,5,2,738
10.0,5,5,3,740
10.0,5,5,4,743
10.0,5,5,5,745
10.0,5,5,6,747
10.0,5,5,7,749
10.0,5,5,8,752
10.0,5,5,9,754
10.0,5,5,10,756
10.0,5,5,11,759
10.0,5,5,12,761
10.0,5,5,13,763
10.0,5,5,14,766
10.0,5,5,15,768
10.0,5,6,0,735
10.0,5,6,1,738
10.0,5,6,2,740
10.0,5,6,3,743
10.0,5,6,4,745
10.0,5,6,5,747
10.0,5,6,6,750
10.0,5,6,7,752
10.0,5,6,8,754
10.0,5,6,9,757
10.0,5,6,10,759
10.0,5,6,11,761
10.0,5,6,12,763
10.0,5,6,13,766
10.0,5,6,14,768
10.0,5,6,15,770
10.0,5,7,0,738
10.0,5,7,1,740
10.0,5,7,2,743
10.0,5,7,3,745
10.0,5,7,4,747
10.0,5,7,5,750
10.0,5,7,6,752
10.0,5,7,7,754
10.0,5,7,8,757
10.0,5,7,9,759
10.0,5,7,10,761
10.0,5,7,11,764
10.0,5,7,12,766
10.0,5,7,13,768
10.0,5,7,14,770
10.0,5,7,15,773
10.0,5,8,0,740
10.0,5,8,1,743
10.0,5,8,2,745
10.0,5,8,3,747
10.0,5,8,4,750
10.0,5,8,5,752
10.0,5,8,6,754
10.0,5,8,7,757
10.0,5,8,8,759
10.0,5,8,9,761
10.0,5,8,10,764
10.0,5,8,11,766
10.0,5,8,12,768
10.0,5,8,13,771
10.0,5,8,14,773
10.0,5,8,15,775
10.0,5,9,0,743
10.0,5,9,1,745
10.0,5,9,2,747
10.0,5,9,3,750
10.0,5,9,4,752
10.0,5,9,5,754
10.0,5,9,6,757
10.0,5,9,7,759
10.0,5,9,8,762
10.0,5,9,9,764
10.0,5,9,10,766
10.0,5,9,11,768
10.0,5,9,12,771
10.0,5,9,13,773
10.0,5,9,14,775
10.0,5,9,15,778
10.0,5,10,0,745
10.0,5,10,1,747
10.0,5,10,2,750
10.0,5,10,3,752
10.0,5,10,4,754
10.0,5,10,5,757
10.0,5,10,6,759
10.0,5,10,7,762
10.0,5,10,8,764
10.0,5,10,9,766
10.0,5,10,10,769
10.0,5,10,11,771
10.0,5,10,12,773
10.0,5,10,13,776
10.0,5,10,14,778
10.0,5,10,15,780
10.0,5,11,0,747
10.0,5,11,1,750
10.0,5,11,2,752
10.0,5,11,3,754
10.0,5,11,4,757
10.0,5,11,5,759
10.0,5,11,6,762
10.0,5,11,7,764
10.0,5,11,8,766
10.0,5,11,9,769
10.0,5,11,10,771
10.0,5,11,11,773
10.0,5,11,12,776
10.0,5,11,13,778
10.0,5,11,14,780
10.0,5,11,15,783
10.0,5,12,0,750
10.0,5,12,1,752
10.0,5,12,2,754
10.0,5,12,3,757
10.0,5,12,4,759
10.0,5,12,5,762
10.0,5,12,6,764
10.0,5,12,7,766
10.0,5,12,8,769
10.0,5,12,9,771
10.0,5,12,10,773
10.0,5,12,11,776
10.0,5,12,12,778
10.0,5,12,13,780
10.0,5,12,14,783
10.0,5,12,15,785
10.0,5,13,0,752
10.0,5,13,1,754
10.0,5,13,2,757
10.0,5,13,3,759
10.0,5,13,4,762
10.0,5,13,5,764
10.0,5,13,6,766
10.0,5,13,7,769
10.0,5,13,8,771
10.0,5,13,9,773
10.0,5,13,10,776
10.0,5,13,11,778
10.0,5,13,12,780
10.0,5,13,13,783
10.0,5,13,14,785
10.0,5,13,15,787
10.0,5,14,0,754
10.0,5,14,1,757
10.0,5,14,2,759
10.0,5,14,3,762
10.0,5,14,4,764
10.0,5,14,5,766
10.0,5,14,6,769
10.0,5,14,7,771
10.0,5,14,8,773
10.0,5,14,9,776
10.0,5,14,10,778
10.0,5,14,11,781
10.0,5,14,12,783
10.0,5,14,13,785
10.0,5,14,14,788
10.0,5,14,15,790
10.0,5,15,0,757
10.0,5,15,1,759
10.0,5,15,2,761
10.0,5,15,3,764
10.0,5,15,4,766
10.0,5,15,5,769
10.0,5,15,6,771
10.0,5,15,7,773
10.0,5,15,8,776
10.0,5,15,9,778
10.0,5,15,10,781
10.0,5,15,11,783
10.0,5,15,12,785
10.0,5,15,13,788
10.0,5,15,14,790
10.0,5,15,15,792
10.0,6,0,0,724
10.0,6,0,1,726
10.0,6,0,2,728
10.0,6,0,3,731
10.0,6,0,4,733
10.0,6,0,5,735
10.0,6,0,6,738
10.0,6,0,7,740
10.0,6,0,8,742
10.0,6,0,9,745
10.0,6,0,10,747
10.0,6,0,11,749
10.0,6,0,12,751
10.0,6,0,13,754
10.0,6,0,14,756
10.0,6,0,15,758
10.0,6,1,0,726
10.0,6,1,1,729
10.0,6,1,2,731
10.0,6,1,3,733
10.0,6,1,4,736
10.0,6,1,5,738
10.0,6,1,6,740
10.0,6,1,7,742
10.0,6,1,8,745
10.0,6,1,9,747
10.0,6,1,10,749
10.0,6,1,11,752
10.0,6,1,12,754
10.0,6,1,13,756
10.0,6,1,14,758
10.0,6,1,15,761
10.0,6,2,0,729
10.0,6,2,1,731
10.0,6,2,2,733
10.0,6,2,3,736
10.0,6,2,4,738
10.0,6,2,5,740
10.0,6,2,6,743
10.0,6,2,7,745
10.0,6,2,8,747
10.0,6,2,9,750
10.0,6,2,10,752
10.0,6,2,11,754
10.0,6,2,12,756
10.0,6,2,13,759
10.0,6,2,14,761
10.0,6,2,15,763
10.0,6,3,0,731
10.0,6,3,1,733
10.0,6,3,2,736
10.0,6,3,3,738
10.0,6,3,4,740
10.0,6,3,5,743
10.0,6,3,6,745
10.0,6,3,7,747
10.0,6,3,8,750
10.0,6,3,9,752
10.0,6,3,10,754
10.0,6,3,11,757
10.0,6,3,12,759
10.0,6,3,13,761
10.0,6,3,14,763
10.0,6,3,15,766
10.0,6,4,0,733
10.0,6,4,1,736
10.0,6,4,2,738
10.0,6,4,3,741
10.0,6,4,4,743
10.0,6,4,5,745
10.0,6,4,6,748
10.0,6,4,7,750
10.0,6,4,8,752
10.0,6,4,9,754
10.0,6,4,10,757
10.0,6,4,11,759
10.0,6,4,12,761
10.0,6,4,13,764
10.0,6,4,14,766
10.0,6,4,15,768
10.0,6,5,0,736
10.0,6,5,1,738
10.0,6,5,2,741
10.0,6,5,3,743
10.0,6,5,4,745
10.0,6,5,5,748
10.0,6,5,6,750
10.0,6,5,7,752
10.0,6,5,8,755
10.0,6,5,9,757
10.0,6,5,10,759
10.0,6,5,11,762
10.0,6,5,12,764
10.0,6,5,13,766
10.0,6,5,14,768
10.0,6,5,15,771
10.0,6,6,0,738
10.0,6,6,1,741
10.0,6,6,2,743
10.0,6,6,3,745
10.0,6,6,4,748
10.0,6,6,5,750
10.0,6,6,6,752
10.0,6,6,7,755
10.0,6,6,8,757
10.0,6,6,9,759
10.0,6,6,10,762
10.0,6,6,11,764
10.0,6,6,12,766
10.0,6,6,13,769
10.0,6,6,14,771
10.0,6,6,15,773
10.0,6,7,0,741
10.0,6,7,1,743
10.0,6,7,2,745
10.0,6,7,3,748
10.0,6,7,4,750
10.0,6,7,5,752
10.0,6,7,6,755
10.0,6,7,7,757
10.0,6,7,8,760
10.0,6,7,9,762
10.0,6,7,10,764
10.0,6,7,11,766
10.0,6,7,12,769
10.0,6,7,13,771
10.0,6,7,14,773
10.0,6,7,15,776
10.0,6,8,0,743
10.0,6,8,1,745
10.0,6,8,2,748
10.0,6,8,3,750
10.0,6,8,4,753
10.0,6,8,5,755
10.0,6,8,6,757
10.0,6,8,7,760
10.0,6,8,8,762
10.0,6,8,9,764
10.0,6,8,10,767
10.0,6,8,11,769
10.0,6,8,12,771
10.0,6,8,13,774
10.0,6,8,14,776
10.0,6,8,15,778
10.0,6,9,0,745
10.0,6,9,1,748
10.0,6,9,2,750
10.0,6,9,3,753
10.0,6,9,4,755
10.0,6,9,5,757
10.0,6,9,6,760
10.0,6,9,7,762
10.0,6,9,8,764
10.0,6,9,9,767
10.0,6,9,10,769
10.0,6,9,11,771
10.0,6,9,12,774
10.0,6,9,13,776
10.0,6,9,14,778
10.0,6,9,15,781
10.0,6,10,0,748
10.0,6,10,1,750
10.0,6,10,2,753
10.0,6,10,3,755
10.0,6,10,4,757
10.0,6,10,5,760
10.0,6,10,6,762
10.0,6,10,7,764
10.0,6,10,8,767
10.0,6,10,9,769
10.0,6,10,10,771
10.0,6,10,11,774
10.0,6,10,12,776
10.0,6,10,13,778
10.0,6,10,14,781
10.0,6,10,15,783
10.0,6,11,0,750
10.0,6,11,1,752
10.0,6,11,2,755
10.0,6,11,3,757
10.0,6,11,4,760
10.0,6,11,5,762
10.0,6,11,6,764
10.0,6,11,7,767
10.0,6,11,8,769
10.0,6,11,9,772
10.0,6,11,10,774
10.0,6,11,11,776
10.0,6,11,12,779
10.0,6,11,13,781
10.0,6,11,14,783
10.0,6,11,15,786
10.0,6,12,0,752
10.0,6,12,1,755
10.0,6,12,2,757
10.0,6,12,3,760
10.0,6,12,4,762
10.0,6,12,5,764
10.0,6,12,6,767
10.0,6,12,7,769
10.0,6,12,8,772
10.0,6,12,9,774
10.0,6,12,10,776
10.0,6,12,11,779
10.0,6,12,12,781
10.0,6,12,13,783
10.0,6,12,14,786
10.0,6,12,15,788
10.0,6,13,0,755
10.0,6,13,1,757
10.0,6,13,2,760
10.0,6,13,3,762
10.0,6,13,4,764
10.0,6,13,5,767
10.0,6,13,6,769
10.0,6,13,7,772
10.0,6,13,8,774
10.0,6,13,9,776
10.0,6,13,10,779
10.0,6,13,11,781
10.0,6,13,12,783
10.0,6,13,13,786
10.0,6,13,14,788
10.0,6,13,15,790
10.0,6,14,0,757
10.0,6,14,1,760
10.0,6,14,2,762
10.0,6,14,3,764
10.0,6,14,4,767
10.0,6,14,5,769
10.0,6,14,6,772
10.0,6,14,7,774
10.0,6,14,8,776
10.0,6,14,9,779
10.0,6,14,10,781
10.0,6,14,11,783
10.0,6,14,12,786
10.0,6,14,13,788
10.0,6,14,14,791
10.0,6,14,15,793
10.0,6,15,0,759
10.0,6,15,1,762
10.0,6,15,2,764
10.0,6,15,3,767
10.0,6,15,4,769
10.0,6,15,5,772
10.0,6,15,6,774
10.0,6,15,7,776
10.0,6,15,8,779
10.0,6,15,9,781
10.0,6,15,10,784
10.0,6,15,11,786
10.0,6,15,12,788
10.0,6,15,13,791
10.0,6,15,14,793
10.0,6,15,15,795
10.0,7,0,0,727
10.0,7,0,1,729
10.0,7,0,2,731
10.0,7,0,3,734
10.0,7,0,4,736
10.0,7,0,5,738
10.0,7,0,6,740
10.0,7,0,7,743
10.0,7,0,8,745
10.0,7,0,9,747
10.0,7,0,10,750
10.0,7,0,11,752
10.0,7,0,12,754
10.0,7,0,13,756
10.0,7,0,14,759
10.0,7,0,15,761
10.0,7,1,0,729
10.0,7,1,1,731
10.0,7,1,2,734
10.0,7,1,3,736
10.0,7,1,4,738
10.0,7,1,5,741
10.0,7,1,6,743
10.0,7,1,7,745
10.0,7,1,8,748
10.0,7,1,9,750
10.0,7,1,10,752
10.0,7,1,11,754
10.0,7,1,12,757
10.0,7,1,13,759
10.0,7,1,14,761
10.0,7,1,15,763
10.0,7,2,0,731
10.0,7,2,1,734
10.0,7,2,2,736
10.0,7,2,3,738
10.0,7,2,4,741
10.0,7,2,5,743
10.0,7,2,6,745
10.0,7,2,7,748
10.0,7,2,8,750
10.0,7,2,9,752
10.0,7,2,10,755
10.0,7,2,11,757
10.0,7,2,12,759
10.0,7,2,13,761
10.0,7,2,14,764
10.0,7,2,15,766
10.0,7,3,0,734
10.0,7,3,1,736
10.0,7,3,2,739
10.0,7,3,3,741
10.0,7,3,4,743
10.0,7,3,5,746
10.0,7,3,6,748
10.0,7,3,7,750
10.0,7,3,8,753
10.0,7,3,9,755
10.0,7,3,10,757
10.0,7,3,11,759
10.0,7,3,12,762
10.0,7,3,13,764
10.0,7,3,14,766
10.0,7,3,15,769
10.0,7,4,0,736
10.0,7,4,1,739
10.0,7,4,2,741
10.0,7,4,3,743
10.0,7,4,4,746
10.0,7,4,5,748
10.0,7,4,6,750
10.0,7,4,7,753
10.0,7,4,8,755
10.0,7,4,9,757
10.0,7,4,10,760
10.0,7,4,11,762
10.0,7,4,12,764
10.0,7,4,13,766
10.0,7,4,14,769
10.0,7,4,15,771
10.0,7,5,0,739
10.0,7,5,1,741
10.0,7,5,2,743
10.0,7,5,3,746
10.0,7,5,4,748
10.0,7,5,5,750
10.0,7,5,6,753
10.0,7,5,7,755
10.0,7,5,8,757
10.0,7,5,9,760
10.0,7,5,10,762
10.0,7,5,11,764
10.0,7,5,12,767
10.0,7,5,13,769
10.0,7,5,14,771
10.0,7,5,15,774
10.0,7,6,0,741
10.0,7,6,1,743
10.0,7,6,2,746
10.0,7,6,3,748
10.0,7,6,4,751
10.0,7,6,5,753
10.0,7,6,6,755
10.0,7,6,7,758
10.0,7,6,8,760
10.0,7,6,9,762
10.0,7,6,10,765
10.0,7,6,11,767
10.0,7,6,12,769
10.0,7,6,13,771
10.0,7,6,14,774
10.0,7,6,15,776
10.0,7,7,0,743
10.0,7,7,1,746
10.0,7,7,2,748
10.0,7,7,3,751
10.0,7,7,4,753
10.0,7,7,5,755
10.0,7,7,6,758
10.0,7,7,7,760
10.0,7,7,8,762
10.0,7,7,9,765
10.0,7,7,10,767
10.0,7,7,11,769
10.0,7,7,12,772
10.0,7,7,13,774
10.0,7,7,14,776
10.0,7,7,15,779
10.0,7,8,0,746
10.0,7,8,1,748
10.0,7,8,2,751
10.0,7,8,3,753
10.0,7,8,4,755
10.0,7,8,5,758
10.0,7,8,6,760
10.0,7,8,7,762
10.0,7,8,8,765
10.0,7,8,9,767
10.0,7,8,10,769
10.0,7,8,11,772
10.0,7,8,12,774
10.0,7,8,13,776
10.0,7,8,14,779
10.0,7,8,15,781
10.0,7,9,0,748
10.0,7,9,1,751
10.0,7,9,2,753
10.0,7,9,3,755
10.0,7,9,4,758
10.0,7,9,5,760
10.0,7,9,6,763
10.0,7,9,7,765
10.0,7,9,8,767
10.0,7,9,9,770
10.0,7,9,10,772
10.0,7,9,11,774
10.0,7,9,12,777
10.0,7,9,13,779
10.0,7,9,14,781
10.0,7,9,15,784
10.0,7,10,0,751
10.0,7,10,1,753
10.0,7,10,2,755
10.0,7,10,3,758
10.0,7,10,4,760
10.0,7,10,5,763
10.0,7,10,6,765
10.0,7,10,7,767
10.0,7,10,8,770
10.0,7,10,9,772
10.0,7,10,10,774
10.0,7,10,11,777
10.0,7,10,12,779
10.0,7,10,13,781
10.0,7,10,14,784
10.0,7,10,15,786
10.0,7,11,0,753
10.0,7,11,1,755
10.0,7,11,2,758
10.0,7,11,3,760
10.0,7,11,4,763
10.0,7,11,5,765
10.0,7,11,6,767
10.0,7,11,7,770
10.0,7,11,8,772
10.0,7,11,9,774
10.0,7,11,10,777
10.0,7,11,11,779
10.0,7,11,12,781
10.0,7,11,13,784
10.0,7,11,14,786
10.0,7,11,15,788
10.0,7,12,0,755
10.0,7,12,1,758
10.0,7,12,2,760
10.0,7,12,3,763
10.0,7,12,4,765
10.0,7,12,5,767
10.0,7,12,6,770
10.0,7,12,7,772
10.0,7,12,8,774
10.0,7,12,9,777
10.0,7,12,10,779
10.0,7,12,11,782
10.0,7,12,12,784
10.0,7,12,13,786
10.0,7,12,14,789
10.0,7,12,15,791
10.0,7,13,0,758
10.0,7,13,1,760
10.0,7,13,2,762
10.0,7,13,3,765
10.0,7,13,4,767
10.0,7,13,5,770
10.0,7,13,6,772
10.0,7,13,7,775
10.0,7,13,8,777
10.0,7,13,9,779
10.0,7,13,10,782
10.0,7,13,11,784
10.0,7,13,12,786
10.0,7,13,13,789
10.0,7,13,14,791
10.0,7,13,15,793
10.0,7,14,0,760
10.0,7,14,1,762
10.0,7,14,2,765
10.0,7,14,3,767
10.0,7,14,4,770
10.0,7,14,5,772
10.0,7,14,6,774
10.0,7,14,7,777
10.0,7,14,8,779
10.0,7,14,9,782
10.0,7,14,10,784
10.0,7,14,11,786
10.0,7,14,12,789
10.0,7,14,13,791
10.0,7,14,14,794
10.0,7,14,15,796
10.0,7,15,0,762
10.0,7,15,1,765
10.0,7,15,2,767
10.0,7,15,3,770
10.0,7,15,4,772
10.0,7,15,5,774
10.0,7,15,6,777
10.0,7,15,7,779
10.0,7,15,8,782
10.0,7,15,9,784
10.0,7,15,10,786
10.0,7,15,11,789
10.0,7,15,12,791
10.0,7,15,13,794
10.0,7,15,14,796
10.0,7,15,15,798
10.0,8,0,0,729
10.0,8,0,1,732
10.0,8,0,2,734
10.0,8,0,3,736
10.0,8,0,4,739
10.0,8,0,5,741
10.0,8,0,6,743
10.0,8,0,7,746
10.0,8,0,8,748
10.0,8,0,9,750
10.0,8,0,10,752
10.0,8,0,11,755
10.0,8,0,12,757
10.0,8,0,13,759
10.0,8,0,14,761
10.0,8,0,15,764
10.0,8,1,0,732
10.0,8,1,1,734
10.0,8,1,2,736
10.0,8,1,3,739
10.0,8,1,4,741
10.0,8,1,5,743
10.0,8,1,6,746
10.0,8,1,7,748
10.0,8,1,8,750
10.0,8,1,9,753
10.0,8,1,10,755
10.0,8,1,11,757
10.0,8,1,12,759
10.0,8,1,13,762
10.0,8,1,14,764
10.0,8,1,15,766
10.0,8,2,0,734
10.0,8,2,1,736
10.0,8,2,2,739
10.0,8,2,3,741
10.0,8,2,4,744
10.0,8,2,5,746
10.0,8,2,6,748
10.0,8,2,7,751
10.0,8,2,8,753
10.0,8,2,9,755
10.0,8,2,10,757
10.0,8,2,11,760
10.0,8,2,12,762
10.0,8,2,13,764
10.0,8,2,14,767
10.0,8,2,15,769
10.0,8,3,0,737
10.0,8,3,1,739
10.0,8,3,2,741
10.0,8,3,3,744
10.0,8,3,4,746
10.0,8,3,5,748
10.0,8,3,6,751
10.0,8,3,7,753
10.0,8,3,8,755
10.0,8,3,9,758
10.0,8,3,10,760
10.0,8,3,11,762
10.0,8,3,12,765
10.0,8,3,13,767
10.0,8,3,14,769
10.0,8,3,15,771
10.0,8,4,0,739
10.0,8,4,1,741
10.0,8,4,2,744
10.0,8,4,3,746
10.0,8,4,4,748
10.0,8,4,5,751
10.0,8,4,6,753
10.0,8,4,7,755
10.0,8,4,8,758
10.0,8,4,9,760
10.0,8,4,10,762
10.0,8,4,11,765
10.0,8,4,12,767
10.0,8,4,13,769
10.0,8,4,14,772
10.0,8,4,15,774
10.0,8,5,0,741
10.0,8,5,1,744
10.0,8,5,2,746
10.0,8,5,3,749
10.0,8,5,4,751
10.0,8,5,5,753
10.0,8,5,6,756
10.0,8,5,7,758
10.0,8,5,8,760
10.0,8,5,9,763
10.0,8,5,10,765
10.0,8,5,11,767
10.0,8,5,12,770
10.0,8,5,13,772
10.0,8,5,14,774
10.0,8,5,15,776
10.0,8,6,0,744
10.0,8,6,1,746
10.0,8,6,2,749
10.0,8,6,3,751
10.0,8,6,4,753
10.0,8,6,5,756
10.0,8,6,6,758
10.0,8,6,7,760
10.0,8,6,8,763
10.0,8,6,9,765
10.0,8,6,10,767
10.0,8,6,11,770
10.0,8,6,12,772
10.0,8,6,13,774
10.0,8,6,14,777
10.0,8,6,15,779
10.0,8,7,0,746
10.0,8,7,1,749
10.0,8,7,2,751
10.0,8,7,3,753
10.0,8,7,4,756
10.0,8,7,5,758
10.0,8,7,6,760
10.0,8,7,7,763
10.0,8,7,8,765
10.0,8,7,9,768
10.0,8,7,10,770
10.0,8,7,11,772
10.0,8,7,12,775
10.0,8,7,13,777
10.0,8,7,14,779
10.0,8,7,15,781
10.0,8,8,0,749
10.0,8,8,1,751
10.0,8,8,2,753
10.0,8,8,3,756
10.0,8,8,4,758
10.0,8,8,5,761
10.0,8,8,6,763
10.0,8,8,7,765
10.0,8,8,8,768
10.0,8,8,9,770
10.0,8,8,10,772
10.0,8,8,11,775
10.0,8,8,12,777
10.0,8,8,13,779
10.0,8,8,14,782
10.0,8,8,15,784
10.0,8,9,0,751
10.0,8,9,1,753
10.0,8,9,2,756
10.0,8,9,3,758
10.0,8,9,4,761
10.0,8,9,5,763
10.0,8,9,6,765
10.0,8,9,7,768
10.0,8,9,8,770
10.0,8,9,9,772
10.0,8,9,10,775
10.0,8,9,11,777
10.0,8,9,12,779
10.0,8,9,13,782
10.0,8,9,14,784
10.0,8,9,15,786
10.0,8,10,0,753
10.0,8,10,1,756
10.0,8,10,2,758
10.0,8,10,3,761
10.0,8,10,4,763
10.0,8,10,5,765
10.0,8,10,6,768
10.0,8,10,7,770
10.0,8,10,8,773
10.0,8,10,9,775
10.0,8,10,10,777
10.0,8,10,11,780
10.0,8,10,12,782
10.0,8,10,13,784
10.0,8,10,14,787
10.0,8,10,15,789
10.0,8,11,0,756
10.0,8,11,1,758
10.0,8,11,2,761
10.0,8,11,3,763
10.0,8,11,4,765
10.0,8,11,5,768
10.0,8,11,6,770
10.0,8,11,7,773
10.0,8,11,8,775
10.0,8,11,9,777
10.0,8,11,10,780
10.0,8,11,11,782
10.0,8,11,12,784
10.0,8,11,13,787
10.0,8,11,14,789
10.0,8,11,15,791
10.0,8,12,0,758
10.0,8,12,1,760
10.0,8,12,2,763
10.0,8,12,3,765
10.0,8,12,4,768
10.0,8,12,5,770
10.0,8,12,6,773
10.0,8,12,7,775
10.0,8,12,8,777
10.0,8,12,9,780
10.0,8,12,10,782
10.0,8,12,11,785
10.0,8,12,12,787
10.0,8,12,13,789
10.0,8,12,14,792
10.0,8,12,15,794
10.0,8,13,0,760
10.0,8,13,1,763
10.0,8,13,2,765
10.0,8,13,3,768
10.0,8,13,4,770
10.0,8,13,5,773
10.0,8,13,6,775
10.0,8,13,7,777
10.0,8,13,8,780
10.0,8,13,9,782
10.0,8,13,10,785
10.0,8,13,11,787
10.0,8,13,12,789
10.0,8,13,13,792
10.0,8,13,14,794
10.0,8,13,15,796
10.0,8,14,0,763
10.0,8,14,1,765
10.0,8,14,2,768
10.0,8,14,3,770
10.0,8,14,4,773
10.0,8,14,5,775
10.0,8,14,6,777
10.0,8,14,7,780
10.0,8,14,8,782
10.0,8,14,9,785
10.0,8,14,10,787
10.0,8,14,11,789
10.0,8,14,12,792
10.0,8,14,13,794
10.0,8,14,14,796
10.0,8,14,15,799
10.0,8,15,0,765
10.0,8,15,1,768
10.0,8,15,2,770
10.0,8,15,3,772
10.0,8,15,4,775
10.0,8,15,5,777
10.0,8,15,6,780
10.0,8,15,7,782
10.0,8,15,8,785
10.0,8,15,9,787
10.0,8,15,10,789
10.0,8,15,11,792
10.0,8,15,12,794
10.0,8,15,13,797
10.0,8,15,14,799
10.0,8,15,15,801
10.0,9,0,0,732
10.0,9,0,1,734
10.0,9,0,2,737
10.0,9,0,3,739
10.0,9,0,4,741
10.0,9,0,5,744
10.0,9,0,6,746
10.0,9,0,7,748
10.0,9,0,8,751
10.0,9,0,9,753
10.0,9,0,10,755
10.0,9,0,11,757
10.0,9,0,12,760
10.0,9,0,13,762
10.0,9,0,14,764
10.0,9,0,15,767
10.0,9,1,0,734
10.0,9,1,1,737
10.0,9,1,2,739
10.0,9,1,3,741
10.0,9,1,4,744
10.0,9,1,5,746
10.0,9,1,6,748
10.0,9,1,7,751
10.0,9,1,8,753
10.0,9,1,9,755
10.0,9,1,10,758
10.0,9,1,11,760
10.0,9,1,12,762
10.0,9,1,13,765
10.0,9,1,14,767
10.0,9,1,15,769
10.0,9,2,0,737
10.0,9,2,1,739
10.0,9,2,2,742
10.0,9,2,3,744
10.0,9,2,4,746
10.0,9,2,5,749
10.0,9,2,6,751
10.0,9,2,7,753
10.0,9,2,8,756
10.0,9,2,9,758
10.0,9,2,10,760
10.0,9,2,11,763
10.0,9,2,12,765
10.0,9,2,13,767
10.0,9,2,14,769
10.0,9,2,15,772
10.0,9,3,0,739
10.0,9,3,1,742
10.0,9,3,2,744
10.0,9,3,3,746
10.0,9,3,4,749
10.0,9,3,5,751
10.0,9,3,6,753
10.0,9,3,7,756
10.0,9,3,8,758
10.0,9,3,9,760
10.0,9,3,10,763
10.0,9,3,11,765
10.0,9,3,12,767
10.0,9,3,13,770
10.0,9,3,14,772
10.0,9,3,15,774
10.0,9,4,0,742
10.0,9,4,1,744
10.0,9,4,2,746
10.0,9,4,3,749
10.0,9,4,4,751
10.0,9,4,5,754
10.0,9,4,6,756
10.0,9,4,7,758
10.0,9,4,8,761
10.0,9,4,9,763
10.0,9,4,10,765
10.0,9,4,11,768
10.0,9,4,12,770
10.0,9,4,13,772
10.0,9,4,14,775
10.0,9,4,15,777
10.0,9,5,0,744
10.0,9,5,1,747
10.0,9,5,2,749
10.0,9,5,3,751
10.0,9,5,4,754
10.0,9,5,5,756
10.0,9,5,6,758
10.0,9,5,7,761
10.0,9,5,8,763
10.0,9,5,9,765
10.0,9,5,10,768
10.0,9,5,11,770
10.0,9,5,12,772
10.0,9,5,13,775
10.0,9,5,14,777
10.0,9,5,15,779
10.0,9,6,0,747
10.0,9,6,1,749
10.0,9,6,2,751
10.0,9,6,3,754
10.0,9,6,4,756
10.0,9,6,5,759
10.0,9,6,6,761
10.0,9,6,7,763
10.0,9,6,8,766
10.0,9,6,9,768
10.0,9,6,10,770
10.0,9,6,11,773
10.0,9,6,12,775
10.0,9,6,13,777
10.0,9,6,14,780
10.0,9,6,15,782
10.0,9,7,0,749
10.0,9,7,1,751
10.0,9,7,2,754
10.0,9,7,3,756
10.0,9,7,4,759
10.0,9,7,5,761
10.0,9,7,6,763
10.0,9,7,7,766
10.0,9,7,8,768
10.0,9,7,9,770
10.0,9,7,10,773
10.0,9,7,11,775
10.0,9,7,12,777
10.0,9,7,13,780
10.0,9,7,14,782
10.0,9,7,15,784
10.0,9,8,0,751
10.0,9,8,1,754
10.0,9,8,2,756
10.0,9,8,3,759
10.0,9,8,4,761
10.0,9,8,5,763
10.0,9,8,6,766
10.0,9,8,7,768
10.0,9,8,8,771
10.0,9,8,9,773
10.0,9,8,10,775
10.0,9,8,11,778
10.0,9,8,12,780
10.0,9,8,13,782
10.0,9,8,14,785
10.0,9,8,15,787
10.0,9,9,0,754
10.0,9,9,1,756
10.0,9,9,2,759
10.0,9,9,3,761
10.0,9,9,4,763
10.0,9,9,5,766
10.0,9,9,6,768
10.0,9,9,7,771
10.0,9,9,8,773
10.0,9,9,9,775
10.0,9,9,10,778
10.0,9,9,11,780
10.0,9,9,12,782
10.0,9,9,13,785
10.0,9,9,14,787
10.0,9,9,15,789
10.0,9,10,0,756
10.0,9,10,1,759
10.0,9,10,2,761
10.0,9,10,3,763
10.0,9,10,4,766
10.0,9,10,5,768
10.0,9,10,6,771
10.0,9,10,7,773
10.0,9,10,8,775
10.0,9,10,9,778
10.0,9,10,10,780
10.0,9,10,11,783
10.0,9,10,12,785
10.0,9,10,13,787
10.0,9,10,14,790
10.0,9,10,15,792
10.0,9,11,0,759
10.0,9,11,1,761
10.0,9,11,2,763
10.0,9,11,3,766
10.0,9,11,4,768
10.0,9,11,5,771
10.0,9,11,6,773
10.0,9,11,7,775
10.0,9,11,8,778
10.0,9,11,9,780
10.0,9,11,10,783
10.0,9,11,11,785
10.0,9,11,12,787
10.0,9,11,13,790
10.0,9,11,14,792
10.0,9,11,15,794
10.0,9,12,0,761
10.0,9,12,1,763
10.0,9,12,2,766
10.0,9,12,3,768
10.0,9,12,4,771
10.0,9,12,5,773
10.0,9,12,6,775
10.0,9,12,7,778
10.0,9,12,8,780
10.0,9,12,9,783
10.0,9,12,10,785
10.0,9,12,11,787
10.0,9,12,12,790
10.0,9,12,13,792
10.0,9,12,14,795
10.0,9,12,15,797
10.0,9,13,0,763
10.0,9,13,1,766
10.0,9,13,2,768
10.0,9,13,3,771
10.0,9,13,4,773
10.0,9,13,5,775
10.0,9,13,6,778
10.0,9,13,7,780
10.0,9,13,8,783
10.0,9,13,9,785
10.0,9,13,10,787
10.0,9,13,11,790
10.0,9,13,12,792
10.0,9,13,13,795
10.0,9,13,14,797
10.0,9,13,15,799
10.0,9,14,0,766
10.0,9,14,1,768
10.0,9,14,2,771
10.0,9,14,3,773
10.0,9,14,4,775
10.0,9,14,5,778
10.0,9,14,6,780
10.0,9,14,7,783
10.0,9,14,8,785
10.0,9,14,9,788
10.0,9,14,10,790
10.0,9,14,11,792
10.0,9,14,12,795
10.0,9,14,13,797
10.0,9,14,14,799
10.0,9,14,15,802
10.0,9,15,0,768
10.0,9,15,1,770
10.0,9,15,2,773
10.0,9,15,3,775
10.0,9,15,4,778
10.0,9,15,5,780
10.0,9,15,6,783
10.0,9,15,7,785
10.0,9,15,8,788
10.0,9,15,9,790
10.0,9,15,10,792
10.0,9,15,11,795
10.0,9,15,12,797
10.0,9,15,13,800
10.0,9,15,14,802
10.0,9,15,15,804
10.0,10,0,0,735
10.0,10,0,1,737
10.0,10,0,2,739
10.0,10,0,3,742
10.0,10,0,4,744
10.0,10,0,5,746
10.0,10,0,6,749
10.0,10,0,7,751
10.0,10,0,8,753
10.0,10,0,9,756
10.0,10,0,10,758
10.0,10,0,11,760
10.0,10,0,12,763
10.0,10,0,13,765
10.0,10,0,14,767
10.0,10,0,15,769
10.0,10,1,0,737
10.0,10,1,1,739
10.0,10,1,2,742
10.0,10,1,3,744
10.0,10,1,4,747
10.0,10,1,5,749
10.0,10,1,6,751
10.0,10,1,7,754
10.0,10,1,8,756
10.0,10,1,9,758
10.0,10,1,10,761
10.0,10,1,11,763
10.0,10,1,12,765
10.0,10,1,13,767
10.0,10,1,14,770
10.0,10,1,15,772
10.0,10,2,0,740
10.0,10,2,1,742
10.0,10,2,2,744
10.0,10,2,3,747
10.0,10,2,4,749
10.0,10,2,5,751
10.0,10,2,6,754
10.0,10,2,7,756
10.0,10,2,8,758
10.0,10,2,9,761
10.0,10,2,10,763
10.0,10,2,11,765
10.0,10,2,12,768
10.0,10,2,13,770
10.0,10,2,14,772
10.0,10,2,15,775
10.0,10,3,0,742
10.0,10,3,1,744
10.0,10,3,2,747
10.0,10,3,3,749
10.0,10,3,4,752
10.0,10,3,5,754
10.0,10,3,6,756
10.0,10,3,7,759
10.0,10,3,8,761
10.0,10,3,9,763
10.0,10,3,10,766
10.0,10,3,11,768
10.0,10,3,12,770
10.0,10,3,13,773
10.0,10,3,14,775
10.0,10,3,15,777
10.0,10,4,0,744
10.0,10,4,1,747
10.0,10,4,2,749
10.0,10,4,3,752
10.0,10,4,4,754
10.0,10,4,5,756
10.0,10,4,6,759
10.0,10,4,7,761
10.0,10,4,8,763
10.0,10,4,9,766
10.0,10,4,10,768
10.0,10,4,11,770
10.0,10,4,12,773
10.0,10,4,13,775
10.0,10,4,14,777
10.0,10,4,15,780
10.0,10,5,0,747
10.0,10,5,1,749
10.0,10,5,2,752
10.0,10,5,3,754
10.0,10,5,4,756
10.0,10,5,5,759
10.0,10,5,6,761
10.0,10,5,7,764
10.0,10,5,8,766
10.0,10,5,9,768
10.0,10,5,10,771
10.0,10,5,11,773
10.0,10,5,12,775
10.0,10,5,13,778
10.0,10,5,14,780
10.0,10,5,15,782
10.0,10,6,0,749
10.0,10,6,1,752
10.0,10,6,2,754
10.0,10,6,3,757
10.0,10,6,4,759
10.0,10,6,5,761
10.0,10,6,6,764
10.0,10,6,7,766
10.0,10,6,8,768
10.0,10,6,9,771
10.0,10,6,10,773
10.0,10,6,11,775
10.0,10,6,12,778
10.0,10,6,13,780
10.0,10,6,14,782
10.0,10,6,15,785
10.0,10,7,0,752
10.0,10,7,1,754
10.0,10,7,2,757
10.0,10,7,3,759
10.0,10,7,4,761
10.0,10,7,5,764
10.0,10,7,6,766
10.0,10,7,7,769
10.0,10,7,8,771
10.0,10,7,9,773
10.0,10,7,10,776
10.0,10,7,11,778
10.0,10,7,12,780
10.0,10,7,13,783
10.0,10,7,14,785
10.0,10,7,15,787
10.0,10,8,0,754
10.0,10,8,1,757
10.0,10,8,2,759
10.0,10,8,3,761
10.0,10,8,4,764
10.0,10,8,5,766
10.0,10,8,6,769
10.0,10,8,7,771
10.0,10,8,8,773
10.0,10,8,9,776
10.0,10,8,10,778
10.0,10,8,11,780
10.0,10,8,12,783
10.0,10,8,13,785
10.0,10,8,14,787
10.0,10,8,15,790
10.0,10,9,0,757
10.0,10,9,1,759
10.0,10,9,2,761
10.0,10,9,3,764
10.0,10,9,4,766
10.0,10,9,5,769
10.0,10,9,6,771
10.0,10,9,7,773
10.0,10,9,8,776
10.0,10,9,9,778
10.0,10,9,10,781
10.0,10,9,11,783
10.0,10,9,12,785
10.0,10,9,13,788
10.0,10,9,14,790
10.0,10,9,15,792
10.0,10,10,0,759
10.0,10,10,1,761
10.0,10,10,2,764
10.0,10,10,3,766
10.0,10,10,4,769
10.0,10,10,5,771
10.0,10,10,6,773
10.0,10,10,7,776
10.0,10,10,8,778
10.0,10,10,9,781
10.0,10,10,10,783
10.0,10,10,11,785
10.0,10,10,12,788
10.0,10,10,13,790
10.0,10,10,14,792
10.0,10,10,15,795
10.0,10,11,0,761
10.0,10,11,1,764
10.0,10,11,2,766
10.0,10,11,3,769
10.0,10,11,4,771
10.0,10,11,5,774
10.0,10,11,6,776
10.0,10,11,7,778
10.0,10,11,8,781
10.0,10,11,9,783
10.0,10,11,10,786
10.0,10,11,11,788
10.0,10,11,12,790
10.0,10,11,13,793
10.0,10,11,14,795
10.0,10,11,15,797
10.0,10,12,0,764
10.0,10,12,1,766
10.0,10,12,2,769
10.0,10,12,3,771
10.0,10,12,4,773
10.0,10,12,5,776
10.0,10,12,6,778
10.0,10,12,7,781
10.0,10,12,8,783
10.0,10,12,9,786
10.0,10,12,10,788
10.0,10,12,11,790
10.0,10,12,12,793
10.0,10,12,13,795
10.0,10,12,14,797
10.0,10,12,15,800
10.0,10,13,0,766
10.0,10,13,1,769
10.0,10,13,2,771
10.0,10,13,3,773
10.0,10,13,4,776
10.0,10,13,5,778
10.0,10,13,6,781
10.0,10,13,7,783
10.0,10,13,8,786
10.0,10,13,9,788
10.0,10,13,10,790
10.0,10,13,11,793
10.0,10,13,12,795
10.0,10,13,13,798
10.0,10,13,14,800
10.0,10,13,15,802
10.0,10,14,0,768
10.0,10,14,1,771
10.0,10,14,2,773
10.0,10,14,3,776
10.0,10,14,4,778
10.0,10,14,5,781
10.0,10,14,6,783
10.0,10,14,7,786
10.0,10,14,8,788
10.0,10,14,9,790
10.0,10,14,10,793
10.0,10,14,11,795
10.0,10,14,12,798
10.0,10,14,13,800
10.0,10,14,14,802
10.0,10,14,15,805
10.0,10,15,0,771
10.0,10,15,1,773
10.0,10,15,2,776
10.0,10,15,3,778
10.0,10,15,4,781
10.0,10,15,5,783
10.0,10,15,6,786
10.0,10,15,7,788
10.0,10,15,8,790
10.0,10,15,9,793
10.0,10,15,10,795
10.0,10,15,11,798
10.0,10,15,12,800
10.0,10,15,13,802
10.0,10,15,14,805
10.0,10,15,15,807
10.0,11,0,0,737
10.0,11,0,1,740
10.0,11,0,2,742
10.0,11,0,3,744
10.0,11,0,4,747
10.0,11,0,5,749
10.0,11,0,6,752
10.0,11,0,7,754
10.0,11,0,8,756
10.0,11,0,9,758
10.0,11,0,10,761
10.0,11,0,11,763
10.0,11,0,12,765
10.0,11,0,13,768
10.0,11,0,14,770
10.0,11,0,15,772
10.0,11,1,0,740
10.0,11,1,1,742
10.0,11,1,2,745
10.0,11,1,3,747
10.0,11,1,4,749
10.0,11,1,5,752
10.0,11,1,6,754
10.0,11,1,7,756
10.0,11,1,8,759
10.0,11,1,9,761
10.0,11,1,10,763
10.0,11,1,11,766
10.0,11,1,12,768
10.0,11,1,13,770
10.0,11,1,14,773
10.0,11,1,15,775
10.0,11,2,0,742
10.0,11,2,1,745
10.0,11,2,2,747
10.0,11,2,3,749
10.0,11,2,4,752
10.0,11,2,5,754
10.0,11,2,6,757
10.0,11,2,7,759
10.0,11,2,8,761
10.0,11,2,9,764
10.0,11,2,10,766
10.0,11,2,11,768
10.0,11,2,12,771
10.0,11,2,13,773
10.0,11,2,14,775
10.0,11,2,15,777
10.0,11,3,0,745
10.0,11,3,1,747
10.0,11,3,2,750
10.0,11,3,3,752
10.0,11,3,4,754
10.0,11,3,5,757
10.0,11,3,6,759
10.0,11,3,7,761
10.0,11,3,8,764
10.0,11,3,9,766
10.0,11,3,10,768
10.0,11,3,11,771
10.0,11,3,12,773
10.0,11,3,13,775
10.0,11,3,14,778
10.0,11,3,15,780
10.0,11,4,0,747
10.0,11,4,1,750
10.0,11,4,2,752
10.0,11,4,3,754
10.0,11,4,4,757
10.0,11,4,5,759
10.0,11,4,6,762
10.0,11,4,7,764
10.0,11,4,8,766
10.0,11,4,9,769
10.0,11,4,10,771
10.0,11,4,11,773
10.0,11,4,12,776
10.0,11,4,13,778
10.0,11,4,14,780
10.0,11,4,15,783
10.0,11,5,0,750
10.0,11,5,1,752
10.0,11,5,2,754
10.0,11,5,3,757
10.0,11,5,4,759
10.0,11,5,5,762
10.0,11,5,6,764
10.0,11,5,7,766
10.0,11,5,8,769
10.0,11,5,9,771
10.0,11,5,10,773
10.0,11,5,11,776
10.0,11,5,12,778
10.0,11,5,13,780
10.0,11,5,14,783
10.0,11,5,15,785
10.0,11,6,0,752
10.0,11,6,1,755
10.0,11,6,2,757
10.0,11,6,3,759
10.0,11,6,4,762
10.0,11,6,5,764
10.0,11,6,6,767
10.0,11,6,7,769
10.0,11,6,8,771
10.0,11,6,9,774
10.0,11,6,10,776
10.0,11,6,11,778
10.0,11,6,12,781
10.0,11,6,13,783
10.0,11,6,14,785
10.0,11,6,15,788
10.0,11,7,0,755
10.0,11,7,1,757
10.0,11,7,2,759
10.0,11,7,3,762
10.0,11,7,4,764
10.0,11,7,5,767
10.0,11,7,6,769
10.0,11,7,7,771
10.0,11,7,8,774
10.0,11,7,9,776
10.0,11,7,10,778
10.0,11,7,11,781
10.0,11,7,12,783
10.0,11,7,13,786
10.0,11,7,14,788
10.0,11,7,15,790
10.0,11,8,0,757
10.0,11,8,1,759
10.0,11,8,2,762
10.0,11,8,3,764
10.0,11,8,4,767
10.0,11,8,5,769
10.0,11,8,6,771
10.0,11,8,7,774
10.0,11,8,8,776
10.0,11,8,9,779
10.0,11,8,10,781
10.0,11,8,11,783
10.0,11,8,12,786
10.0,11,8,13,788
10.0,11,8,14,790
10.0,11,8,15,793
10.0,11,9,0,759
10.0,11,9,1,762
10.0,11,9,2,764
10.0,11,9,3,767
10.0,11,9,4,769
10.0,11,9,5,771
10.0,11,9,6,774
10.0,11,9,7,776
10.0,11,9,8,779
10.0,11,9,9,781
10.0,11,9,10,783
10.0,11,9,11,786
10.0,11,9,12,788
10.0,11,9,13,791
10.0,11,9,14,793
10.0,11,9,15,795
10.0,11,10,0,762
10.0,11,10,1,764
10.0,11,10,2,767
10.0,11,10,3,769
10.0,11,10,4,772
10.0,11,10,5,774
10.0,11,10,6,776
10.0,11,10,7,779
10.0,11,10,8,781
10.0,11,10,9,784
10.0,11,10,10,786
10.0,11,10,11,788
10.0,11,10,12,791
10.0,11,10,13,793
10.0,11,10,14,795
10.0,11,10,15,798
10.0,11,11,0,764
10.0,11,11,1,767
10.0,11,11,2,769
10.0,11,11,3,771
10.0,11,11,4,774
10.0,11,11,5,776
10.0,11,11,6,779
10.0,11,11,7,781
10.0,11,11,8,784
10.0,11,11,9,786
10.0,11,11,10,788
10.0,11,11,11,791
10.0,11,11,12,793
10.0,11,11,13,796
10.0,11,11,14,798
10.0,11,11,15,800
10.0,11,12,0,767
10.0,11,12,1,769
10.0,11,12,2,771
10.0,11,12,3,774
10.0,11,12,4,776
10.0,11,12,5,779
10.0,11,12,6,781
10.0,11,12,7,784
10.0,11,12,8,786
10.0,11,12,9,788
10.0,11,12,10,791
10.0,11,12,11,793
10.0,11,12,12,796
10.0,11,12,13,798
10.0,11,12,14,800
10.0,11,12,15,803
10.0,11,13,0,769
10.0,11,13,1,771
10.0,11,13,2,774
10.0,11,13,3,776
10.0,11,13,4,779
10.0,11,13,5,781
10.0,11,13,6,784
10.0,11,13,7,786
10.0,11,13,8,788
10.0,11,13,9,791
10.0,11,13,10,793
10.0,11,13,11,796
10.0,11,13,12,798
10.0,11,13,13,801
10.0,11,13,14,803
10.0,11,13,15,805
10.0,11,14,0,771
10.0,11,14,1,774
10.0,11,14,2,776
10.0,11,14,3,779
10.0,11,14,4,781
10.0,11,14,5,784
10.0,11,14,6,786
10.0,11,14,7,788
10.0,11,14,8,791
10.0,11,14,9,793
10.0,11,14,10,796
10.0,11,14,11,798
10.0,11,14,12,801
10.0,11,14,13,803
10.0,11,14,14,805
10.0,11,14,15,808
10.0,11,15,0,774
10.0,11,15,1,776
10.0,11,15,2,779
10.0,11,15,3,781
10.0,11,15,4,784
10.0,11,15,5,786
10.0,11,15,6,788
10.0,11,15,7,791
10.0,11,15,8,793
10.0,11,15,9,796
10.0,11,15,10,798
10.0,11,15,11,801
10.0,11,15,12,803
10.0,11,15,13,805
10.0,11,15,14,808
10.0,11,15,15,810
10.0,12,0,0,740
10.0,12,0,1,742
10.0,12,0,2,745
10.0,12,0,3,747
10.0,12,0,4,750
10.0,12,0,5,752
10.0,12,0,6,754
10.0,12,0,7,757
10.0,12,0,8,759
10.0,12,0,9,761
10.0,12,0,10,764
10.0,12,0,11,766
10.0,12,0,12,768
10.0,12,0,13,771
10.0,12,0,14,773
10.0,12,0,15,775
10.0,12,1,0,743
10.0,12,1,1,745
10.0,12,1,2,747
10.0,12,1,3,750
10.0,12,1,4,752
10.0,12,1,5,754
10.0,12,1,6,757
10.0,12,1,7,759
10.0,12,1,8,762
10.0,12,1,9,764
10.0,12,1,10,766
10.0,12,1,11,768
10.0,12,1,12,771
10.0,12,1,13,773
10.0,12,1,14,775
10.0,12,1,15,778
10.0,12,2,0,745
10.0,12,2,1,747
10.0,12,2,2,750
10.0,12,2,3,752
10.0,12,2,4,755
10.0,12,2,5,757
10.0,12,2,6,759
10.0,12,2,7,762
10.0,12,2,8,764
10.0,12,2,9,766
10.0,12,2,10,769
10.0,12,2,11,771
10.0,12,2,12,773
10.0,12,2,13,776
10.0,12,2,14,778
10.0,12,2,15,780
10.0,12,3,0,748
10.0,12,3,1,750
10.0,12,3,2,752
10.0,12,3,3,755
10.0,12,3,4,757
10.0,12,3,5,759
10.0,12,3,6,762
10.0,12,3,7,764
10.0,12,3,8,767
10.0,12,3,9,769
10.0,12,3,10,771
10.0,12,3,11,774
10.0,12,3,12,776
10.0,12,3,13,778
10.0,12,3,14,781
10.0,12,3,15,783
10.0,12,4,0,750
10.0,12,4,1,752
10.0,12,4,2,755
10.0,12,4,3,757
10.0,12,4,4,760
10.0,12,4,5,762
10.0,12,4,6,764
10.0,12,4,7,767
10.0,12,4,8,769
10.0,12,4,9,771
10.0,12,4,10,774
10.0,12,4,11,776
10.0,12,4,12,778
10.0,12,4,13,781
10.0,12,4,14,783
10.0,12,4,15,785
10.0,12,5,0,752
10.0,12,5,1,755
10.0,12,5,2,757
10.0,12,5,3,760
10.0,12,5,4,762
10.0,12,5,5,764
10.0,12,5,6,767
10.0,12,5,7,769
10.0,12,5,8,772
10.0,12,5,9,774
10.0,12,5,10,776
10.0,12,5,11,779
10.0,12,5,12,781
10.0,12,5,13,783
10.0,12,5,14,786
10.0,12,5,15,788
10.0,12,6,0,755
10.0,12,6,1,757
10.0,12,6,2,760
10.0,12,6,3,762
10.0,12,6,4,765
10.0,12,6,5,767
10.0,12,6,6,769
10.0,12,6,7,772
10.0,12,6,8,774
10.0,12,6,9,776
10.0,12,6,10,779
10.0,12,6,11,781
10.0,12,6,12,784
10.0,12,6,13,786
10.0,12,6,14,788
10.0,12,6,15,791
10.0,12,7,0,757
10.0,12,7,1,760
10.0,12,7,2,762
10.0,12,7,3,765
10.0,12,7,4,767
10.0,12,7,5,769
10.0,12,7,6,772
10.0,12,7,7,774
10.0,12,7,8,777
10.0,12,7,9,779
10.0,12,7,10,781
10.0,12,7,11,784
10.0,12,7,12,786
10.0,12,7,13,788
10.0,12,7,14,791
10.0,12,7,15,793
10.0,12,8,0,760
10.0,12,8,1,762
10.0,12,8,2,765
10.0,12,8,3,767
10.0,12,8,4,769
10.0,12,8,5,772
10.0,12,8,6,774
10.0,12,8,7,777
10.0,12,8,8,779
10.0,12,8,9,781
10.0,12,8,10,784
10.0,12,8,11,786
10.0,12,8,12,789
10.0,12,8,13,791
10.0,12,8,14,793
10.0,12,8,15,796
10.0,12,9,0,762
10.0,12,9,1,765
10.0,12,9,2,767
10.0,12,9,3,769
10.0,12,9,4,772
10.0,12,9,5,774
10.0,12,9,6,777
10.0,12,9,7,779
10.0,12,9,8,782
10.0,12,9,9,784
10.0,12,9,10,786
10.0,12,9,11,789
10.0,12,9,12,791
10.0,12,9,13,793
10.0,12,9,14,796
10.0,12,9,15,798
10.0,12,10,0,765
10.0,12,10,1,767
10.0,12,10,2,769
10.0,12,10,3,772
10.0,12,10,4,774
10.0,12,10,5,777
10.0,12,10,6,779
10.0,12,10,7,782
10.0,12,10,8,784
10.0,12,10,9,786
10.0,12,10,10,789
10.0,12,10,11,791
10.0,12,10,12,794
10.0,12,10,13,796
10.0,12,10,14,798
10.0,12,10,15,801
10.0,12,11,0,767
10.0,12,11,1,769
10.0,12,11,2,772
10.0,12,11,3,774
10.0,12,11,4,777
10.0,12,11,5,779
10.0,12,11,6,782
10.0,12,11,7,784
10.0,12,11,8,786
10.0,12,11,9,789
10.0,12,11,10,791
10.0,12,11,11,794
10.0,12,11,12,796
10.0,12,11,13,798
10.0,12,11,14,801
10.0,12,11,15,803
10.0,12,12,0,769
10.0,12,12,1,772
10.0,12,12,2,774
10.0,12,12,3,777
10.0,12,12,4,779
10.0,12,12,5,782
10.0,12,12,6,784
10.0,12,12,7,787
10.0,12,12,8,789
10.0,12,12,9,791
10.0,12,12,10,794
10.0,12,12,11,796
10.0,12,12,12,799
10.0,12,12,13,801
10.0,12,12,14,803
10.0,12,12,15,806
10.0,12,13,0,772
10.0,12,13,1,774
10.0,12,13,2,777
10.0,12,13,3,779
10.0,12,13,4,782
10.0,12,13,5,784
10.0,12,13,6,787
10.0,12,13,7,789
10.0,12,13,8,791
10.0,12,13,9,794
10.0,12,13,10,796
10.0,12,13,11,799
10.0,12,13,12,801
10.0,12,13,13,803
10.0,12,13,14,806
10.0,12,13,15,808
10.0,12,14,0,774
10.0,12,14,1,777
10.0,12,14,2,779
10.0,12,14,3,782
10.0,12,14,4,784
10.0,12,14,5,786
10.0,12,14,6,789
10.0,12,14,7,791
10.0,12,14,8,794
10.0,12,14,9,796
10.0,12,14,10,799
10.0,12,14,11,801
10.0,12,14,12,804
10.0,12,14,13,806
10.0,12,14,14,808
10.0,12,14,15,811
10.0,12,15,0,776
10.0,12,15,1,779
10.0,12,15,2,781
10.0,12,15,3,784
10.0,12,15,4,786
10.0,12,15,5,789
10.0,12,15,6,791
10.0,12,15,7,794
10.0,12,15,8,796
10.0,12,15,9,799
10.0,12,15,10,801
10.0,12,15,11,804
10.0,12,15,12,806
10.0,12,15,13,808
10.0,12,15,14,811
10.0,12,15,15,813
10.0,13,0,0,743
10.0,13,0,1,745
10.0,13,0,2,748
10.0,13,0,3,750
10.0,13,0,4,752
10.0,13,0,5,755
10.0,13,0,6,757
10.0,13,0,7,759
10.0,13,0,8,762
10.0,13,0,9,764
10.0,13,0,10,766
10.0,13,0,11,769
10.0,13,0,12,771
10.0,13,0,13,773
10.0,13,0,14,776
10.0,13,0,15,778
10.0,13,1,0,745
10.0,13,1,1,748
10.0,13,1,2,750
10.0,13,1,3,752
10.0,13,1,4,755
10.0,13,1,5,757
10.0,13,1,6,760
10.0,13,1,7,762
10.0,13,1,8,764
10.0,13,1,9,767
10.0,13,1,10,769
10.0,13,1,11,771
10.0,13,1,12,774
10.0,13,1,13,776
10.0,13,1,14,778
10.0,13,1,15,781
10.0,13,2,0,748
10.0,13,2,1,750
10.0,13,2,2,753
10.0,13,2,3,755
10.0,13,2,4,757
10.0,13,2,5,760
10.0,13,2,6,762
10.0,13,2,7,764
10.0,13,2,8,767
10.0,13,2,9,769
10.0,13,2,10,772
10.0,13,2,11,774
10.0,13,2,12,776
10.0,13,2,13,779
10.0,13,2,14,781
10.0,13,2,15,783
10.0,13,3,0,750
10.0,13,3,1,753
10.0,13,3,2,755
10.0,13,3,3,757
10.0,13,3,4,760
10.0,13,3,5,762
10.0,13,3,6,765
10.0,13,3,7,767
10.0,13,3,8,769
10.0,13,3,9,772
10.0,13,3,10,774
10.0,13,3,11,776
10.0,13,3,12,779
10.0,13,3,13,781
10.0,13,3,14,783
10.0,13,3,15,786
10.0,13,4,0,753
10.0,13,4,1,755
10.0,13,4,2,758
10.0,13,4,3,760
10.0,13,4,4,762
10.0,13,4,5,765
10.0,13,4,6,767
10.0,13,4,7,770
10.0,13,4,8,772
10.0,13,4,9,774
10.0,13,4,10,777
10.0,13,4,11,779
10.0,13,4,12,781
10.0,13,4,13,784
10.0,13,4,14,786
10.0,13,4,15,788
10.0,13,5,0,755
10.0,13,5,1,758
10.0,13,5,2,760
10.0,13,5,3,762
10.0,13,5,4,765
10.0,13,5,5,767
10.0,13,5,6,770
10.0,13,5,7,772
10.0,13,5,8,774
10.0,13,5,9,777
10.0,13,5,10,779
10.0,13,5,11,782
10.0,13,5,12,784
10.0,13,5,13,786
10.0,13,5,14,789
10.0,13,5,15,791
10.0,13,6,0,758
10.0,13,6,1,760
10.0,13,6,2,762
10.0,13,6,3,765
10.0,13,6,4,767
10.0,13,6,5,770
10.0,13,6,6,772
10.0,13,6,7,775
10.0,13,6,8,777
10.0,13,6,9,779
10.0,13,6,10,782
10.0,13,6,11,784
10.0,13,6,12,786
10.0,13,6,13,789
10.0,13,6,14,791
10.0,13,6,15,793
10.0,13,7,0,760
10.0,13,7,1,763
10.0,13,7,2,765
10.0,13,7,3,767
10.0,13,7,4,770
10.0,13,7,5,772
10.0,13,7,6,775
10.0,13,7,7,777
10.0,13,7,8,779
10.0,13,7,9,782
10.0,13,7,10,784
10.0,13,7,11,787
10.0,13,7,12,789
10.0,13,7,13,791
10.0,13,7,14,794
10.0,13,7,15,796
10.0,13,8,0,762
10.0,13,8,1,765
10.0,13,8,2,767
10.0,13,8,3,770
10.0,13,8,4,772
10.0,13,8,5,775
10.0,13,8,6,777
10.0,13,8,7,780
10.0,13,8,8,782
10.0,13,8,9,784
10.0,13,8,10,787
10.0,13,8,11,789
10.0,13,8,12,791
10.0,13,8,13,794
10.0,13,8,14,796
10.0,13,8,15,799
10.0,13,9,0,765
10.0,13,9,1,767
10.0,13,9,2,770
10.0,13,9,3,772
10.0,13,9,4,775
10.0,13,9,5,777
10.0,13,9,6,780
10.0,13,9,7,782
10.0,13,9,8,784
10.0,13,9,9,787
10.0,13,9,10,789
10.0,13,9,11,792
10.0,13,9,12,794
10.0,13,9,13,796
10.0,13,9,14,799
10.0,13,9,15,801
10.0,13,10,0,767
10.0,13,10,1,770
10.0,13,10,2,772
10.0,13,10,3,775
10.0,13,10,4,777
10.0,13,10,5,780
10.0,13,10,6,782
10.0,13,10,7,784
10.0,13,10,8,787
10.0,13,10,9,789
10.0,13,10,10,792
10.0,13,10,11,794
10.0,13,10,12,797
10.0,13,10,13,799
10.0,13,10,14,801
10.0,13,10,15,804
10.0,13,11,0,770
10.0,13,11,1,772
10.0,13,11,2,775
10.0,13,11,3,777
10.0,13,11,4,780
10.0,13,11,5,782
10.0,13,11,6,785
10.0,13,11,7,787
10.0,13,11,8,789
10.0,13,11,9,792
10.0,13,11,10,794
10.0,13,11,11,797
10.0,13,11,12,799
10.0,13,11,13,801
10.0,13,11,14,804
10.0,13,11,15,806
10.0,13,12,0,772
10.0,13,12,1,775
10.0,13,12,2,777
10.0,13,12,3,780
10.0,13,12,4,782
10.0,13,12,5,785
10.0,13,12,6,787
10.0,13,12,7,789
10.0,13,12,8,792
10.0,13,12,9,794
10.0,13,12,10,797
10.0,13,12,11,799
10.0,13,12,12,802
10.0,13,12,13,804
10.0,13,12,14,806
10.0,13,12,15,809
10.0,13,13,0,775
10.0,13,13,1,777
10.0,13,13,2,780
10.0,13,13,3,782
10.0,13,13,4,784
10.0,13,13,5,787
10.0,13,13,6,789
10.0,13,13,7,792
10.0,13,13,8,794
10.0,13,13,9,797
10.0,13,13,10,799
10.0,13,13,11,802
10.0,13,13,12,804
10.0,13,13,13,806
10.0,13,13,14,809
10.0,13,13,15,811
10.0,13,14,0,777
10.0,13,14,1,779
10.0,13,14,2,782
10.0,13,14,3,784
10.0,13,14,4,787
10.0,13,14,5,789
10.0,13,14,6,792
10.0,13,14,7,794
10.0,13,14,8,797
10.0,13,14,9,799
10.0,13,14,10,802
10.0,13,14,11,804
10.0,13,14,12,806
10.0,13,14,13,809
10.0,13,14,14,811
10.0,13,14,15,814
10.0,13,15,0,779
10.0,13,15,1,782
10.0,13,15,2,784
10.0,13,15,3,787
10.0,13,15,4,789
10.0,13,15,5,792
10.0,13,15,6,794
10.0,13,15,7,797
10.0,13,15,8,799
10.0,13,15,9,802
10.0,13,15,10,804
10.0,13,15,11,807
10.0,13,15,12,809
10.0,13,15,13,811
10.0,13,15,14,814
10.0,13,15,15,816
10.0,14,0,0,746
10.0,14,0,1,748
10.0,14,0,2,750
10.0,14,0,3,753
10.0,14,0,4,755
10.0,14,0,5,757
10.0,14,0,6,760
10.0,14,0,7,762
10.0,14,0,8,765
10.0,14,0,9,767
10.0,14,0,10,769
10.0,14,0,11,772
10.0,14,0,12,774
10.0,14,0,13,776
10.0,14,0,14,778
10.0,14,0,15,781
10.0,14,1,0,748
10.0,14,1,1,750
10.0,14,1,2,753
10.0,14,1,3,755
10.0,14,1,4,758
10.0,14,1,5,760
10.0,14,1,6,762
10.0,14,1,7,765
10.0,14,1,8,767
10.0,14,1,9,769
10.0,14,1,10,772
10.0,14,1,11,774
10.0,14,1,12,776
10.0,14,1,13,779
10.0,14,1,14,781
10.0,14,1,15,783
10.0,14,2,0,751
10.0,14,2,1,753
10.0,14,2,2,755
10.0,14,2,3,758
10.0,14,2,4,760
10.0,14,2,5,763
10.0,14,2,6,765
10.0,14,2,7,767
10.0,14,2,8,770
10.0,14,2,9,772
10.0,14,2,10,774
10.0,14,2,11,777
10.0,14,2,12,779
10.0,14,2,13,781
10.0,14,2,14,784
10.0,14,2,15,786
10.0,14,3,0,753
10.0,14,3,1,755
10.0,14,3,2,758
10.0,14,3,3,760
10.0,14,3,4,763
10.0,14,3,5,765
10.0,14,3,6,767
10.0,14,3,7,770
10.0,14,3,8,772
10.0,14,3,9,775
10.0,14,3,10,777
10.0,14,3,11,779
10.0,14,3,12,782
10.0,14,3,13,784
10.0,14,3,14,786
10.0,14,3,15,789
10.0,14,4,0,755
10.0,14,4,1,758
10.0,14,4,2,760
10.0,14,4,3,763
10.0,14,4,4,765
10.0,14,4,5,768
10.0,14,4,6,770
10.0,14,4,7,772
10.0,14,4,8,775
10.0,14,4,9,777
10.0,14,4,10,779
10.0,14,4,11,782
10.0,14,4,12,784
10.0,14,4,13,787
10.0,14,4,14,789
10.0,14,4,15,791
10.0,14,5,0,758
10.0,14,5,1,760
10.0,14,5,2,763
10.0,14,5,3,765
10.0,14,5,4,768
10.0,14,5,5,770
10.0,14,5,6,772
10.0,14,5,7,775
10.0,14,5,8,777
10.0,14,5,9,780
10.0,14,5,10,782
10.0,14,5,11,784
10.0,14,5,12,787
10.0,14,5,13,789
10.0,14,5,14,791
10.0,14,5,15,794
10.0,14,6,0,760
10.0,14,6,1,763
10.0,14,6,2,765
10.0,14,6,3,768
10.0,14,6,4,770
10.0,14,6,5,773
10.0,14,6,6,775
10.0,14,6,7,777
10.0,14,6,8,780
10.0,14,6,9,782
10.0,14,6,10,785
10.0,14,6,11,787
10.0,14,6,12,789
10.0,14,6,13,792
10.0,14,6,14,794
10.0,14,6,15,796
10.0,14,7,0,763
10.0,14,7,1,765
10.0,14,7,2,768
10.0,14,7,3,770
10.0,14,7,4,773
10.0,14,7,5,775
10.0,14,7,6,777
10.0,14,7,7,780
10.0,14,7,8,782
10.0,14,7,9,785
10.0,14,7,10,787
10.0,14,7,11,789
10.0,14,7,12,792
10.0,14,7,13,794
10.0,14,7,14,797
10.0,14,7,15,799
10.0,14,8,0,765
10.0,14,8,1,768
10.0,14,8,2,770
10.0,14,8,3,773
10.0,14,8,4,775
10.0,14,8,5,778
10.0,14,8,6,780
10.0,14,8,7,782
10.0,14,8,8,785
10.0,14,8,9,787
10.0,14,8,10,790
10.0,14,8,11,792
10.0,14,8,12,794
10.0,14,8,13,797
10.0,14,8,14,799
10.0,14,8,15,801
10.0,14,9,0,768
10.0,14,9,1,770
10.0,14,9,2,773
10.0,14,9,3,775
10.0,14,9,4,778
10.0,14,9,5,780
10.0,14,9,6,782
10.0,14,9,7,785
10.0,14,9,8,787
10.0,14,9,9,790
10.0,14,9,10,792
10.0,14,9,11,795
10.0,14,9,12,797
10.0,14,9,13,799
10.0,14,9,14,802
10.0,14,9,15,804
10.0,14,10,0,770
10.0,14,10,1,773
10.0,14,10,2,775
10.0,14,10,3,778
10.0,14,10,4,780
10.0,14,10,5,782
10.0,14,10,6,785
10.0,14,10,7,787
10.0,14,10,8,790
10.0,14,10,9,792
10.0,14,10,10,795
10.0,14,10,11,797
10.0,14,10,12,799
10.0,14,10,13,802
10.0,14,10,14,804
10.0,14,10,15,807
10.0,14,11,0,773
10.0,14,11,1,775
10.0,14,11,2,778
10.0,14,11,3,780
10.0,14,11,4,782
10.0,14,11,5,785
10.0,14,11,6,787
10.0,14,11,7,790
10.0,14,11,8,792
10.0,14,11,9,795
10.0,14,11,10,797
10.0,14,11,11,800
10.0,14,11,12,802
10.0,14,11,13,804
10.0,14,11,14,807
10.0,14,11,15,809
10.0,14,12,0,775
10.0,14,12,1,777
10.0,14,12,2,780
10.0,14,12,3,782
10.0,14,12,4,785
10.0,14,12,5,787
10.0,14,12,6,790
10.0,14,12,7,792
10.0,14,12,8,795
10.0,14,12,9,797
10.0,14,12,10,800
10.0,14,12,11,802
10.0,14,12,12,804
10.0,14,12,13,807
10.0,14,12,14,809
10.0,14,12,15,812
10.0,14,13,0,777
10.0,14,13,1,780
10.0,14,13,2,782
10.0,14,13,3,785
10.0,14,13,4,787
10.0,14,13,5,790
10.0,14,13,6,792
10.0,14,13,7,795
10.0,14,13,8,797
10.0,14,13,9,800
10.0,14,13,10,802
10.0,14,13,11,805
10.0,14,13,12,807
10.0,14,13,13,809
10.0,14,13,14,812
10.0,14,13,15,814
10.0,14,14,0,780
10.0,14,14,1,782
10.0,14,14,2,785
10.0,14,14,3,787
10.0,14,14,4,790
10.0,14,14,5,792
10.0,14,14,6,795
10.0,14,14,7,797
10.0,14,14,8,800
10.0,14,14,9,802
10.0,14,14,10,805
10.0,14,14,11,807
10.0,14,14,12,809
10.0,14,14,13,812
10.0,14,14,14,814
10.0,14,14,15,817
10.0,14,15,0,782
10.0,14,15,1,785
10.0,14,15,2,787
10.0,14,15,3,790
10.0,14,15,4,792
10.0,14,15,5,795
10.0,14,15,6,797
10.0,14,15,7,800
10.0,14,15,8,802
10.0,14,15,9,805
10.0,14,15,10,807
10.0,14,15,11,809
10.0,14,15,12,812
10.0,14,15,13,814
10.0,14,15,14,817
10.0,14,15,15,819
10.0,15,0,0,748
10.0,15,0,1,751
10.0,15,0,2,753
10.0,15,0,3,755
10.0,15,0,4,758
10.0,15,0,5,760
10.0,15,0,6,763
10.0,15,0,7,765
10.0,15,0,8,767
10.0,15,0,9,770
10.0,15,0,10,772
10.0,15,0,11,774
10.0,15,0,12,777
10.0,15,0,13,779
10.0,15,0,14,781
10.0,15,0,15,784
10.0,15,1,0,751
10.0,15,1,1,753
10.0,15,1,2,756
10.0,15,1,3,758
10.0,15,1,4,760
10.0,15,1,5,763
10.0,15,1,6,765
10.0,15,1,7,768
10.0,15,1,8,770
10.0,15,1,9,772
10.0,15,1,10,775
10.0,15,1,11,777
10.0,15,1,12,779
10.0,15,1,13,782
10.0,15,1,14,784
10.0,15,1,15,786
10.0,15,2,0,753
10.0,15,2,1,756
10.0,15,2,2,758
10.0,15,2,3,760
10.0,15,2,4,763
10.0,15,2,5,765
10.0,15,2,6,768
10.0,15,2,7,770
10.0,15,2,8,772
10.0,15,2,9,775
10.0,15,2,10,777
10.0,15,2,11,780
10.0,15,2,12,782
10.0,15,2,13,784
10.0,15,2,14,787
10.0,15,2,15,789
10.0,15,3,0,756
10.0,15,3,1,758
10.0,15,3,2,761
10.0,15,3,3,763
10.0,15,3,4,765
10.0,15,3,5,768
10.0,15,3,6,770
10.0,15,3,7,773
10.0,15,3,8,775
10.0,15,3,9,777
10.0,15,3,10,780
10.0,15,3,11,782
10.0,15,3,12,784
10.0,15,3,13,787
10.0,15,3,14,789
10.0,15,3,15,791
10.0,15,4,0,758
10.0,15,4,1,761
10.0,15,4,2,763
10.0,15,4,3,766
10.0,15,4,4,768
10.0,15,4,5,770
10.0,15,4,6,773
10.0,15,4,7,775
10.0,15,4,8,778
10.0,15,4,9,780
10.0,15,4,10,782
10.0,15,4,11,785
10.0,15,4,12,787
10.0,15,4,13,789
10.0,15,4,14,792
10.0,15,4,15,794
10.0,15,5,0,761
10.0,15,5,1,763
10.0,15,5,2,766
10.0,15,5,3,768
10.0,15,5,4,770
10.0,15,5,5,773
10.0,15,5,6,775
10.0,15,5,7,778
10.0,15,5,8,780
10.0,15,5,9,782
10.0,15,5,10,785
10.0,15,5,11,787
10.0,15,5,12,790
10.0,15,5,13,792
10.0,15,5,14,794
10.0,15,5,15,797
10.0,15,6,0,763
10.0,15,6,1,766
10.0,15,6,2,768
10.0,15,6,3,771
10.0,15,6,4,773
10.0,15,6,5,775
10.0,15,6,6,778
10.0,15,6,7,780
10.0,15,6,8,783
10.0,15,6,9,785
10.0,15,6,10,787
10.0,15,6,11,790
10.0,15,6,12,792
10.0,15,6,13,795
10.0,15,6,14,797
10.0,15,6,15,799
10.0,15,7,0,766
10.0,15,7,1,768
10.0,15,7,2,771
10.0,15,7,3,773
10.0,15,7,4,775
10.0,15,7,5,778
10.0,15,7,6,780
10.0,15,7,7,783
10.0,15,7,8,785
10.0,15,7,9,788
10.0,15,7,10,790
10.0,15,7,11,792
10.0,15,7,12,795
10.0,15,7,13,797
10.0,15,7,14,799
10.0,15,7,15,802
10.0,15,8,0,768
10.0,15,8,1,771
10.0,15,8,2,773
10.0,15,8,3,775
10.0,15,8,4,778
10.0,15,8,5,780
10.0,15,8,6,783
10.0,15,8,7,785
10.0,15,8,8,788
10.0,15,8,9,790
10.0,15,8,10,792
10.0,15,8,11,795
10.0,15,8,12,797
10.0,15,8,13,800
10.0,15,8,14,802
10.0,15,8,15,804
10.0,15,9,0,771
10.0,15,9,1,773
10.0,15,9,2,775
10.0,15,9,3,778
10.0,15,9,4,780
10.0,15,9,5,783
10.0,15,9,6,785
10.0,15,9,7,788
10.0,15,9,8,790
10.0,15,9,9,793
10.0,15,9,10,795
10.0,15,9,11,797
10.0,15,9,12,800
10.0,15,9,13,802
10.0,15,9,14,805
10.0,15,9,15,807
10.0,15,10,0,773
10.0,15,10,1,775
10.0,15,10,2,778
10.0,15,10,3,780
10.0,15,10,4,783
10.0,15,10,5,785
10.0,15,10,6,788
10.0,15,10,7,790
10.0,15,10,8,793
10.0,15,10,9,795
10.0,15,10,10,798
10.0,15,10,11,800
10.0,15,10,12,802
10.0,15,10,13,805
10.0,15,10,14,807
10.0,15,10,15,810
10.0,15,11,0,775
10.0,15,11,1,778
10.0,15,11,2,780
10.0,15,11,3,783
10.0,15,11,4,785
10.0,15,11,5,788
10.0,15,11,6,790
10.0,15,11,7,793
10.0,15,11,8,795
10.0,15,11,9,798
10.0,15,11,10,800
10.0,15,11,11,802
10.0,15,11,12,805
10.0,15,11,13,807
10.0,15,11,14,810
10.0,15,11,15,812
10.0,15,12,0,778
10.0,15,12,1,780
10.0,15,12,2,783
10.0,15,12,3,785
10.0,15,12,4,788
10.0,15,12,5,790
10.0,15,12,6,793
10.0,15,12,7,795
10.0,15,12,8,798
10.0,15,12,9,800
10.0,15,12,10,803
10.0,15,12,11,805
10.0,15,12,12,807
10.0,15,12,13,810
10.0,15,12,14,812
10.0,15,12,15,815
10.0,15,13,0,780
10.0,15,13,1,783
10.0,15,13,2,785
10.0,15,13,3,788
10.0,15,13,4,790
10.0,15,13,5,793
10.0,15,13,6,795
10.0,15,13,7,798
10.0,15,13,8,800
10.0,15,13,9,803
10.0,15,13,10,805
10.0,15,13,11,807
10.0,15,13,12,810
10.0,15,13,13,812
10.0,15,13,14,815
10.0,15,13,15,817
10.0,15,14,0,783
10.0,15,14,1,785
10.0,15,14,2,788
10.0,15,14,3,790
10.0,15,14,4,793
10.0,15,14,5,795
10.0,15,14,6,798
10.0,15,14,7,800
10.0,15,14,8,803
10.0,15,14,9,805
10.0,15,14,10,807
10.0,15,14,11,810
10.0,15,14,12,812
10.0,15,14,13,815
10.0,15,14,14,817
10.0,15,14,15,820
10.0,15,15,0,785
10.0,15,15,1,788
10.0,15,15,2,790
10.0,15,15,3,793
10.0,15,15,4,795
10.0,15,15,5,798
10.0,15,15,6,800
10.0,15,15,7,803
10.0,15,15,8,805
10.0,15,15,9,807
10.0,15,15,10,810
10.0,15,15,11,812
10.0,15,15,12,815
10.0,15,15,13,817
10.0,15,15,14,820
10.0,15,15,15,822
10.5,0,0,0,743
10.5,0,0,1,745
10.5,0,0,2,748
10.5,0,0,3,750
10.5,0,0,4,752
10.5,0,0,5,755
10.5,0,0,6,757
10.5,0,0,7,760
10.5,0,0,8,762
10.5,0,0,9,764
10.5,0,0,10,767
10.5,0,0,11,769
10.5,0,0,12,771
10.5,0,0,13,773
10.5,0,0,14,776
10.5,0,0,15,778
10.5,0,1,0,745
10.5,0,1,1,748
10.5,0,1,2,750
10.5,0,1,3,753
10.5,0,1,4,755
10.5,0,1,5,757
10.5,0,1,6,760
10.5,0,1,7,762
10.5,0,1,8,764
10.5,0,1,9,767
10.5,0,1,10,769
10.5,0,1,11,771
10.5,0,1,12,774
10.5,0,1,13,776
10.5,0,1,14,778
10.5,0,1,15,781
10.5,0,2,0,748
10.5,0,2,1,750
10.5,0,2,2,753
10.5,0,2,3,755
10.5,0,2,4,757
10.5,0,2,5,760
10.5,0,2,6,762
10.5,0,2,7,765
10.5,0,2,8,767
10.5,0,2,9,769
10.5,0,2,10,772
10.5,0,2,11,774
10.5,0,2,12,776
10.5,0,2,13,779
10.5,0,2,14,781
10.5,0,2,15,783
10.5,0,3,0,750
10.5,0,3,1,753
10.5,0,3,2,755
10.5,0,3,3,758
10.5,0,3,4,760
10.5,0,3,5,762
10.5,0,3,6,765
10.5,0,3,7,767
10.5,0,3,8,769
10.5,0,3,9,772
10.5,0,3,10,774
10.5,0,3,11,777
10.5,0,3,12,779
10.5,0,3,13,781
10.5,0,3,14,784
10.5,0,3,15,786
10.5,0,4,0,753
10.5,0,4,1,755
10.5,0,4,2,758
10.5,0,4,3,760
10.5,0,4,4,762
10.5,0,4,5,765
10.5,0,4,6,767
10.5,0,4,7,770
10.5,0,4,8,772
10.5,0,4,9,774
10.5,0,4,10,777
10.5,0,4,11,779
10.5,0,4,12,781
10.5,0,4,13,784
10.5,0,4,14,786
10.5,0,4,15,788
10.5,0,5,0,755
10.5,0,5,1,758
10.5,0,5,2,760
10.5,0,5,3,763
10.5,0,5,4,765
10.5,0,5,5,767
10.5,0,5,6,770
10.5,0,5,7,772
10.5,0,5,8,775
10.5,0,5,9,777
10.5,0,5,10,779
10.5,0,5,11,782
10.5,0,5,12,784
10.5,0,5,13,786
10.5,0,5,14,789
10.5,0,5,15,791
10.5,0,6,0,758
10.5,0,6,1,760
10.5,0,6,2,763
10.5,0,6,3,765
10.5,0,6,4,767
10.5,0,6,5,770
10.5,0,6,6,772
10.5,0,6,7,775
10.5,0,6,8,777
10.5,0,6,9,779
10.5,0,6,10,782
10.5,0,6,11,784
10.5,0,6,12,787
10.5,0,6,13,789
10.5,0,6,14,791
10.5,0,6,15,794
10.5,0,7,0,760
10.5,0,7,1,763
10.5,0,7,2,765
10.5,0,7,3,767
10.5,0,7,4,770
10.5,0,7,5,772
10.5,0,7,6,775
10.5,0,7,7,777
10.5,0,7,8,780
10.5,0,7,9,782
10.5,0,7,10,784
10.5,0,7,11,787
10.5,0,7,12,789
10.5,0,7,13,791
10.5,0,7,14,794
10.5,0,7,15,796
10.5,0,8,0,763
10.5,0,8,1,765
10.5,0,8,2,768
10.5,0,8,3,770
10.5,0,8,4,772
10.5,0,8,5,775
10.5,0,8,6,777
10.5,0,8,7,780
10.5,0,8,8,782
10.5,0,8,9,784
10.5,0,8,10,787
10.5,0,8,11,789
10.5,0,8,12,792
10.5,0,8,13,794
10.5,0,8,14,796
10.5,0,8,15,799
10.5,0,9,0,765
10.5,0,9,1,767
10.5,0,9,2,770
10.5,0,9,3,772
10.5,0,9,4,775
10.5,0,9,5,777
10.5,0,9,6,780
10.5,0,9,7,782
10.5,0,9,8,785
10.5,0,9,9,787
10.5,0,9,10,789
10.5,0,9,11,792
10.5,0,9,12,794
10.5,0,9,13,796
10.5,0,9,14,799
10.5,0,9,15,801
10.5,0,10,0,767
10.5,0,10,1,770
10.5,0,10,2,772
10.5,0,10,3,775
10.5,0,10,4,777
10.5,0,10,5,780
10.5,0,10,6,782
10.5,0,10,7,785
10.5,0,10,8,787
10.5,0,10,9,789
10.5,0,10,10,792
10.5,0,10,11,794
10.5,0,10,12,797
10.5,0,10,13,799
10.5,0,10,14,801
10.5,0,10,15,804
10.5,0,11,0,770
10.5,0,11,1,772
10.5,0,11,2,775
10.5,0,11,3,777
10.5,0,11,4,780
10.5,0,11,5,782
10.5,0,11,6,785
10.5,0,11,7,787
10.5,0,11,8,789
10.5,0,11,9,792
10.5,0,11,10,794
10.5,0,11,11,797
10.5,0,11,12,799
10.5,0,11,13,802
10.5,0,11,14,804
10.5,0,11,15,806
10.5,0,12,0,772
10.5,0,12,1,775
10.5,0,12,2,777
10.5,0,12,3,780
10.5,0,12,4,782
10.5,0,12,5,785
10.5,0,12,6,787
10.5,0,12,7,790
10.5,0,12,8,792
10.5,0,12,9,794
10.5,0,12,10,797
10.5,0,12,11,799
10.5,0,12,12,802
10.5,0,12,13,804
10.5,0,12,14,806
10.5,0,12,15,809
10.5,0,13,0,775
10.5,0,13,1,777
10.5,0,13,2,780
10.5,0,13,3,782
10.5,0,13,4,785
10.5,0,13,5,787
10.5,0,13,6,790
10.5,0,13,7,792
10.5,0,13,8,794
10.5,0,13,9,797
10.5,0,13,10,799
10.5,0,13,11,802
10.5,0,13,12,804
10.5,0,13,13,807
10.5,0,13,14,809
10.5,0,13,15,811
10.5,0,14,0,777
10.5,0,14,1,780
10.5,0,14,2,782
10.5,0,14,3,785
10.5,0,14,4,787
10.5,0,14,5,789
10.5,0,14,6,792
10.5,0,14,7,794
10.5,0,14,8,797
10.5,0,14,9,799
10.5,0,14,10,802
10.5,0,14,11,804
10.5,0,14,12,807
10.5,0,14,13,809
10.5,0,14,14,811
10.5,0,14,15,814
10.5,0,15,0,779
10.5,0,15,1,782
10.5,0,15,2,784
10.5,0,15,3,787
10.5,0,15,4,789
10.5,0,15,5,792
10.5,0,15,6,794
10.5,0,15,7,797
10.5,0,15,8,799
10.5,0,15,9,802
10.5,0,15,10,804
10.5,0,15,11,807
10.5,0,15,12,809
10.5,0,15,13,811
10.5,0,15,14,814
10.5,0,15,15,816
10.5,1,0,0,746
10.5,1,0,1,748
10.5,1,0,2,751
10.5,1,0,3,753
10.5,1,0,4,755
10.5,1,0,5,758
10.5,1,0,6,760
10.5,1,0,7,762
10.5,1,0,8,765
10.5,1,0,9,767
10.5,1,0,10,769
10.5,1,0,11,772
10.5,1,0,12,774
10.5,1,0,13,776
10.5,1,0,14,779
10.5,1,0,15,781
10.5,1,1,0,748
10.5,1,1,1,751
10.5,1,1,2,753
10.5,1,1,3,755
10.5,1,1,4,758
10.5,1,1,5,760
10.5,1,1,6,763
10.5,1,1,7,765
10.5,1,1,8,767
10.5,1,1,9,770
10.5,1,1,10,772
10.5,1,1,11,774
10.5,1,1,12,777
10.5,1,1,13,779
10.5,1,1,14,781
10.5,1,1,15,784
10.5,1,2,0,751
10.5,1,2,1,753
10.5,1,2,2,756
10.5,1,2,3,758
10.5,1,2,4,760
10.5,1,2,5,763
10.5,1,2,6,765
10.5,1,2,7,768
10.5,1,2,8,770
10.5,1,2,9,772
10.5,1,2,10,775
10.5,1,2,11,777
10.5,1,2,12,779
10.5,1,2,13,782
10.5,1,2,14,784
10.5,1,2,15,786
10.5,1,3,0,753
10.5,1,3,1,756
10.5,1,3,2,758
10.5,1,3,3,760
10.5,1,3,4,763
10.5,1,3,5,765
10.5,1,3,6,768
10.5,1,3,7,770
10.5,1,3,8,772
10.5,1,3,9,775
10.5,1,3,10,777
10.5,1,3,11,780
10.5,1,3,12,782
10.5,1,3,13,784
10.5,1,3,14,787
10.5,1,3,15,789
10.5,1,4,0,756
10.5,1,4,1,758
10.5,1,4,2,761
10.5,1,4,3,763
10.5,1,4,4,765
10.5,1,4,5,768
10.5,1,4,6,770
10.5,1,4,7,773
10.5,1,4,8,775
10.5,1,4,9,777
10.5,1,4,10,780
10.5,1,4,11,782
10.5,1,4,12,784
10.5,1,4,13,787
10.5,1,4,14,789
10.5,1,4,15,791
10.5,1,5,0,758
10.5,1,5,1,761
10.5,1,5,2,763
10.5,1,5,3,765
10.5,1,5,4,768
10.5,1,5,5,770
10.5,1,5,6,773
10.5,1,5,7,775
10.5,1,5,8,778
10.5,1,5,9,780
10.5,1,5,10,782
10.5,1,5,11,785
10.5,1,5,12,787
10.5,1,5,13,789
10.5,1,5,14,792
10.5,1,5,15,794
10.5,1,6,0,761
10.5,1,6,1,763
10.5,1,6,2,766
10.5,1,6,3,768
10.5,1,6,4,770
10.5,1,6,5,773
10.5,1,6,6,775
10.5,1,6,7,778
10.5,1,6,8,780
10.5,1,6,9,782
10.5,1,6,10,785
10.5,1,6,11,787
10.5,1,6,12,790
10.5,1,6,13,792
10.5,1,6,14,794
10.5,1,6,15,797
10.5,1,7,0,763
10.5,1,7,1,766
10.5,1,7,2,768
10.5,1,7,3,770
10.5,1,7,4,773
10.5,1,7,5,775
10.5,1,7,6,778
10.5,1,7,7,780
10.5,1,7,8,783
10.5,1,7,9,785
10.5,1,7,10,787
10.5,1,7,11,790
10.5,1,7,12,792
10.5,1,7,13,794
10.5,1,7,14,797
10.5,1,7,15,799
10.5,1,8,0,766
10.5,1,8,1,768
10.5,1,8,2,770
10.5,1,8,3,773
10.5,1,8,4,775
10.5,1,8,5,778
10.5,1,8,6,780
10.5,1,8,7,783
10.5,1,8,8,785
10.5,1,8,9,787
10.5,1,8,10,790
10.5,1,8,11,792
10.5,1,8,12,795
10.5,1,8,13,797
10.5,1,8,14,799
10.5,1,8,15,802
10.5,1,9,0,768
10.5,1,9,1,770
10.5,1,9,2,773
10.5,1,9,3,775
10.5,1,9,4,778
10.5,1,9,5,780
10.5,1,9,6,783
10.5,1,9,7,785
10.5,1,9,8,788
10.5,1,9,9,790
10.5,1,9,10,792
10.5,1,9,11,795
10.5,1,9,12,797
10.5,1,9,13,800
10.5,1,9,14,802
10.5,1,9,15,804
10.5,1,10,0,770
10.5,1,10,1,773
10.5,1,10,2,775
10.5,1,10,3,778
10.5,1,10,4,780
10.5,1,10,5,783
10.5,1,10,6,785
10.5,1,10,7,788
10.5,1,10,8,790
10.5,1,10,9,792
10.5,1,10,10,795
10.5,1,10,11,797
10.5,1,10,12,800
10.5,1,10,13,802
10.5,1,10,14,804
10.5,1,10,15,807
10.5,1,11,0,773
10.5,1,11,1,775
10.5,1,11,2,778
10.5,1,11,3,780
10.5,1,11,4,783
10.5,1,11,5,785
10.5,1,11,6,788
10.5,1,11,7,790
10.5,1,11,8,793
10.5,1,11,9,795
10.5,1,11,10,797
10.5,1,11,11,800
10.5,1,11,12,802
10.5,1,11,13,805
10.5,1,11,14,807
10.5,1,11,15,809
10.5,1,12,0,775
10.5,1,12,1,778
10.5,1,12,2,780
10.5,1,12,3,783
10.5,1,12,4,785
10.5,1,12,5,788
10.5,1,12,6,790
10.5,1,12,7,793
10.5,1,12,8,795
10.5,1,12,9,797
10.5,1,12,10,800
10.5,1,12,11,802
10.5,1,12,12,805
10.5,1,12,13,807
10.5,1,12,14,810
10.5,1,12,15,812
10.5,1,13,0,778
10.5,1,13,1,780
10.5,1,13,2,783
10.5,1,13,3,785
10.5,1,13,4,788
10.5,1,13,5,790
10.5,1,13,6,793
10.5,1,13,7,795
10.5,1,13,8,797
10.5,1,13,9,800
10.5,1,13,10,802
10.5,1,13,11,805
10.5,1,13,12,807
10.5,1,13,13,810
10.5,1,13,14,812
10.5,1,13,15,814
10.5,1,14,0,780
10.5,1,14,1,783
10.5,1,14,2,785
10.5,1,14,3,788
10.5,1,14,4,790
10.5,1,14,5,793
10.5,1,14,6,795
10.5,1,14,7,797
10.5,1,14,8,800
10.5,1,14,9,802
10.5,1,14,10,805
10.5,1,14,11,807
10.5,1,14,12,810
10.5,1,14,13,812
10.5,1,14,14,815
10.5,1,14,15,817
10.5,1,15,0,782
10.5,1,15,1,785
10.5,1,15,2,787
10.5,1,15,3,790
10.5,1,15,4,792
10.5,1,15,5,795
10.5,1,15,6,797
10.5,1,15,7,800
10.5,1,15,8,802
10.5,1,15,9,805
10.5,1,15,10,807
10.5,1,15,11,810
10.5,1,15,12,812
10.5,1,15,13,815
10.5,1,15,14,817
10.5,1,15,15,819
10.5,2,0,0,749
10.5,2,0,1,751
10.5,2,0,2,753
10.5,2,0,3,756
10.5,2,0,4,758
10.5,2,0,5,761
10.5,2,0,6,763
10.5,2,0,7,765
10.5,2,0,8,768
10.5,2,0,9,770
10.5,2,0,10,772
10.5,2,0,11,775
10.5,2,0,12,777
10.5,2,0,13,779
10.5,2,0,14,782
10.5,2,0,15,784
10.5,2,1,0,751
10.5,2,1,1,754
10.5,2,1,2,756
10.5,2,1,3,758
10.5,2,1,4,761
10.5,2,1,5,763
10.5,2,1,6,766
10.5,2,1,7,768
10.5,2,1,8,770
10.5,2,1,9,773
10.5,2,1,10,775
10.5,2,1,11,777
10.5,2,1,12,780
10.5,2,1,13,782
10.5,2,1,14,784
10.5,2,1,15,787
10.5,2,2,0,754
10.5,2,2,1,756
10.5,2,2,2,758
10.5,2,2,3,761
10.5,2,2,4,763
10.5,2,2,5,766
10.5,2,2,6,768
10.5,2,2,7,770
10.5,2,2,8,773
10.5,2,2,9,775
10.5,2,2,10,778
10.5,2,2,11,780
10.5,2,2,12,782
10.5,2,2,13,785
10.5,2,2,14,787
10.5,2,2,15,789
10.5,2,3,0,756
10.5,2,3,1,759
10.5,2,3,2,761
10.5,2,3,3,763
10.5,2,3,4,766
10.5,2,3,5,768
10.5,2,3,6,771
10.5,2,3,7,773
10.5,2,3,8,775
10.5,2,3,9,778
10.5,2,3,10,780
10.5,2,3,11,782
10.5,2,3,12,785
10.5,2,3,13,787
10.5,2,3,14,790
10.5,2,3,15,792
10.5,2,4,0,759
10.5,2,4,1,761
10.5,2,4,2,763
10.5,2,4,3,766
10.5,2,4,4,768
10.5,2,4,5,771
10.5,2,4,6,773
10.5,2,4,7,776
10.5,2,4,8,778
10.5,2,4,9,780
10.5,2,4,10,783
10.5,2,4,11,785
10.5,2,4,12,787
10.5,2,4,13,790
10.5,2,4,14,792
10.5,2,4,15,794
10.5,2,5,0,761
10.5,2,5,1,764
10.5,2,5,2,766
10.5,2,5,3,768
10.5,2,5,4,771
10.5,2,5,5,773
10.5,2,5,6,776
10.5,2,5,7,778
10.5,2,5,8,780
10.5,2,5,9,783
10.5,2,5,10,785
10.5,2,5,11,788
10.5,2,5,12,790
10.5,2,5,13,792
10.5,2,5,14,795
10.5,2,5,15,797
10.5,2,6,0,764
10.5,2,6,1,766
10.5,2,6,2,768
10.5,2,6,3,771
10.5,2,6,4,773
10.5,2,6,5,776
10.5,2,6,6,778
10.5,2,6,7,781
10.5,2,6,8,783
10.5,2,6,9,785
10.5,2,6,10,788
10.5,2,6,11,790
10.5,2,6,12,793
10.5,2,6,13,795
10.5,2,6,14,797
10.5,2,6,15,800
10.5,2,7,0,766
10.5,2,7,1,768
10.5,2,7,2,771
10.5,2,7,3,773
10.5,2,7,4,776
10.5,2,7,5,778
10.5,2,7,6,781
10.5,2,7,7,783
10.5,2,7,8,786
10.5,2,7,9,788
10.5,2,7,10,790
10.5,2,7,11,793
10.5,2,7,12,795
10.5,2,7,13,797
10.5,2,7,14,800
10.5,2,7,15,802
10.5,2,8,0,768
10.5,2,8,1,771
10.5,2,8,2,773
10.5,2,8,3,776
10.5,2,8,4,778
10.5,2,8,5,781
10.5,2,8,6,783
10.5,2,8,7,786
10.5,2,8,8,788
10.5,2,8,9,790
10.5,2,8,10,793
10.5,2,8,11,795
10.5,2,8,12,798
10.5,2,8,13,800
10.5,2,8,14,802
10.5,2,8,15,805
10.5,2,9,0,771
10.5,2,9,1,773
10.5,2,9,2,776
10.5,2,9,3,778
10.5,2,9,4,781
10.5,2,9,5,783
10.5,2,9,6,786
10.5,2,9,7,788
10.5,2,9,8,791
10.5,2,9,9,793
10.5,2,9,10,795
10.5,2,9,11,798
10.5,2,9,12,800
10.5,2,9,13,803
10.5,2,9,14,805
10.5,2,9,15,807
10.5,2,10,0,773
10.5,2,10,1,776
10.5,2,10,2,778
10.5,2,10,3,781
10.5,2,10,4,783
10.5,2,10,5,786
10.5,2,10,6,788
10.5,2,10,7,791
10.5,2,10,8,793
10.5,2,10,9,795
10.5,2,10,10,798
10.5,2,10,11,800
10.5,2,10,12,803
10.5,2,10,13,805
10.5,2,10,14,808
10.5,2,10,15,810
10.5,2,11,0,776
10.5,2,11,1,778
10.5,2,11,2,781
10.5,2,11,3,783
10.5,2,11,4,786
10.5,2,11,5,788
10.5,2,11,6,791
10.5,2,11,7,793
10.5,2,11,8,796
10.5,2,11,9,798
10.5,2,11,10,800
10.5,2,11,11,803
10.5,2,11,12,805
10.5,2,11,13,808
10.5,2,11,14,810
10.5,2,11,15,812
10.5,2,12,0,778
10.5,2,12,1,781
10.5,2,12,2,783
10.5,2,12,3,786
10.5,2,12,4,788
10.5,2,12,5,791
10.5,2,12,6,793
10.5,2,12,7,796
10.5,2,12,8,798
10.5,2,12,9,800
10.5,2,12,10,803
10.5,2,12,11,805
10.5,2,12,12,808
10.5,2,12,13,810
10.5,2,12,14,813
10.5,2,12,15,815
10.5,2,13,0,781
10.5,2,13,1,783
10.5,2,13,2,786
10.5,2,13,3,788
10.5,2,13,4,791
10.5,2,13,5,793
10.5,2,13,6,796
10.5,2,13,7,798
10.5,2,13,8,801
10.5,2,13,9,803
10.5,2,13,10,805
10.5,2,13,11,808
10.5,2,13,12,810
10.5,2,13,13,813
10.5,2,13,14,815
10.5,2,13,15,818
10.5,2,14,0,783
10.5,2,14,1,786
10.5,2,14,2,788
10.5,2,14,3,791
10.5,2,14,4,793
10.5,2,14,5,796
10.5,2,14,6,798
10.5,2,14,7,801
10.5,2,14,8,803
10.5,2,14,9,805
10.5,2,14,10,808
10.5,2,14,11,810
10.5,2,14,12,813
10.5,2,14,13,815
10.5,2,14,14,818
10.5,2,14,15,820
10.5,2,15,0,785
10.5,2,15,1,788
10.5,2,15,2,790
10.5,2,15,3,793
10.5,2,15,4,795
10.5,2,15,5,798
10.5,2,15,6,800
10.5,2,15,7,803
10.5,2,15,8,805
10.5,2,15,9,808
10.5,2,15,10,810
10.5,2,15,11,813
10.5,2,15,12,815
10.5,2,15,13,818
10.5,2,15,14,820
10.5,2,15,15,823
10.5,3,0,0,751
10.5,3,0,1,754
10.5,3,0,2,756
10.5,3,0,3,759
10.5,3,0,4,761
10.5,3,0,5,763
10.5,3,0,6,766
10.5,3,0,7,768
10.5,3,0,8,771
10.5,3,0,9,773
10.5,3,0,10,775
10.5,3,0,11,778
10.5,3,0,12,780
10.5,3,0,13,782
10.5,3,0,14,785
10.5,3,0,15,787
10.5,3,1,0,754
10.5,3,1,1,756
10.5,3,1,2,759
10.5,3,1,3,761
10.5,3,1,4,764
10.5,3,1,5,766
10.5,3,1,6,768
10.5,3,1,7,771
10.5,3,1,8,773
10.5,3,1,9,776
10.5,3,1,10,778
10.5,3,1,11,780
10.5,3,1,12,783
10.5,3,1,13,785
10.5,3,1,14,787
10.5,3,1,15,790
10.5,3,2,0,756
10.5,3,2,1,759
10.5,3,2,2,761
10.5,3,2,3,764
10.5,3,2,4,766
10.5,3,2,5,769
10.5,3,2,6,771
10.5,3,2,7,773
10.5,3,2,8,776
10.5,3,2,9,778
10.5,3,2,10,781
10.5,3,2,11,783
10.5,3,2,12,785
10.5,3,2,13,788
10.5,3,2,14,790
10.5,3,2,15,792
10.5,3,3,0,759
10.5,3,3,1,761
10.5,3,3,2,764
10.5,3,3,3,766
10.5,3,3,4,769
10.5,3,3,5,771
10.5,3,3,6,774
10.5,3,3,7,776
10.5,3,3,8,778
10.5,3,3,9,781
10.5,3,3,10,783
10.5,3,3,11,785
10.5,3,3,12,788
10.5,3,3,13,790
10.5,3,3,14,793
10.5,3,3,15,795
10.5,3,4,0,761
10.5,3,4,1,764
10.5,3,4,2,766
10.5,3,4,3,769
10.5,3,4,4,771
10.5,3,4,5,774
10.5,3,4,6,776
10.5,3,4,7,778
10.5,3,4,8,781
10.5,3,4,9,783
10.5,3,4,10,786
10.5,3,4,11,788
10.5,3,4,12,790
10.5,3,4,13,793
10.5,3,4,14,795
10.5,3,4,15,797
10.5,3,5,0,764
10.5,3,5,1,766
10.5,3,5,2,769
10.5,3,5,3,771
10.5,3,5,4,774
10.5,3,5,5,776
10.5,3,5,6,779
10.5,3,5,7,781
10.5,3,5,8,783
10.5,3,5,9,786
10.5,3,5,10,788
10.5,3,5,11,791
10.5,3,5,12,793
10.5,3,5,13,795
10.5,3,5,14,798
10.5,3,5,15,800
10.5,3,6,0,766
10.5,3,6,1,769
10.5,3,6,2,771
10.5,3,6,3,774
10.5,3,6,4,776
10.5,3,6,5,779
10.5,3,6,6,781
10.5,3,6,7,784
10.5,3,6,8,786
10.5,3,6,9,788
10.5,3,6,10,791
10.5,3,6,11,793
10.5,3,6,12,796
10.5,3,6,13,798
10.5,3,6,14,800
10.5,3,6,15,803
10.5,3,7,0,769
10.5,3,7,1,771
10.5,3,7,2,774
10.5,3,7,3,776
10.5,3,7,4,779
10.5,3,7,5,781
10.5,3,7,6,784
10.5,3,7,7,786
10.5,3,7,8,789
10.5,3,7,9,791
10.5,3,7,10,793
10.5,3,7,11,796
10.5,3,7,12,798
10.5,3,7,13,801
10.5,3,7,14,803
10.5,3,7,15,805
10.5,3,8,0,771
10.5,3,8,1,774
10.5,3,8,2,776
10.5,3,8,3,779
10.5,3,8,4,781
10.5,3,8,5,784
10.5,3,8,6,786
10.5,3,8,7,789
10.5,3,8,8,791
10.5,3,8,9,793
10.5,3,8,10,796
10.5,3,8,11,798
10.5,3,8,12,801
10.5,3,8,13,803
10.5,3,8,14,805
10.5,3,8,15,808
10.5,3,9,0,774
10.5,3,9,1,776
10.5,3,9,2,779
10.5,3,9,3,781
10.5,3,9,4,784
10.5,3,9,5,786
10.5,3,9,6,789
10.5,3,9,7,791
10.5,3,9,8,794
10.5,3,9,9,796
10.5,3,9,10,798
10.5,3,9,11,801
10.5,3,9,12,803
10.5,3,9,13,806
10.5,3,9,14,808
10.5,3,9,15,810
10.5,3,10,0,776
10.5,3,10,1,779
10.5,3,10,2,781
10.5,3,10,3,784
10.5,3,10,4,786
10.5,3,10,5,789
10.5,3,10,6,791
10.5,3,10,7,794
10.5,3,10,8,796
10.5,3,10,9,799
10.5,3,10,10,801
10.5,3,10,11,803
10.5,3,10,12,806
10.5,3,10,13,808
10.5,3,10,14,811
10.5,3,10,15,813
10.5,3,11,0,779
10.5,3,11,1,781
10.5,3,11,2,784
10.5,3,11,3,786
10.5,3,11,4,789
10.5,3,11,5,791
10.5,3,11,6,794
10.5,3,11,7,796
10.5,3,11,8,799
10.5,3,11,9,801
10.5,3,11,10,803
10.5,3,11,11,806
10.5,3,11,12,808
10.5,3,11,13,811
10.5,3,11,14,813
10.5,3,11,15,816
10.5,3,12,0,781
10.5,3,12,1,784
10.5,3,12,2,786
10.5,3,12,3,789
10.5,3,12,4,791
10.5,3,12,5,794
10.5,3,12,6,796
10.5,3,12,7,799
10.5,3,12,8,801
10.5,3,12,9,804
10.5,3,12,10,806
10.5,3,12,11,808
10.5,3,12,12,811
10.5,3,12,13,813
10.5,3,12,14,816
10.5,3,12,15,818
10.5,3,13,0,784
10.5,3,13,1,786
10.5,3,13,2,789
10.5,3,13,3,791
10.5,3,13,4,794
10.5,3,13,5,796
10.5,3,13,6,799
10.5,3,13,7,801
10.5,3,13,8,804
10.5,3,13,9,806
10.5,3,13,10,808
10.5,3,13,11,811
10.5,3,13,12,813
10.5,3,13,13,816
10.5,3,13,14,818
10.5,3,13,15,821
10.5,3,14,0,786
10.5,3,14,1,789
10.5,3,14,2,791
10.5,3,14,3,794
10.5,3,14,4,796
10.5,3,14,5,799
10.5,3,14,6,801
10.5,3,14,7,804
10.5,3,14,8,806
10.5,3,14,9,808
10.5,3,14,10,811
10.5,3,14,11,813
10.5,3,14,12,816
10.5,3,14,13,818
10.5,3,14,14,821
10.5,3,14,15,823
10.5,3,15,0,788
10.5,3,15,1,791
10.5,3,15,2,793
10.5,3,15,3,796
10.5,3,15,4,799
10.5,3,15,5,801
10.5,3,15,6,804
10.5,3,15,7,806
10.5,3,15,8,808
10.5,3,15,9,811
10.5,3,15,10,813
10.5,3,15,11,816
10.5,3,15,12,818
10.5,3,15,13,821
10.5,3,15,14,823
10.5,3,15,15,826
10.5,4,0,0,754
10.5,4,0,1,757
10.5,4,0,2,759
10.5,4,0,3,762
10.5,4,0,4,764
10.5,4,0,5,766
10.5,4,0,6,769
10.5,4,0,7,771
10.5,4,0,8,774
10.5,4,0,9,776
10.5,4,0,10,778
10.5,4,0,11,781
10.5,4,0,12,783
10.5,4,0,13,785
10.5,4,0,14,788
10.5,4,0,15,790
10.5,4,1,0,757
10.5,4,1,1,759
10.5,4,1,2,762
10.5,4,1,3,764
10.5,4,1,4,767
10.5,4,1,5,769
10.5,4,1,6,771
10.5,4,1,7,774
10.5,4,1,8,776
10.5,4,1,9,779
10.5,4,1,10,781
10.5,4,1,11,783
10.5,4,1,12,786
10.5,4,1,13,788
10.5,4,1,14,790
10.5,4,1,15,793
10.5,4,2,0,759
10.5,4,2,1,762
10.5,4,2,2,764
10.5,4,2,3,767
10.5,4,2,4,769
10.5,4,2,5,772
10.5,4,2,6,774
10.5,4,2,7,776
10.5,4,2,8,779
10.5,4,2,9,781
10.5,4,2,10,783
10.5,4,2,11,786
10.5,4,2,12,788
10.5,4,2,13,791
10.5,4,2,14,793
10.5,4,2,15,795
10.5,4,3,0,762
10.5,4,3,1,764
10.5,4,3,2,767
10.5,4,3,3,769
10.5,4,3,4,772
10.5,4,3,5,774
10.5,4,3,6,776
10.5,4,3,7,779
10.5,4,3,8,781
10.5,4,3,9,784
10.5,4,3,10,786
10.5,4,3,11,788
10.5,4,3,12,791
10.5,4,3,13,793
10.5,4,3,14,796
10.5,4,3,15,798
10.5,4,4,0,764
10.5,4,4,1,767
10.5,4,4,2,769
10.5,4,4,3,772
10.5,4,4,4,774
10.5,4,4,5,777
10.5,4,4,6,779
10.5,4,4,7,781
10.5,4,4,8,784
10.5,4,4,9,786
10.5,4,4,10,789
10.5,4,4,11,791
10.5,4,4,12,793
10.5,4,4,13,796
10.5,4,4,14,798
10.5,4,4,15,801
10.5,4,5,0,767
10.5,4,5,1,769
10.5,4,5,2,772
10.5,4,5,3,774
10.5,4,5,4,777
10.5,4,5,5,779
10.5,4,5,6,782
10.5,4,5,7,784
10.5,4,5,8,786
10.5,4,5,9,789
10.5,4,5,10,791
10.5,4,5,11,794
10.5,4,5,12,796
10.5,4,5,13,798
10.5,4,5,14,801
10.5,4,5,15,803
10.5,4,6,0,769
10.5,4,6,1,772
10.5,4,6,2,774
10.5,4,6,3,777
10.5,4,6,4,779
10.5,4,6,5,782
10.5,4,6,6,784
10.5,4,6,7,787
10.5,4,6,8,789
10.5,4,6,9,791
10.5,4,6,10,794
10.5,4,6,11,796
10.5,4,6,12,799
10.5,4,6,13,801
10.5,4,6,14,803
10.5,4,6,15,806
10.5,4,7,0,772
10.5,4,7,1,774
10.5,4,7,2,777
10.5,4,7,3,779
10.5,4,7,4,782
10.5,4,7,5,784
10.5,4,7,6,787
10.5,4,7,7,789
10.5,4,7,8,792
10.5,4,7,9,794
10.5,4,7,10,796
10.5,4,7,11,799
10.5,4,7,12,801
10.5,4,7,13,804
10.5,4,7,14,806
10.5,4,7,15,808
10.5,4,8,0,774
10.5,4,8,1,777
10.5,4,8,2,779
10.5,4,8,3,782
10.5,4,8,4,784
10.5,4,8,5,787
10.5,4,8,6,789
10.5,4,8,7,792
10.5,4,8,8,794
10.5,4,8,9,796
10.5,4,8,10,799
10.5,4,8,11,801
10.5,4,8,12,804
10.5,4,8,13,806
10.5,4,8,14,809
10.5,4,8,15,811
10.5,4,9,0,777
10.5,4,9,1,779
10.5,4,9,2,782
10.5,4,9,3,784
10.5,4,9,4,787
10.5,4,9,5,789
10.5,4,9,6,792
10.5,4,9,7,794
10.5,4,9,8,797
10.5,4,9,9,799
10.5,4,9,10,801
10.5,4,9,11,804
10.5,4,9,12,806
10.5,4,9,13,809
10.5,4,9,14,811
10.5,4,9,15,814
10.5,4,10,0,779
10.5,4,10,1,782
10.5,4,10,2,784
10.5,4,10,3,787
10.5,4,10,4,789
10.5,4,10,5,792
10.5,4,10,6,794
10.5,4,10,7,797
10.5,4,10,8,799
10.5,4,10,9,802
10.5,4,10,10,804
10.5,4,10,11,806
10.5,4,10,12,809
10.5,4,10,13,811
10.5,4,10,14,814
10.5,4,10,15,816
10.5,4,11,0,782
10.5,4,11,1,784
10.5,4,11,2,787
10.5,4,11,3,789
10.5,4,11,4,792
10.5,4,11,5,794
10.5,4,11,6,797
10.5,4,11,7,799
10.5,4,11,8,802
10.5,4,11,9,804
10.5,4,11,10,807
10.5,4,11,11,809
10.5,4,11,12,811
10.5,4,11,13,814
10.5,4,11,14,816
10.5,4,11,15,819
10.5,4,12,0,784
10.5,4,12,1,787
10.5,4,12,2,789
10.5,4,12,3,792
10.5,4,12,4,794
10.5,4,12,5,797
10.5,4,12,6,799
10.5,4,12,7,802
10.5,4,12,8,804
10.5,4,12,9,807
10.5,4,12,10,809
10.5,4,12,11,811
10.5,4,12,12,814
10.5,4,12,13,816
10.5,4,12,14,819
10.5,4,12,15,821
10.5,4,13,0,787
10.5,4,13,1,789
10.5,4,13,2,792
10.5,4,13,3,794
10.5,4,13,4,797
10.5,4,13,5,799
10.5,4,13,6,802
10.5,4,13,7,804
10.5,4,13,8,807
10.5,4,13,9,809
10.5,4,13,10,812
10.5,4,13,11,814
10.5,4,13,12,816
10.5,4,13,13,819
10.5,4,13,14,821
10.5,4,13,15,824
10.5,4,14,0,789
10.5,4,14,1,792
10.5,4,14,2,794
10.5,4,14,3,797
10.5,4,14,4,799
10.5,4,14,5,802
10.5,4,14,6,804
10.5,4,14,7,807
10.5,4,14,8,809
10.5,4,14,9,812
10.5,4,14,10,814
10.5,4,14,11,816
10.5,4,14,12,819
10.5,4,14,13,821
10.5,4,14,14,824
10.5,4,14,15,826
10.5,4,15,0,791
10.5,4,15,1,794
10.5,4,15,2,796
10.5,4,15,3,799
10.5,4,15,4,802
10.5,4,15,5,804
10.5,4,15,6,807
10.5,4,15,7,809
10.5,4,15,8,812
10.5,4,15,9,814
10.5,4,15,10,817
10.5,4,15,11,819
10.5,4,15,12,821
10.5,4,15,13,824
10.5,4,15,14,826
10.5,4,15,15,829
10.5,5,0,0,757
10.5,5,0,1,760
10.5,5,0,2,762
10.5,5,0,3,764
10.5,5,0,4,767
10.5,5,0,5,769
10.5,5,0,6,772
10.5,5,0,7,774
10.5,5,0,8,776
10.5,5,0,9,779
10.5,5,0,10,781
10.5,5,0,11,784
10.5,5,0,12,786
10.5,5,0,13,788
10.5,5,0,14,791
10.5,5,0,15,793
10.5,5,1,0,760
10.5,5,1,1,762
10.5,5,1,2,765
10.5,5,1,3,767
10.5,5,1,4,769
10.5,5,1,5,772
10.5,5,1,6,774
10.5,5,1,7,777
10.5,5,1,8,779
10.5,5,1,9,781
10.5,5,1,10,784
10.5,5,1,11,786
10.5,5,1,12,789
10.5,5,1,13,791
10.5,5,1,14,793
10.5,5,1,15,796
10.5,5,2,0,762
10.5,5,2,1,765
10.5,5,2,2,767
10.5,5,2,3,770
10.5,5,2,4,772
10.5,5,2,5,774
10.5,5,2,6,777
10.5,5,2,7,779
10.5,5,2,8,782
10.5,5,2,9,784
10.5,5,2,10,786
10.5,5,2,11,789
10.5,5,2,12,791
10.5,5,2,13,794
10.5,5,2,14,796
10.5,5,2,15,798
10.5,5,3,0,765
10.5,5,3,1,767
10.5,5,3,2,770
10.5,5,3,3,772
10.5,5,3,4,775
10.5,5,3,5,777
10.5,5,3,6,779
10.5,5,3,7,782
10.5,5,3,8,784
10.5,5,3,9,787
10.5,5,3,10,789
10.5,5,3,11,791
10.5,5,3,12,794
10.5,5,3,13,796
10.5,5,3,14,799
10.5,5,3,15,801
10.5,5,4,0,767
10.5,5,4,1,770
10.5,5,4,2,772
10.5,5,4,3,775
10.5,5,4,4,777
10.5,5,4,5,780
10.5,5,4,6,782
10.5,5,4,7,784
10.5,5,4,8,787
10.5,5,4,9,789
10.5,5,4,10,792
10.5,5,4,11,794
10.5,5,4,12,796
10.5,5,4,13,799
10.5,5,4,14,801
10.5,5,4,15,804
10.5,5,5,0,770
10.5,5,5,1,772
10.5,5,5,2,775
10.5,5,5,3,777
10.5,5,5,4,780
10.5,5,5,5,782
10.5,5,5,6,785
10.5,5,5,7,787
10.5,5,5,8,789
10.5,5,5,9,792
10.5,5,5,10,794
10.5,5,5,11,797
10.5,5,5,12,799
10.5,5,5,13,801
10.5,5,5,14,804
10.5,5,5,15,806
10.5,5,6,0,772
10.5,5,6,1,775
10.5,5,6,2,777
10.5,5,6,3,780
10.5,5,6,4,782
10.5,5,6,5,785
10.5,5,6,6,787
10.5,5,6,7,790
10.5,5,6,8,792
10.5,5,6,9,794
10.5,5,6,10,797
10.5,5,6,11,799
10.5,5,6,12,802
10.5,5,6,13,804
10.5,5,6,14,806
10.5,5,6,15,809
10.5,5,7,0,775
10.5,5,7,1,777
10.5,5,7,2,780
10.5,5,7,3,782
10.5,5,7,4,785
10.5,5,7,5,787
10.5,5,7,6,790
10.5,5,7,7,792
10.5,5,7,8,794
10.5,5,7,9,797
10.5,5,7,10,799
10.5,5,7,11,802
10.5,5,7,12,804
10.5,5,7,13,807
10.5,5,7,14,809
10.5,5,7,15,811
10.5,5,8,0,777
10.5,5,8,1,780
10.5,5,8,2,782
10.5,5,8,3,785
10.5,5,8,4,787
10.5,5,8,5,790
10.5,5,8,6,792
10.5,5,8,7,795
10.5,5,8,8,797
10.5,5,8,9,799
10.5,5,8,10,802
10.5,5,8,11,804
10.5,5,8,12,807
10.5,5,8,13,809
10.5,5,8,14,812
10.5,5,8,15,814
10.5,5,9,0,780
10.5,5,9,1,782
10.5,5,9,2,785
10.5,5,9,3,787
10.5,5,9,4,790
10.5,5,9,5,792
10.5,5,9,6,795
10.5,5,9,7,797
10.5,5,9,8,800
10.5,5,9,9,802
10.5,5,9,10,804
10.5,5,9,11,807
10.5,5,9,12,809
10.5,5,9,13,812
10.5,5,9,14,814
10.5,5,9,15,817
10.5,5,10,0,782
10.5,5,10,1,785
10.5,5,10,2,787
10.5,5,10,3,790
10.5,5,10,4,792
10.5,5,10,5,795
10.5,5,10,6,797
10.5,5,10,7,800
10.5,5,10,8,802
10.5,5,10,9,805
10.5,5,10,10,807
10.5,5,10,11,809
10.5,5,10,12,812
10.5,5,10,13,814
10.5,5,10,14,817
10.5,5,10,15,819
10.5,5,11,0,785
10.5,5,11,1,787
10.5,5,11,2,790
10.5,5,11,3,792
10.5,5,11,4,795
10.5,5,11,5,797
10.5,5,11,6,800
10.5,5,11,7,802
10.5,5,11,8,805
10.5,5,11,9,807
10.5,5,11,10,810
10.5,5,11,11,812
10.5,5,11,12,814
10.5,5,11,13,817
10.5,5,11,14,819
10.5,5,11,15,822
10.5,5,12,0,787
10.5,5,12,1,790
10.5,5,12,2,792
10.5,5,12,3,795
10.5,5,12,4,797
10.5,5,12,5,800
10.5,5,12,6,802
10.5,5,12,7,805
10.5,5,12,8,807
10.5,5,12,9,810
10.5,5,12,10,812
10.5,5,12,11,815
10.5,5,12,12,817
10.5,5,12,13,819
10.5,5,12,14,822
10.5,5,12,15,824
10.5,5,13,0,790
10.5,5,13,1,792
10.5,5,13,2,795
10.5,5,13,3,797
10.5,5,13,4,800
10.5,5,13,5,802
10.5,5,13,6,805
10.5,5,13,7,807
10.5,5,13,8,810
10.5,5,13,9,812
10.5,5,13,10,815
10.5,5,13,11,817
10.5,5,13,12,820
10.5,5,13,13,822
10.5,5,13,14,824
10.5,5,13,15,827
10.5,5,14,0,792
10.5,5,14,1,794
10.5,5,14,2,797
10.5,5,14,3,800
10.5,5,14,4,802
10.5,5,14,5,805
10.5,5,14,6,807
10.5,5,14,7,810
10.5,5,14,8,812
10.5,5,14,9,815
10.5,5,14,10,817
10.5,5,14,11,820
10.5,5,14,12,822
10.5,5,14,13,825
10.5,5,14,14,827
10.5,5,14,15,829
10.5,5,15,0,794
10.5,5,15,1,797
10.5,5,15,2,799
10.5,5,15,3,802
10.5,5,15,4,805
10.5,5,15,5,807
10.5,5,15,6,810
10.5,5,15,7,812
10.5,5,15,8,815
10.5,5,15,9,817
10.5,5,15,10,820
10.5,5,15,11,822
10.5,5,15,12,825
10.5,5,15,13,827
10.5,5,15,14,829
10.5,5,15,15,832
10.5,6,0,0,760
10.5,6,0,1,762
10.5,6,0,2,765
10.5,6,0,3,767
10.5,6,0,4,770
10.5,6,0,5,772
10.5,6,0,6,775
10.5,6,0,7,777
10.5,6,0,8,779
10.5,6,0,9,782
10.5,6,0,10,784
10.5,6,0,11,787
10.5,6,0,12,789
10.5,6,0,13,791
10.5,6,0,14,794
10.5,6,0,15,796
10.5,6,1,0,763
10.5,6,1,1,765
10.5,6,1,2,767
10.5,6,1,3,770
10.5,6,1,4,772
10.5,6,1,5,775
10.5,6,1,6,777
10.5,6,1,7,780
10.5,6,1,8,782
10.5,6,1,9,784
10.5,6,1,10,787
10.5,6,1,11,789
10.5,6,1,12,792
10.5,6,1,13,794
10.5,6,1,14,796
10.5,6,1,15,799
10.5,6,2,0,765
10.5,6,2,1,768
10.5,6,2,2,770
10.5,6,2,3,772
10.5,6,2,4,775
10.5,6,2,5,777
10.5,6,2,6,780
10.5,6,2,7,782
10.5,6,2,8,785
10.5,6,2,9,787
10.5,6,2,10,789
10.5,6,2,11,792
10.5,6,2,12,794
10.5,6,2,13,797
10.5,6,2,14,799
10.5,6,2,15,801
10.5,6,3,0,768
10.5,6,3,1,770
10.5,6,3,2,773
10.5,6,3,3,775
10.5,6,3,4,777
10.5,6,3,5,780
10.5,6,3,6,782
10.5,6,3,7,785
10.5,6,3,8,787
10.5,6,3,9,790
10.5,6,3,10,792
10.5,6,3,11,794
10.5,6,3,12,797
10.5,6,3,13,799
10.5,6,3,14,802
10.5,6,3,15,804
10.5,6,4,0,770
10.5,6,4,1,773
10.5,6,4,2,775
10.5,6,4,3,778
10.5,6,4,4,780
10.5,6,4,5,782
10.5,6,4,6,785
10.5,6,4,7,787
10.5,6,4,8,790
10.5,6,4,9,792
10.5,6,4,10,795
10.5,6,4,11,797
10.5,6,4,12,799
10.5,6,4,13,802
10.5,6,4,14,804
10.5,6,4,15,807
10.5,6,5,0,773
10.5,6,5,1,775
10.5,6,5,2,778
10.5,6,5,3,780
10.5,6,5,4,783
10.5,6,5,5,785
10.5,6,5,6,787
10.5,6,5,7,790
10.5,6,5,8,792
10.5,6,5,9,795
10.5,6,5,10,797
10.5,6,5,11,800
10.5,6,5,12,802
10.5,6,5,13,804
10.5,6,5,14,807
10.5,6,5,15,809
10.5,6,6,0,775
10.5,6,6,1,778
10.5,6,6,2,780
10.5,6,6,3,783
10.5,6,6,4,785
10.5,6,6,5,788
10.5,6,6,6,790
10.5,6,6,7,792
10.5,6,6,8,795
10.5,6,6,9,797
10.5,6,6,10,800
10.5,6,6,11,802
10.5,6,6,12,805
10.5,6,6,13,807
10.5,6,6,14,809
10.5,6,6,15,812
10.5,6,7,0,778
10.5,6,7,1,780
10.5,6,7,2,783
10.5,6,7,3,785
10.5,6,7,4,788
10.5,6,7,5,790
10.5,6,7,6,793
10.5,6,7,7,795
10.5,6,7,8,797
10.5,6,7,9,800
10.5,6,7,10,802
10.5,6,7,11,805
10.5,6,7,12,807
10.5,6,7,13,810
10.5,6,7,14,812
10.5,6,7,15,814
10.5,6,8,0,780
10.5,6,8,1,783
10.5,6,8,2,785
10.5,6,8,3,788
10.5,6,8,4,790
10.5,6,8,5,793
10.5,6,8,6,795
10.5,6,8,7,798
10.5,6,8,8,800
10.5,6,8,9,802
10.5,6,8,10,805
10.5,6,8,11,807
10.5,6,8,12,810
10.5,6,8,13,812
10.5,6,8,14,815
10.5,6,8,15,817
10.5,6,9,0,783
10.5,6,9,1,785
10.5,6,9,2,788
10.5,6,9,3,790
10.5,6,9,4,793
10.5,6,9,5,795
10.5,6,9,6,798
10.5,6,9,7,800
10.5,6,9,8,803
10.5,6,9,9,805
10.5,6,9,10,807
10.5,6,9,11,810
10.5,6,9,12,812
10.5,6,9,13,815
10.5,6,9,14,817
10.5,6,9,15,820
10.5,6,10,0,785
10.5,6,10,1,788
10.5,6,10,2,790
10.5,6,10,3,793
10.5,6,10,4,795
10.5,6,10,5,798
10.5,6,10,6,800
10.5,6,10,7,803
10.5,6,10,8,805
10.5,6,10,9,808
10.5,6,10,10,810
10.5,6,10,11,813
10.5,6,10,12,815
10.5,6,10,13,817
10.5,6,10,14,820
10.5,6,10,15,822
10.5,6,11,0,788
10.5,6,11,1,790
10.5,6,11,2,793
10.5,6,11,3,795
10.5,6,11,4,798
10.5,6,11,5,800
10.5,6,11,6,803
10.5,6,11,7,805
10.5,6,11,8,808
10.5,6,11,9,810
10.5,6,11,10,813
10.5,6,11,11,815
10.5,6,11,12,818
10.5,6,11,13,820
10.5,6,11,14,822
10.5,6,11,15,825
10.5,6,12,0,790
10.5,6,12,1,793
10.5,6,12,2,795
10.5,6,12,3,798
10.5,6,12,4,800
10.5,6,12,5,803
10.5,6,12,6,805
10.5,6,12,7,808
10.5,6,12,8,810
10.5,6,12,9,813
10.5,6,12,10,815
10.5,6,12,11,818
10.5,6,12,12,820
10.5,6,12,13,823
10.5,6,12,14,825
10.5,6,12,15,827
10.5,6,13,0,792
10.5,6,13,1,795
10.5,6,13,2,798
10.5,6,13,3,800
10.5,6,13,4,803
10.5,6,13,5,805
10.5,6,13,6,808
10.5,6,13,7,810
10.5,6,13,8,813
10.5,6,13,9,815
10.5,6,13,10,818
10.5,6,13,11,820
10.5,6,13,12,823
10.5,6,13,13,825
10.5,6,13,14,828
10.5,6,13,15,830
10.5,6,14,0,795
10.5,6,14,1,797
10.5,6,14,2,800
10.5,6,14,3,803
10.5,6,14,4,805
10.5,6,14,5,808
10.5,6,14,6,810
10.5,6,14,7,813
10.5,6,14,8,815
10.5,6,14,9,818
10.5,6,14,10,820
10.5,6,14,11,823
10.5,6,14,12,825
10.5,6,14,13,828
10.5,6,14,14,830
10.5,6,14,15,833
10.5,6,15,0,797
10.5,6,15,1,800
10.5,6,15,2,802
10.5,6,15,3,805
10.5,6,15,4,808
10.5,6,15,5,810
10.5,6,15,6,813
10.5,6,15,7,815
10.5,6,15,8,818
10.5,6,15,9,820
10.5,6,15,10,823
10.5,6,15,11,825
10.5,6,15,12,828
10.5,6,15,13,830
10.5,6,15,14,833
10.5,6,15,15,835
10.5,7,0,0,763
10.5,7,0,1,765
10.5,7,0,2,768
10.5,7,0,3,770
10.5,7,0,4,773
10.5,7,0,5,775
10.5,7,0,6,777
10.5,7,0,7,780
10.5,7,0,8,782
10.5,7,0,9,785
10.5,7,0,10,787
10.5,7,0,11,789
10.5,7,0,12,792
10.5,7,0,13,794
10.5,7,0,14,797
10.5,7,0,15,799
10.5,7,1,0,765
10.5,7,1,1,768
10.5,7,1,2,770
10.5,7,1,3,773
10.5,7,1,4,775
10.5,7,1,5,778
10.5,7,1,6,780
10.5,7,1,7,783
10.5,7,1,8,785
10.5,7,1,9,787
10.5,7,1,10,790
10.5,7,1,11,792
10.5,7,1,12,794
10.5,7,1,13,797
10.5,7,1,14,799
10.5,7,1,15,802
10.5,7,2,0,768
10.5,7,2,1,770
10.5,7,2,2,773
10.5,7,2,3,775
10.5,7,2,4,778
10.5,7,2,5,780
10.5,7,2,6,783
10.5,7,2,7,785
10.5,7,2,8,788
10.5,7,2,9,790
10.5,7,2,10,792
10.5,7,2,11,795
10.5,7,2,12,797
10.5,7,2,13,800
10.5,7,2,14,802
10.5,7,2,15,804
10.5,7,3,0,770
10.5,7,3,1,773
10.5,7,3,2,775
10.5,7,3,3,778
10.5,7,3,4,780
10.5,7,3,5,783
10.5,7,3,6,785
10.5,7,3,7,788
10.5,7,3,8,790
10.5,7,3,9,793
10.5,7,3,10,795
10.5,7,3,11,797
10.5,7,3,12,800
10.5,7,3,13,802
10.5,7,3,14,805
10.5,7,3,15,807
10.5,7,4,0,773
10.5,7,4,1,776
10.5,7,4,2,778
10.5,7,4,3,780
10.5,7,4,4,783
10.5,7,4,5,785
10.5,7,4,6,788
10.5,7,4,7,790
10.5,7,4,8,793
10.5,7,4,9,795
10.5,7,4,10,798
10.5,7,4,11,800
10.5,7,4,12,802
10.5,7,4,13,805
10.5,7,4,14,807
10.5,7,4,15,810
10.5,7,5,0,776
10.5,7,5,1,778
10.5,7,5,2,781
10.5,7,5,3,783
10.5,7,5,4,785
10.5,7,5,5,788
10.5,7,5,6,790
10.5,7,5,7,793
10.5,7,5,8,795
10.5,7,5,9,798
10.5,7,5,10,800
10.5,7,5,11,803
10.5,7,5,12,805
10.5,7,5,13,807
10.5,7,5,14,810
10.5,7,5,15,812
10.5,7,6,0,778
10.5,7,6,1,781
10.5,7,6,2,783
10.5,7,6,3,786
10.5,7,6,4,788
10.5,7,6,5,791
10.5,7,6,6,793
10.5,7,6,7,795
10.5,7,6,8,798
10.5,7,6,9,800
10.5,7,6,10,803
10.5,7,6,11,805
10.5,7,6,12,808
10.5,7,6,13,810
10.5,7,6,14,812
10.5,7,6,15,815
10.5,7,7,0,781
10.5,7,7,1,783
10.5,7,7,2,786
10.5,7,7,3,788
10.5,7,7,4,791
10.5,7,7,5,793
10.5,7,7,6,796
10.5,7,7,7,798
10.5,7,7,8,800
10.5,7,7,9,803
10.5,7,7,10,805
10.5,7,7,11,808
10.5,7,7,12,810
10.5,7,7,13,813
10.5,7,7,14,815
10.5,7,7,15,817
10.5,7,8,0,783
10.5,7,8,1,786
10.5,7,8,2,788
10.5,7,8,3,791
10.5,7,8,4,793
10.5,7,8,5,796
10.5,7,8,6,798
10.5,7,8,7,801
10.5,7,8,8,803
10.5,7,8,9,805
10.5,7,8,10,808
10.5,7,8,11,810
10.5,7,8,12,813
10.5,7,8,13,815
10.5,7,8,14,818
10.5,7,8,15,820
10.5,7,9,0,786
10.5,7,9,1,788
10.5,7,9,2,791
10.5,7,9,3,793
10.5,7,9,4,796
10.5,7,9,5,798
10.5,7,9,6,801
10.5,7,9,7,803
10.5,7,9,8,806
10.5,7,9,9,808
10.5,7,9,10,811
10.5,7,9,11,813
10.5,7,9,12,815
10.5,7,9,13,818
10.5,7,9,14,820
10.5,7,9,15,823
10.5,7,10,0,788
10.5,7,10,1,791
10.5,7,10,2,793
10.5,7,10,3,796
10.5,7,10,4,798
10.5,7,10,5,801
10.5,7,10,6,803
10.5,7,10,7,806
10.5,7,10,8,808
10.5,7,10,9,811
10.5,7,10,10,813
10.5,7,10,11,816
10.5,7,10,12,818
10.5,7,10,13,820
10.5,7,10,14,823
10.5,7,10,15,825
10.5,7,11,0,791
10.5,7,11,1,793
10.5,7,11,2,796
10.5,7,11,3,798
10.5,7,11,4,801
10.5,7,11,5,803
10.5,7,11,6,806
10.5,7,11,7,808
10.5,7,11,8,811
10.5,7,11,9,813
10.5,7,11,10,816
10.5,7,11,11,818
10.5,7,11,12,821
10.5,7,11,13,823
10.5,7,11,14,825
10.5,7,11,15,828
10.5,7,12,0,793
10.5,7,12,1,796
10.5,7,12,2,798
10.5,7,12,3,801
10.5,7,12,4,803
10.5,7,12,5,806
10.5,7,12,6,808
10.5,7,12,7,811
10.5,7,12,8,813
10.5,7,12,9,816
10.5,7,12,10,818
10.5,7,12,11,821
10.5,7,12,12,823
10.5,7,12,13,826
10.5,7,12,14,828
10.5,7,12,15,830
10.5,7,13,0,795
10.5,7,13,1,798
10.5,7,13,2,801
10.5,7,13,3,803
10.5,7,13,4,806
10.5,7,13,5,808
10.5,7,13,6,811
10.5,7,13,7,813
10.5,7,13,8,816
10.5,7,13,9,818
10.5,7,13,10,821
10.5,7,13,11,823
10.5,7,13,12,826
10.5,7,13,13,828
10.5,7,13,14,831
10.5,7,13,15,833
10.5,7,14,0,798
10.5,7,14,1,800
10.5,7,14,2,803
10.5,7,14,3,806
10.5,7,14,4,808
10.5,7,14,5,811
10.5,7,14,6,813
10.5,7,14,7,816
10.5,7,14,8,818
10.5,7,14,9,821
10.5,7,14,10,823
10.5,7,14,11,826
10.5,7,14,12,828
10.5,7,14,13,831
10.5,7,14,14,833
10.5,7,14,15,836
10.5,7,15,0,800
10.5,7,15,1,803
10.5,7,15,2,805
10.5,7,15,3,808
10.5,7,15,4,811
10.5,7,15,5,813
10.5,7,15,6,816
10.5,7,15,7,818
10.5,7,15,8,821
10.5,7,15,9,823
10.5,7,15,10,826
10.5,7,15,11,828
10.5,7,15,12,831
10.5,7,15,13,833
10.5,7,15,14,836
10.5,7,15,15,838
10.5,8,0,0,766
10.5,8,0,1,768
10.5,8,0,2,771
10.5,8,0,3,773
10.5,8,0,4,776
10.5,8,0,5,778
10.5,8,0,6,780
10.5,8,0,7,783
10.5,8,0,8,785
10.5,8,0,9,788
10.5,8,0,10,790
10.5,8,0,11,792
10.5,8,0,12,795
10.5,8,0,13,797
10.5,8,0,14,800
10.5,8,0,15,802
10.5,8,1,0,768
10.5,8,1,1,771
10.5,8,1,2,773
10.5,8,1,3,776
10.5,8,1,4,778
10.5,8,1,5,781
10.5,8,1,6,783
10.5,8,1,7,785
10.5,8,1,8,788
10.5,8,1,9,790
10.5,8,1,10,793
10.5,8,1,11,795
10.5,8,1,12,797
10.5,8,1,13,800
10.5,8,1,14,802
10.5,8,1,15,805
10.5,8,2,0,771
10.5,8,2,1,773
10.5,8,2,2,776
10.5,8,2,3,778
10.5,8,2,4,781
10.5,8,2,5,783
10.5,8,2,6,786
10.5,8,2,7,788
10.5,8,2,8,790
10.5,8,2,9,793
10.5,8,2,10,795
10.5,8,2,11,798
10.5,8,2,12,800
10.5,8,2,13,803
10.5,8,2,14,805
10.5,8,2,15,807
10.5,8,3,0,773
10.5,8,3,1,776
10.5,8,3,2,778
10.5,8,3,3,781
10.5,8,3,4,783
10.5,8,3,5,786
10.5,8,3,6,788
10.5,8,3,7,791
10.5,8,3,8,793
10.5,8,3,9,796
10.5,8,3,10,798
10.5,8,3,11,800
10.5,8,3,12,803
10.5,8,3,13,805
10.5,8,3,14,808
10.5,8,3,15,810
10.5,8,4,0,776
10.5,8,4,1,778
10.5,8,4,2,781
10.5,8,4,3,783
10.5,8,4,4,786
10.5,8,4,5,788
10.5,8,4,6,791
10.5,8,4,7,793
10.5,8,4,8,796
10.5,8,4,9,798
10.5,8,4,10,801
10.5,8,4,11,803
10.5,8,4,12,805
10.5,8,4,13,808
10.5,8,4,14,810
10.5,8,4,15,813
10.5,8,5,0,778
10.5,8,5,1,781
10.5,8,5,2,783
10.5,8,5,3,786
10.5,8,5,4,788
10.5,8,5,5,791
10.5,8,5,6,793
10.5,8,5,7,796
10.5,8,5,8,798
10.5,8,5,9,801
10.5,8,5,10,803
10.5,8,5,11,806
10.5,8,5,12,808
10.5,8,5,13,810
10.5,8,5,14,813
10.5,8,5,15,815
10.5,8,6,0,781
10.5,8,6,1,783
10.5,8,6,2,786
10.5,8,6,3,788
10.5,8,6,4,791
10.5,8,6,5,793
10.5,8,6,6,796
10.5,8,6,7,798
10.5,8,6,8,801
10.5,8,6,9,803
10.5,8,6,10,806
10.5,8,6,11,808
10.5,8,6,12,811
10.5,8,6,13,813
10.5,8,6,14,815
10.5,8,6,15,818
10.5,8,7,0,783
10.5,8,7,1,786
10.5,8,7,2,789
10.5,8,7,3,791
10.5,8,7,4,794
10.5,8,7,5,796
10.5,8,7,6,799
10.5,8,7,7,801
10.5,8,7,8,803
10.5,8,7,9,806
10.5,8,7,10,808
10.5,8,7,11,811
10.5,8,7,12,813
10.5,8,7,13,816
10.5,8,7,14,818
10.5,8,7,15,821
10.5,8,8,0,786
10.5,8,8,1,789
10.5,8,8,2,791
10.5,8,8,3,794
10.5,8,8,4,796
10.5,8,8,5,799
10.5,8,8,6,801
10.5,8,8,7,804
10.5,8,8,8,806
10.5,8,8,9,809
10.5,8,8,10,811
10.5,8,8,11,813
10.5,8,8,12,816
10.5,8,8,13,818
10.5,8,8,14,821
10.5,8,8,15,823
10.5,8,9,0,788
10.5,8,9,1,791
10.5,8,9,2,794
10.5,8,9,3,796
10.5,8,9,4,799
10.5,8,9,5,801
10.5,8,9,6,804
10.5,8,9,7,806
10.5,8,9,8,809
10.5,8,9,9,811
10.5,8,9,10,814
10.5,8,9,11,816
10.5,8,9,12,818
10.5,8,9,13,821
10.5,8,9,14,823
10.5,8,9,15,826
10.5,8,10,0,791
10.5,8,10,1,794
10.5,8,10,2,796
10.5,8,10,3,799
10.5,8,10,4,801
10.5,8,10,5,804
10.5,8,10,6,806
10.5,8,10,7,809
10.5,8,10,8,811
10.5,8,10,9,814
10.5,8,10,10,816
10.5,8,10,11,819
10.5,8,10,12,821
10.5,8,10,13,824
10.5,8,10,14,826
10.5,8,10,15,828
10.5,8,11,0,793
10.5,8,11,1,796
10.5,8,11,2,799
10.5,8,11,3,801
10.5,8,11,4,804
10.5,8,11,5,806
10.5,8,11,6,809
10.5,8,11,7,811
10.5,8,11,8,814
10.5,8,11,9,816
10.5,8,11,10,819
10.5,8,11,11,821
10.5,8,11,12,824
10.5,8,11,13,826
10.5,8,11,14,829
10.5,8,11,15,831
10.5,8,12,0,796
10.5,8,12,1,799
10.5,8,12,2,801
10.5,8,12,3,804
10.5,8,12,4,806
10.5,8,12,5,809
10.5,8,12,6,811
10.5,8,12,7,814
10.5,8,12,8,816
10.5,8,12,9,819
10.5,8,12,10,821
10.5,8,12,11,824
10.5,8,12,12,826
10.5,8,12,13,829
10.5,8,12,14,831
10.5,8,12,15,834
10.5,8,13,0,798
10.5,8,13,1,801
10.5,8,13,2,804
10.5,8,13,3,806
10.5,8,13,4,809
10.5,8,13,5,811
10.5,8,13,6,814
10.5,8,13,7,816
10.5,8,13,8,819
10.5,8,13,9,821
10.5,8,13,10,824
10.5,8,13,11,826
10.5,8,13,12,829
10.5,8,13,13,831
10.5,8,13,14,834
10.5,8,13,15,836
10.5,8,14,0,801
10.5,8,14,1,803
10.5,8,14,2,806
10.5,8,14,3,809
10.5,8,14,4,811
10.5,8,14,5,814
10.5,8,14,6,816
10.5,8,14,7,819
10.5,8,14,8,821
10.5,8,14,9,824
10.5,8,14,10,826
10.5,8,14,11,829
10.5,8,14,12,831
10.5,8,14,13,834
10.5,8,14,14,836
10.5,8,14,15,839
10.5,8,15,0,803
10.5,8,15,1,806
10.5,8,15,2,809
10.5,8,15,3,811
10.5,8,15,4,814
10.5,8,15,5,816
10.5,8,15,6,819
10.5,8,15,7,821
10.5,8,15,8,824
10.5,8,15,9,826
10.5,8,15,10,829
10.5,8,15,11,831
10.5,8,15,12,834
10.5,8,15,13,836
10.5,8,15,14,839
10.5,8,15,15,841
10.5,9,0,0,769
10.5,9,0,1,771
10.5,9,0,2,773
10.5,9,0,3,776
10.5,9,0,4,778
10.5,9,0,5,781
10.5,9,0,6,783
10.5,9,0,7,786
10.5,9,0,8,788
10.5,9,0,9,791
10.5,9,0,10,793
10.5,9,0,11,795
10.5,9,0,12,798
10.5,9,0,13,800
10.5,9,0,14,803
10.5,9,0,15,805
10.5,9,1,0,771
10.5,9,1,1,774
10.5,9,1,2,776
10.5,9,1,3,779
10.5,9,1,4,781
10.5,9,1,5,783
10.5,9,1,6,786
10.5,9,1,7,788
10.5,9,1,8,791
10.5,9,1,9,793
10.5,9,1,10,796
10.5,9,1,11,798
10.5,9,1,12,800
10.5,9,1,13,803
10.5,9,1,14,805
10.5,9,1,15,808
10.5,9,2,0,774
10.5,9,2,1,776
10.5,9,2,2,779
10.5,9,2,3,781
10.5,9,2,4,784
10.5,9,2,5,786
10.5,9,2,6,789
10.5,9,2,7,791
10.5,9,2,8,793
10.5,9,2,9,796
10.5,9,2,10,798
10.5,9,2,11,801
10.5,9,2,12,803
10.5,9,2,13,805
10.5,9,2,14,808
10.5,9,2,15,810
10.5,9,3,0,776
10.5,9,3,1,779
10.5,9,3,2,781
10.5,9,3,3,784
10.5,9,3,4,786
10.5,9,3,5,789
10.5,9,3,6,791
10.5,9,3,7,794
10.5,9,3,8,796
10.5,9,3,9,798
10.5,9,3,10,801
10.5,9,3,11,803
10.5,9,3,12,806
10.5,9,3,13,808
10.5,9,3,14,811
10.5,9,3,15,813
10.5,9,4,0,779
10.5,9,4,1,781
10.5,9,4,2,784
10.5,9,4,3,786
10.5,9,4,4,789
10.5,9,4,5,791
10.5,9,4,6,794
10.5,9,4,7,796
10.5,9,4,8,799
10.5,9,4,9,801
10.5,9,4,10,804
10.5,9,4,11,806
10.5,9,4,12,808
10.5,9,4,13,811
10.5,9,4,14,813
10.5,9,4,15,816
10.5,9,5,0,781
10.5,9,5,1,784
10.5,9,5,2,786
10.5,9,5,3,789
10.5,9,5,4,791
10.5,9,5,5,794
10.5,9,5,6,796
10.5,9,5,7,799
10.5,9,5,8,801
10.5,9,5,9,804
10.5,9,5,10,806
10.5,9,5,11,809
10.5,9,5,12,811
10.5,9,5,13,813
10.5,9,5,14,816
10.5,9,5,15,818
10.5,9,6,0,784
10.5,9,6,1,786
10.5,9,6,2,789
10.5,9,6,3,791
10.5,9,6,4,794
10.5,9,6,5,796
10.5,9,6,6,799
10.5,9,6,7,801
10.5,9,6,8,804
10.5,9,6,9,806
10.5,9,6,10,809
10.5,9,6,11,811
10.5,9,6,12,814
10.5,9,6,13,816
10.5,9,6,14,819
10.5,9,6,15,821
10.5,9,7,0,786
10.5,9,7,1,789
10.5,9,7,2,791
10.5,9,7,3,794
10.5,9,7,4,796
10.5,9,7,5,799
10.5,9,7,6,801
10.5,9,7,7,804
10.5,9,7,8,806
10.5,9,7,9,809
10.5,9,7,10,811
10.5,9,7,11,814
10.5,9,7,12,816
10.5,9,7,13,819
10.5,9,7,14,821
10.5,9,7,15,824
10.5,9,8,0,789
10.5,9,8,1,791
10.5,9,8,2,794
10.5,9,8,3,797
10.5,9,8,4,799
10.5,9,8,5,802
10.5,9,8,6,804
10.5,9,8,7,807
10.5,9,8,8,809
10.5,9,8,9,812
10.5,9,8,10,814
10.5,9,8,11,816
10.5,9,8,12,819
10.5,9,8,13,821
10.5,9,8,14,824
10.5,9,8,15,826
10.5,9,9,0,791
10.5,9,9,1,794
10.5,9,9,2,797
10.5,9,9,3,799
10.5,9,9,4,802
10.5,9,9,5,804
10.5,9,9,6,807
10.5,9,9,7,809
10.5,9,9,8,812
10.5,9,9,9,814
10.5,9,9,10,817
10.5,9,9,11,819
10.5,9,9,12,822
10.5,9,9,13,824
10.5,9,9,14,826
10.5,9,9,15,829
10.5,9,10,0,794
10.5,9,10,1,796
10.5,9,10,2,799
10.5,9,10,3,802
10.5,9,10,4,804
10.5,9,10,5,807
10.5,9,10,6,809
10.5,9,10,7,812
10.5,9,10,8,814
10.5,9,10,9,817
10.5,9,10,10,819
10.5,9,10,11,822
10.5,9,10,12,824
10.5,9,10,13,827
10.5,9,10,14,829
10.5,9,10,15,831
10.5,9,11,0,796
10.5,9,11,1,799
10.5,9,11,2,802
10.5,9,11,3,804
10.5,9,11,4,807
10.5,9,11,5,809
10.5,9,11,6,812
10.5,9,11,7,814
10.5,9,11,8,817
10.5,9,11,9,819
10.5,9,11,10,822
10.5,9,11,11,824
10.5,9,11,12,827
10.5,9,11,13,829
10.5,9,11,14,832
10.5,9,11,15,834
10.5,9,12,0,799
10.5,9,12,1,801
10.5,9,12,2,804
10.5,9,12,3,807
10.5,9,12,4,809
10.5,9,12,5,812
10.5,9,12,6,814
10.5,9,12,7,817
10.5,9,12,8,819
10.5,9,12,9,822
10.5,9,12,10,824
10.5,9,12,11,827
10.5,9,12,12,829
10.5,9,12,13,832
10.5,9,12,14,834
10.5,9,12,15,837
10.5,9,13,0,801
10.5,9,13,1,804
10.5,9,13,2,807
10.5,9,13,3,809
10.5,9,13,4,812
10.5,9,13,5,814
10.5,9,13,6,817
10.5,9,13,7,819
10.5,9,13,8,822
10.5,9,13,9,824
10.5,9,13,10,827
10.5,9,13,11,829
10.5,9,13,12,832
10.5,9,13,13,834
10.5,9,13,14,837
10.5,9,13,15,839
10.5,9,14,0,804
10.5,9,14,1,806
10.5,9,14,2,809
10.5,9,14,3,812
10.5,9,14,4,814
10.5,9,14,5,817
10.5,9,14,6,819
10.5,9,14,7,822
10.5,9,14,8,824
10.5,9,14,9,827
10.5,9,14,10,829
10.5,9,14,11,832
10.5,9,14,12,834
10.5,9,14,13,837
10.5,9,14,14,839
10.5,9,14,15,842
10.5,9,15,0,806
10.5,9,15,1,809
10.5,9,15,2,812
10.5,9,15,3,814
10.5,9,15,4,817
10.5,9,15,5,819
10.5,9,15,6,822
10.5,9,15,7,824
10.5,9,15,8,827
10.5,9,15,9,829
10.5,9,15,10,832
10.5,9,15,11,834
10.5,9,15,12,837
10.5,9,15,13,839
10.5,9,15,14,842
10.5,9,15,15,844
10.5,10,0,0,771
10.5,10,0,1,774
10.5,10,0,2,776
10.5,10,0,3,779
10.5,10,0,4,781
10.5,10,0,5,784
10.5,10,0,6,786
10.5,10,0,7,789
10.5,10,0,8,791
10.5,10,0,9,793
10.5,10,0,10,796
10.5,10,0,11,798
10.5,10,0,12,801
10.5,10,0,13,803
10.5,10,0,14,805
10.5,10,0,15,808
10.5,10,1,0,774
10.5,10,1,1,776
10.5,10,1,2,779
10.5,10,1,3,781
10.5,10,1,4,784
10.5,10,1,5,786
10.5,10,1,6,789
10.5,10,1,7,791
10.5,10,1,8,794
10.5,10,1,9,796
10.5,10,1,10,799
10.5,10,1,11,801
10.5,10,1,12,803
10.5,10,1,13,806
10.5,10,1,14,808
10.5,10,1,15,811
10.5,10,2,0,777
10.5,10,2,1,779
10.5,10,2,2,782
10.5,10,2,3,784
10.5,10,2,4,787
10.5,10,2,5,789
10.5,10,2,6,791
10.5,10,2,7,794
10.5,10,2,8,796
10.5,10,2,9,799
10.5,10,2,10,801
10.5,10,2,11,804
10.5,10,2,12,806
10.5,10,2,13,808
10.5,10,2,14,811
10.5,10,2,15,813
10.5,10,3,0,779
10.5,10,3,1,782
10.5,10,3,2,784
10.5,10,3,3,787
10.5,10,3,4,789
10.5,10,3,5,792
10.5,10,3,6,794
10.5,10,3,7,797
10.5,10,3,8,799
10.5,10,3,9,801
10.5,10,3,10,804
10.5,10,3,11,806
10.5,10,3,12,809
10.5,10,3,13,811
10.5,10,3,14,814
10.5,10,3,15,816
10.5,10,4,0,782
10.5,10,4,1,784
10.5,10,4,2,787
10.5,10,4,3,789
10.5,10,4,4,792
10.5,10,4,5,794
10.5,10,4,6,797
10.5,10,4,7,799
10.5,10,4,8,802
10.5,10,4,9,804
10.5,10,4,10,807
10.5,10,4,11,809
10.5,10,4,12,811
10.5,10,4,13,814
10.5,10,4,14,816
10.5,10,4,15,819
10.5,10,5,0,784
10.5,10,5,1,787
10.5,10,5,2,789
10.5,10,5,3,792
10.5,10,5,4,794
10.5,10,5,5,797
10.5,10,5,6,799
10.5,10,5,7,802
10.5,10,5,8,804
10.5,10,5,9,807
10.5,10,5,10,809
10.5,10,5,11,812
10.5,10,5,12,814
10.5,10,5,13,816
10.5,10,5,14,819
10.5,10,5,15,821
10.5,10,6,0,787
10.5,10,6,1,789
10.5,10,6,2,792
10.5,10,6,3,794
10.5,10,6,4,797
10.5,10,6,5,799
10.5,10,6,6,802
10.5,10,6,7,804
10.5,10,6,8,807
10.5,10,6,9,809
10.5,10,6,10,812
10.5,10,6,11,814
10.5,10,6,12,817
10.5,10,6,13,819
10.5,10,6,14,822
10.5,10,6,15,824
10.5,10,7,0,789
10.5,10,7,1,792
10.5,10,7,2,794
10.5,10,7,3,797
10.5,10,7,4,799
10.5,10,7,5,802
10.5,10,7,6,804
10.5,10,7,7,807
10.5,10,7,8,809
10.5,10,7,9,812
10.5,10,7,10,814
10.5,10,7,11,817
10.5,10,7,12,819
10.5,10,7,13,822
10.5,10,7,14,824
10.5,10,7,15,827
10.5,10,8,0,792
10.5,10,8,1,794
10.5,10,8,2,797
10.5,10,8,3,799
10.5,10,8,4,802
10.5,10,8,5,805
10.5,10,8,6,807
10.5,10,8,7,810
10.5,10,8,8,812
10.5,10,8,9,815
10.5,10,8,10,817
10.5,10,8,11,819
10.5,10,8,12,822
10.5,10,8,13,824
10.5,10,8,14,827
10.5,10,8,15,829
10.5,10,9,0,794
10.5,10,9,1,797
10.5,10,9,2,799
10.5,10,9,3,802
10.5,10,9,4,805
10.5,10,9,5,807
10.5,10,9,6,810
10.5,10,9,7,812
10.5,10,9,8,815
10.5,10,9,9,817
10.5,10,9,10,820
10.5,10,9,11,822
10.5,10,9,12,825
10.5,10,9,13,827
10.5,10,9,14,829
10.5,10,9,15,832
10.5,10,10,0,797
10.5,10,10,1,799
10.5,10,10,2,802
10.5,10,10,3,805
10.5,10,10,4,807
10.5,10,10,5,810
10.5,10,10,6,812
10.5,10,10,7,815
10.5,10,10,8,817
10.5,10,10,9,820
10.5,10,10,10,822
10.5,10,10,11,825
10.5,10,10,12,827
10.5,10,10,13,830
10.5,10,10,14,832
10.5,10,10,15,835
10.5,10,11,0,799
10.5,10,11,1,802
10.5,10,11,2,805
10.5,10,11,3,807
10.5,10,11,4,810
10.5,10,11,5,812
10.5,10,11,6,815
10.5,10,11,7,817
10.5,10,11,8,820
10.5,10,11,9,822
10.5,10,11,10,825
10.5,10,11,11,827
10.5,10,11,12,830
10.5,10,11,13,832
10.5,10,11,14,835
10.5,10,11,15,837
10.5,10,12,0,802
10.5,10,12,1,804
10.5,10,12,2,807
10.5,10,12,3,810
10.5,10,12,4,812
10.5,10,12,5,815
10.5,10,12,6,817
10.5,10,12,7,820
10.5,10,12,8,822
10.5,10,12,9,825
10.5,10,12,10,827
10.5,10,12,11,830
10.5,10,12,12,832
10.5,10,12,13,835
10.5,10,12,14,837
10.5,10,12,15,840
10.5,10,13,0,804
10.5,10,13,1,807
10.5,10,13,2,810
10.5,10,13,3,812
10.5,10,13,4,815
10.5,10,13,5,817
10.5,10,13,6,820
10.5,10,13,7,822
10.5,10,13,8,825
10.5,10,13,9,827
10.5,10,13,10,830
10.5,10,13,11,832
10.5,10,13,12,835
10.5,10,13,13,837
10.5,10,13,14,840
10.5,10,13,15,842
10.5,10,14,0,807
10.5,10,14,1,809
10.5,10,14,2,812
10.5,10,14,3,815
10.5,10,14,4,817
10.5,10,14,5,820
10.5,10,14,6,822
10.5,10,14,7,825
10.5,10,14,8,827
10.5,10,14,9,830
10.5,10,14,10,832
10.5,10,14,11,835
10.5,10,14,12,838
10.5,10,14,13,840
10.5,10,14,14,843
10.5,10,14,15,845
10.5,10,15,0,809
10.5,10,15,1,812
10.5,10,15,2,815
10.5,10,15,3,817
10.5,10,15,4,820
10.5,10,15,5,822
10.5,10,15,6,825
10.5,10,15,7,827
10.5,10,15,8,830
10.5,10,15,9,832
10.5,10,15,10,835
10.5,10,15,11,838
10.5,10,15,12,840
10.5,10,15,13,843
10.5,10,15,14,845
10.5,10,15,15,848
10.5,11,0,0,774
10.5,11,0,1,777
10.5,11,0,2,779
10.5,11,0,3,782
10.5,11,0,4,784
10.5,11,0,5,787
10.5,11,0,6,789
10.5,11,0,7,792
10.5,11,0,8,794
10.5,11,0,9,796
10.5,11,0,10,799
10.5,11,0,11,801
10.5,11,0,12,804
10.5,11,0,13,806
10.5,11,0,14,808
10.5,11,0,15,811
10.5,11,1,0,777
10.5,11,1,1,779
10.5,11,1,2,782
10.5,11,1,3,784
10.5,11,1,4,787
10.5,11,1,5,789
10.5,11,1,6,792
10.5,11,1,7,794
10.5,11,1,8,797
10.5,11,1,9,799
10.5,11,1,10,802
10.5,11,1,11,804
10.5,11,1,12,806
10.5,11,1,13,809
10.5,11,1,14,811
10.5,11,1,15,814
10.5,11,2,0,779
10.5,11,2,1,782
10.5,11,2,2,784
10.5,11,2,3,787
10.5,11,2,4,789
10.5,11,2,5,792
10.5,11,2,6,794
10.5,11,2,7,797
10.5,11,2,8,799
10.5,11,2,9,802
10.5,11,2,10,804
10.5,11,2,11,807
10.5,11,2,12,809
10.5,11,2,13,811
10.5,11,2,14,814
10.5,11,2,15,816
10.5,11,3,0,782
10.5,11,3,1,785
10.5,11,3,2,787
10.5,11,3,3,790
10.5,11,3,4,792
10.5,11,3,5,795
10.5,11,3,6,797
10.5,11,3,7,799
10.5,11,3,8,802
10.5,11,3,9,804
10.5,11,3,10,807
10.5,11,3,11,809
10.5,11,3,12,812
10.5,11,3,13,814
10.5,11,3,14,817
10.5,11,3,15,819
10.5,11,4,0,785
10.5,11,4,1,787
10.5,11,4,2,790
10.5,11,4,3,792
10.5,11,4,4,795
10.5,11,4,5,797
10.5,11,4,6,800
10.5,11,4,7,802
10.5,11,4,8,805
10.5,11,4,9,807
10.5,11,4,10,809
10.5,11,4,11,812
10.5,11,4,12,814
10.5,11,4,13,817
10.5,11,4,14,819
10.5,11,4,15,822
10.5,11,5,0,787
10.5,11,5,1,790
10.5,11,5,2,792
10.5,11,5,3,795
10.5,11,5,4,797
10.5,11,5,5,800
10.5,11,5,6,802
10.5,11,5,7,805
10.5,11,5,8,807
10.5,11,5,9,810
10.5,11,5,10,812
10.5,11,5,11,815
10.5,11,5,12,817
10.5,11,5,13,819
10.5,11,5,14,822
10.5,11,5,15,824
10.5,11,6,0,790
10.5,11,6,1,792
10.5,11,6,2,795
10.5,11,6,3,797
10.5,11,6,4,800
10.5,11,6,5,802
10.5,11,6,6,805
10.5,11,6,7,807
10.5,11,6,8,810
10.5,11,6,9,812
10.5,11,6,10,815
10.5,11,6,11,817
10.5,11,6,12,820
10.5,11,6,13,822
10.5,11,6,14,825
10.5,11,6,15,827
10.5,11,7,0,792
10.5,11,7,1,795
10.5,11,7,2,797
10.5,11,7,3,800
10.5,11,7,4,802
10.5,11,7,5,805
10.5,11,7,6,807
10.5,11,7,7,810
10.5,11,7,8,812
10.5,11,7,9,815
10.5,11,7,10,817
10.5,11,7,11,820
10.5,11,7,12,822
10.5,11,7,13,825
10.5,11,7,14,827
10.5,11,7,15,830
10.5,11,8,0,795
10.5,11,8,1,797
10.5,11,8,2,800
10.5,11,8,3,802
10.5,11,8,4,805
10.5,11,8,5,807
10.5,11,8,6,810
10.5,11,8,7,813
10.5,11,8,8,815
10.5,11,8,9,818
10.5,11,8,10,820
10.5,11,8,11,823
10.5,11,8,12,825
10.5,11,8,13,827
10.5,11,8,14,830
10.5,11,8,15,832
10.5,11,9,0,797
10.5,11,9,1,800
10.5,11,9,2,802
10.5,11,9,3,805
10.5,11,9,4,808
10.5,11,9,5,810
10.5,11,9,6,813
10.5,11,9,7,815
10.5,11,9,8,818
10.5,11,9,9,820
10.5,11,9,10,823
10.5,11,9,11,825
10.5,11,9,12,828
10.5,11,9,13,830
10.5,11,9,14,833
10.5,11,9,15,835
10.5,11,10,0,800
10.5,11,10,1,802
10.5,11,10,2,805
10.5,11,10,3,808
10.5,11,10,4,810
10.5,11,10,5,813
10.5,11,10,6,815
10.5,11,10,7,818
10.5,11,10,8,820
10.5,11,10,9,823
10.5,11,10,10,825
10.5,11,10,11,828
10.5,11,10,12,830
10.5,11,10,13,833
10.5,11,10,14,835
10.5,11,10,15,838
10.5,11,11,0,802
10.5,11,11,1,805
10.5,11,11,2,807
10.5,11,11,3,810
10.5,11,11,4,813
10.5,11,11,5,815
10.5,11,11,6,818
10.5,11,11,7,820
10.5,11,11,8,823
10.5,11,11,9,825
10.5,11,11,10,828
10.5,11,11,11,830
10.5,11,11,12,833
10.5,11,11,13,835
10.5,11,11,14,838
10.5,11,11,15,840
10.5,11,12,0,805
10.5,11,12,1,807
10.5,11,12,2,810
10.5,11,12,3,813
10.5,11,12,4,815
10.5,11,12,5,818
10.5,11,12,6,820
10.5,11,12,7,823
10.5,11,12,8,825
10.5,11,12,9,828
10.5,11,12,10,830
10.5,11,12,11,833
10.5,11,12,12,835
10.5,11,12,13,838
10.5,11,12,14,840
10.5,11,12,15,843
10.5,11,13,0,807
10.5,11,13,1,810
10.5,11,13,2,813
10.5,11,13,3,815
10.5,11,13,4,818
10.5,11,13,5,820
10.5,11,13,6,823
10.5,11,13,7,825
10.5,11,13,8,828
10.5,11,13,9,830
10.5,11,13,10,833
10.5,11,13,11,836
10.5,11,13,12,838
10.5,11,13,13,841
10.5,11,13,14,843
10.5,11,13,15,846
10.5,11,14,0,810
10.5,11,14,1,812
10.5,11,14,2,815
10.5,11,14,3,818
10.5,11,14,4,820
10.5,11,14,5,823
10.5,11,14,6,825
10.5,11,14,7,828
10.5,11,14,8,830
10.5,11,14,9,833
10.5,11,14,10,836
10.5,11,14,11,838
10.5,11,14,12,841
10.5,11,14,13,843
10.5,11,14,14,846
10.5,11,14,15,848
10.5,11,15,0,812
10.5,11,15,1,815
10.5,11,15,2,818
10.5,11,15,3,820
10.5,11,15,4,823
10.5,11,15,5,825
10.5,11,15,6,828
10.5,11,15,7,830
10.5,11,15,8,833
10.5,11,15,9,836
10.5,11,15,10,838
10.5,11,15,11,841
10.5,11,15,12,843
10.5,11,15,13,846
10.5,11,15,14,848
10.5,11,15,15,851
10.5,12,0,0,777
10.5,12,0,1,780
10.5,12,0,2,782
10.5,12,0,3,785
10.5,12,0,4,787
10.5,12,0,5,790
10.5,12,0,6,792
10.5,12,0,7,794
10.5,12,0,8,797
10.5,12,0,9,799
10.5,12,0,10,802
10.5,12,0,11,804
10.5,12,0,12,807
10.5,12,0,13,809
10.5,12,0,14,811
10.5,12,0,15,814
10.5,12,1,0,780
10.5,12,1,1,782
10.5,12,1,2,785
10.5,12,1,3,787
10.5,12,1,4,790
10.5,12,1,5,792
10.5,12,1,6,795
10.5,12,1,7,797
10.5,12,1,8,800
10.5,12,1,9,802
10.5,12,1,10,804
10.5,12,1,11,807
10.5,12,1,12,809
10.5,12,1,13,812
10.5,12,1,14,814
10.5,12,1,15,817
10.5,12,2,0,782
10.5,12,2,1,785
10.5,12,2,2,787
10.5,12,2,3,790
10.5,12,2,4,792
10.5,12,2,5,795
10.5,12,2,6,797
10.5,12,2,7,800
10.5,12,2,8,802
10.5,12,2,9,805
10.5,12,2,10,807
10.5,12,2,11,810
10.5,12,2,12,812
10.5,12,2,13,814
10.5,12,2,14,817
10.5,12,2,15,819
10.5,12,3,0,785
10.5,12,3,1,787
10.5,12,3,2,790
10.5,12,3,3,792
10.5,12,3,4,795
10.5,12,3,5,797
10.5,12,3,6,800
10.5,12,3,7,802
10.5,12,3,8,805
10.5,12,3,9,807
10.5,12,3,10,810
10.5,12,3,11,812
10.5,12,3,12,815
10.5,12,3,13,817
10.5,12,3,14,820
10.5,12,3,15,822
10.5,12,4,0,787
10.5,12,4,1,790
10.5,12,4,2,793
10.5,12,4,3,795
10.5,12,4,4,798
10.5,12,4,5,800
10.5,12,4,6,803
10.5,12,4,7,805
10.5,12,4,8,808
10.5,12,4,9,810
10.5,12,4,10,812
10.5,12,4,11,815
10.5,12,4,12,817
10.5,12,4,13,820
10.5,12,4,14,822
10.5,12,4,15,825
10.5,12,5,0,790
10.5,12,5,1,793
10.5,12,5,2,795
10.5,12,5,3,798
10.5,12,5,4,800
10.5,12,5,5,803
10.5,12,5,6,805
10.5,12,5,7,808
10.5,12,5,8,810
10.5,12,5,9,813
10.5,12,5,10,815
10.5,12,5,11,818
10.5,12,5,12,820
10.5,12,5,13,823
10.5,12,5,14,825
10.5,12,5,15,827
10.5,12,6,0,793
10.5,12,6,1,795
10.5,12,6,2,798
10.5,12,6,3,800
10.5,12,6,4,803
10.5,12,6,5,805
10.5,12,6,6,808
10.5,12,6,7,810
10.5,12,6,8,813
10.5,12,6,9,815
10.5,12,6,10,818
10.5,12,6,11,820
10.5,12,6,12,823
10.5,12,6,13,825
10.5,12,6,14,828
10.5,12,6,15,830
10.5,12,7,0,795
10.5,12,7,1,798
10.5,12,7,2,800
10.5,12,7,3,803
10.5,12,7,4,805
10.5,12,7,5,808
10.5,12,7,6,810
10.5,12,7,7,813
10.5,12,7,8,815
10.5,12,7,9,818
10.5,12,7,10,820
10.5,12,7,11,823
10.5,12,7,12,825
10.5,12,7,13,828
10.5,12,7,14,830
10.5,12,7,15,833
10.5,12,8,0,798
10.5,12,8,1,800
10.5,12,8,2,803
10.5,12,8,3,805
10.5,12,8,4,808
10.5,12,8,5,810
10.5,12,8,6,813
10.5,12,8,7,816
10.5,12,8,8,818
10.5,12,8,9,821
10.5,12,8,10,823
10.5,12,8,11,826
10.5,12,8,12,828
10.5,12,8,13,830
10.5,12,8,14,833
10.5,12,8,15,835
10.5,12,9,0,800
10.5,12,9,1,803
10.5,12,9,2,805
10.5,12,9,3,808
10.5,12,9,4,810
10.5,12,9,5,813
10.5,12,9,6,816
10.5,12,9,7,818
10.5,12,9,8,821
10.5,12,9,9,823
10.5,12,9,10,826
10.5,12,9,11,828
10.5,12,9,12,831
10.5,12,9,13,833
10.5,12,9,14,836
10.5,12,9,15,838
10.5,12,10,0,803
10.5,12,10,1,805
10.5,12,10,2,808
10.5,12,10,3,810
10.5,12,10,4,813
10.5,12,10,5,816
10.5,12,10,6,818
10.5,12,10,7,821
10.5,12,10,8,823
10.5,12,10,9,826
10.5,12,10,10,828
10.5,12,10,11,831
10.5,12,10,12,833
10.5,12,10,13,836
10.5,12,10,14,838
10.5,12,10,15,841
10.5,12,11,0,805
10.5,12,11,1,808
10.5,12,11,2,810
10.5,12,11,3,813
10.5,12,11,4,816
10.5,12,11,5,818
10.5,12,11,6,821
10.5,12,11,7,823
10.5,12,11,8,826
10.5,12,11,9,828
10.5,12,11,10,831
10.5,12,11,11,833
10.5,12,11,12,836
10.5,12,11,13,838
10.5,12,11,14,841
10.5,12,11,15,843
10.5,12,12,0,808
10.5,12,12,1,810
10.5,12,12,2,813
10.5,12,12,3,816
10.5,12,12,4,818
10.5,12,12,5,821
10.5,12,12,6,823
10.5,12,12,7,826
10.5,12,12,8,828
10.5,12,12,9,831
10.5,12,12,10,833
10.5,12,12,11,836
10.5,12,12,12,839
10.5,12,12,13,841
10.5,12,12,14,844
10.5,12,12,15,846
10.5,12,13,0,810
10.5,12,13,1,813
10.5,12,13,2,816
10.5,12,13,3,818
10.5,12,13,4,821
10.5,12,13,5,823
10.5,12,13,6,826
10.5,12,13,7,828
10.5,12,13,8,831
10.5,12,13,9,834
10.5,12,13,10,836
10.5,12,13,11,839
10.5,12,13,12,841
10.5,12,13,13,844
10.5,12,13,14,846
10.5,12,13,15,849
10.5,12,14,0,813
10.5,12,14,1,815
10.5,12,14,2,818
10.5,12,14,3,821
10.5,12,14,4,823
10.5,12,14,5,826
10.5,12,14,6,828
10.5,12,14,7,831
10.5,12,14,8,834
10.5,12,14,9,836
10.5,12,14,10,839
10.5,12,14,11,841
10.5,12,14,12,844
10.5,12,14,13,846
10.5,12,14,14,849
10.5,12,14,15,851
10.5,12,15,0,815
10.5,12,15,1,818
10.5,12,15,2,821
10.5,12,15,3,823
10.5,12,15,4,826
10.5,12,15,5,828
10.5,12,15,6,831
10.5,12,15,7,834
10.5,12,15,8,836
10.5,12,15,9,839
10.5,12,15,10,841
10.5,12,15,11,844
10.5,12,15,12,846
10.5,12,15,13,849
10.5,12,15,14,851
10.5,12,15,15,854
10.5,13,0,0,780
10.5,13,0,1,782
10.5,13,0,2,785
10.5,13,0,3,787
10.5,13,0,4,790
10.5,13,0,5,792
10.5,13,0,6,795
10.5,13,0,7,797
10.5,13,0,8,800
10.5,13,0,9,802
10.5,13,0,10,805
10.5,13,0,11,807
10.5,13,0,12,810
10.5,13,0,13,812
10.5,13,0,14,814
10.5,13,0,15,817
10.5,13,1,0,783
10.5,13,1,1,785
10.5,13,1,2,788
10.5,13,1,3,790
10.5,13,1,4,793
10.5,13,1,5,795
10.5,13,1,6,798
10.5,13,1,7,800
10.5,13,1,8,803
10.5,13,1,9,805
10.5,13,1,10,807
10.5,13,1,11,810
10.5,13,1,12,812
10.5,13,1,13,815
10.5,13,1,14,817
10.5,13,1,15,820
10.5,13,2,0,785
10.5,13,2,1,788
10.5,13,2,2,790
10.5,13,2,3,793
10.5,13,2,4,795
10.5,13,2,5,798
10.5,13,2,6,800
10.5,13,2,7,803
10.5,13,2,8,805
10.5,13,2,9,808
10.5,13,2,10,810
10.5,13,2,11,813
10.5,13,2,12,815
10.5,13,2,13,817
10.5,13,2,14,820
10.5,13,2,15,822
10.5,13,3,0,788
10.5,13,3,1,790
10.5,13,3,2,793
10.5,13,3,3,795
10.5,13,3,4,798
10.5,13,3,5,800
10.5,13,3,6,803
10.5,13,3,7,805
10.5,13,3,8,808
10.5,13,3,9,810
10.5,13,3,10,813
10.5,13,3,11,815
10.5,13,3,12,818
10.5,13,3,13,820
10.5,13,3,14,823
10.5,13,3,15,825
10.5,13,4,0,790
10.5,13,4,1,793
10.5,13,4,2,795
10.5,13,4,3,798
10.5,13,4,4,800
10.5,13,4,5,803
10.5,13,4,6,806
10.5,13,4,7,808
10.5,13,4,8,810
10.5,13,4,9,813
10.5,13,4,10,815
10.5,13,4,11,818
10.5,13,4,12,820
10.5,13,4,13,823
10.5,13,4,14,825
10.5,13,4,15,828
10.5,13,5,0,793
10.5,13,5,1,795
10.5,13,5,2,798
10.5,13,5,3,801
10.5,13,5,4,803
10.5,13,5,5,806
10.5,13,5,6,808
10.5,13,5,7,811
10.5,13,5,8,813
10.5,13,5,9,816
10.5,13,5,10,818
10.5,13,5,11,821
10.5,13,5,12,823
10.5,13,5,13,826
10.5,13,5,14,828
10.5,13,5,15,830
10.5,13,6,0,795
10.5,13,6,1,798
10.5,13,6,2,801
10.5,13,6,3,803
10.5,13,6,4,806
10.5,13,6,5,808
10.5,13,6,6,811
10.5,13,6,7,813
10.5,13,6,8,816
10.5,13,6,9,818
10.5,13,6,10,821
10.5,13,6,11,823
10.5,13,6,12,826
10.5,13,6,13,828
10.5,13,6,14,831
10.5,13,6,15,833
10.5,13,7,0,798
10.5,13,7,1,801
10.5,13,7,2,803
10.5,13,7,3,806
10.5,13,7,4,808
10.5,13,7,5,811
10.5,13,7,6,813
10.5,13,7,7,816
10.5,13,7,8,818
10.5,13,7,9,821
10.5,13,7,10,823
10.5,13,7,11,826
10.5,13,7,12,828
10.5,13,7,13,831
10.5,13,7,14,833
10.5,13,7,15,836
10.5,13,8,0,801
10.5,13,8,1,803
10.5,13,8,2,806
10.5,13,8,3,808
10.5,13,8,4,811
10.5,13,8,5,813
10.5,13,8,6,816
10.5,13,8,7,819
10.5,13,8,8,821
10.5,13,8,9,824
10.5,13,8,10,826
10.5,13,8,11,829
10.5,13,8,12,831
10.5,13,8,13,834
10.5,13,8,14,836
10.5,13,8,15,838
10.5,13,9,0,803
10.5,13,9,1,806
10.5,13,9,2,808
10.5,13,9,3,811
10.5,13,9,4,813
10.5,13,9,5,816
10.5,13,9,6,819
10.5,13,9,7,821
10.5,13,9,8,824
10.5,13,9,9,826
10.5,13,9,10,829
10.5,13,9,11,831
10.5,13,9,12,834
10.5,13,9,13,836
10.5,13,9,14,839
10.5,13,9,15,841
10.5,13,10,0,806
10.5,13,10,1,808
10.5,13,10,2,811
10.5,13,10,3,813
10.5,13,10,4,816
10.5,13,10,5,819
10.5,13,10,6,821
10.5,13,10,7,824
10.5,13,10,8,826
10.5,13,10,9,829
10.5,13,10,10,831
10.5,13,10,11,834
10.5,13,10,12,836
10.5,13,10,13,839
10.5,13,10,14,841
10.5,13,10,15,844
10.5,13,11,0,808
10.5,13,11,1,811
10.5,13,11,2,813
10.5,13,11,3,816
10.5,13,11,4,819
10.5,13,11,5,821
10.5,13,11,6,824
10.5,13,11,7,826
10.5,13,11,8,829
10.5,13,11,9,831
10.5,13,11,10,834
10.5,13,11,11,836
10.5,13,11,12,839
10.5,13,11,13,841
10.5,13,11,14,844
10.5,13,11,15,846
10.5,13,12,0,811
10.5,13,12,1,813
10.5,13,12,2,816
10.5,13,12,3,819
10.5,13,12,4,821
10.5,13,12,5,824
10.5,13,12,6,826
10.5,13,12,7,829
10.5,13,12,8,831
10.5,13,12,9,834
10.5,13,12,10,837
10.5,13,12,11,839
10.5,13,12,12,842
10.5,13,12,13,844
10.5,13,12,14,847
10.5,13,12,15,849
10.5,13,13,0,813
10.5,13,13,1,816
10.5,13,13,2,819
10.5,13,13,3,821
10.5,13,13,4,824
10.5,13,13,5,826
10.5,13,13,6,829
10.5,13,13,7,831
10.5,13,13,8,834
10.5,13,13,9,837
10.5,13,13,10,839
10.5,13,13,11,842
10.5,13,13,12,844
10.5,13,13,13,847
10.5,13,13,14,849
10.5,13,13,15,852
10.5,13,14,0,816
10.5,13,14,1,818
10.5,13,14,2,821
10.5,13,14,3,824
10.5,13,14,4,826
10.5,13,14,5,829
10.5,13,14,6,831
10.5,13,14,7,834
10.5,13,14,8,837
10.5,13,14,9,839
10.5,13,14,10,842
10.5,13,14,11,844
10.5,13,14,12,847
10.5,13,14,13,849
10.5,13,14,14,852
10.5,13,14,15,854
10.5,13,15,0,818
10.5,13,15,1,821
10.5,13,15,2,824
10.5,13,15,3,826
10.5,13,15,4,829
10.5,13,15,5,831
10.5,13,15,6,834
10.5,13,15,7,837
10.5,13,15,8,839
10.5,13,15,9,842
10.5,13,15,10,844
10.5,13,15,11,847
10.5,13,15,12,849
10.5,13,15,13,852
10.5,13,15,14,854
10.5,13,15,15,857
10.5,14,0,0,783
10.5,14,0,1,785
10.5,14,0,2,788
10.5,14,0,3,790
10.5,14,0,4,793
10.5,14,0,5,795
10.5,14,0,6,798
10.5,14,0,7,800
10.5,14,0,8,803
10.5,14,0,9,805
10.5,14,0,10,808
10.5,14,0,11,810
10.5,14,0,12,813
10.5,14,0,13,815
10.5,14,0,14,817
10.5,14,0,15,820
10.5,14,1,0,785
10.5,14,1,1,788
10.5,14,1,2,790
10.5,14,1,3,793
10.5,14,1,4,795
10.5,14,1,5,798
10.5,14,1,6,800
10.5,14,1,7,803
10.5,14,1,8,805
10.5,14,1,9,808
10.5,14,1,10,810
10.5,14,1,11,813
10.5,14,1,12,815
10.5,14,1,13,818
10.5,14,1,14,820
10.5,14,1,15,823
10.5,14,2,0,788
10.5,14,2,1,791
10.5,14,2,2,793
10.5,14,2,3,796
10.5,14,2,4,798
10.5,14,2,5,801
10.5,14,2,6,803
10.5,14,2,7,806
10.5,14,2,8,808
10.5,14,2,9,811
10.5,14,2,10,813
10.5,14,2,11,816
10.5,14,2,12,818
10.5,14,2,13,820
10.5,14,2,14,823
10.5,14,2,15,825
10.5,14,3,0,791
10.5,14,3,1,793
10.5,14,3,2,796
10.5,14,3,3,798
10.5,14,3,4,801
10.5,14,3,5,803
10.5,14,3,6,806
10.5,14,3,7,808
10.5,14,3,8,811
10.5,14,3,9,813
10.5,14,3,10,816
10.5,14,3,11,818
10.5,14,3,12,821
10.5,14,3,13,823
10.5,14,3,14,826
10.5,14,3,15,828
10.5,14,4,0,793
10.5,14,4,1,796
10.5,14,4,2,798
10.5,14,4,3,801
10.5,14,4,4,803
10.5,14,4,5,806
10.5,14,4,6,808
10.5,14,4,7,811
10.5,14,4,8,813
10.5,14,4,9,816
10.5,14,4,10,818
10.5,14,4,11,821
10.5,14,4,12,823
10.5,14,4,13,826
10.5,14,4,14,828
10.5,14,4,15,831
10.5,14,5,0,796
10.5,14,5,1,798
10.5,14,5,2,801
10.5,14,5,3,803
10.5,14,5,4,806
10.5,14,5,5,809
10.5,14,5,6,811
10.5,14,5,7,814
10.5,14,5,8,816
10.5,14,5,9,819
10.5,14,5,10,821
10.5,14,5,11,824
10.5,14,5,12,826
10.5,14,5,13,829
10.5,14,5,14,831
10.5,14,5,15,833
10.5,14,6,0,798
10.5,14,6,1,801
10.5,14,6,2,804
10.5,14,6,3,806
10.5,14,6,4,809
10.5,14,6,5,811
10.5,14,6,6,814
10.5,14,6,7,816
10.5,14,6,8,819
10.5,14,6,9,821
10.5,14,6,10,824
10.5,14,6,11,826
10.5,14,6,12,829
10.5,14,6,13,831
10.5,14,6,14,834
10.5,14,6,15,836
10.5,14,7,0,801
10.5,14,7,1,804
10.5,14,7,2,806
10.5,14,7,3,809
10.5,14,7,4,811
10.5,14,7,5,814
10.5,14,7,6,816
10.5,14,7,7,819
10.5,14,7,8,821
10.5,14,7,9,824
10.5,14,7,10,826
10.5,14,7,11,829
10.5,14,7,12,831
10.5,14,7,13,834
10.5,14,7,14,836
10.5,14,7,15,839
10.5,14,8,0,804
10.5,14,8,1,806
10.5,14,8,2,809
10.5,14,8,3,811
10.5,14,8,4,814
10.5,14,8,5,816
10.5,14,8,6,819
10.5,14,8,7,821
10.5,14,8,8,824
10.5,14,8,9,827
10.5,14,8,10,829
10.5,14,8,11,832
10.5,14,8,12,834
10.5,14,8,13,837
10.5,14,8,14,839
10.5,14,8,15,842
10.5,14,9,0,806
10.5,14,9,1,809
10.5,14,9,2,811
10.5,14,9,3,814
10.5,14,9,4,816
10.5,14,9,5,819
10.5,14,9,6,822
10.5,14,9,7,824
10.5,14,9,8,827
10.5,14,9,9,829
10.5,14,9,10,832
10.5,14,9,11,834
10.5,14,9,12,837
10.5,14,9,13,839
10.5,14,9,14,842
10.5,14,9,15,844
10.5,14,10,0,809
10.5,14,10,1,811
10.5,14,10,2,814
10.5,14,10,3,816
10.5,14,10,4,819
10.5,14,10,5,822
10.5,14,10,6,824
10.5,14,10,7,827
10.5,14,10,8,829
10.5,14,10,9,832
10.5,14,10,10,834
10.5,14,10,11,837
10.5,14,10,12,839
10.5,14,10,13,842
10.5,14,10,14,844
10.5,14,10,15,847
10.5,14,11,0,811
10.5,14,11,1,814
10.5,14,11,2,816
10.5,14,11,3,819
10.5,14,11,4,822
10.5,14,11,5,824
10.5,14,11,6,827
10.5,14,11,7,829
10.5,14,11,8,832
10.5,14,11,9,834
10.5,14,11,10,837
10.5,14,11,11,839
10.5,14,11,12,842
10.5,14,11,13,845
10.5,14,11,14,847
10.5,14,11,15,850
10.5,14,12,0,814
10.5,14,12,1,816
10.5,14,12,2,819
10.5,14,12,3,822
10.5,14,12,4,824
10.5,14,12,5,827
10.5,14,12,6,829
10.5,14,12,7,832
10.5,14,12,8,834
10.5,14,12,9,837
10.5,14,12,10,840
10.5,14,12,11,842
10.5,14,12,12,845
10.5,14,12,13,847
10.5,14,12,14,850
10.5,14,12,15,852
10.5,14,13,0,816
10.5,14,13,1,819
10.5,14,13,2,821
10.5,14,13,3,824
10.5,14,13,4,827
10.5,14,13,5,829
10.5,14,13,6,832
10.5,14,13,7,834
10.5,14,13,8,837
10.5,14,13,9,840
10.5,14,13,10,842
10.5,14,13,11,845
10.5,14,13,12,847
10.5,14,13,13,850
10.5,14,13,14,852
10.5,14,13,15,855
10.5,14,14,0,819
10.5,14,14,1,821
10.5,14,14,2,824
10.5,14,14,3,827
10.5,14,14,4,829
10.5,14,14,5,832
10.5,14,14,6,834
10.5,14,14,7,837
10.5,14,14,8,840
10.5,14,14,9,842
10.5,14,14,10,845
10.5,14,14,11,847
10.5,14,14,12,850
10.5,14,14,13,852
10.5,14,14,14,855
10.5,14,14,15,857
10.5,14,15,0,821
10.5,14,15,1,824
10.5,14,15,2,827
10.5,14,15,3,829
10.5,14,15,4,832
10.5,14,15,5,834
10.5,14,15,6,837
10.5,14,15,7,840
10.5,14,15,8,842
10.5,14,15,9,845
10.5,14,15,10,847
10.5,14,15,11,850
10.5,14,15,12,852
10.5,14,15,13,855
10.5,14,15,14,858
10.5,14,15,15,860
10.5,15,0,0,786
10.5,15,0,1,788
10.5,15,0,2,791
10.5,15,0,3,793
10.5,15,0,4,796
10.5,15,0,5,798
10.5,15,0,6,801
10.5,15,0,7,803
10.5,15,0,8,806
10.5,15,0,9,808
10.5,15,0,10,811
10.5,15,0,11,813
10.5,15,0,12,815
10.5,15,0,13,818
10.5,15,0,14,820
10.5,15,0,15,823
10.5,15,1,0,788
10.5,15,1,1,791
10.5,15,1,2,793
10.5,15,1,3,796
10.5,15,1,4,798
10.5,15,1,5,801
10.5,15,1,6,803
10.5,15,1,7,806
10.5,15,1,8,808
10.5,15,1,9,811
10.5,15,1,10,813
10.5,15,1,11,816
10.5,15,1,12,818
10.5,15,1,13,821
10.5,15,1,14,823
10.5,15,1,15,826
10.5,15,2,0,791
10.5,15,2,1,793
10.5,15,2,2,796
10.5,15,2,3,799
10.5,15,2,4,801
10.5,15,2,5,804
10.5,15,2,6,806
10.5,15,2,7,809
10.5,15,2,8,811
10.5,15,2,9,814
10.5,15,2,10,816
10.5,15,2,11,818
10.5,15,2,12,821
10.5,15,2,13,823
10.5,15,2,14,826
10.5,15,2,15,828
10.5,15,3,0,794
10.5,15,3,1,796
10.5,15,3,2,799
10.5,15,3,3,801
10.5,15,3,4,804
10.5,15,3,5,806
10.5,15,3,6,809
10.5,15,3,7,811
10.5,15,3,8,814
10.5,15,3,9,816
10.5,15,3,10,819
10.5,15,3,11,821
10.5,15,3,12,824
10.5,15,3,13,826
10.5,15,3,14,829
10.5,15,3,15,831
10.5,15,4,0,796
10.5,15,4,1,799
10.5,15,4,2,801
10.5,15,4,3,804
10.5,15,4,4,806
10.5,15,4,5,809
10.5,15,4,6,811
10.5,15,4,7,814
10.5,15,4,8,816
10.5,15,4,9,819
10.5,15,4,10,821
10.5,15,4,11,824
10.5,15,4,12,826
10.5,15,4,13,829
10.5,15,4,14,831
10.5,15,4,15,834
10.5,15,5,0,799
10.5,15,5,1,801
10.5,15,5,2,804
10.5,15,5,3,806
10.5,15,5,4,809
10.5,15,5,5,812
10.5,15,5,6,814
10.5,15,5,7,817
10.5,15,5,8,819
10.5,15,5,9,822
10.5,15,5,10,824
10.5,15,5,11,827
10.5,15,5,12,829
10.5,15,5,13,832
10.5,15,5,14,834
10.5,15,5,15,836
10.5,15,6,0,801
10.5,15,6,1,804
10.5,15,6,2,806
10.5,15,6,3,809
10.5,15,6,4,812
10.5,15,6,5,814
10.5,15,6,6,817
10.5,15,6,7,819
10.5,15,6,8,822
10.5,15,6,9,824
10.5,15,6,10,827
10.5,15,6,11,829
10.5,15,6,12,832
10.5,15,6,13,834
10.5,15,6,14,837
10.5,15,6,15,839
10.5,15,7,0,804
10.5,15,7,1,806
10.5,15,7,2,809
10.5,15,7,3,812
10.5,15,7,4,814
10.5,15,7,5,817
10.5,15,7,6,819
10.5,15,7,7,822
10.5,15,7,8,824
10.5,15,7,9,827
10.5,15,7,10,829
10.5,15,7,11,832
10.5,15,7,12,834
10.5,15,7,13,837
10.5,15,7,14,839
10.5,15,7,15,842
10.5,15,8,0,806
10.5,15,8,1,809
10.5,15,8,2,812
10.5,15,8,3,814
10.5,15,8,4,817
10.5,15,8,5,819
10.5,15,8,6,822
10.5,15,8,7,824
10.5,15,8,8,827
10.5,15,8,9,830
10.5,15,8,10,832
10.5,15,8,11,835
10.5,15,8,12,837
10.5,15,8,13,840
10.5,15,8,14,842
10.5,15,8,15,845
10.5,15,9,0,809
10.5,15,9,1,812
10.5,15,9,2,814
10.5,15,9,3,817
10.5,15,9,4,819
10.5,15,9,5,822
10.5,15,9,6,825
10.5,15,9,7,827
10.5,15,9,8,830
10.5,15,9,9,832
10.5,15,9,10,835
10.5,15,9,11,837
10.5,15,9,12,840
10.5,15,9,13,842
10.5,15,9,14,845
10.5,15,9,15,847
10.5,15,10,0,812
10.5,15,10,1,814
10.5,15,10,2,817
10.5,15,10,3,819
10.5,15,10,4,822
10.5,15,10,5,825
10.5,15,10,6,827
10.5,15,10,7,830
10.5,15,10,8,832
10.5,15,10,9,835
10.5,15,10,10,837
10.5,15,10,11,840
10.5,15,10,12,842
10.5,15,10,13,845
10.5,15,10,14,847
10.5,15,10,15,850
10.5,15,11,0,814
10.5,15,11,1,817
10.5,15,11,2,819
10.5,15,11,3,822
10.5,15,11,4,825
10.5,15,11,5,827
10.5,15,11,6,830
10.5,15,11,7,832
10.5,15,11,8,835
10.5,15,11,9,837
10.5,15,11,10,840
10.5,15,11,11,843
10.5,15,11,12,845
10.5,15,11,13,848
10.5,15,11,14,850
10.5,15,11,15,853
10.5,15,12,0,817
10.5,15,12,1,819
10.5,15,12,2,822
10.5,15,12,3,825
10.5,15,12,4,827
10.5,15,12,5,830
10.5,15,12,6,832
10.5,15,12,7,835
10.5,15,12,8,837
10.5,15,12,9,840
10.5,15,12,10,843
10.5,15,12,11,845
10.5,15,12,12,848
10.5,15,12,13,850
10.5,15,12,14,853
10.5,15,12,15,855
10.5,15,13,0,819
10.5,15,13,1,822
10.5,15,13,2,824
10.5,15,13,3,827
10.5,15,13,4,830
10.5,15,13,5,832
10.5,15,13,6,835
10.5,15,13,7,838
10.5,15,13,8,840
10.5,15,13,9,843
10.5,15,13,10,845
10.5,15,13,11,848
10.5,15,13,12,850
10.5,15,13,13,853
10.5,15,13,14,855
10.5,15,13,15,858
10.5,15,14,0,822
10.5,15,14,1,824
10.5,15,14,2,827
10.5,15,14,3,830
10.5,15,14,4,832
10.5,15,14,5,835
10.5,15,14,6,837
10.5,15,14,7,840
10.5,15,14,8,843
10.5,15,14,9,845
10.5,15,14,10,848
10.5,15,14,11,850
10.5,15,14,12,853
10.5,15,14,13,856
10.5,15,14,14,858
10.5,15,14,15,861
10.5,15,15,0,824
10.5,15,15,1,827
10.5,15,15,2,830
10.5,15,15,3,832
10.5,15,15,4,835
10.5,15,15,5,837
10.5,15,15,6,840
10.5,15,15,7,843
10.5,15,15,8,845
10.5,15,15,9,848
10.5,15,15,10,850
10.5,15,15,11,853
10.5,15,15,12,856
10.5,15,15,13,858
10.5,15,15,14,861
10.5,15,15,15,863
11.0,0,0,0,778
11.0,0,0,1,781
11.0,0,0,2,783
11.0,0,0,3,786
11.0,0,0,4,788
11.0,0,0,5,791
11.0,0,0,6,793
11.0,0,0,7,796
11.0,0,0,8,798
11.0,0,0,9,801
11.0,0,0,10,803
11.0,0,0,11,805
11.0,0,0,12,808
11.0,0,0,13,810
11.0,0,0,14,813
11.0,0,0,15,815
11.0,0,1,0,781
11.0,0,1,1,783
11.0,0,1,2,786
11.0,0,1,3,788
11.0,0,1,4,791
11.0,0,1,5,793
11.0,0,1,6,796
11.0,0,1,7,798
11.0,0,1,8,801
11.0,0,1,9,803
11.0,0,1,10,806
11.0,0,1,11,808
11.0,0,1,12,811
11.0,0,1,13,813
11.0,0,1,14,815
11.0,0,1,15,818
11.0,0,2,0,783
11.0,0,2,1,786
11.0,0,2,2,789
11.0,0,2,3,791
11.0,0,2,4,794
11.0,0,2,5,796
11.0,0,2,6,799
11.0,0,2,7,801
11.0,0,2,8,803
11.0,0,2,9,806
11.0,0,2,10,808
11.0,0,2,11,811
11.0,0,2,12,813
11.0,0,2,13,816
11.0,0,2,14,818
11.0,0,2,15,821
11.0,0,3,0,786
11.0,0,3,1,789
11.0,0,3,2,791
11.0,0,3,3,794
11.0,0,3,4,796
11.0,0,3,5,799
11.0,0,3,6,801
11.0,0,3,7,804
11.0,0,3,8,806
11.0,0,3,9,809
11.0,0,3,10,811
11.0,0,3,11,814
11.0,0,3,12,816
11.0,0,3,13,818
11.0,0,3,14,821
11.0,0,3,15,823
11.0,0,4,0,789
11.0,0,4,1,791
11.0,0,4,2,794
11.0,0,4,3,796
11.0,0,4,4,799
11.0,0,4,5,801
11.0,0,4,6,804
11.0,0,4,7,806
11.0,0,4,8,809
11.0,0,4,9,811
11.0,0,4,10,814
11.0,0,4,11,816
11.0,0,4,12,819
11.0,0,4,13,821
11.0,0,4,14,824
11.0,0,4,15,826
11.0,0,5,0,791
11.0,0,5,1,794
11.0,0,5,2,796
11.0,0,5,3,799
11.0,0,5,4,801
11.0,0,5,5,804
11.0,0,5,6,806
11.0,0,5,7,809
11.0,0,5,8,811
11.0,0,5,9,814
11.0,0,5,10,816
11.0,0,5,11,819
11.0,0,5,12,821
11.0,0,5,13,824
11.0,0,5,14,826
11.0,0,5,15,829
11.0,0,6,0,794
11.0,0,6,1,796
11.0,0,6,2,799
11.0,0,6,3,801
11.0,0,6,4,804
11.0,0,6,5,807
11.0,0,6,6,809
11.0,0,6,7,812
11.0,0,6,8,814
11.0,0,6,9,817
11.0,0,6,10,819
11.0,0,6,11,822
11.0,0,6,12,824
11.0,0,6,13,826
11.0,0,6,14,829
11.0,0,6,15,831
11.0,0,7,0,796
11.0,0,7,1,799
11.0,0,7,2,801
11.0,0,7,3,804
11.0,0,7,4,807
11.0,0,7,5,809
11.0,0,7,6,812
11.0,0,7,7,814
11.0,0,7,8,817
11.0,0,7,9,819
11.0,0,7,10,822
11.0,0,7,11,824
11.0,0,7,12,827
11.0,0,7,13,829
11.0,0,7,14,832
11.0,0,7,15,834
11.0,0,8,0,799
11.0,0,8,1,801
11.0,0,8,2,804
11.0,0,8,3,807
11.0,0,8,4,809
11.0,0,8,5,812
11.0,0,8,6,814
11.0,0,8,7,817
11.0,0,8,8,819
11.0,0,8,9,822
11.0,0,8,10,824
11.0,0,8,11,827
11.0,0,8,12,829
11.0,0,8,13,832
11.0,0,8,14,834
11.0,0,8,15,837
11.0,0,9,0,801
11.0,0,9,1,804
11.0,0,9,2,807
11.0,0,9,3,809
11.0,0,9,4,812
11.0,0,9,5,814
11.0,0,9,6,817
11.0,0,9,7,819
11.0,0,9,8,822
11.0,0,9,9,824
11.0,0,9,10,827
11.0,0,9,11,829
11.0,0,9,12,832
11.0,0,9,13,834
11.0,0,9,14,837
11.0,0,9,15,839
11.0,0,10,0,804
11.0,0,10,1,807
11.0,0,10,2,809
11.0,0,10,3,812
11.0,0,10,4,814
11.0,0,10,5,817
11.0,0,10,6,819
11.0,0,10,7,822
11.0,0,10,8,824
11.0,0,10,9,827
11.0,0,10,10,830
11.0,0,10,11,832
11.0,0,10,12,835
11.0,0,10,13,837
11.0,0,10,14,840
11.0,0,10,15,842
11.0,0,11,0,807
11.0,0,11,1,809
11.0,0,11,2,812
11.0,0,11,3,814
11.0,0,11,4,817
11.0,0,11,5,819
11.0,0,11,6,822
11.0,0,11,7,825
11.0,0,11,8,827
11.0,0,11,9,830
11.0,0,11,10,832
11.0,0,11,11,835
11.0,0,11,12,837
11.0,0,11,13,840
11.0,0,11,14,842
11.0,0,11,15,845
11.0,0,12,0,809
11.0,0,12,1,812
11.0,0,12,2,814
11.0,0,12,3,817
11.0,0,12,4,819
11.0,0,12,5,822
11.0,0,12,6,825
11.0,0,12,7,827
11.0,0,12,8,830
11.0,0,12,9,832
11.0,0,12,10,835
11.0,0,12,11,837
11.0,0,12,12,840
11.0,0,12,13,842
11.0,0,12,14,845
11.0,0,12,15,847
11.0,0,13,0,812
11.0,0,13,1,814
11.0,0,13,2,817
11.0,0,13,3,819
11.0,0,13,4,822
11.0,0,13,5,825
11.0,0,13,6,827
11.0,0,13,7,830
11.0,0,13,8,832
11.0,0,13,9,835
11.0,0,13,10,837
11.0,0,13,11,840
11.0,0,13,12,842
11.0,0,13,13,845
11.0,0,13,14,847
11.0,0,13,15,850
11.0,0,14,0,814
11.0,0,14,1,817
11.0,0,14,2,819
11.0,0,14,3,822
11.0,0,14,4,824
11.0,0,14,5,827
11.0,0,14,6,830
11.0,0,14,7,832
11.0,0,14,8,835
11.0,0,14,9,837
11.0,0,14,10,840
11.0,0,14,11,842
11.0,0,14,12,845
11.0,0,14,13,848
11.0,0,14,14,850
11.0,0,14,15,853
11.0,0,15,0,817
11.0,0,15,1,819
11.0,0,15,2,822
11.0,0,15,3,824
11.0,0,15,4,827
11.0,0,15,5,830
11.0,0,15,6,832
11.0,0,15,7,835
11.0,0,15,8,837
11.0,0,15,9,840
11.0,0,15,10,842
11.0,0,15,11,845
11.0,0,15,12,848
11.0,0,15,13,850
11.0,0,15,14,853
11.0,0,15,15,855
11.0,1,0,0,781
11.0,1,0,1,784
11.0,1,0,2,786
11.0,1,0,3,789
11.0,1,0,4,791
11.0,1,0,5,794
11.0,1,0,6,796
11.0,1,0,7,799
11.0,1,0,8,801
11.0,1,0,9,804
11.0,1,0,10,806
11.0,1,0,11,809
11.0,1,0,12,811
11.0,1,0,13,813
11.0,1,0,14,816
11.0,1,0,15,818
11.0,1,1,0,784
11.0,1,1,1,786
11.0,1,1,2,789
11.0,1,1,3,791
11.0,1,1,4,794
11.0,1,1,5,796
11.0,1,1,6,799
11.0,1,1,7,801
11.0,1,1,8,804
11.0,1,1,9,806
11.0,1,1,10,809
11.0,1,1,11,811
11.0,1,1,12,814
11.0,1,1,13,816
11.0,1,1,14,819
11.0,1,1,15,821
11.0,1,2,0,786
11.0,1,2,1,789
11.0,1,2,2,792
11.0,1,2,3,794
11.0,1,2,4,797
11.0,1,2,5,799
11.0,1,2,6,802
11.0,1,2,7,804
11.0,1,2,8,807
11.0,1,2,9,809
11.0,1,2,10,811
11.0,1,2,11,814
11.0,1,2,12,816
11.0,1,2,13,819
11.0,1,2,14,821
11.0,1,2,15,824
11.0,1,3,0,789
11.0,1,3,1,792
11.0,1,3,2,794
11.0,1,3,3,797
11.0,1,3,4,799
11.0,1,3,5,802
11.0,1,3,6,804
11.0,1,3,7,807
11.0,1,3,8,809
11.0,1,3,9,812
11.0,1,3,10,814
11.0,1,3,11,817
11.0,1,3,12,819
11.0,1,3,13,822
11.0,1,3,14,824
11.0,1,3,15,826
11.0,1,4,0,792
11.0,1,4,1,794
11.0,1,4,2,797
11.0,1,4,3,799
11.0,1,4,4,802
11.0,1,4,5,804
11.0,1,4,6,807
11.0,1,4,7,809
11.0,1,4,8,812
11.0,1,4,9,814
11.0,1,4,10,817
11.0,1,4,11,819
11.0,1,4,12,822
11.0,1,4,13,824
11.0,1,4,14,827
11.0,1,4,15,829
11.0,1,5,0,794
11.0,1,5,1,797
11.0,1,5,2,799
11.0,1,5,3,802
11.0,1,5,4,804
11.0,1,5,5,807
11.0,1,5,6,810
11.0,1,5,7,812
11.0,1,5,8,815
11.0,1,5,9,817
11.0,1,5,10,820
11.0,1,5,11,822
11.0,1,5,12,824
11.0,1,5,13,827
11.0,1,5,14,829
11.0,1,5,15,832
11.0,1,6,0,797
11.0,1,6,1,799
11.0,1,6,2,802
11.0,1,6,3,805
11.0,1,6,4,807
11.0,1,6,5,810
11.0,1,6,6,812
11.0,1,6,7,815
11.0,1,6,8,817
11.0,1,6,9,820
11.0,1,6,10,822
11.0,1,6,11,825
11.0,1,6,12,827
11.0,1,6,13,830
11.0,1,6,14,832
11.0,1,6,15,835
11.0,1,7,0,799
11.0,1,7,1,802
11.0,1,7,2,805
11.0,1,7,3,807
11.0,1,7,4,810
11.0,1,7,5,812
11.0,1,7,6,815
11.0,1,7,7,817
11.0,1,7,8,820
11.0,1,7,9,822
11.0,1,7,10,825
11.0,1,7,11,827
11.0,1,7,12,830
11.0,1,7,13,832
11.0,1,7,14,835
11.0,1,7,15,837
11.0,1,8,0,802
11.0,1,8,1,805
11.0,1,8,2,807
11.0,1,8,3,810
11.0,1,8,4,812
11.0,1,8,5,815
11.0,1,8,6,817
11.0,1,8,7,820
11.0,1,8,8,822
11.0,1,8,9,825
11.0,1,8,10,827
11.0,1,8,11,830
11.0,1,8,12,832
11.0,1,8,13,835
11.0,1,8,14,837
11.0,1,8,15,840
11.0,1,9,0,805
11.0,1,9,1,807
11.0,1,9,2,810
11.0,1,9,3,812
11.0,1,9,4,815
11.0,1,9,5,817
11.0,1,9,6,820
11.0,1,9,7,823
11.0,1,9,8,825
11.0,1,9,9,828
11.0,1,9,10,830
11.0,1,9,11,833
11.0,1,9,12,835
11.0,1,9,13,838
11.0,1,9,14,840
11.0,1,9,15,843
11.0,1,10,0,807
11.0,1,10,1,810
11.0,1,10,2,812
11.0,1,10,3,815
11.0,1,10,4,817
11.0,1,10,5,820
11.0,1,10,6,823
11.0,1,10,7,825
11.0,1,10,8,828
11.0,1,10,9,830
11.0,1,10,10,833
11.0,1,10,11,835
11.0,1,10,12,838
11.0,1,10,13,840
11.0,1,10,14,843
11.0,1,10,15,845
11.0,1,11,0,810
11.0,1,11,1,812
11.0,1,11,2,815
11.0,1,11,3,817
11.0,1,11,4,820
11.0,1,11,5,823
11.0,1,11,6,825
11.0,1,11,7,828
11.0,1,11,8,830
11.0,1,11,9,833
11.0,1,11,10,835
11.0,1,11,11,838
11.0,1,11,12,840
11.0,1,11,13,843
11.0,1,11,14,845
11.0,1,11,15,848
11.0,1,12,0,812
11.0,1,12,1,815
11.0,1,12,2,817
11.0,1,12,3,820
11.0,1,12,4,823
11.0,1,12,5,825
11.0,1,12,6,828
11.0,1,12,7,830
11.0,1,12,8,833
11.0,1,12,9,835
11.0,1,12,10,838
11.0,1,12,11,840
11.0,1,12,12,843
11.0,1,12,13,846
11.0,1,12,14,848
11.0,1,12,15,851
11.0,1,13,0,815
11.0,1,13,1,817
11.0,1,13,2,820
11.0,1,13,3,823
11.0,1,13,4,825
11.0,1,13,5,828
11.0,1,13,6,830
11.0,1,13,7,833
11.0,1,13,8,835
11.0,1,13,9,838
11.0,1,13,10,841
11.0,1,13,11,843
11.0,1,13,12,846
11.0,1,13,13,848
11.0,1,13,14,851
11.0,1,13,15,853
11.0,1,14,0,817
11.0,1,14,1,820
11.0,1,14,2,822
11.0,1,14,3,825
11.0,1,14,4,828
11.0,1,14,5,830
11.0,1,14,6,833
11.0,1,14,7,835
11.0,1,14,8,838
11.0,1,14,9,841
11.0,1,14,10,843
11.0,1,14,11,846
11.0,1,14,12,848
11.0,1,14,13,851
11.0,1,14,14,853
11.0,1,14,15,856
11.0,1,15,0,820
11.0,1,15,1,822
11.0,1,15,2,825
11.0,1,15,3,828
11.0,1,15,4,830
11.0,1,15,5,833
11.0,1,15,6,835
11.0,1,15,7,838
11.0,1,15,8,841
11.0,1,15,9,843
11.0,1,15,10,846
11.0,1,15,11,848
11.0,1,15,12,851
11.0,1,15,13,853
11.0,1,15,14,856
11.0,1,15,15,858
11.0,2,0,0,784
11.0,2,0,1,787
11.0,2,0,2,789
11.0,2,0,3,792
11.0,2,0,4,794
11.0,2,0,5,797
11.0,2,0,6,799
11.0,2,0,7,802
11.0,2,0,8,804
11.0,2,0,9,807
11.0,2,0,10,809
11.0,2,0,11,812
11.0,2,0,12,814
11.0,2,0,13,816
11.0,2,0,14,819
11.0,2,0,15,821
11.0,2,1,0,787
11.0,2,1,1,789
11.0,2,1,2,792
11.0,2,1,3,794
11.0,2,1,4,797
11.0,2,1,5,799
11.0,2,1,6,802
11.0,2,1,7,804
11.0,2,1,8,807
11.0,2,1,9,809
11.0,2,1,10,812
11.0,2,1,11,814
11.0,2,1,12,817
11.0,2,1,13,819
11.0,2,1,14,822
11.0,2,1,15,824
11.0,2,2,0,790
11.0,2,2,1,792
11.0,2,2,2,795
11.0,2,2,3,797
11.0,2,2,4,800
11.0,2,2,5,802
11.0,2,2,6,805
11.0,2,2,7,807
11.0,2,2,8,810
11.0,2,2,9,812
11.0,2,2,10,815
11.0,2,2,11,817
11.0,2,2,12,820
11.0,2,2,13,822
11.0,2,2,14,824
11.0,2,2,15,827
11.0,2,3,0,792
11.0,2,3,1,795
11.0,2,3,2,797
11.0,2,3,3,800
11.0,2,3,4,802
11.0,2,3,5,805
11.0,2,3,6,807
11.0,2,3,7,810
11.0,2,3,8,812
11.0,2,3,9,815
11.0,2,3,10,817
11.0,2,3,11,820
11.0,2,3,12,822
11.0,2,3,13,825
11.0,2,3,14,827
11.0,2,3,15,830
11.0,2,4,0,795
11.0,2,4,1,797
11.0,2,4,2,800
11.0,2,4,3,802
11.0,2,4,4,805
11.0,2,4,5,807
11.0,2,4,6,810
11.0,2,4,7,812
11.0,2,4,8,815
11.0,2,4,9,817
11.0,2,4,10,820
11.0,2,4,11,822
11.0,2,4,12,825
11.0,2,4,13,827
11.0,2,4,14,830
11.0,2,4,15,832
11.0,2,5,0,797
11.0,2,5,1,800
11.0,2,5,2,802
11.0,2,5,3,805
11.0,2,5,4,808
11.0,2,5,5,810
11.0,2,5,6,813
11.0,2,5,7,815
11.0,2,5,8,818
11.0,2,5,9,820
11.0,2,5,10,823
11.0,2,5,11,825
11.0,2,5,12,828
11.0,2,5,13,830
11.0,2,5,14,833
11.0,2,5,15,835
11.0,2,6,0,800
11.0,2,6,1,802
11.0,2,6,2,805
11.0,2,6,3,808
11.0,2,6,4,810
11.0,2,6,5,813
11.0,2,6,6,815
11.0,2,6,7,818
11.0,2,6,8,820
11.0,2,6,9,823
11.0,2,6,10,825
11.0,2,6,11,828
11.0,2,6,12,830
11.0,2,6,13,833
11.0,2,6,14,835
11.0,2,6,15,838
11.0,2,7,0,802
11.0,2,7,1,805
11.0,2,7,2,808
11.0,2,7,3,810
11.0,2,7,4,813
11.0,2,7,5,815
11.0,2,7,6,818
11.0,2,7,7,820
11.0,2,7,8,823
11.0,2,7,9,825
11.0,2,7,10,828
11.0,2,7,11,830
11.0,2,7,12,833
11.0,2,7,13,835
11.0,2,7,14,838
11.0,2,7,15,840
11.0,2,8,0,805
11.0,2,8,1,808
11.0,2,8,2,810
11.0,2,8,3,813
11.0,2,8,4,815
11.0,2,8,5,818
11.0,2,8,6,820
11.0,2,8,7,823
11.0,2,8,8,826
11.0,2,8,9,828
11.0,2,8,10,831
11.0,2,8,11,833
11.0,2,8,12,836
11.0,2,8,13,838
11.0,2,8,14,841
11.0,2,8,15,843
11.0,2,9,0,808
11.0,2,9,1,810
11.0,2,9,2,813
11.0,2,9,3,815
11.0,2,9,4,818
11.0,2,9,5,821
11.0,2,9,6,823
11.0,2,9,7,826
11.0,2,9,8,828
11.0,2,9,9,831
11.0,2,9,10,833
11.0,2,9,11,836
11.0,2,9,12,838
11.0,2,9,13,841
11.0,2,9,14,843
11.0,2,9,15,846
11.0,2,10,0,810
11.0,2,10,1,813
11.0,2,10,2,815
11.0,2,10,3,818
11.0,2,10,4,821
11.0,2,10,5,823
11.0,2,10,6,826
11.0,2,10,7,828
11.0,2,10,8,831
11.0,2,10,9,833
11.0,2,10,10,836
11.0,2,10,11,838
11.0,2,10,12,841
11.0,2,10,13,843
11.0,2,10,14,846
11.0,2,10,15,848
11.0,2,11,0,813
11.0,2,11,1,815
11.0,2,11,2,818
11.0,2,11,3,821
11.0,2,11,4,823
11.0,2,11,5,826
11.0,2,11,6,828
11.0,2,11,7,831
11.0,2,11,8,833
11.0,2,11,9,836
11.0,2,11,10,839
11.0,2,11,11,841
11.0,2,11,12,844
11.0,2,11,13,846
11.0,2,11,14,849
11.0,2,11,15,851
11.0,2,12,0,815
11.0,2,12,1,818
11.0,2,12,2,820
11.0,2,12,3,823
11.0,2,12,4,826
11.0,2,12,5,828
11.0,2,12,6,831
11.0,2,12,7,833
11.0,2,12,8,836
11.0,2,12,9,839
11.0,2,12,10,841
11.0,2,12,11,844
11.0,2,12,12,846
11.0,2,12,13,849
11.0,2,12,14,851
11.0,2,12,15,854
11.0,2,13,0,818
11.0,2,13,1,820
11.0,2,13,2,823
11.0,2,13,3,826
11.0,2,13,4,828
11.0,2,13,5,831
11.0,2,13,6,833
11.0,2,13,7,836
11.0,2,13,8,839
11.0,2,13,9,841
11.0,2,13,10,844
11.0,2,13,11,846
11.0,2,13,12,849
11.0,2,13,13,851
11.0,2,13,14,854
11.0,2,13,15,856
11.0,2,14,0,820
11.0,2,14,1,823
11.0,2,14,2,826
11.0,2,14,3,828
11.0,2,14,4,831
11.0,2,14,5,833
11.0,2,14,6,836
11.0,2,14,7,839
11.0,2,14,8,841
11.0,2,14,9,844
11.0,2,14,10,846
11.0,2,14,11,849
11.0,2,14,12,851
11.0,2,14,13,854
11.0,2,14,14,857
11.0,2,14,15,859
11.0,2,15,0,823
11.0,2,15,1,825
11.0,2,15,2,828
11.0,2,15,3,831
11.0,2,15,4,833
11.0,2,15,5,836
11.0,2,15,6,839
11.0,2,15,7,841
11.0,2,15,8,844
11.0,2,15,9,846
11.0,2,15,10,849
11.0,2,15,11,852
11.0,2,15,12,854
11.0,2,15,13,857
11.0,2,15,14,859
11.0,2,15,15,862
11.0,3,0,0,787
11.0,3,0,1,790
11.0,3,0,2,792
11.0,3,0,3,795
11.0,3,0,4,797
11.0,3,0,5,800
11.0,3,0,6,802
11.0,3,0,7,805
11.0,3,0,8,807
11.0,3,0,9,810
11.0,3,0,10,812
11.0,3,0,11,815
11.0,3,0,12,817
11.0,3,0,13,820
11.0,3,0,14,822
11.0,3,0,15,824
11.0,3,1,0,790
11.0,3,1,1,792
11.0,3,1,2,795
11.0,3,1,3,797
11.0,3,1,4,800
11.0,3,1,5,803
11.0,3,1,6,805
11.0,3,1,7,808
11.0,3,1,8,810
11.0,3,1,9,812
11.0,3,1,10,815
11.0,3,1,11,817
11.0,3,1,12,820
11.0,3,1,13,822
11.0,3,1,14,825
11.0,3,1,15,827
11.0,3,2,0,793
11.0,3,2,1,795
11.0,3,2,2,798
11.0,3,2,3,800
11.0,3,2,4,803
11.0,3,2,5,805
11.0,3,2,6,808
11.0,3,2,7,810
11.0,3,2,8,813
11.0,3,2,9,815
11.0,3,2,10,818
11.0,3,2,11,820
11.0,3,2,12,823
11.0,3,2,13,825
11.0,3,2,14,828
11.0,3,2,15,830
11.0,3,3,0,795
11.0,3,3,1,798
11.0,3,3,2,800
11.0,3,3,3,803
11.0,3,3,4,805
11.0,3,3,5,808
11.0,3,3,6,810
11.0,3,3,7,813
11.0,3,3,8,815
11.0,3,3,9,818
11.0,3,3,10,820
11.0,3,3,11,823
11.0,3,3,12,825
11.0,3,3,13,828
11.0,3,3,14,830
11.0,3,3,15,833
11.0,3,4,0,798
11.0,3,4,1,800
11.0,3,4,2,803
11.0,3,4,3,805
11.0,3,4,4,808
11.0,3,4,5,811
11.0,3,4,6,813
11.0,3,4,7,816
11.0,3,4,8,818
11.0,3,4,9,821
11.0,3,4,10,823
11.0,3,4,11,826
11.0,3,4,12,828
11.0,3,4,13,831
11.0,3,4,14,833
11.0,3,4,15,835
11.0,3,5,0,800
11.0,3,5,1,803
11.0,3,5,2,805
11.0,3,5,3,808
11.0,3,5,4,811
11.0,3,5,5,813
11.0,3,5,6,816
11.0,3,5,7,818
11.0,3,5,8,821
11.0,3,5,9,823
11.0,3,5,10,826
11.0,3,5,11,828
11.0,3,5,12,831
11.0,3,5,13,833
11.0,3,5,14,836
11.0,3,5,15,838
11.0,3,6,0,803
11.0,3,6,1,806
11.0,3,6,2,808
11.0,3,6,3,811
11.0,3,6,4,813
11.0,3,6,5,816
11.0,3,6,6,818
11.0,3,6,7,821
11.0,3,6,8,823
11.0,3,6,9,826
11.0,3,6,10,828
11.0,3,6,11,831
11.0,3,6,12,833
11.0,3,6,13,836
11.0,3,6,14,838
11.0,3,6,15,841
11.0,3,7,0,806
11.0,3,7,1,808
11.0,3,7,2,811
11.0,3,7,3,813
11.0,3,7,4,816
11.0,3,7,5,818
11.0,3,7,6,821
11.0,3,7,7,824
11.0,3,7,8,826
11.0,3,7,9,829
11.0,3,7,10,831
11.0,3,7,11,834
11.0,3,7,12,836
11.0,3,7,13,839
11.0,3,7,14,841
11.0,3,7,15,844
11.0,3,8,0,808
11.0,3,8,1,811
11.0,3,8,2,813
11.0,3,8,3,816
11.0,3,8,4,818
11.0,3,8,5,821
11.0,3,8,6,824
11.0,3,8,7,826
11.0,3,8,8,829
11.0,3,8,9,831
11.0,3,8,10,834
11.0,3,8,11,836
11.0,3,8,12,839
11.0,3,8,13,841
11.0,3,8,14,844
11.0,3,8,15,846
11.0,3,9,0,811
11.0,3,9,1,813
11.0,3,9,2,816
11.0,3,9,3,818
11.0,3,9,4,821
11.0,3,9,5,824
11.0,3,9,6,826
11.0,3,9,7,829
11.0,3,9,8,831
11.0,3,9,9,834
11.0,3,9,10,836
11.0,3,9,11,839
11.0,3,9,12,841
11.0,3,9,13,844
11.0,3,9,14,847
11.0,3,9,15,849
11.0,3,10,0,813
11.0,3,10,1,816
11.0,3,10,2,818
11.0,3,10,3,821
11.0,3,10,4,824
11.0,3,10,5,826
11.0,3,10,6,829
11.0,3,10,7,831
11.0,3,10,8,834
11.0,3,10,9,837
11.0,3,10,10,839
11.0,3,10,11,842
11.0,3,10,12,844
11.0,3,10,13,847
11.0,3,10,14,849
11.0,3,10,15,852
11.0,3,11,0,816
11.0,3,11,1,818
11.0,3,11,2,821
11.0,3,11,3,824
11.0,3,11,4,826
11.0,3,11,5,829
11.0,3,11,6,831
11.0,3,11,7,834
11.0,3,11,8,837
11.0,3,11,9,839
11.0,3,11,10,842
11.0,3,11,11,844
11.0,3,11,12,847
11.0,3,11,13,849
11.0,3,11,14,852
11.0,3,11,15,854
11.0,3,12,0,818
11.0,3,12,1,821
11.0,3,12,2,824
11.0,3,12,3,826
11.0,3,12,4,829
11.0,3,12,5,831
11.0,3,12,6,834
11.0,3,12,7,837
11.0,3,12,8,839
11.0,3,12,9,842
11.0,3,12,10,844
11.0,3,12,11,847
11.0,3,12,12,849
11.0,3,12,13,852
11.0,3,12,14,855
11.0,3,12,15,857
11.0,3,13,0,821
11.0,3,13,1,824
11.0,3,13,2,826
11.0,3,13,3,829
11.0,3,13,4,831
11.0,3,13,5,834
11.0,3,13,6,837
11.0,3,13,7,839
11.0,3,13,8,842
11.0,3,13,9,844
11.0,3,13,10,847
11.0,3,13,11,850
11.0,3,13,12,852
11.0,3,13,13,855
11.0,3,13,14,857
11.0,3,13,15,860
11.0,3,14,0,823
11.0,3,14,1,826
11.0,3,14,2,829
11.0,3,14,3,831
11.0,3,14,4,834
11.0,3,14,5,837
11.0,3,14,6,839
11.0,3,14,7,842
11.0,3,14,8,844
11.0,3,14,9,847
11.0,3,14,10,850
11.0,3,14,11,852
11.0,3,14,12,855
11.0,3,14,13,857
11.0,3,14,14,860
11.0,3,14,15,862
11.0,3,15,0,826
11.0,3,15,1,829
11.0,3,15,2,831
11.0,3,15,3,834
11.0,3,15,4,837
11.0,3,15,5,839
11.0,3,15,6,842
11.0,3,15,7,844
11.0,3,15,8,847
11.0,3,15,9,850
11.0,3,15,10,852
11.0,3,15,11,855
11.0,3,15,12,857
11.0,3,15,13,860
11.0,3,15,14,862
11.0,3,15,15,865
11.0,4,0,0,790
11.0,4,0,1,793
11.0,4,0,2,795
11.0,4,0,3,798
11.0,4,0,4,800
11.0,4,0,5,803
11.0,4,0,6,805
11.0,4,0,7,808
11.0,4,0,8,810
11.0,4,0,9,813
11.0,4,0,10,815
11.0,4,0,11,818
11.0,4,0,12,820
11.0,4,0,13,823
11.0,4,0,14,825
11.0,4,0,15,828
11.0,4,1,0,793
11.0,4,1,1,795
11.0,4,1,2,798
11.0,4,1,3,801
11.0,4,1,4,803
11.0,4,1,5,806
11.0,4,1,6,808
11.0,4,1,7,811
11.0,4,1,8,813
11.0,4,1,9,816
11.0,4,1,10,818
11.0,4,1,11,821
11.0,4,1,12,823
11.0,4,1,13,825
11.0,4,1,14,828
11.0,4,1,15,830
11.0,4,2,0,796
11.0,4,2,1,798
11.0,4,2,2,801
11.0,4,2,3,803
11.0,4,2,4,806
11.0,4,2,5,808
11.0,4,2,6,811
11.0,4,2,7,813
11.0,4,2,8,816
11.0,4,2,9,818
11.0,4,2,10,821
11.0,4,2,11,823
11.0,4,2,12,826
11.0,4,2,13,828
11.0,4,2,14,831
11.0,4,2,15,833
11.0,4,3,0,798
11.0,4,3,1,801
11.0,4,3,2,803
11.0,4,3,3,806
11.0,4,3,4,808
11.0,4,3,5,811
11.0,4,3,6,813
11.0,4,3,7,816
11.0,4,3,8,818
11.0,4,3,9,821
11.0,4,3,10,824
11.0,4,3,11,826
11.0,4,3,12,828
11.0,4,3,13,831
11.0,4,3,14,833
11.0,4,3,15,836
11.0,4,4,0,801
11.0,4,4,1,803
11.0,4,4,2,806
11.0,4,4,3,808
11.0,4,4,4,811
11.0,4,4,5,814
11.0,4,4,6,816
11.0,4,4,7,819
11.0,4,4,8,821
11.0,4,4,9,824
11.0,4,4,10,826
11.0,4,4,11,829
11.0,4,4,12,831
11.0,4,4,13,834
11.0,4,4,14,836
11.0,4,4,15,839
11.0,4,5,0,803
11.0,4,5,1,806
11.0,4,5,2,809
11.0,4,5,3,811
11.0,4,5,4,814
11.0,4,5,5,816
11.0,4,5,6,819
11.0,4,5,7,821
11.0,4,5,8,824
11.0,4,5,9,826
11.0,4,5,10,829
11.0,4,5,11,831
11.0,4,5,12,834
11.0,4,5,13,836
11.0,4,5,14,839
11.0,4,5,15,841
11.0,4,6,0,806
11.0,4,6,1,809
11.0,4,6,2,811
11.0,4,6,3,814
11.0,4,6,4,816
11.0,4,6,5,819
11.0,4,6,6,821
11.0,4,6,7,824
11.0,4,6,8,827
11.0,4,6,9,829
11.0,4,6,10,832
11.0,4,6,11,834
11.0,4,6,12,837
11.0,4,6,13,839
11.0,4,6,14,842
11.0,4,6,15,844
11.0,4,7,0,809
11.0,4,7,1,811
11.0,4,7,2,814
11.0,4,7,3,816
11.0,4,7,4,819
11.0,4,7,5,822
11.0,4,7,6,824
11.0,4,7,7,827
11.0,4,7,8,829
11.0,4,7,9,832
11.0,4,7,10,834
11.0,4,7,11,837
11.0,4,7,12,839
11.0,4,7,13,842
11.0,4,7,14,844
11.0,4,7,15,847
11.0,4,8,0,811
11.0,4,8,1,814
11.0,4,8,2,816
11.0,4,8,3,819
11.0,4,8,4,822
11.0,4,8,5,824
11.0,4,8,6,827
11.0,4,8,7,829
11.0,4,8,8,832
11.0,4,8,9,834
11.0,4,8,10,837
11.0,4,8,11,839
11.0,4,8,12,842
11.0,4,8,13,845
11.0,4,8,14,847
11.0,4,8,15,850
11.0,4,9,0,814
11.0,4,9,1,816
11.0,4,9,2,819
11.0,4,9,3,822
11.0,4,9,4,824
11.0,4,9,5,827
11.0,4,9,6,829
11.0,4,9,7,832
11.0,4,9,8,835
11.0,4,9,9,837
11.0,4,9,10,840
11.0,4,9,11,842
11.0,4,9,12,845
11.0,4,9,13,847
11.0,4,9,14,850
11.0,4,9,15,852
11.0,4,10,0,816
11.0,4,10,1,819
11.0,4,10,2,822
11.0,4,10,3,824
11.0,4,10,4,827
11.0,4,10,5,829
11.0,4,10,6,832
11.0,4,10,7,835
11.0,4,10,8,837
11.0,4,10,9,840
11.0,4,10,10,842
11.0,4,10,11,845
11.0,4,10,12,847
11.0,4,10,13,850
11.0,4,10,14,852
11.0,4,10,15,855
11.0,4,11,0,819
11.0,4,11,1,822
11.0,4,11,2,824
11.0,4,11,3,827
11.0,4,11,4,829
11.0,4,11,5,832
11.0,4,11,6,835
11.0,4,11,7,837
11.0,4,11,8,840
11.0,4,11,9,842
11.0,4,11,10,845
11.0,4,11,11,847
11.0,4,11,12,850
11.0,4,11,13,853
11.0,4,11,14,855
11.0,4,11,15,858
11.0,4,12,0,821
11.0,4,12,1,824
11.0,4,12,2,827
11.0,4,12,3,829
11.0,4,12,4,832
11.0,4,12,5,835
11.0,4,12,6,837
11.0,4,12,7,840
11.0,4,12,8,842
11.0,4,12,9,845
11.0,4,12,10,848
11.0,4,12,11,850
11.0,4,12,12,853
11.0,4,12,13,855
11.0,4,12,14,858
11.0,4,12,15,860
11.0,4,13,0,824
11.0,4,13,1,827
11.0,4,13,2,829
11.0,4,13,3,832
11.0,4,13,4,835
11.0,4,13,5,837
11.0,4,13,6,840
11.0,4,13,7,842
11.0,4,13,8,845
11.0,4,13,9,848
11.0,4,13,10,850
11.0,4,13,11,853
11.0,4,13,12,855
11.0,4,13,13,858
11.0,4,13,14,860
11.0,4,13,15,863
11.0,4,14,0,827
11.0,4,14,1,829
11.0,4,14,2,832
11.0,4,14,3,835
11.0,4,14,4,837
11.0,4,14,5,840
11.0,4,14,6,842
11.0,4,14,7,845
11.0,4,14,8,848
11.0,4,14,9,850
11.0,4,14,10,853
11.0,4,14,11,855
11.0,4,14,12,858
11.0,4,14,13,861
11.0,4,14,14,863
11.0,4,14,15,866
11.0,4,15,0,829
11.0,4,15,1,832
11.0,4,15,2,834
11.0,4,15,3,837
11.0,4,15,4,840
11.0,4,15,5,842
11.0,4,15,6,845
11.0,4,15,7,848
11.0,4,15,8,850
11.0,4,15,9,853
11.0,4,15,10,855
11.0,4,15,11,858
11.0,4,15,12,861
11.0,4,15,13,863
11.0,4,15,14,866
11.0,4,15,15,868
11.0,5,0,0,793
11.0,5,0,1,796
11.0,5,0,2,798
11.0,5,0,3,801
11.0,5,0,4,803
11.0,5,0,5,806
11.0,5,0,6,808
11.0,5,0,7,811
11.0,5,0,8,813
11.0,5,0,9,816
11.0,5,0,10,818
11.0,5,0,11,821
11.0,5,0,12,823
11.0,5,0,13,826
11.0,5,0,14,828
11.0,5,0,15,831
11.0,5,1,0,796
11.0,5,1,1,798
11.0,5,1,2,801
11.0,5,1,3,804
11.0,5,1,4,806
11.0,5,1,5,809
11.0,5,1,6,811
11.0,5,1,7,814
11.0,5,1,8,816
11.0,5,1,9,819
11.0,5,1,10,821
11.0,5,1,11,824
11.0,5,1,12,826
11.0,5,1,13,829
11.0,5,1,14,831
11.0,5,1,15,834
11.0,5,2,0,799
11.0,5,2,1,801
11.0,5,2,2,804
11.0,5,2,3,806
11.0,5,2,4,809
11.0,5,2,5,811
11.0,5,2,6,814
11.0,5,2,7,816
11.0,5,2,8,819
11.0,5,2,9,821
11.0,5,2,10,824
11.0,5,2,11,826
11.0,5,2,12,829
11.0,5,2,13,831
11.0,5,2,14,834
11.0,5,2,15,836
11.0,5,3,0,801
11.0,5,3,1,804
11.0,5,3,2,806
11.0,5,3,3,809
11.0,5,3,4,811
11.0,5,3,5,814
11.0,5,3,6,817
11.0,5,3,7,819
11.0,5,3,8,822
11.0,5,3,9,824
11.0,5,3,10,827
11.0,5,3,11,829
11.0,5,3,12,832
11.0,5,3,13,834
11.0,5,3,14,837
11.0,5,3,15,839
11.0,5,4,0,804
11.0,5,4,1,806
11.0,5,4,2,809
11.0,5,4,3,812
11.0,5,4,4,814
11.0,5,4,5,817
11.0,5,4,6,819
11.0,5,4,7,822
11.0,5,4,8,824
11.0,5,4,9,827
11.0,5,4,10,829
11.0,5,4,11,832
11.0,5,4,12,834
11.0,5,4,13,837
11.0,5,4,14,839
11.0,5,4,15,842
11.0,5,5,0,806
11.0,5,5,1,809
11.0,5,5,2,812
11.0,5,5,3,814
11.0,5,5,4,817
11.0,5,5,5,819
11.0,5,5,6,822
11.0,5,5,7,824
11.0,5,5,8,827
11.0,5,5,9,830
11.0,5,5,10,832
11.0,5,5,11,835
11.0,5,5,12,837
11.0,5,5,13,840
11.0,5,5,14,842
11.0,5,5,15,845
11.0,5,6,0,809
11.0,5,6,1,812
11.0,5,6,2,814
11.0,5,6,3,817
11.0,5,6,4,819
11.0,5,6,5,822
11.0,5,6,6,825
11.0,5,6,7,827
11.0,5,6,8,830
11.0,5,6,9,832
11.0,5,6,10,835
11.0,5,6,11,837
11.0,5,6,12,840
11.0,5,6,13,842
11.0,5,6,14,845
11.0,5,6,15,847
11.0,5,7,0,812
11.0,5,7,1,814
11.0,5,7,2,817
11.0,5,7,3,819
11.0,5,7,4,822
11.0,5,7,5,825
11.0,5,7,6,827
11.0,5,7,7,830
11.0,5,7,8,832
11.0,5,7,9,835
11.0,5,7,10,837
11.0,5,7,11,840
11.0,5,7,12,842
11.0,5,7,13,845
11.0,5,7,14,848
11.0,5,7,15,850
11.0,5,8,0,814
11.0,5,8,1,817
11.0,5,8,2,819
11.0,5,8,3,822
11.0,5,8,4,825
11.0,5,8,5,827
11.0,5,8,6,830
11.0,5,8,7,832
11.0,5,8,8,835
11.0,5,8,9,838
11.0,5,8,10,840
11.0,5,8,11,843
11.0,5,8,12,845
11.0,5,8,13,848
11.0,5,8,14,850
11.0,5,8,15,853
11.0,5,9,0,817
11.0,5,9,1,819
11.0,5,9,2,822
11.0,5,9,3,825
11.0,5,9,4,827
11.0,5,9,5,830
11.0,5,9,6,832
11.0,5,9,7,835
11.0,5,9,8,838
11.0,5,9,9,840
11.0,5,9,10,843
11.0,5,9,11,845
11.0,5,9,12,848
11.0,5,9,13,850
11.0,5,9,14,853
11.0,5,9,15,855
11.0,5,10,0,819
11.0,5,10,1,822
11.0,5,10,2,825
11.0,5,10,3,827
11.0,5,10,4,830
11.0,5,10,5,833
11.0,5,10,6,835
11.0,5,10,7,838
11.0,5,10,8,840
11.0,5,10,9,843
11.0,5,10,10,845
11.0,5,10,11,848
11.0,5,10,12,851
11.0,5,10,13,853
11.0,5,10,14,856
11.0,5,10,15,858
11.0,5,11,0,822
11.0,5,11,1,825
11.0,5,11,2,827
11.0,5,11,3,830
11.0,5,11,4,833
11.0,5,11,5,835
11.0,5,11,6,838
11.0,5,11,7,840
11.0,5,11,8,843
11.0,5,11,9,846
11.0,5,11,10,848
11.0,5,11,11,851
11.0,5,11,12,853
11.0,5,11,13,856
11.0,5,11,14,858
11.0,5,11,15,861
11.0,5,12,0,825
11.0,5,12,1,827
11.0,5,12,2,830
11.0,5,12,3,832
11.0,5,12,4,835
11.0,5,12,5,838
11.0,5,12,6,840
11.0,5,12,7,843
11.0,5,12,8,846
11.0,5,12,9,848
11.0,5,12,10,851
11.0,5,12,11,853
11.0,5,12,12,856
11.0,5,12,13,858
11.0,5,12,14,861
11.0,5,12,15,864
11.0,5,13,0,827
11.0,5,13,1,830
11.0,5,13,2,832
11.0,5,13,3,835
11.0,5,13,4,838
11.0,5,13,5,840
11.0,5,13,6,843
11.0,5,13,7,846
11.0,5,13,8,848
11.0,5,13,9,851
11.0,5,13,10,853
11.0,5,13,11,856
11.0,5,13,12,859
11.0,5,13,13,861
11.0,5,13,14,864
11.0,5,13,15,866
11.0,5,14,0,830
11.0,5,14,1,832
11.0,5,14,2,835
11.0,5,14,3,838
11.0,5,14,4,840
11.0,5,14,5,843
11.0,5,14,6,846
11.0,5,14,7,848
11.0,5,14,8,851
11.0,5,14,9,853
11.0,5,14,10,856
11.0,5,14,11,859
11.0,5,14,12,861
11.0,5,14,13,864
11.0,5,14,14,866
11.0,5,14,15,869
11.0,5,15,0,832
11.0,5,15,1,835
11.0,5,15,2,838
11.0,5,15,3,840
11.0,5,15,4,843
11.0,5,15,5,846
11.0,5,15,6,848
11.0,5,15,7,851
11.0,5,15,8,853
11.0,5,15,9,856
11.0,5,15,10,859
11.0,5,15,11,861
11.0,5,15,12,864
11.0,5,15,13,866
11.0,5,15,14,869
11.0,5,15,15,872
11.0,6,0,0,796
11.0,6,0,1,799
11.0,6,0,2,801
11.0,6,0,3,804
11.0,6,0,4,806
11.0,6,0,5,809
11.0,6,0,6,811
11.0,6,0,7,814
11.0,6,0,8,816
11.0,6,0,9,819
11.0,6,0,10,821
11.0,6,0,11,824
11.0,6,0,12,826
11.0,6,0,13,829
11.0,6,0,14,831
11.0,6,0,15,834
11.0,6,1,0,799
11.0,6,1,1,801
11.0,6,1,2,804
11.0,6,1,3,807
11.0,6,1,4,809
11.0,6,1,5,812
11.0,6,1,6,814
11.0,6,1,7,817
11.0,6,1,8,819
11.0,6,1,9,822
11.0,6,1,10,824
11.0,6,1,11,827
11.0,6,1,12,829
11.0,6,1,13,832
11.0,6,1,14,834
11.0,6,1,15,837
11.0,6,2,0,802
11.0,6,2,1,804
11.0,6,2,2,807
11.0,6,2,3,809
11.0,6,2,4,812
11.0,6,2,5,814
11.0,6,2,6,817
11.0,6,2,7,819
11.0,6,2,8,822
11.0,6,2,9,824
11.0,6,2,10,827
11.0,6,2,11,829
11.0,6,2,12,832
11.0,6,2,13,834
11.0,6,2,14,837
11.0,6,2,15,839
11.0,6,3,0,804
11.0,6,3,1,807
11.0,6,3,2,809
11.0,6,3,3,812
11.0,6,3,4,814
11.0,6,3,5,817
11.0,6,3,6,820
11.0,6,3,7,822
11.0,6,3,8,825
11.0,6,3,9,827
11.0,6,3,10,830
11.0,6,3,11,832
11.0,6,3,12,835
11.0,6,3,13,837
11.0,6,3,14,840
11.0,6,3,15,842
11.0,6,4,0,807
11.0,6,4,1,809
11.0,6,4,2,812
11.0,6,4,3,815
11.0,6,4,4,817
11.0,6,4,5,820
11.0,6,4,6,822
11.0,6,4,7,825
11.0,6,4,8,827
11.0,6,4,9,830
11.0,6,4,10,832
11.0,6,4,11,835
11.0,6,4,12,837
11.0,6,4,13,840
11.0,6,4,14,842
11.0,6,4,15,845
11.0,6,5,0,809
11.0,6,5,1,812
11.0,6,5,2,815
11.0,6,5,3,817
11.0,6,5,4,820
11.0,6,5,5,822
11.0,6,5,6,825
11.0,6,5,7,828
11.0,6,5,8,830
11.0,6,5,9,833
11.0,6,5,10,835
11.0,6,5,11,838
11.0,6,5,12,840
11.0,6,5,13,843
11.0,6,5,14,845
11.0,6,5,15,848
11.0,6,6,0,812
11.0,6,6,1,815
11.0,6,6,2,817
11.0,6,6,3,820
11.0,6,6,4,822
11.0,6,6,5,825
11.0,6,6,6,828
11.0,6,6,7,830
11.0,6,6,8,833
11.0,6,6,9,835
11.0,6,6,10,838
11.0,6,6,11,840
11.0,6,6,12,843
11.0,6,6,13,845
11.0,6,6,14,848
11.0,6,6,15,850
11.0,6,7,0,815
11.0,6,7,1,817
11.0,6,7,2,820
11.0,6,7,3,823
11.0,6,7,4,825
11.0,6,7,5,828
11.0,6,7,6,830
11.0,6,7,7,833
11.0,6,7,8,835
11.0,6,7,9,838
11.0,6,7,10,841
11.0,6,7,11,843
11.0,6,7,12,846
11.0,6,7,13,848
11.0,6,7,14,851
11.0,6,7,15,853
11.0,6,8,0,817
11.0,6,8,1,820
11.0,6,8,2,823
11.0,6,8,3,825
11.0,6,8,4,828
11.0,6,8,5,830
11.0,6,8,6,833
11.0,6,8,7,836
11.0,6,8,8,838
11.0,6,8,9,841
11.0,6,8,10,843
11.0,6,8,11,846
11.0,6,8,12,848
11.0,6,8,13,851
11.0,6,8,14,853
11.0,6,8,15,856
11.0,6,9,0,820
11.0,6,9,1,823
11.0,6,9,2,825
11.0,6,9,3,828
11.0,6,9,4,830
11.0,6,9,5,833
11.0,6,9,6,836
11.0,6,9,7,838
11.0,6,9,8,841
11.0,6,9,9,843
11.0,6,9,10,846
11.0,6,9,11,849
11.0,6,9,12,851
11.0,6,9,13,854
11.0,6,9,14,856
11.0,6,9,15,859
11.0,6,10,0,822
11.0,6,10,1,825
11.0,6,10,2,828
11.0,6,10,3,830
11.0,6,10,4,833
11.0,6,10,5,836
11.0,6,10,6,838
11.0,6,10,7,841
11.0,6,10,8,843
11.0,6,10,9,846
11.0,6,10,10,849
11.0,6,10,11,851
11.0,6,10,12,854
11.0,6,10,13,856
11.0,6,10,14,859
11.0,6,10,15,861
11.0,6,11,0,825
11.0,6,11,1,828
11.0,6,11,2,830
11.0,6,11,3,833
11.0,6,11,4,836
11.0,6,11,5,838
11.0,6,11,6,841
11.0,6,11,7,844
11.0,6,11,8,846
11.0,6,11,9,849
11.0,6,11,10,851
11.0,6,11,11,854
11.0,6,11,12,856
11.0,6,11,13,859
11.0,6,11,14,862
11.0,6,11,15,864
11.0,6,12,0,828
11.0,6,12,1,830
11.0,6,12,2,833
11.0,6,12,3,836
11.0,6,12,4,838
11.0,6,12,5,841
11.0,6,12,6,844
11.0,6,12,7,846
11.0,6,12,8,849
11.0,6,12,9,851
11.0,6,12,10,854
11.0,6,12,11,857
11.0,6,12,12,859
11.0,6,12,13,862
11.0,6,12,14,864
11.0,6,12,15,867
11.0,6,13,0,830
11.0,6,13,1,833
11.0,6,13,2,836
11.0,6,13,3,838
11.0,6,13,4,841
11.0,6,13,5,844
11.0,6,13,6,846
11.0,6,13,7,849
11.0,6,13,8,851
11.0,6,13,9,854
11.0,6,13,10,857
11.0,6,13,11,859
11.0,6,13,12,862
11.0,6,13,13,864
11.0,6,13,14,867
11.0,6,13,15,869
11.0,6,14,0,833
11.0,6,14,1,835
11.0,6,14,2,838
11.0,6,14,3,841
11.0,6,14,4,843
11.0,6,14,5,846
11.0,6,14,6,849
11.0,6,14,7,851
11.0,6,14,8,854
11.0,6,14,9,857
11.0,6,14,10,859
11.0,6,14,11,862
11.0,6,14,12,864
11.0,6,14,13,867
11.0,6,14,14,870
11.0,6,14,15,872
11.0,6,15,0,835
11.0,6,15,1,838
11.0,6,15,2,841
11.0,6,15,3,843
11.0,6,15,4,846
11.0,6,15,5,849
11.0,6,15,6,851
11.0,6,15,7,854
11.0,6,15,8,857
11.0,6,15,9,859
11.0,6,15,10,862
11.0,6,15,11,864
11.0,6,15,12,867
11.0,6,15,13,870
11.0,6,15,14,872
11.0,6,15,15,875
11.0,7,0,0,799
11.0,7,0,1,802
11.0,7,0,2,804
11.0,7,0,3,807
11.0,7,0,4,809
11.0,7,0,5,812
11.0,7,0,6,815
11.0,7,0,7,817
11.0,7,0,8,820
11.0,7,0,9,822
11.0,7,0,10,825
11.0,7,0,11,827
11.0,7,0,12,830
11.0,7,0,13,832
11.0,7,0,14,835
11.0,7,0,15,837
11.0,7,1,0,802
11.0,7,1,1,804
11.0,7,1,2,807
11.0,7,1,3,810
11.0,7,1,4,812
11.0,7,1,5,815
11.0,7,1,6,817
11.0,7,1,7,820
11.0,7,1,8,822
11.0,7,1,9,825
11.0,7,1,10,827
11.0,7,1,11,830
11.0,7,1,12,832
11.0,7,1,13,835
11.0,7,1,14,837
11.0,7,1,15,840
11.0,7,2,0,805
11.0,7,2,1,807
11.0,7,2,2,810
11.0,7,2,3,812
11.0,7,2,4,815
11.0,7,2,5,817
11.0,7,2,6,820
11.0,7,2,7,822
11.0,7,2,8,825
11.0,7,2,9,828
11.0,7,2,10,830
11.0,7,2,11,833
11.0,7,2,12,835
11.0,7,2,13,838
11.0,7,2,14,840
11.0,7,2,15,843
11.0,7,3,0,807
11.0,7,3,1,810
11.0,7,3,2,812
11.0,7,3,3,815
11.0,7,3,4,818
11.0,7,3,5,820
11.0,7,3,6,823
11.0,7,3,7,825
11.0,7,3,8,828
11.0,7,3,9,830
11.0,7,3,10,833
11.0,7,3,11,835
11.0,7,3,12,838
11.0,7,3,13,840
11.0,7,3,14,843
11.0,7,3,15,845
11.0,7,4,0,810
11.0,7,4,1,812
11.0,7,4,2,815
11.0,7,4,3,818
11.0,7,4,4,820
11.0,7,4,5,823
11.0,7,4,6,825
11.0,7,4,7,828
11.0,7,4,8,830
11.0,7,4,9,833
11.0,7,4,10,836
11.0,7,4,11,838
11.0,7,4,12,841
11.0,7,4,13,843
11.0,7,4,14,846
11.0,7,4,15,848
11.0,7,5,0,812
11.0,7,5,1,815
11.0,7,5,2,818
11.0,7,5,3,820
11.0,7,5,4,823
11.0,7,5,5,825
11.0,7,5,6,828
11.0,7,5,7,831
11.0,7,5,8,833
11.0,7,5,9,836
11.0,7,5,10,838
11.0,7,5,11,841
11.0,7,5,12,843
11.0,7,5,13,846
11.0,7,5,14,848
11.0,7,5,15,851
11.0,7,6,0,815
11.0,7,6,1,818
11.0,7,6,2,820
11.0,7,6,3,823
11.0,7,6,4,826
11.0,7,6,5,828
11.0,7,6,6,831
11.0,7,6,7,833
11.0,7,6,8,836
11.0,7,6,9,838
11.0,7,6,10,841
11.0,7,6,11,844
11.0,7,6,12,846
11.0,7,6,13,849
11.0,7,6,14,851
11.0,7,6,15,854
11.0,7,7,0,818
11.0,7,7,1,820
11.0,7,7,2,823
11.0,7,7,3,826
11.0,7,7,4,828
11.0,7,7,5,831
11.0,7,7,6,833
11.0,7,7,7,836
11.0,7,7,8,839
11.0,7,7,9,841
11.0,7,7,10,844
11.0,7,7,11,846
11.0,7,7,12,849
11.0,7,7,13,851
11.0,7,7,14,854
11.0,7,7,15,856
11.0,7,8,0,820
11.0,7,8,1,823
11.0,7,8,2,826
11.0,7,8,3,828
11.0,7,8,4,831
11.0,7,8,5,833
11.0,7,8,6,836
11.0,7,8,7,839
11.0,7,8,8,841
11.0,7,8,9,844
11.0,7,8,10,846
11.0,7,8,11,849
11.0,7,8,12,852
11.0,7,8,13,854
11.0,7,8,14,857
11.0,7,8,15,859
11.0,7,9,0,823
11.0,7,9,1,826
11.0,7,9,2,828
11.0,7,9,3,831
11.0,7,9,4,834
11.0,7,9,5,836
11.0,7,9,6,839
11.0,7,9,7,841
11.0,7,9,8,844
11.0,7,9,9,847
11.0,7,9,10,849
11.0,7,9,11,852
11.0,7,9,12,854
11.0,7,9,13,857
11.0,7,9,14,859
11.0,7,9,15,862
11.0,7,10,0,826
11.0,7,10,1,828
11.0,7,10,2,831
11.0,7,10,3,834
11.0,7,10,4,836
11.0,7,10,5,839
11.0,7,10,6,841
11.0,7,10,7,844
11.0,7,10,8,847
11.0,7,10,9,849
11.0,7,10,10,852
11.0,7,10,11,854
11.0,7,10,12,857
11.0,7,10,13,860
11.0,7,10,14,862
11.0,7,10,15,865
11.0,7,11,0,828
11.0,7,11,1,831
11.0,7,11,2,833
11.0,7,11,3,836
11.0,7,11,4,839
11.0,7,11,5,841
11.0,7,11,6,844
11.0,7,11,7,847
11.0,7,11,8,849
11.0,7,11,9,852
11.0,7,11,10,854
11.0,7,11,11,857
11.0,7,11,12,860
11.0,7,11,13,862
11.0,7,11,14,865
11.0,7,11,15,867
11.0,7,12,0,831
11.0,7,12,1,833
11.0,7,12,2,836
11.0,7,12,3,839
11.0,7,12,4,841
11.0,7,12,5,844
11.0,7,12,6,847
11.0,7,12,7,849
11.0,7,12,8,852
11.0,7,12,9,855
11.0,7,12,10,857
11.0,7,12,11,860
11.0,7,12,12,862
11.0,7,12,13,865
11.0,7,12,14,867
11.0,7,12,15,870
11.0,7,13,0,833
11.0,7,13,1,836
11.0,7,13,2,839
11.0,7,13,3,841
11.0,7,13,4,844
11.0,7,13,5,847
11.0,7,13,6,849
11.0,7,13,7,852
11.0,7,13,8,855
11.0,7,13,9,857
11.0,7,13,10,860
11.0,7,13,11,862
11.0,7,13,12,865
11.0,7,13,13,868
11.0,7,13,14,870
11.0,7,13,15,873
11.0,7,14,0,836
11.0,7,14,1,839
11.0,7,14,2,841
11.0,7,14,3,844
11.0,7,14,4,847
11.0,7,14,5,849
11.0,7,14,6,852
11.0,7,14,7,855
11.0,7,14,8,857
11.0,7,14,9,860
11.0,7,14,10,862
11.0,7,14,11,865
11.0,7,14,12,868
11.0,7,14,13,870
11.0,7,14,14,873
11.0,7,14,15,875
11.0,7,15,0,838
11.0,7,15,1,841
11.0,7,15,2,844
11.0,7,15,3,847
11.0,7,15,4,849
11.0,7,15,5,852
11.0,7,15,6,855
11.0,7,15,7,857
11.0,7,15,8,860
11.0,7,15,9,862
11.0,7,15,10,865
11.0,7,15,11,868
11.0,7,15,12,870
11.0,7,15,13,873
11.0,7,15,14,876
11.0,7,15,15,878
11.0,8,0,0,802
11.0,8,0,1,805
11.0,8,0,2,807
11.0,8,0,3,810
11.0,8,0,4,812
11.0,8,0,5,815
11.0,8,0,6,818
11.0,8,0,7,820
11.0,8,0,8,823
11.0,8,0,9,825
11.0,8,0,10,828
11.0,8,0,11,830
11.0,8,0,12,833
11.0,8,0,13,835
11.0,8,0,14,838
11.0,8,0,15,840
11.0,8,1,0,805
11.0,8,1,1,807
11.0,8,1,2,810
11.0,8,1,3,813
11.0,8,1,4,815
11.0,8,1,5,818
11.0,8,1,6,820
11.0,8,1,7,823
11.0,8,1,8,825
11.0,8,1,9,828
11.0,8,1,10,830
11.0,8,1,11,833
11.0,8,1,12,835
11.0,8,1,13,838
11.0,8,1,14,840
11.0,8,1,15,843
11.0,8,2,0,808
11.0,8,2,1,810
11.0,8,2,2,813
11.0,8,2,3,815
11.0,8,2,4,818
11.0,8,2,5,820
11.0,8,2,6,823
11.0,8,2,7,826
11.0,8,2,8,828
11.0,8,2,9,831
11.0,8,2,10,833
11.0,8,2,11,836
11.0,8,2,12,838
11.0,8,2,13,841
11.0,8,2,14,843
11.0,8,2,15,846
11.0,8,3,0,810
11.0,8,3,1,813
11.0,8,3,2,815
11.0,8,3,3,818
11.0,8,3,4,821
11.0,8,3,5,823
11.0,8,3,6,826
11.0,8,3,7,828
11.0,8,3,8,831
11.0,8,3,9,833
11.0,8,3,10,836
11.0,8,3,11,838
11.0,8,3,12,841
11.0,8,3,13,844
11.0,8,3,14,846
11.0,8,3,15,849
11.0,8,4,0,813
11.0,8,4,1,815
11.0,8,4,2,818
11.0,8,4,3,821
11.0,8,4,4,823
11.0,8,4,5,826
11.0,8,4,6,828
11.0,8,4,7,831
11.0,8,4,8,834
11.0,8,4,9,836
11.0,8,4,10,839
11.0,8,4,11,841
11.0,8,4,12,844
11.0,8,4,13,846
11.0,8,4,14,849
11.0,8,4,15,851
11.0,8,5,0,816
11.0,8,5,1,818
11.0,8,5,2,821
11.0,8,5,3,823
11.0,8,5,4,826
11.0,8,5,5,829
11.0,8,5,6,831
11.0,8,5,7,834
11.0,8,5,8,836
11.0,8,5,9,839
11.0,8,5,10,841
11.0,8,5,11,844
11.0,8,5,12,847
11.0,8,5,13,849
11.0,8,5,14,852
11.0,8,5,15,854
11.0,8,6,0,818
11.0,8,6,1,821
11.0,8,6,2,823
11.0,8,6,3,826
11.0,8,6,4,829
11.0,8,6,5,831
11.0,8,6,6,834
11.0,8,6,7,836
11.0,8,6,8,839
11.0,8,6,9,842
11.0,8,6,10,844
11.0,8,6,11,847
11.0,8,6,12,849
11.0,8,6,13,852
11.0,8,6,14,854
11.0,8,6,15,857
11.0,8,7,0,821
11.0,8,7,1,823
11.0,8,7,2,826
11.0,8,7,3,829
11.0,8,7,4,831
11.0,8,7,5,834
11.0,8,7,6,837
11.0,8,7,7,839
11.0,8,7,8,842
11.0,8,7,9,844
11.0,8,7,10,847
11.0,8,7,11,849
11.0,8,7,12,852
11.0,8,7,13,855
11.0,8,7,14,857
11.0,8,7,15,860
11.0,8,8,0,823
11.0,8,8,1,826
11.0,8,8,2,829
11.0,8,8,3,831
11.0,8,8,4,834
11.0,8,8,5,837
11.0,8,8,6,839
11.0,8,8,7,842
11.0,8,8,8,844
11.0,8,8,9,847
11.0,8,8,10,850
11.0,8,8,11,852
11.0,8,8,12,855
11.0,8,8,13,857
11.0,8,8,14,860
11.0,8,8,15,862
11.0,8,9,0,826
11.0,8,9,1,829
11.0,8,9,2,831
11.0,8,9,3,834
11.0,8,9,4,837
11.0,8,9,5,839
11.0,8,9,6,842
11.0,8,9,7,844
11.0,8,9,8,847
11.0,8,9,9,850
11.0,8,9,10,852
11.0,8,9,11,855
11.0,8,9,12,857
11.0,8,9,13,860
11.0,8,9,14,863
11.0,8,9,15,865
11.0,8,10,0,829
11.0,8,10,1,831
11.0,8,10,2,834
11.0,8,10,3,837
11.0,8,10,4,839
11.0,8,10,5,842
11.0,8,10,6,845
11.0,8,10,7,847
11.0,8,10,8,850
11.0,8,10,9,852
11.0,8,10,10,855
11.0,8,10,11,858
11.0,8,10,12,860
11.0,8,10,13,863
11.0,8,10,14,865
11.0,8,10,15,868
11.0,8,11,0,831
11.0,8,11,1,834
11.0,8,11,2,837
11.0,8,11,3,839
11.0,8,11,4,842
11.0,8,11,5,845
11.0,8,11,6,847
11.0,8,11,7,850
11.0,8,11,8,852
11.0,8,11,9,855
11.0,8,11,10,858
11.0,8,11,11,860
11.0,8,11,12,863
11.0,8,11,13,865
11.0,8,11,14,868
11.0,8,11,15,871
11.0,8,12,0,834
11.0,8,12,1,837
11.0,8,12,2,839
11.0,8,12,3,842
11.0,8,12,4,845
11.0,8,12,5,847
11.0,8,12,6,850
11.0,8,12,7,852
11.0,8,12,8,855
11.0,8,12,9,858
11.0,8,12,10,860
11.0,8,12,11,863
11.0,8,12,12,866
11.0,8,12,13,868
11.0,8,12,14,871
11.0,8,12,15,873
11.0,8,13,0,836
11.0,8,13,1,839
11.0,8,13,2,842
11.0,8,13,3,844
11.0,8,13,4,847
11.0,8,13,5,850
11.0,8,13,6,852
11.0,8,13,7,855
11.0,8,13,8,858
11.0,8,13,9,860
11.0,8,13,10,863
11.0,8,13,11,866
11.0,8,13,12,868
11.0,8,13,13,871
11.0,8,13,14,873
11.0,8,13,15,876
11.0,8,14,0,839
11.0,8,14,1,842
11.0,8,14,2,844
11.0,8,14,3,847
11.0,8,14,4,850
11.0,8,14,5,852
11.0,8,14,6,855
11.0,8,14,7,858
11.0,8,14,8,860
11.0,8,14,9,863
11.0,8,14,10,866
11.0,8,14,11,868
11.0,8,14,12,871
11.0,8,14,13,874
11.0,8,14,14,876
11.0,8,14,15,879
11.0,8,15,0,842
11.0,8,15,1,844
11.0,8,15,2,847
11.0,8,15,3,850
11.0,8,15,4,852
11.0,8,15,5,855
11.0,8,15,6,858
11.0,8,15,7,860
11.0,8,15,8,863
11.0,8,15,9,866
11.0,8,15,10,868
11.0,8,15,11,871
11.0,8,15,12,874
11.0,8,15,13,876
11.0,8,15,14,879
11.0,8,15,15,881
11.0,9,0,0,805
11.0,9,0,1,808
11.0,9,0,2,810
11.0,9,0,3,813
11.0,9,0,4,815
11.0,9,0,5,818
11.0,9,0,6,821
11.0,9,0,7,823
11.0,9,0,8,826
11.0,9,0,9,828
11.0,9,0,10,831
11.0,9,0,11,833
11.0,9,0,12,836
11.0,9,0,13,838
11.0,9,0,14,841
11.0,9,0,15,843
11.0,9,1,0,808
11.0,9,1,1,810
11.0,9,1,2,813
11.0,9,1,3,816
11.0,9,1,4,818
11.0,9,1,5,821
11.0,9,1,6,823
11.0,9,1,7,826
11.0,9,1,8,828
11.0,9,1,9,831
11.0,9,1,10,834
11.0,9,1,11,836
11.0,9,1,12,839
11.0,9,1,13,841
11.0,9,1,14,844
11.0,9,1,15,846
11.0,9,2,0,811
11.0,9,2,1,813
11.0,9,2,2,816
11.0,9,2,3,818
11.0,9,2,4,821
11.0,9,2,5,824
11.0,9,2,6,826
11.0,9,2,7,829
11.0,9,2,8,831
11.0,9,2,9,834
11.0,9,2,10,836
11.0,9,2,11,839
11.0,9,2,12,841
11.0,9,2,13,844
11.0,9,2,14,846
11.0,9,2,15,849
11.0,9,3,0,813
11.0,9,3,1,816
11.0,9,3,2,818
11.0,9,3,3,821
11.0,9,3,4,824
11.0,9,3,5,826
11.0,9,3,6,829
11.0,9,3,7,831
11.0,9,3,8,834
11.0,9,3,9,837
11.0,9,3,10,839
11.0,9,3,11,842
11.0,9,3,12,844
11.0,9,3,13,847
11.0,9,3,14,849
11.0,9,3,15,852
11.0,9,4,0,816
11.0,9,4,1,819
11.0,9,4,2,821
11.0,9,4,3,824
11.0,9,4,4,826
11.0,9,4,5,829
11.0,9,4,6,832
11.0,9,4,7,834
11.0,9,4,8,837
11.0,9,4,9,839
11.0,9,4,10,842
11.0,9,4,11,844
11.0,9,4,12,847
11.0,9,4,13,849
11.0,9,4,14,852
11.0,9,4,15,854
11.0,9,5,0,819
11.0,9,5,1,821
11.0,9,5,2,824
11.0,9,5,3,826
11.0,9,5,4,829
11.0,9,5,5,832
11.0,9,5,6,834
11.0,9,5,7,837
11.0,9,5,8,839
11.0,9,5,9,842
11.0,9,5,10,845
11.0,9,5,11,847
11.0,9,5,12,850
11.0,9,5,13,852
11.0,9,5,14,855
11.0,9,5,15,857
11.0,9,6,0,821
11.0,9,6,1,824
11.0,9,6,2,826
11.0,9,6,3,829
11.0,9,6,4,832
11.0,9,6,5,834
11.0,9,6,6,837
11.0,9,6,7,840
11.0,9,6,8,842
11.0,9,6,9,845
11.0,9,6,10,847
11.0,9,6,11,850
11.0,9,6,12,852
11.0,9,6,13,855
11.0,9,6,14,858
11.0,9,6,15,860
11.0,9,7,0,824
11.0,9,7,1,827
11.0,9,7,2,829
11.0,9,7,3,832
11.0,9,7,4,834
11.0,9,7,5,837
11.0,9,7,6,840
11.0,9,7,7,842
11.0,9,7,8,845
11.0,9,7,9,847
11.0,9,7,10,850
11.0,9,7,11,853
11.0,9,7,12,855
11.0,9,7,13,858
11.0,9,7,14,860
11.0,9,7,15,863
11.0,9,8,0,826
11.0,9,8,1,829
11.0,9,8,2,832
11.0,9,8,3,834
11.0,9,8,4,837
11.0,9,8,5,840
11.0,9,8,6,842
11.0,9,8,7,845
11.0,9,8,8,848
11.0,9,8,9,850
11.0,9,8,10,853
11.0,9,8,11,855
11.0,9,8,12,858
11.0,9,8,13,860
11.0,9,8,14,863
11.0,9,8,15,866
11.0,9,9,0,829
11.0,9,9,1,832
11.0,9,9,2,834
11.0,9,9,3,837
11.0,9,9,4,840
11.0,9,9,5,842
11.0,9,9,6,845
11.0,9,9,7,848
11.0,9,9,8,850
11.0,9,9,9,853
11.0,9,9,10,855
11.0,9,9,11,858
11.0,9,9,12,861
11.0,9,9,13,863
11.0,9,9,14,866
11.0,9,9,15,868
11.0,9,10,0,832
11.0,9,10,1,834
11.0,9,10,2,837
11.0,9,10,3,840
11.0,9,10,4,842
11.0,9,10,5,845
11.0,9,10,6,848
11.0,9,10,7,850
11.0,9,10,8,853
11.0,9,10,9,856
11.0,9,10,10,858
11.0,9,10,11,861
11.0,9,10,12,863
11.0,9,10,13,866
11.0,9,10,14,869
11.0,9,10,15,871
11.0,9,11,0,834
11.0,9,11,1,837
11.0,9,11,2,840
11.0,9,11,3,842
11.0,9,11,4,845
11.0,9,11,5,848
11.0,9,11,6,850
11.0,9,11,7,853
11.0,9,11,8,856
11.0,9,11,9,858
11.0,9,11,10,861
11.0,9,11,11,863
11.0,9,11,12,866
11.0,9,11,13,869
11.0,9,11,14,871
11.0,9,11,15,874
11.0,9,12,0,837
11.0,9,12,1,840
11.0,9,12,2,842
11.0,9,12,3,845
11.0,9,12,4,848
11.0,9,12,5,850
11.0,9,12,6,853
11.0,9,12,7,856
11.0,9,12,8,858
11.0,9,12,9,861
11.0,9,12,10,864
11.0,9,12,11,866
11.0,9,12,12,869
11.0,9,12,13,871
11.0,9,12,14,874
11.0,9,12,15,877
11.0,9,13,0,840
11.0,9,13,1,842
11.0,9,13,2,845
11.0,9,13,3,848
11.0,9,13,4,850
11.0,9,13,5,853
11.0,9,13,6,856
11.0,9,13,7,858
11.0,9,13,8,861
11.0,9,13,9,864
11.0,9,13,10,866
11.0,9,13,11,869
11.0,9,13,12,871
11.0,9,13,13,874
11.0,9,13,14,877
11.0,9,13,15,879
11.0,9,14,0,842
11.0,9,14,1,845
11.0,9,14,2,848
11.0,9,14,3,850
11.0,9,14,4,853
11.0,9,14,5,856
11.0,9,14,6,858
11.0,9,14,7,861
11.0,9,14,8,864
11.0,9,14,9,866
11.0,9,14,10,869
11.0,9,14,11,872
11.0,9,14,12,874
11.0,9,14,13,877
11.0,9,14,14,879
11.0,9,14,15,882
11.0,9,15,0,845
11.0,9,15,1,847
11.0,9,15,2,850
11.0,9,15,3,853
11.0,9,15,4,856
11.0,9,15,5,858
11.0,9,15,6,861
11.0,9,15,7,864
11.0,9,15,8,866
11.0,9,15,9,869
11.0,9,15,10,872
11.0,9,15,11,874
11.0,9,15,12,877
11.0,9,15,13,879
11.0,9,15,14,882
11.0,9,15,15,885
11.0,10,0,0,808
11.0,10,0,1,811
11.0,10,0,2,813
11.0,10,0,3,816
11.0,10,0,4,818
11.0,10,0,5,821
11.0,10,0,6,824
11.0,10,0,7,826
11.0,10,0,8,829
11.0,10,0,9,831
11.0,10,0,10,834
11.0,10,0,11,836
11.0,10,0,12,839
11.0,10,0,13,841
11.0,10,0,14,844
11.0,10,0,15,846
11.0,10,1,0,811
11.0,10,1,1,813
11.0,10,1,2,816
11.0,10,1,3,819
11.0,10,1,4,821
11.0,10,1,5,824
11.0,10,1,6,826
11.0,10,1,7,829
11.0,10,1,8,832
11.0,10,1,9,834
11.0,10,1,10,837
11.0,10,1,11,839
11.0,10,1,12,842
11.0,10,1,13,844
11.0,10,1,14,847
11.0,10,1,15,849
11.0,10,2,0,814
11.0,10,2,1,816
11.0,10,2,2,819
11.0,10,2,3,821
11.0,10,2,4,824
11.0,10,2,5,827
11.0,10,2,6,829
11.0,10,2,7,832
11.0,10,2,8,834
11.0,10,2,9,837
11.0,10,2,10,839
11.0,10,2,11,842
11.0,10,2,12,844
11.0,10,2,13,847
11.0,10,2,14,850
11.0,10,2,15,852
11.0,10,3,0,816
11.0,10,3,1,819
11.0,10,3,2,821
11.0,10,3,3,824
11.0,10,3,4,827
11.0,10,3,5,829
11.0,10,3,6,832
11.0,10,3,7,834
11.0,10,3,8,837
11.0,10,3,9,840
11.0,10,3,10,842
11.0,10,3,11,845
11.0,10,3,12,847
11.0,10,3,13,850
11.0,10,3,14,852
11.0,10,3,15,855
11.0,10,4,0,819
11.0,10,4,1,822
11.0,10,4,2,824
11.0,10,4,3,827
11.0,10,4,4,829
11.0,10,4,5,832
11.0,10,4,6,835
11.0,10,4,7,837
11.0,10,4,8,840
11.0,10,4,9,842
11.0,10,4,10,845
11.0,10,4,11,847
11.0,10,4,12,850
11.0,10,4,13,853
11.0,10,4,14,855
11.0,10,4,15,858
11.0,10,5,0,822
11.0,10,5,1,824
11.0,10,5,2,827
11.0,10,5,3,829
11.0,10,5,4,832
11.0,10,5,5,835
11.0,10,5,6,837
11.0,10,5,7,840
11.0,10,5,8,843
11.0,10,5,9,845
11.0,10,5,10,848
11.0,10,5,11,850
11.0,10,5,12,853
11.0,10,5,13,855
11.0,10,5,14,858
11.0,10,5,15,860
11.0,10,6,0,824
11.0,10,6,1,827
11.0,10,6,2,830
11.0,10,6,3,832
11.0,10,6,4,835
11.0,10,6,5,837
11.0,10,6,6,840
11.0,10,6,7,843
11.0,10,6,8,845
11.0,10,6,9,848
11.0,10,6,10,850
11.0,10,6,11,853
11.0,10,6,12,856
11.0,10,6,13,858
11.0,10,6,14,861
11.0,10,6,15,863
11.0,10,7,0,827
11.0,10,7,1,830
11.0,10,7,2,832
11.0,10,7,3,835
11.0,10,7,4,838
11.0,10,7,5,840
11.0,10,7,6,843
11.0,10,7,7,845
11.0,10,7,8,848
11.0,10,7,9,851
11.0,10,7,10,853
11.0,10,7,11,856
11.0,10,7,12,858
11.0,10,7,13,861
11.0,10,7,14,863
11.0,10,7,15,866
11.0,10,8,0,830
11.0,10,8,1,832
11.0,10,8,2,835
11.0,10,8,3,838
11.0,10,8,4,840
11.0,10,8,5,843
11.0,10,8,6,845
11.0,10,8,7,848
11.0,10,8,8,851
11.0,10,8,9,853
11.0,10,8,10,856
11.0,10,8,11,858
11.0,10,8,12,861
11.0,10,8,13,864
11.0,10,8,14,866
11.0,10,8,15,869
11.0,10,9,0,832
11.0,10,9,1,835
11.0,10,9,2,838
11.0,10,9,3,840
11.0,10,9,4,843
11.0,10,9,5,846
11.0,10,9,6,848
11.0,10,9,7,851
11.0,10,9,8,853
11.0,10,9,9,856
11.0,10,9,10,859
11.0,10,9,11,861
11.0,10,9,12,864
11.0,10,9,13,866
11.0,10,9,14,869
11.0,10,9,15,872
11.0,10,10,0,835
11.0,10,10,1,838
11.0,10,10,2,840
11.0,10,10,3,843
11.0,10,10,4,846
11.0,10,10,5,848
11.0,10,10,6,851
11.0,10,10,7,853
11.0,10,10,8,856
11.0,10,10,9,859
11.0,10,10,10,861
11.0,10,10,11,864
11.0,10,10,12,867
11.0,10,10,13,869
11.0,10,10,14,872
11.0,10,10,15,874
11.0,10,11,0,837
11.0,10,11,1,840
11.0,10,11,2,843
11.0,10,11,3,846
11.0,10,11,4,848
11.0,10,11,5,851
11.0,10,11,6,854
11.0,10,11,7,856
11.0,10,11,8,859
11.0,10,11,9,861
11.0,10,11,10,864
11.0,10,11,11,867
11.0,10,11,12,869
11.0,10,11,13,872
11.0,10,11,14,874
11.0,10,11,15,877
11.0,10,12,0,840
11.0,10,12,1,843
11.0,10,12,2,845
11.0,10,12,3,848
11.0,10,12,4,851
11.0,10,12,5,854
11.0,10,12,6,856
11.0,10,12,7,859
11.0,10,12,8,861
11.0,10,12,9,864
11.0,10,12,10,867
11.0,10,12,11,869
11.0,10,12,12,872
11.0,10,12,13,875
11.0,10,12,14,877
11.0,10,12,15,880
11.0,10,13,0,843
11.0,10,13,1,845
11.0,10,13,2,848
11.0,10,13,3,851
11.0,10,13,4,853
11.0,10,13,5,856
11.0,10,13,6,859
11.0,10,13,7,861
11.0,10,13,8,864
11.0,10,13,9,867
11.0,10,13,10,869
11.0,10,13,11,872
11.0,10,13,12,875
11.0,10,13,13,877
11.0,10,13,14,880
11.0,10,13,15,883
11.0,10,14,0,845
11.0,10,14,1,848
11.0,10,14,2,851
11.0,10,14,3,853
11.0,10,14,4,856
11.0,10,14,5,859
11.0,10,14,6,861
11.0,10,14,7,864
11.0,10,14,8,867
11.0,10,14,9,869
11.0,10,14,10,872
11.0,10,14,11,875
11.0,10,14,12,877
11.0,10,14,13,880
11.0,10,14,14,883
11.0,10,14,15,885
11.0,10,15,0,848
11.0,10,15,1,851
11.0,10,15,2,853
11.0,10,15,3,856
11.0,10,15,4,859
11.0,10,15,5,861
11.0,10,15,6,864
11.0,10,15,7,867
11.0,10,15,8,869
11.0,10,15,9,872
11.0,10,15,10,875
11.0,10,15,11,877
11.0,10,15,12,880
11.0,10,15,13,883
11.0,10,15,14,885
11.0,10,15,15,888
11.0,11,0,0,811
11.0,11,0,1,814
11.0,11,0,2,816
11.0,11,0,3,819
11.0,11,0,4,822
11.0,11,0,5,824
11.0,11,0,6,827
11.0,11,0,7,829
11.0,11,0,8,832
11.0,11,0,9,834
11.0,11,0,10,837
11.0,11,0,11,839
11.0,11,0,12,842
11.0,11,0,13,844
11.0,11,0,14,847
11.0,11,0,15,849
11.0,11,1,0,814
11.0,11,1,1,816
11.0,11,1,2,819
11.0,11,1,3,822
11.0,11,1,4,824
11.0,11,1,5,827
11.0,11,1,6,829
11.0,11,1,7,832
11.0,11,1,8,835
11.0,11,1,9,837
11.0,11,1,10,840
11.0,11,1,11,842
11.0,11,1,12,845
11.0,11,1,13,847
11.0,11,1,14,850
11.0,11,1,15,852
11.0,11,2,0,817
11.0,11,2,1,819
11.0,11,2,2,822
11.0,11,2,3,824
11.0,11,2,4,827
11.0,11,2,5,830
11.0,11,2,6,832
11.0,11,2,7,835
11.0,11,2,8,837
11.0,11,2,9,840
11.0,11,2,10,842
11.0,11,2,11,845
11.0,11,2,12,848
11.0,11,2,13,850
11.0,11,2,14,853
11.0,11,2,15,855
11.0,11,3,0,819
11.0,11,3,1,822
11.0,11,3,2,825
11.0,11,3,3,827
11.0,11,3,4,830
11.0,11,3,5,832
11.0,11,3,6,835
11.0,11,3,7,838
11.0,11,3,8,840
11.0,11,3,9,843
11.0,11,3,10,845
11.0,11,3,11,848
11.0,11,3,12,850
11.0,11,3,13,853
11.0,11,3,14,855
11.0,11,3,15,858
11.0,11,4,0,822
11.0,11,4,1,825
11.0,11,4,2,827
11.0,11,4,3,830
11.0,11,4,4,832
11.0,11,4,5,835
11.0,11,4,6,838
11.0,11,4,7,840
11.0,11,4,8,843
11.0,11,4,9,845
11.0,11,4,10,848
11.0,11,4,11,851
11.0,11,4,12,853
11.0,11,4,13,856
11.0,11,4,14,858
11.0,11,4,15,861
11.0,11,5,0,825
11.0,11,5,1,827
11.0,11,5,2,830
11.0,11,5,3,833
11.0,11,5,4,835
11.0,11,5,5,838
11.0,11,5,6,840
11.0,11,5,7,843
11.0,11,5,8,846
11.0,11,5,9,848
11.0,11,5,10,851
11.0,11,5,11,853
11.0,11,5,12,856
11.0,11,5,13,859
11.0,11,5,14,861
11.0,11,5,15,864
11.0,11,6,0,827
11.0,11,6,1,830
11.0,11,6,2,833
11.0,11,6,3,835
11.0,11,6,4,838
11.0,11,6,5,841
11.0,11,6,6,843
11.0,11,6,7,846
11.0,11,6,8,848
11.0,11,6,9,851
11.0,11,6,10,854
11.0,11,6,11,856
11.0,11,6,12,859
11.0,11,6,13,861
11.0,11,6,14,864
11.0,11,6,15,866
11.0,11,7,0,830
11.0,11,7,1,833
11.0,11,7,2,835
11.0,11,7,3,838
11.0,11,7,4,841
11.0,11,7,5,843
11.0,11,7,6,846
11.0,11,7,7,848
11.0,11,7,8,851
11.0,11,7,9,854
11.0,11,7,10,856
11.0,11,7,11,859
11.0,11,7,12,862
11.0,11,7,13,864
11.0,11,7,14,867
11.0,11,7,15,869
11.0,11,8,0,833
11.0,11,8,1,835
11.0,11,8,2,838
11.0,11,8,3,841
11.0,11,8,4,843
11.0,11,8,5,846
11.0,11,8,6,849
11.0,11,8,7,851
11.0,11,8,8,854
11.0,11,8,9,856
11.0,11,8,10,859
11.0,11,8,11,862
11.0,11,8,12,864
11.0,11,8,13,867
11.0,11,8,14,869
11.0,11,8,15,872
11.0,11,9,0,835
11.0,11,9,1,838
11.0,11,9,2,841
11.0,11,9,3,843
11.0,11,9,4,846
11.0,11,9,5,849
11.0,11,9,6,851
11.0,11,9,7,854
11.0,11,9,8,857
11.0,11,9,9,859
11.0,11,9,10,862
11.0,11,9,11,864
11.0,11,9,12,867
11.0,11,9,13,870
11.0,11,9,14,872
11.0,11,9,15,875
11.0,11,10,0,838
11.0,11,10,1,841
11.0,11,10,2,843
11.0,11,10,3,846
11.0,11,10,4,849
11.0,11,10,5,851
11.0,11,10,6,854
11.0,11,10,7,857
11.0,11,10,8,859
11.0,11,10,9,862
11.0,11,10,10,865
11.0,11,10,11,867
11.0,11,10,12,870
11.0,11,10,13,872
11.0,11,10,14,875
11.0,11,10,15,878
11.0,11,11,0,841
11.0,11,11,1,843
11.0,11,11,2,846
11.0,11,11,3,849
11.0,11,11,4,851
11.0,11,11,5,854
11.0,11,11,6,857
11.0,11,11,7,859
11.0,11,11,8,862
11.0,11,11,9,865
11.0,11,11,10,867
11.0,11,11,11,870
11.0,11,11,12,872
11.0,11,11,13,875
11.0,11,11,14,878
11.0,11,11,15,880
11.0,11,12,0,843
11.0,11,12,1,846
11.0,11,12,2,849
11.0,11,12,3,851
11.0,11,12,4,854
11.0,11,12,5,857
11.0,11,12,6,859
11.0,11,12,7,862
11.0,11,12,8,865
11.0,11,12,9,867
11.0,11,12,10,870
11.0,11,12,11,873
11.0,11,12,12,875
11.0,11,12,13,878
11.0,11,12,14,880
11.0,11,12,15,883
11.0,11,13,0,846
11.0,11,13,1,848
11.0,11,13,2,851
11.0,11,13,3,854
11.0,11,13,4,857
11.0,11,13,5,859
11.0,11,13,6,862
11.0,11,13,7,865
11.0,11,13,8,867
11.0,11,13,9,870
11.0,11,13,10,873
11.0,11,13,11,875
11.0,11,13,12,878
11.0,11,13,13,881
11.0,11,13,14,883
11.0,11,13,15,886
11.0,11,14,0,848
11.0,11,14,1,851
11.0,11,14,2,854
11.0,11,14,3,857
11.0,11,14,4,859
11.0,11,14,5,862
11.0,11,14,6,865
11.0,11,14,7,867
11.0,11,14,8,870
11.0,11,14,9,873
11.0,11,14,10,875
11.0,11,14,11,878
11.0,11,14,12,881
11.0,11,14,13,883
11.0,11,14,14,886
11.0,11,14,15,889
11.0,11,15,0,851
11.0,11,15,1,854
11.0,11,15,2,856
11.0,11,15,3,859
11.0,11,15,4,862
11.0,11,15,5,865
11.0,11,15,6,867
11.0,11,15,7,870
11.0,11,15,8,873
11.0,11,15,9,875
11.0,11,15,10,878
11.0,11,15,11,881
11.0,11,15,12,883
11.0,11,15,13,886
11.0,11,15,14,889
11.0,11,15,15,891
11.0,12,0,0,814
11.0,12,0,1,817
11.0,12,0,2,819
11.0,12,0,3,822
11.0,12,0,4,825
11.0,12,0,5,827
11.0,12,0,6,830
11.0,12,0,7,832
11.0,12,0,8,835
11.0,12,0,9,837
11.0,12,0,10,840
11.0,12,0,11,843
11.0,12,0,12,845
11.0,12,0,13,848
11.0,12,0,14,850
11.0,12,0,15,853
11.0,12,1,0,817
11.0,12,1,1,819
11.0,12,1,2,822
11.0,12,1,3,825
11.0,12,1,4,827
11.0,12,1,5,830
11.0,12,1,6,832
11.0,12,1,7,835
11.0,12,1,8,838
11.0,12,1,9,840
11.0,12,1,10,843
11.0,12,1,11,845
11.0,12,1,12,848
11.0,12,1,13,850
11.0,12,1,14,853
11.0,12,1,15,855
11.0,12,2,0,820
11.0,12,2,1,822
11.0,12,2,2,825
11.0,12,2,3,827
11.0,12,2,4,830
11.0,12,2,5,833
11.0,12,2,6,835
11.0,12,2,7,838
11.0,12,2,8,840
11.0,12,2,9,843
11.0,12,2,10,846
11.0,12,2,11,848
11.0,12,2,12,851
11.0,12,2,13,853
11.0,12,2,14,856
11.0,12,2,15,858
11.0,12,3,0,822
11.0,12,3,1,825
11.0,12,3,2,828
11.0,12,3,3,830
11.0,12,3,4,833
11.0,12,3,5,835
11.0,12,3,6,838
11.0,12,3,7,841
11.0,12,3,8,843
11.0,12,3,9,846
11.0,12,3,10,848
11.0,12,3,11,851
11.0,12,3,12,854
11.0,12,3,13,856
11.0,12,3,14,859
11.0,12,3,15,861
11.0,12,4,0,825
11.0,12,4,1,828
11.0,12,4,2,830
11.0,12,4,3,833
11.0,12,4,4,836
11.0,12,4,5,838
11.0,12,4,6,841
11.0,12,4,7,843
11.0,12,4,8,846
11.0,12,4,9,849
11.0,12,4,10,851
11.0,12,4,11,854
11.0,12,4,12,856
11.0,12,4,13,859
11.0,12,4,14,861
11.0,12,4,15,864
11.0,12,5,0,828
11.0,12,5,1,830
11.0,12,5,2,833
11.0,12,5,3,836
11.0,12,5,4,838
11.0,12,5,5,841
11.0,12,5,6,844
11.0,12,5,7,846
11.0,12,5,8,849
11.0,12,5,9,851
11.0,12,5,10,854
11.0,12,5,11,857
11.0,12,5,12,859
11.0,12,5,13,862
11.0,12,5,14,864
11.0,12,5,15,867
11.0,12,6,0,830
11.0,12,6,1,833
11.0,12,6,2,836
11.0,12,6,3,838
11.0,12,6,4,841
11.0,12,6,5,844
11.0,12,6,6,846
11.0,12,6,7,849
11.0,12,6,8,852
11.0,12,6,9,854
11.0,12,6,10,857
11.0,12,6,11,859
11.0,12,6,12,862
11.0,12,6,13,864
11.0,12,6,14,867
11.0,12,6,15,870
11.0,12,7,0,833
11.0,12,7,1,836
11.0,12,7,2,838
11.0,12,7,3,841
11.0,12,7,4,844
11.0,12,7,5,846
11.0,12,7,6,849
11.0,12,7,7,852
11.0,12,7,8,854
11.0,12,7,9,857
11.0,12,7,10,859
11.0,12,7,11,862
11.0,12,7,12,865
11.0,12,7,13,867
11.0,12,7,14,870
11.0,12,7,15,872
11.0,12,8,0,836
11.0,12,8,1,838
11.0,12,8,2,841
11.0,12,8,3,844
11.0,12,8,4,846
11.0,12,8,5,849
11.0,12,8,6,852
11.0,12,8,7,854
11.0,12,8,8,857
11.0,12,8,9,860
11.0,12,8,10,862
11.0,12,8,11,865
11.0,12,8,12,867
11.0,12,8,13,870
11.0,12,8,14,873
11.0,12,8,15,875
11.0,12,9,0,838
11.0,12,9,1,841
11.0,12,9,2,844
11.0,12,9,3,846
11.0,12,9,4,849
11.0,12,9,5,852
11.0,12,9,6,854
11.0,12,9,7,857
11.0,12,9,8,860
11.0,12,9,9,862
11.0,12,9,10,865
11.0,12,9,11,868
11.0,12,9,12,870
11.0,12,9,13,873
11.0,12,9,14,875
11.0,12,9,15,878
11.0,12,10,0,841
11.0,12,10,1,844
11.0,12,10,2,846
11.0,12,10,3,849
11.0,12,10,4,852
11.0,12,10,5,854
11.0,12,10,6,857
11.0,12,10,7,860
11.0,12,10,8,862
11.0,12,10,9,865
11.0,12,10,10,868
11.0,12,10,11,870
11.0,12,10,12,873
11.0,12,10,13,876
11.0,12,10,14,878
11.0,12,10,15,881
11.0,12,11,0,844
11.0,12,11,1,846
11.0,12,11,2,849
11.0,12,11,3,852
11.0,12,11,4,854
11.0,12,11,5,857
11.0,12,11,6,860
11.0,12,11,7,862
11.0,12,11,8,865
11.0,12,11,9,868
11.0,12,11,10,870
11.0,12,11,11,873
11.0,12,11,12,876
11.0,12,11,13,878
11.0,12,11,14,881
11.0,12,11,15,884
11.0,12,12,0,846
11.0,12,12,1,849
11.0,12,12,2,852
11.0,12,12,3,854
11.0,12,12,4,857
11.0,12,12,5,860
11.0,12,12,6,862
11.0,12,12,7,865
11.0,12,12,8,868
11.0,12,12,9,870
11.0,12,12,10,873
11.0,12,12,11,876
11.0,12,12,12,878
11.0,12,12,13,881
11.0,12,12,14,884
11.0,12,12,15,886
11.0,12,13,0,849
11.0,12,13,1,852
11.0,12,13,2,854
11.0,12,13,3,857
11.0,12,13,4,860
11.0,12,13,5,862
11.0,12,13,6,865
11.0,12,13,7,868
11.0,12,13,8,871
11.0,12,13,9,873
11.0,12,13,10,876
11.0,12,13,11,879
11.0,12,13,12,881
11.0,12,13,13,884
11.0,12,13,14,886
11.0,12,13,15,889
11.0,12,14,0,852
11.0,12,14,1,854
11.0,12,14,2,857
11.0,12,14,3,860
11.0,12,14,4,862
11.0,12,14,5,865
11.0,12,14,6,868
11.0,12,14,7,871
11.0,12,14,8,873
11.0,12,14,9,876
11.0,12,14,10,879
11.0,12,14,11,881
11.0,12,14,12,884
11.0,12,14,13,887
11.0,12,14,14,889
11.0,12,14,15,892
11.0,12,15,0,854
11.0,12,15,1,857
11.0,12,15,2,860
11.0,12,15,3,862
11.0,12,15,4,865
11.0,12,15,5,868
11.0,12,15,6,870
11.0,12,15,7,873
11.0,12,15,8,876
11.0,12,15,9,879
11.0,12,15,10,881
11.0,12,15,11,884
11.0,12,15,12,887
11.0,12,15,13,889
11.0,12,15,14,892
11.0,12,15,15,895
11.0,13,0,0,817
11.0,13,0,1,820
11.0,13,0,2,822
11.0,13,0,3,825
11.0,13,0,4,828
11.0,13,0,5,830
11.0,13,0,6,833
11.0,13,0,7,835
11.0,13,0,8,838
11.0,13,0,9,840
11.0,13,0,10,843
11.0,13,0,11,846
11.0,13,0,12,848
11.0,13,0,13,851
11.0,13,0,14,853
11.0,13,0,15,856
11.0,13,1,0,820
11.0,13,1,1,822
11.0,13,1,2,825
11.0,13,1,3,828
11.0,13,1,4,830
11.0,13,1,5,833
11.0,13,1,6,836
11.0,13,1,7,838
11.0,13,1,8,841
11.0,13,1,9,843
11.0,13,1,10,846
11.0,13,1,11,848
11.0,13,1,12,851
11.0,13,1,13,854
11.0,13,1,14,856
11.0,13,1,15,859
11.0,13,2,0,823
11.0,13,2,1,825
11.0,13,2,2,828
11.0,13,2,3,830
11.0,13,2,4,833
11.0,13,2,5,836
11.0,13,2,6,838
11.0,13,2,7,841
11.0,13,2,8,844
11.0,13,2,9,846
11.0,13,2,10,849
11.0,13,2,11,851
11.0,13,2,12,854
11.0,13,2,13,856
11.0,13,2,14,859
11.0,13,2,15,861
11.0,13,3,0,825
11.0,13,3,1,828
11.0,13,3,2,831
11.0,13,3,3,833
11.0,13,3,4,836
11.0,13,3,5,838
11.0,13,3,6,841
11.0,13,3,7,844
11.0,13,3,8,846
11.0,13,3,9,849
11.0,13,3,10,851
11.0,13,3,11,854
11.0,13,3,12,857
11.0,13,3,13,859
11.0,13,3,14,862
11.0,13,3,15,864
11.0,13,4,0,828
11.0,13,4,1,831
11.0,13,4,2,833
11.0,13,4,3,836
11.0,13,4,4,839
11.0,13,4,5,841
11.0,13,4,6,844
11.0,13,4,7,846
11.0,13,4,8,849
11.0,13,4,9,852
11.0,13,4,10,854
11.0,13,4,11,857
11.0,13,4,12,859
11.0,13,4,13,862
11.0,13,4,14,865
11.0,13,4,15,867
11.0,13,5,0,831
11.0,13,5,1,833
11.0,13,5,2,836
11.0,13,5,3,839
11.0,13,5,4,841
11.0,13,5,5,844
11.0,13,5,6,847
11.0,13,5,7,849
11.0,13,5,8,852
11.0,13,5,9,854
11.0,13,5,10,857
11.0,13,5,11,860
11.0,13,5,12,862
11.0,13,5,13,865
11.0,13,5,14,867
11.0,13,5,15,870
11.0,13,6,0,833
11.0,13,6,1,836
11.0,13,6,2,839
11.0,13,6,3,841
11.0,13,6,4,844
11.0,13,6,5,847
11.0,13,6,6,849
11.0,13,6,7,852
11.0,13,6,8,855
11.0,13,6,9,857
11.0,13,6,10,860
11.0,13,6,11,862
11.0,13,6,12,865
11.0,13,6,13,868
11.0,13,6,14,870
11.0,13,6,15,873
11.0,13,7,0,836
11.0,13,7,1,839
11.0,13,7,2,841
11.0,13,7,3,844
11.0,13,7,4,847
11.0,13,7,5,849
11.0,13,7,6,852
11.0,13,7,7,855
11.0,13,7,8,857
11.0,13,7,9,860
11.0,13,7,10,863
11.0,13,7,11,865
11.0,13,7,12,868
11.0,13,7,13,870
11.0,13,7,14,873
11.0,13,7,15,876
11.0,13,8,0,839
11.0,13,8,1,841
11.0,13,8,2,844
11.0,13,8,3,847
11.0,13,8,4,849
11.0,13,8,5,852
11.0,13,8,6,855
11.0,13,8,7,857
11.0,13,8,8,860
11.0,13,8,9,863
11.0,13,8,10,865
11.0,13,8,11,868
11.0,13,8,12,871
11.0,13,8,13,873
11.0,13,8,14,876
11.0,13,8,15,878
11.0,13,9,0,841
11.0,13,9,1,844
11.0,13,9,2,847
11.0,13,9,3,850
11.0,13,9,4,852
11.0,13,9,5,855
11.0,13,9,6,858
11.0,13,9,7,860
11.0,13,9,8,863
11.0,13,9,9,866
11.0,13,9,10,868
11.0,13,9,11,871
11.0,13,9,12,873
11.0,13,9,13,876
11.0,13,9,14,879
11.0,13,9,15,881
11.0,13,10,0,844
11.0,13,10,1,847
11.0,13,10,2,849
11.0,13,10,3,852
11.0,13,10,4,855
11.0,13,10,5,858
11.0,13,10,6,860
11.0,13,10,7,863
11.0,13,10,8,866
11.0,13,10,9,868
11.0,13,10,10,871
11.0,13,10,11,874
11.0,13,10,12,876
11.0,13,10,13,879
11.0,13,10,14,881
11.0,13,10,15,884
11.0,13,11,0,847
11.0,13,11,1,849
11.0,13,11,2,852
11.0,13,11,3,855
11.0,13,11,4,858
11.0,13,11,5,860
11.0,13,11,6,863
11.0,13,11,7,866
11.0,13,11,8,868
11.0,13,11,9,871
11.0,13,11,10,874
11.0,13,11,11,876
11.0,13,11,12,879
11.0,13,11,13,882
11.0,13,11,14,884
11.0,13,11,15,887
11.0,13,12,0,849
11.0,13,12,1,852
11.0,13,12,2,855
11.0,13,12,3,858
11.0,13,12,4,860
11.0,13,12,5,863
11.0,13,12,6,866
11.0,13,12,7,868
11.0,13,12,8,871
11.0,13,12,9,874
11.0,13,12,10,876
11.0,13,12,11,879
11.0,13,12,12,882
11.0,13,12,13,884
11.0,13,12,14,887
11.0,13,12,15,890
11.0,13,13,0,852
11.0,13,13,1,855
11.0,13,13,2,857
11.0,13,13,3,860
11.0,13,13,4,863
11.0,13,13,5,866
11.0,13,13,6,868
11.0,13,13,7,871
11.0,13,13,8,874
11.0,13,13,9,876
11.0,13,13,10,879
11.0,13,13,11,882
11.0,13,13,12,884
11.0,13,13,13,887
11.0,13,13,14,890
11.0,13,13,15,892
11.0,13,14,0,855
11.0,13,14,1,857
11.0,13,14,2,860
11.0,13,14,3,863
11.0,13,14,4,866
11.0,13,14,5,868
11.0,13,14,6,871
11.0,13,14,7,874
11.0,13,14,8,876
11.0,13,14,9,879
11.0,13,14,10,882
11.0,13,14,11,884
11.0,13,14,12,887
11.0,13,14,13,890
11.0,13,14,14,892
11.0,13,14,15,895
11.0,13,15,0,857
11.0,13,15,1,860
11.0,13,15,2,863
11.0,13,15,3,866
11.0,13,15,4,868
11.0,13,15,5,871
11.0,13,15,6,874
11.0,13,15,7,876
11.0,13,15,8,879
11.0,13,15,9,882
11.0,13,15,10,884
11.0,13,15,11,887
11.0,13,15,12,890
11.0,13,15,13,892
11.0,13,15,14,895
11.0,13,15,15,898
11.0,14,0,0,820
11.0,14,0,1,823
11.0,14,0,2,825
11.0,14,0,3,828
11.0,14,0,4,831
11.0,14,0,5,833
11.0,14,0,6,836
11.0,14,0,7,838
11.0,14,0,8,841
11.0,14,0,9,844
11.0,14,0,10,846
11.0,14,0,11,849
11.0,14,0,12,851
11.0,14,0,13,854
11.0,14,0,14,856
11.0,14,0,15,859
11.0,14,1,0,823
11.0,14,1,1,825
11.0,14,1,2,828
11.0,14,1,3,831
11.0,14,1,4,833
11.0,14,1,5,836
11.0,14,1,6,839
11.0,14,1,7,841
11.0,14,1,8,844
11.0,14,1,9,846
11.0,14,1,10,849
11.0,14,1,11,852
11.0,14,1,12,854
11.0,14,1,13,857
11.0,14,1,14,859
11.0,14,1,15,862
11.0,14,2,0,826
11.0,14,2,1,828
11.0,14,2,2,831
11.0,14,2,3,834
11.0,14,2,4,836
11.0,14,2,5,839
11.0,14,2,6,841
11.0,14,2,7,844
11.0,14,2,8,847
11.0,14,2,9,849
11.0,14,2,10,852
11.0,14,2,11,854
11.0,14,2,12,857
11.0,14,2,13,859
11.0,14,2,14,862
11.0,14,2,15,865
11.0,14,3,0,828
11.0,14,3,1,831
11.0,14,3,2,834
11.0,14,3,3,836
11.0,14,3,4,839
11.0,14,3,5,842
11.0,14,3,6,844
11.0,14,3,7,847
11.0,14,3,8,849
11.0,14,3,9,852
11.0,14,3,10,855
11.0,14,3,11,857
11.0,14,3,12,860
11.0,14,3,13,862
11.0,14,3,14,865
11.0,14,3,15,867
11.0,14,4,0,831
11.0,14,4,1,834
11.0,14,4,2,836
11.0,14,4,3,839
11.0,14,4,4,842
11.0,14,4,5,844
11.0,14,4,6,847
11.0,14,4,7,850
11.0,14,4,8,852
11.0,14,4,9,855
11.0,14,4,10,857
11.0,14,4,11,860
11.0,14,4,12,863
11.0,14,4,13,865
11.0,14,4,14,868
11.0,14,4,15,870
11.0,14,5,0,834
11.0,14,5,1,836
11.0,14,5,2,839
11.0,14,5,3,842
11.0,14,5,4,844
11.0,14,5,5,847
11.0,14,5,6,850
11.0,14,5,7,852
11.0,14,5,8,855
11.0,14,5,9,858
11.0,14,5,10,860
11.0,14,5,11,863
11.0,14,5,12,865
11.0,14,5,13,868
11.0,14,5,14,871
11.0,14,5,15,873
11.0,14,6,0,836
11.0,14,6,1,839
11.0,14,6,2,842
11.0,14,6,3,844
11.0,14,6,4,847
11.0,14,6,5,850
11.0,14,6,6,852
11.0,14,6,7,855
11.0,14,6,8,858
11.0,14,6,9,860
11.0,14,6,10,863
11.0,14,6,11,866
11.0,14,6,12,868
11.0,14,6,13,871
11.0,14,6,14,873
11.0,14,6,15,876
11.0,14,7,0,839
11.0,14,7,1,842
11.0,14,7,2,845
11.0,14,7,3,847
11.0,14,7,4,850
11.0,14,7,5,853
11.0,14,7,6,855
11.0,14,7,7,858
11.0,14,7,8,861
11.0,14,7,9,863
11.0,14,7,10,866
11.0,14,7,11,868
11.0,14,7,12,871
11.0,14,7,13,874
11.0,14,7,14,876
11.0,14,7,15,879
11.0,14,8,0,842
11.0,14,8,1,845
11.0,14,8,2,847
11.0,14,8,3,850
11.0,14,8,4,853
11.0,14,8,5,855
11.0,14,8,6,858
11.0,14,8,7,861
11.0,14,8,8,863
11.0,14,8,9,866
11.0,14,8,10,869
11.0,14,8,11,871
11.0,14,8,12,874
11.0,14,8,13,876
11.0,14,8,14,879
11.0,14,8,15,882
11.0,14,9,0,844
11.0,14,9,1,847
11.0,14,9,2,850
11.0,14,9,3,853
11.0,14,9,4,855
11.0,14,9,5,858
11.0,14,9,6,861
11.0,14,9,7,863
11.0,14,9,8,866
11.0,14,9,9,869
11.0,14,9,10,871
11.0,14,9,11,874
11.0,14,9,12,877
11.0,14,9,13,879
11.0,14,9,14,882
11.0,14,9,15,884
11.0,14,10,0,847
11.0,14,10,1,850
11.0,14,10,2,853
11.0,14,10,3,855
11.0,14,10,4,858
11.0,14,10,5,861
11.0,14,10,6,863
11.0,14,10,7,866
11.0,14,10,8,869
11.0,14,10,9,871
11.0,14,10,10,874
11.0,14,10,11,877
11.0,14,10,12,879
11.0,14,10,13,882
11.0,14,10,14,885
11.0,14,10,15,887
11.0,14,11,0,850
11.0,14,11,1,853
11.0,14,11,2,855
11.0,14,11,3,858
11.0,14,11,4,861
11.0,14,11,5,863
11.0,14,11,6,866
11.0,14,11,7,869
11.0,14,11,8,871
11.0,14,11,9,874
11.0,14,11,10,877
11.0,14,11,11,879
11.0,14,11,12,882
11.0,14,11,13,885
11.0,14,11,14,887
11.0,14,11,15,890
11.0,14,12,0,852
11.0,14,12,1,855
11.0,14,12,2,858
11.0,14,12,3,861
11.0,14,12,4,863
11.0,14,12,5,866
11.0,14,12,6,869
11.0,14,12,7,872
11.0,14,12,8,874
11.0,14,12,9,877
11.0,14,12,10,880
11.0,14,12,11,882
11.0,14,12,12,885
11.0,14,12,13,888
11.0,14,12,14,890
11.0,14,12,15,893
11.0,14,13,0,855
11.0,14,13,1,858
11.0,14,13,2,861
11.0,14,13,3,863
11.0,14,13,4,866
11.0,14,13,5,869
11.0,14,13,6,872
11.0,14,13,7,874
11.0,14,13,8,877
11.0,14,13,9,880
11.0,14,13,10,882
11.0,14,13,11,885
11.0,14,13,12,888
11.0,14,13,13,890
11.0,14,13,14,893
11.0,14,13,15,896
11.0,14,14,0,858
11.0,14,14,1,861
11.0,14,14,2,863
11.0,14,14,3,866
11.0,14,14,4,869
11.0,14,14,5,871
11.0,14,14,6,874
11.0,14,14,7,877
11.0,14,14,8,880
11.0,14,14,9,882
11.0,14,14,10,885
11.0,14,14,11,888
11.0,14,14,12,890
11.0,14,14,13,893
11.0,14,14,14,896
11.0,14,14,15,898
11.0,14,15,0,860
11.0,14,15,1,863
11.0,14,15,2,866
11.0,14,15,3,869
11.0,14,15,4,871
11.0,14,15,5,874
11.0,14,15,6,877
11.0,14,15,7,880
11.0,14,15,8,882
11.0,14,15,9,885
11.0,14,15,10,888
11.0,14,15,11,890
11.0,14,15,12,893
11.0,14,15,13,896
11.0,14,15,14,898
11.0,14,15,15,901
11.0,15,0,0,823
11.0,15,0,1,826
11.0,15,0,2,828
11.0,15,0,3,831
11.0,15,0,4,834
11.0,15,0,5,836
11.0,15,0,6,839
11.0,15,0,7,841
11.0,15,0,8,844
11.0,15,0,9,847
11.0,15,0,10,849
11.0,15,0,11,852
11.0,15,0,12,854
11.0,15,0,13,857
11.0,15,0,14,859
11.0,15,0,15,862
11.0,15,1,0,826
11.0,15,1,1,828
11.0,15,1,2,831
11.0,15,1,3,834
11.0,15,1,4,836
11.0,15,1,5,839
11.0,15,1,6,842
11.0,15,1,7,844
11.0,15,1,8,847
11.0,15,1,9,849
11.0,15,1,10,852
11.0,15,1,11,855
11.0,15,1,12,857
11.0,15,1,13,860
11.0,15,1,14,862
11.0,15,1,15,865
11.0,15,2,0,829
11.0,15,2,1,831
11.0,15,2,2,834
11.0,15,2,3,837
11.0,15,2,4,839
11.0,15,2,5,842
11.0,15,2,6,844
11.0,15,2,7,847
11.0,15,2,8,850
11.0,15,2,9,852
11.0,15,2,10,855
11.0,15,2,11,857
11.0,15,2,12,860
11.0,15,2,13,863
11.0,15,2,14,865
11.0,15,2,15,868
11.0,15,3,0,831
11.0,15,3,1,834
11.0,15,3,2,837
11.0,15,3,3,839
11.0,15,3,4,842
11.0,15,3,5,845
11.0,15,3,6,847
11.0,15,3,7,850
11.0,15,3,8,852
11.0,15,3,9,855
11.0,15,3,10,858
11.0,15,3,11,860
11.0,15,3,12,863
11.0,15,3,13,865
11.0,15,3,14,868
11.0,15,3,15,871
11.0,15,4,0,834
11.0,15,4,1,837
11.0,15,4,2,839
11.0,15,4,3,842
11.0,15,4,4,845
11.0,15,4,5,847
11.0,15,4,6,850
11.0,15,4,7,853
11.0,15,4,8,855
11.0,15,4,9,858
11.0,15,4,10,861
11.0,15,4,11,863
11.0,15,4,12,866
11.0,15,4,13,868
11.0,15,4,14,871
11.0,15,4,15,873
11.0,15,5,0,837
11.0,15,5,1,839
11.0,15,5,2,842
11.0,15,5,3,845
11.0,15,5,4,847
11.0,15,5,5,850
11.0,15,5,6,853
11.0,15,5,7,855
11.0,15,5,8,858
11.0,15,5,9,861
11.0,15,5,10,863
11.0,15,5,11,866
11.0,15,5,12,869
11.0,15,5,13,871
11.0,15,5,14,874
11.0,15,5,15,876
11.0,15,6,0,839
11.0,15,6,1,842
11.0,15,6,2,845
11.0,15,6,3,848
11.0,15,6,4,850
11.0,15,6,5,853
11.0,15,6,6,856
11.0,15,6,7,858
11.0,15,6,8,861
11.0,15,6,9,864
11.0,15,6,10,866
11.0,15,6,11,869
11.0,15,6,12,871
11.0,15,6,13,874
11.0,15,6,14,877
11.0,15,6,15,879
11.0,15,7,0,842
11.0,15,7,1,845
11.0,15,7,2,848
11.0,15,7,3,850
11.0,15,7,4,853
11.0,15,7,5,856
11.0,15,7,6,858
11.0,15,7,7,861
11.0,15,7,8,864
11.0,15,7,9,866
11.0,15,7,10,869
11.0,15,7,11,872
11.0,15,7,12,874
11.0,15,7,13,877
11.0,15,7,14,879
11.0,15,7,15,882
11.0,15,8,0,845
11.0,15,8,1,848
11.0,15,8,2,850
11.0,15,8,3,853
11.0,15,8,4,856
11.0,15,8,5,858
11.0,15,8,6,861
11.0,15,8,7,864
11.0,15,8,8,866
11.0,15,8,9,869
11.0,15,8,10,872
11.0,15,8,11,874
11.0,15,8,12,877
11.0,15,8,13,880
11.0,15,8,14,882
11.0,15,8,15,885
11.0,15,9,0,848
11.0,15,9,1,850
11.0,15,9,2,853
11.0,15,9,3,856
11.0,15,9,4,858
11.0,15,9,5,861
11.0,15,9,6,864
11.0,15,9,7,866
11.0,15,9,8,869
11.0,15,9,9,872
11.0,15,9,10,874
11.0,15,9,11,877
11.0,15,9,12,880
11.0,15,9,13,882
11.0,15,9,14,885
11.0,15,9,15,888
11.0,15,10,0,850
11.0,15,10,1,853
11.0,15,10,2,856
11.0,15,10,3,858
11.0,15,10,4,861
11.0,15,10,5,864
11.0,15,10,6,867
11.0,15,10,7,869
11.0,15,10,8,872
11.0,15,10,9,875
11.0,15,10,10,877
11.0,15,10,11,880
11.0,15,10,12,883
11.0,15,10,13,885
11.0,15,10,14,888
11.0,15,10,15,890
11.0,15,11,0,853
11.0,15,11,1,856
11.0,15,11,2,858
11.0,15,11,3,861
11.0,15,11,4,864
11.0,15,11,5,867
11.0,15,11,6,869
11.0,15,11,7,872
11.0,15,11,8,875
11.0,15,11,9,877
11.0,15,11,10,880
11.0,15,11,11,883
11.0,15,11,12,885
11.0,15,11,13,888
11.0,15,11,14,891
11.0,15,11,15,893
11.0,15,12,0,856
11.0,15,12,1,858
11.0,15,12,2,861
11.0,15,12,3,864
11.0,15,12,4,867
11.0,15,12,5,869
11.0,15,12,6,872
11.0,15,12,7,875
11.0,15,12,8,877
11.0,15,12,9,880
11.0,15,12,10,883
11.0,15,12,11,885
11.0,15,12,12,888
11.0,15,12,13,891
11.0,15,12,14,893
11.0,15,12,15,896
11.0,15,13,0,858
11.0,15,13,1,861
11.0,15,13,2,864
11.0,15,13,3,866
11.0,15,13,4,869
11.0,15,13,5,872
11.0,15,13,6,875
11.0,15,13,7,877
11.0,15,13,8,880
11.0,15,13,9,883
11.0,15,13,10,885
11.0,15,13,11,888
11.0,15,13,12,891
11.0,15,13,13,894
11.0,15,13,14,896
11.0,15,13,15,899
11.0,15,14,0,861
11.0,15,14,1,864
11.0,15,14,2,866
11.0,15,14,3,869
11.0,15,14,4,872
11.0,15,14,5,875
11.0,15,14,6,877
11.0,15,14,7,880
11.0,15,14,8,883
11.0,15,14,9,886
11.0,15,14,10,888
11.0,15,14,11,891
11.0,15,14,12,894
11.0,15,14,13,896
11.0,15,14,14,899
11.0,15,14,15,902
11.0,15,15,0,864
11.0,15,15,1,866
11.0,15,15,2,869
11.0,15,15,3,872
11.0,15,15,4,875
11.0,15,15,5,877
11.0,15,15,6,880
11.0,15,15,7,883
11.0,15,15,8,886
11.0,15,15,9,888
11.0,15,15,10,891
11.0,15,15,11,894
11.0,15,15,12,896
11.0,15,15,13,899
11.0,15,15,14,902
11.0,15,15,15,904
11.5,0,0,0,814
11.5,0,0,1,816
11.5,0,0,2,819
11.5,0,0,3,822
11.5,0,0,4,824
11.5,0,0,5,827
11.5,0,0,6,829
11.5,0,0,7,832
11.5,0,0,8,834
11.5,0,0,9,837
11.5,0,0,10,840
11.5,0,0,11,842
11.5,0,0,12,845
11.5,0,0,13,847
11.5,0,0,14,850
11.5,0,0,15,852
11.5,0,1,0,816
11.5,0,1,1,819
11.5,0,1,2,822
11.5,0,1,3,824
11.5,0,1,4,827
11.5,0,1,5,829
11.5,0,1,6,832
11.5,0,1,7,835
11.5,0,1,8,837
11.5,0,1,9,840
11.5,0,1,10,842
11.5,0,1,11,845
11.5,0,1,12,847
11.5,0,1,13,850
11.5,0,1,14,852
11.5,0,1,15,855
11.5,0,2,0,819
11.5,0,2,1,822
11.5,0,2,2,824
11.5,0,2,3,827
11.5,0,2,4,830
11.5,0,2,5,832
11.5,0,2,6,835
11.5,0,2,7,837
11.5,0,2,8,840
11.5,0,2,9,843
11.5,0,2,10,845
11.5,0,2,11,848
11.5,0,2,12,850
11.5,0,2,13,853
11.5,0,2,14,855
11.5,0,2,15,858
11.5,0,3,0,822
11.5,0,3,1,824
11.5,0,3,2,827
11.5,0,3,3,830
11.5,0,3,4,832
11.5,0,3,5,835
11.5,0,3,6,838
11.5,0,3,7,840
11.5,0,3,8,843
11.5,0,3,9,845
11.5,0,3,10,848
11.5,0,3,11,850
11.5,0,3,12,853
11.5,0,3,13,856
11.5,0,3,14,858
11.5,0,3,15,861
11.5,0,4,0,825
11.5,0,4,1,827
11.5,0,4,2,830
11.5,0,4,3,832
11.5,0,4,4,835
11.5,0,4,5,838
11.5,0,4,6,840
11.5,0,4,7,843
11.5,0,4,8,846
11.5,0,4,9,848
11.5,0,4,10,851
11.5,0,4,11,853
11.5,0,4,12,856
11.5,0,4,13,858
11.5,0,4,14,861
11.5,0,4,15,864
11.5,0,5,0,827
11.5,0,5,1,830
11.5,0,5,2,833
11.5,0,5,3,835
11.5,0,5,4,838
11.5,0,5,5,840
11.5,0,5,6,843
11.5,0,5,7,846
11.5,0,5,8,848
11.5,0,5,9,851
11.5,0,5,10,853
11.5,0,5,11,856
11.5,0,5,12,859
11.5,0,5,13,861
11.5,0,5,14,864
11.5,0,5,15,866
11.5,0,6,0,830
11.5,0,6,1,833
11.5,0,6,2,835
11.5,0,6,3,838
11.5,0,6,4,841
11.5,0,6,5,843
11.5,0,6,6,846
11.5,0,6,7,848
11.5,0,6,8,851
11.5,0,6,9,854
11.5,0,6,10,856
11.5,0,6,11,859
11.5,0,6,12,861
11.5,0,6,13,864
11.5,0,6,14,867
11.5,0,6,15,869
11.5,0,7,0,833
11.5,0,7,1,835
11.5,0,7,2,838
11.5,0,7,3,841
11.5,0,7,4,843
11.5,0,7,5,846
11.5,0,7,6,849
11.5,0,7,7,851
11.5,0,7,8,854
11.5,0,7,9,856
11.5,0,7,10,859
11.5,0,7,11,862
11.5,0,7,12,864
11.5,0,7,13,867
11.5,0,7,14,869
11.5,0,7,15,872
11.5,0,8,0,835
11.5,0,8,1,838
11.5,0,8,2,841
11.5,0,8,3,843
11.5,0,8,4,846
11.5,0,8,5,849
11.5,0,8,6,851
11.5,0,8,7,854
11.5,0,8,8,857
11.5,0,8,9,859
11.5,0,8,10,862
11.5,0,8,11,864
11.5,0,8,12,867
11.5,0,8,13,870
11.5,0,8,14,872
11.5,0,8,15,875
11.5,0,9,0,838
11.5,0,9,1,841
11.5,0,9,2,843
11.5,0,9,3,846
11.5,0,9,4,849
11.5,0,9,5,851
11.5,0,9,6,854
11.5,0,9,7,857
11.5,0,9,8,859
11.5,0,9,9,862
11.5,0,9,10,865
11.5,0,9,11,867
11.5,0,9,12,870
11.5,0,9,13,872
11.5,0,9,14,875
11.5,0,9,15,878
11.5,0,10,0,841
11.5,0,10,1,843
11.5,0,10,2,846
11.5,0,10,3,849
11.5,0,10,4,851
11.5,0,10,5,854
11.5,0,10,6,857
11.5,0,10,7,859
11.5,0,10,8,862
11.5,0,10,9,865
11.5,0,10,10,867
11.5,0,10,11,870
11.5,0,10,12,872
11.5,0,10,13,875
11.5,0,10,14,878
11.5,0,10,15,880
11.5,0,11,0,843
11.5,0,11,1,846
11.5,0,11,2,849
11.5,0,11,3,851
11.5,0,11,4,854
11.5,0,11,5,857
11.5,0,11,6,859
11.5,0,11,7,862
11.5,0,11,8,865
11.5,0,11,9,867
11.5,0,11,10,870
11.5,0,11,11,873
11.5,0,11,12,875
11.5,0,11,13,878
11.5,0,11,14,880
11.5,0,11,15,883
11.5,0,12,0,846
11.5,0,12,1,849
11.5,0,12,2,851
11.5,0,12,3,854
11.5,0,12,4,857
11.5,0,12,5,859
11.5,0,12,6,862
11.5,0,12,7,865
11.5,0,12,8,867
11.5,0,12,9,870
11.5,0,12,10,873
11.5,0,12,11,875
11.5,0,12,12,878
11.5,0,12,13,881
11.5,0,12,14,883
11.5,0,12,15,886
11.5,0,13,0,848
11.5,0,13,1,851
11.5,0,13,2,854
11.5,0,13,3,857
11.5,0,13,4,859
11.5,0,13,5,862
11.5,0,13,6,865
11.5,0,13,7,867
11.5,0,13,8,870
11.5,0,13,9,873
11.5,0,13,10,875
11.5,0,13,11,878
11.5,0,13,12,881
11.5,0,13,13,883
11.5,0,13,14,886
11.5,0,13,15,889
11.5,0,14,0,851
11.5,0,14,1,854
11.5,0,14,2,857
11.5,0,14,3,859
11.5,0,14,4,862
11.5,0,14,5,865
11.5,0,14,6,867
11.5,0,14,7,870
11.5,0,14,8,873
11.5,0,14,9,875
11.5,0,14,10,878
11.5,0,14,11,881
11.5,0,14,12,883
11.5,0,14,13,886
11.5,0,14,14,889
11.5,0,14,15,891
11.5,0,15,0,854
11.5,0,15,1,856
11.5,0,15,2,859
11.5,0,15,3,862
11.5,0,15,4,865
11.5,0,15,5,867
11.5,0,15,6,870
11.5,0,15,7,873
11.5,0,15,8,875
11.5,0,15,9,878
11.5,0,15,10,881
11.5,0,15,11,883
11.5,0,15,12,886
11.5,0,15,13,889
11.5,0,15,14,891
11.5,0,15,15,894
11.5,1,0,0,817
11.5,1,0,1,819
11.5,1,0,2,822
11.5,1,0,3,825
11.5,1,0,4,827
11.5,1,0,5,830
11.5,1,0,6,832
11.5,1,0,7,835
11.5,1,0,8,838
11.5,1,0,9,840
11.5,1,0,10,843
11.5,1,0,11,845
11.5,1,0,12,848
11.5,1,0,13,850
11.5,1,0,14,853
11.5,1,0,15,855
11.5,1,1,0,820
11.5,1,1,1,822
11.5,1,1,2,825
11.5,1,1,3,827
11.5,1,1,4,830
11.5,1,1,5,833
11.5,1,1,6,835
11.5,1,1,7,838
11.5,1,1,8,840
11.5,1,1,9,843
11.5,1,1,10,846
11.5,1,1,11,848
11.5,1,1,12,851
11.5,1,1,13,853
11.5,1,1,14,856
11.5,1,1,15,858
11.5,1,2,0,822
11.5,1,2,1,825
11.5,1,2,2,828
11.5,1,2,3,830
11.5,1,2,4,833
11.5,1,2,5,835
11.5,1,2,6,838
11.5,1,2,7,841
11.5,1,2,8,843
11.5,1,2,9,846
11.5,1,2,10,848
11.5,1,2,11,851
11.5,1,2,12,854
11.5,1,2,13,856
11.5,1,2,14,859
11.5,1,2,15,861
11.5,1,3,0,825
11.5,1,3,1,828
11.5,1,3,2,830
11.5,1,3,3,833
11.5,1,3,4,836
11.5,1,3,5,838
11.5,1,3,6,841
11.5,1,3,7,843
11.5,1,3,8,846
11.5,1,3,9,849
11.5,1,3,10,851
11.5,1,3,11,854
11.5,1,3,12,856
11.5,1,3,13,859
11.5,1,3,14,861
11.5,1,3,15,864
11.5,1,4,0,828
11.5,1,4,1,830
11.5,1,4,2,833
11.5,1,4,3,836
11.5,1,4,4,838
11.5,1,4,5,841
11.5,1,4,6,844
11.5,1,4,7,846
11.5,1,4,8,849
11.5,1,4,9,851
11.5,1,4,10,854
11.5,1,4,11,857
11.5,1,4,12,859
11.5,1,4,13,862
11.5,1,4,14,864
11.5,1,4,15,867
11.5,1,5,0,830
11.5,1,5,1,833
11.5,1,5,2,836
11.5,1,5,3,838
11.5,1,5,4,841
11.5,1,5,5,844
11.5,1,5,6,846
11.5,1,5,7,849
11.5,1,5,8,852
11.5,1,5,9,854
11.5,1,5,10,857
11.5,1,5,11,859
11.5,1,5,12,862
11.5,1,5,13,865
11.5,1,5,14,867
11.5,1,5,15,870
11.5,1,6,0,833
11.5,1,6,1,836
11.5,1,6,2,838
11.5,1,6,3,841
11.5,1,6,4,844
11.5,1,6,5,846
11.5,1,6,6,849
11.5,1,6,7,852
11.5,1,6,8,854
11.5,1,6,9,857
11.5,1,6,10,860
11.5,1,6,11,862
11.5,1,6,12,865
11.5,1,6,13,867
11.5,1,6,14,870
11.5,1,6,15,872
11.5,1,7,0,836
11.5,1,7,1,838
11.5,1,7,2,841
11.5,1,7,3,844
11.5,1,7,4,846
11.5,1,7,5,849
11.5,1,7,6,852
11.5,1,7,7,854
11.5,1,7,8,857
11.5,1,7,9,860
11.5,1,7,10,862
11.5,1,7,11,865
11.5,1,7,12,868
11.5,1,7,13,870
11.5,1,7,14,873
11.5,1,7,15,875
11.5,1,8,0,838
11.5,1,8,1,841
11.5,1,8,2,844
11.5,1,8,3,847
11.5,1,8,4,849
11.5,1,8,5,852
11.5,1,8,6,855
11.5,1,8,7,857
11.5,1,8,8,860
11.5,1,8,9,862
11.5,1,8,10,865
11.5,1,8,11,868
11.5,1,8,12,870
11.5,1,8,13,873
11.5,1,8,14,876
11.5,1,8,15,878
11.5,1,9,0,841
11.5,1,9,1,844
11.5,1,9,2,847
11.5,1,9,3,849
11.5,1,9,4,852
11.5,1,9,5,855
11.5,1,9,6,857
11.5,1,9,7,860
11.5,1,9,8,863
11.5,1,9,9,865
11.5,1,9,10,868
11.5,1,9,11,870
11.5,1,9,12,873
11.5,1,9,13,876
11.5,1,9,14,878
11.5,1,9,15,881
11.5,1,10,0,844
11.5,1,10,1,846
11.5,1,10,2,849
11.5,1,10,3,852
11.5,1,10,4,855
11.5,1,10,5,857
11.5,1,10,6,860
11.5,1,10,7,863
11.5,1,10,8,865
11.5,1,10,9,868
11.5,1,10,10,871
11.5,1,10,11,873
11.5,1,10,12,876
11.5,1,10,13,878
11.5,1,10,14,881
11.5,1,10,15,884
11.5,1,11,0,846
11.5,1,11,1,849
11.5,1,11,2,852
11.5,1,11,3,855
11.5,1,11,4,857
11.5,1,11,5,860
11.5,1,11,6,863
11.5,1,11,7,865
11.5,1,11,8,868
11.5,1,11,9,871
11.5,1,11,10,873
11.5,1,11,11,876
11.5,1,11,12,879
11.5,1,11,13,881
11.5,1,11,14,884
11.5,1,11,15,886
11.5,1,12,0,849
11.5,1,12,1,852
11.5,1,12,2,855
11.5,1,12,3,857
11.5,1,12,4,860
11.5,1,12,5,863
11.5,1,12,6,865
11.5,1,12,7,868
11.5,1,12,8,871
11.5,1,12,9,873
11.5,1,12,10,876
11.5,1,12,11,879
11.5,1,12,12,881
11.5,1,12,13,884
11.5,1,12,14,887
11.5,1,12,15,889
11.5,1,13,0,852
11.5,1,13,1,854
11.5,1,13,2,857
11.5,1,13,3,860
11.5,1,13,4,863
11.5,1,13,5,865
11.5,1,13,6,868
11.5,1,13,7,871
11.5,1,13,8,873
11.5,1,13,9,876
11.5,1,13,10,879
11.5,1,13,11,881
11.5,1,13,12,884
11.5,1,13,13,887
11.5,1,13,14,889
11.5,1,13,15,892
11.5,1,14,0,854
11.5,1,14,1,857
11.5,1,14,2,860
11.5,1,14,3,863
11.5,1,14,4,865
11.5,1,14,5,868
11.5,1,14,6,871
11.5,1,14,7,873
11.5,1,14,8,876
11.5,1,14,9,879
11.5,1,14,10,881
11.5,1,14,11,884
11.5,1,14,12,887
11.5,1,14,13,889
11.5,1,14,14,892
11.5,1,14,15,895
11.5,1,15,0,857
11.5,1,15,1,860
11.5,1,15,2,862
11.5,1,15,3,865
11.5,1,15,4,868
11.5,1,15,5,871
11.5,1,15,6,873
11.5,1,15,7,876
11.5,1,15,8,879
11.5,1,15,9,881
11.5,1,15,10,884
11.5,1,15,11,887
11.5,1,15,12,890
11.5,1,15,13,892
11.5,1,15,14,895
11.5,1,15,15,897
11.5,2,0,0,820
11.5,2,0,1,823
11.5,2,0,2,825
11.5,2,0,3,828
11.5,2,0,4,830
11.5,2,0,5,833
11.5,2,0,6,836
11.5,2,0,7,838
11.5,2,0,8,841
11.5,2,0,9,843
11.5,2,0,10,846
11.5,2,0,11,849
11.5,2,0,12,851
11.5,2,0,13,854
11.5,2,0,14,856
11.5,2,0,15,859
11.5,2,1,0,823
11.5,2,1,1,825
11.5,2,1,2,828
11.5,2,1,3,831
11.5,2,1,4,833
11.5,2,1,5,836
11.5,2,1,6,838
11.5,2,1,7,841
11.5,2,1,8,844
11.5,2,1,9,846
11.5,2,1,10,849
11.5,2,1,11,851
11.5,2,1,12,854
11.5,2,1,13,856
11.5,2,1,14,859
11.5,2,1,15,862
11.5,2,2,0,825
11.5,2,2,1,828
11.5,2,2,2,831
11.5,2,2,3,833
11.5,2,2,4,836
11.5,2,2,5,839
11.5,2,2,6,841
11.5,2,2,7,844
11.5,2,2,8,846
11.5,2,2,9,849
11.5,2,2,10,852
11.5,2,2,11,854
11.5,2,2,12,857
11.5,2,2,13,859
11.5,2,2,14,862
11.5,2,2,15,864
11.5,2,3,0,828
11.5,2,3,1,831
11.5,2,3,2,833
11.5,2,3,3,836
11.5,2,3,4,839
11.5,2,3,5,841
11.5,2,3,6,844
11.5,2,3,7,847
11.5,2,3,8,849
11.5,2,3,9,852
11.5,2,3,10,854
11.5,2,3,11,857
11.5,2,3,12,860
11.5,2,3,13,862
11.5,2,3,14,865
11.5,2,3,15,867
11.5,2,4,0,831
11.5,2,4,1,834
11.5,2,4,2,836
11.5,2,4,3,839
11.5,2,4,4,841
11.5,2,4,5,844
11.5,2,4,6,847
11.5,2,4,7,849
11.5,2,4,8,852
11.5,2,4,9,855
11.5,2,4,10,857
11.5,2,4,11,860
11.5,2,4,12,862
11.5,2,4,13,865
11.5,2,4,14,868
11.5,2,4,15,870
11.5,2,5,0,834
11.5,2,5,1,836
11.5,2,5,2,839
11.5,2,5,3,842
11.5,2,5,4,844
11.5,2,5,5,847
11.5,2,5,6,850
11.5,2,5,7,852
11.5,2,5,8,855
11.5,2,5,9,857
11.5,2,5,10,860
11.5,2,5,11,863
11.5,2,5,12,865
11.5,2,5,13,868
11.5,2,5,14,870
11.5,2,5,15,873
11.5,2,6,0,836
11.5,2,6,1,839
11.5,2,6,2,842
11.5,2,6,3,844
11.5,2,6,4,847
11.5,2,6,5,850
11.5,2,6,6,852
11.5,2,6,7,855
11.5,2,6,8,858
11.5,2,6,9,860
11.5,2,6,10,863
11.5,2,6,11,865
11.5,2,6,12,868
11.5,2,6,13,871
11.5,2,6,14,873
11.5,2,6,15,876
11.5,2,7,0,839
11.5,2,7,1,842
11.5,2,7,2,844
11.5,2,7,3,847
11.5,2,7,4,850
11.5,2,7,5,852
11.5,2,7,6,855
11.5,2,7,7,858
11.5,2,7,8,860
11.5,2,7,9,863
11.5,2,7,10,866
11.5,2,7,11,868
11.5,2,7,12,871
11.5,2,7,13,873
11.5,2,7,14,876
11.5,2,7,15,879
11.5,2,8,0,842
11.5,2,8,1,844
11.5,2,8,2,847
11.5,2,8,3,850
11.5,2,8,4,852
11.5,2,8,5,855
11.5,2,8,6,858
11.5,2,8,7,860
11.5,2,8,8,863
11.5,2,8,9,866
11.5,2,8,10,868
11.5,2,8,11,871
11.5,2,8,12,874
11.5,2,8,13,876
11.5,2,8,14,879
11.5,2,8,15,881
11.5,2,9,0,844
11.5,2,9,1,847
11.5,2,9,2,850
11.5,2,9,3,852
11.5,2,9,4,855
11.5,2,9,5,858
11.5,2,9,6,861
11.5,2,9,7,863
11.5,2,9,8,866
11.5,2,9,9,868
11.5,2,9,10,871
11.5,2,9,11,874
11.5,2,9,12,876
11.5,2,9,13,879
11.5,2,9,14,882
11.5,2,9,15,884
11.5,2,10,0,847
11.5,2,10,1,850
11.5,2,10,2,852
11.5,2,10,3,855
11.5,2,10,4,858
11.5,2,10,5,861
11.5,2,10,6,863
11.5,2,10,7,866
11.5,2,10,8,869
11.5,2,10,9,871
11.5,2,10,10,874
11.5,2,10,11,877
11.5,2,10,12,879
11.5,2,10,13,882
11.5,2,10,14,884
11.5,2,10,15,887
11.5,2,11,0,850
11.5,2,11,1,852
11.5,2,11,2,855
11.5,2,11,3,858
11.5,2,11,4,861
11.5,2,11,5,863
11.5,2,11,6,866
11.5,2,11,7,869
11.5,2,11,8,871
11.5,2,11,9,874
11.5,2,11,10,877
11.5,2,11,11,879
11.5,2,11,12,882
11.5,2,11,13,885
11.5,2,11,14,887
11.5,2,11,15,890
11.5,2,12,0,852
11.5,2,12,1,855
11.5,2,12,2,858
11.5,2,12,3,861
11.5,2,12,4,863
11.5,2,12,5,866
11.5,2,12,6,869
11.5,2,12,7,871
11.5,2,12,8,874
11.5,2,12,9,877
11.5,2,12,10,879
11.5,2,12,11,882
11.5,2,12,12,885
11.5,2,12,13,887
11.5,2,12,14,890
11.5,2,12,15,893
11.5,2,13,0,855
11.5,2,13,1,858
11.5,2,13,2,860
11.5,2,13,3,863
11.5,2,13,4,866
11.5,2,13,5,869
11.5,2,13,6,871
11.5,2,13,7,874
11.5,2,13,8,877
11.5,2,13,9,879
11.5,2,13,10,882
11.5,2,13,11,885
11.5,2,13,12,887
11.5,2,13,13,890
11.5,2,13,14,893
11.5,2,13,15,895
11.5,2,14,0,858
11.5,2,14,1,860
11.5,2,14,2,863
11.5,2,14,3,866
11.5,2,14,4,869
11.5,2,14,5,871
11.5,2,14,6,874
11.5,2,14,7,877
11.5,2,14,8,879
11.5,2,14,9,882
11.5,2,14,10,885
11.5,2,14,11,888
11.5,2,14,12,890
11.5,2,14,13,893
11.5,2,14,14,895
11.5,2,14,15,898
11.5,2,15,0,860
11.5,2,15,1,863
11.5,2,15,2,866
11.5,2,15,3,868
11.5,2,15,4,871
11.5,2,15,5,874
11.5,2,15,6,877
11.5,2,15,7,879
11.5,2,15,8,882
11.5,2,15,9,885
11.5,2,15,10,888
11.5,2,15,11,890
11.5,2,15,12,893
11.5,2,15,13,896
11.5,2,15,14,898
11.5,2,15,15,901
11.5,3,0,0,823
11.5,3,0,1,826
11.5,3,0,2,828
11.5,3,0,3,831
11.5,3,0,4,834
11.5,3,0,5,836
11.5,3,0,6,839
11.5,3,0,7,841
11.5,3,0,8,844
11.5,3,0,9,847
11.5,3,0,10,849
11.5,3,0,11,852
11.5,3,0,12,854
11.5,3,0,13,857
11.5,3,0,14,859
11.5,3,0,15,862
11.5,3,1,0,826
11.5,3,1,1,828
11.5,3,1,2,831
11.5,3,1,3,834
11.5,3,1,4,836
11.5,3,1,5,839
11.5,3,1,6,842
11.5,3,1,7,844
11.5,3,1,8,847
11.5,3,1,9,849
11.5,3,1,10,852
11.5,3,1,11,855
11.5,3,1,12,857
11.5,3,1,13,860
11.5,3,1,14,862
11.5,3,1,15,865
11.5,3,2,0,829
11.5,3,2,1,831
11.5,3,2,2,834
11.5,3,2,3,837
11.5,3,2,4,839
11.5,3,2,5,842
11.5,3,2,6,844
11.5,3,2,7,847
11.5,3,2,8,850
11.5,3,2,9,852
11.5,3,2,10,855
11.5,3,2,11,857
11.5,3,2,12,860
11.5,3,2,13,863
11.5,3,2,14,865
11.5,3,2,15,868
11.5,3,3,0,831
11.5,3,3,1,834
11.5,3,3,2,837
11.5,3,3,3,839
11.5,3,3,4,842
11.5,3,3,5,845
11.5,3,3,6,847
11.5,3,3,7,850
11.5,3,3,8,852
11.5,3,3,9,855
11.5,3,3,10,858
11.5,3,3,11,860
11.5,3,3,12,863
11.5,3,3,13,865
11.5,3,3,14,868
11.5,3,3,15,871
11.5,3,4,0,834
11.5,3,4,1,837
11.5,3,4,2,839
11.5,3,4,3,842
11.5,3,4,4,845
11.5,3,4,5,847
11.5,3,4,6,850
11.5,3,4,7,853
11.5,3,4,8,855
11.5,3,4,9,858
11.5,3,4,10,860
11.5,3,4,11,863
11.5,3,4,12,866
11.5,3,4,13,868
11.5,3,4,14,871
11.5,3,4,15,873
11.5,3,5,0,837
11.5,3,5,1,839
11.5,3,5,2,842
11.5,3,5,3,845
11.5,3,5,4,847
11.5,3,5,5,850
11.5,3,5,6,853
11.5,3,5,7,855
11.5,3,5,8,858
11.5,3,5,9,861
11.5,3,5,10,863
11.5,3,5,11,866
11.5,3,5,12,869
11.5,3,5,13,871
11.5,3,5,14,874
11.5,3,5,15,876
11.5,3,6,0,839
11.5,3,6,1,842
11.5,3,6,2,845
11.5,3,6,3,848
11.5,3,6,4,850
11.5,3,6,5,853
11.5,3,6,6,856
11.5,3,6,7,858
11.5,3,6,8,861
11.5,3,6,9,863
11.5,3,6,10,866
11.5,3,6,11,869
11.5,3,6,12,871
11.5,3,6,13,874
11.5,3,6,14,877
11.5,3,6,15,879
11.5,3,7,0,842
11.5,3,7,1,845
11.5,3,7,2,848
11.5,3,7,3,850
11.5,3,7,4,853
11.5,3,7,5,856
11.5,3,7,6,858
11.5,3,7,7,861
11.5,3,7,8,864
11.5,3,7,9,866
11.5,3,7,10,869
11.5,3,7,11,872
11.5,3,7,12,874
11.5,3,7,13,877
11.5,3,7,14,879
11.5,3,7,15,882
11.5,3,8,0,845
11.5,3,8,1,848
11.5,3,8,2,850
11.5,3,8,3,853
11.5,3,8,4,856
11.5,3,8,5,858
11.5,3,8,6,861
11.5,3,8,7,864
11.5,3,8,8,866
11.5,3,8,9,869
11.5,3,8,10,872
11.5,3,8,11,874
11.5,3,8,12,877
11.5,3,8,13,880
11.5,3,8,14,882
11.5,3,8,15,885
11.5,3,9,0,848
11.5,3,9,1,850
11.5,3,9,2,853
11.5,3,9,3,856
11.5,3,9,4,858
11.5,3,9,5,861
11.5,3,9,6,864
11.5,3,9,7,866
11.5,3,9,8,869
11.5,3,9,9,872
11.5,3,9,10,874
11.5,3,9,11,877
11.5,3,9,12,880
11.5,3,9,13,882
11.5,3,9,14,885
11.5,3,9,15,888
11.5,3,10,0,850
11.5,3,10,1,853
11.5,3,10,2,856
11.5,3,10,3,858
11.5,3,10,4,861
11.5,3,10,5,864
11.5,3,10,6,867
11.5,3,10,7,869
11.5,3,10,8,872
11.5,3,10,9,875
11.5,3,10,10,877
11.5,3,10,11,880
11.5,3,10,12,883
11.5,3,10,13,885
11.5,3,10,14,888
11.5,3,10,15,890
11.5,3,11,0,853
11.5,3,11,1,856
11.5,3,11,2,858
11.5,3,11,3,861
11.5,3,11,4,864
11.5,3,11,5,867
11.5,3,11,6,869
11.5,3,11,7,872
11.5,3,11,8,875
11.5,3,11,9,877
11.5,3,11,10,880
11.5,3,11,11,883
11.5,3,11,12,885
11.5,3,11,13,888
11.5,3,11,14,891
11.5,3,11,15,893
11.5,3,12,0,856
11.5,3,12,1,858
11.5,3,12,2,861
11.5,3,12,3,864
11.5,3,12,4,867
11.5,3,12,5,869
11.5,3,12,6,872
11.5,3,12,7,875
11.5,3,12,8,877
11.5,3,12,9,880
11.5,3,12,10,883
11.5,3,12,11,885
11.5,3,12,12,888
11.5,3,12,13,891
11.5,3,12,14,893
11.5,3,12,15,896
11.5,3,13,0,858
11.5,3,13,1,861
11.5,3,13,2,864
11.5,3,13,3,866
11.5,3,13,4,869
11.5,3,13,5,872
11.5,3,13,6,875
11.5,3,13,7,877
11.5,3,13,8,880
11.5,3,13,9,883
11.5,3,13,10,885
11.5,3,13,11,888
11.5,3,13,12,891
11.5,3,13,13,893
11.5,3,13,14,896
11.5,3,13,15,899
11.5,3,14,0,861
11.5,3,14,1,864
11.5,3,14,2,866
11.5,3,14,3,869
11.5,3,14,4,872
11.5,3,14,5,875
11.5,3,14,6,877
11.5,3,14,7,880
11.5,3,14,8,883
11.5,3,14,9,885
11.5,3,14,10,888
11.5,3,14,11,891
11.5,3,14,12,894
11.5,3,14,13,896
11.5,3,14,14,899
11.5,3,14,15,902
11.5,3,15,0,863
11.5,3,15,1,866
11.5,3,15,2,869
11.5,3,15,3,872
11.5,3,15,4,875
11.5,3,15,5,877
11.5,3,15,6,880
11.5,3,15,7,883
11.5,3,15,8,885
11.5,3,15,9,888
11.5,3,15,10,891
11.5,3,15,11,894
11.5,3,15,12,896
11.5,3,15,13,899
11.5,3,15,14,902
11.5,3,15,15,904
11.5,4,0,0,826
11.5,4,0,1,829
11.5,4,0,2,831
11.5,4,0,3,834
11.5,4,0,4,837
11.5,4,0,5,839
11.5,4,0,6,842
11.5,4,0,7,845
11.5,4,0,8,847
11.5,4,0,9,850
11.5,4,0,10,852
11.5,4,0,11,855
11.5,4,0,12,858
11.5,4,0,13,860
11.5,4,0,14,863
11.5,4,0,15,865
11.5,4,1,0,829
11.5,4,1,1,832
11.5,4,1,2,834
11.5,4,1,3,837
11.5,4,1,4,840
11.5,4,1,5,842
11.5,4,1,6,845
11.5,4,1,7,847
11.5,4,1,8,850
11.5,4,1,9,853
11.5,4,1,10,855
11.5,4,1,11,858
11.5,4,1,12,860
11.5,4,1,13,863
11.5,4,1,14,866
11.5,4,1,15,868
11.5,4,2,0,832
11.5,4,2,1,834
11.5,4,2,2,837
11.5,4,2,3,840
11.5,4,2,4,842
11.5,4,2,5,845
11.5,4,2,6,848
11.5,4,2,7,850
11.5,4,2,8,853
11.5,4,2,9,855
11.5,4,2,10,858
11.5,4,2,11,861
11.5,4,2,12,863
11.5,4,2,13,866
11.5,4,2,14,868
11.5,4,2,15,871
11.5,4,3,0,834
11.5,4,3,1,837
11.5,4,3,2,840
11.5,4,3,3,842
11.5,4,3,4,845
11.5,4,3,5,848
11.5,4,3,6,850
11.5,4,3,7,853
11.5,4,3,8,856
11.5,4,3,9,858
11.5,4,3,10,861
11.5,4,3,11,864
11.5,4,3,12,866
11.5,4,3,13,869
11.5,4,3,14,871
11.5,4,3,15,874
11.5,4,4,0,837
11.5,4,4,1,840
11.5,4,4,2,843
11.5,4,4,3,845
11.5,4,4,4,848
11.5,4,4,5,851
11.5,4,4,6,853
11.5,4,4,7,856
11.5,4,4,8,859
11.5,4,4,9,861
11.5,4,4,10,864
11.5,4,4,11,866
11.5,4,4,12,869
11.5,4,4,13,872
11.5,4,4,14,874
11.5,4,4,15,877
11.5,4,5,0,840
11.5,4,5,1,843
11.5,4,5,2,845
11.5,4,5,3,848
11.5,4,5,4,851
11.5,4,5,5,853
11.5,4,5,6,856
11.5,4,5,7,859
11.5,4,5,8,861
11.5,4,5,9,864
11.5,4,5,10,867
11.5,4,5,11,869
11.5,4,5,12,872
11.5,4,5,13,874
11.5,4,5,14,877
11.5,4,5,15,880
11.5,4,6,0,843
11.5,4,6,1,845
11.5,4,6,2,848
11.5,4,6,3,851
11.5,4,6,4,853
11.5,4,6,5,856
11.5,4,6,6,859
11.5,4,6,7,861
11.5,4,6,8,864
11.5,4,6,9,867
11.5,4,6,10,869
11.5,4,6,11,872
11.5,4,6,12,875
11.5,4,6,13,877
11.5,4,6,14,880
11.5,4,6,15,882
11.5,4,7,0,845
11.5,4,7,1,848
11.5,4,7,2,851
11.5,4,7,3,853
11.5,4,7,4,856
11.5,4,7,5,859
11.5,4,7,6,862
11.5,4,7,7,864
11.5,4,7,8,867
11.5,4,7,9,870
11.5,4,7,10,872
11.5,4,7,11,875
11.5,4,7,12,877
11.5,4,7,13,880
11.5,4,7,14,883
11.5,4,7,15,885
11.5,4,8,0,848
11.5,4,8,1,851
11.5,4,8,2,853
11.5,4,8,3,856
11.5,4,8,4,859
11.5,4,8,5,862
11.5,4,8,6,864
11.5,4,8,7,867
11.5,4,8,8,870
11.5,4,8,9,872
11.5,4,8,10,875
11.5,4,8,11,878
11.5,4,8,12,880
11.5,4,8,13,883
11.5,4,8,14,886
11.5,4,8,15,888
11.5,4,9,0,851
11.5,4,9,1,853
11.5,4,9,2,856
11.5,4,9,3,859
11.5,4,9,4,862
11.5,4,9,5,864
11.5,4,9,6,867
11.5,4,9,7,870
11.5,4,9,8,872
11.5,4,9,9,875
11.5,4,9,10,878
11.5,4,9,11,880
11.5,4,9,12,883
11.5,4,9,13,886
11.5,4,9,14,888
11.5,4,9,15,891
11.5,4,10,0,853
11.5,4,10,1,856
11.5,4,10,2,859
11.5,4,10,3,862
11.5,4,10,4,864
11.5,4,10,5,867
11.5,4,10,6,870
11.5,4,10,7,872
11.5,4,10,8,875
11.5,4,10,9,878
11.5,4,10,10,881
11.5,4,10,11,883
11.5,4,10,12,886
11.5,4,10,13,889
11.5,4,10,14,891
11.5,4,10,15,894
11.5,4,11,0,856
11.5,4,11,1,859
11.5,4,11,2,862
11.5,4,11,3,864
11.5,4,11,4,867
11.5,4,11,5,870
11.5,4,11,6,873
11.5,4,11,7,875
11.5,4,11,8,878
11.5,4,11,9,881
11.5,4,11,10,883
11.5,4,11,11,886
11.5,4,11,12,889
11.5,4,11,13,891
11.5,4,11,14,894
11.5,4,11,15,897
11.5,4,12,0,859
11.5,4,12,1,862
11.5,4,12,2,864
11.5,4,12,3,867
11.5,4,12,4,870
11.5,4,12,5,873
11.5,4,12,6,875
11.5,4,12,7,878
11.5,4,12,8,881
11.5,4,12,9,883
11.5,4,12,10,886
11.5,4,12,11,889
11.5,4,12,12,891
11.5,4,12,13,894
11.5,4,12,14,897
11.5,4,12,15,899
11.5,4,13,0,861
11.5,4,13,1,864
11.5,4,13,2,867
11.5,4,13,3,870
11.5,4,13,4,872
11.5,4,13,5,875
11.5,4,13,6,878
11.5,4,13,7,881
11.5,4,13,8,883
11.5,4,13,9,886
11.5,4,13,10,889
11.5,4,13,11,892
11.5,4,13,12,894
11.5,4,13,13,897
11.5,4,13,14,900
11.5,4,13,15,902
11.5,4,14,0,864
11.5,4,14,1,867
11.5,4,14,2,870
11.5,4,14,3,872
11.5,4,14,4,875
11.5,4,14,5,878
11.5,4,14,6,881
11.5,4,14,7,883
11.5,4,14,8,886
11.5,4,14,9,889
11.5,4,14,10,892
11.5,4,14,11,894
11.5,4,14,12,897
11.5,4,14,13,900
11.5,4,14,14,902
11.5,4,14,15,905
11.5,4,15,0,867
11.5,4,15,1,870
11.5,4,15,2,872
11.5,4,15,3,875
11.5,4,15,4,878
11.5,4,15,5,881
11.5,4,15,6,883
11.5,4,15,7,886
11.5,4,15,8,889
11.5,4,15,9,892
11.5,4,15,10,894
11.5,4,15,11,897
11.5,4,15,12,900
11.5,4,15,13,902
11.5,4,15,14,905
11.5,4,15,15,908
11.5,5,0,0,829
11.5,5,0,1,832
11.5,5,0,2,835
11.5,5,0,3,837
11.5,5,0,4,840
11.5,5,0,5,843
11.5,5,0,6,845
11.5,5,0,7,848
11.5,5,0,8,850
11.5,5,0,9,853
11.5,5,0,10,856
11.5,5,0,11,858
11.5,5,0,12,861
11.5,5,0,13,863
11.5,5,0,14,866
11.5,5,0,15,868
11.5,5,1,0,832
11.5,5,1,1,835
11.5,5,1,2,837
11.5,5,1,3,840
11.5,5,1,4,843
11.5,5,1,5,845
11.5,5,1,6,848
11.5,5,1,7,851
11.5,5,1,8,853
11.5,5,1,9,856
11.5,5,1,10,858
11.5,5,1,11,861
11.5,5,1,12,864
11.5,5,1,13,866
11.5,5,1,14,869
11.5,5,1,15,871
11.5,5,2,0,835
11.5,5,2,1,837
11.5,5,2,2,840
11.5,5,2,3,843
11.5,5,2,4,846
11.5,5,2,5,848
11.5,5,2,6,851
11.5,5,2,7,853
11.5,5,2,8,856
11.5,5,2,9,859
11.5,5,2,10,861
11.5,5,2,11,864
11.5,5,2,12,867
11.5,5,2,13,869
11.5,5,2,14,872
11.5,5,2,15,874
11.5,5,3,0,838
11.5,5,3,1,840
11.5,5,3,2,843
11.5,5,3,3,846
11.5,5,3,4,848
11.5,5,3,5,851
11.5,5,3,6,854
11.5,5,3,7,856
11.5,5,3,8,859
11.5,5,3,9,862
11.5,5,3,10,864
11.5,5,3,11,867
11.5,5,3,12,869
11.5,5,3,13,872
11.5,5,3,14,875
11.5,5,3,15,877
11.5,5,4,0,840
11.5,5,4,1,843
11.5,5,4,2,846
11.5,5,4,3,848
11.5,5,4,4,851
11.5,5,4,5,854
11.5,5,4,6,856
11.5,5,4,7,859
11.5,5,4,8,862
11.5,5,4,9,864
11.5,5,4,10,867
11.5,5,4,11,870
11.5,5,4,12,872
11.5,5,4,13,875
11.5,5,4,14,877
11.5,5,4,15,880
11.5,5,5,0,843
11.5,5,5,1,846
11.5,5,5,2,848
11.5,5,5,3,851
11.5,5,5,4,854
11.5,5,5,5,857
11.5,5,5,6,859
11.5,5,5,7,862
11.5,5,5,8,865
11.5,5,5,9,867
11.5,5,5,10,870
11.5,5,5,11,872
11.5,5,5,12,875
11.5,5,5,13,878
11.5,5,5,14,880
11.5,5,5,15,883
11.5,5,6,0,846
11.5,5,6,1,849
11.5,5,6,2,851
11.5,5,6,3,854
11.5,5,6,4,857
11.5,5,6,5,859
11.5,5,6,6,862
11.5,5,6,7,865
11.5,5,6,8,867
11.5,5,6,9,870
11.5,5,6,10,873
11.5,5,6,11,875
11.5,5,6,12,878
11.5,5,6,13,881
11.5,5,6,14,883
11.5,5,6,15,886
11.5,5,7,0,849
11.5,5,7,1,851
11.5,5,7,2,854
11.5,5,7,3,857
11.5,5,7,4,859
11.5,5,7,5,862
11.5,5,7,6,865
11.5,5,7,7,867
11.5,5,7,8,870
11.5,5,7,9,873
11.5,5,7,10,875
11.5,5,7,11,878
11.5,5,7,12,881
11.5,5,7,13,883
11.5,5,7,14,886
11.5,5,7,15,889
11.5,5,8,0,851
11.5,5,8,1,854
11.5,5,8,2,857
11.5,5,8,3,859
11.5,5,8,4,862
11.5,5,8,5,865
11.5,5,8,6,868
11.5,5,8,7,870
11.5,5,8,8,873
11.5,5,8,9,876
11.5,5,8,10,878
11.5,5,8,11,881
11.5,5,8,12,884
11.5,5,8,13,886
11.5,5,8,14,889
11.5,5,8,15,892
11.5,5,9,0,854
11.5,5,9,1,857
11.5,5,9,2,859
11.5,5,9,3,862
11.5,5,9,4,865
11.5,5,9,5,868
11.5,5,9,6,870
11.5,5,9,7,873
11.5,5,9,8,876
11.5,5,9,9,878
11.5,5,9,10,881
11.5,5,9,11,884
11.5,5,9,12,886
11.5,5,9,13,889
11.5,5,9,14,892
11.5,5,9,15,894
11.5,5,10,0,857
11.5,5,10,1,859
11.5,5,10,2,862
11.5,5,10,3,865
11.5,5,10,4,868
11.5,5,10,5,870
11.5,5,10,6,873
11.5,5,10,7,876
11.5,5,10,8,878
11.5,5,10,9,881
11.5,5,10,10,884
11.5,5,10,11,887
11.5,5,10,12,889
11.5,5,10,13,892
11.5,5,10,14,895
11.5,5,10,15,897
11.5,5,11,0,859
11.5,5,11,1,862
11.5,5,11,2,865
11.5,5,11,3,868
11.5,5,11,4,870
11.5,5,11,5,873
11.5,5,11,6,876
11.5,5,11,7,879
11.5,5,11,8,881
11.5,5,11,9,884
11.5,5,11,10,887
11.5,5,11,11,889
11.5,5,11,12,892
11.5,5,11,13,895
11.5,5,11,14,897
11.5,5,11,15,900
11.5,5,12,0,862
11.5,5,12,1,865
11.5,5,12,2,868
11.5,5,12,3,870
11.5,5,12,4,873
11.5,5,12,5,876
11.5,5,12,6,879
11.5,5,12,7,881
11.5,5,12,8,884
11.5,5,12,9,887
11.5,5,12,10,889
11.5,5,12,11,892
11.5,5,12,12,895
11.5,5,12,13,897
11.5,5,12,14,900
11.5,5,12,15,903
11.5,5,13,0,865
11.5,5,13,1,867
11.5,5,13,2,870
11.5,5,13,3,873
11.5,5,13,4,876
11.5,5,13,5,879
11.5,5,13,6,881
11.5,5,13,7,884
11.5,5,13,8,887
11.5,5,13,9,889
11.5,5,13,10,892
11.5,5,13,11,895
11.5,5,13,12,898
11.5,5,13,13,900
11.5,5,13,14,903
11.5,5,13,15,906
11.5,5,14,0,867
11.5,5,14,1,870
11.5,5,14,2,873
11.5,5,14,3,876
11.5,5,14,4,878
11.5,5,14,5,881
11.5,5,14,6,884
11.5,5,14,7,887
11.5,5,14,8,889
11.5,5,14,9,892
11.5,5,14,10,895
11.5,5,14,11,898
11.5,5,14,12,900
11.5,5,14,13,903
11.5,5,14,14,906
11.5,5,14,15,908
11.5,5,15,0,870
11.5,5,15,1,873
11.5,5,15,2,876
11.5,5,15,3,878
11.5,5,15,4,881
11.5,5,15,5,884
11.5,5,15,6,887
11.5,5,15,7,889
11.5,5,15,8,892
11.5,5,15,9,895
11.5,5,15,10,898
11.5,5,15,11,900
11.5,5,15,12,903
11.5,5,15,13,906
11.5,5,15,14,908
11.5,5,15,15,911
11.5,6,0,0,832
11.5,6,0,1,835
11.5,6,0,2,838
11.5,6,0,3,840
11.5,6,0,4,843
11.5,6,0,5,846
11.5,6,0,6,848
11.5,6,0,7,851
11.5,6,0,8,854
11.5,6,0,9,856
11.5,6,0,10,859
11.5,6,0,11,861
11.5,6,0,12,864
11.5,6,0,13,867
11.5,6,0,14,869
11.5,6,0,15,872
11.5,6,1,0,835
11.5,6,1,1,838
11.5,6,1,2,841
11.5,6,1,3,843
11.5,6,1,4,846
11.5,6,1,5,849
11.5,6,1,6,851
11.5,6,1,7,854
11.5,6,1,8,856
11.5,6,1,9,859
11.5,6,1,10,862
11.5,6,1,11,864
11.5,6,1,12,867
11.5,6,1,13,870
11.5,6,1,14,872
11.5,6,1,15,875
11.5,6,2,0,838
11.5,6,2,1,841
11.5,6,2,2,843
11.5,6,2,3,846
11.5,6,2,4,849
11.5,6,2,5,851
11.5,6,2,6,854
11.5,6,2,7,857
11.5,6,2,8,859
11.5,6,2,9,862
11.5,6,2,10,865
11.5,6,2,11,867
11.5,6,2,12,870
11.5,6,2,13,872
11.5,6,2,14,875
11.5,6,2,15,878
11.5,6,3,0,841
11.5,6,3,1,843
11.5,6,3,2,846
11.5,6,3,3,849
11.5,6,3,4,852
11.5,6,3,5,854
11.5,6,3,6,857
11.5,6,3,7,860
11.5,6,3,8,862
11.5,6,3,9,865
11.5,6,3,10,867
11.5,6,3,11,870
11.5,6,3,12,873
11.5,6,3,13,875
11.5,6,3,14,878
11.5,6,3,15,880
11.5,6,4,0,843
11.5,6,4,1,846
11.5,6,4,2,849
11.5,6,4,3,852
11.5,6,4,4,854
11.5,6,4,5,857
11.5,6,4,6,860
11.5,6,4,7,862
11.5,6,4,8,865
11.5,6,4,9,868
11.5,6,4,10,870
11.5,6,4,11,873
11.5,6,4,12,876
11.5,6,4,13,878
11.5,6,4,14,881
11.5,6,4,15,883
11.5,6,5,0,846
11.5,6,5,1,849
11.5,6,5,2,852
11.5,6,5,3,854
11.5,6,5,4,857
11.5,6,5,5,860
11.5,6,5,6,862
11.5,6,5,7,865
11.5,6,5,8,868
11.5,6,5,9,870
11.5,6,5,10,873
11.5,6,5,11,876
11.5,6,5,12,878
11.5,6,5,13,881
11.5,6,5,14,884
11.5,6,5,15,886
11.5,6,6,0,849
11.5,6,6,1,852
11.5,6,6,2,854
11.5,6,6,3,857
11.5,6,6,4,860
11.5,6,6,5,863
11.5,6,6,6,865
11.5,6,6,7,868
11.5,6,6,8,871
11.5,6,6,9,873
11.5,6,6,10,876
11.5,6,6,11,879
11.5,6,6,12,881
11.5,6,6,13,884
11.5,6,6,14,887
11.5,6,6,15,889
11.5,6,7,0,852
11.5,6,7,1,854
11.5,6,7,2,857
11.5,6,7,3,860
11.5,6,7,4,863
11.5,6,7,5,865
11.5,6,7,6,868
11.5,6,7,7,871
11.5,6,7,8,873
11.5,6,7,9,876
11.5,6,7,10,879
11.5,6,7,11,881
11.5,6,7,12,884
11.5,6,7,13,887
11.5,6,7,14,889
11.5,6,7,15,892
11.5,6,8,0,854
11.5,6,8,1,857
11.5,6,8,2,860
11.5,6,8,3,863
11.5,6,8,4,865
11.5,6,8,5,868
11.5,6,8,6,871
11.5,6,8,7,874
11.5,6,8,8,876
11.5,6,8,9,879
11.5,6,8,10,882
11.5,6,8,11,884
11.5,6,8,12,887
11.5,6,8,13,890
11.5,6,8,14,892
11.5,6,8,15,895
11.5,6,9,0,857
11.5,6,9,1,860
11.5,6,9,2,863
11.5,6,9,3,865
11.5,6,9,4,868
11.5,6,9,5,871
11.5,6,9,6,874
11.5,6,9,7,876
11.5,6,9,8,879
11.5,6,9,9,882
11.5,6,9,10,884
11.5,6,9,11,887
11.5,6,9,12,890
11.5,6,9,13,892
11.5,6,9,14,895
11.5,6,9,15,898
11.5,6,10,0,860
11.5,6,10,1,863
11.5,6,10,2,865
11.5,6,10,3,868
11.5,6,10,4,871
11.5,6,10,5,874
11.5,6,10,6,876
11.5,6,10,7,879
11.5,6,10,8,882
11.5,6,10,9,884
11.5,6,10,10,887
11.5,6,10,11,890
11.5,6,10,12,893
11.5,6,10,13,895
11.5,6,10,14,898
11.5,6,10,15,901
11.5,6,11,0,863
11.5,6,11,1,865
11.5,6,11,2,868
11.5,6,11,3,871
11.5,6,11,4,874
11.5,6,11,5,876
11.5,6,11,6,879
11.5,6,11,7,882
11.5,6,11,8,885
11.5,6,11,9,887
11.5,6,11,10,890
11.5,6,11,11,893
11.5,6,11,12,895
11.5,6,11,13,898
11.5,6,11,14,901
11.5,6,11,15,903
11.5,6,12,0,865
11.5,6,12,1,868
11.5,6,12,2,871
11.5,6,12,3,874
11.5,6,12,4,876
11.5,6,12,5,879
11.5,6,12,6,882
11.5,6,12,7,885
11.5,6,12,8,887
11.5,6,12,9,890
11.5,6,12,10,893
11.5,6,12,11,895
11.5,6,12,12,898
11.5,6,12,13,901
11.5,6,12,14,904
11.5,6,12,15,906
11.5,6,13,0,868
11.5,6,13,1,871
11.5,6,13,2,874
11.5,6,13,3,876
11.5,6,13,4,879
11.5,6,13,5,882
11.5,6,13,6,885
11.5,6,13,7,887
11.5,6,13,8,890
11.5,6,13,9,893
11.5,6,13,10,896
11.5,6,13,11,898
11.5,6,13,12,901
11.5,6,13,13,904
11.5,6,13,14,906
11.5,6,13,15,909
11.5,6,14,0,871
11.5,6,14,1,873
11.5,6,14,2,876
11.5,6,14,3,879
11.5,6,14,4,882
11.5,6,14,5,885
11.5,6,14,6,887
11.5,6,14,7,890
11.5,6,14,8,893
11.5,6,14,9,896
11.5,6,14,10,898
11.5,6,14,11,901
11.5,6,14,12,904
11.5,6,14,13,906
11.5,6,14,14,909
11.5,6,14,15,912
11.5,6,15,0,873
11.5,6,15,1,876
11.5,6,15,2,879
11.5,6,15,3,882
11.5,6,15,4,884
11.5,6,15,5,887
11.5,6,15,6,890
11.5,6,15,7,893
11.5,6,15,8,896
11.5,6,15,9,898
11.5,6,15,10,901
11.5,6,15,11,904
11.5,6,15,12,906
11.5,6,15,13,909
11.5,6,15,14,912
11.5,6,15,15,915
11.5,7,0,0,835
11.5,7,0,1,838
11.5,7,0,2,841
11.5,7,0,3,844
11.5,7,0,4,846
11.5,7,0,5,849
11.5,7,0,6,852
11.5,7,0,7,854
11.5,7,0,8,857
11.5,7,0,9,859
11.5,7,0,10,862
11.5,7,0,11,865
11.5,7,0,12,867
11.5,7,0,13,870
11.5,7,0,14,872
11.5,7,0,15,875
11.5,7,1,0,838
11.5,7,1,1,841
11.5,7,1,2,844
11.5,7,1,3,846
11.5,7,1,4,849
11.5,7,1,5,852
11.5,7,1,6,854
11.5,7,1,7,857
11.5,7,1,8,860
11.5,7,1,9,862
11.5,7,1,10,865
11.5,7,1,11,868
11.5,7,1,12,870
11.5,7,1,13,873
11.5,7,1,14,875
11.5,7,1,15,878
11.5,7,2,0,841
11.5,7,2,1,844
11.5,7,2,2,847
11.5,7,2,3,849
11.5,7,2,4,852
11.5,7,2,5,855
11.5,7,2,6,857
11.5,7,2,7,860
11.5,7,2,8,863
11.5,7,2,9,865
11.5,7,2,10,868
11.5,7,2,11,870
11.5,7,2,12,873
11.5,7,2,13,876
11.5,7,2,14,878
11.5,7,2,15,881
11.5,7,3,0,844
11.5,7,3,1,847
11.5,7,3,2,849
11.5,7,3,3,852
11.5,7,3,4,855
11.5,7,3,5,857
11.5,7,3,6,860
11.5,7,3,7,863
11.5,7,3,8,865
11.5,7,3,9,868
11.5,7,3,10,871
11.5,7,3,11,873
11.5,7,3,12,876
11.5,7,3,13,879
11.5,7,3,14,881
11.5,7,3,15,884
11.5,7,4,0,847
11.5,7,4,1,849
11.5,7,4,2,852
11.5,7,4,3,855
11.5,7,4,4,858
11.5,7,4,5,860
11.5,7,4,6,863
11.5,7,4,7,866
11.5,7,4,8,868
11.5,7,4,9,871
11.5,7,4,10,874
11.5,7,4,11,876
11.5,7,4,12,879
11.5,7,4,13,881
11.5,7,4,14,884
11.5,7,4,15,887
11.5,7,5,0,849
11.5,7,5,1,852
11.5,7,5,2,855
11.5,7,5,3,858
11.5,7,5,4,860
11.5,7,5,5,863
11.5,7,5,6,866
11.5,7,5,7,868
11.5,7,5,8,871
11.5,7,5,9,874
11.5,7,5,10,876
11.5,7,5,11,879
11.5,7,5,12,882
11.5,7,5,13,884
11.5,7,5,14,887
11.5,7,5,15,890
11.5,7,6,0,852
11.5,7,6,1,855
11.5,7,6,2,858
11.5,7,6,3,860
11.5,7,6,4,863
11.5,7,6,5,866
11.5,7,6,6,869
11.5,7,6,7,871
11.5,7,6,8,874
11.5,7,6,9,877
11.5,7,6,10,879
11.5,7,6,11,882
11.5,7,6,12,885
11.5,7,6,13,887
11.5,7,6,14,890
11.5,7,6,15,892
11.5,7,7,0,855
11.5,7,7,1,858
11.5,7,7,2,860
11.5,7,7,3,863
11.5,7,7,4,866
11.5,7,7,5,869
11.5,7,7,6,871
11.5,7,7,7,874
11.5,7,7,8,877
11.5,7,7,9,879
11.5,7,7,10,882
11.5,7,7,11,885
11.5,7,7,12,887
11.5,7,7,13,890
11.5,7,7,14,893
11.5,7,7,15,895
11.5,7,8,0,858
11.5,7,8,1,860
11.5,7,8,2,863
11.5,7,8,3,866
11.5,7,8,4,869
11.5,7,8,5,871
11.5,7,8,6,874
11.5,7,8,7,877
11.5,7,8,8,880
11.5,7,8,9,882
11.5,7,8,10,885
11.5,7,8,11,888
11.5,7,8,12,890
11.5,7,8,13,893
11.5,7,8,14,896
11.5,7,8,15,898
11.5,7,9,0,860
11.5,7,9,1,863
11.5,7,9,2,866
11.5,7,9,3,869
11.5,7,9,4,871
11.5,7,9,5,874
11.5,7,9,6,877
11.5,7,9,7,880
11.5,7,9,8,882
11.5,7,9,9,885
11.5,7,9,10,888
11.5,7,9,11,890
11.5,7,9,12,893
11.5,7,9,13,896
11.5,7,9,14,898
11.5,7,9,15,901
11.5,7,10,0,863
11.5,7,10,1,866
11.5,7,10,2,869
11.5,7,10,3,871
11.5,7,10,4,874
11.5,7,10,5,877
11.5,7,10,6,880
11.5,7,10,7,882
11.5,7,10,8,885
11.5,7,10,9,888
11.5,7,10,10,891
11.5,7,10,11,893
11.5,7,10,12,896
11.5,7,10,13,899
11.5,7,10,14,901
11.5,7,10,15,904
11.5,7,11,0,866
11.5,7,11,1,869
11.5,7,11,2,871
11.5,7,11,3,874
11.5,7,11,4,877
11.5,7,11,5,880
11.5,7,11,6,882
11.5,7,11,7,885
11.5,7,11,8,888
11.5,7,11,9,891
11.5,7,11,10,893
11.5,7,11,11,896
11.5,7,11,12,899
11.5,7,11,13,901
11.5,7,11,14,904
11.5,7,11,15,907
11.5,7,12,0,869
11.5,7,12,1,871
11.5,7,12,2,874
11.5,7,12,3,877
11.5,7,12,4,880
11.5,7,12,5,882
11.5,7,12,6,885
11.5,7,12,7,888
11.5,7,12,8,891
11.5,7,12,9,893
11.5,7,12,10,896
11.5,7,12,11,899
11.5,7,12,12,902
11.5,7,12,13,904
11.5,7,12,14,907
11.5,7,12,15,910
11.5,7,13,0,871
11.5,7,13,1,874
11.5,7,13,2,877
11.5,7,13,3,880
11.5,7,13,4,882
11.5,7,13,5,885
11.5,7,13,6,888
11.5,7,13,7,891
11.5,7,13,8,893
11.5,7,13,9,896
11.5,7,13,10,899
11.5,7,13,11,902
11.5,7,13,12,904
11.5,7,13,13,907
11.5,7,13,14,910
11.5,7,13,15,912
11.5,7,14,0,874
11.5,7,14,1,877
11.5,7,14,2,880
11.5,7,14,3,882
11.5,7,14,4,885
11.5,7,14,5,888
11.5,7,14,6,891
11.5,7,14,7,893
11.5,7,14,8,896
11.5,7,14,9,899
11.5,7,14,10,902
11.5,7,14,11,904
11.5,7,14,12,907
11.5,7,14,13,910
11.5,7,14,14,913
11.5,7,14,15,915
11.5,7,15,0,877
11.5,7,15,1,879
11.5,7,15,2,882
11.5,7,15,3,885
11.5,7,15,4,888
11.5,7,15,5,891
11.5,7,15,6,893
11.5,7,15,7,896
11.5,7,15,8,899
11.5,7,15,9,902
11.5,7,15,10,904
11.5,7,15,11,907
11.5,7,15,12,910
11.5,7,15,13,913
11.5,7,15,14,915
11.5,7,15,15,918
11.5,8,0,0,839
11.5,8,0,1,841
11.5,8,0,2,844
11.5,8,0,3,847
11.5,8,0,4,849
11.5,8,0,5,852
11.5,8,0,6,855
11.5,8,0,7,857
11.5,8,0,8,860
11.5,8,0,9,863
11.5,8,0,10,865
11.5,8,0,11,868
11.5,8,0,12,870
11.5,8,0,13,873
11.5,8,0,14,876
11.5,8,0,15,878
11.5,8,1,0,841
11.5,8,1,1,844
11.5,8,1,2,847
11.5,8,1,3,850
11.5,8,1,4,852
11.5,8,1,5,855
11.5,8,1,6,858
11.5,8,1,7,860
11.5,8,1,8,863
11.5,8,1,9,866
11.5,8,1,10,868
11.5,8,1,11,871
11.5,8,1,12,873
11.5,8,1,13,876
11.5,8,1,14,879
11.5,8,1,15,881
11.5,8,2,0,844
11.5,8,2,1,847
11.5,8,2,2,850
11.5,8,2,3,852
11.5,8,2,4,855
11.5,8,2,5,858
11.5,8,2,6,860
11.5,8,2,7,863
11.5,8,2,8,866
11.5,8,2,9,868
11.5,8,2,10,871
11.5,8,2,11,874
11.5,8,2,12,876
11.5,8,2,13,879
11.5,8,2,14,882
11.5,8,2,15,884
11.5,8,3,0,847
11.5,8,3,1,850
11.5,8,3,2,852
11.5,8,3,3,855
11.5,8,3,4,858
11.5,8,3,5,861
11.5,8,3,6,863
11.5,8,3,7,866
11.5,8,3,8,869
11.5,8,3,9,871
11.5,8,3,10,874
11.5,8,3,11,877
11.5,8,3,12,879
11.5,8,3,13,882
11.5,8,3,14,884
11.5,8,3,15,887
11.5,8,4,0,850
11.5,8,4,1,853
11.5,8,4,2,855
11.5,8,4,3,858
11.5,8,4,4,861
11.5,8,4,5,863
11.5,8,4,6,866
11.5,8,4,7,869
11.5,8,4,8,871
11.5,8,4,9,874
11.5,8,4,10,877
11.5,8,4,11,879
11.5,8,4,12,882
11.5,8,4,13,885
11.5,8,4,14,887
11.5,8,4,15,890
11.5,8,5,0,853
11.5,8,5,1,855
11.5,8,5,2,858
11.5,8,5,3,861
11.5,8,5,4,864
11.5,8,5,5,866
11.5,8,5,6,869
11.5,8,5,7,872
11.5,8,5,8,874
11.5,8,5,9,877
11.5,8,5,10,880
11.5,8,5,11,882
11.5,8,5,12,885
11.5,8,5,13,888
11.5,8,5,14,890
11.5,8,5,15,893
11.5,8,6,0,855
11.5,8,6,1,858
11.5,8,6,2,861
11.5,8,6,3,864
11.5,8,6,4,866
11.5,8,6,5,869
11.5,8,6,6,872
11.5,8,6,7,874
11.5,8,6,8,877
11.5,8,6,9,880
11.5,8,6,10,883
11.5,8,6,11,885
11.5,8,6,12,888
11.5,8,6,13,891
11.5,8,6,14,893
11.5,8,6,15,896
11.5,8,7,0,858
11.5,8,7,1,861
11.5,8,7,2,864
11.5,8,7,3,866
11.5,8,7,4,869
11.5,8,7,5,872
11.5,8,7,6,875
11.5,8,7,7,877
11.5,8,7,8,880
11.5,8,7,9,883
11.5,8,7,10,885
11.5,8,7,11,888
11.5,8,7,12,891
11.5,8,7,13,893
11.5,8,7,14,896
11.5,8,7,15,899
11.5,8,8,0,861
11.5,8,8,1,864
11.5,8,8,2,866
11.5,8,8,3,869
11.5,8,8,4,872
11.5,8,8,5,875
11.5,8,8,6,877
11.5,8,8,7,880
11.5,8,8,8,883
11.5,8,8,9,886
11.5,8,8,10,888
11.5,8,8,11,891
11.5,8,8,12,894
11.5,8,8,13,896
11.5,8,8,14,899
11.5,8,8,15,902
11.5,8,9,0,864
11.5,8,9,1,866
11.5,8,9,2,869
11.5,8,9,3,872
11.5,8,9,4,875
11.5,8,9,5,877
11.5,8,9,6,880
11.5,8,9,7,883
11.5,8,9,8,886
11.5,8,9,9,888
11.5,8,9,10,891
11.5,8,9,11,894
11.5,8,9,12,896
11.5,8,9,13,899
11.5,8,9,14,902
11.5,8,9,15,904
11.5,8,10,0,866
11.5,8,10,1,869
11.5,8,10,2,872
11.5,8,10,3,875
11.5,8,10,4,877
11.5,8,10,5,880
11.5,8,10,6,883
11.5,8,10,7,886
11.5,8,10,8,888
11.5,8,10,9,891
11.5,8,10,10,894
11.5,8,10,11,897
11.5,8,10,12,899
11.5,8,10,13,902
11.5,8,10,14,905
11.5,8,10,15,907
11.5,8,11,0,869
11.5,8,11,1,872
11.5,8,11,2,875
11.5,8,11,3,877
11.5,8,11,4,880
11.5,8,11,5,883
11.5,8,11,6,886
11.5,8,11,7,888
11.5,8,11,8,891
11.5,8,11,9,894
11.5,8,11,10,897
11.5,8,11,11,899
11.5,8,11,12,902
11.5,8,11,13,905
11.5,8,11,14,907
11.5,8,11,15,910
11.5,8,12,0,872
11.5,8,12,1,875
11.5,8,12,2,877
11.5,8,12,3,880
11.5,8,12,4,883
11.5,8,12,5,886
11.5,8,12,6,888
11.5,8,12,7,891
11.5,8,12,8,894
11.5,8,12,9,897
11.5,8,12,10,899
11.5,8,12,11,902
11.5,8,12,12,905
11.5,8,12,13,908
11.5,8,12,14,910
11.5,8,12,15,913
11.5,8,13,0,874
11.5,8,13,1,877
11.5,8,13,2,880
11.5,8,13,3,883
11.5,8,13,4,886
11.5,8,13,5,888
11.5,8,13,6,891
11.5,8,13,7,894
11.5,8,13,8,897
11.5,8,13,9,900
11.5,8,13,10,902
11.5,8,13,11,905
11.5,8,13,12,908
11.5,8,13,13,910
11.5,8,13,14,913
11.5,8,13,15,916
11.5,8,14,0,877
11.5,8,14,1,880
11.5,8,14,2,883
11.5,8,14,3,886
11.5,8,14,4,888
11.5,8,14,5,891
11.5,8,14,6,894
11.5,8,14,7,897
11.5,8,14,8,900
11.5,8,14,9,902
11.5,8,14,10,905
11.5,8,14,11,908
11.5,8,14,12,910
11.5,8,14,13,913
11.5,8,14,14,916
11.5,8,14,15,919
11.5,8,15,0,880
11.5,8,15,1,883
11.5,8,15,2,886
11.5,8,15,3,888
11.5,8,15,4,891
11.5,8,15,5,894
11.5,8,15,6,897
11.5,8,15,7,900
11.5,8,15,8,902
11.5,8,15,9,905
11.5,8,15,10,908
11.5,8,15,11,911
11.5,8,15,12,913
11.5,8,15,13,916
11.5,8,15,14,919
11.5,8,15,15,921
11.5,9,0,0,842
11.5,9,0,1,844
11.5,9,0,2,847
11.5,9,0,3,850
11.5,9,0,4,853
11.5,9,0,5,855
11.5,9,0,6,858
11.5,9,0,7,861
11.5,9,0,8,863
11.5,9,0,9,866
11.5,9,0,10,868
11.5,9,0,11,871
11.5,9,0,12,874
11.5,9,0,13,876
11.5,9,0,14,879
11.5,9,0,15,882
11.5,9,1,0,845
11.5,9,1,1,847
11.5,9,1,2,850
11.5,9,1,3,853
11.5,9,1,4,855
11.5,9,1,5,858
11.5,9,1,6,861
11.5,9,1,7,863
11.5,9,1,8,866
11.5,9,1,9,869
11.5,9,1,10,871
11.5,9,1,11,874
11.5,9,1,12,877
11.5,9,1,13,879
11.5,9,1,14,882
11.5,9,1,15,885
11.5,9,2,0,847
11.5,9,2,1,850
11.5,9,2,2,853
11.5,9,2,3,856
11.5,9,2,4,858
11.5,9,2,5,861
11.5,9,2,6,864
11.5,9,2,7,866
11.5,9,2,8,869
11.5,9,2,9,872
11.5,9,2,10,874
11.5,9,2,11,877
11.5,9,2,12,880
11.5,9,2,13,882
11.5,9,2,14,885
11.5,9,2,15,887
11.5,9,3,0,850
11.5,9,3,1,853
11.5,9,3,2,856
11.5,9,3,3,858
11.5,9,3,4,861
11.5,9,3,5,864
11.5,9,3,6,866
11.5,9,3,7,869
11.5,9,3,8,872
11.5,9,3,9,875
11.5,9,3,10,877
11.5,9,3,11,880
11.5,9,3,12,882
11.5,9,3,13,885
11.5,9,3,14,888
11.5,9,3,15,890
11.5,9,4,0,853
11.5,9,4,1,856
11.5,9,4,2,858
11.5,9,4,3,861
11.5,9,4,4,864
11.5,9,4,5,867
11.5,9,4,6,869
11.5,9,4,7,872
11.5,9,4,8,875
11.5,9,4,9,877
11.5,9,4,10,880
11.5,9,4,11,883
11.5,9,4,12,885
11.5,9,4,13,888
11.5,9,4,14,891
11.5,9,4,15,893
11.5,9,5,0,856
11.5,9,5,1,859
11.5,9,5,2,861
11.5,9,5,3,864
11.5,9,5,4,867
11.5,9,5,5,869
11.5,9,5,6,872
11.5,9,5,7,875
11.5,9,5,8,878
11.5,9,5,9,880
11.5,9,5,10,883
11.5,9,5,11,886
11.5,9,5,12,888
11.5,9,5,13,891
11.5,9,5,14,894
11.5,9,5,15,896
11.5,9,6,0,859
11.5,9,6,1,861
11.5,9,6,2,864
11.5,9,6,3,867
11.5,9,6,4,870
11.5,9,6,5,872
11.5,9,6,6,875
11.5,9,6,7,878
11.5,9,6,8,880
11.5,9,6,9,883
11.5,9,6,10,886
11.5,9,6,11,888
11.5,9,6,12,891
11.5,9,6,13,894
11.5,9,6,14,896
11.5,9,6,15,899
11.5,9,7,0,861
11.5,9,7,1,864
11.5,9,7,2,867
11.5,9,7,3,870
11.5,9,7,4,872
11.5,9,7,5,875
11.5,9,7,6,878
11.5,9,7,7,881
11.5,9,7,8,883
11.5,9,7,9,886
11.5,9,7,10,889
11.5,9,7,11,891
11.5,9,7,12,894
11.5,9,7,13,897
11.5,9,7,14,899
11.5,9,7,15,902
11.5,9,8,0,864
11.5,9,8,1,867
11.5,9,8,2,870
11.5,9,8,3,872
11.5,9,8,4,875
11.5,9,8,5,878
11.5,9,8,6,881
11.5,9,8,7,883
11.5,9,8,8,886
11.5,9,8,9,889
11.5,9,8,10,892
11.5,9,8,11,894
11.5,9,8,12,897
11.5,9,8,13,900
11.5,9,8,14,902
11.5,9,8,15,905
11.5,9,9,0,867
11.5,9,9,1,870
11.5,9,9,2,872
11.5,9,9,3,875
11.5,9,9,4,878
11.5,9,9,5,881
11.5,9,9,6,883
11.5,9,9,7,886
11.5,9,9,8,889
11.5,9,9,9,892
11.5,9,9,10,894
11.5,9,9,11,897
11.5,9,9,12,900
11.5,9,9,13,902
11.5,9,9,14,905
11.5,9,9,15,908
11.5,9,10,0,870
11.5,9,10,1,872
11.5,9,10,2,875
11.5,9,10,3,878
11.5,9,10,4,881
11.5,9,10,5,883
11.5,9,10,6,886
11.5,9,10,7,889
11.5,9,10,8,892
11.5,9,10,9,894
11.5,9,10,10,897
11.5,9,10,11,900
11.5,9,10,12,903
11.5,9,10,13,905
11.5,9,10,14,908
11.5,9,10,15,911
11.5,9,11,0,872
11.5,9,11,1,875
11.5,9,11,2,878
11.5,9,11,3,881
11.5,9,11,4,883
11.5,9,11,5,886
11.5,9,11,6,889
11.5,9,11,7,892
11.5,9,11,8,895
11.5,9,11,9,897
11.5,9,11,10,900
11.5,9,11,11,903
11.5,9,11,12,905
11.5,9,11,13,908
11.5,9,11,14,911
11.5,9,11,15,914
11.5,9,12,0,875
11.5,9,12,1,878
11.5,9,12,2,881
11.5,9,12,3,883
11.5,9,12,4,886
11.5,9,12,5,889
11.5,9,12,6,892
11.5,9,12,7,895
11.5,9,12,8,897
11.5,9,12,9,900
11.5,9,12,10,903
11.5,9,12,11,906
11.5,9,12,12,908
11.5,9,12,13,911
11.5,9,12,14,914
11.5,9,12,15,916
11.5,9,13,0,878
11.5,9,13,1,881
11.5,9,13,2,883
11.5,9,13,3,886
11.5,9,13,4,889
11.5,9,13,5,892
11.5,9,13,6,895
11.5,9,13,7,897
11.5,9,13,8,900
11.5,9,13,9,903
11.5,9,13,10,906
11.5,9,13,11,908
11.5,9,13,12,911
11.5,9,13,13,914
11.5,9,13,14,917
11.5,9,13,15,919
11.5,9,14,0,880
11.5,9,14,1,883
11.5,9,14,2,886
11.5,9,14,3,889
11.5,9,14,4,892
11.5,9,14,5,895
11.5,9,14,6,897
11.5,9,14,7,900
11.5,9,14,8,903
11.5,9,14,9,906
11.5,9,14,10,908
11.5,9,14,11,911
11.5,9,14,12,914
11.5,9,14,13,917
11.5,9,14,14,919
11.5,9,14,15,922
11.5,9,15,0,883
11.5,9,15,1,886
11.5,9,15,2,889
11.5,9,15,3,892
11.5,9,15,4,894
11.5,9,15,5,897
11.5,9,15,6,900
11.5,9,15,7,903
11.5,9,15,8,906
11.5,9,15,9,908
11.5,9,15,10,911
11.5,9,15,11,914
11.5,9,15,12,917
11.5,9,15,13,919
11.5,9,15,14,922
11.5,9,15,15,925
11.5,10,0,0,845
11.5,10,0,1,848
11.5,10,0,2,850
11.5,10,0,3,853
11.5,10,0,4,856
11.5,10,0,5,858
11.5,10,0,6,861
11.5,10,0,7,864
11.5,10,0,8,866
11.5,10,0,9,869
11.5,10,0,10,872
11.5,10,0,11,874
11.5,10,0,12,877
11.5,10,0,13,880
11.5,10,0,14,882
11.5,10,0,15,885
11.5,10,1,0,848
11.5,10,1,1,850
11.5,10,1,2,853
11.5,10,1,3,856
11.5,10,1,4,859
11.5,10,1,5,861
11.5,10,1,6,864
11.5,10,1,7,867
11.5,10,1,8,869
11.5,10,1,9,872
11.5,10,1,10,875
11.5,10,1,11,877
11.5,10,1,12,880
11.5,10,1,13,883
11.5,10,1,14,885
11.5,10,1,15,888
11.5,10,2,0,851
11.5,10,2,1,853
11.5,10,2,2,856
11.5,10,2,3,859
11.5,10,2,4,861
11.5,10,2,5,864
11.5,10,2,6,867
11.5,10,2,7,870
11.5,10,2,8,872
11.5,10,2,9,875
11.5,10,2,10,878
11.5,10,2,11,880
11.5,10,2,12,883
11.5,10,2,13,885
11.5,10,2,14,888
11.5,10,2,15,891
11.5,10,3,0,853
11.5,10,3,1,856
11.5,10,3,2,859
11.5,10,3,3,862
11.5,10,3,4,864
11.5,10,3,5,867
11.5,10,3,6,870
11.5,10,3,7,872
11.5,10,3,8,875
11.5,10,3,9,878
11.5,10,3,10,880
11.5,10,3,11,883
11.5,10,3,12,886
11.5,10,3,13,888
11.5,10,3,14,891
11.5,10,3,15,894
11.5,10,4,0,856
11.5,10,4,1,859
11.5,10,4,2,862
11.5,10,4,3,864
11.5,10,4,4,867
11.5,10,4,5,870
11.5,10,4,6,873
11.5,10,4,7,875
11.5,10,4,8,878
11.5,10,4,9,881
11.5,10,4,10,883
11.5,10,4,11,886
11.5,10,4,12,889
11.5,10,4,13,891
11.5,10,4,14,894
11.5,10,4,15,897
11.5,10,5,0,859
11.5,10,5,1,862
11.5,10,5,2,864
11.5,10,5,3,867
11.5,10,5,4,870
11.5,10,5,5,873
11.5,10,5,6,875
11.5,10,5,7,878
11.5,10,5,8,881
11.5,10,5,9,884
11.5,10,5,10,886
11.5,10,5,11,889
11.5,10,5,12,892
11.5,10,5,13,894
11.5,10,5,14,897
11.5,10,5,15,900
11.5,10,6,0,862
11.5,10,6,1,864
11.5,10,6,2,867
11.5,10,6,3,870
11.5,10,6,4,873
11.5,10,6,5,876
11.5,10,6,6,878
11.5,10,6,7,881
11.5,10,6,8,884
11.5,10,6,9,886
11.5,10,6,10,889
11.5,10,6,11,892
11.5,10,6,12,894
11.5,10,6,13,897
11.5,10,6,14,900
11.5,10,6,15,902
11.5,10,7,0,864
11.5,10,7,1,867
11.5,10,7,2,870
11.5,10,7,3,873
11.5,10,7,4,876
11.5,10,7,5,878
11.5,10,7,6,881
11.5,10,7,7,884
11.5,10,7,8,887
11.5,10,7,9,889
11.5,10,7,10,892
11.5,10,7,11,895
11.5,10,7,12,897
11.5,10,7,13,900
11.5,10,7,14,903
11.5,10,7,15,905
11.5,10,8,0,867
11.5,10,8,1,870
11.5,10,8,2,873
11.5,10,8,3,876
11.5,10,8,4,878
11.5,10,8,5,881
11.5,10,8,6,884
11.5,10,8,7,887
11.5,10,8,8,889
11.5,10,8,9,892
11.5,10,8,10,895
11.5,10,8,11,898
11.5,10,8,12,900
11.5,10,8,13,903
11.5,10,8,14,906
11.5,10,8,15,908
11.5,10,9,0,870
11.5,10,9,1,873
11.5,10,9,2,876
11.5,10,9,3,878
11.5,10,9,4,881
11.5,10,9,5,884
11.5,10,9,6,887
11.5,10,9,7,889
11.5,10,9,8,892
11.5,10,9,9,895
11.5,10,9,10,898
11.5,10,9,11,900
11.5,10,9,12,903
11.5,10,9,13,906
11.5,10,9,14,908
11.5,10,9,15,911
11.5,10,10,0,873
11.5,10,10,1,876
11.5,10,10,2,878
11.5,10,10,3,881
11.5,10,10,4,884
11.5,10,10,5,887
11.5,10,10,6,890
11.5,10,10,7,892
11.5,10,10,8,895
11.5,10,10,9,898
11.5,10,10,10,900
11.5,10,10,11,903
11.5,10,10,12,906
11.5,10,10,13,909
11.5,10,10,14,911
11.5,10,10,15,914
11.5,10,11,0,876
11.5,10,11,1,878
11.5,10,11,2,881
11.5,10,11,3,884
11.5,10,11,4,887
11.5,10,11,5,890
11.5,10,11,6,892
11.5,10,11,7,895
11.5,10,11,8,898
11.5,10,11,9,901
11.5,10,11,10,903
11.5,10,11,11,906
11.5,10,11,12,909
11.5,10,11,13,912
11.5,10,11,14,914
11.5,10,11,15,917
11.5,10,12,0,878
11.5,10,12,1,881
11.5,10,12,2,884
11.5,10,12,3,887
11.5,10,12,4,890
11.5,10,12,5,892
11.5,10,12,6,895
11.5,10,12,7,898
11.5,10,12,8,901
11.5,10,12,9,903
11.5,10,12,10,906
11.5,10,12,11,909
11.5,10,12,12,912
11.5,10,12,13,914
11.5,10,12,14,917
11.5,10,12,15,920
11.5,10,13,0,881
11.5,10,13,1,884
11.5,10,13,2,887
11.5,10,13,3,889
11.5,10,13,4,892
11.5,10,13,5,895
11.5,10,13,6,898
11.5,10,13,7,901
11.5,10,13,8,903
11.5,10,13,9,906
11.5,10,13,10,909
11.5,10,13,11,912
11.5,10,13,12,914
11.5,10,13,13,917
11.5,10,13,14,920
11.5,10,13,15,923
11.5,10,14,0,884
11.5,10,14,1,887
11.5,10,14,2,889
11.5,10,14,3,892
11.5,10,14,4,895
11.5,10,14,5,898
11.5,10,14,6,901
11.5,10,14,7,903
11.5,10,14,8,906
11.5,10,14,9,909
11.5,10,14,10,912
11.5,10,14,11,915
11.5,10,14,12,917
11.5,10,14,13,920
11.5,10,14,14,923
11.5,10,14,15,925
11.5,10,15,0,886
11.5,10,15,1,889
11.5,10,15,2,892
11.5,10,15,3,895
11.5,10,15,4,898
11.5,10,15,5,901
11.5,10,15,6,903
11.5,10,15,7,906
11.5,10,15,8,909
11.5,10,15,9,912
11.5,10,15,10,915
11.5,10,15,11,917
11.5,10,15,12,920
11.5,10,15,13,923
11.5,10,15,14,926
11.5,10,15,15,928
11.5,11,0,0,848
11.5,11,0,1,851
11.5,11,0,2,853
11.5,11,0,3,856
11.5,11,0,4,859
11.5,11,0,5,862
11.5,11,0,6,864
11.5,11,0,7,867
11.5,11,0,8,870
11.5,11,0,9,872
11.5,11,0,10,875
11.5,11,0,11,878
11.5,11,0,12,880
11.5,11,0,13,883
11.5,11,0,14,885
11.5,11,0,15,888
11.5,11,1,0,851
11.5,11,1,1,854
11.5,11,1,2,856
11.5,11,1,3,859
11.5,11,1,4,862
11.5,11,1,5,864
11.5,11,1,6,867
11.5,11,1,7,870
11.5,11,1,8,873
11.5,11,1,9,875
11.5,11,1,10,878
11.5,11,1,11,881
11.5,11,1,12,883
11.5,11,1,13,886
11.5,11,1,14,888
11.5,11,1,15,891
11.5,11,2,0,854
11.5,11,2,1,856
11.5,11,2,2,859
11.5,11,2,3,862
11.5,11,2,4,865
11.5,11,2,5,867
11.5,11,2,6,870
11.5,11,2,7,873
11.5,11,2,8,875
11.5,11,2,9,878
11.5,11,2,10,881
11.5,11,2,11,883
11.5,11,2,12,886
11.5,11,2,13,889
11.5,11,2,14,891
11.5,11,2,15,894
11.5,11,3,0,856
11.5,11,3,1,859
11.5,11,3,2,862
11.5,11,3,3,865
11.5,11,3,4,867
11.5,11,3,5,870
11.5,11,3,6,873
11.5,11,3,7,876
11.5,11,3,8,878
11.5,11,3,9,881
11.5,11,3,10,884
11.5,11,3,11,886
11.5,11,3,12,889
11.5,11,3,13,892
11.5,11,3,14,894
11.5,11,3,15,897
11.5,11,4,0,859
11.5,11,4,1,862
11.5,11,4,2,865
11.5,11,4,3,868
11.5,11,4,4,870
11.5,11,4,5,873
11.5,11,4,6,876
11.5,11,4,7,878
11.5,11,4,8,881
11.5,11,4,9,884
11.5,11,4,10,887
11.5,11,4,11,889
11.5,11,4,12,892
11.5,11,4,13,895
11.5,11,4,14,897
11.5,11,4,15,900
11.5,11,5,0,862
11.5,11,5,1,865
11.5,11,5,2,868
11.5,11,5,3,870
11.5,11,5,4,873
11.5,11,5,5,876
11.5,11,5,6,879
11.5,11,5,7,881
11.5,11,5,8,884
11.5,11,5,9,887
11.5,11,5,10,889
11.5,11,5,11,892
11.5,11,5,12,895
11.5,11,5,13,898
11.5,11,5,14,900
11.5,11,5,15,903
11.5,11,6,0,865
11.5,11,6,1,868
11.5,11,6,2,870
11.5,11,6,3,873
11.5,11,6,4,876
11.5,11,6,5,879
11.5,11,6,6,881
11.5,11,6,7,884
11.5,11,6,8,887
11.5,11,6,9,890
11.5,11,6,10,892
11.5,11,6,11,895
11.5,11,6,12,898
11.5,11,6,13,900
11.5,11,6,14,903
11.5,11,6,15,906
11.5,11,7,0,868
11.5,11,7,1,870
11.5,11,7,2,873
11.5,11,7,3,876
11.5,11,7,4,879
11.5,11,7,5,882
11.5,11,7,6,884
11.5,11,7,7,887
11.5,11,7,8,890
11.5,11,7,9,893
11.5,11,7,10,895
11.5,11,7,11,898
11.5,11,7,12,901
11.5,11,7,13,903
11.5,11,7,14,906
11.5,11,7,15,909
11.5,11,8,0,870
11.5,11,8,1,873
11.5,11,8,2,876
11.5,11,8,3,879
11.5,11,8,4,882
11.5,11,8,5,884
11.5,11,8,6,887
11.5,11,8,7,890
11.5,11,8,8,893
11.5,11,8,9,895
11.5,11,8,10,898
11.5,11,8,11,901
11.5,11,8,12,904
11.5,11,8,13,906
11.5,11,8,14,909
11.5,11,8,15,912
11.5,11,9,0,873
11.5,11,9,1,876
11.5,11,9,2,879
11.5,11,9,3,882
11.5,11,9,4,884
11.5,11,9,5,887
11.5,11,9,6,890
11.5,11,9,7,893
11.5,11,9,8,895
11.5,11,9,9,898
11.5,11,9,10,901
11.5,11,9,11,904
11.5,11,9,12,906
11.5,11,9,13,909
11.5,11,9,14,912
11.5,11,9,15,915
11.5,11,10,0,876
11.5,11,10,1,879
11.5,11,10,2,882
11.5,11,10,3,884
11.5,11,10,4,887
11.5,11,10,5,890
11.5,11,10,6,893
11.5,11,10,7,896
11.5,11,10,8,898
11.5,11,10,9,901
11.5,11,10,10,904
11.5,11,10,11,907
11.5,11,10,12,909
11.5,11,10,13,912
11.5,11,10,14,915
11.5,11,10,15,917
11.5,11,11,0,879
11.5,11,11,1,882
11.5,11,11,2,884
11.5,11,11,3,887
11.5,11,11,4,890
11.5,11,11,5,893
11.5,11,11,6,896
11.5,11,11,7,898
11.5,11,11,8,901
11.5,11,11,9,904
11.5,11,11,10,907
11.5,11,11,11,909
11.5,11,11,12,912
11.5,11,11,13,915
11.5,11,11,14,918
11.5,11,11,15,920
11.5,11,12,0,881
11.5,11,12,1,884
11.5,11,12,2,887
11.5,11,12,3,890
11.5,11,12,4,893
11.5,11,12,5,896
11.5,11,12,6,898
11.5,11,12,7,901
11.5,11,12,8,904
11.5,11,12,9,907
11.5,11,12,10,909
11.5,11,12,11,912
11.5,11,12,12,915
11.5,11,12,13,918
11.5,11,12,14,920
11.5,11,12,15,923
11.5,11,13,0,884
11.5,11,13,1,887
11.5,11,13,2,890
11.5,11,13,3,893
11.5,11,13,4,896
11.5,11,13,5,898
11.5,11,13,6,901
11.5,11,13,7,904
11.5,11,13,8,907
11.5,11,13,9,910
11.5,11,13,10,912
11.5,11,13,11,915
11.5,11,13,12,918
11.5,11,13,13,921
11.5,11,13,14,923
11.5,11,13,15,926
11.5,11,14,0,887
11.5,11,14,1,890
11.5,11,14,2,893
11.5,11,14,3,895
11.5,11,14,4,898
11.5,11,14,5,901
11.5,11,14,6,904
11.5,11,14,7,907
11.5,11,14,8,910
11.5,11,14,9,912
11.5,11,14,10,915
11.5,11,14,11,918
11.5,11,14,12,921
11.5,11,14,13,923
11.5,11,14,14,926
11.5,11,14,15,929
11.5,11,15,0,890
11.5,11,15,1,893
11.5,11,15,2,895
11.5,11,15,3,898
11.5,11,15,4,901
11.5,11,15,5,904
11.5,11,15,6,907
11.5,11,15,7,910
11.5,11,15,8,912
11.5,11,15,9,915
11.5,11,15,10,918
11.5,11,15,11,921
11.5,11,15,12,923
11.5,11,15,13,926
11.5,11,15,14,929
11.5,11,15,15,932
11.5,12,0,0,851
11.5,12,0,1,854
11.5,12,0,2,857
11.5,12,0,3,859
11.5,12,0,4,862
11.5,12,0,5,865
11.5,12,0,6,867
11.5,12,0,7,870
11.5,12,0,8,873
11.5,12,0,9,875
11.5,12,0,10,878
11.5,12,0,11,881
11.5,12,0,12,883
11.5,12,0,13,886
11.5,12,0,14,889
11.5,12,0,15,891
11.5,12,1,0,854
11.5,12,1,1,857
11.5,12,1,2,859
11.5,12,1,3,862
11.5,12,1,4,865
11.5,12,1,5,868
11.5,12,1,6,870
11.5,12,1,7,873
11.5,12,1,8,876
11.5,12,1,9,878
11.5,12,1,10,881
11.5,12,1,11,884
11.5,12,1,12,886
11.5,12,1,13,889
11.5,12,1,14,892
11.5,12,1,15,894
11.5,12,2,0,857
11.5,12,2,1,860
11.5,12,2,2,862
11.5,12,2,3,865
11.5,12,2,4,868
11.5,12,2,5,871
11.5,12,2,6,873
11.5,12,2,7,876
11.5,12,2,8,879
11.5,12,2,9,881
11.5,12,2,10,884
11.5,12,2,11,887
11.5,12,2,12,889
11.5,12,2,13,892
11.5,12,2,14,895
11.5,12,2,15,897
11.5,12,3,0,860
11.5,12,3,1,862
11.5,12,3,2,865
11.5,12,3,3,868
11.5,12,3,4,871
11.5,12,3,5,873
11.5,12,3,6,876
11.5,12,3,7,879
11.5,12,3,8,882
11.5,12,3,9,884
11.5,12,3,10,887
11.5,12,3,11,890
11.5,12,3,12,892
11.5,12,3,13,895
11.5,12,3,14,898
11.5,12,3,15,900
11.5,12,4,0,862
11.5,12,4,1,865
11.5,12,4,2,868
11.5,12,4,3,871
11.5,12,4,4,874
11.5,12,4,5,876
11.5,12,4,6,879
11.5,12,4,7,882
11.5,12,4,8,884
11.5,12,4,9,887
11.5,12,4,10,890
11.5,12,4,11,893
11.5,12,4,12,895
11.5,12,4,13,898
11.5,12,4,14,901
11.5,12,4,15,903
11.5,12,5,0,865
11.5,12,5,1,868
11.5,12,5,2,871
11.5,12,5,3,874
11.5,12,5,4,876
11.5,12,5,5,879
11.5,12,5,6,882
11.5,12,5,7,885
11.5,12,5,8,887
11.5,12,5,9,890
11.5,12,5,10,893
11.5,12,5,11,895
11.5,12,5,12,898
11.5,12,5,13,901
11.5,12,5,14,904
11.5,12,5,15,906
11.5,12,6,0,868
11.5,12,6,1,871
11.5,12,6,2,874
11.5,12,6,3,876
11.5,12,6,4,879
11.5,12,6,5,882
11.5,12,6,6,885
11.5,12,6,7,887
11.5,12,6,8,890
11.5,12,6,9,893
11.5,12,6,10,896
11.5,12,6,11,898
11.5,12,6,12,901
11.5,12,6,13,904
11.5,12,6,14,906
11.5,12,6,15,909
11.5,12,7,0,871
11.5,12,7,1,874
11.5,12,7,2,876
11.5,12,7,3,879
11.5,12,7,4,882
11.5,12,7,5,885
11.5,12,7,6,888
11.5,12,7,7,890
11.5,12,7,8,893
11.5,12,7,9,896
11.5,12,7,10,899
11.5,12,7,11,901
11.5,12,7,12,904
11.5,12,7,13,907
11.5,12,7,14,909
11.5,12,7,15,912
11.5,12,8,0,874
11.5,12,8,1,876
11.5,12,8,2,879
11.5,12,8,3,882
11.5,12,8,4,885
11.5,12,8,5,888
11.5,12,8,6,890
11.5,12,8,7,893
11.5,12,8,8,896
11.5,12,8,9,899
11.5,12,8,10,901
11.5,12,8,11,904
11.5,12,8,12,907
11.5,12,8,13,910
11.5,12,8,14,912
11.5,12,8,15,915
11.5,12,9,0,876
11.5,12,9,1,879
11.5,12,9,2,882
11.5,12,9,3,885
11.5,12,9,4,888
11.5,12,9,5,890
11.5,12,9,6,893
11.5,12,9,7,896
11.5,12,9,8,899
11.5,12,9,9,902
11.5,12,9,10,904
11.5,12,9,11,907
11.5,12,9,12,910
11.5,12,9,13,912
11.5,12,9,14,915
11.5,12,9,15,918
11.5,12,10,0,879
11.5,12,10,1,882
11.5,12,10,2,885
11.5,12,10,3,888
11.5,12,10,4,890
11.5,12,10,5,893
11.5,12,10,6,896
11.5,12,10,7,899
11.5,12,10,8,902
11.5,12,10,9,904
11.5,12,10,10,907
11.5,12,10,11,910
11.5,12,10,12,913
11.5,12,10,13,915
11.5,12,10,14,918
11.5,12,10,15,921
11.5,12,11,0,882
11.5,12,11,1,885
11.5,12,11,2,888
11.5,12,11,3,890
11.5,12,11,4,893
11.5,12,11,5,896
11.5,12,11,6,899
11.5,12,11,7,902
11.5,12,11,8,904
11.5,12,11,9,907
11.5,12,11,10,910
11.5,12,11,11,913
11.5,12,11,12,915
11.5,12,11,13,918
11.5,12,11,14,921
11.5,12,11,15,924
11.5,12,12,0,885
11.5,12,12,1,888
11.5,12,12,2,890
11.5,12,12,3,893
11.5,12,12,4,896
11.5,12,12,5,899
11.5,12,12,6,902
11.5,12,12,7,904
11.5,12,12,8,907
11.5,12,12,9,910
11.5,12,12,10,913
11.5,12,12,11,916
11.5,12,12,12,918
11.5,12,12,13,921
11.5,12,12,14,924
11.5,12,12,15,927
11.5,12,13,0,887
11.5,12,13,1,890
11.5,12,13,2,893
11.5,12,13,3,896
11.5,12,13,4,899
11.5,12,13,5,902
11.5,12,13,6,904
11.5,12,13,7,907
11.5,12,13,8,910
11.5,12,13,9,913
11.5,12,13,10,916
11.5,12,13,11,918
11.5,12,13,12,921
11.5,12,13,13,924
11.5,12,13,14,927
11.5,12,13,15,929
11.5,12,14,0,890
11.5,12,14,1,893
11.5,12,14,2,896
11.5,12,14,3,899
11.5,12,14,4,902
11.5,12,14,5,904
11.5,12,14,6,907
11.5,12,14,7,910
11.5,12,14,8,913
11.5,12,14,9,916
11.5,12,14,10,918
11.5,12,14,11,921
11.5,12,14,12,924
11.5,12,14,13,927
11.5,12,14,14,930
11.5,12,14,15,932
11.5,12,15,0,893
11.5,12,15,1,896
11.5,12,15,2,899
11.5,12,15,3,902
11.5,12,15,4,904
11.5,12,15,5,907
11.5,12,15,6,910
11.5,12,15,7,913
11.5,12,15,8,916
11.5,12,15,9,919
11.5,12,15,10,921
11.5,12,15,11,924
11.5,12,15,12,927
11.5,12,15,13,930
11.5,12,15,14,932
11.5,12,15,15,935
11.5,13,0,0,854
11.5,13,0,1,857
11.5,13,0,2,860
11.5,13,0,3,862
11.5,13,0,4,865
11.5,13,0,5,868
11.5,13,0,6,871
11.5,13,0,7,873
11.5,13,0,8,876
11.5,13,0,9,879
11.5,13,0,10,881
11.5,13,0,11,884
11.5,13,0,12,887
11.5,13,0,13,889
11.5,13,0,14,892
11.5,13,0,15,895
11.5,13,1,0,857
11.5,13,1,1,860
11.5,13,1,2,863
11.5,13,1,3,865
11.5,13,1,4,868
11.5,13,1,5,871
11.5,13,1,6,874
11.5,13,1,7,876
11.5,13,1,8,879
11.5,13,1,9,882
11.5,13,1,10,884
11.5,13,1,11,887
11.5,13,1,12,890
11.5,13,1,13,892
11.5,13,1,14,895
11.5,13,1,15,898
11.5,13,2,0,860
11.5,13,2,1,863
11.5,13,2,2,865
11.5,13,2,3,868
11.5,13,2,4,871
11.5,13,2,5,874
11.5,13,2,6,876
11.5,13,2,7,879
11.5,13,2,8,882
11.5,13,2,9,885
11.5,13,2,10,887
11.5,13,2,11,890
11.5,13,2,12,893
11.5,13,2,13,895
11.5,13,2,14,898
11.5,13,2,15,901
11.5,13,3,0,863
11.5,13,3,1,866
11.5,13,3,2,868
11.5,13,3,3,871
11.5,13,3,4,874
11.5,13,3,5,877
11.5,13,3,6,879
11.5,13,3,7,882
11.5,13,3,8,885
11.5,13,3,9,887
11.5,13,3,10,890
11.5,13,3,11,893
11.5,13,3,12,896
11.5,13,3,13,898
11.5,13,3,14,901
11.5,13,3,15,904
11.5,13,4,0,866
11.5,13,4,1,868
11.5,13,4,2,871
11.5,13,4,3,874
11.5,13,4,4,877
11.5,13,4,5,879
11.5,13,4,6,882
11.5,13,4,7,885
11.5,13,4,8,888
11.5,13,4,9,890
11.5,13,4,10,893
11.5,13,4,11,896
11.5,13,4,12,899
11.5,13,4,13,901
11.5,13,4,14,904
11.5,13,4,15,907
11.5,13,5,0,868
11.5,13,5,1,871
11.5,13,5,2,874
11.5,13,5,3,877
11.5,13,5,4,880
11.5,13,5,5,882
11.5,13,5,6,885
11.5,13,5,7,888
11.5,13,5,8,891
11.5,13,5,9,893
11.5,13,5,10,896
11.5,13,5,11,899
11.5,13,5,12,901
11.5,13,5,13,904
11.5,13,5,14,907
11.5,13,5,15,910
11.5,13,6,0,871
11.5,13,6,1,874
11.5,13,6,2,877
11.5,13,6,3,880
11.5,13,6,4,882
11.5,13,6,5,885
11.5,13,6,6,888
11.5,13,6,7,891
11.5,13,6,8,893
11.5,13,6,9,896
11.5,13,6,10,899
11.5,13,6,11,902
11.5,13,6,12,904
11.5,13,6,13,907
11.5,13,6,14,910
11.5,13,6,15,912
11.5,13,7,0,874
11.5,13,7,1,877
11.5,13,7,2,880
11.5,13,7,3,882
11.5,13,7,4,885
11.5,13,7,5,888
11.5,13,7,6,891
11.5,13,7,7,894
11.5,13,7,8,896
11.5,13,7,9,899
11.5,13,7,10,902
11.5,13,7,11,905
11.5,13,7,12,907
11.5,13,7,13,910
11.5,13,7,14,913
11.5,13,7,15,915
11.5,13,8,0,877
11.5,13,8,1,880
11.5,13,8,2,883
11.5,13,8,3,885
11.5,13,8,4,888
11.5,13,8,5,891
11.5,13,8,6,894
11.5,13,8,7,896
11.5,13,8,8,899
11.5,13,8,9,902
11.5,13,8,10,905
11.5,13,8,11,907
11.5,13,8,12,910
11.5,13,8,13,913
11.5,13,8,14,916
11.5,13,8,15,918
11.5,13,9,0,880
11.5,13,9,1,882
11.5,13,9,2,885
11.5,13,9,3,888
11.5,13,9,4,891
11.5,13,9,5,894
11.5,13,9,6,897
11.5,13,9,7,899
11.5,13,9,8,902
11.5,13,9,9,905
11.5,13,9,10,908
11.5,13,9,11,910
11.5,13,9,12,913
11.5,13,9,13,916
11.5,13,9,14,919
11.5,13,9,15,921
11.5,13,10,0,882
11.5,13,10,1,885
11.5,13,10,2,888
11.5,13,10,3,891
11.5,13,10,4,894
11.5,13,10,5,897
11.5,13,10,6,899
11.5,13,10,7,902
11.5,13,10,8,905
11.5,13,10,9,908
11.5,13,10,10,910
11.5,13,10,11,913
11.5,13,10,12,916
11.5,13,10,13,919
11.5,13,10,14,921
11.5,13,10,15,924
11.5,13,11,0,885
11.5,13,11,1,888
11.5,13,11,2,891
11.5,13,11,3,894
11.5,13,11,4,897
11.5,13,11,5,899
11.5,13,11,6,902
11.5,13,11,7,905
11.5,13,11,8,908
11.5,13,11,9,911
11.5,13,11,10,913
11.5,13,11,11,916
11.5,13,11,12,919
11.5,13,11,13,922
11.5,13,11,14,924
11.5,13,11,15,927
11.5,13,12,0,888
11.5,13,12,1,891
11.5,13,12,2,894
11.5,13,12,3,897
11.5,13,12,4,899
11.5,13,12,5,902
11.5,13,12,6,905
11.5,13,12,7,908
11.5,13,12,8,911
11.5,13,12,9,913
11.5,13,12,10,916
11.5,13,12,11,919
11.5,13,12,12,922
11.5,13,12,13,924
11.5,13,12,14,927
11.5,13,12,15,930
11.5,13,13,0,891
11.5,13,13,1,894
11.5,13,13,2,896
11.5,13,13,3,899
11.5,13,13,4,902
11.5,13,13,5,905
11.5,13,13,6,908
11.5,13,13,7,911
11.5,13,13,8,913
11.5,13,13,9,916
11.5,13,13,10,919
11.5,13,13,11,922
11.5,13,13,12,925
11.5,13,13,13,927
11.5,13,13,14,930
11.5,13,13,15,933
11.5,13,14,0,893
11.5,13,14,1,896
11.5,13,14,2,899
11.5,13,14,3,902
11.5,13,14,4,905
11.5,13,14,5,908
11.5,13,14,6,911
11.5,13,14,7,913
11.5,13,14,8,916
11.5,13,14,9,919
11.5,13,14,10,922
11.5,13,14,11,925
11.5,13,14,12,927
11.5,13,14,13,930
11.5,13,14,14,933
11.5,13,14,15,936
11.5,13,15,0,896
11.5,13,15,1,899
11.5,13,15,2,902
11.5,13,15,3,905
11.5,13,15,4,908
11.5,13,15,5,911
11.5,13,15,6,913
11.5,13,15,7,916
11.5,13,15,8,919
11.5,13,15,9,922
11.5,13,15,10,925
11.5,13,15,11,927
11.5,13,15,12,930
11.5,13,15,13,933
11.5,13,15,14,936
11.5,13,15,15,939
11.5,14,0,0,857
11.5,14,0,1,860
11.5,14,0,2,863
11.5,14,0,3,866
11.5,14,0,4,868
11.5,14,0,5,871
11.5,14,0,6,874
11.5,14,0,7,876
11.5,14,0,8,879
11.5,14,0,9,882
11.5,14,0,10,885
11.5,14,0,11,887
11.5,14,0,12,890
11.5,14,0,13,893
11.5,14,0,14,895
11.5,14,0,15,898
11.5,14,1,0,860
11.5,14,1,1,863
11.5,14,1,2,866
11.5,14,1,3,868
11.5,14,1,4,871
11.5,14,1,5,874
11.5,14,1,6,877
11.5,14,1,7,879
11.5,14,1,8,882
11.5,14,1,9,885
11.5,14,1,10,888
11.5,14,1,11,890
11.5,14,1,12,893
11.5,14,1,13,896
11.5,14,1,14,898
11.5,14,1,15,901
11.5,14,2,0,863
11.5,14,2,1,866
11.5,14,2,2,869
11.5,14,2,3,871
11.5,14,2,4,874
11.5,14,2,5,877
11.5,14,2,6,880
11.5,14,2,7,882
11.5,14,2,8,885
11.5,14,2,9,888
11.5,14,2,10,890
11.5,14,2,11,893
11.5,14,2,12,896
11.5,14,2,13,899
11.5,14,2,14,901
11.5,14,2,15,904
11.5,14,3,0,866
11.5,14,3,1,869
11.5,14,3,2,871
11.5,14,3,3,874
11.5,14,3,4,877
11.5,14,3,5,880
11.5,14,3,6,883
11.5,14,3,7,885
11.5,14,3,8,888
11.5,14,3,9,891
11.5,14,3,10,893
11.5,14,3,11,896
11.5,14,3,12,899
11.5,14,3,13,902
11.5,14,3,14,904
11.5,14,3,15,907
11.5,14,4,0,869
11.5,14,4,1,872
11.5,14,4,2,874
11.5,14,4,3,877
11.5,14,4,4,880
11.5,14,4,5,883
11.5,14,4,6,885
11.5,14,4,7,888
11.5,14,4,8,891
11.5,14,4,9,894
11.5,14,4,10,896
11.5,14,4,11,899
11.5,14,4,12,902
11.5,14,4,13,904
11.5,14,4,14,907
11.5,14,4,15,910
11.5,14,5,0,872
11.5,14,5,1,874
11.5,14,5,2,877
11.5,14,5,3,880
11.5,14,5,4,883
11.5,14,5,5,886
11.5,14,5,6,888
11.5,14,5,7,891
11.5,14,5,8,894
11.5,14,5,9,897
11.5,14,5,10,899
11.5,14,5,11,902
11.5,14,5,12,905
11.5,14,5,13,907
11.5,14,5,14,910
11.5,14,5,15,913
11.5,14,6,0,874
11.5,14,6,1,877
11.5,14,6,2,880
11.5,14,6,3,883
11.5,14,6,4,886
11.5,14,6,5,888
11.5,14,6,6,891
11.5,14,6,7,894
11.5,14,6,8,897
11.5,14,6,9,899
11.5,14,6,10,902
11.5,14,6,11,905
11.5,14,6,12,908
11.5,14,6,13,910
11.5,14,6,14,913
11.5,14,6,15,916
11.5,14,7,0,877
11.5,14,7,1,880
11.5,14,7,2,883
11.5,14,7,3,886
11.5,14,7,4,889
11.5,14,7,5,891
11.5,14,7,6,894
11.5,14,7,7,897
11.5,14,7,8,900
11.5,14,7,9,902
11.5,14,7,10,905
11.5,14,7,11,908
11.5,14,7,12,911
11.5,14,7,13,913
11.5,14,7,14,916
11.5,14,7,15,919
11.5,14,8,0,880
11.5,14,8,1,883
11.5,14,8,2,886
11.5,14,8,3,889
11.5,14,8,4,891
11.5,14,8,5,894
11.5,14,8,6,897
11.5,14,8,7,900
11.5,14,8,8,902
11.5,14,8,9,905
11.5,14,8,10,908
11.5,14,8,11,911
11.5,14,8,12,914
11.5,14,8,13,916
11.5,14,8,14,919
11.5,14,8,15,922
11.5,14,9,0,883
11.5,14,9,1,886
11.5,14,9,2,889
11.5,14,9,3,891
11.5,14,9,4,894
11.5,14,9,5,897
11.5,14,9,6,900
11.5,14,9,7,903
11.5,14,9,8,905
11.5,14,9,9,908
11.5,14,9,10,911
11.5,14,9,11,914
11.5,14,9,12,916
11.5,14,9,13,919
11.5,14,9,14,922
11.5,14,9,15,925
11.5,14,10,0,886
11.5,14,10,1,889
11.5,14,10,2,891
11.5,14,10,3,894
11.5,14,10,4,897
11.5,14,10,5,900
11.5,14,10,6,903
11.5,14,10,7,905
11.5,14,10,8,908
11.5,14,10,9,911
11.5,14,10,10,914
11.5,14,10,11,917
11.5,14,10,12,919
11.5,14,10,13,922
11.5,14,10,14,925
11.5,14,10,15,928
11.5,14,11,0,888
11.5,14,11,1,891
11.5,14,11,2,894
11.5,14,11,3,897
11.5,14,11,4,900
11.5,14,11,5,903
11.5,14,11,6,905
11.5,14,11,7,908
11.5,14,11,8,911
11.5,14,11,9,914
11.5,14,11,10,917
11.5,14,11,11,919
11.5,14,11,12,922
11.5,14,11,13,925
11.5,14,11,14,928
11.5,14,11,15,930
11.5,14,12,0,891
11.5,14,12,1,894
11.5,14,12,2,897
11.5,14,12,3,900
11.5,14,12,4,903
11.5,14,12,5,905
11.5,14,12,6,908
11.5,14,12,7,911
11.5,14,12,8,914
11.5,14,12,9,917
11.5,14,12,10,920
11.5,14,12,11,922
11.5,14,12,12,925
11.5,14,12,13,928
11.5,14,12,14,931
11.5,14,12,15,933
11.5,14,13,0,894
11.5,14,13,1,897
11.5,14,13,2,900
11.5,14,13,3,903
11.5,14,13,4,905
11.5,14,13,5,908
11.5,14,13,6,911
11.5,14,13,7,914
11.5,14,13,8,917
11.5,14,13,9,920
11.5,14,13,10,922
11.5,14,13,11,925
11.5,14,13,12,928
11.5,14,13,13,931
11.5,14,13,14,933
11.5,14,13,15,936
11.5,14,14,0,897
11.5,14,14,1,900
11.5,14,14,2,902
11.5,14,14,3,905
11.5,14,14,4,908
11.5,14,14,5,911
11.5,14,14,6,914
11.5,14,14,7,917
11.5,14,14,8,920
11.5,14,14,9,922
11.5,14,14,10,925
11.5,14,14,11,928
11.5,14,14,12,931
11.5,14,14,13,934
11.5,14,14,14,936
11.5,14,14,15,939
11.5,14,15,0,899
11.5,14,15,1,902
11.5,14,15,2,905
11.5,14,15,3,908
11.5,14,15,4,911
11.5,14,15,5,914
11.5,14,15,6,917
11.5,14,15,7,920
11.5,14,15,8,922
11.5,14,15,9,925
11.5,14,15,10,928
11.5,14,15,11,931
11.5,14,15,12,934
11.5,14,15,13,936
11.5,14,15,14,939
11.5,14,15,15,942
11.5,15,0,0,860
11.5,15,0,1,863
11.5,15,0,2,866
11.5,15,0,3,869
11.5,15,0,4,871
11.5,15,0,5,874
11.5,15,0,6,877
11.5,15,0,7,880
11.5,15,0,8,882
11.5,15,0,9,885
11.5,15,0,10,888
11.5,15,0,11,890
11.5,15,0,12,893
11.5,15,0,13,896
11.5,15,0,14,898
11.5,15,0,15,901
11.5,15,1,0,863
11.5,15,1,1,866
11.5,15,1,2,869
11.5,15,1,3,872
11.5,15,1,4,874
11.5,15,1,5,877
11.5,15,1,6,880
11.5,15,1,7,883
11.5,15,1,8,885
11.5,15,1,9,888
11.5,15,1,10,891
11.5,15,1,11,893
11.5,15,1,12,896
11.5,15,1,13,899
11.5,15,1,14,902
11.5,15,1,15,904
11.5,15,2,0,866
11.5,15,2,1,869
11.5,15,2,2,872
11.5,15,2,3,875
11.5,15,2,4,877
11.5,15,2,5,880
11.5,15,2,6,883
11.5,15,2,7,886
11.5,15,2,8,888
11.5,15,2,9,891
11.5,15,2,10,894
11.5,15,2,11,896
11.5,15,2,12,899
11.5,15,2,13,902
11.5,15,2,14,905
11.5,15,2,15,907
11.5,15,3,0,869
11.5,15,3,1,872
11.5,15,3,2,875
11.5,15,3,3,877
11.5,15,3,4,880
11.5,15,3,5,883
11.5,15,3,6,886
11.5,15,3,7,888
11.5,15,3,8,891
11.5,15,3,9,894
11.5,15,3,10,897
11.5,15,3,11,899
11.5,15,3,12,902
11.5,15,3,13,905
11.5,15,3,14,907
11.5,15,3,15,910
11.5,15,4,0,872
11.5,15,4,1,875
11.5,15,4,2,878
11.5,15,4,3,880
11.5,15,4,4,883
11.5,15,4,5,886
11.5,15,4,6,889
11.5,15,4,7,891
11.5,15,4,8,894
11.5,15,4,9,897
11.5,15,4,10,900
11.5,15,4,11,902
11.5,15,4,12,905
11.5,15,4,13,908
11.5,15,4,14,910
11.5,15,4,15,913
11.5,15,5,0,875
11.5,15,5,1,878
11.5,15,5,2,880
11.5,15,5,3,883
11.5,15,5,4,886
11.5,15,5,5,889
11.5,15,5,6,892
11.5,15,5,7,894
11.5,15,5,8,897
11.5,15,5,9,900
11.5,15,5,10,903
11.5,15,5,11,905
11.5,15,5,12,908
11.5,15,5,13,911
11.5,15,5,14,913
11.5,15,5,15,916
11.5,15,6,0,878
11.5,15,6,1,880
11.5,15,6,2,883
11.5,15,6,3,886
11.5,15,6,4,889
11.5,15,6,5,892
11.5,15,6,6,894
11.5,15,6,7,897
11.5,15,6,8,900
11.5,15,6,9,903
11.5,15,6,10,906
11.5,15,6,11,908
11.5,15,6,12,911
11.5,15,6,13,914
11.5,15,6,14,916
11.5,15,6,15,919
11.5,15,7,0,880
11.5,15,7,1,883
11.5,15,7,2,886
11.5,15,7,3,889
11.5,15,7,4,892
11.5,15,7,5,895
11.5,15,7,6,897
11.5,15,7,7,900
11.5,15,7,8,903
11.5,15,7,9,906
11.5,15,7,10,908
11.5,15,7,11,911
11.5,15,7,12,914
11.5,15,7,13,917
11.5,15,7,14,919
11.5,15,7,15,922
11.5,15,8,0,883
11.5,15,8,1,886
11.5,15,8,2,889
11.5,15,8,3,892
11.5,15,8,4,895
11.5,15,8,5,897
11.5,15,8,6,900
11.5,15,8,7,903
11.5,15,8,8,906
11.5,15,8,9,909
11.5,15,8,10,911
11.5,15,8,11,914
11.5,15,8,12,917
11.5,15,8,13,920
11.5,15,8,14,922
11.5,15,8,15,925
11.5,15,9,0,886
11.5,15,9,1,889
11.5,15,9,2,892
11.5,15,9,3,895
11.5,15,9,4,897
11.5,15,9,5,900
11.5,15,9,6,903
11.5,15,9,7,906
11.5,15,9,8,909
11.5,15,9,9,911
11.5,15,9,10,914
11.5,15,9,11,917
11.5,15,9,12,920
11.5,15,9,13,923
11.5,15,9,14,925
11.5,15,9,15,928
11.5,15,10,0,889
11.5,15,10,1,892
11.5,15,10,2,895
11.5,15,10,3,897
11.5,15,10,4,900
11.5,15,10,5,903
11.5,15,10,6,906
11.5,15,10,7,909
11.5,15,10,8,912
11.5,15,10,9,914
11.5,15,10,10,917
11.5,15,10,11,920
11.5,15,10,12,923
11.5,15,10,13,925
11.5,15,10,14,928
11.5,15,10,15,931
11.5,15,11,0,892
11.5,15,11,1,895
11.5,15,11,2,897
11.5,15,11,3,900
11.5,15,11,4,903
11.5,15,11,5,906
11.5,15,11,6,909
11.5,15,11,7,912
11.5,15,11,8,914
11.5,15,11,9,917
11.5,15,11,10,920
11.5,15,11,11,923
11.5,15,11,12,926
11.5,15,11,13,928
11.5,15,11,14,931
11.5,15,11,15,934
11.5,15,12,0,894
11.5,15,12,1,897
11.5,15,12,2,900
11.5,15,12,3,903
11.5,15,12,4,906
11.5,15,12,5,909
11.5,15,12,6,912
11.5,15,12,7,914
11.5,15,12,8,917
11.5,15,12,9,920
11.5,15,12,10,923
11.5,15,12,11,926
11.5,15,12,12,928
11.5,15,12,13,931
11.5,15,12,14,934
11.5,15,12,15,937
11.5,15,13,0,897
11.5,15,13,1,900
11.5,15,13,2,903
11.5,15,13,3,906
11.5,15,13,4,909
11.5,15,13,5,912
11.5,15,13,6,914
11.5,15,13,7,917
11.5,15,13,8,920
11.5,15,13,9,923
11.5,15,13,10,926
11.5,15,13,11,929
11.5,15,13,12,931
11.5,15,13,13,934
11.5,15,13,14,937
11.5,15,13,15,940
11.5,15,14,0,900
11.5,15,14,1,903
11.5,15,14,2,906
11.5,15,14,3,909
11.5,15,14,4,912
11.5,15,14,5,914
11.5,15,14,6,917
11.5,15,14,7,920
11.5,15,14,8,923
11.5,15,14,9,926
11.5,15,14,10,929
11.5,15,14,11,931
11.5,15,14,12,934
11.5,15,14,13,937
11.5,15,14,14,940
11.5,15,14,15,943
11.5,15,15,0,903
11.5,15,15,1,906
11.5,15,15,2,909
11.5,15,15,3,911
11.5,15,15,4,914
11.5,15,15,5,917
11.5,15,15,6,920
11.5,15,15,7,923
11.5,15,15,8,926
11.5,15,15,9,929
11.5,15,15,10,931
11.5,15,15,11,934
11.5,15,15,12,937
11.5,15,15,13,940
11.5,15,15,14,943
11.5,15,15,15,945
12.0,0,0,0,849
12.0,0,0,1,852
12.0,0,0,2,855
12.0,0,0,3,857
12.0,0,0,4,860
12.0,0,0,5,863
12.0,0,0,6,865
12.0,0,0,7,868
12.0,0,0,8,871
12.0,0,0,9,873
12.0,0,0,10,876
12.0,0,0,11,879
12.0,0,0,12,881
12.0,0,0,13,884
12.0,0,0,14,887
12.0,0,0,15,889
12.0,0,1,0,852
12.0,0,1,1,855
12.0,0,1,2,857
12.0,0,1,3,860
12.0,0,1,4,863
12.0,0,1,5,866
12.0,0,1,6,868
12.0,0,1,7,871
12.0,0,1,8,874
12.0,0,1,9,876
12.0,0,1,10,879
12.0,0,1,11,882
12.0,0,1,12,884
12.0,0,1,13,887
12.0,0,1,14,890
12.0,0,1,15,892
12.0,0,2,0,855
12.0,0,2,1,857
12.0,0,2,2,860
12.0,0,2,3,863
12.0,0,2,4,866
12.0,0,2,5,868
12.0,0,2,6,871
12.0,0,2,7,874
12.0,0,2,8,877
12.0,0,2,9,879
12.0,0,2,10,882
12.0,0,2,11,885
12.0,0,2,12,887
12.0,0,2,13,890
12.0,0,2,14,893
12.0,0,2,15,895
12.0,0,3,0,858
12.0,0,3,1,860
12.0,0,3,2,863
12.0,0,3,3,866
12.0,0,3,4,869
12.0,0,3,5,871
12.0,0,3,6,874
12.0,0,3,7,877
12.0,0,3,8,879
12.0,0,3,9,882
12.0,0,3,10,885
12.0,0,3,11,887
12.0,0,3,12,890
12.0,0,3,13,893
12.0,0,3,14,895
12.0,0,3,15,898
12.0,0,4,0,860
12.0,0,4,1,863
12.0,0,4,2,866
12.0,0,4,3,869
12.0,0,4,4,871
12.0,0,4,5,874
12.0,0,4,6,877
12.0,0,4,7,880
12.0,0,4,8,882
12.0,0,4,9,885
12.0,0,4,10,888
12.0,0,4,11,890
12.0,0,4,12,893
12.0,0,4,13,896
12.0,0,4,14,898
12.0,0,4,15,901
12.0,0,5,0,863
12.0,0,5,1,866
12.0,0,5,2,869
12.0,0,5,3,871
12.0,0,5,4,874
12.0,0,5,5,877
12.0,0,5,6,880
12.0,0,5,7,882
12.0,0,5,8,885
12.0,0,5,9,888
12.0,0,5,10,891
12.0,0,5,11,893
12.0,0,5,12,896
12.0,0,5,13,899
12.0,0,5,14,901
12.0,0,5,15,904
12.0,0,6,0,866
12.0,0,6,1,869
12.0,0,6,2,872
12.0,0,6,3,874
12.0,0,6,4,877
12.0,0,6,5,880
12.0,0,6,6,883
12.0,0,6,7,885
12.0,0,6,8,888
12.0,0,6,9,891
12.0,0,6,10,893
12.0,0,6,11,896
12.0,0,6,12,899
12.0,0,6,13,902
12.0,0,6,14,904
12.0,0,6,15,907
12.0,0,7,0,869
12.0,0,7,1,872
12.0,0,7,2,874
12.0,0,7,3,877
12.0,0,7,4,880
12.0,0,7,5,883
12.0,0,7,6,885
12.0,0,7,7,888
12.0,0,7,8,891
12.0,0,7,9,894
12.0,0,7,10,896
12.0,0,7,11,899
12.0,0,7,12,902
12.0,0,7,13,904
12.0,0,7,14,907
12.0,0,7,15,910
12.0,0,8,0,872
12.0,0,8,1,874
12.0,0,8,2,877
12.0,0,8,3,880
12.0,0,8,4,883
12.0,0,8,5,886
12.0,0,8,6,888
12.0,0,8,7,891
12.0,0,8,8,894
12.0,0,8,9,897
12.0,0,8,10,899
12.0,0,8,11,902
12.0,0,8,12,905
12.0,0,8,13,907
12.0,0,8,14,910
12.0,0,8,15,913
12.0,0,9,0,874
12.0,0,9,1,877
12.0,0,9,2,880
12.0,0,9,3,883
12.0,0,9,4,886
12.0,0,9,5,888
12.0,0,9,6,891
12.0,0,9,7,894
12.0,0,9,8,897
12.0,0,9,9,899
12.0,0,9,10,902
12.0,0,9,11,905
12.0,0,9,12,908
12.0,0,9,13,910
12.0,0,9,14,913
12.0,0,9,15,916
12.0,0,10,0,877
12.0,0,10,1,880
12.0,0,10,2,883
12.0,0,10,3,886
12.0,0,10,4,888
12.0,0,10,5,891
12.0,0,10,6,894
12.0,0,10,7,897
12.0,0,10,8,899
12.0,0,10,9,902
12.0,0,10,10,905
12.0,0,10,11,908
12.0,0,10,12,910
12.0,0,10,13,913
12.0,0,10,14,916
12.0,0,10,15,919
12.0,0,11,0,880
12.0,0,11,1,883
12.0,0,11,2,886
12.0,0,11,3,888
12.0,0,11,4,891
12.0,0,11,5,894
12.0,0,11,6,897
12.0,0,11,7,899
12.0,0,11,8,902
12.0,0,11,9,905
12.0,0,11,10,908
12.0,0,11,11,911
12.0,0,11,12,913
12.0,0,11,13,916
12.0,0,11,14,919
12.0,0,11,15,921
12.0,0,12,0,883
12.0,0,12,1,885
12.0,0,12,2,888
12.0,0,12,3,891
12.0,0,12,4,894
12.0,0,12,5,897
12.0,0,12,6,900
12.0,0,12,7,902
12.0,0,12,8,905
12.0,0,12,9,908
12.0,0,12,10,911
12.0,0,12,11,913
12.0,0,12,12,916
12.0,0,12,13,919
12.0,0,12,14,922
12.0,0,12,15,924
12.0,0,13,0,885
12.0,0,13,1,888
12.0,0,13,2,891
12.0,0,13,3,894
12.0,0,13,4,897
12.0,0,13,5,899
12.0,0,13,6,902
12.0,0,13,7,905
12.0,0,13,8,908
12.0,0,13,9,911
12.0,0,13,10,913
12.0,0,13,11,916
12.0,0,13,12,919
12.0,0,13,13,922
12.0,0,13,14,924
12.0,0,13,15,927
12.0,0,14,0,888
12.0,0,14,1,891
12.0,0,14,2,894
12.0,0,14,3,897
12.0,0,14,4,899
12.0,0,14,5,902
12.0,0,14,6,905
12.0,0,14,7,908
12.0,0,14,8,911
12.0,0,14,9,913
12.0,0,14,10,916
12.0,0,14,11,919
12.0,0,14,12,922
12.0,0,14,13,925
12.0,0,14,14,927
12.0,0,14,15,930
12.0,0,15,0,891
12.0,0,15,1,894
12.0,0,15,2,897
12.0,0,15,3,899
12.0,0,15,4,902
12.0,0,15,5,905
12.0,0,15,6,908
12.0,0,15,7,911
12.0,0,15,8,913
12.0,0,15,9,916
12.0,0,15,10,919
12.0,0,15,11,922
12.0,0,15,12,925
12.0,0,15,13,927
12.0,0,15,14,930
12.0,0,15,15,933
12.0,1,0,0,852
12.0,1,0,1,855
12.0,1,0,2,858
12.0,1,0,3,861
12.0,1,0,4,863
12.0,1,0,5,866
12.0,1,0,6,869
12.0,1,0,7,871
12.0,1,0,8,874
12.0,1,0,9,877
12.0,1,0,10,879
12.0,1,0,11,882
12.0,1,0,12,885
12.0,1,0,13,887
12.0,1,0,14,890
12.0,1,0,15,893
12.0,1,1,0,855
12.0,1,1,1,858
12.0,1,1,2,861
12.0,1,1,3,863
12.0,1,1,4,866
12.0,1,1,5,869
12.0,1,1,6,872
12.0,1,1,7,874
12.0,1,1,8,877
12.0,1,1,9,880
12.0,1,1,10,882
12.0,1,1,11,885
12.0,1,1,12,888
12.0,1,1,13,890
12.0,1,1,14,893
12.0,1,1,15,896
12.0,1,2,0,858
12.0,1,2,1,861
12.0,1,2,2,864
12.0,1,2,3,866
12.0,1,2,4,869
12.0,1,2,5,872
12.0,1,2,6,874
12.0,1,2,7,877
12.0,1,2,8,880
12.0,1,2,9,883
12.0,1,2,10,885
12.0,1,2,11,888
12.0,1,2,12,891
12.0,1,2,13,893
12.0,1,2,14,896
12.0,1,2,15,899
12.0,1,3,0,861
12.0,1,3,1,864
12.0,1,3,2,866
12.0,1,3,3,869
12.0,1,3,4,872
12.0,1,3,5,875
12.0,1,3,6,877
12.0,1,3,7,880
12.0,1,3,8,883
12.0,1,3,9,885
12.0,1,3,10,888
12.0,1,3,11,891
12.0,1,3,12,894
12.0,1,3,13,896
12.0,1,3,14,899
12.0,1,3,15,902
12.0,1,4,0,864
12.0,1,4,1,866
12.0,1,4,2,869
12.0,1,4,3,872
12.0,1,4,4,875
12.0,1,4,5,877
12.0,1,4,6,880
12.0,1,4,7,883
12.0,1,4,8,886
12.0,1,4,9,888
12.0,1,4,10,891
12.0,1,4,11,894
12.0,1,4,12,896
12.0,1,4,13,899
12.0,1,4,14,902
12.0,1,4,15,905
12.0,1,5,0,866
12.0,1,5,1,869
12.0,1,5,2,872
12.0,1,5,3,875
12.0,1,5,4,878
12.0,1,5,5,880
12.0,1,5,6,883
12.0,1,5,7,886
12.0,1,5,8,889
12.0,1,5,9,891
12.0,1,5,10,894
12.0,1,5,11,897
12.0,1,5,12,899
12.0,1,5,13,902
12.0,1,5,14,905
12.0,1,5,15,907
12.0,1,6,0,869
12.0,1,6,1,872
12.0,1,6,2,875
12.0,1,6,3,878
12.0,1,6,4,880
12.0,1,6,5,883
12.0,1,6,6,886
12.0,1,6,7,889
12.0,1,6,8,891
12.0,1,6,9,894
12.0,1,6,10,897
12.0,1,6,11,900
12.0,1,6,12,902
12.0,1,6,13,905
12.0,1,6,14,908
12.0,1,6,15,910
12.0,1,7,0,872
12.0,1,7,1,875
12.0,1,7,2,878
12.0,1,7,3,880
12.0,1,7,4,883
12.0,1,7,5,886
12.0,1,7,6,889
12.0,1,7,7,892
12.0,1,7,8,894
12.0,1,7,9,897
12.0,1,7,10,900
12.0,1,7,11,903
12.0,1,7,12,905
12.0,1,7,13,908
12.0,1,7,14,911
12.0,1,7,15,913
12.0,1,8,0,875
12.0,1,8,1,878
12.0,1,8,2,881
12.0,1,8,3,883
12.0,1,8,4,886
12.0,1,8,5,889
12.0,1,8,6,892
12.0,1,8,7,894
12.0,1,8,8,897
12.0,1,8,9,900
12.0,1,8,10,903
12.0,1,8,11,905
12.0,1,8,12,908
12.0,1,8,13,911
12.0,1,8,14,914
12.0,1,8,15,916
12.0,1,9,0,878
12.0,1,9,1,880
12.0,1,9,2,883
12.0,1,9,3,886
12.0,1,9,4,889
12.0,1,9,5,892
12.0,1,9,6,895
12.0,1,9,7,897
12.0,1,9,8,900
12.0,1,9,9,903
12.0,1,9,10,906
12.0,1,9,11,908
12.0,1,9,12,911
12.0,1,9,13,914
12.0,1,9,14,916
12.0,1,9,15,919
12.0,1,10,0,880
12.0,1,10,1,883
12.0,1,10,2,886
12.0,1,10,3,889
12.0,1,10,4,892
12.0,1,10,5,895
12.0,1,10,6,897
12.0,1,10,7,900
12.0,1,10,8,903
12.0,1,10,9,906
12.0,1,10,10,908
12.0,1,10,11,911
12.0,1,10,12,914
12.0,1,10,13,917
12.0,1,10,14,919
12.0,1,10,15,922
12.0,1,11,0,883
12.0,1,11,1,886
12.0,1,11,2,889
12.0,1,11,3,892
12.0,1,11,4,895
12.0,1,11,5,897
12.0,1,11,6,900
12.0,1,11,7,903
12.0,1,11,8,906
12.0,1,11,9,909
12.0,1,11,10,911
12.0,1,11,11,914
12.0,1,11,12,917
12.0,1,11,13,920
12.0,1,11,14,922
12.0,1,11,15,925
12.0,1,12,0,886
12.0,1,12,1,889
12.0,1,12,2,892
12.0,1,12,3,895
12.0,1,12,4,897
12.0,1,12,5,900
12.0,1,12,6,903
12.0,1,12,7,906
12.0,1,12,8,909
12.0,1,12,9,911
12.0,1,12,10,914
12.0,1,12,11,917
12.0,1,12,12,920
12.0,1,12,13,922
12.0,1,12,14,925
12.0,1,12,15,928
12.0,1,13,0,889
12.0,1,13,1,892
12.0,1,13,2,894
12.0,1,13,3,897
12.0,1,13,4,900
12.0,1,13,5,903
12.0,1,13,6,906
12.0,1,13,7,909
12.0,1,13,8,911
12.0,1,13,9,914
12.0,1,13,10,917
12.0,1,13,11,920
12.0,1,13,12,922
12.0,1,13,13,925
12.0,1,13,14,928
12.0,1,13,15,931
12.0,1,14,0,891
12.0,1,14,1,894
12.0,1,14,2,897
12.0,1,14,3,900
12.0,1,14,4,903
12.0,1,14,5,906
12.0,1,14,6,909
12.0,1,14,7,911
12.0,1,14,8,914
12.0,1,14,9,917
12.0,1,14,10,920
12.0,1,14,11,923
12.0,1,14,12,925
12.0,1,14,13,928
12.0,1,14,14,931
12.0,1,14,15,934
12.0,1,15,0,894
12.0,1,15,1,897
12.0,1,15,2,900
12.0,1,15,3,903
12.0,1,15,4,906
12.0,1,15,5,909
12.0,1,15,6,911
12.0,1,15,7,914
12.0,1,15,8,917
12.0,1,15,9,920
12.0,1,15,10,923
12.0,1,15,11,925
12.0,1,15,12,928
12.0,1,15,13,931
12.0,1,15,14,934
12.0,1,15,15,936
12.0,2,0,0,856
12.0,2,0,1,858
12.0,2,0,2,861
12.0,2,0,3,864
12.0,2,0,4,867
12.0,2,0,5,869
12.0,2,0,6,872
12.0,2,0,7,875
12.0,2,0,8,877
12.0,2,0,9,880
12.0,2,0,10,883
12.0,2,0,11,885
12.0,2,0,12,888
12.0,2,0,13,891
12.0,2,0,14,893
12.0,2,0,15,896
12.0,2,1,0,858
12.0,2,1,1,861
12.0,2,1,2,864
12.0,2,1,3,867
12.0,2,1,4,869
12.0,2,1,5,872
12.0,2,1,6,875
12.0,2,1,7,878
12.0,2,1,8,880
12.0,2,1,9,883
12.0,2,1,10,886
12.0,2,1,11,888
12.0,2,1,12,891
12.0,2,1,13,894
12.0,2,1,14,896
12.0,2,1,15,899
12.0,2,2,0,861
12.0,2,2,1,864
12.0,2,2,2,867
12.0,2,2,3,870
12.0,2,2,4,872
12.0,2,2,5,875
12.0,2,2,6,878
12.0,2,2,7,881
12.0,2,2,8,883
12.0,2,2,9,886
12.0,2,2,10,889
12.0,2,2,11,891
12.0,2,2,12,894
12.0,2,2,13,897
12.0,2,2,14,899
12.0,2,2,15,902
12.0,2,3,0,864
12.0,2,3,1,867
12.0,2,3,2,870
12.0,2,3,3,872
12.0,2,3,4,875
12.0,2,3,5,878
12.0,2,3,6,881
12.0,2,3,7,883
12.0,2,3,8,886
12.0,2,3,9,889
12.0,2,3,10,892
12.0,2,3,11,894
12.0,2,3,12,897
12.0,2,3,13,900
12.0,2,3,14,902
12.0,2,3,15,905
12.0,2,4,0,867
12.0,2,4,1,870
12.0,2,4,2,873
12.0,2,4,3,875
12.0,2,4,4,878
12.0,2,4,5,881
12.0,2,4,6,884
12.0,2,4,7,886
12.0,2,4,8,889
12.0,2,4,9,892
12.0,2,4,10,895
12.0,2,4,11,897
12.0,2,4,12,900
12.0,2,4,13,903
12.0,2,4,14,905
12.0,2,4,15,908
12.0,2,5,0,870
12.0,2,5,1,873
12.0,2,5,2,875
12.0,2,5,3,878
12.0,2,5,4,881
12.0,2,5,5,884
12.0,2,5,6,886
12.0,2,5,7,889
12.0,2,5,8,892
12.0,2,5,9,895
12.0,2,5,10,897
12.0,2,5,11,900
12.0,2,5,12,903
12.0,2,5,13,906
12.0,2,5,14,908
12.0,2,5,15,911
12.0,2,6,0,873
12.0,2,6,1,875
12.0,2,6,2,878
12.0,2,6,3,881
12.0,2,6,4,884
12.0,2,6,5,887
12.0,2,6,6,889
12.0,2,6,7,892
12.0,2,6,8,895
12.0,2,6,9,898
12.0,2,6,10,900
12.0,2,6,11,903
12.0,2,6,12,906
12.0,2,6,13,908
12.0,2,6,14,911
12.0,2,6,15,914
12.0,2,7,0,875
12.0,2,7,1,878
12.0,2,7,2,881
12.0,2,7,3,884
12.0,2,7,4,887
12.0,2,7,5,889
12.0,2,7,6,892
12.0,2,7,7,895
12.0,2,7,8,898
12.0,2,7,9,900
12.0,2,7,10,903
12.0,2,7,11,906
12.0,2,7,12,909
12.0,2,7,13,911
12.0,2,7,14,914
12.0,2,7,15,917
12.0,2,8,0,878
12.0,2,8,1,881
12.0,2,8,2,884
12.0,2,8,3,887
12.0,2,8,4,889
12.0,2,8,5,892
12.0,2,8,6,895
12.0,2,8,7,898
12.0,2,8,8,901
12.0,2,8,9,903
12.0,2,8,10,906
12.0,2,8,11,909
12.0,2,8,12,912
12.0,2,8,13,914
12.0,2,8,14,917
12.0,2,8,15,920
12.0,2,9,0,881
12.0,2,9,1,884
12.0,2,9,2,887
12.0,2,9,3,890
12.0,2,9,4,892
12.0,2,9,5,895
12.0,2,9,6,898
12.0,2,9,7,901
12.0,2,9,8,903
12.0,2,9,9,906
12.0,2,9,10,909
12.0,2,9,11,912
12.0,2,9,12,915
12.0,2,9,13,917
12.0,2,9,14,920
12.0,2,9,15,923
12.0,2,10,0,884
12.0,2,10,1,887
12.0,2,10,2,889
12.0,2,10,3,892
12.0,2,10,4,895
12.0,2,10,5,898
12.0,2,10,6,901
12.0,2,10,7,904
12.0,2,10,8,906
12.0,2,10,9,909
12.0,2,10,10,912
12.0,2,10,11,915
12.0,2,10,12,917
12.0,2,10,13,920
12.0,2,10,14,923
12.0,2,10,15,926
12.0,2,11,0,887
12.0,2,11,1,889
12.0,2,11,2,892
12.0,2,11,3,895
12.0,2,11,4,898
12.0,2,11,5,901
12.0,2,11,6,904
12.0,2,11,7,906
12.0,2,11,8,909
12.0,2,11,9,912
12.0,2,11,10,915
12.0,2,11,11,918
12.0,2,11,12,920
12.0,2,11,13,923
12.0,2,11,14,926
12.0,2,11,15,929
12.0,2,12,0,889
12.0,2,12,1,892
12.0,2,12,2,895
12.0,2,12,3,898
12.0,2,12,4,901
12.0,2,12,5,904
12.0,2,12,6,906
12.0,2,12,7,909
12.0,2,12,8,912
12.0,2,12,9,915
12.0,2,12,10,918
12.0,2,12,11,920
12.0,2,12,12,923
12.0,2,12,13,926
12.0,2,12,14,929
12.0,2,12,15,931
12.0,2,13,0,892
12.0,2,13,1,895
12.0,2,13,2,898
12.0,2,13,3,901
12.0,2,13,4,904
12.0,2,13,5,906
12.0,2,13,6,909
12.0,2,13,7,912
12.0,2,13,8,915
12.0,2,13,9,918
12.0,2,13,10,920
12.0,2,13,11,923
12.0,2,13,12,926
12.0,2,13,13,929
12.0,2,13,14,932
12.0,2,13,15,934
12.0,2,14,0,895
12.0,2,14,1,898
12.0,2,14,2,901
12.0,2,14,3,903
12.0,2,14,4,906
12.0,2,14,5,909
12.0,2,14,6,912
12.0,2,14,7,915
12.0,2,14,8,918
12.0,2,14,9,920
12.0,2,14,10,923
12.0,2,14,11,926
12.0,2,14,12,929
12.0,2,14,13,932
12.0,2,14,14,934
12.0,2,14,15,937
12.0,2,15,0,898
12.0,2,15,1,900
12.0,2,15,2,903
12.0,2,15,3,906
12.0,2,15,4,909
12.0,2,15,5,912
12.0,2,15,6,915
12.0,2,15,7,918
12.0,2,15,8,920
12.0,2,15,9,923
12.0,2,15,10,926
12.0,2,15,11,929
12.0,2,15,12,932
12.0,2,15,13,935
12.0,2,15,14,937
12.0,2,15,15,940
12.0,3,0,0,859
12.0,3,0,1,862
12.0,3,0,2,864
12.0,3,0,3,867
12.0,3,0,4,870
12.0,3,0,5,873
12.0,3,0,6,875
12.0,3,0,7,878
12.0,3,0,8,881
12.0,3,0,9,883
12.0,3,0,10,886
12.0,3,0,11,889
12.0,3,0,12,891
12.0,3,0,13,894
12.0,3,0,14,897
12.0,3,0,15,899
12.0,3,1,0,862
12.0,3,1,1,864
12.0,3,1,2,867
12.0,3,1,3,870
12.0,3,1,4,873
12.0,3,1,5,875
12.0,3,1,6,878
12.0,3,1,7,881
12.0,3,1,8,884
12.0,3,1,9,886
12.0,3,1,10,889
12.0,3,1,11,892
12.0,3,1,12,894
12.0,3,1,13,897
12.0,3,1,14,900
12.0,3,1,15,902
12.0,3,2,0,865
12.0,3,2,1,867
12.0,3,2,2,870
12.0,3,2,3,873
12.0,3,2,4,876
12.0,3,2,5,878
12.0,3,2,6,881
12.0,3,2,7,884
12.0,3,2,8,887
12.0,3,2,9,889
12.0,3,2,10,892
12.0,3,2,11,895
12.0,3,2,12,897
12.0,3,2,13,900
12.0,3,2,14,903
12.0,3,2,15,905
12.0,3,3,0,867
12.0,3,3,1,870
12.0,3,3,2,873
12.0,3,3,3,876
12.0,3,3,4,879
12.0,3,3,5,881
12.0,3,3,6,884
12.0,3,3,7,887
12.0,3,3,8,890
12.0,3,3,9,892
12.0,3,3,10,895
12.0,3,3,11,898
12.0,3,3,12,900
12.0,3,3,13,903
12.0,3,3,14,906
12.0,3,3,15,908
12.0,3,4,0,870
12.0,3,4,1,873
12.0,3,4,2,876
12.0,3,4,3,879
12.0,3,4,4,881
12.0,3,4,5,884
12.0,3,4,6,887
12.0,3,4,7,890
12.0,3,4,8,892
12.0,3,4,9,895
12.0,3,4,10,898
12.0,3,4,11,901
12.0,3,4,12,903
12.0,3,4,13,906
12.0,3,4,14,909
12.0,3,4,15,911
12.0,3,5,0,873
12.0,3,5,1,876
12.0,3,5,2,879
12.0,3,5,3,882
12.0,3,5,4,884
12.0,3,5,5,887
12.0,3,5,6,890
12.0,3,5,7,893
12.0,3,5,8,895
12.0,3,5,9,898
12.0,3,5,10,901
12.0,3,5,11,904
12.0,3,5,12,906
12.0,3,5,13,909
12.0,3,5,14,912
12.0,3,5,15,914
12.0,3,6,0,876
12.0,3,6,1,879
12.0,3,6,2,882
12.0,3,6,3,884
12.0,3,6,4,887
12.0,3,6,5,890
12.0,3,6,6,893
12.0,3,6,7,896
12.0,3,6,8,898
12.0,3,6,9,901
12.0,3,6,10,904
12.0,3,6,11,907
12.0,3,6,12,909
12.0,3,6,13,912
12.0,3,6,14,915
12.0,3,6,15,917
12.0,3,7,0,879
12.0,3,7,1,882
12.0,3,7,2,884
12.0,3,7,3,887
12.0,3,7,4,890
12.0,3,7,5,893
12.0,3,7,6,896
12.0,3,7,7,898
12.0,3,7,8,901
12.0,3,7,9,904
12.0,3,7,10,907
12.0,3,7,11,909
12.0,3,7,12,912
12.0,3,7,13,915
12.0,3,7,14,918
12.0,3,7,15,920
12.0,3,8,0,882
12.0,3,8,1,884
12.0,3,8,2,887
12.0,3,8,3,890
12.0,3,8,4,893
12.0,3,8,5,896
12.0,3,8,6,898
12.0,3,8,7,901
12.0,3,8,8,904
12.0,3,8,9,907
12.0,3,8,10,910
12.0,3,8,11,912
12.0,3,8,12,915
12.0,3,8,13,918
12.0,3,8,14,921
12.0,3,8,15,923
12.0,3,9,0,884
12.0,3,9,1,887
12.0,3,9,2,890
12.0,3,9,3,893
12.0,3,9,4,896
12.0,3,9,5,899
12.0,3,9,6,901
12.0,3,9,7,904
12.0,3,9,8,907
12.0,3,9,9,910
12.0,3,9,10,912
12.0,3,9,11,915
12.0,3,9,12,918
12.0,3,9,13,921
12.0,3,9,14,923
12.0,3,9,15,926
12.0,3,10,0,887
12.0,3,10,1,890
12.0,3,10,2,893
12.0,3,10,3,896
12.0,3,10,4,899
12.0,3,10,5,901
12.0,3,10,6,904
12.0,3,10,7,907
12.0,3,10,8,910
12.0,3,10,9,913
12.0,3,10,10,915
12.0,3,10,11,918
12.0,3,10,12,921
12.0,3,10,13,924
12.0,3,10,14,926
12.0,3,10,15,929
12.0,3,11,0,890
12.0,3,11,1,893
12.0,3,11,2,896
12.0,3,11,3,899
12.0,3,11,4,901
12.0,3,11,5,904
12.0,3,11,6,907
12.0,3,11,7,910
12.0,3,11,8,913
12.0,3,11,9,915
12.0,3,11,10,918
12.0,3,11,11,921
12.0,3,11,12,924
12.0,3,11,13,927
12.0,3,11,14,929
12.0,3,11,15,932
12.0,3,12,0,893
12.0,3,12,1,896
12.0,3,12,2,898
12.0,3,12,3,901
12.0,3,12,4,904
12.0,3,12,5,907
12.0,3,12,6,910
12.0,3,12,7,913
12.0,3,12,8,915
12.0,3,12,9,918
12.0,3,12,10,921
12.0,3,12,11,924
12.0,3,12,12,927
12.0,3,12,13,929
12.0,3,12,14,932
12.0,3,12,15,935
12.0,3,13,0,896
12.0,3,13,1,898
12.0,3,13,2,901
12.0,3,13,3,904
12.0,3,13,4,907
12.0,3,13,5,910
12.0,3,13,6,913
12.0,3,13,7,916
12.0,3,13,8,918
12.0,3,13,9,921
12.0,3,13,10,924
12.0,3,13,11,927
12.0,3,13,12,930
12.0,3,13,13,932
12.0,3,13,14,935
12.0,3,13,15,938
12.0,3,14,0,898
12.0,3,14,1,901
12.0,3,14,2,904
12.0,3,14,3,907
12.0,3,14,4,910
12.0,3,14,5,913
12.0,3,14,6,915
12.0,3,14,7,918
12.0,3,14,8,921
12.0,3,14,9,924
12.0,3,14,10,927
12.0,3,14,11,930
12.0,3,14,12,932
12.0,3,14,13,935
12.0,3,14,14,938
12.0,3,14,15,941
12.0,3,15,0,901
12.0,3,15,1,904
12.0,3,15,2,907
12.0,3,15,3,910
12.0,3,15,4,913
12.0,3,15,5,915
12.0,3,15,6,918
12.0,3,15,7,921
12.0,3,15,8,924
12.0,3,15,9,927
12.0,3,15,10,930
12.0,3,15,11,932
12.0,3,15,12,935
12.0,3,15,13,938
12.0,3,15,14,941
12.0,3,15,15,944
12.0,4,0,0,862
12.0,4,0,1,865
12.0,4,0,2,868
12.0,4,0,3,870
12.0,4,0,4,873
12.0,4,0,5,876
12.0,4,0,6,879
12.0,4,0,7,881
12.0,4,0,8,884
12.0,4,0,9,887
12.0,4,0,10,889
12.0,4,0,11,892
12.0,4,0,12,895
12.0,4,0,13,898
12.0,4,0,14,900
12.0,4,0,15,903
12.0,4,1,0,865
12.0,4,1,1,868
12.0,4,1,2,871
12.0,4,1,3,873
12.0,4,1,4,876
12.0,4,1,5,879
12.0,4,1,6,882
12.0,4,1,7,884
12.0,4,1,8,887
12.0,4,1,9,890
12.0,4,1,10,892
12.0,4,1,11,895
12.0,4,1,12,898
12.0,4,1,13,901
12.0,4,1,14,903
12.0,4,1,15,906
12.0,4,2,0,868
12.0,4,2,1,871
12.0,4,2,2,873
12.0,4,2,3,876
12.0,4,2,4,879
12.0,4,2,5,882
12.0,4,2,6,884
12.0,4,2,7,887
12.0,4,2,8,890
12.0,4,2,9,893
12.0,4,2,10,895
12.0,4,2,11,898
12.0,4,2,12,901
12.0,4,2,13,904
12.0,4,2,14,906
12.0,4,2,15,909
12.0,4,3,0,871
12.0,4,3,1,874
12.0,4,3,2,876
12.0,4,3,3,879
12.0,4,3,4,882
12.0,4,3,5,885
12.0,4,3,6,887
12.0,4,3,7,890
12.0,4,3,8,893
12.0,4,3,9,896
12.0,4,3,10,898
12.0,4,3,11,901
12.0,4,3,12,904
12.0,4,3,13,906
12.0,4,3,14,909
12.0,4,3,15,912
12.0,4,4,0,874
12.0,4,4,1,876
12.0,4,4,2,879
12.0,4,4,3,882
12.0,4,4,4,885
12.0,4,4,5,888
12.0,4,4,6,890
12.0,4,4,7,893
12.0,4,4,8,896
12.0,4,4,9,899
12.0,4,4,10,901
12.0,4,4,11,904
12.0,4,4,12,907
12.0,4,4,13,909
12.0,4,4,14,912
12.0,4,4,15,915
12.0,4,5,0,876
12.0,4,5,1,879
12.0,4,5,2,882
12.0,4,5,3,885
12.0,4,5,4,888
12.0,4,5,5,890
12.0,4,5,6,893
12.0,4,5,7,896
12.0,4,5,8,899
12.0,4,5,9,902
12.0,4,5,10,904
12.0,4,5,11,907
12.0,4,5,12,910
12.0,4,5,13,912
12.0,4,5,14,915
12.0,4,5,15,918
12.0,4,6,0,879
12.0,4,6,1,882
12.0,4,6,2,885
12.0,4,6,3,888
12.0,4,6,4,891
12.0,4,6,5,893
12.0,4,6,6,896
12.0,4,6,7,899
12.0,4,6,8,902
12.0,4,6,9,904
12.0,4,6,10,907
12.0,4,6,11,910
12.0,4,6,12,913
12.0,4,6,13,915
12.0,4,6,14,918
12.0,4,6,15,921
12.0,4,7,0,882
12.0,4,7,1,885
12.0,4,7,2,888
12.0,4,7,3,891
12.0,4,7,4,893
12.0,4,7,5,896
12.0,4,7,6,899
12.0,4,7,7,902
12.0,4,7,8,905
12.0,4,7,9,907
12.0,4,7,10,910
12.0,4,7,11,913
12.0,4,7,12,916
12.0,4,7,13,918
12.0,4,7,14,921
12.0,4,7,15,924
12.0,4,8,0,885
12.0,4,8,1,888
12.0,4,8,2,891
12.0,4,8,3,893
12.0,4,8,4,896
12.0,4,8,5,899
12.0,4,8,6,902
12.0,4,8,7,905
12.0,4,8,8,907
12.0,4,8,9,910
12.0,4,8,10,913
12.0,4,8,11,916
12.0,4,8,12,919
12.0,4,8,13,921
12.0,4,8,14,924
12.0,4,8,15,927
12.0,4,9,0,888
12.0,4,9,1,891
12.0,4,9,2,893
12.0,4,9,3,896
12.0,4,9,4,899
12.0,4,9,5,902
12.0,4,9,6,905
12.0,4,9,7,908
12.0,4,9,8,910
12.0,4,9,9,913
12.0,4,9,10,916
12.0,4,9,11,919
12.0,4,9,12,921
12.0,4,9,13,924
12.0,4,9,14,927
12.0,4,9,15,930
12.0,4,10,0,891
12.0,4,10,1,893
12.0,4,10,2,896
12.0,4,10,3,899
12.0,4,10,4,902
12.0,4,10,5,905
12.0,4,10,6,908
12.0,4,10,7,910
12.0,4,10,8,913
12.0,4,10,9,916
12.0,4,10,10,919
12.0,4,10,11,922
12.0,4,10,12,924
12.0,4,10,13,927
12.0,4,10,14,930
12.0,4,10,15,933
12.0,4,11,0,893
12.0,4,11,1,896
12.0,4,11,2,899
12.0,4,11,3,902
12.0,4,11,4,905
12.0,4,11,5,908
12.0,4,11,6,910
12.0,4,11,7,913
12.0,4,11,8,916
12.0,4,11,9,919
12.0,4,11,10,922
12.0,4,11,11,925
12.0,4,11,12,927
12.0,4,11,13,930
12.0,4,11,14,933
12.0,4,11,15,936
12.0,4,12,0,896
12.0,4,12,1,899
12.0,4,12,2,902
12.0,4,12,3,905
12.0,4,12,4,908
12.0,4,12,5,910
12.0,4,12,6,913
12.0,4,12,7,916
12.0,4,12,8,919
12.0,4,12,9,922
12.0,4,12,10,925
12.0,4,12,11,927
12.0,4,12,12,930
12.0,4,12,13,933
12.0,4,12,14,936
12.0,4,12,15,939
12.0,4,13,0,899
12.0,4,13,1,902
12.0,4,13,2,905
12.0,4,13,3,908
12.0,4,13,4,910
12.0,4,13,5,913
12.0,4,13,6,916
12.0,4,13,7,919
12.0,4,13,8,922
12.0,4,13,9,925
12.0,4,13,10,927
12.0,4,13,11,930
12.0,4,13,12,933
12.0,4,13,13,936
12.0,4,13,14,939
12.0,4,13,15,941
12.0,4,14,0,902
12.0,4,14,1,905
12.0,4,14,2,907
12.0,4,14,3,910
12.0,4,14,4,913
12.0,4,14,5,916
12.0,4,14,6,919
12.0,4,14,7,922
12.0,4,14,8,925
12.0,4,14,9,927
12.0,4,14,10,930
12.0,4,14,11,933
12.0,4,14,12,936
12.0,4,14,13,939
12.0,4,14,14,942
12.0,4,14,15,944
12.0,4,15,0,904
12.0,4,15,1,907
12.0,4,15,2,910
12.0,4,15,3,913
12.0,4,15,4,916
12.0,4,15,5,919
12.0,4,15,6,922
12.0,4,15,7,925
12.0,4,15,8,927
12.0,4,15,9,930
12.0,4,15,10,933
12.0,4,15,11,936
12.0,4,15,12,939
12.0,4,15,13,942
12.0,4,15,14,944
12.0,4,15,15,947
12.0,5,0,0,865
12.0,5,0,1,868
12.0,5,0,2,871
12.0,5,0,3,874
12.0,5,0,4,876
12.0,5,0,5,879
12.0,5,0,6,882
12.0,5,0,7,885
12.0,5,0,8,887
12.0,5,0,9,890
12.0,5,0,10,893
12.0,5,0,11,896
12.0,5,0,12,898
12.0,5,0,13,901
12.0,5,0,14,904
12.0,5,0,15,906
12.0,5,1,0,868
12.0,5,1,1,871
12.0,5,1,2,874
12.0,5,1,3,877
12.0,5,1,4,879
12.0,5,1,5,882
12.0,5,1,6,885
12.0,5,1,7,888
12.0,5,1,8,890
12.0,5,1,9,893
12.0,5,1,10,896
12.0,5,1,11,899
12.0,5,1,12,901
12.0,5,1,13,904
12.0,5,1,14,907
12.0,5,1,15,909
12.0,5,2,0,871
12.0,5,2,1,874
12.0,5,2,2,877
12.0,5,2,3,879
12.0,5,2,4,882
12.0,5,2,5,885
12.0,5,2,6,888
12.0,5,2,7,891
12.0,5,2,8,893
12.0,5,2,9,896
12.0,5,2,10,899
12.0,5,2,11,902
12.0,5,2,12,904
12.0,5,2,13,907
12.0,5,2,14,910
12.0,5,2,15,912
12.0,5,3,0,874
12.0,5,3,1,877
12.0,5,3,2,880
12.0,5,3,3,882
12.0,5,3,4,885
12.0,5,3,5,888
12.0,5,3,6,891
12.0,5,3,7,894
12.0,5,3,8,896
12.0,5,3,9,899
12.0,5,3,10,902
12.0,5,3,11,904
12.0,5,3,12,907
12.0,5,3,13,910
12.0,5,3,14,913
12.0,5,3,15,915
12.0,5,4,0,877
12.0,5,4,1,880
12.0,5,4,2,883
12.0,5,4,3,885
12.0,5,4,4,888
12.0,5,4,5,891
12.0,5,4,6,894
12.0,5,4,7,896
12.0,5,4,8,899
12.0,5,4,9,902
12.0,5,4,10,905
12.0,5,4,11,907
12.0,5,4,12,910
12.0,5,4,13,913
12.0,5,4,14,916
12.0,5,4,15,918
12.0,5,5,0,880
12.0,5,5,1,883
12.0,5,5,2,885
12.0,5,5,3,888
12.0,5,5,4,891
12.0,5,5,5,894
12.0,5,5,6,897
12.0,5,5,7,899
12.0,5,5,8,902
12.0,5,5,9,905
12.0,5,5,10,908
12.0,5,5,11,910
12.0,5,5,12,913
12.0,5,5,13,916
12.0,5,5,14,919
12.0,5,5,15,921
12.0,5,6,0,883
12.0,5,6,1,885
12.0,5,6,2,888
12.0,5,6,3,891
12.0,5,6,4,894
12.0,5,6,5,897
12.0,5,6,6,900
12.0,5,6,7,902
12.0,5,6,8,905
12.0,5,6,9,908
12.0,5,6,10,911
12.0,5,6,11,913
12.0,5,6,12,916
12.0,5,6,13,919
12.0,5,6,14,922
12.0,5,6,15,924
12.0,5,7,0,885
12.0,5,7,1,888
12.0,5,7,2,891
12.0,5,7,3,894
12.0,5,7,4,897
12.0,5,7,5,900
12.0,5,7,6,902
12.0,5,7,7,905
12.0,5,7,8,908
12.0,5,7,9,911
12.0,5,7,10,914
12.0,5,7,11,916
12.0,5,7,12,919
12.0,5,7,13,922
12.0,5,7,14,925
12.0,5,7,15,927
12.0,5,8,0,888
12.0,5,8,1,891
12.0,5,8,2,894
12.0,5,8,3,897
12.0,5,8,4,900
12.0,5,8,5,902
12.0,5,8,6,905
12.0,5,8,7,908
12.0,5,8,8,911
12.0,5,8,9,914
12.0,5,8,10,916
12.0,5,8,11,919
12.0,5,8,12,922
12.0,5,8,13,925
12.0,5,8,14,928
12.0,5,8,15,930
12.0,5,9,0,891
12.0,5,9,1,894
12.0,5,9,2,897
12.0,5,9,3,900
12.0,5,9,4,903
12.0,5,9,5,905
12.0,5,9,6,908
12.0,5,9,7,911
12.0,5,9,8,914
12.0,5,9,9,917
12.0,5,9,10,919
12.0,5,9,11,922
12.0,5,9,12,925
12.0,5,9,13,928
12.0,5,9,14,930
12.0,5,9,15,933
12.0,5,10,0,894
12.0,5,10,1,897
12.0,5,10,2,900
12.0,5,10,3,903
12.0,5,10,4,905
12.0,5,10,5,908
12.0,5,10,6,911
12.0,5,10,7,914
12.0,5,10,8,917
12.0,5,10,9,919
12.0,5,10,10,922
12.0,5,10,11,925
12.0,5,10,12,928
12.0,5,10,13,931
12.0,5,10,14,933
12.0,5,10,15,936
12.0,5,11,0,897
12.0,5,11,1,900
12.0,5,11,2,902
12.0,5,11,3,905
12.0,5,11,4,908
12.0,5,11,5,911
12.0,5,11,6,914
12.0,5,11,7,917
12.0,5,11,8,920
12.0,5,11,9,922
12.0,5,11,10,925
12.0,5,11,11,928
12.0,5,11,12,931
12.0,5,11,13,934
12.0,5,11,14,936
12.0,5,11,15,939
12.0,5,12,0,900
12.0,5,12,1,902
12.0,5,12,2,905
12.0,5,12,3,908
12.0,5,12,4,911
12.0,5,12,5,914
12.0,5,12,6,917
12.0,5,12,7,920
12.0,5,12,8,922
12.0,5,12,9,925
12.0,5,12,10,928
12.0,5,12,11,931
12.0,5,12,12,934
12.0,5,12,13,936
12.0,5,12,14,939
12.0,5,12,15,942
12.0,5,13,0,902
12.0,5,13,1,905
12.0,5,13,2,908
12.0,5,13,3,911
12.0,5,13,4,914
12.0,5,13,5,917
12.0,5,13,6,920
12.0,5,13,7,922
12.0,5,13,8,925
12.0,5,13,9,928
12.0,5,13,10,931
12.0,5,13,11,934
12.0,5,13,12,937
12.0,5,13,13,939
12.0,5,13,14,942
12.0,5,13,15,945
12.0,5,14,0,905
12.0,5,14,1,908
12.0,5,14,2,911
12.0,5,14,3,914
12.0,5,14,4,917
12.0,5,14,5,920
12.0,5,14,6,922
12.0,5,14,7,925
12.0,5,14,8,928
12.0,5,14,9,931
12.0,5,14,10,934
12.0,5,14,11,937
12.0,5,14,12,939
12.0,5,14,13,942
12.0,5,14,14,945
12.0,5,14,15,948
12.0,5,15,0,908
12.0,5,15,1,911
12.0,5,15,2,914
12.0,5,15,3,917
12.0,5,15,4,919
12.0,5,15,5,922
12.0,5,15,6,925
12.0,5,15,7,928
12.0,5,15,8,931
12.0,5,15,9,934
12.0,5,15,10,937
12.0,5,15,11,940
12.0,5,15,12,942
12.0,5,15,13,945
12.0,5,15,14,948
12.0,5,15,15,951
12.0,6,0,0,869
12.0,6,0,1,871
12.0,6,0,2,874
12.0,6,0,3,877
12.0,6,0,4,880
12.0,6,0,5,882
12.0,6,0,6,885
12.0,6,0,7,888
12.0,6,0,8,891
12.0,6,0,9,893
12.0,6,0,10,896
12.0,6,0,11,899
12.0,6,0,12,902
12.0,6,0,13,904
12.0,6,0,14,907
12.0,6,0,15,910
12.0,6,1,0,871
12.0,6,1,1,874
12.0,6,1,2,877
12.0,6,1,3,880
12.0,6,1,4,883
12.0,6,1,5,885
12.0,6,1,6,888
12.0,6,1,7,891
12.0,6,1,8,894
12.0,6,1,9,896
12.0,6,1,10,899
12.0,6,1,11,902
12.0,6,1,12,905
12.0,6,1,13,907
12.0,6,1,14,910
12.0,6,1,15,913
12.0,6,2,0,874
12.0,6,2,1,877
12.0,6,2,2,880
12.0,6,2,3,883
12.0,6,2,4,886
12.0,6,2,5,888
12.0,6,2,6,891
12.0,6,2,7,894
12.0,6,2,8,897
12.0,6,2,9,899
12.0,6,2,10,902
12.0,6,2,11,905
12.0,6,2,12,908
12.0,6,2,13,910
12.0,6,2,14,913
12.0,6,2,15,916
12.0,6,3,0,877
12.0,6,3,1,880
12.0,6,3,2,883
12.0,6,3,3,886
12.0,6,3,4,889
12.0,6,3,5,891
12.0,6,3,6,894
12.0,6,3,7,897
12.0,6,3,8,900
12.0,6,3,9,902
12.0,6,3,10,905
12.0,6,3,11,908
12.0,6,3,12,911
12.0,6,3,13,913
12.0,6,3,14,916
12.0,6,3,15,919
12.0,6,4,0,880
12.0,6,4,1,883
12.0,6,4,2,886
12.0,6,4,3,889
12.0,6,4,4,891
12.0,6,4,5,894
12.0,6,4,6,897
12.0,6,4,7,900
12.0,6,4,8,903
12.0,6,4,9,905
12.0,6,4,10,908
12.0,6,4,11,911
12.0,6,4,12,914
12.0,6,4,13,916
12.0,6,4,14,919
12.0,6,4,15,922
12.0,6,5,0,883
12.0,6,5,1,886
12.0,6,5,2,889
12.0,6,5,3,892
12.0,6,5,4,894
12.0,6,5,5,897
12.0,6,5,6,900
12.0,6,5,7,903
12.0,6,5,8,906
12.0,6,5,9,908
12.0,6,5,10,911
12.0,6,5,11,914
12.0,6,5,12,917
12.0,6,5,13,919
12.0,6,5,14,922
12.0,6,5,15,925
12.0,6,6,0,886
12.0,6,6,1,889
12.0,6,6,2,892
12.0,6,6,3,894
12.0,6,6,4,897
12.0,6,6,5,900
12.0,6,6,6,903
12.0,6,6,7,906
12.0,6,6,8,908
12.0,6,6,9,911
12.0,6,6,10,914
12.0,6,6,11,917
12.0,6,6,12,920
12.0,6,6,13,922
12.0,6,6,14,925
12.0,6,6,15,928
12.0,6,7,0,889
12.0,6,7,1,892
12.0,6,7,2,894
12.0,6,7,3,897
12.0,6,7,4,900
12.0,6,7,5,903
12.0,6,7,6,906
12.0,6,7,7,909
12.0,6,7,8,911
12.0,6,7,9,914
12.0,6,7,10,917
12.0,6,7,11,920
12.0,6,7,12,923
12.0,6,7,13,925
12.0,6,7,14,928
12.0,6,7,15,931
12.0,6,8,0,892
12.0,6,8,1,894
12.0,6,8,2,897
12.0,6,8,3,900
12.0,6,8,4,903
12.0,6,8,5,906
12.0,6,8,6,909
12.0,6,8,7,912
12.0,6,8,8,914
12.0,6,8,9,917
12.0,6,8,10,920
12.0,6,8,11,923
12.0,6,8,12,925
12.0,6,8,13,928
12.0,6,8,14,931
12.0,6,8,15,934
12.0,6,9,0,894
12.0,6,9,1,897
12.0,6,9,2,900
12.0,6,9,3,903
12.0,6,9,4,906
12.0,6,9,5,909
12.0,6,9,6,912
12.0,6,9,7,914
12.0,6,9,8,917
12.0,6,9,9,920
12.0,6,9,10,923
12.0,6,9,11,926
12.0,6,9,12,928
12.0,6,9,13,931
12.0,6,9,14,934
12.0,6,9,15,937
12.0,6,10,0,897
12.0,6,10,1,900
12.0,6,10,2,903
12.0,6,10,3,906
12.0,6,10,4,909
12.0,6,10,5,912
12.0,6,10,6,914
12.0,6,10,7,917
12.0,6,10,8,920
12.0,6,10,9,923
12.0,6,10,10,926
12.0,6,10,11,929
12.0,6,10,12,931
12.0,6,10,13,934
12.0,6,10,14,937
12.0,6,10,15,940
12.0,6,11,0,900
12.0,6,11,1,903
12.0,6,11,2,906
12.0,6,11,3,909
12.0,6,11,4,912
12.0,6,11,5,914
12.0,6,11,6,917
12.0,6,11,7,920
12.0,6,11,8,923
12.0,6,11,9,926
12.0,6,11,10,929
12.0,6,11,11,931
12.0,6,11,12,934
12.0,6,11,13,937
12.0,6,11,14,940
12.0,6,11,15,943
12.0,6,12,0,903
12.0,6,12,1,906
12.0,6,12,2,909
12.0,6,12,3,912
12.0,6,12,4,914
12.0,6,12,5,917
12.0,6,12,6,920
12.0,6,12,7,923
12.0,6,12,8,926
12.0,6,12,9,929
12.0,6,12,10,932
12.0,6,12,11,934
12.0,6,12,12,937
12.0,6,12,13,940
12.0,6,12,14,943
12.0,6,12,15,946
12.0,6,13,0,906
12.0,6,13,1,909
12.0,6,13,2,912
12.0,6,13,3,914
12.0,6,13,4,917
12.0,6,13,5,920
12.0,6,13,6,923
12.0,6,13,7,926
12.0,6,13,8,929
12.0,6,13,9,932
12.0,6,13,10,934
12.0,6,13,11,937
12.0,6,13,12,940
12.0,6,13,13,943
12.0,6,13,14,946
12.0,6,13,15,949
12.0,6,14,0,908
12.0,6,14,1,911
12.0,6,14,2,914
12.0,6,14,3,917
12.0,6,14,4,920
12.0,6,14,5,923
12.0,6,14,6,926
12.0,6,14,7,929
12.0,6,14,8,932
12.0,6,14,9,934
12.0,6,14,10,937
12.0,6,14,11,940
12.0,6,14,12,943
12.0,6,14,13,946
12.0,6,14,14,949
12.0,6,14,15,951
12.0,6,15,0,911
12.0,6,15,1,914
12.0,6,15,2,917
12.0,6,15,3,920
12.0,6,15,4,923
12.0,6,15,5,926
12.0,6,15,6,929
12.0,6,15,7,932
12.0,6,15,8,934
12.0,6,15,9,937
12.0,6,15,10,940
12.0,6,15,11,943
12.0,6,15,12,946
12.0,6,15,13,949
12.0,6,15,14,952
12.0,6,15,15,954
12.0,7,0,0,872
12.0,7,0,1,875
12.0,7,0,2,877
12.0,7,0,3,880
12.0,7,0,4,883
12.0,7,0,5,886
12.0,7,0,6,889
12.0,7,0,7,891
12.0,7,0,8,894
12.0,7,0,9,897
12.0,7,0,10,900
12.0,7,0,11,902
12.0,7,0,12,905
12.0,7,0,13,908
12.0,7,0,14,910
12.0,7,0,15,913
12.0,7,1,0,875
12.0,7,1,1,878
12.0,7,1,2,880
12.0,7,1,3,883
12.0,7,1,4,886
12.0,7,1,5,889
12.0,7,1,6,892
12.0,7,1,7,894
12.0,7,1,8,897
12.0,7,1,9,900
12.0,7,1,10,903
12.0,7,1,11,905
12.0,7,1,12,908
12.0,7,1,13,911
12.0,7,1,14,913
12.0,7,1,15,916
12.0,7,2,0,878
12.0,7,2,1,880
12.0,7,2,2,883
12.0,7,2,3,886
12.0,7,2,4,889
12.0,7,2,5,892
12.0,7,2,6,894
12.0,7,2,7,897
12.0,7,2,8,900
12.0,7,2,9,903
12.0,7,2,10,906
12.0,7,2,11,908
12.0,7,2,12,911
12.0,7,2,13,914
12.0,7,2,14,916
12.0,7,2,15,919
12.0,7,3,0,881
12.0,7,3,1,883
12.0,7,3,2,886
12.0,7,3,3,889
12.0,7,3,4,892
12.0,7,3,5,895
12.0,7,3,6,897
12.0,7,3,7,900
12.0,7,3,8,903
12.0,7,3,9,906
12.0,7,3,10,909
12.0,7,3,11,911
12.0,7,3,12,914
12.0,7,3,13,917
12.0,7,3,14,919
12.0,7,3,15,922
12.0,7,4,0,883
12.0,7,4,1,886
12.0,7,4,2,889
12.0,7,4,3,892
12.0,7,4,4,895
12.0,7,4,5,898
12.0,7,4,6,900
12.0,7,4,7,903
12.0,7,4,8,906
12.0,7,4,9,909
12.0,7,4,10,912
12.0,7,4,11,914
12.0,7,4,12,917
12.0,7,4,13,920
12.0,7,4,14,923
12.0,7,4,15,925
12.0,7,5,0,886
12.0,7,5,1,889
12.0,7,5,2,892
12.0,7,5,3,895
12.0,7,5,4,898
12.0,7,5,5,901
12.0,7,5,6,903
12.0,7,5,7,906
12.0,7,5,8,909
12.0,7,5,9,912
12.0,7,5,10,914
12.0,7,5,11,917
12.0,7,5,12,920
12.0,7,5,13,923
12.0,7,5,14,926
12.0,7,5,15,928
12.0,7,6,0,889
12.0,7,6,1,892
12.0,7,6,2,895
12.0,7,6,3,898
12.0,7,6,4,901
12.0,7,6,5,903
12.0,7,6,6,906
12.0,7,6,7,909
12.0,7,6,8,912
12.0,7,6,9,915
12.0,7,6,10,917
12.0,7,6,11,920
12.0,7,6,12,923
12.0,7,6,13,926
12.0,7,6,14,929
12.0,7,6,15,931
12.0,7,7,0,892
12.0,7,7,1,895
12.0,7,7,2,898
12.0,7,7,3,901
12.0,7,7,4,904
12.0,7,7,5,906
12.0,7,7,6,909
12.0,7,7,7,912
12.0,7,7,8,915
12.0,7,7,9,918
12.0,7,7,10,920
12.0,7,7,11,923
12.0,7,7,12,926
12.0,7,7,13,929
12.0,7,7,14,932
12.0,7,7,15,934
12.0,7,8,0,895
12.0,7,8,1,898
12.0,7,8,2,901
12.0,7,8,3,904
12.0,7,8,4,906
12.0,7,8,5,909
12.0,7,8,6,912
12.0,7,8,7,915
12.0,7,8,8,918
12.0,7,8,9,921
12.0,7,8,10,923
12.0,7,8,11,926
12.0,7,8,12,929
12.0,7,8,13,932
12.0,7,8,14,935
12.0,7,8,15,937
12.0,7,9,0,898
12.0,7,9,1,901
12.0,7,9,2,904
12.0,7,9,3,906
12.0,7,9,4,909
12.0,7,9,5,912
12.0,7,9,6,915
12.0,7,9,7,918
12.0,7,9,8,921
12.0,7,9,9,923
12.0,7,9,10,926
12.0,7,9,11,929
12.0,7,9,12,932
12.0,7,9,13,935
12.0,7,9,14,937
12.0,7,9,15,940
12.0,7,10,0,901
12.0,7,10,1,904
12.0,7,10,2,906
12.0,7,10,3,909
12.0,7,10,4,912
12.0,7,10,5,915
12.0,7,10,6,918
12.0,7,10,7,921
12.0,7,10,8,924
12.0,7,10,9,926
12.0,7,10,10,929
12.0,7,10,11,932
12.0,7,10,12,935
12.0,7,10,13,938
12.0,7,10,14,940
12.0,7,10,15,943
12.0,7,11,0,903
12.0,7,11,1,906
12.0,7,11,2,909
12.0,7,11,3,912
12.0,7,11,4,915
12.0,7,11,5,918
12.0,7,11,6,921
12.0,7,11,7,924
12.0,7,11,8,926
12.0,7,11,9,929
12.0,7,11,10,932
12.0,7,11,11,935
12.0,7,11,12,938
12.0,7,11,13,941
12.0,7,11,14,943
12.0,7,11,15,946
12.0,7,12,0,906
12.0,7,12,1,909
12.0,7,12,2,912
12.0,7,12,3,915
12.0,7,12,4,918
12.0,7,12,5,921
12.0,7,12,6,924
12.0,7,12,7,927
12.0,7,12,8,929
12.0,7,12,9,932
12.0,7,12,10,935
12.0,7,12,11,938
12.0,7,12,12,941
12.0,7,12,13,944
12.0,7,12,14,946
12.0,7,12,15,949
12.0,7,13,0,909
12.0,7,13,1,912
12.0,7,13,2,915
12.0,7,13,3,918
12.0,7,13,4,921
12.0,7,13,5,924
12.0,7,13,6,927
12.0,7,13,7,929
12.0,7,13,8,932
12.0,7,13,9,935
12.0,7,13,10,938
12.0,7,13,11,941
12.0,7,13,12,944
12.0,7,13,13,946
12.0,7,13,14,949
12.0,7,13,15,952
12.0,7,14,0,912
12.0,7,14,1,915
12.0,7,14,2,918
12.0,7,14,3,921
12.0,7,14,4,924
12.0,7,14,5,926
12.0,7,14,6,929
12.0,7,14,7,932
12.0,7,14,8,935
12.0,7,14,9,938
12.0,7,14,10,941
12.0,7,14,11,944
12.0,7,14,12,947
12.0,7,14,13,949
12.0,7,14,14,952
12.0,7,14,15,955
12.0,7,15,0,915
12.0,7,15,1,918
12.0,7,15,2,921
12.0,7,15,3,923
12.0,7,15,4,926
12.0,7,15,5,929
12.0,7,15,6,932
12.0,7,15,7,935
12.0,7,15,8,938
12.0,7,15,9,941
12.0,7,15,10,944
12.0,7,15,11,947
12.0,7,15,12,949
12.0,7,15,13,952
12.0,7,15,14,955
12.0,7,15,15,958
12.0,8,0,0,875
12.0,8,0,1,878
12.0,8,0,2,881
12.0,8,0,3,884
12.0,8,0,4,886
12.0,8,0,5,889
12.0,8,0,6,892
12.0,8,0,7,895
12.0,8,0,8,897
12.0,8,0,9,900
12.0,8,0,10,903
12.0,8,0,11,906
12.0,8,0,12,908
12.0,8,0,13,911
12.0,8,0,14,914
12.0,8,0,15,916
12.0,8,1,0,878
12.0,8,1,1,881
12.0,8,1,2,884
12.0,8,1,3,886
12.0,8,1,4,889
12.0,8,1,5,892
12.0,8,1,6,895
12.0,8,1,7,898
12.0,8,1,8,900
12.0,8,1,9,903
12.0,8,1,10,906
12.0,8,1,11,909
12.0,8,1,12,911
12.0,8,1,13,914
12.0,8,1,14,917
12.0,8,1,15,920
12.0,8,2,0,881
12.0,8,2,1,884
12.0,8,2,2,887
12.0,8,2,3,889
12.0,8,2,4,892
12.0,8,2,5,895
12.0,8,2,6,898
12.0,8,2,7,901
12.0,8,2,8,903
12.0,8,2,9,906
12.0,8,2,10,909
12.0,8,2,11,912
12.0,8,2,12,914
12.0,8,2,13,917
12.0,8,2,14,920
12.0,8,2,15,923
12.0,8,3,0,884
12.0,8,3,1,887
12.0,8,3,2,890
12.0,8,3,3,892
12.0,8,3,4,895
12.0,8,3,5,898
12.0,8,3,6,901
12.0,8,3,7,904
12.0,8,3,8,906
12.0,8,3,9,909
12.0,8,3,10,912
12.0,8,3,11,915
12.0,8,3,12,917
12.0,8,3,13,920
12.0,8,3,14,923
12.0,8,3,15,926
12.0,8,4,0,887
12.0,8,4,1,890
12.0,8,4,2,892
12.0,8,4,3,895
12.0,8,4,4,898
12.0,8,4,5,901
12.0,8,4,6,904
12.0,8,4,7,907
12.0,8,4,8,909
12.0,8,4,9,912
12.0,8,4,10,915
12.0,8,4,11,918
12.0,8,4,12,920
12.0,8,4,13,923
12.0,8,4,14,926
12.0,8,4,15,929
12.0,8,5,0,890
12.0,8,5,1,893
12.0,8,5,2,895
12.0,8,5,3,898
12.0,8,5,4,901
12.0,8,5,5,904
12.0,8,5,6,907
12.0,8,5,7,910
12.0,8,5,8,912
12.0,8,5,9,915
12.0,8,5,10,918
12.0,8,5,11,921
12.0,8,5,12,923
12.0,8,5,13,926
12.0,8,5,14,929
12.0,8,5,15,932
12.0,8,6,0,893
12.0,8,6,1,895
12.0,8,6,2,898
12.0,8,6,3,901
12.0,8,6,4,904
12.0,8,6,5,907
12.0,8,6,6,910
12.0,8,6,7,912
12.0,8,6,8,915
12.0,8,6,9,918
12.0,8,6,10,921
12.0,8,6,11,924
12.0,8,6,12,926
12.0,8,6,13,929
12.0,8,6,14,932
12.0,8,6,15,935
12.0,8,7,0,895
12.0,8,7,1,898
12.0,8,7,2,901
12.0,8,7,3,904
12.0,8,7,4,907
12.0,8,7,5,910
12.0,8,7,6,913
12.0,8,7,7,915
12.0,8,7,8,918
12.0,8,7,9,921
12.0,8,7,10,924
12.0,8,7,11,927
12.0,8,7,12,929
12.0,8,7,13,932
12.0,8,7,14,935
12.0,8,7,15,938
12.0,8,8,0,898
12.0,8,8,1,901
12.0,8,8,2,904
12.0,8,8,3,907
12.0,8,8,4,910
12.0,8,8,5,913
12.0,8,8,6,916
12.0,8,8,7,918
12.0,8,8,8,921
12.0,8,8,9,924
12.0,8,8,10,927
12.0,8,8,11,930
12.0,8,8,12,932
12.0,8,8,13,935
12.0,8,8,14,938
12.0,8,8,15,941
12.0,8,9,0,901
12.0,8,9,1,904
12.0,8,9,2,907
12.0,8,9,3,910
12.0,8,9,4,913
12.0,8,9,5,916
12.0,8,9,6,918
12.0,8,9,7,921
12.0,8,9,8,924
12.0,8,9,9,927
12.0,8,9,10,930
12.0,8,9,11,933
12.0,8,9,12,935
12.0,8,9,13,938
12.0,8,9,14,941
12.0,8,9,15,944
12.0,8,10,0,904
12.0,8,10,1,907
12.0,8,10,2,910
12.0,8,10,3,913
12.0,8,10,4,916
12.0,8,10,5,918
12.0,8,10,6,921
12.0,8,10,7,924
12.0,8,10,8,927
12.0,8,10,9,930
12.0,8,10,10,933
12.0,8,10,11,936
12.0,8,10,12,938
12.0,8,10,13,941
12.0,8,10,14,944
12.0,8,10,15,947
12.0,8,11,0,907
12.0,8,11,1,910
12.0,8,11,2,913
12.0,8,11,3,916
12.0,8,11,4,918
12.0,8,11,5,921
12.0,8,11,6,924
12.0,8,11,7,927
12.0,8,11,8,930
12.0,8,11,9,933
12.0,8,11,10,936
12.0,8,11,11,938
12.0,8,11,12,941
12.0,8,11,13,944
12.0,8,11,14,947
12.0,8,11,15,950
12.0,8,12,0,910
12.0,8,12,1,913
12.0,8,12,2,916
12.0,8,12,3,918
12.0,8,12,4,921
12.0,8,12,5,924
12.0,8,12,6,927
12.0,8,12,7,930
12.0,8,12,8,933
12.0,8,12,9,936
12.0,8,12,10,939
12.0,8,12,11,941
12.0,8,12,12,944
12.0,8,12,13,947
12.0,8,12,14,950
12.0,8,12,15,953
12.0,8,13,0,912
12.0,8,13,1,915
12.0,8,13,2,918
12.0,8,13,3,921
12.0,8,13,4,924
12.0,8,13,5,927
12.0,8,13,6,930
12.0,8,13,7,933
12.0,8,13,8,936
12.0,8,13,9,939
12.0,8,13,10,941
12.0,8,13,11,944
12.0,8,13,12,947
12.0,8,13,13,950
12.0,8,13,14,953
12.0,8,13,15,956
12.0,8,14,0,915
12.0,8,14,1,918
12.0,8,14,2,921
12.0,8,14,3,924
12.0,8,14,4,927
12.0,8,14,5,930
12.0,8,14,6,933
12.0,8,14,7,936
12.0,8,14,8,939
12.0,8,14,9,942
12.0,8,14,10,944
12.0,8,14,11,947
12.0,8,14,12,950
12.0,8,14,13,953
12.0,8,14,14,956
12.0,8,14,15,959
12.0,8,15,0,918
12.0,8,15,1,921
12.0,8,15,2,924
12.0,8,15,3,927
12.0,8,15,4,930
12.0,8,15,5,933
12.0,8,15,6,936
12.0,8,15,7,939
12.0,8,15,8,942
12.0,8,15,9,944
12.0,8,15,10,947
12.0,8,15,11,950
12.0,8,15,12,953
12.0,8,15,13,956
12.0,8,15,14,959
12.0,8,15,15,962
12.0,9,0,0,878
12.0,9,0,1,881
12.0,9,0,2,884
12.0,9,0,3,887
12.0,9,0,4,890
12.0,9,0,5,892
12.0,9,0,6,895
12.0,9,0,7,898
12.0,9,0,8,901
12.0,9,0,9,903
12.0,9,0,10,906
12.0,9,0,11,909
12.0,9,0,12,912
12.0,9,0,13,914
12.0,9,0,14,917
12.0,9,0,15,920
12.0,9,1,0,881
12.0,9,1,1,884
12.0,9,1,2,887
12.0,9,1,3,890
12.0,9,1,4,893
12.0,9,1,5,895
12.0,9,1,6,898
12.0,9,1,7,901
12.0,9,1,8,904
12.0,9,1,9,907
12.0,9,1,10,909
12.0,9,1,11,912
12.0,9,1,12,915
12.0,9,1,13,918
12.0,9,1,14,920
12.0,9,1,15,923
12.0,9,2,0,884
12.0,9,2,1,887
12.0,9,2,2,890
12.0,9,2,3,893
12.0,9,2,4,896
12.0,9,2,5,898
12.0,9,2,6,901
12.0,9,2,7,904
12.0,9,2,8,907
12.0,9,2,9,910
12.0,9,2,10,912
12.0,9,2,11,915
12.0,9,2,12,918
12.0,9,2,13,921
12.0,9,2,14,923
12.0,9,2,15,926
12.0,9,3,0,887
12.0,9,3,1,890
12.0,9,3,2,893
12.0,9,3,3,896
12.0,9,3,4,899
12.0,9,3,5,901
12.0,9,3,6,904
12.0,9,3,7,907
12.0,9,3,8,910
12.0,9,3,9,913
12.0,9,3,10,915
12.0,9,3,11,918
12.0,9,3,12,921
12.0,9,3,13,924
12.0,9,3,14,926
12.0,9,3,15,929
12.0,9,4,0,890
12.0,9,4,1,893
12.0,9,4,2,896
12.0,9,4,3,899
12.0,9,4,4,901
12.0,9,4,5,904
12.0,9,4,6,907
12.0,9,4,7,910
12.0,9,4,8,913
12.0,9,4,9,916
12.0,9,4,10,918
12.0,9,4,11,921
12.0,9,4,12,924
12.0,9,4,13,927
12.0,9,4,14,929
12.0,9,4,15,932
12.0,9,5,0,893
12.0,9,5,1,896
12.0,9,5,2,899
12.0,9,5,3,902
12.0,9,5,4,904
12.0,9,5,5,907
12.0,9,5,6,910
12.0,9,5,7,913
12.0,9,5,8,916
12.0,9,5,9,919
12.0,9,5,10,921
12.0,9,5,11,924
12.0,9,5,12,927
12.0,9,5,13,930
12.0,9,5,14,932
12.0,9,5,15,935
12.0,9,6,0,896
12.0,9,6,1,899
12.0,9,6,2,902
12.0,9,6,3,904
12.0,9,6,4,907
12.0,9,6,5,910
12.0,9,6,6,913
12.0,9,6,7,916
12.0,9,6,8,919
12.0,9,6,9,922
12.0,9,6,10,924
12.0,9,6,11,927
12.0,9,6,12,930
12.0,9,6,13,933
12.0,9,6,14,935
12.0,9,6,15,938
12.0,9,7,0,899
12.0,9,7,1,902
12.0,9,7,2,905
12.0,9,7,3,907
12.0,9,7,4,910
12.0,9,7,5,913
12.0,9,7,6,916
12.0,9,7,7,919
12.0,9,7,8,922
12.0,9,7,9,924
12.0,9,7,10,927
12.0,9,7,11,930
12.0,9,7,12,933
12.0,9,7,13,936
12.0,9,7,14,938
12.0,9,7,15,941
12.0,9,8,0,902
12.0,9,8,1,905
12.0,9,8,2,907
12.0,9,8,3,910
12.0,9,8,4,913
12.0,9,8,5,916
12.0,9,8,6,919
12.0,9,8,7,922
12.0,9,8,8,925
12.0,9,8,9,927
12.0,9,8,10,930
12.0,9,8,11,933
12.0,9,8,12,936
12.0,9,8,13,939
12.0,9,8,14,941
12.0,9,8,15,944
12.0,9,9,0,904
12.0,9,9,1,907
12.0,9,9,2,910
12.0,9,9,3,913
12.0,9,9,4,916
12.0,9,9,5,919
12.0,9,9,6,922
12.0,9,9,7,925
12.0,9,9,8,928
12.0,9,9,9,930
12.0,9,9,10,933
12.0,9,9,11,936
12.0,9,9,12,939
12.0,9,9,13,942
12.0,9,9,14,944
12.0,9,9,15,947
12.0,9,10,0,907
12.0,9,10,1,910
12.0,9,10,2,913
12.0,9,10,3,916
12.0,9,10,4,919
12.0,9,10,5,922
12.0,9,10,6,925
12.0,9,10,7,928
12.0,9,10,8,930
12.0,9,10,9,933
12.0,9,10,10,936
12.0,9,10,11,939
12.0,9,10,12,942
12.0,9,10,13,945
12.0,9,10,14,947
12.0,9,10,15,950
12.0,9,11,0,910
12.0,9,11,1,913
12.0,9,11,2,916
12.0,9,11,3,919
12.0,9,11,4,922
12.0,9,11,5,925
12.0,9,11,6,928
12.0,9,11,7,931
12.0,9,11,8,933
12.0,9,11,9,936
12.0,9,11,10,939
12.0,9,11,11,942
12.0,9,11,12,945
12.0,9,11,13,948
12.0,9,11,14,950
12.0,9,11,15,953
12.0,9,12,0,913
12.0,9,12,1,916
12.0,9,12,2,919
12.0,9,12,3,922
12.0,9,12,4,925
12.0,9,12,5,928
12.0,9,12,6,931
12.0,9,12,7,933
12.0,9,12,8,936
12.0,9,12,9,939
12.0,9,12,10,942
12.0,9,12,11,945
12.0,9,12,12,948
12.0,9,12,13,951
12.0,9,12,14,953
12.0,9,12,15,956
12.0,9,13,0,916
12.0,9,13,1,919
12.0,9,13,2,922
12.0,9,13,3,925
12.0,9,13,4,928
12.0,9,13,5,931
12.0,9,13,6,933
12.0,9,13,7,936
12.0,9,13,8,939
12.0,9,13,9,942
12.0,9,13,10,945
12.0,9,13,11,948
12.0,9,13,12,951
12.0,9,13,13,954
12.0,9,13,14,956
12.0,9,13,15,959
12.0,9,14,0,919
12.0,9,14,1,922
12.0,9,14,2,925
12.0,9,14,3,928
12.0,9,14,4,930
12.0,9,14,5,933
12.0,9,14,6,936
12.0,9,14,7,939
12.0,9,14,8,942
12.0,9,14,9,945
12.0,9,14,10,948
12.0,9,14,11,951
12.0,9,14,12,954
12.0,9,14,13,956
12.0,9,14,14,959
12.0,9,14,15,962
12.0,9,15,0,922
12.0,9,15,1,924
12.0,9,15,2,927
12.0,9,15,3,930
12.0,9,15,4,933
12.0,9,15,5,936
12.0,9,15,6,939
12.0,9,15,7,942
12.0,9,15,8,945
12.0,9,15,9,948
12.0,9,15,10,951
12.0,9,15,11,954
12.0,9,15,12,957
12.0,9,15,13,959
12.0,9,15,14,962
12.0,9,15,15,965
12.0,10,0,0,882
12.0,10,0,1,884
12.0,10,0,2,887
12.0,10,0,3,890
12.0,10,0,4,893
12.0,10,0,5,896
12.0,10,0,6,898
12.0,10,0,7,901
12.0,10,0,8,904
12.0,10,0,9,907
12.0,10,0,10,910
12.0,10,0,11,912
12.0,10,0,12,915
12.0,10,0,13,918
12.0,10,0,14,921
12.0,10,0,15,923
12.0,10,1,0,885
12.0,10,1,1,887
12.0,10,1,2,890
12.0,10,1,3,893
12.0,10,1,4,896
12.0,10,1,5,899
12.0,10,1,6,902
12.0,10,1,7,904
12.0,10,1,8,907
12.0,10,1,9,910
12.0,10,1,10,913
12.0,10,1,11,915
12.0,10,1,12,918
12.0,10,1,13,921
12.0,10,1,14,924
12.0,10,1,15,926
12.0,10,2,0,887
12.0,10,2,1,890
12.0,10,2,2,893
12.0,10,2,3,896
12.0,10,2,4,899
12.0,10,2,5,902
12.0,10,2,6,905
12.0,10,2,7,907
12.0,10,2,8,910
12.0,10,2,9,913
12.0,10,2,10,916
12.0,10,2,11,918
12.0,10,2,12,921
12.0,10,2,13,924
12.0,10,2,14,927
12.0,10,2,15,929
12.0,10,3,0,890
12.0,10,3,1,893
12.0,10,3,2,896
12.0,10,3,3,899
12.0,10,3,4,902
12.0,10,3,5,905
12.0,10,3,6,908
12.0,10,3,7,910
12.0,10,3,8,913
12.0,10,3,9,916
12.0,10,3,10,919
12.0,10,3,11,921
12.0,10,3,12,924
12.0,10,3,13,927
12.0,10,3,14,930
12.0,10,3,15,933
12.0,10,4,0,893
12.0,10,4,1,896
12.0,10,4,2,899
12.0,10,4,3,902
12.0,10,4,4,905
12.0,10,4,5,908
12.0,10,4,6,910
12.0,10,4,7,913
12.0,10,4,8,916
12.0,10,4,9,919
12.0,10,4,10,922
12.0,10,4,11,925
12.0,10,4,12,927
12.0,10,4,13,930
12.0,10,4,14,933
12.0,10,4,15,936
12.0,10,5,0,896
12.0,10,5,1,899
12.0,10,5,2,902
12.0,10,5,3,905
12.0,10,5,4,908
12.0,10,5,5,911
12.0,10,5,6,913
12.0,10,5,7,916
12.0,10,5,8,919
12.0,10,5,9,922
12.0,10,5,10,925
12.0,10,5,11,928
12.0,10,5,12,930
12.0,10,5,13,933
12.0,10,5,14,936
12.0,10,5,15,939
12.0,10,6,0,899
12.0,10,6,1,902
12.0,10,6,2,905
12.0,10,6,3,908
12.0,10,6,4,911
12.0,10,6,5,914
12.0,10,6,6,916
12.0,10,6,7,919
12.0,10,6,8,922
12.0,10,6,9,925
12.0,10,6,10,928
12.0,10,6,11,931
12.0,10,6,12,933
12.0,10,6,13,936
12.0,10,6,14,939
12.0,10,6,15,942
12.0,10,7,0,902
12.0,10,7,1,905
12.0,10,7,2,908
12.0,10,7,3,911
12.0,10,7,4,914
12.0,10,7,5,917
12.0,10,7,6,919
12.0,10,7,7,922
12.0,10,7,8,925
12.0,10,7,9,928
12.0,10,7,10,931
12.0,10,7,11,934
12.0,10,7,12,936
12.0,10,7,13,939
12.0,10,7,14,942
12.0,10,7,15,945
12.0,10,8,0,905
12.0,10,8,1,908
12.0,10,8,2,911
12.0,10,8,3,914
12.0,10,8,4,917
12.0,10,8,5,919
12.0,10,8,6,922
12.0,10,8,7,925
12.0,10,8,8,928
12.0,10,8,9,931
12.0,10,8,10,934
12.0,10,8,11,937
12.0,10,8,12,939
12.0,10,8,13,942
12.0,10,8,14,945
12.0,10,8,15,948
12.0,10,9,0,908
12.0,10,9,1,911
12.0,10,9,2,914
12.0,10,9,3,917
12.0,10,9,4,919
12.0,10,9,5,922
12.0,10,9,6,925
12.0,10,9,7,928
12.0,10,9,8,931
12.0,10,9,9,934
12.0,10,9,10,937
12.0,10,9,11,940
12.0,10,9,12,942
12.0,10,9,13,945
12.0,10,9,14,948
12.0,10,9,15,951
12.0,10,10,0,911
12.0,10,10,1,914
12.0,10,10,2,917
12.0,10,10,3,919
12.0,10,10,4,922
12.0,10,10,5,925
12.0,10,10,6,928
12.0,10,10,7,931
12.0,10,10,8,934
12.0,10,10,9,937
12.0,10,10,10,940
12.0,10,10,11,942
12.0,10,10,12,945
12.0,10,10,13,948
12.0,10,10,14,951
12.0,10,10,15,954
12.0,10,11,0,914
12.0,10,11,1,917
12.0,10,11,2,919
12.0,10,11,3,922
12.0,10,11,4,925
12.0,10,11,5,928
12.0,10,11,6,931
12.0,10,11,7,934
12.0,10,11,8,937
12.0,10,11,9,940
12.0,10,11,10,943
12.0,10,11,11,945
12.0,10,11,12,948
12.0,10,11,13,951
12.0,10,11,14,954
12.0,10,11,15,957
12.0,10,12,0,916
12.0,10,12,1,919
12.0,10,12,2,922
12.0,10,12,3,925
12.0,10,12,4,928
12.0,10,12,5,931
12.0,10,12,6,934
12.0,10,12,7,937
12.0,10,12,8,940
12.0,10,12,9,943
12.0,10,12,10,946
12.0,10,12,11,948
12.0,10,12,12,951
12.0,10,12,13,954
12.0,10,12,14,957
12.0,10,12,15,960
12.0,10,13,0,919
12.0,10,13,1,922
12.0,10,13,2,925
12.0,10,13,3,928
12.0,10,13,4,931
12.0,10,13,5,934
12.0,10,13,6,937
12.0,10,13,7,940
12.0,10,13,8,943
12.0,10,13,9,946
12.0,10,13,10,948
12.0,10,13,11,951
12.0,10,13,12,954
12.0,10,13,13,957
12.0,10,13,14,960
12.0,10,13,15,963
12.0,10,14,0,922
12.0,10,14,1,925
12.0,10,14,2,928
12.0,10,14,3,931
12.0,10,14,4,934
12.0,10,14,5,937
12.0,10,14,6,940
12.0,10,14,7,943
12.0,10,14,8,946
12.0,10,14,9,949
12.0,10,14,10,951
12.0,10,14,11,954
12.0,10,14,12,957
12.0,10,14,13,960
12.0,10,14,14,963
12.0,10,14,15,966
12.0,10,15,0,925
12.0,10,15,1,928
12.0,10,15,2,931
12.0,10,15,3,934
12.0,10,15,4,937
12.0,10,15,5,940
12.0,10,15,6,943
12.0,10,15,7,946
12.0,10,15,8,949
12.0,10,15,9,951
12.0,10,15,10,954
12.0,10,15,11,957
12.0,10,15,12,960
12.0,10,15,13,963
12.0,10,15,14,966
12.0,10,15,15,969
12.0,11,0,0,885
12.0,11,0,1,888
12.0,11,0,2,891
12.0,11,0,3,893
12.0,11,0,4,896
12.0,11,0,5,899
12.0,11,0,6,902
12.0,11,0,7,905
12.0,11,0,8,907
12.0,11,0,9,910
12.0,11,0,10,913
12.0,11,0,11,916
12.0,11,0,12,918
12.0,11,0,13,921
12.0,11,0,14,924
12.0,11,0,15,927
12.0,11,1,0,888
12.0,11,1,1,891
12.0,11,1,2,894
12.0,11,1,3,896
12.0,11,1,4,899
12.0,11,1,5,902
12.0,11,1,6,905
12.0,11,1,7,908
12.0,11,1,8,910
12.0,11,1,9,913
12.0,11,1,10,916
12.0,11,1,11,919
12.0,11,1,12,922
12.0,11,1,13,924
12.0,11,1,14,927
12.0,11,1,15,930
12.0,11,2,0,891
12.0,11,2,1,894
12.0,11,2,2,896
12.0,11,2,3,899
12.0,11,2,4,902
12.0,11,2,5,905
12.0,11,2,6,908
12.0,11,2,7,911
12.0,11,2,8,913
12.0,11,2,9,916
12.0,11,2,10,919
12.0,11,2,11,922
12.0,11,2,12,925
12.0,11,2,13,927
12.0,11,2,14,930
12.0,11,2,15,933
12.0,11,3,0,894
12.0,11,3,1,897
12.0,11,3,2,899
12.0,11,3,3,902
12.0,11,3,4,905
12.0,11,3,5,908
12.0,11,3,6,911
12.0,11,3,7,914
12.0,11,3,8,916
12.0,11,3,9,919
12.0,11,3,10,922
12.0,11,3,11,925
12.0,11,3,12,928
12.0,11,3,13,930
12.0,11,3,14,933
12.0,11,3,15,936
12.0,11,4,0,897
12.0,11,4,1,900
12.0,11,4,2,902
12.0,11,4,3,905
12.0,11,4,4,908
12.0,11,4,5,911
12.0,11,4,6,914
12.0,11,4,7,917
12.0,11,4,8,920
12.0,11,4,9,922
12.0,11,4,10,925
12.0,11,4,11,928
12.0,11,4,12,931
12.0,11,4,13,934
12.0,11,4,14,936
12.0,11,4,15,939
12.0,11,5,0,900
12.0,11,5,1,902
12.0,11,5,2,905
12.0,11,5,3,908
12.0,11,5,4,911
12.0,11,5,5,914
12.0,11,5,6,917
12.0,11,5,7,920
12.0,11,5,8,923
12.0,11,5,9,925
12.0,11,5,10,928
12.0,11,5,11,931
12.0,11,5,12,934
12.0,11,5,13,937
12.0,11,5,14,939
12.0,11,5,15,942
12.0,11,6,0,902
12.0,11,6,1,905
12.0,11,6,2,908
12.0,11,6,3,911
12.0,11,6,4,914
12.0,11,6,5,917
12.0,11,6,6,920
12.0,11,6,7,923
12.0,11,6,8,926
12.0,11,6,9,928
12.0,11,6,10,931
12.0,11,6,11,934
12.0,11,6,12,937
12.0,11,6,13,940
12.0,11,6,14,942
12.0,11,6,15,945
12.0,11,7,0,905
12.0,11,7,1,908
12.0,11,7,2,911
12.0,11,7,3,914
12.0,11,7,4,917
12.0,11,7,5,920
12.0,11,7,6,923
12.0,11,7,7,926
12.0,11,7,8,928
12.0,11,7,9,931
12.0,11,7,10,934
12.0,11,7,11,937
12.0,11,7,12,940
12.0,11,7,13,943
12.0,11,7,14,945
12.0,11,7,15,948
12.0,11,8,0,908
12.0,11,8,1,911
12.0,11,8,2,914
12.0,11,8,3,917
12.0,11,8,4,920
12.0,11,8,5,923
12.0,11,8,6,926
12.0,11,8,7,929
12.0,11,8,8,931
12.0,11,8,9,934
12.0,11,8,10,937
12.0,11,8,11,940
12.0,11,8,12,943
12.0,11,8,13,946
12.0,11,8,14,948
12.0,11,8,15,951
12.0,11,9,0,911
12.0,11,9,1,914
12.0,11,9,2,917
12.0,11,9,3,920
12.0,11,9,4,923
12.0,11,9,5,926
12.0,11,9,6,929
12.0,11,9,7,932
12.0,11,9,8,934
12.0,11,9,9,937
12.0,11,9,10,940
12.0,11,9,11,943
12.0,11,9,12,946
12.0,11,9,13,949
12.0,11,9,14,951
12.0,11,9,15,954
12.0,11,10,0,914
12.0,11,10,1,917
12.0,11,10,2,920
12.0,11,10,3,923
12.0,11,10,4,926
12.0,11,10,5,929
12.0,11,10,6,932
12.0,11,10,7,934
12.0,11,10,8,937
12.0,11,10,9,940
12.0,11,10,10,943
12.0,11,10,11,946
12.0,11,10,12,949
12.0,11,10,13,952
12.0,11,10,14,954
12.0,11,10,15,957
12.0,11,11,0,917
12.0,11,11,1,920
12.0,11,11,2,923
12.0,11,11,3,926
12.0,11,11,4,929
12.0,11,11,5,932
12.0,11,11,6,935
12.0,11,11,7,937
12.0,11,11,8,940
12.0,11,11,9,943
12.0,11,11,10,946
12.0,11,11,11,949
12.0,11,11,12,952
12.0,11,11,13,955
12.0,11,11,14,957
12.0,11,11,15,960
12.0,11,12,0,920
12.0,11,12,1,923
12.0,11,12,2,926
12.0,11,12,3,929
12.0,11,12,4,932
12.0,11,12,5,935
12.0,11,12,6,937
12.0,11,12,7,940
12.0,11,12,8,943
12.0,11,12,9,946
12.0,11,12,10,949
12.0,11,12,11,952
12.0,11,12,12,955
12.0,11,12,13,958
12.0,11,12,14,960
12.0,11,12,15,963
12.0,11,13,0,923
12.0,11,13,1,926
12.0,11,13,2,929
12.0,11,13,3,932
12.0,11,13,4,934
12.0,11,13,5,937
12.0,11,13,6,940
12.0,11,13,7,943
12.0,11,13,8,946
12.0,11,13,9,949
12.0,11,13,10,952
12.0,11,13,11,955
12.0,11,13,12,958
12.0,11,13,13,961
12.0,11,13,14,963
12.0,11,13,15,966
12.0,11,14,0,926
12.0,11,14,1,928
12.0,11,14,2,931
12.0,11,14,3,934
12.0,11,14,4,937
12.0,11,14,5,940
12.0,11,14,6,943
12.0,11,14,7,946
12.0,11,14,8,949
12.0,11,14,9,952
12.0,11,14,10,955
12.0,11,14,11,958
12.0,11,14,12,961
12.0,11,14,13,964
12.0,11,14,14,966
12.0,11,14,15,969
12.0,11,15,0,928
12.0,11,15,1,931
12.0,11,15,2,934
12.0,11,15,3,937
12.0,11,15,4,940
12.0,11,15,5,943
12.0,11,15,6,946
12.0,11,15,7,949
12.0,11,15,8,952
12.0,11,15,9,955
12.0,11,15,10,958
12.0,11,15,11,961
12.0,11,15,12,964
12.0,11,15,13,967
12.0,11,15,14,969
12.0,11,15,15,972
12.0,12,0,0,888
12.0,12,0,1,891
12.0,12,0,2,894
12.0,12,0,3,897
12.0,12,0,4,899
12.0,12,0,5,902
12.0,12,0,6,905
12.0,12,0,7,908
12.0,12,0,8,911
12.0,12,0,9,914
12.0,12,0,10,916
12.0,12,0,11,919
12.0,12,0,12,922
12.0,12,0,13,925
12.0,12,0,14,927
12.0,12,0,15,930
12.0,12,1,0,891
12.0,12,1,1,894
12.0,12,1,2,897
12.0,12,1,3,900
12.0,12,1,4,903
12.0,12,1,5,905
12.0,12,1,6,908
12.0,12,1,7,911
12.0,12,1,8,914
12.0,12,1,9,917
12.0,12,1,10,919
12.0,12,1,11,922
12.0,12,1,12,925
12.0,12,1,13,928
12.0,12,1,14,930
12.0,12,1,15,933
12.0,12,2,0,894
12.0,12,2,1,897
12.0,12,2,2,900
12.0,12,2,3,903
12.0,12,2,4,906
12.0,12,2,5,908
12.0,12,2,6,911
12.0,12,2,7,914
12.0,12,2,8,917
12.0,12,2,9,920
12.0,12,2,10,922
12.0,12,2,11,925
12.0,12,2,12,928
12.0,12,2,13,931
12.0,12,2,14,934
12.0,12,2,15,936
12.0,12,3,0,897
12.0,12,3,1,900
12.0,12,3,2,903
12.0,12,3,3,906
12.0,12,3,4,909
12.0,12,3,5,911
12.0,12,3,6,914
12.0,12,3,7,917
12.0,12,3,8,920
12.0,12,3,9,923
12.0,12,3,10,925
12.0,12,3,11,928
12.0,12,3,12,931
12.0,12,3,13,934
12.0,12,3,14,937
12.0,12,3,15,939
12.0,12,4,0,900
12.0,12,4,1,903
12.0,12,4,2,906
12.0,12,4,3,909
12.0,12,4,4,911
12.0,12,4,5,914
12.0,12,4,6,917
12.0,12,4,7,920
12.0,12,4,8,923
12.0,12,4,9,926
12.0,12,4,10,929
12.0,12,4,11,931
12.0,12,4,12,934
12.0,12,4,13,937
12.0,12,4,14,940
12.0,12,4,15,943
12.0,12,5,0,903
12.0,12,5,1,906
12.0,12,5,2,909
12.0,12,5,3,912
12.0,12,5,4,914
12.0,12,5,5,917
12.0,12,5,6,920
12.0,12,5,7,923
12.0,12,5,8,926
12.0,12,5,9,929
12.0,12,5,10,932
12.0,12,5,11,934
12.0,12,5,12,937
12.0,12,5,13,940
12.0,12,5,14,943
12.0,12,5,15,946
12.0,12,6,0,906
12.0,12,6,1,909
12.0,12,6,2,912
12.0,12,6,3,915
12.0,12,6,4,917
12.0,12,6,5,920
12.0,12,6,6,923
12.0,12,6,7,926
12.0,12,6,8,929
12.0,12,6,9,932
12.0,12,6,10,935
12.0,12,6,11,937
12.0,12,6,12,940
12.0,12,6,13,943
12.0,12,6,14,946
12.0,12,6,15,949
12.0,12,7,0,909
12.0,12,7,1,912
12.0,12,7,2,915
12.0,12,7,3,917
12.0,12,7,4,920
12.0,12,7,5,923
12.0,12,7,6,926
12.0,12,7,7,929
12.0,12,7,8,932
12.0,12,7,9,935
12.0,12,7,10,938
12.0,12,7,11,940
12.0,12,7,12,943
12.0,12,7,13,946
12.0,12,7,14,949
12.0,12,7,15,952
12.0,12,8,0,912
12.0,12,8,1,915
12.0,12,8,2,918
12.0,12,8,3,920
12.0,12,8,4,923
12.0,12,8,5,926
12.0,12,8,6,929
12.0,12,8,7,932
12.0,12,8,8,935
12.0,12,8,9,938
12.0,12,8,10,941
12.0,12,8,11,943
12.0,12,8,12,946
12.0,12,8,13,949
12.0,12,8,14,952
12.0,12,8,15,955
12.0,12,9,0,915
12.0,12,9,1,917
12.0,12,9,2,920
12.0,12,9,3,923
12.0,12,9,4,926
12.0,12,9,5,929
12.0,12,9,6,932
12.0,12,9,7,935
12.0,12,9,8,938
12.0,12,9,9,941
12.0,12,9,10,944
12.0,12,9,11,946
12.0,12,9,12,949
12.0,12,9,13,952
12.0,12,9,14,955
12.0,12,9,15,958
12.0,12,10,0,917
12.0,12,10,1,920
12.0,12,10,2,923
12.0,12,10,3,926
12.0,12,10,4,929
12.0,12,10,5,932
12.0,12,10,6,935
12.0,12,10,7,938
12.0,12,10,8,941
12.0,12,10,9,944
12.0,12,10,10,947
12.0,12,10,11,949
12.0,12,10,12,952
12.0,12,10,13,955
12.0,12,10,14,958
12.0,12,10,15,961
12.0,12,11,0,920
12.0,12,11,1,923
12.0,12,11,2,926
12.0,12,11,3,929
12.0,12,11,4,932
12.0,12,11,5,935
12.0,12,11,6,938
12.0,12,11,7,941
12.0,12,11,8,944
12.0,12,11,9,947
12.0,12,11,10,950
12.0,12,11,11,952
12.0,12,11,12,955
12.0,12,11,13,958
12.0,12,11,14,961
12.0,12,11,15,964
12.0,12,12,0,923
12.0,12,12,1,926
12.0,12,12,2,929
12.0,12,12,3,932
12.0,12,12,4,935
12.0,12,12,5,938
12.0,12,12,6,941
12.0,12,12,7,944
12.0,12,12,8,947
12.0,12,12,9,950
12.0,12,12,10,953
12.0,12,12,11,955
12.0,12,12,12,958
12.0,12,12,13,961
12.0,12,12,14,964
12.0,12,12,15,967
12.0,12,13,0,926
12.0,12,13,1,929
12.0,12,13,2,932
12.0,12,13,3,935
12.0,12,13,4,938
12.0,12,13,5,941
12.0,12,13,6,944
12.0,12,13,7,947
12.0,12,13,8,950
12.0,12,13,9,953
12.0,12,13,10,955
12.0,12,13,11,958
12.0,12,13,12,961
12.0,12,13,13,964
12.0,12,13,14,967
12.0,12,13,15,970
12.0,12,14,0,929
12.0,12,14,1,932
12.0,12,14,2,935
12.0,12,14,3,938
12.0,12,14,4,941
12.0,12,14,5,944
12.0,12,14,6,947
12.0,12,14,7,950
12.0,12,14,8,953
12.0,12,14,9,956
12.0,12,14,10,958
12.0,12,14,11,961
12.0,12,14,12,964
12.0,12,14,13,967
12.0,12,14,14,970
12.0,12,14,15,973
12.0,12,15,0,932
12.0,12,15,1,935
12.0,12,15,2,938
12.0,12,15,3,941
12.0,12,15,4,944
12.0,12,15,5,947
12.0,12,15,6,950
12.0,12,15,7,953
12.0,12,15,8,956
12.0,12,15,9,958
12.0,12,15,10,961
12.0,12,15,11,964
12.0,12,15,12,967
12.0,12,15,13,970
12.0,12,15,14,973
12.0,12,15,15,976
12.0,13,0,0,891
12.0,13,0,1,894
12.0,13,0,2,897
12.0,13,0,3,900
12.0,13,0,4,903
12.0,13,0,5,906
12.0,13,0,6,908
12.0,13,0,7,911
12.0,13,0,8,914
12.0,13,0,9,917
12.0,13,0,10,920
12.0,13,0,11,922
12.0,13,0,12,925
12.0,13,0,13,928
12.0,13,0,14,931
12.0,13,0,15,934
12.0,13,1,0,894
12.0,13,1,1,897
12.0,13,1,2,900
12.0,13,1,3,903
12.0,13,1,4,906
12.0,13,1,5,909
12.0,13,1,6,911
12.0,13,1,7,914
12.0,13,1,8,917
12.0,13,1,9,920
12.0,13,1,10,923
12.0,13,1,11,926
12.0,13,1,12,928
12.0,13,1,13,931
12.0,13,1,14,934
12.0,13,1,15,937
12.0,13,2,0,897
12.0,13,2,1,900
12.0,13,2,2,903
12.0,13,2,3,906
12.0,13,2,4,909
12.0,13,2,5,912
12.0,13,2,6,915
12.0,13,2,7,917
12.0,13,2,8,920
12.0,13,2,9,923
12.0,13,2,10,926
12.0,13,2,11,929
12.0,13,2,12,931
12.0,13,2,13,934
12.0,13,2,14,937
12.0,13,2,15,940
12.0,13,3,0,900
12.0,13,3,1,903
12.0,13,3,2,906
12.0,13,3,3,909
12.0,13,3,4,912
12.0,13,3,5,915
12.0,13,3,6,918
12.0,13,3,7,920
12.0,13,3,8,923
12.0,13,3,9,926
12.0,13,3,10,929
12.0,13,3,11,932
12.0,13,3,12,935
12.0,13,3,13,937
12.0,13,3,14,940
12.0,13,3,15,943
12.0,13,4,0,903
12.0,13,4,1,906
12.0,13,4,2,909
12.0,13,4,3,912
12.0,13,4,4,915
12.0,13,4,5,918
12.0,13,4,6,921
12.0,13,4,7,923
12.0,13,4,8,926
12.0,13,4,9,929
12.0,13,4,10,932
12.0,13,4,11,935
12.0,13,4,12,938
12.0,13,4,13,940
12.0,13,4,14,943
12.0,13,4,15,946
12.0,13,5,0,906
12.0,13,5,1,909
12.0,13,5,2,912
12.0,13,5,3,915
12.0,13,5,4,918
12.0,13,5,5,921
12.0,13,5,6,924
12.0,13,5,7,926
12.0,13,5,8,929
12.0,13,5,9,932
12.0,13,5,10,935
12.0,13,5,11,938
12.0,13,5,12,941
12.0,13,5,13,943
12.0,13,5,14,946
12.0,13,5,15,949
12.0,13,6,0,909
12.0,13,6,1,912
12.0,13,6,2,915
12.0,13,6,3,918
12.0,13,6,4,921
12.0,13,6,5,924
12.0,13,6,6,927
12.0,13,6,7,929
12.0,13,6,8,932
12.0,13,6,9,935
12.0,13,6,10,938
12.0,13,6,11,941
12.0,13,6,12,944
12.0,13,6,13,947
12.0,13,6,14,949
12.0,13,6,15,952
12.0,13,7,0,912
12.0,13,7,1,915
12.0,13,7,2,918
12.0,13,7,3,921
12.0,13,7,4,924
12.0,13,7,5,927
12.0,13,7,6,930
12.0,13,7,7,932
12.0,13,7,8,935
12.0,13,7,9,938
12.0,13,7,10,941
12.0,13,7,11,944
12.0,13,7,12,947
12.0,13,7,13,950
12.0,13,7,14,952
12.0,13,7,15,955
12.0,13,8,0,915
12.0,13,8,1,918
12.0,13,8,2,921
12.0,13,8,3,924
12.0,13,8,4,927
12.0,13,8,5,930
12.0,13,8,6,933
12.0,13,8,7,935
12.0,13,8,8,938
12.0,13,8,9,941
12.0,13,8,10,944
12.0,13,8,11,947
12.0,13,8,12,950
12.0,13,8,13,953
12.0,13,8,14,955
12.0,13,8,15,958
12.0,13,9,0,918
12.0,13,9,1,921
12.0,13,9,2,924
12.0,13,9,3,927
12.0,13,9,4,930
12.0,13,9,5,933
12.0,13,9,6,935
12.0,13,9,7,938
12.0,13,9,8,941
12.0,13,9,9,944
12.0,13,9,10,947
12.0,13,9,11,950
12.0,13,9,12,953
12.0,13,9,13,956
12.0,13,9,14,958
12.0,13,9,15,961
12.0,13,10,0,921
12.0,13,10,1,924
12.0,13,10,2,927
12.0,13,10,3,930
12.0,13,10,4,933
12.0,13,10,5,936
12.0,13,10,6,938
12.0,13,10,7,941
12.0,13,10,8,944
12.0,13,10,9,947
12.0,13,10,10,950
12.0,13,10,11,953
12.0,13,10,12,956
12.0,13,10,13,959
12.0,13,10,14,962
12.0,13,10,15,964
12.0,13,11,0,924
12.0,13,11,1,927
12.0,13,11,2,930
12.0,13,11,3,933
12.0,13,11,4,936
12.0,13,11,5,938
12.0,13,11,6,941
12.0,13,11,7,944
12.0,13,11,8,947
12.0,13,11,9,950
12.0,13,11,10,953
12.0,13,11,11,956
12.0,13,11,12,959
12.0,13,11,13,962
12.0,13,11,14,965
12.0,13,11,15,967
12.0,13,12,0,927
12.0,13,12,1,930
12.0,13,12,2,933
12.0,13,12,3,935
12.0,13,12,4,938
12.0,13,12,5,941
12.0,13,12,6,944
12.0,13,12,7,947
12.0,13,12,8,950
12.0,13,12,9,953
12.0,13,12,10,956
12.0,13,12,11,959
12.0,13,12,12,962
12.0,13,12,13,965
12.0,13,12,14,968
12.0,13,12,15,970
12.0,13,13,0,929
12.0,13,13,1,932
12.0,13,13,2,935
12.0,13,13,3,938
12.0,13,13,4,941
12.0,13,13,5,944
12.0,13,13,6,947
12.0,13,13,7,950
12.0,13,13,8,953
12.0,13,13,9,956
12.0,13,13,10,959
12.0,13,13,11,962
12.0,13,13,12,965
12.0,13,13,13,968
12.0,13,13,14,971
12.0,13,13,15,973
12.0,13,14,0,932
12.0,13,14,1,935
12.0,13,14,2,938
12.0,13,14,3,941
12.0,13,14,4,944
12.0,13,14,5,947
12.0,13,14,6,950
12.0,13,14,7,953
12.0,13,14,8,956
12.0,13,14,9,959
12.0,13,14,10,962
12.0,13,14,11,965
12.0,13,14,12,968
12.0,13,14,13,971
12.0,13,14,14,974
12.0,13,14,15,976
12.0,13,15,0,935
12.0,13,15,1,938
12.0,13,15,2,941
12.0,13,15,3,944
12.0,13,15,4,947
12.0,13,15,5,950
12.0,13,15,6,953
12.0,13,15,7,956
12.0,13,15,8,959
12.0,13,15,9,962
12.0,13,15,10,965
12.0,13,15,11,968
12.0,13,15,12,971
12.0,13,15,13,974
12.0,13,15,14,977
12.0,13,15,15,979
12.0,14,0,0,895
12.0,14,0,1,897
12.0,14,0,2,900
12.0,14,0,3,903
12.0,14,0,4,906
12.0,14,0,5,909
12.0,14,0,6,912
12.0,14,0,7,915
12.0,14,0,8,917
12.0,14,0,9,920
12.0,14,0,10,923
12.0,14,0,11,926
12.0,14,0,12,929
12.0,14,0,13,931
12.0,14,0,14,934
12.0,14,0,15,937
12.0,14,1,0,898
12.0,14,1,1,900
12.0,14,1,2,903
12.0,14,1,3,906
12.0,14,1,4,909
12.0,14,1,5,912
12.0,14,1,6,915
12.0,14,1,7,918
12.0,14,1,8,920
12.0,14,1,9,923
12.0,14,1,10,926
12.0,14,1,11,929
12.0,14,1,12,932
12.0,14,1,13,935
12.0,14,1,14,937
12.0,14,1,15,940
12.0,14,2,0,901
12.0,14,2,1,903
12.0,14,2,2,906
12.0,14,2,3,909
12.0,14,2,4,912
12.0,14,2,5,915
12.0,14,2,6,918
12.0,14,2,7,921
12.0,14,2,8,924
12.0,14,2,9,926
12.0,14,2,10,929
12.0,14,2,11,932
12.0,14,2,12,935
12.0,14,2,13,938
12.0,14,2,14,940
12.0,14,2,15,943
12.0,14,3,0,904
12.0,14,3,1,906
12.0,14,3,2,909
12.0,14,3,3,912
12.0,14,3,4,915
12.0,14,3,5,918
12.0,14,3,6,921
12.0,14,3,7,924
12.0,14,3,8,927
12.0,14,3,9,929
12.0,14,3,10,932
12.0,14,3,11,935
12.0,14,3,12,938
12.0,14,3,13,941
12.0,14,3,14,944
12.0,14,3,15,946
12.0,14,4,0,907
12.0,14,4,1,909
12.0,14,4,2,912
12.0,14,4,3,915
12.0,14,4,4,918
12.0,14,4,5,921
12.0,14,4,6,924
12.0,14,4,7,927
12.0,14,4,8,930
12.0,14,4,9,933
12.0,14,4,10,935
12.0,14,4,11,938
12.0,14,4,12,941
12.0,14,4,13,944
12.0,14,4,14,947
12.0,14,4,15,949
12.0,14,5,0,910
12.0,14,5,1,912
12.0,14,5,2,915
12.0,14,5,3,918
12.0,14,5,4,921
12.0,14,5,5,924
12.0,14,5,6,927
12.0,14,5,7,930
12.0,14,5,8,933
12.0,14,5,9,936
12.0,14,5,10,938
12.0,14,5,11,941
12.0,14,5,12,944
12.0,14,5,13,947
12.0,14,5,14,950
12.0,14,5,15,953
12.0,14,6,0,912
12.0,14,6,1,915
12.0,14,6,2,918
12.0,14,6,3,921
12.0,14,6,4,924
12.0,14,6,5,927
12.0,14,6,6,930
12.0,14,6,7,933
12.0,14,6,8,936
12.0,14,6,9,939
12.0,14,6,10,941
12.0,14,6,11,944
12.0,14,6,12,947
12.0,14,6,13,950
12.0,14,6,14,953
12.0,14,6,15,956
12.0,14,7,0,915
12.0,14,7,1,918
12.0,14,7,2,921
12.0,14,7,3,924
12.0,14,7,4,927
12.0,14,7,5,930
12.0,14,7,6,933
12.0,14,7,7,936
12.0,14,7,8,939
12.0,14,7,9,942
12.0,14,7,10,944
12.0,14,7,11,947
12.0,14,7,12,950
12.0,14,7,13,953
12.0,14,7,14,956
12.0,14,7,15,959
12.0,14,8,0,918
12.0,14,8,1,921
12.0,14,8,2,924
12.0,14,8,3,927
12.0,14,8,4,930
12.0,14,8,5,933
12.0,14,8,6,936
12.0,14,8,7,939
12.0,14,8,8,942
12.0,14,8,9,945
12.0,14,8,10,947
12.0,14,8,11,950
12.0,14,8,12,953
12.0,14,8,13,956
12.0,14,8,14,959
12.0,14,8,15,962
12.0,14,9,0,921
12.0,14,9,1,924
12.0,14,9,2,927
12.0,14,9,3,930
12.0,14,9,4,933
12.0,14,9,5,936
12.0,14,9,6,939
12.0,14,9,7,942
12.0,14,9,8,945
12.0,14,9,9,948
12.0,14,9,10,951
12.0,14,9,11,953
12.0,14,9,12,956
12.0,14,9,13,959
12.0,14,9,14,962
12.0,14,9,15,965
12.0,14,10,0,924
12.0,14,10,1,927
12.0,14,10,2,930
12.0,14,10,3,933
12.0,14,10,4,936
12.0,14,10,5,939
12.0,14,10,6,942
12.0,14,10,7,945
12.0,14,10,8,948
12.0,14,10,9,951
12.0,14,10,10,954
12.0,14,10,11,956
12.0,14,10,12,959
12.0,14,10,13,962
12.0,14,10,14,965
12.0,14,10,15,968
12.0,14,11,0,927
12.0,14,11,1,930
12.0,14,11,2,933
12.0,14,11,3,936
12.0,14,11,4,939
12.0,14,11,5,942
12.0,14,11,6,945
12.0,14,11,7,948
12.0,14,11,8,951
12.0,14,11,9,954
12.0,14,11,10,957
12.0,14,11,11,959
12.0,14,11,12,962
12.0,14,11,13,965
12.0,14,11,14,968
12.0,14,11,15,971
12.0,14,12,0,930
12.0,14,12,1,933
12.0,14,12,2,936
12.0,14,12,3,939
12.0,14,12,4,942
12.0,14,12,5,945
12.0,14,12,6,948
12.0,14,12,7,951
12.0,14,12,8,954
12.0,14,12,9,957
12.0,14,12,10,960
12.0,14,12,11,962
12.0,14,12,12,965
12.0,14,12,13,968
12.0,14,12,14,971
12.0,14,12,15,974
12.0,14,13,0,933
12.0,14,13,1,936
12.0,14,13,2,939
12.0,14,13,3,942
12.0,14,13,4,945
12.0,14,13,5,948
12.0,14,13,6,951
12.0,14,13,7,954
12.0,14,13,8,957
12.0,14,13,9,960
12.0,14,13,10,962
12.0,14,13,11,965
12.0,14,13,12,968
12.0,14,13,13,971
12.0,14,13,14,974
12.0,14,13,15,977
12.0,14,14,0,936
12.0,14,14,1,939
12.0,14,14,2,942
12.0,14,14,3,945
12.0,14,14,4,948
12.0,14,14,5,951
12.0,14,14,6,954
12.0,14,14,7,957
12.0,14,14,8,960
12.0,14,14,9,963
12.0,14,14,10,965
12.0,14,14,11,968
12.0,14,14,12,971
12.0,14,14,13,974
12.0,14,14,14,977
12.0,14,14,15,980
12.0,14,15,0,939
12.0,14,15,1,942
12.0,14,15,2,945
12.0,14,15,3,948
12.0,14,15,4,951
12.0,14,15,5,954
12.0,14,15,6,957
12.0,14,15,7,960
12.0,14,15,8,963
12.0,14,15,9,965
12.0,14,15,10,968
12.0,14,15,11,971
12.0,14,15,12,974
12.0,14,15,13,977
12.0,14,15,14,980
12.0,14,15,15,983
12.0,15,0,0,898
12.0,15,0,1,901
12.0,15,0,2,904
12.0,15,0,3,907
12.0,15,0,4,909
12.0,15,0,5,912
12.0,15,0,6,915
12.0,15,0,7,918
12.0,15,0,8,921
12.0,15,0,9,924
12.0,15,0,10,926
12.0,15,0,11,929
12.0,15,0,12,932
12.0,15,0,13,935
12.0,15,0,14,938
12.0,15,0,15,940
12.0,15,1,0,901
12.0,15,1,1,904
12.0,15,1,2,907
12.0,15,1,3,910
12.0,15,1,4,912
12.0,15,1,5,915
12.0,15,1,6,918
12.0,15,1,7,921
12.0,15,1,8,924
12.0,15,1,9,927
12.0,15,1,10,929
12.0,15,1,11,932
12.0,15,1,12,935
12.0,15,1,13,938
12.0,15,1,14,941
12.0,15,1,15,943
12.0,15,2,0,904
12.0,15,2,1,907
12.0,15,2,2,910
12.0,15,2,3,913
12.0,15,2,4,915
12.0,15,2,5,918
12.0,15,2,6,921
12.0,15,2,7,924
12.0,15,2,8,927
12.0,15,2,9,930
12.0,15,2,10,933
12.0,15,2,11,935
12.0,15,2,12,938
12.0,15,2,13,941
12.0,15,2,14,944
12.0,15,2,15,947
12.0,15,3,0,907
12.0,15,3,1,910
12.0,15,3,2,913
12.0,15,3,3,916
12.0,15,3,4,918
12.0,15,3,5,921
12.0,15,3,6,924
12.0,15,3,7,927
12.0,15,3,8,930
12.0,15,3,9,933
12.0,15,3,10,936
12.0,15,3,11,939
12.0,15,3,12,941
12.0,15,3,13,944
12.0,15,3,14,947
12.0,15,3,15,950
12.0,15,4,0,910
12.0,15,4,1,913
12.0,15,4,2,916
12.0,15,4,3,919
12.0,15,4,4,922
12.0,15,4,5,924
12.0,15,4,6,927
12.0,15,4,7,930
12.0,15,4,8,933
12.0,15,4,9,936
12.0,15,4,10,939
12.0,15,4,11,942
12.0,15,4,12,944
12.0,15,4,13,947
12.0,15,4,14,950
12.0,15,4,15,953
12.0,15,5,0,913
12.0,15,5,1,916
12.0,15,5,2,919
12.0,15,5,3,922
12.0,15,5,4,925
12.0,15,5,5,927
12.0,15,5,6,930
12.0,15,5,7,933
12.0,15,5,8,936
12.0,15,5,9,939
12.0,15,5,10,942
12.0,15,5,11,945
12.0,15,5,12,948
12.0,15,5,13,950
12.0,15,5,14,953
12.0,15,5,15,956
12.0,15,6,0,916
12.0,15,6,1,919
12.0,15,6,2,922
12.0,15,6,3,925
12.0,15,6,4,928
12.0,15,6,5,930
12.0,15,6,6,933
12.0,15,6,7,936
12.0,15,6,8,939
12.0,15,6,9,942
12.0,15,6,10,945
12.0,15,6,11,948
12.0,15,6,12,951
12.0,15,6,13,953
12.0,15,6,14,956
12.0,15,6,15,959
12.0,15,7,0,919
12.0,15,7,1,922
12.0,15,7,2,925
12.0,15,7,3,928
12.0,15,7,4,931
12.0,15,7,5,933
12.0,15,7,6,936
12.0,15,7,7,939
12.0,15,7,8,942
12.0,15,7,9,945
12.0,15,7,10,948
12.0,15,7,11,951
12.0,15,7,12,954
12.0,15,7,13,956
12.0,15,7,14,959
12.0,15,7,15,962
12.0,15,8,0,922
12.0,15,8,1,925
12.0,15,8,2,928
12.0,15,8,3,931
12.0,15,8,4,933
12.0,15,8,5,936
12.0,15,8,6,939
12.0,15,8,7,942
12.0,15,8,8,945
12.0,15,8,9,948
12.0,15,8,10,951
12.0,15,8,11,954
12.0,15,8,12,957
12.0,15,8,13,960
12.0,15,8,14,962
12.0,15,8,15,965
12.0,15,9,0,925
12.0,15,9,1,928
12.0,15,9,2,931
12.0,15,9,3,934
12.0,15,9,4,936
12.0,15,9,5,939
12.0,15,9,6,942
12.0,15,9,7,945
12.0,15,9,8,948
12.0,15,9,9,951
12.0,15,9,10,954
12.0,15,9,11,957
12.0,15,9,12,960
12.0,15,9,13,963
12.0,15,9,14,965
12.0,15,9,15,968
12.0,15,10,0,928
12.0,15,10,1,931
12.0,15,10,2,933
12.0,15,10,3,936
12.0,15,10,4,939
12.0,15,10,5,942
12.0,15,10,6,945
12.0,15,10,7,948
12.0,15,10,8,951
12.0,15,10,9,954
12.0,15,10,10,957
12.0,15,10,11,960
12.0,15,10,12,963
12.0,15,10,13,966
12.0,15,10,14,969
12.0,15,10,15,971
12.0,15,11,0,930
12.0,15,11,1,933
12.0,15,11,2,936
12.0,15,11,3,939
12.0,15,11,4,942
12.0,15,11,5,945
12.0,15,11,6,948
12.0,15,11,7,951
12.0,15,11,8,954
12.0,15,11,9,957
12.0,15,11,10,960
12.0,15,11,11,963
12.0,15,11,12,966
12.0,15,11,13,969
12.0,15,11,14,972
12.0,15,11,15,974
12.0,15,12,0,933
12.0,15,12,1,936
12.0,15,12,2,939
12.0,15,12,3,942
12.0,15,12,4,945
12.0,15,12,5,948
12.0,15,12,6,951
12.0,15,12,7,954
12.0,15,12,8,957
12.0,15,12,9,960
12.0,15,12,10,963
12.0,15,12,11,966
12.0,15,12,12,969
12.0,15,12,13,972
12.0,15,12,14,975
12.0,15,12,15,977
12.0,15,13,0,936
12.0,15,13,1,939
12.0,15,13,2,942
12.0,15,13,3,945
12.0,15,13,4,948
12.0,15,13,5,951
12.0,15,13,6,954
12.0,15,13,7,957
12.0,15,13,8,960
12.0,15,13,9,963
12.0,15,13,10,966
12.0,15,13,11,969
12.0,15,13,12,972
12.0,15,13,13,975
12.0,15,13,14,978
12.0,15,13,15,981
12.0,15,14,0,939
12.0,15,14,1,942
12.0,15,14,2,945
12.0,15,14,3,948
12.0,15,14,4,951
12.0,15,14,5,954
12.0,15,14,6,957
12.0,15,14,7,960
12.0,15,14,8,963
12.0,15,14,9,966
12.0,15,14,10,969
12.0,15,14,11,972
12.0,15,14,12,975
12.0,15,14,13,978
12.0,15,14,14,981
12.0,15,14,15,984
12.0,15,15,0,942
12.0,15,15,1,945
12.0,15,15,2,948
12.0,15,15,3,951
12.0,15,15,4,954
12.0,15,15,5,957
12.0,15,15,6,960
12.0,15,15,7,963
12.0,15,15,8,966
12.0,15,15,9,969
12.0,15,15,10,972
12.0,15,15,11,975
12.0,15,15,12,978
12.0,15,15,13,981
12.0,15,15,14,984
12.0,15,15,15,987
12.5,0,0,0,884
12.5,0,0,1,887
12.5,0,0,2,890
12.5,0,0,3,893
12.5,0,0,4,896
12.5,0,0,5,899
12.5,0,0,6,901
12.5,0,0,7,904
12.5,0,0,8,907
12.5,0,0,9,910
12.5,0,0,10,913
12.5,0,0,11,915
12.5,0,0,12,918
12.5,0,0,13,921
12.5,0,0,14,924
12.5,0,0,15,926
12.5,0,1,0,887
12.5,0,1,1,890
12.5,0,1,2,893
12.5,0,1,3,896
12.5,0,1,4,899
12.5,0,1,5,902
12.5,0,1,6,904
12.5,0,1,7,907
12.5,0,1,8,910
12.5,0,1,9,913
12.5,0,1,10,916
12.5,0,1,11,918
12.5,0,1,12,921
12.5,0,1,13,924
12.5,0,1,14,927
12.5,0,1,15,929
12.5,0,2,0,890
12.5,0,2,1,893
12.5,0,2,2,896
12.5,0,2,3,899
12.5,0,2,4,902
12.5,0,2,5,905
12.5,0,2,6,907
12.5,0,2,7,910
12.5,0,2,8,913
12.5,0,2,9,916
12.5,0,2,10,919
12.5,0,2,11,921
12.5,0,2,12,924
12.5,0,2,13,927
12.5,0,2,14,930
12.5,0,2,15,932
12.5,0,3,0,893
12.5,0,3,1,896
12.5,0,3,2,899
12.5,0,3,3,902
12.5,0,3,4,905
12.5,0,3,5,908
12.5,0,3,6,910
12.5,0,3,7,913
12.5,0,3,8,916
12.5,0,3,9,919
12.5,0,3,10,922
12.5,0,3,11,924
12.5,0,3,12,927
12.5,0,3,13,930
12.5,0,3,14,933
12.5,0,3,15,936
12.5,0,4,0,896
12.5,0,4,1,899
12.5,0,4,2,902
12.5,0,4,3,905
12.5,0,4,4,908
12.5,0,4,5,911
12.5,0,4,6,913
12.5,0,4,7,916
12.5,0,4,8,919
12.5,0,4,9,922
12.5,0,4,10,925
12.5,0,4,11,927
12.5,0,4,12,930
12.5,0,4,13,933
12.5,0,4,14,936
12.5,0,4,15,939
12.5,0,5,0,899
12.5,0,5,1,902
12.5,0,5,2,905
12.5,0,5,3,908
12.5,0,5,4,911
12.5,0,5,5,914
12.5,0,5,6,916
12.5,0,5,7,919
12.5,0,5,8,922
12.5,0,5,9,925
12.5,0,5,10,928
12.5,0,5,11,931
12.5,0,5,12,933
12.5,0,5,13,936
12.5,0,5,14,939
12.5,0,5,15,942
12.5,0,6,0,902
12.5,0,6,1,905
12.5,0,6,2,908
12.5,0,6,3,911
12.5,0,6,4,914
12.5,0,6,5,916
12.5,0,6,6,919
12.5,0,6,7,922
12.5,0,6,8,925
12.5,0,6,9,928
12.5,0,6,10,931
12.5,0,6,11,934
12.5,0,6,12,936
12.5,0,6,13,939
12.5,0,6,14,942
12.5,0,6,15,945
12.5,0,7,0,905
12.5,0,7,1,908
12.5,0,7,2,911
12.5,0,7,3,914
12.5,0,7,4,917
12.5,0,7,5,919
12.5,0,7,6,922
12.5,0,7,7,925
12.5,0,7,8,928
12.5,0,7,9,931
12.5,0,7,10,934
12.5,0,7,11,937
12.5,0,7,12,939
12.5,0,7,13,942
12.5,0,7,14,945
12.5,0,7,15,948
12.5,0,8,0,908
12.5,0,8,1,911
12.5,0,8,2,914
12.5,0,8,3,917
12.5,0,8,4,920
12.5,0,8,5,922
12.5,0,8,6,925
12.5,0,8,7,928
12.5,0,8,8,931
12.5,0,8,9,934
12.5,0,8,10,937
12.5,0,8,11,940
12.5,0,8,12,942
12.5,0,8,13,945
12.5,0,8,14,948
12.5,0,8,15,951
12.5,0,9,0,911
12.5,0,9,1,914
12.5,0,9,2,917
12.5,0,9,3,920
12.5,0,9,4,922
12.5,0,9,5,925
12.5,0,9,6,928
12.5,0,9,7,931
12.5,0,9,8,934
12.5,0,9,9,937
12.5,0,9,10,940
12.5,0,9,11,943
12.5,0,9,12,945
12.5,0,9,13,948
12.5,0,9,14,951
12.5,0,9,15,954
12.5,0,10,0,914
12.5,0,10,1,917
12.5,0,10,2,920
12.5,0,10,3,922
12.5,0,10,4,925
12.5,0,10,5,928
12.5,0,10,6,931
12.5,0,10,7,934
12.5,0,10,8,937
12.5,0,10,9,940
12.5,0,10,10,943
12.5,0,10,11,946
12.5,0,10,12,948
12.5,0,10,13,951
12.5,0,10,14,954
12.5,0,10,15,957
12.5,0,11,0,916
12.5,0,11,1,919
12.5,0,11,2,922
12.5,0,11,3,925
12.5,0,11,4,928
12.5,0,11,5,931
12.5,0,11,6,934
12.5,0,11,7,937
12.5,0,11,8,940
12.5,0,11,9,943
12.5,0,11,10,946
12.5,0,11,11,948
12.5,0,11,12,951
12.5,0,11,13,954
12.5,0,11,14,957
12.5,0,11,15,960
12.5,0,12,0,919
12.5,0,12,1,922
12.5,0,12,2,925
12.5,0,12,3,928
12.5,0,12,4,931
12.5,0,12,5,934
12.5,0,12,6,937
12.5,0,12,7,940
12.5,0,12,8,943
12.5,0,12,9,946
12.5,0,12,10,949
12.5,0,12,11,951
12.5,0,12,12,954
12.5,0,12,13,957
12.5,0,12,14,960
12.5,0,12,15,963
12.5,0,13,0,922
12.5,0,13,1,925
12.5,0,13,2,928
12.5,0,13,3,931
12.5,0,13,4,934
12.5,0,13,5,937
12.5,0,13,6,940
12.5,0,13,7,943
12.5,0,13,8,946
12.5,0,13,9,949
12.5,0,13,10,952
12.5,0,13,11,954
12.5,0,13,12,957
12.5,0,13,13,960
12.5,0,13,14,963
12.5,0,13,15,966
12.5,0,14,0,925
12.5,0,14,1,928
12.5,0,14,2,931
12.5,0,14,3,934
12.5,0,14,4,937
12.5,0,14,5,940
12.5,0,14,6,943
12.5,0,14,7,946
12.5,0,14,8,949
12.5,0,14,9,952
12.5,0,14,10,954
12.5,0,14,11,957
12.5,0,14,12,960
12.5,0,14,13,963
12.5,0,14,14,966
12.5,0,14,15,969
12.5,0,15,0,928
12.5,0,15,1,931
12.5,0,15,2,934
12.5,0,15,3,937
12.5,0,15,4,940
12.5,0,15,5,943
12.5,0,15,6,946
12.5,0,15,7,949
12.5,0,15,8,952
12.5,0,15,9,954
12.5,0,15,10,957
12.5,0,15,11,960
12.5,0,15,12,963
12.5,0,15,13,966
12.5,0,15,14,969
12.5,0,15,15,972
12.5,1,0,0,888
12.5,1,0,1,891
12.5,1,0,2,894
12.5,1,0,3,896
12.5,1,0,4,899
12.5,1,0,5,902
12.5,1,0,6,905
12.5,1,0,7,908
12.5,1,0,8,910
12.5,1,0,9,913
12.5,1,0,10,916
12.5,1,0,11,919
12.5,1,0,12,922
12.5,1,0,13,924
12.5,1,0,14,927
12.5,1,0,15,930
12.5,1,1,0,891
12.5,1,1,1,894
12.5,1,1,2,897
12.5,1,1,3,899
12.5,1,1,4,902
12.5,1,1,5,905
12.5,1,1,6,908
12.5,1,1,7,911
12.5,1,1,8,913
12.5,1,1,9,916
12.5,1,1,10,919
12.5,1,1,11,922
12.5,1,1,12,925
12.5,1,1,13,927
12.5,1,1,14,930
12.5,1,1,15,933
12.5,1,2,0,894
12.5,1,2,1,897
12.5,1,2,2,899
12.5,1,2,3,902
12.5,1,2,4,905
12.5,1,2,5,908
12.5,1,2,6,911
12.5,1,2,7,914
12.5,1,2,8,917
12.5,1,2,9,919
12.5,1,2,10,922
12.5,1,2,11,925
12.5,1,2,12,928
12.5,1,2,13,930
12.5,1,2,14,933
12.5,1,2,15,936
12.5,1,3,0,897
12.5,1,3,1,900
12.5,1,3,2,902
12.5,1,3,3,905
12.5,1,3,4,908
12.5,1,3,5,911
12.5,1,3,6,914
12.5,1,3,7,917
12.5,1,3,8,920
12.5,1,3,9,922
12.5,1,3,10,925
12.5,1,3,11,928
12.5,1,3,12,931
12.5,1,3,13,934
12.5,1,3,14,936
12.5,1,3,15,939
12.5,1,4,0,900
12.5,1,4,1,903
12.5,1,4,2,905
12.5,1,4,3,908
12.5,1,4,4,911
12.5,1,4,5,914
12.5,1,4,6,917
12.5,1,4,7,920
12.5,1,4,8,923
12.5,1,4,9,925
12.5,1,4,10,928
12.5,1,4,11,931
12.5,1,4,12,934
12.5,1,4,13,937
12.5,1,4,14,939
12.5,1,4,15,942
12.5,1,5,0,903
12.5,1,5,1,905
12.5,1,5,2,908
12.5,1,5,3,911
12.5,1,5,4,914
12.5,1,5,5,917
12.5,1,5,6,920
12.5,1,5,7,923
12.5,1,5,8,926
12.5,1,5,9,928
12.5,1,5,10,931
12.5,1,5,11,934
12.5,1,5,12,937
12.5,1,5,13,940
12.5,1,5,14,942
12.5,1,5,15,945
12.5,1,6,0,906
12.5,1,6,1,908
12.5,1,6,2,911
12.5,1,6,3,914
12.5,1,6,4,917
12.5,1,6,5,920
12.5,1,6,6,923
12.5,1,6,7,926
12.5,1,6,8,929
12.5,1,6,9,931
12.5,1,6,10,934
12.5,1,6,11,937
12.5,1,6,12,940
12.5,1,6,13,943
12.5,1,6,14,946
12.5,1,6,15,948
12.5,1,7,0,908
12.5,1,7,1,911
12.5,1,7,2,914
12.5,1,7,3,917
12.5,1,7,4,920
12.5,1,7,5,923
12.5,1,7,6,926
12.5,1,7,7,929
12.5,1,7,8,932
12.5,1,7,9,934
12.5,1,7,10,937
12.5,1,7,11,940
12.5,1,7,12,943
12.5,1,7,13,946
12.5,1,7,14,949
12.5,1,7,15,951
12.5,1,8,0,911
12.5,1,8,1,914
12.5,1,8,2,917
12.5,1,8,3,920
12.5,1,8,4,923
12.5,1,8,5,926
12.5,1,8,6,929
12.5,1,8,7,932
12.5,1,8,8,935
12.5,1,8,9,937
12.5,1,8,10,940
12.5,1,8,11,943
12.5,1,8,12,946
12.5,1,8,13,949
12.5,1,8,14,952
12.5,1,8,15,954
12.5,1,9,0,914
12.5,1,9,1,917
12.5,1,9,2,920
12.5,1,9,3,923
12.5,1,9,4,926
12.5,1,9,5,929
12.5,1,9,6,932
12.5,1,9,7,935
12.5,1,9,8,938
12.5,1,9,9,940
12.5,1,9,10,943
12.5,1,9,11,946
12.5,1,9,12,949
12.5,1,9,13,952
12.5,1,9,14,955
12.5,1,9,15,957
12.5,1,10,0,917
12.5,1,10,1,920
12.5,1,10,2,923
12.5,1,10,3,926
12.5,1,10,4,929
12.5,1,10,5,932
12.5,1,10,6,935
12.5,1,10,7,938
12.5,1,10,8,941
12.5,1,10,9,943
12.5,1,10,10,946
12.5,1,10,11,949
12.5,1,10,12,952
12.5,1,10,13,955
12.5,1,10,14,958
12.5,1,10,15,961
12.5,1,11,0,920
12.5,1,11,1,923
12.5,1,11,2,926
12.5,1,11,3,929
12.5,1,11,4,932
12.5,1,11,5,935
12.5,1,11,6,938
12.5,1,11,7,941
12.5,1,11,8,943
12.5,1,11,9,946
12.5,1,11,10,949
12.5,1,11,11,952
12.5,1,11,12,955
12.5,1,11,13,958
12.5,1,11,14,961
12.5,1,11,15,964
12.5,1,12,0,923
12.5,1,12,1,926
12.5,1,12,2,929
12.5,1,12,3,932
12.5,1,12,4,935
12.5,1,12,5,938
12.5,1,12,6,941
12.5,1,12,7,944
12.5,1,12,8,946
12.5,1,12,9,949
12.5,1,12,10,952
12.5,1,12,11,955
12.5,1,12,12,958
12.5,1,12,13,961
12.5,1,12,14,964
12.5,1,12,15,967
12.5,1,13,0,926
12.5,1,13,1,929
12.5,1,13,2,932
12.5,1,13,3,935
12.5,1,13,4,938
12.5,1,13,5,941
12.5,1,13,6,944
12.5,1,13,7,946
12.5,1,13,8,949
12.5,1,13,9,952
12.5,1,13,10,955
12.5,1,13,11,958
12.5,1,13,12,961
12.5,1,13,13,964
12.5,1,13,14,967
12.5,1,13,15,970
12.5,1,14,0,929
12.5,1,14,1,932
12.5,1,14,2,935
12.5,1,14,3,938
12.5,1,14,4,941
12.5,1,14,5,943
12.5,1,14,6,946
12.5,1,14,7,949
12.5,1,14,8,952
12.5,1,14,9,955
12.5,1,14,10,958
12.5,1,14,11,961
12.5,1,14,12,964
12.5,1,14,13,967
12.5,1,14,14,970
12.5,1,14,15,973
12.5,1,15,0,931
12.5,1,15,1,934
12.5,1,15,2,937
12.5,1,15,3,940
12.5,1,15,4,943
12.5,1,15,5,946
12.5,1,15,6,949
12.5,1,15,7,952
12.5,1,15,8,955
12.5,1,15,9,958
12.5,1,15,10,961
12.5,1,15,11,964
12.5,1,15,12,967
12.5,1,15,13,970
12.5,1,15,14,973
12.5,1,15,15,976
12.5,2,0,0,891
12.5,2,0,1,894
12.5,2,0,2,897
12.5,2,0,3,900
12.5,2,0,4,903
12.5,2,0,5,905
12.5,2,0,6,908
12.5,2,0,7,911
12.5,2,0,8,914
12.5,2,0,9,917
12.5,2,0,10,920
12.5,2,0,11,922
12.5,2,0,12,925
12.5,2,0,13,928
12.5,2,0,14,931
12.5,2,0,15,933
12.5,2,1,0,894
12.5,2,1,1,897
12.5,2,1,2,900
12.5,2,1,3,903
12.5,2,1,4,906
12.5,2,1,5,908
12.5,2,1,6,911
12.5,2,1,7,914
12.5,2,1,8,917
12.5,2,1,9,920
12.5,2,1,10,923
12.5,2,1,11,925
12.5,2,1,12,928
12.5,2,1,13,931
12.5,2,1,14,934
12.5,2,1,15,936
12.5,2,2,0,897
12.5,2,2,1,900
12.5,2,2,2,903
12.5,2,2,3,906
12.5,2,2,4,909
12.5,2,2,5,912
12.5,2,2,6,914
12.5,2,2,7,917
12.5,2,2,8,920
12.5,2,2,9,923
12.5,2,2,10,926
12.5,2,2,11,928
12.5,2,2,12,931
12.5,2,2,13,934
12.5,2,2,14,937
12.5,2,2,15,940
12.5,2,3,0,900
12.5,2,3,1,903
12.5,2,3,2,906
12.5,2,3,3,909
12.5,2,3,4,912
12.5,2,3,5,915
12.5,2,3,6,917
12.5,2,3,7,920
12.5,2,3,8,923
12.5,2,3,9,926
12.5,2,3,10,929
12.5,2,3,11,932
12.5,2,3,12,934
12.5,2,3,13,937
12.5,2,3,14,940
12.5,2,3,15,943
12.5,2,4,0,903
12.5,2,4,1,906
12.5,2,4,2,909
12.5,2,4,3,912
12.5,2,4,4,915
12.5,2,4,5,918
12.5,2,4,6,920
12.5,2,4,7,923
12.5,2,4,8,926
12.5,2,4,9,929
12.5,2,4,10,932
12.5,2,4,11,935
12.5,2,4,12,937
12.5,2,4,13,940
12.5,2,4,14,943
12.5,2,4,15,946
12.5,2,5,0,906
12.5,2,5,1,909
12.5,2,5,2,912
12.5,2,5,3,915
12.5,2,5,4,918
12.5,2,5,5,921
12.5,2,5,6,923
12.5,2,5,7,926
12.5,2,5,8,929
12.5,2,5,9,932
12.5,2,5,10,935
12.5,2,5,11,938
12.5,2,5,12,940
12.5,2,5,13,943
12.5,2,5,14,946
12.5,2,5,15,949
12.5,2,6,0,909
12.5,2,6,1,912
12.5,2,6,2,915
12.5,2,6,3,918
12.5,2,6,4,921
12.5,2,6,5,924
12.5,2,6,6,926
12.5,2,6,7,929
12.5,2,6,8,932
12.5,2,6,9,935
12.5,2,6,10,938
12.5,2,6,11,941
12.5,2,6,12,944
12.5,2,6,13,946
12.5,2,6,14,949
12.5,2,6,15,952
12.5,2,7,0,912
12.5,2,7,1,915
12.5,2,7,2,918
12.5,2,7,3,921
12.5,2,7,4,924
12.5,2,7,5,927
12.5,2,7,6,929
12.5,2,7,7,932
12.5,2,7,8,935
12.5,2,7,9,938
12.5,2,7,10,941
12.5,2,7,11,944
12.5,2,7,12,947
12.5,2,7,13,949
12.5,2,7,14,952
12.5,2,7,15,955
12.5,2,8,0,915
12.5,2,8,1,918
12.5,2,8,2,921
12.5,2,8,3,924
12.5,2,8,4,927
12.5,2,8,5,929
12.5,2,8,6,932
12.5,2,8,7,935
12.5,2,8,8,938
12.5,2,8,9,941
12.5,2,8,10,944
12.5,2,8,11,947
12.5,2,8,12,950
12.5,2,8,13,952
12.5,2,8,14,955
12.5,2,8,15,958
12.5,2,9,0,918
12.5,2,9,1,921
12.5,2,9,2,924
12.5,2,9,3,927
12.5,2,9,4,930
12.5,2,9,5,932
12.5,2,9,6,935
12.5,2,9,7,938
12.5,2,9,8,941
12.5,2,9,9,944
12.5,2,9,10,947
12.5,2,9,11,950
12.5,2,9,12,953
12.5,2,9,13,955
12.5,2,9,14,958
12.5,2,9,15,961
12.5,2,10,0,921
12.5,2,10,1,924
12.5,2,10,2,927
12.5,2,10,3,930
12.5,2,10,4,932
12.5,2,10,5,935
12.5,2,10,6,938
12.5,2,10,7,941
12.5,2,10,8,944
12.5,2,10,9,947
12.5,2,10,10,950
12.5,2,10,11,953
12.5,2,10,12,956
12.5,2,10,13,958
12.5,2,10,14,961
12.5,2,10,15,964
12.5,2,11,0,924
12.5,2,11,1,927
12.5,2,11,2,929
12.5,2,11,3,932
12.5,2,11,4,935
12.5,2,11,5,938
12.5,2,11,6,941
12.5,2,11,7,944
12.5,2,11,8,947
12.5,2,11,9,950
12.5,2,11,10,953
12.5,2,11,11,956
12.5,2,11,12,959
12.5,2,11,13,961
12.5,2,11,14,964
12.5,2,11,15,967
12.5,2,12,0,926
12.5,2,12,1,929
12.5,2,12,2,932
12.5,2,12,3,935
12.5,2,12,4,938
12.5,2,12,5,941
12.5,2,12,6,944
12.5,2,12,7,947
12.5,2,12,8,950
12.5,2,12,9,953
12.5,2,12,10,956
12.5,2,12,11,959
12.5,2,12,12,962
12.5,2,12,13,964
12.5,2,12,14,967
12.5,2,12,15,970
12.5,2,13,0,929
12.5,2,13,1,932
12.5,2,13,2,935
12.5,2,13,3,938
12.5,2,13,4,941
12.5,2,13,5,944
12.5,2,13,6,947
12.5,2,13,7,950
12.5,2,13,8,953
12.5,2,13,9,956
12.5,2,13,10,959
12.5,2,13,11,962
12.5,2,13,12,965
12.5,2,13,13,967
12.5,2,13,14,970
12.5,2,13,15,973
12.5,2,14,0,932
12.5,2,14,1,935
12.5,2,14,2,938
12.5,2,14,3,941
12.5,2,14,4,944
12.5,2,14,5,947
12.5,2,14,6,950
12.5,2,14,7,953
12.5,2,14,8,956
12.5,2,14,9,959
12.5,2,14,10,962
12.5,2,14,11,965
12.5,2,14,12,968
12.5,2,14,13,970
12.5,2,14,14,973
12.5,2,14,15,976
12.5,2,15,0,935
12.5,2,15,1,938
12.5,2,15,2,941
12.5,2,15,3,944
12.5,2,15,4,947
12.5,2,15,5,950
12.5,2,15,6,953
12.5,2,15,7,956
12.5,2,15,8,959
12.5,2,15,9,962
12.5,2,15,10,965
12.5,2,15,11,968
12.5,2,15,12,971
12.5,2,15,13,973
12.5,2,15,14,976
12.5,2,15,15,979
12.5,3,0,0,895
12.5,3,0,1,897
12.5,3,0,2,900
12.5,3,0,3,903
12.5,3,0,4,906
12.5,3,0,5,909
12.5,3,0,6,912
12.5,3,0,7,915
12.5,3,0,8,917
12.5,3,0,9,920
12.5,3,0,10,923
12.5,3,0,11,926
12.5,3,0,12,929
12.5,3,0,13,931
12.5,3,0,14,934
12.5,3,0,15,937
12.5,3,1,0,898
12.5,3,1,1,900
12.5,3,1,2,903
12.5,3,1,3,906
12.5,3,1,4,909
12.5,3,1,5,912
12.5,3,1,6,915
12.5,3,1,7,918
12.5,3,1,8,920
12.5,3,1,9,923
12.5,3,1,10,926
12.5,3,1,11,929
12.5,3,1,12,932
12.5,3,1,13,934
12.5,3,1,14,937
12.5,3,1,15,940
12.5,3,2,0,901
12.5,3,2,1,903
12.5,3,2,2,906
12.5,3,2,3,909
12.5,3,2,4,912
12.5,3,2,5,915
12.5,3,2,6,918
12.5,3,2,7,921
12.5,3,2,8,924
12.5,3,2,9,926
12.5,3,2,10,929
12.5,3,2,11,932
12.5,3,2,12,935
12.5,3,2,13,938
12.5,3,2,14,940
12.5,3,2,15,943
12.5,3,3,0,904
12.5,3,3,1,906
12.5,3,3,2,909
12.5,3,3,3,912
12.5,3,3,4,915
12.5,3,3,5,918
12.5,3,3,6,921
12.5,3,3,7,924
12.5,3,3,8,927
12.5,3,3,9,929
12.5,3,3,10,932
12.5,3,3,11,935
12.5,3,3,12,938
12.5,3,3,13,941
12.5,3,3,14,943
12.5,3,3,15,946
12.5,3,4,0,907
12.5,3,4,1,909
12.5,3,4,2,912
12.5,3,4,3,915
12.5,3,4,4,918
12.5,3,4,5,921
12.5,3,4,6,924
12.5,3,4,7,927
12.5,3,4,8,930
12.5,3,4,9,932
12.5,3,4,10,935
12.5,3,4,11,938
12.5,3,4,12,941
12.5,3,4,13,944
12.5,3,4,14,947
12.5,3,4,15,949
12.5,3,5,0,909
12.5,3,5,1,912
12.5,3,5,2,915
12.5,3,5,3,918
12.5,3,5,4,921
12.5,3,5,5,924
12.5,3,5,6,927
12.5,3,5,7,930
12.5,3,5,8,933
12.5,3,5,9,936
12.5,3,5,10,938
12.5,3,5,11,941
12.5,3,5,12,944
12.5,3,5,13,947
12.5,3,5,14,950
12.5,3,5,15,952
12.5,3,6,0,912
12.5,3,6,1,915
12.5,3,6,2,918
12.5,3,6,3,921
12.5,3,6,4,924
12.5,3,6,5,927
12.5,3,6,6,930
12.5,3,6,7,933
12.5,3,6,8,936
12.5,3,6,9,939
12.5,3,6,10,941
12.5,3,6,11,944
12.5,3,6,12,947
12.5,3,6,13,950
12.5,3,6,14,953
12.5,3,6,15,956
12.5,3,7,0,915
12.5,3,7,1,918
12.5,3,7,2,921
12.5,3,7,3,924
12.5,3,7,4,927
12.5,3,7,5,930
12.5,3,7,6,933
12.5,3,7,7,936
12.5,3,7,8,939
12.5,3,7,9,942
12.5,3,7,10,944
12.5,3,7,11,947
12.5,3,7,12,950
12.5,3,7,13,953
12.5,3,7,14,956
12.5,3,7,15,959
12.5,3,8,0,918
12.5,3,8,1,921
12.5,3,8,2,924
12.5,3,8,3,927
12.5,3,8,4,930
12.5,3,8,5,933
12.5,3,8,6,936
12.5,3,8,7,939
12.5,3,8,8,942
12.5,3,8,9,945
12.5,3,8,10,947
12.5,3,8,11,950
12.5,3,8,12,953
12.5,3,8,13,956
12.5,3,8,14,959
12.5,3,8,15,962
12.5,3,9,0,921
12.5,3,9,1,924
12.5,3,9,2,927
12.5,3,9,3,930
12.5,3,9,4,933
12.5,3,9,5,936
12.5,3,9,6,939
12.5,3,9,7,942
12.5,3,9,8,945
12.5,3,9,9,948
12.5,3,9,10,950
12.5,3,9,11,953
12.5,3,9,12,956
12.5,3,9,13,959
12.5,3,9,14,962
12.5,3,9,15,965
12.5,3,10,0,924
12.5,3,10,1,927
12.5,3,10,2,930
12.5,3,10,3,933
12.5,3,10,4,936
12.5,3,10,5,939
12.5,3,10,6,942
12.5,3,10,7,945
12.5,3,10,8,948
12.5,3,10,9,951
12.5,3,10,10,953
12.5,3,10,11,956
12.5,3,10,12,959
12.5,3,10,13,962
12.5,3,10,14,965
12.5,3,10,15,968
12.5,3,11,0,927
12.5,3,11,1,930
12.5,3,11,2,933
12.5,3,11,3,936
12.5,3,11,4,939
12.5,3,11,5,942
12.5,3,11,6,945
12.5,3,11,7,948
12.5,3,11,8,951
12.5,3,11,9,954
12.5,3,11,10,956
12.5,3,11,11,959
12.5,3,11,12,962
12.5,3,11,13,965
12.5,3,11,14,968
12.5,3,11,15,971
12.5,3,12,0,930
12.5,3,12,1,933
12.5,3,12,2,936
12.5,3,12,3,939
12.5,3,12,4,942
12.5,3,12,5,945
12.5,3,12,6,948
12.5,3,12,7,951
12.5,3,12,8,954
12.5,3,12,9,957
12.5,3,12,10,959
12.5,3,12,11,962
12.5,3,12,12,965
12.5,3,12,13,968
12.5,3,12,14,971
12.5,3,12,15,974
12.5,3,13,0,933
12.5,3,13,1,936
12.5,3,13,2,939
12.5,3,13,3,942
12.5,3,13,4,945
12.5,3,13,5,948
12.5,3,13,6,951
12.5,3,13,7,954
12.5,3,13,8,957
12.5,3,13,9,960
12.5,3,13,10,962
12.5,3,13,11,965
12.5,3,13,12,968
12.5,3,13,13,971
12.5,3,13,14,974
12.5,3,13,15,977
12.5,3,14,0,936
12.5,3,14,1,939
12.5,3,14,2,942
12.5,3,14,3,945
12.5,3,14,4,948
12.5,3,14,5,951
12.5,3,14,6,954
12.5,3,14,7,957
12.5,3,14,8,960
12.5,3,14,9,962
12.5,3,14,10,965
12.5,3,14,11,968
12.5,3,14,12,971
12.5,3,14,13,974
12.5,3,14,14,977
12.5,3,14,15,980
12.5,3,15,0,939
12.5,3,15,1,942
12.5,3,15,2,945
12.5,3,15,3,948
12.5,3,15,4,951
12.5,3,15,5,954
12.5,3,15,6,957
12.5,3,15,7,960
12.5,3,15,8,962
12.5,3,15,9,965
12.5,3,15,10,968
12.5,3,15,11,971
12.5,3,15,12,974
12.5,3,15,13,977
12.5,3,15,14,980
12.5,3,15,15,983
12.5,4,0,0,898
12.5,4,0,1,901
12.5,4,0,2,904
12.5,4,0,3,907
12.5,4,0,4,909
12.5,4,0,5,912
12.5,4,0,6,915
12.5,4,0,7,918
12.5,4,0,8,921
12.5,4,0,9,924
12.5,4,0,10,927
12.5,4,0,11,929
12.5,4,0,12,932
12.5,4,0,13,935
12.5,4,0,14,938
12.5,4,0,15,940
12.5,4,1,0,901
12.5,4,1,1,904
12.5,4,1,2,907
12.5,4,1,3,910
12.5,4,1,4,913
12.5,4,1,5,915
12.5,4,1,6,918
12.5,4,1,7,921
12.5,4,1,8,924
12.5,4,1,9,927
12.5,4,1,10,930
12.5,4,1,11,932
12.5,4,1,12,935
12.5,4,1,13,938
12.5,4,1,14,941
12.5,4,1,15,944
12.5,4,2,0,904
12.5,4,2,1,907
12.5,4,2,2,910
12.5,4,2,3,913
12.5,4,2,4,916
12.5,4,2,5,918
12.5,4,2,6,921
12.5,4,2,7,924
12.5,4,2,8,927
12.5,4,2,9,930
12.5,4,2,10,933
12.5,4,2,11,936
12.5,4,2,12,938
12.5,4,2,13,941
12.5,4,2,14,944
12.5,4,2,15,947
12.5,4,3,0,907
12.5,4,3,1,910
12.5,4,3,2,913
12.5,4,3,3,916
12.5,4,3,4,919
12.5,4,3,5,921
12.5,4,3,6,924
12.5,4,3,7,927
12.5,4,3,8,930
12.5,4,3,9,933
12.5,4,3,10,936
12.5,4,3,11,939
12.5,4,3,12,941
12.5,4,3,13,944
12.5,4,3,14,947
12.5,4,3,15,950
12.5,4,4,0,910
12.5,4,4,1,913
12.5,4,4,2,916
12.5,4,4,3,919
12.5,4,4,4,922
12.5,4,4,5,925
12.5,4,4,6,927
12.5,4,4,7,930
12.5,4,4,8,933
12.5,4,4,9,936
12.5,4,4,10,939
12.5,4,4,11,942
12.5,4,4,12,945
12.5,4,4,13,947
12.5,4,4,14,950
12.5,4,4,15,953
12.5,4,5,0,913
12.5,4,5,1,916
12.5,4,5,2,919
12.5,4,5,3,922
12.5,4,5,4,925
12.5,4,5,5,928
12.5,4,5,6,930
12.5,4,5,7,933
12.5,4,5,8,936
12.5,4,5,9,939
12.5,4,5,10,942
12.5,4,5,11,945
12.5,4,5,12,948
12.5,4,5,13,950
12.5,4,5,14,953
12.5,4,5,15,956
12.5,4,6,0,916
12.5,4,6,1,919
12.5,4,6,2,922
12.5,4,6,3,925
12.5,4,6,4,928
12.5,4,6,5,931
12.5,4,6,6,933
12.5,4,6,7,936
12.5,4,6,8,939
12.5,4,6,9,942
12.5,4,6,10,945
12.5,4,6,11,948
12.5,4,6,12,951
12.5,4,6,13,954
12.5,4,6,14,956
12.5,4,6,15,959
12.5,4,7,0,919
12.5,4,7,1,922
12.5,4,7,2,925
12.5,4,7,3,928
12.5,4,7,4,931
12.5,4,7,5,934
12.5,4,7,6,936
12.5,4,7,7,939
12.5,4,7,8,942
12.5,4,7,9,945
12.5,4,7,10,948
12.5,4,7,11,951
12.5,4,7,12,954
12.5,4,7,13,957
12.5,4,7,14,959
12.5,4,7,15,962
12.5,4,8,0,922
12.5,4,8,1,925
12.5,4,8,2,928
12.5,4,8,3,931
12.5,4,8,4,934
12.5,4,8,5,937
12.5,4,8,6,939
12.5,4,8,7,942
12.5,4,8,8,945
12.5,4,8,9,948
12.5,4,8,10,951
12.5,4,8,11,954
12.5,4,8,12,957
12.5,4,8,13,960
12.5,4,8,14,963
12.5,4,8,15,965
12.5,4,9,0,925
12.5,4,9,1,928
12.5,4,9,2,931
12.5,4,9,3,934
12.5,4,9,4,937
12.5,4,9,5,940
12.5,4,9,6,942
12.5,4,9,7,945
12.5,4,9,8,948
12.5,4,9,9,951
12.5,4,9,10,954
12.5,4,9,11,957
12.5,4,9,12,960
12.5,4,9,13,963
12.5,4,9,14,966
12.5,4,9,15,968
12.5,4,10,0,928
12.5,4,10,1,931
12.5,4,10,2,934
12.5,4,10,3,937
12.5,4,10,4,940
12.5,4,10,5,942
12.5,4,10,6,945
12.5,4,10,7,948
12.5,4,10,8,951
12.5,4,10,9,954
12.5,4,10,10,957
12.5,4,10,11,960
12.5,4,10,12,963
12.5,4,10,13,966
12.5,4,10,14,969
12.5,4,10,15,972
12.5,4,11,0,931
12.5,4,11,1,934
12.5,4,11,2,937
12.5,4,11,3,940
12.5,4,11,4,942
12.5,4,11,5,945
12.5,4,11,6,948
12.5,4,11,7,951
12.5,4,11,8,954
12.5,4,11,9,957
12.5,4,11,10,960
12.5,4,11,11,963
12.5,4,11,12,966
12.5,4,11,13,969
12.5,4,11,14,972
12.5,4,11,15,975
12.5,4,12,0,933
12.5,4,12,1,936
12.5,4,12,2,939
12.5,4,12,3,942
12.5,4,12,4,945
12.5,4,12,5,948
12.5,4,12,6,951
12.5,4,12,7,954
12.5,4,12,8,957
12.5,4,12,9,960
12.5,4,12,10,963
12.5,4,12,11,966
12.5,4,12,12,969
12.5,4,12,13,972
12.5,4,12,14,975
12.5,4,12,15,978
12.5,4,13,0,936
12.5,4,13,1,939
12.5,4,13,2,942
12.5,4,13,3,945
12.5,4,13,4,948
12.5,4,13,5,951
12.5,4,13,6,954
12.5,4,13,7,957
12.5,4,13,8,960
12.5,4,13,9,963
12.5,4,13,10,966
12.5,4,13,11,969
12.5,4,13,12,972
12.5,4,13,13,975
12.5,4,13,14,978
12.5,4,13,15,981
12.5,4,14,0,939
12.5,4,14,1,942
12.5,4,14,2,945
12.5,4,14,3,948
12.5,4,14,4,951
12.5,4,14,5,954
12.5,4,14,6,957
12.5,4,14,7,960
12.5,4,14,8,963
12.5,4,14,9,966
12.5,4,14,10,969
12.5,4,14,11,972
12.5,4,14,12,975
12.5,4,14,13,978
12.5,4,14,14,981
12.5,4,14,15,984
12.5,4,15,0,942
12.5,4,15,1,945
12.5,4,15,2,948
12.5,4,15,3,951
12.5,4,15,4,954
12.5,4,15,5,957
12.5,4,15,6,960
12.5,4,15,7,963
12.5,4,15,8,966
12.5,4,15,9,969
12.5,4,15,10,972
12.5,4,15,11,975
12.5,4,15,12,978
12.5,4,15,13,981
12.5,4,15,14,984
12.5,4,15,15,987
12.5,5,0,0,901
12.5,5,0,1,904
12.5,5,0,2,907
12.5,5,0,3,910
12.5,5,0,4,913
12.5,5,0,5,916
12.5,5,0,6,919
12.5,5,0,7,922
12.5,5,0,8,924
12.5,5,0,9,927
12.5,5,0,10,930
12.5,5,0,11,933
12.5,5,0,12,936
12.5,5,0,13,938
12.5,5,0,14,941
12.5,5,0,15,944
12.5,5,1,0,904
12.5,5,1,1,907
12.5,5,1,2,910
12.5,5,1,3,913
12.5,5,1,4,916
12.5,5,1,5,919
12.5,5,1,6,922
12.5,5,1,7,925
12.5,5,1,8,927
12.5,5,1,9,930
12.5,5,1,10,933
12.5,5,1,11,936
12.5,5,1,12,939
12.5,5,1,13,942
12.5,5,1,14,944
12.5,5,1,15,947
12.5,5,2,0,907
12.5,5,2,1,910
12.5,5,2,2,913
12.5,5,2,3,916
12.5,5,2,4,919
12.5,5,2,5,922
12.5,5,2,6,925
12.5,5,2,7,928
12.5,5,2,8,931
12.5,5,2,9,933
12.5,5,2,10,936
12.5,5,2,11,939
12.5,5,2,12,942
12.5,5,2,13,945
12.5,5,2,14,948
12.5,5,2,15,950
12.5,5,3,0,910
12.5,5,3,1,913
12.5,5,3,2,916
12.5,5,3,3,919
12.5,5,3,4,922
12.5,5,3,5,925
12.5,5,3,6,928
12.5,5,3,7,931
12.5,5,3,8,934
12.5,5,3,9,936
12.5,5,3,10,939
12.5,5,3,11,942
12.5,5,3,12,945
12.5,5,3,13,948
12.5,5,3,14,951
12.5,5,3,15,953
12.5,5,4,0,913
12.5,5,4,1,916
12.5,5,4,2,919
12.5,5,4,3,922
12.5,5,4,4,925
12.5,5,4,5,928
12.5,5,4,6,931
12.5,5,4,7,934
12.5,5,4,8,937
12.5,5,4,9,940
12.5,5,4,10,942
12.5,5,4,11,945
12.5,5,4,12,948
12.5,5,4,13,951
12.5,5,4,14,954
12.5,5,4,15,957
12.5,5,5,0,916
12.5,5,5,1,919
12.5,5,5,2,922
12.5,5,5,3,925
12.5,5,5,4,928
12.5,5,5,5,931
12.5,5,5,6,934
12.5,5,5,7,937
12.5,5,5,8,940
12.5,5,5,9,943
12.5,5,5,10,945
12.5,5,5,11,948
12.5,5,5,12,951
12.5,5,5,13,954
12.5,5,5,14,957
12.5,5,5,15,960
12.5,5,6,0,919
12.5,5,6,1,922
12.5,5,6,2,925
12.5,5,6,3,928
12.5,5,6,4,931
12.5,5,6,5,934
12.5,5,6,6,937
12.5,5,6,7,940
12.5,5,6,8,943
12.5,5,6,9,946
12.5,5,6,10,949
12.5,5,6,11,951
12.5,5,6,12,954
12.5,5,6,13,957
12.5,5,6,14,960
12.5,5,6,15,963
12.5,5,7,0,922
12.5,5,7,1,925
12.5,5,7,2,928
12.5,5,7,3,931
12.5,5,7,4,934
12.5,5,7,5,937
12.5,5,7,6,940
12.5,5,7,7,943
12.5,5,7,8,946
12.5,5,7,9,949
12.5,5,7,10,952
12.5,5,7,11,954
12.5,5,7,12,957
12.5,5,7,13,960
12.5,5,7,14,963
12.5,5,7,15,966
12.5,5,8,0,925
12.5,5,8,1,928
12.5,5,8,2,931
12.5,5,8,3,934
12.5,5,8,4,937
12.5,5,8,5,940
12.5,5,8,6,943
12.5,5,8,7,946
12.5,5,8,8,949
12.5,5,8,9,952
12.5,5,8,10,955
12.5,5,8,11,958
12.5,5,8,12,960
12.5,5,8,13,963
12.5,5,8,14,966
12.5,5,8,15,969
12.5,5,9,0,928
12.5,5,9,1,931
12.5,5,9,2,934
12.5,5,9,3,937
12.5,5,9,4,940
12.5,5,9,5,943
12.5,5,9,6,946
12.5,5,9,7,949
12.5,5,9,8,952
12.5,5,9,9,955
12.5,5,9,10,958
12.5,5,9,11,961
12.5,5,9,12,963
12.5,5,9,13,966
12.5,5,9,14,969
12.5,5,9,15,972
12.5,5,10,0,931
12.5,5,10,1,934
12.5,5,10,2,937
12.5,5,10,3,940
12.5,5,10,4,943
12.5,5,10,5,946
12.5,5,10,6,949
12.5,5,10,7,952
12.5,5,10,8,955
12.5,5,10,9,958
12.5,5,10,10,961
12.5,5,10,11,964
12.5,5,10,12,967
12.5,5,10,13,969
12.5,5,10,14,972
12.5,5,10,15,975
12.5,5,11,0,934
12.5,5,11,1,937
12.5,5,11,2,940
12.5,5,11,3,943
12.5,5,11,4,946
12.5,5,11,5,949
12.5,5,11,6,952
12.5,5,11,7,955
12.5,5,11,8,958
12.5,5,11,9,961
12.5,5,11,10,964
12.5,5,11,11,967
12.5,5,11,12,970
12.5,5,11,13,972
12.5,5,11,14,975
12.5,5,11,15,978
12.5,5,12,0,937
12.5,5,12,1,940
12.5,5,12,2,943
12.5,5,12,3,946
12.5,5,12,4,949
12.5,5,12,5,952
12.5,5,12,6,955
12.5,5,12,7,958
12.5,5,12,8,961
12.5,5,12,9,964
12.5,5,12,10,967
12.5,5,12,11,970
12.5,5,12,12,973
12.5,5,12,13,976
12.5,5,12,14,978
12.5,5,12,15,981
12.5,5,13,0,940
12.5,5,13,1,943
12.5,5,13,2,946
12.5,5,13,3,949
12.5,5,13,4,952
12.5,5,13,5,955
12.5,5,13,6,958
12.5,5,13,7,961
12.5,5,13,8,964
12.5,5,13,9,967
12.5,5,13,10,970
12.5,5,13,11,973
12.5,5,13,12,976
12.5,5,13,13,979
12.5,5,13,14,981
12.5,5,13,15,984
12.5,5,14,0,943
12.5,5,14,1,946
12.5,5,14,2,949
12.5,5,14,3,952
12.5,5,14,4,955
12.5,5,14,5,958
12.5,5,14,6,961
12.5,5,14,7,964
12.5,5,14,8,967
12.5,5,14,9,970
12.5,5,14,10,973
12.5,5,14,11,976
12.5,5,14,12,979
12.5,5,14,13,982
12.5,5,14,14,984
12.5,5,14,15,987
12.5,5,15,0,946
12.5,5,15,1,949
12.5,5,15,2,952
12.5,5,15,3,955
12.5,5,15,4,958
12.5,5,15,5,961
12.5,5,15,6,964
12.5,5,15,7,967
12.5,5,15,8,970
12.5,5,15,9,973
12.5,5,15,10,976
12.5,5,15,11,979
12.5,5,15,12,982
12.5,5,15,13,985
12.5,5,15,14,987
12.5,5,15,15,990
12.5,6,0,0,905
12.5,6,0,1,908
12.5,6,0,2,911
12.5,6,0,3,913
12.5,6,0,4,916
12.5,6,0,5,919
12.5,6,0,6,922
12.5,6,0,7,925
12.5,6,0,8,928
12.5,6,0,9,931
12.5,6,0,10,934
12.5,6,0,11,936
12.5,6,0,12,939
12.5,6,0,13,942
12.5,6,0,14,945
12.5,6,0,15,948
12.5,6,1,0,908
12.5,6,1,1,911
12.5,6,1,2,914
12.5,6,1,3,917
12.5,6,1,4,919
12.5,6,1,5,922
12.5,6,1,6,925
12.5,6,1,7,928
12.5,6,1,8,931
12.5,6,1,9,934
12.5,6,1,10,937
12.5,6,1,11,939
12.5,6,1,12,942
12.5,6,1,13,945
12.5,6,1,14,948
12.5,6,1,15,951
12.5,6,2,0,911
12.5,6,2,1,914
12.5,6,2,2,917
12.5,6,2,3,920
12.5,6,2,4,922
12.5,6,2,5,925
12.5,6,2,6,928
12.5,6,2,7,931
12.5,6,2,8,934
12.5,6,2,9,937
12.5,6,2,10,940
12.5,6,2,11,943
12.5,6,2,12,945
12.5,6,2,13,948
12.5,6,2,14,951
12.5,6,2,15,954
12.5,6,3,0,914
12.5,6,3,1,917
12.5,6,3,2,920
12.5,6,3,3,923
12.5,6,3,4,926
12.5,6,3,5,928
12.5,6,3,6,931
12.5,6,3,7,934
12.5,6,3,8,937
12.5,6,3,9,940
12.5,6,3,10,943
12.5,6,3,11,946
12.5,6,3,12,949
12.5,6,3,13,951
12.5,6,3,14,954
12.5,6,3,15,957
12.5,6,4,0,917
12.5,6,4,1,920
12.5,6,4,2,923
12.5,6,4,3,926
12.5,6,4,4,929
12.5,6,4,5,932
12.5,6,4,6,934
12.5,6,4,7,937
12.5,6,4,8,940
12.5,6,4,9,943
12.5,6,4,10,946
12.5,6,4,11,949
12.5,6,4,12,952
12.5,6,4,13,955
12.5,6,4,14,957
12.5,6,4,15,960
12.5,6,5,0,920
12.5,6,5,1,923
12.5,6,5,2,926
12.5,6,5,3,929
12.5,6,5,4,932
12.5,6,5,5,935
12.5,6,5,6,937
12.5,6,5,7,940
12.5,6,5,8,943
12.5,6,5,9,946
12.5,6,5,10,949
12.5,6,5,11,952
12.5,6,5,12,955
12.5,6,5,13,958
12.5,6,5,14,960
12.5,6,5,15,963
12.5,6,6,0,923
12.5,6,6,1,926
12.5,6,6,2,929
12.5,6,6,3,932
12.5,6,6,4,935
12.5,6,6,5,938
12.5,6,6,6,941
12.5,6,6,7,943
12.5,6,6,8,946
12.5,6,6,9,949
12.5,6,6,10,952
12.5,6,6,11,955
12.5,6,6,12,958
12.5,6,6,13,961
12.5,6,6,14,964
12.5,6,6,15,966
12.5,6,7,0,926
12.5,6,7,1,929
12.5,6,7,2,932
12.5,6,7,3,935
12.5,6,7,4,938
12.5,6,7,5,941
12.5,6,7,6,944
12.5,6,7,7,946
12.5,6,7,8,949
12.5,6,7,9,952
12.5,6,7,10,955
12.5,6,7,11,958
12.5,6,7,12,961
12.5,6,7,13,964
12.5,6,7,14,967
12.5,6,7,15,970
12.5,6,8,0,929
12.5,6,8,1,932
12.5,6,8,2,935
12.5,6,8,3,938
12.5,6,8,4,941
12.5,6,8,5,944
12.5,6,8,6,947
12.5,6,8,7,949
12.5,6,8,8,952
12.5,6,8,9,955
12.5,6,8,10,958
12.5,6,8,11,961
12.5,6,8,12,964
12.5,6,8,13,967
12.5,6,8,14,970
12.5,6,8,15,973
12.5,6,9,0,932
12.5,6,9,1,935
12.5,6,9,2,938
12.5,6,9,3,941
12.5,6,9,4,944
12.5,6,9,5,947
12.5,6,9,6,950
12.5,6,9,7,953
12.5,6,9,8,955
12.5,6,9,9,958
12.5,6,9,10,961
12.5,6,9,11,964
12.5,6,9,12,967
12.5,6,9,13,970
12.5,6,9,14,973
12.5,6,9,15,976
12.5,6,10,0,935
12.5,6,10,1,938
12.5,6,10,2,941
12.5,6,10,3,944
12.5,6,10,4,947
12.5,6,10,5,950
12.5,6,10,6,953
12.5,6,10,7,956
12.5,6,10,8,958
12.5,6,10,9,961
12.5,6,10,10,964
12.5,6,10,11,967
12.5,6,10,12,970
12.5,6,10,13,973
12.5,6,10,14,976
12.5,6,10,15,979
12.5,6,11,0,938
12.5,6,11,1,941
12.5,6,11,2,944
12.5,6,11,3,947
12.5,6,11,4,950
12.5,6,11,5,953
12.5,6,11,6,956
12.5,6,11,7,959
12.5,6,11,8,961
12.5,6,11,9,964
12.5,6,11,10,967
12.5,6,11,11,970
12.5,6,11,12,973
12.5,6,11,13,976
12.5,6,11,14,979
12.5,6,11,15,982
12.5,6,12,0,941
12.5,6,12,1,944
12.5,6,12,2,947
12.5,6,12,3,950
12.5,6,12,4,953
12.5,6,12,5,956
12.5,6,12,6,959
12.5,6,12,7,962
12.5,6,12,8,964
12.5,6,12,9,967
12.5,6,12,10,970
12.5,6,12,11,973
12.5,6,12,12,976
12.5,6,12,13,979
12.5,6,12,14,982
12.5,6,12,15,985
12.5,6,13,0,943
12.5,6,13,1,946
12.5,6,13,2,949
12.5,6,13,3,953
12.5,6,13,4,956
12.5,6,13,5,959
12.5,6,13,6,962
12.5,6,13,7,965
12.5,6,13,8,967
12.5,6,13,9,970
12.5,6,13,10,973
12.5,6,13,11,976
12.5,6,13,12,979
12.5,6,13,13,982
12.5,6,13,14,985
12.5,6,13,15,988
12.5,6,14,0,946
12.5,6,14,1,949
12.5,6,14,2,952
12.5,6,14,3,955
12.5,6,14,4,958
12.5,6,14,5,961
12.5,6,14,6,964
12.5,6,14,7,967
12.5,6,14,8,970
12.5,6,14,9,973
12.5,6,14,10,976
12.5,6,14,11,979
12.5,6,14,12,982
12.5,6,14,13,985
12.5,6,14,14,988
12.5,6,14,15,991
12.5,6,15,0,949
12.5,6,15,1,952
12.5,6,15,2,955
12.5,6,15,3,958
12.5,6,15,4,961
12.5,6,15,5,964
12.5,6,15,6,967
12.5,6,15,7,970
12.5,6,15,8,973
12.5,6,15,9,976
12.5,6,15,10,979
12.5,6,15,11,982
12.5,6,15,12,985
12.5,6,15,13,988
12.5,6,15,14,991
12.5,6,15,15,994
12.5,7,0,0,908
12.5,7,0,1,911
12.5,7,0,2,914
12.5,7,0,3,917
12.5,7,0,4,920
12.5,7,0,5,923
12.5,7,0,6,926
12.5,7,0,7,928
12.5,7,0,8,931
12.5,7,0,9,934
12.5,7,0,10,937
12.5,7,0,11,940
12.5,7,0,12,943
12.5,7,0,13,945
12.5,7,0,14,948
12.5,7,0,15,951
12.5,7,1,0,911
12.5,7,1,1,914
12.5,7,1,2,917
12.5,7,1,3,920
12.5,7,1,4,923
12.5,7,1,5,926
12.5,7,1,6,929
12.5,7,1,7,932
12.5,7,1,8,934
12.5,7,1,9,937
12.5,7,1,10,940
12.5,7,1,11,943
12.5,7,1,12,946
12.5,7,1,13,949
12.5,7,1,14,951
12.5,7,1,15,954
12.5,7,2,0,914
12.5,7,2,1,917
12.5,7,2,2,920
12.5,7,2,3,923
12.5,7,2,4,926
12.5,7,2,5,929
12.5,7,2,6,932
12.5,7,2,7,935
12.5,7,2,8,938
12.5,7,2,9,940
12.5,7,2,10,943
12.5,7,2,11,946
12.5,7,2,12,949
12.5,7,2,13,952
12.5,7,2,14,955
12.5,7,2,15,957
12.5,7,3,0,917
12.5,7,3,1,920
12.5,7,3,2,923
12.5,7,3,3,926
12.5,7,3,4,929
12.5,7,3,5,932
12.5,7,3,6,935
12.5,7,3,7,938
12.5,7,3,8,941
12.5,7,3,9,944
12.5,7,3,10,946
12.5,7,3,11,949
12.5,7,3,12,952
12.5,7,3,13,955
12.5,7,3,14,958
12.5,7,3,15,961
12.5,7,4,0,920
12.5,7,4,1,923
12.5,7,4,2,926
12.5,7,4,3,929
12.5,7,4,4,932
12.5,7,4,5,935
12.5,7,4,6,938
12.5,7,4,7,941
12.5,7,4,8,944
12.5,7,4,9,947
12.5,7,4,10,950
12.5,7,4,11,952
12.5,7,4,12,955
12.5,7,4,13,958
12.5,7,4,14,961
12.5,7,4,15,964
12.5,7,5,0,923
12.5,7,5,1,926
12.5,7,5,2,929
12.5,7,5,3,932
12.5,7,5,4,935
12.5,7,5,5,938
12.5,7,5,6,941
12.5,7,5,7,944
12.5,7,5,8,947
12.5,7,5,9,950
12.5,7,5,10,953
12.5,7,5,11,955
12.5,7,5,12,958
12.5,7,5,13,961
12.5,7,5,14,964
12.5,7,5,15,967
12.5,7,6,0,926
12.5,7,6,1,929
12.5,7,6,2,932
12.5,7,6,3,935
12.5,7,6,4,938
12.5,7,6,5,941
12.5,7,6,6,944
12.5,7,6,7,947
12.5,7,6,8,950
12.5,7,6,9,953
12.5,7,6,10,956
12.5,7,6,11,959
12.5,7,6,12,961
12.5,7,6,13,964
12.5,7,6,14,967
12.5,7,6,15,970
12.5,7,7,0,929
12.5,7,7,1,932
12.5,7,7,2,935
12.5,7,7,3,938
12.5,7,7,4,941
12.5,7,7,5,944
12.5,7,7,6,947
12.5,7,7,7,950
12.5,7,7,8,953
12.5,7,7,9,956
12.5,7,7,10,959
12.5,7,7,11,962
12.5,7,7,12,965
12.5,7,7,13,967
12.5,7,7,14,970
12.5,7,7,15,973
12.5,7,8,0,932
12.5,7,8,1,935
12.5,7,8,2,938
12.5,7,8,3,941
12.5,7,8,4,944
12.5,7,8,5,947
12.5,7,8,6,950
12.5,7,8,7,953
12.5,7,8,8,956
12.5,7,8,9,959
12.5,7,8,10,962
12.5,7,8,11,965
12.5,7,8,12,968
12.5,7,8,13,971
12.5,7,8,14,973
12.5,7,8,15,976
12.5,7,9,0,935
12.5,7,9,1,938
12.5,7,9,2,941
12.5,7,9,3,944
12.5,7,9,4,947
12.5,7,9,5,950
12.5,7,9,6,953
12.5,7,9,7,956
12.5,7,9,8,959
12.5,7,9,9,962
12.5,7,9,10,965
12.5,7,9,11,968
12.5,7,9,12,971
12.5,7,9,13,974
12.5,7,9,14,977
12.5,7,9,15,979
12.5,7,10,0,938
12.5,7,10,1,941
12.5,7,10,2,944
12.5,7,10,3,947
12.5,7,10,4,950
12.5,7,10,5,953
12.5,7,10,6,956
12.5,7,10,7,959
12.5,7,10,8,962
12.5,7,10,9,965
12.5,7,10,10,968
12.5,7,10,11,971
12.5,7,10,12,974
12.5,7,10,13,977
12.5,7,10,14,980
12.5,7,10,15,983
12.5,7,11,0,941
12.5,7,11,1,944
12.5,7,11,2,947
12.5,7,11,3,950
12.5,7,11,4,953
12.5,7,11,5,956
12.5,7,11,6,959
12.5,7,11,7,962
12.5,7,11,8,965
12.5,7,11,9,968
12.5,7,11,10,971
12.5,7,11,11,974
12.5,7,11,12,977
12.5,7,11,13,980
12.5,7,11,14,983
12.5,7,11,15,986
12.5,7,12,0,944
12.5,7,12,1,947
12.5,7,12,2,950
12.5,7,12,3,953
12.5,7,12,4,956
12.5,7,12,5,959
12.5,7,12,6,962
12.5,7,12,7,965
12.5,7,12,8,968
12.5,7,12,9,971
12.5,7,12,10,974
12.5,7,12,11,977
12.5,7,12,12,980
12.5,7,12,13,983
12.5,7,12,14,986
12.5,7,12,15,989
12.5,7,13,0,947
12.5,7,13,1,950
12.5,7,13,2,953
12.5,7,13,3,956
12.5,7,13,4,959
12.5,7,13,5,962
12.5,7,13,6,965
12.5,7,13,7,968
12.5,7,13,8,971
12.5,7,13,9,974
12.5,7,13,10,977
12.5,7,13,11,980
12.5,7,13,12,983
12.5,7,13,13,986
12.5,7,13,14,989
12.5,7,13,15,992
12.5,7,14,0,950
12.5,7,14,1,953
12.5,7,14,2,956
12.5,7,14,3,959
12.5,7,14,4,962
12.5,7,14,5,965
12.5,7,14,6,968
12.5,7,14,7,971
12.5,7,14,8,974
12.5,7,14,9,977
12.5,7,14,10,980
12.5,7,14,11,983
12.5,7,14,12,986
12.5,7,14,13,989
12.5,7,14,14,992
12.5,7,14,15,995
12.5,7,15,0,953
12.5,7,15,1,956
12.5,7,15,2,959
12.5,7,15,3,962
12.5,7,15,4,965
12.5,7,15,5,968
12.5,7,15,6,971
12.5,7,15,7,974
12.5,7,15,8,977
12.5,7,15,9,980
12.5,7,15,10,983
12.5,7,15,11,986
12.5,7,15,12,989
12.5,7,15,13,992
12.5,7,15,14,995
12.5,7,15,15,998
12.5,8,0,0,912
12.5,8,0,1,914
12.5,8,0,2,917
12.5,8,0,3,920
12.5,8,0,4,923
12.5,8,0,5,926
12.5,8,0,6,929
12.5,8,0,7,932
12.5,8,0,8,935
12.5,8,0,9,938
12.5,8,0,10,941
12.5,8,0,11,943
12.5,8,0,12,946
12.5,8,0,13,949
12.5,8,0,14,952
12.5,8,0,15,955
12.5,8,1,0,915
12.5,8,1,1,918
12.5,8,1,2,920
12.5,8,1,3,923
12.5,8,1,4,926
12.5,8,1,5,929
12.5,8,1,6,932
12.5,8,1,7,935
12.5,8,1,8,938
12.5,8,1,9,941
12.5,8,1,10,944
12.5,8,1,11,947
12.5,8,1,12,949
12.5,8,1,13,952
12.5,8,1,14,955
12.5,8,1,15,958
12.5,8,2,0,918
12.5,8,2,1,921
12.5,8,2,2,924
12.5,8,2,3,926
12.5,8,2,4,929
12.5,8,2,5,932
12.5,8,2,6,935
12.5,8,2,7,938
12.5,8,2,8,941
12.5,8,2,9,944
12.5,8,2,10,947
12.5,8,2,11,950
12.5,8,2,12,953
12.5,8,2,13,955
12.5,8,2,14,958
12.5,8,2,15,961
12.5,8,3,0,921
12.5,8,3,1,924
12.5,8,3,2,927
12.5,8,3,3,930
12.5,8,3,4,932
12.5,8,3,5,935
12.5,8,3,6,938
12.5,8,3,7,941
12.5,8,3,8,944
12.5,8,3,9,947
12.5,8,3,10,950
12.5,8,3,11,953
12.5,8,3,12,956
12.5,8,3,13,959
12.5,8,3,14,961
12.5,8,3,15,964
12.5,8,4,0,924
12.5,8,4,1,927
12.5,8,4,2,930
12.5,8,4,3,933
12.5,8,4,4,936
12.5,8,4,5,938
12.5,8,4,6,941
12.5,8,4,7,944
12.5,8,4,8,947
12.5,8,4,9,950
12.5,8,4,10,953
12.5,8,4,11,956
12.5,8,4,12,959
12.5,8,4,13,962
12.5,8,4,14,965
12.5,8,4,15,967
12.5,8,5,0,927
12.5,8,5,1,930
12.5,8,5,2,933
12.5,8,5,3,936
12.5,8,5,4,939
12.5,8,5,5,942
12.5,8,5,6,944
12.5,8,5,7,947
12.5,8,5,8,950
12.5,8,5,9,953
12.5,8,5,10,956
12.5,8,5,11,959
12.5,8,5,12,962
12.5,8,5,13,965
12.5,8,5,14,968
12.5,8,5,15,971
12.5,8,6,0,930
12.5,8,6,1,933
12.5,8,6,2,936
12.5,8,6,3,939
12.5,8,6,4,942
12.5,8,6,5,945
12.5,8,6,6,948
12.5,8,6,7,950
12.5,8,6,8,953
12.5,8,6,9,956
12.5,8,6,10,959
12.5,8,6,11,962
12.5,8,6,12,965
12.5,8,6,13,968
12.5,8,6,14,971
12.5,8,6,15,974
12.5,8,7,0,933
12.5,8,7,1,936
12.5,8,7,2,939
12.5,8,7,3,942
12.5,8,7,4,945
12.5,8,7,5,948
12.5,8,7,6,951
12.5,8,7,7,954
12.5,8,7,8,956
12.5,8,7,9,959
12.5,8,7,10,962
12.5,8,7,11,965
12.5,8,7,12,968
12.5,8,7,13,971
12.5,8,7,14,974
12.5,8,7,15,977
12.5,8,8,0,936
12.5,8,8,1,939
12.5,8,8,2,942
12.5,8,8,3,945
12.5,8,8,4,948
12.5,8,8,5,951
12.5,8,8,6,954
12.5,8,8,7,957
12.5,8,8,8,960
12.5,8,8,9,963
12.5,8,8,10,965
12.5,8,8,11,968
12.5,8,8,12,971
12.5,8,8,13,974
12.5,8,8,14,977
12.5,8,8,15,980
12.5,8,9,0,939
12.5,8,9,1,942
12.5,8,9,2,945
12.5,8,9,3,948
12.5,8,9,4,951
12.5,8,9,5,954
12.5,8,9,6,957
12.5,8,9,7,960
12.5,8,9,8,963
12.5,8,9,9,966
12.5,8,9,10,969
12.5,8,9,11,971
12.5,8,9,12,974
12.5,8,9,13,977
12.5,8,9,14,980
12.5,8,9,15,983
12.5,8,10,0,942
12.5,8,10,1,945
12.5,8,10,2,948
12.5,8,10,3,951
12.5,8,10,4,954
12.5,8,10,5,957
12.5,8,10,6,960
12.5,8,10,7,963
12.5,8,10,8,966
12.5,8,10,9,969
12.5,8,10,10,972
12.5,8,10,11,975
12.5,8,10,12,977
12.5,8,10,13,980
12.5,8,10,14,983
12.5,8,10,15,986
12.5,8,11,0,945
12.5,8,11,1,948
12.5,8,11,2,951
12.5,8,11,3,954
12.5,8,11,4,957
12.5,8,11,5,960
12.5,8,11,6,963
12.5,8,11,7,966
12.5,8,11,8,969
12.5,8,11,9,972
12.5,8,11,10,975
12.5,8,11,11,978
12.5,8,11,12,981
12.5,8,11,13,983
12.5,8,11,14,986
12.5,8,11,15,989
12.5,8,12,0,948
12.5,8,12,1,951
12.5,8,12,2,954
12.5,8,12,3,957
12.5,8,12,4,960
12.5,8,12,5,963
12.5,8,12,6,966
12.5,8,12,7,969
12.5,8,12,8,972
12.5,8,12,9,975
12.5,8,12,10,978
12.5,8,12,11,981
12.5,8,12,12,984
12.5,8,12,13,987
12.5,8,12,14,989
12.5,8,12,15,992
12.5,8,13,0,950
12.5,8,13,1,954
12.5,8,13,2,957
12.5,8,13,3,960
12.5,8,13,4,963
12.5,8,13,5,966
12.5,8,13,6,969
12.5,8,13,7,972
12.5,8,13,8,975
12.5,8,13,9,978
12.5,8,13,10,981
12.5,8,13,11,984
12.5,8,13,12,987
12.5,8,13,13,990
12.5,8,13,14,993
12.5,8,13,15,995
12.5,8,14,0,953
12.5,8,14,1,956
12.5,8,14,2,960
12.5,8,14,3,963
12.5,8,14,4,966
12.5,8,14,5,969
12.5,8,14,6,972
12.5,8,14,7,975
12.5,8,14,8,978
12.5,8,14,9,981
12.5,8,14,10,984
12.5,8,14,11,987
12.5,8,14,12,990
12.5,8,14,13,993
12.5,8,14,14,996
12.5,8,14,15,999
12.5,8,15,0,956
12.5,8,15,1,959
12.5,8,15,2,963
12.5,8,15,3,966
12.5,8,15,4,969
12.5,8,15,5,972
12.5,8,15,6,975
12.5,8,15,7,978
12.5,8,15,8,981
12.5,8,15,9,984
12.5,8,15,10,987
12.5,8,15,11,990
12.5,8,15,12,993
12.5,8,15,13,996
12.5,8,15,14,999
12.5,8,15,15,1002
12.5,9,0,0,915
12.5,9,0,1,918
12.5,9,0,2,921
12.5,9,0,3,924
12.5,9,0,4,927
12.5,9,0,5,930
12.5,9,0,6,932
12.5,9,0,7,935
12.5,9,0,8,938
12.5,9,0,9,941
12.5,9,0,10,944
12.5,9,0,11,947
12.5,9,0,12,950
12.5,9,0,13,953
12.5,9,0,14,955
12.5,9,0,15,958
12.5,9,1,0,918
12.5,9,1,1,921
12.5,9,1,2,924
12.5,9,1,3,927
12.5,9,1,4,930
12.5,9,1,5,933
12.5,9,1,6,936
12.5,9,1,7,939
12.5,9,1,8,941
12.5,9,1,9,944
12.5,9,1,10,947
12.5,9,1,11,950
12.5,9,1,12,953
12.5,9,1,13,956
12.5,9,1,14,959
12.5,9,1,15,961
12.5,9,2,0,921
12.5,9,2,1,924
12.5,9,2,2,927
12.5,9,2,3,930
12.5,9,2,4,933
12.5,9,2,5,936
12.5,9,2,6,939
12.5,9,2,7,942
12.5,9,2,8,945
12.5,9,2,9,947
12.5,9,2,10,950
12.5,9,2,11,953
12.5,9,2,12,956
12.5,9,2,13,959
12.5,9,2,14,962
12.5,9,2,15,965
12.5,9,3,0,924
12.5,9,3,1,927
12.5,9,3,2,930
12.5,9,3,3,933
12.5,9,3,4,936
12.5,9,3,5,939
12.5,9,3,6,942
12.5,9,3,7,945
12.5,9,3,8,948
12.5,9,3,9,951
12.5,9,3,10,953
12.5,9,3,11,956
12.5,9,3,12,959
12.5,9,3,13,962
12.5,9,3,14,965
12.5,9,3,15,968
12.5,9,4,0,927
12.5,9,4,1,930
12.5,9,4,2,933
12.5,9,4,3,936
12.5,9,4,4,939
12.5,9,4,5,942
12.5,9,4,6,945
12.5,9,4,7,948
12.5,9,4,8,951
12.5,9,4,9,954
12.5,9,4,10,957
12.5,9,4,11,959
12.5,9,4,12,962
12.5,9,4,13,965
12.5,9,4,14,968
12.5,9,4,15,971
12.5,9,5,0,930
12.5,9,5,1,933
12.5,9,5,2,936
12.5,9,5,3,939
12.5,9,5,4,942
12.5,9,5,5,945
12.5,9,5,6,948
12.5,9,5,7,951
12.5,9,5,8,954
12.5,9,5,9,957
12.5,9,5,10,960
12.5,9,5,11,963
12.5,9,5,12,966
12.5,9,5,13,968
12.5,9,5,14,971
12.5,9,5,15,974
12.5,9,6,0,933
12.5,9,6,1,936
12.5,9,6,2,939
12.5,9,6,3,942
12.5,9,6,4,945
12.5,9,6,5,948
12.5,9,6,6,951
12.5,9,6,7,954
12.5,9,6,8,957
12.5,9,6,9,960
12.5,9,6,10,963
12.5,9,6,11,966
12.5,9,6,12,969
12.5,9,6,13,972
12.5,9,6,14,974
12.5,9,6,15,977
12.5,9,7,0,936
12.5,9,7,1,939
12.5,9,7,2,942
12.5,9,7,3,945
12.5,9,7,4,948
12.5,9,7,5,951
12.5,9,7,6,954
12.5,9,7,7,957
12.5,9,7,8,960
12.5,9,7,9,963
12.5,9,7,10,966
12.5,9,7,11,969
12.5,9,7,12,972
12.5,9,7,13,975
12.5,9,7,14,978
12.5,9,7,15,980
12.5,9,8,0,939
12.5,9,8,1,942
12.5,9,8,2,945
12.5,9,8,3,948
12.5,9,8,4,951
12.5,9,8,5,954
12.5,9,8,6,957
12.5,9,8,7,960
12.5,9,8,8,963
12.5,9,8,9,966
12.5,9,8,10,969
12.5,9,8,11,972
12.5,9,8,12,975
12.5,9,8,13,978
12.5,9,8,14,981
12.5,9,8,15,984
12.5,9,9,0,942
12.5,9,9,1,945
12.5,9,9,2,948
12.5,9,9,3,951
12.5,9,9,4,954
12.5,9,9,5,957
12.5,9,9,6,960
12.5,9,9,7,963
12.5,9,9,8,966
12.5,9,9,9,969
12.5,9,9,10,972
12.5,9,9,11,975
12.5,9,9,12,978
12.5,9,9,13,981
12.5,9,9,14,984
12.5,9,9,15,987
12.5,9,10,0,945
12.5,9,10,1,948
12.5,9,10,2,951
12.5,9,10,3,954
12.5,9,10,4,957
12.5,9,10,5,960
12.5,9,10,6,963
12.5,9,10,7,966
12.5,9,10,8,969
12.5,9,10,9,972
12.5,9,10,10,975
12.5,9,10,11,978
12.5,9,10,12,981
12.5,9,10,13,984
12.5,9,10,14,987
12.5,9,10,15,990
12.5,9,11,0,948
12.5,9,11,1,951
12.5,9,11,2,954
12.5,9,11,3,957
12.5,9,11,4,960
12.5,9,11,5,963
12.5,9,11,6,966
12.5,9,11,7,969
12.5,9,11,8,972
12.5,9,11,9,975
12.5,9,11,10,978
12.5,9,11,11,981
12.5,9,11,12,984
12.5,9,11,13,987
12.5,9,11,14,990
12.5,9,11,15,993
12.5,9,12,0,951
12.5,9,12,1,954
12.5,9,12,2,957
12.5,9,12,3,960
12.5,9,12,4,963
12.5,9,12,5,966
12.5,9,12,6,969
12.5,9,12,7,972
12.5,9,12,8,975
12.5,9,12,9,978
12.5,9,12,10,981
12.5,9,12,11,984
12.5,9,12,12,987
12.5,9,12,13,990
12.5,9,12,14,993
12.5,9,12,15,996
12.5,9,13,0,954
12.5,9,13,1,957
12.5,9,13,2,960
12.5,9,13,3,963
12.5,9,13,4,966
12.5,9,13,5,969
12.5,9,13,6,972
12.5,9,13,7,975
12.5,9,13,8,978
12.5,9,13,9,981
12.5,9,13,10,984
12.5,9,13,11,987
12.5,9,13,12,990
12.5,9,13,13,993
12.5,9,13,14,996
12.5,9,13,15,999
12.5,9,14,0,957
12.5,9,14,1,960
12.5,9,14,2,963
12.5,9,14,3,966
12.5,9,14,4,969
12.5,9,14,5,972
12.5,9,14,6,975
12.5,9,14,7,978
12.5,9,14,8,981
12.5,9,14,9,984
12.5,9,14,10,987
12.5,9,14,11,990
12.5,9,14,12,993
12.5,9,14,13,996
12.5,9,14,14,999
12.5,9,14,15,1002
12.5,9,15,0,960
12.5,9,15,1,963
12.5,9,15,2,966
12.5,9,15,3,969
12.5,9,15,4,972
12.5,9,15,5,975
12.5,9,15,6,978
12.5,9,15,7,981
12.5,9,15,8,984
12.5,9,15,9,987
12.5,9,15,10,990
12.5,9,15,11,993
12.5,9,15,12,996
12.5,9,15,13,999
12.5,9,15,14,1002
12.5,9,15,15,1005
12.5,10,0,0,918
12.5,10,0,1,921
12.5,10,0,2,924
12.5,10,0,3,927
12.5,10,0,4,930
12.5,10,0,5,933
12.5,10,0,6,936
12.5,10,0,7,939
12.5,10,0,8,942
12.5,10,0,9,945
12.5,10,0,10,947
12.5,10,0,11,950
12.5,10,0,12,953
12.5,10,0,13,956
12.5,10,0,14,959
12.5,10,0,15,962
12.5,10,1,0,921
12.5,10,1,1,924
12.5,10,1,2,927
12.5,10,1,3,930
12.5,10,1,4,933
12.5,10,1,5,936
12.5,10,1,6,939
12.5,10,1,7,942
12.5,10,1,8,945
12.5,10,1,9,948
12.5,10,1,10,951
12.5,10,1,11,954
12.5,10,1,12,956
12.5,10,1,13,959
12.5,10,1,14,962
12.5,10,1,15,965
12.5,10,2,0,924
12.5,10,2,1,927
12.5,10,2,2,930
12.5,10,2,3,933
12.5,10,2,4,936
12.5,10,2,5,939
12.5,10,2,6,942
12.5,10,2,7,945
12.5,10,2,8,948
12.5,10,2,9,951
12.5,10,2,10,954
12.5,10,2,11,957
12.5,10,2,12,960
12.5,10,2,13,962
12.5,10,2,14,965
12.5,10,2,15,968
12.5,10,3,0,928
12.5,10,3,1,931
12.5,10,3,2,933
12.5,10,3,3,936
12.5,10,3,4,939
12.5,10,3,5,942
12.5,10,3,6,945
12.5,10,3,7,948
12.5,10,3,8,951
12.5,10,3,9,954
12.5,10,3,10,957
12.5,10,3,11,960
12.5,10,3,12,963
12.5,10,3,13,966
12.5,10,3,14,969
12.5,10,3,15,971
12.5,10,4,0,931
12.5,10,4,1,934
12.5,10,4,2,937
12.5,10,4,3,940
12.5,10,4,4,943
12.5,10,4,5,945
12.5,10,4,6,948
12.5,10,4,7,951
12.5,10,4,8,954
12.5,10,4,9,957
12.5,10,4,10,960
12.5,10,4,11,963
12.5,10,4,12,966
12.5,10,4,13,969
12.5,10,4,14,972
12.5,10,4,15,975
12.5,10,5,0,934
12.5,10,5,1,937
12.5,10,5,2,940
12.5,10,5,3,943
12.5,10,5,4,946
12.5,10,5,5,949
12.5,10,5,6,952
12.5,10,5,7,954
12.5,10,5,8,957
12.5,10,5,9,960
12.5,10,5,10,963
12.5,10,5,11,966
12.5,10,5,12,969
12.5,10,5,13,972
12.5,10,5,14,975
12.5,10,5,15,978
12.5,10,6,0,937
12.5,10,6,1,940
12.5,10,6,2,943
12.5,10,6,3,946
12.5,10,6,4,949
12.5,10,6,5,952
12.5,10,6,6,955
12.5,10,6,7,958
12.5,10,6,8,961
12.5,10,6,9,963
12.5,10,6,10,966
12.5,10,6,11,969
12.5,10,6,12,972
12.5,10,6,13,975
12.5,10,6,14,978
12.5,10,6,15,981
12.5,10,7,0,940
12.5,10,7,1,943
12.5,10,7,2,946
12.5,10,7,3,949
12.5,10,7,4,952
12.5,10,7,5,955
12.5,10,7,6,958
12.5,10,7,7,961
12.5,10,7,8,964
12.5,10,7,9,967
12.5,10,7,10,970
12.5,10,7,11,972
12.5,10,7,12,975
12.5,10,7,13,978
12.5,10,7,14,981
12.5,10,7,15,984
12.5,10,8,0,943
12.5,10,8,1,946
12.5,10,8,2,949
12.5,10,8,3,952
12.5,10,8,4,955
12.5,10,8,5,958
12.5,10,8,6,961
12.5,10,8,7,964
12.5,10,8,8,967
12.5,10,8,9,970
12.5,10,8,10,973
12.5,10,8,11,976
12.5,10,8,12,978
12.5,10,8,13,981
12.5,10,8,14,984
12.5,10,8,15,987
12.5,10,9,0,946
12.5,10,9,1,949
12.5,10,9,2,952
12.5,10,9,3,955
12.5,10,9,4,958
12.5,10,9,5,961
12.5,10,9,6,964
12.5,10,9,7,967
12.5,10,9,8,970
12.5,10,9,9,973
12.5,10,9,10,976
12.5,10,9,11,979
12.5,10,9,12,982
12.5,10,9,13,985
12.5,10,9,14,987
12.5,10,9,15,990
12.5,10,10,0,949
12.5,10,10,1,952
12.5,10,10,2,955
12.5,10,10,3,958
12.5,10,10,4,961
12.5,10,10,5,964
12.5,10,10,6,967
12.5,10,10,7,970
12.5,10,10,8,973
12.5,10,10,9,976
12.5,10,10,10,979
12.5,10,10,11,982
12.5,10,10,12,985
12.5,10,10,13,988
12.5,10,10,14,991
12.5,10,10,15,994
12.5,10,11,0,952
12.5,10,11,1,955
12.5,10,11,2,958
12.5,10,11,3,961
12.5,10,11,4,964
12.5,10,11,5,967
12.5,10,11,6,970
12.5,10,11,7,973
12.5,10,11,8,976
12.5,10,11,9,979
12.5,10,11,10,982
12.5,10,11,11,985
12.5,10,11,12,988
12.5,10,11,13,991
12.5,10,11,14,994
12.5,10,11,15,997
12.5,10,12,0,955
12.5,10,12,1,958
12.5,10,12,2,961
12.5,10,12,3,964
12.5,10,12,4,967
12.5,10,12,5,970
12.5,10,12,6,973
12.5,10,12,7,976
12.5,10,12,8,979
12.5,10,12,9,982
12.5,10,12,10,985
12.5,10,12,11,988
12.5,10,12,12,991
12.5,10,12,13,994
12.5,10,12,14,997
12.5,10,12,15,1000
12.5,10,13,0,958
12.5,10,13,1,961
12.5,10,13,2,964
12.5,10,13,3,967
12.5,10,13,4,970
12.5,10,13,5,973
12.5,10,13,6,976
12.5,10,13,7,979
12.5,10,13,8,982
12.5,10,13,9,985
12.5,10,13,10,988
12.5,10,13,11,991
12.5,10,13,12,994
12.5,10,13,13,997
12.5,10,13,14,1000
12.5,10,13,15,1003
12.5,10,14,0,961
12.5,10,14,1,964
12.5,10,14,2,967
12.5,10,14,3,970
12.5,10,14,4,973
12.5,10,14,5,976
12.5,10,14,6,979
12.5,10,14,7,982
12.5,10,14,8,985
12.5,10,14,9,988
12.5,10,14,10,991
12.5,10,14,11,994
12.5,10,14,12,997
12.5,10,14,13,1000
12.5,10,14,14,1003
12.5,10,14,15,1006
12.5,10,15,0,963
12.5,10,15,1,967
12.5,10,15,2,970
12.5,10,15,3,973
12.5,10,15,4,976
12.5,10,15,5,979
12.5,10,15,6,982
12.5,10,15,7,985
12.5,10,15,8,988
12.5,10,15,9,991
12.5,10,15,10,994
12.5,10,15,11,997
12.5,10,15,12,1000
12.5,10,15,13,1003
12.5,10,15,14,1006
12.5,10,15,15,1009
12.5,11,0,0,922
12.5,11,0,1,925
12.5,11,0,2,928
12.5,11,0,3,931
12.5,11,0,4,934
12.5,11,0,5,936
12.5,11,0,6,939
12.5,11,0,7,942
12.5,11,0,8,945
12.5,11,0,9,948
12.5,11,0,10,951
12.5,11,0,11,954
12.5,11,0,12,957
12.5,11,0,13,960
12.5,11,0,14,962
12.5,11,0,15,965
12.5,11,1,0,925
12.5,11,1,1,928
12.5,11,1,2,931
12.5,11,1,3,934
12.5,11,1,4,937
12.5,11,1,5,940
12.5,11,1,6,943
12.5,11,1,7,945
12.5,11,1,8,948
12.5,11,1,9,951
12.5,11,1,10,954
12.5,11,1,11,957
12.5,11,1,12,960
12.5,11,1,13,963
12.5,11,1,14,966
12.5,11,1,15,969
12.5,11,2,0,928
12.5,11,2,1,931
12.5,11,2,2,934
12.5,11,2,3,937
12.5,11,2,4,940
12.5,11,2,5,943
12.5,11,2,6,946
12.5,11,2,7,949
12.5,11,2,8,952
12.5,11,2,9,954
12.5,11,2,10,957
12.5,11,2,11,960
12.5,11,2,12,963
12.5,11,2,13,966
12.5,11,2,14,969
12.5,11,2,15,972
12.5,11,3,0,931
12.5,11,3,1,934
12.5,11,3,2,937
12.5,11,3,3,940
12.5,11,3,4,943
12.5,11,3,5,946
12.5,11,3,6,949
12.5,11,3,7,952
12.5,11,3,8,955
12.5,11,3,9,958
12.5,11,3,10,961
12.5,11,3,11,963
12.5,11,3,12,966
12.5,11,3,13,969
12.5,11,3,14,972
12.5,11,3,15,975
12.5,11,4,0,934
12.5,11,4,1,937
12.5,11,4,2,940
12.5,11,4,3,943
12.5,11,4,4,946
12.5,11,4,5,949
12.5,11,4,6,952
12.5,11,4,7,955
12.5,11,4,8,958
12.5,11,4,9,961
12.5,11,4,10,964
12.5,11,4,11,967
12.5,11,4,12,970
12.5,11,4,13,972
12.5,11,4,14,975
12.5,11,4,15,978
12.5,11,5,0,937
12.5,11,5,1,940
12.5,11,5,2,943
12.5,11,5,3,946
12.5,11,5,4,949
12.5,11,5,5,952
12.5,11,5,6,955
12.5,11,5,7,958
12.5,11,5,8,961
12.5,11,5,9,964
12.5,11,5,10,967
12.5,11,5,11,970
12.5,11,5,12,973
12.5,11,5,13,976
12.5,11,5,14,978
12.5,11,5,15,981
12.5,11,6,0,940
12.5,11,6,1,943
12.5,11,6,2,946
12.5,11,6,3,949
12.5,11,6,4,952
12.5,11,6,5,955
12.5,11,6,6,958
12.5,11,6,7,961
12.5,11,6,8,964
12.5,11,6,9,967
12.5,11,6,10,970
12.5,11,6,11,973
12.5,11,6,12,976
12.5,11,6,13,979
12.5,11,6,14,982
12.5,11,6,15,985
12.5,11,7,0,943
12.5,11,7,1,946
12.5,11,7,2,949
12.5,11,7,3,952
12.5,11,7,4,955
12.5,11,7,5,958
12.5,11,7,6,961
12.5,11,7,7,964
12.5,11,7,8,967
12.5,11,7,9,970
12.5,11,7,10,973
12.5,11,7,11,976
12.5,11,7,12,979
12.5,11,7,13,982
12.5,11,7,14,985
12.5,11,7,15,988
12.5,11,8,0,946
12.5,11,8,1,949
12.5,11,8,2,952
12.5,11,8,3,955
12.5,11,8,4,958
12.5,11,8,5,961
12.5,11,8,6,964
12.5,11,8,7,967
12.5,11,8,8,970
12.5,11,8,9,973
12.5,11,8,10,976
12.5,11,8,11,979
12.5,11,8,12,982
12.5,11,8,13,985
12.5,11,8,14,988
12.5,11,8,15,991
12.5,11,9,0,949
12.5,11,9,1,952
12.5,11,9,2,955
12.5,11,9,3,958
12.5,11,9,4,961
12.5,11,9,5,964
12.5,11,9,6,967
12.5,11,9,7,970
12.5,11,9,8,973
12.5,11,9,9,976
12.5,11,9,10,979
12.5,11,9,11,982
12.5,11,9,12,985
12.5,11,9,13,988
12.5,11,9,14,991
12.5,11,9,15,994
12.5,11,10,0,952
12.5,11,10,1,955
12.5,11,10,2,958
12.5,11,10,3,961
12.5,11,10,4,964
12.5,11,10,5,967
12.5,11,10,6,970
12.5,11,10,7,973
12.5,11,10,8,976
12.5,11,10,9,979
12.5,11,10,10,982
12.5,11,10,11,985
12.5,11,10,12,988
12.5,11,10,13,991
12.5,11,10,14,994
12.5,11,10,15,997
12.5,11,11,0,955
12.5,11,11,1,958
12.5,11,11,2,961
12.5,11,11,3,964
12.5,11,11,4,967
12.5,11,11,5,970
12.5,11,11,6,973
12.5,11,11,7,976
12.5,11,11,8,979
12.5,11,11,9,982
12.5,11,11,10,985
12.5,11,11,11,988
12.5,11,11,12,991
12.5,11,11,13,994
12.5,11,11,14,997
12.5,11,11,15,1000
12.5,11,12,0,958
12.5,11,12,1,961
12.5,11,12,2,964
12.5,11,12,3,967
12.5,11,12,4,970
12.5,11,12,5,973
12.5,11,12,6,977
12.5,11,12,7,980
12.5,11,12,8,983
12.5,11,12,9,986
12.5,11,12,10,989
12.5,11,12,11,992
12.5,11,12,12,995
12.5,11,12,13,998
12.5,11,12,14,1000
12.5,11,12,15,1003
12.5,11,13,0,961
12.5,11,13,1,964
12.5,11,13,2,967
12.5,11,13,3,970
12.5,11,13,4,973
12.5,11,13,5,976
12.5,11,13,6,980
12.5,11,13,7,983
12.5,11,13,8,986
12.5,11,13,9,989
12.5,11,13,10,992
12.5,11,13,11,995
12.5,11,13,12,998
12.5,11,13,13,1001
12.5,11,13,14,1004
12.5,11,13,15,1007
12.5,11,14,0,964
12.5,11,14,1,967
12.5,11,14,2,970
12.5,11,14,3,973
12.5,11,14,4,976
12.5,11,14,5,979
12.5,11,14,6,983
12.5,11,14,7,986
12.5,11,14,8,989
12.5,11,14,9,992
12.5,11,14,10,995
12.5,11,14,11,998
12.5,11,14,12,1001
12.5,11,14,13,1004
12.5,11,14,14,1007
12.5,11,14,15,1010
12.5,11,15,0,967
12.5,11,15,1,970
12.5,11,15,2,973
12.5,11,15,3,976
12.5,11,15,4,979
12.5,11,15,5,982
12.5,11,15,6,986
12.5,11,15,7,989
12.5,11,15,8,992
12.5,11,15,9,995
12.5,11,15,10,998
12.5,11,15,11,1001
12.5,11,15,12,1004
12.5,11,15,13,1007
12.5,11,15,14,1010
12.5,11,15,15,1013
12.5,12,0,0,925
12.5,12,0,1,928
12.5,12,0,2,931
12.5,12,0,3,934
12.5,12,0,4,937
12.5,12,0,5,940
12.5,12,0,6,943
12.5,12,0,7,946
12.5,12,0,8,949
12.5,12,0,9,952
12.5,12,0,10,954
12.5,12,0,11,957
12.5,12,0,12,960
12.5,12,0,13,963
12.5,12,0,14,966
12.5,12,0,15,969
12.5,12,1,0,928
12.5,12,1,1,931
12.5,12,1,2,934
12.5,12,1,3,937
12.5,12,1,4,940
12.5,12,1,5,943
12.5,12,1,6,946
12.5,12,1,7,949
12.5,12,1,8,952
12.5,12,1,9,955
12.5,12,1,10,958
12.5,12,1,11,961
12.5,12,1,12,963
12.5,12,1,13,966
12.5,12,1,14,969
12.5,12,1,15,972
12.5,12,2,0,931
12.5,12,2,1,934
12.5,12,2,2,937
12.5,12,2,3,940
12.5,12,2,4,943
12.5,12,2,5,946
12.5,12,2,6,949
12.5,12,2,7,952
12.5,12,2,8,955
12.5,12,2,9,958
12.5,12,2,10,961
12.5,12,2,11,964
12.5,12,2,12,967
12.5,12,2,13,970
12.5,12,2,14,972
12.5,12,2,15,975
12.5,12,3,0,934
12.5,12,3,1,937
12.5,12,3,2,940
12.5,12,3,3,943
12.5,12,3,4,946
12.5,12,3,5,949
12.5,12,3,6,952
12.5,12,3,7,955
12.5,12,3,8,958
12.5,12,3,9,961
12.5,12,3,10,964
12.5,12,3,11,967
12.5,12,3,12,970
12.5,12,3,13,973
12.5,12,3,14,976
12.5,12,3,15,979
12.5,12,4,0,937
12.5,12,4,1,940
12.5,12,4,2,943
12.5,12,4,3,946
12.5,12,4,4,949
12.5,12,4,5,952
12.5,12,4,6,955
12.5,12,4,7,958
12.5,12,4,8,961
12.5,12,4,9,964
12.5,12,4,10,967
12.5,12,4,11,970
12.5,12,4,12,973
12.5,12,4,13,976
12.5,12,4,14,979
12.5,12,4,15,982
12.5,12,5,0,941
12.5,12,5,1,944
12.5,12,5,2,947
12.5,12,5,3,950
12.5,12,5,4,953
12.5,12,5,5,956
12.5,12,5,6,959
12.5,12,5,7,962
12.5,12,5,8,964
12.5,12,5,9,967
12.5,12,5,10,970
12.5,12,5,11,973
12.5,12,5,12,976
12.5,12,5,13,979
12.5,12,5,14,982
12.5,12,5,15,985
12.5,12,6,0,944
12.5,12,6,1,947
12.5,12,6,2,950
12.5,12,6,3,953
12.5,12,6,4,956
12.5,12,6,5,959
12.5,12,6,6,962
12.5,12,6,7,965
12.5,12,6,8,968
12.5,12,6,9,971
12.5,12,6,10,974
12.5,12,6,11,976
12.5,12,6,12,979
12.5,12,6,13,982
12.5,12,6,14,985
12.5,12,6,15,988
12.5,12,7,0,947
12.5,12,7,1,950
12.5,12,7,2,953
12.5,12,7,3,956
12.5,12,7,4,959
12.5,12,7,5,962
12.5,12,7,6,965
12.5,12,7,7,968
12.5,12,7,8,971
12.5,12,7,9,974
12.5,12,7,10,977
12.5,12,7,11,980
12.5,12,7,12,983
12.5,12,7,13,986
12.5,12,7,14,988
12.5,12,7,15,991
12.5,12,8,0,950
12.5,12,8,1,953
12.5,12,8,2,956
12.5,12,8,3,959
12.5,12,8,4,962
12.5,12,8,5,965
12.5,12,8,6,968
12.5,12,8,7,971
12.5,12,8,8,974
12.5,12,8,9,977
12.5,12,8,10,980
12.5,12,8,11,983
12.5,12,8,12,986
12.5,12,8,13,989
12.5,12,8,14,992
12.5,12,8,15,995
12.5,12,9,0,953
12.5,12,9,1,956
12.5,12,9,2,959
12.5,12,9,3,962
12.5,12,9,4,965
12.5,12,9,5,968
12.5,12,9,6,971
12.5,12,9,7,974
12.5,12,9,8,977
12.5,12,9,9,980
12.5,12,9,10,983
12.5,12,9,11,986
12.5,12,9,12,989
12.5,12,9,13,992
12.5,12,9,14,995
12.5,12,9,15,998
12.5,12,10,0,956
12.5,12,10,1,959
12.5,12,10,2,962
12.5,12,10,3,965
12.5,12,10,4,968
12.5,12,10,5,971
12.5,12,10,6,974
12.5,12,10,7,977
12.5,12,10,8,980
12.5,12,10,9,983
12.5,12,10,10,986
12.5,12,10,11,989
12.5,12,10,12,992
12.5,12,10,13,995
12.5,12,10,14,998
12.5,12,10,15,1001
12.5,12,11,0,959
12.5,12,11,1,962
12.5,12,11,2,965
12.5,12,11,3,968
12.5,12,11,4,971
12.5,12,11,5,974
12.5,12,11,6,977
12.5,12,11,7,980
12.5,12,11,8,983
12.5,12,11,9,986
12.5,12,11,10,989
12.5,12,11,11,992
12.5,12,11,12,995
12.5,12,11,13,998
12.5,12,11,14,1001
12.5,12,11,15,1004
12.5,12,12,0,962
12.5,12,12,1,965
12.5,12,12,2,968
12.5,12,12,3,971
12.5,12,12,4,974
12.5,12,12,5,977
12.5,12,12,6,980
12.5,12,12,7,983
12.5,12,12,8,986
12.5,12,12,9,989
12.5,12,12,10,992
12.5,12,12,11,995
12.5,12,12,12,998
12.5,12,12,13,1001
12.5,12,12,14,1004
12.5,12,12,15,1007
12.5,12,13,0,965
12.5,12,13,1,968
12.5,12,13,2,971
12.5,12,13,3,974
12.5,12,13,4,977
12.5,12,13,5,980
12.5,12,13,6,983
12.5,12,13,7,986
12.5,12,13,8,989
12.5,12,13,9,992
12.5,12,13,10,995
12.5,12,13,11,998
12.5,12,13,12,1001
12.5,12,13,13,1004
12.5,12,13,14,1007
12.5,12,13,15,1010
12.5,12,14,0,968
12.5,12,14,1,971
12.5,12,14,2,974
12.5,12,14,3,977
12.5,12,14,4,980
12.5,12,14,5,983
12.5,12,14,6,986
12.5,12,14,7,989
12.5,12,14,8,992
12.5,12,14,9,995
12.5,12,14,10,998
12.5,12,14,11,1001
12.5,12,14,12,1004
12.5,12,14,13,1007
12.5,12,14,14,1010
12.5,12,14,15,1013
12.5,12,15,0,971
12.5,12,15,1,974
12.5,12,15,2,977
12.5,12,15,3,980
12.5,12,15,4,983
12.5,12,15,5,986
12.5,12,15,6,989
12.5,12,15,7,992
12.5,12,15,8,995
12.5,12,15,9,998
12.5,12,15,10,1001
12.5,12,15,11,1004
12.5,12,15,12,1007
12.5,12,15,13,1010
12.5,12,15,14,1013
12.5,12,15,15,1016
12.5,13,0,0,928
12.5,13,0,1,931
12.5,13,0,2,934
12.5,13,0,3,937
12.5,13,0,4,940
12.5,13,0,5,943
12.5,13,0,6,946
12.5,13,0,7,949
12.5,13,0,8,952
12.5,13,0,9,955
12.5,13,0,10,958
12.5,13,0,11,961
12.5,13,0,12,964
12.5,13,0,13,967
12.5,13,0,14,970
12.5,13,0,15,972
12.5,13,1,0,932
12.5,13,1,1,935
12.5,13,1,2,938
12.5,13,1,3,941
12.5,13,1,4,944
12.5,13,1,5,947
12.5,13,1,6,949
12.5,13,1,7,952
12.5,13,1,8,955
12.5,13,1,9,958
12.5,13,1,10,961
12.5,13,1,11,964
12.5,13,1,12,967
12.5,13,1,13,970
12.5,13,1,14,973
12.5,13,1,15,976
12.5,13,2,0,935
12.5,13,2,1,938
12.5,13,2,2,941
12.5,13,2,3,944
12.5,13,2,4,947
12.5,13,2,5,950
12.5,13,2,6,953
12.5,13,2,7,956
12.5,13,2,8,959
12.5,13,2,9,961
12.5,13,2,10,964
12.5,13,2,11,967
12.5,13,2,12,970
12.5,13,2,13,973
12.5,13,2,14,976
12.5,13,2,15,979
12.5,13,3,0,938
12.5,13,3,1,941
12.5,13,3,2,944
12.5,13,3,3,947
12.5,13,3,4,950
12.5,13,3,5,953
12.5,13,3,6,956
12.5,13,3,7,959
12.5,13,3,8,962
12.5,13,3,9,965
12.5,13,3,10,968
12.5,13,3,11,971
12.5,13,3,12,973
12.5,13,3,13,976
12.5,13,3,14,979
12.5,13,3,15,982
12.5,13,4,0,941
12.5,13,4,1,944
12.5,13,4,2,947
12.5,13,4,3,950
12.5,13,4,4,953
12.5,13,4,5,956
12.5,13,4,6,959
12.5,13,4,7,962
12.5,13,4,8,965
12.5,13,4,9,968
12.5,13,4,10,971
12.5,13,4,11,974
12.5,13,4,12,977
12.5,13,4,13,980
12.5,13,4,14,982
12.5,13,4,15,985
12.5,13,5,0,944
12.5,13,5,1,947
12.5,13,5,2,950
12.5,13,5,3,953
12.5,13,5,4,956
12.5,13,5,5,959
12.5,13,5,6,962
12.5,13,5,7,965
12.5,13,5,8,968
12.5,13,5,9,971
12.5,13,5,10,974
12.5,13,5,11,977
12.5,13,5,12,980
12.5,13,5,13,983
12.5,13,5,14,986
12.5,13,5,15,989
12.5,13,6,0,947
12.5,13,6,1,950
12.5,13,6,2,953
12.5,13,6,3,956
12.5,13,6,4,959
12.5,13,6,5,962
12.5,13,6,6,965
12.5,13,6,7,968
12.5,13,6,8,971
12.5,13,6,9,974
12.5,13,6,10,977
12.5,13,6,11,980
12.5,13,6,12,983
12.5,13,6,13,986
12.5,13,6,14,989
12.5,13,6,15,992
12.5,13,7,0,950
12.5,13,7,1,953
12.5,13,7,2,956
12.5,13,7,3,959
12.5,13,7,4,962
12.5,13,7,5,965
12.5,13,7,6,968
12.5,13,7,7,971
12.5,13,7,8,974
12.5,13,7,9,977
12.5,13,7,10,980
12.5,13,7,11,983
12.5,13,7,12,986
12.5,13,7,13,989
12.5,13,7,14,992
12.5,13,7,15,995
12.5,13,8,0,953
12.5,13,8,1,956
12.5,13,8,2,959
12.5,13,8,3,962
12.5,13,8,4,965
12.5,13,8,5,968
12.5,13,8,6,971
12.5,13,8,7,974
12.5,13,8,8,977
12.5,13,8,9,980
12.5,13,8,10,983
12.5,13,8,11,986
12.5,13,8,12,989
12.5,13,8,13,992
12.5,13,8,14,995
12.5,13,8,15,998
12.5,13,9,0,956
12.5,13,9,1,959
12.5,13,9,2,962
12.5,13,9,3,965
12.5,13,9,4,968
12.5,13,9,5,971
12.5,13,9,6,974
12.5,13,9,7,978
12.5,13,9,8,981
12.5,13,9,9,984
12.5,13,9,10,987
12.5,13,9,11,990
12.5,13,9,12,992
12.5,13,9,13,995
12.5,13,9,14,998
12.5,13,9,15,1001
12.5,13,10,0,959
12.5,13,10,1,962
12.5,13,10,2,965
12.5,13,10,3,968
12.5,13,10,4,971
12.5,13,10,5,975
12.5,13,10,6,978
12.5,13,10,7,981
12.5,13,10,8,984
12.5,13,10,9,987
12.5,13,10,10,990
12.5,13,10,11,993
12.5,13,10,12,996
12.5,13,10,13,999
12.5,13,10,14,1002
12.5,13,10,15,1005
12.5,13,11,0,962
12.5,13,11,1,965
12.5,13,11,2,968
12.5,13,11,3,971
12.5,13,11,4,975
12.5,13,11,5,978
12.5,13,11,6,981
12.5,13,11,7,984
12.5,13,11,8,987
12.5,13,11,9,990
12.5,13,11,10,993
12.5,13,11,11,996
12.5,13,11,12,999
12.5,13,11,13,1002
12.5,13,11,14,1005
12.5,13,11,15,1008
12.5,13,12,0,965
12.5,13,12,1,968
12.5,13,12,2,971
12.5,13,12,3,974
12.5,13,12,4,978
12.5,13,12,5,981
12.5,13,12,6,984
12.5,13,12,7,987
12.5,13,12,8,990
12.5,13,12,9,993
12.5,13,12,10,996
12.5,13,12,11,999
12.5,13,12,12,1002
12.5,13,12,13,1005
12.5,13,12,14,1008
12.5,13,12,15,1011
12.5,13,13,0,968
12.5,13,13,1,971
12.5,13,13,2,974
12.5,13,13,3,978
12.5,13,13,4,981
12.5,13,13,5,984
12.5,13,13,6,987
12.5,13,13,7,990
12.5,13,13,8,993
12.5,13,13,9,996
12.5,13,13,10,999
12.5,13,13,11,1002
12.5,13,13,12,1005
12.5,13,13,13,1008
12.5,13,13,14,1011
12.5,13,13,15,1014
12.5,13,14,0,971
12.5,13,14,1,974
12.5,13,14,2,977
12.5,13,14,3,981
12.5,13,14,4,984
12.5,13,14,5,987
12.5,13,14,6,990
12.5,13,14,7,993
12.5,13,14,8,996
12.5,13,14,9,999
12.5,13,14,10,1002
12.5,13,14,11,1005
12.5,13,14,12,1008
12.5,13,14,13,1011
12.5,13,14,14,1014
12.5,13,14,15,1017
12.5,13,15,0,974
12.5,13,15,1,977
12.5,13,15,2,980
12.5,13,15,3,984
12.5,13,15,4,987
12.5,13,15,5,990
12.5,13,15,6,993
12.5,13,15,7,996
12.5,13,15,8,999
12.5,13,15,9,1002
12.5,13,15,10,1005
12.5,13,15,11,1008
12.5,13,15,12,1011
12.5,13,15,13,1014
12.5,13,15,14,1017
12.5,13,15,15,1020
12.5,14,0,0,932
12.5,14,0,1,935
12.5,14,0,2,938
12.5,14,0,3,941
12.5,14,0,4,944
12.5,14,0,5,947
12.5,14,0,6,950
12.5,14,0,7,953
12.5,14,0,8,956
12.5,14,0,9,959
12.5,14,0,10,961
12.5,14,0,11,964
12.5,14,0,12,967
12.5,14,0,13,970
12.5,14,0,14,973
12.5,14,0,15,976
12.5,14,1,0,935
12.5,14,1,1,938
12.5,14,1,2,941
12.5,14,1,3,944
12.5,14,1,4,947
12.5,14,1,5,950
12.5,14,1,6,953
12.5,14,1,7,956
12.5,14,1,8,959
12.5,14,1,9,962
12.5,14,1,10,965
12.5,14,1,11,968
12.5,14,1,12,971
12.5,14,1,13,973
12.5,14,1,14,976
12.5,14,1,15,979
12.5,14,2,0,938
12.5,14,2,1,941
12.5,14,2,2,944
12.5,14,2,3,947
12.5,14,2,4,950
12.5,14,2,5,953
12.5,14,2,6,956
12.5,14,2,7,959
12.5,14,2,8,962
12.5,14,2,9,965
12.5,14,2,10,968
12.5,14,2,11,971
12.5,14,2,12,974
12.5,14,2,13,977
12.5,14,2,14,980
12.5,14,2,15,982
12.5,14,3,0,941
12.5,14,3,1,944
12.5,14,3,2,947
12.5,14,3,3,950
12.5,14,3,4,953
12.5,14,3,5,956
12.5,14,3,6,959
12.5,14,3,7,962
12.5,14,3,8,965
12.5,14,3,9,968
12.5,14,3,10,971
12.5,14,3,11,974
12.5,14,3,12,977
12.5,14,3,13,980
12.5,14,3,14,983
12.5,14,3,15,986
12.5,14,4,0,944
12.5,14,4,1,947
12.5,14,4,2,950
12.5,14,4,3,953
12.5,14,4,4,956
12.5,14,4,5,959
12.5,14,4,6,962
12.5,14,4,7,965
12.5,14,4,8,968
12.5,14,4,9,971
12.5,14,4,10,974
12.5,14,4,11,977
12.5,14,4,12,980
12.5,14,4,13,983
12.5,14,4,14,986
12.5,14,4,15,989
12.5,14,5,0,947
12.5,14,5,1,950
12.5,14,5,2,953
12.5,14,5,3,957
12.5,14,5,4,960
12.5,14,5,5,963
12.5,14,5,6,966
12.5,14,5,7,969
12.5,14,5,8,972
12.5,14,5,9,975
12.5,14,5,10,977
12.5,14,5,11,980
12.5,14,5,12,983
12.5,14,5,13,986
12.5,14,5,14,989
12.5,14,5,15,992
12.5,14,6,0,950
12.5,14,6,1,954
12.5,14,6,2,957
12.5,14,6,3,960
12.5,14,6,4,963
12.5,14,6,5,966
12.5,14,6,6,969
12.5,14,6,7,972
12.5,14,6,8,975
12.5,14,6,9,978
12.5,14,6,10,981
12.5,14,6,11,984
12.5,14,6,12,987
12.5,14,6,13,990
12.5,14,6,14,992
12.5,14,6,15,995
12.5,14,7,0,954
12.5,14,7,1,957
12.5,14,7,2,960
12.5,14,7,3,963
12.5,14,7,4,966
12.5,14,7,5,969
12.5,14,7,6,972
12.5,14,7,7,975
12.5,14,7,8,978
12.5,14,7,9,981
12.5,14,7,10,984
12.5,14,7,11,987
12.5,14,7,12,990
12.5,14,7,13,993
12.5,14,7,14,996
12.5,14,7,15,999
12.5,14,8,0,957
12.5,14,8,1,960
12.5,14,8,2,963
12.5,14,8,3,966
12.5,14,8,4,969
12.5,14,8,5,972
12.5,14,8,6,975
12.5,14,8,7,978
12.5,14,8,8,981
12.5,14,8,9,984
12.5,14,8,10,987
12.5,14,8,11,990
12.5,14,8,12,993
12.5,14,8,13,996
12.5,14,8,14,999
12.5,14,8,15,1002
12.5,14,9,0,960
12.5,14,9,1,963
12.5,14,9,2,966
12.5,14,9,3,969
12.5,14,9,4,972
12.5,14,9,5,975
12.5,14,9,6,978
12.5,14,9,7,981
12.5,14,9,8,984
12.5,14,9,9,987
12.5,14,9,10,990
12.5,14,9,11,993
12.5,14,9,12,996
12.5,14,9,13,999
12.5,14,9,14,1002
12.5,14,9,15,1005
12.5,14,10,0,963
12.5,14,10,1,966
12.5,14,10,2,969
12.5,14,10,3,972
12.5,14,10,4,975
12.5,14,10,5,978
12.5,14,10,6,981
12.5,14,10,7,984
12.5,14,10,8,987
12.5,14,10,9,990
12.5,14,10,10,993
12.5,14,10,11,996
12.5,14,10,12,999
12.5,14,10,13,1002
12.5,14,10,14,1005
12.5,14,10,15,1008
12.5,14,11,0,966
12.5,14,11,1,969
12.5,14,11,2,972
12.5,14,11,3,975
12.5,14,11,4,978
12.5,14,11,5,981
12.5,14,11,6,984
12.5,14,11,7,987
12.5,14,11,8,990
12.5,14,11,9,993
12.5,14,11,10,996
12.5,14,11,11,999
12.5,14,11,12,1002
12.5,14,11,13,1005
12.5,14,11,14,1008
12.5,14,11,15,1011
12.5,14,12,0,969
12.5,14,12,1,972
12.5,14,12,2,975
12.5,14,12,3,978
12.5,14,12,4,981
12.5,14,12,5,984
12.5,14,12,6,987
12.5,14,12,7,990
12.5,14,12,8,993
12.5,14,12,9,996
12.5,14,12,10,999
12.5,14,12,11,1003
12.5,14,12,12,1006
12.5,14,12,13,1009
12.5,14,12,14,1012
12.5,14,12,15,1015
12.5,14,13,0,972
12.5,14,13,1,975
12.5,14,13,2,978
12.5,14,13,3,981
12.5,14,13,4,984
12.5,14,13,5,987
12.5,14,13,6,990
12.5,14,13,7,993
12.5,14,13,8,996
12.5,14,13,9,1000
12.5,14,13,10,1003
12.5,14,13,11,1006
12.5,14,13,12,1009
12.5,14,13,13,1012
12.5,14,13,14,1015
12.5,14,13,15,1018
12.5,14,14,0,975
12.5,14,14,1,978
12.5,14,14,2,981
12.5,14,14,3,984
12.5,14,14,4,987
12.5,14,14,5,990
12.5,14,14,6,993
12.5,14,14,7,996
12.5,14,14,8,1000
12.5,14,14,9,1003
12.5,14,14,10,1006
12.5,14,14,11,1009
12.5,14,14,12,1012
12.5,14,14,13,1015
12.5,14,14,14,1018
12.5,14,14,15,1021
12.5,14,15,0,978
12.5,14,15,1,981
12.5,14,15,2,984
12.5,14,15,3,987
12.5,14,15,4,990
12.5,14,15,5,993
12.5,14,15,6,996
12.5,14,15,7,1000
12.5,14,15,8,1003
12.5,14,15,9,1006
12.5,14,15,10,1009
12.5,14,15,11,1012
12.5,14,15,12,1015
12.5,14,15,13,1018
12.5,14,15,14,1021
12.5,14,15,15,1024
12.5,15,0,0,935
12.5,15,0,1,938
12.5,15,0,2,941
12.5,15,0,3,944
12.5,15,0,4,947
12.5,15,0,5,950
12.5,15,0,6,953
12.5,15,0,7,956
12.5,15,0,8,959
12.5,15,0,9,962
12.5,15,0,10,965
12.5,15,0,11,968
12.5,15,0,12,971
12.5,15,0,13,974
12.5,15,0,14,977
12.5,15,0,15,980
12.5,15,1,0,938
12.5,15,1,1,941
12.5,15,1,2,944
12.5,15,1,3,947
12.5,15,1,4,950
12.5,15,1,5,953
12.5,15,1,6,956
12.5,15,1,7,959
12.5,15,1,8,962
12.5,15,1,9,965
12.5,15,1,10,968
12.5,15,1,11,971
12.5,15,1,12,974
12.5,15,1,13,977
12.5,15,1,14,980
12.5,15,1,15,983
12.5,15,2,0,942
12.5,15,2,1,945
12.5,15,2,2,948
12.5,15,2,3,951
12.5,15,2,4,954
12.5,15,2,5,957
12.5,15,2,6,960
12.5,15,2,7,963
12.5,15,2,8,966
12.5,15,2,9,968
12.5,15,2,10,971
12.5,15,2,11,974
12.5,15,2,12,977
12.5,15,2,13,980
12.5,15,2,14,983
12.5,15,2,15,986
12.5,15,3,0,945
12.5,15,3,1,948
12.5,15,3,2,951
12.5,15,3,3,954
12.5,15,3,4,957
12.5,15,3,5,960
12.5,15,3,6,963
12.5,15,3,7,966
12.5,15,3,8,969
12.5,15,3,9,972
12.5,15,3,10,975
12.5,15,3,11,978
12.5,15,3,12,981
12.5,15,3,13,983
12.5,15,3,14,986
12.5,15,3,15,989
12.5,15,4,0,948
12.5,15,4,1,951
12.5,15,4,2,954
12.5,15,4,3,957
12.5,15,4,4,960
12.5,15,4,5,963
12.5,15,4,6,966
12.5,15,4,7,969
12.5,15,4,8,972
12.5,15,4,9,975
12.5,15,4,10,978
12.5,15,4,11,981
12.5,15,4,12,984
12.5,15,4,13,987
12.5,15,4,14,990
12.5,15,4,15,993
12.5,15,5,0,951
12.5,15,5,1,954
12.5,15,5,2,957
12.5,15,5,3,960
12.5,15,5,4,963
12.5,15,5,5,966
12.5,15,5,6,969
12.5,15,5,7,972
12.5,15,5,8,975
12.5,15,5,9,978
12.5,15,5,10,981
12.5,15,5,11,984
12.5,15,5,12,987
12.5,15,5,13,990
12.5,15,5,14,993
12.5,15,5,15,996
12.5,15,6,0,954
12.5,15,6,1,957
12.5,15,6,2,960
12.5,15,6,3,963
12.5,15,6,4,966
12.5,15,6,5,969
12.5,15,6,6,972
12.5,15,6,7,975
12.5,15,6,8,978
12.5,15,6,9,981
12.5,15,6,10,984
12.5,15,6,11,987
12.5,15,6,12,990
12.5,15,6,13,993
12.5,15,6,14,996
12.5,15,6,15,999
12.5,15,7,0,957
12.5,15,7,1,960
12.5,15,7,2,963
12.5,15,7,3,966
12.5,15,7,4,969
12.5,15,7,5,972
12.5,15,7,6,975
12.5,15,7,7,978
12.5,15,7,8,981
12.5,15,7,9,984
12.5,15,7,10,987
12.5,15,7,11,990
12.5,15,7,12,993
12.5,15,7,13,996
12.5,15,7,14,999
12.5,15,7,15,1002
12.5,15,8,0,960
12.5,15,8,1,963
12.5,15,8,2,966
12.5,15,8,3,969
12.5,15,8,4,972
12.5,15,8,5,975
12.5,15,8,6,978
12.5,15,8,7,982
12.5,15,8,8,985
12.5,15,8,9,988
12.5,15,8,10,991
12.5,15,8,11,994
12.5,15,8,12,997
12.5,15,8,13,1000
12.5,15,8,14,1003
12.5,15,8,15,1005
12.5,15,9,0,963
12.5,15,9,1,966
12.5,15,9,2,969
12.5,15,9,3,972
12.5,15,9,4,975
12.5,15,9,5,979
12.5,15,9,6,982
12.5,15,9,7,985
12.5,15,9,8,988
12.5,15,9,9,991
12.5,15,9,10,994
12.5,15,9,11,997
12.5,15,9,12,1000
12.5,15,9,13,1003
12.5,15,9,14,1006
12.5,15,9,15,1009
12.5,15,10,0,966
12.5,15,10,1,969
12.5,15,10,2,972
12.5,15,10,3,975
12.5,15,10,4,979
12.5,15,10,5,982
12.5,15,10,6,985
12.5,15,10,7,988
12.5,15,10,8,991
12.5,15,10,9,994
12.5,15,10,10,997
12.5,15,10,11,1000
12.5,15,10,12,1003
12.5,15,10,13,1006
12.5,15,10,14,1009
12.5,15,10,15,1012
12.5,15,11,0,969
12.5,15,11,1,972
12.5,15,11,2,975
12.5,15,11,3,979
12.5,15,11,4,982
12.5,15,11,5,985
12.5,15,11,6,988
12.5,15,11,7,991
12.5,15,11,8,994
12.5,15,11,9,997
12.5,15,11,10,1000
12.5,15,11,11,1003
12.5,15,11,12,1006
12.5,15,11,13,1009
12.5,15,11,14,1012
12.5,15,11,15,1015
12.5,15,12,0,972
12.5,15,12,1,975
12.5,15,12,2,978
12.5,15,12,3,982
12.5,15,12,4,985
12.5,15,12,5,988
12.5,15,12,6,991
12.5,15,12,7,994
12.5,15,12,8,997
12.5,15,12,9,1000
12.5,15,12,10,1003
12.5,15,12,11,1006
12.5,15,12,12,1009
12.5,15,12,13,1012
12.5,15,12,14,1015
12.5,15,12,15,1018
12.5,15,13,0,975
12.5,15,13,1,978
12.5,15,13,2,982
12.5,15,13,3,985
12.5,15,13,4,988
12.5,15,13,5,991
12.5,15,13,6,994
12.5,15,13,7,997
12.5,15,13,8,1000
12.5,15,13,9,1003
12.5,15,13,10,1006
12.5,15,13,11,1009
12.5,15,13,12,1012
12.5,15,13,13,1015
12.5,15,13,14,1018
12.5,15,13,15,1021
12.5,15,14,0,978
12.5,15,14,1,981
12.5,15,14,2,985
12.5,15,14,3,988
12.5,15,14,4,991
12.5,15,14,5,994
12.5,15,14,6,997
12.5,15,14,7,1000
12.5,15,14,8,1003
12.5,15,14,9,1006
12.5,15,14,10,1009
12.5,15,14,11,1012
12.5,15,14,12,1015
12.5,15,14,13,1018
12.5,15,14,14,1021
12.5,15,14,15,1025
12.5,15,15,0,981
12.5,15,15,1,984
12.5,15,15,2,988
12.5,15,15,3,991
12.5,15,15,4,994
12.5,15,15,5,997
12.5,15,15,6,1000
12.5,15,15,7,1003
12.5,15,15,8,1006
12.5,15,15,9,1009
12.5,15,15,10,1012
12.5,15,15,11,1015
12.5,15,15,12,1019
12.5,15,15,13,1022
12.5,15,15,14,1025
12.5,15,15,15,1028
13.0,0,0,0,920
13.0,0,0,1,923
13.0,0,0,2,926
13.0,0,0,3,929
13.0,0,0,4,932
13.0,0,0,5,935
13.0,0,0,6,937
13.0,0,0,7,940
13.0,0,0,8,943
13.0,0,0,9,946
13.0,0,0,10,949
13.0,0,0,11,952
13.0,0,0,12,955
13.0,0,0,13,958
13.0,0,0,14,960
13.0,0,0,15,963
13.0,0,1,0,923
13.0,0,1,1,926
13.0,0,1,2,929
13.0,0,1,3,932
13.0,0,1,4,935
13.0,0,1,5,938
13.0,0,1,6,941
13.0,0,1,7,943
13.0,0,1,8,946
13.0,0,1,9,949
13.0,0,1,10,952
13.0,0,1,11,955
13.0,0,1,12,958
13.0,0,1,13,961
13.0,0,1,14,964
13.0,0,1,15,967
13.0,0,2,0,926
13.0,0,2,1,929
13.0,0,2,2,932
13.0,0,2,3,935
13.0,0,2,4,938
13.0,0,2,5,941
13.0,0,2,6,944
13.0,0,2,7,947
13.0,0,2,8,950
13.0,0,2,9,952
13.0,0,2,10,955
13.0,0,2,11,958
13.0,0,2,12,961
13.0,0,2,13,964
13.0,0,2,14,967
13.0,0,2,15,970
13.0,0,3,0,929
13.0,0,3,1,932
13.0,0,3,2,935
13.0,0,3,3,938
13.0,0,3,4,941
13.0,0,3,5,944
13.0,0,3,6,947
13.0,0,3,7,950
13.0,0,3,8,953
13.0,0,3,9,956
13.0,0,3,10,959
13.0,0,3,11,961
13.0,0,3,12,964
13.0,0,3,13,967
13.0,0,3,14,970
13.0,0,3,15,973
13.0,0,4,0,932
13.0,0,4,1,935
13.0,0,4,2,938
13.0,0,4,3,941
13.0,0,4,4,944
13.0,0,4,5,947
13.0,0,4,6,950
13.0,0,4,7,953
13.0,0,4,8,956
13.0,0,4,9,959
13.0,0,4,10,962
13.0,0,4,11,965
13.0,0,4,12,967
13.0,0,4,13,970
13.0,0,4,14,973
13.0,0,4,15,976
13.0,0,5,0,935
13.0,0,5,1,938
13.0,0,5,2,941
13.0,0,5,3,944
13.0,0,5,4,947
13.0,0,5,5,950
13.0,0,5,6,953
13.0,0,5,7,956
13.0,0,5,8,959
13.0,0,5,9,962
13.0,0,5,10,965
13.0,0,5,11,968
13.0,0,5,12,971
13.0,0,5,13,974
13.0,0,5,14,976
13.0,0,5,15,979
13.0,0,6,0,938
13.0,0,6,1,941
13.0,0,6,2,944
13.0,0,6,3,947
13.0,0,6,4,950
13.0,0,6,5,953
13.0,0,6,6,956
13.0,0,6,7,959
13.0,0,6,8,962
13.0,0,6,9,965
13.0,0,6,10,968
13.0,0,6,11,971
13.0,0,6,12,974
13.0,0,6,13,977
13.0,0,6,14,980
13.0,0,6,15,983
13.0,0,7,0,941
13.0,0,7,1,944
13.0,0,7,2,947
13.0,0,7,3,950
13.0,0,7,4,953
13.0,0,7,5,956
13.0,0,7,6,959
13.0,0,7,7,962
13.0,0,7,8,965
13.0,0,7,9,968
13.0,0,7,10,971
13.0,0,7,11,974
13.0,0,7,12,977
13.0,0,7,13,980
13.0,0,7,14,983
13.0,0,7,15,986
13.0,0,8,0,944
13.0,0,8,1,947
13.0,0,8,2,950
13.0,0,8,3,953
13.0,0,8,4,956
13.0,0,8,5,959
13.0,0,8,6,962
13.0,0,8,7,965
13.0,0,8,8,968
13.0,0,8,9,971
13.0,0,8,10,974
13.0,0,8,11,977
13.0,0,8,12,980
13.0,0,8,13,983
13.0,0,8,14,986
13.0,0,8,15,989
13.0,0,9,0,947
13.0,0,9,1,950
13.0,0,9,2,953
13.0,0,9,3,956
13.0,0,9,4,959
13.0,0,9,5,962
13.0,0,9,6,965
13.0,0,9,7,968
13.0,0,9,8,971
13.0,0,9,9,974
13.0,0,9,10,977
13.0,0,9,11,980
13.0,0,9,12,983
13.0,0,9,13,986
13.0,0,9,14,989
13.0,0,9,15,992
13.0,0,10,0,950
13.0,0,10,1,953
13.0,0,10,2,956
13.0,0,10,3,959
13.0,0,10,4,962
13.0,0,10,5,965
13.0,0,10,6,968
13.0,0,10,7,971
13.0,0,10,8,974
13.0,0,10,9,977
13.0,0,10,10,980
13.0,0,10,11,983
13.0,0,10,12,986
13.0,0,10,13,989
13.0,0,10,14,992
13.0,0,10,15,995
13.0,0,11,0,953
13.0,0,11,1,956
13.0,0,11,2,959
13.0,0,11,3,962
13.0,0,11,4,965
13.0,0,11,5,968
13.0,0,11,6,971
13.0,0,11,7,974
13.0,0,11,8,977
13.0,0,11,9,980
13.0,0,11,10,983
13.0,0,11,11,986
13.0,0,11,12,989
13.0,0,11,13,992
13.0,0,11,14,995
13.0,0,11,15,998
13.0,0,12,0,956
13.0,0,12,1,959
13.0,0,12,2,962
13.0,0,12,3,965
13.0,0,12,4,968
13.0,0,12,5,971
13.0,0,12,6,974
13.0,0,12,7,977
13.0,0,12,8,981
13.0,0,12,9,984
13.0,0,12,10,987
13.0,0,12,11,989
13.0,0,12,12,992
13.0,0,12,13,995
13.0,0,12,14,998
13.0,0,12,15,1001
13.0,0,13,0,959
13.0,0,13,1,962
13.0,0,13,2,965
13.0,0,13,3,968
13.0,0,13,4,971
13.0,0,13,5,974
13.0,0,13,6,977
13.0,0,13,7,981
13.0,0,13,8,984
13.0,0,13,9,987
13.0,0,13,10,990
13.0,0,13,11,993
13.0,0,13,12,996
13.0,0,13,13,999
13.0,0,13,14,1001
13.0,0,13,15,1004
13.0,0,14,0,962
13.0,0,14,1,965
13.0,0,14,2,968
13.0,0,14,3,971
13.0,0,14,4,974
13.0,0,14,5,977
13.0,0,14,6,981
13.0,0,14,7,984
13.0,0,14,8,987
13.0,0,14,9,990
13.0,0,14,10,993
13.0,0,14,11,996
13.0,0,14,12,999
13.0,0,14,13,1002
13.0,0,14,14,1005
13.0,0,14,15,1008
13.0,0,15,0,965
13.0,0,15,1,968
13.0,0,15,2,971
13.0,0,15,3,974
13.0,0,15,4,977
13.0,0,15,5,980
13.0,0,15,6,984
13.0,0,15,7,987
13.0,0,15,8,990
13.0,0,15,9,993
13.0,0,15,10,996
13.0,0,15,11,999
13.0,0,15,12,1002
13.0,0,15,13,1005
13.0,0,15,14,1008
13.0,0,15,15,1011
13.0,1,0,0,923
13.0,1,0,1,926
13.0,1,0,2,929
13.0,1,0,3,932
13.0,1,0,4,935
13.0,1,0,5,938
13.0,1,0,6,941
13.0,1,0,7,944
13.0,1,0,8,947
13.0,1,0,9,950
13.0,1,0,10,953
13.0,1,0,11,956
13.0,1,0,12,958
13.0,1,0,13,961
13.0,1,0,14,964
13.0,1,0,15,967
13.0,1,1,0,926
13.0,1,1,1,929
13.0,1,1,2,932
13.0,1,1,3,935
13.0,1,1,4,938
13.0,1,1,5,941
13.0,1,1,6,944
13.0,1,1,7,947
13.0,1,1,8,950
13.0,1,1,9,953
13.0,1,1,10,956
13.0,1,1,11,959
13.0,1,1,12,962
13.0,1,1,13,965
13.0,1,1,14,967
13.0,1,1,15,970
13.0,1,2,0,929
13.0,1,2,1,932
13.0,1,2,2,935
13.0,1,2,3,938
13.0,1,2,4,941
13.0,1,2,5,944
13.0,1,2,6,947
13.0,1,2,7,950
13.0,1,2,8,953
13.0,1,2,9,956
13.0,1,2,10,959
13.0,1,2,11,962
13.0,1,2,12,965
13.0,1,2,13,968
13.0,1,2,14,971
13.0,1,2,15,973
13.0,1,3,0,933
13.0,1,3,1,936
13.0,1,3,2,939
13.0,1,3,3,942
13.0,1,3,4,945
13.0,1,3,5,948
13.0,1,3,6,950
13.0,1,3,7,953
13.0,1,3,8,956
13.0,1,3,9,959
13.0,1,3,10,962
13.0,1,3,11,965
13.0,1,3,12,968
13.0,1,3,13,971
13.0,1,3,14,974
13.0,1,3,15,977
13.0,1,4,0,936
13.0,1,4,1,939
13.0,1,4,2,942
13.0,1,4,3,945
13.0,1,4,4,948
13.0,1,4,5,951
13.0,1,4,6,954
13.0,1,4,7,957
13.0,1,4,8,959
13.0,1,4,9,962
13.0,1,4,10,965
13.0,1,4,11,968
13.0,1,4,12,971
13.0,1,4,13,974
13.0,1,4,14,977
13.0,1,4,15,980
13.0,1,5,0,939
13.0,1,5,1,942
13.0,1,5,2,945
13.0,1,5,3,948
13.0,1,5,4,951
13.0,1,5,5,954
13.0,1,5,6,957
13.0,1,5,7,960
13.0,1,5,8,963
13.0,1,5,9,966
13.0,1,5,10,969
13.0,1,5,11,971
13.0,1,5,12,974
13.0,1,5,13,977
13.0,1,5,14,980
13.0,1,5,15,983
13.0,1,6,0,942
13.0,1,6,1,945
13.0,1,6,2,948
13.0,1,6,3,951
13.0,1,6,4,954
13.0,1,6,5,957
13.0,1,6,6,960
13.0,1,6,7,963
13.0,1,6,8,966
13.0,1,6,9,969
13.0,1,6,10,972
13.0,1,6,11,975
13.0,1,6,12,978
13.0,1,6,13,980
13.0,1,6,14,983
13.0,1,6,15,986
13.0,1,7,0,945
13.0,1,7,1,948
13.0,1,7,2,951
13.0,1,7,3,954
13.0,1,7,4,957
13.0,1,7,5,960
13.0,1,7,6,963
13.0,1,7,7,966
13.0,1,7,8,969
13.0,1,7,9,972
13.0,1,7,10,975
13.0,1,7,11,978
13.0,1,7,12,981
13.0,1,7,13,984
13.0,1,7,14,987
13.0,1,7,15,989
13.0,1,8,0,948
13.0,1,8,1,951
13.0,1,8,2,954
13.0,1,8,3,957
13.0,1,8,4,960
13.0,1,8,5,963
13.0,1,8,6,966
13.0,1,8,7,969
13.0,1,8,8,972
13.0,1,8,9,975
13.0,1,8,10,978
13.0,1,8,11,981
13.0,1,8,12,984
13.0,1,8,13,987
13.0,1,8,14,990
13.0,1,8,15,993
13.0,1,9,0,951
13.0,1,9,1,954
13.0,1,9,2,957
13.0,1,9,3,960
13.0,1,9,4,963
13.0,1,9,5,966
13.0,1,9,6,969
13.0,1,9,7,972
13.0,1,9,8,975
13.0,1,9,9,978
13.0,1,9,10,981
13.0,1,9,11,984
13.0,1,9,12,987
13.0,1,9,13,990
13.0,1,9,14,993
13.0,1,9,15,996
13.0,1,10,0,954
13.0,1,10,1,957
13.0,1,10,2,960
13.0,1,10,3,963
13.0,1,10,4,966
13.0,1,10,5,969
13.0,1,10,6,972
13.0,1,10,7,975
13.0,1,10,8,978
13.0,1,10,9,981
13.0,1,10,10,984
13.0,1,10,11,987
13.0,1,10,12,990
13.0,1,10,13,993
13.0,1,10,14,996
13.0,1,10,15,999
13.0,1,11,0,957
13.0,1,11,1,960
13.0,1,11,2,963
13.0,1,11,3,966
13.0,1,11,4,969
13.0,1,11,5,972
13.0,1,11,6,975
13.0,1,11,7,978
13.0,1,11,8,981
13.0,1,11,9,984
13.0,1,11,10,987
13.0,1,11,11,990
13.0,1,11,12,993
13.0,1,11,13,996
13.0,1,11,14,999
13.0,1,11,15,1002
13.0,1,12,0,960
13.0,1,12,1,963
13.0,1,12,2,966
13.0,1,12,3,969
13.0,1,12,4,972
13.0,1,12,5,975
13.0,1,12,6,978
13.0,1,12,7,981
13.0,1,12,8,984
13.0,1,12,9,987
13.0,1,12,10,990
13.0,1,12,11,993
13.0,1,12,12,996
13.0,1,12,13,999
13.0,1,12,14,1002
13.0,1,12,15,1005
13.0,1,13,0,963
13.0,1,13,1,966
13.0,1,13,2,969
13.0,1,13,3,972
13.0,1,13,4,975
13.0,1,13,5,978
13.0,1,13,6,981
13.0,1,13,7,984
13.0,1,13,8,987
13.0,1,13,9,990
13.0,1,13,10,993
13.0,1,13,11,996
13.0,1,13,12,999
13.0,1,13,13,1002
13.0,1,13,14,1005
13.0,1,13,15,1008
13.0,1,14,0,966
13.0,1,14,1,969
13.0,1,14,2,972
13.0,1,14,3,975
13.0,1,14,4,978
13.0,1,14,5,981
13.0,1,14,6,984
13.0,1,14,7,987
13.0,1,14,8,990
13.0,1,14,9,993
13.0,1,14,10,996
13.0,1,14,11,999
13.0,1,14,12,1002
13.0,1,14,13,1005
13.0,1,14,14,1008
13.0,1,14,15,1011
13.0,1,15,0,969
13.0,1,15,1,972
13.0,1,15,2,975
13.0,1,15,3,978
13.0,1,15,4,981
13.0,1,15,5,984
13.0,1,15,6,987
13.0,1,15,7,990
13.0,1,15,8,993
13.0,1,15,9,996
13.0,1,15,10,999
13.0,1,15,11,1003
13.0,1,15,12,1006
13.0,1,15,13,1009
13.0,1,15,14,1012
13.0,1,15,15,1015
13.0,2,0,0,927
13.0,2,0,1,930
13.0,2,0,2,933
13.0,2,0,3,936
13.0,2,0,4,939
13.0,2,0,5,942
13.0,2,0,6,945
13.0,2,0,7,948
13.0,2,0,8,950
13.0,2,0,9,953
13.0,2,0,10,956
13.0,2,0,11,959
13.0,2,0,12,962
13.0,2,0,13,965
13.0,2,0,14,968
13.0,2,0,15,971
13.0,2,1,0,930
13.0,2,1,1,933
13.0,2,1,2,936
13.0,2,1,3,939
13.0,2,1,4,942
13.0,2,1,5,945
13.0,2,1,6,948
13.0,2,1,7,951
13.0,2,1,8,954
13.0,2,1,9,957
13.0,2,1,10,959
13.0,2,1,11,962
13.0,2,1,12,965
13.0,2,1,13,968
13.0,2,1,14,971
13.0,2,1,15,974
13.0,2,2,0,933
13.0,2,2,1,936
13.0,2,2,2,939
13.0,2,2,3,942
13.0,2,2,4,945
13.0,2,2,5,948
13.0,2,2,6,951
13.0,2,2,7,954
13.0,2,2,8,957
13.0,2,2,9,960
13.0,2,2,10,963
13.0,2,2,11,966
13.0,2,2,12,969
13.0,2,2,13,971
13.0,2,2,14,974
13.0,2,2,15,977
13.0,2,3,0,936
13.0,2,3,1,939
13.0,2,3,2,942
13.0,2,3,3,945
13.0,2,3,4,948
13.0,2,3,5,951
13.0,2,3,6,954
13.0,2,3,7,957
13.0,2,3,8,960
13.0,2,3,9,963
13.0,2,3,10,966
13.0,2,3,11,969
13.0,2,3,12,972
13.0,2,3,13,975
13.0,2,3,14,978
13.0,2,3,15,980
13.0,2,4,0,939
13.0,2,4,1,942
13.0,2,4,2,945
13.0,2,4,3,948
13.0,2,4,4,951
13.0,2,4,5,954
13.0,2,4,6,957
13.0,2,4,7,960
13.0,2,4,8,963
13.0,2,4,9,966
13.0,2,4,10,969
13.0,2,4,11,972
13.0,2,4,12,975
13.0,2,4,13,978
13.0,2,4,14,981
13.0,2,4,15,984
13.0,2,5,0,942
13.0,2,5,1,945
13.0,2,5,2,948
13.0,2,5,3,951
13.0,2,5,4,954
13.0,2,5,5,957
13.0,2,5,6,960
13.0,2,5,7,963
13.0,2,5,8,966
13.0,2,5,9,969
13.0,2,5,10,972
13.0,2,5,11,975
13.0,2,5,12,978
13.0,2,5,13,981
13.0,2,5,14,984
13.0,2,5,15,987
13.0,2,6,0,945
13.0,2,6,1,948
13.0,2,6,2,951
13.0,2,6,3,954
13.0,2,6,4,957
13.0,2,6,5,960
13.0,2,6,6,963
13.0,2,6,7,966
13.0,2,6,8,969
13.0,2,6,9,972
13.0,2,6,10,975
13.0,2,6,11,978
13.0,2,6,12,981
13.0,2,6,13,984
13.0,2,6,14,987
13.0,2,6,15,990
13.0,2,7,0,948
13.0,2,7,1,951
13.0,2,7,2,954
13.0,2,7,3,958
13.0,2,7,4,961
13.0,2,7,5,964
13.0,2,7,6,967
13.0,2,7,7,970
13.0,2,7,8,973
13.0,2,7,9,976
13.0,2,7,10,979
13.0,2,7,11,981
13.0,2,7,12,984
13.0,2,7,13,987
13.0,2,7,14,990
13.0,2,7,15,993
13.0,2,8,0,951
13.0,2,8,1,954
13.0,2,8,2,958
13.0,2,8,3,961
13.0,2,8,4,964
13.0,2,8,5,967
13.0,2,8,6,970
13.0,2,8,7,973
13.0,2,8,8,976
13.0,2,8,9,979
13.0,2,8,10,982
13.0,2,8,11,985
13.0,2,8,12,988
13.0,2,8,13,991
13.0,2,8,14,993
13.0,2,8,15,996
13.0,2,9,0,954
13.0,2,9,1,958
13.0,2,9,2,961
13.0,2,9,3,964
13.0,2,9,4,967
13.0,2,9,5,970
13.0,2,9,6,973
13.0,2,9,7,976
13.0,2,9,8,979
13.0,2,9,9,982
13.0,2,9,10,985
13.0,2,9,11,988
13.0,2,9,12,991
13.0,2,9,13,994
13.0,2,9,14,997
13.0,2,9,15,1000
13.0,2,10,0,957
13.0,2,10,1,961
13.0,2,10,2,964
13.0,2,10,3,967
13.0,2,10,4,970
13.0,2,10,5,973
13.0,2,10,6,976
13.0,2,10,7,979
13.0,2,10,8,982
13.0,2,10,9,985
13.0,2,10,10,988
13.0,2,10,11,991
13.0,2,10,12,994
13.0,2,10,13,997
13.0,2,10,14,1000
13.0,2,10,15,1003
13.0,2,11,0,960
13.0,2,11,1,964
13.0,2,11,2,967
13.0,2,11,3,970
13.0,2,11,4,973
13.0,2,11,5,976
13.0,2,11,6,979
13.0,2,11,7,982
13.0,2,11,8,985
13.0,2,11,9,988
13.0,2,11,10,991
13.0,2,11,11,994
13.0,2,11,12,997
13.0,2,11,13,1000
13.0,2,11,14,1003
13.0,2,11,15,1006
13.0,2,12,0,963
13.0,2,12,1,967
13.0,2,12,2,970
13.0,2,12,3,973
13.0,2,12,4,976
13.0,2,12,5,979
13.0,2,12,6,982
13.0,2,12,7,985
13.0,2,12,8,988
13.0,2,12,9,991
13.0,2,12,10,994
13.0,2,12,11,997
13.0,2,12,12,1000
13.0,2,12,13,1003
13.0,2,12,14,1006
13.0,2,12,15,1009
13.0,2,13,0,966
13.0,2,13,1,970
13.0,2,13,2,973
13.0,2,13,3,976
13.0,2,13,4,979
13.0,2,13,5,982
13.0,2,13,6,985
13.0,2,13,7,988
13.0,2,13,8,991
13.0,2,13,9,994
13.0,2,13,10,997
13.0,2,13,11,1000
13.0,2,13,12,1003
13.0,2,13,13,1006
13.0,2,13,14,1009
13.0,2,13,15,1012
13.0,2,14,0,969
13.0,2,14,1,973
13.0,2,14,2,976
13.0,2,14,3,979
13.0,2,14,4,982
13.0,2,14,5,985
13.0,2,14,6,988
13.0,2,14,7,991
13.0,2,14,8,994
13.0,2,14,9,997
13.0,2,14,10,1000
13.0,2,14,11,1003
13.0,2,14,12,1006
13.0,2,14,13,1009
13.0,2,14,14,1012
13.0,2,14,15,1015
13.0,2,15,0,972
13.0,2,15,1,976
13.0,2,15,2,979
13.0,2,15,3,982
13.0,2,15,4,985
13.0,2,15,5,988
13.0,2,15,6,991
13.0,2,15,7,994
13.0,2,15,8,997
13.0,2,15,9,1000
13.0,2,15,10,1003
13.0,2,15,11,1006
13.0,2,15,12,1009
13.0,2,15,13,1012
13.0,2,15,14,1015
13.0,2,15,15,1018
13.0,3,0,0,930
13.0,3,0,1,933
13.0,3,0,2,936
13.0,3,0,3,939
13.0,3,0,4,942
13.0,3,0,5,945
13.0,3,0,6,948
13.0,3,0,7,951
13.0,3,0,8,954
13.0,3,0,9,957
13.0,3,0,10,960
13.0,3,0,11,963
13.0,3,0,12,966
13.0,3,0,13,969
13.0,3,0,14,972
13.0,3,0,15,974
13.0,3,1,0,933
13.0,3,1,1,936
13.0,3,1,2,939
13.0,3,1,3,942
13.0,3,1,4,945
13.0,3,1,5,948
13.0,3,1,6,951
13.0,3,1,7,954
13.0,3,1,8,957
13.0,3,1,9,960
13.0,3,1,10,963
13.0,3,1,11,966
13.0,3,1,12,969
13.0,3,1,13,972
13.0,3,1,14,975
13.0,3,1,15,978
13.0,3,2,0,937
13.0,3,2,1,940
13.0,3,2,2,943
13.0,3,2,3,946
13.0,3,2,4,949
13.0,3,2,5,952
13.0,3,2,6,955
13.0,3,2,7,958
13.0,3,2,8,960
13.0,3,2,9,963
13.0,3,2,10,966
13.0,3,2,11,969
13.0,3,2,12,972
13.0,3,2,13,975
13.0,3,2,14,978
13.0,3,2,15,981
13.0,3,3,0,940
13.0,3,3,1,943
13.0,3,3,2,946
13.0,3,3,3,949
13.0,3,3,4,952
13.0,3,3,5,955
13.0,3,3,6,958
13.0,3,3,7,961
13.0,3,3,8,964
13.0,3,3,9,967
13.0,3,3,10,970
13.0,3,3,11,972
13.0,3,3,12,975
13.0,3,3,13,978
13.0,3,3,14,981
13.0,3,3,15,984
13.0,3,4,0,943
13.0,3,4,1,946
13.0,3,4,2,949
13.0,3,4,3,952
13.0,3,4,4,955
13.0,3,4,5,958
13.0,3,4,6,961
13.0,3,4,7,964
13.0,3,4,8,967
13.0,3,4,9,970
13.0,3,4,10,973
13.0,3,4,11,976
13.0,3,4,12,979
13.0,3,4,13,982
13.0,3,4,14,984
13.0,3,4,15,987
13.0,3,5,0,946
13.0,3,5,1,949
13.0,3,5,2,952
13.0,3,5,3,955
13.0,3,5,4,958
13.0,3,5,5,961
13.0,3,5,6,964
13.0,3,5,7,967
13.0,3,5,8,970
13.0,3,5,9,973
13.0,3,5,10,976
13.0,3,5,11,979
13.0,3,5,12,982
13.0,3,5,13,985
13.0,3,5,14,988
13.0,3,5,15,991
13.0,3,6,0,949
13.0,3,6,1,952
13.0,3,6,2,955
13.0,3,6,3,958
13.0,3,6,4,961
13.0,3,6,5,964
13.0,3,6,6,967
13.0,3,6,7,970
13.0,3,6,8,973
13.0,3,6,9,976
13.0,3,6,10,979
13.0,3,6,11,982
13.0,3,6,12,985
13.0,3,6,13,988
13.0,3,6,14,991
13.0,3,6,15,994
13.0,3,7,0,952
13.0,3,7,1,955
13.0,3,7,2,958
13.0,3,7,3,961
13.0,3,7,4,964
13.0,3,7,5,967
13.0,3,7,6,970
13.0,3,7,7,973
13.0,3,7,8,976
13.0,3,7,9,979
13.0,3,7,10,982
13.0,3,7,11,985
13.0,3,7,12,988
13.0,3,7,13,991
13.0,3,7,14,994
13.0,3,7,15,997
13.0,3,8,0,955
13.0,3,8,1,958
13.0,3,8,2,961
13.0,3,8,3,964
13.0,3,8,4,967
13.0,3,8,5,970
13.0,3,8,6,973
13.0,3,8,7,976
13.0,3,8,8,979
13.0,3,8,9,982
13.0,3,8,10,985
13.0,3,8,11,988
13.0,3,8,12,991
13.0,3,8,13,994
13.0,3,8,14,997
13.0,3,8,15,1000
13.0,3,9,0,958
13.0,3,9,1,961
13.0,3,9,2,964
13.0,3,9,3,967
13.0,3,9,4,970
13.0,3,9,5,973
13.0,3,9,6,976
13.0,3,9,7,979
13.0,3,9,8,982
13.0,3,9,9,986
13.0,3,9,10,989
13.0,3,9,11,992
13.0,3,9,12,994
13.0,3,9,13,997
13.0,3,9,14,1000
13.0,3,9,15,1003
13.0,3,10,0,961
13.0,3,10,1,964
13.0,3,10,2,967
13.0,3,10,3,970
13.0,3,10,4,973
13.0,3,10,5,976
13.0,3,10,6,980
13.0,3,10,7,983
13.0,3,10,8,986
13.0,3,10,9,989
13.0,3,10,10,992
13.0,3,10,11,995
13.0,3,10,12,998
13.0,3,10,13,1001
13.0,3,10,14,1004
13.0,3,10,15,1007
13.0,3,11,0,964
13.0,3,11,1,967
13.0,3,11,2,970
13.0,3,11,3,973
13.0,3,11,4,976
13.0,3,11,5,980
13.0,3,11,6,983
13.0,3,11,7,986
13.0,3,11,8,989
13.0,3,11,9,992
13.0,3,11,10,995
13.0,3,11,11,998
13.0,3,11,12,1001
13.0,3,11,13,1004
13.0,3,11,14,1007
13.0,3,11,15,1010
13.0,3,12,0,967
13.0,3,12,1,970
13.0,3,12,2,973
13.0,3,12,3,976
13.0,3,12,4,980
13.0,3,12,5,983
13.0,3,12,6,986
13.0,3,12,7,989
13.0,3,12,8,992
13.0,3,12,9,995
13.0,3,12,10,998
13.0,3,12,11,1001
13.0,3,12,12,1004
13.0,3,12,13,1007
13.0,3,12,14,1010
13.0,3,12,15,1013
13.0,3,13,0,970
13.0,3,13,1,973
13.0,3,13,2,976
13.0,3,13,3,979
13.0,3,13,4,983
13.0,3,13,5,986
13.0,3,13,6,989
13.0,3,13,7,992
13.0,3,13,8,995
13.0,3,13,9,998
13.0,3,13,10,1001
13.0,3,13,11,1004
13.0,3,13,12,1007
13.0,3,13,13,1010
13.0,3,13,14,1013
13.0,3,13,15,1016
13.0,3,14,0,973
13.0,3,14,1,976
13.0,3,14,2,979
13.0,3,14,3,982
13.0,3,14,4,986
13.0,3,14,5,989
13.0,3,14,6,992
13.0,3,14,7,995
13.0,3,14,8,998
13.0,3,14,9,1001
13.0,3,14,10,1004
13.0,3,14,11,1007
13.0,3,14,12,1010
13.0,3,14,13,1013
13.0,3,14,14,1016
13.0,3,14,15,1019
13.0,3,15,0,976
13.0,3,15,1,979
13.0,3,15,2,982
13.0,3,15,3,986
13.0,3,15,4,989
13.0,3,15,5,992
13.0,3,15,6,995
13.0,3,15,7,998
13.0,3,15,8,1001
13.0,3,15,9,1004
13.0,3,15,10,1007
13.0,3,15,11,1010
13.0,3,15,12,1013
13.0,3,15,13,1016
13.0,3,15,14,1019
13.0,3,15,15,1022
13.0,4,0,0,934
13.0,4,0,1,937
13.0,4,0,2,940
13.0,4,0,3,943
13.0,4,0,4,946
13.0,4,0,5,949
13.0,4,0,6,952
13.0,4,0,7,955
13.0,4,0,8,958
13.0,4,0,9,961
13.0,4,0,10,964
13.0,4,0,11,966
13.0,4,0,12,969
13.0,4,0,13,972
13.0,4,0,14,975
13.0,4,0,15,978
13.0,4,1,0,937
13.0,4,1,1,940
13.0,4,1,2,943
13.0,4,1,3,946
13.0,4,1,4,949
13.0,4,1,5,952
13.0,4,1,6,955
13.0,4,1,7,958
13.0,4,1,8,961
13.0,4,1,9,964
13.0,4,1,10,967
13.0,4,1,11,970
13.0,4,1,12,973
13.0,4,1,13,976
13.0,4,1,14,978
13.0,4,1,15,981
13.0,4,2,0,940
13.0,4,2,1,943
13.0,4,2,2,946
13.0,4,2,3,949
13.0,4,2,4,952
13.0,4,2,5,955
13.0,4,2,6,958
13.0,4,2,7,961
13.0,4,2,8,964
13.0,4,2,9,967
13.0,4,2,10,970
13.0,4,2,11,973
13.0,4,2,12,976
13.0,4,2,13,979
13.0,4,2,14,982
13.0,4,2,15,985
13.0,4,3,0,943
13.0,4,3,1,946
13.0,4,3,2,949
13.0,4,3,3,952
13.0,4,3,4,955
13.0,4,3,5,958
13.0,4,3,6,961
13.0,4,3,7,964
13.0,4,3,8,967
13.0,4,3,9,970
13.0,4,3,10,973
13.0,4,3,11,976
13.0,4,3,12,979
13.0,4,3,13,982
13.0,4,3,14,985
13.0,4,3,15,988
13.0,4,4,0,946
13.0,4,4,1,949
13.0,4,4,2,952
13.0,4,4,3,955
13.0,4,4,4,958
13.0,4,4,5,962
13.0,4,4,6,965
13.0,4,4,7,967
13.0,4,4,8,970
13.0,4,4,9,973
13.0,4,4,10,976
13.0,4,4,11,979
13.0,4,4,12,982
13.0,4,4,13,985
13.0,4,4,14,988
13.0,4,4,15,991
13.0,4,5,0,949
13.0,4,5,1,953
13.0,4,5,2,956
13.0,4,5,3,959
13.0,4,5,4,962
13.0,4,5,5,965
13.0,4,5,6,968
13.0,4,5,7,971
13.0,4,5,8,974
13.0,4,5,9,977
13.0,4,5,10,980
13.0,4,5,11,983
13.0,4,5,12,986
13.0,4,5,13,988
13.0,4,5,14,991
13.0,4,5,15,994
13.0,4,6,0,953
13.0,4,6,1,956
13.0,4,6,2,959
13.0,4,6,3,962
13.0,4,6,4,965
13.0,4,6,5,968
13.0,4,6,6,971
13.0,4,6,7,974
13.0,4,6,8,977
13.0,4,6,9,980
13.0,4,6,10,983
13.0,4,6,11,986
13.0,4,6,12,989
13.0,4,6,13,992
13.0,4,6,14,995
13.0,4,6,15,998
13.0,4,7,0,956
13.0,4,7,1,959
13.0,4,7,2,962
13.0,4,7,3,965
13.0,4,7,4,968
13.0,4,7,5,971
13.0,4,7,6,974
13.0,4,7,7,977
13.0,4,7,8,980
13.0,4,7,9,983
13.0,4,7,10,986
13.0,4,7,11,989
13.0,4,7,12,992
13.0,4,7,13,995
13.0,4,7,14,998
13.0,4,7,15,1001
13.0,4,8,0,959
13.0,4,8,1,962
13.0,4,8,2,965
13.0,4,8,3,968
13.0,4,8,4,971
13.0,4,8,5,974
13.0,4,8,6,977
13.0,4,8,7,980
13.0,4,8,8,983
13.0,4,8,9,986
13.0,4,8,10,989
13.0,4,8,11,992
13.0,4,8,12,995
13.0,4,8,13,998
13.0,4,8,14,1001
13.0,4,8,15,1004
13.0,4,9,0,962
13.0,4,9,1,965
13.0,4,9,2,968
13.0,4,9,3,971
13.0,4,9,4,974
13.0,4,9,5,977
13.0,4,9,6,980
13.0,4,9,7,983
13.0,4,9,8,986
13.0,4,9,9,989
13.0,4,9,10,992
13.0,4,9,11,995
13.0,4,9,12,998
13.0,4,9,13,1001
13.0,4,9,14,1004
13.0,4,9,15,1007
13.0,4,10,0,965
13.0,4,10,1,968
13.0,4,10,2,971
13.0,4,10,3,974
13.0,4,10,4,977
13.0,4,10,5,980
13.0,4,10,6,983
13.0,4,10,7,986
13.0,4,10,8,989
13.0,4,10,9,992
13.0,4,10,10,995
13.0,4,10,11,998
13.0,4,10,12,1001
13.0,4,10,13,1004
13.0,4,10,14,1007
13.0,4,10,15,1010
13.0,4,11,0,968
13.0,4,11,1,971
13.0,4,11,2,974
13.0,4,11,3,977
13.0,4,11,4,980
13.0,4,11,5,983
13.0,4,11,6,986
13.0,4,11,7,989
13.0,4,11,8,992
13.0,4,11,9,995
13.0,4,11,10,999
13.0,4,11,11,1002
13.0,4,11,12,1005
13.0,4,11,13,1008
13.0,4,11,14,1011
13.0,4,11,15,1014
13.0,4,12,0,971
13.0,4,12,1,974
13.0,4,12,2,977
13.0,4,12,3,980
13.0,4,12,4,983
13.0,4,12,5,986
13.0,4,12,6,989
13.0,4,12,7,992
13.0,4,12,8,996
13.0,4,12,9,999
13.0,4,12,10,1002
13.0,4,12,11,1005
13.0,4,12,12,1008
13.0,4,12,13,1011
13.0,4,12,14,1014
13.0,4,12,15,1017
13.0,4,13,0,974
13.0,4,13,1,977
13.0,4,13,2,980
13.0,4,13,3,983
13.0,4,13,4,986
13.0,4,13,5,989
13.0,4,13,6,992
13.0,4,13,7,996
13.0,4,13,8,999
13.0,4,13,9,1002
13.0,4,13,10,1005
13.0,4,13,11,1008
13.0,4,13,12,1011
13.0,4,13,13,1014
13.0,4,13,14,1017
13.0,4,13,15,1020
13.0,4,14,0,977
13.0,4,14,1,980
13.0,4,14,2,983
13.0,4,14,3,986
13.0,4,14,4,989
13.0,4,14,5,992
13.0,4,14,6,996
13.0,4,14,7,999
13.0,4,14,8,1002
13.0,4,14,9,1005
13.0,4,14,10,1008
13.0,4,14,11,1011
13.0,4,14,12,1014
13.0,4,14,13,1017
13.0,4,14,14,1020
13.0,4,14,15,1023
13.0,4,15,0,980
13.0,4,15,1,983
13.0,4,15,2,986
13.0,4,15,3,989
13.0,4,15,4,992
13.0,4,15,5,995
13.0,4,15,6,999
13.0,4,15,7,1002
13.0,4,15,8,1005
13.0,4,15,9,1008
13.0,4,15,10,1011
13.0,4,15,11,1014
13.0,4,15,12,1017
13.0,4,15,13,1020
13.0,4,15,14,1023
13.0,4,15,15,1026
13.0,5,0,0,937
13.0,5,0,1,940
13.0,5,0,2,943
13.0,5,0,3,946
13.0,5,0,4,949
13.0,5,0,5,952
13.0,5,0,6,955
13.0,5,0,7,958
13.0,5,0,8,961
13.0,5,0,9,964
13.0,5,0,10,967
13.0,5,0,11,970
13.0,5,0,12,973
13.0,5,0,13,976
13.0,5,0,14,979
13.0,5,0,15,982
13.0,5,1,0,941
13.0,5,1,1,944
13.0,5,1,2,947
13.0,5,1,3,950
13.0,5,1,4,953
13.0,5,1,5,956
13.0,5,1,6,959
13.0,5,1,7,962
13.0,5,1,8,965
13.0,5,1,9,967
13.0,5,1,10,970
13.0,5,1,11,973
13.0,5,1,12,976
13.0,5,1,13,979
13.0,5,1,14,982
13.0,5,1,15,985
13.0,5,2,0,944
13.0,5,2,1,947
13.0,5,2,2,950
13.0,5,2,3,953
13.0,5,2,4,956
13.0,5,2,5,959
13.0,5,2,6,962
13.0,5,2,7,965
13.0,5,2,8,968
13.0,5,2,9,971
13.0,5,2,10,974
13.0,5,2,11,977
13.0,5,2,12,980
13.0,5,2,13,982
13.0,5,2,14,985
13.0,5,2,15,988
13.0,5,3,0,947
13.0,5,3,1,950
13.0,5,3,2,953
13.0,5,3,3,956
13.0,5,3,4,959
13.0,5,3,5,962
13.0,5,3,6,965
13.0,5,3,7,968
13.0,5,3,8,971
13.0,5,3,9,974
13.0,5,3,10,977
13.0,5,3,11,980
13.0,5,3,12,983
13.0,5,3,13,986
13.0,5,3,14,989
13.0,5,3,15,992
13.0,5,4,0,950
13.0,5,4,1,953
13.0,5,4,2,956
13.0,5,4,3,959
13.0,5,4,4,962
13.0,5,4,5,965
13.0,5,4,6,968
13.0,5,4,7,971
13.0,5,4,8,974
13.0,5,4,9,977
13.0,5,4,10,980
13.0,5,4,11,983
13.0,5,4,12,986
13.0,5,4,13,989
13.0,5,4,14,992
13.0,5,4,15,995
13.0,5,5,0,953
13.0,5,5,1,956
13.0,5,5,2,959
13.0,5,5,3,962
13.0,5,5,4,965
13.0,5,5,5,968
13.0,5,5,6,971
13.0,5,5,7,974
13.0,5,5,8,977
13.0,5,5,9,980
13.0,5,5,10,983
13.0,5,5,11,986
13.0,5,5,12,989
13.0,5,5,13,992
13.0,5,5,14,995
13.0,5,5,15,998
13.0,5,6,0,956
13.0,5,6,1,959
13.0,5,6,2,962
13.0,5,6,3,965
13.0,5,6,4,968
13.0,5,6,5,971
13.0,5,6,6,974
13.0,5,6,7,977
13.0,5,6,8,980
13.0,5,6,9,984
13.0,5,6,10,986
13.0,5,6,11,989
13.0,5,6,12,992
13.0,5,6,13,995
13.0,5,6,14,998
13.0,5,6,15,1001
13.0,5,7,0,959
13.0,5,7,1,962
13.0,5,7,2,965
13.0,5,7,3,968
13.0,5,7,4,972
13.0,5,7,5,975
13.0,5,7,6,978
13.0,5,7,7,981
13.0,5,7,8,984
13.0,5,7,9,987
13.0,5,7,10,990
13.0,5,7,11,993
13.0,5,7,12,996
13.0,5,7,13,999
13.0,5,7,14,1002
13.0,5,7,15,1005
13.0,5,8,0,962
13.0,5,8,1,965
13.0,5,8,2,968
13.0,5,8,3,972
13.0,5,8,4,975
13.0,5,8,5,978
13.0,5,8,6,981
13.0,5,8,7,984
13.0,5,8,8,987
13.0,5,8,9,990
13.0,5,8,10,993
13.0,5,8,11,996
13.0,5,8,12,999
13.0,5,8,13,1002
13.0,5,8,14,1005
13.0,5,8,15,1008
13.0,5,9,0,965
13.0,5,9,1,968
13.0,5,9,2,972
13.0,5,9,3,975
13.0,5,9,4,978
13.0,5,9,5,981
13.0,5,9,6,984
13.0,5,9,7,987
13.0,5,9,8,990
13.0,5,9,9,993
13.0,5,9,10,996
13.0,5,9,11,999
13.0,5,9,12,1002
13.0,5,9,13,1005
13.0,5,9,14,1008
13.0,5,9,15,1011
13.0,5,10,0,968
13.0,5,10,1,972
13.0,5,10,2,975
13.0,5,10,3,978
13.0,5,10,4,981
13.0,5,10,5,984
13.0,5,10,6,987
13.0,5,10,7,990
13.0,5,10,8,993
13.0,5,10,9,996
13.0,5,10,10,999
13.0,5,10,11,1002
13.0,5,10,12,1005
13.0,5,10,13,1008
13.0,5,10,14,1011
13.0,5,10,15,1014
13.0,5,11,0,971
13.0,5,11,1,975
13.0,5,11,2,978
13.0,5,11,3,981
13.0,5,11,4,984
13.0,5,11,5,987
13.0,5,11,6,990
13.0,5,11,7,993
13.0,5,11,8,996
13.0,5,11,9,999
13.0,5,11,10,1002
13.0,5,11,11,1005
13.0,5,11,12,1008
13.0,5,11,13,1011
13.0,5,11,14,1014
13.0,5,11,15,1017
13.0,5,12,0,974
13.0,5,12,1,978
13.0,5,12,2,981
13.0,5,12,3,984
13.0,5,12,4,987
13.0,5,12,5,990
13.0,5,12,6,993
13.0,5,12,7,996
13.0,5,12,8,999
13.0,5,12,9,1002
13.0,5,12,10,1005
13.0,5,12,11,1008
13.0,5,12,12,1011
13.0,5,12,13,1015
13.0,5,12,14,1018
13.0,5,12,15,1021
13.0,5,13,0,977
13.0,5,13,1,981
13.0,5,13,2,984
13.0,5,13,3,987
13.0,5,13,4,990
13.0,5,13,5,993
13.0,5,13,6,996
13.0,5,13,7,999
13.0,5,13,8,1002
13.0,5,13,9,1005
13.0,5,13,10,1009
13.0,5,13,11,1012
13.0,5,13,12,1015
13.0,5,13,13,1018
13.0,5,13,14,1021
13.0,5,13,15,1024
13.0,5,14,0,980
13.0,5,14,1,984
13.0,5,14,2,987
13.0,5,14,3,990
13.0,5,14,4,993
13.0,5,14,5,996
13.0,5,14,6,999
13.0,5,14,7,1002
13.0,5,14,8,1005
13.0,5,14,9,1009
13.0,5,14,10,1012
13.0,5,14,11,1015
13.0,5,14,12,1018
13.0,5,14,13,1021
13.0,5,14,14,1024
13.0,5,14,15,1027
13.0,5,15,0,984
13.0,5,15,1,987
13.0,5,15,2,990
13.0,5,15,3,993
13.0,5,15,4,996
13.0,5,15,5,999
13.0,5,15,6,1002
13.0,5,15,7,1005
13.0,5,15,8,1009
13.0,5,15,9,1012
13.0,5,15,10,1015
13.0,5,15,11,1018
13.0,5,15,12,1021
13.0,5,15,13,1024
13.0,5,15,14,1027
13.0,5,15,15,1030
13.0,6,0,0,941
13.0,6,0,1,944
13.0,6,0,2,947
13.0,6,0,3,950
13.0,6,0,4,953
13.0,6,0,5,956
13.0,6,0,6,959
13.0,6,0,7,962
13.0,6,0,8,965
13.0,6,0,9,968
13.0,6,0,10,971
13.0,6,0,11,974
13.0,6,0,12,977
13.0,6,0,13,980
13.0,6,0,14,983
13.0,6,0,15,985
13.0,6,1,0,944
13.0,6,1,1,947
13.0,6,1,2,950
13.0,6,1,3,953
13.0,6,1,4,956
13.0,6,1,5,959
13.0,6,1,6,962
13.0,6,1,7,965
13.0,6,1,8,968
13.0,6,1,9,971
13.0,6,1,10,974
13.0,6,1,11,977
13.0,6,1,12,980
13.0,6,1,13,983
13.0,6,1,14,986
13.0,6,1,15,989
13.0,6,2,0,947
13.0,6,2,1,950
13.0,6,2,2,953
13.0,6,2,3,956
13.0,6,2,4,959
13.0,6,2,5,962
13.0,6,2,6,965
13.0,6,2,7,968
13.0,6,2,8,971
13.0,6,2,9,974
13.0,6,2,10,977
13.0,6,2,11,980
13.0,6,2,12,983
13.0,6,2,13,986
13.0,6,2,14,989
13.0,6,2,15,992
13.0,6,3,0,950
13.0,6,3,1,953
13.0,6,3,2,956
13.0,6,3,3,960
13.0,6,3,4,963
13.0,6,3,5,966
13.0,6,3,6,969
13.0,6,3,7,972
13.0,6,3,8,975
13.0,6,3,9,978
13.0,6,3,10,981
13.0,6,3,11,984
13.0,6,3,12,987
13.0,6,3,13,989
13.0,6,3,14,992
13.0,6,3,15,995
13.0,6,4,0,954
13.0,6,4,1,957
13.0,6,4,2,960
13.0,6,4,3,963
13.0,6,4,4,966
13.0,6,4,5,969
13.0,6,4,6,972
13.0,6,4,7,975
13.0,6,4,8,978
13.0,6,4,9,981
13.0,6,4,10,984
13.0,6,4,11,987
13.0,6,4,12,990
13.0,6,4,13,993
13.0,6,4,14,996
13.0,6,4,15,999
13.0,6,5,0,957
13.0,6,5,1,960
13.0,6,5,2,963
13.0,6,5,3,966
13.0,6,5,4,969
13.0,6,5,5,972
13.0,6,5,6,975
13.0,6,5,7,978
13.0,6,5,8,981
13.0,6,5,9,984
13.0,6,5,10,987
13.0,6,5,11,990
13.0,6,5,12,993
13.0,6,5,13,996
13.0,6,5,14,999
13.0,6,5,15,1002
13.0,6,6,0,960
13.0,6,6,1,963
13.0,6,6,2,966
13.0,6,6,3,969
13.0,6,6,4,972
13.0,6,6,5,975
13.0,6,6,6,978
13.0,6,6,7,981
13.0,6,6,8,984
13.0,6,6,9,987
13.0,6,6,10,990
13.0,6,6,11,993
13.0,6,6,12,996
13.0,6,6,13,999
13.0,6,6,14,1002
13.0,6,6,15,1005
13.0,6,7,0,963
13.0,6,7,1,966
13.0,6,7,2,969
13.0,6,7,3,972
13.0,6,7,4,975
13.0,6,7,5,978
13.0,6,7,6,981
13.0,6,7,7,984
13.0,6,7,8,987
13.0,6,7,9,990
13.0,6,7,10,993
13.0,6,7,11,996
13.0,6,7,12,999
13.0,6,7,13,1002
13.0,6,7,14,1005
13.0,6,7,15,1008
13.0,6,8,0,966
13.0,6,8,1,969
13.0,6,8,2,972
13.0,6,8,3,975
13.0,6,8,4,978
13.0,6,8,5,981
13.0,6,8,6,984
13.0,6,8,7,987
13.0,6,8,8,991
13.0,6,8,9,994
13.0,6,8,10,997
13.0,6,8,11,1000
13.0,6,8,12,1003
13.0,6,8,13,1006
13.0,6,8,14,1009
13.0,6,8,15,1012
13.0,6,9,0,969
13.0,6,9,1,972
13.0,6,9,2,975
13.0,6,9,3,978
13.0,6,9,4,981
13.0,6,9,5,984
13.0,6,9,6,988
13.0,6,9,7,991
13.0,6,9,8,994
13.0,6,9,9,997
13.0,6,9,10,1000
13.0,6,9,11,1003
13.0,6,9,12,1006
13.0,6,9,13,1009
13.0,6,9,14,1012
13.0,6,9,15,1015
13.0,6,10,0,972
13.0,6,10,1,975
13.0,6,10,2,978
13.0,6,10,3,981
13.0,6,10,4,984
13.0,6,10,5,988
13.0,6,10,6,991
13.0,6,10,7,994
13.0,6,10,8,997
13.0,6,10,9,1000
13.0,6,10,10,1003
13.0,6,10,11,1006
13.0,6,10,12,1009
13.0,6,10,13,1012
13.0,6,10,14,1015
13.0,6,10,15,1018
13.0,6,11,0,975
13.0,6,11,1,978
13.0,6,11,2,981
13.0,6,11,3,984
13.0,6,11,4,988
13.0,6,11,5,991
13.0,6,11,6,994
13.0,6,11,7,997
13.0,6,11,8,1000
13.0,6,11,9,1003
13.0,6,11,10,1006
13.0,6,11,11,1009
13.0,6,11,12,1012
13.0,6,11,13,1015
13.0,6,11,14,1018
13.0,6,11,15,1021
13.0,6,12,0,978
13.0,6,12,1,981
13.0,6,12,2,984
13.0,6,12,3,988
13.0,6,12,4,991
13.0,6,12,5,994
13.0,6,12,6,997
13.0,6,12,7,1000
13.0,6,12,8,1003
13.0,6,12,9,1006
13.0,6,12,10,1009
13.0,6,12,11,1012
13.0,6,12,12,1015
13.0,6,12,13,1018
13.0,6,12,14,1021
13.0,6,12,15,1024
13.0,6,13,0,981
13.0,6,13,1,984
13.0,6,13,2,987
13.0,6,13,3,991
13.0,6,13,4,994
13.0,6,13,5,997
13.0,6,13,6,1000
13.0,6,13,7,1003
13.0,6,13,8,1006
13.0,6,13,9,1009
13.0,6,13,10,1012
13.0,6,13,11,1015
13.0,6,13,12,1018
13.0,6,13,13,1021
13.0,6,13,14,1025
13.0,6,13,15,1028
13.0,6,14,0,984
13.0,6,14,1,987
13.0,6,14,2,991
13.0,6,14,3,994
13.0,6,14,4,997
13.0,6,14,5,1000
13.0,6,14,6,1003
13.0,6,14,7,1006
13.0,6,14,8,1009
13.0,6,14,9,1012
13.0,6,14,10,1015
13.0,6,14,11,1019
13.0,6,14,12,1022
13.0,6,14,13,1025
13.0,6,14,14,1028
13.0,6,14,15,1031
13.0,6,15,0,987
13.0,6,15,1,990
13.0,6,15,2,994
13.0,6,15,3,997
13.0,6,15,4,1000
13.0,6,15,5,1003
13.0,6,15,6,1006
13.0,6,15,7,1009
13.0,6,15,8,1012
13.0,6,15,9,1015
13.0,6,15,10,1019
13.0,6,15,11,1022
13.0,6,15,12,1025
13.0,6,15,13,1028
13.0,6,15,14,1031
13.0,6,15,15,1034
13.0,7,0,0,944
13.0,7,0,1,948
13.0,7,0,2,951
13.0,7,0,3,954
13.0,7,0,4,957
13.0,7,0,5,960
13.0,7,0,6,963
13.0,7,0,7,966
13.0,7,0,8,969
13.0,7,0,9,972
13.0,7,0,10,974
13.0,7,0,11,977
13.0,7,0,12,980
13.0,7,0,13,983
13.0,7,0,14,986
13.0,7,0,15,989
13.0,7,1,0,948
13.0,7,1,1,951
13.0,7,1,2,954
13.0,7,1,3,957
13.0,7,1,4,960
13.0,7,1,5,963
13.0,7,1,6,966
13.0,7,1,7,969
13.0,7,1,8,972
13.0,7,1,9,975
13.0,7,1,10,978
13.0,7,1,11,981
13.0,7,1,12,984
13.0,7,1,13,987
13.0,7,1,14,990
13.0,7,1,15,992
13.0,7,2,0,951
13.0,7,2,1,954
13.0,7,2,2,957
13.0,7,2,3,960
13.0,7,2,4,963
13.0,7,2,5,966
13.0,7,2,6,969
13.0,7,2,7,972
13.0,7,2,8,975
13.0,7,2,9,978
13.0,7,2,10,981
13.0,7,2,11,984
13.0,7,2,12,987
13.0,7,2,13,990
13.0,7,2,14,993
13.0,7,2,15,996
13.0,7,3,0,954
13.0,7,3,1,957
13.0,7,3,2,960
13.0,7,3,3,963
13.0,7,3,4,966
13.0,7,3,5,969
13.0,7,3,6,972
13.0,7,3,7,975
13.0,7,3,8,978
13.0,7,3,9,981
13.0,7,3,10,984
13.0,7,3,11,987
13.0,7,3,12,990
13.0,7,3,13,993
13.0,7,3,14,996
13.0,7,3,15,999
13.0,7,4,0,957
13.0,7,4,1,960
13.0,7,4,2,963
13.0,7,4,3,966
13.0,7,4,4,969
13.0,7,4,5,972
13.0,7,4,6,975
13.0,7,4,7,978
13.0,7,4,8,981
13.0,7,4,9,984
13.0,7,4,10,987
13.0,7,4,11,990
13.0,7,4,12,993
13.0,7,4,13,996
13.0,7,4,14,999
13.0,7,4,15,1002
13.0,7,5,0,960
13.0,7,5,1,963
13.0,7,5,2,966
13.0,7,5,3,969
13.0,7,5,4,973
13.0,7,5,5,976
13.0,7,5,6,979
13.0,7,5,7,982
13.0,7,5,8,985
13.0,7,5,9,988
13.0,7,5,10,991
13.0,7,5,11,994
13.0,7,5,12,997
13.0,7,5,13,1000
13.0,7,5,14,1003
13.0,7,5,15,1006
13.0,7,6,0,963
13.0,7,6,1,966
13.0,7,6,2,970
13.0,7,6,3,973
13.0,7,6,4,976
13.0,7,6,5,979
13.0,7,6,6,982
13.0,7,6,7,985
13.0,7,6,8,988
13.0,7,6,9,991
13.0,7,6,10,994
13.0,7,6,11,997
13.0,7,6,12,1000
13.0,7,6,13,1003
13.0,7,6,14,1006
13.0,7,6,15,1009
13.0,7,7,0,966
13.0,7,7,1,970
13.0,7,7,2,973
13.0,7,7,3,976
13.0,7,7,4,979
13.0,7,7,5,982
13.0,7,7,6,985
13.0,7,7,7,988
13.0,7,7,8,991
13.0,7,7,9,994
13.0,7,7,10,997
13.0,7,7,11,1000
13.0,7,7,12,1003
13.0,7,7,13,1006
13.0,7,7,14,1009
13.0,7,7,15,1012
13.0,7,8,0,970
13.0,7,8,1,973
13.0,7,8,2,976
13.0,7,8,3,979
13.0,7,8,4,982
13.0,7,8,5,985
13.0,7,8,6,988
13.0,7,8,7,991
13.0,7,8,8,994
13.0,7,8,9,997
13.0,7,8,10,1000
13.0,7,8,11,1003
13.0,7,8,12,1006
13.0,7,8,13,1009
13.0,7,8,14,1012
13.0,7,8,15,1015
13.0,7,9,0,973
13.0,7,9,1,976
13.0,7,9,2,979
13.0,7,9,3,982
13.0,7,9,4,985
13.0,7,9,5,988
13.0,7,9,6,991
13.0,7,9,7,994
13.0,7,9,8,997
13.0,7,9,9,1000
13.0,7,9,10,1003
13.0,7,9,11,1007
13.0,7,9,12,1010
13.0,7,9,13,1013
13.0,7,9,14,1016
13.0,7,9,15,1019
13.0,7,10,0,976
13.0,7,10,1,979
13.0,7,10,2,982
13.0,7,10,3,985
13.0,7,10,4,988
13.0,7,10,5,991
13.0,7,10,6,994
13.0,7,10,7,997
13.0,7,10,8,1001
13.0,7,10,9,1004
13.0,7,10,10,1007
13.0,7,10,11,1010
13.0,7,10,12,1013
13.0,7,10,13,1016
13.0,7,10,14,1019
13.0,7,10,15,1022
13.0,7,11,0,979
13.0,7,11,1,982
13.0,7,11,2,985
13.0,7,11,3,988
13.0,7,11,4,991
13.0,7,11,5,994
13.0,7,11,6,998
13.0,7,11,7,1001
13.0,7,11,8,1004
13.0,7,11,9,1007
13.0,7,11,10,1010
13.0,7,11,11,1013
13.0,7,11,12,1016
13.0,7,11,13,1019
13.0,7,11,14,1022
13.0,7,11,15,1025
13.0,7,12,0,982
13.0,7,12,1,985
13.0,7,12,2,988
13.0,7,12,3,991
13.0,7,12,4,994
13.0,7,12,5,998
13.0,7,12,6,1001
13.0,7,12,7,1004
13.0,7,12,8,1007
13.0,7,12,9,1010
13.0,7,12,10,1013
13.0,7,12,11,1016
13.0,7,12,12,1019
13.0,7,12,13,1022
13.0,7,12,14,1025
13.0,7,12,15,1028
13.0,7,13,0,985
13.0,7,13,1,988
13.0,7,13,2,991
13.0,7,13,3,994
13.0,7,13,4,997
13.0,7,13,5,1001
13.0,7,13,6,1004
13.0,7,13,7,1007
13.0,7,13,8,1010
13.0,7,13,9,1013
13.0,7,13,10,1016
13.0,7,13,11,1019
13.0,7,13,12,1022
13.0,7,13,13,1025
13.0,7,13,14,1028
13.0,7,13,15,1031
13.0,7,14,0,988
13.0,7,14,1,991
13.0,7,14,2,994
13.0,7,14,3,997
13.0,7,14,4,1001
13.0,7,14,5,1004
13.0,7,14,6,1007
13.0,7,14,7,1010
13.0,7,14,8,1013
13.0,7,14,9,1016
13.0,7,14,10,1019
13.0,7,14,11,1022
13.0,7,14,12,1025
13.0,7,14,13,1028
13.0,7,14,14,1032
13.0,7,14,15,1035
13.0,7,15,0,991
13.0,7,15,1,994
13.0,7,15,2,997
13.0,7,15,3,1000
13.0,7,15,4,1004
13.0,7,15,5,1007
13.0,7,15,6,1010
13.0,7,15,7,1013
13.0,7,15,8,1016
13.0,7,15,9,1019
13.0,7,15,10,1022
13.0,7,15,11,1025
13.0,7,15,12,1029
13.0,7,15,13,1032
13.0,7,15,14,1035
13.0,7,15,15,1038
13.0,8,0,0,948
13.0,8,0,1,951
13.0,8,0,2,954
13.0,8,0,3,957
13.0,8,0,4,960
13.0,8,0,5,963
13.0,8,0,6,966
13.0,8,0,7,969
13.0,8,0,8,972
13.0,8,0,9,975
13.0,8,0,10,978
13.0,8,0,11,981
13.0,8,0,12,984
13.0,8,0,13,987
13.0,8,0,14,990
13.0,8,0,15,993
13.0,8,1,0,951
13.0,8,1,1,954
13.0,8,1,2,957
13.0,8,1,3,960
13.0,8,1,4,963
13.0,8,1,5,966
13.0,8,1,6,969
13.0,8,1,7,972
13.0,8,1,8,975
13.0,8,1,9,978
13.0,8,1,10,981
13.0,8,1,11,984
13.0,8,1,12,987
13.0,8,1,13,990
13.0,8,1,14,993
13.0,8,1,15,996
13.0,8,2,0,954
13.0,8,2,1,957
13.0,8,2,2,960
13.0,8,2,3,964
13.0,8,2,4,967
13.0,8,2,5,970
13.0,8,2,6,973
13.0,8,2,7,976
13.0,8,2,8,979
13.0,8,2,9,982
13.0,8,2,10,985
13.0,8,2,11,988
13.0,8,2,12,991
13.0,8,2,13,994
13.0,8,2,14,997
13.0,8,2,15,999
13.0,8,3,0,958
13.0,8,3,1,961
13.0,8,3,2,964
13.0,8,3,3,967
13.0,8,3,4,970
13.0,8,3,5,973
13.0,8,3,6,976
13.0,8,3,7,979
13.0,8,3,8,982
13.0,8,3,9,985
13.0,8,3,10,988
13.0,8,3,11,991
13.0,8,3,12,994
13.0,8,3,13,997
13.0,8,3,14,1000
13.0,8,3,15,1003
13.0,8,4,0,961
13.0,8,4,1,964
13.0,8,4,2,967
13.0,8,4,3,970
13.0,8,4,4,973
13.0,8,4,5,976
13.0,8,4,6,979
13.0,8,4,7,982
13.0,8,4,8,985
13.0,8,4,9,988
13.0,8,4,10,991
13.0,8,4,11,994
13.0,8,4,12,997
13.0,8,4,13,1000
13.0,8,4,14,1003
13.0,8,4,15,1006
13.0,8,5,0,964
13.0,8,5,1,967
13.0,8,5,2,970
13.0,8,5,3,973
13.0,8,5,4,976
13.0,8,5,5,979
13.0,8,5,6,982
13.0,8,5,7,985
13.0,8,5,8,988
13.0,8,5,9,991
13.0,8,5,10,994
13.0,8,5,11,997
13.0,8,5,12,1000
13.0,8,5,13,1003
13.0,8,5,14,1006
13.0,8,5,15,1009
13.0,8,6,0,967
13.0,8,6,1,970
13.0,8,6,2,973
13.0,8,6,3,976
13.0,8,6,4,979
13.0,8,6,5,982
13.0,8,6,6,985
13.0,8,6,7,989
13.0,8,6,8,992
13.0,8,6,9,995
13.0,8,6,10,998
13.0,8,6,11,1001
13.0,8,6,12,1004
13.0,8,6,13,1007
13.0,8,6,14,1010
13.0,8,6,15,1013
13.0,8,7,0,970
13.0,8,7,1,973
13.0,8,7,2,976
13.0,8,7,3,979
13.0,8,7,4,982
13.0,8,7,5,986
13.0,8,7,6,989
13.0,8,7,7,992
13.0,8,7,8,995
13.0,8,7,9,998
13.0,8,7,10,1001
13.0,8,7,11,1004
13.0,8,7,12,1007
13.0,8,7,13,1010
13.0,8,7,14,1013
13.0,8,7,15,1016
13.0,8,8,0,973
13.0,8,8,1,976
13.0,8,8,2,979
13.0,8,8,3,983
13.0,8,8,4,986
13.0,8,8,5,989
13.0,8,8,6,992
13.0,8,8,7,995
13.0,8,8,8,998
13.0,8,8,9,1001
13.0,8,8,10,1004
13.0,8,8,11,1007
13.0,8,8,12,1010
13.0,8,8,13,1013
13.0,8,8,14,1016
13.0,8,8,15,1019
13.0,8,9,0,976
13.0,8,9,1,979
13.0,8,9,2,983
13.0,8,9,3,986
13.0,8,9,4,989
13.0,8,9,5,992
13.0,8,9,6,995
13.0,8,9,7,998
13.0,8,9,8,1001
13.0,8,9,9,1004
13.0,8,9,10,1007
13.0,8,9,11,1010
13.0,8,9,12,1013
13.0,8,9,13,1016
13.0,8,9,14,1019
13.0,8,9,15,1022
13.0,8,10,0,979
13.0,8,10,1,982
13.0,8,10,2,986
13.0,8,10,3,989
13.0,8,10,4,992
13.0,8,10,5,995
13.0,8,10,6,998
13.0,8,10,7,1001
13.0,8,10,8,1004
13.0,8,10,9,1007
13.0,8,10,10,1010
13.0,8,10,11,1013
13.0,8,10,12,1017
13.0,8,10,13,1020
13.0,8,10,14,1023
13.0,8,10,15,1026
13.0,8,11,0,982
13.0,8,11,1,986
13.0,8,11,2,989
13.0,8,11,3,992
13.0,8,11,4,995
13.0,8,11,5,998
13.0,8,11,6,1001
13.0,8,11,7,1004
13.0,8,11,8,1007
13.0,8,11,9,1011
13.0,8,11,10,1014
13.0,8,11,11,1017
13.0,8,11,12,1020
13.0,8,11,13,1023
13.0,8,11,14,1026
13.0,8,11,15,1029
13.0,8,12,0,985
13.0,8,12,1,989
13.0,8,12,2,992
13.0,8,12,3,995
13.0,8,12,4,998
13.0,8,12,5,1001
13.0,8,12,6,1004
13.0,8,12,7,1007
13.0,8,12,8,1011
13.0,8,12,9,1014
13.0,8,12,10,1017
13.0,8,12,11,1020
13.0,8,12,12,1023
13.0,8,12,13,1026
13.0,8,12,14,1029
13.0,8,12,15,1032
13.0,8,13,0,989
13.0,8,13,1,992
13.0,8,13,2,995
13.0,8,13,3,998
13.0,8,13,4,1001
13.0,8,13,5,1004
13.0,8,13,6,1007
13.0,8,13,7,1011
13.0,8,13,8,1014
13.0,8,13,9,1017
13.0,8,13,10,1020
13.0,8,13,11,1023
13.0,8,13,12,1026
13.0,8,13,13,1029
13.0,8,13,14,1032
13.0,8,13,15,1035
13.0,8,14,0,992
13.0,8,14,1,995
13.0,8,14,2,998
13.0,8,14,3,1001
13.0,8,14,4,1004
13.0,8,14,5,1007
13.0,8,14,6,1011
13.0,8,14,7,1014
13.0,8,14,8,1017
13.0,8,14,9,1020
13.0,8,14,10,1023
13.0,8,14,11,1026
13.0,8,14,12,1029
13.0,8,14,13,1032
13.0,8,14,14,1035
13.0,8,14,15,1038
13.0,8,15,0,995
13.0,8,15,1,998
13.0,8,15,2,1001
13.0,8,15,3,1004
13.0,8,15,4,1007
13.0,8,15,5,1011
13.0,8,15,6,1014
13.0,8,15,7,1017
13.0,8,15,8,1020
13.0,8,15,9,1023
13.0,8,15,10,1026
13.0,8,15,11,1029
13.0,8,15,12,1032
13.0,8,15,13,1035
13.0,8,15,14,1039
13.0,8,15,15,1042
13.0,9,0,0,952
13.0,9,0,1,955
13.0,9,0,2,958
13.0,9,0,3,961
13.0,9,0,4,964
13.0,9,0,5,967
13.0,9,0,6,970
13.0,9,0,7,973
13.0,9,0,8,976
13.0,9,0,9,979
13.0,9,0,10,982
13.0,9,0,11,985
13.0,9,0,12,988
13.0,9,0,13,991
13.0,9,0,14,994
13.0,9,0,15,997
13.0,9,1,0,955
13.0,9,1,1,958
13.0,9,1,2,961
13.0,9,1,3,964
13.0,9,1,4,967
13.0,9,1,5,970
13.0,9,1,6,973
13.0,9,1,7,976
13.0,9,1,8,979
13.0,9,1,9,982
13.0,9,1,10,985
13.0,9,1,11,988
13.0,9,1,12,991
13.0,9,1,13,994
13.0,9,1,14,997
13.0,9,1,15,1000
13.0,9,2,0,958
13.0,9,2,1,961
13.0,9,2,2,964
13.0,9,2,3,967
13.0,9,2,4,970
13.0,9,2,5,973
13.0,9,2,6,976
13.0,9,2,7,979
13.0,9,2,8,982
13.0,9,2,9,985
13.0,9,2,10,988
13.0,9,2,11,991
13.0,9,2,12,994
13.0,9,2,13,997
13.0,9,2,14,1000
13.0,9,2,15,1003
13.0,9,3,0,961
13.0,9,3,1,964
13.0,9,3,2,967
13.0,9,3,3,970
13.0,9,3,4,973
13.0,9,3,5,976
13.0,9,3,6,979
13.0,9,3,7,983
13.0,9,3,8,986
13.0,9,3,9,989
13.0,9,3,10,992
13.0,9,3,11,995
13.0,9,3,12,998
13.0,9,3,13,1001
13.0,9,3,14,1004
13.0,9,3,15,1007
13.0,9,4,0,964
13.0,9,4,1,967
13.0,9,4,2,970
13.0,9,4,3,974
13.0,9,4,4,977
13.0,9,4,5,980
13.0,9,4,6,983
13.0,9,4,7,986
13.0,9,4,8,989
13.0,9,4,9,992
13.0,9,4,10,995
13.0,9,4,11,998
13.0,9,4,12,1001
13.0,9,4,13,1004
13.0,9,4,14,1007
13.0,9,4,15,1010
13.0,9,5,0,967
13.0,9,5,1,970
13.0,9,5,2,974
13.0,9,5,3,977
13.0,9,5,4,980
13.0,9,5,5,983
13.0,9,5,6,986
13.0,9,5,7,989
13.0,9,5,8,992
13.0,9,5,9,995
13.0,9,5,10,998
13.0,9,5,11,1001
13.0,9,5,12,1004
13.0,9,5,13,1007
13.0,9,5,14,1010
13.0,9,5,15,1013
13.0,9,6,0,971
13.0,9,6,1,974
13.0,9,6,2,977
13.0,9,6,3,980
13.0,9,6,4,983
13.0,9,6,5,986
13.0,9,6,6,989
13.0,9,6,7,992
13.0,9,6,8,995
13.0,9,6,9,998
13.0,9,6,10,1001
13.0,9,6,11,1004
13.0,9,6,12,1007
13.0,9,6,13,1010
13.0,9,6,14,1013
13.0,9,6,15,1016
13.0,9,7,0,974
13.0,9,7,1,977
13.0,9,7,2,980
13.0,9,7,3,983
13.0,9,7,4,986
13.0,9,7,5,989
13.0,9,7,6,992
13.0,9,7,7,995
13.0,9,7,8,998
13.0,9,7,9,1002
13.0,9,7,10,1005
13.0,9,7,11,1008
13.0,9,7,12,1011
13.0,9,7,13,1014
13.0,9,7,14,1017
13.0,9,7,15,1020
13.0,9,8,0,977
13.0,9,8,1,980
13.0,9,8,2,983
13.0,9,8,3,986
13.0,9,8,4,989
13.0,9,8,5,992
13.0,9,8,6,995
13.0,9,8,7,999
13.0,9,8,8,1002
13.0,9,8,9,1005
13.0,9,8,10,1008
13.0,9,8,11,1011
13.0,9,8,12,1014
13.0,9,8,13,1017
13.0,9,8,14,1020
13.0,9,8,15,1023
13.0,9,9,0,980
13.0,9,9,1,983
13.0,9,9,2,986
13.0,9,9,3,989
13.0,9,9,4,992
13.0,9,9,5,996
13.0,9,9,6,999
13.0,9,9,7,1002
13.0,9,9,8,1005
13.0,9,9,9,1008
13.0,9,9,10,1011
13.0,9,9,11,1014
13.0,9,9,12,1017
13.0,9,9,13,1020
13.0,9,9,14,1023
13.0,9,9,15,1026
13.0,9,10,0,983
13.0,9,10,1,986
13.0,9,10,2,989
13.0,9,10,3,992
13.0,9,10,4,996
13.0,9,10,5,999
13.0,9,10,6,1002
13.0,9,10,7,1005
13.0,9,10,8,1008
13.0,9,10,9,1011
13.0,9,10,10,1014
13.0,9,10,11,1017
13.0,9,10,12,1020
13.0,9,10,13,1023
13.0,9,10,14,1026
13.0,9,10,15,1029
13.0,9,11,0,986
13.0,9,11,1,989
13.0,9,11,2,992
13.0,9,11,3,996
13.0,9,11,4,999
13.0,9,11,5,1002
13.0,9,11,6,1005
13.0,9,11,7,1008
13.0,9,11,8,1011
13.0,9,11,9,1014
13.0,9,11,10,1017
13.0,9,11,11,1020
13.0,9,11,12,1024
13.0,9,11,13,1027
13.0,9,11,14,1030
13.0,9,11,15,1033
13.0,9,12,0,989
13.0,9,12,1,992
13.0,9,12,2,995
13.0,9,12,3,999
13.0,9,12,4,1002
13.0,9,12,5,1005
13.0,9,12,6,1008
13.0,9,12,7,1011
13.0,9,12,8,1014
13.0,9,12,9,1017
13.0,9,12,10,1021
13.0,9,12,11,1024
13.0,9,12,12,1027
13.0,9,12,13,1030
13.0,9,12,14,1033
13.0,9,12,15,1036
13.0,9,13,0,992
13.0,9,13,1,995
13.0,9,13,2,999
13.0,9,13,3,1002
13.0,9,13,4,1005
13.0,9,13,5,1008
13.0,9,13,6,1011
13.0,9,13,7,1014
13.0,9,13,8,1017
13.0,9,13,9,1021
13.0,9,13,10,1024
13.0,9,13,11,1027
13.0,9,13,12,1030
13.0,9,13,13,1033
13.0,9,13,14,1036
13.0,9,13,15,1039
13.0,9,14,0,995
13.0,9,14,1,998
13.0,9,14,2,1002
13.0,9,14,3,1005
13.0,9,14,4,1008
13.0,9,14,5,1011
13.0,9,14,6,1014
13.0,9,14,7,1017
13.0,9,14,8,1021
13.0,9,14,9,1024
13.0,9,14,10,1027
13.0,9,14,11,1030
13.0,9,14,12,1033
13.0,9,14,13,1036
13.0,9,14,14,1039
13.0,9,14,15,1042
13.0,9,15,0,998
13.0,9,15,1,1002
13.0,9,15,2,1005
13.0,9,15,3,1008
13.0,9,15,4,1011
13.0,9,15,5,1014
13.0,9,15,6,1017
13.0,9,15,7,1021
13.0,9,15,8,1024
13.0,9,15,9,1027
13.0,9,15,10,1030
13.0,9,15,11,1033
13.0,9,15,12,1036
13.0,9,15,13,1039
13.0,9,15,14,1042
13.0,9,15,15,1046
13.0,10,0,0,955
13.0,10,0,1,958
13.0,10,0,2,961
13.0,10,0,3,964
13.0,10,0,4,967
13.0,10,0,5,970
13.0,10,0,6,973
13.0,10,0,7,976
13.0,10,0,8,979
13.0,10,0,9,982
13.0,10,0,10,985
13.0,10,0,11,988
13.0,10,0,12,991
13.0,10,0,13,994
13.0,10,0,14,997
13.0,10,0,15,1000
13.0,10,1,0,958
13.0,10,1,1,961
13.0,10,1,2,964
13.0,10,1,3,967
13.0,10,1,4,971
13.0,10,1,5,974
13.0,10,1,6,977
13.0,10,1,7,980
13.0,10,1,8,983
13.0,10,1,9,986
13.0,10,1,10,989
13.0,10,1,11,992
13.0,10,1,12,995
13.0,10,1,13,998
13.0,10,1,14,1001
13.0,10,1,15,1004
13.0,10,2,0,961
13.0,10,2,1,965
13.0,10,2,2,968
13.0,10,2,3,971
13.0,10,2,4,974
13.0,10,2,5,977
13.0,10,2,6,980
13.0,10,2,7,983
13.0,10,2,8,986
13.0,10,2,9,989
13.0,10,2,10,992
13.0,10,2,11,995
13.0,10,2,12,998
13.0,10,2,13,1001
13.0,10,2,14,1004
13.0,10,2,15,1007
13.0,10,3,0,965
13.0,10,3,1,968
13.0,10,3,2,971
13.0,10,3,3,974
13.0,10,3,4,977
13.0,10,3,5,980
13.0,10,3,6,983
13.0,10,3,7,986
13.0,10,3,8,989
13.0,10,3,9,992
13.0,10,3,10,995
13.0,10,3,11,998
13.0,10,3,12,1001
13.0,10,3,13,1004
13.0,10,3,14,1007
13.0,10,3,15,1010
13.0,10,4,0,968
13.0,10,4,1,971
13.0,10,4,2,974
13.0,10,4,3,977
13.0,10,4,4,980
13.0,10,4,5,983
13.0,10,4,6,986
13.0,10,4,7,989
13.0,10,4,8,992
13.0,10,4,9,996
13.0,10,4,10,999
13.0,10,4,11,1002
13.0,10,4,12,1005
13.0,10,4,13,1008
13.0,10,4,14,1011
13.0,10,4,15,1014
13.0,10,5,0,971
13.0,10,5,1,974
13.0,10,5,2,977
13.0,10,5,3,980
13.0,10,5,4,983
13.0,10,5,5,986
13.0,10,5,6,990
13.0,10,5,7,993
13.0,10,5,8,996
13.0,10,5,9,999
13.0,10,5,10,1002
13.0,10,5,11,1005
13.0,10,5,12,1008
13.0,10,5,13,1011
13.0,10,5,14,1014
13.0,10,5,15,1017
13.0,10,6,0,974
13.0,10,6,1,977
13.0,10,6,2,980
13.0,10,6,3,983
13.0,10,6,4,987
13.0,10,6,5,990
13.0,10,6,6,993
13.0,10,6,7,996
13.0,10,6,8,999
13.0,10,6,9,1002
13.0,10,6,10,1005
13.0,10,6,11,1008
13.0,10,6,12,1011
13.0,10,6,13,1014
13.0,10,6,14,1017
13.0,10,6,15,1020
13.0,10,7,0,977
13.0,10,7,1,980
13.0,10,7,2,984
13.0,10,7,3,987
13.0,10,7,4,990
13.0,10,7,5,993
13.0,10,7,6,996
13.0,10,7,7,999
13.0,10,7,8,1002
13.0,10,7,9,1005
13.0,10,7,10,1008
13.0,10,7,11,1011
13.0,10,7,12,1014
13.0,10,7,13,1017
13.0,10,7,14,1020
13.0,10,7,15,1023
13.0,10,8,0,980
13.0,10,8,1,984
13.0,10,8,2,987
13.0,10,8,3,990
13.0,10,8,4,993
13.0,10,8,5,996
13.0,10,8,6,999
13.0,10,8,7,1002
13.0,10,8,8,1005
13.0,10,8,9,1008
13.0,10,8,10,1012
13.0,10,8,11,1015
13.0,10,8,12,1018
13.0,10,8,13,1021
13.0,10,8,14,1024
13.0,10,8,15,1027
13.0,10,9,0,983
13.0,10,9,1,987
13.0,10,9,2,990
13.0,10,9,3,993
13.0,10,9,4,996
13.0,10,9,5,999
13.0,10,9,6,1002
13.0,10,9,7,1005
13.0,10,9,8,1009
13.0,10,9,9,1012
13.0,10,9,10,1015
13.0,10,9,11,1018
13.0,10,9,12,1021
13.0,10,9,13,1024
13.0,10,9,14,1027
13.0,10,9,15,1030
13.0,10,10,0,987
13.0,10,10,1,990
13.0,10,10,2,993
13.0,10,10,3,996
13.0,10,10,4,999
13.0,10,10,5,1002
13.0,10,10,6,1006
13.0,10,10,7,1009
13.0,10,10,8,1012
13.0,10,10,9,1015
13.0,10,10,10,1018
13.0,10,10,11,1021
13.0,10,10,12,1024
13.0,10,10,13,1027
13.0,10,10,14,1030
13.0,10,10,15,1033
13.0,10,11,0,990
13.0,10,11,1,993
13.0,10,11,2,996
13.0,10,11,3,999
13.0,10,11,4,1002
13.0,10,11,5,1006
13.0,10,11,6,1009
13.0,10,11,7,1012
13.0,10,11,8,1015
13.0,10,11,9,1018
13.0,10,11,10,1021
13.0,10,11,11,1024
13.0,10,11,12,1027
13.0,10,11,13,1030
13.0,10,11,14,1033
13.0,10,11,15,1037
13.0,10,12,0,993
13.0,10,12,1,996
13.0,10,12,2,999
13.0,10,12,3,1002
13.0,10,12,4,1006
13.0,10,12,5,1009
13.0,10,12,6,1012
13.0,10,12,7,1015
13.0,10,12,8,1018
13.0,10,12,9,1021
13.0,10,12,10,1024
13.0,10,12,11,1027
13.0,10,12,12,1031
13.0,10,12,13,1034
13.0,10,12,14,1037
13.0,10,12,15,1040
13.0,10,13,0,996
13.0,10,13,1,999
13.0,10,13,2,1002
13.0,10,13,3,1005
13.0,10,13,4,1009
13.0,10,13,5,1012
13.0,10,13,6,1015
13.0,10,13,7,1018
13.0,10,13,8,1021
13.0,10,13,9,1024
13.0,10,13,10,1028
13.0,10,13,11,1031
13.0,10,13,12,1034
13.0,10,13,13,1037
13.0,10,13,14,1040
13.0,10,13,15,1043
13.0,10,14,0,999
13.0,10,14,1,1002
13.0,10,14,2,1005
13.0,10,14,3,1009
13.0,10,14,4,1012
13.0,10,14,5,1015
13.0,10,14,6,1018
13.0,10,14,7,1021
13.0,10,14,8,1024
13.0,10,14,9,1028
13.0,10,14,10,1031
13.0,10,14,11,1034
13.0,10,14,12,1037
13.0,10,14,13,1040
13.0,10,14,14,1043
13.0,10,14,15,1046
13.0,10,15,0,1002
13.0,10,15,1,1005
13.0,10,15,2,1008
13.0,10,15,3,1012
13.0,10,15,4,1015
13.0,10,15,5,1018
13.0,10,15,6,1021
13.0,10,15,7,1024
13.0,10,15,8,1028
13.0,10,15,9,1031
13.0,10,15,10,1034
13.0,10,15,11,1037
13.0,10,15,12,1040
13.0,10,15,13,1043
13.0,10,15,14,1046
13.0,10,15,15,1049
13.0,11,0,0,959
13.0,11,0,1,962
13.0,11,0,2,965
13.0,11,0,3,968
13.0,11,0,4,971
13.0,11,0,5,974
13.0,11,0,6,977
13.0,11,0,7,980
13.0,11,0,8,983
13.0,11,0,9,986
13.0,11,0,10,989
13.0,11,0,11,992
13.0,11,0,12,995
13.0,11,0,13,998
13.0,11,0,14,1001
13.0,11,0,15,1004
13.0,11,1,0,962
13.0,11,1,1,965
13.0,11,1,2,968
13.0,11,1,3,971
13.0,11,1,4,974
13.0,11,1,5,977
13.0,11,1,6,980
13.0,11,1,7,983
13.0,11,1,8,986
13.0,11,1,9,989
13.0,11,1,10,992
13.0,11,1,11,995
13.0,11,1,12,998
13.0,11,1,13,1001
13.0,11,1,14,1004
13.0,11,1,15,1007
13.0,11,2,0,965
13.0,11,2,1,968
13.0,11,2,2,971
13.0,11,2,3,974
13.0,11,2,4,977
13.0,11,2,5,980
13.0,11,2,6,984
13.0,11,2,7,987
13.0,11,2,8,990
13.0,11,2,9,993
13.0,11,2,10,996
13.0,11,2,11,999
13.0,11,2,12,1002
13.0,11,2,13,1005
13.0,11,2,14,1008
13.0,11,2,15,1011
13.0,11,3,0,968
13.0,11,3,1,971
13.0,11,3,2,974
13.0,11,3,3,978
13.0,11,3,4,981
13.0,11,3,5,984
13.0,11,3,6,987
13.0,11,3,7,990
13.0,11,3,8,993
13.0,11,3,9,996
13.0,11,3,10,999
13.0,11,3,11,1002
13.0,11,3,12,1005
13.0,11,3,13,1008
13.0,11,3,14,1011
13.0,11,3,15,1014
13.0,11,4,0,971
13.0,11,4,1,974
13.0,11,4,2,978
13.0,11,4,3,981
13.0,11,4,4,984
13.0,11,4,5,987
13.0,11,4,6,990
13.0,11,4,7,993
13.0,11,4,8,996
13.0,11,4,9,999
13.0,11,4,10,1002
13.0,11,4,11,1005
13.0,11,4,12,1008
13.0,11,4,13,1011
13.0,11,4,14,1014
13.0,11,4,15,1017
13.0,11,5,0,975
13.0,11,5,1,978
13.0,11,5,2,981
13.0,11,5,3,984
13.0,11,5,4,987
13.0,11,5,5,990
13.0,11,5,6,993
13.0,11,5,7,996
13.0,11,5,8,999
13.0,11,5,9,1002
13.0,11,5,10,1005
13.0,11,5,11,1009
13.0,11,5,12,1012
13.0,11,5,13,1015
13.0,11,5,14,1018
13.0,11,5,15,1021
13.0,11,6,0,978
13.0,11,6,1,981
13.0,11,6,2,984
13.0,11,6,3,987
13.0,11,6,4,990
13.0,11,6,5,993
13.0,11,6,6,996
13.0,11,6,7,1000
13.0,11,6,8,1003
13.0,11,6,9,1006
13.0,11,6,10,1009
13.0,11,6,11,1012
13.0,11,6,12,1015
13.0,11,6,13,1018
13.0,11,6,14,1021
13.0,11,6,15,1024
13.0,11,7,0,981
13.0,11,7,1,984
13.0,11,7,2,987
13.0,11,7,3,990
13.0,11,7,4,993
13.0,11,7,5,997
13.0,11,7,6,1000
13.0,11,7,7,1003
13.0,11,7,8,1006
13.0,11,7,9,1009
13.0,11,7,10,1012
13.0,11,7,11,1015
13.0,11,7,12,1018
13.0,11,7,13,1021
13.0,11,7,14,1024
13.0,11,7,15,1027
13.0,11,8,0,984
13.0,11,8,1,987
13.0,11,8,2,990
13.0,11,8,3,993
13.0,11,8,4,997
13.0,11,8,5,1000
13.0,11,8,6,1003
13.0,11,8,7,1006
13.0,11,8,8,1009
13.0,11,8,9,1012
13.0,11,8,10,1015
13.0,11,8,11,1018
13.0,11,8,12,1021
13.0,11,8,13,1024
13.0,11,8,14,1027
13.0,11,8,15,1031
13.0,11,9,0,987
13.0,11,9,1,990
13.0,11,9,2,993
13.0,11,9,3,997
13.0,11,9,4,1000
13.0,11,9,5,1003
13.0,11,9,6,1006
13.0,11,9,7,1009
13.0,11,9,8,1012
13.0,11,9,9,1015
13.0,11,9,10,1018
13.0,11,9,11,1022
13.0,11,9,12,1025
13.0,11,9,13,1028
13.0,11,9,14,1031
13.0,11,9,15,1034
13.0,11,10,0,990
13.0,11,10,1,993
13.0,11,10,2,997
13.0,11,10,3,1000
13.0,11,10,4,1003
13.0,11,10,5,1006
13.0,11,10,6,1009
13.0,11,10,7,1012
13.0,11,10,8,1015
13.0,11,10,9,1019
13.0,11,10,10,1022
13.0,11,10,11,1025
13.0,11,10,12,1028
13.0,11,10,13,1031
13.0,11,10,14,1034
13.0,11,10,15,1037
13.0,11,11,0,993
13.0,11,11,1,997
13.0,11,11,2,1000
13.0,11,11,3,1003
13.0,11,11,4,1006
13.0,11,11,5,1009
13.0,11,11,6,1012
13.0,11,11,7,1016
13.0,11,11,8,1019
13.0,11,11,9,1022
13.0,11,11,10,1025
13.0,11,11,11,1028
13.0,11,11,12,1031
13.0,11,11,13,1034
13.0,11,11,14,1037
13.0,11,11,15,1040
13.0,11,12,0,996
13.0,11,12,1,1000
13.0,11,12,2,1003
13.0,11,12,3,1006
13.0,11,12,4,1009
13.0,11,12,5,1012
13.0,11,12,6,1016
13.0,11,12,7,1019
13.0,11,12,8,1022
13.0,11,12,9,1025
13.0,11,12,10,1028
13.0,11,12,11,1031
13.0,11,12,12,1034
13.0,11,12,13,1037
13.0,11,12,14,1041
13.0,11,12,15,1044
13.0,11,13,0,1000
13.0,11,13,1,1003
13.0,11,13,2,1006
13.0,11,13,3,1009
13.0,11,13,4,1012
13.0,11,13,5,1016
13.0,11,13,6,1019
13.0,11,13,7,1022
13.0,11,13,8,1025
13.0,11,13,9,1028
13.0,11,13,10,1031
13.0,11,13,11,1034
13.0,11,13,12,1038
13.0,11,13,13,1041
13.0,11,13,14,1044
13.0,11,13,15,1047
13.0,11,14,0,1003
13.0,11,14,1,1006
13.0,11,14,2,1009
13.0,11,14,3,1012
13.0,11,14,4,1015
13.0,11,14,5,1019
13.0,11,14,6,1022
13.0,11,14,7,1025
13.0,11,14,8,1028
13.0,11,14,9,1031
13.0,11,14,10,1034
13.0,11,14,11,1038
13.0,11,14,12,1041
13.0,11,14,13,1044
13.0,11,14,14,1047
13.0,11,14,15,1050
13.0,11,15,0,1006
13.0,11,15,1,1009
13.0,11,15,2,1012
13.0,11,15,3,1015
13.0,11,15,4,1019
13.0,11,15,5,1022
13.0,11,15,6,1025
13.0,11,15,7,1028
13.0,11,15,8,1031
13.0,11,15,9,1034
13.0,11,15,10,1038
13.0,11,15,11,1041
13.0,11,15,12,1044
13.0,11,15,13,1047
13.0,11,15,14,1050
13.0,11,15,15,1053
13.0,12,0,0,962
13.0,12,0,1,965
13.0,12,0,2,968
13.0,12,0,3,971
13.0,12,0,4,974
13.0,12,0,5,978
13.0,12,0,6,981
13.0,12,0,7,984
13.0,12,0,8,987
13.0,12,0,9,990
13.0,12,0,10,993
13.0,12,0,11,996
13.0,12,0,12,999
13.0,12,0,13,1002
13.0,12,0,14,1005
13.0,12,0,15,1008
13.0,12,1,0,965
13.0,12,1,1,968
13.0,12,1,2,972
13.0,12,1,3,975
13.0,12,1,4,978
13.0,12,1,5,981
13.0,12,1,6,984
13.0,12,1,7,987
13.0,12,1,8,990
13.0,12,1,9,993
13.0,12,1,10,996
13.0,12,1,11,999
13.0,12,1,12,1002
13.0,12,1,13,1005
13.0,12,1,14,1008
13.0,12,1,15,1011
13.0,12,2,0,969
13.0,12,2,1,972
13.0,12,2,2,975
13.0,12,2,3,978
13.0,12,2,4,981
13.0,12,2,5,984
13.0,12,2,6,987
13.0,12,2,7,990
13.0,12,2,8,993
13.0,12,2,9,996
13.0,12,2,10,999
13.0,12,2,11,1002
13.0,12,2,12,1005
13.0,12,2,13,1008
13.0,12,2,14,1011
13.0,12,2,15,1014
13.0,12,3,0,972
13.0,12,3,1,975
13.0,12,3,2,978
13.0,12,3,3,981
13.0,12,3,4,984
13.0,12,3,5,987
13.0,12,3,6,990
13.0,12,3,7,993
13.0,12,3,8,997
13.0,12,3,9,1000
13.0,12,3,10,1003
13.0,12,3,11,1006
13.0,12,3,12,1009
13.0,12,3,13,1012
13.0,12,3,14,1015
13.0,12,3,15,1018
13.0,12,4,0,975
13.0,12,4,1,978
13.0,12,4,2,981
13.0,12,4,3,984
13.0,12,4,4,987
13.0,12,4,5,991
13.0,12,4,6,994
13.0,12,4,7,997
13.0,12,4,8,1000
13.0,12,4,9,1003
13.0,12,4,10,1006
13.0,12,4,11,1009
13.0,12,4,12,1012
13.0,12,4,13,1015
13.0,12,4,14,1018
13.0,12,4,15,1021
13.0,12,5,0,978
13.0,12,5,1,981
13.0,12,5,2,984
13.0,12,5,3,988
13.0,12,5,4,991
13.0,12,5,5,994
13.0,12,5,6,997
13.0,12,5,7,1000
13.0,12,5,8,1003
13.0,12,5,9,1006
13.0,12,5,10,1009
13.0,12,5,11,1012
13.0,12,5,12,1015
13.0,12,5,13,1018
13.0,12,5,14,1021
13.0,12,5,15,1024
13.0,12,6,0,981
13.0,12,6,1,984
13.0,12,6,2,988
13.0,12,6,3,991
13.0,12,6,4,994
13.0,12,6,5,997
13.0,12,6,6,1000
13.0,12,6,7,1003
13.0,12,6,8,1006
13.0,12,6,9,1009
13.0,12,6,10,1012
13.0,12,6,11,1016
13.0,12,6,12,1019
13.0,12,6,13,1022
13.0,12,6,14,1025
13.0,12,6,15,1028
13.0,12,7,0,984
13.0,12,7,1,988
13.0,12,7,2,991
13.0,12,7,3,994
13.0,12,7,4,997
13.0,12,7,5,1000
13.0,12,7,6,1003
13.0,12,7,7,1006
13.0,12,7,8,1010
13.0,12,7,9,1013
13.0,12,7,10,1016
13.0,12,7,11,1019
13.0,12,7,12,1022
13.0,12,7,13,1025
13.0,12,7,14,1028
13.0,12,7,15,1031
13.0,12,8,0,988
13.0,12,8,1,991
13.0,12,8,2,994
13.0,12,8,3,997
13.0,12,8,4,1000
13.0,12,8,5,1003
13.0,12,8,6,1007
13.0,12,8,7,1010
13.0,12,8,8,1013
13.0,12,8,9,1016
13.0,12,8,10,1019
13.0,12,8,11,1022
13.0,12,8,12,1025
13.0,12,8,13,1028
13.0,12,8,14,1031
13.0,12,8,15,1034
13.0,12,9,0,991
13.0,12,9,1,994
13.0,12,9,2,997
13.0,12,9,3,1000
13.0,12,9,4,1003
13.0,12,9,5,1007
13.0,12,9,6,1010
13.0,12,9,7,1013
13.0,12,9,8,1016
13.0,12,9,9,1019
13.0,12,9,10,1022
13.0,12,9,11,1025
13.0,12,9,12,1028
13.0,12,9,13,1031
13.0,12,9,14,1035
13.0,12,9,15,1038
13.0,12,10,0,994
13.0,12,10,1,997
13.0,12,10,2,1000
13.0,12,10,3,1003
13.0,12,10,4,1007
13.0,12,10,5,1010
13.0,12,10,6,1013
13.0,12,10,7,1016
13.0,12,10,8,1019
13.0,12,10,9,1022
13.0,12,10,10,1025
13.0,12,10,11,1029
13.0,12,10,12,1032
13.0,12,10,13,1035
13.0,12,10,14,1038
13.0,12,10,15,1041
13.0,12,11,0,997
13.0,12,11,1,1000
13.0,12,11,2,1003
13.0,12,11,3,1007
13.0,12,11,4,1010
13.0,12,11,5,1013
13.0,12,11,6,1016
13.0,12,11,7,1019
13.0,12,11,8,1022
13.0,12,11,9,1026
13.0,12,11,10,1029
13.0,12,11,11,1032
13.0,12,11,12,1035
13.0,12,11,13,1038
13.0,12,11,14,1041
13.0,12,11,15,1044
13.0,12,12,0,1000
13.0,12,12,1,1003
13.0,12,12,2,1007
13.0,12,12,3,1010
13.0,12,12,4,1013
13.0,12,12,5,1016
13.0,12,12,6,1019
13.0,12,12,7,1022
13.0,12,12,8,1026
13.0,12,12,9,1029
13.0,12,12,10,1032
13.0,12,12,11,1035
13.0,12,12,12,1038
13.0,12,12,13,1041
13.0,12,12,14,1044
13.0,12,12,15,1047
13.0,12,13,0,1003
13.0,12,13,1,1006
13.0,12,13,2,1010
13.0,12,13,3,1013
13.0,12,13,4,1016
13.0,12,13,5,1019
13.0,12,13,6,1022
13.0,12,13,7,1026
13.0,12,13,8,1029
13.0,12,13,9,1032
13.0,12,13,10,1035
13.0,12,13,11,1038
13.0,12,13,12,1041
13.0,12,13,13,1044
13.0,12,13,14,1048
13.0,12,13,15,1051
13.0,12,14,0,1006
13.0,12,14,1,1010
13.0,12,14,2,1013
13.0,12,14,3,1016
13.0,12,14,4,1019
13.0,12,14,5,1022
13.0,12,14,6,1026
13.0,12,14,7,1029
13.0,12,14,8,1032
13.0,12,14,9,1035
13.0,12,14,10,1038
13.0,12,14,11,1041
13.0,12,14,12,1045
13.0,12,14,13,1048
13.0,12,14,14,1051
13.0,12,14,15,1054
13.0,12,15,0,1009
13.0,12,15,1,1013
13.0,12,15,2,1016
13.0,12,15,3,1019
13.0,12,15,4,1022
13.0,12,15,5,1026
13.0,12,15,6,1029
13.0,12,15,7,1032
13.0,12,15,8,1035
13.0,12,15,9,1038
13.0,12,15,10,1041
13.0,12,15,11,1045
13.0,12,15,12,1048
13.0,12,15,13,1051
13.0,12,15,14,1054
13.0,12,15,15,1057
13.0,13,0,0,966
13.0,13,0,1,969
13.0,13,0,2,972
13.0,13,0,3,975
13.0,13,0,4,978
13.0,13,0,5,981
13.0,13,0,6,984
13.0,13,0,7,987
13.0,13,0,8,990
13.0,13,0,9,993
13.0,13,0,10,996
13.0,13,0,11,999
13.0,13,0,12,1002
13.0,13,0,13,1005
13.0,13,0,14,1008
13.0,13,0,15,1011
13.0,13,1,0,969
13.0,13,1,1,972
13.0,13,1,2,975
13.0,13,1,3,978
13.0,13,1,4,981
13.0,13,1,5,984
13.0,13,1,6,987
13.0,13,1,7,991
13.0,13,1,8,994
13.0,13,1,9,997
13.0,13,1,10,1000
13.0,13,1,11,1003
13.0,13,1,12,1006
13.0,13,1,13,1009
13.0,13,1,14,1012
13.0,13,1,15,1015
13.0,13,2,0,972
13.0,13,2,1,975
13.0,13,2,2,978
13.0,13,2,3,981
13.0,13,2,4,985
13.0,13,2,5,988
13.0,13,2,6,991
13.0,13,2,7,994
13.0,13,2,8,997
13.0,13,2,9,1000
13.0,13,2,10,1003
13.0,13,2,11,1006
13.0,13,2,12,1009
13.0,13,2,13,1012
13.0,13,2,14,1015
13.0,13,2,15,1018
13.0,13,3,0,975
13.0,13,3,1,978
13.0,13,3,2,982
13.0,13,3,3,985
13.0,13,3,4,988
13.0,13,3,5,991
13.0,13,3,6,994
13.0,13,3,7,997
13.0,13,3,8,1000
13.0,13,3,9,1003
13.0,13,3,10,1006
13.0,13,3,11,1009
13.0,13,3,12,1012
13.0,13,3,13,1015
13.0,13,3,14,1018
13.0,13,3,15,1021
13.0,13,4,0,979
13.0,13,4,1,982
13.0,13,4,2,985
13.0,13,4,3,988
13.0,13,4,4,991
13.0,13,4,5,994
13.0,13,4,6,997
13.0,13,4,7,1000
13.0,13,4,8,1003
13.0,13,4,9,1007
13.0,13,4,10,1010
13.0,13,4,11,1013
13.0,13,4,12,1016
13.0,13,4,13,1019
13.0,13,4,14,1022
13.0,13,4,15,1025
13.0,13,5,0,982
13.0,13,5,1,985
13.0,13,5,2,988
13.0,13,5,3,991
13.0,13,5,4,994
13.0,13,5,5,997
13.0,13,5,6,1001
13.0,13,5,7,1004
13.0,13,5,8,1007
13.0,13,5,9,1010
13.0,13,5,10,1013
13.0,13,5,11,1016
13.0,13,5,12,1019
13.0,13,5,13,1022
13.0,13,5,14,1025
13.0,13,5,15,1028
13.0,13,6,0,985
13.0,13,6,1,988
13.0,13,6,2,991
13.0,13,6,3,994
13.0,13,6,4,998
13.0,13,6,5,1001
13.0,13,6,6,1004
13.0,13,6,7,1007
13.0,13,6,8,1010
13.0,13,6,9,1013
13.0,13,6,10,1016
13.0,13,6,11,1019
13.0,13,6,12,1022
13.0,13,6,13,1025
13.0,13,6,14,1028
13.0,13,6,15,1031
13.0,13,7,0,988
13.0,13,7,1,991
13.0,13,7,2,994
13.0,13,7,3,998
13.0,13,7,4,1001
13.0,13,7,5,1004
13.0,13,7,6,1007
13.0,13,7,7,1010
13.0,13,7,8,1013
13.0,13,7,9,1016
13.0,13,7,10,1019
13.0,13,7,11,1023
13.0,13,7,12,1026
13.0,13,7,13,1029
13.0,13,7,14,1032
13.0,13,7,15,1035
13.0,13,8,0,991
13.0,13,8,1,994
13.0,13,8,2,998
13.0,13,8,3,1001
13.0,13,8,4,1004
13.0,13,8,5,1007
13.0,13,8,6,1010
13.0,13,8,7,1013
13.0,13,8,8,1016
13.0,13,8,9,1020
13.0,13,8,10,1023
13.0,13,8,11,1026
13.0,13,8,12,1029
13.0,13,8,13,1032
13.0,13,8,14,1035
13.0,13,8,15,1038
13.0,13,9,0,994
13.0,13,9,1,998
13.0,13,9,2,1001
13.0,13,9,3,1004
13.0,13,9,4,1007
13.0,13,9,5,1010
13.0,13,9,6,1013
13.0,13,9,7,1017
13.0,13,9,8,1020
13.0,13,9,9,1023
13.0,13,9,10,1026
13.0,13,9,11,1029
13.0,13,9,12,1032
13.0,13,9,13,1035
13.0,13,9,14,1038
13.0,13,9,15,1041
13.0,13,10,0,998
13.0,13,10,1,1001
13.0,13,10,2,1004
13.0,13,10,3,1007
13.0,13,10,4,1010
13.0,13,10,5,1013
13.0,13,10,6,1017
13.0,13,10,7,1020
13.0,13,10,8,1023
13.0,13,10,9,1026
13.0,13,10,10,1029
13.0,13,10,11,1032
13.0,13,10,12,1035
13.0,13,10,13,1039
13.0,13,10,14,1042
13.0,13,10,15,1045
13.0,13,11,0,1001
13.0,13,11,1,1004
13.0,13,11,2,1007
13.0,13,11,3,1010
13.0,13,11,4,1013
13.0,13,11,5,1017
13.0,13,11,6,1020
13.0,13,11,7,1023
13.0,13,11,8,1026
13.0,13,11,9,1029
13.0,13,11,10,1032
13.0,13,11,11,1036
13.0,13,11,12,1039
13.0,13,11,13,1042
13.0,13,11,14,1045
13.0,13,11,15,1048
13.0,13,12,0,1004
13.0,13,12,1,1007
13.0,13,12,2,1010
13.0,13,12,3,1013
13.0,13,12,4,1017
13.0,13,12,5,1020
13.0,13,12,6,1023
13.0,13,12,7,1026
13.0,13,12,8,1029
13.0,13,12,9,1033
13.0,13,12,10,1036
13.0,13,12,11,1039
13.0,13,12,12,1042
13.0,13,12,13,1045
13.0,13,12,14,1048
13.0,13,12,15,1051
13.0,13,13,0,1007
13.0,13,13,1,1010
13.0,13,13,2,1013
13.0,13,13,3,1017
13.0,13,13,4,1020
13.0,13,13,5,1023
13.0,13,13,6,1026
13.0,13,13,7,1029
13.0,13,13,8,1033
13.0,13,13,9,1036
13.0,13,13,10,1039
13.0,13,13,11,1042
13.0,13,13,12,1045
13.0,13,13,13,1048
13.0,13,13,14,1051
13.0,13,13,15,1055
13.0,13,14,0,1010
13.0,13,14,1,1013
13.0,13,14,2,1016
13.0,13,14,3,1020
13.0,13,14,4,1023
13.0,13,14,5,1026
13.0,13,14,6,1029
13.0,13,14,7,1033
13.0,13,14,8,1036
13.0,13,14,9,1039
13.0,13,14,10,1042
13.0,13,14,11,1045
13.0,13,14,12,1048
13.0,13,14,13,1052
13.0,13,14,14,1055
13.0,13,14,15,1058
13.0,13,15,0,1013
13.0,13,15,1,1016
13.0,13,15,2,1020
13.0,13,15,3,1023
13.0,13,15,4,1026
13.0,13,15,5,1029
13.0,13,15,6,1033
13.0,13,15,7,1036
13.0,13,15,8,1039
13.0,13,15,9,1042
13.0,13,15,10,1045
13.0,13,15,11,1048
13.0,13,15,12,1052
13.0,13,15,13,1055
13.0,13,15,14,1058
13.0,13,15,15,1061
13.0,14,0,0,969
13.0,14,0,1,972
13.0,14,0,2,975
13.0,14,0,3,978
13.0,14,0,4,982
13.0,14,0,5,985
13.0,14,0,6,988
13.0,14,0,7,991
13.0,14,0,8,994
13.0,14,0,9,997
13.0,14,0,10,1000
13.0,14,0,11,1003
13.0,14,0,12,1006
13.0,14,0,13,1009
13.0,14,0,14,1012
13.0,14,0,15,1015
13.0,14,1,0,972
13.0,14,1,1,976
13.0,14,1,2,979
13.0,14,1,3,982
13.0,14,1,4,985
13.0,14,1,5,988
13.0,14,1,6,991
13.0,14,1,7,994
13.0,14,1,8,997
13.0,14,1,9,1000
13.0,14,1,10,1003
13.0,14,1,11,1006
13.0,14,1,12,1009
13.0,14,1,13,1012
13.0,14,1,14,1015
13.0,14,1,15,1018
13.0,14,2,0,976
13.0,14,2,1,979
13.0,14,2,2,982
13.0,14,2,3,985
13.0,14,2,4,988
13.0,14,2,5,991
13.0,14,2,6,994
13.0,14,2,7,997
13.0,14,2,8,1001
13.0,14,2,9,1004
13.0,14,2,10,1007
13.0,14,2,11,1010
13.0,14,2,12,1013
13.0,14,2,13,1016
13.0,14,2,14,1019
13.0,14,2,15,1022
13.0,14,3,0,979
13.0,14,3,1,982
13.0,14,3,2,985
13.0,14,3,3,988
13.0,14,3,4,991
13.0,14,3,5,995
13.0,14,3,6,998
13.0,14,3,7,1001
13.0,14,3,8,1004
13.0,14,3,9,1007
13.0,14,3,10,1010
13.0,14,3,11,1013
13.0,14,3,12,1016
13.0,14,3,13,1019
13.0,14,3,14,1022
13.0,14,3,15,1025
13.0,14,4,0,982
13.0,14,4,1,985
13.0,14,4,2,988
13.0,14,4,3,992
13.0,14,4,4,995
13.0,14,4,5,998
13.0,14,4,6,1001
13.0,14,4,7,1004
13.0,14,4,8,1007
13.0,14,4,9,1010
13.0,14,4,10,1013
13.0,14,4,11,1016
13.0,14,4,12,1019
13.0,14,4,13,1022
13.0,14,4,14,1026
13.0,14,4,15,1029
13.0,14,5,0,985
13.0,14,5,1,988
13.0,14,5,2,992
13.0,14,5,3,995
13.0,14,5,4,998
13.0,14,5,5,1001
13.0,14,5,6,1004
13.0,14,5,7,1007
13.0,14,5,8,1010
13.0,14,5,9,1014
13.0,14,5,10,1017
13.0,14,5,11,1020
13.0,14,5,12,1023
13.0,14,5,13,1026
13.0,14,5,14,1029
13.0,14,5,15,1032
13.0,14,6,0,988
13.0,14,6,1,992
13.0,14,6,2,995
13.0,14,6,3,998
13.0,14,6,4,1001
13.0,14,6,5,1004
13.0,14,6,6,1007
13.0,14,6,7,1011
13.0,14,6,8,1014
13.0,14,6,9,1017
13.0,14,6,10,1020
13.0,14,6,11,1023
13.0,14,6,12,1026
13.0,14,6,13,1029
13.0,14,6,14,1032
13.0,14,6,15,1035
13.0,14,7,0,992
13.0,14,7,1,995
13.0,14,7,2,998
13.0,14,7,3,1001
13.0,14,7,4,1004
13.0,14,7,5,1008
13.0,14,7,6,1011
13.0,14,7,7,1014
13.0,14,7,8,1017
13.0,14,7,9,1020
13.0,14,7,10,1023
13.0,14,7,11,1026
13.0,14,7,12,1029
13.0,14,7,13,1032
13.0,14,7,14,1036
13.0,14,7,15,1039
13.0,14,8,0,995
13.0,14,8,1,998
13.0,14,8,2,1001
13.0,14,8,3,1004
13.0,14,8,4,1008
13.0,14,8,5,1011
13.0,14,8,6,1014
13.0,14,8,7,1017
13.0,14,8,8,1020
13.0,14,8,9,1023
13.0,14,8,10,1026
13.0,14,8,11,1030
13.0,14,8,12,1033
13.0,14,8,13,1036
13.0,14,8,14,1039
13.0,14,8,15,1042
13.0,14,9,0,998
13.0,14,9,1,1001
13.0,14,9,2,1004
13.0,14,9,3,1008
13.0,14,9,4,1011
13.0,14,9,5,1014
13.0,14,9,6,1017
13.0,14,9,7,1020
13.0,14,9,8,1023
13.0,14,9,9,1027
13.0,14,9,10,1030
13.0,14,9,11,1033
13.0,14,9,12,1036
13.0,14,9,13,1039
13.0,14,9,14,1042
13.0,14,9,15,1045
13.0,14,10,0,1001
13.0,14,10,1,1004
13.0,14,10,2,1008
13.0,14,10,3,1011
13.0,14,10,4,1014
13.0,14,10,5,1017
13.0,14,10,6,1020
13.0,14,10,7,1024
13.0,14,10,8,1027
13.0,14,10,9,1030
13.0,14,10,10,1033
13.0,14,10,11,1036
13.0,14,10,12,1039
13.0,14,10,13,1042
13.0,14,10,14,1045
13.0,14,10,15,1049
13.0,14,11,0,1004
13.0,14,11,1,1008
13.0,14,11,2,1011
13.0,14,11,3,1014
13.0,14,11,4,1017
13.0,14,11,5,1020
13.0,14,11,6,1024
13.0,14,11,7,1027
13.0,14,11,8,1030
13.0,14,11,9,1033
13.0,14,11,10,1036
13.0,14,11,11,1039
13.0,14,11,12,1042
13.0,14,11,13,1046
13.0,14,11,14,1049
13.0,14,11,15,1052
13.0,14,12,0,1007
13.0,14,12,1,1011
13.0,14,12,2,1014
13.0,14,12,3,1017
13.0,14,12,4,1020
13.0,14,12,5,1024
13.0,14,12,6,1027
13.0,14,12,7,1030
13.0,14,12,8,1033
13.0,14,12,9,1036
13.0,14,12,10,1039
13.0,14,12,11,1043
13.0,14,12,12,1046
13.0,14,12,13,1049
13.0,14,12,14,1052
13.0,14,12,15,1055
13.0,14,13,0,1011
13.0,14,13,1,1014
13.0,14,13,2,1017
13.0,14,13,3,1020
13.0,14,13,4,1024
13.0,14,13,5,1027
13.0,14,13,6,1030
13.0,14,13,7,1033
13.0,14,13,8,1036
13.0,14,13,9,1040
13.0,14,13,10,1043
13.0,14,13,11,1046
13.0,14,13,12,1049
13.0,14,13,13,1052
13.0,14,13,14,1055
13.0,14,13,15,1058
13.0,14,14,0,1014
13.0,14,14,1,1017
13.0,14,14,2,1020
13.0,14,14,3,1023
13.0,14,14,4,1027
13.0,14,14,5,1030
13.0,14,14,6,1033
13.0,14,14,7,1036
13.0,14,14,8,1040
13.0,14,14,9,1043
13.0,14,14,10,1046
13.0,14,14,11,1049
13.0,14,14,12,1052
13.0,14,14,13,1055
13.0,14,14,14,1059
13.0,14,14,15,1062
13.0,14,15,0,1017
13.0,14,15,1,1020
13.0,14,15,2,1023
13.0,14,15,3,1027
13.0,14,15,4,1030
13.0,14,15,5,1033
13.0,14,15,6,1036
13.0,14,15,7,1040
13.0,14,15,8,1043
13.0,14,15,9,1046
13.0,14,15,10,1049
13.0,14,15,11,1052
13.0,14,15,12,1055
13.0,14,15,13,1059
13.0,14,15,14,1062
13.0,14,15,15,1065
13.0,15,0,0,973
13.0,15,0,1,976
13.0,15,0,2,979
13.0,15,0,3,982
13.0,15,0,4,985
13.0,15,0,5,988
13.0,15,0,6,991
13.0,15,0,7,994
13.0,15,0,8,997
13.0,15,0,9,1001
13.0,15,0,10,1004
13.0,15,0,11,1007
13.0,15,0,12,1010
13.0,15,0,13,1013
13.0,15,0,14,1016
13.0,15,0,15,1019
13.0,15,1,0,976
13.0,15,1,1,979
13.0,15,1,2,982
13.0,15,1,3,985
13.0,15,1,4,988
13.0,15,1,5,992
13.0,15,1,6,995
13.0,15,1,7,998
13.0,15,1,8,1001
13.0,15,1,9,1004
13.0,15,1,10,1007
13.0,15,1,11,1010
13.0,15,1,12,1013
13.0,15,1,13,1016
13.0,15,1,14,1019
13.0,15,1,15,1022
13.0,15,2,0,979
13.0,15,2,1,982
13.0,15,2,2,985
13.0,15,2,3,989
13.0,15,2,4,992
13.0,15,2,5,995
13.0,15,2,6,998
13.0,15,2,7,1001
13.0,15,2,8,1004
13.0,15,2,9,1007
13.0,15,2,10,1010
13.0,15,2,11,1013
13.0,15,2,12,1016
13.0,15,2,13,1019
13.0,15,2,14,1022
13.0,15,2,15,1026
13.0,15,3,0,982
13.0,15,3,1,986
13.0,15,3,2,989
13.0,15,3,3,992
13.0,15,3,4,995
13.0,15,3,5,998
13.0,15,3,6,1001
13.0,15,3,7,1004
13.0,15,3,8,1007
13.0,15,3,9,1011
13.0,15,3,10,1014
13.0,15,3,11,1017
13.0,15,3,12,1020
13.0,15,3,13,1023
13.0,15,3,14,1026
13.0,15,3,15,1029
13.0,15,4,0,986
13.0,15,4,1,989
13.0,15,4,2,992
13.0,15,4,3,995
13.0,15,4,4,998
13.0,15,4,5,1001
13.0,15,4,6,1005
13.0,15,4,7,1008
13.0,15,4,8,1011
13.0,15,4,9,1014
13.0,15,4,10,1017
13.0,15,4,11,1020
13.0,15,4,12,1023
13.0,15,4,13,1026
13.0,15,4,14,1029
13.0,15,4,15,1032
13.0,15,5,0,989
13.0,15,5,1,992
13.0,15,5,2,995
13.0,15,5,3,998
13.0,15,5,4,1002
13.0,15,5,5,1005
13.0,15,5,6,1008
13.0,15,5,7,1011
13.0,15,5,8,1014
13.0,15,5,9,1017
13.0,15,5,10,1020
13.0,15,5,11,1023
13.0,15,5,12,1026
13.0,15,5,13,1030
13.0,15,5,14,1033
13.0,15,5,15,1036
13.0,15,6,0,992
13.0,15,6,1,995
13.0,15,6,2,998
13.0,15,6,3,1002
13.0,15,6,4,1005
13.0,15,6,5,1008
13.0,15,6,6,1011
13.0,15,6,7,1014
13.0,15,6,8,1017
13.0,15,6,9,1020
13.0,15,6,10,1024
13.0,15,6,11,1027
13.0,15,6,12,1030
13.0,15,6,13,1033
13.0,15,6,14,1036
13.0,15,6,15,1039
13.0,15,7,0,995
13.0,15,7,1,998
13.0,15,7,2,1002
13.0,15,7,3,1005
13.0,15,7,4,1008
13.0,15,7,5,1011
13.0,15,7,6,1014
13.0,15,7,7,1018
13.0,15,7,8,1021
13.0,15,7,9,1024
13.0,15,7,10,1027
13.0,15,7,11,1030
13.0,15,7,12,1033
13.0,15,7,13,1036
13.0,15,7,14,1039
13.0,15,7,15,1042
13.0,15,8,0,998
13.0,15,8,1,1002
13.0,15,8,2,1005
13.0,15,8,3,1008
13.0,15,8,4,1011
13.0,15,8,5,1014
13.0,15,8,6,1018
13.0,15,8,7,1021
13.0,15,8,8,1024
13.0,15,8,9,1027
13.0,15,8,10,1030
13.0,15,8,11,1033
13.0,15,8,12,1036
13.0,15,8,13,1040
13.0,15,8,14,1043
13.0,15,8,15,1046
13.0,15,9,0,1002
13.0,15,9,1,1005
13.0,15,9,2,1008
13.0,15,9,3,1011
13.0,15,9,4,1014
13.0,15,9,5,1018
13.0,15,9,6,1021
13.0,15,9,7,1024
13.0,15,9,8,1027
13.0,15,9,9,1030
13.0,15,9,10,1033
13.0,15,9,11,1037
13.0,15,9,12,1040
13.0,15,9,13,1043
13.0,15,9,14,1046
13.0,15,9,15,1049
13.0,15,10,0,1005
13.0,15,10,1,1008
13.0,15,10,2,1011
13.0,15,10,3,1014
13.0,15,10,4,1018
13.0,15,10,5,1021
13.0,15,10,6,1024
13.0,15,10,7,1027
13.0,15,10,8,1030
13.0,15,10,9,1034
13.0,15,10,10,1037
13.0,15,10,11,1040
13.0,15,10,12,1043
13.0,15,10,13,1046
13.0,15,10,14,1049
13.0,15,10,15,1052
13.0,15,11,0,1008
13.0,15,11,1,1011
13.0,15,11,2,1014
13.0,15,11,3,1018
13.0,15,11,4,1021
13.0,15,11,5,1024
13.0,15,11,6,1027
13.0,15,11,7,1030
13.0,15,11,8,1034
13.0,15,11,9,1037
13.0,15,11,10,1040
13.0,15,11,11,1043
13.0,15,11,12,1046
13.0,15,11,13,1049
13.0,15,11,14,1053
13.0,15,11,15,1056
13.0,15,12,0,1011
13.0,15,12,1,1014
13.0,15,12,2,1018
13.0,15,12,3,1021
13.0,15,12,4,1024
13.0,15,12,5,1027
13.0,15,12,6,1031
13.0,15,12,7,1034
13.0,15,12,8,1037
13.0,15,12,9,1040
13.0,15,12,10,1043
13.0,15,12,11,1046
13.0,15,12,12,1050
13.0,15,12,13,1053
13.0,15,12,14,1056
13.0,15,12,15,1059
13.0,15,13,0,1014
13.0,15,13,1,1018
13.0,15,13,2,1021
13.0,15,13,3,1024
13.0,15,13,4,1027
13.0,15,13,5,1030
13.0,15,13,6,1034
13.0,15,13,7,1037
13.0,15,13,8,1040
13.0,15,13,9,1043
13.0,15,13,10,1046
13.0,15,13,11,1050
13.0,15,13,12,1053
13.0,15,13,13,1056
13.0,15,13,14,1059
13.0,15,13,15,1062
13.0,15,14,0,1017
13.0,15,14,1,1021
13.0,15,14,2,1024
13.0,15,14,3,1027
13.0,15,14,4,1030
13.0,15,14,5,1034
13.0,15,14,6,1037
13.0,15,14,7,1040
13.0,15,14,8,1043
13.0,15,14,9,1047
13.0,15,14,10,1050
13.0,15,14,11,1053
13.0,15,14,12,1056
13.0,15,14,13,1059
13.0,15,14,14,1062
13.0,15,14,15,1065
13.0,15,15,0,1020
13.0,15,15,1,1024
13.0,15,15,2,1027
13.0,15,15,3,1030
13.0,15,15,4,1034
13.0,15,15,5,1037
13.0,15,15,6,1040
13.0,15,15,7,1043
13.0,15,15,8,1047
13.0,15,15,9,1050
13.0,15,15,10,1053
13.0,15,15,11,1056
13.0,15,15,12,1059
13.0,15,15,13,1062
13.0,15,15,14,1066
13.0,15,15,15,1069
13.5,0,0,0,955
13.5,0,0,1,958
13.5,0,0,2,961
13.5,0,0,3,964
13.5,0,0,4,967
13.5,0,0,5,970
13.5,0,0,6,973
13.5,0,0,7,977
13.5,0,0,8,980
13.5,0,0,9,983
13.5,0,0,10,986
13.5,0,0,11,988
13.5,0,0,12,991
13.5,0,0,13,994
13.5,0,0,14,997
13.5,0,0,15,1000
13.5,0,1,0,958
13.5,0,1,1,961
13.5,0,1,2,965
13.5,0,1,3,968
13.5,0,1,4,971
13.5,0,1,5,974
13.5,0,1,6,977
13.5,0,1,7,980
13.5,0,1,8,983
13.5,0,1,9,986
13.5,0,1,10,989
13.5,0,1,11,992
13.5,0,1,12,995
13.5,0,1,13,998
13.5,0,1,14,1001
13.5,0,1,15,1004
13.5,0,2,0,962
13.5,0,2,1,965
13.5,0,2,2,968
13.5,0,2,3,971
13.5,0,2,4,974
13.5,0,2,5,977
13.5,0,2,6,980
13.5,0,2,7,983
13.5,0,2,8,986
13.5,0,2,9,989
13.5,0,2,10,992
13.5,0,2,11,995
13.5,0,2,12,998
13.5,0,2,13,1001
13.5,0,2,14,1004
13.5,0,2,15,1007
13.5,0,3,0,965
13.5,0,3,1,968
13.5,0,3,2,971
13.5,0,3,3,974
13.5,0,3,4,977
13.5,0,3,5,980
13.5,0,3,6,983
13.5,0,3,7,986
13.5,0,3,8,989
13.5,0,3,9,992
13.5,0,3,10,995
13.5,0,3,11,998
13.5,0,3,12,1001
13.5,0,3,13,1004
13.5,0,3,14,1007
13.5,0,3,15,1010
13.5,0,4,0,968
13.5,0,4,1,971
13.5,0,4,2,974
13.5,0,4,3,977
13.5,0,4,4,980
13.5,0,4,5,983
13.5,0,4,6,986
13.5,0,4,7,990
13.5,0,4,8,993
13.5,0,4,9,996
13.5,0,4,10,999
13.5,0,4,11,1002
13.5,0,4,12,1005
13.5,0,4,13,1008
13.5,0,4,14,1011
13.5,0,4,15,1014
13.5,0,5,0,971
13.5,0,5,1,974
13.5,0,5,2,977
13.5,0,5,3,980
13.5,0,5,4,984
13.5,0,5,5,987
13.5,0,5,6,990
13.5,0,5,7,993
13.5,0,5,8,996
13.5,0,5,9,999
13.5,0,5,10,1002
13.5,0,5,11,1005
13.5,0,5,12,1008
13.5,0,5,13,1011
13.5,0,5,14,1014
13.5,0,5,15,1017
13.5,0,6,0,974
13.5,0,6,1,977
13.5,0,6,2,980
13.5,0,6,3,984
13.5,0,6,4,987
13.5,0,6,5,990
13.5,0,6,6,993
13.5,0,6,7,996
13.5,0,6,8,999
13.5,0,6,9,1002
13.5,0,6,10,1005
13.5,0,6,11,1008
13.5,0,6,12,1011
13.5,0,6,13,1014
13.5,0,6,14,1017
13.5,0,6,15,1020
13.5,0,7,0,977
13.5,0,7,1,981
13.5,0,7,2,984
13.5,0,7,3,987
13.5,0,7,4,990
13.5,0,7,5,993
13.5,0,7,6,996
13.5,0,7,7,999
13.5,0,7,8,1002
13.5,0,7,9,1005
13.5,0,7,10,1008
13.5,0,7,11,1011
13.5,0,7,12,1015
13.5,0,7,13,1018
13.5,0,7,14,1021
13.5,0,7,15,1024
13.5,0,8,0,980
13.5,0,8,1,984
13.5,0,8,2,987
13.5,0,8,3,990
13.5,0,8,4,993
13.5,0,8,5,996
13.5,0,8,6,999
13.5,0,8,7,1002
13.5,0,8,8,1005
13.5,0,8,9,1009
13.5,0,8,10,1012
13.5,0,8,11,1015
13.5,0,8,12,1018
13.5,0,8,13,1021
13.5,0,8,14,1024
13.5,0,8,15,1027
13.5,0,9,0,984
13.5,0,9,1,987
13.5,0,9,2,990
13.5,0,9,3,993
13.5,0,9,4,996
13.5,0,9,5,999
13.5,0,9,6,1002
13.5,0,9,7,1006
13.5,0,9,8,1009
13.5,0,9,9,1012
13.5,0,9,10,1015
13.5,0,9,11,1018
13.5,0,9,12,1021
13.5,0,9,13,1024
13.5,0,9,14,1027
13.5,0,9,15,1030
13.5,0,10,0,987
13.5,0,10,1,990
13.5,0,10,2,993
13.5,0,10,3,996
13.5,0,10,4,999
13.5,0,10,5,1003
13.5,0,10,6,1006
13.5,0,10,7,1009
13.5,0,10,8,1012
13.5,0,10,9,1015
13.5,0,10,10,1018
13.5,0,10,11,1021
13.5,0,10,12,1024
13.5,0,10,13,1027
13.5,0,10,14,1030
13.5,0,10,15,1033
13.5,0,11,0,990
13.5,0,11,1,993
13.5,0,11,2,996
13.5,0,11,3,999
13.5,0,11,4,1003
13.5,0,11,5,1006
13.5,0,11,6,1009
13.5,0,11,7,1012
13.5,0,11,8,1015
13.5,0,11,9,1018
13.5,0,11,10,1021
13.5,0,11,11,1024
13.5,0,11,12,1027
13.5,0,11,13,1031
13.5,0,11,14,1034
13.5,0,11,15,1037
13.5,0,12,0,993
13.5,0,12,1,996
13.5,0,12,2,999
13.5,0,12,3,1002
13.5,0,12,4,1006
13.5,0,12,5,1009
13.5,0,12,6,1012
13.5,0,12,7,1015
13.5,0,12,8,1018
13.5,0,12,9,1021
13.5,0,12,10,1024
13.5,0,12,11,1028
13.5,0,12,12,1031
13.5,0,12,13,1034
13.5,0,12,14,1037
13.5,0,12,15,1040
13.5,0,13,0,996
13.5,0,13,1,999
13.5,0,13,2,1002
13.5,0,13,3,1006
13.5,0,13,4,1009
13.5,0,13,5,1012
13.5,0,13,6,1015
13.5,0,13,7,1018
13.5,0,13,8,1021
13.5,0,13,9,1025
13.5,0,13,10,1028
13.5,0,13,11,1031
13.5,0,13,12,1034
13.5,0,13,13,1037
13.5,0,13,14,1040
13.5,0,13,15,1043
13.5,0,14,0,999
13.5,0,14,1,1002
13.5,0,14,2,1005
13.5,0,14,3,1009
13.5,0,14,4,1012
13.5,0,14,5,1015
13.5,0,14,6,1018
13.5,0,14,7,1021
13.5,0,14,8,1025
13.5,0,14,9,1028
13.5,0,14,10,1031
13.5,0,14,11,1034
13.5,0,14,12,1037
13.5,0,14,13,1040
13.5,0,14,14,1043
13.5,0,14,15,1046
13.5,0,15,0,1002
13.5,0,15,1,1005
13.5,0,15,2,1009
13.5,0,15,3,1012
13.5,0,15,4,1015
13.5,0,15,5,1018
13.5,0,15,6,1021
13.5,0,15,7,1025
13.5,0,15,8,1028
13.5,0,15,9,1031
13.5,0,15,10,1034
13.5,0,15,11,1037
13.5,0,15,12,1040
13.5,0,15,13,1043
13.5,0,15,14,1046
13.5,0,15,15,1050
13.5,1,0,0,959
13.5,1,0,1,962
13.5,1,0,2,965
13.5,1,0,3,968
13.5,1,0,4,971
13.5,1,0,5,974
13.5,1,0,6,977
13.5,1,0,7,980
13.5,1,0,8,983
13.5,1,0,9,986
13.5,1,0,10,989
13.5,1,0,11,992
13.5,1,0,12,995
13.5,1,0,13,998
13.5,1,0,14,1001
13.5,1,0,15,1004
13.5,1,1,0,962
13.5,1,1,1,965
13.5,1,1,2,968
13.5,1,1,3,971
13.5,1,1,4,974
13.5,1,1,5,977
13.5,1,1,6,980
13.5,1,1,7,984
13.5,1,1,8,987
13.5,1,1,9,990
13.5,1,1,10,993
13.5,1,1,11,996
13.5,1,1,12,999
13.5,1,1,13,1002
13.5,1,1,14,1005
13.5,1,1,15,1008
13.5,1,2,0,965
13.5,1,2,1,968
13.5,1,2,2,971
13.5,1,2,3,975
13.5,1,2,4,978
13.5,1,2,5,981
13.5,1,2,6,984
13.5,1,2,7,987
13.5,1,2,8,990
13.5,1,2,9,993
13.5,1,2,10,996
13.5,1,2,11,999
13.5,1,2,12,1002
13.5,1,2,13,1005
13.5,1,2,14,1008
13.5,1,2,15,1011
13.5,1,3,0,968
13.5,1,3,1,972
13.5,1,3,2,975
13.5,1,3,3,978
13.5,1,3,4,981
13.5,1,3,5,984
13.5,1,3,6,987
13.5,1,3,7,990
13.5,1,3,8,993
13.5,1,3,9,996
13.5,1,3,10,999
13.5,1,3,11,1002
13.5,1,3,12,1005
13.5,1,3,13,1008
13.5,1,3,14,1011
13.5,1,3,15,1014
13.5,1,4,0,972
13.5,1,4,1,975
13.5,1,4,2,978
13.5,1,4,3,981
13.5,1,4,4,984
13.5,1,4,5,987
13.5,1,4,6,990
13.5,1,4,7,993
13.5,1,4,8,996
13.5,1,4,9,999
13.5,1,4,10,1002
13.5,1,4,11,1006
13.5,1,4,12,1009
13.5,1,4,13,1012
13.5,1,4,14,1015
13.5,1,4,15,1018
13.5,1,5,0,975
13.5,1,5,1,978
13.5,1,5,2,981
13.5,1,5,3,984
13.5,1,5,4,987
13.5,1,5,5,990
13.5,1,5,6,993
13.5,1,5,7,997
13.5,1,5,8,1000
13.5,1,5,9,1003
13.5,1,5,10,1006
13.5,1,5,11,1009
13.5,1,5,12,1012
13.5,1,5,13,1015
13.5,1,5,14,1018
13.5,1,5,15,1021
13.5,1,6,0,978
13.5,1,6,1,981
13.5,1,6,2,984
13.5,1,6,3,987
13.5,1,6,4,990
13.5,1,6,5,994
13.5,1,6,6,997
13.5,1,6,7,1000
13.5,1,6,8,1003
13.5,1,6,9,1006
13.5,1,6,10,1009
13.5,1,6,11,1012
13.5,1,6,12,1015
13.5,1,6,13,1018
13.5,1,6,14,1021
13.5,1,6,15,1024
13.5,1,7,0,981
13.5,1,7,1,984
13.5,1,7,2,987
13.5,1,7,3,991
13.5,1,7,4,994
13.5,1,7,5,997
13.5,1,7,6,1000
13.5,1,7,7,1003
13.5,1,7,8,1006
13.5,1,7,9,1009
13.5,1,7,10,1012
13.5,1,7,11,1015
13.5,1,7,12,1018
13.5,1,7,13,1021
13.5,1,7,14,1024
13.5,1,7,15,1028
13.5,1,8,0,984
13.5,1,8,1,987
13.5,1,8,2,991
13.5,1,8,3,994
13.5,1,8,4,997
13.5,1,8,5,1000
13.5,1,8,6,1003
13.5,1,8,7,1006
13.5,1,8,8,1009
13.5,1,8,9,1012
13.5,1,8,10,1016
13.5,1,8,11,1019
13.5,1,8,12,1022
13.5,1,8,13,1025
13.5,1,8,14,1028
13.5,1,8,15,1031
13.5,1,9,0,987
13.5,1,9,1,991
13.5,1,9,2,994
13.5,1,9,3,997
13.5,1,9,4,1000
13.5,1,9,5,1003
13.5,1,9,6,1006
13.5,1,9,7,1009
13.5,1,9,8,1013
13.5,1,9,9,1016
13.5,1,9,10,1019
13.5,1,9,11,1022
13.5,1,9,12,1025
13.5,1,9,13,1028
13.5,1,9,14,1031
13.5,1,9,15,1034
13.5,1,10,0,990
13.5,1,10,1,994
13.5,1,10,2,997
13.5,1,10,3,1000
13.5,1,10,4,1003
13.5,1,10,5,1006
13.5,1,10,6,1009
13.5,1,10,7,1013
13.5,1,10,8,1016
13.5,1,10,9,1019
13.5,1,10,10,1022
13.5,1,10,11,1025
13.5,1,10,12,1028
13.5,1,10,13,1031
13.5,1,10,14,1034
13.5,1,10,15,1037
13.5,1,11,0,994
13.5,1,11,1,997
13.5,1,11,2,1000
13.5,1,11,3,1003
13.5,1,11,4,1006
13.5,1,11,5,1010
13.5,1,11,6,1013
13.5,1,11,7,1016
13.5,1,11,8,1019
13.5,1,11,9,1022
13.5,1,11,10,1025
13.5,1,11,11,1028
13.5,1,11,12,1031
13.5,1,11,13,1034
13.5,1,11,14,1038
13.5,1,11,15,1041
13.5,1,12,0,997
13.5,1,12,1,1000
13.5,1,12,2,1003
13.5,1,12,3,1006
13.5,1,12,4,1009
13.5,1,12,5,1013
13.5,1,12,6,1016
13.5,1,12,7,1019
13.5,1,12,8,1022
13.5,1,12,9,1025
13.5,1,12,10,1028
13.5,1,12,11,1031
13.5,1,12,12,1035
13.5,1,12,13,1038
13.5,1,12,14,1041
13.5,1,12,15,1044
13.5,1,13,0,1000
13.5,1,13,1,1003
13.5,1,13,2,1006
13.5,1,13,3,1009
13.5,1,13,4,1013
13.5,1,13,5,1016
13.5,1,13,6,1019
13.5,1,13,7,1022
13.5,1,13,8,1025
13.5,1,13,9,1028
13.5,1,13,10,1032
13.5,1,13,11,1035
13.5,1,13,12,1038
13.5,1,13,13,1041
13.5,1,13,14,1044
13.5,1,13,15,1047
13.5,1,14,0,1003
13.5,1,14,1,1006
13.5,1,14,2,1009
13.5,1,14,3,1013
13.5,1,14,4,1016
13.5,1,14,5,1019
13.5,1,14,6,1022
13.5,1,14,7,1025
13.5,1,14,8,1028
13.5,1,14,9,1032
13.5,1,14,10,1035
13.5,1,14,11,1038
13.5,1,14,12,1041
13.5,1,14,13,1044
13.5,1,14,14,1047
13.5,1,14,15,1050
13.5,1,15,0,1006
13.5,1,15,1,1009
13.5,1,15,2,1012
13.5,1,15,3,1016
13.5,1,15,4,1019
13.5,1,15,5,1022
13.5,1,15,6,1025
13.5,1,15,7,1028
13.5,1,15,8,1032
13.5,1,15,9,1035
13.5,1,15,10,1038
13.5,1,15,11,1041
13.5,1,15,12,1044
13.5,1,15,13,1047
13.5,1,15,14,1050
13.5,1,15,15,1054
13.5,2,0,0,962
13.5,2,0,1,966
13.5,2,0,2,969
13.5,2,0,3,972
13.5,2,0,4,975
13.5,2,0,5,978
13.5,2,0,6,981
13.5,2,0,7,984
13.5,2,0,8,987
13.5,2,0,9,990
13.5,2,0,10,993
13.5,2,0,11,996
13.5,2,0,12,999
13.5,2,0,13,1002
13.5,2,0,14,1005
13.5,2,0,15,1008
13.5,2,1,0,966
13.5,2,1,1,969
13.5,2,1,2,972
13.5,2,1,3,975
13.5,2,1,4,978
13.5,2,1,5,981
13.5,2,1,6,984
13.5,2,1,7,987
13.5,2,1,8,990
13.5,2,1,9,993
13.5,2,1,10,996
13.5,2,1,11,999
13.5,2,1,12,1002
13.5,2,1,13,1005
13.5,2,1,14,1008
13.5,2,1,15,1011
13.5,2,2,0,969
13.5,2,2,1,972
13.5,2,2,2,975
13.5,2,2,3,978
13.5,2,2,4,981
13.5,2,2,5,984
13.5,2,2,6,988
13.5,2,2,7,991
13.5,2,2,8,994
13.5,2,2,9,997
13.5,2,2,10,1000
13.5,2,2,11,1003
13.5,2,2,12,1006
13.5,2,2,13,1009
13.5,2,2,14,1012
13.5,2,2,15,1015
13.5,2,3,0,972
13.5,2,3,1,975
13.5,2,3,2,978
13.5,2,3,3,982
13.5,2,3,4,985
13.5,2,3,5,988
13.5,2,3,6,991
13.5,2,3,7,994
13.5,2,3,8,997
13.5,2,3,9,1000
13.5,2,3,10,1003
13.5,2,3,11,1006
13.5,2,3,12,1009
13.5,2,3,13,1012
13.5,2,3,14,1015
13.5,2,3,15,1018
13.5,2,4,0,975
13.5,2,4,1,978
13.5,2,4,2,982
13.5,2,4,3,985
13.5,2,4,4,988
13.5,2,4,5,991
13.5,2,4,6,994
13.5,2,4,7,997
13.5,2,4,8,1000
13.5,2,4,9,1003
13.5,2,4,10,1006
13.5,2,4,11,1009
13.5,2,4,12,1012
13.5,2,4,13,1015
13.5,2,4,14,1018
13.5,2,4,15,1021
13.5,2,5,0,979
13.5,2,5,1,982
13.5,2,5,2,985
13.5,2,5,3,988
13.5,2,5,4,991
13.5,2,5,5,994
13.5,2,5,6,997
13.5,2,5,7,1000
13.5,2,5,8,1003
13.5,2,5,9,1007
13.5,2,5,10,1010
13.5,2,5,11,1013
13.5,2,5,12,1016
13.5,2,5,13,1019
13.5,2,5,14,1022
13.5,2,5,15,1025
13.5,2,6,0,982
13.5,2,6,1,985
13.5,2,6,2,988
13.5,2,6,3,991
13.5,2,6,4,994
13.5,2,6,5,997
13.5,2,6,6,1001
13.5,2,6,7,1004
13.5,2,6,8,1007
13.5,2,6,9,1010
13.5,2,6,10,1013
13.5,2,6,11,1016
13.5,2,6,12,1019
13.5,2,6,13,1022
13.5,2,6,14,1025
13.5,2,6,15,1028
13.5,2,7,0,985
13.5,2,7,1,988
13.5,2,7,2,991
13.5,2,7,3,994
13.5,2,7,4,997
13.5,2,7,5,1001
13.5,2,7,6,1004
13.5,2,7,7,1007
13.5,2,7,8,1010
13.5,2,7,9,1013
13.5,2,7,10,1016
13.5,2,7,11,1019
13.5,2,7,12,1022
13.5,2,7,13,1025
13.5,2,7,14,1028
13.5,2,7,15,1031
13.5,2,8,0,988
13.5,2,8,1,991
13.5,2,8,2,994
13.5,2,8,3,998
13.5,2,8,4,1001
13.5,2,8,5,1004
13.5,2,8,6,1007
13.5,2,8,7,1010
13.5,2,8,8,1013
13.5,2,8,9,1016
13.5,2,8,10,1019
13.5,2,8,11,1022
13.5,2,8,12,1026
13.5,2,8,13,1029
13.5,2,8,14,1032
13.5,2,8,15,1035
13.5,2,9,0,991
13.5,2,9,1,994
13.5,2,9,2,998
13.5,2,9,3,1001
13.5,2,9,4,1004
13.5,2,9,5,1007
13.5,2,9,6,1010
13.5,2,9,7,1013
13.5,2,9,8,1016
13.5,2,9,9,1020
13.5,2,9,10,1023
13.5,2,9,11,1026
13.5,2,9,12,1029
13.5,2,9,13,1032
13.5,2,9,14,1035
13.5,2,9,15,1038
13.5,2,10,0,994
13.5,2,10,1,997
13.5,2,10,2,1001
13.5,2,10,3,1004
13.5,2,10,4,1007
13.5,2,10,5,1010
13.5,2,10,6,1013
13.5,2,10,7,1016
13.5,2,10,8,1020
13.5,2,10,9,1023
13.5,2,10,10,1026
13.5,2,10,11,1029
13.5,2,10,12,1032
13.5,2,10,13,1035
13.5,2,10,14,1038
13.5,2,10,15,1041
13.5,2,11,0,997
13.5,2,11,1,1001
13.5,2,11,2,1004
13.5,2,11,3,1007
13.5,2,11,4,1010
13.5,2,11,5,1013
13.5,2,11,6,1017
13.5,2,11,7,1020
13.5,2,11,8,1023
13.5,2,11,9,1026
13.5,2,11,10,1029
13.5,2,11,11,1032
13.5,2,11,12,1035
13.5,2,11,13,1038
13.5,2,11,14,1041
13.5,2,11,15,1045
13.5,2,12,0,1001
13.5,2,12,1,1004
13.5,2,12,2,1007
13.5,2,12,3,1010
13.5,2,12,4,1013
13.5,2,12,5,1017
13.5,2,12,6,1020
13.5,2,12,7,1023
13.5,2,12,8,1026
13.5,2,12,9,1029
13.5,2,12,10,1032
13.5,2,12,11,1035
13.5,2,12,12,1039
13.5,2,12,13,1042
13.5,2,12,14,1045
13.5,2,12,15,1048
13.5,2,13,0,1004
13.5,2,13,1,1007
13.5,2,13,2,1010
13.5,2,13,3,1013
13.5,2,13,4,1016
13.5,2,13,5,1020
13.5,2,13,6,1023
13.5,2,13,7,1026
13.5,2,13,8,1029
13.5,2,13,9,1032
13.5,2,13,10,1036
13.5,2,13,11,1039
13.5,2,13,12,1042
13.5,2,13,13,1045
13.5,2,13,14,1048
13.5,2,13,15,1051
13.5,2,14,0,1007
13.5,2,14,1,1010
13.5,2,14,2,1013
13.5,2,14,3,1016
13.5,2,14,4,1020
13.5,2,14,5,1023
13.5,2,14,6,1026
13.5,2,14,7,1029
13.5,2,14,8,1032
13.5,2,14,9,1036
13.5,2,14,10,1039
13.5,2,14,11,1042
13.5,2,14,12,1045
13.5,2,14,13,1048
13.5,2,14,14,1051
13.5,2,14,15,1054
13.5,2,15,0,1010
13.5,2,15,1,1013
13.5,2,15,2,1016
13.5,2,15,3,1020
13.5,2,15,4,1023
13.5,2,15,5,1026
13.5,2,15,6,1029
13.5,2,15,7,1032
13.5,2,15,8,1036
13.5,2,15,9,1039
13.5,2,15,10,1042
13.5,2,15,11,1045
13.5,2,15,12,1048
13.5,2,15,13,1051
13.5,2,15,14,1054
13.5,2,15,15,1058
13.5,3,0,0,966
13.5,3,0,1,969
13.5,3,0,2,972
13.5,3,0,3,975
13.5,3,0,4,979
13.5,3,0,5,982
13.5,3,0,6,985
13.5,3,0,7,988
13.5,3,0,8,991
13.5,3,0,9,994
13.5,3,0,10,997
13.5,3,0,11,1000
13.5,3,0,12,1003
13.5,3,0,13,1006
13.5,3,0,14,1009
13.5,3,0,15,1012
13.5,3,1,0,969
13.5,3,1,1,973
13.5,3,1,2,976
13.5,3,1,3,979
13.5,3,1,4,982
13.5,3,1,5,985
13.5,3,1,6,988
13.5,3,1,7,991
13.5,3,1,8,994
13.5,3,1,9,997
13.5,3,1,10,1000
13.5,3,1,11,1003
13.5,3,1,12,1006
13.5,3,1,13,1009
13.5,3,1,14,1012
13.5,3,1,15,1015
13.5,3,2,0,973
13.5,3,2,1,976
13.5,3,2,2,979
13.5,3,2,3,982
13.5,3,2,4,985
13.5,3,2,5,988
13.5,3,2,6,991
13.5,3,2,7,994
13.5,3,2,8,997
13.5,3,2,9,1000
13.5,3,2,10,1004
13.5,3,2,11,1007
13.5,3,2,12,1010
13.5,3,2,13,1013
13.5,3,2,14,1016
13.5,3,2,15,1019
13.5,3,3,0,976
13.5,3,3,1,979
13.5,3,3,2,982
13.5,3,3,3,985
13.5,3,3,4,988
13.5,3,3,5,991
13.5,3,3,6,995
13.5,3,3,7,998
13.5,3,3,8,1001
13.5,3,3,9,1004
13.5,3,3,10,1007
13.5,3,3,11,1010
13.5,3,3,12,1013
13.5,3,3,13,1016
13.5,3,3,14,1019
13.5,3,3,15,1022
13.5,3,4,0,979
13.5,3,4,1,982
13.5,3,4,2,985
13.5,3,4,3,988
13.5,3,4,4,992
13.5,3,4,5,995
13.5,3,4,6,998
13.5,3,4,7,1001
13.5,3,4,8,1004
13.5,3,4,9,1007
13.5,3,4,10,1010
13.5,3,4,11,1013
13.5,3,4,12,1016
13.5,3,4,13,1019
13.5,3,4,14,1022
13.5,3,4,15,1025
13.5,3,5,0,982
13.5,3,5,1,985
13.5,3,5,2,989
13.5,3,5,3,992
13.5,3,5,4,995
13.5,3,5,5,998
13.5,3,5,6,1001
13.5,3,5,7,1004
13.5,3,5,8,1007
13.5,3,5,9,1010
13.5,3,5,10,1013
13.5,3,5,11,1017
13.5,3,5,12,1020
13.5,3,5,13,1023
13.5,3,5,14,1026
13.5,3,5,15,1029
13.5,3,6,0,985
13.5,3,6,1,989
13.5,3,6,2,992
13.5,3,6,3,995
13.5,3,6,4,998
13.5,3,6,5,1001
13.5,3,6,6,1004
13.5,3,6,7,1007
13.5,3,6,8,1011
13.5,3,6,9,1014
13.5,3,6,10,1017
13.5,3,6,11,1020
13.5,3,6,12,1023
13.5,3,6,13,1026
13.5,3,6,14,1029
13.5,3,6,15,1032
13.5,3,7,0,989
13.5,3,7,1,992
13.5,3,7,2,995
13.5,3,7,3,998
13.5,3,7,4,1001
13.5,3,7,5,1004
13.5,3,7,6,1008
13.5,3,7,7,1011
13.5,3,7,8,1014
13.5,3,7,9,1017
13.5,3,7,10,1020
13.5,3,7,11,1023
13.5,3,7,12,1026
13.5,3,7,13,1029
13.5,3,7,14,1032
13.5,3,7,15,1035
13.5,3,8,0,992
13.5,3,8,1,995
13.5,3,8,2,998
13.5,3,8,3,1001
13.5,3,8,4,1004
13.5,3,8,5,1008
13.5,3,8,6,1011
13.5,3,8,7,1014
13.5,3,8,8,1017
13.5,3,8,9,1020
13.5,3,8,10,1023
13.5,3,8,11,1026
13.5,3,8,12,1029
13.5,3,8,13,1033
13.5,3,8,14,1036
13.5,3,8,15,1039
13.5,3,9,0,995
13.5,3,9,1,998
13.5,3,9,2,1001
13.5,3,9,3,1005
13.5,3,9,4,1008
13.5,3,9,5,1011
13.5,3,9,6,1014
13.5,3,9,7,1017
13.5,3,9,8,1020
13.5,3,9,9,1023
13.5,3,9,10,1027
13.5,3,9,11,1030
13.5,3,9,12,1033
13.5,3,9,13,1036
13.5,3,9,14,1039
13.5,3,9,15,1042
13.5,3,10,0,998
13.5,3,10,1,1001
13.5,3,10,2,1004
13.5,3,10,3,1008
13.5,3,10,4,1011
13.5,3,10,5,1014
13.5,3,10,6,1017
13.5,3,10,7,1020
13.5,3,10,8,1024
13.5,3,10,9,1027
13.5,3,10,10,1030
13.5,3,10,11,1033
13.5,3,10,12,1036
13.5,3,10,13,1039
13.5,3,10,14,1042
13.5,3,10,15,1045
13.5,3,11,0,1001
13.5,3,11,1,1004
13.5,3,11,2,1008
13.5,3,11,3,1011
13.5,3,11,4,1014
13.5,3,11,5,1017
13.5,3,11,6,1020
13.5,3,11,7,1024
13.5,3,11,8,1027
13.5,3,11,9,1030
13.5,3,11,10,1033
13.5,3,11,11,1036
13.5,3,11,12,1039
13.5,3,11,13,1042
13.5,3,11,14,1045
13.5,3,11,15,1049
13.5,3,12,0,1004
13.5,3,12,1,1008
13.5,3,12,2,1011
13.5,3,12,3,1014
13.5,3,12,4,1017
13.5,3,12,5,1020
13.5,3,12,6,1024
13.5,3,12,7,1027
13.5,3,12,8,1030
13.5,3,12,9,1033
13.5,3,12,10,1036
13.5,3,12,11,1039
13.5,3,12,12,1042
13.5,3,12,13,1046
13.5,3,12,14,1049
13.5,3,12,15,1052
13.5,3,13,0,1007
13.5,3,13,1,1011
13.5,3,13,2,1014
13.5,3,13,3,1017
13.5,3,13,4,1020
13.5,3,13,5,1024
13.5,3,13,6,1027
13.5,3,13,7,1030
13.5,3,13,8,1033
13.5,3,13,9,1036
13.5,3,13,10,1039
13.5,3,13,11,1043
13.5,3,13,12,1046
13.5,3,13,13,1049
13.5,3,13,14,1052
13.5,3,13,15,1055
13.5,3,14,0,1011
13.5,3,14,1,1014
13.5,3,14,2,1017
13.5,3,14,3,1020
13.5,3,14,4,1024
13.5,3,14,5,1027
13.5,3,14,6,1030
13.5,3,14,7,1033
13.5,3,14,8,1036
13.5,3,14,9,1039
13.5,3,14,10,1043
13.5,3,14,11,1046
13.5,3,14,12,1049
13.5,3,14,13,1052
13.5,3,14,14,1055
13.5,3,14,15,1058
13.5,3,15,0,1014
13.5,3,15,1,1017
13.5,3,15,2,1020
13.5,3,15,3,1023
13.5,3,15,4,1027
13.5,3,15,5,1030
13.5,3,15,6,1033
13.5,3,15,7,1036
13.5,3,15,8,1039
13.5,3,15,9,1043
13.5,3,15,10,1046
13.5,3,15,11,1049
13.5,3,15,12,1052
13.5,3,15,13,1055
13.5,3,15,14,1058
13.5,3,15,15,1062
13.5,4,0,0,970
13.5,4,0,1,973
13.5,4,0,2,976
13.5,4,0,3,979
13.5,4,0,4,982
13.5,4,0,5,985
13.5,4,0,6,988
13.5,4,0,7,991
13.5,4,0,8,995
13.5,4,0,9,998
13.5,4,0,10,1001
13.5,4,0,11,1004
13.5,4,0,12,1007
13.5,4,0,13,1010
13.5,4,0,14,1013
13.5,4,0,15,1016
13.5,4,1,0,973
13.5,4,1,1,976
13.5,4,1,2,979
13.5,4,1,3,982
13.5,4,1,4,986
13.5,4,1,5,989
13.5,4,1,6,992
13.5,4,1,7,995
13.5,4,1,8,998
13.5,4,1,9,1001
13.5,4,1,10,1004
13.5,4,1,11,1007
13.5,4,1,12,1010
13.5,4,1,13,1013
13.5,4,1,14,1016
13.5,4,1,15,1019
13.5,4,2,0,976
13.5,4,2,1,979
13.5,4,2,2,983
13.5,4,2,3,986
13.5,4,2,4,989
13.5,4,2,5,992
13.5,4,2,6,995
13.5,4,2,7,998
13.5,4,2,8,1001
13.5,4,2,9,1004
13.5,4,2,10,1007
13.5,4,2,11,1010
13.5,4,2,12,1013
13.5,4,2,13,1016
13.5,4,2,14,1019
13.5,4,2,15,1022
13.5,4,3,0,980
13.5,4,3,1,983
13.5,4,3,2,986
13.5,4,3,3,989
13.5,4,3,4,992
13.5,4,3,5,995
13.5,4,3,6,998
13.5,4,3,7,1001
13.5,4,3,8,1005
13.5,4,3,9,1008
13.5,4,3,10,1011
13.5,4,3,11,1014
13.5,4,3,12,1017
13.5,4,3,13,1020
13.5,4,3,14,1023
13.5,4,3,15,1026
13.5,4,4,0,983
13.5,4,4,1,986
13.5,4,4,2,989
13.5,4,4,3,992
13.5,4,4,4,995
13.5,4,4,5,998
13.5,4,4,6,1002
13.5,4,4,7,1005
13.5,4,4,8,1008
13.5,4,4,9,1011
13.5,4,4,10,1014
13.5,4,4,11,1017
13.5,4,4,12,1020
13.5,4,4,13,1023
13.5,4,4,14,1026
13.5,4,4,15,1029
13.5,4,5,0,986
13.5,4,5,1,989
13.5,4,5,2,992
13.5,4,5,3,995
13.5,4,5,4,999
13.5,4,5,5,1002
13.5,4,5,6,1005
13.5,4,5,7,1008
13.5,4,5,8,1011
13.5,4,5,9,1014
13.5,4,5,10,1017
13.5,4,5,11,1020
13.5,4,5,12,1023
13.5,4,5,13,1026
13.5,4,5,14,1030
13.5,4,5,15,1033
13.5,4,6,0,989
13.5,4,6,1,992
13.5,4,6,2,996
13.5,4,6,3,999
13.5,4,6,4,1002
13.5,4,6,5,1005
13.5,4,6,6,1008
13.5,4,6,7,1011
13.5,4,6,8,1014
13.5,4,6,9,1017
13.5,4,6,10,1021
13.5,4,6,11,1024
13.5,4,6,12,1027
13.5,4,6,13,1030
13.5,4,6,14,1033
13.5,4,6,15,1036
13.5,4,7,0,992
13.5,4,7,1,996
13.5,4,7,2,999
13.5,4,7,3,1002
13.5,4,7,4,1005
13.5,4,7,5,1008
13.5,4,7,6,1011
13.5,4,7,7,1015
13.5,4,7,8,1018
13.5,4,7,9,1021
13.5,4,7,10,1024
13.5,4,7,11,1027
13.5,4,7,12,1030
13.5,4,7,13,1033
13.5,4,7,14,1036
13.5,4,7,15,1039
13.5,4,8,0,996
13.5,4,8,1,999
13.5,4,8,2,1002
13.5,4,8,3,1005
13.5,4,8,4,1008
13.5,4,8,5,1011
13.5,4,8,6,1015
13.5,4,8,7,1018
13.5,4,8,8,1021
13.5,4,8,9,1024
13.5,4,8,10,1027
13.5,4,8,11,1030
13.5,4,8,12,1033
13.5,4,8,13,1036
13.5,4,8,14,1040
13.5,4,8,15,1043
13.5,4,9,0,999
13.5,4,9,1,1002
13.5,4,9,2,1005
13.5,4,9,3,1008
13.5,4,9,4,1012
13.5,4,9,5,1015
13.5,4,9,6,1018
13.5,4,9,7,1021
13.5,4,9,8,1024
13.5,4,9,9,1027
13.5,4,9,10,1030
13.5,4,9,11,1034
13.5,4,9,12,1037
13.5,4,9,13,1040
13.5,4,9,14,1043
13.5,4,9,15,1046
13.5,4,10,0,1002
13.5,4,10,1,1005
13.5,4,10,2,1008
13.5,4,10,3,1012
13.5,4,10,4,1015
13.5,4,10,5,1018
13.5,4,10,6,1021
13.5,4,10,7,1024
13.5,4,10,8,1027
13.5,4,10,9,1031
13.5,4,10,10,1034
13.5,4,10,11,1037
13.5,4,10,12,1040
13.5,4,10,13,1043
13.5,4,10,14,1046
13.5,4,10,15,1049
13.5,4,11,0,1005
13.5,4,11,1,1008
13.5,4,11,2,1011
13.5,4,11,3,1015
13.5,4,11,4,1018
13.5,4,11,5,1021
13.5,4,11,6,1024
13.5,4,11,7,1027
13.5,4,11,8,1031
13.5,4,11,9,1034
13.5,4,11,10,1037
13.5,4,11,11,1040
13.5,4,11,12,1043
13.5,4,11,13,1046
13.5,4,11,14,1049
13.5,4,11,15,1053
13.5,4,12,0,1008
13.5,4,12,1,1011
13.5,4,12,2,1015
13.5,4,12,3,1018
13.5,4,12,4,1021
13.5,4,12,5,1024
13.5,4,12,6,1027
13.5,4,12,7,1031
13.5,4,12,8,1034
13.5,4,12,9,1037
13.5,4,12,10,1040
13.5,4,12,11,1043
13.5,4,12,12,1046
13.5,4,12,13,1050
13.5,4,12,14,1053
13.5,4,12,15,1056
13.5,4,13,0,1011
13.5,4,13,1,1015
13.5,4,13,2,1018
13.5,4,13,3,1021
13.5,4,13,4,1024
13.5,4,13,5,1027
13.5,4,13,6,1031
13.5,4,13,7,1034
13.5,4,13,8,1037
13.5,4,13,9,1040
13.5,4,13,10,1043
13.5,4,13,11,1047
13.5,4,13,12,1050
13.5,4,13,13,1053
13.5,4,13,14,1056
13.5,4,13,15,1059
13.5,4,14,0,1014
13.5,4,14,1,1018
13.5,4,14,2,1021
13.5,4,14,3,1024
13.5,4,14,4,1027
13.5,4,14,5,1031
13.5,4,14,6,1034
13.5,4,14,7,1037
13.5,4,14,8,1040
13.5,4,14,9,1043
13.5,4,14,10,1047
13.5,4,14,11,1050
13.5,4,14,12,1053
13.5,4,14,13,1056
13.5,4,14,14,1059
13.5,4,14,15,1062
13.5,4,15,0,1017
13.5,4,15,1,1021
13.5,4,15,2,1024
13.5,4,15,3,1027
13.5,4,15,4,1031
13.5,4,15,5,1034
13.5,4,15,6,1037
13.5,4,15,7,1040
13.5,4,15,8,1043
13.5,4,15,9,1047
13.5,4,15,10,1050
13.5,4,15,11,1053
13.5,4,15,12,1056
13.5,4,15,13,1059
13.5,4,15,14,1062
13.5,4,15,15,1066
13.5,5,0,0,973
13.5,5,0,1,977
13.5,5,0,2,980
13.5,5,0,3,983
13.5,5,0,4,986
13.5,5,0,5,989
13.5,5,0,6,992
13.5,5,0,7,995
13.5,5,0,8,998
13.5,5,0,9,1001
13.5,5,0,10,1004
13.5,5,0,11,1007
13.5,5,0,12,1010
13.5,5,0,13,1013
13.5,5,0,14,1017
13.5,5,0,15,1020
13.5,5,1,0,977
13.5,5,1,1,980
13.5,5,1,2,983
13.5,5,1,3,986
13.5,5,1,4,989
13.5,5,1,5,992
13.5,5,1,6,995
13.5,5,1,7,999
13.5,5,1,8,1002
13.5,5,1,9,1005
13.5,5,1,10,1008
13.5,5,1,11,1011
13.5,5,1,12,1014
13.5,5,1,13,1017
13.5,5,1,14,1020
13.5,5,1,15,1023
13.5,5,2,0,980
13.5,5,2,1,983
13.5,5,2,2,986
13.5,5,2,3,989
13.5,5,2,4,993
13.5,5,2,5,996
13.5,5,2,6,999
13.5,5,2,7,1002
13.5,5,2,8,1005
13.5,5,2,9,1008
13.5,5,2,10,1011
13.5,5,2,11,1014
13.5,5,2,12,1017
13.5,5,2,13,1020
13.5,5,2,14,1023
13.5,5,2,15,1026
13.5,5,3,0,983
13.5,5,3,1,986
13.5,5,3,2,990
13.5,5,3,3,993
13.5,5,3,4,996
13.5,5,3,5,999
13.5,5,3,6,1002
13.5,5,3,7,1005
13.5,5,3,8,1008
13.5,5,3,9,1011
13.5,5,3,10,1014
13.5,5,3,11,1018
13.5,5,3,12,1021
13.5,5,3,13,1024
13.5,5,3,14,1027
13.5,5,3,15,1030
13.5,5,4,0,986
13.5,5,4,1,990
13.5,5,4,2,993
13.5,5,4,3,996
13.5,5,4,4,999
13.5,5,4,5,1002
13.5,5,4,6,1005
13.5,5,4,7,1009
13.5,5,4,8,1012
13.5,5,4,9,1015
13.5,5,4,10,1018
13.5,5,4,11,1021
13.5,5,4,12,1024
13.5,5,4,13,1027
13.5,5,4,14,1030
13.5,5,4,15,1033
13.5,5,5,0,990
13.5,5,5,1,993
13.5,5,5,2,996
13.5,5,5,3,999
13.5,5,5,4,1002
13.5,5,5,5,1006
13.5,5,5,6,1009
13.5,5,5,7,1012
13.5,5,5,8,1015
13.5,5,5,9,1018
13.5,5,5,10,1021
13.5,5,5,11,1024
13.5,5,5,12,1027
13.5,5,5,13,1030
13.5,5,5,14,1033
13.5,5,5,15,1036
13.5,5,6,0,993
13.5,5,6,1,996
13.5,5,6,2,999
13.5,5,6,3,1002
13.5,5,6,4,1006
13.5,5,6,5,1009
13.5,5,6,6,1012
13.5,5,6,7,1015
13.5,5,6,8,1018
13.5,5,6,9,1021
13.5,5,6,10,1024
13.5,5,6,11,1028
13.5,5,6,12,1031
13.5,5,6,13,1034
13.5,5,6,14,1037
13.5,5,6,15,1040
13.5,5,7,0,996
13.5,5,7,1,999
13.5,5,7,2,1003
13.5,5,7,3,1006
13.5,5,7,4,1009
13.5,5,7,5,1012
13.5,5,7,6,1015
13.5,5,7,7,1018
13.5,5,7,8,1021
13.5,5,7,9,1025
13.5,5,7,10,1028
13.5,5,7,11,1031
13.5,5,7,12,1034
13.5,5,7,13,1037
13.5,5,7,14,1040
13.5,5,7,15,1043
13.5,5,8,0,999
13.5,5,8,1,1003
13.5,5,8,2,1006
13.5,5,8,3,1009
13.5,5,8,4,1012
13.5,5,8,5,1015
13.5,5,8,6,1018
13.5,5,8,7,1022
13.5,5,8,8,1025
13.5,5,8,9,1028
13.5,5,8,10,1031
13.5,5,8,11,1034
13.5,5,8,12,1037
13.5,5,8,13,1040
13.5,5,8,14,1043
13.5,5,8,15,1047
13.5,5,9,0,1002
13.5,5,9,1,1006
13.5,5,9,2,1009
13.5,5,9,3,1012
13.5,5,9,4,1015
13.5,5,9,5,1019
13.5,5,9,6,1022
13.5,5,9,7,1025
13.5,5,9,8,1028
13.5,5,9,9,1031
13.5,5,9,10,1034
13.5,5,9,11,1037
13.5,5,9,12,1041
13.5,5,9,13,1044
13.5,5,9,14,1047
13.5,5,9,15,1050
13.5,5,10,0,1006
13.5,5,10,1,1009
13.5,5,10,2,1012
13.5,5,10,3,1015
13.5,5,10,4,1019
13.5,5,10,5,1022
13.5,5,10,6,1025
13.5,5,10,7,1028
13.5,5,10,8,1031
13.5,5,10,9,1034
13.5,5,10,10,1038
13.5,5,10,11,1041
13.5,5,10,12,1044
13.5,5,10,13,1047
13.5,5,10,14,1050
13.5,5,10,15,1053
13.5,5,11,0,1009
13.5,5,11,1,1012
13.5,5,11,2,1015
13.5,5,11,3,1019
13.5,5,11,4,1022
13.5,5,11,5,1025
13.5,5,11,6,1028
13.5,5,11,7,1031
13.5,5,11,8,1035
13.5,5,11,9,1038
13.5,5,11,10,1041
13.5,5,11,11,1044
13.5,5,11,12,1047
13.5,5,11,13,1050
13.5,5,11,14,1053
13.5,5,11,15,1056
13.5,5,12,0,1012
13.5,5,12,1,1015
13.5,5,12,2,1018
13.5,5,12,3,1022
13.5,5,12,4,1025
13.5,5,12,5,1028
13.5,5,12,6,1031
13.5,5,12,7,1035
13.5,5,12,8,1038
13.5,5,12,9,1041
13.5,5,12,10,1044
13.5,5,12,11,1047
13.5,5,12,12,1050
13.5,5,12,13,1054
13.5,5,12,14,1057
13.5,5,12,15,1060
13.5,5,13,0,1015
13.5,5,13,1,1018
13.5,5,13,2,1022
13.5,5,13,3,1025
13.5,5,13,4,1028
13.5,5,13,5,1031
13.5,5,13,6,1035
13.5,5,13,7,1038
13.5,5,13,8,1041
13.5,5,13,9,1044
13.5,5,13,10,1047
13.5,5,13,11,1050
13.5,5,13,12,1054
13.5,5,13,13,1057
13.5,5,13,14,1060
13.5,5,13,15,1063
13.5,5,14,0,1018
13.5,5,14,1,1021
13.5,5,14,2,1025
13.5,5,14,3,1028
13.5,5,14,4,1031
13.5,5,14,5,1035
13.5,5,14,6,1038
13.5,5,14,7,1041
13.5,5,14,8,1044
13.5,5,14,9,1047
13.5,5,14,10,1051
13.5,5,14,11,1054
13.5,5,14,12,1057
13.5,5,14,13,1060
13.5,5,14,14,1063
13.5,5,14,15,1066
13.5,5,15,0,1021
13.5,5,15,1,1025
13.5,5,15,2,1028
13.5,5,15,3,1031
13.5,5,15,4,1034
13.5,5,15,5,1038
13.5,5,15,6,1041
13.5,5,15,7,1044
13.5,5,15,8,1047
13.5,5,15,9,1051
13.5,5,15,10,1054
13.5,5,15,11,1057
13.5,5,15,12,1060
13.5,5,15,13,1063
13.5,5,15,14,1066
13.5,5,15,15,1070
13.5,6,0,0,977
13.5,6,0,1,980
13.5,6,0,2,983
13.5,6,0,3,987
13.5,6,0,4,990
13.5,6,0,5,993
13.5,6,0,6,996
13.5,6,0,7,999
13.5,6,0,8,1002
13.5,6,0,9,1005
13.5,6,0,10,1008
13.5,6,0,11,1011
13.5,6,0,12,1014
13.5,6,0,13,1017
13.5,6,0,14,1020
13.5,6,0,15,1023
13.5,6,1,0,980
13.5,6,1,1,984
13.5,6,1,2,987
13.5,6,1,3,990
13.5,6,1,4,993
13.5,6,1,5,996
13.5,6,1,6,999
13.5,6,1,7,1002
13.5,6,1,8,1005
13.5,6,1,9,1008
13.5,6,1,10,1012
13.5,6,1,11,1015
13.5,6,1,12,1018
13.5,6,1,13,1021
13.5,6,1,14,1024
13.5,6,1,15,1027
13.5,6,2,0,984
13.5,6,2,1,987
13.5,6,2,2,990
13.5,6,2,3,993
13.5,6,2,4,996
13.5,6,2,5,999
13.5,6,2,6,1003
13.5,6,2,7,1006
13.5,6,2,8,1009
13.5,6,2,9,1012
13.5,6,2,10,1015
13.5,6,2,11,1018
13.5,6,2,12,1021
13.5,6,2,13,1024
13.5,6,2,14,1027
13.5,6,2,15,1030
13.5,6,3,0,987
13.5,6,3,1,990
13.5,6,3,2,993
13.5,6,3,3,996
13.5,6,3,4,1000
13.5,6,3,5,1003
13.5,6,3,6,1006
13.5,6,3,7,1009
13.5,6,3,8,1012
13.5,6,3,9,1015
13.5,6,3,10,1018
13.5,6,3,11,1021
13.5,6,3,12,1024
13.5,6,3,13,1028
13.5,6,3,14,1031
13.5,6,3,15,1034
13.5,6,4,0,990
13.5,6,4,1,993
13.5,6,4,2,997
13.5,6,4,3,1000
13.5,6,4,4,1003
13.5,6,4,5,1006
13.5,6,4,6,1009
13.5,6,4,7,1012
13.5,6,4,8,1015
13.5,6,4,9,1019
13.5,6,4,10,1022
13.5,6,4,11,1025
13.5,6,4,12,1028
13.5,6,4,13,1031
13.5,6,4,14,1034
13.5,6,4,15,1037
13.5,6,5,0,993
13.5,6,5,1,997
13.5,6,5,2,1000
13.5,6,5,3,1003
13.5,6,5,4,1006
13.5,6,5,5,1009
13.5,6,5,6,1012
13.5,6,5,7,1016
13.5,6,5,8,1019
13.5,6,5,9,1022
13.5,6,5,10,1025
13.5,6,5,11,1028
13.5,6,5,12,1031
13.5,6,5,13,1034
13.5,6,5,14,1037
13.5,6,5,15,1040
13.5,6,6,0,997
13.5,6,6,1,1000
13.5,6,6,2,1003
13.5,6,6,3,1006
13.5,6,6,4,1009
13.5,6,6,5,1013
13.5,6,6,6,1016
13.5,6,6,7,1019
13.5,6,6,8,1022
13.5,6,6,9,1025
13.5,6,6,10,1028
13.5,6,6,11,1031
13.5,6,6,12,1035
13.5,6,6,13,1038
13.5,6,6,14,1041
13.5,6,6,15,1044
13.5,6,7,0,1000
13.5,6,7,1,1003
13.5,6,7,2,1006
13.5,6,7,3,1009
13.5,6,7,4,1013
13.5,6,7,5,1016
13.5,6,7,6,1019
13.5,6,7,7,1022
13.5,6,7,8,1025
13.5,6,7,9,1028
13.5,6,7,10,1032
13.5,6,7,11,1035
13.5,6,7,12,1038
13.5,6,7,13,1041
13.5,6,7,14,1044
13.5,6,7,15,1047
13.5,6,8,0,1003
13.5,6,8,1,1006
13.5,6,8,2,1009
13.5,6,8,3,1013
13.5,6,8,4,1016
13.5,6,8,5,1019
13.5,6,8,6,1022
13.5,6,8,7,1025
13.5,6,8,8,1029
13.5,6,8,9,1032
13.5,6,8,10,1035
13.5,6,8,11,1038
13.5,6,8,12,1041
13.5,6,8,13,1044
13.5,6,8,14,1047
13.5,6,8,15,1050
13.5,6,9,0,1006
13.5,6,9,1,1009
13.5,6,9,2,1013
13.5,6,9,3,1016
13.5,6,9,4,1019
13.5,6,9,5,1022
13.5,6,9,6,1026
13.5,6,9,7,1029
13.5,6,9,8,1032
13.5,6,9,9,1035
13.5,6,9,10,1038
13.5,6,9,11,1041
13.5,6,9,12,1044
13.5,6,9,13,1048
13.5,6,9,14,1051
13.5,6,9,15,1054
13.5,6,10,0,1009
13.5,6,10,1,1013
13.5,6,10,2,1016
13.5,6,10,3,1019
13.5,6,10,4,1022
13.5,6,10,5,1026
13.5,6,10,6,1029
13.5,6,10,7,1032
13.5,6,10,8,1035
13.5,6,10,9,1038
13.5,6,10,10,1041
13.5,6,10,11,1045
13.5,6,10,12,1048
13.5,6,10,13,1051
13.5,6,10,14,1054
13.5,6,10,15,1057
13.5,6,11,0,1013
13.5,6,11,1,1016
13.5,6,11,2,1019
13.5,6,11,3,1022
13.5,6,11,4,1026
13.5,6,11,5,1029
13.5,6,11,6,1032
13.5,6,11,7,1035
13.5,6,11,8,1038
13.5,6,11,9,1042
13.5,6,11,10,1045
13.5,6,11,11,1048
13.5,6,11,12,1051
13.5,6,11,13,1054
13.5,6,11,14,1057
13.5,6,11,15,1060
13.5,6,12,0,1016
13.5,6,12,1,1019
13.5,6,12,2,1022
13.5,6,12,3,1026
13.5,6,12,4,1029
13.5,6,12,5,1032
13.5,6,12,6,1035
13.5,6,12,7,1038
13.5,6,12,8,1042
13.5,6,12,9,1045
13.5,6,12,10,1048
13.5,6,12,11,1051
13.5,6,12,12,1054
13.5,6,12,13,1058
13.5,6,12,14,1061
13.5,6,12,15,1064
13.5,6,13,0,1019
13.5,6,13,1,1022
13.5,6,13,2,1025
13.5,6,13,3,1029
13.5,6,13,4,1032
13.5,6,13,5,1035
13.5,6,13,6,1038
13.5,6,13,7,1042
13.5,6,13,8,1045
13.5,6,13,9,1048
13.5,6,13,10,1051
13.5,6,13,11,1054
13.5,6,13,12,1058
13.5,6,13,13,1061
13.5,6,13,14,1064
13.5,6,13,15,1067
13.5,6,14,0,1022
13.5,6,14,1,1025
13.5,6,14,2,1029
13.5,6,14,3,1032
13.5,6,14,4,1035
13.5,6,14,5,1038
13.5,6,14,6,1042
13.5,6,14,7,1045
13.5,6,14,8,1048
13.5,6,14,9,1051
13.5,6,14,10,1055
13.5,6,14,11,1058
13.5,6,14,12,1061
13.5,6,14,13,1064
13.5,6,14,14,1067
13.5,6,14,15,1070
13.5,6,15,0,1025
13.5,6,15,1,1028
13.5,6,15,2,1032
13.5,6,15,3,1035
13.5,6,15,4,1038
13.5,6,15,5,1042
13.5,6,15,6,1045
13.5,6,15,7,1048
13.5,6,15,8,1051
13.5,6,15,9,1055
13.5,6,15,10,1058
13.5,6,15,11,1061
13.5,6,15,12,1064
13.5,6,15,13,1067
13.5,6,15,14,1070
13.5,6,15,15,1074
13.5,7,0,0,981
13.5,7,0,1,984
13.5,7,0,2,987
13.5,7,0,3,990
13.5,7,0,4,993
13.5,7,0,5,997
13.5,7,0,6,1000
13.5,7,0,7,1003
13.5,7,0,8,1006
13.5,7,0,9,1009
13.5,7,0,10,1012
13.5,7,0,11,1015
13.5,7,0,12,1018
13.5,7,0,13,1021
13.5,7,0,14,1024
13.5,7,0,15,1027
13.5,7,1,0,984
13.5,7,1,1,987
13.5,7,1,2,990
13.5,7,1,3,994
13.5,7,1,4,997
13.5,7,1,5,1000
13.5,7,1,6,1003
13.5,7,1,7,1006
13.5,7,1,8,1009
13.5,7,1,9,1012
13.5,7,1,10,1015
13.5,7,1,11,1018
13.5,7,1,12,1021
13.5,7,1,13,1025
13.5,7,1,14,1028
13.5,7,1,15,1031
13.5,7,2,0,987
13.5,7,2,1,991
13.5,7,2,2,994
13.5,7,2,3,997
13.5,7,2,4,1000
13.5,7,2,5,1003
13.5,7,2,6,1006
13.5,7,2,7,1009
13.5,7,2,8,1013
13.5,7,2,9,1016
13.5,7,2,10,1019
13.5,7,2,11,1022
13.5,7,2,12,1025
13.5,7,2,13,1028
13.5,7,2,14,1031
13.5,7,2,15,1034
13.5,7,3,0,991
13.5,7,3,1,994
13.5,7,3,2,997
13.5,7,3,3,1000
13.5,7,3,4,1003
13.5,7,3,5,1006
13.5,7,3,6,1010
13.5,7,3,7,1013
13.5,7,3,8,1016
13.5,7,3,9,1019
13.5,7,3,10,1022
13.5,7,3,11,1025
13.5,7,3,12,1028
13.5,7,3,13,1031
13.5,7,3,14,1034
13.5,7,3,15,1037
13.5,7,4,0,994
13.5,7,4,1,997
13.5,7,4,2,1000
13.5,7,4,3,1003
13.5,7,4,4,1007
13.5,7,4,5,1010
13.5,7,4,6,1013
13.5,7,4,7,1016
13.5,7,4,8,1019
13.5,7,4,9,1022
13.5,7,4,10,1025
13.5,7,4,11,1029
13.5,7,4,12,1032
13.5,7,4,13,1035
13.5,7,4,14,1038
13.5,7,4,15,1041
13.5,7,5,0,997
13.5,7,5,1,1000
13.5,7,5,2,1004
13.5,7,5,3,1007
13.5,7,5,4,1010
13.5,7,5,5,1013
13.5,7,5,6,1016
13.5,7,5,7,1019
13.5,7,5,8,1023
13.5,7,5,9,1026
13.5,7,5,10,1029
13.5,7,5,11,1032
13.5,7,5,12,1035
13.5,7,5,13,1038
13.5,7,5,14,1041
13.5,7,5,15,1044
13.5,7,6,0,1000
13.5,7,6,1,1004
13.5,7,6,2,1007
13.5,7,6,3,1010
13.5,7,6,4,1013
13.5,7,6,5,1016
13.5,7,6,6,1020
13.5,7,6,7,1023
13.5,7,6,8,1026
13.5,7,6,9,1029
13.5,7,6,10,1032
13.5,7,6,11,1035
13.5,7,6,12,1038
13.5,7,6,13,1041
13.5,7,6,14,1045
13.5,7,6,15,1048
13.5,7,7,0,1004
13.5,7,7,1,1007
13.5,7,7,2,1010
13.5,7,7,3,1013
13.5,7,7,4,1016
13.5,7,7,5,1020
13.5,7,7,6,1023
13.5,7,7,7,1026
13.5,7,7,8,1029
13.5,7,7,9,1032
13.5,7,7,10,1035
13.5,7,7,11,1039
13.5,7,7,12,1042
13.5,7,7,13,1045
13.5,7,7,14,1048
13.5,7,7,15,1051
13.5,7,8,0,1007
13.5,7,8,1,1010
13.5,7,8,2,1013
13.5,7,8,3,1017
13.5,7,8,4,1020
13.5,7,8,5,1023
13.5,7,8,6,1026
13.5,7,8,7,1029
13.5,7,8,8,1032
13.5,7,8,9,1036
13.5,7,8,10,1039
13.5,7,8,11,1042
13.5,7,8,12,1045
13.5,7,8,13,1048
13.5,7,8,14,1051
13.5,7,8,15,1054
13.5,7,9,0,1010
13.5,7,9,1,1013
13.5,7,9,2,1017
13.5,7,9,3,1020
13.5,7,9,4,1023
13.5,7,9,5,1026
13.5,7,9,6,1029
13.5,7,9,7,1033
13.5,7,9,8,1036
13.5,7,9,9,1039
13.5,7,9,10,1042
13.5,7,9,11,1045
13.5,7,9,12,1048
13.5,7,9,13,1052
13.5,7,9,14,1055
13.5,7,9,15,1058
13.5,7,10,0,1013
13.5,7,10,1,1016
13.5,7,10,2,1020
13.5,7,10,3,1023
13.5,7,10,4,1026
13.5,7,10,5,1029
13.5,7,10,6,1033
13.5,7,10,7,1036
13.5,7,10,8,1039
13.5,7,10,9,1042
13.5,7,10,10,1045
13.5,7,10,11,1049
13.5,7,10,12,1052
13.5,7,10,13,1055
13.5,7,10,14,1058
13.5,7,10,15,1061
13.5,7,11,0,1016
13.5,7,11,1,1020
13.5,7,11,2,1023
13.5,7,11,3,1026
13.5,7,11,4,1029
13.5,7,11,5,1033
13.5,7,11,6,1036
13.5,7,11,7,1039
13.5,7,11,8,1042
13.5,7,11,9,1045
13.5,7,11,10,1049
13.5,7,11,11,1052
13.5,7,11,12,1055
13.5,7,11,13,1058
13.5,7,11,14,1061
13.5,7,11,15,1064
13.5,7,12,0,1020
13.5,7,12,1,1023
13.5,7,12,2,1026
13.5,7,12,3,1029
13.5,7,12,4,1033
13.5,7,12,5,1036
13.5,7,12,6,1039
13.5,7,12,7,1042
13.5,7,12,8,1046
13.5,7,12,9,1049
13.5,7,12,10,1052
13.5,7,12,11,1055
13.5,7,12,12,1058
13.5,7,12,13,1061
13.5,7,12,14,1065
13.5,7,12,15,1068
13.5,7,13,0,1023
13.5,7,13,1,1026
13.5,7,13,2,1029
13.5,7,13,3,1033
13.5,7,13,4,1036
13.5,7,13,5,1039
13.5,7,13,6,1042
13.5,7,13,7,1046
13.5,7,13,8,1049
13.5,7,13,9,1052
13.5,7,13,10,1055
13.5,7,13,11,1058
13.5,7,13,12,1062
13.5,7,13,13,1065
13.5,7,13,14,1068
13.5,7,13,15,1071
13.5,7,14,0,1026
13.5,7,14,1,1029
13.5,7,14,2,1032
13.5,7,14,3,1036
13.5,7,14,4,1039
13.5,7,14,5,1042
13.5,7,14,6,1046
13.5,7,14,7,1049
13.5,7,14,8,1052
13.5,7,14,9,1055
13.5,7,14,10,1058
13.5,7,14,11,1062
13.5,7,14,12,1065
13.5,7,14,13,1068
13.5,7,14,14,1071
13.5,7,14,15,1074
13.5,7,15,0,1029
13.5,7,15,1,1032
13.5,7,15,2,1036
13.5,7,15,3,1039
13.5,7,15,4,1042
13.5,7,15,5,1045
13.5,7,15,6,1049
13.5,7,15,7,1052
13.5,7,15,8,1055
13.5,7,15,9,1058
13.5,7,15,10,1062
13.5,7,15,11,1065
13.5,7,15,12,1068
13.5,7,15,13,1071
13.5,7,15,14,1074
13.5,7,15,15,1078
13.5,8,0,0,984
13.5,8,0,1,988
13.5,8,0,2,991
13.5,8,0,3,994
13.5,8,0,4,997
13.5,8,0,5,1000
13.5,8,0,6,1003
13.5,8,0,7,1006
13.5,8,0,8,1010
13.5,8,0,9,1013
13.5,8,0,10,1016
13.5,8,0,11,1019
13.5,8,0,12,1022
13.5,8,0,13,1025
13.5,8,0,14,1028
13.5,8,0,15,1031
13.5,8,1,0,988
13.5,8,1,1,991
13.5,8,1,2,994
13.5,8,1,3,997
13.5,8,1,4,1000
13.5,8,1,5,1004
13.5,8,1,6,1007
13.5,8,1,7,1010
13.5,8,1,8,1013
13.5,8,1,9,1016
13.5,8,1,10,1019
13.5,8,1,11,1022
13.5,8,1,12,1025
13.5,8,1,13,1028
13.5,8,1,14,1031
13.5,8,1,15,1034
13.5,8,2,0,991
13.5,8,2,1,994
13.5,8,2,2,997
13.5,8,2,3,1001
13.5,8,2,4,1004
13.5,8,2,5,1007
13.5,8,2,6,1010
13.5,8,2,7,1013
13.5,8,2,8,1016
13.5,8,2,9,1019
13.5,8,2,10,1023
13.5,8,2,11,1026
13.5,8,2,12,1029
13.5,8,2,13,1032
13.5,8,2,14,1035
13.5,8,2,15,1038
13.5,8,3,0,994
13.5,8,3,1,998
13.5,8,3,2,1001
13.5,8,3,3,1004
13.5,8,3,4,1007
13.5,8,3,5,1010
13.5,8,3,6,1013
13.5,8,3,7,1017
13.5,8,3,8,1020
13.5,8,3,9,1023
13.5,8,3,10,1026
13.5,8,3,11,1029
13.5,8,3,12,1032
13.5,8,3,13,1035
13.5,8,3,14,1038
13.5,8,3,15,1041
13.5,8,4,0,998
13.5,8,4,1,1001
13.5,8,4,2,1004
13.5,8,4,3,1007
13.5,8,4,4,1010
13.5,8,4,5,1014
13.5,8,4,6,1017
13.5,8,4,7,1020
13.5,8,4,8,1023
13.5,8,4,9,1026
13.5,8,4,10,1029
13.5,8,4,11,1032
13.5,8,4,12,1036
13.5,8,4,13,1039
13.5,8,4,14,1042
13.5,8,4,15,1045
13.5,8,5,0,1001
13.5,8,5,1,1004
13.5,8,5,2,1007
13.5,8,5,3,1010
13.5,8,5,4,1014
13.5,8,5,5,1017
13.5,8,5,6,1020
13.5,8,5,7,1023
13.5,8,5,8,1026
13.5,8,5,9,1030
13.5,8,5,10,1033
13.5,8,5,11,1036
13.5,8,5,12,1039
13.5,8,5,13,1042
13.5,8,5,14,1045
13.5,8,5,15,1048
13.5,8,6,0,1004
13.5,8,6,1,1007
13.5,8,6,2,1011
13.5,8,6,3,1014
13.5,8,6,4,1017
13.5,8,6,5,1020
13.5,8,6,6,1023
13.5,8,6,7,1027
13.5,8,6,8,1030
13.5,8,6,9,1033
13.5,8,6,10,1036
13.5,8,6,11,1039
13.5,8,6,12,1042
13.5,8,6,13,1045
13.5,8,6,14,1048
13.5,8,6,15,1052
13.5,8,7,0,1007
13.5,8,7,1,1011
13.5,8,7,2,1014
13.5,8,7,3,1017
13.5,8,7,4,1020
13.5,8,7,5,1023
13.5,8,7,6,1027
13.5,8,7,7,1030
13.5,8,7,8,1033
13.5,8,7,9,1036
13.5,8,7,10,1039
13.5,8,7,11,1042
13.5,8,7,12,1046
13.5,8,7,13,1049
13.5,8,7,14,1052
13.5,8,7,15,1055
13.5,8,8,0,1011
13.5,8,8,1,1014
13.5,8,8,2,1017
13.5,8,8,3,1020
13.5,8,8,4,1024
13.5,8,8,5,1027
13.5,8,8,6,1030
13.5,8,8,7,1033
13.5,8,8,8,1036
13.5,8,8,9,1039
13.5,8,8,10,1043
13.5,8,8,11,1046
13.5,8,8,12,1049
13.5,8,8,13,1052
13.5,8,8,14,1055
13.5,8,8,15,1058
13.5,8,9,0,1014
13.5,8,9,1,1017
13.5,8,9,2,1020
13.5,8,9,3,1024
13.5,8,9,4,1027
13.5,8,9,5,1030
13.5,8,9,6,1033
13.5,8,9,7,1036
13.5,8,9,8,1040
13.5,8,9,9,1043
13.5,8,9,10,1046
13.5,8,9,11,1049
13.5,8,9,12,1052
13.5,8,9,13,1055
13.5,8,9,14,1059
13.5,8,9,15,1062
13.5,8,10,0,1017
13.5,8,10,1,1020
13.5,8,10,2,1024
13.5,8,10,3,1027
13.5,8,10,4,1030
13.5,8,10,5,1033
13.5,8,10,6,1036
13.5,8,10,7,1040
13.5,8,10,8,1043
13.5,8,10,9,1046
13.5,8,10,10,1049
13.5,8,10,11,1052
13.5,8,10,12,1056
13.5,8,10,13,1059
13.5,8,10,14,1062
13.5,8,10,15,1065
13.5,8,11,0,1020
13.5,8,11,1,1023
13.5,8,11,2,1027
13.5,8,11,3,1030
13.5,8,11,4,1033
13.5,8,11,5,1037
13.5,8,11,6,1040
13.5,8,11,7,1043
13.5,8,11,8,1046
13.5,8,11,9,1049
13.5,8,11,10,1053
13.5,8,11,11,1056
13.5,8,11,12,1059
13.5,8,11,13,1062
13.5,8,11,14,1065
13.5,8,11,15,1068
13.5,8,12,0,1023
13.5,8,12,1,1027
13.5,8,12,2,1030
13.5,8,12,3,1033
13.5,8,12,4,1036
13.5,8,12,5,1040
13.5,8,12,6,1043
13.5,8,12,7,1046
13.5,8,12,8,1049
13.5,8,12,9,1053
13.5,8,12,10,1056
13.5,8,12,11,1059
13.5,8,12,12,1062
13.5,8,12,13,1065
13.5,8,12,14,1069
13.5,8,12,15,1072
13.5,8,13,0,1027
13.5,8,13,1,1030
13.5,8,13,2,1033
13.5,8,13,3,1036
13.5,8,13,4,1040
13.5,8,13,5,1043
13.5,8,13,6,1046
13.5,8,13,7,1049
13.5,8,13,8,1053
13.5,8,13,9,1056
13.5,8,13,10,1059
13.5,8,13,11,1062
13.5,8,13,12,1066
13.5,8,13,13,1069
13.5,8,13,14,1072
13.5,8,13,15,1075
13.5,8,14,0,1030
13.5,8,14,1,1033
13.5,8,14,2,1036
13.5,8,14,3,1040
13.5,8,14,4,1043
13.5,8,14,5,1046
13.5,8,14,6,1049
13.5,8,14,7,1053
13.5,8,14,8,1056
13.5,8,14,9,1059
13.5,8,14,10,1062
13.5,8,14,11,1066
13.5,8,14,12,1069
13.5,8,14,13,1072
13.5,8,14,14,1075
13.5,8,14,15,1078
13.5,8,15,0,1033
13.5,8,15,1,1036
13.5,8,15,2,1039
13.5,8,15,3,1043
13.5,8,15,4,1046
13.5,8,15,5,1049
13.5,8,15,6,1053
13.5,8,15,7,1056
13.5,8,15,8,1059
13.5,8,15,9,1062
13.5,8,15,10,1066
13.5,8,15,11,1069
13.5,8,15,12,1072
13.5,8,15,13,1075
13.5,8,15,14,1079
13.5,8,15,15,1082
13.5,9,0,0,988
13.5,9,0,1,991
13.5,9,0,2,994
13.5,9,0,3,998
13.5,9,0,4,1001
13.5,9,0,5,1004
13.5,9,0,6,1007
13.5,9,0,7,1010
13.5,9,0,8,1013
13.5,9,0,9,1016
13.5,9,0,10,1020
13.5,9,0,11,1023
13.5,9,0,12,1026
13.5,9,0,13,1029
13.5,9,0,14,1032
13.5,9,0,15,1035
13.5,9,1,0,991
13.5,9,1,1,995
13.5,9,1,2,998
13.5,9,1,3,1001
13.5,9,1,4,1004
13.5,9,1,5,1007
13.5,9,1,6,1010
13.5,9,1,7,1014
13.5,9,1,8,1017
13.5,9,1,9,1020
13.5,9,1,10,1023
13.5,9,1,11,1026
13.5,9,1,12,1029
13.5,9,1,13,1032
13.5,9,1,14,1035
13.5,9,1,15,1038
13.5,9,2,0,995
13.5,9,2,1,998
13.5,9,2,2,1001
13.5,9,2,3,1004
13.5,9,2,4,1007
13.5,9,2,5,1011
13.5,9,2,6,1014
13.5,9,2,7,1017
13.5,9,2,8,1020
13.5,9,2,9,1023
13.5,9,2,10,1026
13.5,9,2,11,1029
13.5,9,2,12,1033
13.5,9,2,13,1036
13.5,9,2,14,1039
13.5,9,2,15,1042
13.5,9,3,0,998
13.5,9,3,1,1001
13.5,9,3,2,1004
13.5,9,3,3,1008
13.5,9,3,4,1011
13.5,9,3,5,1014
13.5,9,3,6,1017
13.5,9,3,7,1020
13.5,9,3,8,1023
13.5,9,3,9,1027
13.5,9,3,10,1030
13.5,9,3,11,1033
13.5,9,3,12,1036
13.5,9,3,13,1039
13.5,9,3,14,1042
13.5,9,3,15,1045
13.5,9,4,0,1001
13.5,9,4,1,1005
13.5,9,4,2,1008
13.5,9,4,3,1011
13.5,9,4,4,1014
13.5,9,4,5,1017
13.5,9,4,6,1021
13.5,9,4,7,1024
13.5,9,4,8,1027
13.5,9,4,9,1030
13.5,9,4,10,1033
13.5,9,4,11,1036
13.5,9,4,12,1039
13.5,9,4,13,1042
13.5,9,4,14,1046
13.5,9,4,15,1049
13.5,9,5,0,1005
13.5,9,5,1,1008
13.5,9,5,2,1011
13.5,9,5,3,1014
13.5,9,5,4,1017
13.5,9,5,5,1021
13.5,9,5,6,1024
13.5,9,5,7,1027
13.5,9,5,8,1030
13.5,9,5,9,1033
13.5,9,5,10,1036
13.5,9,5,11,1040
13.5,9,5,12,1043
13.5,9,5,13,1046
13.5,9,5,14,1049
13.5,9,5,15,1052
13.5,9,6,0,1008
13.5,9,6,1,1011
13.5,9,6,2,1014
13.5,9,6,3,1018
13.5,9,6,4,1021
13.5,9,6,5,1024
13.5,9,6,6,1027
13.5,9,6,7,1030
13.5,9,6,8,1034
13.5,9,6,9,1037
13.5,9,6,10,1040
13.5,9,6,11,1043
13.5,9,6,12,1046
13.5,9,6,13,1049
13.5,9,6,14,1052
13.5,9,6,15,1055
13.5,9,7,0,1011
13.5,9,7,1,1014
13.5,9,7,2,1018
13.5,9,7,3,1021
13.5,9,7,4,1024
13.5,9,7,5,1027
13.5,9,7,6,1030
13.5,9,7,7,1034
13.5,9,7,8,1037
13.5,9,7,9,1040
13.5,9,7,10,1043
13.5,9,7,11,1046
13.5,9,7,12,1050
13.5,9,7,13,1053
13.5,9,7,14,1056
13.5,9,7,15,1059
13.5,9,8,0,1014
13.5,9,8,1,1018
13.5,9,8,2,1021
13.5,9,8,3,1024
13.5,9,8,4,1027
13.5,9,8,5,1031
13.5,9,8,6,1034
13.5,9,8,7,1037
13.5,9,8,8,1040
13.5,9,8,9,1043
13.5,9,8,10,1047
13.5,9,8,11,1050
13.5,9,8,12,1053
13.5,9,8,13,1056
13.5,9,8,14,1059
13.5,9,8,15,1062
13.5,9,9,0,1018
13.5,9,9,1,1021
13.5,9,9,2,1024
13.5,9,9,3,1027
13.5,9,9,4,1031
13.5,9,9,5,1034
13.5,9,9,6,1037
13.5,9,9,7,1040
13.5,9,9,8,1043
13.5,9,9,9,1047
13.5,9,9,10,1050
13.5,9,9,11,1053
13.5,9,9,12,1056
13.5,9,9,13,1059
13.5,9,9,14,1063
13.5,9,9,15,1066
13.5,9,10,0,1021
13.5,9,10,1,1024
13.5,9,10,2,1027
13.5,9,10,3,1031
13.5,9,10,4,1034
13.5,9,10,5,1037
13.5,9,10,6,1040
13.5,9,10,7,1044
13.5,9,10,8,1047
13.5,9,10,9,1050
13.5,9,10,10,1053
13.5,9,10,11,1056
13.5,9,10,12,1060
13.5,9,10,13,1063
13.5,9,10,14,1066
13.5,9,10,15,1069
13.5,9,11,0,1024
13.5,9,11,1,1027
13.5,9,11,2,1031
13.5,9,11,3,1034
13.5,9,11,4,1037
13.5,9,11,5,1040
13.5,9,11,6,1044
13.5,9,11,7,1047
13.5,9,11,8,1050
13.5,9,11,9,1053
13.5,9,11,10,1056
13.5,9,11,11,1060
13.5,9,11,12,1063
13.5,9,11,13,1066
13.5,9,11,14,1069
13.5,9,11,15,1072
13.5,9,12,0,1027
13.5,9,12,1,1030
13.5,9,12,2,1034
13.5,9,12,3,1037
13.5,9,12,4,1040
13.5,9,12,5,1044
13.5,9,12,6,1047
13.5,9,12,7,1050
13.5,9,12,8,1053
13.5,9,12,9,1057
13.5,9,12,10,1060
13.5,9,12,11,1063
13.5,9,12,12,1066
13.5,9,12,13,1069
13.5,9,12,14,1073
13.5,9,12,15,1076
13.5,9,13,0,1030
13.5,9,13,1,1034
13.5,9,13,2,1037
13.5,9,13,3,1040
13.5,9,13,4,1044
13.5,9,13,5,1047
13.5,9,13,6,1050
13.5,9,13,7,1053
13.5,9,13,8,1057
13.5,9,13,9,1060
13.5,9,13,10,1063
13.5,9,13,11,1066
13.5,9,13,12,1070
13.5,9,13,13,1073
13.5,9,13,14,1076
13.5,9,13,15,1079
13.5,9,14,0,1034
13.5,9,14,1,1037
13.5,9,14,2,1040
13.5,9,14,3,1043
13.5,9,14,4,1047
13.5,9,14,5,1050
13.5,9,14,6,1053
13.5,9,14,7,1057
13.5,9,14,8,1060
13.5,9,14,9,1063
13.5,9,14,10,1066
13.5,9,14,11,1070
13.5,9,14,12,1073
13.5,9,14,13,1076
13.5,9,14,14,1079
13.5,9,14,15,1082
13.5,9,15,0,1037
13.5,9,15,1,1040
13.5,9,15,2,1043
13.5,9,15,3,1047
13.5,9,15,4,1050
13.5,9,15,5,1053
13.5,9,15,6,1057
13.5,9,15,7,1060
13.5,9,15,8,1063
13.5,9,15,9,1066
13.5,9,15,10,1070
13.5,9,15,11,1073
13.5,9,15,12,1076
13.5,9,15,13,1079
13.5,9,15,14,1083
13.5,9,15,15,1086
13.5,10,0,0,992
13.5,10,0,1,995
13.5,10,0,2,998
13.5,10,0,3,1001
13.5,10,0,4,1005
13.5,10,0,5,1008
13.5,10,0,6,1011
13.5,10,0,7,1014
13.5,10,0,8,1017
13.5,10,0,9,1020
13.5,10,0,10,1023
13.5,10,0,11,1026
13.5,10,0,12,1029
13.5,10,0,13,1033
13.5,10,0,14,1036
13.5,10,0,15,1039
13.5,10,1,0,995
13.5,10,1,1,998
13.5,10,1,2,1002
13.5,10,1,3,1005
13.5,10,1,4,1008
13.5,10,1,5,1011
13.5,10,1,6,1014
13.5,10,1,7,1017
13.5,10,1,8,1020
13.5,10,1,9,1024
13.5,10,1,10,1027
13.5,10,1,11,1030
13.5,10,1,12,1033
13.5,10,1,13,1036
13.5,10,1,14,1039
13.5,10,1,15,1042
13.5,10,2,0,998
13.5,10,2,1,1002
13.5,10,2,2,1005
13.5,10,2,3,1008
13.5,10,2,4,1011
13.5,10,2,5,1014
13.5,10,2,6,1018
13.5,10,2,7,1021
13.5,10,2,8,1024
13.5,10,2,9,1027
13.5,10,2,10,1030
13.5,10,2,11,1033
13.5,10,2,12,1036
13.5,10,2,13,1039
13.5,10,2,14,1043
13.5,10,2,15,1046
13.5,10,3,0,1002
13.5,10,3,1,1005
13.5,10,3,2,1008
13.5,10,3,3,1011
13.5,10,3,4,1015
13.5,10,3,5,1018
13.5,10,3,6,1021
13.5,10,3,7,1024
13.5,10,3,8,1027
13.5,10,3,9,1030
13.5,10,3,10,1034
13.5,10,3,11,1037
13.5,10,3,12,1040
13.5,10,3,13,1043
13.5,10,3,14,1046
13.5,10,3,15,1049
13.5,10,4,0,1005
13.5,10,4,1,1008
13.5,10,4,2,1011
13.5,10,4,3,1015
13.5,10,4,4,1018
13.5,10,4,5,1021
13.5,10,4,6,1024
13.5,10,4,7,1027
13.5,10,4,8,1031
13.5,10,4,9,1034
13.5,10,4,10,1037
13.5,10,4,11,1040
13.5,10,4,12,1043
13.5,10,4,13,1046
13.5,10,4,14,1049
13.5,10,4,15,1053
13.5,10,5,0,1008
13.5,10,5,1,1012
13.5,10,5,2,1015
13.5,10,5,3,1018
13.5,10,5,4,1021
13.5,10,5,5,1024
13.5,10,5,6,1028
13.5,10,5,7,1031
13.5,10,5,8,1034
13.5,10,5,9,1037
13.5,10,5,10,1040
13.5,10,5,11,1043
13.5,10,5,12,1047
13.5,10,5,13,1050
13.5,10,5,14,1053
13.5,10,5,15,1056
13.5,10,6,0,1012
13.5,10,6,1,1015
13.5,10,6,2,1018
13.5,10,6,3,1021
13.5,10,6,4,1025
13.5,10,6,5,1028
13.5,10,6,6,1031
13.5,10,6,7,1034
13.5,10,6,8,1037
13.5,10,6,9,1041
13.5,10,6,10,1044
13.5,10,6,11,1047
13.5,10,6,12,1050
13.5,10,6,13,1053
13.5,10,6,14,1056
13.5,10,6,15,1059
13.5,10,7,0,1015
13.5,10,7,1,1018
13.5,10,7,2,1021
13.5,10,7,3,1025
13.5,10,7,4,1028
13.5,10,7,5,1031
13.5,10,7,6,1034
13.5,10,7,7,1037
13.5,10,7,8,1041
13.5,10,7,9,1044
13.5,10,7,10,1047
13.5,10,7,11,1050
13.5,10,7,12,1053
13.5,10,7,13,1057
13.5,10,7,14,1060
13.5,10,7,15,1063
13.5,10,8,0,1018
13.5,10,8,1,1021
13.5,10,8,2,1025
13.5,10,8,3,1028
13.5,10,8,4,1031
13.5,10,8,5,1034
13.5,10,8,6,1038
13.5,10,8,7,1041
13.5,10,8,8,1044
13.5,10,8,9,1047
13.5,10,8,10,1050
13.5,10,8,11,1054
13.5,10,8,12,1057
13.5,10,8,13,1060
13.5,10,8,14,1063
13.5,10,8,15,1066
13.5,10,9,0,1021
13.5,10,9,1,1025
13.5,10,9,2,1028
13.5,10,9,3,1031
13.5,10,9,4,1034
13.5,10,9,5,1038
13.5,10,9,6,1041
13.5,10,9,7,1044
13.5,10,9,8,1047
13.5,10,9,9,1051
13.5,10,9,10,1054
13.5,10,9,11,1057
13.5,10,9,12,1060
13.5,10,9,13,1063
13.5,10,9,14,1066
13.5,10,9,15,1070
13.5,10,10,0,1025
13.5,10,10,1,1028
13.5,10,10,2,1031
13.5,10,10,3,1034
13.5,10,10,4,1038
13.5,10,10,5,1041
13.5,10,10,6,1044
13.5,10,10,7,1047
13.5,10,10,8,1051
13.5,10,10,9,1054
13.5,10,10,10,1057
13.5,10,10,11,1060
13.5,10,10,12,1063
13.5,10,10,13,1067
13.5,10,10,14,1070
13.5,10,10,15,1073
13.5,10,11,0,1028
13.5,10,11,1,1031
13.5,10,11,2,1034
13.5,10,11,3,1038
13.5,10,11,4,1041
13.5,10,11,5,1044
13.5,10,11,6,1047
13.5,10,11,7,1051
13.5,10,11,8,1054
13.5,10,11,9,1057
13.5,10,11,10,1060
13.5,10,11,11,1064
13.5,10,11,12,1067
13.5,10,11,13,1070
13.5,10,11,14,1073
13.5,10,11,15,1076
13.5,10,12,0,1031
13.5,10,12,1,1034
13.5,10,12,2,1038
13.5,10,12,3,1041
13.5,10,12,4,1044
13.5,10,12,5,1047
13.5,10,12,6,1051
13.5,10,12,7,1054
13.5,10,12,8,1057
13.5,10,12,9,1060
13.5,10,12,10,1064
13.5,10,12,11,1067
13.5,10,12,12,1070
13.5,10,12,13,1073
13.5,10,12,14,1077
13.5,10,12,15,1080
13.5,10,13,0,1034
13.5,10,13,1,1037
13.5,10,13,2,1041
13.5,10,13,3,1044
13.5,10,13,4,1047
13.5,10,13,5,1051
13.5,10,13,6,1054
13.5,10,13,7,1057
13.5,10,13,8,1061
13.5,10,13,9,1064
13.5,10,13,10,1067
13.5,10,13,11,1070
13.5,10,13,12,1073
13.5,10,13,13,1077
13.5,10,13,14,1080
13.5,10,13,15,1083
13.5,10,14,0,1037
13.5,10,14,1,1041
13.5,10,14,2,1044
13.5,10,14,3,1047
13.5,10,14,4,1051
13.5,10,14,5,1054
13.5,10,14,6,1057
13.5,10,14,7,1061
13.5,10,14,8,1064
13.5,10,14,9,1067
13.5,10,14,10,1070
13.5,10,14,11,1074
13.5,10,14,12,1077
13.5,10,14,13,1080
13.5,10,14,14,1083
13.5,10,14,15,1086
13.5,10,15,0,1041
13.5,10,15,1,1044
13.5,10,15,2,1047
13.5,10,15,3,1051
13.5,10,15,4,1054
13.5,10,15,5,1057
13.5,10,15,6,1060
13.5,10,15,7,1064
13.5,10,15,8,1067
13.5,10,15,9,1070
13.5,10,15,10,1074
13.5,10,15,11,1077
13.5,10,15,12,1080
13.5,10,15,13,1083
13.5,10,15,14,1087
13.5,10,15,15,1090
13.5,11,0,0,995
13.5,11,0,1,999
13.5,11,0,2,1002
13.5,11,0,3,1005
13.5,11,0,4,1008
13.5,11,0,5,1011
13.5,11,0,6,1015
13.5,11,0,7,1018
13.5,11,0,8,1021
13.5,11,0,9,1024
13.5,11,0,10,1027
13.5,11,0,11,1030
13.5,11,0,12,1033
13.5,11,0,13,1036
13.5,11,0,14,1039
13.5,11,0,15,1043
13.5,11,1,0,999
13.5,11,1,1,1002
13.5,11,1,2,1005
13.5,11,1,3,1008
13.5,11,1,4,1012
13.5,11,1,5,1015
13.5,11,1,6,1018
13.5,11,1,7,1021
13.5,11,1,8,1024
13.5,11,1,9,1027
13.5,11,1,10,1031
13.5,11,1,11,1034
13.5,11,1,12,1037
13.5,11,1,13,1040
13.5,11,1,14,1043
13.5,11,1,15,1046
13.5,11,2,0,1002
13.5,11,2,1,1005
13.5,11,2,2,1009
13.5,11,2,3,1012
13.5,11,2,4,1015
13.5,11,2,5,1018
13.5,11,2,6,1021
13.5,11,2,7,1024
13.5,11,2,8,1028
13.5,11,2,9,1031
13.5,11,2,10,1034
13.5,11,2,11,1037
13.5,11,2,12,1040
13.5,11,2,13,1043
13.5,11,2,14,1046
13.5,11,2,15,1050
13.5,11,3,0,1005
13.5,11,3,1,1009
13.5,11,3,2,1012
13.5,11,3,3,1015
13.5,11,3,4,1018
13.5,11,3,5,1022
13.5,11,3,6,1025
13.5,11,3,7,1028
13.5,11,3,8,1031
13.5,11,3,9,1034
13.5,11,3,10,1037
13.5,11,3,11,1041
13.5,11,3,12,1044
13.5,11,3,13,1047
13.5,11,3,14,1050
13.5,11,3,15,1053
13.5,11,4,0,1009
13.5,11,4,1,1012
13.5,11,4,2,1015
13.5,11,4,3,1018
13.5,11,4,4,1022
13.5,11,4,5,1025
13.5,11,4,6,1028
13.5,11,4,7,1031
13.5,11,4,8,1034
13.5,11,4,9,1038
13.5,11,4,10,1041
13.5,11,4,11,1044
13.5,11,4,12,1047
13.5,11,4,13,1050
13.5,11,4,14,1053
13.5,11,4,15,1056
13.5,11,5,0,1012
13.5,11,5,1,1015
13.5,11,5,2,1019
13.5,11,5,3,1022
13.5,11,5,4,1025
13.5,11,5,5,1028
13.5,11,5,6,1031
13.5,11,5,7,1035
13.5,11,5,8,1038
13.5,11,5,9,1041
13.5,11,5,10,1044
13.5,11,5,11,1047
13.5,11,5,12,1050
13.5,11,5,13,1054
13.5,11,5,14,1057
13.5,11,5,15,1060
13.5,11,6,0,1015
13.5,11,6,1,1019
13.5,11,6,2,1022
13.5,11,6,3,1025
13.5,11,6,4,1028
13.5,11,6,5,1032
13.5,11,6,6,1035
13.5,11,6,7,1038
13.5,11,6,8,1041
13.5,11,6,9,1044
13.5,11,6,10,1048
13.5,11,6,11,1051
13.5,11,6,12,1054
13.5,11,6,13,1057
13.5,11,6,14,1060
13.5,11,6,15,1063
13.5,11,7,0,1019
13.5,11,7,1,1022
13.5,11,7,2,1025
13.5,11,7,3,1028
13.5,11,7,4,1032
13.5,11,7,5,1035
13.5,11,7,6,1038
13.5,11,7,7,1041
13.5,11,7,8,1045
13.5,11,7,9,1048
13.5,11,7,10,1051
13.5,11,7,11,1054
13.5,11,7,12,1057
13.5,11,7,13,1060
13.5,11,7,14,1064
13.5,11,7,15,1067
13.5,11,8,0,1022
13.5,11,8,1,1025
13.5,11,8,2,1028
13.5,11,8,3,1032
13.5,11,8,4,1035
13.5,11,8,5,1038
13.5,11,8,6,1041
13.5,11,8,7,1045
13.5,11,8,8,1048
13.5,11,8,9,1051
13.5,11,8,10,1054
13.5,11,8,11,1057
13.5,11,8,12,1061
13.5,11,8,13,1064
13.5,11,8,14,1067
13.5,11,8,15,1070
13.5,11,9,0,1025
13.5,11,9,1,1028
13.5,11,9,2,1032
13.5,11,9,3,1035
13.5,11,9,4,1038
13.5,11,9,5,1041
13.5,11,9,6,1045
13.5,11,9,7,1048
13.5,11,9,8,1051
13.5,11,9,9,1054
13.5,11,9,10,1058
13.5,11,9,11,1061
13.5,11,9,12,1064
13.5,11,9,13,1067
13.5,11,9,14,1070
13.5,11,9,15,1074
13.5,11,10,0,1028
13.5,11,10,1,1032
13.5,11,10,2,1035
13.5,11,10,3,1038
13.5,11,10,4,1042
13.5,11,10,5,1045
13.5,11,10,6,1048
13.5,11,10,7,1051
13.5,11,10,8,1055
13.5,11,10,9,1058
13.5,11,10,10,1061
13.5,11,10,11,1064
13.5,11,10,12,1067
13.5,11,10,13,1071
13.5,11,10,14,1074
13.5,11,10,15,1077
13.5,11,11,0,1032
13.5,11,11,1,1035
13.5,11,11,2,1038
13.5,11,11,3,1041
13.5,11,11,4,1045
13.5,11,11,5,1048
13.5,11,11,6,1051
13.5,11,11,7,1055
13.5,11,11,8,1058
13.5,11,11,9,1061
13.5,11,11,10,1064
13.5,11,11,11,1068
13.5,11,11,12,1071
13.5,11,11,13,1074
13.5,11,11,14,1077
13.5,11,11,15,1080
13.5,11,12,0,1035
13.5,11,12,1,1038
13.5,11,12,2,1041
13.5,11,12,3,1045
13.5,11,12,4,1048
13.5,11,12,5,1051
13.5,11,12,6,1055
13.5,11,12,7,1058
13.5,11,12,8,1061
13.5,11,12,9,1064
13.5,11,12,10,1068
13.5,11,12,11,1071
13.5,11,12,12,1074
13.5,11,12,13,1077
13.5,11,12,14,1081
13.5,11,12,15,1084
13.5,11,13,0,1038
13.5,11,13,1,1041
13.5,11,13,2,1045
13.5,11,13,3,1048
13.5,11,13,4,1051
13.5,11,13,5,1055
13.5,11,13,6,1058
13.5,11,13,7,1061
13.5,11,13,8,1064
13.5,11,13,9,1068
13.5,11,13,10,1071
13.5,11,13,11,1074
13.5,11,13,12,1077
13.5,11,13,13,1081
13.5,11,13,14,1084
13.5,11,13,15,1087
13.5,11,14,0,1041
13.5,11,14,1,1045
13.5,11,14,2,1048
13.5,11,14,3,1051
13.5,11,14,4,1055
13.5,11,14,5,1058
13.5,11,14,6,1061
13.5,11,14,7,1064
13.5,11,14,8,1068
13.5,11,14,9,1071
13.5,11,14,10,1074
13.5,11,14,11,1078
13.5,11,14,12,1081
13.5,11,14,13,1084
13.5,11,14,14,1087
13.5,11,14,15,1090
13.5,11,15,0,1044
13.5,11,15,1,1048
13.5,11,15,2,1051
13.5,11,15,3,1054
13.5,11,15,4,1058
13.5,11,15,5,1061
13.5,11,15,6,1064
13.5,11,15,7,1068
13.5,11,15,8,1071
13.5,11,15,9,1074
13.5,11,15,10,1078
13.5,11,15,11,1081
13.5,11,15,12,1084
13.5,11,15,13,1087
13.5,11,15,14,1091
13.5,11,15,15,1094
13.5,12,0,0,999
13.5,12,0,1,1002
13.5,12,0,2,1006
13.5,12,0,3,1009
13.5,12,0,4,1012
13.5,12,0,5,1015
13.5,12,0,6,1018
13.5,12,0,7,1021
13.5,12,0,8,1025
13.5,12,0,9,1028
13.5,12,0,10,1031
13.5,12,0,11,1034
13.5,12,0,12,1037
13.5,12,0,13,1040
13.5,12,0,14,1043
13.5,12,0,15,1046
13.5,12,1,0,1002
13.5,12,1,1,1006
13.5,12,1,2,1009
13.5,12,1,3,1012
13.5,12,1,4,1015
13.5,12,1,5,1019
13.5,12,1,6,1022
13.5,12,1,7,1025
13.5,12,1,8,1028
13.5,12,1,9,1031
13.5,12,1,10,1034
13.5,12,1,11,1037
13.5,12,1,12,1041
13.5,12,1,13,1044
13.5,12,1,14,1047
13.5,12,1,15,1050
13.5,12,2,0,1006
13.5,12,2,1,1009
13.5,12,2,2,1012
13.5,12,2,3,1015
13.5,12,2,4,1019
13.5,12,2,5,1022
13.5,12,2,6,1025
13.5,12,2,7,1028
13.5,12,2,8,1031
13.5,12,2,9,1035
13.5,12,2,10,1038
13.5,12,2,11,1041
13.5,12,2,12,1044
13.5,12,2,13,1047
13.5,12,2,14,1050
13.5,12,2,15,1053
13.5,12,3,0,1009
13.5,12,3,1,1012
13.5,12,3,2,1016
13.5,12,3,3,1019
13.5,12,3,4,1022
13.5,12,3,5,1025
13.5,12,3,6,1028
13.5,12,3,7,1032
13.5,12,3,8,1035
13.5,12,3,9,1038
13.5,12,3,10,1041
13.5,12,3,11,1044
13.5,12,3,12,1047
13.5,12,3,13,1051
13.5,12,3,14,1054
13.5,12,3,15,1057
13.5,12,4,0,1012
13.5,12,4,1,1016
13.5,12,4,2,1019
13.5,12,4,3,1022
13.5,12,4,4,1025
13.5,12,4,5,1029
13.5,12,4,6,1032
13.5,12,4,7,1035
13.5,12,4,8,1038
13.5,12,4,9,1041
13.5,12,4,10,1045
13.5,12,4,11,1048
13.5,12,4,12,1051
13.5,12,4,13,1054
13.5,12,4,14,1057
13.5,12,4,15,1060
13.5,12,5,0,1016
13.5,12,5,1,1019
13.5,12,5,2,1022
13.5,12,5,3,1026
13.5,12,5,4,1029
13.5,12,5,5,1032
13.5,12,5,6,1035
13.5,12,5,7,1038
13.5,12,5,8,1042
13.5,12,5,9,1045
13.5,12,5,10,1048
13.5,12,5,11,1051
13.5,12,5,12,1054
13.5,12,5,13,1057
13.5,12,5,14,1061
13.5,12,5,15,1064
13.5,12,6,0,1019
13.5,12,6,1,1022
13.5,12,6,2,1026
13.5,12,6,3,1029
13.5,12,6,4,1032
13.5,12,6,5,1035
13.5,12,6,6,1039
13.5,12,6,7,1042
13.5,12,6,8,1045
13.5,12,6,9,1048
13.5,12,6,10,1051
13.5,12,6,11,1055
13.5,12,6,12,1058
13.5,12,6,13,1061
13.5,12,6,14,1064
13.5,12,6,15,1067
13.5,12,7,0,1022
13.5,12,7,1,1026
13.5,12,7,2,1029
13.5,12,7,3,1032
13.5,12,7,4,1035
13.5,12,7,5,1039
13.5,12,7,6,1042
13.5,12,7,7,1045
13.5,12,7,8,1048
13.5,12,7,9,1052
13.5,12,7,10,1055
13.5,12,7,11,1058
13.5,12,7,12,1061
13.5,12,7,13,1064
13.5,12,7,14,1068
13.5,12,7,15,1071
13.5,12,8,0,1026
13.5,12,8,1,1029
13.5,12,8,2,1032
13.5,12,8,3,1035
13.5,12,8,4,1039
13.5,12,8,5,1042
13.5,12,8,6,1045
13.5,12,8,7,1049
13.5,12,8,8,1052
13.5,12,8,9,1055
13.5,12,8,10,1058
13.5,12,8,11,1061
13.5,12,8,12,1065
13.5,12,8,13,1068
13.5,12,8,14,1071
13.5,12,8,15,1074
13.5,12,9,0,1029
13.5,12,9,1,1032
13.5,12,9,2,1035
13.5,12,9,3,1039
13.5,12,9,4,1042
13.5,12,9,5,1045
13.5,12,9,6,1049
13.5,12,9,7,1052
13.5,12,9,8,1055
13.5,12,9,9,1058
13.5,12,9,10,1062
13.5,12,9,11,1065
13.5,12,9,12,1068
13.5,12,9,13,1071
13.5,12,9,14,1074
13.5,12,9,15,1078
13.5,12,10,0,1032
13.5,12,10,1,1035
13.5,12,10,2,1039
13.5,12,10,3,1042
13.5,12,10,4,1045
13.5,12,10,5,1049
13.5,12,10,6,1052
13.5,12,10,7,1055
13.5,12,10,8,1058
13.5,12,10,9,1062
13.5,12,10,10,1065
13.5,12,10,11,1068
13.5,12,10,12,1071
13.5,12,10,13,1075
13.5,12,10,14,1078
13.5,12,10,15,1081
13.5,12,11,0,1035
13.5,12,11,1,1039
13.5,12,11,2,1042
13.5,12,11,3,1045
13.5,12,11,4,1049
13.5,12,11,5,1052
13.5,12,11,6,1055
13.5,12,11,7,1058
13.5,12,11,8,1062
13.5,12,11,9,1065
13.5,12,11,10,1068
13.5,12,11,11,1071
13.5,12,11,12,1075
13.5,12,11,13,1078
13.5,12,11,14,1081
13.5,12,11,15,1084
13.5,12,12,0,1039
13.5,12,12,1,1042
13.5,12,12,2,1045
13.5,12,12,3,1049
13.5,12,12,4,1052
13.5,12,12,5,1055
13.5,12,12,6,1059
13.5,12,12,7,1062
13.5,12,12,8,1065
13.5,12,12,9,1068
13.5,12,12,10,1072
13.5,12,12,11,1075
13.5,12,12,12,1078
13.5,12,12,13,1081
13.5,12,12,14,1084
13.5,12,12,15,1088
13.5,12,13,0,1042
13.5,12,13,1,1045
13.5,12,13,2,1049
13.5,12,13,3,1052
13.5,12,13,4,1055
13.5,12,13,5,1058
13.5,12,13,6,1062
13.5,12,13,7,1065
13.5,12,13,8,1068
13.5,12,13,9,1072
13.5,12,13,10,1075
13.5,12,13,11,1078
13.5,12,13,12,1081
13.5,12,13,13,1085
13.5,12,13,14,1088
13.5,12,13,15,1091
13.5,12,14,0,1045
13.5,12,14,1,1048
13.5,12,14,2,1052
13.5,12,14,3,1055
13.5,12,14,4,1058
13.5,12,14,5,1062
13.5,12,14,6,1065
13.5,12,14,7,1068
13.5,12,14,8,1072
13.5,12,14,9,1075
13.5,12,14,10,1078
13.5,12,14,11,1081
13.5,12,14,12,1085
13.5,12,14,13,1088
13.5,12,14,14,1091
13.5,12,14,15,1094
13.5,12,15,0,1048
13.5,12,15,1,1052
13.5,12,15,2,1055
13.5,12,15,3,1058
13.5,12,15,4,1062
13.5,12,15,5,1065
13.5,12,15,6,1068
13.5,12,15,7,1072
13.5,12,15,8,1075
13.5,12,15,9,1078
13.5,12,15,10,1082
13.5,12,15,11,1085
13.5,12,15,12,1088
13.5,12,15,13,1091
13.5,12,15,14,1095
13.5,12,15,15,1098
13.5,13,0,0,1003
13.5,13,0,1,1006
13.5,13,0,2,1009
13.5,13,0,3,1012
13.5,13,0,4,1016
13.5,13,0,5,1019
13.5,13,0,6,1022
13.5,13,0,7,1025
13.5,13,0,8,1028
13.5,13,0,9,1031
13.5,13,0,10,1035
13.5,13,0,11,1038
13.5,13,0,12,1041
13.5,13,0,13,1044
13.5,13,0,14,1047
13.5,13,0,15,1050
13.5,13,1,0,1006
13.5,13,1,1,1009
13.5,13,1,2,1013
13.5,13,1,3,1016
13.5,13,1,4,1019
13.5,13,1,5,1022
13.5,13,1,6,1025
13.5,13,1,7,1029
13.5,13,1,8,1032
13.5,13,1,9,1035
13.5,13,1,10,1038
13.5,13,1,11,1041
13.5,13,1,12,1044
13.5,13,1,13,1047
13.5,13,1,14,1051
13.5,13,1,15,1054
13.5,13,2,0,1009
13.5,13,2,1,1013
13.5,13,2,2,1016
13.5,13,2,3,1019
13.5,13,2,4,1022
13.5,13,2,5,1026
13.5,13,2,6,1029
13.5,13,2,7,1032
13.5,13,2,8,1035
13.5,13,2,9,1038
13.5,13,2,10,1042
13.5,13,2,11,1045
13.5,13,2,12,1048
13.5,13,2,13,1051
13.5,13,2,14,1054
13.5,13,2,15,1057
13.5,13,3,0,1013
13.5,13,3,1,1016
13.5,13,3,2,1019
13.5,13,3,3,1023
13.5,13,3,4,1026
13.5,13,3,5,1029
13.5,13,3,6,1032
13.5,13,3,7,1035
13.5,13,3,8,1039
13.5,13,3,9,1042
13.5,13,3,10,1045
13.5,13,3,11,1048
13.5,13,3,12,1051
13.5,13,3,13,1054
13.5,13,3,14,1058
13.5,13,3,15,1061
13.5,13,4,0,1016
13.5,13,4,1,1019
13.5,13,4,2,1023
13.5,13,4,3,1026
13.5,13,4,4,1029
13.5,13,4,5,1032
13.5,13,4,6,1036
13.5,13,4,7,1039
13.5,13,4,8,1042
13.5,13,4,9,1045
13.5,13,4,10,1048
13.5,13,4,11,1052
13.5,13,4,12,1055
13.5,13,4,13,1058
13.5,13,4,14,1061
13.5,13,4,15,1064
13.5,13,5,0,1019
13.5,13,5,1,1023
13.5,13,5,2,1026
13.5,13,5,3,1029
13.5,13,5,4,1033
13.5,13,5,5,1036
13.5,13,5,6,1039
13.5,13,5,7,1042
13.5,13,5,8,1045
13.5,13,5,9,1049
13.5,13,5,10,1052
13.5,13,5,11,1055
13.5,13,5,12,1058
13.5,13,5,13,1061
13.5,13,5,14,1065
13.5,13,5,15,1068
13.5,13,6,0,1023
13.5,13,6,1,1026
13.5,13,6,2,1029
13.5,13,6,3,1033
13.5,13,6,4,1036
13.5,13,6,5,1039
13.5,13,6,6,1042
13.5,13,6,7,1046
13.5,13,6,8,1049
13.5,13,6,9,1052
13.5,13,6,10,1055
13.5,13,6,11,1058
13.5,13,6,12,1062
13.5,13,6,13,1065
13.5,13,6,14,1068
13.5,13,6,15,1071
13.5,13,7,0,1026
13.5,13,7,1,1029
13.5,13,7,2,1033
13.5,13,7,3,1036
13.5,13,7,4,1039
13.5,13,7,5,1042
13.5,13,7,6,1046
13.5,13,7,7,1049
13.5,13,7,8,1052
13.5,13,7,9,1055
13.5,13,7,10,1059
13.5,13,7,11,1062
13.5,13,7,12,1065
13.5,13,7,13,1068
13.5,13,7,14,1071
13.5,13,7,15,1075
13.5,13,8,0,1029
13.5,13,8,1,1033
13.5,13,8,2,1036
13.5,13,8,3,1039
13.5,13,8,4,1043
13.5,13,8,5,1046
13.5,13,8,6,1049
13.5,13,8,7,1052
13.5,13,8,8,1056
13.5,13,8,9,1059
13.5,13,8,10,1062
13.5,13,8,11,1065
13.5,13,8,12,1068
13.5,13,8,13,1072
13.5,13,8,14,1075
13.5,13,8,15,1078
13.5,13,9,0,1033
13.5,13,9,1,1036
13.5,13,9,2,1039
13.5,13,9,3,1043
13.5,13,9,4,1046
13.5,13,9,5,1049
13.5,13,9,6,1052
13.5,13,9,7,1056
13.5,13,9,8,1059
13.5,13,9,9,1062
13.5,13,9,10,1065
13.5,13,9,11,1069
13.5,13,9,12,1072
13.5,13,9,13,1075
13.5,13,9,14,1078
13.5,13,9,15,1081
13.5,13,10,0,1036
13.5,13,10,1,1039
13.5,13,10,2,1043
13.5,13,10,3,1046
13.5,13,10,4,1049
13.5,13,10,5,1052
13.5,13,10,6,1056
13.5,13,10,7,1059
13.5,13,10,8,1062
13.5,13,10,9,1066
13.5,13,10,10,1069
13.5,13,10,11,1072
13.5,13,10,12,1075
13.5,13,10,13,1078
13.5,13,10,14,1082
13.5,13,10,15,1085
13.5,13,11,0,1039
13.5,13,11,1,1042
13.5,13,11,2,1046
13.5,13,11,3,1049
13.5,13,11,4,1052
13.5,13,11,5,1056
13.5,13,11,6,1059
13.5,13,11,7,1062
13.5,13,11,8,1066
13.5,13,11,9,1069
13.5,13,11,10,1072
13.5,13,11,11,1075
13.5,13,11,12,1079
13.5,13,11,13,1082
13.5,13,11,14,1085
13.5,13,11,15,1088
13.5,13,12,0,1042
13.5,13,12,1,1046
13.5,13,12,2,1049
13.5,13,12,3,1052
13.5,13,12,4,1056
13.5,13,12,5,1059
13.5,13,12,6,1062
13.5,13,12,7,1066
13.5,13,12,8,1069
13.5,13,12,9,1072
13.5,13,12,10,1076
13.5,13,12,11,1079
13.5,13,12,12,1082
13.5,13,12,13,1085
13.5,13,12,14,1088
13.5,13,12,15,1092
13.5,13,13,0,1046
13.5,13,13,1,1049
13.5,13,13,2,1052
13.5,13,13,3,1056
13.5,13,13,4,1059
13.5,13,13,5,1062
13.5,13,13,6,1066
13.5,13,13,7,1069
13.5,13,13,8,1072
13.5,13,13,9,1076
13.5,13,13,10,1079
13.5,13,13,11,1082
13.5,13,13,12,1085
13.5,13,13,13,1089
13.5,13,13,14,1092
13.5,13,13,15,1095
13.5,13,14,0,1049
13.5,13,14,1,1052
13.5,13,14,2,1056
13.5,13,14,3,1059
13.5,13,14,4,1062
13.5,13,14,5,1066
13.5,13,14,6,1069
13.5,13,14,7,1072
13.5,13,14,8,1076
13.5,13,14,9,1079
13.5,13,14,10,1082
13.5,13,14,11,1085
13.5,13,14,12,1089
13.5,13,14,13,1092
13.5,13,14,14,1095
13.5,13,14,15,1098
13.5,13,15,0,1052
13.5,13,15,1,1055
13.5,13,15,2,1059
13.5,13,15,3,1062
13.5,13,15,4,1066
13.5,13,15,5,1069
13.5,13,15,6,1072
13.5,13,15,7,1076
13.5,13,15,8,1079
13.5,13,15,9,1082
13.5,13,15,10,1085
13.5,13,15,11,1089
13.5,13,15,12,1092
13.5,13,15,13,1095
13.5,13,15,14,1099
13.5,13,15,15,1102
13.5,14,0,0,1006
13.5,14,0,1,1010
13.5,14,0,2,1013
13.5,14,0,3,1016
13.5,14,0,4,1019
13.5,14,0,5,1023
13.5,14,0,6,1026
13.5,14,0,7,1029
13.5,14,0,8,1032
13.5,14,0,9,1035
13.5,14,0,10,1038
13.5,14,0,11,1042
13.5,14,0,12,1045
13.5,14,0,13,1048
13.5,14,0,14,1051
13.5,14,0,15,1054
13.5,14,1,0,1010
13.5,14,1,1,1013
13.5,14,1,2,1016
13.5,14,1,3,1020
13.5,14,1,4,1023
13.5,14,1,5,1026
13.5,14,1,6,1029
13.5,14,1,7,1032
13.5,14,1,8,1036
13.5,14,1,9,1039
13.5,14,1,10,1042
13.5,14,1,11,1045
13.5,14,1,12,1048
13.5,14,1,13,1051
13.5,14,1,14,1054
13.5,14,1,15,1058
13.5,14,2,0,1013
13.5,14,2,1,1016
13.5,14,2,2,1020
13.5,14,2,3,1023
13.5,14,2,4,1026
13.5,14,2,5,1029
13.5,14,2,6,1033
13.5,14,2,7,1036
13.5,14,2,8,1039
13.5,14,2,9,1042
13.5,14,2,10,1045
13.5,14,2,11,1049
13.5,14,2,12,1052
13.5,14,2,13,1055
13.5,14,2,14,1058
13.5,14,2,15,1061
13.5,14,3,0,1017
13.5,14,3,1,1020
13.5,14,3,2,1023
13.5,14,3,3,1026
13.5,14,3,4,1030
13.5,14,3,5,1033
13.5,14,3,6,1036
13.5,14,3,7,1039
13.5,14,3,8,1042
13.5,14,3,9,1046
13.5,14,3,10,1049
13.5,14,3,11,1052
13.5,14,3,12,1055
13.5,14,3,13,1058
13.5,14,3,14,1061
13.5,14,3,15,1065
13.5,14,4,0,1020
13.5,14,4,1,1023
13.5,14,4,2,1026
13.5,14,4,3,1030
13.5,14,4,4,1033
13.5,14,4,5,1036
13.5,14,4,6,1039
13.5,14,4,7,1043
13.5,14,4,8,1046
13.5,14,4,9,1049
13.5,14,4,10,1052
13.5,14,4,11,1055
13.5,14,4,12,1059
13.5,14,4,13,1062
13.5,14,4,14,1065
13.5,14,4,15,1068
13.5,14,5,0,1023
13.5,14,5,1,1026
13.5,14,5,2,1030
13.5,14,5,3,1033
13.5,14,5,4,1036
13.5,14,5,5,1040
13.5,14,5,6,1043
13.5,14,5,7,1046
13.5,14,5,8,1049
13.5,14,5,9,1052
13.5,14,5,10,1056
13.5,14,5,11,1059
13.5,14,5,12,1062
13.5,14,5,13,1065
13.5,14,5,14,1068
13.5,14,5,15,1072
13.5,14,6,0,1027
13.5,14,6,1,1030
13.5,14,6,2,1033
13.5,14,6,3,1036
13.5,14,6,4,1040
13.5,14,6,5,1043
13.5,14,6,6,1046
13.5,14,6,7,1049
13.5,14,6,8,1053
13.5,14,6,9,1056
13.5,14,6,10,1059
13.5,14,6,11,1062
13.5,14,6,12,1066
13.5,14,6,13,1069
13.5,14,6,14,1072
13.5,14,6,15,1075
13.5,14,7,0,1030
13.5,14,7,1,1033
13.5,14,7,2,1036
13.5,14,7,3,1040
13.5,14,7,4,1043
13.5,14,7,5,1046
13.5,14,7,6,1050
13.5,14,7,7,1053
13.5,14,7,8,1056
13.5,14,7,9,1059
13.5,14,7,10,1063
13.5,14,7,11,1066
13.5,14,7,12,1069
13.5,14,7,13,1072
13.5,14,7,14,1075
13.5,14,7,15,1079
13.5,14,8,0,1033
13.5,14,8,1,1036
13.5,14,8,2,1040
13.5,14,8,3,1043
13.5,14,8,4,1046
13.5,14,8,5,1050
13.5,14,8,6,1053
13.5,14,8,7,1056
13.5,14,8,8,1059
13.5,14,8,9,1063
13.5,14,8,10,1066
13.5,14,8,11,1069
13.5,14,8,12,1072
13.5,14,8,13,1076
13.5,14,8,14,1079
13.5,14,8,15,1082
13.5,14,9,0,1036
13.5,14,9,1,1040
13.5,14,9,2,1043
13.5,14,9,3,1046
13.5,14,9,4,1050
13.5,14,9,5,1053
13.5,14,9,6,1056
13.5,14,9,7,1060
13.5,14,9,8,1063
13.5,14,9,9,1066
13.5,14,9,10,1069
13.5,14,9,11,1073
13.5,14,9,12,1076
13.5,14,9,13,1079
13.5,14,9,14,1082
13.5,14,9,15,1085
13.5,14,10,0,1040
13.5,14,10,1,1043
13.5,14,10,2,1046
13.5,14,10,3,1050
13.5,14,10,4,1053
13.5,14,10,5,1056
13.5,14,10,6,1060
13.5,14,10,7,1063
13.5,14,10,8,1066
13.5,14,10,9,1069
13.5,14,10,10,1073
13.5,14,10,11,1076
13.5,14,10,12,1079
13.5,14,10,13,1082
13.5,14,10,14,1086
13.5,14,10,15,1089
13.5,14,11,0,1043
13.5,14,11,1,1046
13.5,14,11,2,1050
13.5,14,11,3,1053
13.5,14,11,4,1056
13.5,14,11,5,1060
13.5,14,11,6,1063
13.5,14,11,7,1066
13.5,14,11,8,1070
13.5,14,11,9,1073
13.5,14,11,10,1076
13.5,14,11,11,1079
13.5,14,11,12,1083
13.5,14,11,13,1086
13.5,14,11,14,1089
13.5,14,11,15,1092
13.5,14,12,0,1046
13.5,14,12,1,1050
13.5,14,12,2,1053
13.5,14,12,3,1056
13.5,14,12,4,1060
13.5,14,12,5,1063
13.5,14,12,6,1066
13.5,14,12,7,1070
13.5,14,12,8,1073
13.5,14,12,9,1076
13.5,14,12,10,1079
13.5,14,12,11,1083
13.5,14,12,12,1086
13.5,14,12,13,1089
13.5,14,12,14,1092
13.5,14,12,15,1096
13.5,14,13,0,1049
13.5,14,13,1,1053
13.5,14,13,2,1056
13.5,14,13,3,1060
13.5,14,13,4,1063
13.5,14,13,5,1066
13.5,14,13,6,1070
13.5,14,13,7,1073
13.5,14,13,8,1076
13.5,14,13,9,1079
13.5,14,13,10,1083
13.5,14,13,11,1086
13.5,14,13,12,1089
13.5,14,13,13,1093
13.5,14,13,14,1096
13.5,14,13,15,1099
13.5,14,14,0,1053
13.5,14,14,1,1056
13.5,14,14,2,1059
13.5,14,14,3,1063
13.5,14,14,4,1066
13.5,14,14,5,1070
13.5,14,14,6,1073
13.5,14,14,7,1076
13.5,14,14,8,1080
13.5,14,14,9,1083
13.5,14,14,10,1086
13.5,14,14,11,1089
13.5,14,14,12,1093
13.5,14,14,13,1096
13.5,14,14,14,1099
13.5,14,14,15,1102
13.5,14,15,0,1056
13.5,14,15,1,1059
13.5,14,15,2,1063
13.5,14,15,3,1066
13.5,14,15,4,1069
13.5,14,15,5,1073
13.5,14,15,6,1076
13.5,14,15,7,1079
13.5,14,15,8,1083
13.5,14,15,9,1086
13.5,14,15,10,1089
13.5,14,15,11,1093
13.5,14,15,12,1096
13.5,14,15,13,1099
13.5,14,15,14,1103
13.5,14,15,15,1106
13.5,15,0,0,1010
13.5,15,0,1,1013
13.5,15,0,2,1017
13.5,15,0,3,1020
13.5,15,0,4,1023
13.5,15,0,5,1026
13.5,15,0,6,1029
13.5,15,0,7,1033
13.5,15,0,8,1036
13.5,15,0,9,1039
13.5,15,0,10,1042
13.5,15,0,11,1045
13.5,15,0,12,1048
13.5,15,0,13,1052
13.5,15,0,14,1055
13.5,15,0,15,1058
13.5,15,1,0,1013
13.5,15,1,1,1017
13.5,15,1,2,1020
13.5,15,1,3,1023
13.5,15,1,4,1026
13.5,15,1,5,1030
13.5,15,1,6,1033
13.5,15,1,7,1036
13.5,15,1,8,1039
13.5,15,1,9,1043
13.5,15,1,10,1046
13.5,15,1,11,1049
13.5,15,1,12,1052
13.5,15,1,13,1055
13.5,15,1,14,1058
13.5,15,1,15,1061
13.5,15,2,0,1017
13.5,15,2,1,1020
13.5,15,2,2,1023
13.5,15,2,3,1027
13.5,15,2,4,1030
13.5,15,2,5,1033
13.5,15,2,6,1036
13.5,15,2,7,1040
13.5,15,2,8,1043
13.5,15,2,9,1046
13.5,15,2,10,1049
13.5,15,2,11,1052
13.5,15,2,12,1055
13.5,15,2,13,1059
13.5,15,2,14,1062
13.5,15,2,15,1065
13.5,15,3,0,1020
13.5,15,3,1,1024
13.5,15,3,2,1027
13.5,15,3,3,1030
13.5,15,3,4,1033
13.5,15,3,5,1037
13.5,15,3,6,1040
13.5,15,3,7,1043
13.5,15,3,8,1046
13.5,15,3,9,1049
13.5,15,3,10,1053
13.5,15,3,11,1056
13.5,15,3,12,1059
13.5,15,3,13,1062
13.5,15,3,14,1065
13.5,15,3,15,1068
13.5,15,4,0,1024
13.5,15,4,1,1027
13.5,15,4,2,1030
13.5,15,4,3,1033
13.5,15,4,4,1037
13.5,15,4,5,1040
13.5,15,4,6,1043
13.5,15,4,7,1046
13.5,15,4,8,1050
13.5,15,4,9,1053
13.5,15,4,10,1056
13.5,15,4,11,1059
13.5,15,4,12,1062
13.5,15,4,13,1066
13.5,15,4,14,1069
13.5,15,4,15,1072
13.5,15,5,0,1027
13.5,15,5,1,1030
13.5,15,5,2,1034
13.5,15,5,3,1037
13.5,15,5,4,1040
13.5,15,5,5,1043
13.5,15,5,6,1047
13.5,15,5,7,1050
13.5,15,5,8,1053
13.5,15,5,9,1056
13.5,15,5,10,1060
13.5,15,5,11,1063
13.5,15,5,12,1066
13.5,15,5,13,1069
13.5,15,5,14,1072
13.5,15,5,15,1075
13.5,15,6,0,1030
13.5,15,6,1,1034
13.5,15,6,2,1037
13.5,15,6,3,1040
13.5,15,6,4,1043
13.5,15,6,5,1047
13.5,15,6,6,1050
13.5,15,6,7,1053
13.5,15,6,8,1057
13.5,15,6,9,1060
13.5,15,6,10,1063
13.5,15,6,11,1066
13.5,15,6,12,1069
13.5,15,6,13,1073
13.5,15,6,14,1076
13.5,15,6,15,1079
13.5,15,7,0,1034
13.5,15,7,1,1037
13.5,15,7,2,1040
13.5,15,7,3,1044
13.5,15,7,4,1047
13.5,15,7,5,1050
13.5,15,7,6,1053
13.5,15,7,7,1057
13.5,15,7,8,1060
13.5,15,7,9,1063
13.5,15,7,10,1066
13.5,15,7,11,1070
13.5,15,7,12,1073
13.5,15,7,13,1076
13.5,15,7,14,1079
13.5,15,7,15,1082
13.5,15,8,0,1037
13.5,15,8,1,1040
13.5,15,8,2,1044
13.5,15,8,3,1047
13.5,15,8,4,1050
13.5,15,8,5,1053
13.5,15,8,6,1057
13.5,15,8,7,1060
13.5,15,8,8,1063
13.5,15,8,9,1067
13.5,15,8,10,1070
13.5,15,8,11,1073
13.5,15,8,12,1076
13.5,15,8,13,1079
13.5,15,8,14,1083
13.5,15,8,15,1086
13.5,15,9,0,1040
13.5,15,9,1,1044
13.5,15,9,2,1047
13.5,15,9,3,1050
13.5,15,9,4,1054
13.5,15,9,5,1057
13.5,15,9,6,1060
13.5,15,9,7,1063
13.5,15,9,8,1067
13.5,15,9,9,1070
13.5,15,9,10,1073
13.5,15,9,11,1076
13.5,15,9,12,1080
13.5,15,9,13,1083
13.5,15,9,14,1086
13.5,15,9,15,1089
13.5,15,10,0,1043
13.5,15,10,1,1047
13.5,15,10,2,1050
13.5,15,10,3,1054
13.5,15,10,4,1057
13.5,15,10,5,1060
13.5,15,10,6,1063
13.5,15,10,7,1067
13.5,15,10,8,1070
13.5,15,10,9,1073
13.5,15,10,10,1077
13.5,15,10,11,1080
13.5,15,10,12,1083
13.5,15,10,13,1086
13.5,15,10,14,1090
13.5,15,10,15,1093
13.5,15,11,0,1047
13.5,15,11,1,1050
13.5,15,11,2,1053
13.5,15,11,3,1057
13.5,15,11,4,1060
13.5,15,11,5,1063
13.5,15,11,6,1067
13.5,15,11,7,1070
13.5,15,11,8,1073
13.5,15,11,9,1077
13.5,15,11,10,1080
13.5,15,11,11,1083
13.5,15,11,12,1087
13.5,15,11,13,1090
13.5,15,11,14,1093
13.5,15,11,15,1096
13.5,15,12,0,1050
13.5,15,12,1,1053
13.5,15,12,2,1057
13.5,15,12,3,1060
13.5,15,12,4,1063
13.5,15,12,5,1067
13.5,15,12,6,1070
13.5,15,12,7,1073
13.5,15,12,8,1077
13.5,15,12,9,1080
13.5,15,12,10,1083
13.5,15,12,11,1087
13.5,15,12,12,1090
13.5,15,12,13,1093
13.5,15,12,14,1096
13.5,15,12,15,1100
13.5,15,13,0,1053
13.5,15,13,1,1057
13.5,15,13,2,1060
13.5,15,13,3,1063
13.5,15,13,4,1067
13.5,15,13,5,1070
13.5,15,13,6,1073
13.5,15,13,7,1077
13.5,15,13,8,1080
13.5,15,13,9,1083
13.5,15,13,10,1087
13.5,15,13,11,1090
13.5,15,13,12,1093
13.5,15,13,13,1097
13.5,15,13,14,1100
13.5,15,13,15,1103
13.5,15,14,0,1057
13.5,15,14,1,1060
13.5,15,14,2,1063
13.5,15,14,3,1067
13.5,15,14,4,1070
13.5,15,14,5,1073
13.5,15,14,6,1077
13.5,15,14,7,1080
13.5,15,14,8,1083
13.5,15,14,9,1087
13.5,15,14,10,1090
13.5,15,14,11,1093
13.5,15,14,12,1097
13.5,15,14,13,1100
13.5,15,14,14,1103
13.5,15,14,15,1106
13.5,15,15,0,1060
13.5,15,15,1,1063
13.5,15,15,2,1067
13.5,15,15,3,1070
13.5,15,15,4,1073
13.5,15,15,5,1077
13.5,15,15,6,1080
13.5,15,15,7,1083
13.5,15,15,8,1087
13.5,15,15,9,1090
13.5,15,15,10,1093
13.5,15,15,11,1097
13.5,15,15,12,1100
13.5,15,15,13,1103
13.5,15,15,14,1107
13.5,15,15,15,1110
14.0,0,0,0,991
14.0,0,0,1,994
14.0,0,0,2,997
14.0,0,0,3,1000
14.0,0,0,4,1003
14.0,0,0,5,1006
14.0,0,0,6,1010
14.0,0,0,7,1013
14.0,0,0,8,1016
14.0,0,0,9,1019
14.0,0,0,10,1022
14.0,0,0,11,1025
14.0,0,0,12,1028
14.0,0,0,13,1031
14.0,0,0,14,1034
14.0,0,0,15,1037
14.0,0,1,0,994
14.0,0,1,1,997
14.0,0,1,2,1000
14.0,0,1,3,1003
14.0,0,1,4,1007
14.0,0,1,5,1010
14.0,0,1,6,1013
14.0,0,1,7,1016
14.0,0,1,8,1019
14.0,0,1,9,1022
14.0,0,1,10,1025
14.0,0,1,11,1029
14.0,0,1,12,1032
14.0,0,1,13,1035
14.0,0,1,14,1038
14.0,0,1,15,1041
14.0,0,2,0,997
14.0,0,2,1,1000
14.0,0,2,2,1004
14.0,0,2,3,1007
14.0,0,2,4,1010
14.0,0,2,5,1013
14.0,0,2,6,1016
14.0,0,2,7,1019
14.0,0,2,8,1023
14.0,0,2,9,1026
14.0,0,2,10,1029
14.0,0,2,11,1032
14.0,0,2,12,1035
14.0,0,2,13,1038
14.0,0,2,14,1041
14.0,0,2,15,1044
14.0,0,3,0,1000
14.0,0,3,1,1004
14.0,0,3,2,1007
14.0,0,3,3,1010
14.0,0,3,4,1013
14.0,0,3,5,1016
14.0,0,3,6,1020
14.0,0,3,7,1023
14.0,0,3,8,1026
14.0,0,3,9,1029
14.0,0,3,10,1032
14.0,0,3,11,1035
14.0,0,3,12,1038
14.0,0,3,13,1042
14.0,0,3,14,1045
14.0,0,3,15,1048
14.0,0,4,0,1004
14.0,0,4,1,1007
14.0,0,4,2,1010
14.0,0,4,3,1013
14.0,0,4,4,1017
14.0,0,4,5,1020
14.0,0,4,6,1023
14.0,0,4,7,1026
14.0,0,4,8,1029
14.0,0,4,9,1033
14.0,0,4,10,1036
14.0,0,4,11,1039
14.0,0,4,12,1042
14.0,0,4,13,1045
14.0,0,4,14,1048
14.0,0,4,15,1051
14.0,0,5,0,1007
14.0,0,5,1,1010
14.0,0,5,2,1014
14.0,0,5,3,1017
14.0,0,5,4,1020
14.0,0,5,5,1023
14.0,0,5,6,1026
14.0,0,5,7,1030
14.0,0,5,8,1033
14.0,0,5,9,1036
14.0,0,5,10,1039
14.0,0,5,11,1042
14.0,0,5,12,1045
14.0,0,5,13,1048
14.0,0,5,14,1052
14.0,0,5,15,1055
14.0,0,6,0,1010
14.0,0,6,1,1014
14.0,0,6,2,1017
14.0,0,6,3,1020
14.0,0,6,4,1023
14.0,0,6,5,1026
14.0,0,6,6,1030
14.0,0,6,7,1033
14.0,0,6,8,1036
14.0,0,6,9,1039
14.0,0,6,10,1042
14.0,0,6,11,1046
14.0,0,6,12,1049
14.0,0,6,13,1052
14.0,0,6,14,1055
14.0,0,6,15,1058
14.0,0,7,0,1014
14.0,0,7,1,1017
14.0,0,7,2,1020
14.0,0,7,3,1023
14.0,0,7,4,1027
14.0,0,7,5,1030
14.0,0,7,6,1033
14.0,0,7,7,1036
14.0,0,7,8,1039
14.0,0,7,9,1043
14.0,0,7,10,1046
14.0,0,7,11,1049
14.0,0,7,12,1052
14.0,0,7,13,1055
14.0,0,7,14,1058
14.0,0,7,15,1061
14.0,0,8,0,1017
14.0,0,8,1,1020
14.0,0,8,2,1023
14.0,0,8,3,1027
14.0,0,8,4,1030
14.0,0,8,5,1033
14.0,0,8,6,1036
14.0,0,8,7,1040
14.0,0,8,8,1043
14.0,0,8,9,1046
14.0,0,8,10,1049
14.0,0,8,11,1052
14.0,0,8,12,1055
14.0,0,8,13,1059
14.0,0,8,14,1062
14.0,0,8,15,1065
14.0,0,9,0,1020
14.0,0,9,1,1023
14.0,0,9,2,1027
14.0,0,9,3,1030
14.0,0,9,4,1033
14.0,0,9,5,1036
14.0,0,9,6,1040
14.0,0,9,7,1043
14.0,0,9,8,1046
14.0,0,9,9,1049
14.0,0,9,10,1052
14.0,0,9,11,1056
14.0,0,9,12,1059
14.0,0,9,13,1062
14.0,0,9,14,1065
14.0,0,9,15,1068
14.0,0,10,0,1023
14.0,0,10,1,1027
14.0,0,10,2,1030
14.0,0,10,3,1033
14.0,0,10,4,1036
14.0,0,10,5,1040
14.0,0,10,6,1043
14.0,0,10,7,1046
14.0,0,10,8,1049
14.0,0,10,9,1053
14.0,0,10,10,1056
14.0,0,10,11,1059
14.0,0,10,12,1062
14.0,0,10,13,1065
14.0,0,10,14,1068
14.0,0,10,15,1072
14.0,0,11,0,1026
14.0,0,11,1,1030
14.0,0,11,2,1033
14.0,0,11,3,1036
14.0,0,11,4,1040
14.0,0,11,5,1043
14.0,0,11,6,1046
14.0,0,11,7,1049
14.0,0,11,8,1053
14.0,0,11,9,1056
14.0,0,11,10,1059
14.0,0,11,11,1062
14.0,0,11,12,1065
14.0,0,11,13,1069
14.0,0,11,14,1072
14.0,0,11,15,1075
14.0,0,12,0,1030
14.0,0,12,1,1033
14.0,0,12,2,1036
14.0,0,12,3,1040
14.0,0,12,4,1043
14.0,0,12,5,1046
14.0,0,12,6,1049
14.0,0,12,7,1053
14.0,0,12,8,1056
14.0,0,12,9,1059
14.0,0,12,10,1062
14.0,0,12,11,1066
14.0,0,12,12,1069
14.0,0,12,13,1072
14.0,0,12,14,1075
14.0,0,12,15,1078
14.0,0,13,0,1033
14.0,0,13,1,1036
14.0,0,13,2,1040
14.0,0,13,3,1043
14.0,0,13,4,1046
14.0,0,13,5,1049
14.0,0,13,6,1053
14.0,0,13,7,1056
14.0,0,13,8,1059
14.0,0,13,9,1062
14.0,0,13,10,1066
14.0,0,13,11,1069
14.0,0,13,12,1072
14.0,0,13,13,1075
14.0,0,13,14,1079
14.0,0,13,15,1082
14.0,0,14,0,1036
14.0,0,14,1,1039
14.0,0,14,2,1043
14.0,0,14,3,1046
14.0,0,14,4,1049
14.0,0,14,5,1053
14.0,0,14,6,1056
14.0,0,14,7,1059
14.0,0,14,8,1062
14.0,0,14,9,1066
14.0,0,14,10,1069
14.0,0,14,11,1072
14.0,0,14,12,1075
14.0,0,14,13,1079
14.0,0,14,14,1082
14.0,0,14,15,1085
14.0,0,15,0,1039
14.0,0,15,1,1043
14.0,0,15,2,1046
14.0,0,15,3,1049
14.0,0,15,4,1053
14.0,0,15,5,1056
14.0,0,15,6,1059
14.0,0,15,7,1062
14.0,0,15,8,1066
14.0,0,15,9,1069
14.0,0,15,10,1072
14.0,0,15,11,1075
14.0,0,15,12,1079
14.0,0,15,13,1082
14.0,0,15,14,1085
14.0,0,15,15,1088
14.0,1,0,0,994
14.0,1,0,1,998
14.0,1,0,2,1001
14.0,1,0,3,1004
14.0,1,0,4,1007
14.0,1,0,5,1010
14.0,1,0,6,1013
14.0,1,0,7,1017
14.0,1,0,8,1020
14.0,1,0,9,1023
14.0,1,0,10,1026
14.0,1,0,11,1029
14.0,1,0,12,1032
14.0,1,0,13,1035
14.0,1,0,14,1038
14.0,1,0,15,1041
14.0,1,1,0,998
14.0,1,1,1,1001
14.0,1,1,2,1004
14.0,1,1,3,1007
14.0,1,1,4,1010
14.0,1,1,5,1014
14.0,1,1,6,1017
14.0,1,1,7,1020
14.0,1,1,8,1023
14.0,1,1,9,1026
14.0,1,1,10,1029
14.0,1,1,11,1032
14.0,1,1,12,1036
14.0,1,1,13,1039
14.0,1,1,14,1042
14.0,1,1,15,1045
14.0,1,2,0,1001
14.0,1,2,1,1004
14.0,1,2,2,1007
14.0,1,2,3,1011
14.0,1,2,4,1014
14.0,1,2,5,1017
14.0,1,2,6,1020
14.0,1,2,7,1023
14.0,1,2,8,1027
14.0,1,2,9,1030
14.0,1,2,10,1033
14.0,1,2,11,1036
14.0,1,2,12,1039
14.0,1,2,13,1042
14.0,1,2,14,1045
14.0,1,2,15,1048
14.0,1,3,0,1004
14.0,1,3,1,1008
14.0,1,3,2,1011
14.0,1,3,3,1014
14.0,1,3,4,1017
14.0,1,3,5,1020
14.0,1,3,6,1024
14.0,1,3,7,1027
14.0,1,3,8,1030
14.0,1,3,9,1033
14.0,1,3,10,1036
14.0,1,3,11,1039
14.0,1,3,12,1042
14.0,1,3,13,1046
14.0,1,3,14,1049
14.0,1,3,15,1052
14.0,1,4,0,1008
14.0,1,4,1,1011
14.0,1,4,2,1014
14.0,1,4,3,1017
14.0,1,4,4,1021
14.0,1,4,5,1024
14.0,1,4,6,1027
14.0,1,4,7,1030
14.0,1,4,8,1033
14.0,1,4,9,1036
14.0,1,4,10,1040
14.0,1,4,11,1043
14.0,1,4,12,1046
14.0,1,4,13,1049
14.0,1,4,14,1052
14.0,1,4,15,1055
14.0,1,5,0,1011
14.0,1,5,1,1014
14.0,1,5,2,1017
14.0,1,5,3,1021
14.0,1,5,4,1024
14.0,1,5,5,1027
14.0,1,5,6,1030
14.0,1,5,7,1033
14.0,1,5,8,1037
14.0,1,5,9,1040
14.0,1,5,10,1043
14.0,1,5,11,1046
14.0,1,5,12,1049
14.0,1,5,13,1052
14.0,1,5,14,1056
14.0,1,5,15,1059
14.0,1,6,0,1014
14.0,1,6,1,1017
14.0,1,6,2,1021
14.0,1,6,3,1024
14.0,1,6,4,1027
14.0,1,6,5,1030
14.0,1,6,6,1034
14.0,1,6,7,1037
14.0,1,6,8,1040
14.0,1,6,9,1043
14.0,1,6,10,1046
14.0,1,6,11,1050
14.0,1,6,12,1053
14.0,1,6,13,1056
14.0,1,6,14,1059
14.0,1,6,15,1062
14.0,1,7,0,1017
14.0,1,7,1,1021
14.0,1,7,2,1024
14.0,1,7,3,1027
14.0,1,7,4,1030
14.0,1,7,5,1034
14.0,1,7,6,1037
14.0,1,7,7,1040
14.0,1,7,8,1043
14.0,1,7,9,1047
14.0,1,7,10,1050
14.0,1,7,11,1053
14.0,1,7,12,1056
14.0,1,7,13,1059
14.0,1,7,14,1062
14.0,1,7,15,1066
14.0,1,8,0,1021
14.0,1,8,1,1024
14.0,1,8,2,1027
14.0,1,8,3,1031
14.0,1,8,4,1034
14.0,1,8,5,1037
14.0,1,8,6,1040
14.0,1,8,7,1044
14.0,1,8,8,1047
14.0,1,8,9,1050
14.0,1,8,10,1053
14.0,1,8,11,1056
14.0,1,8,12,1059
14.0,1,8,13,1063
14.0,1,8,14,1066
14.0,1,8,15,1069
14.0,1,9,0,1024
14.0,1,9,1,1027
14.0,1,9,2,1031
14.0,1,9,3,1034
14.0,1,9,4,1037
14.0,1,9,5,1040
14.0,1,9,6,1044
14.0,1,9,7,1047
14.0,1,9,8,1050
14.0,1,9,9,1053
14.0,1,9,10,1056
14.0,1,9,11,1060
14.0,1,9,12,1063
14.0,1,9,13,1066
14.0,1,9,14,1069
14.0,1,9,15,1072
14.0,1,10,0,1027
14.0,1,10,1,1030
14.0,1,10,2,1034
14.0,1,10,3,1037
14.0,1,10,4,1040
14.0,1,10,5,1044
14.0,1,10,6,1047
14.0,1,10,7,1050
14.0,1,10,8,1053
14.0,1,10,9,1057
14.0,1,10,10,1060
14.0,1,10,11,1063
14.0,1,10,12,1066
14.0,1,10,13,1069
14.0,1,10,14,1073
14.0,1,10,15,1076
14.0,1,11,0,1030
14.0,1,11,1,1034
14.0,1,11,2,1037
14.0,1,11,3,1040
14.0,1,11,4,1044
14.0,1,11,5,1047
14.0,1,11,6,1050
14.0,1,11,7,1053
14.0,1,11,8,1057
14.0,1,11,9,1060
14.0,1,11,10,1063
14.0,1,11,11,1066
14.0,1,11,12,1070
14.0,1,11,13,1073
14.0,1,11,14,1076
14.0,1,11,15,1079
14.0,1,12,0,1034
14.0,1,12,1,1037
14.0,1,12,2,1040
14.0,1,12,3,1044
14.0,1,12,4,1047
14.0,1,12,5,1050
14.0,1,12,6,1053
14.0,1,12,7,1057
14.0,1,12,8,1060
14.0,1,12,9,1063
14.0,1,12,10,1066
14.0,1,12,11,1070
14.0,1,12,12,1073
14.0,1,12,13,1076
14.0,1,12,14,1079
14.0,1,12,15,1083
14.0,1,13,0,1037
14.0,1,13,1,1040
14.0,1,13,2,1044
14.0,1,13,3,1047
14.0,1,13,4,1050
14.0,1,13,5,1053
14.0,1,13,6,1057
14.0,1,13,7,1060
14.0,1,13,8,1063
14.0,1,13,9,1067
14.0,1,13,10,1070
14.0,1,13,11,1073
14.0,1,13,12,1076
14.0,1,13,13,1079
14.0,1,13,14,1083
14.0,1,13,15,1086
14.0,1,14,0,1040
14.0,1,14,1,1043
14.0,1,14,2,1047
14.0,1,14,3,1050
14.0,1,14,4,1053
14.0,1,14,5,1057
14.0,1,14,6,1060
14.0,1,14,7,1063
14.0,1,14,8,1067
14.0,1,14,9,1070
14.0,1,14,10,1073
14.0,1,14,11,1076
14.0,1,14,12,1080
14.0,1,14,13,1083
14.0,1,14,14,1086
14.0,1,14,15,1089
14.0,1,15,0,1043
14.0,1,15,1,1047
14.0,1,15,2,1050
14.0,1,15,3,1053
14.0,1,15,4,1057
14.0,1,15,5,1060
14.0,1,15,6,1063
14.0,1,15,7,1067
14.0,1,15,8,1070
14.0,1,15,9,1073
14.0,1,15,10,1076
14.0,1,15,11,1080
14.0,1,15,12,1083
14.0,1,15,13,1086
14.0,1,15,14,1089
14.0,1,15,15,1093
14.0,2,0,0,998
14.0,2,0,1,1001
14.0,2,0,2,1005
14.0,2,0,3,1008
14.0,2,0,4,1011
14.0,2,0,5,1014
14.0,2,0,6,1017
14.0,2,0,7,1020
14.0,2,0,8,1024
14.0,2,0,9,1027
14.0,2,0,10,1030
14.0,2,0,11,1033
14.0,2,0,12,1036
14.0,2,0,13,1039
14.0,2,0,14,1042
14.0,2,0,15,1045
14.0,2,1,0,1001
14.0,2,1,1,1005
14.0,2,1,2,1008
14.0,2,1,3,1011
14.0,2,1,4,1014
14.0,2,1,5,1018
14.0,2,1,6,1021
14.0,2,1,7,1024
14.0,2,1,8,1027
14.0,2,1,9,1030
14.0,2,1,10,1033
14.0,2,1,11,1036
14.0,2,1,12,1040
14.0,2,1,13,1043
14.0,2,1,14,1046
14.0,2,1,15,1049
14.0,2,2,0,1005
14.0,2,2,1,1008
14.0,2,2,2,1011
14.0,2,2,3,1015
14.0,2,2,4,1018
14.0,2,2,5,1021
14.0,2,2,6,1024
14.0,2,2,7,1027
14.0,2,2,8,1030
14.0,2,2,9,1034
14.0,2,2,10,1037
14.0,2,2,11,1040
14.0,2,2,12,1043
14.0,2,2,13,1046
14.0,2,2,14,1049
14.0,2,2,15,1052
14.0,2,3,0,1008
14.0,2,3,1,1011
14.0,2,3,2,1015
14.0,2,3,3,1018
14.0,2,3,4,1021
14.0,2,3,5,1024
14.0,2,3,6,1027
14.0,2,3,7,1031
14.0,2,3,8,1034
14.0,2,3,9,1037
14.0,2,3,10,1040
14.0,2,3,11,1043
14.0,2,3,12,1046
14.0,2,3,13,1050
14.0,2,3,14,1053
14.0,2,3,15,1056
14.0,2,4,0,1011
14.0,2,4,1,1015
14.0,2,4,2,1018
14.0,2,4,3,1021
14.0,2,4,4,1024
14.0,2,4,5,1028
14.0,2,4,6,1031
14.0,2,4,7,1034
14.0,2,4,8,1037
14.0,2,4,9,1040
14.0,2,4,10,1044
14.0,2,4,11,1047
14.0,2,4,12,1050
14.0,2,4,13,1053
14.0,2,4,14,1056
14.0,2,4,15,1059
14.0,2,5,0,1015
14.0,2,5,1,1018
14.0,2,5,2,1021
14.0,2,5,3,1025
14.0,2,5,4,1028
14.0,2,5,5,1031
14.0,2,5,6,1034
14.0,2,5,7,1037
14.0,2,5,8,1041
14.0,2,5,9,1044
14.0,2,5,10,1047
14.0,2,5,11,1050
14.0,2,5,12,1053
14.0,2,5,13,1056
14.0,2,5,14,1060
14.0,2,5,15,1063
14.0,2,6,0,1018
14.0,2,6,1,1021
14.0,2,6,2,1025
14.0,2,6,3,1028
14.0,2,6,4,1031
14.0,2,6,5,1034
14.0,2,6,6,1038
14.0,2,6,7,1041
14.0,2,6,8,1044
14.0,2,6,9,1047
14.0,2,6,10,1050
14.0,2,6,11,1054
14.0,2,6,12,1057
14.0,2,6,13,1060
14.0,2,6,14,1063
14.0,2,6,15,1066
14.0,2,7,0,1021
14.0,2,7,1,1025
14.0,2,7,2,1028
14.0,2,7,3,1031
14.0,2,7,4,1034
14.0,2,7,5,1038
14.0,2,7,6,1041
14.0,2,7,7,1044
14.0,2,7,8,1047
14.0,2,7,9,1051
14.0,2,7,10,1054
14.0,2,7,11,1057
14.0,2,7,12,1060
14.0,2,7,13,1063
14.0,2,7,14,1066
14.0,2,7,15,1070
14.0,2,8,0,1025
14.0,2,8,1,1028
14.0,2,8,2,1031
14.0,2,8,3,1034
14.0,2,8,4,1038
14.0,2,8,5,1041
14.0,2,8,6,1044
14.0,2,8,7,1047
14.0,2,8,8,1051
14.0,2,8,9,1054
14.0,2,8,10,1057
14.0,2,8,11,1060
14.0,2,8,12,1064
14.0,2,8,13,1067
14.0,2,8,14,1070
14.0,2,8,15,1073
14.0,2,9,0,1028
14.0,2,9,1,1031
14.0,2,9,2,1034
14.0,2,9,3,1038
14.0,2,9,4,1041
14.0,2,9,5,1044
14.0,2,9,6,1048
14.0,2,9,7,1051
14.0,2,9,8,1054
14.0,2,9,9,1057
14.0,2,9,10,1061
14.0,2,9,11,1064
14.0,2,9,12,1067
14.0,2,9,13,1070
14.0,2,9,14,1073
14.0,2,9,15,1076
14.0,2,10,0,1031
14.0,2,10,1,1034
14.0,2,10,2,1038
14.0,2,10,3,1041
14.0,2,10,4,1044
14.0,2,10,5,1048
14.0,2,10,6,1051
14.0,2,10,7,1054
14.0,2,10,8,1057
14.0,2,10,9,1061
14.0,2,10,10,1064
14.0,2,10,11,1067
14.0,2,10,12,1070
14.0,2,10,13,1073
14.0,2,10,14,1077
14.0,2,10,15,1080
14.0,2,11,0,1034
14.0,2,11,1,1038
14.0,2,11,2,1041
14.0,2,11,3,1044
14.0,2,11,4,1048
14.0,2,11,5,1051
14.0,2,11,6,1054
14.0,2,11,7,1057
14.0,2,11,8,1061
14.0,2,11,9,1064
14.0,2,11,10,1067
14.0,2,11,11,1070
14.0,2,11,12,1074
14.0,2,11,13,1077
14.0,2,11,14,1080
14.0,2,11,15,1083
14.0,2,12,0,1038
14.0,2,12,1,1041
14.0,2,12,2,1044
14.0,2,12,3,1048
14.0,2,12,4,1051
14.0,2,12,5,1054
14.0,2,12,6,1057
14.0,2,12,7,1061
14.0,2,12,8,1064
14.0,2,12,9,1067
14.0,2,12,10,1071
14.0,2,12,11,1074
14.0,2,12,12,1077
14.0,2,12,13,1080
14.0,2,12,14,1083
14.0,2,12,15,1087
14.0,2,13,0,1041
14.0,2,13,1,1044
14.0,2,13,2,1047
14.0,2,13,3,1051
14.0,2,13,4,1054
14.0,2,13,5,1057
14.0,2,13,6,1061
14.0,2,13,7,1064
14.0,2,13,8,1067
14.0,2,13,9,1071
14.0,2,13,10,1074
14.0,2,13,11,1077
14.0,2,13,12,1080
14.0,2,13,13,1084
14.0,2,13,14,1087
14.0,2,13,15,1090
14.0,2,14,0,1044
14.0,2,14,1,1047
14.0,2,14,2,1051
14.0,2,14,3,1054
14.0,2,14,4,1057
14.0,2,14,5,1061
14.0,2,14,6,1064
14.0,2,14,7,1067
14.0,2,14,8,1071
14.0,2,14,9,1074
14.0,2,14,10,1077
14.0,2,14,11,1080
14.0,2,14,12,1084
14.0,2,14,13,1087
14.0,2,14,14,1090
14.0,2,14,15,1093
14.0,2,15,0,1047
14.0,2,15,1,1051
14.0,2,15,2,1054
14.0,2,15,3,1057
14.0,2,15,4,1061
14.0,2,15,5,1064
14.0,2,15,6,1067
14.0,2,15,7,1071
14.0,2,15,8,1074
14.0,2,15,9,1077
14.0,2,15,10,1080
14.0,2,15,11,1084
14.0,2,15,12,1087
14.0,2,15,13,1090
14.0,2,15,14,1093
14.0,2,15,15,1097
14.0,3,0,0,1002
14.0,3,0,1,1005
14.0,3,0,2,1008
14.0,3,0,3,1012
14.0,3,0,4,1015
14.0,3,0,5,1018
14.0,3,0,6,1021
14.0,3,0,7,1024
14.0,3,0,8,1027
14.0,3,0,9,1031
14.0,3,0,10,1034
14.0,3,0,11,1037
14.0,3,0,12,1040
14.0,3,0,13,1043
14.0,3,0,14,1046
14.0,3,0,15,1049
14.0,3,1,0,1005
14.0,3,1,1,1009
14.0,3,1,2,1012
14.0,3,1,3,1015
14.0,3,1,4,1018
14.0,3,1,5,1021
14.0,3,1,6,1025
14.0,3,1,7,1028
14.0,3,1,8,1031
14.0,3,1,9,1034
14.0,3,1,10,1037
14.0,3,1,11,1040
14.0,3,1,12,1044
14.0,3,1,13,1047
14.0,3,1,14,1050
14.0,3,1,15,1053
14.0,3,2,0,1009
14.0,3,2,1,1012
14.0,3,2,2,1015
14.0,3,2,3,1018
14.0,3,2,4,1022
14.0,3,2,5,1025
14.0,3,2,6,1028
14.0,3,2,7,1031
14.0,3,2,8,1034
14.0,3,2,9,1038
14.0,3,2,10,1041
14.0,3,2,11,1044
14.0,3,2,12,1047
14.0,3,2,13,1050
14.0,3,2,14,1053
14.0,3,2,15,1056
14.0,3,3,0,1012
14.0,3,3,1,1015
14.0,3,3,2,1018
14.0,3,3,3,1022
14.0,3,3,4,1025
14.0,3,3,5,1028
14.0,3,3,6,1031
14.0,3,3,7,1035
14.0,3,3,8,1038
14.0,3,3,9,1041
14.0,3,3,10,1044
14.0,3,3,11,1047
14.0,3,3,12,1050
14.0,3,3,13,1054
14.0,3,3,14,1057
14.0,3,3,15,1060
14.0,3,4,0,1015
14.0,3,4,1,1019
14.0,3,4,2,1022
14.0,3,4,3,1025
14.0,3,4,4,1028
14.0,3,4,5,1032
14.0,3,4,6,1035
14.0,3,4,7,1038
14.0,3,4,8,1041
14.0,3,4,9,1044
14.0,3,4,10,1048
14.0,3,4,11,1051
14.0,3,4,12,1054
14.0,3,4,13,1057
14.0,3,4,14,1060
14.0,3,4,15,1063
14.0,3,5,0,1019
14.0,3,5,1,1022
14.0,3,5,2,1025
14.0,3,5,3,1028
14.0,3,5,4,1032
14.0,3,5,5,1035
14.0,3,5,6,1038
14.0,3,5,7,1041
14.0,3,5,8,1045
14.0,3,5,9,1048
14.0,3,5,10,1051
14.0,3,5,11,1054
14.0,3,5,12,1057
14.0,3,5,13,1060
14.0,3,5,14,1064
14.0,3,5,15,1067
14.0,3,6,0,1022
14.0,3,6,1,1025
14.0,3,6,2,1028
14.0,3,6,3,1032
14.0,3,6,4,1035
14.0,3,6,5,1038
14.0,3,6,6,1042
14.0,3,6,7,1045
14.0,3,6,8,1048
14.0,3,6,9,1051
14.0,3,6,10,1054
14.0,3,6,11,1058
14.0,3,6,12,1061
14.0,3,6,13,1064
14.0,3,6,14,1067
14.0,3,6,15,1070
14.0,3,7,0,1025
14.0,3,7,1,1029
14.0,3,7,2,1032
14.0,3,7,3,1035
14.0,3,7,4,1038
14.0,3,7,5,1042
14.0,3,7,6,1045
14.0,3,7,7,1048
14.0,3,7,8,1051
14.0,3,7,9,1055
14.0,3,7,10,1058
14.0,3,7,11,1061
14.0,3,7,12,1064
14.0,3,7,13,1067
14.0,3,7,14,1071
14.0,3,7,15,1074
14.0,3,8,0,1028
14.0,3,8,1,1032
14.0,3,8,2,1035
14.0,3,8,3,1038
14.0,3,8,4,1042
14.0,3,8,5,1045
14.0,3,8,6,1048
14.0,3,8,7,1051
14.0,3,8,8,1055
14.0,3,8,9,1058
14.0,3,8,10,1061
14.0,3,8,11,1064
14.0,3,8,12,1068
14.0,3,8,13,1071
14.0,3,8,14,1074
14.0,3,8,15,1077
14.0,3,9,0,1032
14.0,3,9,1,1035
14.0,3,9,2,1038
14.0,3,9,3,1042
14.0,3,9,4,1045
14.0,3,9,5,1048
14.0,3,9,6,1052
14.0,3,9,7,1055
14.0,3,9,8,1058
14.0,3,9,9,1061
14.0,3,9,10,1065
14.0,3,9,11,1068
14.0,3,9,12,1071
14.0,3,9,13,1074
14.0,3,9,14,1077
14.0,3,9,15,1081
14.0,3,10,0,1035
14.0,3,10,1,1038
14.0,3,10,2,1042
14.0,3,10,3,1045
14.0,3,10,4,1048
14.0,3,10,5,1052
14.0,3,10,6,1055
14.0,3,10,7,1058
14.0,3,10,8,1061
14.0,3,10,9,1065
14.0,3,10,10,1068
14.0,3,10,11,1071
14.0,3,10,12,1074
14.0,3,10,13,1078
14.0,3,10,14,1081
14.0,3,10,15,1084
14.0,3,11,0,1038
14.0,3,11,1,1042
14.0,3,11,2,1045
14.0,3,11,3,1048
14.0,3,11,4,1052
14.0,3,11,5,1055
14.0,3,11,6,1058
14.0,3,11,7,1061
14.0,3,11,8,1065
14.0,3,11,9,1068
14.0,3,11,10,1071
14.0,3,11,11,1075
14.0,3,11,12,1078
14.0,3,11,13,1081
14.0,3,11,14,1084
14.0,3,11,15,1087
14.0,3,12,0,1042
14.0,3,12,1,1045
14.0,3,12,2,1048
14.0,3,12,3,1052
14.0,3,12,4,1055
14.0,3,12,5,1058
14.0,3,12,6,1061
14.0,3,12,7,1065
14.0,3,12,8,1068
14.0,3,12,9,1071
14.0,3,12,10,1075
14.0,3,12,11,1078
14.0,3,12,12,1081
14.0,3,12,13,1084
14.0,3,12,14,1088
14.0,3,12,15,1091
14.0,3,13,0,1045
14.0,3,13,1,1048
14.0,3,13,2,1051
14.0,3,13,3,1055
14.0,3,13,4,1058
14.0,3,13,5,1061
14.0,3,13,6,1065
14.0,3,13,7,1068
14.0,3,13,8,1071
14.0,3,13,9,1075
14.0,3,13,10,1078
14.0,3,13,11,1081
14.0,3,13,12,1084
14.0,3,13,13,1088
14.0,3,13,14,1091
14.0,3,13,15,1094
14.0,3,14,0,1048
14.0,3,14,1,1051
14.0,3,14,2,1055
14.0,3,14,3,1058
14.0,3,14,4,1061
14.0,3,14,5,1065
14.0,3,14,6,1068
14.0,3,14,7,1071
14.0,3,14,8,1075
14.0,3,14,9,1078
14.0,3,14,10,1081
14.0,3,14,11,1085
14.0,3,14,12,1088
14.0,3,14,13,1091
14.0,3,14,14,1094
14.0,3,14,15,1098
14.0,3,15,0,1051
14.0,3,15,1,1055
14.0,3,15,2,1058
14.0,3,15,3,1061
14.0,3,15,4,1065
14.0,3,15,5,1068
14.0,3,15,6,1071
14.0,3,15,7,1075
14.0,3,15,8,1078
14.0,3,15,9,1081
14.0,3,15,10,1085
14.0,3,15,11,1088
14.0,3,15,12,1091
14.0,3,15,13,1094
14.0,3,15,14,1098
14.0,3,15,15,1101
14.0,4,0,0,1006
14.0,4,0,1,1009
14.0,4,0,2,1012
14.0,4,0,3,1015
14.0,4,0,4,1019
14.0,4,0,5,1022
14.0,4,0,6,1025
14.0,4,0,7,1028
14.0,4,0,8,1031
14.0,4,0,9,1035
14.0,4,0,10,1038
14.0,4,0,11,1041
14.0,4,0,12,1044
14.0,4,0,13,1047
14.0,4,0,14,1050
14.0,4,0,15,1053
14.0,4,1,0,1009
14.0,4,1,1,1012
14.0,4,1,2,1016
14.0,4,1,3,1019
14.0,4,1,4,1022
14.0,4,1,5,1025
14.0,4,1,6,1028
14.0,4,1,7,1032
14.0,4,1,8,1035
14.0,4,1,9,1038
14.0,4,1,10,1041
14.0,4,1,11,1044
14.0,4,1,12,1047
14.0,4,1,13,1051
14.0,4,1,14,1054
14.0,4,1,15,1057
14.0,4,2,0,1012
14.0,4,2,1,1016
14.0,4,2,2,1019
14.0,4,2,3,1022
14.0,4,2,4,1025
14.0,4,2,5,1029
14.0,4,2,6,1032
14.0,4,2,7,1035
14.0,4,2,8,1038
14.0,4,2,9,1041
14.0,4,2,10,1045
14.0,4,2,11,1048
14.0,4,2,12,1051
14.0,4,2,13,1054
14.0,4,2,14,1057
14.0,4,2,15,1060
14.0,4,3,0,1016
14.0,4,3,1,1019
14.0,4,3,2,1022
14.0,4,3,3,1026
14.0,4,3,4,1029
14.0,4,3,5,1032
14.0,4,3,6,1035
14.0,4,3,7,1039
14.0,4,3,8,1042
14.0,4,3,9,1045
14.0,4,3,10,1048
14.0,4,3,11,1051
14.0,4,3,12,1054
14.0,4,3,13,1058
14.0,4,3,14,1061
14.0,4,3,15,1064
14.0,4,4,0,1019
14.0,4,4,1,1022
14.0,4,4,2,1026
14.0,4,4,3,1029
14.0,4,4,4,1032
14.0,4,4,5,1035
14.0,4,4,6,1039
14.0,4,4,7,1042
14.0,4,4,8,1045
14.0,4,4,9,1048
14.0,4,4,10,1052
14.0,4,4,11,1055
14.0,4,4,12,1058
14.0,4,4,13,1061
14.0,4,4,14,1064
14.0,4,4,15,1067
14.0,4,5,0,1022
14.0,4,5,1,1026
14.0,4,5,2,1029
14.0,4,5,3,1032
14.0,4,5,4,1036
14.0,4,5,5,1039
14.0,4,5,6,1042
14.0,4,5,7,1045
14.0,4,5,8,1049
14.0,4,5,9,1052
14.0,4,5,10,1055
14.0,4,5,11,1058
14.0,4,5,12,1061
14.0,4,5,13,1065
14.0,4,5,14,1068
14.0,4,5,15,1071
14.0,4,6,0,1026
14.0,4,6,1,1029
14.0,4,6,2,1032
14.0,4,6,3,1036
14.0,4,6,4,1039
14.0,4,6,5,1042
14.0,4,6,6,1045
14.0,4,6,7,1049
14.0,4,6,8,1052
14.0,4,6,9,1055
14.0,4,6,10,1058
14.0,4,6,11,1062
14.0,4,6,12,1065
14.0,4,6,13,1068
14.0,4,6,14,1071
14.0,4,6,15,1074
14.0,4,7,0,1029
14.0,4,7,1,1032
14.0,4,7,2,1036
14.0,4,7,3,1039
14.0,4,7,4,1042
14.0,4,7,5,1046
14.0,4,7,6,1049
14.0,4,7,7,1052
14.0,4,7,8,1055
14.0,4,7,9,1059
14.0,4,7,10,1062
14.0,4,7,11,1065
14.0,4,7,12,1068
14.0,4,7,13,1071
14.0,4,7,14,1075
14.0,4,7,15,1078
14.0,4,8,0,1032
14.0,4,8,1,1036
14.0,4,8,2,1039
14.0,4,8,3,1042
14.0,4,8,4,1046
14.0,4,8,5,1049
14.0,4,8,6,1052
14.0,4,8,7,1055
14.0,4,8,8,1059
14.0,4,8,9,1062
14.0,4,8,10,1065
14.0,4,8,11,1068
14.0,4,8,12,1072
14.0,4,8,13,1075
14.0,4,8,14,1078
14.0,4,8,15,1081
14.0,4,9,0,1036
14.0,4,9,1,1039
14.0,4,9,2,1042
14.0,4,9,3,1046
14.0,4,9,4,1049
14.0,4,9,5,1052
14.0,4,9,6,1056
14.0,4,9,7,1059
14.0,4,9,8,1062
14.0,4,9,9,1065
14.0,4,9,10,1069
14.0,4,9,11,1072
14.0,4,9,12,1075
14.0,4,9,13,1078
14.0,4,9,14,1081
14.0,4,9,15,1085
14.0,4,10,0,1039
14.0,4,10,1,1042
14.0,4,10,2,1046
14.0,4,10,3,1049
14.0,4,10,4,1052
14.0,4,10,5,1056
14.0,4,10,6,1059
14.0,4,10,7,1062
14.0,4,10,8,1065
14.0,4,10,9,1069
14.0,4,10,10,1072
14.0,4,10,11,1075
14.0,4,10,12,1078
14.0,4,10,13,1082
14.0,4,10,14,1085
14.0,4,10,15,1088
14.0,4,11,0,1042
14.0,4,11,1,1046
14.0,4,11,2,1049
14.0,4,11,3,1052
14.0,4,11,4,1056
14.0,4,11,5,1059
14.0,4,11,6,1062
14.0,4,11,7,1066
14.0,4,11,8,1069
14.0,4,11,9,1072
14.0,4,11,10,1075
14.0,4,11,11,1079
14.0,4,11,12,1082
14.0,4,11,13,1085
14.0,4,11,14,1088
14.0,4,11,15,1092
14.0,4,12,0,1045
14.0,4,12,1,1049
14.0,4,12,2,1052
14.0,4,12,3,1056
14.0,4,12,4,1059
14.0,4,12,5,1062
14.0,4,12,6,1066
14.0,4,12,7,1069
14.0,4,12,8,1072
14.0,4,12,9,1075
14.0,4,12,10,1079
14.0,4,12,11,1082
14.0,4,12,12,1085
14.0,4,12,13,1088
14.0,4,12,14,1092
14.0,4,12,15,1095
14.0,4,13,0,1049
14.0,4,13,1,1052
14.0,4,13,2,1055
14.0,4,13,3,1059
14.0,4,13,4,1062
14.0,4,13,5,1066
14.0,4,13,6,1069
14.0,4,13,7,1072
14.0,4,13,8,1075
14.0,4,13,9,1079
14.0,4,13,10,1082
14.0,4,13,11,1085
14.0,4,13,12,1089
14.0,4,13,13,1092
14.0,4,13,14,1095
14.0,4,13,15,1098
14.0,4,14,0,1052
14.0,4,14,1,1055
14.0,4,14,2,1059
14.0,4,14,3,1062
14.0,4,14,4,1065
14.0,4,14,5,1069
14.0,4,14,6,1072
14.0,4,14,7,1075
14.0,4,14,8,1079
14.0,4,14,9,1082
14.0,4,14,10,1085
14.0,4,14,11,1089
14.0,4,14,12,1092
14.0,4,14,13,1095
14.0,4,14,14,1098
14.0,4,14,15,1102
14.0,4,15,0,1055
14.0,4,15,1,1059
14.0,4,15,2,1062
14.0,4,15,3,1065
14.0,4,15,4,1069
14.0,4,15,5,1072
14.0,4,15,6,1075
14.0,4,15,7,1079
14.0,4,15,8,1082
14.0,4,15,9,1085
14.0,4,15,10,1089
14.0,4,15,11,1092
14.0,4,15,12,1095
14.0,4,15,13,1099
14.0,4,15,14,1102
14.0,4,15,15,1105
14.0,5,0,0,1010
14.0,5,0,1,1013
14.0,5,0,2,1016
14.0,5,0,3,1019
14.0,5,0,4,1022
14.0,5,0,5,1026
14.0,5,0,6,1029
14.0,5,0,7,1032
14.0,5,0,8,1035
14.0,5,0,9,1038
14.0,5,0,10,1042
14.0,5,0,11,1045
14.0,5,0,12,1048
14.0,5,0,13,1051
14.0,5,0,14,1054
14.0,5,0,15,1057
14.0,5,1,0,1013
14.0,5,1,1,1016
14.0,5,1,2,1019
14.0,5,1,3,1023
14.0,5,1,4,1026
14.0,5,1,5,1029
14.0,5,1,6,1032
14.0,5,1,7,1036
14.0,5,1,8,1039
14.0,5,1,9,1042
14.0,5,1,10,1045
14.0,5,1,11,1048
14.0,5,1,12,1051
14.0,5,1,13,1055
14.0,5,1,14,1058
14.0,5,1,15,1061
14.0,5,2,0,1016
14.0,5,2,1,1020
14.0,5,2,2,1023
14.0,5,2,3,1026
14.0,5,2,4,1029
14.0,5,2,5,1033
14.0,5,2,6,1036
14.0,5,2,7,1039
14.0,5,2,8,1042
14.0,5,2,9,1045
14.0,5,2,10,1049
14.0,5,2,11,1052
14.0,5,2,12,1055
14.0,5,2,13,1058
14.0,5,2,14,1061
14.0,5,2,15,1064
14.0,5,3,0,1020
14.0,5,3,1,1023
14.0,5,3,2,1026
14.0,5,3,3,1029
14.0,5,3,4,1033
14.0,5,3,5,1036
14.0,5,3,6,1039
14.0,5,3,7,1042
14.0,5,3,8,1046
14.0,5,3,9,1049
14.0,5,3,10,1052
14.0,5,3,11,1055
14.0,5,3,12,1058
14.0,5,3,13,1062
14.0,5,3,14,1065
14.0,5,3,15,1068
14.0,5,4,0,1023
14.0,5,4,1,1026
14.0,5,4,2,1030
14.0,5,4,3,1033
14.0,5,4,4,1036
14.0,5,4,5,1039
14.0,5,4,6,1043
14.0,5,4,7,1046
14.0,5,4,8,1049
14.0,5,4,9,1052
14.0,5,4,10,1055
14.0,5,4,11,1059
14.0,5,4,12,1062
14.0,5,4,13,1065
14.0,5,4,14,1068
14.0,5,4,15,1071
14.0,5,5,0,1026
14.0,5,5,1,1030
14.0,5,5,2,1033
14.0,5,5,3,1036
14.0,5,5,4,1040
14.0,5,5,5,1043
14.0,5,5,6,1046
14.0,5,5,7,1049
14.0,5,5,8,1053
14.0,5,5,9,1056
14.0,5,5,10,1059
14.0,5,5,11,1062
14.0,5,5,12,1065
14.0,5,5,13,1069
14.0,5,5,14,1072
14.0,5,5,15,1075
14.0,5,6,0,1030
14.0,5,6,1,1033
14.0,5,6,2,1036
14.0,5,6,3,1040
14.0,5,6,4,1043
14.0,5,6,5,1046
14.0,5,6,6,1049
14.0,5,6,7,1053
14.0,5,6,8,1056
14.0,5,6,9,1059
14.0,5,6,10,1062
14.0,5,6,11,1066
14.0,5,6,12,1069
14.0,5,6,13,1072
14.0,5,6,14,1075
14.0,5,6,15,1078
14.0,5,7,0,1033
14.0,5,7,1,1036
14.0,5,7,2,1040
14.0,5,7,3,1043
14.0,5,7,4,1046
14.0,5,7,5,1050
14.0,5,7,6,1053
14.0,5,7,7,1056
14.0,5,7,8,1059
14.0,5,7,9,1063
14.0,5,7,10,1066
14.0,5,7,11,1069
14.0,5,7,12,1072
14.0,5,7,13,1075
14.0,5,7,14,1079
14.0,5,7,15,1082
14.0,5,8,0,1036
14.0,5,8,1,1040
14.0,5,8,2,1043
14.0,5,8,3,1046
14.0,5,8,4,1050
14.0,5,8,5,1053
14.0,5,8,6,1056
14.0,5,8,7,1059
14.0,5,8,8,1063
14.0,5,8,9,1066
14.0,5,8,10,1069
14.0,5,8,11,1072
14.0,5,8,12,1076
14.0,5,8,13,1079
14.0,5,8,14,1082
14.0,5,8,15,1085
14.0,5,9,0,1040
14.0,5,9,1,1043
14.0,5,9,2,1046
14.0,5,9,3,1050
14.0,5,9,4,1053
14.0,5,9,5,1056
14.0,5,9,6,1060
14.0,5,9,7,1063
14.0,5,9,8,1066
14.0,5,9,9,1069
14.0,5,9,10,1073
14.0,5,9,11,1076
14.0,5,9,12,1079
14.0,5,9,13,1082
14.0,5,9,14,1086
14.0,5,9,15,1089
14.0,5,10,0,1043
14.0,5,10,1,1046
14.0,5,10,2,1050
14.0,5,10,3,1053
14.0,5,10,4,1056
14.0,5,10,5,1060
14.0,5,10,6,1063
14.0,5,10,7,1066
14.0,5,10,8,1069
14.0,5,10,9,1073
14.0,5,10,10,1076
14.0,5,10,11,1079
14.0,5,10,12,1083
14.0,5,10,13,1086
14.0,5,10,14,1089
14.0,5,10,15,1092
14.0,5,11,0,1046
14.0,5,11,1,1050
14.0,5,11,2,1053
14.0,5,11,3,1056
14.0,5,11,4,1060
14.0,5,11,5,1063
14.0,5,11,6,1066
14.0,5,11,7,1070
14.0,5,11,8,1073
14.0,5,11,9,1076
14.0,5,11,10,1079
14.0,5,11,11,1083
14.0,5,11,12,1086
14.0,5,11,13,1089
14.0,5,11,14,1092
14.0,5,11,15,1096
14.0,5,12,0,1049
14.0,5,12,1,1053
14.0,5,12,2,1056
14.0,5,12,3,1060
14.0,5,12,4,1063
14.0,5,12,5,1066
14.0,5,12,6,1070
14.0,5,12,7,1073
14.0,5,12,8,1076
14.0,5,12,9,1079
14.0,5,12,10,1083
14.0,5,12,11,1086
14.0,5,12,12,1089
14.0,5,12,13,1093
14.0,5,12,14,1096
14.0,5,12,15,1099
14.0,5,13,0,1053
14.0,5,13,1,1056
14.0,5,13,2,1059
14.0,5,13,3,1063
14.0,5,13,4,1066
14.0,5,13,5,1070
14.0,5,13,6,1073
14.0,5,13,7,1076
14.0,5,13,8,1080
14.0,5,13,9,1083
14.0,5,13,10,1086
14.0,5,13,11,1089
14.0,5,13,12,1093
14.0,5,13,13,1096
14.0,5,13,14,1099
14.0,5,13,15,1102
14.0,5,14,0,1056
14.0,5,14,1,1059
14.0,5,14,2,1063
14.0,5,14,3,1066
14.0,5,14,4,1069
14.0,5,14,5,1073
14.0,5,14,6,1076
14.0,5,14,7,1080
14.0,5,14,8,1083
14.0,5,14,9,1086
14.0,5,14,10,1089
14.0,5,14,11,1093
14.0,5,14,12,1096
14.0,5,14,13,1099
14.0,5,14,14,1103
14.0,5,14,15,1106
14.0,5,15,0,1059
14.0,5,15,1,1063
14.0,5,15,2,1066
14.0,5,15,3,1069
14.0,5,15,4,1073
14.0,5,15,5,1076
14.0,5,15,6,1079
14.0,5,15,7,1083
14.0,5,15,8,1086
14.0,5,15,9,1089
14.0,5,15,10,1093
14.0,5,15,11,1096
14.0,5,15,12,1099
14.0,5,15,13,1103
14.0,5,15,14,1106
14.0,5,15,15,1109
14.0,6,0,0,1013
14.0,6,0,1,1017
14.0,6,0,2,1020
14.0,6,0,3,1023
14.0,6,0,4,1026
14.0,6,0,5,1030
14.0,6,0,6,1033
14.0,6,0,7,1036
14.0,6,0,8,1039
14.0,6,0,9,1042
14.0,6,0,10,1046
14.0,6,0,11,1049
14.0,6,0,12,1052
14.0,6,0,13,1055
14.0,6,0,14,1058
14.0,6,0,15,1061
14.0,6,1,0,1017
14.0,6,1,1,1020
14.0,6,1,2,1023
14.0,6,1,3,1027
14.0,6,1,4,1030
14.0,6,1,5,1033
14.0,6,1,6,1036
14.0,6,1,7,1039
14.0,6,1,8,1043
14.0,6,1,9,1046
14.0,6,1,10,1049
14.0,6,1,11,1052
14.0,6,1,12,1055
14.0,6,1,13,1059
14.0,6,1,14,1062
14.0,6,1,15,1065
14.0,6,2,0,1020
14.0,6,2,1,1023
14.0,6,2,2,1027
14.0,6,2,3,1030
14.0,6,2,4,1033
14.0,6,2,5,1036
14.0,6,2,6,1040
14.0,6,2,7,1043
14.0,6,2,8,1046
14.0,6,2,9,1049
14.0,6,2,10,1053
14.0,6,2,11,1056
14.0,6,2,12,1059
14.0,6,2,13,1062
14.0,6,2,14,1065
14.0,6,2,15,1068
14.0,6,3,0,1023
14.0,6,3,1,1027
14.0,6,3,2,1030
14.0,6,3,3,1033
14.0,6,3,4,1037
14.0,6,3,5,1040
14.0,6,3,6,1043
14.0,6,3,7,1046
14.0,6,3,8,1050
14.0,6,3,9,1053
14.0,6,3,10,1056
14.0,6,3,11,1059
14.0,6,3,12,1062
14.0,6,3,13,1066
14.0,6,3,14,1069
14.0,6,3,15,1072
14.0,6,4,0,1027
14.0,6,4,1,1030
14.0,6,4,2,1033
14.0,6,4,3,1037
14.0,6,4,4,1040
14.0,6,4,5,1043
14.0,6,4,6,1047
14.0,6,4,7,1050
14.0,6,4,8,1053
14.0,6,4,9,1056
14.0,6,4,10,1059
14.0,6,4,11,1063
14.0,6,4,12,1066
14.0,6,4,13,1069
14.0,6,4,14,1072
14.0,6,4,15,1075
14.0,6,5,0,1030
14.0,6,5,1,1034
14.0,6,5,2,1037
14.0,6,5,3,1040
14.0,6,5,4,1043
14.0,6,5,5,1047
14.0,6,5,6,1050
14.0,6,5,7,1053
14.0,6,5,8,1056
14.0,6,5,9,1060
14.0,6,5,10,1063
14.0,6,5,11,1066
14.0,6,5,12,1069
14.0,6,5,13,1073
14.0,6,5,14,1076
14.0,6,5,15,1079
14.0,6,6,0,1034
14.0,6,6,1,1037
14.0,6,6,2,1040
14.0,6,6,3,1043
14.0,6,6,4,1047
14.0,6,6,5,1050
14.0,6,6,6,1053
14.0,6,6,7,1057
14.0,6,6,8,1060
14.0,6,6,9,1063
14.0,6,6,10,1066
14.0,6,6,11,1070
14.0,6,6,12,1073
14.0,6,6,13,1076
14.0,6,6,14,1079
14.0,6,6,15,1082
14.0,6,7,0,1037
14.0,6,7,1,1040
14.0,6,7,2,1044
14.0,6,7,3,1047
14.0,6,7,4,1050
14.0,6,7,5,1053
14.0,6,7,6,1057
14.0,6,7,7,1060
14.0,6,7,8,1063
14.0,6,7,9,1067
14.0,6,7,10,1070
14.0,6,7,11,1073
14.0,6,7,12,1076
14.0,6,7,13,1079
14.0,6,7,14,1083
14.0,6,7,15,1086
14.0,6,8,0,1040
14.0,6,8,1,1044
14.0,6,8,2,1047
14.0,6,8,3,1050
14.0,6,8,4,1054
14.0,6,8,5,1057
14.0,6,8,6,1060
14.0,6,8,7,1063
14.0,6,8,8,1067
14.0,6,8,9,1070
14.0,6,8,10,1073
14.0,6,8,11,1076
14.0,6,8,12,1080
14.0,6,8,13,1083
14.0,6,8,14,1086
14.0,6,8,15,1089
14.0,6,9,0,1043
14.0,6,9,1,1047
14.0,6,9,2,1050
14.0,6,9,3,1054
14.0,6,9,4,1057
14.0,6,9,5,1060
14.0,6,9,6,1064
14.0,6,9,7,1067
14.0,6,9,8,1070
14.0,6,9,9,1073
14.0,6,9,10,1077
14.0,6,9,11,1080
14.0,6,9,12,1083
14.0,6,9,13,1086
14.0,6,9,14,1090
14.0,6,9,15,1093
14.0,6,10,0,1047
14.0,6,10,1,1050
14.0,6,10,2,1054
14.0,6,10,3,1057
14.0,6,10,4,1060
14.0,6,10,5,1064
14.0,6,10,6,1067
14.0,6,10,7,1070
14.0,6,10,8,1073
14.0,6,10,9,1077
14.0,6,10,10,1080
14.0,6,10,11,1083
14.0,6,10,12,1087
14.0,6,10,13,1090
14.0,6,10,14,1093
14.0,6,10,15,1096
14.0,6,11,0,1050
14.0,6,11,1,1053
14.0,6,11,2,1057
14.0,6,11,3,1060
14.0,6,11,4,1064
14.0,6,11,5,1067
14.0,6,11,6,1070
14.0,6,11,7,1074
14.0,6,11,8,1077
14.0,6,11,9,1080
14.0,6,11,10,1083
14.0,6,11,11,1087
14.0,6,11,12,1090
14.0,6,11,13,1093
14.0,6,11,14,1097
14.0,6,11,15,1100
14.0,6,12,0,1053
14.0,6,12,1,1057
14.0,6,12,2,1060
14.0,6,12,3,1064
14.0,6,12,4,1067
14.0,6,12,5,1070
14.0,6,12,6,1074
14.0,6,12,7,1077
14.0,6,12,8,1080
14.0,6,12,9,1084
14.0,6,12,10,1087
14.0,6,12,11,1090
14.0,6,12,12,1093
14.0,6,12,13,1097
14.0,6,12,14,1100
14.0,6,12,15,1103
14.0,6,13,0,1057
14.0,6,13,1,1060
14.0,6,13,2,1063
14.0,6,13,3,1067
14.0,6,13,4,1070
14.0,6,13,5,1074
14.0,6,13,6,1077
14.0,6,13,7,1080
14.0,6,13,8,1084
14.0,6,13,9,1087
14.0,6,13,10,1090
14.0,6,13,11,1093
14.0,6,13,12,1097
14.0,6,13,13,1100
14.0,6,13,14,1103
14.0,6,13,15,1107
14.0,6,14,0,1060
14.0,6,14,1,1063
14.0,6,14,2,1067
14.0,6,14,3,1070
14.0,6,14,4,1073
14.0,6,14,5,1077
14.0,6,14,6,1080
14.0,6,14,7,1084
14.0,6,14,8,1087
14.0,6,14,9,1090
14.0,6,14,10,1094
14.0,6,14,11,1097
14.0,6,14,12,1100
14.0,6,14,13,1103
14.0,6,14,14,1107
14.0,6,14,15,1110
14.0,6,15,0,1063
14.0,6,15,1,1067
14.0,6,15,2,1070
14.0,6,15,3,1073
14.0,6,15,4,1077
14.0,6,15,5,1080
14.0,6,15,6,1084
14.0,6,15,7,1087
14.0,6,15,8,1090
14.0,6,15,9,1094
14.0,6,15,10,1097
14.0,6,15,11,1100
14.0,6,15,12,1104
14.0,6,15,13,1107
14.0,6,15,14,1110
14.0,6,15,15,1113
14.0,7,0,0,1017
14.0,7,0,1,1020
14.0,7,0,2,1024
14.0,7,0,3,1027
14.0,7,0,4,1030
14.0,7,0,5,1033
14.0,7,0,6,1037
14.0,7,0,7,1040
14.0,7,0,8,1043
14.0,7,0,9,1046
14.0,7,0,10,1049
14.0,7,0,11,1053
14.0,7,0,12,1056
14.0,7,0,13,1059
14.0,7,0,14,1062
14.0,7,0,15,1065
14.0,7,1,0,1021
14.0,7,1,1,1024
14.0,7,1,2,1027
14.0,7,1,3,1030
14.0,7,1,4,1034
14.0,7,1,5,1037
14.0,7,1,6,1040
14.0,7,1,7,1043
14.0,7,1,8,1047
14.0,7,1,9,1050
14.0,7,1,10,1053
14.0,7,1,11,1056
14.0,7,1,12,1059
14.0,7,1,13,1062
14.0,7,1,14,1066
14.0,7,1,15,1069
14.0,7,2,0,1024
14.0,7,2,1,1027
14.0,7,2,2,1031
14.0,7,2,3,1034
14.0,7,2,4,1037
14.0,7,2,5,1040
14.0,7,2,6,1044
14.0,7,2,7,1047
14.0,7,2,8,1050
14.0,7,2,9,1053
14.0,7,2,10,1056
14.0,7,2,11,1060
14.0,7,2,12,1063
14.0,7,2,13,1066
14.0,7,2,14,1069
14.0,7,2,15,1072
14.0,7,3,0,1027
14.0,7,3,1,1031
14.0,7,3,2,1034
14.0,7,3,3,1037
14.0,7,3,4,1040
14.0,7,3,5,1044
14.0,7,3,6,1047
14.0,7,3,7,1050
14.0,7,3,8,1054
14.0,7,3,9,1057
14.0,7,3,10,1060
14.0,7,3,11,1063
14.0,7,3,12,1066
14.0,7,3,13,1070
14.0,7,3,14,1073
14.0,7,3,15,1076
14.0,7,4,0,1031
14.0,7,4,1,1034
14.0,7,4,2,1037
14.0,7,4,3,1041
14.0,7,4,4,1044
14.0,7,4,5,1047
14.0,7,4,6,1050
14.0,7,4,7,1054
14.0,7,4,8,1057
14.0,7,4,9,1060
14.0,7,4,10,1063
14.0,7,4,11,1067
14.0,7,4,12,1070
14.0,7,4,13,1073
14.0,7,4,14,1076
14.0,7,4,15,1079
14.0,7,5,0,1034
14.0,7,5,1,1037
14.0,7,5,2,1041
14.0,7,5,3,1044
14.0,7,5,4,1047
14.0,7,5,5,1051
14.0,7,5,6,1054
14.0,7,5,7,1057
14.0,7,5,8,1060
14.0,7,5,9,1064
14.0,7,5,10,1067
14.0,7,5,11,1070
14.0,7,5,12,1073
14.0,7,5,13,1077
14.0,7,5,14,1080
14.0,7,5,15,1083
14.0,7,6,0,1037
14.0,7,6,1,1041
14.0,7,6,2,1044
14.0,7,6,3,1047
14.0,7,6,4,1051
14.0,7,6,5,1054
14.0,7,6,6,1057
14.0,7,6,7,1061
14.0,7,6,8,1064
14.0,7,6,9,1067
14.0,7,6,10,1070
14.0,7,6,11,1074
14.0,7,6,12,1077
14.0,7,6,13,1080
14.0,7,6,14,1083
14.0,7,6,15,1086
14.0,7,7,0,1041
14.0,7,7,1,1044
14.0,7,7,2,1047
14.0,7,7,3,1051
14.0,7,7,4,1054
14.0,7,7,5,1057
14.0,7,7,6,1061
14.0,7,7,7,1064
14.0,7,7,8,1067
14.0,7,7,9,1071
14.0,7,7,10,1074
14.0,7,7,11,1077
14.0,7,7,12,1080
14.0,7,7,13,1084
14.0,7,7,14,1087
14.0,7,7,15,1090
14.0,7,8,0,1044
14.0,7,8,1,1047
14.0,7,8,2,1051
14.0,7,8,3,1054
14.0,7,8,4,1057
14.0,7,8,5,1061
14.0,7,8,6,1064
14.0,7,8,7,1067
14.0,7,8,8,1071
14.0,7,8,9,1074
14.0,7,8,10,1077
14.0,7,8,11,1081
14.0,7,8,12,1084
14.0,7,8,13,1087
14.0,7,8,14,1090
14.0,7,8,15,1093
14.0,7,9,0,1047
14.0,7,9,1,1051
14.0,7,9,2,1054
14.0,7,9,3,1058
14.0,7,9,4,1061
14.0,7,9,5,1064
14.0,7,9,6,1067
14.0,7,9,7,1071
14.0,7,9,8,1074
14.0,7,9,9,1077
14.0,7,9,10,1081
14.0,7,9,11,1084
14.0,7,9,12,1087
14.0,7,9,13,1090
14.0,7,9,14,1094
14.0,7,9,15,1097
14.0,7,10,0,1051
14.0,7,10,1,1054
14.0,7,10,2,1057
14.0,7,10,3,1061
14.0,7,10,4,1064
14.0,7,10,5,1068
14.0,7,10,6,1071
14.0,7,10,7,1074
14.0,7,10,8,1078
14.0,7,10,9,1081
14.0,7,10,10,1084
14.0,7,10,11,1087
14.0,7,10,12,1091
14.0,7,10,13,1094
14.0,7,10,14,1097
14.0,7,10,15,1100
14.0,7,11,0,1054
14.0,7,11,1,1057
14.0,7,11,2,1061
14.0,7,11,3,1064
14.0,7,11,4,1068
14.0,7,11,5,1071
14.0,7,11,6,1074
14.0,7,11,7,1078
14.0,7,11,8,1081
14.0,7,11,9,1084
14.0,7,11,10,1088
14.0,7,11,11,1091
14.0,7,11,12,1094
14.0,7,11,13,1097
14.0,7,11,14,1101
14.0,7,11,15,1104
14.0,7,12,0,1057
14.0,7,12,1,1061
14.0,7,12,2,1064
14.0,7,12,3,1067
14.0,7,12,4,1071
14.0,7,12,5,1074
14.0,7,12,6,1078
14.0,7,12,7,1081
14.0,7,12,8,1084
14.0,7,12,9,1088
14.0,7,12,10,1091
14.0,7,12,11,1094
14.0,7,12,12,1097
14.0,7,12,13,1101
14.0,7,12,14,1104
14.0,7,12,15,1107
14.0,7,13,0,1061
14.0,7,13,1,1064
14.0,7,13,2,1067
14.0,7,13,3,1071
14.0,7,13,4,1074
14.0,7,13,5,1078
14.0,7,13,6,1081
14.0,7,13,7,1084
14.0,7,13,8,1088
14.0,7,13,9,1091
14.0,7,13,10,1094
14.0,7,13,11,1098
14.0,7,13,12,1101
14.0,7,13,13,1104
14.0,7,13,14,1107
14.0,7,13,15,1111
14.0,7,14,0,1064
14.0,7,14,1,1067
14.0,7,14,2,1071
14.0,7,14,3,1074
14.0,7,14,4,1078
14.0,7,14,5,1081
14.0,7,14,6,1084
14.0,7,14,7,1088
14.0,7,14,8,1091
14.0,7,14,9,1094
14.0,7,14,10,1098
14.0,7,14,11,1101
14.0,7,14,12,1104
14.0,7,14,13,1108
14.0,7,14,14,1111
14.0,7,14,15,1114
14.0,7,15,0,1067
14.0,7,15,1,1071
14.0,7,15,2,1074
14.0,7,15,3,1077
14.0,7,15,4,1081
14.0,7,15,5,1084
14.0,7,15,6,1088
14.0,7,15,7,1091
14.0,7,15,8,1094
14.0,7,15,9,1098
14.0,7,15,10,1101
14.0,7,15,11,1104
14.0,7,15,12,1108
14.0,7,15,13,1111
14.0,7,15,14,1114
14.0,7,15,15,1118
14.0,8,0,0,1021
14.0,8,0,1,1024
14.0,8,0,2,1027
14.0,8,0,3,1031
14.0,8,0,4,1034
14.0,8,0,5,1037
14.0,8,0,6,1041
14.0,8,0,7,1044
14.0,8,0,8,1047
14.0,8,0,9,1050
14.0,8,0,10,1053
14.0,8,0,11,1057
14.0,8,0,12,1060
14.0,8,0,13,1063
14.0,8,0,14,1066
14.0,8,0,15,1069
14.0,8,1,0,1024
14.0,8,1,1,1028
14.0,8,1,2,1031
14.0,8,1,3,1034
14.0,8,1,4,1037
14.0,8,1,5,1041
14.0,8,1,6,1044
14.0,8,1,7,1047
14.0,8,1,8,1050
14.0,8,1,9,1054
14.0,8,1,10,1057
14.0,8,1,11,1060
14.0,8,1,12,1063
14.0,8,1,13,1066
14.0,8,1,14,1070
14.0,8,1,15,1073
14.0,8,2,0,1028
14.0,8,2,1,1031
14.0,8,2,2,1034
14.0,8,2,3,1038
14.0,8,2,4,1041
14.0,8,2,5,1044
14.0,8,2,6,1047
14.0,8,2,7,1051
14.0,8,2,8,1054
14.0,8,2,9,1057
14.0,8,2,10,1060
14.0,8,2,11,1064
14.0,8,2,12,1067
14.0,8,2,13,1070
14.0,8,2,14,1073
14.0,8,2,15,1076
14.0,8,3,0,1031
14.0,8,3,1,1034
14.0,8,3,2,1038
14.0,8,3,3,1041
14.0,8,3,4,1044
14.0,8,3,5,1048
14.0,8,3,6,1051
14.0,8,3,7,1054
14.0,8,3,8,1057
14.0,8,3,9,1061
14.0,8,3,10,1064
14.0,8,3,11,1067
14.0,8,3,12,1070
14.0,8,3,13,1074
14.0,8,3,14,1077
14.0,8,3,15,1080
14.0,8,4,0,1035
14.0,8,4,1,1038
14.0,8,4,2,1041
14.0,8,4,3,1045
14.0,8,4,4,1048
14.0,8,4,5,1051
14.0,8,4,6,1054
14.0,8,4,7,1058
14.0,8,4,8,1061
14.0,8,4,9,1064
14.0,8,4,10,1067
14.0,8,4,11,1071
14.0,8,4,12,1074
14.0,8,4,13,1077
14.0,8,4,14,1080
14.0,8,4,15,1083
14.0,8,5,0,1038
14.0,8,5,1,1041
14.0,8,5,2,1045
14.0,8,5,3,1048
14.0,8,5,4,1051
14.0,8,5,5,1055
14.0,8,5,6,1058
14.0,8,5,7,1061
14.0,8,5,8,1064
14.0,8,5,9,1068
14.0,8,5,10,1071
14.0,8,5,11,1074
14.0,8,5,12,1077
14.0,8,5,13,1081
14.0,8,5,14,1084
14.0,8,5,15,1087
14.0,8,6,0,1041
14.0,8,6,1,1045
14.0,8,6,2,1048
14.0,8,6,3,1051
14.0,8,6,4,1055
14.0,8,6,5,1058
14.0,8,6,6,1061
14.0,8,6,7,1065
14.0,8,6,8,1068
14.0,8,6,9,1071
14.0,8,6,10,1074
14.0,8,6,11,1078
14.0,8,6,12,1081
14.0,8,6,13,1084
14.0,8,6,14,1087
14.0,8,6,15,1091
14.0,8,7,0,1045
14.0,8,7,1,1048
14.0,8,7,2,1051
14.0,8,7,3,1055
14.0,8,7,4,1058
14.0,8,7,5,1061
14.0,8,7,6,1065
14.0,8,7,7,1068
14.0,8,7,8,1071
14.0,8,7,9,1075
14.0,8,7,10,1078
14.0,8,7,11,1081
14.0,8,7,12,1084
14.0,8,7,13,1088
14.0,8,7,14,1091
14.0,8,7,15,1094
14.0,8,8,0,1048
14.0,8,8,1,1051
14.0,8,8,2,1055
14.0,8,8,3,1058
14.0,8,8,4,1061
14.0,8,8,5,1065
14.0,8,8,6,1068
14.0,8,8,7,1071
14.0,8,8,8,1075
14.0,8,8,9,1078
14.0,8,8,10,1081
14.0,8,8,11,1085
14.0,8,8,12,1088
14.0,8,8,13,1091
14.0,8,8,14,1094
14.0,8,8,15,1098
14.0,8,9,0,1051
14.0,8,9,1,1055
14.0,8,9,2,1058
14.0,8,9,3,1061
14.0,8,9,4,1065
14.0,8,9,5,1068
14.0,8,9,6,1071
14.0,8,9,7,1075
14.0,8,9,8,1078
14.0,8,9,9,1081
14.0,8,9,10,1085
14.0,8,9,11,1088
14.0,8,9,12,1091
14.0,8,9,13,1095
14.0,8,9,14,1098
14.0,8,9,15,1101
14.0,8,10,0,1055
14.0,8,10,1,1058
14.0,8,10,2,1061
14.0,8,10,3,1065
14.0,8,10,4,1068
14.0,8,10,5,1072
14.0,8,10,6,1075
14.0,8,10,7,1078
14.0,8,10,8,1082
14.0,8,10,9,1085
14.0,8,10,10,1088
14.0,8,10,11,1091
14.0,8,10,12,1095
14.0,8,10,13,1098
14.0,8,10,14,1101
14.0,8,10,15,1105
14.0,8,11,0,1058
14.0,8,11,1,1061
14.0,8,11,2,1065
14.0,8,11,3,1068
14.0,8,11,4,1072
14.0,8,11,5,1075
14.0,8,11,6,1078
14.0,8,11,7,1082
14.0,8,11,8,1085
14.0,8,11,9,1088
14.0,8,11,10,1092
14.0,8,11,11,1095
14.0,8,11,12,1098
14.0,8,11,13,1101
14.0,8,11,14,1105
14.0,8,11,15,1108
14.0,8,12,0,1061
14.0,8,12,1,1065
14.0,8,12,2,1068
14.0,8,12,3,1071
14.0,8,12,4,1075
14.0,8,12,5,1078
14.0,8,12,6,1082
14.0,8,12,7,1085
14.0,8,12,8,1088
14.0,8,12,9,1092
14.0,8,12,10,1095
14.0,8,12,11,1098
14.0,8,12,12,1102
14.0,8,12,13,1105
14.0,8,12,14,1108
14.0,8,12,15,1111
14.0,8,13,0,1065
14.0,8,13,1,1068
14.0,8,13,2,1071
14.0,8,13,3,1075
14.0,8,13,4,1078
14.0,8,13,5,1082
14.0,8,13,6,1085
14.0,8,13,7,1088
14.0,8,13,8,1092
14.0,8,13,9,1095
14.0,8,13,10,1098
14.0,8,13,11,1102
14.0,8,13,12,1105
14.0,8,13,13,1108
14.0,8,13,14,1112
14.0,8,13,15,1115
14.0,8,14,0,1068
14.0,8,14,1,1071
14.0,8,14,2,1075
14.0,8,14,3,1078
14.0,8,14,4,1082
14.0,8,14,5,1085
14.0,8,14,6,1088
14.0,8,14,7,1092
14.0,8,14,8,1095
14.0,8,14,9,1098
14.0,8,14,10,1102
14.0,8,14,11,1105
14.0,8,14,12,1108
14.0,8,14,13,1112
14.0,8,14,14,1115
14.0,8,14,15,1118
14.0,8,15,0,1071
14.0,8,15,1,1075
14.0,8,15,2,1078
14.0,8,15,3,1081
14.0,8,15,4,1085
14.0,8,15,5,1088
14.0,8,15,6,1092
14.0,8,15,7,1095
14.0,8,15,8,1098
14.0,8,15,9,1102
14.0,8,15,10,1105
14.0,8,15,11,1108
14.0,8,15,12,1112
14.0,8,15,13,1115
14.0,8,15,14,1118
14.0,8,15,15,1122
14.0,9,0,0,1025
14.0,9,0,1,1028
14.0,9,0,2,1031
14.0,9,0,3,1035
14.0,9,0,4,1038
14.0,9,0,5,1041
14.0,9,0,6,1044
14.0,9,0,7,1048
14.0,9,0,8,1051
14.0,9,0,9,1054
14.0,9,0,10,1057
14.0,9,0,11,1060
14.0,9,0,12,1064
14.0,9,0,13,1067
14.0,9,0,14,1070
14.0,9,0,15,1073
14.0,9,1,0,1028
14.0,9,1,1,1031
14.0,9,1,2,1035
14.0,9,1,3,1038
14.0,9,1,4,1041
14.0,9,1,5,1045
14.0,9,1,6,1048
14.0,9,1,7,1051
14.0,9,1,8,1054
14.0,9,1,9,1058
14.0,9,1,10,1061
14.0,9,1,11,1064
14.0,9,1,12,1067
14.0,9,1,13,1070
14.0,9,1,14,1074
14.0,9,1,15,1077
14.0,9,2,0,1032
14.0,9,2,1,1035
14.0,9,2,2,1038
14.0,9,2,3,1042
14.0,9,2,4,1045
14.0,9,2,5,1048
14.0,9,2,6,1051
14.0,9,2,7,1055
14.0,9,2,8,1058
14.0,9,2,9,1061
14.0,9,2,10,1064
14.0,9,2,11,1068
14.0,9,2,12,1071
14.0,9,2,13,1074
14.0,9,2,14,1077
14.0,9,2,15,1080
14.0,9,3,0,1035
14.0,9,3,1,1038
14.0,9,3,2,1042
14.0,9,3,3,1045
14.0,9,3,4,1048
14.0,9,3,5,1052
14.0,9,3,6,1055
14.0,9,3,7,1058
14.0,9,3,8,1061
14.0,9,3,9,1065
14.0,9,3,10,1068
14.0,9,3,11,1071
14.0,9,3,12,1074
14.0,9,3,13,1078
14.0,9,3,14,1081
14.0,9,3,15,1084
14.0,9,4,0,1038
14.0,9,4,1,1042
14.0,9,4,2,1045
14.0,9,4,3,1048
14.0,9,4,4,1052
14.0,9,4,5,1055
14.0,9,4,6,1058
14.0,9,4,7,1062
14.0,9,4,8,1065
14.0,9,4,9,1068
14.0,9,4,10,1071
14.0,9,4,11,1075
14.0,9,4,12,1078
14.0,9,4,13,1081
14.0,9,4,14,1084
14.0,9,4,15,1087
14.0,9,5,0,1042
14.0,9,5,1,1045
14.0,9,5,2,1048
14.0,9,5,3,1052
14.0,9,5,4,1055
14.0,9,5,5,1058
14.0,9,5,6,1062
14.0,9,5,7,1065
14.0,9,5,8,1068
14.0,9,5,9,1072
14.0,9,5,10,1075
14.0,9,5,11,1078
14.0,9,5,12,1081
14.0,9,5,13,1085
14.0,9,5,14,1088
14.0,9,5,15,1091
14.0,9,6,0,1045
14.0,9,6,1,1049
14.0,9,6,2,1052
14.0,9,6,3,1055
14.0,9,6,4,1059
14.0,9,6,5,1062
14.0,9,6,6,1065
14.0,9,6,7,1069
14.0,9,6,8,1072
14.0,9,6,9,1075
14.0,9,6,10,1078
14.0,9,6,11,1082
14.0,9,6,12,1085
14.0,9,6,13,1088
14.0,9,6,14,1091
14.0,9,6,15,1095
14.0,9,7,0,1049
14.0,9,7,1,1052
14.0,9,7,2,1055
14.0,9,7,3,1059
14.0,9,7,4,1062
14.0,9,7,5,1065
14.0,9,7,6,1069
14.0,9,7,7,1072
14.0,9,7,8,1075
14.0,9,7,9,1079
14.0,9,7,10,1082
14.0,9,7,11,1085
14.0,9,7,12,1088
14.0,9,7,13,1092
14.0,9,7,14,1095
14.0,9,7,15,1098
14.0,9,8,0,1052
14.0,9,8,1,1055
14.0,9,8,2,1059
14.0,9,8,3,1062
14.0,9,8,4,1065
14.0,9,8,5,1069
14.0,9,8,6,1072
14.0,9,8,7,1075
14.0,9,8,8,1079
14.0,9,8,9,1082
14.0,9,8,10,1085
14.0,9,8,11,1089
14.0,9,8,12,1092
14.0,9,8,13,1095
14.0,9,8,14,1098
14.0,9,8,15,1102
14.0,9,9,0,1055
14.0,9,9,1,1059
14.0,9,9,2,1062
14.0,9,9,3,1065
14.0,9,9,4,1069
14.0,9,9,5,1072
14.0,9,9,6,1075
14.0,9,9,7,1079
14.0,9,9,8,1082
14.0,9,9,9,1085
14.0,9,9,10,1089
14.0,9,9,11,1092
14.0,9,9,12,1095
14.0,9,9,13,1099
14.0,9,9,14,1102
14.0,9,9,15,1105
14.0,9,10,0,1059
14.0,9,10,1,1062
14.0,9,10,2,1065
14.0,9,10,3,1069
14.0,9,10,4,1072
14.0,9,10,5,1076
14.0,9,10,6,1079
14.0,9,10,7,1082
14.0,9,10,8,1086
14.0,9,10,9,1089
14.0,9,10,10,1092
14.0,9,10,11,1095
14.0,9,10,12,1099
14.0,9,10,13,1102
14.0,9,10,14,1105
14.0,9,10,15,1109
14.0,9,11,0,1062
14.0,9,11,1,1065
14.0,9,11,2,1069
14.0,9,11,3,1072
14.0,9,11,4,1076
14.0,9,11,5,1079
14.0,9,11,6,1082
14.0,9,11,7,1086
14.0,9,11,8,1089
14.0,9,11,9,1092
14.0,9,11,10,1096
14.0,9,11,11,1099
14.0,9,11,12,1102
14.0,9,11,13,1106
14.0,9,11,14,1109
14.0,9,11,15,1112
14.0,9,12,0,1065
14.0,9,12,1,1069
14.0,9,12,2,1072
14.0,9,12,3,1075
14.0,9,12,4,1079
14.0,9,12,5,1082
14.0,9,12,6,1086
14.0,9,12,7,1089
14.0,9,12,8,1092
14.0,9,12,9,1096
14.0,9,12,10,1099
14.0,9,12,11,1102
14.0,9,12,12,1106
14.0,9,12,13,1109
14.0,9,12,14,1112
14.0,9,12,15,1116
14.0,9,13,0,1069
14.0,9,13,1,1072
14.0,9,13,2,1075
14.0,9,13,3,1079
14.0,9,13,4,1082
14.0,9,13,5,1086
14.0,9,13,6,1089
14.0,9,13,7,1092
14.0,9,13,8,1096
14.0,9,13,9,1099
14.0,9,13,10,1102
14.0,9,13,11,1106
14.0,9,13,12,1109
14.0,9,13,13,1112
14.0,9,13,14,1116
14.0,9,13,15,1119
14.0,9,14,0,1072
14.0,9,14,1,1075
14.0,9,14,2,1079
14.0,9,14,3,1082
14.0,9,14,4,1086
14.0,9,14,5,1089
14.0,9,14,6,1092
14.0,9,14,7,1096
14.0,9,14,8,1099
14.0,9,14,9,1102
14.0,9,14,10,1106
14.0,9,14,11,1109
14.0,9,14,12,1113
14.0,9,14,13,1116
14.0,9,14,14,1119
14.0,9,14,15,1122
14.0,9,15,0,1075
14.0,9,15,1,1079
14.0,9,15,2,1082
14.0,9,15,3,1085
14.0,9,15,4,1089
14.0,9,15,5,1092
14.0,9,15,6,1096
14.0,9,15,7,1099
14.0,9,15,8,1102
14.0,9,15,9,1106
14.0,9,15,10,1109
14.0,9,15,11,1113
14.0,9,15,12,1116
14.0,9,15,13,1119
14.0,9,15,14,1123
14.0,9,15,15,1126
14.0,10,0,0,1029
14.0,10,0,1,1032
14.0,10,0,2,1035
14.0,10,0,3,1038
14.0,10,0,4,1042
14.0,10,0,5,1045
14.0,10,0,6,1048
14.0,10,0,7,1051
14.0,10,0,8,1055
14.0,10,0,9,1058
14.0,10,0,10,1061
14.0,10,0,11,1064
14.0,10,0,12,1068
14.0,10,0,13,1071
14.0,10,0,14,1074
14.0,10,0,15,1077
14.0,10,1,0,1032
14.0,10,1,1,1035
14.0,10,1,2,1039
14.0,10,1,3,1042
14.0,10,1,4,1045
14.0,10,1,5,1048
14.0,10,1,6,1052
14.0,10,1,7,1055
14.0,10,1,8,1058
14.0,10,1,9,1062
14.0,10,1,10,1065
14.0,10,1,11,1068
14.0,10,1,12,1071
14.0,10,1,13,1074
14.0,10,1,14,1078
14.0,10,1,15,1081
14.0,10,2,0,1035
14.0,10,2,1,1039
14.0,10,2,2,1042
14.0,10,2,3,1045
14.0,10,2,4,1049
14.0,10,2,5,1052
14.0,10,2,6,1055
14.0,10,2,7,1059
14.0,10,2,8,1062
14.0,10,2,9,1065
14.0,10,2,10,1068
14.0,10,2,11,1072
14.0,10,2,12,1075
14.0,10,2,13,1078
14.0,10,2,14,1081
14.0,10,2,15,1084
14.0,10,3,0,1039
14.0,10,3,1,1042
14.0,10,3,2,1046
14.0,10,3,3,1049
14.0,10,3,4,1052
14.0,10,3,5,1055
14.0,10,3,6,1059
14.0,10,3,7,1062
14.0,10,3,8,1065
14.0,10,3,9,1069
14.0,10,3,10,1072
14.0,10,3,11,1075
14.0,10,3,12,1078
14.0,10,3,13,1082
14.0,10,3,14,1085
14.0,10,3,15,1088
14.0,10,4,0,1042
14.0,10,4,1,1046
14.0,10,4,2,1049
14.0,10,4,3,1052
14.0,10,4,4,1056
14.0,10,4,5,1059
14.0,10,4,6,1062
14.0,10,4,7,1066
14.0,10,4,8,1069
14.0,10,4,9,1072
14.0,10,4,10,1075
14.0,10,4,11,1079
14.0,10,4,12,1082
14.0,10,4,13,1085
14.0,10,4,14,1088
14.0,10,4,15,1092
14.0,10,5,0,1046
14.0,10,5,1,1049
14.0,10,5,2,1052
14.0,10,5,3,1056
14.0,10,5,4,1059
14.0,10,5,5,1062
14.0,10,5,6,1066
14.0,10,5,7,1069
14.0,10,5,8,1072
14.0,10,5,9,1076
14.0,10,5,10,1079
14.0,10,5,11,1082
14.0,10,5,12,1085
14.0,10,5,13,1089
14.0,10,5,14,1092
14.0,10,5,15,1095
14.0,10,6,0,1049
14.0,10,6,1,1052
14.0,10,6,2,1056
14.0,10,6,3,1059
14.0,10,6,4,1062
14.0,10,6,5,1066
14.0,10,6,6,1069
14.0,10,6,7,1072
14.0,10,6,8,1076
14.0,10,6,9,1079
14.0,10,6,10,1082
14.0,10,6,11,1086
14.0,10,6,12,1089
14.0,10,6,13,1092
14.0,10,6,14,1095
14.0,10,6,15,1099
14.0,10,7,0,1052
14.0,10,7,1,1056
14.0,10,7,2,1059
14.0,10,7,3,1063
14.0,10,7,4,1066
14.0,10,7,5,1069
14.0,10,7,6,1073
14.0,10,7,7,1076
14.0,10,7,8,1079
14.0,10,7,9,1083
14.0,10,7,10,1086
14.0,10,7,11,1089
14.0,10,7,12,1092
14.0,10,7,13,1096
14.0,10,7,14,1099
14.0,10,7,15,1102
14.0,10,8,0,1056
14.0,10,8,1,1059
14.0,10,8,2,1063
14.0,10,8,3,1066
14.0,10,8,4,1069
14.0,10,8,5,1073
14.0,10,8,6,1076
14.0,10,8,7,1079
14.0,10,8,8,1083
14.0,10,8,9,1086
14.0,10,8,10,1089
14.0,10,8,11,1093
14.0,10,8,12,1096
14.0,10,8,13,1099
14.0,10,8,14,1102
14.0,10,8,15,1106
14.0,10,9,0,1059
14.0,10,9,1,1063
14.0,10,9,2,1066
14.0,10,9,3,1069
14.0,10,9,4,1073
14.0,10,9,5,1076
14.0,10,9,6,1079
14.0,10,9,7,1083
14.0,10,9,8,1086
14.0,10,9,9,1089
14.0,10,9,10,1093
14.0,10,9,11,1096
14.0,10,9,12,1099
14.0,10,9,13,1103
14.0,10,9,14,1106
14.0,10,9,15,1109
14.0,10,10,0,1062
14.0,10,10,1,1066
14.0,10,10,2,1069
14.0,10,10,3,1073
14.0,10,10,4,1076
14.0,10,10,5,1079
14.0,10,10,6,1083
14.0,10,10,7,1086
14.0,10,10,8,1090
14.0,10,10,9,1093
14.0,10,10,10,1096
14.0,10,10,11,1100
14.0,10,10,12,1103
14.0,10,10,13,1106
14.0,10,10,14,1109
14.0,10,10,15,1113
14.0,10,11,0,1066
14.0,10,11,1,1069
14.0,10,11,2,1073
14.0,10,11,3,1076
14.0,10,11,4,1079
14.0,10,11,5,1083
14.0,10,11,6,1086
14.0,10,11,7,1090
14.0,10,11,8,1093
14.0,10,11,9,1096
14.0,10,11,10,1100
14.0,10,11,11,1103
14.0,10,11,12,1106
14.0,10,11,13,1110
14.0,10,11,14,1113
14.0,10,11,15,1116
14.0,10,12,0,1069
14.0,10,12,1,1073
14.0,10,12,2,1076
14.0,10,12,3,1079
14.0,10,12,4,1083
14.0,10,12,5,1086
14.0,10,12,6,1090
14.0,10,12,7,1093
14.0,10,12,8,1096
14.0,10,12,9,1100
14.0,10,12,10,1103
14.0,10,12,11,1106
14.0,10,12,12,1110
14.0,10,12,13,1113
14.0,10,12,14,1116
14.0,10,12,15,1120
14.0,10,13,0,1072
14.0,10,13,1,1076
14.0,10,13,2,1079
14.0,10,13,3,1083
14.0,10,13,4,1086
14.0,10,13,5,1090
14.0,10,13,6,1093
14.0,10,13,7,1096
14.0,10,13,8,1100
14.0,10,13,9,1103
14.0,10,13,10,1107
14.0,10,13,11,1110
14.0,10,13,12,1113
14.0,10,13,13,1117
14.0,10,13,14,1120
14.0,10,13,15,1123
14.0,10,14,0,1076
14.0,10,14,1,1079
14.0,10,14,2,1083
14.0,10,14,3,1086
14.0,10,14,4,1090
14.0,10,14,5,1093
14.0,10,14,6,1096
14.0,10,14,7,1100
14.0,10,14,8,1103
14.0,10,14,9,1107
14.0,10,14,10,1110
14.0,10,14,11,1113
14.0,10,14,12,1117
14.0,10,14,13,1120
14.0,10,14,14,1123
14.0,10,14,15,1127
14.0,10,15,0,1079
14.0,10,15,1,1083
14.0,10,15,2,1086
14.0,10,15,3,1089
14.0,10,15,4,1093
14.0,10,15,5,1096
14.0,10,15,6,1100
14.0,10,15,7,1103
14.0,10,15,8,1107
14.0,10,15,9,1110
14.0,10,15,10,1113
14.0,10,15,11,1117
14.0,10,15,12,1120
14.0,10,15,13,1123
14.0,10,15,14,1127
14.0,10,15,15,1130
14.0,11,0,0,1032
14.0,11,0,1,1036
14.0,11,0,2,1039
14.0,11,0,3,1042
14.0,11,0,4,1046
14.0,11,0,5,1049
14.0,11,0,6,1052
14.0,11,0,7,1055
14.0,11,0,8,1059
14.0,11,0,9,1062
14.0,11,0,10,1065
14.0,11,0,11,1068
14.0,11,0,12,1072
14.0,11,0,13,1075
14.0,11,0,14,1078
14.0,11,0,15,1081
14.0,11,1,0,1036
14.0,11,1,1,1039
14.0,11,1,2,1042
14.0,11,1,3,1046
14.0,11,1,4,1049
14.0,11,1,5,1052
14.0,11,1,6,1056
14.0,11,1,7,1059
14.0,11,1,8,1062
14.0,11,1,9,1065
14.0,11,1,10,1069
14.0,11,1,11,1072
14.0,11,1,12,1075
14.0,11,1,13,1078
14.0,11,1,14,1082
14.0,11,1,15,1085
14.0,11,2,0,1039
14.0,11,2,1,1043
14.0,11,2,2,1046
14.0,11,2,3,1049
14.0,11,2,4,1053
14.0,11,2,5,1056
14.0,11,2,6,1059
14.0,11,2,7,1062
14.0,11,2,8,1066
14.0,11,2,9,1069
14.0,11,2,10,1072
14.0,11,2,11,1075
14.0,11,2,12,1079
14.0,11,2,13,1082
14.0,11,2,14,1085
14.0,11,2,15,1088
14.0,11,3,0,1043
14.0,11,3,1,1046
14.0,11,3,2,1049
14.0,11,3,3,1053
14.0,11,3,4,1056
14.0,11,3,5,1059
14.0,11,3,6,1063
14.0,11,3,7,1066
14.0,11,3,8,1069
14.0,11,3,9,1073
14.0,11,3,10,1076
14.0,11,3,11,1079
14.0,11,3,12,1082
14.0,11,3,13,1086
14.0,11,3,14,1089
14.0,11,3,15,1092
14.0,11,4,0,1046
14.0,11,4,1,1049
14.0,11,4,2,1053
14.0,11,4,3,1056
14.0,11,4,4,1060
14.0,11,4,5,1063
14.0,11,4,6,1066
14.0,11,4,7,1069
14.0,11,4,8,1073
14.0,11,4,9,1076
14.0,11,4,10,1079
14.0,11,4,11,1083
14.0,11,4,12,1086
14.0,11,4,13,1089
14.0,11,4,14,1092
14.0,11,4,15,1096
14.0,11,5,0,1049
14.0,11,5,1,1053
14.0,11,5,2,1056
14.0,11,5,3,1060
14.0,11,5,4,1063
14.0,11,5,5,1066
14.0,11,5,6,1070
14.0,11,5,7,1073
14.0,11,5,8,1076
14.0,11,5,9,1080
14.0,11,5,10,1083
14.0,11,5,11,1086
14.0,11,5,12,1089
14.0,11,5,13,1093
14.0,11,5,14,1096
14.0,11,5,15,1099
14.0,11,6,0,1053
14.0,11,6,1,1056
14.0,11,6,2,1060
14.0,11,6,3,1063
14.0,11,6,4,1066
14.0,11,6,5,1070
14.0,11,6,6,1073
14.0,11,6,7,1076
14.0,11,6,8,1080
14.0,11,6,9,1083
14.0,11,6,10,1086
14.0,11,6,11,1090
14.0,11,6,12,1093
14.0,11,6,13,1096
14.0,11,6,14,1099
14.0,11,6,15,1103
14.0,11,7,0,1056
14.0,11,7,1,1060
14.0,11,7,2,1063
14.0,11,7,3,1066
14.0,11,7,4,1070
14.0,11,7,5,1073
14.0,11,7,6,1077
14.0,11,7,7,1080
14.0,11,7,8,1083
14.0,11,7,9,1087
14.0,11,7,10,1090
14.0,11,7,11,1093
14.0,11,7,12,1096
14.0,11,7,13,1100
14.0,11,7,14,1103
14.0,11,7,15,1106
14.0,11,8,0,1060
14.0,11,8,1,1063
14.0,11,8,2,1066
14.0,11,8,3,1070
14.0,11,8,4,1073
14.0,11,8,5,1077
14.0,11,8,6,1080
14.0,11,8,7,1083
14.0,11,8,8,1087
14.0,11,8,9,1090
14.0,11,8,10,1093
14.0,11,8,11,1097
14.0,11,8,12,1100
14.0,11,8,13,1103
14.0,11,8,14,1107
14.0,11,8,15,1110
14.0,11,9,0,1063
14.0,11,9,1,1066
14.0,11,9,2,1070
14.0,11,9,3,1073
14.0,11,9,4,1077
14.0,11,9,5,1080
14.0,11,9,6,1083
14.0,11,9,7,1087
14.0,11,9,8,1090
14.0,11,9,9,1093
14.0,11,9,10,1097
14.0,11,9,11,1100
14.0,11,9,12,1103
14.0,11,9,13,1107
14.0,11,9,14,1110
14.0,11,9,15,1113
14.0,11,10,0,1066
14.0,11,10,1,1070
14.0,11,10,2,1073
14.0,11,10,3,1077
14.0,11,10,4,1080
14.0,11,10,5,1083
14.0,11,10,6,1087
14.0,11,10,7,1090
14.0,11,10,8,1094
14.0,11,10,9,1097
14.0,11,10,10,1100
14.0,11,10,11,1104
14.0,11,10,12,1107
14.0,11,10,13,1110
14.0,11,10,14,1114
14.0,11,10,15,1117
14.0,11,11,0,1070
14.0,11,11,1,1073
14.0,11,11,2,1077
14.0,11,11,3,1080
14.0,11,11,4,1083
14.0,11,11,5,1087
14.0,11,11,6,1090
14.0,11,11,7,1094
14.0,11,11,8,1097
14.0,11,11,9,1100
14.0,11,11,10,1104
14.0,11,11,11,1107
14.0,11,11,12,1110
14.0,11,11,13,1114
14.0,11,11,14,1117
14.0,11,11,15,1120
14.0,11,12,0,1073
14.0,11,12,1,1077
14.0,11,12,2,1080
14.0,11,12,3,1083
14.0,11,12,4,1087
14.0,11,12,5,1090
14.0,11,12,6,1094
14.0,11,12,7,1097
14.0,11,12,8,1100
14.0,11,12,9,1104
14.0,11,12,10,1107
14.0,11,12,11,1111
14.0,11,12,12,1114
14.0,11,12,13,1117
14.0,11,12,14,1121
14.0,11,12,15,1124
14.0,11,13,0,1076
14.0,11,13,1,1080
14.0,11,13,2,1083
14.0,11,13,3,1087
14.0,11,13,4,1090
14.0,11,13,5,1094
14.0,11,13,6,1097
14.0,11,13,7,1100
14.0,11,13,8,1104
14.0,11,13,9,1107
14.0,11,13,10,1111
14.0,11,13,11,1114
14.0,11,13,12,1117
14.0,11,13,13,1121
14.0,11,13,14,1124
14.0,11,13,15,1127
14.0,11,14,0,1080
14.0,11,14,1,1083
14.0,11,14,2,1087
14.0,11,14,3,1090
14.0,11,14,4,1094
14.0,11,14,5,1097
14.0,11,14,6,1100
14.0,11,14,7,1104
14.0,11,14,8,1107
14.0,11,14,9,1111
14.0,11,14,10,1114
14.0,11,14,11,1117
14.0,11,14,12,1121
14.0,11,14,13,1124
14.0,11,14,14,1127
14.0,11,14,15,1131
14.0,11,15,0,1083
14.0,11,15,1,1087
14.0,11,15,2,1090
14.0,11,15,3,1093
14.0,11,15,4,1097
14.0,11,15,5,1100
14.0,11,15,6,1104
14.0,11,15,7,1107
14.0,11,15,8,1111
14.0,11,15,9,1114
14.0,11,15,10,1117
14.0,11,15,11,1121
14.0,11,15,12,1124
14.0,11,15,13,1128
14.0,11,15,14,1131
14.0,11,15,15,1134
14.0,12,0,0,1036
14.0,12,0,1,1039
14.0,12,0,2,1043
14.0,12,0,3,1046
14.0,12,0,4,1049
14.0,12,0,5,1053
14.0,12,0,6,1056
14.0,12,0,7,1059
14.0,12,0,8,1063
14.0,12,0,9,1066
14.0,12,0,10,1069
14.0,12,0,11,1072
14.0,12,0,12,1075
14.0,12,0,13,1079
14.0,12,0,14,1082
14.0,12,0,15,1085
14.0,12,1,0,1040
14.0,12,1,1,1043
14.0,12,1,2,1046
14.0,12,1,3,1050
14.0,12,1,4,1053
14.0,12,1,5,1056
14.0,12,1,6,1060
14.0,12,1,7,1063
14.0,12,1,8,1066
14.0,12,1,9,1069
14.0,12,1,10,1073
14.0,12,1,11,1076
14.0,12,1,12,1079
14.0,12,1,13,1082
14.0,12,1,14,1086
14.0,12,1,15,1089
14.0,12,2,0,1043
14.0,12,2,1,1046
14.0,12,2,2,1050
14.0,12,2,3,1053
14.0,12,2,4,1056
14.0,12,2,5,1060
14.0,12,2,6,1063
14.0,12,2,7,1066
14.0,12,2,8,1070
14.0,12,2,9,1073
14.0,12,2,10,1076
14.0,12,2,11,1079
14.0,12,2,12,1083
14.0,12,2,13,1086
14.0,12,2,14,1089
14.0,12,2,15,1092
14.0,12,3,0,1046
14.0,12,3,1,1050
14.0,12,3,2,1053
14.0,12,3,3,1057
14.0,12,3,4,1060
14.0,12,3,5,1063
14.0,12,3,6,1067
14.0,12,3,7,1070
14.0,12,3,8,1073
14.0,12,3,9,1076
14.0,12,3,10,1080
14.0,12,3,11,1083
14.0,12,3,12,1086
14.0,12,3,13,1090
14.0,12,3,14,1093
14.0,12,3,15,1096
14.0,12,4,0,1050
14.0,12,4,1,1053
14.0,12,4,2,1057
14.0,12,4,3,1060
14.0,12,4,4,1063
14.0,12,4,5,1067
14.0,12,4,6,1070
14.0,12,4,7,1073
14.0,12,4,8,1077
14.0,12,4,9,1080
14.0,12,4,10,1083
14.0,12,4,11,1087
14.0,12,4,12,1090
14.0,12,4,13,1093
14.0,12,4,14,1096
14.0,12,4,15,1100
14.0,12,5,0,1053
14.0,12,5,1,1057
14.0,12,5,2,1060
14.0,12,5,3,1064
14.0,12,5,4,1067
14.0,12,5,5,1070
14.0,12,5,6,1074
14.0,12,5,7,1077
14.0,12,5,8,1080
14.0,12,5,9,1084
14.0,12,5,10,1087
14.0,12,5,11,1090
14.0,12,5,12,1093
14.0,12,5,13,1097
14.0,12,5,14,1100
14.0,12,5,15,1103
14.0,12,6,0,1057
14.0,12,6,1,1060
14.0,12,6,2,1064
14.0,12,6,3,1067
14.0,12,6,4,1070
14.0,12,6,5,1074
14.0,12,6,6,1077
14.0,12,6,7,1080
14.0,12,6,8,1084
14.0,12,6,9,1087
14.0,12,6,10,1090
14.0,12,6,11,1094
14.0,12,6,12,1097
14.0,12,6,13,1100
14.0,12,6,14,1103
14.0,12,6,15,1107
14.0,12,7,0,1060
14.0,12,7,1,1064
14.0,12,7,2,1067
14.0,12,7,3,1070
14.0,12,7,4,1074
14.0,12,7,5,1077
14.0,12,7,6,1081
14.0,12,7,7,1084
14.0,12,7,8,1087
14.0,12,7,9,1091
14.0,12,7,10,1094
14.0,12,7,11,1097
14.0,12,7,12,1100
14.0,12,7,13,1104
14.0,12,7,14,1107
14.0,12,7,15,1110
14.0,12,8,0,1064
14.0,12,8,1,1067
14.0,12,8,2,1070
14.0,12,8,3,1074
14.0,12,8,4,1077
14.0,12,8,5,1081
14.0,12,8,6,1084
14.0,12,8,7,1087
14.0,12,8,8,1091
14.0,12,8,9,1094
14.0,12,8,10,1097
14.0,12,8,11,1101
14.0,12,8,12,1104
14.0,12,8,13,1107
14.0,12,8,14,1111
14.0,12,8,15,1114
14.0,12,9,0,1067
14.0,12,9,1,1070
14.0,12,9,2,1074
14.0,12,9,3,1077
14.0,12,9,4,1081
14.0,12,9,5,1084
14.0,12,9,6,1087
14.0,12,9,7,1091
14.0,12,9,8,1094
14.0,12,9,9,1098
14.0,12,9,10,1101
14.0,12,9,11,1104
14.0,12,9,12,1108
14.0,12,9,13,1111
14.0,12,9,14,1114
14.0,12,9,15,1117
14.0,12,10,0,1070
14.0,12,10,1,1074
14.0,12,10,2,1077
14.0,12,10,3,1081
14.0,12,10,4,1084
14.0,12,10,5,1087
14.0,12,10,6,1091
14.0,12,10,7,1094
14.0,12,10,8,1098
14.0,12,10,9,1101
14.0,12,10,10,1104
14.0,12,10,11,1108
14.0,12,10,12,1111
14.0,12,10,13,1114
14.0,12,10,14,1118
14.0,12,10,15,1121
14.0,12,11,0,1074
14.0,12,11,1,1077
14.0,12,11,2,1081
14.0,12,11,3,1084
14.0,12,11,4,1087
14.0,12,11,5,1091
14.0,12,11,6,1094
14.0,12,11,7,1098
14.0,12,11,8,1101
14.0,12,11,9,1104
14.0,12,11,10,1108
14.0,12,11,11,1111
14.0,12,11,12,1115
14.0,12,11,13,1118
14.0,12,11,14,1121
14.0,12,11,15,1124
14.0,12,12,0,1077
14.0,12,12,1,1081
14.0,12,12,2,1084
14.0,12,12,3,1087
14.0,12,12,4,1091
14.0,12,12,5,1094
14.0,12,12,6,1098
14.0,12,12,7,1101
14.0,12,12,8,1105
14.0,12,12,9,1108
14.0,12,12,10,1111
14.0,12,12,11,1115
14.0,12,12,12,1118
14.0,12,12,13,1121
14.0,12,12,14,1125
14.0,12,12,15,1128
14.0,12,13,0,1080
14.0,12,13,1,1084
14.0,12,13,2,1087
14.0,12,13,3,1091
14.0,12,13,4,1094
14.0,12,13,5,1098
14.0,12,13,6,1101
14.0,12,13,7,1105
14.0,12,13,8,1108
14.0,12,13,9,1111
14.0,12,13,10,1115
14.0,12,13,11,1118
14.0,12,13,12,1121
14.0,12,13,13,1125
14.0,12,13,14,1128
14.0,12,13,15,1131
14.0,12,14,0,1084
14.0,12,14,1,1087
14.0,12,14,2,1091
14.0,12,14,3,1094
14.0,12,14,4,1098
14.0,12,14,5,1101
14.0,12,14,6,1105
14.0,12,14,7,1108
14.0,12,14,8,1111
14.0,12,14,9,1115
14.0,12,14,10,1118
14.0,12,14,11,1122
14.0,12,14,12,1125
14.0,12,14,13,1128
14.0,12,14,14,1132
14.0,12,14,15,1135
14.0,12,15,0,1087
14.0,12,15,1,1091
14.0,12,15,2,1094
14.0,12,15,3,1098
14.0,12,15,4,1101
14.0,12,15,5,1104
14.0,12,15,6,1108
14.0,12,15,7,1111
14.0,12,15,8,1115
14.0,12,15,9,1118
14.0,12,15,10,1122
14.0,12,15,11,1125
14.0,12,15,12,1128
14.0,12,15,13,1132
14.0,12,15,14,1135
14.0,12,15,15,1138
14.0,13,0,0,1040
14.0,13,0,1,1043
14.0,13,0,2,1047
14.0,13,0,3,1050
14.0,13,0,4,1053
14.0,13,0,5,1057
14.0,13,0,6,1060
14.0,13,0,7,1063
14.0,13,0,8,1066
14.0,13,0,9,1070
14.0,13,0,10,1073
14.0,13,0,11,1076
14.0,13,0,12,1079
14.0,13,0,13,1083
14.0,13,0,14,1086
14.0,13,0,15,1089
14.0,13,1,0,1043
14.0,13,1,1,1047
14.0,13,1,2,1050
14.0,13,1,3,1053
14.0,13,1,4,1057
14.0,13,1,5,1060
14.0,13,1,6,1063
14.0,13,1,7,1067
14.0,13,1,8,1070
14.0,13,1,9,1073
14.0,13,1,10,1077
14.0,13,1,11,1080
14.0,13,1,12,1083
14.0,13,1,13,1086
14.0,13,1,14,1090
14.0,13,1,15,1093
14.0,13,2,0,1047
14.0,13,2,1,1050
14.0,13,2,2,1054
14.0,13,2,3,1057
14.0,13,2,4,1060
14.0,13,2,5,1064
14.0,13,2,6,1067
14.0,13,2,7,1070
14.0,13,2,8,1074
14.0,13,2,9,1077
14.0,13,2,10,1080
14.0,13,2,11,1083
14.0,13,2,12,1087
14.0,13,2,13,1090
14.0,13,2,14,1093
14.0,13,2,15,1096
14.0,13,3,0,1050
14.0,13,3,1,1054
14.0,13,3,2,1057
14.0,13,3,3,1060
14.0,13,3,4,1064
14.0,13,3,5,1067
14.0,13,3,6,1070
14.0,13,3,7,1074
14.0,13,3,8,1077
14.0,13,3,9,1080
14.0,13,3,10,1084
14.0,13,3,11,1087
14.0,13,3,12,1090
14.0,13,3,13,1094
14.0,13,3,14,1097
14.0,13,3,15,1100
14.0,13,4,0,1054
14.0,13,4,1,1057
14.0,13,4,2,1061
14.0,13,4,3,1064
14.0,13,4,4,1067
14.0,13,4,5,1071
14.0,13,4,6,1074
14.0,13,4,7,1077
14.0,13,4,8,1081
14.0,13,4,9,1084
14.0,13,4,10,1087
14.0,13,4,11,1091
14.0,13,4,12,1094
14.0,13,4,13,1097
14.0,13,4,14,1100
14.0,13,4,15,1104
14.0,13,5,0,1057
14.0,13,5,1,1061
14.0,13,5,2,1064
14.0,13,5,3,1067
14.0,13,5,4,1071
14.0,13,5,5,1074
14.0,13,5,6,1077
14.0,13,5,7,1081
14.0,13,5,8,1084
14.0,13,5,9,1087
14.0,13,5,10,1091
14.0,13,5,11,1094
14.0,13,5,12,1097
14.0,13,5,13,1101
14.0,13,5,14,1104
14.0,13,5,15,1107
14.0,13,6,0,1061
14.0,13,6,1,1064
14.0,13,6,2,1067
14.0,13,6,3,1071
14.0,13,6,4,1074
14.0,13,6,5,1078
14.0,13,6,6,1081
14.0,13,6,7,1084
14.0,13,6,8,1088
14.0,13,6,9,1091
14.0,13,6,10,1094
14.0,13,6,11,1098
14.0,13,6,12,1101
14.0,13,6,13,1104
14.0,13,6,14,1108
14.0,13,6,15,1111
14.0,13,7,0,1064
14.0,13,7,1,1067
14.0,13,7,2,1071
14.0,13,7,3,1074
14.0,13,7,4,1078
14.0,13,7,5,1081
14.0,13,7,6,1084
14.0,13,7,7,1088
14.0,13,7,8,1091
14.0,13,7,9,1095
14.0,13,7,10,1098
14.0,13,7,11,1101
14.0,13,7,12,1105
14.0,13,7,13,1108
14.0,13,7,14,1111
14.0,13,7,15,1114
14.0,13,8,0,1067
14.0,13,8,1,1071
14.0,13,8,2,1074
14.0,13,8,3,1078
14.0,13,8,4,1081
14.0,13,8,5,1085
14.0,13,8,6,1088
14.0,13,8,7,1091
14.0,13,8,8,1095
14.0,13,8,9,1098
14.0,13,8,10,1101
14.0,13,8,11,1105
14.0,13,8,12,1108
14.0,13,8,13,1111
14.0,13,8,14,1115
14.0,13,8,15,1118
14.0,13,9,0,1071
14.0,13,9,1,1074
14.0,13,9,2,1078
14.0,13,9,3,1081
14.0,13,9,4,1085
14.0,13,9,5,1088
14.0,13,9,6,1091
14.0,13,9,7,1095
14.0,13,9,8,1098
14.0,13,9,9,1102
14.0,13,9,10,1105
14.0,13,9,11,1108
14.0,13,9,12,1112
14.0,13,9,13,1115
14.0,13,9,14,1118
14.0,13,9,15,1122
14.0,13,10,0,1074
14.0,13,10,1,1078
14.0,13,10,2,1081
14.0,13,10,3,1085
14.0,13,10,4,1088
14.0,13,10,5,1091
14.0,13,10,6,1095
14.0,13,10,7,1098
14.0,13,10,8,1102
14.0,13,10,9,1105
14.0,13,10,10,1108
14.0,13,10,11,1112
14.0,13,10,12,1115
14.0,13,10,13,1118
14.0,13,10,14,1122
14.0,13,10,15,1125
14.0,13,11,0,1078
14.0,13,11,1,1081
14.0,13,11,2,1085
14.0,13,11,3,1088
14.0,13,11,4,1091
14.0,13,11,5,1095
14.0,13,11,6,1098
14.0,13,11,7,1102
14.0,13,11,8,1105
14.0,13,11,9,1108
14.0,13,11,10,1112
14.0,13,11,11,1115
14.0,13,11,12,1119
14.0,13,11,13,1122
14.0,13,11,14,1125
14.0,13,11,15,1129
14.0,13,12,0,1081
14.0,13,12,1,1084
14.0,13,12,2,1088
14.0,13,12,3,1091
14.0,13,12,4,1095
14.0,13,12,5,1098
14.0,13,12,6,1102
14.0,13,12,7,1105
14.0,13,12,8,1109
14.0,13,12,9,1112
14.0,13,12,10,1115
14.0,13,12,11,1119
14.0,13,12,12,1122
14.0,13,12,13,1125
14.0,13,12,14,1129
14.0,13,12,15,1132
14.0,13,13,0,1084
14.0,13,13,1,1088
14.0,13,13,2,1091
14.0,13,13,3,1095
14.0,13,13,4,1098
14.0,13,13,5,1102
14.0,13,13,6,1105
14.0,13,13,7,1109
14.0,13,13,8,1112
14.0,13,13,9,1115
14.0,13,13,10,1119
14.0,13,13,11,1122
14.0,13,13,12,1126
14.0,13,13,13,1129
14.0,13,13,14,1132
14.0,13,13,15,1136
14.0,13,14,0,1088
14.0,13,14,1,1091
14.0,13,14,2,1095
14.0,13,14,3,1098
14.0,13,14,4,1102
14.0,13,14,5,1105
14.0,13,14,6,1109
14.0,13,14,7,1112
14.0,13,14,8,1115
14.0,13,14,9,1119
14.0,13,14,10,1122
14.0,13,14,11,1126
14.0,13,14,12,1129
14.0,13,14,13,1132
14.0,13,14,14,1136
14.0,13,14,15,1139
14.0,13,15,0,1091
14.0,13,15,1,1095
14.0,13,15,2,1098
14.0,13,15,3,1102
14.0,13,15,4,1105
14.0,13,15,5,1108
14.0,13,15,6,1112
14.0,13,15,7,1115
14.0,13,15,8,1119
14.0,13,15,9,1122
14.0,13,15,10,1126
14.0,13,15,11,1129
14.0,13,15,12,1132
14.0,13,15,13,1136
14.0,13,15,14,1139
14.0,13,15,15,1143
14.0,14,0,0,1044
14.0,14,0,1,1047
14.0,14,0,2,1050
14.0,14,0,3,1054
14.0,14,0,4,1057
14.0,14,0,5,1060
14.0,14,0,6,1064
14.0,14,0,7,1067
14.0,14,0,8,1070
14.0,14,0,9,1074
14.0,14,0,10,1077
14.0,14,0,11,1080
14.0,14,0,12,1083
14.0,14,0,13,1087
14.0,14,0,14,1090
14.0,14,0,15,1093
14.0,14,1,0,1047
14.0,14,1,1,1051
14.0,14,1,2,1054
14.0,14,1,3,1057
14.0,14,1,4,1061
14.0,14,1,5,1064
14.0,14,1,6,1067
14.0,14,1,7,1071
14.0,14,1,8,1074
14.0,14,1,9,1077
14.0,14,1,10,1080
14.0,14,1,11,1084
14.0,14,1,12,1087
14.0,14,1,13,1090
14.0,14,1,14,1093
14.0,14,1,15,1097
14.0,14,2,0,1051
14.0,14,2,1,1054
14.0,14,2,2,1057
14.0,14,2,3,1061
14.0,14,2,4,1064
14.0,14,2,5,1068
14.0,14,2,6,1071
14.0,14,2,7,1074
14.0,14,2,8,1077
14.0,14,2,9,1081
14.0,14,2,10,1084
14.0,14,2,11,1087
14.0,14,2,12,1091
14.0,14,2,13,1094
14.0,14,2,14,1097
14.0,14,2,15,1100
14.0,14,3,0,1054
14.0,14,3,1,1058
14.0,14,3,2,1061
14.0,14,3,3,1064
14.0,14,3,4,1068
14.0,14,3,5,1071
14.0,14,3,6,1074
14.0,14,3,7,1078
14.0,14,3,8,1081
14.0,14,3,9,1084
14.0,14,3,10,1088
14.0,14,3,11,1091
14.0,14,3,12,1094
14.0,14,3,13,1098
14.0,14,3,14,1101
14.0,14,3,15,1104
14.0,14,4,0,1058
14.0,14,4,1,1061
14.0,14,4,2,1064
14.0,14,4,3,1068
14.0,14,4,4,1071
14.0,14,4,5,1075
14.0,14,4,6,1078
14.0,14,4,7,1081
14.0,14,4,8,1085
14.0,14,4,9,1088
14.0,14,4,10,1091
14.0,14,4,11,1095
14.0,14,4,12,1098
14.0,14,4,13,1101
14.0,14,4,14,1104
14.0,14,4,15,1108
14.0,14,5,0,1061
14.0,14,5,1,1064
14.0,14,5,2,1068
14.0,14,5,3,1071
14.0,14,5,4,1075
14.0,14,5,5,1078
14.0,14,5,6,1081
14.0,14,5,7,1085
14.0,14,5,8,1088
14.0,14,5,9,1091
14.0,14,5,10,1095
14.0,14,5,11,1098
14.0,14,5,12,1101
14.0,14,5,13,1105
14.0,14,5,14,1108
14.0,14,5,15,1111
14.0,14,6,0,1065
14.0,14,6,1,1068
14.0,14,6,2,1071
14.0,14,6,3,1075
14.0,14,6,4,1078
14.0,14,6,5,1082
14.0,14,6,6,1085
14.0,14,6,7,1088
14.0,14,6,8,1092
14.0,14,6,9,1095
14.0,14,6,10,1098
14.0,14,6,11,1102
14.0,14,6,12,1105
14.0,14,6,13,1108
14.0,14,6,14,1112
14.0,14,6,15,1115
14.0,14,7,0,1068
14.0,14,7,1,1071
14.0,14,7,2,1075
14.0,14,7,3,1078
14.0,14,7,4,1082
14.0,14,7,5,1085
14.0,14,7,6,1088
14.0,14,7,7,1092
14.0,14,7,8,1095
14.0,14,7,9,1099
14.0,14,7,10,1102
14.0,14,7,11,1105
14.0,14,7,12,1109
14.0,14,7,13,1112
14.0,14,7,14,1115
14.0,14,7,15,1118
14.0,14,8,0,1071
14.0,14,8,1,1075
14.0,14,8,2,1078
14.0,14,8,3,1082
14.0,14,8,4,1085
14.0,14,8,5,1089
14.0,14,8,6,1092
14.0,14,8,7,1095
14.0,14,8,8,1099
14.0,14,8,9,1102
14.0,14,8,10,1105
14.0,14,8,11,1109
14.0,14,8,12,1112
14.0,14,8,13,1115
14.0,14,8,14,1119
14.0,14,8,15,1122
14.0,14,9,0,1075
14.0,14,9,1,1078
14.0,14,9,2,1082
14.0,14,9,3,1085
14.0,14,9,4,1089
14.0,14,9,5,1092
14.0,14,9,6,1095
14.0,14,9,7,1099
14.0,14,9,8,1102
14.0,14,9,9,1106
14.0,14,9,10,1109
14.0,14,9,11,1112
14.0,14,9,12,1116
14.0,14,9,13,1119
14.0,14,9,14,1122
14.0,14,9,15,1126
14.0,14,10,0,1078
14.0,14,10,1,1082
14.0,14,10,2,1085
14.0,14,10,3,1089
14.0,14,10,4,1092
14.0,14,10,5,1095
14.0,14,10,6,1099
14.0,14,10,7,1102
14.0,14,10,8,1106
14.0,14,10,9,1109
14.0,14,10,10,1112
14.0,14,10,11,1116
14.0,14,10,12,1119
14.0,14,10,13,1123
14.0,14,10,14,1126
14.0,14,10,15,1129
14.0,14,11,0,1082
14.0,14,11,1,1085
14.0,14,11,2,1089
14.0,14,11,3,1092
14.0,14,11,4,1095
14.0,14,11,5,1099
14.0,14,11,6,1102
14.0,14,11,7,1106
14.0,14,11,8,1109
14.0,14,11,9,1113
14.0,14,11,10,1116
14.0,14,11,11,1119
14.0,14,11,12,1123
14.0,14,11,13,1126
14.0,14,11,14,1129
14.0,14,11,15,1133
14.0,14,12,0,1085
14.0,14,12,1,1088
14.0,14,12,2,1092
14.0,14,12,3,1095
14.0,14,12,4,1099
14.0,14,12,5,1102
14.0,14,12,6,1106
14.0,14,12,7,1109
14.0,14,12,8,1113
14.0,14,12,9,1116
14.0,14,12,10,1119
14.0,14,12,11,1123
14.0,14,12,12,1126
14.0,14,12,13,1130
14.0,14,12,14,1133
14.0,14,12,15,1136
14.0,14,13,0,1088
14.0,14,13,1,1092
14.0,14,13,2,1095
14.0,14,13,3,1099
14.0,14,13,4,1102
14.0,14,13,5,1106
14.0,14,13,6,1109
14.0,14,13,7,1113
14.0,14,13,8,1116
14.0,14,13,9,1119
14.0,14,13,10,1123
14.0,14,13,11,1126
14.0,14,13,12,1130
14.0,14,13,13,1133
14.0,14,13,14,1136
14.0,14,13,15,1140
14.0,14,14,0,1092
14.0,14,14,1,1095
14.0,14,14,2,1099
14.0,14,14,3,1102
14.0,14,14,4,1106
14.0,14,14,5,1109
14.0,14,14,6,1113
14.0,14,14,7,1116
14.0,14,14,8,1119
14.0,14,14,9,1123
14.0,14,14,10,1126
14.0,14,14,11,1130
14.0,14,14,12,1133
14.0,14,14,13,1137
14.0,14,14,14,1140
14.0,14,14,15,1143
14.0,14,15,0,1095
14.0,14,15,1,1099
14.0,14,15,2,1102
14.0,14,15,3,1106
14.0,14,15,4,1109
14.0,14,15,5,1113
14.0,14,15,6,1116
14.0,14,15,7,1119
14.0,14,15,8,1123
14.0,14,15,9,1126
14.0,14,15,10,1130
14.0,14,15,11,1133
14.0,14,15,12,1137
14.0,14,15,13,1140
14.0,14,15,14,1143
14.0,14,15,15,1147
14.0,15,0,0,1048
14.0,15,0,1,1051
14.0,15,0,2,1054
14.0,15,0,3,1058
14.0,15,0,4,1061
14.0,15,0,5,1064
14.0,15,0,6,1068
14.0,15,0,7,1071
14.0,15,0,8,1074
14.0,15,0,9,1077
14.0,15,0,10,1081
14.0,15,0,11,1084
14.0,15,0,12,1087
14.0,15,0,13,1091
14.0,15,0,14,1094
14.0,15,0,15,1097
14.0,15,1,0,1051
14.0,15,1,1,1054
14.0,15,1,2,1058
14.0,15,1,3,1061
14.0,15,1,4,1064
14.0,15,1,5,1068
14.0,15,1,6,1071
14.0,15,1,7,1074
14.0,15,1,8,1078
14.0,15,1,9,1081
14.0,15,1,10,1084
14.0,15,1,11,1088
14.0,15,1,12,1091
14.0,15,1,13,1094
14.0,15,1,14,1097
14.0,15,1,15,1101
14.0,15,2,0,1055
14.0,15,2,1,1058
14.0,15,2,2,1061
14.0,15,2,3,1065
14.0,15,2,4,1068
14.0,15,2,5,1071
14.0,15,2,6,1075
14.0,15,2,7,1078
14.0,15,2,8,1081
14.0,15,2,9,1085
14.0,15,2,10,1088
14.0,15,2,11,1091
14.0,15,2,12,1095
14.0,15,2,13,1098
14.0,15,2,14,1101
14.0,15,2,15,1104
14.0,15,3,0,1058
14.0,15,3,1,1061
14.0,15,3,2,1065
14.0,15,3,3,1068
14.0,15,3,4,1072
14.0,15,3,5,1075
14.0,15,3,6,1078
14.0,15,3,7,1082
14.0,15,3,8,1085
14.0,15,3,9,1088
14.0,15,3,10,1092
14.0,15,3,11,1095
14.0,15,3,12,1098
14.0,15,3,13,1101
14.0,15,3,14,1105
14.0,15,3,15,1108
14.0,15,4,0,1061
14.0,15,4,1,1065
14.0,15,4,2,1068
14.0,15,4,3,1072
14.0,15,4,4,1075
14.0,15,4,5,1078
14.0,15,4,6,1082
14.0,15,4,7,1085
14.0,15,4,8,1089
14.0,15,4,9,1092
14.0,15,4,10,1095
14.0,15,4,11,1099
14.0,15,4,12,1102
14.0,15,4,13,1105
14.0,15,4,14,1108
14.0,15,4,15,1112
14.0,15,5,0,1065
14.0,15,5,1,1068
14.0,15,5,2,1072
14.0,15,5,3,1075
14.0,15,5,4,1079
14.0,15,5,5,1082
14.0,15,5,6,1085
14.0,15,5,7,1089
14.0,15,5,8,1092
14.0,15,5,9,1095
14.0,15,5,10,1099
14.0,15,5,11,1102
14.0,15,5,12,1105
14.0,15,5,13,1109
14.0,15,5,14,1112
14.0,15,5,15,1115
14.0,15,6,0,1068
14.0,15,6,1,1072
14.0,15,6,2,1075
14.0,15,6,3,1079
14.0,15,6,4,1082
14.0,15,6,5,1085
14.0,15,6,6,1089
14.0,15,6,7,1092
14.0,15,6,8,1096
14.0,15,6,9,1099
14.0,15,6,10,1102
14.0,15,6,11,1106
14.0,15,6,12,1109
14.0,15,6,13,1112
14.0,15,6,14,1116
14.0,15,6,15,1119
14.0,15,7,0,1072
14.0,15,7,1,1075
14.0,15,7,2,1079
14.0,15,7,3,1082
14.0,15,7,4,1086
14.0,15,7,5,1089
14.0,15,7,6,1092
14.0,15,7,7,1096
14.0,15,7,8,1099
14.0,15,7,9,1103
14.0,15,7,10,1106
14.0,15,7,11,1109
14.0,15,7,12,1113
14.0,15,7,13,1116
14.0,15,7,14,1119
14.0,15,7,15,1123
14.0,15,8,0,1075
14.0,15,8,1,1079
14.0,15,8,2,1082
14.0,15,8,3,1086
14.0,15,8,4,1089
14.0,15,8,5,1092
14.0,15,8,6,1096
14.0,15,8,7,1099
14.0,15,8,8,1103
14.0,15,8,9,1106
14.0,15,8,10,1109
14.0,15,8,11,1113
14.0,15,8,12,1116
14.0,15,8,13,1119
14.0,15,8,14,1123
14.0,15,8,15,1126
14.0,15,9,0,1079
14.0,15,9,1,1082
14.0,15,9,2,1086
14.0,15,9,3,1089
14.0,15,9,4,1093
14.0,15,9,5,1096
14.0,15,9,6,1099
14.0,15,9,7,1103
14.0,15,9,8,1106
14.0,15,9,9,1110
14.0,15,9,10,1113
14.0,15,9,11,1116
14.0,15,9,12,1120
14.0,15,9,13,1123
14.0,15,9,14,1126
14.0,15,9,15,1130
14.0,15,10,0,1082
14.0,15,10,1,1086
14.0,15,10,2,1089
14.0,15,10,3,1093
14.0,15,10,4,1096
14.0,15,10,5,1099
14.0,15,10,6,1103
14.0,15,10,7,1106
14.0,15,10,8,1110
14.0,15,10,9,1113
14.0,15,10,10,1116
14.0,15,10,11,1120
14.0,15,10,12,1123
14.0,15,10,13,1127
14.0,15,10,14,1130
14.0,15,10,15,1133
14.0,15,11,0,1085
14.0,15,11,1,1089
14.0,15,11,2,1092
14.0,15,11,3,1096
14.0,15,11,4,1099
14.0,15,11,5,1103
14.0,15,11,6,1106
14.0,15,11,7,1110
14.0,15,11,8,1113
14.0,15,11,9,1117
14.0,15,11,10,1120
14.0,15,11,11,1123
14.0,15,11,12,1127
14.0,15,11,13,1130
14.0,15,11,14,1133
14.0,15,11,15,1137
14.0,15,12,0,1089
14.0,15,12,1,1092
14.0,15,12,2,1096
14.0,15,12,3,1099
14.0,15,12,4,1103
14.0,15,12,5,1106
14.0,15,12,6,1110
14.0,15,12,7,1113
14.0,15,12,8,1117
14.0,15,12,9,1120
14.0,15,12,10,1123
14.0,15,12,11,1127
14.0,15,12,12,1130
14.0,15,12,13,1134
14.0,15,12,14,1137
14.0,15,12,15,1140
14.0,15,13,0,1092
14.0,15,13,1,1096
14.0,15,13,2,1099
14.0,15,13,3,1103
14.0,15,13,4,1106
14.0,15,13,5,1110
14.0,15,13,6,1113
14.0,15,13,7,1117
14.0,15,13,8,1120
14.0,15,13,9,1124
14.0,15,13,10,1127
14.0,15,13,11,1130
14.0,15,13,12,1134
14.0,15,13,13,1137
14.0,15,13,14,1141
14.0,15,13,15,1144
14.0,15,14,0,1096
14.0,15,14,1,1099
14.0,15,14,2,1103
14.0,15,14,3,1106
14.0,15,14,4,1110
14.0,15,14,5,1113
14.0,15,14,6,1117
14.0,15,14,7,1120
14.0,15,14,8,1124
14.0,15,14,9,1127
14.0,15,14,10,1130
14.0,15,14,11,1134
14.0,15,14,12,1137
14.0,15,14,13,1141
14.0,15,14,14,1144
14.0,15,14,15,1147
14.0,15,15,0,1099
14.0,15,15,1,1103
14.0,15,15,2,1106
14.0,15,15,3,1110
14.0,15,15,4,1113
14.0,15,15,5,1117
14.0,15,15,6,1120
14.0,15,15,7,1124
14.0,15,15,8,1127
14.0,15,15,9,1130
14.0,15,15,10,1134
14.0,15,15,11,1137
14.0,15,15,12,1141
14.0,15,15,13,1144
14.0,15,15,14,1148
14.0,15,15,15,1151
14.5,0,0,0,1026
14.5,0,0,1,1029
14.5,0,0,2,1033
14.5,0,0,3,1036
14.5,0,0,4,1039
14.5,0,0,5,1042
14.5,0,0,6,1046
14.5,0,0,7,1049
14.5,0,0,8,1052
14.5,0,0,9,1055
14.5,0,0,10,1059
14.5,0,0,11,1062
14.5,0,0,12,1065
14.5,0,0,13,1068
14.5,0,0,14,1071
14.5,0,0,15,1074
14.5,0,1,0,1029
14.5,0,1,1,1033
14.5,0,1,2,1036
14.5,0,1,3,1039
14.5,0,1,4,1043
14.5,0,1,5,1046
14.5,0,1,6,1049
14.5,0,1,7,1052
14.5,0,1,8,1056
14.5,0,1,9,1059
14.5,0,1,10,1062
14.5,0,1,11,1065
14.5,0,1,12,1068
14.5,0,1,13,1072
14.5,0,1,14,1075
14.5,0,1,15,1078
14.5,0,2,0,1033
14.5,0,2,1,1036
14.5,0,2,2,1039
14.5,0,2,3,1043
14.5,0,2,4,1046
14.5,0,2,5,1049
14.5,0,2,6,1053
14.5,0,2,7,1056
14.5,0,2,8,1059
14.5,0,2,9,1062
14.5,0,2,10,1066
14.5,0,2,11,1069
14.5,0,2,12,1072
14.5,0,2,13,1075
14.5,0,2,14,1078
14.5,0,2,15,1082
14.5,0,3,0,1036
14.5,0,3,1,1040
14.5,0,3,2,1043
14.5,0,3,3,1046
14.5,0,3,4,1049
14.5,0,3,5,1053
14.5,0,3,6,1056
14.5,0,3,7,1059
14.5,0,3,8,1063
14.5,0,3,9,1066
14.5,0,3,10,1069
14.5,0,3,11,1072
14.5,0,3,12,1076
14.5,0,3,13,1079
14.5,0,3,14,1082
14.5,0,3,15,1085
14.5,0,4,0,1040
14.5,0,4,1,1043
14.5,0,4,2,1046
14.5,0,4,3,1050
14.5,0,4,4,1053
14.5,0,4,5,1056
14.5,0,4,6,1060
14.5,0,4,7,1063
14.5,0,4,8,1066
14.5,0,4,9,1069
14.5,0,4,10,1073
14.5,0,4,11,1076
14.5,0,4,12,1079
14.5,0,4,13,1082
14.5,0,4,14,1086
14.5,0,4,15,1089
14.5,0,5,0,1043
14.5,0,5,1,1046
14.5,0,5,2,1050
14.5,0,5,3,1053
14.5,0,5,4,1056
14.5,0,5,5,1060
14.5,0,5,6,1063
14.5,0,5,7,1066
14.5,0,5,8,1070
14.5,0,5,9,1073
14.5,0,5,10,1076
14.5,0,5,11,1079
14.5,0,5,12,1083
14.5,0,5,13,1086
14.5,0,5,14,1089
14.5,0,5,15,1092
14.5,0,6,0,1046
14.5,0,6,1,1050
14.5,0,6,2,1053
14.5,0,6,3,1056
14.5,0,6,4,1060
14.5,0,6,5,1063
14.5,0,6,6,1066
14.5,0,6,7,1070
14.5,0,6,8,1073
14.5,0,6,9,1076
14.5,0,6,10,1080
14.5,0,6,11,1083
14.5,0,6,12,1086
14.5,0,6,13,1089
14.5,0,6,14,1093
14.5,0,6,15,1096
14.5,0,7,0,1050
14.5,0,7,1,1053
14.5,0,7,2,1057
14.5,0,7,3,1060
14.5,0,7,4,1063
14.5,0,7,5,1067
14.5,0,7,6,1070
14.5,0,7,7,1073
14.5,0,7,8,1077
14.5,0,7,9,1080
14.5,0,7,10,1083
14.5,0,7,11,1086
14.5,0,7,12,1090
14.5,0,7,13,1093
14.5,0,7,14,1096
14.5,0,7,15,1099
14.5,0,8,0,1053
14.5,0,8,1,1057
14.5,0,8,2,1060
14.5,0,8,3,1063
14.5,0,8,4,1067
14.5,0,8,5,1070
14.5,0,8,6,1073
14.5,0,8,7,1077
14.5,0,8,8,1080
14.5,0,8,9,1083
14.5,0,8,10,1087
14.5,0,8,11,1090
14.5,0,8,12,1093
14.5,0,8,13,1096
14.5,0,8,14,1100
14.5,0,8,15,1103
14.5,0,9,0,1056
14.5,0,9,1,1060
14.5,0,9,2,1063
14.5,0,9,3,1067
14.5,0,9,4,1070
14.5,0,9,5,1073
14.5,0,9,6,1077
14.5,0,9,7,1080
14.5,0,9,8,1083
14.5,0,9,9,1087
14.5,0,9,10,1090
14.5,0,9,11,1093
14.5,0,9,12,1097
14.5,0,9,13,1100
14.5,0,9,14,1103
14.5,0,9,15,1106
14.5,0,10,0,1060
14.5,0,10,1,1063
14.5,0,10,2,1067
14.5,0,10,3,1070
14.5,0,10,4,1073
14.5,0,10,5,1077
14.5,0,10,6,1080
14.5,0,10,7,1083
14.5,0,10,8,1087
14.5,0,10,9,1090
14.5,0,10,10,1093
14.5,0,10,11,1097
14.5,0,10,12,1100
14.5,0,10,13,1103
14.5,0,10,14,1107
14.5,0,10,15,1110
14.5,0,11,0,1063
14.5,0,11,1,1067
14.5,0,11,2,1070
14.5,0,11,3,1073
14.5,0,11,4,1077
14.5,0,11,5,1080
14.5,0,11,6,1084
14.5,0,11,7,1087
14.5,0,11,8,1090
14.5,0,11,9,1094
14.5,0,11,10,1097
14.5,0,11,11,1100
14.5,0,11,12,1104
14.5,0,11,13,1107
14.5,0,11,14,1110
14.5,0,11,15,1113
14.5,0,12,0,1066
14.5,0,12,1,1070
14.5,0,12,2,1073
14.5,0,12,3,1077
14.5,0,12,4,1080
14.5,0,12,5,1084
14.5,0,12,6,1087
14.5,0,12,7,1090
14.5,0,12,8,1094
14.5,0,12,9,1097
14.5,0,12,10,1100
14.5,0,12,11,1104
14.5,0,12,12,1107
14.5,0,12,13,1110
14.5,0,12,14,1114
14.5,0,12,15,1117
14.5,0,13,0,1070
14.5,0,13,1,1073
14.5,0,13,2,1077
14.5,0,13,3,1080
14.5,0,13,4,1083
14.5,0,13,5,1087
14.5,0,13,6,1090
14.5,0,13,7,1094
14.5,0,13,8,1097
14.5,0,13,9,1100
14.5,0,13,10,1104
14.5,0,13,11,1107
14.5,0,13,12,1110
14.5,0,13,13,1114
14.5,0,13,14,1117
14.5,0,13,15,1120
14.5,0,14,0,1073
14.5,0,14,1,1077
14.5,0,14,2,1080
14.5,0,14,3,1083
14.5,0,14,4,1087
14.5,0,14,5,1090
14.5,0,14,6,1094
14.5,0,14,7,1097
14.5,0,14,8,1100
14.5,0,14,9,1104
14.5,0,14,10,1107
14.5,0,14,11,1111
14.5,0,14,12,1114
14.5,0,14,13,1117
14.5,0,14,14,1120
14.5,0,14,15,1124
14.5,0,15,0,1076
14.5,0,15,1,1080
14.5,0,15,2,1083
14.5,0,15,3,1087
14.5,0,15,4,1090
14.5,0,15,5,1094
14.5,0,15,6,1097
14.5,0,15,7,1100
14.5,0,15,8,1104
14.5,0,15,9,1107
14.5,0,15,10,1111
14.5,0,15,11,1114
14.5,0,15,12,1117
14.5,0,15,13,1121
14.5,0,15,14,1124
14.5,0,15,15,1127
14.5,1,0,0,1030
14.5,1,0,1,1033
14.5,1,0,2,1036
14.5,1,0,3,1040
14.5,1,0,4,1043
14.5,1,0,5,1046
14.5,1,0,6,1050
14.5,1,0,7,1053
14.5,1,0,8,1056
14.5,1,0,9,1059
14.5,1,0,10,1063
14.5,1,0,11,1066
14.5,1,0,12,1069
14.5,1,0,13,1072
14.5,1,0,14,1075
14.5,1,0,15,1079
14.5,1,1,0,1033
14.5,1,1,1,1037
14.5,1,1,2,1040
14.5,1,1,3,1043
14.5,1,1,4,1047
14.5,1,1,5,1050
14.5,1,1,6,1053
14.5,1,1,7,1056
14.5,1,1,8,1060
14.5,1,1,9,1063
14.5,1,1,10,1066
14.5,1,1,11,1069
14.5,1,1,12,1073
14.5,1,1,13,1076
14.5,1,1,14,1079
14.5,1,1,15,1082
14.5,1,2,0,1037
14.5,1,2,1,1040
14.5,1,2,2,1043
14.5,1,2,3,1047
14.5,1,2,4,1050
14.5,1,2,5,1053
14.5,1,2,6,1057
14.5,1,2,7,1060
14.5,1,2,8,1063
14.5,1,2,9,1066
14.5,1,2,10,1070
14.5,1,2,11,1073
14.5,1,2,12,1076
14.5,1,2,13,1079
14.5,1,2,14,1083
14.5,1,2,15,1086
14.5,1,3,0,1040
14.5,1,3,1,1044
14.5,1,3,2,1047
14.5,1,3,3,1050
14.5,1,3,4,1054
14.5,1,3,5,1057
14.5,1,3,6,1060
14.5,1,3,7,1063
14.5,1,3,8,1067
14.5,1,3,9,1070
14.5,1,3,10,1073
14.5,1,3,11,1076
14.5,1,3,12,1080
14.5,1,3,13,1083
14.5,1,3,14,1086
14.5,1,3,15,1089
14.5,1,4,0,1044
14.5,1,4,1,1047
14.5,1,4,2,1050
14.5,1,4,3,1054
14.5,1,4,4,1057
14.5,1,4,5,1060
14.5,1,4,6,1064
14.5,1,4,7,1067
14.5,1,4,8,1070
14.5,1,4,9,1073
14.5,1,4,10,1077
14.5,1,4,11,1080
14.5,1,4,12,1083
14.5,1,4,13,1086
14.5,1,4,14,1090
14.5,1,4,15,1093
14.5,1,5,0,1047
14.5,1,5,1,1050
14.5,1,5,2,1054
14.5,1,5,3,1057
14.5,1,5,4,1060
14.5,1,5,5,1064
14.5,1,5,6,1067
14.5,1,5,7,1070
14.5,1,5,8,1074
14.5,1,5,9,1077
14.5,1,5,10,1080
14.5,1,5,11,1084
14.5,1,5,12,1087
14.5,1,5,13,1090
14.5,1,5,14,1093
14.5,1,5,15,1097
14.5,1,6,0,1050
14.5,1,6,1,1054
14.5,1,6,2,1057
14.5,1,6,3,1061
14.5,1,6,4,1064
14.5,1,6,5,1067
14.5,1,6,6,1071
14.5,1,6,7,1074
14.5,1,6,8,1077
14.5,1,6,9,1080
14.5,1,6,10,1084
14.5,1,6,11,1087
14.5,1,6,12,1090
14.5,1,6,13,1094
14.5,1,6,14,1097
14.5,1,6,15,1100
14.5,1,7,0,1054
14.5,1,7,1,1057
14.5,1,7,2,1061
14.5,1,7,3,1064
14.5,1,7,4,1067
14.5,1,7,5,1071
14.5,1,7,6,1074
14.5,1,7,7,1077
14.5,1,7,8,1081
14.5,1,7,9,1084
14.5,1,7,10,1087
14.5,1,7,11,1091
14.5,1,7,12,1094
14.5,1,7,13,1097
14.5,1,7,14,1100
14.5,1,7,15,1104
14.5,1,8,0,1057
14.5,1,8,1,1061
14.5,1,8,2,1064
14.5,1,8,3,1067
14.5,1,8,4,1071
14.5,1,8,5,1074
14.5,1,8,6,1077
14.5,1,8,7,1081
14.5,1,8,8,1084
14.5,1,8,9,1087
14.5,1,8,10,1091
14.5,1,8,11,1094
14.5,1,8,12,1097
14.5,1,8,13,1101
14.5,1,8,14,1104
14.5,1,8,15,1107
14.5,1,9,0,1061
14.5,1,9,1,1064
14.5,1,9,2,1067
14.5,1,9,3,1071
14.5,1,9,4,1074
14.5,1,9,5,1077
14.5,1,9,6,1081
14.5,1,9,7,1084
14.5,1,9,8,1088
14.5,1,9,9,1091
14.5,1,9,10,1094
14.5,1,9,11,1098
14.5,1,9,12,1101
14.5,1,9,13,1104
14.5,1,9,14,1107
14.5,1,9,15,1111
14.5,1,10,0,1064
14.5,1,10,1,1067
14.5,1,10,2,1071
14.5,1,10,3,1074
14.5,1,10,4,1078
14.5,1,10,5,1081
14.5,1,10,6,1084
14.5,1,10,7,1088
14.5,1,10,8,1091
14.5,1,10,9,1094
14.5,1,10,10,1098
14.5,1,10,11,1101
14.5,1,10,12,1104
14.5,1,10,13,1108
14.5,1,10,14,1111
14.5,1,10,15,1114
14.5,1,11,0,1067
14.5,1,11,1,1071
14.5,1,11,2,1074
14.5,1,11,3,1077
14.5,1,11,4,1081
14.5,1,11,5,1084
14.5,1,11,6,1088
14.5,1,11,7,1091
14.5,1,11,8,1094
14.5,1,11,9,1098
14.5,1,11,10,1101
14.5,1,11,11,1104
14.5,1,11,12,1108
14.5,1,11,13,1111
14.5,1,11,14,1114
14.5,1,11,15,1118
14.5,1,12,0,1071
14.5,1,12,1,1074
14.5,1,12,2,1077
14.5,1,12,3,1081
14.5,1,12,4,1084
14.5,1,12,5,1088
14.5,1,12,6,1091
14.5,1,12,7,1094
14.5,1,12,8,1098
14.5,1,12,9,1101
14.5,1,12,10,1105
14.5,1,12,11,1108
14.5,1,12,12,1111
14.5,1,12,13,1115
14.5,1,12,14,1118
14.5,1,12,15,1121
14.5,1,13,0,1074
14.5,1,13,1,1077
14.5,1,13,2,1081
14.5,1,13,3,1084
14.5,1,13,4,1088
14.5,1,13,5,1091
14.5,1,13,6,1094
14.5,1,13,7,1098
14.5,1,13,8,1101
14.5,1,13,9,1105
14.5,1,13,10,1108
14.5,1,13,11,1111
14.5,1,13,12,1115
14.5,1,13,13,1118
14.5,1,13,14,1121
14.5,1,13,15,1125
14.5,1,14,0,1077
14.5,1,14,1,1081
14.5,1,14,2,1084
14.5,1,14,3,1088
14.5,1,14,4,1091
14.5,1,14,5,1094
14.5,1,14,6,1098
14.5,1,14,7,1101
14.5,1,14,8,1105
14.5,1,14,9,1108
14.5,1,14,10,1111
14.5,1,14,11,1115
14.5,1,14,12,1118
14.5,1,14,13,1121
14.5,1,14,14,1125
14.5,1,14,15,1128
14.5,1,15,0,1080
14.5,1,15,1,1084
14.5,1,15,2,1087
14.5,1,15,3,1091
14.5,1,15,4,1094
14.5,1,15,5,1098
14.5,1,15,6,1101
14.5,1,15,7,1105
14.5,1,15,8,1108
14.5,1,15,9,1111
14.5,1,15,10,1115
14.5,1,15,11,1118
14.5,1,15,12,1122
14.5,1,15,13,1125
14.5,1,15,14,1128
14.5,1,15,15,1132
14.5,2,0,0,1034
14.5,2,0,1,1037
14.5,2,0,2,1040
14.5,2,0,3,1044
14.5,2,0,4,1047
14.5,2,0,5,1050
14.5,2,0,6,1054
14.5,2,0,7,1057
14.5,2,0,8,1060
14.5,2,0,9,1063
14.5,2,0,10,1067
14.5,2,0,11,1070
14.5,2,0,12,1073
14.5,2,0,13,1076
14.5,2,0,14,1079
14.5,2,0,15,1083
14.5,2,1,0,1037
14.5,2,1,1,1041
14.5,2,1,2,1044
14.5,2,1,3,1047
14.5,2,1,4,1051
14.5,2,1,5,1054
14.5,2,1,6,1057
14.5,2,1,7,1060
14.5,2,1,8,1064
14.5,2,1,9,1067
14.5,2,1,10,1070
14.5,2,1,11,1073
14.5,2,1,12,1077
14.5,2,1,13,1080
14.5,2,1,14,1083
14.5,2,1,15,1086
14.5,2,2,0,1041
14.5,2,2,1,1044
14.5,2,2,2,1047
14.5,2,2,3,1051
14.5,2,2,4,1054
14.5,2,2,5,1057
14.5,2,2,6,1061
14.5,2,2,7,1064
14.5,2,2,8,1067
14.5,2,2,9,1071
14.5,2,2,10,1074
14.5,2,2,11,1077
14.5,2,2,12,1080
14.5,2,2,13,1083
14.5,2,2,14,1087
14.5,2,2,15,1090
14.5,2,3,0,1044
14.5,2,3,1,1048
14.5,2,3,2,1051
14.5,2,3,3,1054
14.5,2,3,4,1058
14.5,2,3,5,1061
14.5,2,3,6,1064
14.5,2,3,7,1067
14.5,2,3,8,1071
14.5,2,3,9,1074
14.5,2,3,10,1077
14.5,2,3,11,1081
14.5,2,3,12,1084
14.5,2,3,13,1087
14.5,2,3,14,1090
14.5,2,3,15,1094
14.5,2,4,0,1048
14.5,2,4,1,1051
14.5,2,4,2,1054
14.5,2,4,3,1058
14.5,2,4,4,1061
14.5,2,4,5,1064
14.5,2,4,6,1068
14.5,2,4,7,1071
14.5,2,4,8,1074
14.5,2,4,9,1078
14.5,2,4,10,1081
14.5,2,4,11,1084
14.5,2,4,12,1087
14.5,2,4,13,1091
14.5,2,4,14,1094
14.5,2,4,15,1097
14.5,2,5,0,1051
14.5,2,5,1,1054
14.5,2,5,2,1058
14.5,2,5,3,1061
14.5,2,5,4,1064
14.5,2,5,5,1068
14.5,2,5,6,1071
14.5,2,5,7,1074
14.5,2,5,8,1078
14.5,2,5,9,1081
14.5,2,5,10,1084
14.5,2,5,11,1088
14.5,2,5,12,1091
14.5,2,5,13,1094
14.5,2,5,14,1097
14.5,2,5,15,1101
14.5,2,6,0,1054
14.5,2,6,1,1058
14.5,2,6,2,1061
14.5,2,6,3,1065
14.5,2,6,4,1068
14.5,2,6,5,1071
14.5,2,6,6,1075
14.5,2,6,7,1078
14.5,2,6,8,1081
14.5,2,6,9,1085
14.5,2,6,10,1088
14.5,2,6,11,1091
14.5,2,6,12,1094
14.5,2,6,13,1098
14.5,2,6,14,1101
14.5,2,6,15,1104
14.5,2,7,0,1058
14.5,2,7,1,1061
14.5,2,7,2,1065
14.5,2,7,3,1068
14.5,2,7,4,1071
14.5,2,7,5,1075
14.5,2,7,6,1078
14.5,2,7,7,1081
14.5,2,7,8,1085
14.5,2,7,9,1088
14.5,2,7,10,1091
14.5,2,7,11,1095
14.5,2,7,12,1098
14.5,2,7,13,1101
14.5,2,7,14,1105
14.5,2,7,15,1108
14.5,2,8,0,1061
14.5,2,8,1,1065
14.5,2,8,2,1068
14.5,2,8,3,1071
14.5,2,8,4,1075
14.5,2,8,5,1078
14.5,2,8,6,1082
14.5,2,8,7,1085
14.5,2,8,8,1088
14.5,2,8,9,1092
14.5,2,8,10,1095
14.5,2,8,11,1098
14.5,2,8,12,1102
14.5,2,8,13,1105
14.5,2,8,14,1108
14.5,2,8,15,1111
14.5,2,9,0,1065
14.5,2,9,1,1068
14.5,2,9,2,1071
14.5,2,9,3,1075
14.5,2,9,4,1078
14.5,2,9,5,1082
14.5,2,9,6,1085
14.5,2,9,7,1088
14.5,2,9,8,1092
14.5,2,9,9,1095
14.5,2,9,10,1098
14.5,2,9,11,1102
14.5,2,9,12,1105
14.5,2,9,13,1108
14.5,2,9,14,1112
14.5,2,9,15,1115
14.5,2,10,0,1068
14.5,2,10,1,1071
14.5,2,10,2,1075
14.5,2,10,3,1078
14.5,2,10,4,1082
14.5,2,10,5,1085
14.5,2,10,6,1088
14.5,2,10,7,1092
14.5,2,10,8,1095
14.5,2,10,9,1099
14.5,2,10,10,1102
14.5,2,10,11,1105
14.5,2,10,12,1109
14.5,2,10,13,1112
14.5,2,10,14,1115
14.5,2,10,15,1118
14.5,2,11,0,1071
14.5,2,11,1,1075
14.5,2,11,2,1078
14.5,2,11,3,1082
14.5,2,11,4,1085
14.5,2,11,5,1088
14.5,2,11,6,1092
14.5,2,11,7,1095
14.5,2,11,8,1099
14.5,2,11,9,1102
14.5,2,11,10,1105
14.5,2,11,11,1109
14.5,2,11,12,1112
14.5,2,11,13,1115
14.5,2,11,14,1119
14.5,2,11,15,1122
14.5,2,12,0,1075
14.5,2,12,1,1078
14.5,2,12,2,1082
14.5,2,12,3,1085
14.5,2,12,4,1088
14.5,2,12,5,1092
14.5,2,12,6,1095
14.5,2,12,7,1099
14.5,2,12,8,1102
14.5,2,12,9,1105
14.5,2,12,10,1109
14.5,2,12,11,1112
14.5,2,12,12,1115
14.5,2,12,13,1119
14.5,2,12,14,1122
14.5,2,12,15,1125
14.5,2,13,0,1078
14.5,2,13,1,1081
14.5,2,13,2,1085
14.5,2,13,3,1088
14.5,2,13,4,1092
14.5,2,13,5,1095
14.5,2,13,6,1099
14.5,2,13,7,1102
14.5,2,13,8,1105
14.5,2,13,9,1109
14.5,2,13,10,1112
14.5,2,13,11,1116
14.5,2,13,12,1119
14.5,2,13,13,1122
14.5,2,13,14,1126
14.5,2,13,15,1129
14.5,2,14,0,1081
14.5,2,14,1,1085
14.5,2,14,2,1088
14.5,2,14,3,1092
14.5,2,14,4,1095
14.5,2,14,5,1099
14.5,2,14,6,1102
14.5,2,14,7,1105
14.5,2,14,8,1109
14.5,2,14,9,1112
14.5,2,14,10,1116
14.5,2,14,11,1119
14.5,2,14,12,1122
14.5,2,14,13,1126
14.5,2,14,14,1129
14.5,2,14,15,1132
14.5,2,15,0,1085
14.5,2,15,1,1088
14.5,2,15,2,1092
14.5,2,15,3,1095
14.5,2,15,4,1099
14.5,2,15,5,1102
14.5,2,15,6,1105
14.5,2,15,7,1109
14.5,2,15,8,1112
14.5,2,15,9,1116
14.5,2,15,10,1119
14.5,2,15,11,1122
14.5,2,15,12,1126
14.5,2,15,13,1129
14.5,2,15,14,1133
14.5,2,15,15,1136
14.5,3,0,0,1038
14.5,3,0,1,1041
14.5,3,0,2,1044
14.5,3,0,3,1048
14.5,3,0,4,1051
14.5,3,0,5,1054
14.5,3,0,6,1058
14.5,3,0,7,1061
14.5,3,0,8,1064
14.5,3,0,9,1067
14.5,3,0,10,1071
14.5,3,0,11,1074
14.5,3,0,12,1077
14.5,3,0,13,1080
14.5,3,0,14,1084
14.5,3,0,15,1087
14.5,3,1,0,1041
14.5,3,1,1,1045
14.5,3,1,2,1048
14.5,3,1,3,1051
14.5,3,1,4,1055
14.5,3,1,5,1058
14.5,3,1,6,1061
14.5,3,1,7,1064
14.5,3,1,8,1068
14.5,3,1,9,1071
14.5,3,1,10,1074
14.5,3,1,11,1078
14.5,3,1,12,1081
14.5,3,1,13,1084
14.5,3,1,14,1087
14.5,3,1,15,1090
14.5,3,2,0,1045
14.5,3,2,1,1048
14.5,3,2,2,1051
14.5,3,2,3,1055
14.5,3,2,4,1058
14.5,3,2,5,1061
14.5,3,2,6,1065
14.5,3,2,7,1068
14.5,3,2,8,1071
14.5,3,2,9,1075
14.5,3,2,10,1078
14.5,3,2,11,1081
14.5,3,2,12,1084
14.5,3,2,13,1088
14.5,3,2,14,1091
14.5,3,2,15,1094
14.5,3,3,0,1048
14.5,3,3,1,1051
14.5,3,3,2,1055
14.5,3,3,3,1058
14.5,3,3,4,1062
14.5,3,3,5,1065
14.5,3,3,6,1068
14.5,3,3,7,1072
14.5,3,3,8,1075
14.5,3,3,9,1078
14.5,3,3,10,1081
14.5,3,3,11,1085
14.5,3,3,12,1088
14.5,3,3,13,1091
14.5,3,3,14,1094
14.5,3,3,15,1098
14.5,3,4,0,1052
14.5,3,4,1,1055
14.5,3,4,2,1058
14.5,3,4,3,1062
14.5,3,4,4,1065
14.5,3,4,5,1068
14.5,3,4,6,1072
14.5,3,4,7,1075
14.5,3,4,8,1078
14.5,3,4,9,1082
14.5,3,4,10,1085
14.5,3,4,11,1088
14.5,3,4,12,1092
14.5,3,4,13,1095
14.5,3,4,14,1098
14.5,3,4,15,1101
14.5,3,5,0,1055
14.5,3,5,1,1058
14.5,3,5,2,1062
14.5,3,5,3,1065
14.5,3,5,4,1069
14.5,3,5,5,1072
14.5,3,5,6,1075
14.5,3,5,7,1079
14.5,3,5,8,1082
14.5,3,5,9,1085
14.5,3,5,10,1089
14.5,3,5,11,1092
14.5,3,5,12,1095
14.5,3,5,13,1098
14.5,3,5,14,1102
14.5,3,5,15,1105
14.5,3,6,0,1058
14.5,3,6,1,1062
14.5,3,6,2,1065
14.5,3,6,3,1069
14.5,3,6,4,1072
14.5,3,6,5,1075
14.5,3,6,6,1079
14.5,3,6,7,1082
14.5,3,6,8,1085
14.5,3,6,9,1089
14.5,3,6,10,1092
14.5,3,6,11,1095
14.5,3,6,12,1099
14.5,3,6,13,1102
14.5,3,6,14,1105
14.5,3,6,15,1108
14.5,3,7,0,1062
14.5,3,7,1,1065
14.5,3,7,2,1069
14.5,3,7,3,1072
14.5,3,7,4,1075
14.5,3,7,5,1079
14.5,3,7,6,1082
14.5,3,7,7,1086
14.5,3,7,8,1089
14.5,3,7,9,1092
14.5,3,7,10,1096
14.5,3,7,11,1099
14.5,3,7,12,1102
14.5,3,7,13,1105
14.5,3,7,14,1109
14.5,3,7,15,1112
14.5,3,8,0,1065
14.5,3,8,1,1069
14.5,3,8,2,1072
14.5,3,8,3,1075
14.5,3,8,4,1079
14.5,3,8,5,1082
14.5,3,8,6,1086
14.5,3,8,7,1089
14.5,3,8,8,1092
14.5,3,8,9,1096
14.5,3,8,10,1099
14.5,3,8,11,1102
14.5,3,8,12,1106
14.5,3,8,13,1109
14.5,3,8,14,1112
14.5,3,8,15,1116
14.5,3,9,0,1069
14.5,3,9,1,1072
14.5,3,9,2,1075
14.5,3,9,3,1079
14.5,3,9,4,1082
14.5,3,9,5,1086
14.5,3,9,6,1089
14.5,3,9,7,1092
14.5,3,9,8,1096
14.5,3,9,9,1099
14.5,3,9,10,1103
14.5,3,9,11,1106
14.5,3,9,12,1109
14.5,3,9,13,1113
14.5,3,9,14,1116
14.5,3,9,15,1119
14.5,3,10,0,1072
14.5,3,10,1,1075
14.5,3,10,2,1079
14.5,3,10,3,1082
14.5,3,10,4,1086
14.5,3,10,5,1089
14.5,3,10,6,1093
14.5,3,10,7,1096
14.5,3,10,8,1099
14.5,3,10,9,1103
14.5,3,10,10,1106
14.5,3,10,11,1109
14.5,3,10,12,1113
14.5,3,10,13,1116
14.5,3,10,14,1119
14.5,3,10,15,1123
14.5,3,11,0,1075
14.5,3,11,1,1079
14.5,3,11,2,1082
14.5,3,11,3,1086
14.5,3,11,4,1089
14.5,3,11,5,1093
14.5,3,11,6,1096
14.5,3,11,7,1099
14.5,3,11,8,1103
14.5,3,11,9,1106
14.5,3,11,10,1110
14.5,3,11,11,1113
14.5,3,11,12,1116
14.5,3,11,13,1120
14.5,3,11,14,1123
14.5,3,11,15,1126
14.5,3,12,0,1079
14.5,3,12,1,1082
14.5,3,12,2,1086
14.5,3,12,3,1089
14.5,3,12,4,1093
14.5,3,12,5,1096
14.5,3,12,6,1099
14.5,3,12,7,1103
14.5,3,12,8,1106
14.5,3,12,9,1110
14.5,3,12,10,1113
14.5,3,12,11,1116
14.5,3,12,12,1120
14.5,3,12,13,1123
14.5,3,12,14,1126
14.5,3,12,15,1130
14.5,3,13,0,1082
14.5,3,13,1,1086
14.5,3,13,2,1089
14.5,3,13,3,1092
14.5,3,13,4,1096
14.5,3,13,5,1099
14.5,3,13,6,1103
14.5,3,13,7,1106
14.5,3,13,8,1110
14.5,3,13,9,1113
14.5,3,13,10,1116
14.5,3,13,11,1120
14.5,3,13,12,1123
14.5,3,13,13,1127
14.5,3,13,14,1130
14.5,3,13,15,1133
14.5,3,14,0,1085
14.5,3,14,1,1089
14.5,3,14,2,1092
14.5,3,14,3,1096
14.5,3,14,4,1099
14.5,3,14,5,1103
14.5,3,14,6,1106
14.5,3,14,7,1110
14.5,3,14,8,1113
14.5,3,14,9,1116
14.5,3,14,10,1120
14.5,3,14,11,1123
14.5,3,14,12,1127
14.5,3,14,13,1130
14.5,3,14,14,1133
14.5,3,14,15,1137
14.5,3,15,0,1089
14.5,3,15,1,1092
14.5,3,15,2,1096
14.5,3,15,3,1099
14.5,3,15,4,1103
14.5,3,15,5,1106
14.5,3,15,6,1110
14.5,3,15,7,1113
14.5,3,15,8,1116
14.5,3,15,9,1120
14.5,3,15,10,1123
14.5,3,15,11,1127
14.5,3,15,12,1130
14.5,3,15,13,1133
14.5,3,15,14,1137
14.5,3,15,15,1140
14.5,4,0,0,1042
14.5,4,0,1,1045
14.5,4,0,2,1048
14.5,4,0,3,1052
14.5,4,0,4,1055
14.5,4,0,5,1058
14.5,4,0,6,1062
14.5,4,0,7,1065
14.5,4,0,8,1068
14.5,4,0,9,1071
14.5,4,0,10,1075
14.5,4,0,11,1078
14.5,4,0,12,1081
14.5,4,0,13,1084
14.5,4,0,14,1088
14.5,4,0,15,1091
14.5,4,1,0,1045
14.5,4,1,1,1049
14.5,4,1,2,1052
14.5,4,1,3,1055
14.5,4,1,4,1059
14.5,4,1,5,1062
14.5,4,1,6,1065
14.5,4,1,7,1068
14.5,4,1,8,1072
14.5,4,1,9,1075
14.5,4,1,10,1078
14.5,4,1,11,1082
14.5,4,1,12,1085
14.5,4,1,13,1088
14.5,4,1,14,1091
14.5,4,1,15,1095
14.5,4,2,0,1049
14.5,4,2,1,1052
14.5,4,2,2,1055
14.5,4,2,3,1059
14.5,4,2,4,1062
14.5,4,2,5,1065
14.5,4,2,6,1069
14.5,4,2,7,1072
14.5,4,2,8,1075
14.5,4,2,9,1079
14.5,4,2,10,1082
14.5,4,2,11,1085
14.5,4,2,12,1088
14.5,4,2,13,1092
14.5,4,2,14,1095
14.5,4,2,15,1098
14.5,4,3,0,1052
14.5,4,3,1,1055
14.5,4,3,2,1059
14.5,4,3,3,1062
14.5,4,3,4,1066
14.5,4,3,5,1069
14.5,4,3,6,1072
14.5,4,3,7,1076
14.5,4,3,8,1079
14.5,4,3,9,1082
14.5,4,3,10,1086
14.5,4,3,11,1089
14.5,4,3,12,1092
14.5,4,3,13,1095
14.5,4,3,14,1099
14.5,4,3,15,1102
14.5,4,4,0,1056
14.5,4,4,1,1059
14.5,4,4,2,1062
14.5,4,4,3,1066
14.5,4,4,4,1069
14.5,4,4,5,1072
14.5,4,4,6,1076
14.5,4,4,7,1079
14.5,4,4,8,1082
14.5,4,4,9,1086
14.5,4,4,10,1089
14.5,4,4,11,1092
14.5,4,4,12,1096
14.5,4,4,13,1099
14.5,4,4,14,1102
14.5,4,4,15,1105
14.5,4,5,0,1059
14.5,4,5,1,1062
14.5,4,5,2,1066
14.5,4,5,3,1069
14.5,4,5,4,1073
14.5,4,5,5,1076
14.5,4,5,6,1079
14.5,4,5,7,1083
14.5,4,5,8,1086
14.5,4,5,9,1089
14.5,4,5,10,1093
14.5,4,5,11,1096
14.5,4,5,12,1099
14.5,4,5,13,1103
14.5,4,5,14,1106
14.5,4,5,15,1109
14.5,4,6,0,1062
14.5,4,6,1,1066
14.5,4,6,2,1069
14.5,4,6,3,1073
14.5,4,6,4,1076
14.5,4,6,5,1079
14.5,4,6,6,1083
14.5,4,6,7,1086
14.5,4,6,8,1090
14.5,4,6,9,1093
14.5,4,6,10,1096
14.5,4,6,11,1099
14.5,4,6,12,1103
14.5,4,6,13,1106
14.5,4,6,14,1109
14.5,4,6,15,1113
14.5,4,7,0,1066
14.5,4,7,1,1069
14.5,4,7,2,1073
14.5,4,7,3,1076
14.5,4,7,4,1080
14.5,4,7,5,1083
14.5,4,7,6,1086
14.5,4,7,7,1090
14.5,4,7,8,1093
14.5,4,7,9,1096
14.5,4,7,10,1100
14.5,4,7,11,1103
14.5,4,7,12,1106
14.5,4,7,13,1110
14.5,4,7,14,1113
14.5,4,7,15,1116
14.5,4,8,0,1069
14.5,4,8,1,1073
14.5,4,8,2,1076
14.5,4,8,3,1080
14.5,4,8,4,1083
14.5,4,8,5,1086
14.5,4,8,6,1090
14.5,4,8,7,1093
14.5,4,8,8,1097
14.5,4,8,9,1100
14.5,4,8,10,1103
14.5,4,8,11,1107
14.5,4,8,12,1110
14.5,4,8,13,1113
14.5,4,8,14,1117
14.5,4,8,15,1120
14.5,4,9,0,1073
14.5,4,9,1,1076
14.5,4,9,2,1080
14.5,4,9,3,1083
14.5,4,9,4,1086
14.5,4,9,5,1090
14.5,4,9,6,1093
14.5,4,9,7,1097
14.5,4,9,8,1100
14.5,4,9,9,1103
14.5,4,9,10,1107
14.5,4,9,11,1110
14.5,4,9,12,1113
14.5,4,9,13,1117
14.5,4,9,14,1120
14.5,4,9,15,1123
14.5,4,10,0,1076
14.5,4,10,1,1080
14.5,4,10,2,1083
14.5,4,10,3,1086
14.5,4,10,4,1090
14.5,4,10,5,1093
14.5,4,10,6,1097
14.5,4,10,7,1100
14.5,4,10,8,1103
14.5,4,10,9,1107
14.5,4,10,10,1110
14.5,4,10,11,1114
14.5,4,10,12,1117
14.5,4,10,13,1120
14.5,4,10,14,1124
14.5,4,10,15,1127
14.5,4,11,0,1079
14.5,4,11,1,1083
14.5,4,11,2,1086
14.5,4,11,3,1090
14.5,4,11,4,1093
14.5,4,11,5,1097
14.5,4,11,6,1100
14.5,4,11,7,1104
14.5,4,11,8,1107
14.5,4,11,9,1110
14.5,4,11,10,1114
14.5,4,11,11,1117
14.5,4,11,12,1120
14.5,4,11,13,1124
14.5,4,11,14,1127
14.5,4,11,15,1130
14.5,4,12,0,1083
14.5,4,12,1,1086
14.5,4,12,2,1090
14.5,4,12,3,1093
14.5,4,12,4,1097
14.5,4,12,5,1100
14.5,4,12,6,1104
14.5,4,12,7,1107
14.5,4,12,8,1110
14.5,4,12,9,1114
14.5,4,12,10,1117
14.5,4,12,11,1121
14.5,4,12,12,1124
14.5,4,12,13,1127
14.5,4,12,14,1131
14.5,4,12,15,1134
14.5,4,13,0,1086
14.5,4,13,1,1090
14.5,4,13,2,1093
14.5,4,13,3,1097
14.5,4,13,4,1100
14.5,4,13,5,1104
14.5,4,13,6,1107
14.5,4,13,7,1110
14.5,4,13,8,1114
14.5,4,13,9,1117
14.5,4,13,10,1121
14.5,4,13,11,1124
14.5,4,13,12,1127
14.5,4,13,13,1131
14.5,4,13,14,1134
14.5,4,13,15,1138
14.5,4,14,0,1090
14.5,4,14,1,1093
14.5,4,14,2,1097
14.5,4,14,3,1100
14.5,4,14,4,1103
14.5,4,14,5,1107
14.5,4,14,6,1110
14.5,4,14,7,1114
14.5,4,14,8,1117
14.5,4,14,9,1121
14.5,4,14,10,1124
14.5,4,14,11,1128
14.5,4,14,12,1131
14.5,4,14,13,1134
14.5,4,14,14,1138
14.5,4,14,15,1141
14.5,4,15,0,1093
14.5,4,15,1,1096
14.5,4,15,2,1100
14.5,4,15,3,1103
14.5,4,15,4,1107
14.5,4,15,5,1110
14.5,4,15,6,1114
14.5,4,15,7,1117
14.5,4,15,8,1121
14.5,4,15,9,1124
14.5,4,15,10,1128
14.5,4,15,11,1131
14.5,4,15,12,1134
14.5,4,15,13,1138
14.5,4,15,14,1141
14.5,4,15,15,1145
14.5,5,0,0,1046
14.5,5,0,1,1049
14.5,5,0,2,1052
14.5,5,0,3,1056
14.5,5,0,4,1059
14.5,5,0,5,1062
14.5,5,0,6,1066
14.5,5,0,7,1069
14.5,5,0,8,1072
14.5,5,0,9,1076
14.5,5,0,10,1079
14.5,5,0,11,1082
14.5,5,0,12,1085
14.5,5,0,13,1089
14.5,5,0,14,1092
14.5,5,0,15,1095
14.5,5,1,0,1049
14.5,5,1,1,1052
14.5,5,1,2,1056
14.5,5,1,3,1059
14.5,5,1,4,1063
14.5,5,1,5,1066
14.5,5,1,6,1069
14.5,5,1,7,1073
14.5,5,1,8,1076
14.5,5,1,9,1079
14.5,5,1,10,1082
14.5,5,1,11,1086
14.5,5,1,12,1089
14.5,5,1,13,1092
14.5,5,1,14,1095
14.5,5,1,15,1099
14.5,5,2,0,1053
14.5,5,2,1,1056
14.5,5,2,2,1059
14.5,5,2,3,1063
14.5,5,2,4,1066
14.5,5,2,5,1069
14.5,5,2,6,1073
14.5,5,2,7,1076
14.5,5,2,8,1079
14.5,5,2,9,1083
14.5,5,2,10,1086
14.5,5,2,11,1089
14.5,5,2,12,1093
14.5,5,2,13,1096
14.5,5,2,14,1099
14.5,5,2,15,1102
14.5,5,3,0,1056
14.5,5,3,1,1059
14.5,5,3,2,1063
14.5,5,3,3,1066
14.5,5,3,4,1070
14.5,5,3,5,1073
14.5,5,3,6,1076
14.5,5,3,7,1080
14.5,5,3,8,1083
14.5,5,3,9,1086
14.5,5,3,10,1090
14.5,5,3,11,1093
14.5,5,3,12,1096
14.5,5,3,13,1099
14.5,5,3,14,1103
14.5,5,3,15,1106
14.5,5,4,0,1060
14.5,5,4,1,1063
14.5,5,4,2,1066
14.5,5,4,3,1070
14.5,5,4,4,1073
14.5,5,4,5,1076
14.5,5,4,6,1080
14.5,5,4,7,1083
14.5,5,4,8,1087
14.5,5,4,9,1090
14.5,5,4,10,1093
14.5,5,4,11,1097
14.5,5,4,12,1100
14.5,5,4,13,1103
14.5,5,4,14,1106
14.5,5,4,15,1110
14.5,5,5,0,1063
14.5,5,5,1,1066
14.5,5,5,2,1070
14.5,5,5,3,1073
14.5,5,5,4,1077
14.5,5,5,5,1080
14.5,5,5,6,1083
14.5,5,5,7,1087
14.5,5,5,8,1090
14.5,5,5,9,1093
14.5,5,5,10,1097
14.5,5,5,11,1100
14.5,5,5,12,1103
14.5,5,5,13,1107
14.5,5,5,14,1110
14.5,5,5,15,1113
14.5,5,6,0,1066
14.5,5,6,1,1070
14.5,5,6,2,1073
14.5,5,6,3,1077
14.5,5,6,4,1080
14.5,5,6,5,1084
14.5,5,6,6,1087
14.5,5,6,7,1090
14.5,5,6,8,1094
14.5,5,6,9,1097
14.5,5,6,10,1100
14.5,5,6,11,1104
14.5,5,6,12,1107
14.5,5,6,13,1110
14.5,5,6,14,1114
14.5,5,6,15,1117
14.5,5,7,0,1070
14.5,5,7,1,1073
14.5,5,7,2,1077
14.5,5,7,3,1080
14.5,5,7,4,1084
14.5,5,7,5,1087
14.5,5,7,6,1090
14.5,5,7,7,1094
14.5,5,7,8,1097
14.5,5,7,9,1101
14.5,5,7,10,1104
14.5,5,7,11,1107
14.5,5,7,12,1111
14.5,5,7,13,1114
14.5,5,7,14,1117
14.5,5,7,15,1120
14.5,5,8,0,1073
14.5,5,8,1,1077
14.5,5,8,2,1080
14.5,5,8,3,1084
14.5,5,8,4,1087
14.5,5,8,5,1090
14.5,5,8,6,1094
14.5,5,8,7,1097
14.5,5,8,8,1101
14.5,5,8,9,1104
14.5,5,8,10,1107
14.5,5,8,11,1111
14.5,5,8,12,1114
14.5,5,8,13,1117
14.5,5,8,14,1121
14.5,5,8,15,1124
14.5,5,9,0,1077
14.5,5,9,1,1080
14.5,5,9,2,1084
14.5,5,9,3,1087
14.5,5,9,4,1091
14.5,5,9,5,1094
14.5,5,9,6,1097
14.5,5,9,7,1101
14.5,5,9,8,1104
14.5,5,9,9,1108
14.5,5,9,10,1111
14.5,5,9,11,1114
14.5,5,9,12,1118
14.5,5,9,13,1121
14.5,5,9,14,1124
14.5,5,9,15,1128
14.5,5,10,0,1080
14.5,5,10,1,1084
14.5,5,10,2,1087
14.5,5,10,3,1091
14.5,5,10,4,1094
14.5,5,10,5,1097
14.5,5,10,6,1101
14.5,5,10,7,1104
14.5,5,10,8,1108
14.5,5,10,9,1111
14.5,5,10,10,1114
14.5,5,10,11,1118
14.5,5,10,12,1121
14.5,5,10,13,1125
14.5,5,10,14,1128
14.5,5,10,15,1131
14.5,5,11,0,1084
14.5,5,11,1,1087
14.5,5,11,2,1090
14.5,5,11,3,1094
14.5,5,11,4,1097
14.5,5,11,5,1101
14.5,5,11,6,1104
14.5,5,11,7,1108
14.5,5,11,8,1111
14.5,5,11,9,1115
14.5,5,11,10,1118
14.5,5,11,11,1121
14.5,5,11,12,1125
14.5,5,11,13,1128
14.5,5,11,14,1131
14.5,5,11,15,1135
14.5,5,12,0,1087
14.5,5,12,1,1090
14.5,5,12,2,1094
14.5,5,12,3,1097
14.5,5,12,4,1101
14.5,5,12,5,1104
14.5,5,12,6,1108
14.5,5,12,7,1111
14.5,5,12,8,1115
14.5,5,12,9,1118
14.5,5,12,10,1121
14.5,5,12,11,1125
14.5,5,12,12,1128
14.5,5,12,13,1132
14.5,5,12,14,1135
14.5,5,12,15,1138
14.5,5,13,0,1090
14.5,5,13,1,1094
14.5,5,13,2,1097
14.5,5,13,3,1101
14.5,5,13,4,1104
14.5,5,13,5,1108
14.5,5,13,6,1111
14.5,5,13,7,1115
14.5,5,13,8,1118
14.5,5,13,9,1121
14.5,5,13,10,1125
14.5,5,13,11,1128
14.5,5,13,12,1132
14.5,5,13,13,1135
14.5,5,13,14,1138
14.5,5,13,15,1142
14.5,5,14,0,1094
14.5,5,14,1,1097
14.5,5,14,2,1101
14.5,5,14,3,1104
14.5,5,14,4,1108
14.5,5,14,5,1111
14.5,5,14,6,1115
14.5,5,14,7,1118
14.5,5,14,8,1122
14.5,5,14,9,1125
14.5,5,14,10,1128
14.5,5,14,11,1132
14.5,5,14,12,1135
14.5,5,14,13,1139
14.5,5,14,14,1142
14.5,5,14,15,1145
14.5,5,15,0,1097
14.5,5,15,1,1101
14.5,5,15,2,1104
14.5,5,15,3,1108
14.5,5,15,4,1111
14.5,5,15,5,1115
14.5,5,15,6,1118
14.5,5,15,7,1121
14.5,5,15,8,1125
14.5,5,15,9,1128
14.5,5,15,10,1132
14.5,5,15,11,1135
14.5,5,15,12,1139
14.5,5,15,13,1142
14.5,5,15,14,1145
14.5,5,15,15,1149
14.5,6,0,0,1050
14.5,6,0,1,1053
14.5,6,0,2,1056
14.5,6,0,3,1060
14.5,6,0,4,1063
14.5,6,0,5,1066
14.5,6,0,6,1070
14.5,6,0,7,1073
14.5,6,0,8,1076
14.5,6,0,9,1080
14.5,6,0,10,1083
14.5,6,0,11,1086
14.5,6,0,12,1089
14.5,6,0,13,1093
14.5,6,0,14,1096
14.5,6,0,15,1099
14.5,6,1,0,1053
14.5,6,1,1,1056
14.5,6,1,2,1060
14.5,6,1,3,1063
14.5,6,1,4,1067
14.5,6,1,5,1070
14.5,6,1,6,1073
14.5,6,1,7,1077
14.5,6,1,8,1080
14.5,6,1,9,1083
14.5,6,1,10,1086
14.5,6,1,11,1090
14.5,6,1,12,1093
14.5,6,1,13,1096
14.5,6,1,14,1100
14.5,6,1,15,1103
14.5,6,2,0,1057
14.5,6,2,1,1060
14.5,6,2,2,1063
14.5,6,2,3,1067
14.5,6,2,4,1070
14.5,6,2,5,1073
14.5,6,2,6,1077
14.5,6,2,7,1080
14.5,6,2,8,1083
14.5,6,2,9,1087
14.5,6,2,10,1090
14.5,6,2,11,1093
14.5,6,2,12,1097
14.5,6,2,13,1100
14.5,6,2,14,1103
14.5,6,2,15,1107
14.5,6,3,0,1060
14.5,6,3,1,1063
14.5,6,3,2,1067
14.5,6,3,3,1070
14.5,6,3,4,1074
14.5,6,3,5,1077
14.5,6,3,6,1080
14.5,6,3,7,1084
14.5,6,3,8,1087
14.5,6,3,9,1090
14.5,6,3,10,1094
14.5,6,3,11,1097
14.5,6,3,12,1100
14.5,6,3,13,1104
14.5,6,3,14,1107
14.5,6,3,15,1110
14.5,6,4,0,1064
14.5,6,4,1,1067
14.5,6,4,2,1070
14.5,6,4,3,1074
14.5,6,4,4,1077
14.5,6,4,5,1081
14.5,6,4,6,1084
14.5,6,4,7,1087
14.5,6,4,8,1091
14.5,6,4,9,1094
14.5,6,4,10,1097
14.5,6,4,11,1101
14.5,6,4,12,1104
14.5,6,4,13,1107
14.5,6,4,14,1111
14.5,6,4,15,1114
14.5,6,5,0,1067
14.5,6,5,1,1070
14.5,6,5,2,1074
14.5,6,5,3,1077
14.5,6,5,4,1081
14.5,6,5,5,1084
14.5,6,5,6,1087
14.5,6,5,7,1091
14.5,6,5,8,1094
14.5,6,5,9,1098
14.5,6,5,10,1101
14.5,6,5,11,1104
14.5,6,5,12,1108
14.5,6,5,13,1111
14.5,6,5,14,1114
14.5,6,5,15,1117
14.5,6,6,0,1070
14.5,6,6,1,1074
14.5,6,6,2,1077
14.5,6,6,3,1081
14.5,6,6,4,1084
14.5,6,6,5,1088
14.5,6,6,6,1091
14.5,6,6,7,1094
14.5,6,6,8,1098
14.5,6,6,9,1101
14.5,6,6,10,1104
14.5,6,6,11,1108
14.5,6,6,12,1111
14.5,6,6,13,1114
14.5,6,6,14,1118
14.5,6,6,15,1121
14.5,6,7,0,1074
14.5,6,7,1,1077
14.5,6,7,2,1081
14.5,6,7,3,1084
14.5,6,7,4,1088
14.5,6,7,5,1091
14.5,6,7,6,1094
14.5,6,7,7,1098
14.5,6,7,8,1101
14.5,6,7,9,1105
14.5,6,7,10,1108
14.5,6,7,11,1111
14.5,6,7,12,1115
14.5,6,7,13,1118
14.5,6,7,14,1121
14.5,6,7,15,1125
14.5,6,8,0,1077
14.5,6,8,1,1081
14.5,6,8,2,1084
14.5,6,8,3,1088
14.5,6,8,4,1091
14.5,6,8,5,1095
14.5,6,8,6,1098
14.5,6,8,7,1101
14.5,6,8,8,1105
14.5,6,8,9,1108
14.5,6,8,10,1112
14.5,6,8,11,1115
14.5,6,8,12,1118
14.5,6,8,13,1122
14.5,6,8,14,1125
14.5,6,8,15,1128
14.5,6,9,0,1081
14.5,6,9,1,1084
14.5,6,9,2,1088
14.5,6,9,3,1091
14.5,6,9,4,1095
14.5,6,9,5,1098
14.5,6,9,6,1101
14.5,6,9,7,1105
14.5,6,9,8,1108
14.5,6,9,9,1112
14.5,6,9,10,1115
14.5,6,9,11,1118
14.5,6,9,12,1122
14.5,6,9,13,1125
14.5,6,9,14,1129
14.5,6,9,15,1132
14.5,6,10,0,1084
14.5,6,10,1,1088
14.5,6,10,2,1091
14.5,6,10,3,1095
14.5,6,10,4,1098
14.5,6,10,5,1102
14.5,6,10,6,1105
14.5,6,10,7,1108
14.5,6,10,8,1112
14.5,6,10,9,1115
14.5,6,10,10,1119
14.5,6,10,11,1122
14.5,6,10,12,1125
14.5,6,10,13,1129
14.5,6,10,14,1132
14.5,6,10,15,1135
14.5,6,11,0,1088
14.5,6,11,1,1091
14.5,6,11,2,1095
14.5,6,11,3,1098
14.5,6,11,4,1102
14.5,6,11,5,1105
14.5,6,11,6,1108
14.5,6,11,7,1112
14.5,6,11,8,1115
14.5,6,11,9,1119
14.5,6,11,10,1122
14.5,6,11,11,1126
14.5,6,11,12,1129
14.5,6,11,13,1132
14.5,6,11,14,1136
14.5,6,11,15,1139
14.5,6,12,0,1091
14.5,6,12,1,1094
14.5,6,12,2,1098
14.5,6,12,3,1101
14.5,6,12,4,1105
14.5,6,12,5,1108
14.5,6,12,6,1112
14.5,6,12,7,1115
14.5,6,12,8,1119
14.5,6,12,9,1122
14.5,6,12,10,1126
14.5,6,12,11,1129
14.5,6,12,12,1132
14.5,6,12,13,1136
14.5,6,12,14,1139
14.5,6,12,15,1143
14.5,6,13,0,1094
14.5,6,13,1,1098
14.5,6,13,2,1101
14.5,6,13,3,1105
14.5,6,13,4,1108
14.5,6,13,5,1112
14.5,6,13,6,1115
14.5,6,13,7,1119
14.5,6,13,8,1122
14.5,6,13,9,1126
14.5,6,13,10,1129
14.5,6,13,11,1133
14.5,6,13,12,1136
14.5,6,13,13,1139
14.5,6,13,14,1143
14.5,6,13,15,1146
14.5,6,14,0,1098
14.5,6,14,1,1101
14.5,6,14,2,1105
14.5,6,14,3,1108
14.5,6,14,4,1112
14.5,6,14,5,1115
14.5,6,14,6,1119
14.5,6,14,7,1122
14.5,6,14,8,1126
14.5,6,14,9,1129
14.5,6,14,10,1133
14.5,6,14,11,1136
14.5,6,14,12,1139
14.5,6,14,13,1143
14.5,6,14,14,1146
14.5,6,14,15,1150
14.5,6,15,0,1101
14.5,6,15,1,1105
14.5,6,15,2,1108
14.5,6,15,3,1112
14.5,6,15,4,1115
14.5,6,15,5,1119
14.5,6,15,6,1122
14.5,6,15,7,1126
14.5,6,15,8,1129
14.5,6,15,9,1133
14.5,6,15,10,1136
14.5,6,15,11,1140
14.5,6,15,12,1143
14.5,6,15,13,1146
14.5,6,15,14,1150
14.5,6,15,15,1153
14.5,7,0,0,1053
14.5,7,0,1,1057
14.5,7,0,2,1060
14.5,7,0,3,1064
14.5,7,0,4,1067
14.5,7,0,5,1070
14.5,7,0,6,1074
14.5,7,0,7,1077
14.5,7,0,8,1080
14.5,7,0,9,1084
14.5,7,0,10,1087
14.5,7,0,11,1090
14.5,7,0,12,1093
14.5,7,0,13,1097
14.5,7,0,14,1100
14.5,7,0,15,1103
14.5,7,1,0,1057
14.5,7,1,1,1060
14.5,7,1,2,1064
14.5,7,1,3,1067
14.5,7,1,4,1071
14.5,7,1,5,1074
14.5,7,1,6,1077
14.5,7,1,7,1081
14.5,7,1,8,1084
14.5,7,1,9,1087
14.5,7,1,10,1091
14.5,7,1,11,1094
14.5,7,1,12,1097
14.5,7,1,13,1100
14.5,7,1,14,1104
14.5,7,1,15,1107
14.5,7,2,0,1061
14.5,7,2,1,1064
14.5,7,2,2,1067
14.5,7,2,3,1071
14.5,7,2,4,1074
14.5,7,2,5,1077
14.5,7,2,6,1081
14.5,7,2,7,1084
14.5,7,2,8,1088
14.5,7,2,9,1091
14.5,7,2,10,1094
14.5,7,2,11,1098
14.5,7,2,12,1101
14.5,7,2,13,1104
14.5,7,2,14,1107
14.5,7,2,15,1111
14.5,7,3,0,1064
14.5,7,3,1,1067
14.5,7,3,2,1071
14.5,7,3,3,1074
14.5,7,3,4,1078
14.5,7,3,5,1081
14.5,7,3,6,1084
14.5,7,3,7,1088
14.5,7,3,8,1091
14.5,7,3,9,1094
14.5,7,3,10,1098
14.5,7,3,11,1101
14.5,7,3,12,1104
14.5,7,3,13,1108
14.5,7,3,14,1111
14.5,7,3,15,1114
14.5,7,4,0,1068
14.5,7,4,1,1071
14.5,7,4,2,1074
14.5,7,4,3,1078
14.5,7,4,4,1081
14.5,7,4,5,1085
14.5,7,4,6,1088
14.5,7,4,7,1091
14.5,7,4,8,1095
14.5,7,4,9,1098
14.5,7,4,10,1101
14.5,7,4,11,1105
14.5,7,4,12,1108
14.5,7,4,13,1111
14.5,7,4,14,1115
14.5,7,4,15,1118
14.5,7,5,0,1071
14.5,7,5,1,1074
14.5,7,5,2,1078
14.5,7,5,3,1081
14.5,7,5,4,1085
14.5,7,5,5,1088
14.5,7,5,6,1092
14.5,7,5,7,1095
14.5,7,5,8,1098
14.5,7,5,9,1102
14.5,7,5,10,1105
14.5,7,5,11,1108
14.5,7,5,12,1112
14.5,7,5,13,1115
14.5,7,5,14,1118
14.5,7,5,15,1122
14.5,7,6,0,1074
14.5,7,6,1,1078
14.5,7,6,2,1081
14.5,7,6,3,1085
14.5,7,6,4,1088
14.5,7,6,5,1092
14.5,7,6,6,1095
14.5,7,6,7,1098
14.5,7,6,8,1102
14.5,7,6,9,1105
14.5,7,6,10,1109
14.5,7,6,11,1112
14.5,7,6,12,1115
14.5,7,6,13,1119
14.5,7,6,14,1122
14.5,7,6,15,1125
14.5,7,7,0,1078
14.5,7,7,1,1081
14.5,7,7,2,1085
14.5,7,7,3,1088
14.5,7,7,4,1092
14.5,7,7,5,1095
14.5,7,7,6,1099
14.5,7,7,7,1102
14.5,7,7,8,1105
14.5,7,7,9,1109
14.5,7,7,10,1112
14.5,7,7,11,1116
14.5,7,7,12,1119
14.5,7,7,13,1122
14.5,7,7,14,1126
14.5,7,7,15,1129
14.5,7,8,0,1081
14.5,7,8,1,1085
14.5,7,8,2,1088
14.5,7,8,3,1092
14.5,7,8,4,1095
14.5,7,8,5,1099
14.5,7,8,6,1102
14.5,7,8,7,1106
14.5,7,8,8,1109
14.5,7,8,9,1112
14.5,7,8,10,1116
14.5,7,8,11,1119
14.5,7,8,12,1122
14.5,7,8,13,1126
14.5,7,8,14,1129
14.5,7,8,15,1133
14.5,7,9,0,1085
14.5,7,9,1,1088
14.5,7,9,2,1092
14.5,7,9,3,1095
14.5,7,9,4,1099
14.5,7,9,5,1102
14.5,7,9,6,1106
14.5,7,9,7,1109
14.5,7,9,8,1112
14.5,7,9,9,1116
14.5,7,9,10,1119
14.5,7,9,11,1123
14.5,7,9,12,1126
14.5,7,9,13,1129
14.5,7,9,14,1133
14.5,7,9,15,1136
14.5,7,10,0,1088
14.5,7,10,1,1092
14.5,7,10,2,1095
14.5,7,10,3,1099
14.5,7,10,4,1102
14.5,7,10,5,1106
14.5,7,10,6,1109
14.5,7,10,7,1113
14.5,7,10,8,1116
14.5,7,10,9,1119
14.5,7,10,10,1123
14.5,7,10,11,1126
14.5,7,10,12,1130
14.5,7,10,13,1133
14.5,7,10,14,1136
14.5,7,10,15,1140
14.5,7,11,0,1092
14.5,7,11,1,1095
14.5,7,11,2,1099
14.5,7,11,3,1102
14.5,7,11,4,1106
14.5,7,11,5,1109
14.5,7,11,6,1113
14.5,7,11,7,1116
14.5,7,11,8,1119
14.5,7,11,9,1123
14.5,7,11,10,1126
14.5,7,11,11,1130
14.5,7,11,12,1133
14.5,7,11,13,1137
14.5,7,11,14,1140
14.5,7,11,15,1143
14.5,7,12,0,1095
14.5,7,12,1,1099
14.5,7,12,2,1102
14.5,7,12,3,1106
14.5,7,12,4,1109
14.5,7,12,5,1113
14.5,7,12,6,1116
14.5,7,12,7,1120
14.5,7,12,8,1123
14.5,7,12,9,1126
14.5,7,12,10,1130
14.5,7,12,11,1133
14.5,7,12,12,1137
14.5,7,12,13,1140
14.5,7,12,14,1143
14.5,7,12,15,1147
14.5,7,13,0,1098
14.5,7,13,1,1102
14.5,7,13,2,1106
14.5,7,13,3,1109
14.5,7,13,4,1113
14.5,7,13,5,1116
14.5,7,13,6,1120
14.5,7,13,7,1123
14.5,7,13,8,1126
14.5,7,13,9,1130
14.5,7,13,10,1133
14.5,7,13,11,1137
14.5,7,13,12,1140
14.5,7,13,13,1144
14.5,7,13,14,1147
14.5,7,13,15,1150
14.5,7,14,0,1102
14.5,7,14,1,1105
14.5,7,14,2,1109
14.5,7,14,3,1112
14.5,7,14,4,1116
14.5,7,14,5,1119
14.5,7,14,6,1123
14.5,7,14,7,1126
14.5,7,14,8,1130
14.5,7,14,9,1133
14.5,7,14,10,1137
14.5,7,14,11,1140
14.5,7,14,12,1144
14.5,7,14,13,1147
14.5,7,14,14,1151
14.5,7,14,15,1154
14.5,7,15,0,1105
14.5,7,15,1,1109
14.5,7,15,2,1112
14.5,7,15,3,1116
14.5,7,15,4,1119
14.5,7,15,5,1123
14.5,7,15,6,1126
14.5,7,15,7,1130
14.5,7,15,8,1133
14.5,7,15,9,1137
14.5,7,15,10,1140
14.5,7,15,11,1144
14.5,7,15,12,1147
14.5,7,15,13,1151
14.5,7,15,14,1154
14.5,7,15,15,1157
14.5,8,0,0,1057
14.5,8,0,1,1061
14.5,8,0,2,1064
14.5,8,0,3,1068
14.5,8,0,4,1071
14.5,8,0,5,1074
14.5,8,0,6,1078
14.5,8,0,7,1081
14.5,8,0,8,1084
14.5,8,0,9,1088
14.5,8,0,10,1091
14.5,8,0,11,1094
14.5,8,0,12,1098
14.5,8,0,13,1101
14.5,8,0,14,1104
14.5,8,0,15,1107
14.5,8,1,0,1061
14.5,8,1,1,1064
14.5,8,1,2,1068
14.5,8,1,3,1071
14.5,8,1,4,1075
14.5,8,1,5,1078
14.5,8,1,6,1081
14.5,8,1,7,1085
14.5,8,1,8,1088
14.5,8,1,9,1091
14.5,8,1,10,1095
14.5,8,1,11,1098
14.5,8,1,12,1101
14.5,8,1,13,1105
14.5,8,1,14,1108
14.5,8,1,15,1111
14.5,8,2,0,1064
14.5,8,2,1,1068
14.5,8,2,2,1071
14.5,8,2,3,1075
14.5,8,2,4,1078
14.5,8,2,5,1081
14.5,8,2,6,1085
14.5,8,2,7,1088
14.5,8,2,8,1092
14.5,8,2,9,1095
14.5,8,2,10,1098
14.5,8,2,11,1102
14.5,8,2,12,1105
14.5,8,2,13,1108
14.5,8,2,14,1112
14.5,8,2,15,1115
14.5,8,3,0,1068
14.5,8,3,1,1071
14.5,8,3,2,1075
14.5,8,3,3,1078
14.5,8,3,4,1082
14.5,8,3,5,1085
14.5,8,3,6,1088
14.5,8,3,7,1092
14.5,8,3,8,1095
14.5,8,3,9,1099
14.5,8,3,10,1102
14.5,8,3,11,1105
14.5,8,3,12,1109
14.5,8,3,13,1112
14.5,8,3,14,1115
14.5,8,3,15,1118
14.5,8,4,0,1071
14.5,8,4,1,1075
14.5,8,4,2,1078
14.5,8,4,3,1082
14.5,8,4,4,1085
14.5,8,4,5,1089
14.5,8,4,6,1092
14.5,8,4,7,1095
14.5,8,4,8,1099
14.5,8,4,9,1102
14.5,8,4,10,1106
14.5,8,4,11,1109
14.5,8,4,12,1112
14.5,8,4,13,1116
14.5,8,4,14,1119
14.5,8,4,15,1122
14.5,8,5,0,1075
14.5,8,5,1,1078
14.5,8,5,2,1082
14.5,8,5,3,1085
14.5,8,5,4,1089
14.5,8,5,5,1092
14.5,8,5,6,1096
14.5,8,5,7,1099
14.5,8,5,8,1102
14.5,8,5,9,1106
14.5,8,5,10,1109
14.5,8,5,11,1112
14.5,8,5,12,1116
14.5,8,5,13,1119
14.5,8,5,14,1123
14.5,8,5,15,1126
14.5,8,6,0,1078
14.5,8,6,1,1082
14.5,8,6,2,1085
14.5,8,6,3,1089
14.5,8,6,4,1092
14.5,8,6,5,1096
14.5,8,6,6,1099
14.5,8,6,7,1103
14.5,8,6,8,1106
14.5,8,6,9,1109
14.5,8,6,10,1113
14.5,8,6,11,1116
14.5,8,6,12,1119
14.5,8,6,13,1123
14.5,8,6,14,1126
14.5,8,6,15,1129
14.5,8,7,0,1082
14.5,8,7,1,1085
14.5,8,7,2,1089
14.5,8,7,3,1092
14.5,8,7,4,1096
14.5,8,7,5,1099
14.5,8,7,6,1103
14.5,8,7,7,1106
14.5,8,7,8,1110
14.5,8,7,9,1113
14.5,8,7,10,1116
14.5,8,7,11,1120
14.5,8,7,12,1123
14.5,8,7,13,1126
14.5,8,7,14,1130
14.5,8,7,15,1133
14.5,8,8,0,1085
14.5,8,8,1,1089
14.5,8,8,2,1092
14.5,8,8,3,1096
14.5,8,8,4,1099
14.5,8,8,5,1103
14.5,8,8,6,1106
14.5,8,8,7,1110
14.5,8,8,8,1113
14.5,8,8,9,1116
14.5,8,8,10,1120
14.5,8,8,11,1123
14.5,8,8,12,1127
14.5,8,8,13,1130
14.5,8,8,14,1133
14.5,8,8,15,1137
14.5,8,9,0,1089
14.5,8,9,1,1092
14.5,8,9,2,1096
14.5,8,9,3,1099
14.5,8,9,4,1103
14.5,8,9,5,1106
14.5,8,9,6,1110
14.5,8,9,7,1113
14.5,8,9,8,1117
14.5,8,9,9,1120
14.5,8,9,10,1123
14.5,8,9,11,1127
14.5,8,9,12,1130
14.5,8,9,13,1134
14.5,8,9,14,1137
14.5,8,9,15,1140
14.5,8,10,0,1092
14.5,8,10,1,1096
14.5,8,10,2,1099
14.5,8,10,3,1103
14.5,8,10,4,1106
14.5,8,10,5,1110
14.5,8,10,6,1113
14.5,8,10,7,1117
14.5,8,10,8,1120
14.5,8,10,9,1124
14.5,8,10,10,1127
14.5,8,10,11,1130
14.5,8,10,12,1134
14.5,8,10,13,1137
14.5,8,10,14,1141
14.5,8,10,15,1144
14.5,8,11,0,1096
14.5,8,11,1,1099
14.5,8,11,2,1103
14.5,8,11,3,1106
14.5,8,11,4,1110
14.5,8,11,5,1113
14.5,8,11,6,1117
14.5,8,11,7,1120
14.5,8,11,8,1124
14.5,8,11,9,1127
14.5,8,11,10,1131
14.5,8,11,11,1134
14.5,8,11,12,1137
14.5,8,11,13,1141
14.5,8,11,14,1144
14.5,8,11,15,1148
14.5,8,12,0,1099
14.5,8,12,1,1103
14.5,8,12,2,1106
14.5,8,12,3,1110
14.5,8,12,4,1113
14.5,8,12,5,1117
14.5,8,12,6,1120
14.5,8,12,7,1124
14.5,8,12,8,1127
14.5,8,12,9,1131
14.5,8,12,10,1134
14.5,8,12,11,1138
14.5,8,12,12,1141
14.5,8,12,13,1144
14.5,8,12,14,1148
14.5,8,12,15,1151
14.5,8,13,0,1103
14.5,8,13,1,1106
14.5,8,13,2,1110
14.5,8,13,3,1113
14.5,8,13,4,1117
14.5,8,13,5,1120
14.5,8,13,6,1124
14.5,8,13,7,1127
14.5,8,13,8,1131
14.5,8,13,9,1134
14.5,8,13,10,1138
14.5,8,13,11,1141
14.5,8,13,12,1144
14.5,8,13,13,1148
14.5,8,13,14,1151
14.5,8,13,15,1155
14.5,8,14,0,1106
14.5,8,14,1,1110
14.5,8,14,2,1113
14.5,8,14,3,1117
14.5,8,14,4,1120
14.5,8,14,5,1124
14.5,8,14,6,1127
14.5,8,14,7,1131
14.5,8,14,8,1134
14.5,8,14,9,1138
14.5,8,14,10,1141
14.5,8,14,11,1145
14.5,8,14,12,1148
14.5,8,14,13,1151
14.5,8,14,14,1155
14.5,8,14,15,1158
14.5,8,15,0,1109
14.5,8,15,1,1113
14.5,8,15,2,1116
14.5,8,15,3,1120
14.5,8,15,4,1124
14.5,8,15,5,1127
14.5,8,15,6,1131
14.5,8,15,7,1134
14.5,8,15,8,1138
14.5,8,15,9,1141
14.5,8,15,10,1145
14.5,8,15,11,1148
14.5,8,15,12,1152
14.5,8,15,13,1155
14.5,8,15,14,1158
14.5,8,15,15,1162
14.5,9,0,0,1061
14.5,9,0,1,1065
14.5,9,0,2,1068
14.5,9,0,3,1072
14.5,9,0,4,1075
14.5,9,0,5,1078
14.5,9,0,6,1082
14.5,9,0,7,1085
14.5,9,0,8,1088
14.5,9,0,9,1092
14.5,9,0,10,1095
14.5,9,0,11,1098
14.5,9,0,12,1102
14.5,9,0,13,1105
14.5,9,0,14,1108
14.5,9,0,15,1112
14.5,9,1,0,1065
14.5,9,1,1,1068
14.5,9,1,2,1072
14.5,9,1,3,1075
14.5,9,1,4,1079
14.5,9,1,5,1082
14.5,9,1,6,1085
14.5,9,1,7,1089
14.5,9,1,8,1092
14.5,9,1,9,1095
14.5,9,1,10,1099
14.5,9,1,11,1102
14.5,9,1,12,1105
14.5,9,1,13,1109
14.5,9,1,14,1112
14.5,9,1,15,1115
14.5,9,2,0,1068
14.5,9,2,1,1072
14.5,9,2,2,1075
14.5,9,2,3,1079
14.5,9,2,4,1082
14.5,9,2,5,1086
14.5,9,2,6,1089
14.5,9,2,7,1092
14.5,9,2,8,1096
14.5,9,2,9,1099
14.5,9,2,10,1102
14.5,9,2,11,1106
14.5,9,2,12,1109
14.5,9,2,13,1112
14.5,9,2,14,1116
14.5,9,2,15,1119
14.5,9,3,0,1072
14.5,9,3,1,1075
14.5,9,3,2,1079
14.5,9,3,3,1082
14.5,9,3,4,1086
14.5,9,3,5,1089
14.5,9,3,6,1093
14.5,9,3,7,1096
14.5,9,3,8,1099
14.5,9,3,9,1103
14.5,9,3,10,1106
14.5,9,3,11,1109
14.5,9,3,12,1113
14.5,9,3,13,1116
14.5,9,3,14,1119
14.5,9,3,15,1123
14.5,9,4,0,1075
14.5,9,4,1,1079
14.5,9,4,2,1082
14.5,9,4,3,1086
14.5,9,4,4,1089
14.5,9,4,5,1093
14.5,9,4,6,1096
14.5,9,4,7,1100
14.5,9,4,8,1103
14.5,9,4,9,1106
14.5,9,4,10,1110
14.5,9,4,11,1113
14.5,9,4,12,1116
14.5,9,4,13,1120
14.5,9,4,14,1123
14.5,9,4,15,1126
14.5,9,5,0,1079
14.5,9,5,1,1082
14.5,9,5,2,1086
14.5,9,5,3,1089
14.5,9,5,4,1093
14.5,9,5,5,1096
14.5,9,5,6,1100
14.5,9,5,7,1103
14.5,9,5,8,1106
14.5,9,5,9,1110
14.5,9,5,10,1113
14.5,9,5,11,1117
14.5,9,5,12,1120
14.5,9,5,13,1123
14.5,9,5,14,1127
14.5,9,5,15,1130
14.5,9,6,0,1082
14.5,9,6,1,1086
14.5,9,6,2,1089
14.5,9,6,3,1093
14.5,9,6,4,1096
14.5,9,6,5,1100
14.5,9,6,6,1103
14.5,9,6,7,1107
14.5,9,6,8,1110
14.5,9,6,9,1113
14.5,9,6,10,1117
14.5,9,6,11,1120
14.5,9,6,12,1124
14.5,9,6,13,1127
14.5,9,6,14,1130
14.5,9,6,15,1134
14.5,9,7,0,1086
14.5,9,7,1,1089
14.5,9,7,2,1093
14.5,9,7,3,1096
14.5,9,7,4,1100
14.5,9,7,5,1103
14.5,9,7,6,1107
14.5,9,7,7,1110
14.5,9,7,8,1114
14.5,9,7,9,1117
14.5,9,7,10,1120
14.5,9,7,11,1124
14.5,9,7,12,1127
14.5,9,7,13,1131
14.5,9,7,14,1134
14.5,9,7,15,1137
14.5,9,8,0,1089
14.5,9,8,1,1093
14.5,9,8,2,1096
14.5,9,8,3,1100
14.5,9,8,4,1103
14.5,9,8,5,1107
14.5,9,8,6,1110
14.5,9,8,7,1114
14.5,9,8,8,1117
14.5,9,8,9,1121
14.5,9,8,10,1124
14.5,9,8,11,1127
14.5,9,8,12,1131
14.5,9,8,13,1134
14.5,9,8,14,1138
14.5,9,8,15,1141
14.5,9,9,0,1093
14.5,9,9,1,1096
14.5,9,9,2,1100
14.5,9,9,3,1103
14.5,9,9,4,1107
14.5,9,9,5,1110
14.5,9,9,6,1114
14.5,9,9,7,1117
14.5,9,9,8,1121
14.5,9,9,9,1124
14.5,9,9,10,1128
14.5,9,9,11,1131
14.5,9,9,12,1134
14.5,9,9,13,1138
14.5,9,9,14,1141
14.5,9,9,15,1145
14.5,9,10,0,1096
14.5,9,10,1,1100
14.5,9,10,2,1103
14.5,9,10,3,1107
14.5,9,10,4,1110
14.5,9,10,5,1114
14.5,9,10,6,1117
14.5,9,10,7,1121
14.5,9,10,8,1124
14.5,9,10,9,1128
14.5,9,10,10,1131
14.5,9,10,11,1135
14.5,9,10,12,1138
14.5,9,10,13,1141
14.5,9,10,14,1145
14.5,9,10,15,1148
14.5,9,11,0,1100
14.5,9,11,1,1103
14.5,9,11,2,1107
14.5,9,11,3,1110
14.5,9,11,4,1114
14.5,9,11,5,1117
14.5,9,11,6,1121
14.5,9,11,7,1124
14.5,9,11,8,1128
14.5,9,11,9,1131
14.5,9,11,10,1135
14.5,9,11,11,1138
14.5,9,11,12,1142
14.5,9,11,13,1145
14.5,9,11,14,1148
14.5,9,11,15,1152
14.5,9,12,0,1103
14.5,9,12,1,1107
14.5,9,12,2,1110
14.5,9,12,3,1114
14.5,9,12,4,1117
14.5,9,12,5,1121
14.5,9,12,6,1124
14.5,9,12,7,1128
14.5,9,12,8,1131
14.5,9,12,9,1135
14.5,9,12,10,1138
14.5,9,12,11,1142
14.5,9,12,12,1145
14.5,9,12,13,1149
14.5,9,12,14,1152
14.5,9,12,15,1155
14.5,9,13,0,1107
14.5,9,13,1,1110
14.5,9,13,2,1114
14.5,9,13,3,1117
14.5,9,13,4,1121
14.5,9,13,5,1124
14.5,9,13,6,1128
14.5,9,13,7,1131
14.5,9,13,8,1135
14.5,9,13,9,1138
14.5,9,13,10,1142
14.5,9,13,11,1145
14.5,9,13,12,1149
14.5,9,13,13,1152
14.5,9,13,14,1156
14.5,9,13,15,1159
14.5,9,14,0,1110
14.5,9,14,1,1114
14.5,9,14,2,1117
14.5,9,14,3,1121
14.5,9,14,4,1124
14.5,9,14,5,1128
14.5,9,14,6,1131
14.5,9,14,7,1135
14.5,9,14,8,1138
14.5,9,14,9,1142
14.5,9,14,10,1145
14.5,9,14,11,1149
14.5,9,14,12,1152
14.5,9,14,13,1156
14.5,9,14,14,1159
14.5,9,14,15,1163
14.5,9,15,0,1113
14.5,9,15,1,1117
14.5,9,15,2,1121
14.5,9,15,3,1124
14.5,9,15,4,1128
14.5,9,15,5,1131
14.5,9,15,6,1135
14.5,9,15,7,1138
14.5,9,15,8,1142
14.5,9,15,9,1145
14.5,9,15,10,1149
14.5,9,15,11,1152
14.5,9,15,12,1156
14.5,9,15,13,1159
14.5,9,15,14,1163
14.5,9,15,15,1166
14.5,10,0,0,1065
14.5,10,0,1,1069
14.5,10,0,2,1072
14.5,10,0,3,1076
14.5,10,0,4,1079
14.5,10,0,5,1082
14.5,10,0,6,1086
14.5,10,0,7,1089
14.5,10,0,8,1092
14.5,10,0,9,1096
14.5,10,0,10,1099
14.5,10,0,11,1102
14.5,10,0,12,1106
14.5,10,0,13,1109
14.5,10,0,14,1112
14.5,10,0,15,1116
14.5,10,1,0,1069
14.5,10,1,1,1072
14.5,10,1,2,1076
14.5,10,1,3,1079
14.5,10,1,4,1083
14.5,10,1,5,1086
14.5,10,1,6,1089
14.5,10,1,7,1093
14.5,10,1,8,1096
14.5,10,1,9,1099
14.5,10,1,10,1103
14.5,10,1,11,1106
14.5,10,1,12,1109
14.5,10,1,13,1113
14.5,10,1,14,1116
14.5,10,1,15,1119
14.5,10,2,0,1072
14.5,10,2,1,1076
14.5,10,2,2,1079
14.5,10,2,3,1083
14.5,10,2,4,1086
14.5,10,2,5,1090
14.5,10,2,6,1093
14.5,10,2,7,1096
14.5,10,2,8,1100
14.5,10,2,9,1103
14.5,10,2,10,1106
14.5,10,2,11,1110
14.5,10,2,12,1113
14.5,10,2,13,1116
14.5,10,2,14,1120
14.5,10,2,15,1123
14.5,10,3,0,1076
14.5,10,3,1,1079
14.5,10,3,2,1083
14.5,10,3,3,1086
14.5,10,3,4,1090
14.5,10,3,5,1093
14.5,10,3,6,1097
14.5,10,3,7,1100
14.5,10,3,8,1103
14.5,10,3,9,1107
14.5,10,3,10,1110
14.5,10,3,11,1113
14.5,10,3,12,1117
14.5,10,3,13,1120
14.5,10,3,14,1123
14.5,10,3,15,1127
14.5,10,4,0,1079
14.5,10,4,1,1083
14.5,10,4,2,1086
14.5,10,4,3,1090
14.5,10,4,4,1093
14.5,10,4,5,1097
14.5,10,4,6,1100
14.5,10,4,7,1104
14.5,10,4,8,1107
14.5,10,4,9,1110
14.5,10,4,10,1114
14.5,10,4,11,1117
14.5,10,4,12,1120
14.5,10,4,13,1124
14.5,10,4,14,1127
14.5,10,4,15,1131
14.5,10,5,0,1083
14.5,10,5,1,1086
14.5,10,5,2,1090
14.5,10,5,3,1093
14.5,10,5,4,1097
14.5,10,5,5,1100
14.5,10,5,6,1104
14.5,10,5,7,1107
14.5,10,5,8,1111
14.5,10,5,9,1114
14.5,10,5,10,1117
14.5,10,5,11,1121
14.5,10,5,12,1124
14.5,10,5,13,1128
14.5,10,5,14,1131
14.5,10,5,15,1134
14.5,10,6,0,1086
14.5,10,6,1,1090
14.5,10,6,2,1093
14.5,10,6,3,1097
14.5,10,6,4,1100
14.5,10,6,5,1104
14.5,10,6,6,1107
14.5,10,6,7,1111
14.5,10,6,8,1114
14.5,10,6,9,1118
14.5,10,6,10,1121
14.5,10,6,11,1124
14.5,10,6,12,1128
14.5,10,6,13,1131
14.5,10,6,14,1135
14.5,10,6,15,1138
14.5,10,7,0,1090
14.5,10,7,1,1094
14.5,10,7,2,1097
14.5,10,7,3,1100
14.5,10,7,4,1104
14.5,10,7,5,1107
14.5,10,7,6,1111
14.5,10,7,7,1114
14.5,10,7,8,1118
14.5,10,7,9,1121
14.5,10,7,10,1125
14.5,10,7,11,1128
14.5,10,7,12,1131
14.5,10,7,13,1135
14.5,10,7,14,1138
14.5,10,7,15,1142
14.5,10,8,0,1093
14.5,10,8,1,1097
14.5,10,8,2,1101
14.5,10,8,3,1104
14.5,10,8,4,1108
14.5,10,8,5,1111
14.5,10,8,6,1114
14.5,10,8,7,1118
14.5,10,8,8,1121
14.5,10,8,9,1125
14.5,10,8,10,1128
14.5,10,8,11,1132
14.5,10,8,12,1135
14.5,10,8,13,1138
14.5,10,8,14,1142
14.5,10,8,15,1145
14.5,10,9,0,1097
14.5,10,9,1,1100
14.5,10,9,2,1104
14.5,10,9,3,1108
14.5,10,9,4,1111
14.5,10,9,5,1115
14.5,10,9,6,1118
14.5,10,9,7,1121
14.5,10,9,8,1125
14.5,10,9,9,1128
14.5,10,9,10,1132
14.5,10,9,11,1135
14.5,10,9,12,1139
14.5,10,9,13,1142
14.5,10,9,14,1145
14.5,10,9,15,1149
14.5,10,10,0,1100
14.5,10,10,1,1104
14.5,10,10,2,1108
14.5,10,10,3,1111
14.5,10,10,4,1115
14.5,10,10,5,1118
14.5,10,10,6,1122
14.5,10,10,7,1125
14.5,10,10,8,1128
14.5,10,10,9,1132
14.5,10,10,10,1135
14.5,10,10,11,1139
14.5,10,10,12,1142
14.5,10,10,13,1146
14.5,10,10,14,1149
14.5,10,10,15,1152
14.5,10,11,0,1104
14.5,10,11,1,1107
14.5,10,11,2,1111
14.5,10,11,3,1115
14.5,10,11,4,1118
14.5,10,11,5,1122
14.5,10,11,6,1125
14.5,10,11,7,1129
14.5,10,11,8,1132
14.5,10,11,9,1135
14.5,10,11,10,1139
14.5,10,11,11,1142
14.5,10,11,12,1146
14.5,10,11,13,1149
14.5,10,11,14,1153
14.5,10,11,15,1156
14.5,10,12,0,1107
14.5,10,12,1,1111
14.5,10,12,2,1114
14.5,10,12,3,1118
14.5,10,12,4,1122
14.5,10,12,5,1125
14.5,10,12,6,1129
14.5,10,12,7,1132
14.5,10,12,8,1136
14.5,10,12,9,1139
14.5,10,12,10,1143
14.5,10,12,11,1146
14.5,10,12,12,1149
14.5,10,12,13,1153
14.5,10,12,14,1156
14.5,10,12,15,1160
14.5,10,13,0,1111
14.5,10,13,1,1114
14.5,10,13,2,1118
14.5,10,13,3,1121
14.5,10,13,4,1125
14.5,10,13,5,1129
14.5,10,13,6,1132
14.5,10,13,7,1136
14.5,10,13,8,1139
14.5,10,13,9,1143
14.5,10,13,10,1146
14.5,10,13,11,1150
14.5,10,13,12,1153
14.5,10,13,13,1156
14.5,10,13,14,1160
14.5,10,13,15,1163
14.5,10,14,0,1114
14.5,10,14,1,1118
14.5,10,14,2,1121
14.5,10,14,3,1125
14.5,10,14,4,1128
14.5,10,14,5,1132
14.5,10,14,6,1136
14.5,10,14,7,1139
14.5,10,14,8,1143
14.5,10,14,9,1146
14.5,10,14,10,1150
14.5,10,14,11,1153
14.5,10,14,12,1157
14.5,10,14,13,1160
14.5,10,14,14,1163
14.5,10,14,15,1167
14.5,10,15,0,1118
14.5,10,15,1,1121
14.5,10,15,2,1125
14.5,10,15,3,1128
14.5,10,15,4,1132
14.5,10,15,5,1135
14.5,10,15,6,1139
14.5,10,15,7,1143
14.5,10,15,8,1146
14.5,10,15,9,1150
14.5,10,15,10,1153
14.5,10,15,11,1157
14.5,10,15,12,1160
14.5,10,15,13,1164
14.5,10,15,14,1167
14.5,10,15,15,1170
14.5,11,0,0,1069
14.5,11,0,1,1073
14.5,11,0,2,1076
14.5,11,0,3,1079
14.5,11,0,4,1083
14.5,11,0,5,1086
14.5,11,0,6,1090
14.5,11,0,7,1093
14.5,11,0,8,1096
14.5,11,0,9,1100
14.5,11,0,10,1103
14.5,11,0,11,1106
14.5,11,0,12,1110
14.5,11,0,13,1113
14.5,11,0,14,1116
14.5,11,0,15,1120
14.5,11,1,0,1073
14.5,11,1,1,1076
14.5,11,1,2,1080
14.5,11,1,3,1083
14.5,11,1,4,1087
14.5,11,1,5,1090
14.5,11,1,6,1093
14.5,11,1,7,1097
14.5,11,1,8,1100
14.5,11,1,9,1103
14.5,11,1,10,1107
14.5,11,1,11,1110
14.5,11,1,12,1114
14.5,11,1,13,1117
14.5,11,1,14,1120
14.5,11,1,15,1123
14.5,11,2,0,1076
14.5,11,2,1,1080
14.5,11,2,2,1083
14.5,11,2,3,1087
14.5,11,2,4,1090
14.5,11,2,5,1094
14.5,11,2,6,1097
14.5,11,2,7,1100
14.5,11,2,8,1104
14.5,11,2,9,1107
14.5,11,2,10,1111
14.5,11,2,11,1114
14.5,11,2,12,1117
14.5,11,2,13,1121
14.5,11,2,14,1124
14.5,11,2,15,1127
14.5,11,3,0,1080
14.5,11,3,1,1083
14.5,11,3,2,1087
14.5,11,3,3,1090
14.5,11,3,4,1094
14.5,11,3,5,1097
14.5,11,3,6,1101
14.5,11,3,7,1104
14.5,11,3,8,1107
14.5,11,3,9,1111
14.5,11,3,10,1114
14.5,11,3,11,1118
14.5,11,3,12,1121
14.5,11,3,13,1124
14.5,11,3,14,1128
14.5,11,3,15,1131
14.5,11,4,0,1083
14.5,11,4,1,1087
14.5,11,4,2,1090
14.5,11,4,3,1094
14.5,11,4,4,1097
14.5,11,4,5,1101
14.5,11,4,6,1104
14.5,11,4,7,1108
14.5,11,4,8,1111
14.5,11,4,9,1114
14.5,11,4,10,1118
14.5,11,4,11,1121
14.5,11,4,12,1125
14.5,11,4,13,1128
14.5,11,4,14,1131
14.5,11,4,15,1135
14.5,11,5,0,1087
14.5,11,5,1,1090
14.5,11,5,2,1094
14.5,11,5,3,1097
14.5,11,5,4,1101
14.5,11,5,5,1104
14.5,11,5,6,1108
14.5,11,5,7,1111
14.5,11,5,8,1115
14.5,11,5,9,1118
14.5,11,5,10,1122
14.5,11,5,11,1125
14.5,11,5,12,1128
14.5,11,5,13,1132
14.5,11,5,14,1135
14.5,11,5,15,1138
14.5,11,6,0,1091
14.5,11,6,1,1094
14.5,11,6,2,1098
14.5,11,6,3,1101
14.5,11,6,4,1104
14.5,11,6,5,1108
14.5,11,6,6,1111
14.5,11,6,7,1115
14.5,11,6,8,1118
14.5,11,6,9,1122
14.5,11,6,10,1125
14.5,11,6,11,1129
14.5,11,6,12,1132
14.5,11,6,13,1135
14.5,11,6,14,1139
14.5,11,6,15,1142
14.5,11,7,0,1094
14.5,11,7,1,1098
14.5,11,7,2,1101
14.5,11,7,3,1105
14.5,11,7,4,1108
14.5,11,7,5,1112
14.5,11,7,6,1115
14.5,11,7,7,1118
14.5,11,7,8,1122
14.5,11,7,9,1125
14.5,11,7,10,1129
14.5,11,7,11,1132
14.5,11,7,12,1136
14.5,11,7,13,1139
14.5,11,7,14,1142
14.5,11,7,15,1146
14.5,11,8,0,1098
14.5,11,8,1,1101
14.5,11,8,2,1105
14.5,11,8,3,1108
14.5,11,8,4,1112
14.5,11,8,5,1115
14.5,11,8,6,1119
14.5,11,8,7,1122
14.5,11,8,8,1126
14.5,11,8,9,1129
14.5,11,8,10,1132
14.5,11,8,11,1136
14.5,11,8,12,1139
14.5,11,8,13,1143
14.5,11,8,14,1146
14.5,11,8,15,1149
14.5,11,9,0,1101
14.5,11,9,1,1105
14.5,11,9,2,1108
14.5,11,9,3,1112
14.5,11,9,4,1115
14.5,11,9,5,1119
14.5,11,9,6,1122
14.5,11,9,7,1126
14.5,11,9,8,1129
14.5,11,9,9,1133
14.5,11,9,10,1136
14.5,11,9,11,1139
14.5,11,9,12,1143
14.5,11,9,13,1146
14.5,11,9,14,1150
14.5,11,9,15,1153
14.5,11,10,0,1104
14.5,11,10,1,1108
14.5,11,10,2,1112
14.5,11,10,3,1115
14.5,11,10,4,1119
14.5,11,10,5,1122
14.5,11,10,6,1126
14.5,11,10,7,1129
14.5,11,10,8,1133
14.5,11,10,9,1136
14.5,11,10,10,1140
14.5,11,10,11,1143
14.5,11,10,12,1146
14.5,11,10,13,1150
14.5,11,10,14,1153
14.5,11,10,15,1157
14.5,11,11,0,1108
14.5,11,11,1,1112
14.5,11,11,2,1115
14.5,11,11,3,1119
14.5,11,11,4,1122
14.5,11,11,5,1126
14.5,11,11,6,1129
14.5,11,11,7,1133
14.5,11,11,8,1136
14.5,11,11,9,1140
14.5,11,11,10,1143
14.5,11,11,11,1147
14.5,11,11,12,1150
14.5,11,11,13,1154
14.5,11,11,14,1157
14.5,11,11,15,1160
14.5,11,12,0,1111
14.5,11,12,1,1115
14.5,11,12,2,1119
14.5,11,12,3,1122
14.5,11,12,4,1126
14.5,11,12,5,1129
14.5,11,12,6,1133
14.5,11,12,7,1136
14.5,11,12,8,1140
14.5,11,12,9,1143
14.5,11,12,10,1147
14.5,11,12,11,1150
14.5,11,12,12,1154
14.5,11,12,13,1157
14.5,11,12,14,1161
14.5,11,12,15,1164
14.5,11,13,0,1115
14.5,11,13,1,1118
14.5,11,13,2,1122
14.5,11,13,3,1126
14.5,11,13,4,1129
14.5,11,13,5,1133
14.5,11,13,6,1136
14.5,11,13,7,1140
14.5,11,13,8,1143
14.5,11,13,9,1147
14.5,11,13,10,1150
14.5,11,13,11,1154
14.5,11,13,12,1157
14.5,11,13,13,1161
14.5,11,13,14,1164
14.5,11,13,15,1168
14.5,11,14,0,1118
14.5,11,14,1,1122
14.5,11,14,2,1126
14.5,11,14,3,1129
14.5,11,14,4,1133
14.5,11,14,5,1136
14.5,11,14,6,1140
14.5,11,14,7,1143
14.5,11,14,8,1147
14.5,11,14,9,1150
14.5,11,14,10,1154
14.5,11,14,11,1157
14.5,11,14,12,1161
14.5,11,14,13,1164
14.5,11,14,14,1168
14.5,11,14,15,1171
14.5,11,15,0,1122
14.5,11,15,1,1125
14.5,11,15,2,1129
14.5,11,15,3,1133
14.5,11,15,4,1136
14.5,11,15,5,1140
14.5,11,15,6,1143
14.5,11,15,7,1147
14.5,11,15,8,1150
14.5,11,15,9,1154
14.5,11,15,10,1157
14.5,11,15,11,1161
14.5,11,15,12,1164
14.5,11,15,13,1168
14.5,11,15,14,1171
14.5,11,15,15,1175
14.5,12,0,0,1073
14.5,12,0,1,1077
14.5,12,0,2,1080
14.5,12,0,3,1083
14.5,12,0,4,1087
14.5,12,0,5,1090
14.5,12,0,6,1094
14.5,12,0,7,1097
14.5,12,0,8,1100
14.5,12,0,9,1104
14.5,12,0,10,1107
14.5,12,0,11,1111
14.5,12,0,12,1114
14.5,12,0,13,1117
14.5,12,0,14,1121
14.5,12,0,15,1124
14.5,12,1,0,1077
14.5,12,1,1,1080
14.5,12,1,2,1084
14.5,12,1,3,1087
14.5,12,1,4,1091
14.5,12,1,5,1094
14.5,12,1,6,1097
14.5,12,1,7,1101
14.5,12,1,8,1104
14.5,12,1,9,1108
14.5,12,1,10,1111
14.5,12,1,11,1114
14.5,12,1,12,1118
14.5,12,1,13,1121
14.5,12,1,14,1124
14.5,12,1,15,1128
14.5,12,2,0,1080
14.5,12,2,1,1084
14.5,12,2,2,1087
14.5,12,2,3,1091
14.5,12,2,4,1094
14.5,12,2,5,1098
14.5,12,2,6,1101
14.5,12,2,7,1104
14.5,12,2,8,1108
14.5,12,2,9,1111
14.5,12,2,10,1115
14.5,12,2,11,1118
14.5,12,2,12,1121
14.5,12,2,13,1125
14.5,12,2,14,1128
14.5,12,2,15,1131
14.5,12,3,0,1084
14.5,12,3,1,1087
14.5,12,3,2,1091
14.5,12,3,3,1094
14.5,12,3,4,1098
14.5,12,3,5,1101
14.5,12,3,6,1105
14.5,12,3,7,1108
14.5,12,3,8,1111
14.5,12,3,9,1115
14.5,12,3,10,1118
14.5,12,3,11,1122
14.5,12,3,12,1125
14.5,12,3,13,1128
14.5,12,3,14,1132
14.5,12,3,15,1135
14.5,12,4,0,1087
14.5,12,4,1,1091
14.5,12,4,2,1094
14.5,12,4,3,1098
14.5,12,4,4,1101
14.5,12,4,5,1105
14.5,12,4,6,1108
14.5,12,4,7,1112
14.5,12,4,8,1115
14.5,12,4,9,1119
14.5,12,4,10,1122
14.5,12,4,11,1125
14.5,12,4,12,1129
14.5,12,4,13,1132
14.5,12,4,14,1135
14.5,12,4,15,1139
14.5,12,5,0,1091
14.5,12,5,1,1094
14.5,12,5,2,1098
14.5,12,5,3,1101
14.5,12,5,4,1105
14.5,12,5,5,1108
14.5,12,5,6,1112
14.5,12,5,7,1115
14.5,12,5,8,1119
14.5,12,5,9,1122
14.5,12,5,10,1126
14.5,12,5,11,1129
14.5,12,5,12,1132
14.5,12,5,13,1136
14.5,12,5,14,1139
14.5,12,5,15,1143
14.5,12,6,0,1095
14.5,12,6,1,1098
14.5,12,6,2,1102
14.5,12,6,3,1105
14.5,12,6,4,1109
14.5,12,6,5,1112
14.5,12,6,6,1116
14.5,12,6,7,1119
14.5,12,6,8,1122
14.5,12,6,9,1126
14.5,12,6,10,1129
14.5,12,6,11,1133
14.5,12,6,12,1136
14.5,12,6,13,1140
14.5,12,6,14,1143
14.5,12,6,15,1146
14.5,12,7,0,1098
14.5,12,7,1,1102
14.5,12,7,2,1105
14.5,12,7,3,1109
14.5,12,7,4,1112
14.5,12,7,5,1116
14.5,12,7,6,1119
14.5,12,7,7,1123
14.5,12,7,8,1126
14.5,12,7,9,1129
14.5,12,7,10,1133
14.5,12,7,11,1136
14.5,12,7,12,1140
14.5,12,7,13,1143
14.5,12,7,14,1147
14.5,12,7,15,1150
14.5,12,8,0,1102
14.5,12,8,1,1105
14.5,12,8,2,1109
14.5,12,8,3,1112
14.5,12,8,4,1116
14.5,12,8,5,1119
14.5,12,8,6,1123
14.5,12,8,7,1126
14.5,12,8,8,1130
14.5,12,8,9,1133
14.5,12,8,10,1137
14.5,12,8,11,1140
14.5,12,8,12,1143
14.5,12,8,13,1147
14.5,12,8,14,1150
14.5,12,8,15,1154
14.5,12,9,0,1105
14.5,12,9,1,1109
14.5,12,9,2,1112
14.5,12,9,3,1116
14.5,12,9,4,1119
14.5,12,9,5,1123
14.5,12,9,6,1126
14.5,12,9,7,1130
14.5,12,9,8,1133
14.5,12,9,9,1137
14.5,12,9,10,1140
14.5,12,9,11,1144
14.5,12,9,12,1147
14.5,12,9,13,1150
14.5,12,9,14,1154
14.5,12,9,15,1157
14.5,12,10,0,1109
14.5,12,10,1,1112
14.5,12,10,2,1116
14.5,12,10,3,1119
14.5,12,10,4,1123
14.5,12,10,5,1126
14.5,12,10,6,1130
14.5,12,10,7,1133
14.5,12,10,8,1137
14.5,12,10,9,1140
14.5,12,10,10,1144
14.5,12,10,11,1147
14.5,12,10,12,1151
14.5,12,10,13,1154
14.5,12,10,14,1158
14.5,12,10,15,1161
14.5,12,11,0,1112
14.5,12,11,1,1116
14.5,12,11,2,1119
14.5,12,11,3,1123
14.5,12,11,4,1126
14.5,12,11,5,1130
14.5,12,11,6,1133
14.5,12,11,7,1137
14.5,12,11,8,1140
14.5,12,11,9,1144
14.5,12,11,10,1147
14.5,12,11,11,1151
14.5,12,11,12,1154
14.5,12,11,13,1158
14.5,12,11,14,1161
14.5,12,11,15,1165
14.5,12,12,0,1116
14.5,12,12,1,1119
14.5,12,12,2,1123
14.5,12,12,3,1126
14.5,12,12,4,1130
14.5,12,12,5,1133
14.5,12,12,6,1137
14.5,12,12,7,1140
14.5,12,12,8,1144
14.5,12,12,9,1147
14.5,12,12,10,1151
14.5,12,12,11,1154
14.5,12,12,12,1158
14.5,12,12,13,1161
14.5,12,12,14,1165
14.5,12,12,15,1168
14.5,12,13,0,1119
14.5,12,13,1,1123
14.5,12,13,2,1126
14.5,12,13,3,1130
14.5,12,13,4,1133
14.5,12,13,5,1137
14.5,12,13,6,1140
14.5,12,13,7,1144
14.5,12,13,8,1147
14.5,12,13,9,1151
14.5,12,13,10,1155
14.5,12,13,11,1158
14.5,12,13,12,1161
14.5,12,13,13,1165
14.5,12,13,14,1168
14.5,12,13,15,1172
14.5,12,14,0,1122
14.5,12,14,1,1126
14.5,12,14,2,1130
14.5,12,14,3,1133
14.5,12,14,4,1137
14.5,12,14,5,1140
14.5,12,14,6,1144
14.5,12,14,7,1147
14.5,12,14,8,1151
14.5,12,14,9,1155
14.5,12,14,10,1158
14.5,12,14,11,1162
14.5,12,14,12,1165
14.5,12,14,13,1169
14.5,12,14,14,1172
14.5,12,14,15,1176
14.5,12,15,0,1126
14.5,12,15,1,1129
14.5,12,15,2,1133
14.5,12,15,3,1137
14.5,12,15,4,1140
14.5,12,15,5,1144
14.5,12,15,6,1147
14.5,12,15,7,1151
14.5,12,15,8,1155
14.5,12,15,9,1158
14.5,12,15,10,1162
14.5,12,15,11,1165
14.5,12,15,12,1169
14.5,12,15,13,1172
14.5,12,15,14,1176
14.5,12,15,15,1179
14.5,13,0,0,1077
14.5,13,0,1,1081
14.5,13,0,2,1084
14.5,13,0,3,1087
14.5,13,0,4,1091
14.5,13,0,5,1094
14.5,13,0,6,1098
14.5,13,0,7,1101
14.5,13,0,8,1105
14.5,13,0,9,1108
14.5,13,0,10,1111
14.5,13,0,11,1115
14.5,13,0,12,1118
14.5,13,0,13,1121
14.5,13,0,14,1125
14.5,13,0,15,1128
14.5,13,1,0,1081
14.5,13,1,1,1084
14.5,13,1,2,1088
14.5,13,1,3,1091
14.5,13,1,4,1095
14.5,13,1,5,1098
14.5,13,1,6,1101
14.5,13,1,7,1105
14.5,13,1,8,1108
14.5,13,1,9,1112
14.5,13,1,10,1115
14.5,13,1,11,1118
14.5,13,1,12,1122
14.5,13,1,13,1125
14.5,13,1,14,1128
14.5,13,1,15,1132
14.5,13,2,0,1084
14.5,13,2,1,1088
14.5,13,2,2,1091
14.5,13,2,3,1095
14.5,13,2,4,1098
14.5,13,2,5,1102
14.5,13,2,6,1105
14.5,13,2,7,1108
14.5,13,2,8,1112
14.5,13,2,9,1115
14.5,13,2,10,1119
14.5,13,2,11,1122
14.5,13,2,12,1125
14.5,13,2,13,1129
14.5,13,2,14,1132
14.5,13,2,15,1136
14.5,13,3,0,1088
14.5,13,3,1,1091
14.5,13,3,2,1095
14.5,13,3,3,1098
14.5,13,3,4,1102
14.5,13,3,5,1105
14.5,13,3,6,1109
14.5,13,3,7,1112
14.5,13,3,8,1116
14.5,13,3,9,1119
14.5,13,3,10,1122
14.5,13,3,11,1126
14.5,13,3,12,1129
14.5,13,3,13,1133
14.5,13,3,14,1136
14.5,13,3,15,1139
14.5,13,4,0,1091
14.5,13,4,1,1095
14.5,13,4,2,1098
14.5,13,4,3,1102
14.5,13,4,4,1105
14.5,13,4,5,1109
14.5,13,4,6,1112
14.5,13,4,7,1116
14.5,13,4,8,1119
14.5,13,4,9,1123
14.5,13,4,10,1126
14.5,13,4,11,1129
14.5,13,4,12,1133
14.5,13,4,13,1136
14.5,13,4,14,1140
14.5,13,4,15,1143
14.5,13,5,0,1095
14.5,13,5,1,1099
14.5,13,5,2,1102
14.5,13,5,3,1106
14.5,13,5,4,1109
14.5,13,5,5,1113
14.5,13,5,6,1116
14.5,13,5,7,1119
14.5,13,5,8,1123
14.5,13,5,9,1126
14.5,13,5,10,1130
14.5,13,5,11,1133
14.5,13,5,12,1137
14.5,13,5,13,1140
14.5,13,5,14,1143
14.5,13,5,15,1147
14.5,13,6,0,1099
14.5,13,6,1,1102
14.5,13,6,2,1106
14.5,13,6,3,1109
14.5,13,6,4,1113
14.5,13,6,5,1116
14.5,13,6,6,1120
14.5,13,6,7,1123
14.5,13,6,8,1127
14.5,13,6,9,1130
14.5,13,6,10,1133
14.5,13,6,11,1137
14.5,13,6,12,1140
14.5,13,6,13,1144
14.5,13,6,14,1147
14.5,13,6,15,1150
14.5,13,7,0,1102
14.5,13,7,1,1106
14.5,13,7,2,1109
14.5,13,7,3,1113
14.5,13,7,4,1116
14.5,13,7,5,1120
14.5,13,7,6,1123
14.5,13,7,7,1127
14.5,13,7,8,1130
14.5,13,7,9,1134
14.5,13,7,10,1137
14.5,13,7,11,1141
14.5,13,7,12,1144
14.5,13,7,13,1147
14.5,13,7,14,1151
14.5,13,7,15,1154
14.5,13,8,0,1106
14.5,13,8,1,1109
14.5,13,8,2,1113
14.5,13,8,3,1116
14.5,13,8,4,1120
14.5,13,8,5,1123
14.5,13,8,6,1127
14.5,13,8,7,1130
14.5,13,8,8,1134
14.5,13,8,9,1137
14.5,13,8,10,1141
14.5,13,8,11,1144
14.5,13,8,12,1148
14.5,13,8,13,1151
14.5,13,8,14,1154
14.5,13,8,15,1158
14.5,13,9,0,1109
14.5,13,9,1,1113
14.5,13,9,2,1116
14.5,13,9,3,1120
14.5,13,9,4,1123
14.5,13,9,5,1127
14.5,13,9,6,1130
14.5,13,9,7,1134
14.5,13,9,8,1137
14.5,13,9,9,1141
14.5,13,9,10,1144
14.5,13,9,11,1148
14.5,13,9,12,1151
14.5,13,9,13,1155
14.5,13,9,14,1158
14.5,13,9,15,1162
14.5,13,10,0,1113
14.5,13,10,1,1116
14.5,13,10,2,1120
14.5,13,10,3,1123
14.5,13,10,4,1127
14.5,13,10,5,1130
14.5,13,10,6,1134
14.5,13,10,7,1137
14.5,13,10,8,1141
14.5,13,10,9,1144
14.5,13,10,10,1148
14.5,13,10,11,1151
14.5,13,10,12,1155
14.5,13,10,13,1158
14.5,13,10,14,1162
14.5,13,10,15,1165
14.5,13,11,0,1116
14.5,13,11,1,1120
14.5,13,11,2,1123
14.5,13,11,3,1127
14.5,13,11,4,1130
14.5,13,11,5,1134
14.5,13,11,6,1138
14.5,13,11,7,1141
14.5,13,11,8,1145
14.5,13,11,9,1148
14.5,13,11,10,1152
14.5,13,11,11,1155
14.5,13,11,12,1159
14.5,13,11,13,1162
14.5,13,11,14,1165
14.5,13,11,15,1169
14.5,13,12,0,1120
14.5,13,12,1,1123
14.5,13,12,2,1127
14.5,13,12,3,1130
14.5,13,12,4,1134
14.5,13,12,5,1138
14.5,13,12,6,1141
14.5,13,12,7,1145
14.5,13,12,8,1148
14.5,13,12,9,1152
14.5,13,12,10,1155
14.5,13,12,11,1159
14.5,13,12,12,1162
14.5,13,12,13,1166
14.5,13,12,14,1169
14.5,13,12,15,1173
14.5,13,13,0,1123
14.5,13,13,1,1127
14.5,13,13,2,1130
14.5,13,13,3,1134
14.5,13,13,4,1137
14.5,13,13,5,1141
14.5,13,13,6,1145
14.5,13,13,7,1148
14.5,13,13,8,1152
14.5,13,13,9,1155
14.5,13,13,10,1159
14.5,13,13,11,1162
14.5,13,13,12,1166
14.5,13,13,13,1169
14.5,13,13,14,1173
14.5,13,13,15,1176
14.5,13,14,0,1127
14.5,13,14,1,1130
14.5,13,14,2,1134
14.5,13,14,3,1137
14.5,13,14,4,1141
14.5,13,14,5,1145
14.5,13,14,6,1148
14.5,13,14,7,1152
14.5,13,14,8,1155
14.5,13,14,9,1159
14.5,13,14,10,1162
14.5,13,14,11,1166
14.5,13,14,12,1169
14.5,13,14,13,1173
14.5,13,14,14,1176
14.5,13,14,15,1180
14.5,13,15,0,1130
14.5,13,15,1,1134
14.5,13,15,2,1137
14.5,13,15,3,1141
14.5,13,15,4,1144
14.5,13,15,5,1148
14.5,13,15,6,1152
14.5,13,15,7,1155
14.5,13,15,8,1159
14.5,13,15,9,1162
14.5,13,15,10,1166
14.5,13,15,11,1169
14.5,13,15,12,1173
14.5,13,15,13,1176
14.5,13,15,14,1180
14.5,13,15,15,1183
14.5,14,0,0,1081
14.5,14,0,1,1084
14.5,14,0,2,1088
14.5,14,0,3,1091
14.5,14,0,4,1095
14.5,14,0,5,1098
14.5,14,0,6,1102
14.5,14,0,7,1105
14.5,14,0,8,1109
14.5,14,0,9,1112
14.5,14,0,10,1115
14.5,14,0,11,1119
14.5,14,0,12,1122
14.5,14,0,13,1125
14.5,14,0,14,1129
14.5,14,0,15,1132
14.5,14,1,0,1085
14.5,14,1,1,1088
14.5,14,1,2,1092
14.5,14,1,3,1095
14.5,14,1,4,1099
14.5,14,1,5,1102
14.5,14,1,6,1105
14.5,14,1,7,1109
14.5,14,1,8,1112
14.5,14,1,9,1116
14.5,14,1,10,1119
14.5,14,1,11,1122
14.5,14,1,12,1126
14.5,14,1,13,1129
14.5,14,1,14,1133
14.5,14,1,15,1136
14.5,14,2,0,1088
14.5,14,2,1,1092
14.5,14,2,2,1095
14.5,14,2,3,1099
14.5,14,2,4,1102
14.5,14,2,5,1106
14.5,14,2,6,1109
14.5,14,2,7,1113
14.5,14,2,8,1116
14.5,14,2,9,1119
14.5,14,2,10,1123
14.5,14,2,11,1126
14.5,14,2,12,1130
14.5,14,2,13,1133
14.5,14,2,14,1136
14.5,14,2,15,1140
14.5,14,3,0,1092
14.5,14,3,1,1095
14.5,14,3,2,1099
14.5,14,3,3,1102
14.5,14,3,4,1106
14.5,14,3,5,1109
14.5,14,3,6,1113
14.5,14,3,7,1116
14.5,14,3,8,1120
14.5,14,3,9,1123
14.5,14,3,10,1126
14.5,14,3,11,1130
14.5,14,3,12,1133
14.5,14,3,13,1137
14.5,14,3,14,1140
14.5,14,3,15,1143
14.5,14,4,0,1095
14.5,14,4,1,1099
14.5,14,4,2,1102
14.5,14,4,3,1106
14.5,14,4,4,1109
14.5,14,4,5,1113
14.5,14,4,6,1116
14.5,14,4,7,1120
14.5,14,4,8,1123
14.5,14,4,9,1127
14.5,14,4,10,1130
14.5,14,4,11,1134
14.5,14,4,12,1137
14.5,14,4,13,1140
14.5,14,4,14,1144
14.5,14,4,15,1147
14.5,14,5,0,1099
14.5,14,5,1,1103
14.5,14,5,2,1106
14.5,14,5,3,1110
14.5,14,5,4,1113
14.5,14,5,5,1117
14.5,14,5,6,1120
14.5,14,5,7,1124
14.5,14,5,8,1127
14.5,14,5,9,1130
14.5,14,5,10,1134
14.5,14,5,11,1137
14.5,14,5,12,1141
14.5,14,5,13,1144
14.5,14,5,14,1148
14.5,14,5,15,1151
14.5,14,6,0,1103
14.5,14,6,1,1106
14.5,14,6,2,1110
14.5,14,6,3,1113
14.5,14,6,4,1117
14.5,14,6,5,1120
14.5,14,6,6,1124
14.5,14,6,7,1127
14.5,14,6,8,1131
14.5,14,6,9,1134
14.5,14,6,10,1138
14.5,14,6,11,1141
14.5,14,6,12,1144
14.5,14,6,13,1148
14.5,14,6,14,1151
14.5,14,6,15,1155
14.5,14,7,0,1106
14.5,14,7,1,1110
14.5,14,7,2,1113
14.5,14,7,3,1117
14.5,14,7,4,1120
14.5,14,7,5,1124
14.5,14,7,6,1127
14.5,14,7,7,1131
14.5,14,7,8,1134
14.5,14,7,9,1138
14.5,14,7,10,1141
14.5,14,7,11,1145
14.5,14,7,12,1148
14.5,14,7,13,1152
14.5,14,7,14,1155
14.5,14,7,15,1158
14.5,14,8,0,1110
14.5,14,8,1,1113
14.5,14,8,2,1117
14.5,14,8,3,1120
14.5,14,8,4,1124
14.5,14,8,5,1127
14.5,14,8,6,1131
14.5,14,8,7,1134
14.5,14,8,8,1138
14.5,14,8,9,1141
14.5,14,8,10,1145
14.5,14,8,11,1148
14.5,14,8,12,1152
14.5,14,8,13,1155
14.5,14,8,14,1159
14.5,14,8,15,1162
14.5,14,9,0,1113
14.5,14,9,1,1117
14.5,14,9,2,1120
14.5,14,9,3,1124
14.5,14,9,4,1127
14.5,14,9,5,1131
14.5,14,9,6,1135
14.5,14,9,7,1138
14.5,14,9,8,1142
14.5,14,9,9,1145
14.5,14,9,10,1149
14.5,14,9,11,1152
14.5,14,9,12,1155
14.5,14,9,13,1159
14.5,14,9,14,1162
14.5,14,9,15,1166
14.5,14,10,0,1117
14.5,14,10,1,1120
14.5,14,10,2,1124
14.5,14,10,3,1127
14.5,14,10,4,1131
14.5,14,10,5,1135
14.5,14,10,6,1138
14.5,14,10,7,1142
14.5,14,10,8,1145
14.5,14,10,9,1149
14.5,14,10,10,1152
14.5,14,10,11,1156
14.5,14,10,12,1159
14.5,14,10,13,1163
14.5,14,10,14,1166
14.5,14,10,15,1169
14.5,14,11,0,1120
14.5,14,11,1,1124
14.5,14,11,2,1127
14.5,14,11,3,1131
14.5,14,11,4,1135
14.5,14,11,5,1138
14.5,14,11,6,1142
14.5,14,11,7,1145
14.5,14,11,8,1149
14.5,14,11,9,1152
14.5,14,11,10,1156
14.5,14,11,11,1159
14.5,14,11,12,1163
14.5,14,11,13,1166
14.5,14,11,14,1170
14.5,14,11,15,1173
14.5,14,12,0,1124
14.5,14,12,1,1127
14.5,14,12,2,1131
14.5,14,12,3,1135
14.5,14,12,4,1138
14.5,14,12,5,1142
14.5,14,12,6,1145
14.5,14,12,7,1149
14.5,14,12,8,1152
14.5,14,12,9,1156
14.5,14,12,10,1159
14.5,14,12,11,1163
14.5,14,12,12,1166
14.5,14,12,13,1170
14.5,14,12,14,1173
14.5,14,12,15,1177
14.5,14,13,0,1127
14.5,14,13,1,1131
14.5,14,13,2,1134
14.5,14,13,3,1138
14.5,14,13,4,1142
14.5,14,13,5,1145
14.5,14,13,6,1149
14.5,14,13,7,1152
14.5,14,13,8,1156
14.5,14,13,9,1159
14.5,14,13,10,1163
14.5,14,13,11,1166
14.5,14,13,12,1170
14.5,14,13,13,1174
14.5,14,13,14,1177
14.5,14,13,15,1180
14.5,14,14,0,1131
14.5,14,14,1,1134
14.5,14,14,2,1138
14.5,14,14,3,1142
14.5,14,14,4,1145
14.5,14,14,5,1149
14.5,14,14,6,1152
14.5,14,14,7,1156
14.5,14,14,8,1159
14.5,14,14,9,1163
14.5,14,14,10,1167
14.5,14,14,11,1170
14.5,14,14,12,1174
14.5,14,14,13,1177
14.5,14,14,14,1181
14.5,14,14,15,1184
14.5,14,15,0,1134
14.5,14,15,1,1138
14.5,14,15,2,1141
14.5,14,15,3,1145
14.5,14,15,4,1149
14.5,14,15,5,1152
14.5,14,15,6,1156
14.5,14,15,7,1159
14.5,14,15,8,1163
14.5,14,15,9,1167
14.5,14,15,10,1170
14.5,14,15,11,1174
14.5,14,15,12,1177
14.5,14,15,13,1181
14.5,14,15,14,1184
14.5,14,15,15,1188
14.5,15,0,0,1085
14.5,15,0,1,1088
14.5,15,0,2,1092
14.5,15,0,3,1095
14.5,15,0,4,1099
14.5,15,0,5,1102
14.5,15,0,6,1106
14.5,15,0,7,1109
14.5,15,0,8,1113
14.5,15,0,9,1116
14.5,15,0,10,1119
14.5,15,0,11,1123
14.5,15,0,12,1126
14.5,15,0,13,1130
14.5,15,0,14,1133
14.5,15,0,15,1136
14.5,15,1,0,1089
14.5,15,1,1,1092
14.5,15,1,2,1096
14.5,15,1,3,1099
14.5,15,1,4,1103
14.5,15,1,5,1106
14.5,15,1,6,1109
14.5,15,1,7,1113
14.5,15,1,8,1116
14.5,15,1,9,1120
14.5,15,1,10,1123
14.5,15,1,11,1127
14.5,15,1,12,1130
14.5,15,1,13,1133
14.5,15,1,14,1137
14.5,15,1,15,1140
14.5,15,2,0,1092
14.5,15,2,1,1096
14.5,15,2,2,1099
14.5,15,2,3,1103
14.5,15,2,4,1106
14.5,15,2,5,1110
14.5,15,2,6,1113
14.5,15,2,7,1117
14.5,15,2,8,1120
14.5,15,2,9,1123
14.5,15,2,10,1127
14.5,15,2,11,1130
14.5,15,2,12,1134
14.5,15,2,13,1137
14.5,15,2,14,1140
14.5,15,2,15,1144
14.5,15,3,0,1096
14.5,15,3,1,1099
14.5,15,3,2,1103
14.5,15,3,3,1106
14.5,15,3,4,1110
14.5,15,3,5,1113
14.5,15,3,6,1117
14.5,15,3,7,1120
14.5,15,3,8,1124
14.5,15,3,9,1127
14.5,15,3,10,1131
14.5,15,3,11,1134
14.5,15,3,12,1137
14.5,15,3,13,1141
14.5,15,3,14,1144
14.5,15,3,15,1148
14.5,15,4,0,1099
14.5,15,4,1,1103
14.5,15,4,2,1106
14.5,15,4,3,1110
14.5,15,4,4,1113
14.5,15,4,5,1117
14.5,15,4,6,1120
14.5,15,4,7,1124
14.5,15,4,8,1127
14.5,15,4,9,1131
14.5,15,4,10,1134
14.5,15,4,11,1138
14.5,15,4,12,1141
14.5,15,4,13,1145
14.5,15,4,14,1148
14.5,15,4,15,1151
14.5,15,5,0,1103
14.5,15,5,1,1107
14.5,15,5,2,1110
14.5,15,5,3,1114
14.5,15,5,4,1117
14.5,15,5,5,1121
14.5,15,5,6,1124
14.5,15,5,7,1128
14.5,15,5,8,1131
14.5,15,5,9,1135
14.5,15,5,10,1138
14.5,15,5,11,1141
14.5,15,5,12,1145
14.5,15,5,13,1148
14.5,15,5,14,1152
14.5,15,5,15,1155
14.5,15,6,0,1107
14.5,15,6,1,1110
14.5,15,6,2,1114
14.5,15,6,3,1117
14.5,15,6,4,1121
14.5,15,6,5,1124
14.5,15,6,6,1128
14.5,15,6,7,1131
14.5,15,6,8,1135
14.5,15,6,9,1138
14.5,15,6,10,1142
14.5,15,6,11,1145
14.5,15,6,12,1149
14.5,15,6,13,1152
14.5,15,6,14,1155
14.5,15,6,15,1159
14.5,15,7,0,1110
14.5,15,7,1,1114
14.5,15,7,2,1117
14.5,15,7,3,1121
14.5,15,7,4,1124
14.5,15,7,5,1128
14.5,15,7,6,1131
14.5,15,7,7,1135
14.5,15,7,8,1138
14.5,15,7,9,1142
14.5,15,7,10,1145
14.5,15,7,11,1149
14.5,15,7,12,1152
14.5,15,7,13,1156
14.5,15,7,14,1159
14.5,15,7,15,1163
14.5,15,8,0,1114
14.5,15,8,1,1117
14.5,15,8,2,1121
14.5,15,8,3,1124
14.5,15,8,4,1128
14.5,15,8,5,1131
14.5,15,8,6,1135
14.5,15,8,7,1139
14.5,15,8,8,1142
14.5,15,8,9,1146
14.5,15,8,10,1149
14.5,15,8,11,1153
14.5,15,8,12,1156
14.5,15,8,13,1159
14.5,15,8,14,1163
14.5,15,8,15,1166
14.5,15,9,0,1117
14.5,15,9,1,1121
14.5,15,9,2,1124
14.5,15,9,3,1128
14.5,15,9,4,1132
14.5,15,9,5,1135
14.5,15,9,6,1139
14.5,15,9,7,1142
14.5,15,9,8,1146
14.5,15,9,9,1149
14.5,15,9,10,1153
14.5,15,9,11,1156
14.5,15,9,12,1160
14.5,15,9,13,1163
14.5,15,9,14,1167
14.5,15,9,15,1170
14.5,15,10,0,1121
14.5,15,10,1,1124
14.5,15,10,2,1128
14.5,15,10,3,1132
14.5,15,10,4,1135
14.5,15,10,5,1139
14.5,15,10,6,1142
14.5,15,10,7,1146
14.5,15,10,8,1149
14.5,15,10,9,1153
14.5,15,10,10,1156
14.5,15,10,11,1160
14.5,15,10,12,1163
14.5,15,10,13,1167
14.5,15,10,14,1170
14.5,15,10,15,1174
14.5,15,11,0,1124
14.5,15,11,1,1128
14.5,15,11,2,1131
14.5,15,11,3,1135
14.5,15,11,4,1139
14.5,15,11,5,1142
14.5,15,11,6,1146
14.5,15,11,7,1149
14.5,15,11,8,1153
14.5,15,11,9,1156
14.5,15,11,10,1160
14.5,15,11,11,1163
14.5,15,11,12,1167
14.5,15,11,13,1170
14.5,15,11,14,1174
14.5,15,11,15,1177
14.5,15,12,0,1128
14.5,15,12,1,1131
14.5,15,12,2,1135
14.5,15,12,3,1139
14.5,15,12,4,1142
14.5,15,12,5,1146
14.5,15,12,6,1149
14.5,15,12,7,1153
14.5,15,12,8,1157
14.5,15,12,9,1160
14.5,15,12,10,1164
14.5,15,12,11,1167
14.5,15,12,12,1171
14.5,15,12,13,1174
14.5,15,12,14,1178
14.5,15,12,15,1181
14.5,15,13,0,1131
14.5,15,13,1,1135
14.5,15,13,2,1139
14.5,15,13,3,1142
14.5,15,13,4,1146
14.5,15,13,5,1149
14.5,15,13,6,1153
14.5,15,13,7,1157
14.5,15,13,8,1160
14.5,15,13,9,1164
14.5,15,13,10,1167
14.5,15,13,11,1171
14.5,15,13,12,1174
14.5,15,13,13,1178
14.5,15,13,14,1181
14.5,15,13,15,1185
14.5,15,14,0,1135
14.5,15,14,1,1138
14.5,15,14,2,1142
14.5,15,14,3,1146
14.5,15,14,4,1149
14.5,15,14,5,1153
14.5,15,14,6,1157
14.5,15,14,7,1160
14.5,15,14,8,1164
14.5,15,14,9,1167
14.5,15,14,10,1171
14.5,15,14,11,1174
14.5,15,14,12,1178
14.5,15,14,13,1181
14.5,15,14,14,1185
14.5,15,14,15,1188
14.5,15,15,0,1138
14.5,15,15,1,1142
14.5,15,15,2,1146
14.5,15,15,3,1149
14.5,15,15,4,1153
14.5,15,15,5,1156
14.5,15,15,6,1160
14.5,15,15,7,1164
14.5,15,15,8,1167
14.5,15,15,9,1171
14.5,15,15,10,1174
14.5,15,15,11,1178
14.5,15,15,12,1181
14.5,15,15,13,1185
14.5,15,15,14,1189
14.5,15,15,15,1192
15.0,0,0,0,1061
15.0,0,0,1,1065
15.0,0,0,2,1068
15.0,0,0,3,1072
15.0,0,0,4,1075
15.0,0,0,5,1078
15.0,0,0,6,1082
15.0,0,0,7,1085
15.0,0,0,8,1088
15.0,0,0,9,1092
15.0,0,0,10,1095
15.0,0,0,11,1098
15.0,0,0,12,1102
15.0,0,0,13,1105
15.0,0,0,14,1108
15.0,0,0,15,1111
15.0,0,1,0,1065
15.0,0,1,1,1068
15.0,0,1,2,1072
15.0,0,1,3,1075
15.0,0,1,4,1079
15.0,0,1,5,1082
15.0,0,1,6,1085
15.0,0,1,7,1089
15.0,0,1,8,1092
15.0,0,1,9,1095
15.0,0,1,10,1099
15.0,0,1,11,1102
15.0,0,1,12,1105
15.0,0,1,13,1109
15.0,0,1,14,1112
15.0,0,1,15,1115
15.0,0,2,0,1068
15.0,0,2,1,1072
15.0,0,2,2,1075
15.0,0,2,3,1079
15.0,0,2,4,1082
15.0,0,2,5,1086
15.0,0,2,6,1089
15.0,0,2,7,1092
15.0,0,2,8,1096
15.0,0,2,9,1099
15.0,0,2,10,1102
15.0,0,2,11,1106
15.0,0,2,12,1109
15.0,0,2,13,1112
15.0,0,2,14,1116
15.0,0,2,15,1119
15.0,0,3,0,1072
15.0,0,3,1,1075
15.0,0,3,2,1079
15.0,0,3,3,1082
15.0,0,3,4,1086
15.0,0,3,5,1089
15.0,0,3,6,1092
15.0,0,3,7,1096
15.0,0,3,8,1099
15.0,0,3,9,1103
15.0,0,3,10,1106
15.0,0,3,11,1109
15.0,0,3,12,1113
15.0,0,3,13,1116
15.0,0,3,14,1119
15.0,0,3,15,1123
15.0,0,4,0,1075
15.0,0,4,1,1079
15.0,0,4,2,1082
15.0,0,4,3,1086
15.0,0,4,4,1089
15.0,0,4,5,1093
15.0,0,4,6,1096
15.0,0,4,7,1099
15.0,0,4,8,1103
15.0,0,4,9,1106
15.0,0,4,10,1110
15.0,0,4,11,1113
15.0,0,4,12,1116
15.0,0,4,13,1120
15.0,0,4,14,1123
15.0,0,4,15,1126
15.0,0,5,0,1079
15.0,0,5,1,1082
15.0,0,5,2,1086
15.0,0,5,3,1089
15.0,0,5,4,1093
15.0,0,5,5,1096
15.0,0,5,6,1100
15.0,0,5,7,1103
15.0,0,5,8,1106
15.0,0,5,9,1110
15.0,0,5,10,1113
15.0,0,5,11,1117
15.0,0,5,12,1120
15.0,0,5,13,1123
15.0,0,5,14,1127
15.0,0,5,15,1130
15.0,0,6,0,1082
15.0,0,6,1,1086
15.0,0,6,2,1089
15.0,0,6,3,1093
15.0,0,6,4,1096
15.0,0,6,5,1100
15.0,0,6,6,1103
15.0,0,6,7,1107
15.0,0,6,8,1110
15.0,0,6,9,1113
15.0,0,6,10,1117
15.0,0,6,11,1120
15.0,0,6,12,1124
15.0,0,6,13,1127
15.0,0,6,14,1130
15.0,0,6,15,1134
15.0,0,7,0,1086
15.0,0,7,1,1089
15.0,0,7,2,1093
15.0,0,7,3,1096
15.0,0,7,4,1100
15.0,0,7,5,1103
15.0,0,7,6,1107
15.0,0,7,7,1110
15.0,0,7,8,1114
15.0,0,7,9,1117
15.0,0,7,10,1120
15.0,0,7,11,1124
15.0,0,7,12,1127
15.0,0,7,13,1131
15.0,0,7,14,1134
15.0,0,7,15,1137
15.0,0,8,0,1089
15.0,0,8,1,1093
15.0,0,8,2,1096
15.0,0,8,3,1100
15.0,0,8,4,1103
15.0,0,8,5,1107
15.0,0,8,6,1110
15.0,0,8,7,1114
15.0,0,8,8,1117
15.0,0,8,9,1121
15.0,0,8,10,1124
15.0,0,8,11,1127
15.0,0,8,12,1131
15.0,0,8,13,1134
15.0,0,8,14,1138
15.0,0,8,15,1141
15.0,0,9,0,1093
15.0,0,9,1,1096
15.0,0,9,2,1100
15.0,0,9,3,1103
15.0,0,9,4,1107
15.0,0,9,5,1110
15.0,0,9,6,1114
15.0,0,9,7,1117
15.0,0,9,8,1121
15.0,0,9,9,1124
15.0,0,9,10,1128
15.0,0,9,11,1131
15.0,0,9,12,1134
15.0,0,9,13,1138
15.0,0,9,14,1141
15.0,0,9,15,1145
15.0,0,10,0,1096
15.0,0,10,1,1100
15.0,0,10,2,1103
15.0,0,10,3,1107
15.0,0,10,4,1110
15.0,0,10,5,1114
15.0,0,10,6,1117
15.0,0,10,7,1121
15.0,0,10,8,1124
15.0,0,10,9,1128
15.0,0,10,10,1131
15.0,0,10,11,1135
15.0,0,10,12,1138
15.0,0,10,13,1141
15.0,0,10,14,1145
15.0,0,10,15,1148
15.0,0,11,0,1100
15.0,0,11,1,1103
15.0,0,11,2,1107
15.0,0,11,3,1110
15.0,0,11,4,1114
15.0,0,11,5,1117
15.0,0,11,6,1121
15.0,0,11,7,1124
15.0,0,11,8,1128
15.0,0,11,9,1131
15.0,0,11,10,1135
15.0,0,11,11,1138
15.0,0,11,12,1142
15.0,0,11,13,1145
15.0,0,11,14,1148
15.0,0,11,15,1152
15.0,0,12,0,1103
15.0,0,12,1,1107
15.0,0,12,2,1110
15.0,0,12,3,1114
15.0,0,12,4,1117
15.0,0,12,5,1121
15.0,0,12,6,1124
15.0,0,12,7,1128
15.0,0,12,8,1131
15.0,0,12,9,1135
15.0,0,12,10,1138
15.0,0,12,11,1142
15.0,0,12,12,1145
15.0,0,12,13,1149
15.0,0,12,14,1152
15.0,0,12,15,1155
15.0,0,13,0,1107
15.0,0,13,1,1110
15.0,0,13,2,1114
15.0,0,13,3,1117
15.0,0,13,4,1121
15.0,0,13,5,1124
15.0,0,13,6,1128
15.0,0,13,7,1131
15.0,0,13,8,1135
15.0,0,13,9,1138
15.0,0,13,10,1142
15.0,0,13,11,1145
15.0,0,13,12,1149
15.0,0,13,13,1152
15.0,0,13,14,1156
15.0,0,13,15,1159
15.0,0,14,0,1110
15.0,0,14,1,1114
15.0,0,14,2,1117
15.0,0,14,3,1121
15.0,0,14,4,1124
15.0,0,14,5,1128
15.0,0,14,6,1131
15.0,0,14,7,1135
15.0,0,14,8,1138
15.0,0,14,9,1142
15.0,0,14,10,1145
15.0,0,14,11,1149
15.0,0,14,12,1152
15.0,0,14,13,1156
15.0,0,14,14,1159
15.0,0,14,15,1163
15.0,0,15,0,1113
15.0,0,15,1,1117
15.0,0,15,2,1121
15.0,0,15,3,1124
15.0,0,15,4,1128
15.0,0,15,5,1131
15.0,0,15,6,1135
15.0,0,15,7,1138
15.0,0,15,8,1142
15.0,0,15,9,1145
15.0,0,15,10,1149
15.0,0,15,11,1152
15.0,0,15,12,1156
15.0,0,15,13,1159
15.0,0,15,14,1163
15.0,0,15,15,1166
15.0,1,0,0,1065
15.0,1,0,1,1069
15.0,1,0,2,1072
15.0,1,0,3,1076
15.0,1,0,4,1079
15.0,1,0,5,1082
15.0,1,0,6,1086
15.0,1,0,7,1089
15.0,1,0,8,1093
15.0,1,0,9,1096
15.0,1,0,10,1099
15.0,1,0,11,1103
15.0,1,0,12,1106
15.0,1,0,13,1109
15.0,1,0,14,1112
15.0,1,0,15,1116
15.0,1,1,0,1069
15.0,1,1,1,1072
15.0,1,1,2,1076
15.0,1,1,3,1079
15.0,1,1,4,1083
15.0,1,1,5,1086
15.0,1,1,6,1089
15.0,1,1,7,1093
15.0,1,1,8,1096
15.0,1,1,9,1100
15.0,1,1,10,1103
15.0,1,1,11,1106
15.0,1,1,12,1110
15.0,1,1,13,1113
15.0,1,1,14,1116
15.0,1,1,15,1119
15.0,1,2,0,1072
15.0,1,2,1,1076
15.0,1,2,2,1079
15.0,1,2,3,1083
15.0,1,2,4,1086
15.0,1,2,5,1090
15.0,1,2,6,1093
15.0,1,2,7,1096
15.0,1,2,8,1100
15.0,1,2,9,1103
15.0,1,2,10,1107
15.0,1,2,11,1110
15.0,1,2,12,1113
15.0,1,2,13,1117
15.0,1,2,14,1120
15.0,1,2,15,1123
15.0,1,3,0,1076
15.0,1,3,1,1080
15.0,1,3,2,1083
15.0,1,3,3,1086
15.0,1,3,4,1090
15.0,1,3,5,1093
15.0,1,3,6,1097
15.0,1,3,7,1100
15.0,1,3,8,1103
15.0,1,3,9,1107
15.0,1,3,10,1110
15.0,1,3,11,1114
15.0,1,3,12,1117
15.0,1,3,13,1120
15.0,1,3,14,1124
15.0,1,3,15,1127
15.0,1,4,0,1080
15.0,1,4,1,1083
15.0,1,4,2,1087
15.0,1,4,3,1090
15.0,1,4,4,1093
15.0,1,4,5,1097
15.0,1,4,6,1100
15.0,1,4,7,1104
15.0,1,4,8,1107
15.0,1,4,9,1110
15.0,1,4,10,1114
15.0,1,4,11,1117
15.0,1,4,12,1121
15.0,1,4,13,1124
15.0,1,4,14,1127
15.0,1,4,15,1131
15.0,1,5,0,1083
15.0,1,5,1,1087
15.0,1,5,2,1090
15.0,1,5,3,1094
15.0,1,5,4,1097
15.0,1,5,5,1100
15.0,1,5,6,1104
15.0,1,5,7,1107
15.0,1,5,8,1111
15.0,1,5,9,1114
15.0,1,5,10,1118
15.0,1,5,11,1121
15.0,1,5,12,1124
15.0,1,5,13,1128
15.0,1,5,14,1131
15.0,1,5,15,1134
15.0,1,6,0,1087
15.0,1,6,1,1090
15.0,1,6,2,1094
15.0,1,6,3,1097
15.0,1,6,4,1101
15.0,1,6,5,1104
15.0,1,6,6,1107
15.0,1,6,7,1111
15.0,1,6,8,1114
15.0,1,6,9,1118
15.0,1,6,10,1121
15.0,1,6,11,1125
15.0,1,6,12,1128
15.0,1,6,13,1131
15.0,1,6,14,1135
15.0,1,6,15,1138
15.0,1,7,0,1090
15.0,1,7,1,1094
15.0,1,7,2,1097
15.0,1,7,3,1101
15.0,1,7,4,1104
15.0,1,7,5,1108
15.0,1,7,6,1111
15.0,1,7,7,1114
15.0,1,7,8,1118
15.0,1,7,9,1121
15.0,1,7,10,1125
15.0,1,7,11,1128
15.0,1,7,12,1132
15.0,1,7,13,1135
15.0,1,7,14,1138
15.0,1,7,15,1142
15.0,1,8,0,1094
15.0,1,8,1,1097
15.0,1,8,2,1101
15.0,1,8,3,1104
15.0,1,8,4,1108
15.0,1,8,5,1111
15.0,1,8,6,1115
15.0,1,8,7,1118
15.0,1,8,8,1121
15.0,1,8,9,1125
15.0,1,8,10,1128
15.0,1,8,11,1132
15.0,1,8,12,1135
15.0,1,8,13,1139
15.0,1,8,14,1142
15.0,1,8,15,1145
15.0,1,9,0,1097
15.0,1,9,1,1101
15.0,1,9,2,1104
15.0,1,9,3,1108
15.0,1,9,4,1111
15.0,1,9,5,1115
15.0,1,9,6,1118
15.0,1,9,7,1122
15.0,1,9,8,1125
15.0,1,9,9,1129
15.0,1,9,10,1132
15.0,1,9,11,1135
15.0,1,9,12,1139
15.0,1,9,13,1142
15.0,1,9,14,1146
15.0,1,9,15,1149
15.0,1,10,0,1101
15.0,1,10,1,1104
15.0,1,10,2,1108
15.0,1,10,3,1111
15.0,1,10,4,1115
15.0,1,10,5,1118
15.0,1,10,6,1122
15.0,1,10,7,1125
15.0,1,10,8,1129
15.0,1,10,9,1132
15.0,1,10,10,1136
15.0,1,10,11,1139
15.0,1,10,12,1142
15.0,1,10,13,1146
15.0,1,10,14,1149
15.0,1,10,15,1153
15.0,1,11,0,1104
15.0,1,11,1,1108
15.0,1,11,2,1111
15.0,1,11,3,1115
15.0,1,11,4,1118
15.0,1,11,5,1122
15.0,1,11,6,1125
15.0,1,11,7,1129
15.0,1,11,8,1132
15.0,1,11,9,1136
15.0,1,11,10,1139
15.0,1,11,11,1143
15.0,1,11,12,1146
15.0,1,11,13,1149
15.0,1,11,14,1153
15.0,1,11,15,1156
15.0,1,12,0,1107
15.0,1,12,1,1111
15.0,1,12,2,1115
15.0,1,12,3,1118
15.0,1,12,4,1122
15.0,1,12,5,1125
15.0,1,12,6,1129
15.0,1,12,7,1132
15.0,1,12,8,1136
15.0,1,12,9,1139
15.0,1,12,10,1143
15.0,1,12,11,1146
15.0,1,12,12,1150
15.0,1,12,13,1153
15.0,1,12,14,1156
15.0,1,12,15,1160
15.0,1,13,0,1111
15.0,1,13,1,1114
15.0,1,13,2,1118
15.0,1,13,3,1122
15.0,1,13,4,1125
15.0,1,13,5,1129
15.0,1,13,6,1132
15.0,1,13,7,1136
15.0,1,13,8,1139
15.0,1,13,9,1143
15.0,1,13,10,1146
15.0,1,13,11,1150
15.0,1,13,12,1153
15.0,1,13,13,1157
15.0,1,13,14,1160
15.0,1,13,15,1163
15.0,1,14,0,1114
15.0,1,14,1,1118
15.0,1,14,2,1121
15.0,1,14,3,1125
15.0,1,14,4,1129
15.0,1,14,5,1132
15.0,1,14,6,1136
15.0,1,14,7,1139
15.0,1,14,8,1143
15.0,1,14,9,1146
15.0,1,14,10,1150
15.0,1,14,11,1153
15.0,1,14,12,1157
15.0,1,14,13,1160
15.0,1,14,14,1164
15.0,1,14,15,1167
15.0,1,15,0,1118
15.0,1,15,1,1121
15.0,1,15,2,1125
15.0,1,15,3,1129
15.0,1,15,4,1132
15.0,1,15,5,1136
15.0,1,15,6,1139
15.0,1,15,7,1143
15.0,1,15,8,1146
15.0,1,15,9,1150
15.0,1,15,10,1153
15.0,1,15,11,1157
15.0,1,15,12,1160
15.0,1,15,13,1164
15.0,1,15,14,1167
15.0,1,15,15,1171
15.0,2,0,0,1069
15.0,2,0,1,1073
15.0,2,0,2,1076
15.0,2,0,3,1080
15.0,2,0,4,1083
15.0,2,0,5,1087
15.0,2,0,6,1090
15.0,2,0,7,1093
15.0,2,0,8,1097
15.0,2,0,9,1100
15.0,2,0,10,1103
15.0,2,0,11,1107
15.0,2,0,12,1110
15.0,2,0,13,1113
15.0,2,0,14,1117
15.0,2,0,15,1120
15.0,2,1,0,1073
15.0,2,1,1,1076
15.0,2,1,2,1080
15.0,2,1,3,1083
15.0,2,1,4,1087
15.0,2,1,5,1090
15.0,2,1,6,1094
15.0,2,1,7,1097
15.0,2,1,8,1100
15.0,2,1,9,1104
15.0,2,1,10,1107
15.0,2,1,11,1110
15.0,2,1,12,1114
15.0,2,1,13,1117
15.0,2,1,14,1120
15.0,2,1,15,1124
15.0,2,2,0,1077
15.0,2,2,1,1080
15.0,2,2,2,1084
15.0,2,2,3,1087
15.0,2,2,4,1090
15.0,2,2,5,1094
15.0,2,2,6,1097
15.0,2,2,7,1101
15.0,2,2,8,1104
15.0,2,2,9,1107
15.0,2,2,10,1111
15.0,2,2,11,1114
15.0,2,2,12,1118
15.0,2,2,13,1121
15.0,2,2,14,1124
15.0,2,2,15,1128
15.0,2,3,0,1080
15.0,2,3,1,1084
15.0,2,3,2,1087
15.0,2,3,3,1091
15.0,2,3,4,1094
15.0,2,3,5,1097
15.0,2,3,6,1101
15.0,2,3,7,1104
15.0,2,3,8,1108
15.0,2,3,9,1111
15.0,2,3,10,1114
15.0,2,3,11,1118
15.0,2,3,12,1121
15.0,2,3,13,1125
15.0,2,3,14,1128
15.0,2,3,15,1131
15.0,2,4,0,1084
15.0,2,4,1,1087
15.0,2,4,2,1091
15.0,2,4,3,1094
15.0,2,4,4,1098
15.0,2,4,5,1101
15.0,2,4,6,1104
15.0,2,4,7,1108
15.0,2,4,8,1111
15.0,2,4,9,1115
15.0,2,4,10,1118
15.0,2,4,11,1122
15.0,2,4,12,1125
15.0,2,4,13,1128
15.0,2,4,14,1132
15.0,2,4,15,1135
15.0,2,5,0,1087
15.0,2,5,1,1091
15.0,2,5,2,1094
15.0,2,5,3,1098
15.0,2,5,4,1101
15.0,2,5,5,1105
15.0,2,5,6,1108
15.0,2,5,7,1112
15.0,2,5,8,1115
15.0,2,5,9,1118
15.0,2,5,10,1122
15.0,2,5,11,1125
15.0,2,5,12,1129
15.0,2,5,13,1132
15.0,2,5,14,1135
15.0,2,5,15,1139
15.0,2,6,0,1091
15.0,2,6,1,1094
15.0,2,6,2,1098
15.0,2,6,3,1101
15.0,2,6,4,1105
15.0,2,6,5,1108
15.0,2,6,6,1112
15.0,2,6,7,1115
15.0,2,6,8,1119
15.0,2,6,9,1122
15.0,2,6,10,1125
15.0,2,6,11,1129
15.0,2,6,12,1132
15.0,2,6,13,1136
15.0,2,6,14,1139
15.0,2,6,15,1142
15.0,2,7,0,1094
15.0,2,7,1,1098
15.0,2,7,2,1101
15.0,2,7,3,1105
15.0,2,7,4,1108
15.0,2,7,5,1112
15.0,2,7,6,1115
15.0,2,7,7,1119
15.0,2,7,8,1122
15.0,2,7,9,1126
15.0,2,7,10,1129
15.0,2,7,11,1132
15.0,2,7,12,1136
15.0,2,7,13,1139
15.0,2,7,14,1143
15.0,2,7,15,1146
15.0,2,8,0,1098
15.0,2,8,1,1101
15.0,2,8,2,1105
15.0,2,8,3,1108
15.0,2,8,4,1112
15.0,2,8,5,1115
15.0,2,8,6,1119
15.0,2,8,7,1122
15.0,2,8,8,1126
15.0,2,8,9,1129
15.0,2,8,10,1133
15.0,2,8,11,1136
15.0,2,8,12,1140
15.0,2,8,13,1143
15.0,2,8,14,1146
15.0,2,8,15,1150
15.0,2,9,0,1101
15.0,2,9,1,1105
15.0,2,9,2,1108
15.0,2,9,3,1112
15.0,2,9,4,1115
15.0,2,9,5,1119
15.0,2,9,6,1122
15.0,2,9,7,1126
15.0,2,9,8,1129
15.0,2,9,9,1133
15.0,2,9,10,1136
15.0,2,9,11,1140
15.0,2,9,12,1143
15.0,2,9,13,1147
15.0,2,9,14,1150
15.0,2,9,15,1153
15.0,2,10,0,1105
15.0,2,10,1,1108
15.0,2,10,2,1112
15.0,2,10,3,1115
15.0,2,10,4,1119
15.0,2,10,5,1122
15.0,2,10,6,1126
15.0,2,10,7,1129
15.0,2,10,8,1133
15.0,2,10,9,1136
15.0,2,10,10,1140
15.0,2,10,11,1143
15.0,2,10,12,1147
15.0,2,10,13,1150
15.0,2,10,14,1154
15.0,2,10,15,1157
15.0,2,11,0,1108
15.0,2,11,1,1112
15.0,2,11,2,1115
15.0,2,11,3,1119
15.0,2,11,4,1122
15.0,2,11,5,1126
15.0,2,11,6,1129
15.0,2,11,7,1133
15.0,2,11,8,1136
15.0,2,11,9,1140
15.0,2,11,10,1143
15.0,2,11,11,1147
15.0,2,11,12,1150
15.0,2,11,13,1154
15.0,2,11,14,1157
15.0,2,11,15,1161
15.0,2,12,0,1112
15.0,2,12,1,1115
15.0,2,12,2,1119
15.0,2,12,3,1122
15.0,2,12,4,1126
15.0,2,12,5,1129
15.0,2,12,6,1133
15.0,2,12,7,1137
15.0,2,12,8,1140
15.0,2,12,9,1144
15.0,2,12,10,1147
15.0,2,12,11,1150
15.0,2,12,12,1154
15.0,2,12,13,1157
15.0,2,12,14,1161
15.0,2,12,15,1164
15.0,2,13,0,1115
15.0,2,13,1,1119
15.0,2,13,2,1122
15.0,2,13,3,1126
15.0,2,13,4,1129
15.0,2,13,5,1133
15.0,2,13,6,1137
15.0,2,13,7,1140
15.0,2,13,8,1144
15.0,2,13,9,1147
15.0,2,13,10,1151
15.0,2,13,11,1154
15.0,2,13,12,1158
15.0,2,13,13,1161
15.0,2,13,14,1164
15.0,2,13,15,1168
15.0,2,14,0,1119
15.0,2,14,1,1122
15.0,2,14,2,1126
15.0,2,14,3,1129
15.0,2,14,4,1133
15.0,2,14,5,1136
15.0,2,14,6,1140
15.0,2,14,7,1144
15.0,2,14,8,1147
15.0,2,14,9,1151
15.0,2,14,10,1154
15.0,2,14,11,1158
15.0,2,14,12,1161
15.0,2,14,13,1165
15.0,2,14,14,1168
15.0,2,14,15,1171
15.0,2,15,0,1122
15.0,2,15,1,1126
15.0,2,15,2,1129
15.0,2,15,3,1133
15.0,2,15,4,1136
15.0,2,15,5,1140
15.0,2,15,6,1144
15.0,2,15,7,1147
15.0,2,15,8,1151
15.0,2,15,9,1154
15.0,2,15,10,1158
15.0,2,15,11,1161
15.0,2,15,12,1165
15.0,2,15,13,1168
15.0,2,15,14,1172
15.0,2,15,15,1175
15.0,3,0,0,1074
15.0,3,0,1,1077
15.0,3,0,2,1080
15.0,3,0,3,1084
15.0,3,0,4,1087
15.0,3,0,5,1091
15.0,3,0,6,1094
15.0,3,0,7,1097
15.0,3,0,8,1101
15.0,3,0,9,1104
15.0,3,0,10,1108
15.0,3,0,11,1111
15.0,3,0,12,1114
15.0,3,0,13,1118
15.0,3,0,14,1121
15.0,3,0,15,1124
15.0,3,1,0,1077
15.0,3,1,1,1081
15.0,3,1,2,1084
15.0,3,1,3,1087
15.0,3,1,4,1091
15.0,3,1,5,1094
15.0,3,1,6,1098
15.0,3,1,7,1101
15.0,3,1,8,1105
15.0,3,1,9,1108
15.0,3,1,10,1111
15.0,3,1,11,1115
15.0,3,1,12,1118
15.0,3,1,13,1121
15.0,3,1,14,1125
15.0,3,1,15,1128
15.0,3,2,0,1081
15.0,3,2,1,1084
15.0,3,2,2,1088
15.0,3,2,3,1091
15.0,3,2,4,1095
15.0,3,2,5,1098
15.0,3,2,6,1101
15.0,3,2,7,1105
15.0,3,2,8,1108
15.0,3,2,9,1112
15.0,3,2,10,1115
15.0,3,2,11,1118
15.0,3,2,12,1122
15.0,3,2,13,1125
15.0,3,2,14,1128
15.0,3,2,15,1132
15.0,3,3,0,1084
15.0,3,3,1,1088
15.0,3,3,2,1091
15.0,3,3,3,1095
15.0,3,3,4,1098
15.0,3,3,5,1102
15.0,3,3,6,1105
15.0,3,3,7,1108
15.0,3,3,8,1112
15.0,3,3,9,1115
15.0,3,3,10,1119
15.0,3,3,11,1122
15.0,3,3,12,1125
15.0,3,3,13,1129
15.0,3,3,14,1132
15.0,3,3,15,1136
15.0,3,4,0,1088
15.0,3,4,1,1091
15.0,3,4,2,1095
15.0,3,4,3,1098
15.0,3,4,4,1102
15.0,3,4,5,1105
15.0,3,4,6,1109
15.0,3,4,7,1112
15.0,3,4,8,1116
15.0,3,4,9,1119
15.0,3,4,10,1122
15.0,3,4,11,1126
15.0,3,4,12,1129
15.0,3,4,13,1133
15.0,3,4,14,1136
15.0,3,4,15,1139
15.0,3,5,0,1091
15.0,3,5,1,1095
15.0,3,5,2,1098
15.0,3,5,3,1102
15.0,3,5,4,1105
15.0,3,5,5,1109
15.0,3,5,6,1112
15.0,3,5,7,1116
15.0,3,5,8,1119
15.0,3,5,9,1123
15.0,3,5,10,1126
15.0,3,5,11,1129
15.0,3,5,12,1133
15.0,3,5,13,1136
15.0,3,5,14,1140
15.0,3,5,15,1143
15.0,3,6,0,1095
15.0,3,6,1,1098
15.0,3,6,2,1102
15.0,3,6,3,1105
15.0,3,6,4,1109
15.0,3,6,5,1112
15.0,3,6,6,1116
15.0,3,6,7,1119
15.0,3,6,8,1123
15.0,3,6,9,1126
15.0,3,6,10,1130
15.0,3,6,11,1133
15.0,3,6,12,1137
15.0,3,6,13,1140
15.0,3,6,14,1143
15.0,3,6,15,1147
15.0,3,7,0,1098
15.0,3,7,1,1102
15.0,3,7,2,1106
15.0,3,7,3,1109
15.0,3,7,4,1113
15.0,3,7,5,1116
15.0,3,7,6,1120
15.0,3,7,7,1123
15.0,3,7,8,1126
15.0,3,7,9,1130
15.0,3,7,10,1133
15.0,3,7,11,1137
15.0,3,7,12,1140
15.0,3,7,13,1144
15.0,3,7,14,1147
15.0,3,7,15,1150
15.0,3,8,0,1102
15.0,3,8,1,1106
15.0,3,8,2,1109
15.0,3,8,3,1113
15.0,3,8,4,1116
15.0,3,8,5,1120
15.0,3,8,6,1123
15.0,3,8,7,1127
15.0,3,8,8,1130
15.0,3,8,9,1134
15.0,3,8,10,1137
15.0,3,8,11,1140
15.0,3,8,12,1144
15.0,3,8,13,1147
15.0,3,8,14,1151
15.0,3,8,15,1154
15.0,3,9,0,1105
15.0,3,9,1,1109
15.0,3,9,2,1113
15.0,3,9,3,1116
15.0,3,9,4,1120
15.0,3,9,5,1123
15.0,3,9,6,1127
15.0,3,9,7,1130
15.0,3,9,8,1134
15.0,3,9,9,1137
15.0,3,9,10,1141
15.0,3,9,11,1144
15.0,3,9,12,1147
15.0,3,9,13,1151
15.0,3,9,14,1154
15.0,3,9,15,1158
15.0,3,10,0,1109
15.0,3,10,1,1113
15.0,3,10,2,1116
15.0,3,10,3,1120
15.0,3,10,4,1123
15.0,3,10,5,1127
15.0,3,10,6,1130
15.0,3,10,7,1134
15.0,3,10,8,1137
15.0,3,10,9,1141
15.0,3,10,10,1144
15.0,3,10,11,1148
15.0,3,10,12,1151
15.0,3,10,13,1155
15.0,3,10,14,1158
15.0,3,10,15,1161
15.0,3,11,0,1112
15.0,3,11,1,1116
15.0,3,11,2,1120
15.0,3,11,3,1123
15.0,3,11,4,1127
15.0,3,11,5,1130
15.0,3,11,6,1134
15.0,3,11,7,1137
15.0,3,11,8,1141
15.0,3,11,9,1144
15.0,3,11,10,1148
15.0,3,11,11,1151
15.0,3,11,12,1155
15.0,3,11,13,1158
15.0,3,11,14,1162
15.0,3,11,15,1165
15.0,3,12,0,1116
15.0,3,12,1,1120
15.0,3,12,2,1123
15.0,3,12,3,1127
15.0,3,12,4,1130
15.0,3,12,5,1134
15.0,3,12,6,1137
15.0,3,12,7,1141
15.0,3,12,8,1144
15.0,3,12,9,1148
15.0,3,12,10,1151
15.0,3,12,11,1155
15.0,3,12,12,1158
15.0,3,12,13,1162
15.0,3,12,14,1165
15.0,3,12,15,1169
15.0,3,13,0,1119
15.0,3,13,1,1123
15.0,3,13,2,1127
15.0,3,13,3,1130
15.0,3,13,4,1134
15.0,3,13,5,1137
15.0,3,13,6,1141
15.0,3,13,7,1144
15.0,3,13,8,1148
15.0,3,13,9,1151
15.0,3,13,10,1155
15.0,3,13,11,1158
15.0,3,13,12,1162
15.0,3,13,13,1165
15.0,3,13,14,1169
15.0,3,13,15,1172
15.0,3,14,0,1123
15.0,3,14,1,1126
15.0,3,14,2,1130
15.0,3,14,3,1134
15.0,3,14,4,1137
15.0,3,14,5,1141
15.0,3,14,6,1144
15.0,3,14,7,1148
15.0,3,14,8,1151
15.0,3,14,9,1155
15.0,3,14,10,1158
15.0,3,14,11,1162
15.0,3,14,12,1166
15.0,3,14,13,1169
15.0,3,14,14,1172
15.0,3,14,15,1176
15.0,3,15,0,1126
15.0,3,15,1,1130
15.0,3,15,2,1134
15.0,3,15,3,1137
15.0,3,15,4,1141
15.0,3,15,5,1144
15.0,3,15,6,1148
15.0,3,15,7,1151
15.0,3,15,8,1155
15.0,3,15,9,1159
15.0,3,15,10,1162
15.0,3,15,11,1166
15.0,3,15,12,1169
15.0,3,15,13,1173
15.0,3,15,14,1176
15.0,3,15,15,1180
15.0,4,0,0,1078
15.0,4,0,1,1081
15.0,4,0,2,1085
15.0,4,0,3,1088
15.0,4,0,4,1091
15.0,4,0,5,1095
15.0,4,0,6,1098
15.0,4,0,7,1102
15.0,4,0,8,1105
15.0,4,0,9,1108
15.0,4,0,10,1112
15.0,4,0,11,1115
15.0,4,0,12,1119
15.0,4,0,13,1122
15.0,4,0,14,1125
15.0,4,0,15,1129
15.0,4,1,0,1081
15.0,4,1,1,1085
15.0,4,1,2,1088
15.0,4,1,3,1092
15.0,4,1,4,1095
15.0,4,1,5,1098
15.0,4,1,6,1102
15.0,4,1,7,1105
15.0,4,1,8,1109
15.0,4,1,9,1112
15.0,4,1,10,1116
15.0,4,1,11,1119
15.0,4,1,12,1122
15.0,4,1,13,1126
15.0,4,1,14,1129
15.0,4,1,15,1132
15.0,4,2,0,1085
15.0,4,2,1,1088
15.0,4,2,2,1092
15.0,4,2,3,1095
15.0,4,2,4,1099
15.0,4,2,5,1102
15.0,4,2,6,1106
15.0,4,2,7,1109
15.0,4,2,8,1112
15.0,4,2,9,1116
15.0,4,2,10,1119
15.0,4,2,11,1123
15.0,4,2,12,1126
15.0,4,2,13,1129
15.0,4,2,14,1133
15.0,4,2,15,1136
15.0,4,3,0,1088
15.0,4,3,1,1092
15.0,4,3,2,1095
15.0,4,3,3,1099
15.0,4,3,4,1102
15.0,4,3,5,1106
15.0,4,3,6,1109
15.0,4,3,7,1113
15.0,4,3,8,1116
15.0,4,3,9,1120
15.0,4,3,10,1123
15.0,4,3,11,1126
15.0,4,3,12,1130
15.0,4,3,13,1133
15.0,4,3,14,1136
15.0,4,3,15,1140
15.0,4,4,0,1092
15.0,4,4,1,1095
15.0,4,4,2,1099
15.0,4,4,3,1102
15.0,4,4,4,1106
15.0,4,4,5,1109
15.0,4,4,6,1113
15.0,4,4,7,1116
15.0,4,4,8,1120
15.0,4,4,9,1123
15.0,4,4,10,1127
15.0,4,4,11,1130
15.0,4,4,12,1133
15.0,4,4,13,1137
15.0,4,4,14,1140
15.0,4,4,15,1144
15.0,4,5,0,1096
15.0,4,5,1,1099
15.0,4,5,2,1103
15.0,4,5,3,1106
15.0,4,5,4,1110
15.0,4,5,5,1113
15.0,4,5,6,1117
15.0,4,5,7,1120
15.0,4,5,8,1123
15.0,4,5,9,1127
15.0,4,5,10,1130
15.0,4,5,11,1134
15.0,4,5,12,1137
15.0,4,5,13,1141
15.0,4,5,14,1144
15.0,4,5,15,1147
15.0,4,6,0,1099
15.0,4,6,1,1103
15.0,4,6,2,1106
15.0,4,6,3,1110
15.0,4,6,4,1113
15.0,4,6,5,1117
15.0,4,6,6,1120
15.0,4,6,7,1124
15.0,4,6,8,1127
15.0,4,6,9,1131
15.0,4,6,10,1134
15.0,4,6,11,1137
15.0,4,6,12,1141
15.0,4,6,13,1144
15.0,4,6,14,1148
15.0,4,6,15,1151
15.0,4,7,0,1103
15.0,4,7,1,1106
15.0,4,7,2,1110
15.0,4,7,3,1113
15.0,4,7,4,1117
15.0,4,7,5,1120
15.0,4,7,6,1124
15.0,4,7,7,1127
15.0,4,7,8,1131
15.0,4,7,9,1134
15.0,4,7,10,1138
15.0,4,7,11,1141
15.0,4,7,12,1145
15.0,4,7,13,1148
15.0,4,7,14,1151
15.0,4,7,15,1155
15.0,4,8,0,1106
15.0,4,8,1,1110
15.0,4,8,2,1113
15.0,4,8,3,1117
15.0,4,8,4,1120
15.0,4,8,5,1124
15.0,4,8,6,1127
15.0,4,8,7,1131
15.0,4,8,8,1134
15.0,4,8,9,1138
15.0,4,8,10,1141
15.0,4,8,11,1145
15.0,4,8,12,1148
15.0,4,8,13,1152
15.0,4,8,14,1155
15.0,4,8,15,1158
15.0,4,9,0,1110
15.0,4,9,1,1113
15.0,4,9,2,1117
15.0,4,9,3,1120
15.0,4,9,4,1124
15.0,4,9,5,1127
15.0,4,9,6,1131
15.0,4,9,7,1134
15.0,4,9,8,1138
15.0,4,9,9,1141
15.0,4,9,10,1145
15.0,4,9,11,1148
15.0,4,9,12,1152
15.0,4,9,13,1155
15.0,4,9,14,1159
15.0,4,9,15,1162
15.0,4,10,0,1113
15.0,4,10,1,1117
15.0,4,10,2,1120
15.0,4,10,3,1124
15.0,4,10,4,1127
15.0,4,10,5,1131
15.0,4,10,6,1135
15.0,4,10,7,1138
15.0,4,10,8,1142
15.0,4,10,9,1145
15.0,4,10,10,1149
15.0,4,10,11,1152
15.0,4,10,12,1155
15.0,4,10,13,1159
15.0,4,10,14,1162
15.0,4,10,15,1166
15.0,4,11,0,1117
15.0,4,11,1,1120
15.0,4,11,2,1124
15.0,4,11,3,1127
15.0,4,11,4,1131
15.0,4,11,5,1135
15.0,4,11,6,1138
15.0,4,11,7,1142
15.0,4,11,8,1145
15.0,4,11,9,1149
15.0,4,11,10,1152
15.0,4,11,11,1156
15.0,4,11,12,1159
15.0,4,11,13,1163
15.0,4,11,14,1166
15.0,4,11,15,1169
15.0,4,12,0,1120
15.0,4,12,1,1124
15.0,4,12,2,1127
15.0,4,12,3,1131
15.0,4,12,4,1135
15.0,4,12,5,1138
15.0,4,12,6,1142
15.0,4,12,7,1145
15.0,4,12,8,1149
15.0,4,12,9,1152
15.0,4,12,10,1156
15.0,4,12,11,1159
15.0,4,12,12,1163
15.0,4,12,13,1166
15.0,4,12,14,1170
15.0,4,12,15,1173
15.0,4,13,0,1124
15.0,4,13,1,1127
15.0,4,13,2,1131
15.0,4,13,3,1134
15.0,4,13,4,1138
15.0,4,13,5,1142
15.0,4,13,6,1145
15.0,4,13,7,1149
15.0,4,13,8,1152
15.0,4,13,9,1156
15.0,4,13,10,1159
15.0,4,13,11,1163
15.0,4,13,12,1166
15.0,4,13,13,1170
15.0,4,13,14,1173
15.0,4,13,15,1177
15.0,4,14,0,1127
15.0,4,14,1,1131
15.0,4,14,2,1134
15.0,4,14,3,1138
15.0,4,14,4,1142
15.0,4,14,5,1145
15.0,4,14,6,1149
15.0,4,14,7,1152
15.0,4,14,8,1156
15.0,4,14,9,1159
15.0,4,14,10,1163
15.0,4,14,11,1166
15.0,4,14,12,1170
15.0,4,14,13,1173
15.0,4,14,14,1177
15.0,4,14,15,1180
15.0,4,15,0,1131
15.0,4,15,1,1134
15.0,4,15,2,1138
15.0,4,15,3,1141
15.0,4,15,4,1145
15.0,4,15,5,1149
15.0,4,15,6,1152
15.0,4,15,7,1156
15.0,4,15,8,1159
15.0,4,15,9,1163
15.0,4,15,10,1166
15.0,4,15,11,1170
15.0,4,15,12,1174
15.0,4,15,13,1177
15.0,4,15,14,1181
15.0,4,15,15,1184
15.0,5,0,0,1082
15.0,5,0,1,1085
15.0,5,0,2,1089
15.0,5,0,3,1092
15.0,5,0,4,1096
15.0,5,0,5,1099
15.0,5,0,6,1102
15.0,5,0,7,1106
15.0,5,0,8,1109
15.0,5,0,9,1113
15.0,5,0,10,1116
15.0,5,0,11,1119
15.0,5,0,12,1123
15.0,5,0,13,1126
15.0,5,0,14,1129
15.0,5,0,15,1133
15.0,5,1,0,1085
15.0,5,1,1,1089
15.0,5,1,2,1092
15.0,5,1,3,1096
15.0,5,1,4,1099
15.0,5,1,5,1103
15.0,5,1,6,1106
15.0,5,1,7,1110
15.0,5,1,8,1113
15.0,5,1,9,1116
15.0,5,1,10,1120
15.0,5,1,11,1123
15.0,5,1,12,1127
15.0,5,1,13,1130
15.0,5,1,14,1133
15.0,5,1,15,1137
15.0,5,2,0,1089
15.0,5,2,1,1092
15.0,5,2,2,1096
15.0,5,2,3,1099
15.0,5,2,4,1103
15.0,5,2,5,1106
15.0,5,2,6,1110
15.0,5,2,7,1113
15.0,5,2,8,1117
15.0,5,2,9,1120
15.0,5,2,10,1123
15.0,5,2,11,1127
15.0,5,2,12,1130
15.0,5,2,13,1134
15.0,5,2,14,1137
15.0,5,2,15,1140
15.0,5,3,0,1092
15.0,5,3,1,1096
15.0,5,3,2,1100
15.0,5,3,3,1103
15.0,5,3,4,1106
15.0,5,3,5,1110
15.0,5,3,6,1113
15.0,5,3,7,1117
15.0,5,3,8,1120
15.0,5,3,9,1124
15.0,5,3,10,1127
15.0,5,3,11,1131
15.0,5,3,12,1134
15.0,5,3,13,1137
15.0,5,3,14,1141
15.0,5,3,15,1144
15.0,5,4,0,1096
15.0,5,4,1,1100
15.0,5,4,2,1103
15.0,5,4,3,1107
15.0,5,4,4,1110
15.0,5,4,5,1114
15.0,5,4,6,1117
15.0,5,4,7,1121
15.0,5,4,8,1124
15.0,5,4,9,1127
15.0,5,4,10,1131
15.0,5,4,11,1134
15.0,5,4,12,1138
15.0,5,4,13,1141
15.0,5,4,14,1145
15.0,5,4,15,1148
15.0,5,5,0,1100
15.0,5,5,1,1103
15.0,5,5,2,1107
15.0,5,5,3,1110
15.0,5,5,4,1114
15.0,5,5,5,1117
15.0,5,5,6,1121
15.0,5,5,7,1124
15.0,5,5,8,1128
15.0,5,5,9,1131
15.0,5,5,10,1135
15.0,5,5,11,1138
15.0,5,5,12,1141
15.0,5,5,13,1145
15.0,5,5,14,1148
15.0,5,5,15,1152
15.0,5,6,0,1103
15.0,5,6,1,1107
15.0,5,6,2,1110
15.0,5,6,3,1114
15.0,5,6,4,1117
15.0,5,6,5,1121
15.0,5,6,6,1124
15.0,5,6,7,1128
15.0,5,6,8,1131
15.0,5,6,9,1135
15.0,5,6,10,1138
15.0,5,6,11,1142
15.0,5,6,12,1145
15.0,5,6,13,1149
15.0,5,6,14,1152
15.0,5,6,15,1155
15.0,5,7,0,1107
15.0,5,7,1,1110
15.0,5,7,2,1114
15.0,5,7,3,1117
15.0,5,7,4,1121
15.0,5,7,5,1124
15.0,5,7,6,1128
15.0,5,7,7,1131
15.0,5,7,8,1135
15.0,5,7,9,1138
15.0,5,7,10,1142
15.0,5,7,11,1145
15.0,5,7,12,1149
15.0,5,7,13,1152
15.0,5,7,14,1156
15.0,5,7,15,1159
15.0,5,8,0,1110
15.0,5,8,1,1114
15.0,5,8,2,1117
15.0,5,8,3,1121
15.0,5,8,4,1125
15.0,5,8,5,1128
15.0,5,8,6,1132
15.0,5,8,7,1135
15.0,5,8,8,1139
15.0,5,8,9,1142
15.0,5,8,10,1146
15.0,5,8,11,1149
15.0,5,8,12,1153
15.0,5,8,13,1156
15.0,5,8,14,1159
15.0,5,8,15,1163
15.0,5,9,0,1114
15.0,5,9,1,1117
15.0,5,9,2,1121
15.0,5,9,3,1125
15.0,5,9,4,1128
15.0,5,9,5,1132
15.0,5,9,6,1135
15.0,5,9,7,1139
15.0,5,9,8,1142
15.0,5,9,9,1146
15.0,5,9,10,1149
15.0,5,9,11,1153
15.0,5,9,12,1156
15.0,5,9,13,1160
15.0,5,9,14,1163
15.0,5,9,15,1167
15.0,5,10,0,1117
15.0,5,10,1,1121
15.0,5,10,2,1125
15.0,5,10,3,1128
15.0,5,10,4,1132
15.0,5,10,5,1135
15.0,5,10,6,1139
15.0,5,10,7,1142
15.0,5,10,8,1146
15.0,5,10,9,1149
15.0,5,10,10,1153
15.0,5,10,11,1156
15.0,5,10,12,1160
15.0,5,10,13,1163
15.0,5,10,14,1167
15.0,5,10,15,1170
15.0,5,11,0,1121
15.0,5,11,1,1124
15.0,5,11,2,1128
15.0,5,11,3,1132
15.0,5,11,4,1135
15.0,5,11,5,1139
15.0,5,11,6,1142
15.0,5,11,7,1146
15.0,5,11,8,1149
15.0,5,11,9,1153
15.0,5,11,10,1156
15.0,5,11,11,1160
15.0,5,11,12,1163
15.0,5,11,13,1167
15.0,5,11,14,1170
15.0,5,11,15,1174
15.0,5,12,0,1124
15.0,5,12,1,1128
15.0,5,12,2,1132
15.0,5,12,3,1135
15.0,5,12,4,1139
15.0,5,12,5,1142
15.0,5,12,6,1146
15.0,5,12,7,1149
15.0,5,12,8,1153
15.0,5,12,9,1157
15.0,5,12,10,1160
15.0,5,12,11,1164
15.0,5,12,12,1167
15.0,5,12,13,1171
15.0,5,12,14,1174
15.0,5,12,15,1178
15.0,5,13,0,1128
15.0,5,13,1,1131
15.0,5,13,2,1135
15.0,5,13,3,1139
15.0,5,13,4,1142
15.0,5,13,5,1146
15.0,5,13,6,1149
15.0,5,13,7,1153
15.0,5,13,8,1157
15.0,5,13,9,1160
15.0,5,13,10,1164
15.0,5,13,11,1167
15.0,5,13,12,1171
15.0,5,13,13,1174
15.0,5,13,14,1178
15.0,5,13,15,1181
15.0,5,14,0,1131
15.0,5,14,1,1135
15.0,5,14,2,1139
15.0,5,14,3,1142
15.0,5,14,4,1146
15.0,5,14,5,1149
15.0,5,14,6,1153
15.0,5,14,7,1157
15.0,5,14,8,1160
15.0,5,14,9,1164
15.0,5,14,10,1167
15.0,5,14,11,1171
15.0,5,14,12,1174
15.0,5,14,13,1178
15.0,5,14,14,1181
15.0,5,14,15,1185
15.0,5,15,0,1135
15.0,5,15,1,1138
15.0,5,15,2,1142
15.0,5,15,3,1146
15.0,5,15,4,1149
15.0,5,15,5,1153
15.0,5,15,6,1157
15.0,5,15,7,1160
15.0,5,15,8,1164
15.0,5,15,9,1167
15.0,5,15,10,1171
15.0,5,15,11,1174
15.0,5,15,12,1178
15.0,5,15,13,1181
15.0,5,15,14,1185
15.0,5,15,15,1188
15.0,6,0,0,1086
15.0,6,0,1,1089
15.0,6,0,2,1093
15.0,6,0,3,1096
15.0,6,0,4,1100
15.0,6,0,5,1103
15.0,6,0,6,1107
15.0,6,0,7,1110
15.0,6,0,8,1113
15.0,6,0,9,1117
15.0,6,0,10,1120
15.0,6,0,11,1124
15.0,6,0,12,1127
15.0,6,0,13,1130
15.0,6,0,14,1134
15.0,6,0,15,1137
15.0,6,1,0,1089
15.0,6,1,1,1093
15.0,6,1,2,1096
15.0,6,1,3,1100
15.0,6,1,4,1103
15.0,6,1,5,1107
15.0,6,1,6,1110
15.0,6,1,7,1114
15.0,6,1,8,1117
15.0,6,1,9,1121
15.0,6,1,10,1124
15.0,6,1,11,1127
15.0,6,1,12,1131
15.0,6,1,13,1134
15.0,6,1,14,1138
15.0,6,1,15,1141
15.0,6,2,0,1093
15.0,6,2,1,1096
15.0,6,2,2,1100
15.0,6,2,3,1104
15.0,6,2,4,1107
15.0,6,2,5,1110
15.0,6,2,6,1114
15.0,6,2,7,1117
15.0,6,2,8,1121
15.0,6,2,9,1124
15.0,6,2,10,1128
15.0,6,2,11,1131
15.0,6,2,12,1135
15.0,6,2,13,1138
15.0,6,2,14,1141
15.0,6,2,15,1145
15.0,6,3,0,1097
15.0,6,3,1,1100
15.0,6,3,2,1104
15.0,6,3,3,1107
15.0,6,3,4,1111
15.0,6,3,5,1114
15.0,6,3,6,1118
15.0,6,3,7,1121
15.0,6,3,8,1125
15.0,6,3,9,1128
15.0,6,3,10,1131
15.0,6,3,11,1135
15.0,6,3,12,1138
15.0,6,3,13,1142
15.0,6,3,14,1145
15.0,6,3,15,1148
15.0,6,4,0,1100
15.0,6,4,1,1104
15.0,6,4,2,1107
15.0,6,4,3,1111
15.0,6,4,4,1114
15.0,6,4,5,1118
15.0,6,4,6,1121
15.0,6,4,7,1125
15.0,6,4,8,1128
15.0,6,4,9,1132
15.0,6,4,10,1135
15.0,6,4,11,1139
15.0,6,4,12,1142
15.0,6,4,13,1145
15.0,6,4,14,1149
15.0,6,4,15,1152
15.0,6,5,0,1104
15.0,6,5,1,1107
15.0,6,5,2,1111
15.0,6,5,3,1114
15.0,6,5,4,1118
15.0,6,5,5,1121
15.0,6,5,6,1125
15.0,6,5,7,1128
15.0,6,5,8,1132
15.0,6,5,9,1135
15.0,6,5,10,1139
15.0,6,5,11,1142
15.0,6,5,12,1146
15.0,6,5,13,1149
15.0,6,5,14,1153
15.0,6,5,15,1156
15.0,6,6,0,1107
15.0,6,6,1,1111
15.0,6,6,2,1114
15.0,6,6,3,1118
15.0,6,6,4,1122
15.0,6,6,5,1125
15.0,6,6,6,1129
15.0,6,6,7,1132
15.0,6,6,8,1136
15.0,6,6,9,1139
15.0,6,6,10,1143
15.0,6,6,11,1146
15.0,6,6,12,1149
15.0,6,6,13,1153
15.0,6,6,14,1156
15.0,6,6,15,1160
15.0,6,7,0,1111
15.0,6,7,1,1115
15.0,6,7,2,1118
15.0,6,7,3,1122
15.0,6,7,4,1125
15.0,6,7,5,1129
15.0,6,7,6,1132
15.0,6,7,7,1136
15.0,6,7,8,1139
15.0,6,7,9,1143
15.0,6,7,10,1146
15.0,6,7,11,1150
15.0,6,7,12,1153
15.0,6,7,13,1157
15.0,6,7,14,1160
15.0,6,7,15,1163
15.0,6,8,0,1114
15.0,6,8,1,1118
15.0,6,8,2,1122
15.0,6,8,3,1125
15.0,6,8,4,1129
15.0,6,8,5,1132
15.0,6,8,6,1136
15.0,6,8,7,1139
15.0,6,8,8,1143
15.0,6,8,9,1146
15.0,6,8,10,1150
15.0,6,8,11,1153
15.0,6,8,12,1157
15.0,6,8,13,1160
15.0,6,8,14,1164
15.0,6,8,15,1167
15.0,6,9,0,1118
15.0,6,9,1,1122
15.0,6,9,2,1125
15.0,6,9,3,1129
15.0,6,9,4,1132
15.0,6,9,5,1136
15.0,6,9,6,1139
15.0,6,9,7,1143
15.0,6,9,8,1147
15.0,6,9,9,1150
15.0,6,9,10,1154
15.0,6,9,11,1157
15.0,6,9,12,1161
15.0,6,9,13,1164
15.0,6,9,14,1167
15.0,6,9,15,1171
15.0,6,10,0,1122
15.0,6,10,1,1125
15.0,6,10,2,1129
15.0,6,10,3,1132
15.0,6,10,4,1136
15.0,6,10,5,1140
15.0,6,10,6,1143
15.0,6,10,7,1147
15.0,6,10,8,1150
15.0,6,10,9,1154
15.0,6,10,10,1157
15.0,6,10,11,1161
15.0,6,10,12,1164
15.0,6,10,13,1168
15.0,6,10,14,1171
15.0,6,10,15,1175
15.0,6,11,0,1125
15.0,6,11,1,1129
15.0,6,11,2,1132
15.0,6,11,3,1136
15.0,6,11,4,1140
15.0,6,11,5,1143
15.0,6,11,6,1147
15.0,6,11,7,1150
15.0,6,11,8,1154
15.0,6,11,9,1157
15.0,6,11,10,1161
15.0,6,11,11,1164
15.0,6,11,12,1168
15.0,6,11,13,1171
15.0,6,11,14,1175
15.0,6,11,15,1178
15.0,6,12,0,1129
15.0,6,12,1,1132
15.0,6,12,2,1136
15.0,6,12,3,1139
15.0,6,12,4,1143
15.0,6,12,5,1147
15.0,6,12,6,1150
15.0,6,12,7,1154
15.0,6,12,8,1157
15.0,6,12,9,1161
15.0,6,12,10,1164
15.0,6,12,11,1168
15.0,6,12,12,1171
15.0,6,12,13,1175
15.0,6,12,14,1178
15.0,6,12,15,1182
15.0,6,13,0,1132
15.0,6,13,1,1136
15.0,6,13,2,1139
15.0,6,13,3,1143
15.0,6,13,4,1147
15.0,6,13,5,1150
15.0,6,13,6,1154
15.0,6,13,7,1157
15.0,6,13,8,1161
15.0,6,13,9,1165
15.0,6,13,10,1168
15.0,6,13,11,1172
15.0,6,13,12,1175
15.0,6,13,13,1179
15.0,6,13,14,1182
15.0,6,13,15,1186
15.0,6,14,0,1136
15.0,6,14,1,1139
15.0,6,14,2,1143
15.0,6,14,3,1147
15.0,6,14,4,1150
15.0,6,14,5,1154
15.0,6,14,6,1157
15.0,6,14,7,1161
15.0,6,14,8,1165
15.0,6,14,9,1168
15.0,6,14,10,1172
15.0,6,14,11,1175
15.0,6,14,12,1179
15.0,6,14,13,1182
15.0,6,14,14,1186
15.0,6,14,15,1189
15.0,6,15,0,1139
15.0,6,15,1,1143
15.0,6,15,2,1146
15.0,6,15,3,1150
15.0,6,15,4,1154
15.0,6,15,5,1157
15.0,6,15,6,1161
15.0,6,15,7,1165
15.0,6,15,8,1168
15.0,6,15,9,1172
15.0,6,15,10,1175
15.0,6,15,11,1179
15.0,6,15,12,1182
15.0,6,15,13,1186
15.0,6,15,14,1189
15.0,6,15,15,1193
15.0,7,0,0,1090
15.0,7,0,1,1093
15.0,7,0,2,1097
15.0,7,0,3,1100
15.0,7,0,4,1104
15.0,7,0,5,1107
15.0,7,0,6,1111
15.0,7,0,7,1114
15.0,7,0,8,1118
15.0,7,0,9,1121
15.0,7,0,10,1124
15.0,7,0,11,1128
15.0,7,0,12,1131
15.0,7,0,13,1135
15.0,7,0,14,1138
15.0,7,0,15,1141
15.0,7,1,0,1093
15.0,7,1,1,1097
15.0,7,1,2,1100
15.0,7,1,3,1104
15.0,7,1,4,1107
15.0,7,1,5,1111
15.0,7,1,6,1114
15.0,7,1,7,1118
15.0,7,1,8,1121
15.0,7,1,9,1125
15.0,7,1,10,1128
15.0,7,1,11,1132
15.0,7,1,12,1135
15.0,7,1,13,1138
15.0,7,1,14,1142
15.0,7,1,15,1145
15.0,7,2,0,1097
15.0,7,2,1,1101
15.0,7,2,2,1104
15.0,7,2,3,1108
15.0,7,2,4,1111
15.0,7,2,5,1115
15.0,7,2,6,1118
15.0,7,2,7,1122
15.0,7,2,8,1125
15.0,7,2,9,1128
15.0,7,2,10,1132
15.0,7,2,11,1135
15.0,7,2,12,1139
15.0,7,2,13,1142
15.0,7,2,14,1146
15.0,7,2,15,1149
15.0,7,3,0,1101
15.0,7,3,1,1104
15.0,7,3,2,1108
15.0,7,3,3,1111
15.0,7,3,4,1115
15.0,7,3,5,1118
15.0,7,3,6,1122
15.0,7,3,7,1125
15.0,7,3,8,1129
15.0,7,3,9,1132
15.0,7,3,10,1136
15.0,7,3,11,1139
15.0,7,3,12,1143
15.0,7,3,13,1146
15.0,7,3,14,1149
15.0,7,3,15,1153
15.0,7,4,0,1104
15.0,7,4,1,1108
15.0,7,4,2,1111
15.0,7,4,3,1115
15.0,7,4,4,1118
15.0,7,4,5,1122
15.0,7,4,6,1125
15.0,7,4,7,1129
15.0,7,4,8,1132
15.0,7,4,9,1136
15.0,7,4,10,1139
15.0,7,4,11,1143
15.0,7,4,12,1146
15.0,7,4,13,1150
15.0,7,4,14,1153
15.0,7,4,15,1157
15.0,7,5,0,1108
15.0,7,5,1,1111
15.0,7,5,2,1115
15.0,7,5,3,1119
15.0,7,5,4,1122
15.0,7,5,5,1126
15.0,7,5,6,1129
15.0,7,5,7,1133
15.0,7,5,8,1136
15.0,7,5,9,1140
15.0,7,5,10,1143
15.0,7,5,11,1147
15.0,7,5,12,1150
15.0,7,5,13,1153
15.0,7,5,14,1157
15.0,7,5,15,1160
15.0,7,6,0,1112
15.0,7,6,1,1115
15.0,7,6,2,1119
15.0,7,6,3,1122
15.0,7,6,4,1126
15.0,7,6,5,1129
15.0,7,6,6,1133
15.0,7,6,7,1136
15.0,7,6,8,1140
15.0,7,6,9,1143
15.0,7,6,10,1147
15.0,7,6,11,1150
15.0,7,6,12,1154
15.0,7,6,13,1157
15.0,7,6,14,1161
15.0,7,6,15,1164
15.0,7,7,0,1115
15.0,7,7,1,1119
15.0,7,7,2,1122
15.0,7,7,3,1126
15.0,7,7,4,1129
15.0,7,7,5,1133
15.0,7,7,6,1136
15.0,7,7,7,1140
15.0,7,7,8,1144
15.0,7,7,9,1147
15.0,7,7,10,1151
15.0,7,7,11,1154
15.0,7,7,12,1157
15.0,7,7,13,1161
15.0,7,7,14,1164
15.0,7,7,15,1168
15.0,7,8,0,1119
15.0,7,8,1,1122
15.0,7,8,2,1126
15.0,7,8,3,1129
15.0,7,8,4,1133
15.0,7,8,5,1137
15.0,7,8,6,1140
15.0,7,8,7,1144
15.0,7,8,8,1147
15.0,7,8,9,1151
15.0,7,8,10,1154
15.0,7,8,11,1158
15.0,7,8,12,1161
15.0,7,8,13,1165
15.0,7,8,14,1168
15.0,7,8,15,1172
15.0,7,9,0,1122
15.0,7,9,1,1126
15.0,7,9,2,1129
15.0,7,9,3,1133
15.0,7,9,4,1137
15.0,7,9,5,1140
15.0,7,9,6,1144
15.0,7,9,7,1147
15.0,7,9,8,1151
15.0,7,9,9,1154
15.0,7,9,10,1158
15.0,7,9,11,1161
15.0,7,9,12,1165
15.0,7,9,13,1168
15.0,7,9,14,1172
15.0,7,9,15,1175
15.0,7,10,0,1126
15.0,7,10,1,1129
15.0,7,10,2,1133
15.0,7,10,3,1137
15.0,7,10,4,1140
15.0,7,10,5,1144
15.0,7,10,6,1147
15.0,7,10,7,1151
15.0,7,10,8,1154
15.0,7,10,9,1158
15.0,7,10,10,1162
15.0,7,10,11,1165
15.0,7,10,12,1169
15.0,7,10,13,1172
15.0,7,10,14,1176
15.0,7,10,15,1179
15.0,7,11,0,1129
15.0,7,11,1,1133
15.0,7,11,2,1137
15.0,7,11,3,1140
15.0,7,11,4,1144
15.0,7,11,5,1147
15.0,7,11,6,1151
15.0,7,11,7,1155
15.0,7,11,8,1158
15.0,7,11,9,1162
15.0,7,11,10,1165
15.0,7,11,11,1169
15.0,7,11,12,1172
15.0,7,11,13,1176
15.0,7,11,14,1179
15.0,7,11,15,1183
15.0,7,12,0,1133
15.0,7,12,1,1136
15.0,7,12,2,1140
15.0,7,12,3,1144
15.0,7,12,4,1147
15.0,7,12,5,1151
15.0,7,12,6,1155
15.0,7,12,7,1158
15.0,7,12,8,1162
15.0,7,12,9,1165
15.0,7,12,10,1169
15.0,7,12,11,1172
15.0,7,12,12,1176
15.0,7,12,13,1179
15.0,7,12,14,1183
15.0,7,12,15,1186
15.0,7,13,0,1136
15.0,7,13,1,1140
15.0,7,13,2,1144
15.0,7,13,3,1147
15.0,7,13,4,1151
15.0,7,13,5,1155
15.0,7,13,6,1158
15.0,7,13,7,1162
15.0,7,13,8,1165
15.0,7,13,9,1169
15.0,7,13,10,1172
15.0,7,13,11,1176
15.0,7,13,12,1180
15.0,7,13,13,1183
15.0,7,13,14,1187
15.0,7,13,15,1190
15.0,7,14,0,1140
15.0,7,14,1,1144
15.0,7,14,2,1147
15.0,7,14,3,1151
15.0,7,14,4,1154
15.0,7,14,5,1158
15.0,7,14,6,1162
15.0,7,14,7,1165
15.0,7,14,8,1169
15.0,7,14,9,1172
15.0,7,14,10,1176
15.0,7,14,11,1180
15.0,7,14,12,1183
15.0,7,14,13,1187
15.0,7,14,14,1190
15.0,7,14,15,1194
15.0,7,15,0,1143
15.0,7,15,1,1147
15.0,7,15,2,1151
15.0,7,15,3,1154
15.0,7,15,4,1158
15.0,7,15,5,1162
15.0,7,15,6,1165
15.0,7,15,7,1169
15.0,7,15,8,1172
15.0,7,15,9,1176
15.0,7,15,10,1180
15.0,7,15,11,1183
15.0,7,15,12,1187
15.0,7,15,13,1190
15.0,7,15,14,1194
15.0,7,15,15,1197
15.0,8,0,0,1094
15.0,8,0,1,1097
15.0,8,0,2,1101
15.0,8,0,3,1104
15.0,8,0,4,1108
15.0,8,0,5,1111
15.0,8,0,6,1115
15.0,8,0,7,1118
15.0,8,0,8,1122
15.0,8,0,9,1125
15.0,8,0,10,1129
15.0,8,0,11,1132
15.0,8,0,12,1135
15.0,8,0,13,1139
15.0,8,0,14,1142
15.0,8,0,15,1146
15.0,8,1,0,1098
15.0,8,1,1,1101
15.0,8,1,2,1105
15.0,8,1,3,1108
15.0,8,1,4,1112
15.0,8,1,5,1115
15.0,8,1,6,1119
15.0,8,1,7,1122
15.0,8,1,8,1125
15.0,8,1,9,1129
15.0,8,1,10,1132
15.0,8,1,11,1136
15.0,8,1,12,1139
15.0,8,1,13,1143
15.0,8,1,14,1146
15.0,8,1,15,1149
15.0,8,2,0,1101
15.0,8,2,1,1105
15.0,8,2,2,1108
15.0,8,2,3,1112
15.0,8,2,4,1115
15.0,8,2,5,1119
15.0,8,2,6,1122
15.0,8,2,7,1126
15.0,8,2,8,1129
15.0,8,2,9,1133
15.0,8,2,10,1136
15.0,8,2,11,1140
15.0,8,2,12,1143
15.0,8,2,13,1146
15.0,8,2,14,1150
15.0,8,2,15,1153
15.0,8,3,0,1105
15.0,8,3,1,1108
15.0,8,3,2,1112
15.0,8,3,3,1115
15.0,8,3,4,1119
15.0,8,3,5,1122
15.0,8,3,6,1126
15.0,8,3,7,1129
15.0,8,3,8,1133
15.0,8,3,9,1136
15.0,8,3,10,1140
15.0,8,3,11,1143
15.0,8,3,12,1147
15.0,8,3,13,1150
15.0,8,3,14,1154
15.0,8,3,15,1157
15.0,8,4,0,1108
15.0,8,4,1,1112
15.0,8,4,2,1116
15.0,8,4,3,1119
15.0,8,4,4,1123
15.0,8,4,5,1126
15.0,8,4,6,1130
15.0,8,4,7,1133
15.0,8,4,8,1137
15.0,8,4,9,1140
15.0,8,4,10,1144
15.0,8,4,11,1147
15.0,8,4,12,1151
15.0,8,4,13,1154
15.0,8,4,14,1157
15.0,8,4,15,1161
15.0,8,5,0,1112
15.0,8,5,1,1116
15.0,8,5,2,1119
15.0,8,5,3,1123
15.0,8,5,4,1126
15.0,8,5,5,1130
15.0,8,5,6,1133
15.0,8,5,7,1137
15.0,8,5,8,1140
15.0,8,5,9,1144
15.0,8,5,10,1147
15.0,8,5,11,1151
15.0,8,5,12,1154
15.0,8,5,13,1158
15.0,8,5,14,1161
15.0,8,5,15,1165
15.0,8,6,0,1116
15.0,8,6,1,1119
15.0,8,6,2,1123
15.0,8,6,3,1126
15.0,8,6,4,1130
15.0,8,6,5,1134
15.0,8,6,6,1137
15.0,8,6,7,1141
15.0,8,6,8,1144
15.0,8,6,9,1148
15.0,8,6,10,1151
15.0,8,6,11,1155
15.0,8,6,12,1158
15.0,8,6,13,1162
15.0,8,6,14,1165
15.0,8,6,15,1168
15.0,8,7,0,1119
15.0,8,7,1,1123
15.0,8,7,2,1126
15.0,8,7,3,1130
15.0,8,7,4,1134
15.0,8,7,5,1137
15.0,8,7,6,1141
15.0,8,7,7,1144
15.0,8,7,8,1148
15.0,8,7,9,1151
15.0,8,7,10,1155
15.0,8,7,11,1158
15.0,8,7,12,1162
15.0,8,7,13,1165
15.0,8,7,14,1169
15.0,8,7,15,1172
15.0,8,8,0,1123
15.0,8,8,1,1126
15.0,8,8,2,1130
15.0,8,8,3,1134
15.0,8,8,4,1137
15.0,8,8,5,1141
15.0,8,8,6,1144
15.0,8,8,7,1148
15.0,8,8,8,1151
15.0,8,8,9,1155
15.0,8,8,10,1159
15.0,8,8,11,1162
15.0,8,8,12,1166
15.0,8,8,13,1169
15.0,8,8,14,1172
15.0,8,8,15,1176
15.0,8,9,0,1126
15.0,8,9,1,1130
15.0,8,9,2,1134
15.0,8,9,3,1137
15.0,8,9,4,1141
15.0,8,9,5,1144
15.0,8,9,6,1148
15.0,8,9,7,1152
15.0,8,9,8,1155
15.0,8,9,9,1159
15.0,8,9,10,1162
15.0,8,9,11,1166
15.0,8,9,12,1169
15.0,8,9,13,1173
15.0,8,9,14,1176
15.0,8,9,15,1180
15.0,8,10,0,1130
15.0,8,10,1,1134
15.0,8,10,2,1137
15.0,8,10,3,1141
15.0,8,10,4,1144
15.0,8,10,5,1148
15.0,8,10,6,1152
15.0,8,10,7,1155
15.0,8,10,8,1159
15.0,8,10,9,1162
15.0,8,10,10,1166
15.0,8,10,11,1169
15.0,8,10,12,1173
15.0,8,10,13,1176
15.0,8,10,14,1180
15.0,8,10,15,1183
15.0,8,11,0,1134
15.0,8,11,1,1137
15.0,8,11,2,1141
15.0,8,11,3,1144
15.0,8,11,4,1148
15.0,8,11,5,1152
15.0,8,11,6,1155
15.0,8,11,7,1159
15.0,8,11,8,1162
15.0,8,11,9,1166
15.0,8,11,10,1170
15.0,8,11,11,1173
15.0,8,11,12,1177
15.0,8,11,13,1180
15.0,8,11,14,1184
15.0,8,11,15,1187
15.0,8,12,0,1137
15.0,8,12,1,1141
15.0,8,12,2,1144
15.0,8,12,3,1148
15.0,8,12,4,1152
15.0,8,12,5,1155
15.0,8,12,6,1159
15.0,8,12,7,1162
15.0,8,12,8,1166
15.0,8,12,9,1170
15.0,8,12,10,1173
15.0,8,12,11,1177
15.0,8,12,12,1180
15.0,8,12,13,1184
15.0,8,12,14,1187
15.0,8,12,15,1191
15.0,8,13,0,1141
15.0,8,13,1,1144
15.0,8,13,2,1148
15.0,8,13,3,1152
15.0,8,13,4,1155
15.0,8,13,5,1159
15.0,8,13,6,1162
15.0,8,13,7,1166
15.0,8,13,8,1170
15.0,8,13,9,1173
15.0,8,13,10,1177
15.0,8,13,11,1180
15.0,8,13,12,1184
15.0,8,13,13,1187
15.0,8,13,14,1191
15.0,8,13,15,1195
15.0,8,14,0,1144
15.0,8,14,1,1148
15.0,8,14,2,1151
15.0,8,14,3,1155
15.0,8,14,4,1159
15.0,8,14,5,1162
15.0,8,14,6,1166
15.0,8,14,7,1170
15.0,8,14,8,1173
15.0,8,14,9,1177
15.0,8,14,10,1180
15.0,8,14,11,1184
15.0,8,14,12,1188
15.0,8,14,13,1191
15.0,8,14,14,1195
15.0,8,14,15,1198
15.0,8,15,0,1148
15.0,8,15,1,1151
15.0,8,15,2,1155
15.0,8,15,3,1159
15.0,8,15,4,1162
15.0,8,15,5,1166
15.0,8,15,6,1170
15.0,8,15,7,1173
15.0,8,15,8,1177
15.0,8,15,9,1180
15.0,8,15,10,1184
15.0,8,15,11,1188
15.0,8,15,12,1191
15.0,8,15,13,1195
15.0,8,15,14,1198
15.0,8,15,15,1202
15.0,9,0,0,1098
15.0,9,0,1,1101
15.0,9,0,2,1105
15.0,9,0,3,1108
15.0,9,0,4,1112
15.0,9,0,5,1115
15.0,9,0,6,1119
15.0,9,0,7,1122
15.0,9,0,8,1126
15.0,9,0,9,1129
15.0,9,0,10,1133
15.0,9,0,11,1136
15.0,9,0,12,1140
15.0,9,0,13,1143
15.0,9,0,14,1146
15.0,9,0,15,1150
15.0,9,1,0,1102
15.0,9,1,1,1105
15.0,9,1,2,1109
15.0,9,1,3,1112
15.0,9,1,4,1116
15.0,9,1,5,1119
15.0,9,1,6,1123
15.0,9,1,7,1126
15.0,9,1,8,1130
15.0,9,1,9,1133
15.0,9,1,10,1137
15.0,9,1,11,1140
15.0,9,1,12,1143
15.0,9,1,13,1147
15.0,9,1,14,1150
15.0,9,1,15,1154
15.0,9,2,0,1105
15.0,9,2,1,1109
15.0,9,2,2,1112
15.0,9,2,3,1116
15.0,9,2,4,1119
15.0,9,2,5,1123
15.0,9,2,6,1126
15.0,9,2,7,1130
15.0,9,2,8,1133
15.0,9,2,9,1137
15.0,9,2,10,1140
15.0,9,2,11,1144
15.0,9,2,12,1147
15.0,9,2,13,1151
15.0,9,2,14,1154
15.0,9,2,15,1158
15.0,9,3,0,1109
15.0,9,3,1,1112
15.0,9,3,2,1116
15.0,9,3,3,1120
15.0,9,3,4,1123
15.0,9,3,5,1127
15.0,9,3,6,1130
15.0,9,3,7,1134
15.0,9,3,8,1137
15.0,9,3,9,1141
15.0,9,3,10,1144
15.0,9,3,11,1148
15.0,9,3,12,1151
15.0,9,3,13,1155
15.0,9,3,14,1158
15.0,9,3,15,1161
15.0,9,4,0,1113
15.0,9,4,1,1116
15.0,9,4,2,1120
15.0,9,4,3,1123
15.0,9,4,4,1127
15.0,9,4,5,1130
15.0,9,4,6,1134
15.0,9,4,7,1137
15.0,9,4,8,1141
15.0,9,4,9,1144
15.0,9,4,10,1148
15.0,9,4,11,1151
15.0,9,4,12,1155
15.0,9,4,13,1158
15.0,9,4,14,1162
15.0,9,4,15,1165
15.0,9,5,0,1116
15.0,9,5,1,1120
15.0,9,5,2,1123
15.0,9,5,3,1127
15.0,9,5,4,1131
15.0,9,5,5,1134
15.0,9,5,6,1138
15.0,9,5,7,1141
15.0,9,5,8,1145
15.0,9,5,9,1148
15.0,9,5,10,1152
15.0,9,5,11,1155
15.0,9,5,12,1159
15.0,9,5,13,1162
15.0,9,5,14,1166
15.0,9,5,15,1169
15.0,9,6,0,1120
15.0,9,6,1,1123
15.0,9,6,2,1127
15.0,9,6,3,1131
15.0,9,6,4,1134
15.0,9,6,5,1138
15.0,9,6,6,1141
15.0,9,6,7,1145
15.0,9,6,8,1148
15.0,9,6,9,1152
15.0,9,6,10,1155
15.0,9,6,11,1159
15.0,9,6,12,1162
15.0,9,6,13,1166
15.0,9,6,14,1169
15.0,9,6,15,1173
15.0,9,7,0,1123
15.0,9,7,1,1127
15.0,9,7,2,1131
15.0,9,7,3,1134
15.0,9,7,4,1138
15.0,9,7,5,1141
15.0,9,7,6,1145
15.0,9,7,7,1149
15.0,9,7,8,1152
15.0,9,7,9,1156
15.0,9,7,10,1159
15.0,9,7,11,1163
15.0,9,7,12,1166
15.0,9,7,13,1170
15.0,9,7,14,1173
15.0,9,7,15,1177
15.0,9,8,0,1127
15.0,9,8,1,1131
15.0,9,8,2,1134
15.0,9,8,3,1138
15.0,9,8,4,1141
15.0,9,8,5,1145
15.0,9,8,6,1149
15.0,9,8,7,1152
15.0,9,8,8,1156
15.0,9,8,9,1159
15.0,9,8,10,1163
15.0,9,8,11,1166
15.0,9,8,12,1170
15.0,9,8,13,1173
15.0,9,8,14,1177
15.0,9,8,15,1180
15.0,9,9,0,1131
15.0,9,9,1,1134
15.0,9,9,2,1138
15.0,9,9,3,1141
15.0,9,9,4,1145
15.0,9,9,5,1149
15.0,9,9,6,1152
15.0,9,9,7,1156
15.0,9,9,8,1159
15.0,9,9,9,1163
15.0,9,9,10,1167
15.0,9,9,11,1170
15.0,9,9,12,1174
15.0,9,9,13,1177
15.0,9,9,14,1181
15.0,9,9,15,1184
15.0,9,10,0,1134
15.0,9,10,1,1138
15.0,9,10,2,1141
15.0,9,10,3,1145
15.0,9,10,4,1149
15.0,9,10,5,1152
15.0,9,10,6,1156
15.0,9,10,7,1160
15.0,9,10,8,1163
15.0,9,10,9,1167
15.0,9,10,10,1170
15.0,9,10,11,1174
15.0,9,10,12,1177
15.0,9,10,13,1181
15.0,9,10,14,1184
15.0,9,10,15,1188
15.0,9,11,0,1138
15.0,9,11,1,1141
15.0,9,11,2,1145
15.0,9,11,3,1149
15.0,9,11,4,1152
15.0,9,11,5,1156
15.0,9,11,6,1160
15.0,9,11,7,1163
15.0,9,11,8,1167
15.0,9,11,9,1170
15.0,9,11,10,1174
15.0,9,11,11,1177
15.0,9,11,12,1181
15.0,9,11,13,1185
15.0,9,11,14,1188
15.0,9,11,15,1192
15.0,9,12,0,1141
15.0,9,12,1,1145
15.0,9,12,2,1149
15.0,9,12,3,1152
15.0,9,12,4,1156
15.0,9,12,5,1160
15.0,9,12,6,1163
15.0,9,12,7,1167
15.0,9,12,8,1170
15.0,9,12,9,1174
15.0,9,12,10,1178
15.0,9,12,11,1181
15.0,9,12,12,1185
15.0,9,12,13,1188
15.0,9,12,14,1192
15.0,9,12,15,1195
15.0,9,13,0,1145
15.0,9,13,1,1149
15.0,9,13,2,1152
15.0,9,13,3,1156
15.0,9,13,4,1160
15.0,9,13,5,1163
15.0,9,13,6,1167
15.0,9,13,7,1170
15.0,9,13,8,1174
15.0,9,13,9,1178
15.0,9,13,10,1181
15.0,9,13,11,1185
15.0,9,13,12,1188
15.0,9,13,13,1192
15.0,9,13,14,1195
15.0,9,13,15,1199
15.0,9,14,0,1148
15.0,9,14,1,1152
15.0,9,14,2,1156
15.0,9,14,3,1159
15.0,9,14,4,1163
15.0,9,14,5,1167
15.0,9,14,6,1170
15.0,9,14,7,1174
15.0,9,14,8,1178
15.0,9,14,9,1181
15.0,9,14,10,1185
15.0,9,14,11,1188
15.0,9,14,12,1192
15.0,9,14,13,1196
15.0,9,14,14,1199
15.0,9,14,15,1203
15.0,9,15,0,1152
15.0,9,15,1,1156
15.0,9,15,2,1159
15.0,9,15,3,1163
15.0,9,15,4,1167
15.0,9,15,5,1170
15.0,9,15,6,1174
15.0,9,15,7,1178
15.0,9,15,8,1181
15.0,9,15,9,1185
15.0,9,15,10,1188
15.0,9,15,11,1192
15.0,9,15,12,1196
15.0,9,15,13,1199
15.0,9,15,14,1203
15.0,9,15,15,1206
15.0,10,0,0,1102
15.0,10,0,1,1106
15.0,10,0,2,1109
15.0,10,0,3,1113
15.0,10,0,4,1116
15.0,10,0,5,1120
15.0,10,0,6,1123
15.0,10,0,7,1127
15.0,10,0,8,1130
15.0,10,0,9,1134
15.0,10,0,10,1137
15.0,10,0,11,1140
15.0,10,0,12,1144
15.0,10,0,13,1147
15.0,10,0,14,1151
15.0,10,0,15,1154
15.0,10,1,0,1106
15.0,10,1,1,1109
15.0,10,1,2,1113
15.0,10,1,3,1116
15.0,10,1,4,1120
15.0,10,1,5,1123
15.0,10,1,6,1127
15.0,10,1,7,1130
15.0,10,1,8,1134
15.0,10,1,9,1137
15.0,10,1,10,1141
15.0,10,1,11,1144
15.0,10,1,12,1148
15.0,10,1,13,1151
15.0,10,1,14,1155
15.0,10,1,15,1158
15.0,10,2,0,1109
15.0,10,2,1,1113
15.0,10,2,2,1116
15.0,10,2,3,1120
15.0,10,2,4,1124
15.0,10,2,5,1127
15.0,10,2,6,1131
15.0,10,2,7,1134
15.0,10,2,8,1138
15.0,10,2,9,1141
15.0,10,2,10,1145
15.0,10,2,11,1148
15.0,10,2,12,1152
15.0,10,2,13,1155
15.0,10,2,14,1158
15.0,10,2,15,1162
15.0,10,3,0,1113
15.0,10,3,1,1117
15.0,10,3,2,1120
15.0,10,3,3,1124
15.0,10,3,4,1127
15.0,10,3,5,1131
15.0,10,3,6,1134
15.0,10,3,7,1138
15.0,10,3,8,1141
15.0,10,3,9,1145
15.0,10,3,10,1148
15.0,10,3,11,1152
15.0,10,3,12,1155
15.0,10,3,13,1159
15.0,10,3,14,1162
15.0,10,3,15,1166
15.0,10,4,0,1117
15.0,10,4,1,1120
15.0,10,4,2,1124
15.0,10,4,3,1127
15.0,10,4,4,1131
15.0,10,4,5,1135
15.0,10,4,6,1138
15.0,10,4,7,1142
15.0,10,4,8,1145
15.0,10,4,9,1149
15.0,10,4,10,1152
15.0,10,4,11,1156
15.0,10,4,12,1159
15.0,10,4,13,1163
15.0,10,4,14,1166
15.0,10,4,15,1169
15.0,10,5,0,1120
15.0,10,5,1,1124
15.0,10,5,2,1128
15.0,10,5,3,1131
15.0,10,5,4,1135
15.0,10,5,5,1138
15.0,10,5,6,1142
15.0,10,5,7,1145
15.0,10,5,8,1149
15.0,10,5,9,1152
15.0,10,5,10,1156
15.0,10,5,11,1159
15.0,10,5,12,1163
15.0,10,5,13,1166
15.0,10,5,14,1170
15.0,10,5,15,1173
15.0,10,6,0,1124
15.0,10,6,1,1128
15.0,10,6,2,1131
15.0,10,6,3,1135
15.0,10,6,4,1138
15.0,10,6,5,1142
15.0,10,6,6,1146
15.0,10,6,7,1149
15.0,10,6,8,1153
15.0,10,6,9,1156
15.0,10,6,10,1160
15.0,10,6,11,1163
15.0,10,6,12,1167
15.0,10,6,13,1170
15.0,10,6,14,1174
15.0,10,6,15,1177
15.0,10,7,0,1128
15.0,10,7,1,1131
15.0,10,7,2,1135
15.0,10,7,3,1138
15.0,10,7,4,1142
15.0,10,7,5,1146
15.0,10,7,6,1149
15.0,10,7,7,1153
15.0,10,7,8,1156
15.0,10,7,9,1160
15.0,10,7,10,1163
15.0,10,7,11,1167
15.0,10,7,12,1170
15.0,10,7,13,1174
15.0,10,7,14,1177
15.0,10,7,15,1181
15.0,10,8,0,1131
15.0,10,8,1,1135
15.0,10,8,2,1138
15.0,10,8,3,1142
15.0,10,8,4,1146
15.0,10,8,5,1149
15.0,10,8,6,1153
15.0,10,8,7,1156
15.0,10,8,8,1160
15.0,10,8,9,1164
15.0,10,8,10,1167
15.0,10,8,11,1171
15.0,10,8,12,1174
15.0,10,8,13,1178
15.0,10,8,14,1181
15.0,10,8,15,1185
15.0,10,9,0,1135
15.0,10,9,1,1138
15.0,10,9,2,1142
15.0,10,9,3,1146
15.0,10,9,4,1149
15.0,10,9,5,1153
15.0,10,9,6,1157
15.0,10,9,7,1160
15.0,10,9,8,1164
15.0,10,9,9,1167
15.0,10,9,10,1171
15.0,10,9,11,1174
15.0,10,9,12,1178
15.0,10,9,13,1181
15.0,10,9,14,1185
15.0,10,9,15,1188
15.0,10,10,0,1138
15.0,10,10,1,1142
15.0,10,10,2,1146
15.0,10,10,3,1149
15.0,10,10,4,1153
15.0,10,10,5,1157
15.0,10,10,6,1160
15.0,10,10,7,1164
15.0,10,10,8,1167
15.0,10,10,9,1171
15.0,10,10,10,1175
15.0,10,10,11,1178
15.0,10,10,12,1182
15.0,10,10,13,1185
15.0,10,10,14,1189
15.0,10,10,15,1192
15.0,10,11,0,1142
15.0,10,11,1,1146
15.0,10,11,2,1149
15.0,10,11,3,1153
15.0,10,11,4,1157
15.0,10,11,5,1160
15.0,10,11,6,1164
15.0,10,11,7,1167
15.0,10,11,8,1171
15.0,10,11,9,1175
15.0,10,11,10,1178
15.0,10,11,11,1182
15.0,10,11,12,1185
15.0,10,11,13,1189
15.0,10,11,14,1192
15.0,10,11,15,1196
15.0,10,12,0,1146
15.0,10,12,1,1149
15.0,10,12,2,1153
15.0,10,12,3,1157
15.0,10,12,4,1160
15.0,10,12,5,1164
15.0,10,12,6,1167
15.0,10,12,7,1171
15.0,10,12,8,1175
15.0,10,12,9,1178
15.0,10,12,10,1182
15.0,10,12,11,1185
15.0,10,12,12,1189
15.0,10,12,13,1193
15.0,10,12,14,1196
15.0,10,12,15,1200
15.0,10,13,0,1149
15.0,10,13,1,1153
15.0,10,13,2,1156
15.0,10,13,3,1160
15.0,10,13,4,1164
15.0,10,13,5,1167
15.0,10,13,6,1171
15.0,10,13,7,1175
15.0,10,13,8,1178
15.0,10,13,9,1182
15.0,10,13,10,1186
15.0,10,13,11,1189
15.0,10,13,12,1193
15.0,10,13,13,1196
15.0,10,13,14,1200
15.0,10,13,15,1203
15.0,10,14,0,1153
15.0,10,14,1,1156
15.0,10,14,2,1160
15.0,10,14,3,1164
15.0,10,14,4,1167
15.0,10,14,5,1171
15.0,10,14,6,1175
15.0,10,14,7,1178
15.0,10,14,8,1182
15.0,10,14,9,1186
15.0,10,14,10,1189
15.0,10,14,11,1193
15.0,10,14,12,1196
15.0,10,14,13,1200
15.0,10,14,14,1204
15.0,10,14,15,1207
15.0,10,15,0,1156
15.0,10,15,1,1160
15.0,10,15,2,1164
15.0,10,15,3,1167
15.0,10,15,4,1171
15.0,10,15,5,1175
15.0,10,15,6,1178
15.0,10,15,7,1182
15.0,10,15,8,1186
15.0,10,15,9,1189
15.0,10,15,10,1193
15.0,10,15,11,1196
15.0,10,15,12,1200
15.0,10,15,13,1204
15.0,10,15,14,1207
15.0,10,15,15,1211
15.0,11,0,0,1106
15.0,11,0,1,1110
15.0,11,0,2,1113
15.0,11,0,3,1117
15.0,11,0,4,1120
15.0,11,0,5,1124
15.0,11,0,6,1127
15.0,11,0,7,1131
15.0,11,0,8,1134
15.0,11,0,9,1138
15.0,11,0,10,1141
15.0,11,0,11,1145
15.0,11,0,12,1148
15.0,11,0,13,1152
15.0,11,0,14,1155
15.0,11,0,15,1158
15.0,11,1,0,1110
15.0,11,1,1,1113
15.0,11,1,2,1117
15.0,11,1,3,1120
15.0,11,1,4,1124
15.0,11,1,5,1128
15.0,11,1,6,1131
15.0,11,1,7,1135
15.0,11,1,8,1138
15.0,11,1,9,1142
15.0,11,1,10,1145
15.0,11,1,11,1148
15.0,11,1,12,1152
15.0,11,1,13,1155
15.0,11,1,14,1159
15.0,11,1,15,1162
15.0,11,2,0,1113
15.0,11,2,1,1117
15.0,11,2,2,1121
15.0,11,2,3,1124
15.0,11,2,4,1128
15.0,11,2,5,1131
15.0,11,2,6,1135
15.0,11,2,7,1138
15.0,11,2,8,1142
15.0,11,2,9,1145
15.0,11,2,10,1149
15.0,11,2,11,1152
15.0,11,2,12,1156
15.0,11,2,13,1159
15.0,11,2,14,1163
15.0,11,2,15,1166
15.0,11,3,0,1117
15.0,11,3,1,1121
15.0,11,3,2,1124
15.0,11,3,3,1128
15.0,11,3,4,1131
15.0,11,3,5,1135
15.0,11,3,6,1139
15.0,11,3,7,1142
15.0,11,3,8,1146
15.0,11,3,9,1149
15.0,11,3,10,1153
15.0,11,3,11,1156
15.0,11,3,12,1160
15.0,11,3,13,1163
15.0,11,3,14,1167
15.0,11,3,15,1170
15.0,11,4,0,1121
15.0,11,4,1,1124
15.0,11,4,2,1128
15.0,11,4,3,1132
15.0,11,4,4,1135
15.0,11,4,5,1139
15.0,11,4,6,1142
15.0,11,4,7,1146
15.0,11,4,8,1149
15.0,11,4,9,1153
15.0,11,4,10,1156
15.0,11,4,11,1160
15.0,11,4,12,1163
15.0,11,4,13,1167
15.0,11,4,14,1170
15.0,11,4,15,1174
15.0,11,5,0,1124
15.0,11,5,1,1128
15.0,11,5,2,1132
15.0,11,5,3,1135
15.0,11,5,4,1139
15.0,11,5,5,1142
15.0,11,5,6,1146
15.0,11,5,7,1150
15.0,11,5,8,1153
15.0,11,5,9,1157
15.0,11,5,10,1160
15.0,11,5,11,1164
15.0,11,5,12,1167
15.0,11,5,13,1171
15.0,11,5,14,1174
15.0,11,5,15,1178
15.0,11,6,0,1128
15.0,11,6,1,1132
15.0,11,6,2,1135
15.0,11,6,3,1139
15.0,11,6,4,1143
15.0,11,6,5,1146
15.0,11,6,6,1150
15.0,11,6,7,1153
15.0,11,6,8,1157
15.0,11,6,9,1160
15.0,11,6,10,1164
15.0,11,6,11,1167
15.0,11,6,12,1171
15.0,11,6,13,1174
15.0,11,6,14,1178
15.0,11,6,15,1181
15.0,11,7,0,1132
15.0,11,7,1,1135
15.0,11,7,2,1139
15.0,11,7,3,1143
15.0,11,7,4,1146
15.0,11,7,5,1150
15.0,11,7,6,1153
15.0,11,7,7,1157
15.0,11,7,8,1161
15.0,11,7,9,1164
15.0,11,7,10,1168
15.0,11,7,11,1171
15.0,11,7,12,1175
15.0,11,7,13,1178
15.0,11,7,14,1182
15.0,11,7,15,1185
15.0,11,8,0,1135
15.0,11,8,1,1139
15.0,11,8,2,1143
15.0,11,8,3,1146
15.0,11,8,4,1150
15.0,11,8,5,1154
15.0,11,8,6,1157
15.0,11,8,7,1161
15.0,11,8,8,1164
15.0,11,8,9,1168
15.0,11,8,10,1171
15.0,11,8,11,1175
15.0,11,8,12,1179
15.0,11,8,13,1182
15.0,11,8,14,1186
15.0,11,8,15,1189
15.0,11,9,0,1139
15.0,11,9,1,1143
15.0,11,9,2,1146
15.0,11,9,3,1150
15.0,11,9,4,1154
15.0,11,9,5,1157
15.0,11,9,6,1161
15.0,11,9,7,1164
15.0,11,9,8,1168
15.0,11,9,9,1172
15.0,11,9,10,1175
15.0,11,9,11,1179
15.0,11,9,12,1182
15.0,11,9,13,1186
15.0,11,9,14,1189
15.0,11,9,15,1193
15.0,11,10,0,1143
15.0,11,10,1,1146
15.0,11,10,2,1150
15.0,11,10,3,1154
15.0,11,10,4,1157
15.0,11,10,5,1161
15.0,11,10,6,1164
15.0,11,10,7,1168
15.0,11,10,8,1172
15.0,11,10,9,1175
15.0,11,10,10,1179
15.0,11,10,11,1182
15.0,11,10,12,1186
15.0,11,10,13,1190
15.0,11,10,14,1193
15.0,11,10,15,1197
15.0,11,11,0,1146
15.0,11,11,1,1150
15.0,11,11,2,1154
15.0,11,11,3,1157
15.0,11,11,4,1161
15.0,11,11,5,1165
15.0,11,11,6,1168
15.0,11,11,7,1172
15.0,11,11,8,1175
15.0,11,11,9,1179
15.0,11,11,10,1183
15.0,11,11,11,1186
15.0,11,11,12,1190
15.0,11,11,13,1193
15.0,11,11,14,1197
15.0,11,11,15,1200
15.0,11,12,0,1150
15.0,11,12,1,1153
15.0,11,12,2,1157
15.0,11,12,3,1161
15.0,11,12,4,1164
15.0,11,12,5,1168
15.0,11,12,6,1172
15.0,11,12,7,1175
15.0,11,12,8,1179
15.0,11,12,9,1183
15.0,11,12,10,1186
15.0,11,12,11,1190
15.0,11,12,12,1193
15.0,11,12,13,1197
15.0,11,12,14,1201
15.0,11,12,15,1204
15.0,11,13,0,1153
15.0,11,13,1,1157
15.0,11,13,2,1161
15.0,11,13,3,1164
15.0,11,13,4,1168
15.0,11,13,5,1172
15.0,11,13,6,1175
15.0,11,13,7,1179
15.0,11,13,8,1183
15.0,11,13,9,1186
15.0,11,13,10,1190
15.0,11,13,11,1194
15.0,11,13,12,1197
15.0,11,13,13,1201
15.0,11,13,14,1204
15.0,11,13,15,1208
15.0,11,14,0,1157
15.0,11,14,1,1161
15.0,11,14,2,1164
15.0,11,14,3,1168
15.0,11,14,4,1172
15.0,11,14,5,1175
15.0,11,14,6,1179
15.0,11,14,7,1183
15.0,11,14,8,1186
15.0,11,14,9,1190
15.0,11,14,10,1194
15.0,11,14,11,1197
15.0,11,14,12,1201
15.0,11,14,13,1204
15.0,11,14,14,1208
15.0,11,14,15,1212
15.0,11,15,0,1160
15.0,11,15,1,1164
15.0,11,15,2,1168
15.0,11,15,3,1172
15.0,11,15,4,1175
15.0,11,15,5,1179
15.0,11,15,6,1183
15.0,11,15,7,1186
15.0,11,15,8,1190
15.0,11,15,9,1194
15.0,11,15,10,1197
15.0,11,15,11,1201
15.0,11,15,12,1205
15.0,11,15,13,1208
15.0,11,15,14,1212
15.0,11,15,15,1215
15.0,12,0,0,1110
15.0,12,0,1,1114
15.0,12,0,2,1117
15.0,12,0,3,1121
15.0,12,0,4,1124
15.0,12,0,5,1128
15.0,12,0,6,1131
15.0,12,0,7,1135
15.0,12,0,8,1138
15.0,12,0,9,1142
15.0,12,0,10,1145
15.0,12,0,11,1149
15.0,12,0,12,1152
15.0,12,0,13,1156
15.0,12,0,14,1159
15.0,12,0,15,1163
15.0,12,1,0,1114
15.0,12,1,1,1117
15.0,12,1,2,1121
15.0,12,1,3,1125
15.0,12,1,4,1128
15.0,12,1,5,1132
15.0,12,1,6,1135
15.0,12,1,7,1139
15.0,12,1,8,1142
15.0,12,1,9,1146
15.0,12,1,10,1149
15.0,12,1,11,1153
15.0,12,1,12,1156
15.0,12,1,13,1160
15.0,12,1,14,1163
15.0,12,1,15,1167
15.0,12,2,0,1118
15.0,12,2,1,1121
15.0,12,2,2,1125
15.0,12,2,3,1128
15.0,12,2,4,1132
15.0,12,2,5,1135
15.0,12,2,6,1139
15.0,12,2,7,1143
15.0,12,2,8,1146
15.0,12,2,9,1150
15.0,12,2,10,1153
15.0,12,2,11,1157
15.0,12,2,12,1160
15.0,12,2,13,1163
15.0,12,2,14,1167
15.0,12,2,15,1170
15.0,12,3,0,1121
15.0,12,3,1,1125
15.0,12,3,2,1128
15.0,12,3,3,1132
15.0,12,3,4,1136
15.0,12,3,5,1139
15.0,12,3,6,1143
15.0,12,3,7,1146
15.0,12,3,8,1150
15.0,12,3,9,1153
15.0,12,3,10,1157
15.0,12,3,11,1160
15.0,12,3,12,1164
15.0,12,3,13,1167
15.0,12,3,14,1171
15.0,12,3,15,1174
15.0,12,4,0,1125
15.0,12,4,1,1129
15.0,12,4,2,1132
15.0,12,4,3,1136
15.0,12,4,4,1139
15.0,12,4,5,1143
15.0,12,4,6,1147
15.0,12,4,7,1150
15.0,12,4,8,1154
15.0,12,4,9,1157
15.0,12,4,10,1161
15.0,12,4,11,1164
15.0,12,4,12,1168
15.0,12,4,13,1171
15.0,12,4,14,1175
15.0,12,4,15,1178
15.0,12,5,0,1129
15.0,12,5,1,1132
15.0,12,5,2,1136
15.0,12,5,3,1139
15.0,12,5,4,1143
15.0,12,5,5,1147
15.0,12,5,6,1150
15.0,12,5,7,1154
15.0,12,5,8,1157
15.0,12,5,9,1161
15.0,12,5,10,1164
15.0,12,5,11,1168
15.0,12,5,12,1171
15.0,12,5,13,1175
15.0,12,5,14,1178
15.0,12,5,15,1182
15.0,12,6,0,1132
15.0,12,6,1,1136
15.0,12,6,2,1140
15.0,12,6,3,1143
15.0,12,6,4,1147
15.0,12,6,5,1150
15.0,12,6,6,1154
15.0,12,6,7,1158
15.0,12,6,8,1161
15.0,12,6,9,1165
15.0,12,6,10,1168
15.0,12,6,11,1172
15.0,12,6,12,1175
15.0,12,6,13,1179
15.0,12,6,14,1182
15.0,12,6,15,1186
15.0,12,7,0,1136
15.0,12,7,1,1140
15.0,12,7,2,1143
15.0,12,7,3,1147
15.0,12,7,4,1150
15.0,12,7,5,1154
15.0,12,7,6,1158
15.0,12,7,7,1161
15.0,12,7,8,1165
15.0,12,7,9,1168
15.0,12,7,10,1172
15.0,12,7,11,1176
15.0,12,7,12,1179
15.0,12,7,13,1183
15.0,12,7,14,1186
15.0,12,7,15,1190
15.0,12,8,0,1140
15.0,12,8,1,1143
15.0,12,8,2,1147
15.0,12,8,3,1151
15.0,12,8,4,1154
15.0,12,8,5,1158
15.0,12,8,6,1161
15.0,12,8,7,1165
15.0,12,8,8,1169
15.0,12,8,9,1172
15.0,12,8,10,1176
15.0,12,8,11,1179
15.0,12,8,12,1183
15.0,12,8,13,1186
15.0,12,8,14,1190
15.0,12,8,15,1193
15.0,12,9,0,1143
15.0,12,9,1,1147
15.0,12,9,2,1151
15.0,12,9,3,1154
15.0,12,9,4,1158
15.0,12,9,5,1161
15.0,12,9,6,1165
15.0,12,9,7,1169
15.0,12,9,8,1172
15.0,12,9,9,1176
15.0,12,9,10,1179
15.0,12,9,11,1183
15.0,12,9,12,1187
15.0,12,9,13,1190
15.0,12,9,14,1194
15.0,12,9,15,1197
15.0,12,10,0,1147
15.0,12,10,1,1150
15.0,12,10,2,1154
15.0,12,10,3,1158
15.0,12,10,4,1161
15.0,12,10,5,1165
15.0,12,10,6,1169
15.0,12,10,7,1172
15.0,12,10,8,1176
15.0,12,10,9,1180
15.0,12,10,10,1183
15.0,12,10,11,1187
15.0,12,10,12,1190
15.0,12,10,13,1194
15.0,12,10,14,1197
15.0,12,10,15,1201
15.0,12,11,0,1150
15.0,12,11,1,1154
15.0,12,11,2,1158
15.0,12,11,3,1161
15.0,12,11,4,1165
15.0,12,11,5,1169
15.0,12,11,6,1172
15.0,12,11,7,1176
15.0,12,11,8,1180
15.0,12,11,9,1183
15.0,12,11,10,1187
15.0,12,11,11,1191
15.0,12,11,12,1194
15.0,12,11,13,1198
15.0,12,11,14,1201
15.0,12,11,15,1205
15.0,12,12,0,1154
15.0,12,12,1,1158
15.0,12,12,2,1161
15.0,12,12,3,1165
15.0,12,12,4,1169
15.0,12,12,5,1172
15.0,12,12,6,1176
15.0,12,12,7,1180
15.0,12,12,8,1183
15.0,12,12,9,1187
15.0,12,12,10,1191
15.0,12,12,11,1194
15.0,12,12,12,1198
15.0,12,12,13,1201
15.0,12,12,14,1205
15.0,12,12,15,1209
15.0,12,13,0,1158
15.0,12,13,1,1161
15.0,12,13,2,1165
15.0,12,13,3,1169
15.0,12,13,4,1172
15.0,12,13,5,1176
15.0,12,13,6,1180
15.0,12,13,7,1183
15.0,12,13,8,1187
15.0,12,13,9,1191
15.0,12,13,10,1194
15.0,12,13,11,1198
15.0,12,13,12,1202
15.0,12,13,13,1205
15.0,12,13,14,1209
15.0,12,13,15,1212
15.0,12,14,0,1161
15.0,12,14,1,1165
15.0,12,14,2,1169
15.0,12,14,3,1172
15.0,12,14,4,1176
15.0,12,14,5,1180
15.0,12,14,6,1183
15.0,12,14,7,1187
15.0,12,14,8,1191
15.0,12,14,9,1194
15.0,12,14,10,1198
15.0,12,14,11,1202
15.0,12,14,12,1205
15.0,12,14,13,1209
15.0,12,14,14,1212
15.0,12,14,15,1216
15.0,12,15,0,1165
15.0,12,15,1,1168
15.0,12,15,2,1172
15.0,12,15,3,1176
15.0,12,15,4,1180
15.0,12,15,5,1183
15.0,12,15,6,1187
15.0,12,15,7,1191
15.0,12,15,8,1194
15.0,12,15,9,1198
15.0,12,15,10,1202
15.0,12,15,11,1205
15.0,12,15,12,1209
15.0,12,15,13,1213
15.0,12,15,14,1216
15.0,12,15,15,1220
15.0,13,0,0,1114
15.0,13,0,1,1118
15.0,13,0,2,1121
15.0,13,0,3,1125
15.0,13,0,4,1128
15.0,13,0,5,1132
15.0,13,0,6,1136
15.0,13,0,7,1139
15.0,13,0,8,1143
15.0,13,0,9,1146
15.0,13,0,10,1150
15.0,13,0,11,1153
15.0,13,0,12,1157
15.0,13,0,13,1160
15.0,13,0,14,1163
15.0,13,0,15,1167
15.0,13,1,0,1118
15.0,13,1,1,1122
15.0,13,1,2,1125
15.0,13,1,3,1129
15.0,13,1,4,1132
15.0,13,1,5,1136
15.0,13,1,6,1139
15.0,13,1,7,1143
15.0,13,1,8,1146
15.0,13,1,9,1150
15.0,13,1,10,1153
15.0,13,1,11,1157
15.0,13,1,12,1160
15.0,13,1,13,1164
15.0,13,1,14,1167
15.0,13,1,15,1171
15.0,13,2,0,1122
15.0,13,2,1,1125
15.0,13,2,2,1129
15.0,13,2,3,1132
15.0,13,2,4,1136
15.0,13,2,5,1140
15.0,13,2,6,1143
15.0,13,2,7,1147
15.0,13,2,8,1150
15.0,13,2,9,1154
15.0,13,2,10,1157
15.0,13,2,11,1161
15.0,13,2,12,1164
15.0,13,2,13,1168
15.0,13,2,14,1171
15.0,13,2,15,1175
15.0,13,3,0,1125
15.0,13,3,1,1129
15.0,13,3,2,1133
15.0,13,3,3,1136
15.0,13,3,4,1140
15.0,13,3,5,1143
15.0,13,3,6,1147
15.0,13,3,7,1150
15.0,13,3,8,1154
15.0,13,3,9,1158
15.0,13,3,10,1161
15.0,13,3,11,1165
15.0,13,3,12,1168
15.0,13,3,13,1172
15.0,13,3,14,1175
15.0,13,3,15,1179
15.0,13,4,0,1129
15.0,13,4,1,1133
15.0,13,4,2,1136
15.0,13,4,3,1140
15.0,13,4,4,1144
15.0,13,4,5,1147
15.0,13,4,6,1151
15.0,13,4,7,1154
15.0,13,4,8,1158
15.0,13,4,9,1161
15.0,13,4,10,1165
15.0,13,4,11,1168
15.0,13,4,12,1172
15.0,13,4,13,1175
15.0,13,4,14,1179
15.0,13,4,15,1182
15.0,13,5,0,1133
15.0,13,5,1,1136
15.0,13,5,2,1140
15.0,13,5,3,1144
15.0,13,5,4,1147
15.0,13,5,5,1151
15.0,13,5,6,1154
15.0,13,5,7,1158
15.0,13,5,8,1162
15.0,13,5,9,1165
15.0,13,5,10,1169
15.0,13,5,11,1172
15.0,13,5,12,1176
15.0,13,5,13,1179
15.0,13,5,14,1183
15.0,13,5,15,1186
15.0,13,6,0,1136
15.0,13,6,1,1140
15.0,13,6,2,1144
15.0,13,6,3,1147
15.0,13,6,4,1151
15.0,13,6,5,1155
15.0,13,6,6,1158
15.0,13,6,7,1162
15.0,13,6,8,1165
15.0,13,6,9,1169
15.0,13,6,10,1173
15.0,13,6,11,1176
15.0,13,6,12,1180
15.0,13,6,13,1183
15.0,13,6,14,1187
15.0,13,6,15,1190
15.0,13,7,0,1140
15.0,13,7,1,1144
15.0,13,7,2,1147
15.0,13,7,3,1151
15.0,13,7,4,1155
15.0,13,7,5,1158
15.0,13,7,6,1162
15.0,13,7,7,1166
15.0,13,7,8,1169
15.0,13,7,9,1173
15.0,13,7,10,1176
15.0,13,7,11,1180
15.0,13,7,12,1183
15.0,13,7,13,1187
15.0,13,7,14,1190
15.0,13,7,15,1194
15.0,13,8,0,1144
15.0,13,8,1,1147
15.0,13,8,2,1151
15.0,13,8,3,1155
15.0,13,8,4,1158
15.0,13,8,5,1162
15.0,13,8,6,1166
15.0,13,8,7,1169
15.0,13,8,8,1173
15.0,13,8,9,1176
15.0,13,8,10,1180
15.0,13,8,11,1184
15.0,13,8,12,1187
15.0,13,8,13,1191
15.0,13,8,14,1194
15.0,13,8,15,1198
15.0,13,9,0,1147
15.0,13,9,1,1151
15.0,13,9,2,1155
15.0,13,9,3,1158
15.0,13,9,4,1162
15.0,13,9,5,1166
15.0,13,9,6,1169
15.0,13,9,7,1173
15.0,13,9,8,1177
15.0,13,9,9,1180
15.0,13,9,10,1184
15.0,13,9,11,1187
15.0,13,9,12,1191
15.0,13,9,13,1195
15.0,13,9,14,1198
15.0,13,9,15,1202
15.0,13,10,0,1151
15.0,13,10,1,1155
15.0,13,10,2,1158
15.0,13,10,3,1162
15.0,13,10,4,1166
15.0,13,10,5,1169
15.0,13,10,6,1173
15.0,13,10,7,1177
15.0,13,10,8,1180
15.0,13,10,9,1184
15.0,13,10,10,1188
15.0,13,10,11,1191
15.0,13,10,12,1195
15.0,13,10,13,1198
15.0,13,10,14,1202
15.0,13,10,15,1205
15.0,13,11,0,1155
15.0,13,11,1,1158
15.0,13,11,2,1162
15.0,13,11,3,1166
15.0,13,11,4,1169
15.0,13,11,5,1173
15.0,13,11,6,1177
15.0,13,11,7,1180
15.0,13,11,8,1184
15.0,13,11,9,1188
15.0,13,11,10,1191
15.0,13,11,11,1195
15.0,13,11,12,1198
15.0,13,11,13,1202
15.0,13,11,14,1206
15.0,13,11,15,1209
15.0,13,12,0,1158
15.0,13,12,1,1162
15.0,13,12,2,1166
15.0,13,12,3,1169
15.0,13,12,4,1173
15.0,13,12,5,1177
15.0,13,12,6,1180
15.0,13,12,7,1184
15.0,13,12,8,1188
15.0,13,12,9,1191
15.0,13,12,10,1195
15.0,13,12,11,1199
15.0,13,12,12,1202
15.0,13,12,13,1206
15.0,13,12,14,1209
15.0,13,12,15,1213
15.0,13,13,0,1162
15.0,13,13,1,1166
15.0,13,13,2,1169
15.0,13,13,3,1173
15.0,13,13,4,1177
15.0,13,13,5,1180
15.0,13,13,6,1184
15.0,13,13,7,1188
15.0,13,13,8,1191
15.0,13,13,9,1195
15.0,13,13,10,1199
15.0,13,13,11,1202
15.0,13,13,12,1206
15.0,13,13,13,1210
15.0,13,13,14,1213
15.0,13,13,15,1217
15.0,13,14,0,1165
15.0,13,14,1,1169
15.0,13,14,2,1173
15.0,13,14,3,1177
15.0,13,14,4,1180
15.0,13,14,5,1184
15.0,13,14,6,1188
15.0,13,14,7,1191
15.0,13,14,8,1195
15.0,13,14,9,1199
15.0,13,14,10,1202
15.0,13,14,11,1206
15.0,13,14,12,1210
15.0,13,14,13,1213
15.0,13,14,14,1217
15.0,13,14,15,1220
15.0,13,15,0,1169
15.0,13,15,1,1173
15.0,13,15,2,1176
15.0,13,15,3,1180
15.0,13,15,4,1184
15.0,13,15,5,1188
15.0,13,15,6,1191
15.0,13,15,7,1195
15.0,13,15,8,1199
15.0,13,15,9,1202
15.0,13,15,10,1206
15.0,13,15,11,1210
15.0,13,15,12,1213
15.0,13,15,13,1217
15.0,13,15,14,1221
15.0,13,15,15,1224
15.0,14,0,0,1118
15.0,14,0,1,1122
15.0,14,0,2,1125
15.0,14,0,3,1129
15.0,14,0,4,1133
15.0,14,0,5,1136
15.0,14,0,6,1140
15.0,14,0,7,1143
15.0,14,0,8,1147
15.0,14,0,9,1150
15.0,14,0,10,1154
15.0,14,0,11,1157
15.0,14,0,12,1161
15.0,14,0,13,1164
15.0,14,0,14,1168
15.0,14,0,15,1171
15.0,14,1,0,1122
15.0,14,1,1,1126
15.0,14,1,2,1129
15.0,14,1,3,1133
15.0,14,1,4,1136
15.0,14,1,5,1140
15.0,14,1,6,1144
15.0,14,1,7,1147
15.0,14,1,8,1151
15.0,14,1,9,1154
15.0,14,1,10,1158
15.0,14,1,11,1161
15.0,14,1,12,1165
15.0,14,1,13,1168
15.0,14,1,14,1172
15.0,14,1,15,1175
15.0,14,2,0,1126
15.0,14,2,1,1129
15.0,14,2,2,1133
15.0,14,2,3,1137
15.0,14,2,4,1140
15.0,14,2,5,1144
15.0,14,2,6,1147
15.0,14,2,7,1151
15.0,14,2,8,1154
15.0,14,2,9,1158
15.0,14,2,10,1161
15.0,14,2,11,1165
15.0,14,2,12,1169
15.0,14,2,13,1172
15.0,14,2,14,1175
15.0,14,2,15,1179
15.0,14,3,0,1129
15.0,14,3,1,1133
15.0,14,3,2,1137
15.0,14,3,3,1140
15.0,14,3,4,1144
15.0,14,3,5,1148
15.0,14,3,6,1151
15.0,14,3,7,1155
15.0,14,3,8,1158
15.0,14,3,9,1162
15.0,14,3,10,1165
15.0,14,3,11,1169
15.0,14,3,12,1172
15.0,14,3,13,1176
15.0,14,3,14,1179
15.0,14,3,15,1183
15.0,14,4,0,1133
15.0,14,4,1,1137
15.0,14,4,2,1140
15.0,14,4,3,1144
15.0,14,4,4,1148
15.0,14,4,5,1151
15.0,14,4,6,1155
15.0,14,4,7,1158
15.0,14,4,8,1162
15.0,14,4,9,1166
15.0,14,4,10,1169
15.0,14,4,11,1173
15.0,14,4,12,1176
15.0,14,4,13,1180
15.0,14,4,14,1183
15.0,14,4,15,1187
15.0,14,5,0,1137
15.0,14,5,1,1141
15.0,14,5,2,1144
15.0,14,5,3,1148
15.0,14,5,4,1151
15.0,14,5,5,1155
15.0,14,5,6,1159
15.0,14,5,7,1162
15.0,14,5,8,1166
15.0,14,5,9,1169
15.0,14,5,10,1173
15.0,14,5,11,1177
15.0,14,5,12,1180
15.0,14,5,13,1184
15.0,14,5,14,1187
15.0,14,5,15,1191
15.0,14,6,0,1141
15.0,14,6,1,1144
15.0,14,6,2,1148
15.0,14,6,3,1152
15.0,14,6,4,1155
15.0,14,6,5,1159
15.0,14,6,6,1162
15.0,14,6,7,1166
15.0,14,6,8,1170
15.0,14,6,9,1173
15.0,14,6,10,1177
15.0,14,6,11,1180
15.0,14,6,12,1184
15.0,14,6,13,1187
15.0,14,6,14,1191
15.0,14,6,15,1194
15.0,14,7,0,1144
15.0,14,7,1,1148
15.0,14,7,2,1152
15.0,14,7,3,1155
15.0,14,7,4,1159
15.0,14,7,5,1163
15.0,14,7,6,1166
15.0,14,7,7,1170
15.0,14,7,8,1173
15.0,14,7,9,1177
15.0,14,7,10,1181
15.0,14,7,11,1184
15.0,14,7,12,1188
15.0,14,7,13,1191
15.0,14,7,14,1195
15.0,14,7,15,1198
15.0,14,8,0,1148
15.0,14,8,1,1152
15.0,14,8,2,1155
15.0,14,8,3,1159
15.0,14,8,4,1163
15.0,14,8,5,1166
15.0,14,8,6,1170
15.0,14,8,7,1174
15.0,14,8,8,1177
15.0,14,8,9,1181
15.0,14,8,10,1184
15.0,14,8,11,1188
15.0,14,8,12,1192
15.0,14,8,13,1195
15.0,14,8,14,1199
15.0,14,8,15,1202
15.0,14,9,0,1152
15.0,14,9,1,1155
15.0,14,9,2,1159
15.0,14,9,3,1163
15.0,14,9,4,1166
15.0,14,9,5,1170
15.0,14,9,6,1174
15.0,14,9,7,1177
15.0,14,9,8,1181
15.0,14,9,9,1185
15.0,14,9,10,1188
15.0,14,9,11,1192
15.0,14,9,12,1195
15.0,14,9,13,1199
15.0,14,9,14,1202
15.0,14,9,15,1206
15.0,14,10,0,1155
15.0,14,10,1,1159
15.0,14,10,2,1163
15.0,14,10,3,1166
15.0,14,10,4,1170
15.0,14,10,5,1174
15.0,14,10,6,1177
15.0,14,10,7,1181
15.0,14,10,8,1185
15.0,14,10,9,1188
15.0,14,10,10,1192
15.0,14,10,11,1195
15.0,14,10,12,1199
15.0,14,10,13,1203
15.0,14,10,14,1206
15.0,14,10,15,1210
15.0,14,11,0,1159
15.0,14,11,1,1163
15.0,14,11,2,1166
15.0,14,11,3,1170
15.0,14,11,4,1174
15.0,14,11,5,1177
15.0,14,11,6,1181
15.0,14,11,7,1185
15.0,14,11,8,1188
15.0,14,11,9,1192
15.0,14,11,10,1196
15.0,14,11,11,1199
15.0,14,11,12,1203
15.0,14,11,13,1206
15.0,14,11,14,1210
15.0,14,11,15,1214
15.0,14,12,0,1162
15.0,14,12,1,1166
15.0,14,12,2,1170
15.0,14,12,3,1174
15.0,14,12,4,1177
15.0,14,12,5,1181
15.0,14,12,6,1185
15.0,14,12,7,1188
15.0,14,12,8,1192
15.0,14,12,9,1196
15.0,14,12,10,1199
15.0,14,12,11,1203
15.0,14,12,12,1207
15.0,14,12,13,1210
15.0,14,12,14,1214
15.0,14,12,15,1217
15.0,14,13,0,1166
15.0,14,13,1,1170
15.0,14,13,2,1174
15.0,14,13,3,1177
15.0,14,13,4,1181
15.0,14,13,5,1185
15.0,14,13,6,1188
15.0,14,13,7,1192
15.0,14,13,8,1196
15.0,14,13,9,1199
15.0,14,13,10,1203
15.0,14,13,11,1207
15.0,14,13,12,1210
15.0,14,13,13,1214
15.0,14,13,14,1218
15.0,14,13,15,1221
15.0,14,14,0,1170
15.0,14,14,1,1173
15.0,14,14,2,1177
15.0,14,14,3,1181
15.0,14,14,4,1185
15.0,14,14,5,1188
15.0,14,14,6,1192
15.0,14,14,7,1196
15.0,14,14,8,1199
15.0,14,14,9,1203
15.0,14,14,10,1207
15.0,14,14,11,1210
15.0,14,14,12,1214
15.0,14,14,13,1218
15.0,14,14,14,1221
15.0,14,14,15,1225
15.0,14,15,0,1173
15.0,14,15,1,1177
15.0,14,15,2,1181
15.0,14,15,3,1185
15.0,14,15,4,1188
15.0,14,15,5,1192
15.0,14,15,6,1196
15.0,14,15,7,1199
15.0,14,15,8,1203
15.0,14,15,9,1207
15.0,14,15,10,1210
15.0,14,15,11,1214
15.0,14,15,12,1218
15.0,14,15,13,1221
15.0,14,15,14,1225
15.0,14,15,15,1229
15.0,15,0,0,1122
15.0,15,0,1,1126
15.0,15,0,2,1130
15.0,15,0,3,1133
15.0,15,0,4,1137
15.0,15,0,5,1140
15.0,15,0,6,1144
15.0,15,0,7,1147
15.0,15,0,8,1151
15.0,15,0,9,1154
15.0,15,0,10,1158
15.0,15,0,11,1161
15.0,15,0,12,1165
15.0,15,0,13,1168
15.0,15,0,14,1172
15.0,15,0,15,1175
15.0,15,1,0,1126
15.0,15,1,1,1130
15.0,15,1,2,1133
15.0,15,1,3,1137
15.0,15,1,4,1141
15.0,15,1,5,1144
15.0,15,1,6,1148
15.0,15,1,7,1151
15.0,15,1,8,1155
15.0,15,1,9,1158
15.0,15,1,10,1162
15.0,15,1,11,1165
15.0,15,1,12,1169
15.0,15,1,13,1172
15.0,15,1,14,1176
15.0,15,1,15,1179
15.0,15,2,0,1130
15.0,15,2,1,1133
15.0,15,2,2,1137
15.0,15,2,3,1141
15.0,15,2,4,1144
15.0,15,2,5,1148
15.0,15,2,6,1152
15.0,15,2,7,1155
15.0,15,2,8,1159
15.0,15,2,9,1162
15.0,15,2,10,1166
15.0,15,2,11,1169
15.0,15,2,12,1173
15.0,15,2,13,1176
15.0,15,2,14,1180
15.0,15,2,15,1183
15.0,15,3,0,1134
15.0,15,3,1,1137
15.0,15,3,2,1141
15.0,15,3,3,1144
15.0,15,3,4,1148
15.0,15,3,5,1152
15.0,15,3,6,1155
15.0,15,3,7,1159
15.0,15,3,8,1162
15.0,15,3,9,1166
15.0,15,3,10,1170
15.0,15,3,11,1173
15.0,15,3,12,1177
15.0,15,3,13,1180
15.0,15,3,14,1184
15.0,15,3,15,1187
15.0,15,4,0,1137
15.0,15,4,1,1141
15.0,15,4,2,1145
15.0,15,4,3,1148
15.0,15,4,4,1152
15.0,15,4,5,1155
15.0,15,4,6,1159
15.0,15,4,7,1163
15.0,15,4,8,1166
15.0,15,4,9,1170
15.0,15,4,10,1173
15.0,15,4,11,1177
15.0,15,4,12,1181
15.0,15,4,13,1184
15.0,15,4,14,1188
15.0,15,4,15,1191
15.0,15,5,0,1141
15.0,15,5,1,1145
15.0,15,5,2,1148
15.0,15,5,3,1152
15.0,15,5,4,1156
15.0,15,5,5,1159
15.0,15,5,6,1163
15.0,15,5,7,1166
15.0,15,5,8,1170
15.0,15,5,9,1174
15.0,15,5,10,1177
15.0,15,5,11,1181
15.0,15,5,12,1184
15.0,15,5,13,1188
15.0,15,5,14,1191
15.0,15,5,15,1195
15.0,15,6,0,1145
15.0,15,6,1,1148
15.0,15,6,2,1152
15.0,15,6,3,1156
15.0,15,6,4,1159
15.0,15,6,5,1163
15.0,15,6,6,1167
15.0,15,6,7,1170
15.0,15,6,8,1174
15.0,15,6,9,1177
15.0,15,6,10,1181
15.0,15,6,11,1185
15.0,15,6,12,1188
15.0,15,6,13,1192
15.0,15,6,14,1195
15.0,15,6,15,1199
15.0,15,7,0,1148
15.0,15,7,1,1152
15.0,15,7,2,1156
15.0,15,7,3,1159
15.0,15,7,4,1163
15.0,15,7,5,1167
15.0,15,7,6,1170
15.0,15,7,7,1174
15.0,15,7,8,1178
15.0,15,7,9,1181
15.0,15,7,10,1185
15.0,15,7,11,1188
15.0,15,7,12,1192
15.0,15,7,13,1196
15.0,15,7,14,1199
15.0,15,7,15,1203
15.0,15,8,0,1152
15.0,15,8,1,1156
15.0,15,8,2,1159
15.0,15,8,3,1163
15.0,15,8,4,1167
15.0,15,8,5,1171
15.0,15,8,6,1174
15.0,15,8,7,1178
15.0,15,8,8,1181
15.0,15,8,9,1185
15.0,15,8,10,1189
15.0,15,8,11,1192
15.0,15,8,12,1196
15.0,15,8,13,1199
15.0,15,8,14,1203
15.0,15,8,15,1207
15.0,15,9,0,1156
15.0,15,9,1,1159
15.0,15,9,2,1163
15.0,15,9,3,1167
15.0,15,9,4,1171
15.0,15,9,5,1174
15.0,15,9,6,1178
15.0,15,9,7,1182
15.0,15,9,8,1185
15.0,15,9,9,1189
15.0,15,9,10,1192
15.0,15,9,11,1196
15.0,15,9,12,1200
15.0,15,9,13,1203
15.0,15,9,14,1207
15.0,15,9,15,1210
15.0,15,10,0,1159
15.0,15,10,1,1163
15.0,15,10,2,1167
15.0,15,10,3,1171
15.0,15,10,4,1174
15.0,15,10,5,1178
15.0,15,10,6,1182
15.0,15,10,7,1185
15.0,15,10,8,1189
15.0,15,10,9,1193
15.0,15,10,10,1196
15.0,15,10,11,1200
15.0,15,10,12,1203
15.0,15,10,13,1207
15.0,15,10,14,1211
15.0,15,10,15,1214
15.0,15,11,0,1163
15.0,15,11,1,1167
15.0,15,11,2,1171
15.0,15,11,3,1174
15.0,15,11,4,1178
15.0,15,11,5,1182
15.0,15,11,6,1185
15.0,15,11,7,1189
15.0,15,11,8,1193
15.0,15,11,9,1196
15.0,15,11,10,1200
15.0,15,11,11,1204
15.0,15,11,12,1207
15.0,15,11,13,1211
15.0,15,11,14,1214
15.0,15,11,15,1218
15.0,15,12,0,1167
15.0,15,12,1,1170
15.0,15,12,2,1174
15.0,15,12,3,1178
15.0,15,12,4,1182
15.0,15,12,5,1185
15.0,15,12,6,1189
15.0,15,12,7,1193
15.0,15,12,8,1196
15.0,15,12,9,1200
15.0,15,12,10,1204
15.0,15,12,11,1207
15.0,15,12,12,1211
15.0,15,12,13,1215
15.0,15,12,14,1218
15.0,15,12,15,1222
15.0,15,13,0,1170
15.0,15,13,1,1174
15.0,15,13,2,1178
15.0,15,13,3,1182
15.0,15,13,4,1185
15.0,15,13,5,1189
15.0,15,13,6,1193
15.0,15,13,7,1196
15.0,15,13,8,1200
15.0,15,13,9,1204
15.0,15,13,10,1207
15.0,15,13,11,1211
15.0,15,13,12,1215
15.0,15,13,13,1218
15.0,15,13,14,1222
15.0,15,13,15,1226
15.0,15,14,0,1174
15.0,15,14,1,1178
15.0,15,14,2,1181
15.0,15,14,3,1185
15.0,15,14,4,1189
15.0,15,14,5,1193
15.0,15,14,6,1196
15.0,15,14,7,1200
15.0,15,14,8,1204
15.0,15,14,9,1208
15.0,15,14,10,1211
15.0,15,14,11,1215
15.0,15,14,12,1219
15.0,15,14,13,1222
15.0,15,14,14,1226
15.0,15,14,15,1229
15.0,15,15,0,1177
15.0,15,15,1,1181
15.0,15,15,2,1185
15.0,15,15,3,1189
15.0,15,15,4,1193
15.0,15,15,5,1196
15.0,15,15,6,1200
15.0,15,15,7,1204
15.0,15,15,8,1208
15.0,15,15,9,1211
15.0,15,15,10,1215
15.0,15,15,11,1219
15.0,15,15,12,1222
15.0,15,15,13,1226
15.0,15,15,14,1230
15.0,15,15,15,1233
15.5,0,0,0,1097
15.5,0,0,1,1100
15.5,0,0,2,1104
15.5,0,0,3,1107
15.5,0,0,4,1111
15.5,0,0,5,1114
15.5,0,0,6,1118
15.5,0,0,7,1121
15.5,0,0,8,1125
15.5,0,0,9,1128
15.5,0,0,10,1132
15.5,0,0,11,1135
15.5,0,0,12,1138
15.5,0,0,13,1142
15.5,0,0,14,1145
15.5,0,0,15,1149
15.5,0,1,0,1100
15.5,0,1,1,1104
15.5,0,1,2,1107
15.5,0,1,3,1111
15.5,0,1,4,1114
15.5,0,1,5,1118
15.5,0,1,6,1121
15.5,0,1,7,1125
15.5,0,1,8,1128
15.5,0,1,9,1132
15.5,0,1,10,1135
15.5,0,1,11,1139
15.5,0,1,12,1142
15.5,0,1,13,1146
15.5,0,1,14,1149
15.5,0,1,15,1152
15.5,0,2,0,1104
15.5,0,2,1,1108
15.5,0,2,2,1111
15.5,0,2,3,1115
15.5,0,2,4,1118
15.5,0,2,5,1122
15.5,0,2,6,1125
15.5,0,2,7,1129
15.5,0,2,8,1132
15.5,0,2,9,1136
15.5,0,2,10,1139
15.5,0,2,11,1143
15.5,0,2,12,1146
15.5,0,2,13,1149
15.5,0,2,14,1153
15.5,0,2,15,1156
15.5,0,3,0,1108
15.5,0,3,1,1111
15.5,0,3,2,1115
15.5,0,3,3,1118
15.5,0,3,4,1122
15.5,0,3,5,1125
15.5,0,3,6,1129
15.5,0,3,7,1132
15.5,0,3,8,1136
15.5,0,3,9,1139
15.5,0,3,10,1143
15.5,0,3,11,1146
15.5,0,3,12,1150
15.5,0,3,13,1153
15.5,0,3,14,1157
15.5,0,3,15,1160
15.5,0,4,0,1111
15.5,0,4,1,1115
15.5,0,4,2,1118
15.5,0,4,3,1122
15.5,0,4,4,1126
15.5,0,4,5,1129
15.5,0,4,6,1133
15.5,0,4,7,1136
15.5,0,4,8,1140
15.5,0,4,9,1143
15.5,0,4,10,1147
15.5,0,4,11,1150
15.5,0,4,12,1154
15.5,0,4,13,1157
15.5,0,4,14,1160
15.5,0,4,15,1164
15.5,0,5,0,1115
15.5,0,5,1,1119
15.5,0,5,2,1122
15.5,0,5,3,1126
15.5,0,5,4,1129
15.5,0,5,5,1133
15.5,0,5,6,1136
15.5,0,5,7,1140
15.5,0,5,8,1143
15.5,0,5,9,1147
15.5,0,5,10,1150
15.5,0,5,11,1154
15.5,0,5,12,1157
15.5,0,5,13,1161
15.5,0,5,14,1164
15.5,0,5,15,1168
15.5,0,6,0,1119
15.5,0,6,1,1122
15.5,0,6,2,1126
15.5,0,6,3,1129
15.5,0,6,4,1133
15.5,0,6,5,1136
15.5,0,6,6,1140
15.5,0,6,7,1144
15.5,0,6,8,1147
15.5,0,6,9,1151
15.5,0,6,10,1154
15.5,0,6,11,1158
15.5,0,6,12,1161
15.5,0,6,13,1165
15.5,0,6,14,1168
15.5,0,6,15,1171
15.5,0,7,0,1122
15.5,0,7,1,1126
15.5,0,7,2,1129
15.5,0,7,3,1133
15.5,0,7,4,1137
15.5,0,7,5,1140
15.5,0,7,6,1144
15.5,0,7,7,1147
15.5,0,7,8,1151
15.5,0,7,9,1154
15.5,0,7,10,1158
15.5,0,7,11,1161
15.5,0,7,12,1165
15.5,0,7,13,1168
15.5,0,7,14,1172
15.5,0,7,15,1175
15.5,0,8,0,1126
15.5,0,8,1,1129
15.5,0,8,2,1133
15.5,0,8,3,1137
15.5,0,8,4,1140
15.5,0,8,5,1144
15.5,0,8,6,1147
15.5,0,8,7,1151
15.5,0,8,8,1154
15.5,0,8,9,1158
15.5,0,8,10,1162
15.5,0,8,11,1165
15.5,0,8,12,1169
15.5,0,8,13,1172
15.5,0,8,14,1176
15.5,0,8,15,1179
15.5,0,9,0,1129
15.5,0,9,1,1133
15.5,0,9,2,1137
15.5,0,9,3,1140
15.5,0,9,4,1144
15.5,0,9,5,1147
15.5,0,9,6,1151
15.5,0,9,7,1155
15.5,0,9,8,1158
15.5,0,9,9,1162
15.5,0,9,10,1165
15.5,0,9,11,1169
15.5,0,9,12,1172
15.5,0,9,13,1176
15.5,0,9,14,1179
15.5,0,9,15,1183
15.5,0,10,0,1133
15.5,0,10,1,1137
15.5,0,10,2,1140
15.5,0,10,3,1144
15.5,0,10,4,1147
15.5,0,10,5,1151
15.5,0,10,6,1155
15.5,0,10,7,1158
15.5,0,10,8,1162
15.5,0,10,9,1165
15.5,0,10,10,1169
15.5,0,10,11,1172
15.5,0,10,12,1176
15.5,0,10,13,1179
15.5,0,10,14,1183
15.5,0,10,15,1186
15.5,0,11,0,1136
15.5,0,11,1,1140
15.5,0,11,2,1144
15.5,0,11,3,1147
15.5,0,11,4,1151
15.5,0,11,5,1155
15.5,0,11,6,1158
15.5,0,11,7,1162
15.5,0,11,8,1165
15.5,0,11,9,1169
15.5,0,11,10,1173
15.5,0,11,11,1176
15.5,0,11,12,1180
15.5,0,11,13,1183
15.5,0,11,14,1187
15.5,0,11,15,1190
15.5,0,12,0,1140
15.5,0,12,1,1144
15.5,0,12,2,1147
15.5,0,12,3,1151
15.5,0,12,4,1155
15.5,0,12,5,1158
15.5,0,12,6,1162
15.5,0,12,7,1165
15.5,0,12,8,1169
15.5,0,12,9,1173
15.5,0,12,10,1176
15.5,0,12,11,1180
15.5,0,12,12,1183
15.5,0,12,13,1187
15.5,0,12,14,1190
15.5,0,12,15,1194
15.5,0,13,0,1144
15.5,0,13,1,1147
15.5,0,13,2,1151
15.5,0,13,3,1155
15.5,0,13,4,1158
15.5,0,13,5,1162
15.5,0,13,6,1165
15.5,0,13,7,1169
15.5,0,13,8,1173
15.5,0,13,9,1176
15.5,0,13,10,1180
15.5,0,13,11,1183
15.5,0,13,12,1187
15.5,0,13,13,1191
15.5,0,13,14,1194
15.5,0,13,15,1198
15.5,0,14,0,1147
15.5,0,14,1,1151
15.5,0,14,2,1154
15.5,0,14,3,1158
15.5,0,14,4,1162
15.5,0,14,5,1165
15.5,0,14,6,1169
15.5,0,14,7,1173
15.5,0,14,8,1176
15.5,0,14,9,1180
15.5,0,14,10,1184
15.5,0,14,11,1187
15.5,0,14,12,1191
15.5,0,14,13,1194
15.5,0,14,14,1198
15.5,0,14,15,1201
15.5,0,15,0,1151
15.5,0,15,1,1154
15.5,0,15,2,1158
15.5,0,15,3,1162
15.5,0,15,4,1165
15.5,0,15,5,1169
15.5,0,15,6,1173
15.5,0,15,7,1176
15.5,0,15,8,1180
15.5,0,15,9,1184
15.5,0,15,10,1187
15.5,0,15,11,1191
15.5,0,15,12,1194
15.5,0,15,13,1198
15.5,0,15,14,1201
15.5,0,15,15,1205
15.5,1,0,0,1101
15.5,1,0,1,1104
15.5,1,0,2,1108
15.5,1,0,3,1111
15.5,1,0,4,1115
15.5,1,0,5,1119
15.5,1,0,6,1122
15.5,1,0,7,1125
15.5,1,0,8,1129
15.5,1,0,9,1132
15.5,1,0,10,1136
15.5,1,0,11,1139
15.5,1,0,12,1143
15.5,1,0,13,1146
15.5,1,0,14,1150
15.5,1,0,15,1153
15.5,1,1,0,1105
15.5,1,1,1,1108
15.5,1,1,2,1112
15.5,1,1,3,1115
15.5,1,1,4,1119
15.5,1,1,5,1122
15.5,1,1,6,1126
15.5,1,1,7,1129
15.5,1,1,8,1133
15.5,1,1,9,1136
15.5,1,1,10,1140
15.5,1,1,11,1143
15.5,1,1,12,1147
15.5,1,1,13,1150
15.5,1,1,14,1153
15.5,1,1,15,1157
15.5,1,2,0,1108
15.5,1,2,1,1112
15.5,1,2,2,1115
15.5,1,2,3,1119
15.5,1,2,4,1122
15.5,1,2,5,1126
15.5,1,2,6,1130
15.5,1,2,7,1133
15.5,1,2,8,1136
15.5,1,2,9,1140
15.5,1,2,10,1143
15.5,1,2,11,1147
15.5,1,2,12,1150
15.5,1,2,13,1154
15.5,1,2,14,1157
15.5,1,2,15,1161
15.5,1,3,0,1112
15.5,1,3,1,1115
15.5,1,3,2,1119
15.5,1,3,3,1123
15.5,1,3,4,1126
15.5,1,3,5,1130
15.5,1,3,6,1133
15.5,1,3,7,1137
15.5,1,3,8,1140
15.5,1,3,9,1144
15.5,1,3,10,1147
15.5,1,3,11,1151
15.5,1,3,12,1154
15.5,1,3,13,1158
15.5,1,3,14,1161
15.5,1,3,15,1164
15.5,1,4,0,1116
15.5,1,4,1,1119
15.5,1,4,2,1123
15.5,1,4,3,1126
15.5,1,4,4,1130
15.5,1,4,5,1133
15.5,1,4,6,1137
15.5,1,4,7,1140
15.5,1,4,8,1144
15.5,1,4,9,1148
15.5,1,4,10,1151
15.5,1,4,11,1154
15.5,1,4,12,1158
15.5,1,4,13,1161
15.5,1,4,14,1165
15.5,1,4,15,1168
15.5,1,5,0,1119
15.5,1,5,1,1123
15.5,1,5,2,1126
15.5,1,5,3,1130
15.5,1,5,4,1134
15.5,1,5,5,1137
15.5,1,5,6,1141
15.5,1,5,7,1144
15.5,1,5,8,1148
15.5,1,5,9,1151
15.5,1,5,10,1155
15.5,1,5,11,1158
15.5,1,5,12,1162
15.5,1,5,13,1165
15.5,1,5,14,1169
15.5,1,5,15,1172
15.5,1,6,0,1123
15.5,1,6,1,1126
15.5,1,6,2,1130
15.5,1,6,3,1134
15.5,1,6,4,1137
15.5,1,6,5,1141
15.5,1,6,6,1144
15.5,1,6,7,1148
15.5,1,6,8,1151
15.5,1,6,9,1155
15.5,1,6,10,1159
15.5,1,6,11,1162
15.5,1,6,12,1166
15.5,1,6,13,1169
15.5,1,6,14,1172
15.5,1,6,15,1176
15.5,1,7,0,1126
15.5,1,7,1,1130
15.5,1,7,2,1134
15.5,1,7,3,1137
15.5,1,7,4,1141
15.5,1,7,5,1144
15.5,1,7,6,1148
15.5,1,7,7,1152
15.5,1,7,8,1155
15.5,1,7,9,1159
15.5,1,7,10,1162
15.5,1,7,11,1166
15.5,1,7,12,1169
15.5,1,7,13,1173
15.5,1,7,14,1176
15.5,1,7,15,1180
15.5,1,8,0,1130
15.5,1,8,1,1134
15.5,1,8,2,1137
15.5,1,8,3,1141
15.5,1,8,4,1145
15.5,1,8,5,1148
15.5,1,8,6,1152
15.5,1,8,7,1155
15.5,1,8,8,1159
15.5,1,8,9,1162
15.5,1,8,10,1166
15.5,1,8,11,1169
15.5,1,8,12,1173
15.5,1,8,13,1177
15.5,1,8,14,1180
15.5,1,8,15,1184
15.5,1,9,0,1134
15.5,1,9,1,1137
15.5,1,9,2,1141
15.5,1,9,3,1145
15.5,1,9,4,1148
15.5,1,9,5,1152
15.5,1,9,6,1155
15.5,1,9,7,1159
15.5,1,9,8,1163
15.5,1,9,9,1166
15.5,1,9,10,1170
15.5,1,9,11,1173
15.5,1,9,12,1177
15.5,1,9,13,1180
15.5,1,9,14,1184
15.5,1,9,15,1187
15.5,1,10,0,1137
15.5,1,10,1,1141
15.5,1,10,2,1145
15.5,1,10,3,1148
15.5,1,10,4,1152
15.5,1,10,5,1155
15.5,1,10,6,1159
15.5,1,10,7,1163
15.5,1,10,8,1166
15.5,1,10,9,1170
15.5,1,10,10,1173
15.5,1,10,11,1177
15.5,1,10,12,1180
15.5,1,10,13,1184
15.5,1,10,14,1188
15.5,1,10,15,1191
15.5,1,11,0,1141
15.5,1,11,1,1144
15.5,1,11,2,1148
15.5,1,11,3,1152
15.5,1,11,4,1155
15.5,1,11,5,1159
15.5,1,11,6,1163
15.5,1,11,7,1166
15.5,1,11,8,1170
15.5,1,11,9,1173
15.5,1,11,10,1177
15.5,1,11,11,1181
15.5,1,11,12,1184
15.5,1,11,13,1188
15.5,1,11,14,1191
15.5,1,11,15,1195
15.5,1,12,0,1144
15.5,1,12,1,1148
15.5,1,12,2,1152
15.5,1,12,3,1155
15.5,1,12,4,1159
15.5,1,12,5,1163
15.5,1,12,6,1166
15.5,1,12,7,1170
15.5,1,12,8,1174
15.5,1,12,9,1177
15.5,1,12,10,1181
15.5,1,12,11,1184
15.5,1,12,12,1188
15.5,1,12,13,1191
15.5,1,12,14,1195
15.5,1,12,15,1198
15.5,1,13,0,1148
15.5,1,13,1,1152
15.5,1,13,2,1155
15.5,1,13,3,1159
15.5,1,13,4,1163
15.5,1,13,5,1166
15.5,1,13,6,1170
15.5,1,13,7,1174
15.5,1,13,8,1177
15.5,1,13,9,1181
15.5,1,13,10,1184
15.5,1,13,11,1188
15.5,1,13,12,1192
15.5,1,13,13,1195
15.5,1,13,14,1199
15.5,1,13,15,1202
15.5,1,14,0,1151
15.5,1,14,1,1155
15.5,1,14,2,1159
15.5,1,14,3,1163
15.5,1,14,4,1166
15.5,1,14,5,1170
15.5,1,14,6,1174
15.5,1,14,7,1177
15.5,1,14,8,1181
15.5,1,14,9,1184
15.5,1,14,10,1188
15.5,1,14,11,1192
15.5,1,14,12,1195
15.5,1,14,13,1199
15.5,1,14,14,1202
15.5,1,14,15,1206
15.5,1,15,0,1155
15.5,1,15,1,1159
15.5,1,15,2,1162
15.5,1,15,3,1166
15.5,1,15,4,1170
15.5,1,15,5,1173
15.5,1,15,6,1177
15.5,1,15,7,1181
15.5,1,15,8,1184
15.5,1,15,9,1188
15.5,1,15,10,1192
15.5,1,15,11,1195
15.5,1,15,12,1199
15.5,1,15,13,1202
15.5,1,15,14,1206
15.5,1,15,15,1210
15.5,2,0,0,1105
15.5,2,0,1,1109
15.5,2,0,2,1112
15.5,2,0,3,1116
15.5,2,0,4,1119
15.5,2,0,5,1123
15.5,2,0,6,1126
15.5,2,0,7,1130
15.5,2,0,8,1133
15.5,2,0,9,1137
15.5,2,0,10,1140
15.5,2,0,11,1144
15.5,2,0,12,1147
15.5,2,0,13,1151
15.5,2,0,14,1154
15.5,2,0,15,1157
15.5,2,1,0,1109
15.5,2,1,1,1112
15.5,2,1,2,1116
15.5,2,1,3,1119
15.5,2,1,4,1123
15.5,2,1,5,1127
15.5,2,1,6,1130
15.5,2,1,7,1134
15.5,2,1,8,1137
15.5,2,1,9,1141
15.5,2,1,10,1144
15.5,2,1,11,1147
15.5,2,1,12,1151
15.5,2,1,13,1154
15.5,2,1,14,1158
15.5,2,1,15,1161
15.5,2,2,0,1112
15.5,2,2,1,1116
15.5,2,2,2,1120
15.5,2,2,3,1123
15.5,2,2,4,1127
15.5,2,2,5,1130
15.5,2,2,6,1134
15.5,2,2,7,1137
15.5,2,2,8,1141
15.5,2,2,9,1144
15.5,2,2,10,1148
15.5,2,2,11,1151
15.5,2,2,12,1155
15.5,2,2,13,1158
15.5,2,2,14,1162
15.5,2,2,15,1165
15.5,2,3,0,1116
15.5,2,3,1,1120
15.5,2,3,2,1123
15.5,2,3,3,1127
15.5,2,3,4,1130
15.5,2,3,5,1134
15.5,2,3,6,1138
15.5,2,3,7,1141
15.5,2,3,8,1145
15.5,2,3,9,1148
15.5,2,3,10,1152
15.5,2,3,11,1155
15.5,2,3,12,1159
15.5,2,3,13,1162
15.5,2,3,14,1165
15.5,2,3,15,1169
15.5,2,4,0,1120
15.5,2,4,1,1123
15.5,2,4,2,1127
15.5,2,4,3,1131
15.5,2,4,4,1134
15.5,2,4,5,1138
15.5,2,4,6,1141
15.5,2,4,7,1145
15.5,2,4,8,1148
15.5,2,4,9,1152
15.5,2,4,10,1155
15.5,2,4,11,1159
15.5,2,4,12,1162
15.5,2,4,13,1166
15.5,2,4,14,1169
15.5,2,4,15,1173
15.5,2,5,0,1123
15.5,2,5,1,1127
15.5,2,5,2,1131
15.5,2,5,3,1134
15.5,2,5,4,1138
15.5,2,5,5,1141
15.5,2,5,6,1145
15.5,2,5,7,1149
15.5,2,5,8,1152
15.5,2,5,9,1156
15.5,2,5,10,1159
15.5,2,5,11,1163
15.5,2,5,12,1166
15.5,2,5,13,1170
15.5,2,5,14,1173
15.5,2,5,15,1177
15.5,2,6,0,1127
15.5,2,6,1,1131
15.5,2,6,2,1134
15.5,2,6,3,1138
15.5,2,6,4,1142
15.5,2,6,5,1145
15.5,2,6,6,1149
15.5,2,6,7,1152
15.5,2,6,8,1156
15.5,2,6,9,1159
15.5,2,6,10,1163
15.5,2,6,11,1166
15.5,2,6,12,1170
15.5,2,6,13,1173
15.5,2,6,14,1177
15.5,2,6,15,1180
15.5,2,7,0,1131
15.5,2,7,1,1134
15.5,2,7,2,1138
15.5,2,7,3,1142
15.5,2,7,4,1145
15.5,2,7,5,1149
15.5,2,7,6,1152
15.5,2,7,7,1156
15.5,2,7,8,1160
15.5,2,7,9,1163
15.5,2,7,10,1167
15.5,2,7,11,1170
15.5,2,7,12,1174
15.5,2,7,13,1177
15.5,2,7,14,1181
15.5,2,7,15,1184
15.5,2,8,0,1134
15.5,2,8,1,1138
15.5,2,8,2,1142
15.5,2,8,3,1145
15.5,2,8,4,1149
15.5,2,8,5,1153
15.5,2,8,6,1156
15.5,2,8,7,1160
15.5,2,8,8,1163
15.5,2,8,9,1167
15.5,2,8,10,1170
15.5,2,8,11,1174
15.5,2,8,12,1177
15.5,2,8,13,1181
15.5,2,8,14,1185
15.5,2,8,15,1188
15.5,2,9,0,1138
15.5,2,9,1,1142
15.5,2,9,2,1145
15.5,2,9,3,1149
15.5,2,9,4,1153
15.5,2,9,5,1156
15.5,2,9,6,1160
15.5,2,9,7,1163
15.5,2,9,8,1167
15.5,2,9,9,1171
15.5,2,9,10,1174
15.5,2,9,11,1178
15.5,2,9,12,1181
15.5,2,9,13,1185
15.5,2,9,14,1188
15.5,2,9,15,1192
15.5,2,10,0,1142
15.5,2,10,1,1145
15.5,2,10,2,1149
15.5,2,10,3,1153
15.5,2,10,4,1156
15.5,2,10,5,1160
15.5,2,10,6,1163
15.5,2,10,7,1167
15.5,2,10,8,1171
15.5,2,10,9,1174
15.5,2,10,10,1178
15.5,2,10,11,1181
15.5,2,10,12,1185
15.5,2,10,13,1189
15.5,2,10,14,1192
15.5,2,10,15,1196
15.5,2,11,0,1145
15.5,2,11,1,1149
15.5,2,11,2,1153
15.5,2,11,3,1156
15.5,2,11,4,1160
15.5,2,11,5,1163
15.5,2,11,6,1167
15.5,2,11,7,1171
15.5,2,11,8,1174
15.5,2,11,9,1178
15.5,2,11,10,1182
15.5,2,11,11,1185
15.5,2,11,12,1189
15.5,2,11,13,1192
15.5,2,11,14,1196
15.5,2,11,15,1199
15.5,2,12,0,1149
15.5,2,12,1,1152
15.5,2,12,2,1156
15.5,2,12,3,1160
15.5,2,12,4,1163
15.5,2,12,5,1167
15.5,2,12,6,1171
15.5,2,12,7,1174
15.5,2,12,8,1178
15.5,2,12,9,1182
15.5,2,12,10,1185
15.5,2,12,11,1189
15.5,2,12,12,1192
15.5,2,12,13,1196
15.5,2,12,14,1200
15.5,2,12,15,1203
15.5,2,13,0,1152
15.5,2,13,1,1156
15.5,2,13,2,1160
15.5,2,13,3,1163
15.5,2,13,4,1167
15.5,2,13,5,1171
15.5,2,13,6,1174
15.5,2,13,7,1178
15.5,2,13,8,1182
15.5,2,13,9,1185
15.5,2,13,10,1189
15.5,2,13,11,1193
15.5,2,13,12,1196
15.5,2,13,13,1200
15.5,2,13,14,1203
15.5,2,13,15,1207
15.5,2,14,0,1156
15.5,2,14,1,1160
15.5,2,14,2,1163
15.5,2,14,3,1167
15.5,2,14,4,1171
15.5,2,14,5,1174
15.5,2,14,6,1178
15.5,2,14,7,1182
15.5,2,14,8,1185
15.5,2,14,9,1189
15.5,2,14,10,1193
15.5,2,14,11,1196
15.5,2,14,12,1200
15.5,2,14,13,1203
15.5,2,14,14,1207
15.5,2,14,15,1211
15.5,2,15,0,1159
15.5,2,15,1,1163
15.5,2,15,2,1167
15.5,2,15,3,1171
15.5,2,15,4,1174
15.5,2,15,5,1178
15.5,2,15,6,1182
15.5,2,15,7,1185
15.5,2,15,8,1189
15.5,2,15,9,1193
15.5,2,15,10,1196
15.5,2,15,11,1200
15.5,2,15,12,1203
15.5,2,15,13,1207
15.5,2,15,14,1211
15.5,2,15,15,1214
15.5,3,0,0,1109
15.5,3,0,1,1113
15.5,3,0,2,1116
15.5,3,0,3,1120
15.5,3,0,4,1124
15.5,3,0,5,1127
15.5,3,0,6,1131
15.5,3,0,7,1134
15.5,3,0,8,1138
15.5,3,0,9,1141
15.5,3,0,10,1145
15.5,3,0,11,1148
15.5,3,0,12,1151
15.5,3,0,13,1155
15.5,3,0,14,1158
15.5,3,0,15,1162
15.5,3,1,0,1113
15.5,3,1,1,1117
15.5,3,1,2,1120
15.5,3,1,3,1124
15.5,3,1,4,1127
15.5,3,1,5,1131
15.5,3,1,6,1134
15.5,3,1,7,1138
15.5,3,1,8,1141
15.5,3,1,9,1145
15.5,3,1,10,1148
15.5,3,1,11,1152
15.5,3,1,12,1155
15.5,3,1,13,1159
15.5,3,1,14,1162
15.5,3,1,15,1166
15.5,3,2,0,1117
15.5,3,2,1,1120
15.5,3,2,2,1124
15.5,3,2,3,1127
15.5,3,2,4,1131
15.5,3,2,5,1135
15.5,3,2,6,1138
15.5,3,2,7,1142
15.5,3,2,8,1145
15.5,3,2,9,1149
15.5,3,2,10,1152
15.5,3,2,11,1156
15.5,3,2,12,1159
15.5,3,2,13,1163
15.5,3,2,14,1166
15.5,3,2,15,1170
15.5,3,3,0,1120
15.5,3,3,1,1124
15.5,3,3,2,1128
15.5,3,3,3,1131
15.5,3,3,4,1135
15.5,3,3,5,1138
15.5,3,3,6,1142
15.5,3,3,7,1145
15.5,3,3,8,1149
15.5,3,3,9,1152
15.5,3,3,10,1156
15.5,3,3,11,1159
15.5,3,3,12,1163
15.5,3,3,13,1166
15.5,3,3,14,1170
15.5,3,3,15,1173
15.5,3,4,0,1124
15.5,3,4,1,1128
15.5,3,4,2,1131
15.5,3,4,3,1135
15.5,3,4,4,1139
15.5,3,4,5,1142
15.5,3,4,6,1146
15.5,3,4,7,1149
15.5,3,4,8,1153
15.5,3,4,9,1156
15.5,3,4,10,1160
15.5,3,4,11,1163
15.5,3,4,12,1167
15.5,3,4,13,1170
15.5,3,4,14,1174
15.5,3,4,15,1177
15.5,3,5,0,1128
15.5,3,5,1,1131
15.5,3,5,2,1135
15.5,3,5,3,1139
15.5,3,5,4,1142
15.5,3,5,5,1146
15.5,3,5,6,1149
15.5,3,5,7,1153
15.5,3,5,8,1157
15.5,3,5,9,1160
15.5,3,5,10,1164
15.5,3,5,11,1167
15.5,3,5,12,1171
15.5,3,5,13,1174
15.5,3,5,14,1178
15.5,3,5,15,1181
15.5,3,6,0,1131
15.5,3,6,1,1135
15.5,3,6,2,1139
15.5,3,6,3,1142
15.5,3,6,4,1146
15.5,3,6,5,1150
15.5,3,6,6,1153
15.5,3,6,7,1157
15.5,3,6,8,1160
15.5,3,6,9,1164
15.5,3,6,10,1167
15.5,3,6,11,1171
15.5,3,6,12,1174
15.5,3,6,13,1178
15.5,3,6,14,1181
15.5,3,6,15,1185
15.5,3,7,0,1135
15.5,3,7,1,1139
15.5,3,7,2,1142
15.5,3,7,3,1146
15.5,3,7,4,1150
15.5,3,7,5,1153
15.5,3,7,6,1157
15.5,3,7,7,1160
15.5,3,7,8,1164
15.5,3,7,9,1168
15.5,3,7,10,1171
15.5,3,7,11,1175
15.5,3,7,12,1178
15.5,3,7,13,1182
15.5,3,7,14,1185
15.5,3,7,15,1189
15.5,3,8,0,1139
15.5,3,8,1,1142
15.5,3,8,2,1146
15.5,3,8,3,1150
15.5,3,8,4,1153
15.5,3,8,5,1157
15.5,3,8,6,1161
15.5,3,8,7,1164
15.5,3,8,8,1168
15.5,3,8,9,1171
15.5,3,8,10,1175
15.5,3,8,11,1178
15.5,3,8,12,1182
15.5,3,8,13,1186
15.5,3,8,14,1189
15.5,3,8,15,1193
15.5,3,9,0,1142
15.5,3,9,1,1146
15.5,3,9,2,1150
15.5,3,9,3,1153
15.5,3,9,4,1157
15.5,3,9,5,1161
15.5,3,9,6,1164
15.5,3,9,7,1168
15.5,3,9,8,1171
15.5,3,9,9,1175
15.5,3,9,10,1179
15.5,3,9,11,1182
15.5,3,9,12,1186
15.5,3,9,13,1189
15.5,3,9,14,1193
15.5,3,9,15,1196
15.5,3,10,0,1146
15.5,3,10,1,1150
15.5,3,10,2,1153
15.5,3,10,3,1157
15.5,3,10,4,1161
15.5,3,10,5,1164
15.5,3,10,6,1168
15.5,3,10,7,1172
15.5,3,10,8,1175
15.5,3,10,9,1179
15.5,3,10,10,1182
15.5,3,10,11,1186
15.5,3,10,12,1189
15.5,3,10,13,1193
15.5,3,10,14,1197
15.5,3,10,15,1200
15.5,3,11,0,1150
15.5,3,11,1,1153
15.5,3,11,2,1157
15.5,3,11,3,1161
15.5,3,11,4,1164
15.5,3,11,5,1168
15.5,3,11,6,1172
15.5,3,11,7,1175
15.5,3,11,8,1179
15.5,3,11,9,1182
15.5,3,11,10,1186
15.5,3,11,11,1190
15.5,3,11,12,1193
15.5,3,11,13,1197
15.5,3,11,14,1200
15.5,3,11,15,1204
15.5,3,12,0,1153
15.5,3,12,1,1157
15.5,3,12,2,1161
15.5,3,12,3,1164
15.5,3,12,4,1168
15.5,3,12,5,1172
15.5,3,12,6,1175
15.5,3,12,7,1179
15.5,3,12,8,1183
15.5,3,12,9,1186
15.5,3,12,10,1190
15.5,3,12,11,1193
15.5,3,12,12,1197
15.5,3,12,13,1201
15.5,3,12,14,1204
15.5,3,12,15,1208
15.5,3,13,0,1157
15.5,3,13,1,1160
15.5,3,13,2,1164
15.5,3,13,3,1168
15.5,3,13,4,1172
15.5,3,13,5,1175
15.5,3,13,6,1179
15.5,3,13,7,1183
15.5,3,13,8,1186
15.5,3,13,9,1190
15.5,3,13,10,1193
15.5,3,13,11,1197
15.5,3,13,12,1201
15.5,3,13,13,1204
15.5,3,13,14,1208
15.5,3,13,15,1211
15.5,3,14,0,1160
15.5,3,14,1,1164
15.5,3,14,2,1168
15.5,3,14,3,1171
15.5,3,14,4,1175
15.5,3,14,5,1179
15.5,3,14,6,1183
15.5,3,14,7,1186
15.5,3,14,8,1190
15.5,3,14,9,1193
15.5,3,14,10,1197
15.5,3,14,11,1201
15.5,3,14,12,1204
15.5,3,14,13,1208
15.5,3,14,14,1212
15.5,3,14,15,1215
15.5,3,15,0,1164
15.5,3,15,1,1168
15.5,3,15,2,1171
15.5,3,15,3,1175
15.5,3,15,4,1179
15.5,3,15,5,1182
15.5,3,15,6,1186
15.5,3,15,7,1190
15.5,3,15,8,1193
15.5,3,15,9,1197
15.5,3,15,10,1201
15.5,3,15,11,1204
15.5,3,15,12,1208
15.5,3,15,13,1212
15.5,3,15,14,1215
15.5,3,15,15,1219
15.5,4,0,0,1113
15.5,4,0,1,1117
15.5,4,0,2,1121
15.5,4,0,3,1124
15.5,4,0,4,1128
15.5,4,0,5,1131
15.5,4,0,6,1135
15.5,4,0,7,1138
15.5,4,0,8,1142
15.5,4,0,9,1145
15.5,4,0,10,1149
15.5,4,0,11,1152
15.5,4,0,12,1156
15.5,4,0,13,1159
15.5,4,0,14,1163
15.5,4,0,15,1166
15.5,4,1,0,1117
15.5,4,1,1,1121
15.5,4,1,2,1124
15.5,4,1,3,1128
15.5,4,1,4,1132
15.5,4,1,5,1135
15.5,4,1,6,1139
15.5,4,1,7,1142
15.5,4,1,8,1146
15.5,4,1,9,1149
15.5,4,1,10,1153
15.5,4,1,11,1156
15.5,4,1,12,1160
15.5,4,1,13,1163
15.5,4,1,14,1167
15.5,4,1,15,1170
15.5,4,2,0,1121
15.5,4,2,1,1125
15.5,4,2,2,1128
15.5,4,2,3,1132
15.5,4,2,4,1135
15.5,4,2,5,1139
15.5,4,2,6,1142
15.5,4,2,7,1146
15.5,4,2,8,1150
15.5,4,2,9,1153
15.5,4,2,10,1157
15.5,4,2,11,1160
15.5,4,2,12,1164
15.5,4,2,13,1167
15.5,4,2,14,1170
15.5,4,2,15,1174
15.5,4,3,0,1125
15.5,4,3,1,1128
15.5,4,3,2,1132
15.5,4,3,3,1135
15.5,4,3,4,1139
15.5,4,3,5,1143
15.5,4,3,6,1146
15.5,4,3,7,1150
15.5,4,3,8,1153
15.5,4,3,9,1157
15.5,4,3,10,1160
15.5,4,3,11,1164
15.5,4,3,12,1167
15.5,4,3,13,1171
15.5,4,3,14,1174
15.5,4,3,15,1178
15.5,4,4,0,1128
15.5,4,4,1,1132
15.5,4,4,2,1136
15.5,4,4,3,1139
15.5,4,4,4,1143
15.5,4,4,5,1146
15.5,4,4,6,1150
15.5,4,4,7,1154
15.5,4,4,8,1157
15.5,4,4,9,1161
15.5,4,4,10,1164
15.5,4,4,11,1168
15.5,4,4,12,1171
15.5,4,4,13,1175
15.5,4,4,14,1178
15.5,4,4,15,1182
15.5,4,5,0,1132
15.5,4,5,1,1136
15.5,4,5,2,1139
15.5,4,5,3,1143
15.5,4,5,4,1147
15.5,4,5,5,1150
15.5,4,5,6,1154
15.5,4,5,7,1157
15.5,4,5,8,1161
15.5,4,5,9,1164
15.5,4,5,10,1168
15.5,4,5,11,1172
15.5,4,5,12,1175
15.5,4,5,13,1179
15.5,4,5,14,1182
15.5,4,5,15,1186
15.5,4,6,0,1136
15.5,4,6,1,1139
15.5,4,6,2,1143
15.5,4,6,3,1147
15.5,4,6,4,1150
15.5,4,6,5,1154
15.5,4,6,6,1157
15.5,4,6,7,1161
15.5,4,6,8,1165
15.5,4,6,9,1168
15.5,4,6,10,1172
15.5,4,6,11,1175
15.5,4,6,12,1179
15.5,4,6,13,1182
15.5,4,6,14,1186
15.5,4,6,15,1189
15.5,4,7,0,1139
15.5,4,7,1,1143
15.5,4,7,2,1147
15.5,4,7,3,1150
15.5,4,7,4,1154
15.5,4,7,5,1158
15.5,4,7,6,1161
15.5,4,7,7,1165
15.5,4,7,8,1168
15.5,4,7,9,1172
15.5,4,7,10,1176
15.5,4,7,11,1179
15.5,4,7,12,1183
15.5,4,7,13,1186
15.5,4,7,14,1190
15.5,4,7,15,1193
15.5,4,8,0,1143
15.5,4,8,1,1147
15.5,4,8,2,1150
15.5,4,8,3,1154
15.5,4,8,4,1158
15.5,4,8,5,1161
15.5,4,8,6,1165
15.5,4,8,7,1169
15.5,4,8,8,1172
15.5,4,8,9,1176
15.5,4,8,10,1179
15.5,4,8,11,1183
15.5,4,8,12,1186
15.5,4,8,13,1190
15.5,4,8,14,1194
15.5,4,8,15,1197
15.5,4,9,0,1147
15.5,4,9,1,1150
15.5,4,9,2,1154
15.5,4,9,3,1158
15.5,4,9,4,1161
15.5,4,9,5,1165
15.5,4,9,6,1169
15.5,4,9,7,1172
15.5,4,9,8,1176
15.5,4,9,9,1179
15.5,4,9,10,1183
15.5,4,9,11,1187
15.5,4,9,12,1190
15.5,4,9,13,1194
15.5,4,9,14,1197
15.5,4,9,15,1201
15.5,4,10,0,1150
15.5,4,10,1,1154
15.5,4,10,2,1158
15.5,4,10,3,1161
15.5,4,10,4,1165
15.5,4,10,5,1169
15.5,4,10,6,1172
15.5,4,10,7,1176
15.5,4,10,8,1180
15.5,4,10,9,1183
15.5,4,10,10,1187
15.5,4,10,11,1190
15.5,4,10,12,1194
15.5,4,10,13,1198
15.5,4,10,14,1201
15.5,4,10,15,1205
15.5,4,11,0,1154
15.5,4,11,1,1158
15.5,4,11,2,1161
15.5,4,11,3,1165
15.5,4,11,4,1169
15.5,4,11,5,1172
15.5,4,11,6,1176
15.5,4,11,7,1180
15.5,4,11,8,1183
15.5,4,11,9,1187
15.5,4,11,10,1191
15.5,4,11,11,1194
15.5,4,11,12,1198
15.5,4,11,13,1201
15.5,4,11,14,1205
15.5,4,11,15,1208
15.5,4,12,0,1157
15.5,4,12,1,1161
15.5,4,12,2,1165
15.5,4,12,3,1169
15.5,4,12,4,1172
15.5,4,12,5,1176
15.5,4,12,6,1180
15.5,4,12,7,1183
15.5,4,12,8,1187
15.5,4,12,9,1191
15.5,4,12,10,1194
15.5,4,12,11,1198
15.5,4,12,12,1201
15.5,4,12,13,1205
15.5,4,12,14,1209
15.5,4,12,15,1212
15.5,4,13,0,1161
15.5,4,13,1,1165
15.5,4,13,2,1169
15.5,4,13,3,1172
15.5,4,13,4,1176
15.5,4,13,5,1180
15.5,4,13,6,1183
15.5,4,13,7,1187
15.5,4,13,8,1191
15.5,4,13,9,1194
15.5,4,13,10,1198
15.5,4,13,11,1202
15.5,4,13,12,1205
15.5,4,13,13,1209
15.5,4,13,14,1212
15.5,4,13,15,1216
15.5,4,14,0,1165
15.5,4,14,1,1168
15.5,4,14,2,1172
15.5,4,14,3,1176
15.5,4,14,4,1180
15.5,4,14,5,1183
15.5,4,14,6,1187
15.5,4,14,7,1191
15.5,4,14,8,1194
15.5,4,14,9,1198
15.5,4,14,10,1202
15.5,4,14,11,1205
15.5,4,14,12,1209
15.5,4,14,13,1213
15.5,4,14,14,1216
15.5,4,14,15,1220
15.5,4,15,0,1168
15.5,4,15,1,1172
15.5,4,15,2,1176
15.5,4,15,3,1179
15.5,4,15,4,1183
15.5,4,15,5,1187
15.5,4,15,6,1191
15.5,4,15,7,1194
15.5,4,15,8,1198
15.5,4,15,9,1202
15.5,4,15,10,1205
15.5,4,15,11,1209
15.5,4,15,12,1213
15.5,4,15,13,1216
15.5,4,15,14,1220
15.5,4,15,15,1223
15.5,5,0,0,1118
15.5,5,0,1,1121
15.5,5,0,2,1125
15.5,5,0,3,1128
15.5,5,0,4,1132
15.5,5,0,5,1136
15.5,5,0,6,1139
15.5,5,0,7,1143
15.5,5,0,8,1146
15.5,5,0,9,1150
15.5,5,0,10,1153
15.5,5,0,11,1157
15.5,5,0,12,1160
15.5,5,0,13,1164
15.5,5,0,14,1167
15.5,5,0,15,1171
15.5,5,1,0,1121
15.5,5,1,1,1125
15.5,5,1,2,1129
15.5,5,1,3,1132
15.5,5,1,4,1136
15.5,5,1,5,1139
15.5,5,1,6,1143
15.5,5,1,7,1146
15.5,5,1,8,1150
15.5,5,1,9,1154
15.5,5,1,10,1157
15.5,5,1,11,1161
15.5,5,1,12,1164
15.5,5,1,13,1168
15.5,5,1,14,1171
15.5,5,1,15,1174
15.5,5,2,0,1125
15.5,5,2,1,1129
15.5,5,2,2,1132
15.5,5,2,3,1136
15.5,5,2,4,1140
15.5,5,2,5,1143
15.5,5,2,6,1147
15.5,5,2,7,1150
15.5,5,2,8,1154
15.5,5,2,9,1157
15.5,5,2,10,1161
15.5,5,2,11,1164
15.5,5,2,12,1168
15.5,5,2,13,1171
15.5,5,2,14,1175
15.5,5,2,15,1178
15.5,5,3,0,1129
15.5,5,3,1,1133
15.5,5,3,2,1136
15.5,5,3,3,1140
15.5,5,3,4,1143
15.5,5,3,5,1147
15.5,5,3,6,1151
15.5,5,3,7,1154
15.5,5,3,8,1158
15.5,5,3,9,1161
15.5,5,3,10,1165
15.5,5,3,11,1168
15.5,5,3,12,1172
15.5,5,3,13,1175
15.5,5,3,14,1179
15.5,5,3,15,1182
15.5,5,4,0,1133
15.5,5,4,1,1136
15.5,5,4,2,1140
15.5,5,4,3,1144
15.5,5,4,4,1147
15.5,5,4,5,1151
15.5,5,4,6,1154
15.5,5,4,7,1158
15.5,5,4,8,1161
15.5,5,4,9,1165
15.5,5,4,10,1169
15.5,5,4,11,1172
15.5,5,4,12,1176
15.5,5,4,13,1179
15.5,5,4,14,1183
15.5,5,4,15,1186
15.5,5,5,0,1136
15.5,5,5,1,1140
15.5,5,5,2,1144
15.5,5,5,3,1147
15.5,5,5,4,1151
15.5,5,5,5,1154
15.5,5,5,6,1158
15.5,5,5,7,1162
15.5,5,5,8,1165
15.5,5,5,9,1169
15.5,5,5,10,1172
15.5,5,5,11,1176
15.5,5,5,12,1179
15.5,5,5,13,1183
15.5,5,5,14,1187
15.5,5,5,15,1190
15.5,5,6,0,1140
15.5,5,6,1,1144
15.5,5,6,2,1147
15.5,5,6,3,1151
15.5,5,6,4,1155
15.5,5,6,5,1158
15.5,5,6,6,1162
15.5,5,6,7,1165
15.5,5,6,8,1169
15.5,5,6,9,1173
15.5,5,6,10,1176
15.5,5,6,11,1180
15.5,5,6,12,1183
15.5,5,6,13,1187
15.5,5,6,14,1190
15.5,5,6,15,1194
15.5,5,7,0,1144
15.5,5,7,1,1147
15.5,5,7,2,1151
15.5,5,7,3,1155
15.5,5,7,4,1158
15.5,5,7,5,1162
15.5,5,7,6,1166
15.5,5,7,7,1169
15.5,5,7,8,1173
15.5,5,7,9,1176
15.5,5,7,10,1180
15.5,5,7,11,1184
15.5,5,7,12,1187
15.5,5,7,13,1191
15.5,5,7,14,1194
15.5,5,7,15,1198
15.5,5,8,0,1147
15.5,5,8,1,1151
15.5,5,8,2,1155
15.5,5,8,3,1158
15.5,5,8,4,1162
15.5,5,8,5,1166
15.5,5,8,6,1169
15.5,5,8,7,1173
15.5,5,8,8,1177
15.5,5,8,9,1180
15.5,5,8,10,1184
15.5,5,8,11,1187
15.5,5,8,12,1191
15.5,5,8,13,1194
15.5,5,8,14,1198
15.5,5,8,15,1202
15.5,5,9,0,1151
15.5,5,9,1,1155
15.5,5,9,2,1158
15.5,5,9,3,1162
15.5,5,9,4,1166
15.5,5,9,5,1169
15.5,5,9,6,1173
15.5,5,9,7,1177
15.5,5,9,8,1180
15.5,5,9,9,1184
15.5,5,9,10,1188
15.5,5,9,11,1191
15.5,5,9,12,1195
15.5,5,9,13,1198
15.5,5,9,14,1202
15.5,5,9,15,1205
15.5,5,10,0,1155
15.5,5,10,1,1158
15.5,5,10,2,1162
15.5,5,10,3,1166
15.5,5,10,4,1169
15.5,5,10,5,1173
15.5,5,10,6,1177
15.5,5,10,7,1180
15.5,5,10,8,1184
15.5,5,10,9,1188
15.5,5,10,10,1191
15.5,5,10,11,1195
15.5,5,10,12,1198
15.5,5,10,13,1202
15.5,5,10,14,1206
15.5,5,10,15,1209
15.5,5,11,0,1158
15.5,5,11,1,1162
15.5,5,11,2,1166
15.5,5,11,3,1169
15.5,5,11,4,1173
15.5,5,11,5,1177
15.5,5,11,6,1180
15.5,5,11,7,1184
15.5,5,11,8,1188
15.5,5,11,9,1191
15.5,5,11,10,1195
15.5,5,11,11,1199
15.5,5,11,12,1202
15.5,5,11,13,1206
15.5,5,11,14,1209
15.5,5,11,15,1213
15.5,5,12,0,1162
15.5,5,12,1,1166
15.5,5,12,2,1169
15.5,5,12,3,1173
15.5,5,12,4,1177
15.5,5,12,5,1180
15.5,5,12,6,1184
15.5,5,12,7,1188
15.5,5,12,8,1191
15.5,5,12,9,1195
15.5,5,12,10,1199
15.5,5,12,11,1202
15.5,5,12,12,1206
15.5,5,12,13,1210
15.5,5,12,14,1213
15.5,5,12,15,1217
15.5,5,13,0,1165
15.5,5,13,1,1169
15.5,5,13,2,1173
15.5,5,13,3,1177
15.5,5,13,4,1180
15.5,5,13,5,1184
15.5,5,13,6,1188
15.5,5,13,7,1191
15.5,5,13,8,1195
15.5,5,13,9,1199
15.5,5,13,10,1202
15.5,5,13,11,1206
15.5,5,13,12,1210
15.5,5,13,13,1213
15.5,5,13,14,1217
15.5,5,13,15,1221
15.5,5,14,0,1169
15.5,5,14,1,1173
15.5,5,14,2,1177
15.5,5,14,3,1180
15.5,5,14,4,1184
15.5,5,14,5,1188
15.5,5,14,6,1191
15.5,5,14,7,1195
15.5,5,14,8,1199
15.5,5,14,9,1203
15.5,5,14,10,1206
15.5,5,14,11,1210
15.5,5,14,12,1213
15.5,5,14,13,1217
15.5,5,14,14,1221
15.5,5,14,15,1224
15.5,5,15,0,1173
15.5,5,15,1,1176
15.5,5,15,2,1180
15.5,5,15,3,1184
15.5,5,15,4,1188
15.5,5,15,5,1191
15.5,5,15,6,1195
15.5,5,15,7,1199
15.5,5,15,8,1203
15.5,5,15,9,1206
15.5,5,15,10,1210
15.5,5,15,11,1214
15.5,5,15,12,1217
15.5,5,15,13,1221
15.5,5,15,14,1224
15.5,5,15,15,1228
15.5,6,0,0,1122
15.5,6,0,1,1126
15.5,6,0,2,1129
15.5,6,0,3,1133
15.5,6,0,4,1136
15.5,6,0,5,1140
15.5,6,0,6,1143
15.5,6,0,7,1147
15.5,6,0,8,1150
15.5,6,0,9,1154
15.5,6,0,10,1158
15.5,6,0,11,1161
15.5,6,0,12,1165
15.5,6,0,13,1168
15.5,6,0,14,1171
15.5,6,0,15,1175
15.5,6,1,0,1126
15.5,6,1,1,1129
15.5,6,1,2,1133
15.5,6,1,3,1137
15.5,6,1,4,1140
15.5,6,1,5,1144
15.5,6,1,6,1147
15.5,6,1,7,1151
15.5,6,1,8,1154
15.5,6,1,9,1158
15.5,6,1,10,1161
15.5,6,1,11,1165
15.5,6,1,12,1168
15.5,6,1,13,1172
15.5,6,1,14,1175
15.5,6,1,15,1179
15.5,6,2,0,1129
15.5,6,2,1,1133
15.5,6,2,2,1137
15.5,6,2,3,1140
15.5,6,2,4,1144
15.5,6,2,5,1147
15.5,6,2,6,1151
15.5,6,2,7,1155
15.5,6,2,8,1158
15.5,6,2,9,1162
15.5,6,2,10,1165
15.5,6,2,11,1169
15.5,6,2,12,1172
15.5,6,2,13,1176
15.5,6,2,14,1179
15.5,6,2,15,1183
15.5,6,3,0,1133
15.5,6,3,1,1137
15.5,6,3,2,1140
15.5,6,3,3,1144
15.5,6,3,4,1148
15.5,6,3,5,1151
15.5,6,3,6,1155
15.5,6,3,7,1158
15.5,6,3,8,1162
15.5,6,3,9,1166
15.5,6,3,10,1169
15.5,6,3,11,1173
15.5,6,3,12,1176
15.5,6,3,13,1180
15.5,6,3,14,1183
15.5,6,3,15,1187
15.5,6,4,0,1137
15.5,6,4,1,1141
15.5,6,4,2,1144
15.5,6,4,3,1148
15.5,6,4,4,1151
15.5,6,4,5,1155
15.5,6,4,6,1159
15.5,6,4,7,1162
15.5,6,4,8,1166
15.5,6,4,9,1169
15.5,6,4,10,1173
15.5,6,4,11,1177
15.5,6,4,12,1180
15.5,6,4,13,1184
15.5,6,4,14,1187
15.5,6,4,15,1191
15.5,6,5,0,1141
15.5,6,5,1,1144
15.5,6,5,2,1148
15.5,6,5,3,1152
15.5,6,5,4,1155
15.5,6,5,5,1159
15.5,6,5,6,1162
15.5,6,5,7,1166
15.5,6,5,8,1170
15.5,6,5,9,1173
15.5,6,5,10,1177
15.5,6,5,11,1180
15.5,6,5,12,1184
15.5,6,5,13,1187
15.5,6,5,14,1191
15.5,6,5,15,1195
15.5,6,6,0,1144
15.5,6,6,1,1148
15.5,6,6,2,1152
15.5,6,6,3,1155
15.5,6,6,4,1159
15.5,6,6,5,1163
15.5,6,6,6,1166
15.5,6,6,7,1170
15.5,6,6,8,1173
15.5,6,6,9,1177
15.5,6,6,10,1181
15.5,6,6,11,1184
15.5,6,6,12,1188
15.5,6,6,13,1191
15.5,6,6,14,1195
15.5,6,6,15,1198
15.5,6,7,0,1148
15.5,6,7,1,1152
15.5,6,7,2,1155
15.5,6,7,3,1159
15.5,6,7,4,1163
15.5,6,7,5,1166
15.5,6,7,6,1170
15.5,6,7,7,1174
15.5,6,7,8,1177
15.5,6,7,9,1181
15.5,6,7,10,1184
15.5,6,7,11,1188
15.5,6,7,12,1192
15.5,6,7,13,1195
15.5,6,7,14,1199
15.5,6,7,15,1202
15.5,6,8,0,1152
15.5,6,8,1,1155
15.5,6,8,2,1159
15.5,6,8,3,1163
15.5,6,8,4,1166
15.5,6,8,5,1170
15.5,6,8,6,1174
15.5,6,8,7,1177
15.5,6,8,8,1181
15.5,6,8,9,1185
15.5,6,8,10,1188
15.5,6,8,11,1192
15.5,6,8,12,1195
15.5,6,8,13,1199
15.5,6,8,14,1203
15.5,6,8,15,1206
15.5,6,9,0,1155
15.5,6,9,1,1159
15.5,6,9,2,1163
15.5,6,9,3,1166
15.5,6,9,4,1170
15.5,6,9,5,1174
15.5,6,9,6,1177
15.5,6,9,7,1181
15.5,6,9,8,1185
15.5,6,9,9,1188
15.5,6,9,10,1192
15.5,6,9,11,1196
15.5,6,9,12,1199
15.5,6,9,13,1203
15.5,6,9,14,1206
15.5,6,9,15,1210
15.5,6,10,0,1159
15.5,6,10,1,1163
15.5,6,10,2,1166
15.5,6,10,3,1170
15.5,6,10,4,1174
15.5,6,10,5,1178
15.5,6,10,6,1181
15.5,6,10,7,1185
15.5,6,10,8,1188
15.5,6,10,9,1192
15.5,6,10,10,1196
15.5,6,10,11,1199
15.5,6,10,12,1203
15.5,6,10,13,1207
15.5,6,10,14,1210
15.5,6,10,15,1214
15.5,6,11,0,1163
15.5,6,11,1,1166
15.5,6,11,2,1170
15.5,6,11,3,1174
15.5,6,11,4,1178
15.5,6,11,5,1181
15.5,6,11,6,1185
15.5,6,11,7,1189
15.5,6,11,8,1192
15.5,6,11,9,1196
15.5,6,11,10,1200
15.5,6,11,11,1203
15.5,6,11,12,1207
15.5,6,11,13,1210
15.5,6,11,14,1214
15.5,6,11,15,1218
15.5,6,12,0,1166
15.5,6,12,1,1170
15.5,6,12,2,1174
15.5,6,12,3,1177
15.5,6,12,4,1181
15.5,6,12,5,1185
15.5,6,12,6,1189
15.5,6,12,7,1192
15.5,6,12,8,1196
15.5,6,12,9,1200
15.5,6,12,10,1203
15.5,6,12,11,1207
15.5,6,12,12,1211
15.5,6,12,13,1214
15.5,6,12,14,1218
15.5,6,12,15,1221
15.5,6,13,0,1170
15.5,6,13,1,1174
15.5,6,13,2,1177
15.5,6,13,3,1181
15.5,6,13,4,1185
15.5,6,13,5,1189
15.5,6,13,6,1192
15.5,6,13,7,1196
15.5,6,13,8,1200
15.5,6,13,9,1203
15.5,6,13,10,1207
15.5,6,13,11,1211
15.5,6,13,12,1214
15.5,6,13,13,1218
15.5,6,13,14,1222
15.5,6,13,15,1225
15.5,6,14,0,1173
15.5,6,14,1,1177
15.5,6,14,2,1181
15.5,6,14,3,1185
15.5,6,14,4,1188
15.5,6,14,5,1192
15.5,6,14,6,1196
15.5,6,14,7,1200
15.5,6,14,8,1203
15.5,6,14,9,1207
15.5,6,14,10,1211
15.5,6,14,11,1214
15.5,6,14,12,1218
15.5,6,14,13,1222
15.5,6,14,14,1225
15.5,6,14,15,1229
15.5,6,15,0,1177
15.5,6,15,1,1181
15.5,6,15,2,1185
15.5,6,15,3,1188
15.5,6,15,4,1192
15.5,6,15,5,1196
15.5,6,15,6,1200
15.5,6,15,7,1203
15.5,6,15,8,1207
15.5,6,15,9,1211
15.5,6,15,10,1214
15.5,6,15,11,1218
15.5,6,15,12,1222
15.5,6,15,13,1225
15.5,6,15,14,1229
15.5,6,15,15,1233
15.5,7,0,0,1126
15.5,7,0,1,1130
15.5,7,0,2,1133
15.5,7,0,3,1137
15.5,7,0,4,1141
15.5,7,0,5,1144
15.5,7,0,6,1148
15.5,7,0,7,1151
15.5,7,0,8,1155
15.5,7,0,9,1158
15.5,7,0,10,1162
15.5,7,0,11,1165
15.5,7,0,12,1169
15.5,7,0,13,1172
15.5,7,0,14,1176
15.5,7,0,15,1179
15.5,7,1,0,1130
15.5,7,1,1,1134
15.5,7,1,2,1137
15.5,7,1,3,1141
15.5,7,1,4,1144
15.5,7,1,5,1148
15.5,7,1,6,1152
15.5,7,1,7,1155
15.5,7,1,8,1159
15.5,7,1,9,1162
15.5,7,1,10,1166
15.5,7,1,11,1169
15.5,7,1,12,1173
15.5,7,1,13,1176
15.5,7,1,14,1180
15.5,7,1,15,1183
15.5,7,2,0,1134
15.5,7,2,1,1137
15.5,7,2,2,1141
15.5,7,2,3,1145
15.5,7,2,4,1148
15.5,7,2,5,1152
15.5,7,2,6,1155
15.5,7,2,7,1159
15.5,7,2,8,1163
15.5,7,2,9,1166
15.5,7,2,10,1170
15.5,7,2,11,1173
15.5,7,2,12,1177
15.5,7,2,13,1180
15.5,7,2,14,1184
15.5,7,2,15,1187
15.5,7,3,0,1137
15.5,7,3,1,1141
15.5,7,3,2,1145
15.5,7,3,3,1148
15.5,7,3,4,1152
15.5,7,3,5,1156
15.5,7,3,6,1159
15.5,7,3,7,1163
15.5,7,3,8,1166
15.5,7,3,9,1170
15.5,7,3,10,1174
15.5,7,3,11,1177
15.5,7,3,12,1181
15.5,7,3,13,1184
15.5,7,3,14,1188
15.5,7,3,15,1191
15.5,7,4,0,1141
15.5,7,4,1,1145
15.5,7,4,2,1148
15.5,7,4,3,1152
15.5,7,4,4,1156
15.5,7,4,5,1159
15.5,7,4,6,1163
15.5,7,4,7,1167
15.5,7,4,8,1170
15.5,7,4,9,1174
15.5,7,4,10,1177
15.5,7,4,11,1181
15.5,7,4,12,1184
15.5,7,4,13,1188
15.5,7,4,14,1192
15.5,7,4,15,1195
15.5,7,5,0,1145
15.5,7,5,1,1149
15.5,7,5,2,1152
15.5,7,5,3,1156
15.5,7,5,4,1160
15.5,7,5,5,1163
15.5,7,5,6,1167
15.5,7,5,7,1170
15.5,7,5,8,1174
15.5,7,5,9,1178
15.5,7,5,10,1181
15.5,7,5,11,1185
15.5,7,5,12,1188
15.5,7,5,13,1192
15.5,7,5,14,1195
15.5,7,5,15,1199
15.5,7,6,0,1149
15.5,7,6,1,1152
15.5,7,6,2,1156
15.5,7,6,3,1160
15.5,7,6,4,1163
15.5,7,6,5,1167
15.5,7,6,6,1171
15.5,7,6,7,1174
15.5,7,6,8,1178
15.5,7,6,9,1181
15.5,7,6,10,1185
15.5,7,6,11,1189
15.5,7,6,12,1192
15.5,7,6,13,1196
15.5,7,6,14,1199
15.5,7,6,15,1203
15.5,7,7,0,1152
15.5,7,7,1,1156
15.5,7,7,2,1160
15.5,7,7,3,1163
15.5,7,7,4,1167
15.5,7,7,5,1171
15.5,7,7,6,1174
15.5,7,7,7,1178
15.5,7,7,8,1182
15.5,7,7,9,1185
15.5,7,7,10,1189
15.5,7,7,11,1192
15.5,7,7,12,1196
15.5,7,7,13,1200
15.5,7,7,14,1203
15.5,7,7,15,1207
15.5,7,8,0,1156
15.5,7,8,1,1160
15.5,7,8,2,1163
15.5,7,8,3,1167
15.5,7,8,4,1171
15.5,7,8,5,1174
15.5,7,8,6,1178
15.5,7,8,7,1182
15.5,7,8,8,1185
15.5,7,8,9,1189
15.5,7,8,10,1193
15.5,7,8,11,1196
15.5,7,8,12,1200
15.5,7,8,13,1203
15.5,7,8,14,1207
15.5,7,8,15,1211
15.5,7,9,0,1160
15.5,7,9,1,1163
15.5,7,9,2,1167
15.5,7,9,3,1171
15.5,7,9,4,1175
15.5,7,9,5,1178
15.5,7,9,6,1182
15.5,7,9,7,1186
15.5,7,9,8,1189
15.5,7,9,9,1193
15.5,7,9,10,1196
15.5,7,9,11,1200
15.5,7,9,12,1204
15.5,7,9,13,1207
15.5,7,9,14,1211
15.5,7,9,15,1214
15.5,7,10,0,1163
15.5,7,10,1,1167
15.5,7,10,2,1171
15.5,7,10,3,1175
15.5,7,10,4,1178
15.5,7,10,5,1182
15.5,7,10,6,1186
15.5,7,10,7,1189
15.5,7,10,8,1193
15.5,7,10,9,1197
15.5,7,10,10,1200
15.5,7,10,11,1204
15.5,7,10,12,1208
15.5,7,10,13,1211
15.5,7,10,14,1215
15.5,7,10,15,1218
15.5,7,11,0,1167
15.5,7,11,1,1171
15.5,7,11,2,1174
15.5,7,11,3,1178
15.5,7,11,4,1182
15.5,7,11,5,1186
15.5,7,11,6,1189
15.5,7,11,7,1193
15.5,7,11,8,1197
15.5,7,11,9,1200
15.5,7,11,10,1204
15.5,7,11,11,1208
15.5,7,11,12,1211
15.5,7,11,13,1215
15.5,7,11,14,1219
15.5,7,11,15,1222
15.5,7,12,0,1171
15.5,7,12,1,1174
15.5,7,12,2,1178
15.5,7,12,3,1182
15.5,7,12,4,1186
15.5,7,12,5,1189
15.5,7,12,6,1193
15.5,7,12,7,1197
15.5,7,12,8,1200
15.5,7,12,9,1204
15.5,7,12,10,1208
15.5,7,12,11,1211
15.5,7,12,12,1215
15.5,7,12,13,1219
15.5,7,12,14,1222
15.5,7,12,15,1226
15.5,7,13,0,1174
15.5,7,13,1,1178
15.5,7,13,2,1182
15.5,7,13,3,1186
15.5,7,13,4,1189
15.5,7,13,5,1193
15.5,7,13,6,1197
15.5,7,13,7,1200
15.5,7,13,8,1204
15.5,7,13,9,1208
15.5,7,13,10,1212
15.5,7,13,11,1215
15.5,7,13,12,1219
15.5,7,13,13,1222
15.5,7,13,14,1226
15.5,7,13,15,1230
15.5,7,14,0,1178
15.5,7,14,1,1182
15.5,7,14,2,1185
15.5,7,14,3,1189
15.5,7,14,4,1193
15.5,7,14,5,1197
15.5,7,14,6,1200
15.5,7,14,7,1204
15.5,7,14,8,1208
15.5,7,14,9,1212
15.5,7,14,10,1215
15.5,7,14,11,1219
15.5,7,14,12,1223
15.5,7,14,13,1226
15.5,7,14,14,1230
15.5,7,14,15,1234
15.5,7,15,0,1181
15.5,7,15,1,1185
15.5,7,15,2,1189
15.5,7,15,3,1193
15.5,7,15,4,1197
15.5,7,15,5,1200
15.5,7,15,6,1204
15.5,7,15,7,1208
15.5,7,15,8,1212
15.5,7,15,9,1215
15.5,7,15,10,1219
15.5,7,15,11,1223
15.5,7,15,12,1226
15.5,7,15,13,1230
15.5,7,15,14,1234
15.5,7,15,15,1237
15.5,8,0,0,1130
15.5,8,0,1,1134
15.5,8,0,2,1138
15.5,8,0,3,1141
15.5,8,0,4,1145
15.5,8,0,5,1148
15.5,8,0,6,1152
15.5,8,0,7,1156
15.5,8,0,8,1159
15.5,8,0,9,1163
15.5,8,0,10,1166
15.5,8,0,11,1170
15.5,8,0,12,1173
15.5,8,0,13,1177
15.5,8,0,14,1180
15.5,8,0,15,1184
15.5,8,1,0,1134
15.5,8,1,1,1138
15.5,8,1,2,1141
15.5,8,1,3,1145
15.5,8,1,4,1149
15.5,8,1,5,1152
15.5,8,1,6,1156
15.5,8,1,7,1159
15.5,8,1,8,1163
15.5,8,1,9,1167
15.5,8,1,10,1170
15.5,8,1,11,1174
15.5,8,1,12,1177
15.5,8,1,13,1181
15.5,8,1,14,1184
15.5,8,1,15,1188
15.5,8,2,0,1138
15.5,8,2,1,1142
15.5,8,2,2,1145
15.5,8,2,3,1149
15.5,8,2,4,1152
15.5,8,2,5,1156
15.5,8,2,6,1160
15.5,8,2,7,1163
15.5,8,2,8,1167
15.5,8,2,9,1170
15.5,8,2,10,1174
15.5,8,2,11,1178
15.5,8,2,12,1181
15.5,8,2,13,1185
15.5,8,2,14,1188
15.5,8,2,15,1192
15.5,8,3,0,1142
15.5,8,3,1,1145
15.5,8,3,2,1149
15.5,8,3,3,1153
15.5,8,3,4,1156
15.5,8,3,5,1160
15.5,8,3,6,1164
15.5,8,3,7,1167
15.5,8,3,8,1171
15.5,8,3,9,1174
15.5,8,3,10,1178
15.5,8,3,11,1181
15.5,8,3,12,1185
15.5,8,3,13,1189
15.5,8,3,14,1192
15.5,8,3,15,1196
15.5,8,4,0,1145
15.5,8,4,1,1149
15.5,8,4,2,1153
15.5,8,4,3,1156
15.5,8,4,4,1160
15.5,8,4,5,1164
15.5,8,4,6,1167
15.5,8,4,7,1171
15.5,8,4,8,1175
15.5,8,4,9,1178
15.5,8,4,10,1182
15.5,8,4,11,1185
15.5,8,4,12,1189
15.5,8,4,13,1192
15.5,8,4,14,1196
15.5,8,4,15,1200
15.5,8,5,0,1149
15.5,8,5,1,1153
15.5,8,5,2,1157
15.5,8,5,3,1160
15.5,8,5,4,1164
15.5,8,5,5,1168
15.5,8,5,6,1171
15.5,8,5,7,1175
15.5,8,5,8,1178
15.5,8,5,9,1182
15.5,8,5,10,1186
15.5,8,5,11,1189
15.5,8,5,12,1193
15.5,8,5,13,1196
15.5,8,5,14,1200
15.5,8,5,15,1203
15.5,8,6,0,1153
15.5,8,6,1,1157
15.5,8,6,2,1160
15.5,8,6,3,1164
15.5,8,6,4,1168
15.5,8,6,5,1171
15.5,8,6,6,1175
15.5,8,6,7,1179
15.5,8,6,8,1182
15.5,8,6,9,1186
15.5,8,6,10,1189
15.5,8,6,11,1193
15.5,8,6,12,1197
15.5,8,6,13,1200
15.5,8,6,14,1204
15.5,8,6,15,1207
15.5,8,7,0,1157
15.5,8,7,1,1160
15.5,8,7,2,1164
15.5,8,7,3,1168
15.5,8,7,4,1171
15.5,8,7,5,1175
15.5,8,7,6,1179
15.5,8,7,7,1182
15.5,8,7,8,1186
15.5,8,7,9,1190
15.5,8,7,10,1193
15.5,8,7,11,1197
15.5,8,7,12,1201
15.5,8,7,13,1204
15.5,8,7,14,1208
15.5,8,7,15,1211
15.5,8,8,0,1160
15.5,8,8,1,1164
15.5,8,8,2,1168
15.5,8,8,3,1171
15.5,8,8,4,1175
15.5,8,8,5,1179
15.5,8,8,6,1183
15.5,8,8,7,1186
15.5,8,8,8,1190
15.5,8,8,9,1193
15.5,8,8,10,1197
15.5,8,8,11,1201
15.5,8,8,12,1204
15.5,8,8,13,1208
15.5,8,8,14,1212
15.5,8,8,15,1215
15.5,8,9,0,1164
15.5,8,9,1,1168
15.5,8,9,2,1171
15.5,8,9,3,1175
15.5,8,9,4,1179
15.5,8,9,5,1183
15.5,8,9,6,1186
15.5,8,9,7,1190
15.5,8,9,8,1194
15.5,8,9,9,1197
15.5,8,9,10,1201
15.5,8,9,11,1205
15.5,8,9,12,1208
15.5,8,9,13,1212
15.5,8,9,14,1215
15.5,8,9,15,1219
15.5,8,10,0,1168
15.5,8,10,1,1171
15.5,8,10,2,1175
15.5,8,10,3,1179
15.5,8,10,4,1183
15.5,8,10,5,1186
15.5,8,10,6,1190
15.5,8,10,7,1194
15.5,8,10,8,1197
15.5,8,10,9,1201
15.5,8,10,10,1205
15.5,8,10,11,1208
15.5,8,10,12,1212
15.5,8,10,13,1216
15.5,8,10,14,1219
15.5,8,10,15,1223
15.5,8,11,0,1171
15.5,8,11,1,1175
15.5,8,11,2,1179
15.5,8,11,3,1183
15.5,8,11,4,1186
15.5,8,11,5,1190
15.5,8,11,6,1194
15.5,8,11,7,1197
15.5,8,11,8,1201
15.5,8,11,9,1205
15.5,8,11,10,1209
15.5,8,11,11,1212
15.5,8,11,12,1216
15.5,8,11,13,1219
15.5,8,11,14,1223
15.5,8,11,15,1227
15.5,8,12,0,1175
15.5,8,12,1,1179
15.5,8,12,2,1183
15.5,8,12,3,1186
15.5,8,12,4,1190
15.5,8,12,5,1194
15.5,8,12,6,1197
15.5,8,12,7,1201
15.5,8,12,8,1205
15.5,8,12,9,1209
15.5,8,12,10,1212
15.5,8,12,11,1216
15.5,8,12,12,1220
15.5,8,12,13,1223
15.5,8,12,14,1227
15.5,8,12,15,1231
15.5,8,13,0,1179
15.5,8,13,1,1182
15.5,8,13,2,1186
15.5,8,13,3,1190
15.5,8,13,4,1194
15.5,8,13,5,1197
15.5,8,13,6,1201
15.5,8,13,7,1205
15.5,8,13,8,1209
15.5,8,13,9,1212
15.5,8,13,10,1216
15.5,8,13,11,1220
15.5,8,13,12,1223
15.5,8,13,13,1227
15.5,8,13,14,1231
15.5,8,13,15,1234
15.5,8,14,0,1182
15.5,8,14,1,1186
15.5,8,14,2,1190
15.5,8,14,3,1194
15.5,8,14,4,1197
15.5,8,14,5,1201
15.5,8,14,6,1205
15.5,8,14,7,1209
15.5,8,14,8,1212
15.5,8,14,9,1216
15.5,8,14,10,1220
15.5,8,14,11,1223
15.5,8,14,12,1227
15.5,8,14,13,1231
15.5,8,14,14,1234
15.5,8,14,15,1238
15.5,8,15,0,1186
15.5,8,15,1,1190
15.5,8,15,2,1193
15.5,8,15,3,1197
15.5,8,15,4,1201
15.5,8,15,5,1205
15.5,8,15,6,1209
15.5,8,15,7,1212
15.5,8,15,8,1216
15.5,8,15,9,1220
15.5,8,15,10,1224
15.5,8,15,11,1227
15.5,8,15,12,1231
15.5,8,15,13,1235
15.5,8,15,14,1238
15.5,8,15,15,1242
15.5,9,0,0,1135
15.5,9,0,1,1138
15.5,9,0,2,1142
15.5,9,0,3,1145
15.5,9,0,4,1149
15.5,9,0,5,1153
15.5,9,0,6,1156
15.5,9,0,7,1160
15.5,9,0,8,1163
15.5,9,0,9,1167
15.5,9,0,10,1171
15.5,9,0,11,1174
15.5,9,0,12,1178
15.5,9,0,13,1181
15.5,9,0,14,1185
15.5,9,0,15,1188
15.5,9,1,0,1138
15.5,9,1,1,1142
15.5,9,1,2,1146
15.5,9,1,3,1149
15.5,9,1,4,1153
15.5,9,1,5,1157
15.5,9,1,6,1160
15.5,9,1,7,1164
15.5,9,1,8,1167
15.5,9,1,9,1171
15.5,9,1,10,1174
15.5,9,1,11,1178
15.5,9,1,12,1182
15.5,9,1,13,1185
15.5,9,1,14,1189
15.5,9,1,15,1192
15.5,9,2,0,1142
15.5,9,2,1,1146
15.5,9,2,2,1149
15.5,9,2,3,1153
15.5,9,2,4,1157
15.5,9,2,5,1160
15.5,9,2,6,1164
15.5,9,2,7,1168
15.5,9,2,8,1171
15.5,9,2,9,1175
15.5,9,2,10,1178
15.5,9,2,11,1182
15.5,9,2,12,1186
15.5,9,2,13,1189
15.5,9,2,14,1193
15.5,9,2,15,1196
15.5,9,3,0,1146
15.5,9,3,1,1150
15.5,9,3,2,1153
15.5,9,3,3,1157
15.5,9,3,4,1161
15.5,9,3,5,1164
15.5,9,3,6,1168
15.5,9,3,7,1171
15.5,9,3,8,1175
15.5,9,3,9,1179
15.5,9,3,10,1182
15.5,9,3,11,1186
15.5,9,3,12,1189
15.5,9,3,13,1193
15.5,9,3,14,1197
15.5,9,3,15,1200
15.5,9,4,0,1150
15.5,9,4,1,1153
15.5,9,4,2,1157
15.5,9,4,3,1161
15.5,9,4,4,1164
15.5,9,4,5,1168
15.5,9,4,6,1172
15.5,9,4,7,1175
15.5,9,4,8,1179
15.5,9,4,9,1183
15.5,9,4,10,1186
15.5,9,4,11,1190
15.5,9,4,12,1193
15.5,9,4,13,1197
15.5,9,4,14,1200
15.5,9,4,15,1204
15.5,9,5,0,1153
15.5,9,5,1,1157
15.5,9,5,2,1161
15.5,9,5,3,1165
15.5,9,5,4,1168
15.5,9,5,5,1172
15.5,9,5,6,1176
15.5,9,5,7,1179
15.5,9,5,8,1183
15.5,9,5,9,1186
15.5,9,5,10,1190
15.5,9,5,11,1194
15.5,9,5,12,1197
15.5,9,5,13,1201
15.5,9,5,14,1204
15.5,9,5,15,1208
15.5,9,6,0,1157
15.5,9,6,1,1161
15.5,9,6,2,1165
15.5,9,6,3,1168
15.5,9,6,4,1172
15.5,9,6,5,1176
15.5,9,6,6,1179
15.5,9,6,7,1183
15.5,9,6,8,1187
15.5,9,6,9,1190
15.5,9,6,10,1194
15.5,9,6,11,1198
15.5,9,6,12,1201
15.5,9,6,13,1205
15.5,9,6,14,1208
15.5,9,6,15,1212
15.5,9,7,0,1161
15.5,9,7,1,1165
15.5,9,7,2,1168
15.5,9,7,3,1172
15.5,9,7,4,1176
15.5,9,7,5,1179
15.5,9,7,6,1183
15.5,9,7,7,1187
15.5,9,7,8,1190
15.5,9,7,9,1194
15.5,9,7,10,1198
15.5,9,7,11,1201
15.5,9,7,12,1205
15.5,9,7,13,1209
15.5,9,7,14,1212
15.5,9,7,15,1216
15.5,9,8,0,1165
15.5,9,8,1,1168
15.5,9,8,2,1172
15.5,9,8,3,1176
15.5,9,8,4,1180
15.5,9,8,5,1183
15.5,9,8,6,1187
15.5,9,8,7,1191
15.5,9,8,8,1194
15.5,9,8,9,1198
15.5,9,8,10,1202
15.5,9,8,11,1205
15.5,9,8,12,1209
15.5,9,8,13,1212
15.5,9,8,14,1216
15.5,9,8,15,1220
15.5,9,9,0,1168
15.5,9,9,1,1172
15.5,9,9,2,1176
15.5,9,9,3,1180
15.5,9,9,4,1183
15.5,9,9,5,1187
15.5,9,9,6,1191
15.5,9,9,7,1194
15.5,9,9,8,1198
15.5,9,9,9,1202
15.5,9,9,10,1205
15.5,9,9,11,1209
15.5,9,9,12,1213
15.5,9,9,13,1216
15.5,9,9,14,1220
15.5,9,9,15,1224
15.5,9,10,0,1172
15.5,9,10,1,1176
15.5,9,10,2,1180
15.5,9,10,3,1183
15.5,9,10,4,1187
15.5,9,10,5,1191
15.5,9,10,6,1194
15.5,9,10,7,1198
15.5,9,10,8,1202
15.5,9,10,9,1206
15.5,9,10,10,1209
15.5,9,10,11,1213
15.5,9,10,12,1217
15.5,9,10,13,1220
15.5,9,10,14,1224
15.5,9,10,15,1227
15.5,9,11,0,1176
15.5,9,11,1,1179
15.5,9,11,2,1183
15.5,9,11,3,1187
15.5,9,11,4,1191
15.5,9,11,5,1194
15.5,9,11,6,1198
15.5,9,11,7,1202
15.5,9,11,8,1206
15.5,9,11,9,1209
15.5,9,11,10,1213
15.5,9,11,11,1217
15.5,9,11,12,1220
15.5,9,11,13,1224
15.5,9,11,14,1228
15.5,9,11,15,1231
15.5,9,12,0,1179
15.5,9,12,1,1183
15.5,9,12,2,1187
15.5,9,12,3,1191
15.5,9,12,4,1194
15.5,9,12,5,1198
15.5,9,12,6,1202
15.5,9,12,7,1206
15.5,9,12,8,1209
15.5,9,12,9,1213
15.5,9,12,10,1217
15.5,9,12,11,1220
15.5,9,12,12,1224
15.5,9,12,13,1228
15.5,9,12,14,1231
15.5,9,12,15,1235
15.5,9,13,0,1183
15.5,9,13,1,1187
15.5,9,13,2,1191
15.5,9,13,3,1194
15.5,9,13,4,1198
15.5,9,13,5,1202
15.5,9,13,6,1206
15.5,9,13,7,1209
15.5,9,13,8,1213
15.5,9,13,9,1217
15.5,9,13,10,1221
15.5,9,13,11,1224
15.5,9,13,12,1228
15.5,9,13,13,1232
15.5,9,13,14,1235
15.5,9,13,15,1239
15.5,9,14,0,1187
15.5,9,14,1,1190
15.5,9,14,2,1194
15.5,9,14,3,1198
15.5,9,14,4,1202
15.5,9,14,5,1206
15.5,9,14,6,1209
15.5,9,14,7,1213
15.5,9,14,8,1217
15.5,9,14,9,1221
15.5,9,14,10,1224
15.5,9,14,11,1228
15.5,9,14,12,1232
15.5,9,14,13,1235
15.5,9,14,14,1239
15.5,9,14,15,1243
15.5,9,15,0,1190
15.5,9,15,1,1194
15.5,9,15,2,1198
15.5,9,15,3,1202
15.5,9,15,4,1206
15.5,9,15,5,1209
15.5,9,15,6,1213
15.5,9,15,7,1217
15.5,9,15,8,1221
15.5,9,15,9,1224
15.5,9,15,10,1228
15.5,9,15,11,1232
15.5,9,15,12,1236
15.5,9,15,13,1239
15.5,9,15,14,1243
15.5,9,15,15,1247
15.5,10,0,0,1139
15.5,10,0,1,1142
15.5,10,0,2,1146
15.5,10,0,3,1150
15.5,10,0,4,1153
15.5,10,0,5,1157
15.5,10,0,6,1161
15.5,10,0,7,1164
15.5,10,0,8,1168
15.5,10,0,9,1171
15.5,10,0,10,1175
15.5,10,0,11,1178
15.5,10,0,12,1182
15.5,10,0,13,1186
15.5,10,0,14,1189
15.5,10,0,15,1193
15.5,10,1,0,1143
15.5,10,1,1,1146
15.5,10,1,2,1150
15.5,10,1,3,1154
15.5,10,1,4,1157
15.5,10,1,5,1161
15.5,10,1,6,1164
15.5,10,1,7,1168
15.5,10,1,8,1172
15.5,10,1,9,1175
15.5,10,1,10,1179
15.5,10,1,11,1182
15.5,10,1,12,1186
15.5,10,1,13,1189
15.5,10,1,14,1193
15.5,10,1,15,1197
15.5,10,2,0,1146
15.5,10,2,1,1150
15.5,10,2,2,1154
15.5,10,2,3,1157
15.5,10,2,4,1161
15.5,10,2,5,1165
15.5,10,2,6,1168
15.5,10,2,7,1172
15.5,10,2,8,1176
15.5,10,2,9,1179
15.5,10,2,10,1183
15.5,10,2,11,1186
15.5,10,2,12,1190
15.5,10,2,13,1193
15.5,10,2,14,1197
15.5,10,2,15,1201
15.5,10,3,0,1150
15.5,10,3,1,1154
15.5,10,3,2,1158
15.5,10,3,3,1161
15.5,10,3,4,1165
15.5,10,3,5,1169
15.5,10,3,6,1172
15.5,10,3,7,1176
15.5,10,3,8,1179
15.5,10,3,9,1183
15.5,10,3,10,1187
15.5,10,3,11,1190
15.5,10,3,12,1194
15.5,10,3,13,1197
15.5,10,3,14,1201
15.5,10,3,15,1205
15.5,10,4,0,1154
15.5,10,4,1,1158
15.5,10,4,2,1161
15.5,10,4,3,1165
15.5,10,4,4,1169
15.5,10,4,5,1172
15.5,10,4,6,1176
15.5,10,4,7,1180
15.5,10,4,8,1183
15.5,10,4,9,1187
15.5,10,4,10,1191
15.5,10,4,11,1194
15.5,10,4,12,1198
15.5,10,4,13,1201
15.5,10,4,14,1205
15.5,10,4,15,1208
15.5,10,5,0,1158
15.5,10,5,1,1161
15.5,10,5,2,1165
15.5,10,5,3,1169
15.5,10,5,4,1173
15.5,10,5,5,1176
15.5,10,5,6,1180
15.5,10,5,7,1184
15.5,10,5,8,1187
15.5,10,5,9,1191
15.5,10,5,10,1194
15.5,10,5,11,1198
15.5,10,5,12,1202
15.5,10,5,13,1205
15.5,10,5,14,1209
15.5,10,5,15,1212
15.5,10,6,0,1161
15.5,10,6,1,1165
15.5,10,6,2,1169
15.5,10,6,3,1173
15.5,10,6,4,1176
15.5,10,6,5,1180
15.5,10,6,6,1184
15.5,10,6,7,1187
15.5,10,6,8,1191
15.5,10,6,9,1195
15.5,10,6,10,1198
15.5,10,6,11,1202
15.5,10,6,12,1206
15.5,10,6,13,1209
15.5,10,6,14,1213
15.5,10,6,15,1216
15.5,10,7,0,1165
15.5,10,7,1,1169
15.5,10,7,2,1173
15.5,10,7,3,1176
15.5,10,7,4,1180
15.5,10,7,5,1184
15.5,10,7,6,1188
15.5,10,7,7,1191
15.5,10,7,8,1195
15.5,10,7,9,1199
15.5,10,7,10,1202
15.5,10,7,11,1206
15.5,10,7,12,1209
15.5,10,7,13,1213
15.5,10,7,14,1217
15.5,10,7,15,1220
15.5,10,8,0,1169
15.5,10,8,1,1173
15.5,10,8,2,1176
15.5,10,8,3,1180
15.5,10,8,4,1184
15.5,10,8,5,1188
15.5,10,8,6,1191
15.5,10,8,7,1195
15.5,10,8,8,1199
15.5,10,8,9,1202
15.5,10,8,10,1206
15.5,10,8,11,1210
15.5,10,8,12,1213
15.5,10,8,13,1217
15.5,10,8,14,1221
15.5,10,8,15,1224
15.5,10,9,0,1173
15.5,10,9,1,1176
15.5,10,9,2,1180
15.5,10,9,3,1184
15.5,10,9,4,1188
15.5,10,9,5,1191
15.5,10,9,6,1195
15.5,10,9,7,1199
15.5,10,9,8,1203
15.5,10,9,9,1206
15.5,10,9,10,1210
15.5,10,9,11,1214
15.5,10,9,12,1217
15.5,10,9,13,1221
15.5,10,9,14,1224
15.5,10,9,15,1228
15.5,10,10,0,1176
15.5,10,10,1,1180
15.5,10,10,2,1184
15.5,10,10,3,1188
15.5,10,10,4,1191
15.5,10,10,5,1195
15.5,10,10,6,1199
15.5,10,10,7,1203
15.5,10,10,8,1206
15.5,10,10,9,1210
15.5,10,10,10,1214
15.5,10,10,11,1217
15.5,10,10,12,1221
15.5,10,10,13,1225
15.5,10,10,14,1228
15.5,10,10,15,1232
15.5,10,11,0,1180
15.5,10,11,1,1184
15.5,10,11,2,1188
15.5,10,11,3,1191
15.5,10,11,4,1195
15.5,10,11,5,1199
15.5,10,11,6,1203
15.5,10,11,7,1206
15.5,10,11,8,1210
15.5,10,11,9,1214
15.5,10,11,10,1218
15.5,10,11,11,1221
15.5,10,11,12,1225
15.5,10,11,13,1229
15.5,10,11,14,1232
15.5,10,11,15,1236
15.5,10,12,0,1184
15.5,10,12,1,1188
15.5,10,12,2,1191
15.5,10,12,3,1195
15.5,10,12,4,1199
15.5,10,12,5,1203
15.5,10,12,6,1206
15.5,10,12,7,1210
15.5,10,12,8,1214
15.5,10,12,9,1218
15.5,10,12,10,1221
15.5,10,12,11,1225
15.5,10,12,12,1229
15.5,10,12,13,1232
15.5,10,12,14,1236
15.5,10,12,15,1240
15.5,10,13,0,1187
15.5,10,13,1,1191
15.5,10,13,2,1195
15.5,10,13,3,1199
15.5,10,13,4,1203
15.5,10,13,5,1206
15.5,10,13,6,1210
15.5,10,13,7,1214
15.5,10,13,8,1218
15.5,10,13,9,1221
15.5,10,13,10,1225
15.5,10,13,11,1229
15.5,10,13,12,1232
15.5,10,13,13,1236
15.5,10,13,14,1240
15.5,10,13,15,1244
15.5,10,14,0,1191
15.5,10,14,1,1195
15.5,10,14,2,1199
15.5,10,14,3,1203
15.5,10,14,4,1206
15.5,10,14,5,1210
15.5,10,14,6,1214
15.5,10,14,7,1218
15.5,10,14,8,1221
15.5,10,14,9,1225
15.5,10,14,10,1229
15.5,10,14,11,1233
15.5,10,14,12,1236
15.5,10,14,13,1240
15.5,10,14,14,1244
15.5,10,14,15,1247
15.5,10,15,0,1195
15.5,10,15,1,1199
15.5,10,15,2,1202
15.5,10,15,3,1206
15.5,10,15,4,1210
15.5,10,15,5,1214
15.5,10,15,6,1218
15.5,10,15,7,1221
15.5,10,15,8,1225
15.5,10,15,9,1229
15.5,10,15,10,1233
15.5,10,15,11,1236
15.5,10,15,12,1240
15.5,10,15,13,1244
15.5,10,15,14,1247
15.5,10,15,15,1251
15.5,11,0,0,1143
15.5,11,0,1,1147
15.5,11,0,2,1150
15.5,11,0,3,1154
15.5,11,0,4,1158
15.5,11,0,5,1161
15.5,11,0,6,1165
15.5,11,0,7,1168
15.5,11,0,8,1172
15.5,11,0,9,1176
15.5,11,0,10,1179
15.5,11,0,11,1183
15.5,11,0,12,1186
15.5,11,0,13,1190
15.5,11,0,14,1193
15.5,11,0,15,1197
15.5,11,1,0,1147
15.5,11,1,1,1150
15.5,11,1,2,1154
15.5,11,1,3,1158
15.5,11,1,4,1161
15.5,11,1,5,1165
15.5,11,1,6,1169
15.5,11,1,7,1172
15.5,11,1,8,1176
15.5,11,1,9,1180
15.5,11,1,10,1183
15.5,11,1,11,1187
15.5,11,1,12,1190
15.5,11,1,13,1194
15.5,11,1,14,1197
15.5,11,1,15,1201
15.5,11,2,0,1151
15.5,11,2,1,1154
15.5,11,2,2,1158
15.5,11,2,3,1162
15.5,11,2,4,1165
15.5,11,2,5,1169
15.5,11,2,6,1173
15.5,11,2,7,1176
15.5,11,2,8,1180
15.5,11,2,9,1184
15.5,11,2,10,1187
15.5,11,2,11,1191
15.5,11,2,12,1194
15.5,11,2,13,1198
15.5,11,2,14,1201
15.5,11,2,15,1205
15.5,11,3,0,1154
15.5,11,3,1,1158
15.5,11,3,2,1162
15.5,11,3,3,1165
15.5,11,3,4,1169
15.5,11,3,5,1173
15.5,11,3,6,1177
15.5,11,3,7,1180
15.5,11,3,8,1184
15.5,11,3,9,1187
15.5,11,3,10,1191
15.5,11,3,11,1195
15.5,11,3,12,1198
15.5,11,3,13,1202
15.5,11,3,14,1205
15.5,11,3,15,1209
15.5,11,4,0,1158
15.5,11,4,1,1162
15.5,11,4,2,1166
15.5,11,4,3,1169
15.5,11,4,4,1173
15.5,11,4,5,1177
15.5,11,4,6,1180
15.5,11,4,7,1184
15.5,11,4,8,1188
15.5,11,4,9,1191
15.5,11,4,10,1195
15.5,11,4,11,1199
15.5,11,4,12,1202
15.5,11,4,13,1206
15.5,11,4,14,1209
15.5,11,4,15,1213
15.5,11,5,0,1162
15.5,11,5,1,1166
15.5,11,5,2,1169
15.5,11,5,3,1173
15.5,11,5,4,1177
15.5,11,5,5,1181
15.5,11,5,6,1184
15.5,11,5,7,1188
15.5,11,5,8,1192
15.5,11,5,9,1195
15.5,11,5,10,1199
15.5,11,5,11,1202
15.5,11,5,12,1206
15.5,11,5,13,1210
15.5,11,5,14,1213
15.5,11,5,15,1217
15.5,11,6,0,1166
15.5,11,6,1,1169
15.5,11,6,2,1173
15.5,11,6,3,1177
15.5,11,6,4,1181
15.5,11,6,5,1184
15.5,11,6,6,1188
15.5,11,6,7,1192
15.5,11,6,8,1195
15.5,11,6,9,1199
15.5,11,6,10,1203
15.5,11,6,11,1206
15.5,11,6,12,1210
15.5,11,6,13,1214
15.5,11,6,14,1217
15.5,11,6,15,1221
15.5,11,7,0,1169
15.5,11,7,1,1173
15.5,11,7,2,1177
15.5,11,7,3,1181
15.5,11,7,4,1184
15.5,11,7,5,1188
15.5,11,7,6,1192
15.5,11,7,7,1196
15.5,11,7,8,1199
15.5,11,7,9,1203
15.5,11,7,10,1207
15.5,11,7,11,1210
15.5,11,7,12,1214
15.5,11,7,13,1218
15.5,11,7,14,1221
15.5,11,7,15,1225
15.5,11,8,0,1173
15.5,11,8,1,1177
15.5,11,8,2,1181
15.5,11,8,3,1185
15.5,11,8,4,1188
15.5,11,8,5,1192
15.5,11,8,6,1196
15.5,11,8,7,1199
15.5,11,8,8,1203
15.5,11,8,9,1207
15.5,11,8,10,1210
15.5,11,8,11,1214
15.5,11,8,12,1218
15.5,11,8,13,1221
15.5,11,8,14,1225
15.5,11,8,15,1229
15.5,11,9,0,1177
15.5,11,9,1,1181
15.5,11,9,2,1185
15.5,11,9,3,1188
15.5,11,9,4,1192
15.5,11,9,5,1196
15.5,11,9,6,1200
15.5,11,9,7,1203
15.5,11,9,8,1207
15.5,11,9,9,1211
15.5,11,9,10,1214
15.5,11,9,11,1218
15.5,11,9,12,1222
15.5,11,9,13,1225
15.5,11,9,14,1229
15.5,11,9,15,1233
15.5,11,10,0,1181
15.5,11,10,1,1184
15.5,11,10,2,1188
15.5,11,10,3,1192
15.5,11,10,4,1196
15.5,11,10,5,1200
15.5,11,10,6,1203
15.5,11,10,7,1207
15.5,11,10,8,1211
15.5,11,10,9,1214
15.5,11,10,10,1218
15.5,11,10,11,1222
15.5,11,10,12,1226
15.5,11,10,13,1229
15.5,11,10,14,1233
15.5,11,10,15,1236
15.5,11,11,0,1184
15.5,11,11,1,1188
15.5,11,11,2,1192
15.5,11,11,3,1196
15.5,11,11,4,1200
15.5,11,11,5,1203
15.5,11,11,6,1207
15.5,11,11,7,1211
15.5,11,11,8,1215
15.5,11,11,9,1218
15.5,11,11,10,1222
15.5,11,11,11,1226
15.5,11,11,12,1229
15.5,11,11,13,1233
15.5,11,11,14,1237
15.5,11,11,15,1240
15.5,11,12,0,1188
15.5,11,12,1,1192
15.5,11,12,2,1196
15.5,11,12,3,1200
15.5,11,12,4,1203
15.5,11,12,5,1207
15.5,11,12,6,1211
15.5,11,12,7,1215
15.5,11,12,8,1218
15.5,11,12,9,1222
15.5,11,12,10,1226
15.5,11,12,11,1230
15.5,11,12,12,1233
15.5,11,12,13,1237
15.5,11,12,14,1241
15.5,11,12,15,1244
15.5,11,13,0,1192
15.5,11,13,1,1196
15.5,11,13,2,1199
15.5,11,13,3,1203
15.5,11,13,4,1207
15.5,11,13,5,1211
15.5,11,13,6,1215
15.5,11,13,7,1218
15.5,11,13,8,1222
15.5,11,13,9,1226
15.5,11,13,10,1230
15.5,11,13,11,1233
15.5,11,13,12,1237
15.5,11,13,13,1241
15.5,11,13,14,1244
15.5,11,13,15,1248
15.5,11,14,0,1195
15.5,11,14,1,1199
15.5,11,14,2,1203
15.5,11,14,3,1207
15.5,11,14,4,1211
15.5,11,14,5,1215
15.5,11,14,6,1218
15.5,11,14,7,1222
15.5,11,14,8,1226
15.5,11,14,9,1230
15.5,11,14,10,1233
15.5,11,14,11,1237
15.5,11,14,12,1241
15.5,11,14,13,1245
15.5,11,14,14,1248
15.5,11,14,15,1252
15.5,11,15,0,1199
15.5,11,15,1,1203
15.5,11,15,2,1207
15.5,11,15,3,1211
15.5,11,15,4,1214
15.5,11,15,5,1218
15.5,11,15,6,1222
15.5,11,15,7,1226
15.5,11,15,8,1230
15.5,11,15,9,1233
15.5,11,15,10,1237
15.5,11,15,11,1241
15.5,11,15,12,1245
15.5,11,15,13,1248
15.5,11,15,14,1252
15.5,11,15,15,1256
15.5,12,0,0,1147
15.5,12,0,1,1151
15.5,12,0,2,1155
15.5,12,0,3,1158
15.5,12,0,4,1162
15.5,12,0,5,1165
15.5,12,0,6,1169
15.5,12,0,7,1173
15.5,12,0,8,1176
15.5,12,0,9,1180
15.5,12,0,10,1184
15.5,12,0,11,1187
15.5,12,0,12,1191
15.5,12,0,13,1194
15.5,12,0,14,1198
15.5,12,0,15,1201
15.5,12,1,0,1151
15.5,12,1,1,1155
15.5,12,1,2,1158
15.5,12,1,3,1162
15.5,12,1,4,1166
15.5,12,1,5,1169
15.5,12,1,6,1173
15.5,12,1,7,1177
15.5,12,1,8,1180
15.5,12,1,9,1184
15.5,12,1,10,1188
15.5,12,1,11,1191
15.5,12,1,12,1195
15.5,12,1,13,1198
15.5,12,1,14,1202
15.5,12,1,15,1205
15.5,12,2,0,1155
15.5,12,2,1,1159
15.5,12,2,2,1162
15.5,12,2,3,1166
15.5,12,2,4,1170
15.5,12,2,5,1173
15.5,12,2,6,1177
15.5,12,2,7,1181
15.5,12,2,8,1184
15.5,12,2,9,1188
15.5,12,2,10,1191
15.5,12,2,11,1195
15.5,12,2,12,1199
15.5,12,2,13,1202
15.5,12,2,14,1206
15.5,12,2,15,1209
15.5,12,3,0,1159
15.5,12,3,1,1162
15.5,12,3,2,1166
15.5,12,3,3,1170
15.5,12,3,4,1173
15.5,12,3,5,1177
15.5,12,3,6,1181
15.5,12,3,7,1185
15.5,12,3,8,1188
15.5,12,3,9,1192
15.5,12,3,10,1195
15.5,12,3,11,1199
15.5,12,3,12,1203
15.5,12,3,13,1206
15.5,12,3,14,1210
15.5,12,3,15,1213
15.5,12,4,0,1162
15.5,12,4,1,1166
15.5,12,4,2,1170
15.5,12,4,3,1174
15.5,12,4,4,1177
15.5,12,4,5,1181
15.5,12,4,6,1185
15.5,12,4,7,1188
15.5,12,4,8,1192
15.5,12,4,9,1196
15.5,12,4,10,1199
15.5,12,4,11,1203
15.5,12,4,12,1207
15.5,12,4,13,1210
15.5,12,4,14,1214
15.5,12,4,15,1217
15.5,12,5,0,1166
15.5,12,5,1,1170
15.5,12,5,2,1174
15.5,12,5,3,1177
15.5,12,5,4,1181
15.5,12,5,5,1185
15.5,12,5,6,1189
15.5,12,5,7,1192
15.5,12,5,8,1196
15.5,12,5,9,1200
15.5,12,5,10,1203
15.5,12,5,11,1207
15.5,12,5,12,1211
15.5,12,5,13,1214
15.5,12,5,14,1218
15.5,12,5,15,1221
15.5,12,6,0,1170
15.5,12,6,1,1174
15.5,12,6,2,1178
15.5,12,6,3,1181
15.5,12,6,4,1185
15.5,12,6,5,1189
15.5,12,6,6,1192
15.5,12,6,7,1196
15.5,12,6,8,1200
15.5,12,6,9,1204
15.5,12,6,10,1207
15.5,12,6,11,1211
15.5,12,6,12,1214
15.5,12,6,13,1218
15.5,12,6,14,1222
15.5,12,6,15,1225
15.5,12,7,0,1174
15.5,12,7,1,1178
15.5,12,7,2,1181
15.5,12,7,3,1185
15.5,12,7,4,1189
15.5,12,7,5,1193
15.5,12,7,6,1196
15.5,12,7,7,1200
15.5,12,7,8,1204
15.5,12,7,9,1207
15.5,12,7,10,1211
15.5,12,7,11,1215
15.5,12,7,12,1218
15.5,12,7,13,1222
15.5,12,7,14,1226
15.5,12,7,15,1229
15.5,12,8,0,1178
15.5,12,8,1,1181
15.5,12,8,2,1185
15.5,12,8,3,1189
15.5,12,8,4,1193
15.5,12,8,5,1196
15.5,12,8,6,1200
15.5,12,8,7,1204
15.5,12,8,8,1208
15.5,12,8,9,1211
15.5,12,8,10,1215
15.5,12,8,11,1219
15.5,12,8,12,1222
15.5,12,8,13,1226
15.5,12,8,14,1230
15.5,12,8,15,1233
15.5,12,9,0,1181
15.5,12,9,1,1185
15.5,12,9,2,1189
15.5,12,9,3,1193
15.5,12,9,4,1196
15.5,12,9,5,1200
15.5,12,9,6,1204
15.5,12,9,7,1208
15.5,12,9,8,1211
15.5,12,9,9,1215
15.5,12,9,10,1219
15.5,12,9,11,1222
15.5,12,9,12,1226
15.5,12,9,13,1230
15.5,12,9,14,1233
15.5,12,9,15,1237
15.5,12,10,0,1185
15.5,12,10,1,1189
15.5,12,10,2,1193
15.5,12,10,3,1196
15.5,12,10,4,1200
15.5,12,10,5,1204
15.5,12,10,6,1208
15.5,12,10,7,1211
15.5,12,10,8,1215
15.5,12,10,9,1219
15.5,12,10,10,1223
15.5,12,10,11,1226
15.5,12,10,12,1230
15.5,12,10,13,1234
15.5,12,10,14,1237
15.5,12,10,15,1241
15.5,12,11,0,1189
15.5,12,11,1,1193
15.5,12,11,2,1196
15.5,12,11,3,1200
15.5,12,11,4,1204
15.5,12,11,5,1208
15.5,12,11,6,1212
15.5,12,11,7,1215
15.5,12,11,8,1219
15.5,12,11,9,1223
15.5,12,11,10,1226
15.5,12,11,11,1230
15.5,12,11,12,1234
15.5,12,11,13,1238
15.5,12,11,14,1241
15.5,12,11,15,1245
15.5,12,12,0,1192
15.5,12,12,1,1196
15.5,12,12,2,1200
15.5,12,12,3,1204
15.5,12,12,4,1208
15.5,12,12,5,1212
15.5,12,12,6,1215
15.5,12,12,7,1219
15.5,12,12,8,1223
15.5,12,12,9,1227
15.5,12,12,10,1230
15.5,12,12,11,1234
15.5,12,12,12,1238
15.5,12,12,13,1241
15.5,12,12,14,1245
15.5,12,12,15,1249
15.5,12,13,0,1196
15.5,12,13,1,1200
15.5,12,13,2,1204
15.5,12,13,3,1208
15.5,12,13,4,1211
15.5,12,13,5,1215
15.5,12,13,6,1219
15.5,12,13,7,1223
15.5,12,13,8,1227
15.5,12,13,9,1230
15.5,12,13,10,1234
15.5,12,13,11,1238
15.5,12,13,12,1242
15.5,12,13,13,1245
15.5,12,13,14,1249
15.5,12,13,15,1253
15.5,12,14,0,1200
15.5,12,14,1,1204
15.5,12,14,2,1208
15.5,12,14,3,1211
15.5,12,14,4,1215
15.5,12,14,5,1219
15.5,12,14,6,1223
15.5,12,14,7,1227
15.5,12,14,8,1230
15.5,12,14,9,1234
15.5,12,14,10,1238
15.5,12,14,11,1242
15.5,12,14,12,1245
15.5,12,14,13,1249
15.5,12,14,14,1253
15.5,12,14,15,1257
15.5,12,15,0,1204
15.5,12,15,1,1207
15.5,12,15,2,1211
15.5,12,15,3,1215
15.5,12,15,4,1219
15.5,12,15,5,1223
15.5,12,15,6,1227
15.5,12,15,7,1230
15.5,12,15,8,1234
15.5,12,15,9,1238
15.5,12,15,10,1242
15.5,12,15,11,1245
15.5,12,15,12,1249
15.5,12,15,13,1253
15.5,12,15,14,1257
15.5,12,15,15,1260
15.5,13,0,0,1151
15.5,13,0,1,1155
15.5,13,0,2,1159
15.5,13,0,3,1162
15.5,13,0,4,1166
15.5,13,0,5,1170
15.5,13,0,6,1173
15.5,13,0,7,1177
15.5,13,0,8,1181
15.5,13,0,9,1184
15.5,13,0,10,1188
15.5,13,0,11,1191
15.5,13,0,12,1195
15.5,13,0,13,1199
15.5,13,0,14,1202
15.5,13,0,15,1206
15.5,13,1,0,1155
15.5,13,1,1,1159
15.5,13,1,2,1163
15.5,13,1,3,1166
15.5,13,1,4,1170
15.5,13,1,5,1174
15.5,13,1,6,1177
15.5,13,1,7,1181
15.5,13,1,8,1185
15.5,13,1,9,1188
15.5,13,1,10,1192
15.5,13,1,11,1195
15.5,13,1,12,1199
15.5,13,1,13,1203
15.5,13,1,14,1206
15.5,13,1,15,1210
15.5,13,2,0,1159
15.5,13,2,1,1163
15.5,13,2,2,1166
15.5,13,2,3,1170
15.5,13,2,4,1174
15.5,13,2,5,1178
15.5,13,2,6,1181
15.5,13,2,7,1185
15.5,13,2,8,1189
15.5,13,2,9,1192
15.5,13,2,10,1196
15.5,13,2,11,1199
15.5,13,2,12,1203
15.5,13,2,13,1207
15.5,13,2,14,1210
15.5,13,2,15,1214
15.5,13,3,0,1163
15.5,13,3,1,1167
15.5,13,3,2,1170
15.5,13,3,3,1174
15.5,13,3,4,1178
15.5,13,3,5,1181
15.5,13,3,6,1185
15.5,13,3,7,1189
15.5,13,3,8,1193
15.5,13,3,9,1196
15.5,13,3,10,1200
15.5,13,3,11,1203
15.5,13,3,12,1207
15.5,13,3,13,1211
15.5,13,3,14,1214
15.5,13,3,15,1218
15.5,13,4,0,1167
15.5,13,4,1,1170
15.5,13,4,2,1174
15.5,13,4,3,1178
15.5,13,4,4,1182
15.5,13,4,5,1185
15.5,13,4,6,1189
15.5,13,4,7,1193
15.5,13,4,8,1196
15.5,13,4,9,1200
15.5,13,4,10,1204
15.5,13,4,11,1207
15.5,13,4,12,1211
15.5,13,4,13,1215
15.5,13,4,14,1218
15.5,13,4,15,1222
15.5,13,5,0,1170
15.5,13,5,1,1174
15.5,13,5,2,1178
15.5,13,5,3,1182
15.5,13,5,4,1186
15.5,13,5,5,1189
15.5,13,5,6,1193
15.5,13,5,7,1197
15.5,13,5,8,1200
15.5,13,5,9,1204
15.5,13,5,10,1208
15.5,13,5,11,1211
15.5,13,5,12,1215
15.5,13,5,13,1219
15.5,13,5,14,1222
15.5,13,5,15,1226
15.5,13,6,0,1174
15.5,13,6,1,1178
15.5,13,6,2,1182
15.5,13,6,3,1186
15.5,13,6,4,1189
15.5,13,6,5,1193
15.5,13,6,6,1197
15.5,13,6,7,1201
15.5,13,6,8,1204
15.5,13,6,9,1208
15.5,13,6,10,1212
15.5,13,6,11,1215
15.5,13,6,12,1219
15.5,13,6,13,1223
15.5,13,6,14,1226
15.5,13,6,15,1230
15.5,13,7,0,1178
15.5,13,7,1,1182
15.5,13,7,2,1186
15.5,13,7,3,1189
15.5,13,7,4,1193
15.5,13,7,5,1197
15.5,13,7,6,1201
15.5,13,7,7,1204
15.5,13,7,8,1208
15.5,13,7,9,1212
15.5,13,7,10,1215
15.5,13,7,11,1219
15.5,13,7,12,1223
15.5,13,7,13,1226
15.5,13,7,14,1230
15.5,13,7,15,1234
15.5,13,8,0,1182
15.5,13,8,1,1186
15.5,13,8,2,1189
15.5,13,8,3,1193
15.5,13,8,4,1197
15.5,13,8,5,1201
15.5,13,8,6,1205
15.5,13,8,7,1208
15.5,13,8,8,1212
15.5,13,8,9,1216
15.5,13,8,10,1219
15.5,13,8,11,1223
15.5,13,8,12,1227
15.5,13,8,13,1230
15.5,13,8,14,1234
15.5,13,8,15,1238
15.5,13,9,0,1186
15.5,13,9,1,1189
15.5,13,9,2,1193
15.5,13,9,3,1197
15.5,13,9,4,1201
15.5,13,9,5,1205
15.5,13,9,6,1208
15.5,13,9,7,1212
15.5,13,9,8,1216
15.5,13,9,9,1220
15.5,13,9,10,1223
15.5,13,9,11,1227
15.5,13,9,12,1231
15.5,13,9,13,1234
15.5,13,9,14,1238
15.5,13,9,15,1242
15.5,13,10,0,1189
15.5,13,10,1,1193
15.5,13,10,2,1197
15.5,13,10,3,1201
15.5,13,10,4,1205
15.5,13,10,5,1208
15.5,13,10,6,1212
15.5,13,10,7,1216
15.5,13,10,8,1220
15.5,13,10,9,1223
15.5,13,10,10,1227
15.5,13,10,11,1231
15.5,13,10,12,1235
15.5,13,10,13,1238
15.5,13,10,14,1242
15.5,13,10,15,1246
15.5,13,11,0,1193
15.5,13,11,1,1197
15.5,13,11,2,1201
15.5,13,11,3,1205
15.5,13,11,4,1208
15.5,13,11,5,1212
15.5,13,11,6,1216
15.5,13,11,7,1220
15.5,13,11,8,1223
15.5,13,11,9,1227
15.5,13,11,10,1231
15.5,13,11,11,1235
15.5,13,11,12,1238
15.5,13,11,13,1242
15.5,13,11,14,1246
15.5,13,11,15,1250
15.5,13,12,0,1197
15.5,13,12,1,1201
15.5,13,12,2,1205
15.5,13,12,3,1208
15.5,13,12,4,1212
15.5,13,12,5,1216
15.5,13,12,6,1220
15.5,13,12,7,1224
15.5,13,12,8,1227
15.5,13,12,9,1231
15.5,13,12,10,1235
15.5,13,12,11,1239
15.5,13,12,12,1242
15.5,13,12,13,1246
15.5,13,12,14,1250
15.5,13,12,15,1253
15.5,13,13,0,1201
15.5,13,13,1,1204
15.5,13,13,2,1208
15.5,13,13,3,1212
15.5,13,13,4,1216
15.5,13,13,5,1220
15.5,13,13,6,1224
15.5,13,13,7,1227
15.5,13,13,8,1231
15.5,13,13,9,1235
15.5,13,13,10,1239
15.5,13,13,11,1242
15.5,13,13,12,1246
15.5,13,13,13,1250
15.5,13,13,14,1254
15.5,13,13,15,1257
15.5,13,14,0,1204
15.5,13,14,1,1208
15.5,13,14,2,1212
15.5,13,14,3,1216
15.5,13,14,4,1220
15.5,13,14,5,1223
15.5,13,14,6,1227
15.5,13,14,7,1231
15.5,13,14,8,1235
15.5,13,14,9,1239
15.5,13,14,10,1242
15.5,13,14,11,1246
15.5,13,14,12,1250
15.5,13,14,13,1254
15.5,13,14,14,1257
15.5,13,14,15,1261
15.5,13,15,0,1208
15.5,13,15,1,1212
15.5,13,15,2,1216
15.5,13,15,3,1220
15.5,13,15,4,1223
15.5,13,15,5,1227
15.5,13,15,6,1231
15.5,13,15,7,1235
15.5,13,15,8,1239
15.5,13,15,9,1242
15.5,13,15,10,1246
15.5,13,15,11,1250
15.5,13,15,12,1254
15.5,13,15,13,1258
15.5,13,15,14,1261
15.5,13,15,15,1265
15.5,14,0,0,1156
15.5,14,0,1,1159
15.5,14,0,2,1163
15.5,14,0,3,1167
15.5,14,0,4,1170
15.5,14,0,5,1174
15.5,14,0,6,1178
15.5,14,0,7,1181
15.5,14,0,8,1185
15.5,14,0,9,1189
15.5,14,0,10,1192
15.5,14,0,11,1196
15.5,14,0,12,1199
15.5,14,0,13,1203
15.5,14,0,14,1207
15.5,14,0,15,1210
15.5,14,1,0,1159
15.5,14,1,1,1163
15.5,14,1,2,1167
15.5,14,1,3,1171
15.5,14,1,4,1174
15.5,14,1,5,1178
15.5,14,1,6,1182
15.5,14,1,7,1185
15.5,14,1,8,1189
15.5,14,1,9,1193
15.5,14,1,10,1196
15.5,14,1,11,1200
15.5,14,1,12,1203
15.5,14,1,13,1207
15.5,14,1,14,1211
15.5,14,1,15,1214
15.5,14,2,0,1163
15.5,14,2,1,1167
15.5,14,2,2,1171
15.5,14,2,3,1174
15.5,14,2,4,1178
15.5,14,2,5,1182
15.5,14,2,6,1186
15.5,14,2,7,1189
15.5,14,2,8,1193
15.5,14,2,9,1197
15.5,14,2,10,1200
15.5,14,2,11,1204
15.5,14,2,12,1207
15.5,14,2,13,1211
15.5,14,2,14,1215
15.5,14,2,15,1218
15.5,14,3,0,1167
15.5,14,3,1,1171
15.5,14,3,2,1175
15.5,14,3,3,1178
15.5,14,3,4,1182
15.5,14,3,5,1186
15.5,14,3,6,1189
15.5,14,3,7,1193
15.5,14,3,8,1197
15.5,14,3,9,1201
15.5,14,3,10,1204
15.5,14,3,11,1208
15.5,14,3,12,1211
15.5,14,3,13,1215
15.5,14,3,14,1219
15.5,14,3,15,1222
15.5,14,4,0,1171
15.5,14,4,1,1175
15.5,14,4,2,1178
15.5,14,4,3,1182
15.5,14,4,4,1186
15.5,14,4,5,1190
15.5,14,4,6,1193
15.5,14,4,7,1197
15.5,14,4,8,1201
15.5,14,4,9,1204
15.5,14,4,10,1208
15.5,14,4,11,1212
15.5,14,4,12,1215
15.5,14,4,13,1219
15.5,14,4,14,1223
15.5,14,4,15,1226
15.5,14,5,0,1175
15.5,14,5,1,1179
15.5,14,5,2,1182
15.5,14,5,3,1186
15.5,14,5,4,1190
15.5,14,5,5,1194
15.5,14,5,6,1197
15.5,14,5,7,1201
15.5,14,5,8,1205
15.5,14,5,9,1208
15.5,14,5,10,1212
15.5,14,5,11,1216
15.5,14,5,12,1219
15.5,14,5,13,1223
15.5,14,5,14,1227
15.5,14,5,15,1230
15.5,14,6,0,1179
15.5,14,6,1,1182
15.5,14,6,2,1186
15.5,14,6,3,1190
15.5,14,6,4,1194
15.5,14,6,5,1197
15.5,14,6,6,1201
15.5,14,6,7,1205
15.5,14,6,8,1209
15.5,14,6,9,1212
15.5,14,6,10,1216
15.5,14,6,11,1220
15.5,14,6,12,1223
15.5,14,6,13,1227
15.5,14,6,14,1231
15.5,14,6,15,1234
15.5,14,7,0,1182
15.5,14,7,1,1186
15.5,14,7,2,1190
15.5,14,7,3,1194
15.5,14,7,4,1198
15.5,14,7,5,1201
15.5,14,7,6,1205
15.5,14,7,7,1209
15.5,14,7,8,1213
15.5,14,7,9,1216
15.5,14,7,10,1220
15.5,14,7,11,1224
15.5,14,7,12,1227
15.5,14,7,13,1231
15.5,14,7,14,1235
15.5,14,7,15,1238
15.5,14,8,0,1186
15.5,14,8,1,1190
15.5,14,8,2,1194
15.5,14,8,3,1198
15.5,14,8,4,1201
15.5,14,8,5,1205
15.5,14,8,6,1209
15.5,14,8,7,1213
15.5,14,8,8,1216
15.5,14,8,9,1220
15.5,14,8,10,1224
15.5,14,8,11,1228
15.5,14,8,12,1231
15.5,14,8,13,1235
15.5,14,8,14,1239
15.5,14,8,15,1242
15.5,14,9,0,1190
15.5,14,9,1,1194
15.5,14,9,2,1198
15.5,14,9,3,1201
15.5,14,9,4,1205
15.5,14,9,5,1209
15.5,14,9,6,1213
15.5,14,9,7,1217
15.5,14,9,8,1220
15.5,14,9,9,1224
15.5,14,9,10,1228
15.5,14,9,11,1231
15.5,14,9,12,1235
15.5,14,9,13,1239
15.5,14,9,14,1243
15.5,14,9,15,1246
15.5,14,10,0,1194
15.5,14,10,1,1198
15.5,14,10,2,1201
15.5,14,10,3,1205
15.5,14,10,4,1209
15.5,14,10,5,1213
15.5,14,10,6,1217
15.5,14,10,7,1220
15.5,14,10,8,1224
15.5,14,10,9,1228
15.5,14,10,10,1232
15.5,14,10,11,1235
15.5,14,10,12,1239
15.5,14,10,13,1243
15.5,14,10,14,1246
15.5,14,10,15,1250
15.5,14,11,0,1197
15.5,14,11,1,1201
15.5,14,11,2,1205
15.5,14,11,3,1209
15.5,14,11,4,1213
15.5,14,11,5,1217
15.5,14,11,6,1220
15.5,14,11,7,1224
15.5,14,11,8,1228
15.5,14,11,9,1232
15.5,14,11,10,1235
15.5,14,11,11,1239
15.5,14,11,12,1243
15.5,14,11,13,1247
15.5,14,11,14,1250
15.5,14,11,15,1254
15.5,14,12,0,1201
15.5,14,12,1,1205
15.5,14,12,2,1209
15.5,14,12,3,1213
15.5,14,12,4,1217
15.5,14,12,5,1220
15.5,14,12,6,1224
15.5,14,12,7,1228
15.5,14,12,8,1232
15.5,14,12,9,1236
15.5,14,12,10,1239
15.5,14,12,11,1243
15.5,14,12,12,1247
15.5,14,12,13,1251
15.5,14,12,14,1254
15.5,14,12,15,1258
15.5,14,13,0,1205
15.5,14,13,1,1209
15.5,14,13,2,1213
15.5,14,13,3,1217
15.5,14,13,4,1220
15.5,14,13,5,1224
15.5,14,13,6,1228
15.5,14,13,7,1232
15.5,14,13,8,1236
15.5,14,13,9,1239
15.5,14,13,10,1243
15.5,14,13,11,1247
15.5,14,13,12,1251
15.5,14,13,13,1254
15.5,14,13,14,1258
15.5,14,13,15,1262
15.5,14,14,0,1209
15.5,14,14,1,1213
15.5,14,14,2,1216
15.5,14,14,3,1220
15.5,14,14,4,1224
15.5,14,14,5,1228
15.5,14,14,6,1232
15.5,14,14,7,1236
15.5,14,14,8,1239
15.5,14,14,9,1243
15.5,14,14,10,1247
15.5,14,14,11,1251
15.5,14,14,12,1255
15.5,14,14,13,1258
15.5,14,14,14,1262
15.5,14,14,15,1266
15.5,14,15,0,1212
15.5,14,15,1,1216
15.5,14,15,2,1220
15.5,14,15,3,1224
15.5,14,15,4,1228
15.5,14,15,5,1232
15.5,14,15,6,1236
15.5,14,15,7,1239
15.5,14,15,8,1243
15.5,14,15,9,1247
15.5,14,15,10,1251
15.5,14,15,11,1255
15.5,14,15,12,1258
15.5,14,15,13,1262
15.5,14,15,14,1266
15.5,14,15,15,1270
15.5,15,0,0,1160
15.5,15,0,1,1163
15.5,15,0,2,1167
15.5,15,0,3,1171
15.5,15,0,4,1175
15.5,15,0,5,1178
15.5,15,0,6,1182
15.5,15,0,7,1186
15.5,15,0,8,1189
15.5,15,0,9,1193
15.5,15,0,10,1197
15.5,15,0,11,1200
15.5,15,0,12,1204
15.5,15,0,13,1207
15.5,15,0,14,1211
15.5,15,0,15,1215
15.5,15,1,0,1164
15.5,15,1,1,1167
15.5,15,1,2,1171
15.5,15,1,3,1175
15.5,15,1,4,1179
15.5,15,1,5,1182
15.5,15,1,6,1186
15.5,15,1,7,1190
15.5,15,1,8,1193
15.5,15,1,9,1197
15.5,15,1,10,1201
15.5,15,1,11,1204
15.5,15,1,12,1208
15.5,15,1,13,1211
15.5,15,1,14,1215
15.5,15,1,15,1219
15.5,15,2,0,1167
15.5,15,2,1,1171
15.5,15,2,2,1175
15.5,15,2,3,1179
15.5,15,2,4,1182
15.5,15,2,5,1186
15.5,15,2,6,1190
15.5,15,2,7,1194
15.5,15,2,8,1197
15.5,15,2,9,1201
15.5,15,2,10,1205
15.5,15,2,11,1208
15.5,15,2,12,1212
15.5,15,2,13,1215
15.5,15,2,14,1219
15.5,15,2,15,1223
15.5,15,3,0,1171
15.5,15,3,1,1175
15.5,15,3,2,1179
15.5,15,3,3,1183
15.5,15,3,4,1186
15.5,15,3,5,1190
15.5,15,3,6,1194
15.5,15,3,7,1198
15.5,15,3,8,1201
15.5,15,3,9,1205
15.5,15,3,10,1209
15.5,15,3,11,1212
15.5,15,3,12,1216
15.5,15,3,13,1220
15.5,15,3,14,1223
15.5,15,3,15,1227
15.5,15,4,0,1175
15.5,15,4,1,1179
15.5,15,4,2,1183
15.5,15,4,3,1187
15.5,15,4,4,1190
15.5,15,4,5,1194
15.5,15,4,6,1198
15.5,15,4,7,1201
15.5,15,4,8,1205
15.5,15,4,9,1209
15.5,15,4,10,1213
15.5,15,4,11,1216
15.5,15,4,12,1220
15.5,15,4,13,1224
15.5,15,4,14,1227
15.5,15,4,15,1231
15.5,15,5,0,1179
15.5,15,5,1,1183
15.5,15,5,2,1187
15.5,15,5,3,1190
15.5,15,5,4,1194
15.5,15,5,5,1198
15.5,15,5,6,1202
15.5,15,5,7,1205
15.5,15,5,8,1209
15.5,15,5,9,1213
15.5,15,5,10,1216
15.5,15,5,11,1220
15.5,15,5,12,1224
15.5,15,5,13,1228
15.5,15,5,14,1231
15.5,15,5,15,1235
15.5,15,6,0,1183
15.5,15,6,1,1187
15.5,15,6,2,1190
15.5,15,6,3,1194
15.5,15,6,4,1198
15.5,15,6,5,1202
15.5,15,6,6,1206
15.5,15,6,7,1209
15.5,15,6,8,1213
15.5,15,6,9,1217
15.5,15,6,10,1220
15.5,15,6,11,1224
15.5,15,6,12,1228
15.5,15,6,13,1231
15.5,15,6,14,1235
15.5,15,6,15,1239
15.5,15,7,0,1187
15.5,15,7,1,1190
15.5,15,7,2,1194
15.5,15,7,3,1198
15.5,15,7,4,1202
15.5,15,7,5,1206
15.5,15,7,6,1209
15.5,15,7,7,1213
15.5,15,7,8,1217
15.5,15,7,9,1221
15.5,15,7,10,1224
15.5,15,7,11,1228
15.5,15,7,12,1232
15.5,15,7,13,1235
15.5,15,7,14,1239
15.5,15,7,15,1243
15.5,15,8,0,1190
15.5,15,8,1,1194
15.5,15,8,2,1198
15.5,15,8,3,1202
15.5,15,8,4,1206
15.5,15,8,5,1210
15.5,15,8,6,1213
15.5,15,8,7,1217
15.5,15,8,8,1221
15.5,15,8,9,1225
15.5,15,8,10,1228
15.5,15,8,11,1232
15.5,15,8,12,1236
15.5,15,8,13,1239
15.5,15,8,14,1243
15.5,15,8,15,1247
15.5,15,9,0,1194
15.5,15,9,1,1198
15.5,15,9,2,1202
15.5,15,9,3,1206
15.5,15,9,4,1210
15.5,15,9,5,1213
15.5,15,9,6,1217
15.5,15,9,7,1221
15.5,15,9,8,1225
15.5,15,9,9,1228
15.5,15,9,10,1232
15.5,15,9,11,1236
15.5,15,9,12,1240
15.5,15,9,13,1243
15.5,15,9,14,1247
15.5,15,9,15,1251
15.5,15,10,0,1198
15.5,15,10,1,1202
15.5,15,10,2,1206
15.5,15,10,3,1210
15.5,15,10,4,1213
15.5,15,10,5,1217
15.5,15,10,6,1221
15.5,15,10,7,1225
15.5,15,10,8,1229
15.5,15,10,9,1232
15.5,15,10,10,1236
15.5,15,10,11,1240
15.5,15,10,12,1244
15.5,15,10,13,1247
15.5,15,10,14,1251
15.5,15,10,15,1255
15.5,15,11,0,1202
15.5,15,11,1,1206
15.5,15,11,2,1210
15.5,15,11,3,1213
15.5,15,11,4,1217
15.5,15,11,5,1221
15.5,15,11,6,1225
15.5,15,11,7,1229
15.5,15,11,8,1232
15.5,15,11,9,1236
15.5,15,11,10,1240
15.5,15,11,11,1244
15.5,15,11,12,1247
15.5,15,11,13,1251
15.5,15,11,14,1255
15.5,15,11,15,1259
15.5,15,12,0,1206
15.5,15,12,1,1209
15.5,15,12,2,1213
15.5,15,12,3,1217
15.5,15,12,4,1221
15.5,15,12,5,1225
15.5,15,12,6,1229
15.5,15,12,7,1232
15.5,15,12,8,1236
15.5,15,12,9,1240
15.5,15,12,10,1244
15.5,15,12,11,1248
15.5,15,12,12,1251
15.5,15,12,13,1255
15.5,15,12,14,1259
15.5,15,12,15,1263
15.5,15,13,0,1209
15.5,15,13,1,1213
15.5,15,13,2,1217
15.5,15,13,3,1221
15.5,15,13,4,1225
15.5,15,13,5,1229
15.5,15,13,6,1232
15.5,15,13,7,1236
15.5,15,13,8,1240
15.5,15,13,9,1244
15.5,15,13,10,1248
15.5,15,13,11,1251
15.5,15,13,12,1255
15.5,15,13,13,1259
15.5,15,13,14,1263
15.5,15,13,15,1266
15.5,15,14,0,1213
15.5,15,14,1,1217
15.5,15,14,2,1221
15.5,15,14,3,1225
15.5,15,14,4,1229
15.5,15,14,5,1232
15.5,15,14,6,1236
15.5,15,14,7,1240
15.5,15,14,8,1244
15.5,15,14,9,1248
15.5,15,14,10,1252
15.5,15,14,11,1255
15.5,15,14,12,1259
15.5,15,14,13,1263
15.5,15,14,14,1267
15.5,15,14,15,1270
15.5,15,15,0,1217
15.5,15,15,1,1221
15.5,15,15,2,1225
15.5,15,15,3,1228
15.5,15,15,4,1232
15.5,15,15,5,1236
15.5,15,15,6,1240
15.5,15,15,7,1244
15.5,15,15,8,1248
15.5,15,15,9,1252
15.5,15,15,10,1255
15.5,15,15,11,1259
15.5,15,15,12,1263
15.5,15,15,13,1267
15.5,15,15,14,1271
15.5,15,15,15,1274
16.0,0,0,0,1132
16.0,0,0,1,1136
16.0,0,0,2,1139
16.0,0,0,3,1143
16.0,0,0,4,1147
16.0,0,0,5,1150
16.0,0,0,6,1154
16.0,0,0,7,1157
16.0,0,0,8,1161
16.0,0,0,9,1164
16.0,0,0,10,1168
16.0,0,0,11,1172
16.0,0,0,12,1175
16.0,0,0,13,1179
16.0,0,0,14,1182
16.0,0,0,15,1186
16.0,0,1,0,1136
16.0,0,1,1,1140
16.0,0,1,2,1143
16.0,0,1,3,1147
16.0,0,1,4,1150
16.0,0,1,5,1154
16.0,0,1,6,1158
16.0,0,1,7,1161
16.0,0,1,8,1165
16.0,0,1,9,1168
16.0,0,1,10,1172
16.0,0,1,11,1175
16.0,0,1,12,1179
16.0,0,1,13,1183
16.0,0,1,14,1186
16.0,0,1,15,1190
16.0,0,2,0,1140
16.0,0,2,1,1143
16.0,0,2,2,1147
16.0,0,2,3,1151
16.0,0,2,4,1154
16.0,0,2,5,1158
16.0,0,2,6,1161
16.0,0,2,7,1165
16.0,0,2,8,1169
16.0,0,2,9,1172
16.0,0,2,10,1176
16.0,0,2,11,1179
16.0,0,2,12,1183
16.0,0,2,13,1186
16.0,0,2,14,1190
16.0,0,2,15,1194
16.0,0,3,0,1143
16.0,0,3,1,1147
16.0,0,3,2,1151
16.0,0,3,3,1154
16.0,0,3,4,1158
16.0,0,3,5,1162
16.0,0,3,6,1165
16.0,0,3,7,1169
16.0,0,3,8,1173
16.0,0,3,9,1176
16.0,0,3,10,1180
16.0,0,3,11,1183
16.0,0,3,12,1187
16.0,0,3,13,1190
16.0,0,3,14,1194
16.0,0,3,15,1197
16.0,0,4,0,1147
16.0,0,4,1,1151
16.0,0,4,2,1155
16.0,0,4,3,1158
16.0,0,4,4,1162
16.0,0,4,5,1166
16.0,0,4,6,1169
16.0,0,4,7,1173
16.0,0,4,8,1176
16.0,0,4,9,1180
16.0,0,4,10,1184
16.0,0,4,11,1187
16.0,0,4,12,1191
16.0,0,4,13,1194
16.0,0,4,14,1198
16.0,0,4,15,1201
16.0,0,5,0,1151
16.0,0,5,1,1155
16.0,0,5,2,1158
16.0,0,5,3,1162
16.0,0,5,4,1166
16.0,0,5,5,1169
16.0,0,5,6,1173
16.0,0,5,7,1177
16.0,0,5,8,1180
16.0,0,5,9,1184
16.0,0,5,10,1187
16.0,0,5,11,1191
16.0,0,5,12,1195
16.0,0,5,13,1198
16.0,0,5,14,1202
16.0,0,5,15,1205
16.0,0,6,0,1155
16.0,0,6,1,1158
16.0,0,6,2,1162
16.0,0,6,3,1166
16.0,0,6,4,1169
16.0,0,6,5,1173
16.0,0,6,6,1177
16.0,0,6,7,1180
16.0,0,6,8,1184
16.0,0,6,9,1188
16.0,0,6,10,1191
16.0,0,6,11,1195
16.0,0,6,12,1199
16.0,0,6,13,1202
16.0,0,6,14,1206
16.0,0,6,15,1209
16.0,0,7,0,1158
16.0,0,7,1,1162
16.0,0,7,2,1166
16.0,0,7,3,1170
16.0,0,7,4,1173
16.0,0,7,5,1177
16.0,0,7,6,1181
16.0,0,7,7,1184
16.0,0,7,8,1188
16.0,0,7,9,1192
16.0,0,7,10,1195
16.0,0,7,11,1199
16.0,0,7,12,1202
16.0,0,7,13,1206
16.0,0,7,14,1210
16.0,0,7,15,1213
16.0,0,8,0,1162
16.0,0,8,1,1166
16.0,0,8,2,1170
16.0,0,8,3,1173
16.0,0,8,4,1177
16.0,0,8,5,1181
16.0,0,8,6,1184
16.0,0,8,7,1188
16.0,0,8,8,1192
16.0,0,8,9,1195
16.0,0,8,10,1199
16.0,0,8,11,1203
16.0,0,8,12,1206
16.0,0,8,13,1210
16.0,0,8,14,1213
16.0,0,8,15,1217
16.0,0,9,0,1166
16.0,0,9,1,1170
16.0,0,9,2,1173
16.0,0,9,3,1177
16.0,0,9,4,1181
16.0,0,9,5,1184
16.0,0,9,6,1188
16.0,0,9,7,1192
16.0,0,9,8,1195
16.0,0,9,9,1199
16.0,0,9,10,1203
16.0,0,9,11,1206
16.0,0,9,12,1210
16.0,0,9,13,1214
16.0,0,9,14,1217
16.0,0,9,15,1221
16.0,0,10,0,1169
16.0,0,10,1,1173
16.0,0,10,2,1177
16.0,0,10,3,1181
16.0,0,10,4,1184
16.0,0,10,5,1188
16.0,0,10,6,1192
16.0,0,10,7,1196
16.0,0,10,8,1199
16.0,0,10,9,1203
16.0,0,10,10,1207
16.0,0,10,11,1210
16.0,0,10,12,1214
16.0,0,10,13,1218
16.0,0,10,14,1221
16.0,0,10,15,1225
16.0,0,11,0,1173
16.0,0,11,1,1177
16.0,0,11,2,1181
16.0,0,11,3,1184
16.0,0,11,4,1188
16.0,0,11,5,1192
16.0,0,11,6,1196
16.0,0,11,7,1199
16.0,0,11,8,1203
16.0,0,11,9,1207
16.0,0,11,10,1210
16.0,0,11,11,1214
16.0,0,11,12,1218
16.0,0,11,13,1221
16.0,0,11,14,1225
16.0,0,11,15,1229
16.0,0,12,0,1177
16.0,0,12,1,1181
16.0,0,12,2,1184
16.0,0,12,3,1188
16.0,0,12,4,1192
16.0,0,12,5,1196
16.0,0,12,6,1199
16.0,0,12,7,1203
16.0,0,12,8,1207
16.0,0,12,9,1210
16.0,0,12,10,1214
16.0,0,12,11,1218
16.0,0,12,12,1221
16.0,0,12,13,1225
16.0,0,12,14,1229
16.0,0,12,15,1232
16.0,0,13,0,1180
16.0,0,13,1,1184
16.0,0,13,2,1188
16.0,0,13,3,1192
16.0,0,13,4,1196
16.0,0,13,5,1199
16.0,0,13,6,1203
16.0,0,13,7,1207
16.0,0,13,8,1211
16.0,0,13,9,1214
16.0,0,13,10,1218
16.0,0,13,11,1222
16.0,0,13,12,1225
16.0,0,13,13,1229
16.0,0,13,14,1233
16.0,0,13,15,1236
16.0,0,14,0,1184
16.0,0,14,1,1188
16.0,0,14,2,1192
16.0,0,14,3,1195
16.0,0,14,4,1199
16.0,0,14,5,1203
16.0,0,14,6,1207
16.0,0,14,7,1211
16.0,0,14,8,1214
16.0,0,14,9,1218
16.0,0,14,10,1222
16.0,0,14,11,1225
16.0,0,14,12,1229
16.0,0,14,13,1233
16.0,0,14,14,1236
16.0,0,14,15,1240
16.0,0,15,0,1188
16.0,0,15,1,1192
16.0,0,15,2,1195
16.0,0,15,3,1199
16.0,0,15,4,1203
16.0,0,15,5,1207
16.0,0,15,6,1210
16.0,0,15,7,1214
16.0,0,15,8,1218
16.0,0,15,9,1222
16.0,0,15,10,1225
16.0,0,15,11,1229
16.0,0,15,12,1233
16.0,0,15,13,1237
16.0,0,15,14,1240
16.0,0,15,15,1244
16.0,1,0,0,1136
16.0,1,0,1,1140
16.0,1,0,2,1144
16.0,1,0,3,1147
16.0,1,0,4,1151
16.0,1,0,5,1155
16.0,1,0,6,1158
16.0,1,0,7,1162
16.0,1,0,8,1165
16.0,1,0,9,1169
16.0,1,0,10,1172
16.0,1,0,11,1176
16.0,1,0,12,1180
16.0,1,0,13,1183
16.0,1,0,14,1187
16.0,1,0,15,1190
16.0,1,1,0,1140
16.0,1,1,1,1144
16.0,1,1,2,1148
16.0,1,1,3,1151
16.0,1,1,4,1155
16.0,1,1,5,1158
16.0,1,1,6,1162
16.0,1,1,7,1166
16.0,1,1,8,1169
16.0,1,1,9,1173
16.0,1,1,10,1176
16.0,1,1,11,1180
16.0,1,1,12,1184
16.0,1,1,13,1187
16.0,1,1,14,1191
16.0,1,1,15,1194
16.0,1,2,0,1144
16.0,1,2,1,1148
16.0,1,2,2,1151
16.0,1,2,3,1155
16.0,1,2,4,1159
16.0,1,2,5,1162
16.0,1,2,6,1166
16.0,1,2,7,1170
16.0,1,2,8,1173
16.0,1,2,9,1177
16.0,1,2,10,1180
16.0,1,2,11,1184
16.0,1,2,12,1187
16.0,1,2,13,1191
16.0,1,2,14,1195
16.0,1,2,15,1198
16.0,1,3,0,1148
16.0,1,3,1,1151
16.0,1,3,2,1155
16.0,1,3,3,1159
16.0,1,3,4,1163
16.0,1,3,5,1166
16.0,1,3,6,1170
16.0,1,3,7,1173
16.0,1,3,8,1177
16.0,1,3,9,1181
16.0,1,3,10,1184
16.0,1,3,11,1188
16.0,1,3,12,1191
16.0,1,3,13,1195
16.0,1,3,14,1199
16.0,1,3,15,1202
16.0,1,4,0,1152
16.0,1,4,1,1155
16.0,1,4,2,1159
16.0,1,4,3,1163
16.0,1,4,4,1166
16.0,1,4,5,1170
16.0,1,4,6,1174
16.0,1,4,7,1177
16.0,1,4,8,1181
16.0,1,4,9,1185
16.0,1,4,10,1188
16.0,1,4,11,1192
16.0,1,4,12,1195
16.0,1,4,13,1199
16.0,1,4,14,1202
16.0,1,4,15,1206
16.0,1,5,0,1155
16.0,1,5,1,1159
16.0,1,5,2,1163
16.0,1,5,3,1166
16.0,1,5,4,1170
16.0,1,5,5,1174
16.0,1,5,6,1177
16.0,1,5,7,1181
16.0,1,5,8,1185
16.0,1,5,9,1188
16.0,1,5,10,1192
16.0,1,5,11,1196
16.0,1,5,12,1199
16.0,1,5,13,1203
16.0,1,5,14,1206
16.0,1,5,15,1210
16.0,1,6,0,1159
16.0,1,6,1,1163
16.0,1,6,2,1167
16.0,1,6,3,1170
16.0,1,6,4,1174
16.0,1,6,5,1178
16.0,1,6,6,1181
16.0,1,6,7,1185
16.0,1,6,8,1189
16.0,1,6,9,1192
16.0,1,6,10,1196
16.0,1,6,11,1199
16.0,1,6,12,1203
16.0,1,6,13,1207
16.0,1,6,14,1210
16.0,1,6,15,1214
16.0,1,7,0,1163
16.0,1,7,1,1167
16.0,1,7,2,1170
16.0,1,7,3,1174
16.0,1,7,4,1178
16.0,1,7,5,1181
16.0,1,7,6,1185
16.0,1,7,7,1189
16.0,1,7,8,1192
16.0,1,7,9,1196
16.0,1,7,10,1200
16.0,1,7,11,1203
16.0,1,7,12,1207
16.0,1,7,13,1211
16.0,1,7,14,1214
16.0,1,7,15,1218
16.0,1,8,0,1167
16.0,1,8,1,1170
16.0,1,8,2,1174
16.0,1,8,3,1178
16.0,1,8,4,1181
16.0,1,8,5,1185
16.0,1,8,6,1189
16.0,1,8,7,1193
16.0,1,8,8,1196
16.0,1,8,9,1200
16.0,1,8,10,1204
16.0,1,8,11,1207
16.0,1,8,12,1211
16.0,1,8,13,1214
16.0,1,8,14,1218
16.0,1,8,15,1222
16.0,1,9,0,1170
16.0,1,9,1,1174
16.0,1,9,2,1178
16.0,1,9,3,1181
16.0,1,9,4,1185
16.0,1,9,5,1189
16.0,1,9,6,1193
16.0,1,9,7,1196
16.0,1,9,8,1200
16.0,1,9,9,1204
16.0,1,9,10,1207
16.0,1,9,11,1211
16.0,1,9,12,1215
16.0,1,9,13,1218
16.0,1,9,14,1222
16.0,1,9,15,1226
16.0,1,10,0,1174
16.0,1,10,1,1178
16.0,1,10,2,1181
16.0,1,10,3,1185
16.0,1,10,4,1189
16.0,1,10,5,1193
16.0,1,10,6,1196
16.0,1,10,7,1200
16.0,1,10,8,1204
16.0,1,10,9,1208
16.0,1,10,10,1211
16.0,1,10,11,1215
16.0,1,10,12,1219
16.0,1,10,13,1222
16.0,1,10,14,1226
16.0,1,10,15,1229
16.0,1,11,0,1178
16.0,1,11,1,1181
16.0,1,11,2,1185
16.0,1,11,3,1189
16.0,1,11,4,1193
16.0,1,11,5,1196
16.0,1,11,6,1200
16.0,1,11,7,1204
16.0,1,11,8,1208
16.0,1,11,9,1211
16.0,1,11,10,1215
16.0,1,11,11,1219
16.0,1,11,12,1222
16.0,1,11,13,1226
16.0,1,11,14,1230
16.0,1,11,15,1233
16.0,1,12,0,1181
16.0,1,12,1,1185
16.0,1,12,2,1189
16.0,1,12,3,1193
16.0,1,12,4,1196
16.0,1,12,5,1200
16.0,1,12,6,1204
16.0,1,12,7,1208
16.0,1,12,8,1211
16.0,1,12,9,1215
16.0,1,12,10,1219
16.0,1,12,11,1223
16.0,1,12,12,1226
16.0,1,12,13,1230
16.0,1,12,14,1234
16.0,1,12,15,1237
16.0,1,13,0,1185
16.0,1,13,1,1189
16.0,1,13,2,1193
16.0,1,13,3,1196
16.0,1,13,4,1200
16.0,1,13,5,1204
16.0,1,13,6,1208
16.0,1,13,7,1211
16.0,1,13,8,1215
16.0,1,13,9,1219
16.0,1,13,10,1223
16.0,1,13,11,1226
16.0,1,13,12,1230
16.0,1,13,13,1234
16.0,1,13,14,1237
16.0,1,13,15,1241
16.0,1,14,0,1189
16.0,1,14,1,1192
16.0,1,14,2,1196
16.0,1,14,3,1200
16.0,1,14,4,1204
16.0,1,14,5,1208
16.0,1,14,6,1211
16.0,1,14,7,1215
16.0,1,14,8,1219
16.0,1,14,9,1223
16.0,1,14,10,1226
16.0,1,14,11,1230
16.0,1,14,12,1234
16.0,1,14,13,1237
16.0,1,14,14,1241
16.0,1,14,15,1245
16.0,1,15,0,1192
16.0,1,15,1,1196
16.0,1,15,2,1200
16.0,1,15,3,1204
16.0,1,15,4,1208
16.0,1,15,5,1211
16.0,1,15,6,1215
16.0,1,15,7,1219
16.0,1,15,8,1223
16.0,1,15,9,1226
16.0,1,15,10,1230
16.0,1,15,11,1234
16.0,1,15,12,1238
16.0,1,15,13,1241
16.0,1,15,14,1245
16.0,1,15,15,1249
16.0,2,0,0,1141
16.0,2,0,1,1144
16.0,2,0,2,1148
16.0,2,0,3,1152
16.0,2,0,4,1155
16.0,2,0,5,1159
16.0,2,0,6,1163
16.0,2,0,7,1166
16.0,2,0,8,1170
16.0,2,0,9,1173
16.0,2,0,10,1177
16.0,2,0,11,1181
16.0,2,0,12,1184
16.0,2,0,13,1188
16.0,2,0,14,1191
16.0,2,0,15,1195
16.0,2,1,0,1145
16.0,2,1,1,1148
16.0,2,1,2,1152
16.0,2,1,3,1156
16.0,2,1,4,1159
16.0,2,1,5,1163
16.0,2,1,6,1167
16.0,2,1,7,1170
16.0,2,1,8,1174
16.0,2,1,9,1177
16.0,2,1,10,1181
16.0,2,1,11,1184
16.0,2,1,12,1188
16.0,2,1,13,1192
16.0,2,1,14,1195
16.0,2,1,15,1199
16.0,2,2,0,1148
16.0,2,2,1,1152
16.0,2,2,2,1156
16.0,2,2,3,1159
16.0,2,2,4,1163
16.0,2,2,5,1167
16.0,2,2,6,1170
16.0,2,2,7,1174
16.0,2,2,8,1178
16.0,2,2,9,1181
16.0,2,2,10,1185
16.0,2,2,11,1188
16.0,2,2,12,1192
16.0,2,2,13,1196
16.0,2,2,14,1199
16.0,2,2,15,1203
16.0,2,3,0,1152
16.0,2,3,1,1156
16.0,2,3,2,1160
16.0,2,3,3,1163
16.0,2,3,4,1167
16.0,2,3,5,1171
16.0,2,3,6,1174
16.0,2,3,7,1178
16.0,2,3,8,1182
16.0,2,3,9,1185
16.0,2,3,10,1189
16.0,2,3,11,1192
16.0,2,3,12,1196
16.0,2,3,13,1200
16.0,2,3,14,1203
16.0,2,3,15,1207
16.0,2,4,0,1156
16.0,2,4,1,1160
16.0,2,4,2,1163
16.0,2,4,3,1167
16.0,2,4,4,1171
16.0,2,4,5,1174
16.0,2,4,6,1178
16.0,2,4,7,1182
16.0,2,4,8,1185
16.0,2,4,9,1189
16.0,2,4,10,1193
16.0,2,4,11,1196
16.0,2,4,12,1200
16.0,2,4,13,1203
16.0,2,4,14,1207
16.0,2,4,15,1211
16.0,2,5,0,1160
16.0,2,5,1,1163
16.0,2,5,2,1167
16.0,2,5,3,1171
16.0,2,5,4,1175
16.0,2,5,5,1178
16.0,2,5,6,1182
16.0,2,5,7,1186
16.0,2,5,8,1189
16.0,2,5,9,1193
16.0,2,5,10,1197
16.0,2,5,11,1200
16.0,2,5,12,1204
16.0,2,5,13,1207
16.0,2,5,14,1211
16.0,2,5,15,1215
16.0,2,6,0,1163
16.0,2,6,1,1167
16.0,2,6,2,1171
16.0,2,6,3,1175
16.0,2,6,4,1178
16.0,2,6,5,1182
16.0,2,6,6,1186
16.0,2,6,7,1189
16.0,2,6,8,1193
16.0,2,6,9,1197
16.0,2,6,10,1200
16.0,2,6,11,1204
16.0,2,6,12,1208
16.0,2,6,13,1211
16.0,2,6,14,1215
16.0,2,6,15,1219
16.0,2,7,0,1167
16.0,2,7,1,1171
16.0,2,7,2,1175
16.0,2,7,3,1178
16.0,2,7,4,1182
16.0,2,7,5,1186
16.0,2,7,6,1190
16.0,2,7,7,1193
16.0,2,7,8,1197
16.0,2,7,9,1201
16.0,2,7,10,1204
16.0,2,7,11,1208
16.0,2,7,12,1212
16.0,2,7,13,1215
16.0,2,7,14,1219
16.0,2,7,15,1222
16.0,2,8,0,1171
16.0,2,8,1,1175
16.0,2,8,2,1179
16.0,2,8,3,1182
16.0,2,8,4,1186
16.0,2,8,5,1190
16.0,2,8,6,1193
16.0,2,8,7,1197
16.0,2,8,8,1201
16.0,2,8,9,1204
16.0,2,8,10,1208
16.0,2,8,11,1212
16.0,2,8,12,1215
16.0,2,8,13,1219
16.0,2,8,14,1223
16.0,2,8,15,1226
16.0,2,9,0,1175
16.0,2,9,1,1178
16.0,2,9,2,1182
16.0,2,9,3,1186
16.0,2,9,4,1190
16.0,2,9,5,1193
16.0,2,9,6,1197
16.0,2,9,7,1201
16.0,2,9,8,1205
16.0,2,9,9,1208
16.0,2,9,10,1212
16.0,2,9,11,1216
16.0,2,9,12,1219
16.0,2,9,13,1223
16.0,2,9,14,1227
16.0,2,9,15,1230
16.0,2,10,0,1178
16.0,2,10,1,1182
16.0,2,10,2,1186
16.0,2,10,3,1190
16.0,2,10,4,1194
16.0,2,10,5,1197
16.0,2,10,6,1201
16.0,2,10,7,1205
16.0,2,10,8,1208
16.0,2,10,9,1212
16.0,2,10,10,1216
16.0,2,10,11,1220
16.0,2,10,12,1223
16.0,2,10,13,1227
16.0,2,10,14,1230
16.0,2,10,15,1234
16.0,2,11,0,1182
16.0,2,11,1,1186
16.0,2,11,2,1190
16.0,2,11,3,1193
16.0,2,11,4,1197
16.0,2,11,5,1201
16.0,2,11,6,1205
16.0,2,11,7,1209
16.0,2,11,8,1212
16.0,2,11,9,1216
16.0,2,11,10,1220
16.0,2,11,11,1223
16.0,2,11,12,1227
16.0,2,11,13,1231
16.0,2,11,14,1234
16.0,2,11,15,1238
16.0,2,12,0,1186
16.0,2,12,1,1190
16.0,2,12,2,1193
16.0,2,12,3,1197
16.0,2,12,4,1201
16.0,2,12,5,1205
16.0,2,12,6,1209
16.0,2,12,7,1212
16.0,2,12,8,1216
16.0,2,12,9,1220
16.0,2,12,10,1223
16.0,2,12,11,1227
16.0,2,12,12,1231
16.0,2,12,13,1235
16.0,2,12,14,1238
16.0,2,12,15,1242
16.0,2,13,0,1189
16.0,2,13,1,1193
16.0,2,13,2,1197
16.0,2,13,3,1201
16.0,2,13,4,1205
16.0,2,13,5,1209
16.0,2,13,6,1212
16.0,2,13,7,1216
16.0,2,13,8,1220
16.0,2,13,9,1224
16.0,2,13,10,1227
16.0,2,13,11,1231
16.0,2,13,12,1235
16.0,2,13,13,1238
16.0,2,13,14,1242
16.0,2,13,15,1246
16.0,2,14,0,1193
16.0,2,14,1,1197
16.0,2,14,2,1201
16.0,2,14,3,1205
16.0,2,14,4,1208
16.0,2,14,5,1212
16.0,2,14,6,1216
16.0,2,14,7,1220
16.0,2,14,8,1224
16.0,2,14,9,1227
16.0,2,14,10,1231
16.0,2,14,11,1235
16.0,2,14,12,1238
16.0,2,14,13,1242
16.0,2,14,14,1246
16.0,2,14,15,1250
16.0,2,15,0,1197
16.0,2,15,1,1201
16.0,2,15,2,1204
16.0,2,15,3,1208
16.0,2,15,4,1212
16.0,2,15,5,1216
16.0,2,15,6,1220
16.0,2,15,7,1224
16.0,2,15,8,1227
16.0,2,15,9,1231
16.0,2,15,10,1235
16.0,2,15,11,1239
16.0,2,15,12,1242
16.0,2,15,13,1246
16.0,2,15,14,1250
16.0,2,15,15,1253
16.0,3,0,0,1145
16.0,3,0,1,1149
16.0,3,0,2,1152
16.0,3,0,3,1156
16.0,3,0,4,1160
16.0,3,0,5,1163
16.0,3,0,6,1167
16.0,3,0,7,1171
16.0,3,0,8,1174
16.0,3,0,9,1178
16.0,3,0,10,1181
16.0,3,0,11,1185
16.0,3,0,12,1189
16.0,3,0,13,1192
16.0,3,0,14,1196
16.0,3,0,15,1199
16.0,3,1,0,1149
16.0,3,1,1,1153
16.0,3,1,2,1156
16.0,3,1,3,1160
16.0,3,1,4,1164
16.0,3,1,5,1167
16.0,3,1,6,1171
16.0,3,1,7,1175
16.0,3,1,8,1178
16.0,3,1,9,1182
16.0,3,1,10,1185
16.0,3,1,11,1189
16.0,3,1,12,1193
16.0,3,1,13,1196
16.0,3,1,14,1200
16.0,3,1,15,1203
16.0,3,2,0,1153
16.0,3,2,1,1156
16.0,3,2,2,1160
16.0,3,2,3,1164
16.0,3,2,4,1168
16.0,3,2,5,1171
16.0,3,2,6,1175
16.0,3,2,7,1178
16.0,3,2,8,1182
16.0,3,2,9,1186
16.0,3,2,10,1189
16.0,3,2,11,1193
16.0,3,2,12,1197
16.0,3,2,13,1200
16.0,3,2,14,1204
16.0,3,2,15,1207
16.0,3,3,0,1157
16.0,3,3,1,1160
16.0,3,3,2,1164
16.0,3,3,3,1168
16.0,3,3,4,1171
16.0,3,3,5,1175
16.0,3,3,6,1179
16.0,3,3,7,1182
16.0,3,3,8,1186
16.0,3,3,9,1190
16.0,3,3,10,1193
16.0,3,3,11,1197
16.0,3,3,12,1200
16.0,3,3,13,1204
16.0,3,3,14,1208
16.0,3,3,15,1211
16.0,3,4,0,1160
16.0,3,4,1,1164
16.0,3,4,2,1168
16.0,3,4,3,1172
16.0,3,4,4,1175
16.0,3,4,5,1179
16.0,3,4,6,1183
16.0,3,4,7,1186
16.0,3,4,8,1190
16.0,3,4,9,1194
16.0,3,4,10,1197
16.0,3,4,11,1201
16.0,3,4,12,1204
16.0,3,4,13,1208
16.0,3,4,14,1212
16.0,3,4,15,1215
16.0,3,5,0,1164
16.0,3,5,1,1168
16.0,3,5,2,1172
16.0,3,5,3,1175
16.0,3,5,4,1179
16.0,3,5,5,1183
16.0,3,5,6,1186
16.0,3,5,7,1190
16.0,3,5,8,1194
16.0,3,5,9,1197
16.0,3,5,10,1201
16.0,3,5,11,1205
16.0,3,5,12,1208
16.0,3,5,13,1212
16.0,3,5,14,1216
16.0,3,5,15,1219
16.0,3,6,0,1168
16.0,3,6,1,1172
16.0,3,6,2,1175
16.0,3,6,3,1179
16.0,3,6,4,1183
16.0,3,6,5,1187
16.0,3,6,6,1190
16.0,3,6,7,1194
16.0,3,6,8,1198
16.0,3,6,9,1201
16.0,3,6,10,1205
16.0,3,6,11,1209
16.0,3,6,12,1212
16.0,3,6,13,1216
16.0,3,6,14,1220
16.0,3,6,15,1223
16.0,3,7,0,1172
16.0,3,7,1,1175
16.0,3,7,2,1179
16.0,3,7,3,1183
16.0,3,7,4,1187
16.0,3,7,5,1190
16.0,3,7,6,1194
16.0,3,7,7,1198
16.0,3,7,8,1202
16.0,3,7,9,1205
16.0,3,7,10,1209
16.0,3,7,11,1213
16.0,3,7,12,1216
16.0,3,7,13,1220
16.0,3,7,14,1223
16.0,3,7,15,1227
16.0,3,8,0,1175
16.0,3,8,1,1179
16.0,3,8,2,1183
16.0,3,8,3,1187
16.0,3,8,4,1190
16.0,3,8,5,1194
16.0,3,8,6,1198
16.0,3,8,7,1202
16.0,3,8,8,1205
16.0,3,8,9,1209
16.0,3,8,10,1213
16.0,3,8,11,1216
16.0,3,8,12,1220
16.0,3,8,13,1224
16.0,3,8,14,1227
16.0,3,8,15,1231
16.0,3,9,0,1179
16.0,3,9,1,1183
16.0,3,9,2,1187
16.0,3,9,3,1191
16.0,3,9,4,1194
16.0,3,9,5,1198
16.0,3,9,6,1202
16.0,3,9,7,1206
16.0,3,9,8,1209
16.0,3,9,9,1213
16.0,3,9,10,1217
16.0,3,9,11,1220
16.0,3,9,12,1224
16.0,3,9,13,1228
16.0,3,9,14,1231
16.0,3,9,15,1235
16.0,3,10,0,1183
16.0,3,10,1,1187
16.0,3,10,2,1190
16.0,3,10,3,1194
16.0,3,10,4,1198
16.0,3,10,5,1202
16.0,3,10,6,1206
16.0,3,10,7,1209
16.0,3,10,8,1213
16.0,3,10,9,1217
16.0,3,10,10,1220
16.0,3,10,11,1224
16.0,3,10,12,1228
16.0,3,10,13,1232
16.0,3,10,14,1235
16.0,3,10,15,1239
16.0,3,11,0,1187
16.0,3,11,1,1190
16.0,3,11,2,1194
16.0,3,11,3,1198
16.0,3,11,4,1202
16.0,3,11,5,1206
16.0,3,11,6,1209
16.0,3,11,7,1213
16.0,3,11,8,1217
16.0,3,11,9,1221
16.0,3,11,10,1224
16.0,3,11,11,1228
16.0,3,11,12,1232
16.0,3,11,13,1235
16.0,3,11,14,1239
16.0,3,11,15,1243
16.0,3,12,0,1190
16.0,3,12,1,1194
16.0,3,12,2,1198
16.0,3,12,3,1202
16.0,3,12,4,1206
16.0,3,12,5,1209
16.0,3,12,6,1213
16.0,3,12,7,1217
16.0,3,12,8,1221
16.0,3,12,9,1224
16.0,3,12,10,1228
16.0,3,12,11,1232
16.0,3,12,12,1236
16.0,3,12,13,1239
16.0,3,12,14,1243
16.0,3,12,15,1247
16.0,3,13,0,1194
16.0,3,13,1,1198
16.0,3,13,2,1202
16.0,3,13,3,1206
16.0,3,13,4,1209
16.0,3,13,5,1213
16.0,3,13,6,1217
16.0,3,13,7,1221
16.0,3,13,8,1224
16.0,3,13,9,1228
16.0,3,13,10,1232
16.0,3,13,11,1236
16.0,3,13,12,1239
16.0,3,13,13,1243
16.0,3,13,14,1247
16.0,3,13,15,1250
16.0,3,14,0,1198
16.0,3,14,1,1202
16.0,3,14,2,1205
16.0,3,14,3,1209
16.0,3,14,4,1213
16.0,3,14,5,1217
16.0,3,14,6,1221
16.0,3,14,7,1224
16.0,3,14,8,1228
16.0,3,14,9,1232
16.0,3,14,10,1236
16.0,3,14,11,1239
16.0,3,14,12,1243
16.0,3,14,13,1247
16.0,3,14,14,1251
16.0,3,14,15,1254
16.0,3,15,0,1201
16.0,3,15,1,1205
16.0,3,15,2,1209
16.0,3,15,3,1213
16.0,3,15,4,1217
16.0,3,15,5,1221
16.0,3,15,6,1224
16.0,3,15,7,1228
16.0,3,15,8,1232
16.0,3,15,9,1236
16.0,3,15,10,1240
16.0,3,15,11,1243
16.0,3,15,12,1247
16.0,3,15,13,1251
16.0,3,15,14,1254
16.0,3,15,15,1258
16.0,4,0,0,1149
16.0,4,0,1,1153
16.0,4,0,2,1157
16.0,4,0,3,1160
16.0,4,0,4,1164
16.0,4,0,5,1168
16.0,4,0,6,1171
16.0,4,0,7,1175
16.0,4,0,8,1179
16.0,4,0,9,1182
16.0,4,0,10,1186
16.0,4,0,11,1190
16.0,4,0,12,1193
16.0,4,0,13,1197
16.0,4,0,14,1200
16.0,4,0,15,1204
16.0,4,1,0,1153
16.0,4,1,1,1157
16.0,4,1,2,1161
16.0,4,1,3,1164
16.0,4,1,4,1168
16.0,4,1,5,1172
16.0,4,1,6,1175
16.0,4,1,7,1179
16.0,4,1,8,1183
16.0,4,1,9,1186
16.0,4,1,10,1190
16.0,4,1,11,1193
16.0,4,1,12,1197
16.0,4,1,13,1201
16.0,4,1,14,1204
16.0,4,1,15,1208
16.0,4,2,0,1157
16.0,4,2,1,1161
16.0,4,2,2,1165
16.0,4,2,3,1168
16.0,4,2,4,1172
16.0,4,2,5,1176
16.0,4,2,6,1179
16.0,4,2,7,1183
16.0,4,2,8,1187
16.0,4,2,9,1190
16.0,4,2,10,1194
16.0,4,2,11,1197
16.0,4,2,12,1201
16.0,4,2,13,1205
16.0,4,2,14,1208
16.0,4,2,15,1212
16.0,4,3,0,1161
16.0,4,3,1,1165
16.0,4,3,2,1168
16.0,4,3,3,1172
16.0,4,3,4,1176
16.0,4,3,5,1180
16.0,4,3,6,1183
16.0,4,3,7,1187
16.0,4,3,8,1191
16.0,4,3,9,1194
16.0,4,3,10,1198
16.0,4,3,11,1201
16.0,4,3,12,1205
16.0,4,3,13,1209
16.0,4,3,14,1212
16.0,4,3,15,1216
16.0,4,4,0,1165
16.0,4,4,1,1168
16.0,4,4,2,1172
16.0,4,4,3,1176
16.0,4,4,4,1180
16.0,4,4,5,1183
16.0,4,4,6,1187
16.0,4,4,7,1191
16.0,4,4,8,1194
16.0,4,4,9,1198
16.0,4,4,10,1202
16.0,4,4,11,1205
16.0,4,4,12,1209
16.0,4,4,13,1213
16.0,4,4,14,1216
16.0,4,4,15,1220
16.0,4,5,0,1169
16.0,4,5,1,1172
16.0,4,5,2,1176
16.0,4,5,3,1180
16.0,4,5,4,1184
16.0,4,5,5,1187
16.0,4,5,6,1191
16.0,4,5,7,1195
16.0,4,5,8,1198
16.0,4,5,9,1202
16.0,4,5,10,1206
16.0,4,5,11,1209
16.0,4,5,12,1213
16.0,4,5,13,1217
16.0,4,5,14,1220
16.0,4,5,15,1224
16.0,4,6,0,1172
16.0,4,6,1,1176
16.0,4,6,2,1180
16.0,4,6,3,1184
16.0,4,6,4,1187
16.0,4,6,5,1191
16.0,4,6,6,1195
16.0,4,6,7,1199
16.0,4,6,8,1202
16.0,4,6,9,1206
16.0,4,6,10,1210
16.0,4,6,11,1213
16.0,4,6,12,1217
16.0,4,6,13,1221
16.0,4,6,14,1224
16.0,4,6,15,1228
16.0,4,7,0,1176
16.0,4,7,1,1180
16.0,4,7,2,1184
16.0,4,7,3,1187
16.0,4,7,4,1191
16.0,4,7,5,1195
16.0,4,7,6,1199
16.0,4,7,7,1202
16.0,4,7,8,1206
16.0,4,7,9,1210
16.0,4,7,10,1213
16.0,4,7,11,1217
16.0,4,7,12,1221
16.0,4,7,13,1224
16.0,4,7,14,1228
16.0,4,7,15,1232
16.0,4,8,0,1180
16.0,4,8,1,1184
16.0,4,8,2,1187
16.0,4,8,3,1191
16.0,4,8,4,1195
16.0,4,8,5,1199
16.0,4,8,6,1203
16.0,4,8,7,1206
16.0,4,8,8,1210
16.0,4,8,9,1214
16.0,4,8,10,1217
16.0,4,8,11,1221
16.0,4,8,12,1225
16.0,4,8,13,1228
16.0,4,8,14,1232
16.0,4,8,15,1236
16.0,4,9,0,1184
16.0,4,9,1,1187
16.0,4,9,2,1191
16.0,4,9,3,1195
16.0,4,9,4,1199
16.0,4,9,5,1203
16.0,4,9,6,1206
16.0,4,9,7,1210
16.0,4,9,8,1214
16.0,4,9,9,1218
16.0,4,9,10,1221
16.0,4,9,11,1225
16.0,4,9,12,1229
16.0,4,9,13,1232
16.0,4,9,14,1236
16.0,4,9,15,1240
16.0,4,10,0,1187
16.0,4,10,1,1191
16.0,4,10,2,1195
16.0,4,10,3,1199
16.0,4,10,4,1203
16.0,4,10,5,1206
16.0,4,10,6,1210
16.0,4,10,7,1214
16.0,4,10,8,1218
16.0,4,10,9,1221
16.0,4,10,10,1225
16.0,4,10,11,1229
16.0,4,10,12,1232
16.0,4,10,13,1236
16.0,4,10,14,1240
16.0,4,10,15,1244
16.0,4,11,0,1191
16.0,4,11,1,1195
16.0,4,11,2,1199
16.0,4,11,3,1203
16.0,4,11,4,1206
16.0,4,11,5,1210
16.0,4,11,6,1214
16.0,4,11,7,1218
16.0,4,11,8,1221
16.0,4,11,9,1225
16.0,4,11,10,1229
16.0,4,11,11,1233
16.0,4,11,12,1236
16.0,4,11,13,1240
16.0,4,11,14,1244
16.0,4,11,15,1247
16.0,4,12,0,1195
16.0,4,12,1,1199
16.0,4,12,2,1203
16.0,4,12,3,1206
16.0,4,12,4,1210
16.0,4,12,5,1214
16.0,4,12,6,1218
16.0,4,12,7,1222
16.0,4,12,8,1225
16.0,4,12,9,1229
16.0,4,12,10,1233
16.0,4,12,11,1237
16.0,4,12,12,1240
16.0,4,12,13,1244
16.0,4,12,14,1248
16.0,4,12,15,1251
16.0,4,13,0,1199
16.0,4,13,1,1202
16.0,4,13,2,1206
16.0,4,13,3,1210
16.0,4,13,4,1214
16.0,4,13,5,1218
16.0,4,13,6,1222
16.0,4,13,7,1225
16.0,4,13,8,1229
16.0,4,13,9,1233
16.0,4,13,10,1237
16.0,4,13,11,1240
16.0,4,13,12,1244
16.0,4,13,13,1248
16.0,4,13,14,1252
16.0,4,13,15,1255
16.0,4,14,0,1202
16.0,4,14,1,1206
16.0,4,14,2,1210
16.0,4,14,3,1214
16.0,4,14,4,1218
16.0,4,14,5,1221
16.0,4,14,6,1225
16.0,4,14,7,1229
16.0,4,14,8,1233
16.0,4,14,9,1237
16.0,4,14,10,1240
16.0,4,14,11,1244
16.0,4,14,12,1248
16.0,4,14,13,1252
16.0,4,14,14,1255
16.0,4,14,15,1259
16.0,4,15,0,1206
16.0,4,15,1,1210
16.0,4,15,2,1214
16.0,4,15,3,1218
16.0,4,15,4,1221
16.0,4,15,5,1225
16.0,4,15,6,1229
16.0,4,15,7,1233
16.0,4,15,8,1237
16.0,4,15,9,1240
16.0,4,15,10,1244
16.0,4,15,11,1248
16.0,4,15,12,1252
16.0,4,15,13,1255
16.0,4,15,14,1259
16.0,4,15,15,1263
16.0,5,0,0,1154
16.0,5,0,1,1157
16.0,5,0,2,1161
16.0,5,0,3,1165
16.0,5,0,4,1169
16.0,5,0,5,1172
16.0,5,0,6,1176
16.0,5,0,7,1180
16.0,5,0,8,1183
16.0,5,0,9,1187
16.0,5,0,10,1190
16.0,5,0,11,1194
16.0,5,0,12,1198
16.0,5,0,13,1201
16.0,5,0,14,1205
16.0,5,0,15,1208
16.0,5,1,0,1158
16.0,5,1,1,1161
16.0,5,1,2,1165
16.0,5,1,3,1169
16.0,5,1,4,1172
16.0,5,1,5,1176
16.0,5,1,6,1180
16.0,5,1,7,1183
16.0,5,1,8,1187
16.0,5,1,9,1191
16.0,5,1,10,1194
16.0,5,1,11,1198
16.0,5,1,12,1202
16.0,5,1,13,1205
16.0,5,1,14,1209
16.0,5,1,15,1212
16.0,5,2,0,1161
16.0,5,2,1,1165
16.0,5,2,2,1169
16.0,5,2,3,1173
16.0,5,2,4,1176
16.0,5,2,5,1180
16.0,5,2,6,1184
16.0,5,2,7,1187
16.0,5,2,8,1191
16.0,5,2,9,1195
16.0,5,2,10,1198
16.0,5,2,11,1202
16.0,5,2,12,1206
16.0,5,2,13,1209
16.0,5,2,14,1213
16.0,5,2,15,1216
16.0,5,3,0,1165
16.0,5,3,1,1169
16.0,5,3,2,1173
16.0,5,3,3,1177
16.0,5,3,4,1180
16.0,5,3,5,1184
16.0,5,3,6,1188
16.0,5,3,7,1191
16.0,5,3,8,1195
16.0,5,3,9,1199
16.0,5,3,10,1202
16.0,5,3,11,1206
16.0,5,3,12,1210
16.0,5,3,13,1213
16.0,5,3,14,1217
16.0,5,3,15,1220
16.0,5,4,0,1169
16.0,5,4,1,1173
16.0,5,4,2,1177
16.0,5,4,3,1180
16.0,5,4,4,1184
16.0,5,4,5,1188
16.0,5,4,6,1192
16.0,5,4,7,1195
16.0,5,4,8,1199
16.0,5,4,9,1203
16.0,5,4,10,1206
16.0,5,4,11,1210
16.0,5,4,12,1214
16.0,5,4,13,1217
16.0,5,4,14,1221
16.0,5,4,15,1224
16.0,5,5,0,1173
16.0,5,5,1,1177
16.0,5,5,2,1181
16.0,5,5,3,1184
16.0,5,5,4,1188
16.0,5,5,5,1192
16.0,5,5,6,1195
16.0,5,5,7,1199
16.0,5,5,8,1203
16.0,5,5,9,1207
16.0,5,5,10,1210
16.0,5,5,11,1214
16.0,5,5,12,1218
16.0,5,5,13,1221
16.0,5,5,14,1225
16.0,5,5,15,1228
16.0,5,6,0,1177
16.0,5,6,1,1181
16.0,5,6,2,1184
16.0,5,6,3,1188
16.0,5,6,4,1192
16.0,5,6,5,1196
16.0,5,6,6,1199
16.0,5,6,7,1203
16.0,5,6,8,1207
16.0,5,6,9,1210
16.0,5,6,10,1214
16.0,5,6,11,1218
16.0,5,6,12,1221
16.0,5,6,13,1225
16.0,5,6,14,1229
16.0,5,6,15,1232
16.0,5,7,0,1181
16.0,5,7,1,1184
16.0,5,7,2,1188
16.0,5,7,3,1192
16.0,5,7,4,1196
16.0,5,7,5,1199
16.0,5,7,6,1203
16.0,5,7,7,1207
16.0,5,7,8,1211
16.0,5,7,9,1214
16.0,5,7,10,1218
16.0,5,7,11,1222
16.0,5,7,12,1225
16.0,5,7,13,1229
16.0,5,7,14,1233
16.0,5,7,15,1236
16.0,5,8,0,1184
16.0,5,8,1,1188
16.0,5,8,2,1192
16.0,5,8,3,1196
16.0,5,8,4,1200
16.0,5,8,5,1203
16.0,5,8,6,1207
16.0,5,8,7,1211
16.0,5,8,8,1215
16.0,5,8,9,1218
16.0,5,8,10,1222
16.0,5,8,11,1226
16.0,5,8,12,1229
16.0,5,8,13,1233
16.0,5,8,14,1237
16.0,5,8,15,1240
16.0,5,9,0,1188
16.0,5,9,1,1192
16.0,5,9,2,1196
16.0,5,9,3,1200
16.0,5,9,4,1203
16.0,5,9,5,1207
16.0,5,9,6,1211
16.0,5,9,7,1215
16.0,5,9,8,1218
16.0,5,9,9,1222
16.0,5,9,10,1226
16.0,5,9,11,1230
16.0,5,9,12,1233
16.0,5,9,13,1237
16.0,5,9,14,1241
16.0,5,9,15,1244
16.0,5,10,0,1192
16.0,5,10,1,1196
16.0,5,10,2,1200
16.0,5,10,3,1203
16.0,5,10,4,1207
16.0,5,10,5,1211
16.0,5,10,6,1215
16.0,5,10,7,1218
16.0,5,10,8,1222
16.0,5,10,9,1226
16.0,5,10,10,1230
16.0,5,10,11,1233
16.0,5,10,12,1237
16.0,5,10,13,1241
16.0,5,10,14,1245
16.0,5,10,15,1248
16.0,5,11,0,1196
16.0,5,11,1,1199
16.0,5,11,2,1203
16.0,5,11,3,1207
16.0,5,11,4,1211
16.0,5,11,5,1215
16.0,5,11,6,1219
16.0,5,11,7,1222
16.0,5,11,8,1226
16.0,5,11,9,1230
16.0,5,11,10,1234
16.0,5,11,11,1237
16.0,5,11,12,1241
16.0,5,11,13,1245
16.0,5,11,14,1248
16.0,5,11,15,1252
16.0,5,12,0,1199
16.0,5,12,1,1203
16.0,5,12,2,1207
16.0,5,12,3,1211
16.0,5,12,4,1215
16.0,5,12,5,1219
16.0,5,12,6,1222
16.0,5,12,7,1226
16.0,5,12,8,1230
16.0,5,12,9,1234
16.0,5,12,10,1237
16.0,5,12,11,1241
16.0,5,12,12,1245
16.0,5,12,13,1249
16.0,5,12,14,1252
16.0,5,12,15,1256
16.0,5,13,0,1203
16.0,5,13,1,1207
16.0,5,13,2,1211
16.0,5,13,3,1215
16.0,5,13,4,1218
16.0,5,13,5,1222
16.0,5,13,6,1226
16.0,5,13,7,1230
16.0,5,13,8,1234
16.0,5,13,9,1237
16.0,5,13,10,1241
16.0,5,13,11,1245
16.0,5,13,12,1249
16.0,5,13,13,1253
16.0,5,13,14,1256
16.0,5,13,15,1260
16.0,5,14,0,1207
16.0,5,14,1,1211
16.0,5,14,2,1215
16.0,5,14,3,1218
16.0,5,14,4,1222
16.0,5,14,5,1226
16.0,5,14,6,1230
16.0,5,14,7,1234
16.0,5,14,8,1238
16.0,5,14,9,1241
16.0,5,14,10,1245
16.0,5,14,11,1249
16.0,5,14,12,1253
16.0,5,14,13,1256
16.0,5,14,14,1260
16.0,5,14,15,1264
16.0,5,15,0,1210
16.0,5,15,1,1214
16.0,5,15,2,1218
16.0,5,15,3,1222
16.0,5,15,4,1226
16.0,5,15,5,1230
16.0,5,15,6,1234
16.0,5,15,7,1237
16.0,5,15,8,1241
16.0,5,15,9,1245
16.0,5,15,10,1249
16.0,5,15,11,1253
16.0,5,15,12,1256
16.0,5,15,13,1260
16.0,5,15,14,1264
16.0,5,15,15,1268
16.0,6,0,0,1158
16.0,6,0,1,1162
16.0,6,0,2,1166
16.0,6,0,3,1169
16.0,6,0,4,1173
16.0,6,0,5,1177
16.0,6,0,6,1180
16.0,6,0,7,1184
16.0,6,0,8,1188
16.0,6,0,9,1191
16.0,6,0,10,1195
16.0,6,0,11,1198
16.0,6,0,12,1202
16.0,6,0,13,1206
16.0,6,0,14,1209
16.0,6,0,15,1213
16.0,6,1,0,1162
16.0,6,1,1,1166
16.0,6,1,2,1169
16.0,6,1,3,1173
16.0,6,1,4,1177
16.0,6,1,5,1181
16.0,6,1,6,1184
16.0,6,1,7,1188
16.0,6,1,8,1192
16.0,6,1,9,1195
16.0,6,1,10,1199
16.0,6,1,11,1203
16.0,6,1,12,1206
16.0,6,1,13,1210
16.0,6,1,14,1213
16.0,6,1,15,1217
16.0,6,2,0,1166
16.0,6,2,1,1170
16.0,6,2,2,1173
16.0,6,2,3,1177
16.0,6,2,4,1181
16.0,6,2,5,1184
16.0,6,2,6,1188
16.0,6,2,7,1192
16.0,6,2,8,1196
16.0,6,2,9,1199
16.0,6,2,10,1203
16.0,6,2,11,1207
16.0,6,2,12,1210
16.0,6,2,13,1214
16.0,6,2,14,1217
16.0,6,2,15,1221
16.0,6,3,0,1170
16.0,6,3,1,1173
16.0,6,3,2,1177
16.0,6,3,3,1181
16.0,6,3,4,1185
16.0,6,3,5,1188
16.0,6,3,6,1192
16.0,6,3,7,1196
16.0,6,3,8,1200
16.0,6,3,9,1203
16.0,6,3,10,1207
16.0,6,3,11,1211
16.0,6,3,12,1214
16.0,6,3,13,1218
16.0,6,3,14,1221
16.0,6,3,15,1225
16.0,6,4,0,1174
16.0,6,4,1,1177
16.0,6,4,2,1181
16.0,6,4,3,1185
16.0,6,4,4,1189
16.0,6,4,5,1192
16.0,6,4,6,1196
16.0,6,4,7,1200
16.0,6,4,8,1203
16.0,6,4,9,1207
16.0,6,4,10,1211
16.0,6,4,11,1214
16.0,6,4,12,1218
16.0,6,4,13,1222
16.0,6,4,14,1225
16.0,6,4,15,1229
16.0,6,5,0,1177
16.0,6,5,1,1181
16.0,6,5,2,1185
16.0,6,5,3,1189
16.0,6,5,4,1192
16.0,6,5,5,1196
16.0,6,5,6,1200
16.0,6,5,7,1204
16.0,6,5,8,1207
16.0,6,5,9,1211
16.0,6,5,10,1215
16.0,6,5,11,1218
16.0,6,5,12,1222
16.0,6,5,13,1226
16.0,6,5,14,1229
16.0,6,5,15,1233
16.0,6,6,0,1181
16.0,6,6,1,1185
16.0,6,6,2,1189
16.0,6,6,3,1193
16.0,6,6,4,1196
16.0,6,6,5,1200
16.0,6,6,6,1204
16.0,6,6,7,1208
16.0,6,6,8,1211
16.0,6,6,9,1215
16.0,6,6,10,1219
16.0,6,6,11,1222
16.0,6,6,12,1226
16.0,6,6,13,1230
16.0,6,6,14,1233
16.0,6,6,15,1237
16.0,6,7,0,1185
16.0,6,7,1,1189
16.0,6,7,2,1193
16.0,6,7,3,1196
16.0,6,7,4,1200
16.0,6,7,5,1204
16.0,6,7,6,1208
16.0,6,7,7,1211
16.0,6,7,8,1215
16.0,6,7,9,1219
16.0,6,7,10,1223
16.0,6,7,11,1226
16.0,6,7,12,1230
16.0,6,7,13,1234
16.0,6,7,14,1237
16.0,6,7,15,1241
16.0,6,8,0,1189
16.0,6,8,1,1193
16.0,6,8,2,1196
16.0,6,8,3,1200
16.0,6,8,4,1204
16.0,6,8,5,1208
16.0,6,8,6,1212
16.0,6,8,7,1215
16.0,6,8,8,1219
16.0,6,8,9,1223
16.0,6,8,10,1227
16.0,6,8,11,1230
16.0,6,8,12,1234
16.0,6,8,13,1238
16.0,6,8,14,1241
16.0,6,8,15,1245
16.0,6,9,0,1193
16.0,6,9,1,1196
16.0,6,9,2,1200
16.0,6,9,3,1204
16.0,6,9,4,1208
16.0,6,9,5,1212
16.0,6,9,6,1215
16.0,6,9,7,1219
16.0,6,9,8,1223
16.0,6,9,9,1227
16.0,6,9,10,1230
16.0,6,9,11,1234
16.0,6,9,12,1238
16.0,6,9,13,1242
16.0,6,9,14,1245
16.0,6,9,15,1249
16.0,6,10,0,1196
16.0,6,10,1,1200
16.0,6,10,2,1204
16.0,6,10,3,1208
16.0,6,10,4,1212
16.0,6,10,5,1215
16.0,6,10,6,1219
16.0,6,10,7,1223
16.0,6,10,8,1227
16.0,6,10,9,1231
16.0,6,10,10,1234
16.0,6,10,11,1238
16.0,6,10,12,1242
16.0,6,10,13,1246
16.0,6,10,14,1249
16.0,6,10,15,1253
16.0,6,11,0,1200
16.0,6,11,1,1204
16.0,6,11,2,1208
16.0,6,11,3,1212
16.0,6,11,4,1215
16.0,6,11,5,1219
16.0,6,11,6,1223
16.0,6,11,7,1227
16.0,6,11,8,1231
16.0,6,11,9,1234
16.0,6,11,10,1238
16.0,6,11,11,1242
16.0,6,11,12,1246
16.0,6,11,13,1249
16.0,6,11,14,1253
16.0,6,11,15,1257
16.0,6,12,0,1204
16.0,6,12,1,1208
16.0,6,12,2,1212
16.0,6,12,3,1215
16.0,6,12,4,1219
16.0,6,12,5,1223
16.0,6,12,6,1227
16.0,6,12,7,1231
16.0,6,12,8,1235
16.0,6,12,9,1238
16.0,6,12,10,1242
16.0,6,12,11,1246
16.0,6,12,12,1250
16.0,6,12,13,1253
16.0,6,12,14,1257
16.0,6,12,15,1261
16.0,6,13,0,1208
16.0,6,13,1,1211
16.0,6,13,2,1215
16.0,6,13,3,1219
16.0,6,13,4,1223
16.0,6,13,5,1227
16.0,6,13,6,1231
16.0,6,13,7,1235
16.0,6,13,8,1238
16.0,6,13,9,1242
16.0,6,13,10,1246
16.0,6,13,11,1250
16.0,6,13,12,1253
16.0,6,13,13,1257
16.0,6,13,14,1261
16.0,6,13,15,1265
16.0,6,14,0,1211
16.0,6,14,1,1215
16.0,6,14,2,1219
16.0,6,14,3,1223
16.0,6,14,4,1227
16.0,6,14,5,1231
16.0,6,14,6,1235
16.0,6,14,7,1238
16.0,6,14,8,1242
16.0,6,14,9,1246
16.0,6,14,10,1250
16.0,6,14,11,1254
16.0,6,14,12,1257
16.0,6,14,13,1261
16.0,6,14,14,1265
16.0,6,14,15,1269
16.0,6,15,0,1215
16.0,6,15,1,1219
16.0,6,15,2,1223
16.0,6,15,3,1227
16.0,6,15,4,1231
16.0,6,15,5,1234
16.0,6,15,6,1238
16.0,6,15,7,1242
16.0,6,15,8,1246
16.0,6,15,9,1250
16.0,6,15,10,1254
16.0,6,15,11,1257
16.0,6,15,12,1261
16.0,6,15,13,1265
16.0,6,15,14,1269
16.0,6,15,15,1272
16.0,7,0,0,1162
16.0,7,0,1,1166
16.0,7,0,2,1170
16.0,7,0,3,1174
16.0,7,0,4,1177
16.0,7,0,5,1181
16.0,7,0,6,1185
16.0,7,0,7,1188
16.0,7,0,8,1192
16.0,7,0,9,1196
16.0,7,0,10,1199
16.0,7,0,11,1203
16.0,7,0,12,1207
16.0,7,0,13,1210
16.0,7,0,14,1214
16.0,7,0,15,1217
16.0,7,1,0,1166
16.0,7,1,1,1170
16.0,7,1,2,1174
16.0,7,1,3,1178
16.0,7,1,4,1181
16.0,7,1,5,1185
16.0,7,1,6,1189
16.0,7,1,7,1192
16.0,7,1,8,1196
16.0,7,1,9,1200
16.0,7,1,10,1203
16.0,7,1,11,1207
16.0,7,1,12,1211
16.0,7,1,13,1214
16.0,7,1,14,1218
16.0,7,1,15,1221
16.0,7,2,0,1170
16.0,7,2,1,1174
16.0,7,2,2,1178
16.0,7,2,3,1181
16.0,7,2,4,1185
16.0,7,2,5,1189
16.0,7,2,6,1193
16.0,7,2,7,1196
16.0,7,2,8,1200
16.0,7,2,9,1204
16.0,7,2,10,1207
16.0,7,2,11,1211
16.0,7,2,12,1215
16.0,7,2,13,1218
16.0,7,2,14,1222
16.0,7,2,15,1226
16.0,7,3,0,1174
16.0,7,3,1,1178
16.0,7,3,2,1182
16.0,7,3,3,1185
16.0,7,3,4,1189
16.0,7,3,5,1193
16.0,7,3,6,1197
16.0,7,3,7,1200
16.0,7,3,8,1204
16.0,7,3,9,1208
16.0,7,3,10,1211
16.0,7,3,11,1215
16.0,7,3,12,1219
16.0,7,3,13,1222
16.0,7,3,14,1226
16.0,7,3,15,1230
16.0,7,4,0,1178
16.0,7,4,1,1182
16.0,7,4,2,1186
16.0,7,4,3,1189
16.0,7,4,4,1193
16.0,7,4,5,1197
16.0,7,4,6,1201
16.0,7,4,7,1204
16.0,7,4,8,1208
16.0,7,4,9,1212
16.0,7,4,10,1215
16.0,7,4,11,1219
16.0,7,4,12,1223
16.0,7,4,13,1226
16.0,7,4,14,1230
16.0,7,4,15,1234
16.0,7,5,0,1182
16.0,7,5,1,1186
16.0,7,5,2,1189
16.0,7,5,3,1193
16.0,7,5,4,1197
16.0,7,5,5,1201
16.0,7,5,6,1204
16.0,7,5,7,1208
16.0,7,5,8,1212
16.0,7,5,9,1216
16.0,7,5,10,1219
16.0,7,5,11,1223
16.0,7,5,12,1227
16.0,7,5,13,1230
16.0,7,5,14,1234
16.0,7,5,15,1238
16.0,7,6,0,1186
16.0,7,6,1,1189
16.0,7,6,2,1193
16.0,7,6,3,1197
16.0,7,6,4,1201
16.0,7,6,5,1205
16.0,7,6,6,1208
16.0,7,6,7,1212
16.0,7,6,8,1216
16.0,7,6,9,1220
16.0,7,6,10,1223
16.0,7,6,11,1227
16.0,7,6,12,1231
16.0,7,6,13,1234
16.0,7,6,14,1238
16.0,7,6,15,1242
16.0,7,7,0,1189
16.0,7,7,1,1193
16.0,7,7,2,1197
16.0,7,7,3,1201
16.0,7,7,4,1205
16.0,7,7,5,1208
16.0,7,7,6,1212
16.0,7,7,7,1216
16.0,7,7,8,1220
16.0,7,7,9,1223
16.0,7,7,10,1227
16.0,7,7,11,1231
16.0,7,7,12,1235
16.0,7,7,13,1238
16.0,7,7,14,1242
16.0,7,7,15,1246
16.0,7,8,0,1193
16.0,7,8,1,1197
16.0,7,8,2,1201
16.0,7,8,3,1205
16.0,7,8,4,1209
16.0,7,8,5,1212
16.0,7,8,6,1216
16.0,7,8,7,1220
16.0,7,8,8,1224
16.0,7,8,9,1227
16.0,7,8,10,1231
16.0,7,8,11,1235
16.0,7,8,12,1239
16.0,7,8,13,1242
16.0,7,8,14,1246
16.0,7,8,15,1250
16.0,7,9,0,1197
16.0,7,9,1,1201
16.0,7,9,2,1205
16.0,7,9,3,1209
16.0,7,9,4,1212
16.0,7,9,5,1216
16.0,7,9,6,1220
16.0,7,9,7,1224
16.0,7,9,8,1228
16.0,7,9,9,1231
16.0,7,9,10,1235
16.0,7,9,11,1239
16.0,7,9,12,1243
16.0,7,9,13,1246
16.0,7,9,14,1250
16.0,7,9,15,1254
16.0,7,10,0,1201
16.0,7,10,1,1205
16.0,7,10,2,1209
16.0,7,10,3,1212
16.0,7,10,4,1216
16.0,7,10,5,1220
16.0,7,10,6,1224
16.0,7,10,7,1228
16.0,7,10,8,1231
16.0,7,10,9,1235
16.0,7,10,10,1239
16.0,7,10,11,1243
16.0,7,10,12,1246
16.0,7,10,13,1250
16.0,7,10,14,1254
16.0,7,10,15,1258
16.0,7,11,0,1205
16.0,7,11,1,1208
16.0,7,11,2,1212
16.0,7,11,3,1216
16.0,7,11,4,1220
16.0,7,11,5,1224
16.0,7,11,6,1228
16.0,7,11,7,1232
16.0,7,11,8,1235
16.0,7,11,9,1239
16.0,7,11,10,1243
16.0,7,11,11,1247
16.0,7,11,12,1250
16.0,7,11,13,1254
16.0,7,11,14,1258
16.0,7,11,15,1262
16.0,7,12,0,1208
16.0,7,12,1,1212
16.0,7,12,2,1216
16.0,7,12,3,1220
16.0,7,12,4,1224
16.0,7,12,5,1228
16.0,7,12,6,1232
16.0,7,12,7,1235
16.0,7,12,8,1239
16.0,7,12,9,1243
16.0,7,12,10,1247
16.0,7,12,11,1251
16.0,7,12,12,1254
16.0,7,12,13,1258
16.0,7,12,14,1262
16.0,7,12,15,1265
16.0,7,13,0,1212
16.0,7,13,1,1216
16.0,7,13,2,1220
16.0,7,13,3,1224
16.0,7,13,4,1228
16.0,7,13,5,1232
16.0,7,13,6,1235
16.0,7,13,7,1239
16.0,7,13,8,1243
16.0,7,13,9,1247
16.0,7,13,10,1251
16.0,7,13,11,1254
16.0,7,13,12,1258
16.0,7,13,13,1262
16.0,7,13,14,1266
16.0,7,13,15,1269
16.0,7,14,0,1216
16.0,7,14,1,1220
16.0,7,14,2,1224
16.0,7,14,3,1228
16.0,7,14,4,1231
16.0,7,14,5,1235
16.0,7,14,6,1239
16.0,7,14,7,1243
16.0,7,14,8,1247
16.0,7,14,9,1251
16.0,7,14,10,1254
16.0,7,14,11,1258
16.0,7,14,12,1262
16.0,7,14,13,1266
16.0,7,14,14,1270
16.0,7,14,15,1273
16.0,7,15,0,1220
16.0,7,15,1,1223
16.0,7,15,2,1227
16.0,7,15,3,1231
16.0,7,15,4,1235
16.0,7,15,5,1239
16.0,7,15,6,1243
16.0,7,15,7,1247
16.0,7,15,8,1251
16.0,7,15,9,1254
16.0,7,15,10,1258
16.0,7,15,11,1262
16.0,7,15,12,1266
16.0,7,15,13,1270
16.0,7,15,14,1273
16.0,7,15,15,1277
16.0,8,0,0,1167
16.0,8,0,1,1171
16.0,8,0,2,1174
16.0,8,0,3,1178
16.0,8,0,4,1182
16.0,8,0,5,1185
16.0,8,0,6,1189
16.0,8,0,7,1193
16.0,8,0,8,1197
16.0,8,0,9,1200
16.0,8,0,10,1204
16.0,8,0,11,1207
16.0,8,0,12,1211
16.0,8,0,13,1215
16.0,8,0,14,1218
16.0,8,0,15,1222
16.0,8,1,0,1171
16.0,8,1,1,1174
16.0,8,1,2,1178
16.0,8,1,3,1182
16.0,8,1,4,1186
16.0,8,1,5,1189
16.0,8,1,6,1193
16.0,8,1,7,1197
16.0,8,1,8,1201
16.0,8,1,9,1204
16.0,8,1,10,1208
16.0,8,1,11,1212
16.0,8,1,12,1215
16.0,8,1,13,1219
16.0,8,1,14,1222
16.0,8,1,15,1226
16.0,8,2,0,1175
16.0,8,2,1,1178
16.0,8,2,2,1182
16.0,8,2,3,1186
16.0,8,2,4,1190
16.0,8,2,5,1193
16.0,8,2,6,1197
16.0,8,2,7,1201
16.0,8,2,8,1205
16.0,8,2,9,1208
16.0,8,2,10,1212
16.0,8,2,11,1216
16.0,8,2,12,1219
16.0,8,2,13,1223
16.0,8,2,14,1226
16.0,8,2,15,1230
16.0,8,3,0,1178
16.0,8,3,1,1182
16.0,8,3,2,1186
16.0,8,3,3,1190
16.0,8,3,4,1194
16.0,8,3,5,1197
16.0,8,3,6,1201
16.0,8,3,7,1205
16.0,8,3,8,1209
16.0,8,3,9,1212
16.0,8,3,10,1216
16.0,8,3,11,1220
16.0,8,3,12,1223
16.0,8,3,13,1227
16.0,8,3,14,1231
16.0,8,3,15,1234
16.0,8,4,0,1182
16.0,8,4,1,1186
16.0,8,4,2,1190
16.0,8,4,3,1194
16.0,8,4,4,1197
16.0,8,4,5,1201
16.0,8,4,6,1205
16.0,8,4,7,1209
16.0,8,4,8,1212
16.0,8,4,9,1216
16.0,8,4,10,1220
16.0,8,4,11,1224
16.0,8,4,12,1227
16.0,8,4,13,1231
16.0,8,4,14,1235
16.0,8,4,15,1238
16.0,8,5,0,1186
16.0,8,5,1,1190
16.0,8,5,2,1194
16.0,8,5,3,1198
16.0,8,5,4,1201
16.0,8,5,5,1205
16.0,8,5,6,1209
16.0,8,5,7,1213
16.0,8,5,8,1216
16.0,8,5,9,1220
16.0,8,5,10,1224
16.0,8,5,11,1228
16.0,8,5,12,1231
16.0,8,5,13,1235
16.0,8,5,14,1239
16.0,8,5,15,1242
16.0,8,6,0,1190
16.0,8,6,1,1194
16.0,8,6,2,1198
16.0,8,6,3,1202
16.0,8,6,4,1205
16.0,8,6,5,1209
16.0,8,6,6,1213
16.0,8,6,7,1217
16.0,8,6,8,1220
16.0,8,6,9,1224
16.0,8,6,10,1228
16.0,8,6,11,1232
16.0,8,6,12,1235
16.0,8,6,13,1239
16.0,8,6,14,1243
16.0,8,6,15,1246
16.0,8,7,0,1194
16.0,8,7,1,1198
16.0,8,7,2,1202
16.0,8,7,3,1205
16.0,8,7,4,1209
16.0,8,7,5,1213
16.0,8,7,6,1217
16.0,8,7,7,1221
16.0,8,7,8,1224
16.0,8,7,9,1228
16.0,8,7,10,1232
16.0,8,7,11,1236
16.0,8,7,12,1239
16.0,8,7,13,1243
16.0,8,7,14,1247
16.0,8,7,15,1250
16.0,8,8,0,1198
16.0,8,8,1,1202
16.0,8,8,2,1205
16.0,8,8,3,1209
16.0,8,8,4,1213
16.0,8,8,5,1217
16.0,8,8,6,1221
16.0,8,8,7,1224
16.0,8,8,8,1228
16.0,8,8,9,1232
16.0,8,8,10,1236
16.0,8,8,11,1239
16.0,8,8,12,1243
16.0,8,8,13,1247
16.0,8,8,14,1251
16.0,8,8,15,1254
16.0,8,9,0,1202
16.0,8,9,1,1205
16.0,8,9,2,1209
16.0,8,9,3,1213
16.0,8,9,4,1217
16.0,8,9,5,1221
16.0,8,9,6,1225
16.0,8,9,7,1228
16.0,8,9,8,1232
16.0,8,9,9,1236
16.0,8,9,10,1240
16.0,8,9,11,1243
16.0,8,9,12,1247
16.0,8,9,13,1251
16.0,8,9,14,1255
16.0,8,9,15,1258
16.0,8,10,0,1205
16.0,8,10,1,1209
16.0,8,10,2,1213
16.0,8,10,3,1217
16.0,8,10,4,1221
16.0,8,10,5,1225
16.0,8,10,6,1228
16.0,8,10,7,1232
16.0,8,10,8,1236
16.0,8,10,9,1240
16.0,8,10,10,1244
16.0,8,10,11,1247
16.0,8,10,12,1251
16.0,8,10,13,1255
16.0,8,10,14,1259
16.0,8,10,15,1262
16.0,8,11,0,1209
16.0,8,11,1,1213
16.0,8,11,2,1217
16.0,8,11,3,1221
16.0,8,11,4,1225
16.0,8,11,5,1228
16.0,8,11,6,1232
16.0,8,11,7,1236
16.0,8,11,8,1240
16.0,8,11,9,1244
16.0,8,11,10,1247
16.0,8,11,11,1251
16.0,8,11,12,1255
16.0,8,11,13,1259
16.0,8,11,14,1263
16.0,8,11,15,1266
16.0,8,12,0,1213
16.0,8,12,1,1217
16.0,8,12,2,1221
16.0,8,12,3,1225
16.0,8,12,4,1228
16.0,8,12,5,1232
16.0,8,12,6,1236
16.0,8,12,7,1240
16.0,8,12,8,1244
16.0,8,12,9,1248
16.0,8,12,10,1251
16.0,8,12,11,1255
16.0,8,12,12,1259
16.0,8,12,13,1263
16.0,8,12,14,1266
16.0,8,12,15,1270
16.0,8,13,0,1217
16.0,8,13,1,1221
16.0,8,13,2,1224
16.0,8,13,3,1228
16.0,8,13,4,1232
16.0,8,13,5,1236
16.0,8,13,6,1240
16.0,8,13,7,1244
16.0,8,13,8,1248
16.0,8,13,9,1251
16.0,8,13,10,1255
16.0,8,13,11,1259
16.0,8,13,12,1263
16.0,8,13,13,1267
16.0,8,13,14,1270
16.0,8,13,15,1274
16.0,8,14,0,1220
16.0,8,14,1,1224
16.0,8,14,2,1228
16.0,8,14,3,1232
16.0,8,14,4,1236
16.0,8,14,5,1240
16.0,8,14,6,1244
16.0,8,14,7,1248
16.0,8,14,8,1251
16.0,8,14,9,1255
16.0,8,14,10,1259
16.0,8,14,11,1263
16.0,8,14,12,1267
16.0,8,14,13,1271
16.0,8,14,14,1274
16.0,8,14,15,1278
16.0,8,15,0,1224
16.0,8,15,1,1228
16.0,8,15,2,1232
16.0,8,15,3,1236
16.0,8,15,4,1240
16.0,8,15,5,1244
16.0,8,15,6,1248
16.0,8,15,7,1251
16.0,8,15,8,1255
16.0,8,15,9,1259
16.0,8,15,10,1263
16.0,8,15,11,1267
16.0,8,15,12,1271
16.0,8,15,13,1274
16.0,8,15,14,1278
16.0,8,15,15,1282
16.0,9,0,0,1171
16.0,9,0,1,1175
16.0,9,0,2,1179
16.0,9,0,3,1182
16.0,9,0,4,1186
16.0,9,0,5,1190
16.0,9,0,6,1194
16.0,9,0,7,1197
16.0,9,0,8,1201
16.0,9,0,9,1205
16.0,9,0,10,1208
16.0,9,0,11,1212
16.0,9,0,12,1216
16.0,9,0,13,1219
16.0,9,0,14,1223
16.0,9,0,15,1226
16.0,9,1,0,1175
16.0,9,1,1,1179
16.0,9,1,2,1183
16.0,9,1,3,1186
16.0,9,1,4,1190
16.0,9,1,5,1194
16.0,9,1,6,1198
16.0,9,1,7,1201
16.0,9,1,8,1205
16.0,9,1,9,1209
16.0,9,1,10,1212
16.0,9,1,11,1216
16.0,9,1,12,1220
16.0,9,1,13,1223
16.0,9,1,14,1227
16.0,9,1,15,1231
16.0,9,2,0,1179
16.0,9,2,1,1183
16.0,9,2,2,1187
16.0,9,2,3,1190
16.0,9,2,4,1194
16.0,9,2,5,1198
16.0,9,2,6,1202
16.0,9,2,7,1205
16.0,9,2,8,1209
16.0,9,2,9,1213
16.0,9,2,10,1216
16.0,9,2,11,1220
16.0,9,2,12,1224
16.0,9,2,13,1227
16.0,9,2,14,1231
16.0,9,2,15,1235
16.0,9,3,0,1183
16.0,9,3,1,1187
16.0,9,3,2,1190
16.0,9,3,3,1194
16.0,9,3,4,1198
16.0,9,3,5,1202
16.0,9,3,6,1206
16.0,9,3,7,1209
16.0,9,3,8,1213
16.0,9,3,9,1217
16.0,9,3,10,1220
16.0,9,3,11,1224
16.0,9,3,12,1228
16.0,9,3,13,1231
16.0,9,3,14,1235
16.0,9,3,15,1239
16.0,9,4,0,1187
16.0,9,4,1,1191
16.0,9,4,2,1194
16.0,9,4,3,1198
16.0,9,4,4,1202
16.0,9,4,5,1206
16.0,9,4,6,1209
16.0,9,4,7,1213
16.0,9,4,8,1217
16.0,9,4,9,1221
16.0,9,4,10,1224
16.0,9,4,11,1228
16.0,9,4,12,1232
16.0,9,4,13,1236
16.0,9,4,14,1239
16.0,9,4,15,1243
16.0,9,5,0,1191
16.0,9,5,1,1194
16.0,9,5,2,1198
16.0,9,5,3,1202
16.0,9,5,4,1206
16.0,9,5,5,1210
16.0,9,5,6,1213
16.0,9,5,7,1217
16.0,9,5,8,1221
16.0,9,5,9,1225
16.0,9,5,10,1228
16.0,9,5,11,1232
16.0,9,5,12,1236
16.0,9,5,13,1240
16.0,9,5,14,1243
16.0,9,5,15,1247
16.0,9,6,0,1194
16.0,9,6,1,1198
16.0,9,6,2,1202
16.0,9,6,3,1206
16.0,9,6,4,1210
16.0,9,6,5,1214
16.0,9,6,6,1217
16.0,9,6,7,1221
16.0,9,6,8,1225
16.0,9,6,9,1229
16.0,9,6,10,1232
16.0,9,6,11,1236
16.0,9,6,12,1240
16.0,9,6,13,1244
16.0,9,6,14,1247
16.0,9,6,15,1251
16.0,9,7,0,1198
16.0,9,7,1,1202
16.0,9,7,2,1206
16.0,9,7,3,1210
16.0,9,7,4,1214
16.0,9,7,5,1217
16.0,9,7,6,1221
16.0,9,7,7,1225
16.0,9,7,8,1229
16.0,9,7,9,1233
16.0,9,7,10,1236
16.0,9,7,11,1240
16.0,9,7,12,1244
16.0,9,7,13,1248
16.0,9,7,14,1251
16.0,9,7,15,1255
16.0,9,8,0,1202
16.0,9,8,1,1206
16.0,9,8,2,1210
16.0,9,8,3,1214
16.0,9,8,4,1218
16.0,9,8,5,1221
16.0,9,8,6,1225
16.0,9,8,7,1229
16.0,9,8,8,1233
16.0,9,8,9,1237
16.0,9,8,10,1240
16.0,9,8,11,1244
16.0,9,8,12,1248
16.0,9,8,13,1252
16.0,9,8,14,1255
16.0,9,8,15,1259
16.0,9,9,0,1206
16.0,9,9,1,1210
16.0,9,9,2,1214
16.0,9,9,3,1218
16.0,9,9,4,1221
16.0,9,9,5,1225
16.0,9,9,6,1229
16.0,9,9,7,1233
16.0,9,9,8,1237
16.0,9,9,9,1241
16.0,9,9,10,1244
16.0,9,9,11,1248
16.0,9,9,12,1252
16.0,9,9,13,1256
16.0,9,9,14,1259
16.0,9,9,15,1263
16.0,9,10,0,1210
16.0,9,10,1,1214
16.0,9,10,2,1218
16.0,9,10,3,1221
16.0,9,10,4,1225
16.0,9,10,5,1229
16.0,9,10,6,1233
16.0,9,10,7,1237
16.0,9,10,8,1241
16.0,9,10,9,1244
16.0,9,10,10,1248
16.0,9,10,11,1252
16.0,9,10,12,1256
16.0,9,10,13,1260
16.0,9,10,14,1263
16.0,9,10,15,1267
16.0,9,11,0,1214
16.0,9,11,1,1217
16.0,9,11,2,1221
16.0,9,11,3,1225
16.0,9,11,4,1229
16.0,9,11,5,1233
16.0,9,11,6,1237
16.0,9,11,7,1241
16.0,9,11,8,1245
16.0,9,11,9,1248
16.0,9,11,10,1252
16.0,9,11,11,1256
16.0,9,11,12,1260
16.0,9,11,13,1263
16.0,9,11,14,1267
16.0,9,11,15,1271
16.0,9,12,0,1217
16.0,9,12,1,1221
16.0,9,12,2,1225
16.0,9,12,3,1229
16.0,9,12,4,1233
16.0,9,12,5,1237
16.0,9,12,6,1241
16.0,9,12,7,1245
16.0,9,12,8,1248
16.0,9,12,9,1252
16.0,9,12,10,1256
16.0,9,12,11,1260
16.0,9,12,12,1264
16.0,9,12,13,1267
16.0,9,12,14,1271
16.0,9,12,15,1275
16.0,9,13,0,1221
16.0,9,13,1,1225
16.0,9,13,2,1229
16.0,9,13,3,1233
16.0,9,13,4,1237
16.0,9,13,5,1241
16.0,9,13,6,1245
16.0,9,13,7,1248
16.0,9,13,8,1252
16.0,9,13,9,1256
16.0,9,13,10,1260
16.0,9,13,11,1264
16.0,9,13,12,1268
16.0,9,13,13,1271
16.0,9,13,14,1275
16.0,9,13,15,1279
16.0,9,14,0,1225
16.0,9,14,1,1229
16.0,9,14,2,1233
16.0,9,14,3,1237
16.0,9,14,4,1241
16.0,9,14,5,1245
16.0,9,14,6,1248
16.0,9,14,7,1252
16.0,9,14,8,1256
16.0,9,14,9,1260
16.0,9,14,10,1264
16.0,9,14,11,1268
16.0,9,14,12,1271
16.0,9,14,13,1275
16.0,9,14,14,1279
16.0,9,14,15,1283
16.0,9,15,0,1229
16.0,9,15,1,1233
16.0,9,15,2,1237
16.0,9,15,3,1241
16.0,9,15,4,1244
16.0,9,15,5,1248
16.0,9,15,6,1252
16.0,9,15,7,1256
16.0,9,15,8,1260
16.0,9,15,9,1264
16.0,9,15,10,1268
16.0,9,15,11,1272
16.0,9,15,12,1275
16.0,9,15,13,1279
16.0,9,15,14,1283
16.0,9,15,15,1287
16.0,10,0,0,1175
16.0,10,0,1,1179
16.0,10,0,2,1183
16.0,10,0,3,1187
16.0,10,0,4,1191
16.0,10,0,5,1194
16.0,10,0,6,1198
16.0,10,0,7,1202
16.0,10,0,8,1205
16.0,10,0,9,1209
16.0,10,0,10,1213
16.0,10,0,11,1216
16.0,10,0,12,1220
16.0,10,0,13,1224
16.0,10,0,14,1227
16.0,10,0,15,1231
16.0,10,1,0,1179
16.0,10,1,1,1183
16.0,10,1,2,1187
16.0,10,1,3,1191
16.0,10,1,4,1195
16.0,10,1,5,1198
16.0,10,1,6,1202
16.0,10,1,7,1206
16.0,10,1,8,1209
16.0,10,1,9,1213
16.0,10,1,10,1217
16.0,10,1,11,1221
16.0,10,1,12,1224
16.0,10,1,13,1228
16.0,10,1,14,1232
16.0,10,1,15,1235
16.0,10,2,0,1183
16.0,10,2,1,1187
16.0,10,2,2,1191
16.0,10,2,3,1195
16.0,10,2,4,1198
16.0,10,2,5,1202
16.0,10,2,6,1206
16.0,10,2,7,1210
16.0,10,2,8,1213
16.0,10,2,9,1217
16.0,10,2,10,1221
16.0,10,2,11,1225
16.0,10,2,12,1228
16.0,10,2,13,1232
16.0,10,2,14,1236
16.0,10,2,15,1239
16.0,10,3,0,1187
16.0,10,3,1,1191
16.0,10,3,2,1195
16.0,10,3,3,1199
16.0,10,3,4,1202
16.0,10,3,5,1206
16.0,10,3,6,1210
16.0,10,3,7,1214
16.0,10,3,8,1217
16.0,10,3,9,1221
16.0,10,3,10,1225
16.0,10,3,11,1229
16.0,10,3,12,1232
16.0,10,3,13,1236
16.0,10,3,14,1240
16.0,10,3,15,1243
16.0,10,4,0,1191
16.0,10,4,1,1195
16.0,10,4,2,1199
16.0,10,4,3,1203
16.0,10,4,4,1206
16.0,10,4,5,1210
16.0,10,4,6,1214
16.0,10,4,7,1218
16.0,10,4,8,1221
16.0,10,4,9,1225
16.0,10,4,10,1229
16.0,10,4,11,1233
16.0,10,4,12,1236
16.0,10,4,13,1240
16.0,10,4,14,1244
16.0,10,4,15,1247
16.0,10,5,0,1195
16.0,10,5,1,1199
16.0,10,5,2,1203
16.0,10,5,3,1207
16.0,10,5,4,1210
16.0,10,5,5,1214
16.0,10,5,6,1218
16.0,10,5,7,1222
16.0,10,5,8,1225
16.0,10,5,9,1229
16.0,10,5,10,1233
16.0,10,5,11,1237
16.0,10,5,12,1240
16.0,10,5,13,1244
16.0,10,5,14,1248
16.0,10,5,15,1252
16.0,10,6,0,1199
16.0,10,6,1,1203
16.0,10,6,2,1207
16.0,10,6,3,1210
16.0,10,6,4,1214
16.0,10,6,5,1218
16.0,10,6,6,1222
16.0,10,6,7,1226
16.0,10,6,8,1229
16.0,10,6,9,1233
16.0,10,6,10,1237
16.0,10,6,11,1241
16.0,10,6,12,1244
16.0,10,6,13,1248
16.0,10,6,14,1252
16.0,10,6,15,1256
16.0,10,7,0,1203
16.0,10,7,1,1207
16.0,10,7,2,1210
16.0,10,7,3,1214
16.0,10,7,4,1218
16.0,10,7,5,1222
16.0,10,7,6,1226
16.0,10,7,7,1230
16.0,10,7,8,1233
16.0,10,7,9,1237
16.0,10,7,10,1241
16.0,10,7,11,1245
16.0,10,7,12,1248
16.0,10,7,13,1252
16.0,10,7,14,1256
16.0,10,7,15,1260
16.0,10,8,0,1207
16.0,10,8,1,1210
16.0,10,8,2,1214
16.0,10,8,3,1218
16.0,10,8,4,1222
16.0,10,8,5,1226
16.0,10,8,6,1230
16.0,10,8,7,1234
16.0,10,8,8,1237
16.0,10,8,9,1241
16.0,10,8,10,1245
16.0,10,8,11,1249
16.0,10,8,12,1252
16.0,10,8,13,1256
16.0,10,8,14,1260
16.0,10,8,15,1264
16.0,10,9,0,1210
16.0,10,9,1,1214
16.0,10,9,2,1218
16.0,10,9,3,1222
16.0,10,9,4,1226
16.0,10,9,5,1230
16.0,10,9,6,1234
16.0,10,9,7,1237
16.0,10,9,8,1241
16.0,10,9,9,1245
16.0,10,9,10,1249
16.0,10,9,11,1253
16.0,10,9,12,1256
16.0,10,9,13,1260
16.0,10,9,14,1264
16.0,10,9,15,1268
16.0,10,10,0,1214
16.0,10,10,1,1218
16.0,10,10,2,1222
16.0,10,10,3,1226
16.0,10,10,4,1230
16.0,10,10,5,1234
16.0,10,10,6,1238
16.0,10,10,7,1241
16.0,10,10,8,1245
16.0,10,10,9,1249
16.0,10,10,10,1253
16.0,10,10,11,1257
16.0,10,10,12,1260
16.0,10,10,13,1264
16.0,10,10,14,1268
16.0,10,10,15,1272
16.0,10,11,0,1218
16.0,10,11,1,1222
16.0,10,11,2,1226
16.0,10,11,3,1230
16.0,10,11,4,1234
16.0,10,11,5,1238
16.0,10,11,6,1241
16.0,10,11,7,1245
16.0,10,11,8,1249
16.0,10,11,9,1253
16.0,10,11,10,1257
16.0,10,11,11,1261
16.0,10,11,12,1264
16.0,10,11,13,1268
16.0,10,11,14,1272
16.0,10,11,15,1276
16.0,10,12,0,1222
16.0,10,12,1,1226
16.0,10,12,2,1230
16.0,10,12,3,1234
16.0,10,12,4,1238
16.0,10,12,5,1241
16.0,10,12,6,1245
16.0,10,12,7,1249
16.0,10,12,8,1253
16.0,10,12,9,1257
16.0,10,12,10,1261
16.0,10,12,11,1265
16.0,10,12,12,1268
16.0,10,12,13,1272
16.0,10,12,14,1276
16.0,10,12,15,1280
16.0,10,13,0,1226
16.0,10,13,1,1230
16.0,10,13,2,1234
16.0,10,13,3,1237
16.0,10,13,4,1241
16.0,10,13,5,1245
16.0,10,13,6,1249
16.0,10,13,7,1253
16.0,10,13,8,1257
16.0,10,13,9,1261
16.0,10,13,10,1265
16.0,10,13,11,1268
16.0,10,13,12,1272
16.0,10,13,13,1276
16.0,10,13,14,1280
16.0,10,13,15,1284
16.0,10,14,0,1229
16.0,10,14,1,1233
16.0,10,14,2,1237
16.0,10,14,3,1241
16.0,10,14,4,1245
16.0,10,14,5,1249
16.0,10,14,6,1253
16.0,10,14,7,1257
16.0,10,14,8,1261
16.0,10,14,9,1265
16.0,10,14,10,1269
16.0,10,14,11,1272
16.0,10,14,12,1276
16.0,10,14,13,1280
16.0,10,14,14,1284
16.0,10,14,15,1288
16.0,10,15,0,1233
16.0,10,15,1,1237
16.0,10,15,2,1241
16.0,10,15,3,1245
16.0,10,15,4,1249
16.0,10,15,5,1253
16.0,10,15,6,1257
16.0,10,15,7,1261
16.0,10,15,8,1265
16.0,10,15,9,1269
16.0,10,15,10,1272
16.0,10,15,11,1276
16.0,10,15,12,1280
16.0,10,15,13,1284
16.0,10,15,14,1288
16.0,10,15,15,1292
16.0,11,0,0,1180
16.0,11,0,1,1184
16.0,11,0,2,1187
16.0,11,0,3,1191
16.0,11,0,4,1195
16.0,11,0,5,1199
16.0,11,0,6,1202
16.0,11,0,7,1206
16.0,11,0,8,1210
16.0,11,0,9,1214
16.0,11,0,10,1217
16.0,11,0,11,1221
16.0,11,0,12,1225
16.0,11,0,13,1228
16.0,11,0,14,1232
16.0,11,0,15,1236
16.0,11,1,0,1184
16.0,11,1,1,1188
16.0,11,1,2,1191
16.0,11,1,3,1195
16.0,11,1,4,1199
16.0,11,1,5,1203
16.0,11,1,6,1206
16.0,11,1,7,1210
16.0,11,1,8,1214
16.0,11,1,9,1218
16.0,11,1,10,1221
16.0,11,1,11,1225
16.0,11,1,12,1229
16.0,11,1,13,1232
16.0,11,1,14,1236
16.0,11,1,15,1240
16.0,11,2,0,1188
16.0,11,2,1,1192
16.0,11,2,2,1195
16.0,11,2,3,1199
16.0,11,2,4,1203
16.0,11,2,5,1207
16.0,11,2,6,1210
16.0,11,2,7,1214
16.0,11,2,8,1218
16.0,11,2,9,1222
16.0,11,2,10,1225
16.0,11,2,11,1229
16.0,11,2,12,1233
16.0,11,2,13,1237
16.0,11,2,14,1240
16.0,11,2,15,1244
16.0,11,3,0,1192
16.0,11,3,1,1195
16.0,11,3,2,1199
16.0,11,3,3,1203
16.0,11,3,4,1207
16.0,11,3,5,1211
16.0,11,3,6,1214
16.0,11,3,7,1218
16.0,11,3,8,1222
16.0,11,3,9,1226
16.0,11,3,10,1229
16.0,11,3,11,1233
16.0,11,3,12,1237
16.0,11,3,13,1241
16.0,11,3,14,1244
16.0,11,3,15,1248
16.0,11,4,0,1196
16.0,11,4,1,1199
16.0,11,4,2,1203
16.0,11,4,3,1207
16.0,11,4,4,1211
16.0,11,4,5,1215
16.0,11,4,6,1218
16.0,11,4,7,1222
16.0,11,4,8,1226
16.0,11,4,9,1230
16.0,11,4,10,1234
16.0,11,4,11,1237
16.0,11,4,12,1241
16.0,11,4,13,1245
16.0,11,4,14,1248
16.0,11,4,15,1252
16.0,11,5,0,1199
16.0,11,5,1,1203
16.0,11,5,2,1207
16.0,11,5,3,1211
16.0,11,5,4,1215
16.0,11,5,5,1219
16.0,11,5,6,1222
16.0,11,5,7,1226
16.0,11,5,8,1230
16.0,11,5,9,1234
16.0,11,5,10,1238
16.0,11,5,11,1241
16.0,11,5,12,1245
16.0,11,5,13,1249
16.0,11,5,14,1252
16.0,11,5,15,1256
16.0,11,6,0,1203
16.0,11,6,1,1207
16.0,11,6,2,1211
16.0,11,6,3,1215
16.0,11,6,4,1219
16.0,11,6,5,1223
16.0,11,6,6,1226
16.0,11,6,7,1230
16.0,11,6,8,1234
16.0,11,6,9,1238
16.0,11,6,10,1242
16.0,11,6,11,1245
16.0,11,6,12,1249
16.0,11,6,13,1253
16.0,11,6,14,1257
16.0,11,6,15,1260
16.0,11,7,0,1207
16.0,11,7,1,1211
16.0,11,7,2,1215
16.0,11,7,3,1219
16.0,11,7,4,1223
16.0,11,7,5,1227
16.0,11,7,6,1230
16.0,11,7,7,1234
16.0,11,7,8,1238
16.0,11,7,9,1242
16.0,11,7,10,1246
16.0,11,7,11,1249
16.0,11,7,12,1253
16.0,11,7,13,1257
16.0,11,7,14,1261
16.0,11,7,15,1264
16.0,11,8,0,1211
16.0,11,8,1,1215
16.0,11,8,2,1219
16.0,11,8,3,1223
16.0,11,8,4,1227
16.0,11,8,5,1230
16.0,11,8,6,1234
16.0,11,8,7,1238
16.0,11,8,8,1242
16.0,11,8,9,1246
16.0,11,8,10,1250
16.0,11,8,11,1253
16.0,11,8,12,1257
16.0,11,8,13,1261
16.0,11,8,14,1265
16.0,11,8,15,1268
16.0,11,9,0,1215
16.0,11,9,1,1219
16.0,11,9,2,1223
16.0,11,9,3,1227
16.0,11,9,4,1230
16.0,11,9,5,1234
16.0,11,9,6,1238
16.0,11,9,7,1242
16.0,11,9,8,1246
16.0,11,9,9,1250
16.0,11,9,10,1254
16.0,11,9,11,1257
16.0,11,9,12,1261
16.0,11,9,13,1265
16.0,11,9,14,1269
16.0,11,9,15,1272
16.0,11,10,0,1219
16.0,11,10,1,1223
16.0,11,10,2,1227
16.0,11,10,3,1230
16.0,11,10,4,1234
16.0,11,10,5,1238
16.0,11,10,6,1242
16.0,11,10,7,1246
16.0,11,10,8,1250
16.0,11,10,9,1254
16.0,11,10,10,1257
16.0,11,10,11,1261
16.0,11,10,12,1265
16.0,11,10,13,1269
16.0,11,10,14,1273
16.0,11,10,15,1276
16.0,11,11,0,1223
16.0,11,11,1,1227
16.0,11,11,2,1230
16.0,11,11,3,1234
16.0,11,11,4,1238
16.0,11,11,5,1242
16.0,11,11,6,1246
16.0,11,11,7,1250
16.0,11,11,8,1254
16.0,11,11,9,1258
16.0,11,11,10,1261
16.0,11,11,11,1265
16.0,11,11,12,1269
16.0,11,11,13,1273
16.0,11,11,14,1277
16.0,11,11,15,1280
16.0,11,12,0,1226
16.0,11,12,1,1230
16.0,11,12,2,1234
16.0,11,12,3,1238
16.0,11,12,4,1242
16.0,11,12,5,1246
16.0,11,12,6,1250
16.0,11,12,7,1254
16.0,11,12,8,1258
16.0,11,12,9,1262
16.0,11,12,10,1265
16.0,11,12,11,1269
16.0,11,12,12,1273
16.0,11,12,13,1277
16.0,11,12,14,1281
16.0,11,12,15,1284
16.0,11,13,0,1230
16.0,11,13,1,1234
16.0,11,13,2,1238
16.0,11,13,3,1242
16.0,11,13,4,1246
16.0,11,13,5,1250
16.0,11,13,6,1254
16.0,11,13,7,1258
16.0,11,13,8,1262
16.0,11,13,9,1265
16.0,11,13,10,1269
16.0,11,13,11,1273
16.0,11,13,12,1277
16.0,11,13,13,1281
16.0,11,13,14,1285
16.0,11,13,15,1288
16.0,11,14,0,1234
16.0,11,14,1,1238
16.0,11,14,2,1242
16.0,11,14,3,1246
16.0,11,14,4,1250
16.0,11,14,5,1254
16.0,11,14,6,1258
16.0,11,14,7,1262
16.0,11,14,8,1265
16.0,11,14,9,1269
16.0,11,14,10,1273
16.0,11,14,11,1277
16.0,11,14,12,1281
16.0,11,14,13,1285
16.0,11,14,14,1289
16.0,11,14,15,1292
16.0,11,15,0,1238
16.0,11,15,1,1242
16.0,11,15,2,1246
16.0,11,15,3,1250
16.0,11,15,4,1254
16.0,11,15,5,1258
16.0,11,15,6,1262
16.0,11,15,7,1265
16.0,11,15,8,1269
16.0,11,15,9,1273
16.0,11,15,10,1277
16.0,11,15,11,1281
16.0,11,15,12,1285
16.0,11,15,13,1289
16.0,11,15,14,1292
16.0,11,15,15,1296
16.0,12,0,0,1184
16.0,12,0,1,1188
16.0,12,0,2,1192
16.0,12,0,3,1196
16.0,12,0,4,1199
16.0,12,0,5,1203
16.0,12,0,6,1207
16.0,12,0,7,1211
16.0,12,0,8,1214
16.0,12,0,9,1218
16.0,12,0,10,1222
16.0,12,0,11,1225
16.0,12,0,12,1229
16.0,12,0,13,1233
16.0,12,0,14,1236
16.0,12,0,15,1240
16.0,12,1,0,1188
16.0,12,1,1,1192
16.0,12,1,2,1196
16.0,12,1,3,1200
16.0,12,1,4,1203
16.0,12,1,5,1207
16.0,12,1,6,1211
16.0,12,1,7,1215
16.0,12,1,8,1218
16.0,12,1,9,1222
16.0,12,1,10,1226
16.0,12,1,11,1230
16.0,12,1,12,1233
16.0,12,1,13,1237
16.0,12,1,14,1241
16.0,12,1,15,1244
16.0,12,2,0,1192
16.0,12,2,1,1196
16.0,12,2,2,1200
16.0,12,2,3,1204
16.0,12,2,4,1207
16.0,12,2,5,1211
16.0,12,2,6,1215
16.0,12,2,7,1219
16.0,12,2,8,1222
16.0,12,2,9,1226
16.0,12,2,10,1230
16.0,12,2,11,1234
16.0,12,2,12,1237
16.0,12,2,13,1241
16.0,12,2,14,1245
16.0,12,2,15,1248
16.0,12,3,0,1196
16.0,12,3,1,1200
16.0,12,3,2,1204
16.0,12,3,3,1208
16.0,12,3,4,1211
16.0,12,3,5,1215
16.0,12,3,6,1219
16.0,12,3,7,1223
16.0,12,3,8,1226
16.0,12,3,9,1230
16.0,12,3,10,1234
16.0,12,3,11,1238
16.0,12,3,12,1241
16.0,12,3,13,1245
16.0,12,3,14,1249
16.0,12,3,15,1253
16.0,12,4,0,1200
16.0,12,4,1,1204
16.0,12,4,2,1208
16.0,12,4,3,1211
16.0,12,4,4,1215
16.0,12,4,5,1219
16.0,12,4,6,1223
16.0,12,4,7,1227
16.0,12,4,8,1231
16.0,12,4,9,1234
16.0,12,4,10,1238
16.0,12,4,11,1242
16.0,12,4,12,1246
16.0,12,4,13,1249
16.0,12,4,14,1253
16.0,12,4,15,1257
16.0,12,5,0,1204
16.0,12,5,1,1208
16.0,12,5,2,1212
16.0,12,5,3,1215
16.0,12,5,4,1219
16.0,12,5,5,1223
16.0,12,5,6,1227
16.0,12,5,7,1231
16.0,12,5,8,1235
16.0,12,5,9,1238
16.0,12,5,10,1242
16.0,12,5,11,1246
16.0,12,5,12,1250
16.0,12,5,13,1253
16.0,12,5,14,1257
16.0,12,5,15,1261
16.0,12,6,0,1208
16.0,12,6,1,1212
16.0,12,6,2,1216
16.0,12,6,3,1219
16.0,12,6,4,1223
16.0,12,6,5,1227
16.0,12,6,6,1231
16.0,12,6,7,1235
16.0,12,6,8,1239
16.0,12,6,9,1242
16.0,12,6,10,1246
16.0,12,6,11,1250
16.0,12,6,12,1254
16.0,12,6,13,1257
16.0,12,6,14,1261
16.0,12,6,15,1265
16.0,12,7,0,1212
16.0,12,7,1,1216
16.0,12,7,2,1219
16.0,12,7,3,1223
16.0,12,7,4,1227
16.0,12,7,5,1231
16.0,12,7,6,1235
16.0,12,7,7,1239
16.0,12,7,8,1243
16.0,12,7,9,1246
16.0,12,7,10,1250
16.0,12,7,11,1254
16.0,12,7,12,1258
16.0,12,7,13,1261
16.0,12,7,14,1265
16.0,12,7,15,1269
16.0,12,8,0,1216
16.0,12,8,1,1219
16.0,12,8,2,1223
16.0,12,8,3,1227
16.0,12,8,4,1231
16.0,12,8,5,1235
16.0,12,8,6,1239
16.0,12,8,7,1243
16.0,12,8,8,1246
16.0,12,8,9,1250
16.0,12,8,10,1254
16.0,12,8,11,1258
16.0,12,8,12,1262
16.0,12,8,13,1265
16.0,12,8,14,1269
16.0,12,8,15,1273
16.0,12,9,0,1219
16.0,12,9,1,1223
16.0,12,9,2,1227
16.0,12,9,3,1231
16.0,12,9,4,1235
16.0,12,9,5,1239
16.0,12,9,6,1243
16.0,12,9,7,1247
16.0,12,9,8,1250
16.0,12,9,9,1254
16.0,12,9,10,1258
16.0,12,9,11,1262
16.0,12,9,12,1266
16.0,12,9,13,1270
16.0,12,9,14,1273
16.0,12,9,15,1277
16.0,12,10,0,1223
16.0,12,10,1,1227
16.0,12,10,2,1231
16.0,12,10,3,1235
16.0,12,10,4,1239
16.0,12,10,5,1243
16.0,12,10,6,1247
16.0,12,10,7,1251
16.0,12,10,8,1254
16.0,12,10,9,1258
16.0,12,10,10,1262
16.0,12,10,11,1266
16.0,12,10,12,1270
16.0,12,10,13,1274
16.0,12,10,14,1277
16.0,12,10,15,1281
16.0,12,11,0,1227
16.0,12,11,1,1231
16.0,12,11,2,1235
16.0,12,11,3,1239
16.0,12,11,4,1243
16.0,12,11,5,1247
16.0,12,11,6,1251
16.0,12,11,7,1254
16.0,12,11,8,1258
16.0,12,11,9,1262
16.0,12,11,10,1266
16.0,12,11,11,1270
16.0,12,11,12,1274
16.0,12,11,13,1278
16.0,12,11,14,1281
16.0,12,11,15,1285
16.0,12,12,0,1231
16.0,12,12,1,1235
16.0,12,12,2,1239
16.0,12,12,3,1243
16.0,12,12,4,1247
16.0,12,12,5,1251
16.0,12,12,6,1255
16.0,12,12,7,1258
16.0,12,12,8,1262
16.0,12,12,9,1266
16.0,12,12,10,1270
16.0,12,12,11,1274
16.0,12,12,12,1278
16.0,12,12,13,1282
16.0,12,12,14,1285
16.0,12,12,15,1289
16.0,12,13,0,1235
16.0,12,13,1,1239
16.0,12,13,2,1243
16.0,12,13,3,1247
16.0,12,13,4,1251
16.0,12,13,5,1254
16.0,12,13,6,1258
16.0,12,13,7,1262
16.0,12,13,8,1266
16.0,12,13,9,1270
16.0,12,13,10,1274
16.0,12,13,11,1278
16.0,12,13,12,1282
16.0,12,13,13,1285
16.0,12,13,14,1289
16.0,12,13,15,1293
16.0,12,14,0,1239
16.0,12,14,1,1243
16.0,12,14,2,1246
16.0,12,14,3,1250
16.0,12,14,4,1254
16.0,12,14,5,1258
16.0,12,14,6,1262
16.0,12,14,7,1266
16.0,12,14,8,1270
16.0,12,14,9,1274
16.0,12,14,10,1278
16.0,12,14,11,1282
16.0,12,14,12,1286
16.0,12,14,13,1289
16.0,12,14,14,1293
16.0,12,14,15,1297
16.0,12,15,0,1242
16.0,12,15,1,1246
16.0,12,15,2,1250
16.0,12,15,3,1254
16.0,12,15,4,1258
16.0,12,15,5,1262
16.0,12,15,6,1266
16.0,12,15,7,1270
16.0,12,15,8,1274
16.0,12,15,9,1278
16.0,12,15,10,1282
16.0,12,15,11,1286
16.0,12,15,12,1290
16.0,12,15,13,1293
16.0,12,15,14,1297
16.0,12,15,15,1301
16.0,13,0,0,1188
16.0,13,0,1,1192
16.0,13,0,2,1196
16.0,13,0,3,1200
16.0,13,0,4,1204
16.0,13,0,5,1207
16.0,13,0,6,1211
16.0,13,0,7,1215
16.0,13,0,8,1219
16.0,13,0,9,1222
16.0,13,0,10,1226
16.0,13,0,11,1230
16.0,13,0,12,1234
16.0,13,0,13,1237
16.0,13,0,14,1241
16.0,13,0,15,1245
16.0,13,1,0,1192
16.0,13,1,1,1196
16.0,13,1,2,1200
16.0,13,1,3,1204
16.0,13,1,4,1208
16.0,13,1,5,1212
16.0,13,1,6,1215
16.0,13,1,7,1219
16.0,13,1,8,1223
16.0,13,1,9,1227
16.0,13,1,10,1230
16.0,13,1,11,1234
16.0,13,1,12,1238
16.0,13,1,13,1241
16.0,13,1,14,1245
16.0,13,1,15,1249
16.0,13,2,0,1196
16.0,13,2,1,1200
16.0,13,2,2,1204
16.0,13,2,3,1208
16.0,13,2,4,1212
16.0,13,2,5,1216
16.0,13,2,6,1219
16.0,13,2,7,1223
16.0,13,2,8,1227
16.0,13,2,9,1231
16.0,13,2,10,1234
16.0,13,2,11,1238
16.0,13,2,12,1242
16.0,13,2,13,1246
16.0,13,2,14,1249
16.0,13,2,15,1253
16.0,13,3,0,1200
16.0,13,3,1,1204
16.0,13,3,2,1208
16.0,13,3,3,1212
16.0,13,3,4,1216
16.0,13,3,5,1220
16.0,13,3,6,1223
16.0,13,3,7,1227
16.0,13,3,8,1231
16.0,13,3,9,1235
16.0,13,3,10,1239
16.0,13,3,11,1242
16.0,13,3,12,1246
16.0,13,3,13,1250
16.0,13,3,14,1253
16.0,13,3,15,1257
16.0,13,4,0,1204
16.0,13,4,1,1208
16.0,13,4,2,1212
16.0,13,4,3,1216
16.0,13,4,4,1220
16.0,13,4,5,1224
16.0,13,4,6,1227
16.0,13,4,7,1231
16.0,13,4,8,1235
16.0,13,4,9,1239
16.0,13,4,10,1243
16.0,13,4,11,1246
16.0,13,4,12,1250
16.0,13,4,13,1254
16.0,13,4,14,1258
16.0,13,4,15,1261
16.0,13,5,0,1208
16.0,13,5,1,1212
16.0,13,5,2,1216
16.0,13,5,3,1220
16.0,13,5,4,1224
16.0,13,5,5,1228
16.0,13,5,6,1231
16.0,13,5,7,1235
16.0,13,5,8,1239
16.0,13,5,9,1243
16.0,13,5,10,1247
16.0,13,5,11,1250
16.0,13,5,12,1254
16.0,13,5,13,1258
16.0,13,5,14,1262
16.0,13,5,15,1265
16.0,13,6,0,1212
16.0,13,6,1,1216
16.0,13,6,2,1220
16.0,13,6,3,1224
16.0,13,6,4,1228
16.0,13,6,5,1232
16.0,13,6,6,1235
16.0,13,6,7,1239
16.0,13,6,8,1243
16.0,13,6,9,1247
16.0,13,6,10,1251
16.0,13,6,11,1254
16.0,13,6,12,1258
16.0,13,6,13,1262
16.0,13,6,14,1266
16.0,13,6,15,1269
16.0,13,7,0,1216
16.0,13,7,1,1220
16.0,13,7,2,1224
16.0,13,7,3,1228
16.0,13,7,4,1232
16.0,13,7,5,1236
16.0,13,7,6,1239
16.0,13,7,7,1243
16.0,13,7,8,1247
16.0,13,7,9,1251
16.0,13,7,10,1255
16.0,13,7,11,1258
16.0,13,7,12,1262
16.0,13,7,13,1266
16.0,13,7,14,1270
16.0,13,7,15,1274
16.0,13,8,0,1220
16.0,13,8,1,1224
16.0,13,8,2,1228
16.0,13,8,3,1232
16.0,13,8,4,1236
16.0,13,8,5,1239
16.0,13,8,6,1243
16.0,13,8,7,1247
16.0,13,8,8,1251
16.0,13,8,9,1255
16.0,13,8,10,1259
16.0,13,8,11,1263
16.0,13,8,12,1266
16.0,13,8,13,1270
16.0,13,8,14,1274
16.0,13,8,15,1278
16.0,13,9,0,1224
16.0,13,9,1,1228
16.0,13,9,2,1232
16.0,13,9,3,1236
16.0,13,9,4,1240
16.0,13,9,5,1243
16.0,13,9,6,1247
16.0,13,9,7,1251
16.0,13,9,8,1255
16.0,13,9,9,1259
16.0,13,9,10,1263
16.0,13,9,11,1267
16.0,13,9,12,1270
16.0,13,9,13,1274
16.0,13,9,14,1278
16.0,13,9,15,1282
16.0,13,10,0,1228
16.0,13,10,1,1232
16.0,13,10,2,1236
16.0,13,10,3,1240
16.0,13,10,4,1243
16.0,13,10,5,1247
16.0,13,10,6,1251
16.0,13,10,7,1255
16.0,13,10,8,1259
16.0,13,10,9,1263
16.0,13,10,10,1267
16.0,13,10,11,1271
16.0,13,10,12,1274
16.0,13,10,13,1278
16.0,13,10,14,1282
16.0,13,10,15,1286
16.0,13,11,0,1232
16.0,13,11,1,1236
16.0,13,11,2,1239
16.0,13,11,3,1243
16.0,13,11,4,1247
16.0,13,11,5,1251
16.0,13,11,6,1255
16.0,13,11,7,1259
16.0,13,11,8,1263
16.0,13,11,9,1267
16.0,13,11,10,1271
16.0,13,11,11,1275
16.0,13,11,12,1278
16.0,13,11,13,1282
16.0,13,11,14,1286
16.0,13,11,15,1290
16.0,13,12,0,1235
16.0,13,12,1,1239
16.0,13,12,2,1243
16.0,13,12,3,1247
16.0,13,12,4,1251
16.0,13,12,5,1255
16.0,13,12,6,1259
16.0,13,12,7,1263
16.0,13,12,8,1267
16.0,13,12,9,1271
16.0,13,12,10,1275
16.0,13,12,11,1279
16.0,13,12,12,1282
16.0,13,12,13,1286
16.0,13,12,14,1290
16.0,13,12,15,1294
16.0,13,13,0,1239
16.0,13,13,1,1243
16.0,13,13,2,1247
16.0,13,13,3,1251
16.0,13,13,4,1255
16.0,13,13,5,1259
16.0,13,13,6,1263
16.0,13,13,7,1267
16.0,13,13,8,1271
16.0,13,13,9,1275
16.0,13,13,10,1279
16.0,13,13,11,1282
16.0,13,13,12,1286
16.0,13,13,13,1290
16.0,13,13,14,1294
16.0,13,13,15,1298
16.0,13,14,0,1243
16.0,13,14,1,1247
16.0,13,14,2,1251
16.0,13,14,3,1255
16.0,13,14,4,1259
16.0,13,14,5,1263
16.0,13,14,6,1267
16.0,13,14,7,1271
16.0,13,14,8,1275
16.0,13,14,9,1279
16.0,13,14,10,1283
16.0,13,14,11,1286
16.0,13,14,12,1290
16.0,13,14,13,1294
16.0,13,14,14,1298
16.0,13,14,15,1302
16.0,13,15,0,1247
16.0,13,15,1,1251
16.0,13,15,2,1255
16.0,13,15,3,1259
16.0,13,15,4,1263
16.0,13,15,5,1267
16.0,13,15,6,1271
16.0,13,15,7,1275
16.0,13,15,8,1279
16.0,13,15,9,1283
16.0,13,15,10,1286
16.0,13,15,11,1290
16.0,13,15,12,1294
16.0,13,15,13,1298
16.0,13,15,14,1302
16.0,13,15,15,1306
16.0,14,0,0,1193
16.0,14,0,1,1197
16.0,14,0,2,1200
16.0,14,0,3,1204
16.0,14,0,4,1208
16.0,14,0,5,1212
16.0,14,0,6,1216
16.0,14,0,7,1219
16.0,14,0,8,1223
16.0,14,0,9,1227
16.0,14,0,10,1231
16.0,14,0,11,1234
16.0,14,0,12,1238
16.0,14,0,13,1242
16.0,14,0,14,1246
16.0,14,0,15,1249
16.0,14,1,0,1197
16.0,14,1,1,1201
16.0,14,1,2,1204
16.0,14,1,3,1208
16.0,14,1,4,1212
16.0,14,1,5,1216
16.0,14,1,6,1220
16.0,14,1,7,1224
16.0,14,1,8,1227
16.0,14,1,9,1231
16.0,14,1,10,1235
16.0,14,1,11,1239
16.0,14,1,12,1242
16.0,14,1,13,1246
16.0,14,1,14,1250
16.0,14,1,15,1253
16.0,14,2,0,1201
16.0,14,2,1,1205
16.0,14,2,2,1209
16.0,14,2,3,1212
16.0,14,2,4,1216
16.0,14,2,5,1220
16.0,14,2,6,1224
16.0,14,2,7,1228
16.0,14,2,8,1231
16.0,14,2,9,1235
16.0,14,2,10,1239
16.0,14,2,11,1243
16.0,14,2,12,1246
16.0,14,2,13,1250
16.0,14,2,14,1254
16.0,14,2,15,1258
16.0,14,3,0,1205
16.0,14,3,1,1209
16.0,14,3,2,1213
16.0,14,3,3,1216
16.0,14,3,4,1220
16.0,14,3,5,1224
16.0,14,3,6,1228
16.0,14,3,7,1232
16.0,14,3,8,1235
16.0,14,3,9,1239
16.0,14,3,10,1243
16.0,14,3,11,1247
16.0,14,3,12,1251
16.0,14,3,13,1254
16.0,14,3,14,1258
16.0,14,3,15,1262
16.0,14,4,0,1209
16.0,14,4,1,1213
16.0,14,4,2,1216
16.0,14,4,3,1220
16.0,14,4,4,1224
16.0,14,4,5,1228
16.0,14,4,6,1232
16.0,14,4,7,1236
16.0,14,4,8,1240
16.0,14,4,9,1243
16.0,14,4,10,1247
16.0,14,4,11,1251
16.0,14,4,12,1255
16.0,14,4,13,1258
16.0,14,4,14,1262
16.0,14,4,15,1266
16.0,14,5,0,1213
16.0,14,5,1,1217
16.0,14,5,2,1220
16.0,14,5,3,1224
16.0,14,5,4,1228
16.0,14,5,5,1232
16.0,14,5,6,1236
16.0,14,5,7,1240
16.0,14,5,8,1244
16.0,14,5,9,1247
16.0,14,5,10,1251
16.0,14,5,11,1255
16.0,14,5,12,1259
16.0,14,5,13,1263
16.0,14,5,14,1266
16.0,14,5,15,1270
16.0,14,6,0,1217
16.0,14,6,1,1221
16.0,14,6,2,1224
16.0,14,6,3,1228
16.0,14,6,4,1232
16.0,14,6,5,1236
16.0,14,6,6,1240
16.0,14,6,7,1244
16.0,14,6,8,1248
16.0,14,6,9,1251
16.0,14,6,10,1255
16.0,14,6,11,1259
16.0,14,6,12,1263
16.0,14,6,13,1267
16.0,14,6,14,1270
16.0,14,6,15,1274
16.0,14,7,0,1221
16.0,14,7,1,1224
16.0,14,7,2,1228
16.0,14,7,3,1232
16.0,14,7,4,1236
16.0,14,7,5,1240
16.0,14,7,6,1244
16.0,14,7,7,1248
16.0,14,7,8,1252
16.0,14,7,9,1255
16.0,14,7,10,1259
16.0,14,7,11,1263
16.0,14,7,12,1267
16.0,14,7,13,1271
16.0,14,7,14,1274
16.0,14,7,15,1278
16.0,14,8,0,1224
16.0,14,8,1,1228
16.0,14,8,2,1232
16.0,14,8,3,1236
16.0,14,8,4,1240
16.0,14,8,5,1244
16.0,14,8,6,1248
16.0,14,8,7,1252
16.0,14,8,8,1256
16.0,14,8,9,1259
16.0,14,8,10,1263
16.0,14,8,11,1267
16.0,14,8,12,1271
16.0,14,8,13,1275
16.0,14,8,14,1279
16.0,14,8,15,1282
16.0,14,9,0,1228
16.0,14,9,1,1232
16.0,14,9,2,1236
16.0,14,9,3,1240
16.0,14,9,4,1244
16.0,14,9,5,1248
16.0,14,9,6,1252
16.0,14,9,7,1256
16.0,14,9,8,1260
16.0,14,9,9,1263
16.0,14,9,10,1267
16.0,14,9,11,1271
16.0,14,9,12,1275
16.0,14,9,13,1279
16.0,14,9,14,1283
16.0,14,9,15,1286
16.0,14,10,0,1232
16.0,14,10,1,1236
16.0,14,10,2,1240
16.0,14,10,3,1244
16.0,14,10,4,1248
16.0,14,10,5,1252
16.0,14,10,6,1256
16.0,14,10,7,1260
16.0,14,10,8,1264
16.0,14,10,9,1267
16.0,14,10,10,1271
16.0,14,10,11,1275
16.0,14,10,12,1279
16.0,14,10,13,1283
16.0,14,10,14,1287
16.0,14,10,15,1290
16.0,14,11,0,1236
16.0,14,11,1,1240
16.0,14,11,2,1244
16.0,14,11,3,1248
16.0,14,11,4,1252
16.0,14,11,5,1256
16.0,14,11,6,1260
16.0,14,11,7,1264
16.0,14,11,8,1268
16.0,14,11,9,1271
16.0,14,11,10,1275
16.0,14,11,11,1279
16.0,14,11,12,1283
16.0,14,11,13,1287
16.0,14,11,14,1291
16.0,14,11,15,1295
16.0,14,12,0,1240
16.0,14,12,1,1244
16.0,14,12,2,1248
16.0,14,12,3,1252
16.0,14,12,4,1256
16.0,14,12,5,1260
16.0,14,12,6,1264
16.0,14,12,7,1268
16.0,14,12,8,1272
16.0,14,12,9,1275
16.0,14,12,10,1279
16.0,14,12,11,1283
16.0,14,12,12,1287
16.0,14,12,13,1291
16.0,14,12,14,1295
16.0,14,12,15,1299
16.0,14,13,0,1244
16.0,14,13,1,1248
16.0,14,13,2,1252
16.0,14,13,3,1256
16.0,14,13,4,1260
16.0,14,13,5,1264
16.0,14,13,6,1268
16.0,14,13,7,1272
16.0,14,13,8,1275
16.0,14,13,9,1279
16.0,14,13,10,1283
16.0,14,13,11,1287
16.0,14,13,12,1291
16.0,14,13,13,1295
16.0,14,13,14,1299
16.0,14,13,15,1303
16.0,14,14,0,1248
16.0,14,14,1,1252
16.0,14,14,2,1256
16.0,14,14,3,1260
16.0,14,14,4,1264
16.0,14,14,5,1268
16.0,14,14,6,1272
16.0,14,14,7,1275
16.0,14,14,8,1279
16.0,14,14,9,1283
16.0,14,14,10,1287
16.0,14,14,11,1291
16.0,14,14,12,1295
16.0,14,14,13,1299
16.0,14,14,14,1303
16.0,14,14,15,1307
16.0,14,15,0,1251
16.0,14,15,1,1255
16.0,14,15,2,1259
16.0,14,15,3,1263
16.0,14,15,4,1267
16.0,14,15,5,1271
16.0,14,15,6,1275
16.0,14,15,7,1279
16.0,14,15,8,1283
16.0,14,15,9,1287
16.0,14,15,10,1291
16.0,14,15,11,1295
16.0,14,15,12,1299
16.0,14,15,13,1303
16.0,14,15,14,1307
16.0,14,15,15,1311
16.0,15,0,0,1197
16.0,15,0,1,1201
16.0,15,0,2,1205
16.0,15,0,3,1209
16.0,15,0,4,1212
16.0,15,0,5,1216
16.0,15,0,6,1220
16.0,15,0,7,1224
16.0,15,0,8,1228
16.0,15,0,9,1231
16.0,15,0,10,1235
16.0,15,0,11,1239
16.0,15,0,12,1243
16.0,15,0,13,1246
16.0,15,0,14,1250
16.0,15,0,15,1254
16.0,15,1,0,1201
16.0,15,1,1,1205
16.0,15,1,2,1209
16.0,15,1,3,1213
16.0,15,1,4,1217
16.0,15,1,5,1220
16.0,15,1,6,1224
16.0,15,1,7,1228
16.0,15,1,8,1232
16.0,15,1,9,1236
16.0,15,1,10,1239
16.0,15,1,11,1243
16.0,15,1,12,1247
16.0,15,1,13,1251
16.0,15,1,14,1254
16.0,15,1,15,1258
16.0,15,2,0,1205
16.0,15,2,1,1209
16.0,15,2,2,1213
16.0,15,2,3,1217
16.0,15,2,4,1221
16.0,15,2,5,1224
16.0,15,2,6,1228
16.0,15,2,7,1232
16.0,15,2,8,1236
16.0,15,2,9,1240
16.0,15,2,10,1243
16.0,15,2,11,1247
16.0,15,2,12,1251
16.0,15,2,13,1255
16.0,15,2,14,1258
16.0,15,2,15,1262
16.0,15,3,0,1209
16.0,15,3,1,1213
16.0,15,3,2,1217
16.0,15,3,3,1221
16.0,15,3,4,1225
16.0,15,3,5,1228
16.0,15,3,6,1232
16.0,15,3,7,1236
16.0,15,3,8,1240
16.0,15,3,9,1244
16.0,15,3,10,1248
16.0,15,3,11,1251
16.0,15,3,12,1255
16.0,15,3,13,1259
16.0,15,3,14,1263
16.0,15,3,15,1266
16.0,15,4,0,1213
16.0,15,4,1,1217
16.0,15,4,2,1221
16.0,15,4,3,1225
16.0,15,4,4,1229
16.0,15,4,5,1233
16.0,15,4,6,1236
16.0,15,4,7,1240
16.0,15,4,8,1244
16.0,15,4,9,1248
16.0,15,4,10,1252
16.0,15,4,11,1255
16.0,15,4,12,1259
16.0,15,4,13,1263
16.0,15,4,14,1267
16.0,15,4,15,1270
16.0,15,5,0,1217
16.0,15,5,1,1221
16.0,15,5,2,1225
16.0,15,5,3,1229
16.0,15,5,4,1233
16.0,15,5,5,1237
16.0,15,5,6,1240
16.0,15,5,7,1244
16.0,15,5,8,1248
16.0,15,5,9,1252
16.0,15,5,10,1256
16.0,15,5,11,1260
16.0,15,5,12,1263
16.0,15,5,13,1267
16.0,15,5,14,1271
16.0,15,5,15,1275
16.0,15,6,0,1221
16.0,15,6,1,1225
16.0,15,6,2,1229
16.0,15,6,3,1233
16.0,15,6,4,1237
16.0,15,6,5,1241
16.0,15,6,6,1244
16.0,15,6,7,1248
16.0,15,6,8,1252
16.0,15,6,9,1256
16.0,15,6,10,1260
16.0,15,6,11,1264
16.0,15,6,12,1267
16.0,15,6,13,1271
16.0,15,6,14,1275
16.0,15,6,15,1279
16.0,15,7,0,1225
16.0,15,7,1,1229
16.0,15,7,2,1233
16.0,15,7,3,1237
16.0,15,7,4,1241
16.0,15,7,5,1245
16.0,15,7,6,1248
16.0,15,7,7,1252
16.0,15,7,8,1256
16.0,15,7,9,1260
16.0,15,7,10,1264
16.0,15,7,11,1268
16.0,15,7,12,1272
16.0,15,7,13,1275
16.0,15,7,14,1279
16.0,15,7,15,1283
16.0,15,8,0,1229
16.0,15,8,1,1233
16.0,15,8,2,1237
16.0,15,8,3,1241
16.0,15,8,4,1245
16.0,15,8,5,1249
16.0,15,8,6,1252
16.0,15,8,7,1256
16.0,15,8,8,1260
16.0,15,8,9,1264
16.0,15,8,10,1268
16.0,15,8,11,1272
16.0,15,8,12,1276
16.0,15,8,13,1279
16.0,15,8,14,1283
16.0,15,8,15,1287
16.0,15,9,0,1233
16.0,15,9,1,1237
16.0,15,9,2,1241
16.0,15,9,3,1245
16.0,15,9,4,1249
16.0,15,9,5,1253
16.0,15,9,6,1256
16.0,15,9,7,1260
16.0,15,9,8,1264
16.0,15,9,9,1268
16.0,15,9,10,1272
16.0,15,9,11,1276
16.0,15,9,12,1280
16.0,15,9,13,1283
16.0,15,9,14,1287
16.0,15,9,15,1291
16.0,15,10,0,1237
16.0,15,10,1,1241
16.0,15,10,2,1245
16.0,15,10,3,1249
16.0,15,10,4,1253
16.0,15,10,5,1256
16.0,15,10,6,1260
16.0,15,10,7,1264
16.0,15,10,8,1268
16.0,15,10,9,1272
16.0,15,10,10,1276
16.0,15,10,11,1280
16.0,15,10,12,1284
16.0,15,10,13,1288
16.0,15,10,14,1291
16.0,15,10,15,1295
16.0,15,11,0,1241
16.0,15,11,1,1245
16.0,15,11,2,1249
16.0,15,11,3,1253
16.0,15,11,4,1256
16.0,15,11,5,1260
16.0,15,11,6,1264
16.0,15,11,7,1268
16.0,15,11,8,1272
16.0,15,11,9,1276
16.0,15,11,10,1280
16.0,15,11,11,1284
16.0,15,11,12,1288
16.0,15,11,13,1292
16.0,15,11,14,1295
16.0,15,11,15,1299
16.0,15,12,0,1244
16.0,15,12,1,1248
16.0,15,12,2,1252
16.0,15,12,3,1256
16.0,15,12,4,1260
16.0,15,12,5,1264
16.0,15,12,6,1268
16.0,15,12,7,1272
16.0,15,12,8,1276
16.0,15,12,9,1280
16.0,15,12,10,1284
16.0,15,12,11,1288
16.0,15,12,12,1292
16.0,15,12,13,1296
16.0,15,12,14,1299
16.0,15,12,15,1303
16.0,15,13,0,1248
16.0,15,13,1,1252
16.0,15,13,2,1256
16.0,15,13,3,1260
16.0,15,13,4,1264
16.0,15,13,5,1268
16.0,15,13,6,1272
16.0,15,13,7,1276
16.0,15,13,8,1280
16.0,15,13,9,1284
16.0,15,13,10,1288
16.0,15,13,11,1292
16.0,15,13,12,1296
16.0,15,13,13,1300
16.0,15,13,14,1303
16.0,15,13,15,1307
16.0,15,14,0,1252
16.0,15,14,1,1256
16.0,15,14,2,1260
16.0,15,14,3,1264
16.0,15,14,4,1268
16.0,15,14,5,1272
16.0,15,14,6,1276
16.0,15,14,7,1280
16.0,15,14,8,1284
16.0,15,14,9,1288
16.0,15,14,10,1292
16.0,15,14,11,1296
16.0,15,14,12,1300
16.0,15,14,13,1304
16.0,15,14,14,1307
16.0,15,14,15,1311
16.0,15,15,0,1256
16.0,15,15,1,1260
16.0,15,15,2,1264
16.0,15,15,3,1268
16.0,15,15,4,1272
16.0,15,15,5,1276
16.0,15,15,6,1280
16.0,15,15,7,1284
16.0,15,15,8,1288
16.0,15,15,9,1292
16.0,15,15,10,1296
16.0,15,15,11,1300
16.0,15,15,12,1304
16.0,15,15,13,1308
16.0,15,15,14,1311
16.0,15,15,15,1315
16.5,0,0,0,1167
16.5,0,0,1,1171
16.5,0,0,2,1175
16.5,0,0,3,1179
16.5,0,0,4,1182
16.5,0,0,5,1186
16.5,0,0,6,1190
16.5,0,0,7,1194
16.5,0,0,8,1197
16.5,0,0,9,1201
16.5,0,0,10,1205
16.5,0,0,11,1208
16.5,0,0,12,1212
16.5,0,0,13,1215
16.5,0,0,14,1219
16.5,0,0,15,1223
16.5,0,1,0,1171
16.5,0,1,1,1175
16.5,0,1,2,1179
16.5,0,1,3,1183
16.5,0,1,4,1186
16.5,0,1,5,1190
16.5,0,1,6,1194
16.5,0,1,7,1198
16.5,0,1,8,1201
16.5,0,1,9,1205
16.5,0,1,10,1209
16.5,0,1,11,1212
16.5,0,1,12,1216
16.5,0,1,13,1219
16.5,0,1,14,1223
16.5,0,1,15,1227
16.5,0,2,0,1175
16.5,0,2,1,1179
16.5,0,2,2,1183
16.5,0,2,3,1187
16.5,0,2,4,1190
16.5,0,2,5,1194
16.5,0,2,6,1198
16.5,0,2,7,1201
16.5,0,2,8,1205
16.5,0,2,9,1209
16.5,0,2,10,1213
16.5,0,2,11,1216
16.5,0,2,12,1220
16.5,0,2,13,1224
16.5,0,2,14,1227
16.5,0,2,15,1231
16.5,0,3,0,1179
16.5,0,3,1,1183
16.5,0,3,2,1187
16.5,0,3,3,1190
16.5,0,3,4,1194
16.5,0,3,5,1198
16.5,0,3,6,1202
16.5,0,3,7,1205
16.5,0,3,8,1209
16.5,0,3,9,1213
16.5,0,3,10,1217
16.5,0,3,11,1220
16.5,0,3,12,1224
16.5,0,3,13,1228
16.5,0,3,14,1231
16.5,0,3,15,1235
16.5,0,4,0,1183
16.5,0,4,1,1187
16.5,0,4,2,1191
16.5,0,4,3,1194
16.5,0,4,4,1198
16.5,0,4,5,1202
16.5,0,4,6,1206
16.5,0,4,7,1209
16.5,0,4,8,1213
16.5,0,4,9,1217
16.5,0,4,10,1221
16.5,0,4,11,1224
16.5,0,4,12,1228
16.5,0,4,13,1232
16.5,0,4,14,1235
16.5,0,4,15,1239
16.5,0,5,0,1187
16.5,0,5,1,1191
16.5,0,5,2,1194
16.5,0,5,3,1198
16.5,0,5,4,1202
16.5,0,5,5,1206
16.5,0,5,6,1210
16.5,0,5,7,1213
16.5,0,5,8,1217
16.5,0,5,9,1221
16.5,0,5,10,1225
16.5,0,5,11,1228
16.5,0,5,12,1232
16.5,0,5,13,1236
16.5,0,5,14,1239
16.5,0,5,15,1243
16.5,0,6,0,1191
16.5,0,6,1,1195
16.5,0,6,2,1198
16.5,0,6,3,1202
16.5,0,6,4,1206
16.5,0,6,5,1210
16.5,0,6,6,1214
16.5,0,6,7,1217
16.5,0,6,8,1221
16.5,0,6,9,1225
16.5,0,6,10,1229
16.5,0,6,11,1232
16.5,0,6,12,1236
16.5,0,6,13,1240
16.5,0,6,14,1243
16.5,0,6,15,1247
16.5,0,7,0,1195
16.5,0,7,1,1198
16.5,0,7,2,1202
16.5,0,7,3,1206
16.5,0,7,4,1210
16.5,0,7,5,1214
16.5,0,7,6,1217
16.5,0,7,7,1221
16.5,0,7,8,1225
16.5,0,7,9,1229
16.5,0,7,10,1232
16.5,0,7,11,1236
16.5,0,7,12,1240
16.5,0,7,13,1244
16.5,0,7,14,1247
16.5,0,7,15,1251
16.5,0,8,0,1198
16.5,0,8,1,1202
16.5,0,8,2,1206
16.5,0,8,3,1210
16.5,0,8,4,1214
16.5,0,8,5,1218
16.5,0,8,6,1221
16.5,0,8,7,1225
16.5,0,8,8,1229
16.5,0,8,9,1233
16.5,0,8,10,1236
16.5,0,8,11,1240
16.5,0,8,12,1244
16.5,0,8,13,1248
16.5,0,8,14,1251
16.5,0,8,15,1255
16.5,0,9,0,1202
16.5,0,9,1,1206
16.5,0,9,2,1210
16.5,0,9,3,1214
16.5,0,9,4,1218
16.5,0,9,5,1221
16.5,0,9,6,1225
16.5,0,9,7,1229
16.5,0,9,8,1233
16.5,0,9,9,1237
16.5,0,9,10,1240
16.5,0,9,11,1244
16.5,0,9,12,1248
16.5,0,9,13,1252
16.5,0,9,14,1255
16.5,0,9,15,1259
16.5,0,10,0,1206
16.5,0,10,1,1210
16.5,0,10,2,1214
16.5,0,10,3,1218
16.5,0,10,4,1221
16.5,0,10,5,1225
16.5,0,10,6,1229
16.5,0,10,7,1233
16.5,0,10,8,1237
16.5,0,10,9,1241
16.5,0,10,10,1244
16.5,0,10,11,1248
16.5,0,10,12,1252
16.5,0,10,13,1256
16.5,0,10,14,1259
16.5,0,10,15,1263
16.5,0,11,0,1210
16.5,0,11,1,1214
16.5,0,11,2,1218
16.5,0,11,3,1221
16.5,0,11,4,1225
16.5,0,11,5,1229
16.5,0,11,6,1233
16.5,0,11,7,1237
16.5,0,11,8,1241
16.5,0,11,9,1244
16.5,0,11,10,1248
16.5,0,11,11,1252
16.5,0,11,12,1256
16.5,0,11,13,1260
16.5,0,11,14,1263
16.5,0,11,15,1267
16.5,0,12,0,1214
16.5,0,12,1,1217
16.5,0,12,2,1221
16.5,0,12,3,1225
16.5,0,12,4,1229
16.5,0,12,5,1233
16.5,0,12,6,1237
16.5,0,12,7,1241
16.5,0,12,8,1244
16.5,0,12,9,1248
16.5,0,12,10,1252
16.5,0,12,11,1256
16.5,0,12,12,1260
16.5,0,12,13,1263
16.5,0,12,14,1267
16.5,0,12,15,1271
16.5,0,13,0,1217
16.5,0,13,1,1221
16.5,0,13,2,1225
16.5,0,13,3,1229
16.5,0,13,4,1233
16.5,0,13,5,1237
16.5,0,13,6,1241
16.5,0,13,7,1245
16.5,0,13,8,1248
16.5,0,13,9,1252
16.5,0,13,10,1256
16.5,0,13,11,1260
16.5,0,13,12,1264
16.5,0,13,13,1267
16.5,0,13,14,1271
16.5,0,13,15,1275
16.5,0,14,0,1221
16.5,0,14,1,1225
16.5,0,14,2,1229
16.5,0,14,3,1233
16.5,0,14,4,1237
16.5,0,14,5,1241
16.5,0,14,6,1244
16.5,0,14,7,1248
16.5,0,14,8,1252
16.5,0,14,9,1256
16.5,0,14,10,1260
16.5,0,14,11,1264
16.5,0,14,12,1267
16.5,0,14,13,1271
16.5,0,14,14,1275
16.5,0,14,15,1279
16.5,0,15,0,1225
16.5,0,15,1,1229
16.5,0,15,2,1233
16.5,0,15,3,1237
16.5,0,15,4,1241
16.5,0,15,5,1244
16.5,0,15,6,1248
16.5,0,15,7,1252
16.5,0,15,8,1256
16.5,0,15,9,1260
16.5,0,15,10,1264
16.5,0,15,11,1268
16.5,0,15,12,1271
16.5,0,15,13,1275
16.5,0,15,14,1279
16.5,0,15,15,1283
16.5,1,0,0,1172
16.5,1,0,1,1176
16.5,1,0,2,1179
16.5,1,0,3,1183
16.5,1,0,4,1187
16.5,1,0,5,1191
16.5,1,0,6,1194
16.5,1,0,7,1198
16.5,1,0,8,1202
16.5,1,0,9,1205
16.5,1,0,10,1209
16.5,1,0,11,1213
16.5,1,0,12,1216
16.5,1,0,13,1220
16.5,1,0,14,1224
16.5,1,0,15,1227
16.5,1,1,0,1176
16.5,1,1,1,1180
16.5,1,1,2,1183
16.5,1,1,3,1187
16.5,1,1,4,1191
16.5,1,1,5,1195
16.5,1,1,6,1198
16.5,1,1,7,1202
16.5,1,1,8,1206
16.5,1,1,9,1210
16.5,1,1,10,1213
16.5,1,1,11,1217
16.5,1,1,12,1221
16.5,1,1,13,1224
16.5,1,1,14,1228
16.5,1,1,15,1231
16.5,1,2,0,1180
16.5,1,2,1,1184
16.5,1,2,2,1187
16.5,1,2,3,1191
16.5,1,2,4,1195
16.5,1,2,5,1199
16.5,1,2,6,1202
16.5,1,2,7,1206
16.5,1,2,8,1210
16.5,1,2,9,1214
16.5,1,2,10,1217
16.5,1,2,11,1221
16.5,1,2,12,1225
16.5,1,2,13,1228
16.5,1,2,14,1232
16.5,1,2,15,1236
16.5,1,3,0,1184
16.5,1,3,1,1187
16.5,1,3,2,1191
16.5,1,3,3,1195
16.5,1,3,4,1199
16.5,1,3,5,1203
16.5,1,3,6,1206
16.5,1,3,7,1210
16.5,1,3,8,1214
16.5,1,3,9,1218
16.5,1,3,10,1221
16.5,1,3,11,1225
16.5,1,3,12,1229
16.5,1,3,13,1232
16.5,1,3,14,1236
16.5,1,3,15,1240
16.5,1,4,0,1188
16.5,1,4,1,1191
16.5,1,4,2,1195
16.5,1,4,3,1199
16.5,1,4,4,1203
16.5,1,4,5,1207
16.5,1,4,6,1210
16.5,1,4,7,1214
16.5,1,4,8,1218
16.5,1,4,9,1222
16.5,1,4,10,1225
16.5,1,4,11,1229
16.5,1,4,12,1233
16.5,1,4,13,1236
16.5,1,4,14,1240
16.5,1,4,15,1244
16.5,1,5,0,1191
16.5,1,5,1,1195
16.5,1,5,2,1199
16.5,1,5,3,1203
16.5,1,5,4,1207
16.5,1,5,5,1210
16.5,1,5,6,1214
16.5,1,5,7,1218
16.5,1,5,8,1222
16.5,1,5,9,1226
16.5,1,5,10,1229
16.5,1,5,11,1233
16.5,1,5,12,1237
16.5,1,5,13,1240
16.5,1,5,14,1244
16.5,1,5,15,1248
16.5,1,6,0,1195
16.5,1,6,1,1199
16.5,1,6,2,1203
16.5,1,6,3,1207
16.5,1,6,4,1211
16.5,1,6,5,1214
16.5,1,6,6,1218
16.5,1,6,7,1222
16.5,1,6,8,1226
16.5,1,6,9,1230
16.5,1,6,10,1233
16.5,1,6,11,1237
16.5,1,6,12,1241
16.5,1,6,13,1244
16.5,1,6,14,1248
16.5,1,6,15,1252
16.5,1,7,0,1199
16.5,1,7,1,1203
16.5,1,7,2,1207
16.5,1,7,3,1211
16.5,1,7,4,1215
16.5,1,7,5,1218
16.5,1,7,6,1222
16.5,1,7,7,1226
16.5,1,7,8,1230
16.5,1,7,9,1233
16.5,1,7,10,1237
16.5,1,7,11,1241
16.5,1,7,12,1245
16.5,1,7,13,1248
16.5,1,7,14,1252
16.5,1,7,15,1256
16.5,1,8,0,1203
16.5,1,8,1,1207
16.5,1,8,2,1211
16.5,1,8,3,1215
16.5,1,8,4,1218
16.5,1,8,5,1222
16.5,1,8,6,1226
16.5,1,8,7,1230
16.5,1,8,8,1234
16.5,1,8,9,1237
16.5,1,8,10,1241
16.5,1,8,11,1245
16.5,1,8,12,1249
16.5,1,8,13,1252
16.5,1,8,14,1256
16.5,1,8,15,1260
16.5,1,9,0,1207
16.5,1,9,1,1211
16.5,1,9,2,1215
16.5,1,9,3,1218
16.5,1,9,4,1222
16.5,1,9,5,1226
16.5,1,9,6,1230
16.5,1,9,7,1234
16.5,1,9,8,1238
16.5,1,9,9,1241
16.5,1,9,10,1245
16.5,1,9,11,1249
16.5,1,9,12,1253
16.5,1,9,13,1256
16.5,1,9,14,1260
16.5,1,9,15,1264
16.5,1,10,0,1211
16.5,1,10,1,1215
16.5,1,10,2,1218
16.5,1,10,3,1222
16.5,1,10,4,1226
16.5,1,10,5,1230
16.5,1,10,6,1234
16.5,1,10,7,1238
16.5,1,10,8,1241
16.5,1,10,9,1245
16.5,1,10,10,1249
16.5,1,10,11,1253
16.5,1,10,12,1257
16.5,1,10,13,1260
16.5,1,10,14,1264
16.5,1,10,15,1268
16.5,1,11,0,1214
16.5,1,11,1,1218
16.5,1,11,2,1222
16.5,1,11,3,1226
16.5,1,11,4,1230
16.5,1,11,5,1234
16.5,1,11,6,1238
16.5,1,11,7,1242
16.5,1,11,8,1245
16.5,1,11,9,1249
16.5,1,11,10,1253
16.5,1,11,11,1257
16.5,1,11,12,1261
16.5,1,11,13,1264
16.5,1,11,14,1268
16.5,1,11,15,1272
16.5,1,12,0,1218
16.5,1,12,1,1222
16.5,1,12,2,1226
16.5,1,12,3,1230
16.5,1,12,4,1234
16.5,1,12,5,1238
16.5,1,12,6,1242
16.5,1,12,7,1245
16.5,1,12,8,1249
16.5,1,12,9,1253
16.5,1,12,10,1257
16.5,1,12,11,1261
16.5,1,12,12,1264
16.5,1,12,13,1268
16.5,1,12,14,1272
16.5,1,12,15,1276
16.5,1,13,0,1222
16.5,1,13,1,1226
16.5,1,13,2,1230
16.5,1,13,3,1234
16.5,1,13,4,1238
16.5,1,13,5,1242
16.5,1,13,6,1245
16.5,1,13,7,1249
16.5,1,13,8,1253
16.5,1,13,9,1257
16.5,1,13,10,1261
16.5,1,13,11,1265
16.5,1,13,12,1268
16.5,1,13,13,1272
16.5,1,13,14,1276
16.5,1,13,15,1280
16.5,1,14,0,1226
16.5,1,14,1,1230
16.5,1,14,2,1234
16.5,1,14,3,1238
16.5,1,14,4,1241
16.5,1,14,5,1245
16.5,1,14,6,1249
16.5,1,14,7,1253
16.5,1,14,8,1257
16.5,1,14,9,1261
16.5,1,14,10,1265
16.5,1,14,11,1269
16.5,1,14,12,1272
16.5,1,14,13,1276
16.5,1,14,14,1280
16.5,1,14,15,1284
16.5,1,15,0,1230
16.5,1,15,1,1233
16.5,1,15,2,1237
16.5,1,15,3,1241
16.5,1,15,4,1245
16.5,1,15,5,1249
16.5,1,15,6,1253
16.5,1,15,7,1257
16.5,1,15,8,1261
16.5,1,15,9,1265
16.5,1,15,10,1269
16.5,1,15,11,1272
16.5,1,15,12,1276
16.5,1,15,13,1280
16.5,1,15,14,1284
16.5,1,15,15,1288
16.5,2,0,0,1176
16.5,2,0,1,1180
16.5,2,0,2,1184
16.5,2,0,3,1188
16.5,2,0,4,1191
16.5,2,0,5,1195
16.5,2,0,6,1199
16.5,2,0,7,1203
16.5,2,0,8,1206
16.5,2,0,9,1210
16.5,2,0,10,1214
16.5,2,0,11,1217
16.5,2,0,12,1221
16.5,2,0,13,1225
16.5,2,0,14,1228
16.5,2,0,15,1232
16.5,2,1,0,1180
16.5,2,1,1,1184
16.5,2,1,2,1188
16.5,2,1,3,1192
16.5,2,1,4,1195
16.5,2,1,5,1199
16.5,2,1,6,1203
16.5,2,1,7,1207
16.5,2,1,8,1210
16.5,2,1,9,1214
16.5,2,1,10,1218
16.5,2,1,11,1222
16.5,2,1,12,1225
16.5,2,1,13,1229
16.5,2,1,14,1232
16.5,2,1,15,1236
16.5,2,2,0,1184
16.5,2,2,1,1188
16.5,2,2,2,1192
16.5,2,2,3,1196
16.5,2,2,4,1199
16.5,2,2,5,1203
16.5,2,2,6,1207
16.5,2,2,7,1211
16.5,2,2,8,1214
16.5,2,2,9,1218
16.5,2,2,10,1222
16.5,2,2,11,1226
16.5,2,2,12,1229
16.5,2,2,13,1233
16.5,2,2,14,1237
16.5,2,2,15,1240
16.5,2,3,0,1188
16.5,2,3,1,1192
16.5,2,3,2,1196
16.5,2,3,3,1200
16.5,2,3,4,1203
16.5,2,3,5,1207
16.5,2,3,6,1211
16.5,2,3,7,1215
16.5,2,3,8,1218
16.5,2,3,9,1222
16.5,2,3,10,1226
16.5,2,3,11,1230
16.5,2,3,12,1233
16.5,2,3,13,1237
16.5,2,3,14,1241
16.5,2,3,15,1244
16.5,2,4,0,1192
16.5,2,4,1,1196
16.5,2,4,2,1200
16.5,2,4,3,1204
16.5,2,4,4,1207
16.5,2,4,5,1211
16.5,2,4,6,1215
16.5,2,4,7,1219
16.5,2,4,8,1222
16.5,2,4,9,1226
16.5,2,4,10,1230
16.5,2,4,11,1234
16.5,2,4,12,1237
16.5,2,4,13,1241
16.5,2,4,14,1245
16.5,2,4,15,1248
16.5,2,5,0,1196
16.5,2,5,1,1200
16.5,2,5,2,1204
16.5,2,5,3,1207
16.5,2,5,4,1211
16.5,2,5,5,1215
16.5,2,5,6,1219
16.5,2,5,7,1223
16.5,2,5,8,1226
16.5,2,5,9,1230
16.5,2,5,10,1234
16.5,2,5,11,1238
16.5,2,5,12,1241
16.5,2,5,13,1245
16.5,2,5,14,1249
16.5,2,5,15,1253
16.5,2,6,0,1200
16.5,2,6,1,1204
16.5,2,6,2,1208
16.5,2,6,3,1211
16.5,2,6,4,1215
16.5,2,6,5,1219
16.5,2,6,6,1223
16.5,2,6,7,1227
16.5,2,6,8,1230
16.5,2,6,9,1234
16.5,2,6,10,1238
16.5,2,6,11,1242
16.5,2,6,12,1245
16.5,2,6,13,1249
16.5,2,6,14,1253
16.5,2,6,15,1257
16.5,2,7,0,1204
16.5,2,7,1,1208
16.5,2,7,2,1211
16.5,2,7,3,1215
16.5,2,7,4,1219
16.5,2,7,5,1223
16.5,2,7,6,1227
16.5,2,7,7,1231
16.5,2,7,8,1234
16.5,2,7,9,1238
16.5,2,7,10,1242
16.5,2,7,11,1246
16.5,2,7,12,1249
16.5,2,7,13,1253
16.5,2,7,14,1257
16.5,2,7,15,1261
16.5,2,8,0,1208
16.5,2,8,1,1211
16.5,2,8,2,1215
16.5,2,8,3,1219
16.5,2,8,4,1223
16.5,2,8,5,1227
16.5,2,8,6,1231
16.5,2,8,7,1235
16.5,2,8,8,1238
16.5,2,8,9,1242
16.5,2,8,10,1246
16.5,2,8,11,1250
16.5,2,8,12,1253
16.5,2,8,13,1257
16.5,2,8,14,1261
16.5,2,8,15,1265
16.5,2,9,0,1211
16.5,2,9,1,1215
16.5,2,9,2,1219
16.5,2,9,3,1223
16.5,2,9,4,1227
16.5,2,9,5,1231
16.5,2,9,6,1235
16.5,2,9,7,1238
16.5,2,9,8,1242
16.5,2,9,9,1246
16.5,2,9,10,1250
16.5,2,9,11,1254
16.5,2,9,12,1257
16.5,2,9,13,1261
16.5,2,9,14,1265
16.5,2,9,15,1269
16.5,2,10,0,1215
16.5,2,10,1,1219
16.5,2,10,2,1223
16.5,2,10,3,1227
16.5,2,10,4,1231
16.5,2,10,5,1235
16.5,2,10,6,1239
16.5,2,10,7,1242
16.5,2,10,8,1246
16.5,2,10,9,1250
16.5,2,10,10,1254
16.5,2,10,11,1258
16.5,2,10,12,1261
16.5,2,10,13,1265
16.5,2,10,14,1269
16.5,2,10,15,1273
16.5,2,11,0,1219
16.5,2,11,1,1223
16.5,2,11,2,1227
16.5,2,11,3,1231
16.5,2,11,4,1235
16.5,2,11,5,1239
16.5,2,11,6,1242
16.5,2,11,7,1246
16.5,2,11,8,1250
16.5,2,11,9,1254
16.5,2,11,10,1258
16.5,2,11,11,1262
16.5,2,11,12,1265
16.5,2,11,13,1269
16.5,2,11,14,1273
16.5,2,11,15,1277
16.5,2,12,0,1223
16.5,2,12,1,1227
16.5,2,12,2,1231
16.5,2,12,3,1235
16.5,2,12,4,1239
16.5,2,12,5,1242
16.5,2,12,6,1246
16.5,2,12,7,1250
16.5,2,12,8,1254
16.5,2,12,9,1258
16.5,2,12,10,1262
16.5,2,12,11,1266
16.5,2,12,12,1269
16.5,2,12,13,1273
16.5,2,12,14,1277
16.5,2,12,15,1281
16.5,2,13,0,1227
16.5,2,13,1,1231
16.5,2,13,2,1235
16.5,2,13,3,1238
16.5,2,13,4,1242
16.5,2,13,5,1246
16.5,2,13,6,1250
16.5,2,13,7,1254
16.5,2,13,8,1258
16.5,2,13,9,1262
16.5,2,13,10,1266
16.5,2,13,11,1269
16.5,2,13,12,1273
16.5,2,13,13,1277
16.5,2,13,14,1281
16.5,2,13,15,1285
16.5,2,14,0,1230
16.5,2,14,1,1234
16.5,2,14,2,1238
16.5,2,14,3,1242
16.5,2,14,4,1246
16.5,2,14,5,1250
16.5,2,14,6,1254
16.5,2,14,7,1258
16.5,2,14,8,1262
16.5,2,14,9,1266
16.5,2,14,10,1270
16.5,2,14,11,1273
16.5,2,14,12,1277
16.5,2,14,13,1281
16.5,2,14,14,1285
16.5,2,14,15,1289
16.5,2,15,0,1234
16.5,2,15,1,1238
16.5,2,15,2,1242
16.5,2,15,3,1246
16.5,2,15,4,1250
16.5,2,15,5,1254
16.5,2,15,6,1258
16.5,2,15,7,1262
16.5,2,15,8,1266
16.5,2,15,9,1270
16.5,2,15,10,1273
16.5,2,15,11,1277
16.5,2,15,12,1281
16.5,2,15,13,1285
16.5,2,15,14,1289
16.5,2,15,15,1293
16.5,3,0,0,1181
16.5,3,0,1,1185
16.5,3,0,2,1188
16.5,3,0,3,1192
16.5,3,0,4,1196
16.5,3,0,5,1200
16.5,3,0,6,1204
16.5,3,0,7,1207
16.5,3,0,8,1211
16.5,3,0,9,1215
16.5,3,0,10,1218
16.5,3,0,11,1222
16.5,3,0,12,1226
16.5,3,0,13,1229
16.5,3,0,14,1233
16.5,3,0,15,1237
16.5,3,1,0,1185
16.5,3,1,1,1189
16.5,3,1,2,1192
16.5,3,1,3,1196
16.5,3,1,4,1200
16.5,3,1,5,1204
16.5,3,1,6,1208
16.5,3,1,7,1211
16.5,3,1,8,1215
16.5,3,1,9,1219
16.5,3,1,10,1222
16.5,3,1,11,1226
16.5,3,1,12,1230
16.5,3,1,13,1234
16.5,3,1,14,1237
16.5,3,1,15,1241
16.5,3,2,0,1189
16.5,3,2,1,1193
16.5,3,2,2,1196
16.5,3,2,3,1200
16.5,3,2,4,1204
16.5,3,2,5,1208
16.5,3,2,6,1212
16.5,3,2,7,1215
16.5,3,2,8,1219
16.5,3,2,9,1223
16.5,3,2,10,1227
16.5,3,2,11,1230
16.5,3,2,12,1234
16.5,3,2,13,1238
16.5,3,2,14,1241
16.5,3,2,15,1245
16.5,3,3,0,1193
16.5,3,3,1,1197
16.5,3,3,2,1200
16.5,3,3,3,1204
16.5,3,3,4,1208
16.5,3,3,5,1212
16.5,3,3,6,1216
16.5,3,3,7,1219
16.5,3,3,8,1223
16.5,3,3,9,1227
16.5,3,3,10,1231
16.5,3,3,11,1234
16.5,3,3,12,1238
16.5,3,3,13,1242
16.5,3,3,14,1245
16.5,3,3,15,1249
16.5,3,4,0,1197
16.5,3,4,1,1200
16.5,3,4,2,1204
16.5,3,4,3,1208
16.5,3,4,4,1212
16.5,3,4,5,1216
16.5,3,4,6,1220
16.5,3,4,7,1223
16.5,3,4,8,1227
16.5,3,4,9,1231
16.5,3,4,10,1235
16.5,3,4,11,1238
16.5,3,4,12,1242
16.5,3,4,13,1246
16.5,3,4,14,1249
16.5,3,4,15,1253
16.5,3,5,0,1201
16.5,3,5,1,1204
16.5,3,5,2,1208
16.5,3,5,3,1212
16.5,3,5,4,1216
16.5,3,5,5,1220
16.5,3,5,6,1224
16.5,3,5,7,1227
16.5,3,5,8,1231
16.5,3,5,9,1235
16.5,3,5,10,1239
16.5,3,5,11,1242
16.5,3,5,12,1246
16.5,3,5,13,1250
16.5,3,5,14,1254
16.5,3,5,15,1257
16.5,3,6,0,1204
16.5,3,6,1,1208
16.5,3,6,2,1212
16.5,3,6,3,1216
16.5,3,6,4,1220
16.5,3,6,5,1224
16.5,3,6,6,1228
16.5,3,6,7,1231
16.5,3,6,8,1235
16.5,3,6,9,1239
16.5,3,6,10,1243
16.5,3,6,11,1246
16.5,3,6,12,1250
16.5,3,6,13,1254
16.5,3,6,14,1258
16.5,3,6,15,1261
16.5,3,7,0,1208
16.5,3,7,1,1212
16.5,3,7,2,1216
16.5,3,7,3,1220
16.5,3,7,4,1224
16.5,3,7,5,1228
16.5,3,7,6,1231
16.5,3,7,7,1235
16.5,3,7,8,1239
16.5,3,7,9,1243
16.5,3,7,10,1247
16.5,3,7,11,1250
16.5,3,7,12,1254
16.5,3,7,13,1258
16.5,3,7,14,1262
16.5,3,7,15,1265
16.5,3,8,0,1212
16.5,3,8,1,1216
16.5,3,8,2,1220
16.5,3,8,3,1224
16.5,3,8,4,1228
16.5,3,8,5,1232
16.5,3,8,6,1235
16.5,3,8,7,1239
16.5,3,8,8,1243
16.5,3,8,9,1247
16.5,3,8,10,1251
16.5,3,8,11,1254
16.5,3,8,12,1258
16.5,3,8,13,1262
16.5,3,8,14,1266
16.5,3,8,15,1269
16.5,3,9,0,1216
16.5,3,9,1,1220
16.5,3,9,2,1224
16.5,3,9,3,1228
16.5,3,9,4,1232
16.5,3,9,5,1235
16.5,3,9,6,1239
16.5,3,9,7,1243
16.5,3,9,8,1247
16.5,3,9,9,1251
16.5,3,9,10,1255
16.5,3,9,11,1258
16.5,3,9,12,1262
16.5,3,9,13,1266
16.5,3,9,14,1270
16.5,3,9,15,1274
16.5,3,10,0,1220
16.5,3,10,1,1224
16.5,3,10,2,1228
16.5,3,10,3,1232
16.5,3,10,4,1235
16.5,3,10,5,1239
16.5,3,10,6,1243
16.5,3,10,7,1247
16.5,3,10,8,1251
16.5,3,10,9,1255
16.5,3,10,10,1259
16.5,3,10,11,1262
16.5,3,10,12,1266
16.5,3,10,13,1270
16.5,3,10,14,1274
16.5,3,10,15,1278
16.5,3,11,0,1224
16.5,3,11,1,1228
16.5,3,11,2,1232
16.5,3,11,3,1235
16.5,3,11,4,1239
16.5,3,11,5,1243
16.5,3,11,6,1247
16.5,3,11,7,1251
16.5,3,11,8,1255
16.5,3,11,9,1259
16.5,3,11,10,1263
16.5,3,11,11,1266
16.5,3,11,12,1270
16.5,3,11,13,1274
16.5,3,11,14,1278
16.5,3,11,15,1282
16.5,3,12,0,1228
16.5,3,12,1,1231
16.5,3,12,2,1235
16.5,3,12,3,1239
16.5,3,12,4,1243
16.5,3,12,5,1247
16.5,3,12,6,1251
16.5,3,12,7,1255
16.5,3,12,8,1259
16.5,3,12,9,1263
16.5,3,12,10,1266
16.5,3,12,11,1270
16.5,3,12,12,1274
16.5,3,12,13,1278
16.5,3,12,14,1282
16.5,3,12,15,1286
16.5,3,13,0,1231
16.5,3,13,1,1235
16.5,3,13,2,1239
16.5,3,13,3,1243
16.5,3,13,4,1247
16.5,3,13,5,1251
16.5,3,13,6,1255
16.5,3,13,7,1259
16.5,3,13,8,1263
16.5,3,13,9,1267
16.5,3,13,10,1270
16.5,3,13,11,1274
16.5,3,13,12,1278
16.5,3,13,13,1282
16.5,3,13,14,1286
16.5,3,13,15,1290
16.5,3,14,0,1235
16.5,3,14,1,1239
16.5,3,14,2,1243
16.5,3,14,3,1247
16.5,3,14,4,1251
16.5,3,14,5,1255
16.5,3,14,6,1259
16.5,3,14,7,1263
16.5,3,14,8,1267
16.5,3,14,9,1270
16.5,3,14,10,1274
16.5,3,14,11,1278
16.5,3,14,12,1282
16.5,3,14,13,1286
16.5,3,14,14,1290
16.5,3,14,15,1294
16.5,3,15,0,1239
16.5,3,15,1,1243
16.5,3,15,2,1247
16.5,3,15,3,1251
16.5,3,15,4,1255
16.5,3,15,5,1259
16.5,3,15,6,1263
16.5,3,15,7,1267
16.5,3,15,8,1270
16.5,3,15,9,1274
16.5,3,15,10,1278
16.5,3,15,11,1282
16.5,3,15,12,1286
16.5,3,15,13,1290
16.5,3,15,14,1294
16.5,3,15,15,1297
16.5,4,0,0,1185
16.5,4,0,1,1189
16.5,4,0,2,1193
16.5,4,0,3,1197
16.5,4,0,4,1201
16.5,4,0,5,1204
16.5,4,0,6,1208
16.5,4,0,7,1212
16.5,4,0,8,1216
16.5,4,0,9,1219
16.5,4,0,10,1223
16.5,4,0,11,1227
16.5,4,0,12,1230
16.5,4,0,13,1234
16.5,4,0,14,1238
16.5,4,0,15,1241
16.5,4,1,0,1189
16.5,4,1,1,1193
16.5,4,1,2,1197
16.5,4,1,3,1201
16.5,4,1,4,1205
16.5,4,1,5,1208
16.5,4,1,6,1212
16.5,4,1,7,1216
16.5,4,1,8,1220
16.5,4,1,9,1223
16.5,4,1,10,1227
16.5,4,1,11,1231
16.5,4,1,12,1234
16.5,4,1,13,1238
16.5,4,1,14,1242
16.5,4,1,15,1246
16.5,4,2,0,1193
16.5,4,2,1,1197
16.5,4,2,2,1201
16.5,4,2,3,1205
16.5,4,2,4,1209
16.5,4,2,5,1212
16.5,4,2,6,1216
16.5,4,2,7,1220
16.5,4,2,8,1224
16.5,4,2,9,1227
16.5,4,2,10,1231
16.5,4,2,11,1235
16.5,4,2,12,1239
16.5,4,2,13,1242
16.5,4,2,14,1246
16.5,4,2,15,1250
16.5,4,3,0,1197
16.5,4,3,1,1201
16.5,4,3,2,1205
16.5,4,3,3,1209
16.5,4,3,4,1213
16.5,4,3,5,1216
16.5,4,3,6,1220
16.5,4,3,7,1224
16.5,4,3,8,1228
16.5,4,3,9,1231
16.5,4,3,10,1235
16.5,4,3,11,1239
16.5,4,3,12,1243
16.5,4,3,13,1246
16.5,4,3,14,1250
16.5,4,3,15,1254
16.5,4,4,0,1201
16.5,4,4,1,1205
16.5,4,4,2,1209
16.5,4,4,3,1213
16.5,4,4,4,1217
16.5,4,4,5,1220
16.5,4,4,6,1224
16.5,4,4,7,1228
16.5,4,4,8,1232
16.5,4,4,9,1236
16.5,4,4,10,1239
16.5,4,4,11,1243
16.5,4,4,12,1247
16.5,4,4,13,1251
16.5,4,4,14,1254
16.5,4,4,15,1258
16.5,4,5,0,1205
16.5,4,5,1,1209
16.5,4,5,2,1213
16.5,4,5,3,1217
16.5,4,5,4,1221
16.5,4,5,5,1224
16.5,4,5,6,1228
16.5,4,5,7,1232
16.5,4,5,8,1236
16.5,4,5,9,1240
16.5,4,5,10,1243
16.5,4,5,11,1247
16.5,4,5,12,1251
16.5,4,5,13,1255
16.5,4,5,14,1258
16.5,4,5,15,1262
16.5,4,6,0,1209
16.5,4,6,1,1213
16.5,4,6,2,1217
16.5,4,6,3,1221
16.5,4,6,4,1224
16.5,4,6,5,1228
16.5,4,6,6,1232
16.5,4,6,7,1236
16.5,4,6,8,1240
16.5,4,6,9,1244
16.5,4,6,10,1247
16.5,4,6,11,1251
16.5,4,6,12,1255
16.5,4,6,13,1259
16.5,4,6,14,1262
16.5,4,6,15,1266
16.5,4,7,0,1213
16.5,4,7,1,1217
16.5,4,7,2,1221
16.5,4,7,3,1225
16.5,4,7,4,1228
16.5,4,7,5,1232
16.5,4,7,6,1236
16.5,4,7,7,1240
16.5,4,7,8,1244
16.5,4,7,9,1248
16.5,4,7,10,1251
16.5,4,7,11,1255
16.5,4,7,12,1259
16.5,4,7,13,1263
16.5,4,7,14,1266
16.5,4,7,15,1270
16.5,4,8,0,1217
16.5,4,8,1,1221
16.5,4,8,2,1225
16.5,4,8,3,1228
16.5,4,8,4,1232
16.5,4,8,5,1236
16.5,4,8,6,1240
16.5,4,8,7,1244
16.5,4,8,8,1248
16.5,4,8,9,1252
16.5,4,8,10,1255
16.5,4,8,11,1259
16.5,4,8,12,1263
16.5,4,8,13,1267
16.5,4,8,14,1271
16.5,4,8,15,1274
16.5,4,9,0,1221
16.5,4,9,1,1225
16.5,4,9,2,1228
16.5,4,9,3,1232
16.5,4,9,4,1236
16.5,4,9,5,1240
16.5,4,9,6,1244
16.5,4,9,7,1248
16.5,4,9,8,1252
16.5,4,9,9,1256
16.5,4,9,10,1259
16.5,4,9,11,1263
16.5,4,9,12,1267
16.5,4,9,13,1271
16.5,4,9,14,1275
16.5,4,9,15,1278
16.5,4,10,0,1224
16.5,4,10,1,1228
16.5,4,10,2,1232
16.5,4,10,3,1236
16.5,4,10,4,1240
16.5,4,10,5,1244
16.5,4,10,6,1248
16.5,4,10,7,1252
16.5,4,10,8,1256
16.5,4,10,9,1260
16.5,4,10,10,1263
16.5,4,10,11,1267
16.5,4,10,12,1271
16.5,4,10,13,1275
16.5,4,10,14,1279
16.5,4,10,15,1282
16.5,4,11,0,1228
16.5,4,11,1,1232
16.5,4,11,2,1236
16.5,4,11,3,1240
16.5,4,11,4,1244
16.5,4,11,5,1248
16.5,4,11,6,1252
16.5,4,11,7,1256
16.5,4,11,8,1260
16.5,4,11,9,1263
16.5,4,11,10,1267
16.5,4,11,11,1271
16.5,4,11,12,1275
16.5,4,11,13,1279
16.5,4,11,14,1283
16.5,4,11,15,1286
16.5,4,12,0,1232
16.5,4,12,1,1236
16.5,4,12,2,1240
16.5,4,12,3,1244
16.5,4,12,4,1248
16.5,4,12,5,1252
16.5,4,12,6,1256
16.5,4,12,7,1260
16.5,4,12,8,1264
16.5,4,12,9,1267
16.5,4,12,10,1271
16.5,4,12,11,1275
16.5,4,12,12,1279
16.5,4,12,13,1283
16.5,4,12,14,1287
16.5,4,12,15,1290
16.5,4,13,0,1236
16.5,4,13,1,1240
16.5,4,13,2,1244
16.5,4,13,3,1248
16.5,4,13,4,1252
16.5,4,13,5,1256
16.5,4,13,6,1260
16.5,4,13,7,1264
16.5,4,13,8,1267
16.5,4,13,9,1271
16.5,4,13,10,1275
16.5,4,13,11,1279
16.5,4,13,12,1283
16.5,4,13,13,1287
16.5,4,13,14,1291
16.5,4,13,15,1294
16.5,4,14,0,1240
16.5,4,14,1,1244
16.5,4,14,2,1248
16.5,4,14,3,1252
16.5,4,14,4,1256
16.5,4,14,5,1260
16.5,4,14,6,1264
16.5,4,14,7,1267
16.5,4,14,8,1271
16.5,4,14,9,1275
16.5,4,14,10,1279
16.5,4,14,11,1283
16.5,4,14,12,1287
16.5,4,14,13,1291
16.5,4,14,14,1295
16.5,4,14,15,1298
16.5,4,15,0,1244
16.5,4,15,1,1248
16.5,4,15,2,1252
16.5,4,15,3,1256
16.5,4,15,4,1260
16.5,4,15,5,1263
16.5,4,15,6,1267
16.5,4,15,7,1271
16.5,4,15,8,1275
16.5,4,15,9,1279
16.5,4,15,10,1283
16.5,4,15,11,1287
16.5,4,15,12,1291
16.5,4,15,13,1295
16.5,4,15,14,1299
16.5,4,15,15,1302
16.5,5,0,0,1190
16.5,5,0,1,1194
16.5,5,0,2,1197
16.5,5,0,3,1201
16.5,5,0,4,1205
16.5,5,0,5,1209
16.5,5,0,6,1213
16.5,5,0,7,1216
16.5,5,0,8,1220
16.5,5,0,9,1224
16.5,5,0,10,1228
16.5,5,0,11,1231
16.5,5,0,12,1235
16.5,5,0,13,1239
16.5,5,0,14,1242
16.5,5,0,15,1246
16.5,5,1,0,1194
16.5,5,1,1,1198
16.5,5,1,2,1201
16.5,5,1,3,1205
16.5,5,1,4,1209
16.5,5,1,5,1213
16.5,5,1,6,1217
16.5,5,1,7,1220
16.5,5,1,8,1224
16.5,5,1,9,1228
16.5,5,1,10,1232
16.5,5,1,11,1235
16.5,5,1,12,1239
16.5,5,1,13,1243
16.5,5,1,14,1247
16.5,5,1,15,1250
16.5,5,2,0,1198
16.5,5,2,1,1202
16.5,5,2,2,1205
16.5,5,2,3,1209
16.5,5,2,4,1213
16.5,5,2,5,1217
16.5,5,2,6,1221
16.5,5,2,7,1225
16.5,5,2,8,1228
16.5,5,2,9,1232
16.5,5,2,10,1236
16.5,5,2,11,1240
16.5,5,2,12,1243
16.5,5,2,13,1247
16.5,5,2,14,1251
16.5,5,2,15,1254
16.5,5,3,0,1202
16.5,5,3,1,1206
16.5,5,3,2,1209
16.5,5,3,3,1213
16.5,5,3,4,1217
16.5,5,3,5,1221
16.5,5,3,6,1225
16.5,5,3,7,1229
16.5,5,3,8,1232
16.5,5,3,9,1236
16.5,5,3,10,1240
16.5,5,3,11,1244
16.5,5,3,12,1247
16.5,5,3,13,1251
16.5,5,3,14,1255
16.5,5,3,15,1259
16.5,5,4,0,1206
16.5,5,4,1,1210
16.5,5,4,2,1213
16.5,5,4,3,1217
16.5,5,4,4,1221
16.5,5,4,5,1225
16.5,5,4,6,1229
16.5,5,4,7,1233
16.5,5,4,8,1236
16.5,5,4,9,1240
16.5,5,4,10,1244
16.5,5,4,11,1248
16.5,5,4,12,1251
16.5,5,4,13,1255
16.5,5,4,14,1259
16.5,5,4,15,1263
16.5,5,5,0,1210
16.5,5,5,1,1214
16.5,5,5,2,1217
16.5,5,5,3,1221
16.5,5,5,4,1225
16.5,5,5,5,1229
16.5,5,5,6,1233
16.5,5,5,7,1237
16.5,5,5,8,1240
16.5,5,5,9,1244
16.5,5,5,10,1248
16.5,5,5,11,1252
16.5,5,5,12,1256
16.5,5,5,13,1259
16.5,5,5,14,1263
16.5,5,5,15,1267
16.5,5,6,0,1214
16.5,5,6,1,1217
16.5,5,6,2,1221
16.5,5,6,3,1225
16.5,5,6,4,1229
16.5,5,6,5,1233
16.5,5,6,6,1237
16.5,5,6,7,1241
16.5,5,6,8,1244
16.5,5,6,9,1248
16.5,5,6,10,1252
16.5,5,6,11,1256
16.5,5,6,12,1260
16.5,5,6,13,1263
16.5,5,6,14,1267
16.5,5,6,15,1271
16.5,5,7,0,1217
16.5,5,7,1,1221
16.5,5,7,2,1225
16.5,5,7,3,1229
16.5,5,7,4,1233
16.5,5,7,5,1237
16.5,5,7,6,1241
16.5,5,7,7,1245
16.5,5,7,8,1248
16.5,5,7,9,1252
16.5,5,7,10,1256
16.5,5,7,11,1260
16.5,5,7,12,1264
16.5,5,7,13,1267
16.5,5,7,14,1271
16.5,5,7,15,1275
16.5,5,8,0,1221
16.5,5,8,1,1225
16.5,5,8,2,1229
16.5,5,8,3,1233
16.5,5,8,4,1237
16.5,5,8,5,1241
16.5,5,8,6,1245
16.5,5,8,7,1249
16.5,5,8,8,1252
16.5,5,8,9,1256
16.5,5,8,10,1260
16.5,5,8,11,1264
16.5,5,8,12,1268
16.5,5,8,13,1272
16.5,5,8,14,1275
16.5,5,8,15,1279
16.5,5,9,0,1225
16.5,5,9,1,1229
16.5,5,9,2,1233
16.5,5,9,3,1237
16.5,5,9,4,1241
16.5,5,9,5,1245
16.5,5,9,6,1249
16.5,5,9,7,1253
16.5,5,9,8,1256
16.5,5,9,9,1260
16.5,5,9,10,1264
16.5,5,9,11,1268
16.5,5,9,12,1272
16.5,5,9,13,1276
16.5,5,9,14,1279
16.5,5,9,15,1283
16.5,5,10,0,1229
16.5,5,10,1,1233
16.5,5,10,2,1237
16.5,5,10,3,1241
16.5,5,10,4,1245
16.5,5,10,5,1249
16.5,5,10,6,1253
16.5,5,10,7,1257
16.5,5,10,8,1260
16.5,5,10,9,1264
16.5,5,10,10,1268
16.5,5,10,11,1272
16.5,5,10,12,1276
16.5,5,10,13,1280
16.5,5,10,14,1283
16.5,5,10,15,1287
16.5,5,11,0,1233
16.5,5,11,1,1237
16.5,5,11,2,1241
16.5,5,11,3,1245
16.5,5,11,4,1249
16.5,5,11,5,1253
16.5,5,11,6,1257
16.5,5,11,7,1261
16.5,5,11,8,1264
16.5,5,11,9,1268
16.5,5,11,10,1272
16.5,5,11,11,1276
16.5,5,11,12,1280
16.5,5,11,13,1284
16.5,5,11,14,1287
16.5,5,11,15,1291
16.5,5,12,0,1237
16.5,5,12,1,1241
16.5,5,12,2,1245
16.5,5,12,3,1249
16.5,5,12,4,1253
16.5,5,12,5,1257
16.5,5,12,6,1261
16.5,5,12,7,1264
16.5,5,12,8,1268
16.5,5,12,9,1272
16.5,5,12,10,1276
16.5,5,12,11,1280
16.5,5,12,12,1284
16.5,5,12,13,1288
16.5,5,12,14,1291
16.5,5,12,15,1295
16.5,5,13,0,1241
16.5,5,13,1,1245
16.5,5,13,2,1249
16.5,5,13,3,1253
16.5,5,13,4,1257
16.5,5,13,5,1261
16.5,5,13,6,1264
16.5,5,13,7,1268
16.5,5,13,8,1272
16.5,5,13,9,1276
16.5,5,13,10,1280
16.5,5,13,11,1284
16.5,5,13,12,1288
16.5,5,13,13,1292
16.5,5,13,14,1295
16.5,5,13,15,1299
16.5,5,14,0,1244
16.5,5,14,1,1248
16.5,5,14,2,1252
16.5,5,14,3,1256
16.5,5,14,4,1260
16.5,5,14,5,1264
16.5,5,14,6,1268
16.5,5,14,7,1272
16.5,5,14,8,1276
16.5,5,14,9,1280
16.5,5,14,10,1284
16.5,5,14,11,1288
16.5,5,14,12,1292
16.5,5,14,13,1296
16.5,5,14,14,1299
16.5,5,14,15,1303
16.5,5,15,0,1248
16.5,5,15,1,1252
16.5,5,15,2,1256
16.5,5,15,3,1260
16.5,5,15,4,1264
16.5,5,15,5,1268
16.5,5,15,6,1272
16.5,5,15,7,1276
16.5,5,15,8,1280
16.5,5,15,9,1284
16.5,5,15,10,1288
16.5,5,15,11,1292
16.5,5,15,12,1296
16.5,5,15,13,1300
16.5,5,15,14,1303
16.5,5,15,15,1307
16.5,6,0,0,1194
16.5,6,0,1,1198
16.5,6,0,2,1202
16.5,6,0,3,1206
16.5,6,0,4,1210
16.5,6,0,5,1213
16.5,6,0,6,1217
16.5,6,0,7,1221
16.5,6,0,8,1225
16.5,6,0,9,1228
16.5,6,0,10,1232
16.5,6,0,11,1236
16.5,6,0,12,1240
16.5,6,0,13,1243
16.5,6,0,14,1247
16.5,6,0,15,1251
16.5,6,1,0,1198
16.5,6,1,1,1202
16.5,6,1,2,1206
16.5,6,1,3,1210
16.5,6,1,4,1214
16.5,6,1,5,1217
16.5,6,1,6,1221
16.5,6,1,7,1225
16.5,6,1,8,1229
16.5,6,1,9,1233
16.5,6,1,10,1236
16.5,6,1,11,1240
16.5,6,1,12,1244
16.5,6,1,13,1248
16.5,6,1,14,1251
16.5,6,1,15,1255
16.5,6,2,0,1202
16.5,6,2,1,1206
16.5,6,2,2,1210
16.5,6,2,3,1214
16.5,6,2,4,1218
16.5,6,2,5,1222
16.5,6,2,6,1225
16.5,6,2,7,1229
16.5,6,2,8,1233
16.5,6,2,9,1237
16.5,6,2,10,1240
16.5,6,2,11,1244
16.5,6,2,12,1248
16.5,6,2,13,1252
16.5,6,2,14,1255
16.5,6,2,15,1259
16.5,6,3,0,1206
16.5,6,3,1,1210
16.5,6,3,2,1214
16.5,6,3,3,1218
16.5,6,3,4,1222
16.5,6,3,5,1226
16.5,6,3,6,1229
16.5,6,3,7,1233
16.5,6,3,8,1237
16.5,6,3,9,1241
16.5,6,3,10,1245
16.5,6,3,11,1248
16.5,6,3,12,1252
16.5,6,3,13,1256
16.5,6,3,14,1260
16.5,6,3,15,1263
16.5,6,4,0,1210
16.5,6,4,1,1214
16.5,6,4,2,1218
16.5,6,4,3,1222
16.5,6,4,4,1226
16.5,6,4,5,1230
16.5,6,4,6,1233
16.5,6,4,7,1237
16.5,6,4,8,1241
16.5,6,4,9,1245
16.5,6,4,10,1249
16.5,6,4,11,1252
16.5,6,4,12,1256
16.5,6,4,13,1260
16.5,6,4,14,1264
16.5,6,4,15,1267
16.5,6,5,0,1214
16.5,6,5,1,1218
16.5,6,5,2,1222
16.5,6,5,3,1226
16.5,6,5,4,1230
16.5,6,5,5,1234
16.5,6,5,6,1237
16.5,6,5,7,1241
16.5,6,5,8,1245
16.5,6,5,9,1249
16.5,6,5,10,1253
16.5,6,5,11,1257
16.5,6,5,12,1260
16.5,6,5,13,1264
16.5,6,5,14,1268
16.5,6,5,15,1272
16.5,6,6,0,1218
16.5,6,6,1,1222
16.5,6,6,2,1226
16.5,6,6,3,1230
16.5,6,6,4,1234
16.5,6,6,5,1238
16.5,6,6,6,1241
16.5,6,6,7,1245
16.5,6,6,8,1249
16.5,6,6,9,1253
16.5,6,6,10,1257
16.5,6,6,11,1261
16.5,6,6,12,1264
16.5,6,6,13,1268
16.5,6,6,14,1272
16.5,6,6,15,1276
16.5,6,7,0,1222
16.5,6,7,1,1226
16.5,6,7,2,1230
16.5,6,7,3,1234
16.5,6,7,4,1238
16.5,6,7,5,1242
16.5,6,7,6,1245
16.5,6,7,7,1249
16.5,6,7,8,1253
16.5,6,7,9,1257
16.5,6,7,10,1261
16.5,6,7,11,1265
16.5,6,7,12,1268
16.5,6,7,13,1272
16.5,6,7,14,1276
16.5,6,7,15,1280
16.5,6,8,0,1226
16.5,6,8,1,1230
16.5,6,8,2,1234
16.5,6,8,3,1238
16.5,6,8,4,1242
16.5,6,8,5,1246
16.5,6,8,6,1249
16.5,6,8,7,1253
16.5,6,8,8,1257
16.5,6,8,9,1261
16.5,6,8,10,1265
16.5,6,8,11,1269
16.5,6,8,12,1273
16.5,6,8,13,1276
16.5,6,8,14,1280
16.5,6,8,15,1284
16.5,6,9,0,1230
16.5,6,9,1,1234
16.5,6,9,2,1238
16.5,6,9,3,1242
16.5,6,9,4,1246
16.5,6,9,5,1250
16.5,6,9,6,1253
16.5,6,9,7,1257
16.5,6,9,8,1261
16.5,6,9,9,1265
16.5,6,9,10,1269
16.5,6,9,11,1273
16.5,6,9,12,1277
16.5,6,9,13,1280
16.5,6,9,14,1284
16.5,6,9,15,1288
16.5,6,10,0,1234
16.5,6,10,1,1238
16.5,6,10,2,1242
16.5,6,10,3,1246
16.5,6,10,4,1250
16.5,6,10,5,1253
16.5,6,10,6,1257
16.5,6,10,7,1261
16.5,6,10,8,1265
16.5,6,10,9,1269
16.5,6,10,10,1273
16.5,6,10,11,1277
16.5,6,10,12,1281
16.5,6,10,13,1284
16.5,6,10,14,1288
16.5,6,10,15,1292
16.5,6,11,0,1238
16.5,6,11,1,1242
16.5,6,11,2,1246
16.5,6,11,3,1250
16.5,6,11,4,1253
16.5,6,11,5,1257
16.5,6,11,6,1261
16.5,6,11,7,1265
16.5,6,11,8,1269
16.5,6,11,9,1273
16.5,6,11,10,1277
16.5,6,11,11,1281
16.5,6,11,12,1285
16.5,6,11,13,1288
16.5,6,11,14,1292
16.5,6,11,15,1296
16.5,6,12,0,1241
16.5,6,12,1,1245
16.5,6,12,2,1249
16.5,6,12,3,1253
16.5,6,12,4,1257
16.5,6,12,5,1261
16.5,6,12,6,1265
16.5,6,12,7,1269
16.5,6,12,8,1273
16.5,6,12,9,1277
16.5,6,12,10,1281
16.5,6,12,11,1285
16.5,6,12,12,1289
16.5,6,12,13,1292
16.5,6,12,14,1296
16.5,6,12,15,1300
16.5,6,13,0,1245
16.5,6,13,1,1249
16.5,6,13,2,1253
16.5,6,13,3,1257
16.5,6,13,4,1261
16.5,6,13,5,1265
16.5,6,13,6,1269
16.5,6,13,7,1273
16.5,6,13,8,1277
16.5,6,13,9,1281
16.5,6,13,10,1285
16.5,6,13,11,1289
16.5,6,13,12,1293
16.5,6,13,13,1297
16.5,6,13,14,1300
16.5,6,13,15,1304
16.5,6,14,0,1249
16.5,6,14,1,1253
16.5,6,14,2,1257
16.5,6,14,3,1261
16.5,6,14,4,1265
16.5,6,14,5,1269
16.5,6,14,6,1273
16.5,6,14,7,1277
16.5,6,14,8,1281
16.5,6,14,9,1285
16.5,6,14,10,1289
16.5,6,14,11,1293
16.5,6,14,12,1297
16.5,6,14,13,1300
16.5,6,14,14,1304
16.5,6,14,15,1308
16.5,6,15,0,1253
16.5,6,15,1,1257
16.5,6,15,2,1261
16.5,6,15,3,1265
16.5,6,15,4,1269
16.5,6,15,5,1273
16.5,6,15,6,1277
16.5,6,15,7,1281
16.5,6,15,8,1285
16.5,6,15,9,1289
16.5,6,15,10,1293
16.5,6,15,11,1297
16.5,6,15,12,1301
16.5,6,15,13,1304
16.5,6,15,14,1308
16.5,6,15,15,1312
16.5,7,0,0,1199
16.5,7,0,1,1203
16.5,7,0,2,1206
16.5,7,0,3,1210
16.5,7,0,4,1214
16.5,7,0,5,1218
16.5,7,0,6,1222
16.5,7,0,7,1226
16.5,7,0,8,1229
16.5,7,0,9,1233
16.5,7,0,10,1237
16.5,7,0,11,1241
16.5,7,0,12,1244
16.5,7,0,13,1248
16.5,7,0,14,1252
16.5,7,0,15,1255
16.5,7,1,0,1203
16.5,7,1,1,1207
16.5,7,1,2,1211
16.5,7,1,3,1214
16.5,7,1,4,1218
16.5,7,1,5,1222
16.5,7,1,6,1226
16.5,7,1,7,1230
16.5,7,1,8,1233
16.5,7,1,9,1237
16.5,7,1,10,1241
16.5,7,1,11,1245
16.5,7,1,12,1248
16.5,7,1,13,1252
16.5,7,1,14,1256
16.5,7,1,15,1260
16.5,7,2,0,1207
16.5,7,2,1,1211
16.5,7,2,2,1215
16.5,7,2,3,1218
16.5,7,2,4,1222
16.5,7,2,5,1226
16.5,7,2,6,1230
16.5,7,2,7,1234
16.5,7,2,8,1238
16.5,7,2,9,1241
16.5,7,2,10,1245
16.5,7,2,11,1249
16.5,7,2,12,1253
16.5,7,2,13,1256
16.5,7,2,14,1260
16.5,7,2,15,1264
16.5,7,3,0,1211
16.5,7,3,1,1215
16.5,7,3,2,1219
16.5,7,3,3,1222
16.5,7,3,4,1226
16.5,7,3,5,1230
16.5,7,3,6,1234
16.5,7,3,7,1238
16.5,7,3,8,1242
16.5,7,3,9,1245
16.5,7,3,10,1249
16.5,7,3,11,1253
16.5,7,3,12,1257
16.5,7,3,13,1261
16.5,7,3,14,1264
16.5,7,3,15,1268
16.5,7,4,0,1215
16.5,7,4,1,1219
16.5,7,4,2,1223
16.5,7,4,3,1226
16.5,7,4,4,1230
16.5,7,4,5,1234
16.5,7,4,6,1238
16.5,7,4,7,1242
16.5,7,4,8,1246
16.5,7,4,9,1250
16.5,7,4,10,1253
16.5,7,4,11,1257
16.5,7,4,12,1261
16.5,7,4,13,1265
16.5,7,4,14,1268
16.5,7,4,15,1272
16.5,7,5,0,1219
16.5,7,5,1,1223
16.5,7,5,2,1227
16.5,7,5,3,1230
16.5,7,5,4,1234
16.5,7,5,5,1238
16.5,7,5,6,1242
16.5,7,5,7,1246
16.5,7,5,8,1250
16.5,7,5,9,1254
16.5,7,5,10,1257
16.5,7,5,11,1261
16.5,7,5,12,1265
16.5,7,5,13,1269
16.5,7,5,14,1273
16.5,7,5,15,1276
16.5,7,6,0,1223
16.5,7,6,1,1227
16.5,7,6,2,1231
16.5,7,6,3,1234
16.5,7,6,4,1238
16.5,7,6,5,1242
16.5,7,6,6,1246
16.5,7,6,7,1250
16.5,7,6,8,1254
16.5,7,6,9,1258
16.5,7,6,10,1262
16.5,7,6,11,1265
16.5,7,6,12,1269
16.5,7,6,13,1273
16.5,7,6,14,1277
16.5,7,6,15,1280
16.5,7,7,0,1227
16.5,7,7,1,1231
16.5,7,7,2,1234
16.5,7,7,3,1238
16.5,7,7,4,1242
16.5,7,7,5,1246
16.5,7,7,6,1250
16.5,7,7,7,1254
16.5,7,7,8,1258
16.5,7,7,9,1262
16.5,7,7,10,1266
16.5,7,7,11,1269
16.5,7,7,12,1273
16.5,7,7,13,1277
16.5,7,7,14,1281
16.5,7,7,15,1285
16.5,7,8,0,1231
16.5,7,8,1,1234
16.5,7,8,2,1238
16.5,7,8,3,1242
16.5,7,8,4,1246
16.5,7,8,5,1250
16.5,7,8,6,1254
16.5,7,8,7,1258
16.5,7,8,8,1262
16.5,7,8,9,1266
16.5,7,8,10,1270
16.5,7,8,11,1273
16.5,7,8,12,1277
16.5,7,8,13,1281
16.5,7,8,14,1285
16.5,7,8,15,1289
16.5,7,9,0,1234
16.5,7,9,1,1238
16.5,7,9,2,1242
16.5,7,9,3,1246
16.5,7,9,4,1250
16.5,7,9,5,1254
16.5,7,9,6,1258
16.5,7,9,7,1262
16.5,7,9,8,1266
16.5,7,9,9,1270
16.5,7,9,10,1274
16.5,7,9,11,1278
16.5,7,9,12,1281
16.5,7,9,13,1285
16.5,7,9,14,1289
16.5,7,9,15,1293
16.5,7,10,0,1238
16.5,7,10,1,1242
16.5,7,10,2,1246
16.5,7,10,3,1250
16.5,7,10,4,1254
16.5,7,10,5,1258
16.5,7,10,6,1262
16.5,7,10,7,1266
16.5,7,10,8,1270
16.5,7,10,9,1274
16.5,7,10,10,1278
16.5,7,10,11,1282
16.5,7,10,12,1285
16.5,7,10,13,1289
16.5,7,10,14,1293
16.5,7,10,15,1297
16.5,7,11,0,1242
16.5,7,11,1,1246
16.5,7,11,2,1250
16.5,7,11,3,1254
16.5,7,11,4,1258
16.5,7,11,5,1262
16.5,7,11,6,1266
16.5,7,11,7,1270
16.5,7,11,8,1274
16.5,7,11,9,1278
16.5,7,11,10,1282
16.5,7,11,11,1286
16.5,7,11,12,1289
16.5,7,11,13,1293
16.5,7,11,14,1297
16.5,7,11,15,1301
16.5,7,12,0,1246
16.5,7,12,1,1250
16.5,7,12,2,1254
16.5,7,12,3,1258
16.5,7,12,4,1262
16.5,7,12,5,1266
16.5,7,12,6,1270
16.5,7,12,7,1274
16.5,7,12,8,1278
16.5,7,12,9,1282
16.5,7,12,10,1286
16.5,7,12,11,1290
16.5,7,12,12,1293
16.5,7,12,13,1297
16.5,7,12,14,1301
16.5,7,12,15,1305
16.5,7,13,0,1250
16.5,7,13,1,1254
16.5,7,13,2,1258
16.5,7,13,3,1262
16.5,7,13,4,1266
16.5,7,13,5,1270
16.5,7,13,6,1274
16.5,7,13,7,1278
16.5,7,13,8,1282
16.5,7,13,9,1286
16.5,7,13,10,1290
16.5,7,13,11,1294
16.5,7,13,12,1297
16.5,7,13,13,1301
16.5,7,13,14,1305
16.5,7,13,15,1309
16.5,7,14,0,1254
16.5,7,14,1,1258
16.5,7,14,2,1262
16.5,7,14,3,1266
16.5,7,14,4,1270
16.5,7,14,5,1274
16.5,7,14,6,1278
16.5,7,14,7,1282
16.5,7,14,8,1286
16.5,7,14,9,1290
16.5,7,14,10,1294
16.5,7,14,11,1298
16.5,7,14,12,1301
16.5,7,14,13,1305
16.5,7,14,14,1309
16.5,7,14,15,1313
16.5,7,15,0,1258
16.5,7,15,1,1262
16.5,7,15,2,1266
16.5,7,15,3,1270
16.5,7,15,4,1274
16.5,7,15,5,1278
16.5,7,15,6,1282
16.5,7,15,7,1286
16.5,7,15,8,1290
16.5,7,15,9,1294
16.5,7,15,10,1298
16.5,7,15,11,1302
16.5,7,15,12,1305
16.5,7,15,13,1309
16.5,7,15,14,1313
16.5,7,15,15,1317
16.5,8,0,0,1203
16.5,8,0,1,1207
16.5,8,0,2,1211
16.5,8,0,3,1215
16.5,8,0,4,1219
16.5,8,0,5,1222
16.5,8,0,6,1226
16.5,8,0,7,1230
16.5,8,0,8,1234
16.5,8,0,9,1238
16.5,8,0,10,1241
16.5,8,0,11,1245
16.5,8,0,12,1249
16.5,8,0,13,1253
16.5,8,0,14,1256
16.5,8,0,15,1260
16.5,8,1,0,1207
16.5,8,1,1,1211
16.5,8,1,2,1215
16.5,8,1,3,1219
16.5,8,1,4,1223
16.5,8,1,5,1227
16.5,8,1,6,1230
16.5,8,1,7,1234
16.5,8,1,8,1238
16.5,8,1,9,1242
16.5,8,1,10,1246
16.5,8,1,11,1249
16.5,8,1,12,1253
16.5,8,1,13,1257
16.5,8,1,14,1261
16.5,8,1,15,1264
16.5,8,2,0,1211
16.5,8,2,1,1215
16.5,8,2,2,1219
16.5,8,2,3,1223
16.5,8,2,4,1227
16.5,8,2,5,1231
16.5,8,2,6,1235
16.5,8,2,7,1238
16.5,8,2,8,1242
16.5,8,2,9,1246
16.5,8,2,10,1250
16.5,8,2,11,1254
16.5,8,2,12,1257
16.5,8,2,13,1261
16.5,8,2,14,1265
16.5,8,2,15,1269
16.5,8,3,0,1215
16.5,8,3,1,1219
16.5,8,3,2,1223
16.5,8,3,3,1227
16.5,8,3,4,1231
16.5,8,3,5,1235
16.5,8,3,6,1239
16.5,8,3,7,1242
16.5,8,3,8,1246
16.5,8,3,9,1250
16.5,8,3,10,1254
16.5,8,3,11,1258
16.5,8,3,12,1261
16.5,8,3,13,1265
16.5,8,3,14,1269
16.5,8,3,15,1273
16.5,8,4,0,1219
16.5,8,4,1,1223
16.5,8,4,2,1227
16.5,8,4,3,1231
16.5,8,4,4,1235
16.5,8,4,5,1239
16.5,8,4,6,1243
16.5,8,4,7,1247
16.5,8,4,8,1250
16.5,8,4,9,1254
16.5,8,4,10,1258
16.5,8,4,11,1262
16.5,8,4,12,1266
16.5,8,4,13,1269
16.5,8,4,14,1273
16.5,8,4,15,1277
16.5,8,5,0,1223
16.5,8,5,1,1227
16.5,8,5,2,1231
16.5,8,5,3,1235
16.5,8,5,4,1239
16.5,8,5,5,1243
16.5,8,5,6,1247
16.5,8,5,7,1251
16.5,8,5,8,1254
16.5,8,5,9,1258
16.5,8,5,10,1262
16.5,8,5,11,1266
16.5,8,5,12,1270
16.5,8,5,13,1274
16.5,8,5,14,1277
16.5,8,5,15,1281
16.5,8,6,0,1227
16.5,8,6,1,1231
16.5,8,6,2,1235
16.5,8,6,3,1239
16.5,8,6,4,1243
16.5,8,6,5,1247
16.5,8,6,6,1251
16.5,8,6,7,1255
16.5,8,6,8,1259
16.5,8,6,9,1262
16.5,8,6,10,1266
16.5,8,6,11,1270
16.5,8,6,12,1274
16.5,8,6,13,1278
16.5,8,6,14,1281
16.5,8,6,15,1285
16.5,8,7,0,1231
16.5,8,7,1,1235
16.5,8,7,2,1239
16.5,8,7,3,1243
16.5,8,7,4,1247
16.5,8,7,5,1251
16.5,8,7,6,1255
16.5,8,7,7,1259
16.5,8,7,8,1263
16.5,8,7,9,1266
16.5,8,7,10,1270
16.5,8,7,11,1274
16.5,8,7,12,1278
16.5,8,7,13,1282
16.5,8,7,14,1286
16.5,8,7,15,1289
16.5,8,8,0,1235
16.5,8,8,1,1239
16.5,8,8,2,1243
16.5,8,8,3,1247
16.5,8,8,4,1251
16.5,8,8,5,1255
16.5,8,8,6,1259
16.5,8,8,7,1263
16.5,8,8,8,1267
16.5,8,8,9,1270
16.5,8,8,10,1274
16.5,8,8,11,1278
16.5,8,8,12,1282
16.5,8,8,13,1286
16.5,8,8,14,1290
16.5,8,8,15,1294
16.5,8,9,0,1239
16.5,8,9,1,1243
16.5,8,9,2,1247
16.5,8,9,3,1251
16.5,8,9,4,1255
16.5,8,9,5,1259
16.5,8,9,6,1263
16.5,8,9,7,1267
16.5,8,9,8,1271
16.5,8,9,9,1275
16.5,8,9,10,1278
16.5,8,9,11,1282
16.5,8,9,12,1286
16.5,8,9,13,1290
16.5,8,9,14,1294
16.5,8,9,15,1298
16.5,8,10,0,1243
16.5,8,10,1,1247
16.5,8,10,2,1251
16.5,8,10,3,1255
16.5,8,10,4,1259
16.5,8,10,5,1263
16.5,8,10,6,1267
16.5,8,10,7,1271
16.5,8,10,8,1275
16.5,8,10,9,1279
16.5,8,10,10,1282
16.5,8,10,11,1286
16.5,8,10,12,1290
16.5,8,10,13,1294
16.5,8,10,14,1298
16.5,8,10,15,1302
16.5,8,11,0,1247
16.5,8,11,1,1251
16.5,8,11,2,1255
16.5,8,11,3,1259
16.5,8,11,4,1263
16.5,8,11,5,1267
16.5,8,11,6,1271
16.5,8,11,7,1275
16.5,8,11,8,1279
16.5,8,11,9,1283
16.5,8,11,10,1286
16.5,8,11,11,1290
16.5,8,11,12,1294
16.5,8,11,13,1298
16.5,8,11,14,1302
16.5,8,11,15,1306
16.5,8,12,0,1251
16.5,8,12,1,1255
16.5,8,12,2,1259
16.5,8,12,3,1263
16.5,8,12,4,1267
16.5,8,12,5,1271
16.5,8,12,6,1275
16.5,8,12,7,1279
16.5,8,12,8,1283
16.5,8,12,9,1287
16.5,8,12,10,1290
16.5,8,12,11,1294
16.5,8,12,12,1298
16.5,8,12,13,1302
16.5,8,12,14,1306
16.5,8,12,15,1310
16.5,8,13,0,1255
16.5,8,13,1,1259
16.5,8,13,2,1263
16.5,8,13,3,1267
16.5,8,13,4,1271
16.5,8,13,5,1275
16.5,8,13,6,1279
16.5,8,13,7,1283
16.5,8,13,8,1287
16.5,8,13,9,1291
16.5,8,13,10,1294
16.5,8,13,11,1298
16.5,8,13,12,1302
16.5,8,13,13,1306
16.5,8,13,14,1310
16.5,8,13,15,1314
16.5,8,14,0,1259
16.5,8,14,1,1263
16.5,8,14,2,1267
16.5,8,14,3,1271
16.5,8,14,4,1275
16.5,8,14,5,1279
16.5,8,14,6,1283
16.5,8,14,7,1287
16.5,8,14,8,1291
16.5,8,14,9,1295
16.5,8,14,10,1298
16.5,8,14,11,1302
16.5,8,14,12,1306
16.5,8,14,13,1310
16.5,8,14,14,1314
16.5,8,14,15,1318
16.5,8,15,0,1262
16.5,8,15,1,1266
16.5,8,15,2,1270
16.5,8,15,3,1275
16.5,8,15,4,1279
16.5,8,15,5,1283
16.5,8,15,6,1287
16.5,8,15,7,1291
16.5,8,15,8,1295
16.5,8,15,9,1299
16.5,8,15,10,1302
16.5,8,15,11,1306
16.5,8,15,12,1310
16.5,8,15,13,1314
16.5,8,15,14,1318
16.5,8,15,15,1322
16.5,9,0,0,1208
16.5,9,0,1,1212
16.5,9,0,2,1215
16.5,9,0,3,1219
16.5,9,0,4,1223
16.5,9,0,5,1227
16.5,9,0,6,1231
16.5,9,0,7,1235
16.5,9,0,8,1238
16.5,9,0,9,1242
16.5,9,0,10,1246
16.5,9,0,11,1250
16.5,9,0,12,1254
16.5,9,0,13,1257
16.5,9,0,14,1261
16.5,9,0,15,1265
16.5,9,1,0,1212
16.5,9,1,1,1216
16.5,9,1,2,1220
16.5,9,1,3,1223
16.5,9,1,4,1227
16.5,9,1,5,1231
16.5,9,1,6,1235
16.5,9,1,7,1239
16.5,9,1,8,1243
16.5,9,1,9,1246
16.5,9,1,10,1250
16.5,9,1,11,1254
16.5,9,1,12,1258
16.5,9,1,13,1262
16.5,9,1,14,1265
16.5,9,1,15,1269
16.5,9,2,0,1216
16.5,9,2,1,1220
16.5,9,2,2,1224
16.5,9,2,3,1227
16.5,9,2,4,1231
16.5,9,2,5,1235
16.5,9,2,6,1239
16.5,9,2,7,1243
16.5,9,2,8,1247
16.5,9,2,9,1251
16.5,9,2,10,1254
16.5,9,2,11,1258
16.5,9,2,12,1262
16.5,9,2,13,1266
16.5,9,2,14,1270
16.5,9,2,15,1273
16.5,9,3,0,1220
16.5,9,3,1,1224
16.5,9,3,2,1228
16.5,9,3,3,1232
16.5,9,3,4,1235
16.5,9,3,5,1239
16.5,9,3,6,1243
16.5,9,3,7,1247
16.5,9,3,8,1251
16.5,9,3,9,1255
16.5,9,3,10,1259
16.5,9,3,11,1262
16.5,9,3,12,1266
16.5,9,3,13,1270
16.5,9,3,14,1274
16.5,9,3,15,1277
16.5,9,4,0,1224
16.5,9,4,1,1228
16.5,9,4,2,1232
16.5,9,4,3,1236
16.5,9,4,4,1240
16.5,9,4,5,1243
16.5,9,4,6,1247
16.5,9,4,7,1251
16.5,9,4,8,1255
16.5,9,4,9,1259
16.5,9,4,10,1263
16.5,9,4,11,1267
16.5,9,4,12,1270
16.5,9,4,13,1274
16.5,9,4,14,1278
16.5,9,4,15,1282
16.5,9,5,0,1228
16.5,9,5,1,1232
16.5,9,5,2,1236
16.5,9,5,3,1240
16.5,9,5,4,1244
16.5,9,5,5,1247
16.5,9,5,6,1251
16.5,9,5,7,1255
16.5,9,5,8,1259
16.5,9,5,9,1263
16.5,9,5,10,1267
16.5,9,5,11,1271
16.5,9,5,12,1274
16.5,9,5,13,1278
16.5,9,5,14,1282
16.5,9,5,15,1286
16.5,9,6,0,1232
16.5,9,6,1,1236
16.5,9,6,2,1240
16.5,9,6,3,1244
16.5,9,6,4,1248
16.5,9,6,5,1252
16.5,9,6,6,1255
16.5,9,6,7,1259
16.5,9,6,8,1263
16.5,9,6,9,1267
16.5,9,6,10,1271
16.5,9,6,11,1275
16.5,9,6,12,1279
16.5,9,6,13,1282
16.5,9,6,14,1286
16.5,9,6,15,1290
16.5,9,7,0,1236
16.5,9,7,1,1240
16.5,9,7,2,1244
16.5,9,7,3,1248
16.5,9,7,4,1252
16.5,9,7,5,1256
16.5,9,7,6,1259
16.5,9,7,7,1263
16.5,9,7,8,1267
16.5,9,7,9,1271
16.5,9,7,10,1275
16.5,9,7,11,1279
16.5,9,7,12,1283
16.5,9,7,13,1287
16.5,9,7,14,1290
16.5,9,7,15,1294
16.5,9,8,0,1240
16.5,9,8,1,1244
16.5,9,8,2,1248
16.5,9,8,3,1252
16.5,9,8,4,1256
16.5,9,8,5,1260
16.5,9,8,6,1263
16.5,9,8,7,1267
16.5,9,8,8,1271
16.5,9,8,9,1275
16.5,9,8,10,1279
16.5,9,8,11,1283
16.5,9,8,12,1287
16.5,9,8,13,1291
16.5,9,8,14,1295
16.5,9,8,15,1298
16.5,9,9,0,1244
16.5,9,9,1,1248
16.5,9,9,2,1252
16.5,9,9,3,1256
16.5,9,9,4,1260
16.5,9,9,5,1264
16.5,9,9,6,1268
16.5,9,9,7,1271
16.5,9,9,8,1275
16.5,9,9,9,1279
16.5,9,9,10,1283
16.5,9,9,11,1287
16.5,9,9,12,1291
16.5,9,9,13,1295
16.5,9,9,14,1299
16.5,9,9,15,1302
16.5,9,10,0,1248
16.5,9,10,1,1252
16.5,9,10,2,1256
16.5,9,10,3,1260
16.5,9,10,4,1264
16.5,9,10,5,1268
16.5,9,10,6,1272
16.5,9,10,7,1275
16.5,9,10,8,1279
16.5,9,10,9,1283
16.5,9,10,10,1287
16.5,9,10,11,1291
16.5,9,10,12,1295
16.5,9,10,13,1299
16.5,9,10,14,1303
16.5,9,10,15,1307
16.5,9,11,0,1252
16.5,9,11,1,1256
16.5,9,11,2,1260
16.5,9,11,3,1264
16.5,9,11,4,1268
16.5,9,11,5,1272
16.5,9,11,6,1276
16.5,9,11,7,1279
16.5,9,11,8,1283
16.5,9,11,9,1287
16.5,9,11,10,1291
16.5,9,11,11,1295
16.5,9,11,12,1299
16.5,9,11,13,1303
16.5,9,11,14,1307
16.5,9,11,15,1311
16.5,9,12,0,1255
16.5,9,12,1,1259
16.5,9,12,2,1263
16.5,9,12,3,1268
16.5,9,12,4,1272
16.5,9,12,5,1276
16.5,9,12,6,1279
16.5,9,12,7,1283
16.5,9,12,8,1287
16.5,9,12,9,1291
16.5,9,12,10,1295
16.5,9,12,11,1299
16.5,9,12,12,1303
16.5,9,12,13,1307
16.5,9,12,14,1311
16.5,9,12,15,1315
16.5,9,13,0,1259
16.5,9,13,1,1263
16.5,9,13,2,1267
16.5,9,13,3,1271
16.5,9,13,4,1275
16.5,9,13,5,1279
16.5,9,13,6,1283
16.5,9,13,7,1287
16.5,9,13,8,1291
16.5,9,13,9,1295
16.5,9,13,10,1299
16.5,9,13,11,1303
16.5,9,13,12,1307
16.5,9,13,13,1311
16.5,9,13,14,1315
16.5,9,13,15,1319
16.5,9,14,0,1263
16.5,9,14,1,1267
16.5,9,14,2,1271
16.5,9,14,3,1275
16.5,9,14,4,1279
16.5,9,14,5,1283
16.5,9,14,6,1287
16.5,9,14,7,1291
16.5,9,14,8,1295
16.5,9,14,9,1299
16.5,9,14,10,1303
16.5,9,14,11,1307
16.5,9,14,12,1311
16.5,9,14,13,1315
16.5,9,14,14,1319
16.5,9,14,15,1323
16.5,9,15,0,1267
16.5,9,15,1,1271
16.5,9,15,2,1275
16.5,9,15,3,1279
16.5,9,15,4,1283
16.5,9,15,5,1287
16.5,9,15,6,1291
16.5,9,15,7,1295
16.5,9,15,8,1299
16.5,9,15,9,1303
16.5,9,15,10,1307
16.5,9,15,11,1311
16.5,9,15,12,1315
16.5,9,15,13,1319
16.5,9,15,14,1323
16.5,9,15,15,1327
16.5,10,0,0,1212
16.5,10,0,1,1216
16.5,10,0,2,1220
16.5,10,0,3,1224
16.5,10,0,4,1228
16.5,10,0,5,1232
16.5,10,0,6,1235
16.5,10,0,7,1239
16.5,10,0,8,1243
16.5,10,0,9,1247
16.5,10,0,10,1251
16.5,10,0,11,1254
16.5,10,0,12,1258
16.5,10,0,13,1262
16.5,10,0,14,1266
16.5,10,0,15,1269
16.5,10,1,0,1216
16.5,10,1,1,1220
16.5,10,1,2,1224
16.5,10,1,3,1228
16.5,10,1,4,1232
16.5,10,1,5,1236
16.5,10,1,6,1240
16.5,10,1,7,1243
16.5,10,1,8,1247
16.5,10,1,9,1251
16.5,10,1,10,1255
16.5,10,1,11,1259
16.5,10,1,12,1262
16.5,10,1,13,1266
16.5,10,1,14,1270
16.5,10,1,15,1274
16.5,10,2,0,1220
16.5,10,2,1,1224
16.5,10,2,2,1228
16.5,10,2,3,1232
16.5,10,2,4,1236
16.5,10,2,5,1240
16.5,10,2,6,1244
16.5,10,2,7,1248
16.5,10,2,8,1251
16.5,10,2,9,1255
16.5,10,2,10,1259
16.5,10,2,11,1263
16.5,10,2,12,1267
16.5,10,2,13,1270
16.5,10,2,14,1274
16.5,10,2,15,1278
16.5,10,3,0,1224
16.5,10,3,1,1228
16.5,10,3,2,1232
16.5,10,3,3,1236
16.5,10,3,4,1240
16.5,10,3,5,1244
16.5,10,3,6,1248
16.5,10,3,7,1252
16.5,10,3,8,1256
16.5,10,3,9,1259
16.5,10,3,10,1263
16.5,10,3,11,1267
16.5,10,3,12,1271
16.5,10,3,13,1275
16.5,10,3,14,1278
16.5,10,3,15,1282
16.5,10,4,0,1228
16.5,10,4,1,1232
16.5,10,4,2,1236
16.5,10,4,3,1240
16.5,10,4,4,1244
16.5,10,4,5,1248
16.5,10,4,6,1252
16.5,10,4,7,1256
16.5,10,4,8,1260
16.5,10,4,9,1264
16.5,10,4,10,1267
16.5,10,4,11,1271
16.5,10,4,12,1275
16.5,10,4,13,1279
16.5,10,4,14,1283
16.5,10,4,15,1286
16.5,10,5,0,1232
16.5,10,5,1,1236
16.5,10,5,2,1240
16.5,10,5,3,1244
16.5,10,5,4,1248
16.5,10,5,5,1252
16.5,10,5,6,1256
16.5,10,5,7,1260
16.5,10,5,8,1264
16.5,10,5,9,1268
16.5,10,5,10,1272
16.5,10,5,11,1275
16.5,10,5,12,1279
16.5,10,5,13,1283
16.5,10,5,14,1287
16.5,10,5,15,1291
16.5,10,6,0,1236
16.5,10,6,1,1240
16.5,10,6,2,1244
16.5,10,6,3,1248
16.5,10,6,4,1252
16.5,10,6,5,1256
16.5,10,6,6,1260
16.5,10,6,7,1264
16.5,10,6,8,1268
16.5,10,6,9,1272
16.5,10,6,10,1276
16.5,10,6,11,1279
16.5,10,6,12,1283
16.5,10,6,13,1287
16.5,10,6,14,1291
16.5,10,6,15,1295
16.5,10,7,0,1240
16.5,10,7,1,1244
16.5,10,7,2,1248
16.5,10,7,3,1252
16.5,10,7,4,1256
16.5,10,7,5,1260
16.5,10,7,6,1264
16.5,10,7,7,1268
16.5,10,7,8,1272
16.5,10,7,9,1276
16.5,10,7,10,1280
16.5,10,7,11,1284
16.5,10,7,12,1287
16.5,10,7,13,1291
16.5,10,7,14,1295
16.5,10,7,15,1299
16.5,10,8,0,1244
16.5,10,8,1,1248
16.5,10,8,2,1252
16.5,10,8,3,1256
16.5,10,8,4,1260
16.5,10,8,5,1264
16.5,10,8,6,1268
16.5,10,8,7,1272
16.5,10,8,8,1276
16.5,10,8,9,1280
16.5,10,8,10,1284
16.5,10,8,11,1288
16.5,10,8,12,1292
16.5,10,8,13,1295
16.5,10,8,14,1299
16.5,10,8,15,1303
16.5,10,9,0,1248
16.5,10,9,1,1252
16.5,10,9,2,1256
16.5,10,9,3,1260
16.5,10,9,4,1264
16.5,10,9,5,1268
16.5,10,9,6,1272
16.5,10,9,7,1276
16.5,10,9,8,1280
16.5,10,9,9,1284
16.5,10,9,10,1288
16.5,10,9,11,1292
16.5,10,9,12,1296
16.5,10,9,13,1300
16.5,10,9,14,1303
16.5,10,9,15,1307
16.5,10,10,0,1252
16.5,10,10,1,1256
16.5,10,10,2,1260
16.5,10,10,3,1264
16.5,10,10,4,1268
16.5,10,10,5,1272
16.5,10,10,6,1276
16.5,10,10,7,1280
16.5,10,10,8,1284
16.5,10,10,9,1288
16.5,10,10,10,1292
16.5,10,10,11,1296
16.5,10,10,12,1300
16.5,10,10,13,1304
16.5,10,10,14,1308
16.5,10,10,15,1311
16.5,10,11,0,1256
16.5,10,11,1,1260
16.5,10,11,2,1264
16.5,10,11,3,1268
16.5,10,11,4,1272
16.5,10,11,5,1276
16.5,10,11,6,1280
16.5,10,11,7,1284
16.5,10,11,8,1288
16.5,10,11,9,1292
16.5,10,11,10,1296
16.5,10,11,11,1300
16.5,10,11,12,1304
16.5,10,11,13,1308
16.5,10,11,14,1312
16.5,10,11,15,1316
16.5,10,12,0,1260
16.5,10,12,1,1264
16.5,10,12,2,1268
16.5,10,12,3,1272
16.5,10,12,4,1276
16.5,10,12,5,1280
16.5,10,12,6,1284
16.5,10,12,7,1288
16.5,10,12,8,1292
16.5,10,12,9,1296
16.5,10,12,10,1300
16.5,10,12,11,1304
16.5,10,12,12,1308
16.5,10,12,13,1312
16.5,10,12,14,1316
16.5,10,12,15,1320
16.5,10,13,0,1264
16.5,10,13,1,1268
16.5,10,13,2,1272
16.5,10,13,3,1276
16.5,10,13,4,1280
16.5,10,13,5,1284
16.5,10,13,6,1288
16.5,10,13,7,1292
16.5,10,13,8,1296
16.5,10,13,9,1300
16.5,10,13,10,1304
16.5,10,13,11,1308
16.5,10,13,12,1312
16.5,10,13,13,1316
16.5,10,13,14,1320
16.5,10,13,15,1324
16.5,10,14,0,1268
16.5,10,14,1,1272
16.5,10,14,2,1276
16.5,10,14,3,1280
16.5,10,14,4,1284
16.5,10,14,5,1288
16.5,10,14,6,1292
16.5,10,14,7,1296
16.5,10,14,8,1300
16.5,10,14,9,1304
16.5,10,14,10,1308
16.5,10,14,11,1312
16.5,10,14,12,1316
16.5,10,14,13,1320
16.5,10,14,14,1324
16.5,10,14,15,1328
16.5,10,15,0,1272
16.5,10,15,1,1276
16.5,10,15,2,1280
16.5,10,15,3,1284
16.5,10,15,4,1288
16.5,10,15,5,1292
16.5,10,15,6,1296
16.5,10,15,7,1300
16.5,10,15,8,1304
16.5,10,15,9,1308
16.5,10,15,10,1312
16.5,10,15,11,1316
16.5,10,15,12,1320
16.5,10,15,13,1324
16.5,10,15,14,1328
16.5,10,15,15,1332
16.5,11,0,0,1217
16.5,11,0,1,1221
16.5,11,0,2,1224
16.5,11,0,3,1228
16.5,11,0,4,1232
16.5,11,0,5,1236
16.5,11,0,6,1240
16.5,11,0,7,1244
16.5,11,0,8,1248
16.5,11,0,9,1251
16.5,11,0,10,1255
16.5,11,0,11,1259
16.5,11,0,12,1263
16.5,11,0,13,1267
16.5,11,0,14,1270
16.5,11,0,15,1274
16.5,11,1,0,1221
16.5,11,1,1,1225
16.5,11,1,2,1229
16.5,11,1,3,1232
16.5,11,1,4,1236
16.5,11,1,5,1240
16.5,11,1,6,1244
16.5,11,1,7,1248
16.5,11,1,8,1252
16.5,11,1,9,1256
16.5,11,1,10,1260
16.5,11,1,11,1263
16.5,11,1,12,1267
16.5,11,1,13,1271
16.5,11,1,14,1275
16.5,11,1,15,1278
16.5,11,2,0,1225
16.5,11,2,1,1229
16.5,11,2,2,1233
16.5,11,2,3,1237
16.5,11,2,4,1241
16.5,11,2,5,1244
16.5,11,2,6,1248
16.5,11,2,7,1252
16.5,11,2,8,1256
16.5,11,2,9,1260
16.5,11,2,10,1264
16.5,11,2,11,1268
16.5,11,2,12,1271
16.5,11,2,13,1275
16.5,11,2,14,1279
16.5,11,2,15,1283
16.5,11,3,0,1229
16.5,11,3,1,1233
16.5,11,3,2,1237
16.5,11,3,3,1241
16.5,11,3,4,1245
16.5,11,3,5,1249
16.5,11,3,6,1252
16.5,11,3,7,1256
16.5,11,3,8,1260
16.5,11,3,9,1264
16.5,11,3,10,1268
16.5,11,3,11,1272
16.5,11,3,12,1276
16.5,11,3,13,1279
16.5,11,3,14,1283
16.5,11,3,15,1287
16.5,11,4,0,1233
16.5,11,4,1,1237
16.5,11,4,2,1241
16.5,11,4,3,1245
16.5,11,4,4,1249
16.5,11,4,5,1253
16.5,11,4,6,1257
16.5,11,4,7,1260
16.5,11,4,8,1264
16.5,11,4,9,1268
16.5,11,4,10,1272
16.5,11,4,11,1276
16.5,11,4,12,1280
16.5,11,4,13,1284
16.5,11,4,14,1287
16.5,11,4,15,1291
16.5,11,5,0,1237
16.5,11,5,1,1241
16.5,11,5,2,1245
16.5,11,5,3,1249
16.5,11,5,4,1253
16.5,11,5,5,1257
16.5,11,5,6,1261
16.5,11,5,7,1265
16.5,11,5,8,1268
16.5,11,5,9,1272
16.5,11,5,10,1276
16.5,11,5,11,1280
16.5,11,5,12,1284
16.5,11,5,13,1288
16.5,11,5,14,1292
16.5,11,5,15,1295
16.5,11,6,0,1241
16.5,11,6,1,1245
16.5,11,6,2,1249
16.5,11,6,3,1253
16.5,11,6,4,1257
16.5,11,6,5,1261
16.5,11,6,6,1265
16.5,11,6,7,1269
16.5,11,6,8,1273
16.5,11,6,9,1276
16.5,11,6,10,1280
16.5,11,6,11,1284
16.5,11,6,12,1288
16.5,11,6,13,1292
16.5,11,6,14,1296
16.5,11,6,15,1300
16.5,11,7,0,1245
16.5,11,7,1,1249
16.5,11,7,2,1253
16.5,11,7,3,1257
16.5,11,7,4,1261
16.5,11,7,5,1265
16.5,11,7,6,1269
16.5,11,7,7,1273
16.5,11,7,8,1277
16.5,11,7,9,1281
16.5,11,7,10,1284
16.5,11,7,11,1288
16.5,11,7,12,1292
16.5,11,7,13,1296
16.5,11,7,14,1300
16.5,11,7,15,1304
16.5,11,8,0,1249
16.5,11,8,1,1253
16.5,11,8,2,1257
16.5,11,8,3,1261
16.5,11,8,4,1265
16.5,11,8,5,1269
16.5,11,8,6,1273
16.5,11,8,7,1277
16.5,11,8,8,1281
16.5,11,8,9,1285
16.5,11,8,10,1289
16.5,11,8,11,1292
16.5,11,8,12,1296
16.5,11,8,13,1300
16.5,11,8,14,1304
16.5,11,8,15,1308
16.5,11,9,0,1253
16.5,11,9,1,1257
16.5,11,9,2,1261
16.5,11,9,3,1265
16.5,11,9,4,1269
16.5,11,9,5,1273
16.5,11,9,6,1277
16.5,11,9,7,1281
16.5,11,9,8,1285
16.5,11,9,9,1289
16.5,11,9,10,1293
16.5,11,9,11,1297
16.5,11,9,12,1300
16.5,11,9,13,1304
16.5,11,9,14,1308
16.5,11,9,15,1312
16.5,11,10,0,1257
16.5,11,10,1,1261
16.5,11,10,2,1265
16.5,11,10,3,1269
16.5,11,10,4,1273
16.5,11,10,5,1277
16.5,11,10,6,1281
16.5,11,10,7,1285
16.5,11,10,8,1289
16.5,11,10,9,1293
16.5,11,10,10,1297
16.5,11,10,11,1301
16.5,11,10,12,1305
16.5,11,10,13,1308
16.5,11,10,14,1312
16.5,11,10,15,1316
16.5,11,11,0,1261
16.5,11,11,1,1265
16.5,11,11,2,1269
16.5,11,11,3,1273
16.5,11,11,4,1277
16.5,11,11,5,1281
16.5,11,11,6,1285
16.5,11,11,7,1289
16.5,11,11,8,1293
16.5,11,11,9,1297
16.5,11,11,10,1301
16.5,11,11,11,1305
16.5,11,11,12,1309
16.5,11,11,13,1313
16.5,11,11,14,1317
16.5,11,11,15,1320
16.5,11,12,0,1265
16.5,11,12,1,1269
16.5,11,12,2,1273
16.5,11,12,3,1277
16.5,11,12,4,1281
16.5,11,12,5,1285
16.5,11,12,6,1289
16.5,11,12,7,1293
16.5,11,12,8,1297
16.5,11,12,9,1301
16.5,11,12,10,1305
16.5,11,12,11,1309
16.5,11,12,12,1313
16.5,11,12,13,1317
16.5,11,12,14,1321
16.5,11,12,15,1325
16.5,11,13,0,1269
16.5,11,13,1,1273
16.5,11,13,2,1277
16.5,11,13,3,1281
16.5,11,13,4,1285
16.5,11,13,5,1289
16.5,11,13,6,1293
16.5,11,13,7,1297
16.5,11,13,8,1301
16.5,11,13,9,1305
16.5,11,13,10,1309
16.5,11,13,11,1313
16.5,11,13,12,1317
16.5,11,13,13,1321
16.5,11,13,14,1325
16.5,11,13,15,1329
16.5,11,14,0,1273
16.5,11,14,1,1277
16.5,11,14,2,1281
16.5,11,14,3,1285
16.5,11,14,4,1289
16.5,11,14,5,1293
16.5,11,14,6,1297
16.5,11,14,7,1301
16.5,11,14,8,1305
16.5,11,14,9,1309
16.5,11,14,10,1313
16.5,11,14,11,1317
16.5,11,14,12,1321
16.5,11,14,13,1325
16.5,11,14,14,1329
16.5,11,14,15,1333
16.5,11,15,0,1276
16.5,11,15,1,1281
16.5,11,15,2,1285
16.5,11,15,3,1289
16.5,11,15,4,1293
16.5,11,15,5,1297
16.5,11,15,6,1301
16.5,11,15,7,1305
16.5,11,15,8,1309
16.5,11,15,9,1313
16.5,11,15,10,1317
16.5,11,15,11,1321
16.5,11,15,12,1325
16.5,11,15,13,1329
16.5,11,15,14,1333
16.5,11,15,15,1337
16.5,12,0,0,1221
16.5,12,0,1,1225
16.5,12,0,2,1229
16.5,12,0,3,1233
16.5,12,0,4,1237
16.5,12,0,5,1241
16.5,12,0,6,1245
16.5,12,0,7,1248
16.5,12,0,8,1252
16.5,12,0,9,1256
16.5,12,0,10,1260
16.5,12,0,11,1264
16.5,12,0,12,1268
16.5,12,0,13,1271
16.5,12,0,14,1275
16.5,12,0,15,1279
16.5,12,1,0,1225
16.5,12,1,1,1229
16.5,12,1,2,1233
16.5,12,1,3,1237
16.5,12,1,4,1241
16.5,12,1,5,1245
16.5,12,1,6,1249
16.5,12,1,7,1253
16.5,12,1,8,1256
16.5,12,1,9,1260
16.5,12,1,10,1264
16.5,12,1,11,1268
16.5,12,1,12,1272
16.5,12,1,13,1276
16.5,12,1,14,1279
16.5,12,1,15,1283
16.5,12,2,0,1229
16.5,12,2,1,1233
16.5,12,2,2,1237
16.5,12,2,3,1241
16.5,12,2,4,1245
16.5,12,2,5,1249
16.5,12,2,6,1253
16.5,12,2,7,1257
16.5,12,2,8,1261
16.5,12,2,9,1264
16.5,12,2,10,1268
16.5,12,2,11,1272
16.5,12,2,12,1276
16.5,12,2,13,1280
16.5,12,2,14,1284
16.5,12,2,15,1287
16.5,12,3,0,1233
16.5,12,3,1,1237
16.5,12,3,2,1241
16.5,12,3,3,1245
16.5,12,3,4,1249
16.5,12,3,5,1253
16.5,12,3,6,1257
16.5,12,3,7,1261
16.5,12,3,8,1265
16.5,12,3,9,1269
16.5,12,3,10,1273
16.5,12,3,11,1276
16.5,12,3,12,1280
16.5,12,3,13,1284
16.5,12,3,14,1288
16.5,12,3,15,1292
16.5,12,4,0,1237
16.5,12,4,1,1241
16.5,12,4,2,1245
16.5,12,4,3,1249
16.5,12,4,4,1253
16.5,12,4,5,1257
16.5,12,4,6,1261
16.5,12,4,7,1265
16.5,12,4,8,1269
16.5,12,4,9,1273
16.5,12,4,10,1277
16.5,12,4,11,1281
16.5,12,4,12,1284
16.5,12,4,13,1288
16.5,12,4,14,1292
16.5,12,4,15,1296
16.5,12,5,0,1241
16.5,12,5,1,1245
16.5,12,5,2,1249
16.5,12,5,3,1253
16.5,12,5,4,1257
16.5,12,5,5,1261
16.5,12,5,6,1265
16.5,12,5,7,1269
16.5,12,5,8,1273
16.5,12,5,9,1277
16.5,12,5,10,1281
16.5,12,5,11,1285
16.5,12,5,12,1289
16.5,12,5,13,1292
16.5,12,5,14,1296
16.5,12,5,15,1300
16.5,12,6,0,1245
16.5,12,6,1,1249
16.5,12,6,2,1253
16.5,12,6,3,1257
16.5,12,6,4,1261
16.5,12,6,5,1265
16.5,12,6,6,1269
16.5,12,6,7,1273
16.5,12,6,8,1277
16.5,12,6,9,1281
16.5,12,6,10,1285
16.5,12,6,11,1289
16.5,12,6,12,1293
16.5,12,6,13,1297
16.5,12,6,14,1301
16.5,12,6,15,1304
16.5,12,7,0,1249
16.5,12,7,1,1254
16.5,12,7,2,1258
16.5,12,7,3,1262
16.5,12,7,4,1266
16.5,12,7,5,1269
16.5,12,7,6,1273
16.5,12,7,7,1277
16.5,12,7,8,1281
16.5,12,7,9,1285
16.5,12,7,10,1289
16.5,12,7,11,1293
16.5,12,7,12,1297
16.5,12,7,13,1301
16.5,12,7,14,1305
16.5,12,7,15,1309
16.5,12,8,0,1253
16.5,12,8,1,1258
16.5,12,8,2,1262
16.5,12,8,3,1266
16.5,12,8,4,1270
16.5,12,8,5,1274
16.5,12,8,6,1278
16.5,12,8,7,1281
16.5,12,8,8,1285
16.5,12,8,9,1289
16.5,12,8,10,1293
16.5,12,8,11,1297
16.5,12,8,12,1301
16.5,12,8,13,1305
16.5,12,8,14,1309
16.5,12,8,15,1313
16.5,12,9,0,1257
16.5,12,9,1,1262
16.5,12,9,2,1266
16.5,12,9,3,1270
16.5,12,9,4,1274
16.5,12,9,5,1278
16.5,12,9,6,1282
16.5,12,9,7,1286
16.5,12,9,8,1290
16.5,12,9,9,1293
16.5,12,9,10,1297
16.5,12,9,11,1301
16.5,12,9,12,1305
16.5,12,9,13,1309
16.5,12,9,14,1313
16.5,12,9,15,1317
16.5,12,10,0,1261
16.5,12,10,1,1266
16.5,12,10,2,1270
16.5,12,10,3,1274
16.5,12,10,4,1278
16.5,12,10,5,1282
16.5,12,10,6,1286
16.5,12,10,7,1290
16.5,12,10,8,1294
16.5,12,10,9,1298
16.5,12,10,10,1302
16.5,12,10,11,1305
16.5,12,10,12,1309
16.5,12,10,13,1313
16.5,12,10,14,1317
16.5,12,10,15,1321
16.5,12,11,0,1265
16.5,12,11,1,1269
16.5,12,11,2,1274
16.5,12,11,3,1278
16.5,12,11,4,1282
16.5,12,11,5,1286
16.5,12,11,6,1290
16.5,12,11,7,1294
16.5,12,11,8,1298
16.5,12,11,9,1302
16.5,12,11,10,1306
16.5,12,11,11,1310
16.5,12,11,12,1314
16.5,12,11,13,1317
16.5,12,11,14,1321
16.5,12,11,15,1325
16.5,12,12,0,1269
16.5,12,12,1,1273
16.5,12,12,2,1278
16.5,12,12,3,1282
16.5,12,12,4,1286
16.5,12,12,5,1290
16.5,12,12,6,1294
16.5,12,12,7,1298
16.5,12,12,8,1302
16.5,12,12,9,1306
16.5,12,12,10,1310
16.5,12,12,11,1314
16.5,12,12,12,1318
16.5,12,12,13,1322
16.5,12,12,14,1325
16.5,12,12,15,1329
16.5,12,13,0,1273
16.5,12,13,1,1277
16.5,12,13,2,1281
16.5,12,13,3,1286
16.5,12,13,4,1290
16.5,12,13,5,1294
16.5,12,13,6,1298
16.5,12,13,7,1302
16.5,12,13,8,1306
16.5,12,13,9,1310
16.5,12,13,10,1314
16.5,12,13,11,1318
16.5,12,13,12,1322
16.5,12,13,13,1326
16.5,12,13,14,1330
16.5,12,13,15,1334
16.5,12,14,0,1277
16.5,12,14,1,1281
16.5,12,14,2,1285
16.5,12,14,3,1290
16.5,12,14,4,1294
16.5,12,14,5,1298
16.5,12,14,6,1302
16.5,12,14,7,1306
16.5,12,14,8,1310
16.5,12,14,9,1314
16.5,12,14,10,1318
16.5,12,14,11,1322
16.5,12,14,12,1326
16.5,12,14,13,1330
16.5,12,14,14,1334
16.5,12,14,15,1338
16.5,12,15,0,1281
16.5,12,15,1,1285
16.5,12,15,2,1289
16.5,12,15,3,1293
16.5,12,15,4,1298
16.5,12,15,5,1302
16.5,12,15,6,1306
16.5,12,15,7,1310
16.5,12,15,8,1314
16.5,12,15,9,1318
16.5,12,15,10,1322
16.5,12,15,11,1326
16.5,12,15,12,1330
16.5,12,15,13,1334
16.5,12,15,14,1338
16.5,12,15,15,1342
16.5,13,0,0,1226
16.5,13,0,1,1230
16.5,13,0,2,1233
16.5,13,0,3,1237
16.5,13,0,4,1241
16.5,13,0,5,1245
16.5,13,0,6,1249
16.5,13,0,7,1253
16.5,13,0,8,1257
16.5,13,0,9,1261
16.5,13,0,10,1265
16.5,13,0,11,1268
16.5,13,0,12,1272
16.5,13,0,13,1276
16.5,13,0,14,1280
16.5,13,0,15,1284
16.5,13,1,0,1230
16.5,13,1,1,1234
16.5,13,1,2,1238
16.5,13,1,3,1242
16.5,13,1,4,1245
16.5,13,1,5,1249
16.5,13,1,6,1253
16.5,13,1,7,1257
16.5,13,1,8,1261
16.5,13,1,9,1265
16.5,13,1,10,1269
16.5,13,1,11,1273
16.5,13,1,12,1276
16.5,13,1,13,1280
16.5,13,1,14,1284
16.5,13,1,15,1288
16.5,13,2,0,1234
16.5,13,2,1,1238
16.5,13,2,2,1242
16.5,13,2,3,1246
16.5,13,2,4,1250
16.5,13,2,5,1254
16.5,13,2,6,1257
16.5,13,2,7,1261
16.5,13,2,8,1265
16.5,13,2,9,1269
16.5,13,2,10,1273
16.5,13,2,11,1277
16.5,13,2,12,1281
16.5,13,2,13,1285
16.5,13,2,14,1288
16.5,13,2,15,1292
16.5,13,3,0,1238
16.5,13,3,1,1242
16.5,13,3,2,1246
16.5,13,3,3,1250
16.5,13,3,4,1254
16.5,13,3,5,1258
16.5,13,3,6,1262
16.5,13,3,7,1266
16.5,13,3,8,1269
16.5,13,3,9,1273
16.5,13,3,10,1277
16.5,13,3,11,1281
16.5,13,3,12,1285
16.5,13,3,13,1289
16.5,13,3,14,1293
16.5,13,3,15,1296
16.5,13,4,0,1242
16.5,13,4,1,1246
16.5,13,4,2,1250
16.5,13,4,3,1254
16.5,13,4,4,1258
16.5,13,4,5,1262
16.5,13,4,6,1266
16.5,13,4,7,1270
16.5,13,4,8,1274
16.5,13,4,9,1278
16.5,13,4,10,1281
16.5,13,4,11,1285
16.5,13,4,12,1289
16.5,13,4,13,1293
16.5,13,4,14,1297
16.5,13,4,15,1301
16.5,13,5,0,1246
16.5,13,5,1,1250
16.5,13,5,2,1254
16.5,13,5,3,1258
16.5,13,5,4,1262
16.5,13,5,5,1266
16.5,13,5,6,1270
16.5,13,5,7,1274
16.5,13,5,8,1278
16.5,13,5,9,1282
16.5,13,5,10,1286
16.5,13,5,11,1289
16.5,13,5,12,1293
16.5,13,5,13,1297
16.5,13,5,14,1301
16.5,13,5,15,1305
16.5,13,6,0,1250
16.5,13,6,1,1254
16.5,13,6,2,1258
16.5,13,6,3,1262
16.5,13,6,4,1266
16.5,13,6,5,1270
16.5,13,6,6,1274
16.5,13,6,7,1278
16.5,13,6,8,1282
16.5,13,6,9,1286
16.5,13,6,10,1290
16.5,13,6,11,1294
16.5,13,6,12,1298
16.5,13,6,13,1301
16.5,13,6,14,1305
16.5,13,6,15,1309
16.5,13,7,0,1254
16.5,13,7,1,1258
16.5,13,7,2,1262
16.5,13,7,3,1266
16.5,13,7,4,1270
16.5,13,7,5,1274
16.5,13,7,6,1278
16.5,13,7,7,1282
16.5,13,7,8,1286
16.5,13,7,9,1290
16.5,13,7,10,1294
16.5,13,7,11,1298
16.5,13,7,12,1302
16.5,13,7,13,1306
16.5,13,7,14,1310
16.5,13,7,15,1313
16.5,13,8,0,1258
16.5,13,8,1,1262
16.5,13,8,2,1266
16.5,13,8,3,1270
16.5,13,8,4,1274
16.5,13,8,5,1278
16.5,13,8,6,1282
16.5,13,8,7,1286
16.5,13,8,8,1290
16.5,13,8,9,1294
16.5,13,8,10,1298
16.5,13,8,11,1302
16.5,13,8,12,1306
16.5,13,8,13,1310
16.5,13,8,14,1314
16.5,13,8,15,1318
16.5,13,9,0,1262
16.5,13,9,1,1266
16.5,13,9,2,1270
16.5,13,9,3,1274
16.5,13,9,4,1278
16.5,13,9,5,1282
16.5,13,9,6,1286
16.5,13,9,7,1290
16.5,13,9,8,1294
16.5,13,9,9,1298
16.5,13,9,10,1302
16.5,13,9,11,1306
16.5,13,9,12,1310
16.5,13,9,13,1314
16.5,13,9,14,1318
16.5,13,9,15,1322
16.5,13,10,0,1266
16.5,13,10,1,1270
16.5,13,10,2,1274
16.5,13,10,3,1278
16.5,13,10,4,1282
16.5,13,10,5,1286
16.5,13,10,6,1290
16.5,13,10,7,1294
16.5,13,10,8,1298
16.5,13,10,9,1302
16.5,13,10,10,1306
16.5,13,10,11,1310
16.5,13,10,12,1314
16.5,13,10,13,1318
16.5,13,10,14,1322
16.5,13,10,15,1326
16.5,13,11,0,1270
16.5,13,11,1,1274
16.5,13,11,2,1278
16.5,13,11,3,1282
16.5,13,11,4,1286
16.5,13,11,5,1290
16.5,13,11,6,1294
16.5,13,11,7,1298
16.5,13,11,8,1302
16.5,13,11,9,1306
16.5,13,11,10,1310
16.5,13,11,11,1314
16.5,13,11,12,1318
16.5,13,11,13,1322
16.5,13,11,14,1326
16.5,13,11,15,1330
16.5,13,12,0,1274
16.5,13,12,1,1278
16.5,13,12,2,1282
16.5,13,12,3,1286
16.5,13,12,4,1290
16.5,13,12,5,1294
16.5,13,12,6,1298
16.5,13,12,7,1302
16.5,13,12,8,1306
16.5,13,12,9,1310
16.5,13,12,10,1314
16.5,13,12,11,1318
16.5,13,12,12,1322
16.5,13,12,13,1326
16.5,13,12,14,1330
16.5,13,12,15,1334
16.5,13,13,0,1278
16.5,13,13,1,1282
16.5,13,13,2,1286
16.5,13,13,3,1290
16.5,13,13,4,1294
16.5,13,13,5,1298
16.5,13,13,6,1302
16.5,13,13,7,1307
16.5,13,13,8,1311
16.5,13,13,9,1315
16.5,13,13,10,1319
16.5,13,13,11,1323
16.5,13,13,12,1327
16.5,13,13,13,1331
16.5,13,13,14,1334
16.5,13,13,15,1338
16.5,13,14,0,1282
16.5,13,14,1,1286
16.5,13,14,2,1290
16.5,13,14,3,1294
16.5,13,14,4,1298
16.5,13,14,5,1302
16.5,13,14,6,1306
16.5,13,14,7,1311
16.5,13,14,8,1315
16.5,13,14,9,1319
16.5,13,14,10,1323
16.5,13,14,11,1327
16.5,13,14,12,1331
16.5,13,14,13,1335
16.5,13,14,14,1339
16.5,13,14,15,1343
16.5,13,15,0,1286
16.5,13,15,1,1290
16.5,13,15,2,1294
16.5,13,15,3,1298
16.5,13,15,4,1302
16.5,13,15,5,1306
16.5,13,15,6,1310
16.5,13,15,7,1315
16.5,13,15,8,1319
16.5,13,15,9,1323
16.5,13,15,10,1327
16.5,13,15,11,1331
16.5,13,15,12,1335
16.5,13,15,13,1339
16.5,13,15,14,1343
16.5,13,15,15,1347
16.5,14,0,0,1230
16.5,14,0,1,1234
16.5,14,0,2,1238
16.5,14,0,3,1242
16.5,14,0,4,1246
16.5,14,0,5,1250
16.5,14,0,6,1254
16.5,14,0,7,1258
16.5,14,0,8,1261
16.5,14,0,9,1265
16.5,14,0,10,1269
16.5,14,0,11,1273
16.5,14,0,12,1277
16.5,14,0,13,1281
16.5,14,0,14,1284
16.5,14,0,15,1288
16.5,14,1,0,1234
16.5,14,1,1,1238
16.5,14,1,2,1242
16.5,14,1,3,1246
16.5,14,1,4,1250
16.5,14,1,5,1254
16.5,14,1,6,1258
16.5,14,1,7,1262
16.5,14,1,8,1266
16.5,14,1,9,1270
16.5,14,1,10,1273
16.5,14,1,11,1277
16.5,14,1,12,1281
16.5,14,1,13,1285
16.5,14,1,14,1289
16.5,14,1,15,1293
16.5,14,2,0,1238
16.5,14,2,1,1242
16.5,14,2,2,1246
16.5,14,2,3,1250
16.5,14,2,4,1254
16.5,14,2,5,1258
16.5,14,2,6,1262
16.5,14,2,7,1266
16.5,14,2,8,1270
16.5,14,2,9,1274
16.5,14,2,10,1278
16.5,14,2,11,1282
16.5,14,2,12,1285
16.5,14,2,13,1289
16.5,14,2,14,1293
16.5,14,2,15,1297
16.5,14,3,0,1242
16.5,14,3,1,1246
16.5,14,3,2,1250
16.5,14,3,3,1254
16.5,14,3,4,1258
16.5,14,3,5,1262
16.5,14,3,6,1266
16.5,14,3,7,1270
16.5,14,3,8,1274
16.5,14,3,9,1278
16.5,14,3,10,1282
16.5,14,3,11,1286
16.5,14,3,12,1290
16.5,14,3,13,1293
16.5,14,3,14,1297
16.5,14,3,15,1301
16.5,14,4,0,1246
16.5,14,4,1,1251
16.5,14,4,2,1255
16.5,14,4,3,1258
16.5,14,4,4,1262
16.5,14,4,5,1266
16.5,14,4,6,1270
16.5,14,4,7,1274
16.5,14,4,8,1278
16.5,14,4,9,1282
16.5,14,4,10,1286
16.5,14,4,11,1290
16.5,14,4,12,1294
16.5,14,4,13,1298
16.5,14,4,14,1302
16.5,14,4,15,1305
16.5,14,5,0,1251
16.5,14,5,1,1255
16.5,14,5,2,1259
16.5,14,5,3,1263
16.5,14,5,4,1267
16.5,14,5,5,1271
16.5,14,5,6,1275
16.5,14,5,7,1278
16.5,14,5,8,1282
16.5,14,5,9,1286
16.5,14,5,10,1290
16.5,14,5,11,1294
16.5,14,5,12,1298
16.5,14,5,13,1302
16.5,14,5,14,1306
16.5,14,5,15,1310
16.5,14,6,0,1255
16.5,14,6,1,1259
16.5,14,6,2,1263
16.5,14,6,3,1267
16.5,14,6,4,1271
16.5,14,6,5,1275
16.5,14,6,6,1279
16.5,14,6,7,1283
16.5,14,6,8,1287
16.5,14,6,9,1291
16.5,14,6,10,1294
16.5,14,6,11,1298
16.5,14,6,12,1302
16.5,14,6,13,1306
16.5,14,6,14,1310
16.5,14,6,15,1314
16.5,14,7,0,1259
16.5,14,7,1,1263
16.5,14,7,2,1267
16.5,14,7,3,1271
16.5,14,7,4,1275
16.5,14,7,5,1279
16.5,14,7,6,1283
16.5,14,7,7,1287
16.5,14,7,8,1291
16.5,14,7,9,1295
16.5,14,7,10,1299
16.5,14,7,11,1303
16.5,14,7,12,1306
16.5,14,7,13,1310
16.5,14,7,14,1314
16.5,14,7,15,1318
16.5,14,8,0,1263
16.5,14,8,1,1267
16.5,14,8,2,1271
16.5,14,8,3,1275
16.5,14,8,4,1279
16.5,14,8,5,1283
16.5,14,8,6,1287
16.5,14,8,7,1291
16.5,14,8,8,1295
16.5,14,8,9,1299
16.5,14,8,10,1303
16.5,14,8,11,1307
16.5,14,8,12,1311
16.5,14,8,13,1315
16.5,14,8,14,1318
16.5,14,8,15,1322
16.5,14,9,0,1267
16.5,14,9,1,1271
16.5,14,9,2,1275
16.5,14,9,3,1279
16.5,14,9,4,1283
16.5,14,9,5,1287
16.5,14,9,6,1291
16.5,14,9,7,1295
16.5,14,9,8,1299
16.5,14,9,9,1303
16.5,14,9,10,1307
16.5,14,9,11,1311
16.5,14,9,12,1315
16.5,14,9,13,1319
16.5,14,9,14,1323
16.5,14,9,15,1327
16.5,14,10,0,1271
16.5,14,10,1,1275
16.5,14,10,2,1279
16.5,14,10,3,1283
16.5,14,10,4,1287
16.5,14,10,5,1291
16.5,14,10,6,1295
16.5,14,10,7,1299
16.5,14,10,8,1303
16.5,14,10,9,1307
16.5,14,10,10,1311
16.5,14,10,11,1315
16.5,14,10,12,1319
16.5,14,10,13,1323
16.5,14,10,14,1327
16.5,14,10,15,1331
16.5,14,11,0,1275
16.5,14,11,1,1279
16.5,14,11,2,1283
16.5,14,11,3,1287
16.5,14,11,4,1291
16.5,14,11,5,1295
16.5,14,11,6,1299
16.5,14,11,7,1303
16.5,14,11,8,1307
16.5,14,11,9,1311
16.5,14,11,10,1315
16.5,14,11,11,1319
16.5,14,11,12,1323
16.5,14,11,13,1327
16.5,14,11,14,1331
16.5,14,11,15,1335
16.5,14,12,0,1279
16.5,14,12,1,1283
16.5,14,12,2,1287
16.5,14,12,3,1291
16.5,14,12,4,1295
16.5,14,12,5,1299
16.5,14,12,6,1303
16.5,14,12,7,1307
16.5,14,12,8,1311
16.5,14,12,9,1315
16.5,14,12,10,1319
16.5,14,12,11,1323
16.5,14,12,12,1327
16.5,14,12,13,1331
16.5,14,12,14,1335
16.5,14,12,15,1339
16.5,14,13,0,1283
16.5,14,13,1,1287
16.5,14,13,2,1291
16.5,14,13,3,1295
16.5,14,13,4,1299
16.5,14,13,5,1303
16.5,14,13,6,1307
16.5,14,13,7,1311
16.5,14,13,8,1315
16.5,14,13,9,1319
16.5,14,13,10,1323
16.5,14,13,11,1327
16.5,14,13,12,1331
16.5,14,13,13,1335
16.5,14,13,14,1339
16.5,14,13,15,1343
16.5,14,14,0,1287
16.5,14,14,1,1291
16.5,14,14,2,1295
16.5,14,14,3,1299
16.5,14,14,4,1303
16.5,14,14,5,1307
16.5,14,14,6,1311
16.5,14,14,7,1315
16.5,14,14,8,1319
16.5,14,14,9,1323
16.5,14,14,10,1327
16.5,14,14,11,1331
16.5,14,14,12,1335
16.5,14,14,13,1339
16.5,14,14,14,1343
16.5,14,14,15,1347
16.5,14,15,0,1291
16.5,14,15,1,1295
16.5,14,15,2,1299
16.5,14,15,3,1303
16.5,14,15,4,1307
16.5,14,15,5,1311
16.5,14,15,6,1315
16.5,14,15,7,1319
16.5,14,15,8,1323
16.5,14,15,9,1327
16.5,14,15,10,1332
16.5,14,15,11,1336
16.5,14,15,12,1340
16.5,14,15,13,1344
16.5,14,15,14,1348
16.5,14,15,15,1352
16.5,15,0,0,1235
16.5,15,0,1,1239
16.5,15,0,2,1242
16.5,15,0,3,1246
16.5,15,0,4,1250
16.5,15,0,5,1254
16.5,15,0,6,1258
16.5,15,0,7,1262
16.5,15,0,8,1266
16.5,15,0,9,1270
16.5,15,0,10,1274
16.5,15,0,11,1278
16.5,15,0,12,1281
16.5,15,0,13,1285
16.5,15,0,14,1289
16.5,15,0,15,1293
16.5,15,1,0,1239
16.5,15,1,1,1243
16.5,15,1,2,1247
16.5,15,1,3,1251
16.5,15,1,4,1255
16.5,15,1,5,1259
16.5,15,1,6,1262
16.5,15,1,7,1266
16.5,15,1,8,1270
16.5,15,1,9,1274
16.5,15,1,10,1278
16.5,15,1,11,1282
16.5,15,1,12,1286
16.5,15,1,13,1290
16.5,15,1,14,1293
16.5,15,1,15,1297
16.5,15,2,0,1243
16.5,15,2,1,1247
16.5,15,2,2,1251
16.5,15,2,3,1255
16.5,15,2,4,1259
16.5,15,2,5,1263
16.5,15,2,6,1267
16.5,15,2,7,1271
16.5,15,2,8,1274
16.5,15,2,9,1278
16.5,15,2,10,1282
16.5,15,2,11,1286
16.5,15,2,12,1290
16.5,15,2,13,1294
16.5,15,2,14,1298
16.5,15,2,15,1302
16.5,15,3,0,1247
16.5,15,3,1,1251
16.5,15,3,2,1255
16.5,15,3,3,1259
16.5,15,3,4,1263
16.5,15,3,5,1267
16.5,15,3,6,1271
16.5,15,3,7,1275
16.5,15,3,8,1279
16.5,15,3,9,1283
16.5,15,3,10,1287
16.5,15,3,11,1290
16.5,15,3,12,1294
16.5,15,3,13,1298
16.5,15,3,14,1302
16.5,15,3,15,1306
16.5,15,4,0,1251
16.5,15,4,1,1255
16.5,15,4,2,1259
16.5,15,4,3,1263
16.5,15,4,4,1267
16.5,15,4,5,1271
16.5,15,4,6,1275
16.5,15,4,7,1279
16.5,15,4,8,1283
16.5,15,4,9,1287
16.5,15,4,10,1291
16.5,15,4,11,1295
16.5,15,4,12,1299
16.5,15,4,13,1302
16.5,15,4,14,1306
16.5,15,4,15,1310
16.5,15,5,0,1255
16.5,15,5,1,1259
16.5,15,5,2,1263
16.5,15,5,3,1267
16.5,15,5,4,1271
16.5,15,5,5,1275
16.5,15,5,6,1279
16.5,15,5,7,1283
16.5,15,5,8,1287
16.5,15,5,9,1291
16.5,15,5,10,1295
16.5,15,5,11,1299
16.5,15,5,12,1303
16.5,15,5,13,1307
16.5,15,5,14,1311
16.5,15,5,15,1314
16.5,15,6,0,1259
16.5,15,6,1,1263
16.5,15,6,2,1267
16.5,15,6,3,1271
16.5,15,6,4,1275
16.5,15,6,5,1279
16.5,15,6,6,1283
16.5,15,6,7,1287
16.5,15,6,8,1291
16.5,15,6,9,1295
16.5,15,6,10,1299
16.5,15,6,11,1303
16.5,15,6,12,1307
16.5,15,6,13,1311
16.5,15,6,14,1315
16.5,15,6,15,1319
16.5,15,7,0,1263
16.5,15,7,1,1267
16.5,15,7,2,1271
16.5,15,7,3,1275
16.5,15,7,4,1279
16.5,15,7,5,1283
16.5,15,7,6,1287
16.5,15,7,7,1291
16.5,15,7,8,1295
16.5,15,7,9,1299
16.5,15,7,10,1303
16.5,15,7,11,1307
16.5,15,7,12,1311
16.5,15,7,13,1315
16.5,15,7,14,1319
16.5,15,7,15,1323
16.5,15,8,0,1267
16.5,15,8,1,1271
16.5,15,8,2,1275
16.5,15,8,3,1279
16.5,15,8,4,1284
16.5,15,8,5,1288
16.5,15,8,6,1292
16.5,15,8,7,1296
16.5,15,8,8,1300
16.5,15,8,9,1304
16.5,15,8,10,1308
16.5,15,8,11,1311
16.5,15,8,12,1315
16.5,15,8,13,1319
16.5,15,8,14,1323
16.5,15,8,15,1327
16.5,15,9,0,1271
16.5,15,9,1,1275
16.5,15,9,2,1279
16.5,15,9,3,1284
16.5,15,9,4,1288
16.5,15,9,5,1292
16.5,15,9,6,1296
16.5,15,9,7,1300
16.5,15,9,8,1304
16.5,15,9,9,1308
16.5,15,9,10,1312
16.5,15,9,11,1316
16.5,15,9,12,1320
16.5,15,9,13,1324
16.5,15,9,14,1327
16.5,15,9,15,1331
16.5,15,10,0,1275
16.5,15,10,1,1279
16.5,15,10,2,1284
16.5,15,10,3,1288
16.5,15,10,4,1292
16.5,15,10,5,1296
16.5,15,10,6,1300
16.5,15,10,7,1304
16.5,15,10,8,1308
16.5,15,10,9,1312
16.5,15,10,10,1316
16.5,15,10,11,1320
16.5,15,10,12,1324
16.5,15,10,13,1328
16.5,15,10,14,1332
16.5,15,10,15,1336
16.5,15,11,0,1279
16.5,15,11,1,1283
16.5,15,11,2,1288
16.5,15,11,3,1292
16.5,15,11,4,1296
16.5,15,11,5,1300
16.5,15,11,6,1304
16.5,15,11,7,1308
16.5,15,11,8,1312
16.5,15,11,9,1316
16.5,15,11,10,1320
16.5,15,11,11,1324
16.5,15,11,12,1328
16.5,15,11,13,1332
16.5,15,11,14,1336
16.5,15,11,15,1340
16.5,15,12,0,1283
16.5,15,12,1,1287
16.5,15,12,2,1292
16.5,15,12,3,1296
16.5,15,12,4,1300
16.5,15,12,5,1304
16.5,15,12,6,1308
16.5,15,12,7,1312
16.5,15,12,8,1316
16.5,15,12,9,1320
16.5,15,12,10,1324
16.5,15,12,11,1328
16.5,15,12,12,1332
16.5,15,12,13,1336
16.5,15,12,14,1340
16.5,15,12,15,1344
16.5,15,13,0,1287
16.5,15,13,1,1291
16.5,15,13,2,1296
16.5,15,13,3,1300
16.5,15,13,4,1304
16.5,15,13,5,1308
16.5,15,13,6,1312
16.5,15,13,7,1316
16.5,15,13,8,1320
16.5,15,13,9,1324
16.5,15,13,10,1328
16.5,15,13,11,1332
16.5,15,13,12,1336
16.5,15,13,13,1340
16.5,15,13,14,1344
16.5,15,13,15,1348
16.5,15,14,0,1291
16.5,15,14,1,1295
16.5,15,14,2,1300
16.5,15,14,3,1304
16.5,15,14,4,1308
16.5,15,14,5,1312
16.5,15,14,6,1316
16.5,15,14,7,1320
16.5,15,14,8,1324
16.5,15,14,9,1328
16.5,15,14,10,1332
16.5,15,14,11,1336
16.5,15,14,12,1340
16.5,15,14,13,1344
16.5,15,14,14,1348
16.5,15,14,15,1352
16.5,15,15,0,1295
16.5,15,15,1,1299
16.5,15,15,2,1304
16.5,15,15,3,1308
16.5,15,15,4,1312
16.5,15,15,5,1316
16.5,15,15,6,1320
16.5,15,15,7,1324
16.5,15,15,8,1328
16.5,15,15,9,1332
16.5,15,15,10,1336
16.5,15,15,11,1340
16.5,15,15,12,1344
16.5,15,15,13,1348
16.5,15,15,14,1352
16.5,15,15,15,1356
17.0,0,0,0,1203
17.0,0,0,1,1207
17.0,0,0,2,1211
17.0,0,0,3,1214
17.0,0,0,4,1218
17.0,0,0,5,1222
17.0,0,0,6,1226
17.0,0,0,7,1230
17.0,0,0,8,1233
17.0,0,0,9,1237
17.0,0,0,10,1241
17.0,0,0,11,1245
17.0,0,0,12,1249
17.0,0,0,13,1252
17.0,0,0,14,1256
17.0,0,0,15,1260
17.0,0,1,0,1207
17.0,0,1,1,1211
17.0,0,1,2,1215
17.0,0,1,3,1218
17.0,0,1,4,1222
17.0,0,1,5,1226
17.0,0,1,6,1230
17.0,0,1,7,1234
17.0,0,1,8,1238
17.0,0,1,9,1241
17.0,0,1,10,1245
17.0,0,1,11,1249
17.0,0,1,12,1253
17.0,0,1,13,1256
17.0,0,1,14,1260
17.0,0,1,15,1264
17.0,0,2,0,1211
17.0,0,2,1,1215
17.0,0,2,2,1219
17.0,0,2,3,1223
17.0,0,2,4,1226
17.0,0,2,5,1230
17.0,0,2,6,1234
17.0,0,2,7,1238
17.0,0,2,8,1242
17.0,0,2,9,1246
17.0,0,2,10,1249
17.0,0,2,11,1253
17.0,0,2,12,1257
17.0,0,2,13,1261
17.0,0,2,14,1264
17.0,0,2,15,1268
17.0,0,3,0,1215
17.0,0,3,1,1219
17.0,0,3,2,1223
17.0,0,3,3,1227
17.0,0,3,4,1230
17.0,0,3,5,1234
17.0,0,3,6,1238
17.0,0,3,7,1242
17.0,0,3,8,1246
17.0,0,3,9,1250
17.0,0,3,10,1253
17.0,0,3,11,1257
17.0,0,3,12,1261
17.0,0,3,13,1265
17.0,0,3,14,1269
17.0,0,3,15,1272
17.0,0,4,0,1219
17.0,0,4,1,1223
17.0,0,4,2,1227
17.0,0,4,3,1231
17.0,0,4,4,1234
17.0,0,4,5,1238
17.0,0,4,6,1242
17.0,0,4,7,1246
17.0,0,4,8,1250
17.0,0,4,9,1254
17.0,0,4,10,1258
17.0,0,4,11,1261
17.0,0,4,12,1265
17.0,0,4,13,1269
17.0,0,4,14,1273
17.0,0,4,15,1276
17.0,0,5,0,1223
17.0,0,5,1,1227
17.0,0,5,2,1231
17.0,0,5,3,1235
17.0,0,5,4,1239
17.0,0,5,5,1242
17.0,0,5,6,1246
17.0,0,5,7,1250
17.0,0,5,8,1254
17.0,0,5,9,1258
17.0,0,5,10,1262
17.0,0,5,11,1265
17.0,0,5,12,1269
17.0,0,5,13,1273
17.0,0,5,14,1277
17.0,0,5,15,1281
17.0,0,6,0,1227
17.0,0,6,1,1231
17.0,0,6,2,1235
17.0,0,6,3,1239
17.0,0,6,4,1243
17.0,0,6,5,1246
17.0,0,6,6,1250
17.0,0,6,7,1254
17.0,0,6,8,1258
17.0,0,6,9,1262
17.0,0,6,10,1266
17.0,0,6,11,1270
17.0,0,6,12,1273
17.0,0,6,13,1277
17.0,0,6,14,1281
17.0,0,6,15,1285
17.0,0,7,0,1231
17.0,0,7,1,1235
17.0,0,7,2,1239
17.0,0,7,3,1243
17.0,0,7,4,1247
17.0,0,7,5,1250
17.0,0,7,6,1254
17.0,0,7,7,1258
17.0,0,7,8,1262
17.0,0,7,9,1266
17.0,0,7,10,1270
17.0,0,7,11,1274
17.0,0,7,12,1278
17.0,0,7,13,1281
17.0,0,7,14,1285
17.0,0,7,15,1289
17.0,0,8,0,1235
17.0,0,8,1,1239
17.0,0,8,2,1243
17.0,0,8,3,1247
17.0,0,8,4,1251
17.0,0,8,5,1254
17.0,0,8,6,1258
17.0,0,8,7,1262
17.0,0,8,8,1266
17.0,0,8,9,1270
17.0,0,8,10,1274
17.0,0,8,11,1278
17.0,0,8,12,1282
17.0,0,8,13,1285
17.0,0,8,14,1289
17.0,0,8,15,1293
17.0,0,9,0,1239
17.0,0,9,1,1243
17.0,0,9,2,1247
17.0,0,9,3,1251
17.0,0,9,4,1255
17.0,0,9,5,1258
17.0,0,9,6,1262
17.0,0,9,7,1266
17.0,0,9,8,1270
17.0,0,9,9,1274
17.0,0,9,10,1278
17.0,0,9,11,1282
17.0,0,9,12,1286
17.0,0,9,13,1290
17.0,0,9,14,1293
17.0,0,9,15,1297
17.0,0,10,0,1243
17.0,0,10,1,1247
17.0,0,10,2,1251
17.0,0,10,3,1255
17.0,0,10,4,1258
17.0,0,10,5,1262
17.0,0,10,6,1266
17.0,0,10,7,1270
17.0,0,10,8,1274
17.0,0,10,9,1278
17.0,0,10,10,1282
17.0,0,10,11,1286
17.0,0,10,12,1290
17.0,0,10,13,1294
17.0,0,10,14,1297
17.0,0,10,15,1301
17.0,0,11,0,1246
17.0,0,11,1,1250
17.0,0,11,2,1254
17.0,0,11,3,1258
17.0,0,11,4,1262
17.0,0,11,5,1266
17.0,0,11,6,1270
17.0,0,11,7,1274
17.0,0,11,8,1278
17.0,0,11,9,1282
17.0,0,11,10,1286
17.0,0,11,11,1290
17.0,0,11,12,1294
17.0,0,11,13,1298
17.0,0,11,14,1302
17.0,0,11,15,1305
17.0,0,12,0,1250
17.0,0,12,1,1254
17.0,0,12,2,1258
17.0,0,12,3,1262
17.0,0,12,4,1266
17.0,0,12,5,1270
17.0,0,12,6,1274
17.0,0,12,7,1278
17.0,0,12,8,1282
17.0,0,12,9,1286
17.0,0,12,10,1290
17.0,0,12,11,1294
17.0,0,12,12,1298
17.0,0,12,13,1302
17.0,0,12,14,1306
17.0,0,12,15,1309
17.0,0,13,0,1254
17.0,0,13,1,1258
17.0,0,13,2,1262
17.0,0,13,3,1266
17.0,0,13,4,1270
17.0,0,13,5,1274
17.0,0,13,6,1278
17.0,0,13,7,1282
17.0,0,13,8,1286
17.0,0,13,9,1290
17.0,0,13,10,1294
17.0,0,13,11,1298
17.0,0,13,12,1302
17.0,0,13,13,1306
17.0,0,13,14,1310
17.0,0,13,15,1314
17.0,0,14,0,1258
17.0,0,14,1,1262
17.0,0,14,2,1266
17.0,0,14,3,1270
17.0,0,14,4,1274
17.0,0,14,5,1278
17.0,0,14,6,1282
17.0,0,14,7,1286
17.0,0,14,8,1290
17.0,0,14,9,1294
17.0,0,14,10,1298
17.0,0,14,11,1302
17.0,0,14,12,1306
17.0,0,14,13,1310
17.0,0,14,14,1314
17.0,0,14,15,1318
17.0,0,15,0,1262
17.0,0,15,1,1266
17.0,0,15,2,1270
17.0,0,15,3,1274
17.0,0,15,4,1278
17.0,0,15,5,1282
17.0,0,15,6,1286
17.0,0,15,7,1290
17.0,0,15,8,1294
17.0,0,15,9,1298
17.0,0,15,10,1302
17.0,0,15,11,1306
17.0,0,15,12,1310
17.0,0,15,13,1314
17.0,0,15,14,1318
17.0,0,15,15,1322
17.0,1,0,0,1207
17.0,1,0,1,1211
17.0,1,0,2,1215
17.0,1,0,3,1219
17.0,1,0,4,1223
17.0,1,0,5,1227
17.0,1,0,6,1231
17.0,1,0,7,1234
17.0,1,0,8,1238
17.0,1,0,9,1242
17.0,1,0,10,1246
17.0,1,0,11,1250
17.0,1,0,12,1253
17.0,1,0,13,1257
17.0,1,0,14,1261
17.0,1,0,15,1265
17.0,1,1,0,1211
17.0,1,1,1,1215
17.0,1,1,2,1219
17.0,1,1,3,1223
17.0,1,1,4,1227
17.0,1,1,5,1231
17.0,1,1,6,1235
17.0,1,1,7,1239
17.0,1,1,8,1242
17.0,1,1,9,1246
17.0,1,1,10,1250
17.0,1,1,11,1254
17.0,1,1,12,1258
17.0,1,1,13,1261
17.0,1,1,14,1265
17.0,1,1,15,1269
17.0,1,2,0,1215
17.0,1,2,1,1219
17.0,1,2,2,1223
17.0,1,2,3,1227
17.0,1,2,4,1231
17.0,1,2,5,1235
17.0,1,2,6,1239
17.0,1,2,7,1243
17.0,1,2,8,1246
17.0,1,2,9,1250
17.0,1,2,10,1254
17.0,1,2,11,1258
17.0,1,2,12,1262
17.0,1,2,13,1265
17.0,1,2,14,1269
17.0,1,2,15,1273
17.0,1,3,0,1220
17.0,1,3,1,1223
17.0,1,3,2,1227
17.0,1,3,3,1231
17.0,1,3,4,1235
17.0,1,3,5,1239
17.0,1,3,6,1243
17.0,1,3,7,1247
17.0,1,3,8,1251
17.0,1,3,9,1254
17.0,1,3,10,1258
17.0,1,3,11,1262
17.0,1,3,12,1266
17.0,1,3,13,1270
17.0,1,3,14,1273
17.0,1,3,15,1277
17.0,1,4,0,1224
17.0,1,4,1,1227
17.0,1,4,2,1231
17.0,1,4,3,1235
17.0,1,4,4,1239
17.0,1,4,5,1243
17.0,1,4,6,1247
17.0,1,4,7,1251
17.0,1,4,8,1255
17.0,1,4,9,1259
17.0,1,4,10,1262
17.0,1,4,11,1266
17.0,1,4,12,1270
17.0,1,4,13,1274
17.0,1,4,14,1278
17.0,1,4,15,1281
17.0,1,5,0,1228
17.0,1,5,1,1231
17.0,1,5,2,1235
17.0,1,5,3,1239
17.0,1,5,4,1243
17.0,1,5,5,1247
17.0,1,5,6,1251
17.0,1,5,7,1255
17.0,1,5,8,1259
17.0,1,5,9,1263
17.0,1,5,10,1267
17.0,1,5,11,1270
17.0,1,5,12,1274
17.0,1,5,13,1278
17.0,1,5,14,1282
17.0,1,5,15,1286
17.0,1,6,0,1231
17.0,1,6,1,1235
17.0,1,6,2,1239
17.0,1,6,3,1243
17.0,1,6,4,1247
17.0,1,6,5,1251
17.0,1,6,6,1255
17.0,1,6,7,1259
17.0,1,6,8,1263
17.0,1,6,9,1267
17.0,1,6,10,1271
17.0,1,6,11,1274
17.0,1,6,12,1278
17.0,1,6,13,1282
17.0,1,6,14,1286
17.0,1,6,15,1290
17.0,1,7,0,1235
17.0,1,7,1,1239
17.0,1,7,2,1243
17.0,1,7,3,1247
17.0,1,7,4,1251
17.0,1,7,5,1255
17.0,1,7,6,1259
17.0,1,7,7,1263
17.0,1,7,8,1267
17.0,1,7,9,1271
17.0,1,7,10,1275
17.0,1,7,11,1279
17.0,1,7,12,1282
17.0,1,7,13,1286
17.0,1,7,14,1290
17.0,1,7,15,1294
17.0,1,8,0,1239
17.0,1,8,1,1243
17.0,1,8,2,1247
17.0,1,8,3,1251
17.0,1,8,4,1255
17.0,1,8,5,1259
17.0,1,8,6,1263
17.0,1,8,7,1267
17.0,1,8,8,1271
17.0,1,8,9,1275
17.0,1,8,10,1279
17.0,1,8,11,1283
17.0,1,8,12,1287
17.0,1,8,13,1290
17.0,1,8,14,1294
17.0,1,8,15,1298
17.0,1,9,0,1243
17.0,1,9,1,1247
17.0,1,9,2,1251
17.0,1,9,3,1255
17.0,1,9,4,1259
17.0,1,9,5,1263
17.0,1,9,6,1267
17.0,1,9,7,1271
17.0,1,9,8,1275
17.0,1,9,9,1279
17.0,1,9,10,1283
17.0,1,9,11,1287
17.0,1,9,12,1291
17.0,1,9,13,1294
17.0,1,9,14,1298
17.0,1,9,15,1302
17.0,1,10,0,1247
17.0,1,10,1,1251
17.0,1,10,2,1255
17.0,1,10,3,1259
17.0,1,10,4,1263
17.0,1,10,5,1267
17.0,1,10,6,1271
17.0,1,10,7,1275
17.0,1,10,8,1279
17.0,1,10,9,1283
17.0,1,10,10,1287
17.0,1,10,11,1291
17.0,1,10,12,1295
17.0,1,10,13,1299
17.0,1,10,14,1302
17.0,1,10,15,1306
17.0,1,11,0,1251
17.0,1,11,1,1255
17.0,1,11,2,1259
17.0,1,11,3,1263
17.0,1,11,4,1267
17.0,1,11,5,1271
17.0,1,11,6,1275
17.0,1,11,7,1279
17.0,1,11,8,1283
17.0,1,11,9,1287
17.0,1,11,10,1291
17.0,1,11,11,1295
17.0,1,11,12,1299
17.0,1,11,13,1303
17.0,1,11,14,1307
17.0,1,11,15,1310
17.0,1,12,0,1255
17.0,1,12,1,1259
17.0,1,12,2,1263
17.0,1,12,3,1267
17.0,1,12,4,1271
17.0,1,12,5,1275
17.0,1,12,6,1279
17.0,1,12,7,1283
17.0,1,12,8,1287
17.0,1,12,9,1291
17.0,1,12,10,1295
17.0,1,12,11,1299
17.0,1,12,12,1303
17.0,1,12,13,1307
17.0,1,12,14,1311
17.0,1,12,15,1314
17.0,1,13,0,1259
17.0,1,13,1,1263
17.0,1,13,2,1267
17.0,1,13,3,1271
17.0,1,13,4,1275
17.0,1,13,5,1279
17.0,1,13,6,1283
17.0,1,13,7,1287
17.0,1,13,8,1291
17.0,1,13,9,1295
17.0,1,13,10,1299
17.0,1,13,11,1303
17.0,1,13,12,1307
17.0,1,13,13,1311
17.0,1,13,14,1315
17.0,1,13,15,1319
17.0,1,14,0,1263
17.0,1,14,1,1267
17.0,1,14,2,1271
17.0,1,14,3,1275
17.0,1,14,4,1279
17.0,1,14,5,1283
17.0,1,14,6,1287
17.0,1,14,7,1291
17.0,1,14,8,1295
17.0,1,14,9,1299
17.0,1,14,10,1303
17.0,1,14,11,1307
17.0,1,14,12,1311
17.0,1,14,13,1315
17.0,1,14,14,1319
17.0,1,14,15,1323
17.0,1,15,0,1267
17.0,1,15,1,1271
17.0,1,15,2,1275
17.0,1,15,3,1279
17.0,1,15,4,1283
17.0,1,15,5,1287
17.0,1,15,6,1291
17.0,1,15,7,1295
17.0,1,15,8,1299
17.0,1,15,9,1303
17.0,1,15,10,1307
17.0,1,15,11,1311
17.0,1,15,12,1315
17.0,1,15,13,1319
17.0,1,15,14,1323
17.0,1,15,15,1327
17.0,2,0,0,1212
17.0,2,0,1,1216
17.0,2,0,2,1220
17.0,2,0,3,1224
17.0,2,0,4,1228
17.0,2,0,5,1231
17.0,2,0,6,1235
17.0,2,0,7,1239
17.0,2,0,8,1243
17.0,2,0,9,1247
17.0,2,0,10,1251
17.0,2,0,11,1254
17.0,2,0,12,1258
17.0,2,0,13,1262
17.0,2,0,14,1266
17.0,2,0,15,1269
17.0,2,1,0,1216
17.0,2,1,1,1220
17.0,2,1,2,1224
17.0,2,1,3,1228
17.0,2,1,4,1232
17.0,2,1,5,1236
17.0,2,1,6,1239
17.0,2,1,7,1243
17.0,2,1,8,1247
17.0,2,1,9,1251
17.0,2,1,10,1255
17.0,2,1,11,1259
17.0,2,1,12,1262
17.0,2,1,13,1266
17.0,2,1,14,1270
17.0,2,1,15,1274
17.0,2,2,0,1220
17.0,2,2,1,1224
17.0,2,2,2,1228
17.0,2,2,3,1232
17.0,2,2,4,1236
17.0,2,2,5,1240
17.0,2,2,6,1244
17.0,2,2,7,1247
17.0,2,2,8,1251
17.0,2,2,9,1255
17.0,2,2,10,1259
17.0,2,2,11,1263
17.0,2,2,12,1267
17.0,2,2,13,1270
17.0,2,2,14,1274
17.0,2,2,15,1278
17.0,2,3,0,1224
17.0,2,3,1,1228
17.0,2,3,2,1232
17.0,2,3,3,1236
17.0,2,3,4,1240
17.0,2,3,5,1244
17.0,2,3,6,1248
17.0,2,3,7,1252
17.0,2,3,8,1255
17.0,2,3,9,1259
17.0,2,3,10,1263
17.0,2,3,11,1267
17.0,2,3,12,1271
17.0,2,3,13,1274
17.0,2,3,14,1278
17.0,2,3,15,1282
17.0,2,4,0,1228
17.0,2,4,1,1232
17.0,2,4,2,1236
17.0,2,4,3,1240
17.0,2,4,4,1244
17.0,2,4,5,1248
17.0,2,4,6,1252
17.0,2,4,7,1256
17.0,2,4,8,1260
17.0,2,4,9,1263
17.0,2,4,10,1267
17.0,2,4,11,1271
17.0,2,4,12,1275
17.0,2,4,13,1279
17.0,2,4,14,1282
17.0,2,4,15,1286
17.0,2,5,0,1232
17.0,2,5,1,1236
17.0,2,5,2,1240
17.0,2,5,3,1244
17.0,2,5,4,1248
17.0,2,5,5,1252
17.0,2,5,6,1256
17.0,2,5,7,1260
17.0,2,5,8,1264
17.0,2,5,9,1267
17.0,2,5,10,1271
17.0,2,5,11,1275
17.0,2,5,12,1279
17.0,2,5,13,1283
17.0,2,5,14,1287
17.0,2,5,15,1290
17.0,2,6,0,1236
17.0,2,6,1,1240
17.0,2,6,2,1244
17.0,2,6,3,1248
17.0,2,6,4,1252
17.0,2,6,5,1256
17.0,2,6,6,1260
17.0,2,6,7,1264
17.0,2,6,8,1268
17.0,2,6,9,1272
17.0,2,6,10,1275
17.0,2,6,11,1279
17.0,2,6,12,1283
17.0,2,6,13,1287
17.0,2,6,14,1291
17.0,2,6,15,1295
17.0,2,7,0,1240
17.0,2,7,1,1244
17.0,2,7,2,1248
17.0,2,7,3,1252
17.0,2,7,4,1256
17.0,2,7,5,1260
17.0,2,7,6,1264
17.0,2,7,7,1268
17.0,2,7,8,1272
17.0,2,7,9,1276
17.0,2,7,10,1280
17.0,2,7,11,1283
17.0,2,7,12,1287
17.0,2,7,13,1291
17.0,2,7,14,1295
17.0,2,7,15,1299
17.0,2,8,0,1244
17.0,2,8,1,1248
17.0,2,8,2,1252
17.0,2,8,3,1256
17.0,2,8,4,1260
17.0,2,8,5,1264
17.0,2,8,6,1268
17.0,2,8,7,1272
17.0,2,8,8,1276
17.0,2,8,9,1280
17.0,2,8,10,1284
17.0,2,8,11,1288
17.0,2,8,12,1291
17.0,2,8,13,1295
17.0,2,8,14,1299
17.0,2,8,15,1303
17.0,2,9,0,1248
17.0,2,9,1,1252
17.0,2,9,2,1256
17.0,2,9,3,1260
17.0,2,9,4,1264
17.0,2,9,5,1268
17.0,2,9,6,1272
17.0,2,9,7,1276
17.0,2,9,8,1280
17.0,2,9,9,1284
17.0,2,9,10,1288
17.0,2,9,11,1292
17.0,2,9,12,1296
17.0,2,9,13,1299
17.0,2,9,14,1303
17.0,2,9,15,1307
17.0,2,10,0,1252
17.0,2,10,1,1256
17.0,2,10,2,1260
17.0,2,10,3,1264
17.0,2,10,4,1268
17.0,2,10,5,1272
17.0,2,10,6,1276
17.0,2,10,7,1280
17.0,2,10,8,1284
17.0,2,10,9,1288
17.0,2,10,10,1292
17.0,2,10,11,1296
17.0,2,10,12,1300
17.0,2,10,13,1304
17.0,2,10,14,1307
17.0,2,10,15,1311
17.0,2,11,0,1256
17.0,2,11,1,1260
17.0,2,11,2,1264
17.0,2,11,3,1268
17.0,2,11,4,1272
17.0,2,11,5,1276
17.0,2,11,6,1280
17.0,2,11,7,1284
17.0,2,11,8,1288
17.0,2,11,9,1292
17.0,2,11,10,1296
17.0,2,11,11,1300
17.0,2,11,12,1304
17.0,2,11,13,1308
17.0,2,11,14,1312
17.0,2,11,15,1315
17.0,2,12,0,1260
17.0,2,12,1,1264
17.0,2,12,2,1268
17.0,2,12,3,1272
17.0,2,12,4,1276
17.0,2,12,5,1280
17.0,2,12,6,1284
17.0,2,12,7,1288
17.0,2,12,8,1292
17.0,2,12,9,1296
17.0,2,12,10,1300
17.0,2,12,11,1304
17.0,2,12,12,1308
17.0,2,12,13,1312
17.0,2,12,14,1316
17.0,2,12,15,1319
17.0,2,13,0,1264
17.0,2,13,1,1268
17.0,2,13,2,1272
17.0,2,13,3,1276
17.0,2,13,4,1280
17.0,2,13,5,1284
17.0,2,13,6,1288
17.0,2,13,7,1292
17.0,2,13,8,1296
17.0,2,13,9,1300
17.0,2,13,10,1304
17.0,2,13,11,1308
17.0,2,13,12,1312
17.0,2,13,13,1316
17.0,2,13,14,1320
17.0,2,13,15,1324
17.0,2,14,0,1268
17.0,2,14,1,1272
17.0,2,14,2,1276
17.0,2,14,3,1280
17.0,2,14,4,1284
17.0,2,14,5,1288
17.0,2,14,6,1292
17.0,2,14,7,1296
17.0,2,14,8,1300
17.0,2,14,9,1304
17.0,2,14,10,1308
17.0,2,14,11,1312
17.0,2,14,12,1316
17.0,2,14,13,1320
17.0,2,14,14,1324
17.0,2,14,15,1328
17.0,2,15,0,1272
17.0,2,15,1,1276
17.0,2,15,2,1280
17.0,2,15,3,1284
17.0,2,15,4,1288
17.0,2,15,5,1292
17.0,2,15,6,1296
17.0,2,15,7,1300
17.0,2,15,8,1304
17.0,2,15,9,1308
17.0,2,15,10,1312
17.0,2,15,11,1316
17.0,2,15,12,1320
17.0,2,15,13,1324
17.0,2,15,14,1328
17.0,2,15,15,1332
17.0,3,0,0,1217
17.0,3,0,1,1221
17.0,3,0,2,1224
17.0,3,0,3,1228
17.0,3,0,4,1232
17.0,3,0,5,1236
17.0,3,0,6,1240
17.0,3,0,7,1244
17.0,3,0,8,1248
17.0,3,0,9,1251
17.0,3,0,10,1255
17.0,3,0,11,1259
17.0,3,0,12,1263
17.0,3,0,13,1267
17.0,3,0,14,1270
17.0,3,0,15,1274
17.0,3,1,0,1221
17.0,3,1,1,1225
17.0,3,1,2,1229
17.0,3,1,3,1232
17.0,3,1,4,1236
17.0,3,1,5,1240
17.0,3,1,6,1244
17.0,3,1,7,1248
17.0,3,1,8,1252
17.0,3,1,9,1256
17.0,3,1,10,1259
17.0,3,1,11,1263
17.0,3,1,12,1267
17.0,3,1,13,1271
17.0,3,1,14,1275
17.0,3,1,15,1278
17.0,3,2,0,1225
17.0,3,2,1,1229
17.0,3,2,2,1233
17.0,3,2,3,1237
17.0,3,2,4,1240
17.0,3,2,5,1244
17.0,3,2,6,1248
17.0,3,2,7,1252
17.0,3,2,8,1256
17.0,3,2,9,1260
17.0,3,2,10,1264
17.0,3,2,11,1268
17.0,3,2,12,1271
17.0,3,2,13,1275
17.0,3,2,14,1279
17.0,3,2,15,1283
17.0,3,3,0,1229
17.0,3,3,1,1233
17.0,3,3,2,1237
17.0,3,3,3,1241
17.0,3,3,4,1245
17.0,3,3,5,1248
17.0,3,3,6,1252
17.0,3,3,7,1256
17.0,3,3,8,1260
17.0,3,3,9,1264
17.0,3,3,10,1268
17.0,3,3,11,1272
17.0,3,3,12,1276
17.0,3,3,13,1279
17.0,3,3,14,1283
17.0,3,3,15,1287
17.0,3,4,0,1233
17.0,3,4,1,1237
17.0,3,4,2,1241
17.0,3,4,3,1245
17.0,3,4,4,1249
17.0,3,4,5,1253
17.0,3,4,6,1257
17.0,3,4,7,1260
17.0,3,4,8,1264
17.0,3,4,9,1268
17.0,3,4,10,1272
17.0,3,4,11,1276
17.0,3,4,12,1280
17.0,3,4,13,1284
17.0,3,4,14,1287
17.0,3,4,15,1291
17.0,3,5,0,1237
17.0,3,5,1,1241
17.0,3,5,2,1245
17.0,3,5,3,1249
17.0,3,5,4,1253
17.0,3,5,5,1257
17.0,3,5,6,1261
17.0,3,5,7,1265
17.0,3,5,8,1268
17.0,3,5,9,1272
17.0,3,5,10,1276
17.0,3,5,11,1280
17.0,3,5,12,1284
17.0,3,5,13,1288
17.0,3,5,14,1292
17.0,3,5,15,1295
17.0,3,6,0,1241
17.0,3,6,1,1245
17.0,3,6,2,1249
17.0,3,6,3,1253
17.0,3,6,4,1257
17.0,3,6,5,1261
17.0,3,6,6,1265
17.0,3,6,7,1269
17.0,3,6,8,1273
17.0,3,6,9,1276
17.0,3,6,10,1280
17.0,3,6,11,1284
17.0,3,6,12,1288
17.0,3,6,13,1292
17.0,3,6,14,1296
17.0,3,6,15,1300
17.0,3,7,0,1245
17.0,3,7,1,1249
17.0,3,7,2,1253
17.0,3,7,3,1257
17.0,3,7,4,1261
17.0,3,7,5,1265
17.0,3,7,6,1269
17.0,3,7,7,1273
17.0,3,7,8,1277
17.0,3,7,9,1281
17.0,3,7,10,1284
17.0,3,7,11,1288
17.0,3,7,12,1292
17.0,3,7,13,1296
17.0,3,7,14,1300
17.0,3,7,15,1304
17.0,3,8,0,1249
17.0,3,8,1,1253
17.0,3,8,2,1257
17.0,3,8,3,1261
17.0,3,8,4,1265
17.0,3,8,5,1269
17.0,3,8,6,1273
17.0,3,8,7,1277
17.0,3,8,8,1281
17.0,3,8,9,1285
17.0,3,8,10,1289
17.0,3,8,11,1292
17.0,3,8,12,1296
17.0,3,8,13,1300
17.0,3,8,14,1304
17.0,3,8,15,1308
17.0,3,9,0,1253
17.0,3,9,1,1257
17.0,3,9,2,1261
17.0,3,9,3,1265
17.0,3,9,4,1269
17.0,3,9,5,1273
17.0,3,9,6,1277
17.0,3,9,7,1281
17.0,3,9,8,1285
17.0,3,9,9,1289
17.0,3,9,10,1293
17.0,3,9,11,1297
17.0,3,9,12,1300
17.0,3,9,13,1304
17.0,3,9,14,1308
17.0,3,9,15,1312
17.0,3,10,0,1257
17.0,3,10,1,1261
17.0,3,10,2,1265
17.0,3,10,3,1269
17.0,3,10,4,1273
17.0,3,10,5,1277
17.0,3,10,6,1281
17.0,3,10,7,1285
17.0,3,10,8,1289
17.0,3,10,9,1293
17.0,3,10,10,1297
17.0,3,10,11,1301
17.0,3,10,12,1305
17.0,3,10,13,1308
17.0,3,10,14,1312
17.0,3,10,15,1316
17.0,3,11,0,1261
17.0,3,11,1,1265
17.0,3,11,2,1269
17.0,3,11,3,1273
17.0,3,11,4,1277
17.0,3,11,5,1281
17.0,3,11,6,1285
17.0,3,11,7,1289
17.0,3,11,8,1293
17.0,3,11,9,1297
17.0,3,11,10,1301
17.0,3,11,11,1305
17.0,3,11,12,1309
17.0,3,11,13,1313
17.0,3,11,14,1316
17.0,3,11,15,1320
17.0,3,12,0,1265
17.0,3,12,1,1269
17.0,3,12,2,1273
17.0,3,12,3,1277
17.0,3,12,4,1281
17.0,3,12,5,1285
17.0,3,12,6,1289
17.0,3,12,7,1293
17.0,3,12,8,1297
17.0,3,12,9,1301
17.0,3,12,10,1305
17.0,3,12,11,1309
17.0,3,12,12,1313
17.0,3,12,13,1317
17.0,3,12,14,1321
17.0,3,12,15,1325
17.0,3,13,0,1269
17.0,3,13,1,1273
17.0,3,13,2,1277
17.0,3,13,3,1281
17.0,3,13,4,1285
17.0,3,13,5,1289
17.0,3,13,6,1293
17.0,3,13,7,1297
17.0,3,13,8,1301
17.0,3,13,9,1305
17.0,3,13,10,1309
17.0,3,13,11,1313
17.0,3,13,12,1317
17.0,3,13,13,1321
17.0,3,13,14,1325
17.0,3,13,15,1329
17.0,3,14,0,1273
17.0,3,14,1,1277
17.0,3,14,2,1281
17.0,3,14,3,1285
17.0,3,14,4,1289
17.0,3,14,5,1293
17.0,3,14,6,1297
17.0,3,14,7,1301
17.0,3,14,8,1305
17.0,3,14,9,1309
17.0,3,14,10,1313
17.0,3,14,11,1317
17.0,3,14,12,1321
17.0,3,14,13,1325
17.0,3,14,14,1329
17.0,3,14,15,1333
17.0,3,15,0,1276
17.0,3,15,1,1281
17.0,3,15,2,1285
17.0,3,15,3,1289
17.0,3,15,4,1293
17.0,3,15,5,1297
17.0,3,15,6,1301
17.0,3,15,7,1305
17.0,3,15,8,1309
17.0,3,15,9,1313
17.0,3,15,10,1317
17.0,3,15,11,1321
17.0,3,15,12,1325
17.0,3,15,13,1329
17.0,3,15,14,1333
17.0,3,15,15,1337
17.0,4,0,0,1221
17.0,4,0,1,1225
17.0,4,0,2,1229
17.0,4,0,3,1233
17.0,4,0,4,1237
17.0,4,0,5,1241
17.0,4,0,6,1245
17.0,4,0,7,1249
17.0,4,0,8,1252
17.0,4,0,9,1256
17.0,4,0,10,1260
17.0,4,0,11,1264
17.0,4,0,12,1268
17.0,4,0,13,1271
17.0,4,0,14,1275
17.0,4,0,15,1279
17.0,4,1,0,1225
17.0,4,1,1,1229
17.0,4,1,2,1233
17.0,4,1,3,1237
17.0,4,1,4,1241
17.0,4,1,5,1245
17.0,4,1,6,1249
17.0,4,1,7,1253
17.0,4,1,8,1257
17.0,4,1,9,1260
17.0,4,1,10,1264
17.0,4,1,11,1268
17.0,4,1,12,1272
17.0,4,1,13,1276
17.0,4,1,14,1280
17.0,4,1,15,1283
17.0,4,2,0,1229
17.0,4,2,1,1233
17.0,4,2,2,1237
17.0,4,2,3,1241
17.0,4,2,4,1245
17.0,4,2,5,1249
17.0,4,2,6,1253
17.0,4,2,7,1257
17.0,4,2,8,1261
17.0,4,2,9,1265
17.0,4,2,10,1268
17.0,4,2,11,1272
17.0,4,2,12,1276
17.0,4,2,13,1280
17.0,4,2,14,1284
17.0,4,2,15,1288
17.0,4,3,0,1233
17.0,4,3,1,1237
17.0,4,3,2,1241
17.0,4,3,3,1245
17.0,4,3,4,1249
17.0,4,3,5,1253
17.0,4,3,6,1257
17.0,4,3,7,1261
17.0,4,3,8,1265
17.0,4,3,9,1269
17.0,4,3,10,1273
17.0,4,3,11,1277
17.0,4,3,12,1280
17.0,4,3,13,1284
17.0,4,3,14,1288
17.0,4,3,15,1292
17.0,4,4,0,1238
17.0,4,4,1,1242
17.0,4,4,2,1245
17.0,4,4,3,1249
17.0,4,4,4,1253
17.0,4,4,5,1257
17.0,4,4,6,1261
17.0,4,4,7,1265
17.0,4,4,8,1269
17.0,4,4,9,1273
17.0,4,4,10,1277
17.0,4,4,11,1281
17.0,4,4,12,1285
17.0,4,4,13,1288
17.0,4,4,14,1292
17.0,4,4,15,1296
17.0,4,5,0,1242
17.0,4,5,1,1246
17.0,4,5,2,1250
17.0,4,5,3,1254
17.0,4,5,4,1258
17.0,4,5,5,1261
17.0,4,5,6,1265
17.0,4,5,7,1269
17.0,4,5,8,1273
17.0,4,5,9,1277
17.0,4,5,10,1281
17.0,4,5,11,1285
17.0,4,5,12,1289
17.0,4,5,13,1293
17.0,4,5,14,1296
17.0,4,5,15,1300
17.0,4,6,0,1246
17.0,4,6,1,1250
17.0,4,6,2,1254
17.0,4,6,3,1258
17.0,4,6,4,1262
17.0,4,6,5,1266
17.0,4,6,6,1269
17.0,4,6,7,1273
17.0,4,6,8,1277
17.0,4,6,9,1281
17.0,4,6,10,1285
17.0,4,6,11,1289
17.0,4,6,12,1293
17.0,4,6,13,1297
17.0,4,6,14,1301
17.0,4,6,15,1305
17.0,4,7,0,1250
17.0,4,7,1,1254
17.0,4,7,2,1258
17.0,4,7,3,1262
17.0,4,7,4,1266
17.0,4,7,5,1270
17.0,4,7,6,1274
17.0,4,7,7,1278
17.0,4,7,8,1281
17.0,4,7,9,1285
17.0,4,7,10,1289
17.0,4,7,11,1293
17.0,4,7,12,1297
17.0,4,7,13,1301
17.0,4,7,14,1305
17.0,4,7,15,1309
17.0,4,8,0,1254
17.0,4,8,1,1258
17.0,4,8,2,1262
17.0,4,8,3,1266
17.0,4,8,4,1270
17.0,4,8,5,1274
17.0,4,8,6,1278
17.0,4,8,7,1282
17.0,4,8,8,1286
17.0,4,8,9,1290
17.0,4,8,10,1293
17.0,4,8,11,1297
17.0,4,8,12,1301
17.0,4,8,13,1305
17.0,4,8,14,1309
17.0,4,8,15,1313
17.0,4,9,0,1258
17.0,4,9,1,1262
17.0,4,9,2,1266
17.0,4,9,3,1270
17.0,4,9,4,1274
17.0,4,9,5,1278
17.0,4,9,6,1282
17.0,4,9,7,1286
17.0,4,9,8,1290
17.0,4,9,9,1294
17.0,4,9,10,1298
17.0,4,9,11,1301
17.0,4,9,12,1305
17.0,4,9,13,1309
17.0,4,9,14,1313
17.0,4,9,15,1317
17.0,4,10,0,1262
17.0,4,10,1,1266
17.0,4,10,2,1270
17.0,4,10,3,1274
17.0,4,10,4,1278
17.0,4,10,5,1282
17.0,4,10,6,1286
17.0,4,10,7,1290
17.0,4,10,8,1294
17.0,4,10,9,1298
17.0,4,10,10,1302
17.0,4,10,11,1306
17.0,4,10,12,1310
17.0,4,10,13,1313
17.0,4,10,14,1317
17.0,4,10,15,1321
17.0,4,11,0,1266
17.0,4,11,1,1270
17.0,4,11,2,1274
17.0,4,11,3,1278
17.0,4,11,4,1282
17.0,4,11,5,1286
17.0,4,11,6,1290
17.0,4,11,7,1294
17.0,4,11,8,1298
17.0,4,11,9,1302
17.0,4,11,10,1306
17.0,4,11,11,1310
17.0,4,11,12,1314
17.0,4,11,13,1318
17.0,4,11,14,1321
17.0,4,11,15,1325
17.0,4,12,0,1269
17.0,4,12,1,1274
17.0,4,12,2,1278
17.0,4,12,3,1282
17.0,4,12,4,1286
17.0,4,12,5,1290
17.0,4,12,6,1294
17.0,4,12,7,1298
17.0,4,12,8,1302
17.0,4,12,9,1306
17.0,4,12,10,1310
17.0,4,12,11,1314
17.0,4,12,12,1318
17.0,4,12,13,1322
17.0,4,12,14,1326
17.0,4,12,15,1330
17.0,4,13,0,1273
17.0,4,13,1,1278
17.0,4,13,2,1282
17.0,4,13,3,1286
17.0,4,13,4,1290
17.0,4,13,5,1294
17.0,4,13,6,1298
17.0,4,13,7,1302
17.0,4,13,8,1306
17.0,4,13,9,1310
17.0,4,13,10,1314
17.0,4,13,11,1318
17.0,4,13,12,1322
17.0,4,13,13,1326
17.0,4,13,14,1330
17.0,4,13,15,1334
17.0,4,14,0,1277
17.0,4,14,1,1281
17.0,4,14,2,1286
17.0,4,14,3,1290
17.0,4,14,4,1294
17.0,4,14,5,1298
17.0,4,14,6,1302
17.0,4,14,7,1306
17.0,4,14,8,1310
17.0,4,14,9,1314
17.0,4,14,10,1318
17.0,4,14,11,1322
17.0,4,14,12,1326
17.0,4,14,13,1330
17.0,4,14,14,1334
17.0,4,14,15,1338
17.0,4,15,0,1281
17.0,4,15,1,1285
17.0,4,15,2,1290
17.0,4,15,3,1294
17.0,4,15,4,1298
17.0,4,15,5,1302
17.0,4,15,6,1306
17.0,4,15,7,1310
17.0,4,15,8,1314
17.0,4,15,9,1318
17.0,4,15,10,1322
17.0,4,15,11,1326
17.0,4,15,12,1330
17.0,4,15,13,1334
17.0,4,15,14,1338
17.0,4,15,15,1342
17.0,5,0,0,1226
17.0,5,0,1,1230
17.0,5,0,2,1234
17.0,5,0,3,1238
17.0,5,0,4,1242
17.0,5,0,5,1245
17.0,5,0,6,1249
17.0,5,0,7,1253
17.0,5,0,8,1257
17.0,5,0,9,1261
17.0,5,0,10,1265
17.0,5,0,11,1269
17.0,5,0,12,1272
17.0,5,0,13,1276
17.0,5,0,14,1280
17.0,5,0,15,1284
17.0,5,1,0,1230
17.0,5,1,1,1234
17.0,5,1,2,1238
17.0,5,1,3,1242
17.0,5,1,4,1246
17.0,5,1,5,1250
17.0,5,1,6,1254
17.0,5,1,7,1257
17.0,5,1,8,1261
17.0,5,1,9,1265
17.0,5,1,10,1269
17.0,5,1,11,1273
17.0,5,1,12,1277
17.0,5,1,13,1281
17.0,5,1,14,1284
17.0,5,1,15,1288
17.0,5,2,0,1234
17.0,5,2,1,1238
17.0,5,2,2,1242
17.0,5,2,3,1246
17.0,5,2,4,1250
17.0,5,2,5,1254
17.0,5,2,6,1258
17.0,5,2,7,1262
17.0,5,2,8,1266
17.0,5,2,9,1269
17.0,5,2,10,1273
17.0,5,2,11,1277
17.0,5,2,12,1281
17.0,5,2,13,1285
17.0,5,2,14,1289
17.0,5,2,15,1292
17.0,5,3,0,1238
17.0,5,3,1,1242
17.0,5,3,2,1246
17.0,5,3,3,1250
17.0,5,3,4,1254
17.0,5,3,5,1258
17.0,5,3,6,1262
17.0,5,3,7,1266
17.0,5,3,8,1270
17.0,5,3,9,1274
17.0,5,3,10,1277
17.0,5,3,11,1281
17.0,5,3,12,1285
17.0,5,3,13,1289
17.0,5,3,14,1293
17.0,5,3,15,1297
17.0,5,4,0,1242
17.0,5,4,1,1246
17.0,5,4,2,1250
17.0,5,4,3,1254
17.0,5,4,4,1258
17.0,5,4,5,1262
17.0,5,4,6,1266
17.0,5,4,7,1270
17.0,5,4,8,1274
17.0,5,4,9,1278
17.0,5,4,10,1282
17.0,5,4,11,1286
17.0,5,4,12,1289
17.0,5,4,13,1293
17.0,5,4,14,1297
17.0,5,4,15,1301
17.0,5,5,0,1246
17.0,5,5,1,1250
17.0,5,5,2,1254
17.0,5,5,3,1258
17.0,5,5,4,1262
17.0,5,5,5,1266
17.0,5,5,6,1270
17.0,5,5,7,1274
17.0,5,5,8,1278
17.0,5,5,9,1282
17.0,5,5,10,1286
17.0,5,5,11,1290
17.0,5,5,12,1294
17.0,5,5,13,1297
17.0,5,5,14,1301
17.0,5,5,15,1305
17.0,5,6,0,1250
17.0,5,6,1,1254
17.0,5,6,2,1258
17.0,5,6,3,1262
17.0,5,6,4,1266
17.0,5,6,5,1270
17.0,5,6,6,1274
17.0,5,6,7,1278
17.0,5,6,8,1282
17.0,5,6,9,1286
17.0,5,6,10,1290
17.0,5,6,11,1294
17.0,5,6,12,1298
17.0,5,6,13,1302
17.0,5,6,14,1306
17.0,5,6,15,1309
17.0,5,7,0,1254
17.0,5,7,1,1258
17.0,5,7,2,1262
17.0,5,7,3,1266
17.0,5,7,4,1270
17.0,5,7,5,1274
17.0,5,7,6,1278
17.0,5,7,7,1282
17.0,5,7,8,1286
17.0,5,7,9,1290
17.0,5,7,10,1294
17.0,5,7,11,1298
17.0,5,7,12,1302
17.0,5,7,13,1306
17.0,5,7,14,1310
17.0,5,7,15,1314
17.0,5,8,0,1258
17.0,5,8,1,1262
17.0,5,8,2,1266
17.0,5,8,3,1270
17.0,5,8,4,1274
17.0,5,8,5,1278
17.0,5,8,6,1282
17.0,5,8,7,1286
17.0,5,8,8,1290
17.0,5,8,9,1294
17.0,5,8,10,1298
17.0,5,8,11,1302
17.0,5,8,12,1306
17.0,5,8,13,1310
17.0,5,8,14,1314
17.0,5,8,15,1318
17.0,5,9,0,1262
17.0,5,9,1,1266
17.0,5,9,2,1270
17.0,5,9,3,1275
17.0,5,9,4,1279
17.0,5,9,5,1283
17.0,5,9,6,1287
17.0,5,9,7,1291
17.0,5,9,8,1295
17.0,5,9,9,1298
17.0,5,9,10,1302
17.0,5,9,11,1306
17.0,5,9,12,1310
17.0,5,9,13,1314
17.0,5,9,14,1318
17.0,5,9,15,1322
17.0,5,10,0,1266
17.0,5,10,1,1270
17.0,5,10,2,1274
17.0,5,10,3,1279
17.0,5,10,4,1283
17.0,5,10,5,1287
17.0,5,10,6,1291
17.0,5,10,7,1295
17.0,5,10,8,1299
17.0,5,10,9,1303
17.0,5,10,10,1307
17.0,5,10,11,1311
17.0,5,10,12,1314
17.0,5,10,13,1318
17.0,5,10,14,1322
17.0,5,10,15,1326
17.0,5,11,0,1270
17.0,5,11,1,1274
17.0,5,11,2,1278
17.0,5,11,3,1283
17.0,5,11,4,1287
17.0,5,11,5,1291
17.0,5,11,6,1295
17.0,5,11,7,1299
17.0,5,11,8,1303
17.0,5,11,9,1307
17.0,5,11,10,1311
17.0,5,11,11,1315
17.0,5,11,12,1319
17.0,5,11,13,1323
17.0,5,11,14,1326
17.0,5,11,15,1330
17.0,5,12,0,1274
17.0,5,12,1,1278
17.0,5,12,2,1282
17.0,5,12,3,1287
17.0,5,12,4,1291
17.0,5,12,5,1295
17.0,5,12,6,1299
17.0,5,12,7,1303
17.0,5,12,8,1307
17.0,5,12,9,1311
17.0,5,12,10,1315
17.0,5,12,11,1319
17.0,5,12,12,1323
17.0,5,12,13,1327
17.0,5,12,14,1331
17.0,5,12,15,1335
17.0,5,13,0,1278
17.0,5,13,1,1282
17.0,5,13,2,1286
17.0,5,13,3,1291
17.0,5,13,4,1295
17.0,5,13,5,1299
17.0,5,13,6,1303
17.0,5,13,7,1307
17.0,5,13,8,1311
17.0,5,13,9,1315
17.0,5,13,10,1319
17.0,5,13,11,1323
17.0,5,13,12,1327
17.0,5,13,13,1331
17.0,5,13,14,1335
17.0,5,13,15,1339
17.0,5,14,0,1282
17.0,5,14,1,1286
17.0,5,14,2,1290
17.0,5,14,3,1295
17.0,5,14,4,1299
17.0,5,14,5,1303
17.0,5,14,6,1307
17.0,5,14,7,1311
17.0,5,14,8,1315
17.0,5,14,9,1319
17.0,5,14,10,1323
17.0,5,14,11,1327
17.0,5,14,12,1331
17.0,5,14,13,1335
17.0,5,14,14,1339
17.0,5,14,15,1343
17.0,5,15,0,1286
17.0,5,15,1,1290
17.0,5,15,2,1294
17.0,5,15,3,1298
17.0,5,15,4,1303
17.0,5,15,5,1307
17.0,5,15,6,1311
17.0,5,15,7,1315
17.0,5,15,8,1319
17.0,5,15,9,1323
17.0,5,15,10,1327
17.0,5,15,11,1331
17.0,5,15,12,1335
17.0,5,15,13,1339
17.0,5,15,14,1343
17.0,5,15,15,1347
17.0,6,0,0,1230
17.0,6,0,1,1234
17.0,6,0,2,1238
17.0,6,0,3,1242
17.0,6,0,4,1246
17.0,6,0,5,1250
17.0,6,0,6,1254
17.0,6,0,7,1258
17.0,6,0,8,1262
17.0,6,0,9,1266
17.0,6,0,10,1270
17.0,6,0,11,1273
17.0,6,0,12,1277
17.0,6,0,13,1281
17.0,6,0,14,1285
17.0,6,0,15,1289
17.0,6,1,0,1235
17.0,6,1,1,1239
17.0,6,1,2,1243
17.0,6,1,3,1246
17.0,6,1,4,1250
17.0,6,1,5,1254
17.0,6,1,6,1258
17.0,6,1,7,1262
17.0,6,1,8,1266
17.0,6,1,9,1270
17.0,6,1,10,1274
17.0,6,1,11,1278
17.0,6,1,12,1282
17.0,6,1,13,1285
17.0,6,1,14,1289
17.0,6,1,15,1293
17.0,6,2,0,1239
17.0,6,2,1,1243
17.0,6,2,2,1247
17.0,6,2,3,1251
17.0,6,2,4,1255
17.0,6,2,5,1259
17.0,6,2,6,1262
17.0,6,2,7,1266
17.0,6,2,8,1270
17.0,6,2,9,1274
17.0,6,2,10,1278
17.0,6,2,11,1282
17.0,6,2,12,1286
17.0,6,2,13,1290
17.0,6,2,14,1293
17.0,6,2,15,1297
17.0,6,3,0,1243
17.0,6,3,1,1247
17.0,6,3,2,1251
17.0,6,3,3,1255
17.0,6,3,4,1259
17.0,6,3,5,1263
17.0,6,3,6,1267
17.0,6,3,7,1271
17.0,6,3,8,1274
17.0,6,3,9,1278
17.0,6,3,10,1282
17.0,6,3,11,1286
17.0,6,3,12,1290
17.0,6,3,13,1294
17.0,6,3,14,1298
17.0,6,3,15,1302
17.0,6,4,0,1247
17.0,6,4,1,1251
17.0,6,4,2,1255
17.0,6,4,3,1259
17.0,6,4,4,1263
17.0,6,4,5,1267
17.0,6,4,6,1271
17.0,6,4,7,1275
17.0,6,4,8,1279
17.0,6,4,9,1283
17.0,6,4,10,1286
17.0,6,4,11,1290
17.0,6,4,12,1294
17.0,6,4,13,1298
17.0,6,4,14,1302
17.0,6,4,15,1306
17.0,6,5,0,1251
17.0,6,5,1,1255
17.0,6,5,2,1259
17.0,6,5,3,1263
17.0,6,5,4,1267
17.0,6,5,5,1271
17.0,6,5,6,1275
17.0,6,5,7,1279
17.0,6,5,8,1283
17.0,6,5,9,1287
17.0,6,5,10,1291
17.0,6,5,11,1295
17.0,6,5,12,1298
17.0,6,5,13,1302
17.0,6,5,14,1306
17.0,6,5,15,1310
17.0,6,6,0,1255
17.0,6,6,1,1259
17.0,6,6,2,1263
17.0,6,6,3,1267
17.0,6,6,4,1271
17.0,6,6,5,1275
17.0,6,6,6,1279
17.0,6,6,7,1283
17.0,6,6,8,1287
17.0,6,6,9,1291
17.0,6,6,10,1295
17.0,6,6,11,1299
17.0,6,6,12,1303
17.0,6,6,13,1307
17.0,6,6,14,1310
17.0,6,6,15,1314
17.0,6,7,0,1259
17.0,6,7,1,1263
17.0,6,7,2,1267
17.0,6,7,3,1271
17.0,6,7,4,1275
17.0,6,7,5,1279
17.0,6,7,6,1283
17.0,6,7,7,1287
17.0,6,7,8,1291
17.0,6,7,9,1295
17.0,6,7,10,1299
17.0,6,7,11,1303
17.0,6,7,12,1307
17.0,6,7,13,1311
17.0,6,7,14,1315
17.0,6,7,15,1319
17.0,6,8,0,1263
17.0,6,8,1,1267
17.0,6,8,2,1271
17.0,6,8,3,1275
17.0,6,8,4,1279
17.0,6,8,5,1283
17.0,6,8,6,1287
17.0,6,8,7,1291
17.0,6,8,8,1295
17.0,6,8,9,1299
17.0,6,8,10,1303
17.0,6,8,11,1307
17.0,6,8,12,1311
17.0,6,8,13,1315
17.0,6,8,14,1319
17.0,6,8,15,1323
17.0,6,9,0,1267
17.0,6,9,1,1271
17.0,6,9,2,1275
17.0,6,9,3,1279
17.0,6,9,4,1283
17.0,6,9,5,1287
17.0,6,9,6,1291
17.0,6,9,7,1295
17.0,6,9,8,1299
17.0,6,9,9,1303
17.0,6,9,10,1307
17.0,6,9,11,1311
17.0,6,9,12,1315
17.0,6,9,13,1319
17.0,6,9,14,1323
17.0,6,9,15,1327
17.0,6,10,0,1271
17.0,6,10,1,1275
17.0,6,10,2,1279
17.0,6,10,3,1283
17.0,6,10,4,1287
17.0,6,10,5,1291
17.0,6,10,6,1295
17.0,6,10,7,1300
17.0,6,10,8,1304
17.0,6,10,9,1308
17.0,6,10,10,1311
17.0,6,10,11,1315
17.0,6,10,12,1319
17.0,6,10,13,1323
17.0,6,10,14,1327
17.0,6,10,15,1331
17.0,6,11,0,1275
17.0,6,11,1,1279
17.0,6,11,2,1283
17.0,6,11,3,1287
17.0,6,11,4,1291
17.0,6,11,5,1296
17.0,6,11,6,1300
17.0,6,11,7,1304
17.0,6,11,8,1308
17.0,6,11,9,1312
17.0,6,11,10,1316
17.0,6,11,11,1320
17.0,6,11,12,1324
17.0,6,11,13,1328
17.0,6,11,14,1331
17.0,6,11,15,1335
17.0,6,12,0,1279
17.0,6,12,1,1283
17.0,6,12,2,1287
17.0,6,12,3,1291
17.0,6,12,4,1295
17.0,6,12,5,1300
17.0,6,12,6,1304
17.0,6,12,7,1308
17.0,6,12,8,1312
17.0,6,12,9,1316
17.0,6,12,10,1320
17.0,6,12,11,1324
17.0,6,12,12,1328
17.0,6,12,13,1332
17.0,6,12,14,1336
17.0,6,12,15,1340
17.0,6,13,0,1283
17.0,6,13,1,1287
17.0,6,13,2,1291
17.0,6,13,3,1295
17.0,6,13,4,1300
17.0,6,13,5,1304
17.0,6,13,6,1308
17.0,6,13,7,1312
17.0,6,13,8,1316
17.0,6,13,9,1320
17.0,6,13,10,1324
17.0,6,13,11,1328
17.0,6,13,12,1332
17.0,6,13,13,1336
17.0,6,13,14,1340
17.0,6,13,15,1344
17.0,6,14,0,1287
17.0,6,14,1,1291
17.0,6,14,2,1295
17.0,6,14,3,1299
17.0,6,14,4,1304
17.0,6,14,5,1308
17.0,6,14,6,1312
17.0,6,14,7,1316
17.0,6,14,8,1320
17.0,6,14,9,1324
17.0,6,14,10,1328
17.0,6,14,11,1332
17.0,6,14,12,1336
17.0,6,14,13,1340
17.0,6,14,14,1344
17.0,6,14,15,1348
17.0,6,15,0,1291
17.0,6,15,1,1295
17.0,6,15,2,1299
17.0,6,15,3,1303
17.0,6,15,4,1308
17.0,6,15,5,1312
17.0,6,15,6,1316
17.0,6,15,7,1320
17.0,6,15,8,1324
17.0,6,15,9,1328
17.0,6,15,10,1332
17.0,6,15,11,1336
17.0,6,15,12,1340
17.0,6,15,13,1344
17.0,6,15,14,1348
17.0,6,15,15,1352
17.0,7,0,0,1235
17.0,7,0,1,1239
17.0,7,0,2,1243
17.0,7,0,3,1247
17.0,7,0,4,1251
17.0,7,0,5,1255
17.0,7,0,6,1259
17.0,7,0,7,1263
17.0,7,0,8,1267
17.0,7,0,9,1270
17.0,7,0,10,1274
17.0,7,0,11,1278
17.0,7,0,12,1282
17.0,7,0,13,1286
17.0,7,0,14,1290
17.0,7,0,15,1293
17.0,7,1,0,1239
17.0,7,1,1,1243
17.0,7,1,2,1247
17.0,7,1,3,1251
17.0,7,1,4,1255
17.0,7,1,5,1259
17.0,7,1,6,1263
17.0,7,1,7,1267
17.0,7,1,8,1271
17.0,7,1,9,1275
17.0,7,1,10,1279
17.0,7,1,11,1282
17.0,7,1,12,1286
17.0,7,1,13,1290
17.0,7,1,14,1294
17.0,7,1,15,1298
17.0,7,2,0,1243
17.0,7,2,1,1247
17.0,7,2,2,1251
17.0,7,2,3,1255
17.0,7,2,4,1259
17.0,7,2,5,1263
17.0,7,2,6,1267
17.0,7,2,7,1271
17.0,7,2,8,1275
17.0,7,2,9,1279
17.0,7,2,10,1283
17.0,7,2,11,1287
17.0,7,2,12,1291
17.0,7,2,13,1294
17.0,7,2,14,1298
17.0,7,2,15,1302
17.0,7,3,0,1247
17.0,7,3,1,1251
17.0,7,3,2,1255
17.0,7,3,3,1259
17.0,7,3,4,1263
17.0,7,3,5,1267
17.0,7,3,6,1271
17.0,7,3,7,1275
17.0,7,3,8,1279
17.0,7,3,9,1283
17.0,7,3,10,1287
17.0,7,3,11,1291
17.0,7,3,12,1295
17.0,7,3,13,1299
17.0,7,3,14,1303
17.0,7,3,15,1306
17.0,7,4,0,1252
17.0,7,4,1,1256
17.0,7,4,2,1260
17.0,7,4,3,1264
17.0,7,4,4,1268
17.0,7,4,5,1272
17.0,7,4,6,1276
17.0,7,4,7,1280
17.0,7,4,8,1283
17.0,7,4,9,1287
17.0,7,4,10,1291
17.0,7,4,11,1295
17.0,7,4,12,1299
17.0,7,4,13,1303
17.0,7,4,14,1307
17.0,7,4,15,1311
17.0,7,5,0,1256
17.0,7,5,1,1260
17.0,7,5,2,1264
17.0,7,5,3,1268
17.0,7,5,4,1272
17.0,7,5,5,1276
17.0,7,5,6,1280
17.0,7,5,7,1284
17.0,7,5,8,1288
17.0,7,5,9,1292
17.0,7,5,10,1296
17.0,7,5,11,1299
17.0,7,5,12,1303
17.0,7,5,13,1307
17.0,7,5,14,1311
17.0,7,5,15,1315
17.0,7,6,0,1260
17.0,7,6,1,1264
17.0,7,6,2,1268
17.0,7,6,3,1272
17.0,7,6,4,1276
17.0,7,6,5,1280
17.0,7,6,6,1284
17.0,7,6,7,1288
17.0,7,6,8,1292
17.0,7,6,9,1296
17.0,7,6,10,1300
17.0,7,6,11,1304
17.0,7,6,12,1308
17.0,7,6,13,1311
17.0,7,6,14,1315
17.0,7,6,15,1319
17.0,7,7,0,1264
17.0,7,7,1,1268
17.0,7,7,2,1272
17.0,7,7,3,1276
17.0,7,7,4,1280
17.0,7,7,5,1284
17.0,7,7,6,1288
17.0,7,7,7,1292
17.0,7,7,8,1296
17.0,7,7,9,1300
17.0,7,7,10,1304
17.0,7,7,11,1308
17.0,7,7,12,1312
17.0,7,7,13,1316
17.0,7,7,14,1320
17.0,7,7,15,1324
17.0,7,8,0,1268
17.0,7,8,1,1272
17.0,7,8,2,1276
17.0,7,8,3,1280
17.0,7,8,4,1284
17.0,7,8,5,1288
17.0,7,8,6,1292
17.0,7,8,7,1296
17.0,7,8,8,1300
17.0,7,8,9,1304
17.0,7,8,10,1308
17.0,7,8,11,1312
17.0,7,8,12,1316
17.0,7,8,13,1320
17.0,7,8,14,1324
17.0,7,8,15,1328
17.0,7,9,0,1272
17.0,7,9,1,1276
17.0,7,9,2,1280
17.0,7,9,3,1284
17.0,7,9,4,1288
17.0,7,9,5,1292
17.0,7,9,6,1296
17.0,7,9,7,1300
17.0,7,9,8,1304
17.0,7,9,9,1308
17.0,7,9,10,1312
17.0,7,9,11,1316
17.0,7,9,12,1320
17.0,7,9,13,1324
17.0,7,9,14,1328
17.0,7,9,15,1332
17.0,7,10,0,1276
17.0,7,10,1,1280
17.0,7,10,2,1284
17.0,7,10,3,1288
17.0,7,10,4,1292
17.0,7,10,5,1296
17.0,7,10,6,1300
17.0,7,10,7,1304
17.0,7,10,8,1308
17.0,7,10,9,1312
17.0,7,10,10,1316
17.0,7,10,11,1320
17.0,7,10,12,1324
17.0,7,10,13,1328
17.0,7,10,14,1332
17.0,7,10,15,1336
17.0,7,11,0,1280
17.0,7,11,1,1284
17.0,7,11,2,1288
17.0,7,11,3,1292
17.0,7,11,4,1296
17.0,7,11,5,1300
17.0,7,11,6,1304
17.0,7,11,7,1308
17.0,7,11,8,1313
17.0,7,11,9,1317
17.0,7,11,10,1321
17.0,7,11,11,1325
17.0,7,11,12,1329
17.0,7,11,13,1332
17.0,7,11,14,1336
17.0,7,11,15,1340
17.0,7,12,0,1284
17.0,7,12,1,1288
17.0,7,12,2,1292
17.0,7,12,3,1296
17.0,7,12,4,1300
17.0,7,12,5,1304
17.0,7,12,6,1308
17.0,7,12,7,1313
17.0,7,12,8,1317
17.0,7,12,9,1321
17.0,7,12,10,1325
17.0,7,12,11,1329
17.0,7,12,12,1333
17.0,7,12,13,1337
17.0,7,12,14,1341
17.0,7,12,15,1345
17.0,7,13,0,1288
17.0,7,13,1,1292
17.0,7,13,2,1296
17.0,7,13,3,1300
17.0,7,13,4,1304
17.0,7,13,5,1308
17.0,7,13,6,1313
17.0,7,13,7,1317
17.0,7,13,8,1321
17.0,7,13,9,1325
17.0,7,13,10,1329
17.0,7,13,11,1333
17.0,7,13,12,1337
17.0,7,13,13,1341
17.0,7,13,14,1345
17.0,7,13,15,1349
17.0,7,14,0,1292
17.0,7,14,1,1296
17.0,7,14,2,1300
17.0,7,14,3,1304
17.0,7,14,4,1308
17.0,7,14,5,1313
17.0,7,14,6,1317
17.0,7,14,7,1321
17.0,7,14,8,1325
17.0,7,14,9,1329
17.0,7,14,10,1333
17.0,7,14,11,1337
17.0,7,14,12,1341
17.0,7,14,13,1345
17.0,7,14,14,1349
17.0,7,14,15,1353
17.0,7,15,0,1296
17.0,7,15,1,1300
17.0,7,15,2,1304
17.0,7,15,3,1308
17.0,7,15,4,1312
17.0,7,15,5,1317
17.0,7,15,6,1321
17.0,7,15,7,1325
17.0,7,15,8,1329
17.0,7,15,9,1333
17.0,7,15,10,1337
17.0,7,15,11,1341
17.0,7,15,12,1345
17.0,7,15,13,1349
17.0,7,15,14,1353
17.0,7,15,15,1357
17.0,8,0,0,1240
17.0,8,0,1,1244
17.0,8,0,2,1248
17.0,8,0,3,1252
17.0,8,0,4,1256
17.0,8,0,5,1260
17.0,8,0,6,1263
17.0,8,0,7,1267
17.0,8,0,8,1271
17.0,8,0,9,1275
17.0,8,0,10,1279
17.0,8,0,11,1283
17.0,8,0,12,1287
17.0,8,0,13,1291
17.0,8,0,14,1294
17.0,8,0,15,1298
17.0,8,1,0,1244
17.0,8,1,1,1248
17.0,8,1,2,1252
17.0,8,1,3,1256
17.0,8,1,4,1260
17.0,8,1,5,1264
17.0,8,1,6,1268
17.0,8,1,7,1272
17.0,8,1,8,1276
17.0,8,1,9,1279
17.0,8,1,10,1283
17.0,8,1,11,1287
17.0,8,1,12,1291
17.0,8,1,13,1295
17.0,8,1,14,1299
17.0,8,1,15,1303
17.0,8,2,0,1248
17.0,8,2,1,1252
17.0,8,2,2,1256
17.0,8,2,3,1260
17.0,8,2,4,1264
17.0,8,2,5,1268
17.0,8,2,6,1272
17.0,8,2,7,1276
17.0,8,2,8,1280
17.0,8,2,9,1284
17.0,8,2,10,1288
17.0,8,2,11,1292
17.0,8,2,12,1295
17.0,8,2,13,1299
17.0,8,2,14,1303
17.0,8,2,15,1307
17.0,8,3,0,1252
17.0,8,3,1,1256
17.0,8,3,2,1260
17.0,8,3,3,1264
17.0,8,3,4,1268
17.0,8,3,5,1272
17.0,8,3,6,1276
17.0,8,3,7,1280
17.0,8,3,8,1284
17.0,8,3,9,1288
17.0,8,3,10,1292
17.0,8,3,11,1296
17.0,8,3,12,1300
17.0,8,3,13,1304
17.0,8,3,14,1307
17.0,8,3,15,1311
17.0,8,4,0,1256
17.0,8,4,1,1260
17.0,8,4,2,1264
17.0,8,4,3,1268
17.0,8,4,4,1272
17.0,8,4,5,1276
17.0,8,4,6,1280
17.0,8,4,7,1284
17.0,8,4,8,1288
17.0,8,4,9,1292
17.0,8,4,10,1296
17.0,8,4,11,1300
17.0,8,4,12,1304
17.0,8,4,13,1308
17.0,8,4,14,1312
17.0,8,4,15,1316
17.0,8,5,0,1260
17.0,8,5,1,1264
17.0,8,5,2,1268
17.0,8,5,3,1272
17.0,8,5,4,1276
17.0,8,5,5,1280
17.0,8,5,6,1284
17.0,8,5,7,1288
17.0,8,5,8,1292
17.0,8,5,9,1296
17.0,8,5,10,1300
17.0,8,5,11,1304
17.0,8,5,12,1308
17.0,8,5,13,1312
17.0,8,5,14,1316
17.0,8,5,15,1320
17.0,8,6,0,1264
17.0,8,6,1,1268
17.0,8,6,2,1273
17.0,8,6,3,1277
17.0,8,6,4,1281
17.0,8,6,5,1285
17.0,8,6,6,1289
17.0,8,6,7,1293
17.0,8,6,8,1297
17.0,8,6,9,1301
17.0,8,6,10,1305
17.0,8,6,11,1309
17.0,8,6,12,1312
17.0,8,6,13,1316
17.0,8,6,14,1320
17.0,8,6,15,1324
17.0,8,7,0,1268
17.0,8,7,1,1273
17.0,8,7,2,1277
17.0,8,7,3,1281
17.0,8,7,4,1285
17.0,8,7,5,1289
17.0,8,7,6,1293
17.0,8,7,7,1297
17.0,8,7,8,1301
17.0,8,7,9,1305
17.0,8,7,10,1309
17.0,8,7,11,1313
17.0,8,7,12,1317
17.0,8,7,13,1321
17.0,8,7,14,1325
17.0,8,7,15,1328
17.0,8,8,0,1273
17.0,8,8,1,1277
17.0,8,8,2,1281
17.0,8,8,3,1285
17.0,8,8,4,1289
17.0,8,8,5,1293
17.0,8,8,6,1297
17.0,8,8,7,1301
17.0,8,8,8,1305
17.0,8,8,9,1309
17.0,8,8,10,1313
17.0,8,8,11,1317
17.0,8,8,12,1321
17.0,8,8,13,1325
17.0,8,8,14,1329
17.0,8,8,15,1333
17.0,8,9,0,1277
17.0,8,9,1,1281
17.0,8,9,2,1285
17.0,8,9,3,1289
17.0,8,9,4,1293
17.0,8,9,5,1297
17.0,8,9,6,1301
17.0,8,9,7,1305
17.0,8,9,8,1309
17.0,8,9,9,1313
17.0,8,9,10,1317
17.0,8,9,11,1321
17.0,8,9,12,1325
17.0,8,9,13,1329
17.0,8,9,14,1333
17.0,8,9,15,1337
17.0,8,10,0,1281
17.0,8,10,1,1285
17.0,8,10,2,1289
17.0,8,10,3,1293
17.0,8,10,4,1297
17.0,8,10,5,1301
17.0,8,10,6,1305
17.0,8,10,7,1309
17.0,8,10,8,1313
17.0,8,10,9,1317
17.0,8,10,10,1321
17.0,8,10,11,1325
17.0,8,10,12,1329
17.0,8,10,13,1333
17.0,8,10,14,1337
17.0,8,10,15,1341
17.0,8,11,0,1285
17.0,8,11,1,1289
17.0,8,11,2,1293
17.0,8,11,3,1297
17.0,8,11,4,1301
17.0,8,11,5,1305
17.0,8,11,6,1309
17.0,8,11,7,1313
17.0,8,11,8,1317
17.0,8,11,9,1321
17.0,8,11,10,1325
17.0,8,11,11,1329
17.0,8,11,12,1333
17.0,8,11,13,1337
17.0,8,11,14,1341
17.0,8,11,15,1345
17.0,8,12,0,1289
17.0,8,12,1,1293
17.0,8,12,2,1297
17.0,8,12,3,1301
17.0,8,12,4,1305
17.0,8,12,5,1309
17.0,8,12,6,1313
17.0,8,12,7,1317
17.0,8,12,8,1322
17.0,8,12,9,1326
17.0,8,12,10,1330
17.0,8,12,11,1334
17.0,8,12,12,1338
17.0,8,12,13,1342
17.0,8,12,14,1346
17.0,8,12,15,1350
17.0,8,13,0,1293
17.0,8,13,1,1297
17.0,8,13,2,1301
17.0,8,13,3,1305
17.0,8,13,4,1309
17.0,8,13,5,1313
17.0,8,13,6,1317
17.0,8,13,7,1322
17.0,8,13,8,1326
17.0,8,13,9,1330
17.0,8,13,10,1334
17.0,8,13,11,1338
17.0,8,13,12,1342
17.0,8,13,13,1346
17.0,8,13,14,1350
17.0,8,13,15,1354
17.0,8,14,0,1297
17.0,8,14,1,1301
17.0,8,14,2,1305
17.0,8,14,3,1309
17.0,8,14,4,1313
17.0,8,14,5,1317
17.0,8,14,6,1322
17.0,8,14,7,1326
17.0,8,14,8,1330
17.0,8,14,9,1334
17.0,8,14,10,1338
17.0,8,14,11,1342
17.0,8,14,12,1346
17.0,8,14,13,1350
17.0,8,14,14,1354
17.0,8,14,15,1358
17.0,8,15,0,1301
17.0,8,15,1,1305
17.0,8,15,2,1309
17.0,8,15,3,1313
17.0,8,15,4,1317
17.0,8,15,5,1321
17.0,8,15,6,1326
17.0,8,15,7,1330
17.0,8,15,8,1334
17.0,8,15,9,1338
17.0,8,15,10,1342
17.0,8,15,11,1346
17.0,8,15,12,1350
17.0,8,15,13,1354
17.0,8,15,14,1358
17.0,8,15,15,1362
17.0,9,0,0,1244
17.0,9,0,1,1248
17.0,9,0,2,1252
17.0,9,0,3,1256
17.0,9,0,4,1260
17.0,9,0,5,1264
17.0,9,0,6,1268
17.0,9,0,7,1272
17.0,9,0,8,1276
17.0,9,0,9,1280
17.0,9,0,10,1284
17.0,9,0,11,1288
17.0,9,0,12,1292
17.0,9,0,13,1295
17.0,9,0,14,1299
17.0,9,0,15,1303
17.0,9,1,0,1248
17.0,9,1,1,1252
17.0,9,1,2,1257
17.0,9,1,3,1260
17.0,9,1,4,1264
17.0,9,1,5,1268
17.0,9,1,6,1272
17.0,9,1,7,1276
17.0,9,1,8,1280
17.0,9,1,9,1284
17.0,9,1,10,1288
17.0,9,1,11,1292
17.0,9,1,12,1296
17.0,9,1,13,1300
17.0,9,1,14,1304
17.0,9,1,15,1308
17.0,9,2,0,1253
17.0,9,2,1,1257
17.0,9,2,2,1261
17.0,9,2,3,1265
17.0,9,2,4,1269
17.0,9,2,5,1273
17.0,9,2,6,1277
17.0,9,2,7,1281
17.0,9,2,8,1285
17.0,9,2,9,1288
17.0,9,2,10,1292
17.0,9,2,11,1296
17.0,9,2,12,1300
17.0,9,2,13,1304
17.0,9,2,14,1308
17.0,9,2,15,1312
17.0,9,3,0,1257
17.0,9,3,1,1261
17.0,9,3,2,1265
17.0,9,3,3,1269
17.0,9,3,4,1273
17.0,9,3,5,1277
17.0,9,3,6,1281
17.0,9,3,7,1285
17.0,9,3,8,1289
17.0,9,3,9,1293
17.0,9,3,10,1297
17.0,9,3,11,1301
17.0,9,3,12,1305
17.0,9,3,13,1308
17.0,9,3,14,1312
17.0,9,3,15,1316
17.0,9,4,0,1261
17.0,9,4,1,1265
17.0,9,4,2,1269
17.0,9,4,3,1273
17.0,9,4,4,1277
17.0,9,4,5,1281
17.0,9,4,6,1285
17.0,9,4,7,1289
17.0,9,4,8,1293
17.0,9,4,9,1297
17.0,9,4,10,1301
17.0,9,4,11,1305
17.0,9,4,12,1309
17.0,9,4,13,1313
17.0,9,4,14,1317
17.0,9,4,15,1321
17.0,9,5,0,1265
17.0,9,5,1,1269
17.0,9,5,2,1273
17.0,9,5,3,1277
17.0,9,5,4,1281
17.0,9,5,5,1285
17.0,9,5,6,1289
17.0,9,5,7,1293
17.0,9,5,8,1297
17.0,9,5,9,1301
17.0,9,5,10,1305
17.0,9,5,11,1309
17.0,9,5,12,1313
17.0,9,5,13,1317
17.0,9,5,14,1321
17.0,9,5,15,1325
17.0,9,6,0,1269
17.0,9,6,1,1273
17.0,9,6,2,1277
17.0,9,6,3,1281
17.0,9,6,4,1285
17.0,9,6,5,1289
17.0,9,6,6,1293
17.0,9,6,7,1297
17.0,9,6,8,1301
17.0,9,6,9,1305
17.0,9,6,10,1309
17.0,9,6,11,1313
17.0,9,6,12,1317
17.0,9,6,13,1321
17.0,9,6,14,1325
17.0,9,6,15,1329
17.0,9,7,0,1273
17.0,9,7,1,1277
17.0,9,7,2,1281
17.0,9,7,3,1285
17.0,9,7,4,1290
17.0,9,7,5,1294
17.0,9,7,6,1298
17.0,9,7,7,1302
17.0,9,7,8,1306
17.0,9,7,9,1310
17.0,9,7,10,1314
17.0,9,7,11,1318
17.0,9,7,12,1322
17.0,9,7,13,1326
17.0,9,7,14,1329
17.0,9,7,15,1333
17.0,9,8,0,1277
17.0,9,8,1,1281
17.0,9,8,2,1285
17.0,9,8,3,1290
17.0,9,8,4,1294
17.0,9,8,5,1298
17.0,9,8,6,1302
17.0,9,8,7,1306
17.0,9,8,8,1310
17.0,9,8,9,1314
17.0,9,8,10,1318
17.0,9,8,11,1322
17.0,9,8,12,1326
17.0,9,8,13,1330
17.0,9,8,14,1334
17.0,9,8,15,1338
17.0,9,9,0,1281
17.0,9,9,1,1285
17.0,9,9,2,1290
17.0,9,9,3,1294
17.0,9,9,4,1298
17.0,9,9,5,1302
17.0,9,9,6,1306
17.0,9,9,7,1310
17.0,9,9,8,1314
17.0,9,9,9,1318
17.0,9,9,10,1322
17.0,9,9,11,1326
17.0,9,9,12,1330
17.0,9,9,13,1334
17.0,9,9,14,1338
17.0,9,9,15,1342
17.0,9,10,0,1285
17.0,9,10,1,1290
17.0,9,10,2,1294
17.0,9,10,3,1298
17.0,9,10,4,1302
17.0,9,10,5,1306
17.0,9,10,6,1310
17.0,9,10,7,1314
17.0,9,10,8,1318
17.0,9,10,9,1322
17.0,9,10,10,1326
17.0,9,10,11,1330
17.0,9,10,12,1334
17.0,9,10,13,1338
17.0,9,10,14,1342
17.0,9,10,15,1346
17.0,9,11,0,1289
17.0,9,11,1,1294
17.0,9,11,2,1298
17.0,9,11,3,1302
17.0,9,11,4,1306
17.0,9,11,5,1310
17.0,9,11,6,1314
17.0,9,11,7,1318
17.0,9,11,8,1322
17.0,9,11,9,1326
17.0,9,11,10,1330
17.0,9,11,11,1334
17.0,9,11,12,1338
17.0,9,11,13,1342
17.0,9,11,14,1346
17.0,9,11,15,1350
17.0,9,12,0,1293
17.0,9,12,1,1298
17.0,9,12,2,1302
17.0,9,12,3,1306
17.0,9,12,4,1310
17.0,9,12,5,1314
17.0,9,12,6,1318
17.0,9,12,7,1322
17.0,9,12,8,1326
17.0,9,12,9,1330
17.0,9,12,10,1335
17.0,9,12,11,1339
17.0,9,12,12,1343
17.0,9,12,13,1347
17.0,9,12,14,1351
17.0,9,12,15,1355
17.0,9,13,0,1297
17.0,9,13,1,1302
17.0,9,13,2,1306
17.0,9,13,3,1310
17.0,9,13,4,1314
17.0,9,13,5,1318
17.0,9,13,6,1322
17.0,9,13,7,1326
17.0,9,13,8,1331
17.0,9,13,9,1335
17.0,9,13,10,1339
17.0,9,13,11,1343
17.0,9,13,12,1347
17.0,9,13,13,1351
17.0,9,13,14,1355
17.0,9,13,15,1359
17.0,9,14,0,1301
17.0,9,14,1,1306
17.0,9,14,2,1310
17.0,9,14,3,1314
17.0,9,14,4,1318
17.0,9,14,5,1322
17.0,9,14,6,1326
17.0,9,14,7,1331
17.0,9,14,8,1335
17.0,9,14,9,1339
17.0,9,14,10,1343
17.0,9,14,11,1347
17.0,9,14,12,1351
17.0,9,14,13,1355
17.0,9,14,14,1359
17.0,9,14,15,1363
17.0,9,15,0,1305
17.0,9,15,1,1310
17.0,9,15,2,1314
17.0,9,15,3,1318
17.0,9,15,4,1322
17.0,9,15,5,1326
17.0,9,15,6,1330
17.0,9,15,7,1335
17.0,9,15,8,1339
17.0,9,15,9,1343
17.0,9,15,10,1347
17.0,9,15,11,1351
17.0,9,15,12,1355
17.0,9,15,13,1359
17.0,9,15,14,1363
17.0,9,15,15,1367
17.0,10,0,0,1249
17.0,10,0,1,1253
17.0,10,0,2,1257
17.0,10,0,3,1261
17.0,10,0,4,1265
17.0,10,0,5,1269
17.0,10,0,6,1273
17.0,10,0,7,1277
17.0,10,0,8,1281
17.0,10,0,9,1285
17.0,10,0,10,1289
17.0,10,0,11,1292
17.0,10,0,12,1296
17.0,10,0,13,1300
17.0,10,0,14,1304
17.0,10,0,15,1308
17.0,10,1,0,1253
17.0,10,1,1,1257
17.0,10,1,2,1261
17.0,10,1,3,1265
17.0,10,1,4,1269
17.0,10,1,5,1273
17.0,10,1,6,1277
17.0,10,1,7,1281
17.0,10,1,8,1285
17.0,10,1,9,1289
17.0,10,1,10,1293
17.0,10,1,11,1297
17.0,10,1,12,1301
17.0,10,1,13,1305
17.0,10,1,14,1308
17.0,10,1,15,1312
17.0,10,2,0,1257
17.0,10,2,1,1261
17.0,10,2,2,1265
17.0,10,2,3,1269
17.0,10,2,4,1273
17.0,10,2,5,1277
17.0,10,2,6,1281
17.0,10,2,7,1285
17.0,10,2,8,1289
17.0,10,2,9,1293
17.0,10,2,10,1297
17.0,10,2,11,1301
17.0,10,2,12,1305
17.0,10,2,13,1309
17.0,10,2,14,1313
17.0,10,2,15,1317
17.0,10,3,0,1261
17.0,10,3,1,1265
17.0,10,3,2,1270
17.0,10,3,3,1274
17.0,10,3,4,1278
17.0,10,3,5,1282
17.0,10,3,6,1286
17.0,10,3,7,1290
17.0,10,3,8,1294
17.0,10,3,9,1298
17.0,10,3,10,1301
17.0,10,3,11,1305
17.0,10,3,12,1309
17.0,10,3,13,1313
17.0,10,3,14,1317
17.0,10,3,15,1321
17.0,10,4,0,1266
17.0,10,4,1,1270
17.0,10,4,2,1274
17.0,10,4,3,1278
17.0,10,4,4,1282
17.0,10,4,5,1286
17.0,10,4,6,1290
17.0,10,4,7,1294
17.0,10,4,8,1298
17.0,10,4,9,1302
17.0,10,4,10,1306
17.0,10,4,11,1310
17.0,10,4,12,1314
17.0,10,4,13,1318
17.0,10,4,14,1322
17.0,10,4,15,1325
17.0,10,5,0,1270
17.0,10,5,1,1274
17.0,10,5,2,1278
17.0,10,5,3,1282
17.0,10,5,4,1286
17.0,10,5,5,1290
17.0,10,5,6,1294
17.0,10,5,7,1298
17.0,10,5,8,1302
17.0,10,5,9,1306
17.0,10,5,10,1310
17.0,10,5,11,1314
17.0,10,5,12,1318
17.0,10,5,13,1322
17.0,10,5,14,1326
17.0,10,5,15,1330
17.0,10,6,0,1274
17.0,10,6,1,1278
17.0,10,6,2,1282
17.0,10,6,3,1286
17.0,10,6,4,1290
17.0,10,6,5,1294
17.0,10,6,6,1298
17.0,10,6,7,1302
17.0,10,6,8,1306
17.0,10,6,9,1310
17.0,10,6,10,1314
17.0,10,6,11,1318
17.0,10,6,12,1322
17.0,10,6,13,1326
17.0,10,6,14,1330
17.0,10,6,15,1334
17.0,10,7,0,1278
17.0,10,7,1,1282
17.0,10,7,2,1286
17.0,10,7,3,1290
17.0,10,7,4,1294
17.0,10,7,5,1298
17.0,10,7,6,1302
17.0,10,7,7,1306
17.0,10,7,8,1310
17.0,10,7,9,1315
17.0,10,7,10,1319
17.0,10,7,11,1323
17.0,10,7,12,1326
17.0,10,7,13,1330
17.0,10,7,14,1334
17.0,10,7,15,1338
17.0,10,8,0,1282
17.0,10,8,1,1286
17.0,10,8,2,1290
17.0,10,8,3,1294
17.0,10,8,4,1298
17.0,10,8,5,1303
17.0,10,8,6,1307
17.0,10,8,7,1311
17.0,10,8,8,1315
17.0,10,8,9,1319
17.0,10,8,10,1323
17.0,10,8,11,1327
17.0,10,8,12,1331
17.0,10,8,13,1335
17.0,10,8,14,1339
17.0,10,8,15,1343
17.0,10,9,0,1286
17.0,10,9,1,1290
17.0,10,9,2,1294
17.0,10,9,3,1298
17.0,10,9,4,1303
17.0,10,9,5,1307
17.0,10,9,6,1311
17.0,10,9,7,1315
17.0,10,9,8,1319
17.0,10,9,9,1323
17.0,10,9,10,1327
17.0,10,9,11,1331
17.0,10,9,12,1335
17.0,10,9,13,1339
17.0,10,9,14,1343
17.0,10,9,15,1347
17.0,10,10,0,1290
17.0,10,10,1,1294
17.0,10,10,2,1298
17.0,10,10,3,1303
17.0,10,10,4,1307
17.0,10,10,5,1311
17.0,10,10,6,1315
17.0,10,10,7,1319
17.0,10,10,8,1323
17.0,10,10,9,1327
17.0,10,10,10,1331
17.0,10,10,11,1335
17.0,10,10,12,1339
17.0,10,10,13,1343
17.0,10,10,14,1347
17.0,10,10,15,1351
17.0,10,11,0,1294
17.0,10,11,1,1298
17.0,10,11,2,1303
17.0,10,11,3,1307
17.0,10,11,4,1311
17.0,10,11,5,1315
17.0,10,11,6,1319
17.0,10,11,7,1323
17.0,10,11,8,1327
17.0,10,11,9,1331
17.0,10,11,10,1335
17.0,10,11,11,1339
17.0,10,11,12,1343
17.0,10,11,13,1347
17.0,10,11,14,1351
17.0,10,11,15,1355
17.0,10,12,0,1298
17.0,10,12,1,1302
17.0,10,12,2,1307
17.0,10,12,3,1311
17.0,10,12,4,1315
17.0,10,12,5,1319
17.0,10,12,6,1323
17.0,10,12,7,1327
17.0,10,12,8,1331
17.0,10,12,9,1335
17.0,10,12,10,1339
17.0,10,12,11,1344
17.0,10,12,12,1348
17.0,10,12,13,1352
17.0,10,12,14,1356
17.0,10,12,15,1360
17.0,10,13,0,1302
17.0,10,13,1,1306
17.0,10,13,2,1311
17.0,10,13,3,1315
17.0,10,13,4,1319
17.0,10,13,5,1323
17.0,10,13,6,1327
17.0,10,13,7,1331
17.0,10,13,8,1335
17.0,10,13,9,1340
17.0,10,13,10,1344
17.0,10,13,11,1348
17.0,10,13,12,1352
17.0,10,13,13,1356
17.0,10,13,14,1360
17.0,10,13,15,1364
17.0,10,14,0,1306
17.0,10,14,1,1310
17.0,10,14,2,1315
17.0,10,14,3,1319
17.0,10,14,4,1323
17.0,10,14,5,1327
17.0,10,14,6,1331
17.0,10,14,7,1335
17.0,10,14,8,1340
17.0,10,14,9,1344
17.0,10,14,10,1348
17.0,10,14,11,1352
17.0,10,14,12,1356
17.0,10,14,13,1360
17.0,10,14,14,1364
17.0,10,14,15,1368
17.0,10,15,0,1310
17.0,10,15,1,1315
17.0,10,15,2,1319
17.0,10,15,3,1323
17.0,10,15,4,1327
17.0,10,15,5,1331
17.0,10,15,6,1335
17.0,10,15,7,1340
17.0,10,15,8,1344
17.0,10,15,9,1348
17.0,10,15,10,1352
17.0,10,15,11,1356
17.0,10,15,12,1360
17.0,10,15,13,1364
17.0,10,15,14,1368
17.0,10,15,15,1372
17.0,11,0,0,1254
17.0,11,0,1,1258
17.0,11,0,2,1262
17.0,11,0,3,1266
17.0,11,0,4,1270
17.0,11,0,5,1274
17.0,11,0,6,1278
17.0,11,0,7,1282
17.0,11,0,8,1285
17.0,11,0,9,1289
17.0,11,0,10,1293
17.0,11,0,11,1297
17.0,11,0,12,1301
17.0,11,0,13,1305
17.0,11,0,14,1309
17.0,11,0,15,1313
17.0,11,1,0,1258
17.0,11,1,1,1262
17.0,11,1,2,1266
17.0,11,1,3,1270
17.0,11,1,4,1274
17.0,11,1,5,1278
17.0,11,1,6,1282
17.0,11,1,7,1286
17.0,11,1,8,1290
17.0,11,1,9,1294
17.0,11,1,10,1298
17.0,11,1,11,1302
17.0,11,1,12,1306
17.0,11,1,13,1309
17.0,11,1,14,1313
17.0,11,1,15,1317
17.0,11,2,0,1262
17.0,11,2,1,1266
17.0,11,2,2,1270
17.0,11,2,3,1274
17.0,11,2,4,1278
17.0,11,2,5,1282
17.0,11,2,6,1286
17.0,11,2,7,1290
17.0,11,2,8,1294
17.0,11,2,9,1298
17.0,11,2,10,1302
17.0,11,2,11,1306
17.0,11,2,12,1310
17.0,11,2,13,1314
17.0,11,2,14,1318
17.0,11,2,15,1322
17.0,11,3,0,1266
17.0,11,3,1,1270
17.0,11,3,2,1274
17.0,11,3,3,1278
17.0,11,3,4,1282
17.0,11,3,5,1286
17.0,11,3,6,1290
17.0,11,3,7,1294
17.0,11,3,8,1298
17.0,11,3,9,1302
17.0,11,3,10,1306
17.0,11,3,11,1310
17.0,11,3,12,1314
17.0,11,3,13,1318
17.0,11,3,14,1322
17.0,11,3,15,1326
17.0,11,4,0,1270
17.0,11,4,1,1274
17.0,11,4,2,1278
17.0,11,4,3,1282
17.0,11,4,4,1287
17.0,11,4,5,1291
17.0,11,4,6,1295
17.0,11,4,7,1299
17.0,11,4,8,1303
17.0,11,4,9,1307
17.0,11,4,10,1311
17.0,11,4,11,1315
17.0,11,4,12,1319
17.0,11,4,13,1322
17.0,11,4,14,1326
17.0,11,4,15,1330
17.0,11,5,0,1274
17.0,11,5,1,1278
17.0,11,5,2,1283
17.0,11,5,3,1287
17.0,11,5,4,1291
17.0,11,5,5,1295
17.0,11,5,6,1299
17.0,11,5,7,1303
17.0,11,5,8,1307
17.0,11,5,9,1311
17.0,11,5,10,1315
17.0,11,5,11,1319
17.0,11,5,12,1323
17.0,11,5,13,1327
17.0,11,5,14,1331
17.0,11,5,15,1335
17.0,11,6,0,1279
17.0,11,6,1,1283
17.0,11,6,2,1287
17.0,11,6,3,1291
17.0,11,6,4,1295
17.0,11,6,5,1299
17.0,11,6,6,1303
17.0,11,6,7,1307
17.0,11,6,8,1311
17.0,11,6,9,1315
17.0,11,6,10,1319
17.0,11,6,11,1323
17.0,11,6,12,1327
17.0,11,6,13,1331
17.0,11,6,14,1335
17.0,11,6,15,1339
17.0,11,7,0,1283
17.0,11,7,1,1287
17.0,11,7,2,1291
17.0,11,7,3,1295
17.0,11,7,4,1299
17.0,11,7,5,1303
17.0,11,7,6,1307
17.0,11,7,7,1311
17.0,11,7,8,1315
17.0,11,7,9,1319
17.0,11,7,10,1323
17.0,11,7,11,1327
17.0,11,7,12,1331
17.0,11,7,13,1335
17.0,11,7,14,1339
17.0,11,7,15,1343
17.0,11,8,0,1287
17.0,11,8,1,1291
17.0,11,8,2,1295
17.0,11,8,3,1299
17.0,11,8,4,1303
17.0,11,8,5,1307
17.0,11,8,6,1311
17.0,11,8,7,1315
17.0,11,8,8,1320
17.0,11,8,9,1324
17.0,11,8,10,1328
17.0,11,8,11,1332
17.0,11,8,12,1336
17.0,11,8,13,1340
17.0,11,8,14,1344
17.0,11,8,15,1348
17.0,11,9,0,1291
17.0,11,9,1,1295
17.0,11,9,2,1299
17.0,11,9,3,1303
17.0,11,9,4,1307
17.0,11,9,5,1311
17.0,11,9,6,1316
17.0,11,9,7,1320
17.0,11,9,8,1324
17.0,11,9,9,1328
17.0,11,9,10,1332
17.0,11,9,11,1336
17.0,11,9,12,1340
17.0,11,9,13,1344
17.0,11,9,14,1348
17.0,11,9,15,1352
17.0,11,10,0,1295
17.0,11,10,1,1299
17.0,11,10,2,1303
17.0,11,10,3,1307
17.0,11,10,4,1312
17.0,11,10,5,1316
17.0,11,10,6,1320
17.0,11,10,7,1324
17.0,11,10,8,1328
17.0,11,10,9,1332
17.0,11,10,10,1336
17.0,11,10,11,1340
17.0,11,10,12,1344
17.0,11,10,13,1348
17.0,11,10,14,1352
17.0,11,10,15,1356
17.0,11,11,0,1299
17.0,11,11,1,1303
17.0,11,11,2,1307
17.0,11,11,3,1311
17.0,11,11,4,1316
17.0,11,11,5,1320
17.0,11,11,6,1324
17.0,11,11,7,1328
17.0,11,11,8,1332
17.0,11,11,9,1336
17.0,11,11,10,1340
17.0,11,11,11,1344
17.0,11,11,12,1348
17.0,11,11,13,1352
17.0,11,11,14,1356
17.0,11,11,15,1360
17.0,11,12,0,1303
17.0,11,12,1,1307
17.0,11,12,2,1311
17.0,11,12,3,1316
17.0,11,12,4,1320
17.0,11,12,5,1324
17.0,11,12,6,1328
17.0,11,12,7,1332
17.0,11,12,8,1336
17.0,11,12,9,1340
17.0,11,12,10,1344
17.0,11,12,11,1349
17.0,11,12,12,1353
17.0,11,12,13,1357
17.0,11,12,14,1361
17.0,11,12,15,1365
17.0,11,13,0,1307
17.0,11,13,1,1311
17.0,11,13,2,1315
17.0,11,13,3,1320
17.0,11,13,4,1324
17.0,11,13,5,1328
17.0,11,13,6,1332
17.0,11,13,7,1336
17.0,11,13,8,1340
17.0,11,13,9,1345
17.0,11,13,10,1349
17.0,11,13,11,1353
17.0,11,13,12,1357
17.0,11,13,13,1361
17.0,11,13,14,1365
17.0,11,13,15,1369
17.0,11,14,0,1311
17.0,11,14,1,1315
17.0,11,14,2,1320
17.0,11,14,3,1324
17.0,11,14,4,1328
17.0,11,14,5,1332
17.0,11,14,6,1336
17.0,11,14,7,1340
17.0,11,14,8,1345
17.0,11,14,9,1349
17.0,11,14,10,1353
17.0,11,14,11,1357
17.0,11,14,12,1361
17.0,11,14,13,1365
17.0,11,14,14,1369
17.0,11,14,15,1373
17.0,11,15,0,1315
17.0,11,15,1,1319
17.0,11,15,2,1324
17.0,11,15,3,1328
17.0,11,15,4,1332
17.0,11,15,5,1336
17.0,11,15,6,1340
17.0,11,15,7,1345
17.0,11,15,8,1349
17.0,11,15,9,1353
17.0,11,15,10,1357
17.0,11,15,11,1361
17.0,11,15,12,1365
17.0,11,15,13,1369
17.0,11,15,14,1373
17.0,11,15,15,1377
17.0,12,0,0,1258
17.0,12,0,1,1262
17.0,12,0,2,1266
17.0,12,0,3,1270
17.0,12,0,4,1274
17.0,12,0,5,1278
17.0,12,0,6,1282
17.0,12,0,7,1286
17.0,12,0,8,1290
17.0,12,0,9,1294
17.0,12,0,10,1298
17.0,12,0,11,1302
17.0,12,0,12,1306
17.0,12,0,13,1310
17.0,12,0,14,1314
17.0,12,0,15,1318
17.0,12,1,0,1262
17.0,12,1,1,1266
17.0,12,1,2,1270
17.0,12,1,3,1275
17.0,12,1,4,1279
17.0,12,1,5,1283
17.0,12,1,6,1287
17.0,12,1,7,1291
17.0,12,1,8,1295
17.0,12,1,9,1298
17.0,12,1,10,1302
17.0,12,1,11,1306
17.0,12,1,12,1310
17.0,12,1,13,1314
17.0,12,1,14,1318
17.0,12,1,15,1322
17.0,12,2,0,1267
17.0,12,2,1,1271
17.0,12,2,2,1275
17.0,12,2,3,1279
17.0,12,2,4,1283
17.0,12,2,5,1287
17.0,12,2,6,1291
17.0,12,2,7,1295
17.0,12,2,8,1299
17.0,12,2,9,1303
17.0,12,2,10,1307
17.0,12,2,11,1311
17.0,12,2,12,1315
17.0,12,2,13,1319
17.0,12,2,14,1323
17.0,12,2,15,1326
17.0,12,3,0,1271
17.0,12,3,1,1275
17.0,12,3,2,1279
17.0,12,3,3,1283
17.0,12,3,4,1287
17.0,12,3,5,1291
17.0,12,3,6,1295
17.0,12,3,7,1299
17.0,12,3,8,1303
17.0,12,3,9,1307
17.0,12,3,10,1311
17.0,12,3,11,1315
17.0,12,3,12,1319
17.0,12,3,13,1323
17.0,12,3,14,1327
17.0,12,3,15,1331
17.0,12,4,0,1275
17.0,12,4,1,1279
17.0,12,4,2,1283
17.0,12,4,3,1287
17.0,12,4,4,1291
17.0,12,4,5,1295
17.0,12,4,6,1299
17.0,12,4,7,1303
17.0,12,4,8,1307
17.0,12,4,9,1311
17.0,12,4,10,1315
17.0,12,4,11,1319
17.0,12,4,12,1323
17.0,12,4,13,1327
17.0,12,4,14,1331
17.0,12,4,15,1335
17.0,12,5,0,1279
17.0,12,5,1,1283
17.0,12,5,2,1287
17.0,12,5,3,1291
17.0,12,5,4,1295
17.0,12,5,5,1300
17.0,12,5,6,1304
17.0,12,5,7,1308
17.0,12,5,8,1312
17.0,12,5,9,1316
17.0,12,5,10,1320
17.0,12,5,11,1324
17.0,12,5,12,1328
17.0,12,5,13,1332
17.0,12,5,14,1336
17.0,12,5,15,1340
17.0,12,6,0,1283
17.0,12,6,1,1287
17.0,12,6,2,1291
17.0,12,6,3,1296
17.0,12,6,4,1300
17.0,12,6,5,1304
17.0,12,6,6,1308
17.0,12,6,7,1312
17.0,12,6,8,1316
17.0,12,6,9,1320
17.0,12,6,10,1324
17.0,12,6,11,1328
17.0,12,6,12,1332
17.0,12,6,13,1336
17.0,12,6,14,1340
17.0,12,6,15,1344
17.0,12,7,0,1287
17.0,12,7,1,1292
17.0,12,7,2,1296
17.0,12,7,3,1300
17.0,12,7,4,1304
17.0,12,7,5,1308
17.0,12,7,6,1312
17.0,12,7,7,1316
17.0,12,7,8,1320
17.0,12,7,9,1324
17.0,12,7,10,1328
17.0,12,7,11,1332
17.0,12,7,12,1336
17.0,12,7,13,1340
17.0,12,7,14,1344
17.0,12,7,15,1348
17.0,12,8,0,1291
17.0,12,8,1,1296
17.0,12,8,2,1300
17.0,12,8,3,1304
17.0,12,8,4,1308
17.0,12,8,5,1312
17.0,12,8,6,1316
17.0,12,8,7,1320
17.0,12,8,8,1324
17.0,12,8,9,1328
17.0,12,8,10,1333
17.0,12,8,11,1337
17.0,12,8,12,1341
17.0,12,8,13,1345
17.0,12,8,14,1349
17.0,12,8,15,1353
17.0,12,9,0,1296
17.0,12,9,1,1300
17.0,12,9,2,1304
17.0,12,9,3,1308
17.0,12,9,4,1312
17.0,12,9,5,1316
17.0,12,9,6,1320
17.0,12,9,7,1325
17.0,12,9,8,1329
17.0,12,9,9,1333
17.0,12,9,10,1337
17.0,12,9,11,1341
17.0,12,9,12,1345
17.0,12,9,13,1349
17.0,12,9,14,1353
17.0,12,9,15,1357
17.0,12,10,0,1300
17.0,12,10,1,1304
17.0,12,10,2,1308
17.0,12,10,3,1312
17.0,12,10,4,1316
17.0,12,10,5,1320
17.0,12,10,6,1325
17.0,12,10,7,1329
17.0,12,10,8,1333
17.0,12,10,9,1337
17.0,12,10,10,1341
17.0,12,10,11,1345
17.0,12,10,12,1349
17.0,12,10,13,1353
17.0,12,10,14,1357
17.0,12,10,15,1361
17.0,12,11,0,1304
17.0,12,11,1,1308
17.0,12,11,2,1312
17.0,12,11,3,1316
17.0,12,11,4,1320
17.0,12,11,5,1325
17.0,12,11,6,1329
17.0,12,11,7,1333
17.0,12,11,8,1337
17.0,12,11,9,1341
17.0,12,11,10,1345
17.0,12,11,11,1349
17.0,12,11,12,1353
17.0,12,11,13,1357
17.0,12,11,14,1361
17.0,12,11,15,1365
17.0,12,12,0,1308
17.0,12,12,1,1312
17.0,12,12,2,1316
17.0,12,12,3,1320
17.0,12,12,4,1325
17.0,12,12,5,1329
17.0,12,12,6,1333
17.0,12,12,7,1337
17.0,12,12,8,1341
17.0,12,12,9,1345
17.0,12,12,10,1349
17.0,12,12,11,1353
17.0,12,12,12,1358
17.0,12,12,13,1362
17.0,12,12,14,1366
17.0,12,12,15,1370
17.0,12,13,0,1312
17.0,12,13,1,1316
17.0,12,13,2,1320
17.0,12,13,3,1325
17.0,12,13,4,1329
17.0,12,13,5,1333
17.0,12,13,6,1337
17.0,12,13,7,1341
17.0,12,13,8,1345
17.0,12,13,9,1349
17.0,12,13,10,1354
17.0,12,13,11,1358
17.0,12,13,12,1362
17.0,12,13,13,1366
17.0,12,13,14,1370
17.0,12,13,15,1374
17.0,12,14,0,1316
17.0,12,14,1,1320
17.0,12,14,2,1324
17.0,12,14,3,1329
17.0,12,14,4,1333
17.0,12,14,5,1337
17.0,12,14,6,1341
17.0,12,14,7,1345
17.0,12,14,8,1349
17.0,12,14,9,1354
17.0,12,14,10,1358
17.0,12,14,11,1362
17.0,12,14,12,1366
17.0,12,14,13,1370
17.0,12,14,14,1374
17.0,12,14,15,1378
17.0,12,15,0,1320
17.0,12,15,1,1324
17.0,12,15,2,1328
17.0,12,15,3,1333
17.0,12,15,4,1337
17.0,12,15,5,1341
17.0,12,15,6,1345
17.0,12,15,7,1349
17.0,12,15,8,1354
17.0,12,15,9,1358
17.0,12,15,10,1362
17.0,12,15,11,1366
17.0,12,15,12,1370
17.0,12,15,13,1374
17.0,12,15,14,1378
17.0,12,15,15,1382
17.0,13,0,0,1263
17.0,13,0,1,1267
17.0,13,0,2,1271
17.0,13,0,3,1275
17.0,13,0,4,1279
17.0,13,0,5,1283
17.0,13,0,6,1287
17.0,13,0,7,1291
17.0,13,0,8,1295
17.0,13,0,9,1299
17.0,13,0,10,1303
17.0,13,0,11,1307
17.0,13,0,12,1311
17.0,13,0,13,1315
17.0,13,0,14,1319
17.0,13,0,15,1322
17.0,13,1,0,1267
17.0,13,1,1,1271
17.0,13,1,2,1275
17.0,13,1,3,1279
17.0,13,1,4,1283
17.0,13,1,5,1287
17.0,13,1,6,1291
17.0,13,1,7,1295
17.0,13,1,8,1299
17.0,13,1,9,1303
17.0,13,1,10,1307
17.0,13,1,11,1311
17.0,13,1,12,1315
17.0,13,1,13,1319
17.0,13,1,14,1323
17.0,13,1,15,1327
17.0,13,2,0,1271
17.0,13,2,1,1275
17.0,13,2,2,1279
17.0,13,2,3,1283
17.0,13,2,4,1287
17.0,13,2,5,1292
17.0,13,2,6,1296
17.0,13,2,7,1300
17.0,13,2,8,1304
17.0,13,2,9,1308
17.0,13,2,10,1312
17.0,13,2,11,1316
17.0,13,2,12,1319
17.0,13,2,13,1323
17.0,13,2,14,1327
17.0,13,2,15,1331
17.0,13,3,0,1275
17.0,13,3,1,1280
17.0,13,3,2,1284
17.0,13,3,3,1288
17.0,13,3,4,1292
17.0,13,3,5,1296
17.0,13,3,6,1300
17.0,13,3,7,1304
17.0,13,3,8,1308
17.0,13,3,9,1312
17.0,13,3,10,1316
17.0,13,3,11,1320
17.0,13,3,12,1324
17.0,13,3,13,1328
17.0,13,3,14,1332
17.0,13,3,15,1336
17.0,13,4,0,1280
17.0,13,4,1,1284
17.0,13,4,2,1288
17.0,13,4,3,1292
17.0,13,4,4,1296
17.0,13,4,5,1300
17.0,13,4,6,1304
17.0,13,4,7,1308
17.0,13,4,8,1312
17.0,13,4,9,1316
17.0,13,4,10,1320
17.0,13,4,11,1324
17.0,13,4,12,1328
17.0,13,4,13,1332
17.0,13,4,14,1336
17.0,13,4,15,1340
17.0,13,5,0,1284
17.0,13,5,1,1288
17.0,13,5,2,1292
17.0,13,5,3,1296
17.0,13,5,4,1300
17.0,13,5,5,1304
17.0,13,5,6,1308
17.0,13,5,7,1312
17.0,13,5,8,1316
17.0,13,5,9,1321
17.0,13,5,10,1325
17.0,13,5,11,1329
17.0,13,5,12,1333
17.0,13,5,13,1337
17.0,13,5,14,1341
17.0,13,5,15,1344
17.0,13,6,0,1288
17.0,13,6,1,1292
17.0,13,6,2,1296
17.0,13,6,3,1300
17.0,13,6,4,1304
17.0,13,6,5,1309
17.0,13,6,6,1313
17.0,13,6,7,1317
17.0,13,6,8,1321
17.0,13,6,9,1325
17.0,13,6,10,1329
17.0,13,6,11,1333
17.0,13,6,12,1337
17.0,13,6,13,1341
17.0,13,6,14,1345
17.0,13,6,15,1349
17.0,13,7,0,1292
17.0,13,7,1,1296
17.0,13,7,2,1300
17.0,13,7,3,1305
17.0,13,7,4,1309
17.0,13,7,5,1313
17.0,13,7,6,1317
17.0,13,7,7,1321
17.0,13,7,8,1325
17.0,13,7,9,1329
17.0,13,7,10,1333
17.0,13,7,11,1337
17.0,13,7,12,1341
17.0,13,7,13,1345
17.0,13,7,14,1349
17.0,13,7,15,1353
17.0,13,8,0,1296
17.0,13,8,1,1300
17.0,13,8,2,1305
17.0,13,8,3,1309
17.0,13,8,4,1313
17.0,13,8,5,1317
17.0,13,8,6,1321
17.0,13,8,7,1325
17.0,13,8,8,1329
17.0,13,8,9,1333
17.0,13,8,10,1337
17.0,13,8,11,1341
17.0,13,8,12,1345
17.0,13,8,13,1349
17.0,13,8,14,1354
17.0,13,8,15,1358
17.0,13,9,0,1300
17.0,13,9,1,1305
17.0,13,9,2,1309
17.0,13,9,3,1313
17.0,13,9,4,1317
17.0,13,9,5,1321
17.0,13,9,6,1325
17.0,13,9,7,1329
17.0,13,9,8,1333
17.0,13,9,9,1338
17.0,13,9,10,1342
17.0,13,9,11,1346
17.0,13,9,12,1350
17.0,13,9,13,1354
17.0,13,9,14,1358
17.0,13,9,15,1362
17.0,13,10,0,1304
17.0,13,10,1,1309
17.0,13,10,2,1313
17.0,13,10,3,1317
17.0,13,10,4,1321
17.0,13,10,5,1325
17.0,13,10,6,1329
17.0,13,10,7,1334
17.0,13,10,8,1338
17.0,13,10,9,1342
17.0,13,10,10,1346
17.0,13,10,11,1350
17.0,13,10,12,1354
17.0,13,10,13,1358
17.0,13,10,14,1362
17.0,13,10,15,1366
17.0,13,11,0,1309
17.0,13,11,1,1313
17.0,13,11,2,1317
17.0,13,11,3,1321
17.0,13,11,4,1325
17.0,13,11,5,1329
17.0,13,11,6,1334
17.0,13,11,7,1338
17.0,13,11,8,1342
17.0,13,11,9,1346
17.0,13,11,10,1350
17.0,13,11,11,1354
17.0,13,11,12,1358
17.0,13,11,13,1362
17.0,13,11,14,1366
17.0,13,11,15,1370
17.0,13,12,0,1313
17.0,13,12,1,1317
17.0,13,12,2,1321
17.0,13,12,3,1325
17.0,13,12,4,1329
17.0,13,12,5,1334
17.0,13,12,6,1338
17.0,13,12,7,1342
17.0,13,12,8,1346
17.0,13,12,9,1350
17.0,13,12,10,1354
17.0,13,12,11,1358
17.0,13,12,12,1363
17.0,13,12,13,1367
17.0,13,12,14,1371
17.0,13,12,15,1375
17.0,13,13,0,1317
17.0,13,13,1,1321
17.0,13,13,2,1325
17.0,13,13,3,1329
17.0,13,13,4,1334
17.0,13,13,5,1338
17.0,13,13,6,1342
17.0,13,13,7,1346
17.0,13,13,8,1350
17.0,13,13,9,1354
17.0,13,13,10,1359
17.0,13,13,11,1363
17.0,13,13,12,1367
17.0,13,13,13,1371
17.0,13,13,14,1375
17.0,13,13,15,1379
17.0,13,14,0,1321
17.0,13,14,1,1325
17.0,13,14,2,1329
17.0,13,14,3,1333
17.0,13,14,4,1338
17.0,13,14,5,1342
17.0,13,14,6,1346
17.0,13,14,7,1350
17.0,13,14,8,1354
17.0,13,14,9,1359
17.0,13,14,10,1363
17.0,13,14,11,1367
17.0,13,14,12,1371
17.0,13,14,13,1375
17.0,13,14,14,1379
17.0,13,14,15,1383
17.0,13,15,0,1325
17.0,13,15,1,1329
17.0,13,15,2,1333
17.0,13,15,3,1338
17.0,13,15,4,1342
17.0,13,15,5,1346
17.0,13,15,6,1350
17.0,13,15,7,1354
17.0,13,15,8,1359
17.0,13,15,9,1363
17.0,13,15,10,1367
17.0,13,15,11,1371
17.0,13,15,12,1375
17.0,13,15,13,1379
17.0,13,15,14,1383
17.0,13,15,15,1387
17.0,14,0,0,1267
17.0,14,0,1,1271
17.0,14,0,2,1276
17.0,14,0,3,1280
17.0,14,0,4,1284
17.0,14,0,5,1288
17.0,14,0,6,1292
17.0,14,0,7,1296
17.0,14,0,8,1300
17.0,14,0,9,1304
17.0,14,0,10,1308
17.0,14,0,11,1312
17.0,14,0,12,1316
17.0,14,0,13,1319
17.0,14,0,14,1323
17.0,14,0,15,1327
17.0,14,1,0,1272
17.0,14,1,1,1276
17.0,14,1,2,1280
17.0,14,1,3,1284
17.0,14,1,4,1288
17.0,14,1,5,1292
17.0,14,1,6,1296
17.0,14,1,7,1300
17.0,14,1,8,1304
17.0,14,1,9,1308
17.0,14,1,10,1312
17.0,14,1,11,1316
17.0,14,1,12,1320
17.0,14,1,13,1324
17.0,14,1,14,1328
17.0,14,1,15,1332
17.0,14,2,0,1276
17.0,14,2,1,1280
17.0,14,2,2,1284
17.0,14,2,3,1288
17.0,14,2,4,1292
17.0,14,2,5,1296
17.0,14,2,6,1300
17.0,14,2,7,1304
17.0,14,2,8,1308
17.0,14,2,9,1312
17.0,14,2,10,1316
17.0,14,2,11,1320
17.0,14,2,12,1324
17.0,14,2,13,1328
17.0,14,2,14,1332
17.0,14,2,15,1336
17.0,14,3,0,1280
17.0,14,3,1,1284
17.0,14,3,2,1288
17.0,14,3,3,1292
17.0,14,3,4,1296
17.0,14,3,5,1301
17.0,14,3,6,1305
17.0,14,3,7,1309
17.0,14,3,8,1313
17.0,14,3,9,1317
17.0,14,3,10,1321
17.0,14,3,11,1325
17.0,14,3,12,1329
17.0,14,3,13,1333
17.0,14,3,14,1337
17.0,14,3,15,1341
17.0,14,4,0,1284
17.0,14,4,1,1288
17.0,14,4,2,1293
17.0,14,4,3,1297
17.0,14,4,4,1301
17.0,14,4,5,1305
17.0,14,4,6,1309
17.0,14,4,7,1313
17.0,14,4,8,1317
17.0,14,4,9,1321
17.0,14,4,10,1325
17.0,14,4,11,1329
17.0,14,4,12,1333
17.0,14,4,13,1337
17.0,14,4,14,1341
17.0,14,4,15,1345
17.0,14,5,0,1288
17.0,14,5,1,1293
17.0,14,5,2,1297
17.0,14,5,3,1301
17.0,14,5,4,1305
17.0,14,5,5,1309
17.0,14,5,6,1313
17.0,14,5,7,1317
17.0,14,5,8,1321
17.0,14,5,9,1325
17.0,14,5,10,1329
17.0,14,5,11,1333
17.0,14,5,12,1337
17.0,14,5,13,1341
17.0,14,5,14,1345
17.0,14,5,15,1349
17.0,14,6,0,1293
17.0,14,6,1,1297
17.0,14,6,2,1301
17.0,14,6,3,1305
17.0,14,6,4,1309
17.0,14,6,5,1313
17.0,14,6,6,1317
17.0,14,6,7,1322
17.0,14,6,8,1326
17.0,14,6,9,1330
17.0,14,6,10,1334
17.0,14,6,11,1338
17.0,14,6,12,1342
17.0,14,6,13,1346
17.0,14,6,14,1350
17.0,14,6,15,1354
17.0,14,7,0,1297
17.0,14,7,1,1301
17.0,14,7,2,1305
17.0,14,7,3,1309
17.0,14,7,4,1313
17.0,14,7,5,1318
17.0,14,7,6,1322
17.0,14,7,7,1326
17.0,14,7,8,1330
17.0,14,7,9,1334
17.0,14,7,10,1338
17.0,14,7,11,1342
17.0,14,7,12,1346
17.0,14,7,13,1350
17.0,14,7,14,1354
17.0,14,7,15,1358
17.0,14,8,0,1301
17.0,14,8,1,1305
17.0,14,8,2,1309
17.0,14,8,3,1313
17.0,14,8,4,1318
17.0,14,8,5,1322
17.0,14,8,6,1326
17.0,14,8,7,1330
17.0,14,8,8,1334
17.0,14,8,9,1338
17.0,14,8,10,1342
17.0,14,8,11,1346
17.0,14,8,12,1350
17.0,14,8,13,1354
17.0,14,8,14,1358
17.0,14,8,15,1362
17.0,14,9,0,1305
17.0,14,9,1,1309
17.0,14,9,2,1313
17.0,14,9,3,1318
17.0,14,9,4,1322
17.0,14,9,5,1326
17.0,14,9,6,1330
17.0,14,9,7,1334
17.0,14,9,8,1338
17.0,14,9,9,1342
17.0,14,9,10,1347
17.0,14,9,11,1351
17.0,14,9,12,1355
17.0,14,9,13,1359
17.0,14,9,14,1363
17.0,14,9,15,1367
17.0,14,10,0,1309
17.0,14,10,1,1313
17.0,14,10,2,1318
17.0,14,10,3,1322
17.0,14,10,4,1326
17.0,14,10,5,1330
17.0,14,10,6,1334
17.0,14,10,7,1338
17.0,14,10,8,1343
17.0,14,10,9,1347
17.0,14,10,10,1351
17.0,14,10,11,1355
17.0,14,10,12,1359
17.0,14,10,13,1363
17.0,14,10,14,1367
17.0,14,10,15,1371
17.0,14,11,0,1313
17.0,14,11,1,1318
17.0,14,11,2,1322
17.0,14,11,3,1326
17.0,14,11,4,1330
17.0,14,11,5,1334
17.0,14,11,6,1339
17.0,14,11,7,1343
17.0,14,11,8,1347
17.0,14,11,9,1351
17.0,14,11,10,1355
17.0,14,11,11,1359
17.0,14,11,12,1363
17.0,14,11,13,1367
17.0,14,11,14,1371
17.0,14,11,15,1375
17.0,14,12,0,1317
17.0,14,12,1,1322
17.0,14,12,2,1326
17.0,14,12,3,1330
17.0,14,12,4,1334
17.0,14,12,5,1339
17.0,14,12,6,1343
17.0,14,12,7,1347
17.0,14,12,8,1351
17.0,14,12,9,1355
17.0,14,12,10,1359
17.0,14,12,11,1363
17.0,14,12,12,1367
17.0,14,12,13,1372
17.0,14,12,14,1376
17.0,14,12,15,1380
17.0,14,13,0,1322
17.0,14,13,1,1326
17.0,14,13,2,1330
17.0,14,13,3,1334
17.0,14,13,4,1338
17.0,14,13,5,1343
17.0,14,13,6,1347
17.0,14,13,7,1351
17.0,14,13,8,1355
17.0,14,13,9,1359
17.0,14,13,10,1363
17.0,14,13,11,1368
17.0,14,13,12,1372
17.0,14,13,13,1376
17.0,14,13,14,1380
17.0,14,13,15,1384
17.0,14,14,0,1326
17.0,14,14,1,1330
17.0,14,14,2,1334
17.0,14,14,3,1338
17.0,14,14,4,1343
17.0,14,14,5,1347
17.0,14,14,6,1351
17.0,14,14,7,1355
17.0,14,14,8,1359
17.0,14,14,9,1364
17.0,14,14,10,1368
17.0,14,14,11,1372
17.0,14,14,12,1376
17.0,14,14,13,1380
17.0,14,14,14,1384
17.0,14,14,15,1388
17.0,14,15,0,1330
17.0,14,15,1,1334
17.0,14,15,2,1338
17.0,14,15,3,1342
17.0,14,15,4,1347
17.0,14,15,5,1351
17.0,14,15,6,1355
17.0,14,15,7,1359
17.0,14,15,8,1364
17.0,14,15,9,1368
17.0,14,15,10,1372
17.0,14,15,11,1376
17.0,14,15,12,1380
17.0,14,15,13,1384
17.0,14,15,14,1388
17.0,14,15,15,1393
17.0,15,0,0,1272
17.0,15,0,1,1276
17.0,15,0,2,1280
17.0,15,0,3,1284
17.0,15,0,4,1288
17.0,15,0,5,1292
17.0,15,0,6,1296
17.0,15,0,7,1300
17.0,15,0,8,1304
17.0,15,0,9,1308
17.0,15,0,10,1312
17.0,15,0,11,1316
17.0,15,0,12,1320
17.0,15,0,13,1324
17.0,15,0,14,1328
17.0,15,0,15,1332
17.0,15,1,0,1276
17.0,15,1,1,1280
17.0,15,1,2,1284
17.0,15,1,3,1289
17.0,15,1,4,1293
17.0,15,1,5,1297
17.0,15,1,6,1301
17.0,15,1,7,1305
17.0,15,1,8,1309
17.0,15,1,9,1313
17.0,15,1,10,1317
17.0,15,1,11,1321
17.0,15,1,12,1325
17.0,15,1,13,1329
17.0,15,1,14,1333
17.0,15,1,15,1337
17.0,15,2,0,1280
17.0,15,2,1,1285
17.0,15,2,2,1289
17.0,15,2,3,1293
17.0,15,2,4,1297
17.0,15,2,5,1301
17.0,15,2,6,1305
17.0,15,2,7,1309
17.0,15,2,8,1313
17.0,15,2,9,1317
17.0,15,2,10,1321
17.0,15,2,11,1325
17.0,15,2,12,1329
17.0,15,2,13,1333
17.0,15,2,14,1337
17.0,15,2,15,1341
17.0,15,3,0,1285
17.0,15,3,1,1289
17.0,15,3,2,1293
17.0,15,3,3,1297
17.0,15,3,4,1301
17.0,15,3,5,1305
17.0,15,3,6,1309
17.0,15,3,7,1313
17.0,15,3,8,1317
17.0,15,3,9,1321
17.0,15,3,10,1326
17.0,15,3,11,1330
17.0,15,3,12,1334
17.0,15,3,13,1338
17.0,15,3,14,1341
17.0,15,3,15,1345
17.0,15,4,0,1289
17.0,15,4,1,1293
17.0,15,4,2,1297
17.0,15,4,3,1301
17.0,15,4,4,1305
17.0,15,4,5,1310
17.0,15,4,6,1314
17.0,15,4,7,1318
17.0,15,4,8,1322
17.0,15,4,9,1326
17.0,15,4,10,1330
17.0,15,4,11,1334
17.0,15,4,12,1338
17.0,15,4,13,1342
17.0,15,4,14,1346
17.0,15,4,15,1350
17.0,15,5,0,1293
17.0,15,5,1,1297
17.0,15,5,2,1301
17.0,15,5,3,1306
17.0,15,5,4,1310
17.0,15,5,5,1314
17.0,15,5,6,1318
17.0,15,5,7,1322
17.0,15,5,8,1326
17.0,15,5,9,1330
17.0,15,5,10,1334
17.0,15,5,11,1338
17.0,15,5,12,1342
17.0,15,5,13,1346
17.0,15,5,14,1350
17.0,15,5,15,1354
17.0,15,6,0,1297
17.0,15,6,1,1302
17.0,15,6,2,1306
17.0,15,6,3,1310
17.0,15,6,4,1314
17.0,15,6,5,1318
17.0,15,6,6,1322
17.0,15,6,7,1326
17.0,15,6,8,1330
17.0,15,6,9,1334
17.0,15,6,10,1339
17.0,15,6,11,1343
17.0,15,6,12,1347
17.0,15,6,13,1351
17.0,15,6,14,1355
17.0,15,6,15,1359
17.0,15,7,0,1302
17.0,15,7,1,1306
17.0,15,7,2,1310
17.0,15,7,3,1314
17.0,15,7,4,1318
17.0,15,7,5,1322
17.0,15,7,6,1326
17.0,15,7,7,1331
17.0,15,7,8,1335
17.0,15,7,9,1339
17.0,15,7,10,1343
17.0,15,7,11,1347
17.0,15,7,12,1351
17.0,15,7,13,1355
17.0,15,7,14,1359
17.0,15,7,15,1363
17.0,15,8,0,1306
17.0,15,8,1,1310
17.0,15,8,2,1314
17.0,15,8,3,1318
17.0,15,8,4,1322
17.0,15,8,5,1327
17.0,15,8,6,1331
17.0,15,8,7,1335
17.0,15,8,8,1339
17.0,15,8,9,1343
17.0,15,8,10,1347
17.0,15,8,11,1351
17.0,15,8,12,1355
17.0,15,8,13,1359
17.0,15,8,14,1363
17.0,15,8,15,1367
17.0,15,9,0,1310
17.0,15,9,1,1314
17.0,15,9,2,1318
17.0,15,9,3,1322
17.0,15,9,4,1327
17.0,15,9,5,1331
17.0,15,9,6,1335
17.0,15,9,7,1339
17.0,15,9,8,1343
17.0,15,9,9,1347
17.0,15,9,10,1351
17.0,15,9,11,1356
17.0,15,9,12,1360
17.0,15,9,13,1364
17.0,15,9,14,1368
17.0,15,9,15,1372
17.0,15,10,0,1314
17.0,15,10,1,1318
17.0,15,10,2,1322
17.0,15,10,3,1327
17.0,15,10,4,1331
17.0,15,10,5,1335
17.0,15,10,6,1339
17.0,15,10,7,1343
17.0,15,10,8,1347
17.0,15,10,9,1352
17.0,15,10,10,1356
17.0,15,10,11,1360
17.0,15,10,12,1364
17.0,15,10,13,1368
17.0,15,10,14,1372
17.0,15,10,15,1376
17.0,15,11,0,1318
17.0,15,11,1,1322
17.0,15,11,2,1327
17.0,15,11,3,1331
17.0,15,11,4,1335
17.0,15,11,5,1339
17.0,15,11,6,1343
17.0,15,11,7,1348
17.0,15,11,8,1352
17.0,15,11,9,1356
17.0,15,11,10,1360
17.0,15,11,11,1364
17.0,15,11,12,1368
17.0,15,11,13,1372
17.0,15,11,14,1376
17.0,15,11,15,1380
17.0,15,12,0,1322
17.0,15,12,1,1326
17.0,15,12,2,1331
17.0,15,12,3,1335
17.0,15,12,4,1339
17.0,15,12,5,1343
17.0,15,12,6,1348
17.0,15,12,7,1352
17.0,15,12,8,1356
17.0,15,12,9,1360
17.0,15,12,10,1364
17.0,15,12,11,1368
17.0,15,12,12,1372
17.0,15,12,13,1377
17.0,15,12,14,1381
17.0,15,12,15,1385
17.0,15,13,0,1326
17.0,15,13,1,1331
17.0,15,13,2,1335
17.0,15,13,3,1339
17.0,15,13,4,1343
17.0,15,13,5,1348
17.0,15,13,6,1352
17.0,15,13,7,1356
17.0,15,13,8,1360
17.0,15,13,9,1364
17.0,15,13,10,1368
17.0,15,13,11,1373
17.0,15,13,12,1377
17.0,15,13,13,1381
17.0,15,13,14,1385
17.0,15,13,15,1389
17.0,15,14,0,1330
17.0,15,14,1,1335
17.0,15,14,2,1339
17.0,15,14,3,1343
17.0,15,14,4,1347
17.0,15,14,5,1352
17.0,15,14,6,1356
17.0,15,14,7,1360
17.0,15,14,8,1364
17.0,15,14,9,1368
17.0,15,14,10,1373
17.0,15,14,11,1377
17.0,15,14,12,1381
17.0,15,14,13,1385
17.0,15,14,14,1389
17.0,15,14,15,1393
17.0,15,15,0,1334
17.0,15,15,1,1339
17.0,15,15,2,1343
17.0,15,15,3,1347
17.0,15,15,4,1352
17.0,15,15,5,1356
17.0,15,15,6,1360
17.0,15,15,7,1364
17.0,15,15,8,1368
17.0,15,15,9,1373
17.0,15,15,10,1377
17.0,15,15,11,1381
17.0,15,15,12,1385
17.0,15,15,13,1389
17.0,15,15,14,1393
17.0,15,15,15,1398
17.5,0,0,0,1238
17.5,0,0,1,1242
17.5,0,0,2,1246
17.5,0,0,3,1250
17.5,0,0,4,1254
17.5,0,0,5,1258
17.5,0,0,6,1262
17.5,0,0,7,1266
17.5,0,0,8,1270
17.5,0,0,9,1274
17.5,0,0,10,1278
17.5,0,0,11,1281
17.5,0,0,12,1285
17.5,0,0,13,1289
17.5,0,0,14,1293
17.5,0,0,15,1297
17.5,0,1,0,1242
17.5,0,1,1,1246
17.5,0,1,2,1250
17.5,0,1,3,1254
17.5,0,1,4,1258
17.5,0,1,5,1262
17.5,0,1,6,1266
17.5,0,1,7,1270
17.5,0,1,8,1274
17.5,0,1,9,1278
17.5,0,1,10,1282
17.5,0,1,11,1286
17.5,0,1,12,1290
17.5,0,1,13,1293
17.5,0,1,14,1297
17.5,0,1,15,1301
17.5,0,2,0,1246
17.5,0,2,1,1250
17.5,0,2,2,1254
17.5,0,2,3,1258
17.5,0,2,4,1262
17.5,0,2,5,1266
17.5,0,2,6,1270
17.5,0,2,7,1274
17.5,0,2,8,1278
17.5,0,2,9,1282
17.5,0,2,10,1286
17.5,0,2,11,1290
17.5,0,2,12,1294
17.5,0,2,13,1298
17.5,0,2,14,1302
17.5,0,2,15,1305
17.5,0,3,0,1251
17.5,0,3,1,1255
17.5,0,3,2,1259
17.5,0,3,3,1263
17.5,0,3,4,1267
17.5,0,3,5,1271
17.5,0,3,6,1275
17.5,0,3,7,1279
17.5,0,3,8,1282
17.5,0,3,9,1286
17.5,0,3,10,1290
17.5,0,3,11,1294
17.5,0,3,12,1298
17.5,0,3,13,1302
17.5,0,3,14,1306
17.5,0,3,15,1310
17.5,0,4,0,1255
17.5,0,4,1,1259
17.5,0,4,2,1263
17.5,0,4,3,1267
17.5,0,4,4,1271
17.5,0,4,5,1275
17.5,0,4,6,1279
17.5,0,4,7,1283
17.5,0,4,8,1287
17.5,0,4,9,1291
17.5,0,4,10,1295
17.5,0,4,11,1298
17.5,0,4,12,1302
17.5,0,4,13,1306
17.5,0,4,14,1310
17.5,0,4,15,1314
17.5,0,5,0,1259
17.5,0,5,1,1263
17.5,0,5,2,1267
17.5,0,5,3,1271
17.5,0,5,4,1275
17.5,0,5,5,1279
17.5,0,5,6,1283
17.5,0,5,7,1287
17.5,0,5,8,1291
17.5,0,5,9,1295
17.5,0,5,10,1299
17.5,0,5,11,1303
17.5,0,5,12,1307
17.5,0,5,13,1311
17.5,0,5,14,1314
17.5,0,5,15,1318
17.5,0,6,0,1263
17.5,0,6,1,1267
17.5,0,6,2,1271
17.5,0,6,3,1275
17.5,0,6,4,1279
17.5,0,6,5,1283
17.5,0,6,6,1287
17.5,0,6,7,1291
17.5,0,6,8,1295
17.5,0,6,9,1299
17.5,0,6,10,1303
17.5,0,6,11,1307
17.5,0,6,12,1311
17.5,0,6,13,1315
17.5,0,6,14,1319
17.5,0,6,15,1323
17.5,0,7,0,1267
17.5,0,7,1,1271
17.5,0,7,2,1275
17.5,0,7,3,1279
17.5,0,7,4,1283
17.5,0,7,5,1287
17.5,0,7,6,1291
17.5,0,7,7,1295
17.5,0,7,8,1299
17.5,0,7,9,1303
17.5,0,7,10,1307
17.5,0,7,11,1311
17.5,0,7,12,1315
17.5,0,7,13,1319
17.5,0,7,14,1323
17.5,0,7,15,1327
17.5,0,8,0,1271
17.5,0,8,1,1275
17.5,0,8,2,1279
17.5,0,8,3,1283
17.5,0,8,4,1287
17.5,0,8,5,1291
17.5,0,8,6,1295
17.5,0,8,7,1299
17.5,0,8,8,1303
17.5,0,8,9,1307
17.5,0,8,10,1311
17.5,0,8,11,1315
17.5,0,8,12,1319
17.5,0,8,13,1323
17.5,0,8,14,1327
17.5,0,8,15,1331
17.5,0,9,0,1275
17.5,0,9,1,1279
17.5,0,9,2,1283
17.5,0,9,3,1287
17.5,0,9,4,1291
17.5,0,9,5,1295
17.5,0,9,6,1299
17.5,0,9,7,1304
17.5,0,9,8,1308
17.5,0,9,9,1312
17.5,0,9,10,1316
17.5,0,9,11,1320
17.5,0,9,12,1323
17.5,0,9,13,1327
17.5,0,9,14,1331
17.5,0,9,15,1335
17.5,0,10,0,1279
17.5,0,10,1,1283
17.5,0,10,2,1287
17.5,0,10,3,1291
17.5,0,10,4,1295
17.5,0,10,5,1300
17.5,0,10,6,1304
17.5,0,10,7,1308
17.5,0,10,8,1312
17.5,0,10,9,1316
17.5,0,10,10,1320
17.5,0,10,11,1324
17.5,0,10,12,1328
17.5,0,10,13,1332
17.5,0,10,14,1336
17.5,0,10,15,1340
17.5,0,11,0,1283
17.5,0,11,1,1287
17.5,0,11,2,1291
17.5,0,11,3,1295
17.5,0,11,4,1300
17.5,0,11,5,1304
17.5,0,11,6,1308
17.5,0,11,7,1312
17.5,0,11,8,1316
17.5,0,11,9,1320
17.5,0,11,10,1324
17.5,0,11,11,1328
17.5,0,11,12,1332
17.5,0,11,13,1336
17.5,0,11,14,1340
17.5,0,11,15,1344
17.5,0,12,0,1287
17.5,0,12,1,1291
17.5,0,12,2,1295
17.5,0,12,3,1299
17.5,0,12,4,1304
17.5,0,12,5,1308
17.5,0,12,6,1312
17.5,0,12,7,1316
17.5,0,12,8,1320
17.5,0,12,9,1324
17.5,0,12,10,1328
17.5,0,12,11,1332
17.5,0,12,12,1336
17.5,0,12,13,1340
17.5,0,12,14,1344
17.5,0,12,15,1348
17.5,0,13,0,1291
17.5,0,13,1,1295
17.5,0,13,2,1299
17.5,0,13,3,1304
17.5,0,13,4,1308
17.5,0,13,5,1312
17.5,0,13,6,1316
17.5,0,13,7,1320
17.5,0,13,8,1324
17.5,0,13,9,1328
17.5,0,13,10,1332
17.5,0,13,11,1336
17.5,0,13,12,1340
17.5,0,13,13,1344
17.5,0,13,14,1348
17.5,0,13,15,1352
17.5,0,14,0,1295
17.5,0,14,1,1299
17.5,0,14,2,1303
17.5,0,14,3,1308
17.5,0,14,4,1312
17.5,0,14,5,1316
17.5,0,14,6,1320
17.5,0,14,7,1324
17.5,0,14,8,1328
17.5,0,14,9,1332
17.5,0,14,10,1336
17.5,0,14,11,1340
17.5,0,14,12,1344
17.5,0,14,13,1348
17.5,0,14,14,1352
17.5,0,14,15,1356
17.5,0,15,0,1299
17.5,0,15,1,1303
17.5,0,15,2,1307
17.5,0,15,3,1312
17.5,0,15,4,1316
17.5,0,15,5,1320
17.5,0,15,6,1324
17.5,0,15,7,1328
17.5,0,15,8,1332
17.5,0,15,9,1336
17.5,0,15,10,1340
17.5,0,15,11,1344
17.5,0,15,12,1348
17.5,0,15,13,1352
17.5,0,15,14,1356
17.5,0,15,15,1360
17.5,1,0,0,1243
17.5,1,0,1,1247
17.5,1,0,2,1251
17.5,1,0,3,1255
17.5,1,0,4,1259
17.5,1,0,5,1263
17.5,1,0,6,1267
17.5,1,0,7,1271
17.5,1,0,8,1275
17.5,1,0,9,1279
17.5,1,0,10,1282
17.5,1,0,11,1286
17.5,1,0,12,1290
17.5,1,0,13,1294
17.5,1,0,14,1298
17.5,1,0,15,1302
17.5,1,1,0,1247
17.5,1,1,1,1251
17.5,1,1,2,1255
17.5,1,1,3,1259
17.5,1,1,4,1263
17.5,1,1,5,1267
17.5,1,1,6,1271
17.5,1,1,7,1275
17.5,1,1,8,1279
17.5,1,1,9,1283
17.5,1,1,10,1287
17.5,1,1,11,1291
17.5,1,1,12,1294
17.5,1,1,13,1298
17.5,1,1,14,1302
17.5,1,1,15,1306
17.5,1,2,0,1251
17.5,1,2,1,1255
17.5,1,2,2,1259
17.5,1,2,3,1263
17.5,1,2,4,1267
17.5,1,2,5,1271
17.5,1,2,6,1275
17.5,1,2,7,1279
17.5,1,2,8,1283
17.5,1,2,9,1287
17.5,1,2,10,1291
17.5,1,2,11,1295
17.5,1,2,12,1299
17.5,1,2,13,1303
17.5,1,2,14,1307
17.5,1,2,15,1310
17.5,1,3,0,1255
17.5,1,3,1,1259
17.5,1,3,2,1263
17.5,1,3,3,1267
17.5,1,3,4,1271
17.5,1,3,5,1275
17.5,1,3,6,1279
17.5,1,3,7,1283
17.5,1,3,8,1287
17.5,1,3,9,1291
17.5,1,3,10,1295
17.5,1,3,11,1299
17.5,1,3,12,1303
17.5,1,3,13,1307
17.5,1,3,14,1311
17.5,1,3,15,1315
17.5,1,4,0,1260
17.5,1,4,1,1264
17.5,1,4,2,1268
17.5,1,4,3,1272
17.5,1,4,4,1276
17.5,1,4,5,1280
17.5,1,4,6,1284
17.5,1,4,7,1288
17.5,1,4,8,1292
17.5,1,4,9,1296
17.5,1,4,10,1300
17.5,1,4,11,1303
17.5,1,4,12,1307
17.5,1,4,13,1311
17.5,1,4,14,1315
17.5,1,4,15,1319
17.5,1,5,0,1264
17.5,1,5,1,1268
17.5,1,5,2,1272
17.5,1,5,3,1276
17.5,1,5,4,1280
17.5,1,5,5,1284
17.5,1,5,6,1288
17.5,1,5,7,1292
17.5,1,5,8,1296
17.5,1,5,9,1300
17.5,1,5,10,1304
17.5,1,5,11,1308
17.5,1,5,12,1312
17.5,1,5,13,1316
17.5,1,5,14,1319
17.5,1,5,15,1323
17.5,1,6,0,1268
17.5,1,6,1,1272
17.5,1,6,2,1276
17.5,1,6,3,1280
17.5,1,6,4,1284
17.5,1,6,5,1288
17.5,1,6,6,1292
17.5,1,6,7,1296
17.5,1,6,8,1300
17.5,1,6,9,1304
17.5,1,6,10,1308
17.5,1,6,11,1312
17.5,1,6,12,1316
17.5,1,6,13,1320
17.5,1,6,14,1324
17.5,1,6,15,1328
17.5,1,7,0,1272
17.5,1,7,1,1276
17.5,1,7,2,1280
17.5,1,7,3,1284
17.5,1,7,4,1288
17.5,1,7,5,1292
17.5,1,7,6,1296
17.5,1,7,7,1300
17.5,1,7,8,1304
17.5,1,7,9,1308
17.5,1,7,10,1312
17.5,1,7,11,1316
17.5,1,7,12,1320
17.5,1,7,13,1324
17.5,1,7,14,1328
17.5,1,7,15,1332
17.5,1,8,0,1276
17.5,1,8,1,1280
17.5,1,8,2,1284
17.5,1,8,3,1288
17.5,1,8,4,1292
17.5,1,8,5,1296
17.5,1,8,6,1300
17.5,1,8,7,1304
17.5,1,8,8,1308
17.5,1,8,9,1312
17.5,1,8,10,1316
17.5,1,8,11,1320
17.5,1,8,12,1324
17.5,1,8,13,1328
17.5,1,8,14,1332
17.5,1,8,15,1336
17.5,1,9,0,1280
17.5,1,9,1,1284
17.5,1,9,2,1288
17.5,1,9,3,1292
17.5,1,9,4,1296
17.5,1,9,5,1300
17.5,1,9,6,1304
17.5,1,9,7,1309
17.5,1,9,8,1313
17.5,1,9,9,1317
17.5,1,9,10,1321
17.5,1,9,11,1325
17.5,1,9,12,1329
17.5,1,9,13,1333
17.5,1,9,14,1337
17.5,1,9,15,1340
17.5,1,10,0,1284
17.5,1,10,1,1288
17.5,1,10,2,1292
17.5,1,10,3,1296
17.5,1,10,4,1300
17.5,1,10,5,1305
17.5,1,10,6,1309
17.5,1,10,7,1313
17.5,1,10,8,1317
17.5,1,10,9,1321
17.5,1,10,10,1325
17.5,1,10,11,1329
17.5,1,10,12,1333
17.5,1,10,13,1337
17.5,1,10,14,1341
17.5,1,10,15,1345
17.5,1,11,0,1288
17.5,1,11,1,1292
17.5,1,11,2,1296
17.5,1,11,3,1300
17.5,1,11,4,1305
17.5,1,11,5,1309
17.5,1,11,6,1313
17.5,1,11,7,1317
17.5,1,11,8,1321
17.5,1,11,9,1325
17.5,1,11,10,1329
17.5,1,11,11,1333
17.5,1,11,12,1337
17.5,1,11,13,1341
17.5,1,11,14,1345
17.5,1,11,15,1349
17.5,1,12,0,1292
17.5,1,12,1,1296
17.5,1,12,2,1300
17.5,1,12,3,1304
17.5,1,12,4,1309
17.5,1,12,5,1313
17.5,1,12,6,1317
17.5,1,12,7,1321
17.5,1,12,8,1325
17.5,1,12,9,1329
17.5,1,12,10,1333
17.5,1,12,11,1337
17.5,1,12,12,1341
17.5,1,12,13,1345
17.5,1,12,14,1349
17.5,1,12,15,1353
17.5,1,13,0,1296
17.5,1,13,1,1300
17.5,1,13,2,1304
17.5,1,13,3,1309
17.5,1,13,4,1313
17.5,1,13,5,1317
17.5,1,13,6,1321
17.5,1,13,7,1325
17.5,1,13,8,1329
17.5,1,13,9,1333
17.5,1,13,10,1337
17.5,1,13,11,1341
17.5,1,13,12,1345
17.5,1,13,13,1349
17.5,1,13,14,1353
17.5,1,13,15,1357
17.5,1,14,0,1300
17.5,1,14,1,1304
17.5,1,14,2,1308
17.5,1,14,3,1313
17.5,1,14,4,1317
17.5,1,14,5,1321
17.5,1,14,6,1325
17.5,1,14,7,1329
17.5,1,14,8,1333
17.5,1,14,9,1337
17.5,1,14,10,1341
17.5,1,14,11,1345
17.5,1,14,12,1349
17.5,1,14,13,1353
17.5,1,14,14,1357
17.5,1,14,15,1362
17.5,1,15,0,1304
17.5,1,15,1,1308
17.5,1,15,2,1312
17.5,1,15,3,1317
17.5,1,15,4,1321
17.5,1,15,5,1325
17.5,1,15,6,1329
17.5,1,15,7,1333
17.5,1,15,8,1337
17.5,1,15,9,1341
17.5,1,15,10,1345
17.5,1,15,11,1350
17.5,1,15,12,1354
17.5,1,15,13,1358
17.5,1,15,14,1362
17.5,1,15,15,1366
17.5,2,0,0,1248
17.5,2,0,1,1252
17.5,2,0,2,1256
17.5,2,0,3,1260
17.5,2,0,4,1264
17.5,2,0,5,1268
17.5,2,0,6,1272
17.5,2,0,7,1276
17.5,2,0,8,1279
17.5,2,0,9,1283
17.5,2,0,10,1287
17.5,2,0,11,1291
17.5,2,0,12,1295
17.5,2,0,13,1299
17.5,2,0,14,1303
17.5,2,0,15,1307
17.5,2,1,0,1252
17.5,2,1,1,1256
17.5,2,1,2,1260
17.5,2,1,3,1264
17.5,2,1,4,1268
17.5,2,1,5,1272
17.5,2,1,6,1276
17.5,2,1,7,1280
17.5,2,1,8,1284
17.5,2,1,9,1288
17.5,2,1,10,1292
17.5,2,1,11,1296
17.5,2,1,12,1299
17.5,2,1,13,1303
17.5,2,1,14,1307
17.5,2,1,15,1311
17.5,2,2,0,1256
17.5,2,2,1,1260
17.5,2,2,2,1264
17.5,2,2,3,1268
17.5,2,2,4,1272
17.5,2,2,5,1276
17.5,2,2,6,1280
17.5,2,2,7,1284
17.5,2,2,8,1288
17.5,2,2,9,1292
17.5,2,2,10,1296
17.5,2,2,11,1300
17.5,2,2,12,1304
17.5,2,2,13,1308
17.5,2,2,14,1312
17.5,2,2,15,1315
17.5,2,3,0,1260
17.5,2,3,1,1264
17.5,2,3,2,1268
17.5,2,3,3,1272
17.5,2,3,4,1276
17.5,2,3,5,1280
17.5,2,3,6,1284
17.5,2,3,7,1288
17.5,2,3,8,1292
17.5,2,3,9,1296
17.5,2,3,10,1300
17.5,2,3,11,1304
17.5,2,3,12,1308
17.5,2,3,13,1312
17.5,2,3,14,1316
17.5,2,3,15,1320
17.5,2,4,0,1264
17.5,2,4,1,1268
17.5,2,4,2,1272
17.5,2,4,3,1276
17.5,2,4,4,1281
17.5,2,4,5,1285
17.5,2,4,6,1289
17.5,2,4,7,1293
17.5,2,4,8,1297
17.5,2,4,9,1301
17.5,2,4,10,1304
17.5,2,4,11,1308
17.5,2,4,12,1312
17.5,2,4,13,1316
17.5,2,4,14,1320
17.5,2,4,15,1324
17.5,2,5,0,1268
17.5,2,5,1,1273
17.5,2,5,2,1277
17.5,2,5,3,1281
17.5,2,5,4,1285
17.5,2,5,5,1289
17.5,2,5,6,1293
17.5,2,5,7,1297
17.5,2,5,8,1301
17.5,2,5,9,1305
17.5,2,5,10,1309
17.5,2,5,11,1313
17.5,2,5,12,1317
17.5,2,5,13,1321
17.5,2,5,14,1325
17.5,2,5,15,1328
17.5,2,6,0,1273
17.5,2,6,1,1277
17.5,2,6,2,1281
17.5,2,6,3,1285
17.5,2,6,4,1289
17.5,2,6,5,1293
17.5,2,6,6,1297
17.5,2,6,7,1301
17.5,2,6,8,1305
17.5,2,6,9,1309
17.5,2,6,10,1313
17.5,2,6,11,1317
17.5,2,6,12,1321
17.5,2,6,13,1325
17.5,2,6,14,1329
17.5,2,6,15,1333
17.5,2,7,0,1277
17.5,2,7,1,1281
17.5,2,7,2,1285
17.5,2,7,3,1289
17.5,2,7,4,1293
17.5,2,7,5,1297
17.5,2,7,6,1301
17.5,2,7,7,1305
17.5,2,7,8,1309
17.5,2,7,9,1313
17.5,2,7,10,1317
17.5,2,7,11,1321
17.5,2,7,12,1325
17.5,2,7,13,1329
17.5,2,7,14,1333
17.5,2,7,15,1337
17.5,2,8,0,1281
17.5,2,8,1,1285
17.5,2,8,2,1289
17.5,2,8,3,1293
17.5,2,8,4,1297
17.5,2,8,5,1301
17.5,2,8,6,1305
17.5,2,8,7,1309
17.5,2,8,8,1313
17.5,2,8,9,1317
17.5,2,8,10,1321
17.5,2,8,11,1325
17.5,2,8,12,1329
17.5,2,8,13,1333
17.5,2,8,14,1337
17.5,2,8,15,1341
17.5,2,9,0,1285
17.5,2,9,1,1289
17.5,2,9,2,1293
17.5,2,9,3,1297
17.5,2,9,4,1301
17.5,2,9,5,1305
17.5,2,9,6,1309
17.5,2,9,7,1314
17.5,2,9,8,1318
17.5,2,9,9,1322
17.5,2,9,10,1326
17.5,2,9,11,1330
17.5,2,9,12,1334
17.5,2,9,13,1338
17.5,2,9,14,1342
17.5,2,9,15,1346
17.5,2,10,0,1289
17.5,2,10,1,1293
17.5,2,10,2,1297
17.5,2,10,3,1301
17.5,2,10,4,1305
17.5,2,10,5,1310
17.5,2,10,6,1314
17.5,2,10,7,1318
17.5,2,10,8,1322
17.5,2,10,9,1326
17.5,2,10,10,1330
17.5,2,10,11,1334
17.5,2,10,12,1338
17.5,2,10,13,1342
17.5,2,10,14,1346
17.5,2,10,15,1350
17.5,2,11,0,1293
17.5,2,11,1,1297
17.5,2,11,2,1301
17.5,2,11,3,1305
17.5,2,11,4,1310
17.5,2,11,5,1314
17.5,2,11,6,1318
17.5,2,11,7,1322
17.5,2,11,8,1326
17.5,2,11,9,1330
17.5,2,11,10,1334
17.5,2,11,11,1338
17.5,2,11,12,1342
17.5,2,11,13,1346
17.5,2,11,14,1350
17.5,2,11,15,1354
17.5,2,12,0,1297
17.5,2,12,1,1301
17.5,2,12,2,1305
17.5,2,12,3,1309
17.5,2,12,4,1314
17.5,2,12,5,1318
17.5,2,12,6,1322
17.5,2,12,7,1326
17.5,2,12,8,1330
17.5,2,12,9,1334
17.5,2,12,10,1338
17.5,2,12,11,1342
17.5,2,12,12,1346
17.5,2,12,13,1350
17.5,2,12,14,1354
17.5,2,12,15,1358
17.5,2,13,0,1301
17.5,2,13,1,1305
17.5,2,13,2,1309
17.5,2,13,3,1314
17.5,2,13,4,1318
17.5,2,13,5,1322
17.5,2,13,6,1326
17.5,2,13,7,1330
17.5,2,13,8,1334
17.5,2,13,9,1338
17.5,2,13,10,1342
17.5,2,13,11,1346
17.5,2,13,12,1350
17.5,2,13,13,1354
17.5,2,13,14,1358
17.5,2,13,15,1363
17.5,2,14,0,1305
17.5,2,14,1,1309
17.5,2,14,2,1313
17.5,2,14,3,1318
17.5,2,14,4,1322
17.5,2,14,5,1326
17.5,2,14,6,1330
17.5,2,14,7,1334
17.5,2,14,8,1338
17.5,2,14,9,1342
17.5,2,14,10,1346
17.5,2,14,11,1351
17.5,2,14,12,1355
17.5,2,14,13,1359
17.5,2,14,14,1363
17.5,2,14,15,1367
17.5,2,15,0,1309
17.5,2,15,1,1313
17.5,2,15,2,1317
17.5,2,15,3,1322
17.5,2,15,4,1326
17.5,2,15,5,1330
17.5,2,15,6,1334
17.5,2,15,7,1338
17.5,2,15,8,1342
17.5,2,15,9,1346
17.5,2,15,10,1351
17.5,2,15,11,1355
17.5,2,15,12,1359
17.5,2,15,13,1363
17.5,2,15,14,1367
17.5,2,15,15,1371
17.5,3,0,0,1252
17.5,3,0,1,1256
17.5,3,0,2,1260
17.5,3,0,3,1264
17.5,3,0,4,1268
17.5,3,0,5,1272
17.5,3,0,6,1276
17.5,3,0,7,1280
17.5,3,0,8,1284
17.5,3,0,9,1288
17.5,3,0,10,1292
17.5,3,0,11,1296
17.5,3,0,12,1300
17.5,3,0,13,1304
17.5,3,0,14,1308
17.5,3,0,15,1312
17.5,3,1,0,1257
17.5,3,1,1,1261
17.5,3,1,2,1265
17.5,3,1,3,1269
17.5,3,1,4,1273
17.5,3,1,5,1277
17.5,3,1,6,1281
17.5,3,1,7,1285
17.5,3,1,8,1289
17.5,3,1,9,1293
17.5,3,1,10,1297
17.5,3,1,11,1300
17.5,3,1,12,1304
17.5,3,1,13,1308
17.5,3,1,14,1312
17.5,3,1,15,1316
17.5,3,2,0,1261
17.5,3,2,1,1265
17.5,3,2,2,1269
17.5,3,2,3,1273
17.5,3,2,4,1277
17.5,3,2,5,1281
17.5,3,2,6,1285
17.5,3,2,7,1289
17.5,3,2,8,1293
17.5,3,2,9,1297
17.5,3,2,10,1301
17.5,3,2,11,1305
17.5,3,2,12,1309
17.5,3,2,13,1313
17.5,3,2,14,1317
17.5,3,2,15,1320
17.5,3,3,0,1265
17.5,3,3,1,1269
17.5,3,3,2,1273
17.5,3,3,3,1277
17.5,3,3,4,1281
17.5,3,3,5,1285
17.5,3,3,6,1289
17.5,3,3,7,1293
17.5,3,3,8,1297
17.5,3,3,9,1301
17.5,3,3,10,1305
17.5,3,3,11,1309
17.5,3,3,12,1313
17.5,3,3,13,1317
17.5,3,3,14,1321
17.5,3,3,15,1325
17.5,3,4,0,1269
17.5,3,4,1,1273
17.5,3,4,2,1277
17.5,3,4,3,1281
17.5,3,4,4,1285
17.5,3,4,5,1289
17.5,3,4,6,1293
17.5,3,4,7,1297
17.5,3,4,8,1301
17.5,3,4,9,1305
17.5,3,4,10,1309
17.5,3,4,11,1313
17.5,3,4,12,1317
17.5,3,4,13,1321
17.5,3,4,14,1325
17.5,3,4,15,1329
17.5,3,5,0,1273
17.5,3,5,1,1277
17.5,3,5,2,1281
17.5,3,5,3,1286
17.5,3,5,4,1290
17.5,3,5,5,1294
17.5,3,5,6,1298
17.5,3,5,7,1302
17.5,3,5,8,1306
17.5,3,5,9,1310
17.5,3,5,10,1314
17.5,3,5,11,1318
17.5,3,5,12,1322
17.5,3,5,13,1326
17.5,3,5,14,1330
17.5,3,5,15,1333
17.5,3,6,0,1277
17.5,3,6,1,1282
17.5,3,6,2,1286
17.5,3,6,3,1290
17.5,3,6,4,1294
17.5,3,6,5,1298
17.5,3,6,6,1302
17.5,3,6,7,1306
17.5,3,6,8,1310
17.5,3,6,9,1314
17.5,3,6,10,1318
17.5,3,6,11,1322
17.5,3,6,12,1326
17.5,3,6,13,1330
17.5,3,6,14,1334
17.5,3,6,15,1338
17.5,3,7,0,1282
17.5,3,7,1,1286
17.5,3,7,2,1290
17.5,3,7,3,1294
17.5,3,7,4,1298
17.5,3,7,5,1302
17.5,3,7,6,1306
17.5,3,7,7,1310
17.5,3,7,8,1314
17.5,3,7,9,1318
17.5,3,7,10,1322
17.5,3,7,11,1326
17.5,3,7,12,1330
17.5,3,7,13,1334
17.5,3,7,14,1338
17.5,3,7,15,1342
17.5,3,8,0,1286
17.5,3,8,1,1290
17.5,3,8,2,1294
17.5,3,8,3,1298
17.5,3,8,4,1302
17.5,3,8,5,1306
17.5,3,8,6,1310
17.5,3,8,7,1314
17.5,3,8,8,1318
17.5,3,8,9,1322
17.5,3,8,10,1326
17.5,3,8,11,1330
17.5,3,8,12,1334
17.5,3,8,13,1338
17.5,3,8,14,1342
17.5,3,8,15,1346
17.5,3,9,0,1290
17.5,3,9,1,1294
17.5,3,9,2,1298
17.5,3,9,3,1302
17.5,3,9,4,1306
17.5,3,9,5,1310
17.5,3,9,6,1314
17.5,3,9,7,1319
17.5,3,9,8,1323
17.5,3,9,9,1327
17.5,3,9,10,1331
17.5,3,9,11,1335
17.5,3,9,12,1339
17.5,3,9,13,1343
17.5,3,9,14,1347
17.5,3,9,15,1351
17.5,3,10,0,1294
17.5,3,10,1,1298
17.5,3,10,2,1302
17.5,3,10,3,1306
17.5,3,10,4,1310
17.5,3,10,5,1314
17.5,3,10,6,1319
17.5,3,10,7,1323
17.5,3,10,8,1327
17.5,3,10,9,1331
17.5,3,10,10,1335
17.5,3,10,11,1339
17.5,3,10,12,1343
17.5,3,10,13,1347
17.5,3,10,14,1351
17.5,3,10,15,1355
17.5,3,11,0,1298
17.5,3,11,1,1302
17.5,3,11,2,1306
17.5,3,11,3,1310
17.5,3,11,4,1314
17.5,3,11,5,1319
17.5,3,11,6,1323
17.5,3,11,7,1327
17.5,3,11,8,1331
17.5,3,11,9,1335
17.5,3,11,10,1339
17.5,3,11,11,1343
17.5,3,11,12,1347
17.5,3,11,13,1351
17.5,3,11,14,1355
17.5,3,11,15,1359
17.5,3,12,0,1302
17.5,3,12,1,1306
17.5,3,12,2,1310
17.5,3,12,3,1314
17.5,3,12,4,1319
17.5,3,12,5,1323
17.5,3,12,6,1327
17.5,3,12,7,1331
17.5,3,12,8,1335
17.5,3,12,9,1339
17.5,3,12,10,1343
17.5,3,12,11,1347
17.5,3,12,12,1351
17.5,3,12,13,1355
17.5,3,12,14,1359
17.5,3,12,15,1363
17.5,3,13,0,1306
17.5,3,13,1,1310
17.5,3,13,2,1314
17.5,3,13,3,1319
17.5,3,13,4,1323
17.5,3,13,5,1327
17.5,3,13,6,1331
17.5,3,13,7,1335
17.5,3,13,8,1339
17.5,3,13,9,1343
17.5,3,13,10,1347
17.5,3,13,11,1351
17.5,3,13,12,1356
17.5,3,13,13,1360
17.5,3,13,14,1364
17.5,3,13,15,1368
17.5,3,14,0,1310
17.5,3,14,1,1314
17.5,3,14,2,1318
17.5,3,14,3,1323
17.5,3,14,4,1327
17.5,3,14,5,1331
17.5,3,14,6,1335
17.5,3,14,7,1339
17.5,3,14,8,1343
17.5,3,14,9,1347
17.5,3,14,10,1352
17.5,3,14,11,1356
17.5,3,14,12,1360
17.5,3,14,13,1364
17.5,3,14,14,1368
17.5,3,14,15,1372
17.5,3,15,0,1314
17.5,3,15,1,1318
17.5,3,15,2,1322
17.5,3,15,3,1327
17.5,3,15,4,1331
17.5,3,15,5,1335
17.5,3,15,6,1339
17.5,3,15,7,1343
17.5,3,15,8,1347
17.5,3,15,9,1352
17.5,3,15,10,1356
17.5,3,15,11,1360
17.5,3,15,12,1364
17.5,3,15,13,1368
17.5,3,15,14,1372
17.5,3,15,15,1376
17.5,4,0,0,1257
17.5,4,0,1,1261
17.5,4,0,2,1265
17.5,4,0,3,1269
17.5,4,0,4,1273
17.5,4,0,5,1277
17.5,4,0,6,1281
17.5,4,0,7,1285
17.5,4,0,8,1289
17.5,4,0,9,1293
17.5,4,0,10,1297
17.5,4,0,11,1301
17.5,4,0,12,1305
17.5,4,0,13,1309
17.5,4,0,14,1313
17.5,4,0,15,1317
17.5,4,1,0,1261
17.5,4,1,1,1265
17.5,4,1,2,1269
17.5,4,1,3,1274
17.5,4,1,4,1278
17.5,4,1,5,1282
17.5,4,1,6,1286
17.5,4,1,7,1290
17.5,4,1,8,1294
17.5,4,1,9,1297
17.5,4,1,10,1301
17.5,4,1,11,1305
17.5,4,1,12,1309
17.5,4,1,13,1313
17.5,4,1,14,1317
17.5,4,1,15,1321
17.5,4,2,0,1266
17.5,4,2,1,1270
17.5,4,2,2,1274
17.5,4,2,3,1278
17.5,4,2,4,1282
17.5,4,2,5,1286
17.5,4,2,6,1290
17.5,4,2,7,1294
17.5,4,2,8,1298
17.5,4,2,9,1302
17.5,4,2,10,1306
17.5,4,2,11,1310
17.5,4,2,12,1314
17.5,4,2,13,1318
17.5,4,2,14,1322
17.5,4,2,15,1325
17.5,4,3,0,1270
17.5,4,3,1,1274
17.5,4,3,2,1278
17.5,4,3,3,1282
17.5,4,3,4,1286
17.5,4,3,5,1290
17.5,4,3,6,1294
17.5,4,3,7,1298
17.5,4,3,8,1302
17.5,4,3,9,1306
17.5,4,3,10,1310
17.5,4,3,11,1314
17.5,4,3,12,1318
17.5,4,3,13,1322
17.5,4,3,14,1326
17.5,4,3,15,1330
17.5,4,4,0,1274
17.5,4,4,1,1278
17.5,4,4,2,1282
17.5,4,4,3,1286
17.5,4,4,4,1290
17.5,4,4,5,1294
17.5,4,4,6,1298
17.5,4,4,7,1302
17.5,4,4,8,1306
17.5,4,4,9,1310
17.5,4,4,10,1314
17.5,4,4,11,1318
17.5,4,4,12,1322
17.5,4,4,13,1326
17.5,4,4,14,1330
17.5,4,4,15,1334
17.5,4,5,0,1278
17.5,4,5,1,1282
17.5,4,5,2,1286
17.5,4,5,3,1290
17.5,4,5,4,1294
17.5,4,5,5,1299
17.5,4,5,6,1303
17.5,4,5,7,1307
17.5,4,5,8,1311
17.5,4,5,9,1315
17.5,4,5,10,1319
17.5,4,5,11,1323
17.5,4,5,12,1327
17.5,4,5,13,1331
17.5,4,5,14,1335
17.5,4,5,15,1339
17.5,4,6,0,1282
17.5,4,6,1,1286
17.5,4,6,2,1290
17.5,4,6,3,1295
17.5,4,6,4,1299
17.5,4,6,5,1303
17.5,4,6,6,1307
17.5,4,6,7,1311
17.5,4,6,8,1315
17.5,4,6,9,1319
17.5,4,6,10,1323
17.5,4,6,11,1327
17.5,4,6,12,1331
17.5,4,6,13,1335
17.5,4,6,14,1339
17.5,4,6,15,1343
17.5,4,7,0,1286
17.5,4,7,1,1291
17.5,4,7,2,1295
17.5,4,7,3,1299
17.5,4,7,4,1303
17.5,4,7,5,1307
17.5,4,7,6,1311
17.5,4,7,7,1315
17.5,4,7,8,1319
17.5,4,7,9,1323
17.5,4,7,10,1327
17.5,4,7,11,1331
17.5,4,7,12,1335
17.5,4,7,13,1339
17.5,4,7,14,1343
17.5,4,7,15,1347
17.5,4,8,0,1290
17.5,4,8,1,1295
17.5,4,8,2,1299
17.5,4,8,3,1303
17.5,4,8,4,1307
17.5,4,8,5,1311
17.5,4,8,6,1315
17.5,4,8,7,1319
17.5,4,8,8,1323
17.5,4,8,9,1327
17.5,4,8,10,1331
17.5,4,8,11,1336
17.5,4,8,12,1340
17.5,4,8,13,1344
17.5,4,8,14,1348
17.5,4,8,15,1352
17.5,4,9,0,1295
17.5,4,9,1,1299
17.5,4,9,2,1303
17.5,4,9,3,1307
17.5,4,9,4,1311
17.5,4,9,5,1315
17.5,4,9,6,1319
17.5,4,9,7,1324
17.5,4,9,8,1328
17.5,4,9,9,1332
17.5,4,9,10,1336
17.5,4,9,11,1340
17.5,4,9,12,1344
17.5,4,9,13,1348
17.5,4,9,14,1352
17.5,4,9,15,1356
17.5,4,10,0,1299
17.5,4,10,1,1303
17.5,4,10,2,1307
17.5,4,10,3,1311
17.5,4,10,4,1315
17.5,4,10,5,1319
17.5,4,10,6,1324
17.5,4,10,7,1328
17.5,4,10,8,1332
17.5,4,10,9,1336
17.5,4,10,10,1340
17.5,4,10,11,1344
17.5,4,10,12,1348
17.5,4,10,13,1352
17.5,4,10,14,1356
17.5,4,10,15,1360
17.5,4,11,0,1303
17.5,4,11,1,1307
17.5,4,11,2,1311
17.5,4,11,3,1315
17.5,4,11,4,1319
17.5,4,11,5,1324
17.5,4,11,6,1328
17.5,4,11,7,1332
17.5,4,11,8,1336
17.5,4,11,9,1340
17.5,4,11,10,1344
17.5,4,11,11,1348
17.5,4,11,12,1352
17.5,4,11,13,1356
17.5,4,11,14,1360
17.5,4,11,15,1364
17.5,4,12,0,1307
17.5,4,12,1,1311
17.5,4,12,2,1315
17.5,4,12,3,1319
17.5,4,12,4,1324
17.5,4,12,5,1328
17.5,4,12,6,1332
17.5,4,12,7,1336
17.5,4,12,8,1340
17.5,4,12,9,1344
17.5,4,12,10,1348
17.5,4,12,11,1352
17.5,4,12,12,1356
17.5,4,12,13,1361
17.5,4,12,14,1365
17.5,4,12,15,1369
17.5,4,13,0,1311
17.5,4,13,1,1315
17.5,4,13,2,1319
17.5,4,13,3,1324
17.5,4,13,4,1328
17.5,4,13,5,1332
17.5,4,13,6,1336
17.5,4,13,7,1340
17.5,4,13,8,1344
17.5,4,13,9,1348
17.5,4,13,10,1353
17.5,4,13,11,1357
17.5,4,13,12,1361
17.5,4,13,13,1365
17.5,4,13,14,1369
17.5,4,13,15,1373
17.5,4,14,0,1315
17.5,4,14,1,1319
17.5,4,14,2,1323
17.5,4,14,3,1328
17.5,4,14,4,1332
17.5,4,14,5,1336
17.5,4,14,6,1340
17.5,4,14,7,1344
17.5,4,14,8,1348
17.5,4,14,9,1353
17.5,4,14,10,1357
17.5,4,14,11,1361
17.5,4,14,12,1365
17.5,4,14,13,1369
17.5,4,14,14,1373
17.5,4,14,15,1377
17.5,4,15,0,1319
17.5,4,15,1,1323
17.5,4,15,2,1327
17.5,4,15,3,1332
17.5,4,15,4,1336
17.5,4,15,5,1340
17.5,4,15,6,1344
17.5,4,15,7,1348
17.5,4,15,8,1353
17.5,4,15,9,1357
17.5,4,15,10,1361
17.5,4,15,11,1365
17.5,4,15,12,1369
17.5,4,15,13,1373
17.5,4,15,14,1377
17.5,4,15,15,1381
17.5,5,0,0,1262
17.5,5,0,1,1266
17.5,5,0,2,1270
17.5,5,0,3,1274
17.5,5,0,4,1278
17.5,5,0,5,1282
17.5,5,0,6,1286
17.5,5,0,7,1290
17.5,5,0,8,1294
17.5,5,0,9,1298
17.5,5,0,10,1302
17.5,5,0,11,1306
17.5,5,0,12,1310
17.5,5,0,13,1314
17.5,5,0,14,1318
17.5,5,0,15,1322
17.5,5,1,0,1266
17.5,5,1,1,1270
17.5,5,1,2,1274
17.5,5,1,3,1278
17.5,5,1,4,1282
17.5,5,1,5,1286
17.5,5,1,6,1290
17.5,5,1,7,1294
17.5,5,1,8,1298
17.5,5,1,9,1302
17.5,5,1,10,1306
17.5,5,1,11,1310
17.5,5,1,12,1314
17.5,5,1,13,1318
17.5,5,1,14,1322
17.5,5,1,15,1326
17.5,5,2,0,1270
17.5,5,2,1,1274
17.5,5,2,2,1279
17.5,5,2,3,1283
17.5,5,2,4,1287
17.5,5,2,5,1291
17.5,5,2,6,1295
17.5,5,2,7,1299
17.5,5,2,8,1303
17.5,5,2,9,1307
17.5,5,2,10,1311
17.5,5,2,11,1315
17.5,5,2,12,1319
17.5,5,2,13,1323
17.5,5,2,14,1327
17.5,5,2,15,1330
17.5,5,3,0,1275
17.5,5,3,1,1279
17.5,5,3,2,1283
17.5,5,3,3,1287
17.5,5,3,4,1291
17.5,5,3,5,1295
17.5,5,3,6,1299
17.5,5,3,7,1303
17.5,5,3,8,1307
17.5,5,3,9,1311
17.5,5,3,10,1315
17.5,5,3,11,1319
17.5,5,3,12,1323
17.5,5,3,13,1327
17.5,5,3,14,1331
17.5,5,3,15,1335
17.5,5,4,0,1279
17.5,5,4,1,1283
17.5,5,4,2,1287
17.5,5,4,3,1291
17.5,5,4,4,1295
17.5,5,4,5,1299
17.5,5,4,6,1303
17.5,5,4,7,1307
17.5,5,4,8,1311
17.5,5,4,9,1315
17.5,5,4,10,1319
17.5,5,4,11,1323
17.5,5,4,12,1327
17.5,5,4,13,1331
17.5,5,4,14,1335
17.5,5,4,15,1339
17.5,5,5,0,1283
17.5,5,5,1,1287
17.5,5,5,2,1291
17.5,5,5,3,1295
17.5,5,5,4,1299
17.5,5,5,5,1303
17.5,5,5,6,1308
17.5,5,5,7,1312
17.5,5,5,8,1316
17.5,5,5,9,1320
17.5,5,5,10,1324
17.5,5,5,11,1328
17.5,5,5,12,1332
17.5,5,5,13,1336
17.5,5,5,14,1340
17.5,5,5,15,1344
17.5,5,6,0,1287
17.5,5,6,1,1291
17.5,5,6,2,1295
17.5,5,6,3,1299
17.5,5,6,4,1304
17.5,5,6,5,1308
17.5,5,6,6,1312
17.5,5,6,7,1316
17.5,5,6,8,1320
17.5,5,6,9,1324
17.5,5,6,10,1328
17.5,5,6,11,1332
17.5,5,6,12,1336
17.5,5,6,13,1340
17.5,5,6,14,1344
17.5,5,6,15,1348
17.5,5,7,0,1291
17.5,5,7,1,1295
17.5,5,7,2,1300
17.5,5,7,3,1304
17.5,5,7,4,1308
17.5,5,7,5,1312
17.5,5,7,6,1316
17.5,5,7,7,1320
17.5,5,7,8,1324
17.5,5,7,9,1328
17.5,5,7,10,1332
17.5,5,7,11,1336
17.5,5,7,12,1340
17.5,5,7,13,1344
17.5,5,7,14,1348
17.5,5,7,15,1352
17.5,5,8,0,1295
17.5,5,8,1,1300
17.5,5,8,2,1304
17.5,5,8,3,1308
17.5,5,8,4,1312
17.5,5,8,5,1316
17.5,5,8,6,1320
17.5,5,8,7,1324
17.5,5,8,8,1328
17.5,5,8,9,1332
17.5,5,8,10,1337
17.5,5,8,11,1341
17.5,5,8,12,1345
17.5,5,8,13,1349
17.5,5,8,14,1353
17.5,5,8,15,1357
17.5,5,9,0,1299
17.5,5,9,1,1304
17.5,5,9,2,1308
17.5,5,9,3,1312
17.5,5,9,4,1316
17.5,5,9,5,1320
17.5,5,9,6,1324
17.5,5,9,7,1329
17.5,5,9,8,1333
17.5,5,9,9,1337
17.5,5,9,10,1341
17.5,5,9,11,1345
17.5,5,9,12,1349
17.5,5,9,13,1353
17.5,5,9,14,1357
17.5,5,9,15,1361
17.5,5,10,0,1304
17.5,5,10,1,1308
17.5,5,10,2,1312
17.5,5,10,3,1316
17.5,5,10,4,1320
17.5,5,10,5,1324
17.5,5,10,6,1329
17.5,5,10,7,1333
17.5,5,10,8,1337
17.5,5,10,9,1341
17.5,5,10,10,1345
17.5,5,10,11,1349
17.5,5,10,12,1353
17.5,5,10,13,1357
17.5,5,10,14,1361
17.5,5,10,15,1365
17.5,5,11,0,1308
17.5,5,11,1,1312
17.5,5,11,2,1316
17.5,5,11,3,1320
17.5,5,11,4,1324
17.5,5,11,5,1329
17.5,5,11,6,1333
17.5,5,11,7,1337
17.5,5,11,8,1341
17.5,5,11,9,1345
17.5,5,11,10,1349
17.5,5,11,11,1353
17.5,5,11,12,1357
17.5,5,11,13,1361
17.5,5,11,14,1365
17.5,5,11,15,1370
17.5,5,12,0,1312
17.5,5,12,1,1316
17.5,5,12,2,1320
17.5,5,12,3,1324
17.5,5,12,4,1329
17.5,5,12,5,1333
17.5,5,12,6,1337
17.5,5,12,7,1341
17.5,5,12,8,1345
17.5,5,12,9,1349
17.5,5,12,10,1353
17.5,5,12,11,1358
17.5,5,12,12,1362
17.5,5,12,13,1366
17.5,5,12,14,1370
17.5,5,12,15,1374
17.5,5,13,0,1316
17.5,5,13,1,1320
17.5,5,13,2,1324
17.5,5,13,3,1329
17.5,5,13,4,1333
17.5,5,13,5,1337
17.5,5,13,6,1341
17.5,5,13,7,1345
17.5,5,13,8,1349
17.5,5,13,9,1354
17.5,5,13,10,1358
17.5,5,13,11,1362
17.5,5,13,12,1366
17.5,5,13,13,1370
17.5,5,13,14,1374
17.5,5,13,15,1378
17.5,5,14,0,1320
17.5,5,14,1,1324
17.5,5,14,2,1328
17.5,5,14,3,1333
17.5,5,14,4,1337
17.5,5,14,5,1341
17.5,5,14,6,1345
17.5,5,14,7,1349
17.5,5,14,8,1354
17.5,5,14,9,1358
17.5,5,14,10,1362
17.5,5,14,11,1366
17.5,5,14,12,1370
17.5,5,14,13,1374
17.5,5,14,14,1378
17.5,5,14,15,1382
17.5,5,15,0,1324
17.5,5,15,1,1328
17.5,5,15,2,1332
17.5,5,15,3,1337
17.5,5,15,4,1341
17.5,5,15,5,1345
17.5,5,15,6,1349
17.5,5,15,7,1354
17.5,5,15,8,1358
17.5,5,15,9,1362
17.5,5,15,10,1366
17.5,5,15,11,1370
17.5,5,15,12,1374
17.5,5,15,13,1378
17.5,5,15,14,1382
17.5,5,15,15,1387
17.5,6,0,0,1267
17.5,6,0,1,1271
17.5,6,0,2,1275
17.5,6,0,3,1279
17.5,6,0,4,1283
17.5,6,0,5,1287
17.5,6,0,6,1291
17.5,6,0,7,1295
17.5,6,0,8,1299
17.5,6,0,9,1303
17.5,6,0,10,1307
17.5,6,0,11,1311
17.5,6,0,12,1315
17.5,6,0,13,1319
17.5,6,0,14,1323
17.5,6,0,15,1327
17.5,6,1,0,1271
17.5,6,1,1,1275
17.5,6,1,2,1279
17.5,6,1,3,1283
17.5,6,1,4,1287
17.5,6,1,5,1291
17.5,6,1,6,1295
17.5,6,1,7,1299
17.5,6,1,8,1303
17.5,6,1,9,1307
17.5,6,1,10,1311
17.5,6,1,11,1315
17.5,6,1,12,1319
17.5,6,1,13,1323
17.5,6,1,14,1327
17.5,6,1,15,1331
17.5,6,2,0,1275
17.5,6,2,1,1279
17.5,6,2,2,1283
17.5,6,2,3,1287
17.5,6,2,4,1291
17.5,6,2,5,1296
17.5,6,2,6,1300
17.5,6,2,7,1304
17.5,6,2,8,1308
17.5,6,2,9,1312
17.5,6,2,10,1316
17.5,6,2,11,1320
17.5,6,2,12,1324
17.5,6,2,13,1328
17.5,6,2,14,1331
17.5,6,2,15,1335
17.5,6,3,0,1279
17.5,6,3,1,1283
17.5,6,3,2,1288
17.5,6,3,3,1292
17.5,6,3,4,1296
17.5,6,3,5,1300
17.5,6,3,6,1304
17.5,6,3,7,1308
17.5,6,3,8,1312
17.5,6,3,9,1316
17.5,6,3,10,1320
17.5,6,3,11,1324
17.5,6,3,12,1328
17.5,6,3,13,1332
17.5,6,3,14,1336
17.5,6,3,15,1340
17.5,6,4,0,1284
17.5,6,4,1,1288
17.5,6,4,2,1292
17.5,6,4,3,1296
17.5,6,4,4,1300
17.5,6,4,5,1304
17.5,6,4,6,1308
17.5,6,4,7,1312
17.5,6,4,8,1316
17.5,6,4,9,1320
17.5,6,4,10,1324
17.5,6,4,11,1328
17.5,6,4,12,1332
17.5,6,4,13,1336
17.5,6,4,14,1340
17.5,6,4,15,1344
17.5,6,5,0,1288
17.5,6,5,1,1292
17.5,6,5,2,1296
17.5,6,5,3,1300
17.5,6,5,4,1304
17.5,6,5,5,1308
17.5,6,5,6,1312
17.5,6,5,7,1317
17.5,6,5,8,1321
17.5,6,5,9,1325
17.5,6,5,10,1329
17.5,6,5,11,1333
17.5,6,5,12,1337
17.5,6,5,13,1341
17.5,6,5,14,1345
17.5,6,5,15,1349
17.5,6,6,0,1292
17.5,6,6,1,1296
17.5,6,6,2,1300
17.5,6,6,3,1304
17.5,6,6,4,1308
17.5,6,6,5,1313
17.5,6,6,6,1317
17.5,6,6,7,1321
17.5,6,6,8,1325
17.5,6,6,9,1329
17.5,6,6,10,1333
17.5,6,6,11,1337
17.5,6,6,12,1341
17.5,6,6,13,1345
17.5,6,6,14,1349
17.5,6,6,15,1353
17.5,6,7,0,1296
17.5,6,7,1,1300
17.5,6,7,2,1304
17.5,6,7,3,1309
17.5,6,7,4,1313
17.5,6,7,5,1317
17.5,6,7,6,1321
17.5,6,7,7,1325
17.5,6,7,8,1329
17.5,6,7,9,1333
17.5,6,7,10,1337
17.5,6,7,11,1341
17.5,6,7,12,1345
17.5,6,7,13,1349
17.5,6,7,14,1353
17.5,6,7,15,1357
17.5,6,8,0,1300
17.5,6,8,1,1304
17.5,6,8,2,1309
17.5,6,8,3,1313
17.5,6,8,4,1317
17.5,6,8,5,1321
17.5,6,8,6,1325
17.5,6,8,7,1329
17.5,6,8,8,1333
17.5,6,8,9,1337
17.5,6,8,10,1342
17.5,6,8,11,1346
17.5,6,8,12,1350
17.5,6,8,13,1354
17.5,6,8,14,1358
17.5,6,8,15,1362
17.5,6,9,0,1304
17.5,6,9,1,1309
17.5,6,9,2,1313
17.5,6,9,3,1317
17.5,6,9,4,1321
17.5,6,9,5,1325
17.5,6,9,6,1329
17.5,6,9,7,1334
17.5,6,9,8,1338
17.5,6,9,9,1342
17.5,6,9,10,1346
17.5,6,9,11,1350
17.5,6,9,12,1354
17.5,6,9,13,1358
17.5,6,9,14,1362
17.5,6,9,15,1366
17.5,6,10,0,1308
17.5,6,10,1,1313
17.5,6,10,2,1317
17.5,6,10,3,1321
17.5,6,10,4,1325
17.5,6,10,5,1329
17.5,6,10,6,1334
17.5,6,10,7,1338
17.5,6,10,8,1342
17.5,6,10,9,1346
17.5,6,10,10,1350
17.5,6,10,11,1354
17.5,6,10,12,1358
17.5,6,10,13,1362
17.5,6,10,14,1366
17.5,6,10,15,1370
17.5,6,11,0,1313
17.5,6,11,1,1317
17.5,6,11,2,1321
17.5,6,11,3,1325
17.5,6,11,4,1329
17.5,6,11,5,1334
17.5,6,11,6,1338
17.5,6,11,7,1342
17.5,6,11,8,1346
17.5,6,11,9,1350
17.5,6,11,10,1354
17.5,6,11,11,1358
17.5,6,11,12,1362
17.5,6,11,13,1367
17.5,6,11,14,1371
17.5,6,11,15,1375
17.5,6,12,0,1317
17.5,6,12,1,1321
17.5,6,12,2,1325
17.5,6,12,3,1329
17.5,6,12,4,1334
17.5,6,12,5,1338
17.5,6,12,6,1342
17.5,6,12,7,1346
17.5,6,12,8,1350
17.5,6,12,9,1354
17.5,6,12,10,1359
17.5,6,12,11,1363
17.5,6,12,12,1367
17.5,6,12,13,1371
17.5,6,12,14,1375
17.5,6,12,15,1379
17.5,6,13,0,1321
17.5,6,13,1,1325
17.5,6,13,2,1329
17.5,6,13,3,1334
17.5,6,13,4,1338
17.5,6,13,5,1342
17.5,6,13,6,1346
17.5,6,13,7,1350
17.5,6,13,8,1354
17.5,6,13,9,1359
17.5,6,13,10,1363
17.5,6,13,11,1367
17.5,6,13,12,1371
17.5,6,13,13,1375
17.5,6,13,14,1379
17.5,6,13,15,1383
17.5,6,14,0,1325
17.5,6,14,1,1329
17.5,6,14,2,1333
17.5,6,14,3,1338
17.5,6,14,4,1342
17.5,6,14,5,1346
17.5,6,14,6,1350
17.5,6,14,7,1354
17.5,6,14,8,1359
17.5,6,14,9,1363
17.5,6,14,10,1367
17.5,6,14,11,1371
17.5,6,14,12,1375
17.5,6,14,13,1379
17.5,6,14,14,1383
17.5,6,14,15,1388
17.5,6,15,0,1329
17.5,6,15,1,1333
17.5,6,15,2,1337
17.5,6,15,3,1342
17.5,6,15,4,1346
17.5,6,15,5,1350
17.5,6,15,6,1354
17.5,6,15,7,1359
17.5,6,15,8,1363
17.5,6,15,9,1367
17.5,6,15,10,1371
17.5,6,15,11,1375
17.5,6,15,12,1379
17.5,6,15,13,1384
17.5,6,15,14,1388
17.5,6,15,15,1392
17.5,7,0,0,1271
17.5,7,0,1,1275
17.5,7,0,2,1280
17.5,7,0,3,1284
17.5,7,0,4,1288
17.5,7,0,5,1292
17.5,7,0,6,1296
17.5,7,0,7,1300
17.5,7,0,8,1304
17.5,7,0,9,1308
17.5,7,0,10,1312
17.5,7,0,11,1316
17.5,7,0,12,1320
17.5,7,0,13,1324
17.5,7,0,14,1328
17.5,7,0,15,1332
17.5,7,1,0,1276
17.5,7,1,1,1280
17.5,7,1,2,1284
17.5,7,1,3,1288
17.5,7,1,4,1292
17.5,7,1,5,1296
17.5,7,1,6,1300
17.5,7,1,7,1304
17.5,7,1,8,1308
17.5,7,1,9,1312
17.5,7,1,10,1316
17.5,7,1,11,1320
17.5,7,1,12,1324
17.5,7,1,13,1328
17.5,7,1,14,1332
17.5,7,1,15,1336
17.5,7,2,0,1280
17.5,7,2,1,1284
17.5,7,2,2,1288
17.5,7,2,3,1292
17.5,7,2,4,1296
17.5,7,2,5,1300
17.5,7,2,6,1304
17.5,7,2,7,1309
17.5,7,2,8,1313
17.5,7,2,9,1317
17.5,7,2,10,1321
17.5,7,2,11,1325
17.5,7,2,12,1329
17.5,7,2,13,1333
17.5,7,2,14,1336
17.5,7,2,15,1340
17.5,7,3,0,1284
17.5,7,3,1,1288
17.5,7,3,2,1292
17.5,7,3,3,1297
17.5,7,3,4,1301
17.5,7,3,5,1305
17.5,7,3,6,1309
17.5,7,3,7,1313
17.5,7,3,8,1317
17.5,7,3,9,1321
17.5,7,3,10,1325
17.5,7,3,11,1329
17.5,7,3,12,1333
17.5,7,3,13,1337
17.5,7,3,14,1341
17.5,7,3,15,1345
17.5,7,4,0,1288
17.5,7,4,1,1293
17.5,7,4,2,1297
17.5,7,4,3,1301
17.5,7,4,4,1305
17.5,7,4,5,1309
17.5,7,4,6,1313
17.5,7,4,7,1317
17.5,7,4,8,1321
17.5,7,4,9,1325
17.5,7,4,10,1329
17.5,7,4,11,1333
17.5,7,4,12,1337
17.5,7,4,13,1341
17.5,7,4,14,1345
17.5,7,4,15,1349
17.5,7,5,0,1293
17.5,7,5,1,1297
17.5,7,5,2,1301
17.5,7,5,3,1305
17.5,7,5,4,1309
17.5,7,5,5,1313
17.5,7,5,6,1317
17.5,7,5,7,1321
17.5,7,5,8,1326
17.5,7,5,9,1330
17.5,7,5,10,1334
17.5,7,5,11,1338
17.5,7,5,12,1342
17.5,7,5,13,1346
17.5,7,5,14,1350
17.5,7,5,15,1354
17.5,7,6,0,1297
17.5,7,6,1,1301
17.5,7,6,2,1305
17.5,7,6,3,1309
17.5,7,6,4,1313
17.5,7,6,5,1318
17.5,7,6,6,1322
17.5,7,6,7,1326
17.5,7,6,8,1330
17.5,7,6,9,1334
17.5,7,6,10,1338
17.5,7,6,11,1342
17.5,7,6,12,1346
17.5,7,6,13,1350
17.5,7,6,14,1354
17.5,7,6,15,1358
17.5,7,7,0,1301
17.5,7,7,1,1305
17.5,7,7,2,1309
17.5,7,7,3,1313
17.5,7,7,4,1318
17.5,7,7,5,1322
17.5,7,7,6,1326
17.5,7,7,7,1330
17.5,7,7,8,1334
17.5,7,7,9,1338
17.5,7,7,10,1342
17.5,7,7,11,1346
17.5,7,7,12,1350
17.5,7,7,13,1354
17.5,7,7,14,1358
17.5,7,7,15,1362
17.5,7,8,0,1305
17.5,7,8,1,1309
17.5,7,8,2,1313
17.5,7,8,3,1318
17.5,7,8,4,1322
17.5,7,8,5,1326
17.5,7,8,6,1330
17.5,7,8,7,1334
17.5,7,8,8,1338
17.5,7,8,9,1342
17.5,7,8,10,1347
17.5,7,8,11,1351
17.5,7,8,12,1355
17.5,7,8,13,1359
17.5,7,8,14,1363
17.5,7,8,15,1367
17.5,7,9,0,1309
17.5,7,9,1,1313
17.5,7,9,2,1318
17.5,7,9,3,1322
17.5,7,9,4,1326
17.5,7,9,5,1330
17.5,7,9,6,1334
17.5,7,9,7,1339
17.5,7,9,8,1343
17.5,7,9,9,1347
17.5,7,9,10,1351
17.5,7,9,11,1355
17.5,7,9,12,1359
17.5,7,9,13,1363
17.5,7,9,14,1367
17.5,7,9,15,1371
17.5,7,10,0,1313
17.5,7,10,1,1318
17.5,7,10,2,1322
17.5,7,10,3,1326
17.5,7,10,4,1330
17.5,7,10,5,1334
17.5,7,10,6,1339
17.5,7,10,7,1343
17.5,7,10,8,1347
17.5,7,10,9,1351
17.5,7,10,10,1355
17.5,7,10,11,1359
17.5,7,10,12,1363
17.5,7,10,13,1367
17.5,7,10,14,1371
17.5,7,10,15,1375
17.5,7,11,0,1318
17.5,7,11,1,1322
17.5,7,11,2,1326
17.5,7,11,3,1330
17.5,7,11,4,1334
17.5,7,11,5,1339
17.5,7,11,6,1343
17.5,7,11,7,1347
17.5,7,11,8,1351
17.5,7,11,9,1355
17.5,7,11,10,1359
17.5,7,11,11,1363
17.5,7,11,12,1368
17.5,7,11,13,1372
17.5,7,11,14,1376
17.5,7,11,15,1380
17.5,7,12,0,1322
17.5,7,12,1,1326
17.5,7,12,2,1330
17.5,7,12,3,1334
17.5,7,12,4,1339
17.5,7,12,5,1343
17.5,7,12,6,1347
17.5,7,12,7,1351
17.5,7,12,8,1355
17.5,7,12,9,1359
17.5,7,12,10,1364
17.5,7,12,11,1368
17.5,7,12,12,1372
17.5,7,12,13,1376
17.5,7,12,14,1380
17.5,7,12,15,1384
17.5,7,13,0,1326
17.5,7,13,1,1330
17.5,7,13,2,1334
17.5,7,13,3,1339
17.5,7,13,4,1343
17.5,7,13,5,1347
17.5,7,13,6,1351
17.5,7,13,7,1355
17.5,7,13,8,1360
17.5,7,13,9,1364
17.5,7,13,10,1368
17.5,7,13,11,1372
17.5,7,13,12,1376
17.5,7,13,13,1380
17.5,7,13,14,1384
17.5,7,13,15,1388
17.5,7,14,0,1330
17.5,7,14,1,1334
17.5,7,14,2,1338
17.5,7,14,3,1343
17.5,7,14,4,1347
17.5,7,14,5,1351
17.5,7,14,6,1355
17.5,7,14,7,1360
17.5,7,14,8,1364
17.5,7,14,9,1368
17.5,7,14,10,1372
17.5,7,14,11,1376
17.5,7,14,12,1380
17.5,7,14,13,1384
17.5,7,14,14,1389
17.5,7,14,15,1393
17.5,7,15,0,1334
17.5,7,15,1,1338
17.5,7,15,2,1342
17.5,7,15,3,1347
17.5,7,15,4,1351
17.5,7,15,5,1355
17.5,7,15,6,1359
17.5,7,15,7,1364
17.5,7,15,8,1368
17.5,7,15,9,1372
17.5,7,15,10,1376
17.5,7,15,11,1380
17.5,7,15,12,1385
17.5,7,15,13,1389
17.5,7,15,14,1393
17.5,7,15,15,1397
17.5,8,0,0,1276
17.5,8,0,1,1280
17.5,8,0,2,1284
17.5,8,0,3,1288
17.5,8,0,4,1293
17.5,8,0,5,1297
17.5,8,0,6,1301
17.5,8,0,7,1305
17.5,8,0,8,1309
17.5,8,0,9,1313
17.5,8,0,10,1317
17.5,8,0,11,1321
17.5,8,0,12,1325
17.5,8,0,13,1329
17.5,8,0,14,1333
17.5,8,0,15,1336
17.5,8,1,0,1280
17.5,8,1,1,1285
17.5,8,1,2,1289
17.5,8,1,3,1293
17.5,8,1,4,1297
17.5,8,1,5,1301
17.5,8,1,6,1305
17.5,8,1,7,1309
17.5,8,1,8,1313
17.5,8,1,9,1317
17.5,8,1,10,1321
17.5,8,1,11,1325
17.5,8,1,12,1329
17.5,8,1,13,1333
17.5,8,1,14,1337
17.5,8,1,15,1341
17.5,8,2,0,1285
17.5,8,2,1,1289
17.5,8,2,2,1293
17.5,8,2,3,1297
17.5,8,2,4,1301
17.5,8,2,5,1305
17.5,8,2,6,1309
17.5,8,2,7,1313
17.5,8,2,8,1317
17.5,8,2,9,1321
17.5,8,2,10,1325
17.5,8,2,11,1330
17.5,8,2,12,1334
17.5,8,2,13,1337
17.5,8,2,14,1341
17.5,8,2,15,1345
17.5,8,3,0,1289
17.5,8,3,1,1293
17.5,8,3,2,1297
17.5,8,3,3,1301
17.5,8,3,4,1305
17.5,8,3,5,1310
17.5,8,3,6,1314
17.5,8,3,7,1318
17.5,8,3,8,1322
17.5,8,3,9,1326
17.5,8,3,10,1330
17.5,8,3,11,1334
17.5,8,3,12,1338
17.5,8,3,13,1342
17.5,8,3,14,1346
17.5,8,3,15,1350
17.5,8,4,0,1293
17.5,8,4,1,1297
17.5,8,4,2,1301
17.5,8,4,3,1306
17.5,8,4,4,1310
17.5,8,4,5,1314
17.5,8,4,6,1318
17.5,8,4,7,1322
17.5,8,4,8,1326
17.5,8,4,9,1330
17.5,8,4,10,1334
17.5,8,4,11,1338
17.5,8,4,12,1342
17.5,8,4,13,1346
17.5,8,4,14,1350
17.5,8,4,15,1354
17.5,8,5,0,1297
17.5,8,5,1,1302
17.5,8,5,2,1306
17.5,8,5,3,1310
17.5,8,5,4,1314
17.5,8,5,5,1318
17.5,8,5,6,1322
17.5,8,5,7,1326
17.5,8,5,8,1330
17.5,8,5,9,1335
17.5,8,5,10,1339
17.5,8,5,11,1343
17.5,8,5,12,1347
17.5,8,5,13,1351
17.5,8,5,14,1355
17.5,8,5,15,1359
17.5,8,6,0,1302
17.5,8,6,1,1306
17.5,8,6,2,1310
17.5,8,6,3,1314
17.5,8,6,4,1318
17.5,8,6,5,1322
17.5,8,6,6,1327
17.5,8,6,7,1331
17.5,8,6,8,1335
17.5,8,6,9,1339
17.5,8,6,10,1343
17.5,8,6,11,1347
17.5,8,6,12,1351
17.5,8,6,13,1355
17.5,8,6,14,1359
17.5,8,6,15,1363
17.5,8,7,0,1306
17.5,8,7,1,1310
17.5,8,7,2,1314
17.5,8,7,3,1318
17.5,8,7,4,1323
17.5,8,7,5,1327
17.5,8,7,6,1331
17.5,8,7,7,1335
17.5,8,7,8,1339
17.5,8,7,9,1343
17.5,8,7,10,1347
17.5,8,7,11,1351
17.5,8,7,12,1355
17.5,8,7,13,1359
17.5,8,7,14,1364
17.5,8,7,15,1368
17.5,8,8,0,1310
17.5,8,8,1,1314
17.5,8,8,2,1318
17.5,8,8,3,1323
17.5,8,8,4,1327
17.5,8,8,5,1331
17.5,8,8,6,1335
17.5,8,8,7,1339
17.5,8,8,8,1343
17.5,8,8,9,1347
17.5,8,8,10,1352
17.5,8,8,11,1356
17.5,8,8,12,1360
17.5,8,8,13,1364
17.5,8,8,14,1368
17.5,8,8,15,1372
17.5,8,9,0,1314
17.5,8,9,1,1318
17.5,8,9,2,1323
17.5,8,9,3,1327
17.5,8,9,4,1331
17.5,8,9,5,1335
17.5,8,9,6,1339
17.5,8,9,7,1343
17.5,8,9,8,1348
17.5,8,9,9,1352
17.5,8,9,10,1356
17.5,8,9,11,1360
17.5,8,9,12,1364
17.5,8,9,13,1368
17.5,8,9,14,1372
17.5,8,9,15,1376
17.5,8,10,0,1318
17.5,8,10,1,1323
17.5,8,10,2,1327
17.5,8,10,3,1331
17.5,8,10,4,1335
17.5,8,10,5,1339
17.5,8,10,6,1344
17.5,8,10,7,1348
17.5,8,10,8,1352
17.5,8,10,9,1356
17.5,8,10,10,1360
17.5,8,10,11,1364
17.5,8,10,12,1368
17.5,8,10,13,1372
17.5,8,10,14,1377
17.5,8,10,15,1381
17.5,8,11,0,1322
17.5,8,11,1,1327
17.5,8,11,2,1331
17.5,8,11,3,1335
17.5,8,11,4,1339
17.5,8,11,5,1344
17.5,8,11,6,1348
17.5,8,11,7,1352
17.5,8,11,8,1356
17.5,8,11,9,1360
17.5,8,11,10,1364
17.5,8,11,11,1369
17.5,8,11,12,1373
17.5,8,11,13,1377
17.5,8,11,14,1381
17.5,8,11,15,1385
17.5,8,12,0,1327
17.5,8,12,1,1331
17.5,8,12,2,1335
17.5,8,12,3,1339
17.5,8,12,4,1344
17.5,8,12,5,1348
17.5,8,12,6,1352
17.5,8,12,7,1356
17.5,8,12,8,1360
17.5,8,12,9,1365
17.5,8,12,10,1369
17.5,8,12,11,1373
17.5,8,12,12,1377
17.5,8,12,13,1381
17.5,8,12,14,1385
17.5,8,12,15,1389
17.5,8,13,0,1331
17.5,8,13,1,1335
17.5,8,13,2,1339
17.5,8,13,3,1343
17.5,8,13,4,1348
17.5,8,13,5,1352
17.5,8,13,6,1356
17.5,8,13,7,1360
17.5,8,13,8,1365
17.5,8,13,9,1369
17.5,8,13,10,1373
17.5,8,13,11,1377
17.5,8,13,12,1381
17.5,8,13,13,1385
17.5,8,13,14,1389
17.5,8,13,15,1394
17.5,8,14,0,1335
17.5,8,14,1,1339
17.5,8,14,2,1343
17.5,8,14,3,1348
17.5,8,14,4,1352
17.5,8,14,5,1356
17.5,8,14,6,1360
17.5,8,14,7,1365
17.5,8,14,8,1369
17.5,8,14,9,1373
17.5,8,14,10,1377
17.5,8,14,11,1381
17.5,8,14,12,1386
17.5,8,14,13,1390
17.5,8,14,14,1394
17.5,8,14,15,1398
17.5,8,15,0,1339
17.5,8,15,1,1343
17.5,8,15,2,1347
17.5,8,15,3,1352
17.5,8,15,4,1356
17.5,8,15,5,1360
17.5,8,15,6,1365
17.5,8,15,7,1369
17.5,8,15,8,1373
17.5,8,15,9,1377
17.5,8,15,10,1381
17.5,8,15,11,1386
17.5,8,15,12,1390
17.5,8,15,13,1394
17.5,8,15,14,1398
17.5,8,15,15,1402
17.5,9,0,0,1281
17.5,9,0,1,1285
17.5,9,0,2,1289
17.5,9,0,3,1293
17.5,9,0,4,1297
17.5,9,0,5,1301
17.5,9,0,6,1305
17.5,9,0,7,1310
17.5,9,0,8,1314
17.5,9,0,9,1318
17.5,9,0,10,1322
17.5,9,0,11,1326
17.5,9,0,12,1330
17.5,9,0,13,1334
17.5,9,0,14,1338
17.5,9,0,15,1341
17.5,9,1,0,1285
17.5,9,1,1,1289
17.5,9,1,2,1293
17.5,9,1,3,1298
17.5,9,1,4,1302
17.5,9,1,5,1306
17.5,9,1,6,1310
17.5,9,1,7,1314
17.5,9,1,8,1318
17.5,9,1,9,1322
17.5,9,1,10,1326
17.5,9,1,11,1330
17.5,9,1,12,1334
17.5,9,1,13,1338
17.5,9,1,14,1342
17.5,9,1,15,1346
17.5,9,2,0,1289
17.5,9,2,1,1294
17.5,9,2,2,1298
17.5,9,2,3,1302
17.5,9,2,4,1306
17.5,9,2,5,1310
17.5,9,2,6,1314
17.5,9,2,7,1318
17.5,9,2,8,1322
17.5,9,2,9,1326
17.5,9,2,10,1330
17.5,9,2,11,1334
17.5,9,2,12,1338
17.5,9,2,13,1342
17.5,9,2,14,1346
17.5,9,2,15,1350
17.5,9,3,0,1294
17.5,9,3,1,1298
17.5,9,3,2,1302
17.5,9,3,3,1306
17.5,9,3,4,1310
17.5,9,3,5,1314
17.5,9,3,6,1319
17.5,9,3,7,1323
17.5,9,3,8,1327
17.5,9,3,9,1331
17.5,9,3,10,1335
17.5,9,3,11,1339
17.5,9,3,12,1343
17.5,9,3,13,1347
17.5,9,3,14,1351
17.5,9,3,15,1355
17.5,9,4,0,1298
17.5,9,4,1,1302
17.5,9,4,2,1306
17.5,9,4,3,1310
17.5,9,4,4,1315
17.5,9,4,5,1319
17.5,9,4,6,1323
17.5,9,4,7,1327
17.5,9,4,8,1331
17.5,9,4,9,1335
17.5,9,4,10,1339
17.5,9,4,11,1343
17.5,9,4,12,1347
17.5,9,4,13,1351
17.5,9,4,14,1355
17.5,9,4,15,1359
17.5,9,5,0,1302
17.5,9,5,1,1306
17.5,9,5,2,1311
17.5,9,5,3,1315
17.5,9,5,4,1319
17.5,9,5,5,1323
17.5,9,5,6,1327
17.5,9,5,7,1331
17.5,9,5,8,1335
17.5,9,5,9,1340
17.5,9,5,10,1344
17.5,9,5,11,1348
17.5,9,5,12,1352
17.5,9,5,13,1356
17.5,9,5,14,1360
17.5,9,5,15,1364
17.5,9,6,0,1306
17.5,9,6,1,1311
17.5,9,6,2,1315
17.5,9,6,3,1319
17.5,9,6,4,1323
17.5,9,6,5,1327
17.5,9,6,6,1331
17.5,9,6,7,1336
17.5,9,6,8,1340
17.5,9,6,9,1344
17.5,9,6,10,1348
17.5,9,6,11,1352
17.5,9,6,12,1356
17.5,9,6,13,1360
17.5,9,6,14,1364
17.5,9,6,15,1368
17.5,9,7,0,1311
17.5,9,7,1,1315
17.5,9,7,2,1319
17.5,9,7,3,1323
17.5,9,7,4,1327
17.5,9,7,5,1332
17.5,9,7,6,1336
17.5,9,7,7,1340
17.5,9,7,8,1344
17.5,9,7,9,1348
17.5,9,7,10,1352
17.5,9,7,11,1356
17.5,9,7,12,1360
17.5,9,7,13,1365
17.5,9,7,14,1369
17.5,9,7,15,1373
17.5,9,8,0,1315
17.5,9,8,1,1319
17.5,9,8,2,1323
17.5,9,8,3,1328
17.5,9,8,4,1332
17.5,9,8,5,1336
17.5,9,8,6,1340
17.5,9,8,7,1344
17.5,9,8,8,1348
17.5,9,8,9,1352
17.5,9,8,10,1357
17.5,9,8,11,1361
17.5,9,8,12,1365
17.5,9,8,13,1369
17.5,9,8,14,1373
17.5,9,8,15,1377
17.5,9,9,0,1319
17.5,9,9,1,1323
17.5,9,9,2,1328
17.5,9,9,3,1332
17.5,9,9,4,1336
17.5,9,9,5,1340
17.5,9,9,6,1344
17.5,9,9,7,1348
17.5,9,9,8,1353
17.5,9,9,9,1357
17.5,9,9,10,1361
17.5,9,9,11,1365
17.5,9,9,12,1369
17.5,9,9,13,1373
17.5,9,9,14,1377
17.5,9,9,15,1381
17.5,9,10,0,1323
17.5,9,10,1,1327
17.5,9,10,2,1332
17.5,9,10,3,1336
17.5,9,10,4,1340
17.5,9,10,5,1344
17.5,9,10,6,1349
17.5,9,10,7,1353
17.5,9,10,8,1357
17.5,9,10,9,1361
17.5,9,10,10,1365
17.5,9,10,11,1369
17.5,9,10,12,1373
17.5,9,10,13,1378
17.5,9,10,14,1382
17.5,9,10,15,1386
17.5,9,11,0,1327
17.5,9,11,1,1332
17.5,9,11,2,1336
17.5,9,11,3,1340
17.5,9,11,4,1344
17.5,9,11,5,1349
17.5,9,11,6,1353
17.5,9,11,7,1357
17.5,9,11,8,1361
17.5,9,11,9,1365
17.5,9,11,10,1370
17.5,9,11,11,1374
17.5,9,11,12,1378
17.5,9,11,13,1382
17.5,9,11,14,1386
17.5,9,11,15,1390
17.5,9,12,0,1331
17.5,9,12,1,1336
17.5,9,12,2,1340
17.5,9,12,3,1344
17.5,9,12,4,1349
17.5,9,12,5,1353
17.5,9,12,6,1357
17.5,9,12,7,1361
17.5,9,12,8,1365
17.5,9,12,9,1370
17.5,9,12,10,1374
17.5,9,12,11,1378
17.5,9,12,12,1382
17.5,9,12,13,1386
17.5,9,12,14,1390
17.5,9,12,15,1394
17.5,9,13,0,1336
17.5,9,13,1,1340
17.5,9,13,2,1344
17.5,9,13,3,1348
17.5,9,13,4,1353
17.5,9,13,5,1357
17.5,9,13,6,1361
17.5,9,13,7,1365
17.5,9,13,8,1370
17.5,9,13,9,1374
17.5,9,13,10,1378
17.5,9,13,11,1382
17.5,9,13,12,1386
17.5,9,13,13,1391
17.5,9,13,14,1395
17.5,9,13,15,1399
17.5,9,14,0,1340
17.5,9,14,1,1344
17.5,9,14,2,1348
17.5,9,14,3,1353
17.5,9,14,4,1357
17.5,9,14,5,1361
17.5,9,14,6,1365
17.5,9,14,7,1370
17.5,9,14,8,1374
17.5,9,14,9,1378
17.5,9,14,10,1382
17.5,9,14,11,1386
17.5,9,14,12,1391
17.5,9,14,13,1395
17.5,9,14,14,1399
17.5,9,14,15,1403
17.5,9,15,0,1344
17.5,9,15,1,1348
17.5,9,15,2,1352
17.5,9,15,3,1357
17.5,9,15,4,1361
17.5,9,15,5,1365
17.5,9,15,6,1370
17.5,9,15,7,1374
17.5,9,15,8,1378
17.5,9,15,9,1382
17.5,9,15,10,1387
17.5,9,15,11,1391
17.5,9,15,12,1395
17.5,9,15,13,1399
17.5,9,15,14,1403
17.5,9,15,15,1407
17.5,10,0,0,1286
17.5,10,0,1,1290
17.5,10,0,2,1294
17.5,10,0,3,1298
17.5,10,0,4,1302
17.5,10,0,5,1306
17.5,10,0,6,1310
17.5,10,0,7,1314
17.5,10,0,8,1318
17.5,10,0,9,1322
17.5,10,0,10,1326
17.5,10,0,11,1330
17.5,10,0,12,1334
17.5,10,0,13,1338
17.5,10,0,14,1342
17.5,10,0,15,1346
17.5,10,1,0,1290
17.5,10,1,1,1294
17.5,10,1,2,1298
17.5,10,1,3,1302
17.5,10,1,4,1306
17.5,10,1,5,1311
17.5,10,1,6,1315
17.5,10,1,7,1319
17.5,10,1,8,1323
17.5,10,1,9,1327
17.5,10,1,10,1331
17.5,10,1,11,1335
17.5,10,1,12,1339
17.5,10,1,13,1343
17.5,10,1,14,1347
17.5,10,1,15,1351
17.5,10,2,0,1294
17.5,10,2,1,1298
17.5,10,2,2,1303
17.5,10,2,3,1307
17.5,10,2,4,1311
17.5,10,2,5,1315
17.5,10,2,6,1319
17.5,10,2,7,1323
17.5,10,2,8,1327
17.5,10,2,9,1331
17.5,10,2,10,1335
17.5,10,2,11,1339
17.5,10,2,12,1343
17.5,10,2,13,1347
17.5,10,2,14,1351
17.5,10,2,15,1355
17.5,10,3,0,1299
17.5,10,3,1,1303
17.5,10,3,2,1307
17.5,10,3,3,1311
17.5,10,3,4,1315
17.5,10,3,5,1319
17.5,10,3,6,1323
17.5,10,3,7,1328
17.5,10,3,8,1332
17.5,10,3,9,1336
17.5,10,3,10,1340
17.5,10,3,11,1344
17.5,10,3,12,1348
17.5,10,3,13,1352
17.5,10,3,14,1356
17.5,10,3,15,1360
17.5,10,4,0,1303
17.5,10,4,1,1307
17.5,10,4,2,1311
17.5,10,4,3,1315
17.5,10,4,4,1319
17.5,10,4,5,1324
17.5,10,4,6,1328
17.5,10,4,7,1332
17.5,10,4,8,1336
17.5,10,4,9,1340
17.5,10,4,10,1344
17.5,10,4,11,1348
17.5,10,4,12,1352
17.5,10,4,13,1356
17.5,10,4,14,1360
17.5,10,4,15,1364
17.5,10,5,0,1307
17.5,10,5,1,1311
17.5,10,5,2,1315
17.5,10,5,3,1320
17.5,10,5,4,1324
17.5,10,5,5,1328
17.5,10,5,6,1332
17.5,10,5,7,1336
17.5,10,5,8,1340
17.5,10,5,9,1344
17.5,10,5,10,1349
17.5,10,5,11,1353
17.5,10,5,12,1357
17.5,10,5,13,1361
17.5,10,5,14,1365
17.5,10,5,15,1369
17.5,10,6,0,1311
17.5,10,6,1,1316
17.5,10,6,2,1320
17.5,10,6,3,1324
17.5,10,6,4,1328
17.5,10,6,5,1332
17.5,10,6,6,1336
17.5,10,6,7,1341
17.5,10,6,8,1345
17.5,10,6,9,1349
17.5,10,6,10,1353
17.5,10,6,11,1357
17.5,10,6,12,1361
17.5,10,6,13,1365
17.5,10,6,14,1369
17.5,10,6,15,1373
17.5,10,7,0,1316
17.5,10,7,1,1320
17.5,10,7,2,1324
17.5,10,7,3,1328
17.5,10,7,4,1332
17.5,10,7,5,1337
17.5,10,7,6,1341
17.5,10,7,7,1345
17.5,10,7,8,1349
17.5,10,7,9,1353
17.5,10,7,10,1357
17.5,10,7,11,1361
17.5,10,7,12,1365
17.5,10,7,13,1370
17.5,10,7,14,1374
17.5,10,7,15,1378
17.5,10,8,0,1320
17.5,10,8,1,1324
17.5,10,8,2,1328
17.5,10,8,3,1332
17.5,10,8,4,1337
17.5,10,8,5,1341
17.5,10,8,6,1345
17.5,10,8,7,1349
17.5,10,8,8,1353
17.5,10,8,9,1358
17.5,10,8,10,1362
17.5,10,8,11,1366
17.5,10,8,12,1370
17.5,10,8,13,1374
17.5,10,8,14,1378
17.5,10,8,15,1382
17.5,10,9,0,1324
17.5,10,9,1,1328
17.5,10,9,2,1332
17.5,10,9,3,1337
17.5,10,9,4,1341
17.5,10,9,5,1345
17.5,10,9,6,1349
17.5,10,9,7,1353
17.5,10,9,8,1358
17.5,10,9,9,1362
17.5,10,9,10,1366
17.5,10,9,11,1370
17.5,10,9,12,1374
17.5,10,9,13,1378
17.5,10,9,14,1382
17.5,10,9,15,1387
17.5,10,10,0,1328
17.5,10,10,1,1332
17.5,10,10,2,1337
17.5,10,10,3,1341
17.5,10,10,4,1345
17.5,10,10,5,1349
17.5,10,10,6,1354
17.5,10,10,7,1358
17.5,10,10,8,1362
17.5,10,10,9,1366
17.5,10,10,10,1370
17.5,10,10,11,1374
17.5,10,10,12,1379
17.5,10,10,13,1383
17.5,10,10,14,1387
17.5,10,10,15,1391
17.5,10,11,0,1332
17.5,10,11,1,1337
17.5,10,11,2,1341
17.5,10,11,3,1345
17.5,10,11,4,1349
17.5,10,11,5,1354
17.5,10,11,6,1358
17.5,10,11,7,1362
17.5,10,11,8,1366
17.5,10,11,9,1370
17.5,10,11,10,1375
17.5,10,11,11,1379
17.5,10,11,12,1383
17.5,10,11,13,1387
17.5,10,11,14,1391
17.5,10,11,15,1395
17.5,10,12,0,1336
17.5,10,12,1,1341
17.5,10,12,2,1345
17.5,10,12,3,1349
17.5,10,12,4,1354
17.5,10,12,5,1358
17.5,10,12,6,1362
17.5,10,12,7,1366
17.5,10,12,8,1370
17.5,10,12,9,1375
17.5,10,12,10,1379
17.5,10,12,11,1383
17.5,10,12,12,1387
17.5,10,12,13,1391
17.5,10,12,14,1396
17.5,10,12,15,1400
17.5,10,13,0,1341
17.5,10,13,1,1345
17.5,10,13,2,1349
17.5,10,13,3,1353
17.5,10,13,4,1358
17.5,10,13,5,1362
17.5,10,13,6,1366
17.5,10,13,7,1371
17.5,10,13,8,1375
17.5,10,13,9,1379
17.5,10,13,10,1383
17.5,10,13,11,1387
17.5,10,13,12,1392
17.5,10,13,13,1396
17.5,10,13,14,1400
17.5,10,13,15,1404
17.5,10,14,0,1345
17.5,10,14,1,1349
17.5,10,14,2,1353
17.5,10,14,3,1358
17.5,10,14,4,1362
17.5,10,14,5,1366
17.5,10,14,6,1370
17.5,10,14,7,1375
17.5,10,14,8,1379
17.5,10,14,9,1383
17.5,10,14,10,1387
17.5,10,14,11,1392
17.5,10,14,12,1396
17.5,10,14,13,1400
17.5,10,14,14,1404
17.5,10,14,15,1408
17.5,10,15,0,1349
17.5,10,15,1,1353
17.5,10,15,2,1358
17.5,10,15,3,1362
17.5,10,15,4,1366
17.5,10,15,5,1370
17.5,10,15,6,1375
17.5,10,15,7,1379
17.5,10,15,8,1383
17.5,10,15,9,1387
17.5,10,15,10,1392
17.5,10,15,11,1396
17.5,10,15,12,1400
17.5,10,15,13,1404
17.5,10,15,14,1408
17.5,10,15,15,1413
17.5,11,0,0,1290
17.5,11,0,1,1295
17.5,11,0,2,1299
17.5,11,0,3,1303
17.5,11,0,4,1307
17.5,11,0,5,1311
17.5,11,0,6,1315
17.5,11,0,7,1319
17.5,11,0,8,1323
17.5,11,0,9,1327
17.5,11,0,10,1331
17.5,11,0,11,1335
17.5,11,0,12,1339
17.5,11,0,13,1343
17.5,11,0,14,1347
17.5,11,0,15,1351
17.5,11,1,0,1295
17.5,11,1,1,1299
17.5,11,1,2,1303
17.5,11,1,3,1307
17.5,11,1,4,1311
17.5,11,1,5,1315
17.5,11,1,6,1320
17.5,11,1,7,1324
17.5,11,1,8,1328
17.5,11,1,9,1332
17.5,11,1,10,1336
17.5,11,1,11,1340
17.5,11,1,12,1344
17.5,11,1,13,1348
17.5,11,1,14,1352
17.5,11,1,15,1356
17.5,11,2,0,1299
17.5,11,2,1,1303
17.5,11,2,2,1307
17.5,11,2,3,1312
17.5,11,2,4,1316
17.5,11,2,5,1320
17.5,11,2,6,1324
17.5,11,2,7,1328
17.5,11,2,8,1332
17.5,11,2,9,1336
17.5,11,2,10,1340
17.5,11,2,11,1344
17.5,11,2,12,1348
17.5,11,2,13,1352
17.5,11,2,14,1356
17.5,11,2,15,1360
17.5,11,3,0,1303
17.5,11,3,1,1308
17.5,11,3,2,1312
17.5,11,3,3,1316
17.5,11,3,4,1320
17.5,11,3,5,1324
17.5,11,3,6,1328
17.5,11,3,7,1332
17.5,11,3,8,1337
17.5,11,3,9,1341
17.5,11,3,10,1345
17.5,11,3,11,1349
17.5,11,3,12,1353
17.5,11,3,13,1357
17.5,11,3,14,1361
17.5,11,3,15,1365
17.5,11,4,0,1308
17.5,11,4,1,1312
17.5,11,4,2,1316
17.5,11,4,3,1320
17.5,11,4,4,1324
17.5,11,4,5,1329
17.5,11,4,6,1333
17.5,11,4,7,1337
17.5,11,4,8,1341
17.5,11,4,9,1345
17.5,11,4,10,1349
17.5,11,4,11,1353
17.5,11,4,12,1357
17.5,11,4,13,1361
17.5,11,4,14,1365
17.5,11,4,15,1369
17.5,11,5,0,1312
17.5,11,5,1,1316
17.5,11,5,2,1320
17.5,11,5,3,1325
17.5,11,5,4,1329
17.5,11,5,5,1333
17.5,11,5,6,1337
17.5,11,5,7,1341
17.5,11,5,8,1345
17.5,11,5,9,1349
17.5,11,5,10,1354
17.5,11,5,11,1358
17.5,11,5,12,1362
17.5,11,5,13,1366
17.5,11,5,14,1370
17.5,11,5,15,1374
17.5,11,6,0,1316
17.5,11,6,1,1320
17.5,11,6,2,1325
17.5,11,6,3,1329
17.5,11,6,4,1333
17.5,11,6,5,1337
17.5,11,6,6,1341
17.5,11,6,7,1346
17.5,11,6,8,1350
17.5,11,6,9,1354
17.5,11,6,10,1358
17.5,11,6,11,1362
17.5,11,6,12,1366
17.5,11,6,13,1370
17.5,11,6,14,1374
17.5,11,6,15,1378
17.5,11,7,0,1320
17.5,11,7,1,1325
17.5,11,7,2,1329
17.5,11,7,3,1333
17.5,11,7,4,1337
17.5,11,7,5,1341
17.5,11,7,6,1346
17.5,11,7,7,1350
17.5,11,7,8,1354
17.5,11,7,9,1358
17.5,11,7,10,1362
17.5,11,7,11,1366
17.5,11,7,12,1371
17.5,11,7,13,1375
17.5,11,7,14,1379
17.5,11,7,15,1383
17.5,11,8,0,1325
17.5,11,8,1,1329
17.5,11,8,2,1333
17.5,11,8,3,1337
17.5,11,8,4,1342
17.5,11,8,5,1346
17.5,11,8,6,1350
17.5,11,8,7,1354
17.5,11,8,8,1358
17.5,11,8,9,1363
17.5,11,8,10,1367
17.5,11,8,11,1371
17.5,11,8,12,1375
17.5,11,8,13,1379
17.5,11,8,14,1383
17.5,11,8,15,1387
17.5,11,9,0,1329
17.5,11,9,1,1333
17.5,11,9,2,1337
17.5,11,9,3,1342
17.5,11,9,4,1346
17.5,11,9,5,1350
17.5,11,9,6,1354
17.5,11,9,7,1358
17.5,11,9,8,1363
17.5,11,9,9,1367
17.5,11,9,10,1371
17.5,11,9,11,1375
17.5,11,9,12,1379
17.5,11,9,13,1383
17.5,11,9,14,1388
17.5,11,9,15,1392
17.5,11,10,0,1333
17.5,11,10,1,1337
17.5,11,10,2,1342
17.5,11,10,3,1346
17.5,11,10,4,1350
17.5,11,10,5,1354
17.5,11,10,6,1359
17.5,11,10,7,1363
17.5,11,10,8,1367
17.5,11,10,9,1371
17.5,11,10,10,1375
17.5,11,10,11,1380
17.5,11,10,12,1384
17.5,11,10,13,1388
17.5,11,10,14,1392
17.5,11,10,15,1396
17.5,11,11,0,1337
17.5,11,11,1,1341
17.5,11,11,2,1346
17.5,11,11,3,1350
17.5,11,11,4,1354
17.5,11,11,5,1359
17.5,11,11,6,1363
17.5,11,11,7,1367
17.5,11,11,8,1371
17.5,11,11,9,1375
17.5,11,11,10,1380
17.5,11,11,11,1384
17.5,11,11,12,1388
17.5,11,11,13,1392
17.5,11,11,14,1396
17.5,11,11,15,1400
17.5,11,12,0,1341
17.5,11,12,1,1346
17.5,11,12,2,1350
17.5,11,12,3,1354
17.5,11,12,4,1359
17.5,11,12,5,1363
17.5,11,12,6,1367
17.5,11,12,7,1371
17.5,11,12,8,1376
17.5,11,12,9,1380
17.5,11,12,10,1384
17.5,11,12,11,1388
17.5,11,12,12,1392
17.5,11,12,13,1397
17.5,11,12,14,1401
17.5,11,12,15,1405
17.5,11,13,0,1346
17.5,11,13,1,1350
17.5,11,13,2,1354
17.5,11,13,3,1358
17.5,11,13,4,1363
17.5,11,13,5,1367
17.5,11,13,6,1371
17.5,11,13,7,1376
17.5,11,13,8,1380
17.5,11,13,9,1384
17.5,11,13,10,1388
17.5,11,13,11,1392
17.5,11,13,12,1397
17.5,11,13,13,1401
17.5,11,13,14,1405
17.5,11,13,15,1409
17.5,11,14,0,1350
17.5,11,14,1,1354
17.5,11,14,2,1358
17.5,11,14,3,1363
17.5,11,14,4,1367
17.5,11,14,5,1371
17.5,11,14,6,1376
17.5,11,14,7,1380
17.5,11,14,8,1384
17.5,11,14,9,1388
17.5,11,14,10,1393
17.5,11,14,11,1397
17.5,11,14,12,1401
17.5,11,14,13,1405
17.5,11,14,14,1409
17.5,11,14,15,1413
17.5,11,15,0,1354
17.5,11,15,1,1358
17.5,11,15,2,1363
17.5,11,15,3,1367
17.5,11,15,4,1371
17.5,11,15,5,1375
17.5,11,15,6,1380
17.5,11,15,7,1384
17.5,11,15,8,1388
17.5,11,15,9,1393
17.5,11,15,10,1397
17.5,11,15,11,1401
17.5,11,15,12,1405
17.5,11,15,13,1409
17.5,11,15,14,1414
17.5,11,15,15,1418
17.5,12,0,0,1295
17.5,12,0,1,1299
17.5,12,0,2,1303
17.5,12,0,3,1308
17.5,12,0,4,1312
17.5,12,0,5,1316
17.5,12,0,6,1320
17.5,12,0,7,1324
17.5,12,0,8,1328
17.5,12,0,9,1332
17.5,12,0,10,1336
17.5,12,0,11,1340
17.5,12,0,12,1344
17.5,12,0,13,1348
17.5,12,0,14,1352
17.5,12,0,15,1356
17.5,12,1,0,1299
17.5,12,1,1,1304
17.5,12,1,2,1308
17.5,12,1,3,1312
17.5,12,1,4,1316
17.5,12,1,5,1320
17.5,12,1,6,1324
17.5,12,1,7,1329
17.5,12,1,8,1333
17.5,12,1,9,1337
17.5,12,1,10,1341
17.5,12,1,11,1345
17.5,12,1,12,1349
17.5,12,1,13,1353
17.5,12,1,14,1357
17.5,12,1,15,1361
17.5,12,2,0,1304
17.5,12,2,1,1308
17.5,12,2,2,1312
17.5,12,2,3,1316
17.5,12,2,4,1321
17.5,12,2,5,1325
17.5,12,2,6,1329
17.5,12,2,7,1333
17.5,12,2,8,1337
17.5,12,2,9,1341
17.5,12,2,10,1345
17.5,12,2,11,1349
17.5,12,2,12,1353
17.5,12,2,13,1357
17.5,12,2,14,1361
17.5,12,2,15,1365
17.5,12,3,0,1308
17.5,12,3,1,1312
17.5,12,3,2,1317
17.5,12,3,3,1321
17.5,12,3,4,1325
17.5,12,3,5,1329
17.5,12,3,6,1333
17.5,12,3,7,1337
17.5,12,3,8,1341
17.5,12,3,9,1346
17.5,12,3,10,1350
17.5,12,3,11,1354
17.5,12,3,12,1358
17.5,12,3,13,1362
17.5,12,3,14,1366
17.5,12,3,15,1370
17.5,12,4,0,1312
17.5,12,4,1,1317
17.5,12,4,2,1321
17.5,12,4,3,1325
17.5,12,4,4,1329
17.5,12,4,5,1333
17.5,12,4,6,1338
17.5,12,4,7,1342
17.5,12,4,8,1346
17.5,12,4,9,1350
17.5,12,4,10,1354
17.5,12,4,11,1358
17.5,12,4,12,1362
17.5,12,4,13,1366
17.5,12,4,14,1370
17.5,12,4,15,1374
17.5,12,5,0,1317
17.5,12,5,1,1321
17.5,12,5,2,1325
17.5,12,5,3,1329
17.5,12,5,4,1334
17.5,12,5,5,1338
17.5,12,5,6,1342
17.5,12,5,7,1346
17.5,12,5,8,1350
17.5,12,5,9,1354
17.5,12,5,10,1359
17.5,12,5,11,1363
17.5,12,5,12,1367
17.5,12,5,13,1371
17.5,12,5,14,1375
17.5,12,5,15,1379
17.5,12,6,0,1321
17.5,12,6,1,1325
17.5,12,6,2,1329
17.5,12,6,3,1334
17.5,12,6,4,1338
17.5,12,6,5,1342
17.5,12,6,6,1346
17.5,12,6,7,1350
17.5,12,6,8,1355
17.5,12,6,9,1359
17.5,12,6,10,1363
17.5,12,6,11,1367
17.5,12,6,12,1371
17.5,12,6,13,1375
17.5,12,6,14,1379
17.5,12,6,15,1383
17.5,12,7,0,1325
17.5,12,7,1,1329
17.5,12,7,2,1334
17.5,12,7,3,1338
17.5,12,7,4,1342
17.5,12,7,5,1346
17.5,12,7,6,1351
17.5,12,7,7,1355
17.5,12,7,8,1359
17.5,12,7,9,1363
17.5,12,7,10,1367
17.5,12,7,11,1371
17.5,12,7,12,1376
17.5,12,7,13,1380
17.5,12,7,14,1384
17.5,12,7,15,1388
17.5,12,8,0,1329
17.5,12,8,1,1334
17.5,12,8,2,1338
17.5,12,8,3,1342
17.5,12,8,4,1347
17.5,12,8,5,1351
17.5,12,8,6,1355
17.5,12,8,7,1359
17.5,12,8,8,1363
17.5,12,8,9,1368
17.5,12,8,10,1372
17.5,12,8,11,1376
17.5,12,8,12,1380
17.5,12,8,13,1384
17.5,12,8,14,1388
17.5,12,8,15,1392
17.5,12,9,0,1334
17.5,12,9,1,1338
17.5,12,9,2,1342
17.5,12,9,3,1347
17.5,12,9,4,1351
17.5,12,9,5,1355
17.5,12,9,6,1359
17.5,12,9,7,1363
17.5,12,9,8,1368
17.5,12,9,9,1372
17.5,12,9,10,1376
17.5,12,9,11,1380
17.5,12,9,12,1384
17.5,12,9,13,1389
17.5,12,9,14,1393
17.5,12,9,15,1397
17.5,12,10,0,1338
17.5,12,10,1,1342
17.5,12,10,2,1347
17.5,12,10,3,1351
17.5,12,10,4,1355
17.5,12,10,5,1359
17.5,12,10,6,1364
17.5,12,10,7,1368
17.5,12,10,8,1372
17.5,12,10,9,1376
17.5,12,10,10,1380
17.5,12,10,11,1385
17.5,12,10,12,1389
17.5,12,10,13,1393
17.5,12,10,14,1397
17.5,12,10,15,1401
17.5,12,11,0,1342
17.5,12,11,1,1346
17.5,12,11,2,1351
17.5,12,11,3,1355
17.5,12,11,4,1359
17.5,12,11,5,1364
17.5,12,11,6,1368
17.5,12,11,7,1372
17.5,12,11,8,1376
17.5,12,11,9,1381
17.5,12,11,10,1385
17.5,12,11,11,1389
17.5,12,11,12,1393
17.5,12,11,13,1397
17.5,12,11,14,1401
17.5,12,11,15,1406
17.5,12,12,0,1346
17.5,12,12,1,1351
17.5,12,12,2,1355
17.5,12,12,3,1359
17.5,12,12,4,1364
17.5,12,12,5,1368
17.5,12,12,6,1372
17.5,12,12,7,1376
17.5,12,12,8,1381
17.5,12,12,9,1385
17.5,12,12,10,1389
17.5,12,12,11,1393
17.5,12,12,12,1397
17.5,12,12,13,1402
17.5,12,12,14,1406
17.5,12,12,15,1410
17.5,12,13,0,1350
17.5,12,13,1,1355
17.5,12,13,2,1359
17.5,12,13,3,1363
17.5,12,13,4,1368
17.5,12,13,5,1372
17.5,12,13,6,1376
17.5,12,13,7,1381
17.5,12,13,8,1385
17.5,12,13,9,1389
17.5,12,13,10,1393
17.5,12,13,11,1398
17.5,12,13,12,1402
17.5,12,13,13,1406
17.5,12,13,14,1410
17.5,12,13,15,1414
17.5,12,14,0,1355
17.5,12,14,1,1359
17.5,12,14,2,1363
17.5,12,14,3,1368
17.5,12,14,4,1372
17.5,12,14,5,1376
17.5,12,14,6,1381
17.5,12,14,7,1385
17.5,12,14,8,1389
17.5,12,14,9,1393
17.5,12,14,10,1398
17.5,12,14,11,1402
17.5,12,14,12,1406
17.5,12,14,13,1410
17.5,12,14,14,1415
17.5,12,14,15,1419
17.5,12,15,0,1359
17.5,12,15,1,1363
17.5,12,15,2,1368
17.5,12,15,3,1372
17.5,12,15,4,1376
17.5,12,15,5,1381
17.5,12,15,6,1385
17.5,12,15,7,1389
17.5,12,15,8,1393
17.5,12,15,9,1398
17.5,12,15,10,1402
17.5,12,15,11,1406
17.5,12,15,12,1410
17.5,12,15,13,1415
17.5,12,15,14,1419
17.5,12,15,15,1423
17.5,13,0,0,1300
17.5,13,0,1,1304
17.5,13,0,2,1308
17.5,13,0,3,1312
17.5,13,0,4,1317
17.5,13,0,5,1321
17.5,13,0,6,1325
17.5,13,0,7,1329
17.5,13,0,8,1333
17.5,13,0,9,1337
17.5,13,0,10,1341
17.5,13,0,11,1345
17.5,13,0,12,1349
17.5,13,0,13,1353
17.5,13,0,14,1357
17.5,13,0,15,1361
17.5,13,1,0,1304
17.5,13,1,1,1308
17.5,13,1,2,1313
17.5,13,1,3,1317
17.5,13,1,4,1321
17.5,13,1,5,1325
17.5,13,1,6,1329
17.5,13,1,7,1333
17.5,13,1,8,1337
17.5,13,1,9,1342
17.5,13,1,10,1346
17.5,13,1,11,1350
17.5,13,1,12,1354
17.5,13,1,13,1358
17.5,13,1,14,1362
17.5,13,1,15,1366
17.5,13,2,0,1309
17.5,13,2,1,1313
17.5,13,2,2,1317
17.5,13,2,3,1321
17.5,13,2,4,1325
17.5,13,2,5,1330
17.5,13,2,6,1334
17.5,13,2,7,1338
17.5,13,2,8,1342
17.5,13,2,9,1346
17.5,13,2,10,1350
17.5,13,2,11,1354
17.5,13,2,12,1358
17.5,13,2,13,1362
17.5,13,2,14,1366
17.5,13,2,15,1370
17.5,13,3,0,1313
17.5,13,3,1,1317
17.5,13,3,2,1321
17.5,13,3,3,1326
17.5,13,3,4,1330
17.5,13,3,5,1334
17.5,13,3,6,1338
17.5,13,3,7,1342
17.5,13,3,8,1346
17.5,13,3,9,1350
17.5,13,3,10,1355
17.5,13,3,11,1359
17.5,13,3,12,1363
17.5,13,3,13,1367
17.5,13,3,14,1371
17.5,13,3,15,1375
17.5,13,4,0,1317
17.5,13,4,1,1321
17.5,13,4,2,1326
17.5,13,4,3,1330
17.5,13,4,4,1334
17.5,13,4,5,1338
17.5,13,4,6,1342
17.5,13,4,7,1347
17.5,13,4,8,1351
17.5,13,4,9,1355
17.5,13,4,10,1359
17.5,13,4,11,1363
17.5,13,4,12,1367
17.5,13,4,13,1371
17.5,13,4,14,1375
17.5,13,4,15,1380
17.5,13,5,0,1322
17.5,13,5,1,1326
17.5,13,5,2,1330
17.5,13,5,3,1334
17.5,13,5,4,1338
17.5,13,5,5,1343
17.5,13,5,6,1347
17.5,13,5,7,1351
17.5,13,5,8,1355
17.5,13,5,9,1359
17.5,13,5,10,1363
17.5,13,5,11,1368
17.5,13,5,12,1372
17.5,13,5,13,1376
17.5,13,5,14,1380
17.5,13,5,15,1384
17.5,13,6,0,1326
17.5,13,6,1,1330
17.5,13,6,2,1334
17.5,13,6,3,1339
17.5,13,6,4,1343
17.5,13,6,5,1347
17.5,13,6,6,1351
17.5,13,6,7,1355
17.5,13,6,8,1360
17.5,13,6,9,1364
17.5,13,6,10,1368
17.5,13,6,11,1372
17.5,13,6,12,1376
17.5,13,6,13,1380
17.5,13,6,14,1384
17.5,13,6,15,1388
17.5,13,7,0,1330
17.5,13,7,1,1334
17.5,13,7,2,1339
17.5,13,7,3,1343
17.5,13,7,4,1347
17.5,13,7,5,1351
17.5,13,7,6,1356
17.5,13,7,7,1360
17.5,13,7,8,1364
17.5,13,7,9,1368
17.5,13,7,10,1372
17.5,13,7,11,1376
17.5,13,7,12,1381
17.5,13,7,13,1385
17.5,13,7,14,1389
17.5,13,7,15,1393
17.5,13,8,0,1334
17.5,13,8,1,1339
17.5,13,8,2,1343
17.5,13,8,3,1347
17.5,13,8,4,1351
17.5,13,8,5,1356
17.5,13,8,6,1360
17.5,13,8,7,1364
17.5,13,8,8,1368
17.5,13,8,9,1373
17.5,13,8,10,1377
17.5,13,8,11,1381
17.5,13,8,12,1385
17.5,13,8,13,1389
17.5,13,8,14,1393
17.5,13,8,15,1397
17.5,13,9,0,1339
17.5,13,9,1,1343
17.5,13,9,2,1347
17.5,13,9,3,1351
17.5,13,9,4,1356
17.5,13,9,5,1360
17.5,13,9,6,1364
17.5,13,9,7,1368
17.5,13,9,8,1373
17.5,13,9,9,1377
17.5,13,9,10,1381
17.5,13,9,11,1385
17.5,13,9,12,1389
17.5,13,9,13,1394
17.5,13,9,14,1398
17.5,13,9,15,1402
17.5,13,10,0,1343
17.5,13,10,1,1347
17.5,13,10,2,1351
17.5,13,10,3,1356
17.5,13,10,4,1360
17.5,13,10,5,1364
17.5,13,10,6,1369
17.5,13,10,7,1373
17.5,13,10,8,1377
17.5,13,10,9,1381
17.5,13,10,10,1385
17.5,13,10,11,1390
17.5,13,10,12,1394
17.5,13,10,13,1398
17.5,13,10,14,1402
17.5,13,10,15,1406
17.5,13,11,0,1347
17.5,13,11,1,1351
17.5,13,11,2,1356
17.5,13,11,3,1360
17.5,13,11,4,1364
17.5,13,11,5,1369
17.5,13,11,6,1373
17.5,13,11,7,1377
17.5,13,11,8,1381
17.5,13,11,9,1386
17.5,13,11,10,1390
17.5,13,11,11,1394
17.5,13,11,12,1398
17.5,13,11,13,1402
17.5,13,11,14,1407
17.5,13,11,15,1411
17.5,13,12,0,1351
17.5,13,12,1,1356
17.5,13,12,2,1360
17.5,13,12,3,1364
17.5,13,12,4,1369
17.5,13,12,5,1373
17.5,13,12,6,1377
17.5,13,12,7,1381
17.5,13,12,8,1386
17.5,13,12,9,1390
17.5,13,12,10,1394
17.5,13,12,11,1398
17.5,13,12,12,1403
17.5,13,12,13,1407
17.5,13,12,14,1411
17.5,13,12,15,1415
17.5,13,13,0,1355
17.5,13,13,1,1360
17.5,13,13,2,1364
17.5,13,13,3,1368
17.5,13,13,4,1373
17.5,13,13,5,1377
17.5,13,13,6,1381
17.5,13,13,7,1386
17.5,13,13,8,1390
17.5,13,13,9,1394
17.5,13,13,10,1398
17.5,13,13,11,1403
17.5,13,13,12,1407
17.5,13,13,13,1411
17.5,13,13,14,1415
17.5,13,13,15,1420
17.5,13,14,0,1360
17.5,13,14,1,1364
17.5,13,14,2,1368
17.5,13,14,3,1373
17.5,13,14,4,1377
17.5,13,14,5,1381
17.5,13,14,6,1386
17.5,13,14,7,1390
17.5,13,14,8,1394
17.5,13,14,9,1399
17.5,13,14,10,1403
17.5,13,14,11,1407
17.5,13,14,12,1411
17.5,13,14,13,1415
17.5,13,14,14,1420
17.5,13,14,15,1424
17.5,13,15,0,1364
17.5,13,15,1,1368
17.5,13,15,2,1373
17.5,13,15,3,1377
17.5,13,15,4,1381
17.5,13,15,5,1386
17.5,13,15,6,1390
17.5,13,15,7,1394
17.5,13,15,8,1399
17.5,13,15,9,1403
17.5,13,15,10,1407
17.5,13,15,11,1411
17.5,13,15,12,1416
17.5,13,15,13,1420
17.5,13,15,14,1424
17.5,13,15,15,1428
17.5,14,0,0,1305
17.5,14,0,1,1309
17.5,14,0,2,1313
17.5,14,0,3,1317
17.5,14,0,4,1321
17.5,14,0,5,1326
17.5,14,0,6,1330
17.5,14,0,7,1334
17.5,14,0,8,1338
17.5,14,0,9,1342
17.5,14,0,10,1346
17.5,14,0,11,1350
17.5,14,0,12,1354
17.5,14,0,13,1358
17.5,14,0,14,1362
17.5,14,0,15,1366
17.5,14,1,0,1309
17.5,14,1,1,1313
17.5,14,1,2,1317
17.5,14,1,3,1322
17.5,14,1,4,1326
17.5,14,1,5,1330
17.5,14,1,6,1334
17.5,14,1,7,1338
17.5,14,1,8,1342
17.5,14,1,9,1346
17.5,14,1,10,1351
17.5,14,1,11,1355
17.5,14,1,12,1359
17.5,14,1,13,1363
17.5,14,1,14,1367
17.5,14,1,15,1371
17.5,14,2,0,1313
17.5,14,2,1,1318
17.5,14,2,2,1322
17.5,14,2,3,1326
17.5,14,2,4,1330
17.5,14,2,5,1334
17.5,14,2,6,1339
17.5,14,2,7,1343
17.5,14,2,8,1347
17.5,14,2,9,1351
17.5,14,2,10,1355
17.5,14,2,11,1359
17.5,14,2,12,1363
17.5,14,2,13,1367
17.5,14,2,14,1371
17.5,14,2,15,1375
17.5,14,3,0,1318
17.5,14,3,1,1322
17.5,14,3,2,1326
17.5,14,3,3,1330
17.5,14,3,4,1335
17.5,14,3,5,1339
17.5,14,3,6,1343
17.5,14,3,7,1347
17.5,14,3,8,1351
17.5,14,3,9,1355
17.5,14,3,10,1360
17.5,14,3,11,1364
17.5,14,3,12,1368
17.5,14,3,13,1372
17.5,14,3,14,1376
17.5,14,3,15,1380
17.5,14,4,0,1322
17.5,14,4,1,1326
17.5,14,4,2,1331
17.5,14,4,3,1335
17.5,14,4,4,1339
17.5,14,4,5,1343
17.5,14,4,6,1347
17.5,14,4,7,1352
17.5,14,4,8,1356
17.5,14,4,9,1360
17.5,14,4,10,1364
17.5,14,4,11,1368
17.5,14,4,12,1372
17.5,14,4,13,1376
17.5,14,4,14,1380
17.5,14,4,15,1385
17.5,14,5,0,1326
17.5,14,5,1,1331
17.5,14,5,2,1335
17.5,14,5,3,1339
17.5,14,5,4,1343
17.5,14,5,5,1348
17.5,14,5,6,1352
17.5,14,5,7,1356
17.5,14,5,8,1360
17.5,14,5,9,1364
17.5,14,5,10,1368
17.5,14,5,11,1373
17.5,14,5,12,1377
17.5,14,5,13,1381
17.5,14,5,14,1385
17.5,14,5,15,1389
17.5,14,6,0,1331
17.5,14,6,1,1335
17.5,14,6,2,1339
17.5,14,6,3,1343
17.5,14,6,4,1348
17.5,14,6,5,1352
17.5,14,6,6,1356
17.5,14,6,7,1360
17.5,14,6,8,1365
17.5,14,6,9,1369
17.5,14,6,10,1373
17.5,14,6,11,1377
17.5,14,6,12,1381
17.5,14,6,13,1385
17.5,14,6,14,1389
17.5,14,6,15,1394
17.5,14,7,0,1335
17.5,14,7,1,1339
17.5,14,7,2,1344
17.5,14,7,3,1348
17.5,14,7,4,1352
17.5,14,7,5,1356
17.5,14,7,6,1361
17.5,14,7,7,1365
17.5,14,7,8,1369
17.5,14,7,9,1373
17.5,14,7,10,1377
17.5,14,7,11,1382
17.5,14,7,12,1386
17.5,14,7,13,1390
17.5,14,7,14,1394
17.5,14,7,15,1398
17.5,14,8,0,1339
17.5,14,8,1,1344
17.5,14,8,2,1348
17.5,14,8,3,1352
17.5,14,8,4,1356
17.5,14,8,5,1361
17.5,14,8,6,1365
17.5,14,8,7,1369
17.5,14,8,8,1373
17.5,14,8,9,1378
17.5,14,8,10,1382
17.5,14,8,11,1386
17.5,14,8,12,1390
17.5,14,8,13,1394
17.5,14,8,14,1398
17.5,14,8,15,1403
17.5,14,9,0,1343
17.5,14,9,1,1348
17.5,14,9,2,1352
17.5,14,9,3,1356
17.5,14,9,4,1361
17.5,14,9,5,1365
17.5,14,9,6,1369
17.5,14,9,7,1373
17.5,14,9,8,1378
17.5,14,9,9,1382
17.5,14,9,10,1386
17.5,14,9,11,1390
17.5,14,9,12,1395
17.5,14,9,13,1399
17.5,14,9,14,1403
17.5,14,9,15,1407
17.5,14,10,0,1348
17.5,14,10,1,1352
17.5,14,10,2,1356
17.5,14,10,3,1361
17.5,14,10,4,1365
17.5,14,10,5,1369
17.5,14,10,6,1374
17.5,14,10,7,1378
17.5,14,10,8,1382
17.5,14,10,9,1386
17.5,14,10,10,1391
17.5,14,10,11,1395
17.5,14,10,12,1399
17.5,14,10,13,1403
17.5,14,10,14,1407
17.5,14,10,15,1411
17.5,14,11,0,1352
17.5,14,11,1,1356
17.5,14,11,2,1361
17.5,14,11,3,1365
17.5,14,11,4,1369
17.5,14,11,5,1374
17.5,14,11,6,1378
17.5,14,11,7,1382
17.5,14,11,8,1386
17.5,14,11,9,1391
17.5,14,11,10,1395
17.5,14,11,11,1399
17.5,14,11,12,1403
17.5,14,11,13,1408
17.5,14,11,14,1412
17.5,14,11,15,1416
17.5,14,12,0,1356
17.5,14,12,1,1361
17.5,14,12,2,1365
17.5,14,12,3,1369
17.5,14,12,4,1374
17.5,14,12,5,1378
17.5,14,12,6,1382
17.5,14,12,7,1386
17.5,14,12,8,1391
17.5,14,12,9,1395
17.5,14,12,10,1399
17.5,14,12,11,1403
17.5,14,12,12,1408
17.5,14,12,13,1412
17.5,14,12,14,1416
17.5,14,12,15,1420
17.5,14,13,0,1360
17.5,14,13,1,1365
17.5,14,13,2,1369
17.5,14,13,3,1373
17.5,14,13,4,1378
17.5,14,13,5,1382
17.5,14,13,6,1386
17.5,14,13,7,1391
17.5,14,13,8,1395
17.5,14,13,9,1399
17.5,14,13,10,1404
17.5,14,13,11,1408
17.5,14,13,12,1412
17.5,14,13,13,1416
17.5,14,13,14,1420
17.5,14,13,15,1425
17.5,14,14,0,1365
17.5,14,14,1,1369
17.5,14,14,2,1373
17.5,14,14,3,1378
17.5,14,14,4,1382
17.5,14,14,5,1386
17.5,14,14,6,1391
17.5,14,14,7,1395
17.5,14,14,8,1399
17.5,14,14,9,1404
17.5,14,14,10,1408
17.5,14,14,11,1412
17.5,14,14,12,1416
17.5,14,14,13,1421
17.5,14,14,14,1425
17.5,14,14,15,1429
17.5,14,15,0,1369
17.5,14,15,1,1373
17.5,14,15,2,1378
17.5,14,15,3,1382
17.5,14,15,4,1386
17.5,14,15,5,1391
17.5,14,15,6,1395
17.5,14,15,7,1399
17.5,14,15,8,1404
17.5,14,15,9,1408
17.5,14,15,10,1412
17.5,14,15,11,1416
17.5,14,15,12,1421
17.5,14,15,13,1425
17.5,14,15,14,1429
17.5,14,15,15,1433
17.5,15,0,0,1309
17.5,15,0,1,1314
17.5,15,0,2,1318
17.5,15,0,3,1322
17.5,15,0,4,1326
17.5,15,0,5,1330
17.5,15,0,6,1334
17.5,15,0,7,1339
17.5,15,0,8,1343
17.5,15,0,9,1347
17.5,15,0,10,1351
17.5,15,0,11,1355
17.5,15,0,12,1359
17.5,15,0,13,1363
17.5,15,0,14,1367
17.5,15,0,15,1371
17.5,15,1,0,1314
17.5,15,1,1,1318
17.5,15,1,2,1322
17.5,15,1,3,1326
17.5,15,1,4,1331
17.5,15,1,5,1335
17.5,15,1,6,1339
17.5,15,1,7,1343
17.5,15,1,8,1347
17.5,15,1,9,1351
17.5,15,1,10,1355
17.5,15,1,11,1360
17.5,15,1,12,1364
17.5,15,1,13,1368
17.5,15,1,14,1372
17.5,15,1,15,1376
17.5,15,2,0,1318
17.5,15,2,1,1322
17.5,15,2,2,1327
17.5,15,2,3,1331
17.5,15,2,4,1335
17.5,15,2,5,1339
17.5,15,2,6,1343
17.5,15,2,7,1348
17.5,15,2,8,1352
17.5,15,2,9,1356
17.5,15,2,10,1360
17.5,15,2,11,1364
17.5,15,2,12,1368
17.5,15,2,13,1372
17.5,15,2,14,1376
17.5,15,2,15,1380
17.5,15,3,0,1322
17.5,15,3,1,1327
17.5,15,3,2,1331
17.5,15,3,3,1335
17.5,15,3,4,1339
17.5,15,3,5,1344
17.5,15,3,6,1348
17.5,15,3,7,1352
17.5,15,3,8,1356
17.5,15,3,9,1360
17.5,15,3,10,1365
17.5,15,3,11,1369
17.5,15,3,12,1373
17.5,15,3,13,1377
17.5,15,3,14,1381
17.5,15,3,15,1385
17.5,15,4,0,1327
17.5,15,4,1,1331
17.5,15,4,2,1335
17.5,15,4,3,1340
17.5,15,4,4,1344
17.5,15,4,5,1348
17.5,15,4,6,1352
17.5,15,4,7,1356
17.5,15,4,8,1361
17.5,15,4,9,1365
17.5,15,4,10,1369
17.5,15,4,11,1373
17.5,15,4,12,1377
17.5,15,4,13,1381
17.5,15,4,14,1385
17.5,15,4,15,1390
17.5,15,5,0,1331
17.5,15,5,1,1335
17.5,15,5,2,1340
17.5,15,5,3,1344
17.5,15,5,4,1348
17.5,15,5,5,1352
17.5,15,5,6,1357
17.5,15,5,7,1361
17.5,15,5,8,1365
17.5,15,5,9,1369
17.5,15,5,10,1373
17.5,15,5,11,1378
17.5,15,5,12,1382
17.5,15,5,13,1386
17.5,15,5,14,1390
17.5,15,5,15,1394
17.5,15,6,0,1335
17.5,15,6,1,1340
17.5,15,6,2,1344
17.5,15,6,3,1348
17.5,15,6,4,1353
17.5,15,6,5,1357
17.5,15,6,6,1361
17.5,15,6,7,1365
17.5,15,6,8,1370
17.5,15,6,9,1374
17.5,15,6,10,1378
17.5,15,6,11,1382
17.5,15,6,12,1386
17.5,15,6,13,1390
17.5,15,6,14,1395
17.5,15,6,15,1399
17.5,15,7,0,1340
17.5,15,7,1,1344
17.5,15,7,2,1348
17.5,15,7,3,1353
17.5,15,7,4,1357
17.5,15,7,5,1361
17.5,15,7,6,1365
17.5,15,7,7,1370
17.5,15,7,8,1374
17.5,15,7,9,1378
17.5,15,7,10,1382
17.5,15,7,11,1387
17.5,15,7,12,1391
17.5,15,7,13,1395
17.5,15,7,14,1399
17.5,15,7,15,1403
17.5,15,8,0,1344
17.5,15,8,1,1348
17.5,15,8,2,1353
17.5,15,8,3,1357
17.5,15,8,4,1361
17.5,15,8,5,1366
17.5,15,8,6,1370
17.5,15,8,7,1374
17.5,15,8,8,1378
17.5,15,8,9,1383
17.5,15,8,10,1387
17.5,15,8,11,1391
17.5,15,8,12,1395
17.5,15,8,13,1399
17.5,15,8,14,1403
17.5,15,8,15,1408
17.5,15,9,0,1348
17.5,15,9,1,1353
17.5,15,9,2,1357
17.5,15,9,3,1361
17.5,15,9,4,1366
17.5,15,9,5,1370
17.5,15,9,6,1374
17.5,15,9,7,1378
17.5,15,9,8,1383
17.5,15,9,9,1387
17.5,15,9,10,1391
17.5,15,9,11,1395
17.5,15,9,12,1400
17.5,15,9,13,1404
17.5,15,9,14,1408
17.5,15,9,15,1412
17.5,15,10,0,1353
17.5,15,10,1,1357
17.5,15,10,2,1361
17.5,15,10,3,1366
17.5,15,10,4,1370
17.5,15,10,5,1374
17.5,15,10,6,1379
17.5,15,10,7,1383
17.5,15,10,8,1387
17.5,15,10,9,1391
17.5,15,10,10,1396
17.5,15,10,11,1400
17.5,15,10,12,1404
17.5,15,10,13,1408
17.5,15,10,14,1412
17.5,15,10,15,1417
17.5,15,11,0,1357
17.5,15,11,1,1361
17.5,15,11,2,1366
17.5,15,11,3,1370
17.5,15,11,4,1374
17.5,15,11,5,1379
17.5,15,11,6,1383
17.5,15,11,7,1387
17.5,15,11,8,1391
17.5,15,11,9,1396
17.5,15,11,10,1400
17.5,15,11,11,1404
17.5,15,11,12,1408
17.5,15,11,13,1413
17.5,15,11,14,1417
17.5,15,11,15,1421
17.5,15,12,0,1361
17.5,15,12,1,1365
17.5,15,12,2,1370
17.5,15,12,3,1374
17.5,15,12,4,1379
17.5,15,12,5,1383
17.5,15,12,6,1387
17.5,15,12,7,1392
17.5,15,12,8,1396
17.5,15,12,9,1400
17.5,15,12,10,1404
17.5,15,12,11,1409
17.5,15,12,12,1413
17.5,15,12,13,1417
17.5,15,12,14,1421
17.5,15,12,15,1425
17.5,15,13,0,1365
17.5,15,13,1,1370
17.5,15,13,2,1374
17.5,15,13,3,1378
17.5,15,13,4,1383
17.5,15,13,5,1387
17.5,15,13,6,1392
17.5,15,13,7,1396
17.5,15,13,8,1400
17.5,15,13,9,1404
17.5,15,13,10,1409
17.5,15,13,11,1413
17.5,15,13,12,1417
17.5,15,13,13,1421
17.5,15,13,14,1426
17.5,15,13,15,1430
17.5,15,14,0,1370
17.5,15,14,1,1374
17.5,15,14,2,1378
17.5,15,14,3,1383
17.5,15,14,4,1387
17.5,15,14,5,1391
17.5,15,14,6,1396
17.5,15,14,7,1400
17.5,15,14,8,1404
17.5,15,14,9,1409
17.5,15,14,10,1413
17.5,15,14,11,1417
17.5,15,14,12,1422
17.5,15,14,13,1426
17.5,15,14,14,1430
17.5,15,14,15,1434
17.5,15,15,0,1374
17.5,15,15,1,1378
17.5,15,15,2,1383
17.5,15,15,3,1387
17.5,15,15,4,1391
17.5,15,15,5,1396
17.5,15,15,6,1400
17.5,15,15,7,1404
17.5,15,15,8,1409
17.5,15,15,9,1413
17.5,15,15,10,1417
17.5,15,15,11,1422
17.5,15,15,12,1426
17.5,15,15,13,1430
17.5,15,15,14,1434
17.5,15,15,15,1439
18.0,0,0,0,1274
18.0,0,0,1,1278
18.0,0,0,2,1282
18.0,0,0,3,1286
18.0,0,0,4,1290
18.0,0,0,5,1294
18.0,0,0,6,1298
18.0,0,0,7,1302
18.0,0,0,8,1306
18.0,0,0,9,1310
18.0,0,0,10,1314
18.0,0,0,11,1318
18.0,0,0,12,1322
18.0,0,0,13,1326
18.0,0,0,14,1330
18.0,0,0,15,1334
18.0,0,1,0,1278
18.0,0,1,1,1282
18.0,0,1,2,1286
18.0,0,1,3,1290
18.0,0,1,4,1294
18.0,0,1,5,1298
18.0,0,1,6,1302
18.0,0,1,7,1306
18.0,0,1,8,1310
18.0,0,1,9,1314
18.0,0,1,10,1318
18.0,0,1,11,1322
18.0,0,1,12,1326
18.0,0,1,13,1330
18.0,0,1,14,1334
18.0,0,1,15,1338
18.0,0,2,0,1282
18.0,0,2,1,1286
18.0,0,2,2,1290
18.0,0,2,3,1294
18.0,0,2,4,1299
18.0,0,2,5,1303
18.0,0,2,6,1307
18.0,0,2,7,1311
18.0,0,2,8,1315
18.0,0,2,9,1319
18.0,0,2,10,1323
18.0,0,2,11,1327
18.0,0,2,12,1331
18.0,0,2,13,1335
18.0,0,2,14,1339
18.0,0,2,15,1343
18.0,0,3,0,1286
18.0,0,3,1,1290
18.0,0,3,2,1295
18.0,0,3,3,1299
18.0,0,3,4,1303
18.0,0,3,5,1307
18.0,0,3,6,1311
18.0,0,3,7,1315
18.0,0,3,8,1319
18.0,0,3,9,1323
18.0,0,3,10,1327
18.0,0,3,11,1331
18.0,0,3,12,1335
18.0,0,3,13,1339
18.0,0,3,14,1343
18.0,0,3,15,1347
18.0,0,4,0,1291
18.0,0,4,1,1295
18.0,0,4,2,1299
18.0,0,4,3,1303
18.0,0,4,4,1307
18.0,0,4,5,1311
18.0,0,4,6,1315
18.0,0,4,7,1319
18.0,0,4,8,1323
18.0,0,4,9,1328
18.0,0,4,10,1332
18.0,0,4,11,1336
18.0,0,4,12,1340
18.0,0,4,13,1344
18.0,0,4,14,1348
18.0,0,4,15,1352
18.0,0,5,0,1295
18.0,0,5,1,1299
18.0,0,5,2,1303
18.0,0,5,3,1307
18.0,0,5,4,1311
18.0,0,5,5,1315
18.0,0,5,6,1320
18.0,0,5,7,1324
18.0,0,5,8,1328
18.0,0,5,9,1332
18.0,0,5,10,1336
18.0,0,5,11,1340
18.0,0,5,12,1344
18.0,0,5,13,1348
18.0,0,5,14,1352
18.0,0,5,15,1356
18.0,0,6,0,1299
18.0,0,6,1,1303
18.0,0,6,2,1307
18.0,0,6,3,1311
18.0,0,6,4,1316
18.0,0,6,5,1320
18.0,0,6,6,1324
18.0,0,6,7,1328
18.0,0,6,8,1332
18.0,0,6,9,1336
18.0,0,6,10,1340
18.0,0,6,11,1344
18.0,0,6,12,1348
18.0,0,6,13,1352
18.0,0,6,14,1356
18.0,0,6,15,1360
18.0,0,7,0,1303
18.0,0,7,1,1307
18.0,0,7,2,1312
18.0,0,7,3,1316
18.0,0,7,4,1320
18.0,0,7,5,1324
18.0,0,7,6,1328
18.0,0,7,7,1332
18.0,0,7,8,1336
18.0,0,7,9,1340
18.0,0,7,10,1345
18.0,0,7,11,1349
18.0,0,7,12,1353
18.0,0,7,13,1357
18.0,0,7,14,1361
18.0,0,7,15,1365
18.0,0,8,0,1307
18.0,0,8,1,1312
18.0,0,8,2,1316
18.0,0,8,3,1320
18.0,0,8,4,1324
18.0,0,8,5,1328
18.0,0,8,6,1332
18.0,0,8,7,1337
18.0,0,8,8,1341
18.0,0,8,9,1345
18.0,0,8,10,1349
18.0,0,8,11,1353
18.0,0,8,12,1357
18.0,0,8,13,1361
18.0,0,8,14,1365
18.0,0,8,15,1369
18.0,0,9,0,1311
18.0,0,9,1,1316
18.0,0,9,2,1320
18.0,0,9,3,1324
18.0,0,9,4,1328
18.0,0,9,5,1332
18.0,0,9,6,1337
18.0,0,9,7,1341
18.0,0,9,8,1345
18.0,0,9,9,1349
18.0,0,9,10,1353
18.0,0,9,11,1357
18.0,0,9,12,1361
18.0,0,9,13,1365
18.0,0,9,14,1369
18.0,0,9,15,1373
18.0,0,10,0,1316
18.0,0,10,1,1320
18.0,0,10,2,1324
18.0,0,10,3,1328
18.0,0,10,4,1332
18.0,0,10,5,1337
18.0,0,10,6,1341
18.0,0,10,7,1345
18.0,0,10,8,1349
18.0,0,10,9,1353
18.0,0,10,10,1357
18.0,0,10,11,1362
18.0,0,10,12,1366
18.0,0,10,13,1370
18.0,0,10,14,1374
18.0,0,10,15,1378
18.0,0,11,0,1320
18.0,0,11,1,1324
18.0,0,11,2,1328
18.0,0,11,3,1332
18.0,0,11,4,1337
18.0,0,11,5,1341
18.0,0,11,6,1345
18.0,0,11,7,1349
18.0,0,11,8,1353
18.0,0,11,9,1358
18.0,0,11,10,1362
18.0,0,11,11,1366
18.0,0,11,12,1370
18.0,0,11,13,1374
18.0,0,11,14,1378
18.0,0,11,15,1382
18.0,0,12,0,1324
18.0,0,12,1,1328
18.0,0,12,2,1332
18.0,0,12,3,1337
18.0,0,12,4,1341
18.0,0,12,5,1345
18.0,0,12,6,1349
18.0,0,12,7,1353
18.0,0,12,8,1358
18.0,0,12,9,1362
18.0,0,12,10,1366
18.0,0,12,11,1370
18.0,0,12,12,1374
18.0,0,12,13,1378
18.0,0,12,14,1382
18.0,0,12,15,1386
18.0,0,13,0,1328
18.0,0,13,1,1332
18.0,0,13,2,1337
18.0,0,13,3,1341
18.0,0,13,4,1345
18.0,0,13,5,1349
18.0,0,13,6,1353
18.0,0,13,7,1358
18.0,0,13,8,1362
18.0,0,13,9,1366
18.0,0,13,10,1370
18.0,0,13,11,1374
18.0,0,13,12,1378
18.0,0,13,13,1383
18.0,0,13,14,1387
18.0,0,13,15,1391
18.0,0,14,0,1332
18.0,0,14,1,1336
18.0,0,14,2,1341
18.0,0,14,3,1345
18.0,0,14,4,1349
18.0,0,14,5,1353
18.0,0,14,6,1358
18.0,0,14,7,1362
18.0,0,14,8,1366
18.0,0,14,9,1370
18.0,0,14,10,1374
18.0,0,14,11,1379
18.0,0,14,12,1383
18.0,0,14,13,1387
18.0,0,14,14,1391
18.0,0,14,15,1395
18.0,0,15,0,1336
18.0,0,15,1,1340
18.0,0,15,2,1345
18.0,0,15,3,1349
18.0,0,15,4,1353
18.0,0,15,5,1358
18.0,0,15,6,1362
18.0,0,15,7,1366
18.0,0,15,8,1370
18.0,0,15,9,1374
18.0,0,15,10,1379
18.0,0,15,11,1383
18.0,0,15,12,1387
18.0,0,15,13,1391
18.0,0,15,14,1395
18.0,0,15,15,1399
18.0,1,0,0,1278
18.0,1,0,1,1283
18.0,1,0,2,1287
18.0,1,0,3,1291
18.0,1,0,4,1295
18.0,1,0,5,1299
18.0,1,0,6,1303
18.0,1,0,7,1307
18.0,1,0,8,1311
18.0,1,0,9,1315
18.0,1,0,10,1319
18.0,1,0,11,1323
18.0,1,0,12,1327
18.0,1,0,13,1331
18.0,1,0,14,1335
18.0,1,0,15,1339
18.0,1,1,0,1283
18.0,1,1,1,1287
18.0,1,1,2,1291
18.0,1,1,3,1295
18.0,1,1,4,1299
18.0,1,1,5,1303
18.0,1,1,6,1307
18.0,1,1,7,1311
18.0,1,1,8,1315
18.0,1,1,9,1319
18.0,1,1,10,1323
18.0,1,1,11,1327
18.0,1,1,12,1331
18.0,1,1,13,1335
18.0,1,1,14,1339
18.0,1,1,15,1343
18.0,1,2,0,1287
18.0,1,2,1,1291
18.0,1,2,2,1295
18.0,1,2,3,1299
18.0,1,2,4,1304
18.0,1,2,5,1308
18.0,1,2,6,1312
18.0,1,2,7,1316
18.0,1,2,8,1320
18.0,1,2,9,1324
18.0,1,2,10,1328
18.0,1,2,11,1332
18.0,1,2,12,1336
18.0,1,2,13,1340
18.0,1,2,14,1344
18.0,1,2,15,1348
18.0,1,3,0,1291
18.0,1,3,1,1295
18.0,1,3,2,1300
18.0,1,3,3,1304
18.0,1,3,4,1308
18.0,1,3,5,1312
18.0,1,3,6,1316
18.0,1,3,7,1320
18.0,1,3,8,1324
18.0,1,3,9,1328
18.0,1,3,10,1332
18.0,1,3,11,1336
18.0,1,3,12,1340
18.0,1,3,13,1344
18.0,1,3,14,1348
18.0,1,3,15,1352
18.0,1,4,0,1295
18.0,1,4,1,1300
18.0,1,4,2,1304
18.0,1,4,3,1308
18.0,1,4,4,1312
18.0,1,4,5,1316
18.0,1,4,6,1320
18.0,1,4,7,1324
18.0,1,4,8,1329
18.0,1,4,9,1333
18.0,1,4,10,1337
18.0,1,4,11,1341
18.0,1,4,12,1345
18.0,1,4,13,1349
18.0,1,4,14,1353
18.0,1,4,15,1357
18.0,1,5,0,1300
18.0,1,5,1,1304
18.0,1,5,2,1308
18.0,1,5,3,1312
18.0,1,5,4,1316
18.0,1,5,5,1321
18.0,1,5,6,1325
18.0,1,5,7,1329
18.0,1,5,8,1333
18.0,1,5,9,1337
18.0,1,5,10,1341
18.0,1,5,11,1345
18.0,1,5,12,1349
18.0,1,5,13,1353
18.0,1,5,14,1357
18.0,1,5,15,1361
18.0,1,6,0,1304
18.0,1,6,1,1308
18.0,1,6,2,1312
18.0,1,6,3,1316
18.0,1,6,4,1321
18.0,1,6,5,1325
18.0,1,6,6,1329
18.0,1,6,7,1333
18.0,1,6,8,1337
18.0,1,6,9,1341
18.0,1,6,10,1345
18.0,1,6,11,1349
18.0,1,6,12,1353
18.0,1,6,13,1358
18.0,1,6,14,1362
18.0,1,6,15,1366
18.0,1,7,0,1308
18.0,1,7,1,1312
18.0,1,7,2,1317
18.0,1,7,3,1321
18.0,1,7,4,1325
18.0,1,7,5,1329
18.0,1,7,6,1333
18.0,1,7,7,1337
18.0,1,7,8,1341
18.0,1,7,9,1346
18.0,1,7,10,1350
18.0,1,7,11,1354
18.0,1,7,12,1358
18.0,1,7,13,1362
18.0,1,7,14,1366
18.0,1,7,15,1370
18.0,1,8,0,1312
18.0,1,8,1,1317
18.0,1,8,2,1321
18.0,1,8,3,1325
18.0,1,8,4,1329
18.0,1,8,5,1333
18.0,1,8,6,1337
18.0,1,8,7,1342
18.0,1,8,8,1346
18.0,1,8,9,1350
18.0,1,8,10,1354
18.0,1,8,11,1358
18.0,1,8,12,1362
18.0,1,8,13,1366
18.0,1,8,14,1370
18.0,1,8,15,1374
18.0,1,9,0,1316
18.0,1,9,1,1321
18.0,1,9,2,1325
18.0,1,9,3,1329
18.0,1,9,4,1333
18.0,1,9,5,1338
18.0,1,9,6,1342
18.0,1,9,7,1346
18.0,1,9,8,1350
18.0,1,9,9,1354
18.0,1,9,10,1358
18.0,1,9,11,1362
18.0,1,9,12,1367
18.0,1,9,13,1371
18.0,1,9,14,1375
18.0,1,9,15,1379
18.0,1,10,0,1321
18.0,1,10,1,1325
18.0,1,10,2,1329
18.0,1,10,3,1333
18.0,1,10,4,1338
18.0,1,10,5,1342
18.0,1,10,6,1346
18.0,1,10,7,1350
18.0,1,10,8,1354
18.0,1,10,9,1358
18.0,1,10,10,1363
18.0,1,10,11,1367
18.0,1,10,12,1371
18.0,1,10,13,1375
18.0,1,10,14,1379
18.0,1,10,15,1383
18.0,1,11,0,1325
18.0,1,11,1,1329
18.0,1,11,2,1333
18.0,1,11,3,1338
18.0,1,11,4,1342
18.0,1,11,5,1346
18.0,1,11,6,1350
18.0,1,11,7,1354
18.0,1,11,8,1359
18.0,1,11,9,1363
18.0,1,11,10,1367
18.0,1,11,11,1371
18.0,1,11,12,1375
18.0,1,11,13,1379
18.0,1,11,14,1383
18.0,1,11,15,1387
18.0,1,12,0,1329
18.0,1,12,1,1333
18.0,1,12,2,1337
18.0,1,12,3,1342
18.0,1,12,4,1346
18.0,1,12,5,1350
18.0,1,12,6,1354
18.0,1,12,7,1359
18.0,1,12,8,1363
18.0,1,12,9,1367
18.0,1,12,10,1371
18.0,1,12,11,1375
18.0,1,12,12,1379
18.0,1,12,13,1384
18.0,1,12,14,1388
18.0,1,12,15,1392
18.0,1,13,0,1333
18.0,1,13,1,1337
18.0,1,13,2,1342
18.0,1,13,3,1346
18.0,1,13,4,1350
18.0,1,13,5,1354
18.0,1,13,6,1359
18.0,1,13,7,1363
18.0,1,13,8,1367
18.0,1,13,9,1371
18.0,1,13,10,1375
18.0,1,13,11,1380
18.0,1,13,12,1384
18.0,1,13,13,1388
18.0,1,13,14,1392
18.0,1,13,15,1396
18.0,1,14,0,1337
18.0,1,14,1,1341
18.0,1,14,2,1346
18.0,1,14,3,1350
18.0,1,14,4,1354
18.0,1,14,5,1359
18.0,1,14,6,1363
18.0,1,14,7,1367
18.0,1,14,8,1371
18.0,1,14,9,1375
18.0,1,14,10,1380
18.0,1,14,11,1384
18.0,1,14,12,1388
18.0,1,14,13,1392
18.0,1,14,14,1396
18.0,1,14,15,1400
18.0,1,15,0,1341
18.0,1,15,1,1346
18.0,1,15,2,1350
18.0,1,15,3,1354
18.0,1,15,4,1358
18.0,1,15,5,1363
18.0,1,15,6,1367
18.0,1,15,7,1371
18.0,1,15,8,1375
18.0,1,15,9,1380
18.0,1,15,10,1384
18.0,1,15,11,1388
18.0,1,15,12,1392
18.0,1,15,13,1396
18.0,1,15,14,1401
18.0,1,15,15,1405
18.0,2,0,0,1283
18.0,2,0,1,1287
18.0,2,0,2,1292
18.0,2,0,3,1296
18.0,2,0,4,1300
18.0,2,0,5,1304
18.0,2,0,6,1308
18.0,2,0,7,1312
18.0,2,0,8,1316
18.0,2,0,9,1320
18.0,2,0,10,1324
18.0,2,0,11,1328
18.0,2,0,12,1332
18.0,2,0,13,1336
18.0,2,0,14,1340
18.0,2,0,15,1344
18.0,2,1,0,1288
18.0,2,1,1,1292
18.0,2,1,2,1296
18.0,2,1,3,1300
18.0,2,1,4,1304
18.0,2,1,5,1308
18.0,2,1,6,1312
18.0,2,1,7,1316
18.0,2,1,8,1320
18.0,2,1,9,1324
18.0,2,1,10,1329
18.0,2,1,11,1333
18.0,2,1,12,1337
18.0,2,1,13,1341
18.0,2,1,14,1345
18.0,2,1,15,1349
18.0,2,2,0,1292
18.0,2,2,1,1296
18.0,2,2,2,1300
18.0,2,2,3,1304
18.0,2,2,4,1308
18.0,2,2,5,1313
18.0,2,2,6,1317
18.0,2,2,7,1321
18.0,2,2,8,1325
18.0,2,2,9,1329
18.0,2,2,10,1333
18.0,2,2,11,1337
18.0,2,2,12,1341
18.0,2,2,13,1345
18.0,2,2,14,1349
18.0,2,2,15,1353
18.0,2,3,0,1296
18.0,2,3,1,1300
18.0,2,3,2,1305
18.0,2,3,3,1309
18.0,2,3,4,1313
18.0,2,3,5,1317
18.0,2,3,6,1321
18.0,2,3,7,1325
18.0,2,3,8,1329
18.0,2,3,9,1333
18.0,2,3,10,1337
18.0,2,3,11,1341
18.0,2,3,12,1345
18.0,2,3,13,1349
18.0,2,3,14,1353
18.0,2,3,15,1357
18.0,2,4,0,1300
18.0,2,4,1,1305
18.0,2,4,2,1309
18.0,2,4,3,1313
18.0,2,4,4,1317
18.0,2,4,5,1321
18.0,2,4,6,1325
18.0,2,4,7,1329
18.0,2,4,8,1334
18.0,2,4,9,1338
18.0,2,4,10,1342
18.0,2,4,11,1346
18.0,2,4,12,1350
18.0,2,4,13,1354
18.0,2,4,14,1358
18.0,2,4,15,1362
18.0,2,5,0,1305
18.0,2,5,1,1309
18.0,2,5,2,1313
18.0,2,5,3,1317
18.0,2,5,4,1321
18.0,2,5,5,1326
18.0,2,5,6,1330
18.0,2,5,7,1334
18.0,2,5,8,1338
18.0,2,5,9,1342
18.0,2,5,10,1346
18.0,2,5,11,1350
18.0,2,5,12,1354
18.0,2,5,13,1358
18.0,2,5,14,1362
18.0,2,5,15,1366
18.0,2,6,0,1309
18.0,2,6,1,1313
18.0,2,6,2,1317
18.0,2,6,3,1322
18.0,2,6,4,1326
18.0,2,6,5,1330
18.0,2,6,6,1334
18.0,2,6,7,1338
18.0,2,6,8,1342
18.0,2,6,9,1346
18.0,2,6,10,1350
18.0,2,6,11,1355
18.0,2,6,12,1359
18.0,2,6,13,1363
18.0,2,6,14,1367
18.0,2,6,15,1371
18.0,2,7,0,1313
18.0,2,7,1,1317
18.0,2,7,2,1322
18.0,2,7,3,1326
18.0,2,7,4,1330
18.0,2,7,5,1334
18.0,2,7,6,1338
18.0,2,7,7,1342
18.0,2,7,8,1347
18.0,2,7,9,1351
18.0,2,7,10,1355
18.0,2,7,11,1359
18.0,2,7,12,1363
18.0,2,7,13,1367
18.0,2,7,14,1371
18.0,2,7,15,1375
18.0,2,8,0,1317
18.0,2,8,1,1322
18.0,2,8,2,1326
18.0,2,8,3,1330
18.0,2,8,4,1334
18.0,2,8,5,1338
18.0,2,8,6,1343
18.0,2,8,7,1347
18.0,2,8,8,1351
18.0,2,8,9,1355
18.0,2,8,10,1359
18.0,2,8,11,1363
18.0,2,8,12,1367
18.0,2,8,13,1371
18.0,2,8,14,1376
18.0,2,8,15,1380
18.0,2,9,0,1322
18.0,2,9,1,1326
18.0,2,9,2,1330
18.0,2,9,3,1334
18.0,2,9,4,1338
18.0,2,9,5,1343
18.0,2,9,6,1347
18.0,2,9,7,1351
18.0,2,9,8,1355
18.0,2,9,9,1359
18.0,2,9,10,1364
18.0,2,9,11,1368
18.0,2,9,12,1372
18.0,2,9,13,1376
18.0,2,9,14,1380
18.0,2,9,15,1384
18.0,2,10,0,1326
18.0,2,10,1,1330
18.0,2,10,2,1334
18.0,2,10,3,1338
18.0,2,10,4,1343
18.0,2,10,5,1347
18.0,2,10,6,1351
18.0,2,10,7,1355
18.0,2,10,8,1359
18.0,2,10,9,1364
18.0,2,10,10,1368
18.0,2,10,11,1372
18.0,2,10,12,1376
18.0,2,10,13,1380
18.0,2,10,14,1384
18.0,2,10,15,1388
18.0,2,11,0,1330
18.0,2,11,1,1334
18.0,2,11,2,1338
18.0,2,11,3,1343
18.0,2,11,4,1347
18.0,2,11,5,1351
18.0,2,11,6,1355
18.0,2,11,7,1360
18.0,2,11,8,1364
18.0,2,11,9,1368
18.0,2,11,10,1372
18.0,2,11,11,1376
18.0,2,11,12,1380
18.0,2,11,13,1385
18.0,2,11,14,1389
18.0,2,11,15,1393
18.0,2,12,0,1334
18.0,2,12,1,1338
18.0,2,12,2,1343
18.0,2,12,3,1347
18.0,2,12,4,1351
18.0,2,12,5,1355
18.0,2,12,6,1360
18.0,2,12,7,1364
18.0,2,12,8,1368
18.0,2,12,9,1372
18.0,2,12,10,1376
18.0,2,12,11,1381
18.0,2,12,12,1385
18.0,2,12,13,1389
18.0,2,12,14,1393
18.0,2,12,15,1397
18.0,2,13,0,1338
18.0,2,13,1,1342
18.0,2,13,2,1347
18.0,2,13,3,1351
18.0,2,13,4,1355
18.0,2,13,5,1360
18.0,2,13,6,1364
18.0,2,13,7,1368
18.0,2,13,8,1372
18.0,2,13,9,1376
18.0,2,13,10,1381
18.0,2,13,11,1385
18.0,2,13,12,1389
18.0,2,13,13,1393
18.0,2,13,14,1397
18.0,2,13,15,1401
18.0,2,14,0,1342
18.0,2,14,1,1347
18.0,2,14,2,1351
18.0,2,14,3,1355
18.0,2,14,4,1359
18.0,2,14,5,1364
18.0,2,14,6,1368
18.0,2,14,7,1372
18.0,2,14,8,1376
18.0,2,14,9,1381
18.0,2,14,10,1385
18.0,2,14,11,1389
18.0,2,14,12,1393
18.0,2,14,13,1397
18.0,2,14,14,1402
18.0,2,14,15,1406
18.0,2,15,0,1346
18.0,2,15,1,1351
18.0,2,15,2,1355
18.0,2,15,3,1359
18.0,2,15,4,1364
18.0,2,15,5,1368
18.0,2,15,6,1372
18.0,2,15,7,1376
18.0,2,15,8,1381
18.0,2,15,9,1385
18.0,2,15,10,1389
18.0,2,15,11,1393
18.0,2,15,12,1398
18.0,2,15,13,1402
18.0,2,15,14,1406
18.0,2,15,15,1410
18.0,3,0,0,1288
18.0,3,0,1,1292
18.0,3,0,2,1296
18.0,3,0,3,1301
18.0,3,0,4,1305
18.0,3,0,5,1309
18.0,3,0,6,1313
18.0,3,0,7,1317
18.0,3,0,8,1321
18.0,3,0,9,1325
18.0,3,0,10,1329
18.0,3,0,11,1333
18.0,3,0,12,1337
18.0,3,0,13,1341
18.0,3,0,14,1345
18.0,3,0,15,1349
18.0,3,1,0,1293
18.0,3,1,1,1297
18.0,3,1,2,1301
18.0,3,1,3,1305
18.0,3,1,4,1309
18.0,3,1,5,1313
18.0,3,1,6,1317
18.0,3,1,7,1321
18.0,3,1,8,1325
18.0,3,1,9,1330
18.0,3,1,10,1334
18.0,3,1,11,1338
18.0,3,1,12,1342
18.0,3,1,13,1346
18.0,3,1,14,1350
18.0,3,1,15,1354
18.0,3,2,0,1297
18.0,3,2,1,1301
18.0,3,2,2,1305
18.0,3,2,3,1309
18.0,3,2,4,1313
18.0,3,2,5,1318
18.0,3,2,6,1322
18.0,3,2,7,1326
18.0,3,2,8,1330
18.0,3,2,9,1334
18.0,3,2,10,1338
18.0,3,2,11,1342
18.0,3,2,12,1346
18.0,3,2,13,1350
18.0,3,2,14,1354
18.0,3,2,15,1358
18.0,3,3,0,1301
18.0,3,3,1,1305
18.0,3,3,2,1309
18.0,3,3,3,1314
18.0,3,3,4,1318
18.0,3,3,5,1322
18.0,3,3,6,1326
18.0,3,3,7,1330
18.0,3,3,8,1334
18.0,3,3,9,1338
18.0,3,3,10,1342
18.0,3,3,11,1347
18.0,3,3,12,1351
18.0,3,3,13,1355
18.0,3,3,14,1359
18.0,3,3,15,1363
18.0,3,4,0,1305
18.0,3,4,1,1310
18.0,3,4,2,1314
18.0,3,4,3,1318
18.0,3,4,4,1322
18.0,3,4,5,1326
18.0,3,4,6,1330
18.0,3,4,7,1335
18.0,3,4,8,1339
18.0,3,4,9,1343
18.0,3,4,10,1347
18.0,3,4,11,1351
18.0,3,4,12,1355
18.0,3,4,13,1359
18.0,3,4,14,1363
18.0,3,4,15,1367
18.0,3,5,0,1310
18.0,3,5,1,1314
18.0,3,5,2,1318
18.0,3,5,3,1322
18.0,3,5,4,1326
18.0,3,5,5,1331
18.0,3,5,6,1335
18.0,3,5,7,1339
18.0,3,5,8,1343
18.0,3,5,9,1347
18.0,3,5,10,1351
18.0,3,5,11,1355
18.0,3,5,12,1359
18.0,3,5,13,1363
18.0,3,5,14,1368
18.0,3,5,15,1372
18.0,3,6,0,1314
18.0,3,6,1,1318
18.0,3,6,2,1322
18.0,3,6,3,1327
18.0,3,6,4,1331
18.0,3,6,5,1335
18.0,3,6,6,1339
18.0,3,6,7,1343
18.0,3,6,8,1347
18.0,3,6,9,1352
18.0,3,6,10,1356
18.0,3,6,11,1360
18.0,3,6,12,1364
18.0,3,6,13,1368
18.0,3,6,14,1372
18.0,3,6,15,1376
18.0,3,7,0,1318
18.0,3,7,1,1322
18.0,3,7,2,1327
18.0,3,7,3,1331
18.0,3,7,4,1335
18.0,3,7,5,1339
18.0,3,7,6,1343
18.0,3,7,7,1348
18.0,3,7,8,1352
18.0,3,7,9,1356
18.0,3,7,10,1360
18.0,3,7,11,1364
18.0,3,7,12,1368
18.0,3,7,13,1372
18.0,3,7,14,1376
18.0,3,7,15,1380
18.0,3,8,0,1322
18.0,3,8,1,1327
18.0,3,8,2,1331
18.0,3,8,3,1335
18.0,3,8,4,1339
18.0,3,8,5,1344
18.0,3,8,6,1348
18.0,3,8,7,1352
18.0,3,8,8,1356
18.0,3,8,9,1360
18.0,3,8,10,1364
18.0,3,8,11,1368
18.0,3,8,12,1373
18.0,3,8,13,1377
18.0,3,8,14,1381
18.0,3,8,15,1385
18.0,3,9,0,1327
18.0,3,9,1,1331
18.0,3,9,2,1335
18.0,3,9,3,1339
18.0,3,9,4,1344
18.0,3,9,5,1348
18.0,3,9,6,1352
18.0,3,9,7,1356
18.0,3,9,8,1360
18.0,3,9,9,1365
18.0,3,9,10,1369
18.0,3,9,11,1373
18.0,3,9,12,1377
18.0,3,9,13,1381
18.0,3,9,14,1385
18.0,3,9,15,1389
18.0,3,10,0,1331
18.0,3,10,1,1335
18.0,3,10,2,1339
18.0,3,10,3,1344
18.0,3,10,4,1348
18.0,3,10,5,1352
18.0,3,10,6,1356
18.0,3,10,7,1360
18.0,3,10,8,1365
18.0,3,10,9,1369
18.0,3,10,10,1373
18.0,3,10,11,1377
18.0,3,10,12,1381
18.0,3,10,13,1385
18.0,3,10,14,1390
18.0,3,10,15,1394
18.0,3,11,0,1335
18.0,3,11,1,1339
18.0,3,11,2,1344
18.0,3,11,3,1348
18.0,3,11,4,1352
18.0,3,11,5,1356
18.0,3,11,6,1361
18.0,3,11,7,1365
18.0,3,11,8,1369
18.0,3,11,9,1373
18.0,3,11,10,1377
18.0,3,11,11,1381
18.0,3,11,12,1386
18.0,3,11,13,1390
18.0,3,11,14,1394
18.0,3,11,15,1398
18.0,3,12,0,1339
18.0,3,12,1,1343
18.0,3,12,2,1348
18.0,3,12,3,1352
18.0,3,12,4,1356
18.0,3,12,5,1361
18.0,3,12,6,1365
18.0,3,12,7,1369
18.0,3,12,8,1373
18.0,3,12,9,1377
18.0,3,12,10,1382
18.0,3,12,11,1386
18.0,3,12,12,1390
18.0,3,12,13,1394
18.0,3,12,14,1398
18.0,3,12,15,1402
18.0,3,13,0,1343
18.0,3,13,1,1348
18.0,3,13,2,1352
18.0,3,13,3,1356
18.0,3,13,4,1360
18.0,3,13,5,1365
18.0,3,13,6,1369
18.0,3,13,7,1373
18.0,3,13,8,1377
18.0,3,13,9,1382
18.0,3,13,10,1386
18.0,3,13,11,1390
18.0,3,13,12,1394
18.0,3,13,13,1398
18.0,3,13,14,1403
18.0,3,13,15,1407
18.0,3,14,0,1347
18.0,3,14,1,1352
18.0,3,14,2,1356
18.0,3,14,3,1360
18.0,3,14,4,1365
18.0,3,14,5,1369
18.0,3,14,6,1373
18.0,3,14,7,1377
18.0,3,14,8,1382
18.0,3,14,9,1386
18.0,3,14,10,1390
18.0,3,14,11,1394
18.0,3,14,12,1399
18.0,3,14,13,1403
18.0,3,14,14,1407
18.0,3,14,15,1411
18.0,3,15,0,1352
18.0,3,15,1,1356
18.0,3,15,2,1360
18.0,3,15,3,1365
18.0,3,15,4,1369
18.0,3,15,5,1373
18.0,3,15,6,1377
18.0,3,15,7,1382
18.0,3,15,8,1386
18.0,3,15,9,1390
18.0,3,15,10,1394
18.0,3,15,11,1399
18.0,3,15,12,1403
18.0,3,15,13,1407
18.0,3,15,14,1411
18.0,3,15,15,1415
18.0,4,0,0,1293
18.0,4,0,1,1297
18.0,4,0,2,1301
18.0,4,0,3,1306
18.0,4,0,4,1310
18.0,4,0,5,1314
18.0,4,0,6,1318
18.0,4,0,7,1322
18.0,4,0,8,1326
18.0,4,0,9,1330
18.0,4,0,10,1334
18.0,4,0,11,1338
18.0,4,0,12,1342
18.0,4,0,13,1346
18.0,4,0,14,1350
18.0,4,0,15,1354
18.0,4,1,0,1297
18.0,4,1,1,1302
18.0,4,1,2,1306
18.0,4,1,3,1310
18.0,4,1,4,1314
18.0,4,1,5,1318
18.0,4,1,6,1322
18.0,4,1,7,1326
18.0,4,1,8,1330
18.0,4,1,9,1335
18.0,4,1,10,1339
18.0,4,1,11,1343
18.0,4,1,12,1347
18.0,4,1,13,1351
18.0,4,1,14,1355
18.0,4,1,15,1359
18.0,4,2,0,1302
18.0,4,2,1,1306
18.0,4,2,2,1310
18.0,4,2,3,1314
18.0,4,2,4,1318
18.0,4,2,5,1323
18.0,4,2,6,1327
18.0,4,2,7,1331
18.0,4,2,8,1335
18.0,4,2,9,1339
18.0,4,2,10,1343
18.0,4,2,11,1347
18.0,4,2,12,1351
18.0,4,2,13,1355
18.0,4,2,14,1359
18.0,4,2,15,1363
18.0,4,3,0,1306
18.0,4,3,1,1310
18.0,4,3,2,1314
18.0,4,3,3,1319
18.0,4,3,4,1323
18.0,4,3,5,1327
18.0,4,3,6,1331
18.0,4,3,7,1335
18.0,4,3,8,1339
18.0,4,3,9,1343
18.0,4,3,10,1348
18.0,4,3,11,1352
18.0,4,3,12,1356
18.0,4,3,13,1360
18.0,4,3,14,1364
18.0,4,3,15,1368
18.0,4,4,0,1310
18.0,4,4,1,1315
18.0,4,4,2,1319
18.0,4,4,3,1323
18.0,4,4,4,1327
18.0,4,4,5,1331
18.0,4,4,6,1335
18.0,4,4,7,1340
18.0,4,4,8,1344
18.0,4,4,9,1348
18.0,4,4,10,1352
18.0,4,4,11,1356
18.0,4,4,12,1360
18.0,4,4,13,1364
18.0,4,4,14,1368
18.0,4,4,15,1372
18.0,4,5,0,1315
18.0,4,5,1,1319
18.0,4,5,2,1323
18.0,4,5,3,1327
18.0,4,5,4,1331
18.0,4,5,5,1336
18.0,4,5,6,1340
18.0,4,5,7,1344
18.0,4,5,8,1348
18.0,4,5,9,1352
18.0,4,5,10,1356
18.0,4,5,11,1360
18.0,4,5,12,1365
18.0,4,5,13,1369
18.0,4,5,14,1373
18.0,4,5,15,1377
18.0,4,6,0,1319
18.0,4,6,1,1323
18.0,4,6,2,1327
18.0,4,6,3,1332
18.0,4,6,4,1336
18.0,4,6,5,1340
18.0,4,6,6,1344
18.0,4,6,7,1348
18.0,4,6,8,1352
18.0,4,6,9,1357
18.0,4,6,10,1361
18.0,4,6,11,1365
18.0,4,6,12,1369
18.0,4,6,13,1373
18.0,4,6,14,1377
18.0,4,6,15,1381
18.0,4,7,0,1323
18.0,4,7,1,1327
18.0,4,7,2,1332
18.0,4,7,3,1336
18.0,4,7,4,1340
18.0,4,7,5,1344
18.0,4,7,6,1348
18.0,4,7,7,1353
18.0,4,7,8,1357
18.0,4,7,9,1361
18.0,4,7,10,1365
18.0,4,7,11,1369
18.0,4,7,12,1373
18.0,4,7,13,1378
18.0,4,7,14,1382
18.0,4,7,15,1386
18.0,4,8,0,1327
18.0,4,8,1,1332
18.0,4,8,2,1336
18.0,4,8,3,1340
18.0,4,8,4,1344
18.0,4,8,5,1349
18.0,4,8,6,1353
18.0,4,8,7,1357
18.0,4,8,8,1361
18.0,4,8,9,1365
18.0,4,8,10,1370
18.0,4,8,11,1374
18.0,4,8,12,1378
18.0,4,8,13,1382
18.0,4,8,14,1386
18.0,4,8,15,1390
18.0,4,9,0,1332
18.0,4,9,1,1336
18.0,4,9,2,1340
18.0,4,9,3,1344
18.0,4,9,4,1349
18.0,4,9,5,1353
18.0,4,9,6,1357
18.0,4,9,7,1361
18.0,4,9,8,1366
18.0,4,9,9,1370
18.0,4,9,10,1374
18.0,4,9,11,1378
18.0,4,9,12,1382
18.0,4,9,13,1386
18.0,4,9,14,1390
18.0,4,9,15,1395
18.0,4,10,0,1336
18.0,4,10,1,1340
18.0,4,10,2,1344
18.0,4,10,3,1349
18.0,4,10,4,1353
18.0,4,10,5,1357
18.0,4,10,6,1361
18.0,4,10,7,1366
18.0,4,10,8,1370
18.0,4,10,9,1374
18.0,4,10,10,1378
18.0,4,10,11,1382
18.0,4,10,12,1387
18.0,4,10,13,1391
18.0,4,10,14,1395
18.0,4,10,15,1399
18.0,4,11,0,1340
18.0,4,11,1,1344
18.0,4,11,2,1349
18.0,4,11,3,1353
18.0,4,11,4,1357
18.0,4,11,5,1361
18.0,4,11,6,1366
18.0,4,11,7,1370
18.0,4,11,8,1374
18.0,4,11,9,1378
18.0,4,11,10,1383
18.0,4,11,11,1387
18.0,4,11,12,1391
18.0,4,11,13,1395
18.0,4,11,14,1399
18.0,4,11,15,1403
18.0,4,12,0,1344
18.0,4,12,1,1348
18.0,4,12,2,1353
18.0,4,12,3,1357
18.0,4,12,4,1361
18.0,4,12,5,1366
18.0,4,12,6,1370
18.0,4,12,7,1374
18.0,4,12,8,1378
18.0,4,12,9,1383
18.0,4,12,10,1387
18.0,4,12,11,1391
18.0,4,12,12,1395
18.0,4,12,13,1399
18.0,4,12,14,1404
18.0,4,12,15,1408
18.0,4,13,0,1348
18.0,4,13,1,1353
18.0,4,13,2,1357
18.0,4,13,3,1361
18.0,4,13,4,1366
18.0,4,13,5,1370
18.0,4,13,6,1374
18.0,4,13,7,1378
18.0,4,13,8,1383
18.0,4,13,9,1387
18.0,4,13,10,1391
18.0,4,13,11,1395
18.0,4,13,12,1400
18.0,4,13,13,1404
18.0,4,13,14,1408
18.0,4,13,15,1412
18.0,4,14,0,1352
18.0,4,14,1,1357
18.0,4,14,2,1361
18.0,4,14,3,1366
18.0,4,14,4,1370
18.0,4,14,5,1374
18.0,4,14,6,1378
18.0,4,14,7,1383
18.0,4,14,8,1387
18.0,4,14,9,1391
18.0,4,14,10,1395
18.0,4,14,11,1400
18.0,4,14,12,1404
18.0,4,14,13,1408
18.0,4,14,14,1412
18.0,4,14,15,1416
18.0,4,15,0,1357
18.0,4,15,1,1361
18.0,4,15,2,1365
18.0,4,15,3,1370
18.0,4,15,4,1374
18.0,4,15,5,1378
18.0,4,15,6,1383
18.0,4,15,7,1387
18.0,4,15,8,1391
18.0,4,15,9,1395
18.0,4,15,10,1400
18.0,4,15,11,1404
18.0,4,15,12,1408
18.0,4,15,13,1412
18.0,4,15,14,1417
18.0,4,15,15,1421
18.0,5,0,0,1298
18.0,5,0,1,1302
18.0,5,0,2,1306
18.0,5,0,3,1310
18.0,5,0,4,1315
18.0,5,0,5,1319
18.0,5,0,6,1323
18.0,5,0,7,1327
18.0,5,0,8,1331
18.0,5,0,9,1335
18.0,5,0,10,1339
18.0,5,0,11,1343
18.0,5,0,12,1347
18.0,5,0,13,1351
18.0,5,0,14,1355
18.0,5,0,15,1359
18.0,5,1,0,1302
18.0,5,1,1,1307
18.0,5,1,2,1311
18.0,5,1,3,1315
18.0,5,1,4,1319
18.0,5,1,5,1323
18.0,5,1,6,1327
18.0,5,1,7,1331
18.0,5,1,8,1336
18.0,5,1,9,1340
18.0,5,1,10,1344
18.0,5,1,11,1348
18.0,5,1,12,1352
18.0,5,1,13,1356
18.0,5,1,14,1360
18.0,5,1,15,1364
18.0,5,2,0,1307
18.0,5,2,1,1311
18.0,5,2,2,1315
18.0,5,2,3,1319
18.0,5,2,4,1323
18.0,5,2,5,1328
18.0,5,2,6,1332
18.0,5,2,7,1336
18.0,5,2,8,1340
18.0,5,2,9,1344
18.0,5,2,10,1348
18.0,5,2,11,1352
18.0,5,2,12,1356
18.0,5,2,13,1360
18.0,5,2,14,1364
18.0,5,2,15,1368
18.0,5,3,0,1311
18.0,5,3,1,1315
18.0,5,3,2,1319
18.0,5,3,3,1324
18.0,5,3,4,1328
18.0,5,3,5,1332
18.0,5,3,6,1336
18.0,5,3,7,1340
18.0,5,3,8,1344
18.0,5,3,9,1349
18.0,5,3,10,1353
18.0,5,3,11,1357
18.0,5,3,12,1361
18.0,5,3,13,1365
18.0,5,3,14,1369
18.0,5,3,15,1373
18.0,5,4,0,1315
18.0,5,4,1,1320
18.0,5,4,2,1324
18.0,5,4,3,1328
18.0,5,4,4,1332
18.0,5,4,5,1336
18.0,5,4,6,1341
18.0,5,4,7,1345
18.0,5,4,8,1349
18.0,5,4,9,1353
18.0,5,4,10,1357
18.0,5,4,11,1361
18.0,5,4,12,1365
18.0,5,4,13,1369
18.0,5,4,14,1373
18.0,5,4,15,1377
18.0,5,5,0,1320
18.0,5,5,1,1324
18.0,5,5,2,1328
18.0,5,5,3,1332
18.0,5,5,4,1336
18.0,5,5,5,1341
18.0,5,5,6,1345
18.0,5,5,7,1349
18.0,5,5,8,1353
18.0,5,5,9,1357
18.0,5,5,10,1361
18.0,5,5,11,1366
18.0,5,5,12,1370
18.0,5,5,13,1374
18.0,5,5,14,1378
18.0,5,5,15,1382
18.0,5,6,0,1324
18.0,5,6,1,1328
18.0,5,6,2,1332
18.0,5,6,3,1337
18.0,5,6,4,1341
18.0,5,6,5,1345
18.0,5,6,6,1349
18.0,5,6,7,1353
18.0,5,6,8,1358
18.0,5,6,9,1362
18.0,5,6,10,1366
18.0,5,6,11,1370
18.0,5,6,12,1374
18.0,5,6,13,1378
18.0,5,6,14,1382
18.0,5,6,15,1386
18.0,5,7,0,1328
18.0,5,7,1,1332
18.0,5,7,2,1337
18.0,5,7,3,1341
18.0,5,7,4,1345
18.0,5,7,5,1349
18.0,5,7,6,1354
18.0,5,7,7,1358
18.0,5,7,8,1362
18.0,5,7,9,1366
18.0,5,7,10,1370
18.0,5,7,11,1374
18.0,5,7,12,1379
18.0,5,7,13,1383
18.0,5,7,14,1387
18.0,5,7,15,1391
18.0,5,8,0,1332
18.0,5,8,1,1337
18.0,5,8,2,1341
18.0,5,8,3,1345
18.0,5,8,4,1349
18.0,5,8,5,1354
18.0,5,8,6,1358
18.0,5,8,7,1362
18.0,5,8,8,1366
18.0,5,8,9,1371
18.0,5,8,10,1375
18.0,5,8,11,1379
18.0,5,8,12,1383
18.0,5,8,13,1387
18.0,5,8,14,1391
18.0,5,8,15,1395
18.0,5,9,0,1337
18.0,5,9,1,1341
18.0,5,9,2,1345
18.0,5,9,3,1349
18.0,5,9,4,1354
18.0,5,9,5,1358
18.0,5,9,6,1362
18.0,5,9,7,1366
18.0,5,9,8,1371
18.0,5,9,9,1375
18.0,5,9,10,1379
18.0,5,9,11,1383
18.0,5,9,12,1387
18.0,5,9,13,1392
18.0,5,9,14,1396
18.0,5,9,15,1400
18.0,5,10,0,1341
18.0,5,10,1,1345
18.0,5,10,2,1349
18.0,5,10,3,1354
18.0,5,10,4,1358
18.0,5,10,5,1362
18.0,5,10,6,1367
18.0,5,10,7,1371
18.0,5,10,8,1375
18.0,5,10,9,1379
18.0,5,10,10,1383
18.0,5,10,11,1388
18.0,5,10,12,1392
18.0,5,10,13,1396
18.0,5,10,14,1400
18.0,5,10,15,1404
18.0,5,11,0,1345
18.0,5,11,1,1349
18.0,5,11,2,1354
18.0,5,11,3,1358
18.0,5,11,4,1362
18.0,5,11,5,1367
18.0,5,11,6,1371
18.0,5,11,7,1375
18.0,5,11,8,1379
18.0,5,11,9,1384
18.0,5,11,10,1388
18.0,5,11,11,1392
18.0,5,11,12,1396
18.0,5,11,13,1400
18.0,5,11,14,1404
18.0,5,11,15,1409
18.0,5,12,0,1349
18.0,5,12,1,1354
18.0,5,12,2,1358
18.0,5,12,3,1362
18.0,5,12,4,1367
18.0,5,12,5,1371
18.0,5,12,6,1375
18.0,5,12,7,1379
18.0,5,12,8,1384
18.0,5,12,9,1388
18.0,5,12,10,1392
18.0,5,12,11,1396
18.0,5,12,12,1401
18.0,5,12,13,1405
18.0,5,12,14,1409
18.0,5,12,15,1413
18.0,5,13,0,1353
18.0,5,13,1,1358
18.0,5,13,2,1362
18.0,5,13,3,1366
18.0,5,13,4,1371
18.0,5,13,5,1375
18.0,5,13,6,1379
18.0,5,13,7,1384
18.0,5,13,8,1388
18.0,5,13,9,1392
18.0,5,13,10,1396
18.0,5,13,11,1401
18.0,5,13,12,1405
18.0,5,13,13,1409
18.0,5,13,14,1413
18.0,5,13,15,1417
18.0,5,14,0,1358
18.0,5,14,1,1362
18.0,5,14,2,1366
18.0,5,14,3,1371
18.0,5,14,4,1375
18.0,5,14,5,1379
18.0,5,14,6,1384
18.0,5,14,7,1388
18.0,5,14,8,1392
18.0,5,14,9,1396
18.0,5,14,10,1401
18.0,5,14,11,1405
18.0,5,14,12,1409
18.0,5,14,13,1413
18.0,5,14,14,1418
18.0,5,14,15,1422
18.0,5,15,0,1362
18.0,5,15,1,1366
18.0,5,15,2,1371
18.0,5,15,3,1375
18.0,5,15,4,1379
18.0,5,15,5,1384
18.0,5,15,6,1388
18.0,5,15,7,1392
18.0,5,15,8,1396
18.0,5,15,9,1401
18.0,5,15,10,1405
18.0,5,15,11,1409
18.0,5,15,12,1414
18.0,5,15,13,1418
18.0,5,15,14,1422
18.0,5,15,15,1426
18.0,6,0,0,1303
18.0,6,0,1,1307
18.0,6,0,2,1311
18.0,6,0,3,1315
18.0,6,0,4,1320
18.0,6,0,5,1324
18.0,6,0,6,1328
18.0,6,0,7,1332
18.0,6,0,8,1336
18.0,6,0,9,1340
18.0,6,0,10,1344
18.0,6,0,11,1348
18.0,6,0,12,1352
18.0,6,0,13,1356
18.0,6,0,14,1360
18.0,6,0,15,1364
18.0,6,1,0,1307
18.0,6,1,1,1311
18.0,6,1,2,1316
18.0,6,1,3,1320
18.0,6,1,4,1324
18.0,6,1,5,1328
18.0,6,1,6,1332
18.0,6,1,7,1336
18.0,6,1,8,1341
18.0,6,1,9,1345
18.0,6,1,10,1349
18.0,6,1,11,1353
18.0,6,1,12,1357
18.0,6,1,13,1361
18.0,6,1,14,1365
18.0,6,1,15,1369
18.0,6,2,0,1312
18.0,6,2,1,1316
18.0,6,2,2,1320
18.0,6,2,3,1324
18.0,6,2,4,1328
18.0,6,2,5,1333
18.0,6,2,6,1337
18.0,6,2,7,1341
18.0,6,2,8,1345
18.0,6,2,9,1349
18.0,6,2,10,1353
18.0,6,2,11,1357
18.0,6,2,12,1361
18.0,6,2,13,1365
18.0,6,2,14,1370
18.0,6,2,15,1374
18.0,6,3,0,1316
18.0,6,3,1,1320
18.0,6,3,2,1324
18.0,6,3,3,1329
18.0,6,3,4,1333
18.0,6,3,5,1337
18.0,6,3,6,1341
18.0,6,3,7,1345
18.0,6,3,8,1349
18.0,6,3,9,1354
18.0,6,3,10,1358
18.0,6,3,11,1362
18.0,6,3,12,1366
18.0,6,3,13,1370
18.0,6,3,14,1374
18.0,6,3,15,1378
18.0,6,4,0,1320
18.0,6,4,1,1324
18.0,6,4,2,1329
18.0,6,4,3,1333
18.0,6,4,4,1337
18.0,6,4,5,1341
18.0,6,4,6,1346
18.0,6,4,7,1350
18.0,6,4,8,1354
18.0,6,4,9,1358
18.0,6,4,10,1362
18.0,6,4,11,1366
18.0,6,4,12,1370
18.0,6,4,13,1374
18.0,6,4,14,1379
18.0,6,4,15,1383
18.0,6,5,0,1325
18.0,6,5,1,1329
18.0,6,5,2,1333
18.0,6,5,3,1337
18.0,6,5,4,1342
18.0,6,5,5,1346
18.0,6,5,6,1350
18.0,6,5,7,1354
18.0,6,5,8,1358
18.0,6,5,9,1362
18.0,6,5,10,1367
18.0,6,5,11,1371
18.0,6,5,12,1375
18.0,6,5,13,1379
18.0,6,5,14,1383
18.0,6,5,15,1387
18.0,6,6,0,1329
18.0,6,6,1,1333
18.0,6,6,2,1337
18.0,6,6,3,1342
18.0,6,6,4,1346
18.0,6,6,5,1350
18.0,6,6,6,1354
18.0,6,6,7,1359
18.0,6,6,8,1363
18.0,6,6,9,1367
18.0,6,6,10,1371
18.0,6,6,11,1375
18.0,6,6,12,1379
18.0,6,6,13,1383
18.0,6,6,14,1388
18.0,6,6,15,1392
18.0,6,7,0,1333
18.0,6,7,1,1337
18.0,6,7,2,1342
18.0,6,7,3,1346
18.0,6,7,4,1350
18.0,6,7,5,1354
18.0,6,7,6,1359
18.0,6,7,7,1363
18.0,6,7,8,1367
18.0,6,7,9,1371
18.0,6,7,10,1375
18.0,6,7,11,1380
18.0,6,7,12,1384
18.0,6,7,13,1388
18.0,6,7,14,1392
18.0,6,7,15,1396
18.0,6,8,0,1337
18.0,6,8,1,1342
18.0,6,8,2,1346
18.0,6,8,3,1350
18.0,6,8,4,1355
18.0,6,8,5,1359
18.0,6,8,6,1363
18.0,6,8,7,1367
18.0,6,8,8,1371
18.0,6,8,9,1376
18.0,6,8,10,1380
18.0,6,8,11,1384
18.0,6,8,12,1388
18.0,6,8,13,1392
18.0,6,8,14,1396
18.0,6,8,15,1401
18.0,6,9,0,1342
18.0,6,9,1,1346
18.0,6,9,2,1350
18.0,6,9,3,1355
18.0,6,9,4,1359
18.0,6,9,5,1363
18.0,6,9,6,1367
18.0,6,9,7,1372
18.0,6,9,8,1376
18.0,6,9,9,1380
18.0,6,9,10,1384
18.0,6,9,11,1388
18.0,6,9,12,1393
18.0,6,9,13,1397
18.0,6,9,14,1401
18.0,6,9,15,1405
18.0,6,10,0,1346
18.0,6,10,1,1350
18.0,6,10,2,1355
18.0,6,10,3,1359
18.0,6,10,4,1363
18.0,6,10,5,1367
18.0,6,10,6,1372
18.0,6,10,7,1376
18.0,6,10,8,1380
18.0,6,10,9,1384
18.0,6,10,10,1389
18.0,6,10,11,1393
18.0,6,10,12,1397
18.0,6,10,13,1401
18.0,6,10,14,1405
18.0,6,10,15,1410
18.0,6,11,0,1350
18.0,6,11,1,1354
18.0,6,11,2,1359
18.0,6,11,3,1363
18.0,6,11,4,1367
18.0,6,11,5,1372
18.0,6,11,6,1376
18.0,6,11,7,1380
18.0,6,11,8,1385
18.0,6,11,9,1389
18.0,6,11,10,1393
18.0,6,11,11,1397
18.0,6,11,12,1401
18.0,6,11,13,1406
18.0,6,11,14,1410
18.0,6,11,15,1414
18.0,6,12,0,1354
18.0,6,12,1,1359
18.0,6,12,2,1363
18.0,6,12,3,1367
18.0,6,12,4,1372
18.0,6,12,5,1376
18.0,6,12,6,1380
18.0,6,12,7,1385
18.0,6,12,8,1389
18.0,6,12,9,1393
18.0,6,12,10,1397
18.0,6,12,11,1402
18.0,6,12,12,1406
18.0,6,12,13,1410
18.0,6,12,14,1414
18.0,6,12,15,1418
18.0,6,13,0,1359
18.0,6,13,1,1363
18.0,6,13,2,1367
18.0,6,13,3,1372
18.0,6,13,4,1376
18.0,6,13,5,1380
18.0,6,13,6,1385
18.0,6,13,7,1389
18.0,6,13,8,1393
18.0,6,13,9,1397
18.0,6,13,10,1402
18.0,6,13,11,1406
18.0,6,13,12,1410
18.0,6,13,13,1414
18.0,6,13,14,1419
18.0,6,13,15,1423
18.0,6,14,0,1363
18.0,6,14,1,1367
18.0,6,14,2,1371
18.0,6,14,3,1376
18.0,6,14,4,1380
18.0,6,14,5,1385
18.0,6,14,6,1389
18.0,6,14,7,1393
18.0,6,14,8,1397
18.0,6,14,9,1402
18.0,6,14,10,1406
18.0,6,14,11,1410
18.0,6,14,12,1414
18.0,6,14,13,1419
18.0,6,14,14,1423
18.0,6,14,15,1427
18.0,6,15,0,1367
18.0,6,15,1,1371
18.0,6,15,2,1376
18.0,6,15,3,1380
18.0,6,15,4,1384
18.0,6,15,5,1389
18.0,6,15,6,1393
18.0,6,15,7,1397
18.0,6,15,8,1402
18.0,6,15,9,1406
18.0,6,15,10,1410
18.0,6,15,11,1415
18.0,6,15,12,1419
18.0,6,15,13,1423
18.0,6,15,14,1427
18.0,6,15,15,1432
18.0,7,0,0,1308
18.0,7,0,1,1312
18.0,7,0,2,1316
18.0,7,0,3,1320
18.0,7,0,4,1325
18.0,7,0,5,1329
18.0,7,0,6,1333
18.0,7,0,7,1337
18.0,7,0,8,1341
18.0,7,0,9,1345
18.0,7,0,10,1349
18.0,7,0,11,1353
18.0,7,0,12,1357
18.0,7,0,13,1361
18.0,7,0,14,1366
18.0,7,0,15,1370
18.0,7,1,0,1312
18.0,7,1,1,1316
18.0,7,1,2,1321
18.0,7,1,3,1325
18.0,7,1,4,1329
18.0,7,1,5,1333
18.0,7,1,6,1337
18.0,7,1,7,1341
18.0,7,1,8,1346
18.0,7,1,9,1350
18.0,7,1,10,1354
18.0,7,1,11,1358
18.0,7,1,12,1362
18.0,7,1,13,1366
18.0,7,1,14,1370
18.0,7,1,15,1374
18.0,7,2,0,1316
18.0,7,2,1,1321
18.0,7,2,2,1325
18.0,7,2,3,1329
18.0,7,2,4,1333
18.0,7,2,5,1338
18.0,7,2,6,1342
18.0,7,2,7,1346
18.0,7,2,8,1350
18.0,7,2,9,1354
18.0,7,2,10,1358
18.0,7,2,11,1362
18.0,7,2,12,1367
18.0,7,2,13,1371
18.0,7,2,14,1375
18.0,7,2,15,1379
18.0,7,3,0,1321
18.0,7,3,1,1325
18.0,7,3,2,1329
18.0,7,3,3,1334
18.0,7,3,4,1338
18.0,7,3,5,1342
18.0,7,3,6,1346
18.0,7,3,7,1350
18.0,7,3,8,1355
18.0,7,3,9,1359
18.0,7,3,10,1363
18.0,7,3,11,1367
18.0,7,3,12,1371
18.0,7,3,13,1375
18.0,7,3,14,1379
18.0,7,3,15,1383
18.0,7,4,0,1325
18.0,7,4,1,1329
18.0,7,4,2,1334
18.0,7,4,3,1338
18.0,7,4,4,1342
18.0,7,4,5,1346
18.0,7,4,6,1351
18.0,7,4,7,1355
18.0,7,4,8,1359
18.0,7,4,9,1363
18.0,7,4,10,1367
18.0,7,4,11,1371
18.0,7,4,12,1376
18.0,7,4,13,1380
18.0,7,4,14,1384
18.0,7,4,15,1388
18.0,7,5,0,1329
18.0,7,5,1,1334
18.0,7,5,2,1338
18.0,7,5,3,1342
18.0,7,5,4,1347
18.0,7,5,5,1351
18.0,7,5,6,1355
18.0,7,5,7,1359
18.0,7,5,8,1363
18.0,7,5,9,1368
18.0,7,5,10,1372
18.0,7,5,11,1376
18.0,7,5,12,1380
18.0,7,5,13,1384
18.0,7,5,14,1388
18.0,7,5,15,1392
18.0,7,6,0,1334
18.0,7,6,1,1338
18.0,7,6,2,1342
18.0,7,6,3,1347
18.0,7,6,4,1351
18.0,7,6,5,1355
18.0,7,6,6,1359
18.0,7,6,7,1364
18.0,7,6,8,1368
18.0,7,6,9,1372
18.0,7,6,10,1376
18.0,7,6,11,1380
18.0,7,6,12,1384
18.0,7,6,13,1389
18.0,7,6,14,1393
18.0,7,6,15,1397
18.0,7,7,0,1338
18.0,7,7,1,1342
18.0,7,7,2,1347
18.0,7,7,3,1351
18.0,7,7,4,1355
18.0,7,7,5,1360
18.0,7,7,6,1364
18.0,7,7,7,1368
18.0,7,7,8,1372
18.0,7,7,9,1376
18.0,7,7,10,1381
18.0,7,7,11,1385
18.0,7,7,12,1389
18.0,7,7,13,1393
18.0,7,7,14,1397
18.0,7,7,15,1401
18.0,7,8,0,1342
18.0,7,8,1,1347
18.0,7,8,2,1351
18.0,7,8,3,1355
18.0,7,8,4,1360
18.0,7,8,5,1364
18.0,7,8,6,1368
18.0,7,8,7,1372
18.0,7,8,8,1377
18.0,7,8,9,1381
18.0,7,8,10,1385
18.0,7,8,11,1389
18.0,7,8,12,1393
18.0,7,8,13,1398
18.0,7,8,14,1402
18.0,7,8,15,1406
18.0,7,9,0,1347
18.0,7,9,1,1351
18.0,7,9,2,1355
18.0,7,9,3,1360
18.0,7,9,4,1364
18.0,7,9,5,1368
18.0,7,9,6,1372
18.0,7,9,7,1377
18.0,7,9,8,1381
18.0,7,9,9,1385
18.0,7,9,10,1389
18.0,7,9,11,1394
18.0,7,9,12,1398
18.0,7,9,13,1402
18.0,7,9,14,1406
18.0,7,9,15,1410
18.0,7,10,0,1351
18.0,7,10,1,1355
18.0,7,10,2,1360
18.0,7,10,3,1364
18.0,7,10,4,1368
18.0,7,10,5,1373
18.0,7,10,6,1377
18.0,7,10,7,1381
18.0,7,10,8,1385
18.0,7,10,9,1390
18.0,7,10,10,1394
18.0,7,10,11,1398
18.0,7,10,12,1402
18.0,7,10,13,1406
18.0,7,10,14,1411
18.0,7,10,15,1415
18.0,7,11,0,1355
18.0,7,11,1,1360
18.0,7,11,2,1364
18.0,7,11,3,1368
18.0,7,11,4,1373
18.0,7,11,5,1377
18.0,7,11,6,1381
18.0,7,11,7,1385
18.0,7,11,8,1390
18.0,7,11,9,1394
18.0,7,11,10,1398
18.0,7,11,11,1402
18.0,7,11,12,1407
18.0,7,11,13,1411
18.0,7,11,14,1415
18.0,7,11,15,1419
18.0,7,12,0,1359
18.0,7,12,1,1364
18.0,7,12,2,1368
18.0,7,12,3,1372
18.0,7,12,4,1377
18.0,7,12,5,1381
18.0,7,12,6,1385
18.0,7,12,7,1390
18.0,7,12,8,1394
18.0,7,12,9,1398
18.0,7,12,10,1403
18.0,7,12,11,1407
18.0,7,12,12,1411
18.0,7,12,13,1415
18.0,7,12,14,1419
18.0,7,12,15,1424
18.0,7,13,0,1364
18.0,7,13,1,1368
18.0,7,13,2,1372
18.0,7,13,3,1377
18.0,7,13,4,1381
18.0,7,13,5,1385
18.0,7,13,6,1390
18.0,7,13,7,1394
18.0,7,13,8,1398
18.0,7,13,9,1403
18.0,7,13,10,1407
18.0,7,13,11,1411
18.0,7,13,12,1415
18.0,7,13,13,1420
18.0,7,13,14,1424
18.0,7,13,15,1428
18.0,7,14,0,1368
18.0,7,14,1,1372
18.0,7,14,2,1377
18.0,7,14,3,1381
18.0,7,14,4,1385
18.0,7,14,5,1390
18.0,7,14,6,1394
18.0,7,14,7,1398
18.0,7,14,8,1403
18.0,7,14,9,1407
18.0,7,14,10,1411
18.0,7,14,11,1416
18.0,7,14,12,1420
18.0,7,14,13,1424
18.0,7,14,14,1428
18.0,7,14,15,1432
18.0,7,15,0,1372
18.0,7,15,1,1376
18.0,7,15,2,1381
18.0,7,15,3,1385
18.0,7,15,4,1390
18.0,7,15,5,1394
18.0,7,15,6,1398
18.0,7,15,7,1403
18.0,7,15,8,1407
18.0,7,15,9,1411
18.0,7,15,10,1416
18.0,7,15,11,1420
18.0,7,15,12,1424
18.0,7,15,13,1428
18.0,7,15,14,1433
18.0,7,15,15,1437
18.0,8,0,0,1313
18.0,8,0,1,1317
18.0,8,0,2,1321
18.0,8,0,3,1325
18.0,8,0,4,1329
18.0,8,0,5,1334
18.0,8,0,6,1338
18.0,8,0,7,1342
18.0,8,0,8,1346
18.0,8,0,9,1350
18.0,8,0,10,1354
18.0,8,0,11,1358
18.0,8,0,12,1362
18.0,8,0,13,1367
18.0,8,0,14,1371
18.0,8,0,15,1375
18.0,8,1,0,1317
18.0,8,1,1,1321
18.0,8,1,2,1325
18.0,8,1,3,1330
18.0,8,1,4,1334
18.0,8,1,5,1338
18.0,8,1,6,1342
18.0,8,1,7,1346
18.0,8,1,8,1351
18.0,8,1,9,1355
18.0,8,1,10,1359
18.0,8,1,11,1363
18.0,8,1,12,1367
18.0,8,1,13,1371
18.0,8,1,14,1375
18.0,8,1,15,1379
18.0,8,2,0,1321
18.0,8,2,1,1326
18.0,8,2,2,1330
18.0,8,2,3,1334
18.0,8,2,4,1338
18.0,8,2,5,1343
18.0,8,2,6,1347
18.0,8,2,7,1351
18.0,8,2,8,1355
18.0,8,2,9,1359
18.0,8,2,10,1363
18.0,8,2,11,1367
18.0,8,2,12,1372
18.0,8,2,13,1376
18.0,8,2,14,1380
18.0,8,2,15,1384
18.0,8,3,0,1326
18.0,8,3,1,1330
18.0,8,3,2,1334
18.0,8,3,3,1339
18.0,8,3,4,1343
18.0,8,3,5,1347
18.0,8,3,6,1351
18.0,8,3,7,1355
18.0,8,3,8,1360
18.0,8,3,9,1364
18.0,8,3,10,1368
18.0,8,3,11,1372
18.0,8,3,12,1376
18.0,8,3,13,1380
18.0,8,3,14,1384
18.0,8,3,15,1388
18.0,8,4,0,1330
18.0,8,4,1,1334
18.0,8,4,2,1339
18.0,8,4,3,1343
18.0,8,4,4,1347
18.0,8,4,5,1351
18.0,8,4,6,1356
18.0,8,4,7,1360
18.0,8,4,8,1364
18.0,8,4,9,1368
18.0,8,4,10,1372
18.0,8,4,11,1377
18.0,8,4,12,1381
18.0,8,4,13,1385
18.0,8,4,14,1389
18.0,8,4,15,1393
18.0,8,5,0,1334
18.0,8,5,1,1339
18.0,8,5,2,1343
18.0,8,5,3,1347
18.0,8,5,4,1352
18.0,8,5,5,1356
18.0,8,5,6,1360
18.0,8,5,7,1364
18.0,8,5,8,1368
18.0,8,5,9,1373
18.0,8,5,10,1377
18.0,8,5,11,1381
18.0,8,5,12,1385
18.0,8,5,13,1389
18.0,8,5,14,1393
18.0,8,5,15,1398
18.0,8,6,0,1339
18.0,8,6,1,1343
18.0,8,6,2,1347
18.0,8,6,3,1352
18.0,8,6,4,1356
18.0,8,6,5,1360
18.0,8,6,6,1364
18.0,8,6,7,1369
18.0,8,6,8,1373
18.0,8,6,9,1377
18.0,8,6,10,1381
18.0,8,6,11,1385
18.0,8,6,12,1390
18.0,8,6,13,1394
18.0,8,6,14,1398
18.0,8,6,15,1402
18.0,8,7,0,1343
18.0,8,7,1,1347
18.0,8,7,2,1352
18.0,8,7,3,1356
18.0,8,7,4,1360
18.0,8,7,5,1365
18.0,8,7,6,1369
18.0,8,7,7,1373
18.0,8,7,8,1377
18.0,8,7,9,1382
18.0,8,7,10,1386
18.0,8,7,11,1390
18.0,8,7,12,1394
18.0,8,7,13,1398
18.0,8,7,14,1402
18.0,8,7,15,1407
18.0,8,8,0,1347
18.0,8,8,1,1352
18.0,8,8,2,1356
18.0,8,8,3,1360
18.0,8,8,4,1365
18.0,8,8,5,1369
18.0,8,8,6,1373
18.0,8,8,7,1378
18.0,8,8,8,1382
18.0,8,8,9,1386
18.0,8,8,10,1390
18.0,8,8,11,1394
18.0,8,8,12,1399
18.0,8,8,13,1403
18.0,8,8,14,1407
18.0,8,8,15,1411
18.0,8,9,0,1352
18.0,8,9,1,1356
18.0,8,9,2,1360
18.0,8,9,3,1365
18.0,8,9,4,1369
18.0,8,9,5,1373
18.0,8,9,6,1378
18.0,8,9,7,1382
18.0,8,9,8,1386
18.0,8,9,9,1390
18.0,8,9,10,1395
18.0,8,9,11,1399
18.0,8,9,12,1403
18.0,8,9,13,1407
18.0,8,9,14,1411
18.0,8,9,15,1416
18.0,8,10,0,1356
18.0,8,10,1,1360
18.0,8,10,2,1365
18.0,8,10,3,1369
18.0,8,10,4,1373
18.0,8,10,5,1378
18.0,8,10,6,1382
18.0,8,10,7,1386
18.0,8,10,8,1391
18.0,8,10,9,1395
18.0,8,10,10,1399
18.0,8,10,11,1403
18.0,8,10,12,1407
18.0,8,10,13,1412
18.0,8,10,14,1416
18.0,8,10,15,1420
18.0,8,11,0,1360
18.0,8,11,1,1365
18.0,8,11,2,1369
18.0,8,11,3,1373
18.0,8,11,4,1378
18.0,8,11,5,1382
18.0,8,11,6,1386
18.0,8,11,7,1391
18.0,8,11,8,1395
18.0,8,11,9,1399
18.0,8,11,10,1403
18.0,8,11,11,1408
18.0,8,11,12,1412
18.0,8,11,13,1416
18.0,8,11,14,1420
18.0,8,11,15,1425
18.0,8,12,0,1364
18.0,8,12,1,1369
18.0,8,12,2,1373
18.0,8,12,3,1378
18.0,8,12,4,1382
18.0,8,12,5,1386
18.0,8,12,6,1391
18.0,8,12,7,1395
18.0,8,12,8,1399
18.0,8,12,9,1404
18.0,8,12,10,1408
18.0,8,12,11,1412
18.0,8,12,12,1416
18.0,8,12,13,1421
18.0,8,12,14,1425
18.0,8,12,15,1429
18.0,8,13,0,1369
18.0,8,13,1,1373
18.0,8,13,2,1378
18.0,8,13,3,1382
18.0,8,13,4,1386
18.0,8,13,5,1391
18.0,8,13,6,1395
18.0,8,13,7,1399
18.0,8,13,8,1404
18.0,8,13,9,1408
18.0,8,13,10,1412
18.0,8,13,11,1416
18.0,8,13,12,1421
18.0,8,13,13,1425
18.0,8,13,14,1429
18.0,8,13,15,1433
18.0,8,14,0,1373
18.0,8,14,1,1377
18.0,8,14,2,1382
18.0,8,14,3,1386
18.0,8,14,4,1391
18.0,8,14,5,1395
18.0,8,14,6,1399
18.0,8,14,7,1404
18.0,8,14,8,1408
18.0,8,14,9,1412
18.0,8,14,10,1417
18.0,8,14,11,1421
18.0,8,14,12,1425
18.0,8,14,13,1429
18.0,8,14,14,1434
18.0,8,14,15,1438
18.0,8,15,0,1377
18.0,8,15,1,1382
18.0,8,15,2,1386
18.0,8,15,3,1390
18.0,8,15,4,1395
18.0,8,15,5,1399
18.0,8,15,6,1404
18.0,8,15,7,1408
18.0,8,15,8,1412
18.0,8,15,9,1417
18.0,8,15,10,1421
18.0,8,15,11,1425
18.0,8,15,12,1429
18.0,8,15,13,1434
18.0,8,15,14,1438
18.0,8,15,15,1442
18.0,9,0,0,1317
18.0,9,0,1,1322
18.0,9,0,2,1326
18.0,9,0,3,1330
18.0,9,0,4,1334
18.0,9,0,5,1339
18.0,9,0,6,1343
18.0,9,0,7,1347
18.0,9,0,8,1351
18.0,9,0,9,1355
18.0,9,0,10,1359
18.0,9,0,11,1363
18.0,9,0,12,1368
18.0,9,0,13,1372
18.0,9,0,14,1376
18.0,9,0,15,1380
18.0,9,1,0,1322
18.0,9,1,1,1326
18.0,9,1,2,1330
18.0,9,1,3,1335
18.0,9,1,4,1339
18.0,9,1,5,1343
18.0,9,1,6,1347
18.0,9,1,7,1351
18.0,9,1,8,1356
18.0,9,1,9,1360
18.0,9,1,10,1364
18.0,9,1,11,1368
18.0,9,1,12,1372
18.0,9,1,13,1376
18.0,9,1,14,1380
18.0,9,1,15,1384
18.0,9,2,0,1326
18.0,9,2,1,1331
18.0,9,2,2,1335
18.0,9,2,3,1339
18.0,9,2,4,1343
18.0,9,2,5,1348
18.0,9,2,6,1352
18.0,9,2,7,1356
18.0,9,2,8,1360
18.0,9,2,9,1364
18.0,9,2,10,1368
18.0,9,2,11,1373
18.0,9,2,12,1377
18.0,9,2,13,1381
18.0,9,2,14,1385
18.0,9,2,15,1389
18.0,9,3,0,1331
18.0,9,3,1,1335
18.0,9,3,2,1339
18.0,9,3,3,1344
18.0,9,3,4,1348
18.0,9,3,5,1352
18.0,9,3,6,1356
18.0,9,3,7,1360
18.0,9,3,8,1365
18.0,9,3,9,1369
18.0,9,3,10,1373
18.0,9,3,11,1377
18.0,9,3,12,1381
18.0,9,3,13,1385
18.0,9,3,14,1390
18.0,9,3,15,1394
18.0,9,4,0,1335
18.0,9,4,1,1339
18.0,9,4,2,1344
18.0,9,4,3,1348
18.0,9,4,4,1352
18.0,9,4,5,1356
18.0,9,4,6,1361
18.0,9,4,7,1365
18.0,9,4,8,1369
18.0,9,4,9,1373
18.0,9,4,10,1377
18.0,9,4,11,1382
18.0,9,4,12,1386
18.0,9,4,13,1390
18.0,9,4,14,1394
18.0,9,4,15,1398
18.0,9,5,0,1339
18.0,9,5,1,1344
18.0,9,5,2,1348
18.0,9,5,3,1352
18.0,9,5,4,1357
18.0,9,5,5,1361
18.0,9,5,6,1365
18.0,9,5,7,1369
18.0,9,5,8,1374
18.0,9,5,9,1378
18.0,9,5,10,1382
18.0,9,5,11,1386
18.0,9,5,12,1390
18.0,9,5,13,1394
18.0,9,5,14,1399
18.0,9,5,15,1403
18.0,9,6,0,1344
18.0,9,6,1,1348
18.0,9,6,2,1352
18.0,9,6,3,1357
18.0,9,6,4,1361
18.0,9,6,5,1365
18.0,9,6,6,1370
18.0,9,6,7,1374
18.0,9,6,8,1378
18.0,9,6,9,1382
18.0,9,6,10,1386
18.0,9,6,11,1391
18.0,9,6,12,1395
18.0,9,6,13,1399
18.0,9,6,14,1403
18.0,9,6,15,1407
18.0,9,7,0,1348
18.0,9,7,1,1352
18.0,9,7,2,1357
18.0,9,7,3,1361
18.0,9,7,4,1365
18.0,9,7,5,1370
18.0,9,7,6,1374
18.0,9,7,7,1378
18.0,9,7,8,1382
18.0,9,7,9,1387
18.0,9,7,10,1391
18.0,9,7,11,1395
18.0,9,7,12,1399
18.0,9,7,13,1404
18.0,9,7,14,1408
18.0,9,7,15,1412
18.0,9,8,0,1352
18.0,9,8,1,1357
18.0,9,8,2,1361
18.0,9,8,3,1365
18.0,9,8,4,1370
18.0,9,8,5,1374
18.0,9,8,6,1378
18.0,9,8,7,1383
18.0,9,8,8,1387
18.0,9,8,9,1391
18.0,9,8,10,1395
18.0,9,8,11,1400
18.0,9,8,12,1404
18.0,9,8,13,1408
18.0,9,8,14,1412
18.0,9,8,15,1416
18.0,9,9,0,1357
18.0,9,9,1,1361
18.0,9,9,2,1365
18.0,9,9,3,1370
18.0,9,9,4,1374
18.0,9,9,5,1378
18.0,9,9,6,1383
18.0,9,9,7,1387
18.0,9,9,8,1391
18.0,9,9,9,1396
18.0,9,9,10,1400
18.0,9,9,11,1404
18.0,9,9,12,1408
18.0,9,9,13,1412
18.0,9,9,14,1417
18.0,9,9,15,1421
18.0,9,10,0,1361
18.0,9,10,1,1365
18.0,9,10,2,1370
18.0,9,10,3,1374
18.0,9,10,4,1378
18.0,9,10,5,1383
18.0,9,10,6,1387
18.0,9,10,7,1391
18.0,9,10,8,1396
18.0,9,10,9,1400
18.0,9,10,10,1404
18.0,9,10,11,1408
18.0,9,10,12,1413
18.0,9,10,13,1417
18.0,9,10,14,1421
18.0,9,10,15,1425
18.0,9,11,0,1365
18.0,9,11,1,1370
18.0,9,11,2,1374
18.0,9,11,3,1378
18.0,9,11,4,1383
18.0,9,11,5,1387
18.0,9,11,6,1391
18.0,9,11,7,1396
18.0,9,11,8,1400
18.0,9,11,9,1404
18.0,9,11,10,1409
18.0,9,11,11,1413
18.0,9,11,12,1417
18.0,9,11,13,1421
18.0,9,11,14,1426
18.0,9,11,15,1430
18.0,9,12,0,1370
18.0,9,12,1,1374
18.0,9,12,2,1378
18.0,9,12,3,1383
18.0,9,12,4,1387
18.0,9,12,5,1391
18.0,9,12,6,1396
18.0,9,12,7,1400
18.0,9,12,8,1404
18.0,9,12,9,1409
18.0,9,12,10,1413
18.0,9,12,11,1417
18.0,9,12,12,1422
18.0,9,12,13,1426
18.0,9,12,14,1430
18.0,9,12,15,1434
18.0,9,13,0,1374
18.0,9,13,1,1378
18.0,9,13,2,1383
18.0,9,13,3,1387
18.0,9,13,4,1391
18.0,9,13,5,1396
18.0,9,13,6,1400
18.0,9,13,7,1404
18.0,9,13,8,1409
18.0,9,13,9,1413
18.0,9,13,10,1417
18.0,9,13,11,1422
18.0,9,13,12,1426
18.0,9,13,13,1430
18.0,9,13,14,1435
18.0,9,13,15,1439
18.0,9,14,0,1378
18.0,9,14,1,1382
18.0,9,14,2,1387
18.0,9,14,3,1391
18.0,9,14,4,1396
18.0,9,14,5,1400
18.0,9,14,6,1404
18.0,9,14,7,1409
18.0,9,14,8,1413
18.0,9,14,9,1417
18.0,9,14,10,1422
18.0,9,14,11,1426
18.0,9,14,12,1430
18.0,9,14,13,1435
18.0,9,14,14,1439
18.0,9,14,15,1443
18.0,9,15,0,1382
18.0,9,15,1,1387
18.0,9,15,2,1391
18.0,9,15,3,1396
18.0,9,15,4,1400
18.0,9,15,5,1404
18.0,9,15,6,1409
18.0,9,15,7,1413
18.0,9,15,8,1417
18.0,9,15,9,1422
18.0,9,15,10,1426
18.0,9,15,11,1430
18.0,9,15,12,1435
18.0,9,15,13,1439
18.0,9,15,14,1443
18.0,9,15,15,1448
18.0,10,0,0,1322
18.0,10,0,1,1327
18.0,10,0,2,1331
18.0,10,0,3,1335
18.0,10,0,4,1339
18.0,10,0,5,1344
18.0,10,0,6,1348
18.0,10,0,7,1352
18.0,10,0,8,1356
18.0,10,0,9,1360
18.0,10,0,10,1364
18.0,10,0,11,1369
18.0,10,0,12,1373
18.0,10,0,13,1377
18.0,10,0,14,1381
18.0,10,0,15,1385
18.0,10,1,0,1327
18.0,10,1,1,1331
18.0,10,1,2,1335
18.0,10,1,3,1340
18.0,10,1,4,1344
18.0,10,1,5,1348
18.0,10,1,6,1352
18.0,10,1,7,1356
18.0,10,1,8,1361
18.0,10,1,9,1365
18.0,10,1,10,1369
18.0,10,1,11,1373
18.0,10,1,12,1377
18.0,10,1,13,1381
18.0,10,1,14,1385
18.0,10,1,15,1390
18.0,10,2,0,1331
18.0,10,2,1,1336
18.0,10,2,2,1340
18.0,10,2,3,1344
18.0,10,2,4,1348
18.0,10,2,5,1353
18.0,10,2,6,1357
18.0,10,2,7,1361
18.0,10,2,8,1365
18.0,10,2,9,1369
18.0,10,2,10,1374
18.0,10,2,11,1378
18.0,10,2,12,1382
18.0,10,2,13,1386
18.0,10,2,14,1390
18.0,10,2,15,1394
18.0,10,3,0,1336
18.0,10,3,1,1340
18.0,10,3,2,1344
18.0,10,3,3,1348
18.0,10,3,4,1353
18.0,10,3,5,1357
18.0,10,3,6,1361
18.0,10,3,7,1365
18.0,10,3,8,1370
18.0,10,3,9,1374
18.0,10,3,10,1378
18.0,10,3,11,1382
18.0,10,3,12,1386
18.0,10,3,13,1391
18.0,10,3,14,1395
18.0,10,3,15,1399
18.0,10,4,0,1340
18.0,10,4,1,1344
18.0,10,4,2,1349
18.0,10,4,3,1353
18.0,10,4,4,1357
18.0,10,4,5,1361
18.0,10,4,6,1366
18.0,10,4,7,1370
18.0,10,4,8,1374
18.0,10,4,9,1378
18.0,10,4,10,1383
18.0,10,4,11,1387
18.0,10,4,12,1391
18.0,10,4,13,1395
18.0,10,4,14,1399
18.0,10,4,15,1403
18.0,10,5,0,1344
18.0,10,5,1,1349
18.0,10,5,2,1353
18.0,10,5,3,1357
18.0,10,5,4,1362
18.0,10,5,5,1366
18.0,10,5,6,1370
18.0,10,5,7,1374
18.0,10,5,8,1379
18.0,10,5,9,1383
18.0,10,5,10,1387
18.0,10,5,11,1391
18.0,10,5,12,1395
18.0,10,5,13,1400
18.0,10,5,14,1404
18.0,10,5,15,1408
18.0,10,6,0,1349
18.0,10,6,1,1353
18.0,10,6,2,1357
18.0,10,6,3,1362
18.0,10,6,4,1366
18.0,10,6,5,1370
18.0,10,6,6,1375
18.0,10,6,7,1379
18.0,10,6,8,1383
18.0,10,6,9,1387
18.0,10,6,10,1392
18.0,10,6,11,1396
18.0,10,6,12,1400
18.0,10,6,13,1404
18.0,10,6,14,1408
18.0,10,6,15,1413
18.0,10,7,0,1353
18.0,10,7,1,1357
18.0,10,7,2,1362
18.0,10,7,3,1366
18.0,10,7,4,1370
18.0,10,7,5,1375
18.0,10,7,6,1379
18.0,10,7,7,1383
18.0,10,7,8,1388
18.0,10,7,9,1392
18.0,10,7,10,1396
18.0,10,7,11,1400
18.0,10,7,12,1405
18.0,10,7,13,1409
18.0,10,7,14,1413
18.0,10,7,15,1417
18.0,10,8,0,1357
18.0,10,8,1,1362
18.0,10,8,2,1366
18.0,10,8,3,1371
18.0,10,8,4,1375
18.0,10,8,5,1379
18.0,10,8,6,1383
18.0,10,8,7,1388
18.0,10,8,8,1392
18.0,10,8,9,1396
18.0,10,8,10,1401
18.0,10,8,11,1405
18.0,10,8,12,1409
18.0,10,8,13,1413
18.0,10,8,14,1417
18.0,10,8,15,1422
18.0,10,9,0,1362
18.0,10,9,1,1366
18.0,10,9,2,1371
18.0,10,9,3,1375
18.0,10,9,4,1379
18.0,10,9,5,1384
18.0,10,9,6,1388
18.0,10,9,7,1392
18.0,10,9,8,1396
18.0,10,9,9,1401
18.0,10,9,10,1405
18.0,10,9,11,1409
18.0,10,9,12,1413
18.0,10,9,13,1418
18.0,10,9,14,1422
18.0,10,9,15,1426
18.0,10,10,0,1366
18.0,10,10,1,1370
18.0,10,10,2,1375
18.0,10,10,3,1379
18.0,10,10,4,1384
18.0,10,10,5,1388
18.0,10,10,6,1392
18.0,10,10,7,1397
18.0,10,10,8,1401
18.0,10,10,9,1405
18.0,10,10,10,1409
18.0,10,10,11,1414
18.0,10,10,12,1418
18.0,10,10,13,1422
18.0,10,10,14,1426
18.0,10,10,15,1431
18.0,10,11,0,1370
18.0,10,11,1,1375
18.0,10,11,2,1379
18.0,10,11,3,1384
18.0,10,11,4,1388
18.0,10,11,5,1392
18.0,10,11,6,1397
18.0,10,11,7,1401
18.0,10,11,8,1405
18.0,10,11,9,1410
18.0,10,11,10,1414
18.0,10,11,11,1418
18.0,10,11,12,1422
18.0,10,11,13,1427
18.0,10,11,14,1431
18.0,10,11,15,1435
18.0,10,12,0,1375
18.0,10,12,1,1379
18.0,10,12,2,1383
18.0,10,12,3,1388
18.0,10,12,4,1392
18.0,10,12,5,1397
18.0,10,12,6,1401
18.0,10,12,7,1405
18.0,10,12,8,1410
18.0,10,12,9,1414
18.0,10,12,10,1418
18.0,10,12,11,1423
18.0,10,12,12,1427
18.0,10,12,13,1431
18.0,10,12,14,1435
18.0,10,12,15,1440
18.0,10,13,0,1379
18.0,10,13,1,1383
18.0,10,13,2,1388
18.0,10,13,3,1392
18.0,10,13,4,1397
18.0,10,13,5,1401
18.0,10,13,6,1405
18.0,10,13,7,1410
18.0,10,13,8,1414
18.0,10,13,9,1418
18.0,10,13,10,1423
18.0,10,13,11,1427
18.0,10,13,12,1431
18.0,10,13,13,1436
18.0,10,13,14,1440
18.0,10,13,15,1444
18.0,10,14,0,1383
18.0,10,14,1,1388
18.0,10,14,2,1392
18.0,10,14,3,1396
18.0,10,14,4,1401
18.0,10,14,5,1405
18.0,10,14,6,1410
18.0,10,14,7,1414
18.0,10,14,8,1418
18.0,10,14,9,1423
18.0,10,14,10,1427
18.0,10,14,11,1431
18.0,10,14,12,1436
18.0,10,14,13,1440
18.0,10,14,14,1444
18.0,10,14,15,1449
18.0,10,15,0,1387
18.0,10,15,1,1392
18.0,10,15,2,1396
18.0,10,15,3,1401
18.0,10,15,4,1405
18.0,10,15,5,1410
18.0,10,15,6,1414
18.0,10,15,7,1418
18.0,10,15,8,1423
18.0,10,15,9,1427
18.0,10,15,10,1431
18.0,10,15,11,1436
18.0,10,15,12,1440
18.0,10,15,13,1444
18.0,10,15,14,1449
18.0,10,15,15,1453
18.0,11,0,0,1327
18.0,11,0,1,1332
18.0,11,0,2,1336
18.0,11,0,3,1340
18.0,11,0,4,1344
18.0,11,0,5,1349
18.0,11,0,6,1353
18.0,11,0,7,1357
18.0,11,0,8,1361
18.0,11,0,9,1365
18.0,11,0,10,1369
18.0,11,0,11,1374
18.0,11,0,12,1378
18.0,11,0,13,1382
18.0,11,0,14,1386
18.0,11,0,15,1390
18.0,11,1,0,1332
18.0,11,1,1,1336
18.0,11,1,2,1340
18.0,11,1,3,1345
18.0,11,1,4,1349
18.0,11,1,5,1353
18.0,11,1,6,1357
18.0,11,1,7,1361
18.0,11,1,8,1366
18.0,11,1,9,1370
18.0,11,1,10,1374
18.0,11,1,11,1378
18.0,11,1,12,1382
18.0,11,1,13,1386
18.0,11,1,14,1391
18.0,11,1,15,1395
18.0,11,2,0,1336
18.0,11,2,1,1340
18.0,11,2,2,1345
18.0,11,2,3,1349
18.0,11,2,4,1353
18.0,11,2,5,1358
18.0,11,2,6,1362
18.0,11,2,7,1366
18.0,11,2,8,1370
18.0,11,2,9,1374
18.0,11,2,10,1379
18.0,11,2,11,1383
18.0,11,2,12,1387
18.0,11,2,13,1391
18.0,11,2,14,1395
18.0,11,2,15,1399
18.0,11,3,0,1341
18.0,11,3,1,1345
18.0,11,3,2,1349
18.0,11,3,3,1353
18.0,11,3,4,1358
18.0,11,3,5,1362
18.0,11,3,6,1366
18.0,11,3,7,1371
18.0,11,3,8,1375
18.0,11,3,9,1379
18.0,11,3,10,1383
18.0,11,3,11,1387
18.0,11,3,12,1391
18.0,11,3,13,1396
18.0,11,3,14,1400
18.0,11,3,15,1404
18.0,11,4,0,1345
18.0,11,4,1,1349
18.0,11,4,2,1354
18.0,11,4,3,1358
18.0,11,4,4,1362
18.0,11,4,5,1366
18.0,11,4,6,1371
18.0,11,4,7,1375
18.0,11,4,8,1379
18.0,11,4,9,1383
18.0,11,4,10,1388
18.0,11,4,11,1392
18.0,11,4,12,1396
18.0,11,4,13,1400
18.0,11,4,14,1404
18.0,11,4,15,1409
18.0,11,5,0,1349
18.0,11,5,1,1354
18.0,11,5,2,1358
18.0,11,5,3,1362
18.0,11,5,4,1367
18.0,11,5,5,1371
18.0,11,5,6,1375
18.0,11,5,7,1379
18.0,11,5,8,1384
18.0,11,5,9,1388
18.0,11,5,10,1392
18.0,11,5,11,1396
18.0,11,5,12,1401
18.0,11,5,13,1405
18.0,11,5,14,1409
18.0,11,5,15,1413
18.0,11,6,0,1354
18.0,11,6,1,1358
18.0,11,6,2,1362
18.0,11,6,3,1367
18.0,11,6,4,1371
18.0,11,6,5,1375
18.0,11,6,6,1380
18.0,11,6,7,1384
18.0,11,6,8,1388
18.0,11,6,9,1392
18.0,11,6,10,1397
18.0,11,6,11,1401
18.0,11,6,12,1405
18.0,11,6,13,1409
18.0,11,6,14,1414
18.0,11,6,15,1418
18.0,11,7,0,1358
18.0,11,7,1,1362
18.0,11,7,2,1367
18.0,11,7,3,1371
18.0,11,7,4,1376
18.0,11,7,5,1380
18.0,11,7,6,1384
18.0,11,7,7,1388
18.0,11,7,8,1393
18.0,11,7,9,1397
18.0,11,7,10,1401
18.0,11,7,11,1405
18.0,11,7,12,1410
18.0,11,7,13,1414
18.0,11,7,14,1418
18.0,11,7,15,1422
18.0,11,8,0,1362
18.0,11,8,1,1367
18.0,11,8,2,1371
18.0,11,8,3,1376
18.0,11,8,4,1380
18.0,11,8,5,1384
18.0,11,8,6,1389
18.0,11,8,7,1393
18.0,11,8,8,1397
18.0,11,8,9,1401
18.0,11,8,10,1406
18.0,11,8,11,1410
18.0,11,8,12,1414
18.0,11,8,13,1418
18.0,11,8,14,1423
18.0,11,8,15,1427
18.0,11,9,0,1367
18.0,11,9,1,1371
18.0,11,9,2,1376
18.0,11,9,3,1380
18.0,11,9,4,1384
18.0,11,9,5,1389
18.0,11,9,6,1393
18.0,11,9,7,1397
18.0,11,9,8,1402
18.0,11,9,9,1406
18.0,11,9,10,1410
18.0,11,9,11,1414
18.0,11,9,12,1419
18.0,11,9,13,1423
18.0,11,9,14,1427
18.0,11,9,15,1431
18.0,11,10,0,1371
18.0,11,10,1,1376
18.0,11,10,2,1380
18.0,11,10,3,1384
18.0,11,10,4,1389
18.0,11,10,5,1393
18.0,11,10,6,1397
18.0,11,10,7,1402
18.0,11,10,8,1406
18.0,11,10,9,1410
18.0,11,10,10,1415
18.0,11,10,11,1419
18.0,11,10,12,1423
18.0,11,10,13,1427
18.0,11,10,14,1432
18.0,11,10,15,1436
18.0,11,11,0,1375
18.0,11,11,1,1380
18.0,11,11,2,1384
18.0,11,11,3,1389
18.0,11,11,4,1393
18.0,11,11,5,1397
18.0,11,11,6,1402
18.0,11,11,7,1406
18.0,11,11,8,1410
18.0,11,11,9,1415
18.0,11,11,10,1419
18.0,11,11,11,1423
18.0,11,11,12,1428
18.0,11,11,13,1432
18.0,11,11,14,1436
18.0,11,11,15,1440
18.0,11,12,0,1380
18.0,11,12,1,1384
18.0,11,12,2,1389
18.0,11,12,3,1393
18.0,11,12,4,1397
18.0,11,12,5,1402
18.0,11,12,6,1406
18.0,11,12,7,1411
18.0,11,12,8,1415
18.0,11,12,9,1419
18.0,11,12,10,1424
18.0,11,12,11,1428
18.0,11,12,12,1432
18.0,11,12,13,1436
18.0,11,12,14,1441
18.0,11,12,15,1445
18.0,11,13,0,1384
18.0,11,13,1,1388
18.0,11,13,2,1393
18.0,11,13,3,1397
18.0,11,13,4,1402
18.0,11,13,5,1406
18.0,11,13,6,1411
18.0,11,13,7,1415
18.0,11,13,8,1419
18.0,11,13,9,1424
18.0,11,13,10,1428
18.0,11,13,11,1432
18.0,11,13,12,1437
18.0,11,13,13,1441
18.0,11,13,14,1445
18.0,11,13,15,1449
18.0,11,14,0,1388
18.0,11,14,1,1393
18.0,11,14,2,1397
18.0,11,14,3,1402
18.0,11,14,4,1406
18.0,11,14,5,1410
18.0,11,14,6,1415
18.0,11,14,7,1419
18.0,11,14,8,1424
18.0,11,14,9,1428
18.0,11,14,10,1432
18.0,11,14,11,1437
18.0,11,14,12,1441
18.0,11,14,13,1445
18.0,11,14,14,1450
18.0,11,14,15,1454
18.0,11,15,0,1392
18.0,11,15,1,1397
18.0,11,15,2,1401
18.0,11,15,3,1406
18.0,11,15,4,1410
18.0,11,15,5,1415
18.0,11,15,6,1419
18.0,11,15,7,1424
18.0,11,15,8,1428
18.0,11,15,9,1432
18.0,11,15,10,1437
18.0,11,15,11,1441
18.0,11,15,12,1445
18.0,11,15,13,1450
18.0,11,15,14,1454
18.0,11,15,15,1458
18.0,12,0,0,1332
18.0,12,0,1,1336
18.0,12,0,2,1341
18.0,12,0,3,1345
18.0,12,0,4,1349
18.0,12,0,5,1353
18.0,12,0,6,1358
18.0,12,0,7,1362
18.0,12,0,8,1366
18.0,12,0,9,1370
18.0,12,0,10,1374
18.0,12,0,11,1379
18.0,12,0,12,1383
18.0,12,0,13,1387
18.0,12,0,14,1391
18.0,12,0,15,1395
18.0,12,1,0,1337
18.0,12,1,1,1341
18.0,12,1,2,1345
18.0,12,1,3,1349
18.0,12,1,4,1354
18.0,12,1,5,1358
18.0,12,1,6,1362
18.0,12,1,7,1366
18.0,12,1,8,1371
18.0,12,1,9,1375
18.0,12,1,10,1379
18.0,12,1,11,1383
18.0,12,1,12,1387
18.0,12,1,13,1392
18.0,12,1,14,1396
18.0,12,1,15,1400
18.0,12,2,0,1341
18.0,12,2,1,1345
18.0,12,2,2,1350
18.0,12,2,3,1354
18.0,12,2,4,1358
18.0,12,2,5,1363
18.0,12,2,6,1367
18.0,12,2,7,1371
18.0,12,2,8,1375
18.0,12,2,9,1379
18.0,12,2,10,1384
18.0,12,2,11,1388
18.0,12,2,12,1392
18.0,12,2,13,1396
18.0,12,2,14,1400
18.0,12,2,15,1404
18.0,12,3,0,1345
18.0,12,3,1,1350
18.0,12,3,2,1354
18.0,12,3,3,1358
18.0,12,3,4,1363
18.0,12,3,5,1367
18.0,12,3,6,1371
18.0,12,3,7,1376
18.0,12,3,8,1380
18.0,12,3,9,1384
18.0,12,3,10,1388
18.0,12,3,11,1392
18.0,12,3,12,1397
18.0,12,3,13,1401
18.0,12,3,14,1405
18.0,12,3,15,1409
18.0,12,4,0,1350
18.0,12,4,1,1354
18.0,12,4,2,1359
18.0,12,4,3,1363
18.0,12,4,4,1367
18.0,12,4,5,1372
18.0,12,4,6,1376
18.0,12,4,7,1380
18.0,12,4,8,1384
18.0,12,4,9,1389
18.0,12,4,10,1393
18.0,12,4,11,1397
18.0,12,4,12,1401
18.0,12,4,13,1405
18.0,12,4,14,1410
18.0,12,4,15,1414
18.0,12,5,0,1354
18.0,12,5,1,1359
18.0,12,5,2,1363
18.0,12,5,3,1367
18.0,12,5,4,1372
18.0,12,5,5,1376
18.0,12,5,6,1380
18.0,12,5,7,1385
18.0,12,5,8,1389
18.0,12,5,9,1393
18.0,12,5,10,1397
18.0,12,5,11,1402
18.0,12,5,12,1406
18.0,12,5,13,1410
18.0,12,5,14,1414
18.0,12,5,15,1418
18.0,12,6,0,1359
18.0,12,6,1,1363
18.0,12,6,2,1367
18.0,12,6,3,1372
18.0,12,6,4,1376
18.0,12,6,5,1380
18.0,12,6,6,1385
18.0,12,6,7,1389
18.0,12,6,8,1393
18.0,12,6,9,1398
18.0,12,6,10,1402
18.0,12,6,11,1406
18.0,12,6,12,1410
18.0,12,6,13,1415
18.0,12,6,14,1419
18.0,12,6,15,1423
18.0,12,7,0,1363
18.0,12,7,1,1367
18.0,12,7,2,1372
18.0,12,7,3,1376
18.0,12,7,4,1381
18.0,12,7,5,1385
18.0,12,7,6,1389
18.0,12,7,7,1394
18.0,12,7,8,1398
18.0,12,7,9,1402
18.0,12,7,10,1406
18.0,12,7,11,1411
18.0,12,7,12,1415
18.0,12,7,13,1419
18.0,12,7,14,1423
18.0,12,7,15,1428
18.0,12,8,0,1367
18.0,12,8,1,1372
18.0,12,8,2,1376
18.0,12,8,3,1381
18.0,12,8,4,1385
18.0,12,8,5,1389
18.0,12,8,6,1394
18.0,12,8,7,1398
18.0,12,8,8,1402
18.0,12,8,9,1407
18.0,12,8,10,1411
18.0,12,8,11,1415
18.0,12,8,12,1419
18.0,12,8,13,1424
18.0,12,8,14,1428
18.0,12,8,15,1432
18.0,12,9,0,1372
18.0,12,9,1,1376
18.0,12,9,2,1381
18.0,12,9,3,1385
18.0,12,9,4,1389
18.0,12,9,5,1394
18.0,12,9,6,1398
18.0,12,9,7,1402
18.0,12,9,8,1407
18.0,12,9,9,1411
18.0,12,9,10,1415
18.0,12,9,11,1420
18.0,12,9,12,1424
18.0,12,9,13,1428
18.0,12,9,14,1432
18.0,12,9,15,1437
18.0,12,10,0,1376
18.0,12,10,1,1381
18.0,12,10,2,1385
18.0,12,10,3,1389
18.0,12,10,4,1394
18.0,12,10,5,1398
18.0,12,10,6,1403
18.0,12,10,7,1407
18.0,12,10,8,1411
18.0,12,10,9,1416
18.0,12,10,10,1420
18.0,12,10,11,1424
18.0,12,10,12,1428
18.0,12,10,13,1433
18.0,12,10,14,1437
18.0,12,10,15,1441
18.0,12,11,0,1380
18.0,12,11,1,1385
18.0,12,11,2,1389
18.0,12,11,3,1394
18.0,12,11,4,1398
18.0,12,11,5,1403
18.0,12,11,6,1407
18.0,12,11,7,1411
18.0,12,11,8,1416
18.0,12,11,9,1420
18.0,12,11,10,1424
18.0,12,11,11,1429
18.0,12,11,12,1433
18.0,12,11,13,1437
18.0,12,11,14,1441
18.0,12,11,15,1446
18.0,12,12,0,1385
18.0,12,12,1,1389
18.0,12,12,2,1394
18.0,12,12,3,1398
18.0,12,12,4,1403
18.0,12,12,5,1407
18.0,12,12,6,1411
18.0,12,12,7,1416
18.0,12,12,8,1420
18.0,12,12,9,1424
18.0,12,12,10,1429
18.0,12,12,11,1433
18.0,12,12,12,1437
18.0,12,12,13,1442
18.0,12,12,14,1446
18.0,12,12,15,1450
18.0,12,13,0,1389
18.0,12,13,1,1394
18.0,12,13,2,1398
18.0,12,13,3,1402
18.0,12,13,4,1407
18.0,12,13,5,1411
18.0,12,13,6,1416
18.0,12,13,7,1420
18.0,12,13,8,1424
18.0,12,13,9,1429
18.0,12,13,10,1433
18.0,12,13,11,1438
18.0,12,13,12,1442
18.0,12,13,13,1446
18.0,12,13,14,1450
18.0,12,13,15,1455
18.0,12,14,0,1393
18.0,12,14,1,1398
18.0,12,14,2,1402
18.0,12,14,3,1407
18.0,12,14,4,1411
18.0,12,14,5,1416
18.0,12,14,6,1420
18.0,12,14,7,1424
18.0,12,14,8,1429
18.0,12,14,9,1433
18.0,12,14,10,1438
18.0,12,14,11,1442
18.0,12,14,12,1446
18.0,12,14,13,1451
18.0,12,14,14,1455
18.0,12,14,15,1459
18.0,12,15,0,1398
18.0,12,15,1,1402
18.0,12,15,2,1407
18.0,12,15,3,1411
18.0,12,15,4,1416
18.0,12,15,5,1420
18.0,12,15,6,1424
18.0,12,15,7,1429
18.0,12,15,8,1433
18.0,12,15,9,1438
18.0,12,15,10,1442
18.0,12,15,11,1446
18.0,12,15,12,1451
18.0,12,15,13,1455
18.0,12,15,14,1459
18.0,12,15,15,1464
18.0,13,0,0,1337
18.0,13,0,1,1341
18.0,13,0,2,1346
18.0,13,0,3,1350
18.0,13,0,4,1354
18.0,13,0,5,1358
18.0,13,0,6,1363
18.0,13,0,7,1367
18.0,13,0,8,1371
18.0,13,0,9,1375
18.0,13,0,10,1379
18.0,13,0,11,1384
18.0,13,0,12,1388
18.0,13,0,13,1392
18.0,13,0,14,1396
18.0,13,0,15,1400
18.0,13,1,0,1341
18.0,13,1,1,1346
18.0,13,1,2,1350
18.0,13,1,3,1354
18.0,13,1,4,1359
18.0,13,1,5,1363
18.0,13,1,6,1367
18.0,13,1,7,1371
18.0,13,1,8,1376
18.0,13,1,9,1380
18.0,13,1,10,1384
18.0,13,1,11,1388
18.0,13,1,12,1392
18.0,13,1,13,1397
18.0,13,1,14,1401
18.0,13,1,15,1405
18.0,13,2,0,1346
18.0,13,2,1,1350
18.0,13,2,2,1355
18.0,13,2,3,1359
18.0,13,2,4,1363
18.0,13,2,5,1368
18.0,13,2,6,1372
18.0,13,2,7,1376
18.0,13,2,8,1380
18.0,13,2,9,1385
18.0,13,2,10,1389
18.0,13,2,11,1393
18.0,13,2,12,1397
18.0,13,2,13,1401
18.0,13,2,14,1405
18.0,13,2,15,1410
18.0,13,3,0,1350
18.0,13,3,1,1355
18.0,13,3,2,1359
18.0,13,3,3,1363
18.0,13,3,4,1368
18.0,13,3,5,1372
18.0,13,3,6,1376
18.0,13,3,7,1381
18.0,13,3,8,1385
18.0,13,3,9,1389
18.0,13,3,10,1393
18.0,13,3,11,1398
18.0,13,3,12,1402
18.0,13,3,13,1406
18.0,13,3,14,1410
18.0,13,3,15,1414
18.0,13,4,0,1355
18.0,13,4,1,1359
18.0,13,4,2,1364
18.0,13,4,3,1368
18.0,13,4,4,1372
18.0,13,4,5,1377
18.0,13,4,6,1381
18.0,13,4,7,1385
18.0,13,4,8,1389
18.0,13,4,9,1394
18.0,13,4,10,1398
18.0,13,4,11,1402
18.0,13,4,12,1406
18.0,13,4,13,1411
18.0,13,4,14,1415
18.0,13,4,15,1419
18.0,13,5,0,1359
18.0,13,5,1,1364
18.0,13,5,2,1368
18.0,13,5,3,1372
18.0,13,5,4,1377
18.0,13,5,5,1381
18.0,13,5,6,1385
18.0,13,5,7,1390
18.0,13,5,8,1394
18.0,13,5,9,1398
18.0,13,5,10,1402
18.0,13,5,11,1407
18.0,13,5,12,1411
18.0,13,5,13,1415
18.0,13,5,14,1419
18.0,13,5,15,1424
18.0,13,6,0,1364
18.0,13,6,1,1368
18.0,13,6,2,1372
18.0,13,6,3,1377
18.0,13,6,4,1381
18.0,13,6,5,1386
18.0,13,6,6,1390
18.0,13,6,7,1394
18.0,13,6,8,1398
18.0,13,6,9,1403
18.0,13,6,10,1407
18.0,13,6,11,1411
18.0,13,6,12,1416
18.0,13,6,13,1420
18.0,13,6,14,1424
18.0,13,6,15,1428
18.0,13,7,0,1368
18.0,13,7,1,1372
18.0,13,7,2,1377
18.0,13,7,3,1381
18.0,13,7,4,1386
18.0,13,7,5,1390
18.0,13,7,6,1394
18.0,13,7,7,1399
18.0,13,7,8,1403
18.0,13,7,9,1407
18.0,13,7,10,1412
18.0,13,7,11,1416
18.0,13,7,12,1420
18.0,13,7,13,1424
18.0,13,7,14,1429
18.0,13,7,15,1433
18.0,13,8,0,1372
18.0,13,8,1,1377
18.0,13,8,2,1381
18.0,13,8,3,1386
18.0,13,8,4,1390
18.0,13,8,5,1394
18.0,13,8,6,1399
18.0,13,8,7,1403
18.0,13,8,8,1407
18.0,13,8,9,1412
18.0,13,8,10,1416
18.0,13,8,11,1420
18.0,13,8,12,1425
18.0,13,8,13,1429
18.0,13,8,14,1433
18.0,13,8,15,1437
18.0,13,9,0,1377
18.0,13,9,1,1381
18.0,13,9,2,1386
18.0,13,9,3,1390
18.0,13,9,4,1394
18.0,13,9,5,1399
18.0,13,9,6,1403
18.0,13,9,7,1408
18.0,13,9,8,1412
18.0,13,9,9,1416
18.0,13,9,10,1421
18.0,13,9,11,1425
18.0,13,9,12,1429
18.0,13,9,13,1433
18.0,13,9,14,1438
18.0,13,9,15,1442
18.0,13,10,0,1381
18.0,13,10,1,1386
18.0,13,10,2,1390
18.0,13,10,3,1394
18.0,13,10,4,1399
18.0,13,10,5,1403
18.0,13,10,6,1408
18.0,13,10,7,1412
18.0,13,10,8,1416
18.0,13,10,9,1421
18.0,13,10,10,1425
18.0,13,10,11,1429
18.0,13,10,12,1434
18.0,13,10,13,1438
18.0,13,10,14,1442
18.0,13,10,15,1446
18.0,13,11,0,1386
18.0,13,11,1,1390
18.0,13,11,2,1394
18.0,13,11,3,1399
18.0,13,11,4,1403
18.0,13,11,5,1408
18.0,13,11,6,1412
18.0,13,11,7,1416
18.0,13,11,8,1421
18.0,13,11,9,1425
18.0,13,11,10,1430
18.0,13,11,11,1434
18.0,13,11,12,1438
18.0,13,11,13,1442
18.0,13,11,14,1447
18.0,13,11,15,1451
18.0,13,12,0,1390
18.0,13,12,1,1394
18.0,13,12,2,1399
18.0,13,12,3,1403
18.0,13,12,4,1408
18.0,13,12,5,1412
18.0,13,12,6,1416
18.0,13,12,7,1421
18.0,13,12,8,1425
18.0,13,12,9,1430
18.0,13,12,10,1434
18.0,13,12,11,1438
18.0,13,12,12,1443
18.0,13,12,13,1447
18.0,13,12,14,1451
18.0,13,12,15,1456
18.0,13,13,0,1394
18.0,13,13,1,1399
18.0,13,13,2,1403
18.0,13,13,3,1408
18.0,13,13,4,1412
18.0,13,13,5,1416
18.0,13,13,6,1421
18.0,13,13,7,1425
18.0,13,13,8,1430
18.0,13,13,9,1434
18.0,13,13,10,1438
18.0,13,13,11,1443
18.0,13,13,12,1447
18.0,13,13,13,1451
18.0,13,13,14,1456
18.0,13,13,15,1460
18.0,13,14,0,1398
18.0,13,14,1,1403
18.0,13,14,2,1407
18.0,13,14,3,1412
18.0,13,14,4,1416
18.0,13,14,5,1421
18.0,13,14,6,1425
18.0,13,14,7,1430
18.0,13,14,8,1434
18.0,13,14,9,1438
18.0,13,14,10,1443
18.0,13,14,11,1447
18.0,13,14,12,1452
18.0,13,14,13,1456
18.0,13,14,14,1460
18.0,13,14,15,1465
18.0,13,15,0,1403
18.0,13,15,1,1407
18.0,13,15,2,1412
18.0,13,15,3,1416
18.0,13,15,4,1421
18.0,13,15,5,1425
18.0,13,15,6,1430
18.0,13,15,7,1434
18.0,13,15,8,1438
18.0,13,15,9,1443
18.0,13,15,10,1447
18.0,13,15,11,1452
18.0,13,15,12,1456
18.0,13,15,13,1460
18.0,13,15,14,1465
18.0,13,15,15,1469
18.0,14,0,0,1342
18.0,14,0,1,1346
18.0,14,0,2,1351
18.0,14,0,3,1355
18.0,14,0,4,1359
18.0,14,0,5,1363
18.0,14,0,6,1368
18.0,14,0,7,1372
18.0,14,0,8,1376
18.0,14,0,9,1380
18.0,14,0,10,1385
18.0,14,0,11,1389
18.0,14,0,12,1393
18.0,14,0,13,1397
18.0,14,0,14,1401
18.0,14,0,15,1405
18.0,14,1,0,1346
18.0,14,1,1,1351
18.0,14,1,2,1355
18.0,14,1,3,1359
18.0,14,1,4,1364
18.0,14,1,5,1368
18.0,14,1,6,1372
18.0,14,1,7,1376
18.0,14,1,8,1381
18.0,14,1,9,1385
18.0,14,1,10,1389
18.0,14,1,11,1393
18.0,14,1,12,1398
18.0,14,1,13,1402
18.0,14,1,14,1406
18.0,14,1,15,1410
18.0,14,2,0,1351
18.0,14,2,1,1355
18.0,14,2,2,1360
18.0,14,2,3,1364
18.0,14,2,4,1368
18.0,14,2,5,1373
18.0,14,2,6,1377
18.0,14,2,7,1381
18.0,14,2,8,1385
18.0,14,2,9,1390
18.0,14,2,10,1394
18.0,14,2,11,1398
18.0,14,2,12,1402
18.0,14,2,13,1406
18.0,14,2,14,1411
18.0,14,2,15,1415
18.0,14,3,0,1355
18.0,14,3,1,1360
18.0,14,3,2,1364
18.0,14,3,3,1368
18.0,14,3,4,1373
18.0,14,3,5,1377
18.0,14,3,6,1381
18.0,14,3,7,1386
18.0,14,3,8,1390
18.0,14,3,9,1394
18.0,14,3,10,1398
18.0,14,3,11,1403
18.0,14,3,12,1407
18.0,14,3,13,1411
18.0,14,3,14,1415
18.0,14,3,15,1419
18.0,14,4,0,1360
18.0,14,4,1,1364
18.0,14,4,2,1369
18.0,14,4,3,1373
18.0,14,4,4,1377
18.0,14,4,5,1382
18.0,14,4,6,1386
18.0,14,4,7,1390
18.0,14,4,8,1394
18.0,14,4,9,1399
18.0,14,4,10,1403
18.0,14,4,11,1407
18.0,14,4,12,1411
18.0,14,4,13,1416
18.0,14,4,14,1420
18.0,14,4,15,1424
18.0,14,5,0,1364
18.0,14,5,1,1369
18.0,14,5,2,1373
18.0,14,5,3,1377
18.0,14,5,4,1382
18.0,14,5,5,1386
18.0,14,5,6,1390
18.0,14,5,7,1395
18.0,14,5,8,1399
18.0,14,5,9,1403
18.0,14,5,10,1408
18.0,14,5,11,1412
18.0,14,5,12,1416
18.0,14,5,13,1420
18.0,14,5,14,1425
18.0,14,5,15,1429
18.0,14,6,0,1369
18.0,14,6,1,1373
18.0,14,6,2,1377
18.0,14,6,3,1382
18.0,14,6,4,1386
18.0,14,6,5,1391
18.0,14,6,6,1395
18.0,14,6,7,1399
18.0,14,6,8,1404
18.0,14,6,9,1408
18.0,14,6,10,1412
18.0,14,6,11,1416
18.0,14,6,12,1421
18.0,14,6,13,1425
18.0,14,6,14,1429
18.0,14,6,15,1433
18.0,14,7,0,1373
18.0,14,7,1,1377
18.0,14,7,2,1382
18.0,14,7,3,1386
18.0,14,7,4,1391
18.0,14,7,5,1395
18.0,14,7,6,1399
18.0,14,7,7,1404
18.0,14,7,8,1408
18.0,14,7,9,1412
18.0,14,7,10,1417
18.0,14,7,11,1421
18.0,14,7,12,1425
18.0,14,7,13,1430
18.0,14,7,14,1434
18.0,14,7,15,1438
18.0,14,8,0,1377
18.0,14,8,1,1382
18.0,14,8,2,1386
18.0,14,8,3,1391
18.0,14,8,4,1395
18.0,14,8,5,1400
18.0,14,8,6,1404
18.0,14,8,7,1408
18.0,14,8,8,1413
18.0,14,8,9,1417
18.0,14,8,10,1421
18.0,14,8,11,1426
18.0,14,8,12,1430
18.0,14,8,13,1434
18.0,14,8,14,1438
18.0,14,8,15,1443
18.0,14,9,0,1382
18.0,14,9,1,1386
18.0,14,9,2,1391
18.0,14,9,3,1395
18.0,14,9,4,1400
18.0,14,9,5,1404
18.0,14,9,6,1408
18.0,14,9,7,1413
18.0,14,9,8,1417
18.0,14,9,9,1421
18.0,14,9,10,1426
18.0,14,9,11,1430
18.0,14,9,12,1434
18.0,14,9,13,1439
18.0,14,9,14,1443
18.0,14,9,15,1447
18.0,14,10,0,1386
18.0,14,10,1,1391
18.0,14,10,2,1395
18.0,14,10,3,1400
18.0,14,10,4,1404
18.0,14,10,5,1408
18.0,14,10,6,1413
18.0,14,10,7,1417
18.0,14,10,8,1422
18.0,14,10,9,1426
18.0,14,10,10,1430
18.0,14,10,11,1435
18.0,14,10,12,1439
18.0,14,10,13,1443
18.0,14,10,14,1447
18.0,14,10,15,1452
18.0,14,11,0,1391
18.0,14,11,1,1395
18.0,14,11,2,1400
18.0,14,11,3,1404
18.0,14,11,4,1408
18.0,14,11,5,1413
18.0,14,11,6,1417
18.0,14,11,7,1422
18.0,14,11,8,1426
18.0,14,11,9,1430
18.0,14,11,10,1435
18.0,14,11,11,1439
18.0,14,11,12,1443
18.0,14,11,13,1448
18.0,14,11,14,1452
18.0,14,11,15,1456
18.0,14,12,0,1395
18.0,14,12,1,1399
18.0,14,12,2,1404
18.0,14,12,3,1408
18.0,14,12,4,1413
18.0,14,12,5,1417
18.0,14,12,6,1422
18.0,14,12,7,1426
18.0,14,12,8,1430
18.0,14,12,9,1435
18.0,14,12,10,1439
18.0,14,12,11,1444
18.0,14,12,12,1448
18.0,14,12,13,1452
18.0,14,12,14,1457
18.0,14,12,15,1461
18.0,14,13,0,1399
18.0,14,13,1,1404
18.0,14,13,2,1408
18.0,14,13,3,1413
18.0,14,13,4,1417
18.0,14,13,5,1422
18.0,14,13,6,1426
18.0,14,13,7,1430
18.0,14,13,8,1435
18.0,14,13,9,1439
18.0,14,13,10,1444
18.0,14,13,11,1448
18.0,14,13,12,1452
18.0,14,13,13,1457
18.0,14,13,14,1461
18.0,14,13,15,1465
18.0,14,14,0,1404
18.0,14,14,1,1408
18.0,14,14,2,1413
18.0,14,14,3,1417
18.0,14,14,4,1422
18.0,14,14,5,1426
18.0,14,14,6,1430
18.0,14,14,7,1435
18.0,14,14,8,1439
18.0,14,14,9,1444
18.0,14,14,10,1448
18.0,14,14,11,1453
18.0,14,14,12,1457
18.0,14,14,13,1461
18.0,14,14,14,1466
18.0,14,14,15,1470
18.0,14,15,0,1408
18.0,14,15,1,1412
18.0,14,15,2,1417
18.0,14,15,3,1421
18.0,14,15,4,1426
18.0,14,15,5,1430
18.0,14,15,6,1435
18.0,14,15,7,1439
18.0,14,15,8,1444
18.0,14,15,9,1448
18.0,14,15,10,1453
18.0,14,15,11,1457
18.0,14,15,12,1461
18.0,14,15,13,1466
18.0,14,15,14,1470
18.0,14,15,15,1474
18.0,15,0,0,1347
18.0,15,0,1,1351
18.0,15,0,2,1355
18.0,15,0,3,1360
18.0,15,0,4,1364
18.0,15,0,5,1368
18.0,15,0,6,1373
18.0,15,0,7,1377
18.0,15,0,8,1381
18.0,15,0,9,1385
18.0,15,0,10,1390
18.0,15,0,11,1394
18.0,15,0,12,1398
18.0,15,0,13,1402
18.0,15,0,14,1406
18.0,15,0,15,1410
18.0,15,1,0,1351
18.0,15,1,1,1356
18.0,15,1,2,1360
18.0,15,1,3,1364
18.0,15,1,4,1369
18.0,15,1,5,1373
18.0,15,1,6,1377
18.0,15,1,7,1381
18.0,15,1,8,1386
18.0,15,1,9,1390
18.0,15,1,10,1394
18.0,15,1,11,1398
18.0,15,1,12,1403
18.0,15,1,13,1407
18.0,15,1,14,1411
18.0,15,1,15,1415
18.0,15,2,0,1356
18.0,15,2,1,1360
18.0,15,2,2,1365
18.0,15,2,3,1369
18.0,15,2,4,1373
18.0,15,2,5,1377
18.0,15,2,6,1382
18.0,15,2,7,1386
18.0,15,2,8,1390
18.0,15,2,9,1395
18.0,15,2,10,1399
18.0,15,2,11,1403
18.0,15,2,12,1407
18.0,15,2,13,1412
18.0,15,2,14,1416
18.0,15,2,15,1420
18.0,15,3,0,1360
18.0,15,3,1,1365
18.0,15,3,2,1369
18.0,15,3,3,1373
18.0,15,3,4,1378
18.0,15,3,5,1382
18.0,15,3,6,1386
18.0,15,3,7,1391
18.0,15,3,8,1395
18.0,15,3,9,1399
18.0,15,3,10,1403
18.0,15,3,11,1408
18.0,15,3,12,1412
18.0,15,3,13,1416
18.0,15,3,14,1420
18.0,15,3,15,1425
18.0,15,4,0,1365
18.0,15,4,1,1369
18.0,15,4,2,1374
18.0,15,4,3,1378
18.0,15,4,4,1382
18.0,15,4,5,1387
18.0,15,4,6,1391
18.0,15,4,7,1395
18.0,15,4,8,1400
18.0,15,4,9,1404
18.0,15,4,10,1408
18.0,15,4,11,1412
18.0,15,4,12,1417
18.0,15,4,13,1421
18.0,15,4,14,1425
18.0,15,4,15,1429
18.0,15,5,0,1369
18.0,15,5,1,1374
18.0,15,5,2,1378
18.0,15,5,3,1382
18.0,15,5,4,1387
18.0,15,5,5,1391
18.0,15,5,6,1395
18.0,15,5,7,1400
18.0,15,5,8,1404
18.0,15,5,9,1408
18.0,15,5,10,1413
18.0,15,5,11,1417
18.0,15,5,12,1421
18.0,15,5,13,1425
18.0,15,5,14,1430
18.0,15,5,15,1434
18.0,15,6,0,1374
18.0,15,6,1,1378
18.0,15,6,2,1382
18.0,15,6,3,1387
18.0,15,6,4,1391
18.0,15,6,5,1396
18.0,15,6,6,1400
18.0,15,6,7,1404
18.0,15,6,8,1409
18.0,15,6,9,1413
18.0,15,6,10,1417
18.0,15,6,11,1422
18.0,15,6,12,1426
18.0,15,6,13,1430
18.0,15,6,14,1434
18.0,15,6,15,1439
18.0,15,7,0,1378
18.0,15,7,1,1383
18.0,15,7,2,1387
18.0,15,7,3,1391
18.0,15,7,4,1396
18.0,15,7,5,1400
18.0,15,7,6,1404
18.0,15,7,7,1409
18.0,15,7,8,1413
18.0,15,7,9,1418
18.0,15,7,10,1422
18.0,15,7,11,1426
18.0,15,7,12,1430
18.0,15,7,13,1435
18.0,15,7,14,1439
18.0,15,7,15,1443
18.0,15,8,0,1382
18.0,15,8,1,1387
18.0,15,8,2,1391
18.0,15,8,3,1396
18.0,15,8,4,1400
18.0,15,8,5,1405
18.0,15,8,6,1409
18.0,15,8,7,1413
18.0,15,8,8,1418
18.0,15,8,9,1422
18.0,15,8,10,1426
18.0,15,8,11,1431
18.0,15,8,12,1435
18.0,15,8,13,1439
18.0,15,8,14,1444
18.0,15,8,15,1448
18.0,15,9,0,1387
18.0,15,9,1,1391
18.0,15,9,2,1396
18.0,15,9,3,1400
18.0,15,9,4,1405
18.0,15,9,5,1409
18.0,15,9,6,1413
18.0,15,9,7,1418
18.0,15,9,8,1422
18.0,15,9,9,1427
18.0,15,9,10,1431
18.0,15,9,11,1435
18.0,15,9,12,1440
18.0,15,9,13,1444
18.0,15,9,14,1448
18.0,15,9,15,1452
18.0,15,10,0,1391
18.0,15,10,1,1396
18.0,15,10,2,1400
18.0,15,10,3,1405
18.0,15,10,4,1409
18.0,15,10,5,1414
18.0,15,10,6,1418
18.0,15,10,7,1422
18.0,15,10,8,1427
18.0,15,10,9,1431
18.0,15,10,10,1435
18.0,15,10,11,1440
18.0,15,10,12,1444
18.0,15,10,13,1448
18.0,15,10,14,1453
18.0,15,10,15,1457
18.0,15,11,0,1396
18.0,15,11,1,1400
18.0,15,11,2,1405
18.0,15,11,3,1409
18.0,15,11,4,1414
18.0,15,11,5,1418
18.0,15,11,6,1422
18.0,15,11,7,1427
18.0,15,11,8,1431
18.0,15,11,9,1436
18.0,15,11,10,1440
18.0,15,11,11,1444
18.0,15,11,12,1449
18.0,15,11,13,1453
18.0,15,11,14,1457
18.0,15,11,15,1462
18.0,15,12,0,1400
18.0,15,12,1,1404
18.0,15,12,2,1409
18.0,15,12,3,1413
18.0,15,12,4,1418
18.0,15,12,5,1422
18.0,15,12,6,1427
18.0,15,12,7,1431
18.0,15,12,8,1436
18.0,15,12,9,1440
18.0,15,12,10,1444
18.0,15,12,11,1449
18.0,15,12,12,1453
18.0,15,12,13,1458
18.0,15,12,14,1462
18.0,15,12,15,1466
18.0,15,13,0,1404
18.0,15,13,1,1409
18.0,15,13,2,1413
18.0,15,13,3,1418
18.0,15,13,4,1422
18.0,15,13,5,1427
18.0,15,13,6,1431
18.0,15,13,7,1436
18.0,15,13,8,1440
18.0,15,13,9,1445
18.0,15,13,10,1449
18.0,15,13,11,1453
18.0,15,13,12,1458
18.0,15,13,13,1462
18.0,15,13,14,1466
18.0,15,13,15,1471
18.0,15,14,0,1409
18.0,15,14,1,1413
18.0,15,14,2,1418
18.0,15,14,3,1422
18.0,15,14,4,1427
18.0,15,14,5,1431
18.0,15,14,6,1436
18.0,15,14,7,1440
18.0,15,14,8,1445
18.0,15,14,9,1449
18.0,15,14,10,1453
18.0,15,14,11,1458
18.0,15,14,12,1462
18.0,15,14,13,1467
18.0,15,14,14,1471
18.0,15,14,15,1475
18.0,15,15,0,1413
18.0,15,15,1,1418
18.0,15,15,2,1422
18.0,15,15,3,1427
18.0,15,15,4,1431
18.0,15,15,5,1436
18.0,15,15,6,1440
18.0,15,15,7,1445
18.0,15,15,8,1449
18.0,15,15,9,1453
18.0,15,15,10,1458
18.0,15,15,11,1462
18.0,15,15,12,1467
18.0,15,15,13,1471
18.0,15,15,14,1475
18.0,15,15,15,1480
18.5,0,0,0,1309
18.5,0,0,1,1313
18.5,0,0,2,1317
18.5,0,0,3,1322
18.5,0,0,4,1326
18.5,0,0,5,1330
18.5,0,0,6,1334
18.5,0,0,7,1338
18.5,0,0,8,1342
18.5,0,0,9,1346
18.5,0,0,10,1351
18.5,0,0,11,1355
18.5,0,0,12,1359
18.5,0,0,13,1363
18.5,0,0,14,1367
18.5,0,0,15,1371
18.5,0,1,0,1313
18.5,0,1,1,1318
18.5,0,1,2,1322
18.5,0,1,3,1326
18.5,0,1,4,1330
18.5,0,1,5,1334
18.5,0,1,6,1339
18.5,0,1,7,1343
18.5,0,1,8,1347
18.5,0,1,9,1351
18.5,0,1,10,1355
18.5,0,1,11,1359
18.5,0,1,12,1363
18.5,0,1,13,1367
18.5,0,1,14,1371
18.5,0,1,15,1375
18.5,0,2,0,1318
18.5,0,2,1,1322
18.5,0,2,2,1326
18.5,0,2,3,1330
18.5,0,2,4,1335
18.5,0,2,5,1339
18.5,0,2,6,1343
18.5,0,2,7,1347
18.5,0,2,8,1351
18.5,0,2,9,1355
18.5,0,2,10,1360
18.5,0,2,11,1364
18.5,0,2,12,1368
18.5,0,2,13,1372
18.5,0,2,14,1376
18.5,0,2,15,1380
18.5,0,3,0,1322
18.5,0,3,1,1326
18.5,0,3,2,1331
18.5,0,3,3,1335
18.5,0,3,4,1339
18.5,0,3,5,1343
18.5,0,3,6,1347
18.5,0,3,7,1352
18.5,0,3,8,1356
18.5,0,3,9,1360
18.5,0,3,10,1364
18.5,0,3,11,1368
18.5,0,3,12,1372
18.5,0,3,13,1376
18.5,0,3,14,1380
18.5,0,3,15,1385
18.5,0,4,0,1326
18.5,0,4,1,1331
18.5,0,4,2,1335
18.5,0,4,3,1339
18.5,0,4,4,1343
18.5,0,4,5,1348
18.5,0,4,6,1352
18.5,0,4,7,1356
18.5,0,4,8,1360
18.5,0,4,9,1364
18.5,0,4,10,1369
18.5,0,4,11,1373
18.5,0,4,12,1377
18.5,0,4,13,1381
18.5,0,4,14,1385
18.5,0,4,15,1389
18.5,0,5,0,1331
18.5,0,5,1,1335
18.5,0,5,2,1339
18.5,0,5,3,1344
18.5,0,5,4,1348
18.5,0,5,5,1352
18.5,0,5,6,1356
18.5,0,5,7,1360
18.5,0,5,8,1365
18.5,0,5,9,1369
18.5,0,5,10,1373
18.5,0,5,11,1377
18.5,0,5,12,1381
18.5,0,5,13,1385
18.5,0,5,14,1390
18.5,0,5,15,1394
18.5,0,6,0,1335
18.5,0,6,1,1339
18.5,0,6,2,1344
18.5,0,6,3,1348
18.5,0,6,4,1352
18.5,0,6,5,1356
18.5,0,6,6,1361
18.5,0,6,7,1365
18.5,0,6,8,1369
18.5,0,6,9,1373
18.5,0,6,10,1377
18.5,0,6,11,1382
18.5,0,6,12,1386
18.5,0,6,13,1390
18.5,0,6,14,1394
18.5,0,6,15,1398
18.5,0,7,0,1339
18.5,0,7,1,1344
18.5,0,7,2,1348
18.5,0,7,3,1352
18.5,0,7,4,1357
18.5,0,7,5,1361
18.5,0,7,6,1365
18.5,0,7,7,1369
18.5,0,7,8,1373
18.5,0,7,9,1378
18.5,0,7,10,1382
18.5,0,7,11,1386
18.5,0,7,12,1390
18.5,0,7,13,1394
18.5,0,7,14,1399
18.5,0,7,15,1403
18.5,0,8,0,1344
18.5,0,8,1,1348
18.5,0,8,2,1352
18.5,0,8,3,1357
18.5,0,8,4,1361
18.5,0,8,5,1365
18.5,0,8,6,1369
18.5,0,8,7,1374
18.5,0,8,8,1378
18.5,0,8,9,1382
18.5,0,8,10,1386
18.5,0,8,11,1391
18.5,0,8,12,1395
18.5,0,8,13,1399
18.5,0,8,14,1403
18.5,0,8,15,1407
18.5,0,9,0,1348
18.5,0,9,1,1352
18.5,0,9,2,1357
18.5,0,9,3,1361
18.5,0,9,4,1365
18.5,0,9,5,1369
18.5,0,9,6,1374
18.5,0,9,7,1378
18.5,0,9,8,1382
18.5,0,9,9,1386
18.5,0,9,10,1391
18.5,0,9,11,1395
18.5,0,9,12,1399
18.5,0,9,13,1403
18.5,0,9,14,1407
18.5,0,9,15,1412
18.5,0,10,0,1352
18.5,0,10,1,1357
18.5,0,10,2,1361
18.5,0,10,3,1365
18.5,0,10,4,1370
18.5,0,10,5,1374
18.5,0,10,6,1378
18.5,0,10,7,1382
18.5,0,10,8,1387
18.5,0,10,9,1391
18.5,0,10,10,1395
18.5,0,10,11,1399
18.5,0,10,12,1404
18.5,0,10,13,1408
18.5,0,10,14,1412
18.5,0,10,15,1416
18.5,0,11,0,1356
18.5,0,11,1,1361
18.5,0,11,2,1365
18.5,0,11,3,1369
18.5,0,11,4,1374
18.5,0,11,5,1378
18.5,0,11,6,1382
18.5,0,11,7,1387
18.5,0,11,8,1391
18.5,0,11,9,1395
18.5,0,11,10,1399
18.5,0,11,11,1404
18.5,0,11,12,1408
18.5,0,11,13,1412
18.5,0,11,14,1416
18.5,0,11,15,1421
18.5,0,12,0,1361
18.5,0,12,1,1365
18.5,0,12,2,1369
18.5,0,12,3,1374
18.5,0,12,4,1378
18.5,0,12,5,1382
18.5,0,12,6,1387
18.5,0,12,7,1391
18.5,0,12,8,1395
18.5,0,12,9,1400
18.5,0,12,10,1404
18.5,0,12,11,1408
18.5,0,12,12,1412
18.5,0,12,13,1417
18.5,0,12,14,1421
18.5,0,12,15,1425
18.5,0,13,0,1365
18.5,0,13,1,1369
18.5,0,13,2,1374
18.5,0,13,3,1378
18.5,0,13,4,1382
18.5,0,13,5,1387
18.5,0,13,6,1391
18.5,0,13,7,1395
18.5,0,13,8,1400
18.5,0,13,9,1404
18.5,0,13,10,1408
18.5,0,13,11,1412
18.5,0,13,12,1417
18.5,0,13,13,1421
18.5,0,13,14,1425
18.5,0,13,15,1429
18.5,0,14,0,1369
18.5,0,14,1,1373
18.5,0,14,2,1378
18.5,0,14,3,1382
18.5,0,14,4,1387
18.5,0,14,5,1391
18.5,0,14,6,1395
18.5,0,14,7,1400
18.5,0,14,8,1404
18.5,0,14,9,1408
18.5,0,14,10,1413
18.5,0,14,11,1417
18.5,0,14,12,1421
18.5,0,14,13,1425
18.5,0,14,14,1430
18.5,0,14,15,1434
18.5,0,15,0,1373
18.5,0,15,1,1378
18.5,0,15,2,1382
18.5,0,15,3,1386
18.5,0,15,4,1391
18.5,0,15,5,1395
18.5,0,15,6,1400
18.5,0,15,7,1404
18.5,0,15,8,1408
18.5,0,15,9,1413
18.5,0,15,10,1417
18.5,0,15,11,1421
18.5,0,15,12,1425
18.5,0,15,13,1430
18.5,0,15,14,1434
18.5,0,15,15,1438
18.5,1,0,0,1314
18.5,1,0,1,1318
18.5,1,0,2,1322
18.5,1,0,3,1327
18.5,1,0,4,1331
18.5,1,0,5,1335
18.5,1,0,6,1339
18.5,1,0,7,1343
18.5,1,0,8,1347
18.5,1,0,9,1352
18.5,1,0,10,1356
18.5,1,0,11,1360
18.5,1,0,12,1364
18.5,1,0,13,1368
18.5,1,0,14,1372
18.5,1,0,15,1376
18.5,1,1,0,1318
18.5,1,1,1,1323
18.5,1,1,2,1327
18.5,1,1,3,1331
18.5,1,1,4,1335
18.5,1,1,5,1339
18.5,1,1,6,1344
18.5,1,1,7,1348
18.5,1,1,8,1352
18.5,1,1,9,1356
18.5,1,1,10,1360
18.5,1,1,11,1364
18.5,1,1,12,1368
18.5,1,1,13,1373
18.5,1,1,14,1377
18.5,1,1,15,1381
18.5,1,2,0,1323
18.5,1,2,1,1327
18.5,1,2,2,1331
18.5,1,2,3,1335
18.5,1,2,4,1340
18.5,1,2,5,1344
18.5,1,2,6,1348
18.5,1,2,7,1352
18.5,1,2,8,1356
18.5,1,2,9,1361
18.5,1,2,10,1365
18.5,1,2,11,1369
18.5,1,2,12,1373
18.5,1,2,13,1377
18.5,1,2,14,1381
18.5,1,2,15,1385
18.5,1,3,0,1327
18.5,1,3,1,1331
18.5,1,3,2,1336
18.5,1,3,3,1340
18.5,1,3,4,1344
18.5,1,3,5,1348
18.5,1,3,6,1353
18.5,1,3,7,1357
18.5,1,3,8,1361
18.5,1,3,9,1365
18.5,1,3,10,1369
18.5,1,3,11,1373
18.5,1,3,12,1378
18.5,1,3,13,1382
18.5,1,3,14,1386
18.5,1,3,15,1390
18.5,1,4,0,1331
18.5,1,4,1,1336
18.5,1,4,2,1340
18.5,1,4,3,1344
18.5,1,4,4,1349
18.5,1,4,5,1353
18.5,1,4,6,1357
18.5,1,4,7,1361
18.5,1,4,8,1365
18.5,1,4,9,1370
18.5,1,4,10,1374
18.5,1,4,11,1378
18.5,1,4,12,1382
18.5,1,4,13,1386
18.5,1,4,14,1390
18.5,1,4,15,1394
18.5,1,5,0,1336
18.5,1,5,1,1340
18.5,1,5,2,1344
18.5,1,5,3,1349
18.5,1,5,4,1353
18.5,1,5,5,1357
18.5,1,5,6,1361
18.5,1,5,7,1366
18.5,1,5,8,1370
18.5,1,5,9,1374
18.5,1,5,10,1378
18.5,1,5,11,1382
18.5,1,5,12,1387
18.5,1,5,13,1391
18.5,1,5,14,1395
18.5,1,5,15,1399
18.5,1,6,0,1340
18.5,1,6,1,1344
18.5,1,6,2,1349
18.5,1,6,3,1353
18.5,1,6,4,1357
18.5,1,6,5,1362
18.5,1,6,6,1366
18.5,1,6,7,1370
18.5,1,6,8,1374
18.5,1,6,9,1379
18.5,1,6,10,1383
18.5,1,6,11,1387
18.5,1,6,12,1391
18.5,1,6,13,1395
18.5,1,6,14,1399
18.5,1,6,15,1404
18.5,1,7,0,1344
18.5,1,7,1,1349
18.5,1,7,2,1353
18.5,1,7,3,1357
18.5,1,7,4,1362
18.5,1,7,5,1366
18.5,1,7,6,1370
18.5,1,7,7,1375
18.5,1,7,8,1379
18.5,1,7,9,1383
18.5,1,7,10,1387
18.5,1,7,11,1391
18.5,1,7,12,1396
18.5,1,7,13,1400
18.5,1,7,14,1404
18.5,1,7,15,1408
18.5,1,8,0,1349
18.5,1,8,1,1353
18.5,1,8,2,1357
18.5,1,8,3,1362
18.5,1,8,4,1366
18.5,1,8,5,1370
18.5,1,8,6,1375
18.5,1,8,7,1379
18.5,1,8,8,1383
18.5,1,8,9,1387
18.5,1,8,10,1392
18.5,1,8,11,1396
18.5,1,8,12,1400
18.5,1,8,13,1404
18.5,1,8,14,1408
18.5,1,8,15,1413
18.5,1,9,0,1353
18.5,1,9,1,1357
18.5,1,9,2,1362
18.5,1,9,3,1366
18.5,1,9,4,1370
18.5,1,9,5,1375
18.5,1,9,6,1379
18.5,1,9,7,1383
18.5,1,9,8,1388
18.5,1,9,9,1392
18.5,1,9,10,1396
18.5,1,9,11,1400
18.5,1,9,12,1404
18.5,1,9,13,1409
18.5,1,9,14,1413
18.5,1,9,15,1417
18.5,1,10,0,1357
18.5,1,10,1,1362
18.5,1,10,2,1366
18.5,1,10,3,1370
18.5,1,10,4,1375
18.5,1,10,5,1379
18.5,1,10,6,1383
18.5,1,10,7,1388
18.5,1,10,8,1392
18.5,1,10,9,1396
18.5,1,10,10,1400
18.5,1,10,11,1405
18.5,1,10,12,1409
18.5,1,10,13,1413
18.5,1,10,14,1417
18.5,1,10,15,1422
18.5,1,11,0,1362
18.5,1,11,1,1366
18.5,1,11,2,1370
18.5,1,11,3,1375
18.5,1,11,4,1379
18.5,1,11,5,1383
18.5,1,11,6,1388
18.5,1,11,7,1392
18.5,1,11,8,1396
18.5,1,11,9,1401
18.5,1,11,10,1405
18.5,1,11,11,1409
18.5,1,11,12,1413
18.5,1,11,13,1418
18.5,1,11,14,1422
18.5,1,11,15,1426
18.5,1,12,0,1366
18.5,1,12,1,1370
18.5,1,12,2,1375
18.5,1,12,3,1379
18.5,1,12,4,1383
18.5,1,12,5,1388
18.5,1,12,6,1392
18.5,1,12,7,1396
18.5,1,12,8,1401
18.5,1,12,9,1405
18.5,1,12,10,1409
18.5,1,12,11,1414
18.5,1,12,12,1418
18.5,1,12,13,1422
18.5,1,12,14,1426
18.5,1,12,15,1430
18.5,1,13,0,1370
18.5,1,13,1,1375
18.5,1,13,2,1379
18.5,1,13,3,1383
18.5,1,13,4,1388
18.5,1,13,5,1392
18.5,1,13,6,1396
18.5,1,13,7,1401
18.5,1,13,8,1405
18.5,1,13,9,1409
18.5,1,13,10,1414
18.5,1,13,11,1418
18.5,1,13,12,1422
18.5,1,13,13,1426
18.5,1,13,14,1431
18.5,1,13,15,1435
18.5,1,14,0,1374
18.5,1,14,1,1379
18.5,1,14,2,1383
18.5,1,14,3,1388
18.5,1,14,4,1392
18.5,1,14,5,1396
18.5,1,14,6,1401
18.5,1,14,7,1405
18.5,1,14,8,1409
18.5,1,14,9,1414
18.5,1,14,10,1418
18.5,1,14,11,1422
18.5,1,14,12,1427
18.5,1,14,13,1431
18.5,1,14,14,1435
18.5,1,14,15,1439
18.5,1,15,0,1379
18.5,1,15,1,1383
18.5,1,15,2,1387
18.5,1,15,3,1392
18.5,1,15,4,1396
18.5,1,15,5,1401
18.5,1,15,6,1405
18.5,1,15,7,1409
18.5,1,15,8,1414
18.5,1,15,9,1418
18.5,1,15,10,1422
18.5,1,15,11,1427
18.5,1,15,12,1431
18.5,1,15,13,1435
18.5,1,15,14,1439
18.5,1,15,15,1444
18.5,2,0,0,1319
18.5,2,0,1,1323
18.5,2,0,2,1327
18.5,2,0,3,1332
18.5,2,0,4,1336
18.5,2,0,5,1340
18.5,2,0,6,1344
18.5,2,0,7,1348
18.5,2,0,8,1353
18.5,2,0,9,1357
18.5,2,0,10,1361
18.5,2,0,11,1365
18.5,2,0,12,1369
18.5,2,0,13,1373
18.5,2,0,14,1377
18.5,2,0,15,1381
18.5,2,1,0,1323
18.5,2,1,1,1328
18.5,2,1,2,1332
18.5,2,1,3,1336
18.5,2,1,4,1340
18.5,2,1,5,1345
18.5,2,1,6,1349
18.5,2,1,7,1353
18.5,2,1,8,1357
18.5,2,1,9,1361
18.5,2,1,10,1365
18.5,2,1,11,1370
18.5,2,1,12,1374
18.5,2,1,13,1378
18.5,2,1,14,1382
18.5,2,1,15,1386
18.5,2,2,0,1328
18.5,2,2,1,1332
18.5,2,2,2,1336
18.5,2,2,3,1341
18.5,2,2,4,1345
18.5,2,2,5,1349
18.5,2,2,6,1353
18.5,2,2,7,1357
18.5,2,2,8,1362
18.5,2,2,9,1366
18.5,2,2,10,1370
18.5,2,2,11,1374
18.5,2,2,12,1378
18.5,2,2,13,1382
18.5,2,2,14,1386
18.5,2,2,15,1391
18.5,2,3,0,1332
18.5,2,3,1,1336
18.5,2,3,2,1341
18.5,2,3,3,1345
18.5,2,3,4,1349
18.5,2,3,5,1354
18.5,2,3,6,1358
18.5,2,3,7,1362
18.5,2,3,8,1366
18.5,2,3,9,1370
18.5,2,3,10,1375
18.5,2,3,11,1379
18.5,2,3,12,1383
18.5,2,3,13,1387
18.5,2,3,14,1391
18.5,2,3,15,1395
18.5,2,4,0,1337
18.5,2,4,1,1341
18.5,2,4,2,1345
18.5,2,4,3,1349
18.5,2,4,4,1354
18.5,2,4,5,1358
18.5,2,4,6,1362
18.5,2,4,7,1366
18.5,2,4,8,1371
18.5,2,4,9,1375
18.5,2,4,10,1379
18.5,2,4,11,1383
18.5,2,4,12,1387
18.5,2,4,13,1392
18.5,2,4,14,1396
18.5,2,4,15,1400
18.5,2,5,0,1341
18.5,2,5,1,1345
18.5,2,5,2,1350
18.5,2,5,3,1354
18.5,2,5,4,1358
18.5,2,5,5,1362
18.5,2,5,6,1367
18.5,2,5,7,1371
18.5,2,5,8,1375
18.5,2,5,9,1379
18.5,2,5,10,1384
18.5,2,5,11,1388
18.5,2,5,12,1392
18.5,2,5,13,1396
18.5,2,5,14,1400
18.5,2,5,15,1404
18.5,2,6,0,1345
18.5,2,6,1,1350
18.5,2,6,2,1354
18.5,2,6,3,1358
18.5,2,6,4,1363
18.5,2,6,5,1367
18.5,2,6,6,1371
18.5,2,6,7,1375
18.5,2,6,8,1380
18.5,2,6,9,1384
18.5,2,6,10,1388
18.5,2,6,11,1392
18.5,2,6,12,1396
18.5,2,6,13,1401
18.5,2,6,14,1405
18.5,2,6,15,1409
18.5,2,7,0,1350
18.5,2,7,1,1354
18.5,2,7,2,1358
18.5,2,7,3,1363
18.5,2,7,4,1367
18.5,2,7,5,1371
18.5,2,7,6,1375
18.5,2,7,7,1380
18.5,2,7,8,1384
18.5,2,7,9,1388
18.5,2,7,10,1392
18.5,2,7,11,1397
18.5,2,7,12,1401
18.5,2,7,13,1405
18.5,2,7,14,1409
18.5,2,7,15,1413
18.5,2,8,0,1354
18.5,2,8,1,1358
18.5,2,8,2,1363
18.5,2,8,3,1367
18.5,2,8,4,1371
18.5,2,8,5,1376
18.5,2,8,6,1380
18.5,2,8,7,1384
18.5,2,8,8,1388
18.5,2,8,9,1393
18.5,2,8,10,1397
18.5,2,8,11,1401
18.5,2,8,12,1405
18.5,2,8,13,1410
18.5,2,8,14,1414
18.5,2,8,15,1418
18.5,2,9,0,1358
18.5,2,9,1,1363
18.5,2,9,2,1367
18.5,2,9,3,1371
18.5,2,9,4,1376
18.5,2,9,5,1380
18.5,2,9,6,1384
18.5,2,9,7,1389
18.5,2,9,8,1393
18.5,2,9,9,1397
18.5,2,9,10,1401
18.5,2,9,11,1406
18.5,2,9,12,1410
18.5,2,9,13,1414
18.5,2,9,14,1418
18.5,2,9,15,1422
18.5,2,10,0,1363
18.5,2,10,1,1367
18.5,2,10,2,1371
18.5,2,10,3,1376
18.5,2,10,4,1380
18.5,2,10,5,1384
18.5,2,10,6,1389
18.5,2,10,7,1393
18.5,2,10,8,1397
18.5,2,10,9,1402
18.5,2,10,10,1406
18.5,2,10,11,1410
18.5,2,10,12,1414
18.5,2,10,13,1419
18.5,2,10,14,1423
18.5,2,10,15,1427
18.5,2,11,0,1367
18.5,2,11,1,1371
18.5,2,11,2,1376
18.5,2,11,3,1380
18.5,2,11,4,1384
18.5,2,11,5,1389
18.5,2,11,6,1393
18.5,2,11,7,1397
18.5,2,11,8,1402
18.5,2,11,9,1406
18.5,2,11,10,1410
18.5,2,11,11,1414
18.5,2,11,12,1419
18.5,2,11,13,1423
18.5,2,11,14,1427
18.5,2,11,15,1431
18.5,2,12,0,1371
18.5,2,12,1,1375
18.5,2,12,2,1380
18.5,2,12,3,1384
18.5,2,12,4,1389
18.5,2,12,5,1393
18.5,2,12,6,1397
18.5,2,12,7,1402
18.5,2,12,8,1406
18.5,2,12,9,1410
18.5,2,12,10,1415
18.5,2,12,11,1419
18.5,2,12,12,1423
18.5,2,12,13,1427
18.5,2,12,14,1432
18.5,2,12,15,1436
18.5,2,13,0,1375
18.5,2,13,1,1380
18.5,2,13,2,1384
18.5,2,13,3,1389
18.5,2,13,4,1393
18.5,2,13,5,1397
18.5,2,13,6,1402
18.5,2,13,7,1406
18.5,2,13,8,1410
18.5,2,13,9,1415
18.5,2,13,10,1419
18.5,2,13,11,1423
18.5,2,13,12,1428
18.5,2,13,13,1432
18.5,2,13,14,1436
18.5,2,13,15,1440
18.5,2,14,0,1380
18.5,2,14,1,1384
18.5,2,14,2,1388
18.5,2,14,3,1393
18.5,2,14,4,1397
18.5,2,14,5,1402
18.5,2,14,6,1406
18.5,2,14,7,1410
18.5,2,14,8,1415
18.5,2,14,9,1419
18.5,2,14,10,1423
18.5,2,14,11,1428
18.5,2,14,12,1432
18.5,2,14,13,1436
18.5,2,14,14,1441
18.5,2,14,15,1445
18.5,2,15,0,1384
18.5,2,15,1,1388
18.5,2,15,2,1393
18.5,2,15,3,1397
18.5,2,15,4,1402
18.5,2,15,5,1406
18.5,2,15,6,1410
18.5,2,15,7,1415
18.5,2,15,8,1419
18.5,2,15,9,1423
18.5,2,15,10,1428
18.5,2,15,11,1432
18.5,2,15,12,1436
18.5,2,15,13,1441
18.5,2,15,14,1445
18.5,2,15,15,1449
18.5,3,0,0,1324
18.5,3,0,1,1328
18.5,3,0,2,1333
18.5,3,0,3,1337
18.5,3,0,4,1341
18.5,3,0,5,1345
18.5,3,0,6,1349
18.5,3,0,7,1354
18.5,3,0,8,1358
18.5,3,0,9,1362
18.5,3,0,10,1366
18.5,3,0,11,1370
18.5,3,0,12,1374
18.5,3,0,13,1378
18.5,3,0,14,1383
18.5,3,0,15,1387
18.5,3,1,0,1328
18.5,3,1,1,1333
18.5,3,1,2,1337
18.5,3,1,3,1341
18.5,3,1,4,1345
18.5,3,1,5,1350
18.5,3,1,6,1354
18.5,3,1,7,1358
18.5,3,1,8,1362
18.5,3,1,9,1366
18.5,3,1,10,1371
18.5,3,1,11,1375
18.5,3,1,12,1379
18.5,3,1,13,1383
18.5,3,1,14,1387
18.5,3,1,15,1391
18.5,3,2,0,1333
18.5,3,2,1,1337
18.5,3,2,2,1341
18.5,3,2,3,1346
18.5,3,2,4,1350
18.5,3,2,5,1354
18.5,3,2,6,1358
18.5,3,2,7,1363
18.5,3,2,8,1367
18.5,3,2,9,1371
18.5,3,2,10,1375
18.5,3,2,11,1379
18.5,3,2,12,1383
18.5,3,2,13,1388
18.5,3,2,14,1392
18.5,3,2,15,1396
18.5,3,3,0,1337
18.5,3,3,1,1342
18.5,3,3,2,1346
18.5,3,3,3,1350
18.5,3,3,4,1354
18.5,3,3,5,1359
18.5,3,3,6,1363
18.5,3,3,7,1367
18.5,3,3,8,1371
18.5,3,3,9,1376
18.5,3,3,10,1380
18.5,3,3,11,1384
18.5,3,3,12,1388
18.5,3,3,13,1392
18.5,3,3,14,1396
18.5,3,3,15,1400
18.5,3,4,0,1342
18.5,3,4,1,1346
18.5,3,4,2,1350
18.5,3,4,3,1355
18.5,3,4,4,1359
18.5,3,4,5,1363
18.5,3,4,6,1367
18.5,3,4,7,1372
18.5,3,4,8,1376
18.5,3,4,9,1380
18.5,3,4,10,1384
18.5,3,4,11,1388
18.5,3,4,12,1393
18.5,3,4,13,1397
18.5,3,4,14,1401
18.5,3,4,15,1405
18.5,3,5,0,1346
18.5,3,5,1,1350
18.5,3,5,2,1355
18.5,3,5,3,1359
18.5,3,5,4,1363
18.5,3,5,5,1368
18.5,3,5,6,1372
18.5,3,5,7,1376
18.5,3,5,8,1380
18.5,3,5,9,1385
18.5,3,5,10,1389
18.5,3,5,11,1393
18.5,3,5,12,1397
18.5,3,5,13,1401
18.5,3,5,14,1406
18.5,3,5,15,1410
18.5,3,6,0,1350
18.5,3,6,1,1355
18.5,3,6,2,1359
18.5,3,6,3,1363
18.5,3,6,4,1368
18.5,3,6,5,1372
18.5,3,6,6,1376
18.5,3,6,7,1381
18.5,3,6,8,1385
18.5,3,6,9,1389
18.5,3,6,10,1393
18.5,3,6,11,1398
18.5,3,6,12,1402
18.5,3,6,13,1406
18.5,3,6,14,1410
18.5,3,6,15,1414
18.5,3,7,0,1355
18.5,3,7,1,1359
18.5,3,7,2,1363
18.5,3,7,3,1368
18.5,3,7,4,1372
18.5,3,7,5,1376
18.5,3,7,6,1381
18.5,3,7,7,1385
18.5,3,7,8,1389
18.5,3,7,9,1394
18.5,3,7,10,1398
18.5,3,7,11,1402
18.5,3,7,12,1406
18.5,3,7,13,1410
18.5,3,7,14,1415
18.5,3,7,15,1419
18.5,3,8,0,1359
18.5,3,8,1,1363
18.5,3,8,2,1368
18.5,3,8,3,1372
18.5,3,8,4,1377
18.5,3,8,5,1381
18.5,3,8,6,1385
18.5,3,8,7,1389
18.5,3,8,8,1394
18.5,3,8,9,1398
18.5,3,8,10,1402
18.5,3,8,11,1406
18.5,3,8,12,1411
18.5,3,8,13,1415
18.5,3,8,14,1419
18.5,3,8,15,1423
18.5,3,9,0,1363
18.5,3,9,1,1368
18.5,3,9,2,1372
18.5,3,9,3,1377
18.5,3,9,4,1381
18.5,3,9,5,1385
18.5,3,9,6,1390
18.5,3,9,7,1394
18.5,3,9,8,1398
18.5,3,9,9,1402
18.5,3,9,10,1407
18.5,3,9,11,1411
18.5,3,9,12,1415
18.5,3,9,13,1419
18.5,3,9,14,1424
18.5,3,9,15,1428
18.5,3,10,0,1368
18.5,3,10,1,1372
18.5,3,10,2,1377
18.5,3,10,3,1381
18.5,3,10,4,1385
18.5,3,10,5,1390
18.5,3,10,6,1394
18.5,3,10,7,1398
18.5,3,10,8,1403
18.5,3,10,9,1407
18.5,3,10,10,1411
18.5,3,10,11,1415
18.5,3,10,12,1420
18.5,3,10,13,1424
18.5,3,10,14,1428
18.5,3,10,15,1432
18.5,3,11,0,1372
18.5,3,11,1,1376
18.5,3,11,2,1381
18.5,3,11,3,1385
18.5,3,11,4,1390
18.5,3,11,5,1394
18.5,3,11,6,1398
18.5,3,11,7,1403
18.5,3,11,8,1407
18.5,3,11,9,1411
18.5,3,11,10,1416
18.5,3,11,11,1420
18.5,3,11,12,1424
18.5,3,11,13,1428
18.5,3,11,14,1433
18.5,3,11,15,1437
18.5,3,12,0,1376
18.5,3,12,1,1381
18.5,3,12,2,1385
18.5,3,12,3,1390
18.5,3,12,4,1394
18.5,3,12,5,1398
18.5,3,12,6,1403
18.5,3,12,7,1407
18.5,3,12,8,1411
18.5,3,12,9,1416
18.5,3,12,10,1420
18.5,3,12,11,1424
18.5,3,12,12,1429
18.5,3,12,13,1433
18.5,3,12,14,1437
18.5,3,12,15,1441
18.5,3,13,0,1381
18.5,3,13,1,1385
18.5,3,13,2,1389
18.5,3,13,3,1394
18.5,3,13,4,1398
18.5,3,13,5,1403
18.5,3,13,6,1407
18.5,3,13,7,1411
18.5,3,13,8,1416
18.5,3,13,9,1420
18.5,3,13,10,1424
18.5,3,13,11,1429
18.5,3,13,12,1433
18.5,3,13,13,1437
18.5,3,13,14,1442
18.5,3,13,15,1446
18.5,3,14,0,1385
18.5,3,14,1,1389
18.5,3,14,2,1394
18.5,3,14,3,1398
18.5,3,14,4,1403
18.5,3,14,5,1407
18.5,3,14,6,1411
18.5,3,14,7,1416
18.5,3,14,8,1420
18.5,3,14,9,1424
18.5,3,14,10,1429
18.5,3,14,11,1433
18.5,3,14,12,1437
18.5,3,14,13,1442
18.5,3,14,14,1446
18.5,3,14,15,1450
18.5,3,15,0,1389
18.5,3,15,1,1394
18.5,3,15,2,1398
18.5,3,15,3,1402
18.5,3,15,4,1407
18.5,3,15,5,1411
18.5,3,15,6,1416
18.5,3,15,7,1420
18.5,3,15,8,1424
18.5,3,15,9,1429
18.5,3,15,10,1433
18.5,3,15,11,1438
18.5,3,15,12,1442
18.5,3,15,13,1446
18.5,3,15,14,1450
18.5,3,15,15,1455
18.5,4,0,0,1329
18.5,4,0,1,1333
18.5,4,0,2,1338
18.5,4,0,3,1342
18.5,4,0,4,1346
18.5,4,0,5,1350
18.5,4,0,6,1354
18.5,4,0,7,1359
18.5,4,0,8,1363
18.5,4,0,9,1367
18.5,4,0,10,1371
18.5,4,0,11,1375
18.5,4,0,12,1380
18.5,4,0,13,1384
18.5,4,0,14,1388
18.5,4,0,15,1392
18.5,4,1,0,1333
18.5,4,1,1,1338
18.5,4,1,2,1342
18.5,4,1,3,1346
18.5,4,1,4,1351
18.5,4,1,5,1355
18.5,4,1,6,1359
18.5,4,1,7,1363
18.5,4,1,8,1367
18.5,4,1,9,1372
18.5,4,1,10,1376
18.5,4,1,11,1380
18.5,4,1,12,1384
18.5,4,1,13,1388
18.5,4,1,14,1392
18.5,4,1,15,1397
18.5,4,2,0,1338
18.5,4,2,1,1342
18.5,4,2,2,1347
18.5,4,2,3,1351
18.5,4,2,4,1355
18.5,4,2,5,1359
18.5,4,2,6,1364
18.5,4,2,7,1368
18.5,4,2,8,1372
18.5,4,2,9,1376
18.5,4,2,10,1380
18.5,4,2,11,1385
18.5,4,2,12,1389
18.5,4,2,13,1393
18.5,4,2,14,1397
18.5,4,2,15,1401
18.5,4,3,0,1342
18.5,4,3,1,1347
18.5,4,3,2,1351
18.5,4,3,3,1355
18.5,4,3,4,1360
18.5,4,3,5,1364
18.5,4,3,6,1368
18.5,4,3,7,1372
18.5,4,3,8,1377
18.5,4,3,9,1381
18.5,4,3,10,1385
18.5,4,3,11,1389
18.5,4,3,12,1393
18.5,4,3,13,1397
18.5,4,3,14,1402
18.5,4,3,15,1406
18.5,4,4,0,1347
18.5,4,4,1,1351
18.5,4,4,2,1355
18.5,4,4,3,1360
18.5,4,4,4,1364
18.5,4,4,5,1368
18.5,4,4,6,1373
18.5,4,4,7,1377
18.5,4,4,8,1381
18.5,4,4,9,1385
18.5,4,4,10,1390
18.5,4,4,11,1394
18.5,4,4,12,1398
18.5,4,4,13,1402
18.5,4,4,14,1406
18.5,4,4,15,1410
18.5,4,5,0,1351
18.5,4,5,1,1355
18.5,4,5,2,1360
18.5,4,5,3,1364
18.5,4,5,4,1368
18.5,4,5,5,1373
18.5,4,5,6,1377
18.5,4,5,7,1381
18.5,4,5,8,1386
18.5,4,5,9,1390
18.5,4,5,10,1394
18.5,4,5,11,1398
18.5,4,5,12,1402
18.5,4,5,13,1407
18.5,4,5,14,1411
18.5,4,5,15,1415
18.5,4,6,0,1356
18.5,4,6,1,1360
18.5,4,6,2,1364
18.5,4,6,3,1369
18.5,4,6,4,1373
18.5,4,6,5,1377
18.5,4,6,6,1382
18.5,4,6,7,1386
18.5,4,6,8,1390
18.5,4,6,9,1394
18.5,4,6,10,1399
18.5,4,6,11,1403
18.5,4,6,12,1407
18.5,4,6,13,1411
18.5,4,6,14,1415
18.5,4,6,15,1420
18.5,4,7,0,1360
18.5,4,7,1,1364
18.5,4,7,2,1369
18.5,4,7,3,1373
18.5,4,7,4,1377
18.5,4,7,5,1382
18.5,4,7,6,1386
18.5,4,7,7,1390
18.5,4,7,8,1395
18.5,4,7,9,1399
18.5,4,7,10,1403
18.5,4,7,11,1407
18.5,4,7,12,1412
18.5,4,7,13,1416
18.5,4,7,14,1420
18.5,4,7,15,1424
18.5,4,8,0,1364
18.5,4,8,1,1369
18.5,4,8,2,1373
18.5,4,8,3,1377
18.5,4,8,4,1382
18.5,4,8,5,1386
18.5,4,8,6,1390
18.5,4,8,7,1395
18.5,4,8,8,1399
18.5,4,8,9,1403
18.5,4,8,10,1408
18.5,4,8,11,1412
18.5,4,8,12,1416
18.5,4,8,13,1420
18.5,4,8,14,1425
18.5,4,8,15,1429
18.5,4,9,0,1369
18.5,4,9,1,1373
18.5,4,9,2,1377
18.5,4,9,3,1382
18.5,4,9,4,1386
18.5,4,9,5,1390
18.5,4,9,6,1395
18.5,4,9,7,1399
18.5,4,9,8,1403
18.5,4,9,9,1408
18.5,4,9,10,1412
18.5,4,9,11,1416
18.5,4,9,12,1421
18.5,4,9,13,1425
18.5,4,9,14,1429
18.5,4,9,15,1433
18.5,4,10,0,1373
18.5,4,10,1,1377
18.5,4,10,2,1382
18.5,4,10,3,1386
18.5,4,10,4,1391
18.5,4,10,5,1395
18.5,4,10,6,1399
18.5,4,10,7,1404
18.5,4,10,8,1408
18.5,4,10,9,1412
18.5,4,10,10,1417
18.5,4,10,11,1421
18.5,4,10,12,1425
18.5,4,10,13,1429
18.5,4,10,14,1434
18.5,4,10,15,1438
18.5,4,11,0,1377
18.5,4,11,1,1382
18.5,4,11,2,1386
18.5,4,11,3,1390
18.5,4,11,4,1395
18.5,4,11,5,1399
18.5,4,11,6,1404
18.5,4,11,7,1408
18.5,4,11,8,1412
18.5,4,11,9,1417
18.5,4,11,10,1421
18.5,4,11,11,1425
18.5,4,11,12,1430
18.5,4,11,13,1434
18.5,4,11,14,1438
18.5,4,11,15,1442
18.5,4,12,0,1382
18.5,4,12,1,1386
18.5,4,12,2,1390
18.5,4,12,3,1395
18.5,4,12,4,1399
18.5,4,12,5,1404
18.5,4,12,6,1408
18.5,4,12,7,1412
18.5,4,12,8,1417
18.5,4,12,9,1421
18.5,4,12,10,1425
18.5,4,12,11,1430
18.5,4,12,12,1434
18.5,4,12,13,1438
18.5,4,12,14,1443
18.5,4,12,15,1447
18.5,4,13,0,1386
18.5,4,13,1,1390
18.5,4,13,2,1395
18.5,4,13,3,1399
18.5,4,13,4,1404
18.5,4,13,5,1408
18.5,4,13,6,1412
18.5,4,13,7,1417
18.5,4,13,8,1421
18.5,4,13,9,1425
18.5,4,13,10,1430
18.5,4,13,11,1434
18.5,4,13,12,1438
18.5,4,13,13,1443
18.5,4,13,14,1447
18.5,4,13,15,1451
18.5,4,14,0,1390
18.5,4,14,1,1395
18.5,4,14,2,1399
18.5,4,14,3,1403
18.5,4,14,4,1408
18.5,4,14,5,1412
18.5,4,14,6,1417
18.5,4,14,7,1421
18.5,4,14,8,1425
18.5,4,14,9,1430
18.5,4,14,10,1434
18.5,4,14,11,1439
18.5,4,14,12,1443
18.5,4,14,13,1447
18.5,4,14,14,1452
18.5,4,14,15,1456
18.5,4,15,0,1394
18.5,4,15,1,1399
18.5,4,15,2,1403
18.5,4,15,3,1408
18.5,4,15,4,1412
18.5,4,15,5,1417
18.5,4,15,6,1421
18.5,4,15,7,1425
18.5,4,15,8,1430
18.5,4,15,9,1434
18.5,4,15,10,1439
18.5,4,15,11,1443
18.5,4,15,12,1447
18.5,4,15,13,1452
18.5,4,15,14,1456
18.5,4,15,15,1460
18.5,5,0,0,1334
18.5,5,0,1,1338
18.5,5,0,2,1343
18.5,5,0,3,1347
18.5,5,0,4,1351
18.5,5,0,5,1355
18.5,5,0,6,1360
18.5,5,0,7,1364
18.5,5,0,8,1368
18.5,5,0,9,1372
18.5,5,0,10,1376
18.5,5,0,11,1381
18.5,5,0,12,1385
18.5,5,0,13,1389
18.5,5,0,14,1393
18.5,5,0,15,1397
18.5,5,1,0,1338
18.5,5,1,1,1343
18.5,5,1,2,1347
18.5,5,1,3,1351
18.5,5,1,4,1356
18.5,5,1,5,1360
18.5,5,1,6,1364
18.5,5,1,7,1368
18.5,5,1,8,1373
18.5,5,1,9,1377
18.5,5,1,10,1381
18.5,5,1,11,1385
18.5,5,1,12,1389
18.5,5,1,13,1394
18.5,5,1,14,1398
18.5,5,1,15,1402
18.5,5,2,0,1343
18.5,5,2,1,1347
18.5,5,2,2,1352
18.5,5,2,3,1356
18.5,5,2,4,1360
18.5,5,2,5,1364
18.5,5,2,6,1369
18.5,5,2,7,1373
18.5,5,2,8,1377
18.5,5,2,9,1381
18.5,5,2,10,1386
18.5,5,2,11,1390
18.5,5,2,12,1394
18.5,5,2,13,1398
18.5,5,2,14,1402
18.5,5,2,15,1406
18.5,5,3,0,1347
18.5,5,3,1,1352
18.5,5,3,2,1356
18.5,5,3,3,1360
18.5,5,3,4,1365
18.5,5,3,5,1369
18.5,5,3,6,1373
18.5,5,3,7,1377
18.5,5,3,8,1382
18.5,5,3,9,1386
18.5,5,3,10,1390
18.5,5,3,11,1394
18.5,5,3,12,1399
18.5,5,3,13,1403
18.5,5,3,14,1407
18.5,5,3,15,1411
18.5,5,4,0,1352
18.5,5,4,1,1356
18.5,5,4,2,1361
18.5,5,4,3,1365
18.5,5,4,4,1369
18.5,5,4,5,1373
18.5,5,4,6,1378
18.5,5,4,7,1382
18.5,5,4,8,1386
18.5,5,4,9,1391
18.5,5,4,10,1395
18.5,5,4,11,1399
18.5,5,4,12,1403
18.5,5,4,13,1407
18.5,5,4,14,1412
18.5,5,4,15,1416
18.5,5,5,0,1356
18.5,5,5,1,1361
18.5,5,5,2,1365
18.5,5,5,3,1369
18.5,5,5,4,1374
18.5,5,5,5,1378
18.5,5,5,6,1382
18.5,5,5,7,1387
18.5,5,5,8,1391
18.5,5,5,9,1395
18.5,5,5,10,1399
18.5,5,5,11,1404
18.5,5,5,12,1408
18.5,5,5,13,1412
18.5,5,5,14,1416
18.5,5,5,15,1420
18.5,5,6,0,1361
18.5,5,6,1,1365
18.5,5,6,2,1369
18.5,5,6,3,1374
18.5,5,6,4,1378
18.5,5,6,5,1382
18.5,5,6,6,1387
18.5,5,6,7,1391
18.5,5,6,8,1395
18.5,5,6,9,1400
18.5,5,6,10,1404
18.5,5,6,11,1408
18.5,5,6,12,1412
18.5,5,6,13,1417
18.5,5,6,14,1421
18.5,5,6,15,1425
18.5,5,7,0,1365
18.5,5,7,1,1369
18.5,5,7,2,1374
18.5,5,7,3,1378
18.5,5,7,4,1383
18.5,5,7,5,1387
18.5,5,7,6,1391
18.5,5,7,7,1396
18.5,5,7,8,1400
18.5,5,7,9,1404
18.5,5,7,10,1408
18.5,5,7,11,1413
18.5,5,7,12,1417
18.5,5,7,13,1421
18.5,5,7,14,1425
18.5,5,7,15,1430
18.5,5,8,0,1369
18.5,5,8,1,1374
18.5,5,8,2,1378
18.5,5,8,3,1383
18.5,5,8,4,1387
18.5,5,8,5,1391
18.5,5,8,6,1396
18.5,5,8,7,1400
18.5,5,8,8,1404
18.5,5,8,9,1409
18.5,5,8,10,1413
18.5,5,8,11,1417
18.5,5,8,12,1421
18.5,5,8,13,1426
18.5,5,8,14,1430
18.5,5,8,15,1434
18.5,5,9,0,1374
18.5,5,9,1,1378
18.5,5,9,2,1383
18.5,5,9,3,1387
18.5,5,9,4,1391
18.5,5,9,5,1396
18.5,5,9,6,1400
18.5,5,9,7,1404
18.5,5,9,8,1409
18.5,5,9,9,1413
18.5,5,9,10,1417
18.5,5,9,11,1422
18.5,5,9,12,1426
18.5,5,9,13,1430
18.5,5,9,14,1434
18.5,5,9,15,1439
18.5,5,10,0,1378
18.5,5,10,1,1383
18.5,5,10,2,1387
18.5,5,10,3,1391
18.5,5,10,4,1396
18.5,5,10,5,1400
18.5,5,10,6,1405
18.5,5,10,7,1409
18.5,5,10,8,1413
18.5,5,10,9,1418
18.5,5,10,10,1422
18.5,5,10,11,1426
18.5,5,10,12,1430
18.5,5,10,13,1435
18.5,5,10,14,1439
18.5,5,10,15,1443
18.5,5,11,0,1382
18.5,5,11,1,1387
18.5,5,11,2,1391
18.5,5,11,3,1396
18.5,5,11,4,1400
18.5,5,11,5,1405
18.5,5,11,6,1409
18.5,5,11,7,1413
18.5,5,11,8,1418
18.5,5,11,9,1422
18.5,5,11,10,1426
18.5,5,11,11,1431
18.5,5,11,12,1435
18.5,5,11,13,1439
18.5,5,11,14,1444
18.5,5,11,15,1448
18.5,5,12,0,1387
18.5,5,12,1,1391
18.5,5,12,2,1396
18.5,5,12,3,1400
18.5,5,12,4,1405
18.5,5,12,5,1409
18.5,5,12,6,1413
18.5,5,12,7,1418
18.5,5,12,8,1422
18.5,5,12,9,1426
18.5,5,12,10,1431
18.5,5,12,11,1435
18.5,5,12,12,1439
18.5,5,12,13,1444
18.5,5,12,14,1448
18.5,5,12,15,1452
18.5,5,13,0,1391
18.5,5,13,1,1396
18.5,5,13,2,1400
18.5,5,13,3,1404
18.5,5,13,4,1409
18.5,5,13,5,1413
18.5,5,13,6,1418
18.5,5,13,7,1422
18.5,5,13,8,1426
18.5,5,13,9,1431
18.5,5,13,10,1435
18.5,5,13,11,1440
18.5,5,13,12,1444
18.5,5,13,13,1448
18.5,5,13,14,1453
18.5,5,13,15,1457
18.5,5,14,0,1395
18.5,5,14,1,1400
18.5,5,14,2,1404
18.5,5,14,3,1409
18.5,5,14,4,1413
18.5,5,14,5,1418
18.5,5,14,6,1422
18.5,5,14,7,1426
18.5,5,14,8,1431
18.5,5,14,9,1435
18.5,5,14,10,1440
18.5,5,14,11,1444
18.5,5,14,12,1448
18.5,5,14,13,1453
18.5,5,14,14,1457
18.5,5,14,15,1461
18.5,5,15,0,1400
18.5,5,15,1,1404
18.5,5,15,2,1409
18.5,5,15,3,1413
18.5,5,15,4,1418
18.5,5,15,5,1422
18.5,5,15,6,1426
18.5,5,15,7,1431
18.5,5,15,8,1435
18.5,5,15,9,1440
18.5,5,15,10,1444
18.5,5,15,11,1448
18.5,5,15,12,1453
18.5,5,15,13,1457
18.5,5,15,14,1461
18.5,5,15,15,1466
18.5,6,0,0,1339
18.5,6,0,1,1343
18.5,6,0,2,1348
18.5,6,0,3,1352
18.5,6,0,4,1356
18.5,6,0,5,1360
18.5,6,0,6,1365
18.5,6,0,7,1369
18.5,6,0,8,1373
18.5,6,0,9,1377
18.5,6,0,10,1382
18.5,6,0,11,1386
18.5,6,0,12,1390
18.5,6,0,13,1394
18.5,6,0,14,1398
18.5,6,0,15,1402
18.5,6,1,0,1344
18.5,6,1,1,1348
18.5,6,1,2,1352
18.5,6,1,3,1356
18.5,6,1,4,1361
18.5,6,1,5,1365
18.5,6,1,6,1369
18.5,6,1,7,1374
18.5,6,1,8,1378
18.5,6,1,9,1382
18.5,6,1,10,1386
18.5,6,1,11,1390
18.5,6,1,12,1395
18.5,6,1,13,1399
18.5,6,1,14,1403
18.5,6,1,15,1407
18.5,6,2,0,1348
18.5,6,2,1,1352
18.5,6,2,2,1357
18.5,6,2,3,1361
18.5,6,2,4,1365
18.5,6,2,5,1370
18.5,6,2,6,1374
18.5,6,2,7,1378
18.5,6,2,8,1382
18.5,6,2,9,1387
18.5,6,2,10,1391
18.5,6,2,11,1395
18.5,6,2,12,1399
18.5,6,2,13,1403
18.5,6,2,14,1408
18.5,6,2,15,1412
18.5,6,3,0,1352
18.5,6,3,1,1357
18.5,6,3,2,1361
18.5,6,3,3,1365
18.5,6,3,4,1370
18.5,6,3,5,1374
18.5,6,3,6,1378
18.5,6,3,7,1383
18.5,6,3,8,1387
18.5,6,3,9,1391
18.5,6,3,10,1395
18.5,6,3,11,1400
18.5,6,3,12,1404
18.5,6,3,13,1408
18.5,6,3,14,1412
18.5,6,3,15,1416
18.5,6,4,0,1357
18.5,6,4,1,1361
18.5,6,4,2,1366
18.5,6,4,3,1370
18.5,6,4,4,1374
18.5,6,4,5,1379
18.5,6,4,6,1383
18.5,6,4,7,1387
18.5,6,4,8,1391
18.5,6,4,9,1396
18.5,6,4,10,1400
18.5,6,4,11,1404
18.5,6,4,12,1408
18.5,6,4,13,1413
18.5,6,4,14,1417
18.5,6,4,15,1421
18.5,6,5,0,1361
18.5,6,5,1,1366
18.5,6,5,2,1370
18.5,6,5,3,1374
18.5,6,5,4,1379
18.5,6,5,5,1383
18.5,6,5,6,1387
18.5,6,5,7,1392
18.5,6,5,8,1396
18.5,6,5,9,1400
18.5,6,5,10,1405
18.5,6,5,11,1409
18.5,6,5,12,1413
18.5,6,5,13,1417
18.5,6,5,14,1421
18.5,6,5,15,1426
18.5,6,6,0,1366
18.5,6,6,1,1370
18.5,6,6,2,1375
18.5,6,6,3,1379
18.5,6,6,4,1383
18.5,6,6,5,1388
18.5,6,6,6,1392
18.5,6,6,7,1396
18.5,6,6,8,1401
18.5,6,6,9,1405
18.5,6,6,10,1409
18.5,6,6,11,1413
18.5,6,6,12,1418
18.5,6,6,13,1422
18.5,6,6,14,1426
18.5,6,6,15,1430
18.5,6,7,0,1370
18.5,6,7,1,1375
18.5,6,7,2,1379
18.5,6,7,3,1383
18.5,6,7,4,1388
18.5,6,7,5,1392
18.5,6,7,6,1396
18.5,6,7,7,1401
18.5,6,7,8,1405
18.5,6,7,9,1409
18.5,6,7,10,1414
18.5,6,7,11,1418
18.5,6,7,12,1422
18.5,6,7,13,1426
18.5,6,7,14,1431
18.5,6,7,15,1435
18.5,6,8,0,1375
18.5,6,8,1,1379
18.5,6,8,2,1383
18.5,6,8,3,1388
18.5,6,8,4,1392
18.5,6,8,5,1397
18.5,6,8,6,1401
18.5,6,8,7,1405
18.5,6,8,8,1410
18.5,6,8,9,1414
18.5,6,8,10,1418
18.5,6,8,11,1422
18.5,6,8,12,1427
18.5,6,8,13,1431
18.5,6,8,14,1435
18.5,6,8,15,1440
18.5,6,9,0,1379
18.5,6,9,1,1383
18.5,6,9,2,1388
18.5,6,9,3,1392
18.5,6,9,4,1397
18.5,6,9,5,1401
18.5,6,9,6,1405
18.5,6,9,7,1410
18.5,6,9,8,1414
18.5,6,9,9,1418
18.5,6,9,10,1423
18.5,6,9,11,1427
18.5,6,9,12,1431
18.5,6,9,13,1436
18.5,6,9,14,1440
18.5,6,9,15,1444
18.5,6,10,0,1383
18.5,6,10,1,1388
18.5,6,10,2,1392
18.5,6,10,3,1397
18.5,6,10,4,1401
18.5,6,10,5,1405
18.5,6,10,6,1410
18.5,6,10,7,1414
18.5,6,10,8,1419
18.5,6,10,9,1423
18.5,6,10,10,1427
18.5,6,10,11,1432
18.5,6,10,12,1436
18.5,6,10,13,1440
18.5,6,10,14,1444
18.5,6,10,15,1449
18.5,6,11,0,1388
18.5,6,11,1,1392
18.5,6,11,2,1397
18.5,6,11,3,1401
18.5,6,11,4,1405
18.5,6,11,5,1410
18.5,6,11,6,1414
18.5,6,11,7,1419
18.5,6,11,8,1423
18.5,6,11,9,1427
18.5,6,11,10,1432
18.5,6,11,11,1436
18.5,6,11,12,1440
18.5,6,11,13,1445
18.5,6,11,14,1449
18.5,6,11,15,1453
18.5,6,12,0,1392
18.5,6,12,1,1396
18.5,6,12,2,1401
18.5,6,12,3,1405
18.5,6,12,4,1410
18.5,6,12,5,1414
18.5,6,12,6,1419
18.5,6,12,7,1423
18.5,6,12,8,1427
18.5,6,12,9,1432
18.5,6,12,10,1436
18.5,6,12,11,1440
18.5,6,12,12,1445
18.5,6,12,13,1449
18.5,6,12,14,1453
18.5,6,12,15,1458
18.5,6,13,0,1396
18.5,6,13,1,1401
18.5,6,13,2,1405
18.5,6,13,3,1410
18.5,6,13,4,1414
18.5,6,13,5,1419
18.5,6,13,6,1423
18.5,6,13,7,1427
18.5,6,13,8,1432
18.5,6,13,9,1436
18.5,6,13,10,1441
18.5,6,13,11,1445
18.5,6,13,12,1449
18.5,6,13,13,1454
18.5,6,13,14,1458
18.5,6,13,15,1462
18.5,6,14,0,1401
18.5,6,14,1,1405
18.5,6,14,2,1410
18.5,6,14,3,1414
18.5,6,14,4,1419
18.5,6,14,5,1423
18.5,6,14,6,1427
18.5,6,14,7,1432
18.5,6,14,8,1436
18.5,6,14,9,1441
18.5,6,14,10,1445
18.5,6,14,11,1449
18.5,6,14,12,1454
18.5,6,14,13,1458
18.5,6,14,14,1462
18.5,6,14,15,1467
18.5,6,15,0,1405
18.5,6,15,1,1409
18.5,6,15,2,1414
18.5,6,15,3,1418
18.5,6,15,4,1423
18.5,6,15,5,1427
18.5,6,15,6,1432
18.5,6,15,7,1436
18.5,6,15,8,1441
18.5,6,15,9,1445
18.5,6,15,10,1449
18.5,6,15,11,1454
18.5,6,15,12,1458
18.5,6,15,13,1463
18.5,6,15,14,1467
18.5,6,15,15,1471
18.5,7,0,0,1344
18.5,7,0,1,1348
18.5,7,0,2,1353
18.5,7,0,3,1357
18.5,7,0,4,1361
18.5,7,0,5,1366
18.5,7,0,6,1370
18.5,7,0,7,1374
18.5,7,0,8,1378
18.5,7,0,9,1383
18.5,7,0,10,1387
18.5,7,0,11,1391
18.5,7,0,12,1395
18.5,7,0,13,1399
18.5,7,0,14,1403
18.5,7,0,15,1408
18.5,7,1,0,1349
18.5,7,1,1,1353
18.5,7,1,2,1357
18.5,7,1,3,1362
18.5,7,1,4,1366
18.5,7,1,5,1370
18.5,7,1,6,1374
18.5,7,1,7,1379
18.5,7,1,8,1383
18.5,7,1,9,1387
18.5,7,1,10,1391
18.5,7,1,11,1396
18.5,7,1,12,1400
18.5,7,1,13,1404
18.5,7,1,14,1408
18.5,7,1,15,1412
18.5,7,2,0,1353
18.5,7,2,1,1357
18.5,7,2,2,1362
18.5,7,2,3,1366
18.5,7,2,4,1370
18.5,7,2,5,1375
18.5,7,2,6,1379
18.5,7,2,7,1383
18.5,7,2,8,1388
18.5,7,2,9,1392
18.5,7,2,10,1396
18.5,7,2,11,1400
18.5,7,2,12,1404
18.5,7,2,13,1409
18.5,7,2,14,1413
18.5,7,2,15,1417
18.5,7,3,0,1358
18.5,7,3,1,1362
18.5,7,3,2,1366
18.5,7,3,3,1371
18.5,7,3,4,1375
18.5,7,3,5,1379
18.5,7,3,6,1384
18.5,7,3,7,1388
18.5,7,3,8,1392
18.5,7,3,9,1396
18.5,7,3,10,1401
18.5,7,3,11,1405
18.5,7,3,12,1409
18.5,7,3,13,1413
18.5,7,3,14,1418
18.5,7,3,15,1422
18.5,7,4,0,1362
18.5,7,4,1,1366
18.5,7,4,2,1371
18.5,7,4,3,1375
18.5,7,4,4,1379
18.5,7,4,5,1384
18.5,7,4,6,1388
18.5,7,4,7,1392
18.5,7,4,8,1397
18.5,7,4,9,1401
18.5,7,4,10,1405
18.5,7,4,11,1410
18.5,7,4,12,1414
18.5,7,4,13,1418
18.5,7,4,14,1422
18.5,7,4,15,1426
18.5,7,5,0,1366
18.5,7,5,1,1371
18.5,7,5,2,1375
18.5,7,5,3,1380
18.5,7,5,4,1384
18.5,7,5,5,1388
18.5,7,5,6,1393
18.5,7,5,7,1397
18.5,7,5,8,1401
18.5,7,5,9,1406
18.5,7,5,10,1410
18.5,7,5,11,1414
18.5,7,5,12,1418
18.5,7,5,13,1423
18.5,7,5,14,1427
18.5,7,5,15,1431
18.5,7,6,0,1371
18.5,7,6,1,1375
18.5,7,6,2,1380
18.5,7,6,3,1384
18.5,7,6,4,1388
18.5,7,6,5,1393
18.5,7,6,6,1397
18.5,7,6,7,1401
18.5,7,6,8,1406
18.5,7,6,9,1410
18.5,7,6,10,1414
18.5,7,6,11,1419
18.5,7,6,12,1423
18.5,7,6,13,1427
18.5,7,6,14,1431
18.5,7,6,15,1436
18.5,7,7,0,1375
18.5,7,7,1,1380
18.5,7,7,2,1384
18.5,7,7,3,1389
18.5,7,7,4,1393
18.5,7,7,5,1397
18.5,7,7,6,1402
18.5,7,7,7,1406
18.5,7,7,8,1410
18.5,7,7,9,1415
18.5,7,7,10,1419
18.5,7,7,11,1423
18.5,7,7,12,1428
18.5,7,7,13,1432
18.5,7,7,14,1436
18.5,7,7,15,1440
18.5,7,8,0,1380
18.5,7,8,1,1384
18.5,7,8,2,1389
18.5,7,8,3,1393
18.5,7,8,4,1397
18.5,7,8,5,1402
18.5,7,8,6,1406
18.5,7,8,7,1410
18.5,7,8,8,1415
18.5,7,8,9,1419
18.5,7,8,10,1424
18.5,7,8,11,1428
18.5,7,8,12,1432
18.5,7,8,13,1436
18.5,7,8,14,1441
18.5,7,8,15,1445
18.5,7,9,0,1384
18.5,7,9,1,1389
18.5,7,9,2,1393
18.5,7,9,3,1397
18.5,7,9,4,1402
18.5,7,9,5,1406
18.5,7,9,6,1411
18.5,7,9,7,1415
18.5,7,9,8,1419
18.5,7,9,9,1424
18.5,7,9,10,1428
18.5,7,9,11,1432
18.5,7,9,12,1437
18.5,7,9,13,1441
18.5,7,9,14,1445
18.5,7,9,15,1450
18.5,7,10,0,1388
18.5,7,10,1,1393
18.5,7,10,2,1397
18.5,7,10,3,1402
18.5,7,10,4,1406
18.5,7,10,5,1411
18.5,7,10,6,1415
18.5,7,10,7,1419
18.5,7,10,8,1424
18.5,7,10,9,1428
18.5,7,10,10,1433
18.5,7,10,11,1437
18.5,7,10,12,1441
18.5,7,10,13,1446
18.5,7,10,14,1450
18.5,7,10,15,1454
18.5,7,11,0,1393
18.5,7,11,1,1397
18.5,7,11,2,1402
18.5,7,11,3,1406
18.5,7,11,4,1411
18.5,7,11,5,1415
18.5,7,11,6,1420
18.5,7,11,7,1424
18.5,7,11,8,1428
18.5,7,11,9,1433
18.5,7,11,10,1437
18.5,7,11,11,1441
18.5,7,11,12,1446
18.5,7,11,13,1450
18.5,7,11,14,1454
18.5,7,11,15,1459
18.5,7,12,0,1397
18.5,7,12,1,1402
18.5,7,12,2,1406
18.5,7,12,3,1411
18.5,7,12,4,1415
18.5,7,12,5,1420
18.5,7,12,6,1424
18.5,7,12,7,1428
18.5,7,12,8,1433
18.5,7,12,9,1437
18.5,7,12,10,1442
18.5,7,12,11,1446
18.5,7,12,12,1450
18.5,7,12,13,1455
18.5,7,12,14,1459
18.5,7,12,15,1463
18.5,7,13,0,1401
18.5,7,13,1,1406
18.5,7,13,2,1410
18.5,7,13,3,1415
18.5,7,13,4,1419
18.5,7,13,5,1424
18.5,7,13,6,1428
18.5,7,13,7,1433
18.5,7,13,8,1437
18.5,7,13,9,1442
18.5,7,13,10,1446
18.5,7,13,11,1450
18.5,7,13,12,1455
18.5,7,13,13,1459
18.5,7,13,14,1463
18.5,7,13,15,1468
18.5,7,14,0,1406
18.5,7,14,1,1410
18.5,7,14,2,1415
18.5,7,14,3,1419
18.5,7,14,4,1424
18.5,7,14,5,1428
18.5,7,14,6,1433
18.5,7,14,7,1437
18.5,7,14,8,1442
18.5,7,14,9,1446
18.5,7,14,10,1450
18.5,7,14,11,1455
18.5,7,14,12,1459
18.5,7,14,13,1464
18.5,7,14,14,1468
18.5,7,14,15,1472
18.5,7,15,0,1410
18.5,7,15,1,1415
18.5,7,15,2,1419
18.5,7,15,3,1424
18.5,7,15,4,1428
18.5,7,15,5,1433
18.5,7,15,6,1437
18.5,7,15,7,1442
18.5,7,15,8,1446
18.5,7,15,9,1450
18.5,7,15,10,1455
18.5,7,15,11,1459
18.5,7,15,12,1464
18.5,7,15,13,1468
18.5,7,15,14,1472
18.5,7,15,15,1477
18.5,8,0,0,1349
18.5,8,0,1,1353
18.5,8,0,2,1358
18.5,8,0,3,1362
18.5,8,0,4,1366
18.5,8,0,5,1371
18.5,8,0,6,1375
18.5,8,0,7,1379
18.5,8,0,8,1383
18.5,8,0,9,1388
18.5,8,0,10,1392
18.5,8,0,11,1396
18.5,8,0,12,1400
18.5,8,0,13,1405
18.5,8,0,14,1409
18.5,8,0,15,1413
18.5,8,1,0,1354
18.5,8,1,1,1358
18.5,8,1,2,1362
18.5,8,1,3,1367
18.5,8,1,4,1371
18.5,8,1,5,1375
18.5,8,1,6,1380
18.5,8,1,7,1384
18.5,8,1,8,1388
18.5,8,1,9,1392
18.5,8,1,10,1397
18.5,8,1,11,1401
18.5,8,1,12,1405
18.5,8,1,13,1409
18.5,8,1,14,1413
18.5,8,1,15,1418
18.5,8,2,0,1358
18.5,8,2,1,1362
18.5,8,2,2,1367
18.5,8,2,3,1371
18.5,8,2,4,1376
18.5,8,2,5,1380
18.5,8,2,6,1384
18.5,8,2,7,1388
18.5,8,2,8,1393
18.5,8,2,9,1397
18.5,8,2,10,1401
18.5,8,2,11,1405
18.5,8,2,12,1410
18.5,8,2,13,1414
18.5,8,2,14,1418
18.5,8,2,15,1422
18.5,8,3,0,1363
18.5,8,3,1,1367
18.5,8,3,2,1371
18.5,8,3,3,1376
18.5,8,3,4,1380
18.5,8,3,5,1384
18.5,8,3,6,1389
18.5,8,3,7,1393
18.5,8,3,8,1397
18.5,8,3,9,1402
18.5,8,3,10,1406
18.5,8,3,11,1410
18.5,8,3,12,1414
18.5,8,3,13,1419
18.5,8,3,14,1423
18.5,8,3,15,1427
18.5,8,4,0,1367
18.5,8,4,1,1371
18.5,8,4,2,1376
18.5,8,4,3,1380
18.5,8,4,4,1385
18.5,8,4,5,1389
18.5,8,4,6,1393
18.5,8,4,7,1398
18.5,8,4,8,1402
18.5,8,4,9,1406
18.5,8,4,10,1410
18.5,8,4,11,1415
18.5,8,4,12,1419
18.5,8,4,13,1423
18.5,8,4,14,1427
18.5,8,4,15,1432
18.5,8,5,0,1372
18.5,8,5,1,1376
18.5,8,5,2,1380
18.5,8,5,3,1385
18.5,8,5,4,1389
18.5,8,5,5,1393
18.5,8,5,6,1398
18.5,8,5,7,1402
18.5,8,5,8,1406
18.5,8,5,9,1411
18.5,8,5,10,1415
18.5,8,5,11,1419
18.5,8,5,12,1424
18.5,8,5,13,1428
18.5,8,5,14,1432
18.5,8,5,15,1436
18.5,8,6,0,1376
18.5,8,6,1,1380
18.5,8,6,2,1385
18.5,8,6,3,1389
18.5,8,6,4,1394
18.5,8,6,5,1398
18.5,8,6,6,1402
18.5,8,6,7,1407
18.5,8,6,8,1411
18.5,8,6,9,1415
18.5,8,6,10,1420
18.5,8,6,11,1424
18.5,8,6,12,1428
18.5,8,6,13,1433
18.5,8,6,14,1437
18.5,8,6,15,1441
18.5,8,7,0,1380
18.5,8,7,1,1385
18.5,8,7,2,1389
18.5,8,7,3,1394
18.5,8,7,4,1398
18.5,8,7,5,1403
18.5,8,7,6,1407
18.5,8,7,7,1411
18.5,8,7,8,1416
18.5,8,7,9,1420
18.5,8,7,10,1424
18.5,8,7,11,1429
18.5,8,7,12,1433
18.5,8,7,13,1437
18.5,8,7,14,1441
18.5,8,7,15,1446
18.5,8,8,0,1385
18.5,8,8,1,1389
18.5,8,8,2,1394
18.5,8,8,3,1398
18.5,8,8,4,1403
18.5,8,8,5,1407
18.5,8,8,6,1411
18.5,8,8,7,1416
18.5,8,8,8,1420
18.5,8,8,9,1424
18.5,8,8,10,1429
18.5,8,8,11,1433
18.5,8,8,12,1437
18.5,8,8,13,1442
18.5,8,8,14,1446
18.5,8,8,15,1450
18.5,8,9,0,1389
18.5,8,9,1,1394
18.5,8,9,2,1398
18.5,8,9,3,1403
18.5,8,9,4,1407
18.5,8,9,5,1411
18.5,8,9,6,1416
18.5,8,9,7,1420
18.5,8,9,8,1425
18.5,8,9,9,1429
18.5,8,9,10,1433
18.5,8,9,11,1438
18.5,8,9,12,1442
18.5,8,9,13,1446
18.5,8,9,14,1451
18.5,8,9,15,1455
18.5,8,10,0,1394
18.5,8,10,1,1398
18.5,8,10,2,1403
18.5,8,10,3,1407
18.5,8,10,4,1411
18.5,8,10,5,1416
18.5,8,10,6,1420
18.5,8,10,7,1425
18.5,8,10,8,1429
18.5,8,10,9,1434
18.5,8,10,10,1438
18.5,8,10,11,1442
18.5,8,10,12,1447
18.5,8,10,13,1451
18.5,8,10,14,1455
18.5,8,10,15,1460
18.5,8,11,0,1398
18.5,8,11,1,1403
18.5,8,11,2,1407
18.5,8,11,3,1411
18.5,8,11,4,1416
18.5,8,11,5,1420
18.5,8,11,6,1425
18.5,8,11,7,1429
18.5,8,11,8,1434
18.5,8,11,9,1438
18.5,8,11,10,1442
18.5,8,11,11,1447
18.5,8,11,12,1451
18.5,8,11,13,1455
18.5,8,11,14,1460
18.5,8,11,15,1464
18.5,8,12,0,1402
18.5,8,12,1,1407
18.5,8,12,2,1411
18.5,8,12,3,1416
18.5,8,12,4,1420
18.5,8,12,5,1425
18.5,8,12,6,1429
18.5,8,12,7,1434
18.5,8,12,8,1438
18.5,8,12,9,1443
18.5,8,12,10,1447
18.5,8,12,11,1451
18.5,8,12,12,1456
18.5,8,12,13,1460
18.5,8,12,14,1464
18.5,8,12,15,1469
18.5,8,13,0,1407
18.5,8,13,1,1411
18.5,8,13,2,1416
18.5,8,13,3,1420
18.5,8,13,4,1425
18.5,8,13,5,1429
18.5,8,13,6,1434
18.5,8,13,7,1438
18.5,8,13,8,1443
18.5,8,13,9,1447
18.5,8,13,10,1451
18.5,8,13,11,1456
18.5,8,13,12,1460
18.5,8,13,13,1465
18.5,8,13,14,1469
18.5,8,13,15,1473
18.5,8,14,0,1411
18.5,8,14,1,1416
18.5,8,14,2,1420
18.5,8,14,3,1425
18.5,8,14,4,1429
18.5,8,14,5,1434
18.5,8,14,6,1438
18.5,8,14,7,1443
18.5,8,14,8,1447
18.5,8,14,9,1451
18.5,8,14,10,1456
18.5,8,14,11,1460
18.5,8,14,12,1465
18.5,8,14,13,1469
18.5,8,14,14,1473
18.5,8,14,15,1478
18.5,8,15,0,1415
18.5,8,15,1,1420
18.5,8,15,2,1424
18.5,8,15,3,1429
18.5,8,15,4,1434
18.5,8,15,5,1438
18.5,8,15,6,1443
18.5,8,15,7,1447
18.5,8,15,8,1451
18.5,8,15,9,1456
18.5,8,15,10,1460
18.5,8,15,11,1465
18.5,8,15,12,1469
18.5,8,15,13,1474
18.5,8,15,14,1478
18.5,8,15,15,1482
18.5,9,0,0,1354
18.5,9,0,1,1358
18.5,9,0,2,1363
18.5,9,0,3,1367
18.5,9,0,4,1371
18.5,9,0,5,1376
18.5,9,0,6,1380
18.5,9,0,7,1384
18.5,9,0,8,1389
18.5,9,0,9,1393
18.5,9,0,10,1397
18.5,9,0,11,1401
18.5,9,0,12,1406
18.5,9,0,13,1410
18.5,9,0,14,1414
18.5,9,0,15,1418
18.5,9,1,0,1359
18.5,9,1,1,1363
18.5,9,1,2,1367
18.5,9,1,3,1372
18.5,9,1,4,1376
18.5,9,1,5,1380
18.5,9,1,6,1385
18.5,9,1,7,1389
18.5,9,1,8,1393
18.5,9,1,9,1398
18.5,9,1,10,1402
18.5,9,1,11,1406
18.5,9,1,12,1410
18.5,9,1,13,1414
18.5,9,1,14,1419
18.5,9,1,15,1423
18.5,9,2,0,1363
18.5,9,2,1,1368
18.5,9,2,2,1372
18.5,9,2,3,1376
18.5,9,2,4,1381
18.5,9,2,5,1385
18.5,9,2,6,1389
18.5,9,2,7,1394
18.5,9,2,8,1398
18.5,9,2,9,1402
18.5,9,2,10,1406
18.5,9,2,11,1411
18.5,9,2,12,1415
18.5,9,2,13,1419
18.5,9,2,14,1423
18.5,9,2,15,1428
18.5,9,3,0,1368
18.5,9,3,1,1372
18.5,9,3,2,1376
18.5,9,3,3,1381
18.5,9,3,4,1385
18.5,9,3,5,1390
18.5,9,3,6,1394
18.5,9,3,7,1398
18.5,9,3,8,1403
18.5,9,3,9,1407
18.5,9,3,10,1411
18.5,9,3,11,1415
18.5,9,3,12,1420
18.5,9,3,13,1424
18.5,9,3,14,1428
18.5,9,3,15,1432
18.5,9,4,0,1372
18.5,9,4,1,1377
18.5,9,4,2,1381
18.5,9,4,3,1385
18.5,9,4,4,1390
18.5,9,4,5,1394
18.5,9,4,6,1398
18.5,9,4,7,1403
18.5,9,4,8,1407
18.5,9,4,9,1411
18.5,9,4,10,1416
18.5,9,4,11,1420
18.5,9,4,12,1424
18.5,9,4,13,1429
18.5,9,4,14,1433
18.5,9,4,15,1437
18.5,9,5,0,1377
18.5,9,5,1,1381
18.5,9,5,2,1385
18.5,9,5,3,1390
18.5,9,5,4,1394
18.5,9,5,5,1399
18.5,9,5,6,1403
18.5,9,5,7,1407
18.5,9,5,8,1412
18.5,9,5,9,1416
18.5,9,5,10,1420
18.5,9,5,11,1425
18.5,9,5,12,1429
18.5,9,5,13,1433
18.5,9,5,14,1437
18.5,9,5,15,1442
18.5,9,6,0,1381
18.5,9,6,1,1386
18.5,9,6,2,1390
18.5,9,6,3,1394
18.5,9,6,4,1399
18.5,9,6,5,1403
18.5,9,6,6,1408
18.5,9,6,7,1412
18.5,9,6,8,1416
18.5,9,6,9,1421
18.5,9,6,10,1425
18.5,9,6,11,1429
18.5,9,6,12,1434
18.5,9,6,13,1438
18.5,9,6,14,1442
18.5,9,6,15,1446
18.5,9,7,0,1386
18.5,9,7,1,1390
18.5,9,7,2,1394
18.5,9,7,3,1399
18.5,9,7,4,1403
18.5,9,7,5,1408
18.5,9,7,6,1412
18.5,9,7,7,1416
18.5,9,7,8,1421
18.5,9,7,9,1425
18.5,9,7,10,1430
18.5,9,7,11,1434
18.5,9,7,12,1438
18.5,9,7,13,1442
18.5,9,7,14,1447
18.5,9,7,15,1451
18.5,9,8,0,1390
18.5,9,8,1,1394
18.5,9,8,2,1399
18.5,9,8,3,1403
18.5,9,8,4,1408
18.5,9,8,5,1412
18.5,9,8,6,1417
18.5,9,8,7,1421
18.5,9,8,8,1425
18.5,9,8,9,1430
18.5,9,8,10,1434
18.5,9,8,11,1438
18.5,9,8,12,1443
18.5,9,8,13,1447
18.5,9,8,14,1451
18.5,9,8,15,1456
18.5,9,9,0,1394
18.5,9,9,1,1399
18.5,9,9,2,1403
18.5,9,9,3,1408
18.5,9,9,4,1412
18.5,9,9,5,1417
18.5,9,9,6,1421
18.5,9,9,7,1426
18.5,9,9,8,1430
18.5,9,9,9,1434
18.5,9,9,10,1439
18.5,9,9,11,1443
18.5,9,9,12,1447
18.5,9,9,13,1452
18.5,9,9,14,1456
18.5,9,9,15,1460
18.5,9,10,0,1399
18.5,9,10,1,1403
18.5,9,10,2,1408
18.5,9,10,3,1412
18.5,9,10,4,1417
18.5,9,10,5,1421
18.5,9,10,6,1426
18.5,9,10,7,1430
18.5,9,10,8,1434
18.5,9,10,9,1439
18.5,9,10,10,1443
18.5,9,10,11,1448
18.5,9,10,12,1452
18.5,9,10,13,1456
18.5,9,10,14,1461
18.5,9,10,15,1465
18.5,9,11,0,1403
18.5,9,11,1,1408
18.5,9,11,2,1412
18.5,9,11,3,1417
18.5,9,11,4,1421
18.5,9,11,5,1426
18.5,9,11,6,1430
18.5,9,11,7,1435
18.5,9,11,8,1439
18.5,9,11,9,1443
18.5,9,11,10,1448
18.5,9,11,11,1452
18.5,9,11,12,1457
18.5,9,11,13,1461
18.5,9,11,14,1465
18.5,9,11,15,1470
18.5,9,12,0,1408
18.5,9,12,1,1412
18.5,9,12,2,1417
18.5,9,12,3,1421
18.5,9,12,4,1426
18.5,9,12,5,1430
18.5,9,12,6,1435
18.5,9,12,7,1439
18.5,9,12,8,1443
18.5,9,12,9,1448
18.5,9,12,10,1452
18.5,9,12,11,1457
18.5,9,12,12,1461
18.5,9,12,13,1465
18.5,9,12,14,1470
18.5,9,12,15,1474
18.5,9,13,0,1412
18.5,9,13,1,1416
18.5,9,13,2,1421
18.5,9,13,3,1426
18.5,9,13,4,1430
18.5,9,13,5,1435
18.5,9,13,6,1439
18.5,9,13,7,1443
18.5,9,13,8,1448
18.5,9,13,9,1452
18.5,9,13,10,1457
18.5,9,13,11,1461
18.5,9,13,12,1466
18.5,9,13,13,1470
18.5,9,13,14,1474
18.5,9,13,15,1479
18.5,9,14,0,1416
18.5,9,14,1,1421
18.5,9,14,2,1425
18.5,9,14,3,1430
18.5,9,14,4,1434
18.5,9,14,5,1439
18.5,9,14,6,1443
18.5,9,14,7,1448
18.5,9,14,8,1452
18.5,9,14,9,1457
18.5,9,14,10,1461
18.5,9,14,11,1466
18.5,9,14,12,1470
18.5,9,14,13,1475
18.5,9,14,14,1479
18.5,9,14,15,1483
18.5,9,15,0,1421
18.5,9,15,1,1425
18.5,9,15,2,1430
18.5,9,15,3,1434
18.5,9,15,4,1439
18.5,9,15,5,1443
18.5,9,15,6,1448
18.5,9,15,7,1452
18.5,9,15,8,1457
18.5,9,15,9,1461
18.5,9,15,10,1466
18.5,9,15,11,1470
18.5,9,15,12,1475
18.5,9,15,13,1479
18.5,9,15,14,1483
18.5,9,15,15,1488
18.5,10,0,0,1359
18.5,10,0,1,1363
18.5,10,0,2,1368
18.5,10,0,3,1372
18.5,10,0,4,1377
18.5,10,0,5,1381
18.5,10,0,6,1385
18.5,10,0,7,1389
18.5,10,0,8,1394
18.5,10,0,9,1398
18.5,10,0,10,1402
18.5,10,0,11,1407
18.5,10,0,12,1411
18.5,10,0,13,1415
18.5,10,0,14,1419
18.5,10,0,15,1423
18.5,10,1,0,1364
18.5,10,1,1,1368
18.5,10,1,2,1372
18.5,10,1,3,1377
18.5,10,1,4,1381
18.5,10,1,5,1385
18.5,10,1,6,1390
18.5,10,1,7,1394
18.5,10,1,8,1398
18.5,10,1,9,1403
18.5,10,1,10,1407
18.5,10,1,11,1411
18.5,10,1,12,1415
18.5,10,1,13,1420
18.5,10,1,14,1424
18.5,10,1,15,1428
18.5,10,2,0,1368
18.5,10,2,1,1373
18.5,10,2,2,1377
18.5,10,2,3,1381
18.5,10,2,4,1386
18.5,10,2,5,1390
18.5,10,2,6,1394
18.5,10,2,7,1399
18.5,10,2,8,1403
18.5,10,2,9,1407
18.5,10,2,10,1412
18.5,10,2,11,1416
18.5,10,2,12,1420
18.5,10,2,13,1424
18.5,10,2,14,1429
18.5,10,2,15,1433
18.5,10,3,0,1373
18.5,10,3,1,1377
18.5,10,3,2,1382
18.5,10,3,3,1386
18.5,10,3,4,1390
18.5,10,3,5,1395
18.5,10,3,6,1399
18.5,10,3,7,1403
18.5,10,3,8,1408
18.5,10,3,9,1412
18.5,10,3,10,1416
18.5,10,3,11,1421
18.5,10,3,12,1425
18.5,10,3,13,1429
18.5,10,3,14,1433
18.5,10,3,15,1438
18.5,10,4,0,1377
18.5,10,4,1,1382
18.5,10,4,2,1386
18.5,10,4,3,1391
18.5,10,4,4,1395
18.5,10,4,5,1399
18.5,10,4,6,1404
18.5,10,4,7,1408
18.5,10,4,8,1412
18.5,10,4,9,1417
18.5,10,4,10,1421
18.5,10,4,11,1425
18.5,10,4,12,1430
18.5,10,4,13,1434
18.5,10,4,14,1438
18.5,10,4,15,1442
18.5,10,5,0,1382
18.5,10,5,1,1386
18.5,10,5,2,1391
18.5,10,5,3,1395
18.5,10,5,4,1399
18.5,10,5,5,1404
18.5,10,5,6,1408
18.5,10,5,7,1413
18.5,10,5,8,1417
18.5,10,5,9,1421
18.5,10,5,10,1426
18.5,10,5,11,1430
18.5,10,5,12,1434
18.5,10,5,13,1439
18.5,10,5,14,1443
18.5,10,5,15,1447
18.5,10,6,0,1386
18.5,10,6,1,1391
18.5,10,6,2,1395
18.5,10,6,3,1400
18.5,10,6,4,1404
18.5,10,6,5,1408
18.5,10,6,6,1413
18.5,10,6,7,1417
18.5,10,6,8,1422
18.5,10,6,9,1426
18.5,10,6,10,1430
18.5,10,6,11,1435
18.5,10,6,12,1439
18.5,10,6,13,1443
18.5,10,6,14,1447
18.5,10,6,15,1452
18.5,10,7,0,1391
18.5,10,7,1,1395
18.5,10,7,2,1400
18.5,10,7,3,1404
18.5,10,7,4,1409
18.5,10,7,5,1413
18.5,10,7,6,1417
18.5,10,7,7,1422
18.5,10,7,8,1426
18.5,10,7,9,1430
18.5,10,7,10,1435
18.5,10,7,11,1439
18.5,10,7,12,1444
18.5,10,7,13,1448
18.5,10,7,14,1452
18.5,10,7,15,1456
18.5,10,8,0,1395
18.5,10,8,1,1400
18.5,10,8,2,1404
18.5,10,8,3,1409
18.5,10,8,4,1413
18.5,10,8,5,1417
18.5,10,8,6,1422
18.5,10,8,7,1426
18.5,10,8,8,1431
18.5,10,8,9,1435
18.5,10,8,10,1439
18.5,10,8,11,1444
18.5,10,8,12,1448
18.5,10,8,13,1452
18.5,10,8,14,1457
18.5,10,8,15,1461
18.5,10,9,0,1400
18.5,10,9,1,1404
18.5,10,9,2,1409
18.5,10,9,3,1413
18.5,10,9,4,1418
18.5,10,9,5,1422
18.5,10,9,6,1426
18.5,10,9,7,1431
18.5,10,9,8,1435
18.5,10,9,9,1440
18.5,10,9,10,1444
18.5,10,9,11,1448
18.5,10,9,12,1453
18.5,10,9,13,1457
18.5,10,9,14,1461
18.5,10,9,15,1466
18.5,10,10,0,1404
18.5,10,10,1,1409
18.5,10,10,2,1413
18.5,10,10,3,1418
18.5,10,10,4,1422
18.5,10,10,5,1426
18.5,10,10,6,1431
18.5,10,10,7,1435
18.5,10,10,8,1440
18.5,10,10,9,1444
18.5,10,10,10,1449
18.5,10,10,11,1453
18.5,10,10,12,1457
18.5,10,10,13,1462
18.5,10,10,14,1466
18.5,10,10,15,1470
18.5,10,11,0,1408
18.5,10,11,1,1413
18.5,10,11,2,1417
18.5,10,11,3,1422
18.5,10,11,4,1426
18.5,10,11,5,1431
18.5,10,11,6,1435
18.5,10,11,7,1440
18.5,10,11,8,1444
18.5,10,11,9,1449
18.5,10,11,10,1453
18.5,10,11,11,1458
18.5,10,11,12,1462
18.5,10,11,13,1466
18.5,10,11,14,1471
18.5,10,11,15,1475
18.5,10,12,0,1413
18.5,10,12,1,1417
18.5,10,12,2,1422
18.5,10,12,3,1426
18.5,10,12,4,1431
18.5,10,12,5,1435
18.5,10,12,6,1440
18.5,10,12,7,1444
18.5,10,12,8,1449
18.5,10,12,9,1453
18.5,10,12,10,1458
18.5,10,12,11,1462
18.5,10,12,12,1466
18.5,10,12,13,1471
18.5,10,12,14,1475
18.5,10,12,15,1480
18.5,10,13,0,1417
18.5,10,13,1,1422
18.5,10,13,2,1426
18.5,10,13,3,1431
18.5,10,13,4,1435
18.5,10,13,5,1440
18.5,10,13,6,1444
18.5,10,13,7,1449
18.5,10,13,8,1453
18.5,10,13,9,1458
18.5,10,13,10,1462
18.5,10,13,11,1467
18.5,10,13,12,1471
18.5,10,13,13,1475
18.5,10,13,14,1480
18.5,10,13,15,1484
18.5,10,14,0,1422
18.5,10,14,1,1426
18.5,10,14,2,1431
18.5,10,14,3,1435
18.5,10,14,4,1440
18.5,10,14,5,1444
18.5,10,14,6,1449
18.5,10,14,7,1453
18.5,10,14,8,1458
18.5,10,14,9,1462
18.5,10,14,10,1467
18.5,10,14,11,1471
18.5,10,14,12,1476
18.5,10,14,13,1480
18.5,10,14,14,1484
18.5,10,14,15,1489
18.5,10,15,0,1426
18.5,10,15,1,1430
18.5,10,15,2,1435
18.5,10,15,3,1440
18.5,10,15,4,1444
18.5,10,15,5,1449
18.5,10,15,6,1453
18.5,10,15,7,1458
18.5,10,15,8,1462
18.5,10,15,9,1467
18.5,10,15,10,1471
18.5,10,15,11,1476
18.5,10,15,12,1480
18.5,10,15,13,1485
18.5,10,15,14,1489
18.5,10,15,15,1493
18.5,11,0,0,1364
18.5,11,0,1,1369
18.5,11,0,2,1373
18.5,11,0,3,1377
18.5,11,0,4,1382
18.5,11,0,5,1386
18.5,11,0,6,1390
18.5,11,0,7,1395
18.5,11,0,8,1399
18.5,11,0,9,1403
18.5,11,0,10,1407
18.5,11,0,11,1412
18.5,11,0,12,1416
18.5,11,0,13,1420
18.5,11,0,14,1424
18.5,11,0,15,1429
18.5,11,1,0,1369
18.5,11,1,1,1373
18.5,11,1,2,1377
18.5,11,1,3,1382
18.5,11,1,4,1386
18.5,11,1,5,1391
18.5,11,1,6,1395
18.5,11,1,7,1399
18.5,11,1,8,1404
18.5,11,1,9,1408
18.5,11,1,10,1412
18.5,11,1,11,1416
18.5,11,1,12,1421
18.5,11,1,13,1425
18.5,11,1,14,1429
18.5,11,1,15,1433
18.5,11,2,0,1373
18.5,11,2,1,1378
18.5,11,2,2,1382
18.5,11,2,3,1386
18.5,11,2,4,1391
18.5,11,2,5,1395
18.5,11,2,6,1400
18.5,11,2,7,1404
18.5,11,2,8,1408
18.5,11,2,9,1413
18.5,11,2,10,1417
18.5,11,2,11,1421
18.5,11,2,12,1425
18.5,11,2,13,1430
18.5,11,2,14,1434
18.5,11,2,15,1438
18.5,11,3,0,1378
18.5,11,3,1,1382
18.5,11,3,2,1387
18.5,11,3,3,1391
18.5,11,3,4,1395
18.5,11,3,5,1400
18.5,11,3,6,1404
18.5,11,3,7,1409
18.5,11,3,8,1413
18.5,11,3,9,1417
18.5,11,3,10,1422
18.5,11,3,11,1426
18.5,11,3,12,1430
18.5,11,3,13,1434
18.5,11,3,14,1439
18.5,11,3,15,1443
18.5,11,4,0,1382
18.5,11,4,1,1387
18.5,11,4,2,1391
18.5,11,4,3,1396
18.5,11,4,4,1400
18.5,11,4,5,1404
18.5,11,4,6,1409
18.5,11,4,7,1413
18.5,11,4,8,1418
18.5,11,4,9,1422
18.5,11,4,10,1426
18.5,11,4,11,1431
18.5,11,4,12,1435
18.5,11,4,13,1439
18.5,11,4,14,1443
18.5,11,4,15,1448
18.5,11,5,0,1387
18.5,11,5,1,1391
18.5,11,5,2,1396
18.5,11,5,3,1400
18.5,11,5,4,1405
18.5,11,5,5,1409
18.5,11,5,6,1413
18.5,11,5,7,1418
18.5,11,5,8,1422
18.5,11,5,9,1427
18.5,11,5,10,1431
18.5,11,5,11,1435
18.5,11,5,12,1440
18.5,11,5,13,1444
18.5,11,5,14,1448
18.5,11,5,15,1452
18.5,11,6,0,1391
18.5,11,6,1,1396
18.5,11,6,2,1400
18.5,11,6,3,1405
18.5,11,6,4,1409
18.5,11,6,5,1414
18.5,11,6,6,1418
18.5,11,6,7,1422
18.5,11,6,8,1427
18.5,11,6,9,1431
18.5,11,6,10,1436
18.5,11,6,11,1440
18.5,11,6,12,1444
18.5,11,6,13,1449
18.5,11,6,14,1453
18.5,11,6,15,1457
18.5,11,7,0,1396
18.5,11,7,1,1400
18.5,11,7,2,1405
18.5,11,7,3,1409
18.5,11,7,4,1414
18.5,11,7,5,1418
18.5,11,7,6,1423
18.5,11,7,7,1427
18.5,11,7,8,1431
18.5,11,7,9,1436
18.5,11,7,10,1440
18.5,11,7,11,1445
18.5,11,7,12,1449
18.5,11,7,13,1453
18.5,11,7,14,1458
18.5,11,7,15,1462
18.5,11,8,0,1400
18.5,11,8,1,1405
18.5,11,8,2,1409
18.5,11,8,3,1414
18.5,11,8,4,1418
18.5,11,8,5,1423
18.5,11,8,6,1427
18.5,11,8,7,1432
18.5,11,8,8,1436
18.5,11,8,9,1440
18.5,11,8,10,1445
18.5,11,8,11,1449
18.5,11,8,12,1453
18.5,11,8,13,1458
18.5,11,8,14,1462
18.5,11,8,15,1466
18.5,11,9,0,1405
18.5,11,9,1,1409
18.5,11,9,2,1414
18.5,11,9,3,1418
18.5,11,9,4,1423
18.5,11,9,5,1427
18.5,11,9,6,1432
18.5,11,9,7,1436
18.5,11,9,8,1441
18.5,11,9,9,1445
18.5,11,9,10,1449
18.5,11,9,11,1454
18.5,11,9,12,1458
18.5,11,9,13,1462
18.5,11,9,14,1467
18.5,11,9,15,1471
18.5,11,10,0,1409
18.5,11,10,1,1414
18.5,11,10,2,1418
18.5,11,10,3,1423
18.5,11,10,4,1427
18.5,11,10,5,1432
18.5,11,10,6,1436
18.5,11,10,7,1441
18.5,11,10,8,1445
18.5,11,10,9,1450
18.5,11,10,10,1454
18.5,11,10,11,1458
18.5,11,10,12,1463
18.5,11,10,13,1467
18.5,11,10,14,1471
18.5,11,10,15,1476
18.5,11,11,0,1414
18.5,11,11,1,1418
18.5,11,11,2,1423
18.5,11,11,3,1427
18.5,11,11,4,1432
18.5,11,11,5,1436
18.5,11,11,6,1441
18.5,11,11,7,1445
18.5,11,11,8,1450
18.5,11,11,9,1454
18.5,11,11,10,1459
18.5,11,11,11,1463
18.5,11,11,12,1467
18.5,11,11,13,1472
18.5,11,11,14,1476
18.5,11,11,15,1480
18.5,11,12,0,1418
18.5,11,12,1,1423
18.5,11,12,2,1427
18.5,11,12,3,1432
18.5,11,12,4,1436
18.5,11,12,5,1441
18.5,11,12,6,1445
18.5,11,12,7,1450
18.5,11,12,8,1454
18.5,11,12,9,1459
18.5,11,12,10,1463
18.5,11,12,11,1467
18.5,11,12,12,1472
18.5,11,12,13,1476
18.5,11,12,14,1481
18.5,11,12,15,1485
18.5,11,13,0,1422
18.5,11,13,1,1427
18.5,11,13,2,1432
18.5,11,13,3,1436
18.5,11,13,4,1441
18.5,11,13,5,1445
18.5,11,13,6,1450
18.5,11,13,7,1454
18.5,11,13,8,1459
18.5,11,13,9,1463
18.5,11,13,10,1468
18.5,11,13,11,1472
18.5,11,13,12,1476
18.5,11,13,13,1481
18.5,11,13,14,1485
18.5,11,13,15,1490
18.5,11,14,0,1427
18.5,11,14,1,1431
18.5,11,14,2,1436
18.5,11,14,3,1441
18.5,11,14,4,1445
18.5,11,14,5,1450
18.5,11,14,6,1454
18.5,11,14,7,1459
18.5,11,14,8,1463
18.5,11,14,9,1468
18.5,11,14,10,1472
18.5,11,14,11,1477
18.5,11,14,12,1481
18.5,11,14,13,1485
18.5,11,14,14,1490
18.5,11,14,15,1494
18.5,11,15,0,1431
18.5,11,15,1,1436
18.5,11,15,2,1440
18.5,11,15,3,1445
18.5,11,15,4,1450
18.5,11,15,5,1454
18.5,11,15,6,1459
18.5,11,15,7,1463
18.5,11,15,8,1468
18.5,11,15,9,1472
18.5,11,15,10,1477
18.5,11,15,11,1481
18.5,11,15,12,1486
18.5,11,15,13,1490
18.5,11,15,14,1494
18.5,11,15,15,1499
18.5,12,0,0,1369
18.5,12,0,1,1374
18.5,12,0,2,1378
18.5,12,0,3,1382
18.5,12,0,4,1387
18.5,12,0,5,1391
18.5,12,0,6,1395
18.5,12,0,7,1400
18.5,12,0,8,1404
18.5,12,0,9,1408
18.5,12,0,10,1413
18.5,12,0,11,1417
18.5,12,0,12,1421
18.5,12,0,13,1425
18.5,12,0,14,1430
18.5,12,0,15,1434
18.5,12,1,0,1374
18.5,12,1,1,1378
18.5,12,1,2,1383
18.5,12,1,3,1387
18.5,12,1,4,1391
18.5,12,1,5,1396
18.5,12,1,6,1400
18.5,12,1,7,1404
18.5,12,1,8,1409
18.5,12,1,9,1413
18.5,12,1,10,1417
18.5,12,1,11,1422
18.5,12,1,12,1426
18.5,12,1,13,1430
18.5,12,1,14,1434
18.5,12,1,15,1439
18.5,12,2,0,1378
18.5,12,2,1,1383
18.5,12,2,2,1387
18.5,12,2,3,1392
18.5,12,2,4,1396
18.5,12,2,5,1400
18.5,12,2,6,1405
18.5,12,2,7,1409
18.5,12,2,8,1413
18.5,12,2,9,1418
18.5,12,2,10,1422
18.5,12,2,11,1426
18.5,12,2,12,1431
18.5,12,2,13,1435
18.5,12,2,14,1439
18.5,12,2,15,1443
18.5,12,3,0,1383
18.5,12,3,1,1387
18.5,12,3,2,1392
18.5,12,3,3,1396
18.5,12,3,4,1401
18.5,12,3,5,1405
18.5,12,3,6,1409
18.5,12,3,7,1414
18.5,12,3,8,1418
18.5,12,3,9,1422
18.5,12,3,10,1427
18.5,12,3,11,1431
18.5,12,3,12,1435
18.5,12,3,13,1440
18.5,12,3,14,1444
18.5,12,3,15,1448
18.5,12,4,0,1387
18.5,12,4,1,1392
18.5,12,4,2,1396
18.5,12,4,3,1401
18.5,12,4,4,1405
18.5,12,4,5,1410
18.5,12,4,6,1414
18.5,12,4,7,1418
18.5,12,4,8,1423
18.5,12,4,9,1427
18.5,12,4,10,1431
18.5,12,4,11,1436
18.5,12,4,12,1440
18.5,12,4,13,1444
18.5,12,4,14,1449
18.5,12,4,15,1453
18.5,12,5,0,1392
18.5,12,5,1,1396
18.5,12,5,2,1401
18.5,12,5,3,1405
18.5,12,5,4,1410
18.5,12,5,5,1414
18.5,12,5,6,1419
18.5,12,5,7,1423
18.5,12,5,8,1427
18.5,12,5,9,1432
18.5,12,5,10,1436
18.5,12,5,11,1440
18.5,12,5,12,1445
18.5,12,5,13,1449
18.5,12,5,14,1453
18.5,12,5,15,1458
18.5,12,6,0,1396
18.5,12,6,1,1401
18.5,12,6,2,1405
18.5,12,6,3,1410
18.5,12,6,4,1414
18.5,12,6,5,1419
18.5,12,6,6,1423
18.5,12,6,7,1428
18.5,12,6,8,1432
18.5,12,6,9,1436
18.5,12,6,10,1441
18.5,12,6,11,1445
18.5,12,6,12,1450
18.5,12,6,13,1454
18.5,12,6,14,1458
18.5,12,6,15,1462
18.5,12,7,0,1401
18.5,12,7,1,1405
18.5,12,7,2,1410
18.5,12,7,3,1414
18.5,12,7,4,1419
18.5,12,7,5,1423
18.5,12,7,6,1428
18.5,12,7,7,1432
18.5,12,7,8,1437
18.5,12,7,9,1441
18.5,12,7,10,1445
18.5,12,7,11,1450
18.5,12,7,12,1454
18.5,12,7,13,1459
18.5,12,7,14,1463
18.5,12,7,15,1467
18.5,12,8,0,1405
18.5,12,8,1,1410
18.5,12,8,2,1414
18.5,12,8,3,1419
18.5,12,8,4,1423
18.5,12,8,5,1428
18.5,12,8,6,1432
18.5,12,8,7,1437
18.5,12,8,8,1441
18.5,12,8,9,1446
18.5,12,8,10,1450
18.5,12,8,11,1454
18.5,12,8,12,1459
18.5,12,8,13,1463
18.5,12,8,14,1468
18.5,12,8,15,1472
18.5,12,9,0,1410
18.5,12,9,1,1414
18.5,12,9,2,1419
18.5,12,9,3,1423
18.5,12,9,4,1428
18.5,12,9,5,1432
18.5,12,9,6,1437
18.5,12,9,7,1441
18.5,12,9,8,1446
18.5,12,9,9,1450
18.5,12,9,10,1455
18.5,12,9,11,1459
18.5,12,9,12,1463
18.5,12,9,13,1468
18.5,12,9,14,1472
18.5,12,9,15,1477
18.5,12,10,0,1414
18.5,12,10,1,1419
18.5,12,10,2,1423
18.5,12,10,3,1428
18.5,12,10,4,1432
18.5,12,10,5,1437
18.5,12,10,6,1441
18.5,12,10,7,1446
18.5,12,10,8,1450
18.5,12,10,9,1455
18.5,12,10,10,1459
18.5,12,10,11,1464
18.5,12,10,12,1468
18.5,12,10,13,1472
18.5,12,10,14,1477
18.5,12,10,15,1481
18.5,12,11,0,1419
18.5,12,11,1,1423
18.5,12,11,2,1428
18.5,12,11,3,1432
18.5,12,11,4,1437
18.5,12,11,5,1442
18.5,12,11,6,1446
18.5,12,11,7,1450
18.5,12,11,8,1455
18.5,12,11,9,1459
18.5,12,11,10,1464
18.5,12,11,11,1468
18.5,12,11,12,1473
18.5,12,11,13,1477
18.5,12,11,14,1482
18.5,12,11,15,1486
18.5,12,12,0,1423
18.5,12,12,1,1428
18.5,12,12,2,1432
18.5,12,12,3,1437
18.5,12,12,4,1441
18.5,12,12,5,1446
18.5,12,12,6,1451
18.5,12,12,7,1455
18.5,12,12,8,1460
18.5,12,12,9,1464
18.5,12,12,10,1468
18.5,12,12,11,1473
18.5,12,12,12,1477
18.5,12,12,13,1482
18.5,12,12,14,1486
18.5,12,12,15,1491
18.5,12,13,0,1428
18.5,12,13,1,1432
18.5,12,13,2,1437
18.5,12,13,3,1441
18.5,12,13,4,1446
18.5,12,13,5,1450
18.5,12,13,6,1455
18.5,12,13,7,1460
18.5,12,13,8,1464
18.5,12,13,9,1469
18.5,12,13,10,1473
18.5,12,13,11,1477
18.5,12,13,12,1482
18.5,12,13,13,1486
18.5,12,13,14,1491
18.5,12,13,15,1495
18.5,12,14,0,1432
18.5,12,14,1,1437
18.5,12,14,2,1441
18.5,12,14,3,1446
18.5,12,14,4,1450
18.5,12,14,5,1455
18.5,12,14,6,1460
18.5,12,14,7,1464
18.5,12,14,8,1469
18.5,12,14,9,1473
18.5,12,14,10,1478
18.5,12,14,11,1482
18.5,12,14,12,1486
18.5,12,14,13,1491
18.5,12,14,14,1495
18.5,12,14,15,1500
18.5,12,15,0,1436
18.5,12,15,1,1441
18.5,12,15,2,1446
18.5,12,15,3,1450
18.5,12,15,4,1455
18.5,12,15,5,1459
18.5,12,15,6,1464
18.5,12,15,7,1469
18.5,12,15,8,1473
18.5,12,15,9,1478
18.5,12,15,10,1482
18.5,12,15,11,1487
18.5,12,15,12,1491
18.5,12,15,13,1495
18.5,12,15,14,1500
18.5,12,15,15,1504
18.5,13,0,0,1374
18.5,13,0,1,1379
18.5,13,0,2,1383
18.5,13,0,3,1387
18.5,13,0,4,1392
18.5,13,0,5,1396
18.5,13,0,6,1401
18.5,13,0,7,1405
18.5,13,0,8,1409
18.5,13,0,9,1414
18.5,13,0,10,1418
18.5,13,0,11,1422
18.5,13,0,12,1426
18.5,13,0,13,1431
18.5,13,0,14,1435
18.5,13,0,15,1439
18.5,13,1,0,1379
18.5,13,1,1,1383
18.5,13,1,2,1388
18.5,13,1,3,1392
18.5,13,1,4,1396
18.5,13,1,5,1401
18.5,13,1,6,1405
18.5,13,1,7,1410
18.5,13,1,8,1414
18.5,13,1,9,1418
18.5,13,1,10,1423
18.5,13,1,11,1427
18.5,13,1,12,1431
18.5,13,1,13,1435
18.5,13,1,14,1440
18.5,13,1,15,1444
18.5,13,2,0,1383
18.5,13,2,1,1388
18.5,13,2,2,1392
18.5,13,2,3,1397
18.5,13,2,4,1401
18.5,13,2,5,1405
18.5,13,2,6,1410
18.5,13,2,7,1414
18.5,13,2,8,1419
18.5,13,2,9,1423
18.5,13,2,10,1427
18.5,13,2,11,1432
18.5,13,2,12,1436
18.5,13,2,13,1440
18.5,13,2,14,1444
18.5,13,2,15,1449
18.5,13,3,0,1388
18.5,13,3,1,1392
18.5,13,3,2,1397
18.5,13,3,3,1401
18.5,13,3,4,1406
18.5,13,3,5,1410
18.5,13,3,6,1415
18.5,13,3,7,1419
18.5,13,3,8,1423
18.5,13,3,9,1428
18.5,13,3,10,1432
18.5,13,3,11,1436
18.5,13,3,12,1441
18.5,13,3,13,1445
18.5,13,3,14,1449
18.5,13,3,15,1454
18.5,13,4,0,1392
18.5,13,4,1,1397
18.5,13,4,2,1401
18.5,13,4,3,1406
18.5,13,4,4,1410
18.5,13,4,5,1415
18.5,13,4,6,1419
18.5,13,4,7,1424
18.5,13,4,8,1428
18.5,13,4,9,1432
18.5,13,4,10,1437
18.5,13,4,11,1441
18.5,13,4,12,1445
18.5,13,4,13,1450
18.5,13,4,14,1454
18.5,13,4,15,1458
18.5,13,5,0,1397
18.5,13,5,1,1402
18.5,13,5,2,1406
18.5,13,5,3,1410
18.5,13,5,4,1415
18.5,13,5,5,1419
18.5,13,5,6,1424
18.5,13,5,7,1428
18.5,13,5,8,1433
18.5,13,5,9,1437
18.5,13,5,10,1441
18.5,13,5,11,1446
18.5,13,5,12,1450
18.5,13,5,13,1454
18.5,13,5,14,1459
18.5,13,5,15,1463
18.5,13,6,0,1402
18.5,13,6,1,1406
18.5,13,6,2,1411
18.5,13,6,3,1415
18.5,13,6,4,1420
18.5,13,6,5,1424
18.5,13,6,6,1428
18.5,13,6,7,1433
18.5,13,6,8,1437
18.5,13,6,9,1442
18.5,13,6,10,1446
18.5,13,6,11,1450
18.5,13,6,12,1455
18.5,13,6,13,1459
18.5,13,6,14,1464
18.5,13,6,15,1468
18.5,13,7,0,1406
18.5,13,7,1,1411
18.5,13,7,2,1415
18.5,13,7,3,1420
18.5,13,7,4,1424
18.5,13,7,5,1429
18.5,13,7,6,1433
18.5,13,7,7,1437
18.5,13,7,8,1442
18.5,13,7,9,1446
18.5,13,7,10,1451
18.5,13,7,11,1455
18.5,13,7,12,1460
18.5,13,7,13,1464
18.5,13,7,14,1468
18.5,13,7,15,1473
18.5,13,8,0,1411
18.5,13,8,1,1415
18.5,13,8,2,1420
18.5,13,8,3,1424
18.5,13,8,4,1429
18.5,13,8,5,1433
18.5,13,8,6,1438
18.5,13,8,7,1442
18.5,13,8,8,1447
18.5,13,8,9,1451
18.5,13,8,10,1455
18.5,13,8,11,1460
18.5,13,8,12,1464
18.5,13,8,13,1469
18.5,13,8,14,1473
18.5,13,8,15,1477
18.5,13,9,0,1415
18.5,13,9,1,1420
18.5,13,9,2,1424
18.5,13,9,3,1429
18.5,13,9,4,1433
18.5,13,9,5,1438
18.5,13,9,6,1442
18.5,13,9,7,1447
18.5,13,9,8,1451
18.5,13,9,9,1456
18.5,13,9,10,1460
18.5,13,9,11,1464
18.5,13,9,12,1469
18.5,13,9,13,1473
18.5,13,9,14,1478
18.5,13,9,15,1482
18.5,13,10,0,1420
18.5,13,10,1,1424
18.5,13,10,2,1429
18.5,13,10,3,1433
18.5,13,10,4,1438
18.5,13,10,5,1442
18.5,13,10,6,1447
18.5,13,10,7,1451
18.5,13,10,8,1456
18.5,13,10,9,1460
18.5,13,10,10,1465
18.5,13,10,11,1469
18.5,13,10,12,1473
18.5,13,10,13,1478
18.5,13,10,14,1482
18.5,13,10,15,1487
18.5,13,11,0,1424
18.5,13,11,1,1429
18.5,13,11,2,1433
18.5,13,11,3,1438
18.5,13,11,4,1442
18.5,13,11,5,1447
18.5,13,11,6,1451
18.5,13,11,7,1456
18.5,13,11,8,1460
18.5,13,11,9,1465
18.5,13,11,10,1469
18.5,13,11,11,1474
18.5,13,11,12,1478
18.5,13,11,13,1483
18.5,13,11,14,1487
18.5,13,11,15,1491
18.5,13,12,0,1428
18.5,13,12,1,1433
18.5,13,12,2,1438
18.5,13,12,3,1442
18.5,13,12,4,1447
18.5,13,12,5,1451
18.5,13,12,6,1456
18.5,13,12,7,1460
18.5,13,12,8,1465
18.5,13,12,9,1469
18.5,13,12,10,1474
18.5,13,12,11,1478
18.5,13,12,12,1483
18.5,13,12,13,1487
18.5,13,12,14,1492
18.5,13,12,15,1496
18.5,13,13,0,1433
18.5,13,13,1,1437
18.5,13,13,2,1442
18.5,13,13,3,1447
18.5,13,13,4,1451
18.5,13,13,5,1456
18.5,13,13,6,1460
18.5,13,13,7,1465
18.5,13,13,8,1469
18.5,13,13,9,1474
18.5,13,13,10,1478
18.5,13,13,11,1483
18.5,13,13,12,1487
18.5,13,13,13,1492
18.5,13,13,14,1496
18.5,13,13,15,1501
18.5,13,14,0,1437
18.5,13,14,1,1442
18.5,13,14,2,1447
18.5,13,14,3,1451
18.5,13,14,4,1456
18.5,13,14,5,1460
18.5,13,14,6,1465
18.5,13,14,7,1469
18.5,13,14,8,1474
18.5,13,14,9,1478
18.5,13,14,10,1483
18.5,13,14,11,1487
18.5,13,14,12,1492
18.5,13,14,13,1496
18.5,13,14,14,1501
18.5,13,14,15,1505
18.5,13,15,0,1442
18.5,13,15,1,1446
18.5,13,15,2,1451
18.5,13,15,3,1456
18.5,13,15,4,1460
18.5,13,15,5,1465
18.5,13,15,6,1469
18.5,13,15,7,1474
18.5,13,15,8,1478
18.5,13,15,9,1483
18.5,13,15,10,1487
18.5,13,15,11,1492
18.5,13,15,12,1496
18.5,13,15,13,1501
18.5,13,15,14,1505
18.5,13,15,15,1510
18.5,14,0,0,1379
18.5,14,0,1,1384
18.5,14,0,2,1388
18.5,14,0,3,1392
18.5,14,0,4,1397
18.5,14,0,5,1401
18.5,14,0,6,1406
18.5,14,0,7,1410
18.5,14,0,8,1414
18.5,14,0,9,1419
18.5,14,0,10,1423
18.5,14,0,11,1427
18.5,14,0,12,1432
18.5,14,0,13,1436
18.5,14,0,14,1440
18.5,14,0,15,1444
18.5,14,1,0,1384
18.5,14,1,1,1388
18.5,14,1,2,1393
18.5,14,1,3,1397
18.5,14,1,4,1402
18.5,14,1,5,1406
18.5,14,1,6,1410
18.5,14,1,7,1415
18.5,14,1,8,1419
18.5,14,1,9,1423
18.5,14,1,10,1428
18.5,14,1,11,1432
18.5,14,1,12,1436
18.5,14,1,13,1441
18.5,14,1,14,1445
18.5,14,1,15,1449
18.5,14,2,0,1388
18.5,14,2,1,1393
18.5,14,2,2,1397
18.5,14,2,3,1402
18.5,14,2,4,1406
18.5,14,2,5,1411
18.5,14,2,6,1415
18.5,14,2,7,1419
18.5,14,2,8,1424
18.5,14,2,9,1428
18.5,14,2,10,1433
18.5,14,2,11,1437
18.5,14,2,12,1441
18.5,14,2,13,1445
18.5,14,2,14,1450
18.5,14,2,15,1454
18.5,14,3,0,1393
18.5,14,3,1,1397
18.5,14,3,2,1402
18.5,14,3,3,1406
18.5,14,3,4,1411
18.5,14,3,5,1415
18.5,14,3,6,1420
18.5,14,3,7,1424
18.5,14,3,8,1429
18.5,14,3,9,1433
18.5,14,3,10,1437
18.5,14,3,11,1442
18.5,14,3,12,1446
18.5,14,3,13,1450
18.5,14,3,14,1455
18.5,14,3,15,1459
18.5,14,4,0,1398
18.5,14,4,1,1402
18.5,14,4,2,1407
18.5,14,4,3,1411
18.5,14,4,4,1415
18.5,14,4,5,1420
18.5,14,4,6,1424
18.5,14,4,7,1429
18.5,14,4,8,1433
18.5,14,4,9,1438
18.5,14,4,10,1442
18.5,14,4,11,1446
18.5,14,4,12,1451
18.5,14,4,13,1455
18.5,14,4,14,1459
18.5,14,4,15,1464
18.5,14,5,0,1402
18.5,14,5,1,1407
18.5,14,5,2,1411
18.5,14,5,3,1416
18.5,14,5,4,1420
18.5,14,5,5,1425
18.5,14,5,6,1429
18.5,14,5,7,1433
18.5,14,5,8,1438
18.5,14,5,9,1442
18.5,14,5,10,1447
18.5,14,5,11,1451
18.5,14,5,12,1455
18.5,14,5,13,1460
18.5,14,5,14,1464
18.5,14,5,15,1468
18.5,14,6,0,1407
18.5,14,6,1,1411
18.5,14,6,2,1416
18.5,14,6,3,1420
18.5,14,6,4,1425
18.5,14,6,5,1429
18.5,14,6,6,1434
18.5,14,6,7,1438
18.5,14,6,8,1443
18.5,14,6,9,1447
18.5,14,6,10,1451
18.5,14,6,11,1456
18.5,14,6,12,1460
18.5,14,6,13,1465
18.5,14,6,14,1469
18.5,14,6,15,1473
18.5,14,7,0,1411
18.5,14,7,1,1416
18.5,14,7,2,1420
18.5,14,7,3,1425
18.5,14,7,4,1429
18.5,14,7,5,1434
18.5,14,7,6,1438
18.5,14,7,7,1443
18.5,14,7,8,1447
18.5,14,7,9,1452
18.5,14,7,10,1456
18.5,14,7,11,1460
18.5,14,7,12,1465
18.5,14,7,13,1469
18.5,14,7,14,1474
18.5,14,7,15,1478
18.5,14,8,0,1416
18.5,14,8,1,1420
18.5,14,8,2,1425
18.5,14,8,3,1429
18.5,14,8,4,1434
18.5,14,8,5,1438
18.5,14,8,6,1443
18.5,14,8,7,1447
18.5,14,8,8,1452
18.5,14,8,9,1456
18.5,14,8,10,1461
18.5,14,8,11,1465
18.5,14,8,12,1470
18.5,14,8,13,1474
18.5,14,8,14,1478
18.5,14,8,15,1483
18.5,14,9,0,1420
18.5,14,9,1,1425
18.5,14,9,2,1429
18.5,14,9,3,1434
18.5,14,9,4,1438
18.5,14,9,5,1443
18.5,14,9,6,1447
18.5,14,9,7,1452
18.5,14,9,8,1456
18.5,14,9,9,1461
18.5,14,9,10,1465
18.5,14,9,11,1470
18.5,14,9,12,1474
18.5,14,9,13,1479
18.5,14,9,14,1483
18.5,14,9,15,1487
18.5,14,10,0,1425
18.5,14,10,1,1429
18.5,14,10,2,1434
18.5,14,10,3,1438
18.5,14,10,4,1443
18.5,14,10,5,1448
18.5,14,10,6,1452
18.5,14,10,7,1457
18.5,14,10,8,1461
18.5,14,10,9,1466
18.5,14,10,10,1470
18.5,14,10,11,1474
18.5,14,10,12,1479
18.5,14,10,13,1483
18.5,14,10,14,1488
18.5,14,10,15,1492
18.5,14,11,0,1429
18.5,14,11,1,1434
18.5,14,11,2,1438
18.5,14,11,3,1443
18.5,14,11,4,1448
18.5,14,11,5,1452
18.5,14,11,6,1457
18.5,14,11,7,1461
18.5,14,11,8,1466
18.5,14,11,9,1470
18.5,14,11,10,1475
18.5,14,11,11,1479
18.5,14,11,12,1484
18.5,14,11,13,1488
18.5,14,11,14,1492
18.5,14,11,15,1497
18.5,14,12,0,1434
18.5,14,12,1,1438
18.5,14,12,2,1443
18.5,14,12,3,1447
18.5,14,12,4,1452
18.5,14,12,5,1457
18.5,14,12,6,1461
18.5,14,12,7,1466
18.5,14,12,8,1470
18.5,14,12,9,1475
18.5,14,12,10,1479
18.5,14,12,11,1484
18.5,14,12,12,1488
18.5,14,12,13,1493
18.5,14,12,14,1497
18.5,14,12,15,1501
18.5,14,13,0,1438
18.5,14,13,1,1443
18.5,14,13,2,1447
18.5,14,13,3,1452
18.5,14,13,4,1457
18.5,14,13,5,1461
18.5,14,13,6,1466
18.5,14,13,7,1470
18.5,14,13,8,1475
18.5,14,13,9,1479
18.5,14,13,10,1484
18.5,14,13,11,1488
18.5,14,13,12,1493
18.5,14,13,13,1497
18.5,14,13,14,1502
18.5,14,13,15,1506
18.5,14,14,0,1443
18.5,14,14,1,1447
18.5,14,14,2,1452
18.5,14,14,3,1456
18.5,14,14,4,1461
18.5,14,14,5,1466
18.5,14,14,6,1470
18.5,14,14,7,1475
18.5,14,14,8,1479
18.5,14,14,9,1484
18.5,14,14,10,1488
18.5,14,14,11,1493
18.5,14,14,12,1497
18.5,14,14,13,1502
18.5,14,14,14,1506
18.5,14,14,15,1511
18.5,14,15,0,1447
18.5,14,15,1,1452
18.5,14,15,2,1456
18.5,14,15,3,1461
18.5,14,15,4,1466
18.5,14,15,5,1470
18.5,14,15,6,1475
18.5,14,15,7,1479
18.5,14,15,8,1484
18.5,14,15,9,1488
18.5,14,15,10,1493
18.5,14,15,11,1497
18.5,14,15,12,1502
18.5,14,15,13,1506
18.5,14,15,14,1511
18.5,14,15,15,1515
18.5,15,0,0,1384
18.5,15,0,1,1389
18.5,15,0,2,1393
18.5,15,0,3,1398
18.5,15,0,4,1402
18.5,15,0,5,1406
18.5,15,0,6,1411
18.5,15,0,7,1415
18.5,15,0,8,1419
18.5,15,0,9,1424
18.5,15,0,10,1428
18.5,15,0,11,1432
18.5,15,0,12,1437
18.5,15,0,13,1441
18.5,15,0,14,1445
18.5,15,0,15,1450
18.5,15,1,0,1389
18.5,15,1,1,1393
18.5,15,1,2,1398
18.5,15,1,3,1402
18.5,15,1,4,1407
18.5,15,1,5,1411
18.5,15,1,6,1415
18.5,15,1,7,1420
18.5,15,1,8,1424
18.5,15,1,9,1429
18.5,15,1,10,1433
18.5,15,1,11,1437
18.5,15,1,12,1442
18.5,15,1,13,1446
18.5,15,1,14,1450
18.5,15,1,15,1455
18.5,15,2,0,1393
18.5,15,2,1,1398
18.5,15,2,2,1402
18.5,15,2,3,1407
18.5,15,2,4,1411
18.5,15,2,5,1416
18.5,15,2,6,1420
18.5,15,2,7,1425
18.5,15,2,8,1429
18.5,15,2,9,1433
18.5,15,2,10,1438
18.5,15,2,11,1442
18.5,15,2,12,1446
18.5,15,2,13,1451
18.5,15,2,14,1455
18.5,15,2,15,1459
18.5,15,3,0,1398
18.5,15,3,1,1403
18.5,15,3,2,1407
18.5,15,3,3,1412
18.5,15,3,4,1416
18.5,15,3,5,1420
18.5,15,3,6,1425
18.5,15,3,7,1429
18.5,15,3,8,1434
18.5,15,3,9,1438
18.5,15,3,10,1442
18.5,15,3,11,1447
18.5,15,3,12,1451
18.5,15,3,13,1456
18.5,15,3,14,1460
18.5,15,3,15,1464
18.5,15,4,0,1403
18.5,15,4,1,1407
18.5,15,4,2,1412
18.5,15,4,3,1416
18.5,15,4,4,1421
18.5,15,4,5,1425
18.5,15,4,6,1430
18.5,15,4,7,1434
18.5,15,4,8,1438
18.5,15,4,9,1443
18.5,15,4,10,1447
18.5,15,4,11,1452
18.5,15,4,12,1456
18.5,15,4,13,1460
18.5,15,4,14,1465
18.5,15,4,15,1469
18.5,15,5,0,1407
18.5,15,5,1,1412
18.5,15,5,2,1416
18.5,15,5,3,1421
18.5,15,5,4,1425
18.5,15,5,5,1430
18.5,15,5,6,1434
18.5,15,5,7,1439
18.5,15,5,8,1443
18.5,15,5,9,1448
18.5,15,5,10,1452
18.5,15,5,11,1456
18.5,15,5,12,1461
18.5,15,5,13,1465
18.5,15,5,14,1469
18.5,15,5,15,1474
18.5,15,6,0,1412
18.5,15,6,1,1416
18.5,15,6,2,1421
18.5,15,6,3,1425
18.5,15,6,4,1430
18.5,15,6,5,1434
18.5,15,6,6,1439
18.5,15,6,7,1443
18.5,15,6,8,1448
18.5,15,6,9,1452
18.5,15,6,10,1457
18.5,15,6,11,1461
18.5,15,6,12,1465
18.5,15,6,13,1470
18.5,15,6,14,1474
18.5,15,6,15,1479
18.5,15,7,0,1416
18.5,15,7,1,1421
18.5,15,7,2,1425
18.5,15,7,3,1430
18.5,15,7,4,1435
18.5,15,7,5,1439
18.5,15,7,6,1444
18.5,15,7,7,1448
18.5,15,7,8,1452
18.5,15,7,9,1457
18.5,15,7,10,1461
18.5,15,7,11,1466
18.5,15,7,12,1470
18.5,15,7,13,1475
18.5,15,7,14,1479
18.5,15,7,15,1483
18.5,15,8,0,1421
18.5,15,8,1,1425
18.5,15,8,2,1430
18.5,15,8,3,1435
18.5,15,8,4,1439
18.5,15,8,5,1444
18.5,15,8,6,1448
18.5,15,8,7,1453
18.5,15,8,8,1457
18.5,15,8,9,1462
18.5,15,8,10,1466
18.5,15,8,11,1470
18.5,15,8,12,1475
18.5,15,8,13,1479
18.5,15,8,14,1484
18.5,15,8,15,1488
18.5,15,9,0,1425
18.5,15,9,1,1430
18.5,15,9,2,1435
18.5,15,9,3,1439
18.5,15,9,4,1444
18.5,15,9,5,1448
18.5,15,9,6,1453
18.5,15,9,7,1457
18.5,15,9,8,1462
18.5,15,9,9,1466
18.5,15,9,10,1471
18.5,15,9,11,1475
18.5,15,9,12,1480
18.5,15,9,13,1484
18.5,15,9,14,1488
18.5,15,9,15,1493
18.5,15,10,0,1430
18.5,15,10,1,1435
18.5,15,10,2,1439
18.5,15,10,3,1444
18.5,15,10,4,1448
18.5,15,10,5,1453
18.5,15,10,6,1457
18.5,15,10,7,1462
18.5,15,10,8,1466
18.5,15,10,9,1471
18.5,15,10,10,1475
18.5,15,10,11,1480
18.5,15,10,12,1484
18.5,15,10,13,1489
18.5,15,10,14,1493
18.5,15,10,15,1498
18.5,15,11,0,1434
18.5,15,11,1,1439
18.5,15,11,2,1444
18.5,15,11,3,1448
18.5,15,11,4,1453
18.5,15,11,5,1457
18.5,15,11,6,1462
18.5,15,11,7,1466
18.5,15,11,8,1471
18.5,15,11,9,1475
18.5,15,11,10,1480
18.5,15,11,11,1484
18.5,15,11,12,1489
18.5,15,11,13,1493
18.5,15,11,14,1498
18.5,15,11,15,1502
18.5,15,12,0,1439
18.5,15,12,1,1444
18.5,15,12,2,1448
18.5,15,12,3,1453
18.5,15,12,4,1457
18.5,15,12,5,1462
18.5,15,12,6,1466
18.5,15,12,7,1471
18.5,15,12,8,1476
18.5,15,12,9,1480
18.5,15,12,10,1485
18.5,15,12,11,1489
18.5,15,12,12,1494
18.5,15,12,13,1498
18.5,15,12,14,1502
18.5,15,12,15,1507
18.5,15,13,0,1443
18.5,15,13,1,1448
18.5,15,13,2,1453
18.5,15,13,3,1457
18.5,15,13,4,1462
18.5,15,13,5,1466
18.5,15,13,6,1471
18.5,15,13,7,1476
18.5,15,13,8,1480
18.5,15,13,9,1485
18.5,15,13,10,1489
18.5,15,13,11,1494
18.5,15,13,12,1498
18.5,15,13,13,1503
18.5,15,13,14,1507
18.5,15,13,15,1512
18.5,15,14,0,1448
18.5,15,14,1,1452
18.5,15,14,2,1457
18.5,15,14,3,1462
18.5,15,14,4,1466
18.5,15,14,5,1471
18.5,15,14,6,1476
18.5,15,14,7,1480
18.5,15,14,8,1485
18.5,15,14,9,1489
18.5,15,14,10,1494
18.5,15,14,11,1498
18.5,15,14,12,1503
18.5,15,14,13,1507
18.5,15,14,14,1512
18.5,15,14,15,1516
18.5,15,15,0,1452
18.5,15,15,1,1457
18.5,15,15,2,1462
18.5,15,15,3,1466
18.5,15,15,4,1471
18.5,15,15,5,1475
18.5,15,15,6,1480
18.5,15,15,7,1485
18.5,15,15,8,1489
18.5,15,15,9,1494
18.5,15,15,10,1498
18.5,15,15,11,1503
18.5,15,15,12,1507
18.5,15,15,13,1512
18.5,15,15,14,1516
18.5,15,15,15,1521
19.0,0,0,0,1344
19.0,0,0,1,1349
19.0,0,0,2,1353
19.0,0,0,3,1357
19.0,0,0,4,1362
19.0,0,0,5,1366
19.0,0,0,6,1370
19.0,0,0,7,1374
19.0,0,0,8,1379
19.0,0,0,9,1383
19.0,0,0,10,1387
19.0,0,0,11,1391
19.0,0,0,12,1395
19.0,0,0,13,1400
19.0,0,0,14,1404
19.0,0,0,15,1408
19.0,0,1,0,1349
19.0,0,1,1,1353
19.0,0,1,2,1357
19.0,0,1,3,1362
19.0,0,1,4,1366
19.0,0,1,5,1370
19.0,0,1,6,1375
19.0,0,1,7,1379
19.0,0,1,8,1383
19.0,0,1,9,1387
19.0,0,1,10,1392
19.0,0,1,11,1396
19.0,0,1,12,1400
19.0,0,1,13,1404
19.0,0,1,14,1408
19.0,0,1,15,1413
19.0,0,2,0,1353
19.0,0,2,1,1358
19.0,0,2,2,1362
19.0,0,2,3,1366
19.0,0,2,4,1371
19.0,0,2,5,1375
19.0,0,2,6,1379
19.0,0,2,7,1384
19.0,0,2,8,1388
19.0,0,2,9,1392
19.0,0,2,10,1396
19.0,0,2,11,1401
19.0,0,2,12,1405
19.0,0,2,13,1409
19.0,0,2,14,1413
19.0,0,2,15,1417
19.0,0,3,0,1358
19.0,0,3,1,1362
19.0,0,3,2,1367
19.0,0,3,3,1371
19.0,0,3,4,1375
19.0,0,3,5,1380
19.0,0,3,6,1384
19.0,0,3,7,1388
19.0,0,3,8,1392
19.0,0,3,9,1397
19.0,0,3,10,1401
19.0,0,3,11,1405
19.0,0,3,12,1409
19.0,0,3,13,1414
19.0,0,3,14,1418
19.0,0,3,15,1422
19.0,0,4,0,1362
19.0,0,4,1,1367
19.0,0,4,2,1371
19.0,0,4,3,1375
19.0,0,4,4,1380
19.0,0,4,5,1384
19.0,0,4,6,1388
19.0,0,4,7,1393
19.0,0,4,8,1397
19.0,0,4,9,1401
19.0,0,4,10,1406
19.0,0,4,11,1410
19.0,0,4,12,1414
19.0,0,4,13,1418
19.0,0,4,14,1422
19.0,0,4,15,1427
19.0,0,5,0,1367
19.0,0,5,1,1371
19.0,0,5,2,1375
19.0,0,5,3,1380
19.0,0,5,4,1384
19.0,0,5,5,1389
19.0,0,5,6,1393
19.0,0,5,7,1397
19.0,0,5,8,1402
19.0,0,5,9,1406
19.0,0,5,10,1410
19.0,0,5,11,1414
19.0,0,5,12,1419
19.0,0,5,13,1423
19.0,0,5,14,1427
19.0,0,5,15,1431
19.0,0,6,0,1371
19.0,0,6,1,1376
19.0,0,6,2,1380
19.0,0,6,3,1384
19.0,0,6,4,1389
19.0,0,6,5,1393
19.0,0,6,6,1397
19.0,0,6,7,1402
19.0,0,6,8,1406
19.0,0,6,9,1410
19.0,0,6,10,1415
19.0,0,6,11,1419
19.0,0,6,12,1423
19.0,0,6,13,1427
19.0,0,6,14,1432
19.0,0,6,15,1436
19.0,0,7,0,1376
19.0,0,7,1,1380
19.0,0,7,2,1384
19.0,0,7,3,1389
19.0,0,7,4,1393
19.0,0,7,5,1398
19.0,0,7,6,1402
19.0,0,7,7,1406
19.0,0,7,8,1411
19.0,0,7,9,1415
19.0,0,7,10,1419
19.0,0,7,11,1424
19.0,0,7,12,1428
19.0,0,7,13,1432
19.0,0,7,14,1436
19.0,0,7,15,1441
19.0,0,8,0,1380
19.0,0,8,1,1384
19.0,0,8,2,1389
19.0,0,8,3,1393
19.0,0,8,4,1398
19.0,0,8,5,1402
19.0,0,8,6,1406
19.0,0,8,7,1411
19.0,0,8,8,1415
19.0,0,8,9,1419
19.0,0,8,10,1424
19.0,0,8,11,1428
19.0,0,8,12,1432
19.0,0,8,13,1437
19.0,0,8,14,1441
19.0,0,8,15,1445
19.0,0,9,0,1384
19.0,0,9,1,1389
19.0,0,9,2,1393
19.0,0,9,3,1398
19.0,0,9,4,1402
19.0,0,9,5,1406
19.0,0,9,6,1411
19.0,0,9,7,1415
19.0,0,9,8,1420
19.0,0,9,9,1424
19.0,0,9,10,1428
19.0,0,9,11,1433
19.0,0,9,12,1437
19.0,0,9,13,1441
19.0,0,9,14,1446
19.0,0,9,15,1450
19.0,0,10,0,1389
19.0,0,10,1,1393
19.0,0,10,2,1398
19.0,0,10,3,1402
19.0,0,10,4,1407
19.0,0,10,5,1411
19.0,0,10,6,1415
19.0,0,10,7,1420
19.0,0,10,8,1424
19.0,0,10,9,1428
19.0,0,10,10,1433
19.0,0,10,11,1437
19.0,0,10,12,1441
19.0,0,10,13,1446
19.0,0,10,14,1450
19.0,0,10,15,1454
19.0,0,11,0,1393
19.0,0,11,1,1398
19.0,0,11,2,1402
19.0,0,11,3,1406
19.0,0,11,4,1411
19.0,0,11,5,1415
19.0,0,11,6,1420
19.0,0,11,7,1424
19.0,0,11,8,1429
19.0,0,11,9,1433
19.0,0,11,10,1437
19.0,0,11,11,1442
19.0,0,11,12,1446
19.0,0,11,13,1450
19.0,0,11,14,1455
19.0,0,11,15,1459
19.0,0,12,0,1397
19.0,0,12,1,1402
19.0,0,12,2,1406
19.0,0,12,3,1411
19.0,0,12,4,1415
19.0,0,12,5,1420
19.0,0,12,6,1424
19.0,0,12,7,1429
19.0,0,12,8,1433
19.0,0,12,9,1437
19.0,0,12,10,1442
19.0,0,12,11,1446
19.0,0,12,12,1451
19.0,0,12,13,1455
19.0,0,12,14,1459
19.0,0,12,15,1463
19.0,0,13,0,1402
19.0,0,13,1,1406
19.0,0,13,2,1411
19.0,0,13,3,1415
19.0,0,13,4,1420
19.0,0,13,5,1424
19.0,0,13,6,1429
19.0,0,13,7,1433
19.0,0,13,8,1437
19.0,0,13,9,1442
19.0,0,13,10,1446
19.0,0,13,11,1451
19.0,0,13,12,1455
19.0,0,13,13,1459
19.0,0,13,14,1464
19.0,0,13,15,1468
19.0,0,14,0,1406
19.0,0,14,1,1411
19.0,0,14,2,1415
19.0,0,14,3,1420
19.0,0,14,4,1424
19.0,0,14,5,1429
19.0,0,14,6,1433
19.0,0,14,7,1437
19.0,0,14,8,1442
19.0,0,14,9,1446
19.0,0,14,10,1451
19.0,0,14,11,1455
19.0,0,14,12,1460
19.0,0,14,13,1464
19.0,0,14,14,1468
19.0,0,14,15,1473
19.0,0,15,0,1410
19.0,0,15,1,1415
19.0,0,15,2,1419
19.0,0,15,3,1424
19.0,0,15,4,1428
19.0,0,15,5,1433
19.0,0,15,6,1437
19.0,0,15,7,1442
19.0,0,15,8,1446
19.0,0,15,9,1451
19.0,0,15,10,1455
19.0,0,15,11,1460
19.0,0,15,12,1464
19.0,0,15,13,1468
19.0,0,15,14,1473
19.0,0,15,15,1477
19.0,1,0,0,1349
19.0,1,0,1,1354
19.0,1,0,2,1358
19.0,1,0,3,1362
19.0,1,0,4,1367
19.0,1,0,5,1371
19.0,1,0,6,1375
19.0,1,0,7,1380
19.0,1,0,8,1384
19.0,1,0,9,1388
19.0,1,0,10,1392
19.0,1,0,11,1397
19.0,1,0,12,1401
19.0,1,0,13,1405
19.0,1,0,14,1409
19.0,1,0,15,1413
19.0,1,1,0,1354
19.0,1,1,1,1358
19.0,1,1,2,1363
19.0,1,1,3,1367
19.0,1,1,4,1371
19.0,1,1,5,1376
19.0,1,1,6,1380
19.0,1,1,7,1384
19.0,1,1,8,1389
19.0,1,1,9,1393
19.0,1,1,10,1397
19.0,1,1,11,1401
19.0,1,1,12,1405
19.0,1,1,13,1410
19.0,1,1,14,1414
19.0,1,1,15,1418
19.0,1,2,0,1358
19.0,1,2,1,1363
19.0,1,2,2,1367
19.0,1,2,3,1372
19.0,1,2,4,1376
19.0,1,2,5,1380
19.0,1,2,6,1385
19.0,1,2,7,1389
19.0,1,2,8,1393
19.0,1,2,9,1397
19.0,1,2,10,1402
19.0,1,2,11,1406
19.0,1,2,12,1410
19.0,1,2,13,1414
19.0,1,2,14,1419
19.0,1,2,15,1423
19.0,1,3,0,1363
19.0,1,3,1,1367
19.0,1,3,2,1372
19.0,1,3,3,1376
19.0,1,3,4,1380
19.0,1,3,5,1385
19.0,1,3,6,1389
19.0,1,3,7,1393
19.0,1,3,8,1398
19.0,1,3,9,1402
19.0,1,3,10,1406
19.0,1,3,11,1411
19.0,1,3,12,1415
19.0,1,3,13,1419
19.0,1,3,14,1423
19.0,1,3,15,1427
19.0,1,4,0,1367
19.0,1,4,1,1372
19.0,1,4,2,1376
19.0,1,4,3,1381
19.0,1,4,4,1385
19.0,1,4,5,1389
19.0,1,4,6,1394
19.0,1,4,7,1398
19.0,1,4,8,1402
19.0,1,4,9,1407
19.0,1,4,10,1411
19.0,1,4,11,1415
19.0,1,4,12,1419
19.0,1,4,13,1424
19.0,1,4,14,1428
19.0,1,4,15,1432
19.0,1,5,0,1372
19.0,1,5,1,1376
19.0,1,5,2,1381
19.0,1,5,3,1385
19.0,1,5,4,1390
19.0,1,5,5,1394
19.0,1,5,6,1398
19.0,1,5,7,1403
19.0,1,5,8,1407
19.0,1,5,9,1411
19.0,1,5,10,1416
19.0,1,5,11,1420
19.0,1,5,12,1424
19.0,1,5,13,1428
19.0,1,5,14,1433
19.0,1,5,15,1437
19.0,1,6,0,1376
19.0,1,6,1,1381
19.0,1,6,2,1385
19.0,1,6,3,1390
19.0,1,6,4,1394
19.0,1,6,5,1398
19.0,1,6,6,1403
19.0,1,6,7,1407
19.0,1,6,8,1411
19.0,1,6,9,1416
19.0,1,6,10,1420
19.0,1,6,11,1424
19.0,1,6,12,1429
19.0,1,6,13,1433
19.0,1,6,14,1437
19.0,1,6,15,1441
19.0,1,7,0,1381
19.0,1,7,1,1385
19.0,1,7,2,1390
19.0,1,7,3,1394
19.0,1,7,4,1399
19.0,1,7,5,1403
19.0,1,7,6,1407
19.0,1,7,7,1412
19.0,1,7,8,1416
19.0,1,7,9,1420
19.0,1,7,10,1425
19.0,1,7,11,1429
19.0,1,7,12,1433
19.0,1,7,13,1438
19.0,1,7,14,1442
19.0,1,7,15,1446
19.0,1,8,0,1385
19.0,1,8,1,1390
19.0,1,8,2,1394
19.0,1,8,3,1399
19.0,1,8,4,1403
19.0,1,8,5,1407
19.0,1,8,6,1412
19.0,1,8,7,1416
19.0,1,8,8,1421
19.0,1,8,9,1425
19.0,1,8,10,1429
19.0,1,8,11,1434
19.0,1,8,12,1438
19.0,1,8,13,1442
19.0,1,8,14,1446
19.0,1,8,15,1451
19.0,1,9,0,1390
19.0,1,9,1,1394
19.0,1,9,2,1399
19.0,1,9,3,1403
19.0,1,9,4,1407
19.0,1,9,5,1412
19.0,1,9,6,1416
19.0,1,9,7,1421
19.0,1,9,8,1425
19.0,1,9,9,1429
19.0,1,9,10,1434
19.0,1,9,11,1438
19.0,1,9,12,1442
19.0,1,9,13,1447
19.0,1,9,14,1451
19.0,1,9,15,1455
19.0,1,10,0,1394
19.0,1,10,1,1399
19.0,1,10,2,1403
19.0,1,10,3,1407
19.0,1,10,4,1412
19.0,1,10,5,1416
19.0,1,10,6,1421
19.0,1,10,7,1425
19.0,1,10,8,1430
19.0,1,10,9,1434
19.0,1,10,10,1438
19.0,1,10,11,1443
19.0,1,10,12,1447
19.0,1,10,13,1451
19.0,1,10,14,1456
19.0,1,10,15,1460
19.0,1,11,0,1398
19.0,1,11,1,1403
19.0,1,11,2,1407
19.0,1,11,3,1412
19.0,1,11,4,1416
19.0,1,11,5,1421
19.0,1,11,6,1425
19.0,1,11,7,1430
19.0,1,11,8,1434
19.0,1,11,9,1438
19.0,1,11,10,1443
19.0,1,11,11,1447
19.0,1,11,12,1452
19.0,1,11,13,1456
19.0,1,11,14,1460
19.0,1,11,15,1465
19.0,1,12,0,1403
19.0,1,12,1,1407
19.0,1,12,2,1412
19.0,1,12,3,1416
19.0,1,12,4,1421
19.0,1,12,5,1425
19.0,1,12,6,1430
19.0,1,12,7,1434
19.0,1,12,8,1439
19.0,1,12,9,1443
19.0,1,12,10,1447
19.0,1,12,11,1452
19.0,1,12,12,1456
19.0,1,12,13,1460
19.0,1,12,14,1465
19.0,1,12,15,1469
19.0,1,13,0,1407
19.0,1,13,1,1412
19.0,1,13,2,1416
19.0,1,13,3,1421
19.0,1,13,4,1425
19.0,1,13,5,1430
19.0,1,13,6,1434
19.0,1,13,7,1439
19.0,1,13,8,1443
19.0,1,13,9,1447
19.0,1,13,10,1452
19.0,1,13,11,1456
19.0,1,13,12,1461
19.0,1,13,13,1465
19.0,1,13,14,1469
19.0,1,13,15,1474
19.0,1,14,0,1411
19.0,1,14,1,1416
19.0,1,14,2,1421
19.0,1,14,3,1425
19.0,1,14,4,1430
19.0,1,14,5,1434
19.0,1,14,6,1439
19.0,1,14,7,1443
19.0,1,14,8,1447
19.0,1,14,9,1452
19.0,1,14,10,1456
19.0,1,14,11,1461
19.0,1,14,12,1465
19.0,1,14,13,1469
19.0,1,14,14,1474
19.0,1,14,15,1478
19.0,1,15,0,1416
19.0,1,15,1,1420
19.0,1,15,2,1425
19.0,1,15,3,1429
19.0,1,15,4,1434
19.0,1,15,5,1438
19.0,1,15,6,1443
19.0,1,15,7,1447
19.0,1,15,8,1452
19.0,1,15,9,1456
19.0,1,15,10,1461
19.0,1,15,11,1465
19.0,1,15,12,1470
19.0,1,15,13,1474
19.0,1,15,14,1478
19.0,1,15,15,1483
19.0,2,0,0,1355
19.0,2,0,1,1359
19.0,2,0,2,1363
19.0,2,0,3,1368
19.0,2,0,4,1372
19.0,2,0,5,1376
19.0,2,0,6,1381
19.0,2,0,7,1385
19.0,2,0,8,1389
19.0,2,0,9,1393
19.0,2,0,10,1398
19.0,2,0,11,1402
19.0,2,0,12,1406
19.0,2,0,13,1410
19.0,2,0,14,1414
19.0,2,0,15,1419
19.0,2,1,0,1359
19.0,2,1,1,1364
19.0,2,1,2,1368
19.0,2,1,3,1372
19.0,2,1,4,1377
19.0,2,1,5,1381
19.0,2,1,6,1385
19.0,2,1,7,1390
19.0,2,1,8,1394
19.0,2,1,9,1398
19.0,2,1,10,1402
19.0,2,1,11,1407
19.0,2,1,12,1411
19.0,2,1,13,1415
19.0,2,1,14,1419
19.0,2,1,15,1423
19.0,2,2,0,1364
19.0,2,2,1,1368
19.0,2,2,2,1372
19.0,2,2,3,1377
19.0,2,2,4,1381
19.0,2,2,5,1386
19.0,2,2,6,1390
19.0,2,2,7,1394
19.0,2,2,8,1398
19.0,2,2,9,1403
19.0,2,2,10,1407
19.0,2,2,11,1411
19.0,2,2,12,1416
19.0,2,2,13,1420
19.0,2,2,14,1424
19.0,2,2,15,1428
19.0,2,3,0,1368
19.0,2,3,1,1373
19.0,2,3,2,1377
19.0,2,3,3,1381
19.0,2,3,4,1386
19.0,2,3,5,1390
19.0,2,3,6,1394
19.0,2,3,7,1399
19.0,2,3,8,1403
19.0,2,3,9,1407
19.0,2,3,10,1412
19.0,2,3,11,1416
19.0,2,3,12,1420
19.0,2,3,13,1424
19.0,2,3,14,1429
19.0,2,3,15,1433
19.0,2,4,0,1373
19.0,2,4,1,1377
19.0,2,4,2,1382
19.0,2,4,3,1386
19.0,2,4,4,1390
19.0,2,4,5,1395
19.0,2,4,6,1399
19.0,2,4,7,1403
19.0,2,4,8,1408
19.0,2,4,9,1412
19.0,2,4,10,1416
19.0,2,4,11,1421
19.0,2,4,12,1425
19.0,2,4,13,1429
19.0,2,4,14,1433
19.0,2,4,15,1438
19.0,2,5,0,1377
19.0,2,5,1,1382
19.0,2,5,2,1386
19.0,2,5,3,1390
19.0,2,5,4,1395
19.0,2,5,5,1399
19.0,2,5,6,1404
19.0,2,5,7,1408
19.0,2,5,8,1412
19.0,2,5,9,1417
19.0,2,5,10,1421
19.0,2,5,11,1425
19.0,2,5,12,1430
19.0,2,5,13,1434
19.0,2,5,14,1438
19.0,2,5,15,1442
19.0,2,6,0,1382
19.0,2,6,1,1386
19.0,2,6,2,1391
19.0,2,6,3,1395
19.0,2,6,4,1399
19.0,2,6,5,1404
19.0,2,6,6,1408
19.0,2,6,7,1412
19.0,2,6,8,1417
19.0,2,6,9,1421
19.0,2,6,10,1426
19.0,2,6,11,1430
19.0,2,6,12,1434
19.0,2,6,13,1438
19.0,2,6,14,1443
19.0,2,6,15,1447
19.0,2,7,0,1386
19.0,2,7,1,1391
19.0,2,7,2,1395
19.0,2,7,3,1399
19.0,2,7,4,1404
19.0,2,7,5,1408
19.0,2,7,6,1413
19.0,2,7,7,1417
19.0,2,7,8,1421
19.0,2,7,9,1426
19.0,2,7,10,1430
19.0,2,7,11,1434
19.0,2,7,12,1439
19.0,2,7,13,1443
19.0,2,7,14,1447
19.0,2,7,15,1452
19.0,2,8,0,1391
19.0,2,8,1,1395
19.0,2,8,2,1399
19.0,2,8,3,1404
19.0,2,8,4,1408
19.0,2,8,5,1413
19.0,2,8,6,1417
19.0,2,8,7,1422
19.0,2,8,8,1426
19.0,2,8,9,1430
19.0,2,8,10,1435
19.0,2,8,11,1439
19.0,2,8,12,1443
19.0,2,8,13,1448
19.0,2,8,14,1452
19.0,2,8,15,1456
19.0,2,9,0,1395
19.0,2,9,1,1399
19.0,2,9,2,1404
19.0,2,9,3,1408
19.0,2,9,4,1413
19.0,2,9,5,1417
19.0,2,9,6,1422
19.0,2,9,7,1426
19.0,2,9,8,1431
19.0,2,9,9,1435
19.0,2,9,10,1439
19.0,2,9,11,1444
19.0,2,9,12,1448
19.0,2,9,13,1452
19.0,2,9,14,1457
19.0,2,9,15,1461
19.0,2,10,0,1399
19.0,2,10,1,1404
19.0,2,10,2,1408
19.0,2,10,3,1413
19.0,2,10,4,1417
19.0,2,10,5,1422
19.0,2,10,6,1426
19.0,2,10,7,1431
19.0,2,10,8,1435
19.0,2,10,9,1439
19.0,2,10,10,1444
19.0,2,10,11,1448
19.0,2,10,12,1453
19.0,2,10,13,1457
19.0,2,10,14,1461
19.0,2,10,15,1466
19.0,2,11,0,1404
19.0,2,11,1,1408
19.0,2,11,2,1413
19.0,2,11,3,1417
19.0,2,11,4,1422
19.0,2,11,5,1426
19.0,2,11,6,1431
19.0,2,11,7,1435
19.0,2,11,8,1440
19.0,2,11,9,1444
19.0,2,11,10,1448
19.0,2,11,11,1453
19.0,2,11,12,1457
19.0,2,11,13,1461
19.0,2,11,14,1466
19.0,2,11,15,1470
19.0,2,12,0,1408
19.0,2,12,1,1413
19.0,2,12,2,1417
19.0,2,12,3,1422
19.0,2,12,4,1426
19.0,2,12,5,1431
19.0,2,12,6,1435
19.0,2,12,7,1440
19.0,2,12,8,1444
19.0,2,12,9,1448
19.0,2,12,10,1453
19.0,2,12,11,1457
19.0,2,12,12,1462
19.0,2,12,13,1466
19.0,2,12,14,1470
19.0,2,12,15,1475
19.0,2,13,0,1412
19.0,2,13,1,1417
19.0,2,13,2,1422
19.0,2,13,3,1426
19.0,2,13,4,1431
19.0,2,13,5,1435
19.0,2,13,6,1440
19.0,2,13,7,1444
19.0,2,13,8,1449
19.0,2,13,9,1453
19.0,2,13,10,1457
19.0,2,13,11,1462
19.0,2,13,12,1466
19.0,2,13,13,1471
19.0,2,13,14,1475
19.0,2,13,15,1479
19.0,2,14,0,1417
19.0,2,14,1,1421
19.0,2,14,2,1426
19.0,2,14,3,1431
19.0,2,14,4,1435
19.0,2,14,5,1440
19.0,2,14,6,1444
19.0,2,14,7,1449
19.0,2,14,8,1453
19.0,2,14,9,1457
19.0,2,14,10,1462
19.0,2,14,11,1466
19.0,2,14,12,1471
19.0,2,14,13,1475
19.0,2,14,14,1479
19.0,2,14,15,1484
19.0,2,15,0,1421
19.0,2,15,1,1426
19.0,2,15,2,1430
19.0,2,15,3,1435
19.0,2,15,4,1439
19.0,2,15,5,1444
19.0,2,15,6,1448
19.0,2,15,7,1453
19.0,2,15,8,1457
19.0,2,15,9,1462
19.0,2,15,10,1466
19.0,2,15,11,1471
19.0,2,15,12,1475
19.0,2,15,13,1480
19.0,2,15,14,1484
19.0,2,15,15,1488
19.0,3,0,0,1360
19.0,3,0,1,1364
19.0,3,0,2,1369
19.0,3,0,3,1373
19.0,3,0,4,1377
19.0,3,0,5,1382
19.0,3,0,6,1386
19.0,3,0,7,1390
19.0,3,0,8,1394
19.0,3,0,9,1399
19.0,3,0,10,1403
19.0,3,0,11,1407
19.0,3,0,12,1411
19.0,3,0,13,1416
19.0,3,0,14,1420
19.0,3,0,15,1424
19.0,3,1,0,1364
19.0,3,1,1,1369
19.0,3,1,2,1373
19.0,3,1,3,1377
19.0,3,1,4,1382
19.0,3,1,5,1386
19.0,3,1,6,1390
19.0,3,1,7,1395
19.0,3,1,8,1399
19.0,3,1,9,1403
19.0,3,1,10,1408
19.0,3,1,11,1412
19.0,3,1,12,1416
19.0,3,1,13,1420
19.0,3,1,14,1425
19.0,3,1,15,1429
19.0,3,2,0,1369
19.0,3,2,1,1373
19.0,3,2,2,1378
19.0,3,2,3,1382
19.0,3,2,4,1386
19.0,3,2,5,1391
19.0,3,2,6,1395
19.0,3,2,7,1399
19.0,3,2,8,1404
19.0,3,2,9,1408
19.0,3,2,10,1412
19.0,3,2,11,1417
19.0,3,2,12,1421
19.0,3,2,13,1425
19.0,3,2,14,1429
19.0,3,2,15,1434
19.0,3,3,0,1373
19.0,3,3,1,1378
19.0,3,3,2,1382
19.0,3,3,3,1387
19.0,3,3,4,1391
19.0,3,3,5,1395
19.0,3,3,6,1400
19.0,3,3,7,1404
19.0,3,3,8,1408
19.0,3,3,9,1413
19.0,3,3,10,1417
19.0,3,3,11,1421
19.0,3,3,12,1426
19.0,3,3,13,1430
19.0,3,3,14,1434
19.0,3,3,15,1438
19.0,3,4,0,1378
19.0,3,4,1,1382
19.0,3,4,2,1387
19.0,3,4,3,1391
19.0,3,4,4,1396
19.0,3,4,5,1400
19.0,3,4,6,1404
19.0,3,4,7,1409
19.0,3,4,8,1413
19.0,3,4,9,1417
19.0,3,4,10,1422
19.0,3,4,11,1426
19.0,3,4,12,1430
19.0,3,4,13,1435
19.0,3,4,14,1439
19.0,3,4,15,1443
19.0,3,5,0,1382
19.0,3,5,1,1387
19.0,3,5,2,1391
19.0,3,5,3,1396
19.0,3,5,4,1400
19.0,3,5,5,1405
19.0,3,5,6,1409
19.0,3,5,7,1413
19.0,3,5,8,1418
19.0,3,5,9,1422
19.0,3,5,10,1426
19.0,3,5,11,1431
19.0,3,5,12,1435
19.0,3,5,13,1439
19.0,3,5,14,1444
19.0,3,5,15,1448
19.0,3,6,0,1387
19.0,3,6,1,1391
19.0,3,6,2,1396
19.0,3,6,3,1400
19.0,3,6,4,1405
19.0,3,6,5,1409
19.0,3,6,6,1413
19.0,3,6,7,1418
19.0,3,6,8,1422
19.0,3,6,9,1427
19.0,3,6,10,1431
19.0,3,6,11,1435
19.0,3,6,12,1440
19.0,3,6,13,1444
19.0,3,6,14,1448
19.0,3,6,15,1452
19.0,3,7,0,1391
19.0,3,7,1,1396
19.0,3,7,2,1400
19.0,3,7,3,1405
19.0,3,7,4,1409
19.0,3,7,5,1414
19.0,3,7,6,1418
19.0,3,7,7,1422
19.0,3,7,8,1427
19.0,3,7,9,1431
19.0,3,7,10,1436
19.0,3,7,11,1440
19.0,3,7,12,1444
19.0,3,7,13,1449
19.0,3,7,14,1453
19.0,3,7,15,1457
19.0,3,8,0,1396
19.0,3,8,1,1400
19.0,3,8,2,1405
19.0,3,8,3,1409
19.0,3,8,4,1414
19.0,3,8,5,1418
19.0,3,8,6,1423
19.0,3,8,7,1427
19.0,3,8,8,1431
19.0,3,8,9,1436
19.0,3,8,10,1440
19.0,3,8,11,1445
19.0,3,8,12,1449
19.0,3,8,13,1453
19.0,3,8,14,1458
19.0,3,8,15,1462
19.0,3,9,0,1400
19.0,3,9,1,1405
19.0,3,9,2,1409
19.0,3,9,3,1414
19.0,3,9,4,1418
19.0,3,9,5,1423
19.0,3,9,6,1427
19.0,3,9,7,1432
19.0,3,9,8,1436
19.0,3,9,9,1440
19.0,3,9,10,1445
19.0,3,9,11,1449
19.0,3,9,12,1453
19.0,3,9,13,1458
19.0,3,9,14,1462
19.0,3,9,15,1466
19.0,3,10,0,1405
19.0,3,10,1,1409
19.0,3,10,2,1414
19.0,3,10,3,1418
19.0,3,10,4,1423
19.0,3,10,5,1427
19.0,3,10,6,1432
19.0,3,10,7,1436
19.0,3,10,8,1440
19.0,3,10,9,1445
19.0,3,10,10,1449
19.0,3,10,11,1454
19.0,3,10,12,1458
19.0,3,10,13,1462
19.0,3,10,14,1467
19.0,3,10,15,1471
19.0,3,11,0,1409
19.0,3,11,1,1414
19.0,3,11,2,1418
19.0,3,11,3,1423
19.0,3,11,4,1427
19.0,3,11,5,1432
19.0,3,11,6,1436
19.0,3,11,7,1441
19.0,3,11,8,1445
19.0,3,11,9,1449
19.0,3,11,10,1454
19.0,3,11,11,1458
19.0,3,11,12,1463
19.0,3,11,13,1467
19.0,3,11,14,1471
19.0,3,11,15,1476
19.0,3,12,0,1413
19.0,3,12,1,1418
19.0,3,12,2,1423
19.0,3,12,3,1427
19.0,3,12,4,1432
19.0,3,12,5,1436
19.0,3,12,6,1441
19.0,3,12,7,1445
19.0,3,12,8,1450
19.0,3,12,9,1454
19.0,3,12,10,1458
19.0,3,12,11,1463
19.0,3,12,12,1467
19.0,3,12,13,1472
19.0,3,12,14,1476
19.0,3,12,15,1480
19.0,3,13,0,1418
19.0,3,13,1,1422
19.0,3,13,2,1427
19.0,3,13,3,1432
19.0,3,13,4,1436
19.0,3,13,5,1441
19.0,3,13,6,1445
19.0,3,13,7,1450
19.0,3,13,8,1454
19.0,3,13,9,1458
19.0,3,13,10,1463
19.0,3,13,11,1467
19.0,3,13,12,1472
19.0,3,13,13,1476
19.0,3,13,14,1481
19.0,3,13,15,1485
19.0,3,14,0,1422
19.0,3,14,1,1427
19.0,3,14,2,1431
19.0,3,14,3,1436
19.0,3,14,4,1440
19.0,3,14,5,1445
19.0,3,14,6,1450
19.0,3,14,7,1454
19.0,3,14,8,1458
19.0,3,14,9,1463
19.0,3,14,10,1467
19.0,3,14,11,1472
19.0,3,14,12,1476
19.0,3,14,13,1481
19.0,3,14,14,1485
19.0,3,14,15,1489
19.0,3,15,0,1427
19.0,3,15,1,1431
19.0,3,15,2,1436
19.0,3,15,3,1440
19.0,3,15,4,1445
19.0,3,15,5,1449
19.0,3,15,6,1454
19.0,3,15,7,1458
19.0,3,15,8,1463
19.0,3,15,9,1467
19.0,3,15,10,1472
19.0,3,15,11,1476
19.0,3,15,12,1481
19.0,3,15,13,1485
19.0,3,15,14,1490
19.0,3,15,15,1494
19.0,4,0,0,1365
19.0,4,0,1,1369
19.0,4,0,2,1374
19.0,4,0,3,1378
19.0,4,0,4,1382
19.0,4,0,5,1387
19.0,4,0,6,1391
19.0,4,0,7,1395
19.0,4,0,8,1400
19.0,4,0,9,1404
19.0,4,0,10,1408
19.0,4,0,11,1413
19.0,4,0,12,1417
19.0,4,0,13,1421
19.0,4,0,14,1425
19.0,4,0,15,1429
19.0,4,1,0,1369
19.0,4,1,1,1374
19.0,4,1,2,1378
19.0,4,1,3,1383
19.0,4,1,4,1387
19.0,4,1,5,1391
19.0,4,1,6,1396
19.0,4,1,7,1400
19.0,4,1,8,1404
19.0,4,1,9,1409
19.0,4,1,10,1413
19.0,4,1,11,1417
19.0,4,1,12,1422
19.0,4,1,13,1426
19.0,4,1,14,1430
19.0,4,1,15,1434
19.0,4,2,0,1374
19.0,4,2,1,1378
19.0,4,2,2,1383
19.0,4,2,3,1387
19.0,4,2,4,1392
19.0,4,2,5,1396
19.0,4,2,6,1400
19.0,4,2,7,1405
19.0,4,2,8,1409
19.0,4,2,9,1413
19.0,4,2,10,1418
19.0,4,2,11,1422
19.0,4,2,12,1426
19.0,4,2,13,1431
19.0,4,2,14,1435
19.0,4,2,15,1439
19.0,4,3,0,1379
19.0,4,3,1,1383
19.0,4,3,2,1387
19.0,4,3,3,1392
19.0,4,3,4,1396
19.0,4,3,5,1401
19.0,4,3,6,1405
19.0,4,3,7,1409
19.0,4,3,8,1414
19.0,4,3,9,1418
19.0,4,3,10,1422
19.0,4,3,11,1427
19.0,4,3,12,1431
19.0,4,3,13,1435
19.0,4,3,14,1440
19.0,4,3,15,1444
19.0,4,4,0,1383
19.0,4,4,1,1388
19.0,4,4,2,1392
19.0,4,4,3,1396
19.0,4,4,4,1401
19.0,4,4,5,1405
19.0,4,4,6,1410
19.0,4,4,7,1414
19.0,4,4,8,1418
19.0,4,4,9,1423
19.0,4,4,10,1427
19.0,4,4,11,1431
19.0,4,4,12,1436
19.0,4,4,13,1440
19.0,4,4,14,1444
19.0,4,4,15,1449
19.0,4,5,0,1388
19.0,4,5,1,1392
19.0,4,5,2,1397
19.0,4,5,3,1401
19.0,4,5,4,1405
19.0,4,5,5,1410
19.0,4,5,6,1414
19.0,4,5,7,1419
19.0,4,5,8,1423
19.0,4,5,9,1427
19.0,4,5,10,1432
19.0,4,5,11,1436
19.0,4,5,12,1440
19.0,4,5,13,1445
19.0,4,5,14,1449
19.0,4,5,15,1453
19.0,4,6,0,1392
19.0,4,6,1,1397
19.0,4,6,2,1401
19.0,4,6,3,1406
19.0,4,6,4,1410
19.0,4,6,5,1414
19.0,4,6,6,1419
19.0,4,6,7,1423
19.0,4,6,8,1428
19.0,4,6,9,1432
19.0,4,6,10,1436
19.0,4,6,11,1441
19.0,4,6,12,1445
19.0,4,6,13,1449
19.0,4,6,14,1454
19.0,4,6,15,1458
19.0,4,7,0,1397
19.0,4,7,1,1401
19.0,4,7,2,1406
19.0,4,7,3,1410
19.0,4,7,4,1415
19.0,4,7,5,1419
19.0,4,7,6,1423
19.0,4,7,7,1428
19.0,4,7,8,1432
19.0,4,7,9,1437
19.0,4,7,10,1441
19.0,4,7,11,1445
19.0,4,7,12,1450
19.0,4,7,13,1454
19.0,4,7,14,1458
19.0,4,7,15,1463
19.0,4,8,0,1401
19.0,4,8,1,1406
19.0,4,8,2,1410
19.0,4,8,3,1415
19.0,4,8,4,1419
19.0,4,8,5,1424
19.0,4,8,6,1428
19.0,4,8,7,1432
19.0,4,8,8,1437
19.0,4,8,9,1441
19.0,4,8,10,1446
19.0,4,8,11,1450
19.0,4,8,12,1454
19.0,4,8,13,1459
19.0,4,8,14,1463
19.0,4,8,15,1467
19.0,4,9,0,1406
19.0,4,9,1,1410
19.0,4,9,2,1415
19.0,4,9,3,1419
19.0,4,9,4,1424
19.0,4,9,5,1428
19.0,4,9,6,1433
19.0,4,9,7,1437
19.0,4,9,8,1441
19.0,4,9,9,1446
19.0,4,9,10,1450
19.0,4,9,11,1455
19.0,4,9,12,1459
19.0,4,9,13,1463
19.0,4,9,14,1468
19.0,4,9,15,1472
19.0,4,10,0,1410
19.0,4,10,1,1415
19.0,4,10,2,1419
19.0,4,10,3,1424
19.0,4,10,4,1428
19.0,4,10,5,1433
19.0,4,10,6,1437
19.0,4,10,7,1441
19.0,4,10,8,1446
19.0,4,10,9,1450
19.0,4,10,10,1455
19.0,4,10,11,1459
19.0,4,10,12,1464
19.0,4,10,13,1468
19.0,4,10,14,1472
19.0,4,10,15,1477
19.0,4,11,0,1414
19.0,4,11,1,1419
19.0,4,11,2,1424
19.0,4,11,3,1428
19.0,4,11,4,1433
19.0,4,11,5,1437
19.0,4,11,6,1442
19.0,4,11,7,1446
19.0,4,11,8,1450
19.0,4,11,9,1455
19.0,4,11,10,1459
19.0,4,11,11,1464
19.0,4,11,12,1468
19.0,4,11,13,1473
19.0,4,11,14,1477
19.0,4,11,15,1481
19.0,4,12,0,1419
19.0,4,12,1,1423
19.0,4,12,2,1428
19.0,4,12,3,1433
19.0,4,12,4,1437
19.0,4,12,5,1442
19.0,4,12,6,1446
19.0,4,12,7,1451
19.0,4,12,8,1455
19.0,4,12,9,1459
19.0,4,12,10,1464
19.0,4,12,11,1468
19.0,4,12,12,1473
19.0,4,12,13,1477
19.0,4,12,14,1482
19.0,4,12,15,1486
19.0,4,13,0,1423
19.0,4,13,1,1428
19.0,4,13,2,1432
19.0,4,13,3,1437
19.0,4,13,4,1441
19.0,4,13,5,1446
19.0,4,13,6,1451
19.0,4,13,7,1455
19.0,4,13,8,1460
19.0,4,13,9,1464
19.0,4,13,10,1468
19.0,4,13,11,1473
19.0,4,13,12,1477
19.0,4,13,13,1482
19.0,4,13,14,1486
19.0,4,13,15,1491
19.0,4,14,0,1428
19.0,4,14,1,1432
19.0,4,14,2,1437
19.0,4,14,3,1441
19.0,4,14,4,1446
19.0,4,14,5,1450
19.0,4,14,6,1455
19.0,4,14,7,1460
19.0,4,14,8,1464
19.0,4,14,9,1469
19.0,4,14,10,1473
19.0,4,14,11,1477
19.0,4,14,12,1482
19.0,4,14,13,1486
19.0,4,14,14,1491
19.0,4,14,15,1495
19.0,4,15,0,1432
19.0,4,15,1,1437
19.0,4,15,2,1441
19.0,4,15,3,1446
19.0,4,15,4,1450
19.0,4,15,5,1455
19.0,4,15,6,1459
19.0,4,15,7,1464
19.0,4,15,8,1469
19.0,4,15,9,1473
19.0,4,15,10,1477
19.0,4,15,11,1482
19.0,4,15,12,1486
19.0,4,15,13,1491
19.0,4,15,14,1495
19.0,4,15,15,1500
19.0,5,0,0,1370
19.0,5,0,1,1374
19.0,5,0,2,1379
19.0,5,0,3,1383
19.0,5,0,4,1388
19.0,5,0,5,1392
19.0,5,0,6,1396
19.0,5,0,7,1401
19.0,5,0,8,1405
19.0,5,0,9,1409
19.0,5,0,10,1414
19.0,5,0,11,1418
19.0,5,0,12,1422
19.0,5,0,13,1426
19.0,5,0,14,1431
19.0,5,0,15,1435
19.0,5,1,0,1375
19.0,5,1,1,1379
19.0,5,1,2,1384
19.0,5,1,3,1388
19.0,5,1,4,1392
19.0,5,1,5,1397
19.0,5,1,6,1401
19.0,5,1,7,1405
19.0,5,1,8,1410
19.0,5,1,9,1414
19.0,5,1,10,1418
19.0,5,1,11,1423
19.0,5,1,12,1427
19.0,5,1,13,1431
19.0,5,1,14,1435
19.0,5,1,15,1440
19.0,5,2,0,1379
19.0,5,2,1,1384
19.0,5,2,2,1388
19.0,5,2,3,1393
19.0,5,2,4,1397
19.0,5,2,5,1401
19.0,5,2,6,1406
19.0,5,2,7,1410
19.0,5,2,8,1414
19.0,5,2,9,1419
19.0,5,2,10,1423
19.0,5,2,11,1427
19.0,5,2,12,1432
19.0,5,2,13,1436
19.0,5,2,14,1440
19.0,5,2,15,1444
19.0,5,3,0,1384
19.0,5,3,1,1388
19.0,5,3,2,1393
19.0,5,3,3,1397
19.0,5,3,4,1402
19.0,5,3,5,1406
19.0,5,3,6,1410
19.0,5,3,7,1415
19.0,5,3,8,1419
19.0,5,3,9,1423
19.0,5,3,10,1428
19.0,5,3,11,1432
19.0,5,3,12,1436
19.0,5,3,13,1441
19.0,5,3,14,1445
19.0,5,3,15,1449
19.0,5,4,0,1388
19.0,5,4,1,1393
19.0,5,4,2,1397
19.0,5,4,3,1402
19.0,5,4,4,1406
19.0,5,4,5,1411
19.0,5,4,6,1415
19.0,5,4,7,1419
19.0,5,4,8,1424
19.0,5,4,9,1428
19.0,5,4,10,1432
19.0,5,4,11,1437
19.0,5,4,12,1441
19.0,5,4,13,1445
19.0,5,4,14,1450
19.0,5,4,15,1454
19.0,5,5,0,1393
19.0,5,5,1,1397
19.0,5,5,2,1402
19.0,5,5,3,1406
19.0,5,5,4,1411
19.0,5,5,5,1415
19.0,5,5,6,1420
19.0,5,5,7,1424
19.0,5,5,8,1428
19.0,5,5,9,1433
19.0,5,5,10,1437
19.0,5,5,11,1441
19.0,5,5,12,1446
19.0,5,5,13,1450
19.0,5,5,14,1454
19.0,5,5,15,1459
19.0,5,6,0,1397
19.0,5,6,1,1402
19.0,5,6,2,1406
19.0,5,6,3,1411
19.0,5,6,4,1415
19.0,5,6,5,1420
19.0,5,6,6,1424
19.0,5,6,7,1429
19.0,5,6,8,1433
19.0,5,6,9,1437
19.0,5,6,10,1442
19.0,5,6,11,1446
19.0,5,6,12,1451
19.0,5,6,13,1455
19.0,5,6,14,1459
19.0,5,6,15,1463
19.0,5,7,0,1402
19.0,5,7,1,1406
19.0,5,7,2,1411
19.0,5,7,3,1415
19.0,5,7,4,1420
19.0,5,7,5,1424
19.0,5,7,6,1429
19.0,5,7,7,1433
19.0,5,7,8,1438
19.0,5,7,9,1442
19.0,5,7,10,1446
19.0,5,7,11,1451
19.0,5,7,12,1455
19.0,5,7,13,1460
19.0,5,7,14,1464
19.0,5,7,15,1468
19.0,5,8,0,1406
19.0,5,8,1,1411
19.0,5,8,2,1415
19.0,5,8,3,1420
19.0,5,8,4,1424
19.0,5,8,5,1429
19.0,5,8,6,1433
19.0,5,8,7,1438
19.0,5,8,8,1442
19.0,5,8,9,1447
19.0,5,8,10,1451
19.0,5,8,11,1455
19.0,5,8,12,1460
19.0,5,8,13,1464
19.0,5,8,14,1469
19.0,5,8,15,1473
19.0,5,9,0,1411
19.0,5,9,1,1415
19.0,5,9,2,1420
19.0,5,9,3,1424
19.0,5,9,4,1429
19.0,5,9,5,1433
19.0,5,9,6,1438
19.0,5,9,7,1442
19.0,5,9,8,1447
19.0,5,9,9,1451
19.0,5,9,10,1456
19.0,5,9,11,1460
19.0,5,9,12,1464
19.0,5,9,13,1469
19.0,5,9,14,1473
19.0,5,9,15,1478
19.0,5,10,0,1415
19.0,5,10,1,1420
19.0,5,10,2,1424
19.0,5,10,3,1429
19.0,5,10,4,1433
19.0,5,10,5,1438
19.0,5,10,6,1442
19.0,5,10,7,1447
19.0,5,10,8,1451
19.0,5,10,9,1456
19.0,5,10,10,1460
19.0,5,10,11,1465
19.0,5,10,12,1469
19.0,5,10,13,1473
19.0,5,10,14,1478
19.0,5,10,15,1482
19.0,5,11,0,1420
19.0,5,11,1,1424
19.0,5,11,2,1429
19.0,5,11,3,1433
19.0,5,11,4,1438
19.0,5,11,5,1442
19.0,5,11,6,1447
19.0,5,11,7,1451
19.0,5,11,8,1456
19.0,5,11,9,1460
19.0,5,11,10,1465
19.0,5,11,11,1469
19.0,5,11,12,1474
19.0,5,11,13,1478
19.0,5,11,14,1483
19.0,5,11,15,1487
19.0,5,12,0,1424
19.0,5,12,1,1429
19.0,5,12,2,1433
19.0,5,12,3,1438
19.0,5,12,4,1442
19.0,5,12,5,1447
19.0,5,12,6,1452
19.0,5,12,7,1456
19.0,5,12,8,1461
19.0,5,12,9,1465
19.0,5,12,10,1469
19.0,5,12,11,1474
19.0,5,12,12,1478
19.0,5,12,13,1483
19.0,5,12,14,1487
19.0,5,12,15,1492
19.0,5,13,0,1429
19.0,5,13,1,1433
19.0,5,13,2,1438
19.0,5,13,3,1442
19.0,5,13,4,1447
19.0,5,13,5,1451
19.0,5,13,6,1456
19.0,5,13,7,1461
19.0,5,13,8,1465
19.0,5,13,9,1470
19.0,5,13,10,1474
19.0,5,13,11,1478
19.0,5,13,12,1483
19.0,5,13,13,1487
19.0,5,13,14,1492
19.0,5,13,15,1496
19.0,5,14,0,1433
19.0,5,14,1,1438
19.0,5,14,2,1442
19.0,5,14,3,1447
19.0,5,14,4,1451
19.0,5,14,5,1456
19.0,5,14,6,1461
19.0,5,14,7,1465
19.0,5,14,8,1470
19.0,5,14,9,1474
19.0,5,14,10,1479
19.0,5,14,11,1483
19.0,5,14,12,1487
19.0,5,14,13,1492
19.0,5,14,14,1496
19.0,5,14,15,1501
19.0,5,15,0,1437
19.0,5,15,1,1442
19.0,5,15,2,1447
19.0,5,15,3,1451
19.0,5,15,4,1456
19.0,5,15,5,1460
19.0,5,15,6,1465
19.0,5,15,7,1470
19.0,5,15,8,1474
19.0,5,15,9,1479
19.0,5,15,10,1483
19.0,5,15,11,1488
19.0,5,15,12,1492
19.0,5,15,13,1496
19.0,5,15,14,1501
19.0,5,15,15,1505
19.0,6,0,0,1375
19.0,6,0,1,1380
19.0,6,0,2,1384
19.0,6,0,3,1388
19.0,6,0,4,1393
19.0,6,0,5,1397
19.0,6,0,6,1402
19.0,6,0,7,1406
19.0,6,0,8,1410
19.0,6,0,9,1415
19.0,6,0,10,1419
19.0,6,0,11,1423
19.0,6,0,12,1427
19.0,6,0,13,1432
19.0,6,0,14,1436
19.0,6,0,15,1440
19.0,6,1,0,1380
19.0,6,1,1,1384
19.0,6,1,2,1389
19.0,6,1,3,1393
19.0,6,1,4,1398
19.0,6,1,5,1402
19.0,6,1,6,1406
19.0,6,1,7,1411
19.0,6,1,8,1415
19.0,6,1,9,1419
19.0,6,1,10,1424
19.0,6,1,11,1428
19.0,6,1,12,1432
19.0,6,1,13,1437
19.0,6,1,14,1441
19.0,6,1,15,1445
19.0,6,2,0,1384
19.0,6,2,1,1389
19.0,6,2,2,1393
19.0,6,2,3,1398
19.0,6,2,4,1402
19.0,6,2,5,1407
19.0,6,2,6,1411
19.0,6,2,7,1415
19.0,6,2,8,1420
19.0,6,2,9,1424
19.0,6,2,10,1428
19.0,6,2,11,1433
19.0,6,2,12,1437
19.0,6,2,13,1441
19.0,6,2,14,1446
19.0,6,2,15,1450
19.0,6,3,0,1389
19.0,6,3,1,1393
19.0,6,3,2,1398
19.0,6,3,3,1402
19.0,6,3,4,1407
19.0,6,3,5,1411
19.0,6,3,6,1416
19.0,6,3,7,1420
19.0,6,3,8,1424
19.0,6,3,9,1429
19.0,6,3,10,1433
19.0,6,3,11,1437
19.0,6,3,12,1442
19.0,6,3,13,1446
19.0,6,3,14,1450
19.0,6,3,15,1455
19.0,6,4,0,1394
19.0,6,4,1,1398
19.0,6,4,2,1403
19.0,6,4,3,1407
19.0,6,4,4,1411
19.0,6,4,5,1416
19.0,6,4,6,1420
19.0,6,4,7,1425
19.0,6,4,8,1429
19.0,6,4,9,1433
19.0,6,4,10,1438
19.0,6,4,11,1442
19.0,6,4,12,1447
19.0,6,4,13,1451
19.0,6,4,14,1455
19.0,6,4,15,1459
19.0,6,5,0,1398
19.0,6,5,1,1403
19.0,6,5,2,1407
19.0,6,5,3,1412
19.0,6,5,4,1416
19.0,6,5,5,1420
19.0,6,5,6,1425
19.0,6,5,7,1429
19.0,6,5,8,1434
19.0,6,5,9,1438
19.0,6,5,10,1443
19.0,6,5,11,1447
19.0,6,5,12,1451
19.0,6,5,13,1456
19.0,6,5,14,1460
19.0,6,5,15,1464
19.0,6,6,0,1403
19.0,6,6,1,1407
19.0,6,6,2,1412
19.0,6,6,3,1416
19.0,6,6,4,1421
19.0,6,6,5,1425
19.0,6,6,6,1430
19.0,6,6,7,1434
19.0,6,6,8,1438
19.0,6,6,9,1443
19.0,6,6,10,1447
19.0,6,6,11,1452
19.0,6,6,12,1456
19.0,6,6,13,1460
19.0,6,6,14,1465
19.0,6,6,15,1469
19.0,6,7,0,1407
19.0,6,7,1,1412
19.0,6,7,2,1416
19.0,6,7,3,1421
19.0,6,7,4,1425
19.0,6,7,5,1430
19.0,6,7,6,1434
19.0,6,7,7,1439
19.0,6,7,8,1443
19.0,6,7,9,1447
19.0,6,7,10,1452
19.0,6,7,11,1456
19.0,6,7,12,1461
19.0,6,7,13,1465
19.0,6,7,14,1469
19.0,6,7,15,1474
19.0,6,8,0,1412
19.0,6,8,1,1416
19.0,6,8,2,1421
19.0,6,8,3,1425
19.0,6,8,4,1430
19.0,6,8,5,1434
19.0,6,8,6,1439
19.0,6,8,7,1443
19.0,6,8,8,1448
19.0,6,8,9,1452
19.0,6,8,10,1457
19.0,6,8,11,1461
19.0,6,8,12,1465
19.0,6,8,13,1470
19.0,6,8,14,1474
19.0,6,8,15,1478
19.0,6,9,0,1416
19.0,6,9,1,1421
19.0,6,9,2,1425
19.0,6,9,3,1430
19.0,6,9,4,1434
19.0,6,9,5,1439
19.0,6,9,6,1443
19.0,6,9,7,1448
19.0,6,9,8,1452
19.0,6,9,9,1457
19.0,6,9,10,1461
19.0,6,9,11,1466
19.0,6,9,12,1470
19.0,6,9,13,1474
19.0,6,9,14,1479
19.0,6,9,15,1483
19.0,6,10,0,1421
19.0,6,10,1,1425
19.0,6,10,2,1430
19.0,6,10,3,1434
19.0,6,10,4,1439
19.0,6,10,5,1443
19.0,6,10,6,1448
19.0,6,10,7,1452
19.0,6,10,8,1457
19.0,6,10,9,1461
19.0,6,10,10,1466
19.0,6,10,11,1470
19.0,6,10,12,1475
19.0,6,10,13,1479
19.0,6,10,14,1483
19.0,6,10,15,1488
19.0,6,11,0,1425
19.0,6,11,1,1430
19.0,6,11,2,1434
19.0,6,11,3,1439
19.0,6,11,4,1443
19.0,6,11,5,1448
19.0,6,11,6,1452
19.0,6,11,7,1457
19.0,6,11,8,1461
19.0,6,11,9,1466
19.0,6,11,10,1470
19.0,6,11,11,1475
19.0,6,11,12,1479
19.0,6,11,13,1484
19.0,6,11,14,1488
19.0,6,11,15,1492
19.0,6,12,0,1430
19.0,6,12,1,1434
19.0,6,12,2,1439
19.0,6,12,3,1443
19.0,6,12,4,1448
19.0,6,12,5,1452
19.0,6,12,6,1457
19.0,6,12,7,1461
19.0,6,12,8,1466
19.0,6,12,9,1470
19.0,6,12,10,1475
19.0,6,12,11,1479
19.0,6,12,12,1484
19.0,6,12,13,1488
19.0,6,12,14,1493
19.0,6,12,15,1497
19.0,6,13,0,1434
19.0,6,13,1,1439
19.0,6,13,2,1443
19.0,6,13,3,1448
19.0,6,13,4,1452
19.0,6,13,5,1457
19.0,6,13,6,1461
19.0,6,13,7,1466
19.0,6,13,8,1471
19.0,6,13,9,1475
19.0,6,13,10,1480
19.0,6,13,11,1484
19.0,6,13,12,1488
19.0,6,13,13,1493
19.0,6,13,14,1497
19.0,6,13,15,1502
19.0,6,14,0,1438
19.0,6,14,1,1443
19.0,6,14,2,1448
19.0,6,14,3,1452
19.0,6,14,4,1457
19.0,6,14,5,1461
19.0,6,14,6,1466
19.0,6,14,7,1471
19.0,6,14,8,1475
19.0,6,14,9,1480
19.0,6,14,10,1484
19.0,6,14,11,1489
19.0,6,14,12,1493
19.0,6,14,13,1498
19.0,6,14,14,1502
19.0,6,14,15,1506
19.0,6,15,0,1443
19.0,6,15,1,1447
19.0,6,15,2,1452
19.0,6,15,3,1457
19.0,6,15,4,1461
19.0,6,15,5,1466
19.0,6,15,6,1470
19.0,6,15,7,1475
19.0,6,15,8,1480
19.0,6,15,9,1484
19.0,6,15,10,1489
19.0,6,15,11,1493
19.0,6,15,12,1498
19.0,6,15,13,1502
19.0,6,15,14,1507
19.0,6,15,15,1511
19.0,7,0,0,1380
19.0,7,0,1,1385
19.0,7,0,2,1389
19.0,7,0,3,1394
19.0,7,0,4,1398
19.0,7,0,5,1402
19.0,7,0,6,1407
19.0,7,0,7,1411
19.0,7,0,8,1416
19.0,7,0,9,1420
19.0,7,0,10,1424
19.0,7,0,11,1429
19.0,7,0,12,1433
19.0,7,0,13,1437
19.0,7,0,14,1441
19.0,7,0,15,1446
19.0,7,1,0,1385
19.0,7,1,1,1389
19.0,7,1,2,1394
19.0,7,1,3,1398
19.0,7,1,4,1403
19.0,7,1,5,1407
19.0,7,1,6,1412
19.0,7,1,7,1416
19.0,7,1,8,1420
19.0,7,1,9,1425
19.0,7,1,10,1429
19.0,7,1,11,1433
19.0,7,1,12,1438
19.0,7,1,13,1442
19.0,7,1,14,1446
19.0,7,1,15,1450
19.0,7,2,0,1390
19.0,7,2,1,1394
19.0,7,2,2,1399
19.0,7,2,3,1403
19.0,7,2,4,1407
19.0,7,2,5,1412
19.0,7,2,6,1416
19.0,7,2,7,1421
19.0,7,2,8,1425
19.0,7,2,9,1429
19.0,7,2,10,1434
19.0,7,2,11,1438
19.0,7,2,12,1442
19.0,7,2,13,1447
19.0,7,2,14,1451
19.0,7,2,15,1455
19.0,7,3,0,1394
19.0,7,3,1,1399
19.0,7,3,2,1403
19.0,7,3,3,1408
19.0,7,3,4,1412
19.0,7,3,5,1417
19.0,7,3,6,1421
19.0,7,3,7,1425
19.0,7,3,8,1430
19.0,7,3,9,1434
19.0,7,3,10,1438
19.0,7,3,11,1443
19.0,7,3,12,1447
19.0,7,3,13,1452
19.0,7,3,14,1456
19.0,7,3,15,1460
19.0,7,4,0,1399
19.0,7,4,1,1403
19.0,7,4,2,1408
19.0,7,4,3,1412
19.0,7,4,4,1417
19.0,7,4,5,1421
19.0,7,4,6,1426
19.0,7,4,7,1430
19.0,7,4,8,1434
19.0,7,4,9,1439
19.0,7,4,10,1443
19.0,7,4,11,1448
19.0,7,4,12,1452
19.0,7,4,13,1456
19.0,7,4,14,1461
19.0,7,4,15,1465
19.0,7,5,0,1403
19.0,7,5,1,1408
19.0,7,5,2,1412
19.0,7,5,3,1417
19.0,7,5,4,1421
19.0,7,5,5,1426
19.0,7,5,6,1430
19.0,7,5,7,1435
19.0,7,5,8,1439
19.0,7,5,9,1444
19.0,7,5,10,1448
19.0,7,5,11,1452
19.0,7,5,12,1457
19.0,7,5,13,1461
19.0,7,5,14,1465
19.0,7,5,15,1470
19.0,7,6,0,1408
19.0,7,6,1,1412
19.0,7,6,2,1417
19.0,7,6,3,1421
19.0,7,6,4,1426
19.0,7,6,5,1430
19.0,7,6,6,1435
19.0,7,6,7,1439
19.0,7,6,8,1444
19.0,7,6,9,1448
19.0,7,6,10,1453
19.0,7,6,11,1457
19.0,7,6,12,1461
19.0,7,6,13,1466
19.0,7,6,14,1470
19.0,7,6,15,1474
19.0,7,7,0,1412
19.0,7,7,1,1417
19.0,7,7,2,1422
19.0,7,7,3,1426
19.0,7,7,4,1431
19.0,7,7,5,1435
19.0,7,7,6,1440
19.0,7,7,7,1444
19.0,7,7,8,1448
19.0,7,7,9,1453
19.0,7,7,10,1457
19.0,7,7,11,1462
19.0,7,7,12,1466
19.0,7,7,13,1471
19.0,7,7,14,1475
19.0,7,7,15,1479
19.0,7,8,0,1417
19.0,7,8,1,1422
19.0,7,8,2,1426
19.0,7,8,3,1431
19.0,7,8,4,1435
19.0,7,8,5,1440
19.0,7,8,6,1444
19.0,7,8,7,1449
19.0,7,8,8,1453
19.0,7,8,9,1458
19.0,7,8,10,1462
19.0,7,8,11,1466
19.0,7,8,12,1471
19.0,7,8,13,1475
19.0,7,8,14,1480
19.0,7,8,15,1484
19.0,7,9,0,1421
19.0,7,9,1,1426
19.0,7,9,2,1431
19.0,7,9,3,1435
19.0,7,9,4,1440
19.0,7,9,5,1444
19.0,7,9,6,1449
19.0,7,9,7,1453
19.0,7,9,8,1458
19.0,7,9,9,1462
19.0,7,9,10,1467
19.0,7,9,11,1471
19.0,7,9,12,1475
19.0,7,9,13,1480
19.0,7,9,14,1484
19.0,7,9,15,1489
19.0,7,10,0,1426
19.0,7,10,1,1431
19.0,7,10,2,1435
19.0,7,10,3,1440
19.0,7,10,4,1444
19.0,7,10,5,1449
19.0,7,10,6,1453
19.0,7,10,7,1458
19.0,7,10,8,1462
19.0,7,10,9,1467
19.0,7,10,10,1471
19.0,7,10,11,1476
19.0,7,10,12,1480
19.0,7,10,13,1485
19.0,7,10,14,1489
19.0,7,10,15,1493
19.0,7,11,0,1430
19.0,7,11,1,1435
19.0,7,11,2,1440
19.0,7,11,3,1444
19.0,7,11,4,1449
19.0,7,11,5,1453
19.0,7,11,6,1458
19.0,7,11,7,1462
19.0,7,11,8,1467
19.0,7,11,9,1471
19.0,7,11,10,1476
19.0,7,11,11,1480
19.0,7,11,12,1485
19.0,7,11,13,1489
19.0,7,11,14,1494
19.0,7,11,15,1498
19.0,7,12,0,1435
19.0,7,12,1,1440
19.0,7,12,2,1444
19.0,7,12,3,1449
19.0,7,12,4,1453
19.0,7,12,5,1458
19.0,7,12,6,1462
19.0,7,12,7,1467
19.0,7,12,8,1471
19.0,7,12,9,1476
19.0,7,12,10,1480
19.0,7,12,11,1485
19.0,7,12,12,1489
19.0,7,12,13,1494
19.0,7,12,14,1498
19.0,7,12,15,1503
19.0,7,13,0,1439
19.0,7,13,1,1444
19.0,7,13,2,1449
19.0,7,13,3,1453
19.0,7,13,4,1458
19.0,7,13,5,1462
19.0,7,13,6,1467
19.0,7,13,7,1472
19.0,7,13,8,1476
19.0,7,13,9,1481
19.0,7,13,10,1485
19.0,7,13,11,1490
19.0,7,13,12,1494
19.0,7,13,13,1499
19.0,7,13,14,1503
19.0,7,13,15,1507
19.0,7,14,0,1444
19.0,7,14,1,1448
19.0,7,14,2,1453
19.0,7,14,3,1458
19.0,7,14,4,1462
19.0,7,14,5,1467
19.0,7,14,6,1471
19.0,7,14,7,1476
19.0,7,14,8,1481
19.0,7,14,9,1485
19.0,7,14,10,1490
19.0,7,14,11,1494
19.0,7,14,12,1499
19.0,7,14,13,1503
19.0,7,14,14,1508
19.0,7,14,15,1512
19.0,7,15,0,1448
19.0,7,15,1,1453
19.0,7,15,2,1458
19.0,7,15,3,1462
19.0,7,15,4,1467
19.0,7,15,5,1471
19.0,7,15,6,1476
19.0,7,15,7,1481
19.0,7,15,8,1485
19.0,7,15,9,1490
19.0,7,15,10,1494
19.0,7,15,11,1499
19.0,7,15,12,1503
19.0,7,15,13,1508
19.0,7,15,14,1512
19.0,7,15,15,1517
19.0,8,0,0,1386
19.0,8,0,1,1390
19.0,8,0,2,1394
19.0,8,0,3,1399
19.0,8,0,4,1403
19.0,8,0,5,1408
19.0,8,0,6,1412
19.0,8,0,7,1416
19.0,8,0,8,1421
19.0,8,0,9,1425
19.0,8,0,10,1430
19.0,8,0,11,1434
19.0,8,0,12,1438
19.0,8,0,13,1442
19.0,8,0,14,1447
19.0,8,0,15,1451
19.0,8,1,0,1390
19.0,8,1,1,1395
19.0,8,1,2,1399
19.0,8,1,3,1404
19.0,8,1,4,1408
19.0,8,1,5,1412
19.0,8,1,6,1417
19.0,8,1,7,1421
19.0,8,1,8,1426
19.0,8,1,9,1430
19.0,8,1,10,1434
19.0,8,1,11,1439
19.0,8,1,12,1443
19.0,8,1,13,1447
19.0,8,1,14,1452
19.0,8,1,15,1456
19.0,8,2,0,1395
19.0,8,2,1,1399
19.0,8,2,2,1404
19.0,8,2,3,1408
19.0,8,2,4,1413
19.0,8,2,5,1417
19.0,8,2,6,1422
19.0,8,2,7,1426
19.0,8,2,8,1430
19.0,8,2,9,1435
19.0,8,2,10,1439
19.0,8,2,11,1443
19.0,8,2,12,1448
19.0,8,2,13,1452
19.0,8,2,14,1456
19.0,8,2,15,1461
19.0,8,3,0,1399
19.0,8,3,1,1404
19.0,8,3,2,1408
19.0,8,3,3,1413
19.0,8,3,4,1417
19.0,8,3,5,1422
19.0,8,3,6,1426
19.0,8,3,7,1431
19.0,8,3,8,1435
19.0,8,3,9,1439
19.0,8,3,10,1444
19.0,8,3,11,1448
19.0,8,3,12,1453
19.0,8,3,13,1457
19.0,8,3,14,1461
19.0,8,3,15,1466
19.0,8,4,0,1404
19.0,8,4,1,1409
19.0,8,4,2,1413
19.0,8,4,3,1418
19.0,8,4,4,1422
19.0,8,4,5,1426
19.0,8,4,6,1431
19.0,8,4,7,1435
19.0,8,4,8,1440
19.0,8,4,9,1444
19.0,8,4,10,1449
19.0,8,4,11,1453
19.0,8,4,12,1457
19.0,8,4,13,1462
19.0,8,4,14,1466
19.0,8,4,15,1470
19.0,8,5,0,1409
19.0,8,5,1,1413
19.0,8,5,2,1418
19.0,8,5,3,1422
19.0,8,5,4,1427
19.0,8,5,5,1431
19.0,8,5,6,1436
19.0,8,5,7,1440
19.0,8,5,8,1445
19.0,8,5,9,1449
19.0,8,5,10,1453
19.0,8,5,11,1458
19.0,8,5,12,1462
19.0,8,5,13,1466
19.0,8,5,14,1471
19.0,8,5,15,1475
19.0,8,6,0,1413
19.0,8,6,1,1418
19.0,8,6,2,1422
19.0,8,6,3,1427
19.0,8,6,4,1431
19.0,8,6,5,1436
19.0,8,6,6,1440
19.0,8,6,7,1445
19.0,8,6,8,1449
19.0,8,6,9,1454
19.0,8,6,10,1458
19.0,8,6,11,1462
19.0,8,6,12,1467
19.0,8,6,13,1471
19.0,8,6,14,1476
19.0,8,6,15,1480
19.0,8,7,0,1418
19.0,8,7,1,1422
19.0,8,7,2,1427
19.0,8,7,3,1431
19.0,8,7,4,1436
19.0,8,7,5,1440
19.0,8,7,6,1445
19.0,8,7,7,1449
19.0,8,7,8,1454
19.0,8,7,9,1458
19.0,8,7,10,1463
19.0,8,7,11,1467
19.0,8,7,12,1472
19.0,8,7,13,1476
19.0,8,7,14,1480
19.0,8,7,15,1485
19.0,8,8,0,1422
19.0,8,8,1,1427
19.0,8,8,2,1431
19.0,8,8,3,1436
19.0,8,8,4,1440
19.0,8,8,5,1445
19.0,8,8,6,1450
19.0,8,8,7,1454
19.0,8,8,8,1459
19.0,8,8,9,1463
19.0,8,8,10,1467
19.0,8,8,11,1472
19.0,8,8,12,1476
19.0,8,8,13,1481
19.0,8,8,14,1485
19.0,8,8,15,1490
19.0,8,9,0,1427
19.0,8,9,1,1431
19.0,8,9,2,1436
19.0,8,9,3,1441
19.0,8,9,4,1445
19.0,8,9,5,1450
19.0,8,9,6,1454
19.0,8,9,7,1459
19.0,8,9,8,1463
19.0,8,9,9,1468
19.0,8,9,10,1472
19.0,8,9,11,1477
19.0,8,9,12,1481
19.0,8,9,13,1485
19.0,8,9,14,1490
19.0,8,9,15,1494
19.0,8,10,0,1431
19.0,8,10,1,1436
19.0,8,10,2,1440
19.0,8,10,3,1445
19.0,8,10,4,1450
19.0,8,10,5,1454
19.0,8,10,6,1459
19.0,8,10,7,1463
19.0,8,10,8,1468
19.0,8,10,9,1472
19.0,8,10,10,1477
19.0,8,10,11,1481
19.0,8,10,12,1486
19.0,8,10,13,1490
19.0,8,10,14,1495
19.0,8,10,15,1499
19.0,8,11,0,1436
19.0,8,11,1,1440
19.0,8,11,2,1445
19.0,8,11,3,1450
19.0,8,11,4,1454
19.0,8,11,5,1459
19.0,8,11,6,1463
19.0,8,11,7,1468
19.0,8,11,8,1472
19.0,8,11,9,1477
19.0,8,11,10,1481
19.0,8,11,11,1486
19.0,8,11,12,1490
19.0,8,11,13,1495
19.0,8,11,14,1499
19.0,8,11,15,1504
19.0,8,12,0,1440
19.0,8,12,1,1445
19.0,8,12,2,1450
19.0,8,12,3,1454
19.0,8,12,4,1459
19.0,8,12,5,1463
19.0,8,12,6,1468
19.0,8,12,7,1472
19.0,8,12,8,1477
19.0,8,12,9,1482
19.0,8,12,10,1486
19.0,8,12,11,1491
19.0,8,12,12,1495
19.0,8,12,13,1499
19.0,8,12,14,1504
19.0,8,12,15,1508
19.0,8,13,0,1445
19.0,8,13,1,1449
19.0,8,13,2,1454
19.0,8,13,3,1459
19.0,8,13,4,1463
19.0,8,13,5,1468
19.0,8,13,6,1472
19.0,8,13,7,1477
19.0,8,13,8,1482
19.0,8,13,9,1486
19.0,8,13,10,1491
19.0,8,13,11,1495
19.0,8,13,12,1500
19.0,8,13,13,1504
19.0,8,13,14,1509
19.0,8,13,15,1513
19.0,8,14,0,1449
19.0,8,14,1,1454
19.0,8,14,2,1459
19.0,8,14,3,1463
19.0,8,14,4,1468
19.0,8,14,5,1472
19.0,8,14,6,1477
19.0,8,14,7,1482
19.0,8,14,8,1486
19.0,8,14,9,1491
19.0,8,14,10,1495
19.0,8,14,11,1500
19.0,8,14,12,1504
19.0,8,14,13,1509
19.0,8,14,14,1513
19.0,8,14,15,1518
19.0,8,15,0,1454
19.0,8,15,1,1458
19.0,8,15,2,1463
19.0,8,15,3,1468
19.0,8,15,4,1472
19.0,8,15,5,1477
19.0,8,15,6,1482
19.0,8,15,7,1486
19.0,8,15,8,1491
19.0,8,15,9,1495
19.0,8,15,10,1500
19.0,8,15,11,1504
19.0,8,15,12,1509
19.0,8,15,13,1513
19.0,8,15,14,1518
19.0,8,15,15,1522
19.0,9,0,0,1391
19.0,9,0,1,1395
19.0,9,0,2,1400
19.0,9,0,3,1404
19.0,9,0,4,1409
19.0,9,0,5,1413
19.0,9,0,6,1417
19.0,9,0,7,1422
19.0,9,0,8,1426
19.0,9,0,9,1431
19.0,9,0,10,1435
19.0,9,0,11,1439
19.0,9,0,12,1444
19.0,9,0,13,1448
19.0,9,0,14,1452
19.0,9,0,15,1456
19.0,9,1,0,1395
19.0,9,1,1,1400
19.0,9,1,2,1404
19.0,9,1,3,1409
19.0,9,1,4,1413
19.0,9,1,5,1418
19.0,9,1,6,1422
19.0,9,1,7,1427
19.0,9,1,8,1431
19.0,9,1,9,1435
19.0,9,1,10,1440
19.0,9,1,11,1444
19.0,9,1,12,1448
19.0,9,1,13,1453
19.0,9,1,14,1457
19.0,9,1,15,1461
19.0,9,2,0,1400
19.0,9,2,1,1405
19.0,9,2,2,1409
19.0,9,2,3,1413
19.0,9,2,4,1418
19.0,9,2,5,1422
19.0,9,2,6,1427
19.0,9,2,7,1431
19.0,9,2,8,1436
19.0,9,2,9,1440
19.0,9,2,10,1444
19.0,9,2,11,1449
19.0,9,2,12,1453
19.0,9,2,13,1458
19.0,9,2,14,1462
19.0,9,2,15,1466
19.0,9,3,0,1405
19.0,9,3,1,1409
19.0,9,3,2,1414
19.0,9,3,3,1418
19.0,9,3,4,1423
19.0,9,3,5,1427
19.0,9,3,6,1432
19.0,9,3,7,1436
19.0,9,3,8,1440
19.0,9,3,9,1445
19.0,9,3,10,1449
19.0,9,3,11,1454
19.0,9,3,12,1458
19.0,9,3,13,1462
19.0,9,3,14,1467
19.0,9,3,15,1471
19.0,9,4,0,1409
19.0,9,4,1,1414
19.0,9,4,2,1418
19.0,9,4,3,1423
19.0,9,4,4,1427
19.0,9,4,5,1432
19.0,9,4,6,1436
19.0,9,4,7,1441
19.0,9,4,8,1445
19.0,9,4,9,1450
19.0,9,4,10,1454
19.0,9,4,11,1458
19.0,9,4,12,1463
19.0,9,4,13,1467
19.0,9,4,14,1472
19.0,9,4,15,1476
19.0,9,5,0,1414
19.0,9,5,1,1418
19.0,9,5,2,1423
19.0,9,5,3,1427
19.0,9,5,4,1432
19.0,9,5,5,1436
19.0,9,5,6,1441
19.0,9,5,7,1445
19.0,9,5,8,1450
19.0,9,5,9,1454
19.0,9,5,10,1459
19.0,9,5,11,1463
19.0,9,5,12,1468
19.0,9,5,13,1472
19.0,9,5,14,1476
19.0,9,5,15,1481
19.0,9,6,0,1418
19.0,9,6,1,1423
19.0,9,6,2,1428
19.0,9,6,3,1432
19.0,9,6,4,1437
19.0,9,6,5,1441
19.0,9,6,6,1446
19.0,9,6,7,1450
19.0,9,6,8,1455
19.0,9,6,9,1459
19.0,9,6,10,1463
19.0,9,6,11,1468
19.0,9,6,12,1472
19.0,9,6,13,1477
19.0,9,6,14,1481
19.0,9,6,15,1485
19.0,9,7,0,1423
19.0,9,7,1,1428
19.0,9,7,2,1432
19.0,9,7,3,1437
19.0,9,7,4,1441
19.0,9,7,5,1446
19.0,9,7,6,1450
19.0,9,7,7,1455
19.0,9,7,8,1459
19.0,9,7,9,1464
19.0,9,7,10,1468
19.0,9,7,11,1473
19.0,9,7,12,1477
19.0,9,7,13,1481
19.0,9,7,14,1486
19.0,9,7,15,1490
19.0,9,8,0,1428
19.0,9,8,1,1432
19.0,9,8,2,1437
19.0,9,8,3,1441
19.0,9,8,4,1446
19.0,9,8,5,1450
19.0,9,8,6,1455
19.0,9,8,7,1459
19.0,9,8,8,1464
19.0,9,8,9,1468
19.0,9,8,10,1473
19.0,9,8,11,1477
19.0,9,8,12,1482
19.0,9,8,13,1486
19.0,9,8,14,1491
19.0,9,8,15,1495
19.0,9,9,0,1432
19.0,9,9,1,1437
19.0,9,9,2,1441
19.0,9,9,3,1446
19.0,9,9,4,1450
19.0,9,9,5,1455
19.0,9,9,6,1460
19.0,9,9,7,1464
19.0,9,9,8,1469
19.0,9,9,9,1473
19.0,9,9,10,1478
19.0,9,9,11,1482
19.0,9,9,12,1487
19.0,9,9,13,1491
19.0,9,9,14,1495
19.0,9,9,15,1500
19.0,9,10,0,1437
19.0,9,10,1,1441
19.0,9,10,2,1446
19.0,9,10,3,1450
19.0,9,10,4,1455
19.0,9,10,5,1460
19.0,9,10,6,1464
19.0,9,10,7,1469
19.0,9,10,8,1473
19.0,9,10,9,1478
19.0,9,10,10,1482
19.0,9,10,11,1487
19.0,9,10,12,1491
19.0,9,10,13,1496
19.0,9,10,14,1500
19.0,9,10,15,1505
19.0,9,11,0,1441
19.0,9,11,1,1446
19.0,9,11,2,1450
19.0,9,11,3,1455
19.0,9,11,4,1460
19.0,9,11,5,1464
19.0,9,11,6,1469
19.0,9,11,7,1473
19.0,9,11,8,1478
19.0,9,11,9,1482
19.0,9,11,10,1487
19.0,9,11,11,1491
19.0,9,11,12,1496
19.0,9,11,13,1500
19.0,9,11,14,1505
19.0,9,11,15,1509
19.0,9,12,0,1446
19.0,9,12,1,1450
19.0,9,12,2,1455
19.0,9,12,3,1460
19.0,9,12,4,1464
19.0,9,12,5,1469
19.0,9,12,6,1473
19.0,9,12,7,1478
19.0,9,12,8,1482
19.0,9,12,9,1487
19.0,9,12,10,1492
19.0,9,12,11,1496
19.0,9,12,12,1501
19.0,9,12,13,1505
19.0,9,12,14,1510
19.0,9,12,15,1514
19.0,9,13,0,1450
19.0,9,13,1,1455
19.0,9,13,2,1459
19.0,9,13,3,1464
19.0,9,13,4,1469
19.0,9,13,5,1473
19.0,9,13,6,1478
19.0,9,13,7,1482
19.0,9,13,8,1487
19.0,9,13,9,1492
19.0,9,13,10,1496
19.0,9,13,11,1501
19.0,9,13,12,1505
19.0,9,13,13,1510
19.0,9,13,14,1514
19.0,9,13,15,1519
19.0,9,14,0,1455
19.0,9,14,1,1459
19.0,9,14,2,1464
19.0,9,14,3,1469
19.0,9,14,4,1473
19.0,9,14,5,1478
19.0,9,14,6,1482
19.0,9,14,7,1487
19.0,9,14,8,1492
19.0,9,14,9,1496
19.0,9,14,10,1501
19.0,9,14,11,1505
19.0,9,14,12,1510
19.0,9,14,13,1514
19.0,9,14,14,1519
19.0,9,14,15,1523
19.0,9,15,0,1459
19.0,9,15,1,1464
19.0,9,15,2,1468
19.0,9,15,3,1473
19.0,9,15,4,1478
19.0,9,15,5,1482
19.0,9,15,6,1487
19.0,9,15,7,1492
19.0,9,15,8,1496
19.0,9,15,9,1501
19.0,9,15,10,1505
19.0,9,15,11,1510
19.0,9,15,12,1514
19.0,9,15,13,1519
19.0,9,15,14,1524
19.0,9,15,15,1528
19.0,10,0,0,1396
19.0,10,0,1,1400
19.0,10,0,2,1405
19.0,10,0,3,1409
19.0,10,0,4,1414
19.0,10,0,5,1418
19.0,10,0,6,1423
19.0,10,0,7,1427
19.0,10,0,8,1431
19.0,10,0,9,1436
19.0,10,0,10,1440
19.0,10,0,11,1445
19.0,10,0,12,1449
19.0,10,0,13,1453
19.0,10,0,14,1458
19.0,10,0,15,1462
19.0,10,1,0,1401
19.0,10,1,1,1405
19.0,10,1,2,1410
19.0,10,1,3,1414
19.0,10,1,4,1418
19.0,10,1,5,1423
19.0,10,1,6,1427
19.0,10,1,7,1432
19.0,10,1,8,1436
19.0,10,1,9,1441
19.0,10,1,10,1445
19.0,10,1,11,1449
19.0,10,1,12,1454
19.0,10,1,13,1458
19.0,10,1,14,1462
19.0,10,1,15,1467
19.0,10,2,0,1405
19.0,10,2,1,1410
19.0,10,2,2,1414
19.0,10,2,3,1419
19.0,10,2,4,1423
19.0,10,2,5,1428
19.0,10,2,6,1432
19.0,10,2,7,1437
19.0,10,2,8,1441
19.0,10,2,9,1445
19.0,10,2,10,1450
19.0,10,2,11,1454
19.0,10,2,12,1459
19.0,10,2,13,1463
19.0,10,2,14,1467
19.0,10,2,15,1472
19.0,10,3,0,1410
19.0,10,3,1,1414
19.0,10,3,2,1419
19.0,10,3,3,1423
19.0,10,3,4,1428
19.0,10,3,5,1432
19.0,10,3,6,1437
19.0,10,3,7,1441
19.0,10,3,8,1446
19.0,10,3,9,1450
19.0,10,3,10,1455
19.0,10,3,11,1459
19.0,10,3,12,1463
19.0,10,3,13,1468
19.0,10,3,14,1472
19.0,10,3,15,1476
19.0,10,4,0,1414
19.0,10,4,1,1419
19.0,10,4,2,1424
19.0,10,4,3,1428
19.0,10,4,4,1433
19.0,10,4,5,1437
19.0,10,4,6,1442
19.0,10,4,7,1446
19.0,10,4,8,1451
19.0,10,4,9,1455
19.0,10,4,10,1459
19.0,10,4,11,1464
19.0,10,4,12,1468
19.0,10,4,13,1473
19.0,10,4,14,1477
19.0,10,4,15,1481
19.0,10,5,0,1419
19.0,10,5,1,1424
19.0,10,5,2,1428
19.0,10,5,3,1433
19.0,10,5,4,1437
19.0,10,5,5,1442
19.0,10,5,6,1446
19.0,10,5,7,1451
19.0,10,5,8,1455
19.0,10,5,9,1460
19.0,10,5,10,1464
19.0,10,5,11,1469
19.0,10,5,12,1473
19.0,10,5,13,1477
19.0,10,5,14,1482
19.0,10,5,15,1486
19.0,10,6,0,1424
19.0,10,6,1,1428
19.0,10,6,2,1433
19.0,10,6,3,1437
19.0,10,6,4,1442
19.0,10,6,5,1446
19.0,10,6,6,1451
19.0,10,6,7,1455
19.0,10,6,8,1460
19.0,10,6,9,1464
19.0,10,6,10,1469
19.0,10,6,11,1473
19.0,10,6,12,1478
19.0,10,6,13,1482
19.0,10,6,14,1487
19.0,10,6,15,1491
19.0,10,7,0,1428
19.0,10,7,1,1433
19.0,10,7,2,1437
19.0,10,7,3,1442
19.0,10,7,4,1447
19.0,10,7,5,1451
19.0,10,7,6,1456
19.0,10,7,7,1460
19.0,10,7,8,1465
19.0,10,7,9,1469
19.0,10,7,10,1474
19.0,10,7,11,1478
19.0,10,7,12,1483
19.0,10,7,13,1487
19.0,10,7,14,1491
19.0,10,7,15,1496
19.0,10,8,0,1433
19.0,10,8,1,1437
19.0,10,8,2,1442
19.0,10,8,3,1447
19.0,10,8,4,1451
19.0,10,8,5,1456
19.0,10,8,6,1460
19.0,10,8,7,1465
19.0,10,8,8,1469
19.0,10,8,9,1474
19.0,10,8,10,1478
19.0,10,8,11,1483
19.0,10,8,12,1487
19.0,10,8,13,1492
19.0,10,8,14,1496
19.0,10,8,15,1501
19.0,10,9,0,1437
19.0,10,9,1,1442
19.0,10,9,2,1447
19.0,10,9,3,1451
19.0,10,9,4,1456
19.0,10,9,5,1460
19.0,10,9,6,1465
19.0,10,9,7,1470
19.0,10,9,8,1474
19.0,10,9,9,1479
19.0,10,9,10,1483
19.0,10,9,11,1488
19.0,10,9,12,1492
19.0,10,9,13,1496
19.0,10,9,14,1501
19.0,10,9,15,1505
19.0,10,10,0,1442
19.0,10,10,1,1447
19.0,10,10,2,1451
19.0,10,10,3,1456
19.0,10,10,4,1460
19.0,10,10,5,1465
19.0,10,10,6,1470
19.0,10,10,7,1474
19.0,10,10,8,1479
19.0,10,10,9,1483
19.0,10,10,10,1488
19.0,10,10,11,1492
19.0,10,10,12,1497
19.0,10,10,13,1501
19.0,10,10,14,1506
19.0,10,10,15,1510
19.0,10,11,0,1446
19.0,10,11,1,1451
19.0,10,11,2,1456
19.0,10,11,3,1460
19.0,10,11,4,1465
19.0,10,11,5,1470
19.0,10,11,6,1474
19.0,10,11,7,1479
19.0,10,11,8,1483
19.0,10,11,9,1488
19.0,10,11,10,1492
19.0,10,11,11,1497
19.0,10,11,12,1501
19.0,10,11,13,1506
19.0,10,11,14,1510
19.0,10,11,15,1515
19.0,10,12,0,1451
19.0,10,12,1,1456
19.0,10,12,2,1460
19.0,10,12,3,1465
19.0,10,12,4,1470
19.0,10,12,5,1474
19.0,10,12,6,1479
19.0,10,12,7,1483
19.0,10,12,8,1488
19.0,10,12,9,1493
19.0,10,12,10,1497
19.0,10,12,11,1502
19.0,10,12,12,1506
19.0,10,12,13,1511
19.0,10,12,14,1515
19.0,10,12,15,1520
19.0,10,13,0,1455
19.0,10,13,1,1460
19.0,10,13,2,1465
19.0,10,13,3,1470
19.0,10,13,4,1474
19.0,10,13,5,1479
19.0,10,13,6,1483
19.0,10,13,7,1488
19.0,10,13,8,1493
19.0,10,13,9,1497
19.0,10,13,10,1502
19.0,10,13,11,1506
19.0,10,13,12,1511
19.0,10,13,13,1515
19.0,10,13,14,1520
19.0,10,13,15,1524
19.0,10,14,0,1460
19.0,10,14,1,1465
19.0,10,14,2,1469
19.0,10,14,3,1474
19.0,10,14,4,1479
19.0,10,14,5,1483
19.0,10,14,6,1488
19.0,10,14,7,1493
19.0,10,14,8,1497
19.0,10,14,9,1502
19.0,10,14,10,1506
19.0,10,14,11,1511
19.0,10,14,12,1515
19.0,10,14,13,1520
19.0,10,14,14,1524
19.0,10,14,15,1529
19.0,10,15,0,1464
19.0,10,15,1,1469
19.0,10,15,2,1474
19.0,10,15,3,1479
19.0,10,15,4,1483
19.0,10,15,5,1488
19.0,10,15,6,1493
19.0,10,15,7,1497
19.0,10,15,8,1502
19.0,10,15,9,1506
19.0,10,15,10,1511
19.0,10,15,11,1516
19.0,10,15,12,1520
19.0,10,15,13,1525
19.0,10,15,14,1529
19.0,10,15,15,1534
19.0,11,0,0,1401
19.0,11,0,1,1406
19.0,11,0,2,1410
19.0,11,0,3,1414
19.0,11,0,4,1419
19.0,11,0,5,1423
19.0,11,0,6,1428
19.0,11,0,7,1432
19.0,11,0,8,1437
19.0,11,0,9,1441
19.0,11,0,10,1445
19.0,11,0,11,1450
19.0,11,0,12,1454
19.0,11,0,13,1459
19.0,11,0,14,1463
19.0,11,0,15,1467
19.0,11,1,0,1406
19.0,11,1,1,1410
19.0,11,1,2,1415
19.0,11,1,3,1419
19.0,11,1,4,1424
19.0,11,1,5,1428
19.0,11,1,6,1433
19.0,11,1,7,1437
19.0,11,1,8,1442
19.0,11,1,9,1446
19.0,11,1,10,1450
19.0,11,1,11,1455
19.0,11,1,12,1459
19.0,11,1,13,1463
19.0,11,1,14,1468
19.0,11,1,15,1472
19.0,11,2,0,1410
19.0,11,2,1,1415
19.0,11,2,2,1419
19.0,11,2,3,1424
19.0,11,2,4,1428
19.0,11,2,5,1433
19.0,11,2,6,1437
19.0,11,2,7,1442
19.0,11,2,8,1446
19.0,11,2,9,1451
19.0,11,2,10,1455
19.0,11,2,11,1460
19.0,11,2,12,1464
19.0,11,2,13,1468
19.0,11,2,14,1473
19.0,11,2,15,1477
19.0,11,3,0,1415
19.0,11,3,1,1420
19.0,11,3,2,1424
19.0,11,3,3,1429
19.0,11,3,4,1433
19.0,11,3,5,1438
19.0,11,3,6,1442
19.0,11,3,7,1447
19.0,11,3,8,1451
19.0,11,3,9,1456
19.0,11,3,10,1460
19.0,11,3,11,1464
19.0,11,3,12,1469
19.0,11,3,13,1473
19.0,11,3,14,1478
19.0,11,3,15,1482
19.0,11,4,0,1420
19.0,11,4,1,1424
19.0,11,4,2,1429
19.0,11,4,3,1433
19.0,11,4,4,1438
19.0,11,4,5,1442
19.0,11,4,6,1447
19.0,11,4,7,1451
19.0,11,4,8,1456
19.0,11,4,9,1460
19.0,11,4,10,1465
19.0,11,4,11,1469
19.0,11,4,12,1474
19.0,11,4,13,1478
19.0,11,4,14,1482
19.0,11,4,15,1487
19.0,11,5,0,1424
19.0,11,5,1,1429
19.0,11,5,2,1433
19.0,11,5,3,1438
19.0,11,5,4,1443
19.0,11,5,5,1447
19.0,11,5,6,1452
19.0,11,5,7,1456
19.0,11,5,8,1461
19.0,11,5,9,1465
19.0,11,5,10,1470
19.0,11,5,11,1474
19.0,11,5,12,1478
19.0,11,5,13,1483
19.0,11,5,14,1487
19.0,11,5,15,1492
19.0,11,6,0,1429
19.0,11,6,1,1434
19.0,11,6,2,1438
19.0,11,6,3,1443
19.0,11,6,4,1447
19.0,11,6,5,1452
19.0,11,6,6,1456
19.0,11,6,7,1461
19.0,11,6,8,1465
19.0,11,6,9,1470
19.0,11,6,10,1474
19.0,11,6,11,1479
19.0,11,6,12,1483
19.0,11,6,13,1488
19.0,11,6,14,1492
19.0,11,6,15,1496
19.0,11,7,0,1434
19.0,11,7,1,1438
19.0,11,7,2,1443
19.0,11,7,3,1447
19.0,11,7,4,1452
19.0,11,7,5,1456
19.0,11,7,6,1461
19.0,11,7,7,1466
19.0,11,7,8,1470
19.0,11,7,9,1475
19.0,11,7,10,1479
19.0,11,7,11,1484
19.0,11,7,12,1488
19.0,11,7,13,1492
19.0,11,7,14,1497
19.0,11,7,15,1501
19.0,11,8,0,1438
19.0,11,8,1,1443
19.0,11,8,2,1447
19.0,11,8,3,1452
19.0,11,8,4,1457
19.0,11,8,5,1461
19.0,11,8,6,1466
19.0,11,8,7,1470
19.0,11,8,8,1475
19.0,11,8,9,1479
19.0,11,8,10,1484
19.0,11,8,11,1488
19.0,11,8,12,1493
19.0,11,8,13,1497
19.0,11,8,14,1502
19.0,11,8,15,1506
19.0,11,9,0,1443
19.0,11,9,1,1447
19.0,11,9,2,1452
19.0,11,9,3,1457
19.0,11,9,4,1461
19.0,11,9,5,1466
19.0,11,9,6,1470
19.0,11,9,7,1475
19.0,11,9,8,1479
19.0,11,9,9,1484
19.0,11,9,10,1489
19.0,11,9,11,1493
19.0,11,9,12,1498
19.0,11,9,13,1502
19.0,11,9,14,1506
19.0,11,9,15,1511
19.0,11,10,0,1447
19.0,11,10,1,1452
19.0,11,10,2,1457
19.0,11,10,3,1461
19.0,11,10,4,1466
19.0,11,10,5,1470
19.0,11,10,6,1475
19.0,11,10,7,1480
19.0,11,10,8,1484
19.0,11,10,9,1489
19.0,11,10,10,1493
19.0,11,10,11,1498
19.0,11,10,12,1502
19.0,11,10,13,1507
19.0,11,10,14,1511
19.0,11,10,15,1516
19.0,11,11,0,1452
19.0,11,11,1,1456
19.0,11,11,2,1461
19.0,11,11,3,1466
19.0,11,11,4,1470
19.0,11,11,5,1475
19.0,11,11,6,1480
19.0,11,11,7,1484
19.0,11,11,8,1489
19.0,11,11,9,1493
19.0,11,11,10,1498
19.0,11,11,11,1502
19.0,11,11,12,1507
19.0,11,11,13,1511
19.0,11,11,14,1516
19.0,11,11,15,1520
19.0,11,12,0,1456
19.0,11,12,1,1461
19.0,11,12,2,1466
19.0,11,12,3,1470
19.0,11,12,4,1475
19.0,11,12,5,1480
19.0,11,12,6,1484
19.0,11,12,7,1489
19.0,11,12,8,1493
19.0,11,12,9,1498
19.0,11,12,10,1503
19.0,11,12,11,1507
19.0,11,12,12,1512
19.0,11,12,13,1516
19.0,11,12,14,1521
19.0,11,12,15,1525
19.0,11,13,0,1461
19.0,11,13,1,1466
19.0,11,13,2,1470
19.0,11,13,3,1475
19.0,11,13,4,1480
19.0,11,13,5,1484
19.0,11,13,6,1489
19.0,11,13,7,1493
19.0,11,13,8,1498
19.0,11,13,9,1503
19.0,11,13,10,1507
19.0,11,13,11,1512
19.0,11,13,12,1516
19.0,11,13,13,1521
19.0,11,13,14,1525
19.0,11,13,15,1530
19.0,11,14,0,1465
19.0,11,14,1,1470
19.0,11,14,2,1475
19.0,11,14,3,1479
19.0,11,14,4,1484
19.0,11,14,5,1489
19.0,11,14,6,1493
19.0,11,14,7,1498
19.0,11,14,8,1503
19.0,11,14,9,1507
19.0,11,14,10,1512
19.0,11,14,11,1516
19.0,11,14,12,1521
19.0,11,14,13,1526
19.0,11,14,14,1530
19.0,11,14,15,1535
19.0,11,15,0,1470
19.0,11,15,1,1475
19.0,11,15,2,1479
19.0,11,15,3,1484
19.0,11,15,4,1489
19.0,11,15,5,1493
19.0,11,15,6,1498
19.0,11,15,7,1503
19.0,11,15,8,1507
19.0,11,15,9,1512
19.0,11,15,10,1517
19.0,11,15,11,1521
19.0,11,15,12,1526
19.0,11,15,13,1530
19.0,11,15,14,1535
19.0,11,15,15,1539
19.0,12,0,0,1406
19.0,12,0,1,1411
19.0,12,0,2,1415
19.0,12,0,3,1420
19.0,12,0,4,1424
19.0,12,0,5,1429
19.0,12,0,6,1433
19.0,12,0,7,1438
19.0,12,0,8,1442
19.0,12,0,9,1446
19.0,12,0,10,1451
19.0,12,0,11,1455
19.0,12,0,12,1460
19.0,12,0,13,1464
19.0,12,0,14,1468
19.0,12,0,15,1473
19.0,12,1,0,1411
19.0,12,1,1,1415
19.0,12,1,2,1420
19.0,12,1,3,1424
19.0,12,1,4,1429
19.0,12,1,5,1433
19.0,12,1,6,1438
19.0,12,1,7,1442
19.0,12,1,8,1447
19.0,12,1,9,1451
19.0,12,1,10,1456
19.0,12,1,11,1460
19.0,12,1,12,1464
19.0,12,1,13,1469
19.0,12,1,14,1473
19.0,12,1,15,1478
19.0,12,2,0,1416
19.0,12,2,1,1420
19.0,12,2,2,1425
19.0,12,2,3,1429
19.0,12,2,4,1434
19.0,12,2,5,1438
19.0,12,2,6,1443
19.0,12,2,7,1447
19.0,12,2,8,1452
19.0,12,2,9,1456
19.0,12,2,10,1461
19.0,12,2,11,1465
19.0,12,2,12,1469
19.0,12,2,13,1474
19.0,12,2,14,1478
19.0,12,2,15,1482
19.0,12,3,0,1420
19.0,12,3,1,1425
19.0,12,3,2,1429
19.0,12,3,3,1434
19.0,12,3,4,1438
19.0,12,3,5,1443
19.0,12,3,6,1447
19.0,12,3,7,1452
19.0,12,3,8,1456
19.0,12,3,9,1461
19.0,12,3,10,1465
19.0,12,3,11,1470
19.0,12,3,12,1474
19.0,12,3,13,1479
19.0,12,3,14,1483
19.0,12,3,15,1487
19.0,12,4,0,1425
19.0,12,4,1,1429
19.0,12,4,2,1434
19.0,12,4,3,1439
19.0,12,4,4,1443
19.0,12,4,5,1448
19.0,12,4,6,1452
19.0,12,4,7,1457
19.0,12,4,8,1461
19.0,12,4,9,1466
19.0,12,4,10,1470
19.0,12,4,11,1475
19.0,12,4,12,1479
19.0,12,4,13,1483
19.0,12,4,14,1488
19.0,12,4,15,1492
19.0,12,5,0,1430
19.0,12,5,1,1434
19.0,12,5,2,1439
19.0,12,5,3,1443
19.0,12,5,4,1448
19.0,12,5,5,1452
19.0,12,5,6,1457
19.0,12,5,7,1461
19.0,12,5,8,1466
19.0,12,5,9,1470
19.0,12,5,10,1475
19.0,12,5,11,1479
19.0,12,5,12,1484
19.0,12,5,13,1488
19.0,12,5,14,1493
19.0,12,5,15,1497
19.0,12,6,0,1434
19.0,12,6,1,1439
19.0,12,6,2,1443
19.0,12,6,3,1448
19.0,12,6,4,1453
19.0,12,6,5,1457
19.0,12,6,6,1462
19.0,12,6,7,1466
19.0,12,6,8,1471
19.0,12,6,9,1475
19.0,12,6,10,1480
19.0,12,6,11,1484
19.0,12,6,12,1489
19.0,12,6,13,1493
19.0,12,6,14,1498
19.0,12,6,15,1502
19.0,12,7,0,1439
19.0,12,7,1,1443
19.0,12,7,2,1448
19.0,12,7,3,1453
19.0,12,7,4,1457
19.0,12,7,5,1462
19.0,12,7,6,1466
19.0,12,7,7,1471
19.0,12,7,8,1475
19.0,12,7,9,1480
19.0,12,7,10,1485
19.0,12,7,11,1489
19.0,12,7,12,1493
19.0,12,7,13,1498
19.0,12,7,14,1502
19.0,12,7,15,1507
19.0,12,8,0,1443
19.0,12,8,1,1448
19.0,12,8,2,1453
19.0,12,8,3,1457
19.0,12,8,4,1462
19.0,12,8,5,1467
19.0,12,8,6,1471
19.0,12,8,7,1476
19.0,12,8,8,1480
19.0,12,8,9,1485
19.0,12,8,10,1489
19.0,12,8,11,1494
19.0,12,8,12,1498
19.0,12,8,13,1503
19.0,12,8,14,1507
19.0,12,8,15,1512
19.0,12,9,0,1448
19.0,12,9,1,1453
19.0,12,9,2,1457
19.0,12,9,3,1462
19.0,12,9,4,1467
19.0,12,9,5,1471
19.0,12,9,6,1476
19.0,12,9,7,1480
19.0,12,9,8,1485
19.0,12,9,9,1489
19.0,12,9,10,1494
19.0,12,9,11,1499
19.0,12,9,12,1503
19.0,12,9,13,1508
19.0,12,9,14,1512
19.0,12,9,15,1516
19.0,12,10,0,1453
19.0,12,10,1,1457
19.0,12,10,2,1462
19.0,12,10,3,1467
19.0,12,10,4,1471
19.0,12,10,5,1476
19.0,12,10,6,1480
19.0,12,10,7,1485
19.0,12,10,8,1490
19.0,12,10,9,1494
19.0,12,10,10,1499
19.0,12,10,11,1503
19.0,12,10,12,1508
19.0,12,10,13,1512
19.0,12,10,14,1517
19.0,12,10,15,1521
19.0,12,11,0,1457
19.0,12,11,1,1462
19.0,12,11,2,1467
19.0,12,11,3,1471
19.0,12,11,4,1476
19.0,12,11,5,1480
19.0,12,11,6,1485
19.0,12,11,7,1490
19.0,12,11,8,1494
19.0,12,11,9,1499
19.0,12,11,10,1503
19.0,12,11,11,1508
19.0,12,11,12,1513
19.0,12,11,13,1517
19.0,12,11,14,1522
19.0,12,11,15,1526
19.0,12,12,0,1462
19.0,12,12,1,1466
19.0,12,12,2,1471
19.0,12,12,3,1476
19.0,12,12,4,1480
19.0,12,12,5,1485
19.0,12,12,6,1490
19.0,12,12,7,1494
19.0,12,12,8,1499
19.0,12,12,9,1504
19.0,12,12,10,1508
19.0,12,12,11,1513
19.0,12,12,12,1517
19.0,12,12,13,1522
19.0,12,12,14,1526
19.0,12,12,15,1531
19.0,12,13,0,1466
19.0,12,13,1,1471
19.0,12,13,2,1476
19.0,12,13,3,1480
19.0,12,13,4,1485
19.0,12,13,5,1490
19.0,12,13,6,1494
19.0,12,13,7,1499
19.0,12,13,8,1504
19.0,12,13,9,1508
19.0,12,13,10,1513
19.0,12,13,11,1517
19.0,12,13,12,1522
19.0,12,13,13,1526
19.0,12,13,14,1531
19.0,12,13,15,1536
19.0,12,14,0,1471
19.0,12,14,1,1475
19.0,12,14,2,1480
19.0,12,14,3,1485
19.0,12,14,4,1490
19.0,12,14,5,1494
19.0,12,14,6,1499
19.0,12,14,7,1504
19.0,12,14,8,1508
19.0,12,14,9,1513
19.0,12,14,10,1517
19.0,12,14,11,1522
19.0,12,14,12,1527
19.0,12,14,13,1531
19.0,12,14,14,1536
19.0,12,14,15,1540
19.0,12,15,0,1475
19.0,12,15,1,1480
19.0,12,15,2,1485
19.0,12,15,3,1489
19.0,12,15,4,1494
19.0,12,15,5,1499
19.0,12,15,6,1504
19.0,12,15,7,1508
19.0,12,15,8,1513
19.0,12,15,9,1517
19.0,12,15,10,1522
19.0,12,15,11,1527
19.0,12,15,12,1531
19.0,12,15,13,1536
19.0,12,15,14,1540
19.0,12,15,15,1545
19.0,13,0,0,1411
19.0,13,0,1,1416
19.0,13,0,2,1420
19.0,13,0,3,1425
19.0,13,0,4,1429
19.0,13,0,5,1434
19.0,13,0,6,1438
19.0,13,0,7,1443
19.0,13,0,8,1447
19.0,13,0,9,1452
19.0,13,0,10,1456
19.0,13,0,11,1461
19.0,13,0,12,1465
19.0,13,0,13,1469
19.0,13,0,14,1474
19.0,13,0,15,1478
19.0,13,1,0,1416
19.0,13,1,1,1421
19.0,13,1,2,1425
19.0,13,1,3,1430
19.0,13,1,4,1434
19.0,13,1,5,1439
19.0,13,1,6,1443
19.0,13,1,7,1448
19.0,13,1,8,1452
19.0,13,1,9,1457
19.0,13,1,10,1461
19.0,13,1,11,1465
19.0,13,1,12,1470
19.0,13,1,13,1474
19.0,13,1,14,1479
19.0,13,1,15,1483
19.0,13,2,0,1421
19.0,13,2,1,1425
19.0,13,2,2,1430
19.0,13,2,3,1434
19.0,13,2,4,1439
19.0,13,2,5,1443
19.0,13,2,6,1448
19.0,13,2,7,1452
19.0,13,2,8,1457
19.0,13,2,9,1461
19.0,13,2,10,1466
19.0,13,2,11,1470
19.0,13,2,12,1475
19.0,13,2,13,1479
19.0,13,2,14,1484
19.0,13,2,15,1488
19.0,13,3,0,1425
19.0,13,3,1,1430
19.0,13,3,2,1435
19.0,13,3,3,1439
19.0,13,3,4,1444
19.0,13,3,5,1448
19.0,13,3,6,1453
19.0,13,3,7,1457
19.0,13,3,8,1462
19.0,13,3,9,1466
19.0,13,3,10,1471
19.0,13,3,11,1475
19.0,13,3,12,1480
19.0,13,3,13,1484
19.0,13,3,14,1488
19.0,13,3,15,1493
19.0,13,4,0,1430
19.0,13,4,1,1435
19.0,13,4,2,1439
19.0,13,4,3,1444
19.0,13,4,4,1448
19.0,13,4,5,1453
19.0,13,4,6,1458
19.0,13,4,7,1462
19.0,13,4,8,1467
19.0,13,4,9,1471
19.0,13,4,10,1476
19.0,13,4,11,1480
19.0,13,4,12,1484
19.0,13,4,13,1489
19.0,13,4,14,1493
19.0,13,4,15,1498
19.0,13,5,0,1435
19.0,13,5,1,1439
19.0,13,5,2,1444
19.0,13,5,3,1449
19.0,13,5,4,1453
19.0,13,5,5,1458
19.0,13,5,6,1462
19.0,13,5,7,1467
19.0,13,5,8,1471
19.0,13,5,9,1476
19.0,13,5,10,1480
19.0,13,5,11,1485
19.0,13,5,12,1489
19.0,13,5,13,1494
19.0,13,5,14,1498
19.0,13,5,15,1503
19.0,13,6,0,1439
19.0,13,6,1,1444
19.0,13,6,2,1449
19.0,13,6,3,1453
19.0,13,6,4,1458
19.0,13,6,5,1462
19.0,13,6,6,1467
19.0,13,6,7,1472
19.0,13,6,8,1476
19.0,13,6,9,1481
19.0,13,6,10,1485
19.0,13,6,11,1490
19.0,13,6,12,1494
19.0,13,6,13,1499
19.0,13,6,14,1503
19.0,13,6,15,1508
19.0,13,7,0,1444
19.0,13,7,1,1449
19.0,13,7,2,1453
19.0,13,7,3,1458
19.0,13,7,4,1463
19.0,13,7,5,1467
19.0,13,7,6,1472
19.0,13,7,7,1476
19.0,13,7,8,1481
19.0,13,7,9,1485
19.0,13,7,10,1490
19.0,13,7,11,1494
19.0,13,7,12,1499
19.0,13,7,13,1503
19.0,13,7,14,1508
19.0,13,7,15,1512
19.0,13,8,0,1449
19.0,13,8,1,1453
19.0,13,8,2,1458
19.0,13,8,3,1463
19.0,13,8,4,1467
19.0,13,8,5,1472
19.0,13,8,6,1476
19.0,13,8,7,1481
19.0,13,8,8,1486
19.0,13,8,9,1490
19.0,13,8,10,1495
19.0,13,8,11,1499
19.0,13,8,12,1504
19.0,13,8,13,1508
19.0,13,8,14,1513
19.0,13,8,15,1517
19.0,13,9,0,1453
19.0,13,9,1,1458
19.0,13,9,2,1463
19.0,13,9,3,1467
19.0,13,9,4,1472
19.0,13,9,5,1477
19.0,13,9,6,1481
19.0,13,9,7,1486
19.0,13,9,8,1490
19.0,13,9,9,1495
19.0,13,9,10,1499
19.0,13,9,11,1504
19.0,13,9,12,1509
19.0,13,9,13,1513
19.0,13,9,14,1518
19.0,13,9,15,1522
19.0,13,10,0,1458
19.0,13,10,1,1463
19.0,13,10,2,1467
19.0,13,10,3,1472
19.0,13,10,4,1477
19.0,13,10,5,1481
19.0,13,10,6,1486
19.0,13,10,7,1490
19.0,13,10,8,1495
19.0,13,10,9,1500
19.0,13,10,10,1504
19.0,13,10,11,1509
19.0,13,10,12,1513
19.0,13,10,13,1518
19.0,13,10,14,1522
19.0,13,10,15,1527
19.0,13,11,0,1462
19.0,13,11,1,1467
19.0,13,11,2,1472
19.0,13,11,3,1477
19.0,13,11,4,1481
19.0,13,11,5,1486
19.0,13,11,6,1491
19.0,13,11,7,1495
19.0,13,11,8,1500
19.0,13,11,9,1504
19.0,13,11,10,1509
19.0,13,11,11,1514
19.0,13,11,12,1518
19.0,13,11,13,1523
19.0,13,11,14,1527
19.0,13,11,15,1532
19.0,13,12,0,1467
19.0,13,12,1,1472
19.0,13,12,2,1476
19.0,13,12,3,1481
19.0,13,12,4,1486
19.0,13,12,5,1491
19.0,13,12,6,1495
19.0,13,12,7,1500
19.0,13,12,8,1504
19.0,13,12,9,1509
19.0,13,12,10,1514
19.0,13,12,11,1518
19.0,13,12,12,1523
19.0,13,12,13,1527
19.0,13,12,14,1532
19.0,13,12,15,1536
19.0,13,13,0,1472
19.0,13,13,1,1476
19.0,13,13,2,1481
19.0,13,13,3,1486
19.0,13,13,4,1490
19.0,13,13,5,1495
19.0,13,13,6,1500
19.0,13,13,7,1504
19.0,13,13,8,1509
19.0,13,13,9,1514
19.0,13,13,10,1518
19.0,13,13,11,1523
19.0,13,13,12,1528
19.0,13,13,13,1532
19.0,13,13,14,1537
19.0,13,13,15,1541
19.0,13,14,0,1476
19.0,13,14,1,1481
19.0,13,14,2,1486
19.0,13,14,3,1490
19.0,13,14,4,1495
19.0,13,14,5,1500
19.0,13,14,6,1504
19.0,13,14,7,1509
19.0,13,14,8,1514
19.0,13,14,9,1518
19.0,13,14,10,1523
19.0,13,14,11,1528
19.0,13,14,12,1532
19.0,13,14,13,1537
19.0,13,14,14,1541
19.0,13,14,15,1546
19.0,13,15,0,1481
19.0,13,15,1,1485
19.0,13,15,2,1490
19.0,13,15,3,1495
19.0,13,15,4,1500
19.0,13,15,5,1504
19.0,13,15,6,1509
19.0,13,15,7,1514
19.0,13,15,8,1518
19.0,13,15,9,1523
19.0,13,15,10,1528
19.0,13,15,11,1532
19.0,13,15,12,1537
19.0,13,15,13,1542
19.0,13,15,14,1546
19.0,13,15,15,1551
19.0,14,0,0,1416
19.0,14,0,1,1421
19.0,14,0,2,1426
19.0,14,0,3,1430
19.0,14,0,4,1435
19.0,14,0,5,1439
19.0,14,0,6,1444
19.0,14,0,7,1448
19.0,14,0,8,1453
19.0,14,0,9,1457
19.0,14,0,10,1461
19.0,14,0,11,1466
19.0,14,0,12,1470
19.0,14,0,13,1475
19.0,14,0,14,1479
19.0,14,0,15,1483
19.0,14,1,0,1421
19.0,14,1,1,1426
19.0,14,1,2,1430
19.0,14,1,3,1435
19.0,14,1,4,1439
19.0,14,1,5,1444
19.0,14,1,6,1448
19.0,14,1,7,1453
19.0,14,1,8,1457
19.0,14,1,9,1462
19.0,14,1,10,1466
19.0,14,1,11,1471
19.0,14,1,12,1475
19.0,14,1,13,1480
19.0,14,1,14,1484
19.0,14,1,15,1488
19.0,14,2,0,1426
19.0,14,2,1,1431
19.0,14,2,2,1435
19.0,14,2,3,1440
19.0,14,2,4,1444
19.0,14,2,5,1449
19.0,14,2,6,1453
19.0,14,2,7,1458
19.0,14,2,8,1462
19.0,14,2,9,1467
19.0,14,2,10,1471
19.0,14,2,11,1476
19.0,14,2,12,1480
19.0,14,2,13,1485
19.0,14,2,14,1489
19.0,14,2,15,1493
19.0,14,3,0,1431
19.0,14,3,1,1435
19.0,14,3,2,1440
19.0,14,3,3,1444
19.0,14,3,4,1449
19.0,14,3,5,1454
19.0,14,3,6,1458
19.0,14,3,7,1463
19.0,14,3,8,1467
19.0,14,3,9,1472
19.0,14,3,10,1476
19.0,14,3,11,1481
19.0,14,3,12,1485
19.0,14,3,13,1489
19.0,14,3,14,1494
19.0,14,3,15,1498
19.0,14,4,0,1435
19.0,14,4,1,1440
19.0,14,4,2,1445
19.0,14,4,3,1449
19.0,14,4,4,1454
19.0,14,4,5,1458
19.0,14,4,6,1463
19.0,14,4,7,1467
19.0,14,4,8,1472
19.0,14,4,9,1476
19.0,14,4,10,1481
19.0,14,4,11,1485
19.0,14,4,12,1490
19.0,14,4,13,1494
19.0,14,4,14,1499
19.0,14,4,15,1503
19.0,14,5,0,1440
19.0,14,5,1,1445
19.0,14,5,2,1449
19.0,14,5,3,1454
19.0,14,5,4,1458
19.0,14,5,5,1463
19.0,14,5,6,1468
19.0,14,5,7,1472
19.0,14,5,8,1477
19.0,14,5,9,1481
19.0,14,5,10,1486
19.0,14,5,11,1490
19.0,14,5,12,1495
19.0,14,5,13,1499
19.0,14,5,14,1504
19.0,14,5,15,1508
19.0,14,6,0,1445
19.0,14,6,1,1449
19.0,14,6,2,1454
19.0,14,6,3,1459
19.0,14,6,4,1463
19.0,14,6,5,1468
19.0,14,6,6,1472
19.0,14,6,7,1477
19.0,14,6,8,1482
19.0,14,6,9,1486
19.0,14,6,10,1491
19.0,14,6,11,1495
19.0,14,6,12,1500
19.0,14,6,13,1504
19.0,14,6,14,1509
19.0,14,6,15,1513
19.0,14,7,0,1449
19.0,14,7,1,1454
19.0,14,7,2,1459
19.0,14,7,3,1463
19.0,14,7,4,1468
19.0,14,7,5,1473
19.0,14,7,6,1477
19.0,14,7,7,1482
19.0,14,7,8,1486
19.0,14,7,9,1491
19.0,14,7,10,1495
19.0,14,7,11,1500
19.0,14,7,12,1504
19.0,14,7,13,1509
19.0,14,7,14,1513
19.0,14,7,15,1518
19.0,14,8,0,1454
19.0,14,8,1,1459
19.0,14,8,2,1463
19.0,14,8,3,1468
19.0,14,8,4,1473
19.0,14,8,5,1477
19.0,14,8,6,1482
19.0,14,8,7,1486
19.0,14,8,8,1491
19.0,14,8,9,1496
19.0,14,8,10,1500
19.0,14,8,11,1505
19.0,14,8,12,1509
19.0,14,8,13,1514
19.0,14,8,14,1518
19.0,14,8,15,1523
19.0,14,9,0,1459
19.0,14,9,1,1463
19.0,14,9,2,1468
19.0,14,9,3,1473
19.0,14,9,4,1477
19.0,14,9,5,1482
19.0,14,9,6,1487
19.0,14,9,7,1491
19.0,14,9,8,1496
19.0,14,9,9,1500
19.0,14,9,10,1505
19.0,14,9,11,1510
19.0,14,9,12,1514
19.0,14,9,13,1519
19.0,14,9,14,1523
19.0,14,9,15,1528
19.0,14,10,0,1463
19.0,14,10,1,1468
19.0,14,10,2,1473
19.0,14,10,3,1477
19.0,14,10,4,1482
19.0,14,10,5,1487
19.0,14,10,6,1491
19.0,14,10,7,1496
19.0,14,10,8,1501
19.0,14,10,9,1505
19.0,14,10,10,1510
19.0,14,10,11,1514
19.0,14,10,12,1519
19.0,14,10,13,1523
19.0,14,10,14,1528
19.0,14,10,15,1532
19.0,14,11,0,1468
19.0,14,11,1,1473
19.0,14,11,2,1477
19.0,14,11,3,1482
19.0,14,11,4,1487
19.0,14,11,5,1491
19.0,14,11,6,1496
19.0,14,11,7,1501
19.0,14,11,8,1505
19.0,14,11,9,1510
19.0,14,11,10,1514
19.0,14,11,11,1519
19.0,14,11,12,1524
19.0,14,11,13,1528
19.0,14,11,14,1533
19.0,14,11,15,1537
19.0,14,12,0,1472
19.0,14,12,1,1477
19.0,14,12,2,1482
19.0,14,12,3,1487
19.0,14,12,4,1491
19.0,14,12,5,1496
19.0,14,12,6,1501
19.0,14,12,7,1505
19.0,14,12,8,1510
19.0,14,12,9,1515
19.0,14,12,10,1519
19.0,14,12,11,1524
19.0,14,12,12,1528
19.0,14,12,13,1533
19.0,14,12,14,1537
19.0,14,12,15,1542
19.0,14,13,0,1477
19.0,14,13,1,1482
19.0,14,13,2,1486
19.0,14,13,3,1491
19.0,14,13,4,1496
19.0,14,13,5,1501
19.0,14,13,6,1505
19.0,14,13,7,1510
19.0,14,13,8,1515
19.0,14,13,9,1519
19.0,14,13,10,1524
19.0,14,13,11,1528
19.0,14,13,12,1533
19.0,14,13,13,1538
19.0,14,13,14,1542
19.0,14,13,15,1547
19.0,14,14,0,1482
19.0,14,14,1,1486
19.0,14,14,2,1491
19.0,14,14,3,1496
19.0,14,14,4,1501
19.0,14,14,5,1505
19.0,14,14,6,1510
19.0,14,14,7,1515
19.0,14,14,8,1519
19.0,14,14,9,1524
19.0,14,14,10,1529
19.0,14,14,11,1533
19.0,14,14,12,1538
19.0,14,14,13,1542
19.0,14,14,14,1547
19.0,14,14,15,1552
19.0,14,15,0,1486
19.0,14,15,1,1491
19.0,14,15,2,1496
19.0,14,15,3,1500
19.0,14,15,4,1505
19.0,14,15,5,1510
19.0,14,15,6,1515
19.0,14,15,7,1519
19.0,14,15,8,1524
19.0,14,15,9,1529
19.0,14,15,10,1533
19.0,14,15,11,1538
19.0,14,15,12,1543
19.0,14,15,13,1547
19.0,14,15,14,1552
19.0,14,15,15,1556
19.0,15,0,0,1422
19.0,15,0,1,1426
19.0,15,0,2,1431
19.0,15,0,3,1435
19.0,15,0,4,1440
19.0,15,0,5,1444
19.0,15,0,6,1449
19.0,15,0,7,1453
19.0,15,0,8,1458
19.0,15,0,9,1462
19.0,15,0,10,1467
19.0,15,0,11,1471
19.0,15,0,12,1476
19.0,15,0,13,1480
19.0,15,0,14,1484
19.0,15,0,15,1489
19.0,15,1,0,1426
19.0,15,1,1,1431
19.0,15,1,2,1436
19.0,15,1,3,1440
19.0,15,1,4,1445
19.0,15,1,5,1449
19.0,15,1,6,1454
19.0,15,1,7,1458
19.0,15,1,8,1463
19.0,15,1,9,1467
19.0,15,1,10,1472
19.0,15,1,11,1476
19.0,15,1,12,1481
19.0,15,1,13,1485
19.0,15,1,14,1489
19.0,15,1,15,1494
19.0,15,2,0,1431
19.0,15,2,1,1436
19.0,15,2,2,1440
19.0,15,2,3,1445
19.0,15,2,4,1449
19.0,15,2,5,1454
19.0,15,2,6,1459
19.0,15,2,7,1463
19.0,15,2,8,1468
19.0,15,2,9,1472
19.0,15,2,10,1477
19.0,15,2,11,1481
19.0,15,2,12,1485
19.0,15,2,13,1490
19.0,15,2,14,1494
19.0,15,2,15,1499
19.0,15,3,0,1436
19.0,15,3,1,1440
19.0,15,3,2,1445
19.0,15,3,3,1450
19.0,15,3,4,1454
19.0,15,3,5,1459
19.0,15,3,6,1463
19.0,15,3,7,1468
19.0,15,3,8,1472
19.0,15,3,9,1477
19.0,15,3,10,1481
19.0,15,3,11,1486
19.0,15,3,12,1490
19.0,15,3,13,1495
19.0,15,3,14,1499
19.0,15,3,15,1504
19.0,15,4,0,1441
19.0,15,4,1,1445
19.0,15,4,2,1450
19.0,15,4,3,1454
19.0,15,4,4,1459
19.0,15,4,5,1464
19.0,15,4,6,1468
19.0,15,4,7,1473
19.0,15,4,8,1477
19.0,15,4,9,1482
19.0,15,4,10,1486
19.0,15,4,11,1491
19.0,15,4,12,1495
19.0,15,4,13,1500
19.0,15,4,14,1504
19.0,15,4,15,1509
19.0,15,5,0,1445
19.0,15,5,1,1450
19.0,15,5,2,1455
19.0,15,5,3,1459
19.0,15,5,4,1464
19.0,15,5,5,1468
19.0,15,5,6,1473
19.0,15,5,7,1478
19.0,15,5,8,1482
19.0,15,5,9,1487
19.0,15,5,10,1491
19.0,15,5,11,1496
19.0,15,5,12,1500
19.0,15,5,13,1505
19.0,15,5,14,1509
19.0,15,5,15,1514
19.0,15,6,0,1450
19.0,15,6,1,1455
19.0,15,6,2,1459
19.0,15,6,3,1464
19.0,15,6,4,1469
19.0,15,6,5,1473
19.0,15,6,6,1478
19.0,15,6,7,1482
19.0,15,6,8,1487
19.0,15,6,9,1491
19.0,15,6,10,1496
19.0,15,6,11,1501
19.0,15,6,12,1505
19.0,15,6,13,1510
19.0,15,6,14,1514
19.0,15,6,15,1519
19.0,15,7,0,1455
19.0,15,7,1,1459
19.0,15,7,2,1464
19.0,15,7,3,1469
19.0,15,7,4,1473
19.0,15,7,5,1478
19.0,15,7,6,1483
19.0,15,7,7,1487
19.0,15,7,8,1492
19.0,15,7,9,1496
19.0,15,7,10,1501
19.0,15,7,11,1505
19.0,15,7,12,1510
19.0,15,7,13,1514
19.0,15,7,14,1519
19.0,15,7,15,1523
19.0,15,8,0,1459
19.0,15,8,1,1464
19.0,15,8,2,1469
19.0,15,8,3,1473
19.0,15,8,4,1478
19.0,15,8,5,1483
19.0,15,8,6,1487
19.0,15,8,7,1492
19.0,15,8,8,1496
19.0,15,8,9,1501
19.0,15,8,10,1506
19.0,15,8,11,1510
19.0,15,8,12,1515
19.0,15,8,13,1519
19.0,15,8,14,1524
19.0,15,8,15,1528
19.0,15,9,0,1464
19.0,15,9,1,1469
19.0,15,9,2,1473
19.0,15,9,3,1478
19.0,15,9,4,1483
19.0,15,9,5,1487
19.0,15,9,6,1492
19.0,15,9,7,1497
19.0,15,9,8,1501
19.0,15,9,9,1506
19.0,15,9,10,1510
19.0,15,9,11,1515
19.0,15,9,12,1520
19.0,15,9,13,1524
19.0,15,9,14,1529
19.0,15,9,15,1533
19.0,15,10,0,1469
19.0,15,10,1,1473
19.0,15,10,2,1478
19.0,15,10,3,1483
19.0,15,10,4,1487
19.0,15,10,5,1492
19.0,15,10,6,1497
19.0,15,10,7,1501
19.0,15,10,8,1506
19.0,15,10,9,1511
19.0,15,10,10,1515
19.0,15,10,11,1520
19.0,15,10,12,1524
19.0,15,10,13,1529
19.0,15,10,14,1533
19.0,15,10,15,1538
19.0,15,11,0,1473
19.0,15,11,1,1478
19.0,15,11,2,1483
19.0,15,11,3,1487
19.0,15,11,4,1492
19.0,15,11,5,1497
19.0,15,11,6,1501
19.0,15,11,7,1506
19.0,15,11,8,1511
19.0,15,11,9,1515
19.0,15,11,10,1520
19.0,15,11,11,1525
19.0,15,11,12,1529
19.0,15,11,13,1534
19.0,15,11,14,1538
19.0,15,11,15,1543
19.0,15,12,0,1478
19.0,15,12,1,1483
19.0,15,12,2,1487
19.0,15,12,3,1492
19.0,15,12,4,1497
19.0,15,12,5,1501
19.0,15,12,6,1506
19.0,15,12,7,1511
19.0,15,12,8,1515
19.0,15,12,9,1520
19.0,15,12,10,1525
19.0,15,12,11,1529
19.0,15,12,12,1534
19.0,15,12,13,1539
19.0,15,12,14,1543
19.0,15,12,15,1548
19.0,15,13,0,1482
19.0,15,13,1,1487
19.0,15,13,2,1492
19.0,15,13,3,1497
19.0,15,13,4,1501
19.0,15,13,5,1506
19.0,15,13,6,1511
19.0,15,13,7,1515
19.0,15,13,8,1520
19.0,15,13,9,1525
19.0,15,13,10,1529
19.0,15,13,11,1534
19.0,15,13,12,1539
19.0,15,13,13,1543
19.0,15,13,14,1548
19.0,15,13,15,1552
19.0,15,14,0,1487
19.0,15,14,1,1492
19.0,15,14,2,1496
19.0,15,14,3,1501
19.0,15,14,4,1506
19.0,15,14,5,1511
19.0,15,14,6,1515
19.0,15,14,7,1520
19.0,15,14,8,1525
19.0,15,14,9,1529
19.0,15,14,10,1534
19.0,15,14,11,1539
19.0,15,14,12,1543
19.0,15,14,13,1548
19.0,15,14,14,1553
19.0,15,14,15,1557
19.0,15,15,0,1491
19.0,15,15,1,1496
19.0,15,15,2,1501
19.0,15,15,3,1506
19.0,15,15,4,1511
19.0,15,15,5,1515
19.0,15,15,6,1520
19.0,15,15,7,1525
19.0,15,15,8,1529
19.0,15,15,9,1534
19.0,15,15,10,1539
19.0,15,15,11,1543
19.0,15,15,12,1548
19.0,15,15,13,1553
19.0,15,15,14,1557
19.0,15,15,15,1562
19.5,0,0,0,1380
19.5,0,0,1,1384
19.5,0,0,2,1389
19.5,0,0,3,1393
19.5,0,0,4,1397
19.5,0,0,5,1402
19.5,0,0,6,1406
19.5,0,0,7,1411
19.5,0,0,8,1415
19.5,0,0,9,1419
19.5,0,0,10,1424
19.5,0,0,11,1428
19.5,0,0,12,1432
19.5,0,0,13,1436
19.5,0,0,14,1441
19.5,0,0,15,1445
19.5,0,1,0,1384
19.5,0,1,1,1389
19.5,0,1,2,1393
19.5,0,1,3,1398
19.5,0,1,4,1402
19.5,0,1,5,1406
19.5,0,1,6,1411
19.5,0,1,7,1415
19.5,0,1,8,1420
19.5,0,1,9,1424
19.5,0,1,10,1428
19.5,0,1,11,1433
19.5,0,1,12,1437
19.5,0,1,13,1441
19.5,0,1,14,1446
19.5,0,1,15,1450
19.5,0,2,0,1389
19.5,0,2,1,1393
19.5,0,2,2,1398
19.5,0,2,3,1402
19.5,0,2,4,1407
19.5,0,2,5,1411
19.5,0,2,6,1416
19.5,0,2,7,1420
19.5,0,2,8,1424
19.5,0,2,9,1429
19.5,0,2,10,1433
19.5,0,2,11,1437
19.5,0,2,12,1442
19.5,0,2,13,1446
19.5,0,2,14,1450
19.5,0,2,15,1455
19.5,0,3,0,1394
19.5,0,3,1,1398
19.5,0,3,2,1402
19.5,0,3,3,1407
19.5,0,3,4,1411
19.5,0,3,5,1416
19.5,0,3,6,1420
19.5,0,3,7,1425
19.5,0,3,8,1429
19.5,0,3,9,1433
19.5,0,3,10,1438
19.5,0,3,11,1442
19.5,0,3,12,1446
19.5,0,3,13,1451
19.5,0,3,14,1455
19.5,0,3,15,1459
19.5,0,4,0,1398
19.5,0,4,1,1403
19.5,0,4,2,1407
19.5,0,4,3,1412
19.5,0,4,4,1416
19.5,0,4,5,1420
19.5,0,4,6,1425
19.5,0,4,7,1429
19.5,0,4,8,1434
19.5,0,4,9,1438
19.5,0,4,10,1443
19.5,0,4,11,1447
19.5,0,4,12,1451
19.5,0,4,13,1456
19.5,0,4,14,1460
19.5,0,4,15,1464
19.5,0,5,0,1403
19.5,0,5,1,1407
19.5,0,5,2,1412
19.5,0,5,3,1416
19.5,0,5,4,1421
19.5,0,5,5,1425
19.5,0,5,6,1430
19.5,0,5,7,1434
19.5,0,5,8,1438
19.5,0,5,9,1443
19.5,0,5,10,1447
19.5,0,5,11,1452
19.5,0,5,12,1456
19.5,0,5,13,1460
19.5,0,5,14,1465
19.5,0,5,15,1469
19.5,0,6,0,1407
19.5,0,6,1,1412
19.5,0,6,2,1416
19.5,0,6,3,1421
19.5,0,6,4,1425
19.5,0,6,5,1430
19.5,0,6,6,1434
19.5,0,6,7,1439
19.5,0,6,8,1443
19.5,0,6,9,1447
19.5,0,6,10,1452
19.5,0,6,11,1456
19.5,0,6,12,1461
19.5,0,6,13,1465
19.5,0,6,14,1469
19.5,0,6,15,1474
19.5,0,7,0,1412
19.5,0,7,1,1416
19.5,0,7,2,1421
19.5,0,7,3,1425
19.5,0,7,4,1430
19.5,0,7,5,1434
19.5,0,7,6,1439
19.5,0,7,7,1443
19.5,0,7,8,1448
19.5,0,7,9,1452
19.5,0,7,10,1457
19.5,0,7,11,1461
19.5,0,7,12,1465
19.5,0,7,13,1470
19.5,0,7,14,1474
19.5,0,7,15,1478
19.5,0,8,0,1416
19.5,0,8,1,1421
19.5,0,8,2,1425
19.5,0,8,3,1430
19.5,0,8,4,1434
19.5,0,8,5,1439
19.5,0,8,6,1443
19.5,0,8,7,1448
19.5,0,8,8,1452
19.5,0,8,9,1457
19.5,0,8,10,1461
19.5,0,8,11,1466
19.5,0,8,12,1470
19.5,0,8,13,1474
19.5,0,8,14,1479
19.5,0,8,15,1483
19.5,0,9,0,1421
19.5,0,9,1,1425
19.5,0,9,2,1430
19.5,0,9,3,1434
19.5,0,9,4,1439
19.5,0,9,5,1444
19.5,0,9,6,1448
19.5,0,9,7,1452
19.5,0,9,8,1457
19.5,0,9,9,1461
19.5,0,9,10,1466
19.5,0,9,11,1470
19.5,0,9,12,1475
19.5,0,9,13,1479
19.5,0,9,14,1484
19.5,0,9,15,1488
19.5,0,10,0,1425
19.5,0,10,1,1430
19.5,0,10,2,1434
19.5,0,10,3,1439
19.5,0,10,4,1444
19.5,0,10,5,1448
19.5,0,10,6,1453
19.5,0,10,7,1457
19.5,0,10,8,1462
19.5,0,10,9,1466
19.5,0,10,10,1471
19.5,0,10,11,1475
19.5,0,10,12,1479
19.5,0,10,13,1484
19.5,0,10,14,1488
19.5,0,10,15,1493
19.5,0,11,0,1430
19.5,0,11,1,1434
19.5,0,11,2,1439
19.5,0,11,3,1444
19.5,0,11,4,1448
19.5,0,11,5,1453
19.5,0,11,6,1457
19.5,0,11,7,1462
19.5,0,11,8,1466
19.5,0,11,9,1471
19.5,0,11,10,1475
19.5,0,11,11,1480
19.5,0,11,12,1484
19.5,0,11,13,1488
19.5,0,11,14,1493
19.5,0,11,15,1497
19.5,0,12,0,1434
19.5,0,12,1,1439
19.5,0,12,2,1443
19.5,0,12,3,1448
19.5,0,12,4,1453
19.5,0,12,5,1457
19.5,0,12,6,1462
19.5,0,12,7,1466
19.5,0,12,8,1471
19.5,0,12,9,1475
19.5,0,12,10,1480
19.5,0,12,11,1484
19.5,0,12,12,1489
19.5,0,12,13,1493
19.5,0,12,14,1498
19.5,0,12,15,1502
19.5,0,13,0,1439
19.5,0,13,1,1443
19.5,0,13,2,1448
19.5,0,13,3,1452
19.5,0,13,4,1457
19.5,0,13,5,1462
19.5,0,13,6,1466
19.5,0,13,7,1471
19.5,0,13,8,1475
19.5,0,13,9,1480
19.5,0,13,10,1484
19.5,0,13,11,1489
19.5,0,13,12,1493
19.5,0,13,13,1498
19.5,0,13,14,1502
19.5,0,13,15,1507
19.5,0,14,0,1443
19.5,0,14,1,1448
19.5,0,14,2,1452
19.5,0,14,3,1457
19.5,0,14,4,1462
19.5,0,14,5,1466
19.5,0,14,6,1471
19.5,0,14,7,1475
19.5,0,14,8,1480
19.5,0,14,9,1484
19.5,0,14,10,1489
19.5,0,14,11,1493
19.5,0,14,12,1498
19.5,0,14,13,1502
19.5,0,14,14,1507
19.5,0,14,15,1511
19.5,0,15,0,1447
19.5,0,15,1,1452
19.5,0,15,2,1457
19.5,0,15,3,1461
19.5,0,15,4,1466
19.5,0,15,5,1471
19.5,0,15,6,1475
19.5,0,15,7,1480
19.5,0,15,8,1484
19.5,0,15,9,1489
19.5,0,15,10,1493
19.5,0,15,11,1498
19.5,0,15,12,1503
19.5,0,15,13,1507
19.5,0,15,14,1511
19.5,0,15,15,1516
19.5,1,0,0,1385
19.5,1,0,1,1389
19.5,1,0,2,1394
19.5,1,0,3,1398
19.5,1,0,4,1403
19.5,1,0,5,1407
19.5,1,0,6,1412
19.5,1,0,7,1416
19.5,1,0,8,1420
19.5,1,0,9,1425
19.5,1,0,10,1429
19.5,1,0,11,1433
19.5,1,0,12,1438
19.5,1,0,13,1442
19.5,1,0,14,1446
19.5,1,0,15,1450
19.5,1,1,0,1390
19.5,1,1,1,1394
19.5,1,1,2,1399
19.5,1,1,3,1403
19.5,1,1,4,1407
19.5,1,1,5,1412
19.5,1,1,6,1416
19.5,1,1,7,1421
19.5,1,1,8,1425
19.5,1,1,9,1429
19.5,1,1,10,1434
19.5,1,1,11,1438
19.5,1,1,12,1442
19.5,1,1,13,1447
19.5,1,1,14,1451
19.5,1,1,15,1455
19.5,1,2,0,1394
19.5,1,2,1,1399
19.5,1,2,2,1403
19.5,1,2,3,1408
19.5,1,2,4,1412
19.5,1,2,5,1417
19.5,1,2,6,1421
19.5,1,2,7,1425
19.5,1,2,8,1430
19.5,1,2,9,1434
19.5,1,2,10,1439
19.5,1,2,11,1443
19.5,1,2,12,1447
19.5,1,2,13,1452
19.5,1,2,14,1456
19.5,1,2,15,1460
19.5,1,3,0,1399
19.5,1,3,1,1403
19.5,1,3,2,1408
19.5,1,3,3,1412
19.5,1,3,4,1417
19.5,1,3,5,1421
19.5,1,3,6,1426
19.5,1,3,7,1430
19.5,1,3,8,1435
19.5,1,3,9,1439
19.5,1,3,10,1443
19.5,1,3,11,1448
19.5,1,3,12,1452
19.5,1,3,13,1456
19.5,1,3,14,1461
19.5,1,3,15,1465
19.5,1,4,0,1403
19.5,1,4,1,1408
19.5,1,4,2,1412
19.5,1,4,3,1417
19.5,1,4,4,1421
19.5,1,4,5,1426
19.5,1,4,6,1430
19.5,1,4,7,1435
19.5,1,4,8,1439
19.5,1,4,9,1444
19.5,1,4,10,1448
19.5,1,4,11,1452
19.5,1,4,12,1457
19.5,1,4,13,1461
19.5,1,4,14,1465
19.5,1,4,15,1470
19.5,1,5,0,1408
19.5,1,5,1,1413
19.5,1,5,2,1417
19.5,1,5,3,1422
19.5,1,5,4,1426
19.5,1,5,5,1431
19.5,1,5,6,1435
19.5,1,5,7,1439
19.5,1,5,8,1444
19.5,1,5,9,1448
19.5,1,5,10,1453
19.5,1,5,11,1457
19.5,1,5,12,1462
19.5,1,5,13,1466
19.5,1,5,14,1470
19.5,1,5,15,1475
19.5,1,6,0,1413
19.5,1,6,1,1417
19.5,1,6,2,1422
19.5,1,6,3,1426
19.5,1,6,4,1431
19.5,1,6,5,1435
19.5,1,6,6,1440
19.5,1,6,7,1444
19.5,1,6,8,1449
19.5,1,6,9,1453
19.5,1,6,10,1457
19.5,1,6,11,1462
19.5,1,6,12,1466
19.5,1,6,13,1471
19.5,1,6,14,1475
19.5,1,6,15,1479
19.5,1,7,0,1417
19.5,1,7,1,1422
19.5,1,7,2,1426
19.5,1,7,3,1431
19.5,1,7,4,1435
19.5,1,7,5,1440
19.5,1,7,6,1444
19.5,1,7,7,1449
19.5,1,7,8,1453
19.5,1,7,9,1458
19.5,1,7,10,1462
19.5,1,7,11,1467
19.5,1,7,12,1471
19.5,1,7,13,1475
19.5,1,7,14,1480
19.5,1,7,15,1484
19.5,1,8,0,1422
19.5,1,8,1,1426
19.5,1,8,2,1431
19.5,1,8,3,1435
19.5,1,8,4,1440
19.5,1,8,5,1444
19.5,1,8,6,1449
19.5,1,8,7,1453
19.5,1,8,8,1458
19.5,1,8,9,1462
19.5,1,8,10,1467
19.5,1,8,11,1471
19.5,1,8,12,1476
19.5,1,8,13,1480
19.5,1,8,14,1485
19.5,1,8,15,1489
19.5,1,9,0,1426
19.5,1,9,1,1431
19.5,1,9,2,1435
19.5,1,9,3,1440
19.5,1,9,4,1444
19.5,1,9,5,1449
19.5,1,9,6,1454
19.5,1,9,7,1458
19.5,1,9,8,1463
19.5,1,9,9,1467
19.5,1,9,10,1472
19.5,1,9,11,1476
19.5,1,9,12,1480
19.5,1,9,13,1485
19.5,1,9,14,1489
19.5,1,9,15,1494
19.5,1,10,0,1431
19.5,1,10,1,1435
19.5,1,10,2,1440
19.5,1,10,3,1444
19.5,1,10,4,1449
19.5,1,10,5,1454
19.5,1,10,6,1458
19.5,1,10,7,1463
19.5,1,10,8,1467
19.5,1,10,9,1472
19.5,1,10,10,1476
19.5,1,10,11,1481
19.5,1,10,12,1485
19.5,1,10,13,1490
19.5,1,10,14,1494
19.5,1,10,15,1498
19.5,1,11,0,1435
19.5,1,11,1,1440
19.5,1,11,2,1444
19.5,1,11,3,1449
19.5,1,11,4,1454
19.5,1,11,5,1458
19.5,1,11,6,1463
19.5,1,11,7,1467
19.5,1,11,8,1472
19.5,1,11,9,1476
19.5,1,11,10,1481
19.5,1,11,11,1485
19.5,1,11,12,1490
19.5,1,11,13,1494
19.5,1,11,14,1499
19.5,1,11,15,1503
19.5,1,12,0,1440
19.5,1,12,1,1444
19.5,1,12,2,1449
19.5,1,12,3,1454
19.5,1,12,4,1458
19.5,1,12,5,1463
19.5,1,12,6,1467
19.5,1,12,7,1472
19.5,1,12,8,1476
19.5,1,12,9,1481
19.5,1,12,10,1485
19.5,1,12,11,1490
19.5,1,12,12,1494
19.5,1,12,13,1499
19.5,1,12,14,1503
19.5,1,12,15,1508
19.5,1,13,0,1444
19.5,1,13,1,1449
19.5,1,13,2,1453
19.5,1,13,3,1458
19.5,1,13,4,1463
19.5,1,13,5,1467
19.5,1,13,6,1472
19.5,1,13,7,1476
19.5,1,13,8,1481
19.5,1,13,9,1486
19.5,1,13,10,1490
19.5,1,13,11,1495
19.5,1,13,12,1499
19.5,1,13,13,1504
19.5,1,13,14,1508
19.5,1,13,15,1512
19.5,1,14,0,1449
19.5,1,14,1,1453
19.5,1,14,2,1458
19.5,1,14,3,1463
19.5,1,14,4,1467
19.5,1,14,5,1472
19.5,1,14,6,1476
19.5,1,14,7,1481
19.5,1,14,8,1486
19.5,1,14,9,1490
19.5,1,14,10,1495
19.5,1,14,11,1499
19.5,1,14,12,1504
19.5,1,14,13,1508
19.5,1,14,14,1513
19.5,1,14,15,1517
19.5,1,15,0,1453
19.5,1,15,1,1458
19.5,1,15,2,1462
19.5,1,15,3,1467
19.5,1,15,4,1472
19.5,1,15,5,1476
19.5,1,15,6,1481
19.5,1,15,7,1486
19.5,1,15,8,1490
19.5,1,15,9,1495
19.5,1,15,10,1499
19.5,1,15,11,1504
19.5,1,15,12,1508
19.5,1,15,13,1513
19.5,1,15,14,1517
19.5,1,15,15,1522
19.5,2,0,0,1390
19.5,2,0,1,1395
19.5,2,0,2,1399
19.5,2,0,3,1404
19.5,2,0,4,1408
19.5,2,0,5,1413
19.5,2,0,6,1417
19.5,2,0,7,1421
19.5,2,0,8,1426
19.5,2,0,9,1430
19.5,2,0,10,1434
19.5,2,0,11,1439
19.5,2,0,12,1443
19.5,2,0,13,1447
19.5,2,0,14,1452
19.5,2,0,15,1456
19.5,2,1,0,1395
19.5,2,1,1,1399
19.5,2,1,2,1404
19.5,2,1,3,1408
19.5,2,1,4,1413
19.5,2,1,5,1417
19.5,2,1,6,1422
19.5,2,1,7,1426
19.5,2,1,8,1430
19.5,2,1,9,1435
19.5,2,1,10,1439
19.5,2,1,11,1444
19.5,2,1,12,1448
19.5,2,1,13,1452
19.5,2,1,14,1457
19.5,2,1,15,1461
19.5,2,2,0,1400
19.5,2,2,1,1404
19.5,2,2,2,1409
19.5,2,2,3,1413
19.5,2,2,4,1418
19.5,2,2,5,1422
19.5,2,2,6,1426
19.5,2,2,7,1431
19.5,2,2,8,1435
19.5,2,2,9,1440
19.5,2,2,10,1444
19.5,2,2,11,1448
19.5,2,2,12,1453
19.5,2,2,13,1457
19.5,2,2,14,1461
19.5,2,2,15,1466
19.5,2,3,0,1404
19.5,2,3,1,1409
19.5,2,3,2,1413
19.5,2,3,3,1418
19.5,2,3,4,1422
19.5,2,3,5,1427
19.5,2,3,6,1431
19.5,2,3,7,1436
19.5,2,3,8,1440
19.5,2,3,9,1444
19.5,2,3,10,1449
19.5,2,3,11,1453
19.5,2,3,12,1458
19.5,2,3,13,1462
19.5,2,3,14,1466
19.5,2,3,15,1471
19.5,2,4,0,1409
19.5,2,4,1,1413
19.5,2,4,2,1418
19.5,2,4,3,1422
19.5,2,4,4,1427
19.5,2,4,5,1431
19.5,2,4,6,1436
19.5,2,4,7,1440
19.5,2,4,8,1445
19.5,2,4,9,1449
19.5,2,4,10,1454
19.5,2,4,11,1458
19.5,2,4,12,1462
19.5,2,4,13,1467
19.5,2,4,14,1471
19.5,2,4,15,1475
19.5,2,5,0,1413
19.5,2,5,1,1418
19.5,2,5,2,1423
19.5,2,5,3,1427
19.5,2,5,4,1432
19.5,2,5,5,1436
19.5,2,5,6,1441
19.5,2,5,7,1445
19.5,2,5,8,1449
19.5,2,5,9,1454
19.5,2,5,10,1458
19.5,2,5,11,1463
19.5,2,5,12,1467
19.5,2,5,13,1472
19.5,2,5,14,1476
19.5,2,5,15,1480
19.5,2,6,0,1418
19.5,2,6,1,1423
19.5,2,6,2,1427
19.5,2,6,3,1432
19.5,2,6,4,1436
19.5,2,6,5,1441
19.5,2,6,6,1445
19.5,2,6,7,1450
19.5,2,6,8,1454
19.5,2,6,9,1459
19.5,2,6,10,1463
19.5,2,6,11,1467
19.5,2,6,12,1472
19.5,2,6,13,1476
19.5,2,6,14,1481
19.5,2,6,15,1485
19.5,2,7,0,1423
19.5,2,7,1,1427
19.5,2,7,2,1432
19.5,2,7,3,1436
19.5,2,7,4,1441
19.5,2,7,5,1445
19.5,2,7,6,1450
19.5,2,7,7,1454
19.5,2,7,8,1459
19.5,2,7,9,1463
19.5,2,7,10,1468
19.5,2,7,11,1472
19.5,2,7,12,1477
19.5,2,7,13,1481
19.5,2,7,14,1485
19.5,2,7,15,1490
19.5,2,8,0,1427
19.5,2,8,1,1432
19.5,2,8,2,1436
19.5,2,8,3,1441
19.5,2,8,4,1445
19.5,2,8,5,1450
19.5,2,8,6,1454
19.5,2,8,7,1459
19.5,2,8,8,1463
19.5,2,8,9,1468
19.5,2,8,10,1472
19.5,2,8,11,1477
19.5,2,8,12,1481
19.5,2,8,13,1486
19.5,2,8,14,1490
19.5,2,8,15,1495
19.5,2,9,0,1432
19.5,2,9,1,1436
19.5,2,9,2,1441
19.5,2,9,3,1445
19.5,2,9,4,1450
19.5,2,9,5,1455
19.5,2,9,6,1459
19.5,2,9,7,1464
19.5,2,9,8,1468
19.5,2,9,9,1473
19.5,2,9,10,1477
19.5,2,9,11,1482
19.5,2,9,12,1486
19.5,2,9,13,1491
19.5,2,9,14,1495
19.5,2,9,15,1499
19.5,2,10,0,1436
19.5,2,10,1,1441
19.5,2,10,2,1445
19.5,2,10,3,1450
19.5,2,10,4,1455
19.5,2,10,5,1459
19.5,2,10,6,1464
19.5,2,10,7,1468
19.5,2,10,8,1473
19.5,2,10,9,1477
19.5,2,10,10,1482
19.5,2,10,11,1486
19.5,2,10,12,1491
19.5,2,10,13,1495
19.5,2,10,14,1500
19.5,2,10,15,1504
19.5,2,11,0,1441
19.5,2,11,1,1445
19.5,2,11,2,1450
19.5,2,11,3,1455
19.5,2,11,4,1459
19.5,2,11,5,1464
19.5,2,11,6,1468
19.5,2,11,7,1473
19.5,2,11,8,1477
19.5,2,11,9,1482
19.5,2,11,10,1486
19.5,2,11,11,1491
19.5,2,11,12,1495
19.5,2,11,13,1500
19.5,2,11,14,1504
19.5,2,11,15,1509
19.5,2,12,0,1445
19.5,2,12,1,1450
19.5,2,12,2,1454
19.5,2,12,3,1459
19.5,2,12,4,1464
19.5,2,12,5,1468
19.5,2,12,6,1473
19.5,2,12,7,1477
19.5,2,12,8,1482
19.5,2,12,9,1487
19.5,2,12,10,1491
19.5,2,12,11,1496
19.5,2,12,12,1500
19.5,2,12,13,1505
19.5,2,12,14,1509
19.5,2,12,15,1514
19.5,2,13,0,1450
19.5,2,13,1,1454
19.5,2,13,2,1459
19.5,2,13,3,1464
19.5,2,13,4,1468
19.5,2,13,5,1473
19.5,2,13,6,1477
19.5,2,13,7,1482
19.5,2,13,8,1487
19.5,2,13,9,1491
19.5,2,13,10,1496
19.5,2,13,11,1500
19.5,2,13,12,1505
19.5,2,13,13,1509
19.5,2,13,14,1514
19.5,2,13,15,1518
19.5,2,14,0,1454
19.5,2,14,1,1459
19.5,2,14,2,1463
19.5,2,14,3,1468
19.5,2,14,4,1473
19.5,2,14,5,1477
19.5,2,14,6,1482
19.5,2,14,7,1487
19.5,2,14,8,1491
19.5,2,14,9,1496
19.5,2,14,10,1500
19.5,2,14,11,1505
19.5,2,14,12,1509
19.5,2,14,13,1514
19.5,2,14,14,1518
19.5,2,14,15,1523
19.5,2,15,0,1459
19.5,2,15,1,1463
19.5,2,15,2,1468
19.5,2,15,3,1473
19.5,2,15,4,1477
19.5,2,15,5,1482
19.5,2,15,6,1487
19.5,2,15,7,1491
19.5,2,15,8,1496
19.5,2,15,9,1500
19.5,2,15,10,1505
19.5,2,15,11,1509
19.5,2,15,12,1514
19.5,2,15,13,1519
19.5,2,15,14,1523
19.5,2,15,15,1528
19.5,3,0,0,1396
19.5,3,0,1,1400
19.5,3,0,2,1405
19.5,3,0,3,1409
19.5,3,0,4,1413
19.5,3,0,5,1418
19.5,3,0,6,1422
19.5,3,0,7,1427
19.5,3,0,8,1431
19.5,3,0,9,1436
19.5,3,0,10,1440
19.5,3,0,11,1444
19.5,3,0,12,1449
19.5,3,0,13,1453
19.5,3,0,14,1457
19.5,3,0,15,1462
19.5,3,1,0,1400
19.5,3,1,1,1405
19.5,3,1,2,1409
19.5,3,1,3,1414
19.5,3,1,4,1418
19.5,3,1,5,1423
19.5,3,1,6,1427
19.5,3,1,7,1432
19.5,3,1,8,1436
19.5,3,1,9,1440
19.5,3,1,10,1445
19.5,3,1,11,1449
19.5,3,1,12,1453
19.5,3,1,13,1458
19.5,3,1,14,1462
19.5,3,1,15,1466
19.5,3,2,0,1405
19.5,3,2,1,1409
19.5,3,2,2,1414
19.5,3,2,3,1418
19.5,3,2,4,1423
19.5,3,2,5,1427
19.5,3,2,6,1432
19.5,3,2,7,1436
19.5,3,2,8,1441
19.5,3,2,9,1445
19.5,3,2,10,1450
19.5,3,2,11,1454
19.5,3,2,12,1458
19.5,3,2,13,1463
19.5,3,2,14,1467
19.5,3,2,15,1471
19.5,3,3,0,1410
19.5,3,3,1,1414
19.5,3,3,2,1419
19.5,3,3,3,1423
19.5,3,3,4,1428
19.5,3,3,5,1432
19.5,3,3,6,1437
19.5,3,3,7,1441
19.5,3,3,8,1445
19.5,3,3,9,1450
19.5,3,3,10,1454
19.5,3,3,11,1459
19.5,3,3,12,1463
19.5,3,3,13,1467
19.5,3,3,14,1472
19.5,3,3,15,1476
19.5,3,4,0,1414
19.5,3,4,1,1419
19.5,3,4,2,1423
19.5,3,4,3,1428
19.5,3,4,4,1432
19.5,3,4,5,1437
19.5,3,4,6,1441
19.5,3,4,7,1446
19.5,3,4,8,1450
19.5,3,4,9,1455
19.5,3,4,10,1459
19.5,3,4,11,1464
19.5,3,4,12,1468
19.5,3,4,13,1472
19.5,3,4,14,1477
19.5,3,4,15,1481
19.5,3,5,0,1419
19.5,3,5,1,1423
19.5,3,5,2,1428
19.5,3,5,3,1432
19.5,3,5,4,1437
19.5,3,5,5,1441
19.5,3,5,6,1446
19.5,3,5,7,1450
19.5,3,5,8,1455
19.5,3,5,9,1459
19.5,3,5,10,1464
19.5,3,5,11,1468
19.5,3,5,12,1473
19.5,3,5,13,1477
19.5,3,5,14,1481
19.5,3,5,15,1486
19.5,3,6,0,1423
19.5,3,6,1,1428
19.5,3,6,2,1433
19.5,3,6,3,1437
19.5,3,6,4,1442
19.5,3,6,5,1446
19.5,3,6,6,1451
19.5,3,6,7,1455
19.5,3,6,8,1460
19.5,3,6,9,1464
19.5,3,6,10,1469
19.5,3,6,11,1473
19.5,3,6,12,1477
19.5,3,6,13,1482
19.5,3,6,14,1486
19.5,3,6,15,1491
19.5,3,7,0,1428
19.5,3,7,1,1433
19.5,3,7,2,1437
19.5,3,7,3,1442
19.5,3,7,4,1446
19.5,3,7,5,1451
19.5,3,7,6,1455
19.5,3,7,7,1460
19.5,3,7,8,1464
19.5,3,7,9,1469
19.5,3,7,10,1473
19.5,3,7,11,1478
19.5,3,7,12,1482
19.5,3,7,13,1487
19.5,3,7,14,1491
19.5,3,7,15,1495
19.5,3,8,0,1433
19.5,3,8,1,1437
19.5,3,8,2,1442
19.5,3,8,3,1446
19.5,3,8,4,1451
19.5,3,8,5,1455
19.5,3,8,6,1460
19.5,3,8,7,1465
19.5,3,8,8,1469
19.5,3,8,9,1474
19.5,3,8,10,1478
19.5,3,8,11,1483
19.5,3,8,12,1487
19.5,3,8,13,1491
19.5,3,8,14,1496
19.5,3,8,15,1500
19.5,3,9,0,1437
19.5,3,9,1,1442
19.5,3,9,2,1446
19.5,3,9,3,1451
19.5,3,9,4,1456
19.5,3,9,5,1460
19.5,3,9,6,1465
19.5,3,9,7,1469
19.5,3,9,8,1474
19.5,3,9,9,1478
19.5,3,9,10,1483
19.5,3,9,11,1487
19.5,3,9,12,1492
19.5,3,9,13,1496
19.5,3,9,14,1501
19.5,3,9,15,1505
19.5,3,10,0,1442
19.5,3,10,1,1446
19.5,3,10,2,1451
19.5,3,10,3,1456
19.5,3,10,4,1460
19.5,3,10,5,1465
19.5,3,10,6,1469
19.5,3,10,7,1474
19.5,3,10,8,1478
19.5,3,10,9,1483
19.5,3,10,10,1487
19.5,3,10,11,1492
19.5,3,10,12,1496
19.5,3,10,13,1501
19.5,3,10,14,1505
19.5,3,10,15,1510
19.5,3,11,0,1446
19.5,3,11,1,1451
19.5,3,11,2,1455
19.5,3,11,3,1460
19.5,3,11,4,1465
19.5,3,11,5,1469
19.5,3,11,6,1474
19.5,3,11,7,1478
19.5,3,11,8,1483
19.5,3,11,9,1488
19.5,3,11,10,1492
19.5,3,11,11,1497
19.5,3,11,12,1501
19.5,3,11,13,1506
19.5,3,11,14,1510
19.5,3,11,15,1515
19.5,3,12,0,1451
19.5,3,12,1,1455
19.5,3,12,2,1460
19.5,3,12,3,1465
19.5,3,12,4,1469
19.5,3,12,5,1474
19.5,3,12,6,1479
19.5,3,12,7,1483
19.5,3,12,8,1488
19.5,3,12,9,1492
19.5,3,12,10,1497
19.5,3,12,11,1501
19.5,3,12,12,1506
19.5,3,12,13,1510
19.5,3,12,14,1515
19.5,3,12,15,1519
19.5,3,13,0,1455
19.5,3,13,1,1460
19.5,3,13,2,1465
19.5,3,13,3,1469
19.5,3,13,4,1474
19.5,3,13,5,1478
19.5,3,13,6,1483
19.5,3,13,7,1488
19.5,3,13,8,1492
19.5,3,13,9,1497
19.5,3,13,10,1501
19.5,3,13,11,1506
19.5,3,13,12,1510
19.5,3,13,13,1515
19.5,3,13,14,1520
19.5,3,13,15,1524
19.5,3,14,0,1460
19.5,3,14,1,1464
19.5,3,14,2,1469
19.5,3,14,3,1474
19.5,3,14,4,1478
19.5,3,14,5,1483
19.5,3,14,6,1488
19.5,3,14,7,1492
19.5,3,14,8,1497
19.5,3,14,9,1501
19.5,3,14,10,1506
19.5,3,14,11,1511
19.5,3,14,12,1515
19.5,3,14,13,1520
19.5,3,14,14,1524
19.5,3,14,15,1529
19.5,3,15,0,1464
19.5,3,15,1,1469
19.5,3,15,2,1474
19.5,3,15,3,1478
19.5,3,15,4,1483
19.5,3,15,5,1488
19.5,3,15,6,1492
19.5,3,15,7,1497
19.5,3,15,8,1501
19.5,3,15,9,1506
19.5,3,15,10,1511
19.5,3,15,11,1515
19.5,3,15,12,1520
19.5,3,15,13,1524
19.5,3,15,14,1529
19.5,3,15,15,1533
19.5,4,0,0,1401
19.5,4,0,1,1405
19.5,4,0,2,1410
19.5,4,0,3,1414
19.5,4,0,4,1419
19.5,4,0,5,1423
19.5,4,0,6,1428
19.5,4,0,7,1432
19.5,4,0,8,1437
19.5,4,0,9,1441
19.5,4,0,10,1445
19.5,4,0,11,1450
19.5,4,0,12,1454
19.5,4,0,13,1458
19.5,4,0,14,1463
19.5,4,0,15,1467
19.5,4,1,0,1406
19.5,4,1,1,1410
19.5,4,1,2,1415
19.5,4,1,3,1419
19.5,4,1,4,1424
19.5,4,1,5,1428
19.5,4,1,6,1432
19.5,4,1,7,1437
19.5,4,1,8,1441
19.5,4,1,9,1446
19.5,4,1,10,1450
19.5,4,1,11,1455
19.5,4,1,12,1459
19.5,4,1,13,1463
19.5,4,1,14,1468
19.5,4,1,15,1472
19.5,4,2,0,1410
19.5,4,2,1,1415
19.5,4,2,2,1419
19.5,4,2,3,1424
19.5,4,2,4,1428
19.5,4,2,5,1433
19.5,4,2,6,1437
19.5,4,2,7,1442
19.5,4,2,8,1446
19.5,4,2,9,1451
19.5,4,2,10,1455
19.5,4,2,11,1459
19.5,4,2,12,1464
19.5,4,2,13,1468
19.5,4,2,14,1473
19.5,4,2,15,1477
19.5,4,3,0,1415
19.5,4,3,1,1419
19.5,4,3,2,1424
19.5,4,3,3,1429
19.5,4,3,4,1433
19.5,4,3,5,1438
19.5,4,3,6,1442
19.5,4,3,7,1446
19.5,4,3,8,1451
19.5,4,3,9,1455
19.5,4,3,10,1460
19.5,4,3,11,1464
19.5,4,3,12,1469
19.5,4,3,13,1473
19.5,4,3,14,1477
19.5,4,3,15,1482
19.5,4,4,0,1420
19.5,4,4,1,1424
19.5,4,4,2,1429
19.5,4,4,3,1433
19.5,4,4,4,1438
19.5,4,4,5,1442
19.5,4,4,6,1447
19.5,4,4,7,1451
19.5,4,4,8,1456
19.5,4,4,9,1460
19.5,4,4,10,1465
19.5,4,4,11,1469
19.5,4,4,12,1473
19.5,4,4,13,1478
19.5,4,4,14,1482
19.5,4,4,15,1487
19.5,4,5,0,1424
19.5,4,5,1,1429
19.5,4,5,2,1433
19.5,4,5,3,1438
19.5,4,5,4,1442
19.5,4,5,5,1447
19.5,4,5,6,1451
19.5,4,5,7,1456
19.5,4,5,8,1460
19.5,4,5,9,1465
19.5,4,5,10,1469
19.5,4,5,11,1474
19.5,4,5,12,1478
19.5,4,5,13,1483
19.5,4,5,14,1487
19.5,4,5,15,1492
19.5,4,6,0,1429
19.5,4,6,1,1433
19.5,4,6,2,1438
19.5,4,6,3,1443
19.5,4,6,4,1447
19.5,4,6,5,1452
19.5,4,6,6,1456
19.5,4,6,7,1461
19.5,4,6,8,1465
19.5,4,6,9,1470
19.5,4,6,10,1474
19.5,4,6,11,1479
19.5,4,6,12,1483
19.5,4,6,13,1488
19.5,4,6,14,1492
19.5,4,6,15,1496
19.5,4,7,0,1433
19.5,4,7,1,1438
19.5,4,7,2,1443
19.5,4,7,3,1447
19.5,4,7,4,1452
19.5,4,7,5,1456
19.5,4,7,6,1461
19.5,4,7,7,1465
19.5,4,7,8,1470
19.5,4,7,9,1474
19.5,4,7,10,1479
19.5,4,7,11,1483
19.5,4,7,12,1488
19.5,4,7,13,1492
19.5,4,7,14,1497
19.5,4,7,15,1501
19.5,4,8,0,1438
19.5,4,8,1,1443
19.5,4,8,2,1447
19.5,4,8,3,1452
19.5,4,8,4,1456
19.5,4,8,5,1461
19.5,4,8,6,1466
19.5,4,8,7,1470
19.5,4,8,8,1475
19.5,4,8,9,1479
19.5,4,8,10,1484
19.5,4,8,11,1488
19.5,4,8,12,1493
19.5,4,8,13,1497
19.5,4,8,14,1502
19.5,4,8,15,1506
19.5,4,9,0,1443
19.5,4,9,1,1447
19.5,4,9,2,1452
19.5,4,9,3,1456
19.5,4,9,4,1461
19.5,4,9,5,1466
19.5,4,9,6,1470
19.5,4,9,7,1475
19.5,4,9,8,1479
19.5,4,9,9,1484
19.5,4,9,10,1488
19.5,4,9,11,1493
19.5,4,9,12,1497
19.5,4,9,13,1502
19.5,4,9,14,1506
19.5,4,9,15,1511
19.5,4,10,0,1447
19.5,4,10,1,1452
19.5,4,10,2,1456
19.5,4,10,3,1461
19.5,4,10,4,1466
19.5,4,10,5,1470
19.5,4,10,6,1475
19.5,4,10,7,1479
19.5,4,10,8,1484
19.5,4,10,9,1489
19.5,4,10,10,1493
19.5,4,10,11,1498
19.5,4,10,12,1502
19.5,4,10,13,1507
19.5,4,10,14,1511
19.5,4,10,15,1516
19.5,4,11,0,1452
19.5,4,11,1,1456
19.5,4,11,2,1461
19.5,4,11,3,1466
19.5,4,11,4,1470
19.5,4,11,5,1475
19.5,4,11,6,1479
19.5,4,11,7,1484
19.5,4,11,8,1489
19.5,4,11,9,1493
19.5,4,11,10,1498
19.5,4,11,11,1502
19.5,4,11,12,1507
19.5,4,11,13,1511
19.5,4,11,14,1516
19.5,4,11,15,1520
19.5,4,12,0,1456
19.5,4,12,1,1461
19.5,4,12,2,1466
19.5,4,12,3,1470
19.5,4,12,4,1475
19.5,4,12,5,1479
19.5,4,12,6,1484
19.5,4,12,7,1489
19.5,4,12,8,1493
19.5,4,12,9,1498
19.5,4,12,10,1502
19.5,4,12,11,1507
19.5,4,12,12,1512
19.5,4,12,13,1516
19.5,4,12,14,1521
19.5,4,12,15,1525
19.5,4,13,0,1461
19.5,4,13,1,1465
19.5,4,13,2,1470
19.5,4,13,3,1475
19.5,4,13,4,1479
19.5,4,13,5,1484
19.5,4,13,6,1489
19.5,4,13,7,1493
19.5,4,13,8,1498
19.5,4,13,9,1503
19.5,4,13,10,1507
19.5,4,13,11,1512
19.5,4,13,12,1516
19.5,4,13,13,1521
19.5,4,13,14,1525
19.5,4,13,15,1530
19.5,4,14,0,1465
19.5,4,14,1,1470
19.5,4,14,2,1475
19.5,4,14,3,1479
19.5,4,14,4,1484
19.5,4,14,5,1489
19.5,4,14,6,1493
19.5,4,14,7,1498
19.5,4,14,8,1503
19.5,4,14,9,1507
19.5,4,14,10,1512
19.5,4,14,11,1516
19.5,4,14,12,1521
19.5,4,14,13,1525
19.5,4,14,14,1530
19.5,4,14,15,1534
19.5,4,15,0,1470
19.5,4,15,1,1474
19.5,4,15,2,1479
19.5,4,15,3,1484
19.5,4,15,4,1489
19.5,4,15,5,1493
19.5,4,15,6,1498
19.5,4,15,7,1503
19.5,4,15,8,1507
19.5,4,15,9,1512
19.5,4,15,10,1516
19.5,4,15,11,1521
19.5,4,15,12,1526
19.5,4,15,13,1530
19.5,4,15,14,1535
19.5,4,15,15,1539
19.5,5,0,0,1406
19.5,5,0,1,1411
19.5,5,0,2,1415
19.5,5,0,3,1420
19.5,5,0,4,1424
19.5,5,0,5,1429
19.5,5,0,6,1433
19.5,5,0,7,1438
19.5,5,0,8,1442
19.5,5,0,9,1446
19.5,5,0,10,1451
19.5,5,0,11,1455
19.5,5,0,12,1460
19.5,5,0,13,1464
19.5,5,0,14,1468
19.5,5,0,15,1473
19.5,5,1,0,1411
19.5,5,1,1,1415
19.5,5,1,2,1420
19.5,5,1,3,1424
19.5,5,1,4,1429
19.5,5,1,5,1433
19.5,5,1,6,1438
19.5,5,1,7,1442
19.5,5,1,8,1447
19.5,5,1,9,1451
19.5,5,1,10,1456
19.5,5,1,11,1460
19.5,5,1,12,1464
19.5,5,1,13,1469
19.5,5,1,14,1473
19.5,5,1,15,1478
19.5,5,2,0,1416
19.5,5,2,1,1420
19.5,5,2,2,1425
19.5,5,2,3,1429
19.5,5,2,4,1434
19.5,5,2,5,1438
19.5,5,2,6,1443
19.5,5,2,7,1447
19.5,5,2,8,1452
19.5,5,2,9,1456
19.5,5,2,10,1461
19.5,5,2,11,1465
19.5,5,2,12,1469
19.5,5,2,13,1474
19.5,5,2,14,1478
19.5,5,2,15,1482
19.5,5,3,0,1420
19.5,5,3,1,1425
19.5,5,3,2,1429
19.5,5,3,3,1434
19.5,5,3,4,1438
19.5,5,3,5,1443
19.5,5,3,6,1447
19.5,5,3,7,1452
19.5,5,3,8,1456
19.5,5,3,9,1461
19.5,5,3,10,1465
19.5,5,3,11,1470
19.5,5,3,12,1474
19.5,5,3,13,1479
19.5,5,3,14,1483
19.5,5,3,15,1487
19.5,5,4,0,1425
19.5,5,4,1,1429
19.5,5,4,2,1434
19.5,5,4,3,1439
19.5,5,4,4,1443
19.5,5,4,5,1448
19.5,5,4,6,1452
19.5,5,4,7,1457
19.5,5,4,8,1461
19.5,5,4,9,1466
19.5,5,4,10,1470
19.5,5,4,11,1475
19.5,5,4,12,1479
19.5,5,4,13,1483
19.5,5,4,14,1488
19.5,5,4,15,1492
19.5,5,5,0,1430
19.5,5,5,1,1434
19.5,5,5,2,1439
19.5,5,5,3,1443
19.5,5,5,4,1448
19.5,5,5,5,1452
19.5,5,5,6,1457
19.5,5,5,7,1461
19.5,5,5,8,1466
19.5,5,5,9,1470
19.5,5,5,10,1475
19.5,5,5,11,1479
19.5,5,5,12,1484
19.5,5,5,13,1488
19.5,5,5,14,1493
19.5,5,5,15,1497
19.5,5,6,0,1434
19.5,5,6,1,1439
19.5,5,6,2,1443
19.5,5,6,3,1448
19.5,5,6,4,1453
19.5,5,6,5,1457
19.5,5,6,6,1462
19.5,5,6,7,1466
19.5,5,6,8,1471
19.5,5,6,9,1475
19.5,5,6,10,1480
19.5,5,6,11,1484
19.5,5,6,12,1489
19.5,5,6,13,1493
19.5,5,6,14,1498
19.5,5,6,15,1502
19.5,5,7,0,1439
19.5,5,7,1,1443
19.5,5,7,2,1448
19.5,5,7,3,1453
19.5,5,7,4,1457
19.5,5,7,5,1462
19.5,5,7,6,1466
19.5,5,7,7,1471
19.5,5,7,8,1475
19.5,5,7,9,1480
19.5,5,7,10,1484
19.5,5,7,11,1489
19.5,5,7,12,1493
19.5,5,7,13,1498
19.5,5,7,14,1502
19.5,5,7,15,1507
19.5,5,8,0,1443
19.5,5,8,1,1448
19.5,5,8,2,1453
19.5,5,8,3,1457
19.5,5,8,4,1462
19.5,5,8,5,1467
19.5,5,8,6,1471
19.5,5,8,7,1476
19.5,5,8,8,1480
19.5,5,8,9,1485
19.5,5,8,10,1489
19.5,5,8,11,1494
19.5,5,8,12,1498
19.5,5,8,13,1503
19.5,5,8,14,1507
19.5,5,8,15,1512
19.5,5,9,0,1448
19.5,5,9,1,1453
19.5,5,9,2,1457
19.5,5,9,3,1462
19.5,5,9,4,1467
19.5,5,9,5,1471
19.5,5,9,6,1476
19.5,5,9,7,1480
19.5,5,9,8,1485
19.5,5,9,9,1489
19.5,5,9,10,1494
19.5,5,9,11,1499
19.5,5,9,12,1503
19.5,5,9,13,1508
19.5,5,9,14,1512
19.5,5,9,15,1516
19.5,5,10,0,1453
19.5,5,10,1,1457
19.5,5,10,2,1462
19.5,5,10,3,1467
19.5,5,10,4,1471
19.5,5,10,5,1476
19.5,5,10,6,1480
19.5,5,10,7,1485
19.5,5,10,8,1490
19.5,5,10,9,1494
19.5,5,10,10,1499
19.5,5,10,11,1503
19.5,5,10,12,1508
19.5,5,10,13,1512
19.5,5,10,14,1517
19.5,5,10,15,1521
19.5,5,11,0,1457
19.5,5,11,1,1462
19.5,5,11,2,1467
19.5,5,11,3,1471
19.5,5,11,4,1476
19.5,5,11,5,1480
19.5,5,11,6,1485
19.5,5,11,7,1490
19.5,5,11,8,1494
19.5,5,11,9,1499
19.5,5,11,10,1503
19.5,5,11,11,1508
19.5,5,11,12,1512
19.5,5,11,13,1517
19.5,5,11,14,1522
19.5,5,11,15,1526
19.5,5,12,0,1462
19.5,5,12,1,1466
19.5,5,12,2,1471
19.5,5,12,3,1476
19.5,5,12,4,1480
19.5,5,12,5,1485
19.5,5,12,6,1490
19.5,5,12,7,1494
19.5,5,12,8,1499
19.5,5,12,9,1504
19.5,5,12,10,1508
19.5,5,12,11,1513
19.5,5,12,12,1517
19.5,5,12,13,1522
19.5,5,12,14,1526
19.5,5,12,15,1531
19.5,5,13,0,1466
19.5,5,13,1,1471
19.5,5,13,2,1476
19.5,5,13,3,1480
19.5,5,13,4,1485
19.5,5,13,5,1490
19.5,5,13,6,1494
19.5,5,13,7,1499
19.5,5,13,8,1504
19.5,5,13,9,1508
19.5,5,13,10,1513
19.5,5,13,11,1517
19.5,5,13,12,1522
19.5,5,13,13,1526
19.5,5,13,14,1531
19.5,5,13,15,1536
19.5,5,14,0,1471
19.5,5,14,1,1475
19.5,5,14,2,1480
19.5,5,14,3,1485
19.5,5,14,4,1490
19.5,5,14,5,1494
19.5,5,14,6,1499
19.5,5,14,7,1504
19.5,5,14,8,1508
19.5,5,14,9,1513
19.5,5,14,10,1517
19.5,5,14,11,1522
19.5,5,14,12,1527
19.5,5,14,13,1531
19.5,5,14,14,1536
19.5,5,14,15,1540
19.5,5,15,0,1475
19.5,5,15,1,1480
19.5,5,15,2,1485
19.5,5,15,3,1489
19.5,5,15,4,1494
19.5,5,15,5,1499
19.5,5,15,6,1504
19.5,5,15,7,1508
19.5,5,15,8,1513
19.5,5,15,9,1517
19.5,5,15,10,1522
19.5,5,15,11,1527
19.5,5,15,12,1531
19.5,5,15,13,1536
19.5,5,15,14,1540
19.5,5,15,15,1545
19.5,6,0,0,1411
19.5,6,0,1,1416
19.5,6,0,2,1420
19.5,6,0,3,1425
19.5,6,0,4,1430
19.5,6,0,5,1434
19.5,6,0,6,1438
19.5,6,0,7,1443
19.5,6,0,8,1447
19.5,6,0,9,1452
19.5,6,0,10,1456
19.5,6,0,11,1461
19.5,6,0,12,1465
19.5,6,0,13,1469
19.5,6,0,14,1474
19.5,6,0,15,1478
19.5,6,1,0,1416
19.5,6,1,1,1421
19.5,6,1,2,1425
19.5,6,1,3,1430
19.5,6,1,4,1434
19.5,6,1,5,1439
19.5,6,1,6,1443
19.5,6,1,7,1448
19.5,6,1,8,1452
19.5,6,1,9,1457
19.5,6,1,10,1461
19.5,6,1,11,1466
19.5,6,1,12,1470
19.5,6,1,13,1474
19.5,6,1,14,1479
19.5,6,1,15,1483
19.5,6,2,0,1421
19.5,6,2,1,1425
19.5,6,2,2,1430
19.5,6,2,3,1435
19.5,6,2,4,1439
19.5,6,2,5,1444
19.5,6,2,6,1448
19.5,6,2,7,1453
19.5,6,2,8,1457
19.5,6,2,9,1462
19.5,6,2,10,1466
19.5,6,2,11,1470
19.5,6,2,12,1475
19.5,6,2,13,1479
19.5,6,2,14,1484
19.5,6,2,15,1488
19.5,6,3,0,1426
19.5,6,3,1,1430
19.5,6,3,2,1435
19.5,6,3,3,1439
19.5,6,3,4,1444
19.5,6,3,5,1448
19.5,6,3,6,1453
19.5,6,3,7,1457
19.5,6,3,8,1462
19.5,6,3,9,1466
19.5,6,3,10,1471
19.5,6,3,11,1475
19.5,6,3,12,1480
19.5,6,3,13,1484
19.5,6,3,14,1489
19.5,6,3,15,1493
19.5,6,4,0,1430
19.5,6,4,1,1435
19.5,6,4,2,1439
19.5,6,4,3,1444
19.5,6,4,4,1449
19.5,6,4,5,1453
19.5,6,4,6,1458
19.5,6,4,7,1462
19.5,6,4,8,1467
19.5,6,4,9,1471
19.5,6,4,10,1476
19.5,6,4,11,1480
19.5,6,4,12,1485
19.5,6,4,13,1489
19.5,6,4,14,1493
19.5,6,4,15,1498
19.5,6,5,0,1435
19.5,6,5,1,1440
19.5,6,5,2,1444
19.5,6,5,3,1449
19.5,6,5,4,1453
19.5,6,5,5,1458
19.5,6,5,6,1462
19.5,6,5,7,1467
19.5,6,5,8,1471
19.5,6,5,9,1476
19.5,6,5,10,1480
19.5,6,5,11,1485
19.5,6,5,12,1489
19.5,6,5,13,1494
19.5,6,5,14,1498
19.5,6,5,15,1503
19.5,6,6,0,1440
19.5,6,6,1,1444
19.5,6,6,2,1449
19.5,6,6,3,1453
19.5,6,6,4,1458
19.5,6,6,5,1463
19.5,6,6,6,1467
19.5,6,6,7,1472
19.5,6,6,8,1476
19.5,6,6,9,1481
19.5,6,6,10,1485
19.5,6,6,11,1490
19.5,6,6,12,1494
19.5,6,6,13,1499
19.5,6,6,14,1503
19.5,6,6,15,1508
19.5,6,7,0,1444
19.5,6,7,1,1449
19.5,6,7,2,1453
19.5,6,7,3,1458
19.5,6,7,4,1463
19.5,6,7,5,1467
19.5,6,7,6,1472
19.5,6,7,7,1476
19.5,6,7,8,1481
19.5,6,7,9,1486
19.5,6,7,10,1490
19.5,6,7,11,1495
19.5,6,7,12,1499
19.5,6,7,13,1504
19.5,6,7,14,1508
19.5,6,7,15,1512
19.5,6,8,0,1449
19.5,6,8,1,1453
19.5,6,8,2,1458
19.5,6,8,3,1463
19.5,6,8,4,1467
19.5,6,8,5,1472
19.5,6,8,6,1477
19.5,6,8,7,1481
19.5,6,8,8,1486
19.5,6,8,9,1490
19.5,6,8,10,1495
19.5,6,8,11,1499
19.5,6,8,12,1504
19.5,6,8,13,1508
19.5,6,8,14,1513
19.5,6,8,15,1517
19.5,6,9,0,1453
19.5,6,9,1,1458
19.5,6,9,2,1463
19.5,6,9,3,1467
19.5,6,9,4,1472
19.5,6,9,5,1477
19.5,6,9,6,1481
19.5,6,9,7,1486
19.5,6,9,8,1490
19.5,6,9,9,1495
19.5,6,9,10,1500
19.5,6,9,11,1504
19.5,6,9,12,1509
19.5,6,9,13,1513
19.5,6,9,14,1518
19.5,6,9,15,1522
19.5,6,10,0,1458
19.5,6,10,1,1463
19.5,6,10,2,1467
19.5,6,10,3,1472
19.5,6,10,4,1477
19.5,6,10,5,1481
19.5,6,10,6,1486
19.5,6,10,7,1491
19.5,6,10,8,1495
19.5,6,10,9,1500
19.5,6,10,10,1504
19.5,6,10,11,1509
19.5,6,10,12,1513
19.5,6,10,13,1518
19.5,6,10,14,1522
19.5,6,10,15,1527
19.5,6,11,0,1463
19.5,6,11,1,1467
19.5,6,11,2,1472
19.5,6,11,3,1477
19.5,6,11,4,1481
19.5,6,11,5,1486
19.5,6,11,6,1491
19.5,6,11,7,1495
19.5,6,11,8,1500
19.5,6,11,9,1504
19.5,6,11,10,1509
19.5,6,11,11,1514
19.5,6,11,12,1518
19.5,6,11,13,1523
19.5,6,11,14,1527
19.5,6,11,15,1532
19.5,6,12,0,1467
19.5,6,12,1,1472
19.5,6,12,2,1477
19.5,6,12,3,1481
19.5,6,12,4,1486
19.5,6,12,5,1491
19.5,6,12,6,1495
19.5,6,12,7,1500
19.5,6,12,8,1505
19.5,6,12,9,1509
19.5,6,12,10,1514
19.5,6,12,11,1518
19.5,6,12,12,1523
19.5,6,12,13,1527
19.5,6,12,14,1532
19.5,6,12,15,1537
19.5,6,13,0,1472
19.5,6,13,1,1476
19.5,6,13,2,1481
19.5,6,13,3,1486
19.5,6,13,4,1491
19.5,6,13,5,1495
19.5,6,13,6,1500
19.5,6,13,7,1505
19.5,6,13,8,1509
19.5,6,13,9,1514
19.5,6,13,10,1518
19.5,6,13,11,1523
19.5,6,13,12,1528
19.5,6,13,13,1532
19.5,6,13,14,1537
19.5,6,13,15,1541
19.5,6,14,0,1476
19.5,6,14,1,1481
19.5,6,14,2,1486
19.5,6,14,3,1490
19.5,6,14,4,1495
19.5,6,14,5,1500
19.5,6,14,6,1505
19.5,6,14,7,1509
19.5,6,14,8,1514
19.5,6,14,9,1519
19.5,6,14,10,1523
19.5,6,14,11,1528
19.5,6,14,12,1532
19.5,6,14,13,1537
19.5,6,14,14,1542
19.5,6,14,15,1546
19.5,6,15,0,1481
19.5,6,15,1,1486
19.5,6,15,2,1490
19.5,6,15,3,1495
19.5,6,15,4,1500
19.5,6,15,5,1504
19.5,6,15,6,1509
19.5,6,15,7,1514
19.5,6,15,8,1519
19.5,6,15,9,1523
19.5,6,15,10,1528
19.5,6,15,11,1532
19.5,6,15,12,1537
19.5,6,15,13,1542
19.5,6,15,14,1546
19.5,6,15,15,1551
19.5,7,0,0,1417
19.5,7,0,1,1421
19.5,7,0,2,1426
19.5,7,0,3,1430
19.5,7,0,4,1435
19.5,7,0,5,1439
19.5,7,0,6,1444
19.5,7,0,7,1448
19.5,7,0,8,1453
19.5,7,0,9,1457
19.5,7,0,10,1462
19.5,7,0,11,1466
19.5,7,0,12,1471
19.5,7,0,13,1475
19.5,7,0,14,1479
19.5,7,0,15,1484
19.5,7,1,0,1421
19.5,7,1,1,1426
19.5,7,1,2,1431
19.5,7,1,3,1435
19.5,7,1,4,1440
19.5,7,1,5,1444
19.5,7,1,6,1449
19.5,7,1,7,1453
19.5,7,1,8,1458
19.5,7,1,9,1462
19.5,7,1,10,1467
19.5,7,1,11,1471
19.5,7,1,12,1475
19.5,7,1,13,1480
19.5,7,1,14,1484
19.5,7,1,15,1489
19.5,7,2,0,1426
19.5,7,2,1,1431
19.5,7,2,2,1435
19.5,7,2,3,1440
19.5,7,2,4,1444
19.5,7,2,5,1449
19.5,7,2,6,1454
19.5,7,2,7,1458
19.5,7,2,8,1463
19.5,7,2,9,1467
19.5,7,2,10,1471
19.5,7,2,11,1476
19.5,7,2,12,1480
19.5,7,2,13,1485
19.5,7,2,14,1489
19.5,7,2,15,1494
19.5,7,3,0,1431
19.5,7,3,1,1436
19.5,7,3,2,1440
19.5,7,3,3,1445
19.5,7,3,4,1449
19.5,7,3,5,1454
19.5,7,3,6,1458
19.5,7,3,7,1463
19.5,7,3,8,1467
19.5,7,3,9,1472
19.5,7,3,10,1476
19.5,7,3,11,1481
19.5,7,3,12,1485
19.5,7,3,13,1490
19.5,7,3,14,1494
19.5,7,3,15,1499
19.5,7,4,0,1436
19.5,7,4,1,1440
19.5,7,4,2,1445
19.5,7,4,3,1449
19.5,7,4,4,1454
19.5,7,4,5,1459
19.5,7,4,6,1463
19.5,7,4,7,1468
19.5,7,4,8,1472
19.5,7,4,9,1477
19.5,7,4,10,1481
19.5,7,4,11,1486
19.5,7,4,12,1490
19.5,7,4,13,1495
19.5,7,4,14,1499
19.5,7,4,15,1503
19.5,7,5,0,1440
19.5,7,5,1,1445
19.5,7,5,2,1450
19.5,7,5,3,1454
19.5,7,5,4,1459
19.5,7,5,5,1463
19.5,7,5,6,1468
19.5,7,5,7,1472
19.5,7,5,8,1477
19.5,7,5,9,1482
19.5,7,5,10,1486
19.5,7,5,11,1491
19.5,7,5,12,1495
19.5,7,5,13,1499
19.5,7,5,14,1504
19.5,7,5,15,1508
19.5,7,6,0,1445
19.5,7,6,1,1450
19.5,7,6,2,1454
19.5,7,6,3,1459
19.5,7,6,4,1463
19.5,7,6,5,1468
19.5,7,6,6,1473
19.5,7,6,7,1477
19.5,7,6,8,1482
19.5,7,6,9,1486
19.5,7,6,10,1491
19.5,7,6,11,1495
19.5,7,6,12,1500
19.5,7,6,13,1504
19.5,7,6,14,1509
19.5,7,6,15,1513
19.5,7,7,0,1450
19.5,7,7,1,1454
19.5,7,7,2,1459
19.5,7,7,3,1464
19.5,7,7,4,1468
19.5,7,7,5,1473
19.5,7,7,6,1477
19.5,7,7,7,1482
19.5,7,7,8,1487
19.5,7,7,9,1491
19.5,7,7,10,1496
19.5,7,7,11,1500
19.5,7,7,12,1505
19.5,7,7,13,1509
19.5,7,7,14,1514
19.5,7,7,15,1518
19.5,7,8,0,1454
19.5,7,8,1,1459
19.5,7,8,2,1464
19.5,7,8,3,1468
19.5,7,8,4,1473
19.5,7,8,5,1478
19.5,7,8,6,1482
19.5,7,8,7,1487
19.5,7,8,8,1491
19.5,7,8,9,1496
19.5,7,8,10,1500
19.5,7,8,11,1505
19.5,7,8,12,1510
19.5,7,8,13,1514
19.5,7,8,14,1519
19.5,7,8,15,1523
19.5,7,9,0,1459
19.5,7,9,1,1464
19.5,7,9,2,1468
19.5,7,9,3,1473
19.5,7,9,4,1478
19.5,7,9,5,1482
19.5,7,9,6,1487
19.5,7,9,7,1491
19.5,7,9,8,1496
19.5,7,9,9,1501
19.5,7,9,10,1505
19.5,7,9,11,1510
19.5,7,9,12,1514
19.5,7,9,13,1519
19.5,7,9,14,1523
19.5,7,9,15,1528
19.5,7,10,0,1463
19.5,7,10,1,1468
19.5,7,10,2,1473
19.5,7,10,3,1478
19.5,7,10,4,1482
19.5,7,10,5,1487
19.5,7,10,6,1492
19.5,7,10,7,1496
19.5,7,10,8,1501
19.5,7,10,9,1505
19.5,7,10,10,1510
19.5,7,10,11,1515
19.5,7,10,12,1519
19.5,7,10,13,1524
19.5,7,10,14,1528
19.5,7,10,15,1533
19.5,7,11,0,1468
19.5,7,11,1,1473
19.5,7,11,2,1478
19.5,7,11,3,1482
19.5,7,11,4,1487
19.5,7,11,5,1492
19.5,7,11,6,1496
19.5,7,11,7,1501
19.5,7,11,8,1506
19.5,7,11,9,1510
19.5,7,11,10,1515
19.5,7,11,11,1519
19.5,7,11,12,1524
19.5,7,11,13,1528
19.5,7,11,14,1533
19.5,7,11,15,1538
19.5,7,12,0,1473
19.5,7,12,1,1477
19.5,7,12,2,1482
19.5,7,12,3,1487
19.5,7,12,4,1492
19.5,7,12,5,1496
19.5,7,12,6,1501
19.5,7,12,7,1506
19.5,7,12,8,1510
19.5,7,12,9,1515
19.5,7,12,10,1519
19.5,7,12,11,1524
19.5,7,12,12,1529
19.5,7,12,13,1533
19.5,7,12,14,1538
19.5,7,12,15,1542
19.5,7,13,0,1477
19.5,7,13,1,1482
19.5,7,13,2,1487
19.5,7,13,3,1491
19.5,7,13,4,1496
19.5,7,13,5,1501
19.5,7,13,6,1506
19.5,7,13,7,1510
19.5,7,13,8,1515
19.5,7,13,9,1520
19.5,7,13,10,1524
19.5,7,13,11,1529
19.5,7,13,12,1533
19.5,7,13,13,1538
19.5,7,13,14,1543
19.5,7,13,15,1547
19.5,7,14,0,1482
19.5,7,14,1,1487
19.5,7,14,2,1491
19.5,7,14,3,1496
19.5,7,14,4,1501
19.5,7,14,5,1506
19.5,7,14,6,1510
19.5,7,14,7,1515
19.5,7,14,8,1520
19.5,7,14,9,1524
19.5,7,14,10,1529
19.5,7,14,11,1533
19.5,7,14,12,1538
19.5,7,14,13,1543
19.5,7,14,14,1547
19.5,7,14,15,1552
19.5,7,15,0,1486
19.5,7,15,1,1491
19.5,7,15,2,1496
19.5,7,15,3,1501
19.5,7,15,4,1505
19.5,7,15,5,1510
19.5,7,15,6,1515
19.5,7,15,7,1520
19.5,7,15,8,1524
19.5,7,15,9,1529
19.5,7,15,10,1534
19.5,7,15,11,1538
19.5,7,15,12,1543
19.5,7,15,13,1547
19.5,7,15,14,1552
19.5,7,15,15,1557
19.5,8,0,0,1422
19.5,8,0,1,1427
19.5,8,0,2,1431
19.5,8,0,3,1436
19.5,8,0,4,1440
19.5,8,0,5,1445
19.5,8,0,6,1449
19.5,8,0,7,1454
19.5,8,0,8,1458
19.5,8,0,9,1463
19.5,8,0,10,1467
19.5,8,0,11,1472
19.5,8,0,12,1476
19.5,8,0,13,1480
19.5,8,0,14,1485
19.5,8,0,15,1489
19.5,8,1,0,1427
19.5,8,1,1,1431
19.5,8,1,2,1436
19.5,8,1,3,1441
19.5,8,1,4,1445
19.5,8,1,5,1450
19.5,8,1,6,1454
19.5,8,1,7,1459
19.5,8,1,8,1463
19.5,8,1,9,1468
19.5,8,1,10,1472
19.5,8,1,11,1477
19.5,8,1,12,1481
19.5,8,1,13,1485
19.5,8,1,14,1490
19.5,8,1,15,1494
19.5,8,2,0,1432
19.5,8,2,1,1436
19.5,8,2,2,1441
19.5,8,2,3,1445
19.5,8,2,4,1450
19.5,8,2,5,1454
19.5,8,2,6,1459
19.5,8,2,7,1463
19.5,8,2,8,1468
19.5,8,2,9,1472
19.5,8,2,10,1477
19.5,8,2,11,1481
19.5,8,2,12,1486
19.5,8,2,13,1490
19.5,8,2,14,1495
19.5,8,2,15,1499
19.5,8,3,0,1436
19.5,8,3,1,1441
19.5,8,3,2,1445
19.5,8,3,3,1450
19.5,8,3,4,1455
19.5,8,3,5,1459
19.5,8,3,6,1464
19.5,8,3,7,1468
19.5,8,3,8,1473
19.5,8,3,9,1477
19.5,8,3,10,1482
19.5,8,3,11,1486
19.5,8,3,12,1491
19.5,8,3,13,1495
19.5,8,3,14,1500
19.5,8,3,15,1504
19.5,8,4,0,1441
19.5,8,4,1,1446
19.5,8,4,2,1450
19.5,8,4,3,1455
19.5,8,4,4,1459
19.5,8,4,5,1464
19.5,8,4,6,1469
19.5,8,4,7,1473
19.5,8,4,8,1478
19.5,8,4,9,1482
19.5,8,4,10,1487
19.5,8,4,11,1491
19.5,8,4,12,1496
19.5,8,4,13,1500
19.5,8,4,14,1505
19.5,8,4,15,1509
19.5,8,5,0,1446
19.5,8,5,1,1450
19.5,8,5,2,1455
19.5,8,5,3,1460
19.5,8,5,4,1464
19.5,8,5,5,1469
19.5,8,5,6,1473
19.5,8,5,7,1478
19.5,8,5,8,1483
19.5,8,5,9,1487
19.5,8,5,10,1492
19.5,8,5,11,1496
19.5,8,5,12,1501
19.5,8,5,13,1505
19.5,8,5,14,1510
19.5,8,5,15,1514
19.5,8,6,0,1450
19.5,8,6,1,1455
19.5,8,6,2,1460
19.5,8,6,3,1464
19.5,8,6,4,1469
19.5,8,6,5,1474
19.5,8,6,6,1478
19.5,8,6,7,1483
19.5,8,6,8,1487
19.5,8,6,9,1492
19.5,8,6,10,1496
19.5,8,6,11,1501
19.5,8,6,12,1505
19.5,8,6,13,1510
19.5,8,6,14,1514
19.5,8,6,15,1519
19.5,8,7,0,1455
19.5,8,7,1,1460
19.5,8,7,2,1464
19.5,8,7,3,1469
19.5,8,7,4,1474
19.5,8,7,5,1478
19.5,8,7,6,1483
19.5,8,7,7,1488
19.5,8,7,8,1492
19.5,8,7,9,1497
19.5,8,7,10,1501
19.5,8,7,11,1506
19.5,8,7,12,1510
19.5,8,7,13,1515
19.5,8,7,14,1519
19.5,8,7,15,1524
19.5,8,8,0,1460
19.5,8,8,1,1464
19.5,8,8,2,1469
19.5,8,8,3,1474
19.5,8,8,4,1478
19.5,8,8,5,1483
19.5,8,8,6,1488
19.5,8,8,7,1492
19.5,8,8,8,1497
19.5,8,8,9,1501
19.5,8,8,10,1506
19.5,8,8,11,1511
19.5,8,8,12,1515
19.5,8,8,13,1520
19.5,8,8,14,1524
19.5,8,8,15,1529
19.5,8,9,0,1464
19.5,8,9,1,1469
19.5,8,9,2,1474
19.5,8,9,3,1478
19.5,8,9,4,1483
19.5,8,9,5,1488
19.5,8,9,6,1492
19.5,8,9,7,1497
19.5,8,9,8,1502
19.5,8,9,9,1506
19.5,8,9,10,1511
19.5,8,9,11,1515
19.5,8,9,12,1520
19.5,8,9,13,1525
19.5,8,9,14,1529
19.5,8,9,15,1534
19.5,8,10,0,1469
19.5,8,10,1,1474
19.5,8,10,2,1478
19.5,8,10,3,1483
19.5,8,10,4,1488
19.5,8,10,5,1492
19.5,8,10,6,1497
19.5,8,10,7,1502
19.5,8,10,8,1506
19.5,8,10,9,1511
19.5,8,10,10,1516
19.5,8,10,11,1520
19.5,8,10,12,1525
19.5,8,10,13,1529
19.5,8,10,14,1534
19.5,8,10,15,1538
19.5,8,11,0,1474
19.5,8,11,1,1478
19.5,8,11,2,1483
19.5,8,11,3,1488
19.5,8,11,4,1492
19.5,8,11,5,1497
19.5,8,11,6,1502
19.5,8,11,7,1506
19.5,8,11,8,1511
19.5,8,11,9,1516
19.5,8,11,10,1520
19.5,8,11,11,1525
19.5,8,11,12,1530
19.5,8,11,13,1534
19.5,8,11,14,1539
19.5,8,11,15,1543
19.5,8,12,0,1478
19.5,8,12,1,1483
19.5,8,12,2,1488
19.5,8,12,3,1492
19.5,8,12,4,1497
19.5,8,12,5,1502
19.5,8,12,6,1507
19.5,8,12,7,1511
19.5,8,12,8,1516
19.5,8,12,9,1520
19.5,8,12,10,1525
19.5,8,12,11,1530
19.5,8,12,12,1534
19.5,8,12,13,1539
19.5,8,12,14,1544
19.5,8,12,15,1548
19.5,8,13,0,1483
19.5,8,13,1,1488
19.5,8,13,2,1492
19.5,8,13,3,1497
19.5,8,13,4,1502
19.5,8,13,5,1506
19.5,8,13,6,1511
19.5,8,13,7,1516
19.5,8,13,8,1521
19.5,8,13,9,1525
19.5,8,13,10,1530
19.5,8,13,11,1534
19.5,8,13,12,1539
19.5,8,13,13,1544
19.5,8,13,14,1548
19.5,8,13,15,1553
19.5,8,14,0,1487
19.5,8,14,1,1492
19.5,8,14,2,1497
19.5,8,14,3,1502
19.5,8,14,4,1506
19.5,8,14,5,1511
19.5,8,14,6,1516
19.5,8,14,7,1521
19.5,8,14,8,1525
19.5,8,14,9,1530
19.5,8,14,10,1535
19.5,8,14,11,1539
19.5,8,14,12,1544
19.5,8,14,13,1548
19.5,8,14,14,1553
19.5,8,14,15,1558
19.5,8,15,0,1492
19.5,8,15,1,1497
19.5,8,15,2,1501
19.5,8,15,3,1506
19.5,8,15,4,1511
19.5,8,15,5,1516
19.5,8,15,6,1520
19.5,8,15,7,1525
19.5,8,15,8,1530
19.5,8,15,9,1535
19.5,8,15,10,1539
19.5,8,15,11,1544
19.5,8,15,12,1549
19.5,8,15,13,1553
19.5,8,15,14,1558
19.5,8,15,15,1562
19.5,9,0,0,1427
19.5,9,0,1,1432
19.5,9,0,2,1436
19.5,9,0,3,1441
19.5,9,0,4,1446
19.5,9,0,5,1450
19.5,9,0,6,1455
19.5,9,0,7,1459
19.5,9,0,8,1464
19.5,9,0,9,1468
19.5,9,0,10,1473
19.5,9,0,11,1477
19.5,9,0,12,1482
19.5,9,0,13,1486
19.5,9,0,14,1490
19.5,9,0,15,1495
19.5,9,1,0,1432
19.5,9,1,1,1437
19.5,9,1,2,1441
19.5,9,1,3,1446
19.5,9,1,4,1450
19.5,9,1,5,1455
19.5,9,1,6,1460
19.5,9,1,7,1464
19.5,9,1,8,1469
19.5,9,1,9,1473
19.5,9,1,10,1478
19.5,9,1,11,1482
19.5,9,1,12,1486
19.5,9,1,13,1491
19.5,9,1,14,1495
19.5,9,1,15,1500
19.5,9,2,0,1437
19.5,9,2,1,1441
19.5,9,2,2,1446
19.5,9,2,3,1451
19.5,9,2,4,1455
19.5,9,2,5,1460
19.5,9,2,6,1464
19.5,9,2,7,1469
19.5,9,2,8,1473
19.5,9,2,9,1478
19.5,9,2,10,1482
19.5,9,2,11,1487
19.5,9,2,12,1491
19.5,9,2,13,1496
19.5,9,2,14,1500
19.5,9,2,15,1505
19.5,9,3,0,1442
19.5,9,3,1,1446
19.5,9,3,2,1451
19.5,9,3,3,1455
19.5,9,3,4,1460
19.5,9,3,5,1465
19.5,9,3,6,1469
19.5,9,3,7,1474
19.5,9,3,8,1478
19.5,9,3,9,1483
19.5,9,3,10,1487
19.5,9,3,11,1492
19.5,9,3,12,1496
19.5,9,3,13,1501
19.5,9,3,14,1505
19.5,9,3,15,1510
19.5,9,4,0,1446
19.5,9,4,1,1451
19.5,9,4,2,1456
19.5,9,4,3,1460
19.5,9,4,4,1465
19.5,9,4,5,1469
19.5,9,4,6,1474
19.5,9,4,7,1479
19.5,9,4,8,1483
19.5,9,4,9,1488
19.5,9,4,10,1492
19.5,9,4,11,1497
19.5,9,4,12,1501
19.5,9,4,13,1506
19.5,9,4,14,1510
19.5,9,4,15,1515
19.5,9,5,0,1451
19.5,9,5,1,1456
19.5,9,5,2,1460
19.5,9,5,3,1465
19.5,9,5,4,1470
19.5,9,5,5,1474
19.5,9,5,6,1479
19.5,9,5,7,1483
19.5,9,5,8,1488
19.5,9,5,9,1493
19.5,9,5,10,1497
19.5,9,5,11,1502
19.5,9,5,12,1506
19.5,9,5,13,1511
19.5,9,5,14,1515
19.5,9,5,15,1520
19.5,9,6,0,1456
19.5,9,6,1,1460
19.5,9,6,2,1465
19.5,9,6,3,1470
19.5,9,6,4,1474
19.5,9,6,5,1479
19.5,9,6,6,1484
19.5,9,6,7,1488
19.5,9,6,8,1493
19.5,9,6,9,1497
19.5,9,6,10,1502
19.5,9,6,11,1507
19.5,9,6,12,1511
19.5,9,6,13,1516
19.5,9,6,14,1520
19.5,9,6,15,1525
19.5,9,7,0,1460
19.5,9,7,1,1465
19.5,9,7,2,1470
19.5,9,7,3,1475
19.5,9,7,4,1479
19.5,9,7,5,1484
19.5,9,7,6,1488
19.5,9,7,7,1493
19.5,9,7,8,1498
19.5,9,7,9,1502
19.5,9,7,10,1507
19.5,9,7,11,1511
19.5,9,7,12,1516
19.5,9,7,13,1520
19.5,9,7,14,1525
19.5,9,7,15,1529
19.5,9,8,0,1465
19.5,9,8,1,1470
19.5,9,8,2,1475
19.5,9,8,3,1479
19.5,9,8,4,1484
19.5,9,8,5,1489
19.5,9,8,6,1493
19.5,9,8,7,1498
19.5,9,8,8,1502
19.5,9,8,9,1507
19.5,9,8,10,1512
19.5,9,8,11,1516
19.5,9,8,12,1521
19.5,9,8,13,1525
19.5,9,8,14,1530
19.5,9,8,15,1534
19.5,9,9,0,1470
19.5,9,9,1,1475
19.5,9,9,2,1479
19.5,9,9,3,1484
19.5,9,9,4,1489
19.5,9,9,5,1493
19.5,9,9,6,1498
19.5,9,9,7,1503
19.5,9,9,8,1507
19.5,9,9,9,1512
19.5,9,9,10,1516
19.5,9,9,11,1521
19.5,9,9,12,1526
19.5,9,9,13,1530
19.5,9,9,14,1535
19.5,9,9,15,1539
19.5,9,10,0,1474
19.5,9,10,1,1479
19.5,9,10,2,1484
19.5,9,10,3,1489
19.5,9,10,4,1493
19.5,9,10,5,1498
19.5,9,10,6,1503
19.5,9,10,7,1507
19.5,9,10,8,1512
19.5,9,10,9,1517
19.5,9,10,10,1521
19.5,9,10,11,1526
19.5,9,10,12,1530
19.5,9,10,13,1535
19.5,9,10,14,1540
19.5,9,10,15,1544
19.5,9,11,0,1479
19.5,9,11,1,1484
19.5,9,11,2,1489
19.5,9,11,3,1493
19.5,9,11,4,1498
19.5,9,11,5,1503
19.5,9,11,6,1507
19.5,9,11,7,1512
19.5,9,11,8,1517
19.5,9,11,9,1521
19.5,9,11,10,1526
19.5,9,11,11,1531
19.5,9,11,12,1535
19.5,9,11,13,1540
19.5,9,11,14,1544
19.5,9,11,15,1549
19.5,9,12,0,1484
19.5,9,12,1,1488
19.5,9,12,2,1493
19.5,9,12,3,1498
19.5,9,12,4,1503
19.5,9,12,5,1507
19.5,9,12,6,1512
19.5,9,12,7,1517
19.5,9,12,8,1521
19.5,9,12,9,1526
19.5,9,12,10,1531
19.5,9,12,11,1535
19.5,9,12,12,1540
19.5,9,12,13,1545
19.5,9,12,14,1549
19.5,9,12,15,1554
19.5,9,13,0,1488
19.5,9,13,1,1493
19.5,9,13,2,1498
19.5,9,13,3,1503
19.5,9,13,4,1507
19.5,9,13,5,1512
19.5,9,13,6,1517
19.5,9,13,7,1522
19.5,9,13,8,1526
19.5,9,13,9,1531
19.5,9,13,10,1536
19.5,9,13,11,1540
19.5,9,13,12,1545
19.5,9,13,13,1549
19.5,9,13,14,1554
19.5,9,13,15,1559
19.5,9,14,0,1493
19.5,9,14,1,1498
19.5,9,14,2,1502
19.5,9,14,3,1507
19.5,9,14,4,1512
19.5,9,14,5,1517
19.5,9,14,6,1521
19.5,9,14,7,1526
19.5,9,14,8,1531
19.5,9,14,9,1536
19.5,9,14,10,1540
19.5,9,14,11,1545
19.5,9,14,12,1550
19.5,9,14,13,1554
19.5,9,14,14,1559
19.5,9,14,15,1563
19.5,9,15,0,1497
19.5,9,15,1,1502
19.5,9,15,2,1507
19.5,9,15,3,1512
19.5,9,15,4,1517
19.5,9,15,5,1521
19.5,9,15,6,1526
19.5,9,15,7,1531
19.5,9,15,8,1536
19.5,9,15,9,1540
19.5,9,15,10,1545
19.5,9,15,11,1550
19.5,9,15,12,1554
19.5,9,15,13,1559
19.5,9,15,14,1564
19.5,9,15,15,1568
19.5,10,0,0,1433
19.5,10,0,1,1437
19.5,10,0,2,1442
19.5,10,0,3,1446
19.5,10,0,4,1451
19.5,10,0,5,1456
19.5,10,0,6,1460
19.5,10,0,7,1465
19.5,10,0,8,1469
19.5,10,0,9,1474
19.5,10,0,10,1478
19.5,10,0,11,1483
19.5,10,0,12,1487
19.5,10,0,13,1491
19.5,10,0,14,1496
19.5,10,0,15,1500
19.5,10,1,0,1437
19.5,10,1,1,1442
19.5,10,1,2,1447
19.5,10,1,3,1451
19.5,10,1,4,1456
19.5,10,1,5,1460
19.5,10,1,6,1465
19.5,10,1,7,1469
19.5,10,1,8,1474
19.5,10,1,9,1479
19.5,10,1,10,1483
19.5,10,1,11,1488
19.5,10,1,12,1492
19.5,10,1,13,1496
19.5,10,1,14,1501
19.5,10,1,15,1505
19.5,10,2,0,1442
19.5,10,2,1,1447
19.5,10,2,2,1451
19.5,10,2,3,1456
19.5,10,2,4,1461
19.5,10,2,5,1465
19.5,10,2,6,1470
19.5,10,2,7,1474
19.5,10,2,8,1479
19.5,10,2,9,1483
19.5,10,2,10,1488
19.5,10,2,11,1492
19.5,10,2,12,1497
19.5,10,2,13,1501
19.5,10,2,14,1506
19.5,10,2,15,1510
19.5,10,3,0,1447
19.5,10,3,1,1452
19.5,10,3,2,1456
19.5,10,3,3,1461
19.5,10,3,4,1465
19.5,10,3,5,1470
19.5,10,3,6,1475
19.5,10,3,7,1479
19.5,10,3,8,1484
19.5,10,3,9,1488
19.5,10,3,10,1493
19.5,10,3,11,1497
19.5,10,3,12,1502
19.5,10,3,13,1506
19.5,10,3,14,1511
19.5,10,3,15,1515
19.5,10,4,0,1452
19.5,10,4,1,1456
19.5,10,4,2,1461
19.5,10,4,3,1466
19.5,10,4,4,1470
19.5,10,4,5,1475
19.5,10,4,6,1480
19.5,10,4,7,1484
19.5,10,4,8,1489
19.5,10,4,9,1493
19.5,10,4,10,1498
19.5,10,4,11,1502
19.5,10,4,12,1507
19.5,10,4,13,1511
19.5,10,4,14,1516
19.5,10,4,15,1520
19.5,10,5,0,1456
19.5,10,5,1,1461
19.5,10,5,2,1466
19.5,10,5,3,1470
19.5,10,5,4,1475
19.5,10,5,5,1480
19.5,10,5,6,1484
19.5,10,5,7,1489
19.5,10,5,8,1494
19.5,10,5,9,1498
19.5,10,5,10,1503
19.5,10,5,11,1507
19.5,10,5,12,1512
19.5,10,5,13,1516
19.5,10,5,14,1521
19.5,10,5,15,1525
19.5,10,6,0,1461
19.5,10,6,1,1466
19.5,10,6,2,1471
19.5,10,6,3,1475
19.5,10,6,4,1480
19.5,10,6,5,1485
19.5,10,6,6,1489
19.5,10,6,7,1494
19.5,10,6,8,1498
19.5,10,6,9,1503
19.5,10,6,10,1508
19.5,10,6,11,1512
19.5,10,6,12,1517
19.5,10,6,13,1521
19.5,10,6,14,1526
19.5,10,6,15,1530
19.5,10,7,0,1466
19.5,10,7,1,1471
19.5,10,7,2,1475
19.5,10,7,3,1480
19.5,10,7,4,1485
19.5,10,7,5,1489
19.5,10,7,6,1494
19.5,10,7,7,1499
19.5,10,7,8,1503
19.5,10,7,9,1508
19.5,10,7,10,1512
19.5,10,7,11,1517
19.5,10,7,12,1522
19.5,10,7,13,1526
19.5,10,7,14,1531
19.5,10,7,15,1535
19.5,10,8,0,1471
19.5,10,8,1,1475
19.5,10,8,2,1480
19.5,10,8,3,1485
19.5,10,8,4,1489
19.5,10,8,5,1494
19.5,10,8,6,1499
19.5,10,8,7,1503
19.5,10,8,8,1508
19.5,10,8,9,1513
19.5,10,8,10,1517
19.5,10,8,11,1522
19.5,10,8,12,1526
19.5,10,8,13,1531
19.5,10,8,14,1536
19.5,10,8,15,1540
19.5,10,9,0,1475
19.5,10,9,1,1480
19.5,10,9,2,1485
19.5,10,9,3,1489
19.5,10,9,4,1494
19.5,10,9,5,1499
19.5,10,9,6,1504
19.5,10,9,7,1508
19.5,10,9,8,1513
19.5,10,9,9,1517
19.5,10,9,10,1522
19.5,10,9,11,1527
19.5,10,9,12,1531
19.5,10,9,13,1536
19.5,10,9,14,1540
19.5,10,9,15,1545
19.5,10,10,0,1480
19.5,10,10,1,1485
19.5,10,10,2,1489
19.5,10,10,3,1494
19.5,10,10,4,1499
19.5,10,10,5,1504
19.5,10,10,6,1508
19.5,10,10,7,1513
19.5,10,10,8,1518
19.5,10,10,9,1522
19.5,10,10,10,1527
19.5,10,10,11,1532
19.5,10,10,12,1536
19.5,10,10,13,1541
19.5,10,10,14,1545
19.5,10,10,15,1550
19.5,10,11,0,1485
19.5,10,11,1,1489
19.5,10,11,2,1494
19.5,10,11,3,1499
19.5,10,11,4,1504
19.5,10,11,5,1508
19.5,10,11,6,1513
19.5,10,11,7,1518
19.5,10,11,8,1522
19.5,10,11,9,1527
19.5,10,11,10,1532
19.5,10,11,11,1536
19.5,10,11,12,1541
19.5,10,11,13,1546
19.5,10,11,14,1550
19.5,10,11,15,1555
19.5,10,12,0,1489
19.5,10,12,1,1494
19.5,10,12,2,1499
19.5,10,12,3,1504
19.5,10,12,4,1508
19.5,10,12,5,1513
19.5,10,12,6,1518
19.5,10,12,7,1522
19.5,10,12,8,1527
19.5,10,12,9,1532
19.5,10,12,10,1536
19.5,10,12,11,1541
19.5,10,12,12,1546
19.5,10,12,13,1550
19.5,10,12,14,1555
19.5,10,12,15,1560
19.5,10,13,0,1494
19.5,10,13,1,1499
19.5,10,13,2,1503
19.5,10,13,3,1508
19.5,10,13,4,1513
19.5,10,13,5,1518
19.5,10,13,6,1522
19.5,10,13,7,1527
19.5,10,13,8,1532
19.5,10,13,9,1537
19.5,10,13,10,1541
19.5,10,13,11,1546
19.5,10,13,12,1551
19.5,10,13,13,1555
19.5,10,13,14,1560
19.5,10,13,15,1564
19.5,10,14,0,1498
19.5,10,14,1,1503
19.5,10,14,2,1508
19.5,10,14,3,1513
19.5,10,14,4,1518
19.5,10,14,5,1522
19.5,10,14,6,1527
19.5,10,14,7,1532
19.5,10,14,8,1537
19.5,10,14,9,1541
19.5,10,14,10,1546
19.5,10,14,11,1551
19.5,10,14,12,1555
19.5,10,14,13,1560
19.5,10,14,14,1565
19.5,10,14,15,1569
19.5,10,15,0,1503
19.5,10,15,1,1508
19.5,10,15,2,1513
19.5,10,15,3,1517
19.5,10,15,4,1522
19.5,10,15,5,1527
19.5,10,15,6,1532
19.5,10,15,7,1537
19.5,10,15,8,1541
19.5,10,15,9,1546
19.5,10,15,10,1551
19.5,10,15,11,1555
19.5,10,15,12,1560
19.5,10,15,13,1565
19.5,10,15,14,1569
19.5,10,15,15,1574
19.5,11,0,0,1438
19.5,11,0,1,1442
19.5,11,0,2,1447
19.5,11,0,3,1452
19.5,11,0,4,1456
19.5,11,0,5,1461
19.5,11,0,6,1465
19.5,11,0,7,1470
19.5,11,0,8,1475
19.5,11,0,9,1479
19.5,11,0,10,1484
19.5,11,0,11,1488
19.5,11,0,12,1492
19.5,11,0,13,1497
19.5,11,0,14,1501
19.5,11,0,15,1506
19.5,11,1,0,1443
19.5,11,1,1,1447
19.5,11,1,2,1452
19.5,11,1,3,1457
19.5,11,1,4,1461
19.5,11,1,5,1466
19.5,11,1,6,1470
19.5,11,1,7,1475
19.5,11,1,8,1479
19.5,11,1,9,1484
19.5,11,1,10,1489
19.5,11,1,11,1493
19.5,11,1,12,1497
19.5,11,1,13,1502
19.5,11,1,14,1506
19.5,11,1,15,1511
19.5,11,2,0,1447
19.5,11,2,1,1452
19.5,11,2,2,1457
19.5,11,2,3,1461
19.5,11,2,4,1466
19.5,11,2,5,1471
19.5,11,2,6,1475
19.5,11,2,7,1480
19.5,11,2,8,1484
19.5,11,2,9,1489
19.5,11,2,10,1493
19.5,11,2,11,1498
19.5,11,2,12,1502
19.5,11,2,13,1507
19.5,11,2,14,1511
19.5,11,2,15,1516
19.5,11,3,0,1452
19.5,11,3,1,1457
19.5,11,3,2,1462
19.5,11,3,3,1466
19.5,11,3,4,1471
19.5,11,3,5,1476
19.5,11,3,6,1480
19.5,11,3,7,1485
19.5,11,3,8,1489
19.5,11,3,9,1494
19.5,11,3,10,1498
19.5,11,3,11,1503
19.5,11,3,12,1507
19.5,11,3,13,1512
19.5,11,3,14,1516
19.5,11,3,15,1521
19.5,11,4,0,1457
19.5,11,4,1,1462
19.5,11,4,2,1466
19.5,11,4,3,1471
19.5,11,4,4,1476
19.5,11,4,5,1480
19.5,11,4,6,1485
19.5,11,4,7,1490
19.5,11,4,8,1494
19.5,11,4,9,1499
19.5,11,4,10,1503
19.5,11,4,11,1508
19.5,11,4,12,1512
19.5,11,4,13,1517
19.5,11,4,14,1521
19.5,11,4,15,1526
19.5,11,5,0,1462
19.5,11,5,1,1467
19.5,11,5,2,1471
19.5,11,5,3,1476
19.5,11,5,4,1481
19.5,11,5,5,1485
19.5,11,5,6,1490
19.5,11,5,7,1494
19.5,11,5,8,1499
19.5,11,5,9,1504
19.5,11,5,10,1508
19.5,11,5,11,1513
19.5,11,5,12,1517
19.5,11,5,13,1522
19.5,11,5,14,1526
19.5,11,5,15,1531
19.5,11,6,0,1467
19.5,11,6,1,1471
19.5,11,6,2,1476
19.5,11,6,3,1481
19.5,11,6,4,1485
19.5,11,6,5,1490
19.5,11,6,6,1495
19.5,11,6,7,1499
19.5,11,6,8,1504
19.5,11,6,9,1509
19.5,11,6,10,1513
19.5,11,6,11,1518
19.5,11,6,12,1522
19.5,11,6,13,1527
19.5,11,6,14,1531
19.5,11,6,15,1536
19.5,11,7,0,1471
19.5,11,7,1,1476
19.5,11,7,2,1481
19.5,11,7,3,1485
19.5,11,7,4,1490
19.5,11,7,5,1495
19.5,11,7,6,1499
19.5,11,7,7,1504
19.5,11,7,8,1509
19.5,11,7,9,1513
19.5,11,7,10,1518
19.5,11,7,11,1523
19.5,11,7,12,1527
19.5,11,7,13,1532
19.5,11,7,14,1536
19.5,11,7,15,1541
19.5,11,8,0,1476
19.5,11,8,1,1481
19.5,11,8,2,1485
19.5,11,8,3,1490
19.5,11,8,4,1495
19.5,11,8,5,1500
19.5,11,8,6,1504
19.5,11,8,7,1509
19.5,11,8,8,1514
19.5,11,8,9,1518
19.5,11,8,10,1523
19.5,11,8,11,1527
19.5,11,8,12,1532
19.5,11,8,13,1537
19.5,11,8,14,1541
19.5,11,8,15,1546
19.5,11,9,0,1481
19.5,11,9,1,1485
19.5,11,9,2,1490
19.5,11,9,3,1495
19.5,11,9,4,1500
19.5,11,9,5,1504
19.5,11,9,6,1509
19.5,11,9,7,1514
19.5,11,9,8,1518
19.5,11,9,9,1523
19.5,11,9,10,1528
19.5,11,9,11,1532
19.5,11,9,12,1537
19.5,11,9,13,1542
19.5,11,9,14,1546
19.5,11,9,15,1551
19.5,11,10,0,1485
19.5,11,10,1,1490
19.5,11,10,2,1495
19.5,11,10,3,1500
19.5,11,10,4,1504
19.5,11,10,5,1509
19.5,11,10,6,1514
19.5,11,10,7,1519
19.5,11,10,8,1523
19.5,11,10,9,1528
19.5,11,10,10,1533
19.5,11,10,11,1537
19.5,11,10,12,1542
19.5,11,10,13,1546
19.5,11,10,14,1551
19.5,11,10,15,1556
19.5,11,11,0,1490
19.5,11,11,1,1495
19.5,11,11,2,1500
19.5,11,11,3,1504
19.5,11,11,4,1509
19.5,11,11,5,1514
19.5,11,11,6,1519
19.5,11,11,7,1523
19.5,11,11,8,1528
19.5,11,11,9,1533
19.5,11,11,10,1537
19.5,11,11,11,1542
19.5,11,11,12,1547
19.5,11,11,13,1551
19.5,11,11,14,1556
19.5,11,11,15,1560
19.5,11,12,0,1495
19.5,11,12,1,1499
19.5,11,12,2,1504
19.5,11,12,3,1509
19.5,11,12,4,1514
19.5,11,12,5,1519
19.5,11,12,6,1523
19.5,11,12,7,1528
19.5,11,12,8,1533
19.5,11,12,9,1537
19.5,11,12,10,1542
19.5,11,12,11,1547
19.5,11,12,12,1551
19.5,11,12,13,1556
19.5,11,12,14,1561
19.5,11,12,15,1565
19.5,11,13,0,1499
19.5,11,13,1,1504
19.5,11,13,2,1509
19.5,11,13,3,1514
19.5,11,13,4,1519
19.5,11,13,5,1523
19.5,11,13,6,1528
19.5,11,13,7,1533
19.5,11,13,8,1538
19.5,11,13,9,1542
19.5,11,13,10,1547
19.5,11,13,11,1552
19.5,11,13,12,1556
19.5,11,13,13,1561
19.5,11,13,14,1566
19.5,11,13,15,1570
19.5,11,14,0,1504
19.5,11,14,1,1509
19.5,11,14,2,1514
19.5,11,14,3,1518
19.5,11,14,4,1523
19.5,11,14,5,1528
19.5,11,14,6,1533
19.5,11,14,7,1538
19.5,11,14,8,1542
19.5,11,14,9,1547
19.5,11,14,10,1552
19.5,11,14,11,1556
19.5,11,14,12,1561
19.5,11,14,13,1566
19.5,11,14,14,1570
19.5,11,14,15,1575
19.5,11,15,0,1509
19.5,11,15,1,1513
19.5,11,15,2,1518
19.5,11,15,3,1523
19.5,11,15,4,1528
19.5,11,15,5,1533
19.5,11,15,6,1537
19.5,11,15,7,1542
19.5,11,15,8,1547
19.5,11,15,9,1552
19.5,11,15,10,1556
19.5,11,15,11,1561
19.5,11,15,12,1566
19.5,11,15,13,1571
19.5,11,15,14,1575
19.5,11,15,15,1580
19.5,12,0,0,1443
19.5,12,0,1,1448
19.5,12,0,2,1452
19.5,12,0,3,1457
19.5,12,0,4,1462
19.5,12,0,5,1466
19.5,12,0,6,1471
19.5,12,0,7,1475
19.5,12,0,8,1480
19.5,12,0,9,1484
19.5,12,0,10,1489
19.5,12,0,11,1493
19.5,12,0,12,1498
19.5,12,0,13,1502
19.5,12,0,14,1507
19.5,12,0,15,1511
19.5,12,1,0,1448
19.5,12,1,1,1453
19.5,12,1,2,1457
19.5,12,1,3,1462
19.5,12,1,4,1467
19.5,12,1,5,1471
19.5,12,1,6,1476
19.5,12,1,7,1480
19.5,12,1,8,1485
19.5,12,1,9,1489
19.5,12,1,10,1494
19.5,12,1,11,1498
19.5,12,1,12,1503
19.5,12,1,13,1508
19.5,12,1,14,1512
19.5,12,1,15,1516
19.5,12,2,0,1453
19.5,12,2,1,1457
19.5,12,2,2,1462
19.5,12,2,3,1467
19.5,12,2,4,1471
19.5,12,2,5,1476
19.5,12,2,6,1481
19.5,12,2,7,1485
19.5,12,2,8,1490
19.5,12,2,9,1494
19.5,12,2,10,1499
19.5,12,2,11,1503
19.5,12,2,12,1508
19.5,12,2,13,1513
19.5,12,2,14,1517
19.5,12,2,15,1521
19.5,12,3,0,1458
19.5,12,3,1,1462
19.5,12,3,2,1467
19.5,12,3,3,1472
19.5,12,3,4,1476
19.5,12,3,5,1481
19.5,12,3,6,1486
19.5,12,3,7,1490
19.5,12,3,8,1495
19.5,12,3,9,1499
19.5,12,3,10,1504
19.5,12,3,11,1508
19.5,12,3,12,1513
19.5,12,3,13,1518
19.5,12,3,14,1522
19.5,12,3,15,1527
19.5,12,4,0,1462
19.5,12,4,1,1467
19.5,12,4,2,1472
19.5,12,4,3,1476
19.5,12,4,4,1481
19.5,12,4,5,1486
19.5,12,4,6,1490
19.5,12,4,7,1495
19.5,12,4,8,1500
19.5,12,4,9,1504
19.5,12,4,10,1509
19.5,12,4,11,1513
19.5,12,4,12,1518
19.5,12,4,13,1523
19.5,12,4,14,1527
19.5,12,4,15,1532
19.5,12,5,0,1467
19.5,12,5,1,1472
19.5,12,5,2,1477
19.5,12,5,3,1481
19.5,12,5,4,1486
19.5,12,5,5,1491
19.5,12,5,6,1495
19.5,12,5,7,1500
19.5,12,5,8,1505
19.5,12,5,9,1509
19.5,12,5,10,1514
19.5,12,5,11,1518
19.5,12,5,12,1523
19.5,12,5,13,1527
19.5,12,5,14,1532
19.5,12,5,15,1537
19.5,12,6,0,1472
19.5,12,6,1,1477
19.5,12,6,2,1481
19.5,12,6,3,1486
19.5,12,6,4,1491
19.5,12,6,5,1495
19.5,12,6,6,1500
19.5,12,6,7,1505
19.5,12,6,8,1509
19.5,12,6,9,1514
19.5,12,6,10,1519
19.5,12,6,11,1523
19.5,12,6,12,1528
19.5,12,6,13,1532
19.5,12,6,14,1537
19.5,12,6,15,1542
19.5,12,7,0,1477
19.5,12,7,1,1481
19.5,12,7,2,1486
19.5,12,7,3,1491
19.5,12,7,4,1496
19.5,12,7,5,1500
19.5,12,7,6,1505
19.5,12,7,7,1510
19.5,12,7,8,1514
19.5,12,7,9,1519
19.5,12,7,10,1524
19.5,12,7,11,1528
19.5,12,7,12,1533
19.5,12,7,13,1537
19.5,12,7,14,1542
19.5,12,7,15,1546
19.5,12,8,0,1481
19.5,12,8,1,1486
19.5,12,8,2,1491
19.5,12,8,3,1496
19.5,12,8,4,1500
19.5,12,8,5,1505
19.5,12,8,6,1510
19.5,12,8,7,1514
19.5,12,8,8,1519
19.5,12,8,9,1524
19.5,12,8,10,1528
19.5,12,8,11,1533
19.5,12,8,12,1538
19.5,12,8,13,1542
19.5,12,8,14,1547
19.5,12,8,15,1551
19.5,12,9,0,1486
19.5,12,9,1,1491
19.5,12,9,2,1496
19.5,12,9,3,1500
19.5,12,9,4,1505
19.5,12,9,5,1510
19.5,12,9,6,1515
19.5,12,9,7,1519
19.5,12,9,8,1524
19.5,12,9,9,1529
19.5,12,9,10,1533
19.5,12,9,11,1538
19.5,12,9,12,1543
19.5,12,9,13,1547
19.5,12,9,14,1552
19.5,12,9,15,1556
19.5,12,10,0,1491
19.5,12,10,1,1496
19.5,12,10,2,1500
19.5,12,10,3,1505
19.5,12,10,4,1510
19.5,12,10,5,1515
19.5,12,10,6,1519
19.5,12,10,7,1524
19.5,12,10,8,1529
19.5,12,10,9,1533
19.5,12,10,10,1538
19.5,12,10,11,1543
19.5,12,10,12,1547
19.5,12,10,13,1552
19.5,12,10,14,1557
19.5,12,10,15,1561
19.5,12,11,0,1495
19.5,12,11,1,1500
19.5,12,11,2,1505
19.5,12,11,3,1510
19.5,12,11,4,1515
19.5,12,11,5,1519
19.5,12,11,6,1524
19.5,12,11,7,1529
19.5,12,11,8,1534
19.5,12,11,9,1538
19.5,12,11,10,1543
19.5,12,11,11,1548
19.5,12,11,12,1552
19.5,12,11,13,1557
19.5,12,11,14,1562
19.5,12,11,15,1566
19.5,12,12,0,1500
19.5,12,12,1,1505
19.5,12,12,2,1510
19.5,12,12,3,1515
19.5,12,12,4,1519
19.5,12,12,5,1524
19.5,12,12,6,1529
19.5,12,12,7,1534
19.5,12,12,8,1538
19.5,12,12,9,1543
19.5,12,12,10,1548
19.5,12,12,11,1552
19.5,12,12,12,1557
19.5,12,12,13,1562
19.5,12,12,14,1566
19.5,12,12,15,1571
19.5,12,13,0,1505
19.5,12,13,1,1510
19.5,12,13,2,1514
19.5,12,13,3,1519
19.5,12,13,4,1524
19.5,12,13,5,1529
19.5,12,13,6,1534
19.5,12,13,7,1538
19.5,12,13,8,1543
19.5,12,13,9,1548
19.5,12,13,10,1553
19.5,12,13,11,1557
19.5,12,13,12,1562
19.5,12,13,13,1567
19.5,12,13,14,1571
19.5,12,13,15,1576
19.5,12,14,0,1509
19.5,12,14,1,1514
19.5,12,14,2,1519
19.5,12,14,3,1524
19.5,12,14,4,1529
19.5,12,14,5,1534
19.5,12,14,6,1538
19.5,12,14,7,1543
19.5,12,14,8,1548
19.5,12,14,9,1553
19.5,12,14,10,1557
19.5,12,14,11,1562
19.5,12,14,12,1567
19.5,12,14,13,1571
19.5,12,14,14,1576
19.5,12,14,15,1581
19.5,12,15,0,1514
19.5,12,15,1,1519
19.5,12,15,2,1524
19.5,12,15,3,1529
19.5,12,15,4,1533
19.5,12,15,5,1538
19.5,12,15,6,1543
19.5,12,15,7,1548
19.5,12,15,8,1553
19.5,12,15,9,1557
19.5,12,15,10,1562
19.5,12,15,11,1567
19.5,12,15,12,1572
19.5,12,15,13,1576
19.5,12,15,14,1581
19.5,12,15,15,1586
19.5,13,0,0,1448
19.5,13,0,1,1453
19.5,13,0,2,1458
19.5,13,0,3,1462
19.5,13,0,4,1467
19.5,13,0,5,1472
19.5,13,0,6,1476
19.5,13,0,7,1481
19.5,13,0,8,1485
19.5,13,0,9,1490
19.5,13,0,10,1494
19.5,13,0,11,1499
19.5,13,0,12,1503
19.5,13,0,13,1508
19.5,13,0,14,1512
19.5,13,0,15,1517
19.5,13,1,0,1453
19.5,13,1,1,1458
19.5,13,1,2,1463
19.5,13,1,3,1467
19.5,13,1,4,1472
19.5,13,1,5,1477
19.5,13,1,6,1481
19.5,13,1,7,1486
19.5,13,1,8,1490
19.5,13,1,9,1495
19.5,13,1,10,1499
19.5,13,1,11,1504
19.5,13,1,12,1509
19.5,13,1,13,1513
19.5,13,1,14,1518
19.5,13,1,15,1522
19.5,13,2,0,1458
19.5,13,2,1,1463
19.5,13,2,2,1468
19.5,13,2,3,1472
19.5,13,2,4,1477
19.5,13,2,5,1481
19.5,13,2,6,1486
19.5,13,2,7,1491
19.5,13,2,8,1495
19.5,13,2,9,1500
19.5,13,2,10,1504
19.5,13,2,11,1509
19.5,13,2,12,1514
19.5,13,2,13,1518
19.5,13,2,14,1523
19.5,13,2,15,1527
19.5,13,3,0,1463
19.5,13,3,1,1468
19.5,13,3,2,1472
19.5,13,3,3,1477
19.5,13,3,4,1482
19.5,13,3,5,1486
19.5,13,3,6,1491
19.5,13,3,7,1496
19.5,13,3,8,1500
19.5,13,3,9,1505
19.5,13,3,10,1509
19.5,13,3,11,1514
19.5,13,3,12,1519
19.5,13,3,13,1523
19.5,13,3,14,1528
19.5,13,3,15,1532
19.5,13,4,0,1468
19.5,13,4,1,1472
19.5,13,4,2,1477
19.5,13,4,3,1482
19.5,13,4,4,1487
19.5,13,4,5,1491
19.5,13,4,6,1496
19.5,13,4,7,1501
19.5,13,4,8,1505
19.5,13,4,9,1510
19.5,13,4,10,1514
19.5,13,4,11,1519
19.5,13,4,12,1524
19.5,13,4,13,1528
19.5,13,4,14,1533
19.5,13,4,15,1537
19.5,13,5,0,1473
19.5,13,5,1,1477
19.5,13,5,2,1482
19.5,13,5,3,1487
19.5,13,5,4,1491
19.5,13,5,5,1496
19.5,13,5,6,1501
19.5,13,5,7,1505
19.5,13,5,8,1510
19.5,13,5,9,1515
19.5,13,5,10,1519
19.5,13,5,11,1524
19.5,13,5,12,1529
19.5,13,5,13,1533
19.5,13,5,14,1538
19.5,13,5,15,1542
19.5,13,6,0,1477
19.5,13,6,1,1482
19.5,13,6,2,1487
19.5,13,6,3,1492
19.5,13,6,4,1496
19.5,13,6,5,1501
19.5,13,6,6,1506
19.5,13,6,7,1510
19.5,13,6,8,1515
19.5,13,6,9,1520
19.5,13,6,10,1524
19.5,13,6,11,1529
19.5,13,6,12,1533
19.5,13,6,13,1538
19.5,13,6,14,1543
19.5,13,6,15,1547
19.5,13,7,0,1482
19.5,13,7,1,1487
19.5,13,7,2,1492
19.5,13,7,3,1496
19.5,13,7,4,1501
19.5,13,7,5,1506
19.5,13,7,6,1511
19.5,13,7,7,1515
19.5,13,7,8,1520
19.5,13,7,9,1525
19.5,13,7,10,1529
19.5,13,7,11,1534
19.5,13,7,12,1538
19.5,13,7,13,1543
19.5,13,7,14,1548
19.5,13,7,15,1552
19.5,13,8,0,1487
19.5,13,8,1,1492
19.5,13,8,2,1496
19.5,13,8,3,1501
19.5,13,8,4,1506
19.5,13,8,5,1511
19.5,13,8,6,1515
19.5,13,8,7,1520
19.5,13,8,8,1525
19.5,13,8,9,1529
19.5,13,8,10,1534
19.5,13,8,11,1539
19.5,13,8,12,1543
19.5,13,8,13,1548
19.5,13,8,14,1553
19.5,13,8,15,1557
19.5,13,9,0,1492
19.5,13,9,1,1496
19.5,13,9,2,1501
19.5,13,9,3,1506
19.5,13,9,4,1511
19.5,13,9,5,1515
19.5,13,9,6,1520
19.5,13,9,7,1525
19.5,13,9,8,1530
19.5,13,9,9,1534
19.5,13,9,10,1539
19.5,13,9,11,1544
19.5,13,9,12,1548
19.5,13,9,13,1553
19.5,13,9,14,1557
19.5,13,9,15,1562
19.5,13,10,0,1496
19.5,13,10,1,1501
19.5,13,10,2,1506
19.5,13,10,3,1511
19.5,13,10,4,1515
19.5,13,10,5,1520
19.5,13,10,6,1525
19.5,13,10,7,1530
19.5,13,10,8,1534
19.5,13,10,9,1539
19.5,13,10,10,1544
19.5,13,10,11,1548
19.5,13,10,12,1553
19.5,13,10,13,1558
19.5,13,10,14,1562
19.5,13,10,15,1567
19.5,13,11,0,1501
19.5,13,11,1,1506
19.5,13,11,2,1511
19.5,13,11,3,1515
19.5,13,11,4,1520
19.5,13,11,5,1525
19.5,13,11,6,1530
19.5,13,11,7,1534
19.5,13,11,8,1539
19.5,13,11,9,1544
19.5,13,11,10,1549
19.5,13,11,11,1553
19.5,13,11,12,1558
19.5,13,11,13,1563
19.5,13,11,14,1567
19.5,13,11,15,1572
19.5,13,12,0,1506
19.5,13,12,1,1511
19.5,13,12,2,1515
19.5,13,12,3,1520
19.5,13,12,4,1525
19.5,13,12,5,1530
19.5,13,12,6,1535
19.5,13,12,7,1539
19.5,13,12,8,1544
19.5,13,12,9,1549
19.5,13,12,10,1553
19.5,13,12,11,1558
19.5,13,12,12,1563
19.5,13,12,13,1568
19.5,13,12,14,1572
19.5,13,12,15,1577
19.5,13,13,0,1510
19.5,13,13,1,1515
19.5,13,13,2,1520
19.5,13,13,3,1525
19.5,13,13,4,1530
19.5,13,13,5,1534
19.5,13,13,6,1539
19.5,13,13,7,1544
19.5,13,13,8,1549
19.5,13,13,9,1554
19.5,13,13,10,1558
19.5,13,13,11,1563
19.5,13,13,12,1568
19.5,13,13,13,1572
19.5,13,13,14,1577
19.5,13,13,15,1582
19.5,13,14,0,1515
19.5,13,14,1,1520
19.5,13,14,2,1525
19.5,13,14,3,1530
19.5,13,14,4,1534
19.5,13,14,5,1539
19.5,13,14,6,1544
19.5,13,14,7,1549
19.5,13,14,8,1554
19.5,13,14,9,1558
19.5,13,14,10,1563
19.5,13,14,11,1568
19.5,13,14,12,1573
19.5,13,14,13,1577
19.5,13,14,14,1582
19.5,13,14,15,1587
19.5,13,15,0,1520
19.5,13,15,1,1525
19.5,13,15,2,1529
19.5,13,15,3,1534
19.5,13,15,4,1539
19.5,13,15,5,1544
19.5,13,15,6,1549
19.5,13,15,7,1554
19.5,13,15,8,1558
19.5,13,15,9,1563
19.5,13,15,10,1568
19.5,13,15,11,1573
19.5,13,15,12,1577
19.5,13,15,13,1582
19.5,13,15,14,1587
19.5,13,15,15,1591
19.5,14,0,0,1454
19.5,14,0,1,1458
19.5,14,0,2,1463
19.5,14,0,3,1468
19.5,14,0,4,1472
19.5,14,0,5,1477
19.5,14,0,6,1482
19.5,14,0,7,1486
19.5,14,0,8,1491
19.5,14,0,9,1495
19.5,14,0,10,1500
19.5,14,0,11,1504
19.5,14,0,12,1509
19.5,14,0,13,1513
19.5,14,0,14,1518
19.5,14,0,15,1522
19.5,14,1,0,1459
19.5,14,1,1,1463
19.5,14,1,2,1468
19.5,14,1,3,1473
19.5,14,1,4,1477
19.5,14,1,5,1482
19.5,14,1,6,1487
19.5,14,1,7,1491
19.5,14,1,8,1496
19.5,14,1,9,1500
19.5,14,1,10,1505
19.5,14,1,11,1509
19.5,14,1,12,1514
19.5,14,1,13,1519
19.5,14,1,14,1523
19.5,14,1,15,1528
19.5,14,2,0,1463
19.5,14,2,1,1468
19.5,14,2,2,1473
19.5,14,2,3,1478
19.5,14,2,4,1482
19.5,14,2,5,1487
19.5,14,2,6,1492
19.5,14,2,7,1496
19.5,14,2,8,1501
19.5,14,2,9,1505
19.5,14,2,10,1510
19.5,14,2,11,1515
19.5,14,2,12,1519
19.5,14,2,13,1524
19.5,14,2,14,1528
19.5,14,2,15,1533
19.5,14,3,0,1468
19.5,14,3,1,1473
19.5,14,3,2,1478
19.5,14,3,3,1482
19.5,14,3,4,1487
19.5,14,3,5,1492
19.5,14,3,6,1496
19.5,14,3,7,1501
19.5,14,3,8,1506
19.5,14,3,9,1510
19.5,14,3,10,1515
19.5,14,3,11,1520
19.5,14,3,12,1524
19.5,14,3,13,1529
19.5,14,3,14,1533
19.5,14,3,15,1538
19.5,14,4,0,1473
19.5,14,4,1,1478
19.5,14,4,2,1483
19.5,14,4,3,1487
19.5,14,4,4,1492
19.5,14,4,5,1497
19.5,14,4,6,1501
19.5,14,4,7,1506
19.5,14,4,8,1511
19.5,14,4,9,1515
19.5,14,4,10,1520
19.5,14,4,11,1525
19.5,14,4,12,1529
19.5,14,4,13,1534
19.5,14,4,14,1538
19.5,14,4,15,1543
19.5,14,5,0,1478
19.5,14,5,1,1483
19.5,14,5,2,1487
19.5,14,5,3,1492
19.5,14,5,4,1497
19.5,14,5,5,1502
19.5,14,5,6,1506
19.5,14,5,7,1511
19.5,14,5,8,1516
19.5,14,5,9,1520
19.5,14,5,10,1525
19.5,14,5,11,1529
19.5,14,5,12,1534
19.5,14,5,13,1539
19.5,14,5,14,1543
19.5,14,5,15,1548
19.5,14,6,0,1483
19.5,14,6,1,1487
19.5,14,6,2,1492
19.5,14,6,3,1497
19.5,14,6,4,1502
19.5,14,6,5,1506
19.5,14,6,6,1511
19.5,14,6,7,1516
19.5,14,6,8,1521
19.5,14,6,9,1525
19.5,14,6,10,1530
19.5,14,6,11,1534
19.5,14,6,12,1539
19.5,14,6,13,1544
19.5,14,6,14,1548
19.5,14,6,15,1553
19.5,14,7,0,1487
19.5,14,7,1,1492
19.5,14,7,2,1497
19.5,14,7,3,1502
19.5,14,7,4,1507
19.5,14,7,5,1511
19.5,14,7,6,1516
19.5,14,7,7,1521
19.5,14,7,8,1525
19.5,14,7,9,1530
19.5,14,7,10,1535
19.5,14,7,11,1539
19.5,14,7,12,1544
19.5,14,7,13,1549
19.5,14,7,14,1553
19.5,14,7,15,1558
19.5,14,8,0,1492
19.5,14,8,1,1497
19.5,14,8,2,1502
19.5,14,8,3,1507
19.5,14,8,4,1511
19.5,14,8,5,1516
19.5,14,8,6,1521
19.5,14,8,7,1526
19.5,14,8,8,1530
19.5,14,8,9,1535
19.5,14,8,10,1540
19.5,14,8,11,1544
19.5,14,8,12,1549
19.5,14,8,13,1554
19.5,14,8,14,1558
19.5,14,8,15,1563
19.5,14,9,0,1497
19.5,14,9,1,1502
19.5,14,9,2,1507
19.5,14,9,3,1511
19.5,14,9,4,1516
19.5,14,9,5,1521
19.5,14,9,6,1526
19.5,14,9,7,1530
19.5,14,9,8,1535
19.5,14,9,9,1540
19.5,14,9,10,1545
19.5,14,9,11,1549
19.5,14,9,12,1554
19.5,14,9,13,1559
19.5,14,9,14,1563
19.5,14,9,15,1568
19.5,14,10,0,1502
19.5,14,10,1,1507
19.5,14,10,2,1511
19.5,14,10,3,1516
19.5,14,10,4,1521
19.5,14,10,5,1526
19.5,14,10,6,1531
19.5,14,10,7,1535
19.5,14,10,8,1540
19.5,14,10,9,1545
19.5,14,10,10,1549
19.5,14,10,11,1554
19.5,14,10,12,1559
19.5,14,10,13,1563
19.5,14,10,14,1568
19.5,14,10,15,1573
19.5,14,11,0,1506
19.5,14,11,1,1511
19.5,14,11,2,1516
19.5,14,11,3,1521
19.5,14,11,4,1526
19.5,14,11,5,1531
19.5,14,11,6,1535
19.5,14,11,7,1540
19.5,14,11,8,1545
19.5,14,11,9,1550
19.5,14,11,10,1554
19.5,14,11,11,1559
19.5,14,11,12,1564
19.5,14,11,13,1568
19.5,14,11,14,1573
19.5,14,11,15,1578
19.5,14,12,0,1511
19.5,14,12,1,1516
19.5,14,12,2,1521
19.5,14,12,3,1526
19.5,14,12,4,1531
19.5,14,12,5,1535
19.5,14,12,6,1540
19.5,14,12,7,1545
19.5,14,12,8,1550
19.5,14,12,9,1554
19.5,14,12,10,1559
19.5,14,12,11,1564
19.5,14,12,12,1569
19.5,14,12,13,1573
19.5,14,12,14,1578
19.5,14,12,15,1583
19.5,14,13,0,1516
19.5,14,13,1,1521
19.5,14,13,2,1526
19.5,14,13,3,1530
19.5,14,13,4,1535
19.5,14,13,5,1540
19.5,14,13,6,1545
19.5,14,13,7,1550
19.5,14,13,8,1554
19.5,14,13,9,1559
19.5,14,13,10,1564
19.5,14,13,11,1569
19.5,14,13,12,1573
19.5,14,13,13,1578
19.5,14,13,14,1583
19.5,14,13,15,1588
19.5,14,14,0,1521
19.5,14,14,1,1525
19.5,14,14,2,1530
19.5,14,14,3,1535
19.5,14,14,4,1540
19.5,14,14,5,1545
19.5,14,14,6,1550
19.5,14,14,7,1554
19.5,14,14,8,1559
19.5,14,14,9,1564
19.5,14,14,10,1569
19.5,14,14,11,1574
19.5,14,14,12,1578
19.5,14,14,13,1583
19.5,14,14,14,1588
19.5,14,14,15,1592
19.5,14,15,0,1525
19.5,14,15,1,1530
19.5,14,15,2,1535
19.5,14,15,3,1540
19.5,14,15,4,1545
19.5,14,15,5,1550
19.5,14,15,6,1554
19.5,14,15,7,1559
19.5,14,15,8,1564
19.5,14,15,9,1569
19.5,14,15,10,1574
19.5,14,15,11,1578
19.5,14,15,12,1583
19.5,14,15,13,1588
19.5,14,15,14,1593
19.5,14,15,15,1597
19.5,15,0,0,1459
19.5,15,0,1,1464
19.5,15,0,2,1468
19.5,15,0,3,1473
19.5,15,0,4,1478
19.5,15,0,5,1482
19.5,15,0,6,1487
19.5,15,0,7,1492
19.5,15,0,8,1496
19.5,15,0,9,1501
19.5,15,0,10,1505
19.5,15,0,11,1510
19.5,15,0,12,1514
19.5,15,0,13,1519
19.5,15,0,14,1523
19.5,15,0,15,1528
19.5,15,1,0,1464
19.5,15,1,1,1469
19.5,15,1,2,1473
19.5,15,1,3,1478
19.5,15,1,4,1483
19.5,15,1,5,1487
19.5,15,1,6,1492
19.5,15,1,7,1497
19.5,15,1,8,1501
19.5,15,1,9,1506
19.5,15,1,10,1510
19.5,15,1,11,1515
19.5,15,1,12,1520
19.5,15,1,13,1524
19.5,15,1,14,1529
19.5,15,1,15,1533
19.5,15,2,0,1469
19.5,15,2,1,1474
19.5,15,2,2,1478
19.5,15,2,3,1483
19.5,15,2,4,1488
19.5,15,2,5,1492
19.5,15,2,6,1497
19.5,15,2,7,1502
19.5,15,2,8,1506
19.5,15,2,9,1511
19.5,15,2,10,1515
19.5,15,2,11,1520
19.5,15,2,12,1525
19.5,15,2,13,1529
19.5,15,2,14,1534
19.5,15,2,15,1538
19.5,15,3,0,1474
19.5,15,3,1,1478
19.5,15,3,2,1483
19.5,15,3,3,1488
19.5,15,3,4,1493
19.5,15,3,5,1497
19.5,15,3,6,1502
19.5,15,3,7,1507
19.5,15,3,8,1511
19.5,15,3,9,1516
19.5,15,3,10,1520
19.5,15,3,11,1525
19.5,15,3,12,1530
19.5,15,3,13,1534
19.5,15,3,14,1539
19.5,15,3,15,1543
19.5,15,4,0,1478
19.5,15,4,1,1483
19.5,15,4,2,1488
19.5,15,4,3,1493
19.5,15,4,4,1497
19.5,15,4,5,1502
19.5,15,4,6,1507
19.5,15,4,7,1511
19.5,15,4,8,1516
19.5,15,4,9,1521
19.5,15,4,10,1525
19.5,15,4,11,1530
19.5,15,4,12,1535
19.5,15,4,13,1539
19.5,15,4,14,1544
19.5,15,4,15,1548
19.5,15,5,0,1483
19.5,15,5,1,1488
19.5,15,5,2,1493
19.5,15,5,3,1498
19.5,15,5,4,1502
19.5,15,5,5,1507
19.5,15,5,6,1512
19.5,15,5,7,1516
19.5,15,5,8,1521
19.5,15,5,9,1526
19.5,15,5,10,1530
19.5,15,5,11,1535
19.5,15,5,12,1540
19.5,15,5,13,1544
19.5,15,5,14,1549
19.5,15,5,15,1553
19.5,15,6,0,1488
19.5,15,6,1,1493
19.5,15,6,2,1498
19.5,15,6,3,1502
19.5,15,6,4,1507
19.5,15,6,5,1512
19.5,15,6,6,1517
19.5,15,6,7,1521
19.5,15,6,8,1526
19.5,15,6,9,1531
19.5,15,6,10,1535
19.5,15,6,11,1540
19.5,15,6,12,1545
19.5,15,6,13,1549
19.5,15,6,14,1554
19.5,15,6,15,1558
19.5,15,7,0,1493
19.5,15,7,1,1498
19.5,15,7,2,1503
19.5,15,7,3,1507
19.5,15,7,4,1512
19.5,15,7,5,1517
19.5,15,7,6,1522
19.5,15,7,7,1526
19.5,15,7,8,1531
19.5,15,7,9,1536
19.5,15,7,10,1540
19.5,15,7,11,1545
19.5,15,7,12,1550
19.5,15,7,13,1554
19.5,15,7,14,1559
19.5,15,7,15,1563
19.5,15,8,0,1498
19.5,15,8,1,1503
19.5,15,8,2,1507
19.5,15,8,3,1512
19.5,15,8,4,1517
19.5,15,8,5,1522
19.5,15,8,6,1526
19.5,15,8,7,1531
19.5,15,8,8,1536
19.5,15,8,9,1541
19.5,15,8,10,1545
19.5,15,8,11,1550
19.5,15,8,12,1555
19.5,15,8,13,1559
19.5,15,8,14,1564
19.5,15,8,15,1568
19.5,15,9,0,1502
19.5,15,9,1,1507
19.5,15,9,2,1512
19.5,15,9,3,1517
19.5,15,9,4,1522
19.5,15,9,5,1526
19.5,15,9,6,1531
19.5,15,9,7,1536
19.5,15,9,8,1541
19.5,15,9,9,1545
19.5,15,9,10,1550
19.5,15,9,11,1555
19.5,15,9,12,1560
19.5,15,9,13,1564
19.5,15,9,14,1569
19.5,15,9,15,1573
19.5,15,10,0,1507
19.5,15,10,1,1512
19.5,15,10,2,1517
19.5,15,10,3,1522
19.5,15,10,4,1527
19.5,15,10,5,1531
19.5,15,10,6,1536
19.5,15,10,7,1541
19.5,15,10,8,1546
19.5,15,10,9,1550
19.5,15,10,10,1555
19.5,15,10,11,1560
19.5,15,10,12,1564
19.5,15,10,13,1569
19.5,15,10,14,1574
19.5,15,10,15,1578
19.5,15,11,0,1512
19.5,15,11,1,1517
19.5,15,11,2,1522
19.5,15,11,3,1526
19.5,15,11,4,1531
19.5,15,11,5,1536
19.5,15,11,6,1541
19.5,15,11,7,1546
19.5,15,11,8,1550
19.5,15,11,9,1555
19.5,15,11,10,1560
19.5,15,11,11,1565
19.5,15,11,12,1569
19.5,15,11,13,1574
19.5,15,11,14,1579
19.5,15,11,15,1583
19.5,15,12,0,1517
19.5,15,12,1,1522
19.5,15,12,2,1526
19.5,15,12,3,1531
19.5,15,12,4,1536
19.5,15,12,5,1541
19.5,15,12,6,1546
19.5,15,12,7,1551
19.5,15,12,8,1555
19.5,15,12,9,1560
19.5,15,12,10,1565
19.5,15,12,11,1570
19.5,15,12,12,1574
19.5,15,12,13,1579
19.5,15,12,14,1584
19.5,15,12,15,1588
19.5,15,13,0,1521
19.5,15,13,1,1526
19.5,15,13,2,1531
19.5,15,13,3,1536
19.5,15,13,4,1541
19.5,15,13,5,1546
19.5,15,13,6,1551
19.5,15,13,7,1555
19.5,15,13,8,1560
19.5,15,13,9,1565
19.5,15,13,10,1570
19.5,15,13,11,1574
19.5,15,13,12,1579
19.5,15,13,13,1584
19.5,15,13,14,1589
19.5,15,13,15,1593
19.5,15,14,0,1526
19.5,15,14,1,1531
19.5,15,14,2,1536
19.5,15,14,3,1541
19.5,15,14,4,1546
19.5,15,14,5,1550
19.5,15,14,6,1555
19.5,15,14,7,1560
19.5,15,14,8,1565
19.5,15,14,9,1570
19.5,15,14,10,1575
19.5,15,14,11,1579
19.5,15,14,12,1584
19.5,15,14,13,1589
19.5,15,14,14,1593
19.5,15,14,15,1598
19.5,15,15,0,1531
19.5,15,15,1,1536
19.5,15,15,2,1541
19.5,15,15,3,1545
19.5,15,15,4,1550
19.5,15,15,5,1555
19.5,15,15,6,1560
19.5,15,15,7,1565
19.5,15,15,8,1570
19.5,15,15,9,1575
19.5,15,15,10,1579
19.5,15,15,11,1584
19.5,15,15,12,1589
19.5,15,15,13,1594
19.5,15,15,14,1598
19.5,15,15,15,1603
20.0,0,0,0,1415
20.0,0,0,1,1420
20.0,0,0,2,1424
20.0,0,0,3,1429
20.0,0,0,4,1433
20.0,0,0,5,1438
20.0,0,0,6,1442
20.0,0,0,7,1447
20.0,0,0,8,1451
20.0,0,0,9,1456
20.0,0,0,10,1460
20.0,0,0,11,1464
20.0,0,0,12,1469
20.0,0,0,13,1473
20.0,0,0,14,1478
20.0,0,0,15,1482
20.0,0,1,0,1420
20.0,0,1,1,1424
20.0,0,1,2,1429
20.0,0,1,3,1433
20.0,0,1,4,1438
20.0,0,1,5,1443
20.0,0,1,6,1447
20.0,0,1,7,1452
20.0,0,1,8,1456
20.0,0,1,9,1460
20.0,0,1,10,1465
20.0,0,1,11,1469
20.0,0,1,12,1474
20.0,0,1,13,1478
20.0,0,1,14,1483
20.0,0,1,15,1487
20.0,0,2,0,1425
20.0,0,2,1,1429
20.0,0,2,2,1434
20.0,0,2,3,1438
20.0,0,2,4,1443
20.0,0,2,5,1447
20.0,0,2,6,1452
20.0,0,2,7,1456
20.0,0,2,8,1461
20.0,0,2,9,1465
20.0,0,2,10,1470
20.0,0,2,11,1474
20.0,0,2,12,1479
20.0,0,2,13,1483
20.0,0,2,14,1487
20.0,0,2,15,1492
20.0,0,3,0,1429
20.0,0,3,1,1434
20.0,0,3,2,1438
20.0,0,3,3,1443
20.0,0,3,4,1448
20.0,0,3,5,1452
20.0,0,3,6,1457
20.0,0,3,7,1461
20.0,0,3,8,1466
20.0,0,3,9,1470
20.0,0,3,10,1475
20.0,0,3,11,1479
20.0,0,3,12,1484
20.0,0,3,13,1488
20.0,0,3,14,1492
20.0,0,3,15,1497
20.0,0,4,0,1434
20.0,0,4,1,1439
20.0,0,4,2,1443
20.0,0,4,3,1448
20.0,0,4,4,1452
20.0,0,4,5,1457
20.0,0,4,6,1461
20.0,0,4,7,1466
20.0,0,4,8,1470
20.0,0,4,9,1475
20.0,0,4,10,1479
20.0,0,4,11,1484
20.0,0,4,12,1488
20.0,0,4,13,1493
20.0,0,4,14,1497
20.0,0,4,15,1502
20.0,0,5,0,1439
20.0,0,5,1,1443
20.0,0,5,2,1448
20.0,0,5,3,1452
20.0,0,5,4,1457
20.0,0,5,5,1462
20.0,0,5,6,1466
20.0,0,5,7,1471
20.0,0,5,8,1475
20.0,0,5,9,1480
20.0,0,5,10,1484
20.0,0,5,11,1489
20.0,0,5,12,1493
20.0,0,5,13,1498
20.0,0,5,14,1502
20.0,0,5,15,1507
20.0,0,6,0,1443
20.0,0,6,1,1448
20.0,0,6,2,1453
20.0,0,6,3,1457
20.0,0,6,4,1462
20.0,0,6,5,1466
20.0,0,6,6,1471
20.0,0,6,7,1476
20.0,0,6,8,1480
20.0,0,6,9,1485
20.0,0,6,10,1489
20.0,0,6,11,1494
20.0,0,6,12,1498
20.0,0,6,13,1503
20.0,0,6,14,1507
20.0,0,6,15,1512
20.0,0,7,0,1448
20.0,0,7,1,1453
20.0,0,7,2,1457
20.0,0,7,3,1462
20.0,0,7,4,1467
20.0,0,7,5,1471
20.0,0,7,6,1476
20.0,0,7,7,1480
20.0,0,7,8,1485
20.0,0,7,9,1489
20.0,0,7,10,1494
20.0,0,7,11,1498
20.0,0,7,12,1503
20.0,0,7,13,1507
20.0,0,7,14,1512
20.0,0,7,15,1516
20.0,0,8,0,1453
20.0,0,8,1,1457
20.0,0,8,2,1462
20.0,0,8,3,1467
20.0,0,8,4,1471
20.0,0,8,5,1476
20.0,0,8,6,1480
20.0,0,8,7,1485
20.0,0,8,8,1490
20.0,0,8,9,1494
20.0,0,8,10,1499
20.0,0,8,11,1503
20.0,0,8,12,1508
20.0,0,8,13,1512
20.0,0,8,14,1517
20.0,0,8,15,1521
20.0,0,9,0,1457
20.0,0,9,1,1462
20.0,0,9,2,1467
20.0,0,9,3,1471
20.0,0,9,4,1476
20.0,0,9,5,1481
20.0,0,9,6,1485
20.0,0,9,7,1490
20.0,0,9,8,1494
20.0,0,9,9,1499
20.0,0,9,10,1503
20.0,0,9,11,1508
20.0,0,9,12,1513
20.0,0,9,13,1517
20.0,0,9,14,1522
20.0,0,9,15,1526
20.0,0,10,0,1462
20.0,0,10,1,1467
20.0,0,10,2,1471
20.0,0,10,3,1476
20.0,0,10,4,1481
20.0,0,10,5,1485
20.0,0,10,6,1490
20.0,0,10,7,1494
20.0,0,10,8,1499
20.0,0,10,9,1504
20.0,0,10,10,1508
20.0,0,10,11,1513
20.0,0,10,12,1517
20.0,0,10,13,1522
20.0,0,10,14,1526
20.0,0,10,15,1531
20.0,0,11,0,1466
20.0,0,11,1,1471
20.0,0,11,2,1476
20.0,0,11,3,1481
20.0,0,11,4,1485
20.0,0,11,5,1490
20.0,0,11,6,1495
20.0,0,11,7,1499
20.0,0,11,8,1504
20.0,0,11,9,1508
20.0,0,11,10,1513
20.0,0,11,11,1518
20.0,0,11,12,1522
20.0,0,11,13,1527
20.0,0,11,14,1531
20.0,0,11,15,1536
20.0,0,12,0,1471
20.0,0,12,1,1476
20.0,0,12,2,1480
20.0,0,12,3,1485
20.0,0,12,4,1490
20.0,0,12,5,1495
20.0,0,12,6,1499
20.0,0,12,7,1504
20.0,0,12,8,1508
20.0,0,12,9,1513
20.0,0,12,10,1518
20.0,0,12,11,1522
20.0,0,12,12,1527
20.0,0,12,13,1531
20.0,0,12,14,1536
20.0,0,12,15,1541
20.0,0,13,0,1476
20.0,0,13,1,1480
20.0,0,13,2,1485
20.0,0,13,3,1490
20.0,0,13,4,1494
20.0,0,13,5,1499
20.0,0,13,6,1504
20.0,0,13,7,1508
20.0,0,13,8,1513
20.0,0,13,9,1518
20.0,0,13,10,1522
20.0,0,13,11,1527
20.0,0,13,12,1532
20.0,0,13,13,1536
20.0,0,13,14,1541
20.0,0,13,15,1545
20.0,0,14,0,1480
20.0,0,14,1,1485
20.0,0,14,2,1490
20.0,0,14,3,1494
20.0,0,14,4,1499
20.0,0,14,5,1504
20.0,0,14,6,1508
20.0,0,14,7,1513
20.0,0,14,8,1518
20.0,0,14,9,1522
20.0,0,14,10,1527
20.0,0,14,11,1532
20.0,0,14,12,1536
20.0,0,14,13,1541
20.0,0,14,14,1545
20.0,0,14,15,1550
20.0,0,15,0,1485
20.0,0,15,1,1489
20.0,0,15,2,1494
20.0,0,15,3,1499
20.0,0,15,4,1504
20.0,0,15,5,1508
20.0,0,15,6,1513
20.0,0,15,7,1518
20.0,0,15,8,1522
20.0,0,15,9,1527
20.0,0,15,10,1532
20.0,0,15,11,1536
20.0,0,15,12,1541
20.0,0,15,13,1546
20.0,0,15,14,1550
20.0,0,15,15,1555
20.0,1,0,0,1420
20.0,1,0,1,1425
20.0,1,0,2,1430
20.0,1,0,3,1434
20.0,1,0,4,1439
20.0,1,0,5,1443
20.0,1,0,6,1448
20.0,1,0,7,1452
20.0,1,0,8,1457
20.0,1,0,9,1461
20.0,1,0,10,1466
20.0,1,0,11,1470
20.0,1,0,12,1474
20.0,1,0,13,1479
20.0,1,0,14,1483
20.0,1,0,15,1488
20.0,1,1,0,1425
20.0,1,1,1,1430
20.0,1,1,2,1434
20.0,1,1,3,1439
20.0,1,1,4,1444
20.0,1,1,5,1448
20.0,1,1,6,1453
20.0,1,1,7,1457
20.0,1,1,8,1462
20.0,1,1,9,1466
20.0,1,1,10,1471
20.0,1,1,11,1475
20.0,1,1,12,1479
20.0,1,1,13,1484
20.0,1,1,14,1488
20.0,1,1,15,1493
20.0,1,2,0,1430
20.0,1,2,1,1435
20.0,1,2,2,1439
20.0,1,2,3,1444
20.0,1,2,4,1448
20.0,1,2,5,1453
20.0,1,2,6,1457
20.0,1,2,7,1462
20.0,1,2,8,1466
20.0,1,2,9,1471
20.0,1,2,10,1475
20.0,1,2,11,1480
20.0,1,2,12,1484
20.0,1,2,13,1489
20.0,1,2,14,1493
20.0,1,2,15,1498
20.0,1,3,0,1435
20.0,1,3,1,1439
20.0,1,3,2,1444
20.0,1,3,3,1449
20.0,1,3,4,1453
20.0,1,3,5,1458
20.0,1,3,6,1462
20.0,1,3,7,1467
20.0,1,3,8,1471
20.0,1,3,9,1476
20.0,1,3,10,1480
20.0,1,3,11,1485
20.0,1,3,12,1489
20.0,1,3,13,1494
20.0,1,3,14,1498
20.0,1,3,15,1503
20.0,1,4,0,1439
20.0,1,4,1,1444
20.0,1,4,2,1449
20.0,1,4,3,1453
20.0,1,4,4,1458
20.0,1,4,5,1462
20.0,1,4,6,1467
20.0,1,4,7,1472
20.0,1,4,8,1476
20.0,1,4,9,1481
20.0,1,4,10,1485
20.0,1,4,11,1490
20.0,1,4,12,1494
20.0,1,4,13,1499
20.0,1,4,14,1503
20.0,1,4,15,1508
20.0,1,5,0,1444
20.0,1,5,1,1449
20.0,1,5,2,1453
20.0,1,5,3,1458
20.0,1,5,4,1463
20.0,1,5,5,1467
20.0,1,5,6,1472
20.0,1,5,7,1476
20.0,1,5,8,1481
20.0,1,5,9,1485
20.0,1,5,10,1490
20.0,1,5,11,1495
20.0,1,5,12,1499
20.0,1,5,13,1503
20.0,1,5,14,1508
20.0,1,5,15,1512
20.0,1,6,0,1449
20.0,1,6,1,1453
20.0,1,6,2,1458
20.0,1,6,3,1463
20.0,1,6,4,1467
20.0,1,6,5,1472
20.0,1,6,6,1477
20.0,1,6,7,1481
20.0,1,6,8,1486
20.0,1,6,9,1490
20.0,1,6,10,1495
20.0,1,6,11,1499
20.0,1,6,12,1504
20.0,1,6,13,1508
20.0,1,6,14,1513
20.0,1,6,15,1517
20.0,1,7,0,1453
20.0,1,7,1,1458
20.0,1,7,2,1463
20.0,1,7,3,1467
20.0,1,7,4,1472
20.0,1,7,5,1477
20.0,1,7,6,1481
20.0,1,7,7,1486
20.0,1,7,8,1491
20.0,1,7,9,1495
20.0,1,7,10,1500
20.0,1,7,11,1504
20.0,1,7,12,1509
20.0,1,7,13,1513
20.0,1,7,14,1518
20.0,1,7,15,1522
20.0,1,8,0,1458
20.0,1,8,1,1463
20.0,1,8,2,1468
20.0,1,8,3,1472
20.0,1,8,4,1477
20.0,1,8,5,1481
20.0,1,8,6,1486
20.0,1,8,7,1491
20.0,1,8,8,1495
20.0,1,8,9,1500
20.0,1,8,10,1504
20.0,1,8,11,1509
20.0,1,8,12,1514
20.0,1,8,13,1518
20.0,1,8,14,1523
20.0,1,8,15,1527
20.0,1,9,0,1463
20.0,1,9,1,1467
20.0,1,9,2,1472
20.0,1,9,3,1477
20.0,1,9,4,1482
20.0,1,9,5,1486
20.0,1,9,6,1491
20.0,1,9,7,1495
20.0,1,9,8,1500
20.0,1,9,9,1505
20.0,1,9,10,1509
20.0,1,9,11,1514
20.0,1,9,12,1518
20.0,1,9,13,1523
20.0,1,9,14,1527
20.0,1,9,15,1532
20.0,1,10,0,1467
20.0,1,10,1,1472
20.0,1,10,2,1477
20.0,1,10,3,1482
20.0,1,10,4,1486
20.0,1,10,5,1491
20.0,1,10,6,1496
20.0,1,10,7,1500
20.0,1,10,8,1505
20.0,1,10,9,1509
20.0,1,10,10,1514
20.0,1,10,11,1519
20.0,1,10,12,1523
20.0,1,10,13,1528
20.0,1,10,14,1532
20.0,1,10,15,1537
20.0,1,11,0,1472
20.0,1,11,1,1477
20.0,1,11,2,1481
20.0,1,11,3,1486
20.0,1,11,4,1491
20.0,1,11,5,1496
20.0,1,11,6,1500
20.0,1,11,7,1505
20.0,1,11,8,1510
20.0,1,11,9,1514
20.0,1,11,10,1519
20.0,1,11,11,1523
20.0,1,11,12,1528
20.0,1,11,13,1533
20.0,1,11,14,1537
20.0,1,11,15,1542
20.0,1,12,0,1477
20.0,1,12,1,1481
20.0,1,12,2,1486
20.0,1,12,3,1491
20.0,1,12,4,1496
20.0,1,12,5,1500
20.0,1,12,6,1505
20.0,1,12,7,1510
20.0,1,12,8,1514
20.0,1,12,9,1519
20.0,1,12,10,1524
20.0,1,12,11,1528
20.0,1,12,12,1533
20.0,1,12,13,1537
20.0,1,12,14,1542
20.0,1,12,15,1546
20.0,1,13,0,1481
20.0,1,13,1,1486
20.0,1,13,2,1491
20.0,1,13,3,1495
20.0,1,13,4,1500
20.0,1,13,5,1505
20.0,1,13,6,1510
20.0,1,13,7,1514
20.0,1,13,8,1519
20.0,1,13,9,1524
20.0,1,13,10,1528
20.0,1,13,11,1533
20.0,1,13,12,1537
20.0,1,13,13,1542
20.0,1,13,14,1547
20.0,1,13,15,1551
20.0,1,14,0,1486
20.0,1,14,1,1491
20.0,1,14,2,1495
20.0,1,14,3,1500
20.0,1,14,4,1505
20.0,1,14,5,1510
20.0,1,14,6,1514
20.0,1,14,7,1519
20.0,1,14,8,1524
20.0,1,14,9,1528
20.0,1,14,10,1533
20.0,1,14,11,1538
20.0,1,14,12,1542
20.0,1,14,13,1547
20.0,1,14,14,1551
20.0,1,14,15,1556
20.0,1,15,0,1490
20.0,1,15,1,1495
20.0,1,15,2,1500
20.0,1,15,3,1505
20.0,1,15,4,1509
20.0,1,15,5,1514
20.0,1,15,6,1519
20.0,1,15,7,1524
20.0,1,15,8,1528
20.0,1,15,9,1533
20.0,1,15,10,1538
20.0,1,15,11,1542
20.0,1,15,12,1547
20.0,1,15,13,1552
20.0,1,15,14,1556
20.0,1,15,15,1561
20.0,2,0,0,1426
20.0,2,0,1,1431
20.0,2,0,2,1435
20.0,2,0,3,1440
20.0,2,0,4,1444
20.0,2,0,5,1449
20.0,2,0,6,1453
20.0,2,0,7,1458
20.0,2,0,8,1462
20.0,2,0,9,1467
20.0,2,0,10,1471
20.0,2,0,11,1476
20.0,2,0,12,1480
20.0,2,0,13,1485
20.0,2,0,14,1489
20.0,2,0,15,1493
20.0,2,1,0,1431
20.0,2,1,1,1435
20.0,2,1,2,1440
20.0,2,1,3,1444
20.0,2,1,4,1449
20.0,2,1,5,1454
20.0,2,1,6,1458
20.0,2,1,7,1463
20.0,2,1,8,1467
20.0,2,1,9,1472
20.0,2,1,10,1476
20.0,2,1,11,1481
20.0,2,1,12,1485
20.0,2,1,13,1490
20.0,2,1,14,1494
20.0,2,1,15,1498
20.0,2,2,0,1435
20.0,2,2,1,1440
20.0,2,2,2,1445
20.0,2,2,3,1449
20.0,2,2,4,1454
20.0,2,2,5,1458
20.0,2,2,6,1463
20.0,2,2,7,1468
20.0,2,2,8,1472
20.0,2,2,9,1477
20.0,2,2,10,1481
20.0,2,2,11,1486
20.0,2,2,12,1490
20.0,2,2,13,1494
20.0,2,2,14,1499
20.0,2,2,15,1503
20.0,2,3,0,1440
20.0,2,3,1,1445
20.0,2,3,2,1449
20.0,2,3,3,1454
20.0,2,3,4,1459
20.0,2,3,5,1463
20.0,2,3,6,1468
20.0,2,3,7,1472
20.0,2,3,8,1477
20.0,2,3,9,1481
20.0,2,3,10,1486
20.0,2,3,11,1490
20.0,2,3,12,1495
20.0,2,3,13,1499
20.0,2,3,14,1504
20.0,2,3,15,1508
20.0,2,4,0,1445
20.0,2,4,1,1450
20.0,2,4,2,1454
20.0,2,4,3,1459
20.0,2,4,4,1463
20.0,2,4,5,1468
20.0,2,4,6,1473
20.0,2,4,7,1477
20.0,2,4,8,1482
20.0,2,4,9,1486
20.0,2,4,10,1491
20.0,2,4,11,1495
20.0,2,4,12,1500
20.0,2,4,13,1504
20.0,2,4,14,1509
20.0,2,4,15,1513
20.0,2,5,0,1450
20.0,2,5,1,1454
20.0,2,5,2,1459
20.0,2,5,3,1464
20.0,2,5,4,1468
20.0,2,5,5,1473
20.0,2,5,6,1477
20.0,2,5,7,1482
20.0,2,5,8,1487
20.0,2,5,9,1491
20.0,2,5,10,1496
20.0,2,5,11,1500
20.0,2,5,12,1505
20.0,2,5,13,1509
20.0,2,5,14,1514
20.0,2,5,15,1518
20.0,2,6,0,1454
20.0,2,6,1,1459
20.0,2,6,2,1464
20.0,2,6,3,1468
20.0,2,6,4,1473
20.0,2,6,5,1478
20.0,2,6,6,1482
20.0,2,6,7,1487
20.0,2,6,8,1491
20.0,2,6,9,1496
20.0,2,6,10,1501
20.0,2,6,11,1505
20.0,2,6,12,1510
20.0,2,6,13,1514
20.0,2,6,14,1519
20.0,2,6,15,1523
20.0,2,7,0,1459
20.0,2,7,1,1464
20.0,2,7,2,1468
20.0,2,7,3,1473
20.0,2,7,4,1478
20.0,2,7,5,1482
20.0,2,7,6,1487
20.0,2,7,7,1492
20.0,2,7,8,1496
20.0,2,7,9,1501
20.0,2,7,10,1505
20.0,2,7,11,1510
20.0,2,7,12,1514
20.0,2,7,13,1519
20.0,2,7,14,1524
20.0,2,7,15,1528
20.0,2,8,0,1464
20.0,2,8,1,1468
20.0,2,8,2,1473
20.0,2,8,3,1478
20.0,2,8,4,1482
20.0,2,8,5,1487
20.0,2,8,6,1492
20.0,2,8,7,1496
20.0,2,8,8,1501
20.0,2,8,9,1506
20.0,2,8,10,1510
20.0,2,8,11,1515
20.0,2,8,12,1519
20.0,2,8,13,1524
20.0,2,8,14,1528
20.0,2,8,15,1533
20.0,2,9,0,1468
20.0,2,9,1,1473
20.0,2,9,2,1478
20.0,2,9,3,1483
20.0,2,9,4,1487
20.0,2,9,5,1492
20.0,2,9,6,1497
20.0,2,9,7,1501
20.0,2,9,8,1506
20.0,2,9,9,1510
20.0,2,9,10,1515
20.0,2,9,11,1520
20.0,2,9,12,1524
20.0,2,9,13,1529
20.0,2,9,14,1533
20.0,2,9,15,1538
20.0,2,10,0,1473
20.0,2,10,1,1478
20.0,2,10,2,1482
20.0,2,10,3,1487
20.0,2,10,4,1492
20.0,2,10,5,1497
20.0,2,10,6,1501
20.0,2,10,7,1506
20.0,2,10,8,1511
20.0,2,10,9,1515
20.0,2,10,10,1520
20.0,2,10,11,1524
20.0,2,10,12,1529
20.0,2,10,13,1534
20.0,2,10,14,1538
20.0,2,10,15,1543
20.0,2,11,0,1478
20.0,2,11,1,1482
20.0,2,11,2,1487
20.0,2,11,3,1492
20.0,2,11,4,1497
20.0,2,11,5,1501
20.0,2,11,6,1506
20.0,2,11,7,1511
20.0,2,11,8,1515
20.0,2,11,9,1520
20.0,2,11,10,1525
20.0,2,11,11,1529
20.0,2,11,12,1534
20.0,2,11,13,1538
20.0,2,11,14,1543
20.0,2,11,15,1547
20.0,2,12,0,1482
20.0,2,12,1,1487
20.0,2,12,2,1492
20.0,2,12,3,1497
20.0,2,12,4,1501
20.0,2,12,5,1506
20.0,2,12,6,1511
20.0,2,12,7,1515
20.0,2,12,8,1520
20.0,2,12,9,1525
20.0,2,12,10,1529
20.0,2,12,11,1534
20.0,2,12,12,1539
20.0,2,12,13,1543
20.0,2,12,14,1548
20.0,2,12,15,1552
20.0,2,13,0,1487
20.0,2,13,1,1492
20.0,2,13,2,1496
20.0,2,13,3,1501
20.0,2,13,4,1506
20.0,2,13,5,1511
20.0,2,13,6,1515
20.0,2,13,7,1520
20.0,2,13,8,1525
20.0,2,13,9,1529
20.0,2,13,10,1534
20.0,2,13,11,1539
20.0,2,13,12,1543
20.0,2,13,13,1548
20.0,2,13,14,1553
20.0,2,13,15,1557
20.0,2,14,0,1491
20.0,2,14,1,1496
20.0,2,14,2,1501
20.0,2,14,3,1506
20.0,2,14,4,1511
20.0,2,14,5,1515
20.0,2,14,6,1520
20.0,2,14,7,1525
20.0,2,14,8,1529
20.0,2,14,9,1534
20.0,2,14,10,1539
20.0,2,14,11,1543
20.0,2,14,12,1548
20.0,2,14,13,1553
20.0,2,14,14,1557
20.0,2,14,15,1562
20.0,2,15,0,1496
20.0,2,15,1,1501
20.0,2,15,2,1506
20.0,2,15,3,1510
20.0,2,15,4,1515
20.0,2,15,5,1520
20.0,2,15,6,1525
20.0,2,15,7,1529
20.0,2,15,8,1534
20.0,2,15,9,1539
20.0,2,15,10,1544
20.0,2,15,11,1548
20.0,2,15,12,1553
20.0,2,15,13,1557
20.0,2,15,14,1562
20.0,2,15,15,1567
20.0,3,0,0,1431
20.0,3,0,1,1436
20.0,3,0,2,1441
20.0,3,0,3,1445
20.0,3,0,4,1450
20.0,3,0,5,1454
20.0,3,0,6,1459
20.0,3,0,7,1463
20.0,3,0,8,1468
20.0,3,0,9,1472
20.0,3,0,10,1477
20.0,3,0,11,1481
20.0,3,0,12,1486
20.0,3,0,13,1490
20.0,3,0,14,1495
20.0,3,0,15,1499
20.0,3,1,0,1436
20.0,3,1,1,1441
20.0,3,1,2,1445
20.0,3,1,3,1450
20.0,3,1,4,1455
20.0,3,1,5,1459
20.0,3,1,6,1464
20.0,3,1,7,1468
20.0,3,1,8,1473
20.0,3,1,9,1477
20.0,3,1,10,1482
20.0,3,1,11,1486
20.0,3,1,12,1491
20.0,3,1,13,1495
20.0,3,1,14,1500
20.0,3,1,15,1504
20.0,3,2,0,1441
20.0,3,2,1,1446
20.0,3,2,2,1450
20.0,3,2,3,1455
20.0,3,2,4,1459
20.0,3,2,5,1464
20.0,3,2,6,1469
20.0,3,2,7,1473
20.0,3,2,8,1478
20.0,3,2,9,1482
20.0,3,2,10,1487
20.0,3,2,11,1491
20.0,3,2,12,1496
20.0,3,2,13,1500
20.0,3,2,14,1505
20.0,3,2,15,1509
20.0,3,3,0,1446
20.0,3,3,1,1450
20.0,3,3,2,1455
20.0,3,3,3,1460
20.0,3,3,4,1464
20.0,3,3,5,1469
20.0,3,3,6,1473
20.0,3,3,7,1478
20.0,3,3,8,1483
20.0,3,3,9,1487
20.0,3,3,10,1492
20.0,3,3,11,1496
20.0,3,3,12,1501
20.0,3,3,13,1505
20.0,3,3,14,1510
20.0,3,3,15,1514
20.0,3,4,0,1450
20.0,3,4,1,1455
20.0,3,4,2,1460
20.0,3,4,3,1464
20.0,3,4,4,1469
20.0,3,4,5,1474
20.0,3,4,6,1478
20.0,3,4,7,1483
20.0,3,4,8,1487
20.0,3,4,9,1492
20.0,3,4,10,1497
20.0,3,4,11,1501
20.0,3,4,12,1506
20.0,3,4,13,1510
20.0,3,4,14,1515
20.0,3,4,15,1519
20.0,3,5,0,1455
20.0,3,5,1,1460
20.0,3,5,2,1465
20.0,3,5,3,1469
20.0,3,5,4,1474
20.0,3,5,5,1478
20.0,3,5,6,1483
20.0,3,5,7,1488
20.0,3,5,8,1492
20.0,3,5,9,1497
20.0,3,5,10,1501
20.0,3,5,11,1506
20.0,3,5,12,1510
20.0,3,5,13,1515
20.0,3,5,14,1519
20.0,3,5,15,1524
20.0,3,6,0,1460
20.0,3,6,1,1465
20.0,3,6,2,1469
20.0,3,6,3,1474
20.0,3,6,4,1479
20.0,3,6,5,1483
20.0,3,6,6,1488
20.0,3,6,7,1492
20.0,3,6,8,1497
20.0,3,6,9,1502
20.0,3,6,10,1506
20.0,3,6,11,1511
20.0,3,6,12,1515
20.0,3,6,13,1520
20.0,3,6,14,1524
20.0,3,6,15,1529
20.0,3,7,0,1465
20.0,3,7,1,1469
20.0,3,7,2,1474
20.0,3,7,3,1479
20.0,3,7,4,1483
20.0,3,7,5,1488
20.0,3,7,6,1493
20.0,3,7,7,1497
20.0,3,7,8,1502
20.0,3,7,9,1507
20.0,3,7,10,1511
20.0,3,7,11,1516
20.0,3,7,12,1520
20.0,3,7,13,1525
20.0,3,7,14,1529
20.0,3,7,15,1534
20.0,3,8,0,1469
20.0,3,8,1,1474
20.0,3,8,2,1479
20.0,3,8,3,1483
20.0,3,8,4,1488
20.0,3,8,5,1493
20.0,3,8,6,1497
20.0,3,8,7,1502
20.0,3,8,8,1507
20.0,3,8,9,1511
20.0,3,8,10,1516
20.0,3,8,11,1521
20.0,3,8,12,1525
20.0,3,8,13,1530
20.0,3,8,14,1534
20.0,3,8,15,1539
20.0,3,9,0,1474
20.0,3,9,1,1479
20.0,3,9,2,1483
20.0,3,9,3,1488
20.0,3,9,4,1493
20.0,3,9,5,1498
20.0,3,9,6,1502
20.0,3,9,7,1507
20.0,3,9,8,1512
20.0,3,9,9,1516
20.0,3,9,10,1521
20.0,3,9,11,1525
20.0,3,9,12,1530
20.0,3,9,13,1535
20.0,3,9,14,1539
20.0,3,9,15,1544
20.0,3,10,0,1479
20.0,3,10,1,1483
20.0,3,10,2,1488
20.0,3,10,3,1493
20.0,3,10,4,1498
20.0,3,10,5,1502
20.0,3,10,6,1507
20.0,3,10,7,1512
20.0,3,10,8,1516
20.0,3,10,9,1521
20.0,3,10,10,1526
20.0,3,10,11,1530
20.0,3,10,12,1535
20.0,3,10,13,1539
20.0,3,10,14,1544
20.0,3,10,15,1549
20.0,3,11,0,1483
20.0,3,11,1,1488
20.0,3,11,2,1493
20.0,3,11,3,1498
20.0,3,11,4,1502
20.0,3,11,5,1507
20.0,3,11,6,1512
20.0,3,11,7,1516
20.0,3,11,8,1521
20.0,3,11,9,1526
20.0,3,11,10,1530
20.0,3,11,11,1535
20.0,3,11,12,1540
20.0,3,11,13,1544
20.0,3,11,14,1549
20.0,3,11,15,1553
20.0,3,12,0,1488
20.0,3,12,1,1493
20.0,3,12,2,1497
20.0,3,12,3,1502
20.0,3,12,4,1507
20.0,3,12,5,1512
20.0,3,12,6,1516
20.0,3,12,7,1521
20.0,3,12,8,1526
20.0,3,12,9,1530
20.0,3,12,10,1535
20.0,3,12,11,1540
20.0,3,12,12,1544
20.0,3,12,13,1549
20.0,3,12,14,1554
20.0,3,12,15,1558
20.0,3,13,0,1492
20.0,3,13,1,1497
20.0,3,13,2,1502
20.0,3,13,3,1507
20.0,3,13,4,1512
20.0,3,13,5,1516
20.0,3,13,6,1521
20.0,3,13,7,1526
20.0,3,13,8,1531
20.0,3,13,9,1535
20.0,3,13,10,1540
20.0,3,13,11,1545
20.0,3,13,12,1549
20.0,3,13,13,1554
20.0,3,13,14,1558
20.0,3,13,15,1563
20.0,3,14,0,1497
20.0,3,14,1,1502
20.0,3,14,2,1507
20.0,3,14,3,1512
20.0,3,14,4,1516
20.0,3,14,5,1521
20.0,3,14,6,1526
20.0,3,14,7,1531
20.0,3,14,8,1535
20.0,3,14,9,1540
20.0,3,14,10,1545
20.0,3,14,11,1549
20.0,3,14,12,1554
20.0,3,14,13,1559
20.0,3,14,14,1563
20.0,3,14,15,1568
20.0,3,15,0,1502
20.0,3,15,1,1507
20.0,3,15,2,1511
20.0,3,15,3,1516
20.0,3,15,4,1521
20.0,3,15,5,1526
20.0,3,15,6,1530
20.0,3,15,7,1535
20.0,3,15,8,1540
20.0,3,15,9,1545
20.0,3,15,10,1549
20.0,3,15,11,1554
20.0,3,15,12,1559
20.0,3,15,13,1563
20.0,3,15,14,1568
20.0,3,15,15,1573
20.0,4,0,0,1437
20.0,4,0,1,1441
20.0,4,0,2,1446
20.0,4,0,3,1451
20.0,4,0,4,1455
20.0,4,0,5,1460
20.0,4,0,6,1464
20.0,4,0,7,1469
20.0,4,0,8,1473
20.0,4,0,9,1478
20.0,4,0,10,1482
20.0,4,0,11,1487
20.0,4,0,12,1491
20.0,4,0,13,1496
20.0,4,0,14,1500
20.0,4,0,15,1505
20.0,4,1,0,1442
20.0,4,1,1,1446
20.0,4,1,2,1451
20.0,4,1,3,1455
20.0,4,1,4,1460
20.0,4,1,5,1465
20.0,4,1,6,1469
20.0,4,1,7,1474
20.0,4,1,8,1478
20.0,4,1,9,1483
20.0,4,1,10,1487
20.0,4,1,11,1492
20.0,4,1,12,1496
20.0,4,1,13,1501
20.0,4,1,14,1505
20.0,4,1,15,1510
20.0,4,2,0,1446
20.0,4,2,1,1451
20.0,4,2,2,1456
20.0,4,2,3,1460
20.0,4,2,4,1465
20.0,4,2,5,1470
20.0,4,2,6,1474
20.0,4,2,7,1479
20.0,4,2,8,1483
20.0,4,2,9,1488
20.0,4,2,10,1492
20.0,4,2,11,1497
20.0,4,2,12,1501
20.0,4,2,13,1506
20.0,4,2,14,1510
20.0,4,2,15,1515
20.0,4,3,0,1451
20.0,4,3,1,1456
20.0,4,3,2,1460
20.0,4,3,3,1465
20.0,4,3,4,1470
20.0,4,3,5,1474
20.0,4,3,6,1479
20.0,4,3,7,1484
20.0,4,3,8,1488
20.0,4,3,9,1493
20.0,4,3,10,1497
20.0,4,3,11,1502
20.0,4,3,12,1506
20.0,4,3,13,1511
20.0,4,3,14,1515
20.0,4,3,15,1520
20.0,4,4,0,1456
20.0,4,4,1,1461
20.0,4,4,2,1465
20.0,4,4,3,1470
20.0,4,4,4,1475
20.0,4,4,5,1479
20.0,4,4,6,1484
20.0,4,4,7,1488
20.0,4,4,8,1493
20.0,4,4,9,1498
20.0,4,4,10,1502
20.0,4,4,11,1507
20.0,4,4,12,1511
20.0,4,4,13,1516
20.0,4,4,14,1520
20.0,4,4,15,1525
20.0,4,5,0,1461
20.0,4,5,1,1465
20.0,4,5,2,1470
20.0,4,5,3,1475
20.0,4,5,4,1479
20.0,4,5,5,1484
20.0,4,5,6,1489
20.0,4,5,7,1493
20.0,4,5,8,1498
20.0,4,5,9,1502
20.0,4,5,10,1507
20.0,4,5,11,1512
20.0,4,5,12,1516
20.0,4,5,13,1521
20.0,4,5,14,1525
20.0,4,5,15,1530
20.0,4,6,0,1465
20.0,4,6,1,1470
20.0,4,6,2,1475
20.0,4,6,3,1480
20.0,4,6,4,1484
20.0,4,6,5,1489
20.0,4,6,6,1494
20.0,4,6,7,1498
20.0,4,6,8,1503
20.0,4,6,9,1507
20.0,4,6,10,1512
20.0,4,6,11,1517
20.0,4,6,12,1521
20.0,4,6,13,1526
20.0,4,6,14,1530
20.0,4,6,15,1535
20.0,4,7,0,1470
20.0,4,7,1,1475
20.0,4,7,2,1480
20.0,4,7,3,1484
20.0,4,7,4,1489
20.0,4,7,5,1494
20.0,4,7,6,1498
20.0,4,7,7,1503
20.0,4,7,8,1508
20.0,4,7,9,1512
20.0,4,7,10,1517
20.0,4,7,11,1521
20.0,4,7,12,1526
20.0,4,7,13,1531
20.0,4,7,14,1535
20.0,4,7,15,1540
20.0,4,8,0,1475
20.0,4,8,1,1480
20.0,4,8,2,1484
20.0,4,8,3,1489
20.0,4,8,4,1494
20.0,4,8,5,1498
20.0,4,8,6,1503
20.0,4,8,7,1508
20.0,4,8,8,1512
20.0,4,8,9,1517
20.0,4,8,10,1522
20.0,4,8,11,1526
20.0,4,8,12,1531
20.0,4,8,13,1535
20.0,4,8,14,1540
20.0,4,8,15,1545
20.0,4,9,0,1480
20.0,4,9,1,1484
20.0,4,9,2,1489
20.0,4,9,3,1494
20.0,4,9,4,1499
20.0,4,9,5,1503
20.0,4,9,6,1508
20.0,4,9,7,1513
20.0,4,9,8,1517
20.0,4,9,9,1522
20.0,4,9,10,1527
20.0,4,9,11,1531
20.0,4,9,12,1536
20.0,4,9,13,1540
20.0,4,9,14,1545
20.0,4,9,15,1549
20.0,4,10,0,1484
20.0,4,10,1,1489
20.0,4,10,2,1494
20.0,4,10,3,1499
20.0,4,10,4,1503
20.0,4,10,5,1508
20.0,4,10,6,1513
20.0,4,10,7,1517
20.0,4,10,8,1522
20.0,4,10,9,1527
20.0,4,10,10,1531
20.0,4,10,11,1536
20.0,4,10,12,1541
20.0,4,10,13,1545
20.0,4,10,14,1550
20.0,4,10,15,1554
20.0,4,11,0,1489
20.0,4,11,1,1494
20.0,4,11,2,1498
20.0,4,11,3,1503
20.0,4,11,4,1508
20.0,4,11,5,1513
20.0,4,11,6,1517
20.0,4,11,7,1522
20.0,4,11,8,1527
20.0,4,11,9,1531
20.0,4,11,10,1536
20.0,4,11,11,1541
20.0,4,11,12,1545
20.0,4,11,13,1550
20.0,4,11,14,1555
20.0,4,11,15,1559
20.0,4,12,0,1494
20.0,4,12,1,1498
20.0,4,12,2,1503
20.0,4,12,3,1508
20.0,4,12,4,1513
20.0,4,12,5,1517
20.0,4,12,6,1522
20.0,4,12,7,1527
20.0,4,12,8,1532
20.0,4,12,9,1536
20.0,4,12,10,1541
20.0,4,12,11,1546
20.0,4,12,12,1550
20.0,4,12,13,1555
20.0,4,12,14,1560
20.0,4,12,15,1564
20.0,4,13,0,1498
20.0,4,13,1,1503
20.0,4,13,2,1508
20.0,4,13,3,1513
20.0,4,13,4,1517
20.0,4,13,5,1522
20.0,4,13,6,1527
20.0,4,13,7,1532
20.0,4,13,8,1536
20.0,4,13,9,1541
20.0,4,13,10,1546
20.0,4,13,11,1550
20.0,4,13,12,1555
20.0,4,13,13,1560
20.0,4,13,14,1564
20.0,4,13,15,1569
20.0,4,14,0,1503
20.0,4,14,1,1508
20.0,4,14,2,1512
20.0,4,14,3,1517
20.0,4,14,4,1522
20.0,4,14,5,1527
20.0,4,14,6,1532
20.0,4,14,7,1536
20.0,4,14,8,1541
20.0,4,14,9,1546
20.0,4,14,10,1551
20.0,4,14,11,1555
20.0,4,14,12,1560
20.0,4,14,13,1565
20.0,4,14,14,1569
20.0,4,14,15,1574
20.0,4,15,0,1507
20.0,4,15,1,1512
20.0,4,15,2,1517
20.0,4,15,3,1522
20.0,4,15,4,1527
20.0,4,15,5,1531
20.0,4,15,6,1536
20.0,4,15,7,1541
20.0,4,15,8,1546
20.0,4,15,9,1551
20.0,4,15,10,1555
20.0,4,15,11,1560
20.0,4,15,12,1565
20.0,4,15,13,1569
20.0,4,15,14,1574
20.0,4,15,15,1579
20.0,5,0,0,1442
20.0,5,0,1,1447
20.0,5,0,2,1451
20.0,5,0,3,1456
20.0,5,0,4,1461
20.0,5,0,5,1465
20.0,5,0,6,1470
20.0,5,0,7,1474
20.0,5,0,8,1479
20.0,5,0,9,1483
20.0,5,0,10,1488
20.0,5,0,11,1492
20.0,5,0,12,1497
20.0,5,0,13,1501
20.0,5,0,14,1506
20.0,5,0,15,1510
20.0,5,1,0,1447
20.0,5,1,1,1452
20.0,5,1,2,1456
20.0,5,1,3,1461
20.0,5,1,4,1466
20.0,5,1,5,1470
20.0,5,1,6,1475
20.0,5,1,7,1479
20.0,5,1,8,1484
20.0,5,1,9,1488
20.0,5,1,10,1493
20.0,5,1,11,1497
20.0,5,1,12,1502
20.0,5,1,13,1506
20.0,5,1,14,1511
20.0,5,1,15,1515
20.0,5,2,0,1452
20.0,5,2,1,1457
20.0,5,2,2,1461
20.0,5,2,3,1466
20.0,5,2,4,1470
20.0,5,2,5,1475
20.0,5,2,6,1480
20.0,5,2,7,1484
20.0,5,2,8,1489
20.0,5,2,9,1493
20.0,5,2,10,1498
20.0,5,2,11,1502
20.0,5,2,12,1507
20.0,5,2,13,1512
20.0,5,2,14,1516
20.0,5,2,15,1520
20.0,5,3,0,1457
20.0,5,3,1,1461
20.0,5,3,2,1466
20.0,5,3,3,1471
20.0,5,3,4,1475
20.0,5,3,5,1480
20.0,5,3,6,1485
20.0,5,3,7,1489
20.0,5,3,8,1494
20.0,5,3,9,1498
20.0,5,3,10,1503
20.0,5,3,11,1507
20.0,5,3,12,1512
20.0,5,3,13,1517
20.0,5,3,14,1521
20.0,5,3,15,1526
20.0,5,4,0,1461
20.0,5,4,1,1466
20.0,5,4,2,1471
20.0,5,4,3,1475
20.0,5,4,4,1480
20.0,5,4,5,1485
20.0,5,4,6,1489
20.0,5,4,7,1494
20.0,5,4,8,1499
20.0,5,4,9,1503
20.0,5,4,10,1508
20.0,5,4,11,1512
20.0,5,4,12,1517
20.0,5,4,13,1521
20.0,5,4,14,1526
20.0,5,4,15,1531
20.0,5,5,0,1466
20.0,5,5,1,1471
20.0,5,5,2,1476
20.0,5,5,3,1480
20.0,5,5,4,1485
20.0,5,5,5,1490
20.0,5,5,6,1494
20.0,5,5,7,1499
20.0,5,5,8,1504
20.0,5,5,9,1508
20.0,5,5,10,1513
20.0,5,5,11,1517
20.0,5,5,12,1522
20.0,5,5,13,1526
20.0,5,5,14,1531
20.0,5,5,15,1536
20.0,5,6,0,1471
20.0,5,6,1,1476
20.0,5,6,2,1480
20.0,5,6,3,1485
20.0,5,6,4,1490
20.0,5,6,5,1494
20.0,5,6,6,1499
20.0,5,6,7,1504
20.0,5,6,8,1508
20.0,5,6,9,1513
20.0,5,6,10,1518
20.0,5,6,11,1522
20.0,5,6,12,1527
20.0,5,6,13,1531
20.0,5,6,14,1536
20.0,5,6,15,1540
20.0,5,7,0,1476
20.0,5,7,1,1480
20.0,5,7,2,1485
20.0,5,7,3,1490
20.0,5,7,4,1495
20.0,5,7,5,1499
20.0,5,7,6,1504
20.0,5,7,7,1509
20.0,5,7,8,1513
20.0,5,7,9,1518
20.0,5,7,10,1523
20.0,5,7,11,1527
20.0,5,7,12,1532
20.0,5,7,13,1536
20.0,5,7,14,1541
20.0,5,7,15,1545
20.0,5,8,0,1480
20.0,5,8,1,1485
20.0,5,8,2,1490
20.0,5,8,3,1495
20.0,5,8,4,1499
20.0,5,8,5,1504
20.0,5,8,6,1509
20.0,5,8,7,1513
20.0,5,8,8,1518
20.0,5,8,9,1523
20.0,5,8,10,1527
20.0,5,8,11,1532
20.0,5,8,12,1537
20.0,5,8,13,1541
20.0,5,8,14,1546
20.0,5,8,15,1550
20.0,5,9,0,1485
20.0,5,9,1,1490
20.0,5,9,2,1495
20.0,5,9,3,1499
20.0,5,9,4,1504
20.0,5,9,5,1509
20.0,5,9,6,1514
20.0,5,9,7,1518
20.0,5,9,8,1523
20.0,5,9,9,1528
20.0,5,9,10,1532
20.0,5,9,11,1537
20.0,5,9,12,1542
20.0,5,9,13,1546
20.0,5,9,14,1551
20.0,5,9,15,1555
20.0,5,10,0,1490
20.0,5,10,1,1495
20.0,5,10,2,1499
20.0,5,10,3,1504
20.0,5,10,4,1509
20.0,5,10,5,1514
20.0,5,10,6,1518
20.0,5,10,7,1523
20.0,5,10,8,1528
20.0,5,10,9,1532
20.0,5,10,10,1537
20.0,5,10,11,1542
20.0,5,10,12,1546
20.0,5,10,13,1551
20.0,5,10,14,1556
20.0,5,10,15,1560
20.0,5,11,0,1494
20.0,5,11,1,1499
20.0,5,11,2,1504
20.0,5,11,3,1509
20.0,5,11,4,1514
20.0,5,11,5,1518
20.0,5,11,6,1523
20.0,5,11,7,1528
20.0,5,11,8,1533
20.0,5,11,9,1537
20.0,5,11,10,1542
20.0,5,11,11,1547
20.0,5,11,12,1551
20.0,5,11,13,1556
20.0,5,11,14,1561
20.0,5,11,15,1565
20.0,5,12,0,1499
20.0,5,12,1,1504
20.0,5,12,2,1509
20.0,5,12,3,1514
20.0,5,12,4,1518
20.0,5,12,5,1523
20.0,5,12,6,1528
20.0,5,12,7,1533
20.0,5,12,8,1537
20.0,5,12,9,1542
20.0,5,12,10,1547
20.0,5,12,11,1551
20.0,5,12,12,1556
20.0,5,12,13,1561
20.0,5,12,14,1565
20.0,5,12,15,1570
20.0,5,13,0,1504
20.0,5,13,1,1509
20.0,5,13,2,1513
20.0,5,13,3,1518
20.0,5,13,4,1523
20.0,5,13,5,1528
20.0,5,13,6,1533
20.0,5,13,7,1537
20.0,5,13,8,1542
20.0,5,13,9,1547
20.0,5,13,10,1552
20.0,5,13,11,1556
20.0,5,13,12,1561
20.0,5,13,13,1566
20.0,5,13,14,1570
20.0,5,13,15,1575
20.0,5,14,0,1508
20.0,5,14,1,1513
20.0,5,14,2,1518
20.0,5,14,3,1523
20.0,5,14,4,1528
20.0,5,14,5,1533
20.0,5,14,6,1537
20.0,5,14,7,1542
20.0,5,14,8,1547
20.0,5,14,9,1552
20.0,5,14,10,1556
20.0,5,14,11,1561
20.0,5,14,12,1566
20.0,5,14,13,1570
20.0,5,14,14,1575
20.0,5,14,15,1580
20.0,5,15,0,1513
20.0,5,15,1,1518
20.0,5,15,2,1523
20.0,5,15,3,1528
20.0,5,15,4,1532
20.0,5,15,5,1537
20.0,5,15,6,1542
20.0,5,15,7,1547
20.0,5,15,8,1552
20.0,5,15,9,1556
20.0,5,15,10,1561
20.0,5,15,11,1566
20.0,5,15,12,1571
20.0,5,15,13,1575
20.0,5,15,14,1580
20.0,5,15,15,1585
20.0,6,0,0,1448
20.0,6,0,1,1452
20.0,6,0,2,1457
20.0,6,0,3,1462
20.0,6,0,4,1466
20.0,6,0,5,1471
20.0,6,0,6,1475
20.0,6,0,7,1480
20.0,6,0,8,1485
20.0,6,0,9,1489
20.0,6,0,10,1494
20.0,6,0,11,1498
20.0,6,0,12,1503
20.0,6,0,13,1507
20.0,6,0,14,1512
20.0,6,0,15,1516
20.0,6,1,0,1452
20.0,6,1,1,1457
20.0,6,1,2,1462
20.0,6,1,3,1466
20.0,6,1,4,1471
20.0,6,1,5,1476
20.0,6,1,6,1480
20.0,6,1,7,1485
20.0,6,1,8,1489
20.0,6,1,9,1494
20.0,6,1,10,1499
20.0,6,1,11,1503
20.0,6,1,12,1508
20.0,6,1,13,1512
20.0,6,1,14,1517
20.0,6,1,15,1521
20.0,6,2,0,1457
20.0,6,2,1,1462
20.0,6,2,2,1467
20.0,6,2,3,1471
20.0,6,2,4,1476
20.0,6,2,5,1481
20.0,6,2,6,1485
20.0,6,2,7,1490
20.0,6,2,8,1494
20.0,6,2,9,1499
20.0,6,2,10,1504
20.0,6,2,11,1508
20.0,6,2,12,1513
20.0,6,2,13,1517
20.0,6,2,14,1522
20.0,6,2,15,1526
20.0,6,3,0,1462
20.0,6,3,1,1467
20.0,6,3,2,1472
20.0,6,3,3,1476
20.0,6,3,4,1481
20.0,6,3,5,1486
20.0,6,3,6,1490
20.0,6,3,7,1495
20.0,6,3,8,1499
20.0,6,3,9,1504
20.0,6,3,10,1509
20.0,6,3,11,1513
20.0,6,3,12,1518
20.0,6,3,13,1522
20.0,6,3,14,1527
20.0,6,3,15,1531
20.0,6,4,0,1467
20.0,6,4,1,1472
20.0,6,4,2,1476
20.0,6,4,3,1481
20.0,6,4,4,1486
20.0,6,4,5,1490
20.0,6,4,6,1495
20.0,6,4,7,1500
20.0,6,4,8,1504
20.0,6,4,9,1509
20.0,6,4,10,1514
20.0,6,4,11,1518
20.0,6,4,12,1523
20.0,6,4,13,1527
20.0,6,4,14,1532
20.0,6,4,15,1536
20.0,6,5,0,1472
20.0,6,5,1,1476
20.0,6,5,2,1481
20.0,6,5,3,1486
20.0,6,5,4,1491
20.0,6,5,5,1495
20.0,6,5,6,1500
20.0,6,5,7,1505
20.0,6,5,8,1509
20.0,6,5,9,1514
20.0,6,5,10,1518
20.0,6,5,11,1523
20.0,6,5,12,1528
20.0,6,5,13,1532
20.0,6,5,14,1537
20.0,6,5,15,1541
20.0,6,6,0,1476
20.0,6,6,1,1481
20.0,6,6,2,1486
20.0,6,6,3,1491
20.0,6,6,4,1495
20.0,6,6,5,1500
20.0,6,6,6,1505
20.0,6,6,7,1509
20.0,6,6,8,1514
20.0,6,6,9,1519
20.0,6,6,10,1523
20.0,6,6,11,1528
20.0,6,6,12,1533
20.0,6,6,13,1537
20.0,6,6,14,1542
20.0,6,6,15,1546
20.0,6,7,0,1481
20.0,6,7,1,1486
20.0,6,7,2,1491
20.0,6,7,3,1496
20.0,6,7,4,1500
20.0,6,7,5,1505
20.0,6,7,6,1510
20.0,6,7,7,1514
20.0,6,7,8,1519
20.0,6,7,9,1524
20.0,6,7,10,1528
20.0,6,7,11,1533
20.0,6,7,12,1538
20.0,6,7,13,1542
20.0,6,7,14,1547
20.0,6,7,15,1551
20.0,6,8,0,1486
20.0,6,8,1,1491
20.0,6,8,2,1496
20.0,6,8,3,1500
20.0,6,8,4,1505
20.0,6,8,5,1510
20.0,6,8,6,1514
20.0,6,8,7,1519
20.0,6,8,8,1524
20.0,6,8,9,1529
20.0,6,8,10,1533
20.0,6,8,11,1538
20.0,6,8,12,1542
20.0,6,8,13,1547
20.0,6,8,14,1552
20.0,6,8,15,1556
20.0,6,9,0,1491
20.0,6,9,1,1496
20.0,6,9,2,1500
20.0,6,9,3,1505
20.0,6,9,4,1510
20.0,6,9,5,1515
20.0,6,9,6,1519
20.0,6,9,7,1524
20.0,6,9,8,1529
20.0,6,9,9,1533
20.0,6,9,10,1538
20.0,6,9,11,1543
20.0,6,9,12,1547
20.0,6,9,13,1552
20.0,6,9,14,1557
20.0,6,9,15,1561
20.0,6,10,0,1495
20.0,6,10,1,1500
20.0,6,10,2,1505
20.0,6,10,3,1510
20.0,6,10,4,1515
20.0,6,10,5,1519
20.0,6,10,6,1524
20.0,6,10,7,1529
20.0,6,10,8,1534
20.0,6,10,9,1538
20.0,6,10,10,1543
20.0,6,10,11,1548
20.0,6,10,12,1552
20.0,6,10,13,1557
20.0,6,10,14,1562
20.0,6,10,15,1566
20.0,6,11,0,1500
20.0,6,11,1,1505
20.0,6,11,2,1510
20.0,6,11,3,1515
20.0,6,11,4,1519
20.0,6,11,5,1524
20.0,6,11,6,1529
20.0,6,11,7,1534
20.0,6,11,8,1538
20.0,6,11,9,1543
20.0,6,11,10,1548
20.0,6,11,11,1552
20.0,6,11,12,1557
20.0,6,11,13,1562
20.0,6,11,14,1566
20.0,6,11,15,1571
20.0,6,12,0,1505
20.0,6,12,1,1510
20.0,6,12,2,1514
20.0,6,12,3,1519
20.0,6,12,4,1524
20.0,6,12,5,1529
20.0,6,12,6,1534
20.0,6,12,7,1538
20.0,6,12,8,1543
20.0,6,12,9,1548
20.0,6,12,10,1553
20.0,6,12,11,1557
20.0,6,12,12,1562
20.0,6,12,13,1567
20.0,6,12,14,1571
20.0,6,12,15,1576
20.0,6,13,0,1509
20.0,6,13,1,1514
20.0,6,13,2,1519
20.0,6,13,3,1524
20.0,6,13,4,1529
20.0,6,13,5,1534
20.0,6,13,6,1538
20.0,6,13,7,1543
20.0,6,13,8,1548
20.0,6,13,9,1553
20.0,6,13,10,1557
20.0,6,13,11,1562
20.0,6,13,12,1567
20.0,6,13,13,1572
20.0,6,13,14,1576
20.0,6,13,15,1581
20.0,6,14,0,1514
20.0,6,14,1,1519
20.0,6,14,2,1524
20.0,6,14,3,1529
20.0,6,14,4,1534
20.0,6,14,5,1538
20.0,6,14,6,1543
20.0,6,14,7,1548
20.0,6,14,8,1553
20.0,6,14,9,1557
20.0,6,14,10,1562
20.0,6,14,11,1567
20.0,6,14,12,1572
20.0,6,14,13,1576
20.0,6,14,14,1581
20.0,6,14,15,1586
20.0,6,15,0,1519
20.0,6,15,1,1524
20.0,6,15,2,1529
20.0,6,15,3,1533
20.0,6,15,4,1538
20.0,6,15,5,1543
20.0,6,15,6,1548
20.0,6,15,7,1553
20.0,6,15,8,1557
20.0,6,15,9,1562
20.0,6,15,10,1567
20.0,6,15,11,1572
20.0,6,15,12,1576
20.0,6,15,13,1581
20.0,6,15,14,1586
20.0,6,15,15,1591
20.0,7,0,0,1453
20.0,7,0,1,1458
20.0,7,0,2,1462
20.0,7,0,3,1467
20.0,7,0,4,1472
20.0,7,0,5,1476
20.0,7,0,6,1481
20.0,7,0,7,1485
20.0,7,0,8,1490
20.0,7,0,9,1495
20.0,7,0,10,1499
20.0,7,0,11,1504
20.0,7,0,12,1508
20.0,7,0,13,1513
20.0,7,0,14,1517
20.0,7,0,15,1522
20.0,7,1,0,1458
20.0,7,1,1,1463
20.0,7,1,2,1467
20.0,7,1,3,1472
20.0,7,1,4,1477
20.0,7,1,5,1481
20.0,7,1,6,1486
20.0,7,1,7,1490
20.0,7,1,8,1495
20.0,7,1,9,1500
20.0,7,1,10,1504
20.0,7,1,11,1509
20.0,7,1,12,1513
20.0,7,1,13,1518
20.0,7,1,14,1522
20.0,7,1,15,1527
20.0,7,2,0,1463
20.0,7,2,1,1467
20.0,7,2,2,1472
20.0,7,2,3,1477
20.0,7,2,4,1482
20.0,7,2,5,1486
20.0,7,2,6,1491
20.0,7,2,7,1495
20.0,7,2,8,1500
20.0,7,2,9,1505
20.0,7,2,10,1509
20.0,7,2,11,1514
20.0,7,2,12,1518
20.0,7,2,13,1523
20.0,7,2,14,1527
20.0,7,2,15,1532
20.0,7,3,0,1468
20.0,7,3,1,1472
20.0,7,3,2,1477
20.0,7,3,3,1482
20.0,7,3,4,1486
20.0,7,3,5,1491
20.0,7,3,6,1496
20.0,7,3,7,1500
20.0,7,3,8,1505
20.0,7,3,9,1510
20.0,7,3,10,1514
20.0,7,3,11,1519
20.0,7,3,12,1523
20.0,7,3,13,1528
20.0,7,3,14,1532
20.0,7,3,15,1537
20.0,7,4,0,1472
20.0,7,4,1,1477
20.0,7,4,2,1482
20.0,7,4,3,1487
20.0,7,4,4,1491
20.0,7,4,5,1496
20.0,7,4,6,1501
20.0,7,4,7,1505
20.0,7,4,8,1510
20.0,7,4,9,1515
20.0,7,4,10,1519
20.0,7,4,11,1524
20.0,7,4,12,1528
20.0,7,4,13,1533
20.0,7,4,14,1537
20.0,7,4,15,1542
20.0,7,5,0,1477
20.0,7,5,1,1482
20.0,7,5,2,1487
20.0,7,5,3,1491
20.0,7,5,4,1496
20.0,7,5,5,1501
20.0,7,5,6,1506
20.0,7,5,7,1510
20.0,7,5,8,1515
20.0,7,5,9,1520
20.0,7,5,10,1524
20.0,7,5,11,1529
20.0,7,5,12,1533
20.0,7,5,13,1538
20.0,7,5,14,1543
20.0,7,5,15,1547
20.0,7,6,0,1482
20.0,7,6,1,1487
20.0,7,6,2,1492
20.0,7,6,3,1496
20.0,7,6,4,1501
20.0,7,6,5,1506
20.0,7,6,6,1510
20.0,7,6,7,1515
20.0,7,6,8,1520
20.0,7,6,9,1524
20.0,7,6,10,1529
20.0,7,6,11,1534
20.0,7,6,12,1538
20.0,7,6,13,1543
20.0,7,6,14,1548
20.0,7,6,15,1552
20.0,7,7,0,1487
20.0,7,7,1,1492
20.0,7,7,2,1496
20.0,7,7,3,1501
20.0,7,7,4,1506
20.0,7,7,5,1511
20.0,7,7,6,1515
20.0,7,7,7,1520
20.0,7,7,8,1525
20.0,7,7,9,1529
20.0,7,7,10,1534
20.0,7,7,11,1539
20.0,7,7,12,1543
20.0,7,7,13,1548
20.0,7,7,14,1552
20.0,7,7,15,1557
20.0,7,8,0,1492
20.0,7,8,1,1496
20.0,7,8,2,1501
20.0,7,8,3,1506
20.0,7,8,4,1511
20.0,7,8,5,1515
20.0,7,8,6,1520
20.0,7,8,7,1525
20.0,7,8,8,1530
20.0,7,8,9,1534
20.0,7,8,10,1539
20.0,7,8,11,1544
20.0,7,8,12,1548
20.0,7,8,13,1553
20.0,7,8,14,1557
20.0,7,8,15,1562
20.0,7,9,0,1496
20.0,7,9,1,1501
20.0,7,9,2,1506
20.0,7,9,3,1511
20.0,7,9,4,1515
20.0,7,9,5,1520
20.0,7,9,6,1525
20.0,7,9,7,1530
20.0,7,9,8,1534
20.0,7,9,9,1539
20.0,7,9,10,1544
20.0,7,9,11,1548
20.0,7,9,12,1553
20.0,7,9,13,1558
20.0,7,9,14,1562
20.0,7,9,15,1567
20.0,7,10,0,1501
20.0,7,10,1,1506
20.0,7,10,2,1511
20.0,7,10,3,1515
20.0,7,10,4,1520
20.0,7,10,5,1525
20.0,7,10,6,1530
20.0,7,10,7,1535
20.0,7,10,8,1539
20.0,7,10,9,1544
20.0,7,10,10,1549
20.0,7,10,11,1553
20.0,7,10,12,1558
20.0,7,10,13,1563
20.0,7,10,14,1567
20.0,7,10,15,1572
20.0,7,11,0,1506
20.0,7,11,1,1511
20.0,7,11,2,1515
20.0,7,11,3,1520
20.0,7,11,4,1525
20.0,7,11,5,1530
20.0,7,11,6,1535
20.0,7,11,7,1539
20.0,7,11,8,1544
20.0,7,11,9,1549
20.0,7,11,10,1554
20.0,7,11,11,1558
20.0,7,11,12,1563
20.0,7,11,13,1568
20.0,7,11,14,1572
20.0,7,11,15,1577
20.0,7,12,0,1510
20.0,7,12,1,1515
20.0,7,12,2,1520
20.0,7,12,3,1525
20.0,7,12,4,1530
20.0,7,12,5,1535
20.0,7,12,6,1539
20.0,7,12,7,1544
20.0,7,12,8,1549
20.0,7,12,9,1554
20.0,7,12,10,1558
20.0,7,12,11,1563
20.0,7,12,12,1568
20.0,7,12,13,1573
20.0,7,12,14,1577
20.0,7,12,15,1582
20.0,7,13,0,1515
20.0,7,13,1,1520
20.0,7,13,2,1525
20.0,7,13,3,1530
20.0,7,13,4,1535
20.0,7,13,5,1539
20.0,7,13,6,1544
20.0,7,13,7,1549
20.0,7,13,8,1554
20.0,7,13,9,1558
20.0,7,13,10,1563
20.0,7,13,11,1568
20.0,7,13,12,1573
20.0,7,13,13,1577
20.0,7,13,14,1582
20.0,7,13,15,1587
20.0,7,14,0,1520
20.0,7,14,1,1525
20.0,7,14,2,1530
20.0,7,14,3,1534
20.0,7,14,4,1539
20.0,7,14,5,1544
20.0,7,14,6,1549
20.0,7,14,7,1554
20.0,7,14,8,1559
20.0,7,14,9,1563
20.0,7,14,10,1568
20.0,7,14,11,1573
20.0,7,14,12,1578
20.0,7,14,13,1582
20.0,7,14,14,1587
20.0,7,14,15,1592
20.0,7,15,0,1524
20.0,7,15,1,1529
20.0,7,15,2,1534
20.0,7,15,3,1539
20.0,7,15,4,1544
20.0,7,15,5,1549
20.0,7,15,6,1554
20.0,7,15,7,1558
20.0,7,15,8,1563
20.0,7,15,9,1568
20.0,7,15,10,1573
20.0,7,15,11,1578
20.0,7,15,12,1582
20.0,7,15,13,1587
20.0,7,15,14,1592
20.0,7,15,15,1597
20.0,8,0,0,1458
20.0,8,0,1,1463
20.0,8,0,2,1468
20.0,8,0,3,1473
20.0,8,0,4,1477
20.0,8,0,5,1482
20.0,8,0,6,1486
20.0,8,0,7,1491
20.0,8,0,8,1496
20.0,8,0,9,1500
20.0,8,0,10,1505
20.0,8,0,11,1509
20.0,8,0,12,1514
20.0,8,0,13,1518
20.0,8,0,14,1523
20.0,8,0,15,1527
20.0,8,1,0,1463
20.0,8,1,1,1468
20.0,8,1,2,1473
20.0,8,1,3,1477
20.0,8,1,4,1482
20.0,8,1,5,1487
20.0,8,1,6,1491
20.0,8,1,7,1496
20.0,8,1,8,1501
20.0,8,1,9,1505
20.0,8,1,10,1510
20.0,8,1,11,1514
20.0,8,1,12,1519
20.0,8,1,13,1523
20.0,8,1,14,1528
20.0,8,1,15,1533
20.0,8,2,0,1468
20.0,8,2,1,1473
20.0,8,2,2,1478
20.0,8,2,3,1482
20.0,8,2,4,1487
20.0,8,2,5,1492
20.0,8,2,6,1496
20.0,8,2,7,1501
20.0,8,2,8,1506
20.0,8,2,9,1510
20.0,8,2,10,1515
20.0,8,2,11,1519
20.0,8,2,12,1524
20.0,8,2,13,1529
20.0,8,2,14,1533
20.0,8,2,15,1538
20.0,8,3,0,1473
20.0,8,3,1,1478
20.0,8,3,2,1483
20.0,8,3,3,1487
20.0,8,3,4,1492
20.0,8,3,5,1497
20.0,8,3,6,1501
20.0,8,3,7,1506
20.0,8,3,8,1511
20.0,8,3,9,1515
20.0,8,3,10,1520
20.0,8,3,11,1524
20.0,8,3,12,1529
20.0,8,3,13,1534
20.0,8,3,14,1538
20.0,8,3,15,1543
20.0,8,4,0,1478
20.0,8,4,1,1483
20.0,8,4,2,1487
20.0,8,4,3,1492
20.0,8,4,4,1497
20.0,8,4,5,1502
20.0,8,4,6,1506
20.0,8,4,7,1511
20.0,8,4,8,1516
20.0,8,4,9,1520
20.0,8,4,10,1525
20.0,8,4,11,1529
20.0,8,4,12,1534
20.0,8,4,13,1539
20.0,8,4,14,1543
20.0,8,4,15,1548
20.0,8,5,0,1483
20.0,8,5,1,1488
20.0,8,5,2,1492
20.0,8,5,3,1497
20.0,8,5,4,1502
20.0,8,5,5,1506
20.0,8,5,6,1511
20.0,8,5,7,1516
20.0,8,5,8,1521
20.0,8,5,9,1525
20.0,8,5,10,1530
20.0,8,5,11,1534
20.0,8,5,12,1539
20.0,8,5,13,1544
20.0,8,5,14,1548
20.0,8,5,15,1553
20.0,8,6,0,1488
20.0,8,6,1,1492
20.0,8,6,2,1497
20.0,8,6,3,1502
20.0,8,6,4,1507
20.0,8,6,5,1511
20.0,8,6,6,1516
20.0,8,6,7,1521
20.0,8,6,8,1525
20.0,8,6,9,1530
20.0,8,6,10,1535
20.0,8,6,11,1539
20.0,8,6,12,1544
20.0,8,6,13,1549
20.0,8,6,14,1553
20.0,8,6,15,1558
20.0,8,7,0,1492
20.0,8,7,1,1497
20.0,8,7,2,1502
20.0,8,7,3,1507
20.0,8,7,4,1511
20.0,8,7,5,1516
20.0,8,7,6,1521
20.0,8,7,7,1526
20.0,8,7,8,1530
20.0,8,7,9,1535
20.0,8,7,10,1540
20.0,8,7,11,1544
20.0,8,7,12,1549
20.0,8,7,13,1554
20.0,8,7,14,1558
20.0,8,7,15,1563
20.0,8,8,0,1497
20.0,8,8,1,1502
20.0,8,8,2,1507
20.0,8,8,3,1512
20.0,8,8,4,1516
20.0,8,8,5,1521
20.0,8,8,6,1526
20.0,8,8,7,1531
20.0,8,8,8,1535
20.0,8,8,9,1540
20.0,8,8,10,1545
20.0,8,8,11,1549
20.0,8,8,12,1554
20.0,8,8,13,1559
20.0,8,8,14,1563
20.0,8,8,15,1568
20.0,8,9,0,1502
20.0,8,9,1,1507
20.0,8,9,2,1512
20.0,8,9,3,1516
20.0,8,9,4,1521
20.0,8,9,5,1526
20.0,8,9,6,1531
20.0,8,9,7,1535
20.0,8,9,8,1540
20.0,8,9,9,1545
20.0,8,9,10,1550
20.0,8,9,11,1554
20.0,8,9,12,1559
20.0,8,9,13,1564
20.0,8,9,14,1568
20.0,8,9,15,1573
20.0,8,10,0,1507
20.0,8,10,1,1511
20.0,8,10,2,1516
20.0,8,10,3,1521
20.0,8,10,4,1526
20.0,8,10,5,1531
20.0,8,10,6,1536
20.0,8,10,7,1540
20.0,8,10,8,1545
20.0,8,10,9,1550
20.0,8,10,10,1554
20.0,8,10,11,1559
20.0,8,10,12,1564
20.0,8,10,13,1569
20.0,8,10,14,1573
20.0,8,10,15,1578
20.0,8,11,0,1511
20.0,8,11,1,1516
20.0,8,11,2,1521
20.0,8,11,3,1526
20.0,8,11,4,1531
20.0,8,11,5,1536
20.0,8,11,6,1540
20.0,8,11,7,1545
20.0,8,11,8,1550
20.0,8,11,9,1555
20.0,8,11,10,1559
20.0,8,11,11,1564
20.0,8,11,12,1569
20.0,8,11,13,1573
20.0,8,11,14,1578
20.0,8,11,15,1583
20.0,8,12,0,1516
20.0,8,12,1,1521
20.0,8,12,2,1526
20.0,8,12,3,1531
20.0,8,12,4,1536
20.0,8,12,5,1540
20.0,8,12,6,1545
20.0,8,12,7,1550
20.0,8,12,8,1555
20.0,8,12,9,1559
20.0,8,12,10,1564
20.0,8,12,11,1569
20.0,8,12,12,1574
20.0,8,12,13,1578
20.0,8,12,14,1583
20.0,8,12,15,1588
20.0,8,13,0,1521
20.0,8,13,1,1526
20.0,8,13,2,1531
20.0,8,13,3,1535
20.0,8,13,4,1540
20.0,8,13,5,1545
20.0,8,13,6,1550
20.0,8,13,7,1555
20.0,8,13,8,1560
20.0,8,13,9,1564
20.0,8,13,10,1569
20.0,8,13,11,1574
20.0,8,13,12,1579
20.0,8,13,13,1583
20.0,8,13,14,1588
20.0,8,13,15,1593
20.0,8,14,0,1525
20.0,8,14,1,1530
20.0,8,14,2,1535
20.0,8,14,3,1540
20.0,8,14,4,1545
20.0,8,14,5,1550
20.0,8,14,6,1555
20.0,8,14,7,1560
20.0,8,14,8,1564
20.0,8,14,9,1569
20.0,8,14,10,1574
20.0,8,14,11,1579
20.0,8,14,12,1583
20.0,8,14,13,1588
20.0,8,14,14,1593
20.0,8,14,15,1598
20.0,8,15,0,1530
20.0,8,15,1,1535
20.0,8,15,2,1540
20.0,8,15,3,1545
20.0,8,15,4,1550
20.0,8,15,5,1555
20.0,8,15,6,1559
20.0,8,15,7,1564
20.0,8,15,8,1569
20.0,8,15,9,1574
20.0,8,15,10,1579
20.0,8,15,11,1584
20.0,8,15,12,1588
20.0,8,15,13,1593
20.0,8,15,14,1598
20.0,8,15,15,1602
20.0,9,0,0,1464
20.0,9,0,1,1469
20.0,9,0,2,1473
20.0,9,0,3,1478
20.0,9,0,4,1483
20.0,9,0,5,1487
20.0,9,0,6,1492
20.0,9,0,7,1497
20.0,9,0,8,1501
20.0,9,0,9,1506
20.0,9,0,10,1510
20.0,9,0,11,1515
20.0,9,0,12,1520
20.0,9,0,13,1524
20.0,9,0,14,1529
20.0,9,0,15,1533
20.0,9,1,0,1469
20.0,9,1,1,1474
20.0,9,1,2,1478
20.0,9,1,3,1483
20.0,9,1,4,1488
20.0,9,1,5,1492
20.0,9,1,6,1497
20.0,9,1,7,1502
20.0,9,1,8,1506
20.0,9,1,9,1511
20.0,9,1,10,1515
20.0,9,1,11,1520
20.0,9,1,12,1525
20.0,9,1,13,1529
20.0,9,1,14,1534
20.0,9,1,15,1538
20.0,9,2,0,1474
20.0,9,2,1,1478
20.0,9,2,2,1483
20.0,9,2,3,1488
20.0,9,2,4,1493
20.0,9,2,5,1497
20.0,9,2,6,1502
20.0,9,2,7,1507
20.0,9,2,8,1511
20.0,9,2,9,1516
20.0,9,2,10,1520
20.0,9,2,11,1525
20.0,9,2,12,1530
20.0,9,2,13,1534
20.0,9,2,14,1539
20.0,9,2,15,1543
20.0,9,3,0,1479
20.0,9,3,1,1483
20.0,9,3,2,1488
20.0,9,3,3,1493
20.0,9,3,4,1498
20.0,9,3,5,1502
20.0,9,3,6,1507
20.0,9,3,7,1512
20.0,9,3,8,1516
20.0,9,3,9,1521
20.0,9,3,10,1526
20.0,9,3,11,1530
20.0,9,3,12,1535
20.0,9,3,13,1539
20.0,9,3,14,1544
20.0,9,3,15,1548
20.0,9,4,0,1483
20.0,9,4,1,1488
20.0,9,4,2,1493
20.0,9,4,3,1498
20.0,9,4,4,1502
20.0,9,4,5,1507
20.0,9,4,6,1512
20.0,9,4,7,1517
20.0,9,4,8,1521
20.0,9,4,9,1526
20.0,9,4,10,1531
20.0,9,4,11,1535
20.0,9,4,12,1540
20.0,9,4,13,1544
20.0,9,4,14,1549
20.0,9,4,15,1554
20.0,9,5,0,1488
20.0,9,5,1,1493
20.0,9,5,2,1498
20.0,9,5,3,1503
20.0,9,5,4,1507
20.0,9,5,5,1512
20.0,9,5,6,1517
20.0,9,5,7,1521
20.0,9,5,8,1526
20.0,9,5,9,1531
20.0,9,5,10,1536
20.0,9,5,11,1540
20.0,9,5,12,1545
20.0,9,5,13,1549
20.0,9,5,14,1554
20.0,9,5,15,1559
20.0,9,6,0,1493
20.0,9,6,1,1498
20.0,9,6,2,1503
20.0,9,6,3,1507
20.0,9,6,4,1512
20.0,9,6,5,1517
20.0,9,6,6,1522
20.0,9,6,7,1526
20.0,9,6,8,1531
20.0,9,6,9,1536
20.0,9,6,10,1540
20.0,9,6,11,1545
20.0,9,6,12,1550
20.0,9,6,13,1554
20.0,9,6,14,1559
20.0,9,6,15,1564
20.0,9,7,0,1498
20.0,9,7,1,1503
20.0,9,7,2,1508
20.0,9,7,3,1512
20.0,9,7,4,1517
20.0,9,7,5,1522
20.0,9,7,6,1527
20.0,9,7,7,1531
20.0,9,7,8,1536
20.0,9,7,9,1541
20.0,9,7,10,1545
20.0,9,7,11,1550
20.0,9,7,12,1555
20.0,9,7,13,1559
20.0,9,7,14,1564
20.0,9,7,15,1569
20.0,9,8,0,1503
20.0,9,8,1,1508
20.0,9,8,2,1512
20.0,9,8,3,1517
20.0,9,8,4,1522
20.0,9,8,5,1527
20.0,9,8,6,1531
20.0,9,8,7,1536
20.0,9,8,8,1541
20.0,9,8,9,1546
20.0,9,8,10,1550
20.0,9,8,11,1555
20.0,9,8,12,1560
20.0,9,8,13,1564
20.0,9,8,14,1569
20.0,9,8,15,1574
20.0,9,9,0,1507
20.0,9,9,1,1512
20.0,9,9,2,1517
20.0,9,9,3,1522
20.0,9,9,4,1527
20.0,9,9,5,1532
20.0,9,9,6,1536
20.0,9,9,7,1541
20.0,9,9,8,1546
20.0,9,9,9,1551
20.0,9,9,10,1555
20.0,9,9,11,1560
20.0,9,9,12,1565
20.0,9,9,13,1569
20.0,9,9,14,1574
20.0,9,9,15,1579
20.0,9,10,0,1512
20.0,9,10,1,1517
20.0,9,10,2,1522
20.0,9,10,3,1527
20.0,9,10,4,1532
20.0,9,10,5,1536
20.0,9,10,6,1541
20.0,9,10,7,1546
20.0,9,10,8,1551
20.0,9,10,9,1556
20.0,9,10,10,1560
20.0,9,10,11,1565
20.0,9,10,12,1570
20.0,9,10,13,1574
20.0,9,10,14,1579
20.0,9,10,15,1584
20.0,9,11,0,1517
20.0,9,11,1,1522
20.0,9,11,2,1527
20.0,9,11,3,1532
20.0,9,11,4,1536
20.0,9,11,5,1541
20.0,9,11,6,1546
20.0,9,11,7,1551
20.0,9,11,8,1556
20.0,9,11,9,1560
20.0,9,11,10,1565
20.0,9,11,11,1570
20.0,9,11,12,1575
20.0,9,11,13,1579
20.0,9,11,14,1584
20.0,9,11,15,1589
20.0,9,12,0,1522
20.0,9,12,1,1527
20.0,9,12,2,1531
20.0,9,12,3,1536
20.0,9,12,4,1541
20.0,9,12,5,1546
20.0,9,12,6,1551
20.0,9,12,7,1556
20.0,9,12,8,1560
20.0,9,12,9,1565
20.0,9,12,10,1570
20.0,9,12,11,1575
20.0,9,12,12,1580
20.0,9,12,13,1584
20.0,9,12,14,1589
20.0,9,12,15,1594
20.0,9,13,0,1526
20.0,9,13,1,1531
20.0,9,13,2,1536
20.0,9,13,3,1541
20.0,9,13,4,1546
20.0,9,13,5,1551
20.0,9,13,6,1556
20.0,9,13,7,1561
20.0,9,13,8,1565
20.0,9,13,9,1570
20.0,9,13,10,1575
20.0,9,13,11,1580
20.0,9,13,12,1584
20.0,9,13,13,1589
20.0,9,13,14,1594
20.0,9,13,15,1599
20.0,9,14,0,1531
20.0,9,14,1,1536
20.0,9,14,2,1541
20.0,9,14,3,1546
20.0,9,14,4,1551
20.0,9,14,5,1556
20.0,9,14,6,1560
20.0,9,14,7,1565
20.0,9,14,8,1570
20.0,9,14,9,1575
20.0,9,14,10,1580
20.0,9,14,11,1585
20.0,9,14,12,1589
20.0,9,14,13,1594
20.0,9,14,14,1599
20.0,9,14,15,1604
20.0,9,15,0,1536
20.0,9,15,1,1541
20.0,9,15,2,1546
20.0,9,15,3,1551
20.0,9,15,4,1556
20.0,9,15,5,1560
20.0,9,15,6,1565
20.0,9,15,7,1570
20.0,9,15,8,1575
20.0,9,15,9,1580
20.0,9,15,10,1585
20.0,9,15,11,1589
20.0,9,15,12,1594
20.0,9,15,13,1599
20.0,9,15,14,1604
20.0,9,15,15,1608
20.0,10,0,0,1469
20.0,10,0,1,1474
20.0,10,0,2,1479
20.0,10,0,3,1483
20.0,10,0,4,1488
20.0,10,0,5,1493
20.0,10,0,6,1497
20.0,10,0,7,1502
20.0,10,0,8,1507
20.0,10,0,9,1511
20.0,10,0,10,1516
20.0,10,0,11,1521
20.0,10,0,12,1525
20.0,10,0,13,1530
20.0,10,0,14,1534
20.0,10,0,15,1539
20.0,10,1,0,1474
20.0,10,1,1,1479
20.0,10,1,2,1484
20.0,10,1,3,1488
20.0,10,1,4,1493
20.0,10,1,5,1498
20.0,10,1,6,1502
20.0,10,1,7,1507
20.0,10,1,8,1512
20.0,10,1,9,1516
20.0,10,1,10,1521
20.0,10,1,11,1526
20.0,10,1,12,1530
20.0,10,1,13,1535
20.0,10,1,14,1539
20.0,10,1,15,1544
20.0,10,2,0,1479
20.0,10,2,1,1484
20.0,10,2,2,1489
20.0,10,2,3,1493
20.0,10,2,4,1498
20.0,10,2,5,1503
20.0,10,2,6,1507
20.0,10,2,7,1512
20.0,10,2,8,1517
20.0,10,2,9,1521
20.0,10,2,10,1526
20.0,10,2,11,1531
20.0,10,2,12,1535
20.0,10,2,13,1540
20.0,10,2,14,1545
20.0,10,2,15,1549
20.0,10,3,0,1484
20.0,10,3,1,1489
20.0,10,3,2,1494
20.0,10,3,3,1498
20.0,10,3,4,1503
20.0,10,3,5,1508
20.0,10,3,6,1512
20.0,10,3,7,1517
20.0,10,3,8,1522
20.0,10,3,9,1527
20.0,10,3,10,1531
20.0,10,3,11,1536
20.0,10,3,12,1540
20.0,10,3,13,1545
20.0,10,3,14,1550
20.0,10,3,15,1554
20.0,10,4,0,1489
20.0,10,4,1,1494
20.0,10,4,2,1498
20.0,10,4,3,1503
20.0,10,4,4,1508
20.0,10,4,5,1513
20.0,10,4,6,1517
20.0,10,4,7,1522
20.0,10,4,8,1527
20.0,10,4,9,1532
20.0,10,4,10,1536
20.0,10,4,11,1541
20.0,10,4,12,1545
20.0,10,4,13,1550
20.0,10,4,14,1555
20.0,10,4,15,1559
20.0,10,5,0,1494
20.0,10,5,1,1499
20.0,10,5,2,1503
20.0,10,5,3,1508
20.0,10,5,4,1513
20.0,10,5,5,1518
20.0,10,5,6,1522
20.0,10,5,7,1527
20.0,10,5,8,1532
20.0,10,5,9,1537
20.0,10,5,10,1541
20.0,10,5,11,1546
20.0,10,5,12,1551
20.0,10,5,13,1555
20.0,10,5,14,1560
20.0,10,5,15,1564
20.0,10,6,0,1499
20.0,10,6,1,1503
20.0,10,6,2,1508
20.0,10,6,3,1513
20.0,10,6,4,1518
20.0,10,6,5,1523
20.0,10,6,6,1527
20.0,10,6,7,1532
20.0,10,6,8,1537
20.0,10,6,9,1542
20.0,10,6,10,1546
20.0,10,6,11,1551
20.0,10,6,12,1556
20.0,10,6,13,1560
20.0,10,6,14,1565
20.0,10,6,15,1569
20.0,10,7,0,1503
20.0,10,7,1,1508
20.0,10,7,2,1513
20.0,10,7,3,1518
20.0,10,7,4,1523
20.0,10,7,5,1527
20.0,10,7,6,1532
20.0,10,7,7,1537
20.0,10,7,8,1542
20.0,10,7,9,1546
20.0,10,7,10,1551
20.0,10,7,11,1556
20.0,10,7,12,1561
20.0,10,7,13,1565
20.0,10,7,14,1570
20.0,10,7,15,1575
20.0,10,8,0,1508
20.0,10,8,1,1513
20.0,10,8,2,1518
20.0,10,8,3,1523
20.0,10,8,4,1528
20.0,10,8,5,1532
20.0,10,8,6,1537
20.0,10,8,7,1542
20.0,10,8,8,1547
20.0,10,8,9,1551
20.0,10,8,10,1556
20.0,10,8,11,1561
20.0,10,8,12,1566
20.0,10,8,13,1570
20.0,10,8,14,1575
20.0,10,8,15,1580
20.0,10,9,0,1513
20.0,10,9,1,1518
20.0,10,9,2,1523
20.0,10,9,3,1528
20.0,10,9,4,1532
20.0,10,9,5,1537
20.0,10,9,6,1542
20.0,10,9,7,1547
20.0,10,9,8,1552
20.0,10,9,9,1556
20.0,10,9,10,1561
20.0,10,9,11,1566
20.0,10,9,12,1571
20.0,10,9,13,1575
20.0,10,9,14,1580
20.0,10,9,15,1585
20.0,10,10,0,1518
20.0,10,10,1,1523
20.0,10,10,2,1528
20.0,10,10,3,1532
20.0,10,10,4,1537
20.0,10,10,5,1542
20.0,10,10,6,1547
20.0,10,10,7,1552
20.0,10,10,8,1557
20.0,10,10,9,1561
20.0,10,10,10,1566
20.0,10,10,11,1571
20.0,10,10,12,1576
20.0,10,10,13,1580
20.0,10,10,14,1585
20.0,10,10,15,1590
20.0,10,11,0,1523
20.0,10,11,1,1527
20.0,10,11,2,1532
20.0,10,11,3,1537
20.0,10,11,4,1542
20.0,10,11,5,1547
20.0,10,11,6,1552
20.0,10,11,7,1557
20.0,10,11,8,1561
20.0,10,11,9,1566
20.0,10,11,10,1571
20.0,10,11,11,1576
20.0,10,11,12,1580
20.0,10,11,13,1585
20.0,10,11,14,1590
20.0,10,11,15,1595
20.0,10,12,0,1527
20.0,10,12,1,1532
20.0,10,12,2,1537
20.0,10,12,3,1542
20.0,10,12,4,1547
20.0,10,12,5,1552
20.0,10,12,6,1557
20.0,10,12,7,1561
20.0,10,12,8,1566
20.0,10,12,9,1571
20.0,10,12,10,1576
20.0,10,12,11,1581
20.0,10,12,12,1585
20.0,10,12,13,1590
20.0,10,12,14,1595
20.0,10,12,15,1600
20.0,10,13,0,1532
20.0,10,13,1,1537
20.0,10,13,2,1542
20.0,10,13,3,1547
20.0,10,13,4,1552
20.0,10,13,5,1557
20.0,10,13,6,1561
20.0,10,13,7,1566
20.0,10,13,8,1571
20.0,10,13,9,1576
20.0,10,13,10,1581
20.0,10,13,11,1586
20.0,10,13,12,1590
20.0,10,13,13,1595
20.0,10,13,14,1600
20.0,10,13,15,1605
20.0,10,14,0,1537
20.0,10,14,1,1542
20.0,10,14,2,1547
20.0,10,14,3,1552
20.0,10,14,4,1557
20.0,10,14,5,1561
20.0,10,14,6,1566
20.0,10,14,7,1571
20.0,10,14,8,1576
20.0,10,14,9,1581
20.0,10,14,10,1586
20.0,10,14,11,1590
20.0,10,14,12,1595
20.0,10,14,13,1600
20.0,10,14,14,1605
20.0,10,14,15,1609
20.0,10,15,0,1542
20.0,10,15,1,1546
20.0,10,15,2,1551
20.0,10,15,3,1556
20.0,10,15,4,1561
20.0,10,15,5,1566
20.0,10,15,6,1571
20.0,10,15,7,1576
20.0,10,15,8,1581
20.0,10,15,9,1586
20.0,10,15,10,1590
20.0,10,15,11,1595
20.0,10,15,12,1600
20.0,10,15,13,1605
20.0,10,15,14,1610
20.0,10,15,15,1614
20.0,11,0,0,1475
20.0,11,0,1,1479
20.0,11,0,2,1484
20.0,11,0,3,1489
20.0,11,0,4,1494
20.0,11,0,5,1498
20.0,11,0,6,1503
20.0,11,0,7,1508
20.0,11,0,8,1512
20.0,11,0,9,1517
20.0,11,0,10,1522
20.0,11,0,11,1526
20.0,11,0,12,1531
20.0,11,0,13,1535
20.0,11,0,14,1540
20.0,11,0,15,1544
20.0,11,1,0,1480
20.0,11,1,1,1484
20.0,11,1,2,1489
20.0,11,1,3,1494
20.0,11,1,4,1499
20.0,11,1,5,1503
20.0,11,1,6,1508
20.0,11,1,7,1513
20.0,11,1,8,1517
20.0,11,1,9,1522
20.0,11,1,10,1527
20.0,11,1,11,1531
20.0,11,1,12,1536
20.0,11,1,13,1540
20.0,11,1,14,1545
20.0,11,1,15,1550
20.0,11,2,0,1485
20.0,11,2,1,1489
20.0,11,2,2,1494
20.0,11,2,3,1499
20.0,11,2,4,1504
20.0,11,2,5,1508
20.0,11,2,6,1513
20.0,11,2,7,1518
20.0,11,2,8,1522
20.0,11,2,9,1527
20.0,11,2,10,1532
20.0,11,2,11,1536
20.0,11,2,12,1541
20.0,11,2,13,1546
20.0,11,2,14,1550
20.0,11,2,15,1555
20.0,11,3,0,1490
20.0,11,3,1,1494
20.0,11,3,2,1499
20.0,11,3,3,1504
20.0,11,3,4,1509
20.0,11,3,5,1513
20.0,11,3,6,1518
20.0,11,3,7,1523
20.0,11,3,8,1527
20.0,11,3,9,1532
20.0,11,3,10,1537
20.0,11,3,11,1541
20.0,11,3,12,1546
20.0,11,3,13,1551
20.0,11,3,14,1555
20.0,11,3,15,1560
20.0,11,4,0,1494
20.0,11,4,1,1499
20.0,11,4,2,1504
20.0,11,4,3,1509
20.0,11,4,4,1514
20.0,11,4,5,1518
20.0,11,4,6,1523
20.0,11,4,7,1528
20.0,11,4,8,1532
20.0,11,4,9,1537
20.0,11,4,10,1542
20.0,11,4,11,1547
20.0,11,4,12,1551
20.0,11,4,13,1556
20.0,11,4,14,1560
20.0,11,4,15,1565
20.0,11,5,0,1499
20.0,11,5,1,1504
20.0,11,5,2,1509
20.0,11,5,3,1514
20.0,11,5,4,1519
20.0,11,5,5,1523
20.0,11,5,6,1528
20.0,11,5,7,1533
20.0,11,5,8,1537
20.0,11,5,9,1542
20.0,11,5,10,1547
20.0,11,5,11,1552
20.0,11,5,12,1556
20.0,11,5,13,1561
20.0,11,5,14,1566
20.0,11,5,15,1570
20.0,11,6,0,1504
20.0,11,6,1,1509
20.0,11,6,2,1514
20.0,11,6,3,1519
20.0,11,6,4,1523
20.0,11,6,5,1528
20.0,11,6,6,1533
20.0,11,6,7,1538
20.0,11,6,8,1542
20.0,11,6,9,1547
20.0,11,6,10,1552
20.0,11,6,11,1557
20.0,11,6,12,1561
20.0,11,6,13,1566
20.0,11,6,14,1571
20.0,11,6,15,1575
20.0,11,7,0,1509
20.0,11,7,1,1514
20.0,11,7,2,1519
20.0,11,7,3,1524
20.0,11,7,4,1528
20.0,11,7,5,1533
20.0,11,7,6,1538
20.0,11,7,7,1543
20.0,11,7,8,1547
20.0,11,7,9,1552
20.0,11,7,10,1557
20.0,11,7,11,1562
20.0,11,7,12,1566
20.0,11,7,13,1571
20.0,11,7,14,1576
20.0,11,7,15,1580
20.0,11,8,0,1514
20.0,11,8,1,1519
20.0,11,8,2,1524
20.0,11,8,3,1528
20.0,11,8,4,1533
20.0,11,8,5,1538
20.0,11,8,6,1543
20.0,11,8,7,1548
20.0,11,8,8,1552
20.0,11,8,9,1557
20.0,11,8,10,1562
20.0,11,8,11,1567
20.0,11,8,12,1571
20.0,11,8,13,1576
20.0,11,8,14,1581
20.0,11,8,15,1585
20.0,11,9,0,1519
20.0,11,9,1,1524
20.0,11,9,2,1528
20.0,11,9,3,1533
20.0,11,9,4,1538
20.0,11,9,5,1543
20.0,11,9,6,1548
20.0,11,9,7,1553
20.0,11,9,8,1557
20.0,11,9,9,1562
20.0,11,9,10,1567
20.0,11,9,11,1572
20.0,11,9,12,1576
20.0,11,9,13,1581
20.0,11,9,14,1586
20.0,11,9,15,1590
20.0,11,10,0,1523
20.0,11,10,1,1528
20.0,11,10,2,1533
20.0,11,10,3,1538
20.0,11,10,4,1543
20.0,11,10,5,1548
20.0,11,10,6,1553
20.0,11,10,7,1557
20.0,11,10,8,1562
20.0,11,10,9,1567
20.0,11,10,10,1572
20.0,11,10,11,1577
20.0,11,10,12,1581
20.0,11,10,13,1586
20.0,11,10,14,1591
20.0,11,10,15,1595
20.0,11,11,0,1528
20.0,11,11,1,1533
20.0,11,11,2,1538
20.0,11,11,3,1543
20.0,11,11,4,1548
20.0,11,11,5,1553
20.0,11,11,6,1558
20.0,11,11,7,1562
20.0,11,11,8,1567
20.0,11,11,9,1572
20.0,11,11,10,1577
20.0,11,11,11,1582
20.0,11,11,12,1586
20.0,11,11,13,1591
20.0,11,11,14,1596
20.0,11,11,15,1600
20.0,11,12,0,1533
20.0,11,12,1,1538
20.0,11,12,2,1543
20.0,11,12,3,1548
20.0,11,12,4,1553
20.0,11,12,5,1558
20.0,11,12,6,1562
20.0,11,12,7,1567
20.0,11,12,8,1572
20.0,11,12,9,1577
20.0,11,12,10,1582
20.0,11,12,11,1586
20.0,11,12,12,1591
20.0,11,12,13,1596
20.0,11,12,14,1601
20.0,11,12,15,1605
20.0,11,13,0,1538
20.0,11,13,1,1543
20.0,11,13,2,1548
20.0,11,13,3,1553
20.0,11,13,4,1557
20.0,11,13,5,1562
20.0,11,13,6,1567
20.0,11,13,7,1572
20.0,11,13,8,1577
20.0,11,13,9,1582
20.0,11,13,10,1587
20.0,11,13,11,1591
20.0,11,13,12,1596
20.0,11,13,13,1601
20.0,11,13,14,1606
20.0,11,13,15,1610
20.0,11,14,0,1542
20.0,11,14,1,1547
20.0,11,14,2,1552
20.0,11,14,3,1557
20.0,11,14,4,1562
20.0,11,14,5,1567
20.0,11,14,6,1572
20.0,11,14,7,1577
20.0,11,14,8,1582
20.0,11,14,9,1587
20.0,11,14,10,1591
20.0,11,14,11,1596
20.0,11,14,12,1601
20.0,11,14,13,1606
20.0,11,14,14,1611
20.0,11,14,15,1615
20.0,11,15,0,1547
20.0,11,15,1,1552
20.0,11,15,2,1557
20.0,11,15,3,1562
20.0,11,15,4,1567
20.0,11,15,5,1572
20.0,11,15,6,1577
20.0,11,15,7,1582
20.0,11,15,8,1587
20.0,11,15,9,1592
20.0,11,15,10,1596
20.0,11,15,11,1601
20.0,11,15,12,1606
20.0,11,15,13,1611
20.0,11,15,14,1616
20.0,11,15,15,1620
20.0,12,0,0,1480
20.0,12,0,1,1485
20.0,12,0,2,1490
20.0,12,0,3,1494
20.0,12,0,4,1499
20.0,12,0,5,1504
20.0,12,0,6,1509
20.0,12,0,7,1513
20.0,12,0,8,1518
20.0,12,0,9,1523
20.0,12,0,10,1527
20.0,12,0,11,1532
20.0,12,0,12,1536
20.0,12,0,13,1541
20.0,12,0,14,1546
20.0,12,0,15,1550
20.0,12,1,0,1485
20.0,12,1,1,1490
20.0,12,1,2,1495
20.0,12,1,3,1499
20.0,12,1,4,1504
20.0,12,1,5,1509
20.0,12,1,6,1514
20.0,12,1,7,1518
20.0,12,1,8,1523
20.0,12,1,9,1528
20.0,12,1,10,1532
20.0,12,1,11,1537
20.0,12,1,12,1542
20.0,12,1,13,1546
20.0,12,1,14,1551
20.0,12,1,15,1555
20.0,12,2,0,1490
20.0,12,2,1,1495
20.0,12,2,2,1500
20.0,12,2,3,1504
20.0,12,2,4,1509
20.0,12,2,5,1514
20.0,12,2,6,1519
20.0,12,2,7,1523
20.0,12,2,8,1528
20.0,12,2,9,1533
20.0,12,2,10,1537
20.0,12,2,11,1542
20.0,12,2,12,1547
20.0,12,2,13,1551
20.0,12,2,14,1556
20.0,12,2,15,1561
20.0,12,3,0,1495
20.0,12,3,1,1500
20.0,12,3,2,1505
20.0,12,3,3,1509
20.0,12,3,4,1514
20.0,12,3,5,1519
20.0,12,3,6,1524
20.0,12,3,7,1528
20.0,12,3,8,1533
20.0,12,3,9,1538
20.0,12,3,10,1542
20.0,12,3,11,1547
20.0,12,3,12,1552
20.0,12,3,13,1556
20.0,12,3,14,1561
20.0,12,3,15,1566
20.0,12,4,0,1500
20.0,12,4,1,1505
20.0,12,4,2,1510
20.0,12,4,3,1514
20.0,12,4,4,1519
20.0,12,4,5,1524
20.0,12,4,6,1529
20.0,12,4,7,1533
20.0,12,4,8,1538
20.0,12,4,9,1543
20.0,12,4,10,1548
20.0,12,4,11,1552
20.0,12,4,12,1557
20.0,12,4,13,1562
20.0,12,4,14,1566
20.0,12,4,15,1571
20.0,12,5,0,1505
20.0,12,5,1,1510
20.0,12,5,2,1514
20.0,12,5,3,1519
20.0,12,5,4,1524
20.0,12,5,5,1529
20.0,12,5,6,1534
20.0,12,5,7,1538
20.0,12,5,8,1543
20.0,12,5,9,1548
20.0,12,5,10,1553
20.0,12,5,11,1557
20.0,12,5,12,1562
20.0,12,5,13,1567
20.0,12,5,14,1571
20.0,12,5,15,1576
20.0,12,6,0,1510
20.0,12,6,1,1515
20.0,12,6,2,1519
20.0,12,6,3,1524
20.0,12,6,4,1529
20.0,12,6,5,1534
20.0,12,6,6,1539
20.0,12,6,7,1543
20.0,12,6,8,1548
20.0,12,6,9,1553
20.0,12,6,10,1558
20.0,12,6,11,1562
20.0,12,6,12,1567
20.0,12,6,13,1572
20.0,12,6,14,1576
20.0,12,6,15,1581
20.0,12,7,0,1515
20.0,12,7,1,1519
20.0,12,7,2,1524
20.0,12,7,3,1529
20.0,12,7,4,1534
20.0,12,7,5,1539
20.0,12,7,6,1544
20.0,12,7,7,1548
20.0,12,7,8,1553
20.0,12,7,9,1558
20.0,12,7,10,1563
20.0,12,7,11,1567
20.0,12,7,12,1572
20.0,12,7,13,1577
20.0,12,7,14,1581
20.0,12,7,15,1586
20.0,12,8,0,1519
20.0,12,8,1,1524
20.0,12,8,2,1529
20.0,12,8,3,1534
20.0,12,8,4,1539
20.0,12,8,5,1544
20.0,12,8,6,1549
20.0,12,8,7,1553
20.0,12,8,8,1558
20.0,12,8,9,1563
20.0,12,8,10,1568
20.0,12,8,11,1572
20.0,12,8,12,1577
20.0,12,8,13,1582
20.0,12,8,14,1587
20.0,12,8,15,1591
20.0,12,9,0,1524
20.0,12,9,1,1529
20.0,12,9,2,1534
20.0,12,9,3,1539
20.0,12,9,4,1544
20.0,12,9,5,1549
20.0,12,9,6,1553
20.0,12,9,7,1558
20.0,12,9,8,1563
20.0,12,9,9,1568
20.0,12,9,10,1573
20.0,12,9,11,1577
20.0,12,9,12,1582
20.0,12,9,13,1587
20.0,12,9,14,1592
20.0,12,9,15,1596
20.0,12,10,0,1529
20.0,12,10,1,1534
20.0,12,10,2,1539
20.0,12,10,3,1544
20.0,12,10,4,1549
20.0,12,10,5,1554
20.0,12,10,6,1558
20.0,12,10,7,1563
20.0,12,10,8,1568
20.0,12,10,9,1573
20.0,12,10,10,1578
20.0,12,10,11,1582
20.0,12,10,12,1587
20.0,12,10,13,1592
20.0,12,10,14,1597
20.0,12,10,15,1601
20.0,12,11,0,1534
20.0,12,11,1,1539
20.0,12,11,2,1544
20.0,12,11,3,1549
20.0,12,11,4,1554
20.0,12,11,5,1558
20.0,12,11,6,1563
20.0,12,11,7,1568
20.0,12,11,8,1573
20.0,12,11,9,1578
20.0,12,11,10,1583
20.0,12,11,11,1587
20.0,12,11,12,1592
20.0,12,11,13,1597
20.0,12,11,14,1602
20.0,12,11,15,1606
20.0,12,12,0,1539
20.0,12,12,1,1544
20.0,12,12,2,1549
20.0,12,12,3,1553
20.0,12,12,4,1558
20.0,12,12,5,1563
20.0,12,12,6,1568
20.0,12,12,7,1573
20.0,12,12,8,1578
20.0,12,12,9,1583
20.0,12,12,10,1587
20.0,12,12,11,1592
20.0,12,12,12,1597
20.0,12,12,13,1602
20.0,12,12,14,1607
20.0,12,12,15,1611
20.0,12,13,0,1543
20.0,12,13,1,1548
20.0,12,13,2,1553
20.0,12,13,3,1558
20.0,12,13,4,1563
20.0,12,13,5,1568
20.0,12,13,6,1573
20.0,12,13,7,1578
20.0,12,13,8,1583
20.0,12,13,9,1588
20.0,12,13,10,1592
20.0,12,13,11,1597
20.0,12,13,12,1602
20.0,12,13,13,1607
20.0,12,13,14,1612
20.0,12,13,15,1616
20.0,12,14,0,1548
20.0,12,14,1,1553
20.0,12,14,2,1558
20.0,12,14,3,1563
20.0,12,14,4,1568
20.0,12,14,5,1573
20.0,12,14,6,1578
20.0,12,14,7,1583
20.0,12,14,8,1588
20.0,12,14,9,1592
20.0,12,14,10,1597
20.0,12,14,11,1602
20.0,12,14,12,1607
20.0,12,14,13,1612
20.0,12,14,14,1617
20.0,12,14,15,1621
20.0,12,15,0,1553
20.0,12,15,1,1558
20.0,12,15,2,1563
20.0,12,15,3,1568
20.0,12,15,4,1573
20.0,12,15,5,1578
20.0,12,15,6,1583
20.0,12,15,7,1588
20.0,12,15,8,1592
20.0,12,15,9,1597
20.0,12,15,10,1602
20.0,12,15,11,1607
20.0,12,15,12,1612
20.0,12,15,13,1617
20.0,12,15,14,1622
20.0,12,15,15,1626
20.0,13,0,0,1486
20.0,13,0,1,1490
20.0,13,0,2,1495
20.0,13,0,3,1500
20.0,13,0,4,1505
20.0,13,0,5,1509
20.0,13,0,6,1514
20.0,13,0,7,1519
20.0,13,0,8,1523
20.0,13,0,9,1528
20.0,13,0,10,1533
20.0,13,0,11,1537
20.0,13,0,12,1542
20.0,13,0,13,1547
20.0,13,0,14,1551
20.0,13,0,15,1556
20.0,13,1,0,1491
20.0,13,1,1,1495
20.0,13,1,2,1500
20.0,13,1,3,1505
20.0,13,1,4,1510
20.0,13,1,5,1514
20.0,13,1,6,1519
20.0,13,1,7,1524
20.0,13,1,8,1529
20.0,13,1,9,1533
20.0,13,1,10,1538
20.0,13,1,11,1543
20.0,13,1,12,1547
20.0,13,1,13,1552
20.0,13,1,14,1556
20.0,13,1,15,1561
20.0,13,2,0,1496
20.0,13,2,1,1500
20.0,13,2,2,1505
20.0,13,2,3,1510
20.0,13,2,4,1515
20.0,13,2,5,1519
20.0,13,2,6,1524
20.0,13,2,7,1529
20.0,13,2,8,1534
20.0,13,2,9,1538
20.0,13,2,10,1543
20.0,13,2,11,1548
20.0,13,2,12,1552
20.0,13,2,13,1557
20.0,13,2,14,1562
20.0,13,2,15,1566
20.0,13,3,0,1500
20.0,13,3,1,1505
20.0,13,3,2,1510
20.0,13,3,3,1515
20.0,13,3,4,1520
20.0,13,3,5,1524
20.0,13,3,6,1529
20.0,13,3,7,1534
20.0,13,3,8,1539
20.0,13,3,9,1543
20.0,13,3,10,1548
20.0,13,3,11,1553
20.0,13,3,12,1557
20.0,13,3,13,1562
20.0,13,3,14,1567
20.0,13,3,15,1571
20.0,13,4,0,1505
20.0,13,4,1,1510
20.0,13,4,2,1515
20.0,13,4,3,1520
20.0,13,4,4,1525
20.0,13,4,5,1529
20.0,13,4,6,1534
20.0,13,4,7,1539
20.0,13,4,8,1544
20.0,13,4,9,1548
20.0,13,4,10,1553
20.0,13,4,11,1558
20.0,13,4,12,1563
20.0,13,4,13,1567
20.0,13,4,14,1572
20.0,13,4,15,1577
20.0,13,5,0,1510
20.0,13,5,1,1515
20.0,13,5,2,1520
20.0,13,5,3,1525
20.0,13,5,4,1530
20.0,13,5,5,1534
20.0,13,5,6,1539
20.0,13,5,7,1544
20.0,13,5,8,1549
20.0,13,5,9,1554
20.0,13,5,10,1558
20.0,13,5,11,1563
20.0,13,5,12,1568
20.0,13,5,13,1572
20.0,13,5,14,1577
20.0,13,5,15,1582
20.0,13,6,0,1515
20.0,13,6,1,1520
20.0,13,6,2,1525
20.0,13,6,3,1530
20.0,13,6,4,1535
20.0,13,6,5,1539
20.0,13,6,6,1544
20.0,13,6,7,1549
20.0,13,6,8,1554
20.0,13,6,9,1559
20.0,13,6,10,1563
20.0,13,6,11,1568
20.0,13,6,12,1573
20.0,13,6,13,1577
20.0,13,6,14,1582
20.0,13,6,15,1587
20.0,13,7,0,1520
20.0,13,7,1,1525
20.0,13,7,2,1530
20.0,13,7,3,1535
20.0,13,7,4,1540
20.0,13,7,5,1544
20.0,13,7,6,1549
20.0,13,7,7,1554
20.0,13,7,8,1559
20.0,13,7,9,1564
20.0,13,7,10,1568
20.0,13,7,11,1573
20.0,13,7,12,1578
20.0,13,7,13,1583
20.0,13,7,14,1587
20.0,13,7,15,1592
20.0,13,8,0,1525
20.0,13,8,1,1530
20.0,13,8,2,1535
20.0,13,8,3,1540
20.0,13,8,4,1545
20.0,13,8,5,1549
20.0,13,8,6,1554
20.0,13,8,7,1559
20.0,13,8,8,1564
20.0,13,8,9,1569
20.0,13,8,10,1573
20.0,13,8,11,1578
20.0,13,8,12,1583
20.0,13,8,13,1588
20.0,13,8,14,1592
20.0,13,8,15,1597
20.0,13,9,0,1530
20.0,13,9,1,1535
20.0,13,9,2,1540
20.0,13,9,3,1545
20.0,13,9,4,1549
20.0,13,9,5,1554
20.0,13,9,6,1559
20.0,13,9,7,1564
20.0,13,9,8,1569
20.0,13,9,9,1574
20.0,13,9,10,1578
20.0,13,9,11,1583
20.0,13,9,12,1588
20.0,13,9,13,1593
20.0,13,9,14,1597
20.0,13,9,15,1602
20.0,13,10,0,1535
20.0,13,10,1,1540
20.0,13,10,2,1545
20.0,13,10,3,1549
20.0,13,10,4,1554
20.0,13,10,5,1559
20.0,13,10,6,1564
20.0,13,10,7,1569
20.0,13,10,8,1574
20.0,13,10,9,1579
20.0,13,10,10,1583
20.0,13,10,11,1588
20.0,13,10,12,1593
20.0,13,10,13,1598
20.0,13,10,14,1602
20.0,13,10,15,1607
20.0,13,11,0,1539
20.0,13,11,1,1544
20.0,13,11,2,1549
20.0,13,11,3,1554
20.0,13,11,4,1559
20.0,13,11,5,1564
20.0,13,11,6,1569
20.0,13,11,7,1574
20.0,13,11,8,1579
20.0,13,11,9,1584
20.0,13,11,10,1588
20.0,13,11,11,1593
20.0,13,11,12,1598
20.0,13,11,13,1603
20.0,13,11,14,1607
20.0,13,11,15,1612
20.0,13,12,0,1544
20.0,13,12,1,1549
20.0,13,12,2,1554
20.0,13,12,3,1559
20.0,13,12,4,1564
20.0,13,12,5,1569
20.0,13,12,6,1574
20.0,13,12,7,1579
20.0,13,12,8,1584
20.0,13,12,9,1588
20.0,13,12,10,1593
20.0,13,12,11,1598
20.0,13,12,12,1603
20.0,13,12,13,1608
20.0,13,12,14,1613
20.0,13,12,15,1617
20.0,13,13,0,1549
20.0,13,13,1,1554
20.0,13,13,2,1559
20.0,13,13,3,1564
20.0,13,13,4,1569
20.0,13,13,5,1574
20.0,13,13,6,1579
20.0,13,13,7,1584
20.0,13,13,8,1589
20.0,13,13,9,1593
20.0,13,13,10,1598
20.0,13,13,11,1603
20.0,13,13,12,1608
20.0,13,13,13,1613
20.0,13,13,14,1618
20.0,13,13,15,1622
20.0,13,14,0,1554
20.0,13,14,1,1559
20.0,13,14,2,1564
20.0,13,14,3,1569
20.0,13,14,4,1574
20.0,13,14,5,1579
20.0,13,14,6,1584
20.0,13,14,7,1589
20.0,13,14,8,1593
20.0,13,14,9,1598
20.0,13,14,10,1603
20.0,13,14,11,1608
20.0,13,14,12,1613
20.0,13,14,13,1618
20.0,13,14,14,1622
20.0,13,14,15,1627
20.0,13,15,0,1559
20.0,13,15,1,1564
20.0,13,15,2,1569
20.0,13,15,3,1574
20.0,13,15,4,1579
20.0,13,15,5,1584
20.0,13,15,6,1588
20.0,13,15,7,1593
20.0,13,15,8,1598
20.0,13,15,9,1603
20.0,13,15,10,1608
20.0,13,15,11,1613
20.0,13,15,12,1618
20.0,13,15,13,1623
20.0,13,15,14,1627
20.0,13,15,15,1632
20.0,14,0,0,1491
20.0,14,0,1,1496
20.0,14,0,2,1501
20.0,14,0,3,1505
20.0,14,0,4,1510
20.0,14,0,5,1515
20.0,14,0,6,1520
20.0,14,0,7,1524
20.0,14,0,8,1529
20.0,14,0,9,1534
20.0,14,0,10,1538
20.0,14,0,11,1543
20.0,14,0,12,1548
20.0,14,0,13,1552
20.0,14,0,14,1557
20.0,14,0,15,1561
20.0,14,1,0,1496
20.0,14,1,1,1501
20.0,14,1,2,1506
20.0,14,1,3,1510
20.0,14,1,4,1515
20.0,14,1,5,1520
20.0,14,1,6,1525
20.0,14,1,7,1529
20.0,14,1,8,1534
20.0,14,1,9,1539
20.0,14,1,10,1544
20.0,14,1,11,1548
20.0,14,1,12,1553
20.0,14,1,13,1557
20.0,14,1,14,1562
20.0,14,1,15,1567
20.0,14,2,0,1501
20.0,14,2,1,1506
20.0,14,2,2,1511
20.0,14,2,3,1515
20.0,14,2,4,1520
20.0,14,2,5,1525
20.0,14,2,6,1530
20.0,14,2,7,1535
20.0,14,2,8,1539
20.0,14,2,9,1544
20.0,14,2,10,1549
20.0,14,2,11,1553
20.0,14,2,12,1558
20.0,14,2,13,1563
20.0,14,2,14,1567
20.0,14,2,15,1572
20.0,14,3,0,1506
20.0,14,3,1,1511
20.0,14,3,2,1516
20.0,14,3,3,1520
20.0,14,3,4,1525
20.0,14,3,5,1530
20.0,14,3,6,1535
20.0,14,3,7,1540
20.0,14,3,8,1544
20.0,14,3,9,1549
20.0,14,3,10,1554
20.0,14,3,11,1558
20.0,14,3,12,1563
20.0,14,3,13,1568
20.0,14,3,14,1572
20.0,14,3,15,1577
20.0,14,4,0,1511
20.0,14,4,1,1516
20.0,14,4,2,1521
20.0,14,4,3,1525
20.0,14,4,4,1530
20.0,14,4,5,1535
20.0,14,4,6,1540
20.0,14,4,7,1545
20.0,14,4,8,1549
20.0,14,4,9,1554
20.0,14,4,10,1559
20.0,14,4,11,1564
20.0,14,4,12,1568
20.0,14,4,13,1573
20.0,14,4,14,1578
20.0,14,4,15,1582
20.0,14,5,0,1516
20.0,14,5,1,1521
20.0,14,5,2,1526
20.0,14,5,3,1530
20.0,14,5,4,1535
20.0,14,5,5,1540
20.0,14,5,6,1545
20.0,14,5,7,1550
20.0,14,5,8,1554
20.0,14,5,9,1559
20.0,14,5,10,1564
20.0,14,5,11,1569
20.0,14,5,12,1573
20.0,14,5,13,1578
20.0,14,5,14,1583
20.0,14,5,15,1587
20.0,14,6,0,1521
20.0,14,6,1,1526
20.0,14,6,2,1531
20.0,14,6,3,1535
20.0,14,6,4,1540
20.0,14,6,5,1545
20.0,14,6,6,1550
20.0,14,6,7,1555
20.0,14,6,8,1559
20.0,14,6,9,1564
20.0,14,6,10,1569
20.0,14,6,11,1574
20.0,14,6,12,1579
20.0,14,6,13,1583
20.0,14,6,14,1588
20.0,14,6,15,1593
20.0,14,7,0,1526
20.0,14,7,1,1531
20.0,14,7,2,1535
20.0,14,7,3,1540
20.0,14,7,4,1545
20.0,14,7,5,1550
20.0,14,7,6,1555
20.0,14,7,7,1560
20.0,14,7,8,1565
20.0,14,7,9,1569
20.0,14,7,10,1574
20.0,14,7,11,1579
20.0,14,7,12,1584
20.0,14,7,13,1588
20.0,14,7,14,1593
20.0,14,7,15,1598
20.0,14,8,0,1531
20.0,14,8,1,1535
20.0,14,8,2,1540
20.0,14,8,3,1545
20.0,14,8,4,1550
20.0,14,8,5,1555
20.0,14,8,6,1560
20.0,14,8,7,1565
20.0,14,8,8,1570
20.0,14,8,9,1574
20.0,14,8,10,1579
20.0,14,8,11,1584
20.0,14,8,12,1589
20.0,14,8,13,1593
20.0,14,8,14,1598
20.0,14,8,15,1603
20.0,14,9,0,1535
20.0,14,9,1,1540
20.0,14,9,2,1545
20.0,14,9,3,1550
20.0,14,9,4,1555
20.0,14,9,5,1560
20.0,14,9,6,1565
20.0,14,9,7,1570
20.0,14,9,8,1575
20.0,14,9,9,1579
20.0,14,9,10,1584
20.0,14,9,11,1589
20.0,14,9,12,1594
20.0,14,9,13,1598
20.0,14,9,14,1603
20.0,14,9,15,1608
20.0,14,10,0,1540
20.0,14,10,1,1545
20.0,14,10,2,1550
20.0,14,10,3,1555
20.0,14,10,4,1560
20.0,14,10,5,1565
20.0,14,10,6,1570
20.0,14,10,7,1575
20.0,14,10,8,1579
20.0,14,10,9,1584
20.0,14,10,10,1589
20.0,14,10,11,1594
20.0,14,10,12,1599
20.0,14,10,13,1604
20.0,14,10,14,1608
20.0,14,10,15,1613
20.0,14,11,0,1545
20.0,14,11,1,1550
20.0,14,11,2,1555
20.0,14,11,3,1560
20.0,14,11,4,1565
20.0,14,11,5,1570
20.0,14,11,6,1575
20.0,14,11,7,1580
20.0,14,11,8,1584
20.0,14,11,9,1589
20.0,14,11,10,1594
20.0,14,11,11,1599
20.0,14,11,12,1604
20.0,14,11,13,1609
20.0,14,11,14,1613
20.0,14,11,15,1618
20.0,14,12,0,1550
20.0,14,12,1,1555
20.0,14,12,2,1560
20.0,14,12,3,1565
20.0,14,12,4,1570
20.0,14,12,5,1575
20.0,14,12,6,1580
20.0,14,12,7,1585
20.0,14,12,8,1589
20.0,14,12,9,1594
20.0,14,12,10,1599
20.0,14,12,11,1604
20.0,14,12,12,1609
20.0,14,12,13,1614
20.0,14,12,14,1618
20.0,14,12,15,1623
20.0,14,13,0,1555
20.0,14,13,1,1560
20.0,14,13,2,1565
20.0,14,13,3,1570
20.0,14,13,4,1575
20.0,14,13,5,1580
20.0,14,13,6,1585
20.0,14,13,7,1589
20.0,14,13,8,1594
20.0,14,13,9,1599
20.0,14,13,10,1604
20.0,14,13,11,1609
20.0,14,13,12,1614
20.0,14,13,13,1619
20.0,14,13,14,1623
20.0,14,13,15,1628
20.0,14,14,0,1559
20.0,14,14,1,1565
20.0,14,14,2,1570
20.0,14,14,3,1575
20.0,14,14,4,1579
20.0,14,14,5,1584
20.0,14,14,6,1589
20.0,14,14,7,1594
20.0,14,14,8,1599
20.0,14,14,9,1604
20.0,14,14,10,1609
20.0,14,14,11,1614
20.0,14,14,12,1619
20.0,14,14,13,1624
20.0,14,14,14,1628
20.0,14,14,15,1633
20.0,14,15,0,1564
20.0,14,15,1,1569
20.0,14,15,2,1574
20.0,14,15,3,1579
20.0,14,15,4,1584
20.0,14,15,5,1589
20.0,14,15,6,1594
20.0,14,15,7,1599
20.0,14,15,8,1604
20.0,14,15,9,1609
20.0,14,15,10,1614
20.0,14,15,11,1619
20.0,14,15,12,1624
20.0,14,15,13,1629
20.0,14,15,14,1633
20.0,14,15,15,1638
20.0,15,0,0,1496
20.0,15,0,1,1501
20.0,15,0,2,1506
20.0,15,0,3,1511
20.0,15,0,4,1516
20.0,15,0,5,1520
20.0,15,0,6,1525
20.0,15,0,7,1530
20.0,15,0,8,1535
20.0,15,0,9,1539
20.0,15,0,10,1544
20.0,15,0,11,1549
20.0,15,0,12,1553
20.0,15,0,13,1558
20.0,15,0,14,1563
20.0,15,0,15,1567
20.0,15,1,0,1501
20.0,15,1,1,1506
20.0,15,1,2,1511
20.0,15,1,3,1516
20.0,15,1,4,1521
20.0,15,1,5,1525
20.0,15,1,6,1530
20.0,15,1,7,1535
20.0,15,1,8,1540
20.0,15,1,9,1544
20.0,15,1,10,1549
20.0,15,1,11,1554
20.0,15,1,12,1558
20.0,15,1,13,1563
20.0,15,1,14,1568
20.0,15,1,15,1572
20.0,15,2,0,1506
20.0,15,2,1,1511
20.0,15,2,2,1516
20.0,15,2,3,1521
20.0,15,2,4,1526
20.0,15,2,5,1531
20.0,15,2,6,1535
20.0,15,2,7,1540
20.0,15,2,8,1545
20.0,15,2,9,1550
20.0,15,2,10,1554
20.0,15,2,11,1559
20.0,15,2,12,1564
20.0,15,2,13,1568
20.0,15,2,14,1573
20.0,15,2,15,1578
20.0,15,3,0,1511
20.0,15,3,1,1516
20.0,15,3,2,1521
20.0,15,3,3,1526
20.0,15,3,4,1531
20.0,15,3,5,1536
20.0,15,3,6,1540
20.0,15,3,7,1545
20.0,15,3,8,1550
20.0,15,3,9,1555
20.0,15,3,10,1559
20.0,15,3,11,1564
20.0,15,3,12,1569
20.0,15,3,13,1574
20.0,15,3,14,1578
20.0,15,3,15,1583
20.0,15,4,0,1516
20.0,15,4,1,1521
20.0,15,4,2,1526
20.0,15,4,3,1531
20.0,15,4,4,1536
20.0,15,4,5,1541
20.0,15,4,6,1545
20.0,15,4,7,1550
20.0,15,4,8,1555
20.0,15,4,9,1560
20.0,15,4,10,1565
20.0,15,4,11,1569
20.0,15,4,12,1574
20.0,15,4,13,1579
20.0,15,4,14,1583
20.0,15,4,15,1588
20.0,15,5,0,1521
20.0,15,5,1,1526
20.0,15,5,2,1531
20.0,15,5,3,1536
20.0,15,5,4,1541
20.0,15,5,5,1546
20.0,15,5,6,1551
20.0,15,5,7,1555
20.0,15,5,8,1560
20.0,15,5,9,1565
20.0,15,5,10,1570
20.0,15,5,11,1574
20.0,15,5,12,1579
20.0,15,5,13,1584
20.0,15,5,14,1589
20.0,15,5,15,1593
20.0,15,6,0,1526
20.0,15,6,1,1531
20.0,15,6,2,1536
20.0,15,6,3,1541
20.0,15,6,4,1546
20.0,15,6,5,1551
20.0,15,6,6,1556
20.0,15,6,7,1560
20.0,15,6,8,1565
20.0,15,6,9,1570
20.0,15,6,10,1575
20.0,15,6,11,1580
20.0,15,6,12,1584
20.0,15,6,13,1589
20.0,15,6,14,1594
20.0,15,6,15,1598
20.0,15,7,0,1531
20.0,15,7,1,1536
20.0,15,7,2,1541
20.0,15,7,3,1546
20.0,15,7,4,1551
20.0,15,7,5,1556
20.0,15,7,6,1561
20.0,15,7,7,1565
20.0,15,7,8,1570
20.0,15,7,9,1575
20.0,15,7,10,1580
20.0,15,7,11,1585
20.0,15,7,12,1589
20.0,15,7,13,1594
20.0,15,7,14,1599
20.0,15,7,15,1604
20.0,15,8,0,1536
20.0,15,8,1,1541
20.0,15,8,2,1546
20.0,15,8,3,1551
20.0,15,8,4,1556
20.0,15,8,5,1561
20.0,15,8,6,1566
20.0,15,8,7,1570
20.0,15,8,8,1575
20.0,15,8,9,1580
20.0,15,8,10,1585
20.0,15,8,11,1590
20.0,15,8,12,1594
20.0,15,8,13,1599
20.0,15,8,14,1604
20.0,15,8,15,1609
20.0,15,9,0,1541
20.0,15,9,1,1546
20.0,15,9,2,1551
20.0,15,9,3,1556
20.0,15,9,4,1561
20.0,15,9,5,1566
20.0,15,9,6,1571
20.0,15,9,7,1575
20.0,15,9,8,1580
20.0,15,9,9,1585
20.0,15,9,10,1590
20.0,15,9,11,1595
20.0,15,9,12,1600
20.0,15,9,13,1604
20.0,15,9,14,1609
20.0,15,9,15,1614
20.0,15,10,0,1546
20.0,15,10,1,1551
20.0,15,10,2,1556
20.0,15,10,3,1561
20.0,15,10,4,1566
20.0,15,10,5,1571
20.0,15,10,6,1575
20.0,15,10,7,1580
20.0,15,10,8,1585
20.0,15,10,9,1590
20.0,15,10,10,1595
20.0,15,10,11,1600
20.0,15,10,12,1605
20.0,15,10,13,1609
20.0,15,10,14,1614
20.0,15,10,15,1619
20.0,15,11,0,1551
20.0,15,11,1,1556
20.0,15,11,2,1561
20.0,15,11,3,1566
20.0,15,11,4,1571
20.0,15,11,5,1576
20.0,15,11,6,1580
20.0,15,11,7,1585
20.0,15,11,8,1590
20.0,15,11,9,1595
20.0,15,11,10,1600
20.0,15,11,11,1605
20.0,15,11,12,1610
20.0,15,11,13,1614
20.0,15,11,14,1619
20.0,15,11,15,1624
20.0,15,12,0,1556
20.0,15,12,1,1561
20.0,15,12,2,1566
20.0,15,12,3,1571
20.0,15,12,4,1575
20.0,15,12,5,1580
20.0,15,12,6,1585
20.0,15,12,7,1590
20.0,15,12,8,1595
20.0,15,12,9,1600
20.0,15,12,10,1605
20.0,15,12,11,1610
20.0,15,12,12,1615
20.0,15,12,13,1619
20.0,15,12,14,1624
20.0,15,12,15,1629
20.0,15,13,0,1560
20.0,15,13,1,1565
20.0,15,13,2,1570
20.0,15,13,3,1575
20.0,15,13,4,1580
20.0,15,13,5,1585
20.0,15,13,6,1590
20.0,15,13,7,1595
20.0,15,13,8,1600
20.0,15,13,9,1605
20.0,15,13,10,1610
20.0,15,13,11,1615
20.0,15,13,12,1620
20.0,15,13,13,1624
20.0,15,13,14,1629
20.0,15,13,15,1634
20.0,15,14,0,1565
20.0,15,14,1,1570
20.0,15,14,2,1575
20.0,15,14,3,1580
20.0,15,14,4,1585
20.0,15,14,5,1590
20.0,15,14,6,1595
20.0,15,14,7,1600
20.0,15,14,8,1605
20.0,15,14,9,1610
20.0,15,14,10,1615
20.0,15,14,11,1620
20.0,15,14,12,1625
20.0,15,14,13,1630
20.0,15,14,14,1634
20.0,15,14,15,1639
20.0,15,15,0,1570
20.0,15,15,1,1575
20.0,15,15,2,1580
20.0,15,15,3,1585
20.0,15,15,4,1590
20.0,15,15,5,1595
20.0,15,15,6,1600
20.0,15,15,7,1605
20.0,15,15,8,1610
20.0,15,15,9,1615
20.0,15,15,10,1620
20.0,15,15,11,1625
20.0,15,15,12,1630
20.0,15,15,13,1634
20.0,15,15,14,1639
20.0,15,15,15,1644
20.5,0,0,0,1450
20.5,0,0,1,1455
20.5,0,0,2,1460
20.5,0,0,3,1464
20.5,0,0,4,1469
20.5,0,0,5,1474
20.5,0,0,6,1478
20.5,0,0,7,1483
20.5,0,0,8,1487
20.5,0,0,9,1492
20.5,0,0,10,1497
20.5,0,0,11,1501
20.5,0,0,12,1506
20.5,0,0,13,1510
20.5,0,0,14,1515
20.5,0,0,15,1519
20.5,0,1,0,1455
20.5,0,1,1,1460
20.5,0,1,2,1465
20.5,0,1,3,1469
20.5,0,1,4,1474
20.5,0,1,5,1479
20.5,0,1,6,1483
20.5,0,1,7,1488
20.5,0,1,8,1492
20.5,0,1,9,1497
20.5,0,1,10,1502
20.5,0,1,11,1506
20.5,0,1,12,1511
20.5,0,1,13,1515
20.5,0,1,14,1520
20.5,0,1,15,1524
20.5,0,2,0,1460
20.5,0,2,1,1465
20.5,0,2,2,1470
20.5,0,2,3,1474
20.5,0,2,4,1479
20.5,0,2,5,1484
20.5,0,2,6,1488
20.5,0,2,7,1493
20.5,0,2,8,1497
20.5,0,2,9,1502
20.5,0,2,10,1507
20.5,0,2,11,1511
20.5,0,2,12,1516
20.5,0,2,13,1520
20.5,0,2,14,1525
20.5,0,2,15,1529
20.5,0,3,0,1465
20.5,0,3,1,1470
20.5,0,3,2,1474
20.5,0,3,3,1479
20.5,0,3,4,1484
20.5,0,3,5,1488
20.5,0,3,6,1493
20.5,0,3,7,1498
20.5,0,3,8,1502
20.5,0,3,9,1507
20.5,0,3,10,1512
20.5,0,3,11,1516
20.5,0,3,12,1521
20.5,0,3,13,1525
20.5,0,3,14,1530
20.5,0,3,15,1534
20.5,0,4,0,1470
20.5,0,4,1,1475
20.5,0,4,2,1479
20.5,0,4,3,1484
20.5,0,4,4,1489
20.5,0,4,5,1493
20.5,0,4,6,1498
20.5,0,4,7,1503
20.5,0,4,8,1507
20.5,0,4,9,1512
20.5,0,4,10,1517
20.5,0,4,11,1521
20.5,0,4,12,1526
20.5,0,4,13,1530
20.5,0,4,14,1535
20.5,0,4,15,1539
20.5,0,5,0,1475
20.5,0,5,1,1479
20.5,0,5,2,1484
20.5,0,5,3,1489
20.5,0,5,4,1494
20.5,0,5,5,1498
20.5,0,5,6,1503
20.5,0,5,7,1508
20.5,0,5,8,1512
20.5,0,5,9,1517
20.5,0,5,10,1521
20.5,0,5,11,1526
20.5,0,5,12,1531
20.5,0,5,13,1535
20.5,0,5,14,1540
20.5,0,5,15,1544
20.5,0,6,0,1479
20.5,0,6,1,1484
20.5,0,6,2,1489
20.5,0,6,3,1494
20.5,0,6,4,1498
20.5,0,6,5,1503
20.5,0,6,6,1508
20.5,0,6,7,1512
20.5,0,6,8,1517
20.5,0,6,9,1522
20.5,0,6,10,1526
20.5,0,6,11,1531
20.5,0,6,12,1536
20.5,0,6,13,1540
20.5,0,6,14,1545
20.5,0,6,15,1549
20.5,0,7,0,1484
20.5,0,7,1,1489
20.5,0,7,2,1494
20.5,0,7,3,1498
20.5,0,7,4,1503
20.5,0,7,5,1508
20.5,0,7,6,1513
20.5,0,7,7,1517
20.5,0,7,8,1522
20.5,0,7,9,1527
20.5,0,7,10,1531
20.5,0,7,11,1536
20.5,0,7,12,1541
20.5,0,7,13,1545
20.5,0,7,14,1550
20.5,0,7,15,1554
20.5,0,8,0,1489
20.5,0,8,1,1494
20.5,0,8,2,1498
20.5,0,8,3,1503
20.5,0,8,4,1508
20.5,0,8,5,1513
20.5,0,8,6,1517
20.5,0,8,7,1522
20.5,0,8,8,1527
20.5,0,8,9,1532
20.5,0,8,10,1536
20.5,0,8,11,1541
20.5,0,8,12,1545
20.5,0,8,13,1550
20.5,0,8,14,1555
20.5,0,8,15,1559
20.5,0,9,0,1494
20.5,0,9,1,1498
20.5,0,9,2,1503
20.5,0,9,3,1508
20.5,0,9,4,1513
20.5,0,9,5,1518
20.5,0,9,6,1522
20.5,0,9,7,1527
20.5,0,9,8,1532
20.5,0,9,9,1536
20.5,0,9,10,1541
20.5,0,9,11,1546
20.5,0,9,12,1550
20.5,0,9,13,1555
20.5,0,9,14,1560
20.5,0,9,15,1564
20.5,0,10,0,1498
20.5,0,10,1,1503
20.5,0,10,2,1508
20.5,0,10,3,1513
20.5,0,10,4,1518
20.5,0,10,5,1522
20.5,0,10,6,1527
20.5,0,10,7,1532
20.5,0,10,8,1537
20.5,0,10,9,1541
20.5,0,10,10,1546
20.5,0,10,11,1551
20.5,0,10,12,1555
20.5,0,10,13,1560
20.5,0,10,14,1565
20.5,0,10,15,1569
20.5,0,11,0,1503
20.5,0,11,1,1508
20.5,0,11,2,1513
20.5,0,11,3,1518
20.5,0,11,4,1522
20.5,0,11,5,1527
20.5,0,11,6,1532
20.5,0,11,7,1537
20.5,0,11,8,1541
20.5,0,11,9,1546
20.5,0,11,10,1551
20.5,0,11,11,1556
20.5,0,11,12,1560
20.5,0,11,13,1565
20.5,0,11,14,1570
20.5,0,11,15,1574
20.5,0,12,0,1508
20.5,0,12,1,1513
20.5,0,12,2,1517
20.5,0,12,3,1522
20.5,0,12,4,1527
20.5,0,12,5,1532
20.5,0,12,6,1537
20.5,0,12,7,1541
20.5,0,12,8,1546
20.5,0,12,9,1551
20.5,0,12,10,1556
20.5,0,12,11,1560
20.5,0,12,12,1565
20.5,0,12,13,1570
20.5,0,12,14,1574
20.5,0,12,15,1579
20.5,0,13,0,1512
20.5,0,13,1,1517
20.5,0,13,2,1522
20.5,0,13,3,1527
20.5,0,13,4,1532
20.5,0,13,5,1537
20.5,0,13,6,1541
20.5,0,13,7,1546
20.5,0,13,8,1551
20.5,0,13,9,1556
20.5,0,13,10,1560
20.5,0,13,11,1565
20.5,0,13,12,1570
20.5,0,13,13,1575
20.5,0,13,14,1579
20.5,0,13,15,1584
20.5,0,14,0,1517
20.5,0,14,1,1522
20.5,0,14,2,1527
20.5,0,14,3,1532
20.5,0,14,4,1537
20.5,0,14,5,1541
20.5,0,14,6,1546
20.5,0,14,7,1551
20.5,0,14,8,1556
20.5,0,14,9,1561
20.5,0,14,10,1565
20.5,0,14,11,1570
20.5,0,14,12,1575
20.5,0,14,13,1579
20.5,0,14,14,1584
20.5,0,14,15,1589
20.5,0,15,0,1522
20.5,0,15,1,1527
20.5,0,15,2,1532
20.5,0,15,3,1536
20.5,0,15,4,1541
20.5,0,15,5,1546
20.5,0,15,6,1551
20.5,0,15,7,1556
20.5,0,15,8,1561
20.5,0,15,9,1565
20.5,0,15,10,1570
20.5,0,15,11,1575
20.5,0,15,12,1580
20.5,0,15,13,1584
20.5,0,15,14,1589
20.5,0,15,15,1594
20.5,1,0,0,1456
20.5,1,0,1,1461
20.5,1,0,2,1465
20.5,1,0,3,1470
20.5,1,0,4,1475
20.5,1,0,5,1479
20.5,1,0,6,1484
20.5,1,0,7,1489
20.5,1,0,8,1493
20.5,1,0,9,1498
20.5,1,0,10,1502
20.5,1,0,11,1507
20.5,1,0,12,1511
20.5,1,0,13,1516
20.5,1,0,14,1520
20.5,1,0,15,1525
20.5,1,1,0,1461
20.5,1,1,1,1466
20.5,1,1,2,1470
20.5,1,1,3,1475
20.5,1,1,4,1480
20.5,1,1,5,1484
20.5,1,1,6,1489
20.5,1,1,7,1494
20.5,1,1,8,1498
20.5,1,1,9,1503
20.5,1,1,10,1507
20.5,1,1,11,1512
20.5,1,1,12,1516
20.5,1,1,13,1521
20.5,1,1,14,1525
20.5,1,1,15,1530
20.5,1,2,0,1466
20.5,1,2,1,1470
20.5,1,2,2,1475
20.5,1,2,3,1480
20.5,1,2,4,1485
20.5,1,2,5,1489
20.5,1,2,6,1494
20.5,1,2,7,1499
20.5,1,2,8,1503
20.5,1,2,9,1508
20.5,1,2,10,1512
20.5,1,2,11,1517
20.5,1,2,12,1521
20.5,1,2,13,1526
20.5,1,2,14,1531
20.5,1,2,15,1535
20.5,1,3,0,1471
20.5,1,3,1,1475
20.5,1,3,2,1480
20.5,1,3,3,1485
20.5,1,3,4,1489
20.5,1,3,5,1494
20.5,1,3,6,1499
20.5,1,3,7,1503
20.5,1,3,8,1508
20.5,1,3,9,1513
20.5,1,3,10,1517
20.5,1,3,11,1522
20.5,1,3,12,1526
20.5,1,3,13,1531
20.5,1,3,14,1536
20.5,1,3,15,1540
20.5,1,4,0,1475
20.5,1,4,1,1480
20.5,1,4,2,1485
20.5,1,4,3,1490
20.5,1,4,4,1494
20.5,1,4,5,1499
20.5,1,4,6,1504
20.5,1,4,7,1508
20.5,1,4,8,1513
20.5,1,4,9,1518
20.5,1,4,10,1522
20.5,1,4,11,1527
20.5,1,4,12,1532
20.5,1,4,13,1536
20.5,1,4,14,1541
20.5,1,4,15,1545
20.5,1,5,0,1480
20.5,1,5,1,1485
20.5,1,5,2,1490
20.5,1,5,3,1495
20.5,1,5,4,1499
20.5,1,5,5,1504
20.5,1,5,6,1509
20.5,1,5,7,1513
20.5,1,5,8,1518
20.5,1,5,9,1523
20.5,1,5,10,1527
20.5,1,5,11,1532
20.5,1,5,12,1537
20.5,1,5,13,1541
20.5,1,5,14,1546
20.5,1,5,15,1550
20.5,1,6,0,1485
20.5,1,6,1,1490
20.5,1,6,2,1495
20.5,1,6,3,1499
20.5,1,6,4,1504
20.5,1,6,5,1509
20.5,1,6,6,1514
20.5,1,6,7,1518
20.5,1,6,8,1523
20.5,1,6,9,1528
20.5,1,6,10,1532
20.5,1,6,11,1537
20.5,1,6,12,1541
20.5,1,6,13,1546
20.5,1,6,14,1551
20.5,1,6,15,1555
20.5,1,7,0,1490
20.5,1,7,1,1495
20.5,1,7,2,1499
20.5,1,7,3,1504
20.5,1,7,4,1509
20.5,1,7,5,1514
20.5,1,7,6,1518
20.5,1,7,7,1523
20.5,1,7,8,1528
20.5,1,7,9,1533
20.5,1,7,10,1537
20.5,1,7,11,1542
20.5,1,7,12,1546
20.5,1,7,13,1551
20.5,1,7,14,1556
20.5,1,7,15,1560
20.5,1,8,0,1495
20.5,1,8,1,1499
20.5,1,8,2,1504
20.5,1,8,3,1509
20.5,1,8,4,1514
20.5,1,8,5,1519
20.5,1,8,6,1523
20.5,1,8,7,1528
20.5,1,8,8,1533
20.5,1,8,9,1537
20.5,1,8,10,1542
20.5,1,8,11,1547
20.5,1,8,12,1551
20.5,1,8,13,1556
20.5,1,8,14,1561
20.5,1,8,15,1565
20.5,1,9,0,1499
20.5,1,9,1,1504
20.5,1,9,2,1509
20.5,1,9,3,1514
20.5,1,9,4,1519
20.5,1,9,5,1523
20.5,1,9,6,1528
20.5,1,9,7,1533
20.5,1,9,8,1538
20.5,1,9,9,1542
20.5,1,9,10,1547
20.5,1,9,11,1552
20.5,1,9,12,1556
20.5,1,9,13,1561
20.5,1,9,14,1566
20.5,1,9,15,1570
20.5,1,10,0,1504
20.5,1,10,1,1509
20.5,1,10,2,1514
20.5,1,10,3,1519
20.5,1,10,4,1523
20.5,1,10,5,1528
20.5,1,10,6,1533
20.5,1,10,7,1538
20.5,1,10,8,1542
20.5,1,10,9,1547
20.5,1,10,10,1552
20.5,1,10,11,1557
20.5,1,10,12,1561
20.5,1,10,13,1566
20.5,1,10,14,1571
20.5,1,10,15,1575
20.5,1,11,0,1509
20.5,1,11,1,1514
20.5,1,11,2,1519
20.5,1,11,3,1523
20.5,1,11,4,1528
20.5,1,11,5,1533
20.5,1,11,6,1538
20.5,1,11,7,1543
20.5,1,11,8,1547
20.5,1,11,9,1552
20.5,1,11,10,1557
20.5,1,11,11,1561
20.5,1,11,12,1566
20.5,1,11,13,1571
20.5,1,11,14,1576
20.5,1,11,15,1580
20.5,1,12,0,1514
20.5,1,12,1,1518
20.5,1,12,2,1523
20.5,1,12,3,1528
20.5,1,12,4,1533
20.5,1,12,5,1538
20.5,1,12,6,1543
20.5,1,12,7,1547
20.5,1,12,8,1552
20.5,1,12,9,1557
20.5,1,12,10,1562
20.5,1,12,11,1566
20.5,1,12,12,1571
20.5,1,12,13,1576
20.5,1,12,14,1580
20.5,1,12,15,1585
20.5,1,13,0,1518
20.5,1,13,1,1523
20.5,1,13,2,1528
20.5,1,13,3,1533
20.5,1,13,4,1538
20.5,1,13,5,1543
20.5,1,13,6,1547
20.5,1,13,7,1552
20.5,1,13,8,1557
20.5,1,13,9,1562
20.5,1,13,10,1566
20.5,1,13,11,1571
20.5,1,13,12,1576
20.5,1,13,13,1581
20.5,1,13,14,1585
20.5,1,13,15,1590
20.5,1,14,0,1523
20.5,1,14,1,1528
20.5,1,14,2,1533
20.5,1,14,3,1538
20.5,1,14,4,1542
20.5,1,14,5,1547
20.5,1,14,6,1552
20.5,1,14,7,1557
20.5,1,14,8,1562
20.5,1,14,9,1567
20.5,1,14,10,1571
20.5,1,14,11,1576
20.5,1,14,12,1581
20.5,1,14,13,1586
20.5,1,14,14,1590
20.5,1,14,15,1595
20.5,1,15,0,1528
20.5,1,15,1,1533
20.5,1,15,2,1537
20.5,1,15,3,1542
20.5,1,15,4,1547
20.5,1,15,5,1552
20.5,1,15,6,1557
20.5,1,15,7,1562
20.5,1,15,8,1567
20.5,1,15,9,1571
20.5,1,15,10,1576
20.5,1,15,11,1581
20.5,1,15,12,1586
20.5,1,15,13,1590
20.5,1,15,14,1595
20.5,1,15,15,1600
20.5,2,0,0,1462
20.5,2,0,1,1466
20.5,2,0,2,1471
20.5,2,0,3,1476
20.5,2,0,4,1480
20.5,2,0,5,1485
20.5,2,0,6,1490
20.5,2,0,7,1494
20.5,2,0,8,1499
20.5,2,0,9,1503
20.5,2,0,10,1508
20.5,2,0,11,1513
20.5,2,0,12,1517
20.5,2,0,13,1522
20.5,2,0,14,1526
20.5,2,0,15,1531
20.5,2,1,0,1466
20.5,2,1,1,1471
20.5,2,1,2,1476
20.5,2,1,3,1481
20.5,2,1,4,1485
20.5,2,1,5,1490
20.5,2,1,6,1495
20.5,2,1,7,1499
20.5,2,1,8,1504
20.5,2,1,9,1508
20.5,2,1,10,1513
20.5,2,1,11,1518
20.5,2,1,12,1522
20.5,2,1,13,1527
20.5,2,1,14,1531
20.5,2,1,15,1536
20.5,2,2,0,1471
20.5,2,2,1,1476
20.5,2,2,2,1481
20.5,2,2,3,1486
20.5,2,2,4,1490
20.5,2,2,5,1495
20.5,2,2,6,1500
20.5,2,2,7,1504
20.5,2,2,8,1509
20.5,2,2,9,1513
20.5,2,2,10,1518
20.5,2,2,11,1523
20.5,2,2,12,1527
20.5,2,2,13,1532
20.5,2,2,14,1536
20.5,2,2,15,1541
20.5,2,3,0,1476
20.5,2,3,1,1481
20.5,2,3,2,1486
20.5,2,3,3,1490
20.5,2,3,4,1495
20.5,2,3,5,1500
20.5,2,3,6,1505
20.5,2,3,7,1509
20.5,2,3,8,1514
20.5,2,3,9,1518
20.5,2,3,10,1523
20.5,2,3,11,1528
20.5,2,3,12,1532
20.5,2,3,13,1537
20.5,2,3,14,1541
20.5,2,3,15,1546
20.5,2,4,0,1481
20.5,2,4,1,1486
20.5,2,4,2,1491
20.5,2,4,3,1495
20.5,2,4,4,1500
20.5,2,4,5,1505
20.5,2,4,6,1509
20.5,2,4,7,1514
20.5,2,4,8,1519
20.5,2,4,9,1523
20.5,2,4,10,1528
20.5,2,4,11,1533
20.5,2,4,12,1537
20.5,2,4,13,1542
20.5,2,4,14,1547
20.5,2,4,15,1551
20.5,2,5,0,1486
20.5,2,5,1,1491
20.5,2,5,2,1495
20.5,2,5,3,1500
20.5,2,5,4,1505
20.5,2,5,5,1510
20.5,2,5,6,1514
20.5,2,5,7,1519
20.5,2,5,8,1524
20.5,2,5,9,1528
20.5,2,5,10,1533
20.5,2,5,11,1538
20.5,2,5,12,1542
20.5,2,5,13,1547
20.5,2,5,14,1552
20.5,2,5,15,1556
20.5,2,6,0,1491
20.5,2,6,1,1496
20.5,2,6,2,1500
20.5,2,6,3,1505
20.5,2,6,4,1510
20.5,2,6,5,1515
20.5,2,6,6,1519
20.5,2,6,7,1524
20.5,2,6,8,1529
20.5,2,6,9,1533
20.5,2,6,10,1538
20.5,2,6,11,1543
20.5,2,6,12,1547
20.5,2,6,13,1552
20.5,2,6,14,1557
20.5,2,6,15,1561
20.5,2,7,0,1496
20.5,2,7,1,1500
20.5,2,7,2,1505
20.5,2,7,3,1510
20.5,2,7,4,1515
20.5,2,7,5,1519
20.5,2,7,6,1524
20.5,2,7,7,1529
20.5,2,7,8,1534
20.5,2,7,9,1538
20.5,2,7,10,1543
20.5,2,7,11,1548
20.5,2,7,12,1552
20.5,2,7,13,1557
20.5,2,7,14,1562
20.5,2,7,15,1566
20.5,2,8,0,1500
20.5,2,8,1,1505
20.5,2,8,2,1510
20.5,2,8,3,1515
20.5,2,8,4,1520
20.5,2,8,5,1524
20.5,2,8,6,1529
20.5,2,8,7,1534
20.5,2,8,8,1539
20.5,2,8,9,1543
20.5,2,8,10,1548
20.5,2,8,11,1553
20.5,2,8,12,1557
20.5,2,8,13,1562
20.5,2,8,14,1567
20.5,2,8,15,1571
20.5,2,9,0,1505
20.5,2,9,1,1510
20.5,2,9,2,1515
20.5,2,9,3,1520
20.5,2,9,4,1524
20.5,2,9,5,1529
20.5,2,9,6,1534
20.5,2,9,7,1539
20.5,2,9,8,1543
20.5,2,9,9,1548
20.5,2,9,10,1553
20.5,2,9,11,1558
20.5,2,9,12,1562
20.5,2,9,13,1567
20.5,2,9,14,1572
20.5,2,9,15,1576
20.5,2,10,0,1510
20.5,2,10,1,1515
20.5,2,10,2,1520
20.5,2,10,3,1524
20.5,2,10,4,1529
20.5,2,10,5,1534
20.5,2,10,6,1539
20.5,2,10,7,1544
20.5,2,10,8,1548
20.5,2,10,9,1553
20.5,2,10,10,1558
20.5,2,10,11,1563
20.5,2,10,12,1567
20.5,2,10,13,1572
20.5,2,10,14,1577
20.5,2,10,15,1581
20.5,2,11,0,1515
20.5,2,11,1,1519
20.5,2,11,2,1524
20.5,2,11,3,1529
20.5,2,11,4,1534
20.5,2,11,5,1539
20.5,2,11,6,1544
20.5,2,11,7,1548
20.5,2,11,8,1553
20.5,2,11,9,1558
20.5,2,11,10,1563
20.5,2,11,11,1567
20.5,2,11,12,1572
20.5,2,11,13,1577
20.5,2,11,14,1582
20.5,2,11,15,1586
20.5,2,12,0,1519
20.5,2,12,1,1524
20.5,2,12,2,1529
20.5,2,12,3,1534
20.5,2,12,4,1539
20.5,2,12,5,1544
20.5,2,12,6,1548
20.5,2,12,7,1553
20.5,2,12,8,1558
20.5,2,12,9,1563
20.5,2,12,10,1568
20.5,2,12,11,1572
20.5,2,12,12,1577
20.5,2,12,13,1582
20.5,2,12,14,1586
20.5,2,12,15,1591
20.5,2,13,0,1524
20.5,2,13,1,1529
20.5,2,13,2,1534
20.5,2,13,3,1539
20.5,2,13,4,1544
20.5,2,13,5,1548
20.5,2,13,6,1553
20.5,2,13,7,1558
20.5,2,13,8,1563
20.5,2,13,9,1568
20.5,2,13,10,1572
20.5,2,13,11,1577
20.5,2,13,12,1582
20.5,2,13,13,1587
20.5,2,13,14,1591
20.5,2,13,15,1596
20.5,2,14,0,1529
20.5,2,14,1,1534
20.5,2,14,2,1539
20.5,2,14,3,1543
20.5,2,14,4,1548
20.5,2,14,5,1553
20.5,2,14,6,1558
20.5,2,14,7,1563
20.5,2,14,8,1568
20.5,2,14,9,1573
20.5,2,14,10,1577
20.5,2,14,11,1582
20.5,2,14,12,1587
20.5,2,14,13,1592
20.5,2,14,14,1596
20.5,2,14,15,1601
20.5,2,15,0,1533
20.5,2,15,1,1538
20.5,2,15,2,1543
20.5,2,15,3,1548
20.5,2,15,4,1553
20.5,2,15,5,1558
20.5,2,15,6,1563
20.5,2,15,7,1568
20.5,2,15,8,1573
20.5,2,15,9,1577
20.5,2,15,10,1582
20.5,2,15,11,1587
20.5,2,15,12,1592
20.5,2,15,13,1596
20.5,2,15,14,1601
20.5,2,15,15,1606
20.5,3,0,0,1467
20.5,3,0,1,1472
20.5,3,0,2,1477
20.5,3,0,3,1481
20.5,3,0,4,1486
20.5,3,0,5,1491
20.5,3,0,6,1495
20.5,3,0,7,1500
20.5,3,0,8,1505
20.5,3,0,9,1509
20.5,3,0,10,1514
20.5,3,0,11,1518
20.5,3,0,12,1523
20.5,3,0,13,1527
20.5,3,0,14,1532
20.5,3,0,15,1537
20.5,3,1,0,1472
20.5,3,1,1,1477
20.5,3,1,2,1482
20.5,3,1,3,1486
20.5,3,1,4,1491
20.5,3,1,5,1496
20.5,3,1,6,1500
20.5,3,1,7,1505
20.5,3,1,8,1510
20.5,3,1,9,1514
20.5,3,1,10,1519
20.5,3,1,11,1523
20.5,3,1,12,1528
20.5,3,1,13,1533
20.5,3,1,14,1537
20.5,3,1,15,1542
20.5,3,2,0,1477
20.5,3,2,1,1482
20.5,3,2,2,1486
20.5,3,2,3,1491
20.5,3,2,4,1496
20.5,3,2,5,1501
20.5,3,2,6,1505
20.5,3,2,7,1510
20.5,3,2,8,1515
20.5,3,2,9,1519
20.5,3,2,10,1524
20.5,3,2,11,1528
20.5,3,2,12,1533
20.5,3,2,13,1538
20.5,3,2,14,1542
20.5,3,2,15,1547
20.5,3,3,0,1482
20.5,3,3,1,1487
20.5,3,3,2,1491
20.5,3,3,3,1496
20.5,3,3,4,1501
20.5,3,3,5,1506
20.5,3,3,6,1510
20.5,3,3,7,1515
20.5,3,3,8,1520
20.5,3,3,9,1524
20.5,3,3,10,1529
20.5,3,3,11,1534
20.5,3,3,12,1538
20.5,3,3,13,1543
20.5,3,3,14,1547
20.5,3,3,15,1552
20.5,3,4,0,1487
20.5,3,4,1,1492
20.5,3,4,2,1496
20.5,3,4,3,1501
20.5,3,4,4,1506
20.5,3,4,5,1511
20.5,3,4,6,1515
20.5,3,4,7,1520
20.5,3,4,8,1525
20.5,3,4,9,1529
20.5,3,4,10,1534
20.5,3,4,11,1539
20.5,3,4,12,1543
20.5,3,4,13,1548
20.5,3,4,14,1552
20.5,3,4,15,1557
20.5,3,5,0,1492
20.5,3,5,1,1496
20.5,3,5,2,1501
20.5,3,5,3,1506
20.5,3,5,4,1511
20.5,3,5,5,1515
20.5,3,5,6,1520
20.5,3,5,7,1525
20.5,3,5,8,1530
20.5,3,5,9,1534
20.5,3,5,10,1539
20.5,3,5,11,1544
20.5,3,5,12,1548
20.5,3,5,13,1553
20.5,3,5,14,1557
20.5,3,5,15,1562
20.5,3,6,0,1496
20.5,3,6,1,1501
20.5,3,6,2,1506
20.5,3,6,3,1511
20.5,3,6,4,1516
20.5,3,6,5,1520
20.5,3,6,6,1525
20.5,3,6,7,1530
20.5,3,6,8,1535
20.5,3,6,9,1539
20.5,3,6,10,1544
20.5,3,6,11,1549
20.5,3,6,12,1553
20.5,3,6,13,1558
20.5,3,6,14,1563
20.5,3,6,15,1567
20.5,3,7,0,1501
20.5,3,7,1,1506
20.5,3,7,2,1511
20.5,3,7,3,1516
20.5,3,7,4,1520
20.5,3,7,5,1525
20.5,3,7,6,1530
20.5,3,7,7,1535
20.5,3,7,8,1539
20.5,3,7,9,1544
20.5,3,7,10,1549
20.5,3,7,11,1554
20.5,3,7,12,1558
20.5,3,7,13,1563
20.5,3,7,14,1568
20.5,3,7,15,1572
20.5,3,8,0,1506
20.5,3,8,1,1511
20.5,3,8,2,1516
20.5,3,8,3,1521
20.5,3,8,4,1525
20.5,3,8,5,1530
20.5,3,8,6,1535
20.5,3,8,7,1540
20.5,3,8,8,1544
20.5,3,8,9,1549
20.5,3,8,10,1554
20.5,3,8,11,1559
20.5,3,8,12,1563
20.5,3,8,13,1568
20.5,3,8,14,1573
20.5,3,8,15,1577
20.5,3,9,0,1511
20.5,3,9,1,1516
20.5,3,9,2,1521
20.5,3,9,3,1525
20.5,3,9,4,1530
20.5,3,9,5,1535
20.5,3,9,6,1540
20.5,3,9,7,1545
20.5,3,9,8,1549
20.5,3,9,9,1554
20.5,3,9,10,1559
20.5,3,9,11,1564
20.5,3,9,12,1568
20.5,3,9,13,1573
20.5,3,9,14,1578
20.5,3,9,15,1582
20.5,3,10,0,1516
20.5,3,10,1,1520
20.5,3,10,2,1525
20.5,3,10,3,1530
20.5,3,10,4,1535
20.5,3,10,5,1540
20.5,3,10,6,1545
20.5,3,10,7,1549
20.5,3,10,8,1554
20.5,3,10,9,1559
20.5,3,10,10,1564
20.5,3,10,11,1568
20.5,3,10,12,1573
20.5,3,10,13,1578
20.5,3,10,14,1583
20.5,3,10,15,1587
20.5,3,11,0,1520
20.5,3,11,1,1525
20.5,3,11,2,1530
20.5,3,11,3,1535
20.5,3,11,4,1540
20.5,3,11,5,1545
20.5,3,11,6,1550
20.5,3,11,7,1554
20.5,3,11,8,1559
20.5,3,11,9,1564
20.5,3,11,10,1569
20.5,3,11,11,1573
20.5,3,11,12,1578
20.5,3,11,13,1583
20.5,3,11,14,1588
20.5,3,11,15,1592
20.5,3,12,0,1525
20.5,3,12,1,1530
20.5,3,12,2,1535
20.5,3,12,3,1540
20.5,3,12,4,1545
20.5,3,12,5,1550
20.5,3,12,6,1554
20.5,3,12,7,1559
20.5,3,12,8,1564
20.5,3,12,9,1569
20.5,3,12,10,1574
20.5,3,12,11,1578
20.5,3,12,12,1583
20.5,3,12,13,1588
20.5,3,12,14,1593
20.5,3,12,15,1597
20.5,3,13,0,1530
20.5,3,13,1,1535
20.5,3,13,2,1540
20.5,3,13,3,1545
20.5,3,13,4,1549
20.5,3,13,5,1554
20.5,3,13,6,1559
20.5,3,13,7,1564
20.5,3,13,8,1569
20.5,3,13,9,1574
20.5,3,13,10,1578
20.5,3,13,11,1583
20.5,3,13,12,1588
20.5,3,13,13,1593
20.5,3,13,14,1597
20.5,3,13,15,1602
20.5,3,14,0,1535
20.5,3,14,1,1539
20.5,3,14,2,1544
20.5,3,14,3,1549
20.5,3,14,4,1554
20.5,3,14,5,1559
20.5,3,14,6,1564
20.5,3,14,7,1569
20.5,3,14,8,1574
20.5,3,14,9,1578
20.5,3,14,10,1583
20.5,3,14,11,1588
20.5,3,14,12,1593
20.5,3,14,13,1598
20.5,3,14,14,1602
20.5,3,14,15,1607
20.5,3,15,0,1539
20.5,3,15,1,1544
20.5,3,15,2,1549
20.5,3,15,3,1554
20.5,3,15,4,1559
20.5,3,15,5,1564
20.5,3,15,6,1569
20.5,3,15,7,1574
20.5,3,15,8,1578
20.5,3,15,9,1583
20.5,3,15,10,1588
20.5,3,15,11,1593
20.5,3,15,12,1598
20.5,3,15,13,1603
20.5,3,15,14,1607
20.5,3,15,15,1612
20.5,4,0,0,1473
20.5,4,0,1,1477
20.5,4,0,2,1482
20.5,4,0,3,1487
20.5,4,0,4,1492
20.5,4,0,5,1496
20.5,4,0,6,1501
20.5,4,0,7,1506
20.5,4,0,8,1510
20.5,4,0,9,1515
20.5,4,0,10,1519
20.5,4,0,11,1524
20.5,4,0,12,1529
20.5,4,0,13,1533
20.5,4,0,14,1538
20.5,4,0,15,1542
20.5,4,1,0,1478
20.5,4,1,1,1482
20.5,4,1,2,1487
20.5,4,1,3,1492
20.5,4,1,4,1497
20.5,4,1,5,1501
20.5,4,1,6,1506
20.5,4,1,7,1511
20.5,4,1,8,1515
20.5,4,1,9,1520
20.5,4,1,10,1525
20.5,4,1,11,1529
20.5,4,1,12,1534
20.5,4,1,13,1538
20.5,4,1,14,1543
20.5,4,1,15,1548
20.5,4,2,0,1483
20.5,4,2,1,1487
20.5,4,2,2,1492
20.5,4,2,3,1497
20.5,4,2,4,1502
20.5,4,2,5,1506
20.5,4,2,6,1511
20.5,4,2,7,1516
20.5,4,2,8,1520
20.5,4,2,9,1525
20.5,4,2,10,1530
20.5,4,2,11,1534
20.5,4,2,12,1539
20.5,4,2,13,1543
20.5,4,2,14,1548
20.5,4,2,15,1553
20.5,4,3,0,1487
20.5,4,3,1,1492
20.5,4,3,2,1497
20.5,4,3,3,1502
20.5,4,3,4,1507
20.5,4,3,5,1511
20.5,4,3,6,1516
20.5,4,3,7,1521
20.5,4,3,8,1525
20.5,4,3,9,1530
20.5,4,3,10,1535
20.5,4,3,11,1539
20.5,4,3,12,1544
20.5,4,3,13,1549
20.5,4,3,14,1553
20.5,4,3,15,1558
20.5,4,4,0,1492
20.5,4,4,1,1497
20.5,4,4,2,1502
20.5,4,4,3,1507
20.5,4,4,4,1511
20.5,4,4,5,1516
20.5,4,4,6,1521
20.5,4,4,7,1526
20.5,4,4,8,1530
20.5,4,4,9,1535
20.5,4,4,10,1540
20.5,4,4,11,1544
20.5,4,4,12,1549
20.5,4,4,13,1554
20.5,4,4,14,1558
20.5,4,4,15,1563
20.5,4,5,0,1497
20.5,4,5,1,1502
20.5,4,5,2,1507
20.5,4,5,3,1512
20.5,4,5,4,1516
20.5,4,5,5,1521
20.5,4,5,6,1526
20.5,4,5,7,1531
20.5,4,5,8,1535
20.5,4,5,9,1540
20.5,4,5,10,1545
20.5,4,5,11,1549
20.5,4,5,12,1554
20.5,4,5,13,1559
20.5,4,5,14,1563
20.5,4,5,15,1568
20.5,4,6,0,1502
20.5,4,6,1,1507
20.5,4,6,2,1512
20.5,4,6,3,1517
20.5,4,6,4,1521
20.5,4,6,5,1526
20.5,4,6,6,1531
20.5,4,6,7,1536
20.5,4,6,8,1540
20.5,4,6,9,1545
20.5,4,6,10,1550
20.5,4,6,11,1554
20.5,4,6,12,1559
20.5,4,6,13,1564
20.5,4,6,14,1568
20.5,4,6,15,1573
20.5,4,7,0,1507
20.5,4,7,1,1512
20.5,4,7,2,1517
20.5,4,7,3,1521
20.5,4,7,4,1526
20.5,4,7,5,1531
20.5,4,7,6,1536
20.5,4,7,7,1541
20.5,4,7,8,1545
20.5,4,7,9,1550
20.5,4,7,10,1555
20.5,4,7,11,1559
20.5,4,7,12,1564
20.5,4,7,13,1569
20.5,4,7,14,1574
20.5,4,7,15,1578
20.5,4,8,0,1512
20.5,4,8,1,1517
20.5,4,8,2,1521
20.5,4,8,3,1526
20.5,4,8,4,1531
20.5,4,8,5,1536
20.5,4,8,6,1541
20.5,4,8,7,1546
20.5,4,8,8,1550
20.5,4,8,9,1555
20.5,4,8,10,1560
20.5,4,8,11,1564
20.5,4,8,12,1569
20.5,4,8,13,1574
20.5,4,8,14,1579
20.5,4,8,15,1583
20.5,4,9,0,1517
20.5,4,9,1,1521
20.5,4,9,2,1526
20.5,4,9,3,1531
20.5,4,9,4,1536
20.5,4,9,5,1541
20.5,4,9,6,1546
20.5,4,9,7,1550
20.5,4,9,8,1555
20.5,4,9,9,1560
20.5,4,9,10,1565
20.5,4,9,11,1569
20.5,4,9,12,1574
20.5,4,9,13,1579
20.5,4,9,14,1584
20.5,4,9,15,1588
20.5,4,10,0,1521
20.5,4,10,1,1526
20.5,4,10,2,1531
20.5,4,10,3,1536
20.5,4,10,4,1541
20.5,4,10,5,1546
20.5,4,10,6,1551
20.5,4,10,7,1555
20.5,4,10,8,1560
20.5,4,10,9,1565
20.5,4,10,10,1570
20.5,4,10,11,1574
20.5,4,10,12,1579
20.5,4,10,13,1584
20.5,4,10,14,1589
20.5,4,10,15,1593
20.5,4,11,0,1526
20.5,4,11,1,1531
20.5,4,11,2,1536
20.5,4,11,3,1541
20.5,4,11,4,1546
20.5,4,11,5,1551
20.5,4,11,6,1555
20.5,4,11,7,1560
20.5,4,11,8,1565
20.5,4,11,9,1570
20.5,4,11,10,1575
20.5,4,11,11,1579
20.5,4,11,12,1584
20.5,4,11,13,1589
20.5,4,11,14,1594
20.5,4,11,15,1598
20.5,4,12,0,1531
20.5,4,12,1,1536
20.5,4,12,2,1541
20.5,4,12,3,1546
20.5,4,12,4,1551
20.5,4,12,5,1555
20.5,4,12,6,1560
20.5,4,12,7,1565
20.5,4,12,8,1570
20.5,4,12,9,1575
20.5,4,12,10,1580
20.5,4,12,11,1584
20.5,4,12,12,1589
20.5,4,12,13,1594
20.5,4,12,14,1599
20.5,4,12,15,1603
20.5,4,13,0,1536
20.5,4,13,1,1541
20.5,4,13,2,1546
20.5,4,13,3,1550
20.5,4,13,4,1555
20.5,4,13,5,1560
20.5,4,13,6,1565
20.5,4,13,7,1570
20.5,4,13,8,1575
20.5,4,13,9,1580
20.5,4,13,10,1584
20.5,4,13,11,1589
20.5,4,13,12,1594
20.5,4,13,13,1599
20.5,4,13,14,1603
20.5,4,13,15,1608
20.5,4,14,0,1540
20.5,4,14,1,1545
20.5,4,14,2,1550
20.5,4,14,3,1555
20.5,4,14,4,1560
20.5,4,14,5,1565
20.5,4,14,6,1570
20.5,4,14,7,1575
20.5,4,14,8,1580
20.5,4,14,9,1584
20.5,4,14,10,1589
20.5,4,14,11,1594
20.5,4,14,12,1599
20.5,4,14,13,1604
20.5,4,14,14,1608
20.5,4,14,15,1613
20.5,4,15,0,1545
20.5,4,15,1,1550
20.5,4,15,2,1555
20.5,4,15,3,1560
20.5,4,15,4,1565
20.5,4,15,5,1570
20.5,4,15,6,1575
20.5,4,15,7,1580
20.5,4,15,8,1584
20.5,4,15,9,1589
20.5,4,15,10,1594
20.5,4,15,11,1599
20.5,4,15,12,1604
20.5,4,15,13,1609
20.5,4,15,14,1613
20.5,4,15,15,1618
20.5,5,0,0,1478
20.5,5,0,1,1483
20.5,5,0,2,1488
20.5,5,0,3,1493
20.5,5,0,4,1497
20.5,5,0,5,1502
20.5,5,0,6,1507
20.5,5,0,7,1511
20.5,5,0,8,1516
20.5,5,0,9,1521
20.5,5,0,10,1525
20.5,5,0,11,1530
20.5,5,0,12,1534
20.5,5,0,13,1539
20.5,5,0,14,1544
20.5,5,0,15,1548
20.5,5,1,0,1483
20.5,5,1,1,1488
20.5,5,1,2,1493
20.5,5,1,3,1498
20.5,5,1,4,1502
20.5,5,1,5,1507
20.5,5,1,6,1512
20.5,5,1,7,1516
20.5,5,1,8,1521
20.5,5,1,9,1526
20.5,5,1,10,1530
20.5,5,1,11,1535
20.5,5,1,12,1540
20.5,5,1,13,1544
20.5,5,1,14,1549
20.5,5,1,15,1553
20.5,5,2,0,1488
20.5,5,2,1,1493
20.5,5,2,2,1498
20.5,5,2,3,1502
20.5,5,2,4,1507
20.5,5,2,5,1512
20.5,5,2,6,1517
20.5,5,2,7,1521
20.5,5,2,8,1526
20.5,5,2,9,1531
20.5,5,2,10,1535
20.5,5,2,11,1540
20.5,5,2,12,1545
20.5,5,2,13,1549
20.5,5,2,14,1554
20.5,5,2,15,1559
20.5,5,3,0,1493
20.5,5,3,1,1498
20.5,5,3,2,1503
20.5,5,3,3,1507
20.5,5,3,4,1512
20.5,5,3,5,1517
20.5,5,3,6,1522
20.5,5,3,7,1526
20.5,5,3,8,1531
20.5,5,3,9,1536
20.5,5,3,10,1541
20.5,5,3,11,1545
20.5,5,3,12,1550
20.5,5,3,13,1554
20.5,5,3,14,1559
20.5,5,3,15,1564
20.5,5,4,0,1498
20.5,5,4,1,1503
20.5,5,4,2,1508
20.5,5,4,3,1512
20.5,5,4,4,1517
20.5,5,4,5,1522
20.5,5,4,6,1527
20.5,5,4,7,1531
20.5,5,4,8,1536
20.5,5,4,9,1541
20.5,5,4,10,1546
20.5,5,4,11,1550
20.5,5,4,12,1555
20.5,5,4,13,1560
20.5,5,4,14,1564
20.5,5,4,15,1569
20.5,5,5,0,1503
20.5,5,5,1,1508
20.5,5,5,2,1513
20.5,5,5,3,1517
20.5,5,5,4,1522
20.5,5,5,5,1527
20.5,5,5,6,1532
20.5,5,5,7,1536
20.5,5,5,8,1541
20.5,5,5,9,1546
20.5,5,5,10,1551
20.5,5,5,11,1555
20.5,5,5,12,1560
20.5,5,5,13,1565
20.5,5,5,14,1569
20.5,5,5,15,1574
20.5,5,6,0,1508
20.5,5,6,1,1513
20.5,5,6,2,1517
20.5,5,6,3,1522
20.5,5,6,4,1527
20.5,5,6,5,1532
20.5,5,6,6,1537
20.5,5,6,7,1541
20.5,5,6,8,1546
20.5,5,6,9,1551
20.5,5,6,10,1556
20.5,5,6,11,1560
20.5,5,6,12,1565
20.5,5,6,13,1570
20.5,5,6,14,1574
20.5,5,6,15,1579
20.5,5,7,0,1513
20.5,5,7,1,1517
20.5,5,7,2,1522
20.5,5,7,3,1527
20.5,5,7,4,1532
20.5,5,7,5,1537
20.5,5,7,6,1542
20.5,5,7,7,1546
20.5,5,7,8,1551
20.5,5,7,9,1556
20.5,5,7,10,1561
20.5,5,7,11,1565
20.5,5,7,12,1570
20.5,5,7,13,1575
20.5,5,7,14,1579
20.5,5,7,15,1584
20.5,5,8,0,1517
20.5,5,8,1,1522
20.5,5,8,2,1527
20.5,5,8,3,1532
20.5,5,8,4,1537
20.5,5,8,5,1542
20.5,5,8,6,1547
20.5,5,8,7,1551
20.5,5,8,8,1556
20.5,5,8,9,1561
20.5,5,8,10,1566
20.5,5,8,11,1570
20.5,5,8,12,1575
20.5,5,8,13,1580
20.5,5,8,14,1585
20.5,5,8,15,1589
20.5,5,9,0,1522
20.5,5,9,1,1527
20.5,5,9,2,1532
20.5,5,9,3,1537
20.5,5,9,4,1542
20.5,5,9,5,1547
20.5,5,9,6,1551
20.5,5,9,7,1556
20.5,5,9,8,1561
20.5,5,9,9,1566
20.5,5,9,10,1571
20.5,5,9,11,1575
20.5,5,9,12,1580
20.5,5,9,13,1585
20.5,5,9,14,1590
20.5,5,9,15,1594
20.5,5,10,0,1527
20.5,5,10,1,1532
20.5,5,10,2,1537
20.5,5,10,3,1542
20.5,5,10,4,1547
20.5,5,10,5,1552
20.5,5,10,6,1556
20.5,5,10,7,1561
20.5,5,10,8,1566
20.5,5,10,9,1571
20.5,5,10,10,1576
20.5,5,10,11,1580
20.5,5,10,12,1585
20.5,5,10,13,1590
20.5,5,10,14,1595
20.5,5,10,15,1599
20.5,5,11,0,1532
20.5,5,11,1,1537
20.5,5,11,2,1542
20.5,5,11,3,1547
20.5,5,11,4,1552
20.5,5,11,5,1556
20.5,5,11,6,1561
20.5,5,11,7,1566
20.5,5,11,8,1571
20.5,5,11,9,1576
20.5,5,11,10,1581
20.5,5,11,11,1585
20.5,5,11,12,1590
20.5,5,11,13,1595
20.5,5,11,14,1600
20.5,5,11,15,1604
20.5,5,12,0,1537
20.5,5,12,1,1542
20.5,5,12,2,1547
20.5,5,12,3,1551
20.5,5,12,4,1556
20.5,5,12,5,1561
20.5,5,12,6,1566
20.5,5,12,7,1571
20.5,5,12,8,1576
20.5,5,12,9,1581
20.5,5,12,10,1585
20.5,5,12,11,1590
20.5,5,12,12,1595
20.5,5,12,13,1600
20.5,5,12,14,1605
20.5,5,12,15,1609
20.5,5,13,0,1541
20.5,5,13,1,1546
20.5,5,13,2,1551
20.5,5,13,3,1556
20.5,5,13,4,1561
20.5,5,13,5,1566
20.5,5,13,6,1571
20.5,5,13,7,1576
20.5,5,13,8,1581
20.5,5,13,9,1586
20.5,5,13,10,1590
20.5,5,13,11,1595
20.5,5,13,12,1600
20.5,5,13,13,1605
20.5,5,13,14,1610
20.5,5,13,15,1614
20.5,5,14,0,1546
20.5,5,14,1,1551
20.5,5,14,2,1556
20.5,5,14,3,1561
20.5,5,14,4,1566
20.5,5,14,5,1571
20.5,5,14,6,1576
20.5,5,14,7,1581
20.5,5,14,8,1586
20.5,5,14,9,1590
20.5,5,14,10,1595
20.5,5,14,11,1600
20.5,5,14,12,1605
20.5,5,14,13,1610
20.5,5,14,14,1615
20.5,5,14,15,1619
20.5,5,15,0,1551
20.5,5,15,1,1556
20.5,5,15,2,1561
20.5,5,15,3,1566
20.5,5,15,4,1571
20.5,5,15,5,1576
20.5,5,15,6,1581
20.5,5,15,7,1586
20.5,5,15,8,1590
20.5,5,15,9,1595
20.5,5,15,10,1600
20.5,5,15,11,1605
20.5,5,15,12,1610
20.5,5,15,13,1615
20.5,5,15,14,1619
20.5,5,15,15,1624
20.5,6,0,0,1484
20.5,6,0,1,1489
20.5,6,0,2,1493
20.5,6,0,3,1498
20.5,6,0,4,1503
20.5,6,0,5,1508
20.5,6,0,6,1512
20.5,6,0,7,1517
20.5,6,0,8,1522
20.5,6,0,9,1526
20.5,6,0,10,1531
20.5,6,0,11,1536
20.5,6,0,12,1540
20.5,6,0,13,1545
20.5,6,0,14,1549
20.5,6,0,15,1554
20.5,6,1,0,1489
20.5,6,1,1,1494
20.5,6,1,2,1498
20.5,6,1,3,1503
20.5,6,1,4,1508
20.5,6,1,5,1513
20.5,6,1,6,1517
20.5,6,1,7,1522
20.5,6,1,8,1527
20.5,6,1,9,1531
20.5,6,1,10,1536
20.5,6,1,11,1541
20.5,6,1,12,1545
20.5,6,1,13,1550
20.5,6,1,14,1555
20.5,6,1,15,1559
20.5,6,2,0,1494
20.5,6,2,1,1499
20.5,6,2,2,1503
20.5,6,2,3,1508
20.5,6,2,4,1513
20.5,6,2,5,1518
20.5,6,2,6,1522
20.5,6,2,7,1527
20.5,6,2,8,1532
20.5,6,2,9,1537
20.5,6,2,10,1541
20.5,6,2,11,1546
20.5,6,2,12,1551
20.5,6,2,13,1555
20.5,6,2,14,1560
20.5,6,2,15,1564
20.5,6,3,0,1499
20.5,6,3,1,1504
20.5,6,3,2,1508
20.5,6,3,3,1513
20.5,6,3,4,1518
20.5,6,3,5,1523
20.5,6,3,6,1527
20.5,6,3,7,1532
20.5,6,3,8,1537
20.5,6,3,9,1542
20.5,6,3,10,1546
20.5,6,3,11,1551
20.5,6,3,12,1556
20.5,6,3,13,1560
20.5,6,3,14,1565
20.5,6,3,15,1570
20.5,6,4,0,1504
20.5,6,4,1,1508
20.5,6,4,2,1513
20.5,6,4,3,1518
20.5,6,4,4,1523
20.5,6,4,5,1528
20.5,6,4,6,1532
20.5,6,4,7,1537
20.5,6,4,8,1542
20.5,6,4,9,1547
20.5,6,4,10,1551
20.5,6,4,11,1556
20.5,6,4,12,1561
20.5,6,4,13,1565
20.5,6,4,14,1570
20.5,6,4,15,1575
20.5,6,5,0,1509
20.5,6,5,1,1513
20.5,6,5,2,1518
20.5,6,5,3,1523
20.5,6,5,4,1528
20.5,6,5,5,1533
20.5,6,5,6,1537
20.5,6,5,7,1542
20.5,6,5,8,1547
20.5,6,5,9,1552
20.5,6,5,10,1556
20.5,6,5,11,1561
20.5,6,5,12,1566
20.5,6,5,13,1571
20.5,6,5,14,1575
20.5,6,5,15,1580
20.5,6,6,0,1513
20.5,6,6,1,1518
20.5,6,6,2,1523
20.5,6,6,3,1528
20.5,6,6,4,1533
20.5,6,6,5,1538
20.5,6,6,6,1542
20.5,6,6,7,1547
20.5,6,6,8,1552
20.5,6,6,9,1557
20.5,6,6,10,1561
20.5,6,6,11,1566
20.5,6,6,12,1571
20.5,6,6,13,1576
20.5,6,6,14,1580
20.5,6,6,15,1585
20.5,6,7,0,1518
20.5,6,7,1,1523
20.5,6,7,2,1528
20.5,6,7,3,1533
20.5,6,7,4,1538
20.5,6,7,5,1543
20.5,6,7,6,1547
20.5,6,7,7,1552
20.5,6,7,8,1557
20.5,6,7,9,1562
20.5,6,7,10,1567
20.5,6,7,11,1571
20.5,6,7,12,1576
20.5,6,7,13,1581
20.5,6,7,14,1585
20.5,6,7,15,1590
20.5,6,8,0,1523
20.5,6,8,1,1528
20.5,6,8,2,1533
20.5,6,8,3,1538
20.5,6,8,4,1543
20.5,6,8,5,1548
20.5,6,8,6,1552
20.5,6,8,7,1557
20.5,6,8,8,1562
20.5,6,8,9,1567
20.5,6,8,10,1572
20.5,6,8,11,1576
20.5,6,8,12,1581
20.5,6,8,13,1586
20.5,6,8,14,1590
20.5,6,8,15,1595
20.5,6,9,0,1528
20.5,6,9,1,1533
20.5,6,9,2,1538
20.5,6,9,3,1543
20.5,6,9,4,1548
20.5,6,9,5,1552
20.5,6,9,6,1557
20.5,6,9,7,1562
20.5,6,9,8,1567
20.5,6,9,9,1572
20.5,6,9,10,1577
20.5,6,9,11,1581
20.5,6,9,12,1586
20.5,6,9,13,1591
20.5,6,9,14,1596
20.5,6,9,15,1600
20.5,6,10,0,1533
20.5,6,10,1,1538
20.5,6,10,2,1543
20.5,6,10,3,1548
20.5,6,10,4,1552
20.5,6,10,5,1557
20.5,6,10,6,1562
20.5,6,10,7,1567
20.5,6,10,8,1572
20.5,6,10,9,1577
20.5,6,10,10,1582
20.5,6,10,11,1586
20.5,6,10,12,1591
20.5,6,10,13,1596
20.5,6,10,14,1601
20.5,6,10,15,1605
20.5,6,11,0,1538
20.5,6,11,1,1543
20.5,6,11,2,1548
20.5,6,11,3,1552
20.5,6,11,4,1557
20.5,6,11,5,1562
20.5,6,11,6,1567
20.5,6,11,7,1572
20.5,6,11,8,1577
20.5,6,11,9,1582
20.5,6,11,10,1586
20.5,6,11,11,1591
20.5,6,11,12,1596
20.5,6,11,13,1601
20.5,6,11,14,1606
20.5,6,11,15,1610
20.5,6,12,0,1542
20.5,6,12,1,1547
20.5,6,12,2,1552
20.5,6,12,3,1557
20.5,6,12,4,1562
20.5,6,12,5,1567
20.5,6,12,6,1572
20.5,6,12,7,1577
20.5,6,12,8,1582
20.5,6,12,9,1587
20.5,6,12,10,1591
20.5,6,12,11,1596
20.5,6,12,12,1601
20.5,6,12,13,1606
20.5,6,12,14,1611
20.5,6,12,15,1615
20.5,6,13,0,1547
20.5,6,13,1,1552
20.5,6,13,2,1557
20.5,6,13,3,1562
20.5,6,13,4,1567
20.5,6,13,5,1572
20.5,6,13,6,1577
20.5,6,13,7,1582
20.5,6,13,8,1587
20.5,6,13,9,1592
20.5,6,13,10,1596
20.5,6,13,11,1601
20.5,6,13,12,1606
20.5,6,13,13,1611
20.5,6,13,14,1616
20.5,6,13,15,1620
20.5,6,14,0,1552
20.5,6,14,1,1557
20.5,6,14,2,1562
20.5,6,14,3,1567
20.5,6,14,4,1572
20.5,6,14,5,1577
20.5,6,14,6,1582
20.5,6,14,7,1587
20.5,6,14,8,1592
20.5,6,14,9,1596
20.5,6,14,10,1601
20.5,6,14,11,1606
20.5,6,14,12,1611
20.5,6,14,13,1616
20.5,6,14,14,1621
20.5,6,14,15,1625
20.5,6,15,0,1557
20.5,6,15,1,1562
20.5,6,15,2,1567
20.5,6,15,3,1572
20.5,6,15,4,1577
20.5,6,15,5,1582
20.5,6,15,6,1587
20.5,6,15,7,1592
20.5,6,15,8,1596
20.5,6,15,9,1601
20.5,6,15,10,1606
20.5,6,15,11,1611
20.5,6,15,12,1616
20.5,6,15,13,1621
20.5,6,15,14,1626
20.5,6,15,15,1630
20.5,7,0,0,1489
20.5,7,0,1,1494
20.5,7,0,2,1499
20.5,7,0,3,1504
20.5,7,0,4,1508
20.5,7,0,5,1513
20.5,7,0,6,1518
20.5,7,0,7,1523
20.5,7,0,8,1527
20.5,7,0,9,1532
20.5,7,0,10,1537
20.5,7,0,11,1541
20.5,7,0,12,1546
20.5,7,0,13,1551
20.5,7,0,14,1555
20.5,7,0,15,1560
20.5,7,1,0,1494
20.5,7,1,1,1499
20.5,7,1,2,1504
20.5,7,1,3,1509
20.5,7,1,4,1514
20.5,7,1,5,1518
20.5,7,1,6,1523
20.5,7,1,7,1528
20.5,7,1,8,1532
20.5,7,1,9,1537
20.5,7,1,10,1542
20.5,7,1,11,1547
20.5,7,1,12,1551
20.5,7,1,13,1556
20.5,7,1,14,1560
20.5,7,1,15,1565
20.5,7,2,0,1499
20.5,7,2,1,1504
20.5,7,2,2,1509
20.5,7,2,3,1514
20.5,7,2,4,1519
20.5,7,2,5,1523
20.5,7,2,6,1528
20.5,7,2,7,1533
20.5,7,2,8,1538
20.5,7,2,9,1542
20.5,7,2,10,1547
20.5,7,2,11,1552
20.5,7,2,12,1556
20.5,7,2,13,1561
20.5,7,2,14,1566
20.5,7,2,15,1570
20.5,7,3,0,1504
20.5,7,3,1,1509
20.5,7,3,2,1514
20.5,7,3,3,1519
20.5,7,3,4,1524
20.5,7,3,5,1528
20.5,7,3,6,1533
20.5,7,3,7,1538
20.5,7,3,8,1543
20.5,7,3,9,1547
20.5,7,3,10,1552
20.5,7,3,11,1557
20.5,7,3,12,1561
20.5,7,3,13,1566
20.5,7,3,14,1571
20.5,7,3,15,1575
20.5,7,4,0,1509
20.5,7,4,1,1514
20.5,7,4,2,1519
20.5,7,4,3,1524
20.5,7,4,4,1529
20.5,7,4,5,1533
20.5,7,4,6,1538
20.5,7,4,7,1543
20.5,7,4,8,1548
20.5,7,4,9,1552
20.5,7,4,10,1557
20.5,7,4,11,1562
20.5,7,4,12,1567
20.5,7,4,13,1571
20.5,7,4,14,1576
20.5,7,4,15,1581
20.5,7,5,0,1514
20.5,7,5,1,1519
20.5,7,5,2,1524
20.5,7,5,3,1529
20.5,7,5,4,1534
20.5,7,5,5,1538
20.5,7,5,6,1543
20.5,7,5,7,1548
20.5,7,5,8,1553
20.5,7,5,9,1558
20.5,7,5,10,1562
20.5,7,5,11,1567
20.5,7,5,12,1572
20.5,7,5,13,1576
20.5,7,5,14,1581
20.5,7,5,15,1586
20.5,7,6,0,1519
20.5,7,6,1,1524
20.5,7,6,2,1529
20.5,7,6,3,1534
20.5,7,6,4,1539
20.5,7,6,5,1543
20.5,7,6,6,1548
20.5,7,6,7,1553
20.5,7,6,8,1558
20.5,7,6,9,1563
20.5,7,6,10,1567
20.5,7,6,11,1572
20.5,7,6,12,1577
20.5,7,6,13,1582
20.5,7,6,14,1586
20.5,7,6,15,1591
20.5,7,7,0,1524
20.5,7,7,1,1529
20.5,7,7,2,1534
20.5,7,7,3,1539
20.5,7,7,4,1544
20.5,7,7,5,1548
20.5,7,7,6,1553
20.5,7,7,7,1558
20.5,7,7,8,1563
20.5,7,7,9,1568
20.5,7,7,10,1572
20.5,7,7,11,1577
20.5,7,7,12,1582
20.5,7,7,13,1587
20.5,7,7,14,1591
20.5,7,7,15,1596
20.5,7,8,0,1529
20.5,7,8,1,1534
20.5,7,8,2,1539
20.5,7,8,3,1544
20.5,7,8,4,1548
20.5,7,8,5,1553
20.5,7,8,6,1558
20.5,7,8,7,1563
20.5,7,8,8,1568
20.5,7,8,9,1573
20.5,7,8,10,1577
20.5,7,8,11,1582
20.5,7,8,12,1587
20.5,7,8,13,1592
20.5,7,8,14,1596
20.5,7,8,15,1601
20.5,7,9,0,1534
20.5,7,9,1,1539
20.5,7,9,2,1544
20.5,7,9,3,1548
20.5,7,9,4,1553
20.5,7,9,5,1558
20.5,7,9,6,1563
20.5,7,9,7,1568
20.5,7,9,8,1573
20.5,7,9,9,1578
20.5,7,9,10,1582
20.5,7,9,11,1587
20.5,7,9,12,1592
20.5,7,9,13,1597
20.5,7,9,14,1602
20.5,7,9,15,1606
20.5,7,10,0,1539
20.5,7,10,1,1544
20.5,7,10,2,1548
20.5,7,10,3,1553
20.5,7,10,4,1558
20.5,7,10,5,1563
20.5,7,10,6,1568
20.5,7,10,7,1573
20.5,7,10,8,1578
20.5,7,10,9,1583
20.5,7,10,10,1587
20.5,7,10,11,1592
20.5,7,10,12,1597
20.5,7,10,13,1602
20.5,7,10,14,1607
20.5,7,10,15,1611
20.5,7,11,0,1543
20.5,7,11,1,1548
20.5,7,11,2,1553
20.5,7,11,3,1558
20.5,7,11,4,1563
20.5,7,11,5,1568
20.5,7,11,6,1573
20.5,7,11,7,1578
20.5,7,11,8,1583
20.5,7,11,9,1588
20.5,7,11,10,1592
20.5,7,11,11,1597
20.5,7,11,12,1602
20.5,7,11,13,1607
20.5,7,11,14,1612
20.5,7,11,15,1616
20.5,7,12,0,1548
20.5,7,12,1,1553
20.5,7,12,2,1558
20.5,7,12,3,1563
20.5,7,12,4,1568
20.5,7,12,5,1573
20.5,7,12,6,1578
20.5,7,12,7,1583
20.5,7,12,8,1588
20.5,7,12,9,1593
20.5,7,12,10,1597
20.5,7,12,11,1602
20.5,7,12,12,1607
20.5,7,12,13,1612
20.5,7,12,14,1617
20.5,7,12,15,1621
20.5,7,13,0,1553
20.5,7,13,1,1558
20.5,7,13,2,1563
20.5,7,13,3,1568
20.5,7,13,4,1573
20.5,7,13,5,1578
20.5,7,13,6,1583
20.5,7,13,7,1588
20.5,7,13,8,1593
20.5,7,13,9,1597
20.5,7,13,10,1602
20.5,7,13,11,1607
20.5,7,13,12,1612
20.5,7,13,13,1617
20.5,7,13,14,1622
20.5,7,13,15,1626
20.5,7,14,0,1558
20.5,7,14,1,1563
20.5,7,14,2,1568
20.5,7,14,3,1573
20.5,7,14,4,1578
20.5,7,14,5,1583
20.5,7,14,6,1588
20.5,7,14,7,1593
20.5,7,14,8,1598
20.5,7,14,9,1602
20.5,7,14,10,1607
20.5,7,14,11,1612
20.5,7,14,12,1617
20.5,7,14,13,1622
20.5,7,14,14,1627
20.5,7,14,15,1631
20.5,7,15,0,1563
20.5,7,15,1,1568
20.5,7,15,2,1573
20.5,7,15,3,1578
20.5,7,15,4,1583
20.5,7,15,5,1588
20.5,7,15,6,1593
20.5,7,15,7,1597
20.5,7,15,8,1602
20.5,7,15,9,1607
20.5,7,15,10,1612
20.5,7,15,11,1617
20.5,7,15,12,1622
20.5,7,15,13,1627
20.5,7,15,14,1632
20.5,7,15,15,1636
20.5,8,0,0,1495
20.5,8,0,1,1500
20.5,8,0,2,1505
20.5,8,0,3,1509
20.5,8,0,4,1514
20.5,8,0,5,1519
20.5,8,0,6,1524
20.5,8,0,7,1528
20.5,8,0,8,1533
20.5,8,0,9,1538
20.5,8,0,10,1542
20.5,8,0,11,1547
20.5,8,0,12,1552
20.5,8,0,13,1556
20.5,8,0,14,1561
20.5,8,0,15,1566
20.5,8,1,0,1500
20.5,8,1,1,1505
20.5,8,1,2,1510
20.5,8,1,3,1514
20.5,8,1,4,1519
20.5,8,1,5,1524
20.5,8,1,6,1529
20.5,8,1,7,1533
20.5,8,1,8,1538
20.5,8,1,9,1543
20.5,8,1,10,1548
20.5,8,1,11,1552
20.5,8,1,12,1557
20.5,8,1,13,1562
20.5,8,1,14,1566
20.5,8,1,15,1571
20.5,8,2,0,1505
20.5,8,2,1,1510
20.5,8,2,2,1515
20.5,8,2,3,1519
20.5,8,2,4,1524
20.5,8,2,5,1529
20.5,8,2,6,1534
20.5,8,2,7,1539
20.5,8,2,8,1543
20.5,8,2,9,1548
20.5,8,2,10,1553
20.5,8,2,11,1557
20.5,8,2,12,1562
20.5,8,2,13,1567
20.5,8,2,14,1571
20.5,8,2,15,1576
20.5,8,3,0,1510
20.5,8,3,1,1515
20.5,8,3,2,1520
20.5,8,3,3,1524
20.5,8,3,4,1529
20.5,8,3,5,1534
20.5,8,3,6,1539
20.5,8,3,7,1544
20.5,8,3,8,1548
20.5,8,3,9,1553
20.5,8,3,10,1558
20.5,8,3,11,1563
20.5,8,3,12,1567
20.5,8,3,13,1572
20.5,8,3,14,1577
20.5,8,3,15,1581
20.5,8,4,0,1515
20.5,8,4,1,1520
20.5,8,4,2,1525
20.5,8,4,3,1529
20.5,8,4,4,1534
20.5,8,4,5,1539
20.5,8,4,6,1544
20.5,8,4,7,1549
20.5,8,4,8,1553
20.5,8,4,9,1558
20.5,8,4,10,1563
20.5,8,4,11,1568
20.5,8,4,12,1572
20.5,8,4,13,1577
20.5,8,4,14,1582
20.5,8,4,15,1587
20.5,8,5,0,1520
20.5,8,5,1,1525
20.5,8,5,2,1530
20.5,8,5,3,1534
20.5,8,5,4,1539
20.5,8,5,5,1544
20.5,8,5,6,1549
20.5,8,5,7,1554
20.5,8,5,8,1559
20.5,8,5,9,1563
20.5,8,5,10,1568
20.5,8,5,11,1573
20.5,8,5,12,1578
20.5,8,5,13,1582
20.5,8,5,14,1587
20.5,8,5,15,1592
20.5,8,6,0,1525
20.5,8,6,1,1530
20.5,8,6,2,1535
20.5,8,6,3,1539
20.5,8,6,4,1544
20.5,8,6,5,1549
20.5,8,6,6,1554
20.5,8,6,7,1559
20.5,8,6,8,1564
20.5,8,6,9,1568
20.5,8,6,10,1573
20.5,8,6,11,1578
20.5,8,6,12,1583
20.5,8,6,13,1587
20.5,8,6,14,1592
20.5,8,6,15,1597
20.5,8,7,0,1530
20.5,8,7,1,1535
20.5,8,7,2,1540
20.5,8,7,3,1544
20.5,8,7,4,1549
20.5,8,7,5,1554
20.5,8,7,6,1559
20.5,8,7,7,1564
20.5,8,7,8,1569
20.5,8,7,9,1573
20.5,8,7,10,1578
20.5,8,7,11,1583
20.5,8,7,12,1588
20.5,8,7,13,1593
20.5,8,7,14,1597
20.5,8,7,15,1602
20.5,8,8,0,1535
20.5,8,8,1,1540
20.5,8,8,2,1544
20.5,8,8,3,1549
20.5,8,8,4,1554
20.5,8,8,5,1559
20.5,8,8,6,1564
20.5,8,8,7,1569
20.5,8,8,8,1574
20.5,8,8,9,1578
20.5,8,8,10,1583
20.5,8,8,11,1588
20.5,8,8,12,1593
20.5,8,8,13,1598
20.5,8,8,14,1602
20.5,8,8,15,1607
20.5,8,9,0,1539
20.5,8,9,1,1544
20.5,8,9,2,1549
20.5,8,9,3,1554
20.5,8,9,4,1559
20.5,8,9,5,1564
20.5,8,9,6,1569
20.5,8,9,7,1574
20.5,8,9,8,1579
20.5,8,9,9,1584
20.5,8,9,10,1588
20.5,8,9,11,1593
20.5,8,9,12,1598
20.5,8,9,13,1603
20.5,8,9,14,1607
20.5,8,9,15,1612
20.5,8,10,0,1544
20.5,8,10,1,1549
20.5,8,10,2,1554
20.5,8,10,3,1559
20.5,8,10,4,1564
20.5,8,10,5,1569
20.5,8,10,6,1574
20.5,8,10,7,1579
20.5,8,10,8,1584
20.5,8,10,9,1589
20.5,8,10,10,1593
20.5,8,10,11,1598
20.5,8,10,12,1603
20.5,8,10,13,1608
20.5,8,10,14,1613
20.5,8,10,15,1617
20.5,8,11,0,1549
20.5,8,11,1,1554
20.5,8,11,2,1559
20.5,8,11,3,1564
20.5,8,11,4,1569
20.5,8,11,5,1574
20.5,8,11,6,1579
20.5,8,11,7,1584
20.5,8,11,8,1589
20.5,8,11,9,1594
20.5,8,11,10,1598
20.5,8,11,11,1603
20.5,8,11,12,1608
20.5,8,11,13,1613
20.5,8,11,14,1618
20.5,8,11,15,1622
20.5,8,12,0,1554
20.5,8,12,1,1559
20.5,8,12,2,1564
20.5,8,12,3,1569
20.5,8,12,4,1574
20.5,8,12,5,1579
20.5,8,12,6,1584
20.5,8,12,7,1589
20.5,8,12,8,1594
20.5,8,12,9,1598
20.5,8,12,10,1603
20.5,8,12,11,1608
20.5,8,12,12,1613
20.5,8,12,13,1618
20.5,8,12,14,1623
20.5,8,12,15,1627
20.5,8,13,0,1559
20.5,8,13,1,1564
20.5,8,13,2,1569
20.5,8,13,3,1574
20.5,8,13,4,1579
20.5,8,13,5,1584
20.5,8,13,6,1589
20.5,8,13,7,1594
20.5,8,13,8,1599
20.5,8,13,9,1603
20.5,8,13,10,1608
20.5,8,13,11,1613
20.5,8,13,12,1618
20.5,8,13,13,1623
20.5,8,13,14,1628
20.5,8,13,15,1633
20.5,8,14,0,1564
20.5,8,14,1,1569
20.5,8,14,2,1574
20.5,8,14,3,1579
20.5,8,14,4,1584
20.5,8,14,5,1589
20.5,8,14,6,1594
20.5,8,14,7,1599
20.5,8,14,8,1603
20.5,8,14,9,1608
20.5,8,14,10,1613
20.5,8,14,11,1618
20.5,8,14,12,1623
20.5,8,14,13,1628
20.5,8,14,14,1633
20.5,8,14,15,1638
20.5,8,15,0,1568
20.5,8,15,1,1573
20.5,8,15,2,1578
20.5,8,15,3,1584
20.5,8,15,4,1589
20.5,8,15,5,1594
20.5,8,15,6,1598
20.5,8,15,7,1603
20.5,8,15,8,1608
20.5,8,15,9,1613
20.5,8,15,10,1618
20.5,8,15,11,1623
20.5,8,15,12,1628
20.5,8,15,13,1633
20.5,8,15,14,1638
20.5,8,15,15,1643
20.5,9,0,0,1500
20.5,9,0,1,1505
20.5,9,0,2,1510
20.5,9,0,3,1515
20.5,9,0,4,1520
20.5,9,0,5,1525
20.5,9,0,6,1529
20.5,9,0,7,1534
20.5,9,0,8,1539
20.5,9,0,9,1543
20.5,9,0,10,1548
20.5,9,0,11,1553
20.5,9,0,12,1558
20.5,9,0,13,1562
20.5,9,0,14,1567
20.5,9,0,15,1571
20.5,9,1,0,1506
20.5,9,1,1,1510
20.5,9,1,2,1515
20.5,9,1,3,1520
20.5,9,1,4,1525
20.5,9,1,5,1530
20.5,9,1,6,1534
20.5,9,1,7,1539
20.5,9,1,8,1544
20.5,9,1,9,1549
20.5,9,1,10,1553
20.5,9,1,11,1558
20.5,9,1,12,1563
20.5,9,1,13,1567
20.5,9,1,14,1572
20.5,9,1,15,1577
20.5,9,2,0,1511
20.5,9,2,1,1515
20.5,9,2,2,1520
20.5,9,2,3,1525
20.5,9,2,4,1530
20.5,9,2,5,1535
20.5,9,2,6,1540
20.5,9,2,7,1544
20.5,9,2,8,1549
20.5,9,2,9,1554
20.5,9,2,10,1559
20.5,9,2,11,1563
20.5,9,2,12,1568
20.5,9,2,13,1573
20.5,9,2,14,1577
20.5,9,2,15,1582
20.5,9,3,0,1516
20.5,9,3,1,1520
20.5,9,3,2,1525
20.5,9,3,3,1530
20.5,9,3,4,1535
20.5,9,3,5,1540
20.5,9,3,6,1545
20.5,9,3,7,1549
20.5,9,3,8,1554
20.5,9,3,9,1559
20.5,9,3,10,1564
20.5,9,3,11,1568
20.5,9,3,12,1573
20.5,9,3,13,1578
20.5,9,3,14,1583
20.5,9,3,15,1587
20.5,9,4,0,1521
20.5,9,4,1,1525
20.5,9,4,2,1530
20.5,9,4,3,1535
20.5,9,4,4,1540
20.5,9,4,5,1545
20.5,9,4,6,1550
20.5,9,4,7,1554
20.5,9,4,8,1559
20.5,9,4,9,1564
20.5,9,4,10,1569
20.5,9,4,11,1574
20.5,9,4,12,1578
20.5,9,4,13,1583
20.5,9,4,14,1588
20.5,9,4,15,1592
20.5,9,5,0,1525
20.5,9,5,1,1530
20.5,9,5,2,1535
20.5,9,5,3,1540
20.5,9,5,4,1545
20.5,9,5,5,1550
20.5,9,5,6,1555
20.5,9,5,7,1560
20.5,9,5,8,1564
20.5,9,5,9,1569
20.5,9,5,10,1574
20.5,9,5,11,1579
20.5,9,5,12,1583
20.5,9,5,13,1588
20.5,9,5,14,1593
20.5,9,5,15,1598
20.5,9,6,0,1530
20.5,9,6,1,1535
20.5,9,6,2,1540
20.5,9,6,3,1545
20.5,9,6,4,1550
20.5,9,6,5,1555
20.5,9,6,6,1560
20.5,9,6,7,1565
20.5,9,6,8,1569
20.5,9,6,9,1574
20.5,9,6,10,1579
20.5,9,6,11,1584
20.5,9,6,12,1589
20.5,9,6,13,1593
20.5,9,6,14,1598
20.5,9,6,15,1603
20.5,9,7,0,1535
20.5,9,7,1,1540
20.5,9,7,2,1545
20.5,9,7,3,1550
20.5,9,7,4,1555
20.5,9,7,5,1560
20.5,9,7,6,1565
20.5,9,7,7,1570
20.5,9,7,8,1574
20.5,9,7,9,1579
20.5,9,7,10,1584
20.5,9,7,11,1589
20.5,9,7,12,1594
20.5,9,7,13,1598
20.5,9,7,14,1603
20.5,9,7,15,1608
20.5,9,8,0,1540
20.5,9,8,1,1545
20.5,9,8,2,1550
20.5,9,8,3,1555
20.5,9,8,4,1560
20.5,9,8,5,1565
20.5,9,8,6,1570
20.5,9,8,7,1575
20.5,9,8,8,1580
20.5,9,8,9,1584
20.5,9,8,10,1589
20.5,9,8,11,1594
20.5,9,8,12,1599
20.5,9,8,13,1604
20.5,9,8,14,1608
20.5,9,8,15,1613
20.5,9,9,0,1545
20.5,9,9,1,1550
20.5,9,9,2,1555
20.5,9,9,3,1560
20.5,9,9,4,1565
20.5,9,9,5,1570
20.5,9,9,6,1575
20.5,9,9,7,1580
20.5,9,9,8,1585
20.5,9,9,9,1589
20.5,9,9,10,1594
20.5,9,9,11,1599
20.5,9,9,12,1604
20.5,9,9,13,1609
20.5,9,9,14,1613
20.5,9,9,15,1618
20.5,9,10,0,1550
20.5,9,10,1,1555
20.5,9,10,2,1560
20.5,9,10,3,1565
20.5,9,10,4,1570
20.5,9,10,5,1575
20.5,9,10,6,1580
20.5,9,10,7,1585
20.5,9,10,8,1590
20.5,9,10,9,1594
20.5,9,10,10,1599
20.5,9,10,11,1604
20.5,9,10,12,1609
20.5,9,10,13,1614
20.5,9,10,14,1619
20.5,9,10,15,1623
20.5,9,11,0,1555
20.5,9,11,1,1560
20.5,9,11,2,1565
20.5,9,11,3,1570
20.5,9,11,4,1575
20.5,9,11,5,1580
20.5,9,11,6,1585
20.5,9,11,7,1590
20.5,9,11,8,1595
20.5,9,11,9,1599
20.5,9,11,10,1604
20.5,9,11,11,1609
20.5,9,11,12,1614
20.5,9,11,13,1619
20.5,9,11,14,1624
20.5,9,11,15,1628
20.5,9,12,0,1560
20.5,9,12,1,1565
20.5,9,12,2,1570
20.5,9,12,3,1575
20.5,9,12,4,1580
20.5,9,12,5,1585
20.5,9,12,6,1590
20.5,9,12,7,1595
20.5,9,12,8,1600
20.5,9,12,9,1604
20.5,9,12,10,1609
20.5,9,12,11,1614
20.5,9,12,12,1619
20.5,9,12,13,1624
20.5,9,12,14,1629
20.5,9,12,15,1634
20.5,9,13,0,1565
20.5,9,13,1,1570
20.5,9,13,2,1575
20.5,9,13,3,1580
20.5,9,13,4,1585
20.5,9,13,5,1590
20.5,9,13,6,1595
20.5,9,13,7,1600
20.5,9,13,8,1604
20.5,9,13,9,1609
20.5,9,13,10,1614
20.5,9,13,11,1619
20.5,9,13,12,1624
20.5,9,13,13,1629
20.5,9,13,14,1634
20.5,9,13,15,1639
20.5,9,14,0,1569
20.5,9,14,1,1574
20.5,9,14,2,1580
20.5,9,14,3,1585
20.5,9,14,4,1590
20.5,9,14,5,1595
20.5,9,14,6,1600
20.5,9,14,7,1604
20.5,9,14,8,1609
20.5,9,14,9,1614
20.5,9,14,10,1619
20.5,9,14,11,1624
20.5,9,14,12,1629
20.5,9,14,13,1634
20.5,9,14,14,1639
20.5,9,14,15,1644
20.5,9,15,0,1574
20.5,9,15,1,1579
20.5,9,15,2,1584
20.5,9,15,3,1589
20.5,9,15,4,1594
20.5,9,15,5,1599
20.5,9,15,6,1604
20.5,9,15,7,1609
20.5,9,15,8,1614
20.5,9,15,9,1619
20.5,9,15,10,1624
20.5,9,15,11,1629
20.5,9,15,12,1634
20.5,9,15,13,1639
20.5,9,15,14,1644
20.5,9,15,15,1649
20.5,10,0,0,1506
20.5,10,0,1,1511
20.5,10,0,2,1516
20.5,10,0,3,1521
20.5,10,0,4,1525
20.5,10,0,5,1530
20.5,10,0,6,1535
20.5,10,0,7,1540
20.5,10,0,8,1544
20.5,10,0,9,1549
20.5,10,0,10,1554
20.5,10,0,11,1559
20.5,10,0,12,1563
20.5,10,0,13,1568
20.5,10,0,14,1573
20.5,10,0,15,1577
20.5,10,1,0,1511
20.5,10,1,1,1516
20.5,10,1,2,1521
20.5,10,1,3,1526
20.5,10,1,4,1530
20.5,10,1,5,1535
20.5,10,1,6,1540
20.5,10,1,7,1545
20.5,10,1,8,1550
20.5,10,1,9,1554
20.5,10,1,10,1559
20.5,10,1,11,1564
20.5,10,1,12,1569
20.5,10,1,13,1573
20.5,10,1,14,1578
20.5,10,1,15,1583
20.5,10,2,0,1516
20.5,10,2,1,1521
20.5,10,2,2,1526
20.5,10,2,3,1531
20.5,10,2,4,1536
20.5,10,2,5,1540
20.5,10,2,6,1545
20.5,10,2,7,1550
20.5,10,2,8,1555
20.5,10,2,9,1560
20.5,10,2,10,1564
20.5,10,2,11,1569
20.5,10,2,12,1574
20.5,10,2,13,1578
20.5,10,2,14,1583
20.5,10,2,15,1588
20.5,10,3,0,1521
20.5,10,3,1,1526
20.5,10,3,2,1531
20.5,10,3,3,1536
20.5,10,3,4,1541
20.5,10,3,5,1545
20.5,10,3,6,1550
20.5,10,3,7,1555
20.5,10,3,8,1560
20.5,10,3,9,1565
20.5,10,3,10,1569
20.5,10,3,11,1574
20.5,10,3,12,1579
20.5,10,3,13,1584
20.5,10,3,14,1588
20.5,10,3,15,1593
20.5,10,4,0,1526
20.5,10,4,1,1531
20.5,10,4,2,1536
20.5,10,4,3,1541
20.5,10,4,4,1546
20.5,10,4,5,1551
20.5,10,4,6,1555
20.5,10,4,7,1560
20.5,10,4,8,1565
20.5,10,4,9,1570
20.5,10,4,10,1575
20.5,10,4,11,1579
20.5,10,4,12,1584
20.5,10,4,13,1589
20.5,10,4,14,1594
20.5,10,4,15,1598
20.5,10,5,0,1531
20.5,10,5,1,1536
20.5,10,5,2,1541
20.5,10,5,3,1546
20.5,10,5,4,1551
20.5,10,5,5,1556
20.5,10,5,6,1560
20.5,10,5,7,1565
20.5,10,5,8,1570
20.5,10,5,9,1575
20.5,10,5,10,1580
20.5,10,5,11,1585
20.5,10,5,12,1589
20.5,10,5,13,1594
20.5,10,5,14,1599
20.5,10,5,15,1604
20.5,10,6,0,1536
20.5,10,6,1,1541
20.5,10,6,2,1546
20.5,10,6,3,1551
20.5,10,6,4,1556
20.5,10,6,5,1561
20.5,10,6,6,1566
20.5,10,6,7,1570
20.5,10,6,8,1575
20.5,10,6,9,1580
20.5,10,6,10,1585
20.5,10,6,11,1590
20.5,10,6,12,1594
20.5,10,6,13,1599
20.5,10,6,14,1604
20.5,10,6,15,1609
20.5,10,7,0,1541
20.5,10,7,1,1546
20.5,10,7,2,1551
20.5,10,7,3,1556
20.5,10,7,4,1561
20.5,10,7,5,1566
20.5,10,7,6,1571
20.5,10,7,7,1575
20.5,10,7,8,1580
20.5,10,7,9,1585
20.5,10,7,10,1590
20.5,10,7,11,1595
20.5,10,7,12,1600
20.5,10,7,13,1604
20.5,10,7,14,1609
20.5,10,7,15,1614
20.5,10,8,0,1546
20.5,10,8,1,1551
20.5,10,8,2,1556
20.5,10,8,3,1561
20.5,10,8,4,1566
20.5,10,8,5,1571
20.5,10,8,6,1576
20.5,10,8,7,1581
20.5,10,8,8,1585
20.5,10,8,9,1590
20.5,10,8,10,1595
20.5,10,8,11,1600
20.5,10,8,12,1605
20.5,10,8,13,1610
20.5,10,8,14,1614
20.5,10,8,15,1619
20.5,10,9,0,1551
20.5,10,9,1,1556
20.5,10,9,2,1561
20.5,10,9,3,1566
20.5,10,9,4,1571
20.5,10,9,5,1576
20.5,10,9,6,1581
20.5,10,9,7,1586
20.5,10,9,8,1590
20.5,10,9,9,1595
20.5,10,9,10,1600
20.5,10,9,11,1605
20.5,10,9,12,1610
20.5,10,9,13,1615
20.5,10,9,14,1619
20.5,10,9,15,1624
20.5,10,10,0,1556
20.5,10,10,1,1561
20.5,10,10,2,1566
20.5,10,10,3,1571
20.5,10,10,4,1576
20.5,10,10,5,1581
20.5,10,10,6,1586
20.5,10,10,7,1591
20.5,10,10,8,1595
20.5,10,10,9,1600
20.5,10,10,10,1605
20.5,10,10,11,1610
20.5,10,10,12,1615
20.5,10,10,13,1620
20.5,10,10,14,1625
20.5,10,10,15,1629
20.5,10,11,0,1561
20.5,10,11,1,1566
20.5,10,11,2,1571
20.5,10,11,3,1576
20.5,10,11,4,1581
20.5,10,11,5,1586
20.5,10,11,6,1591
20.5,10,11,7,1596
20.5,10,11,8,1600
20.5,10,11,9,1605
20.5,10,11,10,1610
20.5,10,11,11,1615
20.5,10,11,12,1620
20.5,10,11,13,1625
20.5,10,11,14,1630
20.5,10,11,15,1634
20.5,10,12,0,1566
20.5,10,12,1,1571
20.5,10,12,2,1576
20.5,10,12,3,1581
20.5,10,12,4,1586
20.5,10,12,5,1591
20.5,10,12,6,1596
20.5,10,12,7,1601
20.5,10,12,8,1605
20.5,10,12,9,1610
20.5,10,12,10,1615
20.5,10,12,11,1620
20.5,10,12,12,1625
20.5,10,12,13,1630
20.5,10,12,14,1635
20.5,10,12,15,1640
20.5,10,13,0,1570
20.5,10,13,1,1575
20.5,10,13,2,1581
20.5,10,13,3,1586
20.5,10,13,4,1591
20.5,10,13,5,1596
20.5,10,13,6,1601
20.5,10,13,7,1605
20.5,10,13,8,1610
20.5,10,13,9,1615
20.5,10,13,10,1620
20.5,10,13,11,1625
20.5,10,13,12,1630
20.5,10,13,13,1635
20.5,10,13,14,1640
20.5,10,13,15,1645
20.5,10,14,0,1575
20.5,10,14,1,1580
20.5,10,14,2,1585
20.5,10,14,3,1590
20.5,10,14,4,1595
20.5,10,14,5,1600
20.5,10,14,6,1605
20.5,10,14,7,1610
20.5,10,14,8,1615
20.5,10,14,9,1620
20.5,10,14,10,1625
20.5,10,14,11,1630
20.5,10,14,12,1635
20.5,10,14,13,1640
20.5,10,14,14,1645
20.5,10,14,15,1650
20.5,10,15,0,1580
20.5,10,15,1,1585
20.5,10,15,2,1590
20.5,10,15,3,1595
20.5,10,15,4,1600
20.5,10,15,5,1605
20.5,10,15,6,1610
20.5,10,15,7,1615
20.5,10,15,8,1620
20.5,10,15,9,1625
20.5,10,15,10,1630
20.5,10,15,11,1635
20.5,10,15,12,1640
20.5,10,15,13,1645
20.5,10,15,14,1650
20.5,10,15,15,1655
20.5,11,0,0,1512
20.5,11,0,1,1516
20.5,11,0,2,1521
20.5,11,0,3,1526
20.5,11,0,4,1531
20.5,11,0,5,1536
20.5,11,0,6,1541
20.5,11,0,7,1545
20.5,11,0,8,1550
20.5,11,0,9,1555
20.5,11,0,10,1560
20.5,11,0,11,1564
20.5,11,0,12,1569
20.5,11,0,13,1574
20.5,11,0,14,1578
20.5,11,0,15,1583
20.5,11,1,0,1517
20.5,11,1,1,1522
20.5,11,1,2,1526
20.5,11,1,3,1531
20.5,11,1,4,1536
20.5,11,1,5,1541
20.5,11,1,6,1546
20.5,11,1,7,1551
20.5,11,1,8,1555
20.5,11,1,9,1560
20.5,11,1,10,1565
20.5,11,1,11,1570
20.5,11,1,12,1574
20.5,11,1,13,1579
20.5,11,1,14,1584
20.5,11,1,15,1588
20.5,11,2,0,1522
20.5,11,2,1,1527
20.5,11,2,2,1532
20.5,11,2,3,1536
20.5,11,2,4,1541
20.5,11,2,5,1546
20.5,11,2,6,1551
20.5,11,2,7,1556
20.5,11,2,8,1561
20.5,11,2,9,1565
20.5,11,2,10,1570
20.5,11,2,11,1575
20.5,11,2,12,1580
20.5,11,2,13,1584
20.5,11,2,14,1589
20.5,11,2,15,1594
20.5,11,3,0,1527
20.5,11,3,1,1532
20.5,11,3,2,1537
20.5,11,3,3,1541
20.5,11,3,4,1546
20.5,11,3,5,1551
20.5,11,3,6,1556
20.5,11,3,7,1561
20.5,11,3,8,1566
20.5,11,3,9,1570
20.5,11,3,10,1575
20.5,11,3,11,1580
20.5,11,3,12,1585
20.5,11,3,13,1590
20.5,11,3,14,1594
20.5,11,3,15,1599
20.5,11,4,0,1532
20.5,11,4,1,1537
20.5,11,4,2,1542
20.5,11,4,3,1547
20.5,11,4,4,1551
20.5,11,4,5,1556
20.5,11,4,6,1561
20.5,11,4,7,1566
20.5,11,4,8,1571
20.5,11,4,9,1576
20.5,11,4,10,1580
20.5,11,4,11,1585
20.5,11,4,12,1590
20.5,11,4,13,1595
20.5,11,4,14,1599
20.5,11,4,15,1604
20.5,11,5,0,1537
20.5,11,5,1,1542
20.5,11,5,2,1547
20.5,11,5,3,1552
20.5,11,5,4,1556
20.5,11,5,5,1561
20.5,11,5,6,1566
20.5,11,5,7,1571
20.5,11,5,8,1576
20.5,11,5,9,1581
20.5,11,5,10,1586
20.5,11,5,11,1590
20.5,11,5,12,1595
20.5,11,5,13,1600
20.5,11,5,14,1605
20.5,11,5,15,1609
20.5,11,6,0,1542
20.5,11,6,1,1547
20.5,11,6,2,1552
20.5,11,6,3,1557
20.5,11,6,4,1562
20.5,11,6,5,1566
20.5,11,6,6,1571
20.5,11,6,7,1576
20.5,11,6,8,1581
20.5,11,6,9,1586
20.5,11,6,10,1591
20.5,11,6,11,1596
20.5,11,6,12,1600
20.5,11,6,13,1605
20.5,11,6,14,1610
20.5,11,6,15,1615
20.5,11,7,0,1547
20.5,11,7,1,1552
20.5,11,7,2,1557
20.5,11,7,3,1562
20.5,11,7,4,1567
20.5,11,7,5,1571
20.5,11,7,6,1576
20.5,11,7,7,1581
20.5,11,7,8,1586
20.5,11,7,9,1591
20.5,11,7,10,1596
20.5,11,7,11,1601
20.5,11,7,12,1606
20.5,11,7,13,1610
20.5,11,7,14,1615
20.5,11,7,15,1620
20.5,11,8,0,1552
20.5,11,8,1,1557
20.5,11,8,2,1562
20.5,11,8,3,1567
20.5,11,8,4,1572
20.5,11,8,5,1577
20.5,11,8,6,1581
20.5,11,8,7,1586
20.5,11,8,8,1591
20.5,11,8,9,1596
20.5,11,8,10,1601
20.5,11,8,11,1606
20.5,11,8,12,1611
20.5,11,8,13,1615
20.5,11,8,14,1620
20.5,11,8,15,1625
20.5,11,9,0,1557
20.5,11,9,1,1562
20.5,11,9,2,1567
20.5,11,9,3,1572
20.5,11,9,4,1577
20.5,11,9,5,1582
20.5,11,9,6,1586
20.5,11,9,7,1591
20.5,11,9,8,1596
20.5,11,9,9,1601
20.5,11,9,10,1606
20.5,11,9,11,1611
20.5,11,9,12,1616
20.5,11,9,13,1621
20.5,11,9,14,1625
20.5,11,9,15,1630
20.5,11,10,0,1562
20.5,11,10,1,1567
20.5,11,10,2,1572
20.5,11,10,3,1577
20.5,11,10,4,1582
20.5,11,10,5,1587
20.5,11,10,6,1591
20.5,11,10,7,1596
20.5,11,10,8,1601
20.5,11,10,9,1606
20.5,11,10,10,1611
20.5,11,10,11,1616
20.5,11,10,12,1621
20.5,11,10,13,1626
20.5,11,10,14,1631
20.5,11,10,15,1635
20.5,11,11,0,1566
20.5,11,11,1,1571
20.5,11,11,2,1577
20.5,11,11,3,1582
20.5,11,11,4,1587
20.5,11,11,5,1592
20.5,11,11,6,1596
20.5,11,11,7,1601
20.5,11,11,8,1606
20.5,11,11,9,1611
20.5,11,11,10,1616
20.5,11,11,11,1621
20.5,11,11,12,1626
20.5,11,11,13,1631
20.5,11,11,14,1636
20.5,11,11,15,1641
20.5,11,12,0,1571
20.5,11,12,1,1576
20.5,11,12,2,1581
20.5,11,12,3,1586
20.5,11,12,4,1591
20.5,11,12,5,1596
20.5,11,12,6,1601
20.5,11,12,7,1606
20.5,11,12,8,1611
20.5,11,12,9,1616
20.5,11,12,10,1621
20.5,11,12,11,1626
20.5,11,12,12,1631
20.5,11,12,13,1636
20.5,11,12,14,1641
20.5,11,12,15,1646
20.5,11,13,0,1576
20.5,11,13,1,1581
20.5,11,13,2,1586
20.5,11,13,3,1591
20.5,11,13,4,1596
20.5,11,13,5,1601
20.5,11,13,6,1606
20.5,11,13,7,1611
20.5,11,13,8,1616
20.5,11,13,9,1621
20.5,11,13,10,1626
20.5,11,13,11,1631
20.5,11,13,12,1636
20.5,11,13,13,1641
20.5,11,13,14,1646
20.5,11,13,15,1651
20.5,11,14,0,1581
20.5,11,14,1,1586
20.5,11,14,2,1591
20.5,11,14,3,1596
20.5,11,14,4,1601
20.5,11,14,5,1606
20.5,11,14,6,1611
20.5,11,14,7,1616
20.5,11,14,8,1621
20.5,11,14,9,1626
20.5,11,14,10,1631
20.5,11,14,11,1636
20.5,11,14,12,1641
20.5,11,14,13,1646
20.5,11,14,14,1651
20.5,11,14,15,1656
20.5,11,15,0,1586
20.5,11,15,1,1591
20.5,11,15,2,1596
20.5,11,15,3,1601
20.5,11,15,4,1606
20.5,11,15,5,1611
20.5,11,15,6,1616
20.5,11,15,7,1621
20.5,11,15,8,1626
20.5,11,15,9,1631
20.5,11,15,10,1636
20.5,11,15,11,1641
20.5,11,15,12,1646
20.5,11,15,13,1651
20.5,11,15,14,1656
20.5,11,15,15,1661
20.5,12,0,0,1517
20.5,12,0,1,1522
20.5,12,0,2,1527
20.5,12,0,3,1532
20.5,12,0,4,1537
20.5,12,0,5,1541
20.5,12,0,6,1546
20.5,12,0,7,1551
20.5,12,0,8,1556
20.5,12,0,9,1561
20.5,12,0,10,1565
20.5,12,0,11,1570
20.5,12,0,12,1575
20.5,12,0,13,1580
20.5,12,0,14,1584
20.5,12,0,15,1589
20.5,12,1,0,1522
20.5,12,1,1,1527
20.5,12,1,2,1532
20.5,12,1,3,1537
20.5,12,1,4,1542
20.5,12,1,5,1547
20.5,12,1,6,1551
20.5,12,1,7,1556
20.5,12,1,8,1561
20.5,12,1,9,1566
20.5,12,1,10,1571
20.5,12,1,11,1575
20.5,12,1,12,1580
20.5,12,1,13,1585
20.5,12,1,14,1590
20.5,12,1,15,1594
20.5,12,2,0,1527
20.5,12,2,1,1532
20.5,12,2,2,1537
20.5,12,2,3,1542
20.5,12,2,4,1547
20.5,12,2,5,1552
20.5,12,2,6,1557
20.5,12,2,7,1561
20.5,12,2,8,1566
20.5,12,2,9,1571
20.5,12,2,10,1576
20.5,12,2,11,1581
20.5,12,2,12,1585
20.5,12,2,13,1590
20.5,12,2,14,1595
20.5,12,2,15,1600
20.5,12,3,0,1532
20.5,12,3,1,1537
20.5,12,3,2,1542
20.5,12,3,3,1547
20.5,12,3,4,1552
20.5,12,3,5,1557
20.5,12,3,6,1562
20.5,12,3,7,1567
20.5,12,3,8,1571
20.5,12,3,9,1576
20.5,12,3,10,1581
20.5,12,3,11,1586
20.5,12,3,12,1591
20.5,12,3,13,1595
20.5,12,3,14,1600
20.5,12,3,15,1605
20.5,12,4,0,1537
20.5,12,4,1,1542
20.5,12,4,2,1547
20.5,12,4,3,1552
20.5,12,4,4,1557
20.5,12,4,5,1562
20.5,12,4,6,1567
20.5,12,4,7,1572
20.5,12,4,8,1577
20.5,12,4,9,1581
20.5,12,4,10,1586
20.5,12,4,11,1591
20.5,12,4,12,1596
20.5,12,4,13,1601
20.5,12,4,14,1605
20.5,12,4,15,1610
20.5,12,5,0,1542
20.5,12,5,1,1547
20.5,12,5,2,1552
20.5,12,5,3,1557
20.5,12,5,4,1562
20.5,12,5,5,1567
20.5,12,5,6,1572
20.5,12,5,7,1577
20.5,12,5,8,1582
20.5,12,5,9,1587
20.5,12,5,10,1591
20.5,12,5,11,1596
20.5,12,5,12,1601
20.5,12,5,13,1606
20.5,12,5,14,1611
20.5,12,5,15,1615
20.5,12,6,0,1547
20.5,12,6,1,1552
20.5,12,6,2,1557
20.5,12,6,3,1562
20.5,12,6,4,1567
20.5,12,6,5,1572
20.5,12,6,6,1577
20.5,12,6,7,1582
20.5,12,6,8,1587
20.5,12,6,9,1592
20.5,12,6,10,1597
20.5,12,6,11,1601
20.5,12,6,12,1606
20.5,12,6,13,1611
20.5,12,6,14,1616
20.5,12,6,15,1621
20.5,12,7,0,1552
20.5,12,7,1,1557
20.5,12,7,2,1562
20.5,12,7,3,1567
20.5,12,7,4,1572
20.5,12,7,5,1577
20.5,12,7,6,1582
20.5,12,7,7,1587
20.5,12,7,8,1592
20.5,12,7,9,1597
20.5,12,7,10,1602
20.5,12,7,11,1607
20.5,12,7,12,1611
20.5,12,7,13,1616
20.5,12,7,14,1621
20.5,12,7,15,1626
20.5,12,8,0,1557
20.5,12,8,1,1562
20.5,12,8,2,1567
20.5,12,8,3,1572
20.5,12,8,4,1577
20.5,12,8,5,1582
20.5,12,8,6,1587
20.5,12,8,7,1592
20.5,12,8,8,1597
20.5,12,8,9,1602
20.5,12,8,10,1607
20.5,12,8,11,1612
20.5,12,8,12,1617
20.5,12,8,13,1621
20.5,12,8,14,1626
20.5,12,8,15,1631
20.5,12,9,0,1562
20.5,12,9,1,1567
20.5,12,9,2,1572
20.5,12,9,3,1577
20.5,12,9,4,1582
20.5,12,9,5,1587
20.5,12,9,6,1592
20.5,12,9,7,1597
20.5,12,9,8,1602
20.5,12,9,9,1607
20.5,12,9,10,1612
20.5,12,9,11,1617
20.5,12,9,12,1622
20.5,12,9,13,1627
20.5,12,9,14,1631
20.5,12,9,15,1636
20.5,12,10,0,1567
20.5,12,10,1,1572
20.5,12,10,2,1577
20.5,12,10,3,1582
20.5,12,10,4,1587
20.5,12,10,5,1592
20.5,12,10,6,1597
20.5,12,10,7,1602
20.5,12,10,8,1607
20.5,12,10,9,1612
20.5,12,10,10,1617
20.5,12,10,11,1622
20.5,12,10,12,1627
20.5,12,10,13,1632
20.5,12,10,14,1637
20.5,12,10,15,1641
20.5,12,11,0,1572
20.5,12,11,1,1577
20.5,12,11,2,1582
20.5,12,11,3,1587
20.5,12,11,4,1592
20.5,12,11,5,1597
20.5,12,11,6,1602
20.5,12,11,7,1607
20.5,12,11,8,1612
20.5,12,11,9,1617
20.5,12,11,10,1622
20.5,12,11,11,1627
20.5,12,11,12,1632
20.5,12,11,13,1637
20.5,12,11,14,1642
20.5,12,11,15,1647
20.5,12,12,0,1577
20.5,12,12,1,1582
20.5,12,12,2,1587
20.5,12,12,3,1592
20.5,12,12,4,1597
20.5,12,12,5,1602
20.5,12,12,6,1607
20.5,12,12,7,1612
20.5,12,12,8,1617
20.5,12,12,9,1622
20.5,12,12,10,1627
20.5,12,12,11,1632
20.5,12,12,12,1637
20.5,12,12,13,1642
20.5,12,12,14,1647
20.5,12,12,15,1652
20.5,12,13,0,1582
20.5,12,13,1,1587
20.5,12,13,2,1592
20.5,12,13,3,1597
20.5,12,13,4,1602
20.5,12,13,5,1607
20.5,12,13,6,1612
20.5,12,13,7,1617
20.5,12,13,8,1622
20.5,12,13,9,1627
20.5,12,13,10,1632
20.5,12,13,11,1637
20.5,12,13,12,1642
20.5,12,13,13,1647
20.5,12,13,14,1652
20.5,12,13,15,1657
20.5,12,14,0,1587
20.5,12,14,1,1592
20.5,12,14,2,1597
20.5,12,14,3,1602
20.5,12,14,4,1607
20.5,12,14,5,1612
20.5,12,14,6,1617
20.5,12,14,7,1622
20.5,12,14,8,1627
20.5,12,14,9,1632
20.5,12,14,10,1637
20.5,12,14,11,1642
20.5,12,14,12,1647
20.5,12,14,13,1652
20.5,12,14,14,1657
20.5,12,14,15,1662
20.5,12,15,0,1592
20.5,12,15,1,1597
20.5,12,15,2,1602
20.5,12,15,3,1607
20.5,12,15,4,1612
20.5,12,15,5,1617
20.5,12,15,6,1622
20.5,12,15,7,1627
20.5,12,15,8,1632
20.5,12,15,9,1637
20.5,12,15,10,1642
20.5,12,15,11,1647
20.5,12,15,12,1652
20.5,12,15,13,1657
20.5,12,15,14,1662
20.5,12,15,15,1667
20.5,13,0,0,1523
20.5,13,0,1,1528
20.5,13,0,2,1533
20.5,13,0,3,1537
20.5,13,0,4,1542
20.5,13,0,5,1547
20.5,13,0,6,1552
20.5,13,0,7,1557
20.5,13,0,8,1562
20.5,13,0,9,1566
20.5,13,0,10,1571
20.5,13,0,11,1576
20.5,13,0,12,1581
20.5,13,0,13,1585
20.5,13,0,14,1590
20.5,13,0,15,1595
20.5,13,1,0,1528
20.5,13,1,1,1533
20.5,13,1,2,1538
20.5,13,1,3,1543
20.5,13,1,4,1547
20.5,13,1,5,1552
20.5,13,1,6,1557
20.5,13,1,7,1562
20.5,13,1,8,1567
20.5,13,1,9,1572
20.5,13,1,10,1576
20.5,13,1,11,1581
20.5,13,1,12,1586
20.5,13,1,13,1591
20.5,13,1,14,1595
20.5,13,1,15,1600
20.5,13,2,0,1533
20.5,13,2,1,1538
20.5,13,2,2,1543
20.5,13,2,3,1548
20.5,13,2,4,1553
20.5,13,2,5,1557
20.5,13,2,6,1562
20.5,13,2,7,1567
20.5,13,2,8,1572
20.5,13,2,9,1577
20.5,13,2,10,1582
20.5,13,2,11,1586
20.5,13,2,12,1591
20.5,13,2,13,1596
20.5,13,2,14,1601
20.5,13,2,15,1605
20.5,13,3,0,1538
20.5,13,3,1,1543
20.5,13,3,2,1548
20.5,13,3,3,1553
20.5,13,3,4,1558
20.5,13,3,5,1563
20.5,13,3,6,1567
20.5,13,3,7,1572
20.5,13,3,8,1577
20.5,13,3,9,1582
20.5,13,3,10,1587
20.5,13,3,11,1592
20.5,13,3,12,1596
20.5,13,3,13,1601
20.5,13,3,14,1606
20.5,13,3,15,1611
20.5,13,4,0,1543
20.5,13,4,1,1548
20.5,13,4,2,1553
20.5,13,4,3,1558
20.5,13,4,4,1563
20.5,13,4,5,1568
20.5,13,4,6,1573
20.5,13,4,7,1578
20.5,13,4,8,1582
20.5,13,4,9,1587
20.5,13,4,10,1592
20.5,13,4,11,1597
20.5,13,4,12,1602
20.5,13,4,13,1606
20.5,13,4,14,1611
20.5,13,4,15,1616
20.5,13,5,0,1548
20.5,13,5,1,1553
20.5,13,5,2,1558
20.5,13,5,3,1563
20.5,13,5,4,1568
20.5,13,5,5,1573
20.5,13,5,6,1578
20.5,13,5,7,1583
20.5,13,5,8,1588
20.5,13,5,9,1592
20.5,13,5,10,1597
20.5,13,5,11,1602
20.5,13,5,12,1607
20.5,13,5,13,1612
20.5,13,5,14,1617
20.5,13,5,15,1621
20.5,13,6,0,1553
20.5,13,6,1,1558
20.5,13,6,2,1563
20.5,13,6,3,1568
20.5,13,6,4,1573
20.5,13,6,5,1578
20.5,13,6,6,1583
20.5,13,6,7,1588
20.5,13,6,8,1593
20.5,13,6,9,1598
20.5,13,6,10,1602
20.5,13,6,11,1607
20.5,13,6,12,1612
20.5,13,6,13,1617
20.5,13,6,14,1622
20.5,13,6,15,1627
20.5,13,7,0,1558
20.5,13,7,1,1563
20.5,13,7,2,1568
20.5,13,7,3,1573
20.5,13,7,4,1578
20.5,13,7,5,1583
20.5,13,7,6,1588
20.5,13,7,7,1593
20.5,13,7,8,1598
20.5,13,7,9,1603
20.5,13,7,10,1608
20.5,13,7,11,1612
20.5,13,7,12,1617
20.5,13,7,13,1622
20.5,13,7,14,1627
20.5,13,7,15,1632
20.5,13,8,0,1563
20.5,13,8,1,1568
20.5,13,8,2,1573
20.5,13,8,3,1578
20.5,13,8,4,1583
20.5,13,8,5,1588
20.5,13,8,6,1593
20.5,13,8,7,1598
20.5,13,8,8,1603
20.5,13,8,9,1608
20.5,13,8,10,1613
20.5,13,8,11,1618
20.5,13,8,12,1622
20.5,13,8,13,1627
20.5,13,8,14,1632
20.5,13,8,15,1637
20.5,13,9,0,1568
20.5,13,9,1,1573
20.5,13,9,2,1578
20.5,13,9,3,1583
20.5,13,9,4,1588
20.5,13,9,5,1593
20.5,13,9,6,1598
20.5,13,9,7,1603
20.5,13,9,8,1608
20.5,13,9,9,1613
20.5,13,9,10,1618
20.5,13,9,11,1623
20.5,13,9,12,1628
20.5,13,9,13,1633
20.5,13,9,14,1637
20.5,13,9,15,1642
20.5,13,10,0,1573
20.5,13,10,1,1578
20.5,13,10,2,1583
20.5,13,10,3,1588
20.5,13,10,4,1593
20.5,13,10,5,1598
20.5,13,10,6,1603
20.5,13,10,7,1608
20.5,13,10,8,1613
20.5,13,10,9,1618
20.5,13,10,10,1623
20.5,13,10,11,1628
20.5,13,10,12,1633
20.5,13,10,13,1638
20.5,13,10,14,1643
20.5,13,10,15,1647
20.5,13,11,0,1578
20.5,13,11,1,1583
20.5,13,11,2,1588
20.5,13,11,3,1593
20.5,13,11,4,1598
20.5,13,11,5,1603
20.5,13,11,6,1608
20.5,13,11,7,1613
20.5,13,11,8,1618
20.5,13,11,9,1623
20.5,13,11,10,1628
20.5,13,11,11,1633
20.5,13,11,12,1638
20.5,13,11,13,1643
20.5,13,11,14,1648
20.5,13,11,15,1653
20.5,13,12,0,1583
20.5,13,12,1,1588
20.5,13,12,2,1593
20.5,13,12,3,1598
20.5,13,12,4,1603
20.5,13,12,5,1608
20.5,13,12,6,1613
20.5,13,12,7,1618
20.5,13,12,8,1623
20.5,13,12,9,1628
20.5,13,12,10,1633
20.5,13,12,11,1638
20.5,13,12,12,1643
20.5,13,12,13,1648
20.5,13,12,14,1653
20.5,13,12,15,1658
20.5,13,13,0,1588
20.5,13,13,1,1593
20.5,13,13,2,1598
20.5,13,13,3,1603
20.5,13,13,4,1608
20.5,13,13,5,1613
20.5,13,13,6,1618
20.5,13,13,7,1623
20.5,13,13,8,1628
20.5,13,13,9,1633
20.5,13,13,10,1638
20.5,13,13,11,1643
20.5,13,13,12,1648
20.5,13,13,13,1653
20.5,13,13,14,1658
20.5,13,13,15,1663
20.5,13,14,0,1593
20.5,13,14,1,1598
20.5,13,14,2,1603
20.5,13,14,3,1608
20.5,13,14,4,1613
20.5,13,14,5,1618
20.5,13,14,6,1623
20.5,13,14,7,1628
20.5,13,14,8,1633
20.5,13,14,9,1638
20.5,13,14,10,1643
20.5,13,14,11,1648
20.5,13,14,12,1653
20.5,13,14,13,1658
20.5,13,14,14,1663
20.5,13,14,15,1668
20.5,13,15,0,1598
20.5,13,15,1,1603
20.5,13,15,2,1608
20.5,13,15,3,1613
20.5,13,15,4,1618
20.5,13,15,5,1623
20.5,13,15,6,1628
20.5,13,15,7,1633
20.5,13,15,8,1638
20.5,13,15,9,1643
20.5,13,15,10,1648
20.5,13,15,11,1653
20.5,13,15,12,1658
20.5,13,15,13,1663
20.5,13,15,14,1668
20.5,13,15,15,1673
20.5,14,0,0,1528
20.5,14,0,1,1533
20.5,14,0,2,1538
20.5,14,0,3,1543
20.5,14,0,4,1548
20.5,14,0,5,1553
20.5,14,0,6,1558
20.5,14,0,7,1562
20.5,14,0,8,1567
20.5,14,0,9,1572
20.5,14,0,10,1577
20.5,14,0,11,1582
20.5,14,0,12,1586
20.5,14,0,13,1591
20.5,14,0,14,1596
20.5,14,0,15,1601
20.5,14,1,0,1533
20.5,14,1,1,1538
20.5,14,1,2,1543
20.5,14,1,3,1548
20.5,14,1,4,1553
20.5,14,1,5,1558
20.5,14,1,6,1563
20.5,14,1,7,1568
20.5,14,1,8,1573
20.5,14,1,9,1577
20.5,14,1,10,1582
20.5,14,1,11,1587
20.5,14,1,12,1592
20.5,14,1,13,1596
20.5,14,1,14,1601
20.5,14,1,15,1606
20.5,14,2,0,1539
20.5,14,2,1,1543
20.5,14,2,2,1548
20.5,14,2,3,1553
20.5,14,2,4,1558
20.5,14,2,5,1563
20.5,14,2,6,1568
20.5,14,2,7,1573
20.5,14,2,8,1578
20.5,14,2,9,1583
20.5,14,2,10,1587
20.5,14,2,11,1592
20.5,14,2,12,1597
20.5,14,2,13,1602
20.5,14,2,14,1607
20.5,14,2,15,1611
20.5,14,3,0,1544
20.5,14,3,1,1549
20.5,14,3,2,1554
20.5,14,3,3,1558
20.5,14,3,4,1563
20.5,14,3,5,1568
20.5,14,3,6,1573
20.5,14,3,7,1578
20.5,14,3,8,1583
20.5,14,3,9,1588
20.5,14,3,10,1593
20.5,14,3,11,1597
20.5,14,3,12,1602
20.5,14,3,13,1607
20.5,14,3,14,1612
20.5,14,3,15,1617
20.5,14,4,0,1549
20.5,14,4,1,1554
20.5,14,4,2,1559
20.5,14,4,3,1564
20.5,14,4,4,1569
20.5,14,4,5,1573
20.5,14,4,6,1578
20.5,14,4,7,1583
20.5,14,4,8,1588
20.5,14,4,9,1593
20.5,14,4,10,1598
20.5,14,4,11,1603
20.5,14,4,12,1608
20.5,14,4,13,1612
20.5,14,4,14,1617
20.5,14,4,15,1622
20.5,14,5,0,1554
20.5,14,5,1,1559
20.5,14,5,2,1564
20.5,14,5,3,1569
20.5,14,5,4,1574
20.5,14,5,5,1579
20.5,14,5,6,1584
20.5,14,5,7,1588
20.5,14,5,8,1593
20.5,14,5,9,1598
20.5,14,5,10,1603
20.5,14,5,11,1608
20.5,14,5,12,1613
20.5,14,5,13,1618
20.5,14,5,14,1622
20.5,14,5,15,1627
20.5,14,6,0,1559
20.5,14,6,1,1564
20.5,14,6,2,1569
20.5,14,6,3,1574
20.5,14,6,4,1579
20.5,14,6,5,1584
20.5,14,6,6,1589
20.5,14,6,7,1594
20.5,14,6,8,1599
20.5,14,6,9,1603
20.5,14,6,10,1608
20.5,14,6,11,1613
20.5,14,6,12,1618
20.5,14,6,13,1623
20.5,14,6,14,1628
20.5,14,6,15,1632
20.5,14,7,0,1564
20.5,14,7,1,1569
20.5,14,7,2,1574
20.5,14,7,3,1579
20.5,14,7,4,1584
20.5,14,7,5,1589
20.5,14,7,6,1594
20.5,14,7,7,1599
20.5,14,7,8,1604
20.5,14,7,9,1609
20.5,14,7,10,1613
20.5,14,7,11,1618
20.5,14,7,12,1623
20.5,14,7,13,1628
20.5,14,7,14,1633
20.5,14,7,15,1638
20.5,14,8,0,1569
20.5,14,8,1,1574
20.5,14,8,2,1579
20.5,14,8,3,1584
20.5,14,8,4,1589
20.5,14,8,5,1594
20.5,14,8,6,1599
20.5,14,8,7,1604
20.5,14,8,8,1609
20.5,14,8,9,1614
20.5,14,8,10,1619
20.5,14,8,11,1624
20.5,14,8,12,1628
20.5,14,8,13,1633
20.5,14,8,14,1638
20.5,14,8,15,1643
20.5,14,9,0,1574
20.5,14,9,1,1579
20.5,14,9,2,1584
20.5,14,9,3,1589
20.5,14,9,4,1594
20.5,14,9,5,1599
20.5,14,9,6,1604
20.5,14,9,7,1609
20.5,14,9,8,1614
20.5,14,9,9,1619
20.5,14,9,10,1624
20.5,14,9,11,1629
20.5,14,9,12,1634
20.5,14,9,13,1638
20.5,14,9,14,1643
20.5,14,9,15,1648
20.5,14,10,0,1579
20.5,14,10,1,1584
20.5,14,10,2,1589
20.5,14,10,3,1594
20.5,14,10,4,1599
20.5,14,10,5,1604
20.5,14,10,6,1609
20.5,14,10,7,1614
20.5,14,10,8,1619
20.5,14,10,9,1624
20.5,14,10,10,1629
20.5,14,10,11,1634
20.5,14,10,12,1639
20.5,14,10,13,1644
20.5,14,10,14,1649
20.5,14,10,15,1653
20.5,14,11,0,1584
20.5,14,11,1,1589
20.5,14,11,2,1594
20.5,14,11,3,1599
20.5,14,11,4,1604
20.5,14,11,5,1609
20.5,14,11,6,1614
20.5,14,11,7,1619
20.5,14,11,8,1624
20.5,14,11,9,1629
20.5,14,11,10,1634
20.5,14,11,11,1639
20.5,14,11,12,1644
20.5,14,11,13,1649
20.5,14,11,14,1654
20.5,14,11,15,1659
20.5,14,12,0,1589
20.5,14,12,1,1594
20.5,14,12,2,1599
20.5,14,12,3,1604
20.5,14,12,4,1609
20.5,14,12,5,1614
20.5,14,12,6,1619
20.5,14,12,7,1624
20.5,14,12,8,1629
20.5,14,12,9,1634
20.5,14,12,10,1639
20.5,14,12,11,1644
20.5,14,12,12,1649
20.5,14,12,13,1654
20.5,14,12,14,1659
20.5,14,12,15,1664
20.5,14,13,0,1594
20.5,14,13,1,1599
20.5,14,13,2,1604
20.5,14,13,3,1609
20.5,14,13,4,1614
20.5,14,13,5,1619
20.5,14,13,6,1624
20.5,14,13,7,1629
20.5,14,13,8,1634
20.5,14,13,9,1639
20.5,14,13,10,1644
20.5,14,13,11,1649
20.5,14,13,12,1654
20.5,14,13,13,1659
20.5,14,13,14,1664
20.5,14,13,15,1669
20.5,14,14,0,1599
20.5,14,14,1,1604
20.5,14,14,2,1609
20.5,14,14,3,1614
20.5,14,14,4,1619
20.5,14,14,5,1624
20.5,14,14,6,1629
20.5,14,14,7,1634
20.5,14,14,8,1639
20.5,14,14,9,1644
20.5,14,14,10,1649
20.5,14,14,11,1654
20.5,14,14,12,1659
20.5,14,14,13,1664
20.5,14,14,14,1669
20.5,14,14,15,1674
20.5,14,15,0,1603
20.5,14,15,1,1609
20.5,14,15,2,1614
20.5,14,15,3,1619
20.5,14,15,4,1624
20.5,14,15,5,1629
20.5,14,15,6,1634
20.5,14,15,7,1639
20.5,14,15,8,1644
20.5,14,15,9,1649
20.5,14,15,10,1654
20.5,14,15,11,1659
20.5,14,15,12,1664
20.5,14,15,13,1669
20.5,14,15,14,1674
20.5,14,15,15,1679
20.5,15,0,0,1534
20.5,15,0,1,1539
20.5,15,0,2,1544
20.5,15,0,3,1549
20.5,15,0,4,1554
20.5,15,0,5,1558
20.5,15,0,6,1563
20.5,15,0,7,1568
20.5,15,0,8,1573
20.5,15,0,9,1578
20.5,15,0,10,1583
20.5,15,0,11,1587
20.5,15,0,12,1592
20.5,15,0,13,1597
20.5,15,0,14,1602
20.5,15,0,15,1606
20.5,15,1,0,1539
20.5,15,1,1,1544
20.5,15,1,2,1549
20.5,15,1,3,1554
20.5,15,1,4,1559
20.5,15,1,5,1564
20.5,15,1,6,1569
20.5,15,1,7,1573
20.5,15,1,8,1578
20.5,15,1,9,1583
20.5,15,1,10,1588
20.5,15,1,11,1593
20.5,15,1,12,1597
20.5,15,1,13,1602
20.5,15,1,14,1607
20.5,15,1,15,1612
20.5,15,2,0,1544
20.5,15,2,1,1549
20.5,15,2,2,1554
20.5,15,2,3,1559
20.5,15,2,4,1564
20.5,15,2,5,1569
20.5,15,2,6,1574
20.5,15,2,7,1579
20.5,15,2,8,1583
20.5,15,2,9,1588
20.5,15,2,10,1593
20.5,15,2,11,1598
20.5,15,2,12,1603
20.5,15,2,13,1608
20.5,15,2,14,1612
20.5,15,2,15,1617
20.5,15,3,0,1549
20.5,15,3,1,1554
20.5,15,3,2,1559
20.5,15,3,3,1564
20.5,15,3,4,1569
20.5,15,3,5,1574
20.5,15,3,6,1579
20.5,15,3,7,1584
20.5,15,3,8,1589
20.5,15,3,9,1594
20.5,15,3,10,1598
20.5,15,3,11,1603
20.5,15,3,12,1608
20.5,15,3,13,1613
20.5,15,3,14,1618
20.5,15,3,15,1622
20.5,15,4,0,1554
20.5,15,4,1,1559
20.5,15,4,2,1564
20.5,15,4,3,1569
20.5,15,4,4,1574
20.5,15,4,5,1579
20.5,15,4,6,1584
20.5,15,4,7,1589
20.5,15,4,8,1594
20.5,15,4,9,1599
20.5,15,4,10,1604
20.5,15,4,11,1609
20.5,15,4,12,1613
20.5,15,4,13,1618
20.5,15,4,14,1623
20.5,15,4,15,1628
20.5,15,5,0,1559
20.5,15,5,1,1564
20.5,15,5,2,1569
20.5,15,5,3,1574
20.5,15,5,4,1579
20.5,15,5,5,1584
20.5,15,5,6,1589
20.5,15,5,7,1594
20.5,15,5,8,1599
20.5,15,5,9,1604
20.5,15,5,10,1609
20.5,15,5,11,1614
20.5,15,5,12,1619
20.5,15,5,13,1623
20.5,15,5,14,1628
20.5,15,5,15,1633
20.5,15,6,0,1564
20.5,15,6,1,1569
20.5,15,6,2,1575
20.5,15,6,3,1580
20.5,15,6,4,1585
20.5,15,6,5,1589
20.5,15,6,6,1594
20.5,15,6,7,1599
20.5,15,6,8,1604
20.5,15,6,9,1609
20.5,15,6,10,1614
20.5,15,6,11,1619
20.5,15,6,12,1624
20.5,15,6,13,1629
20.5,15,6,14,1634
20.5,15,6,15,1638
20.5,15,7,0,1569
20.5,15,7,1,1575
20.5,15,7,2,1580
20.5,15,7,3,1585
20.5,15,7,4,1590
20.5,15,7,5,1595
20.5,15,7,6,1600
20.5,15,7,7,1605
20.5,15,7,8,1609
20.5,15,7,9,1614
20.5,15,7,10,1619
20.5,15,7,11,1624
20.5,15,7,12,1629
20.5,15,7,13,1634
20.5,15,7,14,1639
20.5,15,7,15,1644
20.5,15,8,0,1575
20.5,15,8,1,1580
20.5,15,8,2,1585
20.5,15,8,3,1590
20.5,15,8,4,1595
20.5,15,8,5,1600
20.5,15,8,6,1605
20.5,15,8,7,1610
20.5,15,8,8,1615
20.5,15,8,9,1620
20.5,15,8,10,1625
20.5,15,8,11,1629
20.5,15,8,12,1634
20.5,15,8,13,1639
20.5,15,8,14,1644
20.5,15,8,15,1649
20.5,15,9,0,1580
20.5,15,9,1,1585
20.5,15,9,2,1590
20.5,15,9,3,1595
20.5,15,9,4,1600
20.5,15,9,5,1605
20.5,15,9,6,1610
20.5,15,9,7,1615
20.5,15,9,8,1620
20.5,15,9,9,1625
20.5,15,9,10,1630
20.5,15,9,11,1635
20.5,15,9,12,1640
20.5,15,9,13,1644
20.5,15,9,14,1649
20.5,15,9,15,1654
20.5,15,10,0,1585
20.5,15,10,1,1590
20.5,15,10,2,1595
20.5,15,10,3,1600
20.5,15,10,4,1605
20.5,15,10,5,1610
20.5,15,10,6,1615
20.5,15,10,7,1620
20.5,15,10,8,1625
20.5,15,10,9,1630
20.5,15,10,10,1635
20.5,15,10,11,1640
20.5,15,10,12,1645
20.5,15,10,13,1650
20.5,15,10,14,1655
20.5,15,10,15,1659
20.5,15,11,0,1589
20.5,15,11,1,1595
20.5,15,11,2,1600
20.5,15,11,3,1605
20.5,15,11,4,1610
20.5,15,11,5,1615
20.5,15,11,6,1620
20.5,15,11,7,1625
20.5,15,11,8,1630
20.5,15,11,9,1635
20.5,15,11,10,1640
20.5,15,11,11,1645
20.5,15,11,12,1650
20.5,15,11,13,1655
20.5,15,11,14,1660
20.5,15,11,15,1665
20.5,15,12,0,1594
20.5,15,12,1,1600
20.5,15,12,2,1605
20.5,15,12,3,1610
20.5,15,12,4,1615
20.5,15,12,5,1620
20.5,15,12,6,1625
20.5,15,12,7,1630
20.5,15,12,8,1635
20.5,15,12,9,1640
20.5,15,12,10,1645
20.5,15,12,11,1650
20.5,15,12,12,1655
20.5,15,12,13,1660
20.5,15,12,14,1665
20.5,15,12,15,1670
20.5,15,13,0,1599
20.5,15,13,1,1605
20.5,15,13,2,1610
20.5,15,13,3,1615
20.5,15,13,4,1620
20.5,15,13,5,1625
20.5,15,13,6,1630
20.5,15,13,7,1635
20.5,15,13,8,1640
20.5,15,13,9,1645
20.5,15,13,10,1650
20.5,15,13,11,1655
20.5,15,13,12,1660
20.5,15,13,13,1665
20.5,15,13,14,1670
20.5,15,13,15,1675
20.5,15,14,0,1604
20.5,15,14,1,1609
20.5,15,14,2,1615
20.5,15,14,3,1620
20.5,15,14,4,1625
20.5,15,14,5,1630
20.5,15,14,6,1635
20.5,15,14,7,1640
20.5,15,14,8,1645
20.5,15,14,9,1650
20.5,15,14,10,1655
20.5,15,14,11,1660
20.5,15,14,12,1665
20.5,15,14,13,1670
20.5,15,14,14,1675
20.5,15,14,15,1680
20.5,15,15,0,1609
20.5,15,15,1,1614
20.5,15,15,2,1620
20.5,15,15,3,1625
20.5,15,15,4,1630
20.5,15,15,5,1635
20.5,15,15,6,1640
20.5,15,15,7,1645
20.5,15,15,8,1650
20.5,15,15,9,1655
20.5,15,15,10,1660
20.5,15,15,11,1665
20.5,15,15,12,1670
20.5,15,15,13,1675
20.5,15,15,14,1680
20.5,15,15,15,1685
21.0,0,0,0,1486
21.0,0,0,1,1491
21.0,0,0,2,1495
21.0,0,0,3,1500
21.0,0,0,4,1505
21.0,0,0,5,1510
21.0,0,0,6,1514
21.0,0,0,7,1519
21.0,0,0,8,1524
21.0,0,0,9,1528
21.0,0,0,10,1533
21.0,0,0,11,1538
21.0,0,0,12,1542
21.0,0,0,13,1547
21.0,0,0,14,1552
21.0,0,0,15,1556
21.0,0,1,0,1491
21.0,0,1,1,1496
21.0,0,1,2,1500
21.0,0,1,3,1505
21.0,0,1,4,1510
21.0,0,1,5,1515
21.0,0,1,6,1519
21.0,0,1,7,1524
21.0,0,1,8,1529
21.0,0,1,9,1534
21.0,0,1,10,1538
21.0,0,1,11,1543
21.0,0,1,12,1547
21.0,0,1,13,1552
21.0,0,1,14,1557
21.0,0,1,15,1561
21.0,0,2,0,1496
21.0,0,2,1,1501
21.0,0,2,2,1505
21.0,0,2,3,1510
21.0,0,2,4,1515
21.0,0,2,5,1520
21.0,0,2,6,1524
21.0,0,2,7,1529
21.0,0,2,8,1534
21.0,0,2,9,1539
21.0,0,2,10,1543
21.0,0,2,11,1548
21.0,0,2,12,1553
21.0,0,2,13,1557
21.0,0,2,14,1562
21.0,0,2,15,1567
21.0,0,3,0,1501
21.0,0,3,1,1506
21.0,0,3,2,1510
21.0,0,3,3,1515
21.0,0,3,4,1520
21.0,0,3,5,1525
21.0,0,3,6,1530
21.0,0,3,7,1534
21.0,0,3,8,1539
21.0,0,3,9,1544
21.0,0,3,10,1548
21.0,0,3,11,1553
21.0,0,3,12,1558
21.0,0,3,13,1562
21.0,0,3,14,1567
21.0,0,3,15,1572
21.0,0,4,0,1506
21.0,0,4,1,1511
21.0,0,4,2,1515
21.0,0,4,3,1520
21.0,0,4,4,1525
21.0,0,4,5,1530
21.0,0,4,6,1535
21.0,0,4,7,1539
21.0,0,4,8,1544
21.0,0,4,9,1549
21.0,0,4,10,1554
21.0,0,4,11,1558
21.0,0,4,12,1563
21.0,0,4,13,1568
21.0,0,4,14,1572
21.0,0,4,15,1577
21.0,0,5,0,1511
21.0,0,5,1,1515
21.0,0,5,2,1520
21.0,0,5,3,1525
21.0,0,5,4,1530
21.0,0,5,5,1535
21.0,0,5,6,1540
21.0,0,5,7,1544
21.0,0,5,8,1549
21.0,0,5,9,1554
21.0,0,5,10,1559
21.0,0,5,11,1563
21.0,0,5,12,1568
21.0,0,5,13,1573
21.0,0,5,14,1577
21.0,0,5,15,1582
21.0,0,6,0,1515
21.0,0,6,1,1520
21.0,0,6,2,1525
21.0,0,6,3,1530
21.0,0,6,4,1535
21.0,0,6,5,1540
21.0,0,6,6,1545
21.0,0,6,7,1549
21.0,0,6,8,1554
21.0,0,6,9,1559
21.0,0,6,10,1564
21.0,0,6,11,1568
21.0,0,6,12,1573
21.0,0,6,13,1578
21.0,0,6,14,1582
21.0,0,6,15,1587
21.0,0,7,0,1520
21.0,0,7,1,1525
21.0,0,7,2,1530
21.0,0,7,3,1535
21.0,0,7,4,1540
21.0,0,7,5,1545
21.0,0,7,6,1550
21.0,0,7,7,1554
21.0,0,7,8,1559
21.0,0,7,9,1564
21.0,0,7,10,1569
21.0,0,7,11,1573
21.0,0,7,12,1578
21.0,0,7,13,1583
21.0,0,7,14,1588
21.0,0,7,15,1592
21.0,0,8,0,1525
21.0,0,8,1,1530
21.0,0,8,2,1535
21.0,0,8,3,1540
21.0,0,8,4,1545
21.0,0,8,5,1550
21.0,0,8,6,1554
21.0,0,8,7,1559
21.0,0,8,8,1564
21.0,0,8,9,1569
21.0,0,8,10,1574
21.0,0,8,11,1578
21.0,0,8,12,1583
21.0,0,8,13,1588
21.0,0,8,14,1593
21.0,0,8,15,1597
21.0,0,9,0,1530
21.0,0,9,1,1535
21.0,0,9,2,1540
21.0,0,9,3,1545
21.0,0,9,4,1550
21.0,0,9,5,1555
21.0,0,9,6,1559
21.0,0,9,7,1564
21.0,0,9,8,1569
21.0,0,9,9,1574
21.0,0,9,10,1579
21.0,0,9,11,1583
21.0,0,9,12,1588
21.0,0,9,13,1593
21.0,0,9,14,1598
21.0,0,9,15,1602
21.0,0,10,0,1535
21.0,0,10,1,1540
21.0,0,10,2,1545
21.0,0,10,3,1550
21.0,0,10,4,1555
21.0,0,10,5,1560
21.0,0,10,6,1564
21.0,0,10,7,1569
21.0,0,10,8,1574
21.0,0,10,9,1579
21.0,0,10,10,1584
21.0,0,10,11,1588
21.0,0,10,12,1593
21.0,0,10,13,1598
21.0,0,10,14,1603
21.0,0,10,15,1608
21.0,0,11,0,1540
21.0,0,11,1,1545
21.0,0,11,2,1550
21.0,0,11,3,1555
21.0,0,11,4,1560
21.0,0,11,5,1564
21.0,0,11,6,1569
21.0,0,11,7,1574
21.0,0,11,8,1579
21.0,0,11,9,1584
21.0,0,11,10,1589
21.0,0,11,11,1593
21.0,0,11,12,1598
21.0,0,11,13,1603
21.0,0,11,14,1608
21.0,0,11,15,1613
21.0,0,12,0,1545
21.0,0,12,1,1550
21.0,0,12,2,1554
21.0,0,12,3,1559
21.0,0,12,4,1564
21.0,0,12,5,1569
21.0,0,12,6,1574
21.0,0,12,7,1579
21.0,0,12,8,1584
21.0,0,12,9,1589
21.0,0,12,10,1594
21.0,0,12,11,1598
21.0,0,12,12,1603
21.0,0,12,13,1608
21.0,0,12,14,1613
21.0,0,12,15,1618
21.0,0,13,0,1549
21.0,0,13,1,1554
21.0,0,13,2,1559
21.0,0,13,3,1564
21.0,0,13,4,1569
21.0,0,13,5,1574
21.0,0,13,6,1579
21.0,0,13,7,1584
21.0,0,13,8,1589
21.0,0,13,9,1594
21.0,0,13,10,1599
21.0,0,13,11,1603
21.0,0,13,12,1608
21.0,0,13,13,1613
21.0,0,13,14,1618
21.0,0,13,15,1623
21.0,0,14,0,1554
21.0,0,14,1,1559
21.0,0,14,2,1564
21.0,0,14,3,1569
21.0,0,14,4,1574
21.0,0,14,5,1579
21.0,0,14,6,1584
21.0,0,14,7,1589
21.0,0,14,8,1594
21.0,0,14,9,1599
21.0,0,14,10,1603
21.0,0,14,11,1608
21.0,0,14,12,1613
21.0,0,14,13,1618
21.0,0,14,14,1623
21.0,0,14,15,1628
21.0,0,15,0,1559
21.0,0,15,1,1564
21.0,0,15,2,1569
21.0,0,15,3,1574
21.0,0,15,4,1579
21.0,0,15,5,1584
21.0,0,15,6,1589
21.0,0,15,7,1594
21.0,0,15,8,1599
21.0,0,15,9,1604
21.0,0,15,10,1608
21.0,0,15,11,1613
21.0,0,15,12,1618
21.0,0,15,13,1623
21.0,0,15,14,1628
21.0,0,15,15,1633
21.0,1,0,0,1492
21.0,1,0,1,1496
21.0,1,0,2,1501
21.0,1,0,3,1506
21.0,1,0,4,1511
21.0,1,0,5,1515
21.0,1,0,6,1520
21.0,1,0,7,1525
21.0,1,0,8,1530
21.0,1,0,9,1534
21.0,1,0,10,1539
21.0,1,0,11,1544
21.0,1,0,12,1548
21.0,1,0,13,1553
21.0,1,0,14,1557
21.0,1,0,15,1562
21.0,1,1,0,1497
21.0,1,1,1,1501
21.0,1,1,2,1506
21.0,1,1,3,1511
21.0,1,1,4,1516
21.0,1,1,5,1521
21.0,1,1,6,1525
21.0,1,1,7,1530
21.0,1,1,8,1535
21.0,1,1,9,1539
21.0,1,1,10,1544
21.0,1,1,11,1549
21.0,1,1,12,1553
21.0,1,1,13,1558
21.0,1,1,14,1563
21.0,1,1,15,1567
21.0,1,2,0,1502
21.0,1,2,1,1506
21.0,1,2,2,1511
21.0,1,2,3,1516
21.0,1,2,4,1521
21.0,1,2,5,1526
21.0,1,2,6,1530
21.0,1,2,7,1535
21.0,1,2,8,1540
21.0,1,2,9,1545
21.0,1,2,10,1549
21.0,1,2,11,1554
21.0,1,2,12,1559
21.0,1,2,13,1563
21.0,1,2,14,1568
21.0,1,2,15,1573
21.0,1,3,0,1507
21.0,1,3,1,1511
21.0,1,3,2,1516
21.0,1,3,3,1521
21.0,1,3,4,1526
21.0,1,3,5,1531
21.0,1,3,6,1535
21.0,1,3,7,1540
21.0,1,3,8,1545
21.0,1,3,9,1550
21.0,1,3,10,1554
21.0,1,3,11,1559
21.0,1,3,12,1564
21.0,1,3,13,1568
21.0,1,3,14,1573
21.0,1,3,15,1578
21.0,1,4,0,1511
21.0,1,4,1,1516
21.0,1,4,2,1521
21.0,1,4,3,1526
21.0,1,4,4,1531
21.0,1,4,5,1536
21.0,1,4,6,1540
21.0,1,4,7,1545
21.0,1,4,8,1550
21.0,1,4,9,1555
21.0,1,4,10,1559
21.0,1,4,11,1564
21.0,1,4,12,1569
21.0,1,4,13,1574
21.0,1,4,14,1578
21.0,1,4,15,1583
21.0,1,5,0,1516
21.0,1,5,1,1521
21.0,1,5,2,1526
21.0,1,5,3,1531
21.0,1,5,4,1536
21.0,1,5,5,1541
21.0,1,5,6,1545
21.0,1,5,7,1550
21.0,1,5,8,1555
21.0,1,5,9,1560
21.0,1,5,10,1565
21.0,1,5,11,1569
21.0,1,5,12,1574
21.0,1,5,13,1579
21.0,1,5,14,1583
21.0,1,5,15,1588
21.0,1,6,0,1521
21.0,1,6,1,1526
21.0,1,6,2,1531
21.0,1,6,3,1536
21.0,1,6,4,1541
21.0,1,6,5,1546
21.0,1,6,6,1550
21.0,1,6,7,1555
21.0,1,6,8,1560
21.0,1,6,9,1565
21.0,1,6,10,1570
21.0,1,6,11,1574
21.0,1,6,12,1579
21.0,1,6,13,1584
21.0,1,6,14,1589
21.0,1,6,15,1593
21.0,1,7,0,1526
21.0,1,7,1,1531
21.0,1,7,2,1536
21.0,1,7,3,1541
21.0,1,7,4,1546
21.0,1,7,5,1551
21.0,1,7,6,1555
21.0,1,7,7,1560
21.0,1,7,8,1565
21.0,1,7,9,1570
21.0,1,7,10,1575
21.0,1,7,11,1579
21.0,1,7,12,1584
21.0,1,7,13,1589
21.0,1,7,14,1594
21.0,1,7,15,1598
21.0,1,8,0,1531
21.0,1,8,1,1536
21.0,1,8,2,1541
21.0,1,8,3,1546
21.0,1,8,4,1551
21.0,1,8,5,1556
21.0,1,8,6,1560
21.0,1,8,7,1565
21.0,1,8,8,1570
21.0,1,8,9,1575
21.0,1,8,10,1580
21.0,1,8,11,1585
21.0,1,8,12,1589
21.0,1,8,13,1594
21.0,1,8,14,1599
21.0,1,8,15,1603
21.0,1,9,0,1536
21.0,1,9,1,1541
21.0,1,9,2,1546
21.0,1,9,3,1551
21.0,1,9,4,1556
21.0,1,9,5,1561
21.0,1,9,6,1565
21.0,1,9,7,1570
21.0,1,9,8,1575
21.0,1,9,9,1580
21.0,1,9,10,1585
21.0,1,9,11,1590
21.0,1,9,12,1594
21.0,1,9,13,1599
21.0,1,9,14,1604
21.0,1,9,15,1609
21.0,1,10,0,1541
21.0,1,10,1,1546
21.0,1,10,2,1551
21.0,1,10,3,1556
21.0,1,10,4,1561
21.0,1,10,5,1565
21.0,1,10,6,1570
21.0,1,10,7,1575
21.0,1,10,8,1580
21.0,1,10,9,1585
21.0,1,10,10,1590
21.0,1,10,11,1595
21.0,1,10,12,1599
21.0,1,10,13,1604
21.0,1,10,14,1609
21.0,1,10,15,1614
21.0,1,11,0,1546
21.0,1,11,1,1551
21.0,1,11,2,1556
21.0,1,11,3,1561
21.0,1,11,4,1565
21.0,1,11,5,1570
21.0,1,11,6,1575
21.0,1,11,7,1580
21.0,1,11,8,1585
21.0,1,11,9,1590
21.0,1,11,10,1595
21.0,1,11,11,1600
21.0,1,11,12,1604
21.0,1,11,13,1609
21.0,1,11,14,1614
21.0,1,11,15,1619
21.0,1,12,0,1550
21.0,1,12,1,1555
21.0,1,12,2,1560
21.0,1,12,3,1565
21.0,1,12,4,1570
21.0,1,12,5,1575
21.0,1,12,6,1580
21.0,1,12,7,1585
21.0,1,12,8,1590
21.0,1,12,9,1595
21.0,1,12,10,1600
21.0,1,12,11,1605
21.0,1,12,12,1609
21.0,1,12,13,1614
21.0,1,12,14,1619
21.0,1,12,15,1624
21.0,1,13,0,1555
21.0,1,13,1,1560
21.0,1,13,2,1565
21.0,1,13,3,1570
21.0,1,13,4,1575
21.0,1,13,5,1580
21.0,1,13,6,1585
21.0,1,13,7,1590
21.0,1,13,8,1595
21.0,1,13,9,1600
21.0,1,13,10,1605
21.0,1,13,11,1610
21.0,1,13,12,1614
21.0,1,13,13,1619
21.0,1,13,14,1624
21.0,1,13,15,1629
21.0,1,14,0,1560
21.0,1,14,1,1565
21.0,1,14,2,1570
21.0,1,14,3,1575
21.0,1,14,4,1580
21.0,1,14,5,1585
21.0,1,14,6,1590
21.0,1,14,7,1595
21.0,1,14,8,1600
21.0,1,14,9,1605
21.0,1,14,10,1610
21.0,1,14,11,1615
21.0,1,14,12,1619
21.0,1,14,13,1624
21.0,1,14,14,1629
21.0,1,14,15,1634
21.0,1,15,0,1565
21.0,1,15,1,1570
21.0,1,15,2,1575
21.0,1,15,3,1580
21.0,1,15,4,1585
21.0,1,15,5,1590
21.0,1,15,6,1595
21.0,1,15,7,1600
21.0,1,15,8,1605
21.0,1,15,9,1610
21.0,1,15,10,1615
21.0,1,15,11,1619
21.0,1,15,12,1624
21.0,1,15,13,1629
21.0,1,15,14,1634
21.0,1,15,15,1639
21.0,2,0,0,1497
21.0,2,0,1,1502
21.0,2,0,2,1507
21.0,2,0,3,1512
21.0,2,0,4,1516
21.0,2,0,5,1521
21.0,2,0,6,1526
21.0,2,0,7,1531
21.0,2,0,8,1535
21.0,2,0,9,1540
21.0,2,0,10,1545
21.0,2,0,11,1549
21.0,2,0,12,1554
21.0,2,0,13,1559
21.0,2,0,14,1563
21.0,2,0,15,1568
21.0,2,1,0,1502
21.0,2,1,1,1507
21.0,2,1,2,1512
21.0,2,1,3,1517
21.0,2,1,4,1522
21.0,2,1,5,1526
21.0,2,1,6,1531
21.0,2,1,7,1536
21.0,2,1,8,1541
21.0,2,1,9,1545
21.0,2,1,10,1550
21.0,2,1,11,1555
21.0,2,1,12,1559
21.0,2,1,13,1564
21.0,2,1,14,1569
21.0,2,1,15,1573
21.0,2,2,0,1507
21.0,2,2,1,1512
21.0,2,2,2,1517
21.0,2,2,3,1522
21.0,2,2,4,1527
21.0,2,2,5,1531
21.0,2,2,6,1536
21.0,2,2,7,1541
21.0,2,2,8,1546
21.0,2,2,9,1550
21.0,2,2,10,1555
21.0,2,2,11,1560
21.0,2,2,12,1565
21.0,2,2,13,1569
21.0,2,2,14,1574
21.0,2,2,15,1579
21.0,2,3,0,1512
21.0,2,3,1,1517
21.0,2,3,2,1522
21.0,2,3,3,1527
21.0,2,3,4,1532
21.0,2,3,5,1536
21.0,2,3,6,1541
21.0,2,3,7,1546
21.0,2,3,8,1551
21.0,2,3,9,1556
21.0,2,3,10,1560
21.0,2,3,11,1565
21.0,2,3,12,1570
21.0,2,3,13,1574
21.0,2,3,14,1579
21.0,2,3,15,1584
21.0,2,4,0,1517
21.0,2,4,1,1522
21.0,2,4,2,1527
21.0,2,4,3,1532
21.0,2,4,4,1537
21.0,2,4,5,1542
21.0,2,4,6,1546
21.0,2,4,7,1551
21.0,2,4,8,1556
21.0,2,4,9,1561
21.0,2,4,10,1565
21.0,2,4,11,1570
21.0,2,4,12,1575
21.0,2,4,13,1580
21.0,2,4,14,1584
21.0,2,4,15,1589
21.0,2,5,0,1522
21.0,2,5,1,1527
21.0,2,5,2,1532
21.0,2,5,3,1537
21.0,2,5,4,1542
21.0,2,5,5,1547
21.0,2,5,6,1551
21.0,2,5,7,1556
21.0,2,5,8,1561
21.0,2,5,9,1566
21.0,2,5,10,1571
21.0,2,5,11,1575
21.0,2,5,12,1580
21.0,2,5,13,1585
21.0,2,5,14,1589
21.0,2,5,15,1594
21.0,2,6,0,1527
21.0,2,6,1,1532
21.0,2,6,2,1537
21.0,2,6,3,1542
21.0,2,6,4,1547
21.0,2,6,5,1552
21.0,2,6,6,1556
21.0,2,6,7,1561
21.0,2,6,8,1566
21.0,2,6,9,1571
21.0,2,6,10,1576
21.0,2,6,11,1580
21.0,2,6,12,1585
21.0,2,6,13,1590
21.0,2,6,14,1595
21.0,2,6,15,1599
21.0,2,7,0,1532
21.0,2,7,1,1537
21.0,2,7,2,1542
21.0,2,7,3,1547
21.0,2,7,4,1552
21.0,2,7,5,1557
21.0,2,7,6,1561
21.0,2,7,7,1566
21.0,2,7,8,1571
21.0,2,7,9,1576
21.0,2,7,10,1581
21.0,2,7,11,1585
21.0,2,7,12,1590
21.0,2,7,13,1595
21.0,2,7,14,1600
21.0,2,7,15,1604
21.0,2,8,0,1537
21.0,2,8,1,1542
21.0,2,8,2,1547
21.0,2,8,3,1552
21.0,2,8,4,1557
21.0,2,8,5,1562
21.0,2,8,6,1566
21.0,2,8,7,1571
21.0,2,8,8,1576
21.0,2,8,9,1581
21.0,2,8,10,1586
21.0,2,8,11,1591
21.0,2,8,12,1595
21.0,2,8,13,1600
21.0,2,8,14,1605
21.0,2,8,15,1610
21.0,2,9,0,1542
21.0,2,9,1,1547
21.0,2,9,2,1552
21.0,2,9,3,1557
21.0,2,9,4,1562
21.0,2,9,5,1567
21.0,2,9,6,1571
21.0,2,9,7,1576
21.0,2,9,8,1581
21.0,2,9,9,1586
21.0,2,9,10,1591
21.0,2,9,11,1596
21.0,2,9,12,1600
21.0,2,9,13,1605
21.0,2,9,14,1610
21.0,2,9,15,1615
21.0,2,10,0,1547
21.0,2,10,1,1552
21.0,2,10,2,1557
21.0,2,10,3,1562
21.0,2,10,4,1567
21.0,2,10,5,1571
21.0,2,10,6,1576
21.0,2,10,7,1581
21.0,2,10,8,1586
21.0,2,10,9,1591
21.0,2,10,10,1596
21.0,2,10,11,1601
21.0,2,10,12,1605
21.0,2,10,13,1610
21.0,2,10,14,1615
21.0,2,10,15,1620
21.0,2,11,0,1552
21.0,2,11,1,1557
21.0,2,11,2,1562
21.0,2,11,3,1567
21.0,2,11,4,1571
21.0,2,11,5,1576
21.0,2,11,6,1581
21.0,2,11,7,1586
21.0,2,11,8,1591
21.0,2,11,9,1596
21.0,2,11,10,1601
21.0,2,11,11,1606
21.0,2,11,12,1611
21.0,2,11,13,1615
21.0,2,11,14,1620
21.0,2,11,15,1625
21.0,2,12,0,1556
21.0,2,12,1,1561
21.0,2,12,2,1566
21.0,2,12,3,1571
21.0,2,12,4,1576
21.0,2,12,5,1581
21.0,2,12,6,1586
21.0,2,12,7,1591
21.0,2,12,8,1596
21.0,2,12,9,1601
21.0,2,12,10,1606
21.0,2,12,11,1611
21.0,2,12,12,1616
21.0,2,12,13,1620
21.0,2,12,14,1625
21.0,2,12,15,1630
21.0,2,13,0,1561
21.0,2,13,1,1566
21.0,2,13,2,1571
21.0,2,13,3,1576
21.0,2,13,4,1581
21.0,2,13,5,1586
21.0,2,13,6,1591
21.0,2,13,7,1596
21.0,2,13,8,1601
21.0,2,13,9,1606
21.0,2,13,10,1611
21.0,2,13,11,1616
21.0,2,13,12,1621
21.0,2,13,13,1625
21.0,2,13,14,1630
21.0,2,13,15,1635
21.0,2,14,0,1566
21.0,2,14,1,1571
21.0,2,14,2,1576
21.0,2,14,3,1581
21.0,2,14,4,1586
21.0,2,14,5,1591
21.0,2,14,6,1596
21.0,2,14,7,1601
21.0,2,14,8,1606
21.0,2,14,9,1611
21.0,2,14,10,1616
21.0,2,14,11,1621
21.0,2,14,12,1626
21.0,2,14,13,1630
21.0,2,14,14,1635
21.0,2,14,15,1640
21.0,2,15,0,1571
21.0,2,15,1,1576
21.0,2,15,2,1581
21.0,2,15,3,1586
21.0,2,15,4,1591
21.0,2,15,5,1596
21.0,2,15,6,1601
21.0,2,15,7,1606
21.0,2,15,8,1611
21.0,2,15,9,1616
21.0,2,15,10,1621
21.0,2,15,11,1626
21.0,2,15,12,1631
21.0,2,15,13,1635
21.0,2,15,14,1640
21.0,2,15,15,1645
21.0,3,0,0,1503
21.0,3,0,1,1508
21.0,3,0,2,1513
21.0,3,0,3,1517
21.0,3,0,4,1522
21.0,3,0,5,1527
21.0,3,0,6,1532
21.0,3,0,7,1537
21.0,3,0,8,1541
21.0,3,0,9,1546
21.0,3,0,10,1551
21.0,3,0,11,1555
21.0,3,0,12,1560
21.0,3,0,13,1565
21.0,3,0,14,1569
21.0,3,0,15,1574
21.0,3,1,0,1508
21.0,3,1,1,1513
21.0,3,1,2,1518
21.0,3,1,3,1523
21.0,3,1,4,1527
21.0,3,1,5,1532
21.0,3,1,6,1537
21.0,3,1,7,1542
21.0,3,1,8,1546
21.0,3,1,9,1551
21.0,3,1,10,1556
21.0,3,1,11,1561
21.0,3,1,12,1565
21.0,3,1,13,1570
21.0,3,1,14,1575
21.0,3,1,15,1579
21.0,3,2,0,1513
21.0,3,2,1,1518
21.0,3,2,2,1523
21.0,3,2,3,1528
21.0,3,2,4,1532
21.0,3,2,5,1537
21.0,3,2,6,1542
21.0,3,2,7,1547
21.0,3,2,8,1552
21.0,3,2,9,1556
21.0,3,2,10,1561
21.0,3,2,11,1566
21.0,3,2,12,1571
21.0,3,2,13,1575
21.0,3,2,14,1580
21.0,3,2,15,1585
21.0,3,3,0,1518
21.0,3,3,1,1523
21.0,3,3,2,1528
21.0,3,3,3,1533
21.0,3,3,4,1537
21.0,3,3,5,1542
21.0,3,3,6,1547
21.0,3,3,7,1552
21.0,3,3,8,1557
21.0,3,3,9,1561
21.0,3,3,10,1566
21.0,3,3,11,1571
21.0,3,3,12,1576
21.0,3,3,13,1580
21.0,3,3,14,1585
21.0,3,3,15,1590
21.0,3,4,0,1523
21.0,3,4,1,1528
21.0,3,4,2,1533
21.0,3,4,3,1538
21.0,3,4,4,1543
21.0,3,4,5,1547
21.0,3,4,6,1552
21.0,3,4,7,1557
21.0,3,4,8,1562
21.0,3,4,9,1567
21.0,3,4,10,1571
21.0,3,4,11,1576
21.0,3,4,12,1581
21.0,3,4,13,1586
21.0,3,4,14,1590
21.0,3,4,15,1595
21.0,3,5,0,1528
21.0,3,5,1,1533
21.0,3,5,2,1538
21.0,3,5,3,1543
21.0,3,5,4,1548
21.0,3,5,5,1552
21.0,3,5,6,1557
21.0,3,5,7,1562
21.0,3,5,8,1567
21.0,3,5,9,1572
21.0,3,5,10,1577
21.0,3,5,11,1581
21.0,3,5,12,1586
21.0,3,5,13,1591
21.0,3,5,14,1596
21.0,3,5,15,1600
21.0,3,6,0,1533
21.0,3,6,1,1538
21.0,3,6,2,1543
21.0,3,6,3,1548
21.0,3,6,4,1553
21.0,3,6,5,1557
21.0,3,6,6,1562
21.0,3,6,7,1567
21.0,3,6,8,1572
21.0,3,6,9,1577
21.0,3,6,10,1582
21.0,3,6,11,1586
21.0,3,6,12,1591
21.0,3,6,13,1596
21.0,3,6,14,1601
21.0,3,6,15,1605
21.0,3,7,0,1538
21.0,3,7,1,1543
21.0,3,7,2,1548
21.0,3,7,3,1553
21.0,3,7,4,1558
21.0,3,7,5,1562
21.0,3,7,6,1567
21.0,3,7,7,1572
21.0,3,7,8,1577
21.0,3,7,9,1582
21.0,3,7,10,1587
21.0,3,7,11,1592
21.0,3,7,12,1596
21.0,3,7,13,1601
21.0,3,7,14,1606
21.0,3,7,15,1611
21.0,3,8,0,1543
21.0,3,8,1,1548
21.0,3,8,2,1553
21.0,3,8,3,1558
21.0,3,8,4,1563
21.0,3,8,5,1567
21.0,3,8,6,1572
21.0,3,8,7,1577
21.0,3,8,8,1582
21.0,3,8,9,1587
21.0,3,8,10,1592
21.0,3,8,11,1597
21.0,3,8,12,1601
21.0,3,8,13,1606
21.0,3,8,14,1611
21.0,3,8,15,1616
21.0,3,9,0,1548
21.0,3,9,1,1553
21.0,3,9,2,1558
21.0,3,9,3,1563
21.0,3,9,4,1568
21.0,3,9,5,1572
21.0,3,9,6,1577
21.0,3,9,7,1582
21.0,3,9,8,1587
21.0,3,9,9,1592
21.0,3,9,10,1597
21.0,3,9,11,1602
21.0,3,9,12,1607
21.0,3,9,13,1611
21.0,3,9,14,1616
21.0,3,9,15,1621
21.0,3,10,0,1553
21.0,3,10,1,1558
21.0,3,10,2,1563
21.0,3,10,3,1568
21.0,3,10,4,1572
21.0,3,10,5,1577
21.0,3,10,6,1582
21.0,3,10,7,1587
21.0,3,10,8,1592
21.0,3,10,9,1597
21.0,3,10,10,1602
21.0,3,10,11,1607
21.0,3,10,12,1612
21.0,3,10,13,1616
21.0,3,10,14,1621
21.0,3,10,15,1626
21.0,3,11,0,1557
21.0,3,11,1,1562
21.0,3,11,2,1567
21.0,3,11,3,1572
21.0,3,11,4,1577
21.0,3,11,5,1582
21.0,3,11,6,1587
21.0,3,11,7,1592
21.0,3,11,8,1597
21.0,3,11,9,1602
21.0,3,11,10,1607
21.0,3,11,11,1612
21.0,3,11,12,1617
21.0,3,11,13,1621
21.0,3,11,14,1626
21.0,3,11,15,1631
21.0,3,12,0,1562
21.0,3,12,1,1567
21.0,3,12,2,1572
21.0,3,12,3,1577
21.0,3,12,4,1582
21.0,3,12,5,1587
21.0,3,12,6,1592
21.0,3,12,7,1597
21.0,3,12,8,1602
21.0,3,12,9,1607
21.0,3,12,10,1612
21.0,3,12,11,1617
21.0,3,12,12,1622
21.0,3,12,13,1627
21.0,3,12,14,1631
21.0,3,12,15,1636
21.0,3,13,0,1567
21.0,3,13,1,1572
21.0,3,13,2,1577
21.0,3,13,3,1582
21.0,3,13,4,1587
21.0,3,13,5,1592
21.0,3,13,6,1597
21.0,3,13,7,1602
21.0,3,13,8,1607
21.0,3,13,9,1612
21.0,3,13,10,1617
21.0,3,13,11,1622
21.0,3,13,12,1627
21.0,3,13,13,1632
21.0,3,13,14,1636
21.0,3,13,15,1641
21.0,3,14,0,1572
21.0,3,14,1,1577
21.0,3,14,2,1582
21.0,3,14,3,1587
21.0,3,14,4,1592
21.0,3,14,5,1597
21.0,3,14,6,1602
21.0,3,14,7,1607
21.0,3,14,8,1612
21.0,3,14,9,1617
21.0,3,14,10,1622
21.0,3,14,11,1627
21.0,3,14,12,1632
21.0,3,14,13,1637
21.0,3,14,14,1641
21.0,3,14,15,1646
21.0,3,15,0,1577
21.0,3,15,1,1582
21.0,3,15,2,1587
21.0,3,15,3,1592
21.0,3,15,4,1597
21.0,3,15,5,1602
21.0,3,15,6,1607
21.0,3,15,7,1612
21.0,3,15,8,1617
21.0,3,15,9,1622
21.0,3,15,10,1627
21.0,3,15,11,1632
21.0,3,15,12,1637
21.0,3,15,13,1642
21.0,3,15,14,1647
21.0,3,15,15,1651
21.0,4,0,0,1509
21.0,4,0,1,1514
21.0,4,0,2,1518
21.0,4,0,3,1523
21.0,4,0,4,1528
21.0,4,0,5,1533
21.0,4,0,6,1538
21.0,4,0,7,1542
21.0,4,0,8,1547
21.0,4,0,9,1552
21.0,4,0,10,1557
21.0,4,0,11,1561
21.0,4,0,12,1566
21.0,4,0,13,1571
21.0,4,0,14,1575
21.0,4,0,15,1580
21.0,4,1,0,1514
21.0,4,1,1,1519
21.0,4,1,2,1523
21.0,4,1,3,1528
21.0,4,1,4,1533
21.0,4,1,5,1538
21.0,4,1,6,1543
21.0,4,1,7,1548
21.0,4,1,8,1552
21.0,4,1,9,1557
21.0,4,1,10,1562
21.0,4,1,11,1567
21.0,4,1,12,1571
21.0,4,1,13,1576
21.0,4,1,14,1581
21.0,4,1,15,1585
21.0,4,2,0,1519
21.0,4,2,1,1524
21.0,4,2,2,1529
21.0,4,2,3,1533
21.0,4,2,4,1538
21.0,4,2,5,1543
21.0,4,2,6,1548
21.0,4,2,7,1553
21.0,4,2,8,1557
21.0,4,2,9,1562
21.0,4,2,10,1567
21.0,4,2,11,1572
21.0,4,2,12,1576
21.0,4,2,13,1581
21.0,4,2,14,1586
21.0,4,2,15,1591
21.0,4,3,0,1524
21.0,4,3,1,1529
21.0,4,3,2,1534
21.0,4,3,3,1538
21.0,4,3,4,1543
21.0,4,3,5,1548
21.0,4,3,6,1553
21.0,4,3,7,1558
21.0,4,3,8,1563
21.0,4,3,9,1567
21.0,4,3,10,1572
21.0,4,3,11,1577
21.0,4,3,12,1582
21.0,4,3,13,1586
21.0,4,3,14,1591
21.0,4,3,15,1596
21.0,4,4,0,1529
21.0,4,4,1,1534
21.0,4,4,2,1539
21.0,4,4,3,1543
21.0,4,4,4,1548
21.0,4,4,5,1553
21.0,4,4,6,1558
21.0,4,4,7,1563
21.0,4,4,8,1568
21.0,4,4,9,1573
21.0,4,4,10,1577
21.0,4,4,11,1582
21.0,4,4,12,1587
21.0,4,4,13,1592
21.0,4,4,14,1596
21.0,4,4,15,1601
21.0,4,5,0,1534
21.0,4,5,1,1539
21.0,4,5,2,1544
21.0,4,5,3,1549
21.0,4,5,4,1553
21.0,4,5,5,1558
21.0,4,5,6,1563
21.0,4,5,7,1568
21.0,4,5,8,1573
21.0,4,5,9,1578
21.0,4,5,10,1582
21.0,4,5,11,1587
21.0,4,5,12,1592
21.0,4,5,13,1597
21.0,4,5,14,1602
21.0,4,5,15,1606
21.0,4,6,0,1539
21.0,4,6,1,1544
21.0,4,6,2,1549
21.0,4,6,3,1554
21.0,4,6,4,1558
21.0,4,6,5,1563
21.0,4,6,6,1568
21.0,4,6,7,1573
21.0,4,6,8,1578
21.0,4,6,9,1583
21.0,4,6,10,1588
21.0,4,6,11,1592
21.0,4,6,12,1597
21.0,4,6,13,1602
21.0,4,6,14,1607
21.0,4,6,15,1611
21.0,4,7,0,1544
21.0,4,7,1,1549
21.0,4,7,2,1554
21.0,4,7,3,1559
21.0,4,7,4,1563
21.0,4,7,5,1568
21.0,4,7,6,1573
21.0,4,7,7,1578
21.0,4,7,8,1583
21.0,4,7,9,1588
21.0,4,7,10,1593
21.0,4,7,11,1598
21.0,4,7,12,1602
21.0,4,7,13,1607
21.0,4,7,14,1612
21.0,4,7,15,1617
21.0,4,8,0,1549
21.0,4,8,1,1554
21.0,4,8,2,1559
21.0,4,8,3,1564
21.0,4,8,4,1568
21.0,4,8,5,1573
21.0,4,8,6,1578
21.0,4,8,7,1583
21.0,4,8,8,1588
21.0,4,8,9,1593
21.0,4,8,10,1598
21.0,4,8,11,1603
21.0,4,8,12,1607
21.0,4,8,13,1612
21.0,4,8,14,1617
21.0,4,8,15,1622
21.0,4,9,0,1554
21.0,4,9,1,1559
21.0,4,9,2,1564
21.0,4,9,3,1569
21.0,4,9,4,1573
21.0,4,9,5,1578
21.0,4,9,6,1583
21.0,4,9,7,1588
21.0,4,9,8,1593
21.0,4,9,9,1598
21.0,4,9,10,1603
21.0,4,9,11,1608
21.0,4,9,12,1613
21.0,4,9,13,1617
21.0,4,9,14,1622
21.0,4,9,15,1627
21.0,4,10,0,1558
21.0,4,10,1,1563
21.0,4,10,2,1568
21.0,4,10,3,1573
21.0,4,10,4,1578
21.0,4,10,5,1583
21.0,4,10,6,1588
21.0,4,10,7,1593
21.0,4,10,8,1598
21.0,4,10,9,1603
21.0,4,10,10,1608
21.0,4,10,11,1613
21.0,4,10,12,1618
21.0,4,10,13,1623
21.0,4,10,14,1627
21.0,4,10,15,1632
21.0,4,11,0,1563
21.0,4,11,1,1568
21.0,4,11,2,1573
21.0,4,11,3,1578
21.0,4,11,4,1583
21.0,4,11,5,1588
21.0,4,11,6,1593
21.0,4,11,7,1598
21.0,4,11,8,1603
21.0,4,11,9,1608
21.0,4,11,10,1613
21.0,4,11,11,1618
21.0,4,11,12,1623
21.0,4,11,13,1628
21.0,4,11,14,1632
21.0,4,11,15,1637
21.0,4,12,0,1568
21.0,4,12,1,1573
21.0,4,12,2,1578
21.0,4,12,3,1583
21.0,4,12,4,1588
21.0,4,12,5,1593
21.0,4,12,6,1598
21.0,4,12,7,1603
21.0,4,12,8,1608
21.0,4,12,9,1613
21.0,4,12,10,1618
21.0,4,12,11,1623
21.0,4,12,12,1628
21.0,4,12,13,1633
21.0,4,12,14,1638
21.0,4,12,15,1642
21.0,4,13,0,1573
21.0,4,13,1,1578
21.0,4,13,2,1583
21.0,4,13,3,1588
21.0,4,13,4,1593
21.0,4,13,5,1598
21.0,4,13,6,1603
21.0,4,13,7,1608
21.0,4,13,8,1613
21.0,4,13,9,1618
21.0,4,13,10,1623
21.0,4,13,11,1628
21.0,4,13,12,1633
21.0,4,13,13,1638
21.0,4,13,14,1643
21.0,4,13,15,1647
21.0,4,14,0,1578
21.0,4,14,1,1583
21.0,4,14,2,1588
21.0,4,14,3,1593
21.0,4,14,4,1598
21.0,4,14,5,1603
21.0,4,14,6,1608
21.0,4,14,7,1613
21.0,4,14,8,1618
21.0,4,14,9,1623
21.0,4,14,10,1628
21.0,4,14,11,1633
21.0,4,14,12,1638
21.0,4,14,13,1643
21.0,4,14,14,1648
21.0,4,14,15,1653
21.0,4,15,0,1583
21.0,4,15,1,1588
21.0,4,15,2,1593
21.0,4,15,3,1598
21.0,4,15,4,1603
21.0,4,15,5,1608
21.0,4,15,6,1613
21.0,4,15,7,1618
21.0,4,15,8,1623
21.0,4,15,9,1628
21.0,4,15,10,1633
21.0,4,15,11,1638
21.0,4,15,12,1643
21.0,4,15,13,1648
21.0,4,15,14,1653
21.0,4,15,15,1658
21.0,5,0,0,1514
21.0,5,0,1,1519
21.0,5,0,2,1524
21.0,5,0,3,1529
21.0,5,0,4,1534
21.0,5,0,5,1539
21.0,5,0,6,1543
21.0,5,0,7,1548
21.0,5,0,8,1553
21.0,5,0,9,1558
21.0,5,0,10,1562
21.0,5,0,11,1567
21.0,5,0,12,1572
21.0,5,0,13,1577
21.0,5,0,14,1581
21.0,5,0,15,1586
21.0,5,1,0,1519
21.0,5,1,1,1524
21.0,5,1,2,1529
21.0,5,1,3,1534
21.0,5,1,4,1539
21.0,5,1,5,1544
21.0,5,1,6,1549
21.0,5,1,7,1553
21.0,5,1,8,1558
21.0,5,1,9,1563
21.0,5,1,10,1568
21.0,5,1,11,1572
21.0,5,1,12,1577
21.0,5,1,13,1582
21.0,5,1,14,1587
21.0,5,1,15,1591
21.0,5,2,0,1524
21.0,5,2,1,1529
21.0,5,2,2,1534
21.0,5,2,3,1539
21.0,5,2,4,1544
21.0,5,2,5,1549
21.0,5,2,6,1554
21.0,5,2,7,1559
21.0,5,2,8,1563
21.0,5,2,9,1568
21.0,5,2,10,1573
21.0,5,2,11,1578
21.0,5,2,12,1582
21.0,5,2,13,1587
21.0,5,2,14,1592
21.0,5,2,15,1597
21.0,5,3,0,1530
21.0,5,3,1,1534
21.0,5,3,2,1539
21.0,5,3,3,1544
21.0,5,3,4,1549
21.0,5,3,5,1554
21.0,5,3,6,1559
21.0,5,3,7,1564
21.0,5,3,8,1569
21.0,5,3,9,1573
21.0,5,3,10,1578
21.0,5,3,11,1583
21.0,5,3,12,1588
21.0,5,3,13,1592
21.0,5,3,14,1597
21.0,5,3,15,1602
21.0,5,4,0,1535
21.0,5,4,1,1539
21.0,5,4,2,1544
21.0,5,4,3,1549
21.0,5,4,4,1554
21.0,5,4,5,1559
21.0,5,4,6,1564
21.0,5,4,7,1569
21.0,5,4,8,1574
21.0,5,4,9,1578
21.0,5,4,10,1583
21.0,5,4,11,1588
21.0,5,4,12,1593
21.0,5,4,13,1598
21.0,5,4,14,1602
21.0,5,4,15,1607
21.0,5,5,0,1540
21.0,5,5,1,1545
21.0,5,5,2,1549
21.0,5,5,3,1554
21.0,5,5,4,1559
21.0,5,5,5,1564
21.0,5,5,6,1569
21.0,5,5,7,1574
21.0,5,5,8,1579
21.0,5,5,9,1584
21.0,5,5,10,1588
21.0,5,5,11,1593
21.0,5,5,12,1598
21.0,5,5,13,1603
21.0,5,5,14,1608
21.0,5,5,15,1612
21.0,5,6,0,1545
21.0,5,6,1,1550
21.0,5,6,2,1554
21.0,5,6,3,1559
21.0,5,6,4,1564
21.0,5,6,5,1569
21.0,5,6,6,1574
21.0,5,6,7,1579
21.0,5,6,8,1584
21.0,5,6,9,1589
21.0,5,6,10,1594
21.0,5,6,11,1598
21.0,5,6,12,1603
21.0,5,6,13,1608
21.0,5,6,14,1613
21.0,5,6,15,1618
21.0,5,7,0,1550
21.0,5,7,1,1555
21.0,5,7,2,1559
21.0,5,7,3,1564
21.0,5,7,4,1569
21.0,5,7,5,1574
21.0,5,7,6,1579
21.0,5,7,7,1584
21.0,5,7,8,1589
21.0,5,7,9,1594
21.0,5,7,10,1599
21.0,5,7,11,1604
21.0,5,7,12,1608
21.0,5,7,13,1613
21.0,5,7,14,1618
21.0,5,7,15,1623
21.0,5,8,0,1554
21.0,5,8,1,1559
21.0,5,8,2,1564
21.0,5,8,3,1569
21.0,5,8,4,1574
21.0,5,8,5,1579
21.0,5,8,6,1584
21.0,5,8,7,1589
21.0,5,8,8,1594
21.0,5,8,9,1599
21.0,5,8,10,1604
21.0,5,8,11,1609
21.0,5,8,12,1614
21.0,5,8,13,1618
21.0,5,8,14,1623
21.0,5,8,15,1628
21.0,5,9,0,1559
21.0,5,9,1,1564
21.0,5,9,2,1569
21.0,5,9,3,1574
21.0,5,9,4,1579
21.0,5,9,5,1584
21.0,5,9,6,1589
21.0,5,9,7,1594
21.0,5,9,8,1599
21.0,5,9,9,1604
21.0,5,9,10,1609
21.0,5,9,11,1614
21.0,5,9,12,1619
21.0,5,9,13,1624
21.0,5,9,14,1628
21.0,5,9,15,1633
21.0,5,10,0,1564
21.0,5,10,1,1569
21.0,5,10,2,1574
21.0,5,10,3,1579
21.0,5,10,4,1584
21.0,5,10,5,1589
21.0,5,10,6,1594
21.0,5,10,7,1599
21.0,5,10,8,1604
21.0,5,10,9,1609
21.0,5,10,10,1614
21.0,5,10,11,1619
21.0,5,10,12,1624
21.0,5,10,13,1629
21.0,5,10,14,1633
21.0,5,10,15,1638
21.0,5,11,0,1569
21.0,5,11,1,1574
21.0,5,11,2,1579
21.0,5,11,3,1584
21.0,5,11,4,1589
21.0,5,11,5,1594
21.0,5,11,6,1599
21.0,5,11,7,1604
21.0,5,11,8,1609
21.0,5,11,9,1614
21.0,5,11,10,1619
21.0,5,11,11,1624
21.0,5,11,12,1629
21.0,5,11,13,1634
21.0,5,11,14,1639
21.0,5,11,15,1643
21.0,5,12,0,1574
21.0,5,12,1,1579
21.0,5,12,2,1584
21.0,5,12,3,1589
21.0,5,12,4,1594
21.0,5,12,5,1599
21.0,5,12,6,1604
21.0,5,12,7,1609
21.0,5,12,8,1614
21.0,5,12,9,1619
21.0,5,12,10,1624
21.0,5,12,11,1629
21.0,5,12,12,1634
21.0,5,12,13,1639
21.0,5,12,14,1644
21.0,5,12,15,1649
21.0,5,13,0,1579
21.0,5,13,1,1584
21.0,5,13,2,1589
21.0,5,13,3,1594
21.0,5,13,4,1599
21.0,5,13,5,1604
21.0,5,13,6,1609
21.0,5,13,7,1614
21.0,5,13,8,1619
21.0,5,13,9,1624
21.0,5,13,10,1629
21.0,5,13,11,1634
21.0,5,13,12,1639
21.0,5,13,13,1644
21.0,5,13,14,1649
21.0,5,13,15,1654
21.0,5,14,0,1584
21.0,5,14,1,1589
21.0,5,14,2,1594
21.0,5,14,3,1599
21.0,5,14,4,1604
21.0,5,14,5,1609
21.0,5,14,6,1614
21.0,5,14,7,1619
21.0,5,14,8,1624
21.0,5,14,9,1629
21.0,5,14,10,1634
21.0,5,14,11,1639
21.0,5,14,12,1644
21.0,5,14,13,1649
21.0,5,14,14,1654
21.0,5,14,15,1659
21.0,5,15,0,1589
21.0,5,15,1,1594
21.0,5,15,2,1599
21.0,5,15,3,1604
21.0,5,15,4,1609
21.0,5,15,5,1614
21.0,5,15,6,1619
21.0,5,15,7,1624
21.0,5,15,8,1629
21.0,5,15,9,1634
21.0,5,15,10,1639
21.0,5,15,11,1644
21.0,5,15,12,1649
21.0,5,15,13,1654
21.0,5,15,14,1659
21.0,5,15,15,1664
21.0,6,0,0,1520
21.0,6,0,1,1525
21.0,6,0,2,1530
21.0,6,0,3,1535
21.0,6,0,4,1540
21.0,6,0,5,1544
21.0,6,0,6,1549
21.0,6,0,7,1554
21.0,6,0,8,1559
21.0,6,0,9,1564
21.0,6,0,10,1568
21.0,6,0,11,1573
21.0,6,0,12,1578
21.0,6,0,13,1583
21.0,6,0,14,1587
21.0,6,0,15,1592
21.0,6,1,0,1525
21.0,6,1,1,1530
21.0,6,1,2,1535
21.0,6,1,3,1540
21.0,6,1,4,1545
21.0,6,1,5,1550
21.0,6,1,6,1554
21.0,6,1,7,1559
21.0,6,1,8,1564
21.0,6,1,9,1569
21.0,6,1,10,1574
21.0,6,1,11,1578
21.0,6,1,12,1583
21.0,6,1,13,1588
21.0,6,1,14,1593
21.0,6,1,15,1597
21.0,6,2,0,1530
21.0,6,2,1,1535
21.0,6,2,2,1540
21.0,6,2,3,1545
21.0,6,2,4,1550
21.0,6,2,5,1555
21.0,6,2,6,1560
21.0,6,2,7,1564
21.0,6,2,8,1569
21.0,6,2,9,1574
21.0,6,2,10,1579
21.0,6,2,11,1584
21.0,6,2,12,1588
21.0,6,2,13,1593
21.0,6,2,14,1598
21.0,6,2,15,1603
21.0,6,3,0,1535
21.0,6,3,1,1540
21.0,6,3,2,1545
21.0,6,3,3,1550
21.0,6,3,4,1555
21.0,6,3,5,1560
21.0,6,3,6,1565
21.0,6,3,7,1570
21.0,6,3,8,1574
21.0,6,3,9,1579
21.0,6,3,10,1584
21.0,6,3,11,1589
21.0,6,3,12,1594
21.0,6,3,13,1598
21.0,6,3,14,1603
21.0,6,3,15,1608
21.0,6,4,0,1540
21.0,6,4,1,1545
21.0,6,4,2,1550
21.0,6,4,3,1555
21.0,6,4,4,1560
21.0,6,4,5,1565
21.0,6,4,6,1570
21.0,6,4,7,1575
21.0,6,4,8,1580
21.0,6,4,9,1584
21.0,6,4,10,1589
21.0,6,4,11,1594
21.0,6,4,12,1599
21.0,6,4,13,1604
21.0,6,4,14,1608
21.0,6,4,15,1613
21.0,6,5,0,1545
21.0,6,5,1,1550
21.0,6,5,2,1555
21.0,6,5,3,1560
21.0,6,5,4,1565
21.0,6,5,5,1570
21.0,6,5,6,1575
21.0,6,5,7,1580
21.0,6,5,8,1585
21.0,6,5,9,1590
21.0,6,5,10,1594
21.0,6,5,11,1599
21.0,6,5,12,1604
21.0,6,5,13,1609
21.0,6,5,14,1614
21.0,6,5,15,1618
21.0,6,6,0,1550
21.0,6,6,1,1555
21.0,6,6,2,1560
21.0,6,6,3,1565
21.0,6,6,4,1570
21.0,6,6,5,1575
21.0,6,6,6,1580
21.0,6,6,7,1585
21.0,6,6,8,1590
21.0,6,6,9,1595
21.0,6,6,10,1600
21.0,6,6,11,1604
21.0,6,6,12,1609
21.0,6,6,13,1614
21.0,6,6,14,1619
21.0,6,6,15,1624
21.0,6,7,0,1555
21.0,6,7,1,1560
21.0,6,7,2,1565
21.0,6,7,3,1570
21.0,6,7,4,1575
21.0,6,7,5,1580
21.0,6,7,6,1585
21.0,6,7,7,1590
21.0,6,7,8,1595
21.0,6,7,9,1600
21.0,6,7,10,1605
21.0,6,7,11,1610
21.0,6,7,12,1614
21.0,6,7,13,1619
21.0,6,7,14,1624
21.0,6,7,15,1629
21.0,6,8,0,1560
21.0,6,8,1,1565
21.0,6,8,2,1570
21.0,6,8,3,1575
21.0,6,8,4,1580
21.0,6,8,5,1585
21.0,6,8,6,1590
21.0,6,8,7,1595
21.0,6,8,8,1600
21.0,6,8,9,1605
21.0,6,8,10,1610
21.0,6,8,11,1615
21.0,6,8,12,1620
21.0,6,8,13,1624
21.0,6,8,14,1629
21.0,6,8,15,1634
21.0,6,9,0,1565
21.0,6,9,1,1570
21.0,6,9,2,1575
21.0,6,9,3,1580
21.0,6,9,4,1585
21.0,6,9,5,1590
21.0,6,9,6,1595
21.0,6,9,7,1600
21.0,6,9,8,1605
21.0,6,9,9,1610
21.0,6,9,10,1615
21.0,6,9,11,1620
21.0,6,9,12,1625
21.0,6,9,13,1630
21.0,6,9,14,1634
21.0,6,9,15,1639
21.0,6,10,0,1570
21.0,6,10,1,1575
21.0,6,10,2,1580
21.0,6,10,3,1585
21.0,6,10,4,1590
21.0,6,10,5,1595
21.0,6,10,6,1600
21.0,6,10,7,1605
21.0,6,10,8,1610
21.0,6,10,9,1615
21.0,6,10,10,1620
21.0,6,10,11,1625
21.0,6,10,12,1630
21.0,6,10,13,1635
21.0,6,10,14,1640
21.0,6,10,15,1644
21.0,6,11,0,1575
21.0,6,11,1,1580
21.0,6,11,2,1585
21.0,6,11,3,1590
21.0,6,11,4,1595
21.0,6,11,5,1600
21.0,6,11,6,1605
21.0,6,11,7,1610
21.0,6,11,8,1615
21.0,6,11,9,1620
21.0,6,11,10,1625
21.0,6,11,11,1630
21.0,6,11,12,1635
21.0,6,11,13,1640
21.0,6,11,14,1645
21.0,6,11,15,1650
21.0,6,12,0,1580
21.0,6,12,1,1585
21.0,6,12,2,1590
21.0,6,12,3,1595
21.0,6,12,4,1600
21.0,6,12,5,1605
21.0,6,12,6,1610
21.0,6,12,7,1615
21.0,6,12,8,1620
21.0,6,12,9,1625
21.0,6,12,10,1630
21.0,6,12,11,1635
21.0,6,12,12,1640
21.0,6,12,13,1645
21.0,6,12,14,1650
21.0,6,12,15,1655
21.0,6,13,0,1585
21.0,6,13,1,1590
21.0,6,13,2,1595
21.0,6,13,3,1600
21.0,6,13,4,1605
21.0,6,13,5,1610
21.0,6,13,6,1615
21.0,6,13,7,1620
21.0,6,13,8,1625
21.0,6,13,9,1630
21.0,6,13,10,1635
21.0,6,13,11,1640
21.0,6,13,12,1645
21.0,6,13,13,1650
21.0,6,13,14,1655
21.0,6,13,15,1660
21.0,6,14,0,1590
21.0,6,14,1,1595
21.0,6,14,2,1600
21.0,6,14,3,1605
21.0,6,14,4,1610
21.0,6,14,5,1615
21.0,6,14,6,1620
21.0,6,14,7,1625
21.0,6,14,8,1630
21.0,6,14,9,1635
21.0,6,14,10,1640
21.0,6,14,11,1645
21.0,6,14,12,1650
21.0,6,14,13,1655
21.0,6,14,14,1660
21.0,6,14,15,1665
21.0,6,15,0,1595
21.0,6,15,1,1600
21.0,6,15,2,1605
21.0,6,15,3,1610
21.0,6,15,4,1615
21.0,6,15,5,1620
21.0,6,15,6,1625
21.0,6,15,7,1630
21.0,6,15,8,1635
21.0,6,15,9,1640
21.0,6,15,10,1645
21.0,6,15,11,1650
21.0,6,15,12,1655
21.0,6,15,13,1660
21.0,6,15,14,1665
21.0,6,15,15,1670
21.0,7,0,0,1526
21.0,7,0,1,1531
21.0,7,0,2,1536
21.0,7,0,3,1540
21.0,7,0,4,1545
21.0,7,0,5,1550
21.0,7,0,6,1555
21.0,7,0,7,1560
21.0,7,0,8,1565
21.0,7,0,9,1569
21.0,7,0,10,1574
21.0,7,0,11,1579
21.0,7,0,12,1584
21.0,7,0,13,1588
21.0,7,0,14,1593
21.0,7,0,15,1598
21.0,7,1,0,1531
21.0,7,1,1,1536
21.0,7,1,2,1541
21.0,7,1,3,1546
21.0,7,1,4,1550
21.0,7,1,5,1555
21.0,7,1,6,1560
21.0,7,1,7,1565
21.0,7,1,8,1570
21.0,7,1,9,1575
21.0,7,1,10,1579
21.0,7,1,11,1584
21.0,7,1,12,1589
21.0,7,1,13,1594
21.0,7,1,14,1599
21.0,7,1,15,1603
21.0,7,2,0,1536
21.0,7,2,1,1541
21.0,7,2,2,1546
21.0,7,2,3,1551
21.0,7,2,4,1556
21.0,7,2,5,1561
21.0,7,2,6,1565
21.0,7,2,7,1570
21.0,7,2,8,1575
21.0,7,2,9,1580
21.0,7,2,10,1585
21.0,7,2,11,1590
21.0,7,2,12,1594
21.0,7,2,13,1599
21.0,7,2,14,1604
21.0,7,2,15,1609
21.0,7,3,0,1541
21.0,7,3,1,1546
21.0,7,3,2,1551
21.0,7,3,3,1556
21.0,7,3,4,1561
21.0,7,3,5,1566
21.0,7,3,6,1571
21.0,7,3,7,1575
21.0,7,3,8,1580
21.0,7,3,9,1585
21.0,7,3,10,1590
21.0,7,3,11,1595
21.0,7,3,12,1600
21.0,7,3,13,1604
21.0,7,3,14,1609
21.0,7,3,15,1614
21.0,7,4,0,1546
21.0,7,4,1,1551
21.0,7,4,2,1556
21.0,7,4,3,1561
21.0,7,4,4,1566
21.0,7,4,5,1571
21.0,7,4,6,1576
21.0,7,4,7,1581
21.0,7,4,8,1585
21.0,7,4,9,1590
21.0,7,4,10,1595
21.0,7,4,11,1600
21.0,7,4,12,1605
21.0,7,4,13,1610
21.0,7,4,14,1614
21.0,7,4,15,1619
21.0,7,5,0,1551
21.0,7,5,1,1556
21.0,7,5,2,1561
21.0,7,5,3,1566
21.0,7,5,4,1571
21.0,7,5,5,1576
21.0,7,5,6,1581
21.0,7,5,7,1586
21.0,7,5,8,1591
21.0,7,5,9,1596
21.0,7,5,10,1600
21.0,7,5,11,1605
21.0,7,5,12,1610
21.0,7,5,13,1615
21.0,7,5,14,1620
21.0,7,5,15,1624
21.0,7,6,0,1556
21.0,7,6,1,1561
21.0,7,6,2,1566
21.0,7,6,3,1571
21.0,7,6,4,1576
21.0,7,6,5,1581
21.0,7,6,6,1586
21.0,7,6,7,1591
21.0,7,6,8,1596
21.0,7,6,9,1601
21.0,7,6,10,1606
21.0,7,6,11,1610
21.0,7,6,12,1615
21.0,7,6,13,1620
21.0,7,6,14,1625
21.0,7,6,15,1630
21.0,7,7,0,1561
21.0,7,7,1,1566
21.0,7,7,2,1571
21.0,7,7,3,1576
21.0,7,7,4,1581
21.0,7,7,5,1586
21.0,7,7,6,1591
21.0,7,7,7,1596
21.0,7,7,8,1601
21.0,7,7,9,1606
21.0,7,7,10,1611
21.0,7,7,11,1616
21.0,7,7,12,1620
21.0,7,7,13,1625
21.0,7,7,14,1630
21.0,7,7,15,1635
21.0,7,8,0,1566
21.0,7,8,1,1571
21.0,7,8,2,1576
21.0,7,8,3,1581
21.0,7,8,4,1586
21.0,7,8,5,1591
21.0,7,8,6,1596
21.0,7,8,7,1601
21.0,7,8,8,1606
21.0,7,8,9,1611
21.0,7,8,10,1616
21.0,7,8,11,1621
21.0,7,8,12,1626
21.0,7,8,13,1631
21.0,7,8,14,1635
21.0,7,8,15,1640
21.0,7,9,0,1571
21.0,7,9,1,1576
21.0,7,9,2,1581
21.0,7,9,3,1586
21.0,7,9,4,1591
21.0,7,9,5,1596
21.0,7,9,6,1601
21.0,7,9,7,1606
21.0,7,9,8,1611
21.0,7,9,9,1616
21.0,7,9,10,1621
21.0,7,9,11,1626
21.0,7,9,12,1631
21.0,7,9,13,1636
21.0,7,9,14,1641
21.0,7,9,15,1645
21.0,7,10,0,1576
21.0,7,10,1,1581
21.0,7,10,2,1586
21.0,7,10,3,1591
21.0,7,10,4,1596
21.0,7,10,5,1601
21.0,7,10,6,1606
21.0,7,10,7,1611
21.0,7,10,8,1616
21.0,7,10,9,1621
21.0,7,10,10,1626
21.0,7,10,11,1631
21.0,7,10,12,1636
21.0,7,10,13,1641
21.0,7,10,14,1646
21.0,7,10,15,1651
21.0,7,11,0,1581
21.0,7,11,1,1586
21.0,7,11,2,1591
21.0,7,11,3,1596
21.0,7,11,4,1601
21.0,7,11,5,1606
21.0,7,11,6,1611
21.0,7,11,7,1616
21.0,7,11,8,1621
21.0,7,11,9,1626
21.0,7,11,10,1631
21.0,7,11,11,1636
21.0,7,11,12,1641
21.0,7,11,13,1646
21.0,7,11,14,1651
21.0,7,11,15,1656
21.0,7,12,0,1586
21.0,7,12,1,1591
21.0,7,12,2,1596
21.0,7,12,3,1601
21.0,7,12,4,1606
21.0,7,12,5,1611
21.0,7,12,6,1616
21.0,7,12,7,1621
21.0,7,12,8,1626
21.0,7,12,9,1631
21.0,7,12,10,1636
21.0,7,12,11,1641
21.0,7,12,12,1646
21.0,7,12,13,1651
21.0,7,12,14,1656
21.0,7,12,15,1661
21.0,7,13,0,1591
21.0,7,13,1,1596
21.0,7,13,2,1601
21.0,7,13,3,1606
21.0,7,13,4,1611
21.0,7,13,5,1616
21.0,7,13,6,1621
21.0,7,13,7,1626
21.0,7,13,8,1631
21.0,7,13,9,1636
21.0,7,13,10,1641
21.0,7,13,11,1646
21.0,7,13,12,1651
21.0,7,13,13,1656
21.0,7,13,14,1661
21.0,7,13,15,1666
21.0,7,14,0,1596
21.0,7,14,1,1601
21.0,7,14,2,1606
21.0,7,14,3,1611
21.0,7,14,4,1616
21.0,7,14,5,1621
21.0,7,14,6,1626
21.0,7,14,7,1631
21.0,7,14,8,1636
21.0,7,14,9,1642
21.0,7,14,10,1647
21.0,7,14,11,1651
21.0,7,14,12,1656
21.0,7,14,13,1661
21.0,7,14,14,1666
21.0,7,14,15,1671
21.0,7,15,0,1601
21.0,7,15,1,1606
21.0,7,15,2,1611
21.0,7,15,3,1616
21.0,7,15,4,1621
21.0,7,15,5,1626
21.0,7,15,6,1631
21.0,7,15,7,1636
21.0,7,15,8,1642
21.0,7,15,9,1647
21.0,7,15,10,1652
21.0,7,15,11,1657
21.0,7,15,12,1662
21.0,7,15,13,1667
21.0,7,15,14,1671
21.0,7,15,15,1676
21.0,8,0,0,1531
21.0,8,0,1,1536
21.0,8,0,2,1541
21.0,8,0,3,1546
21.0,8,0,4,1551
21.0,8,0,5,1556
21.0,8,0,6,1561
21.0,8,0,7,1566
21.0,8,0,8,1570
21.0,8,0,9,1575
21.0,8,0,10,1580
21.0,8,0,11,1585
21.0,8,0,12,1590
21.0,8,0,13,1594
21.0,8,0,14,1599
21.0,8,0,15,1604
21.0,8,1,0,1537
21.0,8,1,1,1542
21.0,8,1,2,1546
21.0,8,1,3,1551
21.0,8,1,4,1556
21.0,8,1,5,1561
21.0,8,1,6,1566
21.0,8,1,7,1571
21.0,8,1,8,1576
21.0,8,1,9,1581
21.0,8,1,10,1585
21.0,8,1,11,1590
21.0,8,1,12,1595
21.0,8,1,13,1600
21.0,8,1,14,1604
21.0,8,1,15,1609
21.0,8,2,0,1542
21.0,8,2,1,1547
21.0,8,2,2,1552
21.0,8,2,3,1557
21.0,8,2,4,1561
21.0,8,2,5,1566
21.0,8,2,6,1571
21.0,8,2,7,1576
21.0,8,2,8,1581
21.0,8,2,9,1586
21.0,8,2,10,1591
21.0,8,2,11,1595
21.0,8,2,12,1600
21.0,8,2,13,1605
21.0,8,2,14,1610
21.0,8,2,15,1615
21.0,8,3,0,1547
21.0,8,3,1,1552
21.0,8,3,2,1557
21.0,8,3,3,1562
21.0,8,3,4,1567
21.0,8,3,5,1572
21.0,8,3,6,1576
21.0,8,3,7,1581
21.0,8,3,8,1586
21.0,8,3,9,1591
21.0,8,3,10,1596
21.0,8,3,11,1601
21.0,8,3,12,1606
21.0,8,3,13,1610
21.0,8,3,14,1615
21.0,8,3,15,1620
21.0,8,4,0,1552
21.0,8,4,1,1557
21.0,8,4,2,1562
21.0,8,4,3,1567
21.0,8,4,4,1572
21.0,8,4,5,1577
21.0,8,4,6,1582
21.0,8,4,7,1587
21.0,8,4,8,1591
21.0,8,4,9,1596
21.0,8,4,10,1601
21.0,8,4,11,1606
21.0,8,4,12,1611
21.0,8,4,13,1616
21.0,8,4,14,1620
21.0,8,4,15,1625
21.0,8,5,0,1557
21.0,8,5,1,1562
21.0,8,5,2,1567
21.0,8,5,3,1572
21.0,8,5,4,1577
21.0,8,5,5,1582
21.0,8,5,6,1587
21.0,8,5,7,1592
21.0,8,5,8,1597
21.0,8,5,9,1601
21.0,8,5,10,1606
21.0,8,5,11,1611
21.0,8,5,12,1616
21.0,8,5,13,1621
21.0,8,5,14,1626
21.0,8,5,15,1631
21.0,8,6,0,1562
21.0,8,6,1,1567
21.0,8,6,2,1572
21.0,8,6,3,1577
21.0,8,6,4,1582
21.0,8,6,5,1587
21.0,8,6,6,1592
21.0,8,6,7,1597
21.0,8,6,8,1602
21.0,8,6,9,1607
21.0,8,6,10,1612
21.0,8,6,11,1616
21.0,8,6,12,1621
21.0,8,6,13,1626
21.0,8,6,14,1631
21.0,8,6,15,1636
21.0,8,7,0,1567
21.0,8,7,1,1572
21.0,8,7,2,1577
21.0,8,7,3,1582
21.0,8,7,4,1587
21.0,8,7,5,1592
21.0,8,7,6,1597
21.0,8,7,7,1602
21.0,8,7,8,1607
21.0,8,7,9,1612
21.0,8,7,10,1617
21.0,8,7,11,1622
21.0,8,7,12,1627
21.0,8,7,13,1631
21.0,8,7,14,1636
21.0,8,7,15,1641
21.0,8,8,0,1572
21.0,8,8,1,1577
21.0,8,8,2,1582
21.0,8,8,3,1587
21.0,8,8,4,1592
21.0,8,8,5,1597
21.0,8,8,6,1602
21.0,8,8,7,1607
21.0,8,8,8,1612
21.0,8,8,9,1617
21.0,8,8,10,1622
21.0,8,8,11,1627
21.0,8,8,12,1632
21.0,8,8,13,1637
21.0,8,8,14,1641
21.0,8,8,15,1646
21.0,8,9,0,1577
21.0,8,9,1,1582
21.0,8,9,2,1587
21.0,8,9,3,1592
21.0,8,9,4,1597
21.0,8,9,5,1602
21.0,8,9,6,1607
21.0,8,9,7,1612
21.0,8,9,8,1617
21.0,8,9,9,1622
21.0,8,9,10,1627
21.0,8,9,11,1632
21.0,8,9,12,1637
21.0,8,9,13,1642
21.0,8,9,14,1647
21.0,8,9,15,1652
21.0,8,10,0,1582
21.0,8,10,1,1587
21.0,8,10,2,1592
21.0,8,10,3,1597
21.0,8,10,4,1602
21.0,8,10,5,1607
21.0,8,10,6,1612
21.0,8,10,7,1617
21.0,8,10,8,1622
21.0,8,10,9,1627
21.0,8,10,10,1632
21.0,8,10,11,1637
21.0,8,10,12,1642
21.0,8,10,13,1647
21.0,8,10,14,1652
21.0,8,10,15,1657
21.0,8,11,0,1587
21.0,8,11,1,1592
21.0,8,11,2,1597
21.0,8,11,3,1602
21.0,8,11,4,1607
21.0,8,11,5,1612
21.0,8,11,6,1617
21.0,8,11,7,1622
21.0,8,11,8,1627
21.0,8,11,9,1632
21.0,8,11,10,1637
21.0,8,11,11,1642
21.0,8,11,12,1647
21.0,8,11,13,1652
21.0,8,11,14,1657
21.0,8,11,15,1662
21.0,8,12,0,1592
21.0,8,12,1,1597
21.0,8,12,2,1602
21.0,8,12,3,1607
21.0,8,12,4,1612
21.0,8,12,5,1617
21.0,8,12,6,1622
21.0,8,12,7,1627
21.0,8,12,8,1632
21.0,8,12,9,1637
21.0,8,12,10,1642
21.0,8,12,11,1647
21.0,8,12,12,1652
21.0,8,12,13,1657
21.0,8,12,14,1662
21.0,8,12,15,1667
21.0,8,13,0,1597
21.0,8,13,1,1602
21.0,8,13,2,1607
21.0,8,13,3,1612
21.0,8,13,4,1617
21.0,8,13,5,1622
21.0,8,13,6,1627
21.0,8,13,7,1633
21.0,8,13,8,1638
21.0,8,13,9,1643
21.0,8,13,10,1648
21.0,8,13,11,1653
21.0,8,13,12,1658
21.0,8,13,13,1662
21.0,8,13,14,1667
21.0,8,13,15,1672
21.0,8,14,0,1602
21.0,8,14,1,1607
21.0,8,14,2,1612
21.0,8,14,3,1617
21.0,8,14,4,1622
21.0,8,14,5,1627
21.0,8,14,6,1632
21.0,8,14,7,1638
21.0,8,14,8,1643
21.0,8,14,9,1648
21.0,8,14,10,1653
21.0,8,14,11,1658
21.0,8,14,12,1663
21.0,8,14,13,1668
21.0,8,14,14,1673
21.0,8,14,15,1678
21.0,8,15,0,1607
21.0,8,15,1,1612
21.0,8,15,2,1617
21.0,8,15,3,1622
21.0,8,15,4,1627
21.0,8,15,5,1632
21.0,8,15,6,1637
21.0,8,15,7,1643
21.0,8,15,8,1648
21.0,8,15,9,1653
21.0,8,15,10,1658
21.0,8,15,11,1663
21.0,8,15,12,1668
21.0,8,15,13,1673
21.0,8,15,14,1678
21.0,8,15,15,1683
21.0,9,0,0,1537
21.0,9,0,1,1542
21.0,9,0,2,1547
21.0,9,0,3,1552
21.0,9,0,4,1557
21.0,9,0,5,1562
21.0,9,0,6,1567
21.0,9,0,7,1571
21.0,9,0,8,1576
21.0,9,0,9,1581
21.0,9,0,10,1586
21.0,9,0,11,1591
21.0,9,0,12,1596
21.0,9,0,13,1600
21.0,9,0,14,1605
21.0,9,0,15,1610
21.0,9,1,0,1542
21.0,9,1,1,1547
21.0,9,1,2,1552
21.0,9,1,3,1557
21.0,9,1,4,1562
21.0,9,1,5,1567
21.0,9,1,6,1572
21.0,9,1,7,1577
21.0,9,1,8,1582
21.0,9,1,9,1586
21.0,9,1,10,1591
21.0,9,1,11,1596
21.0,9,1,12,1601
21.0,9,1,13,1606
21.0,9,1,14,1610
21.0,9,1,15,1615
21.0,9,2,0,1547
21.0,9,2,1,1552
21.0,9,2,2,1557
21.0,9,2,3,1562
21.0,9,2,4,1567
21.0,9,2,5,1572
21.0,9,2,6,1577
21.0,9,2,7,1582
21.0,9,2,8,1587
21.0,9,2,9,1592
21.0,9,2,10,1597
21.0,9,2,11,1601
21.0,9,2,12,1606
21.0,9,2,13,1611
21.0,9,2,14,1616
21.0,9,2,15,1621
21.0,9,3,0,1553
21.0,9,3,1,1558
21.0,9,3,2,1563
21.0,9,3,3,1567
21.0,9,3,4,1572
21.0,9,3,5,1577
21.0,9,3,6,1582
21.0,9,3,7,1587
21.0,9,3,8,1592
21.0,9,3,9,1597
21.0,9,3,10,1602
21.0,9,3,11,1607
21.0,9,3,12,1612
21.0,9,3,13,1616
21.0,9,3,14,1621
21.0,9,3,15,1626
21.0,9,4,0,1558
21.0,9,4,1,1563
21.0,9,4,2,1568
21.0,9,4,3,1573
21.0,9,4,4,1578
21.0,9,4,5,1583
21.0,9,4,6,1587
21.0,9,4,7,1592
21.0,9,4,8,1597
21.0,9,4,9,1602
21.0,9,4,10,1607
21.0,9,4,11,1612
21.0,9,4,12,1617
21.0,9,4,13,1622
21.0,9,4,14,1626
21.0,9,4,15,1631
21.0,9,5,0,1563
21.0,9,5,1,1568
21.0,9,5,2,1573
21.0,9,5,3,1578
21.0,9,5,4,1583
21.0,9,5,5,1588
21.0,9,5,6,1593
21.0,9,5,7,1598
21.0,9,5,8,1603
21.0,9,5,9,1607
21.0,9,5,10,1612
21.0,9,5,11,1617
21.0,9,5,12,1622
21.0,9,5,13,1627
21.0,9,5,14,1632
21.0,9,5,15,1637
21.0,9,6,0,1568
21.0,9,6,1,1573
21.0,9,6,2,1578
21.0,9,6,3,1583
21.0,9,6,4,1588
21.0,9,6,5,1593
21.0,9,6,6,1598
21.0,9,6,7,1603
21.0,9,6,8,1608
21.0,9,6,9,1613
21.0,9,6,10,1618
21.0,9,6,11,1622
21.0,9,6,12,1627
21.0,9,6,13,1632
21.0,9,6,14,1637
21.0,9,6,15,1642
21.0,9,7,0,1573
21.0,9,7,1,1578
21.0,9,7,2,1583
21.0,9,7,3,1588
21.0,9,7,4,1593
21.0,9,7,5,1598
21.0,9,7,6,1603
21.0,9,7,7,1608
21.0,9,7,8,1613
21.0,9,7,9,1618
21.0,9,7,10,1623
21.0,9,7,11,1628
21.0,9,7,12,1633
21.0,9,7,13,1637
21.0,9,7,14,1642
21.0,9,7,15,1647
21.0,9,8,0,1578
21.0,9,8,1,1583
21.0,9,8,2,1588
21.0,9,8,3,1593
21.0,9,8,4,1598
21.0,9,8,5,1603
21.0,9,8,6,1608
21.0,9,8,7,1613
21.0,9,8,8,1618
21.0,9,8,9,1623
21.0,9,8,10,1628
21.0,9,8,11,1633
21.0,9,8,12,1638
21.0,9,8,13,1643
21.0,9,8,14,1648
21.0,9,8,15,1652
21.0,9,9,0,1583
21.0,9,9,1,1588
21.0,9,9,2,1593
21.0,9,9,3,1598
21.0,9,9,4,1603
21.0,9,9,5,1608
21.0,9,9,6,1613
21.0,9,9,7,1618
21.0,9,9,8,1623
21.0,9,9,9,1628
21.0,9,9,10,1633
21.0,9,9,11,1638
21.0,9,9,12,1643
21.0,9,9,13,1648
21.0,9,9,14,1653
21.0,9,9,15,1658
21.0,9,10,0,1588
21.0,9,10,1,1593
21.0,9,10,2,1598
21.0,9,10,3,1603
21.0,9,10,4,1608
21.0,9,10,5,1613
21.0,9,10,6,1618
21.0,9,10,7,1623
21.0,9,10,8,1628
21.0,9,10,9,1633
21.0,9,10,10,1638
21.0,9,10,11,1643
21.0,9,10,12,1648
21.0,9,10,13,1653
21.0,9,10,14,1658
21.0,9,10,15,1663
21.0,9,11,0,1593
21.0,9,11,1,1598
21.0,9,11,2,1603
21.0,9,11,3,1608
21.0,9,11,4,1613
21.0,9,11,5,1618
21.0,9,11,6,1623
21.0,9,11,7,1628
21.0,9,11,8,1633
21.0,9,11,9,1638
21.0,9,11,10,1643
21.0,9,11,11,1648
21.0,9,11,12,1653
21.0,9,11,13,1658
21.0,9,11,14,1663
21.0,9,11,15,1668
21.0,9,12,0,1598
21.0,9,12,1,1603
21.0,9,12,2,1608
21.0,9,12,3,1613
21.0,9,12,4,1618
21.0,9,12,5,1623
21.0,9,12,6,1628
21.0,9,12,7,1634
21.0,9,12,8,1639
21.0,9,12,9,1644
21.0,9,12,10,1649
21.0,9,12,11,1654
21.0,9,12,12,1659
21.0,9,12,13,1664
21.0,9,12,14,1668
21.0,9,12,15,1673
21.0,9,13,0,1603
21.0,9,13,1,1608
21.0,9,13,2,1613
21.0,9,13,3,1618
21.0,9,13,4,1623
21.0,9,13,5,1628
21.0,9,13,6,1634
21.0,9,13,7,1639
21.0,9,13,8,1644
21.0,9,13,9,1649
21.0,9,13,10,1654
21.0,9,13,11,1659
21.0,9,13,12,1664
21.0,9,13,13,1669
21.0,9,13,14,1674
21.0,9,13,15,1679
21.0,9,14,0,1608
21.0,9,14,1,1613
21.0,9,14,2,1618
21.0,9,14,3,1623
21.0,9,14,4,1628
21.0,9,14,5,1633
21.0,9,14,6,1639
21.0,9,14,7,1644
21.0,9,14,8,1649
21.0,9,14,9,1654
21.0,9,14,10,1659
21.0,9,14,11,1664
21.0,9,14,12,1669
21.0,9,14,13,1674
21.0,9,14,14,1679
21.0,9,14,15,1684
21.0,9,15,0,1613
21.0,9,15,1,1618
21.0,9,15,2,1623
21.0,9,15,3,1628
21.0,9,15,4,1633
21.0,9,15,5,1638
21.0,9,15,6,1644
21.0,9,15,7,1649
21.0,9,15,8,1654
21.0,9,15,9,1659
21.0,9,15,10,1664
21.0,9,15,11,1669
21.0,9,15,12,1674
21.0,9,15,13,1679
21.0,9,15,14,1684
21.0,9,15,15,1689
21.0,10,0,0,1543
21.0,10,0,1,1548
21.0,10,0,2,1553
21.0,10,0,3,1558
21.0,10,0,4,1563
21.0,10,0,5,1568
21.0,10,0,6,1572
21.0,10,0,7,1577
21.0,10,0,8,1582
21.0,10,0,9,1587
21.0,10,0,10,1592
21.0,10,0,11,1597
21.0,10,0,12,1601
21.0,10,0,13,1606
21.0,10,0,14,1611
21.0,10,0,15,1616
21.0,10,1,0,1548
21.0,10,1,1,1553
21.0,10,1,2,1558
21.0,10,1,3,1563
21.0,10,1,4,1568
21.0,10,1,5,1573
21.0,10,1,6,1578
21.0,10,1,7,1583
21.0,10,1,8,1587
21.0,10,1,9,1592
21.0,10,1,10,1597
21.0,10,1,11,1602
21.0,10,1,12,1607
21.0,10,1,13,1612
21.0,10,1,14,1616
21.0,10,1,15,1621
21.0,10,2,0,1553
21.0,10,2,1,1558
21.0,10,2,2,1563
21.0,10,2,3,1568
21.0,10,2,4,1573
21.0,10,2,5,1578
21.0,10,2,6,1583
21.0,10,2,7,1588
21.0,10,2,8,1593
21.0,10,2,9,1598
21.0,10,2,10,1602
21.0,10,2,11,1607
21.0,10,2,12,1612
21.0,10,2,13,1617
21.0,10,2,14,1622
21.0,10,2,15,1627
21.0,10,3,0,1558
21.0,10,3,1,1563
21.0,10,3,2,1568
21.0,10,3,3,1573
21.0,10,3,4,1578
21.0,10,3,5,1583
21.0,10,3,6,1588
21.0,10,3,7,1593
21.0,10,3,8,1598
21.0,10,3,9,1603
21.0,10,3,10,1608
21.0,10,3,11,1613
21.0,10,3,12,1617
21.0,10,3,13,1622
21.0,10,3,14,1627
21.0,10,3,15,1632
21.0,10,4,0,1563
21.0,10,4,1,1568
21.0,10,4,2,1573
21.0,10,4,3,1578
21.0,10,4,4,1583
21.0,10,4,5,1588
21.0,10,4,6,1593
21.0,10,4,7,1598
21.0,10,4,8,1603
21.0,10,4,9,1608
21.0,10,4,10,1613
21.0,10,4,11,1618
21.0,10,4,12,1623
21.0,10,4,13,1628
21.0,10,4,14,1632
21.0,10,4,15,1637
21.0,10,5,0,1568
21.0,10,5,1,1574
21.0,10,5,2,1579
21.0,10,5,3,1584
21.0,10,5,4,1589
21.0,10,5,5,1594
21.0,10,5,6,1599
21.0,10,5,7,1604
21.0,10,5,8,1608
21.0,10,5,9,1613
21.0,10,5,10,1618
21.0,10,5,11,1623
21.0,10,5,12,1628
21.0,10,5,13,1633
21.0,10,5,14,1638
21.0,10,5,15,1643
21.0,10,6,0,1574
21.0,10,6,1,1579
21.0,10,6,2,1584
21.0,10,6,3,1589
21.0,10,6,4,1594
21.0,10,6,5,1599
21.0,10,6,6,1604
21.0,10,6,7,1609
21.0,10,6,8,1614
21.0,10,6,9,1619
21.0,10,6,10,1624
21.0,10,6,11,1628
21.0,10,6,12,1633
21.0,10,6,13,1638
21.0,10,6,14,1643
21.0,10,6,15,1648
21.0,10,7,0,1579
21.0,10,7,1,1584
21.0,10,7,2,1589
21.0,10,7,3,1594
21.0,10,7,4,1599
21.0,10,7,5,1604
21.0,10,7,6,1609
21.0,10,7,7,1614
21.0,10,7,8,1619
21.0,10,7,9,1624
21.0,10,7,10,1629
21.0,10,7,11,1634
21.0,10,7,12,1639
21.0,10,7,13,1644
21.0,10,7,14,1648
21.0,10,7,15,1653
21.0,10,8,0,1584
21.0,10,8,1,1589
21.0,10,8,2,1594
21.0,10,8,3,1599
21.0,10,8,4,1604
21.0,10,8,5,1609
21.0,10,8,6,1614
21.0,10,8,7,1619
21.0,10,8,8,1624
21.0,10,8,9,1629
21.0,10,8,10,1634
21.0,10,8,11,1639
21.0,10,8,12,1644
21.0,10,8,13,1649
21.0,10,8,14,1654
21.0,10,8,15,1659
21.0,10,9,0,1589
21.0,10,9,1,1594
21.0,10,9,2,1599
21.0,10,9,3,1604
21.0,10,9,4,1609
21.0,10,9,5,1614
21.0,10,9,6,1619
21.0,10,9,7,1624
21.0,10,9,8,1629
21.0,10,9,9,1634
21.0,10,9,10,1639
21.0,10,9,11,1644
21.0,10,9,12,1649
21.0,10,9,13,1654
21.0,10,9,14,1659
21.0,10,9,15,1664
21.0,10,10,0,1594
21.0,10,10,1,1599
21.0,10,10,2,1604
21.0,10,10,3,1609
21.0,10,10,4,1614
21.0,10,10,5,1619
21.0,10,10,6,1624
21.0,10,10,7,1629
21.0,10,10,8,1634
21.0,10,10,9,1639
21.0,10,10,10,1644
21.0,10,10,11,1649
21.0,10,10,12,1654
21.0,10,10,13,1659
21.0,10,10,14,1664
21.0,10,10,15,1669
21.0,10,11,0,1599
21.0,10,11,1,1604
21.0,10,11,2,1609
21.0,10,11,3,1614
21.0,10,11,4,1619
21.0,10,11,5,1624
21.0,10,11,6,1629
21.0,10,11,7,1634
21.0,10,11,8,1640
21.0,10,11,9,1645
21.0,10,11,10,1650
21.0,10,11,11,1655
21.0,10,11,12,1660
21.0,10,11,13,1664
21.0,10,11,14,1669
21.0,10,11,15,1674
21.0,10,12,0,1604
21.0,10,12,1,1609
21.0,10,12,2,1614
21.0,10,12,3,1619
21.0,10,12,4,1624
21.0,10,12,5,1629
21.0,10,12,6,1635
21.0,10,12,7,1640
21.0,10,12,8,1645
21.0,10,12,9,1650
21.0,10,12,10,1655
21.0,10,12,11,1660
21.0,10,12,12,1665
21.0,10,12,13,1670
21.0,10,12,14,1675
21.0,10,12,15,1680
21.0,10,13,0,1609
21.0,10,13,1,1614
21.0,10,13,2,1619
21.0,10,13,3,1624
21.0,10,13,4,1629
21.0,10,13,5,1634
21.0,10,13,6,1640
21.0,10,13,7,1645
21.0,10,13,8,1650
21.0,10,13,9,1655
21.0,10,13,10,1660
21.0,10,13,11,1665
21.0,10,13,12,1670
21.0,10,13,13,1675
21.0,10,13,14,1680
21.0,10,13,15,1685
21.0,10,14,0,1614
21.0,10,14,1,1619
21.0,10,14,2,1624
21.0,10,14,3,1629
21.0,10,14,4,1634
21.0,10,14,5,1640
21.0,10,14,6,1645
21.0,10,14,7,1650
21.0,10,14,8,1655
21.0,10,14,9,1660
21.0,10,14,10,1665
21.0,10,14,11,1670
21.0,10,14,12,1675
21.0,10,14,13,1680
21.0,10,14,14,1685
21.0,10,14,15,1690
21.0,10,15,0,1619
21.0,10,15,1,1624
21.0,10,15,2,1629
21.0,10,15,3,1634
21.0,10,15,4,1639
21.0,10,15,5,1645
21.0,10,15,6,1650
21.0,10,15,7,1655
21.0,10,15,8,1660
21.0,10,15,9,1665
21.0,10,15,10,1670
21.0,10,15,11,1675
21.0,10,15,12,1680
21.0,10,15,13,1685
21.0,10,15,14,1690
21.0,10,15,15,1695
21.0,11,0,0,1549
21.0,11,0,1,1553
21.0,11,0,2,1558
21.0,11,0,3,1563
21.0,11,0,4,1568
21.0,11,0,5,1573
21.0,11,0,6,1578
21.0,11,0,7,1583
21.0,11,0,8,1588
21.0,11,0,9,1593
21.0,11,0,10,1598
21.0,11,0,11,1603
21.0,11,0,12,1607
21.0,11,0,13,1612
21.0,11,0,14,1617
21.0,11,0,15,1622
21.0,11,1,0,1554
21.0,11,1,1,1559
21.0,11,1,2,1564
21.0,11,1,3,1569
21.0,11,1,4,1574
21.0,11,1,5,1579
21.0,11,1,6,1583
21.0,11,1,7,1588
21.0,11,1,8,1593
21.0,11,1,9,1598
21.0,11,1,10,1603
21.0,11,1,11,1608
21.0,11,1,12,1613
21.0,11,1,13,1618
21.0,11,1,14,1622
21.0,11,1,15,1627
21.0,11,2,0,1559
21.0,11,2,1,1564
21.0,11,2,2,1569
21.0,11,2,3,1574
21.0,11,2,4,1579
21.0,11,2,5,1584
21.0,11,2,6,1589
21.0,11,2,7,1594
21.0,11,2,8,1599
21.0,11,2,9,1604
21.0,11,2,10,1608
21.0,11,2,11,1613
21.0,11,2,12,1618
21.0,11,2,13,1623
21.0,11,2,14,1628
21.0,11,2,15,1633
21.0,11,3,0,1564
21.0,11,3,1,1569
21.0,11,3,2,1574
21.0,11,3,3,1579
21.0,11,3,4,1584
21.0,11,3,5,1589
21.0,11,3,6,1594
21.0,11,3,7,1599
21.0,11,3,8,1604
21.0,11,3,9,1609
21.0,11,3,10,1614
21.0,11,3,11,1619
21.0,11,3,12,1623
21.0,11,3,13,1628
21.0,11,3,14,1633
21.0,11,3,15,1638
21.0,11,4,0,1569
21.0,11,4,1,1574
21.0,11,4,2,1579
21.0,11,4,3,1584
21.0,11,4,4,1589
21.0,11,4,5,1594
21.0,11,4,6,1599
21.0,11,4,7,1604
21.0,11,4,8,1609
21.0,11,4,9,1614
21.0,11,4,10,1619
21.0,11,4,11,1624
21.0,11,4,12,1629
21.0,11,4,13,1634
21.0,11,4,14,1639
21.0,11,4,15,1643
21.0,11,5,0,1574
21.0,11,5,1,1579
21.0,11,5,2,1584
21.0,11,5,3,1589
21.0,11,5,4,1594
21.0,11,5,5,1599
21.0,11,5,6,1604
21.0,11,5,7,1609
21.0,11,5,8,1614
21.0,11,5,9,1619
21.0,11,5,10,1624
21.0,11,5,11,1629
21.0,11,5,12,1634
21.0,11,5,13,1639
21.0,11,5,14,1644
21.0,11,5,15,1649
21.0,11,6,0,1579
21.0,11,6,1,1584
21.0,11,6,2,1590
21.0,11,6,3,1595
21.0,11,6,4,1600
21.0,11,6,5,1605
21.0,11,6,6,1610
21.0,11,6,7,1615
21.0,11,6,8,1620
21.0,11,6,9,1625
21.0,11,6,10,1630
21.0,11,6,11,1634
21.0,11,6,12,1639
21.0,11,6,13,1644
21.0,11,6,14,1649
21.0,11,6,15,1654
21.0,11,7,0,1584
21.0,11,7,1,1590
21.0,11,7,2,1595
21.0,11,7,3,1600
21.0,11,7,4,1605
21.0,11,7,5,1610
21.0,11,7,6,1615
21.0,11,7,7,1620
21.0,11,7,8,1625
21.0,11,7,9,1630
21.0,11,7,10,1635
21.0,11,7,11,1640
21.0,11,7,12,1645
21.0,11,7,13,1650
21.0,11,7,14,1655
21.0,11,7,15,1659
21.0,11,8,0,1590
21.0,11,8,1,1595
21.0,11,8,2,1600
21.0,11,8,3,1605
21.0,11,8,4,1610
21.0,11,8,5,1615
21.0,11,8,6,1620
21.0,11,8,7,1625
21.0,11,8,8,1630
21.0,11,8,9,1635
21.0,11,8,10,1640
21.0,11,8,11,1645
21.0,11,8,12,1650
21.0,11,8,13,1655
21.0,11,8,14,1660
21.0,11,8,15,1665
21.0,11,9,0,1595
21.0,11,9,1,1600
21.0,11,9,2,1605
21.0,11,9,3,1610
21.0,11,9,4,1615
21.0,11,9,5,1620
21.0,11,9,6,1625
21.0,11,9,7,1630
21.0,11,9,8,1635
21.0,11,9,9,1640
21.0,11,9,10,1645
21.0,11,9,11,1650
21.0,11,9,12,1655
21.0,11,9,13,1660
21.0,11,9,14,1665
21.0,11,9,15,1670
21.0,11,10,0,1600
21.0,11,10,1,1605
21.0,11,10,2,1610
21.0,11,10,3,1615
21.0,11,10,4,1620
21.0,11,10,5,1625
21.0,11,10,6,1630
21.0,11,10,7,1635
21.0,11,10,8,1640
21.0,11,10,9,1645
21.0,11,10,10,1650
21.0,11,10,11,1655
21.0,11,10,12,1660
21.0,11,10,13,1665
21.0,11,10,14,1670
21.0,11,10,15,1675
21.0,11,11,0,1605
21.0,11,11,1,1610
21.0,11,11,2,1615
21.0,11,11,3,1620
21.0,11,11,4,1625
21.0,11,11,5,1630
21.0,11,11,6,1635
21.0,11,11,7,1641
21.0,11,11,8,1646
21.0,11,11,9,1651
21.0,11,11,10,1656
21.0,11,11,11,1661
21.0,11,11,12,1666
21.0,11,11,13,1671
21.0,11,11,14,1676
21.0,11,11,15,1681
21.0,11,12,0,1610
21.0,11,12,1,1615
21.0,11,12,2,1620
21.0,11,12,3,1625
21.0,11,12,4,1630
21.0,11,12,5,1635
21.0,11,12,6,1641
21.0,11,12,7,1646
21.0,11,12,8,1651
21.0,11,12,9,1656
21.0,11,12,10,1661
21.0,11,12,11,1666
21.0,11,12,12,1671
21.0,11,12,13,1676
21.0,11,12,14,1681
21.0,11,12,15,1686
21.0,11,13,0,1615
21.0,11,13,1,1620
21.0,11,13,2,1625
21.0,11,13,3,1630
21.0,11,13,4,1635
21.0,11,13,5,1641
21.0,11,13,6,1646
21.0,11,13,7,1651
21.0,11,13,8,1656
21.0,11,13,9,1661
21.0,11,13,10,1666
21.0,11,13,11,1671
21.0,11,13,12,1676
21.0,11,13,13,1681
21.0,11,13,14,1686
21.0,11,13,15,1691
21.0,11,14,0,1620
21.0,11,14,1,1625
21.0,11,14,2,1630
21.0,11,14,3,1635
21.0,11,14,4,1640
21.0,11,14,5,1646
21.0,11,14,6,1651
21.0,11,14,7,1656
21.0,11,14,8,1661
21.0,11,14,9,1666
21.0,11,14,10,1671
21.0,11,14,11,1676
21.0,11,14,12,1681
21.0,11,14,13,1686
21.0,11,14,14,1691
21.0,11,14,15,1696
21.0,11,15,0,1625
21.0,11,15,1,1630
21.0,11,15,2,1635
21.0,11,15,3,1640
21.0,11,15,4,1645
21.0,11,15,5,1651
21.0,11,15,6,1656
21.0,11,15,7,1661
21.0,11,15,8,1666
21.0,11,15,9,1671
21.0,11,15,10,1676
21.0,11,15,11,1681
21.0,11,15,12,1686
21.0,11,15,13,1691
21.0,11,15,14,1696
21.0,11,15,15,1701
21.0,12,0,0,1554
21.0,12,0,1,1559
21.0,12,0,2,1564
21.0,12,0,3,1569
21.0,12,0,4,1574
21.0,12,0,5,1579
21.0,12,0,6,1584
21.0,12,0,7,1589
21.0,12,0,8,1594
21.0,12,0,9,1599
21.0,12,0,10,1604
21.0,12,0,11,1608
21.0,12,0,12,1613
21.0,12,0,13,1618
21.0,12,0,14,1623
21.0,12,0,15,1628
21.0,12,1,0,1559
21.0,12,1,1,1564
21.0,12,1,2,1569
21.0,12,1,3,1574
21.0,12,1,4,1579
21.0,12,1,5,1584
21.0,12,1,6,1589
21.0,12,1,7,1594
21.0,12,1,8,1599
21.0,12,1,9,1604
21.0,12,1,10,1609
21.0,12,1,11,1614
21.0,12,1,12,1619
21.0,12,1,13,1624
21.0,12,1,14,1628
21.0,12,1,15,1633
21.0,12,2,0,1565
21.0,12,2,1,1570
21.0,12,2,2,1575
21.0,12,2,3,1580
21.0,12,2,4,1585
21.0,12,2,5,1590
21.0,12,2,6,1595
21.0,12,2,7,1600
21.0,12,2,8,1604
21.0,12,2,9,1609
21.0,12,2,10,1614
21.0,12,2,11,1619
21.0,12,2,12,1624
21.0,12,2,13,1629
21.0,12,2,14,1634
21.0,12,2,15,1639
21.0,12,3,0,1570
21.0,12,3,1,1575
21.0,12,3,2,1580
21.0,12,3,3,1585
21.0,12,3,4,1590
21.0,12,3,5,1595
21.0,12,3,6,1600
21.0,12,3,7,1605
21.0,12,3,8,1610
21.0,12,3,9,1615
21.0,12,3,10,1620
21.0,12,3,11,1625
21.0,12,3,12,1629
21.0,12,3,13,1634
21.0,12,3,14,1639
21.0,12,3,15,1644
21.0,12,4,0,1575
21.0,12,4,1,1580
21.0,12,4,2,1585
21.0,12,4,3,1590
21.0,12,4,4,1595
21.0,12,4,5,1600
21.0,12,4,6,1605
21.0,12,4,7,1610
21.0,12,4,8,1615
21.0,12,4,9,1620
21.0,12,4,10,1625
21.0,12,4,11,1630
21.0,12,4,12,1635
21.0,12,4,13,1640
21.0,12,4,14,1645
21.0,12,4,15,1649
21.0,12,5,0,1580
21.0,12,5,1,1585
21.0,12,5,2,1590
21.0,12,5,3,1595
21.0,12,5,4,1600
21.0,12,5,5,1605
21.0,12,5,6,1610
21.0,12,5,7,1615
21.0,12,5,8,1620
21.0,12,5,9,1625
21.0,12,5,10,1630
21.0,12,5,11,1635
21.0,12,5,12,1640
21.0,12,5,13,1645
21.0,12,5,14,1650
21.0,12,5,15,1655
21.0,12,6,0,1585
21.0,12,6,1,1590
21.0,12,6,2,1595
21.0,12,6,3,1600
21.0,12,6,4,1606
21.0,12,6,5,1611
21.0,12,6,6,1616
21.0,12,6,7,1621
21.0,12,6,8,1626
21.0,12,6,9,1631
21.0,12,6,10,1636
21.0,12,6,11,1641
21.0,12,6,12,1645
21.0,12,6,13,1650
21.0,12,6,14,1655
21.0,12,6,15,1660
21.0,12,7,0,1590
21.0,12,7,1,1595
21.0,12,7,2,1601
21.0,12,7,3,1606
21.0,12,7,4,1611
21.0,12,7,5,1616
21.0,12,7,6,1621
21.0,12,7,7,1626
21.0,12,7,8,1631
21.0,12,7,9,1636
21.0,12,7,10,1641
21.0,12,7,11,1646
21.0,12,7,12,1651
21.0,12,7,13,1656
21.0,12,7,14,1661
21.0,12,7,15,1666
21.0,12,8,0,1595
21.0,12,8,1,1601
21.0,12,8,2,1606
21.0,12,8,3,1611
21.0,12,8,4,1616
21.0,12,8,5,1621
21.0,12,8,6,1626
21.0,12,8,7,1631
21.0,12,8,8,1636
21.0,12,8,9,1641
21.0,12,8,10,1646
21.0,12,8,11,1651
21.0,12,8,12,1656
21.0,12,8,13,1661
21.0,12,8,14,1666
21.0,12,8,15,1671
21.0,12,9,0,1600
21.0,12,9,1,1606
21.0,12,9,2,1611
21.0,12,9,3,1616
21.0,12,9,4,1621
21.0,12,9,5,1626
21.0,12,9,6,1631
21.0,12,9,7,1636
21.0,12,9,8,1641
21.0,12,9,9,1646
21.0,12,9,10,1651
21.0,12,9,11,1656
21.0,12,9,12,1661
21.0,12,9,13,1666
21.0,12,9,14,1671
21.0,12,9,15,1676
21.0,12,10,0,1606
21.0,12,10,1,1611
21.0,12,10,2,1616
21.0,12,10,3,1621
21.0,12,10,4,1626
21.0,12,10,5,1631
21.0,12,10,6,1636
21.0,12,10,7,1641
21.0,12,10,8,1646
21.0,12,10,9,1651
21.0,12,10,10,1657
21.0,12,10,11,1662
21.0,12,10,12,1667
21.0,12,10,13,1672
21.0,12,10,14,1676
21.0,12,10,15,1681
21.0,12,11,0,1611
21.0,12,11,1,1616
21.0,12,11,2,1621
21.0,12,11,3,1626
21.0,12,11,4,1631
21.0,12,11,5,1636
21.0,12,11,6,1641
21.0,12,11,7,1647
21.0,12,11,8,1652
21.0,12,11,9,1657
21.0,12,11,10,1662
21.0,12,11,11,1667
21.0,12,11,12,1672
21.0,12,11,13,1677
21.0,12,11,14,1682
21.0,12,11,15,1687
21.0,12,12,0,1616
21.0,12,12,1,1621
21.0,12,12,2,1626
21.0,12,12,3,1631
21.0,12,12,4,1636
21.0,12,12,5,1641
21.0,12,12,6,1647
21.0,12,12,7,1652
21.0,12,12,8,1657
21.0,12,12,9,1662
21.0,12,12,10,1667
21.0,12,12,11,1672
21.0,12,12,12,1677
21.0,12,12,13,1682
21.0,12,12,14,1687
21.0,12,12,15,1692
21.0,12,13,0,1621
21.0,12,13,1,1626
21.0,12,13,2,1631
21.0,12,13,3,1636
21.0,12,13,4,1641
21.0,12,13,5,1647
21.0,12,13,6,1652
21.0,12,13,7,1657
21.0,12,13,8,1662
21.0,12,13,9,1667
21.0,12,13,10,1672
21.0,12,13,11,1677
21.0,12,13,12,1682
21.0,12,13,13,1687
21.0,12,13,14,1692
21.0,12,13,15,1697
21.0,12,14,0,1626
21.0,12,14,1,1631
21.0,12,14,2,1636
21.0,12,14,3,1641
21.0,12,14,4,1646
21.0,12,14,5,1652
21.0,12,14,6,1657
21.0,12,14,7,1662
21.0,12,14,8,1667
21.0,12,14,9,1672
21.0,12,14,10,1677
21.0,12,14,11,1682
21.0,12,14,12,1687
21.0,12,14,13,1692
21.0,12,14,14,1697
21.0,12,14,15,1702
21.0,12,15,0,1631
21.0,12,15,1,1636
21.0,12,15,2,1641
21.0,12,15,3,1646
21.0,12,15,4,1651
21.0,12,15,5,1657
21.0,12,15,6,1662
21.0,12,15,7,1667
21.0,12,15,8,1672
21.0,12,15,9,1677
21.0,12,15,10,1682
21.0,12,15,11,1687
21.0,12,15,12,1693
21.0,12,15,13,1698
21.0,12,15,14,1703
21.0,12,15,15,1708
21.0,13,0,0,1560
21.0,13,0,1,1565
21.0,13,0,2,1570
21.0,13,0,3,1575
21.0,13,0,4,1580
21.0,13,0,5,1585
21.0,13,0,6,1590
21.0,13,0,7,1595
21.0,13,0,8,1600
21.0,13,0,9,1605
21.0,13,0,10,1609
21.0,13,0,11,1614
21.0,13,0,12,1619
21.0,13,0,13,1624
21.0,13,0,14,1629
21.0,13,0,15,1634
21.0,13,1,0,1565
21.0,13,1,1,1570
21.0,13,1,2,1575
21.0,13,1,3,1580
21.0,13,1,4,1585
21.0,13,1,5,1590
21.0,13,1,6,1595
21.0,13,1,7,1600
21.0,13,1,8,1605
21.0,13,1,9,1610
21.0,13,1,10,1615
21.0,13,1,11,1620
21.0,13,1,12,1625
21.0,13,1,13,1629
21.0,13,1,14,1634
21.0,13,1,15,1639
21.0,13,2,0,1570
21.0,13,2,1,1575
21.0,13,2,2,1580
21.0,13,2,3,1585
21.0,13,2,4,1590
21.0,13,2,5,1595
21.0,13,2,6,1600
21.0,13,2,7,1605
21.0,13,2,8,1610
21.0,13,2,9,1615
21.0,13,2,10,1620
21.0,13,2,11,1625
21.0,13,2,12,1630
21.0,13,2,13,1635
21.0,13,2,14,1640
21.0,13,2,15,1645
21.0,13,3,0,1576
21.0,13,3,1,1581
21.0,13,3,2,1586
21.0,13,3,3,1591
21.0,13,3,4,1596
21.0,13,3,5,1601
21.0,13,3,6,1606
21.0,13,3,7,1611
21.0,13,3,8,1616
21.0,13,3,9,1621
21.0,13,3,10,1626
21.0,13,3,11,1630
21.0,13,3,12,1635
21.0,13,3,13,1640
21.0,13,3,14,1645
21.0,13,3,15,1650
21.0,13,4,0,1581
21.0,13,4,1,1586
21.0,13,4,2,1591
21.0,13,4,3,1596
21.0,13,4,4,1601
21.0,13,4,5,1606
21.0,13,4,6,1611
21.0,13,4,7,1616
21.0,13,4,8,1621
21.0,13,4,9,1626
21.0,13,4,10,1631
21.0,13,4,11,1636
21.0,13,4,12,1641
21.0,13,4,13,1646
21.0,13,4,14,1651
21.0,13,4,15,1655
21.0,13,5,0,1586
21.0,13,5,1,1591
21.0,13,5,2,1596
21.0,13,5,3,1601
21.0,13,5,4,1606
21.0,13,5,5,1611
21.0,13,5,6,1616
21.0,13,5,7,1621
21.0,13,5,8,1626
21.0,13,5,9,1631
21.0,13,5,10,1636
21.0,13,5,11,1641
21.0,13,5,12,1646
21.0,13,5,13,1651
21.0,13,5,14,1656
21.0,13,5,15,1661
21.0,13,6,0,1591
21.0,13,6,1,1596
21.0,13,6,2,1601
21.0,13,6,3,1606
21.0,13,6,4,1611
21.0,13,6,5,1616
21.0,13,6,6,1622
21.0,13,6,7,1627
21.0,13,6,8,1632
21.0,13,6,9,1637
21.0,13,6,10,1642
21.0,13,6,11,1647
21.0,13,6,12,1651
21.0,13,6,13,1656
21.0,13,6,14,1661
21.0,13,6,15,1666
21.0,13,7,0,1596
21.0,13,7,1,1601
21.0,13,7,2,1606
21.0,13,7,3,1612
21.0,13,7,4,1617
21.0,13,7,5,1622
21.0,13,7,6,1627
21.0,13,7,7,1632
21.0,13,7,8,1637
21.0,13,7,9,1642
21.0,13,7,10,1647
21.0,13,7,11,1652
21.0,13,7,12,1657
21.0,13,7,13,1662
21.0,13,7,14,1667
21.0,13,7,15,1672
21.0,13,8,0,1601
21.0,13,8,1,1606
21.0,13,8,2,1612
21.0,13,8,3,1617
21.0,13,8,4,1622
21.0,13,8,5,1627
21.0,13,8,6,1632
21.0,13,8,7,1637
21.0,13,8,8,1642
21.0,13,8,9,1647
21.0,13,8,10,1652
21.0,13,8,11,1657
21.0,13,8,12,1662
21.0,13,8,13,1667
21.0,13,8,14,1672
21.0,13,8,15,1677
21.0,13,9,0,1606
21.0,13,9,1,1612
21.0,13,9,2,1617
21.0,13,9,3,1622
21.0,13,9,4,1627
21.0,13,9,5,1632
21.0,13,9,6,1637
21.0,13,9,7,1642
21.0,13,9,8,1647
21.0,13,9,9,1652
21.0,13,9,10,1657
21.0,13,9,11,1662
21.0,13,9,12,1667
21.0,13,9,13,1672
21.0,13,9,14,1677
21.0,13,9,15,1682
21.0,13,10,0,1611
21.0,13,10,1,1617
21.0,13,10,2,1622
21.0,13,10,3,1627
21.0,13,10,4,1632
21.0,13,10,5,1637
21.0,13,10,6,1642
21.0,13,10,7,1647
21.0,13,10,8,1652
21.0,13,10,9,1658
21.0,13,10,10,1663
21.0,13,10,11,1668
21.0,13,10,12,1673
21.0,13,10,13,1678
21.0,13,10,14,1683
21.0,13,10,15,1688
21.0,13,11,0,1616
21.0,13,11,1,1622
21.0,13,11,2,1627
21.0,13,11,3,1632
21.0,13,11,4,1637
21.0,13,11,5,1642
21.0,13,11,6,1647
21.0,13,11,7,1653
21.0,13,11,8,1658
21.0,13,11,9,1663
21.0,13,11,10,1668
21.0,13,11,11,1673
21.0,13,11,12,1678
21.0,13,11,13,1683
21.0,13,11,14,1688
21.0,13,11,15,1693
21.0,13,12,0,1622
21.0,13,12,1,1627
21.0,13,12,2,1632
21.0,13,12,3,1637
21.0,13,12,4,1642
21.0,13,12,5,1647
21.0,13,12,6,1653
21.0,13,12,7,1658
21.0,13,12,8,1663
21.0,13,12,9,1668
21.0,13,12,10,1673
21.0,13,12,11,1678
21.0,13,12,12,1683
21.0,13,12,13,1688
21.0,13,12,14,1693
21.0,13,12,15,1698
21.0,13,13,0,1627
21.0,13,13,1,1632
21.0,13,13,2,1637
21.0,13,13,3,1642
21.0,13,13,4,1647
21.0,13,13,5,1653
21.0,13,13,6,1658
21.0,13,13,7,1663
21.0,13,13,8,1668
21.0,13,13,9,1673
21.0,13,13,10,1678
21.0,13,13,11,1683
21.0,13,13,12,1688
21.0,13,13,13,1693
21.0,13,13,14,1698
21.0,13,13,15,1703
21.0,13,14,0,1632
21.0,13,14,1,1637
21.0,13,14,2,1642
21.0,13,14,3,1647
21.0,13,14,4,1652
21.0,13,14,5,1658
21.0,13,14,6,1663
21.0,13,14,7,1668
21.0,13,14,8,1673
21.0,13,14,9,1678
21.0,13,14,10,1683
21.0,13,14,11,1688
21.0,13,14,12,1694
21.0,13,14,13,1699
21.0,13,14,14,1704
21.0,13,14,15,1709
21.0,13,15,0,1637
21.0,13,15,1,1642
21.0,13,15,2,1647
21.0,13,15,3,1652
21.0,13,15,4,1658
21.0,13,15,5,1663
21.0,13,15,6,1668
21.0,13,15,7,1673
21.0,13,15,8,1678
21.0,13,15,9,1683
21.0,13,15,10,1689
21.0,13,15,11,1694
21.0,13,15,12,1699
21.0,13,15,13,1704
21.0,13,15,14,1709
21.0,13,15,15,1714
21.0,14,0,0,1566
21.0,14,0,1,1571
21.0,14,0,2,1576
21.0,14,0,3,1581
21.0,14,0,4,1586
21.0,14,0,5,1591
21.0,14,0,6,1596
21.0,14,0,7,1601
21.0,14,0,8,1606
21.0,14,0,9,1610
21.0,14,0,10,1615
21.0,14,0,11,1620
21.0,14,0,12,1625
21.0,14,0,13,1630
21.0,14,0,14,1635
21.0,14,0,15,1640
21.0,14,1,0,1571
21.0,14,1,1,1576
21.0,14,1,2,1581
21.0,14,1,3,1586
21.0,14,1,4,1591
21.0,14,1,5,1596
21.0,14,1,6,1601
21.0,14,1,7,1606
21.0,14,1,8,1611
21.0,14,1,9,1616
21.0,14,1,10,1621
21.0,14,1,11,1626
21.0,14,1,12,1631
21.0,14,1,13,1635
21.0,14,1,14,1640
21.0,14,1,15,1645
21.0,14,2,0,1576
21.0,14,2,1,1581
21.0,14,2,2,1586
21.0,14,2,3,1591
21.0,14,2,4,1596
21.0,14,2,5,1601
21.0,14,2,6,1606
21.0,14,2,7,1611
21.0,14,2,8,1616
21.0,14,2,9,1621
21.0,14,2,10,1626
21.0,14,2,11,1631
21.0,14,2,12,1636
21.0,14,2,13,1641
21.0,14,2,14,1646
21.0,14,2,15,1651
21.0,14,3,0,1581
21.0,14,3,1,1586
21.0,14,3,2,1591
21.0,14,3,3,1597
21.0,14,3,4,1602
21.0,14,3,5,1607
21.0,14,3,6,1612
21.0,14,3,7,1617
21.0,14,3,8,1622
21.0,14,3,9,1627
21.0,14,3,10,1632
21.0,14,3,11,1636
21.0,14,3,12,1641
21.0,14,3,13,1646
21.0,14,3,14,1651
21.0,14,3,15,1656
21.0,14,4,0,1586
21.0,14,4,1,1592
21.0,14,4,2,1597
21.0,14,4,3,1602
21.0,14,4,4,1607
21.0,14,4,5,1612
21.0,14,4,6,1617
21.0,14,4,7,1622
21.0,14,4,8,1627
21.0,14,4,9,1632
21.0,14,4,10,1637
21.0,14,4,11,1642
21.0,14,4,12,1647
21.0,14,4,13,1652
21.0,14,4,14,1657
21.0,14,4,15,1661
21.0,14,5,0,1592
21.0,14,5,1,1597
21.0,14,5,2,1602
21.0,14,5,3,1607
21.0,14,5,4,1612
21.0,14,5,5,1617
21.0,14,5,6,1622
21.0,14,5,7,1627
21.0,14,5,8,1632
21.0,14,5,9,1637
21.0,14,5,10,1642
21.0,14,5,11,1647
21.0,14,5,12,1652
21.0,14,5,13,1657
21.0,14,5,14,1662
21.0,14,5,15,1667
21.0,14,6,0,1597
21.0,14,6,1,1602
21.0,14,6,2,1607
21.0,14,6,3,1612
21.0,14,6,4,1617
21.0,14,6,5,1622
21.0,14,6,6,1627
21.0,14,6,7,1632
21.0,14,6,8,1638
21.0,14,6,9,1643
21.0,14,6,10,1648
21.0,14,6,11,1653
21.0,14,6,12,1657
21.0,14,6,13,1662
21.0,14,6,14,1667
21.0,14,6,15,1672
21.0,14,7,0,1602
21.0,14,7,1,1607
21.0,14,7,2,1612
21.0,14,7,3,1617
21.0,14,7,4,1623
21.0,14,7,5,1628
21.0,14,7,6,1633
21.0,14,7,7,1638
21.0,14,7,8,1643
21.0,14,7,9,1648
21.0,14,7,10,1653
21.0,14,7,11,1658
21.0,14,7,12,1663
21.0,14,7,13,1668
21.0,14,7,14,1673
21.0,14,7,15,1678
21.0,14,8,0,1607
21.0,14,8,1,1612
21.0,14,8,2,1617
21.0,14,8,3,1623
21.0,14,8,4,1628
21.0,14,8,5,1633
21.0,14,8,6,1638
21.0,14,8,7,1643
21.0,14,8,8,1648
21.0,14,8,9,1653
21.0,14,8,10,1658
21.0,14,8,11,1663
21.0,14,8,12,1668
21.0,14,8,13,1673
21.0,14,8,14,1678
21.0,14,8,15,1683
21.0,14,9,0,1612
21.0,14,9,1,1617
21.0,14,9,2,1623
21.0,14,9,3,1628
21.0,14,9,4,1633
21.0,14,9,5,1638
21.0,14,9,6,1643
21.0,14,9,7,1648
21.0,14,9,8,1653
21.0,14,9,9,1658
21.0,14,9,10,1663
21.0,14,9,11,1668
21.0,14,9,12,1673
21.0,14,9,13,1678
21.0,14,9,14,1683
21.0,14,9,15,1688
21.0,14,10,0,1617
21.0,14,10,1,1623
21.0,14,10,2,1628
21.0,14,10,3,1633
21.0,14,10,4,1638
21.0,14,10,5,1643
21.0,14,10,6,1648
21.0,14,10,7,1653
21.0,14,10,8,1659
21.0,14,10,9,1664
21.0,14,10,10,1669
21.0,14,10,11,1674
21.0,14,10,12,1679
21.0,14,10,13,1684
21.0,14,10,14,1689
21.0,14,10,15,1694
21.0,14,11,0,1622
21.0,14,11,1,1628
21.0,14,11,2,1633
21.0,14,11,3,1638
21.0,14,11,4,1643
21.0,14,11,5,1648
21.0,14,11,6,1653
21.0,14,11,7,1659
21.0,14,11,8,1664
21.0,14,11,9,1669
21.0,14,11,10,1674
21.0,14,11,11,1679
21.0,14,11,12,1684
21.0,14,11,13,1689
21.0,14,11,14,1694
21.0,14,11,15,1699
21.0,14,12,0,1627
21.0,14,12,1,1633
21.0,14,12,2,1638
21.0,14,12,3,1643
21.0,14,12,4,1648
21.0,14,12,5,1653
21.0,14,12,6,1659
21.0,14,12,7,1664
21.0,14,12,8,1669
21.0,14,12,9,1674
21.0,14,12,10,1679
21.0,14,12,11,1684
21.0,14,12,12,1689
21.0,14,12,13,1694
21.0,14,12,14,1699
21.0,14,12,15,1704
21.0,14,13,0,1632
21.0,14,13,1,1638
21.0,14,13,2,1643
21.0,14,13,3,1648
21.0,14,13,4,1653
21.0,14,13,5,1659
21.0,14,13,6,1664
21.0,14,13,7,1669
21.0,14,13,8,1674
21.0,14,13,9,1679
21.0,14,13,10,1684
21.0,14,13,11,1689
21.0,14,13,12,1695
21.0,14,13,13,1700
21.0,14,13,14,1705
21.0,14,13,15,1710
21.0,14,14,0,1638
21.0,14,14,1,1643
21.0,14,14,2,1648
21.0,14,14,3,1653
21.0,14,14,4,1659
21.0,14,14,5,1664
21.0,14,14,6,1669
21.0,14,14,7,1674
21.0,14,14,8,1679
21.0,14,14,9,1684
21.0,14,14,10,1690
21.0,14,14,11,1695
21.0,14,14,12,1700
21.0,14,14,13,1705
21.0,14,14,14,1710
21.0,14,14,15,1715
21.0,14,15,0,1643
21.0,14,15,1,1648
21.0,14,15,2,1653
21.0,14,15,3,1658
21.0,14,15,4,1664
21.0,14,15,5,1669
21.0,14,15,6,1674
21.0,14,15,7,1679
21.0,14,15,8,1684
21.0,14,15,9,1690
21.0,14,15,10,1695
21.0,14,15,11,1700
21.0,14,15,12,1705
21.0,14,15,13,1710
21.0,14,15,14,1715
21.0,14,15,15,1720
21.0,15,0,0,1571
21.0,15,0,1,1576
21.0,15,0,2,1581
21.0,15,0,3,1586
21.0,15,0,4,1591
21.0,15,0,5,1596
21.0,15,0,6,1601
21.0,15,0,7,1606
21.0,15,0,8,1611
21.0,15,0,9,1616
21.0,15,0,10,1621
21.0,15,0,11,1626
21.0,15,0,12,1631
21.0,15,0,13,1636
21.0,15,0,14,1641
21.0,15,0,15,1646
21.0,15,1,0,1577
21.0,15,1,1,1582
21.0,15,1,2,1587
21.0,15,1,3,1592
21.0,15,1,4,1597
21.0,15,1,5,1602
21.0,15,1,6,1607
21.0,15,1,7,1612
21.0,15,1,8,1617
21.0,15,1,9,1622
21.0,15,1,10,1627
21.0,15,1,11,1632
21.0,15,1,12,1636
21.0,15,1,13,1641
21.0,15,1,14,1646
21.0,15,1,15,1651
21.0,15,2,0,1582
21.0,15,2,1,1587
21.0,15,2,2,1592
21.0,15,2,3,1597
21.0,15,2,4,1602
21.0,15,2,5,1607
21.0,15,2,6,1612
21.0,15,2,7,1617
21.0,15,2,8,1622
21.0,15,2,9,1627
21.0,15,2,10,1632
21.0,15,2,11,1637
21.0,15,2,12,1642
21.0,15,2,13,1647
21.0,15,2,14,1652
21.0,15,2,15,1657
21.0,15,3,0,1587
21.0,15,3,1,1592
21.0,15,3,2,1597
21.0,15,3,3,1602
21.0,15,3,4,1607
21.0,15,3,5,1612
21.0,15,3,6,1617
21.0,15,3,7,1622
21.0,15,3,8,1627
21.0,15,3,9,1632
21.0,15,3,10,1637
21.0,15,3,11,1642
21.0,15,3,12,1647
21.0,15,3,13,1652
21.0,15,3,14,1657
21.0,15,3,15,1662
21.0,15,4,0,1592
21.0,15,4,1,1597
21.0,15,4,2,1602
21.0,15,4,3,1608
21.0,15,4,4,1613
21.0,15,4,5,1618
21.0,15,4,6,1623
21.0,15,4,7,1628
21.0,15,4,8,1633
21.0,15,4,9,1638
21.0,15,4,10,1643
21.0,15,4,11,1648
21.0,15,4,12,1653
21.0,15,4,13,1658
21.0,15,4,14,1663
21.0,15,4,15,1668
21.0,15,5,0,1597
21.0,15,5,1,1603
21.0,15,5,2,1608
21.0,15,5,3,1613
21.0,15,5,4,1618
21.0,15,5,5,1623
21.0,15,5,6,1628
21.0,15,5,7,1633
21.0,15,5,8,1638
21.0,15,5,9,1643
21.0,15,5,10,1648
21.0,15,5,11,1653
21.0,15,5,12,1658
21.0,15,5,13,1663
21.0,15,5,14,1668
21.0,15,5,15,1673
21.0,15,6,0,1603
21.0,15,6,1,1608
21.0,15,6,2,1613
21.0,15,6,3,1618
21.0,15,6,4,1623
21.0,15,6,5,1628
21.0,15,6,6,1633
21.0,15,6,7,1638
21.0,15,6,8,1643
21.0,15,6,9,1649
21.0,15,6,10,1654
21.0,15,6,11,1659
21.0,15,6,12,1664
21.0,15,6,13,1668
21.0,15,6,14,1673
21.0,15,6,15,1678
21.0,15,7,0,1608
21.0,15,7,1,1613
21.0,15,7,2,1618
21.0,15,7,3,1623
21.0,15,7,4,1628
21.0,15,7,5,1634
21.0,15,7,6,1639
21.0,15,7,7,1644
21.0,15,7,8,1649
21.0,15,7,9,1654
21.0,15,7,10,1659
21.0,15,7,11,1664
21.0,15,7,12,1669
21.0,15,7,13,1674
21.0,15,7,14,1679
21.0,15,7,15,1684
21.0,15,8,0,1613
21.0,15,8,1,1618
21.0,15,8,2,1623
21.0,15,8,3,1628
21.0,15,8,4,1634
21.0,15,8,5,1639
21.0,15,8,6,1644
21.0,15,8,7,1649
21.0,15,8,8,1654
21.0,15,8,9,1659
21.0,15,8,10,1664
21.0,15,8,11,1669
21.0,15,8,12,1674
21.0,15,8,13,1679
21.0,15,8,14,1684
21.0,15,8,15,1689
21.0,15,9,0,1618
21.0,15,9,1,1623
21.0,15,9,2,1628
21.0,15,9,3,1634
21.0,15,9,4,1639
21.0,15,9,5,1644
21.0,15,9,6,1649
21.0,15,9,7,1654
21.0,15,9,8,1659
21.0,15,9,9,1664
21.0,15,9,10,1669
21.0,15,9,11,1675
21.0,15,9,12,1680
21.0,15,9,13,1685
21.0,15,9,14,1690
21.0,15,9,15,1695
21.0,15,10,0,1623
21.0,15,10,1,1628
21.0,15,10,2,1634
21.0,15,10,3,1639
21.0,15,10,4,1644
21.0,15,10,5,1649
21.0,15,10,6,1654
21.0,15,10,7,1659
21.0,15,10,8,1665
21.0,15,10,9,1670
21.0,15,10,10,1675
21.0,15,10,11,1680
21.0,15,10,12,1685
21.0,15,10,13,1690
21.0,15,10,14,1695
21.0,15,10,15,1700
21.0,15,11,0,1628
21.0,15,11,1,1634
21.0,15,11,2,1639
21.0,15,11,3,1644
21.0,15,11,4,1649
21.0,15,11,5,1654
21.0,15,11,6,1659
21.0,15,11,7,1665
21.0,15,11,8,1670
21.0,15,11,9,1675
21.0,15,11,10,1680
21.0,15,11,11,1685
21.0,15,11,12,1690
21.0,15,11,13,1695
21.0,15,11,14,1700
21.0,15,11,15,1705
21.0,15,12,0,1633
21.0,15,12,1,1639
21.0,15,12,2,1644
21.0,15,12,3,1649
21.0,15,12,4,1654
21.0,15,12,5,1659
21.0,15,12,6,1665
21.0,15,12,7,1670
21.0,15,12,8,1675
21.0,15,12,9,1680
21.0,15,12,10,1685
21.0,15,12,11,1690
21.0,15,12,12,1695
21.0,15,12,13,1700
21.0,15,12,14,1706
21.0,15,12,15,1711
21.0,15,13,0,1638
21.0,15,13,1,1644
21.0,15,13,2,1649
21.0,15,13,3,1654
21.0,15,13,4,1659
21.0,15,13,5,1665
21.0,15,13,6,1670
21.0,15,13,7,1675
21.0,15,13,8,1680
21.0,15,13,9,1685
21.0,15,13,10,1690
21.0,15,13,11,1696
21.0,15,13,12,1701
21.0,15,13,13,1706
21.0,15,13,14,1711
21.0,15,13,15,1716
21.0,15,14,0,1643
21.0,15,14,1,1649
21.0,15,14,2,1654
21.0,15,14,3,1659
21.0,15,14,4,1665
21.0,15,14,5,1670
21.0,15,14,6,1675
21.0,15,14,7,1680
21.0,15,14,8,1685
21.0,15,14,9,1691
21.0,15,14,10,1696
21.0,15,14,11,1701
21.0,15,14,12,1706
21.0,15,14,13,1711
21.0,15,14,14,1716
21.0,15,14,15,1721
21.0,15,15,0,1649
21.0,15,15,1,1654
21.0,15,15,2,1659
21.0,15,15,3,1664
21.0,15,15,4,1670
21.0,15,15,5,1675
21.0,15,15,6,1680
21.0,15,15,7,1685
21.0,15,15,8,1691
21.0,15,15,9,1696
21.0,15,15,10,1701
21.0,15,15,11,1706
21.0,15,15,12,1711
21.0,15,15,13,1716
21.0,15,15,14,1721
21.0,15,15,15,1726
21.5,0,0,0,1521
21.5,0,0,1,1526
21.5,0,0,2,1531
21.5,0,0,3,1536
21.5,0,0,4,1541
21.5,0,0,5,1546
21.5,0,0,6,1550
21.5,0,0,7,1555
21.5,0,0,8,1560
21.5,0,0,9,1565
21.5,0,0,10,1570
21.5,0,0,11,1574
21.5,0,0,12,1579
21.5,0,0,13,1584
21.5,0,0,14,1589
21.5,0,0,15,1593
21.5,0,1,0,1526
21.5,0,1,1,1531
21.5,0,1,2,1536
21.5,0,1,3,1541
21.5,0,1,4,1546
21.5,0,1,5,1551
21.5,0,1,6,1556
21.5,0,1,7,1560
21.5,0,1,8,1565
21.5,0,1,9,1570
21.5,0,1,10,1575
21.5,0,1,11,1580
21.5,0,1,12,1584
21.5,0,1,13,1589
21.5,0,1,14,1594
21.5,0,1,15,1599
21.5,0,2,0,1531
21.5,0,2,1,1536
21.5,0,2,2,1541
21.5,0,2,3,1546
21.5,0,2,4,1551
21.5,0,2,5,1556
21.5,0,2,6,1561
21.5,0,2,7,1566
21.5,0,2,8,1570
21.5,0,2,9,1575
21.5,0,2,10,1580
21.5,0,2,11,1585
21.5,0,2,12,1590
21.5,0,2,13,1594
21.5,0,2,14,1599
21.5,0,2,15,1604
21.5,0,3,0,1537
21.5,0,3,1,1541
21.5,0,3,2,1546
21.5,0,3,3,1551
21.5,0,3,4,1556
21.5,0,3,5,1561
21.5,0,3,6,1566
21.5,0,3,7,1571
21.5,0,3,8,1576
21.5,0,3,9,1581
21.5,0,3,10,1585
21.5,0,3,11,1590
21.5,0,3,12,1595
21.5,0,3,13,1600
21.5,0,3,14,1604
21.5,0,3,15,1609
21.5,0,4,0,1542
21.5,0,4,1,1547
21.5,0,4,2,1551
21.5,0,4,3,1556
21.5,0,4,4,1561
21.5,0,4,5,1566
21.5,0,4,6,1571
21.5,0,4,7,1576
21.5,0,4,8,1581
21.5,0,4,9,1586
21.5,0,4,10,1591
21.5,0,4,11,1595
21.5,0,4,12,1600
21.5,0,4,13,1605
21.5,0,4,14,1610
21.5,0,4,15,1614
21.5,0,5,0,1547
21.5,0,5,1,1552
21.5,0,5,2,1557
21.5,0,5,3,1561
21.5,0,5,4,1566
21.5,0,5,5,1571
21.5,0,5,6,1576
21.5,0,5,7,1581
21.5,0,5,8,1586
21.5,0,5,9,1591
21.5,0,5,10,1596
21.5,0,5,11,1601
21.5,0,5,12,1605
21.5,0,5,13,1610
21.5,0,5,14,1615
21.5,0,5,15,1620
21.5,0,6,0,1552
21.5,0,6,1,1557
21.5,0,6,2,1562
21.5,0,6,3,1567
21.5,0,6,4,1572
21.5,0,6,5,1576
21.5,0,6,6,1581
21.5,0,6,7,1586
21.5,0,6,8,1591
21.5,0,6,9,1596
21.5,0,6,10,1601
21.5,0,6,11,1606
21.5,0,6,12,1611
21.5,0,6,13,1615
21.5,0,6,14,1620
21.5,0,6,15,1625
21.5,0,7,0,1557
21.5,0,7,1,1562
21.5,0,7,2,1567
21.5,0,7,3,1572
21.5,0,7,4,1577
21.5,0,7,5,1582
21.5,0,7,6,1586
21.5,0,7,7,1591
21.5,0,7,8,1596
21.5,0,7,9,1601
21.5,0,7,10,1606
21.5,0,7,11,1611
21.5,0,7,12,1616
21.5,0,7,13,1621
21.5,0,7,14,1625
21.5,0,7,15,1630
21.5,0,8,0,1562
21.5,0,8,1,1567
21.5,0,8,2,1572
21.5,0,8,3,1577
21.5,0,8,4,1582
21.5,0,8,5,1587
21.5,0,8,6,1592
21.5,0,8,7,1596
21.5,0,8,8,1601
21.5,0,8,9,1606
21.5,0,8,10,1611
21.5,0,8,11,1616
21.5,0,8,12,1621
21.5,0,8,13,1626
21.5,0,8,14,1631
21.5,0,8,15,1635
21.5,0,9,0,1567
21.5,0,9,1,1572
21.5,0,9,2,1577
21.5,0,9,3,1582
21.5,0,9,4,1587
21.5,0,9,5,1592
21.5,0,9,6,1597
21.5,0,9,7,1602
21.5,0,9,8,1606
21.5,0,9,9,1611
21.5,0,9,10,1616
21.5,0,9,11,1621
21.5,0,9,12,1626
21.5,0,9,13,1631
21.5,0,9,14,1636
21.5,0,9,15,1641
21.5,0,10,0,1572
21.5,0,10,1,1577
21.5,0,10,2,1582
21.5,0,10,3,1587
21.5,0,10,4,1592
21.5,0,10,5,1597
21.5,0,10,6,1602
21.5,0,10,7,1607
21.5,0,10,8,1612
21.5,0,10,9,1616
21.5,0,10,10,1621
21.5,0,10,11,1626
21.5,0,10,12,1631
21.5,0,10,13,1636
21.5,0,10,14,1641
21.5,0,10,15,1646
21.5,0,11,0,1576
21.5,0,11,1,1582
21.5,0,11,2,1587
21.5,0,11,3,1592
21.5,0,11,4,1597
21.5,0,11,5,1602
21.5,0,11,6,1607
21.5,0,11,7,1612
21.5,0,11,8,1617
21.5,0,11,9,1622
21.5,0,11,10,1627
21.5,0,11,11,1631
21.5,0,11,12,1636
21.5,0,11,13,1641
21.5,0,11,14,1646
21.5,0,11,15,1651
21.5,0,12,0,1581
21.5,0,12,1,1586
21.5,0,12,2,1592
21.5,0,12,3,1597
21.5,0,12,4,1602
21.5,0,12,5,1607
21.5,0,12,6,1612
21.5,0,12,7,1617
21.5,0,12,8,1622
21.5,0,12,9,1627
21.5,0,12,10,1632
21.5,0,12,11,1637
21.5,0,12,12,1641
21.5,0,12,13,1646
21.5,0,12,14,1651
21.5,0,12,15,1656
21.5,0,13,0,1586
21.5,0,13,1,1591
21.5,0,13,2,1596
21.5,0,13,3,1602
21.5,0,13,4,1607
21.5,0,13,5,1612
21.5,0,13,6,1617
21.5,0,13,7,1622
21.5,0,13,8,1627
21.5,0,13,9,1632
21.5,0,13,10,1637
21.5,0,13,11,1642
21.5,0,13,12,1647
21.5,0,13,13,1651
21.5,0,13,14,1656
21.5,0,13,15,1661
21.5,0,14,0,1591
21.5,0,14,1,1596
21.5,0,14,2,1601
21.5,0,14,3,1606
21.5,0,14,4,1612
21.5,0,14,5,1617
21.5,0,14,6,1622
21.5,0,14,7,1627
21.5,0,14,8,1632
21.5,0,14,9,1637
21.5,0,14,10,1642
21.5,0,14,11,1647
21.5,0,14,12,1652
21.5,0,14,13,1657
21.5,0,14,14,1661
21.5,0,14,15,1666
21.5,0,15,0,1596
21.5,0,15,1,1601
21.5,0,15,2,1606
21.5,0,15,3,1611
21.5,0,15,4,1616
21.5,0,15,5,1622
21.5,0,15,6,1627
21.5,0,15,7,1632
21.5,0,15,8,1637
21.5,0,15,9,1642
21.5,0,15,10,1647
21.5,0,15,11,1652
21.5,0,15,12,1657
21.5,0,15,13,1662
21.5,0,15,14,1667
21.5,0,15,15,1671
21.5,1,0,0,1527
21.5,1,0,1,1532
21.5,1,0,2,1537
21.5,1,0,3,1542
21.5,1,0,4,1547
21.5,1,0,5,1552
21.5,1,0,6,1556
21.5,1,0,7,1561
21.5,1,0,8,1566
21.5,1,0,9,1571
21.5,1,0,10,1576
21.5,1,0,11,1580
21.5,1,0,12,1585
21.5,1,0,13,1590
21.5,1,0,14,1595
21.5,1,0,15,1599
21.5,1,1,0,1532
21.5,1,1,1,1537
21.5,1,1,2,1542
21.5,1,1,3,1547
21.5,1,1,4,1552
21.5,1,1,5,1557
21.5,1,1,6,1562
21.5,1,1,7,1566
21.5,1,1,8,1571
21.5,1,1,9,1576
21.5,1,1,10,1581
21.5,1,1,11,1586
21.5,1,1,12,1590
21.5,1,1,13,1595
21.5,1,1,14,1600
21.5,1,1,15,1605
21.5,1,2,0,1537
21.5,1,2,1,1542
21.5,1,2,2,1547
21.5,1,2,3,1552
21.5,1,2,4,1557
21.5,1,2,5,1562
21.5,1,2,6,1567
21.5,1,2,7,1572
21.5,1,2,8,1577
21.5,1,2,9,1581
21.5,1,2,10,1586
21.5,1,2,11,1591
21.5,1,2,12,1596
21.5,1,2,13,1601
21.5,1,2,14,1605
21.5,1,2,15,1610
21.5,1,3,0,1542
21.5,1,3,1,1547
21.5,1,3,2,1552
21.5,1,3,3,1557
21.5,1,3,4,1562
21.5,1,3,5,1567
21.5,1,3,6,1572
21.5,1,3,7,1577
21.5,1,3,8,1582
21.5,1,3,9,1587
21.5,1,3,10,1591
21.5,1,3,11,1596
21.5,1,3,12,1601
21.5,1,3,13,1606
21.5,1,3,14,1611
21.5,1,3,15,1615
21.5,1,4,0,1547
21.5,1,4,1,1552
21.5,1,4,2,1557
21.5,1,4,3,1562
21.5,1,4,4,1567
21.5,1,4,5,1572
21.5,1,4,6,1577
21.5,1,4,7,1582
21.5,1,4,8,1587
21.5,1,4,9,1592
21.5,1,4,10,1597
21.5,1,4,11,1601
21.5,1,4,12,1606
21.5,1,4,13,1611
21.5,1,4,14,1616
21.5,1,4,15,1621
21.5,1,5,0,1553
21.5,1,5,1,1558
21.5,1,5,2,1563
21.5,1,5,3,1567
21.5,1,5,4,1572
21.5,1,5,5,1577
21.5,1,5,6,1582
21.5,1,5,7,1587
21.5,1,5,8,1592
21.5,1,5,9,1597
21.5,1,5,10,1602
21.5,1,5,11,1607
21.5,1,5,12,1612
21.5,1,5,13,1616
21.5,1,5,14,1621
21.5,1,5,15,1626
21.5,1,6,0,1558
21.5,1,6,1,1563
21.5,1,6,2,1568
21.5,1,6,3,1573
21.5,1,6,4,1578
21.5,1,6,5,1582
21.5,1,6,6,1587
21.5,1,6,7,1592
21.5,1,6,8,1597
21.5,1,6,9,1602
21.5,1,6,10,1607
21.5,1,6,11,1612
21.5,1,6,12,1617
21.5,1,6,13,1622
21.5,1,6,14,1626
21.5,1,6,15,1631
21.5,1,7,0,1563
21.5,1,7,1,1568
21.5,1,7,2,1573
21.5,1,7,3,1578
21.5,1,7,4,1583
21.5,1,7,5,1588
21.5,1,7,6,1593
21.5,1,7,7,1597
21.5,1,7,8,1602
21.5,1,7,9,1607
21.5,1,7,10,1612
21.5,1,7,11,1617
21.5,1,7,12,1622
21.5,1,7,13,1627
21.5,1,7,14,1632
21.5,1,7,15,1636
21.5,1,8,0,1568
21.5,1,8,1,1573
21.5,1,8,2,1578
21.5,1,8,3,1583
21.5,1,8,4,1588
21.5,1,8,5,1593
21.5,1,8,6,1598
21.5,1,8,7,1603
21.5,1,8,8,1608
21.5,1,8,9,1612
21.5,1,8,10,1617
21.5,1,8,11,1622
21.5,1,8,12,1627
21.5,1,8,13,1632
21.5,1,8,14,1637
21.5,1,8,15,1642
21.5,1,9,0,1573
21.5,1,9,1,1578
21.5,1,9,2,1583
21.5,1,9,3,1588
21.5,1,9,4,1593
21.5,1,9,5,1598
21.5,1,9,6,1603
21.5,1,9,7,1608
21.5,1,9,8,1613
21.5,1,9,9,1618
21.5,1,9,10,1623
21.5,1,9,11,1627
21.5,1,9,12,1632
21.5,1,9,13,1637
21.5,1,9,14,1642
21.5,1,9,15,1647
21.5,1,10,0,1578
21.5,1,10,1,1583
21.5,1,10,2,1588
21.5,1,10,3,1593
21.5,1,10,4,1598
21.5,1,10,5,1603
21.5,1,10,6,1608
21.5,1,10,7,1613
21.5,1,10,8,1618
21.5,1,10,9,1623
21.5,1,10,10,1628
21.5,1,10,11,1633
21.5,1,10,12,1637
21.5,1,10,13,1642
21.5,1,10,14,1647
21.5,1,10,15,1652
21.5,1,11,0,1582
21.5,1,11,1,1588
21.5,1,11,2,1593
21.5,1,11,3,1598
21.5,1,11,4,1603
21.5,1,11,5,1608
21.5,1,11,6,1613
21.5,1,11,7,1618
21.5,1,11,8,1623
21.5,1,11,9,1628
21.5,1,11,10,1633
21.5,1,11,11,1638
21.5,1,11,12,1643
21.5,1,11,13,1648
21.5,1,11,14,1652
21.5,1,11,15,1657
21.5,1,12,0,1587
21.5,1,12,1,1593
21.5,1,12,2,1598
21.5,1,12,3,1603
21.5,1,12,4,1608
21.5,1,12,5,1613
21.5,1,12,6,1618
21.5,1,12,7,1623
21.5,1,12,8,1628
21.5,1,12,9,1633
21.5,1,12,10,1638
21.5,1,12,11,1643
21.5,1,12,12,1648
21.5,1,12,13,1653
21.5,1,12,14,1658
21.5,1,12,15,1662
21.5,1,13,0,1592
21.5,1,13,1,1597
21.5,1,13,2,1603
21.5,1,13,3,1608
21.5,1,13,4,1613
21.5,1,13,5,1618
21.5,1,13,6,1623
21.5,1,13,7,1628
21.5,1,13,8,1633
21.5,1,13,9,1638
21.5,1,13,10,1643
21.5,1,13,11,1648
21.5,1,13,12,1653
21.5,1,13,13,1658
21.5,1,13,14,1663
21.5,1,13,15,1668
21.5,1,14,0,1597
21.5,1,14,1,1602
21.5,1,14,2,1608
21.5,1,14,3,1613
21.5,1,14,4,1618
21.5,1,14,5,1623
21.5,1,14,6,1628
21.5,1,14,7,1633
21.5,1,14,8,1638
21.5,1,14,9,1643
21.5,1,14,10,1648
21.5,1,14,11,1653
21.5,1,14,12,1658
21.5,1,14,13,1663
21.5,1,14,14,1668
21.5,1,14,15,1673
21.5,1,15,0,1602
21.5,1,15,1,1607
21.5,1,15,2,1612
21.5,1,15,3,1618
21.5,1,15,4,1623
21.5,1,15,5,1628
21.5,1,15,6,1633
21.5,1,15,7,1638
21.5,1,15,8,1643
21.5,1,15,9,1648
21.5,1,15,10,1653
21.5,1,15,11,1658
21.5,1,15,12,1663
21.5,1,15,13,1668
21.5,1,15,14,1673
21.5,1,15,15,1678
21.5,2,0,0,1533
21.5,2,0,1,1538
21.5,2,0,2,1543
21.5,2,0,3,1548
21.5,2,0,4,1553
21.5,2,0,5,1557
21.5,2,0,6,1562
21.5,2,0,7,1567
21.5,2,0,8,1572
21.5,2,0,9,1577
21.5,2,0,10,1582
21.5,2,0,11,1586
21.5,2,0,12,1591
21.5,2,0,13,1596
21.5,2,0,14,1601
21.5,2,0,15,1605
21.5,2,1,0,1538
21.5,2,1,1,1543
21.5,2,1,2,1548
21.5,2,1,3,1553
21.5,2,1,4,1558
21.5,2,1,5,1563
21.5,2,1,6,1568
21.5,2,1,7,1572
21.5,2,1,8,1577
21.5,2,1,9,1582
21.5,2,1,10,1587
21.5,2,1,11,1592
21.5,2,1,12,1597
21.5,2,1,13,1601
21.5,2,1,14,1606
21.5,2,1,15,1611
21.5,2,2,0,1543
21.5,2,2,1,1548
21.5,2,2,2,1553
21.5,2,2,3,1558
21.5,2,2,4,1563
21.5,2,2,5,1568
21.5,2,2,6,1573
21.5,2,2,7,1578
21.5,2,2,8,1583
21.5,2,2,9,1587
21.5,2,2,10,1592
21.5,2,2,11,1597
21.5,2,2,12,1602
21.5,2,2,13,1607
21.5,2,2,14,1611
21.5,2,2,15,1616
21.5,2,3,0,1548
21.5,2,3,1,1553
21.5,2,3,2,1558
21.5,2,3,3,1563
21.5,2,3,4,1568
21.5,2,3,5,1573
21.5,2,3,6,1578
21.5,2,3,7,1583
21.5,2,3,8,1588
21.5,2,3,9,1593
21.5,2,3,10,1597
21.5,2,3,11,1602
21.5,2,3,12,1607
21.5,2,3,13,1612
21.5,2,3,14,1617
21.5,2,3,15,1621
21.5,2,4,0,1553
21.5,2,4,1,1558
21.5,2,4,2,1563
21.5,2,4,3,1568
21.5,2,4,4,1573
21.5,2,4,5,1578
21.5,2,4,6,1583
21.5,2,4,7,1588
21.5,2,4,8,1593
21.5,2,4,9,1598
21.5,2,4,10,1603
21.5,2,4,11,1608
21.5,2,4,12,1612
21.5,2,4,13,1617
21.5,2,4,14,1622
21.5,2,4,15,1627
21.5,2,5,0,1558
21.5,2,5,1,1563
21.5,2,5,2,1568
21.5,2,5,3,1573
21.5,2,5,4,1578
21.5,2,5,5,1583
21.5,2,5,6,1588
21.5,2,5,7,1593
21.5,2,5,8,1598
21.5,2,5,9,1603
21.5,2,5,10,1608
21.5,2,5,11,1613
21.5,2,5,12,1618
21.5,2,5,13,1623
21.5,2,5,14,1627
21.5,2,5,15,1632
21.5,2,6,0,1563
21.5,2,6,1,1569
21.5,2,6,2,1574
21.5,2,6,3,1579
21.5,2,6,4,1584
21.5,2,6,5,1589
21.5,2,6,6,1593
21.5,2,6,7,1598
21.5,2,6,8,1603
21.5,2,6,9,1608
21.5,2,6,10,1613
21.5,2,6,11,1618
21.5,2,6,12,1623
21.5,2,6,13,1628
21.5,2,6,14,1633
21.5,2,6,15,1637
21.5,2,7,0,1569
21.5,2,7,1,1574
21.5,2,7,2,1579
21.5,2,7,3,1584
21.5,2,7,4,1589
21.5,2,7,5,1594
21.5,2,7,6,1599
21.5,2,7,7,1604
21.5,2,7,8,1609
21.5,2,7,9,1613
21.5,2,7,10,1618
21.5,2,7,11,1623
21.5,2,7,12,1628
21.5,2,7,13,1633
21.5,2,7,14,1638
21.5,2,7,15,1643
21.5,2,8,0,1574
21.5,2,8,1,1579
21.5,2,8,2,1584
21.5,2,8,3,1589
21.5,2,8,4,1594
21.5,2,8,5,1599
21.5,2,8,6,1604
21.5,2,8,7,1609
21.5,2,8,8,1614
21.5,2,8,9,1619
21.5,2,8,10,1624
21.5,2,8,11,1628
21.5,2,8,12,1633
21.5,2,8,13,1638
21.5,2,8,14,1643
21.5,2,8,15,1648
21.5,2,9,0,1579
21.5,2,9,1,1584
21.5,2,9,2,1589
21.5,2,9,3,1594
21.5,2,9,4,1599
21.5,2,9,5,1604
21.5,2,9,6,1609
21.5,2,9,7,1614
21.5,2,9,8,1619
21.5,2,9,9,1624
21.5,2,9,10,1629
21.5,2,9,11,1634
21.5,2,9,12,1639
21.5,2,9,13,1643
21.5,2,9,14,1648
21.5,2,9,15,1653
21.5,2,10,0,1584
21.5,2,10,1,1589
21.5,2,10,2,1594
21.5,2,10,3,1599
21.5,2,10,4,1604
21.5,2,10,5,1609
21.5,2,10,6,1614
21.5,2,10,7,1619
21.5,2,10,8,1624
21.5,2,10,9,1629
21.5,2,10,10,1634
21.5,2,10,11,1639
21.5,2,10,12,1644
21.5,2,10,13,1649
21.5,2,10,14,1654
21.5,2,10,15,1658
21.5,2,11,0,1589
21.5,2,11,1,1594
21.5,2,11,2,1599
21.5,2,11,3,1604
21.5,2,11,4,1609
21.5,2,11,5,1614
21.5,2,11,6,1619
21.5,2,11,7,1624
21.5,2,11,8,1629
21.5,2,11,9,1634
21.5,2,11,10,1639
21.5,2,11,11,1644
21.5,2,11,12,1649
21.5,2,11,13,1654
21.5,2,11,14,1659
21.5,2,11,15,1664
21.5,2,12,0,1593
21.5,2,12,1,1599
21.5,2,12,2,1604
21.5,2,12,3,1609
21.5,2,12,4,1614
21.5,2,12,5,1619
21.5,2,12,6,1624
21.5,2,12,7,1629
21.5,2,12,8,1634
21.5,2,12,9,1639
21.5,2,12,10,1644
21.5,2,12,11,1649
21.5,2,12,12,1654
21.5,2,12,13,1659
21.5,2,12,14,1664
21.5,2,12,15,1669
21.5,2,13,0,1598
21.5,2,13,1,1604
21.5,2,13,2,1609
21.5,2,13,3,1614
21.5,2,13,4,1619
21.5,2,13,5,1624
21.5,2,13,6,1629
21.5,2,13,7,1634
21.5,2,13,8,1639
21.5,2,13,9,1644
21.5,2,13,10,1649
21.5,2,13,11,1654
21.5,2,13,12,1659
21.5,2,13,13,1664
21.5,2,13,14,1669
21.5,2,13,15,1674
21.5,2,14,0,1603
21.5,2,14,1,1609
21.5,2,14,2,1614
21.5,2,14,3,1619
21.5,2,14,4,1624
21.5,2,14,5,1629
21.5,2,14,6,1634
21.5,2,14,7,1639
21.5,2,14,8,1644
21.5,2,14,9,1649
21.5,2,14,10,1654
21.5,2,14,11,1659
21.5,2,14,12,1664
21.5,2,14,13,1669
21.5,2,14,14,1674
21.5,2,14,15,1679
21.5,2,15,0,1608
21.5,2,15,1,1613
21.5,2,15,2,1619
21.5,2,15,3,1624
21.5,2,15,4,1629
21.5,2,15,5,1634
21.5,2,15,6,1639
21.5,2,15,7,1644
21.5,2,15,8,1649
21.5,2,15,9,1654
21.5,2,15,10,1659
21.5,2,15,11,1664
21.5,2,15,12,1669
21.5,2,15,13,1674
21.5,2,15,14,1679
21.5,2,15,15,1684
21.5,3,0,0,1539
21.5,3,0,1,1544
21.5,3,0,2,1549
21.5,3,0,3,1554
21.5,3,0,4,1558
21.5,3,0,5,1563
21.5,3,0,6,1568
21.5,3,0,7,1573
21.5,3,0,8,1578
21.5,3,0,9,1583
21.5,3,0,10,1588
21.5,3,0,11,1592
21.5,3,0,12,1597
21.5,3,0,13,1602
21.5,3,0,14,1607
21.5,3,0,15,1612
21.5,3,1,0,1544
21.5,3,1,1,1549
21.5,3,1,2,1554
21.5,3,1,3,1559
21.5,3,1,4,1564
21.5,3,1,5,1569
21.5,3,1,6,1574
21.5,3,1,7,1578
21.5,3,1,8,1583
21.5,3,1,9,1588
21.5,3,1,10,1593
21.5,3,1,11,1598
21.5,3,1,12,1603
21.5,3,1,13,1607
21.5,3,1,14,1612
21.5,3,1,15,1617
21.5,3,2,0,1549
21.5,3,2,1,1554
21.5,3,2,2,1559
21.5,3,2,3,1564
21.5,3,2,4,1569
21.5,3,2,5,1574
21.5,3,2,6,1579
21.5,3,2,7,1584
21.5,3,2,8,1589
21.5,3,2,9,1593
21.5,3,2,10,1598
21.5,3,2,11,1603
21.5,3,2,12,1608
21.5,3,2,13,1613
21.5,3,2,14,1618
21.5,3,2,15,1622
21.5,3,3,0,1554
21.5,3,3,1,1559
21.5,3,3,2,1564
21.5,3,3,3,1569
21.5,3,3,4,1574
21.5,3,3,5,1579
21.5,3,3,6,1584
21.5,3,3,7,1589
21.5,3,3,8,1594
21.5,3,3,9,1599
21.5,3,3,10,1604
21.5,3,3,11,1608
21.5,3,3,12,1613
21.5,3,3,13,1618
21.5,3,3,14,1623
21.5,3,3,15,1628
21.5,3,4,0,1559
21.5,3,4,1,1564
21.5,3,4,2,1569
21.5,3,4,3,1574
21.5,3,4,4,1579
21.5,3,4,5,1584
21.5,3,4,6,1589
21.5,3,4,7,1594
21.5,3,4,8,1599
21.5,3,4,9,1604
21.5,3,4,10,1609
21.5,3,4,11,1614
21.5,3,4,12,1619
21.5,3,4,13,1623
21.5,3,4,14,1628
21.5,3,4,15,1633
21.5,3,5,0,1564
21.5,3,5,1,1569
21.5,3,5,2,1574
21.5,3,5,3,1579
21.5,3,5,4,1584
21.5,3,5,5,1589
21.5,3,5,6,1594
21.5,3,5,7,1599
21.5,3,5,8,1604
21.5,3,5,9,1609
21.5,3,5,10,1614
21.5,3,5,11,1619
21.5,3,5,12,1624
21.5,3,5,13,1629
21.5,3,5,14,1634
21.5,3,5,15,1638
21.5,3,6,0,1569
21.5,3,6,1,1574
21.5,3,6,2,1580
21.5,3,6,3,1585
21.5,3,6,4,1590
21.5,3,6,5,1595
21.5,3,6,6,1600
21.5,3,6,7,1605
21.5,3,6,8,1609
21.5,3,6,9,1614
21.5,3,6,10,1619
21.5,3,6,11,1624
21.5,3,6,12,1629
21.5,3,6,13,1634
21.5,3,6,14,1639
21.5,3,6,15,1644
21.5,3,7,0,1574
21.5,3,7,1,1580
21.5,3,7,2,1585
21.5,3,7,3,1590
21.5,3,7,4,1595
21.5,3,7,5,1600
21.5,3,7,6,1605
21.5,3,7,7,1610
21.5,3,7,8,1615
21.5,3,7,9,1620
21.5,3,7,10,1625
21.5,3,7,11,1629
21.5,3,7,12,1634
21.5,3,7,13,1639
21.5,3,7,14,1644
21.5,3,7,15,1649
21.5,3,8,0,1580
21.5,3,8,1,1585
21.5,3,8,2,1590
21.5,3,8,3,1595
21.5,3,8,4,1600
21.5,3,8,5,1605
21.5,3,8,6,1610
21.5,3,8,7,1615
21.5,3,8,8,1620
21.5,3,8,9,1625
21.5,3,8,10,1630
21.5,3,8,11,1635
21.5,3,8,12,1640
21.5,3,8,13,1644
21.5,3,8,14,1649
21.5,3,8,15,1654
21.5,3,9,0,1585
21.5,3,9,1,1590
21.5,3,9,2,1595
21.5,3,9,3,1600
21.5,3,9,4,1605
21.5,3,9,5,1610
21.5,3,9,6,1615
21.5,3,9,7,1620
21.5,3,9,8,1625
21.5,3,9,9,1630
21.5,3,9,10,1635
21.5,3,9,11,1640
21.5,3,9,12,1645
21.5,3,9,13,1650
21.5,3,9,14,1655
21.5,3,9,15,1659
21.5,3,10,0,1590
21.5,3,10,1,1595
21.5,3,10,2,1600
21.5,3,10,3,1605
21.5,3,10,4,1610
21.5,3,10,5,1615
21.5,3,10,6,1620
21.5,3,10,7,1625
21.5,3,10,8,1630
21.5,3,10,9,1635
21.5,3,10,10,1640
21.5,3,10,11,1645
21.5,3,10,12,1650
21.5,3,10,13,1655
21.5,3,10,14,1660
21.5,3,10,15,1665
21.5,3,11,0,1595
21.5,3,11,1,1600
21.5,3,11,2,1605
21.5,3,11,3,1610
21.5,3,11,4,1615
21.5,3,11,5,1620
21.5,3,11,6,1625
21.5,3,11,7,1630
21.5,3,11,8,1635
21.5,3,11,9,1640
21.5,3,11,10,1645
21.5,3,11,11,1650
21.5,3,11,12,1655
21.5,3,11,13,1660
21.5,3,11,14,1665
21.5,3,11,15,1670
21.5,3,12,0,1600
21.5,3,12,1,1605
21.5,3,12,2,1610
21.5,3,12,3,1615
21.5,3,12,4,1620
21.5,3,12,5,1625
21.5,3,12,6,1630
21.5,3,12,7,1635
21.5,3,12,8,1640
21.5,3,12,9,1645
21.5,3,12,10,1650
21.5,3,12,11,1655
21.5,3,12,12,1660
21.5,3,12,13,1665
21.5,3,12,14,1670
21.5,3,12,15,1675
21.5,3,13,0,1605
21.5,3,13,1,1610
21.5,3,13,2,1615
21.5,3,13,3,1620
21.5,3,13,4,1625
21.5,3,13,5,1630
21.5,3,13,6,1635
21.5,3,13,7,1640
21.5,3,13,8,1645
21.5,3,13,9,1650
21.5,3,13,10,1655
21.5,3,13,11,1660
21.5,3,13,12,1665
21.5,3,13,13,1670
21.5,3,13,14,1675
21.5,3,13,15,1680
21.5,3,14,0,1609
21.5,3,14,1,1615
21.5,3,14,2,1620
21.5,3,14,3,1625
21.5,3,14,4,1630
21.5,3,14,5,1635
21.5,3,14,6,1640
21.5,3,14,7,1645
21.5,3,14,8,1650
21.5,3,14,9,1656
21.5,3,14,10,1661
21.5,3,14,11,1666
21.5,3,14,12,1671
21.5,3,14,13,1676
21.5,3,14,14,1681
21.5,3,14,15,1686
21.5,3,15,0,1614
21.5,3,15,1,1620
21.5,3,15,2,1625
21.5,3,15,3,1630
21.5,3,15,4,1635
21.5,3,15,5,1640
21.5,3,15,6,1645
21.5,3,15,7,1650
21.5,3,15,8,1656
21.5,3,15,9,1661
21.5,3,15,10,1666
21.5,3,15,11,1671
21.5,3,15,12,1676
21.5,3,15,13,1681
21.5,3,15,14,1686
21.5,3,15,15,1691
21.5,4,0,0,1545
21.5,4,0,1,1550
21.5,4,0,2,1555
21.5,4,0,3,1559
21.5,4,0,4,1564
21.5,4,0,5,1569
21.5,4,0,6,1574
21.5,4,0,7,1579
21.5,4,0,8,1584
21.5,4,0,9,1589
21.5,4,0,10,1594
21.5,4,0,11,1598
21.5,4,0,12,1603
21.5,4,0,13,1608
21.5,4,0,14,1613
21.5,4,0,15,1618
21.5,4,1,0,1550
21.5,4,1,1,1555
21.5,4,1,2,1560
21.5,4,1,3,1565
21.5,4,1,4,1570
21.5,4,1,5,1575
21.5,4,1,6,1579
21.5,4,1,7,1584
21.5,4,1,8,1589
21.5,4,1,9,1594
21.5,4,1,10,1599
21.5,4,1,11,1604
21.5,4,1,12,1609
21.5,4,1,13,1613
21.5,4,1,14,1618
21.5,4,1,15,1623
21.5,4,2,0,1555
21.5,4,2,1,1560
21.5,4,2,2,1565
21.5,4,2,3,1570
21.5,4,2,4,1575
21.5,4,2,5,1580
21.5,4,2,6,1585
21.5,4,2,7,1590
21.5,4,2,8,1595
21.5,4,2,9,1599
21.5,4,2,10,1604
21.5,4,2,11,1609
21.5,4,2,12,1614
21.5,4,2,13,1619
21.5,4,2,14,1624
21.5,4,2,15,1628
21.5,4,3,0,1560
21.5,4,3,1,1565
21.5,4,3,2,1570
21.5,4,3,3,1575
21.5,4,3,4,1580
21.5,4,3,5,1585
21.5,4,3,6,1590
21.5,4,3,7,1595
21.5,4,3,8,1600
21.5,4,3,9,1605
21.5,4,3,10,1610
21.5,4,3,11,1614
21.5,4,3,12,1619
21.5,4,3,13,1624
21.5,4,3,14,1629
21.5,4,3,15,1634
21.5,4,4,0,1565
21.5,4,4,1,1570
21.5,4,4,2,1575
21.5,4,4,3,1580
21.5,4,4,4,1585
21.5,4,4,5,1590
21.5,4,4,6,1595
21.5,4,4,7,1600
21.5,4,4,8,1605
21.5,4,4,9,1610
21.5,4,4,10,1615
21.5,4,4,11,1620
21.5,4,4,12,1625
21.5,4,4,13,1630
21.5,4,4,14,1634
21.5,4,4,15,1639
21.5,4,5,0,1570
21.5,4,5,1,1575
21.5,4,5,2,1580
21.5,4,5,3,1585
21.5,4,5,4,1590
21.5,4,5,5,1595
21.5,4,5,6,1600
21.5,4,5,7,1605
21.5,4,5,8,1610
21.5,4,5,9,1615
21.5,4,5,10,1620
21.5,4,5,11,1625
21.5,4,5,12,1630
21.5,4,5,13,1635
21.5,4,5,14,1640
21.5,4,5,15,1645
21.5,4,6,0,1575
21.5,4,6,1,1580
21.5,4,6,2,1586
21.5,4,6,3,1591
21.5,4,6,4,1596
21.5,4,6,5,1601
21.5,4,6,6,1606
21.5,4,6,7,1611
21.5,4,6,8,1616
21.5,4,6,9,1620
21.5,4,6,10,1625
21.5,4,6,11,1630
21.5,4,6,12,1635
21.5,4,6,13,1640
21.5,4,6,14,1645
21.5,4,6,15,1650
21.5,4,7,0,1580
21.5,4,7,1,1586
21.5,4,7,2,1591
21.5,4,7,3,1596
21.5,4,7,4,1601
21.5,4,7,5,1606
21.5,4,7,6,1611
21.5,4,7,7,1616
21.5,4,7,8,1621
21.5,4,7,9,1626
21.5,4,7,10,1631
21.5,4,7,11,1636
21.5,4,7,12,1641
21.5,4,7,13,1645
21.5,4,7,14,1650
21.5,4,7,15,1655
21.5,4,8,0,1586
21.5,4,8,1,1591
21.5,4,8,2,1596
21.5,4,8,3,1601
21.5,4,8,4,1606
21.5,4,8,5,1611
21.5,4,8,6,1616
21.5,4,8,7,1621
21.5,4,8,8,1626
21.5,4,8,9,1631
21.5,4,8,10,1636
21.5,4,8,11,1641
21.5,4,8,12,1646
21.5,4,8,13,1651
21.5,4,8,14,1656
21.5,4,8,15,1660
21.5,4,9,0,1591
21.5,4,9,1,1596
21.5,4,9,2,1601
21.5,4,9,3,1606
21.5,4,9,4,1611
21.5,4,9,5,1616
21.5,4,9,6,1621
21.5,4,9,7,1626
21.5,4,9,8,1631
21.5,4,9,9,1636
21.5,4,9,10,1641
21.5,4,9,11,1646
21.5,4,9,12,1651
21.5,4,9,13,1656
21.5,4,9,14,1661
21.5,4,9,15,1666
21.5,4,10,0,1596
21.5,4,10,1,1601
21.5,4,10,2,1606
21.5,4,10,3,1611
21.5,4,10,4,1616
21.5,4,10,5,1621
21.5,4,10,6,1626
21.5,4,10,7,1631
21.5,4,10,8,1636
21.5,4,10,9,1641
21.5,4,10,10,1646
21.5,4,10,11,1651
21.5,4,10,12,1656
21.5,4,10,13,1661
21.5,4,10,14,1666
21.5,4,10,15,1671
21.5,4,11,0,1601
21.5,4,11,1,1606
21.5,4,11,2,1611
21.5,4,11,3,1616
21.5,4,11,4,1621
21.5,4,11,5,1626
21.5,4,11,6,1631
21.5,4,11,7,1636
21.5,4,11,8,1641
21.5,4,11,9,1646
21.5,4,11,10,1651
21.5,4,11,11,1656
21.5,4,11,12,1661
21.5,4,11,13,1666
21.5,4,11,14,1671
21.5,4,11,15,1676
21.5,4,12,0,1606
21.5,4,12,1,1611
21.5,4,12,2,1616
21.5,4,12,3,1621
21.5,4,12,4,1626
21.5,4,12,5,1631
21.5,4,12,6,1636
21.5,4,12,7,1641
21.5,4,12,8,1647
21.5,4,12,9,1652
21.5,4,12,10,1657
21.5,4,12,11,1662
21.5,4,12,12,1667
21.5,4,12,13,1672
21.5,4,12,14,1677
21.5,4,12,15,1682
21.5,4,13,0,1611
21.5,4,13,1,1616
21.5,4,13,2,1621
21.5,4,13,3,1626
21.5,4,13,4,1631
21.5,4,13,5,1636
21.5,4,13,6,1641
21.5,4,13,7,1647
21.5,4,13,8,1652
21.5,4,13,9,1657
21.5,4,13,10,1662
21.5,4,13,11,1667
21.5,4,13,12,1672
21.5,4,13,13,1677
21.5,4,13,14,1682
21.5,4,13,15,1687
21.5,4,14,0,1616
21.5,4,14,1,1621
21.5,4,14,2,1626
21.5,4,14,3,1631
21.5,4,14,4,1636
21.5,4,14,5,1641
21.5,4,14,6,1647
21.5,4,14,7,1652
21.5,4,14,8,1657
21.5,4,14,9,1662
21.5,4,14,10,1667
21.5,4,14,11,1672
21.5,4,14,12,1677
21.5,4,14,13,1682
21.5,4,14,14,1687
21.5,4,14,15,1692
21.5,4,15,0,1620
21.5,4,15,1,1626
21.5,4,15,2,1631
21.5,4,15,3,1636
21.5,4,15,4,1641
21.5,4,15,5,1646
21.5,4,15,6,1652
21.5,4,15,7,1657
21.5,4,15,8,1662
21.5,4,15,9,1667
21.5,4,15,10,1672
21.5,4,15,11,1677
21.5,4,15,12,1682
21.5,4,15,13,1687
21.5,4,15,14,1692
21.5,4,15,15,1697
21.5,5,0,0,1550
21.5,5,0,1,1555
21.5,5,0,2,1560
21.5,5,0,3,1565
21.5,5,0,4,1570
21.5,5,0,5,1575
21.5,5,0,6,1580
21.5,5,0,7,1585
21.5,5,0,8,1590
21.5,5,0,9,1595
21.5,5,0,10,1600
21.5,5,0,11,1605
21.5,5,0,12,1609
21.5,5,0,13,1614
21.5,5,0,14,1619
21.5,5,0,15,1624
21.5,5,1,0,1556
21.5,5,1,1,1561
21.5,5,1,2,1566
21.5,5,1,3,1571
21.5,5,1,4,1576
21.5,5,1,5,1581
21.5,5,1,6,1585
21.5,5,1,7,1590
21.5,5,1,8,1595
21.5,5,1,9,1600
21.5,5,1,10,1605
21.5,5,1,11,1610
21.5,5,1,12,1615
21.5,5,1,13,1620
21.5,5,1,14,1624
21.5,5,1,15,1629
21.5,5,2,0,1561
21.5,5,2,1,1566
21.5,5,2,2,1571
21.5,5,2,3,1576
21.5,5,2,4,1581
21.5,5,2,5,1586
21.5,5,2,6,1591
21.5,5,2,7,1596
21.5,5,2,8,1601
21.5,5,2,9,1605
21.5,5,2,10,1610
21.5,5,2,11,1615
21.5,5,2,12,1620
21.5,5,2,13,1625
21.5,5,2,14,1630
21.5,5,2,15,1635
21.5,5,3,0,1566
21.5,5,3,1,1571
21.5,5,3,2,1576
21.5,5,3,3,1581
21.5,5,3,4,1586
21.5,5,3,5,1591
21.5,5,3,6,1596
21.5,5,3,7,1601
21.5,5,3,8,1606
21.5,5,3,9,1611
21.5,5,3,10,1616
21.5,5,3,11,1621
21.5,5,3,12,1625
21.5,5,3,13,1630
21.5,5,3,14,1635
21.5,5,3,15,1640
21.5,5,4,0,1571
21.5,5,4,1,1576
21.5,5,4,2,1581
21.5,5,4,3,1586
21.5,5,4,4,1591
21.5,5,4,5,1596
21.5,5,4,6,1601
21.5,5,4,7,1606
21.5,5,4,8,1611
21.5,5,4,9,1616
21.5,5,4,10,1621
21.5,5,4,11,1626
21.5,5,4,12,1631
21.5,5,4,13,1636
21.5,5,4,14,1641
21.5,5,4,15,1645
21.5,5,5,0,1576
21.5,5,5,1,1581
21.5,5,5,2,1586
21.5,5,5,3,1591
21.5,5,5,4,1596
21.5,5,5,5,1601
21.5,5,5,6,1606
21.5,5,5,7,1611
21.5,5,5,8,1616
21.5,5,5,9,1621
21.5,5,5,10,1626
21.5,5,5,11,1631
21.5,5,5,12,1636
21.5,5,5,13,1641
21.5,5,5,14,1646
21.5,5,5,15,1651
21.5,5,6,0,1581
21.5,5,6,1,1586
21.5,5,6,2,1592
21.5,5,6,3,1597
21.5,5,6,4,1602
21.5,5,6,5,1607
21.5,5,6,6,1612
21.5,5,6,7,1617
21.5,5,6,8,1622
21.5,5,6,9,1627
21.5,5,6,10,1632
21.5,5,6,11,1637
21.5,5,6,12,1641
21.5,5,6,13,1646
21.5,5,6,14,1651
21.5,5,6,15,1656
21.5,5,7,0,1586
21.5,5,7,1,1592
21.5,5,7,2,1597
21.5,5,7,3,1602
21.5,5,7,4,1607
21.5,5,7,5,1612
21.5,5,7,6,1617
21.5,5,7,7,1622
21.5,5,7,8,1627
21.5,5,7,9,1632
21.5,5,7,10,1637
21.5,5,7,11,1642
21.5,5,7,12,1647
21.5,5,7,13,1652
21.5,5,7,14,1657
21.5,5,7,15,1661
21.5,5,8,0,1592
21.5,5,8,1,1597
21.5,5,8,2,1602
21.5,5,8,3,1607
21.5,5,8,4,1612
21.5,5,8,5,1617
21.5,5,8,6,1622
21.5,5,8,7,1627
21.5,5,8,8,1632
21.5,5,8,9,1637
21.5,5,8,10,1642
21.5,5,8,11,1647
21.5,5,8,12,1652
21.5,5,8,13,1657
21.5,5,8,14,1662
21.5,5,8,15,1667
21.5,5,9,0,1597
21.5,5,9,1,1602
21.5,5,9,2,1607
21.5,5,9,3,1612
21.5,5,9,4,1617
21.5,5,9,5,1622
21.5,5,9,6,1627
21.5,5,9,7,1632
21.5,5,9,8,1637
21.5,5,9,9,1642
21.5,5,9,10,1647
21.5,5,9,11,1652
21.5,5,9,12,1657
21.5,5,9,13,1662
21.5,5,9,14,1667
21.5,5,9,15,1672
21.5,5,10,0,1602
21.5,5,10,1,1607
21.5,5,10,2,1612
21.5,5,10,3,1617
21.5,5,10,4,1622
21.5,5,10,5,1627
21.5,5,10,6,1632
21.5,5,10,7,1637
21.5,5,10,8,1642
21.5,5,10,9,1647
21.5,5,10,10,1652
21.5,5,10,11,1657
21.5,5,10,12,1662
21.5,5,10,13,1667
21.5,5,10,14,1672
21.5,5,10,15,1677
21.5,5,11,0,1607
21.5,5,11,1,1612
21.5,5,11,2,1617
21.5,5,11,3,1622
21.5,5,11,4,1627
21.5,5,11,5,1632
21.5,5,11,6,1637
21.5,5,11,7,1643
21.5,5,11,8,1648
21.5,5,11,9,1653
21.5,5,11,10,1658
21.5,5,11,11,1663
21.5,5,11,12,1668
21.5,5,11,13,1673
21.5,5,11,14,1678
21.5,5,11,15,1683
21.5,5,12,0,1612
21.5,5,12,1,1617
21.5,5,12,2,1622
21.5,5,12,3,1627
21.5,5,12,4,1632
21.5,5,12,5,1637
21.5,5,12,6,1643
21.5,5,12,7,1648
21.5,5,12,8,1653
21.5,5,12,9,1658
21.5,5,12,10,1663
21.5,5,12,11,1668
21.5,5,12,12,1673
21.5,5,12,13,1678
21.5,5,12,14,1683
21.5,5,12,15,1688
21.5,5,13,0,1617
21.5,5,13,1,1622
21.5,5,13,2,1627
21.5,5,13,3,1632
21.5,5,13,4,1637
21.5,5,13,5,1643
21.5,5,13,6,1648
21.5,5,13,7,1653
21.5,5,13,8,1658
21.5,5,13,9,1663
21.5,5,13,10,1668
21.5,5,13,11,1673
21.5,5,13,12,1678
21.5,5,13,13,1683
21.5,5,13,14,1688
21.5,5,13,15,1693
21.5,5,14,0,1622
21.5,5,14,1,1627
21.5,5,14,2,1632
21.5,5,14,3,1637
21.5,5,14,4,1642
21.5,5,14,5,1648
21.5,5,14,6,1653
21.5,5,14,7,1658
21.5,5,14,8,1663
21.5,5,14,9,1668
21.5,5,14,10,1673
21.5,5,14,11,1678
21.5,5,14,12,1683
21.5,5,14,13,1688
21.5,5,14,14,1693
21.5,5,14,15,1698
21.5,5,15,0,1627
21.5,5,15,1,1632
21.5,5,15,2,1637
21.5,5,15,3,1642
21.5,5,15,4,1647
21.5,5,15,5,1653
21.5,5,15,6,1658
21.5,5,15,7,1663
21.5,5,15,8,1668
21.5,5,15,9,1673
21.5,5,15,10,1678
21.5,5,15,11,1683
21.5,5,15,12,1688
21.5,5,15,13,1693
21.5,5,15,14,1699
21.5,5,15,15,1704
21.5,6,0,0,1556
21.5,6,0,1,1561
21.5,6,0,2,1566
21.5,6,0,3,1571
21.5,6,0,4,1576
21.5,6,0,5,1581
21.5,6,0,6,1586
21.5,6,0,7,1591
21.5,6,0,8,1596
21.5,6,0,9,1601
21.5,6,0,10,1606
21.5,6,0,11,1611
21.5,6,0,12,1615
21.5,6,0,13,1620
21.5,6,0,14,1625
21.5,6,0,15,1630
21.5,6,1,0,1561
21.5,6,1,1,1566
21.5,6,1,2,1572
21.5,6,1,3,1577
21.5,6,1,4,1581
21.5,6,1,5,1586
21.5,6,1,6,1591
21.5,6,1,7,1596
21.5,6,1,8,1601
21.5,6,1,9,1606
21.5,6,1,10,1611
21.5,6,1,11,1616
21.5,6,1,12,1621
21.5,6,1,13,1626
21.5,6,1,14,1630
21.5,6,1,15,1635
21.5,6,2,0,1567
21.5,6,2,1,1572
21.5,6,2,2,1577
21.5,6,2,3,1582
21.5,6,2,4,1587
21.5,6,2,5,1592
21.5,6,2,6,1597
21.5,6,2,7,1602
21.5,6,2,8,1607
21.5,6,2,9,1612
21.5,6,2,10,1616
21.5,6,2,11,1621
21.5,6,2,12,1626
21.5,6,2,13,1631
21.5,6,2,14,1636
21.5,6,2,15,1641
21.5,6,3,0,1572
21.5,6,3,1,1577
21.5,6,3,2,1582
21.5,6,3,3,1587
21.5,6,3,4,1592
21.5,6,3,5,1597
21.5,6,3,6,1602
21.5,6,3,7,1607
21.5,6,3,8,1612
21.5,6,3,9,1617
21.5,6,3,10,1622
21.5,6,3,11,1627
21.5,6,3,12,1632
21.5,6,3,13,1636
21.5,6,3,14,1641
21.5,6,3,15,1646
21.5,6,4,0,1577
21.5,6,4,1,1582
21.5,6,4,2,1587
21.5,6,4,3,1592
21.5,6,4,4,1597
21.5,6,4,5,1602
21.5,6,4,6,1607
21.5,6,4,7,1612
21.5,6,4,8,1617
21.5,6,4,9,1622
21.5,6,4,10,1627
21.5,6,4,11,1632
21.5,6,4,12,1637
21.5,6,4,13,1642
21.5,6,4,14,1647
21.5,6,4,15,1652
21.5,6,5,0,1582
21.5,6,5,1,1587
21.5,6,5,2,1592
21.5,6,5,3,1597
21.5,6,5,4,1602
21.5,6,5,5,1607
21.5,6,5,6,1612
21.5,6,5,7,1617
21.5,6,5,8,1622
21.5,6,5,9,1627
21.5,6,5,10,1632
21.5,6,5,11,1637
21.5,6,5,12,1642
21.5,6,5,13,1647
21.5,6,5,14,1652
21.5,6,5,15,1657
21.5,6,6,0,1587
21.5,6,6,1,1592
21.5,6,6,2,1597
21.5,6,6,3,1603
21.5,6,6,4,1608
21.5,6,6,5,1613
21.5,6,6,6,1618
21.5,6,6,7,1623
21.5,6,6,8,1628
21.5,6,6,9,1633
21.5,6,6,10,1638
21.5,6,6,11,1643
21.5,6,6,12,1648
21.5,6,6,13,1653
21.5,6,6,14,1657
21.5,6,6,15,1662
21.5,6,7,0,1592
21.5,6,7,1,1598
21.5,6,7,2,1603
21.5,6,7,3,1608
21.5,6,7,4,1613
21.5,6,7,5,1618
21.5,6,7,6,1623
21.5,6,7,7,1628
21.5,6,7,8,1633
21.5,6,7,9,1638
21.5,6,7,10,1643
21.5,6,7,11,1648
21.5,6,7,12,1653
21.5,6,7,13,1658
21.5,6,7,14,1663
21.5,6,7,15,1668
21.5,6,8,0,1597
21.5,6,8,1,1603
21.5,6,8,2,1608
21.5,6,8,3,1613
21.5,6,8,4,1618
21.5,6,8,5,1623
21.5,6,8,6,1628
21.5,6,8,7,1633
21.5,6,8,8,1638
21.5,6,8,9,1643
21.5,6,8,10,1648
21.5,6,8,11,1653
21.5,6,8,12,1658
21.5,6,8,13,1663
21.5,6,8,14,1668
21.5,6,8,15,1673
21.5,6,9,0,1603
21.5,6,9,1,1608
21.5,6,9,2,1613
21.5,6,9,3,1618
21.5,6,9,4,1623
21.5,6,9,5,1628
21.5,6,9,6,1633
21.5,6,9,7,1638
21.5,6,9,8,1643
21.5,6,9,9,1648
21.5,6,9,10,1653
21.5,6,9,11,1658
21.5,6,9,12,1663
21.5,6,9,13,1668
21.5,6,9,14,1673
21.5,6,9,15,1678
21.5,6,10,0,1608
21.5,6,10,1,1613
21.5,6,10,2,1618
21.5,6,10,3,1623
21.5,6,10,4,1628
21.5,6,10,5,1633
21.5,6,10,6,1638
21.5,6,10,7,1644
21.5,6,10,8,1649
21.5,6,10,9,1654
21.5,6,10,10,1659
21.5,6,10,11,1664
21.5,6,10,12,1669
21.5,6,10,13,1674
21.5,6,10,14,1679
21.5,6,10,15,1684
21.5,6,11,0,1613
21.5,6,11,1,1618
21.5,6,11,2,1623
21.5,6,11,3,1628
21.5,6,11,4,1633
21.5,6,11,5,1639
21.5,6,11,6,1644
21.5,6,11,7,1649
21.5,6,11,8,1654
21.5,6,11,9,1659
21.5,6,11,10,1664
21.5,6,11,11,1669
21.5,6,11,12,1674
21.5,6,11,13,1679
21.5,6,11,14,1684
21.5,6,11,15,1689
21.5,6,12,0,1618
21.5,6,12,1,1623
21.5,6,12,2,1628
21.5,6,12,3,1633
21.5,6,12,4,1638
21.5,6,12,5,1644
21.5,6,12,6,1649
21.5,6,12,7,1654
21.5,6,12,8,1659
21.5,6,12,9,1664
21.5,6,12,10,1669
21.5,6,12,11,1674
21.5,6,12,12,1679
21.5,6,12,13,1684
21.5,6,12,14,1689
21.5,6,12,15,1694
21.5,6,13,0,1623
21.5,6,13,1,1628
21.5,6,13,2,1633
21.5,6,13,3,1638
21.5,6,13,4,1644
21.5,6,13,5,1649
21.5,6,13,6,1654
21.5,6,13,7,1659
21.5,6,13,8,1664
21.5,6,13,9,1669
21.5,6,13,10,1674
21.5,6,13,11,1679
21.5,6,13,12,1684
21.5,6,13,13,1689
21.5,6,13,14,1694
21.5,6,13,15,1699
21.5,6,14,0,1628
21.5,6,14,1,1633
21.5,6,14,2,1638
21.5,6,14,3,1643
21.5,6,14,4,1649
21.5,6,14,5,1654
21.5,6,14,6,1659
21.5,6,14,7,1664
21.5,6,14,8,1669
21.5,6,14,9,1674
21.5,6,14,10,1679
21.5,6,14,11,1685
21.5,6,14,12,1690
21.5,6,14,13,1695
21.5,6,14,14,1700
21.5,6,14,15,1705
21.5,6,15,0,1633
21.5,6,15,1,1638
21.5,6,15,2,1643
21.5,6,15,3,1648
21.5,6,15,4,1654
21.5,6,15,5,1659
21.5,6,15,6,1664
21.5,6,15,7,1669
21.5,6,15,8,1674
21.5,6,15,9,1679
21.5,6,15,10,1685
21.5,6,15,11,1690
21.5,6,15,12,1695
21.5,6,15,13,1700
21.5,6,15,14,1705
21.5,6,15,15,1710
21.5,7,0,0,1562
21.5,7,0,1,1567
21.5,7,0,2,1572
21.5,7,0,3,1577
21.5,7,0,4,1582
21.5,7,0,5,1587
21.5,7,0,6,1592
21.5,7,0,7,1597
21.5,7,0,8,1602
21.5,7,0,9,1607
21.5,7,0,10,1612
21.5,7,0,11,1617
21.5,7,0,12,1621
21.5,7,0,13,1626
21.5,7,0,14,1631
21.5,7,0,15,1636
21.5,7,1,0,1567
21.5,7,1,1,1572
21.5,7,1,2,1577
21.5,7,1,3,1582
21.5,7,1,4,1587
21.5,7,1,5,1592
21.5,7,1,6,1597
21.5,7,1,7,1602
21.5,7,1,8,1607
21.5,7,1,9,1612
21.5,7,1,10,1617
21.5,7,1,11,1622
21.5,7,1,12,1627
21.5,7,1,13,1632
21.5,7,1,14,1637
21.5,7,1,15,1641
21.5,7,2,0,1573
21.5,7,2,1,1578
21.5,7,2,2,1583
21.5,7,2,3,1588
21.5,7,2,4,1593
21.5,7,2,5,1598
21.5,7,2,6,1603
21.5,7,2,7,1608
21.5,7,2,8,1613
21.5,7,2,9,1618
21.5,7,2,10,1622
21.5,7,2,11,1627
21.5,7,2,12,1632
21.5,7,2,13,1637
21.5,7,2,14,1642
21.5,7,2,15,1647
21.5,7,3,0,1578
21.5,7,3,1,1583
21.5,7,3,2,1588
21.5,7,3,3,1593
21.5,7,3,4,1598
21.5,7,3,5,1603
21.5,7,3,6,1608
21.5,7,3,7,1613
21.5,7,3,8,1618
21.5,7,3,9,1623
21.5,7,3,10,1628
21.5,7,3,11,1633
21.5,7,3,12,1638
21.5,7,3,13,1643
21.5,7,3,14,1647
21.5,7,3,15,1652
21.5,7,4,0,1583
21.5,7,4,1,1588
21.5,7,4,2,1593
21.5,7,4,3,1598
21.5,7,4,4,1603
21.5,7,4,5,1608
21.5,7,4,6,1613
21.5,7,4,7,1618
21.5,7,4,8,1623
21.5,7,4,9,1628
21.5,7,4,10,1633
21.5,7,4,11,1638
21.5,7,4,12,1643
21.5,7,4,13,1648
21.5,7,4,14,1653
21.5,7,4,15,1658
21.5,7,5,0,1588
21.5,7,5,1,1593
21.5,7,5,2,1598
21.5,7,5,3,1603
21.5,7,5,4,1608
21.5,7,5,5,1613
21.5,7,5,6,1619
21.5,7,5,7,1624
21.5,7,5,8,1629
21.5,7,5,9,1634
21.5,7,5,10,1639
21.5,7,5,11,1643
21.5,7,5,12,1648
21.5,7,5,13,1653
21.5,7,5,14,1658
21.5,7,5,15,1663
21.5,7,6,0,1593
21.5,7,6,1,1598
21.5,7,6,2,1603
21.5,7,6,3,1609
21.5,7,6,4,1614
21.5,7,6,5,1619
21.5,7,6,6,1624
21.5,7,6,7,1629
21.5,7,6,8,1634
21.5,7,6,9,1639
21.5,7,6,10,1644
21.5,7,6,11,1649
21.5,7,6,12,1654
21.5,7,6,13,1659
21.5,7,6,14,1664
21.5,7,6,15,1669
21.5,7,7,0,1598
21.5,7,7,1,1604
21.5,7,7,2,1609
21.5,7,7,3,1614
21.5,7,7,4,1619
21.5,7,7,5,1624
21.5,7,7,6,1629
21.5,7,7,7,1634
21.5,7,7,8,1639
21.5,7,7,9,1644
21.5,7,7,10,1649
21.5,7,7,11,1654
21.5,7,7,12,1659
21.5,7,7,13,1664
21.5,7,7,14,1669
21.5,7,7,15,1674
21.5,7,8,0,1603
21.5,7,8,1,1609
21.5,7,8,2,1614
21.5,7,8,3,1619
21.5,7,8,4,1624
21.5,7,8,5,1629
21.5,7,8,6,1634
21.5,7,8,7,1639
21.5,7,8,8,1644
21.5,7,8,9,1649
21.5,7,8,10,1654
21.5,7,8,11,1659
21.5,7,8,12,1664
21.5,7,8,13,1669
21.5,7,8,14,1674
21.5,7,8,15,1679
21.5,7,9,0,1609
21.5,7,9,1,1614
21.5,7,9,2,1619
21.5,7,9,3,1624
21.5,7,9,4,1629
21.5,7,9,5,1634
21.5,7,9,6,1639
21.5,7,9,7,1645
21.5,7,9,8,1650
21.5,7,9,9,1655
21.5,7,9,10,1660
21.5,7,9,11,1665
21.5,7,9,12,1670
21.5,7,9,13,1675
21.5,7,9,14,1680
21.5,7,9,15,1685
21.5,7,10,0,1614
21.5,7,10,1,1619
21.5,7,10,2,1624
21.5,7,10,3,1629
21.5,7,10,4,1634
21.5,7,10,5,1639
21.5,7,10,6,1645
21.5,7,10,7,1650
21.5,7,10,8,1655
21.5,7,10,9,1660
21.5,7,10,10,1665
21.5,7,10,11,1670
21.5,7,10,12,1675
21.5,7,10,13,1680
21.5,7,10,14,1685
21.5,7,10,15,1690
21.5,7,11,0,1619
21.5,7,11,1,1624
21.5,7,11,2,1629
21.5,7,11,3,1634
21.5,7,11,4,1639
21.5,7,11,5,1645
21.5,7,11,6,1650
21.5,7,11,7,1655
21.5,7,11,8,1660
21.5,7,11,9,1665
21.5,7,11,10,1670
21.5,7,11,11,1675
21.5,7,11,12,1680
21.5,7,11,13,1685
21.5,7,11,14,1690
21.5,7,11,15,1695
21.5,7,12,0,1624
21.5,7,12,1,1629
21.5,7,12,2,1634
21.5,7,12,3,1639
21.5,7,12,4,1645
21.5,7,12,5,1650
21.5,7,12,6,1655
21.5,7,12,7,1660
21.5,7,12,8,1665
21.5,7,12,9,1670
21.5,7,12,10,1675
21.5,7,12,11,1680
21.5,7,12,12,1685
21.5,7,12,13,1691
21.5,7,12,14,1696
21.5,7,12,15,1701
21.5,7,13,0,1629
21.5,7,13,1,1634
21.5,7,13,2,1639
21.5,7,13,3,1645
21.5,7,13,4,1650
21.5,7,13,5,1655
21.5,7,13,6,1660
21.5,7,13,7,1665
21.5,7,13,8,1670
21.5,7,13,9,1675
21.5,7,13,10,1681
21.5,7,13,11,1686
21.5,7,13,12,1691
21.5,7,13,13,1696
21.5,7,13,14,1701
21.5,7,13,15,1706
21.5,7,14,0,1634
21.5,7,14,1,1639
21.5,7,14,2,1644
21.5,7,14,3,1650
21.5,7,14,4,1655
21.5,7,14,5,1660
21.5,7,14,6,1665
21.5,7,14,7,1670
21.5,7,14,8,1675
21.5,7,14,9,1681
21.5,7,14,10,1686
21.5,7,14,11,1691
21.5,7,14,12,1696
21.5,7,14,13,1701
21.5,7,14,14,1706
21.5,7,14,15,1711
21.5,7,15,0,1639
21.5,7,15,1,1644
21.5,7,15,2,1649
21.5,7,15,3,1655
21.5,7,15,4,1660
21.5,7,15,5,1665
21.5,7,15,6,1670
21.5,7,15,7,1675
21.5,7,15,8,1681
21.5,7,15,9,1686
21.5,7,15,10,1691
21.5,7,15,11,1696
21.5,7,15,12,1701
21.5,7,15,13,1706
21.5,7,15,14,1711
21.5,7,15,15,1716
21.5,8,0,0,1568
21.5,8,0,1,1573
21.5,8,0,2,1578
21.5,8,0,3,1583
21.5,8,0,4,1588
21.5,8,0,5,1593
21.5,8,0,6,1598
21.5,8,0,7,1603
21.5,8,0,8,1608
21.5,8,0,9,1613
21.5,8,0,10,1618
21.5,8,0,11,1623
21.5,8,0,12,1627
21.5,8,0,13,1632
21.5,8,0,14,1637
21.5,8,0,15,1642
21.5,8,1,0,1573
21.5,8,1,1,1578
21.5,8,1,2,1583
21.5,8,1,3,1588
21.5,8,1,4,1593
21.5,8,1,5,1598
21.5,8,1,6,1603
21.5,8,1,7,1608
21.5,8,1,8,1613
21.5,8,1,9,1618
21.5,8,1,10,1623
21.5,8,1,11,1628
21.5,8,1,12,1633
21.5,8,1,13,1638
21.5,8,1,14,1643
21.5,8,1,15,1648
21.5,8,2,0,1578
21.5,8,2,1,1583
21.5,8,2,2,1589
21.5,8,2,3,1594
21.5,8,2,4,1599
21.5,8,2,5,1604
21.5,8,2,6,1609
21.5,8,2,7,1614
21.5,8,2,8,1619
21.5,8,2,9,1624
21.5,8,2,10,1629
21.5,8,2,11,1633
21.5,8,2,12,1638
21.5,8,2,13,1643
21.5,8,2,14,1648
21.5,8,2,15,1653
21.5,8,3,0,1584
21.5,8,3,1,1589
21.5,8,3,2,1594
21.5,8,3,3,1599
21.5,8,3,4,1604
21.5,8,3,5,1609
21.5,8,3,6,1614
21.5,8,3,7,1619
21.5,8,3,8,1624
21.5,8,3,9,1629
21.5,8,3,10,1634
21.5,8,3,11,1639
21.5,8,3,12,1644
21.5,8,3,13,1649
21.5,8,3,14,1654
21.5,8,3,15,1659
21.5,8,4,0,1589
21.5,8,4,1,1594
21.5,8,4,2,1599
21.5,8,4,3,1604
21.5,8,4,4,1609
21.5,8,4,5,1614
21.5,8,4,6,1619
21.5,8,4,7,1624
21.5,8,4,8,1629
21.5,8,4,9,1634
21.5,8,4,10,1639
21.5,8,4,11,1644
21.5,8,4,12,1649
21.5,8,4,13,1654
21.5,8,4,14,1659
21.5,8,4,15,1664
21.5,8,5,0,1594
21.5,8,5,1,1599
21.5,8,5,2,1604
21.5,8,5,3,1609
21.5,8,5,4,1614
21.5,8,5,5,1620
21.5,8,5,6,1625
21.5,8,5,7,1630
21.5,8,5,8,1635
21.5,8,5,9,1640
21.5,8,5,10,1645
21.5,8,5,11,1650
21.5,8,5,12,1655
21.5,8,5,13,1660
21.5,8,5,14,1664
21.5,8,5,15,1669
21.5,8,6,0,1599
21.5,8,6,1,1604
21.5,8,6,2,1609
21.5,8,6,3,1615
21.5,8,6,4,1620
21.5,8,6,5,1625
21.5,8,6,6,1630
21.5,8,6,7,1635
21.5,8,6,8,1640
21.5,8,6,9,1645
21.5,8,6,10,1650
21.5,8,6,11,1655
21.5,8,6,12,1660
21.5,8,6,13,1665
21.5,8,6,14,1670
21.5,8,6,15,1675
21.5,8,7,0,1604
21.5,8,7,1,1609
21.5,8,7,2,1615
21.5,8,7,3,1620
21.5,8,7,4,1625
21.5,8,7,5,1630
21.5,8,7,6,1635
21.5,8,7,7,1640
21.5,8,7,8,1645
21.5,8,7,9,1650
21.5,8,7,10,1655
21.5,8,7,11,1660
21.5,8,7,12,1665
21.5,8,7,13,1670
21.5,8,7,14,1675
21.5,8,7,15,1680
21.5,8,8,0,1609
21.5,8,8,1,1615
21.5,8,8,2,1620
21.5,8,8,3,1625
21.5,8,8,4,1630
21.5,8,8,5,1635
21.5,8,8,6,1640
21.5,8,8,7,1645
21.5,8,8,8,1650
21.5,8,8,9,1656
21.5,8,8,10,1661
21.5,8,8,11,1666
21.5,8,8,12,1671
21.5,8,8,13,1676
21.5,8,8,14,1681
21.5,8,8,15,1686
21.5,8,9,0,1615
21.5,8,9,1,1620
21.5,8,9,2,1625
21.5,8,9,3,1630
21.5,8,9,4,1635
21.5,8,9,5,1640
21.5,8,9,6,1646
21.5,8,9,7,1651
21.5,8,9,8,1656
21.5,8,9,9,1661
21.5,8,9,10,1666
21.5,8,9,11,1671
21.5,8,9,12,1676
21.5,8,9,13,1681
21.5,8,9,14,1686
21.5,8,9,15,1691
21.5,8,10,0,1620
21.5,8,10,1,1625
21.5,8,10,2,1630
21.5,8,10,3,1635
21.5,8,10,4,1640
21.5,8,10,5,1646
21.5,8,10,6,1651
21.5,8,10,7,1656
21.5,8,10,8,1661
21.5,8,10,9,1666
21.5,8,10,10,1671
21.5,8,10,11,1676
21.5,8,10,12,1681
21.5,8,10,13,1686
21.5,8,10,14,1691
21.5,8,10,15,1696
21.5,8,11,0,1625
21.5,8,11,1,1630
21.5,8,11,2,1635
21.5,8,11,3,1640
21.5,8,11,4,1646
21.5,8,11,5,1651
21.5,8,11,6,1656
21.5,8,11,7,1661
21.5,8,11,8,1666
21.5,8,11,9,1671
21.5,8,11,10,1676
21.5,8,11,11,1681
21.5,8,11,12,1687
21.5,8,11,13,1692
21.5,8,11,14,1697
21.5,8,11,15,1702
21.5,8,12,0,1630
21.5,8,12,1,1635
21.5,8,12,2,1640
21.5,8,12,3,1646
21.5,8,12,4,1651
21.5,8,12,5,1656
21.5,8,12,6,1661
21.5,8,12,7,1666
21.5,8,12,8,1671
21.5,8,12,9,1677
21.5,8,12,10,1682
21.5,8,12,11,1687
21.5,8,12,12,1692
21.5,8,12,13,1697
21.5,8,12,14,1702
21.5,8,12,15,1707
21.5,8,13,0,1635
21.5,8,13,1,1640
21.5,8,13,2,1645
21.5,8,13,3,1651
21.5,8,13,4,1656
21.5,8,13,5,1661
21.5,8,13,6,1666
21.5,8,13,7,1671
21.5,8,13,8,1677
21.5,8,13,9,1682
21.5,8,13,10,1687
21.5,8,13,11,1692
21.5,8,13,12,1697
21.5,8,13,13,1702
21.5,8,13,14,1707
21.5,8,13,15,1712
21.5,8,14,0,1640
21.5,8,14,1,1645
21.5,8,14,2,1650
21.5,8,14,3,1656
21.5,8,14,4,1661
21.5,8,14,5,1666
21.5,8,14,6,1671
21.5,8,14,7,1677
21.5,8,14,8,1682
21.5,8,14,9,1687
21.5,8,14,10,1692
21.5,8,14,11,1697
21.5,8,14,12,1702
21.5,8,14,13,1707
21.5,8,14,14,1712
21.5,8,14,15,1717
21.5,8,15,0,1645
21.5,8,15,1,1650
21.5,8,15,2,1656
21.5,8,15,3,1661
21.5,8,15,4,1666
21.5,8,15,5,1671
21.5,8,15,6,1677
21.5,8,15,7,1682
21.5,8,15,8,1687
21.5,8,15,9,1692
21.5,8,15,10,1697
21.5,8,15,11,1702
21.5,8,15,12,1707
21.5,8,15,13,1713
21.5,8,15,14,1718
21.5,8,15,15,1723
21.5,9,0,0,1574
21.5,9,0,1,1579
21.5,9,0,2,1584
21.5,9,0,3,1589
21.5,9,0,4,1594
21.5,9,0,5,1599
21.5,9,0,6,1604
21.5,9,0,7,1609
21.5,9,0,8,1614
21.5,9,0,9,1619
21.5,9,0,10,1624
21.5,9,0,11,1629
21.5,9,0,12,1634
21.5,9,0,13,1638
21.5,9,0,14,1643
21.5,9,0,15,1648
21.5,9,1,0,1579
21.5,9,1,1,1584
21.5,9,1,2,1589
21.5,9,1,3,1594
21.5,9,1,4,1599
21.5,9,1,5,1604
21.5,9,1,6,1609
21.5,9,1,7,1614
21.5,9,1,8,1619
21.5,9,1,9,1624
21.5,9,1,10,1629
21.5,9,1,11,1634
21.5,9,1,12,1639
21.5,9,1,13,1644
21.5,9,1,14,1649
21.5,9,1,15,1654
21.5,9,2,0,1584
21.5,9,2,1,1589
21.5,9,2,2,1594
21.5,9,2,3,1600
21.5,9,2,4,1605
21.5,9,2,5,1610
21.5,9,2,6,1615
21.5,9,2,7,1620
21.5,9,2,8,1625
21.5,9,2,9,1630
21.5,9,2,10,1635
21.5,9,2,11,1640
21.5,9,2,12,1644
21.5,9,2,13,1649
21.5,9,2,14,1654
21.5,9,2,15,1659
21.5,9,3,0,1590
21.5,9,3,1,1595
21.5,9,3,2,1600
21.5,9,3,3,1605
21.5,9,3,4,1610
21.5,9,3,5,1615
21.5,9,3,6,1620
21.5,9,3,7,1625
21.5,9,3,8,1630
21.5,9,3,9,1635
21.5,9,3,10,1640
21.5,9,3,11,1645
21.5,9,3,12,1650
21.5,9,3,13,1655
21.5,9,3,14,1660
21.5,9,3,15,1665
21.5,9,4,0,1595
21.5,9,4,1,1600
21.5,9,4,2,1605
21.5,9,4,3,1610
21.5,9,4,4,1615
21.5,9,4,5,1620
21.5,9,4,6,1625
21.5,9,4,7,1630
21.5,9,4,8,1635
21.5,9,4,9,1640
21.5,9,4,10,1645
21.5,9,4,11,1650
21.5,9,4,12,1655
21.5,9,4,13,1660
21.5,9,4,14,1665
21.5,9,4,15,1670
21.5,9,5,0,1600
21.5,9,5,1,1605
21.5,9,5,2,1610
21.5,9,5,3,1615
21.5,9,5,4,1620
21.5,9,5,5,1626
21.5,9,5,6,1631
21.5,9,5,7,1636
21.5,9,5,8,1641
21.5,9,5,9,1646
21.5,9,5,10,1651
21.5,9,5,11,1656
21.5,9,5,12,1661
21.5,9,5,13,1666
21.5,9,5,14,1671
21.5,9,5,15,1676
21.5,9,6,0,1605
21.5,9,6,1,1610
21.5,9,6,2,1615
21.5,9,6,3,1621
21.5,9,6,4,1626
21.5,9,6,5,1631
21.5,9,6,6,1636
21.5,9,6,7,1641
21.5,9,6,8,1646
21.5,9,6,9,1651
21.5,9,6,10,1656
21.5,9,6,11,1661
21.5,9,6,12,1666
21.5,9,6,13,1671
21.5,9,6,14,1676
21.5,9,6,15,1681
21.5,9,7,0,1610
21.5,9,7,1,1615
21.5,9,7,2,1621
21.5,9,7,3,1626
21.5,9,7,4,1631
21.5,9,7,5,1636
21.5,9,7,6,1641
21.5,9,7,7,1646
21.5,9,7,8,1651
21.5,9,7,9,1656
21.5,9,7,10,1661
21.5,9,7,11,1666
21.5,9,7,12,1671
21.5,9,7,13,1676
21.5,9,7,14,1681
21.5,9,7,15,1686
21.5,9,8,0,1615
21.5,9,8,1,1621
21.5,9,8,2,1626
21.5,9,8,3,1631
21.5,9,8,4,1636
21.5,9,8,5,1641
21.5,9,8,6,1646
21.5,9,8,7,1652
21.5,9,8,8,1657
21.5,9,8,9,1662
21.5,9,8,10,1667
21.5,9,8,11,1672
21.5,9,8,12,1677
21.5,9,8,13,1682
21.5,9,8,14,1687
21.5,9,8,15,1692
21.5,9,9,0,1621
21.5,9,9,1,1626
21.5,9,9,2,1631
21.5,9,9,3,1636
21.5,9,9,4,1641
21.5,9,9,5,1647
21.5,9,9,6,1652
21.5,9,9,7,1657
21.5,9,9,8,1662
21.5,9,9,9,1667
21.5,9,9,10,1672
21.5,9,9,11,1677
21.5,9,9,12,1682
21.5,9,9,13,1687
21.5,9,9,14,1692
21.5,9,9,15,1697
21.5,9,10,0,1626
21.5,9,10,1,1631
21.5,9,10,2,1636
21.5,9,10,3,1641
21.5,9,10,4,1647
21.5,9,10,5,1652
21.5,9,10,6,1657
21.5,9,10,7,1662
21.5,9,10,8,1667
21.5,9,10,9,1672
21.5,9,10,10,1677
21.5,9,10,11,1682
21.5,9,10,12,1687
21.5,9,10,13,1693
21.5,9,10,14,1698
21.5,9,10,15,1703
21.5,9,11,0,1631
21.5,9,11,1,1636
21.5,9,11,2,1641
21.5,9,11,3,1647
21.5,9,11,4,1652
21.5,9,11,5,1657
21.5,9,11,6,1662
21.5,9,11,7,1667
21.5,9,11,8,1672
21.5,9,11,9,1678
21.5,9,11,10,1683
21.5,9,11,11,1688
21.5,9,11,12,1693
21.5,9,11,13,1698
21.5,9,11,14,1703
21.5,9,11,15,1708
21.5,9,12,0,1636
21.5,9,12,1,1641
21.5,9,12,2,1646
21.5,9,12,3,1652
21.5,9,12,4,1657
21.5,9,12,5,1662
21.5,9,12,6,1667
21.5,9,12,7,1672
21.5,9,12,8,1678
21.5,9,12,9,1683
21.5,9,12,10,1688
21.5,9,12,11,1693
21.5,9,12,12,1698
21.5,9,12,13,1703
21.5,9,12,14,1708
21.5,9,12,15,1713
21.5,9,13,0,1641
21.5,9,13,1,1646
21.5,9,13,2,1652
21.5,9,13,3,1657
21.5,9,13,4,1662
21.5,9,13,5,1667
21.5,9,13,6,1672
21.5,9,13,7,1678
21.5,9,13,8,1683
21.5,9,13,9,1688
21.5,9,13,10,1693
21.5,9,13,11,1698
21.5,9,13,12,1703
21.5,9,13,13,1708
21.5,9,13,14,1714
21.5,9,13,15,1719
21.5,9,14,0,1646
21.5,9,14,1,1651
21.5,9,14,2,1657
21.5,9,14,3,1662
21.5,9,14,4,1667
21.5,9,14,5,1672
21.5,9,14,6,1678
21.5,9,14,7,1683
21.5,9,14,8,1688
21.5,9,14,9,1693
21.5,9,14,10,1698
21.5,9,14,11,1703
21.5,9,14,12,1709
21.5,9,14,13,1714
21.5,9,14,14,1719
21.5,9,14,15,1724
21.5,9,15,0,1651
21.5,9,15,1,1656
21.5,9,15,2,1662
21.5,9,15,3,1667
21.5,9,15,4,1672
21.5,9,15,5,1678
21.5,9,15,6,1683
21.5,9,15,7,1688
21.5,9,15,8,1693
21.5,9,15,9,1698
21.5,9,15,10,1704
21.5,9,15,11,1709
21.5,9,15,12,1714
21.5,9,15,13,1719
21.5,9,15,14,1724
21.5,9,15,15,1729
21.5,10,0,0,1580
21.5,10,0,1,1585
21.5,10,0,2,1590
21.5,10,0,3,1595
21.5,10,0,4,1600
21.5,10,0,5,1605
21.5,10,0,6,1610
21.5,10,0,7,1615
21.5,10,0,8,1620
21.5,10,0,9,1625
21.5,10,0,10,1630
21.5,10,0,11,1635
21.5,10,0,12,1640
21.5,10,0,13,1644
21.5,10,0,14,1649
21.5,10,0,15,1654
21.5,10,1,0,1585
21.5,10,1,1,1590
21.5,10,1,2,1595
21.5,10,1,3,1600
21.5,10,1,4,1605
21.5,10,1,5,1610
21.5,10,1,6,1615
21.5,10,1,7,1620
21.5,10,1,8,1625
21.5,10,1,9,1630
21.5,10,1,10,1635
21.5,10,1,11,1640
21.5,10,1,12,1645
21.5,10,1,13,1650
21.5,10,1,14,1655
21.5,10,1,15,1660
21.5,10,2,0,1590
21.5,10,2,1,1595
21.5,10,2,2,1600
21.5,10,2,3,1605
21.5,10,2,4,1611
21.5,10,2,5,1616
21.5,10,2,6,1621
21.5,10,2,7,1626
21.5,10,2,8,1631
21.5,10,2,9,1636
21.5,10,2,10,1641
21.5,10,2,11,1646
21.5,10,2,12,1651
21.5,10,2,13,1656
21.5,10,2,14,1660
21.5,10,2,15,1665
21.5,10,3,0,1595
21.5,10,3,1,1601
21.5,10,3,2,1606
21.5,10,3,3,1611
21.5,10,3,4,1616
21.5,10,3,5,1621
21.5,10,3,6,1626
21.5,10,3,7,1631
21.5,10,3,8,1636
21.5,10,3,9,1641
21.5,10,3,10,1646
21.5,10,3,11,1651
21.5,10,3,12,1656
21.5,10,3,13,1661
21.5,10,3,14,1666
21.5,10,3,15,1671
21.5,10,4,0,1601
21.5,10,4,1,1606
21.5,10,4,2,1611
21.5,10,4,3,1616
21.5,10,4,4,1621
21.5,10,4,5,1626
21.5,10,4,6,1631
21.5,10,4,7,1636
21.5,10,4,8,1641
21.5,10,4,9,1646
21.5,10,4,10,1651
21.5,10,4,11,1656
21.5,10,4,12,1661
21.5,10,4,13,1666
21.5,10,4,14,1671
21.5,10,4,15,1676
21.5,10,5,0,1606
21.5,10,5,1,1611
21.5,10,5,2,1616
21.5,10,5,3,1621
21.5,10,5,4,1626
21.5,10,5,5,1632
21.5,10,5,6,1637
21.5,10,5,7,1642
21.5,10,5,8,1647
21.5,10,5,9,1652
21.5,10,5,10,1657
21.5,10,5,11,1662
21.5,10,5,12,1667
21.5,10,5,13,1672
21.5,10,5,14,1677
21.5,10,5,15,1682
21.5,10,6,0,1611
21.5,10,6,1,1616
21.5,10,6,2,1621
21.5,10,6,3,1627
21.5,10,6,4,1632
21.5,10,6,5,1637
21.5,10,6,6,1642
21.5,10,6,7,1647
21.5,10,6,8,1652
21.5,10,6,9,1657
21.5,10,6,10,1662
21.5,10,6,11,1667
21.5,10,6,12,1672
21.5,10,6,13,1677
21.5,10,6,14,1682
21.5,10,6,15,1687
21.5,10,7,0,1616
21.5,10,7,1,1621
21.5,10,7,2,1627
21.5,10,7,3,1632
21.5,10,7,4,1637
21.5,10,7,5,1642
21.5,10,7,6,1647
21.5,10,7,7,1652
21.5,10,7,8,1657
21.5,10,7,9,1663
21.5,10,7,10,1668
21.5,10,7,11,1673
21.5,10,7,12,1678
21.5,10,7,13,1683
21.5,10,7,14,1688
21.5,10,7,15,1693
21.5,10,8,0,1621
21.5,10,8,1,1627
21.5,10,8,2,1632
21.5,10,8,3,1637
21.5,10,8,4,1642
21.5,10,8,5,1647
21.5,10,8,6,1653
21.5,10,8,7,1658
21.5,10,8,8,1663
21.5,10,8,9,1668
21.5,10,8,10,1673
21.5,10,8,11,1678
21.5,10,8,12,1683
21.5,10,8,13,1688
21.5,10,8,14,1693
21.5,10,8,15,1698
21.5,10,9,0,1627
21.5,10,9,1,1632
21.5,10,9,2,1637
21.5,10,9,3,1642
21.5,10,9,4,1647
21.5,10,9,5,1653
21.5,10,9,6,1658
21.5,10,9,7,1663
21.5,10,9,8,1668
21.5,10,9,9,1673
21.5,10,9,10,1678
21.5,10,9,11,1683
21.5,10,9,12,1688
21.5,10,9,13,1693
21.5,10,9,14,1698
21.5,10,9,15,1704
21.5,10,10,0,1632
21.5,10,10,1,1637
21.5,10,10,2,1642
21.5,10,10,3,1647
21.5,10,10,4,1653
21.5,10,10,5,1658
21.5,10,10,6,1663
21.5,10,10,7,1668
21.5,10,10,8,1673
21.5,10,10,9,1678
21.5,10,10,10,1684
21.5,10,10,11,1689
21.5,10,10,12,1694
21.5,10,10,13,1699
21.5,10,10,14,1704
21.5,10,10,15,1709
21.5,10,11,0,1637
21.5,10,11,1,1642
21.5,10,11,2,1647
21.5,10,11,3,1653
21.5,10,11,4,1658
21.5,10,11,5,1663
21.5,10,11,6,1668
21.5,10,11,7,1673
21.5,10,11,8,1679
21.5,10,11,9,1684
21.5,10,11,10,1689
21.5,10,11,11,1694
21.5,10,11,12,1699
21.5,10,11,13,1704
21.5,10,11,14,1709
21.5,10,11,15,1714
21.5,10,12,0,1642
21.5,10,12,1,1647
21.5,10,12,2,1653
21.5,10,12,3,1658
21.5,10,12,4,1663
21.5,10,12,5,1668
21.5,10,12,6,1673
21.5,10,12,7,1679
21.5,10,12,8,1684
21.5,10,12,9,1689
21.5,10,12,10,1694
21.5,10,12,11,1699
21.5,10,12,12,1704
21.5,10,12,13,1709
21.5,10,12,14,1715
21.5,10,12,15,1720
21.5,10,13,0,1647
21.5,10,13,1,1652
21.5,10,13,2,1658
21.5,10,13,3,1663
21.5,10,13,4,1668
21.5,10,13,5,1673
21.5,10,13,6,1679
21.5,10,13,7,1684
21.5,10,13,8,1689
21.5,10,13,9,1694
21.5,10,13,10,1699
21.5,10,13,11,1705
21.5,10,13,12,1710
21.5,10,13,13,1715
21.5,10,13,14,1720
21.5,10,13,15,1725
21.5,10,14,0,1652
21.5,10,14,1,1657
21.5,10,14,2,1663
21.5,10,14,3,1668
21.5,10,14,4,1673
21.5,10,14,5,1679
21.5,10,14,6,1684
21.5,10,14,7,1689
21.5,10,14,8,1694
21.5,10,14,9,1699
21.5,10,14,10,1705
21.5,10,14,11,1710
21.5,10,14,12,1715
21.5,10,14,13,1720
21.5,10,14,14,1725
21.5,10,14,15,1730
21.5,10,15,0,1657
21.5,10,15,1,1663
21.5,10,15,2,1668
21.5,10,15,3,1673
21.5,10,15,4,1678
21.5,10,15,5,1684
21.5,10,15,6,1689
21.5,10,15,7,1694
21.5,10,15,8,1699
21.5,10,15,9,1705
21.5,10,15,10,1710
21.5,10,15,11,1715
21.5,10,15,12,1720
21.5,10,15,13,1725
21.5,10,15,14,1730
21.5,10,15,15,1736
21.5,11,0,0,1585
21.5,11,0,1,1591
21.5,11,0,2,1596
21.5,11,0,3,1601
21.5,11,0,4,1606
21.5,11,0,5,1611
21.5,11,0,6,1616
21.5,11,0,7,1621
21.5,11,0,8,1626
21.5,11,0,9,1631
21.5,11,0,10,1636
21.5,11,0,11,1641
21.5,11,0,12,1646
21.5,11,0,13,1651
21.5,11,0,14,1655
21.5,11,0,15,1660
21.5,11,1,0,1591
21.5,11,1,1,1596
21.5,11,1,2,1601
21.5,11,1,3,1606
21.5,11,1,4,1611
21.5,11,1,5,1616
21.5,11,1,6,1621
21.5,11,1,7,1626
21.5,11,1,8,1631
21.5,11,1,9,1636
21.5,11,1,10,1641
21.5,11,1,11,1646
21.5,11,1,12,1651
21.5,11,1,13,1656
21.5,11,1,14,1661
21.5,11,1,15,1666
21.5,11,2,0,1596
21.5,11,2,1,1601
21.5,11,2,2,1606
21.5,11,2,3,1611
21.5,11,2,4,1616
21.5,11,2,5,1622
21.5,11,2,6,1627
21.5,11,2,7,1632
21.5,11,2,8,1637
21.5,11,2,9,1642
21.5,11,2,10,1647
21.5,11,2,11,1652
21.5,11,2,12,1657
21.5,11,2,13,1662
21.5,11,2,14,1667
21.5,11,2,15,1671
21.5,11,3,0,1601
21.5,11,3,1,1606
21.5,11,3,2,1612
21.5,11,3,3,1617
21.5,11,3,4,1622
21.5,11,3,5,1627
21.5,11,3,6,1632
21.5,11,3,7,1637
21.5,11,3,8,1642
21.5,11,3,9,1647
21.5,11,3,10,1652
21.5,11,3,11,1657
21.5,11,3,12,1662
21.5,11,3,13,1667
21.5,11,3,14,1672
21.5,11,3,15,1677
21.5,11,4,0,1607
21.5,11,4,1,1612
21.5,11,4,2,1617
21.5,11,4,3,1622
21.5,11,4,4,1627
21.5,11,4,5,1632
21.5,11,4,6,1637
21.5,11,4,7,1642
21.5,11,4,8,1647
21.5,11,4,9,1653
21.5,11,4,10,1658
21.5,11,4,11,1663
21.5,11,4,12,1668
21.5,11,4,13,1673
21.5,11,4,14,1678
21.5,11,4,15,1683
21.5,11,5,0,1612
21.5,11,5,1,1617
21.5,11,5,2,1622
21.5,11,5,3,1627
21.5,11,5,4,1632
21.5,11,5,5,1638
21.5,11,5,6,1643
21.5,11,5,7,1648
21.5,11,5,8,1653
21.5,11,5,9,1658
21.5,11,5,10,1663
21.5,11,5,11,1668
21.5,11,5,12,1673
21.5,11,5,13,1678
21.5,11,5,14,1683
21.5,11,5,15,1688
21.5,11,6,0,1617
21.5,11,6,1,1622
21.5,11,6,2,1627
21.5,11,6,3,1633
21.5,11,6,4,1638
21.5,11,6,5,1643
21.5,11,6,6,1648
21.5,11,6,7,1653
21.5,11,6,8,1658
21.5,11,6,9,1663
21.5,11,6,10,1668
21.5,11,6,11,1673
21.5,11,6,12,1678
21.5,11,6,13,1683
21.5,11,6,14,1688
21.5,11,6,15,1693
21.5,11,7,0,1622
21.5,11,7,1,1627
21.5,11,7,2,1633
21.5,11,7,3,1638
21.5,11,7,4,1643
21.5,11,7,5,1648
21.5,11,7,6,1653
21.5,11,7,7,1658
21.5,11,7,8,1664
21.5,11,7,9,1669
21.5,11,7,10,1674
21.5,11,7,11,1679
21.5,11,7,12,1684
21.5,11,7,13,1689
21.5,11,7,14,1694
21.5,11,7,15,1699
21.5,11,8,0,1627
21.5,11,8,1,1633
21.5,11,8,2,1638
21.5,11,8,3,1643
21.5,11,8,4,1648
21.5,11,8,5,1653
21.5,11,8,6,1659
21.5,11,8,7,1664
21.5,11,8,8,1669
21.5,11,8,9,1674
21.5,11,8,10,1679
21.5,11,8,11,1684
21.5,11,8,12,1689
21.5,11,8,13,1694
21.5,11,8,14,1699
21.5,11,8,15,1704
21.5,11,9,0,1633
21.5,11,9,1,1638
21.5,11,9,2,1643
21.5,11,9,3,1648
21.5,11,9,4,1654
21.5,11,9,5,1659
21.5,11,9,6,1664
21.5,11,9,7,1669
21.5,11,9,8,1674
21.5,11,9,9,1679
21.5,11,9,10,1684
21.5,11,9,11,1690
21.5,11,9,12,1695
21.5,11,9,13,1700
21.5,11,9,14,1705
21.5,11,9,15,1710
21.5,11,10,0,1638
21.5,11,10,1,1643
21.5,11,10,2,1648
21.5,11,10,3,1654
21.5,11,10,4,1659
21.5,11,10,5,1664
21.5,11,10,6,1669
21.5,11,10,7,1674
21.5,11,10,8,1680
21.5,11,10,9,1685
21.5,11,10,10,1690
21.5,11,10,11,1695
21.5,11,10,12,1700
21.5,11,10,13,1705
21.5,11,10,14,1710
21.5,11,10,15,1715
21.5,11,11,0,1643
21.5,11,11,1,1648
21.5,11,11,2,1653
21.5,11,11,3,1659
21.5,11,11,4,1664
21.5,11,11,5,1669
21.5,11,11,6,1674
21.5,11,11,7,1680
21.5,11,11,8,1685
21.5,11,11,9,1690
21.5,11,11,10,1695
21.5,11,11,11,1700
21.5,11,11,12,1705
21.5,11,11,13,1710
21.5,11,11,14,1716
21.5,11,11,15,1721
21.5,11,12,0,1648
21.5,11,12,1,1653
21.5,11,12,2,1659
21.5,11,12,3,1664
21.5,11,12,4,1669
21.5,11,12,5,1674
21.5,11,12,6,1680
21.5,11,12,7,1685
21.5,11,12,8,1690
21.5,11,12,9,1695
21.5,11,12,10,1700
21.5,11,12,11,1706
21.5,11,12,12,1711
21.5,11,12,13,1716
21.5,11,12,14,1721
21.5,11,12,15,1726
21.5,11,13,0,1653
21.5,11,13,1,1658
21.5,11,13,2,1664
21.5,11,13,3,1669
21.5,11,13,4,1674
21.5,11,13,5,1680
21.5,11,13,6,1685
21.5,11,13,7,1690
21.5,11,13,8,1695
21.5,11,13,9,1700
21.5,11,13,10,1706
21.5,11,13,11,1711
21.5,11,13,12,1716
21.5,11,13,13,1721
21.5,11,13,14,1726
21.5,11,13,15,1731
21.5,11,14,0,1658
21.5,11,14,1,1664
21.5,11,14,2,1669
21.5,11,14,3,1674
21.5,11,14,4,1680
21.5,11,14,5,1685
21.5,11,14,6,1690
21.5,11,14,7,1695
21.5,11,14,8,1701
21.5,11,14,9,1706
21.5,11,14,10,1711
21.5,11,14,11,1716
21.5,11,14,12,1721
21.5,11,14,13,1726
21.5,11,14,14,1732
21.5,11,14,15,1737
21.5,11,15,0,1663
21.5,11,15,1,1669
21.5,11,15,2,1674
21.5,11,15,3,1679
21.5,11,15,4,1685
21.5,11,15,5,1690
21.5,11,15,6,1695
21.5,11,15,7,1700
21.5,11,15,8,1706
21.5,11,15,9,1711
21.5,11,15,10,1716
21.5,11,15,11,1721
21.5,11,15,12,1727
21.5,11,15,13,1732
21.5,11,15,14,1737
21.5,11,15,15,1742
21.5,12,0,0,1591
21.5,12,0,1,1596
21.5,12,0,2,1601
21.5,12,0,3,1607
21.5,12,0,4,1612
21.5,12,0,5,1617
21.5,12,0,6,1622
21.5,12,0,7,1627
21.5,12,0,8,1632
21.5,12,0,9,1637
21.5,12,0,10,1642
21.5,12,0,11,1647
21.5,12,0,12,1652
21.5,12,0,13,1657
21.5,12,0,14,1662
21.5,12,0,15,1666
21.5,12,1,0,1597
21.5,12,1,1,1602
21.5,12,1,2,1607
21.5,12,1,3,1612
21.5,12,1,4,1617
21.5,12,1,5,1622
21.5,12,1,6,1627
21.5,12,1,7,1632
21.5,12,1,8,1637
21.5,12,1,9,1642
21.5,12,1,10,1647
21.5,12,1,11,1652
21.5,12,1,12,1657
21.5,12,1,13,1662
21.5,12,1,14,1667
21.5,12,1,15,1672
21.5,12,2,0,1602
21.5,12,2,1,1607
21.5,12,2,2,1612
21.5,12,2,3,1617
21.5,12,2,4,1622
21.5,12,2,5,1628
21.5,12,2,6,1633
21.5,12,2,7,1638
21.5,12,2,8,1643
21.5,12,2,9,1648
21.5,12,2,10,1653
21.5,12,2,11,1658
21.5,12,2,12,1663
21.5,12,2,13,1668
21.5,12,2,14,1673
21.5,12,2,15,1678
21.5,12,3,0,1607
21.5,12,3,1,1612
21.5,12,3,2,1618
21.5,12,3,3,1623
21.5,12,3,4,1628
21.5,12,3,5,1633
21.5,12,3,6,1638
21.5,12,3,7,1643
21.5,12,3,8,1648
21.5,12,3,9,1653
21.5,12,3,10,1658
21.5,12,3,11,1663
21.5,12,3,12,1668
21.5,12,3,13,1673
21.5,12,3,14,1678
21.5,12,3,15,1683
21.5,12,4,0,1612
21.5,12,4,1,1618
21.5,12,4,2,1623
21.5,12,4,3,1628
21.5,12,4,4,1633
21.5,12,4,5,1638
21.5,12,4,6,1643
21.5,12,4,7,1648
21.5,12,4,8,1654
21.5,12,4,9,1659
21.5,12,4,10,1664
21.5,12,4,11,1669
21.5,12,4,12,1674
21.5,12,4,13,1679
21.5,12,4,14,1684
21.5,12,4,15,1689
21.5,12,5,0,1618
21.5,12,5,1,1623
21.5,12,5,2,1628
21.5,12,5,3,1633
21.5,12,5,4,1638
21.5,12,5,5,1644
21.5,12,5,6,1649
21.5,12,5,7,1654
21.5,12,5,8,1659
21.5,12,5,9,1664
21.5,12,5,10,1669
21.5,12,5,11,1674
21.5,12,5,12,1679
21.5,12,5,13,1684
21.5,12,5,14,1689
21.5,12,5,15,1694
21.5,12,6,0,1623
21.5,12,6,1,1628
21.5,12,6,2,1633
21.5,12,6,3,1639
21.5,12,6,4,1644
21.5,12,6,5,1649
21.5,12,6,6,1654
21.5,12,6,7,1659
21.5,12,6,8,1664
21.5,12,6,9,1669
21.5,12,6,10,1675
21.5,12,6,11,1680
21.5,12,6,12,1685
21.5,12,6,13,1690
21.5,12,6,14,1695
21.5,12,6,15,1700
21.5,12,7,0,1628
21.5,12,7,1,1633
21.5,12,7,2,1639
21.5,12,7,3,1644
21.5,12,7,4,1649
21.5,12,7,5,1654
21.5,12,7,6,1659
21.5,12,7,7,1665
21.5,12,7,8,1670
21.5,12,7,9,1675
21.5,12,7,10,1680
21.5,12,7,11,1685
21.5,12,7,12,1690
21.5,12,7,13,1695
21.5,12,7,14,1700
21.5,12,7,15,1705
21.5,12,8,0,1633
21.5,12,8,1,1639
21.5,12,8,2,1644
21.5,12,8,3,1649
21.5,12,8,4,1654
21.5,12,8,5,1660
21.5,12,8,6,1665
21.5,12,8,7,1670
21.5,12,8,8,1675
21.5,12,8,9,1680
21.5,12,8,10,1685
21.5,12,8,11,1690
21.5,12,8,12,1695
21.5,12,8,13,1701
21.5,12,8,14,1706
21.5,12,8,15,1711
21.5,12,9,0,1639
21.5,12,9,1,1644
21.5,12,9,2,1649
21.5,12,9,3,1654
21.5,12,9,4,1660
21.5,12,9,5,1665
21.5,12,9,6,1670
21.5,12,9,7,1675
21.5,12,9,8,1680
21.5,12,9,9,1686
21.5,12,9,10,1691
21.5,12,9,11,1696
21.5,12,9,12,1701
21.5,12,9,13,1706
21.5,12,9,14,1711
21.5,12,9,15,1716
21.5,12,10,0,1644
21.5,12,10,1,1649
21.5,12,10,2,1654
21.5,12,10,3,1660
21.5,12,10,4,1665
21.5,12,10,5,1670
21.5,12,10,6,1675
21.5,12,10,7,1680
21.5,12,10,8,1686
21.5,12,10,9,1691
21.5,12,10,10,1696
21.5,12,10,11,1701
21.5,12,10,12,1706
21.5,12,10,13,1711
21.5,12,10,14,1716
21.5,12,10,15,1722
21.5,12,11,0,1649
21.5,12,11,1,1654
21.5,12,11,2,1660
21.5,12,11,3,1665
21.5,12,11,4,1670
21.5,12,11,5,1675
21.5,12,11,6,1681
21.5,12,11,7,1686
21.5,12,11,8,1691
21.5,12,11,9,1696
21.5,12,11,10,1701
21.5,12,11,11,1706
21.5,12,11,12,1712
21.5,12,11,13,1717
21.5,12,11,14,1722
21.5,12,11,15,1727
21.5,12,12,0,1654
21.5,12,12,1,1659
21.5,12,12,2,1665
21.5,12,12,3,1670
21.5,12,12,4,1675
21.5,12,12,5,1681
21.5,12,12,6,1686
21.5,12,12,7,1691
21.5,12,12,8,1696
21.5,12,12,9,1701
21.5,12,12,10,1707
21.5,12,12,11,1712
21.5,12,12,12,1717
21.5,12,12,13,1722
21.5,12,12,14,1727
21.5,12,12,15,1732
21.5,12,13,0,1659
21.5,12,13,1,1665
21.5,12,13,2,1670
21.5,12,13,3,1675
21.5,12,13,4,1680
21.5,12,13,5,1686
21.5,12,13,6,1691
21.5,12,13,7,1696
21.5,12,13,8,1702
21.5,12,13,9,1707
21.5,12,13,10,1712
21.5,12,13,11,1717
21.5,12,13,12,1722
21.5,12,13,13,1727
21.5,12,13,14,1733
21.5,12,13,15,1738
21.5,12,14,0,1664
21.5,12,14,1,1670
21.5,12,14,2,1675
21.5,12,14,3,1680
21.5,12,14,4,1686
21.5,12,14,5,1691
21.5,12,14,6,1696
21.5,12,14,7,1702
21.5,12,14,8,1707
21.5,12,14,9,1712
21.5,12,14,10,1717
21.5,12,14,11,1722
21.5,12,14,12,1728
21.5,12,14,13,1733
21.5,12,14,14,1738
21.5,12,14,15,1743
21.5,12,15,0,1669
21.5,12,15,1,1675
21.5,12,15,2,1680
21.5,12,15,3,1686
21.5,12,15,4,1691
21.5,12,15,5,1696
21.5,12,15,6,1701
21.5,12,15,7,1707
21.5,12,15,8,1712
21.5,12,15,9,1717
21.5,12,15,10,1722
21.5,12,15,11,1728
21.5,12,15,12,1733
21.5,12,15,13,1738
21.5,12,15,14,1743
21.5,12,15,15,1748
21.5,13,0,0,1597
21.5,13,0,1,1602
21.5,13,0,2,1607
21.5,13,0,3,1612
21.5,13,0,4,1618
21.5,13,0,5,1623
21.5,13,0,6,1628
21.5,13,0,7,1633
21.5,13,0,8,1638
21.5,13,0,9,1643
21.5,13,0,10,1648
21.5,13,0,11,1653
21.5,13,0,12,1658
21.5,13,0,13,1663
21.5,13,0,14,1668
21.5,13,0,15,1673
21.5,13,1,0,1602
21.5,13,1,1,1608
21.5,13,1,2,1613
21.5,13,1,3,1618
21.5,13,1,4,1623
21.5,13,1,5,1628
21.5,13,1,6,1633
21.5,13,1,7,1638
21.5,13,1,8,1643
21.5,13,1,9,1648
21.5,13,1,10,1653
21.5,13,1,11,1658
21.5,13,1,12,1663
21.5,13,1,13,1668
21.5,13,1,14,1673
21.5,13,1,15,1678
21.5,13,2,0,1608
21.5,13,2,1,1613
21.5,13,2,2,1618
21.5,13,2,3,1623
21.5,13,2,4,1628
21.5,13,2,5,1633
21.5,13,2,6,1639
21.5,13,2,7,1644
21.5,13,2,8,1649
21.5,13,2,9,1654
21.5,13,2,10,1659
21.5,13,2,11,1664
21.5,13,2,12,1669
21.5,13,2,13,1674
21.5,13,2,14,1679
21.5,13,2,15,1684
21.5,13,3,0,1613
21.5,13,3,1,1618
21.5,13,3,2,1623
21.5,13,3,3,1629
21.5,13,3,4,1634
21.5,13,3,5,1639
21.5,13,3,6,1644
21.5,13,3,7,1649
21.5,13,3,8,1654
21.5,13,3,9,1659
21.5,13,3,10,1664
21.5,13,3,11,1669
21.5,13,3,12,1674
21.5,13,3,13,1679
21.5,13,3,14,1684
21.5,13,3,15,1689
21.5,13,4,0,1618
21.5,13,4,1,1624
21.5,13,4,2,1629
21.5,13,4,3,1634
21.5,13,4,4,1639
21.5,13,4,5,1644
21.5,13,4,6,1649
21.5,13,4,7,1655
21.5,13,4,8,1660
21.5,13,4,9,1665
21.5,13,4,10,1670
21.5,13,4,11,1675
21.5,13,4,12,1680
21.5,13,4,13,1685
21.5,13,4,14,1690
21.5,13,4,15,1695
21.5,13,5,0,1624
21.5,13,5,1,1629
21.5,13,5,2,1634
21.5,13,5,3,1639
21.5,13,5,4,1644
21.5,13,5,5,1650
21.5,13,5,6,1655
21.5,13,5,7,1660
21.5,13,5,8,1665
21.5,13,5,9,1670
21.5,13,5,10,1675
21.5,13,5,11,1680
21.5,13,5,12,1685
21.5,13,5,13,1690
21.5,13,5,14,1695
21.5,13,5,15,1700
21.5,13,6,0,1629
21.5,13,6,1,1634
21.5,13,6,2,1639
21.5,13,6,3,1645
21.5,13,6,4,1650
21.5,13,6,5,1655
21.5,13,6,6,1660
21.5,13,6,7,1665
21.5,13,6,8,1670
21.5,13,6,9,1676
21.5,13,6,10,1681
21.5,13,6,11,1686
21.5,13,6,12,1691
21.5,13,6,13,1696
21.5,13,6,14,1701
21.5,13,6,15,1706
21.5,13,7,0,1634
21.5,13,7,1,1639
21.5,13,7,2,1645
21.5,13,7,3,1650
21.5,13,7,4,1655
21.5,13,7,5,1660
21.5,13,7,6,1665
21.5,13,7,7,1671
21.5,13,7,8,1676
21.5,13,7,9,1681
21.5,13,7,10,1686
21.5,13,7,11,1691
21.5,13,7,12,1696
21.5,13,7,13,1701
21.5,13,7,14,1706
21.5,13,7,15,1711
21.5,13,8,0,1639
21.5,13,8,1,1645
21.5,13,8,2,1650
21.5,13,8,3,1655
21.5,13,8,4,1660
21.5,13,8,5,1666
21.5,13,8,6,1671
21.5,13,8,7,1676
21.5,13,8,8,1681
21.5,13,8,9,1686
21.5,13,8,10,1691
21.5,13,8,11,1697
21.5,13,8,12,1702
21.5,13,8,13,1707
21.5,13,8,14,1712
21.5,13,8,15,1717
21.5,13,9,0,1645
21.5,13,9,1,1650
21.5,13,9,2,1655
21.5,13,9,3,1660
21.5,13,9,4,1666
21.5,13,9,5,1671
21.5,13,9,6,1676
21.5,13,9,7,1681
21.5,13,9,8,1687
21.5,13,9,9,1692
21.5,13,9,10,1697
21.5,13,9,11,1702
21.5,13,9,12,1707
21.5,13,9,13,1712
21.5,13,9,14,1717
21.5,13,9,15,1722
21.5,13,10,0,1650
21.5,13,10,1,1655
21.5,13,10,2,1660
21.5,13,10,3,1666
21.5,13,10,4,1671
21.5,13,10,5,1676
21.5,13,10,6,1681
21.5,13,10,7,1687
21.5,13,10,8,1692
21.5,13,10,9,1697
21.5,13,10,10,1702
21.5,13,10,11,1707
21.5,13,10,12,1712
21.5,13,10,13,1718
21.5,13,10,14,1723
21.5,13,10,15,1728
21.5,13,11,0,1655
21.5,13,11,1,1660
21.5,13,11,2,1666
21.5,13,11,3,1671
21.5,13,11,4,1676
21.5,13,11,5,1681
21.5,13,11,6,1687
21.5,13,11,7,1692
21.5,13,11,8,1697
21.5,13,11,9,1702
21.5,13,11,10,1708
21.5,13,11,11,1713
21.5,13,11,12,1718
21.5,13,11,13,1723
21.5,13,11,14,1728
21.5,13,11,15,1733
21.5,13,12,0,1660
21.5,13,12,1,1665
21.5,13,12,2,1671
21.5,13,12,3,1676
21.5,13,12,4,1681
21.5,13,12,5,1687
21.5,13,12,6,1692
21.5,13,12,7,1697
21.5,13,12,8,1702
21.5,13,12,9,1708
21.5,13,12,10,1713
21.5,13,12,11,1718
21.5,13,12,12,1723
21.5,13,12,13,1728
21.5,13,12,14,1734
21.5,13,12,15,1739
21.5,13,13,0,1665
21.5,13,13,1,1671
21.5,13,13,2,1676
21.5,13,13,3,1681
21.5,13,13,4,1687
21.5,13,13,5,1692
21.5,13,13,6,1697
21.5,13,13,7,1702
21.5,13,13,8,1708
21.5,13,13,9,1713
21.5,13,13,10,1718
21.5,13,13,11,1723
21.5,13,13,12,1729
21.5,13,13,13,1734
21.5,13,13,14,1739
21.5,13,13,15,1744
21.5,13,14,0,1670
21.5,13,14,1,1676
21.5,13,14,2,1681
21.5,13,14,3,1687
21.5,13,14,4,1692
21.5,13,14,5,1697
21.5,13,14,6,1702
21.5,13,14,7,1708
21.5,13,14,8,1713
21.5,13,14,9,1718
21.5,13,14,10,1723
21.5,13,14,11,1729
21.5,13,14,12,1734
21.5,13,14,13,1739
21.5,13,14,14,1744
21.5,13,14,15,1749
21.5,13,15,0,1676
21.5,13,15,1,1681
21.5,13,15,2,1686
21.5,13,15,3,1692
21.5,13,15,4,1697
21.5,13,15,5,1702
21.5,13,15,6,1708
21.5,13,15,7,1713
21.5,13,15,8,1718
21.5,13,15,9,1724
21.5,13,15,10,1729
21.5,13,15,11,1734
21.5,13,15,12,1739
21.5,13,15,13,1744
21.5,13,15,14,1750
21.5,13,15,15,1755
21.5,14,0,0,1603
21.5,14,0,1,1608
21.5,14,0,2,1613
21.5,14,0,3,1618
21.5,14,0,4,1623
21.5,14,0,5,1629
21.5,14,0,6,1634
21.5,14,0,7,1639
21.5,14,0,8,1644
21.5,14,0,9,1649
21.5,14,0,10,1654
21.5,14,0,11,1659
21.5,14,0,12,1664
21.5,14,0,13,1669
21.5,14,0,14,1674
21.5,14,0,15,1679
21.5,14,1,0,1608
21.5,14,1,1,1613
21.5,14,1,2,1619
21.5,14,1,3,1624
21.5,14,1,4,1629
21.5,14,1,5,1634
21.5,14,1,6,1639
21.5,14,1,7,1644
21.5,14,1,8,1649
21.5,14,1,9,1654
21.5,14,1,10,1659
21.5,14,1,11,1664
21.5,14,1,12,1669
21.5,14,1,13,1674
21.5,14,1,14,1679
21.5,14,1,15,1684
21.5,14,2,0,1614
21.5,14,2,1,1619
21.5,14,2,2,1624
21.5,14,2,3,1629
21.5,14,2,4,1634
21.5,14,2,5,1639
21.5,14,2,6,1645
21.5,14,2,7,1650
21.5,14,2,8,1655
21.5,14,2,9,1660
21.5,14,2,10,1665
21.5,14,2,11,1670
21.5,14,2,12,1675
21.5,14,2,13,1680
21.5,14,2,14,1685
21.5,14,2,15,1690
21.5,14,3,0,1619
21.5,14,3,1,1624
21.5,14,3,2,1629
21.5,14,3,3,1635
21.5,14,3,4,1640
21.5,14,3,5,1645
21.5,14,3,6,1650
21.5,14,3,7,1655
21.5,14,3,8,1660
21.5,14,3,9,1665
21.5,14,3,10,1670
21.5,14,3,11,1675
21.5,14,3,12,1680
21.5,14,3,13,1685
21.5,14,3,14,1691
21.5,14,3,15,1696
21.5,14,4,0,1624
21.5,14,4,1,1630
21.5,14,4,2,1635
21.5,14,4,3,1640
21.5,14,4,4,1645
21.5,14,4,5,1650
21.5,14,4,6,1655
21.5,14,4,7,1661
21.5,14,4,8,1666
21.5,14,4,9,1671
21.5,14,4,10,1676
21.5,14,4,11,1681
21.5,14,4,12,1686
21.5,14,4,13,1691
21.5,14,4,14,1696
21.5,14,4,15,1701
21.5,14,5,0,1630
21.5,14,5,1,1635
21.5,14,5,2,1640
21.5,14,5,3,1645
21.5,14,5,4,1650
21.5,14,5,5,1656
21.5,14,5,6,1661
21.5,14,5,7,1666
21.5,14,5,8,1671
21.5,14,5,9,1676
21.5,14,5,10,1681
21.5,14,5,11,1686
21.5,14,5,12,1691
21.5,14,5,13,1697
21.5,14,5,14,1702
21.5,14,5,15,1707
21.5,14,6,0,1635
21.5,14,6,1,1640
21.5,14,6,2,1645
21.5,14,6,3,1651
21.5,14,6,4,1656
21.5,14,6,5,1661
21.5,14,6,6,1666
21.5,14,6,7,1671
21.5,14,6,8,1677
21.5,14,6,9,1682
21.5,14,6,10,1687
21.5,14,6,11,1692
21.5,14,6,12,1697
21.5,14,6,13,1702
21.5,14,6,14,1707
21.5,14,6,15,1712
21.5,14,7,0,1640
21.5,14,7,1,1645
21.5,14,7,2,1651
21.5,14,7,3,1656
21.5,14,7,4,1661
21.5,14,7,5,1666
21.5,14,7,6,1672
21.5,14,7,7,1677
21.5,14,7,8,1682
21.5,14,7,9,1687
21.5,14,7,10,1692
21.5,14,7,11,1697
21.5,14,7,12,1702
21.5,14,7,13,1708
21.5,14,7,14,1713
21.5,14,7,15,1718
21.5,14,8,0,1645
21.5,14,8,1,1651
21.5,14,8,2,1656
21.5,14,8,3,1661
21.5,14,8,4,1666
21.5,14,8,5,1672
21.5,14,8,6,1677
21.5,14,8,7,1682
21.5,14,8,8,1687
21.5,14,8,9,1692
21.5,14,8,10,1698
21.5,14,8,11,1703
21.5,14,8,12,1708
21.5,14,8,13,1713
21.5,14,8,14,1718
21.5,14,8,15,1723
21.5,14,9,0,1651
21.5,14,9,1,1656
21.5,14,9,2,1661
21.5,14,9,3,1667
21.5,14,9,4,1672
21.5,14,9,5,1677
21.5,14,9,6,1682
21.5,14,9,7,1687
21.5,14,9,8,1693
21.5,14,9,9,1698
21.5,14,9,10,1703
21.5,14,9,11,1708
21.5,14,9,12,1713
21.5,14,9,13,1718
21.5,14,9,14,1724
21.5,14,9,15,1729
21.5,14,10,0,1656
21.5,14,10,1,1661
21.5,14,10,2,1666
21.5,14,10,3,1672
21.5,14,10,4,1677
21.5,14,10,5,1682
21.5,14,10,6,1688
21.5,14,10,7,1693
21.5,14,10,8,1698
21.5,14,10,9,1703
21.5,14,10,10,1708
21.5,14,10,11,1714
21.5,14,10,12,1719
21.5,14,10,13,1724
21.5,14,10,14,1729
21.5,14,10,15,1734
21.5,14,11,0,1661
21.5,14,11,1,1666
21.5,14,11,2,1672
21.5,14,11,3,1677
21.5,14,11,4,1682
21.5,14,11,5,1688
21.5,14,11,6,1693
21.5,14,11,7,1698
21.5,14,11,8,1703
21.5,14,11,9,1709
21.5,14,11,10,1714
21.5,14,11,11,1719
21.5,14,11,12,1724
21.5,14,11,13,1729
21.5,14,11,14,1734
21.5,14,11,15,1740
21.5,14,12,0,1666
21.5,14,12,1,1672
21.5,14,12,2,1677
21.5,14,12,3,1682
21.5,14,12,4,1688
21.5,14,12,5,1693
21.5,14,12,6,1698
21.5,14,12,7,1703
21.5,14,12,8,1709
21.5,14,12,9,1714
21.5,14,12,10,1719
21.5,14,12,11,1724
21.5,14,12,12,1730
21.5,14,12,13,1735
21.5,14,12,14,1740
21.5,14,12,15,1745
21.5,14,13,0,1671
21.5,14,13,1,1677
21.5,14,13,2,1682
21.5,14,13,3,1687
21.5,14,13,4,1693
21.5,14,13,5,1698
21.5,14,13,6,1703
21.5,14,13,7,1709
21.5,14,13,8,1714
21.5,14,13,9,1719
21.5,14,13,10,1724
21.5,14,13,11,1730
21.5,14,13,12,1735
21.5,14,13,13,1740
21.5,14,13,14,1745
21.5,14,13,15,1750
21.5,14,14,0,1677
21.5,14,14,1,1682
21.5,14,14,2,1687
21.5,14,14,3,1693
21.5,14,14,4,1698
21.5,14,14,5,1703
21.5,14,14,6,1709
21.5,14,14,7,1714
21.5,14,14,8,1719
21.5,14,14,9,1725
21.5,14,14,10,1730
21.5,14,14,11,1735
21.5,14,14,12,1740
21.5,14,14,13,1745
21.5,14,14,14,1751
21.5,14,14,15,1756
21.5,14,15,0,1682
21.5,14,15,1,1687
21.5,14,15,2,1692
21.5,14,15,3,1698
21.5,14,15,4,1703
21.5,14,15,5,1709
21.5,14,15,6,1714
21.5,14,15,7,1719
21.5,14,15,8,1725
21.5,14,15,9,1730
21.5,14,15,10,1735
21.5,14,15,11,1740
21.5,14,15,12,1746
21.5,14,15,13,1751
21.5,14,15,14,1756
21.5,14,15,15,1761
21.5,15,0,0,1609
21.5,15,0,1,1614
21.5,15,0,2,1619
21.5,15,0,3,1624
21.5,15,0,4,1629
21.5,15,0,5,1634
21.5,15,0,6,1640
21.5,15,0,7,1645
21.5,15,0,8,1650
21.5,15,0,9,1655
21.5,15,0,10,1660
21.5,15,0,11,1665
21.5,15,0,12,1670
21.5,15,0,13,1675
21.5,15,0,14,1680
21.5,15,0,15,1685
21.5,15,1,0,1614
21.5,15,1,1,1619
21.5,15,1,2,1624
21.5,15,1,3,1630
21.5,15,1,4,1635
21.5,15,1,5,1640
21.5,15,1,6,1645
21.5,15,1,7,1650
21.5,15,1,8,1655
21.5,15,1,9,1660
21.5,15,1,10,1665
21.5,15,1,11,1670
21.5,15,1,12,1675
21.5,15,1,13,1680
21.5,15,1,14,1685
21.5,15,1,15,1690
21.5,15,2,0,1619
21.5,15,2,1,1625
21.5,15,2,2,1630
21.5,15,2,3,1635
21.5,15,2,4,1640
21.5,15,2,5,1645
21.5,15,2,6,1651
21.5,15,2,7,1656
21.5,15,2,8,1661
21.5,15,2,9,1666
21.5,15,2,10,1671
21.5,15,2,11,1676
21.5,15,2,12,1681
21.5,15,2,13,1686
21.5,15,2,14,1691
21.5,15,2,15,1696
21.5,15,3,0,1625
21.5,15,3,1,1630
21.5,15,3,2,1635
21.5,15,3,3,1640
21.5,15,3,4,1646
21.5,15,3,5,1651
21.5,15,3,6,1656
21.5,15,3,7,1661
21.5,15,3,8,1666
21.5,15,3,9,1671
21.5,15,3,10,1676
21.5,15,3,11,1682
21.5,15,3,12,1687
21.5,15,3,13,1692
21.5,15,3,14,1697
21.5,15,3,15,1702
21.5,15,4,0,1630
21.5,15,4,1,1635
21.5,15,4,2,1641
21.5,15,4,3,1646
21.5,15,4,4,1651
21.5,15,4,5,1656
21.5,15,4,6,1661
21.5,15,4,7,1667
21.5,15,4,8,1672
21.5,15,4,9,1677
21.5,15,4,10,1682
21.5,15,4,11,1687
21.5,15,4,12,1692
21.5,15,4,13,1697
21.5,15,4,14,1702
21.5,15,4,15,1707
21.5,15,5,0,1636
21.5,15,5,1,1641
21.5,15,5,2,1646
21.5,15,5,3,1651
21.5,15,5,4,1656
21.5,15,5,5,1662
21.5,15,5,6,1667
21.5,15,5,7,1672
21.5,15,5,8,1677
21.5,15,5,9,1682
21.5,15,5,10,1687
21.5,15,5,11,1693
21.5,15,5,12,1698
21.5,15,5,13,1703
21.5,15,5,14,1708
21.5,15,5,15,1713
21.5,15,6,0,1641
21.5,15,6,1,1646
21.5,15,6,2,1651
21.5,15,6,3,1657
21.5,15,6,4,1662
21.5,15,6,5,1667
21.5,15,6,6,1672
21.5,15,6,7,1677
21.5,15,6,8,1683
21.5,15,6,9,1688
21.5,15,6,10,1693
21.5,15,6,11,1698
21.5,15,6,12,1703
21.5,15,6,13,1708
21.5,15,6,14,1713
21.5,15,6,15,1718
21.5,15,7,0,1646
21.5,15,7,1,1651
21.5,15,7,2,1657
21.5,15,7,3,1662
21.5,15,7,4,1667
21.5,15,7,5,1672
21.5,15,7,6,1678
21.5,15,7,7,1683
21.5,15,7,8,1688
21.5,15,7,9,1693
21.5,15,7,10,1698
21.5,15,7,11,1704
21.5,15,7,12,1709
21.5,15,7,13,1714
21.5,15,7,14,1719
21.5,15,7,15,1724
21.5,15,8,0,1651
21.5,15,8,1,1657
21.5,15,8,2,1662
21.5,15,8,3,1667
21.5,15,8,4,1673
21.5,15,8,5,1678
21.5,15,8,6,1683
21.5,15,8,7,1688
21.5,15,8,8,1693
21.5,15,8,9,1699
21.5,15,8,10,1704
21.5,15,8,11,1709
21.5,15,8,12,1714
21.5,15,8,13,1719
21.5,15,8,14,1724
21.5,15,8,15,1729
21.5,15,9,0,1657
21.5,15,9,1,1662
21.5,15,9,2,1667
21.5,15,9,3,1673
21.5,15,9,4,1678
21.5,15,9,5,1683
21.5,15,9,6,1688
21.5,15,9,7,1694
21.5,15,9,8,1699
21.5,15,9,9,1704
21.5,15,9,10,1709
21.5,15,9,11,1714
21.5,15,9,12,1720
21.5,15,9,13,1725
21.5,15,9,14,1730
21.5,15,9,15,1735
21.5,15,10,0,1662
21.5,15,10,1,1667
21.5,15,10,2,1673
21.5,15,10,3,1678
21.5,15,10,4,1683
21.5,15,10,5,1688
21.5,15,10,6,1694
21.5,15,10,7,1699
21.5,15,10,8,1704
21.5,15,10,9,1709
21.5,15,10,10,1715
21.5,15,10,11,1720
21.5,15,10,12,1725
21.5,15,10,13,1730
21.5,15,10,14,1735
21.5,15,10,15,1740
21.5,15,11,0,1667
21.5,15,11,1,1672
21.5,15,11,2,1678
21.5,15,11,3,1683
21.5,15,11,4,1688
21.5,15,11,5,1694
21.5,15,11,6,1699
21.5,15,11,7,1704
21.5,15,11,8,1710
21.5,15,11,9,1715
21.5,15,11,10,1720
21.5,15,11,11,1725
21.5,15,11,12,1730
21.5,15,11,13,1736
21.5,15,11,14,1741
21.5,15,11,15,1746
21.5,15,12,0,1672
21.5,15,12,1,1678
21.5,15,12,2,1683
21.5,15,12,3,1688
21.5,15,12,4,1694
21.5,15,12,5,1699
21.5,15,12,6,1704
21.5,15,12,7,1710
21.5,15,12,8,1715
21.5,15,12,9,1720
21.5,15,12,10,1725
21.5,15,12,11,1731
21.5,15,12,12,1736
21.5,15,12,13,1741
21.5,15,12,14,1746
21.5,15,12,15,1751
21.5,15,13,0,1677
21.5,15,13,1,1683
21.5,15,13,2,1688
21.5,15,13,3,1694
21.5,15,13,4,1699
21.5,15,13,5,1704
21.5,15,13,6,1710
21.5,15,13,7,1715
21.5,15,13,8,1720
21.5,15,13,9,1725
21.5,15,13,10,1731
21.5,15,13,11,1736
21.5,15,13,12,1741
21.5,15,13,13,1746
21.5,15,13,14,1752
21.5,15,13,15,1757
21.5,15,14,0,1683
21.5,15,14,1,1688
21.5,15,14,2,1693
21.5,15,14,3,1699
21.5,15,14,4,1704
21.5,15,14,5,1710
21.5,15,14,6,1715
21.5,15,14,7,1720
21.5,15,14,8,1726
21.5,15,14,9,1731
21.5,15,14,10,1736
21.5,15,14,11,1741
21.5,15,14,12,1747
21.5,15,14,13,1752
21.5,15,14,14,1757
21.5,15,14,15,1762
21.5,15,15,0,1688
21.5,15,15,1,1693
21.5,15,15,2,1699
21.5,15,15,3,1704
21.5,15,15,4,1709
21.5,15,15,5,1715
21.5,15,15,6,1720
21.5,15,15,7,1725
21.5,15,15,8,1731
21.5,15,15,9,1736
21.5,15,15,10,1741
21.5,15,15,11,1747
21.5,15,15,12,1752
21.5,15,15,13,1757
21.5,15,15,14,1762
21.5,15,15,15,1768
22.0,0,0,0,1557
22.0,0,0,1,1562
22.0,0,0,2,1567
22.0,0,0,3,1572
22.0,0,0,4,1577
22.0,0,0,5,1582
22.0,0,0,6,1587
22.0,0,0,7,1591
22.0,0,0,8,1596
22.0,0,0,9,1601
22.0,0,0,10,1606
22.0,0,0,11,1611
22.0,0,0,12,1616
22.0,0,0,13,1621
22.0,0,0,14,1625
22.0,0,0,15,1630
22.0,0,1,0,1562
22.0,0,1,1,1567
22.0,0,1,2,1572
22.0,0,1,3,1577
22.0,0,1,4,1582
22.0,0,1,5,1587
22.0,0,1,6,1592
22.0,0,1,7,1597
22.0,0,1,8,1602
22.0,0,1,9,1607
22.0,0,1,10,1611
22.0,0,1,11,1616
22.0,0,1,12,1621
22.0,0,1,13,1626
22.0,0,1,14,1631
22.0,0,1,15,1636
22.0,0,2,0,1567
22.0,0,2,1,1572
22.0,0,2,2,1577
22.0,0,2,3,1582
22.0,0,2,4,1587
22.0,0,2,5,1592
22.0,0,2,6,1597
22.0,0,2,7,1602
22.0,0,2,8,1607
22.0,0,2,9,1612
22.0,0,2,10,1617
22.0,0,2,11,1622
22.0,0,2,12,1627
22.0,0,2,13,1631
22.0,0,2,14,1636
22.0,0,2,15,1641
22.0,0,3,0,1572
22.0,0,3,1,1577
22.0,0,3,2,1582
22.0,0,3,3,1587
22.0,0,3,4,1592
22.0,0,3,5,1597
22.0,0,3,6,1602
22.0,0,3,7,1607
22.0,0,3,8,1612
22.0,0,3,9,1617
22.0,0,3,10,1622
22.0,0,3,11,1627
22.0,0,3,12,1632
22.0,0,3,13,1637
22.0,0,3,14,1642
22.0,0,3,15,1647
22.0,0,4,0,1577
22.0,0,4,1,1583
22.0,0,4,2,1588
22.0,0,4,3,1593
22.0,0,4,4,1598
22.0,0,4,5,1603
22.0,0,4,6,1608
22.0,0,4,7,1613
22.0,0,4,8,1618
22.0,0,4,9,1623
22.0,0,4,10,1628
22.0,0,4,11,1632
22.0,0,4,12,1637
22.0,0,4,13,1642
22.0,0,4,14,1647
22.0,0,4,15,1652
22.0,0,5,0,1583
22.0,0,5,1,1588
22.0,0,5,2,1593
22.0,0,5,3,1598
22.0,0,5,4,1603
22.0,0,5,5,1608
22.0,0,5,6,1613
22.0,0,5,7,1618
22.0,0,5,8,1623
22.0,0,5,9,1628
22.0,0,5,10,1633
22.0,0,5,11,1638
22.0,0,5,12,1643
22.0,0,5,13,1648
22.0,0,5,14,1653
22.0,0,5,15,1657
22.0,0,6,0,1588
22.0,0,6,1,1593
22.0,0,6,2,1598
22.0,0,6,3,1603
22.0,0,6,4,1608
22.0,0,6,5,1613
22.0,0,6,6,1618
22.0,0,6,7,1623
22.0,0,6,8,1628
22.0,0,6,9,1633
22.0,0,6,10,1638
22.0,0,6,11,1643
22.0,0,6,12,1648
22.0,0,6,13,1653
22.0,0,6,14,1658
22.0,0,6,15,1663
22.0,0,7,0,1593
22.0,0,7,1,1598
22.0,0,7,2,1603
22.0,0,7,3,1608
22.0,0,7,4,1613
22.0,0,7,5,1618
22.0,0,7,6,1623
22.0,0,7,7,1628
22.0,0,7,8,1633
22.0,0,7,9,1638
22.0,0,7,10,1643
22.0,0,7,11,1648
22.0,0,7,12,1653
22.0,0,7,13,1658
22.0,0,7,14,1663
22.0,0,7,15,1668
22.0,0,8,0,1598
22.0,0,8,1,1603
22.0,0,8,2,1608
22.0,0,8,3,1613
22.0,0,8,4,1618
22.0,0,8,5,1623
22.0,0,8,6,1629
22.0,0,8,7,1634
22.0,0,8,8,1639
22.0,0,8,9,1644
22.0,0,8,10,1649
22.0,0,8,11,1654
22.0,0,8,12,1659
22.0,0,8,13,1664
22.0,0,8,14,1669
22.0,0,8,15,1673
22.0,0,9,0,1603
22.0,0,9,1,1608
22.0,0,9,2,1613
22.0,0,9,3,1618
22.0,0,9,4,1624
22.0,0,9,5,1629
22.0,0,9,6,1634
22.0,0,9,7,1639
22.0,0,9,8,1644
22.0,0,9,9,1649
22.0,0,9,10,1654
22.0,0,9,11,1659
22.0,0,9,12,1664
22.0,0,9,13,1669
22.0,0,9,14,1674
22.0,0,9,15,1679
22.0,0,10,0,1608
22.0,0,10,1,1613
22.0,0,10,2,1618
22.0,0,10,3,1624
22.0,0,10,4,1629
22.0,0,10,5,1634
22.0,0,10,6,1639
22.0,0,10,7,1644
22.0,0,10,8,1649
22.0,0,10,9,1654
22.0,0,10,10,1659
22.0,0,10,11,1664
22.0,0,10,12,1669
22.0,0,10,13,1674
22.0,0,10,14,1679
22.0,0,10,15,1684
22.0,0,11,0,1613
22.0,0,11,1,1618
22.0,0,11,2,1623
22.0,0,11,3,1629
22.0,0,11,4,1634
22.0,0,11,5,1639
22.0,0,11,6,1644
22.0,0,11,7,1649
22.0,0,11,8,1654
22.0,0,11,9,1659
22.0,0,11,10,1664
22.0,0,11,11,1669
22.0,0,11,12,1674
22.0,0,11,13,1679
22.0,0,11,14,1684
22.0,0,11,15,1689
22.0,0,12,0,1618
22.0,0,12,1,1623
22.0,0,12,2,1629
22.0,0,12,3,1634
22.0,0,12,4,1639
22.0,0,12,5,1644
22.0,0,12,6,1649
22.0,0,12,7,1654
22.0,0,12,8,1659
22.0,0,12,9,1664
22.0,0,12,10,1670
22.0,0,12,11,1675
22.0,0,12,12,1680
22.0,0,12,13,1685
22.0,0,12,14,1690
22.0,0,12,15,1695
22.0,0,13,0,1623
22.0,0,13,1,1628
22.0,0,13,2,1634
22.0,0,13,3,1639
22.0,0,13,4,1644
22.0,0,13,5,1649
22.0,0,13,6,1654
22.0,0,13,7,1659
22.0,0,13,8,1665
22.0,0,13,9,1670
22.0,0,13,10,1675
22.0,0,13,11,1680
22.0,0,13,12,1685
22.0,0,13,13,1690
22.0,0,13,14,1695
22.0,0,13,15,1700
22.0,0,14,0,1628
22.0,0,14,1,1633
22.0,0,14,2,1639
22.0,0,14,3,1644
22.0,0,14,4,1649
22.0,0,14,5,1654
22.0,0,14,6,1659
22.0,0,14,7,1665
22.0,0,14,8,1670
22.0,0,14,9,1675
22.0,0,14,10,1680
22.0,0,14,11,1685
22.0,0,14,12,1690
22.0,0,14,13,1695
22.0,0,14,14,1700
22.0,0,14,15,1705
22.0,0,15,0,1633
22.0,0,15,1,1638
22.0,0,15,2,1644
22.0,0,15,3,1649
22.0,0,15,4,1654
22.0,0,15,5,1659
22.0,0,15,6,1664
22.0,0,15,7,1670
22.0,0,15,8,1675
22.0,0,15,9,1680
22.0,0,15,10,1685
22.0,0,15,11,1690
22.0,0,15,12,1695
22.0,0,15,13,1700
22.0,0,15,14,1705
22.0,0,15,15,1710
22.0,1,0,0,1563
22.0,1,0,1,1568
22.0,1,0,2,1573
22.0,1,0,3,1578
22.0,1,0,4,1583
22.0,1,0,5,1588
22.0,1,0,6,1593
22.0,1,0,7,1598
22.0,1,0,8,1602
22.0,1,0,9,1607
22.0,1,0,10,1612
22.0,1,0,11,1617
22.0,1,0,12,1622
22.0,1,0,13,1627
22.0,1,0,14,1632
22.0,1,0,15,1637
22.0,1,1,0,1568
22.0,1,1,1,1573
22.0,1,1,2,1578
22.0,1,1,3,1583
22.0,1,1,4,1588
22.0,1,1,5,1593
22.0,1,1,6,1598
22.0,1,1,7,1603
22.0,1,1,8,1608
22.0,1,1,9,1613
22.0,1,1,10,1618
22.0,1,1,11,1623
22.0,1,1,12,1627
22.0,1,1,13,1632
22.0,1,1,14,1637
22.0,1,1,15,1642
22.0,1,2,0,1573
22.0,1,2,1,1578
22.0,1,2,2,1583
22.0,1,2,3,1588
22.0,1,2,4,1593
22.0,1,2,5,1598
22.0,1,2,6,1603
22.0,1,2,7,1608
22.0,1,2,8,1613
22.0,1,2,9,1618
22.0,1,2,10,1623
22.0,1,2,11,1628
22.0,1,2,12,1633
22.0,1,2,13,1638
22.0,1,2,14,1643
22.0,1,2,15,1647
22.0,1,3,0,1578
22.0,1,3,1,1583
22.0,1,3,2,1588
22.0,1,3,3,1593
22.0,1,3,4,1599
22.0,1,3,5,1604
22.0,1,3,6,1609
22.0,1,3,7,1614
22.0,1,3,8,1619
22.0,1,3,9,1623
22.0,1,3,10,1628
22.0,1,3,11,1633
22.0,1,3,12,1638
22.0,1,3,13,1643
22.0,1,3,14,1648
22.0,1,3,15,1653
22.0,1,4,0,1583
22.0,1,4,1,1589
22.0,1,4,2,1594
22.0,1,4,3,1599
22.0,1,4,4,1604
22.0,1,4,5,1609
22.0,1,4,6,1614
22.0,1,4,7,1619
22.0,1,4,8,1624
22.0,1,4,9,1629
22.0,1,4,10,1634
22.0,1,4,11,1639
22.0,1,4,12,1644
22.0,1,4,13,1649
22.0,1,4,14,1653
22.0,1,4,15,1658
22.0,1,5,0,1589
22.0,1,5,1,1594
22.0,1,5,2,1599
22.0,1,5,3,1604
22.0,1,5,4,1609
22.0,1,5,5,1614
22.0,1,5,6,1619
22.0,1,5,7,1624
22.0,1,5,8,1629
22.0,1,5,9,1634
22.0,1,5,10,1639
22.0,1,5,11,1644
22.0,1,5,12,1649
22.0,1,5,13,1654
22.0,1,5,14,1659
22.0,1,5,15,1664
22.0,1,6,0,1594
22.0,1,6,1,1599
22.0,1,6,2,1604
22.0,1,6,3,1609
22.0,1,6,4,1614
22.0,1,6,5,1619
22.0,1,6,6,1624
22.0,1,6,7,1629
22.0,1,6,8,1634
22.0,1,6,9,1639
22.0,1,6,10,1644
22.0,1,6,11,1649
22.0,1,6,12,1654
22.0,1,6,13,1659
22.0,1,6,14,1664
22.0,1,6,15,1669
22.0,1,7,0,1599
22.0,1,7,1,1604
22.0,1,7,2,1609
22.0,1,7,3,1614
22.0,1,7,4,1619
22.0,1,7,5,1625
22.0,1,7,6,1630
22.0,1,7,7,1635
22.0,1,7,8,1640
22.0,1,7,9,1645
22.0,1,7,10,1650
22.0,1,7,11,1655
22.0,1,7,12,1660
22.0,1,7,13,1665
22.0,1,7,14,1670
22.0,1,7,15,1675
22.0,1,8,0,1604
22.0,1,8,1,1609
22.0,1,8,2,1614
22.0,1,8,3,1619
22.0,1,8,4,1625
22.0,1,8,5,1630
22.0,1,8,6,1635
22.0,1,8,7,1640
22.0,1,8,8,1645
22.0,1,8,9,1650
22.0,1,8,10,1655
22.0,1,8,11,1660
22.0,1,8,12,1665
22.0,1,8,13,1670
22.0,1,8,14,1675
22.0,1,8,15,1680
22.0,1,9,0,1609
22.0,1,9,1,1614
22.0,1,9,2,1619
22.0,1,9,3,1625
22.0,1,9,4,1630
22.0,1,9,5,1635
22.0,1,9,6,1640
22.0,1,9,7,1645
22.0,1,9,8,1650
22.0,1,9,9,1655
22.0,1,9,10,1660
22.0,1,9,11,1665
22.0,1,9,12,1670
22.0,1,9,13,1675
22.0,1,9,14,1680
22.0,1,9,15,1685
22.0,1,10,0,1614
22.0,1,10,1,1619
22.0,1,10,2,1625
22.0,1,10,3,1630
22.0,1,10,4,1635
22.0,1,10,5,1640
22.0,1,10,6,1645
22.0,1,10,7,1650
22.0,1,10,8,1655
22.0,1,10,9,1660
22.0,1,10,10,1666
22.0,1,10,11,1671
22.0,1,10,12,1676
22.0,1,10,13,1681
22.0,1,10,14,1686
22.0,1,10,15,1691
22.0,1,11,0,1619
22.0,1,11,1,1625
22.0,1,11,2,1630
22.0,1,11,3,1635
22.0,1,11,4,1640
22.0,1,11,5,1645
22.0,1,11,6,1650
22.0,1,11,7,1655
22.0,1,11,8,1661
22.0,1,11,9,1666
22.0,1,11,10,1671
22.0,1,11,11,1676
22.0,1,11,12,1681
22.0,1,11,13,1686
22.0,1,11,14,1691
22.0,1,11,15,1696
22.0,1,12,0,1624
22.0,1,12,1,1630
22.0,1,12,2,1635
22.0,1,12,3,1640
22.0,1,12,4,1645
22.0,1,12,5,1650
22.0,1,12,6,1656
22.0,1,12,7,1661
22.0,1,12,8,1666
22.0,1,12,9,1671
22.0,1,12,10,1676
22.0,1,12,11,1681
22.0,1,12,12,1686
22.0,1,12,13,1691
22.0,1,12,14,1696
22.0,1,12,15,1701
22.0,1,13,0,1629
22.0,1,13,1,1635
22.0,1,13,2,1640
22.0,1,13,3,1645
22.0,1,13,4,1650
22.0,1,13,5,1655
22.0,1,13,6,1661
22.0,1,13,7,1666
22.0,1,13,8,1671
22.0,1,13,9,1676
22.0,1,13,10,1681
22.0,1,13,11,1686
22.0,1,13,12,1691
22.0,1,13,13,1696
22.0,1,13,14,1701
22.0,1,13,15,1706
22.0,1,14,0,1634
22.0,1,14,1,1640
22.0,1,14,2,1645
22.0,1,14,3,1650
22.0,1,14,4,1655
22.0,1,14,5,1661
22.0,1,14,6,1666
22.0,1,14,7,1671
22.0,1,14,8,1676
22.0,1,14,9,1681
22.0,1,14,10,1686
22.0,1,14,11,1691
22.0,1,14,12,1697
22.0,1,14,13,1702
22.0,1,14,14,1707
22.0,1,14,15,1712
22.0,1,15,0,1639
22.0,1,15,1,1645
22.0,1,15,2,1650
22.0,1,15,3,1655
22.0,1,15,4,1660
22.0,1,15,5,1666
22.0,1,15,6,1671
22.0,1,15,7,1676
22.0,1,15,8,1681
22.0,1,15,9,1686
22.0,1,15,10,1692
22.0,1,15,11,1697
22.0,1,15,12,1702
22.0,1,15,13,1707
22.0,1,15,14,1712
22.0,1,15,15,1717
22.0,2,0,0,1569
22.0,2,0,1,1574
22.0,2,0,2,1579
22.0,2,0,3,1584
22.0,2,0,4,1589
22.0,2,0,5,1594
22.0,2,0,6,1599
22.0,2,0,7,1604
22.0,2,0,8,1609
22.0,2,0,9,1614
22.0,2,0,10,1618
22.0,2,0,11,1623
22.0,2,0,12,1628
22.0,2,0,13,1633
22.0,2,0,14,1638
22.0,2,0,15,1643
22.0,2,1,0,1574
22.0,2,1,1,1579
22.0,2,1,2,1584
22.0,2,1,3,1589
22.0,2,1,4,1594
22.0,2,1,5,1599
22.0,2,1,6,1604
22.0,2,1,7,1609
22.0,2,1,8,1614
22.0,2,1,9,1619
22.0,2,1,10,1624
22.0,2,1,11,1629
22.0,2,1,12,1634
22.0,2,1,13,1639
22.0,2,1,14,1643
22.0,2,1,15,1648
22.0,2,2,0,1579
22.0,2,2,1,1584
22.0,2,2,2,1589
22.0,2,2,3,1594
22.0,2,2,4,1599
22.0,2,2,5,1604
22.0,2,2,6,1609
22.0,2,2,7,1614
22.0,2,2,8,1619
22.0,2,2,9,1624
22.0,2,2,10,1629
22.0,2,2,11,1634
22.0,2,2,12,1639
22.0,2,2,13,1644
22.0,2,2,14,1649
22.0,2,2,15,1654
22.0,2,3,0,1584
22.0,2,3,1,1589
22.0,2,3,2,1595
22.0,2,3,3,1600
22.0,2,3,4,1605
22.0,2,3,5,1610
22.0,2,3,6,1615
22.0,2,3,7,1620
22.0,2,3,8,1625
22.0,2,3,9,1630
22.0,2,3,10,1635
22.0,2,3,11,1640
22.0,2,3,12,1645
22.0,2,3,13,1649
22.0,2,3,14,1654
22.0,2,3,15,1659
22.0,2,4,0,1590
22.0,2,4,1,1595
22.0,2,4,2,1600
22.0,2,4,3,1605
22.0,2,4,4,1610
22.0,2,4,5,1615
22.0,2,4,6,1620
22.0,2,4,7,1625
22.0,2,4,8,1630
22.0,2,4,9,1635
22.0,2,4,10,1640
22.0,2,4,11,1645
22.0,2,4,12,1650
22.0,2,4,13,1655
22.0,2,4,14,1660
22.0,2,4,15,1665
22.0,2,5,0,1595
22.0,2,5,1,1600
22.0,2,5,2,1605
22.0,2,5,3,1610
22.0,2,5,4,1615
22.0,2,5,5,1620
22.0,2,5,6,1625
22.0,2,5,7,1630
22.0,2,5,8,1635
22.0,2,5,9,1640
22.0,2,5,10,1645
22.0,2,5,11,1650
22.0,2,5,12,1655
22.0,2,5,13,1660
22.0,2,5,14,1665
22.0,2,5,15,1670
22.0,2,6,0,1600
22.0,2,6,1,1605
22.0,2,6,2,1610
22.0,2,6,3,1615
22.0,2,6,4,1620
22.0,2,6,5,1625
22.0,2,6,6,1631
22.0,2,6,7,1636
22.0,2,6,8,1641
22.0,2,6,9,1646
22.0,2,6,10,1651
22.0,2,6,11,1656
22.0,2,6,12,1661
22.0,2,6,13,1666
22.0,2,6,14,1671
22.0,2,6,15,1676
22.0,2,7,0,1605
22.0,2,7,1,1610
22.0,2,7,2,1615
22.0,2,7,3,1620
22.0,2,7,4,1626
22.0,2,7,5,1631
22.0,2,7,6,1636
22.0,2,7,7,1641
22.0,2,7,8,1646
22.0,2,7,9,1651
22.0,2,7,10,1656
22.0,2,7,11,1661
22.0,2,7,12,1666
22.0,2,7,13,1671
22.0,2,7,14,1676
22.0,2,7,15,1681
22.0,2,8,0,1610
22.0,2,8,1,1615
22.0,2,8,2,1621
22.0,2,8,3,1626
22.0,2,8,4,1631
22.0,2,8,5,1636
22.0,2,8,6,1641
22.0,2,8,7,1646
22.0,2,8,8,1651
22.0,2,8,9,1656
22.0,2,8,10,1661
22.0,2,8,11,1666
22.0,2,8,12,1671
22.0,2,8,13,1676
22.0,2,8,14,1681
22.0,2,8,15,1686
22.0,2,9,0,1615
22.0,2,9,1,1620
22.0,2,9,2,1626
22.0,2,9,3,1631
22.0,2,9,4,1636
22.0,2,9,5,1641
22.0,2,9,6,1646
22.0,2,9,7,1651
22.0,2,9,8,1656
22.0,2,9,9,1662
22.0,2,9,10,1667
22.0,2,9,11,1672
22.0,2,9,12,1677
22.0,2,9,13,1682
22.0,2,9,14,1687
22.0,2,9,15,1692
22.0,2,10,0,1620
22.0,2,10,1,1626
22.0,2,10,2,1631
22.0,2,10,3,1636
22.0,2,10,4,1641
22.0,2,10,5,1646
22.0,2,10,6,1651
22.0,2,10,7,1657
22.0,2,10,8,1662
22.0,2,10,9,1667
22.0,2,10,10,1672
22.0,2,10,11,1677
22.0,2,10,12,1682
22.0,2,10,13,1687
22.0,2,10,14,1692
22.0,2,10,15,1697
22.0,2,11,0,1625
22.0,2,11,1,1631
22.0,2,11,2,1636
22.0,2,11,3,1641
22.0,2,11,4,1646
22.0,2,11,5,1652
22.0,2,11,6,1657
22.0,2,11,7,1662
22.0,2,11,8,1667
22.0,2,11,9,1672
22.0,2,11,10,1677
22.0,2,11,11,1682
22.0,2,11,12,1687
22.0,2,11,13,1692
22.0,2,11,14,1697
22.0,2,11,15,1702
22.0,2,12,0,1631
22.0,2,12,1,1636
22.0,2,12,2,1641
22.0,2,12,3,1646
22.0,2,12,4,1651
22.0,2,12,5,1657
22.0,2,12,6,1662
22.0,2,12,7,1667
22.0,2,12,8,1672
22.0,2,12,9,1677
22.0,2,12,10,1682
22.0,2,12,11,1687
22.0,2,12,12,1693
22.0,2,12,13,1698
22.0,2,12,14,1703
22.0,2,12,15,1708
22.0,2,13,0,1636
22.0,2,13,1,1641
22.0,2,13,2,1646
22.0,2,13,3,1651
22.0,2,13,4,1657
22.0,2,13,5,1662
22.0,2,13,6,1667
22.0,2,13,7,1672
22.0,2,13,8,1677
22.0,2,13,9,1682
22.0,2,13,10,1688
22.0,2,13,11,1693
22.0,2,13,12,1698
22.0,2,13,13,1703
22.0,2,13,14,1708
22.0,2,13,15,1713
22.0,2,14,0,1641
22.0,2,14,1,1646
22.0,2,14,2,1651
22.0,2,14,3,1656
22.0,2,14,4,1662
22.0,2,14,5,1667
22.0,2,14,6,1672
22.0,2,14,7,1677
22.0,2,14,8,1682
22.0,2,14,9,1688
22.0,2,14,10,1693
22.0,2,14,11,1698
22.0,2,14,12,1703
22.0,2,14,13,1708
22.0,2,14,14,1713
22.0,2,14,15,1718
22.0,2,15,0,1646
22.0,2,15,1,1651
22.0,2,15,2,1656
22.0,2,15,3,1662
22.0,2,15,4,1667
22.0,2,15,5,1672
22.0,2,15,6,1677
22.0,2,15,7,1682
22.0,2,15,8,1688
22.0,2,15,9,1693
22.0,2,15,10,1698
22.0,2,15,11,1703
22.0,2,15,12,1708
22.0,2,15,13,1713
22.0,2,15,14,1718
22.0,2,15,15,1724
22.0,3,0,0,1575
22.0,3,0,1,1580
22.0,3,0,2,1585
22.0,3,0,3,1590
22.0,3,0,4,1595
22.0,3,0,5,1600
22.0,3,0,6,1605
22.0,3,0,7,1610
22.0,3,0,8,1615
22.0,3,0,9,1620
22.0,3,0,10,1625
22.0,3,0,11,1629
22.0,3,0,12,1634
22.0,3,0,13,1639
22.0,3,0,14,1644
22.0,3,0,15,1649
22.0,3,1,0,1580
22.0,3,1,1,1585
22.0,3,1,2,1590
22.0,3,1,3,1595
22.0,3,1,4,1600
22.0,3,1,5,1605
22.0,3,1,6,1610
22.0,3,1,7,1615
22.0,3,1,8,1620
22.0,3,1,9,1625
22.0,3,1,10,1630
22.0,3,1,11,1635
22.0,3,1,12,1640
22.0,3,1,13,1645
22.0,3,1,14,1650
22.0,3,1,15,1655
22.0,3,2,0,1585
22.0,3,2,1,1590
22.0,3,2,2,1595
22.0,3,2,3,1600
22.0,3,2,4,1605
22.0,3,2,5,1610
22.0,3,2,6,1615
22.0,3,2,7,1621
22.0,3,2,8,1626
22.0,3,2,9,1630
22.0,3,2,10,1635
22.0,3,2,11,1640
22.0,3,2,12,1645
22.0,3,2,13,1650
22.0,3,2,14,1655
22.0,3,2,15,1660
22.0,3,3,0,1590
22.0,3,3,1,1595
22.0,3,3,2,1601
22.0,3,3,3,1606
22.0,3,3,4,1611
22.0,3,3,5,1616
22.0,3,3,6,1621
22.0,3,3,7,1626
22.0,3,3,8,1631
22.0,3,3,9,1636
22.0,3,3,10,1641
22.0,3,3,11,1646
22.0,3,3,12,1651
22.0,3,3,13,1656
22.0,3,3,14,1661
22.0,3,3,15,1666
22.0,3,4,0,1596
22.0,3,4,1,1601
22.0,3,4,2,1606
22.0,3,4,3,1611
22.0,3,4,4,1616
22.0,3,4,5,1621
22.0,3,4,6,1626
22.0,3,4,7,1631
22.0,3,4,8,1636
22.0,3,4,9,1641
22.0,3,4,10,1646
22.0,3,4,11,1651
22.0,3,4,12,1656
22.0,3,4,13,1661
22.0,3,4,14,1666
22.0,3,4,15,1671
22.0,3,5,0,1601
22.0,3,5,1,1606
22.0,3,5,2,1611
22.0,3,5,3,1616
22.0,3,5,4,1621
22.0,3,5,5,1626
22.0,3,5,6,1631
22.0,3,5,7,1637
22.0,3,5,8,1642
22.0,3,5,9,1647
22.0,3,5,10,1652
22.0,3,5,11,1657
22.0,3,5,12,1662
22.0,3,5,13,1667
22.0,3,5,14,1672
22.0,3,5,15,1676
22.0,3,6,0,1606
22.0,3,6,1,1611
22.0,3,6,2,1616
22.0,3,6,3,1621
22.0,3,6,4,1627
22.0,3,6,5,1632
22.0,3,6,6,1637
22.0,3,6,7,1642
22.0,3,6,8,1647
22.0,3,6,9,1652
22.0,3,6,10,1657
22.0,3,6,11,1662
22.0,3,6,12,1667
22.0,3,6,13,1672
22.0,3,6,14,1677
22.0,3,6,15,1682
22.0,3,7,0,1611
22.0,3,7,1,1616
22.0,3,7,2,1622
22.0,3,7,3,1627
22.0,3,7,4,1632
22.0,3,7,5,1637
22.0,3,7,6,1642
22.0,3,7,7,1647
22.0,3,7,8,1652
22.0,3,7,9,1657
22.0,3,7,10,1662
22.0,3,7,11,1667
22.0,3,7,12,1672
22.0,3,7,13,1677
22.0,3,7,14,1682
22.0,3,7,15,1687
22.0,3,8,0,1616
22.0,3,8,1,1622
22.0,3,8,2,1627
22.0,3,8,3,1632
22.0,3,8,4,1637
22.0,3,8,5,1642
22.0,3,8,6,1647
22.0,3,8,7,1652
22.0,3,8,8,1657
22.0,3,8,9,1663
22.0,3,8,10,1668
22.0,3,8,11,1673
22.0,3,8,12,1678
22.0,3,8,13,1683
22.0,3,8,14,1688
22.0,3,8,15,1693
22.0,3,9,0,1621
22.0,3,9,1,1627
22.0,3,9,2,1632
22.0,3,9,3,1637
22.0,3,9,4,1642
22.0,3,9,5,1647
22.0,3,9,6,1653
22.0,3,9,7,1658
22.0,3,9,8,1663
22.0,3,9,9,1668
22.0,3,9,10,1673
22.0,3,9,11,1678
22.0,3,9,12,1683
22.0,3,9,13,1688
22.0,3,9,14,1693
22.0,3,9,15,1698
22.0,3,10,0,1627
22.0,3,10,1,1632
22.0,3,10,2,1637
22.0,3,10,3,1642
22.0,3,10,4,1647
22.0,3,10,5,1653
22.0,3,10,6,1658
22.0,3,10,7,1663
22.0,3,10,8,1668
22.0,3,10,9,1673
22.0,3,10,10,1678
22.0,3,10,11,1683
22.0,3,10,12,1688
22.0,3,10,13,1693
22.0,3,10,14,1698
22.0,3,10,15,1703
22.0,3,11,0,1632
22.0,3,11,1,1637
22.0,3,11,2,1642
22.0,3,11,3,1647
22.0,3,11,4,1653
22.0,3,11,5,1658
22.0,3,11,6,1663
22.0,3,11,7,1668
22.0,3,11,8,1673
22.0,3,11,9,1678
22.0,3,11,10,1683
22.0,3,11,11,1689
22.0,3,11,12,1694
22.0,3,11,13,1699
22.0,3,11,14,1704
22.0,3,11,15,1709
22.0,3,12,0,1637
22.0,3,12,1,1642
22.0,3,12,2,1647
22.0,3,12,3,1653
22.0,3,12,4,1658
22.0,3,12,5,1663
22.0,3,12,6,1668
22.0,3,12,7,1673
22.0,3,12,8,1678
22.0,3,12,9,1684
22.0,3,12,10,1689
22.0,3,12,11,1694
22.0,3,12,12,1699
22.0,3,12,13,1704
22.0,3,12,14,1709
22.0,3,12,15,1714
22.0,3,13,0,1642
22.0,3,13,1,1647
22.0,3,13,2,1652
22.0,3,13,3,1658
22.0,3,13,4,1663
22.0,3,13,5,1668
22.0,3,13,6,1673
22.0,3,13,7,1679
22.0,3,13,8,1684
22.0,3,13,9,1689
22.0,3,13,10,1694
22.0,3,13,11,1699
22.0,3,13,12,1704
22.0,3,13,13,1709
22.0,3,13,14,1714
22.0,3,13,15,1719
22.0,3,14,0,1647
22.0,3,14,1,1652
22.0,3,14,2,1657
22.0,3,14,3,1663
22.0,3,14,4,1668
22.0,3,14,5,1673
22.0,3,14,6,1678
22.0,3,14,7,1684
22.0,3,14,8,1689
22.0,3,14,9,1694
22.0,3,14,10,1699
22.0,3,14,11,1704
22.0,3,14,12,1709
22.0,3,14,13,1715
22.0,3,14,14,1720
22.0,3,14,15,1725
22.0,3,15,0,1652
22.0,3,15,1,1657
22.0,3,15,2,1663
22.0,3,15,3,1668
22.0,3,15,4,1673
22.0,3,15,5,1678
22.0,3,15,6,1684
22.0,3,15,7,1689
22.0,3,15,8,1694
22.0,3,15,9,1699
22.0,3,15,10,1704
22.0,3,15,11,1710
22.0,3,15,12,1715
22.0,3,15,13,1720
22.0,3,15,14,1725
22.0,3,15,15,1730
22.0,4,0,0,1581
22.0,4,0,1,1586
22.0,4,0,2,1591
22.0,4,0,3,1596
22.0,4,0,4,1601
22.0,4,0,5,1606
22.0,4,0,6,1611
22.0,4,0,7,1616
22.0,4,0,8,1621
22.0,4,0,9,1626
22.0,4,0,10,1631
22.0,4,0,11,1636
22.0,4,0,12,1641
22.0,4,0,13,1645
22.0,4,0,14,1650
22.0,4,0,15,1655
22.0,4,1,0,1586
22.0,4,1,1,1591
22.0,4,1,2,1596
22.0,4,1,3,1601
22.0,4,1,4,1606
22.0,4,1,5,1611
22.0,4,1,6,1616
22.0,4,1,7,1621
22.0,4,1,8,1626
22.0,4,1,9,1631
22.0,4,1,10,1636
22.0,4,1,11,1641
22.0,4,1,12,1646
22.0,4,1,13,1651
22.0,4,1,14,1656
22.0,4,1,15,1661
22.0,4,2,0,1591
22.0,4,2,1,1596
22.0,4,2,2,1601
22.0,4,2,3,1606
22.0,4,2,4,1612
22.0,4,2,5,1617
22.0,4,2,6,1622
22.0,4,2,7,1627
22.0,4,2,8,1632
22.0,4,2,9,1637
22.0,4,2,10,1642
22.0,4,2,11,1647
22.0,4,2,12,1652
22.0,4,2,13,1657
22.0,4,2,14,1661
22.0,4,2,15,1666
22.0,4,3,0,1596
22.0,4,3,1,1602
22.0,4,3,2,1607
22.0,4,3,3,1612
22.0,4,3,4,1617
22.0,4,3,5,1622
22.0,4,3,6,1627
22.0,4,3,7,1632
22.0,4,3,8,1637
22.0,4,3,9,1642
22.0,4,3,10,1647
22.0,4,3,11,1652
22.0,4,3,12,1657
22.0,4,3,13,1662
22.0,4,3,14,1667
22.0,4,3,15,1672
22.0,4,4,0,1602
22.0,4,4,1,1607
22.0,4,4,2,1612
22.0,4,4,3,1617
22.0,4,4,4,1622
22.0,4,4,5,1627
22.0,4,4,6,1632
22.0,4,4,7,1637
22.0,4,4,8,1642
22.0,4,4,9,1647
22.0,4,4,10,1652
22.0,4,4,11,1657
22.0,4,4,12,1662
22.0,4,4,13,1667
22.0,4,4,14,1672
22.0,4,4,15,1677
22.0,4,5,0,1607
22.0,4,5,1,1612
22.0,4,5,2,1617
22.0,4,5,3,1622
22.0,4,5,4,1627
22.0,4,5,5,1633
22.0,4,5,6,1638
22.0,4,5,7,1643
22.0,4,5,8,1648
22.0,4,5,9,1653
22.0,4,5,10,1658
22.0,4,5,11,1663
22.0,4,5,12,1668
22.0,4,5,13,1673
22.0,4,5,14,1678
22.0,4,5,15,1683
22.0,4,6,0,1612
22.0,4,6,1,1617
22.0,4,6,2,1622
22.0,4,6,3,1628
22.0,4,6,4,1633
22.0,4,6,5,1638
22.0,4,6,6,1643
22.0,4,6,7,1648
22.0,4,6,8,1653
22.0,4,6,9,1658
22.0,4,6,10,1663
22.0,4,6,11,1668
22.0,4,6,12,1673
22.0,4,6,13,1678
22.0,4,6,14,1683
22.0,4,6,15,1688
22.0,4,7,0,1617
22.0,4,7,1,1622
22.0,4,7,2,1628
22.0,4,7,3,1633
22.0,4,7,4,1638
22.0,4,7,5,1643
22.0,4,7,6,1648
22.0,4,7,7,1653
22.0,4,7,8,1658
22.0,4,7,9,1664
22.0,4,7,10,1669
22.0,4,7,11,1674
22.0,4,7,12,1679
22.0,4,7,13,1684
22.0,4,7,14,1689
22.0,4,7,15,1694
22.0,4,8,0,1622
22.0,4,8,1,1628
22.0,4,8,2,1633
22.0,4,8,3,1638
22.0,4,8,4,1643
22.0,4,8,5,1648
22.0,4,8,6,1654
22.0,4,8,7,1659
22.0,4,8,8,1664
22.0,4,8,9,1669
22.0,4,8,10,1674
22.0,4,8,11,1679
22.0,4,8,12,1684
22.0,4,8,13,1689
22.0,4,8,14,1694
22.0,4,8,15,1699
22.0,4,9,0,1628
22.0,4,9,1,1633
22.0,4,9,2,1638
22.0,4,9,3,1643
22.0,4,9,4,1648
22.0,4,9,5,1654
22.0,4,9,6,1659
22.0,4,9,7,1664
22.0,4,9,8,1669
22.0,4,9,9,1674
22.0,4,9,10,1679
22.0,4,9,11,1684
22.0,4,9,12,1689
22.0,4,9,13,1694
22.0,4,9,14,1700
22.0,4,9,15,1705
22.0,4,10,0,1633
22.0,4,10,1,1638
22.0,4,10,2,1643
22.0,4,10,3,1648
22.0,4,10,4,1654
22.0,4,10,5,1659
22.0,4,10,6,1664
22.0,4,10,7,1669
22.0,4,10,8,1674
22.0,4,10,9,1679
22.0,4,10,10,1685
22.0,4,10,11,1690
22.0,4,10,12,1695
22.0,4,10,13,1700
22.0,4,10,14,1705
22.0,4,10,15,1710
22.0,4,11,0,1638
22.0,4,11,1,1643
22.0,4,11,2,1648
22.0,4,11,3,1654
22.0,4,11,4,1659
22.0,4,11,5,1664
22.0,4,11,6,1669
22.0,4,11,7,1674
22.0,4,11,8,1680
22.0,4,11,9,1685
22.0,4,11,10,1690
22.0,4,11,11,1695
22.0,4,11,12,1700
22.0,4,11,13,1705
22.0,4,11,14,1710
22.0,4,11,15,1715
22.0,4,12,0,1643
22.0,4,12,1,1648
22.0,4,12,2,1654
22.0,4,12,3,1659
22.0,4,12,4,1664
22.0,4,12,5,1669
22.0,4,12,6,1674
22.0,4,12,7,1680
22.0,4,12,8,1685
22.0,4,12,9,1690
22.0,4,12,10,1695
22.0,4,12,11,1700
22.0,4,12,12,1705
22.0,4,12,13,1710
22.0,4,12,14,1716
22.0,4,12,15,1721
22.0,4,13,0,1648
22.0,4,13,1,1653
22.0,4,13,2,1659
22.0,4,13,3,1664
22.0,4,13,4,1669
22.0,4,13,5,1674
22.0,4,13,6,1680
22.0,4,13,7,1685
22.0,4,13,8,1690
22.0,4,13,9,1695
22.0,4,13,10,1700
22.0,4,13,11,1706
22.0,4,13,12,1711
22.0,4,13,13,1716
22.0,4,13,14,1721
22.0,4,13,15,1726
22.0,4,14,0,1653
22.0,4,14,1,1658
22.0,4,14,2,1664
22.0,4,14,3,1669
22.0,4,14,4,1674
22.0,4,14,5,1680
22.0,4,14,6,1685
22.0,4,14,7,1690
22.0,4,14,8,1695
22.0,4,14,9,1700
22.0,4,14,10,1706
22.0,4,14,11,1711
22.0,4,14,12,1716
22.0,4,14,13,1721
22.0,4,14,14,1726
22.0,4,14,15,1731
22.0,4,15,0,1658
22.0,4,15,1,1664
22.0,4,15,2,1669
22.0,4,15,3,1674
22.0,4,15,4,1679
22.0,4,15,5,1685
22.0,4,15,6,1690
22.0,4,15,7,1695
22.0,4,15,8,1700
22.0,4,15,9,1706
22.0,4,15,10,1711
22.0,4,15,11,1716
22.0,4,15,12,1721
22.0,4,15,13,1726
22.0,4,15,14,1731
22.0,4,15,15,1737
22.0,5,0,0,1586
22.0,5,0,1,1592
22.0,5,0,2,1597
22.0,5,0,3,1602
22.0,5,0,4,1607
22.0,5,0,5,1612
22.0,5,0,6,1617
22.0,5,0,7,1622
22.0,5,0,8,1627
22.0,5,0,9,1632
22.0,5,0,10,1637
22.0,5,0,11,1642
22.0,5,0,12,1647
22.0,5,0,13,1652
22.0,5,0,14,1657
22.0,5,0,15,1662
22.0,5,1,0,1592
22.0,5,1,1,1597
22.0,5,1,2,1602
22.0,5,1,3,1607
22.0,5,1,4,1612
22.0,5,1,5,1617
22.0,5,1,6,1622
22.0,5,1,7,1627
22.0,5,1,8,1632
22.0,5,1,9,1637
22.0,5,1,10,1642
22.0,5,1,11,1647
22.0,5,1,12,1652
22.0,5,1,13,1657
22.0,5,1,14,1662
22.0,5,1,15,1667
22.0,5,2,0,1597
22.0,5,2,1,1602
22.0,5,2,2,1607
22.0,5,2,3,1612
22.0,5,2,4,1618
22.0,5,2,5,1623
22.0,5,2,6,1628
22.0,5,2,7,1633
22.0,5,2,8,1638
22.0,5,2,9,1643
22.0,5,2,10,1648
22.0,5,2,11,1653
22.0,5,2,12,1658
22.0,5,2,13,1663
22.0,5,2,14,1668
22.0,5,2,15,1673
22.0,5,3,0,1602
22.0,5,3,1,1608
22.0,5,3,2,1613
22.0,5,3,3,1618
22.0,5,3,4,1623
22.0,5,3,5,1628
22.0,5,3,6,1633
22.0,5,3,7,1638
22.0,5,3,8,1643
22.0,5,3,9,1648
22.0,5,3,10,1653
22.0,5,3,11,1658
22.0,5,3,12,1663
22.0,5,3,13,1668
22.0,5,3,14,1673
22.0,5,3,15,1678
22.0,5,4,0,1608
22.0,5,4,1,1613
22.0,5,4,2,1618
22.0,5,4,3,1623
22.0,5,4,4,1628
22.0,5,4,5,1633
22.0,5,4,6,1638
22.0,5,4,7,1644
22.0,5,4,8,1649
22.0,5,4,9,1654
22.0,5,4,10,1659
22.0,5,4,11,1664
22.0,5,4,12,1669
22.0,5,4,13,1674
22.0,5,4,14,1679
22.0,5,4,15,1684
22.0,5,5,0,1613
22.0,5,5,1,1618
22.0,5,5,2,1623
22.0,5,5,3,1628
22.0,5,5,4,1634
22.0,5,5,5,1639
22.0,5,5,6,1644
22.0,5,5,7,1649
22.0,5,5,8,1654
22.0,5,5,9,1659
22.0,5,5,10,1664
22.0,5,5,11,1669
22.0,5,5,12,1674
22.0,5,5,13,1679
22.0,5,5,14,1684
22.0,5,5,15,1689
22.0,5,6,0,1618
22.0,5,6,1,1623
22.0,5,6,2,1629
22.0,5,6,3,1634
22.0,5,6,4,1639
22.0,5,6,5,1644
22.0,5,6,6,1649
22.0,5,6,7,1654
22.0,5,6,8,1659
22.0,5,6,9,1664
22.0,5,6,10,1670
22.0,5,6,11,1675
22.0,5,6,12,1680
22.0,5,6,13,1685
22.0,5,6,14,1690
22.0,5,6,15,1695
22.0,5,7,0,1623
22.0,5,7,1,1629
22.0,5,7,2,1634
22.0,5,7,3,1639
22.0,5,7,4,1644
22.0,5,7,5,1649
22.0,5,7,6,1654
22.0,5,7,7,1660
22.0,5,7,8,1665
22.0,5,7,9,1670
22.0,5,7,10,1675
22.0,5,7,11,1680
22.0,5,7,12,1685
22.0,5,7,13,1690
22.0,5,7,14,1695
22.0,5,7,15,1700
22.0,5,8,0,1629
22.0,5,8,1,1634
22.0,5,8,2,1639
22.0,5,8,3,1644
22.0,5,8,4,1649
22.0,5,8,5,1655
22.0,5,8,6,1660
22.0,5,8,7,1665
22.0,5,8,8,1670
22.0,5,8,9,1675
22.0,5,8,10,1680
22.0,5,8,11,1685
22.0,5,8,12,1690
22.0,5,8,13,1695
22.0,5,8,14,1701
22.0,5,8,15,1706
22.0,5,9,0,1634
22.0,5,9,1,1639
22.0,5,9,2,1644
22.0,5,9,3,1649
22.0,5,9,4,1655
22.0,5,9,5,1660
22.0,5,9,6,1665
22.0,5,9,7,1670
22.0,5,9,8,1675
22.0,5,9,9,1680
22.0,5,9,10,1686
22.0,5,9,11,1691
22.0,5,9,12,1696
22.0,5,9,13,1701
22.0,5,9,14,1706
22.0,5,9,15,1711
22.0,5,10,0,1639
22.0,5,10,1,1644
22.0,5,10,2,1649
22.0,5,10,3,1655
22.0,5,10,4,1660
22.0,5,10,5,1665
22.0,5,10,6,1670
22.0,5,10,7,1675
22.0,5,10,8,1681
22.0,5,10,9,1686
22.0,5,10,10,1691
22.0,5,10,11,1696
22.0,5,10,12,1701
22.0,5,10,13,1706
22.0,5,10,14,1711
22.0,5,10,15,1716
22.0,5,11,0,1644
22.0,5,11,1,1649
22.0,5,11,2,1655
22.0,5,11,3,1660
22.0,5,11,4,1665
22.0,5,11,5,1670
22.0,5,11,6,1676
22.0,5,11,7,1681
22.0,5,11,8,1686
22.0,5,11,9,1691
22.0,5,11,10,1696
22.0,5,11,11,1701
22.0,5,11,12,1707
22.0,5,11,13,1712
22.0,5,11,14,1717
22.0,5,11,15,1722
22.0,5,12,0,1649
22.0,5,12,1,1654
22.0,5,12,2,1660
22.0,5,12,3,1665
22.0,5,12,4,1670
22.0,5,12,5,1676
22.0,5,12,6,1681
22.0,5,12,7,1686
22.0,5,12,8,1691
22.0,5,12,9,1696
22.0,5,12,10,1702
22.0,5,12,11,1707
22.0,5,12,12,1712
22.0,5,12,13,1717
22.0,5,12,14,1722
22.0,5,12,15,1727
22.0,5,13,0,1654
22.0,5,13,1,1660
22.0,5,13,2,1665
22.0,5,13,3,1670
22.0,5,13,4,1675
22.0,5,13,5,1681
22.0,5,13,6,1686
22.0,5,13,7,1691
22.0,5,13,8,1696
22.0,5,13,9,1702
22.0,5,13,10,1707
22.0,5,13,11,1712
22.0,5,13,12,1717
22.0,5,13,13,1722
22.0,5,13,14,1727
22.0,5,13,15,1733
22.0,5,14,0,1659
22.0,5,14,1,1665
22.0,5,14,2,1670
22.0,5,14,3,1675
22.0,5,14,4,1681
22.0,5,14,5,1686
22.0,5,14,6,1691
22.0,5,14,7,1696
22.0,5,14,8,1702
22.0,5,14,9,1707
22.0,5,14,10,1712
22.0,5,14,11,1717
22.0,5,14,12,1722
22.0,5,14,13,1728
22.0,5,14,14,1733
22.0,5,14,15,1738
22.0,5,15,0,1664
22.0,5,15,1,1670
22.0,5,15,2,1675
22.0,5,15,3,1680
22.0,5,15,4,1686
22.0,5,15,5,1691
22.0,5,15,6,1696
22.0,5,15,7,1702
22.0,5,15,8,1707
22.0,5,15,9,1712
22.0,5,15,10,1717
22.0,5,15,11,1723
22.0,5,15,12,1728
22.0,5,15,13,1733
22.0,5,15,14,1738
22.0,5,15,15,1743
22.0,6,0,0,1592
22.0,6,0,1,1598
22.0,6,0,2,1603
22.0,6,0,3,1608
22.0,6,0,4,1613
22.0,6,0,5,1618
22.0,6,0,6,1623
22.0,6,0,7,1628
22.0,6,0,8,1633
22.0,6,0,9,1638
22.0,6,0,10,1643
22.0,6,0,11,1648
22.0,6,0,12,1653
22.0,6,0,13,1658
22.0,6,0,14,1663
22.0,6,0,15,1668
22.0,6,1,0,1598
22.0,6,1,1,1603
22.0,6,1,2,1608
22.0,6,1,3,1613
22.0,6,1,4,1618
22.0,6,1,5,1623
22.0,6,1,6,1628
22.0,6,1,7,1633
22.0,6,1,8,1639
22.0,6,1,9,1644
22.0,6,1,10,1649
22.0,6,1,11,1654
22.0,6,1,12,1659
22.0,6,1,13,1663
22.0,6,1,14,1668
22.0,6,1,15,1673
22.0,6,2,0,1603
22.0,6,2,1,1608
22.0,6,2,2,1613
22.0,6,2,3,1619
22.0,6,2,4,1624
22.0,6,2,5,1629
22.0,6,2,6,1634
22.0,6,2,7,1639
22.0,6,2,8,1644
22.0,6,2,9,1649
22.0,6,2,10,1654
22.0,6,2,11,1659
22.0,6,2,12,1664
22.0,6,2,13,1669
22.0,6,2,14,1674
22.0,6,2,15,1679
22.0,6,3,0,1608
22.0,6,3,1,1614
22.0,6,3,2,1619
22.0,6,3,3,1624
22.0,6,3,4,1629
22.0,6,3,5,1634
22.0,6,3,6,1639
22.0,6,3,7,1644
22.0,6,3,8,1649
22.0,6,3,9,1654
22.0,6,3,10,1660
22.0,6,3,11,1665
22.0,6,3,12,1670
22.0,6,3,13,1675
22.0,6,3,14,1680
22.0,6,3,15,1684
22.0,6,4,0,1614
22.0,6,4,1,1619
22.0,6,4,2,1624
22.0,6,4,3,1629
22.0,6,4,4,1634
22.0,6,4,5,1640
22.0,6,4,6,1645
22.0,6,4,7,1650
22.0,6,4,8,1655
22.0,6,4,9,1660
22.0,6,4,10,1665
22.0,6,4,11,1670
22.0,6,4,12,1675
22.0,6,4,13,1680
22.0,6,4,14,1685
22.0,6,4,15,1690
22.0,6,5,0,1619
22.0,6,5,1,1624
22.0,6,5,2,1629
22.0,6,5,3,1635
22.0,6,5,4,1640
22.0,6,5,5,1645
22.0,6,5,6,1650
22.0,6,5,7,1655
22.0,6,5,8,1660
22.0,6,5,9,1665
22.0,6,5,10,1670
22.0,6,5,11,1675
22.0,6,5,12,1680
22.0,6,5,13,1686
22.0,6,5,14,1691
22.0,6,5,15,1696
22.0,6,6,0,1624
22.0,6,6,1,1629
22.0,6,6,2,1635
22.0,6,6,3,1640
22.0,6,6,4,1645
22.0,6,6,5,1650
22.0,6,6,6,1655
22.0,6,6,7,1661
22.0,6,6,8,1666
22.0,6,6,9,1671
22.0,6,6,10,1676
22.0,6,6,11,1681
22.0,6,6,12,1686
22.0,6,6,13,1691
22.0,6,6,14,1696
22.0,6,6,15,1701
22.0,6,7,0,1629
22.0,6,7,1,1635
22.0,6,7,2,1640
22.0,6,7,3,1645
22.0,6,7,4,1650
22.0,6,7,5,1656
22.0,6,7,6,1661
22.0,6,7,7,1666
22.0,6,7,8,1671
22.0,6,7,9,1676
22.0,6,7,10,1681
22.0,6,7,11,1686
22.0,6,7,12,1691
22.0,6,7,13,1696
22.0,6,7,14,1701
22.0,6,7,15,1706
22.0,6,8,0,1635
22.0,6,8,1,1640
22.0,6,8,2,1645
22.0,6,8,3,1650
22.0,6,8,4,1656
22.0,6,8,5,1661
22.0,6,8,6,1666
22.0,6,8,7,1671
22.0,6,8,8,1676
22.0,6,8,9,1681
22.0,6,8,10,1687
22.0,6,8,11,1692
22.0,6,8,12,1697
22.0,6,8,13,1702
22.0,6,8,14,1707
22.0,6,8,15,1712
22.0,6,9,0,1640
22.0,6,9,1,1645
22.0,6,9,2,1650
22.0,6,9,3,1656
22.0,6,9,4,1661
22.0,6,9,5,1666
22.0,6,9,6,1671
22.0,6,9,7,1676
22.0,6,9,8,1682
22.0,6,9,9,1687
22.0,6,9,10,1692
22.0,6,9,11,1697
22.0,6,9,12,1702
22.0,6,9,13,1707
22.0,6,9,14,1712
22.0,6,9,15,1717
22.0,6,10,0,1645
22.0,6,10,1,1650
22.0,6,10,2,1656
22.0,6,10,3,1661
22.0,6,10,4,1666
22.0,6,10,5,1671
22.0,6,10,6,1677
22.0,6,10,7,1682
22.0,6,10,8,1687
22.0,6,10,9,1692
22.0,6,10,10,1697
22.0,6,10,11,1702
22.0,6,10,12,1708
22.0,6,10,13,1713
22.0,6,10,14,1718
22.0,6,10,15,1723
22.0,6,11,0,1650
22.0,6,11,1,1656
22.0,6,11,2,1661
22.0,6,11,3,1666
22.0,6,11,4,1671
22.0,6,11,5,1677
22.0,6,11,6,1682
22.0,6,11,7,1687
22.0,6,11,8,1692
22.0,6,11,9,1697
22.0,6,11,10,1703
22.0,6,11,11,1708
22.0,6,11,12,1713
22.0,6,11,13,1718
22.0,6,11,14,1723
22.0,6,11,15,1728
22.0,6,12,0,1655
22.0,6,12,1,1661
22.0,6,12,2,1666
22.0,6,12,3,1671
22.0,6,12,4,1677
22.0,6,12,5,1682
22.0,6,12,6,1687
22.0,6,12,7,1692
22.0,6,12,8,1698
22.0,6,12,9,1703
22.0,6,12,10,1708
22.0,6,12,11,1713
22.0,6,12,12,1718
22.0,6,12,13,1723
22.0,6,12,14,1729
22.0,6,12,15,1734
22.0,6,13,0,1661
22.0,6,13,1,1666
22.0,6,13,2,1671
22.0,6,13,3,1676
22.0,6,13,4,1682
22.0,6,13,5,1687
22.0,6,13,6,1692
22.0,6,13,7,1698
22.0,6,13,8,1703
22.0,6,13,9,1708
22.0,6,13,10,1713
22.0,6,13,11,1718
22.0,6,13,12,1724
22.0,6,13,13,1729
22.0,6,13,14,1734
22.0,6,13,15,1739
22.0,6,14,0,1666
22.0,6,14,1,1671
22.0,6,14,2,1676
22.0,6,14,3,1682
22.0,6,14,4,1687
22.0,6,14,5,1692
22.0,6,14,6,1698
22.0,6,14,7,1703
22.0,6,14,8,1708
22.0,6,14,9,1713
22.0,6,14,10,1719
22.0,6,14,11,1724
22.0,6,14,12,1729
22.0,6,14,13,1734
22.0,6,14,14,1739
22.0,6,14,15,1744
22.0,6,15,0,1671
22.0,6,15,1,1676
22.0,6,15,2,1681
22.0,6,15,3,1687
22.0,6,15,4,1692
22.0,6,15,5,1697
22.0,6,15,6,1703
22.0,6,15,7,1708
22.0,6,15,8,1713
22.0,6,15,9,1719
22.0,6,15,10,1724
22.0,6,15,11,1729
22.0,6,15,12,1734
22.0,6,15,13,1739
22.0,6,15,14,1745
22.0,6,15,15,1750
22.0,7,0,0,1598
22.0,7,0,1,1604
22.0,7,0,2,1609
22.0,7,0,3,1614
22.0,7,0,4,1619
22.0,7,0,5,1624
22.0,7,0,6,1629
22.0,7,0,7,1634
22.0,7,0,8,1639
22.0,7,0,9,1644
22.0,7,0,10,1649
22.0,7,0,11,1654
22.0,7,0,12,1659
22.0,7,0,13,1664
22.0,7,0,14,1669
22.0,7,0,15,1674
22.0,7,1,0,1604
22.0,7,1,1,1609
22.0,7,1,2,1614
22.0,7,1,3,1619
22.0,7,1,4,1624
22.0,7,1,5,1629
22.0,7,1,6,1635
22.0,7,1,7,1640
22.0,7,1,8,1645
22.0,7,1,9,1650
22.0,7,1,10,1655
22.0,7,1,11,1660
22.0,7,1,12,1665
22.0,7,1,13,1670
22.0,7,1,14,1675
22.0,7,1,15,1680
22.0,7,2,0,1609
22.0,7,2,1,1614
22.0,7,2,2,1619
22.0,7,2,3,1625
22.0,7,2,4,1630
22.0,7,2,5,1635
22.0,7,2,6,1640
22.0,7,2,7,1645
22.0,7,2,8,1650
22.0,7,2,9,1655
22.0,7,2,10,1660
22.0,7,2,11,1665
22.0,7,2,12,1670
22.0,7,2,13,1675
22.0,7,2,14,1680
22.0,7,2,15,1685
22.0,7,3,0,1614
22.0,7,3,1,1620
22.0,7,3,2,1625
22.0,7,3,3,1630
22.0,7,3,4,1635
22.0,7,3,5,1640
22.0,7,3,6,1645
22.0,7,3,7,1651
22.0,7,3,8,1656
22.0,7,3,9,1661
22.0,7,3,10,1666
22.0,7,3,11,1671
22.0,7,3,12,1676
22.0,7,3,13,1681
22.0,7,3,14,1686
22.0,7,3,15,1691
22.0,7,4,0,1620
22.0,7,4,1,1625
22.0,7,4,2,1630
22.0,7,4,3,1635
22.0,7,4,4,1641
22.0,7,4,5,1646
22.0,7,4,6,1651
22.0,7,4,7,1656
22.0,7,4,8,1661
22.0,7,4,9,1666
22.0,7,4,10,1671
22.0,7,4,11,1676
22.0,7,4,12,1681
22.0,7,4,13,1686
22.0,7,4,14,1691
22.0,7,4,15,1696
22.0,7,5,0,1625
22.0,7,5,1,1630
22.0,7,5,2,1635
22.0,7,5,3,1641
22.0,7,5,4,1646
22.0,7,5,5,1651
22.0,7,5,6,1656
22.0,7,5,7,1661
22.0,7,5,8,1666
22.0,7,5,9,1672
22.0,7,5,10,1677
22.0,7,5,11,1682
22.0,7,5,12,1687
22.0,7,5,13,1692
22.0,7,5,14,1697
22.0,7,5,15,1702
22.0,7,6,0,1630
22.0,7,6,1,1636
22.0,7,6,2,1641
22.0,7,6,3,1646
22.0,7,6,4,1651
22.0,7,6,5,1656
22.0,7,6,6,1662
22.0,7,6,7,1667
22.0,7,6,8,1672
22.0,7,6,9,1677
22.0,7,6,10,1682
22.0,7,6,11,1687
22.0,7,6,12,1692
22.0,7,6,13,1697
22.0,7,6,14,1702
22.0,7,6,15,1707
22.0,7,7,0,1636
22.0,7,7,1,1641
22.0,7,7,2,1646
22.0,7,7,3,1651
22.0,7,7,4,1657
22.0,7,7,5,1662
22.0,7,7,6,1667
22.0,7,7,7,1672
22.0,7,7,8,1677
22.0,7,7,9,1682
22.0,7,7,10,1688
22.0,7,7,11,1693
22.0,7,7,12,1698
22.0,7,7,13,1703
22.0,7,7,14,1708
22.0,7,7,15,1713
22.0,7,8,0,1641
22.0,7,8,1,1646
22.0,7,8,2,1651
22.0,7,8,3,1657
22.0,7,8,4,1662
22.0,7,8,5,1667
22.0,7,8,6,1672
22.0,7,8,7,1677
22.0,7,8,8,1683
22.0,7,8,9,1688
22.0,7,8,10,1693
22.0,7,8,11,1698
22.0,7,8,12,1703
22.0,7,8,13,1708
22.0,7,8,14,1713
22.0,7,8,15,1718
22.0,7,9,0,1646
22.0,7,9,1,1651
22.0,7,9,2,1657
22.0,7,9,3,1662
22.0,7,9,4,1667
22.0,7,9,5,1672
22.0,7,9,6,1678
22.0,7,9,7,1683
22.0,7,9,8,1688
22.0,7,9,9,1693
22.0,7,9,10,1698
22.0,7,9,11,1703
22.0,7,9,12,1709
22.0,7,9,13,1714
22.0,7,9,14,1719
22.0,7,9,15,1724
22.0,7,10,0,1651
22.0,7,10,1,1657
22.0,7,10,2,1662
22.0,7,10,3,1667
22.0,7,10,4,1672
22.0,7,10,5,1678
22.0,7,10,6,1683
22.0,7,10,7,1688
22.0,7,10,8,1693
22.0,7,10,9,1698
22.0,7,10,10,1704
22.0,7,10,11,1709
22.0,7,10,12,1714
22.0,7,10,13,1719
22.0,7,10,14,1724
22.0,7,10,15,1729
22.0,7,11,0,1656
22.0,7,11,1,1662
22.0,7,11,2,1667
22.0,7,11,3,1672
22.0,7,11,4,1678
22.0,7,11,5,1683
22.0,7,11,6,1688
22.0,7,11,7,1693
22.0,7,11,8,1699
22.0,7,11,9,1704
22.0,7,11,10,1709
22.0,7,11,11,1714
22.0,7,11,12,1719
22.0,7,11,13,1724
22.0,7,11,14,1730
22.0,7,11,15,1735
22.0,7,12,0,1662
22.0,7,12,1,1667
22.0,7,12,2,1672
22.0,7,12,3,1678
22.0,7,12,4,1683
22.0,7,12,5,1688
22.0,7,12,6,1693
22.0,7,12,7,1699
22.0,7,12,8,1704
22.0,7,12,9,1709
22.0,7,12,10,1714
22.0,7,12,11,1720
22.0,7,12,12,1725
22.0,7,12,13,1730
22.0,7,12,14,1735
22.0,7,12,15,1740
22.0,7,13,0,1667
22.0,7,13,1,1672
22.0,7,13,2,1677
22.0,7,13,3,1683
22.0,7,13,4,1688
22.0,7,13,5,1693
22.0,7,13,6,1699
22.0,7,13,7,1704
22.0,7,13,8,1709
22.0,7,13,9,1714
22.0,7,13,10,1720
22.0,7,13,11,1725
22.0,7,13,12,1730
22.0,7,13,13,1735
22.0,7,13,14,1740
22.0,7,13,15,1746
22.0,7,14,0,1672
22.0,7,14,1,1677
22.0,7,14,2,1683
22.0,7,14,3,1688
22.0,7,14,4,1693
22.0,7,14,5,1699
22.0,7,14,6,1704
22.0,7,14,7,1709
22.0,7,14,8,1714
22.0,7,14,9,1720
22.0,7,14,10,1725
22.0,7,14,11,1730
22.0,7,14,12,1735
22.0,7,14,13,1741
22.0,7,14,14,1746
22.0,7,14,15,1751
22.0,7,15,0,1677
22.0,7,15,1,1682
22.0,7,15,2,1688
22.0,7,15,3,1693
22.0,7,15,4,1698
22.0,7,15,5,1704
22.0,7,15,6,1709
22.0,7,15,7,1714
22.0,7,15,8,1720
22.0,7,15,9,1725
22.0,7,15,10,1730
22.0,7,15,11,1735
22.0,7,15,12,1741
22.0,7,15,13,1746
22.0,7,15,14,1751
22.0,7,15,15,1756
22.0,8,0,0,1604
22.0,8,0,1,1610
22.0,8,0,2,1615
22.0,8,0,3,1620
22.0,8,0,4,1625
22.0,8,0,5,1630
22.0,8,0,6,1635
22.0,8,0,7,1640
22.0,8,0,8,1645
22.0,8,0,9,1650
22.0,8,0,10,1655
22.0,8,0,11,1660
22.0,8,0,12,1665
22.0,8,0,13,1670
22.0,8,0,14,1675
22.0,8,0,15,1680
22.0,8,1,0,1610
22.0,8,1,1,1615
22.0,8,1,2,1620
22.0,8,1,3,1625
22.0,8,1,4,1630
22.0,8,1,5,1636
22.0,8,1,6,1641
22.0,8,1,7,1646
22.0,8,1,8,1651
22.0,8,1,9,1656
22.0,8,1,10,1661
22.0,8,1,11,1666
22.0,8,1,12,1671
22.0,8,1,13,1676
22.0,8,1,14,1681
22.0,8,1,15,1686
22.0,8,2,0,1615
22.0,8,2,1,1620
22.0,8,2,2,1626
22.0,8,2,3,1631
22.0,8,2,4,1636
22.0,8,2,5,1641
22.0,8,2,6,1646
22.0,8,2,7,1651
22.0,8,2,8,1656
22.0,8,2,9,1661
22.0,8,2,10,1666
22.0,8,2,11,1671
22.0,8,2,12,1677
22.0,8,2,13,1682
22.0,8,2,14,1687
22.0,8,2,15,1692
22.0,8,3,0,1620
22.0,8,3,1,1626
22.0,8,3,2,1631
22.0,8,3,3,1636
22.0,8,3,4,1641
22.0,8,3,5,1646
22.0,8,3,6,1652
22.0,8,3,7,1657
22.0,8,3,8,1662
22.0,8,3,9,1667
22.0,8,3,10,1672
22.0,8,3,11,1677
22.0,8,3,12,1682
22.0,8,3,13,1687
22.0,8,3,14,1692
22.0,8,3,15,1697
22.0,8,4,0,1626
22.0,8,4,1,1631
22.0,8,4,2,1636
22.0,8,4,3,1641
22.0,8,4,4,1647
22.0,8,4,5,1652
22.0,8,4,6,1657
22.0,8,4,7,1662
22.0,8,4,8,1667
22.0,8,4,9,1672
22.0,8,4,10,1677
22.0,8,4,11,1683
22.0,8,4,12,1688
22.0,8,4,13,1693
22.0,8,4,14,1698
22.0,8,4,15,1703
22.0,8,5,0,1631
22.0,8,5,1,1636
22.0,8,5,2,1642
22.0,8,5,3,1647
22.0,8,5,4,1652
22.0,8,5,5,1657
22.0,8,5,6,1662
22.0,8,5,7,1668
22.0,8,5,8,1673
22.0,8,5,9,1678
22.0,8,5,10,1683
22.0,8,5,11,1688
22.0,8,5,12,1693
22.0,8,5,13,1698
22.0,8,5,14,1703
22.0,8,5,15,1708
22.0,8,6,0,1636
22.0,8,6,1,1642
22.0,8,6,2,1647
22.0,8,6,3,1652
22.0,8,6,4,1657
22.0,8,6,5,1663
22.0,8,6,6,1668
22.0,8,6,7,1673
22.0,8,6,8,1678
22.0,8,6,9,1683
22.0,8,6,10,1688
22.0,8,6,11,1693
22.0,8,6,12,1699
22.0,8,6,13,1704
22.0,8,6,14,1709
22.0,8,6,15,1714
22.0,8,7,0,1642
22.0,8,7,1,1647
22.0,8,7,2,1652
22.0,8,7,3,1657
22.0,8,7,4,1663
22.0,8,7,5,1668
22.0,8,7,6,1673
22.0,8,7,7,1678
22.0,8,7,8,1684
22.0,8,7,9,1689
22.0,8,7,10,1694
22.0,8,7,11,1699
22.0,8,7,12,1704
22.0,8,7,13,1709
22.0,8,7,14,1714
22.0,8,7,15,1719
22.0,8,8,0,1647
22.0,8,8,1,1652
22.0,8,8,2,1658
22.0,8,8,3,1663
22.0,8,8,4,1668
22.0,8,8,5,1673
22.0,8,8,6,1678
22.0,8,8,7,1684
22.0,8,8,8,1689
22.0,8,8,9,1694
22.0,8,8,10,1699
22.0,8,8,11,1704
22.0,8,8,12,1709
22.0,8,8,13,1715
22.0,8,8,14,1720
22.0,8,8,15,1725
22.0,8,9,0,1652
22.0,8,9,1,1657
22.0,8,9,2,1663
22.0,8,9,3,1668
22.0,8,9,4,1673
22.0,8,9,5,1679
22.0,8,9,6,1684
22.0,8,9,7,1689
22.0,8,9,8,1694
22.0,8,9,9,1699
22.0,8,9,10,1705
22.0,8,9,11,1710
22.0,8,9,12,1715
22.0,8,9,13,1720
22.0,8,9,14,1725
22.0,8,9,15,1730
22.0,8,10,0,1657
22.0,8,10,1,1663
22.0,8,10,2,1668
22.0,8,10,3,1673
22.0,8,10,4,1679
22.0,8,10,5,1684
22.0,8,10,6,1689
22.0,8,10,7,1694
22.0,8,10,8,1700
22.0,8,10,9,1705
22.0,8,10,10,1710
22.0,8,10,11,1715
22.0,8,10,12,1720
22.0,8,10,13,1725
22.0,8,10,14,1731
22.0,8,10,15,1736
22.0,8,11,0,1663
22.0,8,11,1,1668
22.0,8,11,2,1673
22.0,8,11,3,1679
22.0,8,11,4,1684
22.0,8,11,5,1689
22.0,8,11,6,1694
22.0,8,11,7,1700
22.0,8,11,8,1705
22.0,8,11,9,1710
22.0,8,11,10,1715
22.0,8,11,11,1721
22.0,8,11,12,1726
22.0,8,11,13,1731
22.0,8,11,14,1736
22.0,8,11,15,1741
22.0,8,12,0,1668
22.0,8,12,1,1673
22.0,8,12,2,1678
22.0,8,12,3,1684
22.0,8,12,4,1689
22.0,8,12,5,1694
22.0,8,12,6,1700
22.0,8,12,7,1705
22.0,8,12,8,1710
22.0,8,12,9,1716
22.0,8,12,10,1721
22.0,8,12,11,1726
22.0,8,12,12,1731
22.0,8,12,13,1736
22.0,8,12,14,1741
22.0,8,12,15,1747
22.0,8,13,0,1673
22.0,8,13,1,1678
22.0,8,13,2,1684
22.0,8,13,3,1689
22.0,8,13,4,1694
22.0,8,13,5,1700
22.0,8,13,6,1705
22.0,8,13,7,1710
22.0,8,13,8,1716
22.0,8,13,9,1721
22.0,8,13,10,1726
22.0,8,13,11,1731
22.0,8,13,12,1737
22.0,8,13,13,1742
22.0,8,13,14,1747
22.0,8,13,15,1752
22.0,8,14,0,1678
22.0,8,14,1,1684
22.0,8,14,2,1689
22.0,8,14,3,1694
22.0,8,14,4,1700
22.0,8,14,5,1705
22.0,8,14,6,1710
22.0,8,14,7,1716
22.0,8,14,8,1721
22.0,8,14,9,1726
22.0,8,14,10,1731
22.0,8,14,11,1737
22.0,8,14,12,1742
22.0,8,14,13,1747
22.0,8,14,14,1752
22.0,8,14,15,1757
22.0,8,15,0,1683
22.0,8,15,1,1689
22.0,8,15,2,1694
22.0,8,15,3,1699
22.0,8,15,4,1705
22.0,8,15,5,1710
22.0,8,15,6,1716
22.0,8,15,7,1721
22.0,8,15,8,1726
22.0,8,15,9,1731
22.0,8,15,10,1737
22.0,8,15,11,1742
22.0,8,15,12,1747
22.0,8,15,13,1752
22.0,8,15,14,1758
22.0,8,15,15,1763
22.0,9,0,0,1610
22.0,9,0,1,1616
22.0,9,0,2,1621
22.0,9,0,3,1626
22.0,9,0,4,1631
22.0,9,0,5,1636
22.0,9,0,6,1641
22.0,9,0,7,1646
22.0,9,0,8,1651
22.0,9,0,9,1656
22.0,9,0,10,1662
22.0,9,0,11,1667
22.0,9,0,12,1672
22.0,9,0,13,1677
22.0,9,0,14,1682
22.0,9,0,15,1687
22.0,9,1,0,1616
22.0,9,1,1,1621
22.0,9,1,2,1626
22.0,9,1,3,1631
22.0,9,1,4,1636
22.0,9,1,5,1642
22.0,9,1,6,1647
22.0,9,1,7,1652
22.0,9,1,8,1657
22.0,9,1,9,1662
22.0,9,1,10,1667
22.0,9,1,11,1672
22.0,9,1,12,1677
22.0,9,1,13,1682
22.0,9,1,14,1687
22.0,9,1,15,1692
22.0,9,2,0,1621
22.0,9,2,1,1626
22.0,9,2,2,1632
22.0,9,2,3,1637
22.0,9,2,4,1642
22.0,9,2,5,1647
22.0,9,2,6,1652
22.0,9,2,7,1657
22.0,9,2,8,1662
22.0,9,2,9,1668
22.0,9,2,10,1673
22.0,9,2,11,1678
22.0,9,2,12,1683
22.0,9,2,13,1688
22.0,9,2,14,1693
22.0,9,2,15,1698
22.0,9,3,0,1626
22.0,9,3,1,1632
22.0,9,3,2,1637
22.0,9,3,3,1642
22.0,9,3,4,1647
22.0,9,3,5,1653
22.0,9,3,6,1658
22.0,9,3,7,1663
22.0,9,3,8,1668
22.0,9,3,9,1673
22.0,9,3,10,1678
22.0,9,3,11,1683
22.0,9,3,12,1688
22.0,9,3,13,1693
22.0,9,3,14,1698
22.0,9,3,15,1703
22.0,9,4,0,1632
22.0,9,4,1,1637
22.0,9,4,2,1642
22.0,9,4,3,1648
22.0,9,4,4,1653
22.0,9,4,5,1658
22.0,9,4,6,1663
22.0,9,4,7,1668
22.0,9,4,8,1673
22.0,9,4,9,1679
22.0,9,4,10,1684
22.0,9,4,11,1689
22.0,9,4,12,1694
22.0,9,4,13,1699
22.0,9,4,14,1704
22.0,9,4,15,1709
22.0,9,5,0,1637
22.0,9,5,1,1642
22.0,9,5,2,1648
22.0,9,5,3,1653
22.0,9,5,4,1658
22.0,9,5,5,1663
22.0,9,5,6,1669
22.0,9,5,7,1674
22.0,9,5,8,1679
22.0,9,5,9,1684
22.0,9,5,10,1689
22.0,9,5,11,1694
22.0,9,5,12,1699
22.0,9,5,13,1704
22.0,9,5,14,1710
22.0,9,5,15,1715
22.0,9,6,0,1642
22.0,9,6,1,1648
22.0,9,6,2,1653
22.0,9,6,3,1658
22.0,9,6,4,1664
22.0,9,6,5,1669
22.0,9,6,6,1674
22.0,9,6,7,1679
22.0,9,6,8,1684
22.0,9,6,9,1690
22.0,9,6,10,1695
22.0,9,6,11,1700
22.0,9,6,12,1705
22.0,9,6,13,1710
22.0,9,6,14,1715
22.0,9,6,15,1720
22.0,9,7,0,1648
22.0,9,7,1,1653
22.0,9,7,2,1658
22.0,9,7,3,1664
22.0,9,7,4,1669
22.0,9,7,5,1674
22.0,9,7,6,1679
22.0,9,7,7,1685
22.0,9,7,8,1690
22.0,9,7,9,1695
22.0,9,7,10,1700
22.0,9,7,11,1705
22.0,9,7,12,1710
22.0,9,7,13,1715
22.0,9,7,14,1721
22.0,9,7,15,1726
22.0,9,8,0,1653
22.0,9,8,1,1658
22.0,9,8,2,1664
22.0,9,8,3,1669
22.0,9,8,4,1674
22.0,9,8,5,1679
22.0,9,8,6,1685
22.0,9,8,7,1690
22.0,9,8,8,1695
22.0,9,8,9,1700
22.0,9,8,10,1706
22.0,9,8,11,1711
22.0,9,8,12,1716
22.0,9,8,13,1721
22.0,9,8,14,1726
22.0,9,8,15,1731
22.0,9,9,0,1658
22.0,9,9,1,1664
22.0,9,9,2,1669
22.0,9,9,3,1674
22.0,9,9,4,1680
22.0,9,9,5,1685
22.0,9,9,6,1690
22.0,9,9,7,1695
22.0,9,9,8,1701
22.0,9,9,9,1706
22.0,9,9,10,1711
22.0,9,9,11,1716
22.0,9,9,12,1721
22.0,9,9,13,1726
22.0,9,9,14,1732
22.0,9,9,15,1737
22.0,9,10,0,1664
22.0,9,10,1,1669
22.0,9,10,2,1674
22.0,9,10,3,1680
22.0,9,10,4,1685
22.0,9,10,5,1690
22.0,9,10,6,1695
22.0,9,10,7,1701
22.0,9,10,8,1706
22.0,9,10,9,1711
22.0,9,10,10,1716
22.0,9,10,11,1722
22.0,9,10,12,1727
22.0,9,10,13,1732
22.0,9,10,14,1737
22.0,9,10,15,1742
22.0,9,11,0,1669
22.0,9,11,1,1674
22.0,9,11,2,1679
22.0,9,11,3,1685
22.0,9,11,4,1690
22.0,9,11,5,1695
22.0,9,11,6,1701
22.0,9,11,7,1706
22.0,9,11,8,1711
22.0,9,11,9,1717
22.0,9,11,10,1722
22.0,9,11,11,1727
22.0,9,11,12,1732
22.0,9,11,13,1737
22.0,9,11,14,1743
22.0,9,11,15,1748
22.0,9,12,0,1674
22.0,9,12,1,1679
22.0,9,12,2,1685
22.0,9,12,3,1690
22.0,9,12,4,1695
22.0,9,12,5,1701
22.0,9,12,6,1706
22.0,9,12,7,1711
22.0,9,12,8,1717
22.0,9,12,9,1722
22.0,9,12,10,1727
22.0,9,12,11,1732
22.0,9,12,12,1738
22.0,9,12,13,1743
22.0,9,12,14,1748
22.0,9,12,15,1753
22.0,9,13,0,1679
22.0,9,13,1,1685
22.0,9,13,2,1690
22.0,9,13,3,1695
22.0,9,13,4,1701
22.0,9,13,5,1706
22.0,9,13,6,1711
22.0,9,13,7,1717
22.0,9,13,8,1722
22.0,9,13,9,1727
22.0,9,13,10,1732
22.0,9,13,11,1738
22.0,9,13,12,1743
22.0,9,13,13,1748
22.0,9,13,14,1753
22.0,9,13,15,1759
22.0,9,14,0,1684
22.0,9,14,1,1690
22.0,9,14,2,1695
22.0,9,14,3,1701
22.0,9,14,4,1706
22.0,9,14,5,1711
22.0,9,14,6,1717
22.0,9,14,7,1722
22.0,9,14,8,1727
22.0,9,14,9,1733
22.0,9,14,10,1738
22.0,9,14,11,1743
22.0,9,14,12,1748
22.0,9,14,13,1754
22.0,9,14,14,1759
22.0,9,14,15,1764
22.0,9,15,0,1690
22.0,9,15,1,1695
22.0,9,15,2,1700
22.0,9,15,3,1706
22.0,9,15,4,1711
22.0,9,15,5,1717
22.0,9,15,6,1722
22.0,9,15,7,1727
22.0,9,15,8,1733
22.0,9,15,9,1738
22.0,9,15,10,1743
22.0,9,15,11,1748
22.0,9,15,12,1754
22.0,9,15,13,1759
22.0,9,15,14,1764
22.0,9,15,15,1769
22.0,10,0,0,1616
22.0,10,0,1,1622
22.0,10,0,2,1627
22.0,10,0,3,1632
22.0,10,0,4,1637
22.0,10,0,5,1642
22.0,10,0,6,1647
22.0,10,0,7,1652
22.0,10,0,8,1658
22.0,10,0,9,1663
22.0,10,0,10,1668
22.0,10,0,11,1673
22.0,10,0,12,1678
22.0,10,0,13,1683
22.0,10,0,14,1688
22.0,10,0,15,1693
22.0,10,1,0,1622
22.0,10,1,1,1627
22.0,10,1,2,1632
22.0,10,1,3,1637
22.0,10,1,4,1643
22.0,10,1,5,1648
22.0,10,1,6,1653
22.0,10,1,7,1658
22.0,10,1,8,1663
22.0,10,1,9,1668
22.0,10,1,10,1673
22.0,10,1,11,1678
22.0,10,1,12,1683
22.0,10,1,13,1688
22.0,10,1,14,1693
22.0,10,1,15,1698
22.0,10,2,0,1627
22.0,10,2,1,1632
22.0,10,2,2,1638
22.0,10,2,3,1643
22.0,10,2,4,1648
22.0,10,2,5,1653
22.0,10,2,6,1658
22.0,10,2,7,1663
22.0,10,2,8,1669
22.0,10,2,9,1674
22.0,10,2,10,1679
22.0,10,2,11,1684
22.0,10,2,12,1689
22.0,10,2,13,1694
22.0,10,2,14,1699
22.0,10,2,15,1704
22.0,10,3,0,1633
22.0,10,3,1,1638
22.0,10,3,2,1643
22.0,10,3,3,1648
22.0,10,3,4,1653
22.0,10,3,5,1659
22.0,10,3,6,1664
22.0,10,3,7,1669
22.0,10,3,8,1674
22.0,10,3,9,1679
22.0,10,3,10,1684
22.0,10,3,11,1689
22.0,10,3,12,1695
22.0,10,3,13,1700
22.0,10,3,14,1705
22.0,10,3,15,1710
22.0,10,4,0,1638
22.0,10,4,1,1643
22.0,10,4,2,1648
22.0,10,4,3,1654
22.0,10,4,4,1659
22.0,10,4,5,1664
22.0,10,4,6,1669
22.0,10,4,7,1674
22.0,10,4,8,1680
22.0,10,4,9,1685
22.0,10,4,10,1690
22.0,10,4,11,1695
22.0,10,4,12,1700
22.0,10,4,13,1705
22.0,10,4,14,1710
22.0,10,4,15,1715
22.0,10,5,0,1643
22.0,10,5,1,1649
22.0,10,5,2,1654
22.0,10,5,3,1659
22.0,10,5,4,1664
22.0,10,5,5,1670
22.0,10,5,6,1675
22.0,10,5,7,1680
22.0,10,5,8,1685
22.0,10,5,9,1690
22.0,10,5,10,1695
22.0,10,5,11,1701
22.0,10,5,12,1706
22.0,10,5,13,1711
22.0,10,5,14,1716
22.0,10,5,15,1721
22.0,10,6,0,1649
22.0,10,6,1,1654
22.0,10,6,2,1659
22.0,10,6,3,1664
22.0,10,6,4,1670
22.0,10,6,5,1675
22.0,10,6,6,1680
22.0,10,6,7,1685
22.0,10,6,8,1691
22.0,10,6,9,1696
22.0,10,6,10,1701
22.0,10,6,11,1706
22.0,10,6,12,1711
22.0,10,6,13,1716
22.0,10,6,14,1721
22.0,10,6,15,1727
22.0,10,7,0,1654
22.0,10,7,1,1659
22.0,10,7,2,1665
22.0,10,7,3,1670
22.0,10,7,4,1675
22.0,10,7,5,1680
22.0,10,7,6,1686
22.0,10,7,7,1691
22.0,10,7,8,1696
22.0,10,7,9,1701
22.0,10,7,10,1706
22.0,10,7,11,1712
22.0,10,7,12,1717
22.0,10,7,13,1722
22.0,10,7,14,1727
22.0,10,7,15,1732
22.0,10,8,0,1659
22.0,10,8,1,1665
22.0,10,8,2,1670
22.0,10,8,3,1675
22.0,10,8,4,1680
22.0,10,8,5,1686
22.0,10,8,6,1691
22.0,10,8,7,1696
22.0,10,8,8,1701
22.0,10,8,9,1707
22.0,10,8,10,1712
22.0,10,8,11,1717
22.0,10,8,12,1722
22.0,10,8,13,1727
22.0,10,8,14,1732
22.0,10,8,15,1738
22.0,10,9,0,1664
22.0,10,9,1,1670
22.0,10,9,2,1675
22.0,10,9,3,1680
22.0,10,9,4,1686
22.0,10,9,5,1691
22.0,10,9,6,1696
22.0,10,9,7,1702
22.0,10,9,8,1707
22.0,10,9,9,1712
22.0,10,9,10,1717
22.0,10,9,11,1723
22.0,10,9,12,1728
22.0,10,9,13,1733
22.0,10,9,14,1738
22.0,10,9,15,1743
22.0,10,10,0,1670
22.0,10,10,1,1675
22.0,10,10,2,1680
22.0,10,10,3,1686
22.0,10,10,4,1691
22.0,10,10,5,1696
22.0,10,10,6,1702
22.0,10,10,7,1707
22.0,10,10,8,1712
22.0,10,10,9,1718
22.0,10,10,10,1723
22.0,10,10,11,1728
22.0,10,10,12,1733
22.0,10,10,13,1738
22.0,10,10,14,1743
22.0,10,10,15,1749
22.0,10,11,0,1675
22.0,10,11,1,1680
22.0,10,11,2,1686
22.0,10,11,3,1691
22.0,10,11,4,1696
22.0,10,11,5,1702
22.0,10,11,6,1707
22.0,10,11,7,1712
22.0,10,11,8,1718
22.0,10,11,9,1723
22.0,10,11,10,1728
22.0,10,11,11,1733
22.0,10,11,12,1739
22.0,10,11,13,1744
22.0,10,11,14,1749
22.0,10,11,15,1754
22.0,10,12,0,1680
22.0,10,12,1,1686
22.0,10,12,2,1691
22.0,10,12,3,1696
22.0,10,12,4,1702
22.0,10,12,5,1707
22.0,10,12,6,1712
22.0,10,12,7,1718
22.0,10,12,8,1723
22.0,10,12,9,1728
22.0,10,12,10,1734
22.0,10,12,11,1739
22.0,10,12,12,1744
22.0,10,12,13,1749
22.0,10,12,14,1754
22.0,10,12,15,1760
22.0,10,13,0,1685
22.0,10,13,1,1691
22.0,10,13,2,1696
22.0,10,13,3,1702
22.0,10,13,4,1707
22.0,10,13,5,1712
22.0,10,13,6,1718
22.0,10,13,7,1723
22.0,10,13,8,1728
22.0,10,13,9,1734
22.0,10,13,10,1739
22.0,10,13,11,1744
22.0,10,13,12,1749
22.0,10,13,13,1755
22.0,10,13,14,1760
22.0,10,13,15,1765
22.0,10,14,0,1691
22.0,10,14,1,1696
22.0,10,14,2,1701
22.0,10,14,3,1707
22.0,10,14,4,1712
22.0,10,14,5,1718
22.0,10,14,6,1723
22.0,10,14,7,1728
22.0,10,14,8,1734
22.0,10,14,9,1739
22.0,10,14,10,1744
22.0,10,14,11,1750
22.0,10,14,12,1755
22.0,10,14,13,1760
22.0,10,14,14,1765
22.0,10,14,15,1771
22.0,10,15,0,1696
22.0,10,15,1,1701
22.0,10,15,2,1707
22.0,10,15,3,1712
22.0,10,15,4,1718
22.0,10,15,5,1723
22.0,10,15,6,1728
22.0,10,15,7,1734
22.0,10,15,8,1739
22.0,10,15,9,1744
22.0,10,15,10,1750
22.0,10,15,11,1755
22.0,10,15,12,1760
22.0,10,15,13,1765
22.0,10,15,14,1771
22.0,10,15,15,1776
22.0,11,0,0,1622
22.0,11,0,1,1628
22.0,11,0,2,1633
22.0,11,0,3,1638
22.0,11,0,4,1643
22.0,11,0,5,1648
22.0,11,0,6,1653
22.0,11,0,7,1659
22.0,11,0,8,1664
22.0,11,0,9,1669
22.0,11,0,10,1674
22.0,11,0,11,1679
22.0,11,0,12,1684
22.0,11,0,13,1689
22.0,11,0,14,1694
22.0,11,0,15,1699
22.0,11,1,0,1628
22.0,11,1,1,1633
22.0,11,1,2,1638
22.0,11,1,3,1643
22.0,11,1,4,1649
22.0,11,1,5,1654
22.0,11,1,6,1659
22.0,11,1,7,1664
22.0,11,1,8,1669
22.0,11,1,9,1674
22.0,11,1,10,1679
22.0,11,1,11,1685
22.0,11,1,12,1690
22.0,11,1,13,1695
22.0,11,1,14,1700
22.0,11,1,15,1705
22.0,11,2,0,1633
22.0,11,2,1,1638
22.0,11,2,2,1644
22.0,11,2,3,1649
22.0,11,2,4,1654
22.0,11,2,5,1659
22.0,11,2,6,1664
22.0,11,2,7,1670
22.0,11,2,8,1675
22.0,11,2,9,1680
22.0,11,2,10,1685
22.0,11,2,11,1690
22.0,11,2,12,1695
22.0,11,2,13,1700
22.0,11,2,14,1705
22.0,11,2,15,1710
22.0,11,3,0,1639
22.0,11,3,1,1644
22.0,11,3,2,1649
22.0,11,3,3,1654
22.0,11,3,4,1660
22.0,11,3,5,1665
22.0,11,3,6,1670
22.0,11,3,7,1675
22.0,11,3,8,1680
22.0,11,3,9,1685
22.0,11,3,10,1691
22.0,11,3,11,1696
22.0,11,3,12,1701
22.0,11,3,13,1706
22.0,11,3,14,1711
22.0,11,3,15,1716
22.0,11,4,0,1644
22.0,11,4,1,1649
22.0,11,4,2,1655
22.0,11,4,3,1660
22.0,11,4,4,1665
22.0,11,4,5,1670
22.0,11,4,6,1675
22.0,11,4,7,1681
22.0,11,4,8,1686
22.0,11,4,9,1691
22.0,11,4,10,1696
22.0,11,4,11,1701
22.0,11,4,12,1706
22.0,11,4,13,1712
22.0,11,4,14,1717
22.0,11,4,15,1722
22.0,11,5,0,1649
22.0,11,5,1,1655
22.0,11,5,2,1660
22.0,11,5,3,1665
22.0,11,5,4,1670
22.0,11,5,5,1676
22.0,11,5,6,1681
22.0,11,5,7,1686
22.0,11,5,8,1691
22.0,11,5,9,1697
22.0,11,5,10,1702
22.0,11,5,11,1707
22.0,11,5,12,1712
22.0,11,5,13,1717
22.0,11,5,14,1722
22.0,11,5,15,1727
22.0,11,6,0,1655
22.0,11,6,1,1660
22.0,11,6,2,1665
22.0,11,6,3,1671
22.0,11,6,4,1676
22.0,11,6,5,1681
22.0,11,6,6,1686
22.0,11,6,7,1692
22.0,11,6,8,1697
22.0,11,6,9,1702
22.0,11,6,10,1707
22.0,11,6,11,1712
22.0,11,6,12,1718
22.0,11,6,13,1723
22.0,11,6,14,1728
22.0,11,6,15,1733
22.0,11,7,0,1660
22.0,11,7,1,1665
22.0,11,7,2,1671
22.0,11,7,3,1676
22.0,11,7,4,1681
22.0,11,7,5,1687
22.0,11,7,6,1692
22.0,11,7,7,1697
22.0,11,7,8,1702
22.0,11,7,9,1708
22.0,11,7,10,1713
22.0,11,7,11,1718
22.0,11,7,12,1723
22.0,11,7,13,1728
22.0,11,7,14,1733
22.0,11,7,15,1738
22.0,11,8,0,1665
22.0,11,8,1,1671
22.0,11,8,2,1676
22.0,11,8,3,1681
22.0,11,8,4,1687
22.0,11,8,5,1692
22.0,11,8,6,1697
22.0,11,8,7,1702
22.0,11,8,8,1708
22.0,11,8,9,1713
22.0,11,8,10,1718
22.0,11,8,11,1723
22.0,11,8,12,1729
22.0,11,8,13,1734
22.0,11,8,14,1739
22.0,11,8,15,1744
22.0,11,9,0,1671
22.0,11,9,1,1676
22.0,11,9,2,1681
22.0,11,9,3,1687
22.0,11,9,4,1692
22.0,11,9,5,1697
22.0,11,9,6,1703
22.0,11,9,7,1708
22.0,11,9,8,1713
22.0,11,9,9,1718
22.0,11,9,10,1724
22.0,11,9,11,1729
22.0,11,9,12,1734
22.0,11,9,13,1739
22.0,11,9,14,1744
22.0,11,9,15,1750
22.0,11,10,0,1676
22.0,11,10,1,1681
22.0,11,10,2,1687
22.0,11,10,3,1692
22.0,11,10,4,1697
22.0,11,10,5,1703
22.0,11,10,6,1708
22.0,11,10,7,1713
22.0,11,10,8,1719
22.0,11,10,9,1724
22.0,11,10,10,1729
22.0,11,10,11,1734
22.0,11,10,12,1740
22.0,11,10,13,1745
22.0,11,10,14,1750
22.0,11,10,15,1755
22.0,11,11,0,1681
22.0,11,11,1,1687
22.0,11,11,2,1692
22.0,11,11,3,1697
22.0,11,11,4,1703
22.0,11,11,5,1708
22.0,11,11,6,1713
22.0,11,11,7,1719
22.0,11,11,8,1724
22.0,11,11,9,1729
22.0,11,11,10,1735
22.0,11,11,11,1740
22.0,11,11,12,1745
22.0,11,11,13,1750
22.0,11,11,14,1755
22.0,11,11,15,1761
22.0,11,12,0,1686
22.0,11,12,1,1692
22.0,11,12,2,1697
22.0,11,12,3,1703
22.0,11,12,4,1708
22.0,11,12,5,1713
22.0,11,12,6,1719
22.0,11,12,7,1724
22.0,11,12,8,1729
22.0,11,12,9,1735
22.0,11,12,10,1740
22.0,11,12,11,1745
22.0,11,12,12,1750
22.0,11,12,13,1756
22.0,11,12,14,1761
22.0,11,12,15,1766
22.0,11,13,0,1692
22.0,11,13,1,1697
22.0,11,13,2,1702
22.0,11,13,3,1708
22.0,11,13,4,1713
22.0,11,13,5,1719
22.0,11,13,6,1724
22.0,11,13,7,1729
22.0,11,13,8,1735
22.0,11,13,9,1740
22.0,11,13,10,1745
22.0,11,13,11,1751
22.0,11,13,12,1756
22.0,11,13,13,1761
22.0,11,13,14,1766
22.0,11,13,15,1772
22.0,11,14,0,1697
22.0,11,14,1,1702
22.0,11,14,2,1708
22.0,11,14,3,1713
22.0,11,14,4,1719
22.0,11,14,5,1724
22.0,11,14,6,1729
22.0,11,14,7,1735
22.0,11,14,8,1740
22.0,11,14,9,1745
22.0,11,14,10,1751
22.0,11,14,11,1756
22.0,11,14,12,1761
22.0,11,14,13,1767
22.0,11,14,14,1772
22.0,11,14,15,1777
22.0,11,15,0,1702
22.0,11,15,1,1708
22.0,11,15,2,1713
22.0,11,15,3,1718
22.0,11,15,4,1724
22.0,11,15,5,1729
22.0,11,15,6,1735
22.0,11,15,7,1740
22.0,11,15,8,1745
22.0,11,15,9,1751
22.0,11,15,10,1756
22.0,11,15,11,1761
22.0,11,15,12,1767
22.0,11,15,13,1772
22.0,11,15,14,1777
22.0,11,15,15,1782
22.0,12,0,0,1628
22.0,12,0,1,1634
22.0,12,0,2,1639
22.0,12,0,3,1644
22.0,12,0,4,1649
22.0,12,0,5,1654
22.0,12,0,6,1659
22.0,12,0,7,1665
22.0,12,0,8,1670
22.0,12,0,9,1675
22.0,12,0,10,1680
22.0,12,0,11,1685
22.0,12,0,12,1690
22.0,12,0,13,1695
22.0,12,0,14,1700
22.0,12,0,15,1705
22.0,12,1,0,1634
22.0,12,1,1,1639
22.0,12,1,2,1644
22.0,12,1,3,1649
22.0,12,1,4,1655
22.0,12,1,5,1660
22.0,12,1,6,1665
22.0,12,1,7,1670
22.0,12,1,8,1675
22.0,12,1,9,1680
22.0,12,1,10,1686
22.0,12,1,11,1691
22.0,12,1,12,1696
22.0,12,1,13,1701
22.0,12,1,14,1706
22.0,12,1,15,1711
22.0,12,2,0,1639
22.0,12,2,1,1644
22.0,12,2,2,1650
22.0,12,2,3,1655
22.0,12,2,4,1660
22.0,12,2,5,1665
22.0,12,2,6,1671
22.0,12,2,7,1676
22.0,12,2,8,1681
22.0,12,2,9,1686
22.0,12,2,10,1691
22.0,12,2,11,1696
22.0,12,2,12,1701
22.0,12,2,13,1707
22.0,12,2,14,1712
22.0,12,2,15,1717
22.0,12,3,0,1645
22.0,12,3,1,1650
22.0,12,3,2,1655
22.0,12,3,3,1660
22.0,12,3,4,1666
22.0,12,3,5,1671
22.0,12,3,6,1676
22.0,12,3,7,1681
22.0,12,3,8,1686
22.0,12,3,9,1692
22.0,12,3,10,1697
22.0,12,3,11,1702
22.0,12,3,12,1707
22.0,12,3,13,1712
22.0,12,3,14,1717
22.0,12,3,15,1722
22.0,12,4,0,1650
22.0,12,4,1,1655
22.0,12,4,2,1661
22.0,12,4,3,1666
22.0,12,4,4,1671
22.0,12,4,5,1676
22.0,12,4,6,1682
22.0,12,4,7,1687
22.0,12,4,8,1692
22.0,12,4,9,1697
22.0,12,4,10,1702
22.0,12,4,11,1708
22.0,12,4,12,1713
22.0,12,4,13,1718
22.0,12,4,14,1723
22.0,12,4,15,1728
22.0,12,5,0,1655
22.0,12,5,1,1661
22.0,12,5,2,1666
22.0,12,5,3,1671
22.0,12,5,4,1677
22.0,12,5,5,1682
22.0,12,5,6,1687
22.0,12,5,7,1692
22.0,12,5,8,1698
22.0,12,5,9,1703
22.0,12,5,10,1708
22.0,12,5,11,1713
22.0,12,5,12,1718
22.0,12,5,13,1723
22.0,12,5,14,1729
22.0,12,5,15,1734
22.0,12,6,0,1661
22.0,12,6,1,1666
22.0,12,6,2,1671
22.0,12,6,3,1677
22.0,12,6,4,1682
22.0,12,6,5,1687
22.0,12,6,6,1693
22.0,12,6,7,1698
22.0,12,6,8,1703
22.0,12,6,9,1708
22.0,12,6,10,1713
22.0,12,6,11,1719
22.0,12,6,12,1724
22.0,12,6,13,1729
22.0,12,6,14,1734
22.0,12,6,15,1739
22.0,12,7,0,1666
22.0,12,7,1,1671
22.0,12,7,2,1677
22.0,12,7,3,1682
22.0,12,7,4,1687
22.0,12,7,5,1693
22.0,12,7,6,1698
22.0,12,7,7,1703
22.0,12,7,8,1709
22.0,12,7,9,1714
22.0,12,7,10,1719
22.0,12,7,11,1724
22.0,12,7,12,1729
22.0,12,7,13,1735
22.0,12,7,14,1740
22.0,12,7,15,1745
22.0,12,8,0,1671
22.0,12,8,1,1677
22.0,12,8,2,1682
22.0,12,8,3,1688
22.0,12,8,4,1693
22.0,12,8,5,1698
22.0,12,8,6,1703
22.0,12,8,7,1709
22.0,12,8,8,1714
22.0,12,8,9,1719
22.0,12,8,10,1725
22.0,12,8,11,1730
22.0,12,8,12,1735
22.0,12,8,13,1740
22.0,12,8,14,1745
22.0,12,8,15,1750
22.0,12,9,0,1677
22.0,12,9,1,1682
22.0,12,9,2,1688
22.0,12,9,3,1693
22.0,12,9,4,1698
22.0,12,9,5,1704
22.0,12,9,6,1709
22.0,12,9,7,1714
22.0,12,9,8,1719
22.0,12,9,9,1725
22.0,12,9,10,1730
22.0,12,9,11,1735
22.0,12,9,12,1740
22.0,12,9,13,1746
22.0,12,9,14,1751
22.0,12,9,15,1756
22.0,12,10,0,1682
22.0,12,10,1,1687
22.0,12,10,2,1693
22.0,12,10,3,1698
22.0,12,10,4,1704
22.0,12,10,5,1709
22.0,12,10,6,1714
22.0,12,10,7,1720
22.0,12,10,8,1725
22.0,12,10,9,1730
22.0,12,10,10,1735
22.0,12,10,11,1741
22.0,12,10,12,1746
22.0,12,10,13,1751
22.0,12,10,14,1756
22.0,12,10,15,1762
22.0,12,11,0,1687
22.0,12,11,1,1693
22.0,12,11,2,1698
22.0,12,11,3,1704
22.0,12,11,4,1709
22.0,12,11,5,1714
22.0,12,11,6,1720
22.0,12,11,7,1725
22.0,12,11,8,1730
22.0,12,11,9,1736
22.0,12,11,10,1741
22.0,12,11,11,1746
22.0,12,11,12,1751
22.0,12,11,13,1757
22.0,12,11,14,1762
22.0,12,11,15,1767
22.0,12,12,0,1693
22.0,12,12,1,1698
22.0,12,12,2,1703
22.0,12,12,3,1709
22.0,12,12,4,1714
22.0,12,12,5,1720
22.0,12,12,6,1725
22.0,12,12,7,1730
22.0,12,12,8,1736
22.0,12,12,9,1741
22.0,12,12,10,1746
22.0,12,12,11,1752
22.0,12,12,12,1757
22.0,12,12,13,1762
22.0,12,12,14,1767
22.0,12,12,15,1773
22.0,12,13,0,1698
22.0,12,13,1,1703
22.0,12,13,2,1709
22.0,12,13,3,1714
22.0,12,13,4,1720
22.0,12,13,5,1725
22.0,12,13,6,1730
22.0,12,13,7,1736
22.0,12,13,8,1741
22.0,12,13,9,1746
22.0,12,13,10,1752
22.0,12,13,11,1757
22.0,12,13,12,1762
22.0,12,13,13,1768
22.0,12,13,14,1773
22.0,12,13,15,1778
22.0,12,14,0,1703
22.0,12,14,1,1709
22.0,12,14,2,1714
22.0,12,14,3,1719
22.0,12,14,4,1725
22.0,12,14,5,1730
22.0,12,14,6,1736
22.0,12,14,7,1741
22.0,12,14,8,1746
22.0,12,14,9,1752
22.0,12,14,10,1757
22.0,12,14,11,1762
22.0,12,14,12,1768
22.0,12,14,13,1773
22.0,12,14,14,1778
22.0,12,14,15,1784
22.0,12,15,0,1708
22.0,12,15,1,1714
22.0,12,15,2,1719
22.0,12,15,3,1725
22.0,12,15,4,1730
22.0,12,15,5,1736
22.0,12,15,6,1741
22.0,12,15,7,1746
22.0,12,15,8,1752
22.0,12,15,9,1757
22.0,12,15,10,1763
22.0,12,15,11,1768
22.0,12,15,12,1773
22.0,12,15,13,1778
22.0,12,15,14,1784
22.0,12,15,15,1789
22.0,13,0,0,1634
22.0,13,0,1,1639
22.0,13,0,2,1645
22.0,13,0,3,1650
22.0,13,0,4,1655
22.0,13,0,5,1660
22.0,13,0,6,1666
22.0,13,0,7,1671
22.0,13,0,8,1676
22.0,13,0,9,1681
22.0,13,0,10,1686
22.0,13,0,11,1691
22.0,13,0,12,1696
22.0,13,0,13,1701
22.0,13,0,14,1706
22.0,13,0,15,1711
22.0,13,1,0,1640
22.0,13,1,1,1645
22.0,13,1,2,1650
22.0,13,1,3,1655
22.0,13,1,4,1661
22.0,13,1,5,1666
22.0,13,1,6,1671
22.0,13,1,7,1676
22.0,13,1,8,1681
22.0,13,1,9,1687
22.0,13,1,10,1692
22.0,13,1,11,1697
22.0,13,1,12,1702
22.0,13,1,13,1707
22.0,13,1,14,1712
22.0,13,1,15,1717
22.0,13,2,0,1645
22.0,13,2,1,1650
22.0,13,2,2,1656
22.0,13,2,3,1661
22.0,13,2,4,1666
22.0,13,2,5,1671
22.0,13,2,6,1677
22.0,13,2,7,1682
22.0,13,2,8,1687
22.0,13,2,9,1692
22.0,13,2,10,1697
22.0,13,2,11,1703
22.0,13,2,12,1708
22.0,13,2,13,1713
22.0,13,2,14,1718
22.0,13,2,15,1723
22.0,13,3,0,1651
22.0,13,3,1,1656
22.0,13,3,2,1661
22.0,13,3,3,1667
22.0,13,3,4,1672
22.0,13,3,5,1677
22.0,13,3,6,1682
22.0,13,3,7,1687
22.0,13,3,8,1693
22.0,13,3,9,1698
22.0,13,3,10,1703
22.0,13,3,11,1708
22.0,13,3,12,1713
22.0,13,3,13,1718
22.0,13,3,14,1724
22.0,13,3,15,1729
22.0,13,4,0,1656
22.0,13,4,1,1661
22.0,13,4,2,1667
22.0,13,4,3,1672
22.0,13,4,4,1677
22.0,13,4,5,1683
22.0,13,4,6,1688
22.0,13,4,7,1693
22.0,13,4,8,1698
22.0,13,4,9,1703
22.0,13,4,10,1709
22.0,13,4,11,1714
22.0,13,4,12,1719
22.0,13,4,13,1724
22.0,13,4,14,1729
22.0,13,4,15,1734
22.0,13,5,0,1661
22.0,13,5,1,1667
22.0,13,5,2,1672
22.0,13,5,3,1677
22.0,13,5,4,1683
22.0,13,5,5,1688
22.0,13,5,6,1693
22.0,13,5,7,1699
22.0,13,5,8,1704
22.0,13,5,9,1709
22.0,13,5,10,1714
22.0,13,5,11,1719
22.0,13,5,12,1725
22.0,13,5,13,1730
22.0,13,5,14,1735
22.0,13,5,15,1740
22.0,13,6,0,1667
22.0,13,6,1,1672
22.0,13,6,2,1678
22.0,13,6,3,1683
22.0,13,6,4,1688
22.0,13,6,5,1693
22.0,13,6,6,1699
22.0,13,6,7,1704
22.0,13,6,8,1709
22.0,13,6,9,1715
22.0,13,6,10,1720
22.0,13,6,11,1725
22.0,13,6,12,1730
22.0,13,6,13,1735
22.0,13,6,14,1740
22.0,13,6,15,1746
22.0,13,7,0,1672
22.0,13,7,1,1678
22.0,13,7,2,1683
22.0,13,7,3,1688
22.0,13,7,4,1694
22.0,13,7,5,1699
22.0,13,7,6,1704
22.0,13,7,7,1710
22.0,13,7,8,1715
22.0,13,7,9,1720
22.0,13,7,10,1725
22.0,13,7,11,1731
22.0,13,7,12,1736
22.0,13,7,13,1741
22.0,13,7,14,1746
22.0,13,7,15,1751
22.0,13,8,0,1678
22.0,13,8,1,1683
22.0,13,8,2,1688
22.0,13,8,3,1694
22.0,13,8,4,1699
22.0,13,8,5,1704
22.0,13,8,6,1710
22.0,13,8,7,1715
22.0,13,8,8,1720
22.0,13,8,9,1726
22.0,13,8,10,1731
22.0,13,8,11,1736
22.0,13,8,12,1741
22.0,13,8,13,1746
22.0,13,8,14,1752
22.0,13,8,15,1757
22.0,13,9,0,1683
22.0,13,9,1,1688
22.0,13,9,2,1694
22.0,13,9,3,1699
22.0,13,9,4,1704
22.0,13,9,5,1710
22.0,13,9,6,1715
22.0,13,9,7,1720
22.0,13,9,8,1726
22.0,13,9,9,1731
22.0,13,9,10,1736
22.0,13,9,11,1742
22.0,13,9,12,1747
22.0,13,9,13,1752
22.0,13,9,14,1757
22.0,13,9,15,1762
22.0,13,10,0,1688
22.0,13,10,1,1694
22.0,13,10,2,1699
22.0,13,10,3,1704
22.0,13,10,4,1710
22.0,13,10,5,1715
22.0,13,10,6,1721
22.0,13,10,7,1726
22.0,13,10,8,1731
22.0,13,10,9,1737
22.0,13,10,10,1742
22.0,13,10,11,1747
22.0,13,10,12,1752
22.0,13,10,13,1758
22.0,13,10,14,1763
22.0,13,10,15,1768
22.0,13,11,0,1693
22.0,13,11,1,1699
22.0,13,11,2,1704
22.0,13,11,3,1710
22.0,13,11,4,1715
22.0,13,11,5,1721
22.0,13,11,6,1726
22.0,13,11,7,1731
22.0,13,11,8,1737
22.0,13,11,9,1742
22.0,13,11,10,1747
22.0,13,11,11,1753
22.0,13,11,12,1758
22.0,13,11,13,1763
22.0,13,11,14,1768
22.0,13,11,15,1774
22.0,13,12,0,1699
22.0,13,12,1,1704
22.0,13,12,2,1710
22.0,13,12,3,1715
22.0,13,12,4,1721
22.0,13,12,5,1726
22.0,13,12,6,1731
22.0,13,12,7,1737
22.0,13,12,8,1742
22.0,13,12,9,1747
22.0,13,12,10,1753
22.0,13,12,11,1758
22.0,13,12,12,1763
22.0,13,12,13,1769
22.0,13,12,14,1774
22.0,13,12,15,1779
22.0,13,13,0,1704
22.0,13,13,1,1710
22.0,13,13,2,1715
22.0,13,13,3,1720
22.0,13,13,4,1726
22.0,13,13,5,1731
22.0,13,13,6,1737
22.0,13,13,7,1742
22.0,13,13,8,1747
22.0,13,13,9,1753
22.0,13,13,10,1758
22.0,13,13,11,1763
22.0,13,13,12,1769
22.0,13,13,13,1774
22.0,13,13,14,1779
22.0,13,13,15,1785
22.0,13,14,0,1709
22.0,13,14,1,1715
22.0,13,14,2,1720
22.0,13,14,3,1726
22.0,13,14,4,1731
22.0,13,14,5,1737
22.0,13,14,6,1742
22.0,13,14,7,1747
22.0,13,14,8,1753
22.0,13,14,9,1758
22.0,13,14,10,1764
22.0,13,14,11,1769
22.0,13,14,12,1774
22.0,13,14,13,1780
22.0,13,14,14,1785
22.0,13,14,15,1790
22.0,13,15,0,1715
22.0,13,15,1,1720
22.0,13,15,2,1726
22.0,13,15,3,1731
22.0,13,15,4,1737
22.0,13,15,5,1742
22.0,13,15,6,1747
22.0,13,15,7,1753
22.0,13,15,8,1758
22.0,13,15,9,1764
22.0,13,15,10,1769
22.0,13,15,11,1774
22.0,13,15,12,1780
22.0,13,15,13,1785
22.0,13,15,14,1790
22.0,13,15,15,1796
22.0,14,0,0,1640
22.0,14,0,1,1645
22.0,14,0,2,1651
22.0,14,0,3,1656
22.0,14,0,4,1661
22.0,14,0,5,1666
22.0,14,0,6,1672
22.0,14,0,7,1677
22.0,14,0,8,1682
22.0,14,0,9,1687
22.0,14,0,10,1692
22.0,14,0,11,1697
22.0,14,0,12,1703
22.0,14,0,13,1708
22.0,14,0,14,1713
22.0,14,0,15,1718
22.0,14,1,0,1646
22.0,14,1,1,1651
22.0,14,1,2,1656
22.0,14,1,3,1662
22.0,14,1,4,1667
22.0,14,1,5,1672
22.0,14,1,6,1677
22.0,14,1,7,1682
22.0,14,1,8,1688
22.0,14,1,9,1693
22.0,14,1,10,1698
22.0,14,1,11,1703
22.0,14,1,12,1708
22.0,14,1,13,1713
22.0,14,1,14,1718
22.0,14,1,15,1724
22.0,14,2,0,1651
22.0,14,2,1,1656
22.0,14,2,2,1662
22.0,14,2,3,1667
22.0,14,2,4,1672
22.0,14,2,5,1678
22.0,14,2,6,1683
22.0,14,2,7,1688
22.0,14,2,8,1693
22.0,14,2,9,1698
22.0,14,2,10,1704
22.0,14,2,11,1709
22.0,14,2,12,1714
22.0,14,2,13,1719
22.0,14,2,14,1724
22.0,14,2,15,1729
22.0,14,3,0,1657
22.0,14,3,1,1662
22.0,14,3,2,1667
22.0,14,3,3,1673
22.0,14,3,4,1678
22.0,14,3,5,1683
22.0,14,3,6,1688
22.0,14,3,7,1694
22.0,14,3,8,1699
22.0,14,3,9,1704
22.0,14,3,10,1709
22.0,14,3,11,1714
22.0,14,3,12,1720
22.0,14,3,13,1725
22.0,14,3,14,1730
22.0,14,3,15,1735
22.0,14,4,0,1662
22.0,14,4,1,1667
22.0,14,4,2,1673
22.0,14,4,3,1678
22.0,14,4,4,1683
22.0,14,4,5,1689
22.0,14,4,6,1694
22.0,14,4,7,1699
22.0,14,4,8,1704
22.0,14,4,9,1710
22.0,14,4,10,1715
22.0,14,4,11,1720
22.0,14,4,12,1725
22.0,14,4,13,1730
22.0,14,4,14,1736
22.0,14,4,15,1741
22.0,14,5,0,1667
22.0,14,5,1,1673
22.0,14,5,2,1678
22.0,14,5,3,1684
22.0,14,5,4,1689
22.0,14,5,5,1694
22.0,14,5,6,1699
22.0,14,5,7,1705
22.0,14,5,8,1710
22.0,14,5,9,1715
22.0,14,5,10,1720
22.0,14,5,11,1726
22.0,14,5,12,1731
22.0,14,5,13,1736
22.0,14,5,14,1741
22.0,14,5,15,1746
22.0,14,6,0,1673
22.0,14,6,1,1678
22.0,14,6,2,1684
22.0,14,6,3,1689
22.0,14,6,4,1694
22.0,14,6,5,1700
22.0,14,6,6,1705
22.0,14,6,7,1710
22.0,14,6,8,1716
22.0,14,6,9,1721
22.0,14,6,10,1726
22.0,14,6,11,1731
22.0,14,6,12,1736
22.0,14,6,13,1742
22.0,14,6,14,1747
22.0,14,6,15,1752
22.0,14,7,0,1678
22.0,14,7,1,1684
22.0,14,7,2,1689
22.0,14,7,3,1694
22.0,14,7,4,1700
22.0,14,7,5,1705
22.0,14,7,6,1710
22.0,14,7,7,1716
22.0,14,7,8,1721
22.0,14,7,9,1726
22.0,14,7,10,1732
22.0,14,7,11,1737
22.0,14,7,12,1742
22.0,14,7,13,1747
22.0,14,7,14,1752
22.0,14,7,15,1758
22.0,14,8,0,1684
22.0,14,8,1,1689
22.0,14,8,2,1694
22.0,14,8,3,1700
22.0,14,8,4,1705
22.0,14,8,5,1711
22.0,14,8,6,1716
22.0,14,8,7,1721
22.0,14,8,8,1727
22.0,14,8,9,1732
22.0,14,8,10,1737
22.0,14,8,11,1742
22.0,14,8,12,1748
22.0,14,8,13,1753
22.0,14,8,14,1758
22.0,14,8,15,1763
22.0,14,9,0,1689
22.0,14,9,1,1694
22.0,14,9,2,1700
22.0,14,9,3,1705
22.0,14,9,4,1711
22.0,14,9,5,1716
22.0,14,9,6,1721
22.0,14,9,7,1727
22.0,14,9,8,1732
22.0,14,9,9,1737
22.0,14,9,10,1743
22.0,14,9,11,1748
22.0,14,9,12,1753
22.0,14,9,13,1758
22.0,14,9,14,1764
22.0,14,9,15,1769
22.0,14,10,0,1694
22.0,14,10,1,1700
22.0,14,10,2,1705
22.0,14,10,3,1711
22.0,14,10,4,1716
22.0,14,10,5,1721
22.0,14,10,6,1727
22.0,14,10,7,1732
22.0,14,10,8,1738
22.0,14,10,9,1743
22.0,14,10,10,1748
22.0,14,10,11,1753
22.0,14,10,12,1759
22.0,14,10,13,1764
22.0,14,10,14,1769
22.0,14,10,15,1774
22.0,14,11,0,1700
22.0,14,11,1,1705
22.0,14,11,2,1711
22.0,14,11,3,1716
22.0,14,11,4,1721
22.0,14,11,5,1727
22.0,14,11,6,1732
22.0,14,11,7,1738
22.0,14,11,8,1743
22.0,14,11,9,1748
22.0,14,11,10,1754
22.0,14,11,11,1759
22.0,14,11,12,1764
22.0,14,11,13,1770
22.0,14,11,14,1775
22.0,14,11,15,1780
22.0,14,12,0,1705
22.0,14,12,1,1710
22.0,14,12,2,1716
22.0,14,12,3,1721
22.0,14,12,4,1727
22.0,14,12,5,1732
22.0,14,12,6,1738
22.0,14,12,7,1743
22.0,14,12,8,1748
22.0,14,12,9,1754
22.0,14,12,10,1759
22.0,14,12,11,1764
22.0,14,12,12,1770
22.0,14,12,13,1775
22.0,14,12,14,1780
22.0,14,12,15,1786
22.0,14,13,0,1710
22.0,14,13,1,1716
22.0,14,13,2,1721
22.0,14,13,3,1727
22.0,14,13,4,1732
22.0,14,13,5,1738
22.0,14,13,6,1743
22.0,14,13,7,1748
22.0,14,13,8,1754
22.0,14,13,9,1759
22.0,14,13,10,1765
22.0,14,13,11,1770
22.0,14,13,12,1775
22.0,14,13,13,1781
22.0,14,13,14,1786
22.0,14,13,15,1791
22.0,14,14,0,1716
22.0,14,14,1,1721
22.0,14,14,2,1727
22.0,14,14,3,1732
22.0,14,14,4,1738
22.0,14,14,5,1743
22.0,14,14,6,1748
22.0,14,14,7,1754
22.0,14,14,8,1759
22.0,14,14,9,1765
22.0,14,14,10,1770
22.0,14,14,11,1775
22.0,14,14,12,1781
22.0,14,14,13,1786
22.0,14,14,14,1791
22.0,14,14,15,1797
22.0,14,15,0,1721
22.0,14,15,1,1726
22.0,14,15,2,1732
22.0,14,15,3,1737
22.0,14,15,4,1743
22.0,14,15,5,1748
22.0,14,15,6,1754
22.0,14,15,7,1759
22.0,14,15,8,1765
22.0,14,15,9,1770
22.0,14,15,10,1775
22.0,14,15,11,1781
22.0,14,15,12,1786
22.0,14,15,13,1792
22.0,14,15,14,1797
22.0,14,15,15,1802
22.0,15,0,0,1646
22.0,15,0,1,1651
22.0,15,0,2,1657
22.0,15,0,3,1662
22.0,15,0,4,1667
22.0,15,0,5,1673
22.0,15,0,6,1678
22.0,15,0,7,1683
22.0,15,0,8,1688
22.0,15,0,9,1693
22.0,15,0,10,1698
22.0,15,0,11,1704
22.0,15,0,12,1709
22.0,15,0,13,1714
22.0,15,0,14,1719
22.0,15,0,15,1724
22.0,15,1,0,1652
22.0,15,1,1,1657
22.0,15,1,2,1662
22.0,15,1,3,1668
22.0,15,1,4,1673
22.0,15,1,5,1678
22.0,15,1,6,1683
22.0,15,1,7,1689
22.0,15,1,8,1694
22.0,15,1,9,1699
22.0,15,1,10,1704
22.0,15,1,11,1709
22.0,15,1,12,1714
22.0,15,1,13,1720
22.0,15,1,14,1725
22.0,15,1,15,1730
22.0,15,2,0,1657
22.0,15,2,1,1663
22.0,15,2,2,1668
22.0,15,2,3,1673
22.0,15,2,4,1678
22.0,15,2,5,1684
22.0,15,2,6,1689
22.0,15,2,7,1694
22.0,15,2,8,1699
22.0,15,2,9,1705
22.0,15,2,10,1710
22.0,15,2,11,1715
22.0,15,2,12,1720
22.0,15,2,13,1725
22.0,15,2,14,1730
22.0,15,2,15,1736
22.0,15,3,0,1663
22.0,15,3,1,1668
22.0,15,3,2,1673
22.0,15,3,3,1679
22.0,15,3,4,1684
22.0,15,3,5,1689
22.0,15,3,6,1695
22.0,15,3,7,1700
22.0,15,3,8,1705
22.0,15,3,9,1710
22.0,15,3,10,1715
22.0,15,3,11,1721
22.0,15,3,12,1726
22.0,15,3,13,1731
22.0,15,3,14,1736
22.0,15,3,15,1741
22.0,15,4,0,1668
22.0,15,4,1,1673
22.0,15,4,2,1679
22.0,15,4,3,1684
22.0,15,4,4,1690
22.0,15,4,5,1695
22.0,15,4,6,1700
22.0,15,4,7,1705
22.0,15,4,8,1711
22.0,15,4,9,1716
22.0,15,4,10,1721
22.0,15,4,11,1726
22.0,15,4,12,1732
22.0,15,4,13,1737
22.0,15,4,14,1742
22.0,15,4,15,1747
22.0,15,5,0,1674
22.0,15,5,1,1679
22.0,15,5,2,1684
22.0,15,5,3,1690
22.0,15,5,4,1695
22.0,15,5,5,1700
22.0,15,5,6,1706
22.0,15,5,7,1711
22.0,15,5,8,1716
22.0,15,5,9,1721
22.0,15,5,10,1727
22.0,15,5,11,1732
22.0,15,5,12,1737
22.0,15,5,13,1742
22.0,15,5,14,1748
22.0,15,5,15,1753
22.0,15,6,0,1679
22.0,15,6,1,1684
22.0,15,6,2,1690
22.0,15,6,3,1695
22.0,15,6,4,1701
22.0,15,6,5,1706
22.0,15,6,6,1711
22.0,15,6,7,1716
22.0,15,6,8,1722
22.0,15,6,9,1727
22.0,15,6,10,1732
22.0,15,6,11,1738
22.0,15,6,12,1743
22.0,15,6,13,1748
22.0,15,6,14,1753
22.0,15,6,15,1758
22.0,15,7,0,1684
22.0,15,7,1,1690
22.0,15,7,2,1695
22.0,15,7,3,1701
22.0,15,7,4,1706
22.0,15,7,5,1711
22.0,15,7,6,1717
22.0,15,7,7,1722
22.0,15,7,8,1727
22.0,15,7,9,1733
22.0,15,7,10,1738
22.0,15,7,11,1743
22.0,15,7,12,1748
22.0,15,7,13,1754
22.0,15,7,14,1759
22.0,15,7,15,1764
22.0,15,8,0,1690
22.0,15,8,1,1695
22.0,15,8,2,1701
22.0,15,8,3,1706
22.0,15,8,4,1711
22.0,15,8,5,1717
22.0,15,8,6,1722
22.0,15,8,7,1728
22.0,15,8,8,1733
22.0,15,8,9,1738
22.0,15,8,10,1743
22.0,15,8,11,1749
22.0,15,8,12,1754
22.0,15,8,13,1759
22.0,15,8,14,1764
22.0,15,8,15,1770
22.0,15,9,0,1695
22.0,15,9,1,1701
22.0,15,9,2,1706
22.0,15,9,3,1711
22.0,15,9,4,1717
22.0,15,9,5,1722
22.0,15,9,6,1728
22.0,15,9,7,1733
22.0,15,9,8,1738
22.0,15,9,9,1744
22.0,15,9,10,1749
22.0,15,9,11,1754
22.0,15,9,12,1760
22.0,15,9,13,1765
22.0,15,9,14,1770
22.0,15,9,15,1775
22.0,15,10,0,1701
22.0,15,10,1,1706
22.0,15,10,2,1711
22.0,15,10,3,1717
22.0,15,10,4,1722
22.0,15,10,5,1728
22.0,15,10,6,1733
22.0,15,10,7,1739
22.0,15,10,8,1744
22.0,15,10,9,1749
22.0,15,10,10,1755
22.0,15,10,11,1760
22.0,15,10,12,1765
22.0,15,10,13,1770
22.0,15,10,14,1776
22.0,15,10,15,1781
22.0,15,11,0,1706
22.0,15,11,1,1711
22.0,15,11,2,1717
22.0,15,11,3,1722
22.0,15,11,4,1728
22.0,15,11,5,1733
22.0,15,11,6,1739
22.0,15,11,7,1744
22.0,15,11,8,1749
22.0,15,11,9,1755
22.0,15,11,10,1760
22.0,15,11,11,1765
22.0,15,11,12,1771
22.0,15,11,13,1776
22.0,15,11,14,1781
22.0,15,11,15,1787
22.0,15,12,0,1711
22.0,15,12,1,1717
22.0,15,12,2,1722
22.0,15,12,3,1728
22.0,15,12,4,1733
22.0,15,12,5,1739
22.0,15,12,6,1744
22.0,15,12,7,1749
22.0,15,12,8,1755
22.0,15,12,9,1760
22.0,15,12,10,1766
22.0,15,12,11,1771
22.0,15,12,12,1776
22.0,15,12,13,1782
22.0,15,12,14,1787
22.0,15,12,15,1792
22.0,15,13,0,1716
22.0,15,13,1,1722
22.0,15,13,2,1728
22.0,15,13,3,1733
22.0,15,13,4,1739
22.0,15,13,5,1744
22.0,15,13,6,1749
22.0,15,13,7,1755
22.0,15,13,8,1760
22.0,15,13,9,1766
22.0,15,13,10,1771
22.0,15,13,11,1776
22.0,15,13,12,1782
22.0,15,13,13,1787
22.0,15,13,14,1792
22.0,15,13,15,1798
22.0,15,14,0,1722
22.0,15,14,1,1727
22.0,15,14,2,1733
22.0,15,14,3,1738
22.0,15,14,4,1744
22.0,15,14,5,1749
22.0,15,14,6,1755
22.0,15,14,7,1760
22.0,15,14,8,1766
22.0,15,14,9,1771
22.0,15,14,10,1776
22.0,15,14,11,1782
22.0,15,14,12,1787
22.0,15,14,13,1793
22.0,15,14,14,1798
22.0,15,14,15,1803
22.0,15,15,0,1727
22.0,15,15,1,1733
22.0,15,15,2,1738
22.0,15,15,3,1744
22.0,15,15,4,1749
22.0,15,15,5,1755
22.0,15,15,6,1760
22.0,15,15,7,1766
22.0,15,15,8,1771
22.0,15,15,9,1777
22.0,15,15,10,1782
22.0,15,15,11,1787
22.0,15,15,12,1793
22.0,15,15,13,1798
22.0,15,15,14,1803
22.0,15,15,15,1809
22.5,0,0,0,1592
22.5,0,0,1,1597
22.5,0,0,2,1602
22.5,0,0,3,1607
22.5,0,0,4,1612
22.5,0,0,5,1618
22.5,0,0,6,1623
22.5,0,0,7,1628
22.5,0,0,8,1633
22.5,0,0,9,1638
22.5,0,0,10,1643
22.5,0,0,11,1648
22.5,0,0,12,1653
22.5,0,0,13,1658
22.5,0,0,14,1662
22.5,0,0,15,1667
22.5,0,1,0,1597
22.5,0,1,1,1603
22.5,0,1,2,1608
22.5,0,1,3,1613
22.5,0,1,4,1618
22.5,0,1,5,1623
22.5,0,1,6,1628
22.5,0,1,7,1633
22.5,0,1,8,1638
22.5,0,1,9,1643
22.5,0,1,10,1648
22.5,0,1,11,1653
22.5,0,1,12,1658
22.5,0,1,13,1663
22.5,0,1,14,1668
22.5,0,1,15,1673
22.5,0,2,0,1603
22.5,0,2,1,1608
22.5,0,2,2,1613
22.5,0,2,3,1618
22.5,0,2,4,1623
22.5,0,2,5,1628
22.5,0,2,6,1633
22.5,0,2,7,1639
22.5,0,2,8,1644
22.5,0,2,9,1649
22.5,0,2,10,1654
22.5,0,2,11,1659
22.5,0,2,12,1664
22.5,0,2,13,1669
22.5,0,2,14,1674
22.5,0,2,15,1679
22.5,0,3,0,1608
22.5,0,3,1,1613
22.5,0,3,2,1618
22.5,0,3,3,1624
22.5,0,3,4,1629
22.5,0,3,5,1634
22.5,0,3,6,1639
22.5,0,3,7,1644
22.5,0,3,8,1649
22.5,0,3,9,1654
22.5,0,3,10,1659
22.5,0,3,11,1664
22.5,0,3,12,1669
22.5,0,3,13,1674
22.5,0,3,14,1679
22.5,0,3,15,1684
22.5,0,4,0,1613
22.5,0,4,1,1618
22.5,0,4,2,1624
22.5,0,4,3,1629
22.5,0,4,4,1634
22.5,0,4,5,1639
22.5,0,4,6,1644
22.5,0,4,7,1649
22.5,0,4,8,1654
22.5,0,4,9,1659
22.5,0,4,10,1665
22.5,0,4,11,1670
22.5,0,4,12,1675
22.5,0,4,13,1680
22.5,0,4,14,1685
22.5,0,4,15,1690
22.5,0,5,0,1619
22.5,0,5,1,1624
22.5,0,5,2,1629
22.5,0,5,3,1634
22.5,0,5,4,1639
22.5,0,5,5,1644
22.5,0,5,6,1650
22.5,0,5,7,1655
22.5,0,5,8,1660
22.5,0,5,9,1665
22.5,0,5,10,1670
22.5,0,5,11,1675
22.5,0,5,12,1680
22.5,0,5,13,1685
22.5,0,5,14,1690
22.5,0,5,15,1695
22.5,0,6,0,1624
22.5,0,6,1,1629
22.5,0,6,2,1634
22.5,0,6,3,1639
22.5,0,6,4,1645
22.5,0,6,5,1650
22.5,0,6,6,1655
22.5,0,6,7,1660
22.5,0,6,8,1665
22.5,0,6,9,1670
22.5,0,6,10,1675
22.5,0,6,11,1680
22.5,0,6,12,1686
22.5,0,6,13,1691
22.5,0,6,14,1696
22.5,0,6,15,1701
22.5,0,7,0,1629
22.5,0,7,1,1634
22.5,0,7,2,1640
22.5,0,7,3,1645
22.5,0,7,4,1650
22.5,0,7,5,1655
22.5,0,7,6,1660
22.5,0,7,7,1665
22.5,0,7,8,1671
22.5,0,7,9,1676
22.5,0,7,10,1681
22.5,0,7,11,1686
22.5,0,7,12,1691
22.5,0,7,13,1696
22.5,0,7,14,1701
22.5,0,7,15,1706
22.5,0,8,0,1634
22.5,0,8,1,1640
22.5,0,8,2,1645
22.5,0,8,3,1650
22.5,0,8,4,1655
22.5,0,8,5,1660
22.5,0,8,6,1666
22.5,0,8,7,1671
22.5,0,8,8,1676
22.5,0,8,9,1681
22.5,0,8,10,1686
22.5,0,8,11,1691
22.5,0,8,12,1696
22.5,0,8,13,1701
22.5,0,8,14,1706
22.5,0,8,15,1712
22.5,0,9,0,1639
22.5,0,9,1,1645
22.5,0,9,2,1650
22.5,0,9,3,1655
22.5,0,9,4,1660
22.5,0,9,5,1666
22.5,0,9,6,1671
22.5,0,9,7,1676
22.5,0,9,8,1681
22.5,0,9,9,1686
22.5,0,9,10,1692
22.5,0,9,11,1697
22.5,0,9,12,1702
22.5,0,9,13,1707
22.5,0,9,14,1712
22.5,0,9,15,1717
22.5,0,10,0,1645
22.5,0,10,1,1650
22.5,0,10,2,1655
22.5,0,10,3,1660
22.5,0,10,4,1666
22.5,0,10,5,1671
22.5,0,10,6,1676
22.5,0,10,7,1681
22.5,0,10,8,1687
22.5,0,10,9,1692
22.5,0,10,10,1697
22.5,0,10,11,1702
22.5,0,10,12,1707
22.5,0,10,13,1712
22.5,0,10,14,1717
22.5,0,10,15,1722
22.5,0,11,0,1650
22.5,0,11,1,1655
22.5,0,11,2,1660
22.5,0,11,3,1666
22.5,0,11,4,1671
22.5,0,11,5,1676
22.5,0,11,6,1681
22.5,0,11,7,1687
22.5,0,11,8,1692
22.5,0,11,9,1697
22.5,0,11,10,1702
22.5,0,11,11,1707
22.5,0,11,12,1712
22.5,0,11,13,1718
22.5,0,11,14,1723
22.5,0,11,15,1728
22.5,0,12,0,1655
22.5,0,12,1,1660
22.5,0,12,2,1666
22.5,0,12,3,1671
22.5,0,12,4,1676
22.5,0,12,5,1681
22.5,0,12,6,1687
22.5,0,12,7,1692
22.5,0,12,8,1697
22.5,0,12,9,1702
22.5,0,12,10,1708
22.5,0,12,11,1713
22.5,0,12,12,1718
22.5,0,12,13,1723
22.5,0,12,14,1728
22.5,0,12,15,1733
22.5,0,13,0,1660
22.5,0,13,1,1665
22.5,0,13,2,1671
22.5,0,13,3,1676
22.5,0,13,4,1681
22.5,0,13,5,1687
22.5,0,13,6,1692
22.5,0,13,7,1697
22.5,0,13,8,1702
22.5,0,13,9,1708
22.5,0,13,10,1713
22.5,0,13,11,1718
22.5,0,13,12,1723
22.5,0,13,13,1728
22.5,0,13,14,1733
22.5,0,13,15,1739
22.5,0,14,0,1665
22.5,0,14,1,1671
22.5,0,14,2,1676
22.5,0,14,3,1681
22.5,0,14,4,1687
22.5,0,14,5,1692
22.5,0,14,6,1697
22.5,0,14,7,1702
22.5,0,14,8,1708
22.5,0,14,9,1713
22.5,0,14,10,1718
22.5,0,14,11,1723
22.5,0,14,12,1728
22.5,0,14,13,1734
22.5,0,14,14,1739
22.5,0,14,15,1744
22.5,0,15,0,1670
22.5,0,15,1,1676
22.5,0,15,2,1681
22.5,0,15,3,1686
22.5,0,15,4,1692
22.5,0,15,5,1697
22.5,0,15,6,1702
22.5,0,15,7,1708
22.5,0,15,8,1713
22.5,0,15,9,1718
22.5,0,15,10,1723
22.5,0,15,11,1729
22.5,0,15,12,1734
22.5,0,15,13,1739
22.5,0,15,14,1744
22.5,0,15,15,1749
22.5,1,0,0,1598
22.5,1,0,1,1603
22.5,1,0,2,1608
22.5,1,0,3,1614
22.5,1,0,4,1619
22.5,1,0,5,1624
22.5,1,0,6,1629
22.5,1,0,7,1634
22.5,1,0,8,1639
22.5,1,0,9,1644
22.5,1,0,10,1649
22.5,1,0,11,1654
22.5,1,0,12,1659
22.5,1,0,13,1664
22.5,1,0,14,1669
22.5,1,0,15,1674
22.5,1,1,0,1604
22.5,1,1,1,1609
22.5,1,1,2,1614
22.5,1,1,3,1619
22.5,1,1,4,1624
22.5,1,1,5,1629
22.5,1,1,6,1634
22.5,1,1,7,1639
22.5,1,1,8,1644
22.5,1,1,9,1649
22.5,1,1,10,1654
22.5,1,1,11,1659
22.5,1,1,12,1664
22.5,1,1,13,1669
22.5,1,1,14,1674
22.5,1,1,15,1679
22.5,1,2,0,1609
22.5,1,2,1,1614
22.5,1,2,2,1619
22.5,1,2,3,1624
22.5,1,2,4,1629
22.5,1,2,5,1635
22.5,1,2,6,1640
22.5,1,2,7,1645
22.5,1,2,8,1650
22.5,1,2,9,1655
22.5,1,2,10,1660
22.5,1,2,11,1665
22.5,1,2,12,1670
22.5,1,2,13,1675
22.5,1,2,14,1680
22.5,1,2,15,1685
22.5,1,3,0,1614
22.5,1,3,1,1619
22.5,1,3,2,1625
22.5,1,3,3,1630
22.5,1,3,4,1635
22.5,1,3,5,1640
22.5,1,3,6,1645
22.5,1,3,7,1650
22.5,1,3,8,1655
22.5,1,3,9,1660
22.5,1,3,10,1665
22.5,1,3,11,1670
22.5,1,3,12,1676
22.5,1,3,13,1681
22.5,1,3,14,1686
22.5,1,3,15,1691
22.5,1,4,0,1619
22.5,1,4,1,1625
22.5,1,4,2,1630
22.5,1,4,3,1635
22.5,1,4,4,1640
22.5,1,4,5,1645
22.5,1,4,6,1651
22.5,1,4,7,1656
22.5,1,4,8,1661
22.5,1,4,9,1666
22.5,1,4,10,1671
22.5,1,4,11,1676
22.5,1,4,12,1681
22.5,1,4,13,1686
22.5,1,4,14,1691
22.5,1,4,15,1696
22.5,1,5,0,1625
22.5,1,5,1,1630
22.5,1,5,2,1635
22.5,1,5,3,1640
22.5,1,5,4,1646
22.5,1,5,5,1651
22.5,1,5,6,1656
22.5,1,5,7,1661
22.5,1,5,8,1666
22.5,1,5,9,1671
22.5,1,5,10,1676
22.5,1,5,11,1681
22.5,1,5,12,1687
22.5,1,5,13,1692
22.5,1,5,14,1697
22.5,1,5,15,1702
22.5,1,6,0,1630
22.5,1,6,1,1635
22.5,1,6,2,1641
22.5,1,6,3,1646
22.5,1,6,4,1651
22.5,1,6,5,1656
22.5,1,6,6,1661
22.5,1,6,7,1666
22.5,1,6,8,1672
22.5,1,6,9,1677
22.5,1,6,10,1682
22.5,1,6,11,1687
22.5,1,6,12,1692
22.5,1,6,13,1697
22.5,1,6,14,1702
22.5,1,6,15,1707
22.5,1,7,0,1635
22.5,1,7,1,1641
22.5,1,7,2,1646
22.5,1,7,3,1651
22.5,1,7,4,1656
22.5,1,7,5,1661
22.5,1,7,6,1667
22.5,1,7,7,1672
22.5,1,7,8,1677
22.5,1,7,9,1682
22.5,1,7,10,1687
22.5,1,7,11,1692
22.5,1,7,12,1697
22.5,1,7,13,1703
22.5,1,7,14,1708
22.5,1,7,15,1713
22.5,1,8,0,1641
22.5,1,8,1,1646
22.5,1,8,2,1651
22.5,1,8,3,1656
22.5,1,8,4,1662
22.5,1,8,5,1667
22.5,1,8,6,1672
22.5,1,8,7,1677
22.5,1,8,8,1682
22.5,1,8,9,1687
22.5,1,8,10,1693
22.5,1,8,11,1698
22.5,1,8,12,1703
22.5,1,8,13,1708
22.5,1,8,14,1713
22.5,1,8,15,1718
22.5,1,9,0,1646
22.5,1,9,1,1651
22.5,1,9,2,1656
22.5,1,9,3,1662
22.5,1,9,4,1667
22.5,1,9,5,1672
22.5,1,9,6,1677
22.5,1,9,7,1683
22.5,1,9,8,1688
22.5,1,9,9,1693
22.5,1,9,10,1698
22.5,1,9,11,1703
22.5,1,9,12,1708
22.5,1,9,13,1713
22.5,1,9,14,1718
22.5,1,9,15,1724
22.5,1,10,0,1651
22.5,1,10,1,1656
22.5,1,10,2,1662
22.5,1,10,3,1667
22.5,1,10,4,1672
22.5,1,10,5,1677
22.5,1,10,6,1683
22.5,1,10,7,1688
22.5,1,10,8,1693
22.5,1,10,9,1698
22.5,1,10,10,1703
22.5,1,10,11,1709
22.5,1,10,12,1714
22.5,1,10,13,1719
22.5,1,10,14,1724
22.5,1,10,15,1729
22.5,1,11,0,1656
22.5,1,11,1,1661
22.5,1,11,2,1667
22.5,1,11,3,1672
22.5,1,11,4,1677
22.5,1,11,5,1683
22.5,1,11,6,1688
22.5,1,11,7,1693
22.5,1,11,8,1698
22.5,1,11,9,1704
22.5,1,11,10,1709
22.5,1,11,11,1714
22.5,1,11,12,1719
22.5,1,11,13,1724
22.5,1,11,14,1729
22.5,1,11,15,1734
22.5,1,12,0,1661
22.5,1,12,1,1667
22.5,1,12,2,1672
22.5,1,12,3,1677
22.5,1,12,4,1683
22.5,1,12,5,1688
22.5,1,12,6,1693
22.5,1,12,7,1698
22.5,1,12,8,1704
22.5,1,12,9,1709
22.5,1,12,10,1714
22.5,1,12,11,1719
22.5,1,12,12,1724
22.5,1,12,13,1730
22.5,1,12,14,1735
22.5,1,12,15,1740
22.5,1,13,0,1666
22.5,1,13,1,1672
22.5,1,13,2,1677
22.5,1,13,3,1683
22.5,1,13,4,1688
22.5,1,13,5,1693
22.5,1,13,6,1698
22.5,1,13,7,1704
22.5,1,13,8,1709
22.5,1,13,9,1714
22.5,1,13,10,1719
22.5,1,13,11,1725
22.5,1,13,12,1730
22.5,1,13,13,1735
22.5,1,13,14,1740
22.5,1,13,15,1745
22.5,1,14,0,1672
22.5,1,14,1,1677
22.5,1,14,2,1682
22.5,1,14,3,1688
22.5,1,14,4,1693
22.5,1,14,5,1698
22.5,1,14,6,1704
22.5,1,14,7,1709
22.5,1,14,8,1714
22.5,1,14,9,1719
22.5,1,14,10,1725
22.5,1,14,11,1730
22.5,1,14,12,1735
22.5,1,14,13,1740
22.5,1,14,14,1745
22.5,1,14,15,1751
22.5,1,15,0,1677
22.5,1,15,1,1682
22.5,1,15,2,1687
22.5,1,15,3,1693
22.5,1,15,4,1698
22.5,1,15,5,1704
22.5,1,15,6,1709
22.5,1,15,7,1714
22.5,1,15,8,1719
22.5,1,15,9,1725
22.5,1,15,10,1730
22.5,1,15,11,1735
22.5,1,15,12,1740
22.5,1,15,13,1746
22.5,1,15,14,1751
22.5,1,15,15,1756
22.5,2,0,0,1604
22.5,2,0,1,1609
22.5,2,0,2,1615
22.5,2,0,3,1620
22.5,2,0,4,1625
22.5,2,0,5,1630
22.5,2,0,6,1635
22.5,2,0,7,1640
22.5,2,0,8,1645
22.5,2,0,9,1650
22.5,2,0,10,1655
22.5,2,0,11,1660
22.5,2,0,12,1665
22.5,2,0,13,1670
22.5,2,0,14,1675
22.5,2,0,15,1680
22.5,2,1,0,1610
22.5,2,1,1,1615
22.5,2,1,2,1620
22.5,2,1,3,1625
22.5,2,1,4,1630
22.5,2,1,5,1635
22.5,2,1,6,1641
22.5,2,1,7,1646
22.5,2,1,8,1651
22.5,2,1,9,1656
22.5,2,1,10,1661
22.5,2,1,11,1666
22.5,2,1,12,1671
22.5,2,1,13,1676
22.5,2,1,14,1681
22.5,2,1,15,1686
22.5,2,2,0,1615
22.5,2,2,1,1620
22.5,2,2,2,1625
22.5,2,2,3,1631
22.5,2,2,4,1636
22.5,2,2,5,1641
22.5,2,2,6,1646
22.5,2,2,7,1651
22.5,2,2,8,1656
22.5,2,2,9,1661
22.5,2,2,10,1666
22.5,2,2,11,1671
22.5,2,2,12,1676
22.5,2,2,13,1681
22.5,2,2,14,1686
22.5,2,2,15,1691
22.5,2,3,0,1620
22.5,2,3,1,1626
22.5,2,3,2,1631
22.5,2,3,3,1636
22.5,2,3,4,1641
22.5,2,3,5,1646
22.5,2,3,6,1651
22.5,2,3,7,1657
22.5,2,3,8,1662
22.5,2,3,9,1667
22.5,2,3,10,1672
22.5,2,3,11,1677
22.5,2,3,12,1682
22.5,2,3,13,1687
22.5,2,3,14,1692
22.5,2,3,15,1697
22.5,2,4,0,1626
22.5,2,4,1,1631
22.5,2,4,2,1636
22.5,2,4,3,1641
22.5,2,4,4,1647
22.5,2,4,5,1652
22.5,2,4,6,1657
22.5,2,4,7,1662
22.5,2,4,8,1667
22.5,2,4,9,1672
22.5,2,4,10,1677
22.5,2,4,11,1682
22.5,2,4,12,1687
22.5,2,4,13,1692
22.5,2,4,14,1698
22.5,2,4,15,1703
22.5,2,5,0,1631
22.5,2,5,1,1636
22.5,2,5,2,1641
22.5,2,5,3,1647
22.5,2,5,4,1652
22.5,2,5,5,1657
22.5,2,5,6,1662
22.5,2,5,7,1667
22.5,2,5,8,1673
22.5,2,5,9,1678
22.5,2,5,10,1683
22.5,2,5,11,1688
22.5,2,5,12,1693
22.5,2,5,13,1698
22.5,2,5,14,1703
22.5,2,5,15,1708
22.5,2,6,0,1636
22.5,2,6,1,1642
22.5,2,6,2,1647
22.5,2,6,3,1652
22.5,2,6,4,1657
22.5,2,6,5,1662
22.5,2,6,6,1668
22.5,2,6,7,1673
22.5,2,6,8,1678
22.5,2,6,9,1683
22.5,2,6,10,1688
22.5,2,6,11,1693
22.5,2,6,12,1698
22.5,2,6,13,1704
22.5,2,6,14,1709
22.5,2,6,15,1714
22.5,2,7,0,1642
22.5,2,7,1,1647
22.5,2,7,2,1652
22.5,2,7,3,1657
22.5,2,7,4,1663
22.5,2,7,5,1668
22.5,2,7,6,1673
22.5,2,7,7,1678
22.5,2,7,8,1683
22.5,2,7,9,1689
22.5,2,7,10,1694
22.5,2,7,11,1699
22.5,2,7,12,1704
22.5,2,7,13,1709
22.5,2,7,14,1714
22.5,2,7,15,1719
22.5,2,8,0,1647
22.5,2,8,1,1652
22.5,2,8,2,1657
22.5,2,8,3,1663
22.5,2,8,4,1668
22.5,2,8,5,1673
22.5,2,8,6,1678
22.5,2,8,7,1684
22.5,2,8,8,1689
22.5,2,8,9,1694
22.5,2,8,10,1699
22.5,2,8,11,1704
22.5,2,8,12,1709
22.5,2,8,13,1714
22.5,2,8,14,1720
22.5,2,8,15,1725
22.5,2,9,0,1652
22.5,2,9,1,1657
22.5,2,9,2,1663
22.5,2,9,3,1668
22.5,2,9,4,1673
22.5,2,9,5,1678
22.5,2,9,6,1684
22.5,2,9,7,1689
22.5,2,9,8,1694
22.5,2,9,9,1699
22.5,2,9,10,1704
22.5,2,9,11,1710
22.5,2,9,12,1715
22.5,2,9,13,1720
22.5,2,9,14,1725
22.5,2,9,15,1730
22.5,2,10,0,1657
22.5,2,10,1,1663
22.5,2,10,2,1668
22.5,2,10,3,1673
22.5,2,10,4,1678
22.5,2,10,5,1684
22.5,2,10,6,1689
22.5,2,10,7,1694
22.5,2,10,8,1699
22.5,2,10,9,1705
22.5,2,10,10,1710
22.5,2,10,11,1715
22.5,2,10,12,1720
22.5,2,10,13,1725
22.5,2,10,14,1730
22.5,2,10,15,1736
22.5,2,11,0,1662
22.5,2,11,1,1668
22.5,2,11,2,1673
22.5,2,11,3,1678
22.5,2,11,4,1684
22.5,2,11,5,1689
22.5,2,11,6,1694
22.5,2,11,7,1700
22.5,2,11,8,1705
22.5,2,11,9,1710
22.5,2,11,10,1715
22.5,2,11,11,1720
22.5,2,11,12,1726
22.5,2,11,13,1731
22.5,2,11,14,1736
22.5,2,11,15,1741
22.5,2,12,0,1668
22.5,2,12,1,1673
22.5,2,12,2,1678
22.5,2,12,3,1684
22.5,2,12,4,1689
22.5,2,12,5,1694
22.5,2,12,6,1700
22.5,2,12,7,1705
22.5,2,12,8,1710
22.5,2,12,9,1715
22.5,2,12,10,1721
22.5,2,12,11,1726
22.5,2,12,12,1731
22.5,2,12,13,1736
22.5,2,12,14,1741
22.5,2,12,15,1746
22.5,2,13,0,1673
22.5,2,13,1,1678
22.5,2,13,2,1684
22.5,2,13,3,1689
22.5,2,13,4,1694
22.5,2,13,5,1700
22.5,2,13,6,1705
22.5,2,13,7,1710
22.5,2,13,8,1715
22.5,2,13,9,1721
22.5,2,13,10,1726
22.5,2,13,11,1731
22.5,2,13,12,1736
22.5,2,13,13,1742
22.5,2,13,14,1747
22.5,2,13,15,1752
22.5,2,14,0,1678
22.5,2,14,1,1683
22.5,2,14,2,1689
22.5,2,14,3,1694
22.5,2,14,4,1699
22.5,2,14,5,1705
22.5,2,14,6,1710
22.5,2,14,7,1715
22.5,2,14,8,1721
22.5,2,14,9,1726
22.5,2,14,10,1731
22.5,2,14,11,1737
22.5,2,14,12,1742
22.5,2,14,13,1747
22.5,2,14,14,1752
22.5,2,14,15,1757
22.5,2,15,0,1683
22.5,2,15,1,1689
22.5,2,15,2,1694
22.5,2,15,3,1699
22.5,2,15,4,1705
22.5,2,15,5,1710
22.5,2,15,6,1715
22.5,2,15,7,1721
22.5,2,15,8,1726
22.5,2,15,9,1731
22.5,2,15,10,1737
22.5,2,15,11,1742
22.5,2,15,12,1747
22.5,2,15,13,1752
22.5,2,15,14,1757
22.5,2,15,15,1763
22.5,3,0,0,1610
22.5,3,0,1,1616
22.5,3,0,2,1621
22.5,3,0,3,1626
22.5,3,0,4,1631
22.5,3,0,5,1636
22.5,3,0,6,1641
22.5,3,0,7,1646
22.5,3,0,8,1651
22.5,3,0,9,1656
22.5,3,0,10,1662
22.5,3,0,11,1667
22.5,3,0,12,1672
22.5,3,0,13,1677
22.5,3,0,14,1682
22.5,3,0,15,1687
22.5,3,1,0,1616
22.5,3,1,1,1621
22.5,3,1,2,1626
22.5,3,1,3,1631
22.5,3,1,4,1636
22.5,3,1,5,1642
22.5,3,1,6,1647
22.5,3,1,7,1652
22.5,3,1,8,1657
22.5,3,1,9,1662
22.5,3,1,10,1667
22.5,3,1,11,1672
22.5,3,1,12,1677
22.5,3,1,13,1682
22.5,3,1,14,1687
22.5,3,1,15,1692
22.5,3,2,0,1621
22.5,3,2,1,1626
22.5,3,2,2,1632
22.5,3,2,3,1637
22.5,3,2,4,1642
22.5,3,2,5,1647
22.5,3,2,6,1652
22.5,3,2,7,1657
22.5,3,2,8,1662
22.5,3,2,9,1668
22.5,3,2,10,1673
22.5,3,2,11,1678
22.5,3,2,12,1683
22.5,3,2,13,1688
22.5,3,2,14,1693
22.5,3,2,15,1698
22.5,3,3,0,1627
22.5,3,3,1,1632
22.5,3,3,2,1637
22.5,3,3,3,1642
22.5,3,3,4,1647
22.5,3,3,5,1653
22.5,3,3,6,1658
22.5,3,3,7,1663
22.5,3,3,8,1668
22.5,3,3,9,1673
22.5,3,3,10,1678
22.5,3,3,11,1683
22.5,3,3,12,1688
22.5,3,3,13,1693
22.5,3,3,14,1698
22.5,3,3,15,1703
22.5,3,4,0,1632
22.5,3,4,1,1637
22.5,3,4,2,1642
22.5,3,4,3,1648
22.5,3,4,4,1653
22.5,3,4,5,1658
22.5,3,4,6,1663
22.5,3,4,7,1668
22.5,3,4,8,1673
22.5,3,4,9,1679
22.5,3,4,10,1684
22.5,3,4,11,1689
22.5,3,4,12,1694
22.5,3,4,13,1699
22.5,3,4,14,1704
22.5,3,4,15,1709
22.5,3,5,0,1637
22.5,3,5,1,1642
22.5,3,5,2,1648
22.5,3,5,3,1653
22.5,3,5,4,1658
22.5,3,5,5,1663
22.5,3,5,6,1669
22.5,3,5,7,1674
22.5,3,5,8,1679
22.5,3,5,9,1684
22.5,3,5,10,1689
22.5,3,5,11,1694
22.5,3,5,12,1699
22.5,3,5,13,1704
22.5,3,5,14,1710
22.5,3,5,15,1715
22.5,3,6,0,1642
22.5,3,6,1,1648
22.5,3,6,2,1653
22.5,3,6,3,1658
22.5,3,6,4,1664
22.5,3,6,5,1669
22.5,3,6,6,1674
22.5,3,6,7,1679
22.5,3,6,8,1684
22.5,3,6,9,1690
22.5,3,6,10,1695
22.5,3,6,11,1700
22.5,3,6,12,1705
22.5,3,6,13,1710
22.5,3,6,14,1715
22.5,3,6,15,1720
22.5,3,7,0,1648
22.5,3,7,1,1653
22.5,3,7,2,1658
22.5,3,7,3,1664
22.5,3,7,4,1669
22.5,3,7,5,1674
22.5,3,7,6,1679
22.5,3,7,7,1685
22.5,3,7,8,1690
22.5,3,7,9,1695
22.5,3,7,10,1700
22.5,3,7,11,1705
22.5,3,7,12,1710
22.5,3,7,13,1716
22.5,3,7,14,1721
22.5,3,7,15,1726
22.5,3,8,0,1653
22.5,3,8,1,1658
22.5,3,8,2,1664
22.5,3,8,3,1669
22.5,3,8,4,1674
22.5,3,8,5,1680
22.5,3,8,6,1685
22.5,3,8,7,1690
22.5,3,8,8,1695
22.5,3,8,9,1700
22.5,3,8,10,1706
22.5,3,8,11,1711
22.5,3,8,12,1716
22.5,3,8,13,1721
22.5,3,8,14,1726
22.5,3,8,15,1731
22.5,3,9,0,1658
22.5,3,9,1,1664
22.5,3,9,2,1669
22.5,3,9,3,1674
22.5,3,9,4,1680
22.5,3,9,5,1685
22.5,3,9,6,1690
22.5,3,9,7,1695
22.5,3,9,8,1701
22.5,3,9,9,1706
22.5,3,9,10,1711
22.5,3,9,11,1716
22.5,3,9,12,1721
22.5,3,9,13,1726
22.5,3,9,14,1732
22.5,3,9,15,1737
22.5,3,10,0,1664
22.5,3,10,1,1669
22.5,3,10,2,1674
22.5,3,10,3,1680
22.5,3,10,4,1685
22.5,3,10,5,1690
22.5,3,10,6,1695
22.5,3,10,7,1701
22.5,3,10,8,1706
22.5,3,10,9,1711
22.5,3,10,10,1716
22.5,3,10,11,1722
22.5,3,10,12,1727
22.5,3,10,13,1732
22.5,3,10,14,1737
22.5,3,10,15,1742
22.5,3,11,0,1669
22.5,3,11,1,1674
22.5,3,11,2,1680
22.5,3,11,3,1685
22.5,3,11,4,1690
22.5,3,11,5,1695
22.5,3,11,6,1701
22.5,3,11,7,1706
22.5,3,11,8,1711
22.5,3,11,9,1717
22.5,3,11,10,1722
22.5,3,11,11,1727
22.5,3,11,12,1732
22.5,3,11,13,1737
22.5,3,11,14,1743
22.5,3,11,15,1748
22.5,3,12,0,1674
22.5,3,12,1,1679
22.5,3,12,2,1685
22.5,3,12,3,1690
22.5,3,12,4,1695
22.5,3,12,5,1701
22.5,3,12,6,1706
22.5,3,12,7,1711
22.5,3,12,8,1717
22.5,3,12,9,1722
22.5,3,12,10,1727
22.5,3,12,11,1732
22.5,3,12,12,1738
22.5,3,12,13,1743
22.5,3,12,14,1748
22.5,3,12,15,1753
22.5,3,13,0,1679
22.5,3,13,1,1685
22.5,3,13,2,1690
22.5,3,13,3,1695
22.5,3,13,4,1701
22.5,3,13,5,1706
22.5,3,13,6,1711
22.5,3,13,7,1717
22.5,3,13,8,1722
22.5,3,13,9,1727
22.5,3,13,10,1733
22.5,3,13,11,1738
22.5,3,13,12,1743
22.5,3,13,13,1748
22.5,3,13,14,1753
22.5,3,13,15,1759
22.5,3,14,0,1684
22.5,3,14,1,1690
22.5,3,14,2,1695
22.5,3,14,3,1701
22.5,3,14,4,1706
22.5,3,14,5,1711
22.5,3,14,6,1717
22.5,3,14,7,1722
22.5,3,14,8,1727
22.5,3,14,9,1733
22.5,3,14,10,1738
22.5,3,14,11,1743
22.5,3,14,12,1748
22.5,3,14,13,1754
22.5,3,14,14,1759
22.5,3,14,15,1764
22.5,3,15,0,1690
22.5,3,15,1,1695
22.5,3,15,2,1700
22.5,3,15,3,1706
22.5,3,15,4,1711
22.5,3,15,5,1717
22.5,3,15,6,1722
22.5,3,15,7,1727
22.5,3,15,8,1733
22.5,3,15,9,1738
22.5,3,15,10,1743
22.5,3,15,11,1748
22.5,3,15,12,1754
22.5,3,15,13,1759
22.5,3,15,14,1764
22.5,3,15,15,1769
22.5,4,0,0,1616
22.5,4,0,1,1622
22.5,4,0,2,1627
22.5,4,0,3,1632
22.5,4,0,4,1637
22.5,4,0,5,1642
22.5,4,0,6,1647
22.5,4,0,7,1653
22.5,4,0,8,1658
22.5,4,0,9,1663
22.5,4,0,10,1668
22.5,4,0,11,1673
22.5,4,0,12,1678
22.5,4,0,13,1683
22.5,4,0,14,1688
22.5,4,0,15,1693
22.5,4,1,0,1622
22.5,4,1,1,1627
22.5,4,1,2,1632
22.5,4,1,3,1638
22.5,4,1,4,1643
22.5,4,1,5,1648
22.5,4,1,6,1653
22.5,4,1,7,1658
22.5,4,1,8,1663
22.5,4,1,9,1668
22.5,4,1,10,1673
22.5,4,1,11,1678
22.5,4,1,12,1684
22.5,4,1,13,1689
22.5,4,1,14,1694
22.5,4,1,15,1699
22.5,4,2,0,1627
22.5,4,2,1,1633
22.5,4,2,2,1638
22.5,4,2,3,1643
22.5,4,2,4,1648
22.5,4,2,5,1653
22.5,4,2,6,1658
22.5,4,2,7,1664
22.5,4,2,8,1669
22.5,4,2,9,1674
22.5,4,2,10,1679
22.5,4,2,11,1684
22.5,4,2,12,1689
22.5,4,2,13,1694
22.5,4,2,14,1699
22.5,4,2,15,1704
22.5,4,3,0,1633
22.5,4,3,1,1638
22.5,4,3,2,1643
22.5,4,3,3,1648
22.5,4,3,4,1654
22.5,4,3,5,1659
22.5,4,3,6,1664
22.5,4,3,7,1669
22.5,4,3,8,1674
22.5,4,3,9,1679
22.5,4,3,10,1685
22.5,4,3,11,1690
22.5,4,3,12,1695
22.5,4,3,13,1700
22.5,4,3,14,1705
22.5,4,3,15,1710
22.5,4,4,0,1638
22.5,4,4,1,1643
22.5,4,4,2,1649
22.5,4,4,3,1654
22.5,4,4,4,1659
22.5,4,4,5,1664
22.5,4,4,6,1669
22.5,4,4,7,1675
22.5,4,4,8,1680
22.5,4,4,9,1685
22.5,4,4,10,1690
22.5,4,4,11,1695
22.5,4,4,12,1700
22.5,4,4,13,1705
22.5,4,4,14,1710
22.5,4,4,15,1715
22.5,4,5,0,1643
22.5,4,5,1,1649
22.5,4,5,2,1654
22.5,4,5,3,1659
22.5,4,5,4,1664
22.5,4,5,5,1670
22.5,4,5,6,1675
22.5,4,5,7,1680
22.5,4,5,8,1685
22.5,4,5,9,1690
22.5,4,5,10,1696
22.5,4,5,11,1701
22.5,4,5,12,1706
22.5,4,5,13,1711
22.5,4,5,14,1716
22.5,4,5,15,1721
22.5,4,6,0,1649
22.5,4,6,1,1654
22.5,4,6,2,1659
22.5,4,6,3,1665
22.5,4,6,4,1670
22.5,4,6,5,1675
22.5,4,6,6,1680
22.5,4,6,7,1686
22.5,4,6,8,1691
22.5,4,6,9,1696
22.5,4,6,10,1701
22.5,4,6,11,1706
22.5,4,6,12,1711
22.5,4,6,13,1716
22.5,4,6,14,1722
22.5,4,6,15,1727
22.5,4,7,0,1654
22.5,4,7,1,1659
22.5,4,7,2,1665
22.5,4,7,3,1670
22.5,4,7,4,1675
22.5,4,7,5,1680
22.5,4,7,6,1686
22.5,4,7,7,1691
22.5,4,7,8,1696
22.5,4,7,9,1701
22.5,4,7,10,1707
22.5,4,7,11,1712
22.5,4,7,12,1717
22.5,4,7,13,1722
22.5,4,7,14,1727
22.5,4,7,15,1732
22.5,4,8,0,1659
22.5,4,8,1,1665
22.5,4,8,2,1670
22.5,4,8,3,1675
22.5,4,8,4,1681
22.5,4,8,5,1686
22.5,4,8,6,1691
22.5,4,8,7,1696
22.5,4,8,8,1702
22.5,4,8,9,1707
22.5,4,8,10,1712
22.5,4,8,11,1717
22.5,4,8,12,1722
22.5,4,8,13,1728
22.5,4,8,14,1733
22.5,4,8,15,1738
22.5,4,9,0,1665
22.5,4,9,1,1670
22.5,4,9,2,1675
22.5,4,9,3,1681
22.5,4,9,4,1686
22.5,4,9,5,1691
22.5,4,9,6,1697
22.5,4,9,7,1702
22.5,4,9,8,1707
22.5,4,9,9,1712
22.5,4,9,10,1717
22.5,4,9,11,1723
22.5,4,9,12,1728
22.5,4,9,13,1733
22.5,4,9,14,1738
22.5,4,9,15,1743
22.5,4,10,0,1670
22.5,4,10,1,1675
22.5,4,10,2,1681
22.5,4,10,3,1686
22.5,4,10,4,1691
22.5,4,10,5,1697
22.5,4,10,6,1702
22.5,4,10,7,1707
22.5,4,10,8,1712
22.5,4,10,9,1718
22.5,4,10,10,1723
22.5,4,10,11,1728
22.5,4,10,12,1733
22.5,4,10,13,1738
22.5,4,10,14,1744
22.5,4,10,15,1749
22.5,4,11,0,1675
22.5,4,11,1,1680
22.5,4,11,2,1686
22.5,4,11,3,1691
22.5,4,11,4,1697
22.5,4,11,5,1702
22.5,4,11,6,1707
22.5,4,11,7,1713
22.5,4,11,8,1718
22.5,4,11,9,1723
22.5,4,11,10,1728
22.5,4,11,11,1734
22.5,4,11,12,1739
22.5,4,11,13,1744
22.5,4,11,14,1749
22.5,4,11,15,1754
22.5,4,12,0,1680
22.5,4,12,1,1686
22.5,4,12,2,1691
22.5,4,12,3,1697
22.5,4,12,4,1702
22.5,4,12,5,1707
22.5,4,12,6,1713
22.5,4,12,7,1718
22.5,4,12,8,1723
22.5,4,12,9,1728
22.5,4,12,10,1734
22.5,4,12,11,1739
22.5,4,12,12,1744
22.5,4,12,13,1749
22.5,4,12,14,1755
22.5,4,12,15,1760
22.5,4,13,0,1686
22.5,4,13,1,1691
22.5,4,13,2,1696
22.5,4,13,3,1702
22.5,4,13,4,1707
22.5,4,13,5,1713
22.5,4,13,6,1718
22.5,4,13,7,1723
22.5,4,13,8,1728
22.5,4,13,9,1734
22.5,4,13,10,1739
22.5,4,13,11,1744
22.5,4,13,12,1750
22.5,4,13,13,1755
22.5,4,13,14,1760
22.5,4,13,15,1765
22.5,4,14,0,1691
22.5,4,14,1,1696
22.5,4,14,2,1702
22.5,4,14,3,1707
22.5,4,14,4,1712
22.5,4,14,5,1718
22.5,4,14,6,1723
22.5,4,14,7,1728
22.5,4,14,8,1734
22.5,4,14,9,1739
22.5,4,14,10,1744
22.5,4,14,11,1750
22.5,4,14,12,1755
22.5,4,14,13,1760
22.5,4,14,14,1765
22.5,4,14,15,1771
22.5,4,15,0,1696
22.5,4,15,1,1701
22.5,4,15,2,1707
22.5,4,15,3,1712
22.5,4,15,4,1718
22.5,4,15,5,1723
22.5,4,15,6,1728
22.5,4,15,7,1734
22.5,4,15,8,1739
22.5,4,15,9,1744
22.5,4,15,10,1750
22.5,4,15,11,1755
22.5,4,15,12,1760
22.5,4,15,13,1766
22.5,4,15,14,1771
22.5,4,15,15,1776
22.5,5,0,0,1623
22.5,5,0,1,1628
22.5,5,0,2,1633
22.5,5,0,3,1638
22.5,5,0,4,1643
22.5,5,0,5,1649
22.5,5,0,6,1654
22.5,5,0,7,1659
22.5,5,0,8,1664
22.5,5,0,9,1669
22.5,5,0,10,1674
22.5,5,0,11,1679
22.5,5,0,12,1684
22.5,5,0,13,1689
22.5,5,0,14,1694
22.5,5,0,15,1699
22.5,5,1,0,1628
22.5,5,1,1,1633
22.5,5,1,2,1638
22.5,5,1,3,1644
22.5,5,1,4,1649
22.5,5,1,5,1654
22.5,5,1,6,1659
22.5,5,1,7,1664
22.5,5,1,8,1670
22.5,5,1,9,1675
22.5,5,1,10,1680
22.5,5,1,11,1685
22.5,5,1,12,1690
22.5,5,1,13,1695
22.5,5,1,14,1700
22.5,5,1,15,1705
22.5,5,2,0,1633
22.5,5,2,1,1639
22.5,5,2,2,1644
22.5,5,2,3,1649
22.5,5,2,4,1654
22.5,5,2,5,1660
22.5,5,2,6,1665
22.5,5,2,7,1670
22.5,5,2,8,1675
22.5,5,2,9,1680
22.5,5,2,10,1685
22.5,5,2,11,1690
22.5,5,2,12,1696
22.5,5,2,13,1701
22.5,5,2,14,1706
22.5,5,2,15,1711
22.5,5,3,0,1639
22.5,5,3,1,1644
22.5,5,3,2,1649
22.5,5,3,3,1655
22.5,5,3,4,1660
22.5,5,3,5,1665
22.5,5,3,6,1670
22.5,5,3,7,1675
22.5,5,3,8,1681
22.5,5,3,9,1686
22.5,5,3,10,1691
22.5,5,3,11,1696
22.5,5,3,12,1701
22.5,5,3,13,1706
22.5,5,3,14,1711
22.5,5,3,15,1716
22.5,5,4,0,1644
22.5,5,4,1,1650
22.5,5,4,2,1655
22.5,5,4,3,1660
22.5,5,4,4,1665
22.5,5,4,5,1671
22.5,5,4,6,1676
22.5,5,4,7,1681
22.5,5,4,8,1686
22.5,5,4,9,1691
22.5,5,4,10,1696
22.5,5,4,11,1702
22.5,5,4,12,1707
22.5,5,4,13,1712
22.5,5,4,14,1717
22.5,5,4,15,1722
22.5,5,5,0,1650
22.5,5,5,1,1655
22.5,5,5,2,1660
22.5,5,5,3,1665
22.5,5,5,4,1671
22.5,5,5,5,1676
22.5,5,5,6,1681
22.5,5,5,7,1686
22.5,5,5,8,1692
22.5,5,5,9,1697
22.5,5,5,10,1702
22.5,5,5,11,1707
22.5,5,5,12,1712
22.5,5,5,13,1717
22.5,5,5,14,1722
22.5,5,5,15,1728
22.5,5,6,0,1655
22.5,5,6,1,1660
22.5,5,6,2,1666
22.5,5,6,3,1671
22.5,5,6,4,1676
22.5,5,6,5,1681
22.5,5,6,6,1687
22.5,5,6,7,1692
22.5,5,6,8,1697
22.5,5,6,9,1702
22.5,5,6,10,1707
22.5,5,6,11,1713
22.5,5,6,12,1718
22.5,5,6,13,1723
22.5,5,6,14,1728
22.5,5,6,15,1733
22.5,5,7,0,1660
22.5,5,7,1,1666
22.5,5,7,2,1671
22.5,5,7,3,1676
22.5,5,7,4,1682
22.5,5,7,5,1687
22.5,5,7,6,1692
22.5,5,7,7,1697
22.5,5,7,8,1703
22.5,5,7,9,1708
22.5,5,7,10,1713
22.5,5,7,11,1718
22.5,5,7,12,1723
22.5,5,7,13,1729
22.5,5,7,14,1734
22.5,5,7,15,1739
22.5,5,8,0,1666
22.5,5,8,1,1671
22.5,5,8,2,1676
22.5,5,8,3,1682
22.5,5,8,4,1687
22.5,5,8,5,1692
22.5,5,8,6,1698
22.5,5,8,7,1703
22.5,5,8,8,1708
22.5,5,8,9,1713
22.5,5,8,10,1718
22.5,5,8,11,1724
22.5,5,8,12,1729
22.5,5,8,13,1734
22.5,5,8,14,1739
22.5,5,8,15,1744
22.5,5,9,0,1671
22.5,5,9,1,1676
22.5,5,9,2,1682
22.5,5,9,3,1687
22.5,5,9,4,1692
22.5,5,9,5,1698
22.5,5,9,6,1703
22.5,5,9,7,1708
22.5,5,9,8,1713
22.5,5,9,9,1719
22.5,5,9,10,1724
22.5,5,9,11,1729
22.5,5,9,12,1734
22.5,5,9,13,1740
22.5,5,9,14,1745
22.5,5,9,15,1750
22.5,5,10,0,1676
22.5,5,10,1,1682
22.5,5,10,2,1687
22.5,5,10,3,1692
22.5,5,10,4,1698
22.5,5,10,5,1703
22.5,5,10,6,1708
22.5,5,10,7,1714
22.5,5,10,8,1719
22.5,5,10,9,1724
22.5,5,10,10,1729
22.5,5,10,11,1735
22.5,5,10,12,1740
22.5,5,10,13,1745
22.5,5,10,14,1750
22.5,5,10,15,1755
22.5,5,11,0,1681
22.5,5,11,1,1687
22.5,5,11,2,1692
22.5,5,11,3,1698
22.5,5,11,4,1703
22.5,5,11,5,1708
22.5,5,11,6,1714
22.5,5,11,7,1719
22.5,5,11,8,1724
22.5,5,11,9,1730
22.5,5,11,10,1735
22.5,5,11,11,1740
22.5,5,11,12,1745
22.5,5,11,13,1751
22.5,5,11,14,1756
22.5,5,11,15,1761
22.5,5,12,0,1687
22.5,5,12,1,1692
22.5,5,12,2,1698
22.5,5,12,3,1703
22.5,5,12,4,1708
22.5,5,12,5,1714
22.5,5,12,6,1719
22.5,5,12,7,1724
22.5,5,12,8,1730
22.5,5,12,9,1735
22.5,5,12,10,1740
22.5,5,12,11,1746
22.5,5,12,12,1751
22.5,5,12,13,1756
22.5,5,12,14,1761
22.5,5,12,15,1766
22.5,5,13,0,1692
22.5,5,13,1,1697
22.5,5,13,2,1703
22.5,5,13,3,1708
22.5,5,13,4,1714
22.5,5,13,5,1719
22.5,5,13,6,1724
22.5,5,13,7,1730
22.5,5,13,8,1735
22.5,5,13,9,1740
22.5,5,13,10,1746
22.5,5,13,11,1751
22.5,5,13,12,1756
22.5,5,13,13,1761
22.5,5,13,14,1767
22.5,5,13,15,1772
22.5,5,14,0,1697
22.5,5,14,1,1703
22.5,5,14,2,1708
22.5,5,14,3,1713
22.5,5,14,4,1719
22.5,5,14,5,1724
22.5,5,14,6,1730
22.5,5,14,7,1735
22.5,5,14,8,1740
22.5,5,14,9,1746
22.5,5,14,10,1751
22.5,5,14,11,1756
22.5,5,14,12,1762
22.5,5,14,13,1767
22.5,5,14,14,1772
22.5,5,14,15,1777
22.5,5,15,0,1702
22.5,5,15,1,1708
22.5,5,15,2,1713
22.5,5,15,3,1719
22.5,5,15,4,1724
22.5,5,15,5,1730
22.5,5,15,6,1735
22.5,5,15,7,1740
22.5,5,15,8,1746
22.5,5,15,9,1751
22.5,5,15,10,1756
22.5,5,15,11,1762
22.5,5,15,12,1767
22.5,5,15,13,1772
22.5,5,15,14,1778
22.5,5,15,15,1783
22.5,6,0,0,1629
22.5,6,0,1,1634
22.5,6,0,2,1639
22.5,6,0,3,1644
22.5,6,0,4,1650
22.5,6,0,5,1655
22.5,6,0,6,1660
22.5,6,0,7,1665
22.5,6,0,8,1670
22.5,6,0,9,1675
22.5,6,0,10,1680
22.5,6,0,11,1685
22.5,6,0,12,1691
22.5,6,0,13,1696
22.5,6,0,14,1701
22.5,6,0,15,1706
22.5,6,1,0,1634
22.5,6,1,1,1639
22.5,6,1,2,1645
22.5,6,1,3,1650
22.5,6,1,4,1655
22.5,6,1,5,1660
22.5,6,1,6,1665
22.5,6,1,7,1671
22.5,6,1,8,1676
22.5,6,1,9,1681
22.5,6,1,10,1686
22.5,6,1,11,1691
22.5,6,1,12,1696
22.5,6,1,13,1701
22.5,6,1,14,1706
22.5,6,1,15,1711
22.5,6,2,0,1640
22.5,6,2,1,1645
22.5,6,2,2,1650
22.5,6,2,3,1655
22.5,6,2,4,1661
22.5,6,2,5,1666
22.5,6,2,6,1671
22.5,6,2,7,1676
22.5,6,2,8,1681
22.5,6,2,9,1687
22.5,6,2,10,1692
22.5,6,2,11,1697
22.5,6,2,12,1702
22.5,6,2,13,1707
22.5,6,2,14,1712
22.5,6,2,15,1717
22.5,6,3,0,1645
22.5,6,3,1,1650
22.5,6,3,2,1656
22.5,6,3,3,1661
22.5,6,3,4,1666
22.5,6,3,5,1671
22.5,6,3,6,1677
22.5,6,3,7,1682
22.5,6,3,8,1687
22.5,6,3,9,1692
22.5,6,3,10,1697
22.5,6,3,11,1702
22.5,6,3,12,1708
22.5,6,3,13,1713
22.5,6,3,14,1718
22.5,6,3,15,1723
22.5,6,4,0,1650
22.5,6,4,1,1656
22.5,6,4,2,1661
22.5,6,4,3,1666
22.5,6,4,4,1672
22.5,6,4,5,1677
22.5,6,4,6,1682
22.5,6,4,7,1687
22.5,6,4,8,1692
22.5,6,4,9,1698
22.5,6,4,10,1703
22.5,6,4,11,1708
22.5,6,4,12,1713
22.5,6,4,13,1718
22.5,6,4,14,1723
22.5,6,4,15,1728
22.5,6,5,0,1656
22.5,6,5,1,1661
22.5,6,5,2,1666
22.5,6,5,3,1672
22.5,6,5,4,1677
22.5,6,5,5,1682
22.5,6,5,6,1688
22.5,6,5,7,1693
22.5,6,5,8,1698
22.5,6,5,9,1703
22.5,6,5,10,1708
22.5,6,5,11,1714
22.5,6,5,12,1719
22.5,6,5,13,1724
22.5,6,5,14,1729
22.5,6,5,15,1734
22.5,6,6,0,1661
22.5,6,6,1,1667
22.5,6,6,2,1672
22.5,6,6,3,1677
22.5,6,6,4,1682
22.5,6,6,5,1688
22.5,6,6,6,1693
22.5,6,6,7,1698
22.5,6,6,8,1703
22.5,6,6,9,1709
22.5,6,6,10,1714
22.5,6,6,11,1719
22.5,6,6,12,1724
22.5,6,6,13,1729
22.5,6,6,14,1735
22.5,6,6,15,1740
22.5,6,7,0,1667
22.5,6,7,1,1672
22.5,6,7,2,1677
22.5,6,7,3,1683
22.5,6,7,4,1688
22.5,6,7,5,1693
22.5,6,7,6,1698
22.5,6,7,7,1704
22.5,6,7,8,1709
22.5,6,7,9,1714
22.5,6,7,10,1719
22.5,6,7,11,1725
22.5,6,7,12,1730
22.5,6,7,13,1735
22.5,6,7,14,1740
22.5,6,7,15,1745
22.5,6,8,0,1672
22.5,6,8,1,1677
22.5,6,8,2,1683
22.5,6,8,3,1688
22.5,6,8,4,1693
22.5,6,8,5,1699
22.5,6,8,6,1704
22.5,6,8,7,1709
22.5,6,8,8,1714
22.5,6,8,9,1720
22.5,6,8,10,1725
22.5,6,8,11,1730
22.5,6,8,12,1735
22.5,6,8,13,1741
22.5,6,8,14,1746
22.5,6,8,15,1751
22.5,6,9,0,1677
22.5,6,9,1,1683
22.5,6,9,2,1688
22.5,6,9,3,1693
22.5,6,9,4,1699
22.5,6,9,5,1704
22.5,6,9,6,1709
22.5,6,9,7,1715
22.5,6,9,8,1720
22.5,6,9,9,1725
22.5,6,9,10,1730
22.5,6,9,11,1736
22.5,6,9,12,1741
22.5,6,9,13,1746
22.5,6,9,14,1751
22.5,6,9,15,1756
22.5,6,10,0,1682
22.5,6,10,1,1688
22.5,6,10,2,1693
22.5,6,10,3,1699
22.5,6,10,4,1704
22.5,6,10,5,1709
22.5,6,10,6,1715
22.5,6,10,7,1720
22.5,6,10,8,1725
22.5,6,10,9,1731
22.5,6,10,10,1736
22.5,6,10,11,1741
22.5,6,10,12,1746
22.5,6,10,13,1752
22.5,6,10,14,1757
22.5,6,10,15,1762
22.5,6,11,0,1688
22.5,6,11,1,1693
22.5,6,11,2,1699
22.5,6,11,3,1704
22.5,6,11,4,1709
22.5,6,11,5,1715
22.5,6,11,6,1720
22.5,6,11,7,1725
22.5,6,11,8,1731
22.5,6,11,9,1736
22.5,6,11,10,1741
22.5,6,11,11,1747
22.5,6,11,12,1752
22.5,6,11,13,1757
22.5,6,11,14,1762
22.5,6,11,15,1768
22.5,6,12,0,1693
22.5,6,12,1,1698
22.5,6,12,2,1704
22.5,6,12,3,1709
22.5,6,12,4,1715
22.5,6,12,5,1720
22.5,6,12,6,1725
22.5,6,12,7,1731
22.5,6,12,8,1736
22.5,6,12,9,1741
22.5,6,12,10,1747
22.5,6,12,11,1752
22.5,6,12,12,1757
22.5,6,12,13,1763
22.5,6,12,14,1768
22.5,6,12,15,1773
22.5,6,13,0,1698
22.5,6,13,1,1704
22.5,6,13,2,1709
22.5,6,13,3,1715
22.5,6,13,4,1720
22.5,6,13,5,1725
22.5,6,13,6,1731
22.5,6,13,7,1736
22.5,6,13,8,1742
22.5,6,13,9,1747
22.5,6,13,10,1752
22.5,6,13,11,1758
22.5,6,13,12,1763
22.5,6,13,13,1768
22.5,6,13,14,1773
22.5,6,13,15,1779
22.5,6,14,0,1703
22.5,6,14,1,1709
22.5,6,14,2,1714
22.5,6,14,3,1720
22.5,6,14,4,1725
22.5,6,14,5,1731
22.5,6,14,6,1736
22.5,6,14,7,1742
22.5,6,14,8,1747
22.5,6,14,9,1752
22.5,6,14,10,1758
22.5,6,14,11,1763
22.5,6,14,12,1768
22.5,6,14,13,1774
22.5,6,14,14,1779
22.5,6,14,15,1784
22.5,6,15,0,1709
22.5,6,15,1,1714
22.5,6,15,2,1720
22.5,6,15,3,1725
22.5,6,15,4,1731
22.5,6,15,5,1736
22.5,6,15,6,1741
22.5,6,15,7,1747
22.5,6,15,8,1752
22.5,6,15,9,1758
22.5,6,15,10,1763
22.5,6,15,11,1768
22.5,6,15,12,1774
22.5,6,15,13,1779
22.5,6,15,14,1784
22.5,6,15,15,1790
22.5,7,0,0,1635
22.5,7,0,1,1640
22.5,7,0,2,1645
22.5,7,0,3,1651
22.5,7,0,4,1656
22.5,7,0,5,1661
22.5,7,0,6,1666
22.5,7,0,7,1671
22.5,7,0,8,1676
22.5,7,0,9,1682
22.5,7,0,10,1687
22.5,7,0,11,1692
22.5,7,0,12,1697
22.5,7,0,13,1702
22.5,7,0,14,1707
22.5,7,0,15,1712
22.5,7,1,0,1640
22.5,7,1,1,1646
22.5,7,1,2,1651
22.5,7,1,3,1656
22.5,7,1,4,1661
22.5,7,1,5,1667
22.5,7,1,6,1672
22.5,7,1,7,1677
22.5,7,1,8,1682
22.5,7,1,9,1687
22.5,7,1,10,1692
22.5,7,1,11,1697
22.5,7,1,12,1703
22.5,7,1,13,1708
22.5,7,1,14,1713
22.5,7,1,15,1718
22.5,7,2,0,1646
22.5,7,2,1,1651
22.5,7,2,2,1656
22.5,7,2,3,1662
22.5,7,2,4,1667
22.5,7,2,5,1672
22.5,7,2,6,1677
22.5,7,2,7,1682
22.5,7,2,8,1688
22.5,7,2,9,1693
22.5,7,2,10,1698
22.5,7,2,11,1703
22.5,7,2,12,1708
22.5,7,2,13,1713
22.5,7,2,14,1718
22.5,7,2,15,1724
22.5,7,3,0,1651
22.5,7,3,1,1656
22.5,7,3,2,1662
22.5,7,3,3,1667
22.5,7,3,4,1672
22.5,7,3,5,1678
22.5,7,3,6,1683
22.5,7,3,7,1688
22.5,7,3,8,1693
22.5,7,3,9,1698
22.5,7,3,10,1704
22.5,7,3,11,1709
22.5,7,3,12,1714
22.5,7,3,13,1719
22.5,7,3,14,1724
22.5,7,3,15,1729
22.5,7,4,0,1657
22.5,7,4,1,1662
22.5,7,4,2,1667
22.5,7,4,3,1673
22.5,7,4,4,1678
22.5,7,4,5,1683
22.5,7,4,6,1688
22.5,7,4,7,1694
22.5,7,4,8,1699
22.5,7,4,9,1704
22.5,7,4,10,1709
22.5,7,4,11,1714
22.5,7,4,12,1720
22.5,7,4,13,1725
22.5,7,4,14,1730
22.5,7,4,15,1735
22.5,7,5,0,1662
22.5,7,5,1,1667
22.5,7,5,2,1673
22.5,7,5,3,1678
22.5,7,5,4,1683
22.5,7,5,5,1689
22.5,7,5,6,1694
22.5,7,5,7,1699
22.5,7,5,8,1704
22.5,7,5,9,1710
22.5,7,5,10,1715
22.5,7,5,11,1720
22.5,7,5,12,1725
22.5,7,5,13,1730
22.5,7,5,14,1735
22.5,7,5,15,1741
22.5,7,6,0,1667
22.5,7,6,1,1673
22.5,7,6,2,1678
22.5,7,6,3,1683
22.5,7,6,4,1689
22.5,7,6,5,1694
22.5,7,6,6,1699
22.5,7,6,7,1705
22.5,7,6,8,1710
22.5,7,6,9,1715
22.5,7,6,10,1720
22.5,7,6,11,1726
22.5,7,6,12,1731
22.5,7,6,13,1736
22.5,7,6,14,1741
22.5,7,6,15,1746
22.5,7,7,0,1673
22.5,7,7,1,1678
22.5,7,7,2,1684
22.5,7,7,3,1689
22.5,7,7,4,1694
22.5,7,7,5,1700
22.5,7,7,6,1705
22.5,7,7,7,1710
22.5,7,7,8,1715
22.5,7,7,9,1721
22.5,7,7,10,1726
22.5,7,7,11,1731
22.5,7,7,12,1736
22.5,7,7,13,1742
22.5,7,7,14,1747
22.5,7,7,15,1752
22.5,7,8,0,1678
22.5,7,8,1,1684
22.5,7,8,2,1689
22.5,7,8,3,1694
22.5,7,8,4,1700
22.5,7,8,5,1705
22.5,7,8,6,1710
22.5,7,8,7,1716
22.5,7,8,8,1721
22.5,7,8,9,1726
22.5,7,8,10,1731
22.5,7,8,11,1737
22.5,7,8,12,1742
22.5,7,8,13,1747
22.5,7,8,14,1752
22.5,7,8,15,1757
22.5,7,9,0,1683
22.5,7,9,1,1689
22.5,7,9,2,1694
22.5,7,9,3,1700
22.5,7,9,4,1705
22.5,7,9,5,1710
22.5,7,9,6,1716
22.5,7,9,7,1721
22.5,7,9,8,1726
22.5,7,9,9,1732
22.5,7,9,10,1737
22.5,7,9,11,1742
22.5,7,9,12,1747
22.5,7,9,13,1753
22.5,7,9,14,1758
22.5,7,9,15,1763
22.5,7,10,0,1689
22.5,7,10,1,1694
22.5,7,10,2,1700
22.5,7,10,3,1705
22.5,7,10,4,1710
22.5,7,10,5,1716
22.5,7,10,6,1721
22.5,7,10,7,1726
22.5,7,10,8,1732
22.5,7,10,9,1737
22.5,7,10,10,1742
22.5,7,10,11,1748
22.5,7,10,12,1753
22.5,7,10,13,1758
22.5,7,10,14,1763
22.5,7,10,15,1769
22.5,7,11,0,1694
22.5,7,11,1,1700
22.5,7,11,2,1705
22.5,7,11,3,1710
22.5,7,11,4,1716
22.5,7,11,5,1721
22.5,7,11,6,1727
22.5,7,11,7,1732
22.5,7,11,8,1737
22.5,7,11,9,1743
22.5,7,11,10,1748
22.5,7,11,11,1753
22.5,7,11,12,1758
22.5,7,11,13,1764
22.5,7,11,14,1769
22.5,7,11,15,1774
22.5,7,12,0,1699
22.5,7,12,1,1705
22.5,7,12,2,1710
22.5,7,12,3,1716
22.5,7,12,4,1721
22.5,7,12,5,1727
22.5,7,12,6,1732
22.5,7,12,7,1737
22.5,7,12,8,1743
22.5,7,12,9,1748
22.5,7,12,10,1753
22.5,7,12,11,1759
22.5,7,12,12,1764
22.5,7,12,13,1769
22.5,7,12,14,1774
22.5,7,12,15,1780
22.5,7,13,0,1705
22.5,7,13,1,1710
22.5,7,13,2,1716
22.5,7,13,3,1721
22.5,7,13,4,1726
22.5,7,13,5,1732
22.5,7,13,6,1737
22.5,7,13,7,1743
22.5,7,13,8,1748
22.5,7,13,9,1753
22.5,7,13,10,1759
22.5,7,13,11,1764
22.5,7,13,12,1769
22.5,7,13,13,1775
22.5,7,13,14,1780
22.5,7,13,15,1785
22.5,7,14,0,1710
22.5,7,14,1,1715
22.5,7,14,2,1721
22.5,7,14,3,1726
22.5,7,14,4,1732
22.5,7,14,5,1737
22.5,7,14,6,1743
22.5,7,14,7,1748
22.5,7,14,8,1753
22.5,7,14,9,1759
22.5,7,14,10,1764
22.5,7,14,11,1770
22.5,7,14,12,1775
22.5,7,14,13,1780
22.5,7,14,14,1785
22.5,7,14,15,1791
22.5,7,15,0,1715
22.5,7,15,1,1721
22.5,7,15,2,1726
22.5,7,15,3,1732
22.5,7,15,4,1737
22.5,7,15,5,1743
22.5,7,15,6,1748
22.5,7,15,7,1753
22.5,7,15,8,1759
22.5,7,15,9,1764
22.5,7,15,10,1770
22.5,7,15,11,1775
22.5,7,15,12,1780
22.5,7,15,13,1786
22.5,7,15,14,1791
22.5,7,15,15,1796
22.5,8,0,0,1641
22.5,8,0,1,1646
22.5,8,0,2,1651
22.5,8,0,3,1657
22.5,8,0,4,1662
22.5,8,0,5,1667
22.5,8,0,6,1672
22.5,8,0,7,1678
22.5,8,0,8,1683
22.5,8,0,9,1688
22.5,8,0,10,1693
22.5,8,0,11,1698
22.5,8,0,12,1703
22.5,8,0,13,1708
22.5,8,0,14,1713
22.5,8,0,15,1718
22.5,8,1,0,1646
22.5,8,1,1,1652
22.5,8,1,2,1657
22.5,8,1,3,1662
22.5,8,1,4,1667
22.5,8,1,5,1673
22.5,8,1,6,1678
22.5,8,1,7,1683
22.5,8,1,8,1688
22.5,8,1,9,1694
22.5,8,1,10,1699
22.5,8,1,11,1704
22.5,8,1,12,1709
22.5,8,1,13,1714
22.5,8,1,14,1719
22.5,8,1,15,1724
22.5,8,2,0,1652
22.5,8,2,1,1657
22.5,8,2,2,1662
22.5,8,2,3,1668
22.5,8,2,4,1673
22.5,8,2,5,1678
22.5,8,2,6,1684
22.5,8,2,7,1689
22.5,8,2,8,1694
22.5,8,2,9,1699
22.5,8,2,10,1704
22.5,8,2,11,1709
22.5,8,2,12,1715
22.5,8,2,13,1720
22.5,8,2,14,1725
22.5,8,2,15,1730
22.5,8,3,0,1657
22.5,8,3,1,1663
22.5,8,3,2,1668
22.5,8,3,3,1673
22.5,8,3,4,1679
22.5,8,3,5,1684
22.5,8,3,6,1689
22.5,8,3,7,1694
22.5,8,3,8,1700
22.5,8,3,9,1705
22.5,8,3,10,1710
22.5,8,3,11,1715
22.5,8,3,12,1720
22.5,8,3,13,1725
22.5,8,3,14,1731
22.5,8,3,15,1736
22.5,8,4,0,1663
22.5,8,4,1,1668
22.5,8,4,2,1673
22.5,8,4,3,1679
22.5,8,4,4,1684
22.5,8,4,5,1689
22.5,8,4,6,1695
22.5,8,4,7,1700
22.5,8,4,8,1705
22.5,8,4,9,1710
22.5,8,4,10,1716
22.5,8,4,11,1721
22.5,8,4,12,1726
22.5,8,4,13,1731
22.5,8,4,14,1736
22.5,8,4,15,1741
22.5,8,5,0,1668
22.5,8,5,1,1674
22.5,8,5,2,1679
22.5,8,5,3,1684
22.5,8,5,4,1690
22.5,8,5,5,1695
22.5,8,5,6,1700
22.5,8,5,7,1705
22.5,8,5,8,1711
22.5,8,5,9,1716
22.5,8,5,10,1721
22.5,8,5,11,1726
22.5,8,5,12,1732
22.5,8,5,13,1737
22.5,8,5,14,1742
22.5,8,5,15,1747
22.5,8,6,0,1674
22.5,8,6,1,1679
22.5,8,6,2,1684
22.5,8,6,3,1690
22.5,8,6,4,1695
22.5,8,6,5,1700
22.5,8,6,6,1706
22.5,8,6,7,1711
22.5,8,6,8,1716
22.5,8,6,9,1722
22.5,8,6,10,1727
22.5,8,6,11,1732
22.5,8,6,12,1737
22.5,8,6,13,1742
22.5,8,6,14,1748
22.5,8,6,15,1753
22.5,8,7,0,1679
22.5,8,7,1,1684
22.5,8,7,2,1690
22.5,8,7,3,1695
22.5,8,7,4,1701
22.5,8,7,5,1706
22.5,8,7,6,1711
22.5,8,7,7,1716
22.5,8,7,8,1722
22.5,8,7,9,1727
22.5,8,7,10,1732
22.5,8,7,11,1738
22.5,8,7,12,1743
22.5,8,7,13,1748
22.5,8,7,14,1753
22.5,8,7,15,1758
22.5,8,8,0,1684
22.5,8,8,1,1690
22.5,8,8,2,1695
22.5,8,8,3,1701
22.5,8,8,4,1706
22.5,8,8,5,1711
22.5,8,8,6,1717
22.5,8,8,7,1722
22.5,8,8,8,1727
22.5,8,8,9,1733
22.5,8,8,10,1738
22.5,8,8,11,1743
22.5,8,8,12,1748
22.5,8,8,13,1754
22.5,8,8,14,1759
22.5,8,8,15,1764
22.5,8,9,0,1690
22.5,8,9,1,1695
22.5,8,9,2,1701
22.5,8,9,3,1706
22.5,8,9,4,1711
22.5,8,9,5,1717
22.5,8,9,6,1722
22.5,8,9,7,1727
22.5,8,9,8,1733
22.5,8,9,9,1738
22.5,8,9,10,1743
22.5,8,9,11,1749
22.5,8,9,12,1754
22.5,8,9,13,1759
22.5,8,9,14,1764
22.5,8,9,15,1770
22.5,8,10,0,1695
22.5,8,10,1,1701
22.5,8,10,2,1706
22.5,8,10,3,1711
22.5,8,10,4,1717
22.5,8,10,5,1722
22.5,8,10,6,1728
22.5,8,10,7,1733
22.5,8,10,8,1738
22.5,8,10,9,1744
22.5,8,10,10,1749
22.5,8,10,11,1754
22.5,8,10,12,1759
22.5,8,10,13,1765
22.5,8,10,14,1770
22.5,8,10,15,1775
22.5,8,11,0,1700
22.5,8,11,1,1706
22.5,8,11,2,1711
22.5,8,11,3,1717
22.5,8,11,4,1722
22.5,8,11,5,1728
22.5,8,11,6,1733
22.5,8,11,7,1738
22.5,8,11,8,1744
22.5,8,11,9,1749
22.5,8,11,10,1754
22.5,8,11,11,1760
22.5,8,11,12,1765
22.5,8,11,13,1770
22.5,8,11,14,1776
22.5,8,11,15,1781
22.5,8,12,0,1706
22.5,8,12,1,1711
22.5,8,12,2,1717
22.5,8,12,3,1722
22.5,8,12,4,1728
22.5,8,12,5,1733
22.5,8,12,6,1738
22.5,8,12,7,1744
22.5,8,12,8,1749
22.5,8,12,9,1755
22.5,8,12,10,1760
22.5,8,12,11,1765
22.5,8,12,12,1771
22.5,8,12,13,1776
22.5,8,12,14,1781
22.5,8,12,15,1786
22.5,8,13,0,1711
22.5,8,13,1,1716
22.5,8,13,2,1722
22.5,8,13,3,1727
22.5,8,13,4,1733
22.5,8,13,5,1738
22.5,8,13,6,1744
22.5,8,13,7,1749
22.5,8,13,8,1755
22.5,8,13,9,1760
22.5,8,13,10,1765
22.5,8,13,11,1771
22.5,8,13,12,1776
22.5,8,13,13,1781
22.5,8,13,14,1787
22.5,8,13,15,1792
22.5,8,14,0,1716
22.5,8,14,1,1722
22.5,8,14,2,1727
22.5,8,14,3,1733
22.5,8,14,4,1738
22.5,8,14,5,1744
22.5,8,14,6,1749
22.5,8,14,7,1755
22.5,8,14,8,1760
22.5,8,14,9,1765
22.5,8,14,10,1771
22.5,8,14,11,1776
22.5,8,14,12,1781
22.5,8,14,13,1787
22.5,8,14,14,1792
22.5,8,14,15,1797
22.5,8,15,0,1722
22.5,8,15,1,1727
22.5,8,15,2,1733
22.5,8,15,3,1738
22.5,8,15,4,1744
22.5,8,15,5,1749
22.5,8,15,6,1755
22.5,8,15,7,1760
22.5,8,15,8,1765
22.5,8,15,9,1771
22.5,8,15,10,1776
22.5,8,15,11,1782
22.5,8,15,12,1787
22.5,8,15,13,1792
22.5,8,15,14,1798
22.5,8,15,15,1803
22.5,9,0,0,1647
22.5,9,0,1,1652
22.5,9,0,2,1658
22.5,9,0,3,1663
22.5,9,0,4,1668
22.5,9,0,5,1673
22.5,9,0,6,1679
22.5,9,0,7,1684
22.5,9,0,8,1689
22.5,9,0,9,1694
22.5,9,0,10,1699
22.5,9,0,11,1704
22.5,9,0,12,1710
22.5,9,0,13,1715
22.5,9,0,14,1720
22.5,9,0,15,1725
22.5,9,1,0,1653
22.5,9,1,1,1658
22.5,9,1,2,1663
22.5,9,1,3,1668
22.5,9,1,4,1674
22.5,9,1,5,1679
22.5,9,1,6,1684
22.5,9,1,7,1689
22.5,9,1,8,1695
22.5,9,1,9,1700
22.5,9,1,10,1705
22.5,9,1,11,1710
22.5,9,1,12,1715
22.5,9,1,13,1720
22.5,9,1,14,1726
22.5,9,1,15,1731
22.5,9,2,0,1658
22.5,9,2,1,1663
22.5,9,2,2,1669
22.5,9,2,3,1674
22.5,9,2,4,1679
22.5,9,2,5,1685
22.5,9,2,6,1690
22.5,9,2,7,1695
22.5,9,2,8,1700
22.5,9,2,9,1705
22.5,9,2,10,1711
22.5,9,2,11,1716
22.5,9,2,12,1721
22.5,9,2,13,1726
22.5,9,2,14,1731
22.5,9,2,15,1736
22.5,9,3,0,1663
22.5,9,3,1,1669
22.5,9,3,2,1674
22.5,9,3,3,1680
22.5,9,3,4,1685
22.5,9,3,5,1690
22.5,9,3,6,1695
22.5,9,3,7,1701
22.5,9,3,8,1706
22.5,9,3,9,1711
22.5,9,3,10,1716
22.5,9,3,11,1722
22.5,9,3,12,1727
22.5,9,3,13,1732
22.5,9,3,14,1737
22.5,9,3,15,1742
22.5,9,4,0,1669
22.5,9,4,1,1674
22.5,9,4,2,1680
22.5,9,4,3,1685
22.5,9,4,4,1690
22.5,9,4,5,1696
22.5,9,4,6,1701
22.5,9,4,7,1706
22.5,9,4,8,1711
22.5,9,4,9,1717
22.5,9,4,10,1722
22.5,9,4,11,1727
22.5,9,4,12,1732
22.5,9,4,13,1738
22.5,9,4,14,1743
22.5,9,4,15,1748
22.5,9,5,0,1674
22.5,9,5,1,1680
22.5,9,5,2,1685
22.5,9,5,3,1691
22.5,9,5,4,1696
22.5,9,5,5,1701
22.5,9,5,6,1707
22.5,9,5,7,1712
22.5,9,5,8,1717
22.5,9,5,9,1722
22.5,9,5,10,1728
22.5,9,5,11,1733
22.5,9,5,12,1738
22.5,9,5,13,1743
22.5,9,5,14,1748
22.5,9,5,15,1754
22.5,9,6,0,1680
22.5,9,6,1,1685
22.5,9,6,2,1691
22.5,9,6,3,1696
22.5,9,6,4,1701
22.5,9,6,5,1707
22.5,9,6,6,1712
22.5,9,6,7,1717
22.5,9,6,8,1723
22.5,9,6,9,1728
22.5,9,6,10,1733
22.5,9,6,11,1738
22.5,9,6,12,1744
22.5,9,6,13,1749
22.5,9,6,14,1754
22.5,9,6,15,1759
22.5,9,7,0,1685
22.5,9,7,1,1691
22.5,9,7,2,1696
22.5,9,7,3,1701
22.5,9,7,4,1707
22.5,9,7,5,1712
22.5,9,7,6,1718
22.5,9,7,7,1723
22.5,9,7,8,1728
22.5,9,7,9,1733
22.5,9,7,10,1739
22.5,9,7,11,1744
22.5,9,7,12,1749
22.5,9,7,13,1755
22.5,9,7,14,1760
22.5,9,7,15,1765
22.5,9,8,0,1691
22.5,9,8,1,1696
22.5,9,8,2,1702
22.5,9,8,3,1707
22.5,9,8,4,1712
22.5,9,8,5,1718
22.5,9,8,6,1723
22.5,9,8,7,1728
22.5,9,8,8,1734
22.5,9,8,9,1739
22.5,9,8,10,1744
22.5,9,8,11,1750
22.5,9,8,12,1755
22.5,9,8,13,1760
22.5,9,8,14,1765
22.5,9,8,15,1771
22.5,9,9,0,1696
22.5,9,9,1,1701
22.5,9,9,2,1707
22.5,9,9,3,1712
22.5,9,9,4,1718
22.5,9,9,5,1723
22.5,9,9,6,1729
22.5,9,9,7,1734
22.5,9,9,8,1739
22.5,9,9,9,1745
22.5,9,9,10,1750
22.5,9,9,11,1755
22.5,9,9,12,1760
22.5,9,9,13,1766
22.5,9,9,14,1771
22.5,9,9,15,1776
22.5,9,10,0,1701
22.5,9,10,1,1707
22.5,9,10,2,1712
22.5,9,10,3,1718
22.5,9,10,4,1723
22.5,9,10,5,1729
22.5,9,10,6,1734
22.5,9,10,7,1739
22.5,9,10,8,1745
22.5,9,10,9,1750
22.5,9,10,10,1755
22.5,9,10,11,1761
22.5,9,10,12,1766
22.5,9,10,13,1771
22.5,9,10,14,1777
22.5,9,10,15,1782
22.5,9,11,0,1707
22.5,9,11,1,1712
22.5,9,11,2,1718
22.5,9,11,3,1723
22.5,9,11,4,1729
22.5,9,11,5,1734
22.5,9,11,6,1739
22.5,9,11,7,1745
22.5,9,11,8,1750
22.5,9,11,9,1756
22.5,9,11,10,1761
22.5,9,11,11,1766
22.5,9,11,12,1772
22.5,9,11,13,1777
22.5,9,11,14,1782
22.5,9,11,15,1787
22.5,9,12,0,1712
22.5,9,12,1,1718
22.5,9,12,2,1723
22.5,9,12,3,1729
22.5,9,12,4,1734
22.5,9,12,5,1739
22.5,9,12,6,1745
22.5,9,12,7,1750
22.5,9,12,8,1756
22.5,9,12,9,1761
22.5,9,12,10,1766
22.5,9,12,11,1772
22.5,9,12,12,1777
22.5,9,12,13,1782
22.5,9,12,14,1788
22.5,9,12,15,1793
22.5,9,13,0,1717
22.5,9,13,1,1723
22.5,9,13,2,1728
22.5,9,13,3,1734
22.5,9,13,4,1739
22.5,9,13,5,1745
22.5,9,13,6,1750
22.5,9,13,7,1756
22.5,9,13,8,1761
22.5,9,13,9,1767
22.5,9,13,10,1772
22.5,9,13,11,1777
22.5,9,13,12,1783
22.5,9,13,13,1788
22.5,9,13,14,1793
22.5,9,13,15,1799
22.5,9,14,0,1723
22.5,9,14,1,1728
22.5,9,14,2,1734
22.5,9,14,3,1739
22.5,9,14,4,1745
22.5,9,14,5,1750
22.5,9,14,6,1756
22.5,9,14,7,1761
22.5,9,14,8,1767
22.5,9,14,9,1772
22.5,9,14,10,1777
22.5,9,14,11,1783
22.5,9,14,12,1788
22.5,9,14,13,1793
22.5,9,14,14,1799
22.5,9,14,15,1804
22.5,9,15,0,1728
22.5,9,15,1,1733
22.5,9,15,2,1739
22.5,9,15,3,1745
22.5,9,15,4,1750
22.5,9,15,5,1756
22.5,9,15,6,1761
22.5,9,15,7,1767
22.5,9,15,8,1772
22.5,9,15,9,1777
22.5,9,15,10,1783
22.5,9,15,11,1788
22.5,9,15,12,1794
22.5,9,15,13,1799
22.5,9,15,14,1804
22.5,9,15,15,1810
22.5,10,0,0,1653
22.5,10,0,1,1658
22.5,10,0,2,1664
22.5,10,0,3,1669
22.5,10,0,4,1674
22.5,10,0,5,1680
22.5,10,0,6,1685
22.5,10,0,7,1690
22.5,10,0,8,1695
22.5,10,0,9,1700
22.5,10,0,10,1706
22.5,10,0,11,1711
22.5,10,0,12,1716
22.5,10,0,13,1721
22.5,10,0,14,1726
22.5,10,0,15,1731
22.5,10,1,0,1659
22.5,10,1,1,1664
22.5,10,1,2,1669
22.5,10,1,3,1675
22.5,10,1,4,1680
22.5,10,1,5,1685
22.5,10,1,6,1690
22.5,10,1,7,1696
22.5,10,1,8,1701
22.5,10,1,9,1706
22.5,10,1,10,1711
22.5,10,1,11,1716
22.5,10,1,12,1722
22.5,10,1,13,1727
22.5,10,1,14,1732
22.5,10,1,15,1737
22.5,10,2,0,1664
22.5,10,2,1,1670
22.5,10,2,2,1675
22.5,10,2,3,1680
22.5,10,2,4,1685
22.5,10,2,5,1691
22.5,10,2,6,1696
22.5,10,2,7,1701
22.5,10,2,8,1707
22.5,10,2,9,1712
22.5,10,2,10,1717
22.5,10,2,11,1722
22.5,10,2,12,1727
22.5,10,2,13,1733
22.5,10,2,14,1738
22.5,10,2,15,1743
22.5,10,3,0,1670
22.5,10,3,1,1675
22.5,10,3,2,1680
22.5,10,3,3,1686
22.5,10,3,4,1691
22.5,10,3,5,1696
22.5,10,3,6,1702
22.5,10,3,7,1707
22.5,10,3,8,1712
22.5,10,3,9,1717
22.5,10,3,10,1723
22.5,10,3,11,1728
22.5,10,3,12,1733
22.5,10,3,13,1738
22.5,10,3,14,1743
22.5,10,3,15,1749
22.5,10,4,0,1675
22.5,10,4,1,1681
22.5,10,4,2,1686
22.5,10,4,3,1691
22.5,10,4,4,1697
22.5,10,4,5,1702
22.5,10,4,6,1707
22.5,10,4,7,1713
22.5,10,4,8,1718
22.5,10,4,9,1723
22.5,10,4,10,1728
22.5,10,4,11,1734
22.5,10,4,12,1739
22.5,10,4,13,1744
22.5,10,4,14,1749
22.5,10,4,15,1754
22.5,10,5,0,1681
22.5,10,5,1,1686
22.5,10,5,2,1691
22.5,10,5,3,1697
22.5,10,5,4,1702
22.5,10,5,5,1707
22.5,10,5,6,1713
22.5,10,5,7,1718
22.5,10,5,8,1723
22.5,10,5,9,1729
22.5,10,5,10,1734
22.5,10,5,11,1739
22.5,10,5,12,1744
22.5,10,5,13,1750
22.5,10,5,14,1755
22.5,10,5,15,1760
22.5,10,6,0,1686
22.5,10,6,1,1691
22.5,10,6,2,1697
22.5,10,6,3,1702
22.5,10,6,4,1708
22.5,10,6,5,1713
22.5,10,6,6,1718
22.5,10,6,7,1724
22.5,10,6,8,1729
22.5,10,6,9,1734
22.5,10,6,10,1740
22.5,10,6,11,1745
22.5,10,6,12,1750
22.5,10,6,13,1755
22.5,10,6,14,1761
22.5,10,6,15,1766
22.5,10,7,0,1691
22.5,10,7,1,1697
22.5,10,7,2,1702
22.5,10,7,3,1708
22.5,10,7,4,1713
22.5,10,7,5,1719
22.5,10,7,6,1724
22.5,10,7,7,1729
22.5,10,7,8,1735
22.5,10,7,9,1740
22.5,10,7,10,1745
22.5,10,7,11,1750
22.5,10,7,12,1756
22.5,10,7,13,1761
22.5,10,7,14,1766
22.5,10,7,15,1771
22.5,10,8,0,1697
22.5,10,8,1,1702
22.5,10,8,2,1708
22.5,10,8,3,1713
22.5,10,8,4,1719
22.5,10,8,5,1724
22.5,10,8,6,1729
22.5,10,8,7,1735
22.5,10,8,8,1740
22.5,10,8,9,1745
22.5,10,8,10,1751
22.5,10,8,11,1756
22.5,10,8,12,1761
22.5,10,8,13,1767
22.5,10,8,14,1772
22.5,10,8,15,1777
22.5,10,9,0,1702
22.5,10,9,1,1708
22.5,10,9,2,1713
22.5,10,9,3,1719
22.5,10,9,4,1724
22.5,10,9,5,1730
22.5,10,9,6,1735
22.5,10,9,7,1740
22.5,10,9,8,1746
22.5,10,9,9,1751
22.5,10,9,10,1756
22.5,10,9,11,1762
22.5,10,9,12,1767
22.5,10,9,13,1772
22.5,10,9,14,1778
22.5,10,9,15,1783
22.5,10,10,0,1708
22.5,10,10,1,1713
22.5,10,10,2,1719
22.5,10,10,3,1724
22.5,10,10,4,1730
22.5,10,10,5,1735
22.5,10,10,6,1740
22.5,10,10,7,1746
22.5,10,10,8,1751
22.5,10,10,9,1757
22.5,10,10,10,1762
22.5,10,10,11,1767
22.5,10,10,12,1773
22.5,10,10,13,1778
22.5,10,10,14,1783
22.5,10,10,15,1788
22.5,10,11,0,1713
22.5,10,11,1,1719
22.5,10,11,2,1724
22.5,10,11,3,1730
22.5,10,11,4,1735
22.5,10,11,5,1740
22.5,10,11,6,1746
22.5,10,11,7,1751
22.5,10,11,8,1757
22.5,10,11,9,1762
22.5,10,11,10,1767
22.5,10,11,11,1773
22.5,10,11,12,1778
22.5,10,11,13,1783
22.5,10,11,14,1789
22.5,10,11,15,1794
22.5,10,12,0,1718
22.5,10,12,1,1724
22.5,10,12,2,1729
22.5,10,12,3,1735
22.5,10,12,4,1740
22.5,10,12,5,1746
22.5,10,12,6,1751
22.5,10,12,7,1757
22.5,10,12,8,1762
22.5,10,12,9,1768
22.5,10,12,10,1773
22.5,10,12,11,1778
22.5,10,12,12,1784
22.5,10,12,13,1789
22.5,10,12,14,1794
22.5,10,12,15,1800
22.5,10,13,0,1724
22.5,10,13,1,1729
22.5,10,13,2,1735
22.5,10,13,3,1740
22.5,10,13,4,1746
22.5,10,13,5,1751
22.5,10,13,6,1757
22.5,10,13,7,1762
22.5,10,13,8,1768
22.5,10,13,9,1773
22.5,10,13,10,1778
22.5,10,13,11,1784
22.5,10,13,12,1789
22.5,10,13,13,1795
22.5,10,13,14,1800
22.5,10,13,15,1805
22.5,10,14,0,1729
22.5,10,14,1,1735
22.5,10,14,2,1740
22.5,10,14,3,1746
22.5,10,14,4,1751
22.5,10,14,5,1757
22.5,10,14,6,1762
22.5,10,14,7,1768
22.5,10,14,8,1773
22.5,10,14,9,1779
22.5,10,14,10,1784
22.5,10,14,11,1789
22.5,10,14,12,1795
22.5,10,14,13,1800
22.5,10,14,14,1805
22.5,10,14,15,1811
22.5,10,15,0,1734
22.5,10,15,1,1740
22.5,10,15,2,1745
22.5,10,15,3,1751
22.5,10,15,4,1757
22.5,10,15,5,1762
22.5,10,15,6,1768
22.5,10,15,7,1773
22.5,10,15,8,1779
22.5,10,15,9,1784
22.5,10,15,10,1789
22.5,10,15,11,1795
22.5,10,15,12,1800
22.5,10,15,13,1806
22.5,10,15,14,1811
22.5,10,15,15,1816
22.5,11,0,0,1659
22.5,11,0,1,1665
22.5,11,0,2,1670
22.5,11,0,3,1675
22.5,11,0,4,1680
22.5,11,0,5,1686
22.5,11,0,6,1691
22.5,11,0,7,1696
22.5,11,0,8,1701
22.5,11,0,9,1707
22.5,11,0,10,1712
22.5,11,0,11,1717
22.5,11,0,12,1722
22.5,11,0,13,1727
22.5,11,0,14,1733
22.5,11,0,15,1738
22.5,11,1,0,1665
22.5,11,1,1,1670
22.5,11,1,2,1675
22.5,11,1,3,1681
22.5,11,1,4,1686
22.5,11,1,5,1691
22.5,11,1,6,1697
22.5,11,1,7,1702
22.5,11,1,8,1707
22.5,11,1,9,1712
22.5,11,1,10,1718
22.5,11,1,11,1723
22.5,11,1,12,1728
22.5,11,1,13,1733
22.5,11,1,14,1738
22.5,11,1,15,1743
22.5,11,2,0,1670
22.5,11,2,1,1676
22.5,11,2,2,1681
22.5,11,2,3,1686
22.5,11,2,4,1692
22.5,11,2,5,1697
22.5,11,2,6,1702
22.5,11,2,7,1708
22.5,11,2,8,1713
22.5,11,2,9,1718
22.5,11,2,10,1723
22.5,11,2,11,1729
22.5,11,2,12,1734
22.5,11,2,13,1739
22.5,11,2,14,1744
22.5,11,2,15,1749
22.5,11,3,0,1676
22.5,11,3,1,1681
22.5,11,3,2,1687
22.5,11,3,3,1692
22.5,11,3,4,1697
22.5,11,3,5,1703
22.5,11,3,6,1708
22.5,11,3,7,1713
22.5,11,3,8,1719
22.5,11,3,9,1724
22.5,11,3,10,1729
22.5,11,3,11,1734
22.5,11,3,12,1739
22.5,11,3,13,1745
22.5,11,3,14,1750
22.5,11,3,15,1755
22.5,11,4,0,1681
22.5,11,4,1,1687
22.5,11,4,2,1692
22.5,11,4,3,1698
22.5,11,4,4,1703
22.5,11,4,5,1708
22.5,11,4,6,1714
22.5,11,4,7,1719
22.5,11,4,8,1724
22.5,11,4,9,1729
22.5,11,4,10,1735
22.5,11,4,11,1740
22.5,11,4,12,1745
22.5,11,4,13,1750
22.5,11,4,14,1756
22.5,11,4,15,1761
22.5,11,5,0,1687
22.5,11,5,1,1692
22.5,11,5,2,1698
22.5,11,5,3,1703
22.5,11,5,4,1708
22.5,11,5,5,1714
22.5,11,5,6,1719
22.5,11,5,7,1724
22.5,11,5,8,1730
22.5,11,5,9,1735
22.5,11,5,10,1740
22.5,11,5,11,1746
22.5,11,5,12,1751
22.5,11,5,13,1756
22.5,11,5,14,1761
22.5,11,5,15,1767
22.5,11,6,0,1692
22.5,11,6,1,1698
22.5,11,6,2,1703
22.5,11,6,3,1709
22.5,11,6,4,1714
22.5,11,6,5,1719
22.5,11,6,6,1725
22.5,11,6,7,1730
22.5,11,6,8,1735
22.5,11,6,9,1741
22.5,11,6,10,1746
22.5,11,6,11,1751
22.5,11,6,12,1757
22.5,11,6,13,1762
22.5,11,6,14,1767
22.5,11,6,15,1772
22.5,11,7,0,1698
22.5,11,7,1,1703
22.5,11,7,2,1709
22.5,11,7,3,1714
22.5,11,7,4,1719
22.5,11,7,5,1725
22.5,11,7,6,1730
22.5,11,7,7,1736
22.5,11,7,8,1741
22.5,11,7,9,1746
22.5,11,7,10,1752
22.5,11,7,11,1757
22.5,11,7,12,1762
22.5,11,7,13,1768
22.5,11,7,14,1773
22.5,11,7,15,1778
22.5,11,8,0,1703
22.5,11,8,1,1709
22.5,11,8,2,1714
22.5,11,8,3,1720
22.5,11,8,4,1725
22.5,11,8,5,1730
22.5,11,8,6,1736
22.5,11,8,7,1741
22.5,11,8,8,1747
22.5,11,8,9,1752
22.5,11,8,10,1757
22.5,11,8,11,1763
22.5,11,8,12,1768
22.5,11,8,13,1773
22.5,11,8,14,1778
22.5,11,8,15,1784
22.5,11,9,0,1709
22.5,11,9,1,1714
22.5,11,9,2,1720
22.5,11,9,3,1725
22.5,11,9,4,1730
22.5,11,9,5,1736
22.5,11,9,6,1741
22.5,11,9,7,1747
22.5,11,9,8,1752
22.5,11,9,9,1757
22.5,11,9,10,1763
22.5,11,9,11,1768
22.5,11,9,12,1773
22.5,11,9,13,1779
22.5,11,9,14,1784
22.5,11,9,15,1789
22.5,11,10,0,1714
22.5,11,10,1,1719
22.5,11,10,2,1725
22.5,11,10,3,1730
22.5,11,10,4,1736
22.5,11,10,5,1741
22.5,11,10,6,1747
22.5,11,10,7,1752
22.5,11,10,8,1758
22.5,11,10,9,1763
22.5,11,10,10,1768
22.5,11,10,11,1774
22.5,11,10,12,1779
22.5,11,10,13,1784
22.5,11,10,14,1790
22.5,11,10,15,1795
22.5,11,11,0,1719
22.5,11,11,1,1725
22.5,11,11,2,1730
22.5,11,11,3,1736
22.5,11,11,4,1741
22.5,11,11,5,1747
22.5,11,11,6,1752
22.5,11,11,7,1758
22.5,11,11,8,1763
22.5,11,11,9,1769
22.5,11,11,10,1774
22.5,11,11,11,1779
22.5,11,11,12,1785
22.5,11,11,13,1790
22.5,11,11,14,1795
22.5,11,11,15,1801
22.5,11,12,0,1725
22.5,11,12,1,1730
22.5,11,12,2,1736
22.5,11,12,3,1741
22.5,11,12,4,1747
22.5,11,12,5,1752
22.5,11,12,6,1758
22.5,11,12,7,1763
22.5,11,12,8,1769
22.5,11,12,9,1774
22.5,11,12,10,1780
22.5,11,12,11,1785
22.5,11,12,12,1790
22.5,11,12,13,1796
22.5,11,12,14,1801
22.5,11,12,15,1806
22.5,11,13,0,1730
22.5,11,13,1,1736
22.5,11,13,2,1741
22.5,11,13,3,1747
22.5,11,13,4,1752
22.5,11,13,5,1758
22.5,11,13,6,1763
22.5,11,13,7,1769
22.5,11,13,8,1774
22.5,11,13,9,1780
22.5,11,13,10,1785
22.5,11,13,11,1790
22.5,11,13,12,1796
22.5,11,13,13,1801
22.5,11,13,14,1807
22.5,11,13,15,1812
22.5,11,14,0,1735
22.5,11,14,1,1741
22.5,11,14,2,1747
22.5,11,14,3,1752
22.5,11,14,4,1758
22.5,11,14,5,1763
22.5,11,14,6,1769
22.5,11,14,7,1774
22.5,11,14,8,1780
22.5,11,14,9,1785
22.5,11,14,10,1791
22.5,11,14,11,1796
22.5,11,14,12,1801
22.5,11,14,13,1807
22.5,11,14,14,1812
22.5,11,14,15,1817
22.5,11,15,0,1741
22.5,11,15,1,1746
22.5,11,15,2,1752
22.5,11,15,3,1757
22.5,11,15,4,1763
22.5,11,15,5,1769
22.5,11,15,6,1774
22.5,11,15,7,1780
22.5,11,15,8,1785
22.5,11,15,9,1791
22.5,11,15,10,1796
22.5,11,15,11,1801
22.5,11,15,12,1807
22.5,11,15,13,1812
22.5,11,15,14,1818
22.5,11,15,15,1823
22.5,12,0,0,1665
22.5,12,0,1,1671
22.5,12,0,2,1676
22.5,12,0,3,1681
22.5,12,0,4,1687
22.5,12,0,5,1692
22.5,12,0,6,1697
22.5,12,0,7,1702
22.5,12,0,8,1708
22.5,12,0,9,1713
22.5,12,0,10,1718
22.5,12,0,11,1723
22.5,12,0,12,1729
22.5,12,0,13,1734
22.5,12,0,14,1739
22.5,12,0,15,1744
22.5,12,1,0,1671
22.5,12,1,1,1676
22.5,12,1,2,1682
22.5,12,1,3,1687
22.5,12,1,4,1692
22.5,12,1,5,1698
22.5,12,1,6,1703
22.5,12,1,7,1708
22.5,12,1,8,1713
22.5,12,1,9,1719
22.5,12,1,10,1724
22.5,12,1,11,1729
22.5,12,1,12,1734
22.5,12,1,13,1740
22.5,12,1,14,1745
22.5,12,1,15,1750
22.5,12,2,0,1676
22.5,12,2,1,1682
22.5,12,2,2,1687
22.5,12,2,3,1693
22.5,12,2,4,1698
22.5,12,2,5,1703
22.5,12,2,6,1709
22.5,12,2,7,1714
22.5,12,2,8,1719
22.5,12,2,9,1724
22.5,12,2,10,1730
22.5,12,2,11,1735
22.5,12,2,12,1740
22.5,12,2,13,1745
22.5,12,2,14,1751
22.5,12,2,15,1756
22.5,12,3,0,1682
22.5,12,3,1,1687
22.5,12,3,2,1693
22.5,12,3,3,1698
22.5,12,3,4,1704
22.5,12,3,5,1709
22.5,12,3,6,1714
22.5,12,3,7,1720
22.5,12,3,8,1725
22.5,12,3,9,1730
22.5,12,3,10,1735
22.5,12,3,11,1741
22.5,12,3,12,1746
22.5,12,3,13,1751
22.5,12,3,14,1756
22.5,12,3,15,1762
22.5,12,4,0,1687
22.5,12,4,1,1693
22.5,12,4,2,1698
22.5,12,4,3,1704
22.5,12,4,4,1709
22.5,12,4,5,1715
22.5,12,4,6,1720
22.5,12,4,7,1725
22.5,12,4,8,1731
22.5,12,4,9,1736
22.5,12,4,10,1741
22.5,12,4,11,1746
22.5,12,4,12,1752
22.5,12,4,13,1757
22.5,12,4,14,1762
22.5,12,4,15,1767
22.5,12,5,0,1693
22.5,12,5,1,1698
22.5,12,5,2,1704
22.5,12,5,3,1709
22.5,12,5,4,1715
22.5,12,5,5,1720
22.5,12,5,6,1725
22.5,12,5,7,1731
22.5,12,5,8,1736
22.5,12,5,9,1741
22.5,12,5,10,1747
22.5,12,5,11,1752
22.5,12,5,12,1757
22.5,12,5,13,1763
22.5,12,5,14,1768
22.5,12,5,15,1773
22.5,12,6,0,1698
22.5,12,6,1,1704
22.5,12,6,2,1709
22.5,12,6,3,1715
22.5,12,6,4,1720
22.5,12,6,5,1726
22.5,12,6,6,1731
22.5,12,6,7,1736
22.5,12,6,8,1742
22.5,12,6,9,1747
22.5,12,6,10,1752
22.5,12,6,11,1758
22.5,12,6,12,1763
22.5,12,6,13,1768
22.5,12,6,14,1774
22.5,12,6,15,1779
22.5,12,7,0,1704
22.5,12,7,1,1709
22.5,12,7,2,1715
22.5,12,7,3,1720
22.5,12,7,4,1726
22.5,12,7,5,1731
22.5,12,7,6,1737
22.5,12,7,7,1742
22.5,12,7,8,1747
22.5,12,7,9,1753
22.5,12,7,10,1758
22.5,12,7,11,1763
22.5,12,7,12,1769
22.5,12,7,13,1774
22.5,12,7,14,1779
22.5,12,7,15,1785
22.5,12,8,0,1709
22.5,12,8,1,1715
22.5,12,8,2,1720
22.5,12,8,3,1726
22.5,12,8,4,1731
22.5,12,8,5,1737
22.5,12,8,6,1742
22.5,12,8,7,1748
22.5,12,8,8,1753
22.5,12,8,9,1758
22.5,12,8,10,1764
22.5,12,8,11,1769
22.5,12,8,12,1774
22.5,12,8,13,1780
22.5,12,8,14,1785
22.5,12,8,15,1790
22.5,12,9,0,1715
22.5,12,9,1,1720
22.5,12,9,2,1726
22.5,12,9,3,1731
22.5,12,9,4,1737
22.5,12,9,5,1742
22.5,12,9,6,1748
22.5,12,9,7,1753
22.5,12,9,8,1759
22.5,12,9,9,1764
22.5,12,9,10,1769
22.5,12,9,11,1775
22.5,12,9,12,1780
22.5,12,9,13,1785
22.5,12,9,14,1791
22.5,12,9,15,1796
22.5,12,10,0,1720
22.5,12,10,1,1726
22.5,12,10,2,1731
22.5,12,10,3,1737
22.5,12,10,4,1742
22.5,12,10,5,1748
22.5,12,10,6,1753
22.5,12,10,7,1759
22.5,12,10,8,1764
22.5,12,10,9,1770
22.5,12,10,10,1775
22.5,12,10,11,1780
22.5,12,10,12,1786
22.5,12,10,13,1791
22.5,12,10,14,1796
22.5,12,10,15,1802
22.5,12,11,0,1726
22.5,12,11,1,1731
22.5,12,11,2,1737
22.5,12,11,3,1742
22.5,12,11,4,1748
22.5,12,11,5,1753
22.5,12,11,6,1759
22.5,12,11,7,1764
22.5,12,11,8,1770
22.5,12,11,9,1775
22.5,12,11,10,1780
22.5,12,11,11,1786
22.5,12,11,12,1791
22.5,12,11,13,1797
22.5,12,11,14,1802
22.5,12,11,15,1807
22.5,12,12,0,1731
22.5,12,12,1,1737
22.5,12,12,2,1742
22.5,12,12,3,1748
22.5,12,12,4,1753
22.5,12,12,5,1759
22.5,12,12,6,1764
22.5,12,12,7,1770
22.5,12,12,8,1775
22.5,12,12,9,1781
22.5,12,12,10,1786
22.5,12,12,11,1791
22.5,12,12,12,1797
22.5,12,12,13,1802
22.5,12,12,14,1808
22.5,12,12,15,1813
22.5,12,13,0,1736
22.5,12,13,1,1742
22.5,12,13,2,1748
22.5,12,13,3,1753
22.5,12,13,4,1759
22.5,12,13,5,1764
22.5,12,13,6,1770
22.5,12,13,7,1775
22.5,12,13,8,1781
22.5,12,13,9,1786
22.5,12,13,10,1792
22.5,12,13,11,1797
22.5,12,13,12,1802
22.5,12,13,13,1808
22.5,12,13,14,1813
22.5,12,13,15,1819
22.5,12,14,0,1742
22.5,12,14,1,1747
22.5,12,14,2,1753
22.5,12,14,3,1759
22.5,12,14,4,1764
22.5,12,14,5,1770
22.5,12,14,6,1775
22.5,12,14,7,1781
22.5,12,14,8,1786
22.5,12,14,9,1792
22.5,12,14,10,1797
22.5,12,14,11,1803
22.5,12,14,12,1808
22.5,12,14,13,1813
22.5,12,14,14,1819
22.5,12,14,15,1824
22.5,12,15,0,1747
22.5,12,15,1,1753
22.5,12,15,2,1758
22.5,12,15,3,1764
22.5,12,15,4,1770
22.5,12,15,5,1775
22.5,12,15,6,1781
22.5,12,15,7,1786
22.5,12,15,8,1792
22.5,12,15,9,1797
22.5,12,15,10,1803
22.5,12,15,11,1808
22.5,12,15,12,1814
22.5,12,15,13,1819
22.5,12,15,14,1824
22.5,12,15,15,1830
22.5,13,0,0,1671
22.5,13,0,1,1677
22.5,13,0,2,1682
22.5,13,0,3,1687
22.5,13,0,4,1693
22.5,13,0,5,1698
22.5,13,0,6,1703
22.5,13,0,7,1709
22.5,13,0,8,1714
22.5,13,0,9,1719
22.5,13,0,10,1724
22.5,13,0,11,1730
22.5,13,0,12,1735
22.5,13,0,13,1740
22.5,13,0,14,1745
22.5,13,0,15,1750
22.5,13,1,0,1677
22.5,13,1,1,1682
22.5,13,1,2,1688
22.5,13,1,3,1693
22.5,13,1,4,1698
22.5,13,1,5,1704
22.5,13,1,6,1709
22.5,13,1,7,1714
22.5,13,1,8,1720
22.5,13,1,9,1725
22.5,13,1,10,1730
22.5,13,1,11,1735
22.5,13,1,12,1741
22.5,13,1,13,1746
22.5,13,1,14,1751
22.5,13,1,15,1756
22.5,13,2,0,1683
22.5,13,2,1,1688
22.5,13,2,2,1693
22.5,13,2,3,1699
22.5,13,2,4,1704
22.5,13,2,5,1710
22.5,13,2,6,1715
22.5,13,2,7,1720
22.5,13,2,8,1725
22.5,13,2,9,1731
22.5,13,2,10,1736
22.5,13,2,11,1741
22.5,13,2,12,1747
22.5,13,2,13,1752
22.5,13,2,14,1757
22.5,13,2,15,1762
22.5,13,3,0,1688
22.5,13,3,1,1694
22.5,13,3,2,1699
22.5,13,3,3,1704
22.5,13,3,4,1710
22.5,13,3,5,1715
22.5,13,3,6,1721
22.5,13,3,7,1726
22.5,13,3,8,1731
22.5,13,3,9,1736
22.5,13,3,10,1742
22.5,13,3,11,1747
22.5,13,3,12,1752
22.5,13,3,13,1758
22.5,13,3,14,1763
22.5,13,3,15,1768
22.5,13,4,0,1694
22.5,13,4,1,1699
22.5,13,4,2,1705
22.5,13,4,3,1710
22.5,13,4,4,1715
22.5,13,4,5,1721
22.5,13,4,6,1726
22.5,13,4,7,1732
22.5,13,4,8,1737
22.5,13,4,9,1742
22.5,13,4,10,1747
22.5,13,4,11,1753
22.5,13,4,12,1758
22.5,13,4,13,1763
22.5,13,4,14,1769
22.5,13,4,15,1774
22.5,13,5,0,1699
22.5,13,5,1,1705
22.5,13,5,2,1710
22.5,13,5,3,1716
22.5,13,5,4,1721
22.5,13,5,5,1726
22.5,13,5,6,1732
22.5,13,5,7,1737
22.5,13,5,8,1743
22.5,13,5,9,1748
22.5,13,5,10,1753
22.5,13,5,11,1758
22.5,13,5,12,1764
22.5,13,5,13,1769
22.5,13,5,14,1774
22.5,13,5,15,1780
22.5,13,6,0,1705
22.5,13,6,1,1710
22.5,13,6,2,1716
22.5,13,6,3,1721
22.5,13,6,4,1727
22.5,13,6,5,1732
22.5,13,6,6,1737
22.5,13,6,7,1743
22.5,13,6,8,1748
22.5,13,6,9,1754
22.5,13,6,10,1759
22.5,13,6,11,1764
22.5,13,6,12,1769
22.5,13,6,13,1775
22.5,13,6,14,1780
22.5,13,6,15,1785
22.5,13,7,0,1710
22.5,13,7,1,1716
22.5,13,7,2,1721
22.5,13,7,3,1727
22.5,13,7,4,1732
22.5,13,7,5,1738
22.5,13,7,6,1743
22.5,13,7,7,1748
22.5,13,7,8,1754
22.5,13,7,9,1759
22.5,13,7,10,1765
22.5,13,7,11,1770
22.5,13,7,12,1775
22.5,13,7,13,1781
22.5,13,7,14,1786
22.5,13,7,15,1791
22.5,13,8,0,1716
22.5,13,8,1,1721
22.5,13,8,2,1727
22.5,13,8,3,1732
22.5,13,8,4,1738
22.5,13,8,5,1743
22.5,13,8,6,1749
22.5,13,8,7,1754
22.5,13,8,8,1759
22.5,13,8,9,1765
22.5,13,8,10,1770
22.5,13,8,11,1776
22.5,13,8,12,1781
22.5,13,8,13,1786
22.5,13,8,14,1792
22.5,13,8,15,1797
22.5,13,9,0,1721
22.5,13,9,1,1727
22.5,13,9,2,1732
22.5,13,9,3,1738
22.5,13,9,4,1743
22.5,13,9,5,1749
22.5,13,9,6,1754
22.5,13,9,7,1760
22.5,13,9,8,1765
22.5,13,9,9,1770
22.5,13,9,10,1776
22.5,13,9,11,1781
22.5,13,9,12,1787
22.5,13,9,13,1792
22.5,13,9,14,1797
22.5,13,9,15,1803
22.5,13,10,0,1727
22.5,13,10,1,1732
22.5,13,10,2,1738
22.5,13,10,3,1743
22.5,13,10,4,1749
22.5,13,10,5,1754
22.5,13,10,6,1760
22.5,13,10,7,1765
22.5,13,10,8,1771
22.5,13,10,9,1776
22.5,13,10,10,1781
22.5,13,10,11,1787
22.5,13,10,12,1792
22.5,13,10,13,1798
22.5,13,10,14,1803
22.5,13,10,15,1808
22.5,13,11,0,1732
22.5,13,11,1,1738
22.5,13,11,2,1743
22.5,13,11,3,1749
22.5,13,11,4,1754
22.5,13,11,5,1760
22.5,13,11,6,1765
22.5,13,11,7,1771
22.5,13,11,8,1776
22.5,13,11,9,1782
22.5,13,11,10,1787
22.5,13,11,11,1792
22.5,13,11,12,1798
22.5,13,11,13,1803
22.5,13,11,14,1809
22.5,13,11,15,1814
22.5,13,12,0,1737
22.5,13,12,1,1743
22.5,13,12,2,1749
22.5,13,12,3,1754
22.5,13,12,4,1760
22.5,13,12,5,1765
22.5,13,12,6,1771
22.5,13,12,7,1776
22.5,13,12,8,1782
22.5,13,12,9,1787
22.5,13,12,10,1793
22.5,13,12,11,1798
22.5,13,12,12,1803
22.5,13,12,13,1809
22.5,13,12,14,1814
22.5,13,12,15,1820
22.5,13,13,0,1743
22.5,13,13,1,1748
22.5,13,13,2,1754
22.5,13,13,3,1760
22.5,13,13,4,1765
22.5,13,13,5,1771
22.5,13,13,6,1776
22.5,13,13,7,1782
22.5,13,13,8,1787
22.5,13,13,9,1793
22.5,13,13,10,1798
22.5,13,13,11,1804
22.5,13,13,12,1809
22.5,13,13,13,1814
22.5,13,13,14,1820
22.5,13,13,15,1825
22.5,13,14,0,1748
22.5,13,14,1,1754
22.5,13,14,2,1759
22.5,13,14,3,1765
22.5,13,14,4,1771
22.5,13,14,5,1776
22.5,13,14,6,1782
22.5,13,14,7,1787
22.5,13,14,8,1793
22.5,13,14,9,1798
22.5,13,14,10,1804
22.5,13,14,11,1809
22.5,13,14,12,1815
22.5,13,14,13,1820
22.5,13,14,14,1825
22.5,13,14,15,1831
22.5,13,15,0,1754
22.5,13,15,1,1759
22.5,13,15,2,1765
22.5,13,15,3,1770
22.5,13,15,4,1776
22.5,13,15,5,1782
22.5,13,15,6,1787
22.5,13,15,7,1793
22.5,13,15,8,1798
22.5,13,15,9,1804
22.5,13,15,10,1809
22.5,13,15,11,1815
22.5,13,15,12,1820
22.5,13,15,13,1826
22.5,13,15,14,1831
22.5,13,15,15,1836
22.5,14,0,0,1677
22.5,14,0,1,1683
22.5,14,0,2,1688
22.5,14,0,3,1694
22.5,14,0,4,1699
22.5,14,0,5,1704
22.5,14,0,6,1710
22.5,14,0,7,1715
22.5,14,0,8,1720
22.5,14,0,9,1726
22.5,14,0,10,1731
22.5,14,0,11,1736
22.5,14,0,12,1741
22.5,14,0,13,1746
22.5,14,0,14,1752
22.5,14,0,15,1757
22.5,14,1,0,1683
22.5,14,1,1,1689
22.5,14,1,2,1694
22.5,14,1,3,1699
22.5,14,1,4,1705
22.5,14,1,5,1710
22.5,14,1,6,1715
22.5,14,1,7,1721
22.5,14,1,8,1726
22.5,14,1,9,1731
22.5,14,1,10,1737
22.5,14,1,11,1742
22.5,14,1,12,1747
22.5,14,1,13,1752
22.5,14,1,14,1758
22.5,14,1,15,1763
22.5,14,2,0,1689
22.5,14,2,1,1694
22.5,14,2,2,1700
22.5,14,2,3,1705
22.5,14,2,4,1710
22.5,14,2,5,1716
22.5,14,2,6,1721
22.5,14,2,7,1726
22.5,14,2,8,1732
22.5,14,2,9,1737
22.5,14,2,10,1742
22.5,14,2,11,1748
22.5,14,2,12,1753
22.5,14,2,13,1758
22.5,14,2,14,1763
22.5,14,2,15,1769
22.5,14,3,0,1694
22.5,14,3,1,1700
22.5,14,3,2,1705
22.5,14,3,3,1711
22.5,14,3,4,1716
22.5,14,3,5,1721
22.5,14,3,6,1727
22.5,14,3,7,1732
22.5,14,3,8,1737
22.5,14,3,9,1743
22.5,14,3,10,1748
22.5,14,3,11,1753
22.5,14,3,12,1759
22.5,14,3,13,1764
22.5,14,3,14,1769
22.5,14,3,15,1774
22.5,14,4,0,1700
22.5,14,4,1,1705
22.5,14,4,2,1711
22.5,14,4,3,1716
22.5,14,4,4,1722
22.5,14,4,5,1727
22.5,14,4,6,1732
22.5,14,4,7,1738
22.5,14,4,8,1743
22.5,14,4,9,1749
22.5,14,4,10,1754
22.5,14,4,11,1759
22.5,14,4,12,1764
22.5,14,4,13,1770
22.5,14,4,14,1775
22.5,14,4,15,1780
22.5,14,5,0,1705
22.5,14,5,1,1711
22.5,14,5,2,1716
22.5,14,5,3,1722
22.5,14,5,4,1727
22.5,14,5,5,1733
22.5,14,5,6,1738
22.5,14,5,7,1744
22.5,14,5,8,1749
22.5,14,5,9,1754
22.5,14,5,10,1760
22.5,14,5,11,1765
22.5,14,5,12,1770
22.5,14,5,13,1776
22.5,14,5,14,1781
22.5,14,5,15,1786
22.5,14,6,0,1711
22.5,14,6,1,1716
22.5,14,6,2,1722
22.5,14,6,3,1727
22.5,14,6,4,1733
22.5,14,6,5,1738
22.5,14,6,6,1744
22.5,14,6,7,1749
22.5,14,6,8,1755
22.5,14,6,9,1760
22.5,14,6,10,1765
22.5,14,6,11,1771
22.5,14,6,12,1776
22.5,14,6,13,1781
22.5,14,6,14,1787
22.5,14,6,15,1792
22.5,14,7,0,1716
22.5,14,7,1,1722
22.5,14,7,2,1727
22.5,14,7,3,1733
22.5,14,7,4,1738
22.5,14,7,5,1744
22.5,14,7,6,1749
22.5,14,7,7,1755
22.5,14,7,8,1760
22.5,14,7,9,1766
22.5,14,7,10,1771
22.5,14,7,11,1776
22.5,14,7,12,1782
22.5,14,7,13,1787
22.5,14,7,14,1792
22.5,14,7,15,1798
22.5,14,8,0,1722
22.5,14,8,1,1727
22.5,14,8,2,1733
22.5,14,8,3,1739
22.5,14,8,4,1744
22.5,14,8,5,1750
22.5,14,8,6,1755
22.5,14,8,7,1760
22.5,14,8,8,1766
22.5,14,8,9,1771
22.5,14,8,10,1777
22.5,14,8,11,1782
22.5,14,8,12,1787
22.5,14,8,13,1793
22.5,14,8,14,1798
22.5,14,8,15,1803
22.5,14,9,0,1727
22.5,14,9,1,1733
22.5,14,9,2,1739
22.5,14,9,3,1744
22.5,14,9,4,1750
22.5,14,9,5,1755
22.5,14,9,6,1761
22.5,14,9,7,1766
22.5,14,9,8,1771
22.5,14,9,9,1777
22.5,14,9,10,1782
22.5,14,9,11,1788
22.5,14,9,12,1793
22.5,14,9,13,1798
22.5,14,9,14,1804
22.5,14,9,15,1809
22.5,14,10,0,1733
22.5,14,10,1,1738
22.5,14,10,2,1744
22.5,14,10,3,1750
22.5,14,10,4,1755
22.5,14,10,5,1761
22.5,14,10,6,1766
22.5,14,10,7,1772
22.5,14,10,8,1777
22.5,14,10,9,1782
22.5,14,10,10,1788
22.5,14,10,11,1793
22.5,14,10,12,1799
22.5,14,10,13,1804
22.5,14,10,14,1809
22.5,14,10,15,1815
22.5,14,11,0,1738
22.5,14,11,1,1744
22.5,14,11,2,1750
22.5,14,11,3,1755
22.5,14,11,4,1761
22.5,14,11,5,1766
22.5,14,11,6,1772
22.5,14,11,7,1777
22.5,14,11,8,1783
22.5,14,11,9,1788
22.5,14,11,10,1794
22.5,14,11,11,1799
22.5,14,11,12,1804
22.5,14,11,13,1810
22.5,14,11,14,1815
22.5,14,11,15,1821
22.5,14,12,0,1744
22.5,14,12,1,1749
22.5,14,12,2,1755
22.5,14,12,3,1761
22.5,14,12,4,1766
22.5,14,12,5,1772
22.5,14,12,6,1777
22.5,14,12,7,1783
22.5,14,12,8,1788
22.5,14,12,9,1794
22.5,14,12,10,1799
22.5,14,12,11,1805
22.5,14,12,12,1810
22.5,14,12,13,1815
22.5,14,12,14,1821
22.5,14,12,15,1826
22.5,14,13,0,1749
22.5,14,13,1,1755
22.5,14,13,2,1760
22.5,14,13,3,1766
22.5,14,13,4,1772
22.5,14,13,5,1777
22.5,14,13,6,1783
22.5,14,13,7,1788
22.5,14,13,8,1794
22.5,14,13,9,1799
22.5,14,13,10,1805
22.5,14,13,11,1810
22.5,14,13,12,1816
22.5,14,13,13,1821
22.5,14,13,14,1826
22.5,14,13,15,1832
22.5,14,14,0,1755
22.5,14,14,1,1760
22.5,14,14,2,1766
22.5,14,14,3,1771
22.5,14,14,4,1777
22.5,14,14,5,1783
22.5,14,14,6,1788
22.5,14,14,7,1794
22.5,14,14,8,1799
22.5,14,14,9,1805
22.5,14,14,10,1810
22.5,14,14,11,1816
22.5,14,14,12,1821
22.5,14,14,13,1827
22.5,14,14,14,1832
22.5,14,14,15,1838
22.5,14,15,0,1760
22.5,14,15,1,1766
22.5,14,15,2,1771
22.5,14,15,3,1777
22.5,14,15,4,1782
22.5,14,15,5,1788
22.5,14,15,6,1794
22.5,14,15,7,1799
22.5,14,15,8,1805
22.5,14,15,9,1810
22.5,14,15,10,1816
22.5,14,15,11,1821
22.5,14,15,12,1827
22.5,14,15,13,1832
22.5,14,15,14,1838
22.5,14,15,15,1843
22.5,15,0,0,1684
22.5,15,0,1,1689
22.5,15,0,2,1694
22.5,15,0,3,1700
22.5,15,0,4,1705
22.5,15,0,5,1711
22.5,15,0,6,1716
22.5,15,0,7,1721
22.5,15,0,8,1727
22.5,15,0,9,1732
22.5,15,0,10,1737
22.5,15,0,11,1742
22.5,15,0,12,1748
22.5,15,0,13,1753
22.5,15,0,14,1758
22.5,15,0,15,1763
22.5,15,1,0,1689
22.5,15,1,1,1695
22.5,15,1,2,1700
22.5,15,1,3,1706
22.5,15,1,4,1711
22.5,15,1,5,1716
22.5,15,1,6,1722
22.5,15,1,7,1727
22.5,15,1,8,1732
22.5,15,1,9,1738
22.5,15,1,10,1743
22.5,15,1,11,1748
22.5,15,1,12,1753
22.5,15,1,13,1759
22.5,15,1,14,1764
22.5,15,1,15,1769
22.5,15,2,0,1695
22.5,15,2,1,1700
22.5,15,2,2,1706
22.5,15,2,3,1711
22.5,15,2,4,1717
22.5,15,2,5,1722
22.5,15,2,6,1727
22.5,15,2,7,1733
22.5,15,2,8,1738
22.5,15,2,9,1743
22.5,15,2,10,1749
22.5,15,2,11,1754
22.5,15,2,12,1759
22.5,15,2,13,1765
22.5,15,2,14,1770
22.5,15,2,15,1775
22.5,15,3,0,1700
22.5,15,3,1,1706
22.5,15,3,2,1711
22.5,15,3,3,1717
22.5,15,3,4,1722
22.5,15,3,5,1728
22.5,15,3,6,1733
22.5,15,3,7,1738
22.5,15,3,8,1744
22.5,15,3,9,1749
22.5,15,3,10,1754
22.5,15,3,11,1760
22.5,15,3,12,1765
22.5,15,3,13,1770
22.5,15,3,14,1776
22.5,15,3,15,1781
22.5,15,4,0,1706
22.5,15,4,1,1712
22.5,15,4,2,1717
22.5,15,4,3,1722
22.5,15,4,4,1728
22.5,15,4,5,1733
22.5,15,4,6,1739
22.5,15,4,7,1744
22.5,15,4,8,1750
22.5,15,4,9,1755
22.5,15,4,10,1760
22.5,15,4,11,1766
22.5,15,4,12,1771
22.5,15,4,13,1776
22.5,15,4,14,1781
22.5,15,4,15,1787
22.5,15,5,0,1712
22.5,15,5,1,1717
22.5,15,5,2,1723
22.5,15,5,3,1728
22.5,15,5,4,1734
22.5,15,5,5,1739
22.5,15,5,6,1744
22.5,15,5,7,1750
22.5,15,5,8,1755
22.5,15,5,9,1761
22.5,15,5,10,1766
22.5,15,5,11,1771
22.5,15,5,12,1777
22.5,15,5,13,1782
22.5,15,5,14,1787
22.5,15,5,15,1793
22.5,15,6,0,1717
22.5,15,6,1,1723
22.5,15,6,2,1728
22.5,15,6,3,1734
22.5,15,6,4,1739
22.5,15,6,5,1745
22.5,15,6,6,1750
22.5,15,6,7,1756
22.5,15,6,8,1761
22.5,15,6,9,1766
22.5,15,6,10,1772
22.5,15,6,11,1777
22.5,15,6,12,1782
22.5,15,6,13,1788
22.5,15,6,14,1793
22.5,15,6,15,1798
22.5,15,7,0,1723
22.5,15,7,1,1728
22.5,15,7,2,1734
22.5,15,7,3,1739
22.5,15,7,4,1745
22.5,15,7,5,1750
22.5,15,7,6,1756
22.5,15,7,7,1761
22.5,15,7,8,1767
22.5,15,7,9,1772
22.5,15,7,10,1777
22.5,15,7,11,1783
22.5,15,7,12,1788
22.5,15,7,13,1794
22.5,15,7,14,1799
22.5,15,7,15,1804
22.5,15,8,0,1728
22.5,15,8,1,1734
22.5,15,8,2,1739
22.5,15,8,3,1745
22.5,15,8,4,1750
22.5,15,8,5,1756
22.5,15,8,6,1761
22.5,15,8,7,1767
22.5,15,8,8,1772
22.5,15,8,9,1778
22.5,15,8,10,1783
22.5,15,8,11,1789
22.5,15,8,12,1794
22.5,15,8,13,1799
22.5,15,8,14,1805
22.5,15,8,15,1810
22.5,15,9,0,1734
22.5,15,9,1,1739
22.5,15,9,2,1745
22.5,15,9,3,1750
22.5,15,9,4,1756
22.5,15,9,5,1761
22.5,15,9,6,1767
22.5,15,9,7,1772
22.5,15,9,8,1778
22.5,15,9,9,1783
22.5,15,9,10,1789
22.5,15,9,11,1794
22.5,15,9,12,1800
22.5,15,9,13,1805
22.5,15,9,14,1810
22.5,15,9,15,1816
22.5,15,10,0,1739
22.5,15,10,1,1745
22.5,15,10,2,1750
22.5,15,10,3,1756
22.5,15,10,4,1761
22.5,15,10,5,1767
22.5,15,10,6,1773
22.5,15,10,7,1778
22.5,15,10,8,1784
22.5,15,10,9,1789
22.5,15,10,10,1794
22.5,15,10,11,1800
22.5,15,10,12,1805
22.5,15,10,13,1811
22.5,15,10,14,1816
22.5,15,10,15,1821
22.5,15,11,0,1745
22.5,15,11,1,1750
22.5,15,11,2,1756
22.5,15,11,3,1761
22.5,15,11,4,1767
22.5,15,11,5,1773
22.5,15,11,6,1778
22.5,15,11,7,1784
22.5,15,11,8,1789
22.5,15,11,9,1795
22.5,15,11,10,1800
22.5,15,11,11,1806
22.5,15,11,12,1811
22.5,15,11,13,1816
22.5,15,11,14,1822
22.5,15,11,15,1827
22.5,15,12,0,1750
22.5,15,12,1,1756
22.5,15,12,2,1761
22.5,15,12,3,1767
22.5,15,12,4,1773
22.5,15,12,5,1778
22.5,15,12,6,1784
22.5,15,12,7,1789
22.5,15,12,8,1795
22.5,15,12,9,1800
22.5,15,12,10,1806
22.5,15,12,11,1811
22.5,15,12,12,1817
22.5,15,12,13,1822
22.5,15,12,14,1827
22.5,15,12,15,1833
22.5,15,13,0,1756
22.5,15,13,1,1761
22.5,15,13,2,1767
22.5,15,13,3,1772
22.5,15,13,4,1778
22.5,15,13,5,1784
22.5,15,13,6,1789
22.5,15,13,7,1795
22.5,15,13,8,1800
22.5,15,13,9,1806
22.5,15,13,10,1811
22.5,15,13,11,1817
22.5,15,13,12,1822
22.5,15,13,13,1828
22.5,15,13,14,1833
22.5,15,13,15,1839
22.5,15,14,0,1761
22.5,15,14,1,1767
22.5,15,14,2,1772
22.5,15,14,3,1778
22.5,15,14,4,1784
22.5,15,14,5,1789
22.5,15,14,6,1795
22.5,15,14,7,1800
22.5,15,14,8,1806
22.5,15,14,9,1811
22.5,15,14,10,1817
22.5,15,14,11,1822
22.5,15,14,12,1828
22.5,15,14,13,1833
22.5,15,14,14,1839
22.5,15,14,15,1844
22.5,15,15,0,1766
22.5,15,15,1,1772
22.5,15,15,2,1778
22.5,15,15,3,1783
22.5,15,15,4,1789
22.5,15,15,5,1795
22.5,15,15,6,1800
22.5,15,15,7,1806
22.5,15,15,8,1811
22.5,15,15,9,1817
22.5,15,15,10,1822
22.5,15,15,11,1828
22.5,15,15,12,1833
22.5,15,15,13,1839
22.5,15,15,14,1844
22.5,15,15,15,1850
23.0,0,0,0,1627
23.0,0,0,1,1633
23.0,0,0,2,1638
23.0,0,0,3,1643
23.0,0,0,4,1648
23.0,0,0,5,1654
23.0,0,0,6,1659
23.0,0,0,7,1664
23.0,0,0,8,1669
23.0,0,0,9,1674
23.0,0,0,10,1679
23.0,0,0,11,1684
23.0,0,0,12,1689
23.0,0,0,13,1694
23.0,0,0,14,1699
23.0,0,0,15,1704
23.0,0,1,0,1633
23.0,0,1,1,1638
23.0,0,1,2,1643
23.0,0,1,3,1649
23.0,0,1,4,1654
23.0,0,1,5,1659
23.0,0,1,6,1664
23.0,0,1,7,1669
23.0,0,1,8,1675
23.0,0,1,9,1680
23.0,0,1,10,1685
23.0,0,1,11,1690
23.0,0,1,12,1695
23.0,0,1,13,1700
23.0,0,1,14,1705
23.0,0,1,15,1710
23.0,0,2,0,1638
23.0,0,2,1,1644
23.0,0,2,2,1649
23.0,0,2,3,1654
23.0,0,2,4,1659
23.0,0,2,5,1665
23.0,0,2,6,1670
23.0,0,2,7,1675
23.0,0,2,8,1680
23.0,0,2,9,1685
23.0,0,2,10,1690
23.0,0,2,11,1696
23.0,0,2,12,1701
23.0,0,2,13,1706
23.0,0,2,14,1711
23.0,0,2,15,1716
23.0,0,3,0,1644
23.0,0,3,1,1649
23.0,0,3,2,1654
23.0,0,3,3,1660
23.0,0,3,4,1665
23.0,0,3,5,1670
23.0,0,3,6,1675
23.0,0,3,7,1680
23.0,0,3,8,1686
23.0,0,3,9,1691
23.0,0,3,10,1696
23.0,0,3,11,1701
23.0,0,3,12,1706
23.0,0,3,13,1711
23.0,0,3,14,1716
23.0,0,3,15,1721
23.0,0,4,0,1649
23.0,0,4,1,1654
23.0,0,4,2,1660
23.0,0,4,3,1665
23.0,0,4,4,1670
23.0,0,4,5,1676
23.0,0,4,6,1681
23.0,0,4,7,1686
23.0,0,4,8,1691
23.0,0,4,9,1696
23.0,0,4,10,1702
23.0,0,4,11,1707
23.0,0,4,12,1712
23.0,0,4,13,1717
23.0,0,4,14,1722
23.0,0,4,15,1727
23.0,0,5,0,1655
23.0,0,5,1,1660
23.0,0,5,2,1665
23.0,0,5,3,1670
23.0,0,5,4,1676
23.0,0,5,5,1681
23.0,0,5,6,1686
23.0,0,5,7,1692
23.0,0,5,8,1697
23.0,0,5,9,1702
23.0,0,5,10,1707
23.0,0,5,11,1712
23.0,0,5,12,1717
23.0,0,5,13,1723
23.0,0,5,14,1728
23.0,0,5,15,1733
23.0,0,6,0,1660
23.0,0,6,1,1665
23.0,0,6,2,1671
23.0,0,6,3,1676
23.0,0,6,4,1681
23.0,0,6,5,1686
23.0,0,6,6,1692
23.0,0,6,7,1697
23.0,0,6,8,1702
23.0,0,6,9,1707
23.0,0,6,10,1713
23.0,0,6,11,1718
23.0,0,6,12,1723
23.0,0,6,13,1728
23.0,0,6,14,1733
23.0,0,6,15,1738
23.0,0,7,0,1665
23.0,0,7,1,1671
23.0,0,7,2,1676
23.0,0,7,3,1681
23.0,0,7,4,1687
23.0,0,7,5,1692
23.0,0,7,6,1697
23.0,0,7,7,1702
23.0,0,7,8,1708
23.0,0,7,9,1713
23.0,0,7,10,1718
23.0,0,7,11,1723
23.0,0,7,12,1729
23.0,0,7,13,1734
23.0,0,7,14,1739
23.0,0,7,15,1744
23.0,0,8,0,1671
23.0,0,8,1,1676
23.0,0,8,2,1681
23.0,0,8,3,1687
23.0,0,8,4,1692
23.0,0,8,5,1697
23.0,0,8,6,1703
23.0,0,8,7,1708
23.0,0,8,8,1713
23.0,0,8,9,1718
23.0,0,8,10,1724
23.0,0,8,11,1729
23.0,0,8,12,1734
23.0,0,8,13,1739
23.0,0,8,14,1744
23.0,0,8,15,1750
23.0,0,9,0,1676
23.0,0,9,1,1681
23.0,0,9,2,1687
23.0,0,9,3,1692
23.0,0,9,4,1697
23.0,0,9,5,1703
23.0,0,9,6,1708
23.0,0,9,7,1713
23.0,0,9,8,1719
23.0,0,9,9,1724
23.0,0,9,10,1729
23.0,0,9,11,1734
23.0,0,9,12,1740
23.0,0,9,13,1745
23.0,0,9,14,1750
23.0,0,9,15,1755
23.0,0,10,0,1681
23.0,0,10,1,1687
23.0,0,10,2,1692
23.0,0,10,3,1697
23.0,0,10,4,1703
23.0,0,10,5,1708
23.0,0,10,6,1713
23.0,0,10,7,1719
23.0,0,10,8,1724
23.0,0,10,9,1729
23.0,0,10,10,1735
23.0,0,10,11,1740
23.0,0,10,12,1745
23.0,0,10,13,1750
23.0,0,10,14,1756
23.0,0,10,15,1761
23.0,0,11,0,1686
23.0,0,11,1,1692
23.0,0,11,2,1697
23.0,0,11,3,1703
23.0,0,11,4,1708
23.0,0,11,5,1713
23.0,0,11,6,1719
23.0,0,11,7,1724
23.0,0,11,8,1729
23.0,0,11,9,1735
23.0,0,11,10,1740
23.0,0,11,11,1745
23.0,0,11,12,1751
23.0,0,11,13,1756
23.0,0,11,14,1761
23.0,0,11,15,1766
23.0,0,12,0,1692
23.0,0,12,1,1697
23.0,0,12,2,1703
23.0,0,12,3,1708
23.0,0,12,4,1713
23.0,0,12,5,1719
23.0,0,12,6,1724
23.0,0,12,7,1730
23.0,0,12,8,1735
23.0,0,12,9,1740
23.0,0,12,10,1745
23.0,0,12,11,1751
23.0,0,12,12,1756
23.0,0,12,13,1761
23.0,0,12,14,1767
23.0,0,12,15,1772
23.0,0,13,0,1697
23.0,0,13,1,1702
23.0,0,13,2,1708
23.0,0,13,3,1713
23.0,0,13,4,1719
23.0,0,13,5,1724
23.0,0,13,6,1730
23.0,0,13,7,1735
23.0,0,13,8,1740
23.0,0,13,9,1746
23.0,0,13,10,1751
23.0,0,13,11,1756
23.0,0,13,12,1761
23.0,0,13,13,1767
23.0,0,13,14,1772
23.0,0,13,15,1777
23.0,0,14,0,1702
23.0,0,14,1,1708
23.0,0,14,2,1713
23.0,0,14,3,1719
23.0,0,14,4,1724
23.0,0,14,5,1729
23.0,0,14,6,1735
23.0,0,14,7,1740
23.0,0,14,8,1746
23.0,0,14,9,1751
23.0,0,14,10,1756
23.0,0,14,11,1762
23.0,0,14,12,1767
23.0,0,14,13,1772
23.0,0,14,14,1777
23.0,0,14,15,1783
23.0,0,15,0,1707
23.0,0,15,1,1713
23.0,0,15,2,1718
23.0,0,15,3,1724
23.0,0,15,4,1729
23.0,0,15,5,1735
23.0,0,15,6,1740
23.0,0,15,7,1746
23.0,0,15,8,1751
23.0,0,15,9,1756
23.0,0,15,10,1762
23.0,0,15,11,1767
23.0,0,15,12,1772
23.0,0,15,13,1778
23.0,0,15,14,1783
23.0,0,15,15,1788
23.0,1,0,0,1634
23.0,1,0,1,1639
23.0,1,0,2,1644
23.0,1,0,3,1649
23.0,1,0,4,1655
23.0,1,0,5,1660
23.0,1,0,6,1665
23.0,1,0,7,1670
23.0,1,0,8,1675
23.0,1,0,9,1680
23.0,1,0,10,1686
23.0,1,0,11,1691
23.0,1,0,12,1696
23.0,1,0,13,1701
23.0,1,0,14,1706
23.0,1,0,15,1711
23.0,1,1,0,1639
23.0,1,1,1,1644
23.0,1,1,2,1650
23.0,1,1,3,1655
23.0,1,1,4,1660
23.0,1,1,5,1665
23.0,1,1,6,1671
23.0,1,1,7,1676
23.0,1,1,8,1681
23.0,1,1,9,1686
23.0,1,1,10,1691
23.0,1,1,11,1696
23.0,1,1,12,1701
23.0,1,1,13,1707
23.0,1,1,14,1712
23.0,1,1,15,1717
23.0,1,2,0,1645
23.0,1,2,1,1650
23.0,1,2,2,1655
23.0,1,2,3,1660
23.0,1,2,4,1666
23.0,1,2,5,1671
23.0,1,2,6,1676
23.0,1,2,7,1681
23.0,1,2,8,1687
23.0,1,2,9,1692
23.0,1,2,10,1697
23.0,1,2,11,1702
23.0,1,2,12,1707
23.0,1,2,13,1712
23.0,1,2,14,1717
23.0,1,2,15,1722
23.0,1,3,0,1650
23.0,1,3,1,1655
23.0,1,3,2,1661
23.0,1,3,3,1666
23.0,1,3,4,1671
23.0,1,3,5,1676
23.0,1,3,6,1682
23.0,1,3,7,1687
23.0,1,3,8,1692
23.0,1,3,9,1697
23.0,1,3,10,1702
23.0,1,3,11,1708
23.0,1,3,12,1713
23.0,1,3,13,1718
23.0,1,3,14,1723
23.0,1,3,15,1728
23.0,1,4,0,1655
23.0,1,4,1,1661
23.0,1,4,2,1666
23.0,1,4,3,1671
23.0,1,4,4,1677
23.0,1,4,5,1682
23.0,1,4,6,1687
23.0,1,4,7,1692
23.0,1,4,8,1698
23.0,1,4,9,1703
23.0,1,4,10,1708
23.0,1,4,11,1713
23.0,1,4,12,1718
23.0,1,4,13,1724
23.0,1,4,14,1729
23.0,1,4,15,1734
23.0,1,5,0,1661
23.0,1,5,1,1666
23.0,1,5,2,1672
23.0,1,5,3,1677
23.0,1,5,4,1682
23.0,1,5,5,1687
23.0,1,5,6,1693
23.0,1,5,7,1698
23.0,1,5,8,1703
23.0,1,5,9,1708
23.0,1,5,10,1714
23.0,1,5,11,1719
23.0,1,5,12,1724
23.0,1,5,13,1729
23.0,1,5,14,1734
23.0,1,5,15,1739
23.0,1,6,0,1666
23.0,1,6,1,1672
23.0,1,6,2,1677
23.0,1,6,3,1682
23.0,1,6,4,1688
23.0,1,6,5,1693
23.0,1,6,6,1698
23.0,1,6,7,1704
23.0,1,6,8,1709
23.0,1,6,9,1714
23.0,1,6,10,1719
23.0,1,6,11,1724
23.0,1,6,12,1730
23.0,1,6,13,1735
23.0,1,6,14,1740
23.0,1,6,15,1745
23.0,1,7,0,1672
23.0,1,7,1,1677
23.0,1,7,2,1682
23.0,1,7,3,1688
23.0,1,7,4,1693
23.0,1,7,5,1698
23.0,1,7,6,1704
23.0,1,7,7,1709
23.0,1,7,8,1714
23.0,1,7,9,1720
23.0,1,7,10,1725
23.0,1,7,11,1730
23.0,1,7,12,1735
23.0,1,7,13,1740
23.0,1,7,14,1746
23.0,1,7,15,1751
23.0,1,8,0,1677
23.0,1,8,1,1682
23.0,1,8,2,1688
23.0,1,8,3,1693
23.0,1,8,4,1699
23.0,1,8,5,1704
23.0,1,8,6,1709
23.0,1,8,7,1714
23.0,1,8,8,1720
23.0,1,8,9,1725
23.0,1,8,10,1730
23.0,1,8,11,1736
23.0,1,8,12,1741
23.0,1,8,13,1746
23.0,1,8,14,1751
23.0,1,8,15,1756
23.0,1,9,0,1682
23.0,1,9,1,1688
23.0,1,9,2,1693
23.0,1,9,3,1699
23.0,1,9,4,1704
23.0,1,9,5,1709
23.0,1,9,6,1715
23.0,1,9,7,1720
23.0,1,9,8,1725
23.0,1,9,9,1731
23.0,1,9,10,1736
23.0,1,9,11,1741
23.0,1,9,12,1746
23.0,1,9,13,1751
23.0,1,9,14,1757
23.0,1,9,15,1762
23.0,1,10,0,1688
23.0,1,10,1,1693
23.0,1,10,2,1699
23.0,1,10,3,1704
23.0,1,10,4,1709
23.0,1,10,5,1715
23.0,1,10,6,1720
23.0,1,10,7,1725
23.0,1,10,8,1731
23.0,1,10,9,1736
23.0,1,10,10,1741
23.0,1,10,11,1747
23.0,1,10,12,1752
23.0,1,10,13,1757
23.0,1,10,14,1762
23.0,1,10,15,1767
23.0,1,11,0,1693
23.0,1,11,1,1698
23.0,1,11,2,1704
23.0,1,11,3,1709
23.0,1,11,4,1715
23.0,1,11,5,1720
23.0,1,11,6,1725
23.0,1,11,7,1731
23.0,1,11,8,1736
23.0,1,11,9,1741
23.0,1,11,10,1747
23.0,1,11,11,1752
23.0,1,11,12,1757
23.0,1,11,13,1763
23.0,1,11,14,1768
23.0,1,11,15,1773
23.0,1,12,0,1698
23.0,1,12,1,1704
23.0,1,12,2,1709
23.0,1,12,3,1715
23.0,1,12,4,1720
23.0,1,12,5,1725
23.0,1,12,6,1731
23.0,1,12,7,1736
23.0,1,12,8,1742
23.0,1,12,9,1747
23.0,1,12,10,1752
23.0,1,12,11,1757
23.0,1,12,12,1763
23.0,1,12,13,1768
23.0,1,12,14,1773
23.0,1,12,15,1779
23.0,1,13,0,1704
23.0,1,13,1,1709
23.0,1,13,2,1714
23.0,1,13,3,1720
23.0,1,13,4,1725
23.0,1,13,5,1731
23.0,1,13,6,1736
23.0,1,13,7,1742
23.0,1,13,8,1747
23.0,1,13,9,1752
23.0,1,13,10,1758
23.0,1,13,11,1763
23.0,1,13,12,1768
23.0,1,13,13,1774
23.0,1,13,14,1779
23.0,1,13,15,1784
23.0,1,14,0,1709
23.0,1,14,1,1714
23.0,1,14,2,1720
23.0,1,14,3,1725
23.0,1,14,4,1731
23.0,1,14,5,1736
23.0,1,14,6,1742
23.0,1,14,7,1747
23.0,1,14,8,1752
23.0,1,14,9,1758
23.0,1,14,10,1763
23.0,1,14,11,1768
23.0,1,14,12,1774
23.0,1,14,13,1779
23.0,1,14,14,1784
23.0,1,14,15,1790
23.0,1,15,0,1714
23.0,1,15,1,1720
23.0,1,15,2,1725
23.0,1,15,3,1731
23.0,1,15,4,1736
23.0,1,15,5,1741
23.0,1,15,6,1747
23.0,1,15,7,1752
23.0,1,15,8,1758
23.0,1,15,9,1763
23.0,1,15,10,1768
23.0,1,15,11,1774
23.0,1,15,12,1779
23.0,1,15,13,1784
23.0,1,15,14,1790
23.0,1,15,15,1795
23.0,2,0,0,1640
23.0,2,0,1,1645
23.0,2,0,2,1650
23.0,2,0,3,1656
23.0,2,0,4,1661
23.0,2,0,5,1666
23.0,2,0,6,1671
23.0,2,0,7,1677
23.0,2,0,8,1682
23.0,2,0,9,1687
23.0,2,0,10,1692
23.0,2,0,11,1697
23.0,2,0,12,1702
23.0,2,0,13,1707
23.0,2,0,14,1712
23.0,2,0,15,1717
23.0,2,1,0,1645
23.0,2,1,1,1651
23.0,2,1,2,1656
23.0,2,1,3,1661
23.0,2,1,4,1667
23.0,2,1,5,1672
23.0,2,1,6,1677
23.0,2,1,7,1682
23.0,2,1,8,1687
23.0,2,1,9,1693
23.0,2,1,10,1698
23.0,2,1,11,1703
23.0,2,1,12,1708
23.0,2,1,13,1713
23.0,2,1,14,1718
23.0,2,1,15,1723
23.0,2,2,0,1651
23.0,2,2,1,1656
23.0,2,2,2,1662
23.0,2,2,3,1667
23.0,2,2,4,1672
23.0,2,2,5,1677
23.0,2,2,6,1683
23.0,2,2,7,1688
23.0,2,2,8,1693
23.0,2,2,9,1698
23.0,2,2,10,1703
23.0,2,2,11,1709
23.0,2,2,12,1714
23.0,2,2,13,1719
23.0,2,2,14,1724
23.0,2,2,15,1729
23.0,2,3,0,1656
23.0,2,3,1,1662
23.0,2,3,2,1667
23.0,2,3,3,1672
23.0,2,3,4,1678
23.0,2,3,5,1683
23.0,2,3,6,1688
23.0,2,3,7,1693
23.0,2,3,8,1699
23.0,2,3,9,1704
23.0,2,3,10,1709
23.0,2,3,11,1714
23.0,2,3,12,1719
23.0,2,3,13,1724
23.0,2,3,14,1730
23.0,2,3,15,1735
23.0,2,4,0,1662
23.0,2,4,1,1667
23.0,2,4,2,1673
23.0,2,4,3,1678
23.0,2,4,4,1683
23.0,2,4,5,1688
23.0,2,4,6,1694
23.0,2,4,7,1699
23.0,2,4,8,1704
23.0,2,4,9,1709
23.0,2,4,10,1715
23.0,2,4,11,1720
23.0,2,4,12,1725
23.0,2,4,13,1730
23.0,2,4,14,1735
23.0,2,4,15,1740
23.0,2,5,0,1667
23.0,2,5,1,1673
23.0,2,5,2,1678
23.0,2,5,3,1683
23.0,2,5,4,1689
23.0,2,5,5,1694
23.0,2,5,6,1699
23.0,2,5,7,1704
23.0,2,5,8,1710
23.0,2,5,9,1715
23.0,2,5,10,1720
23.0,2,5,11,1725
23.0,2,5,12,1731
23.0,2,5,13,1736
23.0,2,5,14,1741
23.0,2,5,15,1746
23.0,2,6,0,1673
23.0,2,6,1,1678
23.0,2,6,2,1683
23.0,2,6,3,1689
23.0,2,6,4,1694
23.0,2,6,5,1699
23.0,2,6,6,1705
23.0,2,6,7,1710
23.0,2,6,8,1715
23.0,2,6,9,1721
23.0,2,6,10,1726
23.0,2,6,11,1731
23.0,2,6,12,1736
23.0,2,6,13,1741
23.0,2,6,14,1747
23.0,2,6,15,1752
23.0,2,7,0,1678
23.0,2,7,1,1683
23.0,2,7,2,1689
23.0,2,7,3,1694
23.0,2,7,4,1700
23.0,2,7,5,1705
23.0,2,7,6,1710
23.0,2,7,7,1716
23.0,2,7,8,1721
23.0,2,7,9,1726
23.0,2,7,10,1731
23.0,2,7,11,1737
23.0,2,7,12,1742
23.0,2,7,13,1747
23.0,2,7,14,1752
23.0,2,7,15,1757
23.0,2,8,0,1683
23.0,2,8,1,1689
23.0,2,8,2,1694
23.0,2,8,3,1700
23.0,2,8,4,1705
23.0,2,8,5,1710
23.0,2,8,6,1716
23.0,2,8,7,1721
23.0,2,8,8,1726
23.0,2,8,9,1732
23.0,2,8,10,1737
23.0,2,8,11,1742
23.0,2,8,12,1747
23.0,2,8,13,1753
23.0,2,8,14,1758
23.0,2,8,15,1763
23.0,2,9,0,1689
23.0,2,9,1,1694
23.0,2,9,2,1700
23.0,2,9,3,1705
23.0,2,9,4,1710
23.0,2,9,5,1716
23.0,2,9,6,1721
23.0,2,9,7,1726
23.0,2,9,8,1732
23.0,2,9,9,1737
23.0,2,9,10,1742
23.0,2,9,11,1748
23.0,2,9,12,1753
23.0,2,9,13,1758
23.0,2,9,14,1763
23.0,2,9,15,1769
23.0,2,10,0,1694
23.0,2,10,1,1700
23.0,2,10,2,1705
23.0,2,10,3,1710
23.0,2,10,4,1716
23.0,2,10,5,1721
23.0,2,10,6,1727
23.0,2,10,7,1732
23.0,2,10,8,1737
23.0,2,10,9,1743
23.0,2,10,10,1748
23.0,2,10,11,1753
23.0,2,10,12,1758
23.0,2,10,13,1764
23.0,2,10,14,1769
23.0,2,10,15,1774
23.0,2,11,0,1699
23.0,2,11,1,1705
23.0,2,11,2,1710
23.0,2,11,3,1716
23.0,2,11,4,1721
23.0,2,11,5,1727
23.0,2,11,6,1732
23.0,2,11,7,1737
23.0,2,11,8,1743
23.0,2,11,9,1748
23.0,2,11,10,1753
23.0,2,11,11,1759
23.0,2,11,12,1764
23.0,2,11,13,1769
23.0,2,11,14,1775
23.0,2,11,15,1780
23.0,2,12,0,1705
23.0,2,12,1,1710
23.0,2,12,2,1716
23.0,2,12,3,1721
23.0,2,12,4,1727
23.0,2,12,5,1732
23.0,2,12,6,1737
23.0,2,12,7,1743
23.0,2,12,8,1748
23.0,2,12,9,1754
23.0,2,12,10,1759
23.0,2,12,11,1764
23.0,2,12,12,1769
23.0,2,12,13,1775
23.0,2,12,14,1780
23.0,2,12,15,1785
23.0,2,13,0,1710
23.0,2,13,1,1716
23.0,2,13,2,1721
23.0,2,13,3,1726
23.0,2,13,4,1732
23.0,2,13,5,1737
23.0,2,13,6,1743
23.0,2,13,7,1748
23.0,2,13,8,1754
23.0,2,13,9,1759
23.0,2,13,10,1764
23.0,2,13,11,1770
23.0,2,13,12,1775
23.0,2,13,13,1780
23.0,2,13,14,1786
23.0,2,13,15,1791
23.0,2,14,0,1715
23.0,2,14,1,1721
23.0,2,14,2,1726
23.0,2,14,3,1732
23.0,2,14,4,1737
23.0,2,14,5,1743
23.0,2,14,6,1748
23.0,2,14,7,1754
23.0,2,14,8,1759
23.0,2,14,9,1764
23.0,2,14,10,1770
23.0,2,14,11,1775
23.0,2,14,12,1780
23.0,2,14,13,1786
23.0,2,14,14,1791
23.0,2,14,15,1796
23.0,2,15,0,1721
23.0,2,15,1,1726
23.0,2,15,2,1732
23.0,2,15,3,1737
23.0,2,15,4,1743
23.0,2,15,5,1748
23.0,2,15,6,1754
23.0,2,15,7,1759
23.0,2,15,8,1764
23.0,2,15,9,1770
23.0,2,15,10,1775
23.0,2,15,11,1781
23.0,2,15,12,1786
23.0,2,15,13,1791
23.0,2,15,14,1797
23.0,2,15,15,1802
23.0,3,0,0,1646
23.0,3,0,1,1651
23.0,3,0,2,1657
23.0,3,0,3,1662
23.0,3,0,4,1667
23.0,3,0,5,1673
23.0,3,0,6,1678
23.0,3,0,7,1683
23.0,3,0,8,1688
23.0,3,0,9,1693
23.0,3,0,10,1698
23.0,3,0,11,1704
23.0,3,0,12,1709
23.0,3,0,13,1714
23.0,3,0,14,1719
23.0,3,0,15,1724
23.0,3,1,0,1652
23.0,3,1,1,1657
23.0,3,1,2,1662
23.0,3,1,3,1668
23.0,3,1,4,1673
23.0,3,1,5,1678
23.0,3,1,6,1683
23.0,3,1,7,1689
23.0,3,1,8,1694
23.0,3,1,9,1699
23.0,3,1,10,1704
23.0,3,1,11,1709
23.0,3,1,12,1714
23.0,3,1,13,1720
23.0,3,1,14,1725
23.0,3,1,15,1730
23.0,3,2,0,1657
23.0,3,2,1,1663
23.0,3,2,2,1668
23.0,3,2,3,1673
23.0,3,2,4,1678
23.0,3,2,5,1684
23.0,3,2,6,1689
23.0,3,2,7,1694
23.0,3,2,8,1699
23.0,3,2,9,1705
23.0,3,2,10,1710
23.0,3,2,11,1715
23.0,3,2,12,1720
23.0,3,2,13,1725
23.0,3,2,14,1730
23.0,3,2,15,1736
23.0,3,3,0,1663
23.0,3,3,1,1668
23.0,3,3,2,1673
23.0,3,3,3,1679
23.0,3,3,4,1684
23.0,3,3,5,1689
23.0,3,3,6,1695
23.0,3,3,7,1700
23.0,3,3,8,1705
23.0,3,3,9,1710
23.0,3,3,10,1715
23.0,3,3,11,1721
23.0,3,3,12,1726
23.0,3,3,13,1731
23.0,3,3,14,1736
23.0,3,3,15,1741
23.0,3,4,0,1668
23.0,3,4,1,1674
23.0,3,4,2,1679
23.0,3,4,3,1684
23.0,3,4,4,1690
23.0,3,4,5,1695
23.0,3,4,6,1700
23.0,3,4,7,1705
23.0,3,4,8,1711
23.0,3,4,9,1716
23.0,3,4,10,1721
23.0,3,4,11,1726
23.0,3,4,12,1732
23.0,3,4,13,1737
23.0,3,4,14,1742
23.0,3,4,15,1747
23.0,3,5,0,1674
23.0,3,5,1,1679
23.0,3,5,2,1684
23.0,3,5,3,1690
23.0,3,5,4,1695
23.0,3,5,5,1700
23.0,3,5,6,1706
23.0,3,5,7,1711
23.0,3,5,8,1716
23.0,3,5,9,1721
23.0,3,5,10,1727
23.0,3,5,11,1732
23.0,3,5,12,1737
23.0,3,5,13,1742
23.0,3,5,14,1748
23.0,3,5,15,1753
23.0,3,6,0,1679
23.0,3,6,1,1684
23.0,3,6,2,1690
23.0,3,6,3,1695
23.0,3,6,4,1701
23.0,3,6,5,1706
23.0,3,6,6,1711
23.0,3,6,7,1717
23.0,3,6,8,1722
23.0,3,6,9,1727
23.0,3,6,10,1732
23.0,3,6,11,1738
23.0,3,6,12,1743
23.0,3,6,13,1748
23.0,3,6,14,1753
23.0,3,6,15,1758
23.0,3,7,0,1684
23.0,3,7,1,1690
23.0,3,7,2,1695
23.0,3,7,3,1701
23.0,3,7,4,1706
23.0,3,7,5,1711
23.0,3,7,6,1717
23.0,3,7,7,1722
23.0,3,7,8,1727
23.0,3,7,9,1733
23.0,3,7,10,1738
23.0,3,7,11,1743
23.0,3,7,12,1748
23.0,3,7,13,1754
23.0,3,7,14,1759
23.0,3,7,15,1764
23.0,3,8,0,1690
23.0,3,8,1,1695
23.0,3,8,2,1701
23.0,3,8,3,1706
23.0,3,8,4,1711
23.0,3,8,5,1717
23.0,3,8,6,1722
23.0,3,8,7,1728
23.0,3,8,8,1733
23.0,3,8,9,1738
23.0,3,8,10,1743
23.0,3,8,11,1749
23.0,3,8,12,1754
23.0,3,8,13,1759
23.0,3,8,14,1764
23.0,3,8,15,1770
23.0,3,9,0,1695
23.0,3,9,1,1701
23.0,3,9,2,1706
23.0,3,9,3,1712
23.0,3,9,4,1717
23.0,3,9,5,1722
23.0,3,9,6,1728
23.0,3,9,7,1733
23.0,3,9,8,1738
23.0,3,9,9,1744
23.0,3,9,10,1749
23.0,3,9,11,1754
23.0,3,9,12,1760
23.0,3,9,13,1765
23.0,3,9,14,1770
23.0,3,9,15,1775
23.0,3,10,0,1701
23.0,3,10,1,1706
23.0,3,10,2,1711
23.0,3,10,3,1717
23.0,3,10,4,1722
23.0,3,10,5,1728
23.0,3,10,6,1733
23.0,3,10,7,1739
23.0,3,10,8,1744
23.0,3,10,9,1749
23.0,3,10,10,1755
23.0,3,10,11,1760
23.0,3,10,12,1765
23.0,3,10,13,1770
23.0,3,10,14,1776
23.0,3,10,15,1781
23.0,3,11,0,1706
23.0,3,11,1,1711
23.0,3,11,2,1717
23.0,3,11,3,1722
23.0,3,11,4,1728
23.0,3,11,5,1733
23.0,3,11,6,1739
23.0,3,11,7,1744
23.0,3,11,8,1749
23.0,3,11,9,1755
23.0,3,11,10,1760
23.0,3,11,11,1765
23.0,3,11,12,1771
23.0,3,11,13,1776
23.0,3,11,14,1781
23.0,3,11,15,1787
23.0,3,12,0,1711
23.0,3,12,1,1717
23.0,3,12,2,1722
23.0,3,12,3,1728
23.0,3,12,4,1733
23.0,3,12,5,1739
23.0,3,12,6,1744
23.0,3,12,7,1749
23.0,3,12,8,1755
23.0,3,12,9,1760
23.0,3,12,10,1766
23.0,3,12,11,1771
23.0,3,12,12,1776
23.0,3,12,13,1782
23.0,3,12,14,1787
23.0,3,12,15,1792
23.0,3,13,0,1717
23.0,3,13,1,1722
23.0,3,13,2,1728
23.0,3,13,3,1733
23.0,3,13,4,1739
23.0,3,13,5,1744
23.0,3,13,6,1749
23.0,3,13,7,1755
23.0,3,13,8,1760
23.0,3,13,9,1766
23.0,3,13,10,1771
23.0,3,13,11,1776
23.0,3,13,12,1782
23.0,3,13,13,1787
23.0,3,13,14,1792
23.0,3,13,15,1798
23.0,3,14,0,1722
23.0,3,14,1,1727
23.0,3,14,2,1733
23.0,3,14,3,1738
23.0,3,14,4,1744
23.0,3,14,5,1749
23.0,3,14,6,1755
23.0,3,14,7,1760
23.0,3,14,8,1766
23.0,3,14,9,1771
23.0,3,14,10,1776
23.0,3,14,11,1782
23.0,3,14,12,1787
23.0,3,14,13,1793
23.0,3,14,14,1798
23.0,3,14,15,1803
23.0,3,15,0,1727
23.0,3,15,1,1733
23.0,3,15,2,1738
23.0,3,15,3,1744
23.0,3,15,4,1749
23.0,3,15,5,1755
23.0,3,15,6,1760
23.0,3,15,7,1766
23.0,3,15,8,1771
23.0,3,15,9,1777
23.0,3,15,10,1782
23.0,3,15,11,1787
23.0,3,15,12,1793
23.0,3,15,13,1798
23.0,3,15,14,1803
23.0,3,15,15,1809
23.0,4,0,0,1652
23.0,4,0,1,1658
23.0,4,0,2,1663
23.0,4,0,3,1668
23.0,4,0,4,1674
23.0,4,0,5,1679
23.0,4,0,6,1684
23.0,4,0,7,1689
23.0,4,0,8,1695
23.0,4,0,9,1700
23.0,4,0,10,1705
23.0,4,0,11,1710
23.0,4,0,12,1715
23.0,4,0,13,1720
23.0,4,0,14,1725
23.0,4,0,15,1731
23.0,4,1,0,1658
23.0,4,1,1,1663
23.0,4,1,2,1669
23.0,4,1,3,1674
23.0,4,1,4,1679
23.0,4,1,5,1684
23.0,4,1,6,1690
23.0,4,1,7,1695
23.0,4,1,8,1700
23.0,4,1,9,1705
23.0,4,1,10,1711
23.0,4,1,11,1716
23.0,4,1,12,1721
23.0,4,1,13,1726
23.0,4,1,14,1731
23.0,4,1,15,1736
23.0,4,2,0,1663
23.0,4,2,1,1669
23.0,4,2,2,1674
23.0,4,2,3,1679
23.0,4,2,4,1685
23.0,4,2,5,1690
23.0,4,2,6,1695
23.0,4,2,7,1701
23.0,4,2,8,1706
23.0,4,2,9,1711
23.0,4,2,10,1716
23.0,4,2,11,1722
23.0,4,2,12,1727
23.0,4,2,13,1732
23.0,4,2,14,1737
23.0,4,2,15,1742
23.0,4,3,0,1669
23.0,4,3,1,1674
23.0,4,3,2,1680
23.0,4,3,3,1685
23.0,4,3,4,1690
23.0,4,3,5,1696
23.0,4,3,6,1701
23.0,4,3,7,1706
23.0,4,3,8,1712
23.0,4,3,9,1717
23.0,4,3,10,1722
23.0,4,3,11,1727
23.0,4,3,12,1732
23.0,4,3,13,1738
23.0,4,3,14,1743
23.0,4,3,15,1748
23.0,4,4,0,1674
23.0,4,4,1,1680
23.0,4,4,2,1685
23.0,4,4,3,1691
23.0,4,4,4,1696
23.0,4,4,5,1701
23.0,4,4,6,1707
23.0,4,4,7,1712
23.0,4,4,8,1717
23.0,4,4,9,1722
23.0,4,4,10,1728
23.0,4,4,11,1733
23.0,4,4,12,1738
23.0,4,4,13,1743
23.0,4,4,14,1748
23.0,4,4,15,1754
23.0,4,5,0,1680
23.0,4,5,1,1685
23.0,4,5,2,1691
23.0,4,5,3,1696
23.0,4,5,4,1701
23.0,4,5,5,1707
23.0,4,5,6,1712
23.0,4,5,7,1717
23.0,4,5,8,1723
23.0,4,5,9,1728
23.0,4,5,10,1733
23.0,4,5,11,1739
23.0,4,5,12,1744
23.0,4,5,13,1749
23.0,4,5,14,1754
23.0,4,5,15,1759
23.0,4,6,0,1685
23.0,4,6,1,1691
23.0,4,6,2,1696
23.0,4,6,3,1702
23.0,4,6,4,1707
23.0,4,6,5,1712
23.0,4,6,6,1718
23.0,4,6,7,1723
23.0,4,6,8,1728
23.0,4,6,9,1734
23.0,4,6,10,1739
23.0,4,6,11,1744
23.0,4,6,12,1749
23.0,4,6,13,1755
23.0,4,6,14,1760
23.0,4,6,15,1765
23.0,4,7,0,1691
23.0,4,7,1,1696
23.0,4,7,2,1702
23.0,4,7,3,1707
23.0,4,7,4,1712
23.0,4,7,5,1718
23.0,4,7,6,1723
23.0,4,7,7,1729
23.0,4,7,8,1734
23.0,4,7,9,1739
23.0,4,7,10,1745
23.0,4,7,11,1750
23.0,4,7,12,1755
23.0,4,7,13,1760
23.0,4,7,14,1766
23.0,4,7,15,1771
23.0,4,8,0,1696
23.0,4,8,1,1702
23.0,4,8,2,1707
23.0,4,8,3,1713
23.0,4,8,4,1718
23.0,4,8,5,1723
23.0,4,8,6,1729
23.0,4,8,7,1734
23.0,4,8,8,1739
23.0,4,8,9,1745
23.0,4,8,10,1750
23.0,4,8,11,1755
23.0,4,8,12,1761
23.0,4,8,13,1766
23.0,4,8,14,1771
23.0,4,8,15,1776
23.0,4,9,0,1702
23.0,4,9,1,1707
23.0,4,9,2,1713
23.0,4,9,3,1718
23.0,4,9,4,1723
23.0,4,9,5,1729
23.0,4,9,6,1734
23.0,4,9,7,1740
23.0,4,9,8,1745
23.0,4,9,9,1750
23.0,4,9,10,1756
23.0,4,9,11,1761
23.0,4,9,12,1766
23.0,4,9,13,1772
23.0,4,9,14,1777
23.0,4,9,15,1782
23.0,4,10,0,1707
23.0,4,10,1,1712
23.0,4,10,2,1718
23.0,4,10,3,1723
23.0,4,10,4,1729
23.0,4,10,5,1734
23.0,4,10,6,1740
23.0,4,10,7,1745
23.0,4,10,8,1750
23.0,4,10,9,1756
23.0,4,10,10,1761
23.0,4,10,11,1767
23.0,4,10,12,1772
23.0,4,10,13,1777
23.0,4,10,14,1782
23.0,4,10,15,1788
23.0,4,11,0,1712
23.0,4,11,1,1718
23.0,4,11,2,1723
23.0,4,11,3,1729
23.0,4,11,4,1734
23.0,4,11,5,1740
23.0,4,11,6,1745
23.0,4,11,7,1751
23.0,4,11,8,1756
23.0,4,11,9,1761
23.0,4,11,10,1767
23.0,4,11,11,1772
23.0,4,11,12,1777
23.0,4,11,13,1783
23.0,4,11,14,1788
23.0,4,11,15,1793
23.0,4,12,0,1718
23.0,4,12,1,1723
23.0,4,12,2,1729
23.0,4,12,3,1734
23.0,4,12,4,1740
23.0,4,12,5,1745
23.0,4,12,6,1751
23.0,4,12,7,1756
23.0,4,12,8,1761
23.0,4,12,9,1767
23.0,4,12,10,1772
23.0,4,12,11,1778
23.0,4,12,12,1783
23.0,4,12,13,1788
23.0,4,12,14,1794
23.0,4,12,15,1799
23.0,4,13,0,1723
23.0,4,13,1,1729
23.0,4,13,2,1734
23.0,4,13,3,1740
23.0,4,13,4,1745
23.0,4,13,5,1751
23.0,4,13,6,1756
23.0,4,13,7,1762
23.0,4,13,8,1767
23.0,4,13,9,1772
23.0,4,13,10,1778
23.0,4,13,11,1783
23.0,4,13,12,1788
23.0,4,13,13,1794
23.0,4,13,14,1799
23.0,4,13,15,1804
23.0,4,14,0,1728
23.0,4,14,1,1734
23.0,4,14,2,1739
23.0,4,14,3,1745
23.0,4,14,4,1750
23.0,4,14,5,1756
23.0,4,14,6,1761
23.0,4,14,7,1767
23.0,4,14,8,1772
23.0,4,14,9,1778
23.0,4,14,10,1783
23.0,4,14,11,1789
23.0,4,14,12,1794
23.0,4,14,13,1799
23.0,4,14,14,1805
23.0,4,14,15,1810
23.0,4,15,0,1734
23.0,4,15,1,1739
23.0,4,15,2,1745
23.0,4,15,3,1750
23.0,4,15,4,1756
23.0,4,15,5,1761
23.0,4,15,6,1767
23.0,4,15,7,1772
23.0,4,15,8,1778
23.0,4,15,9,1783
23.0,4,15,10,1789
23.0,4,15,11,1794
23.0,4,15,12,1799
23.0,4,15,13,1805
23.0,4,15,14,1810
23.0,4,15,15,1816
23.0,5,0,0,1659
23.0,5,0,1,1664
23.0,5,0,2,1669
23.0,5,0,3,1675
23.0,5,0,4,1680
23.0,5,0,5,1685
23.0,5,0,6,1690
23.0,5,0,7,1696
23.0,5,0,8,1701
23.0,5,0,9,1706
23.0,5,0,10,1711
23.0,5,0,11,1717
23.0,5,0,12,1722
23.0,5,0,13,1727
23.0,5,0,14,1732
23.0,5,0,15,1737
23.0,5,1,0,1664
23.0,5,1,1,1670
23.0,5,1,2,1675
23.0,5,1,3,1680
23.0,5,1,4,1686
23.0,5,1,5,1691
23.0,5,1,6,1696
23.0,5,1,7,1701
23.0,5,1,8,1707
23.0,5,1,9,1712
23.0,5,1,10,1717
23.0,5,1,11,1722
23.0,5,1,12,1727
23.0,5,1,13,1733
23.0,5,1,14,1738
23.0,5,1,15,1743
23.0,5,2,0,1670
23.0,5,2,1,1675
23.0,5,2,2,1680
23.0,5,2,3,1686
23.0,5,2,4,1691
23.0,5,2,5,1696
23.0,5,2,6,1702
23.0,5,2,7,1707
23.0,5,2,8,1712
23.0,5,2,9,1718
23.0,5,2,10,1723
23.0,5,2,11,1728
23.0,5,2,12,1733
23.0,5,2,13,1738
23.0,5,2,14,1744
23.0,5,2,15,1749
23.0,5,3,0,1675
23.0,5,3,1,1681
23.0,5,3,2,1686
23.0,5,3,3,1691
23.0,5,3,4,1697
23.0,5,3,5,1702
23.0,5,3,6,1707
23.0,5,3,7,1713
23.0,5,3,8,1718
23.0,5,3,9,1723
23.0,5,3,10,1728
23.0,5,3,11,1734
23.0,5,3,12,1739
23.0,5,3,13,1744
23.0,5,3,14,1749
23.0,5,3,15,1754
23.0,5,4,0,1681
23.0,5,4,1,1686
23.0,5,4,2,1692
23.0,5,4,3,1697
23.0,5,4,4,1702
23.0,5,4,5,1708
23.0,5,4,6,1713
23.0,5,4,7,1718
23.0,5,4,8,1724
23.0,5,4,9,1729
23.0,5,4,10,1734
23.0,5,4,11,1739
23.0,5,4,12,1745
23.0,5,4,13,1750
23.0,5,4,14,1755
23.0,5,4,15,1760
23.0,5,5,0,1686
23.0,5,5,1,1692
23.0,5,5,2,1697
23.0,5,5,3,1703
23.0,5,5,4,1708
23.0,5,5,5,1713
23.0,5,5,6,1719
23.0,5,5,7,1724
23.0,5,5,8,1729
23.0,5,5,9,1735
23.0,5,5,10,1740
23.0,5,5,11,1745
23.0,5,5,12,1750
23.0,5,5,13,1756
23.0,5,5,14,1761
23.0,5,5,15,1766
23.0,5,6,0,1692
23.0,5,6,1,1697
23.0,5,6,2,1703
23.0,5,6,3,1708
23.0,5,6,4,1713
23.0,5,6,5,1719
23.0,5,6,6,1724
23.0,5,6,7,1730
23.0,5,6,8,1735
23.0,5,6,9,1740
23.0,5,6,10,1745
23.0,5,6,11,1751
23.0,5,6,12,1756
23.0,5,6,13,1761
23.0,5,6,14,1766
23.0,5,6,15,1772
23.0,5,7,0,1697
23.0,5,7,1,1703
23.0,5,7,2,1708
23.0,5,7,3,1714
23.0,5,7,4,1719
23.0,5,7,5,1724
23.0,5,7,6,1730
23.0,5,7,7,1735
23.0,5,7,8,1740
23.0,5,7,9,1746
23.0,5,7,10,1751
23.0,5,7,11,1756
23.0,5,7,12,1762
23.0,5,7,13,1767
23.0,5,7,14,1772
23.0,5,7,15,1777
23.0,5,8,0,1703
23.0,5,8,1,1708
23.0,5,8,2,1714
23.0,5,8,3,1719
23.0,5,8,4,1724
23.0,5,8,5,1730
23.0,5,8,6,1735
23.0,5,8,7,1741
23.0,5,8,8,1746
23.0,5,8,9,1751
23.0,5,8,10,1757
23.0,5,8,11,1762
23.0,5,8,12,1767
23.0,5,8,13,1773
23.0,5,8,14,1778
23.0,5,8,15,1783
23.0,5,9,0,1708
23.0,5,9,1,1714
23.0,5,9,2,1719
23.0,5,9,3,1724
23.0,5,9,4,1730
23.0,5,9,5,1735
23.0,5,9,6,1741
23.0,5,9,7,1746
23.0,5,9,8,1752
23.0,5,9,9,1757
23.0,5,9,10,1762
23.0,5,9,11,1768
23.0,5,9,12,1773
23.0,5,9,13,1778
23.0,5,9,14,1784
23.0,5,9,15,1789
23.0,5,10,0,1713
23.0,5,10,1,1719
23.0,5,10,2,1724
23.0,5,10,3,1730
23.0,5,10,4,1735
23.0,5,10,5,1741
23.0,5,10,6,1746
23.0,5,10,7,1752
23.0,5,10,8,1757
23.0,5,10,9,1762
23.0,5,10,10,1768
23.0,5,10,11,1773
23.0,5,10,12,1779
23.0,5,10,13,1784
23.0,5,10,14,1789
23.0,5,10,15,1794
23.0,5,11,0,1719
23.0,5,11,1,1724
23.0,5,11,2,1730
23.0,5,11,3,1735
23.0,5,11,4,1741
23.0,5,11,5,1746
23.0,5,11,6,1752
23.0,5,11,7,1757
23.0,5,11,8,1763
23.0,5,11,9,1768
23.0,5,11,10,1773
23.0,5,11,11,1779
23.0,5,11,12,1784
23.0,5,11,13,1789
23.0,5,11,14,1795
23.0,5,11,15,1800
23.0,5,12,0,1724
23.0,5,12,1,1730
23.0,5,12,2,1735
23.0,5,12,3,1741
23.0,5,12,4,1746
23.0,5,12,5,1752
23.0,5,12,6,1757
23.0,5,12,7,1763
23.0,5,12,8,1768
23.0,5,12,9,1774
23.0,5,12,10,1779
23.0,5,12,11,1784
23.0,5,12,12,1790
23.0,5,12,13,1795
23.0,5,12,14,1800
23.0,5,12,15,1806
23.0,5,13,0,1730
23.0,5,13,1,1735
23.0,5,13,2,1741
23.0,5,13,3,1746
23.0,5,13,4,1752
23.0,5,13,5,1757
23.0,5,13,6,1763
23.0,5,13,7,1768
23.0,5,13,8,1774
23.0,5,13,9,1779
23.0,5,13,10,1784
23.0,5,13,11,1790
23.0,5,13,12,1795
23.0,5,13,13,1801
23.0,5,13,14,1806
23.0,5,13,15,1811
23.0,5,14,0,1735
23.0,5,14,1,1740
23.0,5,14,2,1746
23.0,5,14,3,1752
23.0,5,14,4,1757
23.0,5,14,5,1763
23.0,5,14,6,1768
23.0,5,14,7,1774
23.0,5,14,8,1779
23.0,5,14,9,1785
23.0,5,14,10,1790
23.0,5,14,11,1795
23.0,5,14,12,1801
23.0,5,14,13,1806
23.0,5,14,14,1812
23.0,5,14,15,1817
23.0,5,15,0,1740
23.0,5,15,1,1746
23.0,5,15,2,1751
23.0,5,15,3,1757
23.0,5,15,4,1762
23.0,5,15,5,1768
23.0,5,15,6,1774
23.0,5,15,7,1779
23.0,5,15,8,1785
23.0,5,15,9,1790
23.0,5,15,10,1795
23.0,5,15,11,1801
23.0,5,15,12,1806
23.0,5,15,13,1812
23.0,5,15,14,1817
23.0,5,15,15,1822
23.0,6,0,0,1665
23.0,6,0,1,1670
23.0,6,0,2,1676
23.0,6,0,3,1681
23.0,6,0,4,1686
23.0,6,0,5,1692
23.0,6,0,6,1697
23.0,6,0,7,1702
23.0,6,0,8,1707
23.0,6,0,9,1713
23.0,6,0,10,1718
23.0,6,0,11,1723
23.0,6,0,12,1728
23.0,6,0,13,1733
23.0,6,0,14,1738
23.0,6,0,15,1744
23.0,6,1,0,1670
23.0,6,1,1,1676
23.0,6,1,2,1681
23.0,6,1,3,1687
23.0,6,1,4,1692
23.0,6,1,5,1697
23.0,6,1,6,1703
23.0,6,1,7,1708
23.0,6,1,8,1713
23.0,6,1,9,1718
23.0,6,1,10,1724
23.0,6,1,11,1729
23.0,6,1,12,1734
23.0,6,1,13,1739
23.0,6,1,14,1744
23.0,6,1,15,1749
23.0,6,2,0,1676
23.0,6,2,1,1681
23.0,6,2,2,1687
23.0,6,2,3,1692
23.0,6,2,4,1698
23.0,6,2,5,1703
23.0,6,2,6,1708
23.0,6,2,7,1713
23.0,6,2,8,1719
23.0,6,2,9,1724
23.0,6,2,10,1729
23.0,6,2,11,1734
23.0,6,2,12,1740
23.0,6,2,13,1745
23.0,6,2,14,1750
23.0,6,2,15,1755
23.0,6,3,0,1682
23.0,6,3,1,1687
23.0,6,3,2,1692
23.0,6,3,3,1698
23.0,6,3,4,1703
23.0,6,3,5,1708
23.0,6,3,6,1714
23.0,6,3,7,1719
23.0,6,3,8,1724
23.0,6,3,9,1730
23.0,6,3,10,1735
23.0,6,3,11,1740
23.0,6,3,12,1745
23.0,6,3,13,1751
23.0,6,3,14,1756
23.0,6,3,15,1761
23.0,6,4,0,1687
23.0,6,4,1,1693
23.0,6,4,2,1698
23.0,6,4,3,1703
23.0,6,4,4,1709
23.0,6,4,5,1714
23.0,6,4,6,1719
23.0,6,4,7,1725
23.0,6,4,8,1730
23.0,6,4,9,1735
23.0,6,4,10,1741
23.0,6,4,11,1746
23.0,6,4,12,1751
23.0,6,4,13,1756
23.0,6,4,14,1762
23.0,6,4,15,1767
23.0,6,5,0,1693
23.0,6,5,1,1698
23.0,6,5,2,1703
23.0,6,5,3,1709
23.0,6,5,4,1714
23.0,6,5,5,1720
23.0,6,5,6,1725
23.0,6,5,7,1730
23.0,6,5,8,1736
23.0,6,5,9,1741
23.0,6,5,10,1746
23.0,6,5,11,1752
23.0,6,5,12,1757
23.0,6,5,13,1762
23.0,6,5,14,1767
23.0,6,5,15,1773
23.0,6,6,0,1698
23.0,6,6,1,1704
23.0,6,6,2,1709
23.0,6,6,3,1714
23.0,6,6,4,1720
23.0,6,6,5,1725
23.0,6,6,6,1731
23.0,6,6,7,1736
23.0,6,6,8,1741
23.0,6,6,9,1747
23.0,6,6,10,1752
23.0,6,6,11,1757
23.0,6,6,12,1763
23.0,6,6,13,1768
23.0,6,6,14,1773
23.0,6,6,15,1778
23.0,6,7,0,1704
23.0,6,7,1,1709
23.0,6,7,2,1715
23.0,6,7,3,1720
23.0,6,7,4,1725
23.0,6,7,5,1731
23.0,6,7,6,1736
23.0,6,7,7,1742
23.0,6,7,8,1747
23.0,6,7,9,1752
23.0,6,7,10,1758
23.0,6,7,11,1763
23.0,6,7,12,1768
23.0,6,7,13,1774
23.0,6,7,14,1779
23.0,6,7,15,1784
23.0,6,8,0,1709
23.0,6,8,1,1715
23.0,6,8,2,1720
23.0,6,8,3,1725
23.0,6,8,4,1731
23.0,6,8,5,1736
23.0,6,8,6,1742
23.0,6,8,7,1747
23.0,6,8,8,1753
23.0,6,8,9,1758
23.0,6,8,10,1763
23.0,6,8,11,1769
23.0,6,8,12,1774
23.0,6,8,13,1779
23.0,6,8,14,1785
23.0,6,8,15,1790
23.0,6,9,0,1714
23.0,6,9,1,1720
23.0,6,9,2,1725
23.0,6,9,3,1731
23.0,6,9,4,1736
23.0,6,9,5,1742
23.0,6,9,6,1747
23.0,6,9,7,1753
23.0,6,9,8,1758
23.0,6,9,9,1764
23.0,6,9,10,1769
23.0,6,9,11,1774
23.0,6,9,12,1780
23.0,6,9,13,1785
23.0,6,9,14,1790
23.0,6,9,15,1796
23.0,6,10,0,1720
23.0,6,10,1,1725
23.0,6,10,2,1731
23.0,6,10,3,1736
23.0,6,10,4,1742
23.0,6,10,5,1747
23.0,6,10,6,1753
23.0,6,10,7,1758
23.0,6,10,8,1764
23.0,6,10,9,1769
23.0,6,10,10,1774
23.0,6,10,11,1780
23.0,6,10,12,1785
23.0,6,10,13,1791
23.0,6,10,14,1796
23.0,6,10,15,1801
23.0,6,11,0,1725
23.0,6,11,1,1731
23.0,6,11,2,1736
23.0,6,11,3,1742
23.0,6,11,4,1747
23.0,6,11,5,1753
23.0,6,11,6,1758
23.0,6,11,7,1764
23.0,6,11,8,1769
23.0,6,11,9,1775
23.0,6,11,10,1780
23.0,6,11,11,1785
23.0,6,11,12,1791
23.0,6,11,13,1796
23.0,6,11,14,1802
23.0,6,11,15,1807
23.0,6,12,0,1731
23.0,6,12,1,1736
23.0,6,12,2,1742
23.0,6,12,3,1747
23.0,6,12,4,1753
23.0,6,12,5,1758
23.0,6,12,6,1764
23.0,6,12,7,1769
23.0,6,12,8,1775
23.0,6,12,9,1780
23.0,6,12,10,1786
23.0,6,12,11,1791
23.0,6,12,12,1796
23.0,6,12,13,1802
23.0,6,12,14,1807
23.0,6,12,15,1812
23.0,6,13,0,1736
23.0,6,13,1,1742
23.0,6,13,2,1747
23.0,6,13,3,1753
23.0,6,13,4,1758
23.0,6,13,5,1764
23.0,6,13,6,1769
23.0,6,13,7,1775
23.0,6,13,8,1780
23.0,6,13,9,1786
23.0,6,13,10,1791
23.0,6,13,11,1797
23.0,6,13,12,1802
23.0,6,13,13,1807
23.0,6,13,14,1813
23.0,6,13,15,1818
23.0,6,14,0,1741
23.0,6,14,1,1747
23.0,6,14,2,1753
23.0,6,14,3,1758
23.0,6,14,4,1764
23.0,6,14,5,1769
23.0,6,14,6,1775
23.0,6,14,7,1780
23.0,6,14,8,1786
23.0,6,14,9,1791
23.0,6,14,10,1797
23.0,6,14,11,1802
23.0,6,14,12,1808
23.0,6,14,13,1813
23.0,6,14,14,1818
23.0,6,14,15,1824
23.0,6,15,0,1747
23.0,6,15,1,1752
23.0,6,15,2,1758
23.0,6,15,3,1764
23.0,6,15,4,1769
23.0,6,15,5,1775
23.0,6,15,6,1780
23.0,6,15,7,1786
23.0,6,15,8,1791
23.0,6,15,9,1797
23.0,6,15,10,1802
23.0,6,15,11,1808
23.0,6,15,12,1813
23.0,6,15,13,1819
23.0,6,15,14,1824
23.0,6,15,15,1829
23.0,7,0,0,1671
23.0,7,0,1,1677
23.0,7,0,2,1682
23.0,7,0,3,1687
23.0,7,0,4,1693
23.0,7,0,5,1698
23.0,7,0,6,1703
23.0,7,0,7,1708
23.0,7,0,8,1714
23.0,7,0,9,1719
23.0,7,0,10,1724
23.0,7,0,11,1729
23.0,7,0,12,1735
23.0,7,0,13,1740
23.0,7,0,14,1745
23.0,7,0,15,1750
23.0,7,1,0,1677
23.0,7,1,1,1682
23.0,7,1,2,1688
23.0,7,1,3,1693
23.0,7,1,4,1698
23.0,7,1,5,1704
23.0,7,1,6,1709
23.0,7,1,7,1714
23.0,7,1,8,1719
23.0,7,1,9,1725
23.0,7,1,10,1730
23.0,7,1,11,1735
23.0,7,1,12,1740
23.0,7,1,13,1746
23.0,7,1,14,1751
23.0,7,1,15,1756
23.0,7,2,0,1682
23.0,7,2,1,1688
23.0,7,2,2,1693
23.0,7,2,3,1699
23.0,7,2,4,1704
23.0,7,2,5,1709
23.0,7,2,6,1715
23.0,7,2,7,1720
23.0,7,2,8,1725
23.0,7,2,9,1730
23.0,7,2,10,1736
23.0,7,2,11,1741
23.0,7,2,12,1746
23.0,7,2,13,1751
23.0,7,2,14,1757
23.0,7,2,15,1762
23.0,7,3,0,1688
23.0,7,3,1,1693
23.0,7,3,2,1699
23.0,7,3,3,1704
23.0,7,3,4,1710
23.0,7,3,5,1715
23.0,7,3,6,1720
23.0,7,3,7,1726
23.0,7,3,8,1731
23.0,7,3,9,1736
23.0,7,3,10,1741
23.0,7,3,11,1747
23.0,7,3,12,1752
23.0,7,3,13,1757
23.0,7,3,14,1762
23.0,7,3,15,1768
23.0,7,4,0,1693
23.0,7,4,1,1699
23.0,7,4,2,1704
23.0,7,4,3,1710
23.0,7,4,4,1715
23.0,7,4,5,1721
23.0,7,4,6,1726
23.0,7,4,7,1731
23.0,7,4,8,1737
23.0,7,4,9,1742
23.0,7,4,10,1747
23.0,7,4,11,1752
23.0,7,4,12,1758
23.0,7,4,13,1763
23.0,7,4,14,1768
23.0,7,4,15,1773
23.0,7,5,0,1699
23.0,7,5,1,1704
23.0,7,5,2,1710
23.0,7,5,3,1715
23.0,7,5,4,1721
23.0,7,5,5,1726
23.0,7,5,6,1732
23.0,7,5,7,1737
23.0,7,5,8,1742
23.0,7,5,9,1748
23.0,7,5,10,1753
23.0,7,5,11,1758
23.0,7,5,12,1764
23.0,7,5,13,1769
23.0,7,5,14,1774
23.0,7,5,15,1779
23.0,7,6,0,1704
23.0,7,6,1,1710
23.0,7,6,2,1715
23.0,7,6,3,1721
23.0,7,6,4,1726
23.0,7,6,5,1732
23.0,7,6,6,1737
23.0,7,6,7,1743
23.0,7,6,8,1748
23.0,7,6,9,1753
23.0,7,6,10,1759
23.0,7,6,11,1764
23.0,7,6,12,1769
23.0,7,6,13,1775
23.0,7,6,14,1780
23.0,7,6,15,1785
23.0,7,7,0,1710
23.0,7,7,1,1715
23.0,7,7,2,1721
23.0,7,7,3,1726
23.0,7,7,4,1732
23.0,7,7,5,1737
23.0,7,7,6,1743
23.0,7,7,7,1748
23.0,7,7,8,1754
23.0,7,7,9,1759
23.0,7,7,10,1764
23.0,7,7,11,1770
23.0,7,7,12,1775
23.0,7,7,13,1780
23.0,7,7,14,1786
23.0,7,7,15,1791
23.0,7,8,0,1715
23.0,7,8,1,1721
23.0,7,8,2,1726
23.0,7,8,3,1732
23.0,7,8,4,1737
23.0,7,8,5,1743
23.0,7,8,6,1748
23.0,7,8,7,1754
23.0,7,8,8,1759
23.0,7,8,9,1765
23.0,7,8,10,1770
23.0,7,8,11,1775
23.0,7,8,12,1781
23.0,7,8,13,1786
23.0,7,8,14,1791
23.0,7,8,15,1797
23.0,7,9,0,1721
23.0,7,9,1,1726
23.0,7,9,2,1732
23.0,7,9,3,1737
23.0,7,9,4,1743
23.0,7,9,5,1748
23.0,7,9,6,1754
23.0,7,9,7,1759
23.0,7,9,8,1765
23.0,7,9,9,1770
23.0,7,9,10,1776
23.0,7,9,11,1781
23.0,7,9,12,1786
23.0,7,9,13,1792
23.0,7,9,14,1797
23.0,7,9,15,1802
23.0,7,10,0,1726
23.0,7,10,1,1732
23.0,7,10,2,1737
23.0,7,10,3,1743
23.0,7,10,4,1748
23.0,7,10,5,1754
23.0,7,10,6,1759
23.0,7,10,7,1765
23.0,7,10,8,1770
23.0,7,10,9,1776
23.0,7,10,10,1781
23.0,7,10,11,1787
23.0,7,10,12,1792
23.0,7,10,13,1797
23.0,7,10,14,1803
23.0,7,10,15,1808
23.0,7,11,0,1732
23.0,7,11,1,1737
23.0,7,11,2,1743
23.0,7,11,3,1748
23.0,7,11,4,1754
23.0,7,11,5,1759
23.0,7,11,6,1765
23.0,7,11,7,1770
23.0,7,11,8,1776
23.0,7,11,9,1781
23.0,7,11,10,1787
23.0,7,11,11,1792
23.0,7,11,12,1798
23.0,7,11,13,1803
23.0,7,11,14,1808
23.0,7,11,15,1814
23.0,7,12,0,1737
23.0,7,12,1,1743
23.0,7,12,2,1748
23.0,7,12,3,1754
23.0,7,12,4,1759
23.0,7,12,5,1765
23.0,7,12,6,1770
23.0,7,12,7,1776
23.0,7,12,8,1781
23.0,7,12,9,1787
23.0,7,12,10,1792
23.0,7,12,11,1798
23.0,7,12,12,1803
23.0,7,12,13,1809
23.0,7,12,14,1814
23.0,7,12,15,1819
23.0,7,13,0,1743
23.0,7,13,1,1748
23.0,7,13,2,1754
23.0,7,13,3,1759
23.0,7,13,4,1765
23.0,7,13,5,1770
23.0,7,13,6,1776
23.0,7,13,7,1781
23.0,7,13,8,1787
23.0,7,13,9,1792
23.0,7,13,10,1798
23.0,7,13,11,1803
23.0,7,13,12,1809
23.0,7,13,13,1814
23.0,7,13,14,1820
23.0,7,13,15,1825
23.0,7,14,0,1748
23.0,7,14,1,1754
23.0,7,14,2,1759
23.0,7,14,3,1765
23.0,7,14,4,1770
23.0,7,14,5,1776
23.0,7,14,6,1781
23.0,7,14,7,1787
23.0,7,14,8,1792
23.0,7,14,9,1798
23.0,7,14,10,1803
23.0,7,14,11,1809
23.0,7,14,12,1814
23.0,7,14,13,1820
23.0,7,14,14,1825
23.0,7,14,15,1831
23.0,7,15,0,1753
23.0,7,15,1,1759
23.0,7,15,2,1765
23.0,7,15,3,1770
23.0,7,15,4,1776
23.0,7,15,5,1781
23.0,7,15,6,1787
23.0,7,15,7,1792
23.0,7,15,8,1798
23.0,7,15,9,1803
23.0,7,15,10,1809
23.0,7,15,11,1814
23.0,7,15,12,1820
23.0,7,15,13,1825
23.0,7,15,14,1831
23.0,7,15,15,1836
23.0,8,0,0,1677
23.0,8,0,1,1683
23.0,8,0,2,1688
23.0,8,0,3,1694
23.0,8,0,4,1699
23.0,8,0,5,1704
23.0,8,0,6,1710
23.0,8,0,7,1715
23.0,8,0,8,1720
23.0,8,0,9,1725
23.0,8,0,10,1731
23.0,8,0,11,1736
23.0,8,0,12,1741
23.0,8,0,13,1746
23.0,8,0,14,1752
23.0,8,0,15,1757
23.0,8,1,0,1683
23.0,8,1,1,1688
23.0,8,1,2,1694
23.0,8,1,3,1699
23.0,8,1,4,1705
23.0,8,1,5,1710
23.0,8,1,6,1715
23.0,8,1,7,1721
23.0,8,1,8,1726
23.0,8,1,9,1731
23.0,8,1,10,1736
23.0,8,1,11,1742
23.0,8,1,12,1747
23.0,8,1,13,1752
23.0,8,1,14,1757
23.0,8,1,15,1763
23.0,8,2,0,1689
23.0,8,2,1,1694
23.0,8,2,2,1699
23.0,8,2,3,1705
23.0,8,2,4,1710
23.0,8,2,5,1716
23.0,8,2,6,1721
23.0,8,2,7,1726
23.0,8,2,8,1732
23.0,8,2,9,1737
23.0,8,2,10,1742
23.0,8,2,11,1747
23.0,8,2,12,1753
23.0,8,2,13,1758
23.0,8,2,14,1763
23.0,8,2,15,1768
23.0,8,3,0,1694
23.0,8,3,1,1700
23.0,8,3,2,1705
23.0,8,3,3,1710
23.0,8,3,4,1716
23.0,8,3,5,1721
23.0,8,3,6,1727
23.0,8,3,7,1732
23.0,8,3,8,1737
23.0,8,3,9,1743
23.0,8,3,10,1748
23.0,8,3,11,1753
23.0,8,3,12,1759
23.0,8,3,13,1764
23.0,8,3,14,1769
23.0,8,3,15,1774
23.0,8,4,0,1700
23.0,8,4,1,1705
23.0,8,4,2,1711
23.0,8,4,3,1716
23.0,8,4,4,1722
23.0,8,4,5,1727
23.0,8,4,6,1732
23.0,8,4,7,1738
23.0,8,4,8,1743
23.0,8,4,9,1748
23.0,8,4,10,1754
23.0,8,4,11,1759
23.0,8,4,12,1764
23.0,8,4,13,1770
23.0,8,4,14,1775
23.0,8,4,15,1780
23.0,8,5,0,1705
23.0,8,5,1,1711
23.0,8,5,2,1716
23.0,8,5,3,1722
23.0,8,5,4,1727
23.0,8,5,5,1733
23.0,8,5,6,1738
23.0,8,5,7,1743
23.0,8,5,8,1749
23.0,8,5,9,1754
23.0,8,5,10,1759
23.0,8,5,11,1765
23.0,8,5,12,1770
23.0,8,5,13,1775
23.0,8,5,14,1781
23.0,8,5,15,1786
23.0,8,6,0,1711
23.0,8,6,1,1716
23.0,8,6,2,1722
23.0,8,6,3,1727
23.0,8,6,4,1733
23.0,8,6,5,1738
23.0,8,6,6,1744
23.0,8,6,7,1749
23.0,8,6,8,1754
23.0,8,6,9,1760
23.0,8,6,10,1765
23.0,8,6,11,1770
23.0,8,6,12,1776
23.0,8,6,13,1781
23.0,8,6,14,1786
23.0,8,6,15,1792
23.0,8,7,0,1716
23.0,8,7,1,1722
23.0,8,7,2,1727
23.0,8,7,3,1733
23.0,8,7,4,1738
23.0,8,7,5,1744
23.0,8,7,6,1749
23.0,8,7,7,1755
23.0,8,7,8,1760
23.0,8,7,9,1765
23.0,8,7,10,1771
23.0,8,7,11,1776
23.0,8,7,12,1782
23.0,8,7,13,1787
23.0,8,7,14,1792
23.0,8,7,15,1797
23.0,8,8,0,1722
23.0,8,8,1,1727
23.0,8,8,2,1733
23.0,8,8,3,1738
23.0,8,8,4,1744
23.0,8,8,5,1749
23.0,8,8,6,1755
23.0,8,8,7,1760
23.0,8,8,8,1766
23.0,8,8,9,1771
23.0,8,8,10,1777
23.0,8,8,11,1782
23.0,8,8,12,1787
23.0,8,8,13,1793
23.0,8,8,14,1798
23.0,8,8,15,1803
23.0,8,9,0,1727
23.0,8,9,1,1733
23.0,8,9,2,1738
23.0,8,9,3,1744
23.0,8,9,4,1749
23.0,8,9,5,1755
23.0,8,9,6,1760
23.0,8,9,7,1766
23.0,8,9,8,1771
23.0,8,9,9,1777
23.0,8,9,10,1782
23.0,8,9,11,1788
23.0,8,9,12,1793
23.0,8,9,13,1798
23.0,8,9,14,1804
23.0,8,9,15,1809
23.0,8,10,0,1733
23.0,8,10,1,1738
23.0,8,10,2,1744
23.0,8,10,3,1749
23.0,8,10,4,1755
23.0,8,10,5,1760
23.0,8,10,6,1766
23.0,8,10,7,1771
23.0,8,10,8,1777
23.0,8,10,9,1782
23.0,8,10,10,1788
23.0,8,10,11,1793
23.0,8,10,12,1799
23.0,8,10,13,1804
23.0,8,10,14,1809
23.0,8,10,15,1815
23.0,8,11,0,1738
23.0,8,11,1,1744
23.0,8,11,2,1749
23.0,8,11,3,1755
23.0,8,11,4,1760
23.0,8,11,5,1766
23.0,8,11,6,1772
23.0,8,11,7,1777
23.0,8,11,8,1783
23.0,8,11,9,1788
23.0,8,11,10,1793
23.0,8,11,11,1799
23.0,8,11,12,1804
23.0,8,11,13,1810
23.0,8,11,14,1815
23.0,8,11,15,1820
23.0,8,12,0,1744
23.0,8,12,1,1749
23.0,8,12,2,1755
23.0,8,12,3,1760
23.0,8,12,4,1766
23.0,8,12,5,1772
23.0,8,12,6,1777
23.0,8,12,7,1783
23.0,8,12,8,1788
23.0,8,12,9,1794
23.0,8,12,10,1799
23.0,8,12,11,1804
23.0,8,12,12,1810
23.0,8,12,13,1815
23.0,8,12,14,1821
23.0,8,12,15,1826
23.0,8,13,0,1749
23.0,8,13,1,1755
23.0,8,13,2,1760
23.0,8,13,3,1766
23.0,8,13,4,1771
23.0,8,13,5,1777
23.0,8,13,6,1783
23.0,8,13,7,1788
23.0,8,13,8,1794
23.0,8,13,9,1799
23.0,8,13,10,1805
23.0,8,13,11,1810
23.0,8,13,12,1815
23.0,8,13,13,1821
23.0,8,13,14,1826
23.0,8,13,15,1832
23.0,8,14,0,1754
23.0,8,14,1,1760
23.0,8,14,2,1766
23.0,8,14,3,1771
23.0,8,14,4,1777
23.0,8,14,5,1783
23.0,8,14,6,1788
23.0,8,14,7,1794
23.0,8,14,8,1799
23.0,8,14,9,1805
23.0,8,14,10,1810
23.0,8,14,11,1816
23.0,8,14,12,1821
23.0,8,14,13,1827
23.0,8,14,14,1832
23.0,8,14,15,1837
23.0,8,15,0,1760
23.0,8,15,1,1765
23.0,8,15,2,1771
23.0,8,15,3,1777
23.0,8,15,4,1782
23.0,8,15,5,1788
23.0,8,15,6,1794
23.0,8,15,7,1799
23.0,8,15,8,1805
23.0,8,15,9,1810
23.0,8,15,10,1816
23.0,8,15,11,1821
23.0,8,15,12,1827
23.0,8,15,13,1832
23.0,8,15,14,1838
23.0,8,15,15,1843
23.0,9,0,0,1684
23.0,9,0,1,1689
23.0,9,0,2,1694
23.0,9,0,3,1700
23.0,9,0,4,1705
23.0,9,0,5,1711
23.0,9,0,6,1716
23.0,9,0,7,1721
23.0,9,0,8,1727
23.0,9,0,9,1732
23.0,9,0,10,1737
23.0,9,0,11,1742
23.0,9,0,12,1748
23.0,9,0,13,1753
23.0,9,0,14,1758
23.0,9,0,15,1763
23.0,9,1,0,1689
23.0,9,1,1,1695
23.0,9,1,2,1700
23.0,9,1,3,1706
23.0,9,1,4,1711
23.0,9,1,5,1716
23.0,9,1,6,1722
23.0,9,1,7,1727
23.0,9,1,8,1732
23.0,9,1,9,1738
23.0,9,1,10,1743
23.0,9,1,11,1748
23.0,9,1,12,1753
23.0,9,1,13,1759
23.0,9,1,14,1764
23.0,9,1,15,1769
23.0,9,2,0,1695
23.0,9,2,1,1700
23.0,9,2,2,1706
23.0,9,2,3,1711
23.0,9,2,4,1717
23.0,9,2,5,1722
23.0,9,2,6,1727
23.0,9,2,7,1733
23.0,9,2,8,1738
23.0,9,2,9,1743
23.0,9,2,10,1749
23.0,9,2,11,1754
23.0,9,2,12,1759
23.0,9,2,13,1765
23.0,9,2,14,1770
23.0,9,2,15,1775
23.0,9,3,0,1700
23.0,9,3,1,1706
23.0,9,3,2,1711
23.0,9,3,3,1717
23.0,9,3,4,1722
23.0,9,3,5,1728
23.0,9,3,6,1733
23.0,9,3,7,1738
23.0,9,3,8,1744
23.0,9,3,9,1749
23.0,9,3,10,1754
23.0,9,3,11,1760
23.0,9,3,12,1765
23.0,9,3,13,1770
23.0,9,3,14,1776
23.0,9,3,15,1781
23.0,9,4,0,1706
23.0,9,4,1,1712
23.0,9,4,2,1717
23.0,9,4,3,1722
23.0,9,4,4,1728
23.0,9,4,5,1733
23.0,9,4,6,1739
23.0,9,4,7,1744
23.0,9,4,8,1750
23.0,9,4,9,1755
23.0,9,4,10,1760
23.0,9,4,11,1766
23.0,9,4,12,1771
23.0,9,4,13,1776
23.0,9,4,14,1781
23.0,9,4,15,1787
23.0,9,5,0,1712
23.0,9,5,1,1717
23.0,9,5,2,1723
23.0,9,5,3,1728
23.0,9,5,4,1734
23.0,9,5,5,1739
23.0,9,5,6,1744
23.0,9,5,7,1750
23.0,9,5,8,1755
23.0,9,5,9,1761
23.0,9,5,10,1766
23.0,9,5,11,1771
23.0,9,5,12,1777
23.0,9,5,13,1782
23.0,9,5,14,1787
23.0,9,5,15,1793
23.0,9,6,0,1717
23.0,9,6,1,1723
23.0,9,6,2,1728
23.0,9,6,3,1734
23.0,9,6,4,1739
23.0,9,6,5,1745
23.0,9,6,6,1750
23.0,9,6,7,1756
23.0,9,6,8,1761
23.0,9,6,9,1766
23.0,9,6,10,1772
23.0,9,6,11,1777
23.0,9,6,12,1782
23.0,9,6,13,1788
23.0,9,6,14,1793
23.0,9,6,15,1798
23.0,9,7,0,1723
23.0,9,7,1,1728
23.0,9,7,2,1734
23.0,9,7,3,1739
23.0,9,7,4,1745
23.0,9,7,5,1750
23.0,9,7,6,1756
23.0,9,7,7,1761
23.0,9,7,8,1767
23.0,9,7,9,1772
23.0,9,7,10,1777
23.0,9,7,11,1783
23.0,9,7,12,1788
23.0,9,7,13,1794
23.0,9,7,14,1799
23.0,9,7,15,1804
23.0,9,8,0,1728
23.0,9,8,1,1734
23.0,9,8,2,1739
23.0,9,8,3,1745
23.0,9,8,4,1750
23.0,9,8,5,1756
23.0,9,8,6,1761
23.0,9,8,7,1767
23.0,9,8,8,1772
23.0,9,8,9,1778
23.0,9,8,10,1783
23.0,9,8,11,1789
23.0,9,8,12,1794
23.0,9,8,13,1799
23.0,9,8,14,1805
23.0,9,8,15,1810
23.0,9,9,0,1734
23.0,9,9,1,1739
23.0,9,9,2,1745
23.0,9,9,3,1750
23.0,9,9,4,1756
23.0,9,9,5,1761
23.0,9,9,6,1767
23.0,9,9,7,1772
23.0,9,9,8,1778
23.0,9,9,9,1783
23.0,9,9,10,1789
23.0,9,9,11,1794
23.0,9,9,12,1800
23.0,9,9,13,1805
23.0,9,9,14,1810
23.0,9,9,15,1816
23.0,9,10,0,1739
23.0,9,10,1,1745
23.0,9,10,2,1750
23.0,9,10,3,1756
23.0,9,10,4,1762
23.0,9,10,5,1767
23.0,9,10,6,1773
23.0,9,10,7,1778
23.0,9,10,8,1784
23.0,9,10,9,1789
23.0,9,10,10,1794
23.0,9,10,11,1800
23.0,9,10,12,1805
23.0,9,10,13,1811
23.0,9,10,14,1816
23.0,9,10,15,1821
23.0,9,11,0,1745
23.0,9,11,1,1750
23.0,9,11,2,1756
23.0,9,11,3,1761
23.0,9,11,4,1767
23.0,9,11,5,1773
23.0,9,11,6,1778
23.0,9,11,7,1784
23.0,9,11,8,1789
23.0,9,11,9,1795
23.0,9,11,10,1800
23.0,9,11,11,1806
23.0,9,11,12,1811
23.0,9,11,13,1816
23.0,9,11,14,1822
23.0,9,11,15,1827
23.0,9,12,0,1750
23.0,9,12,1,1756
23.0,9,12,2,1761
23.0,9,12,3,1767
23.0,9,12,4,1773
23.0,9,12,5,1778
23.0,9,12,6,1784
23.0,9,12,7,1789
23.0,9,12,8,1795
23.0,9,12,9,1800
23.0,9,12,10,1806
23.0,9,12,11,1811
23.0,9,12,12,1817
23.0,9,12,13,1822
23.0,9,12,14,1827
23.0,9,12,15,1833
23.0,9,13,0,1756
23.0,9,13,1,1761
23.0,9,13,2,1767
23.0,9,13,3,1772
23.0,9,13,4,1778
23.0,9,13,5,1784
23.0,9,13,6,1789
23.0,9,13,7,1795
23.0,9,13,8,1800
23.0,9,13,9,1806
23.0,9,13,10,1811
23.0,9,13,11,1817
23.0,9,13,12,1822
23.0,9,13,13,1828
23.0,9,13,14,1833
23.0,9,13,15,1839
23.0,9,14,0,1761
23.0,9,14,1,1767
23.0,9,14,2,1772
23.0,9,14,3,1778
23.0,9,14,4,1784
23.0,9,14,5,1789
23.0,9,14,6,1795
23.0,9,14,7,1800
23.0,9,14,8,1806
23.0,9,14,9,1811
23.0,9,14,10,1817
23.0,9,14,11,1822
23.0,9,14,12,1828
23.0,9,14,13,1833
23.0,9,14,14,1839
23.0,9,14,15,1844
23.0,9,15,0,1766
23.0,9,15,1,1772
23.0,9,15,2,1778
23.0,9,15,3,1783
23.0,9,15,4,1789
23.0,9,15,5,1795
23.0,9,15,6,1800
23.0,9,15,7,1806
23.0,9,15,8,1811
23.0,9,15,9,1817
23.0,9,15,10,1822
23.0,9,15,11,1828
23.0,9,15,12,1833
23.0,9,15,13,1839
23.0,9,15,14,1844
23.0,9,15,15,1850
23.0,10,0,0,1690
23.0,10,0,1,1695
23.0,10,0,2,1701
23.0,10,0,3,1706
23.0,10,0,4,1712
23.0,10,0,5,1717
23.0,10,0,6,1722
23.0,10,0,7,1728
23.0,10,0,8,1733
23.0,10,0,9,1738
23.0,10,0,10,1744
23.0,10,0,11,1749
23.0,10,0,12,1754
23.0,10,0,13,1759
23.0,10,0,14,1765
23.0,10,0,15,1770
23.0,10,1,0,1696
23.0,10,1,1,1701
23.0,10,1,2,1706
23.0,10,1,3,1712
23.0,10,1,4,1717
23.0,10,1,5,1723
23.0,10,1,6,1728
23.0,10,1,7,1733
23.0,10,1,8,1739
23.0,10,1,9,1744
23.0,10,1,10,1749
23.0,10,1,11,1755
23.0,10,1,12,1760
23.0,10,1,13,1765
23.0,10,1,14,1770
23.0,10,1,15,1776
23.0,10,2,0,1701
23.0,10,2,1,1707
23.0,10,2,2,1712
23.0,10,2,3,1718
23.0,10,2,4,1723
23.0,10,2,5,1728
23.0,10,2,6,1734
23.0,10,2,7,1739
23.0,10,2,8,1745
23.0,10,2,9,1750
23.0,10,2,10,1755
23.0,10,2,11,1760
23.0,10,2,12,1766
23.0,10,2,13,1771
23.0,10,2,14,1776
23.0,10,2,15,1782
23.0,10,3,0,1707
23.0,10,3,1,1712
23.0,10,3,2,1718
23.0,10,3,3,1723
23.0,10,3,4,1729
23.0,10,3,5,1734
23.0,10,3,6,1740
23.0,10,3,7,1745
23.0,10,3,8,1750
23.0,10,3,9,1756
23.0,10,3,10,1761
23.0,10,3,11,1766
23.0,10,3,12,1772
23.0,10,3,13,1777
23.0,10,3,14,1782
23.0,10,3,15,1787
23.0,10,4,0,1712
23.0,10,4,1,1718
23.0,10,4,2,1723
23.0,10,4,3,1729
23.0,10,4,4,1734
23.0,10,4,5,1740
23.0,10,4,6,1745
23.0,10,4,7,1751
23.0,10,4,8,1756
23.0,10,4,9,1761
23.0,10,4,10,1767
23.0,10,4,11,1772
23.0,10,4,12,1777
23.0,10,4,13,1783
23.0,10,4,14,1788
23.0,10,4,15,1793
23.0,10,5,0,1718
23.0,10,5,1,1724
23.0,10,5,2,1729
23.0,10,5,3,1735
23.0,10,5,4,1740
23.0,10,5,5,1745
23.0,10,5,6,1751
23.0,10,5,7,1756
23.0,10,5,8,1762
23.0,10,5,9,1767
23.0,10,5,10,1773
23.0,10,5,11,1778
23.0,10,5,12,1783
23.0,10,5,13,1789
23.0,10,5,14,1794
23.0,10,5,15,1799
23.0,10,6,0,1724
23.0,10,6,1,1729
23.0,10,6,2,1735
23.0,10,6,3,1740
23.0,10,6,4,1746
23.0,10,6,5,1751
23.0,10,6,6,1757
23.0,10,6,7,1762
23.0,10,6,8,1767
23.0,10,6,9,1773
23.0,10,6,10,1778
23.0,10,6,11,1784
23.0,10,6,12,1789
23.0,10,6,13,1794
23.0,10,6,14,1800
23.0,10,6,15,1805
23.0,10,7,0,1729
23.0,10,7,1,1735
23.0,10,7,2,1740
23.0,10,7,3,1746
23.0,10,7,4,1751
23.0,10,7,5,1757
23.0,10,7,6,1762
23.0,10,7,7,1768
23.0,10,7,8,1773
23.0,10,7,9,1779
23.0,10,7,10,1784
23.0,10,7,11,1789
23.0,10,7,12,1795
23.0,10,7,13,1800
23.0,10,7,14,1806
23.0,10,7,15,1811
23.0,10,8,0,1735
23.0,10,8,1,1740
23.0,10,8,2,1746
23.0,10,8,3,1751
23.0,10,8,4,1757
23.0,10,8,5,1762
23.0,10,8,6,1768
23.0,10,8,7,1773
23.0,10,8,8,1779
23.0,10,8,9,1784
23.0,10,8,10,1790
23.0,10,8,11,1795
23.0,10,8,12,1801
23.0,10,8,13,1806
23.0,10,8,14,1811
23.0,10,8,15,1817
23.0,10,9,0,1740
23.0,10,9,1,1746
23.0,10,9,2,1751
23.0,10,9,3,1757
23.0,10,9,4,1762
23.0,10,9,5,1768
23.0,10,9,6,1774
23.0,10,9,7,1779
23.0,10,9,8,1784
23.0,10,9,9,1790
23.0,10,9,10,1795
23.0,10,9,11,1801
23.0,10,9,12,1806
23.0,10,9,13,1812
23.0,10,9,14,1817
23.0,10,9,15,1822
23.0,10,10,0,1746
23.0,10,10,1,1751
23.0,10,10,2,1757
23.0,10,10,3,1762
23.0,10,10,4,1768
23.0,10,10,5,1774
23.0,10,10,6,1779
23.0,10,10,7,1785
23.0,10,10,8,1790
23.0,10,10,9,1796
23.0,10,10,10,1801
23.0,10,10,11,1807
23.0,10,10,12,1812
23.0,10,10,13,1817
23.0,10,10,14,1823
23.0,10,10,15,1828
23.0,10,11,0,1751
23.0,10,11,1,1757
23.0,10,11,2,1762
23.0,10,11,3,1768
23.0,10,11,4,1774
23.0,10,11,5,1779
23.0,10,11,6,1785
23.0,10,11,7,1790
23.0,10,11,8,1796
23.0,10,11,9,1801
23.0,10,11,10,1807
23.0,10,11,11,1812
23.0,10,11,12,1818
23.0,10,11,13,1823
23.0,10,11,14,1829
23.0,10,11,15,1834
23.0,10,12,0,1757
23.0,10,12,1,1762
23.0,10,12,2,1768
23.0,10,12,3,1774
23.0,10,12,4,1779
23.0,10,12,5,1785
23.0,10,12,6,1790
23.0,10,12,7,1796
23.0,10,12,8,1801
23.0,10,12,9,1807
23.0,10,12,10,1812
23.0,10,12,11,1818
23.0,10,12,12,1823
23.0,10,12,13,1829
23.0,10,12,14,1834
23.0,10,12,15,1840
23.0,10,13,0,1762
23.0,10,13,1,1768
23.0,10,13,2,1773
23.0,10,13,3,1779
23.0,10,13,4,1785
23.0,10,13,5,1790
23.0,10,13,6,1796
23.0,10,13,7,1801
23.0,10,13,8,1807
23.0,10,13,9,1812
23.0,10,13,10,1818
23.0,10,13,11,1824
23.0,10,13,12,1829
23.0,10,13,13,1834
23.0,10,13,14,1840
23.0,10,13,15,1845
23.0,10,14,0,1767
23.0,10,14,1,1773
23.0,10,14,2,1779
23.0,10,14,3,1784
23.0,10,14,4,1790
23.0,10,14,5,1796
23.0,10,14,6,1801
23.0,10,14,7,1807
23.0,10,14,8,1813
23.0,10,14,9,1818
23.0,10,14,10,1824
23.0,10,14,11,1829
23.0,10,14,12,1835
23.0,10,14,13,1840
23.0,10,14,14,1846
23.0,10,14,15,1851
23.0,10,15,0,1773
23.0,10,15,1,1779
23.0,10,15,2,1784
23.0,10,15,3,1790
23.0,10,15,4,1796
23.0,10,15,5,1801
23.0,10,15,6,1807
23.0,10,15,7,1812
23.0,10,15,8,1818
23.0,10,15,9,1824
23.0,10,15,10,1829
23.0,10,15,11,1835
23.0,10,15,12,1840
23.0,10,15,13,1846
23.0,10,15,14,1851
23.0,10,15,15,1857
23.0,11,0,0,1696
23.0,11,0,1,1702
23.0,11,0,2,1707
23.0,11,0,3,1712
23.0,11,0,4,1718
23.0,11,0,5,1723
23.0,11,0,6,1729
23.0,11,0,7,1734
23.0,11,0,8,1739
23.0,11,0,9,1745
23.0,11,0,10,1750
23.0,11,0,11,1755
23.0,11,0,12,1761
23.0,11,0,13,1766
23.0,11,0,14,1771
23.0,11,0,15,1776
23.0,11,1,0,1702
23.0,11,1,1,1707
23.0,11,1,2,1713
23.0,11,1,3,1718
23.0,11,1,4,1724
23.0,11,1,5,1729
23.0,11,1,6,1734
23.0,11,1,7,1740
23.0,11,1,8,1745
23.0,11,1,9,1750
23.0,11,1,10,1756
23.0,11,1,11,1761
23.0,11,1,12,1766
23.0,11,1,13,1772
23.0,11,1,14,1777
23.0,11,1,15,1782
23.0,11,2,0,1707
23.0,11,2,1,1713
23.0,11,2,2,1718
23.0,11,2,3,1724
23.0,11,2,4,1729
23.0,11,2,5,1735
23.0,11,2,6,1740
23.0,11,2,7,1746
23.0,11,2,8,1751
23.0,11,2,9,1756
23.0,11,2,10,1762
23.0,11,2,11,1767
23.0,11,2,12,1772
23.0,11,2,13,1778
23.0,11,2,14,1783
23.0,11,2,15,1788
23.0,11,3,0,1713
23.0,11,3,1,1719
23.0,11,3,2,1724
23.0,11,3,3,1730
23.0,11,3,4,1735
23.0,11,3,5,1740
23.0,11,3,6,1746
23.0,11,3,7,1751
23.0,11,3,8,1757
23.0,11,3,9,1762
23.0,11,3,10,1767
23.0,11,3,11,1773
23.0,11,3,12,1778
23.0,11,3,13,1783
23.0,11,3,14,1789
23.0,11,3,15,1794
23.0,11,4,0,1719
23.0,11,4,1,1724
23.0,11,4,2,1730
23.0,11,4,3,1735
23.0,11,4,4,1741
23.0,11,4,5,1746
23.0,11,4,6,1752
23.0,11,4,7,1757
23.0,11,4,8,1763
23.0,11,4,9,1768
23.0,11,4,10,1773
23.0,11,4,11,1779
23.0,11,4,12,1784
23.0,11,4,13,1789
23.0,11,4,14,1795
23.0,11,4,15,1800
23.0,11,5,0,1724
23.0,11,5,1,1730
23.0,11,5,2,1735
23.0,11,5,3,1741
23.0,11,5,4,1746
23.0,11,5,5,1752
23.0,11,5,6,1757
23.0,11,5,7,1763
23.0,11,5,8,1768
23.0,11,5,9,1774
23.0,11,5,10,1779
23.0,11,5,11,1784
23.0,11,5,12,1790
23.0,11,5,13,1795
23.0,11,5,14,1801
23.0,11,5,15,1806
23.0,11,6,0,1730
23.0,11,6,1,1735
23.0,11,6,2,1741
23.0,11,6,3,1747
23.0,11,6,4,1752
23.0,11,6,5,1758
23.0,11,6,6,1763
23.0,11,6,7,1769
23.0,11,6,8,1774
23.0,11,6,9,1779
23.0,11,6,10,1785
23.0,11,6,11,1790
23.0,11,6,12,1796
23.0,11,6,13,1801
23.0,11,6,14,1806
23.0,11,6,15,1812
23.0,11,7,0,1735
23.0,11,7,1,1741
23.0,11,7,2,1747
23.0,11,7,3,1752
23.0,11,7,4,1758
23.0,11,7,5,1763
23.0,11,7,6,1769
23.0,11,7,7,1774
23.0,11,7,8,1780
23.0,11,7,9,1785
23.0,11,7,10,1791
23.0,11,7,11,1796
23.0,11,7,12,1801
23.0,11,7,13,1807
23.0,11,7,14,1812
23.0,11,7,15,1818
23.0,11,8,0,1741
23.0,11,8,1,1747
23.0,11,8,2,1752
23.0,11,8,3,1758
23.0,11,8,4,1763
23.0,11,8,5,1769
23.0,11,8,6,1774
23.0,11,8,7,1780
23.0,11,8,8,1785
23.0,11,8,9,1791
23.0,11,8,10,1796
23.0,11,8,11,1802
23.0,11,8,12,1807
23.0,11,8,13,1813
23.0,11,8,14,1818
23.0,11,8,15,1823
23.0,11,9,0,1747
23.0,11,9,1,1752
23.0,11,9,2,1758
23.0,11,9,3,1763
23.0,11,9,4,1769
23.0,11,9,5,1775
23.0,11,9,6,1780
23.0,11,9,7,1786
23.0,11,9,8,1791
23.0,11,9,9,1797
23.0,11,9,10,1802
23.0,11,9,11,1807
23.0,11,9,12,1813
23.0,11,9,13,1818
23.0,11,9,14,1824
23.0,11,9,15,1829
23.0,11,10,0,1752
23.0,11,10,1,1758
23.0,11,10,2,1763
23.0,11,10,3,1769
23.0,11,10,4,1775
23.0,11,10,5,1780
23.0,11,10,6,1786
23.0,11,10,7,1791
23.0,11,10,8,1797
23.0,11,10,9,1802
23.0,11,10,10,1808
23.0,11,10,11,1813
23.0,11,10,12,1819
23.0,11,10,13,1824
23.0,11,10,14,1830
23.0,11,10,15,1835
23.0,11,11,0,1758
23.0,11,11,1,1763
23.0,11,11,2,1769
23.0,11,11,3,1775
23.0,11,11,4,1780
23.0,11,11,5,1786
23.0,11,11,6,1791
23.0,11,11,7,1797
23.0,11,11,8,1802
23.0,11,11,9,1808
23.0,11,11,10,1813
23.0,11,11,11,1819
23.0,11,11,12,1824
23.0,11,11,13,1830
23.0,11,11,14,1835
23.0,11,11,15,1841
23.0,11,12,0,1763
23.0,11,12,1,1769
23.0,11,12,2,1774
23.0,11,12,3,1780
23.0,11,12,4,1786
23.0,11,12,5,1791
23.0,11,12,6,1797
23.0,11,12,7,1802
23.0,11,12,8,1808
23.0,11,12,9,1814
23.0,11,12,10,1819
23.0,11,12,11,1825
23.0,11,12,12,1830
23.0,11,12,13,1836
23.0,11,12,14,1841
23.0,11,12,15,1846
23.0,11,13,0,1769
23.0,11,13,1,1774
23.0,11,13,2,1780
23.0,11,13,3,1786
23.0,11,13,4,1791
23.0,11,13,5,1797
23.0,11,13,6,1802
23.0,11,13,7,1808
23.0,11,13,8,1814
23.0,11,13,9,1819
23.0,11,13,10,1825
23.0,11,13,11,1830
23.0,11,13,12,1836
23.0,11,13,13,1841
23.0,11,13,14,1847
23.0,11,13,15,1852
23.0,11,14,0,1774
23.0,11,14,1,1780
23.0,11,14,2,1785
23.0,11,14,3,1791
23.0,11,14,4,1797
23.0,11,14,5,1802
23.0,11,14,6,1808
23.0,11,14,7,1814
23.0,11,14,8,1819
23.0,11,14,9,1825
23.0,11,14,10,1830
23.0,11,14,11,1836
23.0,11,14,12,1841
23.0,11,14,13,1847
23.0,11,14,14,1852
23.0,11,14,15,1858
23.0,11,15,0,1779
23.0,11,15,1,1785
23.0,11,15,2,1791
23.0,11,15,3,1797
23.0,11,15,4,1802
23.0,11,15,5,1808
23.0,11,15,6,1814
23.0,11,15,7,1819
23.0,11,15,8,1825
23.0,11,15,9,1830
23.0,11,15,10,1836
23.0,11,15,11,1842
23.0,11,15,12,1847
23.0,11,15,13,1853
23.0,11,15,14,1858
23.0,11,15,15,1864
23.0,12,0,0,1702
23.0,12,0,1,1708
23.0,12,0,2,1713
23.0,12,0,3,1719
23.0,12,0,4,1724
23.0,12,0,5,1730
23.0,12,0,6,1735
23.0,12,0,7,1740
23.0,12,0,8,1746
23.0,12,0,9,1751
23.0,12,0,10,1756
23.0,12,0,11,1762
23.0,12,0,12,1767
23.0,12,0,13,1772
23.0,12,0,14,1778
23.0,12,0,15,1783
23.0,12,1,0,1708
23.0,12,1,1,1714
23.0,12,1,2,1719
23.0,12,1,3,1724
23.0,12,1,4,1730
23.0,12,1,5,1735
23.0,12,1,6,1741
23.0,12,1,7,1746
23.0,12,1,8,1752
23.0,12,1,9,1757
23.0,12,1,10,1762
23.0,12,1,11,1768
23.0,12,1,12,1773
23.0,12,1,13,1778
23.0,12,1,14,1784
23.0,12,1,15,1789
23.0,12,2,0,1714
23.0,12,2,1,1719
23.0,12,2,2,1725
23.0,12,2,3,1730
23.0,12,2,4,1736
23.0,12,2,5,1741
23.0,12,2,6,1747
23.0,12,2,7,1752
23.0,12,2,8,1757
23.0,12,2,9,1763
23.0,12,2,10,1768
23.0,12,2,11,1773
23.0,12,2,12,1779
23.0,12,2,13,1784
23.0,12,2,14,1789
23.0,12,2,15,1795
23.0,12,3,0,1719
23.0,12,3,1,1725
23.0,12,3,2,1730
23.0,12,3,3,1736
23.0,12,3,4,1741
23.0,12,3,5,1747
23.0,12,3,6,1752
23.0,12,3,7,1758
23.0,12,3,8,1763
23.0,12,3,9,1769
23.0,12,3,10,1774
23.0,12,3,11,1779
23.0,12,3,12,1785
23.0,12,3,13,1790
23.0,12,3,14,1795
23.0,12,3,15,1801
23.0,12,4,0,1725
23.0,12,4,1,1731
23.0,12,4,2,1736
23.0,12,4,3,1742
23.0,12,4,4,1747
23.0,12,4,5,1753
23.0,12,4,6,1758
23.0,12,4,7,1764
23.0,12,4,8,1769
23.0,12,4,9,1774
23.0,12,4,10,1780
23.0,12,4,11,1785
23.0,12,4,12,1791
23.0,12,4,13,1796
23.0,12,4,14,1801
23.0,12,4,15,1807
23.0,12,5,0,1731
23.0,12,5,1,1736
23.0,12,5,2,1742
23.0,12,5,3,1747
23.0,12,5,4,1753
23.0,12,5,5,1758
23.0,12,5,6,1764
23.0,12,5,7,1769
23.0,12,5,8,1775
23.0,12,5,9,1780
23.0,12,5,10,1786
23.0,12,5,11,1791
23.0,12,5,12,1796
23.0,12,5,13,1802
23.0,12,5,14,1807
23.0,12,5,15,1812
23.0,12,6,0,1736
23.0,12,6,1,1742
23.0,12,6,2,1747
23.0,12,6,3,1753
23.0,12,6,4,1759
23.0,12,6,5,1764
23.0,12,6,6,1770
23.0,12,6,7,1775
23.0,12,6,8,1781
23.0,12,6,9,1786
23.0,12,6,10,1791
23.0,12,6,11,1797
23.0,12,6,12,1802
23.0,12,6,13,1808
23.0,12,6,14,1813
23.0,12,6,15,1818
23.0,12,7,0,1742
23.0,12,7,1,1747
23.0,12,7,2,1753
23.0,12,7,3,1759
23.0,12,7,4,1764
23.0,12,7,5,1770
23.0,12,7,6,1775
23.0,12,7,7,1781
23.0,12,7,8,1786
23.0,12,7,9,1792
23.0,12,7,10,1797
23.0,12,7,11,1803
23.0,12,7,12,1808
23.0,12,7,13,1813
23.0,12,7,14,1819
23.0,12,7,15,1824
23.0,12,8,0,1747
23.0,12,8,1,1753
23.0,12,8,2,1759
23.0,12,8,3,1764
23.0,12,8,4,1770
23.0,12,8,5,1775
23.0,12,8,6,1781
23.0,12,8,7,1786
23.0,12,8,8,1792
23.0,12,8,9,1797
23.0,12,8,10,1803
23.0,12,8,11,1808
23.0,12,8,12,1814
23.0,12,8,13,1819
23.0,12,8,14,1825
23.0,12,8,15,1830
23.0,12,9,0,1753
23.0,12,9,1,1759
23.0,12,9,2,1764
23.0,12,9,3,1770
23.0,12,9,4,1775
23.0,12,9,5,1781
23.0,12,9,6,1787
23.0,12,9,7,1792
23.0,12,9,8,1798
23.0,12,9,9,1803
23.0,12,9,10,1809
23.0,12,9,11,1814
23.0,12,9,12,1820
23.0,12,9,13,1825
23.0,12,9,14,1830
23.0,12,9,15,1836
23.0,12,10,0,1759
23.0,12,10,1,1764
23.0,12,10,2,1770
23.0,12,10,3,1775
23.0,12,10,4,1781
23.0,12,10,5,1787
23.0,12,10,6,1792
23.0,12,10,7,1798
23.0,12,10,8,1803
23.0,12,10,9,1809
23.0,12,10,10,1814
23.0,12,10,11,1820
23.0,12,10,12,1825
23.0,12,10,13,1831
23.0,12,10,14,1836
23.0,12,10,15,1842
23.0,12,11,0,1764
23.0,12,11,1,1770
23.0,12,11,2,1775
23.0,12,11,3,1781
23.0,12,11,4,1787
23.0,12,11,5,1792
23.0,12,11,6,1798
23.0,12,11,7,1803
23.0,12,11,8,1809
23.0,12,11,9,1815
23.0,12,11,10,1820
23.0,12,11,11,1826
23.0,12,11,12,1831
23.0,12,11,13,1837
23.0,12,11,14,1842
23.0,12,11,15,1847
23.0,12,12,0,1770
23.0,12,12,1,1775
23.0,12,12,2,1781
23.0,12,12,3,1787
23.0,12,12,4,1792
23.0,12,12,5,1798
23.0,12,12,6,1803
23.0,12,12,7,1809
23.0,12,12,8,1815
23.0,12,12,9,1820
23.0,12,12,10,1826
23.0,12,12,11,1831
23.0,12,12,12,1837
23.0,12,12,13,1842
23.0,12,12,14,1848
23.0,12,12,15,1853
23.0,12,13,0,1775
23.0,12,13,1,1781
23.0,12,13,2,1786
23.0,12,13,3,1792
23.0,12,13,4,1798
23.0,12,13,5,1803
23.0,12,13,6,1809
23.0,12,13,7,1815
23.0,12,13,8,1820
23.0,12,13,9,1826
23.0,12,13,10,1831
23.0,12,13,11,1837
23.0,12,13,12,1842
23.0,12,13,13,1848
23.0,12,13,14,1853
23.0,12,13,15,1859
23.0,12,14,0,1781
23.0,12,14,1,1786
23.0,12,14,2,1792
23.0,12,14,3,1798
23.0,12,14,4,1803
23.0,12,14,5,1809
23.0,12,14,6,1815
23.0,12,14,7,1820
23.0,12,14,8,1826
23.0,12,14,9,1831
23.0,12,14,10,1837
23.0,12,14,11,1843
23.0,12,14,12,1848
23.0,12,14,13,1854
23.0,12,14,14,1859
23.0,12,14,15,1865
23.0,12,15,0,1786
23.0,12,15,1,1792
23.0,12,15,2,1797
23.0,12,15,3,1803
23.0,12,15,4,1809
23.0,12,15,5,1815
23.0,12,15,6,1820
23.0,12,15,7,1826
23.0,12,15,8,1831
23.0,12,15,9,1837
23.0,12,15,10,1843
23.0,12,15,11,1848
23.0,12,15,12,1854
23.0,12,15,13,1859
23.0,12,15,14,1865
23.0,12,15,15,1870
23.0,13,0,0,1709
23.0,13,0,1,1714
23.0,13,0,2,1720
23.0,13,0,3,1725
23.0,13,0,4,1730
23.0,13,0,5,1736
23.0,13,0,6,1741
23.0,13,0,7,1747
23.0,13,0,8,1752
23.0,13,0,9,1757
23.0,13,0,10,1763
23.0,13,0,11,1768
23.0,13,0,12,1773
23.0,13,0,13,1779
23.0,13,0,14,1784
23.0,13,0,15,1789
23.0,13,1,0,1714
23.0,13,1,1,1720
23.0,13,1,2,1725
23.0,13,1,3,1731
23.0,13,1,4,1736
23.0,13,1,5,1742
23.0,13,1,6,1747
23.0,13,1,7,1753
23.0,13,1,8,1758
23.0,13,1,9,1763
23.0,13,1,10,1769
23.0,13,1,11,1774
23.0,13,1,12,1779
23.0,13,1,13,1785
23.0,13,1,14,1790
23.0,13,1,15,1795
23.0,13,2,0,1720
23.0,13,2,1,1726
23.0,13,2,2,1731
23.0,13,2,3,1737
23.0,13,2,4,1742
23.0,13,2,5,1748
23.0,13,2,6,1753
23.0,13,2,7,1758
23.0,13,2,8,1764
23.0,13,2,9,1769
23.0,13,2,10,1775
23.0,13,2,11,1780
23.0,13,2,12,1785
23.0,13,2,13,1791
23.0,13,2,14,1796
23.0,13,2,15,1801
23.0,13,3,0,1726
23.0,13,3,1,1731
23.0,13,3,2,1737
23.0,13,3,3,1742
23.0,13,3,4,1748
23.0,13,3,5,1753
23.0,13,3,6,1759
23.0,13,3,7,1764
23.0,13,3,8,1770
23.0,13,3,9,1775
23.0,13,3,10,1780
23.0,13,3,11,1786
23.0,13,3,12,1791
23.0,13,3,13,1797
23.0,13,3,14,1802
23.0,13,3,15,1807
23.0,13,4,0,1731
23.0,13,4,1,1737
23.0,13,4,2,1742
23.0,13,4,3,1748
23.0,13,4,4,1754
23.0,13,4,5,1759
23.0,13,4,6,1765
23.0,13,4,7,1770
23.0,13,4,8,1775
23.0,13,4,9,1781
23.0,13,4,10,1786
23.0,13,4,11,1792
23.0,13,4,12,1797
23.0,13,4,13,1803
23.0,13,4,14,1808
23.0,13,4,15,1813
23.0,13,5,0,1737
23.0,13,5,1,1743
23.0,13,5,2,1748
23.0,13,5,3,1754
23.0,13,5,4,1759
23.0,13,5,5,1765
23.0,13,5,6,1770
23.0,13,5,7,1776
23.0,13,5,8,1781
23.0,13,5,9,1787
23.0,13,5,10,1792
23.0,13,5,11,1798
23.0,13,5,12,1803
23.0,13,5,13,1808
23.0,13,5,14,1814
23.0,13,5,15,1819
23.0,13,6,0,1743
23.0,13,6,1,1748
23.0,13,6,2,1754
23.0,13,6,3,1759
23.0,13,6,4,1765
23.0,13,6,5,1771
23.0,13,6,6,1776
23.0,13,6,7,1782
23.0,13,6,8,1787
23.0,13,6,9,1793
23.0,13,6,10,1798
23.0,13,6,11,1803
23.0,13,6,12,1809
23.0,13,6,13,1814
23.0,13,6,14,1820
23.0,13,6,15,1825
23.0,13,7,0,1748
23.0,13,7,1,1754
23.0,13,7,2,1759
23.0,13,7,3,1765
23.0,13,7,4,1771
23.0,13,7,5,1776
23.0,13,7,6,1782
23.0,13,7,7,1787
23.0,13,7,8,1793
23.0,13,7,9,1798
23.0,13,7,10,1804
23.0,13,7,11,1809
23.0,13,7,12,1815
23.0,13,7,13,1820
23.0,13,7,14,1826
23.0,13,7,15,1831
23.0,13,8,0,1754
23.0,13,8,1,1759
23.0,13,8,2,1765
23.0,13,8,3,1771
23.0,13,8,4,1776
23.0,13,8,5,1782
23.0,13,8,6,1787
23.0,13,8,7,1793
23.0,13,8,8,1799
23.0,13,8,9,1804
23.0,13,8,10,1810
23.0,13,8,11,1815
23.0,13,8,12,1820
23.0,13,8,13,1826
23.0,13,8,14,1831
23.0,13,8,15,1837
23.0,13,9,0,1759
23.0,13,9,1,1765
23.0,13,9,2,1771
23.0,13,9,3,1776
23.0,13,9,4,1782
23.0,13,9,5,1788
23.0,13,9,6,1793
23.0,13,9,7,1799
23.0,13,9,8,1804
23.0,13,9,9,1810
23.0,13,9,10,1815
23.0,13,9,11,1821
23.0,13,9,12,1826
23.0,13,9,13,1832
23.0,13,9,14,1837
23.0,13,9,15,1843
23.0,13,10,0,1765
23.0,13,10,1,1771
23.0,13,10,2,1776
23.0,13,10,3,1782
23.0,13,10,4,1788
23.0,13,10,5,1793
23.0,13,10,6,1799
23.0,13,10,7,1804
23.0,13,10,8,1810
23.0,13,10,9,1816
23.0,13,10,10,1821
23.0,13,10,11,1827
23.0,13,10,12,1832
23.0,13,10,13,1838
23.0,13,10,14,1843
23.0,13,10,15,1848
23.0,13,11,0,1771
23.0,13,11,1,1776
23.0,13,11,2,1782
23.0,13,11,3,1788
23.0,13,11,4,1793
23.0,13,11,5,1799
23.0,13,11,6,1804
23.0,13,11,7,1810
23.0,13,11,8,1816
23.0,13,11,9,1821
23.0,13,11,10,1827
23.0,13,11,11,1832
23.0,13,11,12,1838
23.0,13,11,13,1843
23.0,13,11,14,1849
23.0,13,11,15,1854
23.0,13,12,0,1776
23.0,13,12,1,1782
23.0,13,12,2,1787
23.0,13,12,3,1793
23.0,13,12,4,1799
23.0,13,12,5,1804
23.0,13,12,6,1810
23.0,13,12,7,1816
23.0,13,12,8,1821
23.0,13,12,9,1827
23.0,13,12,10,1832
23.0,13,12,11,1838
23.0,13,12,12,1844
23.0,13,12,13,1849
23.0,13,12,14,1855
23.0,13,12,15,1860
23.0,13,13,0,1782
23.0,13,13,1,1787
23.0,13,13,2,1793
23.0,13,13,3,1799
23.0,13,13,4,1804
23.0,13,13,5,1810
23.0,13,13,6,1816
23.0,13,13,7,1821
23.0,13,13,8,1827
23.0,13,13,9,1833
23.0,13,13,10,1838
23.0,13,13,11,1844
23.0,13,13,12,1849
23.0,13,13,13,1855
23.0,13,13,14,1860
23.0,13,13,15,1866
23.0,13,14,0,1787
23.0,13,14,1,1793
23.0,13,14,2,1799
23.0,13,14,3,1804
23.0,13,14,4,1810
23.0,13,14,5,1816
23.0,13,14,6,1821
23.0,13,14,7,1827
23.0,13,14,8,1833
23.0,13,14,9,1838
23.0,13,14,10,1844
23.0,13,14,11,1849
23.0,13,14,12,1855
23.0,13,14,13,1860
23.0,13,14,14,1866
23.0,13,14,15,1872
23.0,13,15,0,1793
23.0,13,15,1,1798
23.0,13,15,2,1804
23.0,13,15,3,1810
23.0,13,15,4,1816
23.0,13,15,5,1821
23.0,13,15,6,1827
23.0,13,15,7,1833
23.0,13,15,8,1838
23.0,13,15,9,1844
23.0,13,15,10,1849
23.0,13,15,11,1855
23.0,13,15,12,1861
23.0,13,15,13,1866
23.0,13,15,14,1872
23.0,13,15,15,1877
23.0,14,0,0,1715
23.0,14,0,1,1720
23.0,14,0,2,1726
23.0,14,0,3,1731
23.0,14,0,4,1737
23.0,14,0,5,1742
23.0,14,0,6,1748
23.0,14,0,7,1753
23.0,14,0,8,1758
23.0,14,0,9,1764
23.0,14,0,10,1769
23.0,14,0,11,1775
23.0,14,0,12,1780
23.0,14,0,13,1785
23.0,14,0,14,1791
23.0,14,0,15,1796
23.0,14,1,0,1721
23.0,14,1,1,1726
23.0,14,1,2,1732
23.0,14,1,3,1737
23.0,14,1,4,1743
23.0,14,1,5,1748
23.0,14,1,6,1754
23.0,14,1,7,1759
23.0,14,1,8,1764
23.0,14,1,9,1770
23.0,14,1,10,1775
23.0,14,1,11,1781
23.0,14,1,12,1786
23.0,14,1,13,1791
23.0,14,1,14,1797
23.0,14,1,15,1802
23.0,14,2,0,1726
23.0,14,2,1,1732
23.0,14,2,2,1737
23.0,14,2,3,1743
23.0,14,2,4,1748
23.0,14,2,5,1754
23.0,14,2,6,1759
23.0,14,2,7,1765
23.0,14,2,8,1770
23.0,14,2,9,1776
23.0,14,2,10,1781
23.0,14,2,11,1786
23.0,14,2,12,1792
23.0,14,2,13,1797
23.0,14,2,14,1803
23.0,14,2,15,1808
23.0,14,3,0,1732
23.0,14,3,1,1738
23.0,14,3,2,1743
23.0,14,3,3,1749
23.0,14,3,4,1754
23.0,14,3,5,1760
23.0,14,3,6,1765
23.0,14,3,7,1771
23.0,14,3,8,1776
23.0,14,3,9,1782
23.0,14,3,10,1787
23.0,14,3,11,1792
23.0,14,3,12,1798
23.0,14,3,13,1803
23.0,14,3,14,1809
23.0,14,3,15,1814
23.0,14,4,0,1738
23.0,14,4,1,1743
23.0,14,4,2,1749
23.0,14,4,3,1754
23.0,14,4,4,1760
23.0,14,4,5,1765
23.0,14,4,6,1771
23.0,14,4,7,1776
23.0,14,4,8,1782
23.0,14,4,9,1787
23.0,14,4,10,1793
23.0,14,4,11,1798
23.0,14,4,12,1804
23.0,14,4,13,1809
23.0,14,4,14,1814
23.0,14,4,15,1820
23.0,14,5,0,1743
23.0,14,5,1,1749
23.0,14,5,2,1755
23.0,14,5,3,1760
23.0,14,5,4,1766
23.0,14,5,5,1771
23.0,14,5,6,1777
23.0,14,5,7,1782
23.0,14,5,8,1788
23.0,14,5,9,1793
23.0,14,5,10,1799
23.0,14,5,11,1804
23.0,14,5,12,1810
23.0,14,5,13,1815
23.0,14,5,14,1820
23.0,14,5,15,1826
23.0,14,6,0,1749
23.0,14,6,1,1755
23.0,14,6,2,1760
23.0,14,6,3,1766
23.0,14,6,4,1771
23.0,14,6,5,1777
23.0,14,6,6,1783
23.0,14,6,7,1788
23.0,14,6,8,1794
23.0,14,6,9,1799
23.0,14,6,10,1805
23.0,14,6,11,1810
23.0,14,6,12,1815
23.0,14,6,13,1821
23.0,14,6,14,1826
23.0,14,6,15,1832
23.0,14,7,0,1755
23.0,14,7,1,1760
23.0,14,7,2,1766
23.0,14,7,3,1772
23.0,14,7,4,1777
23.0,14,7,5,1783
23.0,14,7,6,1788
23.0,14,7,7,1794
23.0,14,7,8,1799
23.0,14,7,9,1805
23.0,14,7,10,1810
23.0,14,7,11,1816
23.0,14,7,12,1821
23.0,14,7,13,1827
23.0,14,7,14,1832
23.0,14,7,15,1838
23.0,14,8,0,1760
23.0,14,8,1,1766
23.0,14,8,2,1772
23.0,14,8,3,1777
23.0,14,8,4,1783
23.0,14,8,5,1788
23.0,14,8,6,1794
23.0,14,8,7,1800
23.0,14,8,8,1805
23.0,14,8,9,1811
23.0,14,8,10,1816
23.0,14,8,11,1822
23.0,14,8,12,1827
23.0,14,8,13,1833
23.0,14,8,14,1838
23.0,14,8,15,1843
23.0,14,9,0,1766
23.0,14,9,1,1772
23.0,14,9,2,1777
23.0,14,9,3,1783
23.0,14,9,4,1788
23.0,14,9,5,1794
23.0,14,9,6,1800
23.0,14,9,7,1805
23.0,14,9,8,1811
23.0,14,9,9,1816
23.0,14,9,10,1822
23.0,14,9,11,1827
23.0,14,9,12,1833
23.0,14,9,13,1838
23.0,14,9,14,1844
23.0,14,9,15,1849
23.0,14,10,0,1771
23.0,14,10,1,1777
23.0,14,10,2,1783
23.0,14,10,3,1788
23.0,14,10,4,1794
23.0,14,10,5,1800
23.0,14,10,6,1805
23.0,14,10,7,1811
23.0,14,10,8,1817
23.0,14,10,9,1822
23.0,14,10,10,1828
23.0,14,10,11,1833
23.0,14,10,12,1839
23.0,14,10,13,1844
23.0,14,10,14,1850
23.0,14,10,15,1855
23.0,14,11,0,1777
23.0,14,11,1,1783
23.0,14,11,2,1788
23.0,14,11,3,1794
23.0,14,11,4,1800
23.0,14,11,5,1805
23.0,14,11,6,1811
23.0,14,11,7,1817
23.0,14,11,8,1822
23.0,14,11,9,1828
23.0,14,11,10,1833
23.0,14,11,11,1839
23.0,14,11,12,1845
23.0,14,11,13,1850
23.0,14,11,14,1856
23.0,14,11,15,1861
23.0,14,12,0,1783
23.0,14,12,1,1788
23.0,14,12,2,1794
23.0,14,12,3,1800
23.0,14,12,4,1805
23.0,14,12,5,1811
23.0,14,12,6,1817
23.0,14,12,7,1822
23.0,14,12,8,1828
23.0,14,12,9,1834
23.0,14,12,10,1839
23.0,14,12,11,1845
23.0,14,12,12,1850
23.0,14,12,13,1856
23.0,14,12,14,1861
23.0,14,12,15,1867
23.0,14,13,0,1788
23.0,14,13,1,1794
23.0,14,13,2,1800
23.0,14,13,3,1805
23.0,14,13,4,1811
23.0,14,13,5,1817
23.0,14,13,6,1822
23.0,14,13,7,1828
23.0,14,13,8,1834
23.0,14,13,9,1839
23.0,14,13,10,1845
23.0,14,13,11,1850
23.0,14,13,12,1856
23.0,14,13,13,1862
23.0,14,13,14,1867
23.0,14,13,15,1873
23.0,14,14,0,1794
23.0,14,14,1,1799
23.0,14,14,2,1805
23.0,14,14,3,1811
23.0,14,14,4,1817
23.0,14,14,5,1822
23.0,14,14,6,1828
23.0,14,14,7,1834
23.0,14,14,8,1839
23.0,14,14,9,1845
23.0,14,14,10,1851
23.0,14,14,11,1856
23.0,14,14,12,1862
23.0,14,14,13,1867
23.0,14,14,14,1873
23.0,14,14,15,1878
23.0,14,15,0,1799
23.0,14,15,1,1805
23.0,14,15,2,1811
23.0,14,15,3,1816
23.0,14,15,4,1822
23.0,14,15,5,1828
23.0,14,15,6,1834
23.0,14,15,7,1839
23.0,14,15,8,1845
23.0,14,15,9,1851
23.0,14,15,10,1856
23.0,14,15,11,1862
23.0,14,15,12,1867
23.0,14,15,13,1873
23.0,14,15,14,1879
23.0,14,15,15,1884
23.0,15,0,0,1721
23.0,15,0,1,1727
23.0,15,0,2,1732
23.0,15,0,3,1738
23.0,15,0,4,1743
23.0,15,0,5,1749
23.0,15,0,6,1754
23.0,15,0,7,1759
23.0,15,0,8,1765
23.0,15,0,9,1770
23.0,15,0,10,1776
23.0,15,0,11,1781
23.0,15,0,12,1786
23.0,15,0,13,1792
23.0,15,0,14,1797
23.0,15,0,15,1802
23.0,15,1,0,1727
23.0,15,1,1,1732
23.0,15,1,2,1738
23.0,15,1,3,1743
23.0,15,1,4,1749
23.0,15,1,5,1754
23.0,15,1,6,1760
23.0,15,1,7,1765
23.0,15,1,8,1771
23.0,15,1,9,1776
23.0,15,1,10,1782
23.0,15,1,11,1787
23.0,15,1,12,1792
23.0,15,1,13,1798
23.0,15,1,14,1803
23.0,15,1,15,1808
23.0,15,2,0,1733
23.0,15,2,1,1738
23.0,15,2,2,1744
23.0,15,2,3,1749
23.0,15,2,4,1755
23.0,15,2,5,1760
23.0,15,2,6,1766
23.0,15,2,7,1771
23.0,15,2,8,1777
23.0,15,2,9,1782
23.0,15,2,10,1788
23.0,15,2,11,1793
23.0,15,2,12,1798
23.0,15,2,13,1804
23.0,15,2,14,1809
23.0,15,2,15,1814
23.0,15,3,0,1738
23.0,15,3,1,1744
23.0,15,3,2,1749
23.0,15,3,3,1755
23.0,15,3,4,1761
23.0,15,3,5,1766
23.0,15,3,6,1772
23.0,15,3,7,1777
23.0,15,3,8,1783
23.0,15,3,9,1788
23.0,15,3,10,1793
23.0,15,3,11,1799
23.0,15,3,12,1804
23.0,15,3,13,1810
23.0,15,3,14,1815
23.0,15,3,15,1820
23.0,15,4,0,1744
23.0,15,4,1,1750
23.0,15,4,2,1755
23.0,15,4,3,1761
23.0,15,4,4,1766
23.0,15,4,5,1772
23.0,15,4,6,1777
23.0,15,4,7,1783
23.0,15,4,8,1788
23.0,15,4,9,1794
23.0,15,4,10,1799
23.0,15,4,11,1805
23.0,15,4,12,1810
23.0,15,4,13,1816
23.0,15,4,14,1821
23.0,15,4,15,1826
23.0,15,5,0,1750
23.0,15,5,1,1755
23.0,15,5,2,1761
23.0,15,5,3,1767
23.0,15,5,4,1772
23.0,15,5,5,1778
23.0,15,5,6,1783
23.0,15,5,7,1789
23.0,15,5,8,1794
23.0,15,5,9,1800
23.0,15,5,10,1805
23.0,15,5,11,1811
23.0,15,5,12,1816
23.0,15,5,13,1822
23.0,15,5,14,1827
23.0,15,5,15,1832
23.0,15,6,0,1755
23.0,15,6,1,1761
23.0,15,6,2,1767
23.0,15,6,3,1772
23.0,15,6,4,1778
23.0,15,6,5,1783
23.0,15,6,6,1789
23.0,15,6,7,1795
23.0,15,6,8,1800
23.0,15,6,9,1806
23.0,15,6,10,1811
23.0,15,6,11,1817
23.0,15,6,12,1822
23.0,15,6,13,1827
23.0,15,6,14,1833
23.0,15,6,15,1838
23.0,15,7,0,1761
23.0,15,7,1,1767
23.0,15,7,2,1772
23.0,15,7,3,1778
23.0,15,7,4,1784
23.0,15,7,5,1789
23.0,15,7,6,1795
23.0,15,7,7,1800
23.0,15,7,8,1806
23.0,15,7,9,1811
23.0,15,7,10,1817
23.0,15,7,11,1822
23.0,15,7,12,1828
23.0,15,7,13,1833
23.0,15,7,14,1839
23.0,15,7,15,1844
23.0,15,8,0,1767
23.0,15,8,1,1772
23.0,15,8,2,1778
23.0,15,8,3,1784
23.0,15,8,4,1789
23.0,15,8,5,1795
23.0,15,8,6,1801
23.0,15,8,7,1806
23.0,15,8,8,1812
23.0,15,8,9,1817
23.0,15,8,10,1823
23.0,15,8,11,1828
23.0,15,8,12,1834
23.0,15,8,13,1839
23.0,15,8,14,1845
23.0,15,8,15,1850
23.0,15,9,0,1772
23.0,15,9,1,1778
23.0,15,9,2,1784
23.0,15,9,3,1789
23.0,15,9,4,1795
23.0,15,9,5,1801
23.0,15,9,6,1806
23.0,15,9,7,1812
23.0,15,9,8,1817
23.0,15,9,9,1823
23.0,15,9,10,1829
23.0,15,9,11,1834
23.0,15,9,12,1840
23.0,15,9,13,1845
23.0,15,9,14,1851
23.0,15,9,15,1856
23.0,15,10,0,1778
23.0,15,10,1,1784
23.0,15,10,2,1789
23.0,15,10,3,1795
23.0,15,10,4,1801
23.0,15,10,5,1806
23.0,15,10,6,1812
23.0,15,10,7,1818
23.0,15,10,8,1823
23.0,15,10,9,1829
23.0,15,10,10,1834
23.0,15,10,11,1840
23.0,15,10,12,1845
23.0,15,10,13,1851
23.0,15,10,14,1856
23.0,15,10,15,1862
23.0,15,11,0,1783
23.0,15,11,1,1789
23.0,15,11,2,1795
23.0,15,11,3,1801
23.0,15,11,4,1806
23.0,15,11,5,1812
23.0,15,11,6,1818
23.0,15,11,7,1823
23.0,15,11,8,1829
23.0,15,11,9,1835
23.0,15,11,10,1840
23.0,15,11,11,1846
23.0,15,11,12,1851
23.0,15,11,13,1857
23.0,15,11,14,1862
23.0,15,11,15,1868
23.0,15,12,0,1789
23.0,15,12,1,1795
23.0,15,12,2,1801
23.0,15,12,3,1806
23.0,15,12,4,1812
23.0,15,12,5,1818
23.0,15,12,6,1823
23.0,15,12,7,1829
23.0,15,12,8,1835
23.0,15,12,9,1840
23.0,15,12,10,1846
23.0,15,12,11,1851
23.0,15,12,12,1857
23.0,15,12,13,1863
23.0,15,12,14,1868
23.0,15,12,15,1874
23.0,15,13,0,1795
23.0,15,13,1,1800
23.0,15,13,2,1806
23.0,15,13,3,1812
23.0,15,13,4,1818
23.0,15,13,5,1823
23.0,15,13,6,1829
23.0,15,13,7,1835
23.0,15,13,8,1840
23.0,15,13,9,1846
23.0,15,13,10,1852
23.0,15,13,11,1857
23.0,15,13,12,1863
23.0,15,13,13,1868
23.0,15,13,14,1874
23.0,15,13,15,1879
23.0,15,14,0,1800
23.0,15,14,1,1806
23.0,15,14,2,1812
23.0,15,14,3,1817
23.0,15,14,4,1823
23.0,15,14,5,1829
23.0,15,14,6,1835
23.0,15,14,7,1840
23.0,15,14,8,1846
23.0,15,14,9,1852
23.0,15,14,10,1857
23.0,15,14,11,1863
23.0,15,14,12,1868
23.0,15,14,13,1874
23.0,15,14,14,1880
23.0,15,14,15,1885
23.0,15,15,0,1806
23.0,15,15,1,1811
23.0,15,15,2,1817
23.0,15,15,3,1823
23.0,15,15,4,1829
23.0,15,15,5,1835
23.0,15,15,6,1840
23.0,15,15,7,1846
23.0,15,15,8,1852
23.0,15,15,9,1857
23.0,15,15,10,1863
23.0,15,15,11,1869
23.0,15,15,12,1874
23.0,15,15,13,1880
23.0,15,15,14,1885
23.0,15,15,15,1891
23.5,0,0,0,1663
23.5,0,0,1,1668
23.5,0,0,2,1674
23.5,0,0,3,1679
23.5,0,0,4,1684
23.5,0,0,5,1689
23.5,0,0,6,1695
23.5,0,0,7,1700
23.5,0,0,8,1705
23.5,0,0,9,1710
23.5,0,0,10,1716
23.5,0,0,11,1721
23.5,0,0,12,1726
23.5,0,0,13,1731
23.5,0,0,14,1736
23.5,0,0,15,1741
23.5,0,1,0,1668
23.5,0,1,1,1674
23.5,0,1,2,1679
23.5,0,1,3,1685
23.5,0,1,4,1690
23.5,0,1,5,1695
23.5,0,1,6,1700
23.5,0,1,7,1706
23.5,0,1,8,1711
23.5,0,1,9,1716
23.5,0,1,10,1721
23.5,0,1,11,1727
23.5,0,1,12,1732
23.5,0,1,13,1737
23.5,0,1,14,1742
23.5,0,1,15,1747
23.5,0,2,0,1674
23.5,0,2,1,1679
23.5,0,2,2,1685
23.5,0,2,3,1690
23.5,0,2,4,1695
23.5,0,2,5,1701
23.5,0,2,6,1706
23.5,0,2,7,1711
23.5,0,2,8,1717
23.5,0,2,9,1722
23.5,0,2,10,1727
23.5,0,2,11,1732
23.5,0,2,12,1738
23.5,0,2,13,1743
23.5,0,2,14,1748
23.5,0,2,15,1753
23.5,0,3,0,1680
23.5,0,3,1,1685
23.5,0,3,2,1690
23.5,0,3,3,1696
23.5,0,3,4,1701
23.5,0,3,5,1706
23.5,0,3,6,1712
23.5,0,3,7,1717
23.5,0,3,8,1722
23.5,0,3,9,1728
23.5,0,3,10,1733
23.5,0,3,11,1738
23.5,0,3,12,1743
23.5,0,3,13,1749
23.5,0,3,14,1754
23.5,0,3,15,1759
23.5,0,4,0,1685
23.5,0,4,1,1690
23.5,0,4,2,1696
23.5,0,4,3,1701
23.5,0,4,4,1707
23.5,0,4,5,1712
23.5,0,4,6,1717
23.5,0,4,7,1723
23.5,0,4,8,1728
23.5,0,4,9,1733
23.5,0,4,10,1739
23.5,0,4,11,1744
23.5,0,4,12,1749
23.5,0,4,13,1754
23.5,0,4,14,1760
23.5,0,4,15,1765
23.5,0,5,0,1691
23.5,0,5,1,1696
23.5,0,5,2,1701
23.5,0,5,3,1707
23.5,0,5,4,1712
23.5,0,5,5,1718
23.5,0,5,6,1723
23.5,0,5,7,1728
23.5,0,5,8,1734
23.5,0,5,9,1739
23.5,0,5,10,1744
23.5,0,5,11,1750
23.5,0,5,12,1755
23.5,0,5,13,1760
23.5,0,5,14,1765
23.5,0,5,15,1770
23.5,0,6,0,1696
23.5,0,6,1,1701
23.5,0,6,2,1707
23.5,0,6,3,1712
23.5,0,6,4,1718
23.5,0,6,5,1723
23.5,0,6,6,1729
23.5,0,6,7,1734
23.5,0,6,8,1739
23.5,0,6,9,1745
23.5,0,6,10,1750
23.5,0,6,11,1755
23.5,0,6,12,1760
23.5,0,6,13,1766
23.5,0,6,14,1771
23.5,0,6,15,1776
23.5,0,7,0,1701
23.5,0,7,1,1707
23.5,0,7,2,1712
23.5,0,7,3,1718
23.5,0,7,4,1723
23.5,0,7,5,1729
23.5,0,7,6,1734
23.5,0,7,7,1739
23.5,0,7,8,1745
23.5,0,7,9,1750
23.5,0,7,10,1756
23.5,0,7,11,1761
23.5,0,7,12,1766
23.5,0,7,13,1771
23.5,0,7,14,1777
23.5,0,7,15,1782
23.5,0,8,0,1707
23.5,0,8,1,1712
23.5,0,8,2,1718
23.5,0,8,3,1723
23.5,0,8,4,1729
23.5,0,8,5,1734
23.5,0,8,6,1740
23.5,0,8,7,1745
23.5,0,8,8,1750
23.5,0,8,9,1756
23.5,0,8,10,1761
23.5,0,8,11,1766
23.5,0,8,12,1772
23.5,0,8,13,1777
23.5,0,8,14,1782
23.5,0,8,15,1788
23.5,0,9,0,1712
23.5,0,9,1,1718
23.5,0,9,2,1723
23.5,0,9,3,1729
23.5,0,9,4,1734
23.5,0,9,5,1740
23.5,0,9,6,1745
23.5,0,9,7,1751
23.5,0,9,8,1756
23.5,0,9,9,1761
23.5,0,9,10,1767
23.5,0,9,11,1772
23.5,0,9,12,1777
23.5,0,9,13,1783
23.5,0,9,14,1788
23.5,0,9,15,1793
23.5,0,10,0,1718
23.5,0,10,1,1723
23.5,0,10,2,1729
23.5,0,10,3,1734
23.5,0,10,4,1740
23.5,0,10,5,1745
23.5,0,10,6,1751
23.5,0,10,7,1756
23.5,0,10,8,1762
23.5,0,10,9,1767
23.5,0,10,10,1772
23.5,0,10,11,1778
23.5,0,10,12,1783
23.5,0,10,13,1788
23.5,0,10,14,1794
23.5,0,10,15,1799
23.5,0,11,0,1723
23.5,0,11,1,1729
23.5,0,11,2,1734
23.5,0,11,3,1740
23.5,0,11,4,1745
23.5,0,11,5,1751
23.5,0,11,6,1756
23.5,0,11,7,1762
23.5,0,11,8,1767
23.5,0,11,9,1773
23.5,0,11,10,1778
23.5,0,11,11,1783
23.5,0,11,12,1789
23.5,0,11,13,1794
23.5,0,11,14,1799
23.5,0,11,15,1805
23.5,0,12,0,1729
23.5,0,12,1,1734
23.5,0,12,2,1740
23.5,0,12,3,1745
23.5,0,12,4,1751
23.5,0,12,5,1756
23.5,0,12,6,1762
23.5,0,12,7,1767
23.5,0,12,8,1773
23.5,0,12,9,1778
23.5,0,12,10,1783
23.5,0,12,11,1789
23.5,0,12,12,1794
23.5,0,12,13,1800
23.5,0,12,14,1805
23.5,0,12,15,1810
23.5,0,13,0,1734
23.5,0,13,1,1739
23.5,0,13,2,1745
23.5,0,13,3,1751
23.5,0,13,4,1756
23.5,0,13,5,1762
23.5,0,13,6,1767
23.5,0,13,7,1773
23.5,0,13,8,1778
23.5,0,13,9,1784
23.5,0,13,10,1789
23.5,0,13,11,1794
23.5,0,13,12,1800
23.5,0,13,13,1805
23.5,0,13,14,1811
23.5,0,13,15,1816
23.5,0,14,0,1739
23.5,0,14,1,1745
23.5,0,14,2,1750
23.5,0,14,3,1756
23.5,0,14,4,1762
23.5,0,14,5,1767
23.5,0,14,6,1773
23.5,0,14,7,1778
23.5,0,14,8,1784
23.5,0,14,9,1789
23.5,0,14,10,1794
23.5,0,14,11,1800
23.5,0,14,12,1805
23.5,0,14,13,1811
23.5,0,14,14,1816
23.5,0,14,15,1821
23.5,0,15,0,1745
23.5,0,15,1,1750
23.5,0,15,2,1756
23.5,0,15,3,1761
23.5,0,15,4,1767
23.5,0,15,5,1773
23.5,0,15,6,1778
23.5,0,15,7,1784
23.5,0,15,8,1789
23.5,0,15,9,1795
23.5,0,15,10,1800
23.5,0,15,11,1805
23.5,0,15,12,1811
23.5,0,15,13,1816
23.5,0,15,14,1822
23.5,0,15,15,1827
23.5,1,0,0,1669
23.5,1,0,1,1675
23.5,1,0,2,1680
23.5,1,0,3,1685
23.5,1,0,4,1691
23.5,1,0,5,1696
23.5,1,0,6,1701
23.5,1,0,7,1707
23.5,1,0,8,1712
23.5,1,0,9,1717
23.5,1,0,10,1722
23.5,1,0,11,1727
23.5,1,0,12,1733
23.5,1,0,13,1738
23.5,1,0,14,1743
23.5,1,0,15,1748
23.5,1,1,0,1675
23.5,1,1,1,1680
23.5,1,1,2,1686
23.5,1,1,3,1691
23.5,1,1,4,1696
23.5,1,1,5,1702
23.5,1,1,6,1707
23.5,1,1,7,1712
23.5,1,1,8,1718
23.5,1,1,9,1723
23.5,1,1,10,1728
23.5,1,1,11,1733
23.5,1,1,12,1738
23.5,1,1,13,1744
23.5,1,1,14,1749
23.5,1,1,15,1754
23.5,1,2,0,1680
23.5,1,2,1,1686
23.5,1,2,2,1691
23.5,1,2,3,1697
23.5,1,2,4,1702
23.5,1,2,5,1707
23.5,1,2,6,1713
23.5,1,2,7,1718
23.5,1,2,8,1723
23.5,1,2,9,1729
23.5,1,2,10,1734
23.5,1,2,11,1739
23.5,1,2,12,1744
23.5,1,2,13,1749
23.5,1,2,14,1755
23.5,1,2,15,1760
23.5,1,3,0,1686
23.5,1,3,1,1691
23.5,1,3,2,1697
23.5,1,3,3,1702
23.5,1,3,4,1708
23.5,1,3,5,1713
23.5,1,3,6,1718
23.5,1,3,7,1724
23.5,1,3,8,1729
23.5,1,3,9,1734
23.5,1,3,10,1740
23.5,1,3,11,1745
23.5,1,3,12,1750
23.5,1,3,13,1755
23.5,1,3,14,1760
23.5,1,3,15,1766
23.5,1,4,0,1692
23.5,1,4,1,1697
23.5,1,4,2,1702
23.5,1,4,3,1708
23.5,1,4,4,1713
23.5,1,4,5,1719
23.5,1,4,6,1724
23.5,1,4,7,1729
23.5,1,4,8,1735
23.5,1,4,9,1740
23.5,1,4,10,1745
23.5,1,4,11,1751
23.5,1,4,12,1756
23.5,1,4,13,1761
23.5,1,4,14,1766
23.5,1,4,15,1771
23.5,1,5,0,1697
23.5,1,5,1,1702
23.5,1,5,2,1708
23.5,1,5,3,1713
23.5,1,5,4,1719
23.5,1,5,5,1724
23.5,1,5,6,1730
23.5,1,5,7,1735
23.5,1,5,8,1740
23.5,1,5,9,1746
23.5,1,5,10,1751
23.5,1,5,11,1756
23.5,1,5,12,1762
23.5,1,5,13,1767
23.5,1,5,14,1772
23.5,1,5,15,1777
23.5,1,6,0,1703
23.5,1,6,1,1708
23.5,1,6,2,1713
23.5,1,6,3,1719
23.5,1,6,4,1724
23.5,1,6,5,1730
23.5,1,6,6,1735
23.5,1,6,7,1741
23.5,1,6,8,1746
23.5,1,6,9,1751
23.5,1,6,10,1757
23.5,1,6,11,1762
23.5,1,6,12,1767
23.5,1,6,13,1773
23.5,1,6,14,1778
23.5,1,6,15,1783
23.5,1,7,0,1708
23.5,1,7,1,1714
23.5,1,7,2,1719
23.5,1,7,3,1724
23.5,1,7,4,1730
23.5,1,7,5,1735
23.5,1,7,6,1741
23.5,1,7,7,1746
23.5,1,7,8,1752
23.5,1,7,9,1757
23.5,1,7,10,1762
23.5,1,7,11,1768
23.5,1,7,12,1773
23.5,1,7,13,1778
23.5,1,7,14,1784
23.5,1,7,15,1789
23.5,1,8,0,1713
23.5,1,8,1,1719
23.5,1,8,2,1724
23.5,1,8,3,1730
23.5,1,8,4,1735
23.5,1,8,5,1741
23.5,1,8,6,1746
23.5,1,8,7,1752
23.5,1,8,8,1757
23.5,1,8,9,1763
23.5,1,8,10,1768
23.5,1,8,11,1773
23.5,1,8,12,1779
23.5,1,8,13,1784
23.5,1,8,14,1789
23.5,1,8,15,1794
23.5,1,9,0,1719
23.5,1,9,1,1724
23.5,1,9,2,1730
23.5,1,9,3,1735
23.5,1,9,4,1741
23.5,1,9,5,1746
23.5,1,9,6,1752
23.5,1,9,7,1757
23.5,1,9,8,1763
23.5,1,9,9,1768
23.5,1,9,10,1774
23.5,1,9,11,1779
23.5,1,9,12,1784
23.5,1,9,13,1790
23.5,1,9,14,1795
23.5,1,9,15,1800
23.5,1,10,0,1724
23.5,1,10,1,1730
23.5,1,10,2,1735
23.5,1,10,3,1741
23.5,1,10,4,1746
23.5,1,10,5,1752
23.5,1,10,6,1757
23.5,1,10,7,1763
23.5,1,10,8,1768
23.5,1,10,9,1774
23.5,1,10,10,1779
23.5,1,10,11,1785
23.5,1,10,12,1790
23.5,1,10,13,1795
23.5,1,10,14,1801
23.5,1,10,15,1806
23.5,1,11,0,1730
23.5,1,11,1,1735
23.5,1,11,2,1741
23.5,1,11,3,1746
23.5,1,11,4,1752
23.5,1,11,5,1757
23.5,1,11,6,1763
23.5,1,11,7,1768
23.5,1,11,8,1774
23.5,1,11,9,1779
23.5,1,11,10,1785
23.5,1,11,11,1790
23.5,1,11,12,1796
23.5,1,11,13,1801
23.5,1,11,14,1806
23.5,1,11,15,1812
23.5,1,12,0,1735
23.5,1,12,1,1741
23.5,1,12,2,1746
23.5,1,12,3,1752
23.5,1,12,4,1757
23.5,1,12,5,1763
23.5,1,12,6,1768
23.5,1,12,7,1774
23.5,1,12,8,1779
23.5,1,12,9,1785
23.5,1,12,10,1790
23.5,1,12,11,1796
23.5,1,12,12,1801
23.5,1,12,13,1806
23.5,1,12,14,1812
23.5,1,12,15,1817
23.5,1,13,0,1741
23.5,1,13,1,1746
23.5,1,13,2,1752
23.5,1,13,3,1757
23.5,1,13,4,1763
23.5,1,13,5,1768
23.5,1,13,6,1774
23.5,1,13,7,1779
23.5,1,13,8,1785
23.5,1,13,9,1790
23.5,1,13,10,1796
23.5,1,13,11,1801
23.5,1,13,12,1807
23.5,1,13,13,1812
23.5,1,13,14,1817
23.5,1,13,15,1823
23.5,1,14,0,1746
23.5,1,14,1,1752
23.5,1,14,2,1757
23.5,1,14,3,1763
23.5,1,14,4,1768
23.5,1,14,5,1774
23.5,1,14,6,1779
23.5,1,14,7,1785
23.5,1,14,8,1790
23.5,1,14,9,1796
23.5,1,14,10,1801
23.5,1,14,11,1807
23.5,1,14,12,1812
23.5,1,14,13,1818
23.5,1,14,14,1823
23.5,1,14,15,1828
23.5,1,15,0,1751
23.5,1,15,1,1757
23.5,1,15,2,1763
23.5,1,15,3,1768
23.5,1,15,4,1774
23.5,1,15,5,1779
23.5,1,15,6,1785
23.5,1,15,7,1790
23.5,1,15,8,1796
23.5,1,15,9,1801
23.5,1,15,10,1807
23.5,1,15,11,1812
23.5,1,15,12,1818
23.5,1,15,13,1823
23.5,1,15,14,1829
23.5,1,15,15,1834
23.5,2,0,0,1676
23.5,2,0,1,1681
23.5,2,0,2,1686
23.5,2,0,3,1692
23.5,2,0,4,1697
23.5,2,0,5,1702
23.5,2,0,6,1708
23.5,2,0,7,1713
23.5,2,0,8,1718
23.5,2,0,9,1724
23.5,2,0,10,1729
23.5,2,0,11,1734
23.5,2,0,12,1739
23.5,2,0,13,1744
23.5,2,0,14,1750
23.5,2,0,15,1755
23.5,2,1,0,1681
23.5,2,1,1,1687
23.5,2,1,2,1692
23.5,2,1,3,1697
23.5,2,1,4,1703
23.5,2,1,5,1708
23.5,2,1,6,1713
23.5,2,1,7,1719
23.5,2,1,8,1724
23.5,2,1,9,1729
23.5,2,1,10,1735
23.5,2,1,11,1740
23.5,2,1,12,1745
23.5,2,1,13,1750
23.5,2,1,14,1756
23.5,2,1,15,1761
23.5,2,2,0,1687
23.5,2,2,1,1692
23.5,2,2,2,1698
23.5,2,2,3,1703
23.5,2,2,4,1708
23.5,2,2,5,1714
23.5,2,2,6,1719
23.5,2,2,7,1725
23.5,2,2,8,1730
23.5,2,2,9,1735
23.5,2,2,10,1740
23.5,2,2,11,1746
23.5,2,2,12,1751
23.5,2,2,13,1756
23.5,2,2,14,1761
23.5,2,2,15,1767
23.5,2,3,0,1692
23.5,2,3,1,1698
23.5,2,3,2,1703
23.5,2,3,3,1709
23.5,2,3,4,1714
23.5,2,3,5,1719
23.5,2,3,6,1725
23.5,2,3,7,1730
23.5,2,3,8,1736
23.5,2,3,9,1741
23.5,2,3,10,1746
23.5,2,3,11,1751
23.5,2,3,12,1757
23.5,2,3,13,1762
23.5,2,3,14,1767
23.5,2,3,15,1772
23.5,2,4,0,1698
23.5,2,4,1,1703
23.5,2,4,2,1709
23.5,2,4,3,1714
23.5,2,4,4,1720
23.5,2,4,5,1725
23.5,2,4,6,1731
23.5,2,4,7,1736
23.5,2,4,8,1741
23.5,2,4,9,1747
23.5,2,4,10,1752
23.5,2,4,11,1757
23.5,2,4,12,1762
23.5,2,4,13,1768
23.5,2,4,14,1773
23.5,2,4,15,1778
23.5,2,5,0,1704
23.5,2,5,1,1709
23.5,2,5,2,1714
23.5,2,5,3,1720
23.5,2,5,4,1725
23.5,2,5,5,1731
23.5,2,5,6,1736
23.5,2,5,7,1742
23.5,2,5,8,1747
23.5,2,5,9,1752
23.5,2,5,10,1758
23.5,2,5,11,1763
23.5,2,5,12,1768
23.5,2,5,13,1774
23.5,2,5,14,1779
23.5,2,5,15,1784
23.5,2,6,0,1709
23.5,2,6,1,1715
23.5,2,6,2,1720
23.5,2,6,3,1725
23.5,2,6,4,1731
23.5,2,6,5,1736
23.5,2,6,6,1742
23.5,2,6,7,1747
23.5,2,6,8,1753
23.5,2,6,9,1758
23.5,2,6,10,1763
23.5,2,6,11,1769
23.5,2,6,12,1774
23.5,2,6,13,1779
23.5,2,6,14,1785
23.5,2,6,15,1790
23.5,2,7,0,1715
23.5,2,7,1,1720
23.5,2,7,2,1726
23.5,2,7,3,1731
23.5,2,7,4,1737
23.5,2,7,5,1742
23.5,2,7,6,1747
23.5,2,7,7,1753
23.5,2,7,8,1758
23.5,2,7,9,1764
23.5,2,7,10,1769
23.5,2,7,11,1774
23.5,2,7,12,1780
23.5,2,7,13,1785
23.5,2,7,14,1790
23.5,2,7,15,1796
23.5,2,8,0,1720
23.5,2,8,1,1726
23.5,2,8,2,1731
23.5,2,8,3,1737
23.5,2,8,4,1742
23.5,2,8,5,1748
23.5,2,8,6,1753
23.5,2,8,7,1758
23.5,2,8,8,1764
23.5,2,8,9,1769
23.5,2,8,10,1775
23.5,2,8,11,1780
23.5,2,8,12,1785
23.5,2,8,13,1791
23.5,2,8,14,1796
23.5,2,8,15,1801
23.5,2,9,0,1725
23.5,2,9,1,1731
23.5,2,9,2,1737
23.5,2,9,3,1742
23.5,2,9,4,1748
23.5,2,9,5,1753
23.5,2,9,6,1759
23.5,2,9,7,1764
23.5,2,9,8,1769
23.5,2,9,9,1775
23.5,2,9,10,1780
23.5,2,9,11,1786
23.5,2,9,12,1791
23.5,2,9,13,1796
23.5,2,9,14,1802
23.5,2,9,15,1807
23.5,2,10,0,1731
23.5,2,10,1,1737
23.5,2,10,2,1742
23.5,2,10,3,1748
23.5,2,10,4,1753
23.5,2,10,5,1759
23.5,2,10,6,1764
23.5,2,10,7,1770
23.5,2,10,8,1775
23.5,2,10,9,1781
23.5,2,10,10,1786
23.5,2,10,11,1791
23.5,2,10,12,1797
23.5,2,10,13,1802
23.5,2,10,14,1807
23.5,2,10,15,1813
23.5,2,11,0,1736
23.5,2,11,1,1742
23.5,2,11,2,1748
23.5,2,11,3,1753
23.5,2,11,4,1759
23.5,2,11,5,1764
23.5,2,11,6,1770
23.5,2,11,7,1775
23.5,2,11,8,1781
23.5,2,11,9,1786
23.5,2,11,10,1792
23.5,2,11,11,1797
23.5,2,11,12,1802
23.5,2,11,13,1808
23.5,2,11,14,1813
23.5,2,11,15,1818
23.5,2,12,0,1742
23.5,2,12,1,1747
23.5,2,12,2,1753
23.5,2,12,3,1759
23.5,2,12,4,1764
23.5,2,12,5,1770
23.5,2,12,6,1775
23.5,2,12,7,1781
23.5,2,12,8,1786
23.5,2,12,9,1792
23.5,2,12,10,1797
23.5,2,12,11,1803
23.5,2,12,12,1808
23.5,2,12,13,1813
23.5,2,12,14,1819
23.5,2,12,15,1824
23.5,2,13,0,1747
23.5,2,13,1,1753
23.5,2,13,2,1758
23.5,2,13,3,1764
23.5,2,13,4,1770
23.5,2,13,5,1775
23.5,2,13,6,1781
23.5,2,13,7,1786
23.5,2,13,8,1792
23.5,2,13,9,1797
23.5,2,13,10,1803
23.5,2,13,11,1808
23.5,2,13,12,1814
23.5,2,13,13,1819
23.5,2,13,14,1824
23.5,2,13,15,1830
23.5,2,14,0,1753
23.5,2,14,1,1758
23.5,2,14,2,1764
23.5,2,14,3,1769
23.5,2,14,4,1775
23.5,2,14,5,1781
23.5,2,14,6,1786
23.5,2,14,7,1792
23.5,2,14,8,1797
23.5,2,14,9,1803
23.5,2,14,10,1808
23.5,2,14,11,1814
23.5,2,14,12,1819
23.5,2,14,13,1825
23.5,2,14,14,1830
23.5,2,14,15,1835
23.5,2,15,0,1758
23.5,2,15,1,1764
23.5,2,15,2,1769
23.5,2,15,3,1775
23.5,2,15,4,1781
23.5,2,15,5,1786
23.5,2,15,6,1792
23.5,2,15,7,1797
23.5,2,15,8,1803
23.5,2,15,9,1808
23.5,2,15,10,1814
23.5,2,15,11,1819
23.5,2,15,12,1825
23.5,2,15,13,1830
23.5,2,15,14,1836
23.5,2,15,15,1841
23.5,3,0,0,1682
23.5,3,0,1,1687
23.5,3,0,2,1693
23.5,3,0,3,1698
23.5,3,0,4,1704
23.5,3,0,5,1709
23.5,3,0,6,1714
23.5,3,0,7,1720
23.5,3,0,8,1725
23.5,3,0,9,1730
23.5,3,0,10,1735
23.5,3,0,11,1741
23.5,3,0,12,1746
23.5,3,0,13,1751
23.5,3,0,14,1756
23.5,3,0,15,1762
23.5,3,1,0,1688
23.5,3,1,1,1693
23.5,3,1,2,1698
23.5,3,1,3,1704
23.5,3,1,4,1709
23.5,3,1,5,1715
23.5,3,1,6,1720
23.5,3,1,7,1725
23.5,3,1,8,1731
23.5,3,1,9,1736
23.5,3,1,10,1741
23.5,3,1,11,1746
23.5,3,1,12,1752
23.5,3,1,13,1757
23.5,3,1,14,1762
23.5,3,1,15,1767
23.5,3,2,0,1693
23.5,3,2,1,1699
23.5,3,2,2,1704
23.5,3,2,3,1710
23.5,3,2,4,1715
23.5,3,2,5,1720
23.5,3,2,6,1726
23.5,3,2,7,1731
23.5,3,2,8,1736
23.5,3,2,9,1742
23.5,3,2,10,1747
23.5,3,2,11,1752
23.5,3,2,12,1758
23.5,3,2,13,1763
23.5,3,2,14,1768
23.5,3,2,15,1773
23.5,3,3,0,1699
23.5,3,3,1,1704
23.5,3,3,2,1710
23.5,3,3,3,1715
23.5,3,3,4,1721
23.5,3,3,5,1726
23.5,3,3,6,1731
23.5,3,3,7,1737
23.5,3,3,8,1742
23.5,3,3,9,1747
23.5,3,3,10,1753
23.5,3,3,11,1758
23.5,3,3,12,1763
23.5,3,3,13,1769
23.5,3,3,14,1774
23.5,3,3,15,1779
23.5,3,4,0,1704
23.5,3,4,1,1710
23.5,3,4,2,1715
23.5,3,4,3,1721
23.5,3,4,4,1726
23.5,3,4,5,1732
23.5,3,4,6,1737
23.5,3,4,7,1742
23.5,3,4,8,1748
23.5,3,4,9,1753
23.5,3,4,10,1759
23.5,3,4,11,1764
23.5,3,4,12,1769
23.5,3,4,13,1774
23.5,3,4,14,1780
23.5,3,4,15,1785
23.5,3,5,0,1710
23.5,3,5,1,1715
23.5,3,5,2,1721
23.5,3,5,3,1726
23.5,3,5,4,1732
23.5,3,5,5,1737
23.5,3,5,6,1743
23.5,3,5,7,1748
23.5,3,5,8,1754
23.5,3,5,9,1759
23.5,3,5,10,1764
23.5,3,5,11,1770
23.5,3,5,12,1775
23.5,3,5,13,1780
23.5,3,5,14,1786
23.5,3,5,15,1791
23.5,3,6,0,1716
23.5,3,6,1,1721
23.5,3,6,2,1727
23.5,3,6,3,1732
23.5,3,6,4,1738
23.5,3,6,5,1743
23.5,3,6,6,1748
23.5,3,6,7,1754
23.5,3,6,8,1759
23.5,3,6,9,1765
23.5,3,6,10,1770
23.5,3,6,11,1775
23.5,3,6,12,1781
23.5,3,6,13,1786
23.5,3,6,14,1791
23.5,3,6,15,1797
23.5,3,7,0,1721
23.5,3,7,1,1727
23.5,3,7,2,1732
23.5,3,7,3,1738
23.5,3,7,4,1743
23.5,3,7,5,1749
23.5,3,7,6,1754
23.5,3,7,7,1759
23.5,3,7,8,1765
23.5,3,7,9,1770
23.5,3,7,10,1776
23.5,3,7,11,1781
23.5,3,7,12,1786
23.5,3,7,13,1792
23.5,3,7,14,1797
23.5,3,7,15,1802
23.5,3,8,0,1727
23.5,3,8,1,1732
23.5,3,8,2,1738
23.5,3,8,3,1743
23.5,3,8,4,1749
23.5,3,8,5,1754
23.5,3,8,6,1760
23.5,3,8,7,1765
23.5,3,8,8,1771
23.5,3,8,9,1776
23.5,3,8,10,1781
23.5,3,8,11,1787
23.5,3,8,12,1792
23.5,3,8,13,1798
23.5,3,8,14,1803
23.5,3,8,15,1808
23.5,3,9,0,1732
23.5,3,9,1,1738
23.5,3,9,2,1743
23.5,3,9,3,1749
23.5,3,9,4,1754
23.5,3,9,5,1760
23.5,3,9,6,1765
23.5,3,9,7,1771
23.5,3,9,8,1776
23.5,3,9,9,1782
23.5,3,9,10,1787
23.5,3,9,11,1792
23.5,3,9,12,1798
23.5,3,9,13,1803
23.5,3,9,14,1809
23.5,3,9,15,1814
23.5,3,10,0,1738
23.5,3,10,1,1743
23.5,3,10,2,1749
23.5,3,10,3,1754
23.5,3,10,4,1760
23.5,3,10,5,1765
23.5,3,10,6,1771
23.5,3,10,7,1776
23.5,3,10,8,1782
23.5,3,10,9,1787
23.5,3,10,10,1793
23.5,3,10,11,1798
23.5,3,10,12,1804
23.5,3,10,13,1809
23.5,3,10,14,1814
23.5,3,10,15,1820
23.5,3,11,0,1743
23.5,3,11,1,1749
23.5,3,11,2,1754
23.5,3,11,3,1760
23.5,3,11,4,1765
23.5,3,11,5,1771
23.5,3,11,6,1776
23.5,3,11,7,1782
23.5,3,11,8,1787
23.5,3,11,9,1793
23.5,3,11,10,1798
23.5,3,11,11,1804
23.5,3,11,12,1809
23.5,3,11,13,1815
23.5,3,11,14,1820
23.5,3,11,15,1825
23.5,3,12,0,1748
23.5,3,12,1,1754
23.5,3,12,2,1760
23.5,3,12,3,1765
23.5,3,12,4,1771
23.5,3,12,5,1776
23.5,3,12,6,1782
23.5,3,12,7,1787
23.5,3,12,8,1793
23.5,3,12,9,1798
23.5,3,12,10,1804
23.5,3,12,11,1809
23.5,3,12,12,1815
23.5,3,12,13,1820
23.5,3,12,14,1826
23.5,3,12,15,1831
23.5,3,13,0,1754
23.5,3,13,1,1759
23.5,3,13,2,1765
23.5,3,13,3,1771
23.5,3,13,4,1776
23.5,3,13,5,1782
23.5,3,13,6,1787
23.5,3,13,7,1793
23.5,3,13,8,1799
23.5,3,13,9,1804
23.5,3,13,10,1810
23.5,3,13,11,1815
23.5,3,13,12,1820
23.5,3,13,13,1826
23.5,3,13,14,1831
23.5,3,13,15,1837
23.5,3,14,0,1759
23.5,3,14,1,1765
23.5,3,14,2,1771
23.5,3,14,3,1776
23.5,3,14,4,1782
23.5,3,14,5,1787
23.5,3,14,6,1793
23.5,3,14,7,1799
23.5,3,14,8,1804
23.5,3,14,9,1810
23.5,3,14,10,1815
23.5,3,14,11,1821
23.5,3,14,12,1826
23.5,3,14,13,1832
23.5,3,14,14,1837
23.5,3,14,15,1842
23.5,3,15,0,1765
23.5,3,15,1,1770
23.5,3,15,2,1776
23.5,3,15,3,1782
23.5,3,15,4,1787
23.5,3,15,5,1793
23.5,3,15,6,1798
23.5,3,15,7,1804
23.5,3,15,8,1810
23.5,3,15,9,1815
23.5,3,15,10,1821
23.5,3,15,11,1826
23.5,3,15,12,1832
23.5,3,15,13,1837
23.5,3,15,14,1843
23.5,3,15,15,1848
23.5,4,0,0,1688
23.5,4,0,1,1694
23.5,4,0,2,1699
23.5,4,0,3,1705
23.5,4,0,4,1710
23.5,4,0,5,1715
23.5,4,0,6,1721
23.5,4,0,7,1726
23.5,4,0,8,1731
23.5,4,0,9,1737
23.5,4,0,10,1742
23.5,4,0,11,1747
23.5,4,0,12,1753
23.5,4,0,13,1758
23.5,4,0,14,1763
23.5,4,0,15,1768
23.5,4,1,0,1694
23.5,4,1,1,1699
23.5,4,1,2,1705
23.5,4,1,3,1710
23.5,4,1,4,1716
23.5,4,1,5,1721
23.5,4,1,6,1727
23.5,4,1,7,1732
23.5,4,1,8,1737
23.5,4,1,9,1743
23.5,4,1,10,1748
23.5,4,1,11,1753
23.5,4,1,12,1758
23.5,4,1,13,1764
23.5,4,1,14,1769
23.5,4,1,15,1774
23.5,4,2,0,1700
23.5,4,2,1,1705
23.5,4,2,2,1711
23.5,4,2,3,1716
23.5,4,2,4,1721
23.5,4,2,5,1727
23.5,4,2,6,1732
23.5,4,2,7,1738
23.5,4,2,8,1743
23.5,4,2,9,1748
23.5,4,2,10,1754
23.5,4,2,11,1759
23.5,4,2,12,1764
23.5,4,2,13,1770
23.5,4,2,14,1775
23.5,4,2,15,1780
23.5,4,3,0,1705
23.5,4,3,1,1711
23.5,4,3,2,1716
23.5,4,3,3,1722
23.5,4,3,4,1727
23.5,4,3,5,1733
23.5,4,3,6,1738
23.5,4,3,7,1743
23.5,4,3,8,1749
23.5,4,3,9,1754
23.5,4,3,10,1759
23.5,4,3,11,1765
23.5,4,3,12,1770
23.5,4,3,13,1775
23.5,4,3,14,1781
23.5,4,3,15,1786
23.5,4,4,0,1711
23.5,4,4,1,1716
23.5,4,4,2,1722
23.5,4,4,3,1727
23.5,4,4,4,1733
23.5,4,4,5,1738
23.5,4,4,6,1744
23.5,4,4,7,1749
23.5,4,4,8,1754
23.5,4,4,9,1760
23.5,4,4,10,1765
23.5,4,4,11,1771
23.5,4,4,12,1776
23.5,4,4,13,1781
23.5,4,4,14,1786
23.5,4,4,15,1792
23.5,4,5,0,1716
23.5,4,5,1,1722
23.5,4,5,2,1728
23.5,4,5,3,1733
23.5,4,5,4,1738
23.5,4,5,5,1744
23.5,4,5,6,1749
23.5,4,5,7,1755
23.5,4,5,8,1760
23.5,4,5,9,1766
23.5,4,5,10,1771
23.5,4,5,11,1776
23.5,4,5,12,1782
23.5,4,5,13,1787
23.5,4,5,14,1792
23.5,4,5,15,1798
23.5,4,6,0,1722
23.5,4,6,1,1728
23.5,4,6,2,1733
23.5,4,6,3,1739
23.5,4,6,4,1744
23.5,4,6,5,1750
23.5,4,6,6,1755
23.5,4,6,7,1760
23.5,4,6,8,1766
23.5,4,6,9,1771
23.5,4,6,10,1777
23.5,4,6,11,1782
23.5,4,6,12,1787
23.5,4,6,13,1793
23.5,4,6,14,1798
23.5,4,6,15,1803
23.5,4,7,0,1728
23.5,4,7,1,1733
23.5,4,7,2,1739
23.5,4,7,3,1744
23.5,4,7,4,1750
23.5,4,7,5,1755
23.5,4,7,6,1761
23.5,4,7,7,1766
23.5,4,7,8,1772
23.5,4,7,9,1777
23.5,4,7,10,1782
23.5,4,7,11,1788
23.5,4,7,12,1793
23.5,4,7,13,1799
23.5,4,7,14,1804
23.5,4,7,15,1809
23.5,4,8,0,1733
23.5,4,8,1,1739
23.5,4,8,2,1744
23.5,4,8,3,1750
23.5,4,8,4,1755
23.5,4,8,5,1761
23.5,4,8,6,1766
23.5,4,8,7,1772
23.5,4,8,8,1777
23.5,4,8,9,1783
23.5,4,8,10,1788
23.5,4,8,11,1794
23.5,4,8,12,1799
23.5,4,8,13,1804
23.5,4,8,14,1810
23.5,4,8,15,1815
23.5,4,9,0,1739
23.5,4,9,1,1744
23.5,4,9,2,1750
23.5,4,9,3,1755
23.5,4,9,4,1761
23.5,4,9,5,1766
23.5,4,9,6,1772
23.5,4,9,7,1777
23.5,4,9,8,1783
23.5,4,9,9,1788
23.5,4,9,10,1794
23.5,4,9,11,1799
23.5,4,9,12,1805
23.5,4,9,13,1810
23.5,4,9,14,1815
23.5,4,9,15,1821
23.5,4,10,0,1744
23.5,4,10,1,1750
23.5,4,10,2,1755
23.5,4,10,3,1761
23.5,4,10,4,1766
23.5,4,10,5,1772
23.5,4,10,6,1778
23.5,4,10,7,1783
23.5,4,10,8,1789
23.5,4,10,9,1794
23.5,4,10,10,1800
23.5,4,10,11,1805
23.5,4,10,12,1810
23.5,4,10,13,1816
23.5,4,10,14,1821
23.5,4,10,15,1827
23.5,4,11,0,1750
23.5,4,11,1,1755
23.5,4,11,2,1761
23.5,4,11,3,1766
23.5,4,11,4,1772
23.5,4,11,5,1778
23.5,4,11,6,1783
23.5,4,11,7,1789
23.5,4,11,8,1794
23.5,4,11,9,1800
23.5,4,11,10,1805
23.5,4,11,11,1811
23.5,4,11,12,1816
23.5,4,11,13,1822
23.5,4,11,14,1827
23.5,4,11,15,1832
23.5,4,12,0,1755
23.5,4,12,1,1761
23.5,4,12,2,1766
23.5,4,12,3,1772
23.5,4,12,4,1778
23.5,4,12,5,1783
23.5,4,12,6,1789
23.5,4,12,7,1794
23.5,4,12,8,1800
23.5,4,12,9,1805
23.5,4,12,10,1811
23.5,4,12,11,1816
23.5,4,12,12,1822
23.5,4,12,13,1827
23.5,4,12,14,1833
23.5,4,12,15,1838
23.5,4,13,0,1760
23.5,4,13,1,1766
23.5,4,13,2,1772
23.5,4,13,3,1777
23.5,4,13,4,1783
23.5,4,13,5,1789
23.5,4,13,6,1794
23.5,4,13,7,1800
23.5,4,13,8,1805
23.5,4,13,9,1811
23.5,4,13,10,1816
23.5,4,13,11,1822
23.5,4,13,12,1827
23.5,4,13,13,1833
23.5,4,13,14,1838
23.5,4,13,15,1844
23.5,4,14,0,1766
23.5,4,14,1,1772
23.5,4,14,2,1777
23.5,4,14,3,1783
23.5,4,14,4,1789
23.5,4,14,5,1794
23.5,4,14,6,1800
23.5,4,14,7,1805
23.5,4,14,8,1811
23.5,4,14,9,1816
23.5,4,14,10,1822
23.5,4,14,11,1828
23.5,4,14,12,1833
23.5,4,14,13,1839
23.5,4,14,14,1844
23.5,4,14,15,1849
23.5,4,15,0,1771
23.5,4,15,1,1777
23.5,4,15,2,1783
23.5,4,15,3,1788
23.5,4,15,4,1794
23.5,4,15,5,1800
23.5,4,15,6,1805
23.5,4,15,7,1811
23.5,4,15,8,1816
23.5,4,15,9,1822
23.5,4,15,10,1828
23.5,4,15,11,1833
23.5,4,15,12,1839
23.5,4,15,13,1844
23.5,4,15,14,1850
23.5,4,15,15,1855
23.5,5,0,0,1695
23.5,5,0,1,1700
23.5,5,0,2,1706
23.5,5,0,3,1711
23.5,5,0,4,1716
23.5,5,0,5,1722
23.5,5,0,6,1727
23.5,5,0,7,1733
23.5,5,0,8,1738
23.5,5,0,9,1743
23.5,5,0,10,1749
23.5,5,0,11,1754
23.5,5,0,12,1759
23.5,5,0,13,1764
23.5,5,0,14,1770
23.5,5,0,15,1775
23.5,5,1,0,1700
23.5,5,1,1,1706
23.5,5,1,2,1711
23.5,5,1,3,1717
23.5,5,1,4,1722
23.5,5,1,5,1728
23.5,5,1,6,1733
23.5,5,1,7,1738
23.5,5,1,8,1744
23.5,5,1,9,1749
23.5,5,1,10,1754
23.5,5,1,11,1760
23.5,5,1,12,1765
23.5,5,1,13,1770
23.5,5,1,14,1776
23.5,5,1,15,1781
23.5,5,2,0,1706
23.5,5,2,1,1712
23.5,5,2,2,1717
23.5,5,2,3,1723
23.5,5,2,4,1728
23.5,5,2,5,1733
23.5,5,2,6,1739
23.5,5,2,7,1744
23.5,5,2,8,1750
23.5,5,2,9,1755
23.5,5,2,10,1760
23.5,5,2,11,1766
23.5,5,2,12,1771
23.5,5,2,13,1776
23.5,5,2,14,1781
23.5,5,2,15,1787
23.5,5,3,0,1712
23.5,5,3,1,1717
23.5,5,3,2,1723
23.5,5,3,3,1728
23.5,5,3,4,1734
23.5,5,3,5,1739
23.5,5,3,6,1745
23.5,5,3,7,1750
23.5,5,3,8,1755
23.5,5,3,9,1761
23.5,5,3,10,1766
23.5,5,3,11,1771
23.5,5,3,12,1777
23.5,5,3,13,1782
23.5,5,3,14,1787
23.5,5,3,15,1793
23.5,5,4,0,1717
23.5,5,4,1,1723
23.5,5,4,2,1728
23.5,5,4,3,1734
23.5,5,4,4,1739
23.5,5,4,5,1745
23.5,5,4,6,1750
23.5,5,4,7,1756
23.5,5,4,8,1761
23.5,5,4,9,1767
23.5,5,4,10,1772
23.5,5,4,11,1777
23.5,5,4,12,1783
23.5,5,4,13,1788
23.5,5,4,14,1793
23.5,5,4,15,1799
23.5,5,5,0,1723
23.5,5,5,1,1728
23.5,5,5,2,1734
23.5,5,5,3,1740
23.5,5,5,4,1745
23.5,5,5,5,1751
23.5,5,5,6,1756
23.5,5,5,7,1761
23.5,5,5,8,1767
23.5,5,5,9,1772
23.5,5,5,10,1778
23.5,5,5,11,1783
23.5,5,5,12,1788
23.5,5,5,13,1794
23.5,5,5,14,1799
23.5,5,5,15,1804
23.5,5,6,0,1729
23.5,5,6,1,1734
23.5,5,6,2,1740
23.5,5,6,3,1745
23.5,5,6,4,1751
23.5,5,6,5,1756
23.5,5,6,6,1762
23.5,5,6,7,1767
23.5,5,6,8,1773
23.5,5,6,9,1778
23.5,5,6,10,1783
23.5,5,6,11,1789
23.5,5,6,12,1794
23.5,5,6,13,1800
23.5,5,6,14,1805
23.5,5,6,15,1810
23.5,5,7,0,1734
23.5,5,7,1,1740
23.5,5,7,2,1745
23.5,5,7,3,1751
23.5,5,7,4,1756
23.5,5,7,5,1762
23.5,5,7,6,1767
23.5,5,7,7,1773
23.5,5,7,8,1778
23.5,5,7,9,1784
23.5,5,7,10,1789
23.5,5,7,11,1795
23.5,5,7,12,1800
23.5,5,7,13,1805
23.5,5,7,14,1811
23.5,5,7,15,1816
23.5,5,8,0,1740
23.5,5,8,1,1745
23.5,5,8,2,1751
23.5,5,8,3,1756
23.5,5,8,4,1762
23.5,5,8,5,1767
23.5,5,8,6,1773
23.5,5,8,7,1779
23.5,5,8,8,1784
23.5,5,8,9,1789
23.5,5,8,10,1795
23.5,5,8,11,1800
23.5,5,8,12,1806
23.5,5,8,13,1811
23.5,5,8,14,1817
23.5,5,8,15,1822
23.5,5,9,0,1745
23.5,5,9,1,1751
23.5,5,9,2,1756
23.5,5,9,3,1762
23.5,5,9,4,1768
23.5,5,9,5,1773
23.5,5,9,6,1779
23.5,5,9,7,1784
23.5,5,9,8,1790
23.5,5,9,9,1795
23.5,5,9,10,1801
23.5,5,9,11,1806
23.5,5,9,12,1811
23.5,5,9,13,1817
23.5,5,9,14,1822
23.5,5,9,15,1828
23.5,5,10,0,1751
23.5,5,10,1,1756
23.5,5,10,2,1762
23.5,5,10,3,1768
23.5,5,10,4,1773
23.5,5,10,5,1779
23.5,5,10,6,1784
23.5,5,10,7,1790
23.5,5,10,8,1795
23.5,5,10,9,1801
23.5,5,10,10,1806
23.5,5,10,11,1812
23.5,5,10,12,1817
23.5,5,10,13,1823
23.5,5,10,14,1828
23.5,5,10,15,1833
23.5,5,11,0,1756
23.5,5,11,1,1762
23.5,5,11,2,1767
23.5,5,11,3,1773
23.5,5,11,4,1779
23.5,5,11,5,1784
23.5,5,11,6,1790
23.5,5,11,7,1795
23.5,5,11,8,1801
23.5,5,11,9,1806
23.5,5,11,10,1812
23.5,5,11,11,1817
23.5,5,11,12,1823
23.5,5,11,13,1828
23.5,5,11,14,1834
23.5,5,11,15,1839
23.5,5,12,0,1762
23.5,5,12,1,1767
23.5,5,12,2,1773
23.5,5,12,3,1779
23.5,5,12,4,1784
23.5,5,12,5,1790
23.5,5,12,6,1795
23.5,5,12,7,1801
23.5,5,12,8,1807
23.5,5,12,9,1812
23.5,5,12,10,1818
23.5,5,12,11,1823
23.5,5,12,12,1829
23.5,5,12,13,1834
23.5,5,12,14,1840
23.5,5,12,15,1845
23.5,5,13,0,1767
23.5,5,13,1,1773
23.5,5,13,2,1779
23.5,5,13,3,1784
23.5,5,13,4,1790
23.5,5,13,5,1795
23.5,5,13,6,1801
23.5,5,13,7,1807
23.5,5,13,8,1812
23.5,5,13,9,1818
23.5,5,13,10,1823
23.5,5,13,11,1829
23.5,5,13,12,1834
23.5,5,13,13,1840
23.5,5,13,14,1845
23.5,5,13,15,1851
23.5,5,14,0,1773
23.5,5,14,1,1778
23.5,5,14,2,1784
23.5,5,14,3,1790
23.5,5,14,4,1795
23.5,5,14,5,1801
23.5,5,14,6,1807
23.5,5,14,7,1812
23.5,5,14,8,1818
23.5,5,14,9,1823
23.5,5,14,10,1829
23.5,5,14,11,1834
23.5,5,14,12,1840
23.5,5,14,13,1845
23.5,5,14,14,1851
23.5,5,14,15,1856
23.5,5,15,0,1778
23.5,5,15,1,1784
23.5,5,15,2,1789
23.5,5,15,3,1795
23.5,5,15,4,1801
23.5,5,15,5,1806
23.5,5,15,6,1812
23.5,5,15,7,1818
23.5,5,15,8,1823
23.5,5,15,9,1829
23.5,5,15,10,1834
23.5,5,15,11,1840
23.5,5,15,12,1846
23.5,5,15,13,1851
23.5,5,15,14,1857
23.5,5,15,15,1862
23.5,6,0,0,1701
23.5,6,0,1,1707
23.5,6,0,2,1712
23.5,6,0,3,1717
23.5,6,0,4,1723
23.5,6,0,5,1728
23.5,6,0,6,1734
23.5,6,0,7,1739
23.5,6,0,8,1744
23.5,6,0,9,1750
23.5,6,0,10,1755
23.5,6,0,11,1760
23.5,6,0,12,1766
23.5,6,0,13,1771
23.5,6,0,14,1776
23.5,6,0,15,1782
23.5,6,1,0,1707
23.5,6,1,1,1712
23.5,6,1,2,1718
23.5,6,1,3,1723
23.5,6,1,4,1729
23.5,6,1,5,1734
23.5,6,1,6,1740
23.5,6,1,7,1745
23.5,6,1,8,1750
23.5,6,1,9,1756
23.5,6,1,10,1761
23.5,6,1,11,1766
23.5,6,1,12,1772
23.5,6,1,13,1777
23.5,6,1,14,1782
23.5,6,1,15,1788
23.5,6,2,0,1712
23.5,6,2,1,1718
23.5,6,2,2,1724
23.5,6,2,3,1729
23.5,6,2,4,1734
23.5,6,2,5,1740
23.5,6,2,6,1745
23.5,6,2,7,1751
23.5,6,2,8,1756
23.5,6,2,9,1762
23.5,6,2,10,1767
23.5,6,2,11,1772
23.5,6,2,12,1778
23.5,6,2,13,1783
23.5,6,2,14,1788
23.5,6,2,15,1793
23.5,6,3,0,1718
23.5,6,3,1,1724
23.5,6,3,2,1729
23.5,6,3,3,1735
23.5,6,3,4,1740
23.5,6,3,5,1746
23.5,6,3,6,1751
23.5,6,3,7,1757
23.5,6,3,8,1762
23.5,6,3,9,1767
23.5,6,3,10,1773
23.5,6,3,11,1778
23.5,6,3,12,1783
23.5,6,3,13,1789
23.5,6,3,14,1794
23.5,6,3,15,1799
23.5,6,4,0,1724
23.5,6,4,1,1729
23.5,6,4,2,1735
23.5,6,4,3,1740
23.5,6,4,4,1746
23.5,6,4,5,1751
23.5,6,4,6,1757
23.5,6,4,7,1762
23.5,6,4,8,1768
23.5,6,4,9,1773
23.5,6,4,10,1779
23.5,6,4,11,1784
23.5,6,4,12,1789
23.5,6,4,13,1795
23.5,6,4,14,1800
23.5,6,4,15,1805
23.5,6,5,0,1729
23.5,6,5,1,1735
23.5,6,5,2,1741
23.5,6,5,3,1746
23.5,6,5,4,1752
23.5,6,5,5,1757
23.5,6,5,6,1763
23.5,6,5,7,1768
23.5,6,5,8,1773
23.5,6,5,9,1779
23.5,6,5,10,1784
23.5,6,5,11,1790
23.5,6,5,12,1795
23.5,6,5,13,1801
23.5,6,5,14,1806
23.5,6,5,15,1811
23.5,6,6,0,1735
23.5,6,6,1,1741
23.5,6,6,2,1746
23.5,6,6,3,1752
23.5,6,6,4,1757
23.5,6,6,5,1763
23.5,6,6,6,1768
23.5,6,6,7,1774
23.5,6,6,8,1779
23.5,6,6,9,1785
23.5,6,6,10,1790
23.5,6,6,11,1796
23.5,6,6,12,1801
23.5,6,6,13,1806
23.5,6,6,14,1812
23.5,6,6,15,1817
23.5,6,7,0,1741
23.5,6,7,1,1746
23.5,6,7,2,1752
23.5,6,7,3,1757
23.5,6,7,4,1763
23.5,6,7,5,1768
23.5,6,7,6,1774
23.5,6,7,7,1779
23.5,6,7,8,1785
23.5,6,7,9,1790
23.5,6,7,10,1796
23.5,6,7,11,1801
23.5,6,7,12,1807
23.5,6,7,13,1812
23.5,6,7,14,1818
23.5,6,7,15,1823
23.5,6,8,0,1746
23.5,6,8,1,1752
23.5,6,8,2,1757
23.5,6,8,3,1763
23.5,6,8,4,1769
23.5,6,8,5,1774
23.5,6,8,6,1780
23.5,6,8,7,1785
23.5,6,8,8,1791
23.5,6,8,9,1796
23.5,6,8,10,1802
23.5,6,8,11,1807
23.5,6,8,12,1813
23.5,6,8,13,1818
23.5,6,8,14,1823
23.5,6,8,15,1829
23.5,6,9,0,1752
23.5,6,9,1,1757
23.5,6,9,2,1763
23.5,6,9,3,1769
23.5,6,9,4,1774
23.5,6,9,5,1780
23.5,6,9,6,1785
23.5,6,9,7,1791
23.5,6,9,8,1796
23.5,6,9,9,1802
23.5,6,9,10,1807
23.5,6,9,11,1813
23.5,6,9,12,1818
23.5,6,9,13,1824
23.5,6,9,14,1829
23.5,6,9,15,1835
23.5,6,10,0,1757
23.5,6,10,1,1763
23.5,6,10,2,1769
23.5,6,10,3,1774
23.5,6,10,4,1780
23.5,6,10,5,1785
23.5,6,10,6,1791
23.5,6,10,7,1797
23.5,6,10,8,1802
23.5,6,10,9,1808
23.5,6,10,10,1813
23.5,6,10,11,1819
23.5,6,10,12,1824
23.5,6,10,13,1830
23.5,6,10,14,1835
23.5,6,10,15,1840
23.5,6,11,0,1763
23.5,6,11,1,1768
23.5,6,11,2,1774
23.5,6,11,3,1780
23.5,6,11,4,1785
23.5,6,11,5,1791
23.5,6,11,6,1797
23.5,6,11,7,1802
23.5,6,11,8,1808
23.5,6,11,9,1813
23.5,6,11,10,1819
23.5,6,11,11,1824
23.5,6,11,12,1830
23.5,6,11,13,1835
23.5,6,11,14,1841
23.5,6,11,15,1846
23.5,6,12,0,1768
23.5,6,12,1,1774
23.5,6,12,2,1780
23.5,6,12,3,1785
23.5,6,12,4,1791
23.5,6,12,5,1797
23.5,6,12,6,1802
23.5,6,12,7,1808
23.5,6,12,8,1813
23.5,6,12,9,1819
23.5,6,12,10,1824
23.5,6,12,11,1830
23.5,6,12,12,1835
23.5,6,12,13,1841
23.5,6,12,14,1846
23.5,6,12,15,1852
23.5,6,13,0,1774
23.5,6,13,1,1779
23.5,6,13,2,1785
23.5,6,13,3,1791
23.5,6,13,4,1797
23.5,6,13,5,1802
23.5,6,13,6,1808
23.5,6,13,7,1813
23.5,6,13,8,1819
23.5,6,13,9,1825
23.5,6,13,10,1830
23.5,6,13,11,1836
23.5,6,13,12,1841
23.5,6,13,13,1847
23.5,6,13,14,1852
23.5,6,13,15,1858
23.5,6,14,0,1779
23.5,6,14,1,1785
23.5,6,14,2,1791
23.5,6,14,3,1796
23.5,6,14,4,1802
23.5,6,14,5,1808
23.5,6,14,6,1813
23.5,6,14,7,1819
23.5,6,14,8,1825
23.5,6,14,9,1830
23.5,6,14,10,1836
23.5,6,14,11,1841
23.5,6,14,12,1847
23.5,6,14,13,1852
23.5,6,14,14,1858
23.5,6,14,15,1863
23.5,6,15,0,1785
23.5,6,15,1,1790
23.5,6,15,2,1796
23.5,6,15,3,1802
23.5,6,15,4,1808
23.5,6,15,5,1813
23.5,6,15,6,1819
23.5,6,15,7,1825
23.5,6,15,8,1830
23.5,6,15,9,1836
23.5,6,15,10,1841
23.5,6,15,11,1847
23.5,6,15,12,1853
23.5,6,15,13,1858
23.5,6,15,14,1864
23.5,6,15,15,1869
23.5,7,0,0,1707
23.5,7,0,1,1713
23.5,7,0,2,1718
23.5,7,0,3,1724
23.5,7,0,4,1729
23.5,7,0,5,1735
23.5,7,0,6,1740
23.5,7,0,7,1746
23.5,7,0,8,1751
23.5,7,0,9,1756
23.5,7,0,10,1762
23.5,7,0,11,1767
23.5,7,0,12,1772
23.5,7,0,13,1778
23.5,7,0,14,1783
23.5,7,0,15,1788
23.5,7,1,0,1713
23.5,7,1,1,1719
23.5,7,1,2,1724
23.5,7,1,3,1730
23.5,7,1,4,1735
23.5,7,1,5,1741
23.5,7,1,6,1746
23.5,7,1,7,1751
23.5,7,1,8,1757
23.5,7,1,9,1762
23.5,7,1,10,1768
23.5,7,1,11,1773
23.5,7,1,12,1778
23.5,7,1,13,1784
23.5,7,1,14,1789
23.5,7,1,15,1794
23.5,7,2,0,1719
23.5,7,2,1,1724
23.5,7,2,2,1730
23.5,7,2,3,1735
23.5,7,2,4,1741
23.5,7,2,5,1746
23.5,7,2,6,1752
23.5,7,2,7,1757
23.5,7,2,8,1763
23.5,7,2,9,1768
23.5,7,2,10,1773
23.5,7,2,11,1779
23.5,7,2,12,1784
23.5,7,2,13,1790
23.5,7,2,14,1795
23.5,7,2,15,1800
23.5,7,3,0,1725
23.5,7,3,1,1730
23.5,7,3,2,1736
23.5,7,3,3,1741
23.5,7,3,4,1747
23.5,7,3,5,1752
23.5,7,3,6,1758
23.5,7,3,7,1763
23.5,7,3,8,1769
23.5,7,3,9,1774
23.5,7,3,10,1779
23.5,7,3,11,1785
23.5,7,3,12,1790
23.5,7,3,13,1795
23.5,7,3,14,1801
23.5,7,3,15,1806
23.5,7,4,0,1730
23.5,7,4,1,1736
23.5,7,4,2,1741
23.5,7,4,3,1747
23.5,7,4,4,1752
23.5,7,4,5,1758
23.5,7,4,6,1763
23.5,7,4,7,1769
23.5,7,4,8,1774
23.5,7,4,9,1780
23.5,7,4,10,1785
23.5,7,4,11,1791
23.5,7,4,12,1796
23.5,7,4,13,1801
23.5,7,4,14,1807
23.5,7,4,15,1812
23.5,7,5,0,1736
23.5,7,5,1,1741
23.5,7,5,2,1747
23.5,7,5,3,1753
23.5,7,5,4,1758
23.5,7,5,5,1764
23.5,7,5,6,1769
23.5,7,5,7,1775
23.5,7,5,8,1780
23.5,7,5,9,1786
23.5,7,5,10,1791
23.5,7,5,11,1796
23.5,7,5,12,1802
23.5,7,5,13,1807
23.5,7,5,14,1813
23.5,7,5,15,1818
23.5,7,6,0,1742
23.5,7,6,1,1747
23.5,7,6,2,1753
23.5,7,6,3,1758
23.5,7,6,4,1764
23.5,7,6,5,1769
23.5,7,6,6,1775
23.5,7,6,7,1780
23.5,7,6,8,1786
23.5,7,6,9,1791
23.5,7,6,10,1797
23.5,7,6,11,1802
23.5,7,6,12,1808
23.5,7,6,13,1813
23.5,7,6,14,1818
23.5,7,6,15,1824
23.5,7,7,0,1747
23.5,7,7,1,1753
23.5,7,7,2,1758
23.5,7,7,3,1764
23.5,7,7,4,1770
23.5,7,7,5,1775
23.5,7,7,6,1781
23.5,7,7,7,1786
23.5,7,7,8,1792
23.5,7,7,9,1797
23.5,7,7,10,1803
23.5,7,7,11,1808
23.5,7,7,12,1814
23.5,7,7,13,1819
23.5,7,7,14,1824
23.5,7,7,15,1830
23.5,7,8,0,1753
23.5,7,8,1,1758
23.5,7,8,2,1764
23.5,7,8,3,1770
23.5,7,8,4,1775
23.5,7,8,5,1781
23.5,7,8,6,1786
23.5,7,8,7,1792
23.5,7,8,8,1797
23.5,7,8,9,1803
23.5,7,8,10,1808
23.5,7,8,11,1814
23.5,7,8,12,1819
23.5,7,8,13,1825
23.5,7,8,14,1830
23.5,7,8,15,1836
23.5,7,9,0,1758
23.5,7,9,1,1764
23.5,7,9,2,1770
23.5,7,9,3,1775
23.5,7,9,4,1781
23.5,7,9,5,1786
23.5,7,9,6,1792
23.5,7,9,7,1798
23.5,7,9,8,1803
23.5,7,9,9,1809
23.5,7,9,10,1814
23.5,7,9,11,1820
23.5,7,9,12,1825
23.5,7,9,13,1831
23.5,7,9,14,1836
23.5,7,9,15,1841
23.5,7,10,0,1764
23.5,7,10,1,1770
23.5,7,10,2,1775
23.5,7,10,3,1781
23.5,7,10,4,1786
23.5,7,10,5,1792
23.5,7,10,6,1798
23.5,7,10,7,1803
23.5,7,10,8,1809
23.5,7,10,9,1814
23.5,7,10,10,1820
23.5,7,10,11,1825
23.5,7,10,12,1831
23.5,7,10,13,1836
23.5,7,10,14,1842
23.5,7,10,15,1847
23.5,7,11,0,1769
23.5,7,11,1,1775
23.5,7,11,2,1781
23.5,7,11,3,1786
23.5,7,11,4,1792
23.5,7,11,5,1798
23.5,7,11,6,1803
23.5,7,11,7,1809
23.5,7,11,8,1815
23.5,7,11,9,1820
23.5,7,11,10,1826
23.5,7,11,11,1831
23.5,7,11,12,1837
23.5,7,11,13,1842
23.5,7,11,14,1848
23.5,7,11,15,1853
23.5,7,12,0,1775
23.5,7,12,1,1781
23.5,7,12,2,1786
23.5,7,12,3,1792
23.5,7,12,4,1798
23.5,7,12,5,1803
23.5,7,12,6,1809
23.5,7,12,7,1815
23.5,7,12,8,1820
23.5,7,12,9,1826
23.5,7,12,10,1831
23.5,7,12,11,1837
23.5,7,12,12,1842
23.5,7,12,13,1848
23.5,7,12,14,1853
23.5,7,12,15,1859
23.5,7,13,0,1780
23.5,7,13,1,1786
23.5,7,13,2,1792
23.5,7,13,3,1798
23.5,7,13,4,1803
23.5,7,13,5,1809
23.5,7,13,6,1815
23.5,7,13,7,1820
23.5,7,13,8,1826
23.5,7,13,9,1831
23.5,7,13,10,1837
23.5,7,13,11,1843
23.5,7,13,12,1848
23.5,7,13,13,1854
23.5,7,13,14,1859
23.5,7,13,15,1865
23.5,7,14,0,1786
23.5,7,14,1,1792
23.5,7,14,2,1797
23.5,7,14,3,1803
23.5,7,14,4,1809
23.5,7,14,5,1815
23.5,7,14,6,1820
23.5,7,14,7,1826
23.5,7,14,8,1831
23.5,7,14,9,1837
23.5,7,14,10,1843
23.5,7,14,11,1848
23.5,7,14,12,1854
23.5,7,14,13,1859
23.5,7,14,14,1865
23.5,7,14,15,1870
23.5,7,15,0,1791
23.5,7,15,1,1797
23.5,7,15,2,1803
23.5,7,15,3,1809
23.5,7,15,4,1814
23.5,7,15,5,1820
23.5,7,15,6,1826
23.5,7,15,7,1831
23.5,7,15,8,1837
23.5,7,15,9,1843
23.5,7,15,10,1848
23.5,7,15,11,1854
23.5,7,15,12,1859
23.5,7,15,13,1865
23.5,7,15,14,1871
23.5,7,15,15,1876
23.5,8,0,0,1714
23.5,8,0,1,1719
23.5,8,0,2,1725
23.5,8,0,3,1730
23.5,8,0,4,1736
23.5,8,0,5,1741
23.5,8,0,6,1747
23.5,8,0,7,1752
23.5,8,0,8,1758
23.5,8,0,9,1763
23.5,8,0,10,1768
23.5,8,0,11,1774
23.5,8,0,12,1779
23.5,8,0,13,1784
23.5,8,0,14,1790
23.5,8,0,15,1795
23.5,8,1,0,1720
23.5,8,1,1,1725
23.5,8,1,2,1731
23.5,8,1,3,1736
23.5,8,1,4,1742
23.5,8,1,5,1747
23.5,8,1,6,1753
23.5,8,1,7,1758
23.5,8,1,8,1763
23.5,8,1,9,1769
23.5,8,1,10,1774
23.5,8,1,11,1780
23.5,8,1,12,1785
23.5,8,1,13,1790
23.5,8,1,14,1796
23.5,8,1,15,1801
23.5,8,2,0,1725
23.5,8,2,1,1731
23.5,8,2,2,1736
23.5,8,2,3,1742
23.5,8,2,4,1747
23.5,8,2,5,1753
23.5,8,2,6,1758
23.5,8,2,7,1764
23.5,8,2,8,1769
23.5,8,2,9,1775
23.5,8,2,10,1780
23.5,8,2,11,1786
23.5,8,2,12,1791
23.5,8,2,13,1796
23.5,8,2,14,1802
23.5,8,2,15,1807
23.5,8,3,0,1731
23.5,8,3,1,1737
23.5,8,3,2,1742
23.5,8,3,3,1748
23.5,8,3,4,1753
23.5,8,3,5,1759
23.5,8,3,6,1764
23.5,8,3,7,1770
23.5,8,3,8,1775
23.5,8,3,9,1781
23.5,8,3,10,1786
23.5,8,3,11,1791
23.5,8,3,12,1797
23.5,8,3,13,1802
23.5,8,3,14,1808
23.5,8,3,15,1813
23.5,8,4,0,1737
23.5,8,4,1,1742
23.5,8,4,2,1748
23.5,8,4,3,1753
23.5,8,4,4,1759
23.5,8,4,5,1765
23.5,8,4,6,1770
23.5,8,4,7,1776
23.5,8,4,8,1781
23.5,8,4,9,1786
23.5,8,4,10,1792
23.5,8,4,11,1797
23.5,8,4,12,1803
23.5,8,4,13,1808
23.5,8,4,14,1813
23.5,8,4,15,1819
23.5,8,5,0,1742
23.5,8,5,1,1748
23.5,8,5,2,1754
23.5,8,5,3,1759
23.5,8,5,4,1765
23.5,8,5,5,1770
23.5,8,5,6,1776
23.5,8,5,7,1781
23.5,8,5,8,1787
23.5,8,5,9,1792
23.5,8,5,10,1798
23.5,8,5,11,1803
23.5,8,5,12,1809
23.5,8,5,13,1814
23.5,8,5,14,1819
23.5,8,5,15,1825
23.5,8,6,0,1748
23.5,8,6,1,1754
23.5,8,6,2,1759
23.5,8,6,3,1765
23.5,8,6,4,1770
23.5,8,6,5,1776
23.5,8,6,6,1782
23.5,8,6,7,1787
23.5,8,6,8,1793
23.5,8,6,9,1798
23.5,8,6,10,1804
23.5,8,6,11,1809
23.5,8,6,12,1814
23.5,8,6,13,1820
23.5,8,6,14,1825
23.5,8,6,15,1831
23.5,8,7,0,1754
23.5,8,7,1,1759
23.5,8,7,2,1765
23.5,8,7,3,1771
23.5,8,7,4,1776
23.5,8,7,5,1782
23.5,8,7,6,1787
23.5,8,7,7,1793
23.5,8,7,8,1798
23.5,8,7,9,1804
23.5,8,7,10,1809
23.5,8,7,11,1815
23.5,8,7,12,1820
23.5,8,7,13,1826
23.5,8,7,14,1831
23.5,8,7,15,1837
23.5,8,8,0,1759
23.5,8,8,1,1765
23.5,8,8,2,1771
23.5,8,8,3,1776
23.5,8,8,4,1782
23.5,8,8,5,1787
23.5,8,8,6,1793
23.5,8,8,7,1799
23.5,8,8,8,1804
23.5,8,8,9,1810
23.5,8,8,10,1815
23.5,8,8,11,1821
23.5,8,8,12,1826
23.5,8,8,13,1832
23.5,8,8,14,1837
23.5,8,8,15,1842
23.5,8,9,0,1765
23.5,8,9,1,1771
23.5,8,9,2,1776
23.5,8,9,3,1782
23.5,8,9,4,1788
23.5,8,9,5,1793
23.5,8,9,6,1799
23.5,8,9,7,1804
23.5,8,9,8,1810
23.5,8,9,9,1815
23.5,8,9,10,1821
23.5,8,9,11,1826
23.5,8,9,12,1832
23.5,8,9,13,1837
23.5,8,9,14,1843
23.5,8,9,15,1848
23.5,8,10,0,1770
23.5,8,10,1,1776
23.5,8,10,2,1782
23.5,8,10,3,1788
23.5,8,10,4,1793
23.5,8,10,5,1799
23.5,8,10,6,1804
23.5,8,10,7,1810
23.5,8,10,8,1816
23.5,8,10,9,1821
23.5,8,10,10,1827
23.5,8,10,11,1832
23.5,8,10,12,1838
23.5,8,10,13,1843
23.5,8,10,14,1849
23.5,8,10,15,1854
23.5,8,11,0,1776
23.5,8,11,1,1782
23.5,8,11,2,1787
23.5,8,11,3,1793
23.5,8,11,4,1799
23.5,8,11,5,1804
23.5,8,11,6,1810
23.5,8,11,7,1816
23.5,8,11,8,1821
23.5,8,11,9,1827
23.5,8,11,10,1832
23.5,8,11,11,1838
23.5,8,11,12,1843
23.5,8,11,13,1849
23.5,8,11,14,1854
23.5,8,11,15,1860
23.5,8,12,0,1782
23.5,8,12,1,1787
23.5,8,12,2,1793
23.5,8,12,3,1799
23.5,8,12,4,1804
23.5,8,12,5,1810
23.5,8,12,6,1816
23.5,8,12,7,1821
23.5,8,12,8,1827
23.5,8,12,9,1833
23.5,8,12,10,1838
23.5,8,12,11,1844
23.5,8,12,12,1849
23.5,8,12,13,1855
23.5,8,12,14,1860
23.5,8,12,15,1866
23.5,8,13,0,1787
23.5,8,13,1,1793
23.5,8,13,2,1799
23.5,8,13,3,1804
23.5,8,13,4,1810
23.5,8,13,5,1816
23.5,8,13,6,1821
23.5,8,13,7,1827
23.5,8,13,8,1833
23.5,8,13,9,1838
23.5,8,13,10,1844
23.5,8,13,11,1849
23.5,8,13,12,1855
23.5,8,13,13,1861
23.5,8,13,14,1866
23.5,8,13,15,1872
23.5,8,14,0,1793
23.5,8,14,1,1798
23.5,8,14,2,1804
23.5,8,14,3,1810
23.5,8,14,4,1816
23.5,8,14,5,1821
23.5,8,14,6,1827
23.5,8,14,7,1833
23.5,8,14,8,1838
23.5,8,14,9,1844
23.5,8,14,10,1850
23.5,8,14,11,1855
23.5,8,14,12,1861
23.5,8,14,13,1866
23.5,8,14,14,1872
23.5,8,14,15,1877
23.5,8,15,0,1798
23.5,8,15,1,1804
23.5,8,15,2,1810
23.5,8,15,3,1815
23.5,8,15,4,1821
23.5,8,15,5,1827
23.5,8,15,6,1833
23.5,8,15,7,1838
23.5,8,15,8,1844
23.5,8,15,9,1850
23.5,8,15,10,1855
23.5,8,15,11,1861
23.5,8,15,12,1866
23.5,8,15,13,1872
23.5,8,15,14,1878
23.5,8,15,15,1883
23.5,9,0,0,1720
23.5,9,0,1,1726
23.5,9,0,2,1731
23.5,9,0,3,1737
23.5,9,0,4,1742
23.5,9,0,5,1748
23.5,9,0,6,1753
23.5,9,0,7,1759
23.5,9,0,8,1764
23.5,9,0,9,1769
23.5,9,0,10,1775
23.5,9,0,11,1780
23.5,9,0,12,1786
23.5,9,0,13,1791
23.5,9,0,14,1796
23.5,9,0,15,1802
23.5,9,1,0,1726
23.5,9,1,1,1732
23.5,9,1,2,1737
23.5,9,1,3,1743
23.5,9,1,4,1748
23.5,9,1,5,1754
23.5,9,1,6,1759
23.5,9,1,7,1765
23.5,9,1,8,1770
23.5,9,1,9,1775
23.5,9,1,10,1781
23.5,9,1,11,1786
23.5,9,1,12,1792
23.5,9,1,13,1797
23.5,9,1,14,1802
23.5,9,1,15,1808
23.5,9,2,0,1732
23.5,9,2,1,1737
23.5,9,2,2,1743
23.5,9,2,3,1748
23.5,9,2,4,1754
23.5,9,2,5,1759
23.5,9,2,6,1765
23.5,9,2,7,1770
23.5,9,2,8,1776
23.5,9,2,9,1781
23.5,9,2,10,1787
23.5,9,2,11,1792
23.5,9,2,12,1798
23.5,9,2,13,1803
23.5,9,2,14,1808
23.5,9,2,15,1814
23.5,9,3,0,1737
23.5,9,3,1,1743
23.5,9,3,2,1749
23.5,9,3,3,1754
23.5,9,3,4,1760
23.5,9,3,5,1765
23.5,9,3,6,1771
23.5,9,3,7,1776
23.5,9,3,8,1782
23.5,9,3,9,1787
23.5,9,3,10,1793
23.5,9,3,11,1798
23.5,9,3,12,1803
23.5,9,3,13,1809
23.5,9,3,14,1814
23.5,9,3,15,1820
23.5,9,4,0,1743
23.5,9,4,1,1749
23.5,9,4,2,1754
23.5,9,4,3,1760
23.5,9,4,4,1766
23.5,9,4,5,1771
23.5,9,4,6,1777
23.5,9,4,7,1782
23.5,9,4,8,1788
23.5,9,4,9,1793
23.5,9,4,10,1799
23.5,9,4,11,1804
23.5,9,4,12,1809
23.5,9,4,13,1815
23.5,9,4,14,1820
23.5,9,4,15,1826
23.5,9,5,0,1749
23.5,9,5,1,1754
23.5,9,5,2,1760
23.5,9,5,3,1766
23.5,9,5,4,1771
23.5,9,5,5,1777
23.5,9,5,6,1782
23.5,9,5,7,1788
23.5,9,5,8,1793
23.5,9,5,9,1799
23.5,9,5,10,1804
23.5,9,5,11,1810
23.5,9,5,12,1815
23.5,9,5,13,1821
23.5,9,5,14,1826
23.5,9,5,15,1832
23.5,9,6,0,1755
23.5,9,6,1,1760
23.5,9,6,2,1766
23.5,9,6,3,1771
23.5,9,6,4,1777
23.5,9,6,5,1783
23.5,9,6,6,1788
23.5,9,6,7,1794
23.5,9,6,8,1799
23.5,9,6,9,1805
23.5,9,6,10,1810
23.5,9,6,11,1816
23.5,9,6,12,1821
23.5,9,6,13,1827
23.5,9,6,14,1832
23.5,9,6,15,1837
23.5,9,7,0,1760
23.5,9,7,1,1766
23.5,9,7,2,1772
23.5,9,7,3,1777
23.5,9,7,4,1783
23.5,9,7,5,1788
23.5,9,7,6,1794
23.5,9,7,7,1799
23.5,9,7,8,1805
23.5,9,7,9,1811
23.5,9,7,10,1816
23.5,9,7,11,1822
23.5,9,7,12,1827
23.5,9,7,13,1833
23.5,9,7,14,1838
23.5,9,7,15,1843
23.5,9,8,0,1766
23.5,9,8,1,1772
23.5,9,8,2,1777
23.5,9,8,3,1783
23.5,9,8,4,1788
23.5,9,8,5,1794
23.5,9,8,6,1800
23.5,9,8,7,1805
23.5,9,8,8,1811
23.5,9,8,9,1816
23.5,9,8,10,1822
23.5,9,8,11,1827
23.5,9,8,12,1833
23.5,9,8,13,1838
23.5,9,8,14,1844
23.5,9,8,15,1849
23.5,9,9,0,1771
23.5,9,9,1,1777
23.5,9,9,2,1783
23.5,9,9,3,1788
23.5,9,9,4,1794
23.5,9,9,5,1800
23.5,9,9,6,1805
23.5,9,9,7,1811
23.5,9,9,8,1817
23.5,9,9,9,1822
23.5,9,9,10,1828
23.5,9,9,11,1833
23.5,9,9,12,1839
23.5,9,9,13,1844
23.5,9,9,14,1850
23.5,9,9,15,1855
23.5,9,10,0,1777
23.5,9,10,1,1783
23.5,9,10,2,1788
23.5,9,10,3,1794
23.5,9,10,4,1800
23.5,9,10,5,1805
23.5,9,10,6,1811
23.5,9,10,7,1817
23.5,9,10,8,1822
23.5,9,10,9,1828
23.5,9,10,10,1833
23.5,9,10,11,1839
23.5,9,10,12,1845
23.5,9,10,13,1850
23.5,9,10,14,1856
23.5,9,10,15,1861
23.5,9,11,0,1783
23.5,9,11,1,1788
23.5,9,11,2,1794
23.5,9,11,3,1800
23.5,9,11,4,1805
23.5,9,11,5,1811
23.5,9,11,6,1817
23.5,9,11,7,1822
23.5,9,11,8,1828
23.5,9,11,9,1834
23.5,9,11,10,1839
23.5,9,11,11,1845
23.5,9,11,12,1850
23.5,9,11,13,1856
23.5,9,11,14,1861
23.5,9,11,15,1867
23.5,9,12,0,1788
23.5,9,12,1,1794
23.5,9,12,2,1800
23.5,9,12,3,1805
23.5,9,12,4,1811
23.5,9,12,5,1817
23.5,9,12,6,1822
23.5,9,12,7,1828
23.5,9,12,8,1834
23.5,9,12,9,1839
23.5,9,12,10,1845
23.5,9,12,11,1851
23.5,9,12,12,1856
23.5,9,12,13,1862
23.5,9,12,14,1867
23.5,9,12,15,1873
23.5,9,13,0,1794
23.5,9,13,1,1799
23.5,9,13,2,1805
23.5,9,13,3,1811
23.5,9,13,4,1817
23.5,9,13,5,1822
23.5,9,13,6,1828
23.5,9,13,7,1834
23.5,9,13,8,1839
23.5,9,13,9,1845
23.5,9,13,10,1851
23.5,9,13,11,1856
23.5,9,13,12,1862
23.5,9,13,13,1867
23.5,9,13,14,1873
23.5,9,13,15,1879
23.5,9,14,0,1799
23.5,9,14,1,1805
23.5,9,14,2,1811
23.5,9,14,3,1817
23.5,9,14,4,1822
23.5,9,14,5,1828
23.5,9,14,6,1834
23.5,9,14,7,1839
23.5,9,14,8,1845
23.5,9,14,9,1851
23.5,9,14,10,1856
23.5,9,14,11,1862
23.5,9,14,12,1868
23.5,9,14,13,1873
23.5,9,14,14,1879
23.5,9,14,15,1884
23.5,9,15,0,1805
23.5,9,15,1,1811
23.5,9,15,2,1816
23.5,9,15,3,1822
23.5,9,15,4,1828
23.5,9,15,5,1834
23.5,9,15,6,1839
23.5,9,15,7,1845
23.5,9,15,8,1851
23.5,9,15,9,1856
23.5,9,15,10,1862
23.5,9,15,11,1868
23.5,9,15,12,1873
23.5,9,15,13,1879
23.5,9,15,14,1885
23.5,9,15,15,1890
23.5,10,0,0,1727
23.5,10,0,1,1732
23.5,10,0,2,1738
23.5,10,0,3,1743
23.5,10,0,4,1749
23.5,10,0,5,1754
23.5,10,0,6,1760
23.5,10,0,7,1765
23.5,10,0,8,1771
23.5,10,0,9,1776
23.5,10,0,10,1781
23.5,10,0,11,1787
23.5,10,0,12,1792
23.5,10,0,13,1798
23.5,10,0,14,1803
23.5,10,0,15,1808
23.5,10,1,0,1732
23.5,10,1,1,1738
23.5,10,1,2,1744
23.5,10,1,3,1749
23.5,10,1,4,1755
23.5,10,1,5,1760
23.5,10,1,6,1766
23.5,10,1,7,1771
23.5,10,1,8,1777
23.5,10,1,9,1782
23.5,10,1,10,1787
23.5,10,1,11,1793
23.5,10,1,12,1798
23.5,10,1,13,1804
23.5,10,1,14,1809
23.5,10,1,15,1814
23.5,10,2,0,1738
23.5,10,2,1,1744
23.5,10,2,2,1749
23.5,10,2,3,1755
23.5,10,2,4,1760
23.5,10,2,5,1766
23.5,10,2,6,1771
23.5,10,2,7,1777
23.5,10,2,8,1782
23.5,10,2,9,1788
23.5,10,2,10,1793
23.5,10,2,11,1799
23.5,10,2,12,1804
23.5,10,2,13,1810
23.5,10,2,14,1815
23.5,10,2,15,1820
23.5,10,3,0,1744
23.5,10,3,1,1750
23.5,10,3,2,1755
23.5,10,3,3,1761
23.5,10,3,4,1766
23.5,10,3,5,1772
23.5,10,3,6,1777
23.5,10,3,7,1783
23.5,10,3,8,1788
23.5,10,3,9,1794
23.5,10,3,10,1799
23.5,10,3,11,1805
23.5,10,3,12,1810
23.5,10,3,13,1816
23.5,10,3,14,1821
23.5,10,3,15,1826
23.5,10,4,0,1750
23.5,10,4,1,1755
23.5,10,4,2,1761
23.5,10,4,3,1766
23.5,10,4,4,1772
23.5,10,4,5,1778
23.5,10,4,6,1783
23.5,10,4,7,1789
23.5,10,4,8,1794
23.5,10,4,9,1800
23.5,10,4,10,1805
23.5,10,4,11,1811
23.5,10,4,12,1816
23.5,10,4,13,1822
23.5,10,4,14,1827
23.5,10,4,15,1832
23.5,10,5,0,1755
23.5,10,5,1,1761
23.5,10,5,2,1767
23.5,10,5,3,1772
23.5,10,5,4,1778
23.5,10,5,5,1783
23.5,10,5,6,1789
23.5,10,5,7,1795
23.5,10,5,8,1800
23.5,10,5,9,1806
23.5,10,5,10,1811
23.5,10,5,11,1817
23.5,10,5,12,1822
23.5,10,5,13,1827
23.5,10,5,14,1833
23.5,10,5,15,1838
23.5,10,6,0,1761
23.5,10,6,1,1767
23.5,10,6,2,1772
23.5,10,6,3,1778
23.5,10,6,4,1784
23.5,10,6,5,1789
23.5,10,6,6,1795
23.5,10,6,7,1800
23.5,10,6,8,1806
23.5,10,6,9,1811
23.5,10,6,10,1817
23.5,10,6,11,1822
23.5,10,6,12,1828
23.5,10,6,13,1833
23.5,10,6,14,1839
23.5,10,6,15,1844
23.5,10,7,0,1767
23.5,10,7,1,1772
23.5,10,7,2,1778
23.5,10,7,3,1784
23.5,10,7,4,1789
23.5,10,7,5,1795
23.5,10,7,6,1801
23.5,10,7,7,1806
23.5,10,7,8,1812
23.5,10,7,9,1817
23.5,10,7,10,1823
23.5,10,7,11,1828
23.5,10,7,12,1834
23.5,10,7,13,1839
23.5,10,7,14,1845
23.5,10,7,15,1850
23.5,10,8,0,1772
23.5,10,8,1,1778
23.5,10,8,2,1784
23.5,10,8,3,1789
23.5,10,8,4,1795
23.5,10,8,5,1801
23.5,10,8,6,1806
23.5,10,8,7,1812
23.5,10,8,8,1818
23.5,10,8,9,1823
23.5,10,8,10,1829
23.5,10,8,11,1834
23.5,10,8,12,1840
23.5,10,8,13,1845
23.5,10,8,14,1851
23.5,10,8,15,1856
23.5,10,9,0,1778
23.5,10,9,1,1784
23.5,10,9,2,1789
23.5,10,9,3,1795
23.5,10,9,4,1801
23.5,10,9,5,1806
23.5,10,9,6,1812
23.5,10,9,7,1818
23.5,10,9,8,1823
23.5,10,9,9,1829
23.5,10,9,10,1834
23.5,10,9,11,1840
23.5,10,9,12,1846
23.5,10,9,13,1851
23.5,10,9,14,1857
23.5,10,9,15,1862
23.5,10,10,0,1784
23.5,10,10,1,1789
23.5,10,10,2,1795
23.5,10,10,3,1801
23.5,10,10,4,1806
23.5,10,10,5,1812
23.5,10,10,6,1818
23.5,10,10,7,1823
23.5,10,10,8,1829
23.5,10,10,9,1835
23.5,10,10,10,1840
23.5,10,10,11,1846
23.5,10,10,12,1851
23.5,10,10,13,1857
23.5,10,10,14,1862
23.5,10,10,15,1868
23.5,10,11,0,1789
23.5,10,11,1,1795
23.5,10,11,2,1801
23.5,10,11,3,1806
23.5,10,11,4,1812
23.5,10,11,5,1818
23.5,10,11,6,1824
23.5,10,11,7,1829
23.5,10,11,8,1835
23.5,10,11,9,1840
23.5,10,11,10,1846
23.5,10,11,11,1852
23.5,10,11,12,1857
23.5,10,11,13,1863
23.5,10,11,14,1868
23.5,10,11,15,1874
23.5,10,12,0,1795
23.5,10,12,1,1801
23.5,10,12,2,1806
23.5,10,12,3,1812
23.5,10,12,4,1818
23.5,10,12,5,1824
23.5,10,12,6,1829
23.5,10,12,7,1835
23.5,10,12,8,1841
23.5,10,12,9,1846
23.5,10,12,10,1852
23.5,10,12,11,1857
23.5,10,12,12,1863
23.5,10,12,13,1869
23.5,10,12,14,1874
23.5,10,12,15,1880
23.5,10,13,0,1800
23.5,10,13,1,1806
23.5,10,13,2,1812
23.5,10,13,3,1818
23.5,10,13,4,1823
23.5,10,13,5,1829
23.5,10,13,6,1835
23.5,10,13,7,1841
23.5,10,13,8,1846
23.5,10,13,9,1852
23.5,10,13,10,1858
23.5,10,13,11,1863
23.5,10,13,12,1869
23.5,10,13,13,1874
23.5,10,13,14,1880
23.5,10,13,15,1885
23.5,10,14,0,1806
23.5,10,14,1,1812
23.5,10,14,2,1818
23.5,10,14,3,1823
23.5,10,14,4,1829
23.5,10,14,5,1835
23.5,10,14,6,1841
23.5,10,14,7,1846
23.5,10,14,8,1852
23.5,10,14,9,1858
23.5,10,14,10,1863
23.5,10,14,11,1869
23.5,10,14,12,1875
23.5,10,14,13,1880
23.5,10,14,14,1886
23.5,10,14,15,1891
23.5,10,15,0,1811
23.5,10,15,1,1817
23.5,10,15,2,1823
23.5,10,15,3,1829
23.5,10,15,4,1835
23.5,10,15,5,1840
23.5,10,15,6,1846
23.5,10,15,7,1852
23.5,10,15,8,1858
23.5,10,15,9,1863
23.5,10,15,10,1869
23.5,10,15,11,1875
23.5,10,15,12,1880
23.5,10,15,13,1886
23.5,10,15,14,1892
23.5,10,15,15,1897
23.5,11,0,0,1733
23.5,11,0,1,1739
23.5,11,0,2,1744
23.5,11,0,3,1750
23.5,11,0,4,1755
23.5,11,0,5,1761
23.5,11,0,6,1766
23.5,11,0,7,1772
23.5,11,0,8,1777
23.5,11,0,9,1783
23.5,11,0,10,1788
23.5,11,0,11,1793
23.5,11,0,12,1799
23.5,11,0,13,1804
23.5,11,0,14,1810
23.5,11,0,15,1815
23.5,11,1,0,1739
23.5,11,1,1,1744
23.5,11,1,2,1750
23.5,11,1,3,1756
23.5,11,1,4,1761
23.5,11,1,5,1767
23.5,11,1,6,1772
23.5,11,1,7,1778
23.5,11,1,8,1783
23.5,11,1,9,1789
23.5,11,1,10,1794
23.5,11,1,11,1799
23.5,11,1,12,1805
23.5,11,1,13,1810
23.5,11,1,14,1816
23.5,11,1,15,1821
23.5,11,2,0,1745
23.5,11,2,1,1750
23.5,11,2,2,1756
23.5,11,2,3,1761
23.5,11,2,4,1767
23.5,11,2,5,1772
23.5,11,2,6,1778
23.5,11,2,7,1784
23.5,11,2,8,1789
23.5,11,2,9,1795
23.5,11,2,10,1800
23.5,11,2,11,1805
23.5,11,2,12,1811
23.5,11,2,13,1816
23.5,11,2,14,1822
23.5,11,2,15,1827
23.5,11,3,0,1750
23.5,11,3,1,1756
23.5,11,3,2,1762
23.5,11,3,3,1767
23.5,11,3,4,1773
23.5,11,3,5,1778
23.5,11,3,6,1784
23.5,11,3,7,1789
23.5,11,3,8,1795
23.5,11,3,9,1800
23.5,11,3,10,1806
23.5,11,3,11,1811
23.5,11,3,12,1817
23.5,11,3,13,1822
23.5,11,3,14,1828
23.5,11,3,15,1833
23.5,11,4,0,1756
23.5,11,4,1,1762
23.5,11,4,2,1767
23.5,11,4,3,1773
23.5,11,4,4,1779
23.5,11,4,5,1784
23.5,11,4,6,1790
23.5,11,4,7,1795
23.5,11,4,8,1801
23.5,11,4,9,1806
23.5,11,4,10,1812
23.5,11,4,11,1817
23.5,11,4,12,1823
23.5,11,4,13,1828
23.5,11,4,14,1834
23.5,11,4,15,1839
23.5,11,5,0,1762
23.5,11,5,1,1767
23.5,11,5,2,1773
23.5,11,5,3,1779
23.5,11,5,4,1784
23.5,11,5,5,1790
23.5,11,5,6,1796
23.5,11,5,7,1801
23.5,11,5,8,1807
23.5,11,5,9,1812
23.5,11,5,10,1818
23.5,11,5,11,1823
23.5,11,5,12,1829
23.5,11,5,13,1834
23.5,11,5,14,1840
23.5,11,5,15,1845
23.5,11,6,0,1768
23.5,11,6,1,1773
23.5,11,6,2,1779
23.5,11,6,3,1785
23.5,11,6,4,1790
23.5,11,6,5,1796
23.5,11,6,6,1801
23.5,11,6,7,1807
23.5,11,6,8,1813
23.5,11,6,9,1818
23.5,11,6,10,1824
23.5,11,6,11,1829
23.5,11,6,12,1835
23.5,11,6,13,1840
23.5,11,6,14,1846
23.5,11,6,15,1851
23.5,11,7,0,1773
23.5,11,7,1,1779
23.5,11,7,2,1785
23.5,11,7,3,1790
23.5,11,7,4,1796
23.5,11,7,5,1802
23.5,11,7,6,1807
23.5,11,7,7,1813
23.5,11,7,8,1818
23.5,11,7,9,1824
23.5,11,7,10,1830
23.5,11,7,11,1835
23.5,11,7,12,1841
23.5,11,7,13,1846
23.5,11,7,14,1852
23.5,11,7,15,1857
23.5,11,8,0,1779
23.5,11,8,1,1785
23.5,11,8,2,1790
23.5,11,8,3,1796
23.5,11,8,4,1802
23.5,11,8,5,1807
23.5,11,8,6,1813
23.5,11,8,7,1819
23.5,11,8,8,1824
23.5,11,8,9,1830
23.5,11,8,10,1835
23.5,11,8,11,1841
23.5,11,8,12,1846
23.5,11,8,13,1852
23.5,11,8,14,1858
23.5,11,8,15,1863
23.5,11,9,0,1785
23.5,11,9,1,1790
23.5,11,9,2,1796
23.5,11,9,3,1802
23.5,11,9,4,1807
23.5,11,9,5,1813
23.5,11,9,6,1819
23.5,11,9,7,1824
23.5,11,9,8,1830
23.5,11,9,9,1836
23.5,11,9,10,1841
23.5,11,9,11,1847
23.5,11,9,12,1852
23.5,11,9,13,1858
23.5,11,9,14,1863
23.5,11,9,15,1869
23.5,11,10,0,1790
23.5,11,10,1,1796
23.5,11,10,2,1802
23.5,11,10,3,1807
23.5,11,10,4,1813
23.5,11,10,5,1819
23.5,11,10,6,1825
23.5,11,10,7,1830
23.5,11,10,8,1836
23.5,11,10,9,1841
23.5,11,10,10,1847
23.5,11,10,11,1853
23.5,11,10,12,1858
23.5,11,10,13,1864
23.5,11,10,14,1869
23.5,11,10,15,1875
23.5,11,11,0,1796
23.5,11,11,1,1802
23.5,11,11,2,1807
23.5,11,11,3,1813
23.5,11,11,4,1819
23.5,11,11,5,1825
23.5,11,11,6,1830
23.5,11,11,7,1836
23.5,11,11,8,1842
23.5,11,11,9,1847
23.5,11,11,10,1853
23.5,11,11,11,1858
23.5,11,11,12,1864
23.5,11,11,13,1870
23.5,11,11,14,1875
23.5,11,11,15,1881
23.5,11,12,0,1801
23.5,11,12,1,1807
23.5,11,12,2,1813
23.5,11,12,3,1819
23.5,11,12,4,1825
23.5,11,12,5,1830
23.5,11,12,6,1836
23.5,11,12,7,1842
23.5,11,12,8,1847
23.5,11,12,9,1853
23.5,11,12,10,1859
23.5,11,12,11,1864
23.5,11,12,12,1870
23.5,11,12,13,1875
23.5,11,12,14,1881
23.5,11,12,15,1887
23.5,11,13,0,1807
23.5,11,13,1,1813
23.5,11,13,2,1819
23.5,11,13,3,1824
23.5,11,13,4,1830
23.5,11,13,5,1836
23.5,11,13,6,1842
23.5,11,13,7,1847
23.5,11,13,8,1853
23.5,11,13,9,1859
23.5,11,13,10,1864
23.5,11,13,11,1870
23.5,11,13,12,1876
23.5,11,13,13,1881
23.5,11,13,14,1887
23.5,11,13,15,1892
23.5,11,14,0,1813
23.5,11,14,1,1818
23.5,11,14,2,1824
23.5,11,14,3,1830
23.5,11,14,4,1836
23.5,11,14,5,1842
23.5,11,14,6,1847
23.5,11,14,7,1853
23.5,11,14,8,1859
23.5,11,14,9,1864
23.5,11,14,10,1870
23.5,11,14,11,1876
23.5,11,14,12,1881
23.5,11,14,13,1887
23.5,11,14,14,1893
23.5,11,14,15,1898
23.5,11,15,0,1818
23.5,11,15,1,1824
23.5,11,15,2,1830
23.5,11,15,3,1836
23.5,11,15,4,1841
23.5,11,15,5,1847
23.5,11,15,6,1853
23.5,11,15,7,1859
23.5,11,15,8,1864
23.5,11,15,9,1870
23.5,11,15,10,1876
23.5,11,15,11,1882
23.5,11,15,12,1887
23.5,11,15,13,1893
23.5,11,15,14,1898
23.5,11,15,15,1904
23.5,12,0,0,1739
23.5,12,0,1,1745
23.5,12,0,2,1751
23.5,12,0,3,1756
23.5,12,0,4,1762
23.5,12,0,5,1767
23.5,12,0,6,1773
23.5,12,0,7,1778
23.5,12,0,8,1784
23.5,12,0,9,1789
23.5,12,0,10,1795
23.5,12,0,11,1800
23.5,12,0,12,1805
23.5,12,0,13,1811
23.5,12,0,14,1816
23.5,12,0,15,1822
23.5,12,1,0,1745
23.5,12,1,1,1751
23.5,12,1,2,1756
23.5,12,1,3,1762
23.5,12,1,4,1768
23.5,12,1,5,1773
23.5,12,1,6,1779
23.5,12,1,7,1784
23.5,12,1,8,1790
23.5,12,1,9,1795
23.5,12,1,10,1801
23.5,12,1,11,1806
23.5,12,1,12,1811
23.5,12,1,13,1817
23.5,12,1,14,1822
23.5,12,1,15,1828
23.5,12,2,0,1751
23.5,12,2,1,1757
23.5,12,2,2,1762
23.5,12,2,3,1768
23.5,12,2,4,1773
23.5,12,2,5,1779
23.5,12,2,6,1785
23.5,12,2,7,1790
23.5,12,2,8,1796
23.5,12,2,9,1801
23.5,12,2,10,1807
23.5,12,2,11,1812
23.5,12,2,12,1818
23.5,12,2,13,1823
23.5,12,2,14,1828
23.5,12,2,15,1834
23.5,12,3,0,1757
23.5,12,3,1,1762
23.5,12,3,2,1768
23.5,12,3,3,1774
23.5,12,3,4,1779
23.5,12,3,5,1785
23.5,12,3,6,1790
23.5,12,3,7,1796
23.5,12,3,8,1802
23.5,12,3,9,1807
23.5,12,3,10,1813
23.5,12,3,11,1818
23.5,12,3,12,1824
23.5,12,3,13,1829
23.5,12,3,14,1834
23.5,12,3,15,1840
23.5,12,4,0,1763
23.5,12,4,1,1768
23.5,12,4,2,1774
23.5,12,4,3,1780
23.5,12,4,4,1785
23.5,12,4,5,1791
23.5,12,4,6,1796
23.5,12,4,7,1802
23.5,12,4,8,1807
23.5,12,4,9,1813
23.5,12,4,10,1819
23.5,12,4,11,1824
23.5,12,4,12,1830
23.5,12,4,13,1835
23.5,12,4,14,1840
23.5,12,4,15,1846
23.5,12,5,0,1768
23.5,12,5,1,1774
23.5,12,5,2,1780
23.5,12,5,3,1785
23.5,12,5,4,1791
23.5,12,5,5,1797
23.5,12,5,6,1802
23.5,12,5,7,1808
23.5,12,5,8,1813
23.5,12,5,9,1819
23.5,12,5,10,1824
23.5,12,5,11,1830
23.5,12,5,12,1835
23.5,12,5,13,1841
23.5,12,5,14,1846
23.5,12,5,15,1852
23.5,12,6,0,1774
23.5,12,6,1,1780
23.5,12,6,2,1785
23.5,12,6,3,1791
23.5,12,6,4,1797
23.5,12,6,5,1802
23.5,12,6,6,1808
23.5,12,6,7,1814
23.5,12,6,8,1819
23.5,12,6,9,1825
23.5,12,6,10,1830
23.5,12,6,11,1836
23.5,12,6,12,1841
23.5,12,6,13,1847
23.5,12,6,14,1852
23.5,12,6,15,1858
23.5,12,7,0,1780
23.5,12,7,1,1785
23.5,12,7,2,1791
23.5,12,7,3,1797
23.5,12,7,4,1803
23.5,12,7,5,1808
23.5,12,7,6,1814
23.5,12,7,7,1819
23.5,12,7,8,1825
23.5,12,7,9,1831
23.5,12,7,10,1836
23.5,12,7,11,1842
23.5,12,7,12,1847
23.5,12,7,13,1853
23.5,12,7,14,1858
23.5,12,7,15,1864
23.5,12,8,0,1785
23.5,12,8,1,1791
23.5,12,8,2,1797
23.5,12,8,3,1803
23.5,12,8,4,1808
23.5,12,8,5,1814
23.5,12,8,6,1820
23.5,12,8,7,1825
23.5,12,8,8,1831
23.5,12,8,9,1837
23.5,12,8,10,1842
23.5,12,8,11,1848
23.5,12,8,12,1853
23.5,12,8,13,1859
23.5,12,8,14,1864
23.5,12,8,15,1870
23.5,12,9,0,1791
23.5,12,9,1,1797
23.5,12,9,2,1803
23.5,12,9,3,1808
23.5,12,9,4,1814
23.5,12,9,5,1820
23.5,12,9,6,1825
23.5,12,9,7,1831
23.5,12,9,8,1837
23.5,12,9,9,1842
23.5,12,9,10,1848
23.5,12,9,11,1854
23.5,12,9,12,1859
23.5,12,9,13,1865
23.5,12,9,14,1870
23.5,12,9,15,1876
23.5,12,10,0,1797
23.5,12,10,1,1803
23.5,12,10,2,1808
23.5,12,10,3,1814
23.5,12,10,4,1820
23.5,12,10,5,1826
23.5,12,10,6,1831
23.5,12,10,7,1837
23.5,12,10,8,1843
23.5,12,10,9,1848
23.5,12,10,10,1854
23.5,12,10,11,1859
23.5,12,10,12,1865
23.5,12,10,13,1871
23.5,12,10,14,1876
23.5,12,10,15,1882
23.5,12,11,0,1802
23.5,12,11,1,1808
23.5,12,11,2,1814
23.5,12,11,3,1820
23.5,12,11,4,1826
23.5,12,11,5,1831
23.5,12,11,6,1837
23.5,12,11,7,1843
23.5,12,11,8,1848
23.5,12,11,9,1854
23.5,12,11,10,1860
23.5,12,11,11,1865
23.5,12,11,12,1871
23.5,12,11,13,1877
23.5,12,11,14,1882
23.5,12,11,15,1888
23.5,12,12,0,1808
23.5,12,12,1,1814
23.5,12,12,2,1820
23.5,12,12,3,1825
23.5,12,12,4,1831
23.5,12,12,5,1837
23.5,12,12,6,1843
23.5,12,12,7,1848
23.5,12,12,8,1854
23.5,12,12,9,1860
23.5,12,12,10,1865
23.5,12,12,11,1871
23.5,12,12,12,1877
23.5,12,12,13,1882
23.5,12,12,14,1888
23.5,12,12,15,1894
23.5,12,13,0,1814
23.5,12,13,1,1819
23.5,12,13,2,1825
23.5,12,13,3,1831
23.5,12,13,4,1837
23.5,12,13,5,1843
23.5,12,13,6,1848
23.5,12,13,7,1854
23.5,12,13,8,1860
23.5,12,13,9,1866
23.5,12,13,10,1871
23.5,12,13,11,1877
23.5,12,13,12,1883
23.5,12,13,13,1888
23.5,12,13,14,1894
23.5,12,13,15,1899
23.5,12,14,0,1819
23.5,12,14,1,1825
23.5,12,14,2,1831
23.5,12,14,3,1837
23.5,12,14,4,1843
23.5,12,14,5,1848
23.5,12,14,6,1854
23.5,12,14,7,1860
23.5,12,14,8,1866
23.5,12,14,9,1871
23.5,12,14,10,1877
23.5,12,14,11,1883
23.5,12,14,12,1888
23.5,12,14,13,1894
23.5,12,14,14,1900
23.5,12,14,15,1905
23.5,12,15,0,1825
23.5,12,15,1,1831
23.5,12,15,2,1837
23.5,12,15,3,1842
23.5,12,15,4,1848
23.5,12,15,5,1854
23.5,12,15,6,1860
23.5,12,15,7,1866
23.5,12,15,8,1871
23.5,12,15,9,1877
23.5,12,15,10,1883
23.5,12,15,11,1888
23.5,12,15,12,1894
23.5,12,15,13,1900
23.5,12,15,14,1905
23.5,12,15,15,1911
23.5,13,0,0,1746
23.5,13,0,1,1751
23.5,13,0,2,1757
23.5,13,0,3,1763
23.5,13,0,4,1768
23.5,13,0,5,1774
23.5,13,0,6,1779
23.5,13,0,7,1785
23.5,13,0,8,1790
23.5,13,0,9,1796
23.5,13,0,10,1801
23.5,13,0,11,1807
23.5,13,0,12,1812
23.5,13,0,13,1817
23.5,13,0,14,1823
23.5,13,0,15,1828
23.5,13,1,0,1752
23.5,13,1,1,1757
23.5,13,1,2,1763
23.5,13,1,3,1768
23.5,13,1,4,1774
23.5,13,1,5,1780
23.5,13,1,6,1785
23.5,13,1,7,1791
23.5,13,1,8,1796
23.5,13,1,9,1802
23.5,13,1,10,1807
23.5,13,1,11,1813
23.5,13,1,12,1818
23.5,13,1,13,1824
23.5,13,1,14,1829
23.5,13,1,15,1834
23.5,13,2,0,1757
23.5,13,2,1,1763
23.5,13,2,2,1769
23.5,13,2,3,1774
23.5,13,2,4,1780
23.5,13,2,5,1786
23.5,13,2,6,1791
23.5,13,2,7,1797
23.5,13,2,8,1802
23.5,13,2,9,1808
23.5,13,2,10,1813
23.5,13,2,11,1819
23.5,13,2,12,1824
23.5,13,2,13,1830
23.5,13,2,14,1835
23.5,13,2,15,1840
23.5,13,3,0,1763
23.5,13,3,1,1769
23.5,13,3,2,1775
23.5,13,3,3,1780
23.5,13,3,4,1786
23.5,13,3,5,1791
23.5,13,3,6,1797
23.5,13,3,7,1803
23.5,13,3,8,1808
23.5,13,3,9,1814
23.5,13,3,10,1819
23.5,13,3,11,1825
23.5,13,3,12,1830
23.5,13,3,13,1836
23.5,13,3,14,1841
23.5,13,3,15,1847
23.5,13,4,0,1769
23.5,13,4,1,1775
23.5,13,4,2,1780
23.5,13,4,3,1786
23.5,13,4,4,1792
23.5,13,4,5,1797
23.5,13,4,6,1803
23.5,13,4,7,1809
23.5,13,4,8,1814
23.5,13,4,9,1820
23.5,13,4,10,1825
23.5,13,4,11,1831
23.5,13,4,12,1836
23.5,13,4,13,1842
23.5,13,4,14,1847
23.5,13,4,15,1853
23.5,13,5,0,1775
23.5,13,5,1,1780
23.5,13,5,2,1786
23.5,13,5,3,1792
23.5,13,5,4,1798
23.5,13,5,5,1803
23.5,13,5,6,1809
23.5,13,5,7,1814
23.5,13,5,8,1820
23.5,13,5,9,1826
23.5,13,5,10,1831
23.5,13,5,11,1837
23.5,13,5,12,1842
23.5,13,5,13,1848
23.5,13,5,14,1853
23.5,13,5,15,1859
23.5,13,6,0,1781
23.5,13,6,1,1786
23.5,13,6,2,1792
23.5,13,6,3,1798
23.5,13,6,4,1803
23.5,13,6,5,1809
23.5,13,6,6,1815
23.5,13,6,7,1820
23.5,13,6,8,1826
23.5,13,6,9,1832
23.5,13,6,10,1837
23.5,13,6,11,1843
23.5,13,6,12,1848
23.5,13,6,13,1854
23.5,13,6,14,1859
23.5,13,6,15,1865
23.5,13,7,0,1786
23.5,13,7,1,1792
23.5,13,7,2,1798
23.5,13,7,3,1803
23.5,13,7,4,1809
23.5,13,7,5,1815
23.5,13,7,6,1821
23.5,13,7,7,1826
23.5,13,7,8,1832
23.5,13,7,9,1837
23.5,13,7,10,1843
23.5,13,7,11,1849
23.5,13,7,12,1854
23.5,13,7,13,1860
23.5,13,7,14,1865
23.5,13,7,15,1871
23.5,13,8,0,1792
23.5,13,8,1,1798
23.5,13,8,2,1804
23.5,13,8,3,1809
23.5,13,8,4,1815
23.5,13,8,5,1821
23.5,13,8,6,1826
23.5,13,8,7,1832
23.5,13,8,8,1838
23.5,13,8,9,1843
23.5,13,8,10,1849
23.5,13,8,11,1854
23.5,13,8,12,1860
23.5,13,8,13,1866
23.5,13,8,14,1871
23.5,13,8,15,1877
23.5,13,9,0,1798
23.5,13,9,1,1803
23.5,13,9,2,1809
23.5,13,9,3,1815
23.5,13,9,4,1821
23.5,13,9,5,1826
23.5,13,9,6,1832
23.5,13,9,7,1838
23.5,13,9,8,1844
23.5,13,9,9,1849
23.5,13,9,10,1855
23.5,13,9,11,1860
23.5,13,9,12,1866
23.5,13,9,13,1872
23.5,13,9,14,1877
23.5,13,9,15,1883
23.5,13,10,0,1803
23.5,13,10,1,1809
23.5,13,10,2,1815
23.5,13,10,3,1821
23.5,13,10,4,1826
23.5,13,10,5,1832
23.5,13,10,6,1838
23.5,13,10,7,1844
23.5,13,10,8,1849
23.5,13,10,9,1855
23.5,13,10,10,1861
23.5,13,10,11,1866
23.5,13,10,12,1872
23.5,13,10,13,1877
23.5,13,10,14,1883
23.5,13,10,15,1889
23.5,13,11,0,1809
23.5,13,11,1,1815
23.5,13,11,2,1821
23.5,13,11,3,1826
23.5,13,11,4,1832
23.5,13,11,5,1838
23.5,13,11,6,1844
23.5,13,11,7,1849
23.5,13,11,8,1855
23.5,13,11,9,1861
23.5,13,11,10,1866
23.5,13,11,11,1872
23.5,13,11,12,1878
23.5,13,11,13,1883
23.5,13,11,14,1889
23.5,13,11,15,1895
23.5,13,12,0,1815
23.5,13,12,1,1821
23.5,13,12,2,1826
23.5,13,12,3,1832
23.5,13,12,4,1838
23.5,13,12,5,1844
23.5,13,12,6,1849
23.5,13,12,7,1855
23.5,13,12,8,1861
23.5,13,12,9,1867
23.5,13,12,10,1872
23.5,13,12,11,1878
23.5,13,12,12,1884
23.5,13,12,13,1889
23.5,13,12,14,1895
23.5,13,12,15,1900
23.5,13,13,0,1820
23.5,13,13,1,1826
23.5,13,13,2,1832
23.5,13,13,3,1838
23.5,13,13,4,1844
23.5,13,13,5,1849
23.5,13,13,6,1855
23.5,13,13,7,1861
23.5,13,13,8,1867
23.5,13,13,9,1872
23.5,13,13,10,1878
23.5,13,13,11,1884
23.5,13,13,12,1889
23.5,13,13,13,1895
23.5,13,13,14,1901
23.5,13,13,15,1906
23.5,13,14,0,1826
23.5,13,14,1,1832
23.5,13,14,2,1838
23.5,13,14,3,1844
23.5,13,14,4,1849
23.5,13,14,5,1855
23.5,13,14,6,1861
23.5,13,14,7,1867
23.5,13,14,8,1872
23.5,13,14,9,1878
23.5,13,14,10,1884
23.5,13,14,11,1890
23.5,13,14,12,1895
23.5,13,14,13,1901
23.5,13,14,14,1907
23.5,13,14,15,1912
23.5,13,15,0,1832
23.5,13,15,1,1837
23.5,13,15,2,1843
23.5,13,15,3,1849
23.5,13,15,4,1855
23.5,13,15,5,1861
23.5,13,15,6,1867
23.5,13,15,7,1872
23.5,13,15,8,1878
23.5,13,15,9,1884
23.5,13,15,10,1890
23.5,13,15,11,1895
23.5,13,15,12,1901
23.5,13,15,13,1907
23.5,13,15,14,1912
23.5,13,15,15,1918
23.5,14,0,0,1752
23.5,14,0,1,1758
23.5,14,0,2,1763
23.5,14,0,3,1769
23.5,14,0,4,1775
23.5,14,0,5,1780
23.5,14,0,6,1786
23.5,14,0,7,1791
23.5,14,0,8,1797
23.5,14,0,9,1802
23.5,14,0,10,1808
23.5,14,0,11,1813
23.5,14,0,12,1819
23.5,14,0,13,1824
23.5,14,0,14,1830
23.5,14,0,15,1835
23.5,14,1,0,1758
23.5,14,1,1,1764
23.5,14,1,2,1769
23.5,14,1,3,1775
23.5,14,1,4,1781
23.5,14,1,5,1786
23.5,14,1,6,1792
23.5,14,1,7,1797
23.5,14,1,8,1803
23.5,14,1,9,1808
23.5,14,1,10,1814
23.5,14,1,11,1819
23.5,14,1,12,1825
23.5,14,1,13,1830
23.5,14,1,14,1836
23.5,14,1,15,1841
23.5,14,2,0,1764
23.5,14,2,1,1769
23.5,14,2,2,1775
23.5,14,2,3,1781
23.5,14,2,4,1786
23.5,14,2,5,1792
23.5,14,2,6,1798
23.5,14,2,7,1803
23.5,14,2,8,1809
23.5,14,2,9,1814
23.5,14,2,10,1820
23.5,14,2,11,1825
23.5,14,2,12,1831
23.5,14,2,13,1836
23.5,14,2,14,1842
23.5,14,2,15,1847
23.5,14,3,0,1770
23.5,14,3,1,1775
23.5,14,3,2,1781
23.5,14,3,3,1787
23.5,14,3,4,1792
23.5,14,3,5,1798
23.5,14,3,6,1804
23.5,14,3,7,1809
23.5,14,3,8,1815
23.5,14,3,9,1820
23.5,14,3,10,1826
23.5,14,3,11,1831
23.5,14,3,12,1837
23.5,14,3,13,1842
23.5,14,3,14,1848
23.5,14,3,15,1853
23.5,14,4,0,1775
23.5,14,4,1,1781
23.5,14,4,2,1787
23.5,14,4,3,1793
23.5,14,4,4,1798
23.5,14,4,5,1804
23.5,14,4,6,1810
23.5,14,4,7,1815
23.5,14,4,8,1821
23.5,14,4,9,1826
23.5,14,4,10,1832
23.5,14,4,11,1837
23.5,14,4,12,1843
23.5,14,4,13,1848
23.5,14,4,14,1854
23.5,14,4,15,1859
23.5,14,5,0,1781
23.5,14,5,1,1787
23.5,14,5,2,1793
23.5,14,5,3,1798
23.5,14,5,4,1804
23.5,14,5,5,1810
23.5,14,5,6,1815
23.5,14,5,7,1821
23.5,14,5,8,1827
23.5,14,5,9,1832
23.5,14,5,10,1838
23.5,14,5,11,1843
23.5,14,5,12,1849
23.5,14,5,13,1854
23.5,14,5,14,1860
23.5,14,5,15,1865
23.5,14,6,0,1787
23.5,14,6,1,1793
23.5,14,6,2,1799
23.5,14,6,3,1804
23.5,14,6,4,1810
23.5,14,6,5,1816
23.5,14,6,6,1821
23.5,14,6,7,1827
23.5,14,6,8,1833
23.5,14,6,9,1838
23.5,14,6,10,1844
23.5,14,6,11,1849
23.5,14,6,12,1855
23.5,14,6,13,1860
23.5,14,6,14,1866
23.5,14,6,15,1872
23.5,14,7,0,1793
23.5,14,7,1,1799
23.5,14,7,2,1804
23.5,14,7,3,1810
23.5,14,7,4,1816
23.5,14,7,5,1821
23.5,14,7,6,1827
23.5,14,7,7,1833
23.5,14,7,8,1838
23.5,14,7,9,1844
23.5,14,7,10,1850
23.5,14,7,11,1855
23.5,14,7,12,1861
23.5,14,7,13,1866
23.5,14,7,14,1872
23.5,14,7,15,1878
23.5,14,8,0,1799
23.5,14,8,1,1804
23.5,14,8,2,1810
23.5,14,8,3,1816
23.5,14,8,4,1822
23.5,14,8,5,1827
23.5,14,8,6,1833
23.5,14,8,7,1839
23.5,14,8,8,1844
23.5,14,8,9,1850
23.5,14,8,10,1856
23.5,14,8,11,1861
23.5,14,8,12,1867
23.5,14,8,13,1872
23.5,14,8,14,1878
23.5,14,8,15,1884
23.5,14,9,0,1804
23.5,14,9,1,1810
23.5,14,9,2,1816
23.5,14,9,3,1822
23.5,14,9,4,1827
23.5,14,9,5,1833
23.5,14,9,6,1839
23.5,14,9,7,1845
23.5,14,9,8,1850
23.5,14,9,9,1856
23.5,14,9,10,1862
23.5,14,9,11,1867
23.5,14,9,12,1873
23.5,14,9,13,1878
23.5,14,9,14,1884
23.5,14,9,15,1890
23.5,14,10,0,1810
23.5,14,10,1,1816
23.5,14,10,2,1822
23.5,14,10,3,1827
23.5,14,10,4,1833
23.5,14,10,5,1839
23.5,14,10,6,1845
23.5,14,10,7,1850
23.5,14,10,8,1856
23.5,14,10,9,1862
23.5,14,10,10,1867
23.5,14,10,11,1873
23.5,14,10,12,1879
23.5,14,10,13,1884
23.5,14,10,14,1890
23.5,14,10,15,1896
23.5,14,11,0,1816
23.5,14,11,1,1821
23.5,14,11,2,1827
23.5,14,11,3,1833
23.5,14,11,4,1839
23.5,14,11,5,1845
23.5,14,11,6,1850
23.5,14,11,7,1856
23.5,14,11,8,1862
23.5,14,11,9,1868
23.5,14,11,10,1873
23.5,14,11,11,1879
23.5,14,11,12,1885
23.5,14,11,13,1890
23.5,14,11,14,1896
23.5,14,11,15,1901
23.5,14,12,0,1821
23.5,14,12,1,1827
23.5,14,12,2,1833
23.5,14,12,3,1839
23.5,14,12,4,1845
23.5,14,12,5,1850
23.5,14,12,6,1856
23.5,14,12,7,1862
23.5,14,12,8,1868
23.5,14,12,9,1873
23.5,14,12,10,1879
23.5,14,12,11,1885
23.5,14,12,12,1891
23.5,14,12,13,1896
23.5,14,12,14,1902
23.5,14,12,15,1907
23.5,14,13,0,1827
23.5,14,13,1,1833
23.5,14,13,2,1839
23.5,14,13,3,1845
23.5,14,13,4,1850
23.5,14,13,5,1856
23.5,14,13,6,1862
23.5,14,13,7,1868
23.5,14,13,8,1874
23.5,14,13,9,1879
23.5,14,13,10,1885
23.5,14,13,11,1891
23.5,14,13,12,1896
23.5,14,13,13,1902
23.5,14,13,14,1908
23.5,14,13,15,1913
23.5,14,14,0,1833
23.5,14,14,1,1838
23.5,14,14,2,1844
23.5,14,14,3,1850
23.5,14,14,4,1856
23.5,14,14,5,1862
23.5,14,14,6,1868
23.5,14,14,7,1874
23.5,14,14,8,1879
23.5,14,14,9,1885
23.5,14,14,10,1891
23.5,14,14,11,1897
23.5,14,14,12,1902
23.5,14,14,13,1908
23.5,14,14,14,1914
23.5,14,14,15,1919
23.5,14,15,0,1838
23.5,14,15,1,1844
23.5,14,15,2,1850
23.5,14,15,3,1856
23.5,14,15,4,1862
23.5,14,15,5,1868
23.5,14,15,6,1873
23.5,14,15,7,1879
23.5,14,15,8,1885
23.5,14,15,9,1891
23.5,14,15,10,1897
23.5,14,15,11,1902
23.5,14,15,12,1908
23.5,14,15,13,1914
23.5,14,15,14,1919
23.5,14,15,15,1925
23.5,15,0,0,1758
23.5,15,0,1,1764
23.5,15,0,2,1770
23.5,15,0,3,1775
23.5,15,0,4,1781
23.5,15,0,5,1787
23.5,15,0,6,1792
23.5,15,0,7,1798
23.5,15,0,8,1803
23.5,15,0,9,1809
23.5,15,0,10,1814
23.5,15,0,11,1820
23.5,15,0,12,1825
23.5,15,0,13,1831
23.5,15,0,14,1836
23.5,15,0,15,1842
23.5,15,1,0,1764
23.5,15,1,1,1770
23.5,15,1,2,1776
23.5,15,1,3,1781
23.5,15,1,4,1787
23.5,15,1,5,1793
23.5,15,1,6,1798
23.5,15,1,7,1804
23.5,15,1,8,1809
23.5,15,1,9,1815
23.5,15,1,10,1820
23.5,15,1,11,1826
23.5,15,1,12,1831
23.5,15,1,13,1837
23.5,15,1,14,1842
23.5,15,1,15,1848
23.5,15,2,0,1770
23.5,15,2,1,1776
23.5,15,2,2,1782
23.5,15,2,3,1787
23.5,15,2,4,1793
23.5,15,2,5,1799
23.5,15,2,6,1804
23.5,15,2,7,1810
23.5,15,2,8,1815
23.5,15,2,9,1821
23.5,15,2,10,1826
23.5,15,2,11,1832
23.5,15,2,12,1837
23.5,15,2,13,1843
23.5,15,2,14,1848
23.5,15,2,15,1854
23.5,15,3,0,1776
23.5,15,3,1,1782
23.5,15,3,2,1788
23.5,15,3,3,1793
23.5,15,3,4,1799
23.5,15,3,5,1805
23.5,15,3,6,1810
23.5,15,3,7,1816
23.5,15,3,8,1821
23.5,15,3,9,1827
23.5,15,3,10,1832
23.5,15,3,11,1838
23.5,15,3,12,1844
23.5,15,3,13,1849
23.5,15,3,14,1855
23.5,15,3,15,1860
23.5,15,4,0,1782
23.5,15,4,1,1788
23.5,15,4,2,1793
23.5,15,4,3,1799
23.5,15,4,4,1805
23.5,15,4,5,1810
23.5,15,4,6,1816
23.5,15,4,7,1822
23.5,15,4,8,1827
23.5,15,4,9,1833
23.5,15,4,10,1839
23.5,15,4,11,1844
23.5,15,4,12,1850
23.5,15,4,13,1855
23.5,15,4,14,1861
23.5,15,4,15,1866
23.5,15,5,0,1788
23.5,15,5,1,1793
23.5,15,5,2,1799
23.5,15,5,3,1805
23.5,15,5,4,1811
23.5,15,5,5,1816
23.5,15,5,6,1822
23.5,15,5,7,1828
23.5,15,5,8,1833
23.5,15,5,9,1839
23.5,15,5,10,1845
23.5,15,5,11,1850
23.5,15,5,12,1856
23.5,15,5,13,1861
23.5,15,5,14,1867
23.5,15,5,15,1872
23.5,15,6,0,1794
23.5,15,6,1,1799
23.5,15,6,2,1805
23.5,15,6,3,1811
23.5,15,6,4,1817
23.5,15,6,5,1822
23.5,15,6,6,1828
23.5,15,6,7,1834
23.5,15,6,8,1839
23.5,15,6,9,1845
23.5,15,6,10,1850
23.5,15,6,11,1856
23.5,15,6,12,1862
23.5,15,6,13,1867
23.5,15,6,14,1873
23.5,15,6,15,1878
23.5,15,7,0,1799
23.5,15,7,1,1805
23.5,15,7,2,1811
23.5,15,7,3,1817
23.5,15,7,4,1822
23.5,15,7,5,1828
23.5,15,7,6,1834
23.5,15,7,7,1839
23.5,15,7,8,1845
23.5,15,7,9,1851
23.5,15,7,10,1856
23.5,15,7,11,1862
23.5,15,7,12,1868
23.5,15,7,13,1873
23.5,15,7,14,1879
23.5,15,7,15,1884
23.5,15,8,0,1805
23.5,15,8,1,1811
23.5,15,8,2,1817
23.5,15,8,3,1822
23.5,15,8,4,1828
23.5,15,8,5,1834
23.5,15,8,6,1840
23.5,15,8,7,1845
23.5,15,8,8,1851
23.5,15,8,9,1857
23.5,15,8,10,1862
23.5,15,8,11,1868
23.5,15,8,12,1874
23.5,15,8,13,1879
23.5,15,8,14,1885
23.5,15,8,15,1890
23.5,15,9,0,1811
23.5,15,9,1,1817
23.5,15,9,2,1822
23.5,15,9,3,1828
23.5,15,9,4,1834
23.5,15,9,5,1840
23.5,15,9,6,1846
23.5,15,9,7,1851
23.5,15,9,8,1857
23.5,15,9,9,1863
23.5,15,9,10,1868
23.5,15,9,11,1874
23.5,15,9,12,1880
23.5,15,9,13,1885
23.5,15,9,14,1891
23.5,15,9,15,1896
23.5,15,10,0,1817
23.5,15,10,1,1822
23.5,15,10,2,1828
23.5,15,10,3,1834
23.5,15,10,4,1840
23.5,15,10,5,1846
23.5,15,10,6,1851
23.5,15,10,7,1857
23.5,15,10,8,1863
23.5,15,10,9,1869
23.5,15,10,10,1874
23.5,15,10,11,1880
23.5,15,10,12,1886
23.5,15,10,13,1891
23.5,15,10,14,1897
23.5,15,10,15,1902
23.5,15,11,0,1822
23.5,15,11,1,1828
23.5,15,11,2,1834
23.5,15,11,3,1840
23.5,15,11,4,1846
23.5,15,11,5,1851
23.5,15,11,6,1857
23.5,15,11,7,1863
23.5,15,11,8,1869
23.5,15,11,9,1874
23.5,15,11,10,1880
23.5,15,11,11,1886
23.5,15,11,12,1891
23.5,15,11,13,1897
23.5,15,11,14,1903
23.5,15,11,15,1908
23.5,15,12,0,1828
23.5,15,12,1,1834
23.5,15,12,2,1840
23.5,15,12,3,1846
23.5,15,12,4,1851
23.5,15,12,5,1857
23.5,15,12,6,1863
23.5,15,12,7,1869
23.5,15,12,8,1875
23.5,15,12,9,1880
23.5,15,12,10,1886
23.5,15,12,11,1892
23.5,15,12,12,1897
23.5,15,12,13,1903
23.5,15,12,14,1909
23.5,15,12,15,1914
23.5,15,13,0,1834
23.5,15,13,1,1839
23.5,15,13,2,1845
23.5,15,13,3,1851
23.5,15,13,4,1857
23.5,15,13,5,1863
23.5,15,13,6,1869
23.5,15,13,7,1875
23.5,15,13,8,1880
23.5,15,13,9,1886
23.5,15,13,10,1892
23.5,15,13,11,1898
23.5,15,13,12,1903
23.5,15,13,13,1909
23.5,15,13,14,1915
23.5,15,13,15,1920
23.5,15,14,0,1839
23.5,15,14,1,1845
23.5,15,14,2,1851
23.5,15,14,3,1857
23.5,15,14,4,1863
23.5,15,14,5,1869
23.5,15,14,6,1875
23.5,15,14,7,1880
23.5,15,14,8,1886
23.5,15,14,9,1892
23.5,15,14,10,1898
23.5,15,14,11,1903
23.5,15,14,12,1909
23.5,15,14,13,1915
23.5,15,14,14,1921
23.5,15,14,15,1926
23.5,15,15,0,1845
23.5,15,15,1,1851
23.5,15,15,2,1857
23.5,15,15,3,1863
23.5,15,15,4,1869
23.5,15,15,5,1874
23.5,15,15,6,1880
23.5,15,15,7,1886
23.5,15,15,8,1892
23.5,15,15,9,1898
23.5,15,15,10,1903
23.5,15,15,11,1909
23.5,15,15,12,1915
23.5,15,15,13,1921
23.5,15,15,14,1926
23.5,15,15,15,1932
24.0,0,0,0,1698
24.0,0,0,1,1704
24.0,0,0,2,1709
24.0,0,0,3,1715
24.0,0,0,4,1720
24.0,0,0,5,1725
24.0,0,0,6,1731
24.0,0,0,7,1736
24.0,0,0,8,1742
24.0,0,0,9,1747
24.0,0,0,10,1752
24.0,0,0,11,1758
24.0,0,0,12,1763
24.0,0,0,13,1768
24.0,0,0,14,1773
24.0,0,0,15,1779
24.0,0,1,0,1704
24.0,0,1,1,1709
24.0,0,1,2,1715
24.0,0,1,3,1720
24.0,0,1,4,1726
24.0,0,1,5,1731
24.0,0,1,6,1737
24.0,0,1,7,1742
24.0,0,1,8,1747
24.0,0,1,9,1753
24.0,0,1,10,1758
24.0,0,1,11,1763
24.0,0,1,12,1769
24.0,0,1,13,1774
24.0,0,1,14,1779
24.0,0,1,15,1785
24.0,0,2,0,1710
24.0,0,2,1,1715
24.0,0,2,2,1721
24.0,0,2,3,1726
24.0,0,2,4,1732
24.0,0,2,5,1737
24.0,0,2,6,1742
24.0,0,2,7,1748
24.0,0,2,8,1753
24.0,0,2,9,1759
24.0,0,2,10,1764
24.0,0,2,11,1769
24.0,0,2,12,1775
24.0,0,2,13,1780
24.0,0,2,14,1785
24.0,0,2,15,1790
24.0,0,3,0,1715
24.0,0,3,1,1721
24.0,0,3,2,1726
24.0,0,3,3,1732
24.0,0,3,4,1737
24.0,0,3,5,1743
24.0,0,3,6,1748
24.0,0,3,7,1754
24.0,0,3,8,1759
24.0,0,3,9,1764
24.0,0,3,10,1770
24.0,0,3,11,1775
24.0,0,3,12,1780
24.0,0,3,13,1786
24.0,0,3,14,1791
24.0,0,3,15,1796
24.0,0,4,0,1721
24.0,0,4,1,1726
24.0,0,4,2,1732
24.0,0,4,3,1737
24.0,0,4,4,1743
24.0,0,4,5,1748
24.0,0,4,6,1754
24.0,0,4,7,1759
24.0,0,4,8,1765
24.0,0,4,9,1770
24.0,0,4,10,1776
24.0,0,4,11,1781
24.0,0,4,12,1786
24.0,0,4,13,1792
24.0,0,4,14,1797
24.0,0,4,15,1802
24.0,0,5,0,1727
24.0,0,5,1,1732
24.0,0,5,2,1738
24.0,0,5,3,1743
24.0,0,5,4,1749
24.0,0,5,5,1754
24.0,0,5,6,1760
24.0,0,5,7,1765
24.0,0,5,8,1771
24.0,0,5,9,1776
24.0,0,5,10,1781
24.0,0,5,11,1787
24.0,0,5,12,1792
24.0,0,5,13,1797
24.0,0,5,14,1803
24.0,0,5,15,1808
24.0,0,6,0,1732
24.0,0,6,1,1738
24.0,0,6,2,1743
24.0,0,6,3,1749
24.0,0,6,4,1754
24.0,0,6,5,1760
24.0,0,6,6,1765
24.0,0,6,7,1771
24.0,0,6,8,1776
24.0,0,6,9,1782
24.0,0,6,10,1787
24.0,0,6,11,1793
24.0,0,6,12,1798
24.0,0,6,13,1803
24.0,0,6,14,1809
24.0,0,6,15,1814
24.0,0,7,0,1738
24.0,0,7,1,1743
24.0,0,7,2,1749
24.0,0,7,3,1754
24.0,0,7,4,1760
24.0,0,7,5,1766
24.0,0,7,6,1771
24.0,0,7,7,1777
24.0,0,7,8,1782
24.0,0,7,9,1787
24.0,0,7,10,1793
24.0,0,7,11,1798
24.0,0,7,12,1804
24.0,0,7,13,1809
24.0,0,7,14,1815
24.0,0,7,15,1820
24.0,0,8,0,1743
24.0,0,8,1,1749
24.0,0,8,2,1754
24.0,0,8,3,1760
24.0,0,8,4,1766
24.0,0,8,5,1771
24.0,0,8,6,1777
24.0,0,8,7,1782
24.0,0,8,8,1788
24.0,0,8,9,1793
24.0,0,8,10,1799
24.0,0,8,11,1804
24.0,0,8,12,1810
24.0,0,8,13,1815
24.0,0,8,14,1820
24.0,0,8,15,1826
24.0,0,9,0,1749
24.0,0,9,1,1754
24.0,0,9,2,1760
24.0,0,9,3,1766
24.0,0,9,4,1771
24.0,0,9,5,1777
24.0,0,9,6,1782
24.0,0,9,7,1788
24.0,0,9,8,1793
24.0,0,9,9,1799
24.0,0,9,10,1804
24.0,0,9,11,1810
24.0,0,9,12,1815
24.0,0,9,13,1821
24.0,0,9,14,1826
24.0,0,9,15,1832
24.0,0,10,0,1754
24.0,0,10,1,1760
24.0,0,10,2,1766
24.0,0,10,3,1771
24.0,0,10,4,1777
24.0,0,10,5,1782
24.0,0,10,6,1788
24.0,0,10,7,1794
24.0,0,10,8,1799
24.0,0,10,9,1805
24.0,0,10,10,1810
24.0,0,10,11,1816
24.0,0,10,12,1821
24.0,0,10,13,1826
24.0,0,10,14,1832
24.0,0,10,15,1837
24.0,0,11,0,1760
24.0,0,11,1,1766
24.0,0,11,2,1771
24.0,0,11,3,1777
24.0,0,11,4,1782
24.0,0,11,5,1788
24.0,0,11,6,1794
24.0,0,11,7,1799
24.0,0,11,8,1805
24.0,0,11,9,1810
24.0,0,11,10,1816
24.0,0,11,11,1821
24.0,0,11,12,1827
24.0,0,11,13,1832
24.0,0,11,14,1838
24.0,0,11,15,1843
24.0,0,12,0,1765
24.0,0,12,1,1771
24.0,0,12,2,1777
24.0,0,12,3,1782
24.0,0,12,4,1788
24.0,0,12,5,1794
24.0,0,12,6,1799
24.0,0,12,7,1805
24.0,0,12,8,1810
24.0,0,12,9,1816
24.0,0,12,10,1821
24.0,0,12,11,1827
24.0,0,12,12,1832
24.0,0,12,13,1838
24.0,0,12,14,1843
24.0,0,12,15,1849
24.0,0,13,0,1771
24.0,0,13,1,1777
24.0,0,13,2,1782
24.0,0,13,3,1788
24.0,0,13,4,1794
24.0,0,13,5,1799
24.0,0,13,6,1805
24.0,0,13,7,1810
24.0,0,13,8,1816
24.0,0,13,9,1822
24.0,0,13,10,1827
24.0,0,13,11,1833
24.0,0,13,12,1838
24.0,0,13,13,1844
24.0,0,13,14,1849
24.0,0,13,15,1855
24.0,0,14,0,1776
24.0,0,14,1,1782
24.0,0,14,2,1788
24.0,0,14,3,1793
24.0,0,14,4,1799
24.0,0,14,5,1805
24.0,0,14,6,1810
24.0,0,14,7,1816
24.0,0,14,8,1822
24.0,0,14,9,1827
24.0,0,14,10,1833
24.0,0,14,11,1838
24.0,0,14,12,1844
24.0,0,14,13,1849
24.0,0,14,14,1855
24.0,0,14,15,1860
24.0,0,15,0,1782
24.0,0,15,1,1787
24.0,0,15,2,1793
24.0,0,15,3,1799
24.0,0,15,4,1805
24.0,0,15,5,1810
24.0,0,15,6,1816
24.0,0,15,7,1822
24.0,0,15,8,1827
24.0,0,15,9,1833
24.0,0,15,10,1838
24.0,0,15,11,1844
24.0,0,15,12,1849
24.0,0,15,13,1855
24.0,0,15,14,1860
24.0,0,15,15,1866
24.0,1,0,0,1705
24.0,1,0,1,1710
24.0,1,0,2,1716
24.0,1,0,3,1721
24.0,1,0,4,1727
24.0,1,0,5,1732
24.0,1,0,6,1737
24.0,1,0,7,1743
24.0,1,0,8,1748
24.0,1,0,9,1754
24.0,1,0,10,1759
24.0,1,0,11,1764
24.0,1,0,12,1770
24.0,1,0,13,1775
24.0,1,0,14,1780
24.0,1,0,15,1785
24.0,1,1,0,1710
24.0,1,1,1,1716
24.0,1,1,2,1721
24.0,1,1,3,1727
24.0,1,1,4,1732
24.0,1,1,5,1738
24.0,1,1,6,1743
24.0,1,1,7,1749
24.0,1,1,8,1754
24.0,1,1,9,1759
24.0,1,1,10,1765
24.0,1,1,11,1770
24.0,1,1,12,1775
24.0,1,1,13,1781
24.0,1,1,14,1786
24.0,1,1,15,1791
24.0,1,2,0,1716
24.0,1,2,1,1722
24.0,1,2,2,1727
24.0,1,2,3,1733
24.0,1,2,4,1738
24.0,1,2,5,1744
24.0,1,2,6,1749
24.0,1,2,7,1755
24.0,1,2,8,1760
24.0,1,2,9,1765
24.0,1,2,10,1771
24.0,1,2,11,1776
24.0,1,2,12,1781
24.0,1,2,13,1787
24.0,1,2,14,1792
24.0,1,2,15,1797
24.0,1,3,0,1722
24.0,1,3,1,1727
24.0,1,3,2,1733
24.0,1,3,3,1738
24.0,1,3,4,1744
24.0,1,3,5,1749
24.0,1,3,6,1755
24.0,1,3,7,1760
24.0,1,3,8,1766
24.0,1,3,9,1771
24.0,1,3,10,1777
24.0,1,3,11,1782
24.0,1,3,12,1787
24.0,1,3,13,1793
24.0,1,3,14,1798
24.0,1,3,15,1803
24.0,1,4,0,1728
24.0,1,4,1,1733
24.0,1,4,2,1739
24.0,1,4,3,1744
24.0,1,4,4,1750
24.0,1,4,5,1755
24.0,1,4,6,1761
24.0,1,4,7,1766
24.0,1,4,8,1772
24.0,1,4,9,1777
24.0,1,4,10,1782
24.0,1,4,11,1788
24.0,1,4,12,1793
24.0,1,4,13,1799
24.0,1,4,14,1804
24.0,1,4,15,1809
24.0,1,5,0,1733
24.0,1,5,1,1739
24.0,1,5,2,1744
24.0,1,5,3,1750
24.0,1,5,4,1755
24.0,1,5,5,1761
24.0,1,5,6,1766
24.0,1,5,7,1772
24.0,1,5,8,1777
24.0,1,5,9,1783
24.0,1,5,10,1788
24.0,1,5,11,1794
24.0,1,5,12,1799
24.0,1,5,13,1804
24.0,1,5,14,1810
24.0,1,5,15,1815
24.0,1,6,0,1739
24.0,1,6,1,1744
24.0,1,6,2,1750
24.0,1,6,3,1756
24.0,1,6,4,1761
24.0,1,6,5,1767
24.0,1,6,6,1772
24.0,1,6,7,1778
24.0,1,6,8,1783
24.0,1,6,9,1789
24.0,1,6,10,1794
24.0,1,6,11,1799
24.0,1,6,12,1805
24.0,1,6,13,1810
24.0,1,6,14,1816
24.0,1,6,15,1821
24.0,1,7,0,1744
24.0,1,7,1,1750
24.0,1,7,2,1756
24.0,1,7,3,1761
24.0,1,7,4,1767
24.0,1,7,5,1772
24.0,1,7,6,1778
24.0,1,7,7,1783
24.0,1,7,8,1789
24.0,1,7,9,1794
24.0,1,7,10,1800
24.0,1,7,11,1805
24.0,1,7,12,1811
24.0,1,7,13,1816
24.0,1,7,14,1821
24.0,1,7,15,1827
24.0,1,8,0,1750
24.0,1,8,1,1756
24.0,1,8,2,1761
24.0,1,8,3,1767
24.0,1,8,4,1772
24.0,1,8,5,1778
24.0,1,8,6,1784
24.0,1,8,7,1789
24.0,1,8,8,1795
24.0,1,8,9,1800
24.0,1,8,10,1806
24.0,1,8,11,1811
24.0,1,8,12,1816
24.0,1,8,13,1822
24.0,1,8,14,1827
24.0,1,8,15,1833
24.0,1,9,0,1756
24.0,1,9,1,1761
24.0,1,9,2,1767
24.0,1,9,3,1772
24.0,1,9,4,1778
24.0,1,9,5,1784
24.0,1,9,6,1789
24.0,1,9,7,1795
24.0,1,9,8,1800
24.0,1,9,9,1806
24.0,1,9,10,1811
24.0,1,9,11,1817
24.0,1,9,12,1822
24.0,1,9,13,1828
24.0,1,9,14,1833
24.0,1,9,15,1839
24.0,1,10,0,1761
24.0,1,10,1,1767
24.0,1,10,2,1772
24.0,1,10,3,1778
24.0,1,10,4,1784
24.0,1,10,5,1789
24.0,1,10,6,1795
24.0,1,10,7,1800
24.0,1,10,8,1806
24.0,1,10,9,1811
24.0,1,10,10,1817
24.0,1,10,11,1823
24.0,1,10,12,1828
24.0,1,10,13,1833
24.0,1,10,14,1839
24.0,1,10,15,1844
24.0,1,11,0,1767
24.0,1,11,1,1772
24.0,1,11,2,1778
24.0,1,11,3,1784
24.0,1,11,4,1789
24.0,1,11,5,1795
24.0,1,11,6,1800
24.0,1,11,7,1806
24.0,1,11,8,1812
24.0,1,11,9,1817
24.0,1,11,10,1823
24.0,1,11,11,1828
24.0,1,11,12,1834
24.0,1,11,13,1839
24.0,1,11,14,1845
24.0,1,11,15,1850
24.0,1,12,0,1772
24.0,1,12,1,1778
24.0,1,12,2,1784
24.0,1,12,3,1789
24.0,1,12,4,1795
24.0,1,12,5,1800
24.0,1,12,6,1806
24.0,1,12,7,1812
24.0,1,12,8,1817
24.0,1,12,9,1823
24.0,1,12,10,1828
24.0,1,12,11,1834
24.0,1,12,12,1839
24.0,1,12,13,1845
24.0,1,12,14,1850
24.0,1,12,15,1856
24.0,1,13,0,1778
24.0,1,13,1,1783
24.0,1,13,2,1789
24.0,1,13,3,1795
24.0,1,13,4,1800
24.0,1,13,5,1806
24.0,1,13,6,1812
24.0,1,13,7,1817
24.0,1,13,8,1823
24.0,1,13,9,1829
24.0,1,13,10,1834
24.0,1,13,11,1840
24.0,1,13,12,1845
24.0,1,13,13,1851
24.0,1,13,14,1856
24.0,1,13,15,1862
24.0,1,14,0,1783
24.0,1,14,1,1789
24.0,1,14,2,1795
24.0,1,14,3,1800
24.0,1,14,4,1806
24.0,1,14,5,1812
24.0,1,14,6,1817
24.0,1,14,7,1823
24.0,1,14,8,1829
24.0,1,14,9,1834
24.0,1,14,10,1840
24.0,1,14,11,1845
24.0,1,14,12,1851
24.0,1,14,13,1856
24.0,1,14,14,1862
24.0,1,14,15,1867
24.0,1,15,0,1789
24.0,1,15,1,1794
24.0,1,15,2,1800
24.0,1,15,3,1806
24.0,1,15,4,1811
24.0,1,15,5,1817
24.0,1,15,6,1823
24.0,1,15,7,1829
24.0,1,15,8,1834
24.0,1,15,9,1840
24.0,1,15,10,1845
24.0,1,15,11,1851
24.0,1,15,12,1857
24.0,1,15,13,1862
24.0,1,15,14,1868
24.0,1,15,15,1873
24.0,2,0,0,1711
24.0,2,0,1,1717
24.0,2,0,2,1722
24.0,2,0,3,1728
24.0,2,0,4,1733
24.0,2,0,5,1739
24.0,2,0,6,1744
24.0,2,0,7,1750
24.0,2,0,8,1755
24.0,2,0,9,1760
24.0,2,0,10,1766
24.0,2,0,11,1771
24.0,2,0,12,1776
24.0,2,0,13,1782
24.0,2,0,14,1787
24.0,2,0,15,1792
24.0,2,1,0,1717
24.0,2,1,1,1723
24.0,2,1,2,1728
24.0,2,1,3,1734
24.0,2,1,4,1739
24.0,2,1,5,1744
24.0,2,1,6,1750
24.0,2,1,7,1755
24.0,2,1,8,1761
24.0,2,1,9,1766
24.0,2,1,10,1772
24.0,2,1,11,1777
24.0,2,1,12,1782
24.0,2,1,13,1788
24.0,2,1,14,1793
24.0,2,1,15,1798
24.0,2,2,0,1723
24.0,2,2,1,1728
24.0,2,2,2,1734
24.0,2,2,3,1739
24.0,2,2,4,1745
24.0,2,2,5,1750
24.0,2,2,6,1756
24.0,2,2,7,1761
24.0,2,2,8,1767
24.0,2,2,9,1772
24.0,2,2,10,1777
24.0,2,2,11,1783
24.0,2,2,12,1788
24.0,2,2,13,1794
24.0,2,2,14,1799
24.0,2,2,15,1804
24.0,2,3,0,1728
24.0,2,3,1,1734
24.0,2,3,2,1740
24.0,2,3,3,1745
24.0,2,3,4,1751
24.0,2,3,5,1756
24.0,2,3,6,1762
24.0,2,3,7,1767
24.0,2,3,8,1772
24.0,2,3,9,1778
24.0,2,3,10,1783
24.0,2,3,11,1789
24.0,2,3,12,1794
24.0,2,3,13,1799
24.0,2,3,14,1805
24.0,2,3,15,1810
24.0,2,4,0,1734
24.0,2,4,1,1740
24.0,2,4,2,1745
24.0,2,4,3,1751
24.0,2,4,4,1756
24.0,2,4,5,1762
24.0,2,4,6,1767
24.0,2,4,7,1773
24.0,2,4,8,1778
24.0,2,4,9,1784
24.0,2,4,10,1789
24.0,2,4,11,1795
24.0,2,4,12,1800
24.0,2,4,13,1805
24.0,2,4,14,1811
24.0,2,4,15,1816
24.0,2,5,0,1740
24.0,2,5,1,1745
24.0,2,5,2,1751
24.0,2,5,3,1757
24.0,2,5,4,1762
24.0,2,5,5,1768
24.0,2,5,6,1773
24.0,2,5,7,1779
24.0,2,5,8,1784
24.0,2,5,9,1790
24.0,2,5,10,1795
24.0,2,5,11,1800
24.0,2,5,12,1806
24.0,2,5,13,1811
24.0,2,5,14,1817
24.0,2,5,15,1822
24.0,2,6,0,1745
24.0,2,6,1,1751
24.0,2,6,2,1757
24.0,2,6,3,1762
24.0,2,6,4,1768
24.0,2,6,5,1773
24.0,2,6,6,1779
24.0,2,6,7,1784
24.0,2,6,8,1790
24.0,2,6,9,1795
24.0,2,6,10,1801
24.0,2,6,11,1806
24.0,2,6,12,1812
24.0,2,6,13,1817
24.0,2,6,14,1823
24.0,2,6,15,1828
24.0,2,7,0,1751
24.0,2,7,1,1757
24.0,2,7,2,1762
24.0,2,7,3,1768
24.0,2,7,4,1773
24.0,2,7,5,1779
24.0,2,7,6,1785
24.0,2,7,7,1790
24.0,2,7,8,1796
24.0,2,7,9,1801
24.0,2,7,10,1807
24.0,2,7,11,1812
24.0,2,7,12,1818
24.0,2,7,13,1823
24.0,2,7,14,1828
24.0,2,7,15,1834
24.0,2,8,0,1757
24.0,2,8,1,1762
24.0,2,8,2,1768
24.0,2,8,3,1774
24.0,2,8,4,1779
24.0,2,8,5,1785
24.0,2,8,6,1790
24.0,2,8,7,1796
24.0,2,8,8,1801
24.0,2,8,9,1807
24.0,2,8,10,1812
24.0,2,8,11,1818
24.0,2,8,12,1823
24.0,2,8,13,1829
24.0,2,8,14,1834
24.0,2,8,15,1840
24.0,2,9,0,1762
24.0,2,9,1,1768
24.0,2,9,2,1774
24.0,2,9,3,1779
24.0,2,9,4,1785
24.0,2,9,5,1790
24.0,2,9,6,1796
24.0,2,9,7,1802
24.0,2,9,8,1807
24.0,2,9,9,1813
24.0,2,9,10,1818
24.0,2,9,11,1824
24.0,2,9,12,1829
24.0,2,9,13,1835
24.0,2,9,14,1840
24.0,2,9,15,1846
24.0,2,10,0,1768
24.0,2,10,1,1773
24.0,2,10,2,1779
24.0,2,10,3,1785
24.0,2,10,4,1790
24.0,2,10,5,1796
24.0,2,10,6,1802
24.0,2,10,7,1807
24.0,2,10,8,1813
24.0,2,10,9,1818
24.0,2,10,10,1824
24.0,2,10,11,1829
24.0,2,10,12,1835
24.0,2,10,13,1840
24.0,2,10,14,1846
24.0,2,10,15,1851
24.0,2,11,0,1773
24.0,2,11,1,1779
24.0,2,11,2,1785
24.0,2,11,3,1790
24.0,2,11,4,1796
24.0,2,11,5,1802
24.0,2,11,6,1807
24.0,2,11,7,1813
24.0,2,11,8,1819
24.0,2,11,9,1824
24.0,2,11,10,1830
24.0,2,11,11,1835
24.0,2,11,12,1841
24.0,2,11,13,1846
24.0,2,11,14,1852
24.0,2,11,15,1857
24.0,2,12,0,1779
24.0,2,12,1,1785
24.0,2,12,2,1790
24.0,2,12,3,1796
24.0,2,12,4,1802
24.0,2,12,5,1807
24.0,2,12,6,1813
24.0,2,12,7,1819
24.0,2,12,8,1824
24.0,2,12,9,1830
24.0,2,12,10,1835
24.0,2,12,11,1841
24.0,2,12,12,1846
24.0,2,12,13,1852
24.0,2,12,14,1858
24.0,2,12,15,1863
24.0,2,13,0,1784
24.0,2,13,1,1790
24.0,2,13,2,1796
24.0,2,13,3,1802
24.0,2,13,4,1807
24.0,2,13,5,1813
24.0,2,13,6,1819
24.0,2,13,7,1824
24.0,2,13,8,1830
24.0,2,13,9,1835
24.0,2,13,10,1841
24.0,2,13,11,1847
24.0,2,13,12,1852
24.0,2,13,13,1858
24.0,2,13,14,1863
24.0,2,13,15,1869
24.0,2,14,0,1790
24.0,2,14,1,1796
24.0,2,14,2,1801
24.0,2,14,3,1807
24.0,2,14,4,1813
24.0,2,14,5,1819
24.0,2,14,6,1824
24.0,2,14,7,1830
24.0,2,14,8,1836
24.0,2,14,9,1841
24.0,2,14,10,1847
24.0,2,14,11,1852
24.0,2,14,12,1858
24.0,2,14,13,1863
24.0,2,14,14,1869
24.0,2,14,15,1875
24.0,2,15,0,1795
24.0,2,15,1,1801
24.0,2,15,2,1807
24.0,2,15,3,1813
24.0,2,15,4,1818
24.0,2,15,5,1824
24.0,2,15,6,1830
24.0,2,15,7,1835
24.0,2,15,8,1841
24.0,2,15,9,1847
24.0,2,15,10,1852
24.0,2,15,11,1858
24.0,2,15,12,1864
24.0,2,15,13,1869
24.0,2,15,14,1875
24.0,2,15,15,1880
24.0,3,0,0,1718
24.0,3,0,1,1723
24.0,3,0,2,1729
24.0,3,0,3,1734
24.0,3,0,4,1740
24.0,3,0,5,1745
24.0,3,0,6,1751
24.0,3,0,7,1756
24.0,3,0,8,1762
24.0,3,0,9,1767
24.0,3,0,10,1772
24.0,3,0,11,1778
24.0,3,0,12,1783
24.0,3,0,13,1788
24.0,3,0,14,1794
24.0,3,0,15,1799
24.0,3,1,0,1724
24.0,3,1,1,1729
24.0,3,1,2,1735
24.0,3,1,3,1740
24.0,3,1,4,1746
24.0,3,1,5,1751
24.0,3,1,6,1757
24.0,3,1,7,1762
24.0,3,1,8,1767
24.0,3,1,9,1773
24.0,3,1,10,1778
24.0,3,1,11,1784
24.0,3,1,12,1789
24.0,3,1,13,1794
24.0,3,1,14,1800
24.0,3,1,15,1805
24.0,3,2,0,1729
24.0,3,2,1,1735
24.0,3,2,2,1740
24.0,3,2,3,1746
24.0,3,2,4,1751
24.0,3,2,5,1757
24.0,3,2,6,1762
24.0,3,2,7,1768
24.0,3,2,8,1773
24.0,3,2,9,1779
24.0,3,2,10,1784
24.0,3,2,11,1790
24.0,3,2,12,1795
24.0,3,2,13,1800
24.0,3,2,14,1806
24.0,3,2,15,1811
24.0,3,3,0,1735
24.0,3,3,1,1741
24.0,3,3,2,1746
24.0,3,3,3,1752
24.0,3,3,4,1757
24.0,3,3,5,1763
24.0,3,3,6,1768
24.0,3,3,7,1774
24.0,3,3,8,1779
24.0,3,3,9,1785
24.0,3,3,10,1790
24.0,3,3,11,1796
24.0,3,3,12,1801
24.0,3,3,13,1806
24.0,3,3,14,1812
24.0,3,3,15,1817
24.0,3,4,0,1741
24.0,3,4,1,1746
24.0,3,4,2,1752
24.0,3,4,3,1757
24.0,3,4,4,1763
24.0,3,4,5,1769
24.0,3,4,6,1774
24.0,3,4,7,1780
24.0,3,4,8,1785
24.0,3,4,9,1791
24.0,3,4,10,1796
24.0,3,4,11,1801
24.0,3,4,12,1807
24.0,3,4,13,1812
24.0,3,4,14,1818
24.0,3,4,15,1823
24.0,3,5,0,1746
24.0,3,5,1,1752
24.0,3,5,2,1758
24.0,3,5,3,1763
24.0,3,5,4,1769
24.0,3,5,5,1774
24.0,3,5,6,1780
24.0,3,5,7,1785
24.0,3,5,8,1791
24.0,3,5,9,1796
24.0,3,5,10,1802
24.0,3,5,11,1807
24.0,3,5,12,1813
24.0,3,5,13,1818
24.0,3,5,14,1824
24.0,3,5,15,1829
24.0,3,6,0,1752
24.0,3,6,1,1758
24.0,3,6,2,1763
24.0,3,6,3,1769
24.0,3,6,4,1775
24.0,3,6,5,1780
24.0,3,6,6,1786
24.0,3,6,7,1791
24.0,3,6,8,1797
24.0,3,6,9,1802
24.0,3,6,10,1808
24.0,3,6,11,1813
24.0,3,6,12,1819
24.0,3,6,13,1824
24.0,3,6,14,1829
24.0,3,6,15,1835
24.0,3,7,0,1758
24.0,3,7,1,1763
24.0,3,7,2,1769
24.0,3,7,3,1775
24.0,3,7,4,1780
24.0,3,7,5,1786
24.0,3,7,6,1791
24.0,3,7,7,1797
24.0,3,7,8,1802
24.0,3,7,9,1808
24.0,3,7,10,1814
24.0,3,7,11,1819
24.0,3,7,12,1824
24.0,3,7,13,1830
24.0,3,7,14,1835
24.0,3,7,15,1841
24.0,3,8,0,1763
24.0,3,8,1,1769
24.0,3,8,2,1775
24.0,3,8,3,1780
24.0,3,8,4,1786
24.0,3,8,5,1792
24.0,3,8,6,1797
24.0,3,8,7,1803
24.0,3,8,8,1808
24.0,3,8,9,1814
24.0,3,8,10,1819
24.0,3,8,11,1825
24.0,3,8,12,1830
24.0,3,8,13,1836
24.0,3,8,14,1841
24.0,3,8,15,1847
24.0,3,9,0,1769
24.0,3,9,1,1775
24.0,3,9,2,1780
24.0,3,9,3,1786
24.0,3,9,4,1792
24.0,3,9,5,1797
24.0,3,9,6,1803
24.0,3,9,7,1808
24.0,3,9,8,1814
24.0,3,9,9,1820
24.0,3,9,10,1825
24.0,3,9,11,1831
24.0,3,9,12,1836
24.0,3,9,13,1842
24.0,3,9,14,1847
24.0,3,9,15,1853
24.0,3,10,0,1775
24.0,3,10,1,1780
24.0,3,10,2,1786
24.0,3,10,3,1792
24.0,3,10,4,1797
24.0,3,10,5,1803
24.0,3,10,6,1809
24.0,3,10,7,1814
24.0,3,10,8,1820
24.0,3,10,9,1825
24.0,3,10,10,1831
24.0,3,10,11,1836
24.0,3,10,12,1842
24.0,3,10,13,1847
24.0,3,10,14,1853
24.0,3,10,15,1858
24.0,3,11,0,1780
24.0,3,11,1,1786
24.0,3,11,2,1792
24.0,3,11,3,1797
24.0,3,11,4,1803
24.0,3,11,5,1809
24.0,3,11,6,1814
24.0,3,11,7,1820
24.0,3,11,8,1825
24.0,3,11,9,1831
24.0,3,11,10,1837
24.0,3,11,11,1842
24.0,3,11,12,1848
24.0,3,11,13,1853
24.0,3,11,14,1859
24.0,3,11,15,1864
24.0,3,12,0,1786
24.0,3,12,1,1791
24.0,3,12,2,1797
24.0,3,12,3,1803
24.0,3,12,4,1809
24.0,3,12,5,1814
24.0,3,12,6,1820
24.0,3,12,7,1826
24.0,3,12,8,1831
24.0,3,12,9,1837
24.0,3,12,10,1842
24.0,3,12,11,1848
24.0,3,12,12,1853
24.0,3,12,13,1859
24.0,3,12,14,1865
24.0,3,12,15,1870
24.0,3,13,0,1791
24.0,3,13,1,1797
24.0,3,13,2,1803
24.0,3,13,3,1808
24.0,3,13,4,1814
24.0,3,13,5,1820
24.0,3,13,6,1826
24.0,3,13,7,1831
24.0,3,13,8,1837
24.0,3,13,9,1842
24.0,3,13,10,1848
24.0,3,13,11,1854
24.0,3,13,12,1859
24.0,3,13,13,1865
24.0,3,13,14,1870
24.0,3,13,15,1876
24.0,3,14,0,1797
24.0,3,14,1,1802
24.0,3,14,2,1808
24.0,3,14,3,1814
24.0,3,14,4,1820
24.0,3,14,5,1825
24.0,3,14,6,1831
24.0,3,14,7,1837
24.0,3,14,8,1843
24.0,3,14,9,1848
24.0,3,14,10,1854
24.0,3,14,11,1859
24.0,3,14,12,1865
24.0,3,14,13,1871
24.0,3,14,14,1876
24.0,3,14,15,1882
24.0,3,15,0,1802
24.0,3,15,1,1808
24.0,3,15,2,1814
24.0,3,15,3,1820
24.0,3,15,4,1825
24.0,3,15,5,1831
24.0,3,15,6,1837
24.0,3,15,7,1842
24.0,3,15,8,1848
24.0,3,15,9,1854
24.0,3,15,10,1859
24.0,3,15,11,1865
24.0,3,15,12,1871
24.0,3,15,13,1876
24.0,3,15,14,1882
24.0,3,15,15,1887
24.0,4,0,0,1724
24.0,4,0,1,1730
24.0,4,0,2,1735
24.0,4,0,3,1741
24.0,4,0,4,1746
24.0,4,0,5,1752
24.0,4,0,6,1757
24.0,4,0,7,1763
24.0,4,0,8,1768
24.0,4,0,9,1774
24.0,4,0,10,1779
24.0,4,0,11,1784
24.0,4,0,12,1790
24.0,4,0,13,1795
24.0,4,0,14,1801
24.0,4,0,15,1806
24.0,4,1,0,1730
24.0,4,1,1,1736
24.0,4,1,2,1741
24.0,4,1,3,1747
24.0,4,1,4,1752
24.0,4,1,5,1758
24.0,4,1,6,1763
24.0,4,1,7,1769
24.0,4,1,8,1774
24.0,4,1,9,1780
24.0,4,1,10,1785
24.0,4,1,11,1790
24.0,4,1,12,1796
24.0,4,1,13,1801
24.0,4,1,14,1807
24.0,4,1,15,1812
24.0,4,2,0,1736
24.0,4,2,1,1741
24.0,4,2,2,1747
24.0,4,2,3,1753
24.0,4,2,4,1758
24.0,4,2,5,1764
24.0,4,2,6,1769
24.0,4,2,7,1775
24.0,4,2,8,1780
24.0,4,2,9,1786
24.0,4,2,10,1791
24.0,4,2,11,1796
24.0,4,2,12,1802
24.0,4,2,13,1807
24.0,4,2,14,1813
24.0,4,2,15,1818
24.0,4,3,0,1742
24.0,4,3,1,1747
24.0,4,3,2,1753
24.0,4,3,3,1758
24.0,4,3,4,1764
24.0,4,3,5,1769
24.0,4,3,6,1775
24.0,4,3,7,1780
24.0,4,3,8,1786
24.0,4,3,9,1791
24.0,4,3,10,1797
24.0,4,3,11,1802
24.0,4,3,12,1808
24.0,4,3,13,1813
24.0,4,3,14,1819
24.0,4,3,15,1824
24.0,4,4,0,1747
24.0,4,4,1,1753
24.0,4,4,2,1759
24.0,4,4,3,1764
24.0,4,4,4,1770
24.0,4,4,5,1775
24.0,4,4,6,1781
24.0,4,4,7,1786
24.0,4,4,8,1792
24.0,4,4,9,1797
24.0,4,4,10,1803
24.0,4,4,11,1808
24.0,4,4,12,1814
24.0,4,4,13,1819
24.0,4,4,14,1825
24.0,4,4,15,1830
24.0,4,5,0,1753
24.0,4,5,1,1759
24.0,4,5,2,1764
24.0,4,5,3,1770
24.0,4,5,4,1775
24.0,4,5,5,1781
24.0,4,5,6,1787
24.0,4,5,7,1792
24.0,4,5,8,1798
24.0,4,5,9,1803
24.0,4,5,10,1809
24.0,4,5,11,1814
24.0,4,5,12,1820
24.0,4,5,13,1825
24.0,4,5,14,1830
24.0,4,5,15,1836
24.0,4,6,0,1759
24.0,4,6,1,1764
24.0,4,6,2,1770
24.0,4,6,3,1776
24.0,4,6,4,1781
24.0,4,6,5,1787
24.0,4,6,6,1792
24.0,4,6,7,1798
24.0,4,6,8,1804
24.0,4,6,9,1809
24.0,4,6,10,1815
24.0,4,6,11,1820
24.0,4,6,12,1826
24.0,4,6,13,1831
24.0,4,6,14,1836
24.0,4,6,15,1842
24.0,4,7,0,1764
24.0,4,7,1,1770
24.0,4,7,2,1776
24.0,4,7,3,1781
24.0,4,7,4,1787
24.0,4,7,5,1793
24.0,4,7,6,1798
24.0,4,7,7,1804
24.0,4,7,8,1809
24.0,4,7,9,1815
24.0,4,7,10,1820
24.0,4,7,11,1826
24.0,4,7,12,1831
24.0,4,7,13,1837
24.0,4,7,14,1842
24.0,4,7,15,1848
24.0,4,8,0,1770
24.0,4,8,1,1776
24.0,4,8,2,1781
24.0,4,8,3,1787
24.0,4,8,4,1793
24.0,4,8,5,1798
24.0,4,8,6,1804
24.0,4,8,7,1810
24.0,4,8,8,1815
24.0,4,8,9,1821
24.0,4,8,10,1826
24.0,4,8,11,1832
24.0,4,8,12,1837
24.0,4,8,13,1843
24.0,4,8,14,1848
24.0,4,8,15,1854
24.0,4,9,0,1776
24.0,4,9,1,1781
24.0,4,9,2,1787
24.0,4,9,3,1793
24.0,4,9,4,1798
24.0,4,9,5,1804
24.0,4,9,6,1810
24.0,4,9,7,1815
24.0,4,9,8,1821
24.0,4,9,9,1826
24.0,4,9,10,1832
24.0,4,9,11,1838
24.0,4,9,12,1843
24.0,4,9,13,1849
24.0,4,9,14,1854
24.0,4,9,15,1860
24.0,4,10,0,1781
24.0,4,10,1,1787
24.0,4,10,2,1793
24.0,4,10,3,1798
24.0,4,10,4,1804
24.0,4,10,5,1810
24.0,4,10,6,1815
24.0,4,10,7,1821
24.0,4,10,8,1827
24.0,4,10,9,1832
24.0,4,10,10,1838
24.0,4,10,11,1843
24.0,4,10,12,1849
24.0,4,10,13,1854
24.0,4,10,14,1860
24.0,4,10,15,1865
24.0,4,11,0,1787
24.0,4,11,1,1793
24.0,4,11,2,1798
24.0,4,11,3,1804
24.0,4,11,4,1810
24.0,4,11,5,1815
24.0,4,11,6,1821
24.0,4,11,7,1827
24.0,4,11,8,1832
24.0,4,11,9,1838
24.0,4,11,10,1844
24.0,4,11,11,1849
24.0,4,11,12,1855
24.0,4,11,13,1860
24.0,4,11,14,1866
24.0,4,11,15,1871
24.0,4,12,0,1792
24.0,4,12,1,1798
24.0,4,12,2,1804
24.0,4,12,3,1810
24.0,4,12,4,1815
24.0,4,12,5,1821
24.0,4,12,6,1827
24.0,4,12,7,1832
24.0,4,12,8,1838
24.0,4,12,9,1844
24.0,4,12,10,1849
24.0,4,12,11,1855
24.0,4,12,12,1861
24.0,4,12,13,1866
24.0,4,12,14,1872
24.0,4,12,15,1877
24.0,4,13,0,1798
24.0,4,13,1,1804
24.0,4,13,2,1810
24.0,4,13,3,1815
24.0,4,13,4,1821
24.0,4,13,5,1827
24.0,4,13,6,1832
24.0,4,13,7,1838
24.0,4,13,8,1844
24.0,4,13,9,1849
24.0,4,13,10,1855
24.0,4,13,11,1861
24.0,4,13,12,1866
24.0,4,13,13,1872
24.0,4,13,14,1877
24.0,4,13,15,1883
24.0,4,14,0,1804
24.0,4,14,1,1809
24.0,4,14,2,1815
24.0,4,14,3,1821
24.0,4,14,4,1827
24.0,4,14,5,1832
24.0,4,14,6,1838
24.0,4,14,7,1844
24.0,4,14,8,1849
24.0,4,14,9,1855
24.0,4,14,10,1861
24.0,4,14,11,1866
24.0,4,14,12,1872
24.0,4,14,13,1878
24.0,4,14,14,1883
24.0,4,14,15,1889
24.0,4,15,0,1809
24.0,4,15,1,1815
24.0,4,15,2,1821
24.0,4,15,3,1826
24.0,4,15,4,1832
24.0,4,15,5,1838
24.0,4,15,6,1844
24.0,4,15,7,1849
24.0,4,15,8,1855
24.0,4,15,9,1861
24.0,4,15,10,1866
24.0,4,15,11,1872
24.0,4,15,12,1878
24.0,4,15,13,1883
24.0,4,15,14,1889
24.0,4,15,15,1895
24.0,5,0,0,1731
24.0,5,0,1,1736
24.0,5,0,2,1742
24.0,5,0,3,1747
24.0,5,0,4,1753
24.0,5,0,5,1759
24.0,5,0,6,1764
24.0,5,0,7,1769
24.0,5,0,8,1775
24.0,5,0,9,1780
24.0,5,0,10,1786
24.0,5,0,11,1791
24.0,5,0,12,1797
24.0,5,0,13,1802
24.0,5,0,14,1807
24.0,5,0,15,1813
24.0,5,1,0,1737
24.0,5,1,1,1742
24.0,5,1,2,1748
24.0,5,1,3,1753
24.0,5,1,4,1759
24.0,5,1,5,1764
24.0,5,1,6,1770
24.0,5,1,7,1775
24.0,5,1,8,1781
24.0,5,1,9,1786
24.0,5,1,10,1792
24.0,5,1,11,1797
24.0,5,1,12,1803
24.0,5,1,13,1808
24.0,5,1,14,1813
24.0,5,1,15,1819
24.0,5,2,0,1742
24.0,5,2,1,1748
24.0,5,2,2,1754
24.0,5,2,3,1759
24.0,5,2,4,1765
24.0,5,2,5,1770
24.0,5,2,6,1776
24.0,5,2,7,1781
24.0,5,2,8,1787
24.0,5,2,9,1792
24.0,5,2,10,1798
24.0,5,2,11,1803
24.0,5,2,12,1809
24.0,5,2,13,1814
24.0,5,2,14,1819
24.0,5,2,15,1825
24.0,5,3,0,1748
24.0,5,3,1,1754
24.0,5,3,2,1759
24.0,5,3,3,1765
24.0,5,3,4,1771
24.0,5,3,5,1776
24.0,5,3,6,1782
24.0,5,3,7,1787
24.0,5,3,8,1793
24.0,5,3,9,1798
24.0,5,3,10,1804
24.0,5,3,11,1809
24.0,5,3,12,1815
24.0,5,3,13,1820
24.0,5,3,14,1825
24.0,5,3,15,1831
24.0,5,4,0,1754
24.0,5,4,1,1760
24.0,5,4,2,1765
24.0,5,4,3,1771
24.0,5,4,4,1776
24.0,5,4,5,1782
24.0,5,4,6,1788
24.0,5,4,7,1793
24.0,5,4,8,1799
24.0,5,4,9,1804
24.0,5,4,10,1810
24.0,5,4,11,1815
24.0,5,4,12,1821
24.0,5,4,13,1826
24.0,5,4,14,1831
24.0,5,4,15,1837
24.0,5,5,0,1760
24.0,5,5,1,1765
24.0,5,5,2,1771
24.0,5,5,3,1777
24.0,5,5,4,1782
24.0,5,5,5,1788
24.0,5,5,6,1793
24.0,5,5,7,1799
24.0,5,5,8,1804
24.0,5,5,9,1810
24.0,5,5,10,1816
24.0,5,5,11,1821
24.0,5,5,12,1826
24.0,5,5,13,1832
24.0,5,5,14,1837
24.0,5,5,15,1843
24.0,5,6,0,1765
24.0,5,6,1,1771
24.0,5,6,2,1777
24.0,5,6,3,1782
24.0,5,6,4,1788
24.0,5,6,5,1794
24.0,5,6,6,1799
24.0,5,6,7,1805
24.0,5,6,8,1810
24.0,5,6,9,1816
24.0,5,6,10,1821
24.0,5,6,11,1827
24.0,5,6,12,1832
24.0,5,6,13,1838
24.0,5,6,14,1843
24.0,5,6,15,1849
24.0,5,7,0,1771
24.0,5,7,1,1777
24.0,5,7,2,1782
24.0,5,7,3,1788
24.0,5,7,4,1794
24.0,5,7,5,1799
24.0,5,7,6,1805
24.0,5,7,7,1811
24.0,5,7,8,1816
24.0,5,7,9,1822
24.0,5,7,10,1827
24.0,5,7,11,1833
24.0,5,7,12,1838
24.0,5,7,13,1844
24.0,5,7,14,1849
24.0,5,7,15,1855
24.0,5,8,0,1777
24.0,5,8,1,1782
24.0,5,8,2,1788
24.0,5,8,3,1794
24.0,5,8,4,1799
24.0,5,8,5,1805
24.0,5,8,6,1811
24.0,5,8,7,1816
24.0,5,8,8,1822
24.0,5,8,9,1828
24.0,5,8,10,1833
24.0,5,8,11,1839
24.0,5,8,12,1844
24.0,5,8,13,1850
24.0,5,8,14,1855
24.0,5,8,15,1861
24.0,5,9,0,1782
24.0,5,9,1,1788
24.0,5,9,2,1794
24.0,5,9,3,1800
24.0,5,9,4,1805
24.0,5,9,5,1811
24.0,5,9,6,1817
24.0,5,9,7,1822
24.0,5,9,8,1828
24.0,5,9,9,1833
24.0,5,9,10,1839
24.0,5,9,11,1845
24.0,5,9,12,1850
24.0,5,9,13,1856
24.0,5,9,14,1861
24.0,5,9,15,1867
24.0,5,10,0,1788
24.0,5,10,1,1794
24.0,5,10,2,1799
24.0,5,10,3,1805
24.0,5,10,4,1811
24.0,5,10,5,1817
24.0,5,10,6,1822
24.0,5,10,7,1828
24.0,5,10,8,1834
24.0,5,10,9,1839
24.0,5,10,10,1845
24.0,5,10,11,1850
24.0,5,10,12,1856
24.0,5,10,13,1861
24.0,5,10,14,1867
24.0,5,10,15,1873
24.0,5,11,0,1794
24.0,5,11,1,1799
24.0,5,11,2,1805
24.0,5,11,3,1811
24.0,5,11,4,1817
24.0,5,11,5,1822
24.0,5,11,6,1828
24.0,5,11,7,1834
24.0,5,11,8,1839
24.0,5,11,9,1845
24.0,5,11,10,1851
24.0,5,11,11,1856
24.0,5,11,12,1862
24.0,5,11,13,1867
24.0,5,11,14,1873
24.0,5,11,15,1878
24.0,5,12,0,1799
24.0,5,12,1,1805
24.0,5,12,2,1811
24.0,5,12,3,1817
24.0,5,12,4,1822
24.0,5,12,5,1828
24.0,5,12,6,1834
24.0,5,12,7,1839
24.0,5,12,8,1845
24.0,5,12,9,1851
24.0,5,12,10,1856
24.0,5,12,11,1862
24.0,5,12,12,1868
24.0,5,12,13,1873
24.0,5,12,14,1879
24.0,5,12,15,1884
24.0,5,13,0,1805
24.0,5,13,1,1811
24.0,5,13,2,1816
24.0,5,13,3,1822
24.0,5,13,4,1828
24.0,5,13,5,1834
24.0,5,13,6,1839
24.0,5,13,7,1845
24.0,5,13,8,1851
24.0,5,13,9,1856
24.0,5,13,10,1862
24.0,5,13,11,1868
24.0,5,13,12,1873
24.0,5,13,13,1879
24.0,5,13,14,1885
24.0,5,13,15,1890
24.0,5,14,0,1810
24.0,5,14,1,1816
24.0,5,14,2,1822
24.0,5,14,3,1828
24.0,5,14,4,1834
24.0,5,14,5,1839
24.0,5,14,6,1845
24.0,5,14,7,1851
24.0,5,14,8,1856
24.0,5,14,9,1862
24.0,5,14,10,1868
24.0,5,14,11,1873
24.0,5,14,12,1879
24.0,5,14,13,1885
24.0,5,14,14,1890
24.0,5,14,15,1896
24.0,5,15,0,1816
24.0,5,15,1,1822
24.0,5,15,2,1828
24.0,5,15,3,1833
24.0,5,15,4,1839
24.0,5,15,5,1845
24.0,5,15,6,1851
24.0,5,15,7,1856
24.0,5,15,8,1862
24.0,5,15,9,1868
24.0,5,15,10,1874
24.0,5,15,11,1879
24.0,5,15,12,1885
24.0,5,15,13,1891
24.0,5,15,14,1896
24.0,5,15,15,1902
24.0,6,0,0,1737
24.0,6,0,1,1743
24.0,6,0,2,1748
24.0,6,0,3,1754
24.0,6,0,4,1760
24.0,6,0,5,1765
24.0,6,0,6,1771
24.0,6,0,7,1776
24.0,6,0,8,1782
24.0,6,0,9,1787
24.0,6,0,10,1792
24.0,6,0,11,1798
24.0,6,0,12,1803
24.0,6,0,13,1809
24.0,6,0,14,1814
24.0,6,0,15,1819
24.0,6,1,0,1743
24.0,6,1,1,1749
24.0,6,1,2,1754
24.0,6,1,3,1760
24.0,6,1,4,1765
24.0,6,1,5,1771
24.0,6,1,6,1777
24.0,6,1,7,1782
24.0,6,1,8,1788
24.0,6,1,9,1793
24.0,6,1,10,1799
24.0,6,1,11,1804
24.0,6,1,12,1809
24.0,6,1,13,1815
24.0,6,1,14,1820
24.0,6,1,15,1826
24.0,6,2,0,1749
24.0,6,2,1,1755
24.0,6,2,2,1760
24.0,6,2,3,1766
24.0,6,2,4,1771
24.0,6,2,5,1777
24.0,6,2,6,1782
24.0,6,2,7,1788
24.0,6,2,8,1794
24.0,6,2,9,1799
24.0,6,2,10,1804
24.0,6,2,11,1810
24.0,6,2,12,1815
24.0,6,2,13,1821
24.0,6,2,14,1826
24.0,6,2,15,1832
24.0,6,3,0,1755
24.0,6,3,1,1760
24.0,6,3,2,1766
24.0,6,3,3,1772
24.0,6,3,4,1777
24.0,6,3,5,1783
24.0,6,3,6,1788
24.0,6,3,7,1794
24.0,6,3,8,1799
24.0,6,3,9,1805
24.0,6,3,10,1810
24.0,6,3,11,1816
24.0,6,3,12,1821
24.0,6,3,13,1827
24.0,6,3,14,1832
24.0,6,3,15,1838
24.0,6,4,0,1760
24.0,6,4,1,1766
24.0,6,4,2,1772
24.0,6,4,3,1777
24.0,6,4,4,1783
24.0,6,4,5,1789
24.0,6,4,6,1794
24.0,6,4,7,1800
24.0,6,4,8,1805
24.0,6,4,9,1811
24.0,6,4,10,1816
24.0,6,4,11,1822
24.0,6,4,12,1827
24.0,6,4,13,1833
24.0,6,4,14,1838
24.0,6,4,15,1844
24.0,6,5,0,1766
24.0,6,5,1,1772
24.0,6,5,2,1778
24.0,6,5,3,1783
24.0,6,5,4,1789
24.0,6,5,5,1795
24.0,6,5,6,1800
24.0,6,5,7,1806
24.0,6,5,8,1811
24.0,6,5,9,1817
24.0,6,5,10,1822
24.0,6,5,11,1828
24.0,6,5,12,1833
24.0,6,5,13,1839
24.0,6,5,14,1844
24.0,6,5,15,1850
24.0,6,6,0,1772
24.0,6,6,1,1778
24.0,6,6,2,1783
24.0,6,6,3,1789
24.0,6,6,4,1795
24.0,6,6,5,1800
24.0,6,6,6,1806
24.0,6,6,7,1812
24.0,6,6,8,1817
24.0,6,6,9,1823
24.0,6,6,10,1828
24.0,6,6,11,1834
24.0,6,6,12,1839
24.0,6,6,13,1845
24.0,6,6,14,1850
24.0,6,6,15,1856
24.0,6,7,0,1778
24.0,6,7,1,1783
24.0,6,7,2,1789
24.0,6,7,3,1795
24.0,6,7,4,1800
24.0,6,7,5,1806
24.0,6,7,6,1812
24.0,6,7,7,1817
24.0,6,7,8,1823
24.0,6,7,9,1829
24.0,6,7,10,1834
24.0,6,7,11,1840
24.0,6,7,12,1845
24.0,6,7,13,1851
24.0,6,7,14,1856
24.0,6,7,15,1862
24.0,6,8,0,1783
24.0,6,8,1,1789
24.0,6,8,2,1795
24.0,6,8,3,1801
24.0,6,8,4,1806
24.0,6,8,5,1812
24.0,6,8,6,1818
24.0,6,8,7,1823
24.0,6,8,8,1829
24.0,6,8,9,1834
24.0,6,8,10,1840
24.0,6,8,11,1846
24.0,6,8,12,1851
24.0,6,8,13,1857
24.0,6,8,14,1862
24.0,6,8,15,1868
24.0,6,9,0,1789
24.0,6,9,1,1795
24.0,6,9,2,1801
24.0,6,9,3,1806
24.0,6,9,4,1812
24.0,6,9,5,1818
24.0,6,9,6,1823
24.0,6,9,7,1829
24.0,6,9,8,1835
24.0,6,9,9,1840
24.0,6,9,10,1846
24.0,6,9,11,1851
24.0,6,9,12,1857
24.0,6,9,13,1863
24.0,6,9,14,1868
24.0,6,9,15,1874
24.0,6,10,0,1795
24.0,6,10,1,1800
24.0,6,10,2,1806
24.0,6,10,3,1812
24.0,6,10,4,1818
24.0,6,10,5,1823
24.0,6,10,6,1829
24.0,6,10,7,1835
24.0,6,10,8,1840
24.0,6,10,9,1846
24.0,6,10,10,1852
24.0,6,10,11,1857
24.0,6,10,12,1863
24.0,6,10,13,1868
24.0,6,10,14,1874
24.0,6,10,15,1880
24.0,6,11,0,1800
24.0,6,11,1,1806
24.0,6,11,2,1812
24.0,6,11,3,1818
24.0,6,11,4,1823
24.0,6,11,5,1829
24.0,6,11,6,1835
24.0,6,11,7,1841
24.0,6,11,8,1846
24.0,6,11,9,1852
24.0,6,11,10,1858
24.0,6,11,11,1863
24.0,6,11,12,1869
24.0,6,11,13,1874
24.0,6,11,14,1880
24.0,6,11,15,1885
24.0,6,12,0,1806
24.0,6,12,1,1812
24.0,6,12,2,1818
24.0,6,12,3,1823
24.0,6,12,4,1829
24.0,6,12,5,1835
24.0,6,12,6,1841
24.0,6,12,7,1846
24.0,6,12,8,1852
24.0,6,12,9,1858
24.0,6,12,10,1863
24.0,6,12,11,1869
24.0,6,12,12,1875
24.0,6,12,13,1880
24.0,6,12,14,1886
24.0,6,12,15,1891
24.0,6,13,0,1812
24.0,6,13,1,1817
24.0,6,13,2,1823
24.0,6,13,3,1829
24.0,6,13,4,1835
24.0,6,13,5,1841
24.0,6,13,6,1846
24.0,6,13,7,1852
24.0,6,13,8,1858
24.0,6,13,9,1863
24.0,6,13,10,1869
24.0,6,13,11,1875
24.0,6,13,12,1880
24.0,6,13,13,1886
24.0,6,13,14,1892
24.0,6,13,15,1897
24.0,6,14,0,1817
24.0,6,14,1,1823
24.0,6,14,2,1829
24.0,6,14,3,1835
24.0,6,14,4,1840
24.0,6,14,5,1846
24.0,6,14,6,1852
24.0,6,14,7,1858
24.0,6,14,8,1863
24.0,6,14,9,1869
24.0,6,14,10,1875
24.0,6,14,11,1881
24.0,6,14,12,1886
24.0,6,14,13,1892
24.0,6,14,14,1897
24.0,6,14,15,1903
24.0,6,15,0,1823
24.0,6,15,1,1829
24.0,6,15,2,1834
24.0,6,15,3,1840
24.0,6,15,4,1846
24.0,6,15,5,1852
24.0,6,15,6,1858
24.0,6,15,7,1863
24.0,6,15,8,1869
24.0,6,15,9,1875
24.0,6,15,10,1881
24.0,6,15,11,1886
24.0,6,15,12,1892
24.0,6,15,13,1898
24.0,6,15,14,1903
24.0,6,15,15,1909
24.0,7,0,0,1744
24.0,7,0,1,1749
24.0,7,0,2,1755
24.0,7,0,3,1761
24.0,7,0,4,1766
24.0,7,0,5,1772
24.0,7,0,6,1777
24.0,7,0,7,1783
24.0,7,0,8,1788
24.0,7,0,9,1794
24.0,7,0,10,1799
24.0,7,0,11,1805
24.0,7,0,12,1810
24.0,7,0,13,1816
24.0,7,0,14,1821
24.0,7,0,15,1826
24.0,7,1,0,1750
24.0,7,1,1,1755
24.0,7,1,2,1761
24.0,7,1,3,1767
24.0,7,1,4,1772
24.0,7,1,5,1778
24.0,7,1,6,1783
24.0,7,1,7,1789
24.0,7,1,8,1794
24.0,7,1,9,1800
24.0,7,1,10,1805
24.0,7,1,11,1811
24.0,7,1,12,1816
24.0,7,1,13,1822
24.0,7,1,14,1827
24.0,7,1,15,1832
24.0,7,2,0,1755
24.0,7,2,1,1761
24.0,7,2,2,1767
24.0,7,2,3,1772
24.0,7,2,4,1778
24.0,7,2,5,1784
24.0,7,2,6,1789
24.0,7,2,7,1795
24.0,7,2,8,1800
24.0,7,2,9,1806
24.0,7,2,10,1811
24.0,7,2,11,1817
24.0,7,2,12,1822
24.0,7,2,13,1828
24.0,7,2,14,1833
24.0,7,2,15,1838
24.0,7,3,0,1761
24.0,7,3,1,1767
24.0,7,3,2,1773
24.0,7,3,3,1778
24.0,7,3,4,1784
24.0,7,3,5,1789
24.0,7,3,6,1795
24.0,7,3,7,1801
24.0,7,3,8,1806
24.0,7,3,9,1812
24.0,7,3,10,1817
24.0,7,3,11,1823
24.0,7,3,12,1828
24.0,7,3,13,1834
24.0,7,3,14,1839
24.0,7,3,15,1845
24.0,7,4,0,1767
24.0,7,4,1,1773
24.0,7,4,2,1778
24.0,7,4,3,1784
24.0,7,4,4,1790
24.0,7,4,5,1795
24.0,7,4,6,1801
24.0,7,4,7,1807
24.0,7,4,8,1812
24.0,7,4,9,1818
24.0,7,4,10,1823
24.0,7,4,11,1829
24.0,7,4,12,1834
24.0,7,4,13,1840
24.0,7,4,14,1845
24.0,7,4,15,1851
24.0,7,5,0,1773
24.0,7,5,1,1779
24.0,7,5,2,1784
24.0,7,5,3,1790
24.0,7,5,4,1796
24.0,7,5,5,1801
24.0,7,5,6,1807
24.0,7,5,7,1812
24.0,7,5,8,1818
24.0,7,5,9,1824
24.0,7,5,10,1829
24.0,7,5,11,1835
24.0,7,5,12,1840
24.0,7,5,13,1846
24.0,7,5,14,1851
24.0,7,5,15,1857
24.0,7,6,0,1779
24.0,7,6,1,1784
24.0,7,6,2,1790
24.0,7,6,3,1796
24.0,7,6,4,1801
24.0,7,6,5,1807
24.0,7,6,6,1813
24.0,7,6,7,1818
24.0,7,6,8,1824
24.0,7,6,9,1830
24.0,7,6,10,1835
24.0,7,6,11,1841
24.0,7,6,12,1846
24.0,7,6,13,1852
24.0,7,6,14,1857
24.0,7,6,15,1863
24.0,7,7,0,1784
24.0,7,7,1,1790
24.0,7,7,2,1796
24.0,7,7,3,1802
24.0,7,7,4,1807
24.0,7,7,5,1813
24.0,7,7,6,1819
24.0,7,7,7,1824
24.0,7,7,8,1830
24.0,7,7,9,1835
24.0,7,7,10,1841
24.0,7,7,11,1847
24.0,7,7,12,1852
24.0,7,7,13,1858
24.0,7,7,14,1863
24.0,7,7,15,1869
24.0,7,8,0,1790
24.0,7,8,1,1796
24.0,7,8,2,1802
24.0,7,8,3,1807
24.0,7,8,4,1813
24.0,7,8,5,1819
24.0,7,8,6,1824
24.0,7,8,7,1830
24.0,7,8,8,1836
24.0,7,8,9,1841
24.0,7,8,10,1847
24.0,7,8,11,1852
24.0,7,8,12,1858
24.0,7,8,13,1864
24.0,7,8,14,1869
24.0,7,8,15,1875
24.0,7,9,0,1796
24.0,7,9,1,1802
24.0,7,9,2,1807
24.0,7,9,3,1813
24.0,7,9,4,1819
24.0,7,9,5,1824
24.0,7,9,6,1830
24.0,7,9,7,1836
24.0,7,9,8,1842
24.0,7,9,9,1847
24.0,7,9,10,1853
24.0,7,9,11,1858
24.0,7,9,12,1864
24.0,7,9,13,1870
24.0,7,9,14,1875
24.0,7,9,15,1881
24.0,7,10,0,1801
24.0,7,10,1,1807
24.0,7,10,2,1813
24.0,7,10,3,1819
24.0,7,10,4,1825
24.0,7,10,5,1830
24.0,7,10,6,1836
24.0,7,10,7,1842
24.0,7,10,8,1847
24.0,7,10,9,1853
24.0,7,10,10,1859
24.0,7,10,11,1864
24.0,7,10,12,1870
24.0,7,10,13,1875
24.0,7,10,14,1881
24.0,7,10,15,1887
24.0,7,11,0,1807
24.0,7,11,1,1813
24.0,7,11,2,1819
24.0,7,11,3,1824
24.0,7,11,4,1830
24.0,7,11,5,1836
24.0,7,11,6,1842
24.0,7,11,7,1847
24.0,7,11,8,1853
24.0,7,11,9,1859
24.0,7,11,10,1864
24.0,7,11,11,1870
24.0,7,11,12,1876
24.0,7,11,13,1881
24.0,7,11,14,1887
24.0,7,11,15,1893
24.0,7,12,0,1813
24.0,7,12,1,1819
24.0,7,12,2,1824
24.0,7,12,3,1830
24.0,7,12,4,1836
24.0,7,12,5,1842
24.0,7,12,6,1847
24.0,7,12,7,1853
24.0,7,12,8,1859
24.0,7,12,9,1865
24.0,7,12,10,1870
24.0,7,12,11,1876
24.0,7,12,12,1882
24.0,7,12,13,1887
24.0,7,12,14,1893
24.0,7,12,15,1898
24.0,7,13,0,1818
24.0,7,13,1,1824
24.0,7,13,2,1830
24.0,7,13,3,1836
24.0,7,13,4,1842
24.0,7,13,5,1847
24.0,7,13,6,1853
24.0,7,13,7,1859
24.0,7,13,8,1865
24.0,7,13,9,1870
24.0,7,13,10,1876
24.0,7,13,11,1882
24.0,7,13,12,1887
24.0,7,13,13,1893
24.0,7,13,14,1899
24.0,7,13,15,1904
24.0,7,14,0,1824
24.0,7,14,1,1830
24.0,7,14,2,1836
24.0,7,14,3,1842
24.0,7,14,4,1847
24.0,7,14,5,1853
24.0,7,14,6,1859
24.0,7,14,7,1865
24.0,7,14,8,1870
24.0,7,14,9,1876
24.0,7,14,10,1882
24.0,7,14,11,1888
24.0,7,14,12,1893
24.0,7,14,13,1899
24.0,7,14,14,1905
24.0,7,14,15,1910
24.0,7,15,0,1830
24.0,7,15,1,1835
24.0,7,15,2,1841
24.0,7,15,3,1847
24.0,7,15,4,1853
24.0,7,15,5,1859
24.0,7,15,6,1865
24.0,7,15,7,1870
24.0,7,15,8,1876
24.0,7,15,9,1882
24.0,7,15,10,1888
24.0,7,15,11,1893
24.0,7,15,12,1899
24.0,7,15,13,1905
24.0,7,15,14,1910
24.0,7,15,15,1916
24.0,8,0,0,1750
24.0,8,0,1,1756
24.0,8,0,2,1762
24.0,8,0,3,1767
24.0,8,0,4,1773
24.0,8,0,5,1778
24.0,8,0,6,1784
24.0,8,0,7,1789
24.0,8,0,8,1795
24.0,8,0,9,1800
24.0,8,0,10,1806
24.0,8,0,11,1811
24.0,8,0,12,1817
24.0,8,0,13,1822
24.0,8,0,14,1828
24.0,8,0,15,1833
24.0,8,1,0,1756
24.0,8,1,1,1762
24.0,8,1,2,1767
24.0,8,1,3,1773
24.0,8,1,4,1779
24.0,8,1,5,1784
24.0,8,1,6,1790
24.0,8,1,7,1795
24.0,8,1,8,1801
24.0,8,1,9,1806
24.0,8,1,10,1812
24.0,8,1,11,1817
24.0,8,1,12,1823
24.0,8,1,13,1828
24.0,8,1,14,1834
24.0,8,1,15,1839
24.0,8,2,0,1762
24.0,8,2,1,1768
24.0,8,2,2,1773
24.0,8,2,3,1779
24.0,8,2,4,1785
24.0,8,2,5,1790
24.0,8,2,6,1796
24.0,8,2,7,1801
24.0,8,2,8,1807
24.0,8,2,9,1812
24.0,8,2,10,1818
24.0,8,2,11,1824
24.0,8,2,12,1829
24.0,8,2,13,1834
24.0,8,2,14,1840
24.0,8,2,15,1845
24.0,8,3,0,1768
24.0,8,3,1,1774
24.0,8,3,2,1779
24.0,8,3,3,1785
24.0,8,3,4,1791
24.0,8,3,5,1796
24.0,8,3,6,1802
24.0,8,3,7,1807
24.0,8,3,8,1813
24.0,8,3,9,1818
24.0,8,3,10,1824
24.0,8,3,11,1830
24.0,8,3,12,1835
24.0,8,3,13,1841
24.0,8,3,14,1846
24.0,8,3,15,1851
24.0,8,4,0,1774
24.0,8,4,1,1779
24.0,8,4,2,1785
24.0,8,4,3,1791
24.0,8,4,4,1796
24.0,8,4,5,1802
24.0,8,4,6,1808
24.0,8,4,7,1813
24.0,8,4,8,1819
24.0,8,4,9,1824
24.0,8,4,10,1830
24.0,8,4,11,1836
24.0,8,4,12,1841
24.0,8,4,13,1847
24.0,8,4,14,1852
24.0,8,4,15,1858
24.0,8,5,0,1779
24.0,8,5,1,1785
24.0,8,5,2,1791
24.0,8,5,3,1797
24.0,8,5,4,1802
24.0,8,5,5,1808
24.0,8,5,6,1814
24.0,8,5,7,1819
24.0,8,5,8,1825
24.0,8,5,9,1830
24.0,8,5,10,1836
24.0,8,5,11,1842
24.0,8,5,12,1847
24.0,8,5,13,1853
24.0,8,5,14,1858
24.0,8,5,15,1864
24.0,8,6,0,1785
24.0,8,6,1,1791
24.0,8,6,2,1797
24.0,8,6,3,1802
24.0,8,6,4,1808
24.0,8,6,5,1814
24.0,8,6,6,1819
24.0,8,6,7,1825
24.0,8,6,8,1831
24.0,8,6,9,1836
24.0,8,6,10,1842
24.0,8,6,11,1848
24.0,8,6,12,1853
24.0,8,6,13,1859
24.0,8,6,14,1864
24.0,8,6,15,1870
24.0,8,7,0,1791
24.0,8,7,1,1797
24.0,8,7,2,1803
24.0,8,7,3,1808
24.0,8,7,4,1814
24.0,8,7,5,1820
24.0,8,7,6,1825
24.0,8,7,7,1831
24.0,8,7,8,1837
24.0,8,7,9,1842
24.0,8,7,10,1848
24.0,8,7,11,1853
24.0,8,7,12,1859
24.0,8,7,13,1865
24.0,8,7,14,1870
24.0,8,7,15,1876
24.0,8,8,0,1797
24.0,8,8,1,1803
24.0,8,8,2,1808
24.0,8,8,3,1814
24.0,8,8,4,1820
24.0,8,8,5,1825
24.0,8,8,6,1831
24.0,8,8,7,1837
24.0,8,8,8,1843
24.0,8,8,9,1848
24.0,8,8,10,1854
24.0,8,8,11,1859
24.0,8,8,12,1865
24.0,8,8,13,1871
24.0,8,8,14,1876
24.0,8,8,15,1882
24.0,8,9,0,1802
24.0,8,9,1,1808
24.0,8,9,2,1814
24.0,8,9,3,1820
24.0,8,9,4,1826
24.0,8,9,5,1831
24.0,8,9,6,1837
24.0,8,9,7,1843
24.0,8,9,8,1848
24.0,8,9,9,1854
24.0,8,9,10,1860
24.0,8,9,11,1865
24.0,8,9,12,1871
24.0,8,9,13,1877
24.0,8,9,14,1882
24.0,8,9,15,1888
24.0,8,10,0,1808
24.0,8,10,1,1814
24.0,8,10,2,1820
24.0,8,10,3,1826
24.0,8,10,4,1831
24.0,8,10,5,1837
24.0,8,10,6,1843
24.0,8,10,7,1849
24.0,8,10,8,1854
24.0,8,10,9,1860
24.0,8,10,10,1866
24.0,8,10,11,1871
24.0,8,10,12,1877
24.0,8,10,13,1882
24.0,8,10,14,1888
24.0,8,10,15,1894
24.0,8,11,0,1814
24.0,8,11,1,1820
24.0,8,11,2,1825
24.0,8,11,3,1831
24.0,8,11,4,1837
24.0,8,11,5,1843
24.0,8,11,6,1849
24.0,8,11,7,1854
24.0,8,11,8,1860
24.0,8,11,9,1866
24.0,8,11,10,1871
24.0,8,11,11,1877
24.0,8,11,12,1883
24.0,8,11,13,1888
24.0,8,11,14,1894
24.0,8,11,15,1900
24.0,8,12,0,1819
24.0,8,12,1,1825
24.0,8,12,2,1831
24.0,8,12,3,1837
24.0,8,12,4,1843
24.0,8,12,5,1849
24.0,8,12,6,1854
24.0,8,12,7,1860
24.0,8,12,8,1866
24.0,8,12,9,1872
24.0,8,12,10,1877
24.0,8,12,11,1883
24.0,8,12,12,1889
24.0,8,12,13,1894
24.0,8,12,14,1900
24.0,8,12,15,1906
24.0,8,13,0,1825
24.0,8,13,1,1831
24.0,8,13,2,1837
24.0,8,13,3,1843
24.0,8,13,4,1849
24.0,8,13,5,1854
24.0,8,13,6,1860
24.0,8,13,7,1866
24.0,8,13,8,1872
24.0,8,13,9,1877
24.0,8,13,10,1883
24.0,8,13,11,1889
24.0,8,13,12,1894
24.0,8,13,13,1900
24.0,8,13,14,1906
24.0,8,13,15,1911
24.0,8,14,0,1831
24.0,8,14,1,1837
24.0,8,14,2,1843
24.0,8,14,3,1848
24.0,8,14,4,1854
24.0,8,14,5,1860
24.0,8,14,6,1866
24.0,8,14,7,1872
24.0,8,14,8,1877
24.0,8,14,9,1883
24.0,8,14,10,1889
24.0,8,14,11,1895
24.0,8,14,12,1900
24.0,8,14,13,1906
24.0,8,14,14,1912
24.0,8,14,15,1917
24.0,8,15,0,1836
24.0,8,15,1,1842
24.0,8,15,2,1848
24.0,8,15,3,1854
24.0,8,15,4,1860
24.0,8,15,5,1866
24.0,8,15,6,1872
24.0,8,15,7,1877
24.0,8,15,8,1883
24.0,8,15,9,1889
24.0,8,15,10,1895
24.0,8,15,11,1900
24.0,8,15,12,1906
24.0,8,15,13,1912
24.0,8,15,14,1918
24.0,8,15,15,1923
24.0,9,0,0,1757
24.0,9,0,1,1763
24.0,9,0,2,1768
24.0,9,0,3,1774
24.0,9,0,4,1779
24.0,9,0,5,1785
24.0,9,0,6,1791
24.0,9,0,7,1796
24.0,9,0,8,1802
24.0,9,0,9,1807
24.0,9,0,10,1813
24.0,9,0,11,1818
24.0,9,0,12,1824
24.0,9,0,13,1829
24.0,9,0,14,1834
24.0,9,0,15,1840
24.0,9,1,0,1763
24.0,9,1,1,1768
24.0,9,1,2,1774
24.0,9,1,3,1780
24.0,9,1,4,1785
24.0,9,1,5,1791
24.0,9,1,6,1797
24.0,9,1,7,1802
24.0,9,1,8,1808
24.0,9,1,9,1813
24.0,9,1,10,1819
24.0,9,1,11,1824
24.0,9,1,12,1830
24.0,9,1,13,1835
24.0,9,1,14,1841
24.0,9,1,15,1846
24.0,9,2,0,1769
24.0,9,2,1,1774
24.0,9,2,2,1780
24.0,9,2,3,1786
24.0,9,2,4,1791
24.0,9,2,5,1797
24.0,9,2,6,1803
24.0,9,2,7,1808
24.0,9,2,8,1814
24.0,9,2,9,1819
24.0,9,2,10,1825
24.0,9,2,11,1830
24.0,9,2,12,1836
24.0,9,2,13,1841
24.0,9,2,14,1847
24.0,9,2,15,1852
24.0,9,3,0,1774
24.0,9,3,1,1780
24.0,9,3,2,1786
24.0,9,3,3,1792
24.0,9,3,4,1797
24.0,9,3,5,1803
24.0,9,3,6,1808
24.0,9,3,7,1814
24.0,9,3,8,1820
24.0,9,3,9,1825
24.0,9,3,10,1831
24.0,9,3,11,1836
24.0,9,3,12,1842
24.0,9,3,13,1847
24.0,9,3,14,1853
24.0,9,3,15,1858
24.0,9,4,0,1780
24.0,9,4,1,1786
24.0,9,4,2,1792
24.0,9,4,3,1797
24.0,9,4,4,1803
24.0,9,4,5,1809
24.0,9,4,6,1814
24.0,9,4,7,1820
24.0,9,4,8,1826
24.0,9,4,9,1831
24.0,9,4,10,1837
24.0,9,4,11,1842
24.0,9,4,12,1848
24.0,9,4,13,1853
24.0,9,4,14,1859
24.0,9,4,15,1864
24.0,9,5,0,1786
24.0,9,5,1,1792
24.0,9,5,2,1798
24.0,9,5,3,1803
24.0,9,5,4,1809
24.0,9,5,5,1815
24.0,9,5,6,1820
24.0,9,5,7,1826
24.0,9,5,8,1832
24.0,9,5,9,1837
24.0,9,5,10,1843
24.0,9,5,11,1848
24.0,9,5,12,1854
24.0,9,5,13,1859
24.0,9,5,14,1865
24.0,9,5,15,1871
24.0,9,6,0,1792
24.0,9,6,1,1798
24.0,9,6,2,1803
24.0,9,6,3,1809
24.0,9,6,4,1815
24.0,9,6,5,1821
24.0,9,6,6,1826
24.0,9,6,7,1832
24.0,9,6,8,1838
24.0,9,6,9,1843
24.0,9,6,10,1849
24.0,9,6,11,1854
24.0,9,6,12,1860
24.0,9,6,13,1866
24.0,9,6,14,1871
24.0,9,6,15,1877
24.0,9,7,0,1798
24.0,9,7,1,1803
24.0,9,7,2,1809
24.0,9,7,3,1815
24.0,9,7,4,1821
24.0,9,7,5,1826
24.0,9,7,6,1832
24.0,9,7,7,1838
24.0,9,7,8,1843
24.0,9,7,9,1849
24.0,9,7,10,1855
24.0,9,7,11,1860
24.0,9,7,12,1866
24.0,9,7,13,1872
24.0,9,7,14,1877
24.0,9,7,15,1883
24.0,9,8,0,1803
24.0,9,8,1,1809
24.0,9,8,2,1815
24.0,9,8,3,1821
24.0,9,8,4,1827
24.0,9,8,5,1832
24.0,9,8,6,1838
24.0,9,8,7,1844
24.0,9,8,8,1849
24.0,9,8,9,1855
24.0,9,8,10,1861
24.0,9,8,11,1866
24.0,9,8,12,1872
24.0,9,8,13,1878
24.0,9,8,14,1883
24.0,9,8,15,1889
24.0,9,9,0,1809
24.0,9,9,1,1815
24.0,9,9,2,1821
24.0,9,9,3,1827
24.0,9,9,4,1832
24.0,9,9,5,1838
24.0,9,9,6,1844
24.0,9,9,7,1850
24.0,9,9,8,1855
24.0,9,9,9,1861
24.0,9,9,10,1867
24.0,9,9,11,1872
24.0,9,9,12,1878
24.0,9,9,13,1883
24.0,9,9,14,1889
24.0,9,9,15,1895
24.0,9,10,0,1815
24.0,9,10,1,1821
24.0,9,10,2,1827
24.0,9,10,3,1832
24.0,9,10,4,1838
24.0,9,10,5,1844
24.0,9,10,6,1850
24.0,9,10,7,1855
24.0,9,10,8,1861
24.0,9,10,9,1867
24.0,9,10,10,1873
24.0,9,10,11,1878
24.0,9,10,12,1884
24.0,9,10,13,1889
24.0,9,10,14,1895
24.0,9,10,15,1901
24.0,9,11,0,1821
24.0,9,11,1,1826
24.0,9,11,2,1832
24.0,9,11,3,1838
24.0,9,11,4,1844
24.0,9,11,5,1850
24.0,9,11,6,1855
24.0,9,11,7,1861
24.0,9,11,8,1867
24.0,9,11,9,1873
24.0,9,11,10,1878
24.0,9,11,11,1884
24.0,9,11,12,1890
24.0,9,11,13,1895
24.0,9,11,14,1901
24.0,9,11,15,1907
24.0,9,12,0,1826
24.0,9,12,1,1832
24.0,9,12,2,1838
24.0,9,12,3,1844
24.0,9,12,4,1850
24.0,9,12,5,1855
24.0,9,12,6,1861
24.0,9,12,7,1867
24.0,9,12,8,1873
24.0,9,12,9,1879
24.0,9,12,10,1884
24.0,9,12,11,1890
24.0,9,12,12,1896
24.0,9,12,13,1901
24.0,9,12,14,1907
24.0,9,12,15,1913
24.0,9,13,0,1832
24.0,9,13,1,1838
24.0,9,13,2,1844
24.0,9,13,3,1850
24.0,9,13,4,1855
24.0,9,13,5,1861
24.0,9,13,6,1867
24.0,9,13,7,1873
24.0,9,13,8,1879
24.0,9,13,9,1884
24.0,9,13,10,1890
24.0,9,13,11,1896
24.0,9,13,12,1902
24.0,9,13,13,1907
24.0,9,13,14,1913
24.0,9,13,15,1919
24.0,9,14,0,1838
24.0,9,14,1,1843
24.0,9,14,2,1849
24.0,9,14,3,1855
24.0,9,14,4,1861
24.0,9,14,5,1867
24.0,9,14,6,1873
24.0,9,14,7,1879
24.0,9,14,8,1884
24.0,9,14,9,1890
24.0,9,14,10,1896
24.0,9,14,11,1902
24.0,9,14,12,1907
24.0,9,14,13,1913
24.0,9,14,14,1919
24.0,9,14,15,1924
24.0,9,15,0,1843
24.0,9,15,1,1849
24.0,9,15,2,1855
24.0,9,15,3,1861
24.0,9,15,4,1867
24.0,9,15,5,1873
24.0,9,15,6,1879
24.0,9,15,7,1884
24.0,9,15,8,1890
24.0,9,15,9,1896
24.0,9,15,10,1902
24.0,9,15,11,1907
24.0,9,15,12,1913
24.0,9,15,13,1919
24.0,9,15,14,1925
24.0,9,15,15,1930
24.0,10,0,0,1763
24.0,10,0,1,1769
24.0,10,0,2,1775
24.0,10,0,3,1780
24.0,10,0,4,1786
24.0,10,0,5,1792
24.0,10,0,6,1797
24.0,10,0,7,1803
24.0,10,0,8,1808
24.0,10,0,9,1814
24.0,10,0,10,1819
24.0,10,0,11,1825
24.0,10,0,12,1830
24.0,10,0,13,1836
24.0,10,0,14,1841
24.0,10,0,15,1847
24.0,10,1,0,1769
24.0,10,1,1,1775
24.0,10,1,2,1781
24.0,10,1,3,1786
24.0,10,1,4,1792
24.0,10,1,5,1798
24.0,10,1,6,1803
24.0,10,1,7,1809
24.0,10,1,8,1814
24.0,10,1,9,1820
24.0,10,1,10,1825
24.0,10,1,11,1831
24.0,10,1,12,1836
24.0,10,1,13,1842
24.0,10,1,14,1847
24.0,10,1,15,1853
24.0,10,2,0,1775
24.0,10,2,1,1781
24.0,10,2,2,1787
24.0,10,2,3,1792
24.0,10,2,4,1798
24.0,10,2,5,1804
24.0,10,2,6,1809
24.0,10,2,7,1815
24.0,10,2,8,1820
24.0,10,2,9,1826
24.0,10,2,10,1832
24.0,10,2,11,1837
24.0,10,2,12,1843
24.0,10,2,13,1848
24.0,10,2,14,1854
24.0,10,2,15,1859
24.0,10,3,0,1781
24.0,10,3,1,1787
24.0,10,3,2,1792
24.0,10,3,3,1798
24.0,10,3,4,1804
24.0,10,3,5,1810
24.0,10,3,6,1815
24.0,10,3,7,1821
24.0,10,3,8,1826
24.0,10,3,9,1832
24.0,10,3,10,1838
24.0,10,3,11,1843
24.0,10,3,12,1849
24.0,10,3,13,1854
24.0,10,3,14,1860
24.0,10,3,15,1865
24.0,10,4,0,1787
24.0,10,4,1,1793
24.0,10,4,2,1798
24.0,10,4,3,1804
24.0,10,4,4,1810
24.0,10,4,5,1815
24.0,10,4,6,1821
24.0,10,4,7,1827
24.0,10,4,8,1832
24.0,10,4,9,1838
24.0,10,4,10,1844
24.0,10,4,11,1849
24.0,10,4,12,1855
24.0,10,4,13,1860
24.0,10,4,14,1866
24.0,10,4,15,1871
24.0,10,5,0,1793
24.0,10,5,1,1798
24.0,10,5,2,1804
24.0,10,5,3,1810
24.0,10,5,4,1816
24.0,10,5,5,1821
24.0,10,5,6,1827
24.0,10,5,7,1833
24.0,10,5,8,1838
24.0,10,5,9,1844
24.0,10,5,10,1850
24.0,10,5,11,1855
24.0,10,5,12,1861
24.0,10,5,13,1866
24.0,10,5,14,1872
24.0,10,5,15,1877
24.0,10,6,0,1799
24.0,10,6,1,1804
24.0,10,6,2,1810
24.0,10,6,3,1816
24.0,10,6,4,1822
24.0,10,6,5,1827
24.0,10,6,6,1833
24.0,10,6,7,1839
24.0,10,6,8,1844
24.0,10,6,9,1850
24.0,10,6,10,1856
24.0,10,6,11,1861
24.0,10,6,12,1867
24.0,10,6,13,1872
24.0,10,6,14,1878
24.0,10,6,15,1884
24.0,10,7,0,1804
24.0,10,7,1,1810
24.0,10,7,2,1816
24.0,10,7,3,1822
24.0,10,7,4,1827
24.0,10,7,5,1833
24.0,10,7,6,1839
24.0,10,7,7,1845
24.0,10,7,8,1850
24.0,10,7,9,1856
24.0,10,7,10,1862
24.0,10,7,11,1867
24.0,10,7,12,1873
24.0,10,7,13,1878
24.0,10,7,14,1884
24.0,10,7,15,1890
24.0,10,8,0,1810
24.0,10,8,1,1816
24.0,10,8,2,1822
24.0,10,8,3,1828
24.0,10,8,4,1833
24.0,10,8,5,1839
24.0,10,8,6,1845
24.0,10,8,7,1851
24.0,10,8,8,1856
24.0,10,8,9,1862
24.0,10,8,10,1868
24.0,10,8,11,1873
24.0,10,8,12,1879
24.0,10,8,13,1884
24.0,10,8,14,1890
24.0,10,8,15,1896
24.0,10,9,0,1816
24.0,10,9,1,1822
24.0,10,9,2,1828
24.0,10,9,3,1833
24.0,10,9,4,1839
24.0,10,9,5,1845
24.0,10,9,6,1851
24.0,10,9,7,1856
24.0,10,9,8,1862
24.0,10,9,9,1868
24.0,10,9,10,1874
24.0,10,9,11,1879
24.0,10,9,12,1885
24.0,10,9,13,1890
24.0,10,9,14,1896
24.0,10,9,15,1902
24.0,10,10,0,1822
24.0,10,10,1,1827
24.0,10,10,2,1833
24.0,10,10,3,1839
24.0,10,10,4,1845
24.0,10,10,5,1851
24.0,10,10,6,1857
24.0,10,10,7,1862
24.0,10,10,8,1868
24.0,10,10,9,1874
24.0,10,10,10,1879
24.0,10,10,11,1885
24.0,10,10,12,1891
24.0,10,10,13,1896
24.0,10,10,14,1902
24.0,10,10,15,1908
24.0,10,11,0,1827
24.0,10,11,1,1833
24.0,10,11,2,1839
24.0,10,11,3,1845
24.0,10,11,4,1851
24.0,10,11,5,1857
24.0,10,11,6,1862
24.0,10,11,7,1868
24.0,10,11,8,1874
24.0,10,11,9,1880
24.0,10,11,10,1885
24.0,10,11,11,1891
24.0,10,11,12,1897
24.0,10,11,13,1902
24.0,10,11,14,1908
24.0,10,11,15,1914
24.0,10,12,0,1833
24.0,10,12,1,1839
24.0,10,12,2,1845
24.0,10,12,3,1851
24.0,10,12,4,1857
24.0,10,12,5,1862
24.0,10,12,6,1868
24.0,10,12,7,1874
24.0,10,12,8,1880
24.0,10,12,9,1885
24.0,10,12,10,1891
24.0,10,12,11,1897
24.0,10,12,12,1903
24.0,10,12,13,1908
24.0,10,12,14,1914
24.0,10,12,15,1920
24.0,10,13,0,1839
24.0,10,13,1,1845
24.0,10,13,2,1851
24.0,10,13,3,1856
24.0,10,13,4,1862
24.0,10,13,5,1868
24.0,10,13,6,1874
24.0,10,13,7,1880
24.0,10,13,8,1886
24.0,10,13,9,1891
24.0,10,13,10,1897
24.0,10,13,11,1903
24.0,10,13,12,1909
24.0,10,13,13,1914
24.0,10,13,14,1920
24.0,10,13,15,1926
24.0,10,14,0,1844
24.0,10,14,1,1850
24.0,10,14,2,1856
24.0,10,14,3,1862
24.0,10,14,4,1868
24.0,10,14,5,1874
24.0,10,14,6,1880
24.0,10,14,7,1886
24.0,10,14,8,1891
24.0,10,14,9,1897
24.0,10,14,10,1903
24.0,10,14,11,1909
24.0,10,14,12,1914
24.0,10,14,13,1920
24.0,10,14,14,1926
24.0,10,14,15,1932
24.0,10,15,0,1850
24.0,10,15,1,1856
24.0,10,15,2,1862
24.0,10,15,3,1868
24.0,10,15,4,1874
24.0,10,15,5,1880
24.0,10,15,6,1885
24.0,10,15,7,1891
24.0,10,15,8,1897
24.0,10,15,9,1903
24.0,10,15,10,1909
24.0,10,15,11,1915
24.0,10,15,12,1920
24.0,10,15,13,1926
24.0,10,15,14,1932
24.0,10,15,15,1937
24.0,11,0,0,1770
24.0,11,0,1,1776
24.0,11,0,2,1781
24.0,11,0,3,1787
24.0,11,0,4,1793
24.0,11,0,5,1798
24.0,11,0,6,1804
24.0,11,0,7,1809
24.0,11,0,8,1815
24.0,11,0,9,1821
24.0,11,0,10,1826
24.0,11,0,11,1832
24.0,11,0,12,1837
24.0,11,0,13,1843
24.0,11,0,14,1848
24.0,11,0,15,1854
24.0,11,1,0,1776
24.0,11,1,1,1782
24.0,11,1,2,1787
24.0,11,1,3,1793
24.0,11,1,4,1799
24.0,11,1,5,1804
24.0,11,1,6,1810
24.0,11,1,7,1815
24.0,11,1,8,1821
24.0,11,1,9,1827
24.0,11,1,10,1832
24.0,11,1,11,1838
24.0,11,1,12,1843
24.0,11,1,13,1849
24.0,11,1,14,1854
24.0,11,1,15,1860
24.0,11,2,0,1782
24.0,11,2,1,1787
24.0,11,2,2,1793
24.0,11,2,3,1799
24.0,11,2,4,1805
24.0,11,2,5,1810
24.0,11,2,6,1816
24.0,11,2,7,1822
24.0,11,2,8,1827
24.0,11,2,9,1833
24.0,11,2,10,1838
24.0,11,2,11,1844
24.0,11,2,12,1849
24.0,11,2,13,1855
24.0,11,2,14,1860
24.0,11,2,15,1866
24.0,11,3,0,1788
24.0,11,3,1,1793
24.0,11,3,2,1799
24.0,11,3,3,1805
24.0,11,3,4,1811
24.0,11,3,5,1816
24.0,11,3,6,1822
24.0,11,3,7,1828
24.0,11,3,8,1833
24.0,11,3,9,1839
24.0,11,3,10,1844
24.0,11,3,11,1850
24.0,11,3,12,1856
24.0,11,3,13,1861
24.0,11,3,14,1867
24.0,11,3,15,1872
24.0,11,4,0,1793
24.0,11,4,1,1799
24.0,11,4,2,1805
24.0,11,4,3,1811
24.0,11,4,4,1816
24.0,11,4,5,1822
24.0,11,4,6,1828
24.0,11,4,7,1834
24.0,11,4,8,1839
24.0,11,4,9,1845
24.0,11,4,10,1850
24.0,11,4,11,1856
24.0,11,4,12,1862
24.0,11,4,13,1867
24.0,11,4,14,1873
24.0,11,4,15,1878
24.0,11,5,0,1799
24.0,11,5,1,1805
24.0,11,5,2,1811
24.0,11,5,3,1817
24.0,11,5,4,1822
24.0,11,5,5,1828
24.0,11,5,6,1834
24.0,11,5,7,1840
24.0,11,5,8,1845
24.0,11,5,9,1851
24.0,11,5,10,1856
24.0,11,5,11,1862
24.0,11,5,12,1868
24.0,11,5,13,1873
24.0,11,5,14,1879
24.0,11,5,15,1884
24.0,11,6,0,1805
24.0,11,6,1,1811
24.0,11,6,2,1817
24.0,11,6,3,1823
24.0,11,6,4,1828
24.0,11,6,5,1834
24.0,11,6,6,1840
24.0,11,6,7,1845
24.0,11,6,8,1851
24.0,11,6,9,1857
24.0,11,6,10,1862
24.0,11,6,11,1868
24.0,11,6,12,1874
24.0,11,6,13,1879
24.0,11,6,14,1885
24.0,11,6,15,1891
24.0,11,7,0,1811
24.0,11,7,1,1817
24.0,11,7,2,1823
24.0,11,7,3,1828
24.0,11,7,4,1834
24.0,11,7,5,1840
24.0,11,7,6,1846
24.0,11,7,7,1851
24.0,11,7,8,1857
24.0,11,7,9,1863
24.0,11,7,10,1868
24.0,11,7,11,1874
24.0,11,7,12,1880
24.0,11,7,13,1885
24.0,11,7,14,1891
24.0,11,7,15,1897
24.0,11,8,0,1817
24.0,11,8,1,1823
24.0,11,8,2,1828
24.0,11,8,3,1834
24.0,11,8,4,1840
24.0,11,8,5,1846
24.0,11,8,6,1852
24.0,11,8,7,1857
24.0,11,8,8,1863
24.0,11,8,9,1869
24.0,11,8,10,1874
24.0,11,8,11,1880
24.0,11,8,12,1886
24.0,11,8,13,1891
24.0,11,8,14,1897
24.0,11,8,15,1903
24.0,11,9,0,1823
24.0,11,9,1,1828
24.0,11,9,2,1834
24.0,11,9,3,1840
24.0,11,9,4,1846
24.0,11,9,5,1852
24.0,11,9,6,1857
24.0,11,9,7,1863
24.0,11,9,8,1869
24.0,11,9,9,1875
24.0,11,9,10,1880
24.0,11,9,11,1886
24.0,11,9,12,1892
24.0,11,9,13,1897
24.0,11,9,14,1903
24.0,11,9,15,1909
24.0,11,10,0,1828
24.0,11,10,1,1834
24.0,11,10,2,1840
24.0,11,10,3,1846
24.0,11,10,4,1852
24.0,11,10,5,1858
24.0,11,10,6,1863
24.0,11,10,7,1869
24.0,11,10,8,1875
24.0,11,10,9,1881
24.0,11,10,10,1886
24.0,11,10,11,1892
24.0,11,10,12,1898
24.0,11,10,13,1903
24.0,11,10,14,1909
24.0,11,10,15,1915
24.0,11,11,0,1834
24.0,11,11,1,1840
24.0,11,11,2,1846
24.0,11,11,3,1852
24.0,11,11,4,1858
24.0,11,11,5,1863
24.0,11,11,6,1869
24.0,11,11,7,1875
24.0,11,11,8,1881
24.0,11,11,9,1887
24.0,11,11,10,1892
24.0,11,11,11,1898
24.0,11,11,12,1904
24.0,11,11,13,1909
24.0,11,11,14,1915
24.0,11,11,15,1921
24.0,11,12,0,1840
24.0,11,12,1,1846
24.0,11,12,2,1852
24.0,11,12,3,1857
24.0,11,12,4,1863
24.0,11,12,5,1869
24.0,11,12,6,1875
24.0,11,12,7,1881
24.0,11,12,8,1887
24.0,11,12,9,1892
24.0,11,12,10,1898
24.0,11,12,11,1904
24.0,11,12,12,1910
24.0,11,12,13,1915
24.0,11,12,14,1921
24.0,11,12,15,1927
24.0,11,13,0,1845
24.0,11,13,1,1851
24.0,11,13,2,1857
24.0,11,13,3,1863
24.0,11,13,4,1869
24.0,11,13,5,1875
24.0,11,13,6,1881
24.0,11,13,7,1887
24.0,11,13,8,1893
24.0,11,13,9,1898
24.0,11,13,10,1904
24.0,11,13,11,1910
24.0,11,13,12,1916
24.0,11,13,13,1921
24.0,11,13,14,1927
24.0,11,13,15,1933
24.0,11,14,0,1851
24.0,11,14,1,1857
24.0,11,14,2,1863
24.0,11,14,3,1869
24.0,11,14,4,1875
24.0,11,14,5,1881
24.0,11,14,6,1887
24.0,11,14,7,1893
24.0,11,14,8,1898
24.0,11,14,9,1904
24.0,11,14,10,1910
24.0,11,14,11,1916
24.0,11,14,12,1922
24.0,11,14,13,1927
24.0,11,14,14,1933
24.0,11,14,15,1939
24.0,11,15,0,1857
24.0,11,15,1,1863
24.0,11,15,2,1869
24.0,11,15,3,1875
24.0,11,15,4,1881
24.0,11,15,5,1887
24.0,11,15,6,1892
24.0,11,15,7,1898
24.0,11,15,8,1904
24.0,11,15,9,1910
24.0,11,15,10,1916
24.0,11,15,11,1922
24.0,11,15,12,1927
24.0,11,15,13,1933
24.0,11,15,14,1939
24.0,11,15,15,1945
24.0,12,0,0,1776
24.0,12,0,1,1782
24.0,12,0,2,1788
24.0,12,0,3,1793
24.0,12,0,4,1799
24.0,12,0,5,1805
24.0,12,0,6,1810
24.0,12,0,7,1816
24.0,12,0,8,1822
24.0,12,0,9,1827
24.0,12,0,10,1833
24.0,12,0,11,1838
24.0,12,0,12,1844
24.0,12,0,13,1849
24.0,12,0,14,1855
24.0,12,0,15,1860
24.0,12,1,0,1782
24.0,12,1,1,1788
24.0,12,1,2,1794
24.0,12,1,3,1799
24.0,12,1,4,1805
24.0,12,1,5,1811
24.0,12,1,6,1817
24.0,12,1,7,1822
24.0,12,1,8,1828
24.0,12,1,9,1833
24.0,12,1,10,1839
24.0,12,1,11,1844
24.0,12,1,12,1850
24.0,12,1,13,1856
24.0,12,1,14,1861
24.0,12,1,15,1867
24.0,12,2,0,1788
24.0,12,2,1,1794
24.0,12,2,2,1800
24.0,12,2,3,1805
24.0,12,2,4,1811
24.0,12,2,5,1817
24.0,12,2,6,1823
24.0,12,2,7,1828
24.0,12,2,8,1834
24.0,12,2,9,1839
24.0,12,2,10,1845
24.0,12,2,11,1851
24.0,12,2,12,1856
24.0,12,2,13,1862
24.0,12,2,14,1867
24.0,12,2,15,1873
24.0,12,3,0,1794
24.0,12,3,1,1800
24.0,12,3,2,1806
24.0,12,3,3,1811
24.0,12,3,4,1817
24.0,12,3,5,1823
24.0,12,3,6,1829
24.0,12,3,7,1834
24.0,12,3,8,1840
24.0,12,3,9,1846
24.0,12,3,10,1851
24.0,12,3,11,1857
24.0,12,3,12,1862
24.0,12,3,13,1868
24.0,12,3,14,1873
24.0,12,3,15,1879
24.0,12,4,0,1800
24.0,12,4,1,1806
24.0,12,4,2,1812
24.0,12,4,3,1817
24.0,12,4,4,1823
24.0,12,4,5,1829
24.0,12,4,6,1835
24.0,12,4,7,1840
24.0,12,4,8,1846
24.0,12,4,9,1852
24.0,12,4,10,1857
24.0,12,4,11,1863
24.0,12,4,12,1868
24.0,12,4,13,1874
24.0,12,4,14,1880
24.0,12,4,15,1885
24.0,12,5,0,1806
24.0,12,5,1,1812
24.0,12,5,2,1818
24.0,12,5,3,1823
24.0,12,5,4,1829
24.0,12,5,5,1835
24.0,12,5,6,1841
24.0,12,5,7,1846
24.0,12,5,8,1852
24.0,12,5,9,1858
24.0,12,5,10,1863
24.0,12,5,11,1869
24.0,12,5,12,1875
24.0,12,5,13,1880
24.0,12,5,14,1886
24.0,12,5,15,1891
24.0,12,6,0,1812
24.0,12,6,1,1818
24.0,12,6,2,1823
24.0,12,6,3,1829
24.0,12,6,4,1835
24.0,12,6,5,1841
24.0,12,6,6,1847
24.0,12,6,7,1852
24.0,12,6,8,1858
24.0,12,6,9,1864
24.0,12,6,10,1869
24.0,12,6,11,1875
24.0,12,6,12,1881
24.0,12,6,13,1886
24.0,12,6,14,1892
24.0,12,6,15,1897
24.0,12,7,0,1818
24.0,12,7,1,1823
24.0,12,7,2,1829
24.0,12,7,3,1835
24.0,12,7,4,1841
24.0,12,7,5,1847
24.0,12,7,6,1852
24.0,12,7,7,1858
24.0,12,7,8,1864
24.0,12,7,9,1870
24.0,12,7,10,1875
24.0,12,7,11,1881
24.0,12,7,12,1887
24.0,12,7,13,1892
24.0,12,7,14,1898
24.0,12,7,15,1904
24.0,12,8,0,1823
24.0,12,8,1,1829
24.0,12,8,2,1835
24.0,12,8,3,1841
24.0,12,8,4,1847
24.0,12,8,5,1853
24.0,12,8,6,1858
24.0,12,8,7,1864
24.0,12,8,8,1870
24.0,12,8,9,1876
24.0,12,8,10,1881
24.0,12,8,11,1887
24.0,12,8,12,1893
24.0,12,8,13,1898
24.0,12,8,14,1904
24.0,12,8,15,1910
24.0,12,9,0,1829
24.0,12,9,1,1835
24.0,12,9,2,1841
24.0,12,9,3,1847
24.0,12,9,4,1853
24.0,12,9,5,1859
24.0,12,9,6,1864
24.0,12,9,7,1870
24.0,12,9,8,1876
24.0,12,9,9,1882
24.0,12,9,10,1887
24.0,12,9,11,1893
24.0,12,9,12,1899
24.0,12,9,13,1904
24.0,12,9,14,1910
24.0,12,9,15,1916
24.0,12,10,0,1835
24.0,12,10,1,1841
24.0,12,10,2,1847
24.0,12,10,3,1853
24.0,12,10,4,1859
24.0,12,10,5,1864
24.0,12,10,6,1870
24.0,12,10,7,1876
24.0,12,10,8,1882
24.0,12,10,9,1888
24.0,12,10,10,1893
24.0,12,10,11,1899
24.0,12,10,12,1905
24.0,12,10,13,1910
24.0,12,10,14,1916
24.0,12,10,15,1922
24.0,12,11,0,1841
24.0,12,11,1,1847
24.0,12,11,2,1853
24.0,12,11,3,1859
24.0,12,11,4,1864
24.0,12,11,5,1870
24.0,12,11,6,1876
24.0,12,11,7,1882
24.0,12,11,8,1888
24.0,12,11,9,1893
24.0,12,11,10,1899
24.0,12,11,11,1905
24.0,12,11,12,1911
24.0,12,11,13,1916
24.0,12,11,14,1922
24.0,12,11,15,1928
24.0,12,12,0,1847
24.0,12,12,1,1852
24.0,12,12,2,1858
24.0,12,12,3,1864
24.0,12,12,4,1870
24.0,12,12,5,1876
24.0,12,12,6,1882
24.0,12,12,7,1888
24.0,12,12,8,1894
24.0,12,12,9,1899
24.0,12,12,10,1905
24.0,12,12,11,1911
24.0,12,12,12,1917
24.0,12,12,13,1922
24.0,12,12,14,1928
24.0,12,12,15,1934
24.0,12,13,0,1852
24.0,12,13,1,1858
24.0,12,13,2,1864
24.0,12,13,3,1870
24.0,12,13,4,1876
24.0,12,13,5,1882
24.0,12,13,6,1888
24.0,12,13,7,1894
24.0,12,13,8,1899
24.0,12,13,9,1905
24.0,12,13,10,1911
24.0,12,13,11,1917
24.0,12,13,12,1923
24.0,12,13,13,1928
24.0,12,13,14,1934
24.0,12,13,15,1940
24.0,12,14,0,1858
24.0,12,14,1,1864
24.0,12,14,2,1870
24.0,12,14,3,1876
24.0,12,14,4,1882
24.0,12,14,5,1888
24.0,12,14,6,1894
24.0,12,14,7,1899
24.0,12,14,8,1905
24.0,12,14,9,1911
24.0,12,14,10,1917
24.0,12,14,11,1923
24.0,12,14,12,1929
24.0,12,14,13,1934
24.0,12,14,14,1940
24.0,12,14,15,1946
24.0,12,15,0,1864
24.0,12,15,1,1870
24.0,12,15,2,1876
24.0,12,15,3,1882
24.0,12,15,4,1888
24.0,12,15,5,1893
24.0,12,15,6,1899
24.0,12,15,7,1905
24.0,12,15,8,1911
24.0,12,15,9,1917
24.0,12,15,10,1923
24.0,12,15,11,1929
24.0,12,15,12,1934
24.0,12,15,13,1940
24.0,12,15,14,1946
24.0,12,15,15,1952
24.0,13,0,0,1783
24.0,13,0,1,1789
24.0,13,0,2,1794
24.0,13,0,3,1800
24.0,13,0,4,1806
24.0,13,0,5,1811
24.0,13,0,6,1817
24.0,13,0,7,1823
24.0,13,0,8,1828
24.0,13,0,9,1834
24.0,13,0,10,1840
24.0,13,0,11,1845
24.0,13,0,12,1851
24.0,13,0,13,1856
24.0,13,0,14,1862
24.0,13,0,15,1867
24.0,13,1,0,1789
24.0,13,1,1,1795
24.0,13,1,2,1800
24.0,13,1,3,1806
24.0,13,1,4,1812
24.0,13,1,5,1817
24.0,13,1,6,1823
24.0,13,1,7,1829
24.0,13,1,8,1834
24.0,13,1,9,1840
24.0,13,1,10,1846
24.0,13,1,11,1851
24.0,13,1,12,1857
24.0,13,1,13,1862
24.0,13,1,14,1868
24.0,13,1,15,1873
24.0,13,2,0,1795
24.0,13,2,1,1801
24.0,13,2,2,1806
24.0,13,2,3,1812
24.0,13,2,4,1818
24.0,13,2,5,1824
24.0,13,2,6,1829
24.0,13,2,7,1835
24.0,13,2,8,1841
24.0,13,2,9,1846
24.0,13,2,10,1852
24.0,13,2,11,1857
24.0,13,2,12,1863
24.0,13,2,13,1869
24.0,13,2,14,1874
24.0,13,2,15,1880
24.0,13,3,0,1801
24.0,13,3,1,1807
24.0,13,3,2,1812
24.0,13,3,3,1818
24.0,13,3,4,1824
24.0,13,3,5,1830
24.0,13,3,6,1835
24.0,13,3,7,1841
24.0,13,3,8,1847
24.0,13,3,9,1852
24.0,13,3,10,1858
24.0,13,3,11,1864
24.0,13,3,12,1869
24.0,13,3,13,1875
24.0,13,3,14,1880
24.0,13,3,15,1886
24.0,13,4,0,1807
24.0,13,4,1,1812
24.0,13,4,2,1818
24.0,13,4,3,1824
24.0,13,4,4,1830
24.0,13,4,5,1836
24.0,13,4,6,1841
24.0,13,4,7,1847
24.0,13,4,8,1853
24.0,13,4,9,1858
24.0,13,4,10,1864
24.0,13,4,11,1870
24.0,13,4,12,1875
24.0,13,4,13,1881
24.0,13,4,14,1887
24.0,13,4,15,1892
24.0,13,5,0,1813
24.0,13,5,1,1818
24.0,13,5,2,1824
24.0,13,5,3,1830
24.0,13,5,4,1836
24.0,13,5,5,1842
24.0,13,5,6,1847
24.0,13,5,7,1853
24.0,13,5,8,1859
24.0,13,5,9,1864
24.0,13,5,10,1870
24.0,13,5,11,1876
24.0,13,5,12,1881
24.0,13,5,13,1887
24.0,13,5,14,1893
24.0,13,5,15,1898
24.0,13,6,0,1818
24.0,13,6,1,1824
24.0,13,6,2,1830
24.0,13,6,3,1836
24.0,13,6,4,1842
24.0,13,6,5,1848
24.0,13,6,6,1853
24.0,13,6,7,1859
24.0,13,6,8,1865
24.0,13,6,9,1870
24.0,13,6,10,1876
24.0,13,6,11,1882
24.0,13,6,12,1888
24.0,13,6,13,1893
24.0,13,6,14,1899
24.0,13,6,15,1904
24.0,13,7,0,1824
24.0,13,7,1,1830
24.0,13,7,2,1836
24.0,13,7,3,1842
24.0,13,7,4,1848
24.0,13,7,5,1853
24.0,13,7,6,1859
24.0,13,7,7,1865
24.0,13,7,8,1871
24.0,13,7,9,1877
24.0,13,7,10,1882
24.0,13,7,11,1888
24.0,13,7,12,1894
24.0,13,7,13,1899
24.0,13,7,14,1905
24.0,13,7,15,1911
24.0,13,8,0,1830
24.0,13,8,1,1836
24.0,13,8,2,1842
24.0,13,8,3,1848
24.0,13,8,4,1854
24.0,13,8,5,1859
24.0,13,8,6,1865
24.0,13,8,7,1871
24.0,13,8,8,1877
24.0,13,8,9,1883
24.0,13,8,10,1888
24.0,13,8,11,1894
24.0,13,8,12,1900
24.0,13,8,13,1905
24.0,13,8,14,1911
24.0,13,8,15,1917
24.0,13,9,0,1836
24.0,13,9,1,1842
24.0,13,9,2,1848
24.0,13,9,3,1854
24.0,13,9,4,1859
24.0,13,9,5,1865
24.0,13,9,6,1871
24.0,13,9,7,1877
24.0,13,9,8,1883
24.0,13,9,9,1889
24.0,13,9,10,1894
24.0,13,9,11,1900
24.0,13,9,12,1906
24.0,13,9,13,1911
24.0,13,9,14,1917
24.0,13,9,15,1923
24.0,13,10,0,1842
24.0,13,10,1,1848
24.0,13,10,2,1854
24.0,13,10,3,1859
24.0,13,10,4,1865
24.0,13,10,5,1871
24.0,13,10,6,1877
24.0,13,10,7,1883
24.0,13,10,8,1889
24.0,13,10,9,1894
24.0,13,10,10,1900
24.0,13,10,11,1906
24.0,13,10,12,1912
24.0,13,10,13,1917
24.0,13,10,14,1923
24.0,13,10,15,1929
24.0,13,11,0,1848
24.0,13,11,1,1853
24.0,13,11,2,1859
24.0,13,11,3,1865
24.0,13,11,4,1871
24.0,13,11,5,1877
24.0,13,11,6,1883
24.0,13,11,7,1889
24.0,13,11,8,1895
24.0,13,11,9,1900
24.0,13,11,10,1906
24.0,13,11,11,1912
24.0,13,11,12,1918
24.0,13,11,13,1923
24.0,13,11,14,1929
24.0,13,11,15,1935
24.0,13,12,0,1853
24.0,13,12,1,1859
24.0,13,12,2,1865
24.0,13,12,3,1871
24.0,13,12,4,1877
24.0,13,12,5,1883
24.0,13,12,6,1889
24.0,13,12,7,1895
24.0,13,12,8,1901
24.0,13,12,9,1906
24.0,13,12,10,1912
24.0,13,12,11,1918
24.0,13,12,12,1924
24.0,13,12,13,1929
24.0,13,12,14,1935
24.0,13,12,15,1941
24.0,13,13,0,1859
24.0,13,13,1,1865
24.0,13,13,2,1871
24.0,13,13,3,1877
24.0,13,13,4,1883
24.0,13,13,5,1889
24.0,13,13,6,1895
24.0,13,13,7,1901
24.0,13,13,8,1906
24.0,13,13,9,1912
24.0,13,13,10,1918
24.0,13,13,11,1924
24.0,13,13,12,1930
24.0,13,13,13,1935
24.0,13,13,14,1941
24.0,13,13,15,1947
24.0,13,14,0,1865
24.0,13,14,1,1871
24.0,13,14,2,1877
24.0,13,14,3,1883
24.0,13,14,4,1889
24.0,13,14,5,1895
24.0,13,14,6,1901
24.0,13,14,7,1906
24.0,13,14,8,1912
24.0,13,14,9,1918
24.0,13,14,10,1924
24.0,13,14,11,1930
24.0,13,14,12,1936
24.0,13,14,13,1941
24.0,13,14,14,1947
24.0,13,14,15,1953
24.0,13,15,0,1870
24.0,13,15,1,1877
24.0,13,15,2,1883
24.0,13,15,3,1889
24.0,13,15,4,1894
24.0,13,15,5,1900
24.0,13,15,6,1906
24.0,13,15,7,1912
24.0,13,15,8,1918
24.0,13,15,9,1924
24.0,13,15,10,1930
24.0,13,15,11,1936
24.0,13,15,12,1942
24.0,13,15,13,1947
24.0,13,15,14,1953
24.0,13,15,15,1959
24.0,14,0,0,1789
24.0,14,0,1,1795
24.0,14,0,2,1801
24.0,14,0,3,1807
24.0,14,0,4,1812
24.0,14,0,5,1818
24.0,14,0,6,1824
24.0,14,0,7,1829
24.0,14,0,8,1835
24.0,14,0,9,1841
24.0,14,0,10,1846
24.0,14,0,11,1852
24.0,14,0,12,1857
24.0,14,0,13,1863
24.0,14,0,14,1868
24.0,14,0,15,1874
24.0,14,1,0,1795
24.0,14,1,1,1801
24.0,14,1,2,1807
24.0,14,1,3,1813
24.0,14,1,4,1818
24.0,14,1,5,1824
24.0,14,1,6,1830
24.0,14,1,7,1835
24.0,14,1,8,1841
24.0,14,1,9,1847
24.0,14,1,10,1852
24.0,14,1,11,1858
24.0,14,1,12,1864
24.0,14,1,13,1869
24.0,14,1,14,1875
24.0,14,1,15,1880
24.0,14,2,0,1801
24.0,14,2,1,1807
24.0,14,2,2,1813
24.0,14,2,3,1819
24.0,14,2,4,1824
24.0,14,2,5,1830
24.0,14,2,6,1836
24.0,14,2,7,1842
24.0,14,2,8,1847
24.0,14,2,9,1853
24.0,14,2,10,1859
24.0,14,2,11,1864
24.0,14,2,12,1870
24.0,14,2,13,1875
24.0,14,2,14,1881
24.0,14,2,15,1887
24.0,14,3,0,1807
24.0,14,3,1,1813
24.0,14,3,2,1819
24.0,14,3,3,1825
24.0,14,3,4,1830
24.0,14,3,5,1836
24.0,14,3,6,1842
24.0,14,3,7,1848
24.0,14,3,8,1853
24.0,14,3,9,1859
24.0,14,3,10,1865
24.0,14,3,11,1870
24.0,14,3,12,1876
24.0,14,3,13,1882
24.0,14,3,14,1887
24.0,14,3,15,1893
24.0,14,4,0,1813
24.0,14,4,1,1819
24.0,14,4,2,1825
24.0,14,4,3,1831
24.0,14,4,4,1837
24.0,14,4,5,1842
24.0,14,4,6,1848
24.0,14,4,7,1854
24.0,14,4,8,1859
24.0,14,4,9,1865
24.0,14,4,10,1871
24.0,14,4,11,1877
24.0,14,4,12,1882
24.0,14,4,13,1888
24.0,14,4,14,1893
24.0,14,4,15,1899
24.0,14,5,0,1819
24.0,14,5,1,1825
24.0,14,5,2,1831
24.0,14,5,3,1837
24.0,14,5,4,1843
24.0,14,5,5,1848
24.0,14,5,6,1854
24.0,14,5,7,1860
24.0,14,5,8,1866
24.0,14,5,9,1871
24.0,14,5,10,1877
24.0,14,5,11,1883
24.0,14,5,12,1888
24.0,14,5,13,1894
24.0,14,5,14,1900
24.0,14,5,15,1905
24.0,14,6,0,1825
24.0,14,6,1,1831
24.0,14,6,2,1837
24.0,14,6,3,1843
24.0,14,6,4,1848
24.0,14,6,5,1854
24.0,14,6,6,1860
24.0,14,6,7,1866
24.0,14,6,8,1872
24.0,14,6,9,1877
24.0,14,6,10,1883
24.0,14,6,11,1889
24.0,14,6,12,1894
24.0,14,6,13,1900
24.0,14,6,14,1906
24.0,14,6,15,1911
24.0,14,7,0,1831
24.0,14,7,1,1837
24.0,14,7,2,1843
24.0,14,7,3,1849
24.0,14,7,4,1854
24.0,14,7,5,1860
24.0,14,7,6,1866
24.0,14,7,7,1872
24.0,14,7,8,1878
24.0,14,7,9,1883
24.0,14,7,10,1889
24.0,14,7,11,1895
24.0,14,7,12,1901
24.0,14,7,13,1906
24.0,14,7,14,1912
24.0,14,7,15,1918
24.0,14,8,0,1837
24.0,14,8,1,1843
24.0,14,8,2,1849
24.0,14,8,3,1855
24.0,14,8,4,1860
24.0,14,8,5,1866
24.0,14,8,6,1872
24.0,14,8,7,1878
24.0,14,8,8,1884
24.0,14,8,9,1889
24.0,14,8,10,1895
24.0,14,8,11,1901
24.0,14,8,12,1907
24.0,14,8,13,1912
24.0,14,8,14,1918
24.0,14,8,15,1924
24.0,14,9,0,1843
24.0,14,9,1,1849
24.0,14,9,2,1855
24.0,14,9,3,1860
24.0,14,9,4,1866
24.0,14,9,5,1872
24.0,14,9,6,1878
24.0,14,9,7,1884
24.0,14,9,8,1890
24.0,14,9,9,1895
24.0,14,9,10,1901
24.0,14,9,11,1907
24.0,14,9,12,1913
24.0,14,9,13,1918
24.0,14,9,14,1924
24.0,14,9,15,1930
24.0,14,10,0,1848
24.0,14,10,1,1854
24.0,14,10,2,1860
24.0,14,10,3,1866
24.0,14,10,4,1872
24.0,14,10,5,1878
24.0,14,10,6,1884
24.0,14,10,7,1890
24.0,14,10,8,1896
24.0,14,10,9,1901
24.0,14,10,10,1907
24.0,14,10,11,1913
24.0,14,10,12,1919
24.0,14,10,13,1924
24.0,14,10,14,1930
24.0,14,10,15,1936
24.0,14,11,0,1854
24.0,14,11,1,1860
24.0,14,11,2,1866
24.0,14,11,3,1872
24.0,14,11,4,1878
24.0,14,11,5,1884
24.0,14,11,6,1890
24.0,14,11,7,1896
24.0,14,11,8,1902
24.0,14,11,9,1907
24.0,14,11,10,1913
24.0,14,11,11,1919
24.0,14,11,12,1925
24.0,14,11,13,1930
24.0,14,11,14,1936
24.0,14,11,15,1942
24.0,14,12,0,1860
24.0,14,12,1,1866
24.0,14,12,2,1872
24.0,14,12,3,1878
24.0,14,12,4,1884
24.0,14,12,5,1890
24.0,14,12,6,1896
24.0,14,12,7,1902
24.0,14,12,8,1907
24.0,14,12,9,1913
24.0,14,12,10,1919
24.0,14,12,11,1925
24.0,14,12,12,1931
24.0,14,12,13,1937
24.0,14,12,14,1942
24.0,14,12,15,1948
24.0,14,13,0,1866
24.0,14,13,1,1872
24.0,14,13,2,1878
24.0,14,13,3,1884
24.0,14,13,4,1890
24.0,14,13,5,1896
24.0,14,13,6,1902
24.0,14,13,7,1908
24.0,14,13,8,1913
24.0,14,13,9,1919
24.0,14,13,10,1925
24.0,14,13,11,1931
24.0,14,13,12,1937
24.0,14,13,13,1943
24.0,14,13,14,1948
24.0,14,13,15,1954
24.0,14,14,0,1872
24.0,14,14,1,1878
24.0,14,14,2,1884
24.0,14,14,3,1890
24.0,14,14,4,1896
24.0,14,14,5,1902
24.0,14,14,6,1907
24.0,14,14,7,1913
24.0,14,14,8,1919
24.0,14,14,9,1925
24.0,14,14,10,1931
24.0,14,14,11,1937
24.0,14,14,12,1943
24.0,14,14,13,1949
24.0,14,14,14,1954
24.0,14,14,15,1960
24.0,14,15,0,1877
24.0,14,15,1,1883
24.0,14,15,2,1889
24.0,14,15,3,1895
24.0,14,15,4,1901
24.0,14,15,5,1907
24.0,14,15,6,1913
24.0,14,15,7,1919
24.0,14,15,8,1925
24.0,14,15,9,1931
24.0,14,15,10,1937
24.0,14,15,11,1943
24.0,14,15,12,1949
24.0,14,15,13,1954
24.0,14,15,14,1960
24.0,14,15,15,1966
24.0,15,0,0,1796
24.0,15,0,1,1802
24.0,15,0,2,1807
24.0,15,0,3,1813
24.0,15,0,4,1819
24.0,15,0,5,1825
24.0,15,0,6,1830
24.0,15,0,7,1836
24.0,15,0,8,1842
24.0,15,0,9,1847
24.0,15,0,10,1853
24.0,15,0,11,1859
24.0,15,0,12,1864
24.0,15,0,13,1870
24.0,15,0,14,1875
24.0,15,0,15,1881
24.0,15,1,0,1802
24.0,15,1,1,1808
24.0,15,1,2,1814
24.0,15,1,3,1819
24.0,15,1,4,1825
24.0,15,1,5,1831
24.0,15,1,6,1836
24.0,15,1,7,1842
24.0,15,1,8,1848
24.0,15,1,9,1854
24.0,15,1,10,1859
24.0,15,1,11,1865
24.0,15,1,12,1870
24.0,15,1,13,1876
24.0,15,1,14,1882
24.0,15,1,15,1887
24.0,15,2,0,1808
24.0,15,2,1,1814
24.0,15,2,2,1820
24.0,15,2,3,1825
24.0,15,2,4,1831
24.0,15,2,5,1837
24.0,15,2,6,1843
24.0,15,2,7,1848
24.0,15,2,8,1854
24.0,15,2,9,1860
24.0,15,2,10,1865
24.0,15,2,11,1871
24.0,15,2,12,1877
24.0,15,2,13,1882
24.0,15,2,14,1888
24.0,15,2,15,1893
24.0,15,3,0,1814
24.0,15,3,1,1820
24.0,15,3,2,1826
24.0,15,3,3,1831
24.0,15,3,4,1837
24.0,15,3,5,1843
24.0,15,3,6,1849
24.0,15,3,7,1854
24.0,15,3,8,1860
24.0,15,3,9,1866
24.0,15,3,10,1872
24.0,15,3,11,1877
24.0,15,3,12,1883
24.0,15,3,13,1888
24.0,15,3,14,1894
24.0,15,3,15,1900
24.0,15,4,0,1820
24.0,15,4,1,1826
24.0,15,4,2,1832
24.0,15,4,3,1837
24.0,15,4,4,1843
24.0,15,4,5,1849
24.0,15,4,6,1855
24.0,15,4,7,1860
24.0,15,4,8,1866
24.0,15,4,9,1872
24.0,15,4,10,1878
24.0,15,4,11,1883
24.0,15,4,12,1889
24.0,15,4,13,1895
24.0,15,4,14,1900
24.0,15,4,15,1906
24.0,15,5,0,1826
24.0,15,5,1,1832
24.0,15,5,2,1838
24.0,15,5,3,1843
24.0,15,5,4,1849
24.0,15,5,5,1855
24.0,15,5,6,1861
24.0,15,5,7,1867
24.0,15,5,8,1872
24.0,15,5,9,1878
24.0,15,5,10,1884
24.0,15,5,11,1889
24.0,15,5,12,1895
24.0,15,5,13,1901
24.0,15,5,14,1906
24.0,15,5,15,1912
24.0,15,6,0,1832
24.0,15,6,1,1838
24.0,15,6,2,1843
24.0,15,6,3,1849
24.0,15,6,4,1855
24.0,15,6,5,1861
24.0,15,6,6,1867
24.0,15,6,7,1873
24.0,15,6,8,1878
24.0,15,6,9,1884
24.0,15,6,10,1890
24.0,15,6,11,1896
24.0,15,6,12,1901
24.0,15,6,13,1907
24.0,15,6,14,1913
24.0,15,6,15,1918
24.0,15,7,0,1838
24.0,15,7,1,1844
24.0,15,7,2,1849
24.0,15,7,3,1855
24.0,15,7,4,1861
24.0,15,7,5,1867
24.0,15,7,6,1873
24.0,15,7,7,1879
24.0,15,7,8,1884
24.0,15,7,9,1890
24.0,15,7,10,1896
24.0,15,7,11,1902
24.0,15,7,12,1907
24.0,15,7,13,1913
24.0,15,7,14,1919
24.0,15,7,15,1924
24.0,15,8,0,1843
24.0,15,8,1,1849
24.0,15,8,2,1855
24.0,15,8,3,1861
24.0,15,8,4,1867
24.0,15,8,5,1873
24.0,15,8,6,1879
24.0,15,8,7,1885
24.0,15,8,8,1890
24.0,15,8,9,1896
24.0,15,8,10,1902
24.0,15,8,11,1908
24.0,15,8,12,1914
24.0,15,8,13,1919
24.0,15,8,14,1925
24.0,15,8,15,1931
24.0,15,9,0,1849
24.0,15,9,1,1855
24.0,15,9,2,1861
24.0,15,9,3,1867
24.0,15,9,4,1873
24.0,15,9,5,1879
24.0,15,9,6,1885
24.0,15,9,7,1891
24.0,15,9,8,1896
24.0,15,9,9,1902
24.0,15,9,10,1908
24.0,15,9,11,1914
24.0,15,9,12,1920
24.0,15,9,13,1925
24.0,15,9,14,1931
24.0,15,9,15,1937
24.0,15,10,0,1855
24.0,15,10,1,1861
24.0,15,10,2,1867
24.0,15,10,3,1873
24.0,15,10,4,1879
24.0,15,10,5,1885
24.0,15,10,6,1891
24.0,15,10,7,1897
24.0,15,10,8,1902
24.0,15,10,9,1908
24.0,15,10,10,1914
24.0,15,10,11,1920
24.0,15,10,12,1926
24.0,15,10,13,1931
24.0,15,10,14,1937
24.0,15,10,15,1943
24.0,15,11,0,1861
24.0,15,11,1,1867
24.0,15,11,2,1873
24.0,15,11,3,1879
24.0,15,11,4,1885
24.0,15,11,5,1891
24.0,15,11,6,1897
24.0,15,11,7,1903
24.0,15,11,8,1908
24.0,15,11,9,1914
24.0,15,11,10,1920
24.0,15,11,11,1926
24.0,15,11,12,1932
24.0,15,11,13,1938
24.0,15,11,14,1943
24.0,15,11,15,1949
24.0,15,12,0,1867
24.0,15,12,1,1873
24.0,15,12,2,1879
24.0,15,12,3,1885
24.0,15,12,4,1891
24.0,15,12,5,1897
24.0,15,12,6,1903
24.0,15,12,7,1909
24.0,15,12,8,1914
24.0,15,12,9,1920
24.0,15,12,10,1926
24.0,15,12,11,1932
24.0,15,12,12,1938
24.0,15,12,13,1944
24.0,15,12,14,1949
24.0,15,12,15,1955
24.0,15,13,0,1873
24.0,15,13,1,1879
24.0,15,13,2,1885
24.0,15,13,3,1891
24.0,15,13,4,1897
24.0,15,13,5,1903
24.0,15,13,6,1909
24.0,15,13,7,1914
24.0,15,13,8,1920
24.0,15,13,9,1926
24.0,15,13,10,1932
24.0,15,13,11,1938
24.0,15,13,12,1944
24.0,15,13,13,1950
24.0,15,13,14,1955
24.0,15,13,15,1961
24.0,15,14,0,1878
24.0,15,14,1,1884
24.0,15,14,2,1890
24.0,15,14,3,1896
24.0,15,14,4,1902
24.0,15,14,5,1908
24.0,15,14,6,1914
24.0,15,14,7,1920
24.0,15,14,8,1926
24.0,15,14,9,1932
24.0,15,14,10,1938
24.0,15,14,11,1944
24.0,15,14,12,1950
24.0,15,14,13,1956
24.0,15,14,14,1961
24.0,15,14,15,1967
24.0,15,15,0,1884
24.0,15,15,1,1890
24.0,15,15,2,1896
24.0,15,15,3,1902
24.0,15,15,4,1908
24.0,15,15,5,1914
24.0,15,15,6,1920
24.0,15,15,7,1926
24.0,15,15,8,1932
24.0,15,15,9,1938
24.0,15,15,10,1944
24.0,15,15,11,1950
24.0,15,15,12,1956
24.0,15,15,13,1962
24.0,15,15,14,1967
24.0,15,15,15,1973
24.5,0,0,0,1734
24.5,0,0,1,1739
24.5,0,0,2,1745
24.5,0,0,3,1750
24.5,0,0,4,1756
24.5,0,0,5,1761
24.5,0,0,6,1767
24.5,0,0,7,1772
24.5,0,0,8,1778
24.5,0,0,9,1783
24.5,0,0,10,1789
24.5,0,0,11,1794
24.5,0,0,12,1800
24.5,0,0,13,1805
24.5,0,0,14,1810
24.5,0,0,15,1816
24.5,0,1,0,1739
24.5,0,1,1,1745
24.5,0,1,2,1751
24.5,0,1,3,1756
24.5,0,1,4,1762
24.5,0,1,5,1767
24.5,0,1,6,1773
24.5,0,1,7,1778
24.5,0,1,8,1784
24.5,0,1,9,1789
24.5,0,1,10,1795
24.5,0,1,11,1800
24.5,0,1,12,1806
24.5,0,1,13,1811
24.5,0,1,14,1816
24.5,0,1,15,1822
24.5,0,2,0,1745
24.5,0,2,1,1751
24.5,0,2,2,1756
24.5,0,2,3,1762
24.5,0,2,4,1768
24.5,0,2,5,1773
24.5,0,2,6,1779
24.5,0,2,7,1784
24.5,0,2,8,1790
24.5,0,2,9,1795
24.5,0,2,10,1801
24.5,0,2,11,1806
24.5,0,2,12,1812
24.5,0,2,13,1817
24.5,0,2,14,1822
24.5,0,2,15,1828
24.5,0,3,0,1751
24.5,0,3,1,1757
24.5,0,3,2,1762
24.5,0,3,3,1768
24.5,0,3,4,1773
24.5,0,3,5,1779
24.5,0,3,6,1785
24.5,0,3,7,1790
24.5,0,3,8,1796
24.5,0,3,9,1801
24.5,0,3,10,1807
24.5,0,3,11,1812
24.5,0,3,12,1818
24.5,0,3,13,1823
24.5,0,3,14,1828
24.5,0,3,15,1834
24.5,0,4,0,1757
24.5,0,4,1,1762
24.5,0,4,2,1768
24.5,0,4,3,1774
24.5,0,4,4,1779
24.5,0,4,5,1785
24.5,0,4,6,1790
24.5,0,4,7,1796
24.5,0,4,8,1802
24.5,0,4,9,1807
24.5,0,4,10,1813
24.5,0,4,11,1818
24.5,0,4,12,1824
24.5,0,4,13,1829
24.5,0,4,14,1834
24.5,0,4,15,1840
24.5,0,5,0,1763
24.5,0,5,1,1768
24.5,0,5,2,1774
24.5,0,5,3,1780
24.5,0,5,4,1785
24.5,0,5,5,1791
24.5,0,5,6,1796
24.5,0,5,7,1802
24.5,0,5,8,1807
24.5,0,5,9,1813
24.5,0,5,10,1819
24.5,0,5,11,1824
24.5,0,5,12,1829
24.5,0,5,13,1835
24.5,0,5,14,1840
24.5,0,5,15,1846
24.5,0,6,0,1768
24.5,0,6,1,1774
24.5,0,6,2,1780
24.5,0,6,3,1785
24.5,0,6,4,1791
24.5,0,6,5,1797
24.5,0,6,6,1802
24.5,0,6,7,1808
24.5,0,6,8,1813
24.5,0,6,9,1819
24.5,0,6,10,1824
24.5,0,6,11,1830
24.5,0,6,12,1835
24.5,0,6,13,1841
24.5,0,6,14,1846
24.5,0,6,15,1852
24.5,0,7,0,1774
24.5,0,7,1,1780
24.5,0,7,2,1785
24.5,0,7,3,1791
24.5,0,7,4,1797
24.5,0,7,5,1802
24.5,0,7,6,1808
24.5,0,7,7,1814
24.5,0,7,8,1819
24.5,0,7,9,1825
24.5,0,7,10,1830
24.5,0,7,11,1836
24.5,0,7,12,1841
24.5,0,7,13,1847
24.5,0,7,14,1852
24.5,0,7,15,1858
24.5,0,8,0,1780
24.5,0,8,1,1785
24.5,0,8,2,1791
24.5,0,8,3,1797
24.5,0,8,4,1802
24.5,0,8,5,1808
24.5,0,8,6,1814
24.5,0,8,7,1819
24.5,0,8,8,1825
24.5,0,8,9,1831
24.5,0,8,10,1836
24.5,0,8,11,1842
24.5,0,8,12,1847
24.5,0,8,13,1853
24.5,0,8,14,1858
24.5,0,8,15,1864
24.5,0,9,0,1785
24.5,0,9,1,1791
24.5,0,9,2,1797
24.5,0,9,3,1802
24.5,0,9,4,1808
24.5,0,9,5,1814
24.5,0,9,6,1820
24.5,0,9,7,1825
24.5,0,9,8,1831
24.5,0,9,9,1836
24.5,0,9,10,1842
24.5,0,9,11,1848
24.5,0,9,12,1853
24.5,0,9,13,1859
24.5,0,9,14,1864
24.5,0,9,15,1870
24.5,0,10,0,1791
24.5,0,10,1,1797
24.5,0,10,2,1802
24.5,0,10,3,1808
24.5,0,10,4,1814
24.5,0,10,5,1820
24.5,0,10,6,1825
24.5,0,10,7,1831
24.5,0,10,8,1837
24.5,0,10,9,1842
24.5,0,10,10,1848
24.5,0,10,11,1853
24.5,0,10,12,1859
24.5,0,10,13,1865
24.5,0,10,14,1870
24.5,0,10,15,1876
24.5,0,11,0,1797
24.5,0,11,1,1802
24.5,0,11,2,1808
24.5,0,11,3,1814
24.5,0,11,4,1820
24.5,0,11,5,1825
24.5,0,11,6,1831
24.5,0,11,7,1837
24.5,0,11,8,1842
24.5,0,11,9,1848
24.5,0,11,10,1854
24.5,0,11,11,1859
24.5,0,11,12,1865
24.5,0,11,13,1870
24.5,0,11,14,1876
24.5,0,11,15,1881
24.5,0,12,0,1802
24.5,0,12,1,1808
24.5,0,12,2,1814
24.5,0,12,3,1820
24.5,0,12,4,1825
24.5,0,12,5,1831
24.5,0,12,6,1837
24.5,0,12,7,1842
24.5,0,12,8,1848
24.5,0,12,9,1854
24.5,0,12,10,1859
24.5,0,12,11,1865
24.5,0,12,12,1871
24.5,0,12,13,1876
24.5,0,12,14,1882
24.5,0,12,15,1887
24.5,0,13,0,1808
24.5,0,13,1,1814
24.5,0,13,2,1819
24.5,0,13,3,1825
24.5,0,13,4,1831
24.5,0,13,5,1837
24.5,0,13,6,1842
24.5,0,13,7,1848
24.5,0,13,8,1854
24.5,0,13,9,1859
24.5,0,13,10,1865
24.5,0,13,11,1871
24.5,0,13,12,1876
24.5,0,13,13,1882
24.5,0,13,14,1888
24.5,0,13,15,1893
24.5,0,14,0,1813
24.5,0,14,1,1819
24.5,0,14,2,1825
24.5,0,14,3,1831
24.5,0,14,4,1837
24.5,0,14,5,1842
24.5,0,14,6,1848
24.5,0,14,7,1854
24.5,0,14,8,1860
24.5,0,14,9,1865
24.5,0,14,10,1871
24.5,0,14,11,1877
24.5,0,14,12,1882
24.5,0,14,13,1888
24.5,0,14,14,1893
24.5,0,14,15,1899
24.5,0,15,0,1819
24.5,0,15,1,1825
24.5,0,15,2,1831
24.5,0,15,3,1836
24.5,0,15,4,1842
24.5,0,15,5,1848
24.5,0,15,6,1854
24.5,0,15,7,1859
24.5,0,15,8,1865
24.5,0,15,9,1871
24.5,0,15,10,1877
24.5,0,15,11,1882
24.5,0,15,12,1888
24.5,0,15,13,1894
24.5,0,15,14,1899
24.5,0,15,15,1905
24.5,1,0,0,1740
24.5,1,0,1,1746
24.5,1,0,2,1752
24.5,1,0,3,1757
24.5,1,0,4,1763
24.5,1,0,5,1768
24.5,1,0,6,1774
24.5,1,0,7,1779
24.5,1,0,8,1785
24.5,1,0,9,1790
24.5,1,0,10,1796
24.5,1,0,11,1801
24.5,1,0,12,1806
24.5,1,0,13,1812
24.5,1,0,14,1817
24.5,1,0,15,1823
24.5,1,1,0,1746
24.5,1,1,1,1752
24.5,1,1,2,1757
24.5,1,1,3,1763
24.5,1,1,4,1769
24.5,1,1,5,1774
24.5,1,1,6,1780
24.5,1,1,7,1785
24.5,1,1,8,1791
24.5,1,1,9,1796
24.5,1,1,10,1802
24.5,1,1,11,1807
24.5,1,1,12,1812
24.5,1,1,13,1818
24.5,1,1,14,1823
24.5,1,1,15,1829
24.5,1,2,0,1752
24.5,1,2,1,1758
24.5,1,2,2,1763
24.5,1,2,3,1769
24.5,1,2,4,1774
24.5,1,2,5,1780
24.5,1,2,6,1786
24.5,1,2,7,1791
24.5,1,2,8,1797
24.5,1,2,9,1802
24.5,1,2,10,1808
24.5,1,2,11,1813
24.5,1,2,12,1819
24.5,1,2,13,1824
24.5,1,2,14,1829
24.5,1,2,15,1835
24.5,1,3,0,1758
24.5,1,3,1,1763
24.5,1,3,2,1769
24.5,1,3,3,1775
24.5,1,3,4,1780
24.5,1,3,5,1786
24.5,1,3,6,1791
24.5,1,3,7,1797
24.5,1,3,8,1803
24.5,1,3,9,1808
24.5,1,3,10,1814
24.5,1,3,11,1819
24.5,1,3,12,1825
24.5,1,3,13,1830
24.5,1,3,14,1835
24.5,1,3,15,1841
24.5,1,4,0,1764
24.5,1,4,1,1769
24.5,1,4,2,1775
24.5,1,4,3,1781
24.5,1,4,4,1786
24.5,1,4,5,1792
24.5,1,4,6,1797
24.5,1,4,7,1803
24.5,1,4,8,1808
24.5,1,4,9,1814
24.5,1,4,10,1820
24.5,1,4,11,1825
24.5,1,4,12,1831
24.5,1,4,13,1836
24.5,1,4,14,1841
24.5,1,4,15,1847
24.5,1,5,0,1769
24.5,1,5,1,1775
24.5,1,5,2,1781
24.5,1,5,3,1786
24.5,1,5,4,1792
24.5,1,5,5,1798
24.5,1,5,6,1803
24.5,1,5,7,1809
24.5,1,5,8,1814
24.5,1,5,9,1820
24.5,1,5,10,1825
24.5,1,5,11,1831
24.5,1,5,12,1837
24.5,1,5,13,1842
24.5,1,5,14,1847
24.5,1,5,15,1853
24.5,1,6,0,1775
24.5,1,6,1,1781
24.5,1,6,2,1786
24.5,1,6,3,1792
24.5,1,6,4,1798
24.5,1,6,5,1803
24.5,1,6,6,1809
24.5,1,6,7,1815
24.5,1,6,8,1820
24.5,1,6,9,1826
24.5,1,6,10,1831
24.5,1,6,11,1837
24.5,1,6,12,1842
24.5,1,6,13,1848
24.5,1,6,14,1853
24.5,1,6,15,1859
24.5,1,7,0,1781
24.5,1,7,1,1786
24.5,1,7,2,1792
24.5,1,7,3,1798
24.5,1,7,4,1804
24.5,1,7,5,1809
24.5,1,7,6,1815
24.5,1,7,7,1821
24.5,1,7,8,1826
24.5,1,7,9,1832
24.5,1,7,10,1837
24.5,1,7,11,1843
24.5,1,7,12,1848
24.5,1,7,13,1854
24.5,1,7,14,1859
24.5,1,7,15,1865
24.5,1,8,0,1786
24.5,1,8,1,1792
24.5,1,8,2,1798
24.5,1,8,3,1804
24.5,1,8,4,1809
24.5,1,8,5,1815
24.5,1,8,6,1821
24.5,1,8,7,1826
24.5,1,8,8,1832
24.5,1,8,9,1838
24.5,1,8,10,1843
24.5,1,8,11,1849
24.5,1,8,12,1854
24.5,1,8,13,1860
24.5,1,8,14,1865
24.5,1,8,15,1871
24.5,1,9,0,1792
24.5,1,9,1,1798
24.5,1,9,2,1804
24.5,1,9,3,1809
24.5,1,9,4,1815
24.5,1,9,5,1821
24.5,1,9,6,1826
24.5,1,9,7,1832
24.5,1,9,8,1838
24.5,1,9,9,1843
24.5,1,9,10,1849
24.5,1,9,11,1855
24.5,1,9,12,1860
24.5,1,9,13,1866
24.5,1,9,14,1871
24.5,1,9,15,1877
24.5,1,10,0,1798
24.5,1,10,1,1804
24.5,1,10,2,1809
24.5,1,10,3,1815
24.5,1,10,4,1821
24.5,1,10,5,1827
24.5,1,10,6,1832
24.5,1,10,7,1838
24.5,1,10,8,1844
24.5,1,10,9,1849
24.5,1,10,10,1855
24.5,1,10,11,1860
24.5,1,10,12,1866
24.5,1,10,13,1872
24.5,1,10,14,1877
24.5,1,10,15,1883
24.5,1,11,0,1803
24.5,1,11,1,1809
24.5,1,11,2,1815
24.5,1,11,3,1821
24.5,1,11,4,1827
24.5,1,11,5,1832
24.5,1,11,6,1838
24.5,1,11,7,1844
24.5,1,11,8,1849
24.5,1,11,9,1855
24.5,1,11,10,1861
24.5,1,11,11,1866
24.5,1,11,12,1872
24.5,1,11,13,1878
24.5,1,11,14,1883
24.5,1,11,15,1889
24.5,1,12,0,1809
24.5,1,12,1,1815
24.5,1,12,2,1821
24.5,1,12,3,1826
24.5,1,12,4,1832
24.5,1,12,5,1838
24.5,1,12,6,1844
24.5,1,12,7,1849
24.5,1,12,8,1855
24.5,1,12,9,1861
24.5,1,12,10,1867
24.5,1,12,11,1872
24.5,1,12,12,1878
24.5,1,12,13,1883
24.5,1,12,14,1889
24.5,1,12,15,1895
24.5,1,13,0,1815
24.5,1,13,1,1821
24.5,1,13,2,1826
24.5,1,13,3,1832
24.5,1,13,4,1838
24.5,1,13,5,1844
24.5,1,13,6,1849
24.5,1,13,7,1855
24.5,1,13,8,1861
24.5,1,13,9,1867
24.5,1,13,10,1872
24.5,1,13,11,1878
24.5,1,13,12,1884
24.5,1,13,13,1889
24.5,1,13,14,1895
24.5,1,13,15,1900
24.5,1,14,0,1820
24.5,1,14,1,1826
24.5,1,14,2,1832
24.5,1,14,3,1838
24.5,1,14,4,1844
24.5,1,14,5,1849
24.5,1,14,6,1855
24.5,1,14,7,1861
24.5,1,14,8,1867
24.5,1,14,9,1872
24.5,1,14,10,1878
24.5,1,14,11,1884
24.5,1,14,12,1889
24.5,1,14,13,1895
24.5,1,14,14,1901
24.5,1,14,15,1906
24.5,1,15,0,1826
24.5,1,15,1,1832
24.5,1,15,2,1838
24.5,1,15,3,1843
24.5,1,15,4,1849
24.5,1,15,5,1855
24.5,1,15,6,1861
24.5,1,15,7,1867
24.5,1,15,8,1872
24.5,1,15,9,1878
24.5,1,15,10,1884
24.5,1,15,11,1890
24.5,1,15,12,1895
24.5,1,15,13,1901
24.5,1,15,14,1907
24.5,1,15,15,1912
24.5,2,0,0,1747
24.5,2,0,1,1753
24.5,2,0,2,1758
24.5,2,0,3,1764
24.5,2,0,4,1769
24.5,2,0,5,1775
24.5,2,0,6,1780
24.5,2,0,7,1786
24.5,2,0,8,1791
24.5,2,0,9,1797
24.5,2,0,10,1802
24.5,2,0,11,1808
24.5,2,0,12,1813
24.5,2,0,13,1819
24.5,2,0,14,1824
24.5,2,0,15,1830
24.5,2,1,0,1753
24.5,2,1,1,1758
24.5,2,1,2,1764
24.5,2,1,3,1770
24.5,2,1,4,1775
24.5,2,1,5,1781
24.5,2,1,6,1786
24.5,2,1,7,1792
24.5,2,1,8,1797
24.5,2,1,9,1803
24.5,2,1,10,1808
24.5,2,1,11,1814
24.5,2,1,12,1819
24.5,2,1,13,1825
24.5,2,1,14,1830
24.5,2,1,15,1836
24.5,2,2,0,1759
24.5,2,2,1,1764
24.5,2,2,2,1770
24.5,2,2,3,1776
24.5,2,2,4,1781
24.5,2,2,5,1787
24.5,2,2,6,1792
24.5,2,2,7,1798
24.5,2,2,8,1803
24.5,2,2,9,1809
24.5,2,2,10,1815
24.5,2,2,11,1820
24.5,2,2,12,1825
24.5,2,2,13,1831
24.5,2,2,14,1836
24.5,2,2,15,1842
24.5,2,3,0,1764
24.5,2,3,1,1770
24.5,2,3,2,1776
24.5,2,3,3,1781
24.5,2,3,4,1787
24.5,2,3,5,1793
24.5,2,3,6,1798
24.5,2,3,7,1804
24.5,2,3,8,1809
24.5,2,3,9,1815
24.5,2,3,10,1821
24.5,2,3,11,1826
24.5,2,3,12,1832
24.5,2,3,13,1837
24.5,2,3,14,1842
24.5,2,3,15,1848
24.5,2,4,0,1770
24.5,2,4,1,1776
24.5,2,4,2,1782
24.5,2,4,3,1787
24.5,2,4,4,1793
24.5,2,4,5,1799
24.5,2,4,6,1804
24.5,2,4,7,1810
24.5,2,4,8,1815
24.5,2,4,9,1821
24.5,2,4,10,1826
24.5,2,4,11,1832
24.5,2,4,12,1838
24.5,2,4,13,1843
24.5,2,4,14,1848
24.5,2,4,15,1854
24.5,2,5,0,1776
24.5,2,5,1,1782
24.5,2,5,2,1787
24.5,2,5,3,1793
24.5,2,5,4,1799
24.5,2,5,5,1804
24.5,2,5,6,1810
24.5,2,5,7,1816
24.5,2,5,8,1821
24.5,2,5,9,1827
24.5,2,5,10,1832
24.5,2,5,11,1838
24.5,2,5,12,1844
24.5,2,5,13,1849
24.5,2,5,14,1855
24.5,2,5,15,1860
24.5,2,6,0,1782
24.5,2,6,1,1788
24.5,2,6,2,1793
24.5,2,6,3,1799
24.5,2,6,4,1805
24.5,2,6,5,1810
24.5,2,6,6,1816
24.5,2,6,7,1822
24.5,2,6,8,1827
24.5,2,6,9,1833
24.5,2,6,10,1838
24.5,2,6,11,1844
24.5,2,6,12,1849
24.5,2,6,13,1855
24.5,2,6,14,1861
24.5,2,6,15,1866
24.5,2,7,0,1788
24.5,2,7,1,1793
24.5,2,7,2,1799
24.5,2,7,3,1805
24.5,2,7,4,1810
24.5,2,7,5,1816
24.5,2,7,6,1822
24.5,2,7,7,1827
24.5,2,7,8,1833
24.5,2,7,9,1839
24.5,2,7,10,1844
24.5,2,7,11,1850
24.5,2,7,12,1855
24.5,2,7,13,1861
24.5,2,7,14,1867
24.5,2,7,15,1872
24.5,2,8,0,1793
24.5,2,8,1,1799
24.5,2,8,2,1805
24.5,2,8,3,1811
24.5,2,8,4,1816
24.5,2,8,5,1822
24.5,2,8,6,1828
24.5,2,8,7,1833
24.5,2,8,8,1839
24.5,2,8,9,1845
24.5,2,8,10,1850
24.5,2,8,11,1856
24.5,2,8,12,1861
24.5,2,8,13,1867
24.5,2,8,14,1873
24.5,2,8,15,1878
24.5,2,9,0,1799
24.5,2,9,1,1805
24.5,2,9,2,1811
24.5,2,9,3,1816
24.5,2,9,4,1822
24.5,2,9,5,1828
24.5,2,9,6,1833
24.5,2,9,7,1839
24.5,2,9,8,1845
24.5,2,9,9,1850
24.5,2,9,10,1856
24.5,2,9,11,1862
24.5,2,9,12,1867
24.5,2,9,13,1873
24.5,2,9,14,1878
24.5,2,9,15,1884
24.5,2,10,0,1805
24.5,2,10,1,1810
24.5,2,10,2,1816
24.5,2,10,3,1822
24.5,2,10,4,1828
24.5,2,10,5,1834
24.5,2,10,6,1839
24.5,2,10,7,1845
24.5,2,10,8,1851
24.5,2,10,9,1856
24.5,2,10,10,1862
24.5,2,10,11,1868
24.5,2,10,12,1873
24.5,2,10,13,1879
24.5,2,10,14,1884
24.5,2,10,15,1890
24.5,2,11,0,1810
24.5,2,11,1,1816
24.5,2,11,2,1822
24.5,2,11,3,1828
24.5,2,11,4,1834
24.5,2,11,5,1839
24.5,2,11,6,1845
24.5,2,11,7,1851
24.5,2,11,8,1856
24.5,2,11,9,1862
24.5,2,11,10,1868
24.5,2,11,11,1873
24.5,2,11,12,1879
24.5,2,11,13,1885
24.5,2,11,14,1890
24.5,2,11,15,1896
24.5,2,12,0,1816
24.5,2,12,1,1822
24.5,2,12,2,1828
24.5,2,12,3,1833
24.5,2,12,4,1839
24.5,2,12,5,1845
24.5,2,12,6,1851
24.5,2,12,7,1857
24.5,2,12,8,1862
24.5,2,12,9,1868
24.5,2,12,10,1874
24.5,2,12,11,1879
24.5,2,12,12,1885
24.5,2,12,13,1891
24.5,2,12,14,1896
24.5,2,12,15,1902
24.5,2,13,0,1822
24.5,2,13,1,1827
24.5,2,13,2,1833
24.5,2,13,3,1839
24.5,2,13,4,1845
24.5,2,13,5,1851
24.5,2,13,6,1857
24.5,2,13,7,1862
24.5,2,13,8,1868
24.5,2,13,9,1874
24.5,2,13,10,1879
24.5,2,13,11,1885
24.5,2,13,12,1891
24.5,2,13,13,1896
24.5,2,13,14,1902
24.5,2,13,15,1908
24.5,2,14,0,1827
24.5,2,14,1,1833
24.5,2,14,2,1839
24.5,2,14,3,1845
24.5,2,14,4,1851
24.5,2,14,5,1856
24.5,2,14,6,1862
24.5,2,14,7,1868
24.5,2,14,8,1874
24.5,2,14,9,1880
24.5,2,14,10,1885
24.5,2,14,11,1891
24.5,2,14,12,1897
24.5,2,14,13,1902
24.5,2,14,14,1908
24.5,2,14,15,1914
24.5,2,15,0,1833
24.5,2,15,1,1839
24.5,2,15,2,1845
24.5,2,15,3,1850
24.5,2,15,4,1856
24.5,2,15,5,1862
24.5,2,15,6,1868
24.5,2,15,7,1874
24.5,2,15,8,1880
24.5,2,15,9,1885
24.5,2,15,10,1891
24.5,2,15,11,1897
24.5,2,15,12,1902
24.5,2,15,13,1908
24.5,2,15,14,1914
24.5,2,15,15,1919
24.5,3,0,0,1754
24.5,3,0,1,1759
24.5,3,0,2,1765
24.5,3,0,3,1770
24.5,3,0,4,1776
24.5,3,0,5,1782
24.5,3,0,6,1787
24.5,3,0,7,1793
24.5,3,0,8,1798
24.5,3,0,9,1804
24.5,3,0,10,1809
24.5,3,0,11,1815
24.5,3,0,12,1820
24.5,3,0,13,1826
24.5,3,0,14,1831
24.5,3,0,15,1837
24.5,3,1,0,1759
24.5,3,1,1,1765
24.5,3,1,2,1771
24.5,3,1,3,1776
24.5,3,1,4,1782
24.5,3,1,5,1788
24.5,3,1,6,1793
24.5,3,1,7,1799
24.5,3,1,8,1804
24.5,3,1,9,1810
24.5,3,1,10,1815
24.5,3,1,11,1821
24.5,3,1,12,1826
24.5,3,1,13,1832
24.5,3,1,14,1837
24.5,3,1,15,1843
24.5,3,2,0,1765
24.5,3,2,1,1771
24.5,3,2,2,1777
24.5,3,2,3,1782
24.5,3,2,4,1788
24.5,3,2,5,1794
24.5,3,2,6,1799
24.5,3,2,7,1805
24.5,3,2,8,1810
24.5,3,2,9,1816
24.5,3,2,10,1821
24.5,3,2,11,1827
24.5,3,2,12,1832
24.5,3,2,13,1838
24.5,3,2,14,1843
24.5,3,2,15,1849
24.5,3,3,0,1771
24.5,3,3,1,1777
24.5,3,3,2,1783
24.5,3,3,3,1788
24.5,3,3,4,1794
24.5,3,3,5,1800
24.5,3,3,6,1805
24.5,3,3,7,1811
24.5,3,3,8,1816
24.5,3,3,9,1822
24.5,3,3,10,1827
24.5,3,3,11,1833
24.5,3,3,12,1838
24.5,3,3,13,1844
24.5,3,3,14,1849
24.5,3,3,15,1855
24.5,3,4,0,1777
24.5,3,4,1,1783
24.5,3,4,2,1788
24.5,3,4,3,1794
24.5,3,4,4,1800
24.5,3,4,5,1805
24.5,3,4,6,1811
24.5,3,4,7,1817
24.5,3,4,8,1822
24.5,3,4,9,1828
24.5,3,4,10,1833
24.5,3,4,11,1839
24.5,3,4,12,1845
24.5,3,4,13,1850
24.5,3,4,14,1856
24.5,3,4,15,1861
24.5,3,5,0,1783
24.5,3,5,1,1789
24.5,3,5,2,1794
24.5,3,5,3,1800
24.5,3,5,4,1806
24.5,3,5,5,1811
24.5,3,5,6,1817
24.5,3,5,7,1823
24.5,3,5,8,1828
24.5,3,5,9,1834
24.5,3,5,10,1839
24.5,3,5,11,1845
24.5,3,5,12,1851
24.5,3,5,13,1856
24.5,3,5,14,1862
24.5,3,5,15,1867
24.5,3,6,0,1789
24.5,3,6,1,1794
24.5,3,6,2,1800
24.5,3,6,3,1806
24.5,3,6,4,1812
24.5,3,6,5,1817
24.5,3,6,6,1823
24.5,3,6,7,1829
24.5,3,6,8,1834
24.5,3,6,9,1840
24.5,3,6,10,1845
24.5,3,6,11,1851
24.5,3,6,12,1857
24.5,3,6,13,1862
24.5,3,6,14,1868
24.5,3,6,15,1873
24.5,3,7,0,1794
24.5,3,7,1,1800
24.5,3,7,2,1806
24.5,3,7,3,1812
24.5,3,7,4,1817
24.5,3,7,5,1823
24.5,3,7,6,1829
24.5,3,7,7,1834
24.5,3,7,8,1840
24.5,3,7,9,1846
24.5,3,7,10,1851
24.5,3,7,11,1857
24.5,3,7,12,1863
24.5,3,7,13,1868
24.5,3,7,14,1874
24.5,3,7,15,1879
24.5,3,8,0,1800
24.5,3,8,1,1806
24.5,3,8,2,1812
24.5,3,8,3,1817
24.5,3,8,4,1823
24.5,3,8,5,1829
24.5,3,8,6,1835
24.5,3,8,7,1840
24.5,3,8,8,1846
24.5,3,8,9,1852
24.5,3,8,10,1857
24.5,3,8,11,1863
24.5,3,8,12,1868
24.5,3,8,13,1874
24.5,3,8,14,1880
24.5,3,8,15,1885
24.5,3,9,0,1806
24.5,3,9,1,1812
24.5,3,9,2,1817
24.5,3,9,3,1823
24.5,3,9,4,1829
24.5,3,9,5,1835
24.5,3,9,6,1840
24.5,3,9,7,1846
24.5,3,9,8,1852
24.5,3,9,9,1857
24.5,3,9,10,1863
24.5,3,9,11,1869
24.5,3,9,12,1874
24.5,3,9,13,1880
24.5,3,9,14,1886
24.5,3,9,15,1891
24.5,3,10,0,1812
24.5,3,10,1,1817
24.5,3,10,2,1823
24.5,3,10,3,1829
24.5,3,10,4,1835
24.5,3,10,5,1840
24.5,3,10,6,1846
24.5,3,10,7,1852
24.5,3,10,8,1858
24.5,3,10,9,1863
24.5,3,10,10,1869
24.5,3,10,11,1875
24.5,3,10,12,1880
24.5,3,10,13,1886
24.5,3,10,14,1892
24.5,3,10,15,1897
24.5,3,11,0,1817
24.5,3,11,1,1823
24.5,3,11,2,1829
24.5,3,11,3,1835
24.5,3,11,4,1840
24.5,3,11,5,1846
24.5,3,11,6,1852
24.5,3,11,7,1858
24.5,3,11,8,1864
24.5,3,11,9,1869
24.5,3,11,10,1875
24.5,3,11,11,1881
24.5,3,11,12,1886
24.5,3,11,13,1892
24.5,3,11,14,1898
24.5,3,11,15,1903
24.5,3,12,0,1823
24.5,3,12,1,1829
24.5,3,12,2,1835
24.5,3,12,3,1840
24.5,3,12,4,1846
24.5,3,12,5,1852
24.5,3,12,6,1858
24.5,3,12,7,1864
24.5,3,12,8,1869
24.5,3,12,9,1875
24.5,3,12,10,1881
24.5,3,12,11,1886
24.5,3,12,12,1892
24.5,3,12,13,1898
24.5,3,12,14,1903
24.5,3,12,15,1909
24.5,3,13,0,1829
24.5,3,13,1,1834
24.5,3,13,2,1840
24.5,3,13,3,1846
24.5,3,13,4,1852
24.5,3,13,5,1858
24.5,3,13,6,1864
24.5,3,13,7,1869
24.5,3,13,8,1875
24.5,3,13,9,1881
24.5,3,13,10,1887
24.5,3,13,11,1892
24.5,3,13,12,1898
24.5,3,13,13,1904
24.5,3,13,14,1909
24.5,3,13,15,1915
24.5,3,14,0,1834
24.5,3,14,1,1840
24.5,3,14,2,1846
24.5,3,14,3,1852
24.5,3,14,4,1858
24.5,3,14,5,1864
24.5,3,14,6,1869
24.5,3,14,7,1875
24.5,3,14,8,1881
24.5,3,14,9,1887
24.5,3,14,10,1892
24.5,3,14,11,1898
24.5,3,14,12,1904
24.5,3,14,13,1910
24.5,3,14,14,1915
24.5,3,14,15,1921
24.5,3,15,0,1840
24.5,3,15,1,1846
24.5,3,15,2,1852
24.5,3,15,3,1857
24.5,3,15,4,1863
24.5,3,15,5,1869
24.5,3,15,6,1875
24.5,3,15,7,1881
24.5,3,15,8,1887
24.5,3,15,9,1892
24.5,3,15,10,1898
24.5,3,15,11,1904
24.5,3,15,12,1910
24.5,3,15,13,1915
24.5,3,15,14,1921
24.5,3,15,15,1927
24.5,4,0,0,1760
24.5,4,0,1,1766
24.5,4,0,2,1772
24.5,4,0,3,1777
24.5,4,0,4,1783
24.5,4,0,5,1788
24.5,4,0,6,1794
24.5,4,0,7,1800
24.5,4,0,8,1805
24.5,4,0,9,1811
24.5,4,0,10,1816
24.5,4,0,11,1822
24.5,4,0,12,1827
24.5,4,0,13,1833
24.5,4,0,14,1838
24.5,4,0,15,1843
24.5,4,1,0,1766
24.5,4,1,1,1772
24.5,4,1,2,1778
24.5,4,1,3,1783
24.5,4,1,4,1789
24.5,4,1,5,1794
24.5,4,1,6,1800
24.5,4,1,7,1806
24.5,4,1,8,1811
24.5,4,1,9,1817
24.5,4,1,10,1822
24.5,4,1,11,1828
24.5,4,1,12,1833
24.5,4,1,13,1839
24.5,4,1,14,1844
24.5,4,1,15,1850
24.5,4,2,0,1772
24.5,4,2,1,1778
24.5,4,2,2,1783
24.5,4,2,3,1789
24.5,4,2,4,1795
24.5,4,2,5,1800
24.5,4,2,6,1806
24.5,4,2,7,1812
24.5,4,2,8,1817
24.5,4,2,9,1823
24.5,4,2,10,1828
24.5,4,2,11,1834
24.5,4,2,12,1839
24.5,4,2,13,1845
24.5,4,2,14,1850
24.5,4,2,15,1856
24.5,4,3,0,1778
24.5,4,3,1,1784
24.5,4,3,2,1789
24.5,4,3,3,1795
24.5,4,3,4,1801
24.5,4,3,5,1806
24.5,4,3,6,1812
24.5,4,3,7,1818
24.5,4,3,8,1823
24.5,4,3,9,1829
24.5,4,3,10,1834
24.5,4,3,11,1840
24.5,4,3,12,1845
24.5,4,3,13,1851
24.5,4,3,14,1856
24.5,4,3,15,1862
24.5,4,4,0,1784
24.5,4,4,1,1789
24.5,4,4,2,1795
24.5,4,4,3,1801
24.5,4,4,4,1807
24.5,4,4,5,1812
24.5,4,4,6,1818
24.5,4,4,7,1824
24.5,4,4,8,1829
24.5,4,4,9,1835
24.5,4,4,10,1840
24.5,4,4,11,1846
24.5,4,4,12,1851
24.5,4,4,13,1857
24.5,4,4,14,1863
24.5,4,4,15,1868
24.5,4,5,0,1790
24.5,4,5,1,1795
24.5,4,5,2,1801
24.5,4,5,3,1807
24.5,4,5,4,1812
24.5,4,5,5,1818
24.5,4,5,6,1824
24.5,4,5,7,1830
24.5,4,5,8,1835
24.5,4,5,9,1841
24.5,4,5,10,1846
24.5,4,5,11,1852
24.5,4,5,12,1858
24.5,4,5,13,1863
24.5,4,5,14,1869
24.5,4,5,15,1874
24.5,4,6,0,1795
24.5,4,6,1,1801
24.5,4,6,2,1807
24.5,4,6,3,1813
24.5,4,6,4,1818
24.5,4,6,5,1824
24.5,4,6,6,1830
24.5,4,6,7,1835
24.5,4,6,8,1841
24.5,4,6,9,1847
24.5,4,6,10,1852
24.5,4,6,11,1858
24.5,4,6,12,1864
24.5,4,6,13,1869
24.5,4,6,14,1875
24.5,4,6,15,1880
24.5,4,7,0,1801
24.5,4,7,1,1807
24.5,4,7,2,1813
24.5,4,7,3,1818
24.5,4,7,4,1824
24.5,4,7,5,1830
24.5,4,7,6,1836
24.5,4,7,7,1841
24.5,4,7,8,1847
24.5,4,7,9,1853
24.5,4,7,10,1858
24.5,4,7,11,1864
24.5,4,7,12,1870
24.5,4,7,13,1875
24.5,4,7,14,1881
24.5,4,7,15,1886
24.5,4,8,0,1807
24.5,4,8,1,1813
24.5,4,8,2,1819
24.5,4,8,3,1824
24.5,4,8,4,1830
24.5,4,8,5,1836
24.5,4,8,6,1842
24.5,4,8,7,1847
24.5,4,8,8,1853
24.5,4,8,9,1859
24.5,4,8,10,1864
24.5,4,8,11,1870
24.5,4,8,12,1876
24.5,4,8,13,1881
24.5,4,8,14,1887
24.5,4,8,15,1892
24.5,4,9,0,1813
24.5,4,9,1,1818
24.5,4,9,2,1824
24.5,4,9,3,1830
24.5,4,9,4,1836
24.5,4,9,5,1842
24.5,4,9,6,1847
24.5,4,9,7,1853
24.5,4,9,8,1859
24.5,4,9,9,1865
24.5,4,9,10,1870
24.5,4,9,11,1876
24.5,4,9,12,1882
24.5,4,9,13,1887
24.5,4,9,14,1893
24.5,4,9,15,1898
24.5,4,10,0,1818
24.5,4,10,1,1824
24.5,4,10,2,1830
24.5,4,10,3,1836
24.5,4,10,4,1842
24.5,4,10,5,1847
24.5,4,10,6,1853
24.5,4,10,7,1859
24.5,4,10,8,1865
24.5,4,10,9,1870
24.5,4,10,10,1876
24.5,4,10,11,1882
24.5,4,10,12,1887
24.5,4,10,13,1893
24.5,4,10,14,1899
24.5,4,10,15,1904
24.5,4,11,0,1824
24.5,4,11,1,1830
24.5,4,11,2,1836
24.5,4,11,3,1842
24.5,4,11,4,1847
24.5,4,11,5,1853
24.5,4,11,6,1859
24.5,4,11,7,1865
24.5,4,11,8,1871
24.5,4,11,9,1876
24.5,4,11,10,1882
24.5,4,11,11,1888
24.5,4,11,12,1893
24.5,4,11,13,1899
24.5,4,11,14,1905
24.5,4,11,15,1910
24.5,4,12,0,1830
24.5,4,12,1,1836
24.5,4,12,2,1842
24.5,4,12,3,1847
24.5,4,12,4,1853
24.5,4,12,5,1859
24.5,4,12,6,1865
24.5,4,12,7,1871
24.5,4,12,8,1876
24.5,4,12,9,1882
24.5,4,12,10,1888
24.5,4,12,11,1894
24.5,4,12,12,1899
24.5,4,12,13,1905
24.5,4,12,14,1911
24.5,4,12,15,1916
24.5,4,13,0,1835
24.5,4,13,1,1841
24.5,4,13,2,1847
24.5,4,13,3,1853
24.5,4,13,4,1859
24.5,4,13,5,1865
24.5,4,13,6,1871
24.5,4,13,7,1876
24.5,4,13,8,1882
24.5,4,13,9,1888
24.5,4,13,10,1894
24.5,4,13,11,1899
24.5,4,13,12,1905
24.5,4,13,13,1911
24.5,4,13,14,1917
24.5,4,13,15,1922
24.5,4,14,0,1841
24.5,4,14,1,1847
24.5,4,14,2,1853
24.5,4,14,3,1859
24.5,4,14,4,1865
24.5,4,14,5,1871
24.5,4,14,6,1876
24.5,4,14,7,1882
24.5,4,14,8,1888
24.5,4,14,9,1894
24.5,4,14,10,1900
24.5,4,14,11,1905
24.5,4,14,12,1911
24.5,4,14,13,1917
24.5,4,14,14,1922
24.5,4,14,15,1928
24.5,4,15,0,1847
24.5,4,15,1,1853
24.5,4,15,2,1859
24.5,4,15,3,1865
24.5,4,15,4,1870
24.5,4,15,5,1876
24.5,4,15,6,1882
24.5,4,15,7,1888
24.5,4,15,8,1894
24.5,4,15,9,1900
24.5,4,15,10,1905
24.5,4,15,11,1911
24.5,4,15,12,1917
24.5,4,15,13,1923
24.5,4,15,14,1928
24.5,4,15,15,1934
24.5,5,0,0,1767
24.5,5,0,1,1773
24.5,5,0,2,1778
24.5,5,0,3,1784
24.5,5,0,4,1790
24.5,5,0,5,1795
24.5,5,0,6,1801
24.5,5,0,7,1806
24.5,5,0,8,1812
24.5,5,0,9,1817
24.5,5,0,10,1823
24.5,5,0,11,1829
24.5,5,0,12,1834
24.5,5,0,13,1840
24.5,5,0,14,1845
24.5,5,0,15,1850
24.5,5,1,0,1773
24.5,5,1,1,1779
24.5,5,1,2,1784
24.5,5,1,3,1790
24.5,5,1,4,1796
24.5,5,1,5,1801
24.5,5,1,6,1807
24.5,5,1,7,1812
24.5,5,1,8,1818
24.5,5,1,9,1824
24.5,5,1,10,1829
24.5,5,1,11,1835
24.5,5,1,12,1840
24.5,5,1,13,1846
24.5,5,1,14,1851
24.5,5,1,15,1857
24.5,5,2,0,1779
24.5,5,2,1,1784
24.5,5,2,2,1790
24.5,5,2,3,1796
24.5,5,2,4,1802
24.5,5,2,5,1807
24.5,5,2,6,1813
24.5,5,2,7,1818
24.5,5,2,8,1824
24.5,5,2,9,1830
24.5,5,2,10,1835
24.5,5,2,11,1841
24.5,5,2,12,1846
24.5,5,2,13,1852
24.5,5,2,14,1857
24.5,5,2,15,1863
24.5,5,3,0,1785
24.5,5,3,1,1790
24.5,5,3,2,1796
24.5,5,3,3,1802
24.5,5,3,4,1807
24.5,5,3,5,1813
24.5,5,3,6,1819
24.5,5,3,7,1824
24.5,5,3,8,1830
24.5,5,3,9,1836
24.5,5,3,10,1841
24.5,5,3,11,1847
24.5,5,3,12,1852
24.5,5,3,13,1858
24.5,5,3,14,1863
24.5,5,3,15,1869
24.5,5,4,0,1790
24.5,5,4,1,1796
24.5,5,4,2,1802
24.5,5,4,3,1808
24.5,5,4,4,1813
24.5,5,4,5,1819
24.5,5,4,6,1825
24.5,5,4,7,1830
24.5,5,4,8,1836
24.5,5,4,9,1842
24.5,5,4,10,1847
24.5,5,4,11,1853
24.5,5,4,12,1858
24.5,5,4,13,1864
24.5,5,4,14,1870
24.5,5,4,15,1875
24.5,5,5,0,1796
24.5,5,5,1,1802
24.5,5,5,2,1808
24.5,5,5,3,1814
24.5,5,5,4,1819
24.5,5,5,5,1825
24.5,5,5,6,1831
24.5,5,5,7,1836
24.5,5,5,8,1842
24.5,5,5,9,1848
24.5,5,5,10,1853
24.5,5,5,11,1859
24.5,5,5,12,1865
24.5,5,5,13,1870
24.5,5,5,14,1876
24.5,5,5,15,1881
24.5,5,6,0,1802
24.5,5,6,1,1808
24.5,5,6,2,1814
24.5,5,6,3,1819
24.5,5,6,4,1825
24.5,5,6,5,1831
24.5,5,6,6,1837
24.5,5,6,7,1842
24.5,5,6,8,1848
24.5,5,6,9,1854
24.5,5,6,10,1859
24.5,5,6,11,1865
24.5,5,6,12,1871
24.5,5,6,13,1876
24.5,5,6,14,1882
24.5,5,6,15,1887
24.5,5,7,0,1808
24.5,5,7,1,1814
24.5,5,7,2,1820
24.5,5,7,3,1825
24.5,5,7,4,1831
24.5,5,7,5,1837
24.5,5,7,6,1843
24.5,5,7,7,1848
24.5,5,7,8,1854
24.5,5,7,9,1860
24.5,5,7,10,1865
24.5,5,7,11,1871
24.5,5,7,12,1877
24.5,5,7,13,1882
24.5,5,7,14,1888
24.5,5,7,15,1893
24.5,5,8,0,1814
24.5,5,8,1,1820
24.5,5,8,2,1825
24.5,5,8,3,1831
24.5,5,8,4,1837
24.5,5,8,5,1843
24.5,5,8,6,1848
24.5,5,8,7,1854
24.5,5,8,8,1860
24.5,5,8,9,1866
24.5,5,8,10,1871
24.5,5,8,11,1877
24.5,5,8,12,1883
24.5,5,8,13,1888
24.5,5,8,14,1894
24.5,5,8,15,1899
24.5,5,9,0,1819
24.5,5,9,1,1825
24.5,5,9,2,1831
24.5,5,9,3,1837
24.5,5,9,4,1843
24.5,5,9,5,1849
24.5,5,9,6,1854
24.5,5,9,7,1860
24.5,5,9,8,1866
24.5,5,9,9,1872
24.5,5,9,10,1877
24.5,5,9,11,1883
24.5,5,9,12,1889
24.5,5,9,13,1894
24.5,5,9,14,1900
24.5,5,9,15,1906
24.5,5,10,0,1825
24.5,5,10,1,1831
24.5,5,10,2,1837
24.5,5,10,3,1843
24.5,5,10,4,1849
24.5,5,10,5,1854
24.5,5,10,6,1860
24.5,5,10,7,1866
24.5,5,10,8,1872
24.5,5,10,9,1877
24.5,5,10,10,1883
24.5,5,10,11,1889
24.5,5,10,12,1895
24.5,5,10,13,1900
24.5,5,10,14,1906
24.5,5,10,15,1912
24.5,5,11,0,1831
24.5,5,11,1,1837
24.5,5,11,2,1843
24.5,5,11,3,1849
24.5,5,11,4,1854
24.5,5,11,5,1860
24.5,5,11,6,1866
24.5,5,11,7,1872
24.5,5,11,8,1878
24.5,5,11,9,1883
24.5,5,11,10,1889
24.5,5,11,11,1895
24.5,5,11,12,1901
24.5,5,11,13,1906
24.5,5,11,14,1912
24.5,5,11,15,1918
24.5,5,12,0,1837
24.5,5,12,1,1843
24.5,5,12,2,1848
24.5,5,12,3,1854
24.5,5,12,4,1860
24.5,5,12,5,1866
24.5,5,12,6,1872
24.5,5,12,7,1878
24.5,5,12,8,1883
24.5,5,12,9,1889
24.5,5,12,10,1895
24.5,5,12,11,1901
24.5,5,12,12,1906
24.5,5,12,13,1912
24.5,5,12,14,1918
24.5,5,12,15,1924
24.5,5,13,0,1842
24.5,5,13,1,1848
24.5,5,13,2,1854
24.5,5,13,3,1860
24.5,5,13,4,1866
24.5,5,13,5,1872
24.5,5,13,6,1878
24.5,5,13,7,1884
24.5,5,13,8,1889
24.5,5,13,9,1895
24.5,5,13,10,1901
24.5,5,13,11,1907
24.5,5,13,12,1912
24.5,5,13,13,1918
24.5,5,13,14,1924
24.5,5,13,15,1929
24.5,5,14,0,1848
24.5,5,14,1,1854
24.5,5,14,2,1860
24.5,5,14,3,1866
24.5,5,14,4,1872
24.5,5,14,5,1878
24.5,5,14,6,1883
24.5,5,14,7,1889
24.5,5,14,8,1895
24.5,5,14,9,1901
24.5,5,14,10,1907
24.5,5,14,11,1913
24.5,5,14,12,1918
24.5,5,14,13,1924
24.5,5,14,14,1930
24.5,5,14,15,1935
24.5,5,15,0,1854
24.5,5,15,1,1860
24.5,5,15,2,1866
24.5,5,15,3,1872
24.5,5,15,4,1877
24.5,5,15,5,1883
24.5,5,15,6,1889
24.5,5,15,7,1895
24.5,5,15,8,1901
24.5,5,15,9,1907
24.5,5,15,10,1913
24.5,5,15,11,1918
24.5,5,15,12,1924
24.5,5,15,13,1930
24.5,5,15,14,1936
24.5,5,15,15,1941
24.5,6,0,0,1774
24.5,6,0,1,1779
24.5,6,0,2,1785
24.5,6,0,3,1791
24.5,6,0,4,1796
24.5,6,0,5,1802
24.5,6,0,6,1808
24.5,6,0,7,1813
24.5,6,0,8,1819
24.5,6,0,9,1824
24.5,6,0,10,1830
24.5,6,0,11,1835
24.5,6,0,12,1841
24.5,6,0,13,1846
24.5,6,0,14,1852
24.5,6,0,15,1857
24.5,6,1,0,1779
24.5,6,1,1,1785
24.5,6,1,2,1791
24.5,6,1,3,1797
24.5,6,1,4,1802
24.5,6,1,5,1808
24.5,6,1,6,1814
24.5,6,1,7,1819
24.5,6,1,8,1825
24.5,6,1,9,1830
24.5,6,1,10,1836
24.5,6,1,11,1842
24.5,6,1,12,1847
24.5,6,1,13,1853
24.5,6,1,14,1858
24.5,6,1,15,1864
24.5,6,2,0,1785
24.5,6,2,1,1791
24.5,6,2,2,1797
24.5,6,2,3,1803
24.5,6,2,4,1808
24.5,6,2,5,1814
24.5,6,2,6,1820
24.5,6,2,7,1825
24.5,6,2,8,1831
24.5,6,2,9,1837
24.5,6,2,10,1842
24.5,6,2,11,1848
24.5,6,2,12,1853
24.5,6,2,13,1859
24.5,6,2,14,1864
24.5,6,2,15,1870
24.5,6,3,0,1791
24.5,6,3,1,1797
24.5,6,3,2,1803
24.5,6,3,3,1809
24.5,6,3,4,1814
24.5,6,3,5,1820
24.5,6,3,6,1826
24.5,6,3,7,1831
24.5,6,3,8,1837
24.5,6,3,9,1843
24.5,6,3,10,1848
24.5,6,3,11,1854
24.5,6,3,12,1859
24.5,6,3,13,1865
24.5,6,3,14,1870
24.5,6,3,15,1876
24.5,6,4,0,1797
24.5,6,4,1,1803
24.5,6,4,2,1809
24.5,6,4,3,1814
24.5,6,4,4,1820
24.5,6,4,5,1826
24.5,6,4,6,1832
24.5,6,4,7,1837
24.5,6,4,8,1843
24.5,6,4,9,1849
24.5,6,4,10,1854
24.5,6,4,11,1860
24.5,6,4,12,1865
24.5,6,4,13,1871
24.5,6,4,14,1877
24.5,6,4,15,1882
24.5,6,5,0,1803
24.5,6,5,1,1809
24.5,6,5,2,1815
24.5,6,5,3,1820
24.5,6,5,4,1826
24.5,6,5,5,1832
24.5,6,5,6,1838
24.5,6,5,7,1843
24.5,6,5,8,1849
24.5,6,5,9,1855
24.5,6,5,10,1860
24.5,6,5,11,1866
24.5,6,5,12,1872
24.5,6,5,13,1877
24.5,6,5,14,1883
24.5,6,5,15,1888
24.5,6,6,0,1809
24.5,6,6,1,1815
24.5,6,6,2,1821
24.5,6,6,3,1826
24.5,6,6,4,1832
24.5,6,6,5,1838
24.5,6,6,6,1844
24.5,6,6,7,1849
24.5,6,6,8,1855
24.5,6,6,9,1861
24.5,6,6,10,1866
24.5,6,6,11,1872
24.5,6,6,12,1878
24.5,6,6,13,1883
24.5,6,6,14,1889
24.5,6,6,15,1894
24.5,6,7,0,1815
24.5,6,7,1,1821
24.5,6,7,2,1826
24.5,6,7,3,1832
24.5,6,7,4,1838
24.5,6,7,5,1844
24.5,6,7,6,1850
24.5,6,7,7,1855
24.5,6,7,8,1861
24.5,6,7,9,1867
24.5,6,7,10,1872
24.5,6,7,11,1878
24.5,6,7,12,1884
24.5,6,7,13,1889
24.5,6,7,14,1895
24.5,6,7,15,1901
24.5,6,8,0,1821
24.5,6,8,1,1826
24.5,6,8,2,1832
24.5,6,8,3,1838
24.5,6,8,4,1844
24.5,6,8,5,1850
24.5,6,8,6,1855
24.5,6,8,7,1861
24.5,6,8,8,1867
24.5,6,8,9,1873
24.5,6,8,10,1878
24.5,6,8,11,1884
24.5,6,8,12,1890
24.5,6,8,13,1895
24.5,6,8,14,1901
24.5,6,8,15,1907
24.5,6,9,0,1826
24.5,6,9,1,1832
24.5,6,9,2,1838
24.5,6,9,3,1844
24.5,6,9,4,1850
24.5,6,9,5,1856
24.5,6,9,6,1861
24.5,6,9,7,1867
24.5,6,9,8,1873
24.5,6,9,9,1879
24.5,6,9,10,1884
24.5,6,9,11,1890
24.5,6,9,12,1896
24.5,6,9,13,1901
24.5,6,9,14,1907
24.5,6,9,15,1913
24.5,6,10,0,1832
24.5,6,10,1,1838
24.5,6,10,2,1844
24.5,6,10,3,1850
24.5,6,10,4,1856
24.5,6,10,5,1861
24.5,6,10,6,1867
24.5,6,10,7,1873
24.5,6,10,8,1879
24.5,6,10,9,1885
24.5,6,10,10,1890
24.5,6,10,11,1896
24.5,6,10,12,1902
24.5,6,10,13,1907
24.5,6,10,14,1913
24.5,6,10,15,1919
24.5,6,11,0,1838
24.5,6,11,1,1844
24.5,6,11,2,1850
24.5,6,11,3,1856
24.5,6,11,4,1861
24.5,6,11,5,1867
24.5,6,11,6,1873
24.5,6,11,7,1879
24.5,6,11,8,1885
24.5,6,11,9,1890
24.5,6,11,10,1896
24.5,6,11,11,1902
24.5,6,11,12,1908
24.5,6,11,13,1913
24.5,6,11,14,1919
24.5,6,11,15,1925
24.5,6,12,0,1844
24.5,6,12,1,1850
24.5,6,12,2,1855
24.5,6,12,3,1861
24.5,6,12,4,1867
24.5,6,12,5,1873
24.5,6,12,6,1879
24.5,6,12,7,1885
24.5,6,12,8,1891
24.5,6,12,9,1896
24.5,6,12,10,1902
24.5,6,12,11,1908
24.5,6,12,12,1914
24.5,6,12,13,1919
24.5,6,12,14,1925
24.5,6,12,15,1931
24.5,6,13,0,1849
24.5,6,13,1,1855
24.5,6,13,2,1861
24.5,6,13,3,1867
24.5,6,13,4,1873
24.5,6,13,5,1879
24.5,6,13,6,1885
24.5,6,13,7,1891
24.5,6,13,8,1896
24.5,6,13,9,1902
24.5,6,13,10,1908
24.5,6,13,11,1914
24.5,6,13,12,1920
24.5,6,13,13,1925
24.5,6,13,14,1931
24.5,6,13,15,1937
24.5,6,14,0,1855
24.5,6,14,1,1861
24.5,6,14,2,1867
24.5,6,14,3,1873
24.5,6,14,4,1879
24.5,6,14,5,1885
24.5,6,14,6,1891
24.5,6,14,7,1896
24.5,6,14,8,1902
24.5,6,14,9,1908
24.5,6,14,10,1914
24.5,6,14,11,1920
24.5,6,14,12,1925
24.5,6,14,13,1931
24.5,6,14,14,1937
24.5,6,14,15,1943
24.5,6,15,0,1861
24.5,6,15,1,1867
24.5,6,15,2,1873
24.5,6,15,3,1879
24.5,6,15,4,1885
24.5,6,15,5,1890
24.5,6,15,6,1896
24.5,6,15,7,1902
24.5,6,15,8,1908
24.5,6,15,9,1914
24.5,6,15,10,1920
24.5,6,15,11,1926
24.5,6,15,12,1931
24.5,6,15,13,1937
24.5,6,15,14,1943
24.5,6,15,15,1949
24.5,7,0,0,1780
24.5,7,0,1,1786
24.5,7,0,2,1792
24.5,7,0,3,1797
24.5,7,0,4,1803
24.5,7,0,5,1809
24.5,7,0,6,1814
24.5,7,0,7,1820
24.5,7,0,8,1826
24.5,7,0,9,1831
24.5,7,0,10,1837
24.5,7,0,11,1842
24.5,7,0,12,1848
24.5,7,0,13,1853
24.5,7,0,14,1859
24.5,7,0,15,1864
24.5,7,1,0,1786
24.5,7,1,1,1792
24.5,7,1,2,1798
24.5,7,1,3,1803
24.5,7,1,4,1809
24.5,7,1,5,1815
24.5,7,1,6,1820
24.5,7,1,7,1826
24.5,7,1,8,1832
24.5,7,1,9,1837
24.5,7,1,10,1843
24.5,7,1,11,1848
24.5,7,1,12,1854
24.5,7,1,13,1860
24.5,7,1,14,1865
24.5,7,1,15,1871
24.5,7,2,0,1792
24.5,7,2,1,1798
24.5,7,2,2,1804
24.5,7,2,3,1809
24.5,7,2,4,1815
24.5,7,2,5,1821
24.5,7,2,6,1826
24.5,7,2,7,1832
24.5,7,2,8,1838
24.5,7,2,9,1843
24.5,7,2,10,1849
24.5,7,2,11,1855
24.5,7,2,12,1860
24.5,7,2,13,1866
24.5,7,2,14,1871
24.5,7,2,15,1877
24.5,7,3,0,1798
24.5,7,3,1,1804
24.5,7,3,2,1810
24.5,7,3,3,1815
24.5,7,3,4,1821
24.5,7,3,5,1827
24.5,7,3,6,1832
24.5,7,3,7,1838
24.5,7,3,8,1844
24.5,7,3,9,1849
24.5,7,3,10,1855
24.5,7,3,11,1861
24.5,7,3,12,1866
24.5,7,3,13,1872
24.5,7,3,14,1877
24.5,7,3,15,1883
24.5,7,4,0,1804
24.5,7,4,1,1810
24.5,7,4,2,1816
24.5,7,4,3,1821
24.5,7,4,4,1827
24.5,7,4,5,1833
24.5,7,4,6,1839
24.5,7,4,7,1844
24.5,7,4,8,1850
24.5,7,4,9,1856
24.5,7,4,10,1861
24.5,7,4,11,1867
24.5,7,4,12,1872
24.5,7,4,13,1878
24.5,7,4,14,1884
24.5,7,4,15,1889
24.5,7,5,0,1810
24.5,7,5,1,1816
24.5,7,5,2,1821
24.5,7,5,3,1827
24.5,7,5,4,1833
24.5,7,5,5,1839
24.5,7,5,6,1845
24.5,7,5,7,1850
24.5,7,5,8,1856
24.5,7,5,9,1862
24.5,7,5,10,1867
24.5,7,5,11,1873
24.5,7,5,12,1879
24.5,7,5,13,1884
24.5,7,5,14,1890
24.5,7,5,15,1895
24.5,7,6,0,1816
24.5,7,6,1,1822
24.5,7,6,2,1827
24.5,7,6,3,1833
24.5,7,6,4,1839
24.5,7,6,5,1845
24.5,7,6,6,1850
24.5,7,6,7,1856
24.5,7,6,8,1862
24.5,7,6,9,1868
24.5,7,6,10,1873
24.5,7,6,11,1879
24.5,7,6,12,1885
24.5,7,6,13,1890
24.5,7,6,14,1896
24.5,7,6,15,1902
24.5,7,7,0,1822
24.5,7,7,1,1827
24.5,7,7,2,1833
24.5,7,7,3,1839
24.5,7,7,4,1845
24.5,7,7,5,1851
24.5,7,7,6,1856
24.5,7,7,7,1862
24.5,7,7,8,1868
24.5,7,7,9,1874
24.5,7,7,10,1879
24.5,7,7,11,1885
24.5,7,7,12,1891
24.5,7,7,13,1896
24.5,7,7,14,1902
24.5,7,7,15,1908
24.5,7,8,0,1827
24.5,7,8,1,1833
24.5,7,8,2,1839
24.5,7,8,3,1845
24.5,7,8,4,1851
24.5,7,8,5,1857
24.5,7,8,6,1862
24.5,7,8,7,1868
24.5,7,8,8,1874
24.5,7,8,9,1880
24.5,7,8,10,1885
24.5,7,8,11,1891
24.5,7,8,12,1897
24.5,7,8,13,1902
24.5,7,8,14,1908
24.5,7,8,15,1914
24.5,7,9,0,1833
24.5,7,9,1,1839
24.5,7,9,2,1845
24.5,7,9,3,1851
24.5,7,9,4,1857
24.5,7,9,5,1863
24.5,7,9,6,1868
24.5,7,9,7,1874
24.5,7,9,8,1880
24.5,7,9,9,1886
24.5,7,9,10,1891
24.5,7,9,11,1897
24.5,7,9,12,1903
24.5,7,9,13,1909
24.5,7,9,14,1914
24.5,7,9,15,1920
24.5,7,10,0,1839
24.5,7,10,1,1845
24.5,7,10,2,1851
24.5,7,10,3,1857
24.5,7,10,4,1863
24.5,7,10,5,1868
24.5,7,10,6,1874
24.5,7,10,7,1880
24.5,7,10,8,1886
24.5,7,10,9,1892
24.5,7,10,10,1897
24.5,7,10,11,1903
24.5,7,10,12,1909
24.5,7,10,13,1915
24.5,7,10,14,1920
24.5,7,10,15,1926
24.5,7,11,0,1845
24.5,7,11,1,1851
24.5,7,11,2,1857
24.5,7,11,3,1863
24.5,7,11,4,1868
24.5,7,11,5,1874
24.5,7,11,6,1880
24.5,7,11,7,1886
24.5,7,11,8,1892
24.5,7,11,9,1898
24.5,7,11,10,1903
24.5,7,11,11,1909
24.5,7,11,12,1915
24.5,7,11,13,1921
24.5,7,11,14,1926
24.5,7,11,15,1932
24.5,7,12,0,1850
24.5,7,12,1,1856
24.5,7,12,2,1862
24.5,7,12,3,1868
24.5,7,12,4,1874
24.5,7,12,5,1880
24.5,7,12,6,1886
24.5,7,12,7,1892
24.5,7,12,8,1898
24.5,7,12,9,1903
24.5,7,12,10,1909
24.5,7,12,11,1915
24.5,7,12,12,1921
24.5,7,12,13,1927
24.5,7,12,14,1932
24.5,7,12,15,1938
24.5,7,13,0,1856
24.5,7,13,1,1862
24.5,7,13,2,1868
24.5,7,13,3,1874
24.5,7,13,4,1880
24.5,7,13,5,1886
24.5,7,13,6,1892
24.5,7,13,7,1898
24.5,7,13,8,1904
24.5,7,13,9,1909
24.5,7,13,10,1915
24.5,7,13,11,1921
24.5,7,13,12,1927
24.5,7,13,13,1933
24.5,7,13,14,1938
24.5,7,13,15,1944
24.5,7,14,0,1862
24.5,7,14,1,1868
24.5,7,14,2,1874
24.5,7,14,3,1880
24.5,7,14,4,1886
24.5,7,14,5,1892
24.5,7,14,6,1898
24.5,7,14,7,1904
24.5,7,14,8,1909
24.5,7,14,9,1915
24.5,7,14,10,1921
24.5,7,14,11,1927
24.5,7,14,12,1933
24.5,7,14,13,1938
24.5,7,14,14,1944
24.5,7,14,15,1950
24.5,7,15,0,1868
24.5,7,15,1,1874
24.5,7,15,2,1880
24.5,7,15,3,1886
24.5,7,15,4,1892
24.5,7,15,5,1898
24.5,7,15,6,1903
24.5,7,15,7,1909
24.5,7,15,8,1915
24.5,7,15,9,1921
24.5,7,15,10,1927
24.5,7,15,11,1933
24.5,7,15,12,1939
24.5,7,15,13,1944
24.5,7,15,14,1950
24.5,7,15,15,1956
24.5,8,0,0,1787
24.5,8,0,1,1793
24.5,8,0,2,1798
24.5,8,0,3,1804
24.5,8,0,4,1810
24.5,8,0,5,1815
24.5,8,0,6,1821
24.5,8,0,7,1827
24.5,8,0,8,1832
24.5,8,0,9,1838
24.5,8,0,10,1844
24.5,8,0,11,1849
24.5,8,0,12,1855
24.5,8,0,13,1860
24.5,8,0,14,1866
24.5,8,0,15,1871
24.5,8,1,0,1793
24.5,8,1,1,1799
24.5,8,1,2,1804
24.5,8,1,3,1810
24.5,8,1,4,1816
24.5,8,1,5,1822
24.5,8,1,6,1827
24.5,8,1,7,1833
24.5,8,1,8,1839
24.5,8,1,9,1844
24.5,8,1,10,1850
24.5,8,1,11,1855
24.5,8,1,12,1861
24.5,8,1,13,1866
24.5,8,1,14,1872
24.5,8,1,15,1878
24.5,8,2,0,1799
24.5,8,2,1,1805
24.5,8,2,2,1810
24.5,8,2,3,1816
24.5,8,2,4,1822
24.5,8,2,5,1828
24.5,8,2,6,1833
24.5,8,2,7,1839
24.5,8,2,8,1845
24.5,8,2,9,1850
24.5,8,2,10,1856
24.5,8,2,11,1862
24.5,8,2,12,1867
24.5,8,2,13,1873
24.5,8,2,14,1878
24.5,8,2,15,1884
24.5,8,3,0,1805
24.5,8,3,1,1811
24.5,8,3,2,1816
24.5,8,3,3,1822
24.5,8,3,4,1828
24.5,8,3,5,1834
24.5,8,3,6,1839
24.5,8,3,7,1845
24.5,8,3,8,1851
24.5,8,3,9,1856
24.5,8,3,10,1862
24.5,8,3,11,1868
24.5,8,3,12,1873
24.5,8,3,13,1879
24.5,8,3,14,1884
24.5,8,3,15,1890
24.5,8,4,0,1811
24.5,8,4,1,1816
24.5,8,4,2,1822
24.5,8,4,3,1828
24.5,8,4,4,1834
24.5,8,4,5,1840
24.5,8,4,6,1845
24.5,8,4,7,1851
24.5,8,4,8,1857
24.5,8,4,9,1862
24.5,8,4,10,1868
24.5,8,4,11,1874
24.5,8,4,12,1879
24.5,8,4,13,1885
24.5,8,4,14,1891
24.5,8,4,15,1896
24.5,8,5,0,1817
24.5,8,5,1,1822
24.5,8,5,2,1828
24.5,8,5,3,1834
24.5,8,5,4,1840
24.5,8,5,5,1846
24.5,8,5,6,1851
24.5,8,5,7,1857
24.5,8,5,8,1863
24.5,8,5,9,1869
24.5,8,5,10,1874
24.5,8,5,11,1880
24.5,8,5,12,1886
24.5,8,5,13,1891
24.5,8,5,14,1897
24.5,8,5,15,1902
24.5,8,6,0,1822
24.5,8,6,1,1828
24.5,8,6,2,1834
24.5,8,6,3,1840
24.5,8,6,4,1846
24.5,8,6,5,1852
24.5,8,6,6,1857
24.5,8,6,7,1863
24.5,8,6,8,1869
24.5,8,6,9,1875
24.5,8,6,10,1880
24.5,8,6,11,1886
24.5,8,6,12,1892
24.5,8,6,13,1897
24.5,8,6,14,1903
24.5,8,6,15,1909
24.5,8,7,0,1828
24.5,8,7,1,1834
24.5,8,7,2,1840
24.5,8,7,3,1846
24.5,8,7,4,1852
24.5,8,7,5,1858
24.5,8,7,6,1863
24.5,8,7,7,1869
24.5,8,7,8,1875
24.5,8,7,9,1881
24.5,8,7,10,1886
24.5,8,7,11,1892
24.5,8,7,12,1898
24.5,8,7,13,1903
24.5,8,7,14,1909
24.5,8,7,15,1915
24.5,8,8,0,1834
24.5,8,8,1,1840
24.5,8,8,2,1846
24.5,8,8,3,1852
24.5,8,8,4,1858
24.5,8,8,5,1864
24.5,8,8,6,1869
24.5,8,8,7,1875
24.5,8,8,8,1881
24.5,8,8,9,1887
24.5,8,8,10,1892
24.5,8,8,11,1898
24.5,8,8,12,1904
24.5,8,8,13,1910
24.5,8,8,14,1915
24.5,8,8,15,1921
24.5,8,9,0,1840
24.5,8,9,1,1846
24.5,8,9,2,1852
24.5,8,9,3,1858
24.5,8,9,4,1864
24.5,8,9,5,1869
24.5,8,9,6,1875
24.5,8,9,7,1881
24.5,8,9,8,1887
24.5,8,9,9,1893
24.5,8,9,10,1898
24.5,8,9,11,1904
24.5,8,9,12,1910
24.5,8,9,13,1916
24.5,8,9,14,1921
24.5,8,9,15,1927
24.5,8,10,0,1846
24.5,8,10,1,1852
24.5,8,10,2,1858
24.5,8,10,3,1864
24.5,8,10,4,1869
24.5,8,10,5,1875
24.5,8,10,6,1881
24.5,8,10,7,1887
24.5,8,10,8,1893
24.5,8,10,9,1899
24.5,8,10,10,1904
24.5,8,10,11,1910
24.5,8,10,12,1916
24.5,8,10,13,1922
24.5,8,10,14,1927
24.5,8,10,15,1933
24.5,8,11,0,1852
24.5,8,11,1,1858
24.5,8,11,2,1864
24.5,8,11,3,1869
24.5,8,11,4,1875
24.5,8,11,5,1881
24.5,8,11,6,1887
24.5,8,11,7,1893
24.5,8,11,8,1899
24.5,8,11,9,1905
24.5,8,11,10,1910
24.5,8,11,11,1916
24.5,8,11,12,1922
24.5,8,11,13,1928
24.5,8,11,14,1933
24.5,8,11,15,1939
24.5,8,12,0,1857
24.5,8,12,1,1863
24.5,8,12,2,1869
24.5,8,12,3,1875
24.5,8,12,4,1881
24.5,8,12,5,1887
24.5,8,12,6,1893
24.5,8,12,7,1899
24.5,8,12,8,1905
24.5,8,12,9,1911
24.5,8,12,10,1916
24.5,8,12,11,1922
24.5,8,12,12,1928
24.5,8,12,13,1934
24.5,8,12,14,1939
24.5,8,12,15,1945
24.5,8,13,0,1863
24.5,8,13,1,1869
24.5,8,13,2,1875
24.5,8,13,3,1881
24.5,8,13,4,1887
24.5,8,13,5,1893
24.5,8,13,6,1899
24.5,8,13,7,1905
24.5,8,13,8,1911
24.5,8,13,9,1917
24.5,8,13,10,1922
24.5,8,13,11,1928
24.5,8,13,12,1934
24.5,8,13,13,1940
24.5,8,13,14,1946
24.5,8,13,15,1951
24.5,8,14,0,1869
24.5,8,14,1,1875
24.5,8,14,2,1881
24.5,8,14,3,1887
24.5,8,14,4,1893
24.5,8,14,5,1899
24.5,8,14,6,1905
24.5,8,14,7,1911
24.5,8,14,8,1917
24.5,8,14,9,1922
24.5,8,14,10,1928
24.5,8,14,11,1934
24.5,8,14,12,1940
24.5,8,14,13,1946
24.5,8,14,14,1952
24.5,8,14,15,1957
24.5,8,15,0,1875
24.5,8,15,1,1881
24.5,8,15,2,1887
24.5,8,15,3,1893
24.5,8,15,4,1899
24.5,8,15,5,1905
24.5,8,15,6,1911
24.5,8,15,7,1917
24.5,8,15,8,1922
24.5,8,15,9,1928
24.5,8,15,10,1934
24.5,8,15,11,1940
24.5,8,15,12,1946
24.5,8,15,13,1952
24.5,8,15,14,1957
24.5,8,15,15,1963
24.5,9,0,0,1793
24.5,9,0,1,1799
24.5,9,0,2,1805
24.5,9,0,3,1811
24.5,9,0,4,1816
24.5,9,0,5,1822
24.5,9,0,6,1828
24.5,9,0,7,1834
24.5,9,0,8,1839
24.5,9,0,9,1845
24.5,9,0,10,1850
24.5,9,0,11,1856
24.5,9,0,12,1862
24.5,9,0,13,1867
24.5,9,0,14,1873
24.5,9,0,15,1878
24.5,9,1,0,1799
24.5,9,1,1,1805
24.5,9,1,2,1811
24.5,9,1,3,1817
24.5,9,1,4,1823
24.5,9,1,5,1828
24.5,9,1,6,1834
24.5,9,1,7,1840
24.5,9,1,8,1845
24.5,9,1,9,1851
24.5,9,1,10,1857
24.5,9,1,11,1862
24.5,9,1,12,1868
24.5,9,1,13,1873
24.5,9,1,14,1879
24.5,9,1,15,1885
24.5,9,2,0,1805
24.5,9,2,1,1811
24.5,9,2,2,1817
24.5,9,2,3,1823
24.5,9,2,4,1829
24.5,9,2,5,1834
24.5,9,2,6,1840
24.5,9,2,7,1846
24.5,9,2,8,1851
24.5,9,2,9,1857
24.5,9,2,10,1863
24.5,9,2,11,1868
24.5,9,2,12,1874
24.5,9,2,13,1880
24.5,9,2,14,1885
24.5,9,2,15,1891
24.5,9,3,0,1811
24.5,9,3,1,1817
24.5,9,3,2,1823
24.5,9,3,3,1829
24.5,9,3,4,1835
24.5,9,3,5,1840
24.5,9,3,6,1846
24.5,9,3,7,1852
24.5,9,3,8,1858
24.5,9,3,9,1863
24.5,9,3,10,1869
24.5,9,3,11,1875
24.5,9,3,12,1880
24.5,9,3,13,1886
24.5,9,3,14,1891
24.5,9,3,15,1897
24.5,9,4,0,1817
24.5,9,4,1,1823
24.5,9,4,2,1829
24.5,9,4,3,1835
24.5,9,4,4,1841
24.5,9,4,5,1846
24.5,9,4,6,1852
24.5,9,4,7,1858
24.5,9,4,8,1864
24.5,9,4,9,1869
24.5,9,4,10,1875
24.5,9,4,11,1881
24.5,9,4,12,1886
24.5,9,4,13,1892
24.5,9,4,14,1898
24.5,9,4,15,1903
24.5,9,5,0,1823
24.5,9,5,1,1829
24.5,9,5,2,1835
24.5,9,5,3,1841
24.5,9,5,4,1847
24.5,9,5,5,1852
24.5,9,5,6,1858
24.5,9,5,7,1864
24.5,9,5,8,1870
24.5,9,5,9,1876
24.5,9,5,10,1881
24.5,9,5,11,1887
24.5,9,5,12,1893
24.5,9,5,13,1898
24.5,9,5,14,1904
24.5,9,5,15,1910
24.5,9,6,0,1829
24.5,9,6,1,1835
24.5,9,6,2,1841
24.5,9,6,3,1847
24.5,9,6,4,1853
24.5,9,6,5,1859
24.5,9,6,6,1864
24.5,9,6,7,1870
24.5,9,6,8,1876
24.5,9,6,9,1882
24.5,9,6,10,1887
24.5,9,6,11,1893
24.5,9,6,12,1899
24.5,9,6,13,1904
24.5,9,6,14,1910
24.5,9,6,15,1916
24.5,9,7,0,1835
24.5,9,7,1,1841
24.5,9,7,2,1847
24.5,9,7,3,1853
24.5,9,7,4,1859
24.5,9,7,5,1864
24.5,9,7,6,1870
24.5,9,7,7,1876
24.5,9,7,8,1882
24.5,9,7,9,1888
24.5,9,7,10,1893
24.5,9,7,11,1899
24.5,9,7,12,1905
24.5,9,7,13,1911
24.5,9,7,14,1916
24.5,9,7,15,1922
24.5,9,8,0,1841
24.5,9,8,1,1847
24.5,9,8,2,1853
24.5,9,8,3,1859
24.5,9,8,4,1865
24.5,9,8,5,1870
24.5,9,8,6,1876
24.5,9,8,7,1882
24.5,9,8,8,1888
24.5,9,8,9,1894
24.5,9,8,10,1899
24.5,9,8,11,1905
24.5,9,8,12,1911
24.5,9,8,13,1917
24.5,9,8,14,1922
24.5,9,8,15,1928
24.5,9,9,0,1847
24.5,9,9,1,1853
24.5,9,9,2,1859
24.5,9,9,3,1865
24.5,9,9,4,1871
24.5,9,9,5,1876
24.5,9,9,6,1882
24.5,9,9,7,1888
24.5,9,9,8,1894
24.5,9,9,9,1900
24.5,9,9,10,1906
24.5,9,9,11,1911
24.5,9,9,12,1917
24.5,9,9,13,1923
24.5,9,9,14,1928
24.5,9,9,15,1934
24.5,9,10,0,1853
24.5,9,10,1,1859
24.5,9,10,2,1865
24.5,9,10,3,1871
24.5,9,10,4,1876
24.5,9,10,5,1882
24.5,9,10,6,1888
24.5,9,10,7,1894
24.5,9,10,8,1900
24.5,9,10,9,1906
24.5,9,10,10,1912
24.5,9,10,11,1917
24.5,9,10,12,1923
24.5,9,10,13,1929
24.5,9,10,14,1935
24.5,9,10,15,1940
24.5,9,11,0,1859
24.5,9,11,1,1864
24.5,9,11,2,1870
24.5,9,11,3,1876
24.5,9,11,4,1882
24.5,9,11,5,1888
24.5,9,11,6,1894
24.5,9,11,7,1900
24.5,9,11,8,1906
24.5,9,11,9,1912
24.5,9,11,10,1918
24.5,9,11,11,1923
24.5,9,11,12,1929
24.5,9,11,13,1935
24.5,9,11,14,1941
24.5,9,11,15,1946
24.5,9,12,0,1864
24.5,9,12,1,1870
24.5,9,12,2,1876
24.5,9,12,3,1882
24.5,9,12,4,1888
24.5,9,12,5,1894
24.5,9,12,6,1900
24.5,9,12,7,1906
24.5,9,12,8,1912
24.5,9,12,9,1918
24.5,9,12,10,1924
24.5,9,12,11,1929
24.5,9,12,12,1935
24.5,9,12,13,1941
24.5,9,12,14,1947
24.5,9,12,15,1952
24.5,9,13,0,1870
24.5,9,13,1,1876
24.5,9,13,2,1882
24.5,9,13,3,1888
24.5,9,13,4,1894
24.5,9,13,5,1900
24.5,9,13,6,1906
24.5,9,13,7,1912
24.5,9,13,8,1918
24.5,9,13,9,1924
24.5,9,13,10,1929
24.5,9,13,11,1935
24.5,9,13,12,1941
24.5,9,13,13,1947
24.5,9,13,14,1953
24.5,9,13,15,1959
24.5,9,14,0,1876
24.5,9,14,1,1882
24.5,9,14,2,1888
24.5,9,14,3,1894
24.5,9,14,4,1900
24.5,9,14,5,1906
24.5,9,14,6,1912
24.5,9,14,7,1918
24.5,9,14,8,1924
24.5,9,14,9,1930
24.5,9,14,10,1935
24.5,9,14,11,1941
24.5,9,14,12,1947
24.5,9,14,13,1953
24.5,9,14,14,1959
24.5,9,14,15,1965
24.5,9,15,0,1882
24.5,9,15,1,1888
24.5,9,15,2,1894
24.5,9,15,3,1900
24.5,9,15,4,1906
24.5,9,15,5,1912
24.5,9,15,6,1918
24.5,9,15,7,1924
24.5,9,15,8,1930
24.5,9,15,9,1935
24.5,9,15,10,1941
24.5,9,15,11,1947
24.5,9,15,12,1953
24.5,9,15,13,1959
24.5,9,15,14,1965
24.5,9,15,15,1971
24.5,10,0,0,1800
24.5,10,0,1,1806
24.5,10,0,2,1812
24.5,10,0,3,1817
24.5,10,0,4,1823
24.5,10,0,5,1829
24.5,10,0,6,1835
24.5,10,0,7,1840
24.5,10,0,8,1846
24.5,10,0,9,1852
24.5,10,0,10,1857
24.5,10,0,11,1863
24.5,10,0,12,1869
24.5,10,0,13,1874
24.5,10,0,14,1880
24.5,10,0,15,1885
24.5,10,1,0,1806
24.5,10,1,1,1812
24.5,10,1,2,1818
24.5,10,1,3,1824
24.5,10,1,4,1829
24.5,10,1,5,1835
24.5,10,1,6,1841
24.5,10,1,7,1846
24.5,10,1,8,1852
24.5,10,1,9,1858
24.5,10,1,10,1864
24.5,10,1,11,1869
24.5,10,1,12,1875
24.5,10,1,13,1880
24.5,10,1,14,1886
24.5,10,1,15,1892
24.5,10,2,0,1812
24.5,10,2,1,1818
24.5,10,2,2,1824
24.5,10,2,3,1830
24.5,10,2,4,1835
24.5,10,2,5,1841
24.5,10,2,6,1847
24.5,10,2,7,1853
24.5,10,2,8,1858
24.5,10,2,9,1864
24.5,10,2,10,1870
24.5,10,2,11,1875
24.5,10,2,12,1881
24.5,10,2,13,1887
24.5,10,2,14,1892
24.5,10,2,15,1898
24.5,10,3,0,1818
24.5,10,3,1,1824
24.5,10,3,2,1830
24.5,10,3,3,1836
24.5,10,3,4,1841
24.5,10,3,5,1847
24.5,10,3,6,1853
24.5,10,3,7,1859
24.5,10,3,8,1864
24.5,10,3,9,1870
24.5,10,3,10,1876
24.5,10,3,11,1882
24.5,10,3,12,1887
24.5,10,3,13,1893
24.5,10,3,14,1899
24.5,10,3,15,1904
24.5,10,4,0,1824
24.5,10,4,1,1830
24.5,10,4,2,1836
24.5,10,4,3,1842
24.5,10,4,4,1848
24.5,10,4,5,1853
24.5,10,4,6,1859
24.5,10,4,7,1865
24.5,10,4,8,1871
24.5,10,4,9,1876
24.5,10,4,10,1882
24.5,10,4,11,1888
24.5,10,4,12,1893
24.5,10,4,13,1899
24.5,10,4,14,1905
24.5,10,4,15,1910
24.5,10,5,0,1830
24.5,10,5,1,1836
24.5,10,5,2,1842
24.5,10,5,3,1848
24.5,10,5,4,1854
24.5,10,5,5,1859
24.5,10,5,6,1865
24.5,10,5,7,1871
24.5,10,5,8,1877
24.5,10,5,9,1882
24.5,10,5,10,1888
24.5,10,5,11,1894
24.5,10,5,12,1900
24.5,10,5,13,1905
24.5,10,5,14,1911
24.5,10,5,15,1917
24.5,10,6,0,1836
24.5,10,6,1,1842
24.5,10,6,2,1848
24.5,10,6,3,1854
24.5,10,6,4,1860
24.5,10,6,5,1865
24.5,10,6,6,1871
24.5,10,6,7,1877
24.5,10,6,8,1883
24.5,10,6,9,1889
24.5,10,6,10,1894
24.5,10,6,11,1900
24.5,10,6,12,1906
24.5,10,6,13,1911
24.5,10,6,14,1917
24.5,10,6,15,1923
24.5,10,7,0,1842
24.5,10,7,1,1848
24.5,10,7,2,1854
24.5,10,7,3,1860
24.5,10,7,4,1866
24.5,10,7,5,1871
24.5,10,7,6,1877
24.5,10,7,7,1883
24.5,10,7,8,1889
24.5,10,7,9,1895
24.5,10,7,10,1900
24.5,10,7,11,1906
24.5,10,7,12,1912
24.5,10,7,13,1918
24.5,10,7,14,1923
24.5,10,7,15,1929
24.5,10,8,0,1848
24.5,10,8,1,1854
24.5,10,8,2,1860
24.5,10,8,3,1866
24.5,10,8,4,1872
24.5,10,8,5,1877
24.5,10,8,6,1883
24.5,10,8,7,1889
24.5,10,8,8,1895
24.5,10,8,9,1901
24.5,10,8,10,1907
24.5,10,8,11,1912
24.5,10,8,12,1918
24.5,10,8,13,1924
24.5,10,8,14,1929
24.5,10,8,15,1935
24.5,10,9,0,1854
24.5,10,9,1,1860
24.5,10,9,2,1866
24.5,10,9,3,1872
24.5,10,9,4,1877
24.5,10,9,5,1883
24.5,10,9,6,1889
24.5,10,9,7,1895
24.5,10,9,8,1901
24.5,10,9,9,1907
24.5,10,9,10,1913
24.5,10,9,11,1918
24.5,10,9,12,1924
24.5,10,9,13,1930
24.5,10,9,14,1936
24.5,10,9,15,1941
24.5,10,10,0,1860
24.5,10,10,1,1866
24.5,10,10,2,1872
24.5,10,10,3,1877
24.5,10,10,4,1883
24.5,10,10,5,1889
24.5,10,10,6,1895
24.5,10,10,7,1901
24.5,10,10,8,1907
24.5,10,10,9,1913
24.5,10,10,10,1919
24.5,10,10,11,1924
24.5,10,10,12,1930
24.5,10,10,13,1936
24.5,10,10,14,1942
24.5,10,10,15,1947
24.5,10,11,0,1865
24.5,10,11,1,1871
24.5,10,11,2,1877
24.5,10,11,3,1883
24.5,10,11,4,1889
24.5,10,11,5,1895
24.5,10,11,6,1901
24.5,10,11,7,1907
24.5,10,11,8,1913
24.5,10,11,9,1919
24.5,10,11,10,1925
24.5,10,11,11,1930
24.5,10,11,12,1936
24.5,10,11,13,1942
24.5,10,11,14,1948
24.5,10,11,15,1954
24.5,10,12,0,1871
24.5,10,12,1,1877
24.5,10,12,2,1883
24.5,10,12,3,1889
24.5,10,12,4,1895
24.5,10,12,5,1901
24.5,10,12,6,1907
24.5,10,12,7,1913
24.5,10,12,8,1919
24.5,10,12,9,1925
24.5,10,12,10,1931
24.5,10,12,11,1936
24.5,10,12,12,1942
24.5,10,12,13,1948
24.5,10,12,14,1954
24.5,10,12,15,1960
24.5,10,13,0,1877
24.5,10,13,1,1883
24.5,10,13,2,1889
24.5,10,13,3,1895
24.5,10,13,4,1901
24.5,10,13,5,1907
24.5,10,13,6,1913
24.5,10,13,7,1919
24.5,10,13,8,1925
24.5,10,13,9,1931
24.5,10,13,10,1937
24.5,10,13,11,1942
24.5,10,13,12,1948
24.5,10,13,13,1954
24.5,10,13,14,1960
24.5,10,13,15,1966
24.5,10,14,0,1883
24.5,10,14,1,1889
24.5,10,14,2,1895
24.5,10,14,3,1901
24.5,10,14,4,1907
24.5,10,14,5,1913
24.5,10,14,6,1919
24.5,10,14,7,1925
24.5,10,14,8,1931
24.5,10,14,9,1937
24.5,10,14,10,1943
24.5,10,14,11,1948
24.5,10,14,12,1954
24.5,10,14,13,1960
24.5,10,14,14,1966
24.5,10,14,15,1972
24.5,10,15,0,1889
24.5,10,15,1,1895
24.5,10,15,2,1901
24.5,10,15,3,1907
24.5,10,15,4,1913
24.5,10,15,5,1919
24.5,10,15,6,1925
24.5,10,15,7,1931
24.5,10,15,8,1937
24.5,10,15,9,1943
24.5,10,15,10,1949
24.5,10,15,11,1954
24.5,10,15,12,1960
24.5,10,15,13,1966
24.5,10,15,14,1972
24.5,10,15,15,1978
24.5,11,0,0,1807
24.5,11,0,1,1813
24.5,11,0,2,1818
24.5,11,0,3,1824
24.5,11,0,4,1830
24.5,11,0,5,1836
24.5,11,0,6,1841
24.5,11,0,7,1847
24.5,11,0,8,1853
24.5,11,0,9,1858
24.5,11,0,10,1864
24.5,11,0,11,1870
24.5,11,0,12,1875
24.5,11,0,13,1881
24.5,11,0,14,1887
24.5,11,0,15,1892
24.5,11,1,0,1813
24.5,11,1,1,1819
24.5,11,1,2,1824
24.5,11,1,3,1830
24.5,11,1,4,1836
24.5,11,1,5,1842
24.5,11,1,6,1848
24.5,11,1,7,1853
24.5,11,1,8,1859
24.5,11,1,9,1865
24.5,11,1,10,1870
24.5,11,1,11,1876
24.5,11,1,12,1882
24.5,11,1,13,1887
24.5,11,1,14,1893
24.5,11,1,15,1899
24.5,11,2,0,1819
24.5,11,2,1,1825
24.5,11,2,2,1831
24.5,11,2,3,1836
24.5,11,2,4,1842
24.5,11,2,5,1848
24.5,11,2,6,1854
24.5,11,2,7,1859
24.5,11,2,8,1865
24.5,11,2,9,1871
24.5,11,2,10,1877
24.5,11,2,11,1882
24.5,11,2,12,1888
24.5,11,2,13,1894
24.5,11,2,14,1899
24.5,11,2,15,1905
24.5,11,3,0,1825
24.5,11,3,1,1831
24.5,11,3,2,1837
24.5,11,3,3,1842
24.5,11,3,4,1848
24.5,11,3,5,1854
24.5,11,3,6,1860
24.5,11,3,7,1866
24.5,11,3,8,1871
24.5,11,3,9,1877
24.5,11,3,10,1883
24.5,11,3,11,1889
24.5,11,3,12,1894
24.5,11,3,13,1900
24.5,11,3,14,1906
24.5,11,3,15,1911
24.5,11,4,0,1831
24.5,11,4,1,1837
24.5,11,4,2,1843
24.5,11,4,3,1848
24.5,11,4,4,1854
24.5,11,4,5,1860
24.5,11,4,6,1866
24.5,11,4,7,1872
24.5,11,4,8,1878
24.5,11,4,9,1883
24.5,11,4,10,1889
24.5,11,4,11,1895
24.5,11,4,12,1900
24.5,11,4,13,1906
24.5,11,4,14,1912
24.5,11,4,15,1917
24.5,11,5,0,1837
24.5,11,5,1,1843
24.5,11,5,2,1849
24.5,11,5,3,1855
24.5,11,5,4,1860
24.5,11,5,5,1866
24.5,11,5,6,1872
24.5,11,5,7,1878
24.5,11,5,8,1884
24.5,11,5,9,1889
24.5,11,5,10,1895
24.5,11,5,11,1901
24.5,11,5,12,1907
24.5,11,5,13,1912
24.5,11,5,14,1918
24.5,11,5,15,1924
24.5,11,6,0,1843
24.5,11,6,1,1849
24.5,11,6,2,1855
24.5,11,6,3,1861
24.5,11,6,4,1866
24.5,11,6,5,1872
24.5,11,6,6,1878
24.5,11,6,7,1884
24.5,11,6,8,1890
24.5,11,6,9,1896
24.5,11,6,10,1901
24.5,11,6,11,1907
24.5,11,6,12,1913
24.5,11,6,13,1919
24.5,11,6,14,1924
24.5,11,6,15,1930
24.5,11,7,0,1849
24.5,11,7,1,1855
24.5,11,7,2,1861
24.5,11,7,3,1867
24.5,11,7,4,1872
24.5,11,7,5,1878
24.5,11,7,6,1884
24.5,11,7,7,1890
24.5,11,7,8,1896
24.5,11,7,9,1902
24.5,11,7,10,1907
24.5,11,7,11,1913
24.5,11,7,12,1919
24.5,11,7,13,1925
24.5,11,7,14,1930
24.5,11,7,15,1936
24.5,11,8,0,1855
24.5,11,8,1,1861
24.5,11,8,2,1867
24.5,11,8,3,1873
24.5,11,8,4,1878
24.5,11,8,5,1884
24.5,11,8,6,1890
24.5,11,8,7,1896
24.5,11,8,8,1902
24.5,11,8,9,1908
24.5,11,8,10,1914
24.5,11,8,11,1919
24.5,11,8,12,1925
24.5,11,8,13,1931
24.5,11,8,14,1937
24.5,11,8,15,1942
24.5,11,9,0,1861
24.5,11,9,1,1867
24.5,11,9,2,1873
24.5,11,9,3,1878
24.5,11,9,4,1884
24.5,11,9,5,1890
24.5,11,9,6,1896
24.5,11,9,7,1902
24.5,11,9,8,1908
24.5,11,9,9,1914
24.5,11,9,10,1920
24.5,11,9,11,1925
24.5,11,9,12,1931
24.5,11,9,13,1937
24.5,11,9,14,1943
24.5,11,9,15,1949
24.5,11,10,0,1866
24.5,11,10,1,1872
24.5,11,10,2,1878
24.5,11,10,3,1884
24.5,11,10,4,1890
24.5,11,10,5,1896
24.5,11,10,6,1902
24.5,11,10,7,1908
24.5,11,10,8,1914
24.5,11,10,9,1920
24.5,11,10,10,1926
24.5,11,10,11,1932
24.5,11,10,12,1937
24.5,11,10,13,1943
24.5,11,10,14,1949
24.5,11,10,15,1955
24.5,11,11,0,1872
24.5,11,11,1,1878
24.5,11,11,2,1884
24.5,11,11,3,1890
24.5,11,11,4,1896
24.5,11,11,5,1902
24.5,11,11,6,1908
24.5,11,11,7,1914
24.5,11,11,8,1920
24.5,11,11,9,1926
24.5,11,11,10,1932
24.5,11,11,11,1938
24.5,11,11,12,1943
24.5,11,11,13,1949
24.5,11,11,14,1955
24.5,11,11,15,1961
24.5,11,12,0,1878
24.5,11,12,1,1884
24.5,11,12,2,1890
24.5,11,12,3,1896
24.5,11,12,4,1902
24.5,11,12,5,1908
24.5,11,12,6,1914
24.5,11,12,7,1920
24.5,11,12,8,1926
24.5,11,12,9,1932
24.5,11,12,10,1938
24.5,11,12,11,1944
24.5,11,12,12,1949
24.5,11,12,13,1955
24.5,11,12,14,1961
24.5,11,12,15,1967
24.5,11,13,0,1884
24.5,11,13,1,1890
24.5,11,13,2,1896
24.5,11,13,3,1902
24.5,11,13,4,1908
24.5,11,13,5,1914
24.5,11,13,6,1920
24.5,11,13,7,1926
24.5,11,13,8,1932
24.5,11,13,9,1938
24.5,11,13,10,1944
24.5,11,13,11,1950
24.5,11,13,12,1956
24.5,11,13,13,1961
24.5,11,13,14,1967
24.5,11,13,15,1973
24.5,11,14,0,1890
24.5,11,14,1,1896
24.5,11,14,2,1902
24.5,11,14,3,1908
24.5,11,14,4,1914
24.5,11,14,5,1920
24.5,11,14,6,1926
24.5,11,14,7,1932
24.5,11,14,8,1938
24.5,11,14,9,1944
24.5,11,14,10,1950
24.5,11,14,11,1956
24.5,11,14,12,1962
24.5,11,14,13,1967
24.5,11,14,14,1973
24.5,11,14,15,1979
24.5,11,15,0,1896
24.5,11,15,1,1902
24.5,11,15,2,1908
24.5,11,15,3,1914
24.5,11,15,4,1920
24.5,11,15,5,1926
24.5,11,15,6,1932
24.5,11,15,7,1938
24.5,11,15,8,1944
24.5,11,15,9,1950
24.5,11,15,10,1956
24.5,11,15,11,1962
24.5,11,15,12,1968
24.5,11,15,13,1973
24.5,11,15,14,1979
24.5,11,15,15,1985
24.5,12,0,0,1813
24.5,12,0,1,1819
24.5,12,0,2,1825
24.5,12,0,3,1831
24.5,12,0,4,1837
24.5,12,0,5,1842
24.5,12,0,6,1848
24.5,12,0,7,1854
24.5,12,0,8,1860
24.5,12,0,9,1865
24.5,12,0,10,1871
24.5,12,0,11,1877
24.5,12,0,12,1882
24.5,12,0,13,1888
24.5,12,0,14,1894
24.5,12,0,15,1899
24.5,12,1,0,1819
24.5,12,1,1,1825
24.5,12,1,2,1831
24.5,12,1,3,1837
24.5,12,1,4,1843
24.5,12,1,5,1849
24.5,12,1,6,1854
24.5,12,1,7,1860
24.5,12,1,8,1866
24.5,12,1,9,1872
24.5,12,1,10,1877
24.5,12,1,11,1883
24.5,12,1,12,1889
24.5,12,1,13,1894
24.5,12,1,14,1900
24.5,12,1,15,1906
24.5,12,2,0,1826
24.5,12,2,1,1831
24.5,12,2,2,1837
24.5,12,2,3,1843
24.5,12,2,4,1849
24.5,12,2,5,1855
24.5,12,2,6,1861
24.5,12,2,7,1866
24.5,12,2,8,1872
24.5,12,2,9,1878
24.5,12,2,10,1884
24.5,12,2,11,1889
24.5,12,2,12,1895
24.5,12,2,13,1901
24.5,12,2,14,1906
24.5,12,2,15,1912
24.5,12,3,0,1832
24.5,12,3,1,1837
24.5,12,3,2,1843
24.5,12,3,3,1849
24.5,12,3,4,1855
24.5,12,3,5,1861
24.5,12,3,6,1867
24.5,12,3,7,1872
24.5,12,3,8,1878
24.5,12,3,9,1884
24.5,12,3,10,1890
24.5,12,3,11,1895
24.5,12,3,12,1901
24.5,12,3,13,1907
24.5,12,3,14,1913
24.5,12,3,15,1918
24.5,12,4,0,1838
24.5,12,4,1,1844
24.5,12,4,2,1849
24.5,12,4,3,1855
24.5,12,4,4,1861
24.5,12,4,5,1867
24.5,12,4,6,1873
24.5,12,4,7,1879
24.5,12,4,8,1884
24.5,12,4,9,1890
24.5,12,4,10,1896
24.5,12,4,11,1902
24.5,12,4,12,1907
24.5,12,4,13,1913
24.5,12,4,14,1919
24.5,12,4,15,1924
24.5,12,5,0,1844
24.5,12,5,1,1850
24.5,12,5,2,1855
24.5,12,5,3,1861
24.5,12,5,4,1867
24.5,12,5,5,1873
24.5,12,5,6,1879
24.5,12,5,7,1885
24.5,12,5,8,1891
24.5,12,5,9,1896
24.5,12,5,10,1902
24.5,12,5,11,1908
24.5,12,5,12,1914
24.5,12,5,13,1919
24.5,12,5,14,1925
24.5,12,5,15,1931
24.5,12,6,0,1850
24.5,12,6,1,1856
24.5,12,6,2,1861
24.5,12,6,3,1867
24.5,12,6,4,1873
24.5,12,6,5,1879
24.5,12,6,6,1885
24.5,12,6,7,1891
24.5,12,6,8,1897
24.5,12,6,9,1903
24.5,12,6,10,1908
24.5,12,6,11,1914
24.5,12,6,12,1920
24.5,12,6,13,1926
24.5,12,6,14,1931
24.5,12,6,15,1937
24.5,12,7,0,1856
24.5,12,7,1,1861
24.5,12,7,2,1867
24.5,12,7,3,1873
24.5,12,7,4,1879
24.5,12,7,5,1885
24.5,12,7,6,1891
24.5,12,7,7,1897
24.5,12,7,8,1903
24.5,12,7,9,1909
24.5,12,7,10,1914
24.5,12,7,11,1920
24.5,12,7,12,1926
24.5,12,7,13,1932
24.5,12,7,14,1938
24.5,12,7,15,1943
24.5,12,8,0,1861
24.5,12,8,1,1867
24.5,12,8,2,1873
24.5,12,8,3,1879
24.5,12,8,4,1885
24.5,12,8,5,1891
24.5,12,8,6,1897
24.5,12,8,7,1903
24.5,12,8,8,1909
24.5,12,8,9,1915
24.5,12,8,10,1921
24.5,12,8,11,1926
24.5,12,8,12,1932
24.5,12,8,13,1938
24.5,12,8,14,1944
24.5,12,8,15,1949
24.5,12,9,0,1867
24.5,12,9,1,1873
24.5,12,9,2,1879
24.5,12,9,3,1885
24.5,12,9,4,1891
24.5,12,9,5,1897
24.5,12,9,6,1903
24.5,12,9,7,1909
24.5,12,9,8,1915
24.5,12,9,9,1921
24.5,12,9,10,1927
24.5,12,9,11,1933
24.5,12,9,12,1938
24.5,12,9,13,1944
24.5,12,9,14,1950
24.5,12,9,15,1956
24.5,12,10,0,1873
24.5,12,10,1,1879
24.5,12,10,2,1885
24.5,12,10,3,1891
24.5,12,10,4,1897
24.5,12,10,5,1903
24.5,12,10,6,1909
24.5,12,10,7,1915
24.5,12,10,8,1921
24.5,12,10,9,1927
24.5,12,10,10,1933
24.5,12,10,11,1939
24.5,12,10,12,1944
24.5,12,10,13,1950
24.5,12,10,14,1956
24.5,12,10,15,1962
24.5,12,11,0,1879
24.5,12,11,1,1885
24.5,12,11,2,1891
24.5,12,11,3,1897
24.5,12,11,4,1903
24.5,12,11,5,1909
24.5,12,11,6,1915
24.5,12,11,7,1921
24.5,12,11,8,1927
24.5,12,11,9,1933
24.5,12,11,10,1939
24.5,12,11,11,1945
24.5,12,11,12,1951
24.5,12,11,13,1956
24.5,12,11,14,1962
24.5,12,11,15,1968
24.5,12,12,0,1885
24.5,12,12,1,1891
24.5,12,12,2,1897
24.5,12,12,3,1903
24.5,12,12,4,1909
24.5,12,12,5,1915
24.5,12,12,6,1921
24.5,12,12,7,1927
24.5,12,12,8,1933
24.5,12,12,9,1939
24.5,12,12,10,1945
24.5,12,12,11,1951
24.5,12,12,12,1957
24.5,12,12,13,1963
24.5,12,12,14,1968
24.5,12,12,15,1974
24.5,12,13,0,1891
24.5,12,13,1,1897
24.5,12,13,2,1903
24.5,12,13,3,1909
24.5,12,13,4,1915
24.5,12,13,5,1921
24.5,12,13,6,1927
24.5,12,13,7,1933
24.5,12,13,8,1939
24.5,12,13,9,1945
24.5,12,13,10,1951
24.5,12,13,11,1957
24.5,12,13,12,1963
24.5,12,13,13,1969
24.5,12,13,14,1974
24.5,12,13,15,1980
24.5,12,14,0,1897
24.5,12,14,1,1903
24.5,12,14,2,1909
24.5,12,14,3,1915
24.5,12,14,4,1921
24.5,12,14,5,1927
24.5,12,14,6,1933
24.5,12,14,7,1939
24.5,12,14,8,1945
24.5,12,14,9,1951
24.5,12,14,10,1957
24.5,12,14,11,1963
24.5,12,14,12,1969
24.5,12,14,13,1975
24.5,12,14,14,1981
24.5,12,14,15,1986
24.5,12,15,0,1903
24.5,12,15,1,1909
24.5,12,15,2,1915
24.5,12,15,3,1921
24.5,12,15,4,1927
24.5,12,15,5,1933
24.5,12,15,6,1939
24.5,12,15,7,1945
24.5,12,15,8,1951
24.5,12,15,9,1957
24.5,12,15,10,1963
24.5,12,15,11,1969
24.5,12,15,12,1975
24.5,12,15,13,1981
24.5,12,15,14,1987
24.5,12,15,15,1992
24.5,13,0,0,1820
24.5,13,0,1,1826
24.5,13,0,2,1832
24.5,13,0,3,1838
24.5,13,0,4,1843
24.5,13,0,5,1849
24.5,13,0,6,1855
24.5,13,0,7,1861
24.5,13,0,8,1866
24.5,13,0,9,1872
24.5,13,0,10,1878
24.5,13,0,11,1884
24.5,13,0,12,1889
24.5,13,0,13,1895
24.5,13,0,14,1900
24.5,13,0,15,1906
24.5,13,1,0,1826
24.5,13,1,1,1832
24.5,13,1,2,1838
24.5,13,1,3,1844
24.5,13,1,4,1850
24.5,13,1,5,1855
24.5,13,1,6,1861
24.5,13,1,7,1867
24.5,13,1,8,1873
24.5,13,1,9,1878
24.5,13,1,10,1884
24.5,13,1,11,1890
24.5,13,1,12,1896
24.5,13,1,13,1901
24.5,13,1,14,1907
24.5,13,1,15,1912
24.5,13,2,0,1832
24.5,13,2,1,1838
24.5,13,2,2,1844
24.5,13,2,3,1850
24.5,13,2,4,1856
24.5,13,2,5,1862
24.5,13,2,6,1867
24.5,13,2,7,1873
24.5,13,2,8,1879
24.5,13,2,9,1885
24.5,13,2,10,1890
24.5,13,2,11,1896
24.5,13,2,12,1902
24.5,13,2,13,1908
24.5,13,2,14,1913
24.5,13,2,15,1919
24.5,13,3,0,1838
24.5,13,3,1,1844
24.5,13,3,2,1850
24.5,13,3,3,1856
24.5,13,3,4,1862
24.5,13,3,5,1868
24.5,13,3,6,1874
24.5,13,3,7,1879
24.5,13,3,8,1885
24.5,13,3,9,1891
24.5,13,3,10,1897
24.5,13,3,11,1902
24.5,13,3,12,1908
24.5,13,3,13,1914
24.5,13,3,14,1920
24.5,13,3,15,1925
24.5,13,4,0,1844
24.5,13,4,1,1850
24.5,13,4,2,1856
24.5,13,4,3,1862
24.5,13,4,4,1868
24.5,13,4,5,1874
24.5,13,4,6,1880
24.5,13,4,7,1886
24.5,13,4,8,1891
24.5,13,4,9,1897
24.5,13,4,10,1903
24.5,13,4,11,1909
24.5,13,4,12,1914
24.5,13,4,13,1920
24.5,13,4,14,1926
24.5,13,4,15,1932
24.5,13,5,0,1850
24.5,13,5,1,1856
24.5,13,5,2,1862
24.5,13,5,3,1868
24.5,13,5,4,1874
24.5,13,5,5,1880
24.5,13,5,6,1886
24.5,13,5,7,1892
24.5,13,5,8,1897
24.5,13,5,9,1903
24.5,13,5,10,1909
24.5,13,5,11,1915
24.5,13,5,12,1921
24.5,13,5,13,1926
24.5,13,5,14,1932
24.5,13,5,15,1938
24.5,13,6,0,1856
24.5,13,6,1,1862
24.5,13,6,2,1868
24.5,13,6,3,1874
24.5,13,6,4,1880
24.5,13,6,5,1886
24.5,13,6,6,1892
24.5,13,6,7,1898
24.5,13,6,8,1904
24.5,13,6,9,1909
24.5,13,6,10,1915
24.5,13,6,11,1921
24.5,13,6,12,1927
24.5,13,6,13,1933
24.5,13,6,14,1938
24.5,13,6,15,1944
24.5,13,7,0,1862
24.5,13,7,1,1868
24.5,13,7,2,1874
24.5,13,7,3,1880
24.5,13,7,4,1886
24.5,13,7,5,1892
24.5,13,7,6,1898
24.5,13,7,7,1904
24.5,13,7,8,1910
24.5,13,7,9,1916
24.5,13,7,10,1921
24.5,13,7,11,1927
24.5,13,7,12,1933
24.5,13,7,13,1939
24.5,13,7,14,1945
24.5,13,7,15,1950
24.5,13,8,0,1868
24.5,13,8,1,1874
24.5,13,8,2,1880
24.5,13,8,3,1886
24.5,13,8,4,1892
24.5,13,8,5,1898
24.5,13,8,6,1904
24.5,13,8,7,1910
24.5,13,8,8,1916
24.5,13,8,9,1922
24.5,13,8,10,1928
24.5,13,8,11,1933
24.5,13,8,12,1939
24.5,13,8,13,1945
24.5,13,8,14,1951
24.5,13,8,15,1957
24.5,13,9,0,1874
24.5,13,9,1,1880
24.5,13,9,2,1886
24.5,13,9,3,1892
24.5,13,9,4,1898
24.5,13,9,5,1904
24.5,13,9,6,1910
24.5,13,9,7,1916
24.5,13,9,8,1922
24.5,13,9,9,1928
24.5,13,9,10,1934
24.5,13,9,11,1940
24.5,13,9,12,1945
24.5,13,9,13,1951
24.5,13,9,14,1957
24.5,13,9,15,1963
24.5,13,10,0,1880
24.5,13,10,1,1886
24.5,13,10,2,1892
24.5,13,10,3,1898
24.5,13,10,4,1904
24.5,13,10,5,1910
24.5,13,10,6,1916
24.5,13,10,7,1922
24.5,13,10,8,1928
24.5,13,10,9,1934
24.5,13,10,10,1940
24.5,13,10,11,1946
24.5,13,10,12,1952
24.5,13,10,13,1957
24.5,13,10,14,1963
24.5,13,10,15,1969
24.5,13,11,0,1886
24.5,13,11,1,1892
24.5,13,11,2,1898
24.5,13,11,3,1904
24.5,13,11,4,1910
24.5,13,11,5,1916
24.5,13,11,6,1922
24.5,13,11,7,1928
24.5,13,11,8,1934
24.5,13,11,9,1940
24.5,13,11,10,1946
24.5,13,11,11,1952
24.5,13,11,12,1958
24.5,13,11,13,1964
24.5,13,11,14,1969
24.5,13,11,15,1975
24.5,13,12,0,1892
24.5,13,12,1,1898
24.5,13,12,2,1904
24.5,13,12,3,1910
24.5,13,12,4,1916
24.5,13,12,5,1922
24.5,13,12,6,1928
24.5,13,12,7,1934
24.5,13,12,8,1940
24.5,13,12,9,1946
24.5,13,12,10,1952
24.5,13,12,11,1958
24.5,13,12,12,1964
24.5,13,12,13,1970
24.5,13,12,14,1976
24.5,13,12,15,1981
24.5,13,13,0,1898
24.5,13,13,1,1904
24.5,13,13,2,1910
24.5,13,13,3,1916
24.5,13,13,4,1922
24.5,13,13,5,1928
24.5,13,13,6,1934
24.5,13,13,7,1940
24.5,13,13,8,1946
24.5,13,13,9,1952
24.5,13,13,10,1958
24.5,13,13,11,1964
24.5,13,13,12,1970
24.5,13,13,13,1976
24.5,13,13,14,1982
24.5,13,13,15,1988
24.5,13,14,0,1904
24.5,13,14,1,1910
24.5,13,14,2,1916
24.5,13,14,3,1922
24.5,13,14,4,1928
24.5,13,14,5,1934
24.5,13,14,6,1940
24.5,13,14,7,1946
24.5,13,14,8,1952
24.5,13,14,9,1958
24.5,13,14,10,1964
24.5,13,14,11,1970
24.5,13,14,12,1976
24.5,13,14,13,1982
24.5,13,14,14,1988
24.5,13,14,15,1994
24.5,13,15,0,1909
24.5,13,15,1,1916
24.5,13,15,2,1922
24.5,13,15,3,1928
24.5,13,15,4,1934
24.5,13,15,5,1940
24.5,13,15,6,1946
24.5,13,15,7,1952
24.5,13,15,8,1958
24.5,13,15,9,1964
24.5,13,15,10,1970
24.5,13,15,11,1976
24.5,13,15,12,1982
24.5,13,15,13,1988
24.5,13,15,14,1994
24.5,13,15,15,2000
24.5,14,0,0,1827
24.5,14,0,1,1833
24.5,14,0,2,1838
24.5,14,0,3,1844
24.5,14,0,4,1850
24.5,14,0,5,1856
24.5,14,0,6,1862
24.5,14,0,7,1867
24.5,14,0,8,1873
24.5,14,0,9,1879
24.5,14,0,10,1885
24.5,14,0,11,1890
24.5,14,0,12,1896
24.5,14,0,13,1902
24.5,14,0,14,1907
24.5,14,0,15,1913
24.5,14,1,0,1833
24.5,14,1,1,1839
24.5,14,1,2,1845
24.5,14,1,3,1850
24.5,14,1,4,1856
24.5,14,1,5,1862
24.5,14,1,6,1868
24.5,14,1,7,1874
24.5,14,1,8,1880
24.5,14,1,9,1885
24.5,14,1,10,1891
24.5,14,1,11,1897
24.5,14,1,12,1902
24.5,14,1,13,1908
24.5,14,1,14,1914
24.5,14,1,15,1919
24.5,14,2,0,1839
24.5,14,2,1,1845
24.5,14,2,2,1851
24.5,14,2,3,1857
24.5,14,2,4,1862
24.5,14,2,5,1868
24.5,14,2,6,1874
24.5,14,2,7,1880
24.5,14,2,8,1886
24.5,14,2,9,1892
24.5,14,2,10,1897
24.5,14,2,11,1903
24.5,14,2,12,1909
24.5,14,2,13,1914
24.5,14,2,14,1920
24.5,14,2,15,1926
24.5,14,3,0,1845
24.5,14,3,1,1851
24.5,14,3,2,1857
24.5,14,3,3,1863
24.5,14,3,4,1869
24.5,14,3,5,1875
24.5,14,3,6,1880
24.5,14,3,7,1886
24.5,14,3,8,1892
24.5,14,3,9,1898
24.5,14,3,10,1904
24.5,14,3,11,1909
24.5,14,3,12,1915
24.5,14,3,13,1921
24.5,14,3,14,1927
24.5,14,3,15,1932
24.5,14,4,0,1851
24.5,14,4,1,1857
24.5,14,4,2,1863
24.5,14,4,3,1869
24.5,14,4,4,1875
24.5,14,4,5,1881
24.5,14,4,6,1887
24.5,14,4,7,1892
24.5,14,4,8,1898
24.5,14,4,9,1904
24.5,14,4,10,1910
24.5,14,4,11,1916
24.5,14,4,12,1921
24.5,14,4,13,1927
24.5,14,4,14,1933
24.5,14,4,15,1939
24.5,14,5,0,1857
24.5,14,5,1,1863
24.5,14,5,2,1869
24.5,14,5,3,1875
24.5,14,5,4,1881
24.5,14,5,5,1887
24.5,14,5,6,1893
24.5,14,5,7,1899
24.5,14,5,8,1904
24.5,14,5,9,1910
24.5,14,5,10,1916
24.5,14,5,11,1922
24.5,14,5,12,1928
24.5,14,5,13,1933
24.5,14,5,14,1939
24.5,14,5,15,1945
24.5,14,6,0,1863
24.5,14,6,1,1869
24.5,14,6,2,1875
24.5,14,6,3,1881
24.5,14,6,4,1887
24.5,14,6,5,1893
24.5,14,6,6,1899
24.5,14,6,7,1905
24.5,14,6,8,1911
24.5,14,6,9,1916
24.5,14,6,10,1922
24.5,14,6,11,1928
24.5,14,6,12,1934
24.5,14,6,13,1940
24.5,14,6,14,1945
24.5,14,6,15,1951
24.5,14,7,0,1869
24.5,14,7,1,1875
24.5,14,7,2,1881
24.5,14,7,3,1887
24.5,14,7,4,1893
24.5,14,7,5,1899
24.5,14,7,6,1905
24.5,14,7,7,1911
24.5,14,7,8,1917
24.5,14,7,9,1923
24.5,14,7,10,1928
24.5,14,7,11,1934
24.5,14,7,12,1940
24.5,14,7,13,1946
24.5,14,7,14,1952
24.5,14,7,15,1957
24.5,14,8,0,1875
24.5,14,8,1,1881
24.5,14,8,2,1887
24.5,14,8,3,1893
24.5,14,8,4,1899
24.5,14,8,5,1905
24.5,14,8,6,1911
24.5,14,8,7,1917
24.5,14,8,8,1923
24.5,14,8,9,1929
24.5,14,8,10,1935
24.5,14,8,11,1941
24.5,14,8,12,1946
24.5,14,8,13,1952
24.5,14,8,14,1958
24.5,14,8,15,1964
24.5,14,9,0,1881
24.5,14,9,1,1887
24.5,14,9,2,1893
24.5,14,9,3,1899
24.5,14,9,4,1905
24.5,14,9,5,1911
24.5,14,9,6,1917
24.5,14,9,7,1923
24.5,14,9,8,1929
24.5,14,9,9,1935
24.5,14,9,10,1941
24.5,14,9,11,1947
24.5,14,9,12,1953
24.5,14,9,13,1958
24.5,14,9,14,1964
24.5,14,9,15,1970
24.5,14,10,0,1887
24.5,14,10,1,1893
24.5,14,10,2,1899
24.5,14,10,3,1905
24.5,14,10,4,1911
24.5,14,10,5,1917
24.5,14,10,6,1923
24.5,14,10,7,1929
24.5,14,10,8,1935
24.5,14,10,9,1941
24.5,14,10,10,1947
24.5,14,10,11,1953
24.5,14,10,12,1959
24.5,14,10,13,1965
24.5,14,10,14,1970
24.5,14,10,15,1976
24.5,14,11,0,1893
24.5,14,11,1,1899
24.5,14,11,2,1905
24.5,14,11,3,1911
24.5,14,11,4,1917
24.5,14,11,5,1923
24.5,14,11,6,1929
24.5,14,11,7,1935
24.5,14,11,8,1941
24.5,14,11,9,1947
24.5,14,11,10,1953
24.5,14,11,11,1959
24.5,14,11,12,1965
24.5,14,11,13,1971
24.5,14,11,14,1977
24.5,14,11,15,1982
24.5,14,12,0,1899
24.5,14,12,1,1905
24.5,14,12,2,1911
24.5,14,12,3,1917
24.5,14,12,4,1923
24.5,14,12,5,1929
24.5,14,12,6,1935
24.5,14,12,7,1941
24.5,14,12,8,1947
24.5,14,12,9,1953
24.5,14,12,10,1959
24.5,14,12,11,1965
24.5,14,12,12,1971
24.5,14,12,13,1977
24.5,14,12,14,1983
24.5,14,12,15,1989
24.5,14,13,0,1905
24.5,14,13,1,1911
24.5,14,13,2,1917
24.5,14,13,3,1923
24.5,14,13,4,1929
24.5,14,13,5,1935
24.5,14,13,6,1941
24.5,14,13,7,1947
24.5,14,13,8,1953
24.5,14,13,9,1959
24.5,14,13,10,1965
24.5,14,13,11,1971
24.5,14,13,12,1977
24.5,14,13,13,1983
24.5,14,13,14,1989
24.5,14,13,15,1995
24.5,14,14,0,1911
24.5,14,14,1,1917
24.5,14,14,2,1923
24.5,14,14,3,1929
24.5,14,14,4,1935
24.5,14,14,5,1941
24.5,14,14,6,1947
24.5,14,14,7,1953
24.5,14,14,8,1959
24.5,14,14,9,1965
24.5,14,14,10,1971
24.5,14,14,11,1977
24.5,14,14,12,1983
24.5,14,14,13,1989
24.5,14,14,14,1995
24.5,14,14,15,2001
24.5,14,15,0,1916
24.5,14,15,1,1923
24.5,14,15,2,1929
24.5,14,15,3,1935
24.5,14,15,4,1941
24.5,14,15,5,1947
24.5,14,15,6,1953
24.5,14,15,7,1959
24.5,14,15,8,1965
24.5,14,15,9,1971
24.5,14,15,10,1977
24.5,14,15,11,1983
24.5,14,15,12,1989
24.5,14,15,13,1995
24.5,14,15,14,2001
24.5,14,15,15,2007
24.5,15,0,0,1833
24.5,15,0,1,1839
24.5,15,0,2,1845
24.5,15,0,3,1851
24.5,15,0,4,1857
24.5,15,0,5,1863
24.5,15,0,6,1868
24.5,15,0,7,1874
24.5,15,0,8,1880
24.5,15,0,9,1886
24.5,15,0,10,1892
24.5,15,0,11,1897
24.5,15,0,12,1903
24.5,15,0,13,1909
24.5,15,0,14,1914
24.5,15,0,15,1920
24.5,15,1,0,1839
24.5,15,1,1,1845
24.5,15,1,2,1851
24.5,15,1,3,1857
24.5,15,1,4,1863
24.5,15,1,5,1869
24.5,15,1,6,1875
24.5,15,1,7,1881
24.5,15,1,8,1886
24.5,15,1,9,1892
24.5,15,1,10,1898
24.5,15,1,11,1904
24.5,15,1,12,1909
24.5,15,1,13,1915
24.5,15,1,14,1921
24.5,15,1,15,1926
24.5,15,2,0,1846
24.5,15,2,1,1852
24.5,15,2,2,1857
24.5,15,2,3,1863
24.5,15,2,4,1869
24.5,15,2,5,1875
24.5,15,2,6,1881
24.5,15,2,7,1887
24.5,15,2,8,1893
24.5,15,2,9,1898
24.5,15,2,10,1904
24.5,15,2,11,1910
24.5,15,2,12,1916
24.5,15,2,13,1921
24.5,15,2,14,1927
24.5,15,2,15,1933
24.5,15,3,0,1852
24.5,15,3,1,1858
24.5,15,3,2,1864
24.5,15,3,3,1870
24.5,15,3,4,1875
24.5,15,3,5,1881
24.5,15,3,6,1887
24.5,15,3,7,1893
24.5,15,3,8,1899
24.5,15,3,9,1905
24.5,15,3,10,1911
24.5,15,3,11,1916
24.5,15,3,12,1922
24.5,15,3,13,1928
24.5,15,3,14,1934
24.5,15,3,15,1939
24.5,15,4,0,1858
24.5,15,4,1,1864
24.5,15,4,2,1870
24.5,15,4,3,1876
24.5,15,4,4,1882
24.5,15,4,5,1888
24.5,15,4,6,1893
24.5,15,4,7,1899
24.5,15,4,8,1905
24.5,15,4,9,1911
24.5,15,4,10,1917
24.5,15,4,11,1923
24.5,15,4,12,1928
24.5,15,4,13,1934
24.5,15,4,14,1940
24.5,15,4,15,1946
24.5,15,5,0,1864
24.5,15,5,1,1870
24.5,15,5,2,1876
24.5,15,5,3,1882
24.5,15,5,4,1888
24.5,15,5,5,1894
24.5,15,5,6,1900
24.5,15,5,7,1905
24.5,15,5,8,1911
24.5,15,5,9,1917
24.5,15,5,10,1923
24.5,15,5,11,1929
24.5,15,5,12,1935
24.5,15,5,13,1940
24.5,15,5,14,1946
24.5,15,5,15,1952
24.5,15,6,0,1870
24.5,15,6,1,1876
24.5,15,6,2,1882
24.5,15,6,3,1888
24.5,15,6,4,1894
24.5,15,6,5,1900
24.5,15,6,6,1906
24.5,15,6,7,1912
24.5,15,6,8,1918
24.5,15,6,9,1923
24.5,15,6,10,1929
24.5,15,6,11,1935
24.5,15,6,12,1941
24.5,15,6,13,1947
24.5,15,6,14,1953
24.5,15,6,15,1958
24.5,15,7,0,1876
24.5,15,7,1,1882
24.5,15,7,2,1888
24.5,15,7,3,1894
24.5,15,7,4,1900
24.5,15,7,5,1906
24.5,15,7,6,1912
24.5,15,7,7,1918
24.5,15,7,8,1924
24.5,15,7,9,1930
24.5,15,7,10,1935
24.5,15,7,11,1941
24.5,15,7,12,1947
24.5,15,7,13,1953
24.5,15,7,14,1959
24.5,15,7,15,1965
24.5,15,8,0,1882
24.5,15,8,1,1888
24.5,15,8,2,1894
24.5,15,8,3,1900
24.5,15,8,4,1906
24.5,15,8,5,1912
24.5,15,8,6,1918
24.5,15,8,7,1924
24.5,15,8,8,1930
24.5,15,8,9,1936
24.5,15,8,10,1942
24.5,15,8,11,1948
24.5,15,8,12,1953
24.5,15,8,13,1959
24.5,15,8,14,1965
24.5,15,8,15,1971
24.5,15,9,0,1888
24.5,15,9,1,1894
24.5,15,9,2,1900
24.5,15,9,3,1906
24.5,15,9,4,1912
24.5,15,9,5,1918
24.5,15,9,6,1924
24.5,15,9,7,1930
24.5,15,9,8,1936
24.5,15,9,9,1942
24.5,15,9,10,1948
24.5,15,9,11,1954
24.5,15,9,12,1960
24.5,15,9,13,1965
24.5,15,9,14,1971
24.5,15,9,15,1977
24.5,15,10,0,1894
24.5,15,10,1,1900
24.5,15,10,2,1906
24.5,15,10,3,1912
24.5,15,10,4,1918
24.5,15,10,5,1924
24.5,15,10,6,1930
24.5,15,10,7,1936
24.5,15,10,8,1942
24.5,15,10,9,1948
24.5,15,10,10,1954
24.5,15,10,11,1960
24.5,15,10,12,1966
24.5,15,10,13,1972
24.5,15,10,14,1978
24.5,15,10,15,1983
24.5,15,11,0,1900
24.5,15,11,1,1906
24.5,15,11,2,1912
24.5,15,11,3,1918
24.5,15,11,4,1924
24.5,15,11,5,1930
24.5,15,11,6,1936
24.5,15,11,7,1942
24.5,15,11,8,1948
24.5,15,11,9,1954
24.5,15,11,10,1960
24.5,15,11,11,1966
24.5,15,11,12,1972
24.5,15,11,13,1978
24.5,15,11,14,1984
24.5,15,11,15,1990
24.5,15,12,0,1906
24.5,15,12,1,1912
24.5,15,12,2,1918
24.5,15,12,3,1924
24.5,15,12,4,1930
24.5,15,12,5,1936
24.5,15,12,6,1942
24.5,15,12,7,1948
24.5,15,12,8,1954
24.5,15,12,9,1960
24.5,15,12,10,1966
24.5,15,12,11,1972
24.5,15,12,12,1978
24.5,15,12,13,1984
24.5,15,12,14,1990
24.5,15,12,15,1996
24.5,15,13,0,1912
24.5,15,13,1,1918
24.5,15,13,2,1924
24.5,15,13,3,1930
24.5,15,13,4,1936
24.5,15,13,5,1942
24.5,15,13,6,1948
24.5,15,13,7,1954
24.5,15,13,8,1960
24.5,15,13,9,1966
24.5,15,13,10,1972
24.5,15,13,11,1978
24.5,15,13,12,1984
24.5,15,13,13,1990
24.5,15,13,14,1996
24.5,15,13,15,2002
24.5,15,14,0,1918
24.5,15,14,1,1924
24.5,15,14,2,1930
24.5,15,14,3,1936
24.5,15,14,4,1942
24.5,15,14,5,1948
24.5,15,14,6,1954
24.5,15,14,7,1960
24.5,15,14,8,1966
24.5,15,14,9,1972
24.5,15,14,10,1978
24.5,15,14,11,1984
24.5,15,14,12,1990
24.5,15,14,13,1996
24.5,15,14,14,2002
24.5,15,14,15,2008
24.5,15,15,0,1923
24.5,15,15,1,1930
24.5,15,15,2,1936
24.5,15,15,3,1942
24.5,15,15,4,1948
24.5,15,15,5,1954
24.5,15,15,6,1960
24.5,15,15,7,1966
24.5,15,15,8,1972
24.5,15,15,9,1978
24.5,15,15,10,1985
24.5,15,15,11,1991
24.5,15,15,12,1997
24.5,15,15,13,2002
24.5,15,15,14,2008
24.5,15,15,15,2014
25.0,0,0,0,1769
25.0,0,0,1,1775
25.0,0,0,2,1780
25.0,0,0,3,1786
25.0,0,0,4,1792
25.0,0,0,5,1797
25.0,0,0,6,1803
25.0,0,0,7,1809
25.0,0,0,8,1814
25.0,0,0,9,1820
25.0,0,0,10,1825
25.0,0,0,11,1831
25.0,0,0,12,1836
25.0,0,0,13,1842
25.0,0,0,14,1847
25.0,0,0,15,1853
25.0,0,1,0,1775
25.0,0,1,1,1781
25.0,0,1,2,1786
25.0,0,1,3,1792
25.0,0,1,4,1798
25.0,0,1,5,1803
25.0,0,1,6,1809
25.0,0,1,7,1815
25.0,0,1,8,1820
25.0,0,1,9,1826
25.0,0,1,10,1831
25.0,0,1,11,1837
25.0,0,1,12,1842
25.0,0,1,13,1848
25.0,0,1,14,1853
25.0,0,1,15,1859
25.0,0,2,0,1781
25.0,0,2,1,1787
25.0,0,2,2,1792
25.0,0,2,3,1798
25.0,0,2,4,1804
25.0,0,2,5,1809
25.0,0,2,6,1815
25.0,0,2,7,1821
25.0,0,2,8,1826
25.0,0,2,9,1832
25.0,0,2,10,1837
25.0,0,2,11,1843
25.0,0,2,12,1849
25.0,0,2,13,1854
25.0,0,2,14,1860
25.0,0,2,15,1865
25.0,0,3,0,1787
25.0,0,3,1,1793
25.0,0,3,2,1798
25.0,0,3,3,1804
25.0,0,3,4,1810
25.0,0,3,5,1815
25.0,0,3,6,1821
25.0,0,3,7,1827
25.0,0,3,8,1832
25.0,0,3,9,1838
25.0,0,3,10,1844
25.0,0,3,11,1849
25.0,0,3,12,1855
25.0,0,3,13,1860
25.0,0,3,14,1866
25.0,0,3,15,1871
25.0,0,4,0,1793
25.0,0,4,1,1798
25.0,0,4,2,1804
25.0,0,4,3,1810
25.0,0,4,4,1816
25.0,0,4,5,1821
25.0,0,4,6,1827
25.0,0,4,7,1833
25.0,0,4,8,1838
25.0,0,4,9,1844
25.0,0,4,10,1850
25.0,0,4,11,1855
25.0,0,4,12,1861
25.0,0,4,13,1866
25.0,0,4,14,1872
25.0,0,4,15,1877
25.0,0,5,0,1799
25.0,0,5,1,1804
25.0,0,5,2,1810
25.0,0,5,3,1816
25.0,0,5,4,1822
25.0,0,5,5,1827
25.0,0,5,6,1833
25.0,0,5,7,1839
25.0,0,5,8,1844
25.0,0,5,9,1850
25.0,0,5,10,1856
25.0,0,5,11,1861
25.0,0,5,12,1867
25.0,0,5,13,1872
25.0,0,5,14,1878
25.0,0,5,15,1884
25.0,0,6,0,1804
25.0,0,6,1,1810
25.0,0,6,2,1816
25.0,0,6,3,1822
25.0,0,6,4,1827
25.0,0,6,5,1833
25.0,0,6,6,1839
25.0,0,6,7,1845
25.0,0,6,8,1850
25.0,0,6,9,1856
25.0,0,6,10,1862
25.0,0,6,11,1867
25.0,0,6,12,1873
25.0,0,6,13,1879
25.0,0,6,14,1884
25.0,0,6,15,1890
25.0,0,7,0,1810
25.0,0,7,1,1816
25.0,0,7,2,1822
25.0,0,7,3,1828
25.0,0,7,4,1833
25.0,0,7,5,1839
25.0,0,7,6,1845
25.0,0,7,7,1851
25.0,0,7,8,1856
25.0,0,7,9,1862
25.0,0,7,10,1868
25.0,0,7,11,1873
25.0,0,7,12,1879
25.0,0,7,13,1885
25.0,0,7,14,1890
25.0,0,7,15,1896
25.0,0,8,0,1816
25.0,0,8,1,1822
25.0,0,8,2,1828
25.0,0,8,3,1833
25.0,0,8,4,1839
25.0,0,8,5,1845
25.0,0,8,6,1851
25.0,0,8,7,1857
25.0,0,8,8,1862
25.0,0,8,9,1868
25.0,0,8,10,1874
25.0,0,8,11,1879
25.0,0,8,12,1885
25.0,0,8,13,1891
25.0,0,8,14,1896
25.0,0,8,15,1902
25.0,0,9,0,1822
25.0,0,9,1,1828
25.0,0,9,2,1833
25.0,0,9,3,1839
25.0,0,9,4,1845
25.0,0,9,5,1851
25.0,0,9,6,1857
25.0,0,9,7,1862
25.0,0,9,8,1868
25.0,0,9,9,1874
25.0,0,9,10,1880
25.0,0,9,11,1885
25.0,0,9,12,1891
25.0,0,9,13,1897
25.0,0,9,14,1902
25.0,0,9,15,1908
25.0,0,10,0,1827
25.0,0,10,1,1833
25.0,0,10,2,1839
25.0,0,10,3,1845
25.0,0,10,4,1851
25.0,0,10,5,1857
25.0,0,10,6,1863
25.0,0,10,7,1868
25.0,0,10,8,1874
25.0,0,10,9,1880
25.0,0,10,10,1886
25.0,0,10,11,1891
25.0,0,10,12,1897
25.0,0,10,13,1903
25.0,0,10,14,1908
25.0,0,10,15,1914
25.0,0,11,0,1833
25.0,0,11,1,1839
25.0,0,11,2,1845
25.0,0,11,3,1851
25.0,0,11,4,1857
25.0,0,11,5,1863
25.0,0,11,6,1868
25.0,0,11,7,1874
25.0,0,11,8,1880
25.0,0,11,9,1886
25.0,0,11,10,1891
25.0,0,11,11,1897
25.0,0,11,12,1903
25.0,0,11,13,1909
25.0,0,11,14,1914
25.0,0,11,15,1920
25.0,0,12,0,1839
25.0,0,12,1,1845
25.0,0,12,2,1851
25.0,0,12,3,1857
25.0,0,12,4,1863
25.0,0,12,5,1868
25.0,0,12,6,1874
25.0,0,12,7,1880
25.0,0,12,8,1886
25.0,0,12,9,1892
25.0,0,12,10,1897
25.0,0,12,11,1903
25.0,0,12,12,1909
25.0,0,12,13,1915
25.0,0,12,14,1920
25.0,0,12,15,1926
25.0,0,13,0,1845
25.0,0,13,1,1851
25.0,0,13,2,1857
25.0,0,13,3,1862
25.0,0,13,4,1868
25.0,0,13,5,1874
25.0,0,13,6,1880
25.0,0,13,7,1886
25.0,0,13,8,1892
25.0,0,13,9,1897
25.0,0,13,10,1903
25.0,0,13,11,1909
25.0,0,13,12,1915
25.0,0,13,13,1920
25.0,0,13,14,1926
25.0,0,13,15,1932
25.0,0,14,0,1850
25.0,0,14,1,1856
25.0,0,14,2,1862
25.0,0,14,3,1868
25.0,0,14,4,1874
25.0,0,14,5,1880
25.0,0,14,6,1886
25.0,0,14,7,1892
25.0,0,14,8,1897
25.0,0,14,9,1903
25.0,0,14,10,1909
25.0,0,14,11,1915
25.0,0,14,12,1921
25.0,0,14,13,1926
25.0,0,14,14,1932
25.0,0,14,15,1938
25.0,0,15,0,1856
25.0,0,15,1,1862
25.0,0,15,2,1868
25.0,0,15,3,1874
25.0,0,15,4,1880
25.0,0,15,5,1886
25.0,0,15,6,1892
25.0,0,15,7,1897
25.0,0,15,8,1903
25.0,0,15,9,1909
25.0,0,15,10,1915
25.0,0,15,11,1921
25.0,0,15,12,1927
25.0,0,15,13,1932
25.0,0,15,14,1938
25.0,0,15,15,1944
25.0,1,0,0,1776
25.0,1,0,1,1782
25.0,1,0,2,1787
25.0,1,0,3,1793
25.0,1,0,4,1799
25.0,1,0,5,1804
25.0,1,0,6,1810
25.0,1,0,7,1816
25.0,1,0,8,1821
25.0,1,0,9,1827
25.0,1,0,10,1832
25.0,1,0,11,1838
25.0,1,0,12,1843
25.0,1,0,13,1849
25.0,1,0,14,1854
25.0,1,0,15,1860
25.0,1,1,0,1782
25.0,1,1,1,1788
25.0,1,1,2,1793
25.0,1,1,3,1799
25.0,1,1,4,1805
25.0,1,1,5,1810
25.0,1,1,6,1816
25.0,1,1,7,1822
25.0,1,1,8,1827
25.0,1,1,9,1833
25.0,1,1,10,1838
25.0,1,1,11,1844
25.0,1,1,12,1850
25.0,1,1,13,1855
25.0,1,1,14,1861
25.0,1,1,15,1866
25.0,1,2,0,1788
25.0,1,2,1,1793
25.0,1,2,2,1799
25.0,1,2,3,1805
25.0,1,2,4,1811
25.0,1,2,5,1816
25.0,1,2,6,1822
25.0,1,2,7,1828
25.0,1,2,8,1833
25.0,1,2,9,1839
25.0,1,2,10,1845
25.0,1,2,11,1850
25.0,1,2,12,1856
25.0,1,2,13,1861
25.0,1,2,14,1867
25.0,1,2,15,1872
25.0,1,3,0,1794
25.0,1,3,1,1799
25.0,1,3,2,1805
25.0,1,3,3,1811
25.0,1,3,4,1817
25.0,1,3,5,1822
25.0,1,3,6,1828
25.0,1,3,7,1834
25.0,1,3,8,1839
25.0,1,3,9,1845
25.0,1,3,10,1851
25.0,1,3,11,1856
25.0,1,3,12,1862
25.0,1,3,13,1867
25.0,1,3,14,1873
25.0,1,3,15,1878
25.0,1,4,0,1800
25.0,1,4,1,1805
25.0,1,4,2,1811
25.0,1,4,3,1817
25.0,1,4,4,1823
25.0,1,4,5,1828
25.0,1,4,6,1834
25.0,1,4,7,1840
25.0,1,4,8,1845
25.0,1,4,9,1851
25.0,1,4,10,1857
25.0,1,4,11,1862
25.0,1,4,12,1868
25.0,1,4,13,1873
25.0,1,4,14,1879
25.0,1,4,15,1885
25.0,1,5,0,1805
25.0,1,5,1,1811
25.0,1,5,2,1817
25.0,1,5,3,1823
25.0,1,5,4,1829
25.0,1,5,5,1834
25.0,1,5,6,1840
25.0,1,5,7,1846
25.0,1,5,8,1851
25.0,1,5,9,1857
25.0,1,5,10,1863
25.0,1,5,11,1868
25.0,1,5,12,1874
25.0,1,5,13,1880
25.0,1,5,14,1885
25.0,1,5,15,1891
25.0,1,6,0,1811
25.0,1,6,1,1817
25.0,1,6,2,1823
25.0,1,6,3,1829
25.0,1,6,4,1834
25.0,1,6,5,1840
25.0,1,6,6,1846
25.0,1,6,7,1852
25.0,1,6,8,1857
25.0,1,6,9,1863
25.0,1,6,10,1869
25.0,1,6,11,1874
25.0,1,6,12,1880
25.0,1,6,13,1886
25.0,1,6,14,1891
25.0,1,6,15,1897
25.0,1,7,0,1817
25.0,1,7,1,1823
25.0,1,7,2,1829
25.0,1,7,3,1835
25.0,1,7,4,1840
25.0,1,7,5,1846
25.0,1,7,6,1852
25.0,1,7,7,1858
25.0,1,7,8,1863
25.0,1,7,9,1869
25.0,1,7,10,1875
25.0,1,7,11,1880
25.0,1,7,12,1886
25.0,1,7,13,1892
25.0,1,7,14,1897
25.0,1,7,15,1903
25.0,1,8,0,1823
25.0,1,8,1,1829
25.0,1,8,2,1835
25.0,1,8,3,1840
25.0,1,8,4,1846
25.0,1,8,5,1852
25.0,1,8,6,1858
25.0,1,8,7,1864
25.0,1,8,8,1869
25.0,1,8,9,1875
25.0,1,8,10,1881
25.0,1,8,11,1887
25.0,1,8,12,1892
25.0,1,8,13,1898
25.0,1,8,14,1903
25.0,1,8,15,1909
25.0,1,9,0,1829
25.0,1,9,1,1835
25.0,1,9,2,1840
25.0,1,9,3,1846
25.0,1,9,4,1852
25.0,1,9,5,1858
25.0,1,9,6,1864
25.0,1,9,7,1870
25.0,1,9,8,1875
25.0,1,9,9,1881
25.0,1,9,10,1887
25.0,1,9,11,1893
25.0,1,9,12,1898
25.0,1,9,13,1904
25.0,1,9,14,1910
25.0,1,9,15,1915
25.0,1,10,0,1834
25.0,1,10,1,1840
25.0,1,10,2,1846
25.0,1,10,3,1852
25.0,1,10,4,1858
25.0,1,10,5,1864
25.0,1,10,6,1870
25.0,1,10,7,1875
25.0,1,10,8,1881
25.0,1,10,9,1887
25.0,1,10,10,1893
25.0,1,10,11,1898
25.0,1,10,12,1904
25.0,1,10,13,1910
25.0,1,10,14,1916
25.0,1,10,15,1921
25.0,1,11,0,1840
25.0,1,11,1,1846
25.0,1,11,2,1852
25.0,1,11,3,1858
25.0,1,11,4,1864
25.0,1,11,5,1870
25.0,1,11,6,1876
25.0,1,11,7,1881
25.0,1,11,8,1887
25.0,1,11,9,1893
25.0,1,11,10,1899
25.0,1,11,11,1904
25.0,1,11,12,1910
25.0,1,11,13,1916
25.0,1,11,14,1922
25.0,1,11,15,1927
25.0,1,12,0,1846
25.0,1,12,1,1852
25.0,1,12,2,1858
25.0,1,12,3,1864
25.0,1,12,4,1870
25.0,1,12,5,1876
25.0,1,12,6,1881
25.0,1,12,7,1887
25.0,1,12,8,1893
25.0,1,12,9,1899
25.0,1,12,10,1905
25.0,1,12,11,1910
25.0,1,12,12,1916
25.0,1,12,13,1922
25.0,1,12,14,1928
25.0,1,12,15,1933
25.0,1,13,0,1852
25.0,1,13,1,1858
25.0,1,13,2,1864
25.0,1,13,3,1870
25.0,1,13,4,1875
25.0,1,13,5,1881
25.0,1,13,6,1887
25.0,1,13,7,1893
25.0,1,13,8,1899
25.0,1,13,9,1905
25.0,1,13,10,1911
25.0,1,13,11,1916
25.0,1,13,12,1922
25.0,1,13,13,1928
25.0,1,13,14,1934
25.0,1,13,15,1939
25.0,1,14,0,1857
25.0,1,14,1,1863
25.0,1,14,2,1869
25.0,1,14,3,1875
25.0,1,14,4,1881
25.0,1,14,5,1887
25.0,1,14,6,1893
25.0,1,14,7,1899
25.0,1,14,8,1905
25.0,1,14,9,1911
25.0,1,14,10,1916
25.0,1,14,11,1922
25.0,1,14,12,1928
25.0,1,14,13,1934
25.0,1,14,14,1940
25.0,1,14,15,1945
25.0,1,15,0,1863
25.0,1,15,1,1869
25.0,1,15,2,1875
25.0,1,15,3,1881
25.0,1,15,4,1887
25.0,1,15,5,1893
25.0,1,15,6,1899
25.0,1,15,7,1905
25.0,1,15,8,1911
25.0,1,15,9,1916
25.0,1,15,10,1922
25.0,1,15,11,1928
25.0,1,15,12,1934
25.0,1,15,13,1940
25.0,1,15,14,1945
25.0,1,15,15,1951
25.0,2,0,0,1783
25.0,2,0,1,1788
25.0,2,0,2,1794
25.0,2,0,3,1800
25.0,2,0,4,1805
25.0,2,0,5,1811
25.0,2,0,6,1817
25.0,2,0,7,1822
25.0,2,0,8,1828
25.0,2,0,9,1834
25.0,2,0,10,1839
25.0,2,0,11,1845
25.0,2,0,12,1850
25.0,2,0,13,1856
25.0,2,0,14,1861
25.0,2,0,15,1867
25.0,2,1,0,1789
25.0,2,1,1,1794
25.0,2,1,2,1800
25.0,2,1,3,1806
25.0,2,1,4,1812
25.0,2,1,5,1817
25.0,2,1,6,1823
25.0,2,1,7,1829
25.0,2,1,8,1834
25.0,2,1,9,1840
25.0,2,1,10,1845
25.0,2,1,11,1851
25.0,2,1,12,1857
25.0,2,1,13,1862
25.0,2,1,14,1868
25.0,2,1,15,1873
25.0,2,2,0,1795
25.0,2,2,1,1800
25.0,2,2,2,1806
25.0,2,2,3,1812
25.0,2,2,4,1818
25.0,2,2,5,1823
25.0,2,2,6,1829
25.0,2,2,7,1835
25.0,2,2,8,1840
25.0,2,2,9,1846
25.0,2,2,10,1852
25.0,2,2,11,1857
25.0,2,2,12,1863
25.0,2,2,13,1868
25.0,2,2,14,1874
25.0,2,2,15,1879
25.0,2,3,0,1800
25.0,2,3,1,1806
25.0,2,3,2,1812
25.0,2,3,3,1818
25.0,2,3,4,1824
25.0,2,3,5,1829
25.0,2,3,6,1835
25.0,2,3,7,1841
25.0,2,3,8,1846
25.0,2,3,9,1852
25.0,2,3,10,1858
25.0,2,3,11,1863
25.0,2,3,12,1869
25.0,2,3,13,1874
25.0,2,3,14,1880
25.0,2,3,15,1886
25.0,2,4,0,1806
25.0,2,4,1,1812
25.0,2,4,2,1818
25.0,2,4,3,1824
25.0,2,4,4,1830
25.0,2,4,5,1835
25.0,2,4,6,1841
25.0,2,4,7,1847
25.0,2,4,8,1852
25.0,2,4,9,1858
25.0,2,4,10,1864
25.0,2,4,11,1869
25.0,2,4,12,1875
25.0,2,4,13,1881
25.0,2,4,14,1886
25.0,2,4,15,1892
25.0,2,5,0,1812
25.0,2,5,1,1818
25.0,2,5,2,1824
25.0,2,5,3,1830
25.0,2,5,4,1836
25.0,2,5,5,1841
25.0,2,5,6,1847
25.0,2,5,7,1853
25.0,2,5,8,1858
25.0,2,5,9,1864
25.0,2,5,10,1870
25.0,2,5,11,1876
25.0,2,5,12,1881
25.0,2,5,13,1887
25.0,2,5,14,1892
25.0,2,5,15,1898
25.0,2,6,0,1818
25.0,2,6,1,1824
25.0,2,6,2,1830
25.0,2,6,3,1836
25.0,2,6,4,1841
25.0,2,6,5,1847
25.0,2,6,6,1853
25.0,2,6,7,1859
25.0,2,6,8,1865
25.0,2,6,9,1870
25.0,2,6,10,1876
25.0,2,6,11,1882
25.0,2,6,12,1887
25.0,2,6,13,1893
25.0,2,6,14,1899
25.0,2,6,15,1904
25.0,2,7,0,1824
25.0,2,7,1,1830
25.0,2,7,2,1836
25.0,2,7,3,1842
25.0,2,7,4,1847
25.0,2,7,5,1853
25.0,2,7,6,1859
25.0,2,7,7,1865
25.0,2,7,8,1871
25.0,2,7,9,1876
25.0,2,7,10,1882
25.0,2,7,11,1888
25.0,2,7,12,1893
25.0,2,7,13,1899
25.0,2,7,14,1905
25.0,2,7,15,1910
25.0,2,8,0,1830
25.0,2,8,1,1836
25.0,2,8,2,1842
25.0,2,8,3,1847
25.0,2,8,4,1853
25.0,2,8,5,1859
25.0,2,8,6,1865
25.0,2,8,7,1871
25.0,2,8,8,1877
25.0,2,8,9,1882
25.0,2,8,10,1888
25.0,2,8,11,1894
25.0,2,8,12,1899
25.0,2,8,13,1905
25.0,2,8,14,1911
25.0,2,8,15,1916
25.0,2,9,0,1836
25.0,2,9,1,1842
25.0,2,9,2,1847
25.0,2,9,3,1853
25.0,2,9,4,1859
25.0,2,9,5,1865
25.0,2,9,6,1871
25.0,2,9,7,1877
25.0,2,9,8,1882
25.0,2,9,9,1888
25.0,2,9,10,1894
25.0,2,9,11,1900
25.0,2,9,12,1905
25.0,2,9,13,1911
25.0,2,9,14,1917
25.0,2,9,15,1922
25.0,2,10,0,1841
25.0,2,10,1,1847
25.0,2,10,2,1853
25.0,2,10,3,1859
25.0,2,10,4,1865
25.0,2,10,5,1871
25.0,2,10,6,1877
25.0,2,10,7,1883
25.0,2,10,8,1888
25.0,2,10,9,1894
25.0,2,10,10,1900
25.0,2,10,11,1906
25.0,2,10,12,1911
25.0,2,10,13,1917
25.0,2,10,14,1923
25.0,2,10,15,1929
25.0,2,11,0,1847
25.0,2,11,1,1853
25.0,2,11,2,1859
25.0,2,11,3,1865
25.0,2,11,4,1871
25.0,2,11,5,1877
25.0,2,11,6,1883
25.0,2,11,7,1889
25.0,2,11,8,1894
25.0,2,11,9,1900
25.0,2,11,10,1906
25.0,2,11,11,1912
25.0,2,11,12,1917
25.0,2,11,13,1923
25.0,2,11,14,1929
25.0,2,11,15,1935
25.0,2,12,0,1853
25.0,2,12,1,1859
25.0,2,12,2,1865
25.0,2,12,3,1871
25.0,2,12,4,1877
25.0,2,12,5,1883
25.0,2,12,6,1889
25.0,2,12,7,1894
25.0,2,12,8,1900
25.0,2,12,9,1906
25.0,2,12,10,1912
25.0,2,12,11,1918
25.0,2,12,12,1923
25.0,2,12,13,1929
25.0,2,12,14,1935
25.0,2,12,15,1941
25.0,2,13,0,1859
25.0,2,13,1,1865
25.0,2,13,2,1871
25.0,2,13,3,1877
25.0,2,13,4,1883
25.0,2,13,5,1889
25.0,2,13,6,1894
25.0,2,13,7,1900
25.0,2,13,8,1906
25.0,2,13,9,1912
25.0,2,13,10,1918
25.0,2,13,11,1924
25.0,2,13,12,1929
25.0,2,13,13,1935
25.0,2,13,14,1941
25.0,2,13,15,1947
25.0,2,14,0,1865
25.0,2,14,1,1871
25.0,2,14,2,1877
25.0,2,14,3,1882
25.0,2,14,4,1888
25.0,2,14,5,1894
25.0,2,14,6,1900
25.0,2,14,7,1906
25.0,2,14,8,1912
25.0,2,14,9,1918
25.0,2,14,10,1924
25.0,2,14,11,1930
25.0,2,14,12,1935
25.0,2,14,13,1941
25.0,2,14,14,1947
25.0,2,14,15,1953
25.0,2,15,0,1870
25.0,2,15,1,1876
25.0,2,15,2,1882
25.0,2,15,3,1888
25.0,2,15,4,1894
25.0,2,15,5,1900
25.0,2,15,6,1906
25.0,2,15,7,1912
25.0,2,15,8,1918
25.0,2,15,9,1924
25.0,2,15,10,1930
25.0,2,15,11,1935
25.0,2,15,12,1941
25.0,2,15,13,1947
25.0,2,15,14,1953
25.0,2,15,15,1959
25.0,3,0,0,1789
25.0,3,0,1,1795
25.0,3,0,2,1801
25.0,3,0,3,1807
25.0,3,0,4,1812
25.0,3,0,5,1818
25.0,3,0,6,1824
25.0,3,0,7,1829
25.0,3,0,8,1835
25.0,3,0,9,1841
25.0,3,0,10,1846
25.0,3,0,11,1852
25.0,3,0,12,1857
25.0,3,0,13,1863
25.0,3,0,14,1868
25.0,3,0,15,1874
25.0,3,1,0,1795
25.0,3,1,1,1801
25.0,3,1,2,1807
25.0,3,1,3,1813
25.0,3,1,4,1818
25.0,3,1,5,1824
25.0,3,1,6,1830
25.0,3,1,7,1836
25.0,3,1,8,1841
25.0,3,1,9,1847
25.0,3,1,10,1852
25.0,3,1,11,1858
25.0,3,1,12,1864
25.0,3,1,13,1869
25.0,3,1,14,1875
25.0,3,1,15,1880
25.0,3,2,0,1801
25.0,3,2,1,1807
25.0,3,2,2,1813
25.0,3,2,3,1819
25.0,3,2,4,1824
25.0,3,2,5,1830
25.0,3,2,6,1836
25.0,3,2,7,1842
25.0,3,2,8,1847
25.0,3,2,9,1853
25.0,3,2,10,1859
25.0,3,2,11,1864
25.0,3,2,12,1870
25.0,3,2,13,1875
25.0,3,2,14,1881
25.0,3,2,15,1887
25.0,3,3,0,1807
25.0,3,3,1,1813
25.0,3,3,2,1819
25.0,3,3,3,1825
25.0,3,3,4,1831
25.0,3,3,5,1836
25.0,3,3,6,1842
25.0,3,3,7,1848
25.0,3,3,8,1853
25.0,3,3,9,1859
25.0,3,3,10,1865
25.0,3,3,11,1870
25.0,3,3,12,1876
25.0,3,3,13,1882
25.0,3,3,14,1887
25.0,3,3,15,1893
25.0,3,4,0,1813
25.0,3,4,1,1819
25.0,3,4,2,1825
25.0,3,4,3,1831
25.0,3,4,4,1837
25.0,3,4,5,1842
25.0,3,4,6,1848
25.0,3,4,7,1854
25.0,3,4,8,1859
25.0,3,4,9,1865
25.0,3,4,10,1871
25.0,3,4,11,1877
25.0,3,4,12,1882
25.0,3,4,13,1888
25.0,3,4,14,1893
25.0,3,4,15,1899
25.0,3,5,0,1819
25.0,3,5,1,1825
25.0,3,5,2,1831
25.0,3,5,3,1837
25.0,3,5,4,1843
25.0,3,5,5,1848
25.0,3,5,6,1854
25.0,3,5,7,1860
25.0,3,5,8,1866
25.0,3,5,9,1871
25.0,3,5,10,1877
25.0,3,5,11,1883
25.0,3,5,12,1888
25.0,3,5,13,1894
25.0,3,5,14,1900
25.0,3,5,15,1905
25.0,3,6,0,1825
25.0,3,6,1,1831
25.0,3,6,2,1837
25.0,3,6,3,1843
25.0,3,6,4,1848
25.0,3,6,5,1854
25.0,3,6,6,1860
25.0,3,6,7,1866
25.0,3,6,8,1872
25.0,3,6,9,1877
25.0,3,6,10,1883
25.0,3,6,11,1889
25.0,3,6,12,1894
25.0,3,6,13,1900
25.0,3,6,14,1906
25.0,3,6,15,1911
25.0,3,7,0,1831
25.0,3,7,1,1837
25.0,3,7,2,1843
25.0,3,7,3,1849
25.0,3,7,4,1854
25.0,3,7,5,1860
25.0,3,7,6,1866
25.0,3,7,7,1872
25.0,3,7,8,1878
25.0,3,7,9,1883
25.0,3,7,10,1889
25.0,3,7,11,1895
25.0,3,7,12,1901
25.0,3,7,13,1906
25.0,3,7,14,1912
25.0,3,7,15,1918
25.0,3,8,0,1837
25.0,3,8,1,1843
25.0,3,8,2,1849
25.0,3,8,3,1855
25.0,3,8,4,1860
25.0,3,8,5,1866
25.0,3,8,6,1872
25.0,3,8,7,1878
25.0,3,8,8,1884
25.0,3,8,9,1889
25.0,3,8,10,1895
25.0,3,8,11,1901
25.0,3,8,12,1907
25.0,3,8,13,1912
25.0,3,8,14,1918
25.0,3,8,15,1924
25.0,3,9,0,1843
25.0,3,9,1,1849
25.0,3,9,2,1855
25.0,3,9,3,1860
25.0,3,9,4,1866
25.0,3,9,5,1872
25.0,3,9,6,1878
25.0,3,9,7,1884
25.0,3,9,8,1890
25.0,3,9,9,1895
25.0,3,9,10,1901
25.0,3,9,11,1907
25.0,3,9,12,1913
25.0,3,9,13,1918
25.0,3,9,14,1924
25.0,3,9,15,1930
25.0,3,10,0,1848
25.0,3,10,1,1854
25.0,3,10,2,1860
25.0,3,10,3,1866
25.0,3,10,4,1872
25.0,3,10,5,1878
25.0,3,10,6,1884
25.0,3,10,7,1890
25.0,3,10,8,1896
25.0,3,10,9,1901
25.0,3,10,10,1907
25.0,3,10,11,1913
25.0,3,10,12,1919
25.0,3,10,13,1924
25.0,3,10,14,1930
25.0,3,10,15,1936
25.0,3,11,0,1854
25.0,3,11,1,1860
25.0,3,11,2,1866
25.0,3,11,3,1872
25.0,3,11,4,1878
25.0,3,11,5,1884
25.0,3,11,6,1890
25.0,3,11,7,1896
25.0,3,11,8,1902
25.0,3,11,9,1907
25.0,3,11,10,1913
25.0,3,11,11,1919
25.0,3,11,12,1925
25.0,3,11,13,1931
25.0,3,11,14,1936
25.0,3,11,15,1942
25.0,3,12,0,1860
25.0,3,12,1,1866
25.0,3,12,2,1872
25.0,3,12,3,1878
25.0,3,12,4,1884
25.0,3,12,5,1890
25.0,3,12,6,1896
25.0,3,12,7,1902
25.0,3,12,8,1907
25.0,3,12,9,1913
25.0,3,12,10,1919
25.0,3,12,11,1925
25.0,3,12,12,1931
25.0,3,12,13,1937
25.0,3,12,14,1942
25.0,3,12,15,1948
25.0,3,13,0,1866
25.0,3,13,1,1872
25.0,3,13,2,1878
25.0,3,13,3,1884
25.0,3,13,4,1890
25.0,3,13,5,1896
25.0,3,13,6,1902
25.0,3,13,7,1908
25.0,3,13,8,1913
25.0,3,13,9,1919
25.0,3,13,10,1925
25.0,3,13,11,1931
25.0,3,13,12,1937
25.0,3,13,13,1943
25.0,3,13,14,1948
25.0,3,13,15,1954
25.0,3,14,0,1872
25.0,3,14,1,1878
25.0,3,14,2,1884
25.0,3,14,3,1890
25.0,3,14,4,1896
25.0,3,14,5,1902
25.0,3,14,6,1907
25.0,3,14,7,1913
25.0,3,14,8,1919
25.0,3,14,9,1925
25.0,3,14,10,1931
25.0,3,14,11,1937
25.0,3,14,12,1943
25.0,3,14,13,1949
25.0,3,14,14,1954
25.0,3,14,15,1960
25.0,3,15,0,1877
25.0,3,15,1,1883
25.0,3,15,2,1889
25.0,3,15,3,1895
25.0,3,15,4,1901
25.0,3,15,5,1907
25.0,3,15,6,1913
25.0,3,15,7,1919
25.0,3,15,8,1925
25.0,3,15,9,1931
25.0,3,15,10,1937
25.0,3,15,11,1943
25.0,3,15,12,1949
25.0,3,15,13,1955
25.0,3,15,14,1960
25.0,3,15,15,1966
25.0,4,0,0,1796
25.0,4,0,1,1802
25.0,4,0,2,1808
25.0,4,0,3,1813
25.0,4,0,4,1819
25.0,4,0,5,1825
25.0,4,0,6,1831
25.0,4,0,7,1836
25.0,4,0,8,1842
25.0,4,0,9,1848
25.0,4,0,10,1853
25.0,4,0,11,1859
25.0,4,0,12,1864
25.0,4,0,13,1870
25.0,4,0,14,1876
25.0,4,0,15,1881
25.0,4,1,0,1802
25.0,4,1,1,1808
25.0,4,1,2,1814
25.0,4,1,3,1820
25.0,4,1,4,1825
25.0,4,1,5,1831
25.0,4,1,6,1837
25.0,4,1,7,1842
25.0,4,1,8,1848
25.0,4,1,9,1854
25.0,4,1,10,1859
25.0,4,1,11,1865
25.0,4,1,12,1871
25.0,4,1,13,1876
25.0,4,1,14,1882
25.0,4,1,15,1887
25.0,4,2,0,1808
25.0,4,2,1,1814
25.0,4,2,2,1820
25.0,4,2,3,1826
25.0,4,2,4,1831
25.0,4,2,5,1837
25.0,4,2,6,1843
25.0,4,2,7,1849
25.0,4,2,8,1854
25.0,4,2,9,1860
25.0,4,2,10,1866
25.0,4,2,11,1871
25.0,4,2,12,1877
25.0,4,2,13,1883
25.0,4,2,14,1888
25.0,4,2,15,1894
25.0,4,3,0,1814
25.0,4,3,1,1820
25.0,4,3,2,1826
25.0,4,3,3,1832
25.0,4,3,4,1837
25.0,4,3,5,1843
25.0,4,3,6,1849
25.0,4,3,7,1855
25.0,4,3,8,1860
25.0,4,3,9,1866
25.0,4,3,10,1872
25.0,4,3,11,1877
25.0,4,3,12,1883
25.0,4,3,13,1889
25.0,4,3,14,1894
25.0,4,3,15,1900
25.0,4,4,0,1820
25.0,4,4,1,1826
25.0,4,4,2,1832
25.0,4,4,3,1838
25.0,4,4,4,1843
25.0,4,4,5,1849
25.0,4,4,6,1855
25.0,4,4,7,1861
25.0,4,4,8,1867
25.0,4,4,9,1872
25.0,4,4,10,1878
25.0,4,4,11,1884
25.0,4,4,12,1889
25.0,4,4,13,1895
25.0,4,4,14,1901
25.0,4,4,15,1906
25.0,4,5,0,1826
25.0,4,5,1,1832
25.0,4,5,2,1838
25.0,4,5,3,1844
25.0,4,5,4,1850
25.0,4,5,5,1855
25.0,4,5,6,1861
25.0,4,5,7,1867
25.0,4,5,8,1873
25.0,4,5,9,1878
25.0,4,5,10,1884
25.0,4,5,11,1890
25.0,4,5,12,1895
25.0,4,5,13,1901
25.0,4,5,14,1907
25.0,4,5,15,1912
25.0,4,6,0,1832
25.0,4,6,1,1838
25.0,4,6,2,1844
25.0,4,6,3,1850
25.0,4,6,4,1855
25.0,4,6,5,1861
25.0,4,6,6,1867
25.0,4,6,7,1873
25.0,4,6,8,1879
25.0,4,6,9,1884
25.0,4,6,10,1890
25.0,4,6,11,1896
25.0,4,6,12,1902
25.0,4,6,13,1907
25.0,4,6,14,1913
25.0,4,6,15,1919
25.0,4,7,0,1838
25.0,4,7,1,1844
25.0,4,7,2,1850
25.0,4,7,3,1856
25.0,4,7,4,1861
25.0,4,7,5,1867
25.0,4,7,6,1873
25.0,4,7,7,1879
25.0,4,7,8,1885
25.0,4,7,9,1891
25.0,4,7,10,1896
25.0,4,7,11,1902
25.0,4,7,12,1908
25.0,4,7,13,1913
25.0,4,7,14,1919
25.0,4,7,15,1925
25.0,4,8,0,1844
25.0,4,8,1,1850
25.0,4,8,2,1856
25.0,4,8,3,1862
25.0,4,8,4,1867
25.0,4,8,5,1873
25.0,4,8,6,1879
25.0,4,8,7,1885
25.0,4,8,8,1891
25.0,4,8,9,1897
25.0,4,8,10,1902
25.0,4,8,11,1908
25.0,4,8,12,1914
25.0,4,8,13,1920
25.0,4,8,14,1925
25.0,4,8,15,1931
25.0,4,9,0,1850
25.0,4,9,1,1856
25.0,4,9,2,1862
25.0,4,9,3,1867
25.0,4,9,4,1873
25.0,4,9,5,1879
25.0,4,9,6,1885
25.0,4,9,7,1891
25.0,4,9,8,1897
25.0,4,9,9,1903
25.0,4,9,10,1908
25.0,4,9,11,1914
25.0,4,9,12,1920
25.0,4,9,13,1926
25.0,4,9,14,1931
25.0,4,9,15,1937
25.0,4,10,0,1855
25.0,4,10,1,1861
25.0,4,10,2,1867
25.0,4,10,3,1873
25.0,4,10,4,1879
25.0,4,10,5,1885
25.0,4,10,6,1891
25.0,4,10,7,1897
25.0,4,10,8,1903
25.0,4,10,9,1909
25.0,4,10,10,1914
25.0,4,10,11,1920
25.0,4,10,12,1926
25.0,4,10,13,1932
25.0,4,10,14,1938
25.0,4,10,15,1943
25.0,4,11,0,1861
25.0,4,11,1,1867
25.0,4,11,2,1873
25.0,4,11,3,1879
25.0,4,11,4,1885
25.0,4,11,5,1891
25.0,4,11,6,1897
25.0,4,11,7,1903
25.0,4,11,8,1909
25.0,4,11,9,1915
25.0,4,11,10,1920
25.0,4,11,11,1926
25.0,4,11,12,1932
25.0,4,11,13,1938
25.0,4,11,14,1944
25.0,4,11,15,1949
25.0,4,12,0,1867
25.0,4,12,1,1873
25.0,4,12,2,1879
25.0,4,12,3,1885
25.0,4,12,4,1891
25.0,4,12,5,1897
25.0,4,12,6,1903
25.0,4,12,7,1909
25.0,4,12,8,1915
25.0,4,12,9,1921
25.0,4,12,10,1926
25.0,4,12,11,1932
25.0,4,12,12,1938
25.0,4,12,13,1944
25.0,4,12,14,1950
25.0,4,12,15,1955
25.0,4,13,0,1873
25.0,4,13,1,1879
25.0,4,13,2,1885
25.0,4,13,3,1891
25.0,4,13,4,1897
25.0,4,13,5,1903
25.0,4,13,6,1909
25.0,4,13,7,1915
25.0,4,13,8,1921
25.0,4,13,9,1927
25.0,4,13,10,1932
25.0,4,13,11,1938
25.0,4,13,12,1944
25.0,4,13,13,1950
25.0,4,13,14,1956
25.0,4,13,15,1961
25.0,4,14,0,1879
25.0,4,14,1,1885
25.0,4,14,2,1891
25.0,4,14,3,1897
25.0,4,14,4,1903
25.0,4,14,5,1909
25.0,4,14,6,1915
25.0,4,14,7,1921
25.0,4,14,8,1927
25.0,4,14,9,1932
25.0,4,14,10,1938
25.0,4,14,11,1944
25.0,4,14,12,1950
25.0,4,14,13,1956
25.0,4,14,14,1962
25.0,4,14,15,1968
25.0,4,15,0,1884
25.0,4,15,1,1891
25.0,4,15,2,1897
25.0,4,15,3,1903
25.0,4,15,4,1909
25.0,4,15,5,1915
25.0,4,15,6,1921
25.0,4,15,7,1927
25.0,4,15,8,1932
25.0,4,15,9,1938
25.0,4,15,10,1944
25.0,4,15,11,1950
25.0,4,15,12,1956
25.0,4,15,13,1962
25.0,4,15,14,1968
25.0,4,15,15,1974
25.0,5,0,0,1803
25.0,5,0,1,1809
25.0,5,0,2,1815
25.0,5,0,3,1820
25.0,5,0,4,1826
25.0,5,0,5,1832
25.0,5,0,6,1838
25.0,5,0,7,1843
25.0,5,0,8,1849
25.0,5,0,9,1855
25.0,5,0,10,1860
25.0,5,0,11,1866
25.0,5,0,12,1871
25.0,5,0,13,1877
25.0,5,0,14,1883
25.0,5,0,15,1888
25.0,5,1,0,1809
25.0,5,1,1,1815
25.0,5,1,2,1821
25.0,5,1,3,1826
25.0,5,1,4,1832
25.0,5,1,5,1838
25.0,5,1,6,1844
25.0,5,1,7,1849
25.0,5,1,8,1855
25.0,5,1,9,1861
25.0,5,1,10,1866
25.0,5,1,11,1872
25.0,5,1,12,1878
25.0,5,1,13,1883
25.0,5,1,14,1889
25.0,5,1,15,1895
25.0,5,2,0,1815
25.0,5,2,1,1821
25.0,5,2,2,1827
25.0,5,2,3,1833
25.0,5,2,4,1838
25.0,5,2,5,1844
25.0,5,2,6,1850
25.0,5,2,7,1856
25.0,5,2,8,1861
25.0,5,2,9,1867
25.0,5,2,10,1873
25.0,5,2,11,1878
25.0,5,2,12,1884
25.0,5,2,13,1890
25.0,5,2,14,1895
25.0,5,2,15,1901
25.0,5,3,0,1821
25.0,5,3,1,1827
25.0,5,3,2,1833
25.0,5,3,3,1839
25.0,5,3,4,1844
25.0,5,3,5,1850
25.0,5,3,6,1856
25.0,5,3,7,1862
25.0,5,3,8,1867
25.0,5,3,9,1873
25.0,5,3,10,1879
25.0,5,3,11,1885
25.0,5,3,12,1890
25.0,5,3,13,1896
25.0,5,3,14,1902
25.0,5,3,15,1907
25.0,5,4,0,1827
25.0,5,4,1,1833
25.0,5,4,2,1839
25.0,5,4,3,1845
25.0,5,4,4,1850
25.0,5,4,5,1856
25.0,5,4,6,1862
25.0,5,4,7,1868
25.0,5,4,8,1874
25.0,5,4,9,1879
25.0,5,4,10,1885
25.0,5,4,11,1891
25.0,5,4,12,1896
25.0,5,4,13,1902
25.0,5,4,14,1908
25.0,5,4,15,1913
25.0,5,5,0,1833
25.0,5,5,1,1839
25.0,5,5,2,1845
25.0,5,5,3,1851
25.0,5,5,4,1856
25.0,5,5,5,1862
25.0,5,5,6,1868
25.0,5,5,7,1874
25.0,5,5,8,1880
25.0,5,5,9,1885
25.0,5,5,10,1891
25.0,5,5,11,1897
25.0,5,5,12,1903
25.0,5,5,13,1908
25.0,5,5,14,1914
25.0,5,5,15,1920
25.0,5,6,0,1839
25.0,5,6,1,1845
25.0,5,6,2,1851
25.0,5,6,3,1857
25.0,5,6,4,1863
25.0,5,6,5,1868
25.0,5,6,6,1874
25.0,5,6,7,1880
25.0,5,6,8,1886
25.0,5,6,9,1892
25.0,5,6,10,1897
25.0,5,6,11,1903
25.0,5,6,12,1909
25.0,5,6,13,1915
25.0,5,6,14,1920
25.0,5,6,15,1926
25.0,5,7,0,1845
25.0,5,7,1,1851
25.0,5,7,2,1857
25.0,5,7,3,1863
25.0,5,7,4,1869
25.0,5,7,5,1874
25.0,5,7,6,1880
25.0,5,7,7,1886
25.0,5,7,8,1892
25.0,5,7,9,1898
25.0,5,7,10,1903
25.0,5,7,11,1909
25.0,5,7,12,1915
25.0,5,7,13,1921
25.0,5,7,14,1926
25.0,5,7,15,1932
25.0,5,8,0,1851
25.0,5,8,1,1857
25.0,5,8,2,1863
25.0,5,8,3,1869
25.0,5,8,4,1874
25.0,5,8,5,1880
25.0,5,8,6,1886
25.0,5,8,7,1892
25.0,5,8,8,1898
25.0,5,8,9,1904
25.0,5,8,10,1910
25.0,5,8,11,1915
25.0,5,8,12,1921
25.0,5,8,13,1927
25.0,5,8,14,1933
25.0,5,8,15,1938
25.0,5,9,0,1857
25.0,5,9,1,1863
25.0,5,9,2,1869
25.0,5,9,3,1875
25.0,5,9,4,1880
25.0,5,9,5,1886
25.0,5,9,6,1892
25.0,5,9,7,1898
25.0,5,9,8,1904
25.0,5,9,9,1910
25.0,5,9,10,1916
25.0,5,9,11,1921
25.0,5,9,12,1927
25.0,5,9,13,1933
25.0,5,9,14,1939
25.0,5,9,15,1944
25.0,5,10,0,1863
25.0,5,10,1,1869
25.0,5,10,2,1874
25.0,5,10,3,1880
25.0,5,10,4,1886
25.0,5,10,5,1892
25.0,5,10,6,1898
25.0,5,10,7,1904
25.0,5,10,8,1910
25.0,5,10,9,1916
25.0,5,10,10,1922
25.0,5,10,11,1927
25.0,5,10,12,1933
25.0,5,10,13,1939
25.0,5,10,14,1945
25.0,5,10,15,1951
25.0,5,11,0,1868
25.0,5,11,1,1874
25.0,5,11,2,1880
25.0,5,11,3,1886
25.0,5,11,4,1892
25.0,5,11,5,1898
25.0,5,11,6,1904
25.0,5,11,7,1910
25.0,5,11,8,1916
25.0,5,11,9,1922
25.0,5,11,10,1928
25.0,5,11,11,1934
25.0,5,11,12,1939
25.0,5,11,13,1945
25.0,5,11,14,1951
25.0,5,11,15,1957
25.0,5,12,0,1874
25.0,5,12,1,1880
25.0,5,12,2,1886
25.0,5,12,3,1892
25.0,5,12,4,1898
25.0,5,12,5,1904
25.0,5,12,6,1910
25.0,5,12,7,1916
25.0,5,12,8,1922
25.0,5,12,9,1928
25.0,5,12,10,1934
25.0,5,12,11,1940
25.0,5,12,12,1945
25.0,5,12,13,1951
25.0,5,12,14,1957
25.0,5,12,15,1963
25.0,5,13,0,1880
25.0,5,13,1,1886
25.0,5,13,2,1892
25.0,5,13,3,1898
25.0,5,13,4,1904
25.0,5,13,5,1910
25.0,5,13,6,1916
25.0,5,13,7,1922
25.0,5,13,8,1928
25.0,5,13,9,1934
25.0,5,13,10,1940
25.0,5,13,11,1946
25.0,5,13,12,1951
25.0,5,13,13,1957
25.0,5,13,14,1963
25.0,5,13,15,1969
25.0,5,14,0,1886
25.0,5,14,1,1892
25.0,5,14,2,1898
25.0,5,14,3,1904
25.0,5,14,4,1910
25.0,5,14,5,1916
25.0,5,14,6,1922
25.0,5,14,7,1928
25.0,5,14,8,1934
25.0,5,14,9,1940
25.0,5,14,10,1946
25.0,5,14,11,1952
25.0,5,14,12,1957
25.0,5,14,13,1963
25.0,5,14,14,1969
25.0,5,14,15,1975
25.0,5,15,0,1892
25.0,5,15,1,1898
25.0,5,15,2,1904
25.0,5,15,3,1910
25.0,5,15,4,1916
25.0,5,15,5,1922
25.0,5,15,6,1928
25.0,5,15,7,1934
25.0,5,15,8,1940
25.0,5,15,9,1946
25.0,5,15,10,1952
25.0,5,15,11,1958
25.0,5,15,12,1963
25.0,5,15,13,1969
25.0,5,15,14,1975
25.0,5,15,15,1981
25.0,6,0,0,1810
25.0,6,0,1,1816
25.0,6,0,2,1821
25.0,6,0,3,1827
25.0,6,0,4,1833
25.0,6,0,5,1839
25.0,6,0,6,1844
25.0,6,0,7,1850
25.0,6,0,8,1856
25.0,6,0,9,1862
25.0,6,0,10,1867
25.0,6,0,11,1873
25.0,6,0,12,1879
25.0,6,0,13,1884
25.0,6,0,14,1890
25.0,6,0,15,1895
25.0,6,1,0,1816
25.0,6,1,1,1822
25.0,6,1,2,1827
25.0,6,1,3,1833
25.0,6,1,4,1839
25.0,6,1,5,1845
25.0,6,1,6,1851
25.0,6,1,7,1856
25.0,6,1,8,1862
25.0,6,1,9,1868
25.0,6,1,10,1873
25.0,6,1,11,1879
25.0,6,1,12,1885
25.0,6,1,13,1890
25.0,6,1,14,1896
25.0,6,1,15,1902
25.0,6,2,0,1822
25.0,6,2,1,1828
25.0,6,2,2,1834
25.0,6,2,3,1839
25.0,6,2,4,1845
25.0,6,2,5,1851
25.0,6,2,6,1857
25.0,6,2,7,1863
25.0,6,2,8,1868
25.0,6,2,9,1874
25.0,6,2,10,1880
25.0,6,2,11,1885
25.0,6,2,12,1891
25.0,6,2,13,1897
25.0,6,2,14,1902
25.0,6,2,15,1908
25.0,6,3,0,1828
25.0,6,3,1,1834
25.0,6,3,2,1840
25.0,6,3,3,1845
25.0,6,3,4,1851
25.0,6,3,5,1857
25.0,6,3,6,1863
25.0,6,3,7,1869
25.0,6,3,8,1874
25.0,6,3,9,1880
25.0,6,3,10,1886
25.0,6,3,11,1892
25.0,6,3,12,1897
25.0,6,3,13,1903
25.0,6,3,14,1909
25.0,6,3,15,1914
25.0,6,4,0,1834
25.0,6,4,1,1840
25.0,6,4,2,1846
25.0,6,4,3,1852
25.0,6,4,4,1857
25.0,6,4,5,1863
25.0,6,4,6,1869
25.0,6,4,7,1875
25.0,6,4,8,1881
25.0,6,4,9,1886
25.0,6,4,10,1892
25.0,6,4,11,1898
25.0,6,4,12,1904
25.0,6,4,13,1909
25.0,6,4,14,1915
25.0,6,4,15,1921
25.0,6,5,0,1840
25.0,6,5,1,1846
25.0,6,5,2,1852
25.0,6,5,3,1858
25.0,6,5,4,1863
25.0,6,5,5,1869
25.0,6,5,6,1875
25.0,6,5,7,1881
25.0,6,5,8,1887
25.0,6,5,9,1893
25.0,6,5,10,1898
25.0,6,5,11,1904
25.0,6,5,12,1910
25.0,6,5,13,1915
25.0,6,5,14,1921
25.0,6,5,15,1927
25.0,6,6,0,1846
25.0,6,6,1,1852
25.0,6,6,2,1858
25.0,6,6,3,1864
25.0,6,6,4,1870
25.0,6,6,5,1875
25.0,6,6,6,1881
25.0,6,6,7,1887
25.0,6,6,8,1893
25.0,6,6,9,1899
25.0,6,6,10,1904
25.0,6,6,11,1910
25.0,6,6,12,1916
25.0,6,6,13,1922
25.0,6,6,14,1927
25.0,6,6,15,1933
25.0,6,7,0,1852
25.0,6,7,1,1858
25.0,6,7,2,1864
25.0,6,7,3,1870
25.0,6,7,4,1876
25.0,6,7,5,1881
25.0,6,7,6,1887
25.0,6,7,7,1893
25.0,6,7,8,1899
25.0,6,7,9,1905
25.0,6,7,10,1911
25.0,6,7,11,1916
25.0,6,7,12,1922
25.0,6,7,13,1928
25.0,6,7,14,1934
25.0,6,7,15,1939
25.0,6,8,0,1858
25.0,6,8,1,1864
25.0,6,8,2,1870
25.0,6,8,3,1876
25.0,6,8,4,1882
25.0,6,8,5,1887
25.0,6,8,6,1893
25.0,6,8,7,1899
25.0,6,8,8,1905
25.0,6,8,9,1911
25.0,6,8,10,1917
25.0,6,8,11,1923
25.0,6,8,12,1928
25.0,6,8,13,1934
25.0,6,8,14,1940
25.0,6,8,15,1946
25.0,6,9,0,1864
25.0,6,9,1,1870
25.0,6,9,2,1876
25.0,6,9,3,1882
25.0,6,9,4,1888
25.0,6,9,5,1893
25.0,6,9,6,1899
25.0,6,9,7,1905
25.0,6,9,8,1911
25.0,6,9,9,1917
25.0,6,9,10,1923
25.0,6,9,11,1929
25.0,6,9,12,1934
25.0,6,9,13,1940
25.0,6,9,14,1946
25.0,6,9,15,1952
25.0,6,10,0,1870
25.0,6,10,1,1876
25.0,6,10,2,1882
25.0,6,10,3,1888
25.0,6,10,4,1893
25.0,6,10,5,1899
25.0,6,10,6,1905
25.0,6,10,7,1911
25.0,6,10,8,1917
25.0,6,10,9,1923
25.0,6,10,10,1929
25.0,6,10,11,1935
25.0,6,10,12,1941
25.0,6,10,13,1946
25.0,6,10,14,1952
25.0,6,10,15,1958
25.0,6,11,0,1875
25.0,6,11,1,1881
25.0,6,11,2,1887
25.0,6,11,3,1893
25.0,6,11,4,1899
25.0,6,11,5,1905
25.0,6,11,6,1911
25.0,6,11,7,1917
25.0,6,11,8,1923
25.0,6,11,9,1929
25.0,6,11,10,1935
25.0,6,11,11,1941
25.0,6,11,12,1947
25.0,6,11,13,1952
25.0,6,11,14,1958
25.0,6,11,15,1964
25.0,6,12,0,1881
25.0,6,12,1,1887
25.0,6,12,2,1893
25.0,6,12,3,1899
25.0,6,12,4,1905
25.0,6,12,5,1911
25.0,6,12,6,1917
25.0,6,12,7,1923
25.0,6,12,8,1929
25.0,6,12,9,1935
25.0,6,12,10,1941
25.0,6,12,11,1947
25.0,6,12,12,1953
25.0,6,12,13,1959
25.0,6,12,14,1964
25.0,6,12,15,1970
25.0,6,13,0,1887
25.0,6,13,1,1893
25.0,6,13,2,1899
25.0,6,13,3,1905
25.0,6,13,4,1911
25.0,6,13,5,1917
25.0,6,13,6,1923
25.0,6,13,7,1929
25.0,6,13,8,1935
25.0,6,13,9,1941
25.0,6,13,10,1947
25.0,6,13,11,1953
25.0,6,13,12,1959
25.0,6,13,13,1965
25.0,6,13,14,1970
25.0,6,13,15,1976
25.0,6,14,0,1893
25.0,6,14,1,1899
25.0,6,14,2,1905
25.0,6,14,3,1911
25.0,6,14,4,1917
25.0,6,14,5,1923
25.0,6,14,6,1929
25.0,6,14,7,1935
25.0,6,14,8,1941
25.0,6,14,9,1947
25.0,6,14,10,1953
25.0,6,14,11,1959
25.0,6,14,12,1965
25.0,6,14,13,1971
25.0,6,14,14,1977
25.0,6,14,15,1982
25.0,6,15,0,1899
25.0,6,15,1,1905
25.0,6,15,2,1911
25.0,6,15,3,1917
25.0,6,15,4,1923
25.0,6,15,5,1929
25.0,6,15,6,1935
25.0,6,15,7,1941
25.0,6,15,8,1947
25.0,6,15,9,1953
25.0,6,15,10,1959
25.0,6,15,11,1965
25.0,6,15,12,1971
25.0,6,15,13,1977
25.0,6,15,14,1983
25.0,6,15,15,1988
25.0,7,0,0,1817
25.0,7,0,1,1822
25.0,7,0,2,1828
25.0,7,0,3,1834
25.0,7,0,4,1840
25.0,7,0,5,1846
25.0,7,0,6,1851
25.0,7,0,7,1857
25.0,7,0,8,1863
25.0,7,0,9,1869
25.0,7,0,10,1874
25.0,7,0,11,1880
25.0,7,0,12,1886
25.0,7,0,13,1891
25.0,7,0,14,1897
25.0,7,0,15,1902
25.0,7,1,0,1823
25.0,7,1,1,1828
25.0,7,1,2,1834
25.0,7,1,3,1840
25.0,7,1,4,1846
25.0,7,1,5,1852
25.0,7,1,6,1858
25.0,7,1,7,1863
25.0,7,1,8,1869
25.0,7,1,9,1875
25.0,7,1,10,1881
25.0,7,1,11,1886
25.0,7,1,12,1892
25.0,7,1,13,1898
25.0,7,1,14,1903
25.0,7,1,15,1909
25.0,7,2,0,1829
25.0,7,2,1,1835
25.0,7,2,2,1840
25.0,7,2,3,1846
25.0,7,2,4,1852
25.0,7,2,5,1858
25.0,7,2,6,1864
25.0,7,2,7,1870
25.0,7,2,8,1875
25.0,7,2,9,1881
25.0,7,2,10,1887
25.0,7,2,11,1892
25.0,7,2,12,1898
25.0,7,2,13,1904
25.0,7,2,14,1910
25.0,7,2,15,1915
25.0,7,3,0,1835
25.0,7,3,1,1841
25.0,7,3,2,1847
25.0,7,3,3,1852
25.0,7,3,4,1858
25.0,7,3,5,1864
25.0,7,3,6,1870
25.0,7,3,7,1876
25.0,7,3,8,1881
25.0,7,3,9,1887
25.0,7,3,10,1893
25.0,7,3,11,1899
25.0,7,3,12,1904
25.0,7,3,13,1910
25.0,7,3,14,1916
25.0,7,3,15,1921
25.0,7,4,0,1841
25.0,7,4,1,1847
25.0,7,4,2,1853
25.0,7,4,3,1858
25.0,7,4,4,1864
25.0,7,4,5,1870
25.0,7,4,6,1876
25.0,7,4,7,1882
25.0,7,4,8,1888
25.0,7,4,9,1893
25.0,7,4,10,1899
25.0,7,4,11,1905
25.0,7,4,12,1911
25.0,7,4,13,1916
25.0,7,4,14,1922
25.0,7,4,15,1928
25.0,7,5,0,1847
25.0,7,5,1,1853
25.0,7,5,2,1859
25.0,7,5,3,1865
25.0,7,5,4,1870
25.0,7,5,5,1876
25.0,7,5,6,1882
25.0,7,5,7,1888
25.0,7,5,8,1894
25.0,7,5,9,1900
25.0,7,5,10,1905
25.0,7,5,11,1911
25.0,7,5,12,1917
25.0,7,5,13,1923
25.0,7,5,14,1928
25.0,7,5,15,1934
25.0,7,6,0,1853
25.0,7,6,1,1859
25.0,7,6,2,1865
25.0,7,6,3,1871
25.0,7,6,4,1877
25.0,7,6,5,1882
25.0,7,6,6,1888
25.0,7,6,7,1894
25.0,7,6,8,1900
25.0,7,6,9,1906
25.0,7,6,10,1912
25.0,7,6,11,1917
25.0,7,6,12,1923
25.0,7,6,13,1929
25.0,7,6,14,1935
25.0,7,6,15,1940
25.0,7,7,0,1859
25.0,7,7,1,1865
25.0,7,7,2,1871
25.0,7,7,3,1877
25.0,7,7,4,1883
25.0,7,7,5,1888
25.0,7,7,6,1894
25.0,7,7,7,1900
25.0,7,7,8,1906
25.0,7,7,9,1912
25.0,7,7,10,1918
25.0,7,7,11,1924
25.0,7,7,12,1929
25.0,7,7,13,1935
25.0,7,7,14,1941
25.0,7,7,15,1947
25.0,7,8,0,1865
25.0,7,8,1,1871
25.0,7,8,2,1877
25.0,7,8,3,1883
25.0,7,8,4,1889
25.0,7,8,5,1895
25.0,7,8,6,1900
25.0,7,8,7,1906
25.0,7,8,8,1912
25.0,7,8,9,1918
25.0,7,8,10,1924
25.0,7,8,11,1930
25.0,7,8,12,1936
25.0,7,8,13,1941
25.0,7,8,14,1947
25.0,7,8,15,1953
25.0,7,9,0,1871
25.0,7,9,1,1877
25.0,7,9,2,1883
25.0,7,9,3,1889
25.0,7,9,4,1895
25.0,7,9,5,1901
25.0,7,9,6,1906
25.0,7,9,7,1912
25.0,7,9,8,1918
25.0,7,9,9,1924
25.0,7,9,10,1930
25.0,7,9,11,1936
25.0,7,9,12,1942
25.0,7,9,13,1947
25.0,7,9,14,1953
25.0,7,9,15,1959
25.0,7,10,0,1877
25.0,7,10,1,1883
25.0,7,10,2,1889
25.0,7,10,3,1895
25.0,7,10,4,1901
25.0,7,10,5,1907
25.0,7,10,6,1912
25.0,7,10,7,1918
25.0,7,10,8,1924
25.0,7,10,9,1930
25.0,7,10,10,1936
25.0,7,10,11,1942
25.0,7,10,12,1948
25.0,7,10,13,1954
25.0,7,10,14,1959
25.0,7,10,15,1965
25.0,7,11,0,1882
25.0,7,11,1,1888
25.0,7,11,2,1895
25.0,7,11,3,1901
25.0,7,11,4,1907
25.0,7,11,5,1913
25.0,7,11,6,1918
25.0,7,11,7,1924
25.0,7,11,8,1930
25.0,7,11,9,1936
25.0,7,11,10,1942
25.0,7,11,11,1948
25.0,7,11,12,1954
25.0,7,11,13,1960
25.0,7,11,14,1966
25.0,7,11,15,1971
25.0,7,12,0,1888
25.0,7,12,1,1894
25.0,7,12,2,1900
25.0,7,12,3,1906
25.0,7,12,4,1912
25.0,7,12,5,1918
25.0,7,12,6,1924
25.0,7,12,7,1930
25.0,7,12,8,1936
25.0,7,12,9,1942
25.0,7,12,10,1948
25.0,7,12,11,1954
25.0,7,12,12,1960
25.0,7,12,13,1966
25.0,7,12,14,1972
25.0,7,12,15,1978
25.0,7,13,0,1894
25.0,7,13,1,1900
25.0,7,13,2,1906
25.0,7,13,3,1912
25.0,7,13,4,1918
25.0,7,13,5,1924
25.0,7,13,6,1930
25.0,7,13,7,1936
25.0,7,13,8,1942
25.0,7,13,9,1948
25.0,7,13,10,1954
25.0,7,13,11,1960
25.0,7,13,12,1966
25.0,7,13,13,1972
25.0,7,13,14,1978
25.0,7,13,15,1984
25.0,7,14,0,1900
25.0,7,14,1,1906
25.0,7,14,2,1912
25.0,7,14,3,1918
25.0,7,14,4,1924
25.0,7,14,5,1930
25.0,7,14,6,1936
25.0,7,14,7,1942
25.0,7,14,8,1948
25.0,7,14,9,1954
25.0,7,14,10,1960
25.0,7,14,11,1966
25.0,7,14,12,1972
25.0,7,14,13,1978
25.0,7,14,14,1984
25.0,7,14,15,1990
25.0,7,15,0,1906
25.0,7,15,1,1912
25.0,7,15,2,1918
25.0,7,15,3,1924
25.0,7,15,4,1930
25.0,7,15,5,1936
25.0,7,15,6,1942
25.0,7,15,7,1948
25.0,7,15,8,1954
25.0,7,15,9,1960
25.0,7,15,10,1966
25.0,7,15,11,1972
25.0,7,15,12,1978
25.0,7,15,13,1984
25.0,7,15,14,1990
25.0,7,15,15,1996
25.0,8,0,0,1823
25.0,8,0,1,1829
25.0,8,0,2,1835
25.0,8,0,3,1841
25.0,8,0,4,1847
25.0,8,0,5,1852
25.0,8,0,6,1858
25.0,8,0,7,1864
25.0,8,0,8,1870
25.0,8,0,9,1876
25.0,8,0,10,1881
25.0,8,0,11,1887
25.0,8,0,12,1893
25.0,8,0,13,1898
25.0,8,0,14,1904
25.0,8,0,15,1910
25.0,8,1,0,1829
25.0,8,1,1,1835
25.0,8,1,2,1841
25.0,8,1,3,1847
25.0,8,1,4,1853
25.0,8,1,5,1859
25.0,8,1,6,1864
25.0,8,1,7,1870
25.0,8,1,8,1876
25.0,8,1,9,1882
25.0,8,1,10,1888
25.0,8,1,11,1893
25.0,8,1,12,1899
25.0,8,1,13,1905
25.0,8,1,14,1910
25.0,8,1,15,1916
25.0,8,2,0,1836
25.0,8,2,1,1841
25.0,8,2,2,1847
25.0,8,2,3,1853
25.0,8,2,4,1859
25.0,8,2,5,1865
25.0,8,2,6,1871
25.0,8,2,7,1877
25.0,8,2,8,1882
25.0,8,2,9,1888
25.0,8,2,10,1894
25.0,8,2,11,1900
25.0,8,2,12,1905
25.0,8,2,13,1911
25.0,8,2,14,1917
25.0,8,2,15,1922
25.0,8,3,0,1842
25.0,8,3,1,1848
25.0,8,3,2,1853
25.0,8,3,3,1859
25.0,8,3,4,1865
25.0,8,3,5,1871
25.0,8,3,6,1877
25.0,8,3,7,1883
25.0,8,3,8,1889
25.0,8,3,9,1894
25.0,8,3,10,1900
25.0,8,3,11,1906
25.0,8,3,12,1912
25.0,8,3,13,1917
25.0,8,3,14,1923
25.0,8,3,15,1929
25.0,8,4,0,1848
25.0,8,4,1,1854
25.0,8,4,2,1860
25.0,8,4,3,1865
25.0,8,4,4,1871
25.0,8,4,5,1877
25.0,8,4,6,1883
25.0,8,4,7,1889
25.0,8,4,8,1895
25.0,8,4,9,1901
25.0,8,4,10,1906
25.0,8,4,11,1912
25.0,8,4,12,1918
25.0,8,4,13,1924
25.0,8,4,14,1929
25.0,8,4,15,1935
25.0,8,5,0,1854
25.0,8,5,1,1860
25.0,8,5,2,1866
25.0,8,5,3,1872
25.0,8,5,4,1877
25.0,8,5,5,1883
25.0,8,5,6,1889
25.0,8,5,7,1895
25.0,8,5,8,1901
25.0,8,5,9,1907
25.0,8,5,10,1913
25.0,8,5,11,1918
25.0,8,5,12,1924
25.0,8,5,13,1930
25.0,8,5,14,1936
25.0,8,5,15,1941
25.0,8,6,0,1860
25.0,8,6,1,1866
25.0,8,6,2,1872
25.0,8,6,3,1878
25.0,8,6,4,1884
25.0,8,6,5,1889
25.0,8,6,6,1895
25.0,8,6,7,1901
25.0,8,6,8,1907
25.0,8,6,9,1913
25.0,8,6,10,1919
25.0,8,6,11,1925
25.0,8,6,12,1930
25.0,8,6,13,1936
25.0,8,6,14,1942
25.0,8,6,15,1948
25.0,8,7,0,1866
25.0,8,7,1,1872
25.0,8,7,2,1878
25.0,8,7,3,1884
25.0,8,7,4,1890
25.0,8,7,5,1896
25.0,8,7,6,1901
25.0,8,7,7,1907
25.0,8,7,8,1913
25.0,8,7,9,1919
25.0,8,7,10,1925
25.0,8,7,11,1931
25.0,8,7,12,1937
25.0,8,7,13,1942
25.0,8,7,14,1948
25.0,8,7,15,1954
25.0,8,8,0,1872
25.0,8,8,1,1878
25.0,8,8,2,1884
25.0,8,8,3,1890
25.0,8,8,4,1896
25.0,8,8,5,1902
25.0,8,8,6,1908
25.0,8,8,7,1913
25.0,8,8,8,1919
25.0,8,8,9,1925
25.0,8,8,10,1931
25.0,8,8,11,1937
25.0,8,8,12,1943
25.0,8,8,13,1949
25.0,8,8,14,1954
25.0,8,8,15,1960
25.0,8,9,0,1878
25.0,8,9,1,1884
25.0,8,9,2,1890
25.0,8,9,3,1896
25.0,8,9,4,1902
25.0,8,9,5,1908
25.0,8,9,6,1914
25.0,8,9,7,1920
25.0,8,9,8,1925
25.0,8,9,9,1931
25.0,8,9,10,1937
25.0,8,9,11,1943
25.0,8,9,12,1949
25.0,8,9,13,1955
25.0,8,9,14,1961
25.0,8,9,15,1966
25.0,8,10,0,1884
25.0,8,10,1,1890
25.0,8,10,2,1896
25.0,8,10,3,1902
25.0,8,10,4,1908
25.0,8,10,5,1914
25.0,8,10,6,1920
25.0,8,10,7,1926
25.0,8,10,8,1932
25.0,8,10,9,1937
25.0,8,10,10,1943
25.0,8,10,11,1949
25.0,8,10,12,1955
25.0,8,10,13,1961
25.0,8,10,14,1967
25.0,8,10,15,1973
25.0,8,11,0,1889
25.0,8,11,1,1896
25.0,8,11,2,1902
25.0,8,11,3,1908
25.0,8,11,4,1914
25.0,8,11,5,1920
25.0,8,11,6,1926
25.0,8,11,7,1932
25.0,8,11,8,1938
25.0,8,11,9,1944
25.0,8,11,10,1949
25.0,8,11,11,1955
25.0,8,11,12,1961
25.0,8,11,13,1967
25.0,8,11,14,1973
25.0,8,11,15,1979
25.0,8,12,0,1895
25.0,8,12,1,1901
25.0,8,12,2,1908
25.0,8,12,3,1914
25.0,8,12,4,1920
25.0,8,12,5,1926
25.0,8,12,6,1932
25.0,8,12,7,1938
25.0,8,12,8,1944
25.0,8,12,9,1950
25.0,8,12,10,1956
25.0,8,12,11,1961
25.0,8,12,12,1967
25.0,8,12,13,1973
25.0,8,12,14,1979
25.0,8,12,15,1985
25.0,8,13,0,1901
25.0,8,13,1,1907
25.0,8,13,2,1913
25.0,8,13,3,1920
25.0,8,13,4,1926
25.0,8,13,5,1932
25.0,8,13,6,1938
25.0,8,13,7,1944
25.0,8,13,8,1950
25.0,8,13,9,1956
25.0,8,13,10,1962
25.0,8,13,11,1968
25.0,8,13,12,1973
25.0,8,13,13,1979
25.0,8,13,14,1985
25.0,8,13,15,1991
25.0,8,14,0,1907
25.0,8,14,1,1913
25.0,8,14,2,1919
25.0,8,14,3,1925
25.0,8,14,4,1932
25.0,8,14,5,1938
25.0,8,14,6,1944
25.0,8,14,7,1950
25.0,8,14,8,1956
25.0,8,14,9,1962
25.0,8,14,10,1968
25.0,8,14,11,1974
25.0,8,14,12,1980
25.0,8,14,13,1985
25.0,8,14,14,1991
25.0,8,14,15,1997
25.0,8,15,0,1913
25.0,8,15,1,1919
25.0,8,15,2,1925
25.0,8,15,3,1931
25.0,8,15,4,1937
25.0,8,15,5,1944
25.0,8,15,6,1950
25.0,8,15,7,1956
25.0,8,15,8,1962
25.0,8,15,9,1968
25.0,8,15,10,1974
25.0,8,15,11,1980
25.0,8,15,12,1986
25.0,8,15,13,1992
25.0,8,15,14,1997
25.0,8,15,15,2003
25.0,9,0,0,1830
25.0,9,0,1,1836
25.0,9,0,2,1842
25.0,9,0,3,1848
25.0,9,0,4,1854
25.0,9,0,5,1859
25.0,9,0,6,1865
25.0,9,0,7,1871
25.0,9,0,8,1877
25.0,9,0,9,1882
25.0,9,0,10,1888
25.0,9,0,11,1894
25.0,9,0,12,1900
25.0,9,0,13,1905
25.0,9,0,14,1911
25.0,9,0,15,1917
25.0,9,1,0,1836
25.0,9,1,1,1842
25.0,9,1,2,1848
25.0,9,1,3,1854
25.0,9,1,4,1860
25.0,9,1,5,1866
25.0,9,1,6,1871
25.0,9,1,7,1877
25.0,9,1,8,1883
25.0,9,1,9,1889
25.0,9,1,10,1895
25.0,9,1,11,1900
25.0,9,1,12,1906
25.0,9,1,13,1912
25.0,9,1,14,1917
25.0,9,1,15,1923
25.0,9,2,0,1842
25.0,9,2,1,1848
25.0,9,2,2,1854
25.0,9,2,3,1860
25.0,9,2,4,1866
25.0,9,2,5,1872
25.0,9,2,6,1878
25.0,9,2,7,1883
25.0,9,2,8,1889
25.0,9,2,9,1895
25.0,9,2,10,1901
25.0,9,2,11,1907
25.0,9,2,12,1912
25.0,9,2,13,1918
25.0,9,2,14,1924
25.0,9,2,15,1929
25.0,9,3,0,1848
25.0,9,3,1,1854
25.0,9,3,2,1860
25.0,9,3,3,1866
25.0,9,3,4,1872
25.0,9,3,5,1878
25.0,9,3,6,1884
25.0,9,3,7,1890
25.0,9,3,8,1896
25.0,9,3,9,1901
25.0,9,3,10,1907
25.0,9,3,11,1913
25.0,9,3,12,1919
25.0,9,3,13,1924
25.0,9,3,14,1930
25.0,9,3,15,1936
25.0,9,4,0,1854
25.0,9,4,1,1860
25.0,9,4,2,1866
25.0,9,4,3,1872
25.0,9,4,4,1878
25.0,9,4,5,1884
25.0,9,4,6,1890
25.0,9,4,7,1896
25.0,9,4,8,1902
25.0,9,4,9,1908
25.0,9,4,10,1913
25.0,9,4,11,1919
25.0,9,4,12,1925
25.0,9,4,13,1931
25.0,9,4,14,1936
25.0,9,4,15,1942
25.0,9,5,0,1861
25.0,9,5,1,1867
25.0,9,5,2,1873
25.0,9,5,3,1878
25.0,9,5,4,1884
25.0,9,5,5,1890
25.0,9,5,6,1896
25.0,9,5,7,1902
25.0,9,5,8,1908
25.0,9,5,9,1914
25.0,9,5,10,1920
25.0,9,5,11,1925
25.0,9,5,12,1931
25.0,9,5,13,1937
25.0,9,5,14,1943
25.0,9,5,15,1949
25.0,9,6,0,1867
25.0,9,6,1,1873
25.0,9,6,2,1879
25.0,9,6,3,1885
25.0,9,6,4,1891
25.0,9,6,5,1896
25.0,9,6,6,1902
25.0,9,6,7,1908
25.0,9,6,8,1914
25.0,9,6,9,1920
25.0,9,6,10,1926
25.0,9,6,11,1932
25.0,9,6,12,1938
25.0,9,6,13,1943
25.0,9,6,14,1949
25.0,9,6,15,1955
25.0,9,7,0,1873
25.0,9,7,1,1879
25.0,9,7,2,1885
25.0,9,7,3,1891
25.0,9,7,4,1897
25.0,9,7,5,1903
25.0,9,7,6,1909
25.0,9,7,7,1914
25.0,9,7,8,1920
25.0,9,7,9,1926
25.0,9,7,10,1932
25.0,9,7,11,1938
25.0,9,7,12,1944
25.0,9,7,13,1950
25.0,9,7,14,1955
25.0,9,7,15,1961
25.0,9,8,0,1879
25.0,9,8,1,1885
25.0,9,8,2,1891
25.0,9,8,3,1897
25.0,9,8,4,1903
25.0,9,8,5,1909
25.0,9,8,6,1915
25.0,9,8,7,1921
25.0,9,8,8,1926
25.0,9,8,9,1932
25.0,9,8,10,1938
25.0,9,8,11,1944
25.0,9,8,12,1950
25.0,9,8,13,1956
25.0,9,8,14,1962
25.0,9,8,15,1967
25.0,9,9,0,1885
25.0,9,9,1,1891
25.0,9,9,2,1897
25.0,9,9,3,1903
25.0,9,9,4,1909
25.0,9,9,5,1915
25.0,9,9,6,1921
25.0,9,9,7,1927
25.0,9,9,8,1933
25.0,9,9,9,1939
25.0,9,9,10,1944
25.0,9,9,11,1950
25.0,9,9,12,1956
25.0,9,9,13,1962
25.0,9,9,14,1968
25.0,9,9,15,1974
25.0,9,10,0,1891
25.0,9,10,1,1897
25.0,9,10,2,1903
25.0,9,10,3,1909
25.0,9,10,4,1915
25.0,9,10,5,1921
25.0,9,10,6,1927
25.0,9,10,7,1933
25.0,9,10,8,1939
25.0,9,10,9,1945
25.0,9,10,10,1951
25.0,9,10,11,1956
25.0,9,10,12,1962
25.0,9,10,13,1968
25.0,9,10,14,1974
25.0,9,10,15,1980
25.0,9,11,0,1896
25.0,9,11,1,1903
25.0,9,11,2,1909
25.0,9,11,3,1915
25.0,9,11,4,1921
25.0,9,11,5,1927
25.0,9,11,6,1933
25.0,9,11,7,1939
25.0,9,11,8,1945
25.0,9,11,9,1951
25.0,9,11,10,1957
25.0,9,11,11,1963
25.0,9,11,12,1969
25.0,9,11,13,1974
25.0,9,11,14,1980
25.0,9,11,15,1986
25.0,9,12,0,1902
25.0,9,12,1,1909
25.0,9,12,2,1915
25.0,9,12,3,1921
25.0,9,12,4,1927
25.0,9,12,5,1933
25.0,9,12,6,1939
25.0,9,12,7,1945
25.0,9,12,8,1951
25.0,9,12,9,1957
25.0,9,12,10,1963
25.0,9,12,11,1969
25.0,9,12,12,1975
25.0,9,12,13,1981
25.0,9,12,14,1986
25.0,9,12,15,1992
25.0,9,13,0,1908
25.0,9,13,1,1914
25.0,9,13,2,1921
25.0,9,13,3,1927
25.0,9,13,4,1933
25.0,9,13,5,1939
25.0,9,13,6,1945
25.0,9,13,7,1951
25.0,9,13,8,1957
25.0,9,13,9,1963
25.0,9,13,10,1969
25.0,9,13,11,1975
25.0,9,13,12,1981
25.0,9,13,13,1987
25.0,9,13,14,1993
25.0,9,13,15,1999
25.0,9,14,0,1914
25.0,9,14,1,1920
25.0,9,14,2,1926
25.0,9,14,3,1933
25.0,9,14,4,1939
25.0,9,14,5,1945
25.0,9,14,6,1951
25.0,9,14,7,1957
25.0,9,14,8,1963
25.0,9,14,9,1969
25.0,9,14,10,1975
25.0,9,14,11,1981
25.0,9,14,12,1987
25.0,9,14,13,1993
25.0,9,14,14,1999
25.0,9,14,15,2005
25.0,9,15,0,1920
25.0,9,15,1,1926
25.0,9,15,2,1932
25.0,9,15,3,1939
25.0,9,15,4,1945
25.0,9,15,5,1951
25.0,9,15,6,1957
25.0,9,15,7,1963
25.0,9,15,8,1969
25.0,9,15,9,1975
25.0,9,15,10,1981
25.0,9,15,11,1987
25.0,9,15,12,1993
25.0,9,15,13,1999
25.0,9,15,14,2005
25.0,9,15,15,2011
25.0,10,0,0,1837
25.0,10,0,1,1843
25.0,10,0,2,1849
25.0,10,0,3,1855
25.0,10,0,4,1860
25.0,10,0,5,1866
25.0,10,0,6,1872
25.0,10,0,7,1878
25.0,10,0,8,1884
25.0,10,0,9,1889
25.0,10,0,10,1895
25.0,10,0,11,1901
25.0,10,0,12,1907
25.0,10,0,13,1912
25.0,10,0,14,1918
25.0,10,0,15,1924
25.0,10,1,0,1843
25.0,10,1,1,1849
25.0,10,1,2,1855
25.0,10,1,3,1861
25.0,10,1,4,1867
25.0,10,1,5,1873
25.0,10,1,6,1878
25.0,10,1,7,1884
25.0,10,1,8,1890
25.0,10,1,9,1896
25.0,10,1,10,1902
25.0,10,1,11,1907
25.0,10,1,12,1913
25.0,10,1,13,1919
25.0,10,1,14,1924
25.0,10,1,15,1930
25.0,10,2,0,1849
25.0,10,2,1,1855
25.0,10,2,2,1861
25.0,10,2,3,1867
25.0,10,2,4,1873
25.0,10,2,5,1879
25.0,10,2,6,1885
25.0,10,2,7,1890
25.0,10,2,8,1896
25.0,10,2,9,1902
25.0,10,2,10,1908
25.0,10,2,11,1914
25.0,10,2,12,1919
25.0,10,2,13,1925
25.0,10,2,14,1931
25.0,10,2,15,1937
25.0,10,3,0,1855
25.0,10,3,1,1861
25.0,10,3,2,1867
25.0,10,3,3,1873
25.0,10,3,4,1879
25.0,10,3,5,1885
25.0,10,3,6,1891
25.0,10,3,7,1897
25.0,10,3,8,1903
25.0,10,3,9,1908
25.0,10,3,10,1914
25.0,10,3,11,1920
25.0,10,3,12,1926
25.0,10,3,13,1932
25.0,10,3,14,1937
25.0,10,3,15,1943
25.0,10,4,0,1861
25.0,10,4,1,1867
25.0,10,4,2,1873
25.0,10,4,3,1879
25.0,10,4,4,1885
25.0,10,4,5,1891
25.0,10,4,6,1897
25.0,10,4,7,1903
25.0,10,4,8,1909
25.0,10,4,9,1915
25.0,10,4,10,1920
25.0,10,4,11,1926
25.0,10,4,12,1932
25.0,10,4,13,1938
25.0,10,4,14,1944
25.0,10,4,15,1949
25.0,10,5,0,1867
25.0,10,5,1,1873
25.0,10,5,2,1879
25.0,10,5,3,1885
25.0,10,5,4,1891
25.0,10,5,5,1897
25.0,10,5,6,1903
25.0,10,5,7,1909
25.0,10,5,8,1915
25.0,10,5,9,1921
25.0,10,5,10,1927
25.0,10,5,11,1933
25.0,10,5,12,1938
25.0,10,5,13,1944
25.0,10,5,14,1950
25.0,10,5,15,1956
25.0,10,6,0,1873
25.0,10,6,1,1880
25.0,10,6,2,1886
25.0,10,6,3,1892
25.0,10,6,4,1898
25.0,10,6,5,1903
25.0,10,6,6,1909
25.0,10,6,7,1915
25.0,10,6,8,1921
25.0,10,6,9,1927
25.0,10,6,10,1933
25.0,10,6,11,1939
25.0,10,6,12,1945
25.0,10,6,13,1950
25.0,10,6,14,1956
25.0,10,6,15,1962
25.0,10,7,0,1880
25.0,10,7,1,1886
25.0,10,7,2,1892
25.0,10,7,3,1898
25.0,10,7,4,1904
25.0,10,7,5,1910
25.0,10,7,6,1916
25.0,10,7,7,1922
25.0,10,7,8,1927
25.0,10,7,9,1933
25.0,10,7,10,1939
25.0,10,7,11,1945
25.0,10,7,12,1951
25.0,10,7,13,1957
25.0,10,7,14,1963
25.0,10,7,15,1968
25.0,10,8,0,1886
25.0,10,8,1,1892
25.0,10,8,2,1898
25.0,10,8,3,1904
25.0,10,8,4,1910
25.0,10,8,5,1916
25.0,10,8,6,1922
25.0,10,8,7,1928
25.0,10,8,8,1934
25.0,10,8,9,1940
25.0,10,8,10,1945
25.0,10,8,11,1951
25.0,10,8,12,1957
25.0,10,8,13,1963
25.0,10,8,14,1969
25.0,10,8,15,1975
25.0,10,9,0,1892
25.0,10,9,1,1898
25.0,10,9,2,1904
25.0,10,9,3,1910
25.0,10,9,4,1916
25.0,10,9,5,1922
25.0,10,9,6,1928
25.0,10,9,7,1934
25.0,10,9,8,1940
25.0,10,9,9,1946
25.0,10,9,10,1952
25.0,10,9,11,1958
25.0,10,9,12,1963
25.0,10,9,13,1969
25.0,10,9,14,1975
25.0,10,9,15,1981
25.0,10,10,0,1898
25.0,10,10,1,1904
25.0,10,10,2,1910
25.0,10,10,3,1916
25.0,10,10,4,1922
25.0,10,10,5,1928
25.0,10,10,6,1934
25.0,10,10,7,1940
25.0,10,10,8,1946
25.0,10,10,9,1952
25.0,10,10,10,1958
25.0,10,10,11,1964
25.0,10,10,12,1970
25.0,10,10,13,1976
25.0,10,10,14,1981
25.0,10,10,15,1987
25.0,10,11,0,1903
25.0,10,11,1,1910
25.0,10,11,2,1916
25.0,10,11,3,1922
25.0,10,11,4,1928
25.0,10,11,5,1934
25.0,10,11,6,1940
25.0,10,11,7,1946
25.0,10,11,8,1952
25.0,10,11,9,1958
25.0,10,11,10,1964
25.0,10,11,11,1970
25.0,10,11,12,1976
25.0,10,11,13,1982
25.0,10,11,14,1988
25.0,10,11,15,1993
25.0,10,12,0,1909
25.0,10,12,1,1916
25.0,10,12,2,1922
25.0,10,12,3,1928
25.0,10,12,4,1934
25.0,10,12,5,1940
25.0,10,12,6,1946
25.0,10,12,7,1952
25.0,10,12,8,1958
25.0,10,12,9,1964
25.0,10,12,10,1970
25.0,10,12,11,1976
25.0,10,12,12,1982
25.0,10,12,13,1988
25.0,10,12,14,1994
25.0,10,12,15,2000
25.0,10,13,0,1915
25.0,10,13,1,1922
25.0,10,13,2,1928
25.0,10,13,3,1934
25.0,10,13,4,1940
25.0,10,13,5,1946
25.0,10,13,6,1952
25.0,10,13,7,1958
25.0,10,13,8,1964
25.0,10,13,9,1970
25.0,10,13,10,1976
25.0,10,13,11,1982
25.0,10,13,12,1988
25.0,10,13,13,1994
25.0,10,13,14,2000
25.0,10,13,15,2006
25.0,10,14,0,1921
25.0,10,14,1,1927
25.0,10,14,2,1934
25.0,10,14,3,1940
25.0,10,14,4,1946
25.0,10,14,5,1952
25.0,10,14,6,1958
25.0,10,14,7,1964
25.0,10,14,8,1970
25.0,10,14,9,1976
25.0,10,14,10,1982
25.0,10,14,11,1988
25.0,10,14,12,1994
25.0,10,14,13,2000
25.0,10,14,14,2006
25.0,10,14,15,2012
25.0,10,15,0,1927
25.0,10,15,1,1933
25.0,10,15,2,1940
25.0,10,15,3,1946
25.0,10,15,4,1952
25.0,10,15,5,1958
25.0,10,15,6,1964
25.0,10,15,7,1970
25.0,10,15,8,1976
25.0,10,15,9,1982
25.0,10,15,10,1988
25.0,10,15,11,1994
25.0,10,15,12,2000
25.0,10,15,13,2006
25.0,10,15,14,2012
25.0,10,15,15,2018
25.0,11,0,0,1844
25.0,11,0,1,1850
25.0,11,0,2,1856
25.0,11,0,3,1861
25.0,11,0,4,1867
25.0,11,0,5,1873
25.0,11,0,6,1879
25.0,11,0,7,1885
25.0,11,0,8,1891
25.0,11,0,9,1896
25.0,11,0,10,1902
25.0,11,0,11,1908
25.0,11,0,12,1914
25.0,11,0,13,1919
25.0,11,0,14,1925
25.0,11,0,15,1931
25.0,11,1,0,1850
25.0,11,1,1,1856
25.0,11,1,2,1862
25.0,11,1,3,1868
25.0,11,1,4,1874
25.0,11,1,5,1879
25.0,11,1,6,1885
25.0,11,1,7,1891
25.0,11,1,8,1897
25.0,11,1,9,1903
25.0,11,1,10,1909
25.0,11,1,11,1914
25.0,11,1,12,1920
25.0,11,1,13,1926
25.0,11,1,14,1932
25.0,11,1,15,1937
25.0,11,2,0,1856
25.0,11,2,1,1862
25.0,11,2,2,1868
25.0,11,2,3,1874
25.0,11,2,4,1880
25.0,11,2,5,1886
25.0,11,2,6,1892
25.0,11,2,7,1897
25.0,11,2,8,1903
25.0,11,2,9,1909
25.0,11,2,10,1915
25.0,11,2,11,1921
25.0,11,2,12,1927
25.0,11,2,13,1932
25.0,11,2,14,1938
25.0,11,2,15,1944
25.0,11,3,0,1862
25.0,11,3,1,1868
25.0,11,3,2,1874
25.0,11,3,3,1880
25.0,11,3,4,1886
25.0,11,3,5,1892
25.0,11,3,6,1898
25.0,11,3,7,1904
25.0,11,3,8,1910
25.0,11,3,9,1915
25.0,11,3,10,1921
25.0,11,3,11,1927
25.0,11,3,12,1933
25.0,11,3,13,1939
25.0,11,3,14,1944
25.0,11,3,15,1950
25.0,11,4,0,1868
25.0,11,4,1,1874
25.0,11,4,2,1880
25.0,11,4,3,1886
25.0,11,4,4,1892
25.0,11,4,5,1898
25.0,11,4,6,1904
25.0,11,4,7,1910
25.0,11,4,8,1916
25.0,11,4,9,1922
25.0,11,4,10,1928
25.0,11,4,11,1933
25.0,11,4,12,1939
25.0,11,4,13,1945
25.0,11,4,14,1951
25.0,11,4,15,1957
25.0,11,5,0,1874
25.0,11,5,1,1880
25.0,11,5,2,1886
25.0,11,5,3,1892
25.0,11,5,4,1898
25.0,11,5,5,1904
25.0,11,5,6,1910
25.0,11,5,7,1916
25.0,11,5,8,1922
25.0,11,5,9,1928
25.0,11,5,10,1934
25.0,11,5,11,1940
25.0,11,5,12,1946
25.0,11,5,13,1951
25.0,11,5,14,1957
25.0,11,5,15,1963
25.0,11,6,0,1880
25.0,11,6,1,1886
25.0,11,6,2,1893
25.0,11,6,3,1899
25.0,11,6,4,1905
25.0,11,6,5,1911
25.0,11,6,6,1916
25.0,11,6,7,1922
25.0,11,6,8,1928
25.0,11,6,9,1934
25.0,11,6,10,1940
25.0,11,6,11,1946
25.0,11,6,12,1952
25.0,11,6,13,1958
25.0,11,6,14,1964
25.0,11,6,15,1969
25.0,11,7,0,1886
25.0,11,7,1,1893
25.0,11,7,2,1899
25.0,11,7,3,1905
25.0,11,7,4,1911
25.0,11,7,5,1917
25.0,11,7,6,1923
25.0,11,7,7,1929
25.0,11,7,8,1935
25.0,11,7,9,1940
25.0,11,7,10,1946
25.0,11,7,11,1952
25.0,11,7,12,1958
25.0,11,7,13,1964
25.0,11,7,14,1970
25.0,11,7,15,1976
25.0,11,8,0,1893
25.0,11,8,1,1899
25.0,11,8,2,1905
25.0,11,8,3,1911
25.0,11,8,4,1917
25.0,11,8,5,1923
25.0,11,8,6,1929
25.0,11,8,7,1935
25.0,11,8,8,1941
25.0,11,8,9,1947
25.0,11,8,10,1953
25.0,11,8,11,1959
25.0,11,8,12,1964
25.0,11,8,13,1970
25.0,11,8,14,1976
25.0,11,8,15,1982
25.0,11,9,0,1899
25.0,11,9,1,1905
25.0,11,9,2,1911
25.0,11,9,3,1917
25.0,11,9,4,1923
25.0,11,9,5,1929
25.0,11,9,6,1935
25.0,11,9,7,1941
25.0,11,9,8,1947
25.0,11,9,9,1953
25.0,11,9,10,1959
25.0,11,9,11,1965
25.0,11,9,12,1971
25.0,11,9,13,1977
25.0,11,9,14,1982
25.0,11,9,15,1988
25.0,11,10,0,1905
25.0,11,10,1,1911
25.0,11,10,2,1917
25.0,11,10,3,1923
25.0,11,10,4,1929
25.0,11,10,5,1935
25.0,11,10,6,1941
25.0,11,10,7,1947
25.0,11,10,8,1953
25.0,11,10,9,1959
25.0,11,10,10,1965
25.0,11,10,11,1971
25.0,11,10,12,1977
25.0,11,10,13,1983
25.0,11,10,14,1989
25.0,11,10,15,1995
25.0,11,11,0,1911
25.0,11,11,1,1917
25.0,11,11,2,1923
25.0,11,11,3,1929
25.0,11,11,4,1935
25.0,11,11,5,1941
25.0,11,11,6,1947
25.0,11,11,7,1953
25.0,11,11,8,1959
25.0,11,11,9,1965
25.0,11,11,10,1971
25.0,11,11,11,1977
25.0,11,11,12,1983
25.0,11,11,13,1989
25.0,11,11,14,1995
25.0,11,11,15,2001
25.0,11,12,0,1916
25.0,11,12,1,1923
25.0,11,12,2,1929
25.0,11,12,3,1935
25.0,11,12,4,1941
25.0,11,12,5,1947
25.0,11,12,6,1953
25.0,11,12,7,1959
25.0,11,12,8,1965
25.0,11,12,9,1971
25.0,11,12,10,1977
25.0,11,12,11,1983
25.0,11,12,12,1989
25.0,11,12,13,1995
25.0,11,12,14,2001
25.0,11,12,15,2007
25.0,11,13,0,1922
25.0,11,13,1,1929
25.0,11,13,2,1935
25.0,11,13,3,1941
25.0,11,13,4,1947
25.0,11,13,5,1953
25.0,11,13,6,1959
25.0,11,13,7,1965
25.0,11,13,8,1971
25.0,11,13,9,1977
25.0,11,13,10,1983
25.0,11,13,11,1989
25.0,11,13,12,1995
25.0,11,13,13,2001
25.0,11,13,14,2007
25.0,11,13,15,2013
25.0,11,14,0,1928
25.0,11,14,1,1935
25.0,11,14,2,1941
25.0,11,14,3,1947
25.0,11,14,4,1953
25.0,11,14,5,1959
25.0,11,14,6,1965
25.0,11,14,7,1971
25.0,11,14,8,1977
25.0,11,14,9,1984
25.0,11,14,10,1990
25.0,11,14,11,1996
25.0,11,14,12,2002
25.0,11,14,13,2008
25.0,11,14,14,2014
25.0,11,14,15,2020
25.0,11,15,0,1934
25.0,11,15,1,1940
25.0,11,15,2,1947
25.0,11,15,3,1953
25.0,11,15,4,1959
25.0,11,15,5,1965
25.0,11,15,6,1971
25.0,11,15,7,1977
25.0,11,15,8,1984
25.0,11,15,9,1990
25.0,11,15,10,1996
25.0,11,15,11,2002
25.0,11,15,12,2008
25.0,11,15,13,2014
25.0,11,15,14,2020
25.0,11,15,15,2026
25.0,12,0,0,1850
25.0,12,0,1,1856
25.0,12,0,2,1862
25.0,12,0,3,1868
25.0,12,0,4,1874
25.0,12,0,5,1880
25.0,12,0,6,1886
25.0,12,0,7,1892
25.0,12,0,8,1898
25.0,12,0,9,1903
25.0,12,0,10,1909
25.0,12,0,11,1915
25.0,12,0,12,1921
25.0,12,0,13,1926
25.0,12,0,14,1932
25.0,12,0,15,1938
25.0,12,1,0,1857
25.0,12,1,1,1863
25.0,12,1,2,1869
25.0,12,1,3,1875
25.0,12,1,4,1880
25.0,12,1,5,1886
25.0,12,1,6,1892
25.0,12,1,7,1898
25.0,12,1,8,1904
25.0,12,1,9,1910
25.0,12,1,10,1916
25.0,12,1,11,1921
25.0,12,1,12,1927
25.0,12,1,13,1933
25.0,12,1,14,1939
25.0,12,1,15,1944
25.0,12,2,0,1863
25.0,12,2,1,1869
25.0,12,2,2,1875
25.0,12,2,3,1881
25.0,12,2,4,1887
25.0,12,2,5,1893
25.0,12,2,6,1899
25.0,12,2,7,1904
25.0,12,2,8,1910
25.0,12,2,9,1916
25.0,12,2,10,1922
25.0,12,2,11,1928
25.0,12,2,12,1934
25.0,12,2,13,1939
25.0,12,2,14,1945
25.0,12,2,15,1951
25.0,12,3,0,1869
25.0,12,3,1,1875
25.0,12,3,2,1881
25.0,12,3,3,1887
25.0,12,3,4,1893
25.0,12,3,5,1899
25.0,12,3,6,1905
25.0,12,3,7,1911
25.0,12,3,8,1917
25.0,12,3,9,1922
25.0,12,3,10,1928
25.0,12,3,11,1934
25.0,12,3,12,1940
25.0,12,3,13,1946
25.0,12,3,14,1952
25.0,12,3,15,1957
25.0,12,4,0,1875
25.0,12,4,1,1881
25.0,12,4,2,1887
25.0,12,4,3,1893
25.0,12,4,4,1899
25.0,12,4,5,1905
25.0,12,4,6,1911
25.0,12,4,7,1917
25.0,12,4,8,1923
25.0,12,4,9,1929
25.0,12,4,10,1935
25.0,12,4,11,1941
25.0,12,4,12,1946
25.0,12,4,13,1952
25.0,12,4,14,1958
25.0,12,4,15,1964
25.0,12,5,0,1881
25.0,12,5,1,1887
25.0,12,5,2,1893
25.0,12,5,3,1899
25.0,12,5,4,1905
25.0,12,5,5,1911
25.0,12,5,6,1917
25.0,12,5,7,1923
25.0,12,5,8,1929
25.0,12,5,9,1935
25.0,12,5,10,1941
25.0,12,5,11,1947
25.0,12,5,12,1953
25.0,12,5,13,1959
25.0,12,5,14,1964
25.0,12,5,15,1970
25.0,12,6,0,1887
25.0,12,6,1,1893
25.0,12,6,2,1899
25.0,12,6,3,1906
25.0,12,6,4,1912
25.0,12,6,5,1918
25.0,12,6,6,1924
25.0,12,6,7,1929
25.0,12,6,8,1935
25.0,12,6,9,1941
25.0,12,6,10,1947
25.0,12,6,11,1953
25.0,12,6,12,1959
25.0,12,6,13,1965
25.0,12,6,14,1971
25.0,12,6,15,1977
25.0,12,7,0,1893
25.0,12,7,1,1900
25.0,12,7,2,1906
25.0,12,7,3,1912
25.0,12,7,4,1918
25.0,12,7,5,1924
25.0,12,7,6,1930
25.0,12,7,7,1936
25.0,12,7,8,1942
25.0,12,7,9,1948
25.0,12,7,10,1954
25.0,12,7,11,1959
25.0,12,7,12,1965
25.0,12,7,13,1971
25.0,12,7,14,1977
25.0,12,7,15,1983
25.0,12,8,0,1899
25.0,12,8,1,1906
25.0,12,8,2,1912
25.0,12,8,3,1918
25.0,12,8,4,1924
25.0,12,8,5,1930
25.0,12,8,6,1936
25.0,12,8,7,1942
25.0,12,8,8,1948
25.0,12,8,9,1954
25.0,12,8,10,1960
25.0,12,8,11,1966
25.0,12,8,12,1972
25.0,12,8,13,1978
25.0,12,8,14,1983
25.0,12,8,15,1989
25.0,12,9,0,1906
25.0,12,9,1,1912
25.0,12,9,2,1918
25.0,12,9,3,1924
25.0,12,9,4,1930
25.0,12,9,5,1936
25.0,12,9,6,1942
25.0,12,9,7,1948
25.0,12,9,8,1954
25.0,12,9,9,1960
25.0,12,9,10,1966
25.0,12,9,11,1972
25.0,12,9,12,1978
25.0,12,9,13,1984
25.0,12,9,14,1990
25.0,12,9,15,1996
25.0,12,10,0,1912
25.0,12,10,1,1918
25.0,12,10,2,1924
25.0,12,10,3,1930
25.0,12,10,4,1936
25.0,12,10,5,1942
25.0,12,10,6,1948
25.0,12,10,7,1954
25.0,12,10,8,1960
25.0,12,10,9,1966
25.0,12,10,10,1972
25.0,12,10,11,1978
25.0,12,10,12,1984
25.0,12,10,13,1990
25.0,12,10,14,1996
25.0,12,10,15,2002
25.0,12,11,0,1918
25.0,12,11,1,1924
25.0,12,11,2,1930
25.0,12,11,3,1936
25.0,12,11,4,1942
25.0,12,11,5,1948
25.0,12,11,6,1954
25.0,12,11,7,1960
25.0,12,11,8,1966
25.0,12,11,9,1972
25.0,12,11,10,1978
25.0,12,11,11,1984
25.0,12,11,12,1990
25.0,12,11,13,1996
25.0,12,11,14,2002
25.0,12,11,15,2008
25.0,12,12,0,1924
25.0,12,12,1,1930
25.0,12,12,2,1936
25.0,12,12,3,1942
25.0,12,12,4,1948
25.0,12,12,5,1954
25.0,12,12,6,1960
25.0,12,12,7,1966
25.0,12,12,8,1973
25.0,12,12,9,1979
25.0,12,12,10,1985
25.0,12,12,11,1991
25.0,12,12,12,1997
25.0,12,12,13,2003
25.0,12,12,14,2009
25.0,12,12,15,2014
25.0,12,13,0,1929
25.0,12,13,1,1936
25.0,12,13,2,1942
25.0,12,13,3,1948
25.0,12,13,4,1954
25.0,12,13,5,1960
25.0,12,13,6,1966
25.0,12,13,7,1973
25.0,12,13,8,1979
25.0,12,13,9,1985
25.0,12,13,10,1991
25.0,12,13,11,1997
25.0,12,13,12,2003
25.0,12,13,13,2009
25.0,12,13,14,2015
25.0,12,13,15,2021
25.0,12,14,0,1935
25.0,12,14,1,1942
25.0,12,14,2,1948
25.0,12,14,3,1954
25.0,12,14,4,1960
25.0,12,14,5,1966
25.0,12,14,6,1973
25.0,12,14,7,1979
25.0,12,14,8,1985
25.0,12,14,9,1991
25.0,12,14,10,1997
25.0,12,14,11,2003
25.0,12,14,12,2009
25.0,12,14,13,2015
25.0,12,14,14,2021
25.0,12,14,15,2027
25.0,12,15,0,1941
25.0,12,15,1,1948
25.0,12,15,2,1954
25.0,12,15,3,1960
25.0,12,15,4,1966
25.0,12,15,5,1972
25.0,12,15,6,1979
25.0,12,15,7,1985
25.0,12,15,8,1991
25.0,12,15,9,1997
25.0,12,15,10,2003
25.0,12,15,11,2009
25.0,12,15,12,2015
25.0,12,15,13,2021
25.0,12,15,14,2027
25.0,12,15,15,2033
25.0,13,0,0,1857
25.0,13,0,1,1863
25.0,13,0,2,1869
25.0,13,0,3,1875
25.0,13,0,4,1881
25.0,13,0,5,1887
25.0,13,0,6,1893
25.0,13,0,7,1899
25.0,13,0,8,1905
25.0,13,0,9,1910
25.0,13,0,10,1916
25.0,13,0,11,1922
25.0,13,0,12,1928
25.0,13,0,13,1934
25.0,13,0,14,1939
25.0,13,0,15,1945
25.0,13,1,0,1863
25.0,13,1,1,1869
25.0,13,1,2,1875
25.0,13,1,3,1881
25.0,13,1,4,1887
25.0,13,1,5,1893
25.0,13,1,6,1899
25.0,13,1,7,1905
25.0,13,1,8,1911
25.0,13,1,9,1917
25.0,13,1,10,1923
25.0,13,1,11,1928
25.0,13,1,12,1934
25.0,13,1,13,1940
25.0,13,1,14,1946
25.0,13,1,15,1952
25.0,13,2,0,1870
25.0,13,2,1,1876
25.0,13,2,2,1882
25.0,13,2,3,1888
25.0,13,2,4,1894
25.0,13,2,5,1900
25.0,13,2,6,1905
25.0,13,2,7,1911
25.0,13,2,8,1917
25.0,13,2,9,1923
25.0,13,2,10,1929
25.0,13,2,11,1935
25.0,13,2,12,1941
25.0,13,2,13,1946
25.0,13,2,14,1952
25.0,13,2,15,1958
25.0,13,3,0,1876
25.0,13,3,1,1882
25.0,13,3,2,1888
25.0,13,3,3,1894
25.0,13,3,4,1900
25.0,13,3,5,1906
25.0,13,3,6,1912
25.0,13,3,7,1918
25.0,13,3,8,1924
25.0,13,3,9,1930
25.0,13,3,10,1935
25.0,13,3,11,1941
25.0,13,3,12,1947
25.0,13,3,13,1953
25.0,13,3,14,1959
25.0,13,3,15,1965
25.0,13,4,0,1882
25.0,13,4,1,1888
25.0,13,4,2,1894
25.0,13,4,3,1900
25.0,13,4,4,1906
25.0,13,4,5,1912
25.0,13,4,6,1918
25.0,13,4,7,1924
25.0,13,4,8,1930
25.0,13,4,9,1936
25.0,13,4,10,1942
25.0,13,4,11,1948
25.0,13,4,12,1953
25.0,13,4,13,1959
25.0,13,4,14,1965
25.0,13,4,15,1971
25.0,13,5,0,1888
25.0,13,5,1,1894
25.0,13,5,2,1900
25.0,13,5,3,1906
25.0,13,5,4,1912
25.0,13,5,5,1918
25.0,13,5,6,1924
25.0,13,5,7,1930
25.0,13,5,8,1936
25.0,13,5,9,1942
25.0,13,5,10,1948
25.0,13,5,11,1954
25.0,13,5,12,1960
25.0,13,5,13,1966
25.0,13,5,14,1972
25.0,13,5,15,1977
25.0,13,6,0,1894
25.0,13,6,1,1900
25.0,13,6,2,1906
25.0,13,6,3,1912
25.0,13,6,4,1919
25.0,13,6,5,1925
25.0,13,6,6,1931
25.0,13,6,7,1937
25.0,13,6,8,1943
25.0,13,6,9,1948
25.0,13,6,10,1954
25.0,13,6,11,1960
25.0,13,6,12,1966
25.0,13,6,13,1972
25.0,13,6,14,1978
25.0,13,6,15,1984
25.0,13,7,0,1900
25.0,13,7,1,1906
25.0,13,7,2,1913
25.0,13,7,3,1919
25.0,13,7,4,1925
25.0,13,7,5,1931
25.0,13,7,6,1937
25.0,13,7,7,1943
25.0,13,7,8,1949
25.0,13,7,9,1955
25.0,13,7,10,1961
25.0,13,7,11,1967
25.0,13,7,12,1973
25.0,13,7,13,1978
25.0,13,7,14,1984
25.0,13,7,15,1990
25.0,13,8,0,1906
25.0,13,8,1,1913
25.0,13,8,2,1919
25.0,13,8,3,1925
25.0,13,8,4,1931
25.0,13,8,5,1937
25.0,13,8,6,1943
25.0,13,8,7,1949
25.0,13,8,8,1955
25.0,13,8,9,1961
25.0,13,8,10,1967
25.0,13,8,11,1973
25.0,13,8,12,1979
25.0,13,8,13,1985
25.0,13,8,14,1991
25.0,13,8,15,1997
25.0,13,9,0,1912
25.0,13,9,1,1919
25.0,13,9,2,1925
25.0,13,9,3,1931
25.0,13,9,4,1937
25.0,13,9,5,1943
25.0,13,9,6,1949
25.0,13,9,7,1955
25.0,13,9,8,1961
25.0,13,9,9,1967
25.0,13,9,10,1973
25.0,13,9,11,1979
25.0,13,9,12,1985
25.0,13,9,13,1991
25.0,13,9,14,1997
25.0,13,9,15,2003
25.0,13,10,0,1919
25.0,13,10,1,1925
25.0,13,10,2,1931
25.0,13,10,3,1937
25.0,13,10,4,1943
25.0,13,10,5,1949
25.0,13,10,6,1955
25.0,13,10,7,1961
25.0,13,10,8,1967
25.0,13,10,9,1973
25.0,13,10,10,1979
25.0,13,10,11,1985
25.0,13,10,12,1991
25.0,13,10,13,1997
25.0,13,10,14,2003
25.0,13,10,15,2009
25.0,13,11,0,1925
25.0,13,11,1,1931
25.0,13,11,2,1937
25.0,13,11,3,1943
25.0,13,11,4,1949
25.0,13,11,5,1955
25.0,13,11,6,1961
25.0,13,11,7,1968
25.0,13,11,8,1974
25.0,13,11,9,1980
25.0,13,11,10,1986
25.0,13,11,11,1992
25.0,13,11,12,1998
25.0,13,11,13,2004
25.0,13,11,14,2010
25.0,13,11,15,2016
25.0,13,12,0,1931
25.0,13,12,1,1937
25.0,13,12,2,1943
25.0,13,12,3,1949
25.0,13,12,4,1955
25.0,13,12,5,1961
25.0,13,12,6,1968
25.0,13,12,7,1974
25.0,13,12,8,1980
25.0,13,12,9,1986
25.0,13,12,10,1992
25.0,13,12,11,1998
25.0,13,12,12,2004
25.0,13,12,13,2010
25.0,13,12,14,2016
25.0,13,12,15,2022
25.0,13,13,0,1937
25.0,13,13,1,1943
25.0,13,13,2,1949
25.0,13,13,3,1955
25.0,13,13,4,1961
25.0,13,13,5,1968
25.0,13,13,6,1974
25.0,13,13,7,1980
25.0,13,13,8,1986
25.0,13,13,9,1992
25.0,13,13,10,1998
25.0,13,13,11,2004
25.0,13,13,12,2010
25.0,13,13,13,2016
25.0,13,13,14,2022
25.0,13,13,15,2028
25.0,13,14,0,1943
25.0,13,14,1,1949
25.0,13,14,2,1955
25.0,13,14,3,1961
25.0,13,14,4,1967
25.0,13,14,5,1974
25.0,13,14,6,1980
25.0,13,14,7,1986
25.0,13,14,8,1992
25.0,13,14,9,1998
25.0,13,14,10,2004
25.0,13,14,11,2010
25.0,13,14,12,2016
25.0,13,14,13,2022
25.0,13,14,14,2028
25.0,13,14,15,2034
25.0,13,15,0,1948
25.0,13,15,1,1955
25.0,13,15,2,1961
25.0,13,15,3,1967
25.0,13,15,4,1973
25.0,13,15,5,1980
25.0,13,15,6,1986
25.0,13,15,7,1992
25.0,13,15,8,1998
25.0,13,15,9,2004
25.0,13,15,10,2010
25.0,13,15,11,2016
25.0,13,15,12,2023
25.0,13,15,13,2029
25.0,13,15,14,2035
25.0,13,15,15,2041
25.0,14,0,0,1864
25.0,14,0,1,1870
25.0,14,0,2,1876
25.0,14,0,3,1882
25.0,14,0,4,1888
25.0,14,0,5,1894
25.0,14,0,6,1900
25.0,14,0,7,1906
25.0,14,0,8,1911
25.0,14,0,9,1917
25.0,14,0,10,1923
25.0,14,0,11,1929
25.0,14,0,12,1935
25.0,14,0,13,1941
25.0,14,0,14,1946
25.0,14,0,15,1952
25.0,14,1,0,1870
25.0,14,1,1,1876
25.0,14,1,2,1882
25.0,14,1,3,1888
25.0,14,1,4,1894
25.0,14,1,5,1900
25.0,14,1,6,1906
25.0,14,1,7,1912
25.0,14,1,8,1918
25.0,14,1,9,1924
25.0,14,1,10,1930
25.0,14,1,11,1935
25.0,14,1,12,1941
25.0,14,1,13,1947
25.0,14,1,14,1953
25.0,14,1,15,1959
25.0,14,2,0,1876
25.0,14,2,1,1883
25.0,14,2,2,1889
25.0,14,2,3,1895
25.0,14,2,4,1901
25.0,14,2,5,1906
25.0,14,2,6,1912
25.0,14,2,7,1918
25.0,14,2,8,1924
25.0,14,2,9,1930
25.0,14,2,10,1936
25.0,14,2,11,1942
25.0,14,2,12,1948
25.0,14,2,13,1954
25.0,14,2,14,1959
25.0,14,2,15,1965
25.0,14,3,0,1883
25.0,14,3,1,1889
25.0,14,3,2,1895
25.0,14,3,3,1901
25.0,14,3,4,1907
25.0,14,3,5,1913
25.0,14,3,6,1919
25.0,14,3,7,1925
25.0,14,3,8,1931
25.0,14,3,9,1937
25.0,14,3,10,1942
25.0,14,3,11,1948
25.0,14,3,12,1954
25.0,14,3,13,1960
25.0,14,3,14,1966
25.0,14,3,15,1972
25.0,14,4,0,1889
25.0,14,4,1,1895
25.0,14,4,2,1901
25.0,14,4,3,1907
25.0,14,4,4,1913
25.0,14,4,5,1919
25.0,14,4,6,1925
25.0,14,4,7,1931
25.0,14,4,8,1937
25.0,14,4,9,1943
25.0,14,4,10,1949
25.0,14,4,11,1955
25.0,14,4,12,1961
25.0,14,4,13,1966
25.0,14,4,14,1972
25.0,14,4,15,1978
25.0,14,5,0,1895
25.0,14,5,1,1901
25.0,14,5,2,1907
25.0,14,5,3,1913
25.0,14,5,4,1919
25.0,14,5,5,1925
25.0,14,5,6,1931
25.0,14,5,7,1937
25.0,14,5,8,1943
25.0,14,5,9,1949
25.0,14,5,10,1955
25.0,14,5,11,1961
25.0,14,5,12,1967
25.0,14,5,13,1973
25.0,14,5,14,1979
25.0,14,5,15,1985
25.0,14,6,0,1901
25.0,14,6,1,1907
25.0,14,6,2,1913
25.0,14,6,3,1919
25.0,14,6,4,1926
25.0,14,6,5,1932
25.0,14,6,6,1938
25.0,14,6,7,1944
25.0,14,6,8,1950
25.0,14,6,9,1956
25.0,14,6,10,1962
25.0,14,6,11,1967
25.0,14,6,12,1973
25.0,14,6,13,1979
25.0,14,6,14,1985
25.0,14,6,15,1991
25.0,14,7,0,1907
25.0,14,7,1,1913
25.0,14,7,2,1920
25.0,14,7,3,1926
25.0,14,7,4,1932
25.0,14,7,5,1938
25.0,14,7,6,1944
25.0,14,7,7,1950
25.0,14,7,8,1956
25.0,14,7,9,1962
25.0,14,7,10,1968
25.0,14,7,11,1974
25.0,14,7,12,1980
25.0,14,7,13,1986
25.0,14,7,14,1992
25.0,14,7,15,1997
25.0,14,8,0,1913
25.0,14,8,1,1920
25.0,14,8,2,1926
25.0,14,8,3,1932
25.0,14,8,4,1938
25.0,14,8,5,1944
25.0,14,8,6,1950
25.0,14,8,7,1956
25.0,14,8,8,1962
25.0,14,8,9,1968
25.0,14,8,10,1974
25.0,14,8,11,1980
25.0,14,8,12,1986
25.0,14,8,13,1992
25.0,14,8,14,1998
25.0,14,8,15,2004
25.0,14,9,0,1919
25.0,14,9,1,1926
25.0,14,9,2,1932
25.0,14,9,3,1938
25.0,14,9,4,1944
25.0,14,9,5,1950
25.0,14,9,6,1956
25.0,14,9,7,1962
25.0,14,9,8,1968
25.0,14,9,9,1974
25.0,14,9,10,1980
25.0,14,9,11,1986
25.0,14,9,12,1992
25.0,14,9,13,1998
25.0,14,9,14,2004
25.0,14,9,15,2010
25.0,14,10,0,1926
25.0,14,10,1,1932
25.0,14,10,2,1938
25.0,14,10,3,1944
25.0,14,10,4,1950
25.0,14,10,5,1956
25.0,14,10,6,1962
25.0,14,10,7,1969
25.0,14,10,8,1975
25.0,14,10,9,1981
25.0,14,10,10,1987
25.0,14,10,11,1993
25.0,14,10,12,1999
25.0,14,10,13,2005
25.0,14,10,14,2011
25.0,14,10,15,2017
25.0,14,11,0,1932
25.0,14,11,1,1938
25.0,14,11,2,1944
25.0,14,11,3,1950
25.0,14,11,4,1956
25.0,14,11,5,1962
25.0,14,11,6,1969
25.0,14,11,7,1975
25.0,14,11,8,1981
25.0,14,11,9,1987
25.0,14,11,10,1993
25.0,14,11,11,1999
25.0,14,11,12,2005
25.0,14,11,13,2011
25.0,14,11,14,2017
25.0,14,11,15,2023
25.0,14,12,0,1938
25.0,14,12,1,1944
25.0,14,12,2,1950
25.0,14,12,3,1956
25.0,14,12,4,1962
25.0,14,12,5,1969
25.0,14,12,6,1975
25.0,14,12,7,1981
25.0,14,12,8,1987
25.0,14,12,9,1993
25.0,14,12,10,1999
25.0,14,12,11,2005
25.0,14,12,12,2011
25.0,14,12,13,2017
25.0,14,12,14,2023
25.0,14,12,15,2029
25.0,14,13,0,1944
25.0,14,13,1,1950
25.0,14,13,2,1956
25.0,14,13,3,1962
25.0,14,13,4,1969
25.0,14,13,5,1975
25.0,14,13,6,1981
25.0,14,13,7,1987
25.0,14,13,8,1993
25.0,14,13,9,1999
25.0,14,13,10,2005
25.0,14,13,11,2011
25.0,14,13,12,2017
25.0,14,13,13,2024
25.0,14,13,14,2030
25.0,14,13,15,2036
25.0,14,14,0,1950
25.0,14,14,1,1956
25.0,14,14,2,1962
25.0,14,14,3,1968
25.0,14,14,4,1975
25.0,14,14,5,1981
25.0,14,14,6,1987
25.0,14,14,7,1993
25.0,14,14,8,1999
25.0,14,14,9,2005
25.0,14,14,10,2012
25.0,14,14,11,2018
25.0,14,14,12,2024
25.0,14,14,13,2030
25.0,14,14,14,2036
25.0,14,14,15,2042
25.0,14,15,0,1956
25.0,14,15,1,1962
25.0,14,15,2,1968
25.0,14,15,3,1974
25.0,14,15,4,1981
25.0,14,15,5,1987
25.0,14,15,6,1993
25.0,14,15,7,1999
25.0,14,15,8,2005
25.0,14,15,9,2012
25.0,14,15,10,2018
25.0,14,15,11,2024
25.0,14,15,12,2030
25.0,14,15,13,2036
25.0,14,15,14,2042
25.0,14,15,15,2048
25.0,15,0,0,1871
25.0,15,0,1,1877
25.0,15,0,2,1883
25.0,15,0,3,1889
25.0,15,0,4,1895
25.0,15,0,5,1901
25.0,15,0,6,1907
25.0,15,0,7,1913
25.0,15,0,8,1918
25.0,15,0,9,1924
25.0,15,0,10,1930
25.0,15,0,11,1936
25.0,15,0,12,1942
25.0,15,0,13,1948
25.0,15,0,14,1953
25.0,15,0,15,1959
25.0,15,1,0,1877
25.0,15,1,1,1883
25.0,15,1,2,1889
25.0,15,1,3,1895
25.0,15,1,4,1901
25.0,15,1,5,1907
25.0,15,1,6,1913
25.0,15,1,7,1919
25.0,15,1,8,1925
25.0,15,1,9,1931
25.0,15,1,10,1937
25.0,15,1,11,1943
25.0,15,1,12,1948
25.0,15,1,13,1954
25.0,15,1,14,1960
25.0,15,1,15,1966
25.0,15,2,0,1883
25.0,15,2,1,1889
25.0,15,2,2,1895
25.0,15,2,3,1901
25.0,15,2,4,1907
25.0,15,2,5,1913
25.0,15,2,6,1919
25.0,15,2,7,1925
25.0,15,2,8,1931
25.0,15,2,9,1937
25.0,15,2,10,1943
25.0,15,2,11,1949
25.0,15,2,12,1955
25.0,15,2,13,1961
25.0,15,2,14,1967
25.0,15,2,15,1972
25.0,15,3,0,1890
25.0,15,3,1,1896
25.0,15,3,2,1902
25.0,15,3,3,1908
25.0,15,3,4,1914
25.0,15,3,5,1920
25.0,15,3,6,1926
25.0,15,3,7,1932
25.0,15,3,8,1938
25.0,15,3,9,1944
25.0,15,3,10,1950
25.0,15,3,11,1955
25.0,15,3,12,1961
25.0,15,3,13,1967
25.0,15,3,14,1973
25.0,15,3,15,1979
25.0,15,4,0,1896
25.0,15,4,1,1902
25.0,15,4,2,1908
25.0,15,4,3,1914
25.0,15,4,4,1920
25.0,15,4,5,1926
25.0,15,4,6,1932
25.0,15,4,7,1938
25.0,15,4,8,1944
25.0,15,4,9,1950
25.0,15,4,10,1956
25.0,15,4,11,1962
25.0,15,4,12,1968
25.0,15,4,13,1974
25.0,15,4,14,1980
25.0,15,4,15,1985
25.0,15,5,0,1902
25.0,15,5,1,1908
25.0,15,5,2,1914
25.0,15,5,3,1920
25.0,15,5,4,1926
25.0,15,5,5,1932
25.0,15,5,6,1938
25.0,15,5,7,1944
25.0,15,5,8,1950
25.0,15,5,9,1956
25.0,15,5,10,1962
25.0,15,5,11,1968
25.0,15,5,12,1974
25.0,15,5,13,1980
25.0,15,5,14,1986
25.0,15,5,15,1992
25.0,15,6,0,1908
25.0,15,6,1,1914
25.0,15,6,2,1920
25.0,15,6,3,1926
25.0,15,6,4,1933
25.0,15,6,5,1939
25.0,15,6,6,1945
25.0,15,6,7,1951
25.0,15,6,8,1957
25.0,15,6,9,1963
25.0,15,6,10,1969
25.0,15,6,11,1975
25.0,15,6,12,1981
25.0,15,6,13,1986
25.0,15,6,14,1992
25.0,15,6,15,1998
25.0,15,7,0,1914
25.0,15,7,1,1920
25.0,15,7,2,1927
25.0,15,7,3,1933
25.0,15,7,4,1939
25.0,15,7,5,1945
25.0,15,7,6,1951
25.0,15,7,7,1957
25.0,15,7,8,1963
25.0,15,7,9,1969
25.0,15,7,10,1975
25.0,15,7,11,1981
25.0,15,7,12,1987
25.0,15,7,13,1993
25.0,15,7,14,1999
25.0,15,7,15,2005
25.0,15,8,0,1920
25.0,15,8,1,1927
25.0,15,8,2,1933
25.0,15,8,3,1939
25.0,15,8,4,1945
25.0,15,8,5,1951
25.0,15,8,6,1957
25.0,15,8,7,1963
25.0,15,8,8,1969
25.0,15,8,9,1975
25.0,15,8,10,1981
25.0,15,8,11,1987
25.0,15,8,12,1993
25.0,15,8,13,1999
25.0,15,8,14,2005
25.0,15,8,15,2011
25.0,15,9,0,1926
25.0,15,9,1,1933
25.0,15,9,2,1939
25.0,15,9,3,1945
25.0,15,9,4,1951
25.0,15,9,5,1957
25.0,15,9,6,1963
25.0,15,9,7,1969
25.0,15,9,8,1976
25.0,15,9,9,1982
25.0,15,9,10,1988
25.0,15,9,11,1994
25.0,15,9,12,2000
25.0,15,9,13,2006
25.0,15,9,14,2012
25.0,15,9,15,2018
25.0,15,10,0,1933
25.0,15,10,1,1939
25.0,15,10,2,1945
25.0,15,10,3,1951
25.0,15,10,4,1957
25.0,15,10,5,1963
25.0,15,10,6,1970
25.0,15,10,7,1976
25.0,15,10,8,1982
25.0,15,10,9,1988
25.0,15,10,10,1994
25.0,15,10,11,2000
25.0,15,10,12,2006
25.0,15,10,13,2012
25.0,15,10,14,2018
25.0,15,10,15,2024
25.0,15,11,0,1939
25.0,15,11,1,1945
25.0,15,11,2,1951
25.0,15,11,3,1957
25.0,15,11,4,1963
25.0,15,11,5,1970
25.0,15,11,6,1976
25.0,15,11,7,1982
25.0,15,11,8,1988
25.0,15,11,9,1994
25.0,15,11,10,2000
25.0,15,11,11,2006
25.0,15,11,12,2012
25.0,15,11,13,2018
25.0,15,11,14,2024
25.0,15,11,15,2030
25.0,15,12,0,1945
25.0,15,12,1,1951
25.0,15,12,2,1957
25.0,15,12,3,1963
25.0,15,12,4,1970
25.0,15,12,5,1976
25.0,15,12,6,1982
25.0,15,12,7,1988
25.0,15,12,8,1994
25.0,15,12,9,2000
25.0,15,12,10,2006
25.0,15,12,11,2012
25.0,15,12,12,2019
25.0,15,12,13,2025
25.0,15,12,14,2031
25.0,15,12,15,2037
25.0,15,13,0,1951
25.0,15,13,1,1957
25.0,15,13,2,1963
25.0,15,13,3,1969
25.0,15,13,4,1976
25.0,15,13,5,1982
25.0,15,13,6,1988
25.0,15,13,7,1994
25.0,15,13,8,2000
25.0,15,13,9,2007
25.0,15,13,10,2013
25.0,15,13,11,2019
25.0,15,13,12,2025
25.0,15,13,13,2031
25.0,15,13,14,2037
25.0,15,13,15,2043
25.0,15,14,0,1957
25.0,15,14,1,1963
25.0,15,14,2,1969
25.0,15,14,3,1976
25.0,15,14,4,1982
25.0,15,14,5,1988
25.0,15,14,6,1994
25.0,15,14,7,2000
25.0,15,14,8,2007
25.0,15,14,9,2013
25.0,15,14,10,2019
25.0,15,14,11,2025
25.0,15,14,12,2031
25.0,15,14,13,2037
25.0,15,14,14,2043
25.0,15,14,15,2049
25.0,15,15,0,1963
25.0,15,15,1,1969
25.0,15,15,2,1975
25.0,15,15,3,1982
25.0,15,15,4,1988
25.0,15,15,5,1994
25.0,15,15,6,2000
25.0,15,15,7,2007
25.0,15,15,8,2013
25.0,15,15,9,2019
25.0,15,15,10,2025
25.0,15,15,11,2031
25.0,15,15,12,2037
25.0,15,15,13,2043
25.0,15,15,14,2049
25.0,15,15,15,2055
25.5,0,0,0,1804
25.5,0,0,1,1810
25.5,0,0,2,1816
25.5,0,0,3,1822
25.5,0,0,4,1828
25.5,0,0,5,1833
25.5,0,0,6,1839
25.5,0,0,7,1845
25.5,0,0,8,1850
25.5,0,0,9,1856
25.5,0,0,10,1862
25.5,0,0,11,1867
25.5,0,0,12,1873
25.5,0,0,13,1879
25.5,0,0,14,1884
25.5,0,0,15,1890
25.5,0,1,0,1811
25.5,0,1,1,1816
25.5,0,1,2,1822
25.5,0,1,3,1828
25.5,0,1,4,1834
25.5,0,1,5,1839
25.5,0,1,6,1845
25.5,0,1,7,1851
25.5,0,1,8,1857
25.5,0,1,9,1862
25.5,0,1,10,1868
25.5,0,1,11,1874
25.5,0,1,12,1879
25.5,0,1,13,1885
25.5,0,1,14,1891
25.5,0,1,15,1896
25.5,0,2,0,1817
25.5,0,2,1,1822
25.5,0,2,2,1828
25.5,0,2,3,1834
25.5,0,2,4,1840
25.5,0,2,5,1846
25.5,0,2,6,1851
25.5,0,2,7,1857
25.5,0,2,8,1863
25.5,0,2,9,1869
25.5,0,2,10,1874
25.5,0,2,11,1880
25.5,0,2,12,1886
25.5,0,2,13,1891
25.5,0,2,14,1897
25.5,0,2,15,1902
25.5,0,3,0,1823
25.5,0,3,1,1828
25.5,0,3,2,1834
25.5,0,3,3,1840
25.5,0,3,4,1846
25.5,0,3,5,1852
25.5,0,3,6,1857
25.5,0,3,7,1863
25.5,0,3,8,1869
25.5,0,3,9,1875
25.5,0,3,10,1880
25.5,0,3,11,1886
25.5,0,3,12,1892
25.5,0,3,13,1897
25.5,0,3,14,1903
25.5,0,3,15,1909
25.5,0,4,0,1829
25.5,0,4,1,1834
25.5,0,4,2,1840
25.5,0,4,3,1846
25.5,0,4,4,1852
25.5,0,4,5,1858
25.5,0,4,6,1864
25.5,0,4,7,1869
25.5,0,4,8,1875
25.5,0,4,9,1881
25.5,0,4,10,1887
25.5,0,4,11,1892
25.5,0,4,12,1898
25.5,0,4,13,1904
25.5,0,4,14,1909
25.5,0,4,15,1915
25.5,0,5,0,1835
25.5,0,5,1,1840
25.5,0,5,2,1846
25.5,0,5,3,1852
25.5,0,5,4,1858
25.5,0,5,5,1864
25.5,0,5,6,1870
25.5,0,5,7,1875
25.5,0,5,8,1881
25.5,0,5,9,1887
25.5,0,5,10,1893
25.5,0,5,11,1898
25.5,0,5,12,1904
25.5,0,5,13,1910
25.5,0,5,14,1916
25.5,0,5,15,1921
25.5,0,6,0,1840
25.5,0,6,1,1846
25.5,0,6,2,1852
25.5,0,6,3,1858
25.5,0,6,4,1864
25.5,0,6,5,1870
25.5,0,6,6,1876
25.5,0,6,7,1882
25.5,0,6,8,1887
25.5,0,6,9,1893
25.5,0,6,10,1899
25.5,0,6,11,1905
25.5,0,6,12,1910
25.5,0,6,13,1916
25.5,0,6,14,1922
25.5,0,6,15,1927
25.5,0,7,0,1846
25.5,0,7,1,1852
25.5,0,7,2,1858
25.5,0,7,3,1864
25.5,0,7,4,1870
25.5,0,7,5,1876
25.5,0,7,6,1882
25.5,0,7,7,1888
25.5,0,7,8,1893
25.5,0,7,9,1899
25.5,0,7,10,1905
25.5,0,7,11,1911
25.5,0,7,12,1917
25.5,0,7,13,1922
25.5,0,7,14,1928
25.5,0,7,15,1934
25.5,0,8,0,1852
25.5,0,8,1,1858
25.5,0,8,2,1864
25.5,0,8,3,1870
25.5,0,8,4,1876
25.5,0,8,5,1882
25.5,0,8,6,1888
25.5,0,8,7,1894
25.5,0,8,8,1899
25.5,0,8,9,1905
25.5,0,8,10,1911
25.5,0,8,11,1917
25.5,0,8,12,1923
25.5,0,8,13,1928
25.5,0,8,14,1934
25.5,0,8,15,1940
25.5,0,9,0,1858
25.5,0,9,1,1864
25.5,0,9,2,1870
25.5,0,9,3,1876
25.5,0,9,4,1882
25.5,0,9,5,1888
25.5,0,9,6,1894
25.5,0,9,7,1900
25.5,0,9,8,1906
25.5,0,9,9,1911
25.5,0,9,10,1917
25.5,0,9,11,1923
25.5,0,9,12,1929
25.5,0,9,13,1935
25.5,0,9,14,1940
25.5,0,9,15,1946
25.5,0,10,0,1864
25.5,0,10,1,1870
25.5,0,10,2,1876
25.5,0,10,3,1882
25.5,0,10,4,1888
25.5,0,10,5,1894
25.5,0,10,6,1900
25.5,0,10,7,1906
25.5,0,10,8,1912
25.5,0,10,9,1917
25.5,0,10,10,1923
25.5,0,10,11,1929
25.5,0,10,12,1935
25.5,0,10,13,1941
25.5,0,10,14,1946
25.5,0,10,15,1952
25.5,0,11,0,1870
25.5,0,11,1,1876
25.5,0,11,2,1882
25.5,0,11,3,1888
25.5,0,11,4,1894
25.5,0,11,5,1900
25.5,0,11,6,1906
25.5,0,11,7,1912
25.5,0,11,8,1918
25.5,0,11,9,1923
25.5,0,11,10,1929
25.5,0,11,11,1935
25.5,0,11,12,1941
25.5,0,11,13,1947
25.5,0,11,14,1953
25.5,0,11,15,1958
25.5,0,12,0,1876
25.5,0,12,1,1882
25.5,0,12,2,1888
25.5,0,12,3,1894
25.5,0,12,4,1900
25.5,0,12,5,1906
25.5,0,12,6,1912
25.5,0,12,7,1918
25.5,0,12,8,1924
25.5,0,12,9,1929
25.5,0,12,10,1935
25.5,0,12,11,1941
25.5,0,12,12,1947
25.5,0,12,13,1953
25.5,0,12,14,1959
25.5,0,12,15,1964
25.5,0,13,0,1882
25.5,0,13,1,1888
25.5,0,13,2,1894
25.5,0,13,3,1900
25.5,0,13,4,1906
25.5,0,13,5,1912
25.5,0,13,6,1918
25.5,0,13,7,1924
25.5,0,13,8,1930
25.5,0,13,9,1935
25.5,0,13,10,1941
25.5,0,13,11,1947
25.5,0,13,12,1953
25.5,0,13,13,1959
25.5,0,13,14,1965
25.5,0,13,15,1971
25.5,0,14,0,1887
25.5,0,14,1,1893
25.5,0,14,2,1899
25.5,0,14,3,1906
25.5,0,14,4,1912
25.5,0,14,5,1918
25.5,0,14,6,1924
25.5,0,14,7,1930
25.5,0,14,8,1935
25.5,0,14,9,1941
25.5,0,14,10,1947
25.5,0,14,11,1953
25.5,0,14,12,1959
25.5,0,14,13,1965
25.5,0,14,14,1971
25.5,0,14,15,1977
25.5,0,15,0,1893
25.5,0,15,1,1899
25.5,0,15,2,1905
25.5,0,15,3,1911
25.5,0,15,4,1917
25.5,0,15,5,1923
25.5,0,15,6,1929
25.5,0,15,7,1935
25.5,0,15,8,1941
25.5,0,15,9,1947
25.5,0,15,10,1953
25.5,0,15,11,1959
25.5,0,15,12,1965
25.5,0,15,13,1971
25.5,0,15,14,1977
25.5,0,15,15,1983
25.5,1,0,0,1811
25.5,1,0,1,1817
25.5,1,0,2,1823
25.5,1,0,3,1829
25.5,1,0,4,1835
25.5,1,0,5,1840
25.5,1,0,6,1846
25.5,1,0,7,1852
25.5,1,0,8,1858
25.5,1,0,9,1863
25.5,1,0,10,1869
25.5,1,0,11,1875
25.5,1,0,12,1880
25.5,1,0,13,1886
25.5,1,0,14,1891
25.5,1,0,15,1897
25.5,1,1,0,1817
25.5,1,1,1,1823
25.5,1,1,2,1829
25.5,1,1,3,1835
25.5,1,1,4,1841
25.5,1,1,5,1847
25.5,1,1,6,1852
25.5,1,1,7,1858
25.5,1,1,8,1864
25.5,1,1,9,1869
25.5,1,1,10,1875
25.5,1,1,11,1881
25.5,1,1,12,1887
25.5,1,1,13,1892
25.5,1,1,14,1898
25.5,1,1,15,1903
25.5,1,2,0,1824
25.5,1,2,1,1829
25.5,1,2,2,1835
25.5,1,2,3,1841
25.5,1,2,4,1847
25.5,1,2,5,1853
25.5,1,2,6,1858
25.5,1,2,7,1864
25.5,1,2,8,1870
25.5,1,2,9,1876
25.5,1,2,10,1881
25.5,1,2,11,1887
25.5,1,2,12,1893
25.5,1,2,13,1898
25.5,1,2,14,1904
25.5,1,2,15,1910
25.5,1,3,0,1830
25.5,1,3,1,1835
25.5,1,3,2,1841
25.5,1,3,3,1847
25.5,1,3,4,1853
25.5,1,3,5,1859
25.5,1,3,6,1865
25.5,1,3,7,1870
25.5,1,3,8,1876
25.5,1,3,9,1882
25.5,1,3,10,1888
25.5,1,3,11,1893
25.5,1,3,12,1899
25.5,1,3,13,1905
25.5,1,3,14,1910
25.5,1,3,15,1916
25.5,1,4,0,1836
25.5,1,4,1,1841
25.5,1,4,2,1847
25.5,1,4,3,1853
25.5,1,4,4,1859
25.5,1,4,5,1865
25.5,1,4,6,1871
25.5,1,4,7,1877
25.5,1,4,8,1882
25.5,1,4,9,1888
25.5,1,4,10,1894
25.5,1,4,11,1900
25.5,1,4,12,1905
25.5,1,4,13,1911
25.5,1,4,14,1917
25.5,1,4,15,1922
25.5,1,5,0,1842
25.5,1,5,1,1847
25.5,1,5,2,1853
25.5,1,5,3,1859
25.5,1,5,4,1865
25.5,1,5,5,1871
25.5,1,5,6,1877
25.5,1,5,7,1883
25.5,1,5,8,1888
25.5,1,5,9,1894
25.5,1,5,10,1900
25.5,1,5,11,1906
25.5,1,5,12,1912
25.5,1,5,13,1917
25.5,1,5,14,1923
25.5,1,5,15,1929
25.5,1,6,0,1848
25.5,1,6,1,1853
25.5,1,6,2,1859
25.5,1,6,3,1865
25.5,1,6,4,1871
25.5,1,6,5,1877
25.5,1,6,6,1883
25.5,1,6,7,1889
25.5,1,6,8,1895
25.5,1,6,9,1900
25.5,1,6,10,1906
25.5,1,6,11,1912
25.5,1,6,12,1918
25.5,1,6,13,1923
25.5,1,6,14,1929
25.5,1,6,15,1935
25.5,1,7,0,1853
25.5,1,7,1,1859
25.5,1,7,2,1865
25.5,1,7,3,1871
25.5,1,7,4,1877
25.5,1,7,5,1883
25.5,1,7,6,1889
25.5,1,7,7,1895
25.5,1,7,8,1901
25.5,1,7,9,1907
25.5,1,7,10,1912
25.5,1,7,11,1918
25.5,1,7,12,1924
25.5,1,7,13,1930
25.5,1,7,14,1935
25.5,1,7,15,1941
25.5,1,8,0,1859
25.5,1,8,1,1865
25.5,1,8,2,1871
25.5,1,8,3,1877
25.5,1,8,4,1883
25.5,1,8,5,1889
25.5,1,8,6,1895
25.5,1,8,7,1901
25.5,1,8,8,1907
25.5,1,8,9,1913
25.5,1,8,10,1918
25.5,1,8,11,1924
25.5,1,8,12,1930
25.5,1,8,13,1936
25.5,1,8,14,1942
25.5,1,8,15,1947
25.5,1,9,0,1865
25.5,1,9,1,1871
25.5,1,9,2,1877
25.5,1,9,3,1883
25.5,1,9,4,1889
25.5,1,9,5,1895
25.5,1,9,6,1901
25.5,1,9,7,1907
25.5,1,9,8,1913
25.5,1,9,9,1919
25.5,1,9,10,1925
25.5,1,9,11,1930
25.5,1,9,12,1936
25.5,1,9,13,1942
25.5,1,9,14,1948
25.5,1,9,15,1953
25.5,1,10,0,1871
25.5,1,10,1,1877
25.5,1,10,2,1883
25.5,1,10,3,1889
25.5,1,10,4,1895
25.5,1,10,5,1901
25.5,1,10,6,1907
25.5,1,10,7,1913
25.5,1,10,8,1919
25.5,1,10,9,1925
25.5,1,10,10,1931
25.5,1,10,11,1936
25.5,1,10,12,1942
25.5,1,10,13,1948
25.5,1,10,14,1954
25.5,1,10,15,1960
25.5,1,11,0,1877
25.5,1,11,1,1883
25.5,1,11,2,1889
25.5,1,11,3,1895
25.5,1,11,4,1901
25.5,1,11,5,1907
25.5,1,11,6,1913
25.5,1,11,7,1919
25.5,1,11,8,1925
25.5,1,11,9,1931
25.5,1,11,10,1937
25.5,1,11,11,1943
25.5,1,11,12,1948
25.5,1,11,13,1954
25.5,1,11,14,1960
25.5,1,11,15,1966
25.5,1,12,0,1883
25.5,1,12,1,1889
25.5,1,12,2,1895
25.5,1,12,3,1901
25.5,1,12,4,1907
25.5,1,12,5,1913
25.5,1,12,6,1919
25.5,1,12,7,1925
25.5,1,12,8,1931
25.5,1,12,9,1937
25.5,1,12,10,1943
25.5,1,12,11,1949
25.5,1,12,12,1954
25.5,1,12,13,1960
25.5,1,12,14,1966
25.5,1,12,15,1972
25.5,1,13,0,1889
25.5,1,13,1,1895
25.5,1,13,2,1901
25.5,1,13,3,1907
25.5,1,13,4,1913
25.5,1,13,5,1919
25.5,1,13,6,1925
25.5,1,13,7,1931
25.5,1,13,8,1937
25.5,1,13,9,1943
25.5,1,13,10,1949
25.5,1,13,11,1955
25.5,1,13,12,1961
25.5,1,13,13,1966
25.5,1,13,14,1972
25.5,1,13,15,1978
25.5,1,14,0,1895
25.5,1,14,1,1901
25.5,1,14,2,1907
25.5,1,14,3,1913
25.5,1,14,4,1919
25.5,1,14,5,1925
25.5,1,14,6,1931
25.5,1,14,7,1937
25.5,1,14,8,1943
25.5,1,14,9,1949
25.5,1,14,10,1955
25.5,1,14,11,1961
25.5,1,14,12,1967
25.5,1,14,13,1972
25.5,1,14,14,1978
25.5,1,14,15,1984
25.5,1,15,0,1900
25.5,1,15,1,1907
25.5,1,15,2,1913
25.5,1,15,3,1919
25.5,1,15,4,1925
25.5,1,15,5,1931
25.5,1,15,6,1937
25.5,1,15,7,1943
25.5,1,15,8,1949
25.5,1,15,9,1955
25.5,1,15,10,1961
25.5,1,15,11,1967
25.5,1,15,12,1973
25.5,1,15,13,1979
25.5,1,15,14,1984
25.5,1,15,15,1990
25.5,2,0,0,1818
25.5,2,0,1,1824
25.5,2,0,2,1830
25.5,2,0,3,1836
25.5,2,0,4,1842
25.5,2,0,5,1847
25.5,2,0,6,1853
25.5,2,0,7,1859
25.5,2,0,8,1865
25.5,2,0,9,1870
25.5,2,0,10,1876
25.5,2,0,11,1882
25.5,2,0,12,1887
25.5,2,0,13,1893
25.5,2,0,14,1899
25.5,2,0,15,1904
25.5,2,1,0,1824
25.5,2,1,1,1830
25.5,2,1,2,1836
25.5,2,1,3,1842
25.5,2,1,4,1848
25.5,2,1,5,1854
25.5,2,1,6,1859
25.5,2,1,7,1865
25.5,2,1,8,1871
25.5,2,1,9,1877
25.5,2,1,10,1882
25.5,2,1,11,1888
25.5,2,1,12,1894
25.5,2,1,13,1899
25.5,2,1,14,1905
25.5,2,1,15,1911
25.5,2,2,0,1830
25.5,2,2,1,1836
25.5,2,2,2,1842
25.5,2,2,3,1848
25.5,2,2,4,1854
25.5,2,2,5,1860
25.5,2,2,6,1866
25.5,2,2,7,1871
25.5,2,2,8,1877
25.5,2,2,9,1883
25.5,2,2,10,1889
25.5,2,2,11,1894
25.5,2,2,12,1900
25.5,2,2,13,1906
25.5,2,2,14,1911
25.5,2,2,15,1917
25.5,2,3,0,1837
25.5,2,3,1,1842
25.5,2,3,2,1848
25.5,2,3,3,1854
25.5,2,3,4,1860
25.5,2,3,5,1866
25.5,2,3,6,1872
25.5,2,3,7,1878
25.5,2,3,8,1883
25.5,2,3,9,1889
25.5,2,3,10,1895
25.5,2,3,11,1901
25.5,2,3,12,1906
25.5,2,3,13,1912
25.5,2,3,14,1918
25.5,2,3,15,1923
25.5,2,4,0,1843
25.5,2,4,1,1848
25.5,2,4,2,1854
25.5,2,4,3,1860
25.5,2,4,4,1866
25.5,2,4,5,1872
25.5,2,4,6,1878
25.5,2,4,7,1884
25.5,2,4,8,1890
25.5,2,4,9,1895
25.5,2,4,10,1901
25.5,2,4,11,1907
25.5,2,4,12,1913
25.5,2,4,13,1918
25.5,2,4,14,1924
25.5,2,4,15,1930
25.5,2,5,0,1849
25.5,2,5,1,1855
25.5,2,5,2,1860
25.5,2,5,3,1866
25.5,2,5,4,1872
25.5,2,5,5,1878
25.5,2,5,6,1884
25.5,2,5,7,1890
25.5,2,5,8,1896
25.5,2,5,9,1901
25.5,2,5,10,1907
25.5,2,5,11,1913
25.5,2,5,12,1919
25.5,2,5,13,1925
25.5,2,5,14,1930
25.5,2,5,15,1936
25.5,2,6,0,1855
25.5,2,6,1,1861
25.5,2,6,2,1866
25.5,2,6,3,1872
25.5,2,6,4,1878
25.5,2,6,5,1884
25.5,2,6,6,1890
25.5,2,6,7,1896
25.5,2,6,8,1902
25.5,2,6,9,1908
25.5,2,6,10,1913
25.5,2,6,11,1919
25.5,2,6,12,1925
25.5,2,6,13,1931
25.5,2,6,14,1937
25.5,2,6,15,1942
25.5,2,7,0,1861
25.5,2,7,1,1867
25.5,2,7,2,1872
25.5,2,7,3,1878
25.5,2,7,4,1884
25.5,2,7,5,1890
25.5,2,7,6,1896
25.5,2,7,7,1902
25.5,2,7,8,1908
25.5,2,7,9,1914
25.5,2,7,10,1920
25.5,2,7,11,1925
25.5,2,7,12,1931
25.5,2,7,13,1937
25.5,2,7,14,1943
25.5,2,7,15,1949
25.5,2,8,0,1866
25.5,2,8,1,1872
25.5,2,8,2,1878
25.5,2,8,3,1884
25.5,2,8,4,1890
25.5,2,8,5,1896
25.5,2,8,6,1902
25.5,2,8,7,1908
25.5,2,8,8,1914
25.5,2,8,9,1920
25.5,2,8,10,1926
25.5,2,8,11,1932
25.5,2,8,12,1937
25.5,2,8,13,1943
25.5,2,8,14,1949
25.5,2,8,15,1955
25.5,2,9,0,1872
25.5,2,9,1,1878
25.5,2,9,2,1884
25.5,2,9,3,1890
25.5,2,9,4,1896
25.5,2,9,5,1902
25.5,2,9,6,1908
25.5,2,9,7,1914
25.5,2,9,8,1920
25.5,2,9,9,1926
25.5,2,9,10,1932
25.5,2,9,11,1938
25.5,2,9,12,1944
25.5,2,9,13,1949
25.5,2,9,14,1955
25.5,2,9,15,1961
25.5,2,10,0,1878
25.5,2,10,1,1884
25.5,2,10,2,1890
25.5,2,10,3,1896
25.5,2,10,4,1902
25.5,2,10,5,1908
25.5,2,10,6,1914
25.5,2,10,7,1920
25.5,2,10,8,1926
25.5,2,10,9,1932
25.5,2,10,10,1938
25.5,2,10,11,1944
25.5,2,10,12,1950
25.5,2,10,13,1956
25.5,2,10,14,1961
25.5,2,10,15,1967
25.5,2,11,0,1884
25.5,2,11,1,1890
25.5,2,11,2,1896
25.5,2,11,3,1902
25.5,2,11,4,1908
25.5,2,11,5,1914
25.5,2,11,6,1920
25.5,2,11,7,1926
25.5,2,11,8,1932
25.5,2,11,9,1938
25.5,2,11,10,1944
25.5,2,11,11,1950
25.5,2,11,12,1956
25.5,2,11,13,1962
25.5,2,11,14,1968
25.5,2,11,15,1973
25.5,2,12,0,1890
25.5,2,12,1,1896
25.5,2,12,2,1902
25.5,2,12,3,1908
25.5,2,12,4,1914
25.5,2,12,5,1920
25.5,2,12,6,1926
25.5,2,12,7,1932
25.5,2,12,8,1938
25.5,2,12,9,1944
25.5,2,12,10,1950
25.5,2,12,11,1956
25.5,2,12,12,1962
25.5,2,12,13,1968
25.5,2,12,14,1974
25.5,2,12,15,1979
25.5,2,13,0,1896
25.5,2,13,1,1902
25.5,2,13,2,1908
25.5,2,13,3,1914
25.5,2,13,4,1920
25.5,2,13,5,1926
25.5,2,13,6,1932
25.5,2,13,7,1938
25.5,2,13,8,1944
25.5,2,13,9,1950
25.5,2,13,10,1956
25.5,2,13,11,1962
25.5,2,13,12,1968
25.5,2,13,13,1974
25.5,2,13,14,1980
25.5,2,13,15,1986
25.5,2,14,0,1902
25.5,2,14,1,1908
25.5,2,14,2,1914
25.5,2,14,3,1920
25.5,2,14,4,1926
25.5,2,14,5,1932
25.5,2,14,6,1938
25.5,2,14,7,1944
25.5,2,14,8,1950
25.5,2,14,9,1956
25.5,2,14,10,1962
25.5,2,14,11,1968
25.5,2,14,12,1974
25.5,2,14,13,1980
25.5,2,14,14,1986
25.5,2,14,15,1992
25.5,2,15,0,1908
25.5,2,15,1,1914
25.5,2,15,2,1920
25.5,2,15,3,1926
25.5,2,15,4,1932
25.5,2,15,5,1938
25.5,2,15,6,1944
25.5,2,15,7,1950
25.5,2,15,8,1956
25.5,2,15,9,1962
25.5,2,15,10,1968
25.5,2,15,11,1974
25.5,2,15,12,1980
25.5,2,15,13,1986
25.5,2,15,14,1992
25.5,2,15,15,1998
25.5,3,0,0,1825
25.5,3,0,1,1831
25.5,3,0,2,1837
25.5,3,0,3,1843
25.5,3,0,4,1849
25.5,3,0,5,1854
25.5,3,0,6,1860
25.5,3,0,7,1866
25.5,3,0,8,1872
25.5,3,0,9,1877
25.5,3,0,10,1883
25.5,3,0,11,1889
25.5,3,0,12,1895
25.5,3,0,13,1900
25.5,3,0,14,1906
25.5,3,0,15,1912
25.5,3,1,0,1831
25.5,3,1,1,1837
25.5,3,1,2,1843
25.5,3,1,3,1849
25.5,3,1,4,1855
25.5,3,1,5,1861
25.5,3,1,6,1866
25.5,3,1,7,1872
25.5,3,1,8,1878
25.5,3,1,9,1884
25.5,3,1,10,1889
25.5,3,1,11,1895
25.5,3,1,12,1901
25.5,3,1,13,1907
25.5,3,1,14,1912
25.5,3,1,15,1918
25.5,3,2,0,1837
25.5,3,2,1,1843
25.5,3,2,2,1849
25.5,3,2,3,1855
25.5,3,2,4,1861
25.5,3,2,5,1867
25.5,3,2,6,1873
25.5,3,2,7,1878
25.5,3,2,8,1884
25.5,3,2,9,1890
25.5,3,2,10,1896
25.5,3,2,11,1902
25.5,3,2,12,1907
25.5,3,2,13,1913
25.5,3,2,14,1919
25.5,3,2,15,1924
25.5,3,3,0,1844
25.5,3,3,1,1849
25.5,3,3,2,1855
25.5,3,3,3,1861
25.5,3,3,4,1867
25.5,3,3,5,1873
25.5,3,3,6,1879
25.5,3,3,7,1885
25.5,3,3,8,1890
25.5,3,3,9,1896
25.5,3,3,10,1902
25.5,3,3,11,1908
25.5,3,3,12,1914
25.5,3,3,13,1919
25.5,3,3,14,1925
25.5,3,3,15,1931
25.5,3,4,0,1850
25.5,3,4,1,1856
25.5,3,4,2,1861
25.5,3,4,3,1867
25.5,3,4,4,1873
25.5,3,4,5,1879
25.5,3,4,6,1885
25.5,3,4,7,1891
25.5,3,4,8,1897
25.5,3,4,9,1903
25.5,3,4,10,1908
25.5,3,4,11,1914
25.5,3,4,12,1920
25.5,3,4,13,1926
25.5,3,4,14,1931
25.5,3,4,15,1937
25.5,3,5,0,1856
25.5,3,5,1,1862
25.5,3,5,2,1868
25.5,3,5,3,1873
25.5,3,5,4,1879
25.5,3,5,5,1885
25.5,3,5,6,1891
25.5,3,5,7,1897
25.5,3,5,8,1903
25.5,3,5,9,1909
25.5,3,5,10,1915
25.5,3,5,11,1920
25.5,3,5,12,1926
25.5,3,5,13,1932
25.5,3,5,14,1938
25.5,3,5,15,1943
25.5,3,6,0,1862
25.5,3,6,1,1868
25.5,3,6,2,1874
25.5,3,6,3,1880
25.5,3,6,4,1885
25.5,3,6,5,1891
25.5,3,6,6,1897
25.5,3,6,7,1903
25.5,3,6,8,1909
25.5,3,6,9,1915
25.5,3,6,10,1921
25.5,3,6,11,1927
25.5,3,6,12,1932
25.5,3,6,13,1938
25.5,3,6,14,1944
25.5,3,6,15,1950
25.5,3,7,0,1868
25.5,3,7,1,1874
25.5,3,7,2,1880
25.5,3,7,3,1886
25.5,3,7,4,1892
25.5,3,7,5,1897
25.5,3,7,6,1903
25.5,3,7,7,1909
25.5,3,7,8,1915
25.5,3,7,9,1921
25.5,3,7,10,1927
25.5,3,7,11,1933
25.5,3,7,12,1939
25.5,3,7,13,1944
25.5,3,7,14,1950
25.5,3,7,15,1956
25.5,3,8,0,1874
25.5,3,8,1,1880
25.5,3,8,2,1886
25.5,3,8,3,1892
25.5,3,8,4,1898
25.5,3,8,5,1904
25.5,3,8,6,1910
25.5,3,8,7,1915
25.5,3,8,8,1921
25.5,3,8,9,1927
25.5,3,8,10,1933
25.5,3,8,11,1939
25.5,3,8,12,1945
25.5,3,8,13,1951
25.5,3,8,14,1956
25.5,3,8,15,1962
25.5,3,9,0,1880
25.5,3,9,1,1886
25.5,3,9,2,1892
25.5,3,9,3,1898
25.5,3,9,4,1904
25.5,3,9,5,1910
25.5,3,9,6,1916
25.5,3,9,7,1922
25.5,3,9,8,1927
25.5,3,9,9,1933
25.5,3,9,10,1939
25.5,3,9,11,1945
25.5,3,9,12,1951
25.5,3,9,13,1957
25.5,3,9,14,1963
25.5,3,9,15,1968
25.5,3,10,0,1885
25.5,3,10,1,1892
25.5,3,10,2,1898
25.5,3,10,3,1904
25.5,3,10,4,1910
25.5,3,10,5,1916
25.5,3,10,6,1922
25.5,3,10,7,1928
25.5,3,10,8,1934
25.5,3,10,9,1939
25.5,3,10,10,1945
25.5,3,10,11,1951
25.5,3,10,12,1957
25.5,3,10,13,1963
25.5,3,10,14,1969
25.5,3,10,15,1975
25.5,3,11,0,1891
25.5,3,11,1,1897
25.5,3,11,2,1904
25.5,3,11,3,1910
25.5,3,11,4,1916
25.5,3,11,5,1922
25.5,3,11,6,1928
25.5,3,11,7,1934
25.5,3,11,8,1940
25.5,3,11,9,1946
25.5,3,11,10,1951
25.5,3,11,11,1957
25.5,3,11,12,1963
25.5,3,11,13,1969
25.5,3,11,14,1975
25.5,3,11,15,1981
25.5,3,12,0,1897
25.5,3,12,1,1903
25.5,3,12,2,1910
25.5,3,12,3,1916
25.5,3,12,4,1922
25.5,3,12,5,1928
25.5,3,12,6,1934
25.5,3,12,7,1940
25.5,3,12,8,1946
25.5,3,12,9,1952
25.5,3,12,10,1958
25.5,3,12,11,1963
25.5,3,12,12,1969
25.5,3,12,13,1975
25.5,3,12,14,1981
25.5,3,12,15,1987
25.5,3,13,0,1903
25.5,3,13,1,1909
25.5,3,13,2,1915
25.5,3,13,3,1922
25.5,3,13,4,1928
25.5,3,13,5,1934
25.5,3,13,6,1940
25.5,3,13,7,1946
25.5,3,13,8,1952
25.5,3,13,9,1958
25.5,3,13,10,1964
25.5,3,13,11,1970
25.5,3,13,12,1976
25.5,3,13,13,1981
25.5,3,13,14,1987
25.5,3,13,15,1993
25.5,3,14,0,1909
25.5,3,14,1,1915
25.5,3,14,2,1921
25.5,3,14,3,1927
25.5,3,14,4,1934
25.5,3,14,5,1940
25.5,3,14,6,1946
25.5,3,14,7,1952
25.5,3,14,8,1958
25.5,3,14,9,1964
25.5,3,14,10,1970
25.5,3,14,11,1976
25.5,3,14,12,1982
25.5,3,14,13,1988
25.5,3,14,14,1993
25.5,3,14,15,1999
25.5,3,15,0,1915
25.5,3,15,1,1921
25.5,3,15,2,1927
25.5,3,15,3,1933
25.5,3,15,4,1939
25.5,3,15,5,1946
25.5,3,15,6,1952
25.5,3,15,7,1958
25.5,3,15,8,1964
25.5,3,15,9,1970
25.5,3,15,10,1976
25.5,3,15,11,1982
25.5,3,15,12,1988
25.5,3,15,13,1994
25.5,3,15,14,2000
25.5,3,15,15,2005
25.5,4,0,0,1832
25.5,4,0,1,1838
25.5,4,0,2,1844
25.5,4,0,3,1850
25.5,4,0,4,1856
25.5,4,0,5,1861
25.5,4,0,6,1867
25.5,4,0,7,1873
25.5,4,0,8,1879
25.5,4,0,9,1885
25.5,4,0,10,1890
25.5,4,0,11,1896
25.5,4,0,12,1902
25.5,4,0,13,1907
25.5,4,0,14,1913
25.5,4,0,15,1919
25.5,4,1,0,1838
25.5,4,1,1,1844
25.5,4,1,2,1850
25.5,4,1,3,1856
25.5,4,1,4,1862
25.5,4,1,5,1868
25.5,4,1,6,1874
25.5,4,1,7,1879
25.5,4,1,8,1885
25.5,4,1,9,1891
25.5,4,1,10,1897
25.5,4,1,11,1902
25.5,4,1,12,1908
25.5,4,1,13,1914
25.5,4,1,14,1920
25.5,4,1,15,1925
25.5,4,2,0,1844
25.5,4,2,1,1850
25.5,4,2,2,1856
25.5,4,2,3,1862
25.5,4,2,4,1868
25.5,4,2,5,1874
25.5,4,2,6,1880
25.5,4,2,7,1886
25.5,4,2,8,1891
25.5,4,2,9,1897
25.5,4,2,10,1903
25.5,4,2,11,1909
25.5,4,2,12,1914
25.5,4,2,13,1920
25.5,4,2,14,1926
25.5,4,2,15,1932
25.5,4,3,0,1850
25.5,4,3,1,1856
25.5,4,3,2,1862
25.5,4,3,3,1868
25.5,4,3,4,1874
25.5,4,3,5,1880
25.5,4,3,6,1886
25.5,4,3,7,1892
25.5,4,3,8,1898
25.5,4,3,9,1903
25.5,4,3,10,1909
25.5,4,3,11,1915
25.5,4,3,12,1921
25.5,4,3,13,1927
25.5,4,3,14,1932
25.5,4,3,15,1938
25.5,4,4,0,1857
25.5,4,4,1,1863
25.5,4,4,2,1869
25.5,4,4,3,1874
25.5,4,4,4,1880
25.5,4,4,5,1886
25.5,4,4,6,1892
25.5,4,4,7,1898
25.5,4,4,8,1904
25.5,4,4,9,1910
25.5,4,4,10,1916
25.5,4,4,11,1921
25.5,4,4,12,1927
25.5,4,4,13,1933
25.5,4,4,14,1939
25.5,4,4,15,1944
25.5,4,5,0,1863
25.5,4,5,1,1869
25.5,4,5,2,1875
25.5,4,5,3,1881
25.5,4,5,4,1887
25.5,4,5,5,1892
25.5,4,5,6,1898
25.5,4,5,7,1904
25.5,4,5,8,1910
25.5,4,5,9,1916
25.5,4,5,10,1922
25.5,4,5,11,1928
25.5,4,5,12,1933
25.5,4,5,13,1939
25.5,4,5,14,1945
25.5,4,5,15,1951
25.5,4,6,0,1869
25.5,4,6,1,1875
25.5,4,6,2,1881
25.5,4,6,3,1887
25.5,4,6,4,1893
25.5,4,6,5,1899
25.5,4,6,6,1904
25.5,4,6,7,1910
25.5,4,6,8,1916
25.5,4,6,9,1922
25.5,4,6,10,1928
25.5,4,6,11,1934
25.5,4,6,12,1940
25.5,4,6,13,1945
25.5,4,6,14,1951
25.5,4,6,15,1957
25.5,4,7,0,1875
25.5,4,7,1,1881
25.5,4,7,2,1887
25.5,4,7,3,1893
25.5,4,7,4,1899
25.5,4,7,5,1905
25.5,4,7,6,1911
25.5,4,7,7,1917
25.5,4,7,8,1922
25.5,4,7,9,1928
25.5,4,7,10,1934
25.5,4,7,11,1940
25.5,4,7,12,1946
25.5,4,7,13,1952
25.5,4,7,14,1958
25.5,4,7,15,1963
25.5,4,8,0,1881
25.5,4,8,1,1887
25.5,4,8,2,1893
25.5,4,8,3,1899
25.5,4,8,4,1905
25.5,4,8,5,1911
25.5,4,8,6,1917
25.5,4,8,7,1923
25.5,4,8,8,1929
25.5,4,8,9,1935
25.5,4,8,10,1940
25.5,4,8,11,1946
25.5,4,8,12,1952
25.5,4,8,13,1958
25.5,4,8,14,1964
25.5,4,8,15,1970
25.5,4,9,0,1887
25.5,4,9,1,1893
25.5,4,9,2,1899
25.5,4,9,3,1905
25.5,4,9,4,1911
25.5,4,9,5,1917
25.5,4,9,6,1923
25.5,4,9,7,1929
25.5,4,9,8,1935
25.5,4,9,9,1941
25.5,4,9,10,1947
25.5,4,9,11,1952
25.5,4,9,12,1958
25.5,4,9,13,1964
25.5,4,9,14,1970
25.5,4,9,15,1976
25.5,4,10,0,1893
25.5,4,10,1,1899
25.5,4,10,2,1905
25.5,4,10,3,1911
25.5,4,10,4,1917
25.5,4,10,5,1923
25.5,4,10,6,1929
25.5,4,10,7,1935
25.5,4,10,8,1941
25.5,4,10,9,1947
25.5,4,10,10,1953
25.5,4,10,11,1959
25.5,4,10,12,1965
25.5,4,10,13,1970
25.5,4,10,14,1976
25.5,4,10,15,1982
25.5,4,11,0,1899
25.5,4,11,1,1905
25.5,4,11,2,1911
25.5,4,11,3,1917
25.5,4,11,4,1923
25.5,4,11,5,1929
25.5,4,11,6,1935
25.5,4,11,7,1941
25.5,4,11,8,1947
25.5,4,11,9,1953
25.5,4,11,10,1959
25.5,4,11,11,1965
25.5,4,11,12,1971
25.5,4,11,13,1977
25.5,4,11,14,1982
25.5,4,11,15,1988
25.5,4,12,0,1904
25.5,4,12,1,1911
25.5,4,12,2,1917
25.5,4,12,3,1923
25.5,4,12,4,1929
25.5,4,12,5,1935
25.5,4,12,6,1941
25.5,4,12,7,1947
25.5,4,12,8,1953
25.5,4,12,9,1959
25.5,4,12,10,1965
25.5,4,12,11,1971
25.5,4,12,12,1977
25.5,4,12,13,1983
25.5,4,12,14,1989
25.5,4,12,15,1995
25.5,4,13,0,1910
25.5,4,13,1,1917
25.5,4,13,2,1923
25.5,4,13,3,1929
25.5,4,13,4,1935
25.5,4,13,5,1941
25.5,4,13,6,1947
25.5,4,13,7,1953
25.5,4,13,8,1959
25.5,4,13,9,1965
25.5,4,13,10,1971
25.5,4,13,11,1977
25.5,4,13,12,1983
25.5,4,13,13,1989
25.5,4,13,14,1995
25.5,4,13,15,2001
25.5,4,14,0,1916
25.5,4,14,1,1922
25.5,4,14,2,1929
25.5,4,14,3,1935
25.5,4,14,4,1941
25.5,4,14,5,1947
25.5,4,14,6,1953
25.5,4,14,7,1959
25.5,4,14,8,1965
25.5,4,14,9,1971
25.5,4,14,10,1977
25.5,4,14,11,1983
25.5,4,14,12,1989
25.5,4,14,13,1995
25.5,4,14,14,2001
25.5,4,14,15,2007
25.5,4,15,0,1922
25.5,4,15,1,1928
25.5,4,15,2,1935
25.5,4,15,3,1941
25.5,4,15,4,1947
25.5,4,15,5,1953
25.5,4,15,6,1959
25.5,4,15,7,1965
25.5,4,15,8,1971
25.5,4,15,9,1977
25.5,4,15,10,1983
25.5,4,15,11,1989
25.5,4,15,12,1995
25.5,4,15,13,2001
25.5,4,15,14,2007
25.5,4,15,15,2013
25.5,5,0,0,1839
25.5,5,0,1,1845
25.5,5,0,2,1851
25.5,5,0,3,1857
25.5,5,0,4,1863
25.5,5,0,5,1868
25.5,5,0,6,1874
25.5,5,0,7,1880
25.5,5,0,8,1886
25.5,5,0,9,1892
25.5,5,0,10,1897
25.5,5,0,11,1903
25.5,5,0,12,1909
25.5,5,0,13,1915
25.5,5,0,14,1920
25.5,5,0,15,1926
25.5,5,1,0,1845
25.5,5,1,1,1851
25.5,5,1,2,1857
25.5,5,1,3,1863
25.5,5,1,4,1869
25.5,5,1,5,1875
25.5,5,1,6,1881
25.5,5,1,7,1886
25.5,5,1,8,1892
25.5,5,1,9,1898
25.5,5,1,10,1904
25.5,5,1,11,1910
25.5,5,1,12,1915
25.5,5,1,13,1921
25.5,5,1,14,1927
25.5,5,1,15,1932
25.5,5,2,0,1851
25.5,5,2,1,1857
25.5,5,2,2,1863
25.5,5,2,3,1869
25.5,5,2,4,1875
25.5,5,2,5,1881
25.5,5,2,6,1887
25.5,5,2,7,1893
25.5,5,2,8,1899
25.5,5,2,9,1904
25.5,5,2,10,1910
25.5,5,2,11,1916
25.5,5,2,12,1922
25.5,5,2,13,1927
25.5,5,2,14,1933
25.5,5,2,15,1939
25.5,5,3,0,1857
25.5,5,3,1,1863
25.5,5,3,2,1869
25.5,5,3,3,1875
25.5,5,3,4,1881
25.5,5,3,5,1887
25.5,5,3,6,1893
25.5,5,3,7,1899
25.5,5,3,8,1905
25.5,5,3,9,1911
25.5,5,3,10,1916
25.5,5,3,11,1922
25.5,5,3,12,1928
25.5,5,3,13,1934
25.5,5,3,14,1940
25.5,5,3,15,1945
25.5,5,4,0,1864
25.5,5,4,1,1870
25.5,5,4,2,1876
25.5,5,4,3,1882
25.5,5,4,4,1887
25.5,5,4,5,1893
25.5,5,4,6,1899
25.5,5,4,7,1905
25.5,5,4,8,1911
25.5,5,4,9,1917
25.5,5,4,10,1923
25.5,5,4,11,1929
25.5,5,4,12,1934
25.5,5,4,13,1940
25.5,5,4,14,1946
25.5,5,4,15,1952
25.5,5,5,0,1870
25.5,5,5,1,1876
25.5,5,5,2,1882
25.5,5,5,3,1888
25.5,5,5,4,1894
25.5,5,5,5,1900
25.5,5,5,6,1906
25.5,5,5,7,1911
25.5,5,5,8,1917
25.5,5,5,9,1923
25.5,5,5,10,1929
25.5,5,5,11,1935
25.5,5,5,12,1941
25.5,5,5,13,1947
25.5,5,5,14,1952
25.5,5,5,15,1958
25.5,5,6,0,1876
25.5,5,6,1,1882
25.5,5,6,2,1888
25.5,5,6,3,1894
25.5,5,6,4,1900
25.5,5,6,5,1906
25.5,5,6,6,1912
25.5,5,6,7,1918
25.5,5,6,8,1924
25.5,5,6,9,1929
25.5,5,6,10,1935
25.5,5,6,11,1941
25.5,5,6,12,1947
25.5,5,6,13,1953
25.5,5,6,14,1959
25.5,5,6,15,1964
25.5,5,7,0,1882
25.5,5,7,1,1888
25.5,5,7,2,1894
25.5,5,7,3,1900
25.5,5,7,4,1906
25.5,5,7,5,1912
25.5,5,7,6,1918
25.5,5,7,7,1924
25.5,5,7,8,1930
25.5,5,7,9,1936
25.5,5,7,10,1942
25.5,5,7,11,1947
25.5,5,7,12,1953
25.5,5,7,13,1959
25.5,5,7,14,1965
25.5,5,7,15,1971
25.5,5,8,0,1888
25.5,5,8,1,1894
25.5,5,8,2,1900
25.5,5,8,3,1906
25.5,5,8,4,1912
25.5,5,8,5,1918
25.5,5,8,6,1924
25.5,5,8,7,1930
25.5,5,8,8,1936
25.5,5,8,9,1942
25.5,5,8,10,1948
25.5,5,8,11,1954
25.5,5,8,12,1960
25.5,5,8,13,1965
25.5,5,8,14,1971
25.5,5,8,15,1977
25.5,5,9,0,1894
25.5,5,9,1,1900
25.5,5,9,2,1906
25.5,5,9,3,1912
25.5,5,9,4,1918
25.5,5,9,5,1924
25.5,5,9,6,1930
25.5,5,9,7,1936
25.5,5,9,8,1942
25.5,5,9,9,1948
25.5,5,9,10,1954
25.5,5,9,11,1960
25.5,5,9,12,1966
25.5,5,9,13,1972
25.5,5,9,14,1977
25.5,5,9,15,1983
25.5,5,10,0,1900
25.5,5,10,1,1906
25.5,5,10,2,1912
25.5,5,10,3,1918
25.5,5,10,4,1924
25.5,5,10,5,1930
25.5,5,10,6,1936
25.5,5,10,7,1942
25.5,5,10,8,1948
25.5,5,10,9,1954
25.5,5,10,10,1960
25.5,5,10,11,1966
25.5,5,10,12,1972
25.5,5,10,13,1978
25.5,5,10,14,1984
25.5,5,10,15,1990
25.5,5,11,0,1906
25.5,5,11,1,1912
25.5,5,11,2,1918
25.5,5,11,3,1924
25.5,5,11,4,1930
25.5,5,11,5,1936
25.5,5,11,6,1942
25.5,5,11,7,1948
25.5,5,11,8,1954
25.5,5,11,9,1960
25.5,5,11,10,1966
25.5,5,11,11,1972
25.5,5,11,12,1978
25.5,5,11,13,1984
25.5,5,11,14,1990
25.5,5,11,15,1996
25.5,5,12,0,1912
25.5,5,12,1,1918
25.5,5,12,2,1924
25.5,5,12,3,1930
25.5,5,12,4,1936
25.5,5,12,5,1942
25.5,5,12,6,1948
25.5,5,12,7,1954
25.5,5,12,8,1960
25.5,5,12,9,1966
25.5,5,12,10,1972
25.5,5,12,11,1978
25.5,5,12,12,1984
25.5,5,12,13,1990
25.5,5,12,14,1996
25.5,5,12,15,2002
25.5,5,13,0,1918
25.5,5,13,1,1924
25.5,5,13,2,1930
25.5,5,13,3,1936
25.5,5,13,4,1942
25.5,5,13,5,1948
25.5,5,13,6,1954
25.5,5,13,7,1960
25.5,5,13,8,1966
25.5,5,13,9,1973
25.5,5,13,10,1979
25.5,5,13,11,1985
25.5,5,13,12,1990
25.5,5,13,13,1996
25.5,5,13,14,2002
25.5,5,13,15,2008
25.5,5,14,0,1924
25.5,5,14,1,1930
25.5,5,14,2,1936
25.5,5,14,3,1942
25.5,5,14,4,1948
25.5,5,14,5,1954
25.5,5,14,6,1960
25.5,5,14,7,1966
25.5,5,14,8,1973
25.5,5,14,9,1979
25.5,5,14,10,1985
25.5,5,14,11,1991
25.5,5,14,12,1997
25.5,5,14,13,2003
25.5,5,14,14,2009
25.5,5,14,15,2014
25.5,5,15,0,1929
25.5,5,15,1,1936
25.5,5,15,2,1942
25.5,5,15,3,1948
25.5,5,15,4,1954
25.5,5,15,5,1960
25.5,5,15,6,1966
25.5,5,15,7,1973
25.5,5,15,8,1979
25.5,5,15,9,1985
25.5,5,15,10,1991
25.5,5,15,11,1997
25.5,5,15,12,2003
25.5,5,15,13,2009
25.5,5,15,14,2015
25.5,5,15,15,2021
25.5,6,0,0,1846
25.5,6,0,1,1852
25.5,6,0,2,1858
25.5,6,0,3,1864
25.5,6,0,4,1870
25.5,6,0,5,1876
25.5,6,0,6,1881
25.5,6,0,7,1887
25.5,6,0,8,1893
25.5,6,0,9,1899
25.5,6,0,10,1905
25.5,6,0,11,1910
25.5,6,0,12,1916
25.5,6,0,13,1922
25.5,6,0,14,1928
25.5,6,0,15,1933
25.5,6,1,0,1852
25.5,6,1,1,1858
25.5,6,1,2,1864
25.5,6,1,3,1870
25.5,6,1,4,1876
25.5,6,1,5,1882
25.5,6,1,6,1888
25.5,6,1,7,1894
25.5,6,1,8,1899
25.5,6,1,9,1905
25.5,6,1,10,1911
25.5,6,1,11,1917
25.5,6,1,12,1923
25.5,6,1,13,1928
25.5,6,1,14,1934
25.5,6,1,15,1940
25.5,6,2,0,1858
25.5,6,2,1,1864
25.5,6,2,2,1870
25.5,6,2,3,1876
25.5,6,2,4,1882
25.5,6,2,5,1888
25.5,6,2,6,1894
25.5,6,2,7,1900
25.5,6,2,8,1906
25.5,6,2,9,1912
25.5,6,2,10,1917
25.5,6,2,11,1923
25.5,6,2,12,1929
25.5,6,2,13,1935
25.5,6,2,14,1940
25.5,6,2,15,1946
25.5,6,3,0,1864
25.5,6,3,1,1870
25.5,6,3,2,1876
25.5,6,3,3,1882
25.5,6,3,4,1888
25.5,6,3,5,1894
25.5,6,3,6,1900
25.5,6,3,7,1906
25.5,6,3,8,1912
25.5,6,3,9,1918
25.5,6,3,10,1924
25.5,6,3,11,1929
25.5,6,3,12,1935
25.5,6,3,13,1941
25.5,6,3,14,1947
25.5,6,3,15,1953
25.5,6,4,0,1871
25.5,6,4,1,1877
25.5,6,4,2,1883
25.5,6,4,3,1889
25.5,6,4,4,1895
25.5,6,4,5,1901
25.5,6,4,6,1906
25.5,6,4,7,1912
25.5,6,4,8,1918
25.5,6,4,9,1924
25.5,6,4,10,1930
25.5,6,4,11,1936
25.5,6,4,12,1942
25.5,6,4,13,1947
25.5,6,4,14,1953
25.5,6,4,15,1959
25.5,6,5,0,1877
25.5,6,5,1,1883
25.5,6,5,2,1889
25.5,6,5,3,1895
25.5,6,5,4,1901
25.5,6,5,5,1907
25.5,6,5,6,1913
25.5,6,5,7,1919
25.5,6,5,8,1925
25.5,6,5,9,1930
25.5,6,5,10,1936
25.5,6,5,11,1942
25.5,6,5,12,1948
25.5,6,5,13,1954
25.5,6,5,14,1960
25.5,6,5,15,1965
25.5,6,6,0,1883
25.5,6,6,1,1889
25.5,6,6,2,1895
25.5,6,6,3,1901
25.5,6,6,4,1907
25.5,6,6,5,1913
25.5,6,6,6,1919
25.5,6,6,7,1925
25.5,6,6,8,1931
25.5,6,6,9,1937
25.5,6,6,10,1943
25.5,6,6,11,1948
25.5,6,6,12,1954
25.5,6,6,13,1960
25.5,6,6,14,1966
25.5,6,6,15,1972
25.5,6,7,0,1889
25.5,6,7,1,1895
25.5,6,7,2,1901
25.5,6,7,3,1907
25.5,6,7,4,1913
25.5,6,7,5,1919
25.5,6,7,6,1925
25.5,6,7,7,1931
25.5,6,7,8,1937
25.5,6,7,9,1943
25.5,6,7,10,1949
25.5,6,7,11,1955
25.5,6,7,12,1961
25.5,6,7,13,1966
25.5,6,7,14,1972
25.5,6,7,15,1978
25.5,6,8,0,1895
25.5,6,8,1,1901
25.5,6,8,2,1907
25.5,6,8,3,1913
25.5,6,8,4,1919
25.5,6,8,5,1925
25.5,6,8,6,1931
25.5,6,8,7,1937
25.5,6,8,8,1943
25.5,6,8,9,1949
25.5,6,8,10,1955
25.5,6,8,11,1961
25.5,6,8,12,1967
25.5,6,8,13,1973
25.5,6,8,14,1979
25.5,6,8,15,1984
25.5,6,9,0,1901
25.5,6,9,1,1907
25.5,6,9,2,1913
25.5,6,9,3,1919
25.5,6,9,4,1925
25.5,6,9,5,1931
25.5,6,9,6,1937
25.5,6,9,7,1943
25.5,6,9,8,1949
25.5,6,9,9,1955
25.5,6,9,10,1961
25.5,6,9,11,1967
25.5,6,9,12,1973
25.5,6,9,13,1979
25.5,6,9,14,1985
25.5,6,9,15,1991
25.5,6,10,0,1907
25.5,6,10,1,1913
25.5,6,10,2,1919
25.5,6,10,3,1925
25.5,6,10,4,1931
25.5,6,10,5,1937
25.5,6,10,6,1943
25.5,6,10,7,1950
25.5,6,10,8,1956
25.5,6,10,9,1962
25.5,6,10,10,1967
25.5,6,10,11,1973
25.5,6,10,12,1979
25.5,6,10,13,1985
25.5,6,10,14,1991
25.5,6,10,15,1997
25.5,6,11,0,1913
25.5,6,11,1,1919
25.5,6,11,2,1925
25.5,6,11,3,1931
25.5,6,11,4,1937
25.5,6,11,5,1944
25.5,6,11,6,1950
25.5,6,11,7,1956
25.5,6,11,8,1962
25.5,6,11,9,1968
25.5,6,11,10,1974
25.5,6,11,11,1980
25.5,6,11,12,1986
25.5,6,11,13,1992
25.5,6,11,14,1997
25.5,6,11,15,2003
25.5,6,12,0,1919
25.5,6,12,1,1925
25.5,6,12,2,1931
25.5,6,12,3,1937
25.5,6,12,4,1943
25.5,6,12,5,1950
25.5,6,12,6,1956
25.5,6,12,7,1962
25.5,6,12,8,1968
25.5,6,12,9,1974
25.5,6,12,10,1980
25.5,6,12,11,1986
25.5,6,12,12,1992
25.5,6,12,13,1998
25.5,6,12,14,2004
25.5,6,12,15,2010
25.5,6,13,0,1925
25.5,6,13,1,1931
25.5,6,13,2,1937
25.5,6,13,3,1943
25.5,6,13,4,1950
25.5,6,13,5,1956
25.5,6,13,6,1962
25.5,6,13,7,1968
25.5,6,13,8,1974
25.5,6,13,9,1980
25.5,6,13,10,1986
25.5,6,13,11,1992
25.5,6,13,12,1998
25.5,6,13,13,2004
25.5,6,13,14,2010
25.5,6,13,15,2016
25.5,6,14,0,1931
25.5,6,14,1,1937
25.5,6,14,2,1943
25.5,6,14,3,1949
25.5,6,14,4,1956
25.5,6,14,5,1962
25.5,6,14,6,1968
25.5,6,14,7,1974
25.5,6,14,8,1980
25.5,6,14,9,1986
25.5,6,14,10,1992
25.5,6,14,11,1998
25.5,6,14,12,2004
25.5,6,14,13,2010
25.5,6,14,14,2016
25.5,6,14,15,2022
25.5,6,15,0,1937
25.5,6,15,1,1943
25.5,6,15,2,1949
25.5,6,15,3,1955
25.5,6,15,4,1962
25.5,6,15,5,1968
25.5,6,15,6,1974
25.5,6,15,7,1980
25.5,6,15,8,1986
25.5,6,15,9,1992
25.5,6,15,10,1998
25.5,6,15,11,2004
25.5,6,15,12,2010
25.5,6,15,13,2016
25.5,6,15,14,2022
25.5,6,15,15,2028
25.5,7,0,0,1853
25.5,7,0,1,1859
25.5,7,0,2,1865
25.5,7,0,3,1871
25.5,7,0,4,1877
25.5,7,0,5,1883
25.5,7,0,6,1888
25.5,7,0,7,1894
25.5,7,0,8,1900
25.5,7,0,9,1906
25.5,7,0,10,1912
25.5,7,0,11,1918
25.5,7,0,12,1923
25.5,7,0,13,1929
25.5,7,0,14,1935
25.5,7,0,15,1940
25.5,7,1,0,1859
25.5,7,1,1,1865
25.5,7,1,2,1871
25.5,7,1,3,1877
25.5,7,1,4,1883
25.5,7,1,5,1889
25.5,7,1,6,1895
25.5,7,1,7,1901
25.5,7,1,8,1906
25.5,7,1,9,1912
25.5,7,1,10,1918
25.5,7,1,11,1924
25.5,7,1,12,1930
25.5,7,1,13,1935
25.5,7,1,14,1941
25.5,7,1,15,1947
25.5,7,2,0,1865
25.5,7,2,1,1871
25.5,7,2,2,1877
25.5,7,2,3,1883
25.5,7,2,4,1889
25.5,7,2,5,1895
25.5,7,2,6,1901
25.5,7,2,7,1907
25.5,7,2,8,1913
25.5,7,2,9,1919
25.5,7,2,10,1925
25.5,7,2,11,1930
25.5,7,2,12,1936
25.5,7,2,13,1942
25.5,7,2,14,1948
25.5,7,2,15,1953
25.5,7,3,0,1871
25.5,7,3,1,1877
25.5,7,3,2,1883
25.5,7,3,3,1889
25.5,7,3,4,1895
25.5,7,3,5,1901
25.5,7,3,6,1907
25.5,7,3,7,1913
25.5,7,3,8,1919
25.5,7,3,9,1925
25.5,7,3,10,1931
25.5,7,3,11,1937
25.5,7,3,12,1943
25.5,7,3,13,1948
25.5,7,3,14,1954
25.5,7,3,15,1960
25.5,7,4,0,1878
25.5,7,4,1,1884
25.5,7,4,2,1890
25.5,7,4,3,1896
25.5,7,4,4,1902
25.5,7,4,5,1908
25.5,7,4,6,1914
25.5,7,4,7,1920
25.5,7,4,8,1925
25.5,7,4,9,1931
25.5,7,4,10,1937
25.5,7,4,11,1943
25.5,7,4,12,1949
25.5,7,4,13,1955
25.5,7,4,14,1961
25.5,7,4,15,1966
25.5,7,5,0,1884
25.5,7,5,1,1890
25.5,7,5,2,1896
25.5,7,5,3,1902
25.5,7,5,4,1908
25.5,7,5,5,1914
25.5,7,5,6,1920
25.5,7,5,7,1926
25.5,7,5,8,1932
25.5,7,5,9,1938
25.5,7,5,10,1944
25.5,7,5,11,1949
25.5,7,5,12,1955
25.5,7,5,13,1961
25.5,7,5,14,1967
25.5,7,5,15,1973
25.5,7,6,0,1890
25.5,7,6,1,1896
25.5,7,6,2,1902
25.5,7,6,3,1908
25.5,7,6,4,1914
25.5,7,6,5,1920
25.5,7,6,6,1926
25.5,7,6,7,1932
25.5,7,6,8,1938
25.5,7,6,9,1944
25.5,7,6,10,1950
25.5,7,6,11,1956
25.5,7,6,12,1962
25.5,7,6,13,1967
25.5,7,6,14,1973
25.5,7,6,15,1979
25.5,7,7,0,1896
25.5,7,7,1,1902
25.5,7,7,2,1908
25.5,7,7,3,1914
25.5,7,7,4,1920
25.5,7,7,5,1926
25.5,7,7,6,1932
25.5,7,7,7,1938
25.5,7,7,8,1944
25.5,7,7,9,1950
25.5,7,7,10,1956
25.5,7,7,11,1962
25.5,7,7,12,1968
25.5,7,7,13,1974
25.5,7,7,14,1980
25.5,7,7,15,1986
25.5,7,8,0,1902
25.5,7,8,1,1908
25.5,7,8,2,1914
25.5,7,8,3,1920
25.5,7,8,4,1926
25.5,7,8,5,1932
25.5,7,8,6,1938
25.5,7,8,7,1944
25.5,7,8,8,1950
25.5,7,8,9,1956
25.5,7,8,10,1962
25.5,7,8,11,1968
25.5,7,8,12,1974
25.5,7,8,13,1980
25.5,7,8,14,1986
25.5,7,8,15,1992
25.5,7,9,0,1908
25.5,7,9,1,1914
25.5,7,9,2,1920
25.5,7,9,3,1926
25.5,7,9,4,1932
25.5,7,9,5,1939
25.5,7,9,6,1945
25.5,7,9,7,1951
25.5,7,9,8,1957
25.5,7,9,9,1963
25.5,7,9,10,1969
25.5,7,9,11,1975
25.5,7,9,12,1981
25.5,7,9,13,1986
25.5,7,9,14,1992
25.5,7,9,15,1998
25.5,7,10,0,1914
25.5,7,10,1,1920
25.5,7,10,2,1926
25.5,7,10,3,1932
25.5,7,10,4,1939
25.5,7,10,5,1945
25.5,7,10,6,1951
25.5,7,10,7,1957
25.5,7,10,8,1963
25.5,7,10,9,1969
25.5,7,10,10,1975
25.5,7,10,11,1981
25.5,7,10,12,1987
25.5,7,10,13,1993
25.5,7,10,14,1999
25.5,7,10,15,2005
25.5,7,11,0,1920
25.5,7,11,1,1926
25.5,7,11,2,1932
25.5,7,11,3,1939
25.5,7,11,4,1945
25.5,7,11,5,1951
25.5,7,11,6,1957
25.5,7,11,7,1963
25.5,7,11,8,1969
25.5,7,11,9,1975
25.5,7,11,10,1981
25.5,7,11,11,1987
25.5,7,11,12,1993
25.5,7,11,13,1999
25.5,7,11,14,2005
25.5,7,11,15,2011
25.5,7,12,0,1926
25.5,7,12,1,1932
25.5,7,12,2,1938
25.5,7,12,3,1945
25.5,7,12,4,1951
25.5,7,12,5,1957
25.5,7,12,6,1963
25.5,7,12,7,1969
25.5,7,12,8,1975
25.5,7,12,9,1981
25.5,7,12,10,1987
25.5,7,12,11,1993
25.5,7,12,12,1999
25.5,7,12,13,2005
25.5,7,12,14,2011
25.5,7,12,15,2017
25.5,7,13,0,1932
25.5,7,13,1,1938
25.5,7,13,2,1944
25.5,7,13,3,1951
25.5,7,13,4,1957
25.5,7,13,5,1963
25.5,7,13,6,1969
25.5,7,13,7,1975
25.5,7,13,8,1981
25.5,7,13,9,1987
25.5,7,13,10,1993
25.5,7,13,11,1999
25.5,7,13,12,2005
25.5,7,13,13,2011
25.5,7,13,14,2017
25.5,7,13,15,2023
25.5,7,14,0,1938
25.5,7,14,1,1944
25.5,7,14,2,1950
25.5,7,14,3,1957
25.5,7,14,4,1963
25.5,7,14,5,1969
25.5,7,14,6,1975
25.5,7,14,7,1981
25.5,7,14,8,1987
25.5,7,14,9,1993
25.5,7,14,10,2000
25.5,7,14,11,2006
25.5,7,14,12,2012
25.5,7,14,13,2018
25.5,7,14,14,2024
25.5,7,14,15,2030
25.5,7,15,0,1944
25.5,7,15,1,1950
25.5,7,15,2,1956
25.5,7,15,3,1963
25.5,7,15,4,1969
25.5,7,15,5,1975
25.5,7,15,6,1981
25.5,7,15,7,1987
25.5,7,15,8,1993
25.5,7,15,9,2000
25.5,7,15,10,2006
25.5,7,15,11,2012
25.5,7,15,12,2018
25.5,7,15,13,2024
25.5,7,15,14,2030
25.5,7,15,15,2036
25.5,8,0,0,1860
25.5,8,0,1,1866
25.5,8,0,2,1872
25.5,8,0,3,1878
25.5,8,0,4,1884
25.5,8,0,5,1890
25.5,8,0,6,1895
25.5,8,0,7,1901
25.5,8,0,8,1907
25.5,8,0,9,1913
25.5,8,0,10,1919
25.5,8,0,11,1925
25.5,8,0,12,1930
25.5,8,0,13,1936
25.5,8,0,14,1942
25.5,8,0,15,1948
25.5,8,1,0,1866
25.5,8,1,1,1872
25.5,8,1,2,1878
25.5,8,1,3,1884
25.5,8,1,4,1890
25.5,8,1,5,1896
25.5,8,1,6,1902
25.5,8,1,7,1908
25.5,8,1,8,1914
25.5,8,1,9,1919
25.5,8,1,10,1925
25.5,8,1,11,1931
25.5,8,1,12,1937
25.5,8,1,13,1943
25.5,8,1,14,1948
25.5,8,1,15,1954
25.5,8,2,0,1872
25.5,8,2,1,1878
25.5,8,2,2,1884
25.5,8,2,3,1890
25.5,8,2,4,1896
25.5,8,2,5,1902
25.5,8,2,6,1908
25.5,8,2,7,1914
25.5,8,2,8,1920
25.5,8,2,9,1926
25.5,8,2,10,1932
25.5,8,2,11,1938
25.5,8,2,12,1943
25.5,8,2,13,1949
25.5,8,2,14,1955
25.5,8,2,15,1961
25.5,8,3,0,1878
25.5,8,3,1,1884
25.5,8,3,2,1891
25.5,8,3,3,1897
25.5,8,3,4,1903
25.5,8,3,5,1908
25.5,8,3,6,1914
25.5,8,3,7,1920
25.5,8,3,8,1926
25.5,8,3,9,1932
25.5,8,3,10,1938
25.5,8,3,11,1944
25.5,8,3,12,1950
25.5,8,3,13,1956
25.5,8,3,14,1961
25.5,8,3,15,1967
25.5,8,4,0,1885
25.5,8,4,1,1891
25.5,8,4,2,1897
25.5,8,4,3,1903
25.5,8,4,4,1909
25.5,8,4,5,1915
25.5,8,4,6,1921
25.5,8,4,7,1927
25.5,8,4,8,1933
25.5,8,4,9,1939
25.5,8,4,10,1944
25.5,8,4,11,1950
25.5,8,4,12,1956
25.5,8,4,13,1962
25.5,8,4,14,1968
25.5,8,4,15,1974
25.5,8,5,0,1891
25.5,8,5,1,1897
25.5,8,5,2,1903
25.5,8,5,3,1909
25.5,8,5,4,1915
25.5,8,5,5,1921
25.5,8,5,6,1927
25.5,8,5,7,1933
25.5,8,5,8,1939
25.5,8,5,9,1945
25.5,8,5,10,1951
25.5,8,5,11,1957
25.5,8,5,12,1963
25.5,8,5,13,1968
25.5,8,5,14,1974
25.5,8,5,15,1980
25.5,8,6,0,1897
25.5,8,6,1,1903
25.5,8,6,2,1909
25.5,8,6,3,1915
25.5,8,6,4,1921
25.5,8,6,5,1927
25.5,8,6,6,1933
25.5,8,6,7,1939
25.5,8,6,8,1945
25.5,8,6,9,1951
25.5,8,6,10,1957
25.5,8,6,11,1963
25.5,8,6,12,1969
25.5,8,6,13,1975
25.5,8,6,14,1981
25.5,8,6,15,1987
25.5,8,7,0,1903
25.5,8,7,1,1909
25.5,8,7,2,1915
25.5,8,7,3,1921
25.5,8,7,4,1927
25.5,8,7,5,1933
25.5,8,7,6,1939
25.5,8,7,7,1945
25.5,8,7,8,1951
25.5,8,7,9,1957
25.5,8,7,10,1963
25.5,8,7,11,1969
25.5,8,7,12,1975
25.5,8,7,13,1981
25.5,8,7,14,1987
25.5,8,7,15,1993
25.5,8,8,0,1909
25.5,8,8,1,1915
25.5,8,8,2,1921
25.5,8,8,3,1927
25.5,8,8,4,1934
25.5,8,8,5,1940
25.5,8,8,6,1946
25.5,8,8,7,1952
25.5,8,8,8,1958
25.5,8,8,9,1964
25.5,8,8,10,1970
25.5,8,8,11,1976
25.5,8,8,12,1982
25.5,8,8,13,1988
25.5,8,8,14,1993
25.5,8,8,15,1999
25.5,8,9,0,1915
25.5,8,9,1,1921
25.5,8,9,2,1927
25.5,8,9,3,1934
25.5,8,9,4,1940
25.5,8,9,5,1946
25.5,8,9,6,1952
25.5,8,9,7,1958
25.5,8,9,8,1964
25.5,8,9,9,1970
25.5,8,9,10,1976
25.5,8,9,11,1982
25.5,8,9,12,1988
25.5,8,9,13,1994
25.5,8,9,14,2000
25.5,8,9,15,2006
25.5,8,10,0,1921
25.5,8,10,1,1927
25.5,8,10,2,1934
25.5,8,10,3,1940
25.5,8,10,4,1946
25.5,8,10,5,1952
25.5,8,10,6,1958
25.5,8,10,7,1964
25.5,8,10,8,1970
25.5,8,10,9,1976
25.5,8,10,10,1982
25.5,8,10,11,1988
25.5,8,10,12,1994
25.5,8,10,13,2000
25.5,8,10,14,2006
25.5,8,10,15,2012
25.5,8,11,0,1927
25.5,8,11,1,1933
25.5,8,11,2,1940
25.5,8,11,3,1946
25.5,8,11,4,1952
25.5,8,11,5,1958
25.5,8,11,6,1964
25.5,8,11,7,1970
25.5,8,11,8,1976
25.5,8,11,9,1982
25.5,8,11,10,1988
25.5,8,11,11,1994
25.5,8,11,12,2000
25.5,8,11,13,2006
25.5,8,11,14,2012
25.5,8,11,15,2018
25.5,8,12,0,1933
25.5,8,12,1,1939
25.5,8,12,2,1946
25.5,8,12,3,1952
25.5,8,12,4,1958
25.5,8,12,5,1964
25.5,8,12,6,1970
25.5,8,12,7,1976
25.5,8,12,8,1983
25.5,8,12,9,1989
25.5,8,12,10,1995
25.5,8,12,11,2001
25.5,8,12,12,2007
25.5,8,12,13,2013
25.5,8,12,14,2019
25.5,8,12,15,2025
25.5,8,13,0,1939
25.5,8,13,1,1945
25.5,8,13,2,1952
25.5,8,13,3,1958
25.5,8,13,4,1964
25.5,8,13,5,1970
25.5,8,13,6,1976
25.5,8,13,7,1983
25.5,8,13,8,1989
25.5,8,13,9,1995
25.5,8,13,10,2001
25.5,8,13,11,2007
25.5,8,13,12,2013
25.5,8,13,13,2019
25.5,8,13,14,2025
25.5,8,13,15,2031
25.5,8,14,0,1945
25.5,8,14,1,1951
25.5,8,14,2,1958
25.5,8,14,3,1964
25.5,8,14,4,1970
25.5,8,14,5,1976
25.5,8,14,6,1983
25.5,8,14,7,1989
25.5,8,14,8,1995
25.5,8,14,9,2001
25.5,8,14,10,2007
25.5,8,14,11,2013
25.5,8,14,12,2019
25.5,8,14,13,2025
25.5,8,14,14,2031
25.5,8,14,15,2037
25.5,8,15,0,1951
25.5,8,15,1,1957
25.5,8,15,2,1964
25.5,8,15,3,1970
25.5,8,15,4,1976
25.5,8,15,5,1982
25.5,8,15,6,1989
25.5,8,15,7,1995
25.5,8,15,8,2001
25.5,8,15,9,2007
25.5,8,15,10,2013
25.5,8,15,11,2019
25.5,8,15,12,2025
25.5,8,15,13,2031
25.5,8,15,14,2037
25.5,8,15,15,2043
25.5,9,0,0,1867
25.5,9,0,1,1873
25.5,9,0,2,1879
25.5,9,0,3,1885
25.5,9,0,4,1891
25.5,9,0,5,1897
25.5,9,0,6,1903
25.5,9,0,7,1908
25.5,9,0,8,1914
25.5,9,0,9,1920
25.5,9,0,10,1926
25.5,9,0,11,1932
25.5,9,0,12,1938
25.5,9,0,13,1943
25.5,9,0,14,1949
25.5,9,0,15,1955
25.5,9,1,0,1873
25.5,9,1,1,1879
25.5,9,1,2,1885
25.5,9,1,3,1891
25.5,9,1,4,1897
25.5,9,1,5,1903
25.5,9,1,6,1909
25.5,9,1,7,1915
25.5,9,1,8,1921
25.5,9,1,9,1927
25.5,9,1,10,1932
25.5,9,1,11,1938
25.5,9,1,12,1944
25.5,9,1,13,1950
25.5,9,1,14,1956
25.5,9,1,15,1962
25.5,9,2,0,1879
25.5,9,2,1,1885
25.5,9,2,2,1891
25.5,9,2,3,1897
25.5,9,2,4,1903
25.5,9,2,5,1909
25.5,9,2,6,1915
25.5,9,2,7,1921
25.5,9,2,8,1927
25.5,9,2,9,1933
25.5,9,2,10,1939
25.5,9,2,11,1945
25.5,9,2,12,1951
25.5,9,2,13,1956
25.5,9,2,14,1962
25.5,9,2,15,1968
25.5,9,3,0,1885
25.5,9,3,1,1891
25.5,9,3,2,1898
25.5,9,3,3,1904
25.5,9,3,4,1910
25.5,9,3,5,1916
25.5,9,3,6,1922
25.5,9,3,7,1928
25.5,9,3,8,1933
25.5,9,3,9,1939
25.5,9,3,10,1945
25.5,9,3,11,1951
25.5,9,3,12,1957
25.5,9,3,13,1963
25.5,9,3,14,1969
25.5,9,3,15,1975
25.5,9,4,0,1892
25.5,9,4,1,1898
25.5,9,4,2,1904
25.5,9,4,3,1910
25.5,9,4,4,1916
25.5,9,4,5,1922
25.5,9,4,6,1928
25.5,9,4,7,1934
25.5,9,4,8,1940
25.5,9,4,9,1946
25.5,9,4,10,1952
25.5,9,4,11,1958
25.5,9,4,12,1963
25.5,9,4,13,1969
25.5,9,4,14,1975
25.5,9,4,15,1981
25.5,9,5,0,1898
25.5,9,5,1,1904
25.5,9,5,2,1910
25.5,9,5,3,1916
25.5,9,5,4,1922
25.5,9,5,5,1928
25.5,9,5,6,1934
25.5,9,5,7,1940
25.5,9,5,8,1946
25.5,9,5,9,1952
25.5,9,5,10,1958
25.5,9,5,11,1964
25.5,9,5,12,1970
25.5,9,5,13,1976
25.5,9,5,14,1982
25.5,9,5,15,1988
25.5,9,6,0,1904
25.5,9,6,1,1910
25.5,9,6,2,1916
25.5,9,6,3,1922
25.5,9,6,4,1928
25.5,9,6,5,1934
25.5,9,6,6,1940
25.5,9,6,7,1946
25.5,9,6,8,1952
25.5,9,6,9,1958
25.5,9,6,10,1964
25.5,9,6,11,1970
25.5,9,6,12,1976
25.5,9,6,13,1982
25.5,9,6,14,1988
25.5,9,6,15,1994
25.5,9,7,0,1910
25.5,9,7,1,1916
25.5,9,7,2,1922
25.5,9,7,3,1928
25.5,9,7,4,1935
25.5,9,7,5,1941
25.5,9,7,6,1947
25.5,9,7,7,1953
25.5,9,7,8,1959
25.5,9,7,9,1965
25.5,9,7,10,1971
25.5,9,7,11,1977
25.5,9,7,12,1983
25.5,9,7,13,1989
25.5,9,7,14,1994
25.5,9,7,15,2000
25.5,9,8,0,1916
25.5,9,8,1,1922
25.5,9,8,2,1929
25.5,9,8,3,1935
25.5,9,8,4,1941
25.5,9,8,5,1947
25.5,9,8,6,1953
25.5,9,8,7,1959
25.5,9,8,8,1965
25.5,9,8,9,1971
25.5,9,8,10,1977
25.5,9,8,11,1983
25.5,9,8,12,1989
25.5,9,8,13,1995
25.5,9,8,14,2001
25.5,9,8,15,2007
25.5,9,9,0,1922
25.5,9,9,1,1928
25.5,9,9,2,1935
25.5,9,9,3,1941
25.5,9,9,4,1947
25.5,9,9,5,1953
25.5,9,9,6,1959
25.5,9,9,7,1965
25.5,9,9,8,1971
25.5,9,9,9,1977
25.5,9,9,10,1983
25.5,9,9,11,1989
25.5,9,9,12,1995
25.5,9,9,13,2001
25.5,9,9,14,2007
25.5,9,9,15,2013
25.5,9,10,0,1928
25.5,9,10,1,1935
25.5,9,10,2,1941
25.5,9,10,3,1947
25.5,9,10,4,1953
25.5,9,10,5,1959
25.5,9,10,6,1965
25.5,9,10,7,1971
25.5,9,10,8,1977
25.5,9,10,9,1984
25.5,9,10,10,1990
25.5,9,10,11,1996
25.5,9,10,12,2002
25.5,9,10,13,2008
25.5,9,10,14,2014
25.5,9,10,15,2020
25.5,9,11,0,1934
25.5,9,11,1,1941
25.5,9,11,2,1947
25.5,9,11,3,1953
25.5,9,11,4,1959
25.5,9,11,5,1965
25.5,9,11,6,1971
25.5,9,11,7,1978
25.5,9,11,8,1984
25.5,9,11,9,1990
25.5,9,11,10,1996
25.5,9,11,11,2002
25.5,9,11,12,2008
25.5,9,11,13,2014
25.5,9,11,14,2020
25.5,9,11,15,2026
25.5,9,12,0,1940
25.5,9,12,1,1947
25.5,9,12,2,1953
25.5,9,12,3,1959
25.5,9,12,4,1965
25.5,9,12,5,1971
25.5,9,12,6,1978
25.5,9,12,7,1984
25.5,9,12,8,1990
25.5,9,12,9,1996
25.5,9,12,10,2002
25.5,9,12,11,2008
25.5,9,12,12,2014
25.5,9,12,13,2020
25.5,9,12,14,2026
25.5,9,12,15,2032
25.5,9,13,0,1946
25.5,9,13,1,1953
25.5,9,13,2,1959
25.5,9,13,3,1965
25.5,9,13,4,1971
25.5,9,13,5,1978
25.5,9,13,6,1984
25.5,9,13,7,1990
25.5,9,13,8,1996
25.5,9,13,9,2002
25.5,9,13,10,2008
25.5,9,13,11,2014
25.5,9,13,12,2020
25.5,9,13,13,2026
25.5,9,13,14,2032
25.5,9,13,15,2038
25.5,9,14,0,1952
25.5,9,14,1,1959
25.5,9,14,2,1965
25.5,9,14,3,1971
25.5,9,14,4,1977
25.5,9,14,5,1984
25.5,9,14,6,1990
25.5,9,14,7,1996
25.5,9,14,8,2002
25.5,9,14,9,2008
25.5,9,14,10,2014
25.5,9,14,11,2021
25.5,9,14,12,2027
25.5,9,14,13,2033
25.5,9,14,14,2039
25.5,9,14,15,2045
25.5,9,15,0,1958
25.5,9,15,1,1965
25.5,9,15,2,1971
25.5,9,15,3,1977
25.5,9,15,4,1984
25.5,9,15,5,1990
25.5,9,15,6,1996
25.5,9,15,7,2002
25.5,9,15,8,2008
25.5,9,15,9,2015
25.5,9,15,10,2021
25.5,9,15,11,2027
25.5,9,15,12,2033
25.5,9,15,13,2039
25.5,9,15,14,2045
25.5,9,15,15,2051
25.5,10,0,0,1874
25.5,10,0,1,1880
25.5,10,0,2,1886
25.5,10,0,3,1892
25.5,10,0,4,1898
25.5,10,0,5,1904
25.5,10,0,6,1910
25.5,10,0,7,1915
25.5,10,0,8,1921
25.5,10,0,9,1927
25.5,10,0,10,1933
25.5,10,0,11,1939
25.5,10,0,12,1945
25.5,10,0,13,1951
25.5,10,0,14,1956
25.5,10,0,15,1962
25.5,10,1,0,1880
25.5,10,1,1,1886
25.5,10,1,2,1892
25.5,10,1,3,1898
25.5,10,1,4,1904
25.5,10,1,5,1910
25.5,10,1,6,1916
25.5,10,1,7,1922
25.5,10,1,8,1928
25.5,10,1,9,1934
25.5,10,1,10,1940
25.5,10,1,11,1945
25.5,10,1,12,1951
25.5,10,1,13,1957
25.5,10,1,14,1963
25.5,10,1,15,1969
25.5,10,2,0,1886
25.5,10,2,1,1892
25.5,10,2,2,1898
25.5,10,2,3,1904
25.5,10,2,4,1910
25.5,10,2,5,1916
25.5,10,2,6,1922
25.5,10,2,7,1928
25.5,10,2,8,1934
25.5,10,2,9,1940
25.5,10,2,10,1946
25.5,10,2,11,1952
25.5,10,2,12,1958
25.5,10,2,13,1964
25.5,10,2,14,1970
25.5,10,2,15,1975
25.5,10,3,0,1892
25.5,10,3,1,1898
25.5,10,3,2,1905
25.5,10,3,3,1911
25.5,10,3,4,1917
25.5,10,3,5,1923
25.5,10,3,6,1929
25.5,10,3,7,1935
25.5,10,3,8,1941
25.5,10,3,9,1947
25.5,10,3,10,1953
25.5,10,3,11,1958
25.5,10,3,12,1964
25.5,10,3,13,1970
25.5,10,3,14,1976
25.5,10,3,15,1982
25.5,10,4,0,1899
25.5,10,4,1,1905
25.5,10,4,2,1911
25.5,10,4,3,1917
25.5,10,4,4,1923
25.5,10,4,5,1929
25.5,10,4,6,1935
25.5,10,4,7,1941
25.5,10,4,8,1947
25.5,10,4,9,1953
25.5,10,4,10,1959
25.5,10,4,11,1965
25.5,10,4,12,1971
25.5,10,4,13,1977
25.5,10,4,14,1983
25.5,10,4,15,1988
25.5,10,5,0,1905
25.5,10,5,1,1911
25.5,10,5,2,1917
25.5,10,5,3,1923
25.5,10,5,4,1929
25.5,10,5,5,1935
25.5,10,5,6,1941
25.5,10,5,7,1947
25.5,10,5,8,1953
25.5,10,5,9,1959
25.5,10,5,10,1965
25.5,10,5,11,1971
25.5,10,5,12,1977
25.5,10,5,13,1983
25.5,10,5,14,1989
25.5,10,5,15,1995
25.5,10,6,0,1911
25.5,10,6,1,1917
25.5,10,6,2,1923
25.5,10,6,3,1929
25.5,10,6,4,1935
25.5,10,6,5,1942
25.5,10,6,6,1948
25.5,10,6,7,1954
25.5,10,6,8,1960
25.5,10,6,9,1966
25.5,10,6,10,1972
25.5,10,6,11,1978
25.5,10,6,12,1984
25.5,10,6,13,1990
25.5,10,6,14,1995
25.5,10,6,15,2001
25.5,10,7,0,1917
25.5,10,7,1,1923
25.5,10,7,2,1929
25.5,10,7,3,1936
25.5,10,7,4,1942
25.5,10,7,5,1948
25.5,10,7,6,1954
25.5,10,7,7,1960
25.5,10,7,8,1966
25.5,10,7,9,1972
25.5,10,7,10,1978
25.5,10,7,11,1984
25.5,10,7,12,1990
25.5,10,7,13,1996
25.5,10,7,14,2002
25.5,10,7,15,2008
25.5,10,8,0,1923
25.5,10,8,1,1929
25.5,10,8,2,1936
25.5,10,8,3,1942
25.5,10,8,4,1948
25.5,10,8,5,1954
25.5,10,8,6,1960
25.5,10,8,7,1966
25.5,10,8,8,1972
25.5,10,8,9,1978
25.5,10,8,10,1984
25.5,10,8,11,1990
25.5,10,8,12,1996
25.5,10,8,13,2002
25.5,10,8,14,2008
25.5,10,8,15,2014
25.5,10,9,0,1929
25.5,10,9,1,1936
25.5,10,9,2,1942
25.5,10,9,3,1948
25.5,10,9,4,1954
25.5,10,9,5,1960
25.5,10,9,6,1966
25.5,10,9,7,1972
25.5,10,9,8,1979
25.5,10,9,9,1985
25.5,10,9,10,1991
25.5,10,9,11,1997
25.5,10,9,12,2003
25.5,10,9,13,2009
25.5,10,9,14,2015
25.5,10,9,15,2021
25.5,10,10,0,1935
25.5,10,10,1,1942
25.5,10,10,2,1948
25.5,10,10,3,1954
25.5,10,10,4,1960
25.5,10,10,5,1966
25.5,10,10,6,1973
25.5,10,10,7,1979
25.5,10,10,8,1985
25.5,10,10,9,1991
25.5,10,10,10,1997
25.5,10,10,11,2003
25.5,10,10,12,2009
25.5,10,10,13,2015
25.5,10,10,14,2021
25.5,10,10,15,2027
25.5,10,11,0,1942
25.5,10,11,1,1948
25.5,10,11,2,1954
25.5,10,11,3,1960
25.5,10,11,4,1966
25.5,10,11,5,1973
25.5,10,11,6,1979
25.5,10,11,7,1985
25.5,10,11,8,1991
25.5,10,11,9,1997
25.5,10,11,10,2003
25.5,10,11,11,2009
25.5,10,11,12,2015
25.5,10,11,13,2021
25.5,10,11,14,2027
25.5,10,11,15,2033
25.5,10,12,0,1948
25.5,10,12,1,1954
25.5,10,12,2,1960
25.5,10,12,3,1966
25.5,10,12,4,1973
25.5,10,12,5,1979
25.5,10,12,6,1985
25.5,10,12,7,1991
25.5,10,12,8,1997
25.5,10,12,9,2003
25.5,10,12,10,2009
25.5,10,12,11,2016
25.5,10,12,12,2022
25.5,10,12,13,2028
25.5,10,12,14,2034
25.5,10,12,15,2040
25.5,10,13,0,1954
25.5,10,13,1,1960
25.5,10,13,2,1966
25.5,10,13,3,1972
25.5,10,13,4,1979
25.5,10,13,5,1985
25.5,10,13,6,1991
25.5,10,13,7,1997
25.5,10,13,8,2003
25.5,10,13,9,2010
25.5,10,13,10,2016
25.5,10,13,11,2022
25.5,10,13,12,2028
25.5,10,13,13,2034
25.5,10,13,14,2040
25.5,10,13,15,2046
25.5,10,14,0,1960
25.5,10,14,1,1966
25.5,10,14,2,1972
25.5,10,14,3,1979
25.5,10,14,4,1985
25.5,10,14,5,1991
25.5,10,14,6,1997
25.5,10,14,7,2003
25.5,10,14,8,2010
25.5,10,14,9,2016
25.5,10,14,10,2022
25.5,10,14,11,2028
25.5,10,14,12,2034
25.5,10,14,13,2040
25.5,10,14,14,2046
25.5,10,14,15,2052
25.5,10,15,0,1966
25.5,10,15,1,1972
25.5,10,15,2,1978
25.5,10,15,3,1985
25.5,10,15,4,1991
25.5,10,15,5,1997
25.5,10,15,6,2003
25.5,10,15,7,2010
25.5,10,15,8,2016
25.5,10,15,9,2022
25.5,10,15,10,2028
25.5,10,15,11,2034
25.5,10,15,12,2040
25.5,10,15,13,2046
25.5,10,15,14,2053
25.5,10,15,15,2059
25.5,11,0,0,1881
25.5,11,0,1,1887
25.5,11,0,2,1893
25.5,11,0,3,1899
25.5,11,0,4,1905
25.5,11,0,5,1911
25.5,11,0,6,1917
25.5,11,0,7,1923
25.5,11,0,8,1928
25.5,11,0,9,1934
25.5,11,0,10,1940
25.5,11,0,11,1946
25.5,11,0,12,1952
25.5,11,0,13,1958
25.5,11,0,14,1964
25.5,11,0,15,1969
25.5,11,1,0,1887
25.5,11,1,1,1893
25.5,11,1,2,1899
25.5,11,1,3,1905
25.5,11,1,4,1911
25.5,11,1,5,1917
25.5,11,1,6,1923
25.5,11,1,7,1929
25.5,11,1,8,1935
25.5,11,1,9,1941
25.5,11,1,10,1947
25.5,11,1,11,1953
25.5,11,1,12,1959
25.5,11,1,13,1964
25.5,11,1,14,1970
25.5,11,1,15,1976
25.5,11,2,0,1893
25.5,11,2,1,1899
25.5,11,2,2,1905
25.5,11,2,3,1911
25.5,11,2,4,1917
25.5,11,2,5,1923
25.5,11,2,6,1929
25.5,11,2,7,1935
25.5,11,2,8,1941
25.5,11,2,9,1947
25.5,11,2,10,1953
25.5,11,2,11,1959
25.5,11,2,12,1965
25.5,11,2,13,1971
25.5,11,2,14,1977
25.5,11,2,15,1983
25.5,11,3,0,1899
25.5,11,3,1,1905
25.5,11,3,2,1912
25.5,11,3,3,1918
25.5,11,3,4,1924
25.5,11,3,5,1930
25.5,11,3,6,1936
25.5,11,3,7,1942
25.5,11,3,8,1948
25.5,11,3,9,1954
25.5,11,3,10,1960
25.5,11,3,11,1966
25.5,11,3,12,1972
25.5,11,3,13,1977
25.5,11,3,14,1983
25.5,11,3,15,1989
25.5,11,4,0,1906
25.5,11,4,1,1912
25.5,11,4,2,1918
25.5,11,4,3,1924
25.5,11,4,4,1930
25.5,11,4,5,1936
25.5,11,4,6,1942
25.5,11,4,7,1948
25.5,11,4,8,1954
25.5,11,4,9,1960
25.5,11,4,10,1966
25.5,11,4,11,1972
25.5,11,4,12,1978
25.5,11,4,13,1984
25.5,11,4,14,1990
25.5,11,4,15,1996
25.5,11,5,0,1912
25.5,11,5,1,1918
25.5,11,5,2,1924
25.5,11,5,3,1930
25.5,11,5,4,1936
25.5,11,5,5,1942
25.5,11,5,6,1948
25.5,11,5,7,1955
25.5,11,5,8,1961
25.5,11,5,9,1967
25.5,11,5,10,1973
25.5,11,5,11,1979
25.5,11,5,12,1984
25.5,11,5,13,1990
25.5,11,5,14,1996
25.5,11,5,15,2002
25.5,11,6,0,1918
25.5,11,6,1,1924
25.5,11,6,2,1930
25.5,11,6,3,1937
25.5,11,6,4,1943
25.5,11,6,5,1949
25.5,11,6,6,1955
25.5,11,6,7,1961
25.5,11,6,8,1967
25.5,11,6,9,1973
25.5,11,6,10,1979
25.5,11,6,11,1985
25.5,11,6,12,1991
25.5,11,6,13,1997
25.5,11,6,14,2003
25.5,11,6,15,2009
25.5,11,7,0,1924
25.5,11,7,1,1930
25.5,11,7,2,1937
25.5,11,7,3,1943
25.5,11,7,4,1949
25.5,11,7,5,1955
25.5,11,7,6,1961
25.5,11,7,7,1967
25.5,11,7,8,1973
25.5,11,7,9,1979
25.5,11,7,10,1985
25.5,11,7,11,1991
25.5,11,7,12,1997
25.5,11,7,13,2003
25.5,11,7,14,2009
25.5,11,7,15,2015
25.5,11,8,0,1930
25.5,11,8,1,1937
25.5,11,8,2,1943
25.5,11,8,3,1949
25.5,11,8,4,1955
25.5,11,8,5,1961
25.5,11,8,6,1967
25.5,11,8,7,1973
25.5,11,8,8,1980
25.5,11,8,9,1986
25.5,11,8,10,1992
25.5,11,8,11,1998
25.5,11,8,12,2004
25.5,11,8,13,2010
25.5,11,8,14,2016
25.5,11,8,15,2022
25.5,11,9,0,1937
25.5,11,9,1,1943
25.5,11,9,2,1949
25.5,11,9,3,1955
25.5,11,9,4,1961
25.5,11,9,5,1968
25.5,11,9,6,1974
25.5,11,9,7,1980
25.5,11,9,8,1986
25.5,11,9,9,1992
25.5,11,9,10,1998
25.5,11,9,11,2004
25.5,11,9,12,2010
25.5,11,9,13,2016
25.5,11,9,14,2022
25.5,11,9,15,2028
25.5,11,10,0,1943
25.5,11,10,1,1949
25.5,11,10,2,1955
25.5,11,10,3,1961
25.5,11,10,4,1968
25.5,11,10,5,1974
25.5,11,10,6,1980
25.5,11,10,7,1986
25.5,11,10,8,1992
25.5,11,10,9,1998
25.5,11,10,10,2004
25.5,11,10,11,2010
25.5,11,10,12,2016
25.5,11,10,13,2022
25.5,11,10,14,2028
25.5,11,10,15,2034
25.5,11,11,0,1949
25.5,11,11,1,1955
25.5,11,11,2,1961
25.5,11,11,3,1968
25.5,11,11,4,1974
25.5,11,11,5,1980
25.5,11,11,6,1986
25.5,11,11,7,1992
25.5,11,11,8,1998
25.5,11,11,9,2005
25.5,11,11,10,2011
25.5,11,11,11,2017
25.5,11,11,12,2023
25.5,11,11,13,2029
25.5,11,11,14,2035
25.5,11,11,15,2041
25.5,11,12,0,1955
25.5,11,12,1,1961
25.5,11,12,2,1967
25.5,11,12,3,1974
25.5,11,12,4,1980
25.5,11,12,5,1986
25.5,11,12,6,1992
25.5,11,12,7,1998
25.5,11,12,8,2005
25.5,11,12,9,2011
25.5,11,12,10,2017
25.5,11,12,11,2023
25.5,11,12,12,2029
25.5,11,12,13,2035
25.5,11,12,14,2041
25.5,11,12,15,2047
25.5,11,13,0,1961
25.5,11,13,1,1967
25.5,11,13,2,1973
25.5,11,13,3,1980
25.5,11,13,4,1986
25.5,11,13,5,1992
25.5,11,13,6,1998
25.5,11,13,7,2005
25.5,11,13,8,2011
25.5,11,13,9,2017
25.5,11,13,10,2023
25.5,11,13,11,2029
25.5,11,13,12,2035
25.5,11,13,13,2041
25.5,11,13,14,2048
25.5,11,13,15,2054
25.5,11,14,0,1967
25.5,11,14,1,1973
25.5,11,14,2,1980
25.5,11,14,3,1986
25.5,11,14,4,1992
25.5,11,14,5,1998
25.5,11,14,6,2005
25.5,11,14,7,2011
25.5,11,14,8,2017
25.5,11,14,9,2023
25.5,11,14,10,2029
25.5,11,14,11,2036
25.5,11,14,12,2042
25.5,11,14,13,2048
25.5,11,14,14,2054
25.5,11,14,15,2060
25.5,11,15,0,1973
25.5,11,15,1,1979
25.5,11,15,2,1986
25.5,11,15,3,1992
25.5,11,15,4,1998
25.5,11,15,5,2005
25.5,11,15,6,2011
25.5,11,15,7,2017
25.5,11,15,8,2023
25.5,11,15,9,2029
25.5,11,15,10,2036
25.5,11,15,11,2042
25.5,11,15,12,2048
25.5,11,15,13,2054
25.5,11,15,14,2060
25.5,11,15,15,2066
25.5,12,0,0,1887
25.5,12,0,1,1894
25.5,12,0,2,1900
25.5,12,0,3,1906
25.5,12,0,4,1912
25.5,12,0,5,1918
25.5,12,0,6,1924
25.5,12,0,7,1930
25.5,12,0,8,1936
25.5,12,0,9,1941
25.5,12,0,10,1947
25.5,12,0,11,1953
25.5,12,0,12,1959
25.5,12,0,13,1965
25.5,12,0,14,1971
25.5,12,0,15,1977
25.5,12,1,0,1894
25.5,12,1,1,1900
25.5,12,1,2,1906
25.5,12,1,3,1912
25.5,12,1,4,1918
25.5,12,1,5,1924
25.5,12,1,6,1930
25.5,12,1,7,1936
25.5,12,1,8,1942
25.5,12,1,9,1948
25.5,12,1,10,1954
25.5,12,1,11,1960
25.5,12,1,12,1966
25.5,12,1,13,1972
25.5,12,1,14,1977
25.5,12,1,15,1983
25.5,12,2,0,1900
25.5,12,2,1,1906
25.5,12,2,2,1912
25.5,12,2,3,1918
25.5,12,2,4,1924
25.5,12,2,5,1930
25.5,12,2,6,1937
25.5,12,2,7,1943
25.5,12,2,8,1949
25.5,12,2,9,1954
25.5,12,2,10,1960
25.5,12,2,11,1966
25.5,12,2,12,1972
25.5,12,2,13,1978
25.5,12,2,14,1984
25.5,12,2,15,1990
25.5,12,3,0,1906
25.5,12,3,1,1913
25.5,12,3,2,1919
25.5,12,3,3,1925
25.5,12,3,4,1931
25.5,12,3,5,1937
25.5,12,3,6,1943
25.5,12,3,7,1949
25.5,12,3,8,1955
25.5,12,3,9,1961
25.5,12,3,10,1967
25.5,12,3,11,1973
25.5,12,3,12,1979
25.5,12,3,13,1985
25.5,12,3,14,1991
25.5,12,3,15,1997
25.5,12,4,0,1913
25.5,12,4,1,1919
25.5,12,4,2,1925
25.5,12,4,3,1931
25.5,12,4,4,1937
25.5,12,4,5,1943
25.5,12,4,6,1949
25.5,12,4,7,1955
25.5,12,4,8,1961
25.5,12,4,9,1967
25.5,12,4,10,1973
25.5,12,4,11,1979
25.5,12,4,12,1985
25.5,12,4,13,1991
25.5,12,4,14,1997
25.5,12,4,15,2003
25.5,12,5,0,1919
25.5,12,5,1,1925
25.5,12,5,2,1931
25.5,12,5,3,1937
25.5,12,5,4,1943
25.5,12,5,5,1950
25.5,12,5,6,1956
25.5,12,5,7,1962
25.5,12,5,8,1968
25.5,12,5,9,1974
25.5,12,5,10,1980
25.5,12,5,11,1986
25.5,12,5,12,1992
25.5,12,5,13,1998
25.5,12,5,14,2004
25.5,12,5,15,2010
25.5,12,6,0,1925
25.5,12,6,1,1931
25.5,12,6,2,1937
25.5,12,6,3,1944
25.5,12,6,4,1950
25.5,12,6,5,1956
25.5,12,6,6,1962
25.5,12,6,7,1968
25.5,12,6,8,1974
25.5,12,6,9,1980
25.5,12,6,10,1986
25.5,12,6,11,1992
25.5,12,6,12,1998
25.5,12,6,13,2004
25.5,12,6,14,2010
25.5,12,6,15,2016
25.5,12,7,0,1931
25.5,12,7,1,1938
25.5,12,7,2,1944
25.5,12,7,3,1950
25.5,12,7,4,1956
25.5,12,7,5,1962
25.5,12,7,6,1968
25.5,12,7,7,1974
25.5,12,7,8,1981
25.5,12,7,9,1987
25.5,12,7,10,1993
25.5,12,7,11,1999
25.5,12,7,12,2005
25.5,12,7,13,2011
25.5,12,7,14,2017
25.5,12,7,15,2023
25.5,12,8,0,1937
25.5,12,8,1,1944
25.5,12,8,2,1950
25.5,12,8,3,1956
25.5,12,8,4,1962
25.5,12,8,5,1968
25.5,12,8,6,1975
25.5,12,8,7,1981
25.5,12,8,8,1987
25.5,12,8,9,1993
25.5,12,8,10,1999
25.5,12,8,11,2005
25.5,12,8,12,2011
25.5,12,8,13,2017
25.5,12,8,14,2023
25.5,12,8,15,2029
25.5,12,9,0,1944
25.5,12,9,1,1950
25.5,12,9,2,1956
25.5,12,9,3,1962
25.5,12,9,4,1969
25.5,12,9,5,1975
25.5,12,9,6,1981
25.5,12,9,7,1987
25.5,12,9,8,1993
25.5,12,9,9,1999
25.5,12,9,10,2005
25.5,12,9,11,2011
25.5,12,9,12,2017
25.5,12,9,13,2024
25.5,12,9,14,2030
25.5,12,9,15,2036
25.5,12,10,0,1950
25.5,12,10,1,1956
25.5,12,10,2,1962
25.5,12,10,3,1969
25.5,12,10,4,1975
25.5,12,10,5,1981
25.5,12,10,6,1987
25.5,12,10,7,1993
25.5,12,10,8,1999
25.5,12,10,9,2006
25.5,12,10,10,2012
25.5,12,10,11,2018
25.5,12,10,12,2024
25.5,12,10,13,2030
25.5,12,10,14,2036
25.5,12,10,15,2042
25.5,12,11,0,1956
25.5,12,11,1,1962
25.5,12,11,2,1968
25.5,12,11,3,1975
25.5,12,11,4,1981
25.5,12,11,5,1987
25.5,12,11,6,1993
25.5,12,11,7,2000
25.5,12,11,8,2006
25.5,12,11,9,2012
25.5,12,11,10,2018
25.5,12,11,11,2024
25.5,12,11,12,2030
25.5,12,11,13,2036
25.5,12,11,14,2042
25.5,12,11,15,2048
25.5,12,12,0,1962
25.5,12,12,1,1968
25.5,12,12,2,1975
25.5,12,12,3,1981
25.5,12,12,4,1987
25.5,12,12,5,1993
25.5,12,12,6,2000
25.5,12,12,7,2006
25.5,12,12,8,2012
25.5,12,12,9,2018
25.5,12,12,10,2024
25.5,12,12,11,2030
25.5,12,12,12,2037
25.5,12,12,13,2043
25.5,12,12,14,2049
25.5,12,12,15,2055
25.5,12,13,0,1968
25.5,12,13,1,1974
25.5,12,13,2,1981
25.5,12,13,3,1987
25.5,12,13,4,1993
25.5,12,13,5,2000
25.5,12,13,6,2006
25.5,12,13,7,2012
25.5,12,13,8,2018
25.5,12,13,9,2024
25.5,12,13,10,2031
25.5,12,13,11,2037
25.5,12,13,12,2043
25.5,12,13,13,2049
25.5,12,13,14,2055
25.5,12,13,15,2061
25.5,12,14,0,1974
25.5,12,14,1,1981
25.5,12,14,2,1987
25.5,12,14,3,1993
25.5,12,14,4,1999
25.5,12,14,5,2006
25.5,12,14,6,2012
25.5,12,14,7,2018
25.5,12,14,8,2024
25.5,12,14,9,2031
25.5,12,14,10,2037
25.5,12,14,11,2043
25.5,12,14,12,2049
25.5,12,14,13,2055
25.5,12,14,14,2061
25.5,12,14,15,2067
25.5,12,15,0,1980
25.5,12,15,1,1987
25.5,12,15,2,1993
25.5,12,15,3,1999
25.5,12,15,4,2006
25.5,12,15,5,2012
25.5,12,15,6,2018
25.5,12,15,7,2024
25.5,12,15,8,2031
25.5,12,15,9,2037
25.5,12,15,10,2043
25.5,12,15,11,2049
25.5,12,15,12,2055
25.5,12,15,13,2062
25.5,12,15,14,2068
25.5,12,15,15,2074
25.5,13,0,0,1894
25.5,13,0,1,1900
25.5,13,0,2,1907
25.5,13,0,3,1913
25.5,13,0,4,1919
25.5,13,0,5,1925
25.5,13,0,6,1931
25.5,13,0,7,1937
25.5,13,0,8,1943
25.5,13,0,9,1949
25.5,13,0,10,1955
25.5,13,0,11,1960
25.5,13,0,12,1966
25.5,13,0,13,1972
25.5,13,0,14,1978
25.5,13,0,15,1984
25.5,13,1,0,1901
25.5,13,1,1,1907
25.5,13,1,2,1913
25.5,13,1,3,1919
25.5,13,1,4,1925
25.5,13,1,5,1931
25.5,13,1,6,1937
25.5,13,1,7,1943
25.5,13,1,8,1949
25.5,13,1,9,1955
25.5,13,1,10,1961
25.5,13,1,11,1967
25.5,13,1,12,1973
25.5,13,1,13,1979
25.5,13,1,14,1985
25.5,13,1,15,1991
25.5,13,2,0,1907
25.5,13,2,1,1913
25.5,13,2,2,1919
25.5,13,2,3,1925
25.5,13,2,4,1931
25.5,13,2,5,1938
25.5,13,2,6,1944
25.5,13,2,7,1950
25.5,13,2,8,1956
25.5,13,2,9,1962
25.5,13,2,10,1968
25.5,13,2,11,1974
25.5,13,2,12,1980
25.5,13,2,13,1985
25.5,13,2,14,1991
25.5,13,2,15,1997
25.5,13,3,0,1913
25.5,13,3,1,1920
25.5,13,3,2,1926
25.5,13,3,3,1932
25.5,13,3,4,1938
25.5,13,3,5,1944
25.5,13,3,6,1950
25.5,13,3,7,1956
25.5,13,3,8,1962
25.5,13,3,9,1968
25.5,13,3,10,1974
25.5,13,3,11,1980
25.5,13,3,12,1986
25.5,13,3,13,1992
25.5,13,3,14,1998
25.5,13,3,15,2004
25.5,13,4,0,1920
25.5,13,4,1,1926
25.5,13,4,2,1932
25.5,13,4,3,1938
25.5,13,4,4,1944
25.5,13,4,5,1950
25.5,13,4,6,1956
25.5,13,4,7,1963
25.5,13,4,8,1969
25.5,13,4,9,1975
25.5,13,4,10,1981
25.5,13,4,11,1987
25.5,13,4,12,1993
25.5,13,4,13,1999
25.5,13,4,14,2004
25.5,13,4,15,2010
25.5,13,5,0,1926
25.5,13,5,1,1932
25.5,13,5,2,1938
25.5,13,5,3,1944
25.5,13,5,4,1951
25.5,13,5,5,1957
25.5,13,5,6,1963
25.5,13,5,7,1969
25.5,13,5,8,1975
25.5,13,5,9,1981
25.5,13,5,10,1987
25.5,13,5,11,1993
25.5,13,5,12,1999
25.5,13,5,13,2005
25.5,13,5,14,2011
25.5,13,5,15,2017
25.5,13,6,0,1932
25.5,13,6,1,1938
25.5,13,6,2,1945
25.5,13,6,3,1951
25.5,13,6,4,1957
25.5,13,6,5,1963
25.5,13,6,6,1969
25.5,13,6,7,1975
25.5,13,6,8,1981
25.5,13,6,9,1987
25.5,13,6,10,1994
25.5,13,6,11,2000
25.5,13,6,12,2006
25.5,13,6,13,2012
25.5,13,6,14,2018
25.5,13,6,15,2023
25.5,13,7,0,1938
25.5,13,7,1,1945
25.5,13,7,2,1951
25.5,13,7,3,1957
25.5,13,7,4,1963
25.5,13,7,5,1969
25.5,13,7,6,1976
25.5,13,7,7,1982
25.5,13,7,8,1988
25.5,13,7,9,1994
25.5,13,7,10,2000
25.5,13,7,11,2006
25.5,13,7,12,2012
25.5,13,7,13,2018
25.5,13,7,14,2024
25.5,13,7,15,2030
25.5,13,8,0,1945
25.5,13,8,1,1951
25.5,13,8,2,1957
25.5,13,8,3,1963
25.5,13,8,4,1970
25.5,13,8,5,1976
25.5,13,8,6,1982
25.5,13,8,7,1988
25.5,13,8,8,1994
25.5,13,8,9,2000
25.5,13,8,10,2006
25.5,13,8,11,2012
25.5,13,8,12,2018
25.5,13,8,13,2024
25.5,13,8,14,2031
25.5,13,8,15,2037
25.5,13,9,0,1951
25.5,13,9,1,1957
25.5,13,9,2,1963
25.5,13,9,3,1970
25.5,13,9,4,1976
25.5,13,9,5,1982
25.5,13,9,6,1988
25.5,13,9,7,1994
25.5,13,9,8,2000
25.5,13,9,9,2007
25.5,13,9,10,2013
25.5,13,9,11,2019
25.5,13,9,12,2025
25.5,13,9,13,2031
25.5,13,9,14,2037
25.5,13,9,15,2043
25.5,13,10,0,1957
25.5,13,10,1,1963
25.5,13,10,2,1970
25.5,13,10,3,1976
25.5,13,10,4,1982
25.5,13,10,5,1988
25.5,13,10,6,1994
25.5,13,10,7,2001
25.5,13,10,8,2007
25.5,13,10,9,2013
25.5,13,10,10,2019
25.5,13,10,11,2025
25.5,13,10,12,2031
25.5,13,10,13,2037
25.5,13,10,14,2043
25.5,13,10,15,2049
25.5,13,11,0,1963
25.5,13,11,1,1969
25.5,13,11,2,1976
25.5,13,11,3,1982
25.5,13,11,4,1988
25.5,13,11,5,1994
25.5,13,11,6,2001
25.5,13,11,7,2007
25.5,13,11,8,2013
25.5,13,11,9,2019
25.5,13,11,10,2025
25.5,13,11,11,2032
25.5,13,11,12,2038
25.5,13,11,13,2044
25.5,13,11,14,2050
25.5,13,11,15,2056
25.5,13,12,0,1969
25.5,13,12,1,1976
25.5,13,12,2,1982
25.5,13,12,3,1988
25.5,13,12,4,1994
25.5,13,12,5,2001
25.5,13,12,6,2007
25.5,13,12,7,2013
25.5,13,12,8,2019
25.5,13,12,9,2026
25.5,13,12,10,2032
25.5,13,12,11,2038
25.5,13,12,12,2044
25.5,13,12,13,2050
25.5,13,12,14,2056
25.5,13,12,15,2062
25.5,13,13,0,1975
25.5,13,13,1,1982
25.5,13,13,2,1988
25.5,13,13,3,1994
25.5,13,13,4,2001
25.5,13,13,5,2007
25.5,13,13,6,2013
25.5,13,13,7,2019
25.5,13,13,8,2026
25.5,13,13,9,2032
25.5,13,13,10,2038
25.5,13,13,11,2044
25.5,13,13,12,2050
25.5,13,13,13,2056
25.5,13,13,14,2063
25.5,13,13,15,2069
25.5,13,14,0,1981
25.5,13,14,1,1988
25.5,13,14,2,1994
25.5,13,14,3,2000
25.5,13,14,4,2007
25.5,13,14,5,2013
25.5,13,14,6,2019
25.5,13,14,7,2026
25.5,13,14,8,2032
25.5,13,14,9,2038
25.5,13,14,10,2044
25.5,13,14,11,2051
25.5,13,14,12,2057
25.5,13,14,13,2063
25.5,13,14,14,2069
25.5,13,14,15,2075
25.5,13,15,0,1987
25.5,13,15,1,1994
25.5,13,15,2,2000
25.5,13,15,3,2007
25.5,13,15,4,2013
25.5,13,15,5,2019
25.5,13,15,6,2026
25.5,13,15,7,2032
25.5,13,15,8,2038
25.5,13,15,9,2044
25.5,13,15,10,2051
25.5,13,15,11,2057
25.5,13,15,12,2063
25.5,13,15,13,2069
25.5,13,15,14,2075
25.5,13,15,15,2081
25.5,14,0,0,1901
25.5,14,0,1,1907
25.5,14,0,2,1914
25.5,14,0,3,1920
25.5,14,0,4,1926
25.5,14,0,5,1932
25.5,14,0,6,1938
25.5,14,0,7,1944
25.5,14,0,8,1950
25.5,14,0,9,1956
25.5,14,0,10,1962
25.5,14,0,11,1968
25.5,14,0,12,1974
25.5,14,0,13,1979
25.5,14,0,14,1985
25.5,14,0,15,1991
25.5,14,1,0,1908
25.5,14,1,1,1914
25.5,14,1,2,1920
25.5,14,1,3,1926
25.5,14,1,4,1932
25.5,14,1,5,1938
25.5,14,1,6,1944
25.5,14,1,7,1950
25.5,14,1,8,1956
25.5,14,1,9,1962
25.5,14,1,10,1968
25.5,14,1,11,1974
25.5,14,1,12,1980
25.5,14,1,13,1986
25.5,14,1,14,1992
25.5,14,1,15,1998
25.5,14,2,0,1914
25.5,14,2,1,1920
25.5,14,2,2,1926
25.5,14,2,3,1932
25.5,14,2,4,1939
25.5,14,2,5,1945
25.5,14,2,6,1951
25.5,14,2,7,1957
25.5,14,2,8,1963
25.5,14,2,9,1969
25.5,14,2,10,1975
25.5,14,2,11,1981
25.5,14,2,12,1987
25.5,14,2,13,1993
25.5,14,2,14,1999
25.5,14,2,15,2005
25.5,14,3,0,1920
25.5,14,3,1,1927
25.5,14,3,2,1933
25.5,14,3,3,1939
25.5,14,3,4,1945
25.5,14,3,5,1951
25.5,14,3,6,1957
25.5,14,3,7,1963
25.5,14,3,8,1969
25.5,14,3,9,1975
25.5,14,3,10,1981
25.5,14,3,11,1987
25.5,14,3,12,1993
25.5,14,3,13,1999
25.5,14,3,14,2005
25.5,14,3,15,2011
25.5,14,4,0,1927
25.5,14,4,1,1933
25.5,14,4,2,1939
25.5,14,4,3,1945
25.5,14,4,4,1951
25.5,14,4,5,1957
25.5,14,4,6,1964
25.5,14,4,7,1970
25.5,14,4,8,1976
25.5,14,4,9,1982
25.5,14,4,10,1988
25.5,14,4,11,1994
25.5,14,4,12,2000
25.5,14,4,13,2006
25.5,14,4,14,2012
25.5,14,4,15,2018
25.5,14,5,0,1933
25.5,14,5,1,1939
25.5,14,5,2,1945
25.5,14,5,3,1952
25.5,14,5,4,1958
25.5,14,5,5,1964
25.5,14,5,6,1970
25.5,14,5,7,1976
25.5,14,5,8,1982
25.5,14,5,9,1988
25.5,14,5,10,1994
25.5,14,5,11,2000
25.5,14,5,12,2006
25.5,14,5,13,2012
25.5,14,5,14,2018
25.5,14,5,15,2024
25.5,14,6,0,1939
25.5,14,6,1,1945
25.5,14,6,2,1952
25.5,14,6,3,1958
25.5,14,6,4,1964
25.5,14,6,5,1970
25.5,14,6,6,1976
25.5,14,6,7,1983
25.5,14,6,8,1989
25.5,14,6,9,1995
25.5,14,6,10,2001
25.5,14,6,11,2007
25.5,14,6,12,2013
25.5,14,6,13,2019
25.5,14,6,14,2025
25.5,14,6,15,2031
25.5,14,7,0,1945
25.5,14,7,1,1952
25.5,14,7,2,1958
25.5,14,7,3,1964
25.5,14,7,4,1970
25.5,14,7,5,1977
25.5,14,7,6,1983
25.5,14,7,7,1989
25.5,14,7,8,1995
25.5,14,7,9,2001
25.5,14,7,10,2007
25.5,14,7,11,2013
25.5,14,7,12,2019
25.5,14,7,13,2025
25.5,14,7,14,2031
25.5,14,7,15,2037
25.5,14,8,0,1952
25.5,14,8,1,1958
25.5,14,8,2,1964
25.5,14,8,3,1970
25.5,14,8,4,1977
25.5,14,8,5,1983
25.5,14,8,6,1989
25.5,14,8,7,1995
25.5,14,8,8,2001
25.5,14,8,9,2008
25.5,14,8,10,2014
25.5,14,8,11,2020
25.5,14,8,12,2026
25.5,14,8,13,2032
25.5,14,8,14,2038
25.5,14,8,15,2044
25.5,14,9,0,1958
25.5,14,9,1,1964
25.5,14,9,2,1970
25.5,14,9,3,1977
25.5,14,9,4,1983
25.5,14,9,5,1989
25.5,14,9,6,1995
25.5,14,9,7,2002
25.5,14,9,8,2008
25.5,14,9,9,2014
25.5,14,9,10,2020
25.5,14,9,11,2026
25.5,14,9,12,2032
25.5,14,9,13,2038
25.5,14,9,14,2044
25.5,14,9,15,2050
25.5,14,10,0,1964
25.5,14,10,1,1970
25.5,14,10,2,1977
25.5,14,10,3,1983
25.5,14,10,4,1989
25.5,14,10,5,1996
25.5,14,10,6,2002
25.5,14,10,7,2008
25.5,14,10,8,2014
25.5,14,10,9,2020
25.5,14,10,10,2026
25.5,14,10,11,2033
25.5,14,10,12,2039
25.5,14,10,13,2045
25.5,14,10,14,2051
25.5,14,10,15,2057
25.5,14,11,0,1970
25.5,14,11,1,1977
25.5,14,11,2,1983
25.5,14,11,3,1989
25.5,14,11,4,1996
25.5,14,11,5,2002
25.5,14,11,6,2008
25.5,14,11,7,2014
25.5,14,11,8,2020
25.5,14,11,9,2027
25.5,14,11,10,2033
25.5,14,11,11,2039
25.5,14,11,12,2045
25.5,14,11,13,2051
25.5,14,11,14,2057
25.5,14,11,15,2063
25.5,14,12,0,1976
25.5,14,12,1,1983
25.5,14,12,2,1989
25.5,14,12,3,1995
25.5,14,12,4,2002
25.5,14,12,5,2008
25.5,14,12,6,2014
25.5,14,12,7,2021
25.5,14,12,8,2027
25.5,14,12,9,2033
25.5,14,12,10,2039
25.5,14,12,11,2045
25.5,14,12,12,2051
25.5,14,12,13,2058
25.5,14,12,14,2064
25.5,14,12,15,2070
25.5,14,13,0,1983
25.5,14,13,1,1989
25.5,14,13,2,1995
25.5,14,13,3,2002
25.5,14,13,4,2008
25.5,14,13,5,2014
25.5,14,13,6,2021
25.5,14,13,7,2027
25.5,14,13,8,2033
25.5,14,13,9,2039
25.5,14,13,10,2045
25.5,14,13,11,2052
25.5,14,13,12,2058
25.5,14,13,13,2064
25.5,14,13,14,2070
25.5,14,13,15,2076
25.5,14,14,0,1989
25.5,14,14,1,1995
25.5,14,14,2,2001
25.5,14,14,3,2008
25.5,14,14,4,2014
25.5,14,14,5,2020
25.5,14,14,6,2027
25.5,14,14,7,2033
25.5,14,14,8,2039
25.5,14,14,9,2046
25.5,14,14,10,2052
25.5,14,14,11,2058
25.5,14,14,12,2064
25.5,14,14,13,2070
25.5,14,14,14,2077
25.5,14,14,15,2083
25.5,14,15,0,1995
25.5,14,15,1,2001
25.5,14,15,2,2008
25.5,14,15,3,2014
25.5,14,15,4,2020
25.5,14,15,5,2027
25.5,14,15,6,2033
25.5,14,15,7,2039
25.5,14,15,8,2046
25.5,14,15,9,2052
25.5,14,15,10,2058
25.5,14,15,11,2064
25.5,14,15,12,2071
25.5,14,15,13,2077
25.5,14,15,14,2083
25.5,14,15,15,2089
25.5,15,0,0,1908
25.5,15,0,1,1914
25.5,15,0,2,1920
25.5,15,0,3,1927
25.5,15,0,4,1933
25.5,15,0,5,1939
25.5,15,0,6,1945
25.5,15,0,7,1951
25.5,15,0,8,1957
25.5,15,0,9,1963
25.5,15,0,10,1969
25.5,15,0,11,1975
25.5,15,0,12,1981
25.5,15,0,13,1987
25.5,15,0,14,1993
25.5,15,0,15,1998
25.5,15,1,0,1915
25.5,15,1,1,1921
25.5,15,1,2,1927
25.5,15,1,3,1933
25.5,15,1,4,1939
25.5,15,1,5,1945
25.5,15,1,6,1951
25.5,15,1,7,1957
25.5,15,1,8,1963
25.5,15,1,9,1969
25.5,15,1,10,1975
25.5,15,1,11,1981
25.5,15,1,12,1987
25.5,15,1,13,1993
25.5,15,1,14,1999
25.5,15,1,15,2005
25.5,15,2,0,1921
25.5,15,2,1,1927
25.5,15,2,2,1933
25.5,15,2,3,1939
25.5,15,2,4,1946
25.5,15,2,5,1952
25.5,15,2,6,1958
25.5,15,2,7,1964
25.5,15,2,8,1970
25.5,15,2,9,1976
25.5,15,2,10,1982
25.5,15,2,11,1988
25.5,15,2,12,1994
25.5,15,2,13,2000
25.5,15,2,14,2006
25.5,15,2,15,2012
25.5,15,3,0,1927
25.5,15,3,1,1934
25.5,15,3,2,1940
25.5,15,3,3,1946
25.5,15,3,4,1952
25.5,15,3,5,1958
25.5,15,3,6,1964
25.5,15,3,7,1970
25.5,15,3,8,1976
25.5,15,3,9,1982
25.5,15,3,10,1989
25.5,15,3,11,1995
25.5,15,3,12,2001
25.5,15,3,13,2007
25.5,15,3,14,2012
25.5,15,3,15,2018
25.5,15,4,0,1934
25.5,15,4,1,1940
25.5,15,4,2,1946
25.5,15,4,3,1952
25.5,15,4,4,1958
25.5,15,4,5,1965
25.5,15,4,6,1971
25.5,15,4,7,1977
25.5,15,4,8,1983
25.5,15,4,9,1989
25.5,15,4,10,1995
25.5,15,4,11,2001
25.5,15,4,12,2007
25.5,15,4,13,2013
25.5,15,4,14,2019
25.5,15,4,15,2025
25.5,15,5,0,1940
25.5,15,5,1,1946
25.5,15,5,2,1952
25.5,15,5,3,1959
25.5,15,5,4,1965
25.5,15,5,5,1971
25.5,15,5,6,1977
25.5,15,5,7,1983
25.5,15,5,8,1989
25.5,15,5,9,1996
25.5,15,5,10,2002
25.5,15,5,11,2008
25.5,15,5,12,2014
25.5,15,5,13,2020
25.5,15,5,14,2026
25.5,15,5,15,2032
25.5,15,6,0,1946
25.5,15,6,1,1953
25.5,15,6,2,1959
25.5,15,6,3,1965
25.5,15,6,4,1971
25.5,15,6,5,1977
25.5,15,6,6,1984
25.5,15,6,7,1990
25.5,15,6,8,1996
25.5,15,6,9,2002
25.5,15,6,10,2008
25.5,15,6,11,2014
25.5,15,6,12,2020
25.5,15,6,13,2026
25.5,15,6,14,2032
25.5,15,6,15,2038
25.5,15,7,0,1953
25.5,15,7,1,1959
25.5,15,7,2,1965
25.5,15,7,3,1971
25.5,15,7,4,1978
25.5,15,7,5,1984
25.5,15,7,6,1990
25.5,15,7,7,1996
25.5,15,7,8,2002
25.5,15,7,9,2008
25.5,15,7,10,2015
25.5,15,7,11,2021
25.5,15,7,12,2027
25.5,15,7,13,2033
25.5,15,7,14,2039
25.5,15,7,15,2045
25.5,15,8,0,1959
25.5,15,8,1,1965
25.5,15,8,2,1971
25.5,15,8,3,1978
25.5,15,8,4,1984
25.5,15,8,5,1990
25.5,15,8,6,1996
25.5,15,8,7,2003
25.5,15,8,8,2009
25.5,15,8,9,2015
25.5,15,8,10,2021
25.5,15,8,11,2027
25.5,15,8,12,2033
25.5,15,8,13,2039
25.5,15,8,14,2045
25.5,15,8,15,2051
25.5,15,9,0,1965
25.5,15,9,1,1971
25.5,15,9,2,1978
25.5,15,9,3,1984
25.5,15,9,4,1990
25.5,15,9,5,1996
25.5,15,9,6,2003
25.5,15,9,7,2009
25.5,15,9,8,2015
25.5,15,9,9,2021
25.5,15,9,10,2027
25.5,15,9,11,2034
25.5,15,9,12,2040
25.5,15,9,13,2046
25.5,15,9,14,2052
25.5,15,9,15,2058
25.5,15,10,0,1971
25.5,15,10,1,1978
25.5,15,10,2,1984
25.5,15,10,3,1990
25.5,15,10,4,1996
25.5,15,10,5,2003
25.5,15,10,6,2009
25.5,15,10,7,2015
25.5,15,10,8,2021
25.5,15,10,9,2028
25.5,15,10,10,2034
25.5,15,10,11,2040
25.5,15,10,12,2046
25.5,15,10,13,2052
25.5,15,10,14,2058
25.5,15,10,15,2064
25.5,15,11,0,1977
25.5,15,11,1,1984
25.5,15,11,2,1990
25.5,15,11,3,1996
25.5,15,11,4,2003
25.5,15,11,5,2009
25.5,15,11,6,2015
25.5,15,11,7,2022
25.5,15,11,8,2028
25.5,15,11,9,2034
25.5,15,11,10,2040
25.5,15,11,11,2046
25.5,15,11,12,2053
25.5,15,11,13,2059
25.5,15,11,14,2065
25.5,15,11,15,2071
25.5,15,12,0,1984
25.5,15,12,1,1990
25.5,15,12,2,1996
25.5,15,12,3,2003
25.5,15,12,4,2009
25.5,15,12,5,2015
25.5,15,12,6,2022
25.5,15,12,7,2028
25.5,15,12,8,2034
25.5,15,12,9,2040
25.5,15,12,10,2047
25.5,15,12,11,2053
25.5,15,12,12,2059
25.5,15,12,13,2065
25.5,15,12,14,2071
25.5,15,12,15,2077
25.5,15,13,0,1990
25.5,15,13,1,1996
25.5,15,13,2,2003
25.5,15,13,3,2009
25.5,15,13,4,2015
25.5,15,13,5,2022
25.5,15,13,6,2028
25.5,15,13,7,2034
25.5,15,13,8,2040
25.5,15,13,9,2047
25.5,15,13,10,2053
25.5,15,13,11,2059
25.5,15,13,12,2065
25.5,15,13,13,2072
25.5,15,13,14,2078
25.5,15,13,15,2084
25.5,15,14,0,1996
25.5,15,14,1,2002
25.5,15,14,2,2009
25.5,15,14,3,2015
25.5,15,14,4,2021
25.5,15,14,5,2028
25.5,15,14,6,2034
25.5,15,14,7,2040
25.5,15,14,8,2047
25.5,15,14,9,2053
25.5,15,14,10,2059
25.5,15,14,11,2065
25.5,15,14,12,2072
25.5,15,14,13,2078
25.5,15,14,14,2084
25.5,15,14,15,2090
25.5,15,15,0,2002
25.5,15,15,1,2008
25.5,15,15,2,2015
25.5,15,15,3,2021
25.5,15,15,4,2028
25.5,15,15,5,2034
25.5,15,15,6,2040
25.5,15,15,7,2047
25.5,15,15,8,2053
25.5,15,15,9,2059
25.5,15,15,10,2066
25.5,15,15,11,2072
25.5,15,15,12,2078
25.5,15,15,13,2084
25.5,15,15,14,2090
25.5,15,15,15,2097
26.0,0,0,0,1840
26.0,0,0,1,1846
26.0,0,0,2,1852
26.0,0,0,3,1858
26.0,0,0,4,1863
26.0,0,0,5,1869
26.0,0,0,6,1875
26.0,0,0,7,1881
26.0,0,0,8,1887
26.0,0,0,9,1893
26.0,0,0,10,1898
26.0,0,0,11,1904
26.0,0,0,12,1910
26.0,0,0,13,1915
26.0,0,0,14,1921
26.0,0,0,15,1927
26.0,0,1,0,1846
26.0,0,1,1,1852
26.0,0,1,2,1858
26.0,0,1,3,1864
26.0,0,1,4,1870
26.0,0,1,5,1876
26.0,0,1,6,1881
26.0,0,1,7,1887
26.0,0,1,8,1893
26.0,0,1,9,1899
26.0,0,1,10,1905
26.0,0,1,11,1910
26.0,0,1,12,1916
26.0,0,1,13,1922
26.0,0,1,14,1928
26.0,0,1,15,1933
26.0,0,2,0,1852
26.0,0,2,1,1858
26.0,0,2,2,1864
26.0,0,2,3,1870
26.0,0,2,4,1876
26.0,0,2,5,1882
26.0,0,2,6,1888
26.0,0,2,7,1894
26.0,0,2,8,1899
26.0,0,2,9,1905
26.0,0,2,10,1911
26.0,0,2,11,1917
26.0,0,2,12,1923
26.0,0,2,13,1928
26.0,0,2,14,1934
26.0,0,2,15,1940
26.0,0,3,0,1858
26.0,0,3,1,1864
26.0,0,3,2,1870
26.0,0,3,3,1876
26.0,0,3,4,1882
26.0,0,3,5,1888
26.0,0,3,6,1894
26.0,0,3,7,1900
26.0,0,3,8,1906
26.0,0,3,9,1912
26.0,0,3,10,1917
26.0,0,3,11,1923
26.0,0,3,12,1929
26.0,0,3,13,1935
26.0,0,3,14,1940
26.0,0,3,15,1946
26.0,0,4,0,1864
26.0,0,4,1,1870
26.0,0,4,2,1876
26.0,0,4,3,1882
26.0,0,4,4,1888
26.0,0,4,5,1894
26.0,0,4,6,1900
26.0,0,4,7,1906
26.0,0,4,8,1912
26.0,0,4,9,1918
26.0,0,4,10,1924
26.0,0,4,11,1929
26.0,0,4,12,1935
26.0,0,4,13,1941
26.0,0,4,14,1947
26.0,0,4,15,1953
26.0,0,5,0,1870
26.0,0,5,1,1877
26.0,0,5,2,1883
26.0,0,5,3,1889
26.0,0,5,4,1894
26.0,0,5,5,1900
26.0,0,5,6,1906
26.0,0,5,7,1912
26.0,0,5,8,1918
26.0,0,5,9,1924
26.0,0,5,10,1930
26.0,0,5,11,1936
26.0,0,5,12,1942
26.0,0,5,13,1947
26.0,0,5,14,1953
26.0,0,5,15,1959
26.0,0,6,0,1877
26.0,0,6,1,1883
26.0,0,6,2,1889
26.0,0,6,3,1895
26.0,0,6,4,1901
26.0,0,6,5,1907
26.0,0,6,6,1913
26.0,0,6,7,1918
26.0,0,6,8,1924
26.0,0,6,9,1930
26.0,0,6,10,1936
26.0,0,6,11,1942
26.0,0,6,12,1948
26.0,0,6,13,1954
26.0,0,6,14,1959
26.0,0,6,15,1965
26.0,0,7,0,1883
26.0,0,7,1,1889
26.0,0,7,2,1895
26.0,0,7,3,1901
26.0,0,7,4,1907
26.0,0,7,5,1913
26.0,0,7,6,1919
26.0,0,7,7,1925
26.0,0,7,8,1931
26.0,0,7,9,1936
26.0,0,7,10,1942
26.0,0,7,11,1948
26.0,0,7,12,1954
26.0,0,7,13,1960
26.0,0,7,14,1966
26.0,0,7,15,1972
26.0,0,8,0,1889
26.0,0,8,1,1895
26.0,0,8,2,1901
26.0,0,8,3,1907
26.0,0,8,4,1913
26.0,0,8,5,1919
26.0,0,8,6,1925
26.0,0,8,7,1931
26.0,0,8,8,1937
26.0,0,8,9,1943
26.0,0,8,10,1949
26.0,0,8,11,1955
26.0,0,8,12,1960
26.0,0,8,13,1966
26.0,0,8,14,1972
26.0,0,8,15,1978
26.0,0,9,0,1895
26.0,0,9,1,1901
26.0,0,9,2,1907
26.0,0,9,3,1913
26.0,0,9,4,1919
26.0,0,9,5,1925
26.0,0,9,6,1931
26.0,0,9,7,1937
26.0,0,9,8,1943
26.0,0,9,9,1949
26.0,0,9,10,1955
26.0,0,9,11,1961
26.0,0,9,12,1967
26.0,0,9,13,1973
26.0,0,9,14,1978
26.0,0,9,15,1984
26.0,0,10,0,1901
26.0,0,10,1,1907
26.0,0,10,2,1913
26.0,0,10,3,1919
26.0,0,10,4,1925
26.0,0,10,5,1931
26.0,0,10,6,1937
26.0,0,10,7,1943
26.0,0,10,8,1949
26.0,0,10,9,1955
26.0,0,10,10,1961
26.0,0,10,11,1967
26.0,0,10,12,1973
26.0,0,10,13,1979
26.0,0,10,14,1985
26.0,0,10,15,1990
26.0,0,11,0,1907
26.0,0,11,1,1913
26.0,0,11,2,1919
26.0,0,11,3,1925
26.0,0,11,4,1931
26.0,0,11,5,1937
26.0,0,11,6,1943
26.0,0,11,7,1949
26.0,0,11,8,1955
26.0,0,11,9,1961
26.0,0,11,10,1967
26.0,0,11,11,1973
26.0,0,11,12,1979
26.0,0,11,13,1985
26.0,0,11,14,1991
26.0,0,11,15,1997
26.0,0,12,0,1913
26.0,0,12,1,1919
26.0,0,12,2,1925
26.0,0,12,3,1931
26.0,0,12,4,1937
26.0,0,12,5,1943
26.0,0,12,6,1949
26.0,0,12,7,1955
26.0,0,12,8,1961
26.0,0,12,9,1967
26.0,0,12,10,1973
26.0,0,12,11,1979
26.0,0,12,12,1985
26.0,0,12,13,1991
26.0,0,12,14,1997
26.0,0,12,15,2003
26.0,0,13,0,1918
26.0,0,13,1,1925
26.0,0,13,2,1931
26.0,0,13,3,1937
26.0,0,13,4,1943
26.0,0,13,5,1949
26.0,0,13,6,1955
26.0,0,13,7,1961
26.0,0,13,8,1967
26.0,0,13,9,1973
26.0,0,13,10,1979
26.0,0,13,11,1985
26.0,0,13,12,1991
26.0,0,13,13,1997
26.0,0,13,14,2003
26.0,0,13,15,2009
26.0,0,14,0,1924
26.0,0,14,1,1931
26.0,0,14,2,1937
26.0,0,14,3,1943
26.0,0,14,4,1949
26.0,0,14,5,1955
26.0,0,14,6,1961
26.0,0,14,7,1967
26.0,0,14,8,1973
26.0,0,14,9,1979
26.0,0,14,10,1986
26.0,0,14,11,1992
26.0,0,14,12,1998
26.0,0,14,13,2003
26.0,0,14,14,2009
26.0,0,14,15,2015
26.0,0,15,0,1930
26.0,0,15,1,1936
26.0,0,15,2,1943
26.0,0,15,3,1949
26.0,0,15,4,1955
26.0,0,15,5,1961
26.0,0,15,6,1967
26.0,0,15,7,1973
26.0,0,15,8,1979
26.0,0,15,9,1986
26.0,0,15,10,1992
26.0,0,15,11,1998
26.0,0,15,12,2004
26.0,0,15,13,2010
26.0,0,15,14,2016
26.0,0,15,15,2022
26.0,1,0,0,1847
26.0,1,0,1,1853
26.0,1,0,2,1859
26.0,1,0,3,1865
26.0,1,0,4,1871
26.0,1,0,5,1876
26.0,1,0,6,1882
26.0,1,0,7,1888
26.0,1,0,8,1894
26.0,1,0,9,1900
26.0,1,0,10,1906
26.0,1,0,11,1911
26.0,1,0,12,1917
26.0,1,0,13,1923
26.0,1,0,14,1929
26.0,1,0,15,1934
26.0,1,1,0,1853
26.0,1,1,1,1859
26.0,1,1,2,1865
26.0,1,1,3,1871
26.0,1,1,4,1877
26.0,1,1,5,1883
26.0,1,1,6,1889
26.0,1,1,7,1894
26.0,1,1,8,1900
26.0,1,1,9,1906
26.0,1,1,10,1912
26.0,1,1,11,1918
26.0,1,1,12,1924
26.0,1,1,13,1929
26.0,1,1,14,1935
26.0,1,1,15,1941
26.0,1,2,0,1859
26.0,1,2,1,1865
26.0,1,2,2,1871
26.0,1,2,3,1877
26.0,1,2,4,1883
26.0,1,2,5,1889
26.0,1,2,6,1895
26.0,1,2,7,1901
26.0,1,2,8,1907
26.0,1,2,9,1913
26.0,1,2,10,1918
26.0,1,2,11,1924
26.0,1,2,12,1930
26.0,1,2,13,1936
26.0,1,2,14,1941
26.0,1,2,15,1947
26.0,1,3,0,1865
26.0,1,3,1,1871
26.0,1,3,2,1877
26.0,1,3,3,1883
26.0,1,3,4,1889
26.0,1,3,5,1895
26.0,1,3,6,1901
26.0,1,3,7,1907
26.0,1,3,8,1913
26.0,1,3,9,1919
26.0,1,3,10,1925
26.0,1,3,11,1930
26.0,1,3,12,1936
26.0,1,3,13,1942
26.0,1,3,14,1948
26.0,1,3,15,1954
26.0,1,4,0,1872
26.0,1,4,1,1878
26.0,1,4,2,1884
26.0,1,4,3,1890
26.0,1,4,4,1896
26.0,1,4,5,1902
26.0,1,4,6,1907
26.0,1,4,7,1913
26.0,1,4,8,1919
26.0,1,4,9,1925
26.0,1,4,10,1931
26.0,1,4,11,1937
26.0,1,4,12,1943
26.0,1,4,13,1948
26.0,1,4,14,1954
26.0,1,4,15,1960
26.0,1,5,0,1878
26.0,1,5,1,1884
26.0,1,5,2,1890
26.0,1,5,3,1896
26.0,1,5,4,1902
26.0,1,5,5,1908
26.0,1,5,6,1914
26.0,1,5,7,1920
26.0,1,5,8,1926
26.0,1,5,9,1931
26.0,1,5,10,1937
26.0,1,5,11,1943
26.0,1,5,12,1949
26.0,1,5,13,1955
26.0,1,5,14,1961
26.0,1,5,15,1966
26.0,1,6,0,1884
26.0,1,6,1,1890
26.0,1,6,2,1896
26.0,1,6,3,1902
26.0,1,6,4,1908
26.0,1,6,5,1914
26.0,1,6,6,1920
26.0,1,6,7,1926
26.0,1,6,8,1932
26.0,1,6,9,1938
26.0,1,6,10,1944
26.0,1,6,11,1949
26.0,1,6,12,1955
26.0,1,6,13,1961
26.0,1,6,14,1967
26.0,1,6,15,1973
26.0,1,7,0,1890
26.0,1,7,1,1896
26.0,1,7,2,1902
26.0,1,7,3,1908
26.0,1,7,4,1914
26.0,1,7,5,1920
26.0,1,7,6,1926
26.0,1,7,7,1932
26.0,1,7,8,1938
26.0,1,7,9,1944
26.0,1,7,10,1950
26.0,1,7,11,1956
26.0,1,7,12,1962
26.0,1,7,13,1967
26.0,1,7,14,1973
26.0,1,7,15,1979
26.0,1,8,0,1896
26.0,1,8,1,1902
26.0,1,8,2,1908
26.0,1,8,3,1914
26.0,1,8,4,1920
26.0,1,8,5,1926
26.0,1,8,6,1932
26.0,1,8,7,1938
26.0,1,8,8,1944
26.0,1,8,9,1950
26.0,1,8,10,1956
26.0,1,8,11,1962
26.0,1,8,12,1968
26.0,1,8,13,1974
26.0,1,8,14,1980
26.0,1,8,15,1986
26.0,1,9,0,1902
26.0,1,9,1,1908
26.0,1,9,2,1914
26.0,1,9,3,1920
26.0,1,9,4,1926
26.0,1,9,5,1932
26.0,1,9,6,1938
26.0,1,9,7,1944
26.0,1,9,8,1950
26.0,1,9,9,1956
26.0,1,9,10,1962
26.0,1,9,11,1968
26.0,1,9,12,1974
26.0,1,9,13,1980
26.0,1,9,14,1986
26.0,1,9,15,1992
26.0,1,10,0,1908
26.0,1,10,1,1914
26.0,1,10,2,1920
26.0,1,10,3,1926
26.0,1,10,4,1932
26.0,1,10,5,1938
26.0,1,10,6,1944
26.0,1,10,7,1951
26.0,1,10,8,1957
26.0,1,10,9,1963
26.0,1,10,10,1969
26.0,1,10,11,1974
26.0,1,10,12,1980
26.0,1,10,13,1986
26.0,1,10,14,1992
26.0,1,10,15,1998
26.0,1,11,0,1914
26.0,1,11,1,1920
26.0,1,11,2,1926
26.0,1,11,3,1932
26.0,1,11,4,1938
26.0,1,11,5,1945
26.0,1,11,6,1951
26.0,1,11,7,1957
26.0,1,11,8,1963
26.0,1,11,9,1969
26.0,1,11,10,1975
26.0,1,11,11,1981
26.0,1,11,12,1987
26.0,1,11,13,1993
26.0,1,11,14,1998
26.0,1,11,15,2004
26.0,1,12,0,1920
26.0,1,12,1,1926
26.0,1,12,2,1932
26.0,1,12,3,1938
26.0,1,12,4,1944
26.0,1,12,5,1951
26.0,1,12,6,1957
26.0,1,12,7,1963
26.0,1,12,8,1969
26.0,1,12,9,1975
26.0,1,12,10,1981
26.0,1,12,11,1987
26.0,1,12,12,1993
26.0,1,12,13,1999
26.0,1,12,14,2005
26.0,1,12,15,2011
26.0,1,13,0,1926
26.0,1,13,1,1932
26.0,1,13,2,1938
26.0,1,13,3,1944
26.0,1,13,4,1951
26.0,1,13,5,1957
26.0,1,13,6,1963
26.0,1,13,7,1969
26.0,1,13,8,1975
26.0,1,13,9,1981
26.0,1,13,10,1987
26.0,1,13,11,1993
26.0,1,13,12,1999
26.0,1,13,13,2005
26.0,1,13,14,2011
26.0,1,13,15,2017
26.0,1,14,0,1932
26.0,1,14,1,1938
26.0,1,14,2,1944
26.0,1,14,3,1950
26.0,1,14,4,1957
26.0,1,14,5,1963
26.0,1,14,6,1969
26.0,1,14,7,1975
26.0,1,14,8,1981
26.0,1,14,9,1987
26.0,1,14,10,1993
26.0,1,14,11,1999
26.0,1,14,12,2005
26.0,1,14,13,2011
26.0,1,14,14,2017
26.0,1,14,15,2023
26.0,1,15,0,1938
26.0,1,15,1,1944
26.0,1,15,2,1950
26.0,1,15,3,1956
26.0,1,15,4,1963
26.0,1,15,5,1969
26.0,1,15,6,1975
26.0,1,15,7,1981
26.0,1,15,8,1987
26.0,1,15,9,1993
26.0,1,15,10,1999
26.0,1,15,11,2005
26.0,1,15,12,2011
26.0,1,15,13,2017
26.0,1,15,14,2023
26.0,1,15,15,2029
26.0,2,0,0,1854
26.0,2,0,1,1860
26.0,2,0,2,1866
26.0,2,0,3,1872
26.0,2,0,4,1878
26.0,2,0,5,1884
26.0,2,0,6,1890
26.0,2,0,7,1895
26.0,2,0,8,1901
26.0,2,0,9,1907
26.0,2,0,10,1913
26.0,2,0,11,1919
26.0,2,0,12,1924
26.0,2,0,13,1930
26.0,2,0,14,1936
26.0,2,0,15,1942
26.0,2,1,0,1860
26.0,2,1,1,1866
26.0,2,1,2,1872
26.0,2,1,3,1878
26.0,2,1,4,1884
26.0,2,1,5,1890
26.0,2,1,6,1896
26.0,2,1,7,1902
26.0,2,1,8,1908
26.0,2,1,9,1913
26.0,2,1,10,1919
26.0,2,1,11,1925
26.0,2,1,12,1931
26.0,2,1,13,1937
26.0,2,1,14,1942
26.0,2,1,15,1948
26.0,2,2,0,1866
26.0,2,2,1,1872
26.0,2,2,2,1878
26.0,2,2,3,1884
26.0,2,2,4,1890
26.0,2,2,5,1896
26.0,2,2,6,1902
26.0,2,2,7,1908
26.0,2,2,8,1914
26.0,2,2,9,1920
26.0,2,2,10,1926
26.0,2,2,11,1931
26.0,2,2,12,1937
26.0,2,2,13,1943
26.0,2,2,14,1949
26.0,2,2,15,1955
26.0,2,3,0,1873
26.0,2,3,1,1879
26.0,2,3,2,1885
26.0,2,3,3,1891
26.0,2,3,4,1897
26.0,2,3,5,1903
26.0,2,3,6,1908
26.0,2,3,7,1914
26.0,2,3,8,1920
26.0,2,3,9,1926
26.0,2,3,10,1932
26.0,2,3,11,1938
26.0,2,3,12,1944
26.0,2,3,13,1950
26.0,2,3,14,1955
26.0,2,3,15,1961
26.0,2,4,0,1879
26.0,2,4,1,1885
26.0,2,4,2,1891
26.0,2,4,3,1897
26.0,2,4,4,1903
26.0,2,4,5,1909
26.0,2,4,6,1915
26.0,2,4,7,1921
26.0,2,4,8,1927
26.0,2,4,9,1932
26.0,2,4,10,1938
26.0,2,4,11,1944
26.0,2,4,12,1950
26.0,2,4,13,1956
26.0,2,4,14,1962
26.0,2,4,15,1968
26.0,2,5,0,1885
26.0,2,5,1,1891
26.0,2,5,2,1897
26.0,2,5,3,1903
26.0,2,5,4,1909
26.0,2,5,5,1915
26.0,2,5,6,1921
26.0,2,5,7,1927
26.0,2,5,8,1933
26.0,2,5,9,1939
26.0,2,5,10,1945
26.0,2,5,11,1951
26.0,2,5,12,1956
26.0,2,5,13,1962
26.0,2,5,14,1968
26.0,2,5,15,1974
26.0,2,6,0,1891
26.0,2,6,1,1897
26.0,2,6,2,1903
26.0,2,6,3,1909
26.0,2,6,4,1915
26.0,2,6,5,1921
26.0,2,6,6,1927
26.0,2,6,7,1933
26.0,2,6,8,1939
26.0,2,6,9,1945
26.0,2,6,10,1951
26.0,2,6,11,1957
26.0,2,6,12,1963
26.0,2,6,13,1969
26.0,2,6,14,1975
26.0,2,6,15,1980
26.0,2,7,0,1897
26.0,2,7,1,1903
26.0,2,7,2,1909
26.0,2,7,3,1915
26.0,2,7,4,1921
26.0,2,7,5,1927
26.0,2,7,6,1933
26.0,2,7,7,1939
26.0,2,7,8,1945
26.0,2,7,9,1951
26.0,2,7,10,1957
26.0,2,7,11,1963
26.0,2,7,12,1969
26.0,2,7,13,1975
26.0,2,7,14,1981
26.0,2,7,15,1987
26.0,2,8,0,1903
26.0,2,8,1,1909
26.0,2,8,2,1915
26.0,2,8,3,1921
26.0,2,8,4,1928
26.0,2,8,5,1934
26.0,2,8,6,1940
26.0,2,8,7,1946
26.0,2,8,8,1952
26.0,2,8,9,1958
26.0,2,8,10,1964
26.0,2,8,11,1969
26.0,2,8,12,1975
26.0,2,8,13,1981
26.0,2,8,14,1987
26.0,2,8,15,1993
26.0,2,9,0,1909
26.0,2,9,1,1915
26.0,2,9,2,1921
26.0,2,9,3,1928
26.0,2,9,4,1934
26.0,2,9,5,1940
26.0,2,9,6,1946
26.0,2,9,7,1952
26.0,2,9,8,1958
26.0,2,9,9,1964
26.0,2,9,10,1970
26.0,2,9,11,1976
26.0,2,9,12,1982
26.0,2,9,13,1988
26.0,2,9,14,1994
26.0,2,9,15,1999
26.0,2,10,0,1915
26.0,2,10,1,1921
26.0,2,10,2,1928
26.0,2,10,3,1934
26.0,2,10,4,1940
26.0,2,10,5,1946
26.0,2,10,6,1952
26.0,2,10,7,1958
26.0,2,10,8,1964
26.0,2,10,9,1970
26.0,2,10,10,1976
26.0,2,10,11,1982
26.0,2,10,12,1988
26.0,2,10,13,1994
26.0,2,10,14,2000
26.0,2,10,15,2006
26.0,2,11,0,1921
26.0,2,11,1,1927
26.0,2,11,2,1934
26.0,2,11,3,1940
26.0,2,11,4,1946
26.0,2,11,5,1952
26.0,2,11,6,1958
26.0,2,11,7,1964
26.0,2,11,8,1970
26.0,2,11,9,1976
26.0,2,11,10,1982
26.0,2,11,11,1988
26.0,2,11,12,1994
26.0,2,11,13,2000
26.0,2,11,14,2006
26.0,2,11,15,2012
26.0,2,12,0,1927
26.0,2,12,1,1933
26.0,2,12,2,1940
26.0,2,12,3,1946
26.0,2,12,4,1952
26.0,2,12,5,1958
26.0,2,12,6,1964
26.0,2,12,7,1970
26.0,2,12,8,1976
26.0,2,12,9,1982
26.0,2,12,10,1988
26.0,2,12,11,1994
26.0,2,12,12,2000
26.0,2,12,13,2006
26.0,2,12,14,2012
26.0,2,12,15,2018
26.0,2,13,0,1933
26.0,2,13,1,1939
26.0,2,13,2,1946
26.0,2,13,3,1952
26.0,2,13,4,1958
26.0,2,13,5,1964
26.0,2,13,6,1970
26.0,2,13,7,1976
26.0,2,13,8,1982
26.0,2,13,9,1989
26.0,2,13,10,1995
26.0,2,13,11,2001
26.0,2,13,12,2007
26.0,2,13,13,2013
26.0,2,13,14,2019
26.0,2,13,15,2025
26.0,2,14,0,1939
26.0,2,14,1,1945
26.0,2,14,2,1952
26.0,2,14,3,1958
26.0,2,14,4,1964
26.0,2,14,5,1970
26.0,2,14,6,1976
26.0,2,14,7,1982
26.0,2,14,8,1989
26.0,2,14,9,1995
26.0,2,14,10,2001
26.0,2,14,11,2007
26.0,2,14,12,2013
26.0,2,14,13,2019
26.0,2,14,14,2025
26.0,2,14,15,2031
26.0,2,15,0,1945
26.0,2,15,1,1951
26.0,2,15,2,1958
26.0,2,15,3,1964
26.0,2,15,4,1970
26.0,2,15,5,1976
26.0,2,15,6,1982
26.0,2,15,7,1989
26.0,2,15,8,1995
26.0,2,15,9,2001
26.0,2,15,10,2007
26.0,2,15,11,2013
26.0,2,15,12,2019
26.0,2,15,13,2025
26.0,2,15,14,2031
26.0,2,15,15,2037
26.0,3,0,0,1861
26.0,3,0,1,1867
26.0,3,0,2,1873
26.0,3,0,3,1879
26.0,3,0,4,1885
26.0,3,0,5,1891
26.0,3,0,6,1897
26.0,3,0,7,1903
26.0,3,0,8,1908
26.0,3,0,9,1914
26.0,3,0,10,1920
26.0,3,0,11,1926
26.0,3,0,12,1932
26.0,3,0,13,1938
26.0,3,0,14,1943
26.0,3,0,15,1949
26.0,3,1,0,1867
26.0,3,1,1,1873
26.0,3,1,2,1879
26.0,3,1,3,1885
26.0,3,1,4,1891
26.0,3,1,5,1897
26.0,3,1,6,1903
26.0,3,1,7,1909
26.0,3,1,8,1915
26.0,3,1,9,1921
26.0,3,1,10,1927
26.0,3,1,11,1932
26.0,3,1,12,1938
26.0,3,1,13,1944
26.0,3,1,14,1950
26.0,3,1,15,1956
26.0,3,2,0,1873
26.0,3,2,1,1880
26.0,3,2,2,1886
26.0,3,2,3,1892
26.0,3,2,4,1897
26.0,3,2,5,1903
26.0,3,2,6,1909
26.0,3,2,7,1915
26.0,3,2,8,1921
26.0,3,2,9,1927
26.0,3,2,10,1933
26.0,3,2,11,1939
26.0,3,2,12,1945
26.0,3,2,13,1950
26.0,3,2,14,1956
26.0,3,2,15,1962
26.0,3,3,0,1880
26.0,3,3,1,1886
26.0,3,3,2,1892
26.0,3,3,3,1898
26.0,3,3,4,1904
26.0,3,3,5,1910
26.0,3,3,6,1916
26.0,3,3,7,1922
26.0,3,3,8,1928
26.0,3,3,9,1933
26.0,3,3,10,1939
26.0,3,3,11,1945
26.0,3,3,12,1951
26.0,3,3,13,1957
26.0,3,3,14,1963
26.0,3,3,15,1969
26.0,3,4,0,1886
26.0,3,4,1,1892
26.0,3,4,2,1898
26.0,3,4,3,1904
26.0,3,4,4,1910
26.0,3,4,5,1916
26.0,3,4,6,1922
26.0,3,4,7,1928
26.0,3,4,8,1934
26.0,3,4,9,1940
26.0,3,4,10,1946
26.0,3,4,11,1952
26.0,3,4,12,1957
26.0,3,4,13,1963
26.0,3,4,14,1969
26.0,3,4,15,1975
26.0,3,5,0,1892
26.0,3,5,1,1898
26.0,3,5,2,1904
26.0,3,5,3,1910
26.0,3,5,4,1916
26.0,3,5,5,1922
26.0,3,5,6,1928
26.0,3,5,7,1934
26.0,3,5,8,1940
26.0,3,5,9,1946
26.0,3,5,10,1952
26.0,3,5,11,1958
26.0,3,5,12,1964
26.0,3,5,13,1970
26.0,3,5,14,1976
26.0,3,5,15,1981
26.0,3,6,0,1898
26.0,3,6,1,1904
26.0,3,6,2,1910
26.0,3,6,3,1916
26.0,3,6,4,1922
26.0,3,6,5,1929
26.0,3,6,6,1935
26.0,3,6,7,1941
26.0,3,6,8,1947
26.0,3,6,9,1952
26.0,3,6,10,1958
26.0,3,6,11,1964
26.0,3,6,12,1970
26.0,3,6,13,1976
26.0,3,6,14,1982
26.0,3,6,15,1988
26.0,3,7,0,1904
26.0,3,7,1,1910
26.0,3,7,2,1916
26.0,3,7,3,1923
26.0,3,7,4,1929
26.0,3,7,5,1935
26.0,3,7,6,1941
26.0,3,7,7,1947
26.0,3,7,8,1953
26.0,3,7,9,1959
26.0,3,7,10,1965
26.0,3,7,11,1971
26.0,3,7,12,1977
26.0,3,7,13,1983
26.0,3,7,14,1988
26.0,3,7,15,1994
26.0,3,8,0,1910
26.0,3,8,1,1916
26.0,3,8,2,1923
26.0,3,8,3,1929
26.0,3,8,4,1935
26.0,3,8,5,1941
26.0,3,8,6,1947
26.0,3,8,7,1953
26.0,3,8,8,1959
26.0,3,8,9,1965
26.0,3,8,10,1971
26.0,3,8,11,1977
26.0,3,8,12,1983
26.0,3,8,13,1989
26.0,3,8,14,1995
26.0,3,8,15,2001
26.0,3,9,0,1916
26.0,3,9,1,1923
26.0,3,9,2,1929
26.0,3,9,3,1935
26.0,3,9,4,1941
26.0,3,9,5,1947
26.0,3,9,6,1953
26.0,3,9,7,1959
26.0,3,9,8,1965
26.0,3,9,9,1971
26.0,3,9,10,1977
26.0,3,9,11,1983
26.0,3,9,12,1989
26.0,3,9,13,1995
26.0,3,9,14,2001
26.0,3,9,15,2007
26.0,3,10,0,1922
26.0,3,10,1,1929
26.0,3,10,2,1935
26.0,3,10,3,1941
26.0,3,10,4,1947
26.0,3,10,5,1953
26.0,3,10,6,1959
26.0,3,10,7,1965
26.0,3,10,8,1971
26.0,3,10,9,1978
26.0,3,10,10,1984
26.0,3,10,11,1990
26.0,3,10,12,1996
26.0,3,10,13,2001
26.0,3,10,14,2007
26.0,3,10,15,2013
26.0,3,11,0,1929
26.0,3,11,1,1935
26.0,3,11,2,1941
26.0,3,11,3,1947
26.0,3,11,4,1953
26.0,3,11,5,1959
26.0,3,11,6,1965
26.0,3,11,7,1972
26.0,3,11,8,1978
26.0,3,11,9,1984
26.0,3,11,10,1990
26.0,3,11,11,1996
26.0,3,11,12,2002
26.0,3,11,13,2008
26.0,3,11,14,2014
26.0,3,11,15,2020
26.0,3,12,0,1935
26.0,3,12,1,1941
26.0,3,12,2,1947
26.0,3,12,3,1953
26.0,3,12,4,1959
26.0,3,12,5,1965
26.0,3,12,6,1972
26.0,3,12,7,1978
26.0,3,12,8,1984
26.0,3,12,9,1990
26.0,3,12,10,1996
26.0,3,12,11,2002
26.0,3,12,12,2008
26.0,3,12,13,2014
26.0,3,12,14,2020
26.0,3,12,15,2026
26.0,3,13,0,1941
26.0,3,13,1,1947
26.0,3,13,2,1953
26.0,3,13,3,1959
26.0,3,13,4,1965
26.0,3,13,5,1972
26.0,3,13,6,1978
26.0,3,13,7,1984
26.0,3,13,8,1990
26.0,3,13,9,1996
26.0,3,13,10,2002
26.0,3,13,11,2008
26.0,3,13,12,2014
26.0,3,13,13,2020
26.0,3,13,14,2026
26.0,3,13,15,2032
26.0,3,14,0,1947
26.0,3,14,1,1953
26.0,3,14,2,1959
26.0,3,14,3,1965
26.0,3,14,4,1971
26.0,3,14,5,1978
26.0,3,14,6,1984
26.0,3,14,7,1990
26.0,3,14,8,1996
26.0,3,14,9,2002
26.0,3,14,10,2008
26.0,3,14,11,2014
26.0,3,14,12,2020
26.0,3,14,13,2027
26.0,3,14,14,2033
26.0,3,14,15,2039
26.0,3,15,0,1952
26.0,3,15,1,1959
26.0,3,15,2,1965
26.0,3,15,3,1971
26.0,3,15,4,1978
26.0,3,15,5,1984
26.0,3,15,6,1990
26.0,3,15,7,1996
26.0,3,15,8,2002
26.0,3,15,9,2008
26.0,3,15,10,2014
26.0,3,15,11,2021
26.0,3,15,12,2027
26.0,3,15,13,2033
26.0,3,15,14,2039
26.0,3,15,15,2045
26.0,4,0,0,1868
26.0,4,0,1,1874
26.0,4,0,2,1880
26.0,4,0,3,1886
26.0,4,0,4,1892
26.0,4,0,5,1898
26.0,4,0,6,1904
26.0,4,0,7,1910
26.0,4,0,8,1916
26.0,4,0,9,1922
26.0,4,0,10,1927
26.0,4,0,11,1933
26.0,4,0,12,1939
26.0,4,0,13,1945
26.0,4,0,14,1951
26.0,4,0,15,1956
26.0,4,1,0,1874
26.0,4,1,1,1880
26.0,4,1,2,1886
26.0,4,1,3,1892
26.0,4,1,4,1898
26.0,4,1,5,1904
26.0,4,1,6,1910
26.0,4,1,7,1916
26.0,4,1,8,1922
26.0,4,1,9,1928
26.0,4,1,10,1934
26.0,4,1,11,1940
26.0,4,1,12,1946
26.0,4,1,13,1951
26.0,4,1,14,1957
26.0,4,1,15,1963
26.0,4,2,0,1881
26.0,4,2,1,1887
26.0,4,2,2,1893
26.0,4,2,3,1899
26.0,4,2,4,1905
26.0,4,2,5,1911
26.0,4,2,6,1917
26.0,4,2,7,1923
26.0,4,2,8,1929
26.0,4,2,9,1934
26.0,4,2,10,1940
26.0,4,2,11,1946
26.0,4,2,12,1952
26.0,4,2,13,1958
26.0,4,2,14,1964
26.0,4,2,15,1969
26.0,4,3,0,1887
26.0,4,3,1,1893
26.0,4,3,2,1899
26.0,4,3,3,1905
26.0,4,3,4,1911
26.0,4,3,5,1917
26.0,4,3,6,1923
26.0,4,3,7,1929
26.0,4,3,8,1935
26.0,4,3,9,1941
26.0,4,3,10,1947
26.0,4,3,11,1953
26.0,4,3,12,1958
26.0,4,3,13,1964
26.0,4,3,14,1970
26.0,4,3,15,1976
26.0,4,4,0,1893
26.0,4,4,1,1899
26.0,4,4,2,1905
26.0,4,4,3,1911
26.0,4,4,4,1917
26.0,4,4,5,1923
26.0,4,4,6,1929
26.0,4,4,7,1935
26.0,4,4,8,1941
26.0,4,4,9,1947
26.0,4,4,10,1953
26.0,4,4,11,1959
26.0,4,4,12,1965
26.0,4,4,13,1971
26.0,4,4,14,1977
26.0,4,4,15,1982
26.0,4,5,0,1899
26.0,4,5,1,1905
26.0,4,5,2,1911
26.0,4,5,3,1917
26.0,4,5,4,1924
26.0,4,5,5,1930
26.0,4,5,6,1936
26.0,4,5,7,1942
26.0,4,5,8,1948
26.0,4,5,9,1954
26.0,4,5,10,1959
26.0,4,5,11,1965
26.0,4,5,12,1971
26.0,4,5,13,1977
26.0,4,5,14,1983
26.0,4,5,15,1989
26.0,4,6,0,1905
26.0,4,6,1,1911
26.0,4,6,2,1918
26.0,4,6,3,1924
26.0,4,6,4,1930
26.0,4,6,5,1936
26.0,4,6,6,1942
26.0,4,6,7,1948
26.0,4,6,8,1954
26.0,4,6,9,1960
26.0,4,6,10,1966
26.0,4,6,11,1972
26.0,4,6,12,1978
26.0,4,6,13,1984
26.0,4,6,14,1990
26.0,4,6,15,1995
26.0,4,7,0,1911
26.0,4,7,1,1918
26.0,4,7,2,1924
26.0,4,7,3,1930
26.0,4,7,4,1936
26.0,4,7,5,1942
26.0,4,7,6,1948
26.0,4,7,7,1954
26.0,4,7,8,1960
26.0,4,7,9,1966
26.0,4,7,10,1972
26.0,4,7,11,1978
26.0,4,7,12,1984
26.0,4,7,13,1990
26.0,4,7,14,1996
26.0,4,7,15,2002
26.0,4,8,0,1918
26.0,4,8,1,1924
26.0,4,8,2,1930
26.0,4,8,3,1936
26.0,4,8,4,1942
26.0,4,8,5,1948
26.0,4,8,6,1954
26.0,4,8,7,1960
26.0,4,8,8,1966
26.0,4,8,9,1972
26.0,4,8,10,1978
26.0,4,8,11,1984
26.0,4,8,12,1990
26.0,4,8,13,1996
26.0,4,8,14,2002
26.0,4,8,15,2008
26.0,4,9,0,1924
26.0,4,9,1,1930
26.0,4,9,2,1936
26.0,4,9,3,1942
26.0,4,9,4,1948
26.0,4,9,5,1954
26.0,4,9,6,1961
26.0,4,9,7,1967
26.0,4,9,8,1973
26.0,4,9,9,1979
26.0,4,9,10,1985
26.0,4,9,11,1991
26.0,4,9,12,1997
26.0,4,9,13,2003
26.0,4,9,14,2009
26.0,4,9,15,2015
26.0,4,10,0,1930
26.0,4,10,1,1936
26.0,4,10,2,1942
26.0,4,10,3,1948
26.0,4,10,4,1955
26.0,4,10,5,1961
26.0,4,10,6,1967
26.0,4,10,7,1973
26.0,4,10,8,1979
26.0,4,10,9,1985
26.0,4,10,10,1991
26.0,4,10,11,1997
26.0,4,10,12,2003
26.0,4,10,13,2009
26.0,4,10,14,2015
26.0,4,10,15,2021
26.0,4,11,0,1936
26.0,4,11,1,1942
26.0,4,11,2,1948
26.0,4,11,3,1954
26.0,4,11,4,1961
26.0,4,11,5,1967
26.0,4,11,6,1973
26.0,4,11,7,1979
26.0,4,11,8,1985
26.0,4,11,9,1991
26.0,4,11,10,1997
26.0,4,11,11,2003
26.0,4,11,12,2009
26.0,4,11,13,2015
26.0,4,11,14,2021
26.0,4,11,15,2027
26.0,4,12,0,1942
26.0,4,12,1,1948
26.0,4,12,2,1954
26.0,4,12,3,1961
26.0,4,12,4,1967
26.0,4,12,5,1973
26.0,4,12,6,1979
26.0,4,12,7,1985
26.0,4,12,8,1991
26.0,4,12,9,1997
26.0,4,12,10,2004
26.0,4,12,11,2010
26.0,4,12,12,2016
26.0,4,12,13,2022
26.0,4,12,14,2028
26.0,4,12,15,2034
26.0,4,13,0,1948
26.0,4,13,1,1954
26.0,4,13,2,1960
26.0,4,13,3,1967
26.0,4,13,4,1973
26.0,4,13,5,1979
26.0,4,13,6,1985
26.0,4,13,7,1991
26.0,4,13,8,1998
26.0,4,13,9,2004
26.0,4,13,10,2010
26.0,4,13,11,2016
26.0,4,13,12,2022
26.0,4,13,13,2028
26.0,4,13,14,2034
26.0,4,13,15,2040
26.0,4,14,0,1954
26.0,4,14,1,1960
26.0,4,14,2,1966
26.0,4,14,3,1973
26.0,4,14,4,1979
26.0,4,14,5,1985
26.0,4,14,6,1991
26.0,4,14,7,1998
26.0,4,14,8,2004
26.0,4,14,9,2010
26.0,4,14,10,2016
26.0,4,14,11,2022
26.0,4,14,12,2028
26.0,4,14,13,2034
26.0,4,14,14,2040
26.0,4,14,15,2046
26.0,4,15,0,1960
26.0,4,15,1,1966
26.0,4,15,2,1972
26.0,4,15,3,1979
26.0,4,15,4,1985
26.0,4,15,5,1991
26.0,4,15,6,1997
26.0,4,15,7,2004
26.0,4,15,8,2010
26.0,4,15,9,2016
26.0,4,15,10,2022
26.0,4,15,11,2028
26.0,4,15,12,2034
26.0,4,15,13,2040
26.0,4,15,14,2046
26.0,4,15,15,2053
26.0,5,0,0,1875
26.0,5,0,1,1881
26.0,5,0,2,1887
26.0,5,0,3,1893
26.0,5,0,4,1899
26.0,5,0,5,1905
26.0,5,0,6,1911
26.0,5,0,7,1917
26.0,5,0,8,1923
26.0,5,0,9,1929
26.0,5,0,10,1935
26.0,5,0,11,1941
26.0,5,0,12,1946
26.0,5,0,13,1952
26.0,5,0,14,1958
26.0,5,0,15,1964
26.0,5,1,0,1881
26.0,5,1,1,1887
26.0,5,1,2,1894
26.0,5,1,3,1900
26.0,5,1,4,1906
26.0,5,1,5,1912
26.0,5,1,6,1917
26.0,5,1,7,1923
26.0,5,1,8,1929
26.0,5,1,9,1935
26.0,5,1,10,1941
26.0,5,1,11,1947
26.0,5,1,12,1953
26.0,5,1,13,1959
26.0,5,1,14,1965
26.0,5,1,15,1970
26.0,5,2,0,1888
26.0,5,2,1,1894
26.0,5,2,2,1900
26.0,5,2,3,1906
26.0,5,2,4,1912
26.0,5,2,5,1918
26.0,5,2,6,1924
26.0,5,2,7,1930
26.0,5,2,8,1936
26.0,5,2,9,1942
26.0,5,2,10,1948
26.0,5,2,11,1954
26.0,5,2,12,1959
26.0,5,2,13,1965
26.0,5,2,14,1971
26.0,5,2,15,1977
26.0,5,3,0,1894
26.0,5,3,1,1900
26.0,5,3,2,1906
26.0,5,3,3,1912
26.0,5,3,4,1918
26.0,5,3,5,1924
26.0,5,3,6,1930
26.0,5,3,7,1936
26.0,5,3,8,1942
26.0,5,3,9,1948
26.0,5,3,10,1954
26.0,5,3,11,1960
26.0,5,3,12,1966
26.0,5,3,13,1972
26.0,5,3,14,1978
26.0,5,3,15,1983
26.0,5,4,0,1900
26.0,5,4,1,1906
26.0,5,4,2,1912
26.0,5,4,3,1918
26.0,5,4,4,1924
26.0,5,4,5,1931
26.0,5,4,6,1937
26.0,5,4,7,1943
26.0,5,4,8,1949
26.0,5,4,9,1955
26.0,5,4,10,1960
26.0,5,4,11,1966
26.0,5,4,12,1972
26.0,5,4,13,1978
26.0,5,4,14,1984
26.0,5,4,15,1990
26.0,5,5,0,1906
26.0,5,5,1,1912
26.0,5,5,2,1919
26.0,5,5,3,1925
26.0,5,5,4,1931
26.0,5,5,5,1937
26.0,5,5,6,1943
26.0,5,5,7,1949
26.0,5,5,8,1955
26.0,5,5,9,1961
26.0,5,5,10,1967
26.0,5,5,11,1973
26.0,5,5,12,1979
26.0,5,5,13,1985
26.0,5,5,14,1991
26.0,5,5,15,1996
26.0,5,6,0,1913
26.0,5,6,1,1919
26.0,5,6,2,1925
26.0,5,6,3,1931
26.0,5,6,4,1937
26.0,5,6,5,1943
26.0,5,6,6,1949
26.0,5,6,7,1955
26.0,5,6,8,1961
26.0,5,6,9,1967
26.0,5,6,10,1973
26.0,5,6,11,1979
26.0,5,6,12,1985
26.0,5,6,13,1991
26.0,5,6,14,1997
26.0,5,6,15,2003
26.0,5,7,0,1919
26.0,5,7,1,1925
26.0,5,7,2,1931
26.0,5,7,3,1937
26.0,5,7,4,1943
26.0,5,7,5,1949
26.0,5,7,6,1955
26.0,5,7,7,1962
26.0,5,7,8,1968
26.0,5,7,9,1974
26.0,5,7,10,1980
26.0,5,7,11,1986
26.0,5,7,12,1992
26.0,5,7,13,1998
26.0,5,7,14,2003
26.0,5,7,15,2009
26.0,5,8,0,1925
26.0,5,8,1,1931
26.0,5,8,2,1937
26.0,5,8,3,1943
26.0,5,8,4,1949
26.0,5,8,5,1956
26.0,5,8,6,1962
26.0,5,8,7,1968
26.0,5,8,8,1974
26.0,5,8,9,1980
26.0,5,8,10,1986
26.0,5,8,11,1992
26.0,5,8,12,1998
26.0,5,8,13,2004
26.0,5,8,14,2010
26.0,5,8,15,2016
26.0,5,9,0,1931
26.0,5,9,1,1937
26.0,5,9,2,1943
26.0,5,9,3,1950
26.0,5,9,4,1956
26.0,5,9,5,1962
26.0,5,9,6,1968
26.0,5,9,7,1974
26.0,5,9,8,1980
26.0,5,9,9,1986
26.0,5,9,10,1992
26.0,5,9,11,1998
26.0,5,9,12,2004
26.0,5,9,13,2010
26.0,5,9,14,2016
26.0,5,9,15,2022
26.0,5,10,0,1937
26.0,5,10,1,1943
26.0,5,10,2,1949
26.0,5,10,3,1956
26.0,5,10,4,1962
26.0,5,10,5,1968
26.0,5,10,6,1974
26.0,5,10,7,1980
26.0,5,10,8,1986
26.0,5,10,9,1992
26.0,5,10,10,1999
26.0,5,10,11,2005
26.0,5,10,12,2011
26.0,5,10,13,2017
26.0,5,10,14,2023
26.0,5,10,15,2029
26.0,5,11,0,1943
26.0,5,11,1,1949
26.0,5,11,2,1956
26.0,5,11,3,1962
26.0,5,11,4,1968
26.0,5,11,5,1974
26.0,5,11,6,1980
26.0,5,11,7,1987
26.0,5,11,8,1993
26.0,5,11,9,1999
26.0,5,11,10,2005
26.0,5,11,11,2011
26.0,5,11,12,2017
26.0,5,11,13,2023
26.0,5,11,14,2029
26.0,5,11,15,2035
26.0,5,12,0,1949
26.0,5,12,1,1955
26.0,5,12,2,1962
26.0,5,12,3,1968
26.0,5,12,4,1974
26.0,5,12,5,1980
26.0,5,12,6,1987
26.0,5,12,7,1993
26.0,5,12,8,1999
26.0,5,12,9,2005
26.0,5,12,10,2011
26.0,5,12,11,2017
26.0,5,12,12,2023
26.0,5,12,13,2029
26.0,5,12,14,2035
26.0,5,12,15,2041
26.0,5,13,0,1955
26.0,5,13,1,1962
26.0,5,13,2,1968
26.0,5,13,3,1974
26.0,5,13,4,1980
26.0,5,13,5,1987
26.0,5,13,6,1993
26.0,5,13,7,1999
26.0,5,13,8,2005
26.0,5,13,9,2011
26.0,5,13,10,2017
26.0,5,13,11,2023
26.0,5,13,12,2030
26.0,5,13,13,2036
26.0,5,13,14,2042
26.0,5,13,15,2048
26.0,5,14,0,1961
26.0,5,14,1,1968
26.0,5,14,2,1974
26.0,5,14,3,1980
26.0,5,14,4,1986
26.0,5,14,5,1993
26.0,5,14,6,1999
26.0,5,14,7,2005
26.0,5,14,8,2011
26.0,5,14,9,2017
26.0,5,14,10,2024
26.0,5,14,11,2030
26.0,5,14,12,2036
26.0,5,14,13,2042
26.0,5,14,14,2048
26.0,5,14,15,2054
26.0,5,15,0,1967
26.0,5,15,1,1974
26.0,5,15,2,1980
26.0,5,15,3,1986
26.0,5,15,4,1992
26.0,5,15,5,1999
26.0,5,15,6,2005
26.0,5,15,7,2011
26.0,5,15,8,2017
26.0,5,15,9,2024
26.0,5,15,10,2030
26.0,5,15,11,2036
26.0,5,15,12,2042
26.0,5,15,13,2048
26.0,5,15,14,2054
26.0,5,15,15,2060
26.0,6,0,0,1882
26.0,6,0,1,1888
26.0,6,0,2,1894
26.0,6,0,3,1900
26.0,6,0,4,1906
26.0,6,0,5,1912
26.0,6,0,6,1918
26.0,6,0,7,1924
26.0,6,0,8,1930
26.0,6,0,9,1936
26.0,6,0,10,1942
26.0,6,0,11,1948
26.0,6,0,12,1954
26.0,6,0,13,1960
26.0,6,0,14,1965
26.0,6,0,15,1971
26.0,6,1,0,1888
26.0,6,1,1,1895
26.0,6,1,2,1901
26.0,6,1,3,1907
26.0,6,1,4,1913
26.0,6,1,5,1919
26.0,6,1,6,1925
26.0,6,1,7,1931
26.0,6,1,8,1937
26.0,6,1,9,1943
26.0,6,1,10,1948
26.0,6,1,11,1954
26.0,6,1,12,1960
26.0,6,1,13,1966
26.0,6,1,14,1972
26.0,6,1,15,1978
26.0,6,2,0,1895
26.0,6,2,1,1901
26.0,6,2,2,1907
26.0,6,2,3,1913
26.0,6,2,4,1919
26.0,6,2,5,1925
26.0,6,2,6,1931
26.0,6,2,7,1937
26.0,6,2,8,1943
26.0,6,2,9,1949
26.0,6,2,10,1955
26.0,6,2,11,1961
26.0,6,2,12,1967
26.0,6,2,13,1973
26.0,6,2,14,1979
26.0,6,2,15,1984
26.0,6,3,0,1901
26.0,6,3,1,1907
26.0,6,3,2,1913
26.0,6,3,3,1919
26.0,6,3,4,1925
26.0,6,3,5,1931
26.0,6,3,6,1937
26.0,6,3,7,1943
26.0,6,3,8,1949
26.0,6,3,9,1955
26.0,6,3,10,1961
26.0,6,3,11,1967
26.0,6,3,12,1973
26.0,6,3,13,1979
26.0,6,3,14,1985
26.0,6,3,15,1991
26.0,6,4,0,1907
26.0,6,4,1,1913
26.0,6,4,2,1920
26.0,6,4,3,1926
26.0,6,4,4,1932
26.0,6,4,5,1938
26.0,6,4,6,1944
26.0,6,4,7,1950
26.0,6,4,8,1956
26.0,6,4,9,1962
26.0,6,4,10,1968
26.0,6,4,11,1974
26.0,6,4,12,1980
26.0,6,4,13,1986
26.0,6,4,14,1992
26.0,6,4,15,1997
26.0,6,5,0,1914
26.0,6,5,1,1920
26.0,6,5,2,1926
26.0,6,5,3,1932
26.0,6,5,4,1938
26.0,6,5,5,1944
26.0,6,5,6,1950
26.0,6,5,7,1956
26.0,6,5,8,1962
26.0,6,5,9,1968
26.0,6,5,10,1974
26.0,6,5,11,1980
26.0,6,5,12,1986
26.0,6,5,13,1992
26.0,6,5,14,1998
26.0,6,5,15,2004
26.0,6,6,0,1920
26.0,6,6,1,1926
26.0,6,6,2,1932
26.0,6,6,3,1938
26.0,6,6,4,1944
26.0,6,6,5,1950
26.0,6,6,6,1957
26.0,6,6,7,1963
26.0,6,6,8,1969
26.0,6,6,9,1975
26.0,6,6,10,1981
26.0,6,6,11,1987
26.0,6,6,12,1993
26.0,6,6,13,1999
26.0,6,6,14,2005
26.0,6,6,15,2010
26.0,6,7,0,1926
26.0,6,7,1,1932
26.0,6,7,2,1938
26.0,6,7,3,1944
26.0,6,7,4,1951
26.0,6,7,5,1957
26.0,6,7,6,1963
26.0,6,7,7,1969
26.0,6,7,8,1975
26.0,6,7,9,1981
26.0,6,7,10,1987
26.0,6,7,11,1993
26.0,6,7,12,1999
26.0,6,7,13,2005
26.0,6,7,14,2011
26.0,6,7,15,2017
26.0,6,8,0,1932
26.0,6,8,1,1938
26.0,6,8,2,1944
26.0,6,8,3,1951
26.0,6,8,4,1957
26.0,6,8,5,1963
26.0,6,8,6,1969
26.0,6,8,7,1975
26.0,6,8,8,1981
26.0,6,8,9,1987
26.0,6,8,10,1993
26.0,6,8,11,1999
26.0,6,8,12,2005
26.0,6,8,13,2011
26.0,6,8,14,2017
26.0,6,8,15,2023
26.0,6,9,0,1938
26.0,6,9,1,1944
26.0,6,9,2,1951
26.0,6,9,3,1957
26.0,6,9,4,1963
26.0,6,9,5,1969
26.0,6,9,6,1975
26.0,6,9,7,1981
26.0,6,9,8,1988
26.0,6,9,9,1994
26.0,6,9,10,2000
26.0,6,9,11,2006
26.0,6,9,12,2012
26.0,6,9,13,2018
26.0,6,9,14,2024
26.0,6,9,15,2030
26.0,6,10,0,1944
26.0,6,10,1,1951
26.0,6,10,2,1957
26.0,6,10,3,1963
26.0,6,10,4,1969
26.0,6,10,5,1975
26.0,6,10,6,1982
26.0,6,10,7,1988
26.0,6,10,8,1994
26.0,6,10,9,2000
26.0,6,10,10,2006
26.0,6,10,11,2012
26.0,6,10,12,2018
26.0,6,10,13,2024
26.0,6,10,14,2030
26.0,6,10,15,2036
26.0,6,11,0,1950
26.0,6,11,1,1957
26.0,6,11,2,1963
26.0,6,11,3,1969
26.0,6,11,4,1975
26.0,6,11,5,1982
26.0,6,11,6,1988
26.0,6,11,7,1994
26.0,6,11,8,2000
26.0,6,11,9,2006
26.0,6,11,10,2012
26.0,6,11,11,2018
26.0,6,11,12,2025
26.0,6,11,13,2031
26.0,6,11,14,2037
26.0,6,11,15,2043
26.0,6,12,0,1957
26.0,6,12,1,1963
26.0,6,12,2,1969
26.0,6,12,3,1975
26.0,6,12,4,1982
26.0,6,12,5,1988
26.0,6,12,6,1994
26.0,6,12,7,2000
26.0,6,12,8,2006
26.0,6,12,9,2013
26.0,6,12,10,2019
26.0,6,12,11,2025
26.0,6,12,12,2031
26.0,6,12,13,2037
26.0,6,12,14,2043
26.0,6,12,15,2049
26.0,6,13,0,1963
26.0,6,13,1,1969
26.0,6,13,2,1975
26.0,6,13,3,1981
26.0,6,13,4,1988
26.0,6,13,5,1994
26.0,6,13,6,2000
26.0,6,13,7,2006
26.0,6,13,8,2013
26.0,6,13,9,2019
26.0,6,13,10,2025
26.0,6,13,11,2031
26.0,6,13,12,2037
26.0,6,13,13,2043
26.0,6,13,14,2049
26.0,6,13,15,2055
26.0,6,14,0,1969
26.0,6,14,1,1975
26.0,6,14,2,1981
26.0,6,14,3,1988
26.0,6,14,4,1994
26.0,6,14,5,2000
26.0,6,14,6,2006
26.0,6,14,7,2013
26.0,6,14,8,2019
26.0,6,14,9,2025
26.0,6,14,10,2031
26.0,6,14,11,2037
26.0,6,14,12,2043
26.0,6,14,13,2050
26.0,6,14,14,2056
26.0,6,14,15,2062
26.0,6,15,0,1975
26.0,6,15,1,1981
26.0,6,15,2,1987
26.0,6,15,3,1994
26.0,6,15,4,2000
26.0,6,15,5,2006
26.0,6,15,6,2013
26.0,6,15,7,2019
26.0,6,15,8,2025
26.0,6,15,9,2031
26.0,6,15,10,2037
26.0,6,15,11,2044
26.0,6,15,12,2050
26.0,6,15,13,2056
26.0,6,15,14,2062
26.0,6,15,15,2068
26.0,7,0,0,1889
26.0,7,0,1,1895
26.0,7,0,2,1901
26.0,7,0,3,1907
26.0,7,0,4,1913
26.0,7,0,5,1919
26.0,7,0,6,1925
26.0,7,0,7,1931
26.0,7,0,8,1937
26.0,7,0,9,1943
26.0,7,0,10,1949
26.0,7,0,11,1955
26.0,7,0,12,1961
26.0,7,0,13,1967
26.0,7,0,14,1973
26.0,7,0,15,1979
26.0,7,1,0,1896
26.0,7,1,1,1902
26.0,7,1,2,1908
26.0,7,1,3,1914
26.0,7,1,4,1920
26.0,7,1,5,1926
26.0,7,1,6,1932
26.0,7,1,7,1938
26.0,7,1,8,1944
26.0,7,1,9,1950
26.0,7,1,10,1956
26.0,7,1,11,1962
26.0,7,1,12,1968
26.0,7,1,13,1973
26.0,7,1,14,1979
26.0,7,1,15,1985
26.0,7,2,0,1902
26.0,7,2,1,1908
26.0,7,2,2,1914
26.0,7,2,3,1920
26.0,7,2,4,1926
26.0,7,2,5,1932
26.0,7,2,6,1938
26.0,7,2,7,1944
26.0,7,2,8,1950
26.0,7,2,9,1956
26.0,7,2,10,1962
26.0,7,2,11,1968
26.0,7,2,12,1974
26.0,7,2,13,1980
26.0,7,2,14,1986
26.0,7,2,15,1992
26.0,7,3,0,1908
26.0,7,3,1,1914
26.0,7,3,2,1920
26.0,7,3,3,1927
26.0,7,3,4,1933
26.0,7,3,5,1939
26.0,7,3,6,1945
26.0,7,3,7,1951
26.0,7,3,8,1957
26.0,7,3,9,1963
26.0,7,3,10,1969
26.0,7,3,11,1975
26.0,7,3,12,1981
26.0,7,3,13,1987
26.0,7,3,14,1992
26.0,7,3,15,1998
26.0,7,4,0,1914
26.0,7,4,1,1921
26.0,7,4,2,1927
26.0,7,4,3,1933
26.0,7,4,4,1939
26.0,7,4,5,1945
26.0,7,4,6,1951
26.0,7,4,7,1957
26.0,7,4,8,1963
26.0,7,4,9,1969
26.0,7,4,10,1975
26.0,7,4,11,1981
26.0,7,4,12,1987
26.0,7,4,13,1993
26.0,7,4,14,1999
26.0,7,4,15,2005
26.0,7,5,0,1921
26.0,7,5,1,1927
26.0,7,5,2,1933
26.0,7,5,3,1939
26.0,7,5,4,1945
26.0,7,5,5,1951
26.0,7,5,6,1957
26.0,7,5,7,1964
26.0,7,5,8,1970
26.0,7,5,9,1976
26.0,7,5,10,1982
26.0,7,5,11,1988
26.0,7,5,12,1994
26.0,7,5,13,2000
26.0,7,5,14,2006
26.0,7,5,15,2011
26.0,7,6,0,1927
26.0,7,6,1,1933
26.0,7,6,2,1939
26.0,7,6,3,1945
26.0,7,6,4,1952
26.0,7,6,5,1958
26.0,7,6,6,1964
26.0,7,6,7,1970
26.0,7,6,8,1976
26.0,7,6,9,1982
26.0,7,6,10,1988
26.0,7,6,11,1994
26.0,7,6,12,2000
26.0,7,6,13,2006
26.0,7,6,14,2012
26.0,7,6,15,2018
26.0,7,7,0,1933
26.0,7,7,1,1939
26.0,7,7,2,1946
26.0,7,7,3,1952
26.0,7,7,4,1958
26.0,7,7,5,1964
26.0,7,7,6,1970
26.0,7,7,7,1976
26.0,7,7,8,1982
26.0,7,7,9,1988
26.0,7,7,10,1995
26.0,7,7,11,2001
26.0,7,7,12,2007
26.0,7,7,13,2013
26.0,7,7,14,2019
26.0,7,7,15,2025
26.0,7,8,0,1939
26.0,7,8,1,1946
26.0,7,8,2,1952
26.0,7,8,3,1958
26.0,7,8,4,1964
26.0,7,8,5,1970
26.0,7,8,6,1976
26.0,7,8,7,1983
26.0,7,8,8,1989
26.0,7,8,9,1995
26.0,7,8,10,2001
26.0,7,8,11,2007
26.0,7,8,12,2013
26.0,7,8,13,2019
26.0,7,8,14,2025
26.0,7,8,15,2031
26.0,7,9,0,1945
26.0,7,9,1,1952
26.0,7,9,2,1958
26.0,7,9,3,1964
26.0,7,9,4,1970
26.0,7,9,5,1977
26.0,7,9,6,1983
26.0,7,9,7,1989
26.0,7,9,8,1995
26.0,7,9,9,2001
26.0,7,9,10,2007
26.0,7,9,11,2013
26.0,7,9,12,2019
26.0,7,9,13,2025
26.0,7,9,14,2031
26.0,7,9,15,2037
26.0,7,10,0,1952
26.0,7,10,1,1958
26.0,7,10,2,1964
26.0,7,10,3,1970
26.0,7,10,4,1977
26.0,7,10,5,1983
26.0,7,10,6,1989
26.0,7,10,7,1995
26.0,7,10,8,2001
26.0,7,10,9,2007
26.0,7,10,10,2014
26.0,7,10,11,2020
26.0,7,10,12,2026
26.0,7,10,13,2032
26.0,7,10,14,2038
26.0,7,10,15,2044
26.0,7,11,0,1958
26.0,7,11,1,1964
26.0,7,11,2,1970
26.0,7,11,3,1977
26.0,7,11,4,1983
26.0,7,11,5,1989
26.0,7,11,6,1995
26.0,7,11,7,2001
26.0,7,11,8,2008
26.0,7,11,9,2014
26.0,7,11,10,2020
26.0,7,11,11,2026
26.0,7,11,12,2032
26.0,7,11,13,2038
26.0,7,11,14,2044
26.0,7,11,15,2050
26.0,7,12,0,1964
26.0,7,12,1,1970
26.0,7,12,2,1976
26.0,7,12,3,1983
26.0,7,12,4,1989
26.0,7,12,5,1995
26.0,7,12,6,2002
26.0,7,12,7,2008
26.0,7,12,8,2014
26.0,7,12,9,2020
26.0,7,12,10,2026
26.0,7,12,11,2032
26.0,7,12,12,2038
26.0,7,12,13,2045
26.0,7,12,14,2051
26.0,7,12,15,2057
26.0,7,13,0,1970
26.0,7,13,1,1976
26.0,7,13,2,1983
26.0,7,13,3,1989
26.0,7,13,4,1995
26.0,7,13,5,2001
26.0,7,13,6,2008
26.0,7,13,7,2014
26.0,7,13,8,2020
26.0,7,13,9,2026
26.0,7,13,10,2033
26.0,7,13,11,2039
26.0,7,13,12,2045
26.0,7,13,13,2051
26.0,7,13,14,2057
26.0,7,13,15,2063
26.0,7,14,0,1976
26.0,7,14,1,1982
26.0,7,14,2,1989
26.0,7,14,3,1995
26.0,7,14,4,2001
26.0,7,14,5,2008
26.0,7,14,6,2014
26.0,7,14,7,2020
26.0,7,14,8,2026
26.0,7,14,9,2033
26.0,7,14,10,2039
26.0,7,14,11,2045
26.0,7,14,12,2051
26.0,7,14,13,2057
26.0,7,14,14,2063
26.0,7,14,15,2069
26.0,7,15,0,1982
26.0,7,15,1,1988
26.0,7,15,2,1995
26.0,7,15,3,2001
26.0,7,15,4,2007
26.0,7,15,5,2014
26.0,7,15,6,2020
26.0,7,15,7,2026
26.0,7,15,8,2033
26.0,7,15,9,2039
26.0,7,15,10,2045
26.0,7,15,11,2051
26.0,7,15,12,2057
26.0,7,15,13,2064
26.0,7,15,14,2070
26.0,7,15,15,2076
26.0,8,0,0,1896
26.0,8,0,1,1902
26.0,8,0,2,1908
26.0,8,0,3,1915
26.0,8,0,4,1921
26.0,8,0,5,1927
26.0,8,0,6,1933
26.0,8,0,7,1939
26.0,8,0,8,1945
26.0,8,0,9,1951
26.0,8,0,10,1957
26.0,8,0,11,1962
26.0,8,0,12,1968
26.0,8,0,13,1974
26.0,8,0,14,1980
26.0,8,0,15,1986
26.0,8,1,0,1903
26.0,8,1,1,1909
26.0,8,1,2,1915
26.0,8,1,3,1921
26.0,8,1,4,1927
26.0,8,1,5,1933
26.0,8,1,6,1939
26.0,8,1,7,1945
26.0,8,1,8,1951
26.0,8,1,9,1957
26.0,8,1,10,1963
26.0,8,1,11,1969
26.0,8,1,12,1975
26.0,8,1,13,1981
26.0,8,1,14,1987
26.0,8,1,15,1993
26.0,8,2,0,1909
26.0,8,2,1,1915
26.0,8,2,2,1921
26.0,8,2,3,1927
26.0,8,2,4,1933
26.0,8,2,5,1940
26.0,8,2,6,1946
26.0,8,2,7,1952
26.0,8,2,8,1958
26.0,8,2,9,1964
26.0,8,2,10,1970
26.0,8,2,11,1976
26.0,8,2,12,1981
26.0,8,2,13,1987
26.0,8,2,14,1993
26.0,8,2,15,1999
26.0,8,3,0,1915
26.0,8,3,1,1921
26.0,8,3,2,1928
26.0,8,3,3,1934
26.0,8,3,4,1940
26.0,8,3,5,1946
26.0,8,3,6,1952
26.0,8,3,7,1958
26.0,8,3,8,1964
26.0,8,3,9,1970
26.0,8,3,10,1976
26.0,8,3,11,1982
26.0,8,3,12,1988
26.0,8,3,13,1994
26.0,8,3,14,2000
26.0,8,3,15,2006
26.0,8,4,0,1922
26.0,8,4,1,1928
26.0,8,4,2,1934
26.0,8,4,3,1940
26.0,8,4,4,1946
26.0,8,4,5,1952
26.0,8,4,6,1958
26.0,8,4,7,1964
26.0,8,4,8,1971
26.0,8,4,9,1977
26.0,8,4,10,1983
26.0,8,4,11,1989
26.0,8,4,12,1995
26.0,8,4,13,2001
26.0,8,4,14,2006
26.0,8,4,15,2012
26.0,8,5,0,1928
26.0,8,5,1,1934
26.0,8,5,2,1940
26.0,8,5,3,1946
26.0,8,5,4,1953
26.0,8,5,5,1959
26.0,8,5,6,1965
26.0,8,5,7,1971
26.0,8,5,8,1977
26.0,8,5,9,1983
26.0,8,5,10,1989
26.0,8,5,11,1995
26.0,8,5,12,2001
26.0,8,5,13,2007
26.0,8,5,14,2013
26.0,8,5,15,2019
26.0,8,6,0,1934
26.0,8,6,1,1940
26.0,8,6,2,1947
26.0,8,6,3,1953
26.0,8,6,4,1959
26.0,8,6,5,1965
26.0,8,6,6,1971
26.0,8,6,7,1977
26.0,8,6,8,1983
26.0,8,6,9,1989
26.0,8,6,10,1996
26.0,8,6,11,2002
26.0,8,6,12,2008
26.0,8,6,13,2014
26.0,8,6,14,2020
26.0,8,6,15,2026
26.0,8,7,0,1940
26.0,8,7,1,1947
26.0,8,7,2,1953
26.0,8,7,3,1959
26.0,8,7,4,1965
26.0,8,7,5,1971
26.0,8,7,6,1978
26.0,8,7,7,1984
26.0,8,7,8,1990
26.0,8,7,9,1996
26.0,8,7,10,2002
26.0,8,7,11,2008
26.0,8,7,12,2014
26.0,8,7,13,2020
26.0,8,7,14,2026
26.0,8,7,15,2032
26.0,8,8,0,1947
26.0,8,8,1,1953
26.0,8,8,2,1959
26.0,8,8,3,1965
26.0,8,8,4,1971
26.0,8,8,5,1978
26.0,8,8,6,1984
26.0,8,8,7,1990
26.0,8,8,8,1996
26.0,8,8,9,2002
26.0,8,8,10,2008
26.0,8,8,11,2014
26.0,8,8,12,2020
26.0,8,8,13,2027
26.0,8,8,14,2033
26.0,8,8,15,2039
26.0,8,9,0,1953
26.0,8,9,1,1959
26.0,8,9,2,1965
26.0,8,9,3,1972
26.0,8,9,4,1978
26.0,8,9,5,1984
26.0,8,9,6,1990
26.0,8,9,7,1996
26.0,8,9,8,2002
26.0,8,9,9,2009
26.0,8,9,10,2015
26.0,8,9,11,2021
26.0,8,9,12,2027
26.0,8,9,13,2033
26.0,8,9,14,2039
26.0,8,9,15,2045
26.0,8,10,0,1959
26.0,8,10,1,1965
26.0,8,10,2,1971
26.0,8,10,3,1978
26.0,8,10,4,1984
26.0,8,10,5,1990
26.0,8,10,6,1996
26.0,8,10,7,2003
26.0,8,10,8,2009
26.0,8,10,9,2015
26.0,8,10,10,2021
26.0,8,10,11,2027
26.0,8,10,12,2033
26.0,8,10,13,2039
26.0,8,10,14,2045
26.0,8,10,15,2052
26.0,8,11,0,1965
26.0,8,11,1,1971
26.0,8,11,2,1978
26.0,8,11,3,1984
26.0,8,11,4,1990
26.0,8,11,5,1996
26.0,8,11,6,2003
26.0,8,11,7,2009
26.0,8,11,8,2015
26.0,8,11,9,2021
26.0,8,11,10,2027
26.0,8,11,11,2034
26.0,8,11,12,2040
26.0,8,11,13,2046
26.0,8,11,14,2052
26.0,8,11,15,2058
26.0,8,12,0,1971
26.0,8,12,1,1978
26.0,8,12,2,1984
26.0,8,12,3,1990
26.0,8,12,4,1996
26.0,8,12,5,2003
26.0,8,12,6,2009
26.0,8,12,7,2015
26.0,8,12,8,2021
26.0,8,12,9,2028
26.0,8,12,10,2034
26.0,8,12,11,2040
26.0,8,12,12,2046
26.0,8,12,13,2052
26.0,8,12,14,2058
26.0,8,12,15,2064
26.0,8,13,0,1977
26.0,8,13,1,1984
26.0,8,13,2,1990
26.0,8,13,3,1996
26.0,8,13,4,2003
26.0,8,13,5,2009
26.0,8,13,6,2015
26.0,8,13,7,2021
26.0,8,13,8,2028
26.0,8,13,9,2034
26.0,8,13,10,2040
26.0,8,13,11,2046
26.0,8,13,12,2052
26.0,8,13,13,2059
26.0,8,13,14,2065
26.0,8,13,15,2071
26.0,8,14,0,1983
26.0,8,14,1,1990
26.0,8,14,2,1996
26.0,8,14,3,2002
26.0,8,14,4,2009
26.0,8,14,5,2015
26.0,8,14,6,2021
26.0,8,14,7,2028
26.0,8,14,8,2034
26.0,8,14,9,2040
26.0,8,14,10,2046
26.0,8,14,11,2053
26.0,8,14,12,2059
26.0,8,14,13,2065
26.0,8,14,14,2071
26.0,8,14,15,2077
26.0,8,15,0,1989
26.0,8,15,1,1996
26.0,8,15,2,2002
26.0,8,15,3,2009
26.0,8,15,4,2015
26.0,8,15,5,2021
26.0,8,15,6,2028
26.0,8,15,7,2034
26.0,8,15,8,2040
26.0,8,15,9,2046
26.0,8,15,10,2053
26.0,8,15,11,2059
26.0,8,15,12,2065
26.0,8,15,13,2071
26.0,8,15,14,2077
26.0,8,15,15,2084
26.0,9,0,0,1903
26.0,9,0,1,1909
26.0,9,0,2,1916
26.0,9,0,3,1922
26.0,9,0,4,1928
26.0,9,0,5,1934
26.0,9,0,6,1940
26.0,9,0,7,1946
26.0,9,0,8,1952
26.0,9,0,9,1958
26.0,9,0,10,1964
26.0,9,0,11,1970
26.0,9,0,12,1976
26.0,9,0,13,1982
26.0,9,0,14,1987
26.0,9,0,15,1993
26.0,9,1,0,1910
26.0,9,1,1,1916
26.0,9,1,2,1922
26.0,9,1,3,1928
26.0,9,1,4,1934
26.0,9,1,5,1940
26.0,9,1,6,1946
26.0,9,1,7,1952
26.0,9,1,8,1958
26.0,9,1,9,1964
26.0,9,1,10,1970
26.0,9,1,11,1976
26.0,9,1,12,1982
26.0,9,1,13,1988
26.0,9,1,14,1994
26.0,9,1,15,2000
26.0,9,2,0,1916
26.0,9,2,1,1922
26.0,9,2,2,1928
26.0,9,2,3,1935
26.0,9,2,4,1941
26.0,9,2,5,1947
26.0,9,2,6,1953
26.0,9,2,7,1959
26.0,9,2,8,1965
26.0,9,2,9,1971
26.0,9,2,10,1977
26.0,9,2,11,1983
26.0,9,2,12,1989
26.0,9,2,13,1995
26.0,9,2,14,2001
26.0,9,2,15,2007
26.0,9,3,0,1922
26.0,9,3,1,1929
26.0,9,3,2,1935
26.0,9,3,3,1941
26.0,9,3,4,1947
26.0,9,3,5,1953
26.0,9,3,6,1959
26.0,9,3,7,1965
26.0,9,3,8,1971
26.0,9,3,9,1977
26.0,9,3,10,1983
26.0,9,3,11,1989
26.0,9,3,12,1995
26.0,9,3,13,2001
26.0,9,3,14,2007
26.0,9,3,15,2013
26.0,9,4,0,1929
26.0,9,4,1,1935
26.0,9,4,2,1941
26.0,9,4,3,1947
26.0,9,4,4,1953
26.0,9,4,5,1960
26.0,9,4,6,1966
26.0,9,4,7,1972
26.0,9,4,8,1978
26.0,9,4,9,1984
26.0,9,4,10,1990
26.0,9,4,11,1996
26.0,9,4,12,2002
26.0,9,4,13,2008
26.0,9,4,14,2014
26.0,9,4,15,2020
26.0,9,5,0,1935
26.0,9,5,1,1941
26.0,9,5,2,1947
26.0,9,5,3,1954
26.0,9,5,4,1960
26.0,9,5,5,1966
26.0,9,5,6,1972
26.0,9,5,7,1978
26.0,9,5,8,1984
26.0,9,5,9,1990
26.0,9,5,10,1996
26.0,9,5,11,2003
26.0,9,5,12,2009
26.0,9,5,13,2015
26.0,9,5,14,2021
26.0,9,5,15,2026
26.0,9,6,0,1941
26.0,9,6,1,1948
26.0,9,6,2,1954
26.0,9,6,3,1960
26.0,9,6,4,1966
26.0,9,6,5,1972
26.0,9,6,6,1979
26.0,9,6,7,1985
26.0,9,6,8,1991
26.0,9,6,9,1997
26.0,9,6,10,2003
26.0,9,6,11,2009
26.0,9,6,12,2015
26.0,9,6,13,2021
26.0,9,6,14,2027
26.0,9,6,15,2033
26.0,9,7,0,1948
26.0,9,7,1,1954
26.0,9,7,2,1960
26.0,9,7,3,1966
26.0,9,7,4,1973
26.0,9,7,5,1979
26.0,9,7,6,1985
26.0,9,7,7,1991
26.0,9,7,8,1997
26.0,9,7,9,2003
26.0,9,7,10,2009
26.0,9,7,11,2015
26.0,9,7,12,2022
26.0,9,7,13,2028
26.0,9,7,14,2034
26.0,9,7,15,2040
26.0,9,8,0,1954
26.0,9,8,1,1960
26.0,9,8,2,1966
26.0,9,8,3,1973
26.0,9,8,4,1979
26.0,9,8,5,1985
26.0,9,8,6,1991
26.0,9,8,7,1997
26.0,9,8,8,2004
26.0,9,8,9,2010
26.0,9,8,10,2016
26.0,9,8,11,2022
26.0,9,8,12,2028
26.0,9,8,13,2034
26.0,9,8,14,2040
26.0,9,8,15,2046
26.0,9,9,0,1960
26.0,9,9,1,1966
26.0,9,9,2,1973
26.0,9,9,3,1979
26.0,9,9,4,1985
26.0,9,9,5,1991
26.0,9,9,6,1998
26.0,9,9,7,2004
26.0,9,9,8,2010
26.0,9,9,9,2016
26.0,9,9,10,2022
26.0,9,9,11,2028
26.0,9,9,12,2034
26.0,9,9,13,2041
26.0,9,9,14,2047
26.0,9,9,15,2053
26.0,9,10,0,1966
26.0,9,10,1,1973
26.0,9,10,2,1979
26.0,9,10,3,1985
26.0,9,10,4,1991
26.0,9,10,5,1998
26.0,9,10,6,2004
26.0,9,10,7,2010
26.0,9,10,8,2016
26.0,9,10,9,2022
26.0,9,10,10,2029
26.0,9,10,11,2035
26.0,9,10,12,2041
26.0,9,10,13,2047
26.0,9,10,14,2053
26.0,9,10,15,2059
26.0,9,11,0,1972
26.0,9,11,1,1979
26.0,9,11,2,1985
26.0,9,11,3,1991
26.0,9,11,4,1998
26.0,9,11,5,2004
26.0,9,11,6,2010
26.0,9,11,7,2016
26.0,9,11,8,2023
26.0,9,11,9,2029
26.0,9,11,10,2035
26.0,9,11,11,2041
26.0,9,11,12,2047
26.0,9,11,13,2053
26.0,9,11,14,2060
26.0,9,11,15,2066
26.0,9,12,0,1979
26.0,9,12,1,1985
26.0,9,12,2,1991
26.0,9,12,3,1998
26.0,9,12,4,2004
26.0,9,12,5,2010
26.0,9,12,6,2016
26.0,9,12,7,2023
26.0,9,12,8,2029
26.0,9,12,9,2035
26.0,9,12,10,2041
26.0,9,12,11,2048
26.0,9,12,12,2054
26.0,9,12,13,2060
26.0,9,12,14,2066
26.0,9,12,15,2072
26.0,9,13,0,1985
26.0,9,13,1,1991
26.0,9,13,2,1997
26.0,9,13,3,2004
26.0,9,13,4,2010
26.0,9,13,5,2016
26.0,9,13,6,2023
26.0,9,13,7,2029
26.0,9,13,8,2035
26.0,9,13,9,2041
26.0,9,13,10,2048
26.0,9,13,11,2054
26.0,9,13,12,2060
26.0,9,13,13,2066
26.0,9,13,14,2072
26.0,9,13,15,2078
26.0,9,14,0,1991
26.0,9,14,1,1997
26.0,9,14,2,2004
26.0,9,14,3,2010
26.0,9,14,4,2016
26.0,9,14,5,2023
26.0,9,14,6,2029
26.0,9,14,7,2035
26.0,9,14,8,2042
26.0,9,14,9,2048
26.0,9,14,10,2054
26.0,9,14,11,2060
26.0,9,14,12,2066
26.0,9,14,13,2073
26.0,9,14,14,2079
26.0,9,14,15,2085
26.0,9,15,0,1997
26.0,9,15,1,2003
26.0,9,15,2,2010
26.0,9,15,3,2016
26.0,9,15,4,2022
26.0,9,15,5,2029
26.0,9,15,6,2035
26.0,9,15,7,2041
26.0,9,15,8,2048
26.0,9,15,9,2054
26.0,9,15,10,2060
26.0,9,15,11,2067
26.0,9,15,12,2073
26.0,9,15,13,2079
26.0,9,15,14,2085
26.0,9,15,15,2091
26.0,10,0,0,1910
26.0,10,0,1,1917
26.0,10,0,2,1923
26.0,10,0,3,1929
26.0,10,0,4,1935
26.0,10,0,5,1941
26.0,10,0,6,1947
26.0,10,0,7,1953
26.0,10,0,8,1959
26.0,10,0,9,1965
26.0,10,0,10,1971
26.0,10,0,11,1977
26.0,10,0,12,1983
26.0,10,0,13,1989
26.0,10,0,14,1995
26.0,10,0,15,2001
26.0,10,1,0,1917
26.0,10,1,1,1923
26.0,10,1,2,1929
26.0,10,1,3,1935
26.0,10,1,4,1941
26.0,10,1,5,1947
26.0,10,1,6,1954
26.0,10,1,7,1960
26.0,10,1,8,1966
26.0,10,1,9,1972
26.0,10,1,10,1978
26.0,10,1,11,1984
26.0,10,1,12,1990
26.0,10,1,13,1996
26.0,10,1,14,2001
26.0,10,1,15,2007
26.0,10,2,0,1923
26.0,10,2,1,1929
26.0,10,2,2,1936
26.0,10,2,3,1942
26.0,10,2,4,1948
26.0,10,2,5,1954
26.0,10,2,6,1960
26.0,10,2,7,1966
26.0,10,2,8,1972
26.0,10,2,9,1978
26.0,10,2,10,1984
26.0,10,2,11,1990
26.0,10,2,12,1996
26.0,10,2,13,2002
26.0,10,2,14,2008
26.0,10,2,15,2014
26.0,10,3,0,1930
26.0,10,3,1,1936
26.0,10,3,2,1942
26.0,10,3,3,1948
26.0,10,3,4,1954
26.0,10,3,5,1960
26.0,10,3,6,1967
26.0,10,3,7,1973
26.0,10,3,8,1979
26.0,10,3,9,1985
26.0,10,3,10,1991
26.0,10,3,11,1997
26.0,10,3,12,2003
26.0,10,3,13,2009
26.0,10,3,14,2015
26.0,10,3,15,2021
26.0,10,4,0,1936
26.0,10,4,1,1942
26.0,10,4,2,1948
26.0,10,4,3,1955
26.0,10,4,4,1961
26.0,10,4,5,1967
26.0,10,4,6,1973
26.0,10,4,7,1979
26.0,10,4,8,1985
26.0,10,4,9,1991
26.0,10,4,10,1997
26.0,10,4,11,2003
26.0,10,4,12,2009
26.0,10,4,13,2015
26.0,10,4,14,2021
26.0,10,4,15,2027
26.0,10,5,0,1942
26.0,10,5,1,1948
26.0,10,5,2,1955
26.0,10,5,3,1961
26.0,10,5,4,1967
26.0,10,5,5,1973
26.0,10,5,6,1979
26.0,10,5,7,1986
26.0,10,5,8,1992
26.0,10,5,9,1998
26.0,10,5,10,2004
26.0,10,5,11,2010
26.0,10,5,12,2016
26.0,10,5,13,2022
26.0,10,5,14,2028
26.0,10,5,15,2034
26.0,10,6,0,1948
26.0,10,6,1,1955
26.0,10,6,2,1961
26.0,10,6,3,1967
26.0,10,6,4,1973
26.0,10,6,5,1980
26.0,10,6,6,1986
26.0,10,6,7,1992
26.0,10,6,8,1998
26.0,10,6,9,2004
26.0,10,6,10,2010
26.0,10,6,11,2016
26.0,10,6,12,2023
26.0,10,6,13,2029
26.0,10,6,14,2035
26.0,10,6,15,2041
26.0,10,7,0,1955
26.0,10,7,1,1961
26.0,10,7,2,1967
26.0,10,7,3,1974
26.0,10,7,4,1980
26.0,10,7,5,1986
26.0,10,7,6,1992
26.0,10,7,7,1998
26.0,10,7,8,2005
26.0,10,7,9,2011
26.0,10,7,10,2017
26.0,10,7,11,2023
26.0,10,7,12,2029
26.0,10,7,13,2035
26.0,10,7,14,2041
26.0,10,7,15,2047
26.0,10,8,0,1961
26.0,10,8,1,1967
26.0,10,8,2,1974
26.0,10,8,3,1980
26.0,10,8,4,1986
26.0,10,8,5,1992
26.0,10,8,6,1999
26.0,10,8,7,2005
26.0,10,8,8,2011
26.0,10,8,9,2017
26.0,10,8,10,2023
26.0,10,8,11,2029
26.0,10,8,12,2036
26.0,10,8,13,2042
26.0,10,8,14,2048
26.0,10,8,15,2054
26.0,10,9,0,1967
26.0,10,9,1,1974
26.0,10,9,2,1980
26.0,10,9,3,1986
26.0,10,9,4,1992
26.0,10,9,5,1999
26.0,10,9,6,2005
26.0,10,9,7,2011
26.0,10,9,8,2017
26.0,10,9,9,2024
26.0,10,9,10,2030
26.0,10,9,11,2036
26.0,10,9,12,2042
26.0,10,9,13,2048
26.0,10,9,14,2054
26.0,10,9,15,2060
26.0,10,10,0,1973
26.0,10,10,1,1980
26.0,10,10,2,1986
26.0,10,10,3,1992
26.0,10,10,4,1999
26.0,10,10,5,2005
26.0,10,10,6,2011
26.0,10,10,7,2018
26.0,10,10,8,2024
26.0,10,10,9,2030
26.0,10,10,10,2036
26.0,10,10,11,2042
26.0,10,10,12,2048
26.0,10,10,13,2055
26.0,10,10,14,2061
26.0,10,10,15,2067
26.0,10,11,0,1980
26.0,10,11,1,1986
26.0,10,11,2,1992
26.0,10,11,3,1999
26.0,10,11,4,2005
26.0,10,11,5,2011
26.0,10,11,6,2018
26.0,10,11,7,2024
26.0,10,11,8,2030
26.0,10,11,9,2036
26.0,10,11,10,2043
26.0,10,11,11,2049
26.0,10,11,12,2055
26.0,10,11,13,2061
26.0,10,11,14,2067
26.0,10,11,15,2073
26.0,10,12,0,1986
26.0,10,12,1,1992
26.0,10,12,2,1999
26.0,10,12,3,2005
26.0,10,12,4,2011
26.0,10,12,5,2018
26.0,10,12,6,2024
26.0,10,12,7,2030
26.0,10,12,8,2036
26.0,10,12,9,2043
26.0,10,12,10,2049
26.0,10,12,11,2055
26.0,10,12,12,2061
26.0,10,12,13,2067
26.0,10,12,14,2074
26.0,10,12,15,2080
26.0,10,13,0,1992
26.0,10,13,1,1998
26.0,10,13,2,2005
26.0,10,13,3,2011
26.0,10,13,4,2018
26.0,10,13,5,2024
26.0,10,13,6,2030
26.0,10,13,7,2036
26.0,10,13,8,2043
26.0,10,13,9,2049
26.0,10,13,10,2055
26.0,10,13,11,2061
26.0,10,13,12,2068
26.0,10,13,13,2074
26.0,10,13,14,2080
26.0,10,13,15,2086
26.0,10,14,0,1998
26.0,10,14,1,2005
26.0,10,14,2,2011
26.0,10,14,3,2017
26.0,10,14,4,2024
26.0,10,14,5,2030
26.0,10,14,6,2036
26.0,10,14,7,2043
26.0,10,14,8,2049
26.0,10,14,9,2055
26.0,10,14,10,2062
26.0,10,14,11,2068
26.0,10,14,12,2074
26.0,10,14,13,2080
26.0,10,14,14,2086
26.0,10,14,15,2093
26.0,10,15,0,2004
26.0,10,15,1,2011
26.0,10,15,2,2017
26.0,10,15,3,2024
26.0,10,15,4,2030
26.0,10,15,5,2036
26.0,10,15,6,2043
26.0,10,15,7,2049
26.0,10,15,8,2055
26.0,10,15,9,2062
26.0,10,15,10,2068
26.0,10,15,11,2074
26.0,10,15,12,2080
26.0,10,15,13,2087
26.0,10,15,14,2093
26.0,10,15,15,2099
26.0,11,0,0,1917
26.0,11,0,1,1924
26.0,11,0,2,1930
26.0,11,0,3,1936
26.0,11,0,4,1942
26.0,11,0,5,1948
26.0,11,0,6,1954
26.0,11,0,7,1960
26.0,11,0,8,1966
26.0,11,0,9,1972
26.0,11,0,10,1978
26.0,11,0,11,1984
26.0,11,0,12,1990
26.0,11,0,13,1996
26.0,11,0,14,2002
26.0,11,0,15,2008
26.0,11,1,0,1924
26.0,11,1,1,1930
26.0,11,1,2,1936
26.0,11,1,3,1942
26.0,11,1,4,1949
26.0,11,1,5,1955
26.0,11,1,6,1961
26.0,11,1,7,1967
26.0,11,1,8,1973
26.0,11,1,9,1979
26.0,11,1,10,1985
26.0,11,1,11,1991
26.0,11,1,12,1997
26.0,11,1,13,2003
26.0,11,1,14,2009
26.0,11,1,15,2015
26.0,11,2,0,1930
26.0,11,2,1,1936
26.0,11,2,2,1943
26.0,11,2,3,1949
26.0,11,2,4,1955
26.0,11,2,5,1961
26.0,11,2,6,1967
26.0,11,2,7,1973
26.0,11,2,8,1979
26.0,11,2,9,1986
26.0,11,2,10,1992
26.0,11,2,11,1998
26.0,11,2,12,2004
26.0,11,2,13,2010
26.0,11,2,14,2016
26.0,11,2,15,2022
26.0,11,3,0,1937
26.0,11,3,1,1943
26.0,11,3,2,1949
26.0,11,3,3,1955
26.0,11,3,4,1961
26.0,11,3,5,1968
26.0,11,3,6,1974
26.0,11,3,7,1980
26.0,11,3,8,1986
26.0,11,3,9,1992
26.0,11,3,10,1998
26.0,11,3,11,2004
26.0,11,3,12,2010
26.0,11,3,13,2016
26.0,11,3,14,2022
26.0,11,3,15,2028
26.0,11,4,0,1943
26.0,11,4,1,1949
26.0,11,4,2,1956
26.0,11,4,3,1962
26.0,11,4,4,1968
26.0,11,4,5,1974
26.0,11,4,6,1980
26.0,11,4,7,1986
26.0,11,4,8,1993
26.0,11,4,9,1999
26.0,11,4,10,2005
26.0,11,4,11,2011
26.0,11,4,12,2017
26.0,11,4,13,2023
26.0,11,4,14,2029
26.0,11,4,15,2035
26.0,11,5,0,1949
26.0,11,5,1,1956
26.0,11,5,2,1962
26.0,11,5,3,1968
26.0,11,5,4,1974
26.0,11,5,5,1981
26.0,11,5,6,1987
26.0,11,5,7,1993
26.0,11,5,8,1999
26.0,11,5,9,2005
26.0,11,5,10,2011
26.0,11,5,11,2017
26.0,11,5,12,2023
26.0,11,5,13,2029
26.0,11,5,14,2035
26.0,11,5,15,2042
26.0,11,6,0,1956
26.0,11,6,1,1962
26.0,11,6,2,1968
26.0,11,6,3,1975
26.0,11,6,4,1981
26.0,11,6,5,1987
26.0,11,6,6,1993
26.0,11,6,7,1999
26.0,11,6,8,2006
26.0,11,6,9,2012
26.0,11,6,10,2018
26.0,11,6,11,2024
26.0,11,6,12,2030
26.0,11,6,13,2036
26.0,11,6,14,2042
26.0,11,6,15,2048
26.0,11,7,0,1962
26.0,11,7,1,1968
26.0,11,7,2,1975
26.0,11,7,3,1981
26.0,11,7,4,1987
26.0,11,7,5,1993
26.0,11,7,6,2000
26.0,11,7,7,2006
26.0,11,7,8,2012
26.0,11,7,9,2018
26.0,11,7,10,2024
26.0,11,7,11,2030
26.0,11,7,12,2037
26.0,11,7,13,2043
26.0,11,7,14,2049
26.0,11,7,15,2055
26.0,11,8,0,1968
26.0,11,8,1,1975
26.0,11,8,2,1981
26.0,11,8,3,1987
26.0,11,8,4,1993
26.0,11,8,5,2000
26.0,11,8,6,2006
26.0,11,8,7,2012
26.0,11,8,8,2018
26.0,11,8,9,2025
26.0,11,8,10,2031
26.0,11,8,11,2037
26.0,11,8,12,2043
26.0,11,8,13,2049
26.0,11,8,14,2055
26.0,11,8,15,2061
26.0,11,9,0,1975
26.0,11,9,1,1981
26.0,11,9,2,1987
26.0,11,9,3,1994
26.0,11,9,4,2000
26.0,11,9,5,2006
26.0,11,9,6,2012
26.0,11,9,7,2019
26.0,11,9,8,2025
26.0,11,9,9,2031
26.0,11,9,10,2037
26.0,11,9,11,2043
26.0,11,9,12,2050
26.0,11,9,13,2056
26.0,11,9,14,2062
26.0,11,9,15,2068
26.0,11,10,0,1981
26.0,11,10,1,1987
26.0,11,10,2,1993
26.0,11,10,3,2000
26.0,11,10,4,2006
26.0,11,10,5,2012
26.0,11,10,6,2019
26.0,11,10,7,2025
26.0,11,10,8,2031
26.0,11,10,9,2037
26.0,11,10,10,2044
26.0,11,10,11,2050
26.0,11,10,12,2056
26.0,11,10,13,2062
26.0,11,10,14,2068
26.0,11,10,15,2074
26.0,11,11,0,1987
26.0,11,11,1,1993
26.0,11,11,2,2000
26.0,11,11,3,2006
26.0,11,11,4,2012
26.0,11,11,5,2019
26.0,11,11,6,2025
26.0,11,11,7,2031
26.0,11,11,8,2038
26.0,11,11,9,2044
26.0,11,11,10,2050
26.0,11,11,11,2056
26.0,11,11,12,2062
26.0,11,11,13,2069
26.0,11,11,14,2075
26.0,11,11,15,2081
26.0,11,12,0,1993
26.0,11,12,1,2000
26.0,11,12,2,2006
26.0,11,12,3,2012
26.0,11,12,4,2019
26.0,11,12,5,2025
26.0,11,12,6,2031
26.0,11,12,7,2038
26.0,11,12,8,2044
26.0,11,12,9,2050
26.0,11,12,10,2056
26.0,11,12,11,2063
26.0,11,12,12,2069
26.0,11,12,13,2075
26.0,11,12,14,2081
26.0,11,12,15,2087
26.0,11,13,0,1999
26.0,11,13,1,2006
26.0,11,13,2,2012
26.0,11,13,3,2019
26.0,11,13,4,2025
26.0,11,13,5,2031
26.0,11,13,6,2038
26.0,11,13,7,2044
26.0,11,13,8,2050
26.0,11,13,9,2057
26.0,11,13,10,2063
26.0,11,13,11,2069
26.0,11,13,12,2075
26.0,11,13,13,2082
26.0,11,13,14,2088
26.0,11,13,15,2094
26.0,11,14,0,2006
26.0,11,14,1,2012
26.0,11,14,2,2018
26.0,11,14,3,2025
26.0,11,14,4,2031
26.0,11,14,5,2038
26.0,11,14,6,2044
26.0,11,14,7,2050
26.0,11,14,8,2057
26.0,11,14,9,2063
26.0,11,14,10,2069
26.0,11,14,11,2075
26.0,11,14,12,2082
26.0,11,14,13,2088
26.0,11,14,14,2094
26.0,11,14,15,2100
26.0,11,15,0,2012
26.0,11,15,1,2018
26.0,11,15,2,2025
26.0,11,15,3,2031
26.0,11,15,4,2037
26.0,11,15,5,2044
26.0,11,15,6,2050
26.0,11,15,7,2057
26.0,11,15,8,2063
26.0,11,15,9,2069
26.0,11,15,10,2076
26.0,11,15,11,2082
26.0,11,15,12,2088
26.0,11,15,13,2094
26.0,11,15,14,2101
26.0,11,15,15,2107
26.0,12,0,0,1924
26.0,12,0,1,1931
26.0,12,0,2,1937
26.0,12,0,3,1943
26.0,12,0,4,1949
26.0,12,0,5,1955
26.0,12,0,6,1961
26.0,12,0,7,1967
26.0,12,0,8,1974
26.0,12,0,9,1980
26.0,12,0,10,1986
26.0,12,0,11,1992
26.0,12,0,12,1998
26.0,12,0,13,2004
26.0,12,0,14,2010
26.0,12,0,15,2015
26.0,12,1,0,1931
26.0,12,1,1,1937
26.0,12,1,2,1943
26.0,12,1,3,1950
26.0,12,1,4,1956
26.0,12,1,5,1962
26.0,12,1,6,1968
26.0,12,1,7,1974
26.0,12,1,8,1980
26.0,12,1,9,1986
26.0,12,1,10,1992
26.0,12,1,11,1998
26.0,12,1,12,2004
26.0,12,1,13,2010
26.0,12,1,14,2016
26.0,12,1,15,2022
26.0,12,2,0,1937
26.0,12,2,1,1944
26.0,12,2,2,1950
26.0,12,2,3,1956
26.0,12,2,4,1962
26.0,12,2,5,1968
26.0,12,2,6,1975
26.0,12,2,7,1981
26.0,12,2,8,1987
26.0,12,2,9,1993
26.0,12,2,10,1999
26.0,12,2,11,2005
26.0,12,2,12,2011
26.0,12,2,13,2017
26.0,12,2,14,2023
26.0,12,2,15,2029
26.0,12,3,0,1944
26.0,12,3,1,1950
26.0,12,3,2,1956
26.0,12,3,3,1962
26.0,12,3,4,1969
26.0,12,3,5,1975
26.0,12,3,6,1981
26.0,12,3,7,1987
26.0,12,3,8,1993
26.0,12,3,9,1999
26.0,12,3,10,2006
26.0,12,3,11,2012
26.0,12,3,12,2018
26.0,12,3,13,2024
26.0,12,3,14,2030
26.0,12,3,15,2036
26.0,12,4,0,1950
26.0,12,4,1,1956
26.0,12,4,2,1963
26.0,12,4,3,1969
26.0,12,4,4,1975
26.0,12,4,5,1981
26.0,12,4,6,1988
26.0,12,4,7,1994
26.0,12,4,8,2000
26.0,12,4,9,2006
26.0,12,4,10,2012
26.0,12,4,11,2018
26.0,12,4,12,2024
26.0,12,4,13,2030
26.0,12,4,14,2036
26.0,12,4,15,2042
26.0,12,5,0,1957
26.0,12,5,1,1963
26.0,12,5,2,1969
26.0,12,5,3,1975
26.0,12,5,4,1982
26.0,12,5,5,1988
26.0,12,5,6,1994
26.0,12,5,7,2000
26.0,12,5,8,2006
26.0,12,5,9,2013
26.0,12,5,10,2019
26.0,12,5,11,2025
26.0,12,5,12,2031
26.0,12,5,13,2037
26.0,12,5,14,2043
26.0,12,5,15,2049
26.0,12,6,0,1963
26.0,12,6,1,1969
26.0,12,6,2,1975
26.0,12,6,3,1982
26.0,12,6,4,1988
26.0,12,6,5,1994
26.0,12,6,6,2000
26.0,12,6,7,2007
26.0,12,6,8,2013
26.0,12,6,9,2019
26.0,12,6,10,2025
26.0,12,6,11,2031
26.0,12,6,12,2037
26.0,12,6,13,2044
26.0,12,6,14,2050
26.0,12,6,15,2056
26.0,12,7,0,1969
26.0,12,7,1,1976
26.0,12,7,2,1982
26.0,12,7,3,1988
26.0,12,7,4,1994
26.0,12,7,5,2001
26.0,12,7,6,2007
26.0,12,7,7,2013
26.0,12,7,8,2019
26.0,12,7,9,2026
26.0,12,7,10,2032
26.0,12,7,11,2038
26.0,12,7,12,2044
26.0,12,7,13,2050
26.0,12,7,14,2056
26.0,12,7,15,2062
26.0,12,8,0,1975
26.0,12,8,1,1982
26.0,12,8,2,1988
26.0,12,8,3,1995
26.0,12,8,4,2001
26.0,12,8,5,2007
26.0,12,8,6,2013
26.0,12,8,7,2020
26.0,12,8,8,2026
26.0,12,8,9,2032
26.0,12,8,10,2038
26.0,12,8,11,2044
26.0,12,8,12,2051
26.0,12,8,13,2057
26.0,12,8,14,2063
26.0,12,8,15,2069
26.0,12,9,0,1982
26.0,12,9,1,1988
26.0,12,9,2,1995
26.0,12,9,3,2001
26.0,12,9,4,2007
26.0,12,9,5,2013
26.0,12,9,6,2020
26.0,12,9,7,2026
26.0,12,9,8,2032
26.0,12,9,9,2039
26.0,12,9,10,2045
26.0,12,9,11,2051
26.0,12,9,12,2057
26.0,12,9,13,2063
26.0,12,9,14,2069
26.0,12,9,15,2075
26.0,12,10,0,1988
26.0,12,10,1,1994
26.0,12,10,2,2001
26.0,12,10,3,2007
26.0,12,10,4,2014
26.0,12,10,5,2020
26.0,12,10,6,2026
26.0,12,10,7,2032
26.0,12,10,8,2039
26.0,12,10,9,2045
26.0,12,10,10,2051
26.0,12,10,11,2057
26.0,12,10,12,2064
26.0,12,10,13,2070
26.0,12,10,14,2076
26.0,12,10,15,2082
26.0,12,11,0,1994
26.0,12,11,1,2001
26.0,12,11,2,2007
26.0,12,11,3,2013
26.0,12,11,4,2020
26.0,12,11,5,2026
26.0,12,11,6,2033
26.0,12,11,7,2039
26.0,12,11,8,2045
26.0,12,11,9,2051
26.0,12,11,10,2058
26.0,12,11,11,2064
26.0,12,11,12,2070
26.0,12,11,13,2076
26.0,12,11,14,2082
26.0,12,11,15,2089
26.0,12,12,0,2000
26.0,12,12,1,2007
26.0,12,12,2,2013
26.0,12,12,3,2020
26.0,12,12,4,2026
26.0,12,12,5,2033
26.0,12,12,6,2039
26.0,12,12,7,2045
26.0,12,12,8,2051
26.0,12,12,9,2058
26.0,12,12,10,2064
26.0,12,12,11,2070
26.0,12,12,12,2077
26.0,12,12,13,2083
26.0,12,12,14,2089
26.0,12,12,15,2095
26.0,12,13,0,2007
26.0,12,13,1,2013
26.0,12,13,2,2020
26.0,12,13,3,2026
26.0,12,13,4,2032
26.0,12,13,5,2039
26.0,12,13,6,2045
26.0,12,13,7,2052
26.0,12,13,8,2058
26.0,12,13,9,2064
26.0,12,13,10,2070
26.0,12,13,11,2077
26.0,12,13,12,2083
26.0,12,13,13,2089
26.0,12,13,14,2095
26.0,12,13,15,2102
26.0,12,14,0,2013
26.0,12,14,1,2019
26.0,12,14,2,2026
26.0,12,14,3,2032
26.0,12,14,4,2039
26.0,12,14,5,2045
26.0,12,14,6,2051
26.0,12,14,7,2058
26.0,12,14,8,2064
26.0,12,14,9,2071
26.0,12,14,10,2077
26.0,12,14,11,2083
26.0,12,14,12,2089
26.0,12,14,13,2096
26.0,12,14,14,2102
26.0,12,14,15,2108
26.0,12,15,0,2019
26.0,12,15,1,2026
26.0,12,15,2,2032
26.0,12,15,3,2039
26.0,12,15,4,2045
26.0,12,15,5,2051
26.0,12,15,6,2058
26.0,12,15,7,2064
26.0,12,15,8,2071
26.0,12,15,9,2077
26.0,12,15,10,2083
26.0,12,15,11,2089
26.0,12,15,12,2096
26.0,12,15,13,2102
26.0,12,15,14,2108
26.0,12,15,15,2115
26.0,13,0,0,1932
26.0,13,0,1,1938
26.0,13,0,2,1944
26.0,13,0,3,1950
26.0,13,0,4,1956
26.0,13,0,5,1962
26.0,13,0,6,1969
26.0,13,0,7,1975
26.0,13,0,8,1981
26.0,13,0,9,1987
26.0,13,0,10,1993
26.0,13,0,11,1999
26.0,13,0,12,2005
26.0,13,0,13,2011
26.0,13,0,14,2017
26.0,13,0,15,2023
26.0,13,1,0,1938
26.0,13,1,1,1944
26.0,13,1,2,1950
26.0,13,1,3,1957
26.0,13,1,4,1963
26.0,13,1,5,1969
26.0,13,1,6,1975
26.0,13,1,7,1981
26.0,13,1,8,1987
26.0,13,1,9,1993
26.0,13,1,10,2000
26.0,13,1,11,2006
26.0,13,1,12,2012
26.0,13,1,13,2018
26.0,13,1,14,2024
26.0,13,1,15,2030
26.0,13,2,0,1944
26.0,13,2,1,1951
26.0,13,2,2,1957
26.0,13,2,3,1963
26.0,13,2,4,1969
26.0,13,2,5,1976
26.0,13,2,6,1982
26.0,13,2,7,1988
26.0,13,2,8,1994
26.0,13,2,9,2000
26.0,13,2,10,2006
26.0,13,2,11,2012
26.0,13,2,12,2018
26.0,13,2,13,2024
26.0,13,2,14,2030
26.0,13,2,15,2036
26.0,13,3,0,1951
26.0,13,3,1,1957
26.0,13,3,2,1963
26.0,13,3,3,1970
26.0,13,3,4,1976
26.0,13,3,5,1982
26.0,13,3,6,1988
26.0,13,3,7,1994
26.0,13,3,8,2001
26.0,13,3,9,2007
26.0,13,3,10,2013
26.0,13,3,11,2019
26.0,13,3,12,2025
26.0,13,3,13,2031
26.0,13,3,14,2037
26.0,13,3,15,2043
26.0,13,4,0,1957
26.0,13,4,1,1964
26.0,13,4,2,1970
26.0,13,4,3,1976
26.0,13,4,4,1982
26.0,13,4,5,1989
26.0,13,4,6,1995
26.0,13,4,7,2001
26.0,13,4,8,2007
26.0,13,4,9,2013
26.0,13,4,10,2019
26.0,13,4,11,2026
26.0,13,4,12,2032
26.0,13,4,13,2038
26.0,13,4,14,2044
26.0,13,4,15,2050
26.0,13,5,0,1964
26.0,13,5,1,1970
26.0,13,5,2,1976
26.0,13,5,3,1983
26.0,13,5,4,1989
26.0,13,5,5,1995
26.0,13,5,6,2001
26.0,13,5,7,2008
26.0,13,5,8,2014
26.0,13,5,9,2020
26.0,13,5,10,2026
26.0,13,5,11,2032
26.0,13,5,12,2038
26.0,13,5,13,2044
26.0,13,5,14,2050
26.0,13,5,15,2057
26.0,13,6,0,1970
26.0,13,6,1,1976
26.0,13,6,2,1983
26.0,13,6,3,1989
26.0,13,6,4,1995
26.0,13,6,5,2002
26.0,13,6,6,2008
26.0,13,6,7,2014
26.0,13,6,8,2020
26.0,13,6,9,2026
26.0,13,6,10,2033
26.0,13,6,11,2039
26.0,13,6,12,2045
26.0,13,6,13,2051
26.0,13,6,14,2057
26.0,13,6,15,2063
26.0,13,7,0,1976
26.0,13,7,1,1983
26.0,13,7,2,1989
26.0,13,7,3,1995
26.0,13,7,4,2002
26.0,13,7,5,2008
26.0,13,7,6,2014
26.0,13,7,7,2021
26.0,13,7,8,2027
26.0,13,7,9,2033
26.0,13,7,10,2039
26.0,13,7,11,2045
26.0,13,7,12,2051
26.0,13,7,13,2058
26.0,13,7,14,2064
26.0,13,7,15,2070
26.0,13,8,0,1983
26.0,13,8,1,1989
26.0,13,8,2,1995
26.0,13,8,3,2002
26.0,13,8,4,2008
26.0,13,8,5,2014
26.0,13,8,6,2021
26.0,13,8,7,2027
26.0,13,8,8,2033
26.0,13,8,9,2039
26.0,13,8,10,2046
26.0,13,8,11,2052
26.0,13,8,12,2058
26.0,13,8,13,2064
26.0,13,8,14,2070
26.0,13,8,15,2076
26.0,13,9,0,1989
26.0,13,9,1,1995
26.0,13,9,2,2002
26.0,13,9,3,2008
26.0,13,9,4,2015
26.0,13,9,5,2021
26.0,13,9,6,2027
26.0,13,9,7,2033
26.0,13,9,8,2040
26.0,13,9,9,2046
26.0,13,9,10,2052
26.0,13,9,11,2058
26.0,13,9,12,2065
26.0,13,9,13,2071
26.0,13,9,14,2077
26.0,13,9,15,2083
26.0,13,10,0,1995
26.0,13,10,1,2002
26.0,13,10,2,2008
26.0,13,10,3,2015
26.0,13,10,4,2021
26.0,13,10,5,2027
26.0,13,10,6,2034
26.0,13,10,7,2040
26.0,13,10,8,2046
26.0,13,10,9,2052
26.0,13,10,10,2059
26.0,13,10,11,2065
26.0,13,10,12,2071
26.0,13,10,13,2077
26.0,13,10,14,2083
26.0,13,10,15,2090
26.0,13,11,0,2002
26.0,13,11,1,2008
26.0,13,11,2,2014
26.0,13,11,3,2021
26.0,13,11,4,2027
26.0,13,11,5,2034
26.0,13,11,6,2040
26.0,13,11,7,2046
26.0,13,11,8,2053
26.0,13,11,9,2059
26.0,13,11,10,2065
26.0,13,11,11,2071
26.0,13,11,12,2078
26.0,13,11,13,2084
26.0,13,11,14,2090
26.0,13,11,15,2096
26.0,13,12,0,2008
26.0,13,12,1,2014
26.0,13,12,2,2021
26.0,13,12,3,2027
26.0,13,12,4,2034
26.0,13,12,5,2040
26.0,13,12,6,2046
26.0,13,12,7,2053
26.0,13,12,8,2059
26.0,13,12,9,2065
26.0,13,12,10,2072
26.0,13,12,11,2078
26.0,13,12,12,2084
26.0,13,12,13,2090
26.0,13,12,14,2097
26.0,13,12,15,2103
26.0,13,13,0,2014
26.0,13,13,1,2021
26.0,13,13,2,2027
26.0,13,13,3,2033
26.0,13,13,4,2040
26.0,13,13,5,2046
26.0,13,13,6,2053
26.0,13,13,7,2059
26.0,13,13,8,2065
26.0,13,13,9,2072
26.0,13,13,10,2078
26.0,13,13,11,2084
26.0,13,13,12,2091
26.0,13,13,13,2097
26.0,13,13,14,2103
26.0,13,13,15,2109
26.0,13,14,0,2020
26.0,13,14,1,2027
26.0,13,14,2,2033
26.0,13,14,3,2040
26.0,13,14,4,2046
26.0,13,14,5,2053
26.0,13,14,6,2059
26.0,13,14,7,2065
26.0,13,14,8,2072
26.0,13,14,9,2078
26.0,13,14,10,2084
26.0,13,14,11,2091
26.0,13,14,12,2097
26.0,13,14,13,2103
26.0,13,14,14,2110
26.0,13,14,15,2116
26.0,13,15,0,2026
26.0,13,15,1,2033
26.0,13,15,2,2039
26.0,13,15,3,2046
26.0,13,15,4,2052
26.0,13,15,5,2059
26.0,13,15,6,2065
26.0,13,15,7,2072
26.0,13,15,8,2078
26.0,13,15,9,2084
26.0,13,15,10,2091
26.0,13,15,11,2097
26.0,13,15,12,2103
26.0,13,15,13,2110
26.0,13,15,14,2116
26.0,13,15,15,2122
26.0,14,0,0,1939
26.0,14,0,1,1945
26.0,14,0,2,1951
26.0,14,0,3,1957
26.0,14,0,4,1963
26.0,14,0,5,1970
26.0,14,0,6,1976
26.0,14,0,7,1982
26.0,14,0,8,1988
26.0,14,0,9,1994
26.0,14,0,10,2000
26.0,14,0,11,2006
26.0,14,0,12,2012
26.0,14,0,13,2018
26.0,14,0,14,2024
26.0,14,0,15,2030
26.0,14,1,0,1945
26.0,14,1,1,1951
26.0,14,1,2,1958
26.0,14,1,3,1964
26.0,14,1,4,1970
26.0,14,1,5,1976
26.0,14,1,6,1982
26.0,14,1,7,1989
26.0,14,1,8,1995
26.0,14,1,9,2001
26.0,14,1,10,2007
26.0,14,1,11,2013
26.0,14,1,12,2019
26.0,14,1,13,2025
26.0,14,1,14,2031
26.0,14,1,15,2037
26.0,14,2,0,1952
26.0,14,2,1,1958
26.0,14,2,2,1964
26.0,14,2,3,1970
26.0,14,2,4,1977
26.0,14,2,5,1983
26.0,14,2,6,1989
26.0,14,2,7,1995
26.0,14,2,8,2001
26.0,14,2,9,2007
26.0,14,2,10,2014
26.0,14,2,11,2020
26.0,14,2,12,2026
26.0,14,2,13,2032
26.0,14,2,14,2038
26.0,14,2,15,2044
26.0,14,3,0,1958
26.0,14,3,1,1964
26.0,14,3,2,1971
26.0,14,3,3,1977
26.0,14,3,4,1983
26.0,14,3,5,1989
26.0,14,3,6,1996
26.0,14,3,7,2002
26.0,14,3,8,2008
26.0,14,3,9,2014
26.0,14,3,10,2020
26.0,14,3,11,2026
26.0,14,3,12,2032
26.0,14,3,13,2038
26.0,14,3,14,2045
26.0,14,3,15,2051
26.0,14,4,0,1964
26.0,14,4,1,1971
26.0,14,4,2,1977
26.0,14,4,3,1983
26.0,14,4,4,1990
26.0,14,4,5,1996
26.0,14,4,6,2002
26.0,14,4,7,2008
26.0,14,4,8,2015
26.0,14,4,9,2021
26.0,14,4,10,2027
26.0,14,4,11,2033
26.0,14,4,12,2039
26.0,14,4,13,2045
26.0,14,4,14,2051
26.0,14,4,15,2057
26.0,14,5,0,1971
26.0,14,5,1,1977
26.0,14,5,2,1984
26.0,14,5,3,1990
26.0,14,5,4,1996
26.0,14,5,5,2002
26.0,14,5,6,2009
26.0,14,5,7,2015
26.0,14,5,8,2021
26.0,14,5,9,2027
26.0,14,5,10,2033
26.0,14,5,11,2040
26.0,14,5,12,2046
26.0,14,5,13,2052
26.0,14,5,14,2058
26.0,14,5,15,2064
26.0,14,6,0,1977
26.0,14,6,1,1984
26.0,14,6,2,1990
26.0,14,6,3,1996
26.0,14,6,4,2003
26.0,14,6,5,2009
26.0,14,6,6,2015
26.0,14,6,7,2021
26.0,14,6,8,2028
26.0,14,6,9,2034
26.0,14,6,10,2040
26.0,14,6,11,2046
26.0,14,6,12,2052
26.0,14,6,13,2059
26.0,14,6,14,2065
26.0,14,6,15,2071
26.0,14,7,0,1984
26.0,14,7,1,1990
26.0,14,7,2,1996
26.0,14,7,3,2003
26.0,14,7,4,2009
26.0,14,7,5,2015
26.0,14,7,6,2022
26.0,14,7,7,2028
26.0,14,7,8,2034
26.0,14,7,9,2040
26.0,14,7,10,2047
26.0,14,7,11,2053
26.0,14,7,12,2059
26.0,14,7,13,2065
26.0,14,7,14,2071
26.0,14,7,15,2077
26.0,14,8,0,1990
26.0,14,8,1,1996
26.0,14,8,2,2003
26.0,14,8,3,2009
26.0,14,8,4,2015
26.0,14,8,5,2022
26.0,14,8,6,2028
26.0,14,8,7,2034
26.0,14,8,8,2041
26.0,14,8,9,2047
26.0,14,8,10,2053
26.0,14,8,11,2059
26.0,14,8,12,2066
26.0,14,8,13,2072
26.0,14,8,14,2078
26.0,14,8,15,2084
26.0,14,9,0,1996
26.0,14,9,1,2003
26.0,14,9,2,2009
26.0,14,9,3,2016
26.0,14,9,4,2022
26.0,14,9,5,2028
26.0,14,9,6,2035
26.0,14,9,7,2041
26.0,14,9,8,2047
26.0,14,9,9,2053
26.0,14,9,10,2060
26.0,14,9,11,2066
26.0,14,9,12,2072
26.0,14,9,13,2078
26.0,14,9,14,2085
26.0,14,9,15,2091
26.0,14,10,0,2003
26.0,14,10,1,2009
26.0,14,10,2,2015
26.0,14,10,3,2022
26.0,14,10,4,2028
26.0,14,10,5,2035
26.0,14,10,6,2041
26.0,14,10,7,2047
26.0,14,10,8,2054
26.0,14,10,9,2060
26.0,14,10,10,2066
26.0,14,10,11,2072
26.0,14,10,12,2079
26.0,14,10,13,2085
26.0,14,10,14,2091
26.0,14,10,15,2097
26.0,14,11,0,2009
26.0,14,11,1,2015
26.0,14,11,2,2022
26.0,14,11,3,2028
26.0,14,11,4,2035
26.0,14,11,5,2041
26.0,14,11,6,2047
26.0,14,11,7,2054
26.0,14,11,8,2060
26.0,14,11,9,2066
26.0,14,11,10,2073
26.0,14,11,11,2079
26.0,14,11,12,2085
26.0,14,11,13,2091
26.0,14,11,14,2098
26.0,14,11,15,2104
26.0,14,12,0,2015
26.0,14,12,1,2022
26.0,14,12,2,2028
26.0,14,12,3,2035
26.0,14,12,4,2041
26.0,14,12,5,2047
26.0,14,12,6,2054
26.0,14,12,7,2060
26.0,14,12,8,2067
26.0,14,12,9,2073
26.0,14,12,10,2079
26.0,14,12,11,2085
26.0,14,12,12,2092
26.0,14,12,13,2098
26.0,14,12,14,2104
26.0,14,12,15,2110
26.0,14,13,0,2021
26.0,14,13,1,2028
26.0,14,13,2,2034
26.0,14,13,3,2041
26.0,14,13,4,2047
26.0,14,13,5,2054
26.0,14,13,6,2060
26.0,14,13,7,2067
26.0,14,13,8,2073
26.0,14,13,9,2079
26.0,14,13,10,2086
26.0,14,13,11,2092
26.0,14,13,12,2098
26.0,14,13,13,2104
26.0,14,13,14,2111
26.0,14,13,15,2117
26.0,14,14,0,2028
26.0,14,14,1,2034
26.0,14,14,2,2041
26.0,14,14,3,2047
26.0,14,14,4,2054
26.0,14,14,5,2060
26.0,14,14,6,2067
26.0,14,14,7,2073
26.0,14,14,8,2079
26.0,14,14,9,2086
26.0,14,14,10,2092
26.0,14,14,11,2098
26.0,14,14,12,2105
26.0,14,14,13,2111
26.0,14,14,14,2117
26.0,14,14,15,2124
26.0,14,15,0,2034
26.0,14,15,1,2040
26.0,14,15,2,2047
26.0,14,15,3,2053
26.0,14,15,4,2060
26.0,14,15,5,2066
26.0,14,15,6,2073
26.0,14,15,7,2079
26.0,14,15,8,2086
26.0,14,15,9,2092
26.0,14,15,10,2098
26.0,14,15,11,2105
26.0,14,15,12,2111
26.0,14,15,13,2117
26.0,14,15,14,2124
26.0,14,15,15,2130
26.0,15,0,0,1946
26.0,15,0,1,1952
26.0,15,0,2,1958
26.0,15,0,3,1964
26.0,15,0,4,1971
26.0,15,0,5,1977
26.0,15,0,6,1983
26.0,15,0,7,1989
26.0,15,0,8,1995
26.0,15,0,9,2001
26.0,15,0,10,2007
26.0,15,0,11,2014
26.0,15,0,12,2020
26.0,15,0,13,2026
26.0,15,0,14,2032
26.0,15,0,15,2038
26.0,15,1,0,1952
26.0,15,1,1,1958
26.0,15,1,2,1965
26.0,15,1,3,1971
26.0,15,1,4,1977
26.0,15,1,5,1983
26.0,15,1,6,1990
26.0,15,1,7,1996
26.0,15,1,8,2002
26.0,15,1,9,2008
26.0,15,1,10,2014
26.0,15,1,11,2020
26.0,15,1,12,2026
26.0,15,1,13,2032
26.0,15,1,14,2038
26.0,15,1,15,2044
26.0,15,2,0,1959
26.0,15,2,1,1965
26.0,15,2,2,1971
26.0,15,2,3,1978
26.0,15,2,4,1984
26.0,15,2,5,1990
26.0,15,2,6,1996
26.0,15,2,7,2002
26.0,15,2,8,2009
26.0,15,2,9,2015
26.0,15,2,10,2021
26.0,15,2,11,2027
26.0,15,2,12,2033
26.0,15,2,13,2039
26.0,15,2,14,2045
26.0,15,2,15,2051
26.0,15,3,0,1965
26.0,15,3,1,1971
26.0,15,3,2,1978
26.0,15,3,3,1984
26.0,15,3,4,1990
26.0,15,3,5,1997
26.0,15,3,6,2003
26.0,15,3,7,2009
26.0,15,3,8,2015
26.0,15,3,9,2021
26.0,15,3,10,2028
26.0,15,3,11,2034
26.0,15,3,12,2040
26.0,15,3,13,2046
26.0,15,3,14,2052
26.0,15,3,15,2058
26.0,15,4,0,1972
26.0,15,4,1,1978
26.0,15,4,2,1984
26.0,15,4,3,1991
26.0,15,4,4,1997
26.0,15,4,5,2003
26.0,15,4,6,2009
26.0,15,4,7,2016
26.0,15,4,8,2022
26.0,15,4,9,2028
26.0,15,4,10,2034
26.0,15,4,11,2040
26.0,15,4,12,2046
26.0,15,4,13,2053
26.0,15,4,14,2059
26.0,15,4,15,2065
26.0,15,5,0,1978
26.0,15,5,1,1984
26.0,15,5,2,1991
26.0,15,5,3,1997
26.0,15,5,4,2003
26.0,15,5,5,2010
26.0,15,5,6,2016
26.0,15,5,7,2022
26.0,15,5,8,2028
26.0,15,5,9,2035
26.0,15,5,10,2041
26.0,15,5,11,2047
26.0,15,5,12,2053
26.0,15,5,13,2059
26.0,15,5,14,2065
26.0,15,5,15,2072
26.0,15,6,0,1984
26.0,15,6,1,1991
26.0,15,6,2,1997
26.0,15,6,3,2004
26.0,15,6,4,2010
26.0,15,6,5,2016
26.0,15,6,6,2022
26.0,15,6,7,2029
26.0,15,6,8,2035
26.0,15,6,9,2041
26.0,15,6,10,2047
26.0,15,6,11,2054
26.0,15,6,12,2060
26.0,15,6,13,2066
26.0,15,6,14,2072
26.0,15,6,15,2078
26.0,15,7,0,1991
26.0,15,7,1,1997
26.0,15,7,2,2004
26.0,15,7,3,2010
26.0,15,7,4,2016
26.0,15,7,5,2023
26.0,15,7,6,2029
26.0,15,7,7,2035
26.0,15,7,8,2042
26.0,15,7,9,2048
26.0,15,7,10,2054
26.0,15,7,11,2060
26.0,15,7,12,2066
26.0,15,7,13,2073
26.0,15,7,14,2079
26.0,15,7,15,2085
26.0,15,8,0,1997
26.0,15,8,1,2004
26.0,15,8,2,2010
26.0,15,8,3,2016
26.0,15,8,4,2023
26.0,15,8,5,2029
26.0,15,8,6,2035
26.0,15,8,7,2042
26.0,15,8,8,2048
26.0,15,8,9,2054
26.0,15,8,10,2061
26.0,15,8,11,2067
26.0,15,8,12,2073
26.0,15,8,13,2079
26.0,15,8,14,2085
26.0,15,8,15,2092
26.0,15,9,0,2004
26.0,15,9,1,2010
26.0,15,9,2,2016
26.0,15,9,3,2023
26.0,15,9,4,2029
26.0,15,9,5,2036
26.0,15,9,6,2042
26.0,15,9,7,2048
26.0,15,9,8,2055
26.0,15,9,9,2061
26.0,15,9,10,2067
26.0,15,9,11,2073
26.0,15,9,12,2080
26.0,15,9,13,2086
26.0,15,9,14,2092
26.0,15,9,15,2098
26.0,15,10,0,2010
26.0,15,10,1,2016
26.0,15,10,2,2023
26.0,15,10,3,2029
26.0,15,10,4,2036
26.0,15,10,5,2042
26.0,15,10,6,2048
26.0,15,10,7,2055
26.0,15,10,8,2061
26.0,15,10,9,2067
26.0,15,10,10,2074
26.0,15,10,11,2080
26.0,15,10,12,2086
26.0,15,10,13,2092
26.0,15,10,14,2099
26.0,15,10,15,2105
26.0,15,11,0,2016
26.0,15,11,1,2023
26.0,15,11,2,2029
26.0,15,11,3,2036
26.0,15,11,4,2042
26.0,15,11,5,2048
26.0,15,11,6,2055
26.0,15,11,7,2061
26.0,15,11,8,2068
26.0,15,11,9,2074
26.0,15,11,10,2080
26.0,15,11,11,2087
26.0,15,11,12,2093
26.0,15,11,13,2099
26.0,15,11,14,2105
26.0,15,11,15,2112
26.0,15,12,0,2022
26.0,15,12,1,2029
26.0,15,12,2,2035
26.0,15,12,3,2042
26.0,15,12,4,2048
26.0,15,12,5,2055
26.0,15,12,6,2061
26.0,15,12,7,2068
26.0,15,12,8,2074
26.0,15,12,9,2080
26.0,15,12,10,2087
26.0,15,12,11,2093
26.0,15,12,12,2099
26.0,15,12,13,2106
26.0,15,12,14,2112
26.0,15,12,15,2118
26.0,15,13,0,2029
26.0,15,13,1,2035
26.0,15,13,2,2042
26.0,15,13,3,2048
26.0,15,13,4,2055
26.0,15,13,5,2061
26.0,15,13,6,2068
26.0,15,13,7,2074
26.0,15,13,8,2080
26.0,15,13,9,2087
26.0,15,13,10,2093
26.0,15,13,11,2100
26.0,15,13,12,2106
26.0,15,13,13,2112
26.0,15,13,14,2118
26.0,15,13,15,2125
26.0,15,14,0,2035
26.0,15,14,1,2042
26.0,15,14,2,2048
26.0,15,14,3,2055
26.0,15,14,4,2061
26.0,15,14,5,2068
26.0,15,14,6,2074
26.0,15,14,7,2080
26.0,15,14,8,2087
26.0,15,14,9,2093
26.0,15,14,10,2100
26.0,15,14,11,2106
26.0,15,14,12,2112
26.0,15,14,13,2119
26.0,15,14,14,2125
26.0,15,14,15,2131
26.0,15,15,0,2041
26.0,15,15,1,2048
26.0,15,15,2,2054
26.0,15,15,3,2061
26.0,15,15,4,2067
26.0,15,15,5,2074
26.0,15,15,6,2080
26.0,15,15,7,2087
26.0,15,15,8,2093
26.0,15,15,9,2100
26.0,15,15,10,2106
26.0,15,15,11,2112
26.0,15,15,12,2119
26.0,15,15,13,2125
26.0,15,15,14,2131
26.0,15,15,15,2138
26.5,0,0,0,1875
26.5,0,0,1,1881
26.5,0,0,2,1887
26.5,0,0,3,1893
26.5,0,0,4,1899
26.5,0,0,5,1905
26.5,0,0,6,1911
26.5,0,0,7,1917
26.5,0,0,8,1923
26.5,0,0,9,1929
26.5,0,0,10,1935
26.5,0,0,11,1941
26.5,0,0,12,1947
26.5,0,0,13,1952
26.5,0,0,14,1958
26.5,0,0,15,1964
26.5,0,1,0,1882
26.5,0,1,1,1888
26.5,0,1,2,1894
26.5,0,1,3,1900
26.5,0,1,4,1906
26.5,0,1,5,1912
26.5,0,1,6,1918
26.5,0,1,7,1924
26.5,0,1,8,1930
26.5,0,1,9,1935
26.5,0,1,10,1941
26.5,0,1,11,1947
26.5,0,1,12,1953
26.5,0,1,13,1959
26.5,0,1,14,1965
26.5,0,1,15,1971
26.5,0,2,0,1888
26.5,0,2,1,1894
26.5,0,2,2,1900
26.5,0,2,3,1906
26.5,0,2,4,1912
26.5,0,2,5,1918
26.5,0,2,6,1924
26.5,0,2,7,1930
26.5,0,2,8,1936
26.5,0,2,9,1942
26.5,0,2,10,1948
26.5,0,2,11,1954
26.5,0,2,12,1960
26.5,0,2,13,1965
26.5,0,2,14,1971
26.5,0,2,15,1977
26.5,0,3,0,1894
26.5,0,3,1,1900
26.5,0,3,2,1906
26.5,0,3,3,1912
26.5,0,3,4,1918
26.5,0,3,5,1924
26.5,0,3,6,1930
26.5,0,3,7,1936
26.5,0,3,8,1942
26.5,0,3,9,1948
26.5,0,3,10,1954
26.5,0,3,11,1960
26.5,0,3,12,1966
26.5,0,3,13,1972
26.5,0,3,14,1978
26.5,0,3,15,1984
26.5,0,4,0,1900
26.5,0,4,1,1906
26.5,0,4,2,1913
26.5,0,4,3,1919
26.5,0,4,4,1925
26.5,0,4,5,1931
26.5,0,4,6,1937
26.5,0,4,7,1943
26.5,0,4,8,1949
26.5,0,4,9,1955
26.5,0,4,10,1961
26.5,0,4,11,1967
26.5,0,4,12,1972
26.5,0,4,13,1978
26.5,0,4,14,1984
26.5,0,4,15,1990
26.5,0,5,0,1906
26.5,0,5,1,1913
26.5,0,5,2,1919
26.5,0,5,3,1925
26.5,0,5,4,1931
26.5,0,5,5,1937
26.5,0,5,6,1943
26.5,0,5,7,1949
26.5,0,5,8,1955
26.5,0,5,9,1961
26.5,0,5,10,1967
26.5,0,5,11,1973
26.5,0,5,12,1979
26.5,0,5,13,1985
26.5,0,5,14,1991
26.5,0,5,15,1997
26.5,0,6,0,1913
26.5,0,6,1,1919
26.5,0,6,2,1925
26.5,0,6,3,1931
26.5,0,6,4,1937
26.5,0,6,5,1943
26.5,0,6,6,1949
26.5,0,6,7,1955
26.5,0,6,8,1961
26.5,0,6,9,1967
26.5,0,6,10,1973
26.5,0,6,11,1979
26.5,0,6,12,1985
26.5,0,6,13,1991
26.5,0,6,14,1997
26.5,0,6,15,2003
26.5,0,7,0,1919
26.5,0,7,1,1925
26.5,0,7,2,1931
26.5,0,7,3,1937
26.5,0,7,4,1943
26.5,0,7,5,1950
26.5,0,7,6,1956
26.5,0,7,7,1962
26.5,0,7,8,1968
26.5,0,7,9,1974
26.5,0,7,10,1980
26.5,0,7,11,1986
26.5,0,7,12,1992
26.5,0,7,13,1998
26.5,0,7,14,2004
26.5,0,7,15,2010
26.5,0,8,0,1925
26.5,0,8,1,1931
26.5,0,8,2,1937
26.5,0,8,3,1944
26.5,0,8,4,1950
26.5,0,8,5,1956
26.5,0,8,6,1962
26.5,0,8,7,1968
26.5,0,8,8,1974
26.5,0,8,9,1980
26.5,0,8,10,1986
26.5,0,8,11,1992
26.5,0,8,12,1998
26.5,0,8,13,2004
26.5,0,8,14,2010
26.5,0,8,15,2016
26.5,0,9,0,1931
26.5,0,9,1,1937
26.5,0,9,2,1944
26.5,0,9,3,1950
26.5,0,9,4,1956
26.5,0,9,5,1962
26.5,0,9,6,1968
26.5,0,9,7,1974
26.5,0,9,8,1980
26.5,0,9,9,1986
26.5,0,9,10,1992
26.5,0,9,11,1998
26.5,0,9,12,2004
26.5,0,9,13,2010
26.5,0,9,14,2016
26.5,0,9,15,2022
26.5,0,10,0,1937
26.5,0,10,1,1943
26.5,0,10,2,1950
26.5,0,10,3,1956
26.5,0,10,4,1962
26.5,0,10,5,1968
26.5,0,10,6,1974
26.5,0,10,7,1980
26.5,0,10,8,1987
26.5,0,10,9,1993
26.5,0,10,10,1999
26.5,0,10,11,2005
26.5,0,10,12,2011
26.5,0,10,13,2017
26.5,0,10,14,2023
26.5,0,10,15,2029
26.5,0,11,0,1943
26.5,0,11,1,1950
26.5,0,11,2,1956
26.5,0,11,3,1962
26.5,0,11,4,1968
26.5,0,11,5,1974
26.5,0,11,6,1981
26.5,0,11,7,1987
26.5,0,11,8,1993
26.5,0,11,9,1999
26.5,0,11,10,2005
26.5,0,11,11,2011
26.5,0,11,12,2017
26.5,0,11,13,2023
26.5,0,11,14,2029
26.5,0,11,15,2035
26.5,0,12,0,1949
26.5,0,12,1,1956
26.5,0,12,2,1962
26.5,0,12,3,1968
26.5,0,12,4,1974
26.5,0,12,5,1981
26.5,0,12,6,1987
26.5,0,12,7,1993
26.5,0,12,8,1999
26.5,0,12,9,2005
26.5,0,12,10,2011
26.5,0,12,11,2017
26.5,0,12,12,2023
26.5,0,12,13,2029
26.5,0,12,14,2035
26.5,0,12,15,2042
26.5,0,13,0,1955
26.5,0,13,1,1962
26.5,0,13,2,1968
26.5,0,13,3,1974
26.5,0,13,4,1980
26.5,0,13,5,1987
26.5,0,13,6,1993
26.5,0,13,7,1999
26.5,0,13,8,2005
26.5,0,13,9,2011
26.5,0,13,10,2017
26.5,0,13,11,2024
26.5,0,13,12,2030
26.5,0,13,13,2036
26.5,0,13,14,2042
26.5,0,13,15,2048
26.5,0,14,0,1961
26.5,0,14,1,1968
26.5,0,14,2,1974
26.5,0,14,3,1980
26.5,0,14,4,1987
26.5,0,14,5,1993
26.5,0,14,6,1999
26.5,0,14,7,2005
26.5,0,14,8,2011
26.5,0,14,9,2018
26.5,0,14,10,2024
26.5,0,14,11,2030
26.5,0,14,12,2036
26.5,0,14,13,2042
26.5,0,14,14,2048
26.5,0,14,15,2054
26.5,0,15,0,1967
26.5,0,15,1,1974
26.5,0,15,2,1980
26.5,0,15,3,1986
26.5,0,15,4,1993
26.5,0,15,5,1999
26.5,0,15,6,2005
26.5,0,15,7,2011
26.5,0,15,8,2018
26.5,0,15,9,2024
26.5,0,15,10,2030
26.5,0,15,11,2036
26.5,0,15,12,2042
26.5,0,15,13,2048
26.5,0,15,14,2054
26.5,0,15,15,2060
26.5,1,0,0,1882
26.5,1,0,1,1889
26.5,1,0,2,1895
26.5,1,0,3,1901
26.5,1,0,4,1907
26.5,1,0,5,1913
26.5,1,0,6,1919
26.5,1,0,7,1925
26.5,1,0,8,1930
26.5,1,0,9,1936
26.5,1,0,10,1942
26.5,1,0,11,1948
26.5,1,0,12,1954
26.5,1,0,13,1960
26.5,1,0,14,1966
26.5,1,0,15,1971
26.5,1,1,0,1889
26.5,1,1,1,1895
26.5,1,1,2,1901
26.5,1,1,3,1907
26.5,1,1,4,1913
26.5,1,1,5,1919
26.5,1,1,6,1925
26.5,1,1,7,1931
26.5,1,1,8,1937
26.5,1,1,9,1943
26.5,1,1,10,1949
26.5,1,1,11,1955
26.5,1,1,12,1961
26.5,1,1,13,1966
26.5,1,1,14,1972
26.5,1,1,15,1978
26.5,1,2,0,1895
26.5,1,2,1,1901
26.5,1,2,2,1907
26.5,1,2,3,1913
26.5,1,2,4,1919
26.5,1,2,5,1925
26.5,1,2,6,1931
26.5,1,2,7,1937
26.5,1,2,8,1943
26.5,1,2,9,1949
26.5,1,2,10,1955
26.5,1,2,11,1961
26.5,1,2,12,1967
26.5,1,2,13,1973
26.5,1,2,14,1979
26.5,1,2,15,1985
26.5,1,3,0,1901
26.5,1,3,1,1907
26.5,1,3,2,1914
26.5,1,3,3,1920
26.5,1,3,4,1926
26.5,1,3,5,1932
26.5,1,3,6,1938
26.5,1,3,7,1944
26.5,1,3,8,1950
26.5,1,3,9,1956
26.5,1,3,10,1962
26.5,1,3,11,1968
26.5,1,3,12,1974
26.5,1,3,13,1979
26.5,1,3,14,1985
26.5,1,3,15,1991
26.5,1,4,0,1908
26.5,1,4,1,1914
26.5,1,4,2,1920
26.5,1,4,3,1926
26.5,1,4,4,1932
26.5,1,4,5,1938
26.5,1,4,6,1944
26.5,1,4,7,1950
26.5,1,4,8,1956
26.5,1,4,9,1962
26.5,1,4,10,1968
26.5,1,4,11,1974
26.5,1,4,12,1980
26.5,1,4,13,1986
26.5,1,4,14,1992
26.5,1,4,15,1998
26.5,1,5,0,1914
26.5,1,5,1,1920
26.5,1,5,2,1926
26.5,1,5,3,1932
26.5,1,5,4,1938
26.5,1,5,5,1944
26.5,1,5,6,1950
26.5,1,5,7,1957
26.5,1,5,8,1963
26.5,1,5,9,1969
26.5,1,5,10,1975
26.5,1,5,11,1981
26.5,1,5,12,1987
26.5,1,5,13,1992
26.5,1,5,14,1998
26.5,1,5,15,2004
26.5,1,6,0,1920
26.5,1,6,1,1926
26.5,1,6,2,1932
26.5,1,6,3,1938
26.5,1,6,4,1945
26.5,1,6,5,1951
26.5,1,6,6,1957
26.5,1,6,7,1963
26.5,1,6,8,1969
26.5,1,6,9,1975
26.5,1,6,10,1981
26.5,1,6,11,1987
26.5,1,6,12,1993
26.5,1,6,13,1999
26.5,1,6,14,2005
26.5,1,6,15,2011
26.5,1,7,0,1926
26.5,1,7,1,1932
26.5,1,7,2,1939
26.5,1,7,3,1945
26.5,1,7,4,1951
26.5,1,7,5,1957
26.5,1,7,6,1963
26.5,1,7,7,1969
26.5,1,7,8,1975
26.5,1,7,9,1981
26.5,1,7,10,1987
26.5,1,7,11,1993
26.5,1,7,12,1999
26.5,1,7,13,2005
26.5,1,7,14,2011
26.5,1,7,15,2017
26.5,1,8,0,1932
26.5,1,8,1,1939
26.5,1,8,2,1945
26.5,1,8,3,1951
26.5,1,8,4,1957
26.5,1,8,5,1963
26.5,1,8,6,1969
26.5,1,8,7,1976
26.5,1,8,8,1982
26.5,1,8,9,1988
26.5,1,8,10,1994
26.5,1,8,11,2000
26.5,1,8,12,2006
26.5,1,8,13,2012
26.5,1,8,14,2018
26.5,1,8,15,2024
26.5,1,9,0,1938
26.5,1,9,1,1945
26.5,1,9,2,1951
26.5,1,9,3,1957
26.5,1,9,4,1963
26.5,1,9,5,1970
26.5,1,9,6,1976
26.5,1,9,7,1982
26.5,1,9,8,1988
26.5,1,9,9,1994
26.5,1,9,10,2000
26.5,1,9,11,2006
26.5,1,9,12,2012
26.5,1,9,13,2018
26.5,1,9,14,2024
26.5,1,9,15,2030
26.5,1,10,0,1945
26.5,1,10,1,1951
26.5,1,10,2,1957
26.5,1,10,3,1963
26.5,1,10,4,1970
26.5,1,10,5,1976
26.5,1,10,6,1982
26.5,1,10,7,1988
26.5,1,10,8,1994
26.5,1,10,9,2000
26.5,1,10,10,2006
26.5,1,10,11,2012
26.5,1,10,12,2019
26.5,1,10,13,2025
26.5,1,10,14,2031
26.5,1,10,15,2037
26.5,1,11,0,1951
26.5,1,11,1,1957
26.5,1,11,2,1963
26.5,1,11,3,1970
26.5,1,11,4,1976
26.5,1,11,5,1982
26.5,1,11,6,1988
26.5,1,11,7,1994
26.5,1,11,8,2000
26.5,1,11,9,2007
26.5,1,11,10,2013
26.5,1,11,11,2019
26.5,1,11,12,2025
26.5,1,11,13,2031
26.5,1,11,14,2037
26.5,1,11,15,2043
26.5,1,12,0,1957
26.5,1,12,1,1963
26.5,1,12,2,1969
26.5,1,12,3,1976
26.5,1,12,4,1982
26.5,1,12,5,1988
26.5,1,12,6,1994
26.5,1,12,7,2001
26.5,1,12,8,2007
26.5,1,12,9,2013
26.5,1,12,10,2019
26.5,1,12,11,2025
26.5,1,12,12,2031
26.5,1,12,13,2037
26.5,1,12,14,2043
26.5,1,12,15,2049
26.5,1,13,0,1963
26.5,1,13,1,1969
26.5,1,13,2,1976
26.5,1,13,3,1982
26.5,1,13,4,1988
26.5,1,13,5,1994
26.5,1,13,6,2001
26.5,1,13,7,2007
26.5,1,13,8,2013
26.5,1,13,9,2019
26.5,1,13,10,2025
26.5,1,13,11,2031
26.5,1,13,12,2037
26.5,1,13,13,2044
26.5,1,13,14,2050
26.5,1,13,15,2056
26.5,1,14,0,1969
26.5,1,14,1,1975
26.5,1,14,2,1982
26.5,1,14,3,1988
26.5,1,14,4,1994
26.5,1,14,5,2000
26.5,1,14,6,2007
26.5,1,14,7,2013
26.5,1,14,8,2019
26.5,1,14,9,2025
26.5,1,14,10,2031
26.5,1,14,11,2038
26.5,1,14,12,2044
26.5,1,14,13,2050
26.5,1,14,14,2056
26.5,1,14,15,2062
26.5,1,15,0,1975
26.5,1,15,1,1981
26.5,1,15,2,1988
26.5,1,15,3,1994
26.5,1,15,4,2000
26.5,1,15,5,2007
26.5,1,15,6,2013
26.5,1,15,7,2019
26.5,1,15,8,2025
26.5,1,15,9,2032
26.5,1,15,10,2038
26.5,1,15,11,2044
26.5,1,15,12,2050
26.5,1,15,13,2056
26.5,1,15,14,2062
26.5,1,15,15,2068
26.5,2,0,0,1890
26.5,2,0,1,1896
26.5,2,0,2,1902
26.5,2,0,3,1908
26.5,2,0,4,1914
26.5,2,0,5,1920
26.5,2,0,6,1926
26.5,2,0,7,1932
26.5,2,0,8,1938
26.5,2,0,9,1944
26.5,2,0,10,1950
26.5,2,0,11,1956
26.5,2,0,12,1961
26.5,2,0,13,1967
26.5,2,0,14,1973
26.5,2,0,15,1979
26.5,2,1,0,1896
26.5,2,1,1,1902
26.5,2,1,2,1908
26.5,2,1,3,1914
26.5,2,1,4,1920
26.5,2,1,5,1926
26.5,2,1,6,1932
26.5,2,1,7,1938
26.5,2,1,8,1944
26.5,2,1,9,1950
26.5,2,1,10,1956
26.5,2,1,11,1962
26.5,2,1,12,1968
26.5,2,1,13,1974
26.5,2,1,14,1980
26.5,2,1,15,1986
26.5,2,2,0,1902
26.5,2,2,1,1908
26.5,2,2,2,1915
26.5,2,2,3,1921
26.5,2,2,4,1927
26.5,2,2,5,1933
26.5,2,2,6,1939
26.5,2,2,7,1945
26.5,2,2,8,1951
26.5,2,2,9,1957
26.5,2,2,10,1963
26.5,2,2,11,1969
26.5,2,2,12,1975
26.5,2,2,13,1980
26.5,2,2,14,1986
26.5,2,2,15,1992
26.5,2,3,0,1909
26.5,2,3,1,1915
26.5,2,3,2,1921
26.5,2,3,3,1927
26.5,2,3,4,1933
26.5,2,3,5,1939
26.5,2,3,6,1945
26.5,2,3,7,1951
26.5,2,3,8,1957
26.5,2,3,9,1963
26.5,2,3,10,1969
26.5,2,3,11,1975
26.5,2,3,12,1981
26.5,2,3,13,1987
26.5,2,3,14,1993
26.5,2,3,15,1999
26.5,2,4,0,1915
26.5,2,4,1,1921
26.5,2,4,2,1927
26.5,2,4,3,1933
26.5,2,4,4,1939
26.5,2,4,5,1945
26.5,2,4,6,1952
26.5,2,4,7,1958
26.5,2,4,8,1964
26.5,2,4,9,1970
26.5,2,4,10,1976
26.5,2,4,11,1982
26.5,2,4,12,1988
26.5,2,4,13,1994
26.5,2,4,14,1999
26.5,2,4,15,2005
26.5,2,5,0,1921
26.5,2,5,1,1927
26.5,2,5,2,1933
26.5,2,5,3,1940
26.5,2,5,4,1946
26.5,2,5,5,1952
26.5,2,5,6,1958
26.5,2,5,7,1964
26.5,2,5,8,1970
26.5,2,5,9,1976
26.5,2,5,10,1982
26.5,2,5,11,1988
26.5,2,5,12,1994
26.5,2,5,13,2000
26.5,2,5,14,2006
26.5,2,5,15,2012
26.5,2,6,0,1927
26.5,2,6,1,1934
26.5,2,6,2,1940
26.5,2,6,3,1946
26.5,2,6,4,1952
26.5,2,6,5,1958
26.5,2,6,6,1964
26.5,2,6,7,1970
26.5,2,6,8,1976
26.5,2,6,9,1982
26.5,2,6,10,1989
26.5,2,6,11,1995
26.5,2,6,12,2001
26.5,2,6,13,2007
26.5,2,6,14,2013
26.5,2,6,15,2018
26.5,2,7,0,1934
26.5,2,7,1,1940
26.5,2,7,2,1946
26.5,2,7,3,1952
26.5,2,7,4,1958
26.5,2,7,5,1964
26.5,2,7,6,1971
26.5,2,7,7,1977
26.5,2,7,8,1983
26.5,2,7,9,1989
26.5,2,7,10,1995
26.5,2,7,11,2001
26.5,2,7,12,2007
26.5,2,7,13,2013
26.5,2,7,14,2019
26.5,2,7,15,2025
26.5,2,8,0,1940
26.5,2,8,1,1946
26.5,2,8,2,1952
26.5,2,8,3,1958
26.5,2,8,4,1965
26.5,2,8,5,1971
26.5,2,8,6,1977
26.5,2,8,7,1983
26.5,2,8,8,1989
26.5,2,8,9,1995
26.5,2,8,10,2001
26.5,2,8,11,2007
26.5,2,8,12,2013
26.5,2,8,13,2019
26.5,2,8,14,2025
26.5,2,8,15,2031
26.5,2,9,0,1946
26.5,2,9,1,1952
26.5,2,9,2,1958
26.5,2,9,3,1965
26.5,2,9,4,1971
26.5,2,9,5,1977
26.5,2,9,6,1983
26.5,2,9,7,1989
26.5,2,9,8,1995
26.5,2,9,9,2002
26.5,2,9,10,2008
26.5,2,9,11,2014
26.5,2,9,12,2020
26.5,2,9,13,2026
26.5,2,9,14,2032
26.5,2,9,15,2038
26.5,2,10,0,1952
26.5,2,10,1,1958
26.5,2,10,2,1965
26.5,2,10,3,1971
26.5,2,10,4,1977
26.5,2,10,5,1983
26.5,2,10,6,1989
26.5,2,10,7,1996
26.5,2,10,8,2002
26.5,2,10,9,2008
26.5,2,10,10,2014
26.5,2,10,11,2020
26.5,2,10,12,2026
26.5,2,10,13,2032
26.5,2,10,14,2038
26.5,2,10,15,2044
26.5,2,11,0,1958
26.5,2,11,1,1964
26.5,2,11,2,1971
26.5,2,11,3,1977
26.5,2,11,4,1983
26.5,2,11,5,1990
26.5,2,11,6,1996
26.5,2,11,7,2002
26.5,2,11,8,2008
26.5,2,11,9,2014
26.5,2,11,10,2020
26.5,2,11,11,2026
26.5,2,11,12,2033
26.5,2,11,13,2039
26.5,2,11,14,2045
26.5,2,11,15,2051
26.5,2,12,0,1964
26.5,2,12,1,1971
26.5,2,12,2,1977
26.5,2,12,3,1983
26.5,2,12,4,1989
26.5,2,12,5,1996
26.5,2,12,6,2002
26.5,2,12,7,2008
26.5,2,12,8,2014
26.5,2,12,9,2021
26.5,2,12,10,2027
26.5,2,12,11,2033
26.5,2,12,12,2039
26.5,2,12,13,2045
26.5,2,12,14,2051
26.5,2,12,15,2057
26.5,2,13,0,1970
26.5,2,13,1,1977
26.5,2,13,2,1983
26.5,2,13,3,1989
26.5,2,13,4,1996
26.5,2,13,5,2002
26.5,2,13,6,2008
26.5,2,13,7,2014
26.5,2,13,8,2021
26.5,2,13,9,2027
26.5,2,13,10,2033
26.5,2,13,11,2039
26.5,2,13,12,2045
26.5,2,13,13,2051
26.5,2,13,14,2057
26.5,2,13,15,2064
26.5,2,14,0,1976
26.5,2,14,1,1983
26.5,2,14,2,1989
26.5,2,14,3,1995
26.5,2,14,4,2002
26.5,2,14,5,2008
26.5,2,14,6,2014
26.5,2,14,7,2021
26.5,2,14,8,2027
26.5,2,14,9,2033
26.5,2,14,10,2039
26.5,2,14,11,2045
26.5,2,14,12,2052
26.5,2,14,13,2058
26.5,2,14,14,2064
26.5,2,14,15,2070
26.5,2,15,0,1982
26.5,2,15,1,1989
26.5,2,15,2,1995
26.5,2,15,3,2002
26.5,2,15,4,2008
26.5,2,15,5,2014
26.5,2,15,6,2021
26.5,2,15,7,2027
26.5,2,15,8,2033
26.5,2,15,9,2039
26.5,2,15,10,2045
26.5,2,15,11,2052
26.5,2,15,12,2058
26.5,2,15,13,2064
26.5,2,15,14,2070
26.5,2,15,15,2076
26.5,3,0,0,1897
26.5,3,0,1,1903
26.5,3,0,2,1909
26.5,3,0,3,1915
26.5,3,0,4,1921
26.5,3,0,5,1927
26.5,3,0,6,1933
26.5,3,0,7,1939
26.5,3,0,8,1945
26.5,3,0,9,1951
26.5,3,0,10,1957
26.5,3,0,11,1963
26.5,3,0,12,1969
26.5,3,0,13,1975
26.5,3,0,14,1981
26.5,3,0,15,1987
26.5,3,1,0,1903
26.5,3,1,1,1909
26.5,3,1,2,1915
26.5,3,1,3,1922
26.5,3,1,4,1928
26.5,3,1,5,1934
26.5,3,1,6,1940
26.5,3,1,7,1946
26.5,3,1,8,1952
26.5,3,1,9,1958
26.5,3,1,10,1964
26.5,3,1,11,1970
26.5,3,1,12,1975
26.5,3,1,13,1981
26.5,3,1,14,1987
26.5,3,1,15,1993
26.5,3,2,0,1910
26.5,3,2,1,1916
26.5,3,2,2,1922
26.5,3,2,3,1928
26.5,3,2,4,1934
26.5,3,2,5,1940
26.5,3,2,6,1946
26.5,3,2,7,1952
26.5,3,2,8,1958
26.5,3,2,9,1964
26.5,3,2,10,1970
26.5,3,2,11,1976
26.5,3,2,12,1982
26.5,3,2,13,1988
26.5,3,2,14,1994
26.5,3,2,15,2000
26.5,3,3,0,1916
26.5,3,3,1,1922
26.5,3,3,2,1928
26.5,3,3,3,1934
26.5,3,3,4,1940
26.5,3,3,5,1946
26.5,3,3,6,1953
26.5,3,3,7,1959
26.5,3,3,8,1965
26.5,3,3,9,1971
26.5,3,3,10,1977
26.5,3,3,11,1983
26.5,3,3,12,1989
26.5,3,3,13,1995
26.5,3,3,14,2001
26.5,3,3,15,2006
26.5,3,4,0,1922
26.5,3,4,1,1928
26.5,3,4,2,1934
26.5,3,4,3,1941
26.5,3,4,4,1947
26.5,3,4,5,1953
26.5,3,4,6,1959
26.5,3,4,7,1965
26.5,3,4,8,1971
26.5,3,4,9,1977
26.5,3,4,10,1983
26.5,3,4,11,1989
26.5,3,4,12,1995
26.5,3,4,13,2001
26.5,3,4,14,2007
26.5,3,4,15,2013
26.5,3,5,0,1928
26.5,3,5,1,1935
26.5,3,5,2,1941
26.5,3,5,3,1947
26.5,3,5,4,1953
26.5,3,5,5,1959
26.5,3,5,6,1965
26.5,3,5,7,1971
26.5,3,5,8,1978
26.5,3,5,9,1984
26.5,3,5,10,1990
26.5,3,5,11,1996
26.5,3,5,12,2002
26.5,3,5,13,2008
26.5,3,5,14,2014
26.5,3,5,15,2020
26.5,3,6,0,1935
26.5,3,6,1,1941
26.5,3,6,2,1947
26.5,3,6,3,1953
26.5,3,6,4,1959
26.5,3,6,5,1966
26.5,3,6,6,1972
26.5,3,6,7,1978
26.5,3,6,8,1984
26.5,3,6,9,1990
26.5,3,6,10,1996
26.5,3,6,11,2002
26.5,3,6,12,2008
26.5,3,6,13,2014
26.5,3,6,14,2020
26.5,3,6,15,2026
26.5,3,7,0,1941
26.5,3,7,1,1947
26.5,3,7,2,1953
26.5,3,7,3,1960
26.5,3,7,4,1966
26.5,3,7,5,1972
26.5,3,7,6,1978
26.5,3,7,7,1984
26.5,3,7,8,1990
26.5,3,7,9,1996
26.5,3,7,10,2003
26.5,3,7,11,2009
26.5,3,7,12,2015
26.5,3,7,13,2021
26.5,3,7,14,2027
26.5,3,7,15,2033
26.5,3,8,0,1947
26.5,3,8,1,1953
26.5,3,8,2,1960
26.5,3,8,3,1966
26.5,3,8,4,1972
26.5,3,8,5,1978
26.5,3,8,6,1984
26.5,3,8,7,1991
26.5,3,8,8,1997
26.5,3,8,9,2003
26.5,3,8,10,2009
26.5,3,8,11,2015
26.5,3,8,12,2021
26.5,3,8,13,2027
26.5,3,8,14,2033
26.5,3,8,15,2039
26.5,3,9,0,1953
26.5,3,9,1,1960
26.5,3,9,2,1966
26.5,3,9,3,1972
26.5,3,9,4,1978
26.5,3,9,5,1985
26.5,3,9,6,1991
26.5,3,9,7,1997
26.5,3,9,8,2003
26.5,3,9,9,2009
26.5,3,9,10,2015
26.5,3,9,11,2021
26.5,3,9,12,2028
26.5,3,9,13,2034
26.5,3,9,14,2040
26.5,3,9,15,2046
26.5,3,10,0,1959
26.5,3,10,1,1966
26.5,3,10,2,1972
26.5,3,10,3,1978
26.5,3,10,4,1985
26.5,3,10,5,1991
26.5,3,10,6,1997
26.5,3,10,7,2003
26.5,3,10,8,2009
26.5,3,10,9,2016
26.5,3,10,10,2022
26.5,3,10,11,2028
26.5,3,10,12,2034
26.5,3,10,13,2040
26.5,3,10,14,2046
26.5,3,10,15,2052
26.5,3,11,0,1966
26.5,3,11,1,1972
26.5,3,11,2,1978
26.5,3,11,3,1985
26.5,3,11,4,1991
26.5,3,11,5,1997
26.5,3,11,6,2003
26.5,3,11,7,2010
26.5,3,11,8,2016
26.5,3,11,9,2022
26.5,3,11,10,2028
26.5,3,11,11,2034
26.5,3,11,12,2040
26.5,3,11,13,2046
26.5,3,11,14,2052
26.5,3,11,15,2059
26.5,3,12,0,1972
26.5,3,12,1,1978
26.5,3,12,2,1984
26.5,3,12,3,1991
26.5,3,12,4,1997
26.5,3,12,5,2003
26.5,3,12,6,2010
26.5,3,12,7,2016
26.5,3,12,8,2022
26.5,3,12,9,2028
26.5,3,12,10,2034
26.5,3,12,11,2041
26.5,3,12,12,2047
26.5,3,12,13,2053
26.5,3,12,14,2059
26.5,3,12,15,2065
26.5,3,13,0,1978
26.5,3,13,1,1984
26.5,3,13,2,1991
26.5,3,13,3,1997
26.5,3,13,4,2003
26.5,3,13,5,2010
26.5,3,13,6,2016
26.5,3,13,7,2022
26.5,3,13,8,2028
26.5,3,13,9,2034
26.5,3,13,10,2041
26.5,3,13,11,2047
26.5,3,13,12,2053
26.5,3,13,13,2059
26.5,3,13,14,2065
26.5,3,13,15,2071
26.5,3,14,0,1984
26.5,3,14,1,1990
26.5,3,14,2,1997
26.5,3,14,3,2003
26.5,3,14,4,2009
26.5,3,14,5,2016
26.5,3,14,6,2022
26.5,3,14,7,2028
26.5,3,14,8,2035
26.5,3,14,9,2041
26.5,3,14,10,2047
26.5,3,14,11,2053
26.5,3,14,12,2059
26.5,3,14,13,2066
26.5,3,14,14,2072
26.5,3,14,15,2078
26.5,3,15,0,1990
26.5,3,15,1,1996
26.5,3,15,2,2003
26.5,3,15,3,2009
26.5,3,15,4,2016
26.5,3,15,5,2022
26.5,3,15,6,2028
26.5,3,15,7,2034
26.5,3,15,8,2041
26.5,3,15,9,2047
26.5,3,15,10,2053
26.5,3,15,11,2059
26.5,3,15,12,2066
26.5,3,15,13,2072
26.5,3,15,14,2078
26.5,3,15,15,2084
26.5,4,0,0,1904
26.5,4,0,1,1910
26.5,4,0,2,1916
26.5,4,0,3,1922
26.5,4,0,4,1928
26.5,4,0,5,1934
26.5,4,0,6,1941
26.5,4,0,7,1947
26.5,4,0,8,1953
26.5,4,0,9,1959
26.5,4,0,10,1964
26.5,4,0,11,1970
26.5,4,0,12,1976
26.5,4,0,13,1982
26.5,4,0,14,1988
26.5,4,0,15,1994
26.5,4,1,0,1910
26.5,4,1,1,1917
26.5,4,1,2,1923
26.5,4,1,3,1929
26.5,4,1,4,1935
26.5,4,1,5,1941
26.5,4,1,6,1947
26.5,4,1,7,1953
26.5,4,1,8,1959
26.5,4,1,9,1965
26.5,4,1,10,1971
26.5,4,1,11,1977
26.5,4,1,12,1983
26.5,4,1,13,1989
26.5,4,1,14,1995
26.5,4,1,15,2001
26.5,4,2,0,1917
26.5,4,2,1,1923
26.5,4,2,2,1929
26.5,4,2,3,1935
26.5,4,2,4,1941
26.5,4,2,5,1947
26.5,4,2,6,1954
26.5,4,2,7,1960
26.5,4,2,8,1966
26.5,4,2,9,1972
26.5,4,2,10,1978
26.5,4,2,11,1984
26.5,4,2,12,1990
26.5,4,2,13,1996
26.5,4,2,14,2001
26.5,4,2,15,2007
26.5,4,3,0,1923
26.5,4,3,1,1929
26.5,4,3,2,1935
26.5,4,3,3,1942
26.5,4,3,4,1948
26.5,4,3,5,1954
26.5,4,3,6,1960
26.5,4,3,7,1966
26.5,4,3,8,1972
26.5,4,3,9,1978
26.5,4,3,10,1984
26.5,4,3,11,1990
26.5,4,3,12,1996
26.5,4,3,13,2002
26.5,4,3,14,2008
26.5,4,3,15,2014
26.5,4,4,0,1929
26.5,4,4,1,1936
26.5,4,4,2,1942
26.5,4,4,3,1948
26.5,4,4,4,1954
26.5,4,4,5,1960
26.5,4,4,6,1966
26.5,4,4,7,1973
26.5,4,4,8,1979
26.5,4,4,9,1985
26.5,4,4,10,1991
26.5,4,4,11,1997
26.5,4,4,12,2003
26.5,4,4,13,2009
26.5,4,4,14,2015
26.5,4,4,15,2021
26.5,4,5,0,1936
26.5,4,5,1,1942
26.5,4,5,2,1948
26.5,4,5,3,1954
26.5,4,5,4,1961
26.5,4,5,5,1967
26.5,4,5,6,1973
26.5,4,5,7,1979
26.5,4,5,8,1985
26.5,4,5,9,1991
26.5,4,5,10,1997
26.5,4,5,11,2003
26.5,4,5,12,2009
26.5,4,5,13,2015
26.5,4,5,14,2021
26.5,4,5,15,2027
26.5,4,6,0,1942
26.5,4,6,1,1948
26.5,4,6,2,1954
26.5,4,6,3,1961
26.5,4,6,4,1967
26.5,4,6,5,1973
26.5,4,6,6,1979
26.5,4,6,7,1985
26.5,4,6,8,1991
26.5,4,6,9,1998
26.5,4,6,10,2004
26.5,4,6,11,2010
26.5,4,6,12,2016
26.5,4,6,13,2022
26.5,4,6,14,2028
26.5,4,6,15,2034
26.5,4,7,0,1948
26.5,4,7,1,1955
26.5,4,7,2,1961
26.5,4,7,3,1967
26.5,4,7,4,1973
26.5,4,7,5,1979
26.5,4,7,6,1986
26.5,4,7,7,1992
26.5,4,7,8,1998
26.5,4,7,9,2004
26.5,4,7,10,2010
26.5,4,7,11,2016
26.5,4,7,12,2022
26.5,4,7,13,2028
26.5,4,7,14,2034
26.5,4,7,15,2040
26.5,4,8,0,1954
26.5,4,8,1,1961
26.5,4,8,2,1967
26.5,4,8,3,1973
26.5,4,8,4,1980
26.5,4,8,5,1986
26.5,4,8,6,1992
26.5,4,8,7,1998
26.5,4,8,8,2004
26.5,4,8,9,2010
26.5,4,8,10,2017
26.5,4,8,11,2023
26.5,4,8,12,2029
26.5,4,8,13,2035
26.5,4,8,14,2041
26.5,4,8,15,2047
26.5,4,9,0,1961
26.5,4,9,1,1967
26.5,4,9,2,1973
26.5,4,9,3,1980
26.5,4,9,4,1986
26.5,4,9,5,1992
26.5,4,9,6,1998
26.5,4,9,7,2004
26.5,4,9,8,2011
26.5,4,9,9,2017
26.5,4,9,10,2023
26.5,4,9,11,2029
26.5,4,9,12,2035
26.5,4,9,13,2041
26.5,4,9,14,2047
26.5,4,9,15,2053
26.5,4,10,0,1967
26.5,4,10,1,1973
26.5,4,10,2,1980
26.5,4,10,3,1986
26.5,4,10,4,1992
26.5,4,10,5,1998
26.5,4,10,6,2005
26.5,4,10,7,2011
26.5,4,10,8,2017
26.5,4,10,9,2023
26.5,4,10,10,2029
26.5,4,10,11,2035
26.5,4,10,12,2042
26.5,4,10,13,2048
26.5,4,10,14,2054
26.5,4,10,15,2060
26.5,4,11,0,1973
26.5,4,11,1,1979
26.5,4,11,2,1986
26.5,4,11,3,1992
26.5,4,11,4,1998
26.5,4,11,5,2005
26.5,4,11,6,2011
26.5,4,11,7,2017
26.5,4,11,8,2023
26.5,4,11,9,2030
26.5,4,11,10,2036
26.5,4,11,11,2042
26.5,4,11,12,2048
26.5,4,11,13,2054
26.5,4,11,14,2060
26.5,4,11,15,2066
26.5,4,12,0,1979
26.5,4,12,1,1986
26.5,4,12,2,1992
26.5,4,12,3,1998
26.5,4,12,4,2005
26.5,4,12,5,2011
26.5,4,12,6,2017
26.5,4,12,7,2023
26.5,4,12,8,2030
26.5,4,12,9,2036
26.5,4,12,10,2042
26.5,4,12,11,2048
26.5,4,12,12,2054
26.5,4,12,13,2061
26.5,4,12,14,2067
26.5,4,12,15,2073
26.5,4,13,0,1985
26.5,4,13,1,1992
26.5,4,13,2,1998
26.5,4,13,3,2004
26.5,4,13,4,2011
26.5,4,13,5,2017
26.5,4,13,6,2023
26.5,4,13,7,2030
26.5,4,13,8,2036
26.5,4,13,9,2042
26.5,4,13,10,2048
26.5,4,13,11,2055
26.5,4,13,12,2061
26.5,4,13,13,2067
26.5,4,13,14,2073
26.5,4,13,15,2079
26.5,4,14,0,1991
26.5,4,14,1,1998
26.5,4,14,2,2004
26.5,4,14,3,2011
26.5,4,14,4,2017
26.5,4,14,5,2023
26.5,4,14,6,2030
26.5,4,14,7,2036
26.5,4,14,8,2042
26.5,4,14,9,2048
26.5,4,14,10,2055
26.5,4,14,11,2061
26.5,4,14,12,2067
26.5,4,14,13,2073
26.5,4,14,14,2079
26.5,4,14,15,2086
26.5,4,15,0,1998
26.5,4,15,1,2004
26.5,4,15,2,2010
26.5,4,15,3,2017
26.5,4,15,4,2023
26.5,4,15,5,2030
26.5,4,15,6,2036
26.5,4,15,7,2042
26.5,4,15,8,2048
26.5,4,15,9,2055
26.5,4,15,10,2061
26.5,4,15,11,2067
26.5,4,15,12,2073
26.5,4,15,13,2080
26.5,4,15,14,2086
26.5,4,15,15,2092
26.5,5,0,0,1911
26.5,5,0,1,1917
26.5,5,0,2,1923
26.5,5,0,3,1930
26.5,5,0,4,1936
26.5,5,0,5,1942
26.5,5,0,6,1948
26.5,5,0,7,1954
26.5,5,0,8,1960
26.5,5,0,9,1966
26.5,5,0,10,1972
26.5,5,0,11,1978
26.5,5,0,12,1984
26.5,5,0,13,1990
26.5,5,0,14,1996
26.5,5,0,15,2002
26.5,5,1,0,1918
26.5,5,1,1,1924
26.5,5,1,2,1930
26.5,5,1,3,1936
26.5,5,1,4,1942
26.5,5,1,5,1948
26.5,5,1,6,1954
26.5,5,1,7,1960
26.5,5,1,8,1966
26.5,5,1,9,1973
26.5,5,1,10,1979
26.5,5,1,11,1984
26.5,5,1,12,1990
26.5,5,1,13,1996
26.5,5,1,14,2002
26.5,5,1,15,2008
26.5,5,2,0,1924
26.5,5,2,1,1930
26.5,5,2,2,1936
26.5,5,2,3,1943
26.5,5,2,4,1949
26.5,5,2,5,1955
26.5,5,2,6,1961
26.5,5,2,7,1967
26.5,5,2,8,1973
26.5,5,2,9,1979
26.5,5,2,10,1985
26.5,5,2,11,1991
26.5,5,2,12,1997
26.5,5,2,13,2003
26.5,5,2,14,2009
26.5,5,2,15,2015
26.5,5,3,0,1930
26.5,5,3,1,1937
26.5,5,3,2,1943
26.5,5,3,3,1949
26.5,5,3,4,1955
26.5,5,3,5,1961
26.5,5,3,6,1967
26.5,5,3,7,1973
26.5,5,3,8,1980
26.5,5,3,9,1986
26.5,5,3,10,1992
26.5,5,3,11,1998
26.5,5,3,12,2004
26.5,5,3,13,2010
26.5,5,3,14,2016
26.5,5,3,15,2022
26.5,5,4,0,1937
26.5,5,4,1,1943
26.5,5,4,2,1949
26.5,5,4,3,1955
26.5,5,4,4,1962
26.5,5,4,5,1968
26.5,5,4,6,1974
26.5,5,4,7,1980
26.5,5,4,8,1986
26.5,5,4,9,1992
26.5,5,4,10,1998
26.5,5,4,11,2004
26.5,5,4,12,2010
26.5,5,4,13,2016
26.5,5,4,14,2022
26.5,5,4,15,2028
26.5,5,5,0,1943
26.5,5,5,1,1949
26.5,5,5,2,1956
26.5,5,5,3,1962
26.5,5,5,4,1968
26.5,5,5,5,1974
26.5,5,5,6,1980
26.5,5,5,7,1986
26.5,5,5,8,1993
26.5,5,5,9,1999
26.5,5,5,10,2005
26.5,5,5,11,2011
26.5,5,5,12,2017
26.5,5,5,13,2023
26.5,5,5,14,2029
26.5,5,5,15,2035
26.5,5,6,0,1949
26.5,5,6,1,1956
26.5,5,6,2,1962
26.5,5,6,3,1968
26.5,5,6,4,1974
26.5,5,6,5,1981
26.5,5,6,6,1987
26.5,5,6,7,1993
26.5,5,6,8,1999
26.5,5,6,9,2005
26.5,5,6,10,2011
26.5,5,6,11,2017
26.5,5,6,12,2023
26.5,5,6,13,2029
26.5,5,6,14,2035
26.5,5,6,15,2041
26.5,5,7,0,1956
26.5,5,7,1,1962
26.5,5,7,2,1968
26.5,5,7,3,1974
26.5,5,7,4,1981
26.5,5,7,5,1987
26.5,5,7,6,1993
26.5,5,7,7,1999
26.5,5,7,8,2005
26.5,5,7,9,2012
26.5,5,7,10,2018
26.5,5,7,11,2024
26.5,5,7,12,2030
26.5,5,7,13,2036
26.5,5,7,14,2042
26.5,5,7,15,2048
26.5,5,8,0,1962
26.5,5,8,1,1968
26.5,5,8,2,1974
26.5,5,8,3,1981
26.5,5,8,4,1987
26.5,5,8,5,1993
26.5,5,8,6,1999
26.5,5,8,7,2006
26.5,5,8,8,2012
26.5,5,8,9,2018
26.5,5,8,10,2024
26.5,5,8,11,2030
26.5,5,8,12,2036
26.5,5,8,13,2042
26.5,5,8,14,2049
26.5,5,8,15,2055
26.5,5,9,0,1968
26.5,5,9,1,1974
26.5,5,9,2,1981
26.5,5,9,3,1987
26.5,5,9,4,1993
26.5,5,9,5,2000
26.5,5,9,6,2006
26.5,5,9,7,2012
26.5,5,9,8,2018
26.5,5,9,9,2024
26.5,5,9,10,2031
26.5,5,9,11,2037
26.5,5,9,12,2043
26.5,5,9,13,2049
26.5,5,9,14,2055
26.5,5,9,15,2061
26.5,5,10,0,1974
26.5,5,10,1,1981
26.5,5,10,2,1987
26.5,5,10,3,1993
26.5,5,10,4,2000
26.5,5,10,5,2006
26.5,5,10,6,2012
26.5,5,10,7,2018
26.5,5,10,8,2025
26.5,5,10,9,2031
26.5,5,10,10,2037
26.5,5,10,11,2043
26.5,5,10,12,2049
26.5,5,10,13,2055
26.5,5,10,14,2062
26.5,5,10,15,2068
26.5,5,11,0,1981
26.5,5,11,1,1987
26.5,5,11,2,1993
26.5,5,11,3,2000
26.5,5,11,4,2006
26.5,5,11,5,2012
26.5,5,11,6,2018
26.5,5,11,7,2025
26.5,5,11,8,2031
26.5,5,11,9,2037
26.5,5,11,10,2043
26.5,5,11,11,2050
26.5,5,11,12,2056
26.5,5,11,13,2062
26.5,5,11,14,2068
26.5,5,11,15,2074
26.5,5,12,0,1987
26.5,5,12,1,1993
26.5,5,12,2,1999
26.5,5,12,3,2006
26.5,5,12,4,2012
26.5,5,12,5,2018
26.5,5,12,6,2025
26.5,5,12,7,2031
26.5,5,12,8,2037
26.5,5,12,9,2044
26.5,5,12,10,2050
26.5,5,12,11,2056
26.5,5,12,12,2062
26.5,5,12,13,2068
26.5,5,12,14,2074
26.5,5,12,15,2081
26.5,5,13,0,1993
26.5,5,13,1,1999
26.5,5,13,2,2006
26.5,5,13,3,2012
26.5,5,13,4,2018
26.5,5,13,5,2025
26.5,5,13,6,2031
26.5,5,13,7,2037
26.5,5,13,8,2044
26.5,5,13,9,2050
26.5,5,13,10,2056
26.5,5,13,11,2062
26.5,5,13,12,2069
26.5,5,13,13,2075
26.5,5,13,14,2081
26.5,5,13,15,2087
26.5,5,14,0,1999
26.5,5,14,1,2005
26.5,5,14,2,2012
26.5,5,14,3,2018
26.5,5,14,4,2025
26.5,5,14,5,2031
26.5,5,14,6,2037
26.5,5,14,7,2044
26.5,5,14,8,2050
26.5,5,14,9,2056
26.5,5,14,10,2062
26.5,5,14,11,2069
26.5,5,14,12,2075
26.5,5,14,13,2081
26.5,5,14,14,2087
26.5,5,14,15,2094
26.5,5,15,0,2005
26.5,5,15,1,2012
26.5,5,15,2,2018
26.5,5,15,3,2024
26.5,5,15,4,2031
26.5,5,15,5,2037
26.5,5,15,6,2044
26.5,5,15,7,2050
26.5,5,15,8,2056
26.5,5,15,9,2063
26.5,5,15,10,2069
26.5,5,15,11,2075
26.5,5,15,12,2081
26.5,5,15,13,2088
26.5,5,15,14,2094
26.5,5,15,15,2100
26.5,6,0,0,1918
26.5,6,0,1,1925
26.5,6,0,2,1931
26.5,6,0,3,1937
26.5,6,0,4,1943
26.5,6,0,5,1949
26.5,6,0,6,1955
26.5,6,0,7,1961
26.5,6,0,8,1967
26.5,6,0,9,1973
26.5,6,0,10,1979
26.5,6,0,11,1985
26.5,6,0,12,1991
26.5,6,0,13,1997
26.5,6,0,14,2003
26.5,6,0,15,2009
26.5,6,1,0,1925
26.5,6,1,1,1931
26.5,6,1,2,1937
26.5,6,1,3,1943
26.5,6,1,4,1949
26.5,6,1,5,1956
26.5,6,1,6,1962
26.5,6,1,7,1968
26.5,6,1,8,1974
26.5,6,1,9,1980
26.5,6,1,10,1986
26.5,6,1,11,1992
26.5,6,1,12,1998
26.5,6,1,13,2004
26.5,6,1,14,2010
26.5,6,1,15,2016
26.5,6,2,0,1931
26.5,6,2,1,1937
26.5,6,2,2,1944
26.5,6,2,3,1950
26.5,6,2,4,1956
26.5,6,2,5,1962
26.5,6,2,6,1968
26.5,6,2,7,1974
26.5,6,2,8,1980
26.5,6,2,9,1987
26.5,6,2,10,1993
26.5,6,2,11,1999
26.5,6,2,12,2005
26.5,6,2,13,2011
26.5,6,2,14,2017
26.5,6,2,15,2023
26.5,6,3,0,1938
26.5,6,3,1,1944
26.5,6,3,2,1950
26.5,6,3,3,1956
26.5,6,3,4,1962
26.5,6,3,5,1969
26.5,6,3,6,1975
26.5,6,3,7,1981
26.5,6,3,8,1987
26.5,6,3,9,1993
26.5,6,3,10,1999
26.5,6,3,11,2005
26.5,6,3,12,2011
26.5,6,3,13,2017
26.5,6,3,14,2023
26.5,6,3,15,2029
26.5,6,4,0,1944
26.5,6,4,1,1950
26.5,6,4,2,1956
26.5,6,4,3,1963
26.5,6,4,4,1969
26.5,6,4,5,1975
26.5,6,4,6,1981
26.5,6,4,7,1987
26.5,6,4,8,1994
26.5,6,4,9,2000
26.5,6,4,10,2006
26.5,6,4,11,2012
26.5,6,4,12,2018
26.5,6,4,13,2024
26.5,6,4,14,2030
26.5,6,4,15,2036
26.5,6,5,0,1950
26.5,6,5,1,1957
26.5,6,5,2,1963
26.5,6,5,3,1969
26.5,6,5,4,1975
26.5,6,5,5,1982
26.5,6,5,6,1988
26.5,6,5,7,1994
26.5,6,5,8,2000
26.5,6,5,9,2006
26.5,6,5,10,2012
26.5,6,5,11,2018
26.5,6,5,12,2024
26.5,6,5,13,2030
26.5,6,5,14,2037
26.5,6,5,15,2043
26.5,6,6,0,1957
26.5,6,6,1,1963
26.5,6,6,2,1969
26.5,6,6,3,1975
26.5,6,6,4,1982
26.5,6,6,5,1988
26.5,6,6,6,1994
26.5,6,6,7,2000
26.5,6,6,8,2007
26.5,6,6,9,2013
26.5,6,6,10,2019
26.5,6,6,11,2025
26.5,6,6,12,2031
26.5,6,6,13,2037
26.5,6,6,14,2043
26.5,6,6,15,2049
26.5,6,7,0,1963
26.5,6,7,1,1969
26.5,6,7,2,1976
26.5,6,7,3,1982
26.5,6,7,4,1988
26.5,6,7,5,1994
26.5,6,7,6,2001
26.5,6,7,7,2007
26.5,6,7,8,2013
26.5,6,7,9,2019
26.5,6,7,10,2025
26.5,6,7,11,2031
26.5,6,7,12,2038
26.5,6,7,13,2044
26.5,6,7,14,2050
26.5,6,7,15,2056
26.5,6,8,0,1969
26.5,6,8,1,1976
26.5,6,8,2,1982
26.5,6,8,3,1988
26.5,6,8,4,1994
26.5,6,8,5,2001
26.5,6,8,6,2007
26.5,6,8,7,2013
26.5,6,8,8,2019
26.5,6,8,9,2026
26.5,6,8,10,2032
26.5,6,8,11,2038
26.5,6,8,12,2044
26.5,6,8,13,2050
26.5,6,8,14,2056
26.5,6,8,15,2062
26.5,6,9,0,1975
26.5,6,9,1,1982
26.5,6,9,2,1988
26.5,6,9,3,1995
26.5,6,9,4,2001
26.5,6,9,5,2007
26.5,6,9,6,2013
26.5,6,9,7,2020
26.5,6,9,8,2026
26.5,6,9,9,2032
26.5,6,9,10,2038
26.5,6,9,11,2044
26.5,6,9,12,2051
26.5,6,9,13,2057
26.5,6,9,14,2063
26.5,6,9,15,2069
26.5,6,10,0,1982
26.5,6,10,1,1988
26.5,6,10,2,1994
26.5,6,10,3,2001
26.5,6,10,4,2007
26.5,6,10,5,2013
26.5,6,10,6,2020
26.5,6,10,7,2026
26.5,6,10,8,2032
26.5,6,10,9,2038
26.5,6,10,10,2045
26.5,6,10,11,2051
26.5,6,10,12,2057
26.5,6,10,13,2063
26.5,6,10,14,2069
26.5,6,10,15,2075
26.5,6,11,0,1988
26.5,6,11,1,1994
26.5,6,11,2,2001
26.5,6,11,3,2007
26.5,6,11,4,2013
26.5,6,11,5,2020
26.5,6,11,6,2026
26.5,6,11,7,2032
26.5,6,11,8,2039
26.5,6,11,9,2045
26.5,6,11,10,2051
26.5,6,11,11,2057
26.5,6,11,12,2063
26.5,6,11,13,2070
26.5,6,11,14,2076
26.5,6,11,15,2082
26.5,6,12,0,1994
26.5,6,12,1,2001
26.5,6,12,2,2007
26.5,6,12,3,2013
26.5,6,12,4,2020
26.5,6,12,5,2026
26.5,6,12,6,2032
26.5,6,12,7,2039
26.5,6,12,8,2045
26.5,6,12,9,2051
26.5,6,12,10,2057
26.5,6,12,11,2064
26.5,6,12,12,2070
26.5,6,12,13,2076
26.5,6,12,14,2082
26.5,6,12,15,2088
26.5,6,13,0,2000
26.5,6,13,1,2007
26.5,6,13,2,2013
26.5,6,13,3,2020
26.5,6,13,4,2026
26.5,6,13,5,2032
26.5,6,13,6,2039
26.5,6,13,7,2045
26.5,6,13,8,2051
26.5,6,13,9,2058
26.5,6,13,10,2064
26.5,6,13,11,2070
26.5,6,13,12,2076
26.5,6,13,13,2083
26.5,6,13,14,2089
26.5,6,13,15,2095
26.5,6,14,0,2007
26.5,6,14,1,2013
26.5,6,14,2,2019
26.5,6,14,3,2026
26.5,6,14,4,2032
26.5,6,14,5,2039
26.5,6,14,6,2045
26.5,6,14,7,2051
26.5,6,14,8,2058
26.5,6,14,9,2064
26.5,6,14,10,2070
26.5,6,14,11,2077
26.5,6,14,12,2083
26.5,6,14,13,2089
26.5,6,14,14,2095
26.5,6,14,15,2101
26.5,6,15,0,2013
26.5,6,15,1,2019
26.5,6,15,2,2026
26.5,6,15,3,2032
26.5,6,15,4,2038
26.5,6,15,5,2045
26.5,6,15,6,2051
26.5,6,15,7,2058
26.5,6,15,8,2064
26.5,6,15,9,2070
26.5,6,15,10,2077
26.5,6,15,11,2083
26.5,6,15,12,2089
26.5,6,15,13,2095
26.5,6,15,14,2102
26.5,6,15,15,2108
26.5,7,0,0,1926
26.5,7,0,1,1932
26.5,7,0,2,1938
26.5,7,0,3,1944
26.5,7,0,4,1950
26.5,7,0,5,1956
26.5,7,0,6,1962
26.5,7,0,7,1969
26.5,7,0,8,1975
26.5,7,0,9,1981
26.5,7,0,10,1987
26.5,7,0,11,1993
26.5,7,0,12,1999
26.5,7,0,13,2005
26.5,7,0,14,2011
26.5,7,0,15,2017
26.5,7,1,0,1932
26.5,7,1,1,1938
26.5,7,1,2,1944
26.5,7,1,3,1951
26.5,7,1,4,1957
26.5,7,1,5,1963
26.5,7,1,6,1969
26.5,7,1,7,1975
26.5,7,1,8,1981
26.5,7,1,9,1987
26.5,7,1,10,1993
26.5,7,1,11,1999
26.5,7,1,12,2005
26.5,7,1,13,2011
26.5,7,1,14,2017
26.5,7,1,15,2023
26.5,7,2,0,1938
26.5,7,2,1,1945
26.5,7,2,2,1951
26.5,7,2,3,1957
26.5,7,2,4,1963
26.5,7,2,5,1969
26.5,7,2,6,1976
26.5,7,2,7,1982
26.5,7,2,8,1988
26.5,7,2,9,1994
26.5,7,2,10,2000
26.5,7,2,11,2006
26.5,7,2,12,2012
26.5,7,2,13,2018
26.5,7,2,14,2024
26.5,7,2,15,2030
26.5,7,3,0,1945
26.5,7,3,1,1951
26.5,7,3,2,1957
26.5,7,3,3,1964
26.5,7,3,4,1970
26.5,7,3,5,1976
26.5,7,3,6,1982
26.5,7,3,7,1988
26.5,7,3,8,1994
26.5,7,3,9,2001
26.5,7,3,10,2007
26.5,7,3,11,2013
26.5,7,3,12,2019
26.5,7,3,13,2025
26.5,7,3,14,2031
26.5,7,3,15,2037
26.5,7,4,0,1951
26.5,7,4,1,1958
26.5,7,4,2,1964
26.5,7,4,3,1970
26.5,7,4,4,1976
26.5,7,4,5,1982
26.5,7,4,6,1989
26.5,7,4,7,1995
26.5,7,4,8,2001
26.5,7,4,9,2007
26.5,7,4,10,2013
26.5,7,4,11,2019
26.5,7,4,12,2025
26.5,7,4,13,2031
26.5,7,4,14,2037
26.5,7,4,15,2044
26.5,7,5,0,1958
26.5,7,5,1,1964
26.5,7,5,2,1970
26.5,7,5,3,1976
26.5,7,5,4,1983
26.5,7,5,5,1989
26.5,7,5,6,1995
26.5,7,5,7,2001
26.5,7,5,8,2008
26.5,7,5,9,2014
26.5,7,5,10,2020
26.5,7,5,11,2026
26.5,7,5,12,2032
26.5,7,5,13,2038
26.5,7,5,14,2044
26.5,7,5,15,2050
26.5,7,6,0,1964
26.5,7,6,1,1970
26.5,7,6,2,1977
26.5,7,6,3,1983
26.5,7,6,4,1989
26.5,7,6,5,1995
26.5,7,6,6,2002
26.5,7,6,7,2008
26.5,7,6,8,2014
26.5,7,6,9,2020
26.5,7,6,10,2026
26.5,7,6,11,2032
26.5,7,6,12,2039
26.5,7,6,13,2045
26.5,7,6,14,2051
26.5,7,6,15,2057
26.5,7,7,0,1970
26.5,7,7,1,1977
26.5,7,7,2,1983
26.5,7,7,3,1989
26.5,7,7,4,1996
26.5,7,7,5,2002
26.5,7,7,6,2008
26.5,7,7,7,2014
26.5,7,7,8,2021
26.5,7,7,9,2027
26.5,7,7,10,2033
26.5,7,7,11,2039
26.5,7,7,12,2045
26.5,7,7,13,2051
26.5,7,7,14,2057
26.5,7,7,15,2063
26.5,7,8,0,1977
26.5,7,8,1,1983
26.5,7,8,2,1989
26.5,7,8,3,1996
26.5,7,8,4,2002
26.5,7,8,5,2008
26.5,7,8,6,2015
26.5,7,8,7,2021
26.5,7,8,8,2027
26.5,7,8,9,2033
26.5,7,8,10,2039
26.5,7,8,11,2046
26.5,7,8,12,2052
26.5,7,8,13,2058
26.5,7,8,14,2064
26.5,7,8,15,2070
26.5,7,9,0,1983
26.5,7,9,1,1989
26.5,7,9,2,1996
26.5,7,9,3,2002
26.5,7,9,4,2008
26.5,7,9,5,2015
26.5,7,9,6,2021
26.5,7,9,7,2027
26.5,7,9,8,2033
26.5,7,9,9,2040
26.5,7,9,10,2046
26.5,7,9,11,2052
26.5,7,9,12,2058
26.5,7,9,13,2064
26.5,7,9,14,2071
26.5,7,9,15,2077
26.5,7,10,0,1989
26.5,7,10,1,1996
26.5,7,10,2,2002
26.5,7,10,3,2008
26.5,7,10,4,2015
26.5,7,10,5,2021
26.5,7,10,6,2027
26.5,7,10,7,2034
26.5,7,10,8,2040
26.5,7,10,9,2046
26.5,7,10,10,2052
26.5,7,10,11,2059
26.5,7,10,12,2065
26.5,7,10,13,2071
26.5,7,10,14,2077
26.5,7,10,15,2083
26.5,7,11,0,1995
26.5,7,11,1,2002
26.5,7,11,2,2008
26.5,7,11,3,2015
26.5,7,11,4,2021
26.5,7,11,5,2027
26.5,7,11,6,2034
26.5,7,11,7,2040
26.5,7,11,8,2046
26.5,7,11,9,2053
26.5,7,11,10,2059
26.5,7,11,11,2065
26.5,7,11,12,2071
26.5,7,11,13,2077
26.5,7,11,14,2084
26.5,7,11,15,2090
26.5,7,12,0,2002
26.5,7,12,1,2008
26.5,7,12,2,2015
26.5,7,12,3,2021
26.5,7,12,4,2027
26.5,7,12,5,2034
26.5,7,12,6,2040
26.5,7,12,7,2046
26.5,7,12,8,2053
26.5,7,12,9,2059
26.5,7,12,10,2065
26.5,7,12,11,2071
26.5,7,12,12,2078
26.5,7,12,13,2084
26.5,7,12,14,2090
26.5,7,12,15,2096
26.5,7,13,0,2008
26.5,7,13,1,2014
26.5,7,13,2,2021
26.5,7,13,3,2027
26.5,7,13,4,2034
26.5,7,13,5,2040
26.5,7,13,6,2046
26.5,7,13,7,2053
26.5,7,13,8,2059
26.5,7,13,9,2065
26.5,7,13,10,2072
26.5,7,13,11,2078
26.5,7,13,12,2084
26.5,7,13,13,2090
26.5,7,13,14,2097
26.5,7,13,15,2103
26.5,7,14,0,2014
26.5,7,14,1,2021
26.5,7,14,2,2027
26.5,7,14,3,2033
26.5,7,14,4,2040
26.5,7,14,5,2046
26.5,7,14,6,2053
26.5,7,14,7,2059
26.5,7,14,8,2065
26.5,7,14,9,2072
26.5,7,14,10,2078
26.5,7,14,11,2084
26.5,7,14,12,2091
26.5,7,14,13,2097
26.5,7,14,14,2103
26.5,7,14,15,2109
26.5,7,15,0,2020
26.5,7,15,1,2027
26.5,7,15,2,2033
26.5,7,15,3,2040
26.5,7,15,4,2046
26.5,7,15,5,2053
26.5,7,15,6,2059
26.5,7,15,7,2065
26.5,7,15,8,2072
26.5,7,15,9,2078
26.5,7,15,10,2084
26.5,7,15,11,2091
26.5,7,15,12,2097
26.5,7,15,13,2103
26.5,7,15,14,2109
26.5,7,15,15,2116
26.5,8,0,0,1933
26.5,8,0,1,1939
26.5,8,0,2,1945
26.5,8,0,3,1951
26.5,8,0,4,1958
26.5,8,0,5,1964
26.5,8,0,6,1970
26.5,8,0,7,1976
26.5,8,0,8,1982
26.5,8,0,9,1988
26.5,8,0,10,1994
26.5,8,0,11,2000
26.5,8,0,12,2006
26.5,8,0,13,2012
26.5,8,0,14,2018
26.5,8,0,15,2024
26.5,8,1,0,1939
26.5,8,1,1,1945
26.5,8,1,2,1952
26.5,8,1,3,1958
26.5,8,1,4,1964
26.5,8,1,5,1970
26.5,8,1,6,1976
26.5,8,1,7,1983
26.5,8,1,8,1989
26.5,8,1,9,1995
26.5,8,1,10,2001
26.5,8,1,11,2007
26.5,8,1,12,2013
26.5,8,1,13,2019
26.5,8,1,14,2025
26.5,8,1,15,2031
26.5,8,2,0,1946
26.5,8,2,1,1952
26.5,8,2,2,1958
26.5,8,2,3,1964
26.5,8,2,4,1971
26.5,8,2,5,1977
26.5,8,2,6,1983
26.5,8,2,7,1989
26.5,8,2,8,1995
26.5,8,2,9,2001
26.5,8,2,10,2007
26.5,8,2,11,2014
26.5,8,2,12,2020
26.5,8,2,13,2026
26.5,8,2,14,2032
26.5,8,2,15,2038
26.5,8,3,0,1952
26.5,8,3,1,1958
26.5,8,3,2,1965
26.5,8,3,3,1971
26.5,8,3,4,1977
26.5,8,3,5,1983
26.5,8,3,6,1990
26.5,8,3,7,1996
26.5,8,3,8,2002
26.5,8,3,9,2008
26.5,8,3,10,2014
26.5,8,3,11,2020
26.5,8,3,12,2026
26.5,8,3,13,2032
26.5,8,3,14,2038
26.5,8,3,15,2044
26.5,8,4,0,1959
26.5,8,4,1,1965
26.5,8,4,2,1971
26.5,8,4,3,1977
26.5,8,4,4,1984
26.5,8,4,5,1990
26.5,8,4,6,1996
26.5,8,4,7,2002
26.5,8,4,8,2008
26.5,8,4,9,2015
26.5,8,4,10,2021
26.5,8,4,11,2027
26.5,8,4,12,2033
26.5,8,4,13,2039
26.5,8,4,14,2045
26.5,8,4,15,2051
26.5,8,5,0,1965
26.5,8,5,1,1971
26.5,8,5,2,1978
26.5,8,5,3,1984
26.5,8,5,4,1990
26.5,8,5,5,1996
26.5,8,5,6,2003
26.5,8,5,7,2009
26.5,8,5,8,2015
26.5,8,5,9,2021
26.5,8,5,10,2027
26.5,8,5,11,2033
26.5,8,5,12,2040
26.5,8,5,13,2046
26.5,8,5,14,2052
26.5,8,5,15,2058
26.5,8,6,0,1971
26.5,8,6,1,1978
26.5,8,6,2,1984
26.5,8,6,3,1990
26.5,8,6,4,1997
26.5,8,6,5,2003
26.5,8,6,6,2009
26.5,8,6,7,2015
26.5,8,6,8,2022
26.5,8,6,9,2028
26.5,8,6,10,2034
26.5,8,6,11,2040
26.5,8,6,12,2046
26.5,8,6,13,2052
26.5,8,6,14,2058
26.5,8,6,15,2065
26.5,8,7,0,1978
26.5,8,7,1,1984
26.5,8,7,2,1990
26.5,8,7,3,1997
26.5,8,7,4,2003
26.5,8,7,5,2009
26.5,8,7,6,2016
26.5,8,7,7,2022
26.5,8,7,8,2028
26.5,8,7,9,2034
26.5,8,7,10,2040
26.5,8,7,11,2047
26.5,8,7,12,2053
26.5,8,7,13,2059
26.5,8,7,14,2065
26.5,8,7,15,2071
26.5,8,8,0,1984
26.5,8,8,1,1990
26.5,8,8,2,1997
26.5,8,8,3,2003
26.5,8,8,4,2009
26.5,8,8,5,2016
26.5,8,8,6,2022
26.5,8,8,7,2028
26.5,8,8,8,2035
26.5,8,8,9,2041
26.5,8,8,10,2047
26.5,8,8,11,2053
26.5,8,8,12,2059
26.5,8,8,13,2066
26.5,8,8,14,2072
26.5,8,8,15,2078
26.5,8,9,0,1990
26.5,8,9,1,1997
26.5,8,9,2,2003
26.5,8,9,3,2009
26.5,8,9,4,2016
26.5,8,9,5,2022
26.5,8,9,6,2028
26.5,8,9,7,2035
26.5,8,9,8,2041
26.5,8,9,9,2047
26.5,8,9,10,2054
26.5,8,9,11,2060
26.5,8,9,12,2066
26.5,8,9,13,2072
26.5,8,9,14,2078
26.5,8,9,15,2084
26.5,8,10,0,1997
26.5,8,10,1,2003
26.5,8,10,2,2009
26.5,8,10,3,2016
26.5,8,10,4,2022
26.5,8,10,5,2029
26.5,8,10,6,2035
26.5,8,10,7,2041
26.5,8,10,8,2047
26.5,8,10,9,2054
26.5,8,10,10,2060
26.5,8,10,11,2066
26.5,8,10,12,2072
26.5,8,10,13,2079
26.5,8,10,14,2085
26.5,8,10,15,2091
26.5,8,11,0,2003
26.5,8,11,1,2009
26.5,8,11,2,2016
26.5,8,11,3,2022
26.5,8,11,4,2029
26.5,8,11,5,2035
26.5,8,11,6,2041
26.5,8,11,7,2048
26.5,8,11,8,2054
26.5,8,11,9,2060
26.5,8,11,10,2066
26.5,8,11,11,2073
26.5,8,11,12,2079
26.5,8,11,13,2085
26.5,8,11,14,2091
26.5,8,11,15,2098
26.5,8,12,0,2009
26.5,8,12,1,2016
26.5,8,12,2,2022
26.5,8,12,3,2028
26.5,8,12,4,2035
26.5,8,12,5,2041
26.5,8,12,6,2048
26.5,8,12,7,2054
26.5,8,12,8,2060
26.5,8,12,9,2067
26.5,8,12,10,2073
26.5,8,12,11,2079
26.5,8,12,12,2085
26.5,8,12,13,2092
26.5,8,12,14,2098
26.5,8,12,15,2104
26.5,8,13,0,2015
26.5,8,13,1,2022
26.5,8,13,2,2028
26.5,8,13,3,2035
26.5,8,13,4,2041
26.5,8,13,5,2048
26.5,8,13,6,2054
26.5,8,13,7,2060
26.5,8,13,8,2067
26.5,8,13,9,2073
26.5,8,13,10,2079
26.5,8,13,11,2086
26.5,8,13,12,2092
26.5,8,13,13,2098
26.5,8,13,14,2104
26.5,8,13,15,2111
26.5,8,14,0,2022
26.5,8,14,1,2028
26.5,8,14,2,2035
26.5,8,14,3,2041
26.5,8,14,4,2047
26.5,8,14,5,2054
26.5,8,14,6,2060
26.5,8,14,7,2067
26.5,8,14,8,2073
26.5,8,14,9,2079
26.5,8,14,10,2086
26.5,8,14,11,2092
26.5,8,14,12,2098
26.5,8,14,13,2105
26.5,8,14,14,2111
26.5,8,14,15,2117
26.5,8,15,0,2028
26.5,8,15,1,2034
26.5,8,15,2,2041
26.5,8,15,3,2047
26.5,8,15,4,2054
26.5,8,15,5,2060
26.5,8,15,6,2067
26.5,8,15,7,2073
26.5,8,15,8,2079
26.5,8,15,9,2086
26.5,8,15,10,2092
26.5,8,15,11,2098
26.5,8,15,12,2105
26.5,8,15,13,2111
26.5,8,15,14,2117
26.5,8,15,15,2124
26.5,9,0,0,1940
26.5,9,0,1,1946
26.5,9,0,2,1952
26.5,9,0,3,1959
26.5,9,0,4,1965
26.5,9,0,5,1971
26.5,9,0,6,1977
26.5,9,0,7,1983
26.5,9,0,8,1989
26.5,9,0,9,1995
26.5,9,0,10,2002
26.5,9,0,11,2008
26.5,9,0,12,2014
26.5,9,0,13,2020
26.5,9,0,14,2026
26.5,9,0,15,2032
26.5,9,1,0,1946
26.5,9,1,1,1953
26.5,9,1,2,1959
26.5,9,1,3,1965
26.5,9,1,4,1971
26.5,9,1,5,1978
26.5,9,1,6,1984
26.5,9,1,7,1990
26.5,9,1,8,1996
26.5,9,1,9,2002
26.5,9,1,10,2008
26.5,9,1,11,2014
26.5,9,1,12,2020
26.5,9,1,13,2026
26.5,9,1,14,2032
26.5,9,1,15,2038
26.5,9,2,0,1953
26.5,9,2,1,1959
26.5,9,2,2,1965
26.5,9,2,3,1972
26.5,9,2,4,1978
26.5,9,2,5,1984
26.5,9,2,6,1990
26.5,9,2,7,1997
26.5,9,2,8,2003
26.5,9,2,9,2009
26.5,9,2,10,2015
26.5,9,2,11,2021
26.5,9,2,12,2027
26.5,9,2,13,2033
26.5,9,2,14,2039
26.5,9,2,15,2045
26.5,9,3,0,1959
26.5,9,3,1,1966
26.5,9,3,2,1972
26.5,9,3,3,1978
26.5,9,3,4,1985
26.5,9,3,5,1991
26.5,9,3,6,1997
26.5,9,3,7,2003
26.5,9,3,8,2009
26.5,9,3,9,2015
26.5,9,3,10,2022
26.5,9,3,11,2028
26.5,9,3,12,2034
26.5,9,3,13,2040
26.5,9,3,14,2046
26.5,9,3,15,2052
26.5,9,4,0,1966
26.5,9,4,1,1972
26.5,9,4,2,1978
26.5,9,4,3,1985
26.5,9,4,4,1991
26.5,9,4,5,1997
26.5,9,4,6,2004
26.5,9,4,7,2010
26.5,9,4,8,2016
26.5,9,4,9,2022
26.5,9,4,10,2028
26.5,9,4,11,2034
26.5,9,4,12,2041
26.5,9,4,13,2047
26.5,9,4,14,2053
26.5,9,4,15,2059
26.5,9,5,0,1972
26.5,9,5,1,1979
26.5,9,5,2,1985
26.5,9,5,3,1991
26.5,9,5,4,1998
26.5,9,5,5,2004
26.5,9,5,6,2010
26.5,9,5,7,2016
26.5,9,5,8,2023
26.5,9,5,9,2029
26.5,9,5,10,2035
26.5,9,5,11,2041
26.5,9,5,12,2047
26.5,9,5,13,2053
26.5,9,5,14,2059
26.5,9,5,15,2065
26.5,9,6,0,1979
26.5,9,6,1,1985
26.5,9,6,2,1991
26.5,9,6,3,1998
26.5,9,6,4,2004
26.5,9,6,5,2010
26.5,9,6,6,2017
26.5,9,6,7,2023
26.5,9,6,8,2029
26.5,9,6,9,2035
26.5,9,6,10,2041
26.5,9,6,11,2048
26.5,9,6,12,2054
26.5,9,6,13,2060
26.5,9,6,14,2066
26.5,9,6,15,2072
26.5,9,7,0,1985
26.5,9,7,1,1991
26.5,9,7,2,1998
26.5,9,7,3,2004
26.5,9,7,4,2010
26.5,9,7,5,2017
26.5,9,7,6,2023
26.5,9,7,7,2029
26.5,9,7,8,2036
26.5,9,7,9,2042
26.5,9,7,10,2048
26.5,9,7,11,2054
26.5,9,7,12,2060
26.5,9,7,13,2067
26.5,9,7,14,2073
26.5,9,7,15,2079
26.5,9,8,0,1991
26.5,9,8,1,1998
26.5,9,8,2,2004
26.5,9,8,3,2011
26.5,9,8,4,2017
26.5,9,8,5,2023
26.5,9,8,6,2030
26.5,9,8,7,2036
26.5,9,8,8,2042
26.5,9,8,9,2048
26.5,9,8,10,2055
26.5,9,8,11,2061
26.5,9,8,12,2067
26.5,9,8,13,2073
26.5,9,8,14,2079
26.5,9,8,15,2086
26.5,9,9,0,1998
26.5,9,9,1,2004
26.5,9,9,2,2011
26.5,9,9,3,2017
26.5,9,9,4,2023
26.5,9,9,5,2030
26.5,9,9,6,2036
26.5,9,9,7,2042
26.5,9,9,8,2049
26.5,9,9,9,2055
26.5,9,9,10,2061
26.5,9,9,11,2067
26.5,9,9,12,2074
26.5,9,9,13,2080
26.5,9,9,14,2086
26.5,9,9,15,2092
26.5,9,10,0,2004
26.5,9,10,1,2010
26.5,9,10,2,2017
26.5,9,10,3,2023
26.5,9,10,4,2030
26.5,9,10,5,2036
26.5,9,10,6,2042
26.5,9,10,7,2049
26.5,9,10,8,2055
26.5,9,10,9,2061
26.5,9,10,10,2068
26.5,9,10,11,2074
26.5,9,10,12,2080
26.5,9,10,13,2086
26.5,9,10,14,2093
26.5,9,10,15,2099
26.5,9,11,0,2010
26.5,9,11,1,2017
26.5,9,11,2,2023
26.5,9,11,3,2030
26.5,9,11,4,2036
26.5,9,11,5,2042
26.5,9,11,6,2049
26.5,9,11,7,2055
26.5,9,11,8,2062
26.5,9,11,9,2068
26.5,9,11,10,2074
26.5,9,11,11,2080
26.5,9,11,12,2087
26.5,9,11,13,2093
26.5,9,11,14,2099
26.5,9,11,15,2105
26.5,9,12,0,2017
26.5,9,12,1,2023
26.5,9,12,2,2030
26.5,9,12,3,2036
26.5,9,12,4,2042
26.5,9,12,5,2049
26.5,9,12,6,2055
26.5,9,12,7,2062
26.5,9,12,8,2068
26.5,9,12,9,2074
26.5,9,12,10,2081
26.5,9,12,11,2087
26.5,9,12,12,2093
26.5,9,12,13,2099
26.5,9,12,14,2106
26.5,9,12,15,2112
26.5,9,13,0,2023
26.5,9,13,1,2029
26.5,9,13,2,2036
26.5,9,13,3,2042
26.5,9,13,4,2049
26.5,9,13,5,2055
26.5,9,13,6,2062
26.5,9,13,7,2068
26.5,9,13,8,2074
26.5,9,13,9,2081
26.5,9,13,10,2087
26.5,9,13,11,2093
26.5,9,13,12,2100
26.5,9,13,13,2106
26.5,9,13,14,2112
26.5,9,13,15,2118
26.5,9,14,0,2029
26.5,9,14,1,2036
26.5,9,14,2,2042
26.5,9,14,3,2049
26.5,9,14,4,2055
26.5,9,14,5,2062
26.5,9,14,6,2068
26.5,9,14,7,2074
26.5,9,14,8,2081
26.5,9,14,9,2087
26.5,9,14,10,2094
26.5,9,14,11,2100
26.5,9,14,12,2106
26.5,9,14,13,2112
26.5,9,14,14,2119
26.5,9,14,15,2125
26.5,9,15,0,2035
26.5,9,15,1,2042
26.5,9,15,2,2048
26.5,9,15,3,2055
26.5,9,15,4,2061
26.5,9,15,5,2068
26.5,9,15,6,2074
26.5,9,15,7,2081
26.5,9,15,8,2087
26.5,9,15,9,2094
26.5,9,15,10,2100
26.5,9,15,11,2106
26.5,9,15,12,2113
26.5,9,15,13,2119
26.5,9,15,14,2125
26.5,9,15,15,2132
26.5,10,0,0,1947
26.5,10,0,1,1953
26.5,10,0,2,1960
26.5,10,0,3,1966
26.5,10,0,4,1972
26.5,10,0,5,1978
26.5,10,0,6,1984
26.5,10,0,7,1991
26.5,10,0,8,1997
26.5,10,0,9,2003
26.5,10,0,10,2009
26.5,10,0,11,2015
26.5,10,0,12,2021
26.5,10,0,13,2027
26.5,10,0,14,2033
26.5,10,0,15,2039
26.5,10,1,0,1954
26.5,10,1,1,1960
26.5,10,1,2,1966
26.5,10,1,3,1972
26.5,10,1,4,1979
26.5,10,1,5,1985
26.5,10,1,6,1991
26.5,10,1,7,1997
26.5,10,1,8,2003
26.5,10,1,9,2010
26.5,10,1,10,2016
26.5,10,1,11,2022
26.5,10,1,12,2028
26.5,10,1,13,2034
26.5,10,1,14,2040
26.5,10,1,15,2046
26.5,10,2,0,1960
26.5,10,2,1,1966
26.5,10,2,2,1973
26.5,10,2,3,1979
26.5,10,2,4,1985
26.5,10,2,5,1992
26.5,10,2,6,1998
26.5,10,2,7,2004
26.5,10,2,8,2010
26.5,10,2,9,2016
26.5,10,2,10,2022
26.5,10,2,11,2029
26.5,10,2,12,2035
26.5,10,2,13,2041
26.5,10,2,14,2047
26.5,10,2,15,2053
26.5,10,3,0,1967
26.5,10,3,1,1973
26.5,10,3,2,1979
26.5,10,3,3,1986
26.5,10,3,4,1992
26.5,10,3,5,1998
26.5,10,3,6,2004
26.5,10,3,7,2011
26.5,10,3,8,2017
26.5,10,3,9,2023
26.5,10,3,10,2029
26.5,10,3,11,2035
26.5,10,3,12,2041
26.5,10,3,13,2047
26.5,10,3,14,2054
26.5,10,3,15,2060
26.5,10,4,0,1973
26.5,10,4,1,1979
26.5,10,4,2,1986
26.5,10,4,3,1992
26.5,10,4,4,1998
26.5,10,4,5,2005
26.5,10,4,6,2011
26.5,10,4,7,2017
26.5,10,4,8,2023
26.5,10,4,9,2030
26.5,10,4,10,2036
26.5,10,4,11,2042
26.5,10,4,12,2048
26.5,10,4,13,2054
26.5,10,4,14,2060
26.5,10,4,15,2066
26.5,10,5,0,1980
26.5,10,5,1,1986
26.5,10,5,2,1992
26.5,10,5,3,1999
26.5,10,5,4,2005
26.5,10,5,5,2011
26.5,10,5,6,2018
26.5,10,5,7,2024
26.5,10,5,8,2030
26.5,10,5,9,2036
26.5,10,5,10,2042
26.5,10,5,11,2049
26.5,10,5,12,2055
26.5,10,5,13,2061
26.5,10,5,14,2067
26.5,10,5,15,2073
26.5,10,6,0,1986
26.5,10,6,1,1992
26.5,10,6,2,1999
26.5,10,6,3,2005
26.5,10,6,4,2011
26.5,10,6,5,2018
26.5,10,6,6,2024
26.5,10,6,7,2030
26.5,10,6,8,2037
26.5,10,6,9,2043
26.5,10,6,10,2049
26.5,10,6,11,2055
26.5,10,6,12,2061
26.5,10,6,13,2068
26.5,10,6,14,2074
26.5,10,6,15,2080
26.5,10,7,0,1992
26.5,10,7,1,1999
26.5,10,7,2,2005
26.5,10,7,3,2012
26.5,10,7,4,2018
26.5,10,7,5,2024
26.5,10,7,6,2031
26.5,10,7,7,2037
26.5,10,7,8,2043
26.5,10,7,9,2049
26.5,10,7,10,2056
26.5,10,7,11,2062
26.5,10,7,12,2068
26.5,10,7,13,2074
26.5,10,7,14,2080
26.5,10,7,15,2087
26.5,10,8,0,1999
26.5,10,8,1,2005
26.5,10,8,2,2012
26.5,10,8,3,2018
26.5,10,8,4,2024
26.5,10,8,5,2031
26.5,10,8,6,2037
26.5,10,8,7,2043
26.5,10,8,8,2050
26.5,10,8,9,2056
26.5,10,8,10,2062
26.5,10,8,11,2068
26.5,10,8,12,2075
26.5,10,8,13,2081
26.5,10,8,14,2087
26.5,10,8,15,2093
26.5,10,9,0,2005
26.5,10,9,1,2012
26.5,10,9,2,2018
26.5,10,9,3,2024
26.5,10,9,4,2031
26.5,10,9,5,2037
26.5,10,9,6,2044
26.5,10,9,7,2050
26.5,10,9,8,2056
26.5,10,9,9,2062
26.5,10,9,10,2069
26.5,10,9,11,2075
26.5,10,9,12,2081
26.5,10,9,13,2088
26.5,10,9,14,2094
26.5,10,9,15,2100
26.5,10,10,0,2011
26.5,10,10,1,2018
26.5,10,10,2,2024
26.5,10,10,3,2031
26.5,10,10,4,2037
26.5,10,10,5,2044
26.5,10,10,6,2050
26.5,10,10,7,2056
26.5,10,10,8,2063
26.5,10,10,9,2069
26.5,10,10,10,2075
26.5,10,10,11,2082
26.5,10,10,12,2088
26.5,10,10,13,2094
26.5,10,10,14,2100
26.5,10,10,15,2107
26.5,10,11,0,2018
26.5,10,11,1,2024
26.5,10,11,2,2031
26.5,10,11,3,2037
26.5,10,11,4,2044
26.5,10,11,5,2050
26.5,10,11,6,2056
26.5,10,11,7,2063
26.5,10,11,8,2069
26.5,10,11,9,2076
26.5,10,11,10,2082
26.5,10,11,11,2088
26.5,10,11,12,2094
26.5,10,11,13,2101
26.5,10,11,14,2107
26.5,10,11,15,2113
26.5,10,12,0,2024
26.5,10,12,1,2031
26.5,10,12,2,2037
26.5,10,12,3,2044
26.5,10,12,4,2050
26.5,10,12,5,2056
26.5,10,12,6,2063
26.5,10,12,7,2069
26.5,10,12,8,2076
26.5,10,12,9,2082
26.5,10,12,10,2088
26.5,10,12,11,2095
26.5,10,12,12,2101
26.5,10,12,13,2107
26.5,10,12,14,2113
26.5,10,12,15,2120
26.5,10,13,0,2030
26.5,10,13,1,2037
26.5,10,13,2,2043
26.5,10,13,3,2050
26.5,10,13,4,2056
26.5,10,13,5,2063
26.5,10,13,6,2069
26.5,10,13,7,2076
26.5,10,13,8,2082
26.5,10,13,9,2088
26.5,10,13,10,2095
26.5,10,13,11,2101
26.5,10,13,12,2107
26.5,10,13,13,2114
26.5,10,13,14,2120
26.5,10,13,15,2126
26.5,10,14,0,2037
26.5,10,14,1,2043
26.5,10,14,2,2050
26.5,10,14,3,2056
26.5,10,14,4,2063
26.5,10,14,5,2069
26.5,10,14,6,2076
26.5,10,14,7,2082
26.5,10,14,8,2088
26.5,10,14,9,2095
26.5,10,14,10,2101
26.5,10,14,11,2108
26.5,10,14,12,2114
26.5,10,14,13,2120
26.5,10,14,14,2127
26.5,10,14,15,2133
26.5,10,15,0,2043
26.5,10,15,1,2049
26.5,10,15,2,2056
26.5,10,15,3,2062
26.5,10,15,4,2069
26.5,10,15,5,2076
26.5,10,15,6,2082
26.5,10,15,7,2088
26.5,10,15,8,2095
26.5,10,15,9,2101
26.5,10,15,10,2108
26.5,10,15,11,2114
26.5,10,15,12,2120
26.5,10,15,13,2127
26.5,10,15,14,2133
26.5,10,15,15,2139
26.5,11,0,0,1954
26.5,11,0,1,1961
26.5,11,0,2,1967
26.5,11,0,3,1973
26.5,11,0,4,1979
26.5,11,0,5,1986
26.5,11,0,6,1992
26.5,11,0,7,1998
26.5,11,0,8,2004
26.5,11,0,9,2010
26.5,11,0,10,2016
26.5,11,0,11,2022
26.5,11,0,12,2029
26.5,11,0,13,2035
26.5,11,0,14,2041
26.5,11,0,15,2047
26.5,11,1,0,1961
26.5,11,1,1,1967
26.5,11,1,2,1973
26.5,11,1,3,1980
26.5,11,1,4,1986
26.5,11,1,5,1992
26.5,11,1,6,1998
26.5,11,1,7,2005
26.5,11,1,8,2011
26.5,11,1,9,2017
26.5,11,1,10,2023
26.5,11,1,11,2029
26.5,11,1,12,2035
26.5,11,1,13,2041
26.5,11,1,14,2048
26.5,11,1,15,2054
26.5,11,2,0,1967
26.5,11,2,1,1974
26.5,11,2,2,1980
26.5,11,2,3,1986
26.5,11,2,4,1993
26.5,11,2,5,1999
26.5,11,2,6,2005
26.5,11,2,7,2011
26.5,11,2,8,2018
26.5,11,2,9,2024
26.5,11,2,10,2030
26.5,11,2,11,2036
26.5,11,2,12,2042
26.5,11,2,13,2048
26.5,11,2,14,2054
26.5,11,2,15,2060
26.5,11,3,0,1974
26.5,11,3,1,1980
26.5,11,3,2,1987
26.5,11,3,3,1993
26.5,11,3,4,1999
26.5,11,3,5,2005
26.5,11,3,6,2012
26.5,11,3,7,2018
26.5,11,3,8,2024
26.5,11,3,9,2030
26.5,11,3,10,2037
26.5,11,3,11,2043
26.5,11,3,12,2049
26.5,11,3,13,2055
26.5,11,3,14,2061
26.5,11,3,15,2067
26.5,11,4,0,1980
26.5,11,4,1,1987
26.5,11,4,2,1993
26.5,11,4,3,1999
26.5,11,4,4,2006
26.5,11,4,5,2012
26.5,11,4,6,2018
26.5,11,4,7,2025
26.5,11,4,8,2031
26.5,11,4,9,2037
26.5,11,4,10,2043
26.5,11,4,11,2049
26.5,11,4,12,2056
26.5,11,4,13,2062
26.5,11,4,14,2068
26.5,11,4,15,2074
26.5,11,5,0,1987
26.5,11,5,1,1993
26.5,11,5,2,2000
26.5,11,5,3,2006
26.5,11,5,4,2012
26.5,11,5,5,2019
26.5,11,5,6,2025
26.5,11,5,7,2031
26.5,11,5,8,2037
26.5,11,5,9,2044
26.5,11,5,10,2050
26.5,11,5,11,2056
26.5,11,5,12,2062
26.5,11,5,13,2069
26.5,11,5,14,2075
26.5,11,5,15,2081
26.5,11,6,0,1993
26.5,11,6,1,2000
26.5,11,6,2,2006
26.5,11,6,3,2012
26.5,11,6,4,2019
26.5,11,6,5,2025
26.5,11,6,6,2032
26.5,11,6,7,2038
26.5,11,6,8,2044
26.5,11,6,9,2050
26.5,11,6,10,2057
26.5,11,6,11,2063
26.5,11,6,12,2069
26.5,11,6,13,2075
26.5,11,6,14,2081
26.5,11,6,15,2088
26.5,11,7,0,2000
26.5,11,7,1,2006
26.5,11,7,2,2013
26.5,11,7,3,2019
26.5,11,7,4,2025
26.5,11,7,5,2032
26.5,11,7,6,2038
26.5,11,7,7,2044
26.5,11,7,8,2051
26.5,11,7,9,2057
26.5,11,7,10,2063
26.5,11,7,11,2069
26.5,11,7,12,2076
26.5,11,7,13,2082
26.5,11,7,14,2088
26.5,11,7,15,2094
26.5,11,8,0,2006
26.5,11,8,1,2013
26.5,11,8,2,2019
26.5,11,8,3,2025
26.5,11,8,4,2032
26.5,11,8,5,2038
26.5,11,8,6,2045
26.5,11,8,7,2051
26.5,11,8,8,2057
26.5,11,8,9,2064
26.5,11,8,10,2070
26.5,11,8,11,2076
26.5,11,8,12,2082
26.5,11,8,13,2089
26.5,11,8,14,2095
26.5,11,8,15,2101
26.5,11,9,0,2012
26.5,11,9,1,2019
26.5,11,9,2,2025
26.5,11,9,3,2032
26.5,11,9,4,2038
26.5,11,9,5,2045
26.5,11,9,6,2051
26.5,11,9,7,2057
26.5,11,9,8,2064
26.5,11,9,9,2070
26.5,11,9,10,2076
26.5,11,9,11,2083
26.5,11,9,12,2089
26.5,11,9,13,2095
26.5,11,9,14,2101
26.5,11,9,15,2108
26.5,11,10,0,2019
26.5,11,10,1,2025
26.5,11,10,2,2032
26.5,11,10,3,2038
26.5,11,10,4,2045
26.5,11,10,5,2051
26.5,11,10,6,2058
26.5,11,10,7,2064
26.5,11,10,8,2070
26.5,11,10,9,2077
26.5,11,10,10,2083
26.5,11,10,11,2089
26.5,11,10,12,2096
26.5,11,10,13,2102
26.5,11,10,14,2108
26.5,11,10,15,2114
26.5,11,11,0,2025
26.5,11,11,1,2032
26.5,11,11,2,2038
26.5,11,11,3,2045
26.5,11,11,4,2051
26.5,11,11,5,2058
26.5,11,11,6,2064
26.5,11,11,7,2070
26.5,11,11,8,2077
26.5,11,11,9,2083
26.5,11,11,10,2090
26.5,11,11,11,2096
26.5,11,11,12,2102
26.5,11,11,13,2108
26.5,11,11,14,2115
26.5,11,11,15,2121
26.5,11,12,0,2032
26.5,11,12,1,2038
26.5,11,12,2,2045
26.5,11,12,3,2051
26.5,11,12,4,2058
26.5,11,12,5,2064
26.5,11,12,6,2070
26.5,11,12,7,2077
26.5,11,12,8,2083
26.5,11,12,9,2090
26.5,11,12,10,2096
26.5,11,12,11,2102
26.5,11,12,12,2109
26.5,11,12,13,2115
26.5,11,12,14,2121
26.5,11,12,15,2128
26.5,11,13,0,2038
26.5,11,13,1,2044
26.5,11,13,2,2051
26.5,11,13,3,2057
26.5,11,13,4,2064
26.5,11,13,5,2070
26.5,11,13,6,2077
26.5,11,13,7,2083
26.5,11,13,8,2090
26.5,11,13,9,2096
26.5,11,13,10,2103
26.5,11,13,11,2109
26.5,11,13,12,2115
26.5,11,13,13,2122
26.5,11,13,14,2128
26.5,11,13,15,2134
26.5,11,14,0,2044
26.5,11,14,1,2051
26.5,11,14,2,2057
26.5,11,14,3,2064
26.5,11,14,4,2070
26.5,11,14,5,2077
26.5,11,14,6,2083
26.5,11,14,7,2090
26.5,11,14,8,2096
26.5,11,14,9,2103
26.5,11,14,10,2109
26.5,11,14,11,2115
26.5,11,14,12,2122
26.5,11,14,13,2128
26.5,11,14,14,2134
26.5,11,14,15,2141
26.5,11,15,0,2050
26.5,11,15,1,2057
26.5,11,15,2,2064
26.5,11,15,3,2070
26.5,11,15,4,2077
26.5,11,15,5,2083
26.5,11,15,6,2090
26.5,11,15,7,2096
26.5,11,15,8,2103
26.5,11,15,9,2109
26.5,11,15,10,2115
26.5,11,15,11,2122
26.5,11,15,12,2128
26.5,11,15,13,2135
26.5,11,15,14,2141
26.5,11,15,15,2147
26.5,12,0,0,1962
26.5,12,0,1,1968
26.5,12,0,2,1974
26.5,12,0,3,1980
26.5,12,0,4,1987
26.5,12,0,5,1993
26.5,12,0,6,1999
26.5,12,0,7,2005
26.5,12,0,8,2012
26.5,12,0,9,2018
26.5,12,0,10,2024
26.5,12,0,11,2030
26.5,12,0,12,2036
26.5,12,0,13,2042
26.5,12,0,14,2048
26.5,12,0,15,2054
26.5,12,1,0,1968
26.5,12,1,1,1974
26.5,12,1,2,1981
26.5,12,1,3,1987
26.5,12,1,4,1993
26.5,12,1,5,2000
26.5,12,1,6,2006
26.5,12,1,7,2012
26.5,12,1,8,2018
26.5,12,1,9,2024
26.5,12,1,10,2031
26.5,12,1,11,2037
26.5,12,1,12,2043
26.5,12,1,13,2049
26.5,12,1,14,2055
26.5,12,1,15,2061
26.5,12,2,0,1975
26.5,12,2,1,1981
26.5,12,2,2,1987
26.5,12,2,3,1994
26.5,12,2,4,2000
26.5,12,2,5,2006
26.5,12,2,6,2012
26.5,12,2,7,2019
26.5,12,2,8,2025
26.5,12,2,9,2031
26.5,12,2,10,2037
26.5,12,2,11,2044
26.5,12,2,12,2050
26.5,12,2,13,2056
26.5,12,2,14,2062
26.5,12,2,15,2068
26.5,12,3,0,1981
26.5,12,3,1,1988
26.5,12,3,2,1994
26.5,12,3,3,2000
26.5,12,3,4,2007
26.5,12,3,5,2013
26.5,12,3,6,2019
26.5,12,3,7,2025
26.5,12,3,8,2032
26.5,12,3,9,2038
26.5,12,3,10,2044
26.5,12,3,11,2050
26.5,12,3,12,2056
26.5,12,3,13,2063
26.5,12,3,14,2069
26.5,12,3,15,2075
26.5,12,4,0,1988
26.5,12,4,1,1994
26.5,12,4,2,2000
26.5,12,4,3,2007
26.5,12,4,4,2013
26.5,12,4,5,2019
26.5,12,4,6,2026
26.5,12,4,7,2032
26.5,12,4,8,2038
26.5,12,4,9,2045
26.5,12,4,10,2051
26.5,12,4,11,2057
26.5,12,4,12,2063
26.5,12,4,13,2069
26.5,12,4,14,2076
26.5,12,4,15,2082
26.5,12,5,0,1994
26.5,12,5,1,2001
26.5,12,5,2,2007
26.5,12,5,3,2013
26.5,12,5,4,2020
26.5,12,5,5,2026
26.5,12,5,6,2032
26.5,12,5,7,2039
26.5,12,5,8,2045
26.5,12,5,9,2051
26.5,12,5,10,2057
26.5,12,5,11,2064
26.5,12,5,12,2070
26.5,12,5,13,2076
26.5,12,5,14,2082
26.5,12,5,15,2088
26.5,12,6,0,2001
26.5,12,6,1,2007
26.5,12,6,2,2013
26.5,12,6,3,2020
26.5,12,6,4,2026
26.5,12,6,5,2033
26.5,12,6,6,2039
26.5,12,6,7,2045
26.5,12,6,8,2052
26.5,12,6,9,2058
26.5,12,6,10,2064
26.5,12,6,11,2070
26.5,12,6,12,2077
26.5,12,6,13,2083
26.5,12,6,14,2089
26.5,12,6,15,2095
26.5,12,7,0,2007
26.5,12,7,1,2014
26.5,12,7,2,2020
26.5,12,7,3,2026
26.5,12,7,4,2033
26.5,12,7,5,2039
26.5,12,7,6,2046
26.5,12,7,7,2052
26.5,12,7,8,2058
26.5,12,7,9,2065
26.5,12,7,10,2071
26.5,12,7,11,2077
26.5,12,7,12,2083
26.5,12,7,13,2090
26.5,12,7,14,2096
26.5,12,7,15,2102
26.5,12,8,0,2013
26.5,12,8,1,2020
26.5,12,8,2,2026
26.5,12,8,3,2033
26.5,12,8,4,2039
26.5,12,8,5,2046
26.5,12,8,6,2052
26.5,12,8,7,2058
26.5,12,8,8,2065
26.5,12,8,9,2071
26.5,12,8,10,2077
26.5,12,8,11,2084
26.5,12,8,12,2090
26.5,12,8,13,2096
26.5,12,8,14,2102
26.5,12,8,15,2109
26.5,12,9,0,2020
26.5,12,9,1,2026
26.5,12,9,2,2033
26.5,12,9,3,2039
26.5,12,9,4,2046
26.5,12,9,5,2052
26.5,12,9,6,2059
26.5,12,9,7,2065
26.5,12,9,8,2071
26.5,12,9,9,2078
26.5,12,9,10,2084
26.5,12,9,11,2090
26.5,12,9,12,2097
26.5,12,9,13,2103
26.5,12,9,14,2109
26.5,12,9,15,2115
26.5,12,10,0,2026
26.5,12,10,1,2033
26.5,12,10,2,2039
26.5,12,10,3,2046
26.5,12,10,4,2052
26.5,12,10,5,2059
26.5,12,10,6,2065
26.5,12,10,7,2072
26.5,12,10,8,2078
26.5,12,10,9,2084
26.5,12,10,10,2091
26.5,12,10,11,2097
26.5,12,10,12,2103
26.5,12,10,13,2110
26.5,12,10,14,2116
26.5,12,10,15,2122
26.5,12,11,0,2033
26.5,12,11,1,2039
26.5,12,11,2,2046
26.5,12,11,3,2052
26.5,12,11,4,2059
26.5,12,11,5,2065
26.5,12,11,6,2072
26.5,12,11,7,2078
26.5,12,11,8,2084
26.5,12,11,9,2091
26.5,12,11,10,2097
26.5,12,11,11,2104
26.5,12,11,12,2110
26.5,12,11,13,2116
26.5,12,11,14,2122
26.5,12,11,15,2129
26.5,12,12,0,2039
26.5,12,12,1,2046
26.5,12,12,2,2052
26.5,12,12,3,2059
26.5,12,12,4,2065
26.5,12,12,5,2072
26.5,12,12,6,2078
26.5,12,12,7,2085
26.5,12,12,8,2091
26.5,12,12,9,2097
26.5,12,12,10,2104
26.5,12,12,11,2110
26.5,12,12,12,2116
26.5,12,12,13,2123
26.5,12,12,14,2129
26.5,12,12,15,2135
26.5,12,13,0,2045
26.5,12,13,1,2052
26.5,12,13,2,2058
26.5,12,13,3,2065
26.5,12,13,4,2072
26.5,12,13,5,2078
26.5,12,13,6,2085
26.5,12,13,7,2091
26.5,12,13,8,2097
26.5,12,13,9,2104
26.5,12,13,10,2110
26.5,12,13,11,2117
26.5,12,13,12,2123
26.5,12,13,13,2129
26.5,12,13,14,2136
26.5,12,13,15,2142
26.5,12,14,0,2052
26.5,12,14,1,2058
26.5,12,14,2,2065
26.5,12,14,3,2071
26.5,12,14,4,2078
26.5,12,14,5,2084
26.5,12,14,6,2091
26.5,12,14,7,2097
26.5,12,14,8,2104
26.5,12,14,9,2110
26.5,12,14,10,2117
26.5,12,14,11,2123
26.5,12,14,12,2130
26.5,12,14,13,2136
26.5,12,14,14,2142
26.5,12,14,15,2149
26.5,12,15,0,2058
26.5,12,15,1,2065
26.5,12,15,2,2071
26.5,12,15,3,2078
26.5,12,15,4,2084
26.5,12,15,5,2091
26.5,12,15,6,2097
26.5,12,15,7,2104
26.5,12,15,8,2110
26.5,12,15,9,2117
26.5,12,15,10,2123
26.5,12,15,11,2130
26.5,12,15,12,2136
26.5,12,15,13,2142
26.5,12,15,14,2149
26.5,12,15,15,2155
26.5,13,0,0,1969
26.5,13,0,1,1975
26.5,13,0,2,1981
26.5,13,0,3,1988
26.5,13,0,4,1994
26.5,13,0,5,2000
26.5,13,0,6,2006
26.5,13,0,7,2013
26.5,13,0,8,2019
26.5,13,0,9,2025
26.5,13,0,10,2031
26.5,13,0,11,2037
26.5,13,0,12,2044
26.5,13,0,13,2050
26.5,13,0,14,2056
26.5,13,0,15,2062
26.5,13,1,0,1975
26.5,13,1,1,1982
26.5,13,1,2,1988
26.5,13,1,3,1994
26.5,13,1,4,2001
26.5,13,1,5,2007
26.5,13,1,6,2013
26.5,13,1,7,2019
26.5,13,1,8,2026
26.5,13,1,9,2032
26.5,13,1,10,2038
26.5,13,1,11,2044
26.5,13,1,12,2050
26.5,13,1,13,2056
26.5,13,1,14,2063
26.5,13,1,15,2069
26.5,13,2,0,1982
26.5,13,2,1,1988
26.5,13,2,2,1995
26.5,13,2,3,2001
26.5,13,2,4,2007
26.5,13,2,5,2014
26.5,13,2,6,2020
26.5,13,2,7,2026
26.5,13,2,8,2032
26.5,13,2,9,2039
26.5,13,2,10,2045
26.5,13,2,11,2051
26.5,13,2,12,2057
26.5,13,2,13,2063
26.5,13,2,14,2069
26.5,13,2,15,2076
26.5,13,3,0,1988
26.5,13,3,1,1995
26.5,13,3,2,2001
26.5,13,3,3,2008
26.5,13,3,4,2014
26.5,13,3,5,2020
26.5,13,3,6,2027
26.5,13,3,7,2033
26.5,13,3,8,2039
26.5,13,3,9,2045
26.5,13,3,10,2052
26.5,13,3,11,2058
26.5,13,3,12,2064
26.5,13,3,13,2070
26.5,13,3,14,2076
26.5,13,3,15,2082
26.5,13,4,0,1995
26.5,13,4,1,2001
26.5,13,4,2,2008
26.5,13,4,3,2014
26.5,13,4,4,2021
26.5,13,4,5,2027
26.5,13,4,6,2033
26.5,13,4,7,2040
26.5,13,4,8,2046
26.5,13,4,9,2052
26.5,13,4,10,2058
26.5,13,4,11,2065
26.5,13,4,12,2071
26.5,13,4,13,2077
26.5,13,4,14,2083
26.5,13,4,15,2089
26.5,13,5,0,2001
26.5,13,5,1,2008
26.5,13,5,2,2014
26.5,13,5,3,2021
26.5,13,5,4,2027
26.5,13,5,5,2033
26.5,13,5,6,2040
26.5,13,5,7,2046
26.5,13,5,8,2052
26.5,13,5,9,2059
26.5,13,5,10,2065
26.5,13,5,11,2071
26.5,13,5,12,2078
26.5,13,5,13,2084
26.5,13,5,14,2090
26.5,13,5,15,2096
26.5,13,6,0,2008
26.5,13,6,1,2014
26.5,13,6,2,2021
26.5,13,6,3,2027
26.5,13,6,4,2034
26.5,13,6,5,2040
26.5,13,6,6,2046
26.5,13,6,7,2053
26.5,13,6,8,2059
26.5,13,6,9,2065
26.5,13,6,10,2072
26.5,13,6,11,2078
26.5,13,6,12,2084
26.5,13,6,13,2090
26.5,13,6,14,2097
26.5,13,6,15,2103
26.5,13,7,0,2014
26.5,13,7,1,2021
26.5,13,7,2,2027
26.5,13,7,3,2034
26.5,13,7,4,2040
26.5,13,7,5,2047
26.5,13,7,6,2053
26.5,13,7,7,2059
26.5,13,7,8,2066
26.5,13,7,9,2072
26.5,13,7,10,2078
26.5,13,7,11,2085
26.5,13,7,12,2091
26.5,13,7,13,2097
26.5,13,7,14,2103
26.5,13,7,15,2110
26.5,13,8,0,2021
26.5,13,8,1,2027
26.5,13,8,2,2034
26.5,13,8,3,2040
26.5,13,8,4,2047
26.5,13,8,5,2053
26.5,13,8,6,2060
26.5,13,8,7,2066
26.5,13,8,8,2072
26.5,13,8,9,2079
26.5,13,8,10,2085
26.5,13,8,11,2091
26.5,13,8,12,2098
26.5,13,8,13,2104
26.5,13,8,14,2110
26.5,13,8,15,2116
26.5,13,9,0,2027
26.5,13,9,1,2034
26.5,13,9,2,2040
26.5,13,9,3,2047
26.5,13,9,4,2053
26.5,13,9,5,2060
26.5,13,9,6,2066
26.5,13,9,7,2073
26.5,13,9,8,2079
26.5,13,9,9,2085
26.5,13,9,10,2092
26.5,13,9,11,2098
26.5,13,9,12,2104
26.5,13,9,13,2111
26.5,13,9,14,2117
26.5,13,9,15,2123
26.5,13,10,0,2034
26.5,13,10,1,2040
26.5,13,10,2,2047
26.5,13,10,3,2053
26.5,13,10,4,2060
26.5,13,10,5,2066
26.5,13,10,6,2073
26.5,13,10,7,2079
26.5,13,10,8,2086
26.5,13,10,9,2092
26.5,13,10,10,2098
26.5,13,10,11,2105
26.5,13,10,12,2111
26.5,13,10,13,2117
26.5,13,10,14,2124
26.5,13,10,15,2130
26.5,13,11,0,2040
26.5,13,11,1,2047
26.5,13,11,2,2053
26.5,13,11,3,2060
26.5,13,11,4,2066
26.5,13,11,5,2073
26.5,13,11,6,2079
26.5,13,11,7,2086
26.5,13,11,8,2092
26.5,13,11,9,2098
26.5,13,11,10,2105
26.5,13,11,11,2111
26.5,13,11,12,2118
26.5,13,11,13,2124
26.5,13,11,14,2130
26.5,13,11,15,2137
26.5,13,12,0,2046
26.5,13,12,1,2053
26.5,13,12,2,2060
26.5,13,12,3,2066
26.5,13,12,4,2073
26.5,13,12,5,2079
26.5,13,12,6,2086
26.5,13,12,7,2092
26.5,13,12,8,2099
26.5,13,12,9,2105
26.5,13,12,10,2111
26.5,13,12,11,2118
26.5,13,12,12,2124
26.5,13,12,13,2131
26.5,13,12,14,2137
26.5,13,12,15,2143
26.5,13,13,0,2053
26.5,13,13,1,2059
26.5,13,13,2,2066
26.5,13,13,3,2073
26.5,13,13,4,2079
26.5,13,13,5,2086
26.5,13,13,6,2092
26.5,13,13,7,2099
26.5,13,13,8,2105
26.5,13,13,9,2112
26.5,13,13,10,2118
26.5,13,13,11,2124
26.5,13,13,12,2131
26.5,13,13,13,2137
26.5,13,13,14,2144
26.5,13,13,15,2150
26.5,13,14,0,2059
26.5,13,14,1,2066
26.5,13,14,2,2072
26.5,13,14,3,2079
26.5,13,14,4,2086
26.5,13,14,5,2092
26.5,13,14,6,2099
26.5,13,14,7,2105
26.5,13,14,8,2112
26.5,13,14,9,2118
26.5,13,14,10,2125
26.5,13,14,11,2131
26.5,13,14,12,2137
26.5,13,14,13,2144
26.5,13,14,14,2150
26.5,13,14,15,2156
26.5,13,15,0,2065
26.5,13,15,1,2072
26.5,13,15,2,2079
26.5,13,15,3,2085
26.5,13,15,4,2092
26.5,13,15,5,2098
26.5,13,15,6,2105
26.5,13,15,7,2112
26.5,13,15,8,2118
26.5,13,15,9,2125
26.5,13,15,10,2131
26.5,13,15,11,2137
26.5,13,15,12,2144
26.5,13,15,13,2150
26.5,13,15,14,2157
26.5,13,15,15,2163
26.5,14,0,0,1976
26.5,14,0,1,1982
26.5,14,0,2,1989
26.5,14,0,3,1995
26.5,14,0,4,2001
26.5,14,0,5,2008
26.5,14,0,6,2014
26.5,14,0,7,2020
26.5,14,0,8,2026
26.5,14,0,9,2032
26.5,14,0,10,2039
26.5,14,0,11,2045
26.5,14,0,12,2051
26.5,14,0,13,2057
26.5,14,0,14,2063
26.5,14,0,15,2069
26.5,14,1,0,1983
26.5,14,1,1,1989
26.5,14,1,2,1995
26.5,14,1,3,2002
26.5,14,1,4,2008
26.5,14,1,5,2014
26.5,14,1,6,2021
26.5,14,1,7,2027
26.5,14,1,8,2033
26.5,14,1,9,2039
26.5,14,1,10,2045
26.5,14,1,11,2052
26.5,14,1,12,2058
26.5,14,1,13,2064
26.5,14,1,14,2070
26.5,14,1,15,2076
26.5,14,2,0,1989
26.5,14,2,1,1996
26.5,14,2,2,2002
26.5,14,2,3,2008
26.5,14,2,4,2015
26.5,14,2,5,2021
26.5,14,2,6,2027
26.5,14,2,7,2034
26.5,14,2,8,2040
26.5,14,2,9,2046
26.5,14,2,10,2052
26.5,14,2,11,2058
26.5,14,2,12,2065
26.5,14,2,13,2071
26.5,14,2,14,2077
26.5,14,2,15,2083
26.5,14,3,0,1996
26.5,14,3,1,2002
26.5,14,3,2,2009
26.5,14,3,3,2015
26.5,14,3,4,2021
26.5,14,3,5,2028
26.5,14,3,6,2034
26.5,14,3,7,2040
26.5,14,3,8,2047
26.5,14,3,9,2053
26.5,14,3,10,2059
26.5,14,3,11,2065
26.5,14,3,12,2072
26.5,14,3,13,2078
26.5,14,3,14,2084
26.5,14,3,15,2090
26.5,14,4,0,2002
26.5,14,4,1,2009
26.5,14,4,2,2015
26.5,14,4,3,2022
26.5,14,4,4,2028
26.5,14,4,5,2034
26.5,14,4,6,2041
26.5,14,4,7,2047
26.5,14,4,8,2053
26.5,14,4,9,2060
26.5,14,4,10,2066
26.5,14,4,11,2072
26.5,14,4,12,2078
26.5,14,4,13,2085
26.5,14,4,14,2091
26.5,14,4,15,2097
26.5,14,5,0,2009
26.5,14,5,1,2015
26.5,14,5,2,2022
26.5,14,5,3,2028
26.5,14,5,4,2035
26.5,14,5,5,2041
26.5,14,5,6,2047
26.5,14,5,7,2054
26.5,14,5,8,2060
26.5,14,5,9,2066
26.5,14,5,10,2073
26.5,14,5,11,2079
26.5,14,5,12,2085
26.5,14,5,13,2091
26.5,14,5,14,2098
26.5,14,5,15,2104
26.5,14,6,0,2015
26.5,14,6,1,2022
26.5,14,6,2,2028
26.5,14,6,3,2035
26.5,14,6,4,2041
26.5,14,6,5,2048
26.5,14,6,6,2054
26.5,14,6,7,2060
26.5,14,6,8,2067
26.5,14,6,9,2073
26.5,14,6,10,2079
26.5,14,6,11,2086
26.5,14,6,12,2092
26.5,14,6,13,2098
26.5,14,6,14,2104
26.5,14,6,15,2111
26.5,14,7,0,2022
26.5,14,7,1,2028
26.5,14,7,2,2035
26.5,14,7,3,2041
26.5,14,7,4,2048
26.5,14,7,5,2054
26.5,14,7,6,2061
26.5,14,7,7,2067
26.5,14,7,8,2073
26.5,14,7,9,2080
26.5,14,7,10,2086
26.5,14,7,11,2092
26.5,14,7,12,2099
26.5,14,7,13,2105
26.5,14,7,14,2111
26.5,14,7,15,2117
26.5,14,8,0,2028
26.5,14,8,1,2035
26.5,14,8,2,2041
26.5,14,8,3,2048
26.5,14,8,4,2054
26.5,14,8,5,2061
26.5,14,8,6,2067
26.5,14,8,7,2074
26.5,14,8,8,2080
26.5,14,8,9,2086
26.5,14,8,10,2093
26.5,14,8,11,2099
26.5,14,8,12,2105
26.5,14,8,13,2112
26.5,14,8,14,2118
26.5,14,8,15,2124
26.5,14,9,0,2035
26.5,14,9,1,2041
26.5,14,9,2,2048
26.5,14,9,3,2054
26.5,14,9,4,2061
26.5,14,9,5,2067
26.5,14,9,6,2074
26.5,14,9,7,2080
26.5,14,9,8,2087
26.5,14,9,9,2093
26.5,14,9,10,2099
26.5,14,9,11,2106
26.5,14,9,12,2112
26.5,14,9,13,2118
26.5,14,9,14,2125
26.5,14,9,15,2131
26.5,14,10,0,2041
26.5,14,10,1,2048
26.5,14,10,2,2054
26.5,14,10,3,2061
26.5,14,10,4,2067
26.5,14,10,5,2074
26.5,14,10,6,2080
26.5,14,10,7,2087
26.5,14,10,8,2093
26.5,14,10,9,2100
26.5,14,10,10,2106
26.5,14,10,11,2112
26.5,14,10,12,2119
26.5,14,10,13,2125
26.5,14,10,14,2131
26.5,14,10,15,2138
26.5,14,11,0,2048
26.5,14,11,1,2054
26.5,14,11,2,2061
26.5,14,11,3,2067
26.5,14,11,4,2074
26.5,14,11,5,2080
26.5,14,11,6,2087
26.5,14,11,7,2093
26.5,14,11,8,2100
26.5,14,11,9,2106
26.5,14,11,10,2113
26.5,14,11,11,2119
26.5,14,11,12,2125
26.5,14,11,13,2132
26.5,14,11,14,2138
26.5,14,11,15,2144
26.5,14,12,0,2054
26.5,14,12,1,2061
26.5,14,12,2,2067
26.5,14,12,3,2074
26.5,14,12,4,2080
26.5,14,12,5,2087
26.5,14,12,6,2093
26.5,14,12,7,2100
26.5,14,12,8,2106
26.5,14,12,9,2113
26.5,14,12,10,2119
26.5,14,12,11,2126
26.5,14,12,12,2132
26.5,14,12,13,2138
26.5,14,12,14,2145
26.5,14,12,15,2151
26.5,14,13,0,2060
26.5,14,13,1,2067
26.5,14,13,2,2074
26.5,14,13,3,2080
26.5,14,13,4,2087
26.5,14,13,5,2093
26.5,14,13,6,2100
26.5,14,13,7,2106
26.5,14,13,8,2113
26.5,14,13,9,2119
26.5,14,13,10,2126
26.5,14,13,11,2132
26.5,14,13,12,2139
26.5,14,13,13,2145
26.5,14,13,14,2151
26.5,14,13,15,2158
26.5,14,14,0,2067
26.5,14,14,1,2073
26.5,14,14,2,2080
26.5,14,14,3,2087
26.5,14,14,4,2093
26.5,14,14,5,2100
26.5,14,14,6,2106
26.5,14,14,7,2113
26.5,14,14,8,2119
26.5,14,14,9,2126
26.5,14,14,10,2132
26.5,14,14,11,2139
26.5,14,14,12,2145
26.5,14,14,13,2152
26.5,14,14,14,2158
26.5,14,14,15,2164
26.5,14,15,0,2073
26.5,14,15,1,2080
26.5,14,15,2,2086
26.5,14,15,3,2093
26.5,14,15,4,2100
26.5,14,15,5,2106
26.5,14,15,6,2113
26.5,14,15,7,2119
26.5,14,15,8,2126
26.5,14,15,9,2132
26.5,14,15,10,2139
26.5,14,15,11,2145
26.5,14,15,12,2152
26.5,14,15,13,2158
26.5,14,15,14,2165
26.5,14,15,15,2171
26.5,15,0,0,1983
26.5,15,0,1,1989
26.5,15,0,2,1996
26.5,15,0,3,2002
26.5,15,0,4,2008
26.5,15,0,5,2015
26.5,15,0,6,2021
26.5,15,0,7,2027
26.5,15,0,8,2034
26.5,15,0,9,2040
26.5,15,0,10,2046
26.5,15,0,11,2052
26.5,15,0,12,2058
26.5,15,0,13,2065
26.5,15,0,14,2071
26.5,15,0,15,2077
26.5,15,1,0,1990
26.5,15,1,1,1996
26.5,15,1,2,2003
26.5,15,1,3,2009
26.5,15,1,4,2015
26.5,15,1,5,2022
26.5,15,1,6,2028
26.5,15,1,7,2034
26.5,15,1,8,2040
26.5,15,1,9,2047
26.5,15,1,10,2053
26.5,15,1,11,2059
26.5,15,1,12,2065
26.5,15,1,13,2071
26.5,15,1,14,2078
26.5,15,1,15,2084
26.5,15,2,0,1996
26.5,15,2,1,2003
26.5,15,2,2,2009
26.5,15,2,3,2016
26.5,15,2,4,2022
26.5,15,2,5,2028
26.5,15,2,6,2035
26.5,15,2,7,2041
26.5,15,2,8,2047
26.5,15,2,9,2053
26.5,15,2,10,2060
26.5,15,2,11,2066
26.5,15,2,12,2072
26.5,15,2,13,2078
26.5,15,2,14,2085
26.5,15,2,15,2091
26.5,15,3,0,2003
26.5,15,3,1,2009
26.5,15,3,2,2016
26.5,15,3,3,2022
26.5,15,3,4,2029
26.5,15,3,5,2035
26.5,15,3,6,2041
26.5,15,3,7,2048
26.5,15,3,8,2054
26.5,15,3,9,2060
26.5,15,3,10,2067
26.5,15,3,11,2073
26.5,15,3,12,2079
26.5,15,3,13,2085
26.5,15,3,14,2091
26.5,15,3,15,2098
26.5,15,4,0,2010
26.5,15,4,1,2016
26.5,15,4,2,2022
26.5,15,4,3,2029
26.5,15,4,4,2035
26.5,15,4,5,2042
26.5,15,4,6,2048
26.5,15,4,7,2054
26.5,15,4,8,2061
26.5,15,4,9,2067
26.5,15,4,10,2073
26.5,15,4,11,2080
26.5,15,4,12,2086
26.5,15,4,13,2092
26.5,15,4,14,2098
26.5,15,4,15,2105
26.5,15,5,0,2016
26.5,15,5,1,2023
26.5,15,5,2,2029
26.5,15,5,3,2035
26.5,15,5,4,2042
26.5,15,5,5,2048
26.5,15,5,6,2055
26.5,15,5,7,2061
26.5,15,5,8,2067
26.5,15,5,9,2074
26.5,15,5,10,2080
26.5,15,5,11,2086
26.5,15,5,12,2093
26.5,15,5,13,2099
26.5,15,5,14,2105
26.5,15,5,15,2111
26.5,15,6,0,2023
26.5,15,6,1,2029
26.5,15,6,2,2036
26.5,15,6,3,2042
26.5,15,6,4,2049
26.5,15,6,5,2055
26.5,15,6,6,2061
26.5,15,6,7,2068
26.5,15,6,8,2074
26.5,15,6,9,2081
26.5,15,6,10,2087
26.5,15,6,11,2093
26.5,15,6,12,2099
26.5,15,6,13,2106
26.5,15,6,14,2112
26.5,15,6,15,2118
26.5,15,7,0,2029
26.5,15,7,1,2036
26.5,15,7,2,2042
26.5,15,7,3,2049
26.5,15,7,4,2055
26.5,15,7,5,2062
26.5,15,7,6,2068
26.5,15,7,7,2074
26.5,15,7,8,2081
26.5,15,7,9,2087
26.5,15,7,10,2094
26.5,15,7,11,2100
26.5,15,7,12,2106
26.5,15,7,13,2113
26.5,15,7,14,2119
26.5,15,7,15,2125
26.5,15,8,0,2036
26.5,15,8,1,2042
26.5,15,8,2,2049
26.5,15,8,3,2055
26.5,15,8,4,2062
26.5,15,8,5,2068
26.5,15,8,6,2075
26.5,15,8,7,2081
26.5,15,8,8,2088
26.5,15,8,9,2094
26.5,15,8,10,2100
26.5,15,8,11,2107
26.5,15,8,12,2113
26.5,15,8,13,2119
26.5,15,8,14,2126
26.5,15,8,15,2132
26.5,15,9,0,2042
26.5,15,9,1,2049
26.5,15,9,2,2055
26.5,15,9,3,2062
26.5,15,9,4,2068
26.5,15,9,5,2075
26.5,15,9,6,2081
26.5,15,9,7,2088
26.5,15,9,8,2094
26.5,15,9,9,2101
26.5,15,9,10,2107
26.5,15,9,11,2113
26.5,15,9,12,2120
26.5,15,9,13,2126
26.5,15,9,14,2132
26.5,15,9,15,2139
26.5,15,10,0,2049
26.5,15,10,1,2055
26.5,15,10,2,2062
26.5,15,10,3,2068
26.5,15,10,4,2075
26.5,15,10,5,2081
26.5,15,10,6,2088
26.5,15,10,7,2094
26.5,15,10,8,2101
26.5,15,10,9,2107
26.5,15,10,10,2114
26.5,15,10,11,2120
26.5,15,10,12,2126
26.5,15,10,13,2133
26.5,15,10,14,2139
26.5,15,10,15,2145
26.5,15,11,0,2055
26.5,15,11,1,2062
26.5,15,11,2,2068
26.5,15,11,3,2075
26.5,15,11,4,2081
26.5,15,11,5,2088
26.5,15,11,6,2094
26.5,15,11,7,2101
26.5,15,11,8,2107
26.5,15,11,9,2114
26.5,15,11,10,2120
26.5,15,11,11,2127
26.5,15,11,12,2133
26.5,15,11,13,2139
26.5,15,11,14,2146
26.5,15,11,15,2152
26.5,15,12,0,2061
26.5,15,12,1,2068
26.5,15,12,2,2075
26.5,15,12,3,2081
26.5,15,12,4,2088
26.5,15,12,5,2094
26.5,15,12,6,2101
26.5,15,12,7,2107
26.5,15,12,8,2114
26.5,15,12,9,2120
26.5,15,12,10,2127
26.5,15,12,11,2133
26.5,15,12,12,2140
26.5,15,12,13,2146
26.5,15,12,14,2153
26.5,15,12,15,2159
26.5,15,13,0,2068
26.5,15,13,1,2074
26.5,15,13,2,2081
26.5,15,13,3,2088
26.5,15,13,4,2094
26.5,15,13,5,2101
26.5,15,13,6,2107
26.5,15,13,7,2114
26.5,15,13,8,2120
26.5,15,13,9,2127
26.5,15,13,10,2133
26.5,15,13,11,2140
26.5,15,13,12,2146
26.5,15,13,13,2153
26.5,15,13,14,2159
26.5,15,13,15,2166
26.5,15,14,0,2074
26.5,15,14,1,2081
26.5,15,14,2,2088
26.5,15,14,3,2094
26.5,15,14,4,2101
26.5,15,14,5,2107
26.5,15,14,6,2114
26.5,15,14,7,2120
26.5,15,14,8,2127
26.5,15,14,9,2134
26.5,15,14,10,2140
26.5,15,14,11,2147
26.5,15,14,12,2153
26.5,15,14,13,2159
26.5,15,14,14,2166
26.5,15,14,15,2172
26.5,15,15,0,2081
26.5,15,15,1,2087
26.5,15,15,2,2094
26.5,15,15,3,2101
26.5,15,15,4,2107
26.5,15,15,5,2114
26.5,15,15,6,2120
26.5,15,15,7,2127
26.5,15,15,8,2134
26.5,15,15,9,2140
26.5,15,15,10,2147
26.5,15,15,11,2153
26.5,15,15,12,2160
26.5,15,15,13,2166
26.5,15,15,14,2172
26.5,15,15,15,2179
27.0,0,0,0,1911
27.0,0,0,1,1917
27.0,0,0,2,1923
27.0,0,0,3,1929
27.0,0,0,4,1935
27.0,0,0,5,1941
27.0,0,0,6,1947
27.0,0,0,7,1953
27.0,0,0,8,1959
27.0,0,0,9,1965
27.0,0,0,10,1971
27.0,0,0,11,1977
27.0,0,0,12,1983
27.0,0,0,13,1989
27.0,0,0,14,1995
27.0,0,0,15,2001
27.0,0,1,0,1917
27.0,0,1,1,1923
27.0,0,1,2,1929
27.0,0,1,3,1936
27.0,0,1,4,1942
27.0,0,1,5,1948
27.0,0,1,6,1954
27.0,0,1,7,1960
27.0,0,1,8,1966
27.0,0,1,9,1972
27.0,0,1,10,1978
27.0,0,1,11,1984
27.0,0,1,12,1990
27.0,0,1,13,1996
27.0,0,1,14,2002
27.0,0,1,15,2008
27.0,0,2,0,1923
27.0,0,2,1,1930
27.0,0,2,2,1936
27.0,0,2,3,1942
27.0,0,2,4,1948
27.0,0,2,5,1954
27.0,0,2,6,1960
27.0,0,2,7,1966
27.0,0,2,8,1972
27.0,0,2,9,1979
27.0,0,2,10,1985
27.0,0,2,11,1991
27.0,0,2,12,1997
27.0,0,2,13,2003
27.0,0,2,14,2008
27.0,0,2,15,2014
27.0,0,3,0,1930
27.0,0,3,1,1936
27.0,0,3,2,1942
27.0,0,3,3,1948
27.0,0,3,4,1955
27.0,0,3,5,1961
27.0,0,3,6,1967
27.0,0,3,7,1973
27.0,0,3,8,1979
27.0,0,3,9,1985
27.0,0,3,10,1991
27.0,0,3,11,1997
27.0,0,3,12,2003
27.0,0,3,13,2009
27.0,0,3,14,2015
27.0,0,3,15,2021
27.0,0,4,0,1936
27.0,0,4,1,1942
27.0,0,4,2,1949
27.0,0,4,3,1955
27.0,0,4,4,1961
27.0,0,4,5,1967
27.0,0,4,6,1973
27.0,0,4,7,1979
27.0,0,4,8,1985
27.0,0,4,9,1992
27.0,0,4,10,1998
27.0,0,4,11,2004
27.0,0,4,12,2010
27.0,0,4,13,2016
27.0,0,4,14,2022
27.0,0,4,15,2028
27.0,0,5,0,1942
27.0,0,5,1,1949
27.0,0,5,2,1955
27.0,0,5,3,1961
27.0,0,5,4,1967
27.0,0,5,5,1974
27.0,0,5,6,1980
27.0,0,5,7,1986
27.0,0,5,8,1992
27.0,0,5,9,1998
27.0,0,5,10,2004
27.0,0,5,11,2010
27.0,0,5,12,2016
27.0,0,5,13,2022
27.0,0,5,14,2028
27.0,0,5,15,2034
27.0,0,6,0,1949
27.0,0,6,1,1955
27.0,0,6,2,1961
27.0,0,6,3,1968
27.0,0,6,4,1974
27.0,0,6,5,1980
27.0,0,6,6,1986
27.0,0,6,7,1992
27.0,0,6,8,1998
27.0,0,6,9,2005
27.0,0,6,10,2011
27.0,0,6,11,2017
27.0,0,6,12,2023
27.0,0,6,13,2029
27.0,0,6,14,2035
27.0,0,6,15,2041
27.0,0,7,0,1955
27.0,0,7,1,1961
27.0,0,7,2,1968
27.0,0,7,3,1974
27.0,0,7,4,1980
27.0,0,7,5,1986
27.0,0,7,6,1993
27.0,0,7,7,1999
27.0,0,7,8,2005
27.0,0,7,9,2011
27.0,0,7,10,2017
27.0,0,7,11,2023
27.0,0,7,12,2029
27.0,0,7,13,2035
27.0,0,7,14,2041
27.0,0,7,15,2047
27.0,0,8,0,1961
27.0,0,8,1,1968
27.0,0,8,2,1974
27.0,0,8,3,1980
27.0,0,8,4,1986
27.0,0,8,5,1993
27.0,0,8,6,1999
27.0,0,8,7,2005
27.0,0,8,8,2011
27.0,0,8,9,2017
27.0,0,8,10,2024
27.0,0,8,11,2030
27.0,0,8,12,2036
27.0,0,8,13,2042
27.0,0,8,14,2048
27.0,0,8,15,2054
27.0,0,9,0,1968
27.0,0,9,1,1974
27.0,0,9,2,1980
27.0,0,9,3,1986
27.0,0,9,4,1993
27.0,0,9,5,1999
27.0,0,9,6,2005
27.0,0,9,7,2011
27.0,0,9,8,2018
27.0,0,9,9,2024
27.0,0,9,10,2030
27.0,0,9,11,2036
27.0,0,9,12,2042
27.0,0,9,13,2048
27.0,0,9,14,2054
27.0,0,9,15,2061
27.0,0,10,0,1974
27.0,0,10,1,1980
27.0,0,10,2,1986
27.0,0,10,3,1993
27.0,0,10,4,1999
27.0,0,10,5,2005
27.0,0,10,6,2012
27.0,0,10,7,2018
27.0,0,10,8,2024
27.0,0,10,9,2030
27.0,0,10,10,2036
27.0,0,10,11,2043
27.0,0,10,12,2049
27.0,0,10,13,2055
27.0,0,10,14,2061
27.0,0,10,15,2067
27.0,0,11,0,1980
27.0,0,11,1,1986
27.0,0,11,2,1993
27.0,0,11,3,1999
27.0,0,11,4,2005
27.0,0,11,5,2012
27.0,0,11,6,2018
27.0,0,11,7,2024
27.0,0,11,8,2030
27.0,0,11,9,2037
27.0,0,11,10,2043
27.0,0,11,11,2049
27.0,0,11,12,2055
27.0,0,11,13,2061
27.0,0,11,14,2067
27.0,0,11,15,2074
27.0,0,12,0,1986
27.0,0,12,1,1993
27.0,0,12,2,1999
27.0,0,12,3,2005
27.0,0,12,4,2012
27.0,0,12,5,2018
27.0,0,12,6,2024
27.0,0,12,7,2030
27.0,0,12,8,2037
27.0,0,12,9,2043
27.0,0,12,10,2049
27.0,0,12,11,2055
27.0,0,12,12,2062
27.0,0,12,13,2068
27.0,0,12,14,2074
27.0,0,12,15,2080
27.0,0,13,0,1992
27.0,0,13,1,1999
27.0,0,13,2,2005
27.0,0,13,3,2011
27.0,0,13,4,2018
27.0,0,13,5,2024
27.0,0,13,6,2030
27.0,0,13,7,2037
27.0,0,13,8,2043
27.0,0,13,9,2049
27.0,0,13,10,2056
27.0,0,13,11,2062
27.0,0,13,12,2068
27.0,0,13,13,2074
27.0,0,13,14,2080
27.0,0,13,15,2086
27.0,0,14,0,1998
27.0,0,14,1,2005
27.0,0,14,2,2011
27.0,0,14,3,2018
27.0,0,14,4,2024
27.0,0,14,5,2030
27.0,0,14,6,2037
27.0,0,14,7,2043
27.0,0,14,8,2049
27.0,0,14,9,2056
27.0,0,14,10,2062
27.0,0,14,11,2068
27.0,0,14,12,2074
27.0,0,14,13,2081
27.0,0,14,14,2087
27.0,0,14,15,2093
27.0,0,15,0,2005
27.0,0,15,1,2011
27.0,0,15,2,2017
27.0,0,15,3,2024
27.0,0,15,4,2030
27.0,0,15,5,2037
27.0,0,15,6,2043
27.0,0,15,7,2049
27.0,0,15,8,2056
27.0,0,15,9,2062
27.0,0,15,10,2068
27.0,0,15,11,2074
27.0,0,15,12,2081
27.0,0,15,13,2087
27.0,0,15,14,2093
27.0,0,15,15,2099
27.0,1,0,0,1918
27.0,1,0,1,1924
27.0,1,0,2,1930
27.0,1,0,3,1936
27.0,1,0,4,1943
27.0,1,0,5,1949
27.0,1,0,6,1955
27.0,1,0,7,1961
27.0,1,0,8,1967
27.0,1,0,9,1973
27.0,1,0,10,1979
27.0,1,0,11,1985
27.0,1,0,12,1991
27.0,1,0,13,1997
27.0,1,0,14,2003
27.0,1,0,15,2009
27.0,1,1,0,1924
27.0,1,1,1,1931
27.0,1,1,2,1937
27.0,1,1,3,1943
27.0,1,1,4,1949
27.0,1,1,5,1955
27.0,1,1,6,1961
27.0,1,1,7,1967
27.0,1,1,8,1973
27.0,1,1,9,1980
27.0,1,1,10,1986
27.0,1,1,11,1992
27.0,1,1,12,1998
27.0,1,1,13,2004
27.0,1,1,14,2009
27.0,1,1,15,2015
27.0,1,2,0,1931
27.0,1,2,1,1937
27.0,1,2,2,1943
27.0,1,2,3,1949
27.0,1,2,4,1956
27.0,1,2,5,1962
27.0,1,2,6,1968
27.0,1,2,7,1974
27.0,1,2,8,1980
27.0,1,2,9,1986
27.0,1,2,10,1992
27.0,1,2,11,1998
27.0,1,2,12,2004
27.0,1,2,13,2010
27.0,1,2,14,2016
27.0,1,2,15,2022
27.0,1,3,0,1937
27.0,1,3,1,1943
27.0,1,3,2,1950
27.0,1,3,3,1956
27.0,1,3,4,1962
27.0,1,3,5,1968
27.0,1,3,6,1974
27.0,1,3,7,1980
27.0,1,3,8,1987
27.0,1,3,9,1993
27.0,1,3,10,1999
27.0,1,3,11,2005
27.0,1,3,12,2011
27.0,1,3,13,2017
27.0,1,3,14,2023
27.0,1,3,15,2029
27.0,1,4,0,1944
27.0,1,4,1,1950
27.0,1,4,2,1956
27.0,1,4,3,1962
27.0,1,4,4,1968
27.0,1,4,5,1975
27.0,1,4,6,1981
27.0,1,4,7,1987
27.0,1,4,8,1993
27.0,1,4,9,1999
27.0,1,4,10,2005
27.0,1,4,11,2011
27.0,1,4,12,2017
27.0,1,4,13,2023
27.0,1,4,14,2029
27.0,1,4,15,2035
27.0,1,5,0,1950
27.0,1,5,1,1956
27.0,1,5,2,1962
27.0,1,5,3,1969
27.0,1,5,4,1975
27.0,1,5,5,1981
27.0,1,5,6,1987
27.0,1,5,7,1993
27.0,1,5,8,2000
27.0,1,5,9,2006
27.0,1,5,10,2012
27.0,1,5,11,2018
27.0,1,5,12,2024
27.0,1,5,13,2030
27.0,1,5,14,2036
27.0,1,5,15,2042
27.0,1,6,0,1956
27.0,1,6,1,1963
27.0,1,6,2,1969
27.0,1,6,3,1975
27.0,1,6,4,1981
27.0,1,6,5,1988
27.0,1,6,6,1994
27.0,1,6,7,2000
27.0,1,6,8,2006
27.0,1,6,9,2012
27.0,1,6,10,2018
27.0,1,6,11,2024
27.0,1,6,12,2031
27.0,1,6,13,2037
27.0,1,6,14,2043
27.0,1,6,15,2049
27.0,1,7,0,1963
27.0,1,7,1,1969
27.0,1,7,2,1975
27.0,1,7,3,1981
27.0,1,7,4,1988
27.0,1,7,5,1994
27.0,1,7,6,2000
27.0,1,7,7,2006
27.0,1,7,8,2013
27.0,1,7,9,2019
27.0,1,7,10,2025
27.0,1,7,11,2031
27.0,1,7,12,2037
27.0,1,7,13,2043
27.0,1,7,14,2049
27.0,1,7,15,2055
27.0,1,8,0,1969
27.0,1,8,1,1975
27.0,1,8,2,1981
27.0,1,8,3,1988
27.0,1,8,4,1994
27.0,1,8,5,2000
27.0,1,8,6,2007
27.0,1,8,7,2013
27.0,1,8,8,2019
27.0,1,8,9,2025
27.0,1,8,10,2031
27.0,1,8,11,2037
27.0,1,8,12,2044
27.0,1,8,13,2050
27.0,1,8,14,2056
27.0,1,8,15,2062
27.0,1,9,0,1975
27.0,1,9,1,1981
27.0,1,9,2,1988
27.0,1,9,3,1994
27.0,1,9,4,2000
27.0,1,9,5,2007
27.0,1,9,6,2013
27.0,1,9,7,2019
27.0,1,9,8,2025
27.0,1,9,9,2032
27.0,1,9,10,2038
27.0,1,9,11,2044
27.0,1,9,12,2050
27.0,1,9,13,2056
27.0,1,9,14,2062
27.0,1,9,15,2068
27.0,1,10,0,1981
27.0,1,10,1,1988
27.0,1,10,2,1994
27.0,1,10,3,2000
27.0,1,10,4,2007
27.0,1,10,5,2013
27.0,1,10,6,2019
27.0,1,10,7,2026
27.0,1,10,8,2032
27.0,1,10,9,2038
27.0,1,10,10,2044
27.0,1,10,11,2050
27.0,1,10,12,2057
27.0,1,10,13,2063
27.0,1,10,14,2069
27.0,1,10,15,2075
27.0,1,11,0,1988
27.0,1,11,1,1994
27.0,1,11,2,2000
27.0,1,11,3,2007
27.0,1,11,4,2013
27.0,1,11,5,2019
27.0,1,11,6,2026
27.0,1,11,7,2032
27.0,1,11,8,2038
27.0,1,11,9,2044
27.0,1,11,10,2051
27.0,1,11,11,2057
27.0,1,11,12,2063
27.0,1,11,13,2069
27.0,1,11,14,2075
27.0,1,11,15,2082
27.0,1,12,0,1994
27.0,1,12,1,2000
27.0,1,12,2,2007
27.0,1,12,3,2013
27.0,1,12,4,2019
27.0,1,12,5,2026
27.0,1,12,6,2032
27.0,1,12,7,2038
27.0,1,12,8,2045
27.0,1,12,9,2051
27.0,1,12,10,2057
27.0,1,12,11,2063
27.0,1,12,12,2070
27.0,1,12,13,2076
27.0,1,12,14,2082
27.0,1,12,15,2088
27.0,1,13,0,2000
27.0,1,13,1,2006
27.0,1,13,2,2013
27.0,1,13,3,2019
27.0,1,13,4,2026
27.0,1,13,5,2032
27.0,1,13,6,2038
27.0,1,13,7,2045
27.0,1,13,8,2051
27.0,1,13,9,2057
27.0,1,13,10,2063
27.0,1,13,11,2070
27.0,1,13,12,2076
27.0,1,13,13,2082
27.0,1,13,14,2088
27.0,1,13,15,2094
27.0,1,14,0,2006
27.0,1,14,1,2013
27.0,1,14,2,2019
27.0,1,14,3,2025
27.0,1,14,4,2032
27.0,1,14,5,2038
27.0,1,14,6,2045
27.0,1,14,7,2051
27.0,1,14,8,2057
27.0,1,14,9,2064
27.0,1,14,10,2070
27.0,1,14,11,2076
27.0,1,14,12,2082
27.0,1,14,13,2089
27.0,1,14,14,2095
27.0,1,14,15,2101
27.0,1,15,0,2012
27.0,1,15,1,2019
27.0,1,15,2,2025
27.0,1,15,3,2032
27.0,1,15,4,2038
27.0,1,15,5,2044
27.0,1,15,6,2051
27.0,1,15,7,2057
27.0,1,15,8,2064
27.0,1,15,9,2070
27.0,1,15,10,2076
27.0,1,15,11,2082
27.0,1,15,12,2089
27.0,1,15,13,2095
27.0,1,15,14,2101
27.0,1,15,15,2107
27.0,2,0,0,1925
27.0,2,0,1,1932
27.0,2,0,2,1938
27.0,2,0,3,1944
27.0,2,0,4,1950
27.0,2,0,5,1956
27.0,2,0,6,1962
27.0,2,0,7,1968
27.0,2,0,8,1974
27.0,2,0,9,1980
27.0,2,0,10,1986
27.0,2,0,11,1992
27.0,2,0,12,1998
27.0,2,0,13,2004
27.0,2,0,14,2010
27.0,2,0,15,2016
27.0,2,1,0,1932
27.0,2,1,1,1938
27.0,2,1,2,1944
27.0,2,1,3,1950
27.0,2,1,4,1957
27.0,2,1,5,1963
27.0,2,1,6,1969
27.0,2,1,7,1975
27.0,2,1,8,1981
27.0,2,1,9,1987
27.0,2,1,10,1993
27.0,2,1,11,1999
27.0,2,1,12,2005
27.0,2,1,13,2011
27.0,2,1,14,2017
27.0,2,1,15,2023
27.0,2,2,0,1938
27.0,2,2,1,1944
27.0,2,2,2,1951
27.0,2,2,3,1957
27.0,2,2,4,1963
27.0,2,2,5,1969
27.0,2,2,6,1975
27.0,2,2,7,1981
27.0,2,2,8,1988
27.0,2,2,9,1994
27.0,2,2,10,2000
27.0,2,2,11,2006
27.0,2,2,12,2012
27.0,2,2,13,2018
27.0,2,2,14,2024
27.0,2,2,15,2030
27.0,2,3,0,1945
27.0,2,3,1,1951
27.0,2,3,2,1957
27.0,2,3,3,1963
27.0,2,3,4,1970
27.0,2,3,5,1976
27.0,2,3,6,1982
27.0,2,3,7,1988
27.0,2,3,8,1994
27.0,2,3,9,2000
27.0,2,3,10,2006
27.0,2,3,11,2012
27.0,2,3,12,2018
27.0,2,3,13,2025
27.0,2,3,14,2031
27.0,2,3,15,2037
27.0,2,4,0,1951
27.0,2,4,1,1957
27.0,2,4,2,1964
27.0,2,4,3,1970
27.0,2,4,4,1976
27.0,2,4,5,1982
27.0,2,4,6,1988
27.0,2,4,7,1995
27.0,2,4,8,2001
27.0,2,4,9,2007
27.0,2,4,10,2013
27.0,2,4,11,2019
27.0,2,4,12,2025
27.0,2,4,13,2031
27.0,2,4,14,2037
27.0,2,4,15,2043
27.0,2,5,0,1957
27.0,2,5,1,1964
27.0,2,5,2,1970
27.0,2,5,3,1976
27.0,2,5,4,1982
27.0,2,5,5,1989
27.0,2,5,6,1995
27.0,2,5,7,2001
27.0,2,5,8,2007
27.0,2,5,9,2013
27.0,2,5,10,2020
27.0,2,5,11,2026
27.0,2,5,12,2032
27.0,2,5,13,2038
27.0,2,5,14,2044
27.0,2,5,15,2050
27.0,2,6,0,1964
27.0,2,6,1,1970
27.0,2,6,2,1976
27.0,2,6,3,1983
27.0,2,6,4,1989
27.0,2,6,5,1995
27.0,2,6,6,2001
27.0,2,6,7,2008
27.0,2,6,8,2014
27.0,2,6,9,2020
27.0,2,6,10,2026
27.0,2,6,11,2032
27.0,2,6,12,2038
27.0,2,6,13,2044
27.0,2,6,14,2050
27.0,2,6,15,2057
27.0,2,7,0,1970
27.0,2,7,1,1976
27.0,2,7,2,1983
27.0,2,7,3,1989
27.0,2,7,4,1995
27.0,2,7,5,2002
27.0,2,7,6,2008
27.0,2,7,7,2014
27.0,2,7,8,2020
27.0,2,7,9,2026
27.0,2,7,10,2033
27.0,2,7,11,2039
27.0,2,7,12,2045
27.0,2,7,13,2051
27.0,2,7,14,2057
27.0,2,7,15,2063
27.0,2,8,0,1976
27.0,2,8,1,1983
27.0,2,8,2,1989
27.0,2,8,3,1995
27.0,2,8,4,2002
27.0,2,8,5,2008
27.0,2,8,6,2014
27.0,2,8,7,2020
27.0,2,8,8,2027
27.0,2,8,9,2033
27.0,2,8,10,2039
27.0,2,8,11,2045
27.0,2,8,12,2051
27.0,2,8,13,2058
27.0,2,8,14,2064
27.0,2,8,15,2070
27.0,2,9,0,1983
27.0,2,9,1,1989
27.0,2,9,2,1995
27.0,2,9,3,2002
27.0,2,9,4,2008
27.0,2,9,5,2014
27.0,2,9,6,2021
27.0,2,9,7,2027
27.0,2,9,8,2033
27.0,2,9,9,2039
27.0,2,9,10,2046
27.0,2,9,11,2052
27.0,2,9,12,2058
27.0,2,9,13,2064
27.0,2,9,14,2070
27.0,2,9,15,2076
27.0,2,10,0,1989
27.0,2,10,1,1995
27.0,2,10,2,2002
27.0,2,10,3,2008
27.0,2,10,4,2014
27.0,2,10,5,2021
27.0,2,10,6,2027
27.0,2,10,7,2033
27.0,2,10,8,2040
27.0,2,10,9,2046
27.0,2,10,10,2052
27.0,2,10,11,2058
27.0,2,10,12,2064
27.0,2,10,13,2071
27.0,2,10,14,2077
27.0,2,10,15,2083
27.0,2,11,0,1995
27.0,2,11,1,2002
27.0,2,11,2,2008
27.0,2,11,3,2014
27.0,2,11,4,2021
27.0,2,11,5,2027
27.0,2,11,6,2033
27.0,2,11,7,2040
27.0,2,11,8,2046
27.0,2,11,9,2052
27.0,2,11,10,2059
27.0,2,11,11,2065
27.0,2,11,12,2071
27.0,2,11,13,2077
27.0,2,11,14,2083
27.0,2,11,15,2089
27.0,2,12,0,2001
27.0,2,12,1,2008
27.0,2,12,2,2014
27.0,2,12,3,2021
27.0,2,12,4,2027
27.0,2,12,5,2033
27.0,2,12,6,2040
27.0,2,12,7,2046
27.0,2,12,8,2052
27.0,2,12,9,2059
27.0,2,12,10,2065
27.0,2,12,11,2071
27.0,2,12,12,2077
27.0,2,12,13,2084
27.0,2,12,14,2090
27.0,2,12,15,2096
27.0,2,13,0,2008
27.0,2,13,1,2014
27.0,2,13,2,2020
27.0,2,13,3,2027
27.0,2,13,4,2033
27.0,2,13,5,2040
27.0,2,13,6,2046
27.0,2,13,7,2052
27.0,2,13,8,2059
27.0,2,13,9,2065
27.0,2,13,10,2071
27.0,2,13,11,2078
27.0,2,13,12,2084
27.0,2,13,13,2090
27.0,2,13,14,2096
27.0,2,13,15,2102
27.0,2,14,0,2014
27.0,2,14,1,2020
27.0,2,14,2,2027
27.0,2,14,3,2033
27.0,2,14,4,2040
27.0,2,14,5,2046
27.0,2,14,6,2052
27.0,2,14,7,2059
27.0,2,14,8,2065
27.0,2,14,9,2071
27.0,2,14,10,2078
27.0,2,14,11,2084
27.0,2,14,12,2090
27.0,2,14,13,2097
27.0,2,14,14,2103
27.0,2,14,15,2109
27.0,2,15,0,2020
27.0,2,15,1,2026
27.0,2,15,2,2033
27.0,2,15,3,2039
27.0,2,15,4,2046
27.0,2,15,5,2052
27.0,2,15,6,2059
27.0,2,15,7,2065
27.0,2,15,8,2071
27.0,2,15,9,2078
27.0,2,15,10,2084
27.0,2,15,11,2090
27.0,2,15,12,2097
27.0,2,15,13,2103
27.0,2,15,14,2109
27.0,2,15,15,2115
27.0,3,0,0,1933
27.0,3,0,1,1939
27.0,3,0,2,1945
27.0,3,0,3,1951
27.0,3,0,4,1957
27.0,3,0,5,1964
27.0,3,0,6,1970
27.0,3,0,7,1976
27.0,3,0,8,1982
27.0,3,0,9,1988
27.0,3,0,10,1994
27.0,3,0,11,2000
27.0,3,0,12,2006
27.0,3,0,13,2012
27.0,3,0,14,2018
27.0,3,0,15,2024
27.0,3,1,0,1939
27.0,3,1,1,1945
27.0,3,1,2,1952
27.0,3,1,3,1958
27.0,3,1,4,1964
27.0,3,1,5,1970
27.0,3,1,6,1976
27.0,3,1,7,1982
27.0,3,1,8,1989
27.0,3,1,9,1995
27.0,3,1,10,2001
27.0,3,1,11,2007
27.0,3,1,12,2013
27.0,3,1,13,2019
27.0,3,1,14,2025
27.0,3,1,15,2031
27.0,3,2,0,1946
27.0,3,2,1,1952
27.0,3,2,2,1958
27.0,3,2,3,1964
27.0,3,2,4,1971
27.0,3,2,5,1977
27.0,3,2,6,1983
27.0,3,2,7,1989
27.0,3,2,8,1995
27.0,3,2,9,2001
27.0,3,2,10,2007
27.0,3,2,11,2013
27.0,3,2,12,2019
27.0,3,2,13,2026
27.0,3,2,14,2032
27.0,3,2,15,2038
27.0,3,3,0,1952
27.0,3,3,1,1958
27.0,3,3,2,1965
27.0,3,3,3,1971
27.0,3,3,4,1977
27.0,3,3,5,1983
27.0,3,3,6,1989
27.0,3,3,7,1996
27.0,3,3,8,2002
27.0,3,3,9,2008
27.0,3,3,10,2014
27.0,3,3,11,2020
27.0,3,3,12,2026
27.0,3,3,13,2032
27.0,3,3,14,2038
27.0,3,3,15,2044
27.0,3,4,0,1958
27.0,3,4,1,1965
27.0,3,4,2,1971
27.0,3,4,3,1977
27.0,3,4,4,1984
27.0,3,4,5,1990
27.0,3,4,6,1996
27.0,3,4,7,2002
27.0,3,4,8,2008
27.0,3,4,9,2014
27.0,3,4,10,2021
27.0,3,4,11,2027
27.0,3,4,12,2033
27.0,3,4,13,2039
27.0,3,4,14,2045
27.0,3,4,15,2051
27.0,3,5,0,1965
27.0,3,5,1,1971
27.0,3,5,2,1977
27.0,3,5,3,1984
27.0,3,5,4,1990
27.0,3,5,5,1996
27.0,3,5,6,2002
27.0,3,5,7,2009
27.0,3,5,8,2015
27.0,3,5,9,2021
27.0,3,5,10,2027
27.0,3,5,11,2033
27.0,3,5,12,2039
27.0,3,5,13,2046
27.0,3,5,14,2052
27.0,3,5,15,2058
27.0,3,6,0,1971
27.0,3,6,1,1978
27.0,3,6,2,1984
27.0,3,6,3,1990
27.0,3,6,4,1996
27.0,3,6,5,2003
27.0,3,6,6,2009
27.0,3,6,7,2015
27.0,3,6,8,2021
27.0,3,6,9,2028
27.0,3,6,10,2034
27.0,3,6,11,2040
27.0,3,6,12,2046
27.0,3,6,13,2052
27.0,3,6,14,2058
27.0,3,6,15,2064
27.0,3,7,0,1978
27.0,3,7,1,1984
27.0,3,7,2,1990
27.0,3,7,3,1997
27.0,3,7,4,2003
27.0,3,7,5,2009
27.0,3,7,6,2015
27.0,3,7,7,2022
27.0,3,7,8,2028
27.0,3,7,9,2034
27.0,3,7,10,2040
27.0,3,7,11,2047
27.0,3,7,12,2053
27.0,3,7,13,2059
27.0,3,7,14,2065
27.0,3,7,15,2071
27.0,3,8,0,1984
27.0,3,8,1,1990
27.0,3,8,2,1997
27.0,3,8,3,2003
27.0,3,8,4,2009
27.0,3,8,5,2016
27.0,3,8,6,2022
27.0,3,8,7,2028
27.0,3,8,8,2034
27.0,3,8,9,2041
27.0,3,8,10,2047
27.0,3,8,11,2053
27.0,3,8,12,2059
27.0,3,8,13,2065
27.0,3,8,14,2072
27.0,3,8,15,2078
27.0,3,9,0,1990
27.0,3,9,1,1997
27.0,3,9,2,2003
27.0,3,9,3,2009
27.0,3,9,4,2016
27.0,3,9,5,2022
27.0,3,9,6,2028
27.0,3,9,7,2035
27.0,3,9,8,2041
27.0,3,9,9,2047
27.0,3,9,10,2053
27.0,3,9,11,2060
27.0,3,9,12,2066
27.0,3,9,13,2072
27.0,3,9,14,2078
27.0,3,9,15,2084
27.0,3,10,0,1996
27.0,3,10,1,2003
27.0,3,10,2,2009
27.0,3,10,3,2016
27.0,3,10,4,2022
27.0,3,10,5,2028
27.0,3,10,6,2035
27.0,3,10,7,2041
27.0,3,10,8,2047
27.0,3,10,9,2054
27.0,3,10,10,2060
27.0,3,10,11,2066
27.0,3,10,12,2072
27.0,3,10,13,2079
27.0,3,10,14,2085
27.0,3,10,15,2091
27.0,3,11,0,2003
27.0,3,11,1,2009
27.0,3,11,2,2016
27.0,3,11,3,2022
27.0,3,11,4,2028
27.0,3,11,5,2035
27.0,3,11,6,2041
27.0,3,11,7,2047
27.0,3,11,8,2054
27.0,3,11,9,2060
27.0,3,11,10,2066
27.0,3,11,11,2073
27.0,3,11,12,2079
27.0,3,11,13,2085
27.0,3,11,14,2091
27.0,3,11,15,2097
27.0,3,12,0,2009
27.0,3,12,1,2015
27.0,3,12,2,2022
27.0,3,12,3,2028
27.0,3,12,4,2035
27.0,3,12,5,2041
27.0,3,12,6,2047
27.0,3,12,7,2054
27.0,3,12,8,2060
27.0,3,12,9,2066
27.0,3,12,10,2073
27.0,3,12,11,2079
27.0,3,12,12,2085
27.0,3,12,13,2092
27.0,3,12,14,2098
27.0,3,12,15,2104
27.0,3,13,0,2015
27.0,3,13,1,2022
27.0,3,13,2,2028
27.0,3,13,3,2035
27.0,3,13,4,2041
27.0,3,13,5,2047
27.0,3,13,6,2054
27.0,3,13,7,2060
27.0,3,13,8,2067
27.0,3,13,9,2073
27.0,3,13,10,2079
27.0,3,13,11,2085
27.0,3,13,12,2092
27.0,3,13,13,2098
27.0,3,13,14,2104
27.0,3,13,15,2110
27.0,3,14,0,2021
27.0,3,14,1,2028
27.0,3,14,2,2034
27.0,3,14,3,2041
27.0,3,14,4,2047
27.0,3,14,5,2054
27.0,3,14,6,2060
27.0,3,14,7,2067
27.0,3,14,8,2073
27.0,3,14,9,2079
27.0,3,14,10,2086
27.0,3,14,11,2092
27.0,3,14,12,2098
27.0,3,14,13,2104
27.0,3,14,14,2111
27.0,3,14,15,2117
27.0,3,15,0,2028
27.0,3,15,1,2034
27.0,3,15,2,2041
27.0,3,15,3,2047
27.0,3,15,4,2054
27.0,3,15,5,2060
27.0,3,15,6,2066
27.0,3,15,7,2073
27.0,3,15,8,2079
27.0,3,15,9,2086
27.0,3,15,10,2092
27.0,3,15,11,2098
27.0,3,15,12,2105
27.0,3,15,13,2111
27.0,3,15,14,2117
27.0,3,15,15,2123
27.0,4,0,0,1940
27.0,4,0,1,1946
27.0,4,0,2,1952
27.0,4,0,3,1959
27.0,4,0,4,1965
27.0,4,0,5,1971
27.0,4,0,6,1977
27.0,4,0,7,1983
27.0,4,0,8,1989
27.0,4,0,9,1995
27.0,4,0,10,2002
27.0,4,0,11,2008
27.0,4,0,12,2014
27.0,4,0,13,2020
27.0,4,0,14,2026
27.0,4,0,15,2032
27.0,4,1,0,1946
27.0,4,1,1,1953
27.0,4,1,2,1959
27.0,4,1,3,1965
27.0,4,1,4,1971
27.0,4,1,5,1978
27.0,4,1,6,1984
27.0,4,1,7,1990
27.0,4,1,8,1996
27.0,4,1,9,2002
27.0,4,1,10,2008
27.0,4,1,11,2014
27.0,4,1,12,2020
27.0,4,1,13,2026
27.0,4,1,14,2032
27.0,4,1,15,2038
27.0,4,2,0,1953
27.0,4,2,1,1959
27.0,4,2,2,1965
27.0,4,2,3,1972
27.0,4,2,4,1978
27.0,4,2,5,1984
27.0,4,2,6,1990
27.0,4,2,7,1997
27.0,4,2,8,2003
27.0,4,2,9,2009
27.0,4,2,10,2015
27.0,4,2,11,2021
27.0,4,2,12,2027
27.0,4,2,13,2033
27.0,4,2,14,2039
27.0,4,2,15,2045
27.0,4,3,0,1959
27.0,4,3,1,1966
27.0,4,3,2,1972
27.0,4,3,3,1978
27.0,4,3,4,1985
27.0,4,3,5,1991
27.0,4,3,6,1997
27.0,4,3,7,2003
27.0,4,3,8,2009
27.0,4,3,9,2015
27.0,4,3,10,2022
27.0,4,3,11,2028
27.0,4,3,12,2034
27.0,4,3,13,2040
27.0,4,3,14,2046
27.0,4,3,15,2052
27.0,4,4,0,1966
27.0,4,4,1,1972
27.0,4,4,2,1978
27.0,4,4,3,1985
27.0,4,4,4,1991
27.0,4,4,5,1997
27.0,4,4,6,2004
27.0,4,4,7,2010
27.0,4,4,8,2016
27.0,4,4,9,2022
27.0,4,4,10,2028
27.0,4,4,11,2034
27.0,4,4,12,2041
27.0,4,4,13,2047
27.0,4,4,14,2053
27.0,4,4,15,2059
27.0,4,5,0,1972
27.0,4,5,1,1979
27.0,4,5,2,1985
27.0,4,5,3,1991
27.0,4,5,4,1998
27.0,4,5,5,2004
27.0,4,5,6,2010
27.0,4,5,7,2016
27.0,4,5,8,2023
27.0,4,5,9,2029
27.0,4,5,10,2035
27.0,4,5,11,2041
27.0,4,5,12,2047
27.0,4,5,13,2053
27.0,4,5,14,2059
27.0,4,5,15,2065
27.0,4,6,0,1979
27.0,4,6,1,1985
27.0,4,6,2,1991
27.0,4,6,3,1998
27.0,4,6,4,2004
27.0,4,6,5,2010
27.0,4,6,6,2017
27.0,4,6,7,2023
27.0,4,6,8,2029
27.0,4,6,9,2035
27.0,4,6,10,2041
27.0,4,6,11,2048
27.0,4,6,12,2054
27.0,4,6,13,2060
27.0,4,6,14,2066
27.0,4,6,15,2072
27.0,4,7,0,1985
27.0,4,7,1,1991
27.0,4,7,2,1998
27.0,4,7,3,2004
27.0,4,7,4,2010
27.0,4,7,5,2017
27.0,4,7,6,2023
27.0,4,7,7,2029
27.0,4,7,8,2036
27.0,4,7,9,2042
27.0,4,7,10,2048
27.0,4,7,11,2054
27.0,4,7,12,2060
27.0,4,7,13,2067
27.0,4,7,14,2073
27.0,4,7,15,2079
27.0,4,8,0,1991
27.0,4,8,1,1998
27.0,4,8,2,2004
27.0,4,8,3,2011
27.0,4,8,4,2017
27.0,4,8,5,2023
27.0,4,8,6,2030
27.0,4,8,7,2036
27.0,4,8,8,2042
27.0,4,8,9,2048
27.0,4,8,10,2055
27.0,4,8,11,2061
27.0,4,8,12,2067
27.0,4,8,13,2073
27.0,4,8,14,2079
27.0,4,8,15,2086
27.0,4,9,0,1998
27.0,4,9,1,2004
27.0,4,9,2,2011
27.0,4,9,3,2017
27.0,4,9,4,2023
27.0,4,9,5,2030
27.0,4,9,6,2036
27.0,4,9,7,2042
27.0,4,9,8,2049
27.0,4,9,9,2055
27.0,4,9,10,2061
27.0,4,9,11,2067
27.0,4,9,12,2074
27.0,4,9,13,2080
27.0,4,9,14,2086
27.0,4,9,15,2092
27.0,4,10,0,2004
27.0,4,10,1,2010
27.0,4,10,2,2017
27.0,4,10,3,2023
27.0,4,10,4,2030
27.0,4,10,5,2036
27.0,4,10,6,2042
27.0,4,10,7,2049
27.0,4,10,8,2055
27.0,4,10,9,2061
27.0,4,10,10,2068
27.0,4,10,11,2074
27.0,4,10,12,2080
27.0,4,10,13,2086
27.0,4,10,14,2093
27.0,4,10,15,2099
27.0,4,11,0,2010
27.0,4,11,1,2017
27.0,4,11,2,2023
27.0,4,11,3,2030
27.0,4,11,4,2036
27.0,4,11,5,2042
27.0,4,11,6,2049
27.0,4,11,7,2055
27.0,4,11,8,2062
27.0,4,11,9,2068
27.0,4,11,10,2074
27.0,4,11,11,2080
27.0,4,11,12,2087
27.0,4,11,13,2093
27.0,4,11,14,2099
27.0,4,11,15,2105
27.0,4,12,0,2017
27.0,4,12,1,2023
27.0,4,12,2,2030
27.0,4,12,3,2036
27.0,4,12,4,2042
27.0,4,12,5,2049
27.0,4,12,6,2055
27.0,4,12,7,2062
27.0,4,12,8,2068
27.0,4,12,9,2074
27.0,4,12,10,2081
27.0,4,12,11,2087
27.0,4,12,12,2093
27.0,4,12,13,2099
27.0,4,12,14,2106
27.0,4,12,15,2112
27.0,4,13,0,2023
27.0,4,13,1,2029
27.0,4,13,2,2036
27.0,4,13,3,2042
27.0,4,13,4,2049
27.0,4,13,5,2055
27.0,4,13,6,2062
27.0,4,13,7,2068
27.0,4,13,8,2074
27.0,4,13,9,2081
27.0,4,13,10,2087
27.0,4,13,11,2093
27.0,4,13,12,2100
27.0,4,13,13,2106
27.0,4,13,14,2112
27.0,4,13,15,2118
27.0,4,14,0,2029
27.0,4,14,1,2036
27.0,4,14,2,2042
27.0,4,14,3,2049
27.0,4,14,4,2055
27.0,4,14,5,2062
27.0,4,14,6,2068
27.0,4,14,7,2074
27.0,4,14,8,2081
27.0,4,14,9,2087
27.0,4,14,10,2094
27.0,4,14,11,2100
27.0,4,14,12,2106
27.0,4,14,13,2112
27.0,4,14,14,2119
27.0,4,14,15,2125
27.0,4,15,0,2035
27.0,4,15,1,2042
27.0,4,15,2,2048
27.0,4,15,3,2055
27.0,4,15,4,2061
27.0,4,15,5,2068
27.0,4,15,6,2074
27.0,4,15,7,2081
27.0,4,15,8,2087
27.0,4,15,9,2094
27.0,4,15,10,2100
27.0,4,15,11,2106
27.0,4,15,12,2113
27.0,4,15,13,2119
27.0,4,15,14,2125
27.0,4,15,15,2132
27.0,5,0,0,1947
27.0,5,0,1,1954
27.0,5,0,2,1960
27.0,5,0,3,1966
27.0,5,0,4,1972
27.0,5,0,5,1978
27.0,5,0,6,1985
27.0,5,0,7,1991
27.0,5,0,8,1997
27.0,5,0,9,2003
27.0,5,0,10,2009
27.0,5,0,11,2015
27.0,5,0,12,2021
27.0,5,0,13,2027
27.0,5,0,14,2033
27.0,5,0,15,2039
27.0,5,1,0,1954
27.0,5,1,1,1960
27.0,5,1,2,1966
27.0,5,1,3,1973
27.0,5,1,4,1979
27.0,5,1,5,1985
27.0,5,1,6,1991
27.0,5,1,7,1997
27.0,5,1,8,2004
27.0,5,1,9,2010
27.0,5,1,10,2016
27.0,5,1,11,2022
27.0,5,1,12,2028
27.0,5,1,13,2034
27.0,5,1,14,2040
27.0,5,1,15,2046
27.0,5,2,0,1960
27.0,5,2,1,1967
27.0,5,2,2,1973
27.0,5,2,3,1979
27.0,5,2,4,1985
27.0,5,2,5,1992
27.0,5,2,6,1998
27.0,5,2,7,2004
27.0,5,2,8,2010
27.0,5,2,9,2016
27.0,5,2,10,2023
27.0,5,2,11,2029
27.0,5,2,12,2035
27.0,5,2,13,2041
27.0,5,2,14,2047
27.0,5,2,15,2053
27.0,5,3,0,1967
27.0,5,3,1,1973
27.0,5,3,2,1979
27.0,5,3,3,1986
27.0,5,3,4,1992
27.0,5,3,5,1998
27.0,5,3,6,2005
27.0,5,3,7,2011
27.0,5,3,8,2017
27.0,5,3,9,2023
27.0,5,3,10,2029
27.0,5,3,11,2035
27.0,5,3,12,2042
27.0,5,3,13,2048
27.0,5,3,14,2054
27.0,5,3,15,2060
27.0,5,4,0,1973
27.0,5,4,1,1980
27.0,5,4,2,1986
27.0,5,4,3,1992
27.0,5,4,4,1999
27.0,5,4,5,2005
27.0,5,4,6,2011
27.0,5,4,7,2017
27.0,5,4,8,2024
27.0,5,4,9,2030
27.0,5,4,10,2036
27.0,5,4,11,2042
27.0,5,4,12,2048
27.0,5,4,13,2054
27.0,5,4,14,2060
27.0,5,4,15,2067
27.0,5,5,0,1980
27.0,5,5,1,1986
27.0,5,5,2,1992
27.0,5,5,3,1999
27.0,5,5,4,2005
27.0,5,5,5,2011
27.0,5,5,6,2018
27.0,5,5,7,2024
27.0,5,5,8,2030
27.0,5,5,9,2036
27.0,5,5,10,2043
27.0,5,5,11,2049
27.0,5,5,12,2055
27.0,5,5,13,2061
27.0,5,5,14,2067
27.0,5,5,15,2073
27.0,5,6,0,1986
27.0,5,6,1,1993
27.0,5,6,2,1999
27.0,5,6,3,2005
27.0,5,6,4,2012
27.0,5,6,5,2018
27.0,5,6,6,2024
27.0,5,6,7,2030
27.0,5,6,8,2037
27.0,5,6,9,2043
27.0,5,6,10,2049
27.0,5,6,11,2055
27.0,5,6,12,2062
27.0,5,6,13,2068
27.0,5,6,14,2074
27.0,5,6,15,2080
27.0,5,7,0,1993
27.0,5,7,1,1999
27.0,5,7,2,2005
27.0,5,7,3,2012
27.0,5,7,4,2018
27.0,5,7,5,2024
27.0,5,7,6,2031
27.0,5,7,7,2037
27.0,5,7,8,2043
27.0,5,7,9,2050
27.0,5,7,10,2056
27.0,5,7,11,2062
27.0,5,7,12,2068
27.0,5,7,13,2074
27.0,5,7,14,2081
27.0,5,7,15,2087
27.0,5,8,0,1999
27.0,5,8,1,2005
27.0,5,8,2,2012
27.0,5,8,3,2018
27.0,5,8,4,2025
27.0,5,8,5,2031
27.0,5,8,6,2037
27.0,5,8,7,2044
27.0,5,8,8,2050
27.0,5,8,9,2056
27.0,5,8,10,2062
27.0,5,8,11,2069
27.0,5,8,12,2075
27.0,5,8,13,2081
27.0,5,8,14,2087
27.0,5,8,15,2093
27.0,5,9,0,2005
27.0,5,9,1,2012
27.0,5,9,2,2018
27.0,5,9,3,2025
27.0,5,9,4,2031
27.0,5,9,5,2037
27.0,5,9,6,2044
27.0,5,9,7,2050
27.0,5,9,8,2056
27.0,5,9,9,2063
27.0,5,9,10,2069
27.0,5,9,11,2075
27.0,5,9,12,2081
27.0,5,9,13,2088
27.0,5,9,14,2094
27.0,5,9,15,2100
27.0,5,10,0,2012
27.0,5,10,1,2018
27.0,5,10,2,2025
27.0,5,10,3,2031
27.0,5,10,4,2037
27.0,5,10,5,2044
27.0,5,10,6,2050
27.0,5,10,7,2057
27.0,5,10,8,2063
27.0,5,10,9,2069
27.0,5,10,10,2075
27.0,5,10,11,2082
27.0,5,10,12,2088
27.0,5,10,13,2094
27.0,5,10,14,2100
27.0,5,10,15,2107
27.0,5,11,0,2018
27.0,5,11,1,2024
27.0,5,11,2,2031
27.0,5,11,3,2037
27.0,5,11,4,2044
27.0,5,11,5,2050
27.0,5,11,6,2057
27.0,5,11,7,2063
27.0,5,11,8,2069
27.0,5,11,9,2076
27.0,5,11,10,2082
27.0,5,11,11,2088
27.0,5,11,12,2095
27.0,5,11,13,2101
27.0,5,11,14,2107
27.0,5,11,15,2113
27.0,5,12,0,2024
27.0,5,12,1,2031
27.0,5,12,2,2037
27.0,5,12,3,2044
27.0,5,12,4,2050
27.0,5,12,5,2057
27.0,5,12,6,2063
27.0,5,12,7,2069
27.0,5,12,8,2076
27.0,5,12,9,2082
27.0,5,12,10,2088
27.0,5,12,11,2095
27.0,5,12,12,2101
27.0,5,12,13,2107
27.0,5,12,14,2114
27.0,5,12,15,2120
27.0,5,13,0,2030
27.0,5,13,1,2037
27.0,5,13,2,2044
27.0,5,13,3,2050
27.0,5,13,4,2057
27.0,5,13,5,2063
27.0,5,13,6,2069
27.0,5,13,7,2076
27.0,5,13,8,2082
27.0,5,13,9,2089
27.0,5,13,10,2095
27.0,5,13,11,2101
27.0,5,13,12,2108
27.0,5,13,13,2114
27.0,5,13,14,2120
27.0,5,13,15,2126
27.0,5,14,0,2037
27.0,5,14,1,2043
27.0,5,14,2,2050
27.0,5,14,3,2056
27.0,5,14,4,2063
27.0,5,14,5,2069
27.0,5,14,6,2076
27.0,5,14,7,2082
27.0,5,14,8,2089
27.0,5,14,9,2095
27.0,5,14,10,2101
27.0,5,14,11,2108
27.0,5,14,12,2114
27.0,5,14,13,2120
27.0,5,14,14,2127
27.0,5,14,15,2133
27.0,5,15,0,2043
27.0,5,15,1,2050
27.0,5,15,2,2056
27.0,5,15,3,2063
27.0,5,15,4,2069
27.0,5,15,5,2076
27.0,5,15,6,2082
27.0,5,15,7,2089
27.0,5,15,8,2095
27.0,5,15,9,2101
27.0,5,15,10,2108
27.0,5,15,11,2114
27.0,5,15,12,2121
27.0,5,15,13,2127
27.0,5,15,14,2133
27.0,5,15,15,2140
27.0,6,0,0,1955
27.0,6,0,1,1961
27.0,6,0,2,1967
27.0,6,0,3,1973
27.0,6,0,4,1980
27.0,6,0,5,1986
27.0,6,0,6,1992
27.0,6,0,7,1998
27.0,6,0,8,2004
27.0,6,0,9,2011
27.0,6,0,10,2017
27.0,6,0,11,2023
27.0,6,0,12,2029
27.0,6,0,13,2035
27.0,6,0,14,2041
27.0,6,0,15,2047
27.0,6,1,0,1961
27.0,6,1,1,1967
27.0,6,1,2,1974
27.0,6,1,3,1980
27.0,6,1,4,1986
27.0,6,1,5,1993
27.0,6,1,6,1999
27.0,6,1,7,2005
27.0,6,1,8,2011
27.0,6,1,9,2017
27.0,6,1,10,2023
27.0,6,1,11,2030
27.0,6,1,12,2036
27.0,6,1,13,2042
27.0,6,1,14,2048
27.0,6,1,15,2054
27.0,6,2,0,1968
27.0,6,2,1,1974
27.0,6,2,2,1980
27.0,6,2,3,1987
27.0,6,2,4,1993
27.0,6,2,5,1999
27.0,6,2,6,2005
27.0,6,2,7,2012
27.0,6,2,8,2018
27.0,6,2,9,2024
27.0,6,2,10,2030
27.0,6,2,11,2036
27.0,6,2,12,2042
27.0,6,2,13,2049
27.0,6,2,14,2055
27.0,6,2,15,2061
27.0,6,3,0,1974
27.0,6,3,1,1981
27.0,6,3,2,1987
27.0,6,3,3,1993
27.0,6,3,4,2000
27.0,6,3,5,2006
27.0,6,3,6,2012
27.0,6,3,7,2018
27.0,6,3,8,2025
27.0,6,3,9,2031
27.0,6,3,10,2037
27.0,6,3,11,2043
27.0,6,3,12,2049
27.0,6,3,13,2055
27.0,6,3,14,2061
27.0,6,3,15,2068
27.0,6,4,0,1981
27.0,6,4,1,1987
27.0,6,4,2,1993
27.0,6,4,3,2000
27.0,6,4,4,2006
27.0,6,4,5,2012
27.0,6,4,6,2019
27.0,6,4,7,2025
27.0,6,4,8,2031
27.0,6,4,9,2037
27.0,6,4,10,2044
27.0,6,4,11,2050
27.0,6,4,12,2056
27.0,6,4,13,2062
27.0,6,4,14,2068
27.0,6,4,15,2074
27.0,6,5,0,1987
27.0,6,5,1,1994
27.0,6,5,2,2000
27.0,6,5,3,2006
27.0,6,5,4,2013
27.0,6,5,5,2019
27.0,6,5,6,2025
27.0,6,5,7,2032
27.0,6,5,8,2038
27.0,6,5,9,2044
27.0,6,5,10,2050
27.0,6,5,11,2056
27.0,6,5,12,2063
27.0,6,5,13,2069
27.0,6,5,14,2075
27.0,6,5,15,2081
27.0,6,6,0,1994
27.0,6,6,1,2000
27.0,6,6,2,2006
27.0,6,6,3,2013
27.0,6,6,4,2019
27.0,6,6,5,2025
27.0,6,6,6,2032
27.0,6,6,7,2038
27.0,6,6,8,2044
27.0,6,6,9,2051
27.0,6,6,10,2057
27.0,6,6,11,2063
27.0,6,6,12,2069
27.0,6,6,13,2076
27.0,6,6,14,2082
27.0,6,6,15,2088
27.0,6,7,0,2000
27.0,6,7,1,2006
27.0,6,7,2,2013
27.0,6,7,3,2019
27.0,6,7,4,2026
27.0,6,7,5,2032
27.0,6,7,6,2038
27.0,6,7,7,2045
27.0,6,7,8,2051
27.0,6,7,9,2057
27.0,6,7,10,2064
27.0,6,7,11,2070
27.0,6,7,12,2076
27.0,6,7,13,2082
27.0,6,7,14,2088
27.0,6,7,15,2095
27.0,6,8,0,2006
27.0,6,8,1,2013
27.0,6,8,2,2019
27.0,6,8,3,2026
27.0,6,8,4,2032
27.0,6,8,5,2039
27.0,6,8,6,2045
27.0,6,8,7,2051
27.0,6,8,8,2058
27.0,6,8,9,2064
27.0,6,8,10,2070
27.0,6,8,11,2076
27.0,6,8,12,2083
27.0,6,8,13,2089
27.0,6,8,14,2095
27.0,6,8,15,2101
27.0,6,9,0,2013
27.0,6,9,1,2019
27.0,6,9,2,2026
27.0,6,9,3,2032
27.0,6,9,4,2039
27.0,6,9,5,2045
27.0,6,9,6,2051
27.0,6,9,7,2058
27.0,6,9,8,2064
27.0,6,9,9,2070
27.0,6,9,10,2077
27.0,6,9,11,2083
27.0,6,9,12,2089
27.0,6,9,13,2096
27.0,6,9,14,2102
27.0,6,9,15,2108
27.0,6,10,0,2019
27.0,6,10,1,2026
27.0,6,10,2,2032
27.0,6,10,3,2039
27.0,6,10,4,2045
27.0,6,10,5,2051
27.0,6,10,6,2058
27.0,6,10,7,2064
27.0,6,10,8,2071
27.0,6,10,9,2077
27.0,6,10,10,2083
27.0,6,10,11,2090
27.0,6,10,12,2096
27.0,6,10,13,2102
27.0,6,10,14,2108
27.0,6,10,15,2115
27.0,6,11,0,2025
27.0,6,11,1,2032
27.0,6,11,2,2039
27.0,6,11,3,2045
27.0,6,11,4,2051
27.0,6,11,5,2058
27.0,6,11,6,2064
27.0,6,11,7,2071
27.0,6,11,8,2077
27.0,6,11,9,2083
27.0,6,11,10,2090
27.0,6,11,11,2096
27.0,6,11,12,2102
27.0,6,11,13,2109
27.0,6,11,14,2115
27.0,6,11,15,2121
27.0,6,12,0,2032
27.0,6,12,1,2038
27.0,6,12,2,2045
27.0,6,12,3,2051
27.0,6,12,4,2058
27.0,6,12,5,2064
27.0,6,12,6,2071
27.0,6,12,7,2077
27.0,6,12,8,2084
27.0,6,12,9,2090
27.0,6,12,10,2096
27.0,6,12,11,2103
27.0,6,12,12,2109
27.0,6,12,13,2115
27.0,6,12,14,2122
27.0,6,12,15,2128
27.0,6,13,0,2038
27.0,6,13,1,2045
27.0,6,13,2,2051
27.0,6,13,3,2058
27.0,6,13,4,2064
27.0,6,13,5,2071
27.0,6,13,6,2077
27.0,6,13,7,2084
27.0,6,13,8,2090
27.0,6,13,9,2096
27.0,6,13,10,2103
27.0,6,13,11,2109
27.0,6,13,12,2116
27.0,6,13,13,2122
27.0,6,13,14,2128
27.0,6,13,15,2134
27.0,6,14,0,2044
27.0,6,14,1,2051
27.0,6,14,2,2058
27.0,6,14,3,2064
27.0,6,14,4,2071
27.0,6,14,5,2077
27.0,6,14,6,2084
27.0,6,14,7,2090
27.0,6,14,8,2096
27.0,6,14,9,2103
27.0,6,14,10,2109
27.0,6,14,11,2116
27.0,6,14,12,2122
27.0,6,14,13,2128
27.0,6,14,14,2135
27.0,6,14,15,2141
27.0,6,15,0,2051
27.0,6,15,1,2057
27.0,6,15,2,2064
27.0,6,15,3,2070
27.0,6,15,4,2077
27.0,6,15,5,2083
27.0,6,15,6,2090
27.0,6,15,7,2096
27.0,6,15,8,2103
27.0,6,15,9,2109
27.0,6,15,10,2116
27.0,6,15,11,2122
27.0,6,15,12,2129
27.0,6,15,13,2135
27.0,6,15,14,2141
27.0,6,15,15,2148
27.0,7,0,0,1962
27.0,7,0,1,1968
27.0,7,0,2,1975
27.0,7,0,3,1981
27.0,7,0,4,1987
27.0,7,0,5,1993
27.0,7,0,6,2000
27.0,7,0,7,2006
27.0,7,0,8,2012
27.0,7,0,9,2018
27.0,7,0,10,2024
27.0,7,0,11,2030
27.0,7,0,12,2036
27.0,7,0,13,2043
27.0,7,0,14,2049
27.0,7,0,15,2055
27.0,7,1,0,1968
27.0,7,1,1,1975
27.0,7,1,2,1981
27.0,7,1,3,1987
27.0,7,1,4,1994
27.0,7,1,5,2000
27.0,7,1,6,2006
27.0,7,1,7,2012
27.0,7,1,8,2019
27.0,7,1,9,2025
27.0,7,1,10,2031
27.0,7,1,11,2037
27.0,7,1,12,2043
27.0,7,1,13,2049
27.0,7,1,14,2055
27.0,7,1,15,2062
27.0,7,2,0,1975
27.0,7,2,1,1981
27.0,7,2,2,1988
27.0,7,2,3,1994
27.0,7,2,4,2000
27.0,7,2,5,2007
27.0,7,2,6,2013
27.0,7,2,7,2019
27.0,7,2,8,2025
27.0,7,2,9,2032
27.0,7,2,10,2038
27.0,7,2,11,2044
27.0,7,2,12,2050
27.0,7,2,13,2056
27.0,7,2,14,2062
27.0,7,2,15,2068
27.0,7,3,0,1982
27.0,7,3,1,1988
27.0,7,3,2,1994
27.0,7,3,3,2001
27.0,7,3,4,2007
27.0,7,3,5,2013
27.0,7,3,6,2020
27.0,7,3,7,2026
27.0,7,3,8,2032
27.0,7,3,9,2038
27.0,7,3,10,2045
27.0,7,3,11,2051
27.0,7,3,12,2057
27.0,7,3,13,2063
27.0,7,3,14,2069
27.0,7,3,15,2075
27.0,7,4,0,1988
27.0,7,4,1,1994
27.0,7,4,2,2001
27.0,7,4,3,2007
27.0,7,4,4,2014
27.0,7,4,5,2020
27.0,7,4,6,2026
27.0,7,4,7,2032
27.0,7,4,8,2039
27.0,7,4,9,2045
27.0,7,4,10,2051
27.0,7,4,11,2057
27.0,7,4,12,2064
27.0,7,4,13,2070
27.0,7,4,14,2076
27.0,7,4,15,2082
27.0,7,5,0,1995
27.0,7,5,1,2001
27.0,7,5,2,2007
27.0,7,5,3,2014
27.0,7,5,4,2020
27.0,7,5,5,2027
27.0,7,5,6,2033
27.0,7,5,7,2039
27.0,7,5,8,2045
27.0,7,5,9,2052
27.0,7,5,10,2058
27.0,7,5,11,2064
27.0,7,5,12,2070
27.0,7,5,13,2077
27.0,7,5,14,2083
27.0,7,5,15,2089
27.0,7,6,0,2001
27.0,7,6,1,2007
27.0,7,6,2,2014
27.0,7,6,3,2020
27.0,7,6,4,2027
27.0,7,6,5,2033
27.0,7,6,6,2039
27.0,7,6,7,2046
27.0,7,6,8,2052
27.0,7,6,9,2058
27.0,7,6,10,2065
27.0,7,6,11,2071
27.0,7,6,12,2077
27.0,7,6,13,2083
27.0,7,6,14,2089
27.0,7,6,15,2096
27.0,7,7,0,2007
27.0,7,7,1,2014
27.0,7,7,2,2020
27.0,7,7,3,2027
27.0,7,7,4,2033
27.0,7,7,5,2040
27.0,7,7,6,2046
27.0,7,7,7,2052
27.0,7,7,8,2059
27.0,7,7,9,2065
27.0,7,7,10,2071
27.0,7,7,11,2078
27.0,7,7,12,2084
27.0,7,7,13,2090
27.0,7,7,14,2096
27.0,7,7,15,2102
27.0,7,8,0,2014
27.0,7,8,1,2020
27.0,7,8,2,2027
27.0,7,8,3,2033
27.0,7,8,4,2040
27.0,7,8,5,2046
27.0,7,8,6,2053
27.0,7,8,7,2059
27.0,7,8,8,2065
27.0,7,8,9,2072
27.0,7,8,10,2078
27.0,7,8,11,2084
27.0,7,8,12,2090
27.0,7,8,13,2097
27.0,7,8,14,2103
27.0,7,8,15,2109
27.0,7,9,0,2020
27.0,7,9,1,2027
27.0,7,9,2,2033
27.0,7,9,3,2040
27.0,7,9,4,2046
27.0,7,9,5,2053
27.0,7,9,6,2059
27.0,7,9,7,2065
27.0,7,9,8,2072
27.0,7,9,9,2078
27.0,7,9,10,2084
27.0,7,9,11,2091
27.0,7,9,12,2097
27.0,7,9,13,2103
27.0,7,9,14,2110
27.0,7,9,15,2116
27.0,7,10,0,2027
27.0,7,10,1,2033
27.0,7,10,2,2040
27.0,7,10,3,2046
27.0,7,10,4,2053
27.0,7,10,5,2059
27.0,7,10,6,2066
27.0,7,10,7,2072
27.0,7,10,8,2078
27.0,7,10,9,2085
27.0,7,10,10,2091
27.0,7,10,11,2097
27.0,7,10,12,2104
27.0,7,10,13,2110
27.0,7,10,14,2116
27.0,7,10,15,2123
27.0,7,11,0,2033
27.0,7,11,1,2040
27.0,7,11,2,2046
27.0,7,11,3,2053
27.0,7,11,4,2059
27.0,7,11,5,2066
27.0,7,11,6,2072
27.0,7,11,7,2078
27.0,7,11,8,2085
27.0,7,11,9,2091
27.0,7,11,10,2098
27.0,7,11,11,2104
27.0,7,11,12,2110
27.0,7,11,13,2117
27.0,7,11,14,2123
27.0,7,11,15,2129
27.0,7,12,0,2039
27.0,7,12,1,2046
27.0,7,12,2,2053
27.0,7,12,3,2059
27.0,7,12,4,2066
27.0,7,12,5,2072
27.0,7,12,6,2079
27.0,7,12,7,2085
27.0,7,12,8,2091
27.0,7,12,9,2098
27.0,7,12,10,2104
27.0,7,12,11,2111
27.0,7,12,12,2117
27.0,7,12,13,2123
27.0,7,12,14,2130
27.0,7,12,15,2136
27.0,7,13,0,2046
27.0,7,13,1,2052
27.0,7,13,2,2059
27.0,7,13,3,2065
27.0,7,13,4,2072
27.0,7,13,5,2078
27.0,7,13,6,2085
27.0,7,13,7,2091
27.0,7,13,8,2098
27.0,7,13,9,2104
27.0,7,13,10,2111
27.0,7,13,11,2117
27.0,7,13,12,2123
27.0,7,13,13,2130
27.0,7,13,14,2136
27.0,7,13,15,2142
27.0,7,14,0,2052
27.0,7,14,1,2059
27.0,7,14,2,2065
27.0,7,14,3,2072
27.0,7,14,4,2078
27.0,7,14,5,2085
27.0,7,14,6,2091
27.0,7,14,7,2098
27.0,7,14,8,2104
27.0,7,14,9,2111
27.0,7,14,10,2117
27.0,7,14,11,2124
27.0,7,14,12,2130
27.0,7,14,13,2136
27.0,7,14,14,2143
27.0,7,14,15,2149
27.0,7,15,0,2058
27.0,7,15,1,2065
27.0,7,15,2,2072
27.0,7,15,3,2078
27.0,7,15,4,2085
27.0,7,15,5,2091
27.0,7,15,6,2098
27.0,7,15,7,2104
27.0,7,15,8,2111
27.0,7,15,9,2117
27.0,7,15,10,2124
27.0,7,15,11,2130
27.0,7,15,12,2137
27.0,7,15,13,2143
27.0,7,15,14,2149
27.0,7,15,15,2156
27.0,8,0,0,1969
27.0,8,0,1,1976
27.0,8,0,2,1982
27.0,8,0,3,1988
27.0,8,0,4,1994
27.0,8,0,5,2001
27.0,8,0,6,2007
27.0,8,0,7,2013
27.0,8,0,8,2019
27.0,8,0,9,2026
27.0,8,0,10,2032
27.0,8,0,11,2038
27.0,8,0,12,2044
27.0,8,0,13,2050
27.0,8,0,14,2056
27.0,8,0,15,2062
27.0,8,1,0,1976
27.0,8,1,1,1982
27.0,8,1,2,1989
27.0,8,1,3,1995
27.0,8,1,4,2001
27.0,8,1,5,2007
27.0,8,1,6,2014
27.0,8,1,7,2020
27.0,8,1,8,2026
27.0,8,1,9,2032
27.0,8,1,10,2039
27.0,8,1,11,2045
27.0,8,1,12,2051
27.0,8,1,13,2057
27.0,8,1,14,2063
27.0,8,1,15,2069
27.0,8,2,0,1982
27.0,8,2,1,1989
27.0,8,2,2,1995
27.0,8,2,3,2002
27.0,8,2,4,2008
27.0,8,2,5,2014
27.0,8,2,6,2020
27.0,8,2,7,2027
27.0,8,2,8,2033
27.0,8,2,9,2039
27.0,8,2,10,2045
27.0,8,2,11,2052
27.0,8,2,12,2058
27.0,8,2,13,2064
27.0,8,2,14,2070
27.0,8,2,15,2076
27.0,8,3,0,1989
27.0,8,3,1,1995
27.0,8,3,2,2002
27.0,8,3,3,2008
27.0,8,3,4,2014
27.0,8,3,5,2021
27.0,8,3,6,2027
27.0,8,3,7,2033
27.0,8,3,8,2040
27.0,8,3,9,2046
27.0,8,3,10,2052
27.0,8,3,11,2058
27.0,8,3,12,2065
27.0,8,3,13,2071
27.0,8,3,14,2077
27.0,8,3,15,2083
27.0,8,4,0,1996
27.0,8,4,1,2002
27.0,8,4,2,2008
27.0,8,4,3,2015
27.0,8,4,4,2021
27.0,8,4,5,2027
27.0,8,4,6,2034
27.0,8,4,7,2040
27.0,8,4,8,2046
27.0,8,4,9,2053
27.0,8,4,10,2059
27.0,8,4,11,2065
27.0,8,4,12,2071
27.0,8,4,13,2078
27.0,8,4,14,2084
27.0,8,4,15,2090
27.0,8,5,0,2002
27.0,8,5,1,2008
27.0,8,5,2,2015
27.0,8,5,3,2021
27.0,8,5,4,2028
27.0,8,5,5,2034
27.0,8,5,6,2040
27.0,8,5,7,2047
27.0,8,5,8,2053
27.0,8,5,9,2059
27.0,8,5,10,2066
27.0,8,5,11,2072
27.0,8,5,12,2078
27.0,8,5,13,2084
27.0,8,5,14,2091
27.0,8,5,15,2097
27.0,8,6,0,2009
27.0,8,6,1,2015
27.0,8,6,2,2021
27.0,8,6,3,2028
27.0,8,6,4,2034
27.0,8,6,5,2041
27.0,8,6,6,2047
27.0,8,6,7,2053
27.0,8,6,8,2060
27.0,8,6,9,2066
27.0,8,6,10,2072
27.0,8,6,11,2079
27.0,8,6,12,2085
27.0,8,6,13,2091
27.0,8,6,14,2097
27.0,8,6,15,2103
27.0,8,7,0,2015
27.0,8,7,1,2021
27.0,8,7,2,2028
27.0,8,7,3,2034
27.0,8,7,4,2041
27.0,8,7,5,2047
27.0,8,7,6,2054
27.0,8,7,7,2060
27.0,8,7,8,2066
27.0,8,7,9,2073
27.0,8,7,10,2079
27.0,8,7,11,2085
27.0,8,7,12,2092
27.0,8,7,13,2098
27.0,8,7,14,2104
27.0,8,7,15,2110
27.0,8,8,0,2021
27.0,8,8,1,2028
27.0,8,8,2,2034
27.0,8,8,3,2041
27.0,8,8,4,2047
27.0,8,8,5,2054
27.0,8,8,6,2060
27.0,8,8,7,2067
27.0,8,8,8,2073
27.0,8,8,9,2079
27.0,8,8,10,2086
27.0,8,8,11,2092
27.0,8,8,12,2098
27.0,8,8,13,2105
27.0,8,8,14,2111
27.0,8,8,15,2117
27.0,8,9,0,2028
27.0,8,9,1,2034
27.0,8,9,2,2041
27.0,8,9,3,2047
27.0,8,9,4,2054
27.0,8,9,5,2060
27.0,8,9,6,2067
27.0,8,9,7,2073
27.0,8,9,8,2080
27.0,8,9,9,2086
27.0,8,9,10,2092
27.0,8,9,11,2099
27.0,8,9,12,2105
27.0,8,9,13,2111
27.0,8,9,14,2117
27.0,8,9,15,2124
27.0,8,10,0,2034
27.0,8,10,1,2041
27.0,8,10,2,2047
27.0,8,10,3,2054
27.0,8,10,4,2060
27.0,8,10,5,2067
27.0,8,10,6,2073
27.0,8,10,7,2080
27.0,8,10,8,2086
27.0,8,10,9,2093
27.0,8,10,10,2099
27.0,8,10,11,2105
27.0,8,10,12,2112
27.0,8,10,13,2118
27.0,8,10,14,2124
27.0,8,10,15,2130
27.0,8,11,0,2041
27.0,8,11,1,2047
27.0,8,11,2,2054
27.0,8,11,3,2060
27.0,8,11,4,2067
27.0,8,11,5,2073
27.0,8,11,6,2080
27.0,8,11,7,2086
27.0,8,11,8,2093
27.0,8,11,9,2099
27.0,8,11,10,2105
27.0,8,11,11,2112
27.0,8,11,12,2118
27.0,8,11,13,2125
27.0,8,11,14,2131
27.0,8,11,15,2137
27.0,8,12,0,2047
27.0,8,12,1,2054
27.0,8,12,2,2060
27.0,8,12,3,2067
27.0,8,12,4,2073
27.0,8,12,5,2080
27.0,8,12,6,2086
27.0,8,12,7,2093
27.0,8,12,8,2099
27.0,8,12,9,2106
27.0,8,12,10,2112
27.0,8,12,11,2118
27.0,8,12,12,2125
27.0,8,12,13,2131
27.0,8,12,14,2137
27.0,8,12,15,2144
27.0,8,13,0,2053
27.0,8,13,1,2060
27.0,8,13,2,2067
27.0,8,13,3,2073
27.0,8,13,4,2080
27.0,8,13,5,2086
27.0,8,13,6,2093
27.0,8,13,7,2099
27.0,8,13,8,2106
27.0,8,13,9,2112
27.0,8,13,10,2119
27.0,8,13,11,2125
27.0,8,13,12,2131
27.0,8,13,13,2138
27.0,8,13,14,2144
27.0,8,13,15,2150
27.0,8,14,0,2060
27.0,8,14,1,2066
27.0,8,14,2,2073
27.0,8,14,3,2080
27.0,8,14,4,2086
27.0,8,14,5,2093
27.0,8,14,6,2099
27.0,8,14,7,2106
27.0,8,14,8,2112
27.0,8,14,9,2119
27.0,8,14,10,2125
27.0,8,14,11,2132
27.0,8,14,12,2138
27.0,8,14,13,2144
27.0,8,14,14,2151
27.0,8,14,15,2157
27.0,8,15,0,2066
27.0,8,15,1,2073
27.0,8,15,2,2079
27.0,8,15,3,2086
27.0,8,15,4,2093
27.0,8,15,5,2099
27.0,8,15,6,2106
27.0,8,15,7,2112
27.0,8,15,8,2119
27.0,8,15,9,2125
27.0,8,15,10,2132
27.0,8,15,11,2138
27.0,8,15,12,2145
27.0,8,15,13,2151
27.0,8,15,14,2157
27.0,8,15,15,2164
27.0,9,0,0,1977
27.0,9,0,1,1983
27.0,9,0,2,1989
27.0,9,0,3,1996
27.0,9,0,4,2002
27.0,9,0,5,2008
27.0,9,0,6,2014
27.0,9,0,7,2021
27.0,9,0,8,2027
27.0,9,0,9,2033
27.0,9,0,10,2039
27.0,9,0,11,2046
27.0,9,0,12,2052
27.0,9,0,13,2058
27.0,9,0,14,2064
27.0,9,0,15,2070
27.0,9,1,0,1983
27.0,9,1,1,1990
27.0,9,1,2,1996
27.0,9,1,3,2002
27.0,9,1,4,2009
27.0,9,1,5,2015
27.0,9,1,6,2021
27.0,9,1,7,2027
27.0,9,1,8,2034
27.0,9,1,9,2040
27.0,9,1,10,2046
27.0,9,1,11,2052
27.0,9,1,12,2059
27.0,9,1,13,2065
27.0,9,1,14,2071
27.0,9,1,15,2077
27.0,9,2,0,1990
27.0,9,2,1,1996
27.0,9,2,2,2003
27.0,9,2,3,2009
27.0,9,2,4,2015
27.0,9,2,5,2022
27.0,9,2,6,2028
27.0,9,2,7,2034
27.0,9,2,8,2041
27.0,9,2,9,2047
27.0,9,2,10,2053
27.0,9,2,11,2059
27.0,9,2,12,2065
27.0,9,2,13,2072
27.0,9,2,14,2078
27.0,9,2,15,2084
27.0,9,3,0,1996
27.0,9,3,1,2003
27.0,9,3,2,2009
27.0,9,3,3,2016
27.0,9,3,4,2022
27.0,9,3,5,2028
27.0,9,3,6,2035
27.0,9,3,7,2041
27.0,9,3,8,2047
27.0,9,3,9,2054
27.0,9,3,10,2060
27.0,9,3,11,2066
27.0,9,3,12,2072
27.0,9,3,13,2078
27.0,9,3,14,2085
27.0,9,3,15,2091
27.0,9,4,0,2003
27.0,9,4,1,2009
27.0,9,4,2,2016
27.0,9,4,3,2022
27.0,9,4,4,2029
27.0,9,4,5,2035
27.0,9,4,6,2041
27.0,9,4,7,2048
27.0,9,4,8,2054
27.0,9,4,9,2060
27.0,9,4,10,2067
27.0,9,4,11,2073
27.0,9,4,12,2079
27.0,9,4,13,2085
27.0,9,4,14,2091
27.0,9,4,15,2098
27.0,9,5,0,2009
27.0,9,5,1,2016
27.0,9,5,2,2022
27.0,9,5,3,2029
27.0,9,5,4,2035
27.0,9,5,5,2042
27.0,9,5,6,2048
27.0,9,5,7,2054
27.0,9,5,8,2061
27.0,9,5,9,2067
27.0,9,5,10,2073
27.0,9,5,11,2080
27.0,9,5,12,2086
27.0,9,5,13,2092
27.0,9,5,14,2098
27.0,9,5,15,2104
27.0,9,6,0,2016
27.0,9,6,1,2022
27.0,9,6,2,2029
27.0,9,6,3,2035
27.0,9,6,4,2042
27.0,9,6,5,2048
27.0,9,6,6,2055
27.0,9,6,7,2061
27.0,9,6,8,2067
27.0,9,6,9,2074
27.0,9,6,10,2080
27.0,9,6,11,2086
27.0,9,6,12,2093
27.0,9,6,13,2099
27.0,9,6,14,2105
27.0,9,6,15,2111
27.0,9,7,0,2022
27.0,9,7,1,2029
27.0,9,7,2,2035
27.0,9,7,3,2042
27.0,9,7,4,2048
27.0,9,7,5,2055
27.0,9,7,6,2061
27.0,9,7,7,2068
27.0,9,7,8,2074
27.0,9,7,9,2080
27.0,9,7,10,2087
27.0,9,7,11,2093
27.0,9,7,12,2099
27.0,9,7,13,2106
27.0,9,7,14,2112
27.0,9,7,15,2118
27.0,9,8,0,2029
27.0,9,8,1,2035
27.0,9,8,2,2042
27.0,9,8,3,2048
27.0,9,8,4,2055
27.0,9,8,5,2061
27.0,9,8,6,2068
27.0,9,8,7,2074
27.0,9,8,8,2081
27.0,9,8,9,2087
27.0,9,8,10,2093
27.0,9,8,11,2100
27.0,9,8,12,2106
27.0,9,8,13,2112
27.0,9,8,14,2119
27.0,9,8,15,2125
27.0,9,9,0,2035
27.0,9,9,1,2042
27.0,9,9,2,2048
27.0,9,9,3,2055
27.0,9,9,4,2062
27.0,9,9,5,2068
27.0,9,9,6,2074
27.0,9,9,7,2081
27.0,9,9,8,2087
27.0,9,9,9,2094
27.0,9,9,10,2100
27.0,9,9,11,2106
27.0,9,9,12,2113
27.0,9,9,13,2119
27.0,9,9,14,2125
27.0,9,9,15,2132
27.0,9,10,0,2042
27.0,9,10,1,2048
27.0,9,10,2,2055
27.0,9,10,3,2062
27.0,9,10,4,2068
27.0,9,10,5,2075
27.0,9,10,6,2081
27.0,9,10,7,2087
27.0,9,10,8,2094
27.0,9,10,9,2100
27.0,9,10,10,2107
27.0,9,10,11,2113
27.0,9,10,12,2119
27.0,9,10,13,2126
27.0,9,10,14,2132
27.0,9,10,15,2138
27.0,9,11,0,2048
27.0,9,11,1,2055
27.0,9,11,2,2061
27.0,9,11,3,2068
27.0,9,11,4,2075
27.0,9,11,5,2081
27.0,9,11,6,2088
27.0,9,11,7,2094
27.0,9,11,8,2100
27.0,9,11,9,2107
27.0,9,11,10,2113
27.0,9,11,11,2120
27.0,9,11,12,2126
27.0,9,11,13,2132
27.0,9,11,14,2139
27.0,9,11,15,2145
27.0,9,12,0,2055
27.0,9,12,1,2061
27.0,9,12,2,2068
27.0,9,12,3,2074
27.0,9,12,4,2081
27.0,9,12,5,2088
27.0,9,12,6,2094
27.0,9,12,7,2101
27.0,9,12,8,2107
27.0,9,12,9,2113
27.0,9,12,10,2120
27.0,9,12,11,2126
27.0,9,12,12,2133
27.0,9,12,13,2139
27.0,9,12,14,2145
27.0,9,12,15,2152
27.0,9,13,0,2061
27.0,9,13,1,2068
27.0,9,13,2,2074
27.0,9,13,3,2081
27.0,9,13,4,2087
27.0,9,13,5,2094
27.0,9,13,6,2101
27.0,9,13,7,2107
27.0,9,13,8,2114
27.0,9,13,9,2120
27.0,9,13,10,2126
27.0,9,13,11,2133
27.0,9,13,12,2139
27.0,9,13,13,2146
27.0,9,13,14,2152
27.0,9,13,15,2158
27.0,9,14,0,2067
27.0,9,14,1,2074
27.0,9,14,2,2081
27.0,9,14,3,2087
27.0,9,14,4,2094
27.0,9,14,5,2100
27.0,9,14,6,2107
27.0,9,14,7,2114
27.0,9,14,8,2120
27.0,9,14,9,2127
27.0,9,14,10,2133
27.0,9,14,11,2139
27.0,9,14,12,2146
27.0,9,14,13,2152
27.0,9,14,14,2159
27.0,9,14,15,2165
27.0,9,15,0,2074
27.0,9,15,1,2080
27.0,9,15,2,2087
27.0,9,15,3,2094
27.0,9,15,4,2100
27.0,9,15,5,2107
27.0,9,15,6,2113
27.0,9,15,7,2120
27.0,9,15,8,2127
27.0,9,15,9,2133
27.0,9,15,10,2140
27.0,9,15,11,2146
27.0,9,15,12,2152
27.0,9,15,13,2159
27.0,9,15,14,2165
27.0,9,15,15,2172
27.0,10,0,0,1984
27.0,10,0,1,1990
27.0,10,0,2,1997
27.0,10,0,3,2003
27.0,10,0,4,2009
27.0,10,0,5,2016
27.0,10,0,6,2022
27.0,10,0,7,2028
27.0,10,0,8,2034
27.0,10,0,9,2041
27.0,10,0,10,2047
27.0,10,0,11,2053
27.0,10,0,12,2059
27.0,10,0,13,2065
27.0,10,0,14,2072
27.0,10,0,15,2078
27.0,10,1,0,1991
27.0,10,1,1,1997
27.0,10,1,2,2003
27.0,10,1,3,2010
27.0,10,1,4,2016
27.0,10,1,5,2022
27.0,10,1,6,2029
27.0,10,1,7,2035
27.0,10,1,8,2041
27.0,10,1,9,2048
27.0,10,1,10,2054
27.0,10,1,11,2060
27.0,10,1,12,2066
27.0,10,1,13,2072
27.0,10,1,14,2079
27.0,10,1,15,2085
27.0,10,2,0,1997
27.0,10,2,1,2004
27.0,10,2,2,2010
27.0,10,2,3,2016
27.0,10,2,4,2023
27.0,10,2,5,2029
27.0,10,2,6,2035
27.0,10,2,7,2042
27.0,10,2,8,2048
27.0,10,2,9,2054
27.0,10,2,10,2061
27.0,10,2,11,2067
27.0,10,2,12,2073
27.0,10,2,13,2079
27.0,10,2,14,2085
27.0,10,2,15,2092
27.0,10,3,0,2004
27.0,10,3,1,2010
27.0,10,3,2,2017
27.0,10,3,3,2023
27.0,10,3,4,2029
27.0,10,3,5,2036
27.0,10,3,6,2042
27.0,10,3,7,2049
27.0,10,3,8,2055
27.0,10,3,9,2061
27.0,10,3,10,2067
27.0,10,3,11,2074
27.0,10,3,12,2080
27.0,10,3,13,2086
27.0,10,3,14,2092
27.0,10,3,15,2099
27.0,10,4,0,2010
27.0,10,4,1,2017
27.0,10,4,2,2023
27.0,10,4,3,2030
27.0,10,4,4,2036
27.0,10,4,5,2043
27.0,10,4,6,2049
27.0,10,4,7,2055
27.0,10,4,8,2062
27.0,10,4,9,2068
27.0,10,4,10,2074
27.0,10,4,11,2080
27.0,10,4,12,2087
27.0,10,4,13,2093
27.0,10,4,14,2099
27.0,10,4,15,2105
27.0,10,5,0,2017
27.0,10,5,1,2023
27.0,10,5,2,2030
27.0,10,5,3,2036
27.0,10,5,4,2043
27.0,10,5,5,2049
27.0,10,5,6,2056
27.0,10,5,7,2062
27.0,10,5,8,2068
27.0,10,5,9,2075
27.0,10,5,10,2081
27.0,10,5,11,2087
27.0,10,5,12,2094
27.0,10,5,13,2100
27.0,10,5,14,2106
27.0,10,5,15,2112
27.0,10,6,0,2023
27.0,10,6,1,2030
27.0,10,6,2,2036
27.0,10,6,3,2043
27.0,10,6,4,2049
27.0,10,6,5,2056
27.0,10,6,6,2062
27.0,10,6,7,2069
27.0,10,6,8,2075
27.0,10,6,9,2081
27.0,10,6,10,2088
27.0,10,6,11,2094
27.0,10,6,12,2100
27.0,10,6,13,2107
27.0,10,6,14,2113
27.0,10,6,15,2119
27.0,10,7,0,2030
27.0,10,7,1,2037
27.0,10,7,2,2043
27.0,10,7,3,2050
27.0,10,7,4,2056
27.0,10,7,5,2062
27.0,10,7,6,2069
27.0,10,7,7,2075
27.0,10,7,8,2082
27.0,10,7,9,2088
27.0,10,7,10,2094
27.0,10,7,11,2101
27.0,10,7,12,2107
27.0,10,7,13,2113
27.0,10,7,14,2120
27.0,10,7,15,2126
27.0,10,8,0,2036
27.0,10,8,1,2043
27.0,10,8,2,2050
27.0,10,8,3,2056
27.0,10,8,4,2063
27.0,10,8,5,2069
27.0,10,8,6,2076
27.0,10,8,7,2082
27.0,10,8,8,2088
27.0,10,8,9,2095
27.0,10,8,10,2101
27.0,10,8,11,2108
27.0,10,8,12,2114
27.0,10,8,13,2120
27.0,10,8,14,2126
27.0,10,8,15,2133
27.0,10,9,0,2043
27.0,10,9,1,2050
27.0,10,9,2,2056
27.0,10,9,3,2063
27.0,10,9,4,2069
27.0,10,9,5,2076
27.0,10,9,6,2082
27.0,10,9,7,2089
27.0,10,9,8,2095
27.0,10,9,9,2101
27.0,10,9,10,2108
27.0,10,9,11,2114
27.0,10,9,12,2121
27.0,10,9,13,2127
27.0,10,9,14,2133
27.0,10,9,15,2140
27.0,10,10,0,2049
27.0,10,10,1,2056
27.0,10,10,2,2063
27.0,10,10,3,2069
27.0,10,10,4,2076
27.0,10,10,5,2082
27.0,10,10,6,2089
27.0,10,10,7,2095
27.0,10,10,8,2102
27.0,10,10,9,2108
27.0,10,10,10,2114
27.0,10,10,11,2121
27.0,10,10,12,2127
27.0,10,10,13,2134
27.0,10,10,14,2140
27.0,10,10,15,2146
27.0,10,11,0,2056
27.0,10,11,1,2062
27.0,10,11,2,2069
27.0,10,11,3,2076
27.0,10,11,4,2082
27.0,10,11,5,2089
27.0,10,11,6,2095
27.0,10,11,7,2102
27.0,10,11,8,2108
27.0,10,11,9,2115
27.0,10,11,10,2121
27.0,10,11,11,2128
27.0,10,11,12,2134
27.0,10,11,13,2140
27.0,10,11,14,2147
27.0,10,11,15,2153
27.0,10,12,0,2062
27.0,10,12,1,2069
27.0,10,12,2,2076
27.0,10,12,3,2082
27.0,10,12,4,2089
27.0,10,12,5,2095
27.0,10,12,6,2102
27.0,10,12,7,2108
27.0,10,12,8,2115
27.0,10,12,9,2121
27.0,10,12,10,2128
27.0,10,12,11,2134
27.0,10,12,12,2141
27.0,10,12,13,2147
27.0,10,12,14,2153
27.0,10,12,15,2160
27.0,10,13,0,2069
27.0,10,13,1,2075
27.0,10,13,2,2082
27.0,10,13,3,2089
27.0,10,13,4,2095
27.0,10,13,5,2102
27.0,10,13,6,2108
27.0,10,13,7,2115
27.0,10,13,8,2121
27.0,10,13,9,2128
27.0,10,13,10,2134
27.0,10,13,11,2141
27.0,10,13,12,2147
27.0,10,13,13,2154
27.0,10,13,14,2160
27.0,10,13,15,2166
27.0,10,14,0,2075
27.0,10,14,1,2082
27.0,10,14,2,2088
27.0,10,14,3,2095
27.0,10,14,4,2102
27.0,10,14,5,2108
27.0,10,14,6,2115
27.0,10,14,7,2121
27.0,10,14,8,2128
27.0,10,14,9,2134
27.0,10,14,10,2141
27.0,10,14,11,2147
27.0,10,14,12,2154
27.0,10,14,13,2160
27.0,10,14,14,2167
27.0,10,14,15,2173
27.0,10,15,0,2081
27.0,10,15,1,2088
27.0,10,15,2,2095
27.0,10,15,3,2101
27.0,10,15,4,2108
27.0,10,15,5,2115
27.0,10,15,6,2121
27.0,10,15,7,2128
27.0,10,15,8,2134
27.0,10,15,9,2141
27.0,10,15,10,2147
27.0,10,15,11,2154
27.0,10,15,12,2160
27.0,10,15,13,2167
27.0,10,15,14,2173
27.0,10,15,15,2180
27.0,11,0,0,1991
27.0,11,0,1,1998
27.0,11,0,2,2004
27.0,11,0,3,2010
27.0,11,0,4,2017
27.0,11,0,5,2023
27.0,11,0,6,2029
27.0,11,0,7,2036
27.0,11,0,8,2042
27.0,11,0,9,2048
27.0,11,0,10,2054
27.0,11,0,11,2061
27.0,11,0,12,2067
27.0,11,0,13,2073
27.0,11,0,14,2079
27.0,11,0,15,2085
27.0,11,1,0,1998
27.0,11,1,1,2004
27.0,11,1,2,2011
27.0,11,1,3,2017
27.0,11,1,4,2024
27.0,11,1,5,2030
27.0,11,1,6,2036
27.0,11,1,7,2043
27.0,11,1,8,2049
27.0,11,1,9,2055
27.0,11,1,10,2061
27.0,11,1,11,2068
27.0,11,1,12,2074
27.0,11,1,13,2080
27.0,11,1,14,2086
27.0,11,1,15,2092
27.0,11,2,0,2005
27.0,11,2,1,2011
27.0,11,2,2,2017
27.0,11,2,3,2024
27.0,11,2,4,2030
27.0,11,2,5,2037
27.0,11,2,6,2043
27.0,11,2,7,2049
27.0,11,2,8,2056
27.0,11,2,9,2062
27.0,11,2,10,2068
27.0,11,2,11,2074
27.0,11,2,12,2081
27.0,11,2,13,2087
27.0,11,2,14,2093
27.0,11,2,15,2099
27.0,11,3,0,2011
27.0,11,3,1,2018
27.0,11,3,2,2024
27.0,11,3,3,2031
27.0,11,3,4,2037
27.0,11,3,5,2043
27.0,11,3,6,2050
27.0,11,3,7,2056
27.0,11,3,8,2062
27.0,11,3,9,2069
27.0,11,3,10,2075
27.0,11,3,11,2081
27.0,11,3,12,2088
27.0,11,3,13,2094
27.0,11,3,14,2100
27.0,11,3,15,2106
27.0,11,4,0,2018
27.0,11,4,1,2024
27.0,11,4,2,2031
27.0,11,4,3,2037
27.0,11,4,4,2044
27.0,11,4,5,2050
27.0,11,4,6,2056
27.0,11,4,7,2063
27.0,11,4,8,2069
27.0,11,4,9,2076
27.0,11,4,10,2082
27.0,11,4,11,2088
27.0,11,4,12,2094
27.0,11,4,13,2101
27.0,11,4,14,2107
27.0,11,4,15,2113
27.0,11,5,0,2024
27.0,11,5,1,2031
27.0,11,5,2,2037
27.0,11,5,3,2044
27.0,11,5,4,2050
27.0,11,5,5,2057
27.0,11,5,6,2063
27.0,11,5,7,2070
27.0,11,5,8,2076
27.0,11,5,9,2082
27.0,11,5,10,2089
27.0,11,5,11,2095
27.0,11,5,12,2101
27.0,11,5,13,2108
27.0,11,5,14,2114
27.0,11,5,15,2120
27.0,11,6,0,2031
27.0,11,6,1,2037
27.0,11,6,2,2044
27.0,11,6,3,2050
27.0,11,6,4,2057
27.0,11,6,5,2063
27.0,11,6,6,2070
27.0,11,6,7,2076
27.0,11,6,8,2083
27.0,11,6,9,2089
27.0,11,6,10,2095
27.0,11,6,11,2102
27.0,11,6,12,2108
27.0,11,6,13,2114
27.0,11,6,14,2121
27.0,11,6,15,2127
27.0,11,7,0,2037
27.0,11,7,1,2044
27.0,11,7,2,2051
27.0,11,7,3,2057
27.0,11,7,4,2064
27.0,11,7,5,2070
27.0,11,7,6,2077
27.0,11,7,7,2083
27.0,11,7,8,2089
27.0,11,7,9,2096
27.0,11,7,10,2102
27.0,11,7,11,2109
27.0,11,7,12,2115
27.0,11,7,13,2121
27.0,11,7,14,2128
27.0,11,7,15,2134
27.0,11,8,0,2044
27.0,11,8,1,2051
27.0,11,8,2,2057
27.0,11,8,3,2064
27.0,11,8,4,2070
27.0,11,8,5,2077
27.0,11,8,6,2083
27.0,11,8,7,2090
27.0,11,8,8,2096
27.0,11,8,9,2103
27.0,11,8,10,2109
27.0,11,8,11,2115
27.0,11,8,12,2122
27.0,11,8,13,2128
27.0,11,8,14,2134
27.0,11,8,15,2141
27.0,11,9,0,2050
27.0,11,9,1,2057
27.0,11,9,2,2064
27.0,11,9,3,2070
27.0,11,9,4,2077
27.0,11,9,5,2083
27.0,11,9,6,2090
27.0,11,9,7,2096
27.0,11,9,8,2103
27.0,11,9,9,2109
27.0,11,9,10,2116
27.0,11,9,11,2122
27.0,11,9,12,2128
27.0,11,9,13,2135
27.0,11,9,14,2141
27.0,11,9,15,2147
27.0,11,10,0,2057
27.0,11,10,1,2064
27.0,11,10,2,2070
27.0,11,10,3,2077
27.0,11,10,4,2083
27.0,11,10,5,2090
27.0,11,10,6,2096
27.0,11,10,7,2103
27.0,11,10,8,2109
27.0,11,10,9,2116
27.0,11,10,10,2122
27.0,11,10,11,2129
27.0,11,10,12,2135
27.0,11,10,13,2142
27.0,11,10,14,2148
27.0,11,10,15,2154
27.0,11,11,0,2063
27.0,11,11,1,2070
27.0,11,11,2,2077
27.0,11,11,3,2083
27.0,11,11,4,2090
27.0,11,11,5,2096
27.0,11,11,6,2103
27.0,11,11,7,2110
27.0,11,11,8,2116
27.0,11,11,9,2122
27.0,11,11,10,2129
27.0,11,11,11,2135
27.0,11,11,12,2142
27.0,11,11,13,2148
27.0,11,11,14,2155
27.0,11,11,15,2161
27.0,11,12,0,2070
27.0,11,12,1,2077
27.0,11,12,2,2083
27.0,11,12,3,2090
27.0,11,12,4,2096
27.0,11,12,5,2103
27.0,11,12,6,2110
27.0,11,12,7,2116
27.0,11,12,8,2123
27.0,11,12,9,2129
27.0,11,12,10,2136
27.0,11,12,11,2142
27.0,11,12,12,2149
27.0,11,12,13,2155
27.0,11,12,14,2161
27.0,11,12,15,2168
27.0,11,13,0,2076
27.0,11,13,1,2083
27.0,11,13,2,2090
27.0,11,13,3,2096
27.0,11,13,4,2103
27.0,11,13,5,2110
27.0,11,13,6,2116
27.0,11,13,7,2123
27.0,11,13,8,2129
27.0,11,13,9,2136
27.0,11,13,10,2142
27.0,11,13,11,2149
27.0,11,13,12,2155
27.0,11,13,13,2162
27.0,11,13,14,2168
27.0,11,13,15,2174
27.0,11,14,0,2083
27.0,11,14,1,2089
27.0,11,14,2,2096
27.0,11,14,3,2103
27.0,11,14,4,2109
27.0,11,14,5,2116
27.0,11,14,6,2123
27.0,11,14,7,2129
27.0,11,14,8,2136
27.0,11,14,9,2142
27.0,11,14,10,2149
27.0,11,14,11,2155
27.0,11,14,12,2162
27.0,11,14,13,2168
27.0,11,14,14,2175
27.0,11,14,15,2181
27.0,11,15,0,2089
27.0,11,15,1,2096
27.0,11,15,2,2103
27.0,11,15,3,2109
27.0,11,15,4,2116
27.0,11,15,5,2122
27.0,11,15,6,2129
27.0,11,15,7,2136
27.0,11,15,8,2142
27.0,11,15,9,2149
27.0,11,15,10,2155
27.0,11,15,11,2162
27.0,11,15,12,2168
27.0,11,15,13,2175
27.0,11,15,14,2181
27.0,11,15,15,2188
27.0,12,0,0,1999
27.0,12,0,1,2005
27.0,12,0,2,2011
27.0,12,0,3,2018
27.0,12,0,4,2024
27.0,12,0,5,2031
27.0,12,0,6,2037
27.0,12,0,7,2043
27.0,12,0,8,2049
27.0,12,0,9,2056
27.0,12,0,10,2062
27.0,12,0,11,2068
27.0,12,0,12,2074
27.0,12,0,13,2081
27.0,12,0,14,2087
27.0,12,0,15,2093
27.0,12,1,0,2005
27.0,12,1,1,2012
27.0,12,1,2,2018
27.0,12,1,3,2025
27.0,12,1,4,2031
27.0,12,1,5,2037
27.0,12,1,6,2044
27.0,12,1,7,2050
27.0,12,1,8,2056
27.0,12,1,9,2063
27.0,12,1,10,2069
27.0,12,1,11,2075
27.0,12,1,12,2081
27.0,12,1,13,2088
27.0,12,1,14,2094
27.0,12,1,15,2100
27.0,12,2,0,2012
27.0,12,2,1,2018
27.0,12,2,2,2025
27.0,12,2,3,2031
27.0,12,2,4,2038
27.0,12,2,5,2044
27.0,12,2,6,2050
27.0,12,2,7,2057
27.0,12,2,8,2063
27.0,12,2,9,2070
27.0,12,2,10,2076
27.0,12,2,11,2082
27.0,12,2,12,2088
27.0,12,2,13,2095
27.0,12,2,14,2101
27.0,12,2,15,2107
27.0,12,3,0,2019
27.0,12,3,1,2025
27.0,12,3,2,2032
27.0,12,3,3,2038
27.0,12,3,4,2044
27.0,12,3,5,2051
27.0,12,3,6,2057
27.0,12,3,7,2064
27.0,12,3,8,2070
27.0,12,3,9,2076
27.0,12,3,10,2083
27.0,12,3,11,2089
27.0,12,3,12,2095
27.0,12,3,13,2102
27.0,12,3,14,2108
27.0,12,3,15,2114
27.0,12,4,0,2025
27.0,12,4,1,2032
27.0,12,4,2,2038
27.0,12,4,3,2045
27.0,12,4,4,2051
27.0,12,4,5,2058
27.0,12,4,6,2064
27.0,12,4,7,2070
27.0,12,4,8,2077
27.0,12,4,9,2083
27.0,12,4,10,2090
27.0,12,4,11,2096
27.0,12,4,12,2102
27.0,12,4,13,2108
27.0,12,4,14,2115
27.0,12,4,15,2121
27.0,12,5,0,2032
27.0,12,5,1,2038
27.0,12,5,2,2045
27.0,12,5,3,2051
27.0,12,5,4,2058
27.0,12,5,5,2064
27.0,12,5,6,2071
27.0,12,5,7,2077
27.0,12,5,8,2084
27.0,12,5,9,2090
27.0,12,5,10,2096
27.0,12,5,11,2103
27.0,12,5,12,2109
27.0,12,5,13,2115
27.0,12,5,14,2122
27.0,12,5,15,2128
27.0,12,6,0,2038
27.0,12,6,1,2045
27.0,12,6,2,2051
27.0,12,6,3,2058
27.0,12,6,4,2065
27.0,12,6,5,2071
27.0,12,6,6,2077
27.0,12,6,7,2084
27.0,12,6,8,2090
27.0,12,6,9,2097
27.0,12,6,10,2103
27.0,12,6,11,2109
27.0,12,6,12,2116
27.0,12,6,13,2122
27.0,12,6,14,2128
27.0,12,6,15,2135
27.0,12,7,0,2045
27.0,12,7,1,2052
27.0,12,7,2,2058
27.0,12,7,3,2065
27.0,12,7,4,2071
27.0,12,7,5,2078
27.0,12,7,6,2084
27.0,12,7,7,2091
27.0,12,7,8,2097
27.0,12,7,9,2103
27.0,12,7,10,2110
27.0,12,7,11,2116
27.0,12,7,12,2123
27.0,12,7,13,2129
27.0,12,7,14,2135
27.0,12,7,15,2142
27.0,12,8,0,2051
27.0,12,8,1,2058
27.0,12,8,2,2065
27.0,12,8,3,2071
27.0,12,8,4,2078
27.0,12,8,5,2084
27.0,12,8,6,2091
27.0,12,8,7,2097
27.0,12,8,8,2104
27.0,12,8,9,2110
27.0,12,8,10,2117
27.0,12,8,11,2123
27.0,12,8,12,2129
27.0,12,8,13,2136
27.0,12,8,14,2142
27.0,12,8,15,2148
27.0,12,9,0,2058
27.0,12,9,1,2065
27.0,12,9,2,2071
27.0,12,9,3,2078
27.0,12,9,4,2084
27.0,12,9,5,2091
27.0,12,9,6,2097
27.0,12,9,7,2104
27.0,12,9,8,2110
27.0,12,9,9,2117
27.0,12,9,10,2123
27.0,12,9,11,2130
27.0,12,9,12,2136
27.0,12,9,13,2143
27.0,12,9,14,2149
27.0,12,9,15,2155
27.0,12,10,0,2065
27.0,12,10,1,2071
27.0,12,10,2,2078
27.0,12,10,3,2084
27.0,12,10,4,2091
27.0,12,10,5,2098
27.0,12,10,6,2104
27.0,12,10,7,2111
27.0,12,10,8,2117
27.0,12,10,9,2124
27.0,12,10,10,2130
27.0,12,10,11,2137
27.0,12,10,12,2143
27.0,12,10,13,2149
27.0,12,10,14,2156
27.0,12,10,15,2162
27.0,12,11,0,2071
27.0,12,11,1,2078
27.0,12,11,2,2084
27.0,12,11,3,2091
27.0,12,11,4,2098
27.0,12,11,5,2104
27.0,12,11,6,2111
27.0,12,11,7,2117
27.0,12,11,8,2124
27.0,12,11,9,2130
27.0,12,11,10,2137
27.0,12,11,11,2143
27.0,12,11,12,2150
27.0,12,11,13,2156
27.0,12,11,14,2163
27.0,12,11,15,2169
27.0,12,12,0,2077
27.0,12,12,1,2084
27.0,12,12,2,2091
27.0,12,12,3,2097
27.0,12,12,4,2104
27.0,12,12,5,2111
27.0,12,12,6,2117
27.0,12,12,7,2124
27.0,12,12,8,2130
27.0,12,12,9,2137
27.0,12,12,10,2143
27.0,12,12,11,2150
27.0,12,12,12,2156
27.0,12,12,13,2163
27.0,12,12,14,2169
27.0,12,12,15,2176
27.0,12,13,0,2084
27.0,12,13,1,2091
27.0,12,13,2,2097
27.0,12,13,3,2104
27.0,12,13,4,2111
27.0,12,13,5,2117
27.0,12,13,6,2124
27.0,12,13,7,2130
27.0,12,13,8,2137
27.0,12,13,9,2144
27.0,12,13,10,2150
27.0,12,13,11,2157
27.0,12,13,12,2163
27.0,12,13,13,2170
27.0,12,13,14,2176
27.0,12,13,15,2182
27.0,12,14,0,2090
27.0,12,14,1,2097
27.0,12,14,2,2104
27.0,12,14,3,2110
27.0,12,14,4,2117
27.0,12,14,5,2124
27.0,12,14,6,2130
27.0,12,14,7,2137
27.0,12,14,8,2144
27.0,12,14,9,2150
27.0,12,14,10,2157
27.0,12,14,11,2163
27.0,12,14,12,2170
27.0,12,14,13,2176
27.0,12,14,14,2183
27.0,12,14,15,2189
27.0,12,15,0,2097
27.0,12,15,1,2103
27.0,12,15,2,2110
27.0,12,15,3,2117
27.0,12,15,4,2124
27.0,12,15,5,2130
27.0,12,15,6,2137
27.0,12,15,7,2144
27.0,12,15,8,2150
27.0,12,15,9,2157
27.0,12,15,10,2163
27.0,12,15,11,2170
27.0,12,15,12,2176
27.0,12,15,13,2183
27.0,12,15,14,2189
27.0,12,15,15,2196
27.0,13,0,0,2006
27.0,13,0,1,2012
27.0,13,0,2,2019
27.0,13,0,3,2025
27.0,13,0,4,2032
27.0,13,0,5,2038
27.0,13,0,6,2044
27.0,13,0,7,2051
27.0,13,0,8,2057
27.0,13,0,9,2063
27.0,13,0,10,2070
27.0,13,0,11,2076
27.0,13,0,12,2082
27.0,13,0,13,2088
27.0,13,0,14,2095
27.0,13,0,15,2101
27.0,13,1,0,2013
27.0,13,1,1,2019
27.0,13,1,2,2026
27.0,13,1,3,2032
27.0,13,1,4,2038
27.0,13,1,5,2045
27.0,13,1,6,2051
27.0,13,1,7,2058
27.0,13,1,8,2064
27.0,13,1,9,2070
27.0,13,1,10,2077
27.0,13,1,11,2083
27.0,13,1,12,2089
27.0,13,1,13,2095
27.0,13,1,14,2102
27.0,13,1,15,2108
27.0,13,2,0,2019
27.0,13,2,1,2026
27.0,13,2,2,2032
27.0,13,2,3,2039
27.0,13,2,4,2045
27.0,13,2,5,2052
27.0,13,2,6,2058
27.0,13,2,7,2064
27.0,13,2,8,2071
27.0,13,2,9,2077
27.0,13,2,10,2083
27.0,13,2,11,2090
27.0,13,2,12,2096
27.0,13,2,13,2102
27.0,13,2,14,2109
27.0,13,2,15,2115
27.0,13,3,0,2026
27.0,13,3,1,2032
27.0,13,3,2,2039
27.0,13,3,3,2045
27.0,13,3,4,2052
27.0,13,3,5,2058
27.0,13,3,6,2065
27.0,13,3,7,2071
27.0,13,3,8,2078
27.0,13,3,9,2084
27.0,13,3,10,2090
27.0,13,3,11,2097
27.0,13,3,12,2103
27.0,13,3,13,2109
27.0,13,3,14,2115
27.0,13,3,15,2122
27.0,13,4,0,2033
27.0,13,4,1,2039
27.0,13,4,2,2046
27.0,13,4,3,2052
27.0,13,4,4,2059
27.0,13,4,5,2065
27.0,13,4,6,2072
27.0,13,4,7,2078
27.0,13,4,8,2084
27.0,13,4,9,2091
27.0,13,4,10,2097
27.0,13,4,11,2104
27.0,13,4,12,2110
27.0,13,4,13,2116
27.0,13,4,14,2122
27.0,13,4,15,2129
27.0,13,5,0,2039
27.0,13,5,1,2046
27.0,13,5,2,2052
27.0,13,5,3,2059
27.0,13,5,4,2065
27.0,13,5,5,2072
27.0,13,5,6,2078
27.0,13,5,7,2085
27.0,13,5,8,2091
27.0,13,5,9,2098
27.0,13,5,10,2104
27.0,13,5,11,2110
27.0,13,5,12,2117
27.0,13,5,13,2123
27.0,13,5,14,2129
27.0,13,5,15,2136
27.0,13,6,0,2046
27.0,13,6,1,2052
27.0,13,6,2,2059
27.0,13,6,3,2066
27.0,13,6,4,2072
27.0,13,6,5,2079
27.0,13,6,6,2085
27.0,13,6,7,2092
27.0,13,6,8,2098
27.0,13,6,9,2104
27.0,13,6,10,2111
27.0,13,6,11,2117
27.0,13,6,12,2124
27.0,13,6,13,2130
27.0,13,6,14,2136
27.0,13,6,15,2143
27.0,13,7,0,2052
27.0,13,7,1,2059
27.0,13,7,2,2066
27.0,13,7,3,2072
27.0,13,7,4,2079
27.0,13,7,5,2085
27.0,13,7,6,2092
27.0,13,7,7,2098
27.0,13,7,8,2105
27.0,13,7,9,2111
27.0,13,7,10,2118
27.0,13,7,11,2124
27.0,13,7,12,2130
27.0,13,7,13,2137
27.0,13,7,14,2143
27.0,13,7,15,2149
27.0,13,8,0,2059
27.0,13,8,1,2066
27.0,13,8,2,2072
27.0,13,8,3,2079
27.0,13,8,4,2085
27.0,13,8,5,2092
27.0,13,8,6,2098
27.0,13,8,7,2105
27.0,13,8,8,2111
27.0,13,8,9,2118
27.0,13,8,10,2124
27.0,13,8,11,2131
27.0,13,8,12,2137
27.0,13,8,13,2144
27.0,13,8,14,2150
27.0,13,8,15,2156
27.0,13,9,0,2066
27.0,13,9,1,2072
27.0,13,9,2,2079
27.0,13,9,3,2085
27.0,13,9,4,2092
27.0,13,9,5,2099
27.0,13,9,6,2105
27.0,13,9,7,2112
27.0,13,9,8,2118
27.0,13,9,9,2125
27.0,13,9,10,2131
27.0,13,9,11,2138
27.0,13,9,12,2144
27.0,13,9,13,2150
27.0,13,9,14,2157
27.0,13,9,15,2163
27.0,13,10,0,2072
27.0,13,10,1,2079
27.0,13,10,2,2085
27.0,13,10,3,2092
27.0,13,10,4,2099
27.0,13,10,5,2105
27.0,13,10,6,2112
27.0,13,10,7,2118
27.0,13,10,8,2125
27.0,13,10,9,2131
27.0,13,10,10,2138
27.0,13,10,11,2144
27.0,13,10,12,2151
27.0,13,10,13,2157
27.0,13,10,14,2164
27.0,13,10,15,2170
27.0,13,11,0,2079
27.0,13,11,1,2085
27.0,13,11,2,2092
27.0,13,11,3,2099
27.0,13,11,4,2105
27.0,13,11,5,2112
27.0,13,11,6,2118
27.0,13,11,7,2125
27.0,13,11,8,2132
27.0,13,11,9,2138
27.0,13,11,10,2145
27.0,13,11,11,2151
27.0,13,11,12,2158
27.0,13,11,13,2164
27.0,13,11,14,2170
27.0,13,11,15,2177
27.0,13,12,0,2085
27.0,13,12,1,2092
27.0,13,12,2,2098
27.0,13,12,3,2105
27.0,13,12,4,2112
27.0,13,12,5,2118
27.0,13,12,6,2125
27.0,13,12,7,2132
27.0,13,12,8,2138
27.0,13,12,9,2145
27.0,13,12,10,2151
27.0,13,12,11,2158
27.0,13,12,12,2164
27.0,13,12,13,2171
27.0,13,12,14,2177
27.0,13,12,15,2184
27.0,13,13,0,2092
27.0,13,13,1,2098
27.0,13,13,2,2105
27.0,13,13,3,2112
27.0,13,13,4,2118
27.0,13,13,5,2125
27.0,13,13,6,2132
27.0,13,13,7,2138
27.0,13,13,8,2145
27.0,13,13,9,2151
27.0,13,13,10,2158
27.0,13,13,11,2165
27.0,13,13,12,2171
27.0,13,13,13,2178
27.0,13,13,14,2184
27.0,13,13,15,2190
27.0,13,14,0,2098
27.0,13,14,1,2105
27.0,13,14,2,2111
27.0,13,14,3,2118
27.0,13,14,4,2125
27.0,13,14,5,2132
27.0,13,14,6,2138
27.0,13,14,7,2145
27.0,13,14,8,2151
27.0,13,14,9,2158
27.0,13,14,10,2165
27.0,13,14,11,2171
27.0,13,14,12,2178
27.0,13,14,13,2184
27.0,13,14,14,2191
27.0,13,14,15,2197
27.0,13,15,0,2104
27.0,13,15,1,2111
27.0,13,15,2,2118
27.0,13,15,3,2125
27.0,13,15,4,2131
27.0,13,15,5,2138
27.0,13,15,6,2145
27.0,13,15,7,2151
27.0,13,15,8,2158
27.0,13,15,9,2165
27.0,13,15,10,2171
27.0,13,15,11,2178
27.0,13,15,12,2184
27.0,13,15,13,2191
27.0,13,15,14,2197
27.0,13,15,15,2204
27.0,14,0,0,2013
27.0,14,0,1,2020
27.0,14,0,2,2026
27.0,14,0,3,2033
27.0,14,0,4,2039
27.0,14,0,5,2045
27.0,14,0,6,2052
27.0,14,0,7,2058
27.0,14,0,8,2064
27.0,14,0,9,2071
27.0,14,0,10,2077
27.0,14,0,11,2083
27.0,14,0,12,2090
27.0,14,0,13,2096
27.0,14,0,14,2102
27.0,14,0,15,2108
27.0,14,1,0,2020
27.0,14,1,1,2026
27.0,14,1,2,2033
27.0,14,1,3,2039
27.0,14,1,4,2046
27.0,14,1,5,2052
27.0,14,1,6,2059
27.0,14,1,7,2065
27.0,14,1,8,2071
27.0,14,1,9,2078
27.0,14,1,10,2084
27.0,14,1,11,2090
27.0,14,1,12,2097
27.0,14,1,13,2103
27.0,14,1,14,2109
27.0,14,1,15,2115
27.0,14,2,0,2027
27.0,14,2,1,2033
27.0,14,2,2,2040
27.0,14,2,3,2046
27.0,14,2,4,2053
27.0,14,2,5,2059
27.0,14,2,6,2066
27.0,14,2,7,2072
27.0,14,2,8,2078
27.0,14,2,9,2085
27.0,14,2,10,2091
27.0,14,2,11,2097
27.0,14,2,12,2104
27.0,14,2,13,2110
27.0,14,2,14,2116
27.0,14,2,15,2122
27.0,14,3,0,2033
27.0,14,3,1,2040
27.0,14,3,2,2046
27.0,14,3,3,2053
27.0,14,3,4,2059
27.0,14,3,5,2066
27.0,14,3,6,2072
27.0,14,3,7,2079
27.0,14,3,8,2085
27.0,14,3,9,2092
27.0,14,3,10,2098
27.0,14,3,11,2104
27.0,14,3,12,2111
27.0,14,3,13,2117
27.0,14,3,14,2123
27.0,14,3,15,2129
27.0,14,4,0,2040
27.0,14,4,1,2047
27.0,14,4,2,2053
27.0,14,4,3,2060
27.0,14,4,4,2066
27.0,14,4,5,2073
27.0,14,4,6,2079
27.0,14,4,7,2086
27.0,14,4,8,2092
27.0,14,4,9,2098
27.0,14,4,10,2105
27.0,14,4,11,2111
27.0,14,4,12,2118
27.0,14,4,13,2124
27.0,14,4,14,2130
27.0,14,4,15,2136
27.0,14,5,0,2047
27.0,14,5,1,2053
27.0,14,5,2,2060
27.0,14,5,3,2066
27.0,14,5,4,2073
27.0,14,5,5,2079
27.0,14,5,6,2086
27.0,14,5,7,2092
27.0,14,5,8,2099
27.0,14,5,9,2105
27.0,14,5,10,2112
27.0,14,5,11,2118
27.0,14,5,12,2124
27.0,14,5,13,2131
27.0,14,5,14,2137
27.0,14,5,15,2143
27.0,14,6,0,2053
27.0,14,6,1,2060
27.0,14,6,2,2067
27.0,14,6,3,2073
27.0,14,6,4,2080
27.0,14,6,5,2086
27.0,14,6,6,2093
27.0,14,6,7,2099
27.0,14,6,8,2106
27.0,14,6,9,2112
27.0,14,6,10,2119
27.0,14,6,11,2125
27.0,14,6,12,2131
27.0,14,6,13,2138
27.0,14,6,14,2144
27.0,14,6,15,2150
27.0,14,7,0,2060
27.0,14,7,1,2067
27.0,14,7,2,2073
27.0,14,7,3,2080
27.0,14,7,4,2086
27.0,14,7,5,2093
27.0,14,7,6,2099
27.0,14,7,7,2106
27.0,14,7,8,2112
27.0,14,7,9,2119
27.0,14,7,10,2125
27.0,14,7,11,2132
27.0,14,7,12,2138
27.0,14,7,13,2145
27.0,14,7,14,2151
27.0,14,7,15,2157
27.0,14,8,0,2067
27.0,14,8,1,2073
27.0,14,8,2,2080
27.0,14,8,3,2086
27.0,14,8,4,2093
27.0,14,8,5,2100
27.0,14,8,6,2106
27.0,14,8,7,2113
27.0,14,8,8,2119
27.0,14,8,9,2126
27.0,14,8,10,2132
27.0,14,8,11,2139
27.0,14,8,12,2145
27.0,14,8,13,2151
27.0,14,8,14,2158
27.0,14,8,15,2164
27.0,14,9,0,2073
27.0,14,9,1,2080
27.0,14,9,2,2086
27.0,14,9,3,2093
27.0,14,9,4,2100
27.0,14,9,5,2106
27.0,14,9,6,2113
27.0,14,9,7,2119
27.0,14,9,8,2126
27.0,14,9,9,2132
27.0,14,9,10,2139
27.0,14,9,11,2145
27.0,14,9,12,2152
27.0,14,9,13,2158
27.0,14,9,14,2165
27.0,14,9,15,2171
27.0,14,10,0,2080
27.0,14,10,1,2086
27.0,14,10,2,2093
27.0,14,10,3,2100
27.0,14,10,4,2106
27.0,14,10,5,2113
27.0,14,10,6,2120
27.0,14,10,7,2126
27.0,14,10,8,2133
27.0,14,10,9,2139
27.0,14,10,10,2146
27.0,14,10,11,2152
27.0,14,10,12,2159
27.0,14,10,13,2165
27.0,14,10,14,2172
27.0,14,10,15,2178
27.0,14,11,0,2086
27.0,14,11,1,2093
27.0,14,11,2,2100
27.0,14,11,3,2106
27.0,14,11,4,2113
27.0,14,11,5,2120
27.0,14,11,6,2126
27.0,14,11,7,2133
27.0,14,11,8,2139
27.0,14,11,9,2146
27.0,14,11,10,2152
27.0,14,11,11,2159
27.0,14,11,12,2165
27.0,14,11,13,2172
27.0,14,11,14,2178
27.0,14,11,15,2185
27.0,14,12,0,2093
27.0,14,12,1,2099
27.0,14,12,2,2106
27.0,14,12,3,2113
27.0,14,12,4,2120
27.0,14,12,5,2126
27.0,14,12,6,2133
27.0,14,12,7,2139
27.0,14,12,8,2146
27.0,14,12,9,2153
27.0,14,12,10,2159
27.0,14,12,11,2166
27.0,14,12,12,2172
27.0,14,12,13,2179
27.0,14,12,14,2185
27.0,14,12,15,2192
27.0,14,13,0,2099
27.0,14,13,1,2106
27.0,14,13,2,2113
27.0,14,13,3,2119
27.0,14,13,4,2126
27.0,14,13,5,2133
27.0,14,13,6,2139
27.0,14,13,7,2146
27.0,14,13,8,2153
27.0,14,13,9,2159
27.0,14,13,10,2166
27.0,14,13,11,2172
27.0,14,13,12,2179
27.0,14,13,13,2185
27.0,14,13,14,2192
27.0,14,13,15,2198
27.0,14,14,0,2106
27.0,14,14,1,2112
27.0,14,14,2,2119
27.0,14,14,3,2126
27.0,14,14,4,2133
27.0,14,14,5,2139
27.0,14,14,6,2146
27.0,14,14,7,2153
27.0,14,14,8,2159
27.0,14,14,9,2166
27.0,14,14,10,2173
27.0,14,14,11,2179
27.0,14,14,12,2186
27.0,14,14,13,2192
27.0,14,14,14,2199
27.0,14,14,15,2205
27.0,14,15,0,2112
27.0,14,15,1,2119
27.0,14,15,2,2126
27.0,14,15,3,2132
27.0,14,15,4,2139
27.0,14,15,5,2146
27.0,14,15,6,2153
27.0,14,15,7,2159
27.0,14,15,8,2166
27.0,14,15,9,2173
27.0,14,15,10,2179
27.0,14,15,11,2186
27.0,14,15,12,2192
27.0,14,15,13,2199
27.0,14,15,14,2205
27.0,14,15,15,2212
27.0,15,0,0,2021
27.0,15,0,1,2027
27.0,15,0,2,2033
27.0,15,0,3,2040
27.0,15,0,4,2046
27.0,15,0,5,2053
27.0,15,0,6,2059
27.0,15,0,7,2066
27.0,15,0,8,2072
27.0,15,0,9,2078
27.0,15,0,10,2085
27.0,15,0,11,2091
27.0,15,0,12,2097
27.0,15,0,13,2104
27.0,15,0,14,2110
27.0,15,0,15,2116
27.0,15,1,0,2027
27.0,15,1,1,2034
27.0,15,1,2,2040
27.0,15,1,3,2047
27.0,15,1,4,2053
27.0,15,1,5,2060
27.0,15,1,6,2066
27.0,15,1,7,2073
27.0,15,1,8,2079
27.0,15,1,9,2085
27.0,15,1,10,2092
27.0,15,1,11,2098
27.0,15,1,12,2104
27.0,15,1,13,2111
27.0,15,1,14,2117
27.0,15,1,15,2123
27.0,15,2,0,2034
27.0,15,2,1,2041
27.0,15,2,2,2047
27.0,15,2,3,2054
27.0,15,2,4,2060
27.0,15,2,5,2067
27.0,15,2,6,2073
27.0,15,2,7,2079
27.0,15,2,8,2086
27.0,15,2,9,2092
27.0,15,2,10,2099
27.0,15,2,11,2105
27.0,15,2,12,2111
27.0,15,2,13,2118
27.0,15,2,14,2124
27.0,15,2,15,2130
27.0,15,3,0,2041
27.0,15,3,1,2047
27.0,15,3,2,2054
27.0,15,3,3,2060
27.0,15,3,4,2067
27.0,15,3,5,2073
27.0,15,3,6,2080
27.0,15,3,7,2086
27.0,15,3,8,2093
27.0,15,3,9,2099
27.0,15,3,10,2106
27.0,15,3,11,2112
27.0,15,3,12,2118
27.0,15,3,13,2125
27.0,15,3,14,2131
27.0,15,3,15,2137
27.0,15,4,0,2047
27.0,15,4,1,2054
27.0,15,4,2,2061
27.0,15,4,3,2067
27.0,15,4,4,2074
27.0,15,4,5,2080
27.0,15,4,6,2087
27.0,15,4,7,2093
27.0,15,4,8,2100
27.0,15,4,9,2106
27.0,15,4,10,2112
27.0,15,4,11,2119
27.0,15,4,12,2125
27.0,15,4,13,2132
27.0,15,4,14,2138
27.0,15,4,15,2144
27.0,15,5,0,2054
27.0,15,5,1,2061
27.0,15,5,2,2067
27.0,15,5,3,2074
27.0,15,5,4,2080
27.0,15,5,5,2087
27.0,15,5,6,2094
27.0,15,5,7,2100
27.0,15,5,8,2106
27.0,15,5,9,2113
27.0,15,5,10,2119
27.0,15,5,11,2126
27.0,15,5,12,2132
27.0,15,5,13,2139
27.0,15,5,14,2145
27.0,15,5,15,2151
27.0,15,6,0,2061
27.0,15,6,1,2067
27.0,15,6,2,2074
27.0,15,6,3,2081
27.0,15,6,4,2087
27.0,15,6,5,2094
27.0,15,6,6,2100
27.0,15,6,7,2107
27.0,15,6,8,2113
27.0,15,6,9,2120
27.0,15,6,10,2126
27.0,15,6,11,2133
27.0,15,6,12,2139
27.0,15,6,13,2145
27.0,15,6,14,2152
27.0,15,6,15,2158
27.0,15,7,0,2067
27.0,15,7,1,2074
27.0,15,7,2,2081
27.0,15,7,3,2087
27.0,15,7,4,2094
27.0,15,7,5,2101
27.0,15,7,6,2107
27.0,15,7,7,2114
27.0,15,7,8,2120
27.0,15,7,9,2127
27.0,15,7,10,2133
27.0,15,7,11,2140
27.0,15,7,12,2146
27.0,15,7,13,2152
27.0,15,7,14,2159
27.0,15,7,15,2165
27.0,15,8,0,2074
27.0,15,8,1,2081
27.0,15,8,2,2087
27.0,15,8,3,2094
27.0,15,8,4,2101
27.0,15,8,5,2107
27.0,15,8,6,2114
27.0,15,8,7,2120
27.0,15,8,8,2127
27.0,15,8,9,2133
27.0,15,8,10,2140
27.0,15,8,11,2146
27.0,15,8,12,2153
27.0,15,8,13,2159
27.0,15,8,14,2166
27.0,15,8,15,2172
27.0,15,9,0,2081
27.0,15,9,1,2087
27.0,15,9,2,2094
27.0,15,9,3,2101
27.0,15,9,4,2107
27.0,15,9,5,2114
27.0,15,9,6,2121
27.0,15,9,7,2127
27.0,15,9,8,2134
27.0,15,9,9,2140
27.0,15,9,10,2147
27.0,15,9,11,2153
27.0,15,9,12,2160
27.0,15,9,13,2166
27.0,15,9,14,2173
27.0,15,9,15,2179
27.0,15,10,0,2087
27.0,15,10,1,2094
27.0,15,10,2,2101
27.0,15,10,3,2107
27.0,15,10,4,2114
27.0,15,10,5,2121
27.0,15,10,6,2127
27.0,15,10,7,2134
27.0,15,10,8,2140
27.0,15,10,9,2147
27.0,15,10,10,2154
27.0,15,10,11,2160
27.0,15,10,12,2167
27.0,15,10,13,2173
27.0,15,10,14,2179
27.0,15,10,15,2186
27.0,15,11,0,2094
27.0,15,11,1,2101
27.0,15,11,2,2107
27.0,15,11,3,2114
27.0,15,11,4,2121
27.0,15,11,5,2127
27.0,15,11,6,2134
27.0,15,11,7,2141
27.0,15,11,8,2147
27.0,15,11,9,2154
27.0,15,11,10,2160
27.0,15,11,11,2167
27.0,15,11,12,2173
27.0,15,11,13,2180
27.0,15,11,14,2186
27.0,15,11,15,2193
27.0,15,12,0,2100
27.0,15,12,1,2107
27.0,15,12,2,2114
27.0,15,12,3,2121
27.0,15,12,4,2127
27.0,15,12,5,2134
27.0,15,12,6,2141
27.0,15,12,7,2147
27.0,15,12,8,2154
27.0,15,12,9,2160
27.0,15,12,10,2167
27.0,15,12,11,2174
27.0,15,12,12,2180
27.0,15,12,13,2187
27.0,15,12,14,2193
27.0,15,12,15,2200
27.0,15,13,0,2107
27.0,15,13,1,2114
27.0,15,13,2,2120
27.0,15,13,3,2127
27.0,15,13,4,2134
27.0,15,13,5,2141
27.0,15,13,6,2147
27.0,15,13,7,2154
27.0,15,13,8,2161
27.0,15,13,9,2167
27.0,15,13,10,2174
27.0,15,13,11,2180
27.0,15,13,12,2187
27.0,15,13,13,2193
27.0,15,13,14,2200
27.0,15,13,15,2206
27.0,15,14,0,2113
27.0,15,14,1,2120
27.0,15,14,2,2127
27.0,15,14,3,2134
27.0,15,14,4,2140
27.0,15,14,5,2147
27.0,15,14,6,2154
27.0,15,14,7,2161
27.0,15,14,8,2167
27.0,15,14,9,2174
27.0,15,14,10,2180
27.0,15,14,11,2187
27.0,15,14,12,2194
27.0,15,14,13,2200
27.0,15,14,14,2207
27.0,15,14,15,2213
27.0,15,15,0,2120
27.0,15,15,1,2127
27.0,15,15,2,2133
27.0,15,15,3,2140
27.0,15,15,4,2147
27.0,15,15,5,2154
27.0,15,15,6,2160
27.0,15,15,7,2167
27.0,15,15,8,2174
27.0,15,15,9,2180
27.0,15,15,10,2187
27.0,15,15,11,2194
27.0,15,15,12,2200
27.0,15,15,13,2207
27.0,15,15,14,2213
27.0,15,15,15,2220
27.5,0,0,0,1946
27.5,0,0,1,1952
27.5,0,0,2,1959
27.5,0,0,3,1965
27.5,0,0,4,1971
27.5,0,0,5,1977
27.5,0,0,6,1983
27.5,0,0,7,1990
27.5,0,0,8,1996
27.5,0,0,9,2002
27.5,0,0,10,2008
27.5,0,0,11,2014
27.5,0,0,12,2020
27.5,0,0,13,2026
27.5,0,0,14,2032
27.5,0,0,15,2038
27.5,0,1,0,1953
27.5,0,1,1,1959
27.5,0,1,2,1965
27.5,0,1,3,1971
27.5,0,1,4,1978
27.5,0,1,5,1984
27.5,0,1,6,1990
27.5,0,1,7,1996
27.5,0,1,8,2002
27.5,0,1,9,2008
27.5,0,1,10,2015
27.5,0,1,11,2021
27.5,0,1,12,2027
27.5,0,1,13,2033
27.5,0,1,14,2039
27.5,0,1,15,2045
27.5,0,2,0,1959
27.5,0,2,1,1965
27.5,0,2,2,1972
27.5,0,2,3,1978
27.5,0,2,4,1984
27.5,0,2,5,1990
27.5,0,2,6,1997
27.5,0,2,7,2003
27.5,0,2,8,2009
27.5,0,2,9,2015
27.5,0,2,10,2021
27.5,0,2,11,2027
27.5,0,2,12,2034
27.5,0,2,13,2040
27.5,0,2,14,2046
27.5,0,2,15,2052
27.5,0,3,0,1966
27.5,0,3,1,1972
27.5,0,3,2,1978
27.5,0,3,3,1984
27.5,0,3,4,1991
27.5,0,3,5,1997
27.5,0,3,6,2003
27.5,0,3,7,2009
27.5,0,3,8,2016
27.5,0,3,9,2022
27.5,0,3,10,2028
27.5,0,3,11,2034
27.5,0,3,12,2040
27.5,0,3,13,2046
27.5,0,3,14,2052
27.5,0,3,15,2058
27.5,0,4,0,1972
27.5,0,4,1,1978
27.5,0,4,2,1985
27.5,0,4,3,1991
27.5,0,4,4,1997
27.5,0,4,5,2004
27.5,0,4,6,2010
27.5,0,4,7,2016
27.5,0,4,8,2022
27.5,0,4,9,2028
27.5,0,4,10,2035
27.5,0,4,11,2041
27.5,0,4,12,2047
27.5,0,4,13,2053
27.5,0,4,14,2059
27.5,0,4,15,2065
27.5,0,5,0,1978
27.5,0,5,1,1985
27.5,0,5,2,1991
27.5,0,5,3,1998
27.5,0,5,4,2004
27.5,0,5,5,2010
27.5,0,5,6,2016
27.5,0,5,7,2023
27.5,0,5,8,2029
27.5,0,5,9,2035
27.5,0,5,10,2041
27.5,0,5,11,2047
27.5,0,5,12,2054
27.5,0,5,13,2060
27.5,0,5,14,2066
27.5,0,5,15,2072
27.5,0,6,0,1985
27.5,0,6,1,1991
27.5,0,6,2,1998
27.5,0,6,3,2004
27.5,0,6,4,2010
27.5,0,6,5,2017
27.5,0,6,6,2023
27.5,0,6,7,2029
27.5,0,6,8,2035
27.5,0,6,9,2042
27.5,0,6,10,2048
27.5,0,6,11,2054
27.5,0,6,12,2060
27.5,0,6,13,2066
27.5,0,6,14,2073
27.5,0,6,15,2079
27.5,0,7,0,1991
27.5,0,7,1,1998
27.5,0,7,2,2004
27.5,0,7,3,2010
27.5,0,7,4,2017
27.5,0,7,5,2023
27.5,0,7,6,2029
27.5,0,7,7,2036
27.5,0,7,8,2042
27.5,0,7,9,2048
27.5,0,7,10,2055
27.5,0,7,11,2061
27.5,0,7,12,2067
27.5,0,7,13,2073
27.5,0,7,14,2079
27.5,0,7,15,2085
27.5,0,8,0,1998
27.5,0,8,1,2004
27.5,0,8,2,2010
27.5,0,8,3,2017
27.5,0,8,4,2023
27.5,0,8,5,2030
27.5,0,8,6,2036
27.5,0,8,7,2042
27.5,0,8,8,2049
27.5,0,8,9,2055
27.5,0,8,10,2061
27.5,0,8,11,2067
27.5,0,8,12,2074
27.5,0,8,13,2080
27.5,0,8,14,2086
27.5,0,8,15,2092
27.5,0,9,0,2004
27.5,0,9,1,2010
27.5,0,9,2,2017
27.5,0,9,3,2023
27.5,0,9,4,2030
27.5,0,9,5,2036
27.5,0,9,6,2042
27.5,0,9,7,2049
27.5,0,9,8,2055
27.5,0,9,9,2061
27.5,0,9,10,2068
27.5,0,9,11,2074
27.5,0,9,12,2080
27.5,0,9,13,2086
27.5,0,9,14,2093
27.5,0,9,15,2099
27.5,0,10,0,2010
27.5,0,10,1,2017
27.5,0,10,2,2023
27.5,0,10,3,2030
27.5,0,10,4,2036
27.5,0,10,5,2043
27.5,0,10,6,2049
27.5,0,10,7,2055
27.5,0,10,8,2062
27.5,0,10,9,2068
27.5,0,10,10,2074
27.5,0,10,11,2080
27.5,0,10,12,2087
27.5,0,10,13,2093
27.5,0,10,14,2099
27.5,0,10,15,2105
27.5,0,11,0,2017
27.5,0,11,1,2023
27.5,0,11,2,2030
27.5,0,11,3,2036
27.5,0,11,4,2043
27.5,0,11,5,2049
27.5,0,11,6,2055
27.5,0,11,7,2062
27.5,0,11,8,2068
27.5,0,11,9,2074
27.5,0,11,10,2081
27.5,0,11,11,2087
27.5,0,11,12,2093
27.5,0,11,13,2100
27.5,0,11,14,2106
27.5,0,11,15,2112
27.5,0,12,0,2023
27.5,0,12,1,2029
27.5,0,12,2,2036
27.5,0,12,3,2042
27.5,0,12,4,2049
27.5,0,12,5,2055
27.5,0,12,6,2062
27.5,0,12,7,2068
27.5,0,12,8,2074
27.5,0,12,9,2081
27.5,0,12,10,2087
27.5,0,12,11,2094
27.5,0,12,12,2100
27.5,0,12,13,2106
27.5,0,12,14,2112
27.5,0,12,15,2119
27.5,0,13,0,2029
27.5,0,13,1,2036
27.5,0,13,2,2042
27.5,0,13,3,2049
27.5,0,13,4,2055
27.5,0,13,5,2062
27.5,0,13,6,2068
27.5,0,13,7,2075
27.5,0,13,8,2081
27.5,0,13,9,2087
27.5,0,13,10,2094
27.5,0,13,11,2100
27.5,0,13,12,2106
27.5,0,13,13,2113
27.5,0,13,14,2119
27.5,0,13,15,2125
27.5,0,14,0,2035
27.5,0,14,1,2042
27.5,0,14,2,2049
27.5,0,14,3,2055
27.5,0,14,4,2062
27.5,0,14,5,2068
27.5,0,14,6,2074
27.5,0,14,7,2081
27.5,0,14,8,2087
27.5,0,14,9,2094
27.5,0,14,10,2100
27.5,0,14,11,2106
27.5,0,14,12,2113
27.5,0,14,13,2119
27.5,0,14,14,2125
27.5,0,14,15,2132
27.5,0,15,0,2042
27.5,0,15,1,2048
27.5,0,15,2,2055
27.5,0,15,3,2061
27.5,0,15,4,2068
27.5,0,15,5,2074
27.5,0,15,6,2081
27.5,0,15,7,2087
27.5,0,15,8,2094
27.5,0,15,9,2100
27.5,0,15,10,2107
27.5,0,15,11,2113
27.5,0,15,12,2119
27.5,0,15,13,2126
27.5,0,15,14,2132
27.5,0,15,15,2138
27.5,1,0,0,1954
27.5,1,0,1,1960
27.5,1,0,2,1966
27.5,1,0,3,1972
27.5,1,0,4,1979
27.5,1,0,5,1985
27.5,1,0,6,1991
27.5,1,0,7,1997
27.5,1,0,8,2003
27.5,1,0,9,2009
27.5,1,0,10,2016
27.5,1,0,11,2022
27.5,1,0,12,2028
27.5,1,0,13,2034
27.5,1,0,14,2040
27.5,1,0,15,2046
27.5,1,1,0,1960
27.5,1,1,1,1966
27.5,1,1,2,1973
27.5,1,1,3,1979
27.5,1,1,4,1985
27.5,1,1,5,1991
27.5,1,1,6,1998
27.5,1,1,7,2004
27.5,1,1,8,2010
27.5,1,1,9,2016
27.5,1,1,10,2022
27.5,1,1,11,2028
27.5,1,1,12,2035
27.5,1,1,13,2041
27.5,1,1,14,2047
27.5,1,1,15,2053
27.5,1,2,0,1967
27.5,1,2,1,1973
27.5,1,2,2,1979
27.5,1,2,3,1986
27.5,1,2,4,1992
27.5,1,2,5,1998
27.5,1,2,6,2004
27.5,1,2,7,2011
27.5,1,2,8,2017
27.5,1,2,9,2023
27.5,1,2,10,2029
27.5,1,2,11,2035
27.5,1,2,12,2041
27.5,1,2,13,2047
27.5,1,2,14,2054
27.5,1,2,15,2060
27.5,1,3,0,1973
27.5,1,3,1,1979
27.5,1,3,2,1986
27.5,1,3,3,1992
27.5,1,3,4,1998
27.5,1,3,5,2005
27.5,1,3,6,2011
27.5,1,3,7,2017
27.5,1,3,8,2023
27.5,1,3,9,2030
27.5,1,3,10,2036
27.5,1,3,11,2042
27.5,1,3,12,2048
27.5,1,3,13,2054
27.5,1,3,14,2060
27.5,1,3,15,2066
27.5,1,4,0,1980
27.5,1,4,1,1986
27.5,1,4,2,1992
27.5,1,4,3,1999
27.5,1,4,4,2005
27.5,1,4,5,2011
27.5,1,4,6,2018
27.5,1,4,7,2024
27.5,1,4,8,2030
27.5,1,4,9,2036
27.5,1,4,10,2042
27.5,1,4,11,2049
27.5,1,4,12,2055
27.5,1,4,13,2061
27.5,1,4,14,2067
27.5,1,4,15,2073
27.5,1,5,0,1986
27.5,1,5,1,1992
27.5,1,5,2,1999
27.5,1,5,3,2005
27.5,1,5,4,2012
27.5,1,5,5,2018
27.5,1,5,6,2024
27.5,1,5,7,2030
27.5,1,5,8,2037
27.5,1,5,9,2043
27.5,1,5,10,2049
27.5,1,5,11,2055
27.5,1,5,12,2062
27.5,1,5,13,2068
27.5,1,5,14,2074
27.5,1,5,15,2080
27.5,1,6,0,1992
27.5,1,6,1,1999
27.5,1,6,2,2005
27.5,1,6,3,2012
27.5,1,6,4,2018
27.5,1,6,5,2024
27.5,1,6,6,2031
27.5,1,6,7,2037
27.5,1,6,8,2043
27.5,1,6,9,2050
27.5,1,6,10,2056
27.5,1,6,11,2062
27.5,1,6,12,2068
27.5,1,6,13,2074
27.5,1,6,14,2081
27.5,1,6,15,2087
27.5,1,7,0,1999
27.5,1,7,1,2005
27.5,1,7,2,2012
27.5,1,7,3,2018
27.5,1,7,4,2025
27.5,1,7,5,2031
27.5,1,7,6,2037
27.5,1,7,7,2044
27.5,1,7,8,2050
27.5,1,7,9,2056
27.5,1,7,10,2062
27.5,1,7,11,2069
27.5,1,7,12,2075
27.5,1,7,13,2081
27.5,1,7,14,2087
27.5,1,7,15,2093
27.5,1,8,0,2005
27.5,1,8,1,2012
27.5,1,8,2,2018
27.5,1,8,3,2025
27.5,1,8,4,2031
27.5,1,8,5,2037
27.5,1,8,6,2044
27.5,1,8,7,2050
27.5,1,8,8,2056
27.5,1,8,9,2063
27.5,1,8,10,2069
27.5,1,8,11,2075
27.5,1,8,12,2081
27.5,1,8,13,2088
27.5,1,8,14,2094
27.5,1,8,15,2100
27.5,1,9,0,2012
27.5,1,9,1,2018
27.5,1,9,2,2025
27.5,1,9,3,2031
27.5,1,9,4,2037
27.5,1,9,5,2044
27.5,1,9,6,2050
27.5,1,9,7,2057
27.5,1,9,8,2063
27.5,1,9,9,2069
27.5,1,9,10,2076
27.5,1,9,11,2082
27.5,1,9,12,2088
27.5,1,9,13,2094
27.5,1,9,14,2101
27.5,1,9,15,2107
27.5,1,10,0,2018
27.5,1,10,1,2025
27.5,1,10,2,2031
27.5,1,10,3,2037
27.5,1,10,4,2044
27.5,1,10,5,2050
27.5,1,10,6,2057
27.5,1,10,7,2063
27.5,1,10,8,2069
27.5,1,10,9,2076
27.5,1,10,10,2082
27.5,1,10,11,2088
27.5,1,10,12,2095
27.5,1,10,13,2101
27.5,1,10,14,2107
27.5,1,10,15,2113
27.5,1,11,0,2024
27.5,1,11,1,2031
27.5,1,11,2,2037
27.5,1,11,3,2044
27.5,1,11,4,2050
27.5,1,11,5,2057
27.5,1,11,6,2063
27.5,1,11,7,2070
27.5,1,11,8,2076
27.5,1,11,9,2082
27.5,1,11,10,2089
27.5,1,11,11,2095
27.5,1,11,12,2101
27.5,1,11,13,2108
27.5,1,11,14,2114
27.5,1,11,15,2120
27.5,1,12,0,2031
27.5,1,12,1,2037
27.5,1,12,2,2044
27.5,1,12,3,2050
27.5,1,12,4,2057
27.5,1,12,5,2063
27.5,1,12,6,2070
27.5,1,12,7,2076
27.5,1,12,8,2082
27.5,1,12,9,2089
27.5,1,12,10,2095
27.5,1,12,11,2102
27.5,1,12,12,2108
27.5,1,12,13,2114
27.5,1,12,14,2120
27.5,1,12,15,2127
27.5,1,13,0,2037
27.5,1,13,1,2044
27.5,1,13,2,2050
27.5,1,13,3,2057
27.5,1,13,4,2063
27.5,1,13,5,2070
27.5,1,13,6,2076
27.5,1,13,7,2082
27.5,1,13,8,2089
27.5,1,13,9,2095
27.5,1,13,10,2102
27.5,1,13,11,2108
27.5,1,13,12,2114
27.5,1,13,13,2121
27.5,1,13,14,2127
27.5,1,13,15,2133
27.5,1,14,0,2043
27.5,1,14,1,2050
27.5,1,14,2,2056
27.5,1,14,3,2063
27.5,1,14,4,2069
27.5,1,14,5,2076
27.5,1,14,6,2082
27.5,1,14,7,2089
27.5,1,14,8,2095
27.5,1,14,9,2102
27.5,1,14,10,2108
27.5,1,14,11,2115
27.5,1,14,12,2121
27.5,1,14,13,2127
27.5,1,14,14,2134
27.5,1,14,15,2140
27.5,1,15,0,2050
27.5,1,15,1,2056
27.5,1,15,2,2063
27.5,1,15,3,2069
27.5,1,15,4,2076
27.5,1,15,5,2082
27.5,1,15,6,2089
27.5,1,15,7,2095
27.5,1,15,8,2102
27.5,1,15,9,2108
27.5,1,15,10,2115
27.5,1,15,11,2121
27.5,1,15,12,2127
27.5,1,15,13,2134
27.5,1,15,14,2140
27.5,1,15,15,2146
27.5,2,0,0,1961
27.5,2,0,1,1967
27.5,2,0,2,1974
27.5,2,0,3,1980
27.5,2,0,4,1986
27.5,2,0,5,1992
27.5,2,0,6,1999
27.5,2,0,7,2005
27.5,2,0,8,2011
27.5,2,0,9,2017
27.5,2,0,10,2023
27.5,2,0,11,2029
27.5,2,0,12,2035
27.5,2,0,13,2042
27.5,2,0,14,2048
27.5,2,0,15,2054
27.5,2,1,0,1968
27.5,2,1,1,1974
27.5,2,1,2,1980
27.5,2,1,3,1987
27.5,2,1,4,1993
27.5,2,1,5,1999
27.5,2,1,6,2005
27.5,2,1,7,2012
27.5,2,1,8,2018
27.5,2,1,9,2024
27.5,2,1,10,2030
27.5,2,1,11,2036
27.5,2,1,12,2042
27.5,2,1,13,2048
27.5,2,1,14,2055
27.5,2,1,15,2061
27.5,2,2,0,1974
27.5,2,2,1,1980
27.5,2,2,2,1987
27.5,2,2,3,1993
27.5,2,2,4,1999
27.5,2,2,5,2006
27.5,2,2,6,2012
27.5,2,2,7,2018
27.5,2,2,8,2024
27.5,2,2,9,2031
27.5,2,2,10,2037
27.5,2,2,11,2043
27.5,2,2,12,2049
27.5,2,2,13,2055
27.5,2,2,14,2061
27.5,2,2,15,2067
27.5,2,3,0,1981
27.5,2,3,1,1987
27.5,2,3,2,1993
27.5,2,3,3,2000
27.5,2,3,4,2006
27.5,2,3,5,2012
27.5,2,3,6,2019
27.5,2,3,7,2025
27.5,2,3,8,2031
27.5,2,3,9,2037
27.5,2,3,10,2044
27.5,2,3,11,2050
27.5,2,3,12,2056
27.5,2,3,13,2062
27.5,2,3,14,2068
27.5,2,3,15,2074
27.5,2,4,0,1987
27.5,2,4,1,1994
27.5,2,4,2,2000
27.5,2,4,3,2006
27.5,2,4,4,2013
27.5,2,4,5,2019
27.5,2,4,6,2025
27.5,2,4,7,2032
27.5,2,4,8,2038
27.5,2,4,9,2044
27.5,2,4,10,2050
27.5,2,4,11,2056
27.5,2,4,12,2063
27.5,2,4,13,2069
27.5,2,4,14,2075
27.5,2,4,15,2081
27.5,2,5,0,1994
27.5,2,5,1,2000
27.5,2,5,2,2006
27.5,2,5,3,2013
27.5,2,5,4,2019
27.5,2,5,5,2026
27.5,2,5,6,2032
27.5,2,5,7,2038
27.5,2,5,8,2044
27.5,2,5,9,2051
27.5,2,5,10,2057
27.5,2,5,11,2063
27.5,2,5,12,2069
27.5,2,5,13,2076
27.5,2,5,14,2082
27.5,2,5,15,2088
27.5,2,6,0,2000
27.5,2,6,1,2007
27.5,2,6,2,2013
27.5,2,6,3,2019
27.5,2,6,4,2026
27.5,2,6,5,2032
27.5,2,6,6,2038
27.5,2,6,7,2045
27.5,2,6,8,2051
27.5,2,6,9,2057
27.5,2,6,10,2064
27.5,2,6,11,2070
27.5,2,6,12,2076
27.5,2,6,13,2082
27.5,2,6,14,2088
27.5,2,6,15,2095
27.5,2,7,0,2007
27.5,2,7,1,2013
27.5,2,7,2,2019
27.5,2,7,3,2026
27.5,2,7,4,2032
27.5,2,7,5,2039
27.5,2,7,6,2045
27.5,2,7,7,2051
27.5,2,7,8,2058
27.5,2,7,9,2064
27.5,2,7,10,2070
27.5,2,7,11,2077
27.5,2,7,12,2083
27.5,2,7,13,2089
27.5,2,7,14,2095
27.5,2,7,15,2101
27.5,2,8,0,2013
27.5,2,8,1,2019
27.5,2,8,2,2026
27.5,2,8,3,2032
27.5,2,8,4,2039
27.5,2,8,5,2045
27.5,2,8,6,2052
27.5,2,8,7,2058
27.5,2,8,8,2064
27.5,2,8,9,2071
27.5,2,8,10,2077
27.5,2,8,11,2083
27.5,2,8,12,2089
27.5,2,8,13,2096
27.5,2,8,14,2102
27.5,2,8,15,2108
27.5,2,9,0,2019
27.5,2,9,1,2026
27.5,2,9,2,2032
27.5,2,9,3,2039
27.5,2,9,4,2045
27.5,2,9,5,2052
27.5,2,9,6,2058
27.5,2,9,7,2064
27.5,2,9,8,2071
27.5,2,9,9,2077
27.5,2,9,10,2083
27.5,2,9,11,2090
27.5,2,9,12,2096
27.5,2,9,13,2102
27.5,2,9,14,2109
27.5,2,9,15,2115
27.5,2,10,0,2026
27.5,2,10,1,2032
27.5,2,10,2,2039
27.5,2,10,3,2045
27.5,2,10,4,2052
27.5,2,10,5,2058
27.5,2,10,6,2065
27.5,2,10,7,2071
27.5,2,10,8,2077
27.5,2,10,9,2084
27.5,2,10,10,2090
27.5,2,10,11,2096
27.5,2,10,12,2103
27.5,2,10,13,2109
27.5,2,10,14,2115
27.5,2,10,15,2122
27.5,2,11,0,2032
27.5,2,11,1,2039
27.5,2,11,2,2045
27.5,2,11,3,2052
27.5,2,11,4,2058
27.5,2,11,5,2065
27.5,2,11,6,2071
27.5,2,11,7,2077
27.5,2,11,8,2084
27.5,2,11,9,2090
27.5,2,11,10,2097
27.5,2,11,11,2103
27.5,2,11,12,2109
27.5,2,11,13,2116
27.5,2,11,14,2122
27.5,2,11,15,2128
27.5,2,12,0,2038
27.5,2,12,1,2045
27.5,2,12,2,2052
27.5,2,12,3,2058
27.5,2,12,4,2065
27.5,2,12,5,2071
27.5,2,12,6,2078
27.5,2,12,7,2084
27.5,2,12,8,2090
27.5,2,12,9,2097
27.5,2,12,10,2103
27.5,2,12,11,2110
27.5,2,12,12,2116
27.5,2,12,13,2122
27.5,2,12,14,2129
27.5,2,12,15,2135
27.5,2,13,0,2045
27.5,2,13,1,2051
27.5,2,13,2,2058
27.5,2,13,3,2064
27.5,2,13,4,2071
27.5,2,13,5,2077
27.5,2,13,6,2084
27.5,2,13,7,2090
27.5,2,13,8,2097
27.5,2,13,9,2103
27.5,2,13,10,2110
27.5,2,13,11,2116
27.5,2,13,12,2122
27.5,2,13,13,2129
27.5,2,13,14,2135
27.5,2,13,15,2141
27.5,2,14,0,2051
27.5,2,14,1,2058
27.5,2,14,2,2064
27.5,2,14,3,2071
27.5,2,14,4,2077
27.5,2,14,5,2084
27.5,2,14,6,2090
27.5,2,14,7,2097
27.5,2,14,8,2103
27.5,2,14,9,2110
27.5,2,14,10,2116
27.5,2,14,11,2123
27.5,2,14,12,2129
27.5,2,14,13,2135
27.5,2,14,14,2142
27.5,2,14,15,2148
27.5,2,15,0,2057
27.5,2,15,1,2064
27.5,2,15,2,2071
27.5,2,15,3,2077
27.5,2,15,4,2084
27.5,2,15,5,2090
27.5,2,15,6,2097
27.5,2,15,7,2103
27.5,2,15,8,2110
27.5,2,15,9,2116
27.5,2,15,10,2123
27.5,2,15,11,2129
27.5,2,15,12,2136
27.5,2,15,13,2142
27.5,2,15,14,2148
27.5,2,15,15,2155
27.5,3,0,0,1968
27.5,3,0,1,1975
27.5,3,0,2,1981
27.5,3,0,3,1987
27.5,3,0,4,1994
27.5,3,0,5,2000
27.5,3,0,6,2006
27.5,3,0,7,2012
27.5,3,0,8,2019
27.5,3,0,9,2025
27.5,3,0,10,2031
27.5,3,0,11,2037
27.5,3,0,12,2043
27.5,3,0,13,2049
27.5,3,0,14,2055
27.5,3,0,15,2062
27.5,3,1,0,1975
27.5,3,1,1,1981
27.5,3,1,2,1988
27.5,3,1,3,1994
27.5,3,1,4,2000
27.5,3,1,5,2007
27.5,3,1,6,2013
27.5,3,1,7,2019
27.5,3,1,8,2025
27.5,3,1,9,2032
27.5,3,1,10,2038
27.5,3,1,11,2044
27.5,3,1,12,2050
27.5,3,1,13,2056
27.5,3,1,14,2062
27.5,3,1,15,2068
27.5,3,2,0,1982
27.5,3,2,1,1988
27.5,3,2,2,1994
27.5,3,2,3,2001
27.5,3,2,4,2007
27.5,3,2,5,2013
27.5,3,2,6,2020
27.5,3,2,7,2026
27.5,3,2,8,2032
27.5,3,2,9,2038
27.5,3,2,10,2045
27.5,3,2,11,2051
27.5,3,2,12,2057
27.5,3,2,13,2063
27.5,3,2,14,2069
27.5,3,2,15,2075
27.5,3,3,0,1988
27.5,3,3,1,1995
27.5,3,3,2,2001
27.5,3,3,3,2007
27.5,3,3,4,2014
27.5,3,3,5,2020
27.5,3,3,6,2026
27.5,3,3,7,2033
27.5,3,3,8,2039
27.5,3,3,9,2045
27.5,3,3,10,2051
27.5,3,3,11,2058
27.5,3,3,12,2064
27.5,3,3,13,2070
27.5,3,3,14,2076
27.5,3,3,15,2082
27.5,3,4,0,1995
27.5,3,4,1,2001
27.5,3,4,2,2008
27.5,3,4,3,2014
27.5,3,4,4,2020
27.5,3,4,5,2027
27.5,3,4,6,2033
27.5,3,4,7,2039
27.5,3,4,8,2046
27.5,3,4,9,2052
27.5,3,4,10,2058
27.5,3,4,11,2064
27.5,3,4,12,2070
27.5,3,4,13,2077
27.5,3,4,14,2083
27.5,3,4,15,2089
27.5,3,5,0,2001
27.5,3,5,1,2008
27.5,3,5,2,2014
27.5,3,5,3,2020
27.5,3,5,4,2027
27.5,3,5,5,2033
27.5,3,5,6,2040
27.5,3,5,7,2046
27.5,3,5,8,2052
27.5,3,5,9,2058
27.5,3,5,10,2065
27.5,3,5,11,2071
27.5,3,5,12,2077
27.5,3,5,13,2083
27.5,3,5,14,2090
27.5,3,5,15,2096
27.5,3,6,0,2008
27.5,3,6,1,2014
27.5,3,6,2,2021
27.5,3,6,3,2027
27.5,3,6,4,2033
27.5,3,6,5,2040
27.5,3,6,6,2046
27.5,3,6,7,2053
27.5,3,6,8,2059
27.5,3,6,9,2065
27.5,3,6,10,2071
27.5,3,6,11,2078
27.5,3,6,12,2084
27.5,3,6,13,2090
27.5,3,6,14,2096
27.5,3,6,15,2103
27.5,3,7,0,2014
27.5,3,7,1,2021
27.5,3,7,2,2027
27.5,3,7,3,2034
27.5,3,7,4,2040
27.5,3,7,5,2046
27.5,3,7,6,2053
27.5,3,7,7,2059
27.5,3,7,8,2065
27.5,3,7,9,2072
27.5,3,7,10,2078
27.5,3,7,11,2084
27.5,3,7,12,2091
27.5,3,7,13,2097
27.5,3,7,14,2103
27.5,3,7,15,2109
27.5,3,8,0,2021
27.5,3,8,1,2027
27.5,3,8,2,2034
27.5,3,8,3,2040
27.5,3,8,4,2047
27.5,3,8,5,2053
27.5,3,8,6,2059
27.5,3,8,7,2066
27.5,3,8,8,2072
27.5,3,8,9,2078
27.5,3,8,10,2085
27.5,3,8,11,2091
27.5,3,8,12,2097
27.5,3,8,13,2104
27.5,3,8,14,2110
27.5,3,8,15,2116
27.5,3,9,0,2027
27.5,3,9,1,2034
27.5,3,9,2,2040
27.5,3,9,3,2047
27.5,3,9,4,2053
27.5,3,9,5,2059
27.5,3,9,6,2066
27.5,3,9,7,2072
27.5,3,9,8,2079
27.5,3,9,9,2085
27.5,3,9,10,2091
27.5,3,9,11,2098
27.5,3,9,12,2104
27.5,3,9,13,2110
27.5,3,9,14,2117
27.5,3,9,15,2123
27.5,3,10,0,2033
27.5,3,10,1,2040
27.5,3,10,2,2047
27.5,3,10,3,2053
27.5,3,10,4,2060
27.5,3,10,5,2066
27.5,3,10,6,2072
27.5,3,10,7,2079
27.5,3,10,8,2085
27.5,3,10,9,2092
27.5,3,10,10,2098
27.5,3,10,11,2104
27.5,3,10,12,2111
27.5,3,10,13,2117
27.5,3,10,14,2123
27.5,3,10,15,2130
27.5,3,11,0,2040
27.5,3,11,1,2046
27.5,3,11,2,2053
27.5,3,11,3,2059
27.5,3,11,4,2066
27.5,3,11,5,2072
27.5,3,11,6,2079
27.5,3,11,7,2085
27.5,3,11,8,2092
27.5,3,11,9,2098
27.5,3,11,10,2105
27.5,3,11,11,2111
27.5,3,11,12,2117
27.5,3,11,13,2124
27.5,3,11,14,2130
27.5,3,11,15,2136
27.5,3,12,0,2046
27.5,3,12,1,2053
27.5,3,12,2,2059
27.5,3,12,3,2066
27.5,3,12,4,2072
27.5,3,12,5,2079
27.5,3,12,6,2085
27.5,3,12,7,2092
27.5,3,12,8,2098
27.5,3,12,9,2105
27.5,3,12,10,2111
27.5,3,12,11,2118
27.5,3,12,12,2124
27.5,3,12,13,2130
27.5,3,12,14,2137
27.5,3,12,15,2143
27.5,3,13,0,2053
27.5,3,13,1,2059
27.5,3,13,2,2066
27.5,3,13,3,2072
27.5,3,13,4,2079
27.5,3,13,5,2085
27.5,3,13,6,2092
27.5,3,13,7,2098
27.5,3,13,8,2105
27.5,3,13,9,2111
27.5,3,13,10,2118
27.5,3,13,11,2124
27.5,3,13,12,2131
27.5,3,13,13,2137
27.5,3,13,14,2143
27.5,3,13,15,2150
27.5,3,14,0,2059
27.5,3,14,1,2065
27.5,3,14,2,2072
27.5,3,14,3,2079
27.5,3,14,4,2085
27.5,3,14,5,2092
27.5,3,14,6,2098
27.5,3,14,7,2105
27.5,3,14,8,2111
27.5,3,14,9,2118
27.5,3,14,10,2124
27.5,3,14,11,2131
27.5,3,14,12,2137
27.5,3,14,13,2143
27.5,3,14,14,2150
27.5,3,14,15,2156
27.5,3,15,0,2065
27.5,3,15,1,2072
27.5,3,15,2,2078
27.5,3,15,3,2085
27.5,3,15,4,2092
27.5,3,15,5,2098
27.5,3,15,6,2105
27.5,3,15,7,2111
27.5,3,15,8,2118
27.5,3,15,9,2124
27.5,3,15,10,2131
27.5,3,15,11,2137
27.5,3,15,12,2144
27.5,3,15,13,2150
27.5,3,15,14,2156
27.5,3,15,15,2163
27.5,4,0,0,1976
27.5,4,0,1,1982
27.5,4,0,2,1989
27.5,4,0,3,1995
27.5,4,0,4,2001
27.5,4,0,5,2008
27.5,4,0,6,2014
27.5,4,0,7,2020
27.5,4,0,8,2026
27.5,4,0,9,2032
27.5,4,0,10,2039
27.5,4,0,11,2045
27.5,4,0,12,2051
27.5,4,0,13,2057
27.5,4,0,14,2063
27.5,4,0,15,2069
27.5,4,1,0,1983
27.5,4,1,1,1989
27.5,4,1,2,1995
27.5,4,1,3,2002
27.5,4,1,4,2008
27.5,4,1,5,2014
27.5,4,1,6,2021
27.5,4,1,7,2027
27.5,4,1,8,2033
27.5,4,1,9,2039
27.5,4,1,10,2045
27.5,4,1,11,2052
27.5,4,1,12,2058
27.5,4,1,13,2064
27.5,4,1,14,2070
27.5,4,1,15,2076
27.5,4,2,0,1989
27.5,4,2,1,1996
27.5,4,2,2,2002
27.5,4,2,3,2008
27.5,4,2,4,2015
27.5,4,2,5,2021
27.5,4,2,6,2027
27.5,4,2,7,2034
27.5,4,2,8,2040
27.5,4,2,9,2046
27.5,4,2,10,2052
27.5,4,2,11,2059
27.5,4,2,12,2065
27.5,4,2,13,2071
27.5,4,2,14,2077
27.5,4,2,15,2083
27.5,4,3,0,1996
27.5,4,3,1,2002
27.5,4,3,2,2009
27.5,4,3,3,2015
27.5,4,3,4,2021
27.5,4,3,5,2028
27.5,4,3,6,2034
27.5,4,3,7,2040
27.5,4,3,8,2047
27.5,4,3,9,2053
27.5,4,3,10,2059
27.5,4,3,11,2065
27.5,4,3,12,2072
27.5,4,3,13,2078
27.5,4,3,14,2084
27.5,4,3,15,2090
27.5,4,4,0,2002
27.5,4,4,1,2009
27.5,4,4,2,2015
27.5,4,4,3,2022
27.5,4,4,4,2028
27.5,4,4,5,2034
27.5,4,4,6,2041
27.5,4,4,7,2047
27.5,4,4,8,2053
27.5,4,4,9,2060
27.5,4,4,10,2066
27.5,4,4,11,2072
27.5,4,4,12,2078
27.5,4,4,13,2085
27.5,4,4,14,2091
27.5,4,4,15,2097
27.5,4,5,0,2009
27.5,4,5,1,2015
27.5,4,5,2,2022
27.5,4,5,3,2028
27.5,4,5,4,2035
27.5,4,5,5,2041
27.5,4,5,6,2047
27.5,4,5,7,2054
27.5,4,5,8,2060
27.5,4,5,9,2066
27.5,4,5,10,2073
27.5,4,5,11,2079
27.5,4,5,12,2085
27.5,4,5,13,2091
27.5,4,5,14,2098
27.5,4,5,15,2104
27.5,4,6,0,2015
27.5,4,6,1,2022
27.5,4,6,2,2028
27.5,4,6,3,2035
27.5,4,6,4,2041
27.5,4,6,5,2048
27.5,4,6,6,2054
27.5,4,6,7,2060
27.5,4,6,8,2067
27.5,4,6,9,2073
27.5,4,6,10,2079
27.5,4,6,11,2086
27.5,4,6,12,2092
27.5,4,6,13,2098
27.5,4,6,14,2104
27.5,4,6,15,2111
27.5,4,7,0,2022
27.5,4,7,1,2028
27.5,4,7,2,2035
27.5,4,7,3,2041
27.5,4,7,4,2048
27.5,4,7,5,2054
27.5,4,7,6,2061
27.5,4,7,7,2067
27.5,4,7,8,2073
27.5,4,7,9,2080
27.5,4,7,10,2086
27.5,4,7,11,2092
27.5,4,7,12,2099
27.5,4,7,13,2105
27.5,4,7,14,2111
27.5,4,7,15,2117
27.5,4,8,0,2028
27.5,4,8,1,2035
27.5,4,8,2,2041
27.5,4,8,3,2048
27.5,4,8,4,2054
27.5,4,8,5,2061
27.5,4,8,6,2067
27.5,4,8,7,2074
27.5,4,8,8,2080
27.5,4,8,9,2086
27.5,4,8,10,2093
27.5,4,8,11,2099
27.5,4,8,12,2105
27.5,4,8,13,2112
27.5,4,8,14,2118
27.5,4,8,15,2124
27.5,4,9,0,2035
27.5,4,9,1,2041
27.5,4,9,2,2048
27.5,4,9,3,2054
27.5,4,9,4,2061
27.5,4,9,5,2067
27.5,4,9,6,2074
27.5,4,9,7,2080
27.5,4,9,8,2087
27.5,4,9,9,2093
27.5,4,9,10,2099
27.5,4,9,11,2106
27.5,4,9,12,2112
27.5,4,9,13,2118
27.5,4,9,14,2125
27.5,4,9,15,2131
27.5,4,10,0,2041
27.5,4,10,1,2048
27.5,4,10,2,2054
27.5,4,10,3,2061
27.5,4,10,4,2067
27.5,4,10,5,2074
27.5,4,10,6,2080
27.5,4,10,7,2087
27.5,4,10,8,2093
27.5,4,10,9,2100
27.5,4,10,10,2106
27.5,4,10,11,2112
27.5,4,10,12,2119
27.5,4,10,13,2125
27.5,4,10,14,2131
27.5,4,10,15,2138
27.5,4,11,0,2048
27.5,4,11,1,2054
27.5,4,11,2,2061
27.5,4,11,3,2067
27.5,4,11,4,2074
27.5,4,11,5,2080
27.5,4,11,6,2087
27.5,4,11,7,2093
27.5,4,11,8,2100
27.5,4,11,9,2106
27.5,4,11,10,2113
27.5,4,11,11,2119
27.5,4,11,12,2125
27.5,4,11,13,2132
27.5,4,11,14,2138
27.5,4,11,15,2144
27.5,4,12,0,2054
27.5,4,12,1,2061
27.5,4,12,2,2067
27.5,4,12,3,2074
27.5,4,12,4,2080
27.5,4,12,5,2087
27.5,4,12,6,2093
27.5,4,12,7,2100
27.5,4,12,8,2106
27.5,4,12,9,2113
27.5,4,12,10,2119
27.5,4,12,11,2126
27.5,4,12,12,2132
27.5,4,12,13,2138
27.5,4,12,14,2145
27.5,4,12,15,2151
27.5,4,13,0,2060
27.5,4,13,1,2067
27.5,4,13,2,2074
27.5,4,13,3,2080
27.5,4,13,4,2087
27.5,4,13,5,2093
27.5,4,13,6,2100
27.5,4,13,7,2106
27.5,4,13,8,2113
27.5,4,13,9,2119
27.5,4,13,10,2126
27.5,4,13,11,2132
27.5,4,13,12,2139
27.5,4,13,13,2145
27.5,4,13,14,2151
27.5,4,13,15,2158
27.5,4,14,0,2067
27.5,4,14,1,2073
27.5,4,14,2,2080
27.5,4,14,3,2087
27.5,4,14,4,2093
27.5,4,14,5,2100
27.5,4,14,6,2106
27.5,4,14,7,2113
27.5,4,14,8,2119
27.5,4,14,9,2126
27.5,4,14,10,2132
27.5,4,14,11,2139
27.5,4,14,12,2145
27.5,4,14,13,2152
27.5,4,14,14,2158
27.5,4,14,15,2164
27.5,4,15,0,2073
27.5,4,15,1,2080
27.5,4,15,2,2086
27.5,4,15,3,2093
27.5,4,15,4,2100
27.5,4,15,5,2106
27.5,4,15,6,2113
27.5,4,15,7,2119
27.5,4,15,8,2126
27.5,4,15,9,2132
27.5,4,15,10,2139
27.5,4,15,11,2145
27.5,4,15,12,2152
27.5,4,15,13,2158
27.5,4,15,14,2165
27.5,4,15,15,2171
27.5,5,0,0,1983
27.5,5,0,1,1990
27.5,5,0,2,1996
27.5,5,0,3,2002
27.5,5,0,4,2009
27.5,5,0,5,2015
27.5,5,0,6,2021
27.5,5,0,7,2028
27.5,5,0,8,2034
27.5,5,0,9,2040
27.5,5,0,10,2046
27.5,5,0,11,2053
27.5,5,0,12,2059
27.5,5,0,13,2065
27.5,5,0,14,2071
27.5,5,0,15,2077
27.5,5,1,0,1990
27.5,5,1,1,1996
27.5,5,1,2,2003
27.5,5,1,3,2009
27.5,5,1,4,2016
27.5,5,1,5,2022
27.5,5,1,6,2028
27.5,5,1,7,2034
27.5,5,1,8,2041
27.5,5,1,9,2047
27.5,5,1,10,2053
27.5,5,1,11,2059
27.5,5,1,12,2066
27.5,5,1,13,2072
27.5,5,1,14,2078
27.5,5,1,15,2084
27.5,5,2,0,1997
27.5,5,2,1,2003
27.5,5,2,2,2009
27.5,5,2,3,2016
27.5,5,2,4,2022
27.5,5,2,5,2029
27.5,5,2,6,2035
27.5,5,2,7,2041
27.5,5,2,8,2048
27.5,5,2,9,2054
27.5,5,2,10,2060
27.5,5,2,11,2066
27.5,5,2,12,2072
27.5,5,2,13,2079
27.5,5,2,14,2085
27.5,5,2,15,2091
27.5,5,3,0,2003
27.5,5,3,1,2010
27.5,5,3,2,2016
27.5,5,3,3,2023
27.5,5,3,4,2029
27.5,5,3,5,2035
27.5,5,3,6,2042
27.5,5,3,7,2048
27.5,5,3,8,2054
27.5,5,3,9,2061
27.5,5,3,10,2067
27.5,5,3,11,2073
27.5,5,3,12,2079
27.5,5,3,13,2086
27.5,5,3,14,2092
27.5,5,3,15,2098
27.5,5,4,0,2010
27.5,5,4,1,2016
27.5,5,4,2,2023
27.5,5,4,3,2029
27.5,5,4,4,2036
27.5,5,4,5,2042
27.5,5,4,6,2048
27.5,5,4,7,2055
27.5,5,4,8,2061
27.5,5,4,9,2067
27.5,5,4,10,2074
27.5,5,4,11,2080
27.5,5,4,12,2086
27.5,5,4,13,2092
27.5,5,4,14,2099
27.5,5,4,15,2105
27.5,5,5,0,2016
27.5,5,5,1,2023
27.5,5,5,2,2029
27.5,5,5,3,2036
27.5,5,5,4,2042
27.5,5,5,5,2049
27.5,5,5,6,2055
27.5,5,5,7,2061
27.5,5,5,8,2068
27.5,5,5,9,2074
27.5,5,5,10,2080
27.5,5,5,11,2087
27.5,5,5,12,2093
27.5,5,5,13,2099
27.5,5,5,14,2105
27.5,5,5,15,2112
27.5,5,6,0,2023
27.5,5,6,1,2029
27.5,5,6,2,2036
27.5,5,6,3,2042
27.5,5,6,4,2049
27.5,5,6,5,2055
27.5,5,6,6,2062
27.5,5,6,7,2068
27.5,5,6,8,2074
27.5,5,6,9,2081
27.5,5,6,10,2087
27.5,5,6,11,2093
27.5,5,6,12,2100
27.5,5,6,13,2106
27.5,5,6,14,2112
27.5,5,6,15,2119
27.5,5,7,0,2029
27.5,5,7,1,2036
27.5,5,7,2,2042
27.5,5,7,3,2049
27.5,5,7,4,2055
27.5,5,7,5,2062
27.5,5,7,6,2068
27.5,5,7,7,2075
27.5,5,7,8,2081
27.5,5,7,9,2088
27.5,5,7,10,2094
27.5,5,7,11,2100
27.5,5,7,12,2107
27.5,5,7,13,2113
27.5,5,7,14,2119
27.5,5,7,15,2125
27.5,5,8,0,2036
27.5,5,8,1,2042
27.5,5,8,2,2049
27.5,5,8,3,2056
27.5,5,8,4,2062
27.5,5,8,5,2069
27.5,5,8,6,2075
27.5,5,8,7,2081
27.5,5,8,8,2088
27.5,5,8,9,2094
27.5,5,8,10,2101
27.5,5,8,11,2107
27.5,5,8,12,2113
27.5,5,8,13,2120
27.5,5,8,14,2126
27.5,5,8,15,2132
27.5,5,9,0,2042
27.5,5,9,1,2049
27.5,5,9,2,2056
27.5,5,9,3,2062
27.5,5,9,4,2069
27.5,5,9,5,2075
27.5,5,9,6,2082
27.5,5,9,7,2088
27.5,5,9,8,2094
27.5,5,9,9,2101
27.5,5,9,10,2107
27.5,5,9,11,2114
27.5,5,9,12,2120
27.5,5,9,13,2126
27.5,5,9,14,2133
27.5,5,9,15,2139
27.5,5,10,0,2049
27.5,5,10,1,2055
27.5,5,10,2,2062
27.5,5,10,3,2069
27.5,5,10,4,2075
27.5,5,10,5,2082
27.5,5,10,6,2088
27.5,5,10,7,2095
27.5,5,10,8,2101
27.5,5,10,9,2108
27.5,5,10,10,2114
27.5,5,10,11,2120
27.5,5,10,12,2127
27.5,5,10,13,2133
27.5,5,10,14,2139
27.5,5,10,15,2146
27.5,5,11,0,2055
27.5,5,11,1,2062
27.5,5,11,2,2069
27.5,5,11,3,2075
27.5,5,11,4,2082
27.5,5,11,5,2088
27.5,5,11,6,2095
27.5,5,11,7,2101
27.5,5,11,8,2108
27.5,5,11,9,2114
27.5,5,11,10,2121
27.5,5,11,11,2127
27.5,5,11,12,2133
27.5,5,11,13,2140
27.5,5,11,14,2146
27.5,5,11,15,2152
27.5,5,12,0,2062
27.5,5,12,1,2068
27.5,5,12,2,2075
27.5,5,12,3,2082
27.5,5,12,4,2088
27.5,5,12,5,2095
27.5,5,12,6,2101
27.5,5,12,7,2108
27.5,5,12,8,2114
27.5,5,12,9,2121
27.5,5,12,10,2127
27.5,5,12,11,2134
27.5,5,12,12,2140
27.5,5,12,13,2146
27.5,5,12,14,2153
27.5,5,12,15,2159
27.5,5,13,0,2068
27.5,5,13,1,2075
27.5,5,13,2,2081
27.5,5,13,3,2088
27.5,5,13,4,2095
27.5,5,13,5,2101
27.5,5,13,6,2108
27.5,5,13,7,2114
27.5,5,13,8,2121
27.5,5,13,9,2127
27.5,5,13,10,2134
27.5,5,13,11,2140
27.5,5,13,12,2147
27.5,5,13,13,2153
27.5,5,13,14,2159
27.5,5,13,15,2166
27.5,5,14,0,2074
27.5,5,14,1,2081
27.5,5,14,2,2088
27.5,5,14,3,2094
27.5,5,14,4,2101
27.5,5,14,5,2108
27.5,5,14,6,2114
27.5,5,14,7,2121
27.5,5,14,8,2127
27.5,5,14,9,2134
27.5,5,14,10,2140
27.5,5,14,11,2147
27.5,5,14,12,2153
27.5,5,14,13,2160
27.5,5,14,14,2166
27.5,5,14,15,2173
27.5,5,15,0,2081
27.5,5,15,1,2088
27.5,5,15,2,2094
27.5,5,15,3,2101
27.5,5,15,4,2108
27.5,5,15,5,2114
27.5,5,15,6,2121
27.5,5,15,7,2127
27.5,5,15,8,2134
27.5,5,15,9,2140
27.5,5,15,10,2147
27.5,5,15,11,2153
27.5,5,15,12,2160
27.5,5,15,13,2166
27.5,5,15,14,2173
27.5,5,15,15,2179
27.5,6,0,0,1991
27.5,6,0,1,1997
27.5,6,0,2,2004
27.5,6,0,3,2010
27.5,6,0,4,2016
27.5,6,0,5,2023
27.5,6,0,6,2029
27.5,6,0,7,2035
27.5,6,0,8,2042
27.5,6,0,9,2048
27.5,6,0,10,2054
27.5,6,0,11,2060
27.5,6,0,12,2066
27.5,6,0,13,2073
27.5,6,0,14,2079
27.5,6,0,15,2085
27.5,6,1,0,1997
27.5,6,1,1,2004
27.5,6,1,2,2010
27.5,6,1,3,2017
27.5,6,1,4,2023
27.5,6,1,5,2029
27.5,6,1,6,2036
27.5,6,1,7,2042
27.5,6,1,8,2048
27.5,6,1,9,2055
27.5,6,1,10,2061
27.5,6,1,11,2067
27.5,6,1,12,2073
27.5,6,1,13,2080
27.5,6,1,14,2086
27.5,6,1,15,2092
27.5,6,2,0,2004
27.5,6,2,1,2011
27.5,6,2,2,2017
27.5,6,2,3,2023
27.5,6,2,4,2030
27.5,6,2,5,2036
27.5,6,2,6,2043
27.5,6,2,7,2049
27.5,6,2,8,2055
27.5,6,2,9,2062
27.5,6,2,10,2068
27.5,6,2,11,2074
27.5,6,2,12,2080
27.5,6,2,13,2087
27.5,6,2,14,2093
27.5,6,2,15,2099
27.5,6,3,0,2011
27.5,6,3,1,2017
27.5,6,3,2,2024
27.5,6,3,3,2030
27.5,6,3,4,2037
27.5,6,3,5,2043
27.5,6,3,6,2049
27.5,6,3,7,2056
27.5,6,3,8,2062
27.5,6,3,9,2068
27.5,6,3,10,2075
27.5,6,3,11,2081
27.5,6,3,12,2087
27.5,6,3,13,2093
27.5,6,3,14,2100
27.5,6,3,15,2106
27.5,6,4,0,2017
27.5,6,4,1,2024
27.5,6,4,2,2030
27.5,6,4,3,2037
27.5,6,4,4,2043
27.5,6,4,5,2050
27.5,6,4,6,2056
27.5,6,4,7,2062
27.5,6,4,8,2069
27.5,6,4,9,2075
27.5,6,4,10,2081
27.5,6,4,11,2088
27.5,6,4,12,2094
27.5,6,4,13,2100
27.5,6,4,14,2107
27.5,6,4,15,2113
27.5,6,5,0,2024
27.5,6,5,1,2030
27.5,6,5,2,2037
27.5,6,5,3,2043
27.5,6,5,4,2050
27.5,6,5,5,2056
27.5,6,5,6,2063
27.5,6,5,7,2069
27.5,6,5,8,2076
27.5,6,5,9,2082
27.5,6,5,10,2088
27.5,6,5,11,2095
27.5,6,5,12,2101
27.5,6,5,13,2107
27.5,6,5,14,2113
27.5,6,5,15,2120
27.5,6,6,0,2031
27.5,6,6,1,2037
27.5,6,6,2,2044
27.5,6,6,3,2050
27.5,6,6,4,2057
27.5,6,6,5,2063
27.5,6,6,6,2069
27.5,6,6,7,2076
27.5,6,6,8,2082
27.5,6,6,9,2089
27.5,6,6,10,2095
27.5,6,6,11,2101
27.5,6,6,12,2108
27.5,6,6,13,2114
27.5,6,6,14,2120
27.5,6,6,15,2127
27.5,6,7,0,2037
27.5,6,7,1,2044
27.5,6,7,2,2050
27.5,6,7,3,2057
27.5,6,7,4,2063
27.5,6,7,5,2070
27.5,6,7,6,2076
27.5,6,7,7,2083
27.5,6,7,8,2089
27.5,6,7,9,2095
27.5,6,7,10,2102
27.5,6,7,11,2108
27.5,6,7,12,2114
27.5,6,7,13,2121
27.5,6,7,14,2127
27.5,6,7,15,2133
27.5,6,8,0,2044
27.5,6,8,1,2050
27.5,6,8,2,2057
27.5,6,8,3,2063
27.5,6,8,4,2070
27.5,6,8,5,2076
27.5,6,8,6,2083
27.5,6,8,7,2089
27.5,6,8,8,2096
27.5,6,8,9,2102
27.5,6,8,10,2108
27.5,6,8,11,2115
27.5,6,8,12,2121
27.5,6,8,13,2128
27.5,6,8,14,2134
27.5,6,8,15,2140
27.5,6,9,0,2050
27.5,6,9,1,2057
27.5,6,9,2,2063
27.5,6,9,3,2070
27.5,6,9,4,2076
27.5,6,9,5,2083
27.5,6,9,6,2089
27.5,6,9,7,2096
27.5,6,9,8,2102
27.5,6,9,9,2109
27.5,6,9,10,2115
27.5,6,9,11,2122
27.5,6,9,12,2128
27.5,6,9,13,2134
27.5,6,9,14,2141
27.5,6,9,15,2147
27.5,6,10,0,2057
27.5,6,10,1,2063
27.5,6,10,2,2070
27.5,6,10,3,2076
27.5,6,10,4,2083
27.5,6,10,5,2089
27.5,6,10,6,2096
27.5,6,10,7,2102
27.5,6,10,8,2109
27.5,6,10,9,2115
27.5,6,10,10,2122
27.5,6,10,11,2128
27.5,6,10,12,2135
27.5,6,10,13,2141
27.5,6,10,14,2147
27.5,6,10,15,2154
27.5,6,11,0,2063
27.5,6,11,1,2070
27.5,6,11,2,2076
27.5,6,11,3,2083
27.5,6,11,4,2089
27.5,6,11,5,2096
27.5,6,11,6,2103
27.5,6,11,7,2109
27.5,6,11,8,2116
27.5,6,11,9,2122
27.5,6,11,10,2129
27.5,6,11,11,2135
27.5,6,11,12,2141
27.5,6,11,13,2148
27.5,6,11,14,2154
27.5,6,11,15,2161
27.5,6,12,0,2069
27.5,6,12,1,2076
27.5,6,12,2,2083
27.5,6,12,3,2089
27.5,6,12,4,2096
27.5,6,12,5,2103
27.5,6,12,6,2109
27.5,6,12,7,2116
27.5,6,12,8,2122
27.5,6,12,9,2129
27.5,6,12,10,2135
27.5,6,12,11,2142
27.5,6,12,12,2148
27.5,6,12,13,2155
27.5,6,12,14,2161
27.5,6,12,15,2167
27.5,6,13,0,2076
27.5,6,13,1,2083
27.5,6,13,2,2089
27.5,6,13,3,2096
27.5,6,13,4,2102
27.5,6,13,5,2109
27.5,6,13,6,2116
27.5,6,13,7,2122
27.5,6,13,8,2129
27.5,6,13,9,2135
27.5,6,13,10,2142
27.5,6,13,11,2148
27.5,6,13,12,2155
27.5,6,13,13,2161
27.5,6,13,14,2168
27.5,6,13,15,2174
27.5,6,14,0,2082
27.5,6,14,1,2089
27.5,6,14,2,2096
27.5,6,14,3,2102
27.5,6,14,4,2109
27.5,6,14,5,2116
27.5,6,14,6,2122
27.5,6,14,7,2129
27.5,6,14,8,2135
27.5,6,14,9,2142
27.5,6,14,10,2148
27.5,6,14,11,2155
27.5,6,14,12,2161
27.5,6,14,13,2168
27.5,6,14,14,2174
27.5,6,14,15,2181
27.5,6,15,0,2089
27.5,6,15,1,2095
27.5,6,15,2,2102
27.5,6,15,3,2109
27.5,6,15,4,2115
27.5,6,15,5,2122
27.5,6,15,6,2129
27.5,6,15,7,2135
27.5,6,15,8,2142
27.5,6,15,9,2148
27.5,6,15,10,2155
27.5,6,15,11,2162
27.5,6,15,12,2168
27.5,6,15,13,2174
27.5,6,15,14,2181
27.5,6,15,15,2187
27.5,7,0,0,1998
27.5,7,0,1,2005
27.5,7,0,2,2011
27.5,7,0,3,2018
27.5,7,0,4,2024
27.5,7,0,5,2030
27.5,7,0,6,2037
27.5,7,0,7,2043
27.5,7,0,8,2049
27.5,7,0,9,2055
27.5,7,0,10,2062
27.5,7,0,11,2068
27.5,7,0,12,2074
27.5,7,0,13,2080
27.5,7,0,14,2087
27.5,7,0,15,2093
27.5,7,1,0,2005
27.5,7,1,1,2011
27.5,7,1,2,2018
27.5,7,1,3,2024
27.5,7,1,4,2031
27.5,7,1,5,2037
27.5,7,1,6,2043
27.5,7,1,7,2050
27.5,7,1,8,2056
27.5,7,1,9,2062
27.5,7,1,10,2069
27.5,7,1,11,2075
27.5,7,1,12,2081
27.5,7,1,13,2087
27.5,7,1,14,2094
27.5,7,1,15,2100
27.5,7,2,0,2012
27.5,7,2,1,2018
27.5,7,2,2,2025
27.5,7,2,3,2031
27.5,7,2,4,2037
27.5,7,2,5,2044
27.5,7,2,6,2050
27.5,7,2,7,2057
27.5,7,2,8,2063
27.5,7,2,9,2069
27.5,7,2,10,2076
27.5,7,2,11,2082
27.5,7,2,12,2088
27.5,7,2,13,2094
27.5,7,2,14,2101
27.5,7,2,15,2107
27.5,7,3,0,2018
27.5,7,3,1,2025
27.5,7,3,2,2031
27.5,7,3,3,2038
27.5,7,3,4,2044
27.5,7,3,5,2051
27.5,7,3,6,2057
27.5,7,3,7,2063
27.5,7,3,8,2070
27.5,7,3,9,2076
27.5,7,3,10,2082
27.5,7,3,11,2089
27.5,7,3,12,2095
27.5,7,3,13,2101
27.5,7,3,14,2107
27.5,7,3,15,2114
27.5,7,4,0,2025
27.5,7,4,1,2031
27.5,7,4,2,2038
27.5,7,4,3,2044
27.5,7,4,4,2051
27.5,7,4,5,2057
27.5,7,4,6,2064
27.5,7,4,7,2070
27.5,7,4,8,2077
27.5,7,4,9,2083
27.5,7,4,10,2089
27.5,7,4,11,2096
27.5,7,4,12,2102
27.5,7,4,13,2108
27.5,7,4,14,2114
27.5,7,4,15,2121
27.5,7,5,0,2032
27.5,7,5,1,2038
27.5,7,5,2,2045
27.5,7,5,3,2051
27.5,7,5,4,2058
27.5,7,5,5,2064
27.5,7,5,6,2070
27.5,7,5,7,2077
27.5,7,5,8,2083
27.5,7,5,9,2090
27.5,7,5,10,2096
27.5,7,5,11,2102
27.5,7,5,12,2109
27.5,7,5,13,2115
27.5,7,5,14,2121
27.5,7,5,15,2128
27.5,7,6,0,2038
27.5,7,6,1,2045
27.5,7,6,2,2051
27.5,7,6,3,2058
27.5,7,6,4,2064
27.5,7,6,5,2071
27.5,7,6,6,2077
27.5,7,6,7,2084
27.5,7,6,8,2090
27.5,7,6,9,2096
27.5,7,6,10,2103
27.5,7,6,11,2109
27.5,7,6,12,2116
27.5,7,6,13,2122
27.5,7,6,14,2128
27.5,7,6,15,2134
27.5,7,7,0,2045
27.5,7,7,1,2051
27.5,7,7,2,2058
27.5,7,7,3,2064
27.5,7,7,4,2071
27.5,7,7,5,2077
27.5,7,7,6,2084
27.5,7,7,7,2090
27.5,7,7,8,2097
27.5,7,7,9,2103
27.5,7,7,10,2110
27.5,7,7,11,2116
27.5,7,7,12,2122
27.5,7,7,13,2129
27.5,7,7,14,2135
27.5,7,7,15,2141
27.5,7,8,0,2051
27.5,7,8,1,2058
27.5,7,8,2,2064
27.5,7,8,3,2071
27.5,7,8,4,2078
27.5,7,8,5,2084
27.5,7,8,6,2091
27.5,7,8,7,2097
27.5,7,8,8,2104
27.5,7,8,9,2110
27.5,7,8,10,2116
27.5,7,8,11,2123
27.5,7,8,12,2129
27.5,7,8,13,2136
27.5,7,8,14,2142
27.5,7,8,15,2148
27.5,7,9,0,2058
27.5,7,9,1,2064
27.5,7,9,2,2071
27.5,7,9,3,2078
27.5,7,9,4,2084
27.5,7,9,5,2091
27.5,7,9,6,2097
27.5,7,9,7,2104
27.5,7,9,8,2110
27.5,7,9,9,2117
27.5,7,9,10,2123
27.5,7,9,11,2130
27.5,7,9,12,2136
27.5,7,9,13,2142
27.5,7,9,14,2149
27.5,7,9,15,2155
27.5,7,10,0,2064
27.5,7,10,1,2071
27.5,7,10,2,2078
27.5,7,10,3,2084
27.5,7,10,4,2091
27.5,7,10,5,2097
27.5,7,10,6,2104
27.5,7,10,7,2110
27.5,7,10,8,2117
27.5,7,10,9,2123
27.5,7,10,10,2130
27.5,7,10,11,2136
27.5,7,10,12,2143
27.5,7,10,13,2149
27.5,7,10,14,2155
27.5,7,10,15,2162
27.5,7,11,0,2071
27.5,7,11,1,2077
27.5,7,11,2,2084
27.5,7,11,3,2091
27.5,7,11,4,2097
27.5,7,11,5,2104
27.5,7,11,6,2110
27.5,7,11,7,2117
27.5,7,11,8,2124
27.5,7,11,9,2130
27.5,7,11,10,2137
27.5,7,11,11,2143
27.5,7,11,12,2149
27.5,7,11,13,2156
27.5,7,11,14,2162
27.5,7,11,15,2169
27.5,7,12,0,2077
27.5,7,12,1,2084
27.5,7,12,2,2091
27.5,7,12,3,2097
27.5,7,12,4,2104
27.5,7,12,5,2110
27.5,7,12,6,2117
27.5,7,12,7,2124
27.5,7,12,8,2130
27.5,7,12,9,2137
27.5,7,12,10,2143
27.5,7,12,11,2150
27.5,7,12,12,2156
27.5,7,12,13,2163
27.5,7,12,14,2169
27.5,7,12,15,2175
27.5,7,13,0,2084
27.5,7,13,1,2090
27.5,7,13,2,2097
27.5,7,13,3,2104
27.5,7,13,4,2110
27.5,7,13,5,2117
27.5,7,13,6,2124
27.5,7,13,7,2130
27.5,7,13,8,2137
27.5,7,13,9,2143
27.5,7,13,10,2150
27.5,7,13,11,2156
27.5,7,13,12,2163
27.5,7,13,13,2169
27.5,7,13,14,2176
27.5,7,13,15,2182
27.5,7,14,0,2090
27.5,7,14,1,2097
27.5,7,14,2,2104
27.5,7,14,3,2110
27.5,7,14,4,2117
27.5,7,14,5,2124
27.5,7,14,6,2130
27.5,7,14,7,2137
27.5,7,14,8,2143
27.5,7,14,9,2150
27.5,7,14,10,2156
27.5,7,14,11,2163
27.5,7,14,12,2169
27.5,7,14,13,2176
27.5,7,14,14,2182
27.5,7,14,15,2189
27.5,7,15,0,2096
27.5,7,15,1,2103
27.5,7,15,2,2110
27.5,7,15,3,2117
27.5,7,15,4,2123
27.5,7,15,5,2130
27.5,7,15,6,2137
27.5,7,15,7,2143
27.5,7,15,8,2150
27.5,7,15,9,2156
27.5,7,15,10,2163
27.5,7,15,11,2170
27.5,7,15,12,2176
27.5,7,15,13,2183
27.5,7,15,14,2189
27.5,7,15,15,2196
27.5,8,0,0,2006
27.5,8,0,1,2012
27.5,8,0,2,2019
27.5,8,0,3,2025
27.5,8,0,4,2031
27.5,8,0,5,2038
27.5,8,0,6,2044
27.5,8,0,7,2051
27.5,8,0,8,2057
27.5,8,0,9,2063
27.5,8,0,10,2069
27.5,8,0,11,2076
27.5,8,0,12,2082
27.5,8,0,13,2088
27.5,8,0,14,2094
27.5,8,0,15,2101
27.5,8,1,0,2012
27.5,8,1,1,2019
27.5,8,1,2,2025
27.5,8,1,3,2032
27.5,8,1,4,2038
27.5,8,1,5,2045
27.5,8,1,6,2051
27.5,8,1,7,2057
27.5,8,1,8,2064
27.5,8,1,9,2070
27.5,8,1,10,2076
27.5,8,1,11,2083
27.5,8,1,12,2089
27.5,8,1,13,2095
27.5,8,1,14,2101
27.5,8,1,15,2108
27.5,8,2,0,2019
27.5,8,2,1,2026
27.5,8,2,2,2032
27.5,8,2,3,2039
27.5,8,2,4,2045
27.5,8,2,5,2051
27.5,8,2,6,2058
27.5,8,2,7,2064
27.5,8,2,8,2071
27.5,8,2,9,2077
27.5,8,2,10,2083
27.5,8,2,11,2090
27.5,8,2,12,2096
27.5,8,2,13,2102
27.5,8,2,14,2108
27.5,8,2,15,2115
27.5,8,3,0,2026
27.5,8,3,1,2032
27.5,8,3,2,2039
27.5,8,3,3,2045
27.5,8,3,4,2052
27.5,8,3,5,2058
27.5,8,3,6,2065
27.5,8,3,7,2071
27.5,8,3,8,2077
27.5,8,3,9,2084
27.5,8,3,10,2090
27.5,8,3,11,2096
27.5,8,3,12,2103
27.5,8,3,13,2109
27.5,8,3,14,2115
27.5,8,3,15,2122
27.5,8,4,0,2032
27.5,8,4,1,2039
27.5,8,4,2,2046
27.5,8,4,3,2052
27.5,8,4,4,2059
27.5,8,4,5,2065
27.5,8,4,6,2071
27.5,8,4,7,2078
27.5,8,4,8,2084
27.5,8,4,9,2091
27.5,8,4,10,2097
27.5,8,4,11,2103
27.5,8,4,12,2110
27.5,8,4,13,2116
27.5,8,4,14,2122
27.5,8,4,15,2129
27.5,8,5,0,2039
27.5,8,5,1,2046
27.5,8,5,2,2052
27.5,8,5,3,2059
27.5,8,5,4,2065
27.5,8,5,5,2072
27.5,8,5,6,2078
27.5,8,5,7,2085
27.5,8,5,8,2091
27.5,8,5,9,2097
27.5,8,5,10,2104
27.5,8,5,11,2110
27.5,8,5,12,2117
27.5,8,5,13,2123
27.5,8,5,14,2129
27.5,8,5,15,2136
27.5,8,6,0,2046
27.5,8,6,1,2052
27.5,8,6,2,2059
27.5,8,6,3,2065
27.5,8,6,4,2072
27.5,8,6,5,2078
27.5,8,6,6,2085
27.5,8,6,7,2091
27.5,8,6,8,2098
27.5,8,6,9,2104
27.5,8,6,10,2111
27.5,8,6,11,2117
27.5,8,6,12,2123
27.5,8,6,13,2130
27.5,8,6,14,2136
27.5,8,6,15,2142
27.5,8,7,0,2052
27.5,8,7,1,2059
27.5,8,7,2,2066
27.5,8,7,3,2072
27.5,8,7,4,2079
27.5,8,7,5,2085
27.5,8,7,6,2092
27.5,8,7,7,2098
27.5,8,7,8,2105
27.5,8,7,9,2111
27.5,8,7,10,2118
27.5,8,7,11,2124
27.5,8,7,12,2130
27.5,8,7,13,2137
27.5,8,7,14,2143
27.5,8,7,15,2149
27.5,8,8,0,2059
27.5,8,8,1,2066
27.5,8,8,2,2072
27.5,8,8,3,2079
27.5,8,8,4,2085
27.5,8,8,5,2092
27.5,8,8,6,2098
27.5,8,8,7,2105
27.5,8,8,8,2111
27.5,8,8,9,2118
27.5,8,8,10,2124
27.5,8,8,11,2131
27.5,8,8,12,2137
27.5,8,8,13,2144
27.5,8,8,14,2150
27.5,8,8,15,2156
27.5,8,9,0,2065
27.5,8,9,1,2072
27.5,8,9,2,2079
27.5,8,9,3,2085
27.5,8,9,4,2092
27.5,8,9,5,2098
27.5,8,9,6,2105
27.5,8,9,7,2112
27.5,8,9,8,2118
27.5,8,9,9,2125
27.5,8,9,10,2131
27.5,8,9,11,2137
27.5,8,9,12,2144
27.5,8,9,13,2150
27.5,8,9,14,2157
27.5,8,9,15,2163
27.5,8,10,0,2072
27.5,8,10,1,2079
27.5,8,10,2,2085
27.5,8,10,3,2092
27.5,8,10,4,2099
27.5,8,10,5,2105
27.5,8,10,6,2112
27.5,8,10,7,2118
27.5,8,10,8,2125
27.5,8,10,9,2131
27.5,8,10,10,2138
27.5,8,10,11,2144
27.5,8,10,12,2151
27.5,8,10,13,2157
27.5,8,10,14,2164
27.5,8,10,15,2170
27.5,8,11,0,2078
27.5,8,11,1,2085
27.5,8,11,2,2092
27.5,8,11,3,2098
27.5,8,11,4,2105
27.5,8,11,5,2112
27.5,8,11,6,2118
27.5,8,11,7,2125
27.5,8,11,8,2131
27.5,8,11,9,2138
27.5,8,11,10,2144
27.5,8,11,11,2151
27.5,8,11,12,2157
27.5,8,11,13,2164
27.5,8,11,14,2170
27.5,8,11,15,2177
27.5,8,12,0,2085
27.5,8,12,1,2092
27.5,8,12,2,2098
27.5,8,12,3,2105
27.5,8,12,4,2112
27.5,8,12,5,2118
27.5,8,12,6,2125
27.5,8,12,7,2132
27.5,8,12,8,2138
27.5,8,12,9,2145
27.5,8,12,10,2151
27.5,8,12,11,2158
27.5,8,12,12,2164
27.5,8,12,13,2171
27.5,8,12,14,2177
27.5,8,12,15,2184
27.5,8,13,0,2091
27.5,8,13,1,2098
27.5,8,13,2,2105
27.5,8,13,3,2112
27.5,8,13,4,2118
27.5,8,13,5,2125
27.5,8,13,6,2132
27.5,8,13,7,2138
27.5,8,13,8,2145
27.5,8,13,9,2151
27.5,8,13,10,2158
27.5,8,13,11,2164
27.5,8,13,12,2171
27.5,8,13,13,2177
27.5,8,13,14,2184
27.5,8,13,15,2190
27.5,8,14,0,2098
27.5,8,14,1,2105
27.5,8,14,2,2111
27.5,8,14,3,2118
27.5,8,14,4,2125
27.5,8,14,5,2131
27.5,8,14,6,2138
27.5,8,14,7,2145
27.5,8,14,8,2151
27.5,8,14,9,2158
27.5,8,14,10,2164
27.5,8,14,11,2171
27.5,8,14,12,2178
27.5,8,14,13,2184
27.5,8,14,14,2191
27.5,8,14,15,2197
27.5,8,15,0,2104
27.5,8,15,1,2111
27.5,8,15,2,2118
27.5,8,15,3,2125
27.5,8,15,4,2131
27.5,8,15,5,2138
27.5,8,15,6,2145
27.5,8,15,7,2151
27.5,8,15,8,2158
27.5,8,15,9,2165
27.5,8,15,10,2171
27.5,8,15,11,2178
27.5,8,15,12,2184
27.5,8,15,13,2191
27.5,8,15,14,2197
27.5,8,15,15,2204
27.5,9,0,0,2013
27.5,9,0,1,2020
27.5,9,0,2,2026
27.5,9,0,3,2033
27.5,9,0,4,2039
27.5,9,0,5,2045
27.5,9,0,6,2052
27.5,9,0,7,2058
27.5,9,0,8,2065
27.5,9,0,9,2071
27.5,9,0,10,2077
27.5,9,0,11,2083
27.5,9,0,12,2090
27.5,9,0,13,2096
27.5,9,0,14,2102
27.5,9,0,15,2108
27.5,9,1,0,2020
27.5,9,1,1,2026
27.5,9,1,2,2033
27.5,9,1,3,2039
27.5,9,1,4,2046
27.5,9,1,5,2052
27.5,9,1,6,2059
27.5,9,1,7,2065
27.5,9,1,8,2071
27.5,9,1,9,2078
27.5,9,1,10,2084
27.5,9,1,11,2090
27.5,9,1,12,2097
27.5,9,1,13,2103
27.5,9,1,14,2109
27.5,9,1,15,2115
27.5,9,2,0,2027
27.5,9,2,1,2033
27.5,9,2,2,2040
27.5,9,2,3,2046
27.5,9,2,4,2053
27.5,9,2,5,2059
27.5,9,2,6,2066
27.5,9,2,7,2072
27.5,9,2,8,2078
27.5,9,2,9,2085
27.5,9,2,10,2091
27.5,9,2,11,2097
27.5,9,2,12,2104
27.5,9,2,13,2110
27.5,9,2,14,2116
27.5,9,2,15,2122
27.5,9,3,0,2033
27.5,9,3,1,2040
27.5,9,3,2,2046
27.5,9,3,3,2053
27.5,9,3,4,2059
27.5,9,3,5,2066
27.5,9,3,6,2072
27.5,9,3,7,2079
27.5,9,3,8,2085
27.5,9,3,9,2092
27.5,9,3,10,2098
27.5,9,3,11,2104
27.5,9,3,12,2111
27.5,9,3,13,2117
27.5,9,3,14,2123
27.5,9,3,15,2129
27.5,9,4,0,2040
27.5,9,4,1,2047
27.5,9,4,2,2053
27.5,9,4,3,2060
27.5,9,4,4,2066
27.5,9,4,5,2073
27.5,9,4,6,2079
27.5,9,4,7,2086
27.5,9,4,8,2092
27.5,9,4,9,2098
27.5,9,4,10,2105
27.5,9,4,11,2111
27.5,9,4,12,2118
27.5,9,4,13,2124
27.5,9,4,14,2130
27.5,9,4,15,2136
27.5,9,5,0,2047
27.5,9,5,1,2053
27.5,9,5,2,2060
27.5,9,5,3,2066
27.5,9,5,4,2073
27.5,9,5,5,2079
27.5,9,5,6,2086
27.5,9,5,7,2092
27.5,9,5,8,2099
27.5,9,5,9,2105
27.5,9,5,10,2112
27.5,9,5,11,2118
27.5,9,5,12,2124
27.5,9,5,13,2131
27.5,9,5,14,2137
27.5,9,5,15,2143
27.5,9,6,0,2053
27.5,9,6,1,2060
27.5,9,6,2,2067
27.5,9,6,3,2073
27.5,9,6,4,2080
27.5,9,6,5,2086
27.5,9,6,6,2093
27.5,9,6,7,2099
27.5,9,6,8,2106
27.5,9,6,9,2112
27.5,9,6,10,2119
27.5,9,6,11,2125
27.5,9,6,12,2131
27.5,9,6,13,2138
27.5,9,6,14,2144
27.5,9,6,15,2150
27.5,9,7,0,2060
27.5,9,7,1,2067
27.5,9,7,2,2073
27.5,9,7,3,2080
27.5,9,7,4,2086
27.5,9,7,5,2093
27.5,9,7,6,2099
27.5,9,7,7,2106
27.5,9,7,8,2112
27.5,9,7,9,2119
27.5,9,7,10,2125
27.5,9,7,11,2132
27.5,9,7,12,2138
27.5,9,7,13,2145
27.5,9,7,14,2151
27.5,9,7,15,2157
27.5,9,8,0,2067
27.5,9,8,1,2073
27.5,9,8,2,2080
27.5,9,8,3,2086
27.5,9,8,4,2093
27.5,9,8,5,2100
27.5,9,8,6,2106
27.5,9,8,7,2113
27.5,9,8,8,2119
27.5,9,8,9,2126
27.5,9,8,10,2132
27.5,9,8,11,2139
27.5,9,8,12,2145
27.5,9,8,13,2151
27.5,9,8,14,2158
27.5,9,8,15,2164
27.5,9,9,0,2073
27.5,9,9,1,2080
27.5,9,9,2,2086
27.5,9,9,3,2093
27.5,9,9,4,2100
27.5,9,9,5,2106
27.5,9,9,6,2113
27.5,9,9,7,2119
27.5,9,9,8,2126
27.5,9,9,9,2132
27.5,9,9,10,2139
27.5,9,9,11,2145
27.5,9,9,12,2152
27.5,9,9,13,2158
27.5,9,9,14,2165
27.5,9,9,15,2171
27.5,9,10,0,2080
27.5,9,10,1,2086
27.5,9,10,2,2093
27.5,9,10,3,2100
27.5,9,10,4,2106
27.5,9,10,5,2113
27.5,9,10,6,2120
27.5,9,10,7,2126
27.5,9,10,8,2133
27.5,9,10,9,2139
27.5,9,10,10,2146
27.5,9,10,11,2152
27.5,9,10,12,2159
27.5,9,10,13,2165
27.5,9,10,14,2172
27.5,9,10,15,2178
27.5,9,11,0,2086
27.5,9,11,1,2093
27.5,9,11,2,2100
27.5,9,11,3,2106
27.5,9,11,4,2113
27.5,9,11,5,2120
27.5,9,11,6,2126
27.5,9,11,7,2133
27.5,9,11,8,2139
27.5,9,11,9,2146
27.5,9,11,10,2152
27.5,9,11,11,2159
27.5,9,11,12,2165
27.5,9,11,13,2172
27.5,9,11,14,2178
27.5,9,11,15,2185
27.5,9,12,0,2093
27.5,9,12,1,2099
27.5,9,12,2,2106
27.5,9,12,3,2113
27.5,9,12,4,2120
27.5,9,12,5,2126
27.5,9,12,6,2133
27.5,9,12,7,2139
27.5,9,12,8,2146
27.5,9,12,9,2153
27.5,9,12,10,2159
27.5,9,12,11,2166
27.5,9,12,12,2172
27.5,9,12,13,2179
27.5,9,12,14,2185
27.5,9,12,15,2192
27.5,9,13,0,2099
27.5,9,13,1,2106
27.5,9,13,2,2113
27.5,9,13,3,2119
27.5,9,13,4,2126
27.5,9,13,5,2133
27.5,9,13,6,2139
27.5,9,13,7,2146
27.5,9,13,8,2153
27.5,9,13,9,2159
27.5,9,13,10,2166
27.5,9,13,11,2172
27.5,9,13,12,2179
27.5,9,13,13,2185
27.5,9,13,14,2192
27.5,9,13,15,2198
27.5,9,14,0,2106
27.5,9,14,1,2112
27.5,9,14,2,2119
27.5,9,14,3,2126
27.5,9,14,4,2133
27.5,9,14,5,2139
27.5,9,14,6,2146
27.5,9,14,7,2153
27.5,9,14,8,2159
27.5,9,14,9,2166
27.5,9,14,10,2173
27.5,9,14,11,2179
27.5,9,14,12,2186
27.5,9,14,13,2192
27.5,9,14,14,2199
27.5,9,14,15,2205
27.5,9,15,0,2112
27.5,9,15,1,2119
27.5,9,15,2,2126
27.5,9,15,3,2132
27.5,9,15,4,2139
27.5,9,15,5,2146
27.5,9,15,6,2153
27.5,9,15,7,2159
27.5,9,15,8,2166
27.5,9,15,9,2173
27.5,9,15,10,2179
27.5,9,15,11,2186
27.5,9,15,12,2192
27.5,9,15,13,2199
27.5,9,15,14,2205
27.5,9,15,15,2212
27.5,10,0,0,2021
27.5,10,0,1,2027
27.5,10,0,2,2034
27.5,10,0,3,2040
27.5,10,0,4,2047
27.5,10,0,5,2053
27.5,10,0,6,2059
27.5,10,0,7,2066
27.5,10,0,8,2072
27.5,10,0,9,2078
27.5,10,0,10,2085
27.5,10,0,11,2091
27.5,10,0,12,2097
27.5,10,0,13,2104
27.5,10,0,14,2110
27.5,10,0,15,2116
27.5,10,1,0,2027
27.5,10,1,1,2034
27.5,10,1,2,2040
27.5,10,1,3,2047
27.5,10,1,4,2053
27.5,10,1,5,2060
27.5,10,1,6,2066
27.5,10,1,7,2073
27.5,10,1,8,2079
27.5,10,1,9,2085
27.5,10,1,10,2092
27.5,10,1,11,2098
27.5,10,1,12,2104
27.5,10,1,13,2111
27.5,10,1,14,2117
27.5,10,1,15,2123
27.5,10,2,0,2034
27.5,10,2,1,2041
27.5,10,2,2,2047
27.5,10,2,3,2054
27.5,10,2,4,2060
27.5,10,2,5,2067
27.5,10,2,6,2073
27.5,10,2,7,2080
27.5,10,2,8,2086
27.5,10,2,9,2092
27.5,10,2,10,2099
27.5,10,2,11,2105
27.5,10,2,12,2111
27.5,10,2,13,2118
27.5,10,2,14,2124
27.5,10,2,15,2130
27.5,10,3,0,2041
27.5,10,3,1,2047
27.5,10,3,2,2054
27.5,10,3,3,2061
27.5,10,3,4,2067
27.5,10,3,5,2074
27.5,10,3,6,2080
27.5,10,3,7,2086
27.5,10,3,8,2093
27.5,10,3,9,2099
27.5,10,3,10,2106
27.5,10,3,11,2112
27.5,10,3,12,2118
27.5,10,3,13,2125
27.5,10,3,14,2131
27.5,10,3,15,2137
27.5,10,4,0,2048
27.5,10,4,1,2054
27.5,10,4,2,2061
27.5,10,4,3,2067
27.5,10,4,4,2074
27.5,10,4,5,2080
27.5,10,4,6,2087
27.5,10,4,7,2093
27.5,10,4,8,2100
27.5,10,4,9,2106
27.5,10,4,10,2113
27.5,10,4,11,2119
27.5,10,4,12,2125
27.5,10,4,13,2132
27.5,10,4,14,2138
27.5,10,4,15,2144
27.5,10,5,0,2054
27.5,10,5,1,2061
27.5,10,5,2,2067
27.5,10,5,3,2074
27.5,10,5,4,2081
27.5,10,5,5,2087
27.5,10,5,6,2094
27.5,10,5,7,2100
27.5,10,5,8,2107
27.5,10,5,9,2113
27.5,10,5,10,2120
27.5,10,5,11,2126
27.5,10,5,12,2132
27.5,10,5,13,2139
27.5,10,5,14,2145
27.5,10,5,15,2151
27.5,10,6,0,2061
27.5,10,6,1,2068
27.5,10,6,2,2074
27.5,10,6,3,2081
27.5,10,6,4,2087
27.5,10,6,5,2094
27.5,10,6,6,2100
27.5,10,6,7,2107
27.5,10,6,8,2113
27.5,10,6,9,2120
27.5,10,6,10,2126
27.5,10,6,11,2133
27.5,10,6,12,2139
27.5,10,6,13,2146
27.5,10,6,14,2152
27.5,10,6,15,2158
27.5,10,7,0,2068
27.5,10,7,1,2074
27.5,10,7,2,2081
27.5,10,7,3,2087
27.5,10,7,4,2094
27.5,10,7,5,2101
27.5,10,7,6,2107
27.5,10,7,7,2114
27.5,10,7,8,2120
27.5,10,7,9,2127
27.5,10,7,10,2133
27.5,10,7,11,2140
27.5,10,7,12,2146
27.5,10,7,13,2153
27.5,10,7,14,2159
27.5,10,7,15,2165
27.5,10,8,0,2074
27.5,10,8,1,2081
27.5,10,8,2,2088
27.5,10,8,3,2094
27.5,10,8,4,2101
27.5,10,8,5,2107
27.5,10,8,6,2114
27.5,10,8,7,2121
27.5,10,8,8,2127
27.5,10,8,9,2134
27.5,10,8,10,2140
27.5,10,8,11,2147
27.5,10,8,12,2153
27.5,10,8,13,2159
27.5,10,8,14,2166
27.5,10,8,15,2172
27.5,10,9,0,2081
27.5,10,9,1,2087
27.5,10,9,2,2094
27.5,10,9,3,2101
27.5,10,9,4,2107
27.5,10,9,5,2114
27.5,10,9,6,2121
27.5,10,9,7,2127
27.5,10,9,8,2134
27.5,10,9,9,2140
27.5,10,9,10,2147
27.5,10,9,11,2153
27.5,10,9,12,2160
27.5,10,9,13,2166
27.5,10,9,14,2173
27.5,10,9,15,2179
27.5,10,10,0,2087
27.5,10,10,1,2094
27.5,10,10,2,2101
27.5,10,10,3,2107
27.5,10,10,4,2114
27.5,10,10,5,2121
27.5,10,10,6,2127
27.5,10,10,7,2134
27.5,10,10,8,2141
27.5,10,10,9,2147
27.5,10,10,10,2154
27.5,10,10,11,2160
27.5,10,10,12,2167
27.5,10,10,13,2173
27.5,10,10,14,2180
27.5,10,10,15,2186
27.5,10,11,0,2094
27.5,10,11,1,2101
27.5,10,11,2,2107
27.5,10,11,3,2114
27.5,10,11,4,2121
27.5,10,11,5,2127
27.5,10,11,6,2134
27.5,10,11,7,2141
27.5,10,11,8,2147
27.5,10,11,9,2154
27.5,10,11,10,2160
27.5,10,11,11,2167
27.5,10,11,12,2173
27.5,10,11,13,2180
27.5,10,11,14,2186
27.5,10,11,15,2193
27.5,10,12,0,2100
27.5,10,12,1,2107
27.5,10,12,2,2114
27.5,10,12,3,2121
27.5,10,12,4,2127
27.5,10,12,5,2134
27.5,10,12,6,2141
27.5,10,12,7,2147
27.5,10,12,8,2154
27.5,10,12,9,2161
27.5,10,12,10,2167
27.5,10,12,11,2174
27.5,10,12,12,2180
27.5,10,12,13,2187
27.5,10,12,14,2193
27.5,10,12,15,2200
27.5,10,13,0,2107
27.5,10,13,1,2114
27.5,10,13,2,2121
27.5,10,13,3,2127
27.5,10,13,4,2134
27.5,10,13,5,2141
27.5,10,13,6,2147
27.5,10,13,7,2154
27.5,10,13,8,2161
27.5,10,13,9,2167
27.5,10,13,10,2174
27.5,10,13,11,2180
27.5,10,13,12,2187
27.5,10,13,13,2194
27.5,10,13,14,2200
27.5,10,13,15,2207
27.5,10,14,0,2113
27.5,10,14,1,2120
27.5,10,14,2,2127
27.5,10,14,3,2134
27.5,10,14,4,2141
27.5,10,14,5,2147
27.5,10,14,6,2154
27.5,10,14,7,2161
27.5,10,14,8,2167
27.5,10,14,9,2174
27.5,10,14,10,2181
27.5,10,14,11,2187
27.5,10,14,12,2194
27.5,10,14,13,2200
27.5,10,14,14,2207
27.5,10,14,15,2213
27.5,10,15,0,2120
27.5,10,15,1,2127
27.5,10,15,2,2134
27.5,10,15,3,2140
27.5,10,15,4,2147
27.5,10,15,5,2154
27.5,10,15,6,2161
27.5,10,15,7,2167
27.5,10,15,8,2174
27.5,10,15,9,2181
27.5,10,15,10,2187
27.5,10,15,11,2194
27.5,10,15,12,2200
27.5,10,15,13,2207
27.5,10,15,14,2214
27.5,10,15,15,2220
27.5,11,0,0,2028
27.5,11,0,1,2035
27.5,11,0,2,2041
27.5,11,0,3,2048
27.5,11,0,4,2054
27.5,11,0,5,2061
27.5,11,0,6,2067
27.5,11,0,7,2073
27.5,11,0,8,2080
27.5,11,0,9,2086
27.5,11,0,10,2093
27.5,11,0,11,2099
27.5,11,0,12,2105
27.5,11,0,13,2111
27.5,11,0,14,2118
27.5,11,0,15,2124
27.5,11,1,0,2035
27.5,11,1,1,2041
27.5,11,1,2,2048
27.5,11,1,3,2055
27.5,11,1,4,2061
27.5,11,1,5,2067
27.5,11,1,6,2074
27.5,11,1,7,2080
27.5,11,1,8,2087
27.5,11,1,9,2093
27.5,11,1,10,2100
27.5,11,1,11,2106
27.5,11,1,12,2112
27.5,11,1,13,2119
27.5,11,1,14,2125
27.5,11,1,15,2131
27.5,11,2,0,2042
27.5,11,2,1,2048
27.5,11,2,2,2055
27.5,11,2,3,2061
27.5,11,2,4,2068
27.5,11,2,5,2074
27.5,11,2,6,2081
27.5,11,2,7,2087
27.5,11,2,8,2094
27.5,11,2,9,2100
27.5,11,2,10,2107
27.5,11,2,11,2113
27.5,11,2,12,2119
27.5,11,2,13,2126
27.5,11,2,14,2132
27.5,11,2,15,2138
27.5,11,3,0,2048
27.5,11,3,1,2055
27.5,11,3,2,2062
27.5,11,3,3,2068
27.5,11,3,4,2075
27.5,11,3,5,2081
27.5,11,3,6,2088
27.5,11,3,7,2094
27.5,11,3,8,2101
27.5,11,3,9,2107
27.5,11,3,10,2113
27.5,11,3,11,2120
27.5,11,3,12,2126
27.5,11,3,13,2133
27.5,11,3,14,2139
27.5,11,3,15,2145
27.5,11,4,0,2055
27.5,11,4,1,2062
27.5,11,4,2,2068
27.5,11,4,3,2075
27.5,11,4,4,2082
27.5,11,4,5,2088
27.5,11,4,6,2095
27.5,11,4,7,2101
27.5,11,4,8,2108
27.5,11,4,9,2114
27.5,11,4,10,2120
27.5,11,4,11,2127
27.5,11,4,12,2133
27.5,11,4,13,2140
27.5,11,4,14,2146
27.5,11,4,15,2152
27.5,11,5,0,2062
27.5,11,5,1,2069
27.5,11,5,2,2075
27.5,11,5,3,2082
27.5,11,5,4,2088
27.5,11,5,5,2095
27.5,11,5,6,2101
27.5,11,5,7,2108
27.5,11,5,8,2114
27.5,11,5,9,2121
27.5,11,5,10,2127
27.5,11,5,11,2134
27.5,11,5,12,2140
27.5,11,5,13,2147
27.5,11,5,14,2153
27.5,11,5,15,2159
27.5,11,6,0,2069
27.5,11,6,1,2075
27.5,11,6,2,2082
27.5,11,6,3,2088
27.5,11,6,4,2095
27.5,11,6,5,2102
27.5,11,6,6,2108
27.5,11,6,7,2115
27.5,11,6,8,2121
27.5,11,6,9,2128
27.5,11,6,10,2134
27.5,11,6,11,2141
27.5,11,6,12,2147
27.5,11,6,13,2154
27.5,11,6,14,2160
27.5,11,6,15,2166
27.5,11,7,0,2075
27.5,11,7,1,2082
27.5,11,7,2,2089
27.5,11,7,3,2095
27.5,11,7,4,2102
27.5,11,7,5,2108
27.5,11,7,6,2115
27.5,11,7,7,2122
27.5,11,7,8,2128
27.5,11,7,9,2135
27.5,11,7,10,2141
27.5,11,7,11,2148
27.5,11,7,12,2154
27.5,11,7,13,2161
27.5,11,7,14,2167
27.5,11,7,15,2173
27.5,11,8,0,2082
27.5,11,8,1,2089
27.5,11,8,2,2095
27.5,11,8,3,2102
27.5,11,8,4,2109
27.5,11,8,5,2115
27.5,11,8,6,2122
27.5,11,8,7,2128
27.5,11,8,8,2135
27.5,11,8,9,2141
27.5,11,8,10,2148
27.5,11,8,11,2154
27.5,11,8,12,2161
27.5,11,8,13,2167
27.5,11,8,14,2174
27.5,11,8,15,2180
27.5,11,9,0,2088
27.5,11,9,1,2095
27.5,11,9,2,2102
27.5,11,9,3,2109
27.5,11,9,4,2115
27.5,11,9,5,2122
27.5,11,9,6,2129
27.5,11,9,7,2135
27.5,11,9,8,2142
27.5,11,9,9,2148
27.5,11,9,10,2155
27.5,11,9,11,2161
27.5,11,9,12,2168
27.5,11,9,13,2174
27.5,11,9,14,2181
27.5,11,9,15,2187
27.5,11,10,0,2095
27.5,11,10,1,2102
27.5,11,10,2,2109
27.5,11,10,3,2115
27.5,11,10,4,2122
27.5,11,10,5,2129
27.5,11,10,6,2135
27.5,11,10,7,2142
27.5,11,10,8,2148
27.5,11,10,9,2155
27.5,11,10,10,2162
27.5,11,10,11,2168
27.5,11,10,12,2175
27.5,11,10,13,2181
27.5,11,10,14,2188
27.5,11,10,15,2194
27.5,11,11,0,2102
27.5,11,11,1,2108
27.5,11,11,2,2115
27.5,11,11,3,2122
27.5,11,11,4,2129
27.5,11,11,5,2135
27.5,11,11,6,2142
27.5,11,11,7,2149
27.5,11,11,8,2155
27.5,11,11,9,2162
27.5,11,11,10,2168
27.5,11,11,11,2175
27.5,11,11,12,2182
27.5,11,11,13,2188
27.5,11,11,14,2195
27.5,11,11,15,2201
27.5,11,12,0,2108
27.5,11,12,1,2115
27.5,11,12,2,2122
27.5,11,12,3,2129
27.5,11,12,4,2135
27.5,11,12,5,2142
27.5,11,12,6,2149
27.5,11,12,7,2155
27.5,11,12,8,2162
27.5,11,12,9,2169
27.5,11,12,10,2175
27.5,11,12,11,2182
27.5,11,12,12,2188
27.5,11,12,13,2195
27.5,11,12,14,2201
27.5,11,12,15,2208
27.5,11,13,0,2115
27.5,11,13,1,2122
27.5,11,13,2,2128
27.5,11,13,3,2135
27.5,11,13,4,2142
27.5,11,13,5,2149
27.5,11,13,6,2155
27.5,11,13,7,2162
27.5,11,13,8,2169
27.5,11,13,9,2175
27.5,11,13,10,2182
27.5,11,13,11,2189
27.5,11,13,12,2195
27.5,11,13,13,2202
27.5,11,13,14,2208
27.5,11,13,15,2215
27.5,11,14,0,2121
27.5,11,14,1,2128
27.5,11,14,2,2135
27.5,11,14,3,2142
27.5,11,14,4,2148
27.5,11,14,5,2155
27.5,11,14,6,2162
27.5,11,14,7,2169
27.5,11,14,8,2175
27.5,11,14,9,2182
27.5,11,14,10,2189
27.5,11,14,11,2195
27.5,11,14,12,2202
27.5,11,14,13,2208
27.5,11,14,14,2215
27.5,11,14,15,2222
27.5,11,15,0,2128
27.5,11,15,1,2135
27.5,11,15,2,2141
27.5,11,15,3,2148
27.5,11,15,4,2155
27.5,11,15,5,2162
27.5,11,15,6,2169
27.5,11,15,7,2175
27.5,11,15,8,2182
27.5,11,15,9,2189
27.5,11,15,10,2195
27.5,11,15,11,2202
27.5,11,15,12,2209
27.5,11,15,13,2215
27.5,11,15,14,2222
27.5,11,15,15,2228
27.5,12,0,0,2036
27.5,12,0,1,2042
27.5,12,0,2,2049
27.5,12,0,3,2055
27.5,12,0,4,2062
27.5,12,0,5,2068
27.5,12,0,6,2075
27.5,12,0,7,2081
27.5,12,0,8,2087
27.5,12,0,9,2094
27.5,12,0,10,2100
27.5,12,0,11,2107
27.5,12,0,12,2113
27.5,12,0,13,2119
27.5,12,0,14,2126
27.5,12,0,15,2132
27.5,12,1,0,2042
27.5,12,1,1,2049
27.5,12,1,2,2056
27.5,12,1,3,2062
27.5,12,1,4,2069
27.5,12,1,5,2075
27.5,12,1,6,2082
27.5,12,1,7,2088
27.5,12,1,8,2094
27.5,12,1,9,2101
27.5,12,1,10,2107
27.5,12,1,11,2114
27.5,12,1,12,2120
27.5,12,1,13,2126
27.5,12,1,14,2133
27.5,12,1,15,2139
27.5,12,2,0,2049
27.5,12,2,1,2056
27.5,12,2,2,2062
27.5,12,2,3,2069
27.5,12,2,4,2075
27.5,12,2,5,2082
27.5,12,2,6,2088
27.5,12,2,7,2095
27.5,12,2,8,2101
27.5,12,2,9,2108
27.5,12,2,10,2114
27.5,12,2,11,2121
27.5,12,2,12,2127
27.5,12,2,13,2133
27.5,12,2,14,2140
27.5,12,2,15,2146
27.5,12,3,0,2056
27.5,12,3,1,2063
27.5,12,3,2,2069
27.5,12,3,3,2076
27.5,12,3,4,2082
27.5,12,3,5,2089
27.5,12,3,6,2095
27.5,12,3,7,2102
27.5,12,3,8,2108
27.5,12,3,9,2115
27.5,12,3,10,2121
27.5,12,3,11,2128
27.5,12,3,12,2134
27.5,12,3,13,2140
27.5,12,3,14,2147
27.5,12,3,15,2153
27.5,12,4,0,2063
27.5,12,4,1,2069
27.5,12,4,2,2076
27.5,12,4,3,2083
27.5,12,4,4,2089
27.5,12,4,5,2096
27.5,12,4,6,2102
27.5,12,4,7,2109
27.5,12,4,8,2115
27.5,12,4,9,2122
27.5,12,4,10,2128
27.5,12,4,11,2135
27.5,12,4,12,2141
27.5,12,4,13,2147
27.5,12,4,14,2154
27.5,12,4,15,2160
27.5,12,5,0,2069
27.5,12,5,1,2076
27.5,12,5,2,2083
27.5,12,5,3,2089
27.5,12,5,4,2096
27.5,12,5,5,2103
27.5,12,5,6,2109
27.5,12,5,7,2116
27.5,12,5,8,2122
27.5,12,5,9,2129
27.5,12,5,10,2135
27.5,12,5,11,2142
27.5,12,5,12,2148
27.5,12,5,13,2154
27.5,12,5,14,2161
27.5,12,5,15,2167
27.5,12,6,0,2076
27.5,12,6,1,2083
27.5,12,6,2,2090
27.5,12,6,3,2096
27.5,12,6,4,2103
27.5,12,6,5,2109
27.5,12,6,6,2116
27.5,12,6,7,2123
27.5,12,6,8,2129
27.5,12,6,9,2136
27.5,12,6,10,2142
27.5,12,6,11,2149
27.5,12,6,12,2155
27.5,12,6,13,2161
27.5,12,6,14,2168
27.5,12,6,15,2174
27.5,12,7,0,2083
27.5,12,7,1,2090
27.5,12,7,2,2096
27.5,12,7,3,2103
27.5,12,7,4,2110
27.5,12,7,5,2116
27.5,12,7,6,2123
27.5,12,7,7,2129
27.5,12,7,8,2136
27.5,12,7,9,2142
27.5,12,7,10,2149
27.5,12,7,11,2155
27.5,12,7,12,2162
27.5,12,7,13,2168
27.5,12,7,14,2175
27.5,12,7,15,2181
27.5,12,8,0,2090
27.5,12,8,1,2096
27.5,12,8,2,2103
27.5,12,8,3,2110
27.5,12,8,4,2116
27.5,12,8,5,2123
27.5,12,8,6,2130
27.5,12,8,7,2136
27.5,12,8,8,2143
27.5,12,8,9,2149
27.5,12,8,10,2156
27.5,12,8,11,2162
27.5,12,8,12,2169
27.5,12,8,13,2175
27.5,12,8,14,2182
27.5,12,8,15,2188
27.5,12,9,0,2096
27.5,12,9,1,2103
27.5,12,9,2,2110
27.5,12,9,3,2116
27.5,12,9,4,2123
27.5,12,9,5,2130
27.5,12,9,6,2136
27.5,12,9,7,2143
27.5,12,9,8,2150
27.5,12,9,9,2156
27.5,12,9,10,2163
27.5,12,9,11,2169
27.5,12,9,12,2176
27.5,12,9,13,2182
27.5,12,9,14,2189
27.5,12,9,15,2195
27.5,12,10,0,2103
27.5,12,10,1,2110
27.5,12,10,2,2116
27.5,12,10,3,2123
27.5,12,10,4,2130
27.5,12,10,5,2136
27.5,12,10,6,2143
27.5,12,10,7,2150
27.5,12,10,8,2156
27.5,12,10,9,2163
27.5,12,10,10,2170
27.5,12,10,11,2176
27.5,12,10,12,2183
27.5,12,10,13,2189
27.5,12,10,14,2196
27.5,12,10,15,2202
27.5,12,11,0,2109
27.5,12,11,1,2116
27.5,12,11,2,2123
27.5,12,11,3,2130
27.5,12,11,4,2136
27.5,12,11,5,2143
27.5,12,11,6,2150
27.5,12,11,7,2156
27.5,12,11,8,2163
27.5,12,11,9,2170
27.5,12,11,10,2176
27.5,12,11,11,2183
27.5,12,11,12,2190
27.5,12,11,13,2196
27.5,12,11,14,2203
27.5,12,11,15,2209
27.5,12,12,0,2116
27.5,12,12,1,2123
27.5,12,12,2,2130
27.5,12,12,3,2136
27.5,12,12,4,2143
27.5,12,12,5,2150
27.5,12,12,6,2157
27.5,12,12,7,2163
27.5,12,12,8,2170
27.5,12,12,9,2177
27.5,12,12,10,2183
27.5,12,12,11,2190
27.5,12,12,12,2196
27.5,12,12,13,2203
27.5,12,12,14,2209
27.5,12,12,15,2216
27.5,12,13,0,2123
27.5,12,13,1,2129
27.5,12,13,2,2136
27.5,12,13,3,2143
27.5,12,13,4,2150
27.5,12,13,5,2156
27.5,12,13,6,2163
27.5,12,13,7,2170
27.5,12,13,8,2177
27.5,12,13,9,2183
27.5,12,13,10,2190
27.5,12,13,11,2197
27.5,12,13,12,2203
27.5,12,13,13,2210
27.5,12,13,14,2216
27.5,12,13,15,2223
27.5,12,14,0,2129
27.5,12,14,1,2136
27.5,12,14,2,2143
27.5,12,14,3,2150
27.5,12,14,4,2156
27.5,12,14,5,2163
27.5,12,14,6,2170
27.5,12,14,7,2177
27.5,12,14,8,2183
27.5,12,14,9,2190
27.5,12,14,10,2197
27.5,12,14,11,2203
27.5,12,14,12,2210
27.5,12,14,13,2217
27.5,12,14,14,2223
27.5,12,14,15,2230
27.5,12,15,0,2136
27.5,12,15,1,2142
27.5,12,15,2,2149
27.5,12,15,3,2156
27.5,12,15,4,2163
27.5,12,15,5,2170
27.5,12,15,6,2177
27.5,12,15,7,2183
27.5,12,15,8,2190
27.5,12,15,9,2197
27.5,12,15,10,2203
27.5,12,15,11,2210
27.5,12,15,12,2217
27.5,12,15,13,2223
27.5,12,15,14,2230
27.5,12,15,15,2237
27.5,13,0,0,2043
27.5,13,0,1,2050
27.5,13,0,2,2056
27.5,13,0,3,2063
27.5,13,0,4,2069
27.5,13,0,5,2076
27.5,13,0,6,2082
27.5,13,0,7,2089
27.5,13,0,8,2095
27.5,13,0,9,2102
27.5,13,0,10,2108
27.5,13,0,11,2114
27.5,13,0,12,2121
27.5,13,0,13,2127
27.5,13,0,14,2133
27.5,13,0,15,2140
27.5,13,1,0,2050
27.5,13,1,1,2056
27.5,13,1,2,2063
27.5,13,1,3,2070
27.5,13,1,4,2076
27.5,13,1,5,2083
27.5,13,1,6,2089
27.5,13,1,7,2096
27.5,13,1,8,2102
27.5,13,1,9,2109
27.5,13,1,10,2115
27.5,13,1,11,2121
27.5,13,1,12,2128
27.5,13,1,13,2134
27.5,13,1,14,2140
27.5,13,1,15,2147
27.5,13,2,0,2057
27.5,13,2,1,2063
27.5,13,2,2,2070
27.5,13,2,3,2077
27.5,13,2,4,2083
27.5,13,2,5,2090
27.5,13,2,6,2096
27.5,13,2,7,2103
27.5,13,2,8,2109
27.5,13,2,9,2116
27.5,13,2,10,2122
27.5,13,2,11,2128
27.5,13,2,12,2135
27.5,13,2,13,2141
27.5,13,2,14,2148
27.5,13,2,15,2154
27.5,13,3,0,2063
27.5,13,3,1,2070
27.5,13,3,2,2077
27.5,13,3,3,2083
27.5,13,3,4,2090
27.5,13,3,5,2097
27.5,13,3,6,2103
27.5,13,3,7,2110
27.5,13,3,8,2116
27.5,13,3,9,2123
27.5,13,3,10,2129
27.5,13,3,11,2135
27.5,13,3,12,2142
27.5,13,3,13,2148
27.5,13,3,14,2155
27.5,13,3,15,2161
27.5,13,4,0,2070
27.5,13,4,1,2077
27.5,13,4,2,2084
27.5,13,4,3,2090
27.5,13,4,4,2097
27.5,13,4,5,2103
27.5,13,4,6,2110
27.5,13,4,7,2117
27.5,13,4,8,2123
27.5,13,4,9,2130
27.5,13,4,10,2136
27.5,13,4,11,2142
27.5,13,4,12,2149
27.5,13,4,13,2155
27.5,13,4,14,2162
27.5,13,4,15,2168
27.5,13,5,0,2077
27.5,13,5,1,2084
27.5,13,5,2,2090
27.5,13,5,3,2097
27.5,13,5,4,2104
27.5,13,5,5,2110
27.5,13,5,6,2117
27.5,13,5,7,2123
27.5,13,5,8,2130
27.5,13,5,9,2136
27.5,13,5,10,2143
27.5,13,5,11,2149
27.5,13,5,12,2156
27.5,13,5,13,2162
27.5,13,5,14,2169
27.5,13,5,15,2175
27.5,13,6,0,2084
27.5,13,6,1,2090
27.5,13,6,2,2097
27.5,13,6,3,2104
27.5,13,6,4,2110
27.5,13,6,5,2117
27.5,13,6,6,2124
27.5,13,6,7,2130
27.5,13,6,8,2137
27.5,13,6,9,2143
27.5,13,6,10,2150
27.5,13,6,11,2156
27.5,13,6,12,2163
27.5,13,6,13,2169
27.5,13,6,14,2176
27.5,13,6,15,2182
27.5,13,7,0,2090
27.5,13,7,1,2097
27.5,13,7,2,2104
27.5,13,7,3,2111
27.5,13,7,4,2117
27.5,13,7,5,2124
27.5,13,7,6,2131
27.5,13,7,7,2137
27.5,13,7,8,2144
27.5,13,7,9,2150
27.5,13,7,10,2157
27.5,13,7,11,2163
27.5,13,7,12,2170
27.5,13,7,13,2176
27.5,13,7,14,2183
27.5,13,7,15,2189
27.5,13,8,0,2097
27.5,13,8,1,2104
27.5,13,8,2,2111
27.5,13,8,3,2117
27.5,13,8,4,2124
27.5,13,8,5,2131
27.5,13,8,6,2137
27.5,13,8,7,2144
27.5,13,8,8,2151
27.5,13,8,9,2157
27.5,13,8,10,2164
27.5,13,8,11,2170
27.5,13,8,12,2177
27.5,13,8,13,2183
27.5,13,8,14,2190
27.5,13,8,15,2196
27.5,13,9,0,2104
27.5,13,9,1,2111
27.5,13,9,2,2117
27.5,13,9,3,2124
27.5,13,9,4,2131
27.5,13,9,5,2138
27.5,13,9,6,2144
27.5,13,9,7,2151
27.5,13,9,8,2157
27.5,13,9,9,2164
27.5,13,9,10,2171
27.5,13,9,11,2177
27.5,13,9,12,2184
27.5,13,9,13,2190
27.5,13,9,14,2197
27.5,13,9,15,2203
27.5,13,10,0,2110
27.5,13,10,1,2117
27.5,13,10,2,2124
27.5,13,10,3,2131
27.5,13,10,4,2138
27.5,13,10,5,2144
27.5,13,10,6,2151
27.5,13,10,7,2158
27.5,13,10,8,2164
27.5,13,10,9,2171
27.5,13,10,10,2178
27.5,13,10,11,2184
27.5,13,10,12,2191
27.5,13,10,13,2197
27.5,13,10,14,2204
27.5,13,10,15,2210
27.5,13,11,0,2117
27.5,13,11,1,2124
27.5,13,11,2,2131
27.5,13,11,3,2138
27.5,13,11,4,2144
27.5,13,11,5,2151
27.5,13,11,6,2158
27.5,13,11,7,2164
27.5,13,11,8,2171
27.5,13,11,9,2178
27.5,13,11,10,2184
27.5,13,11,11,2191
27.5,13,11,12,2198
27.5,13,11,13,2204
27.5,13,11,14,2211
27.5,13,11,15,2217
27.5,13,12,0,2124
27.5,13,12,1,2131
27.5,13,12,2,2137
27.5,13,12,3,2144
27.5,13,12,4,2151
27.5,13,12,5,2158
27.5,13,12,6,2164
27.5,13,12,7,2171
27.5,13,12,8,2178
27.5,13,12,9,2185
27.5,13,12,10,2191
27.5,13,12,11,2198
27.5,13,12,12,2204
27.5,13,12,13,2211
27.5,13,12,14,2218
27.5,13,12,15,2224
27.5,13,13,0,2130
27.5,13,13,1,2137
27.5,13,13,2,2144
27.5,13,13,3,2151
27.5,13,13,4,2158
27.5,13,13,5,2164
27.5,13,13,6,2171
27.5,13,13,7,2178
27.5,13,13,8,2185
27.5,13,13,9,2191
27.5,13,13,10,2198
27.5,13,13,11,2205
27.5,13,13,12,2211
27.5,13,13,13,2218
27.5,13,13,14,2224
27.5,13,13,15,2231
27.5,13,14,0,2137
27.5,13,14,1,2144
27.5,13,14,2,2151
27.5,13,14,3,2157
27.5,13,14,4,2164
27.5,13,14,5,2171
27.5,13,14,6,2178
27.5,13,14,7,2185
27.5,13,14,8,2191
27.5,13,14,9,2198
27.5,13,14,10,2205
27.5,13,14,11,2211
27.5,13,14,12,2218
27.5,13,14,13,2225
27.5,13,14,14,2231
27.5,13,14,15,2238
27.5,13,15,0,2143
27.5,13,15,1,2150
27.5,13,15,2,2157
27.5,13,15,3,2164
27.5,13,15,4,2171
27.5,13,15,5,2178
27.5,13,15,6,2185
27.5,13,15,7,2191
27.5,13,15,8,2198
27.5,13,15,9,2205
27.5,13,15,10,2211
27.5,13,15,11,2218
27.5,13,15,12,2225
27.5,13,15,13,2232
27.5,13,15,14,2238
27.5,13,15,15,2245
27.5,14,0,0,2050
27.5,14,0,1,2057
27.5,14,0,2,2064
27.5,14,0,3,2070
27.5,14,0,4,2077
27.5,14,0,5,2083
27.5,14,0,6,2090
27.5,14,0,7,2096
27.5,14,0,8,2103
27.5,14,0,9,2109
27.5,14,0,10,2116
27.5,14,0,11,2122
27.5,14,0,12,2128
27.5,14,0,13,2135
27.5,14,0,14,2141
27.5,14,0,15,2147
27.5,14,1,0,2057
27.5,14,1,1,2064
27.5,14,1,2,2071
27.5,14,1,3,2077
27.5,14,1,4,2084
27.5,14,1,5,2090
27.5,14,1,6,2097
27.5,14,1,7,2103
27.5,14,1,8,2110
27.5,14,1,9,2116
27.5,14,1,10,2123
27.5,14,1,11,2129
27.5,14,1,12,2136
27.5,14,1,13,2142
27.5,14,1,14,2148
27.5,14,1,15,2155
27.5,14,2,0,2064
27.5,14,2,1,2071
27.5,14,2,2,2077
27.5,14,2,3,2084
27.5,14,2,4,2091
27.5,14,2,5,2097
27.5,14,2,6,2104
27.5,14,2,7,2110
27.5,14,2,8,2117
27.5,14,2,9,2123
27.5,14,2,10,2130
27.5,14,2,11,2136
27.5,14,2,12,2143
27.5,14,2,13,2149
27.5,14,2,14,2155
27.5,14,2,15,2162
27.5,14,3,0,2071
27.5,14,3,1,2078
27.5,14,3,2,2084
27.5,14,3,3,2091
27.5,14,3,4,2098
27.5,14,3,5,2104
27.5,14,3,6,2111
27.5,14,3,7,2117
27.5,14,3,8,2124
27.5,14,3,9,2130
27.5,14,3,10,2137
27.5,14,3,11,2143
27.5,14,3,12,2150
27.5,14,3,13,2156
27.5,14,3,14,2163
27.5,14,3,15,2169
27.5,14,4,0,2078
27.5,14,4,1,2085
27.5,14,4,2,2091
27.5,14,4,3,2098
27.5,14,4,4,2104
27.5,14,4,5,2111
27.5,14,4,6,2118
27.5,14,4,7,2124
27.5,14,4,8,2131
27.5,14,4,9,2137
27.5,14,4,10,2144
27.5,14,4,11,2150
27.5,14,4,12,2157
27.5,14,4,13,2163
27.5,14,4,14,2170
27.5,14,4,15,2176
27.5,14,5,0,2085
27.5,14,5,1,2091
27.5,14,5,2,2098
27.5,14,5,3,2105
27.5,14,5,4,2111
27.5,14,5,5,2118
27.5,14,5,6,2125
27.5,14,5,7,2131
27.5,14,5,8,2138
27.5,14,5,9,2144
27.5,14,5,10,2151
27.5,14,5,11,2157
27.5,14,5,12,2164
27.5,14,5,13,2170
27.5,14,5,14,2177
27.5,14,5,15,2183
27.5,14,6,0,2091
27.5,14,6,1,2098
27.5,14,6,2,2105
27.5,14,6,3,2112
27.5,14,6,4,2118
27.5,14,6,5,2125
27.5,14,6,6,2131
27.5,14,6,7,2138
27.5,14,6,8,2145
27.5,14,6,9,2151
27.5,14,6,10,2158
27.5,14,6,11,2164
27.5,14,6,12,2171
27.5,14,6,13,2177
27.5,14,6,14,2184
27.5,14,6,15,2190
27.5,14,7,0,2098
27.5,14,7,1,2105
27.5,14,7,2,2112
27.5,14,7,3,2118
27.5,14,7,4,2125
27.5,14,7,5,2132
27.5,14,7,6,2138
27.5,14,7,7,2145
27.5,14,7,8,2152
27.5,14,7,9,2158
27.5,14,7,10,2165
27.5,14,7,11,2171
27.5,14,7,12,2178
27.5,14,7,13,2184
27.5,14,7,14,2191
27.5,14,7,15,2197
27.5,14,8,0,2105
27.5,14,8,1,2112
27.5,14,8,2,2118
27.5,14,8,3,2125
27.5,14,8,4,2132
27.5,14,8,5,2139
27.5,14,8,6,2145
27.5,14,8,7,2152
27.5,14,8,8,2158
27.5,14,8,9,2165
27.5,14,8,10,2172
27.5,14,8,11,2178
27.5,14,8,12,2185
27.5,14,8,13,2191
27.5,14,8,14,2198
27.5,14,8,15,2204
27.5,14,9,0,2112
27.5,14,9,1,2118
27.5,14,9,2,2125
27.5,14,9,3,2132
27.5,14,9,4,2139
27.5,14,9,5,2145
27.5,14,9,6,2152
27.5,14,9,7,2159
27.5,14,9,8,2165
27.5,14,9,9,2172
27.5,14,9,10,2179
27.5,14,9,11,2185
27.5,14,9,12,2192
27.5,14,9,13,2198
27.5,14,9,14,2205
27.5,14,9,15,2211
27.5,14,10,0,2118
27.5,14,10,1,2125
27.5,14,10,2,2132
27.5,14,10,3,2139
27.5,14,10,4,2145
27.5,14,10,5,2152
27.5,14,10,6,2159
27.5,14,10,7,2165
27.5,14,10,8,2172
27.5,14,10,9,2179
27.5,14,10,10,2185
27.5,14,10,11,2192
27.5,14,10,12,2199
27.5,14,10,13,2205
27.5,14,10,14,2212
27.5,14,10,15,2218
27.5,14,11,0,2125
27.5,14,11,1,2132
27.5,14,11,2,2139
27.5,14,11,3,2145
27.5,14,11,4,2152
27.5,14,11,5,2159
27.5,14,11,6,2166
27.5,14,11,7,2172
27.5,14,11,8,2179
27.5,14,11,9,2186
27.5,14,11,10,2192
27.5,14,11,11,2199
27.5,14,11,12,2206
27.5,14,11,13,2212
27.5,14,11,14,2219
27.5,14,11,15,2225
27.5,14,12,0,2131
27.5,14,12,1,2138
27.5,14,12,2,2145
27.5,14,12,3,2152
27.5,14,12,4,2159
27.5,14,12,5,2166
27.5,14,12,6,2172
27.5,14,12,7,2179
27.5,14,12,8,2186
27.5,14,12,9,2192
27.5,14,12,10,2199
27.5,14,12,11,2206
27.5,14,12,12,2212
27.5,14,12,13,2219
27.5,14,12,14,2226
27.5,14,12,15,2232
27.5,14,13,0,2138
27.5,14,13,1,2145
27.5,14,13,2,2152
27.5,14,13,3,2159
27.5,14,13,4,2165
27.5,14,13,5,2172
27.5,14,13,6,2179
27.5,14,13,7,2186
27.5,14,13,8,2193
27.5,14,13,9,2199
27.5,14,13,10,2206
27.5,14,13,11,2213
27.5,14,13,12,2219
27.5,14,13,13,2226
27.5,14,13,14,2233
27.5,14,13,15,2239
27.5,14,14,0,2145
27.5,14,14,1,2152
27.5,14,14,2,2158
27.5,14,14,3,2165
27.5,14,14,4,2172
27.5,14,14,5,2179
27.5,14,14,6,2186
27.5,14,14,7,2193
27.5,14,14,8,2199
27.5,14,14,9,2206
27.5,14,14,10,2213
27.5,14,14,11,2219
27.5,14,14,12,2226
27.5,14,14,13,2233
27.5,14,14,14,2239
27.5,14,14,15,2246
27.5,14,15,0,2151
27.5,14,15,1,2158
27.5,14,15,2,2165
27.5,14,15,3,2172
27.5,14,15,4,2179
27.5,14,15,5,2186
27.5,14,15,6,2192
27.5,14,15,7,2199
27.5,14,15,8,2206
27.5,14,15,9,2213
27.5,14,15,10,2220
27.5,14,15,11,2226
27.5,14,15,12,2233
27.5,14,15,13,2240
27.5,14,15,14,2246
27.5,14,15,15,2253
27.5,15,0,0,2058
27.5,15,0,1,2065
27.5,15,0,2,2071
27.5,15,0,3,2078
27.5,15,0,4,2084
27.5,15,0,5,2091
27.5,15,0,6,2097
27.5,15,0,7,2104
27.5,15,0,8,2110
27.5,15,0,9,2117
27.5,15,0,10,2123
27.5,15,0,11,2130
27.5,15,0,12,2136
27.5,15,0,13,2143
27.5,15,0,14,2149
27.5,15,0,15,2155
27.5,15,1,0,2065
27.5,15,1,1,2071
27.5,15,1,2,2078
27.5,15,1,3,2085
27.5,15,1,4,2091
27.5,15,1,5,2098
27.5,15,1,6,2104
27.5,15,1,7,2111
27.5,15,1,8,2117
27.5,15,1,9,2124
27.5,15,1,10,2130
27.5,15,1,11,2137
27.5,15,1,12,2143
27.5,15,1,13,2150
27.5,15,1,14,2156
27.5,15,1,15,2162
27.5,15,2,0,2072
27.5,15,2,1,2078
27.5,15,2,2,2085
27.5,15,2,3,2092
27.5,15,2,4,2098
27.5,15,2,5,2105
27.5,15,2,6,2111
27.5,15,2,7,2118
27.5,15,2,8,2125
27.5,15,2,9,2131
27.5,15,2,10,2138
27.5,15,2,11,2144
27.5,15,2,12,2150
27.5,15,2,13,2157
27.5,15,2,14,2163
27.5,15,2,15,2170
27.5,15,3,0,2079
27.5,15,3,1,2085
27.5,15,3,2,2092
27.5,15,3,3,2099
27.5,15,3,4,2105
27.5,15,3,5,2112
27.5,15,3,6,2118
27.5,15,3,7,2125
27.5,15,3,8,2132
27.5,15,3,9,2138
27.5,15,3,10,2145
27.5,15,3,11,2151
27.5,15,3,12,2158
27.5,15,3,13,2164
27.5,15,3,14,2170
27.5,15,3,15,2177
27.5,15,4,0,2085
27.5,15,4,1,2092
27.5,15,4,2,2099
27.5,15,4,3,2105
27.5,15,4,4,2112
27.5,15,4,5,2119
27.5,15,4,6,2125
27.5,15,4,7,2132
27.5,15,4,8,2139
27.5,15,4,9,2145
27.5,15,4,10,2152
27.5,15,4,11,2158
27.5,15,4,12,2165
27.5,15,4,13,2171
27.5,15,4,14,2178
27.5,15,4,15,2184
27.5,15,5,0,2092
27.5,15,5,1,2099
27.5,15,5,2,2106
27.5,15,5,3,2112
27.5,15,5,4,2119
27.5,15,5,5,2126
27.5,15,5,6,2132
27.5,15,5,7,2139
27.5,15,5,8,2146
27.5,15,5,9,2152
27.5,15,5,10,2159
27.5,15,5,11,2165
27.5,15,5,12,2172
27.5,15,5,13,2178
27.5,15,5,14,2185
27.5,15,5,15,2191
27.5,15,6,0,2099
27.5,15,6,1,2106
27.5,15,6,2,2112
27.5,15,6,3,2119
27.5,15,6,4,2126
27.5,15,6,5,2133
27.5,15,6,6,2139
27.5,15,6,7,2146
27.5,15,6,8,2152
27.5,15,6,9,2159
27.5,15,6,10,2166
27.5,15,6,11,2172
27.5,15,6,12,2179
27.5,15,6,13,2185
27.5,15,6,14,2192
27.5,15,6,15,2198
27.5,15,7,0,2106
27.5,15,7,1,2113
27.5,15,7,2,2119
27.5,15,7,3,2126
27.5,15,7,4,2133
27.5,15,7,5,2139
27.5,15,7,6,2146
27.5,15,7,7,2153
27.5,15,7,8,2159
27.5,15,7,9,2166
27.5,15,7,10,2173
27.5,15,7,11,2179
27.5,15,7,12,2186
27.5,15,7,13,2192
27.5,15,7,14,2199
27.5,15,7,15,2205
27.5,15,8,0,2112
27.5,15,8,1,2119
27.5,15,8,2,2126
27.5,15,8,3,2133
27.5,15,8,4,2140
27.5,15,8,5,2146
27.5,15,8,6,2153
27.5,15,8,7,2160
27.5,15,8,8,2166
27.5,15,8,9,2173
27.5,15,8,10,2180
27.5,15,8,11,2186
27.5,15,8,12,2193
27.5,15,8,13,2199
27.5,15,8,14,2206
27.5,15,8,15,2212
27.5,15,9,0,2119
27.5,15,9,1,2126
27.5,15,9,2,2133
27.5,15,9,3,2140
27.5,15,9,4,2146
27.5,15,9,5,2153
27.5,15,9,6,2160
27.5,15,9,7,2167
27.5,15,9,8,2173
27.5,15,9,9,2180
27.5,15,9,10,2187
27.5,15,9,11,2193
27.5,15,9,12,2200
27.5,15,9,13,2206
27.5,15,9,14,2213
27.5,15,9,15,2219
27.5,15,10,0,2126
27.5,15,10,1,2133
27.5,15,10,2,2140
27.5,15,10,3,2146
27.5,15,10,4,2153
27.5,15,10,5,2160
27.5,15,10,6,2167
27.5,15,10,7,2173
27.5,15,10,8,2180
27.5,15,10,9,2187
27.5,15,10,10,2193
27.5,15,10,11,2200
27.5,15,10,12,2207
27.5,15,10,13,2213
27.5,15,10,14,2220
27.5,15,10,15,2226
27.5,15,11,0,2133
27.5,15,11,1,2139
27.5,15,11,2,2146
27.5,15,11,3,2153
27.5,15,11,4,2160
27.5,15,11,5,2167
27.5,15,11,6,2173
27.5,15,11,7,2180
27.5,15,11,8,2187
27.5,15,11,9,2194
27.5,15,11,10,2200
27.5,15,11,11,2207
27.5,15,11,12,2214
27.5,15,11,13,2220
27.5,15,11,14,2227
27.5,15,11,15,2233
27.5,15,12,0,2139
27.5,15,12,1,2146
27.5,15,12,2,2153
27.5,15,12,3,2160
27.5,15,12,4,2167
27.5,15,12,5,2173
27.5,15,12,6,2180
27.5,15,12,7,2187
27.5,15,12,8,2194
27.5,15,12,9,2200
27.5,15,12,10,2207
27.5,15,12,11,2214
27.5,15,12,12,2221
27.5,15,12,13,2227
27.5,15,12,14,2234
27.5,15,12,15,2240
27.5,15,13,0,2146
27.5,15,13,1,2153
27.5,15,13,2,2160
27.5,15,13,3,2167
27.5,15,13,4,2173
27.5,15,13,5,2180
27.5,15,13,6,2187
27.5,15,13,7,2194
27.5,15,13,8,2201
27.5,15,13,9,2207
27.5,15,13,10,2214
27.5,15,13,11,2221
27.5,15,13,12,2227
27.5,15,13,13,2234
27.5,15,13,14,2241
27.5,15,13,15,2247
27.5,15,14,0,2152
27.5,15,14,1,2159
27.5,15,14,2,2166
27.5,15,14,3,2173
27.5,15,14,4,2180
27.5,15,14,5,2187
27.5,15,14,6,2194
27.5,15,14,7,2201
27.5,15,14,8,2207
27.5,15,14,9,2214
27.5,15,14,10,2221
27.5,15,14,11,2228
27.5,15,14,12,2234
27.5,15,14,13,2241
27.5,15,14,14,2248
27.5,15,14,15,2254
27.5,15,15,0,2159
27.5,15,15,1,2166
27.5,15,15,2,2173
27.5,15,15,3,2180
27.5,15,15,4,2187
27.5,15,15,5,2194
27.5,15,15,6,2200
27.5,15,15,7,2207
27.5,15,15,8,2214
27.5,15,15,9,2221
27.5,15,15,10,2228
27.5,15,15,11,2234
27.5,15,15,12,2241
27.5,15,15,13,2248
27.5,15,15,14,2254
27.5,15,15,15,2261
28.0,0,0,0,1981
28.0,0,0,1,1988
28.0,0,0,2,1994
28.0,0,0,3,2001
28.0,0,0,4,2007
28.0,0,0,5,2013
28.0,0,0,6,2019
28.0,0,0,7,2026
28.0,0,0,8,2032
28.0,0,0,9,2038
28.0,0,0,10,2044
28.0,0,0,11,2051
28.0,0,0,12,2057
28.0,0,0,13,2063
28.0,0,0,14,2069
28.0,0,0,15,2075
28.0,0,1,0,1988
28.0,0,1,1,1995
28.0,0,1,2,2001
28.0,0,1,3,2007
28.0,0,1,4,2014
28.0,0,1,5,2020
28.0,0,1,6,2026
28.0,0,1,7,2033
28.0,0,1,8,2039
28.0,0,1,9,2045
28.0,0,1,10,2051
28.0,0,1,11,2057
28.0,0,1,12,2064
28.0,0,1,13,2070
28.0,0,1,14,2076
28.0,0,1,15,2082
28.0,0,2,0,1995
28.0,0,2,1,2001
28.0,0,2,2,2008
28.0,0,2,3,2014
28.0,0,2,4,2020
28.0,0,2,5,2027
28.0,0,2,6,2033
28.0,0,2,7,2039
28.0,0,2,8,2046
28.0,0,2,9,2052
28.0,0,2,10,2058
28.0,0,2,11,2064
28.0,0,2,12,2071
28.0,0,2,13,2077
28.0,0,2,14,2083
28.0,0,2,15,2089
28.0,0,3,0,2001
28.0,0,3,1,2008
28.0,0,3,2,2014
28.0,0,3,3,2021
28.0,0,3,4,2027
28.0,0,3,5,2033
28.0,0,3,6,2040
28.0,0,3,7,2046
28.0,0,3,8,2052
28.0,0,3,9,2059
28.0,0,3,10,2065
28.0,0,3,11,2071
28.0,0,3,12,2077
28.0,0,3,13,2084
28.0,0,3,14,2090
28.0,0,3,15,2096
28.0,0,4,0,2008
28.0,0,4,1,2014
28.0,0,4,2,2021
28.0,0,4,3,2027
28.0,0,4,4,2034
28.0,0,4,5,2040
28.0,0,4,6,2046
28.0,0,4,7,2053
28.0,0,4,8,2059
28.0,0,4,9,2065
28.0,0,4,10,2072
28.0,0,4,11,2078
28.0,0,4,12,2084
28.0,0,4,13,2090
28.0,0,4,14,2097
28.0,0,4,15,2103
28.0,0,5,0,2014
28.0,0,5,1,2021
28.0,0,5,2,2027
28.0,0,5,3,2034
28.0,0,5,4,2040
28.0,0,5,5,2047
28.0,0,5,6,2053
28.0,0,5,7,2059
28.0,0,5,8,2066
28.0,0,5,9,2072
28.0,0,5,10,2078
28.0,0,5,11,2085
28.0,0,5,12,2091
28.0,0,5,13,2097
28.0,0,5,14,2103
28.0,0,5,15,2110
28.0,0,6,0,2021
28.0,0,6,1,2027
28.0,0,6,2,2034
28.0,0,6,3,2040
28.0,0,6,4,2047
28.0,0,6,5,2053
28.0,0,6,6,2060
28.0,0,6,7,2066
28.0,0,6,8,2072
28.0,0,6,9,2079
28.0,0,6,10,2085
28.0,0,6,11,2091
28.0,0,6,12,2098
28.0,0,6,13,2104
28.0,0,6,14,2110
28.0,0,6,15,2117
28.0,0,7,0,2027
28.0,0,7,1,2034
28.0,0,7,2,2041
28.0,0,7,3,2047
28.0,0,7,4,2053
28.0,0,7,5,2060
28.0,0,7,6,2066
28.0,0,7,7,2073
28.0,0,7,8,2079
28.0,0,7,9,2086
28.0,0,7,10,2092
28.0,0,7,11,2098
28.0,0,7,12,2105
28.0,0,7,13,2111
28.0,0,7,14,2117
28.0,0,7,15,2123
28.0,0,8,0,2034
28.0,0,8,1,2041
28.0,0,8,2,2047
28.0,0,8,3,2054
28.0,0,8,4,2060
28.0,0,8,5,2067
28.0,0,8,6,2073
28.0,0,8,7,2079
28.0,0,8,8,2086
28.0,0,8,9,2092
28.0,0,8,10,2099
28.0,0,8,11,2105
28.0,0,8,12,2111
28.0,0,8,13,2118
28.0,0,8,14,2124
28.0,0,8,15,2130
28.0,0,9,0,2040
28.0,0,9,1,2047
28.0,0,9,2,2054
28.0,0,9,3,2060
28.0,0,9,4,2067
28.0,0,9,5,2073
28.0,0,9,6,2080
28.0,0,9,7,2086
28.0,0,9,8,2092
28.0,0,9,9,2099
28.0,0,9,10,2105
28.0,0,9,11,2112
28.0,0,9,12,2118
28.0,0,9,13,2124
28.0,0,9,14,2131
28.0,0,9,15,2137
28.0,0,10,0,2047
28.0,0,10,1,2053
28.0,0,10,2,2060
28.0,0,10,3,2067
28.0,0,10,4,2073
28.0,0,10,5,2080
28.0,0,10,6,2086
28.0,0,10,7,2093
28.0,0,10,8,2099
28.0,0,10,9,2105
28.0,0,10,10,2112
28.0,0,10,11,2118
28.0,0,10,12,2125
28.0,0,10,13,2131
28.0,0,10,14,2137
28.0,0,10,15,2144
28.0,0,11,0,2053
28.0,0,11,1,2060
28.0,0,11,2,2067
28.0,0,11,3,2073
28.0,0,11,4,2080
28.0,0,11,5,2086
28.0,0,11,6,2093
28.0,0,11,7,2099
28.0,0,11,8,2106
28.0,0,11,9,2112
28.0,0,11,10,2119
28.0,0,11,11,2125
28.0,0,11,12,2131
28.0,0,11,13,2138
28.0,0,11,14,2144
28.0,0,11,15,2150
28.0,0,12,0,2060
28.0,0,12,1,2066
28.0,0,12,2,2073
28.0,0,12,3,2080
28.0,0,12,4,2086
28.0,0,12,5,2093
28.0,0,12,6,2099
28.0,0,12,7,2106
28.0,0,12,8,2112
28.0,0,12,9,2119
28.0,0,12,10,2125
28.0,0,12,11,2132
28.0,0,12,12,2138
28.0,0,12,13,2144
28.0,0,12,14,2151
28.0,0,12,15,2157
28.0,0,13,0,2066
28.0,0,13,1,2073
28.0,0,13,2,2079
28.0,0,13,3,2086
28.0,0,13,4,2093
28.0,0,13,5,2099
28.0,0,13,6,2106
28.0,0,13,7,2112
28.0,0,13,8,2119
28.0,0,13,9,2125
28.0,0,13,10,2132
28.0,0,13,11,2138
28.0,0,13,12,2145
28.0,0,13,13,2151
28.0,0,13,14,2157
28.0,0,13,15,2164
28.0,0,14,0,2072
28.0,0,14,1,2079
28.0,0,14,2,2086
28.0,0,14,3,2092
28.0,0,14,4,2099
28.0,0,14,5,2106
28.0,0,14,6,2112
28.0,0,14,7,2119
28.0,0,14,8,2125
28.0,0,14,9,2132
28.0,0,14,10,2138
28.0,0,14,11,2145
28.0,0,14,12,2151
28.0,0,14,13,2158
28.0,0,14,14,2164
28.0,0,14,15,2170
28.0,0,15,0,2079
28.0,0,15,1,2086
28.0,0,15,2,2092
28.0,0,15,3,2099
28.0,0,15,4,2105
28.0,0,15,5,2112
28.0,0,15,6,2119
28.0,0,15,7,2125
28.0,0,15,8,2132
28.0,0,15,9,2138
28.0,0,15,10,2145
28.0,0,15,11,2151
28.0,0,15,12,2158
28.0,0,15,13,2164
28.0,0,15,14,2171
28.0,0,15,15,2177
28.0,1,0,0,1989
28.0,1,0,1,1995
28.0,1,0,2,2002
28.0,1,0,3,2008
28.0,1,0,4,2015
28.0,1,0,5,2021
28.0,1,0,6,2027
28.0,1,0,7,2033
28.0,1,0,8,2040
28.0,1,0,9,2046
28.0,1,0,10,2052
28.0,1,0,11,2058
28.0,1,0,12,2065
28.0,1,0,13,2071
28.0,1,0,14,2077
28.0,1,0,15,2083
28.0,1,1,0,1996
28.0,1,1,1,2002
28.0,1,1,2,2009
28.0,1,1,3,2015
28.0,1,1,4,2021
28.0,1,1,5,2028
28.0,1,1,6,2034
28.0,1,1,7,2040
28.0,1,1,8,2047
28.0,1,1,9,2053
28.0,1,1,10,2059
28.0,1,1,11,2065
28.0,1,1,12,2072
28.0,1,1,13,2078
28.0,1,1,14,2084
28.0,1,1,15,2090
28.0,1,2,0,2002
28.0,1,2,1,2009
28.0,1,2,2,2015
28.0,1,2,3,2022
28.0,1,2,4,2028
28.0,1,2,5,2034
28.0,1,2,6,2041
28.0,1,2,7,2047
28.0,1,2,8,2053
28.0,1,2,9,2060
28.0,1,2,10,2066
28.0,1,2,11,2072
28.0,1,2,12,2078
28.0,1,2,13,2085
28.0,1,2,14,2091
28.0,1,2,15,2097
28.0,1,3,0,2009
28.0,1,3,1,2015
28.0,1,3,2,2022
28.0,1,3,3,2028
28.0,1,3,4,2035
28.0,1,3,5,2041
28.0,1,3,6,2048
28.0,1,3,7,2054
28.0,1,3,8,2060
28.0,1,3,9,2067
28.0,1,3,10,2073
28.0,1,3,11,2079
28.0,1,3,12,2085
28.0,1,3,13,2092
28.0,1,3,14,2098
28.0,1,3,15,2104
28.0,1,4,0,2016
28.0,1,4,1,2022
28.0,1,4,2,2029
28.0,1,4,3,2035
28.0,1,4,4,2041
28.0,1,4,5,2048
28.0,1,4,6,2054
28.0,1,4,7,2061
28.0,1,4,8,2067
28.0,1,4,9,2073
28.0,1,4,10,2080
28.0,1,4,11,2086
28.0,1,4,12,2092
28.0,1,4,13,2098
28.0,1,4,14,2105
28.0,1,4,15,2111
28.0,1,5,0,2022
28.0,1,5,1,2029
28.0,1,5,2,2035
28.0,1,5,3,2042
28.0,1,5,4,2048
28.0,1,5,5,2055
28.0,1,5,6,2061
28.0,1,5,7,2067
28.0,1,5,8,2074
28.0,1,5,9,2080
28.0,1,5,10,2086
28.0,1,5,11,2093
28.0,1,5,12,2099
28.0,1,5,13,2105
28.0,1,5,14,2112
28.0,1,5,15,2118
28.0,1,6,0,2029
28.0,1,6,1,2035
28.0,1,6,2,2042
28.0,1,6,3,2048
28.0,1,6,4,2055
28.0,1,6,5,2061
28.0,1,6,6,2068
28.0,1,6,7,2074
28.0,1,6,8,2080
28.0,1,6,9,2087
28.0,1,6,10,2093
28.0,1,6,11,2099
28.0,1,6,12,2106
28.0,1,6,13,2112
28.0,1,6,14,2118
28.0,1,6,15,2125
28.0,1,7,0,2035
28.0,1,7,1,2042
28.0,1,7,2,2048
28.0,1,7,3,2055
28.0,1,7,4,2061
28.0,1,7,5,2068
28.0,1,7,6,2074
28.0,1,7,7,2081
28.0,1,7,8,2087
28.0,1,7,9,2094
28.0,1,7,10,2100
28.0,1,7,11,2106
28.0,1,7,12,2113
28.0,1,7,13,2119
28.0,1,7,14,2125
28.0,1,7,15,2131
28.0,1,8,0,2042
28.0,1,8,1,2048
28.0,1,8,2,2055
28.0,1,8,3,2061
28.0,1,8,4,2068
28.0,1,8,5,2074
28.0,1,8,6,2081
28.0,1,8,7,2087
28.0,1,8,8,2094
28.0,1,8,9,2100
28.0,1,8,10,2107
28.0,1,8,11,2113
28.0,1,8,12,2119
28.0,1,8,13,2126
28.0,1,8,14,2132
28.0,1,8,15,2138
28.0,1,9,0,2048
28.0,1,9,1,2055
28.0,1,9,2,2061
28.0,1,9,3,2068
28.0,1,9,4,2075
28.0,1,9,5,2081
28.0,1,9,6,2088
28.0,1,9,7,2094
28.0,1,9,8,2100
28.0,1,9,9,2107
28.0,1,9,10,2113
28.0,1,9,11,2120
28.0,1,9,12,2126
28.0,1,9,13,2132
28.0,1,9,14,2139
28.0,1,9,15,2145
28.0,1,10,0,2055
28.0,1,10,1,2061
28.0,1,10,2,2068
28.0,1,10,3,2075
28.0,1,10,4,2081
28.0,1,10,5,2088
28.0,1,10,6,2094
28.0,1,10,7,2101
28.0,1,10,8,2107
28.0,1,10,9,2114
28.0,1,10,10,2120
28.0,1,10,11,2126
28.0,1,10,12,2133
28.0,1,10,13,2139
28.0,1,10,14,2146
28.0,1,10,15,2152
28.0,1,11,0,2061
28.0,1,11,1,2068
28.0,1,11,2,2074
28.0,1,11,3,2081
28.0,1,11,4,2088
28.0,1,11,5,2094
28.0,1,11,6,2101
28.0,1,11,7,2107
28.0,1,11,8,2114
28.0,1,11,9,2120
28.0,1,11,10,2127
28.0,1,11,11,2133
28.0,1,11,12,2140
28.0,1,11,13,2146
28.0,1,11,14,2152
28.0,1,11,15,2159
28.0,1,12,0,2068
28.0,1,12,1,2074
28.0,1,12,2,2081
28.0,1,12,3,2088
28.0,1,12,4,2094
28.0,1,12,5,2101
28.0,1,12,6,2107
28.0,1,12,7,2114
28.0,1,12,8,2120
28.0,1,12,9,2127
28.0,1,12,10,2133
28.0,1,12,11,2140
28.0,1,12,12,2146
28.0,1,12,13,2153
28.0,1,12,14,2159
28.0,1,12,15,2165
28.0,1,13,0,2074
28.0,1,13,1,2081
28.0,1,13,2,2087
28.0,1,13,3,2094
28.0,1,13,4,2101
28.0,1,13,5,2107
28.0,1,13,6,2114
28.0,1,13,7,2120
28.0,1,13,8,2127
28.0,1,13,9,2133
28.0,1,13,10,2140
28.0,1,13,11,2146
28.0,1,13,12,2153
28.0,1,13,13,2159
28.0,1,13,14,2166
28.0,1,13,15,2172
28.0,1,14,0,2080
28.0,1,14,1,2087
28.0,1,14,2,2094
28.0,1,14,3,2100
28.0,1,14,4,2107
28.0,1,14,5,2114
28.0,1,14,6,2120
28.0,1,14,7,2127
28.0,1,14,8,2133
28.0,1,14,9,2140
28.0,1,14,10,2147
28.0,1,14,11,2153
28.0,1,14,12,2159
28.0,1,14,13,2166
28.0,1,14,14,2172
28.0,1,14,15,2179
28.0,1,15,0,2087
28.0,1,15,1,2094
28.0,1,15,2,2100
28.0,1,15,3,2107
28.0,1,15,4,2114
28.0,1,15,5,2120
28.0,1,15,6,2127
28.0,1,15,7,2133
28.0,1,15,8,2140
28.0,1,15,9,2147
28.0,1,15,10,2153
28.0,1,15,11,2160
28.0,1,15,12,2166
28.0,1,15,13,2173
28.0,1,15,14,2179
28.0,1,15,15,2185
28.0,2,0,0,1997
28.0,2,0,1,2003
28.0,2,0,2,2009
28.0,2,0,3,2016
28.0,2,0,4,2022
28.0,2,0,5,2029
28.0,2,0,6,2035
28.0,2,0,7,2041
28.0,2,0,8,2048
28.0,2,0,9,2054
28.0,2,0,10,2060
28.0,2,0,11,2066
28.0,2,0,12,2073
28.0,2,0,13,2079
28.0,2,0,14,2085
28.0,2,0,15,2091
28.0,2,1,0,2003
28.0,2,1,1,2010
28.0,2,1,2,2016
28.0,2,1,3,2023
28.0,2,1,4,2029
28.0,2,1,5,2035
28.0,2,1,6,2042
28.0,2,1,7,2048
28.0,2,1,8,2054
28.0,2,1,9,2061
28.0,2,1,10,2067
28.0,2,1,11,2073
28.0,2,1,12,2079
28.0,2,1,13,2086
28.0,2,1,14,2092
28.0,2,1,15,2098
28.0,2,2,0,2010
28.0,2,2,1,2016
28.0,2,2,2,2023
28.0,2,2,3,2029
28.0,2,2,4,2036
28.0,2,2,5,2042
28.0,2,2,6,2049
28.0,2,2,7,2055
28.0,2,2,8,2061
28.0,2,2,9,2068
28.0,2,2,10,2074
28.0,2,2,11,2080
28.0,2,2,12,2086
28.0,2,2,13,2093
28.0,2,2,14,2099
28.0,2,2,15,2105
28.0,2,3,0,2017
28.0,2,3,1,2023
28.0,2,3,2,2030
28.0,2,3,3,2036
28.0,2,3,4,2043
28.0,2,3,5,2049
28.0,2,3,6,2055
28.0,2,3,7,2062
28.0,2,3,8,2068
28.0,2,3,9,2074
28.0,2,3,10,2081
28.0,2,3,11,2087
28.0,2,3,12,2093
28.0,2,3,13,2100
28.0,2,3,14,2106
28.0,2,3,15,2112
28.0,2,4,0,2023
28.0,2,4,1,2030
28.0,2,4,2,2036
28.0,2,4,3,2043
28.0,2,4,4,2049
28.0,2,4,5,2056
28.0,2,4,6,2062
28.0,2,4,7,2068
28.0,2,4,8,2075
28.0,2,4,9,2081
28.0,2,4,10,2088
28.0,2,4,11,2094
28.0,2,4,12,2100
28.0,2,4,13,2106
28.0,2,4,14,2113
28.0,2,4,15,2119
28.0,2,5,0,2030
28.0,2,5,1,2036
28.0,2,5,2,2043
28.0,2,5,3,2049
28.0,2,5,4,2056
28.0,2,5,5,2062
28.0,2,5,6,2069
28.0,2,5,7,2075
28.0,2,5,8,2082
28.0,2,5,9,2088
28.0,2,5,10,2094
28.0,2,5,11,2101
28.0,2,5,12,2107
28.0,2,5,13,2113
28.0,2,5,14,2120
28.0,2,5,15,2126
28.0,2,6,0,2036
28.0,2,6,1,2043
28.0,2,6,2,2050
28.0,2,6,3,2056
28.0,2,6,4,2063
28.0,2,6,5,2069
28.0,2,6,6,2076
28.0,2,6,7,2082
28.0,2,6,8,2088
28.0,2,6,9,2095
28.0,2,6,10,2101
28.0,2,6,11,2108
28.0,2,6,12,2114
28.0,2,6,13,2120
28.0,2,6,14,2126
28.0,2,6,15,2133
28.0,2,7,0,2043
28.0,2,7,1,2050
28.0,2,7,2,2056
28.0,2,7,3,2063
28.0,2,7,4,2069
28.0,2,7,5,2076
28.0,2,7,6,2082
28.0,2,7,7,2089
28.0,2,7,8,2095
28.0,2,7,9,2102
28.0,2,7,10,2108
28.0,2,7,11,2114
28.0,2,7,12,2121
28.0,2,7,13,2127
28.0,2,7,14,2133
28.0,2,7,15,2140
28.0,2,8,0,2050
28.0,2,8,1,2056
28.0,2,8,2,2063
28.0,2,8,3,2069
28.0,2,8,4,2076
28.0,2,8,5,2082
28.0,2,8,6,2089
28.0,2,8,7,2095
28.0,2,8,8,2102
28.0,2,8,9,2108
28.0,2,8,10,2115
28.0,2,8,11,2121
28.0,2,8,12,2127
28.0,2,8,13,2134
28.0,2,8,14,2140
28.0,2,8,15,2146
28.0,2,9,0,2056
28.0,2,9,1,2063
28.0,2,9,2,2069
28.0,2,9,3,2076
28.0,2,9,4,2082
28.0,2,9,5,2089
28.0,2,9,6,2096
28.0,2,9,7,2102
28.0,2,9,8,2108
28.0,2,9,9,2115
28.0,2,9,10,2121
28.0,2,9,11,2128
28.0,2,9,12,2134
28.0,2,9,13,2141
28.0,2,9,14,2147
28.0,2,9,15,2153
28.0,2,10,0,2063
28.0,2,10,1,2069
28.0,2,10,2,2076
28.0,2,10,3,2082
28.0,2,10,4,2089
28.0,2,10,5,2096
28.0,2,10,6,2102
28.0,2,10,7,2109
28.0,2,10,8,2115
28.0,2,10,9,2122
28.0,2,10,10,2128
28.0,2,10,11,2135
28.0,2,10,12,2141
28.0,2,10,13,2147
28.0,2,10,14,2154
28.0,2,10,15,2160
28.0,2,11,0,2069
28.0,2,11,1,2076
28.0,2,11,2,2082
28.0,2,11,3,2089
28.0,2,11,4,2096
28.0,2,11,5,2102
28.0,2,11,6,2109
28.0,2,11,7,2115
28.0,2,11,8,2122
28.0,2,11,9,2128
28.0,2,11,10,2135
28.0,2,11,11,2141
28.0,2,11,12,2148
28.0,2,11,13,2154
28.0,2,11,14,2161
28.0,2,11,15,2167
28.0,2,12,0,2076
28.0,2,12,1,2082
28.0,2,12,2,2089
28.0,2,12,3,2096
28.0,2,12,4,2102
28.0,2,12,5,2109
28.0,2,12,6,2115
28.0,2,12,7,2122
28.0,2,12,8,2128
28.0,2,12,9,2135
28.0,2,12,10,2141
28.0,2,12,11,2148
28.0,2,12,12,2154
28.0,2,12,13,2161
28.0,2,12,14,2167
28.0,2,12,15,2174
28.0,2,13,0,2082
28.0,2,13,1,2089
28.0,2,13,2,2095
28.0,2,13,3,2102
28.0,2,13,4,2109
28.0,2,13,5,2115
28.0,2,13,6,2122
28.0,2,13,7,2128
28.0,2,13,8,2135
28.0,2,13,9,2142
28.0,2,13,10,2148
28.0,2,13,11,2155
28.0,2,13,12,2161
28.0,2,13,13,2168
28.0,2,13,14,2174
28.0,2,13,15,2180
28.0,2,14,0,2088
28.0,2,14,1,2095
28.0,2,14,2,2102
28.0,2,14,3,2108
28.0,2,14,4,2115
28.0,2,14,5,2122
28.0,2,14,6,2128
28.0,2,14,7,2135
28.0,2,14,8,2142
28.0,2,14,9,2148
28.0,2,14,10,2155
28.0,2,14,11,2161
28.0,2,14,12,2168
28.0,2,14,13,2174
28.0,2,14,14,2181
28.0,2,14,15,2187
28.0,2,15,0,2095
28.0,2,15,1,2102
28.0,2,15,2,2108
28.0,2,15,3,2115
28.0,2,15,4,2122
28.0,2,15,5,2128
28.0,2,15,6,2135
28.0,2,15,7,2142
28.0,2,15,8,2148
28.0,2,15,9,2155
28.0,2,15,10,2161
28.0,2,15,11,2168
28.0,2,15,12,2174
28.0,2,15,13,2181
28.0,2,15,14,2187
28.0,2,15,15,2194
28.0,3,0,0,2004
28.0,3,0,1,2011
28.0,3,0,2,2017
28.0,3,0,3,2024
28.0,3,0,4,2030
28.0,3,0,5,2036
28.0,3,0,6,2043
28.0,3,0,7,2049
28.0,3,0,8,2055
28.0,3,0,9,2062
28.0,3,0,10,2068
28.0,3,0,11,2074
28.0,3,0,12,2080
28.0,3,0,13,2087
28.0,3,0,14,2093
28.0,3,0,15,2099
28.0,3,1,0,2011
28.0,3,1,1,2017
28.0,3,1,2,2024
28.0,3,1,3,2030
28.0,3,1,4,2037
28.0,3,1,5,2043
28.0,3,1,6,2050
28.0,3,1,7,2056
28.0,3,1,8,2062
28.0,3,1,9,2069
28.0,3,1,10,2075
28.0,3,1,11,2081
28.0,3,1,12,2087
28.0,3,1,13,2094
28.0,3,1,14,2100
28.0,3,1,15,2106
28.0,3,2,0,2018
28.0,3,2,1,2024
28.0,3,2,2,2031
28.0,3,2,3,2037
28.0,3,2,4,2044
28.0,3,2,5,2050
28.0,3,2,6,2056
28.0,3,2,7,2063
28.0,3,2,8,2069
28.0,3,2,9,2075
28.0,3,2,10,2082
28.0,3,2,11,2088
28.0,3,2,12,2094
28.0,3,2,13,2101
28.0,3,2,14,2107
28.0,3,2,15,2113
28.0,3,3,0,2024
28.0,3,3,1,2031
28.0,3,3,2,2037
28.0,3,3,3,2044
28.0,3,3,4,2050
28.0,3,3,5,2057
28.0,3,3,6,2063
28.0,3,3,7,2070
28.0,3,3,8,2076
28.0,3,3,9,2082
28.0,3,3,10,2089
28.0,3,3,11,2095
28.0,3,3,12,2101
28.0,3,3,13,2108
28.0,3,3,14,2114
28.0,3,3,15,2120
28.0,3,4,0,2031
28.0,3,4,1,2038
28.0,3,4,2,2044
28.0,3,4,3,2051
28.0,3,4,4,2057
28.0,3,4,5,2063
28.0,3,4,6,2070
28.0,3,4,7,2076
28.0,3,4,8,2083
28.0,3,4,9,2089
28.0,3,4,10,2095
28.0,3,4,11,2102
28.0,3,4,12,2108
28.0,3,4,13,2114
28.0,3,4,14,2121
28.0,3,4,15,2127
28.0,3,5,0,2038
28.0,3,5,1,2044
28.0,3,5,2,2051
28.0,3,5,3,2057
28.0,3,5,4,2064
28.0,3,5,5,2070
28.0,3,5,6,2077
28.0,3,5,7,2083
28.0,3,5,8,2090
28.0,3,5,9,2096
28.0,3,5,10,2102
28.0,3,5,11,2109
28.0,3,5,12,2115
28.0,3,5,13,2121
28.0,3,5,14,2128
28.0,3,5,15,2134
28.0,3,6,0,2044
28.0,3,6,1,2051
28.0,3,6,2,2057
28.0,3,6,3,2064
28.0,3,6,4,2070
28.0,3,6,5,2077
28.0,3,6,6,2083
28.0,3,6,7,2090
28.0,3,6,8,2096
28.0,3,6,9,2103
28.0,3,6,10,2109
28.0,3,6,11,2116
28.0,3,6,12,2122
28.0,3,6,13,2128
28.0,3,6,14,2135
28.0,3,6,15,2141
28.0,3,7,0,2051
28.0,3,7,1,2057
28.0,3,7,2,2064
28.0,3,7,3,2071
28.0,3,7,4,2077
28.0,3,7,5,2084
28.0,3,7,6,2090
28.0,3,7,7,2097
28.0,3,7,8,2103
28.0,3,7,9,2110
28.0,3,7,10,2116
28.0,3,7,11,2122
28.0,3,7,12,2129
28.0,3,7,13,2135
28.0,3,7,14,2141
28.0,3,7,15,2148
28.0,3,8,0,2057
28.0,3,8,1,2064
28.0,3,8,2,2071
28.0,3,8,3,2077
28.0,3,8,4,2084
28.0,3,8,5,2090
28.0,3,8,6,2097
28.0,3,8,7,2103
28.0,3,8,8,2110
28.0,3,8,9,2116
28.0,3,8,10,2123
28.0,3,8,11,2129
28.0,3,8,12,2136
28.0,3,8,13,2142
28.0,3,8,14,2148
28.0,3,8,15,2155
28.0,3,9,0,2064
28.0,3,9,1,2071
28.0,3,9,2,2077
28.0,3,9,3,2084
28.0,3,9,4,2090
28.0,3,9,5,2097
28.0,3,9,6,2103
28.0,3,9,7,2110
28.0,3,9,8,2117
28.0,3,9,9,2123
28.0,3,9,10,2129
28.0,3,9,11,2136
28.0,3,9,12,2142
28.0,3,9,13,2149
28.0,3,9,14,2155
28.0,3,9,15,2161
28.0,3,10,0,2070
28.0,3,10,1,2077
28.0,3,10,2,2084
28.0,3,10,3,2090
28.0,3,10,4,2097
28.0,3,10,5,2104
28.0,3,10,6,2110
28.0,3,10,7,2117
28.0,3,10,8,2123
28.0,3,10,9,2130
28.0,3,10,10,2136
28.0,3,10,11,2143
28.0,3,10,12,2149
28.0,3,10,13,2156
28.0,3,10,14,2162
28.0,3,10,15,2168
28.0,3,11,0,2077
28.0,3,11,1,2084
28.0,3,11,2,2090
28.0,3,11,3,2097
28.0,3,11,4,2104
28.0,3,11,5,2110
28.0,3,11,6,2117
28.0,3,11,7,2123
28.0,3,11,8,2130
28.0,3,11,9,2136
28.0,3,11,10,2143
28.0,3,11,11,2149
28.0,3,11,12,2156
28.0,3,11,13,2162
28.0,3,11,14,2169
28.0,3,11,15,2175
28.0,3,12,0,2083
28.0,3,12,1,2090
28.0,3,12,2,2097
28.0,3,12,3,2103
28.0,3,12,4,2110
28.0,3,12,5,2117
28.0,3,12,6,2123
28.0,3,12,7,2130
28.0,3,12,8,2137
28.0,3,12,9,2143
28.0,3,12,10,2150
28.0,3,12,11,2156
28.0,3,12,12,2163
28.0,3,12,13,2169
28.0,3,12,14,2175
28.0,3,12,15,2182
28.0,3,13,0,2090
28.0,3,13,1,2097
28.0,3,13,2,2103
28.0,3,13,3,2110
28.0,3,13,4,2117
28.0,3,13,5,2123
28.0,3,13,6,2130
28.0,3,13,7,2137
28.0,3,13,8,2143
28.0,3,13,9,2150
28.0,3,13,10,2156
28.0,3,13,11,2163
28.0,3,13,12,2169
28.0,3,13,13,2176
28.0,3,13,14,2182
28.0,3,13,15,2189
28.0,3,14,0,2096
28.0,3,14,1,2103
28.0,3,14,2,2110
28.0,3,14,3,2117
28.0,3,14,4,2123
28.0,3,14,5,2130
28.0,3,14,6,2137
28.0,3,14,7,2143
28.0,3,14,8,2150
28.0,3,14,9,2156
28.0,3,14,10,2163
28.0,3,14,11,2169
28.0,3,14,12,2176
28.0,3,14,13,2182
28.0,3,14,14,2189
28.0,3,14,15,2195
28.0,3,15,0,2103
28.0,3,15,1,2110
28.0,3,15,2,2116
28.0,3,15,3,2123
28.0,3,15,4,2130
28.0,3,15,5,2136
28.0,3,15,6,2143
28.0,3,15,7,2150
28.0,3,15,8,2156
28.0,3,15,9,2163
28.0,3,15,10,2170
28.0,3,15,11,2176
28.0,3,15,12,2183
28.0,3,15,13,2189
28.0,3,15,14,2196
28.0,3,15,15,2202
28.0,4,0,0,2012
28.0,4,0,1,2018
28.0,4,0,2,2025
28.0,4,0,3,2031
28.0,4,0,4,2038
28.0,4,0,5,2044
28.0,4,0,6,2050
28.0,4,0,7,2057
28.0,4,0,8,2063
28.0,4,0,9,2069
28.0,4,0,10,2076
28.0,4,0,11,2082
28.0,4,0,12,2088
28.0,4,0,13,2095
28.0,4,0,14,2101
28.0,4,0,15,2107
28.0,4,1,0,2019
28.0,4,1,1,2025
28.0,4,1,2,2032
28.0,4,1,3,2038
28.0,4,1,4,2044
28.0,4,1,5,2051
28.0,4,1,6,2057
28.0,4,1,7,2064
28.0,4,1,8,2070
28.0,4,1,9,2076
28.0,4,1,10,2083
28.0,4,1,11,2089
28.0,4,1,12,2095
28.0,4,1,13,2102
28.0,4,1,14,2108
28.0,4,1,15,2114
28.0,4,2,0,2025
28.0,4,2,1,2032
28.0,4,2,2,2038
28.0,4,2,3,2045
28.0,4,2,4,2051
28.0,4,2,5,2058
28.0,4,2,6,2064
28.0,4,2,7,2071
28.0,4,2,8,2077
28.0,4,2,9,2083
28.0,4,2,10,2090
28.0,4,2,11,2096
28.0,4,2,12,2102
28.0,4,2,13,2109
28.0,4,2,14,2115
28.0,4,2,15,2121
28.0,4,3,0,2032
28.0,4,3,1,2039
28.0,4,3,2,2045
28.0,4,3,3,2052
28.0,4,3,4,2058
28.0,4,3,5,2065
28.0,4,3,6,2071
28.0,4,3,7,2077
28.0,4,3,8,2084
28.0,4,3,9,2090
28.0,4,3,10,2097
28.0,4,3,11,2103
28.0,4,3,12,2109
28.0,4,3,13,2116
28.0,4,3,14,2122
28.0,4,3,15,2128
28.0,4,4,0,2039
28.0,4,4,1,2045
28.0,4,4,2,2052
28.0,4,4,3,2058
28.0,4,4,4,2065
28.0,4,4,5,2071
28.0,4,4,6,2078
28.0,4,4,7,2084
28.0,4,4,8,2091
28.0,4,4,9,2097
28.0,4,4,10,2103
28.0,4,4,11,2110
28.0,4,4,12,2116
28.0,4,4,13,2122
28.0,4,4,14,2129
28.0,4,4,15,2135
28.0,4,5,0,2045
28.0,4,5,1,2052
28.0,4,5,2,2058
28.0,4,5,3,2065
28.0,4,5,4,2072
28.0,4,5,5,2078
28.0,4,5,6,2085
28.0,4,5,7,2091
28.0,4,5,8,2097
28.0,4,5,9,2104
28.0,4,5,10,2110
28.0,4,5,11,2117
28.0,4,5,12,2123
28.0,4,5,13,2129
28.0,4,5,14,2136
28.0,4,5,15,2142
28.0,4,6,0,2052
28.0,4,6,1,2059
28.0,4,6,2,2065
28.0,4,6,3,2072
28.0,4,6,4,2078
28.0,4,6,5,2085
28.0,4,6,6,2091
28.0,4,6,7,2098
28.0,4,6,8,2104
28.0,4,6,9,2111
28.0,4,6,10,2117
28.0,4,6,11,2124
28.0,4,6,12,2130
28.0,4,6,13,2136
28.0,4,6,14,2143
28.0,4,6,15,2149
28.0,4,7,0,2059
28.0,4,7,1,2065
28.0,4,7,2,2072
28.0,4,7,3,2078
28.0,4,7,4,2085
28.0,4,7,5,2092
28.0,4,7,6,2098
28.0,4,7,7,2105
28.0,4,7,8,2111
28.0,4,7,9,2118
28.0,4,7,10,2124
28.0,4,7,11,2130
28.0,4,7,12,2137
28.0,4,7,13,2143
28.0,4,7,14,2150
28.0,4,7,15,2156
28.0,4,8,0,2065
28.0,4,8,1,2072
28.0,4,8,2,2078
28.0,4,8,3,2085
28.0,4,8,4,2092
28.0,4,8,5,2098
28.0,4,8,6,2105
28.0,4,8,7,2111
28.0,4,8,8,2118
28.0,4,8,9,2124
28.0,4,8,10,2131
28.0,4,8,11,2137
28.0,4,8,12,2144
28.0,4,8,13,2150
28.0,4,8,14,2156
28.0,4,8,15,2163
28.0,4,9,0,2072
28.0,4,9,1,2078
28.0,4,9,2,2085
28.0,4,9,3,2092
28.0,4,9,4,2098
28.0,4,9,5,2105
28.0,4,9,6,2111
28.0,4,9,7,2118
28.0,4,9,8,2125
28.0,4,9,9,2131
28.0,4,9,10,2138
28.0,4,9,11,2144
28.0,4,9,12,2150
28.0,4,9,13,2157
28.0,4,9,14,2163
28.0,4,9,15,2170
28.0,4,10,0,2078
28.0,4,10,1,2085
28.0,4,10,2,2092
28.0,4,10,3,2098
28.0,4,10,4,2105
28.0,4,10,5,2112
28.0,4,10,6,2118
28.0,4,10,7,2125
28.0,4,10,8,2131
28.0,4,10,9,2138
28.0,4,10,10,2144
28.0,4,10,11,2151
28.0,4,10,12,2157
28.0,4,10,13,2164
28.0,4,10,14,2170
28.0,4,10,15,2177
28.0,4,11,0,2085
28.0,4,11,1,2092
28.0,4,11,2,2098
28.0,4,11,3,2105
28.0,4,11,4,2112
28.0,4,11,5,2118
28.0,4,11,6,2125
28.0,4,11,7,2131
28.0,4,11,8,2138
28.0,4,11,9,2144
28.0,4,11,10,2151
28.0,4,11,11,2158
28.0,4,11,12,2164
28.0,4,11,13,2170
28.0,4,11,14,2177
28.0,4,11,15,2183
28.0,4,12,0,2091
28.0,4,12,1,2098
28.0,4,12,2,2105
28.0,4,12,3,2111
28.0,4,12,4,2118
28.0,4,12,5,2125
28.0,4,12,6,2131
28.0,4,12,7,2138
28.0,4,12,8,2145
28.0,4,12,9,2151
28.0,4,12,10,2158
28.0,4,12,11,2164
28.0,4,12,12,2171
28.0,4,12,13,2177
28.0,4,12,14,2184
28.0,4,12,15,2190
28.0,4,13,0,2098
28.0,4,13,1,2105
28.0,4,13,2,2111
28.0,4,13,3,2118
28.0,4,13,4,2125
28.0,4,13,5,2131
28.0,4,13,6,2138
28.0,4,13,7,2145
28.0,4,13,8,2151
28.0,4,13,9,2158
28.0,4,13,10,2164
28.0,4,13,11,2171
28.0,4,13,12,2178
28.0,4,13,13,2184
28.0,4,13,14,2191
28.0,4,13,15,2197
28.0,4,14,0,2104
28.0,4,14,1,2111
28.0,4,14,2,2118
28.0,4,14,3,2125
28.0,4,14,4,2131
28.0,4,14,5,2138
28.0,4,14,6,2145
28.0,4,14,7,2151
28.0,4,14,8,2158
28.0,4,14,9,2165
28.0,4,14,10,2171
28.0,4,14,11,2178
28.0,4,14,12,2184
28.0,4,14,13,2191
28.0,4,14,14,2197
28.0,4,14,15,2204
28.0,4,15,0,2111
28.0,4,15,1,2118
28.0,4,15,2,2124
28.0,4,15,3,2131
28.0,4,15,4,2138
28.0,4,15,5,2144
28.0,4,15,6,2151
28.0,4,15,7,2158
28.0,4,15,8,2165
28.0,4,15,9,2171
28.0,4,15,10,2178
28.0,4,15,11,2184
28.0,4,15,12,2191
28.0,4,15,13,2197
28.0,4,15,14,2204
28.0,4,15,15,2211
28.0,5,0,0,2019
28.0,5,0,1,2026
28.0,5,0,2,2032
28.0,5,0,3,2039
28.0,5,0,4,2045
28.0,5,0,5,2052
28.0,5,0,6,2058
28.0,5,0,7,2065
28.0,5,0,8,2071
28.0,5,0,9,2077
28.0,5,0,10,2084
28.0,5,0,11,2090
28.0,5,0,12,2096
28.0,5,0,13,2102
28.0,5,0,14,2109
28.0,5,0,15,2115
28.0,5,1,0,2026
28.0,5,1,1,2033
28.0,5,1,2,2039
28.0,5,1,3,2046
28.0,5,1,4,2052
28.0,5,1,5,2059
28.0,5,1,6,2065
28.0,5,1,7,2071
28.0,5,1,8,2078
28.0,5,1,9,2084
28.0,5,1,10,2091
28.0,5,1,11,2097
28.0,5,1,12,2103
28.0,5,1,13,2109
28.0,5,1,14,2116
28.0,5,1,15,2122
28.0,5,2,0,2033
28.0,5,2,1,2039
28.0,5,2,2,2046
28.0,5,2,3,2053
28.0,5,2,4,2059
28.0,5,2,5,2065
28.0,5,2,6,2072
28.0,5,2,7,2078
28.0,5,2,8,2085
28.0,5,2,9,2091
28.0,5,2,10,2098
28.0,5,2,11,2104
28.0,5,2,12,2110
28.0,5,2,13,2117
28.0,5,2,14,2123
28.0,5,2,15,2129
28.0,5,3,0,2040
28.0,5,3,1,2046
28.0,5,3,2,2053
28.0,5,3,3,2059
28.0,5,3,4,2066
28.0,5,3,5,2072
28.0,5,3,6,2079
28.0,5,3,7,2085
28.0,5,3,8,2092
28.0,5,3,9,2098
28.0,5,3,10,2104
28.0,5,3,11,2111
28.0,5,3,12,2117
28.0,5,3,13,2124
28.0,5,3,14,2130
28.0,5,3,15,2136
28.0,5,4,0,2046
28.0,5,4,1,2053
28.0,5,4,2,2060
28.0,5,4,3,2066
28.0,5,4,4,2073
28.0,5,4,5,2079
28.0,5,4,6,2086
28.0,5,4,7,2092
28.0,5,4,8,2099
28.0,5,4,9,2105
28.0,5,4,10,2111
28.0,5,4,11,2118
28.0,5,4,12,2124
28.0,5,4,13,2130
28.0,5,4,14,2137
28.0,5,4,15,2143
28.0,5,5,0,2053
28.0,5,5,1,2060
28.0,5,5,2,2066
28.0,5,5,3,2073
28.0,5,5,4,2079
28.0,5,5,5,2086
28.0,5,5,6,2092
28.0,5,5,7,2099
28.0,5,5,8,2105
28.0,5,5,9,2112
28.0,5,5,10,2118
28.0,5,5,11,2125
28.0,5,5,12,2131
28.0,5,5,13,2137
28.0,5,5,14,2144
28.0,5,5,15,2150
28.0,5,6,0,2060
28.0,5,6,1,2066
28.0,5,6,2,2073
28.0,5,6,3,2080
28.0,5,6,4,2086
28.0,5,6,5,2093
28.0,5,6,6,2099
28.0,5,6,7,2106
28.0,5,6,8,2112
28.0,5,6,9,2119
28.0,5,6,10,2125
28.0,5,6,11,2132
28.0,5,6,12,2138
28.0,5,6,13,2144
28.0,5,6,14,2151
28.0,5,6,15,2157
28.0,5,7,0,2066
28.0,5,7,1,2073
28.0,5,7,2,2080
28.0,5,7,3,2086
28.0,5,7,4,2093
28.0,5,7,5,2099
28.0,5,7,6,2106
28.0,5,7,7,2112
28.0,5,7,8,2119
28.0,5,7,9,2125
28.0,5,7,10,2132
28.0,5,7,11,2138
28.0,5,7,12,2145
28.0,5,7,13,2151
28.0,5,7,14,2158
28.0,5,7,15,2164
28.0,5,8,0,2073
28.0,5,8,1,2080
28.0,5,8,2,2086
28.0,5,8,3,2093
28.0,5,8,4,2100
28.0,5,8,5,2106
28.0,5,8,6,2113
28.0,5,8,7,2119
28.0,5,8,8,2126
28.0,5,8,9,2132
28.0,5,8,10,2139
28.0,5,8,11,2145
28.0,5,8,12,2152
28.0,5,8,13,2158
28.0,5,8,14,2165
28.0,5,8,15,2171
28.0,5,9,0,2080
28.0,5,9,1,2086
28.0,5,9,2,2093
28.0,5,9,3,2100
28.0,5,9,4,2106
28.0,5,9,5,2113
28.0,5,9,6,2119
28.0,5,9,7,2126
28.0,5,9,8,2133
28.0,5,9,9,2139
28.0,5,9,10,2146
28.0,5,9,11,2152
28.0,5,9,12,2159
28.0,5,9,13,2165
28.0,5,9,14,2171
28.0,5,9,15,2178
28.0,5,10,0,2086
28.0,5,10,1,2093
28.0,5,10,2,2100
28.0,5,10,3,2106
28.0,5,10,4,2113
28.0,5,10,5,2120
28.0,5,10,6,2126
28.0,5,10,7,2133
28.0,5,10,8,2139
28.0,5,10,9,2146
28.0,5,10,10,2152
28.0,5,10,11,2159
28.0,5,10,12,2165
28.0,5,10,13,2172
28.0,5,10,14,2178
28.0,5,10,15,2185
28.0,5,11,0,2093
28.0,5,11,1,2099
28.0,5,11,2,2106
28.0,5,11,3,2113
28.0,5,11,4,2120
28.0,5,11,5,2126
28.0,5,11,6,2133
28.0,5,11,7,2139
28.0,5,11,8,2146
28.0,5,11,9,2153
28.0,5,11,10,2159
28.0,5,11,11,2166
28.0,5,11,12,2172
28.0,5,11,13,2179
28.0,5,11,14,2185
28.0,5,11,15,2192
28.0,5,12,0,2099
28.0,5,12,1,2106
28.0,5,12,2,2113
28.0,5,12,3,2119
28.0,5,12,4,2126
28.0,5,12,5,2133
28.0,5,12,6,2139
28.0,5,12,7,2146
28.0,5,12,8,2153
28.0,5,12,9,2159
28.0,5,12,10,2166
28.0,5,12,11,2172
28.0,5,12,12,2179
28.0,5,12,13,2185
28.0,5,12,14,2192
28.0,5,12,15,2198
28.0,5,13,0,2106
28.0,5,13,1,2112
28.0,5,13,2,2119
28.0,5,13,3,2126
28.0,5,13,4,2133
28.0,5,13,5,2139
28.0,5,13,6,2146
28.0,5,13,7,2153
28.0,5,13,8,2159
28.0,5,13,9,2166
28.0,5,13,10,2173
28.0,5,13,11,2179
28.0,5,13,12,2186
28.0,5,13,13,2192
28.0,5,13,14,2199
28.0,5,13,15,2205
28.0,5,14,0,2112
28.0,5,14,1,2119
28.0,5,14,2,2126
28.0,5,14,3,2133
28.0,5,14,4,2139
28.0,5,14,5,2146
28.0,5,14,6,2153
28.0,5,14,7,2159
28.0,5,14,8,2166
28.0,5,14,9,2173
28.0,5,14,10,2179
28.0,5,14,11,2186
28.0,5,14,12,2192
28.0,5,14,13,2199
28.0,5,14,14,2206
28.0,5,14,15,2212
28.0,5,15,0,2119
28.0,5,15,1,2125
28.0,5,15,2,2132
28.0,5,15,3,2139
28.0,5,15,4,2146
28.0,5,15,5,2153
28.0,5,15,6,2159
28.0,5,15,7,2166
28.0,5,15,8,2173
28.0,5,15,9,2179
28.0,5,15,10,2186
28.0,5,15,11,2193
28.0,5,15,12,2199
28.0,5,15,13,2206
28.0,5,15,14,2212
28.0,5,15,15,2219
28.0,6,0,0,2027
28.0,6,0,1,2034
28.0,6,0,2,2040
28.0,6,0,3,2047
28.0,6,0,4,2053
28.0,6,0,5,2059
28.0,6,0,6,2066
28.0,6,0,7,2072
28.0,6,0,8,2079
28.0,6,0,9,2085
28.0,6,0,10,2091
28.0,6,0,11,2098
28.0,6,0,12,2104
28.0,6,0,13,2110
28.0,6,0,14,2117
28.0,6,0,15,2123
28.0,6,1,0,2034
28.0,6,1,1,2040
28.0,6,1,2,2047
28.0,6,1,3,2053
28.0,6,1,4,2060
28.0,6,1,5,2066
28.0,6,1,6,2073
28.0,6,1,7,2079
28.0,6,1,8,2086
28.0,6,1,9,2092
28.0,6,1,10,2098
28.0,6,1,11,2105
28.0,6,1,12,2111
28.0,6,1,13,2117
28.0,6,1,14,2124
28.0,6,1,15,2130
28.0,6,2,0,2041
28.0,6,2,1,2047
28.0,6,2,2,2054
28.0,6,2,3,2060
28.0,6,2,4,2067
28.0,6,2,5,2073
28.0,6,2,6,2080
28.0,6,2,7,2086
28.0,6,2,8,2093
28.0,6,2,9,2099
28.0,6,2,10,2105
28.0,6,2,11,2112
28.0,6,2,12,2118
28.0,6,2,13,2124
28.0,6,2,14,2131
28.0,6,2,15,2137
28.0,6,3,0,2047
28.0,6,3,1,2054
28.0,6,3,2,2061
28.0,6,3,3,2067
28.0,6,3,4,2074
28.0,6,3,5,2080
28.0,6,3,6,2087
28.0,6,3,7,2093
28.0,6,3,8,2100
28.0,6,3,9,2106
28.0,6,3,10,2112
28.0,6,3,11,2119
28.0,6,3,12,2125
28.0,6,3,13,2131
28.0,6,3,14,2138
28.0,6,3,15,2144
28.0,6,4,0,2054
28.0,6,4,1,2061
28.0,6,4,2,2067
28.0,6,4,3,2074
28.0,6,4,4,2080
28.0,6,4,5,2087
28.0,6,4,6,2093
28.0,6,4,7,2100
28.0,6,4,8,2106
28.0,6,4,9,2113
28.0,6,4,10,2119
28.0,6,4,11,2126
28.0,6,4,12,2132
28.0,6,4,13,2138
28.0,6,4,14,2145
28.0,6,4,15,2151
28.0,6,5,0,2061
28.0,6,5,1,2067
28.0,6,5,2,2074
28.0,6,5,3,2081
28.0,6,5,4,2087
28.0,6,5,5,2094
28.0,6,5,6,2100
28.0,6,5,7,2107
28.0,6,5,8,2113
28.0,6,5,9,2120
28.0,6,5,10,2126
28.0,6,5,11,2133
28.0,6,5,12,2139
28.0,6,5,13,2145
28.0,6,5,14,2152
28.0,6,5,15,2158
28.0,6,6,0,2067
28.0,6,6,1,2074
28.0,6,6,2,2081
28.0,6,6,3,2087
28.0,6,6,4,2094
28.0,6,6,5,2101
28.0,6,6,6,2107
28.0,6,6,7,2114
28.0,6,6,8,2120
28.0,6,6,9,2127
28.0,6,6,10,2133
28.0,6,6,11,2140
28.0,6,6,12,2146
28.0,6,6,13,2152
28.0,6,6,14,2159
28.0,6,6,15,2165
28.0,6,7,0,2074
28.0,6,7,1,2081
28.0,6,7,2,2087
28.0,6,7,3,2094
28.0,6,7,4,2101
28.0,6,7,5,2107
28.0,6,7,6,2114
28.0,6,7,7,2120
28.0,6,7,8,2127
28.0,6,7,9,2133
28.0,6,7,10,2140
28.0,6,7,11,2146
28.0,6,7,12,2153
28.0,6,7,13,2159
28.0,6,7,14,2166
28.0,6,7,15,2172
28.0,6,8,0,2081
28.0,6,8,1,2087
28.0,6,8,2,2094
28.0,6,8,3,2101
28.0,6,8,4,2107
28.0,6,8,5,2114
28.0,6,8,6,2121
28.0,6,8,7,2127
28.0,6,8,8,2134
28.0,6,8,9,2140
28.0,6,8,10,2147
28.0,6,8,11,2153
28.0,6,8,12,2160
28.0,6,8,13,2166
28.0,6,8,14,2173
28.0,6,8,15,2179
28.0,6,9,0,2087
28.0,6,9,1,2094
28.0,6,9,2,2101
28.0,6,9,3,2107
28.0,6,9,4,2114
28.0,6,9,5,2121
28.0,6,9,6,2127
28.0,6,9,7,2134
28.0,6,9,8,2141
28.0,6,9,9,2147
28.0,6,9,10,2154
28.0,6,9,11,2160
28.0,6,9,12,2167
28.0,6,9,13,2173
28.0,6,9,14,2180
28.0,6,9,15,2186
28.0,6,10,0,2094
28.0,6,10,1,2101
28.0,6,10,2,2107
28.0,6,10,3,2114
28.0,6,10,4,2121
28.0,6,10,5,2127
28.0,6,10,6,2134
28.0,6,10,7,2141
28.0,6,10,8,2147
28.0,6,10,9,2154
28.0,6,10,10,2160
28.0,6,10,11,2167
28.0,6,10,12,2174
28.0,6,10,13,2180
28.0,6,10,14,2187
28.0,6,10,15,2193
28.0,6,11,0,2101
28.0,6,11,1,2107
28.0,6,11,2,2114
28.0,6,11,3,2121
28.0,6,11,4,2127
28.0,6,11,5,2134
28.0,6,11,6,2141
28.0,6,11,7,2147
28.0,6,11,8,2154
28.0,6,11,9,2161
28.0,6,11,10,2167
28.0,6,11,11,2174
28.0,6,11,12,2180
28.0,6,11,13,2187
28.0,6,11,14,2193
28.0,6,11,15,2200
28.0,6,12,0,2107
28.0,6,12,1,2114
28.0,6,12,2,2121
28.0,6,12,3,2127
28.0,6,12,4,2134
28.0,6,12,5,2141
28.0,6,12,6,2147
28.0,6,12,7,2154
28.0,6,12,8,2161
28.0,6,12,9,2167
28.0,6,12,10,2174
28.0,6,12,11,2181
28.0,6,12,12,2187
28.0,6,12,13,2194
28.0,6,12,14,2200
28.0,6,12,15,2207
28.0,6,13,0,2114
28.0,6,13,1,2120
28.0,6,13,2,2127
28.0,6,13,3,2134
28.0,6,13,4,2141
28.0,6,13,5,2147
28.0,6,13,6,2154
28.0,6,13,7,2161
28.0,6,13,8,2167
28.0,6,13,9,2174
28.0,6,13,10,2181
28.0,6,13,11,2187
28.0,6,13,12,2194
28.0,6,13,13,2200
28.0,6,13,14,2207
28.0,6,13,15,2214
28.0,6,14,0,2120
28.0,6,14,1,2127
28.0,6,14,2,2134
28.0,6,14,3,2141
28.0,6,14,4,2147
28.0,6,14,5,2154
28.0,6,14,6,2161
28.0,6,14,7,2167
28.0,6,14,8,2174
28.0,6,14,9,2181
28.0,6,14,10,2187
28.0,6,14,11,2194
28.0,6,14,12,2201
28.0,6,14,13,2207
28.0,6,14,14,2214
28.0,6,14,15,2220
28.0,6,15,0,2127
28.0,6,15,1,2133
28.0,6,15,2,2140
28.0,6,15,3,2147
28.0,6,15,4,2154
28.0,6,15,5,2161
28.0,6,15,6,2167
28.0,6,15,7,2174
28.0,6,15,8,2181
28.0,6,15,9,2188
28.0,6,15,10,2194
28.0,6,15,11,2201
28.0,6,15,12,2207
28.0,6,15,13,2214
28.0,6,15,14,2221
28.0,6,15,15,2227
28.0,7,0,0,2035
28.0,7,0,1,2041
28.0,7,0,2,2048
28.0,7,0,3,2054
28.0,7,0,4,2061
28.0,7,0,5,2067
28.0,7,0,6,2074
28.0,7,0,7,2080
28.0,7,0,8,2086
28.0,7,0,9,2093
28.0,7,0,10,2099
28.0,7,0,11,2106
28.0,7,0,12,2112
28.0,7,0,13,2118
28.0,7,0,14,2125
28.0,7,0,15,2131
28.0,7,1,0,2041
28.0,7,1,1,2048
28.0,7,1,2,2055
28.0,7,1,3,2061
28.0,7,1,4,2068
28.0,7,1,5,2074
28.0,7,1,6,2081
28.0,7,1,7,2087
28.0,7,1,8,2093
28.0,7,1,9,2100
28.0,7,1,10,2106
28.0,7,1,11,2113
28.0,7,1,12,2119
28.0,7,1,13,2125
28.0,7,1,14,2132
28.0,7,1,15,2138
28.0,7,2,0,2048
28.0,7,2,1,2055
28.0,7,2,2,2061
28.0,7,2,3,2068
28.0,7,2,4,2075
28.0,7,2,5,2081
28.0,7,2,6,2088
28.0,7,2,7,2094
28.0,7,2,8,2100
28.0,7,2,9,2107
28.0,7,2,10,2113
28.0,7,2,11,2120
28.0,7,2,12,2126
28.0,7,2,13,2132
28.0,7,2,14,2139
28.0,7,2,15,2145
28.0,7,3,0,2055
28.0,7,3,1,2062
28.0,7,3,2,2068
28.0,7,3,3,2075
28.0,7,3,4,2081
28.0,7,3,5,2088
28.0,7,3,6,2094
28.0,7,3,7,2101
28.0,7,3,8,2107
28.0,7,3,9,2114
28.0,7,3,10,2120
28.0,7,3,11,2127
28.0,7,3,12,2133
28.0,7,3,13,2139
28.0,7,3,14,2146
28.0,7,3,15,2152
28.0,7,4,0,2062
28.0,7,4,1,2068
28.0,7,4,2,2075
28.0,7,4,3,2082
28.0,7,4,4,2088
28.0,7,4,5,2095
28.0,7,4,6,2101
28.0,7,4,7,2108
28.0,7,4,8,2114
28.0,7,4,9,2121
28.0,7,4,10,2127
28.0,7,4,11,2134
28.0,7,4,12,2140
28.0,7,4,13,2146
28.0,7,4,14,2153
28.0,7,4,15,2159
28.0,7,5,0,2068
28.0,7,5,1,2075
28.0,7,5,2,2082
28.0,7,5,3,2088
28.0,7,5,4,2095
28.0,7,5,5,2102
28.0,7,5,6,2108
28.0,7,5,7,2115
28.0,7,5,8,2121
28.0,7,5,9,2128
28.0,7,5,10,2134
28.0,7,5,11,2141
28.0,7,5,12,2147
28.0,7,5,13,2154
28.0,7,5,14,2160
28.0,7,5,15,2166
28.0,7,6,0,2075
28.0,7,6,1,2082
28.0,7,6,2,2089
28.0,7,6,3,2095
28.0,7,6,4,2102
28.0,7,6,5,2108
28.0,7,6,6,2115
28.0,7,6,7,2122
28.0,7,6,8,2128
28.0,7,6,9,2135
28.0,7,6,10,2141
28.0,7,6,11,2148
28.0,7,6,12,2154
28.0,7,6,13,2160
28.0,7,6,14,2167
28.0,7,6,15,2173
28.0,7,7,0,2082
28.0,7,7,1,2089
28.0,7,7,2,2095
28.0,7,7,3,2102
28.0,7,7,4,2109
28.0,7,7,5,2115
28.0,7,7,6,2122
28.0,7,7,7,2128
28.0,7,7,8,2135
28.0,7,7,9,2141
28.0,7,7,10,2148
28.0,7,7,11,2155
28.0,7,7,12,2161
28.0,7,7,13,2167
28.0,7,7,14,2174
28.0,7,7,15,2180
28.0,7,8,0,2089
28.0,7,8,1,2095
28.0,7,8,2,2102
28.0,7,8,3,2109
28.0,7,8,4,2115
28.0,7,8,5,2122
28.0,7,8,6,2129
28.0,7,8,7,2135
28.0,7,8,8,2142
28.0,7,8,9,2148
28.0,7,8,10,2155
28.0,7,8,11,2161
28.0,7,8,12,2168
28.0,7,8,13,2174
28.0,7,8,14,2181
28.0,7,8,15,2187
28.0,7,9,0,2095
28.0,7,9,1,2102
28.0,7,9,2,2109
28.0,7,9,3,2115
28.0,7,9,4,2122
28.0,7,9,5,2129
28.0,7,9,6,2135
28.0,7,9,7,2142
28.0,7,9,8,2149
28.0,7,9,9,2155
28.0,7,9,10,2162
28.0,7,9,11,2168
28.0,7,9,12,2175
28.0,7,9,13,2181
28.0,7,9,14,2188
28.0,7,9,15,2194
28.0,7,10,0,2102
28.0,7,10,1,2109
28.0,7,10,2,2115
28.0,7,10,3,2122
28.0,7,10,4,2129
28.0,7,10,5,2135
28.0,7,10,6,2142
28.0,7,10,7,2149
28.0,7,10,8,2155
28.0,7,10,9,2162
28.0,7,10,10,2169
28.0,7,10,11,2175
28.0,7,10,12,2182
28.0,7,10,13,2188
28.0,7,10,14,2195
28.0,7,10,15,2201
28.0,7,11,0,2108
28.0,7,11,1,2115
28.0,7,11,2,2122
28.0,7,11,3,2129
28.0,7,11,4,2135
28.0,7,11,5,2142
28.0,7,11,6,2149
28.0,7,11,7,2156
28.0,7,11,8,2162
28.0,7,11,9,2169
28.0,7,11,10,2175
28.0,7,11,11,2182
28.0,7,11,12,2189
28.0,7,11,13,2195
28.0,7,11,14,2202
28.0,7,11,15,2208
28.0,7,12,0,2115
28.0,7,12,1,2122
28.0,7,12,2,2129
28.0,7,12,3,2135
28.0,7,12,4,2142
28.0,7,12,5,2149
28.0,7,12,6,2156
28.0,7,12,7,2162
28.0,7,12,8,2169
28.0,7,12,9,2176
28.0,7,12,10,2182
28.0,7,12,11,2189
28.0,7,12,12,2195
28.0,7,12,13,2202
28.0,7,12,14,2208
28.0,7,12,15,2215
28.0,7,13,0,2122
28.0,7,13,1,2128
28.0,7,13,2,2135
28.0,7,13,3,2142
28.0,7,13,4,2149
28.0,7,13,5,2156
28.0,7,13,6,2162
28.0,7,13,7,2169
28.0,7,13,8,2176
28.0,7,13,9,2182
28.0,7,13,10,2189
28.0,7,13,11,2196
28.0,7,13,12,2202
28.0,7,13,13,2209
28.0,7,13,14,2215
28.0,7,13,15,2222
28.0,7,14,0,2128
28.0,7,14,1,2135
28.0,7,14,2,2142
28.0,7,14,3,2149
28.0,7,14,4,2155
28.0,7,14,5,2162
28.0,7,14,6,2169
28.0,7,14,7,2176
28.0,7,14,8,2182
28.0,7,14,9,2189
28.0,7,14,10,2196
28.0,7,14,11,2202
28.0,7,14,12,2209
28.0,7,14,13,2216
28.0,7,14,14,2222
28.0,7,14,15,2229
28.0,7,15,0,2135
28.0,7,15,1,2141
28.0,7,15,2,2148
28.0,7,15,3,2155
28.0,7,15,4,2162
28.0,7,15,5,2169
28.0,7,15,6,2176
28.0,7,15,7,2182
28.0,7,15,8,2189
28.0,7,15,9,2196
28.0,7,15,10,2202
28.0,7,15,11,2209
28.0,7,15,12,2216
28.0,7,15,13,2222
28.0,7,15,14,2229
28.0,7,15,15,2236
28.0,8,0,0,2042
28.0,8,0,1,2049
28.0,8,0,2,2055
28.0,8,0,3,2062
28.0,8,0,4,2068
28.0,8,0,5,2075
28.0,8,0,6,2081
28.0,8,0,7,2088
28.0,8,0,8,2094
28.0,8,0,9,2101
28.0,8,0,10,2107
28.0,8,0,11,2113
28.0,8,0,12,2120
28.0,8,0,13,2126
28.0,8,0,14,2132
28.0,8,0,15,2139
28.0,8,1,0,2049
28.0,8,1,1,2056
28.0,8,1,2,2062
28.0,8,1,3,2069
28.0,8,1,4,2075
28.0,8,1,5,2082
28.0,8,1,6,2088
28.0,8,1,7,2095
28.0,8,1,8,2101
28.0,8,1,9,2108
28.0,8,1,10,2114
28.0,8,1,11,2121
28.0,8,1,12,2127
28.0,8,1,13,2133
28.0,8,1,14,2140
28.0,8,1,15,2146
28.0,8,2,0,2056
28.0,8,2,1,2063
28.0,8,2,2,2069
28.0,8,2,3,2076
28.0,8,2,4,2082
28.0,8,2,5,2089
28.0,8,2,6,2095
28.0,8,2,7,2102
28.0,8,2,8,2108
28.0,8,2,9,2115
28.0,8,2,10,2121
28.0,8,2,11,2128
28.0,8,2,12,2134
28.0,8,2,13,2140
28.0,8,2,14,2147
28.0,8,2,15,2153
28.0,8,3,0,2063
28.0,8,3,1,2069
28.0,8,3,2,2076
28.0,8,3,3,2083
28.0,8,3,4,2089
28.0,8,3,5,2096
28.0,8,3,6,2102
28.0,8,3,7,2109
28.0,8,3,8,2115
28.0,8,3,9,2122
28.0,8,3,10,2128
28.0,8,3,11,2135
28.0,8,3,12,2141
28.0,8,3,13,2147
28.0,8,3,14,2154
28.0,8,3,15,2160
28.0,8,4,0,2069
28.0,8,4,1,2076
28.0,8,4,2,2083
28.0,8,4,3,2089
28.0,8,4,4,2096
28.0,8,4,5,2103
28.0,8,4,6,2109
28.0,8,4,7,2116
28.0,8,4,8,2122
28.0,8,4,9,2129
28.0,8,4,10,2135
28.0,8,4,11,2142
28.0,8,4,12,2148
28.0,8,4,13,2155
28.0,8,4,14,2161
28.0,8,4,15,2167
28.0,8,5,0,2076
28.0,8,5,1,2083
28.0,8,5,2,2090
28.0,8,5,3,2096
28.0,8,5,4,2103
28.0,8,5,5,2109
28.0,8,5,6,2116
28.0,8,5,7,2123
28.0,8,5,8,2129
28.0,8,5,9,2136
28.0,8,5,10,2142
28.0,8,5,11,2149
28.0,8,5,12,2155
28.0,8,5,13,2162
28.0,8,5,14,2168
28.0,8,5,15,2174
28.0,8,6,0,2083
28.0,8,6,1,2090
28.0,8,6,2,2096
28.0,8,6,3,2103
28.0,8,6,4,2110
28.0,8,6,5,2116
28.0,8,6,6,2123
28.0,8,6,7,2129
28.0,8,6,8,2136
28.0,8,6,9,2143
28.0,8,6,10,2149
28.0,8,6,11,2156
28.0,8,6,12,2162
28.0,8,6,13,2169
28.0,8,6,14,2175
28.0,8,6,15,2181
28.0,8,7,0,2090
28.0,8,7,1,2096
28.0,8,7,2,2103
28.0,8,7,3,2110
28.0,8,7,4,2116
28.0,8,7,5,2123
28.0,8,7,6,2130
28.0,8,7,7,2136
28.0,8,7,8,2143
28.0,8,7,9,2149
28.0,8,7,10,2156
28.0,8,7,11,2163
28.0,8,7,12,2169
28.0,8,7,13,2176
28.0,8,7,14,2182
28.0,8,7,15,2188
28.0,8,8,0,2096
28.0,8,8,1,2103
28.0,8,8,2,2110
28.0,8,8,3,2117
28.0,8,8,4,2123
28.0,8,8,5,2130
28.0,8,8,6,2137
28.0,8,8,7,2143
28.0,8,8,8,2150
28.0,8,8,9,2156
28.0,8,8,10,2163
28.0,8,8,11,2169
28.0,8,8,12,2176
28.0,8,8,13,2182
28.0,8,8,14,2189
28.0,8,8,15,2195
28.0,8,9,0,2103
28.0,8,9,1,2110
28.0,8,9,2,2117
28.0,8,9,3,2123
28.0,8,9,4,2130
28.0,8,9,5,2137
28.0,8,9,6,2143
28.0,8,9,7,2150
28.0,8,9,8,2157
28.0,8,9,9,2163
28.0,8,9,10,2170
28.0,8,9,11,2176
28.0,8,9,12,2183
28.0,8,9,13,2189
28.0,8,9,14,2196
28.0,8,9,15,2202
28.0,8,10,0,2110
28.0,8,10,1,2116
28.0,8,10,2,2123
28.0,8,10,3,2130
28.0,8,10,4,2137
28.0,8,10,5,2143
28.0,8,10,6,2150
28.0,8,10,7,2157
28.0,8,10,8,2163
28.0,8,10,9,2170
28.0,8,10,10,2177
28.0,8,10,11,2183
28.0,8,10,12,2190
28.0,8,10,13,2196
28.0,8,10,14,2203
28.0,8,10,15,2209
28.0,8,11,0,2116
28.0,8,11,1,2123
28.0,8,11,2,2130
28.0,8,11,3,2137
28.0,8,11,4,2143
28.0,8,11,5,2150
28.0,8,11,6,2157
28.0,8,11,7,2164
28.0,8,11,8,2170
28.0,8,11,9,2177
28.0,8,11,10,2183
28.0,8,11,11,2190
28.0,8,11,12,2197
28.0,8,11,13,2203
28.0,8,11,14,2210
28.0,8,11,15,2216
28.0,8,12,0,2123
28.0,8,12,1,2130
28.0,8,12,2,2137
28.0,8,12,3,2143
28.0,8,12,4,2150
28.0,8,12,5,2157
28.0,8,12,6,2164
28.0,8,12,7,2170
28.0,8,12,8,2177
28.0,8,12,9,2184
28.0,8,12,10,2190
28.0,8,12,11,2197
28.0,8,12,12,2204
28.0,8,12,13,2210
28.0,8,12,14,2217
28.0,8,12,15,2223
28.0,8,13,0,2129
28.0,8,13,1,2136
28.0,8,13,2,2143
28.0,8,13,3,2150
28.0,8,13,4,2157
28.0,8,13,5,2164
28.0,8,13,6,2170
28.0,8,13,7,2177
28.0,8,13,8,2184
28.0,8,13,9,2190
28.0,8,13,10,2197
28.0,8,13,11,2204
28.0,8,13,12,2210
28.0,8,13,13,2217
28.0,8,13,14,2224
28.0,8,13,15,2230
28.0,8,14,0,2136
28.0,8,14,1,2143
28.0,8,14,2,2150
28.0,8,14,3,2157
28.0,8,14,4,2163
28.0,8,14,5,2170
28.0,8,14,6,2177
28.0,8,14,7,2184
28.0,8,14,8,2190
28.0,8,14,9,2197
28.0,8,14,10,2204
28.0,8,14,11,2211
28.0,8,14,12,2217
28.0,8,14,13,2224
28.0,8,14,14,2230
28.0,8,14,15,2237
28.0,8,15,0,2143
28.0,8,15,1,2149
28.0,8,15,2,2156
28.0,8,15,3,2163
28.0,8,15,4,2170
28.0,8,15,5,2177
28.0,8,15,6,2184
28.0,8,15,7,2190
28.0,8,15,8,2197
28.0,8,15,9,2204
28.0,8,15,10,2211
28.0,8,15,11,2217
28.0,8,15,12,2224
28.0,8,15,13,2231
28.0,8,15,14,2237
28.0,8,15,15,2244
28.0,9,0,0,2050
28.0,9,0,1,2056
28.0,9,0,2,2063
28.0,9,0,3,2070
28.0,9,0,4,2076
28.0,9,0,5,2083
28.0,9,0,6,2089
28.0,9,0,7,2096
28.0,9,0,8,2102
28.0,9,0,9,2108
28.0,9,0,10,2115
28.0,9,0,11,2121
28.0,9,0,12,2128
28.0,9,0,13,2134
28.0,9,0,14,2140
28.0,9,0,15,2147
28.0,9,1,0,2057
28.0,9,1,1,2063
28.0,9,1,2,2070
28.0,9,1,3,2076
28.0,9,1,4,2083
28.0,9,1,5,2090
28.0,9,1,6,2096
28.0,9,1,7,2103
28.0,9,1,8,2109
28.0,9,1,9,2116
28.0,9,1,10,2122
28.0,9,1,11,2128
28.0,9,1,12,2135
28.0,9,1,13,2141
28.0,9,1,14,2148
28.0,9,1,15,2154
28.0,9,2,0,2064
28.0,9,2,1,2070
28.0,9,2,2,2077
28.0,9,2,3,2083
28.0,9,2,4,2090
28.0,9,2,5,2097
28.0,9,2,6,2103
28.0,9,2,7,2110
28.0,9,2,8,2116
28.0,9,2,9,2123
28.0,9,2,10,2129
28.0,9,2,11,2136
28.0,9,2,12,2142
28.0,9,2,13,2148
28.0,9,2,14,2155
28.0,9,2,15,2161
28.0,9,3,0,2070
28.0,9,3,1,2077
28.0,9,3,2,2084
28.0,9,3,3,2090
28.0,9,3,4,2097
28.0,9,3,5,2103
28.0,9,3,6,2110
28.0,9,3,7,2117
28.0,9,3,8,2123
28.0,9,3,9,2130
28.0,9,3,10,2136
28.0,9,3,11,2143
28.0,9,3,12,2149
28.0,9,3,13,2155
28.0,9,3,14,2162
28.0,9,3,15,2168
28.0,9,4,0,2077
28.0,9,4,1,2084
28.0,9,4,2,2091
28.0,9,4,3,2097
28.0,9,4,4,2104
28.0,9,4,5,2110
28.0,9,4,6,2117
28.0,9,4,7,2124
28.0,9,4,8,2130
28.0,9,4,9,2137
28.0,9,4,10,2143
28.0,9,4,11,2150
28.0,9,4,12,2156
28.0,9,4,13,2163
28.0,9,4,14,2169
28.0,9,4,15,2175
28.0,9,5,0,2084
28.0,9,5,1,2091
28.0,9,5,2,2097
28.0,9,5,3,2104
28.0,9,5,4,2111
28.0,9,5,5,2117
28.0,9,5,6,2124
28.0,9,5,7,2130
28.0,9,5,8,2137
28.0,9,5,9,2144
28.0,9,5,10,2150
28.0,9,5,11,2157
28.0,9,5,12,2163
28.0,9,5,13,2170
28.0,9,5,14,2176
28.0,9,5,15,2182
28.0,9,6,0,2091
28.0,9,6,1,2097
28.0,9,6,2,2104
28.0,9,6,3,2111
28.0,9,6,4,2117
28.0,9,6,5,2124
28.0,9,6,6,2131
28.0,9,6,7,2137
28.0,9,6,8,2144
28.0,9,6,9,2151
28.0,9,6,10,2157
28.0,9,6,11,2164
28.0,9,6,12,2170
28.0,9,6,13,2177
28.0,9,6,14,2183
28.0,9,6,15,2190
28.0,9,7,0,2097
28.0,9,7,1,2104
28.0,9,7,2,2111
28.0,9,7,3,2118
28.0,9,7,4,2124
28.0,9,7,5,2131
28.0,9,7,6,2138
28.0,9,7,7,2144
28.0,9,7,8,2151
28.0,9,7,9,2157
28.0,9,7,10,2164
28.0,9,7,11,2171
28.0,9,7,12,2177
28.0,9,7,13,2184
28.0,9,7,14,2190
28.0,9,7,15,2197
28.0,9,8,0,2104
28.0,9,8,1,2111
28.0,9,8,2,2118
28.0,9,8,3,2124
28.0,9,8,4,2131
28.0,9,8,5,2138
28.0,9,8,6,2144
28.0,9,8,7,2151
28.0,9,8,8,2158
28.0,9,8,9,2164
28.0,9,8,10,2171
28.0,9,8,11,2178
28.0,9,8,12,2184
28.0,9,8,13,2191
28.0,9,8,14,2197
28.0,9,8,15,2204
28.0,9,9,0,2111
28.0,9,9,1,2118
28.0,9,9,2,2124
28.0,9,9,3,2131
28.0,9,9,4,2138
28.0,9,9,5,2145
28.0,9,9,6,2151
28.0,9,9,7,2158
28.0,9,9,8,2165
28.0,9,9,9,2171
28.0,9,9,10,2178
28.0,9,9,11,2184
28.0,9,9,12,2191
28.0,9,9,13,2198
28.0,9,9,14,2204
28.0,9,9,15,2211
28.0,9,10,0,2117
28.0,9,10,1,2124
28.0,9,10,2,2131
28.0,9,10,3,2138
28.0,9,10,4,2145
28.0,9,10,5,2151
28.0,9,10,6,2158
28.0,9,10,7,2165
28.0,9,10,8,2171
28.0,9,10,9,2178
28.0,9,10,10,2185
28.0,9,10,11,2191
28.0,9,10,12,2198
28.0,9,10,13,2205
28.0,9,10,14,2211
28.0,9,10,15,2218
28.0,9,11,0,2124
28.0,9,11,1,2131
28.0,9,11,2,2138
28.0,9,11,3,2145
28.0,9,11,4,2151
28.0,9,11,5,2158
28.0,9,11,6,2165
28.0,9,11,7,2172
28.0,9,11,8,2178
28.0,9,11,9,2185
28.0,9,11,10,2192
28.0,9,11,11,2198
28.0,9,11,12,2205
28.0,9,11,13,2211
28.0,9,11,14,2218
28.0,9,11,15,2225
28.0,9,12,0,2131
28.0,9,12,1,2138
28.0,9,12,2,2144
28.0,9,12,3,2151
28.0,9,12,4,2158
28.0,9,12,5,2165
28.0,9,12,6,2172
28.0,9,12,7,2178
28.0,9,12,8,2185
28.0,9,12,9,2192
28.0,9,12,10,2198
28.0,9,12,11,2205
28.0,9,12,12,2212
28.0,9,12,13,2218
28.0,9,12,14,2225
28.0,9,12,15,2232
28.0,9,13,0,2137
28.0,9,13,1,2144
28.0,9,13,2,2151
28.0,9,13,3,2158
28.0,9,13,4,2165
28.0,9,13,5,2172
28.0,9,13,6,2178
28.0,9,13,7,2185
28.0,9,13,8,2192
28.0,9,13,9,2199
28.0,9,13,10,2205
28.0,9,13,11,2212
28.0,9,13,12,2219
28.0,9,13,13,2225
28.0,9,13,14,2232
28.0,9,13,15,2238
28.0,9,14,0,2144
28.0,9,14,1,2151
28.0,9,14,2,2158
28.0,9,14,3,2165
28.0,9,14,4,2171
28.0,9,14,5,2178
28.0,9,14,6,2185
28.0,9,14,7,2192
28.0,9,14,8,2199
28.0,9,14,9,2205
28.0,9,14,10,2212
28.0,9,14,11,2219
28.0,9,14,12,2225
28.0,9,14,13,2232
28.0,9,14,14,2239
28.0,9,14,15,2245
28.0,9,15,0,2151
28.0,9,15,1,2157
28.0,9,15,2,2164
28.0,9,15,3,2171
28.0,9,15,4,2178
28.0,9,15,5,2185
28.0,9,15,6,2192
28.0,9,15,7,2199
28.0,9,15,8,2205
28.0,9,15,9,2212
28.0,9,15,10,2219
28.0,9,15,11,2226
28.0,9,15,12,2232
28.0,9,15,13,2239
28.0,9,15,14,2246
28.0,9,15,15,2252
28.0,10,0,0,2057
28.0,10,0,1,2064
28.0,10,0,2,2071
28.0,10,0,3,2077
28.0,10,0,4,2084
28.0,10,0,5,2090
28.0,10,0,6,2097
28.0,10,0,7,2103
28.0,10,0,8,2110
28.0,10,0,9,2116
28.0,10,0,10,2123
28.0,10,0,11,2129
28.0,10,0,12,2136
28.0,10,0,13,2142
28.0,10,0,14,2148
28.0,10,0,15,2155
28.0,10,1,0,2064
28.0,10,1,1,2071
28.0,10,1,2,2078
28.0,10,1,3,2084
28.0,10,1,4,2091
28.0,10,1,5,2097
28.0,10,1,6,2104
28.0,10,1,7,2110
28.0,10,1,8,2117
28.0,10,1,9,2123
28.0,10,1,10,2130
28.0,10,1,11,2136
28.0,10,1,12,2143
28.0,10,1,13,2149
28.0,10,1,14,2156
28.0,10,1,15,2162
28.0,10,2,0,2071
28.0,10,2,1,2078
28.0,10,2,2,2084
28.0,10,2,3,2091
28.0,10,2,4,2098
28.0,10,2,5,2104
28.0,10,2,6,2111
28.0,10,2,7,2117
28.0,10,2,8,2124
28.0,10,2,9,2130
28.0,10,2,10,2137
28.0,10,2,11,2143
28.0,10,2,12,2150
28.0,10,2,13,2156
28.0,10,2,14,2163
28.0,10,2,15,2169
28.0,10,3,0,2078
28.0,10,3,1,2085
28.0,10,3,2,2091
28.0,10,3,3,2098
28.0,10,3,4,2105
28.0,10,3,5,2111
28.0,10,3,6,2118
28.0,10,3,7,2124
28.0,10,3,8,2131
28.0,10,3,9,2138
28.0,10,3,10,2144
28.0,10,3,11,2151
28.0,10,3,12,2157
28.0,10,3,13,2163
28.0,10,3,14,2170
28.0,10,3,15,2176
28.0,10,4,0,2085
28.0,10,4,1,2092
28.0,10,4,2,2098
28.0,10,4,3,2105
28.0,10,4,4,2112
28.0,10,4,5,2118
28.0,10,4,6,2125
28.0,10,4,7,2131
28.0,10,4,8,2138
28.0,10,4,9,2145
28.0,10,4,10,2151
28.0,10,4,11,2158
28.0,10,4,12,2164
28.0,10,4,13,2171
28.0,10,4,14,2177
28.0,10,4,15,2183
28.0,10,5,0,2092
28.0,10,5,1,2098
28.0,10,5,2,2105
28.0,10,5,3,2112
28.0,10,5,4,2118
28.0,10,5,5,2125
28.0,10,5,6,2132
28.0,10,5,7,2138
28.0,10,5,8,2145
28.0,10,5,9,2152
28.0,10,5,10,2158
28.0,10,5,11,2165
28.0,10,5,12,2171
28.0,10,5,13,2178
28.0,10,5,14,2184
28.0,10,5,15,2191
28.0,10,6,0,2098
28.0,10,6,1,2105
28.0,10,6,2,2112
28.0,10,6,3,2119
28.0,10,6,4,2125
28.0,10,6,5,2132
28.0,10,6,6,2139
28.0,10,6,7,2145
28.0,10,6,8,2152
28.0,10,6,9,2159
28.0,10,6,10,2165
28.0,10,6,11,2172
28.0,10,6,12,2178
28.0,10,6,13,2185
28.0,10,6,14,2191
28.0,10,6,15,2198
28.0,10,7,0,2105
28.0,10,7,1,2112
28.0,10,7,2,2119
28.0,10,7,3,2125
28.0,10,7,4,2132
28.0,10,7,5,2139
28.0,10,7,6,2146
28.0,10,7,7,2152
28.0,10,7,8,2159
28.0,10,7,9,2165
28.0,10,7,10,2172
28.0,10,7,11,2179
28.0,10,7,12,2185
28.0,10,7,13,2192
28.0,10,7,14,2198
28.0,10,7,15,2205
28.0,10,8,0,2112
28.0,10,8,1,2119
28.0,10,8,2,2126
28.0,10,8,3,2132
28.0,10,8,4,2139
28.0,10,8,5,2146
28.0,10,8,6,2152
28.0,10,8,7,2159
28.0,10,8,8,2166
28.0,10,8,9,2172
28.0,10,8,10,2179
28.0,10,8,11,2186
28.0,10,8,12,2192
28.0,10,8,13,2199
28.0,10,8,14,2205
28.0,10,8,15,2212
28.0,10,9,0,2119
28.0,10,9,1,2125
28.0,10,9,2,2132
28.0,10,9,3,2139
28.0,10,9,4,2146
28.0,10,9,5,2153
28.0,10,9,6,2159
28.0,10,9,7,2166
28.0,10,9,8,2173
28.0,10,9,9,2179
28.0,10,9,10,2186
28.0,10,9,11,2193
28.0,10,9,12,2199
28.0,10,9,13,2206
28.0,10,9,14,2212
28.0,10,9,15,2219
28.0,10,10,0,2125
28.0,10,10,1,2132
28.0,10,10,2,2139
28.0,10,10,3,2146
28.0,10,10,4,2153
28.0,10,10,5,2159
28.0,10,10,6,2166
28.0,10,10,7,2173
28.0,10,10,8,2180
28.0,10,10,9,2186
28.0,10,10,10,2193
28.0,10,10,11,2199
28.0,10,10,12,2206
28.0,10,10,13,2213
28.0,10,10,14,2219
28.0,10,10,15,2226
28.0,10,11,0,2132
28.0,10,11,1,2139
28.0,10,11,2,2146
28.0,10,11,3,2153
28.0,10,11,4,2159
28.0,10,11,5,2166
28.0,10,11,6,2173
28.0,10,11,7,2180
28.0,10,11,8,2186
28.0,10,11,9,2193
28.0,10,11,10,2200
28.0,10,11,11,2206
28.0,10,11,12,2213
28.0,10,11,13,2220
28.0,10,11,14,2226
28.0,10,11,15,2233
28.0,10,12,0,2139
28.0,10,12,1,2146
28.0,10,12,2,2152
28.0,10,12,3,2159
28.0,10,12,4,2166
28.0,10,12,5,2173
28.0,10,12,6,2180
28.0,10,12,7,2186
28.0,10,12,8,2193
28.0,10,12,9,2200
28.0,10,12,10,2207
28.0,10,12,11,2213
28.0,10,12,12,2220
28.0,10,12,13,2227
28.0,10,12,14,2233
28.0,10,12,15,2240
28.0,10,13,0,2145
28.0,10,13,1,2152
28.0,10,13,2,2159
28.0,10,13,3,2166
28.0,10,13,4,2173
28.0,10,13,5,2180
28.0,10,13,6,2186
28.0,10,13,7,2193
28.0,10,13,8,2200
28.0,10,13,9,2207
28.0,10,13,10,2213
28.0,10,13,11,2220
28.0,10,13,12,2227
28.0,10,13,13,2233
28.0,10,13,14,2240
28.0,10,13,15,2247
28.0,10,14,0,2152
28.0,10,14,1,2159
28.0,10,14,2,2166
28.0,10,14,3,2173
28.0,10,14,4,2180
28.0,10,14,5,2186
28.0,10,14,6,2193
28.0,10,14,7,2200
28.0,10,14,8,2207
28.0,10,14,9,2214
28.0,10,14,10,2220
28.0,10,14,11,2227
28.0,10,14,12,2234
28.0,10,14,13,2240
28.0,10,14,14,2247
28.0,10,14,15,2254
28.0,10,15,0,2159
28.0,10,15,1,2165
28.0,10,15,2,2172
28.0,10,15,3,2179
28.0,10,15,4,2186
28.0,10,15,5,2193
28.0,10,15,6,2200
28.0,10,15,7,2207
28.0,10,15,8,2214
28.0,10,15,9,2220
28.0,10,15,10,2227
28.0,10,15,11,2234
28.0,10,15,12,2241
28.0,10,15,13,2247
28.0,10,15,14,2254
28.0,10,15,15,2261
28.0,11,0,0,2065
28.0,11,0,1,2072
28.0,11,0,2,2078
28.0,11,0,3,2085
28.0,11,0,4,2091
28.0,11,0,5,2098
28.0,11,0,6,2105
28.0,11,0,7,2111
28.0,11,0,8,2118
28.0,11,0,9,2124
28.0,11,0,10,2131
28.0,11,0,11,2137
28.0,11,0,12,2143
28.0,11,0,13,2150
28.0,11,0,14,2156
28.0,11,0,15,2163
28.0,11,1,0,2072
28.0,11,1,1,2079
28.0,11,1,2,2085
28.0,11,1,3,2092
28.0,11,1,4,2098
28.0,11,1,5,2105
28.0,11,1,6,2112
28.0,11,1,7,2118
28.0,11,1,8,2125
28.0,11,1,9,2131
28.0,11,1,10,2138
28.0,11,1,11,2144
28.0,11,1,12,2151
28.0,11,1,13,2157
28.0,11,1,14,2163
28.0,11,1,15,2170
28.0,11,2,0,2079
28.0,11,2,1,2086
28.0,11,2,2,2092
28.0,11,2,3,2099
28.0,11,2,4,2105
28.0,11,2,5,2112
28.0,11,2,6,2119
28.0,11,2,7,2125
28.0,11,2,8,2132
28.0,11,2,9,2138
28.0,11,2,10,2145
28.0,11,2,11,2151
28.0,11,2,12,2158
28.0,11,2,13,2164
28.0,11,2,14,2171
28.0,11,2,15,2177
28.0,11,3,0,2086
28.0,11,3,1,2092
28.0,11,3,2,2099
28.0,11,3,3,2106
28.0,11,3,4,2112
28.0,11,3,5,2119
28.0,11,3,6,2126
28.0,11,3,7,2132
28.0,11,3,8,2139
28.0,11,3,9,2145
28.0,11,3,10,2152
28.0,11,3,11,2158
28.0,11,3,12,2165
28.0,11,3,13,2171
28.0,11,3,14,2178
28.0,11,3,15,2184
28.0,11,4,0,2093
28.0,11,4,1,2099
28.0,11,4,2,2106
28.0,11,4,3,2113
28.0,11,4,4,2119
28.0,11,4,5,2126
28.0,11,4,6,2133
28.0,11,4,7,2139
28.0,11,4,8,2146
28.0,11,4,9,2152
28.0,11,4,10,2159
28.0,11,4,11,2166
28.0,11,4,12,2172
28.0,11,4,13,2179
28.0,11,4,14,2185
28.0,11,4,15,2191
28.0,11,5,0,2099
28.0,11,5,1,2106
28.0,11,5,2,2113
28.0,11,5,3,2120
28.0,11,5,4,2126
28.0,11,5,5,2133
28.0,11,5,6,2140
28.0,11,5,7,2146
28.0,11,5,8,2153
28.0,11,5,9,2159
28.0,11,5,10,2166
28.0,11,5,11,2173
28.0,11,5,12,2179
28.0,11,5,13,2186
28.0,11,5,14,2192
28.0,11,5,15,2199
28.0,11,6,0,2106
28.0,11,6,1,2113
28.0,11,6,2,2120
28.0,11,6,3,2126
28.0,11,6,4,2133
28.0,11,6,5,2140
28.0,11,6,6,2147
28.0,11,6,7,2153
28.0,11,6,8,2160
28.0,11,6,9,2166
28.0,11,6,10,2173
28.0,11,6,11,2180
28.0,11,6,12,2186
28.0,11,6,13,2193
28.0,11,6,14,2199
28.0,11,6,15,2206
28.0,11,7,0,2113
28.0,11,7,1,2120
28.0,11,7,2,2127
28.0,11,7,3,2133
28.0,11,7,4,2140
28.0,11,7,5,2147
28.0,11,7,6,2153
28.0,11,7,7,2160
28.0,11,7,8,2167
28.0,11,7,9,2173
28.0,11,7,10,2180
28.0,11,7,11,2187
28.0,11,7,12,2193
28.0,11,7,13,2200
28.0,11,7,14,2206
28.0,11,7,15,2213
28.0,11,8,0,2120
28.0,11,8,1,2127
28.0,11,8,2,2133
28.0,11,8,3,2140
28.0,11,8,4,2147
28.0,11,8,5,2154
28.0,11,8,6,2160
28.0,11,8,7,2167
28.0,11,8,8,2174
28.0,11,8,9,2180
28.0,11,8,10,2187
28.0,11,8,11,2194
28.0,11,8,12,2200
28.0,11,8,13,2207
28.0,11,8,14,2213
28.0,11,8,15,2220
28.0,11,9,0,2126
28.0,11,9,1,2133
28.0,11,9,2,2140
28.0,11,9,3,2147
28.0,11,9,4,2154
28.0,11,9,5,2160
28.0,11,9,6,2167
28.0,11,9,7,2174
28.0,11,9,8,2181
28.0,11,9,9,2187
28.0,11,9,10,2194
28.0,11,9,11,2201
28.0,11,9,12,2207
28.0,11,9,13,2214
28.0,11,9,14,2220
28.0,11,9,15,2227
28.0,11,10,0,2133
28.0,11,10,1,2140
28.0,11,10,2,2147
28.0,11,10,3,2154
28.0,11,10,4,2161
28.0,11,10,5,2167
28.0,11,10,6,2174
28.0,11,10,7,2181
28.0,11,10,8,2188
28.0,11,10,9,2194
28.0,11,10,10,2201
28.0,11,10,11,2208
28.0,11,10,12,2214
28.0,11,10,13,2221
28.0,11,10,14,2227
28.0,11,10,15,2234
28.0,11,11,0,2140
28.0,11,11,1,2147
28.0,11,11,2,2154
28.0,11,11,3,2160
28.0,11,11,4,2167
28.0,11,11,5,2174
28.0,11,11,6,2181
28.0,11,11,7,2188
28.0,11,11,8,2194
28.0,11,11,9,2201
28.0,11,11,10,2208
28.0,11,11,11,2215
28.0,11,11,12,2221
28.0,11,11,13,2228
28.0,11,11,14,2234
28.0,11,11,15,2241
28.0,11,12,0,2147
28.0,11,12,1,2153
28.0,11,12,2,2160
28.0,11,12,3,2167
28.0,11,12,4,2174
28.0,11,12,5,2181
28.0,11,12,6,2188
28.0,11,12,7,2195
28.0,11,12,8,2201
28.0,11,12,9,2208
28.0,11,12,10,2215
28.0,11,12,11,2221
28.0,11,12,12,2228
28.0,11,12,13,2235
28.0,11,12,14,2241
28.0,11,12,15,2248
28.0,11,13,0,2153
28.0,11,13,1,2160
28.0,11,13,2,2167
28.0,11,13,3,2174
28.0,11,13,4,2181
28.0,11,13,5,2188
28.0,11,13,6,2195
28.0,11,13,7,2201
28.0,11,13,8,2208
28.0,11,13,9,2215
28.0,11,13,10,2222
28.0,11,13,11,2228
28.0,11,13,12,2235
28.0,11,13,13,2242
28.0,11,13,14,2248
28.0,11,13,15,2255
28.0,11,14,0,2160
28.0,11,14,1,2167
28.0,11,14,2,2174
28.0,11,14,3,2181
28.0,11,14,4,2188
28.0,11,14,5,2194
28.0,11,14,6,2201
28.0,11,14,7,2208
28.0,11,14,8,2215
28.0,11,14,9,2222
28.0,11,14,10,2228
28.0,11,14,11,2235
28.0,11,14,12,2242
28.0,11,14,13,2249
28.0,11,14,14,2255
28.0,11,14,15,2262
28.0,11,15,0,2166
28.0,11,15,1,2173
28.0,11,15,2,2180
28.0,11,15,3,2187
28.0,11,15,4,2194
28.0,11,15,5,2201
28.0,11,15,6,2208
28.0,11,15,7,2215
28.0,11,15,8,2222
28.0,11,15,9,2228
28.0,11,15,10,2235
28.0,11,15,11,2242
28.0,11,15,12,2249
28.0,11,15,13,2256
28.0,11,15,14,2262
28.0,11,15,15,2269
28.0,12,0,0,2073
28.0,12,0,1,2079
28.0,12,0,2,2086
28.0,12,0,3,2093
28.0,12,0,4,2099
28.0,12,0,5,2106
28.0,12,0,6,2112
28.0,12,0,7,2119
28.0,12,0,8,2125
28.0,12,0,9,2132
28.0,12,0,10,2138
28.0,12,0,11,2145
28.0,12,0,12,2151
28.0,12,0,13,2158
28.0,12,0,14,2164
28.0,12,0,15,2171
28.0,12,1,0,2080
28.0,12,1,1,2086
28.0,12,1,2,2093
28.0,12,1,3,2100
28.0,12,1,4,2106
28.0,12,1,5,2113
28.0,12,1,6,2119
28.0,12,1,7,2126
28.0,12,1,8,2133
28.0,12,1,9,2139
28.0,12,1,10,2146
28.0,12,1,11,2152
28.0,12,1,12,2159
28.0,12,1,13,2165
28.0,12,1,14,2171
28.0,12,1,15,2178
28.0,12,2,0,2086
28.0,12,2,1,2093
28.0,12,2,2,2100
28.0,12,2,3,2107
28.0,12,2,4,2113
28.0,12,2,5,2120
28.0,12,2,6,2126
28.0,12,2,7,2133
28.0,12,2,8,2140
28.0,12,2,9,2146
28.0,12,2,10,2153
28.0,12,2,11,2159
28.0,12,2,12,2166
28.0,12,2,13,2172
28.0,12,2,14,2179
28.0,12,2,15,2185
28.0,12,3,0,2093
28.0,12,3,1,2100
28.0,12,3,2,2107
28.0,12,3,3,2114
28.0,12,3,4,2120
28.0,12,3,5,2127
28.0,12,3,6,2133
28.0,12,3,7,2140
28.0,12,3,8,2147
28.0,12,3,9,2153
28.0,12,3,10,2160
28.0,12,3,11,2166
28.0,12,3,12,2173
28.0,12,3,13,2179
28.0,12,3,14,2186
28.0,12,3,15,2192
28.0,12,4,0,2100
28.0,12,4,1,2107
28.0,12,4,2,2114
28.0,12,4,3,2120
28.0,12,4,4,2127
28.0,12,4,5,2134
28.0,12,4,6,2141
28.0,12,4,7,2147
28.0,12,4,8,2154
28.0,12,4,9,2160
28.0,12,4,10,2167
28.0,12,4,11,2173
28.0,12,4,12,2180
28.0,12,4,13,2187
28.0,12,4,14,2193
28.0,12,4,15,2200
28.0,12,5,0,2107
28.0,12,5,1,2114
28.0,12,5,2,2121
28.0,12,5,3,2127
28.0,12,5,4,2134
28.0,12,5,5,2141
28.0,12,5,6,2147
28.0,12,5,7,2154
28.0,12,5,8,2161
28.0,12,5,9,2167
28.0,12,5,10,2174
28.0,12,5,11,2181
28.0,12,5,12,2187
28.0,12,5,13,2194
28.0,12,5,14,2200
28.0,12,5,15,2207
28.0,12,6,0,2114
28.0,12,6,1,2121
28.0,12,6,2,2128
28.0,12,6,3,2134
28.0,12,6,4,2141
28.0,12,6,5,2148
28.0,12,6,6,2154
28.0,12,6,7,2161
28.0,12,6,8,2168
28.0,12,6,9,2174
28.0,12,6,10,2181
28.0,12,6,11,2188
28.0,12,6,12,2194
28.0,12,6,13,2201
28.0,12,6,14,2207
28.0,12,6,15,2214
28.0,12,7,0,2121
28.0,12,7,1,2128
28.0,12,7,2,2134
28.0,12,7,3,2141
28.0,12,7,4,2148
28.0,12,7,5,2155
28.0,12,7,6,2161
28.0,12,7,7,2168
28.0,12,7,8,2175
28.0,12,7,9,2181
28.0,12,7,10,2188
28.0,12,7,11,2195
28.0,12,7,12,2201
28.0,12,7,13,2208
28.0,12,7,14,2214
28.0,12,7,15,2221
28.0,12,8,0,2128
28.0,12,8,1,2134
28.0,12,8,2,2141
28.0,12,8,3,2148
28.0,12,8,4,2155
28.0,12,8,5,2162
28.0,12,8,6,2168
28.0,12,8,7,2175
28.0,12,8,8,2182
28.0,12,8,9,2188
28.0,12,8,10,2195
28.0,12,8,11,2202
28.0,12,8,12,2208
28.0,12,8,13,2215
28.0,12,8,14,2222
28.0,12,8,15,2228
28.0,12,9,0,2134
28.0,12,9,1,2141
28.0,12,9,2,2148
28.0,12,9,3,2155
28.0,12,9,4,2162
28.0,12,9,5,2168
28.0,12,9,6,2175
28.0,12,9,7,2182
28.0,12,9,8,2189
28.0,12,9,9,2195
28.0,12,9,10,2202
28.0,12,9,11,2209
28.0,12,9,12,2215
28.0,12,9,13,2222
28.0,12,9,14,2229
28.0,12,9,15,2235
28.0,12,10,0,2141
28.0,12,10,1,2148
28.0,12,10,2,2155
28.0,12,10,3,2162
28.0,12,10,4,2168
28.0,12,10,5,2175
28.0,12,10,6,2182
28.0,12,10,7,2189
28.0,12,10,8,2196
28.0,12,10,9,2202
28.0,12,10,10,2209
28.0,12,10,11,2216
28.0,12,10,12,2222
28.0,12,10,13,2229
28.0,12,10,14,2236
28.0,12,10,15,2242
28.0,12,11,0,2148
28.0,12,11,1,2155
28.0,12,11,2,2162
28.0,12,11,3,2168
28.0,12,11,4,2175
28.0,12,11,5,2182
28.0,12,11,6,2189
28.0,12,11,7,2196
28.0,12,11,8,2202
28.0,12,11,9,2209
28.0,12,11,10,2216
28.0,12,11,11,2223
28.0,12,11,12,2229
28.0,12,11,13,2236
28.0,12,11,14,2243
28.0,12,11,15,2249
28.0,12,12,0,2154
28.0,12,12,1,2161
28.0,12,12,2,2168
28.0,12,12,3,2175
28.0,12,12,4,2182
28.0,12,12,5,2189
28.0,12,12,6,2196
28.0,12,12,7,2203
28.0,12,12,8,2209
28.0,12,12,9,2216
28.0,12,12,10,2223
28.0,12,12,11,2230
28.0,12,12,12,2236
28.0,12,12,13,2243
28.0,12,12,14,2250
28.0,12,12,15,2256
28.0,12,13,0,2161
28.0,12,13,1,2168
28.0,12,13,2,2175
28.0,12,13,3,2182
28.0,12,13,4,2189
28.0,12,13,5,2196
28.0,12,13,6,2203
28.0,12,13,7,2209
28.0,12,13,8,2216
28.0,12,13,9,2223
28.0,12,13,10,2230
28.0,12,13,11,2237
28.0,12,13,12,2243
28.0,12,13,13,2250
28.0,12,13,14,2257
28.0,12,13,15,2263
28.0,12,14,0,2168
28.0,12,14,1,2175
28.0,12,14,2,2182
28.0,12,14,3,2189
28.0,12,14,4,2196
28.0,12,14,5,2202
28.0,12,14,6,2209
28.0,12,14,7,2216
28.0,12,14,8,2223
28.0,12,14,9,2230
28.0,12,14,10,2237
28.0,12,14,11,2243
28.0,12,14,12,2250
28.0,12,14,13,2257
28.0,12,14,14,2264
28.0,12,14,15,2270
28.0,12,15,0,2174
28.0,12,15,1,2181
28.0,12,15,2,2188
28.0,12,15,3,2195
28.0,12,15,4,2202
28.0,12,15,5,2209
28.0,12,15,6,2216
28.0,12,15,7,2223
28.0,12,15,8,2230
28.0,12,15,9,2237
28.0,12,15,10,2244
28.0,12,15,11,2250
28.0,12,15,12,2257
28.0,12,15,13,2264
28.0,12,15,14,2271
28.0,12,15,15,2277
28.0,13,0,0,2080
28.0,13,0,1,2087
28.0,13,0,2,2094
28.0,13,0,3,2100
28.0,13,0,4,2107
28.0,13,0,5,2113
28.0,13,0,6,2120
28.0,13,0,7,2127
28.0,13,0,8,2133
28.0,13,0,9,2140
28.0,13,0,10,2146
28.0,13,0,11,2153
28.0,13,0,12,2159
28.0,13,0,13,2166
28.0,13,0,14,2172
28.0,13,0,15,2179
28.0,13,1,0,2087
28.0,13,1,1,2094
28.0,13,1,2,2101
28.0,13,1,3,2107
28.0,13,1,4,2114
28.0,13,1,5,2121
28.0,13,1,6,2127
28.0,13,1,7,2134
28.0,13,1,8,2140
28.0,13,1,9,2147
28.0,13,1,10,2153
28.0,13,1,11,2160
28.0,13,1,12,2166
28.0,13,1,13,2173
28.0,13,1,14,2179
28.0,13,1,15,2186
28.0,13,2,0,2094
28.0,13,2,1,2101
28.0,13,2,2,2108
28.0,13,2,3,2114
28.0,13,2,4,2121
28.0,13,2,5,2128
28.0,13,2,6,2134
28.0,13,2,7,2141
28.0,13,2,8,2147
28.0,13,2,9,2154
28.0,13,2,10,2161
28.0,13,2,11,2167
28.0,13,2,12,2174
28.0,13,2,13,2180
28.0,13,2,14,2187
28.0,13,2,15,2193
28.0,13,3,0,2101
28.0,13,3,1,2108
28.0,13,3,2,2115
28.0,13,3,3,2121
28.0,13,3,4,2128
28.0,13,3,5,2135
28.0,13,3,6,2141
28.0,13,3,7,2148
28.0,13,3,8,2155
28.0,13,3,9,2161
28.0,13,3,10,2168
28.0,13,3,11,2174
28.0,13,3,12,2181
28.0,13,3,13,2187
28.0,13,3,14,2194
28.0,13,3,15,2200
28.0,13,4,0,2108
28.0,13,4,1,2115
28.0,13,4,2,2121
28.0,13,4,3,2128
28.0,13,4,4,2135
28.0,13,4,5,2142
28.0,13,4,6,2148
28.0,13,4,7,2155
28.0,13,4,8,2162
28.0,13,4,9,2168
28.0,13,4,10,2175
28.0,13,4,11,2181
28.0,13,4,12,2188
28.0,13,4,13,2195
28.0,13,4,14,2201
28.0,13,4,15,2208
28.0,13,5,0,2115
28.0,13,5,1,2122
28.0,13,5,2,2128
28.0,13,5,3,2135
28.0,13,5,4,2142
28.0,13,5,5,2149
28.0,13,5,6,2155
28.0,13,5,7,2162
28.0,13,5,8,2169
28.0,13,5,9,2175
28.0,13,5,10,2182
28.0,13,5,11,2189
28.0,13,5,12,2195
28.0,13,5,13,2202
28.0,13,5,14,2208
28.0,13,5,15,2215
28.0,13,6,0,2122
28.0,13,6,1,2128
28.0,13,6,2,2135
28.0,13,6,3,2142
28.0,13,6,4,2149
28.0,13,6,5,2156
28.0,13,6,6,2162
28.0,13,6,7,2169
28.0,13,6,8,2176
28.0,13,6,9,2182
28.0,13,6,10,2189
28.0,13,6,11,2196
28.0,13,6,12,2202
28.0,13,6,13,2209
28.0,13,6,14,2215
28.0,13,6,15,2222
28.0,13,7,0,2128
28.0,13,7,1,2135
28.0,13,7,2,2142
28.0,13,7,3,2149
28.0,13,7,4,2156
28.0,13,7,5,2163
28.0,13,7,6,2169
28.0,13,7,7,2176
28.0,13,7,8,2183
28.0,13,7,9,2189
28.0,13,7,10,2196
28.0,13,7,11,2203
28.0,13,7,12,2209
28.0,13,7,13,2216
28.0,13,7,14,2223
28.0,13,7,15,2229
28.0,13,8,0,2135
28.0,13,8,1,2142
28.0,13,8,2,2149
28.0,13,8,3,2156
28.0,13,8,4,2163
28.0,13,8,5,2169
28.0,13,8,6,2176
28.0,13,8,7,2183
28.0,13,8,8,2190
28.0,13,8,9,2196
28.0,13,8,10,2203
28.0,13,8,11,2210
28.0,13,8,12,2216
28.0,13,8,13,2223
28.0,13,8,14,2230
28.0,13,8,15,2236
28.0,13,9,0,2142
28.0,13,9,1,2149
28.0,13,9,2,2156
28.0,13,9,3,2163
28.0,13,9,4,2170
28.0,13,9,5,2176
28.0,13,9,6,2183
28.0,13,9,7,2190
28.0,13,9,8,2197
28.0,13,9,9,2203
28.0,13,9,10,2210
28.0,13,9,11,2217
28.0,13,9,12,2223
28.0,13,9,13,2230
28.0,13,9,14,2237
28.0,13,9,15,2243
28.0,13,10,0,2149
28.0,13,10,1,2156
28.0,13,10,2,2163
28.0,13,10,3,2170
28.0,13,10,4,2176
28.0,13,10,5,2183
28.0,13,10,6,2190
28.0,13,10,7,2197
28.0,13,10,8,2204
28.0,13,10,9,2210
28.0,13,10,10,2217
28.0,13,10,11,2224
28.0,13,10,12,2231
28.0,13,10,13,2237
28.0,13,10,14,2244
28.0,13,10,15,2250
28.0,13,11,0,2156
28.0,13,11,1,2163
28.0,13,11,2,2169
28.0,13,11,3,2176
28.0,13,11,4,2183
28.0,13,11,5,2190
28.0,13,11,6,2197
28.0,13,11,7,2204
28.0,13,11,8,2211
28.0,13,11,9,2217
28.0,13,11,10,2224
28.0,13,11,11,2231
28.0,13,11,12,2238
28.0,13,11,13,2244
28.0,13,11,14,2251
28.0,13,11,15,2258
28.0,13,12,0,2162
28.0,13,12,1,2169
28.0,13,12,2,2176
28.0,13,12,3,2183
28.0,13,12,4,2190
28.0,13,12,5,2197
28.0,13,12,6,2204
28.0,13,12,7,2211
28.0,13,12,8,2217
28.0,13,12,9,2224
28.0,13,12,10,2231
28.0,13,12,11,2238
28.0,13,12,12,2245
28.0,13,12,13,2251
28.0,13,12,14,2258
28.0,13,12,15,2265
28.0,13,13,0,2169
28.0,13,13,1,2176
28.0,13,13,2,2183
28.0,13,13,3,2190
28.0,13,13,4,2197
28.0,13,13,5,2204
28.0,13,13,6,2211
28.0,13,13,7,2218
28.0,13,13,8,2224
28.0,13,13,9,2231
28.0,13,13,10,2238
28.0,13,13,11,2245
28.0,13,13,12,2251
28.0,13,13,13,2258
28.0,13,13,14,2265
28.0,13,13,15,2272
28.0,13,14,0,2176
28.0,13,14,1,2183
28.0,13,14,2,2190
28.0,13,14,3,2197
28.0,13,14,4,2204
28.0,13,14,5,2211
28.0,13,14,6,2217
28.0,13,14,7,2224
28.0,13,14,8,2231
28.0,13,14,9,2238
28.0,13,14,10,2245
28.0,13,14,11,2252
28.0,13,14,12,2258
28.0,13,14,13,2265
28.0,13,14,14,2272
28.0,13,14,15,2279
28.0,13,15,0,2182
28.0,13,15,1,2189
28.0,13,15,2,2196
28.0,13,15,3,2203
28.0,13,15,4,2210
28.0,13,15,5,2217
28.0,13,15,6,2224
28.0,13,15,7,2231
28.0,13,15,8,2238
28.0,13,15,9,2245
28.0,13,15,10,2252
28.0,13,15,11,2259
28.0,13,15,12,2265
28.0,13,15,13,2272
28.0,13,15,14,2279
28.0,13,15,15,2286
28.0,14,0,0,2088
28.0,14,0,1,2095
28.0,14,0,2,2101
28.0,14,0,3,2108
28.0,14,0,4,2115
28.0,14,0,5,2121
28.0,14,0,6,2128
28.0,14,0,7,2134
28.0,14,0,8,2141
28.0,14,0,9,2148
28.0,14,0,10,2154
28.0,14,0,11,2161
28.0,14,0,12,2167
28.0,14,0,13,2174
28.0,14,0,14,2180
28.0,14,0,15,2186
28.0,14,1,0,2095
28.0,14,1,1,2102
28.0,14,1,2,2108
28.0,14,1,3,2115
28.0,14,1,4,2122
28.0,14,1,5,2128
28.0,14,1,6,2135
28.0,14,1,7,2142
28.0,14,1,8,2148
28.0,14,1,9,2155
28.0,14,1,10,2161
28.0,14,1,11,2168
28.0,14,1,12,2174
28.0,14,1,13,2181
28.0,14,1,14,2187
28.0,14,1,15,2194
28.0,14,2,0,2102
28.0,14,2,1,2109
28.0,14,2,2,2115
28.0,14,2,3,2122
28.0,14,2,4,2129
28.0,14,2,5,2135
28.0,14,2,6,2142
28.0,14,2,7,2149
28.0,14,2,8,2155
28.0,14,2,9,2162
28.0,14,2,10,2169
28.0,14,2,11,2175
28.0,14,2,12,2182
28.0,14,2,13,2188
28.0,14,2,14,2195
28.0,14,2,15,2201
28.0,14,3,0,2109
28.0,14,3,1,2115
28.0,14,3,2,2122
28.0,14,3,3,2129
28.0,14,3,4,2136
28.0,14,3,5,2142
28.0,14,3,6,2149
28.0,14,3,7,2156
28.0,14,3,8,2162
28.0,14,3,9,2169
28.0,14,3,10,2176
28.0,14,3,11,2182
28.0,14,3,12,2189
28.0,14,3,13,2195
28.0,14,3,14,2202
28.0,14,3,15,2208
28.0,14,4,0,2116
28.0,14,4,1,2122
28.0,14,4,2,2129
28.0,14,4,3,2136
28.0,14,4,4,2143
28.0,14,4,5,2149
28.0,14,4,6,2156
28.0,14,4,7,2163
28.0,14,4,8,2170
28.0,14,4,9,2176
28.0,14,4,10,2183
28.0,14,4,11,2189
28.0,14,4,12,2196
28.0,14,4,13,2203
28.0,14,4,14,2209
28.0,14,4,15,2216
28.0,14,5,0,2123
28.0,14,5,1,2129
28.0,14,5,2,2136
28.0,14,5,3,2143
28.0,14,5,4,2150
28.0,14,5,5,2156
28.0,14,5,6,2163
28.0,14,5,7,2170
28.0,14,5,8,2177
28.0,14,5,9,2183
28.0,14,5,10,2190
28.0,14,5,11,2197
28.0,14,5,12,2203
28.0,14,5,13,2210
28.0,14,5,14,2216
28.0,14,5,15,2223
28.0,14,6,0,2129
28.0,14,6,1,2136
28.0,14,6,2,2143
28.0,14,6,3,2150
28.0,14,6,4,2157
28.0,14,6,5,2163
28.0,14,6,6,2170
28.0,14,6,7,2177
28.0,14,6,8,2184
28.0,14,6,9,2190
28.0,14,6,10,2197
28.0,14,6,11,2204
28.0,14,6,12,2210
28.0,14,6,13,2217
28.0,14,6,14,2224
28.0,14,6,15,2230
28.0,14,7,0,2136
28.0,14,7,1,2143
28.0,14,7,2,2150
28.0,14,7,3,2157
28.0,14,7,4,2164
28.0,14,7,5,2170
28.0,14,7,6,2177
28.0,14,7,7,2184
28.0,14,7,8,2191
28.0,14,7,9,2197
28.0,14,7,10,2204
28.0,14,7,11,2211
28.0,14,7,12,2217
28.0,14,7,13,2224
28.0,14,7,14,2231
28.0,14,7,15,2237
28.0,14,8,0,2143
28.0,14,8,1,2150
28.0,14,8,2,2157
28.0,14,8,3,2164
28.0,14,8,4,2171
28.0,14,8,5,2177
28.0,14,8,6,2184
28.0,14,8,7,2191
28.0,14,8,8,2198
28.0,14,8,9,2204
28.0,14,8,10,2211
28.0,14,8,11,2218
28.0,14,8,12,2225
28.0,14,8,13,2231
28.0,14,8,14,2238
28.0,14,8,15,2244
28.0,14,9,0,2150
28.0,14,9,1,2157
28.0,14,9,2,2164
28.0,14,9,3,2171
28.0,14,9,4,2177
28.0,14,9,5,2184
28.0,14,9,6,2191
28.0,14,9,7,2198
28.0,14,9,8,2205
28.0,14,9,9,2211
28.0,14,9,10,2218
28.0,14,9,11,2225
28.0,14,9,12,2232
28.0,14,9,13,2238
28.0,14,9,14,2245
28.0,14,9,15,2252
28.0,14,10,0,2157
28.0,14,10,1,2164
28.0,14,10,2,2171
28.0,14,10,3,2177
28.0,14,10,4,2184
28.0,14,10,5,2191
28.0,14,10,6,2198
28.0,14,10,7,2205
28.0,14,10,8,2212
28.0,14,10,9,2218
28.0,14,10,10,2225
28.0,14,10,11,2232
28.0,14,10,12,2239
28.0,14,10,13,2245
28.0,14,10,14,2252
28.0,14,10,15,2259
28.0,14,11,0,2163
28.0,14,11,1,2170
28.0,14,11,2,2177
28.0,14,11,3,2184
28.0,14,11,4,2191
28.0,14,11,5,2198
28.0,14,11,6,2205
28.0,14,11,7,2212
28.0,14,11,8,2219
28.0,14,11,9,2225
28.0,14,11,10,2232
28.0,14,11,11,2239
28.0,14,11,12,2246
28.0,14,11,13,2252
28.0,14,11,14,2259
28.0,14,11,15,2266
28.0,14,12,0,2170
28.0,14,12,1,2177
28.0,14,12,2,2184
28.0,14,12,3,2191
28.0,14,12,4,2198
28.0,14,12,5,2205
28.0,14,12,6,2212
28.0,14,12,7,2219
28.0,14,12,8,2226
28.0,14,12,9,2232
28.0,14,12,10,2239
28.0,14,12,11,2246
28.0,14,12,12,2253
28.0,14,12,13,2259
28.0,14,12,14,2266
28.0,14,12,15,2273
28.0,14,13,0,2177
28.0,14,13,1,2184
28.0,14,13,2,2191
28.0,14,13,3,2198
28.0,14,13,4,2205
28.0,14,13,5,2212
28.0,14,13,6,2219
28.0,14,13,7,2226
28.0,14,13,8,2232
28.0,14,13,9,2239
28.0,14,13,10,2246
28.0,14,13,11,2253
28.0,14,13,12,2260
28.0,14,13,13,2266
28.0,14,13,14,2273
28.0,14,13,15,2280
28.0,14,14,0,2184
28.0,14,14,1,2191
28.0,14,14,2,2198
28.0,14,14,3,2205
28.0,14,14,4,2212
28.0,14,14,5,2219
28.0,14,14,6,2226
28.0,14,14,7,2232
28.0,14,14,8,2239
28.0,14,14,9,2246
28.0,14,14,10,2253
28.0,14,14,11,2260
28.0,14,14,12,2267
28.0,14,14,13,2273
28.0,14,14,14,2280
28.0,14,14,15,2287
28.0,14,15,0,2190
28.0,14,15,1,2197
28.0,14,15,2,2204
28.0,14,15,3,2211
28.0,14,15,4,2218
28.0,14,15,5,2225
28.0,14,15,6,2232
28.0,14,15,7,2239
28.0,14,15,8,2246
28.0,14,15,9,2253
28.0,14,15,10,2260
28.0,14,15,11,2267
28.0,14,15,12,2274
28.0,14,15,13,2280
28.0,14,15,14,2287
28.0,14,15,15,2294
28.0,15,0,0,2095
28.0,15,0,1,2102
28.0,15,0,2,2109
28.0,15,0,3,2116
28.0,15,0,4,2122
28.0,15,0,5,2129
28.0,15,0,6,2136
28.0,15,0,7,2142
28.0,15,0,8,2149
28.0,15,0,9,2155
28.0,15,0,10,2162
28.0,15,0,11,2168
28.0,15,0,12,2175
28.0,15,0,13,2181
28.0,15,0,14,2188
28.0,15,0,15,2194
28.0,15,1,0,2102
28.0,15,1,1,2109
28.0,15,1,2,2116
28.0,15,1,3,2123
28.0,15,1,4,2129
28.0,15,1,5,2136
28.0,15,1,6,2143
28.0,15,1,7,2149
28.0,15,1,8,2156
28.0,15,1,9,2163
28.0,15,1,10,2169
28.0,15,1,11,2176
28.0,15,1,12,2182
28.0,15,1,13,2189
28.0,15,1,14,2195
28.0,15,1,15,2202
28.0,15,2,0,2109
28.0,15,2,1,2116
28.0,15,2,2,2123
28.0,15,2,3,2130
28.0,15,2,4,2136
28.0,15,2,5,2143
28.0,15,2,6,2150
28.0,15,2,7,2157
28.0,15,2,8,2163
28.0,15,2,9,2170
28.0,15,2,10,2176
28.0,15,2,11,2183
28.0,15,2,12,2190
28.0,15,2,13,2196
28.0,15,2,14,2203
28.0,15,2,15,2209
28.0,15,3,0,2116
28.0,15,3,1,2123
28.0,15,3,2,2130
28.0,15,3,3,2137
28.0,15,3,4,2144
28.0,15,3,5,2150
28.0,15,3,6,2157
28.0,15,3,7,2164
28.0,15,3,8,2170
28.0,15,3,9,2177
28.0,15,3,10,2184
28.0,15,3,11,2190
28.0,15,3,12,2197
28.0,15,3,13,2203
28.0,15,3,14,2210
28.0,15,3,15,2216
28.0,15,4,0,2123
28.0,15,4,1,2130
28.0,15,4,2,2137
28.0,15,4,3,2144
28.0,15,4,4,2151
28.0,15,4,5,2157
28.0,15,4,6,2164
28.0,15,4,7,2171
28.0,15,4,8,2177
28.0,15,4,9,2184
28.0,15,4,10,2191
28.0,15,4,11,2197
28.0,15,4,12,2204
28.0,15,4,13,2211
28.0,15,4,14,2217
28.0,15,4,15,2224
28.0,15,5,0,2130
28.0,15,5,1,2137
28.0,15,5,2,2144
28.0,15,5,3,2151
28.0,15,5,4,2158
28.0,15,5,5,2164
28.0,15,5,6,2171
28.0,15,5,7,2178
28.0,15,5,8,2185
28.0,15,5,9,2191
28.0,15,5,10,2198
28.0,15,5,11,2205
28.0,15,5,12,2211
28.0,15,5,13,2218
28.0,15,5,14,2224
28.0,15,5,15,2231
28.0,15,6,0,2137
28.0,15,6,1,2144
28.0,15,6,2,2151
28.0,15,6,3,2158
28.0,15,6,4,2165
28.0,15,6,5,2171
28.0,15,6,6,2178
28.0,15,6,7,2185
28.0,15,6,8,2192
28.0,15,6,9,2198
28.0,15,6,10,2205
28.0,15,6,11,2212
28.0,15,6,12,2218
28.0,15,6,13,2225
28.0,15,6,14,2232
28.0,15,6,15,2238
28.0,15,7,0,2144
28.0,15,7,1,2151
28.0,15,7,2,2158
28.0,15,7,3,2165
28.0,15,7,4,2172
28.0,15,7,5,2178
28.0,15,7,6,2185
28.0,15,7,7,2192
28.0,15,7,8,2199
28.0,15,7,9,2205
28.0,15,7,10,2212
28.0,15,7,11,2219
28.0,15,7,12,2226
28.0,15,7,13,2232
28.0,15,7,14,2239
28.0,15,7,15,2245
28.0,15,8,0,2151
28.0,15,8,1,2158
28.0,15,8,2,2165
28.0,15,8,3,2172
28.0,15,8,4,2178
28.0,15,8,5,2185
28.0,15,8,6,2192
28.0,15,8,7,2199
28.0,15,8,8,2206
28.0,15,8,9,2212
28.0,15,8,10,2219
28.0,15,8,11,2226
28.0,15,8,12,2233
28.0,15,8,13,2239
28.0,15,8,14,2246
28.0,15,8,15,2253
28.0,15,9,0,2158
28.0,15,9,1,2165
28.0,15,9,2,2172
28.0,15,9,3,2179
28.0,15,9,4,2185
28.0,15,9,5,2192
28.0,15,9,6,2199
28.0,15,9,7,2206
28.0,15,9,8,2213
28.0,15,9,9,2220
28.0,15,9,10,2226
28.0,15,9,11,2233
28.0,15,9,12,2240
28.0,15,9,13,2246
28.0,15,9,14,2253
28.0,15,9,15,2260
28.0,15,10,0,2165
28.0,15,10,1,2172
28.0,15,10,2,2178
28.0,15,10,3,2185
28.0,15,10,4,2192
28.0,15,10,5,2199
28.0,15,10,6,2206
28.0,15,10,7,2213
28.0,15,10,8,2220
28.0,15,10,9,2227
28.0,15,10,10,2233
28.0,15,10,11,2240
28.0,15,10,12,2247
28.0,15,10,13,2254
28.0,15,10,14,2260
28.0,15,10,15,2267
28.0,15,11,0,2171
28.0,15,11,1,2178
28.0,15,11,2,2185
28.0,15,11,3,2192
28.0,15,11,4,2199
28.0,15,11,5,2206
28.0,15,11,6,2213
28.0,15,11,7,2220
28.0,15,11,8,2227
28.0,15,11,9,2234
28.0,15,11,10,2240
28.0,15,11,11,2247
28.0,15,11,12,2254
28.0,15,11,13,2261
28.0,15,11,14,2267
28.0,15,11,15,2274
28.0,15,12,0,2178
28.0,15,12,1,2185
28.0,15,12,2,2192
28.0,15,12,3,2199
28.0,15,12,4,2206
28.0,15,12,5,2213
28.0,15,12,6,2220
28.0,15,12,7,2227
28.0,15,12,8,2234
28.0,15,12,9,2240
28.0,15,12,10,2247
28.0,15,12,11,2254
28.0,15,12,12,2261
28.0,15,12,13,2268
28.0,15,12,14,2274
28.0,15,12,15,2281
28.0,15,13,0,2185
28.0,15,13,1,2192
28.0,15,13,2,2199
28.0,15,13,3,2206
28.0,15,13,4,2213
28.0,15,13,5,2220
28.0,15,13,6,2227
28.0,15,13,7,2234
28.0,15,13,8,2241
28.0,15,13,9,2247
28.0,15,13,10,2254
28.0,15,13,11,2261
28.0,15,13,12,2268
28.0,15,13,13,2275
28.0,15,13,14,2281
28.0,15,13,15,2288
28.0,15,14,0,2192
28.0,15,14,1,2199
28.0,15,14,2,2206
28.0,15,14,3,2213
28.0,15,14,4,2220
28.0,15,14,5,2227
28.0,15,14,6,2234
28.0,15,14,7,2241
28.0,15,14,8,2247
28.0,15,14,9,2254
28.0,15,14,10,2261
28.0,15,14,11,2268
28.0,15,14,12,2275
28.0,15,14,13,2282
28.0,15,14,14,2288
28.0,15,14,15,2295
28.0,15,15,0,2198
28.0,15,15,1,2205
28.0,15,15,2,2212
28.0,15,15,3,2220
28.0,15,15,4,2227
28.0,15,15,5,2234
28.0,15,15,6,2240
28.0,15,15,7,2247
28.0,15,15,8,2254
28.0,15,15,9,2261
28.0,15,15,10,2268
28.0,15,15,11,2275
28.0,15,15,12,2282
28.0,15,15,13,2289
28.0,15,15,14,2295
28.0,15,15,15,2302
28.5,0,0,0,2017
28.5,0,0,1,2023
28.5,0,0,2,2030
28.5,0,0,3,2036
28.5,0,0,4,2043
28.5,0,0,5,2049
28.5,0,0,6,2056
28.5,0,0,7,2062
28.5,0,0,8,2068
28.5,0,0,9,2075
28.5,0,0,10,2081
28.5,0,0,11,2087
28.5,0,0,12,2094
28.5,0,0,13,2100
28.5,0,0,14,2106
28.5,0,0,15,2112
28.5,0,1,0,2024
28.5,0,1,1,2030
28.5,0,1,2,2037
28.5,0,1,3,2043
28.5,0,1,4,2050
28.5,0,1,5,2056
28.5,0,1,6,2062
28.5,0,1,7,2069
28.5,0,1,8,2075
28.5,0,1,9,2082
28.5,0,1,10,2088
28.5,0,1,11,2094
28.5,0,1,12,2101
28.5,0,1,13,2107
28.5,0,1,14,2113
28.5,0,1,15,2119
28.5,0,2,0,2030
28.5,0,2,1,2037
28.5,0,2,2,2043
28.5,0,2,3,2050
28.5,0,2,4,2056
28.5,0,2,5,2063
28.5,0,2,6,2069
28.5,0,2,7,2076
28.5,0,2,8,2082
28.5,0,2,9,2088
28.5,0,2,10,2095
28.5,0,2,11,2101
28.5,0,2,12,2108
28.5,0,2,13,2114
28.5,0,2,14,2120
28.5,0,2,15,2126
28.5,0,3,0,2037
28.5,0,3,1,2044
28.5,0,3,2,2050
28.5,0,3,3,2057
28.5,0,3,4,2063
28.5,0,3,5,2070
28.5,0,3,6,2076
28.5,0,3,7,2083
28.5,0,3,8,2089
28.5,0,3,9,2095
28.5,0,3,10,2102
28.5,0,3,11,2108
28.5,0,3,12,2114
28.5,0,3,13,2121
28.5,0,3,14,2127
28.5,0,3,15,2133
28.5,0,4,0,2044
28.5,0,4,1,2050
28.5,0,4,2,2057
28.5,0,4,3,2063
28.5,0,4,4,2070
28.5,0,4,5,2076
28.5,0,4,6,2083
28.5,0,4,7,2089
28.5,0,4,8,2096
28.5,0,4,9,2102
28.5,0,4,10,2109
28.5,0,4,11,2115
28.5,0,4,12,2121
28.5,0,4,13,2128
28.5,0,4,14,2134
28.5,0,4,15,2140
28.5,0,5,0,2050
28.5,0,5,1,2057
28.5,0,5,2,2064
28.5,0,5,3,2070
28.5,0,5,4,2077
28.5,0,5,5,2083
28.5,0,5,6,2090
28.5,0,5,7,2096
28.5,0,5,8,2103
28.5,0,5,9,2109
28.5,0,5,10,2116
28.5,0,5,11,2122
28.5,0,5,12,2128
28.5,0,5,13,2135
28.5,0,5,14,2141
28.5,0,5,15,2147
28.5,0,6,0,2057
28.5,0,6,1,2064
28.5,0,6,2,2070
28.5,0,6,3,2077
28.5,0,6,4,2083
28.5,0,6,5,2090
28.5,0,6,6,2097
28.5,0,6,7,2103
28.5,0,6,8,2110
28.5,0,6,9,2116
28.5,0,6,10,2122
28.5,0,6,11,2129
28.5,0,6,12,2135
28.5,0,6,13,2142
28.5,0,6,14,2148
28.5,0,6,15,2154
28.5,0,7,0,2064
28.5,0,7,1,2070
28.5,0,7,2,2077
28.5,0,7,3,2084
28.5,0,7,4,2090
28.5,0,7,5,2097
28.5,0,7,6,2103
28.5,0,7,7,2110
28.5,0,7,8,2116
28.5,0,7,9,2123
28.5,0,7,10,2129
28.5,0,7,11,2136
28.5,0,7,12,2142
28.5,0,7,13,2149
28.5,0,7,14,2155
28.5,0,7,15,2161
28.5,0,8,0,2070
28.5,0,8,1,2077
28.5,0,8,2,2084
28.5,0,8,3,2090
28.5,0,8,4,2097
28.5,0,8,5,2103
28.5,0,8,6,2110
28.5,0,8,7,2117
28.5,0,8,8,2123
28.5,0,8,9,2130
28.5,0,8,10,2136
28.5,0,8,11,2143
28.5,0,8,12,2149
28.5,0,8,13,2155
28.5,0,8,14,2162
28.5,0,8,15,2168
28.5,0,9,0,2077
28.5,0,9,1,2084
28.5,0,9,2,2090
28.5,0,9,3,2097
28.5,0,9,4,2104
28.5,0,9,5,2110
28.5,0,9,6,2117
28.5,0,9,7,2123
28.5,0,9,8,2130
28.5,0,9,9,2136
28.5,0,9,10,2143
28.5,0,9,11,2149
28.5,0,9,12,2156
28.5,0,9,13,2162
28.5,0,9,14,2169
28.5,0,9,15,2175
28.5,0,10,0,2083
28.5,0,10,1,2090
28.5,0,10,2,2097
28.5,0,10,3,2104
28.5,0,10,4,2110
28.5,0,10,5,2117
28.5,0,10,6,2123
28.5,0,10,7,2130
28.5,0,10,8,2137
28.5,0,10,9,2143
28.5,0,10,10,2150
28.5,0,10,11,2156
28.5,0,10,12,2163
28.5,0,10,13,2169
28.5,0,10,14,2176
28.5,0,10,15,2182
28.5,0,11,0,2090
28.5,0,11,1,2097
28.5,0,11,2,2103
28.5,0,11,3,2110
28.5,0,11,4,2117
28.5,0,11,5,2123
28.5,0,11,6,2130
28.5,0,11,7,2137
28.5,0,11,8,2143
28.5,0,11,9,2150
28.5,0,11,10,2156
28.5,0,11,11,2163
28.5,0,11,12,2169
28.5,0,11,13,2176
28.5,0,11,14,2182
28.5,0,11,15,2189
28.5,0,12,0,2097
28.5,0,12,1,2103
28.5,0,12,2,2110
28.5,0,12,3,2117
28.5,0,12,4,2123
28.5,0,12,5,2130
28.5,0,12,6,2137
28.5,0,12,7,2143
28.5,0,12,8,2150
28.5,0,12,9,2157
28.5,0,12,10,2163
28.5,0,12,11,2170
28.5,0,12,12,2176
28.5,0,12,13,2183
28.5,0,12,14,2189
28.5,0,12,15,2196
28.5,0,13,0,2103
28.5,0,13,1,2110
28.5,0,13,2,2117
28.5,0,13,3,2123
28.5,0,13,4,2130
28.5,0,13,5,2137
28.5,0,13,6,2143
28.5,0,13,7,2150
28.5,0,13,8,2157
28.5,0,13,9,2163
28.5,0,13,10,2170
28.5,0,13,11,2176
28.5,0,13,12,2183
28.5,0,13,13,2189
28.5,0,13,14,2196
28.5,0,13,15,2202
28.5,0,14,0,2110
28.5,0,14,1,2116
28.5,0,14,2,2123
28.5,0,14,3,2130
28.5,0,14,4,2137
28.5,0,14,5,2143
28.5,0,14,6,2150
28.5,0,14,7,2157
28.5,0,14,8,2163
28.5,0,14,9,2170
28.5,0,14,10,2177
28.5,0,14,11,2183
28.5,0,14,12,2190
28.5,0,14,13,2196
28.5,0,14,14,2203
28.5,0,14,15,2209
28.5,0,15,0,2116
28.5,0,15,1,2123
28.5,0,15,2,2130
28.5,0,15,3,2136
28.5,0,15,4,2143
28.5,0,15,5,2150
28.5,0,15,6,2157
28.5,0,15,7,2163
28.5,0,15,8,2170
28.5,0,15,9,2177
28.5,0,15,10,2183
28.5,0,15,11,2190
28.5,0,15,12,2196
28.5,0,15,13,2203
28.5,0,15,14,2209
28.5,0,15,15,2216
28.5,1,0,0,2025
28.5,1,0,1,2031
28.5,1,0,2,2038
28.5,1,0,3,2044
28.5,1,0,4,2051
28.5,1,0,5,2057
28.5,1,0,6,2063
28.5,1,0,7,2070
28.5,1,0,8,2076
28.5,1,0,9,2083
28.5,1,0,10,2089
28.5,1,0,11,2095
28.5,1,0,12,2102
28.5,1,0,13,2108
28.5,1,0,14,2114
28.5,1,0,15,2120
28.5,1,1,0,2031
28.5,1,1,1,2038
28.5,1,1,2,2044
28.5,1,1,3,2051
28.5,1,1,4,2057
28.5,1,1,5,2064
28.5,1,1,6,2070
28.5,1,1,7,2077
28.5,1,1,8,2083
28.5,1,1,9,2090
28.5,1,1,10,2096
28.5,1,1,11,2102
28.5,1,1,12,2109
28.5,1,1,13,2115
28.5,1,1,14,2121
28.5,1,1,15,2127
28.5,1,2,0,2038
28.5,1,2,1,2045
28.5,1,2,2,2051
28.5,1,2,3,2058
28.5,1,2,4,2064
28.5,1,2,5,2071
28.5,1,2,6,2077
28.5,1,2,7,2084
28.5,1,2,8,2090
28.5,1,2,9,2096
28.5,1,2,10,2103
28.5,1,2,11,2109
28.5,1,2,12,2116
28.5,1,2,13,2122
28.5,1,2,14,2128
28.5,1,2,15,2135
28.5,1,3,0,2045
28.5,1,3,1,2051
28.5,1,3,2,2058
28.5,1,3,3,2065
28.5,1,3,4,2071
28.5,1,3,5,2078
28.5,1,3,6,2084
28.5,1,3,7,2091
28.5,1,3,8,2097
28.5,1,3,9,2103
28.5,1,3,10,2110
28.5,1,3,11,2116
28.5,1,3,12,2123
28.5,1,3,13,2129
28.5,1,3,14,2135
28.5,1,3,15,2142
28.5,1,4,0,2052
28.5,1,4,1,2058
28.5,1,4,2,2065
28.5,1,4,3,2071
28.5,1,4,4,2078
28.5,1,4,5,2084
28.5,1,4,6,2091
28.5,1,4,7,2097
28.5,1,4,8,2104
28.5,1,4,9,2110
28.5,1,4,10,2117
28.5,1,4,11,2123
28.5,1,4,12,2130
28.5,1,4,13,2136
28.5,1,4,14,2142
28.5,1,4,15,2149
28.5,1,5,0,2058
28.5,1,5,1,2065
28.5,1,5,2,2072
28.5,1,5,3,2078
28.5,1,5,4,2085
28.5,1,5,5,2091
28.5,1,5,6,2098
28.5,1,5,7,2104
28.5,1,5,8,2111
28.5,1,5,9,2117
28.5,1,5,10,2124
28.5,1,5,11,2130
28.5,1,5,12,2137
28.5,1,5,13,2143
28.5,1,5,14,2149
28.5,1,5,15,2156
28.5,1,6,0,2065
28.5,1,6,1,2072
28.5,1,6,2,2078
28.5,1,6,3,2085
28.5,1,6,4,2091
28.5,1,6,5,2098
28.5,1,6,6,2105
28.5,1,6,7,2111
28.5,1,6,8,2118
28.5,1,6,9,2124
28.5,1,6,10,2131
28.5,1,6,11,2137
28.5,1,6,12,2143
28.5,1,6,13,2150
28.5,1,6,14,2156
28.5,1,6,15,2163
28.5,1,7,0,2072
28.5,1,7,1,2078
28.5,1,7,2,2085
28.5,1,7,3,2092
28.5,1,7,4,2098
28.5,1,7,5,2105
28.5,1,7,6,2111
28.5,1,7,7,2118
28.5,1,7,8,2124
28.5,1,7,9,2131
28.5,1,7,10,2137
28.5,1,7,11,2144
28.5,1,7,12,2150
28.5,1,7,13,2157
28.5,1,7,14,2163
28.5,1,7,15,2170
28.5,1,8,0,2078
28.5,1,8,1,2085
28.5,1,8,2,2092
28.5,1,8,3,2098
28.5,1,8,4,2105
28.5,1,8,5,2112
28.5,1,8,6,2118
28.5,1,8,7,2125
28.5,1,8,8,2131
28.5,1,8,9,2138
28.5,1,8,10,2144
28.5,1,8,11,2151
28.5,1,8,12,2157
28.5,1,8,13,2164
28.5,1,8,14,2170
28.5,1,8,15,2177
28.5,1,9,0,2085
28.5,1,9,1,2092
28.5,1,9,2,2098
28.5,1,9,3,2105
28.5,1,9,4,2112
28.5,1,9,5,2118
28.5,1,9,6,2125
28.5,1,9,7,2131
28.5,1,9,8,2138
28.5,1,9,9,2145
28.5,1,9,10,2151
28.5,1,9,11,2158
28.5,1,9,12,2164
28.5,1,9,13,2171
28.5,1,9,14,2177
28.5,1,9,15,2183
28.5,1,10,0,2091
28.5,1,10,1,2098
28.5,1,10,2,2105
28.5,1,10,3,2112
28.5,1,10,4,2118
28.5,1,10,5,2125
28.5,1,10,6,2132
28.5,1,10,7,2138
28.5,1,10,8,2145
28.5,1,10,9,2151
28.5,1,10,10,2158
28.5,1,10,11,2164
28.5,1,10,12,2171
28.5,1,10,13,2177
28.5,1,10,14,2184
28.5,1,10,15,2190
28.5,1,11,0,2098
28.5,1,11,1,2105
28.5,1,11,2,2112
28.5,1,11,3,2118
28.5,1,11,4,2125
28.5,1,11,5,2132
28.5,1,11,6,2138
28.5,1,11,7,2145
28.5,1,11,8,2151
28.5,1,11,9,2158
28.5,1,11,10,2165
28.5,1,11,11,2171
28.5,1,11,12,2178
28.5,1,11,13,2184
28.5,1,11,14,2191
28.5,1,11,15,2197
28.5,1,12,0,2105
28.5,1,12,1,2111
28.5,1,12,2,2118
28.5,1,12,3,2125
28.5,1,12,4,2132
28.5,1,12,5,2138
28.5,1,12,6,2145
28.5,1,12,7,2152
28.5,1,12,8,2158
28.5,1,12,9,2165
28.5,1,12,10,2171
28.5,1,12,11,2178
28.5,1,12,12,2185
28.5,1,12,13,2191
28.5,1,12,14,2198
28.5,1,12,15,2204
28.5,1,13,0,2111
28.5,1,13,1,2118
28.5,1,13,2,2125
28.5,1,13,3,2131
28.5,1,13,4,2138
28.5,1,13,5,2145
28.5,1,13,6,2152
28.5,1,13,7,2158
28.5,1,13,8,2165
28.5,1,13,9,2172
28.5,1,13,10,2178
28.5,1,13,11,2185
28.5,1,13,12,2191
28.5,1,13,13,2198
28.5,1,13,14,2204
28.5,1,13,15,2211
28.5,1,14,0,2118
28.5,1,14,1,2124
28.5,1,14,2,2131
28.5,1,14,3,2138
28.5,1,14,4,2145
28.5,1,14,5,2151
28.5,1,14,6,2158
28.5,1,14,7,2165
28.5,1,14,8,2172
28.5,1,14,9,2178
28.5,1,14,10,2185
28.5,1,14,11,2191
28.5,1,14,12,2198
28.5,1,14,13,2205
28.5,1,14,14,2211
28.5,1,14,15,2218
28.5,1,15,0,2124
28.5,1,15,1,2131
28.5,1,15,2,2138
28.5,1,15,3,2145
28.5,1,15,4,2151
28.5,1,15,5,2158
28.5,1,15,6,2165
28.5,1,15,7,2172
28.5,1,15,8,2178
28.5,1,15,9,2185
28.5,1,15,10,2192
28.5,1,15,11,2198
28.5,1,15,12,2205
28.5,1,15,13,2211
28.5,1,15,14,2218
28.5,1,15,15,2225
28.5,2,0,0,2032
28.5,2,0,1,2039
28.5,2,0,2,2045
28.5,2,0,3,2052
28.5,2,0,4,2058
28.5,2,0,5,2065
28.5,2,0,6,2071
28.5,2,0,7,2078
28.5,2,0,8,2084
28.5,2,0,9,2091
28.5,2,0,10,2097
28.5,2,0,11,2103
28.5,2,0,12,2110
28.5,2,0,13,2116
28.5,2,0,14,2122
28.5,2,0,15,2128
28.5,2,1,0,2039
28.5,2,1,1,2046
28.5,2,1,2,2052
28.5,2,1,3,2059
28.5,2,1,4,2065
28.5,2,1,5,2072
28.5,2,1,6,2078
28.5,2,1,7,2085
28.5,2,1,8,2091
28.5,2,1,9,2098
28.5,2,1,10,2104
28.5,2,1,11,2110
28.5,2,1,12,2117
28.5,2,1,13,2123
28.5,2,1,14,2129
28.5,2,1,15,2136
28.5,2,2,0,2046
28.5,2,2,1,2053
28.5,2,2,2,2059
28.5,2,2,3,2066
28.5,2,2,4,2072
28.5,2,2,5,2079
28.5,2,2,6,2085
28.5,2,2,7,2092
28.5,2,2,8,2098
28.5,2,2,9,2104
28.5,2,2,10,2111
28.5,2,2,11,2117
28.5,2,2,12,2124
28.5,2,2,13,2130
28.5,2,2,14,2136
28.5,2,2,15,2143
28.5,2,3,0,2053
28.5,2,3,1,2059
28.5,2,3,2,2066
28.5,2,3,3,2072
28.5,2,3,4,2079
28.5,2,3,5,2086
28.5,2,3,6,2092
28.5,2,3,7,2099
28.5,2,3,8,2105
28.5,2,3,9,2111
28.5,2,3,10,2118
28.5,2,3,11,2124
28.5,2,3,12,2131
28.5,2,3,13,2137
28.5,2,3,14,2143
28.5,2,3,15,2150
28.5,2,4,0,2059
28.5,2,4,1,2066
28.5,2,4,2,2073
28.5,2,4,3,2079
28.5,2,4,4,2086
28.5,2,4,5,2092
28.5,2,4,6,2099
28.5,2,4,7,2105
28.5,2,4,8,2112
28.5,2,4,9,2118
28.5,2,4,10,2125
28.5,2,4,11,2131
28.5,2,4,12,2138
28.5,2,4,13,2144
28.5,2,4,14,2150
28.5,2,4,15,2157
28.5,2,5,0,2066
28.5,2,5,1,2073
28.5,2,5,2,2079
28.5,2,5,3,2086
28.5,2,5,4,2093
28.5,2,5,5,2099
28.5,2,5,6,2106
28.5,2,5,7,2112
28.5,2,5,8,2119
28.5,2,5,9,2125
28.5,2,5,10,2132
28.5,2,5,11,2138
28.5,2,5,12,2145
28.5,2,5,13,2151
28.5,2,5,14,2157
28.5,2,5,15,2164
28.5,2,6,0,2073
28.5,2,6,1,2080
28.5,2,6,2,2086
28.5,2,6,3,2093
28.5,2,6,4,2099
28.5,2,6,5,2106
28.5,2,6,6,2113
28.5,2,6,7,2119
28.5,2,6,8,2126
28.5,2,6,9,2132
28.5,2,6,10,2139
28.5,2,6,11,2145
28.5,2,6,12,2152
28.5,2,6,13,2158
28.5,2,6,14,2164
28.5,2,6,15,2171
28.5,2,7,0,2080
28.5,2,7,1,2086
28.5,2,7,2,2093
28.5,2,7,3,2100
28.5,2,7,4,2106
28.5,2,7,5,2113
28.5,2,7,6,2119
28.5,2,7,7,2126
28.5,2,7,8,2133
28.5,2,7,9,2139
28.5,2,7,10,2146
28.5,2,7,11,2152
28.5,2,7,12,2159
28.5,2,7,13,2165
28.5,2,7,14,2171
28.5,2,7,15,2178
28.5,2,8,0,2086
28.5,2,8,1,2093
28.5,2,8,2,2100
28.5,2,8,3,2106
28.5,2,8,4,2113
28.5,2,8,5,2120
28.5,2,8,6,2126
28.5,2,8,7,2133
28.5,2,8,8,2139
28.5,2,8,9,2146
28.5,2,8,10,2152
28.5,2,8,11,2159
28.5,2,8,12,2165
28.5,2,8,13,2172
28.5,2,8,14,2178
28.5,2,8,15,2185
28.5,2,9,0,2093
28.5,2,9,1,2100
28.5,2,9,2,2106
28.5,2,9,3,2113
28.5,2,9,4,2120
28.5,2,9,5,2126
28.5,2,9,6,2133
28.5,2,9,7,2140
28.5,2,9,8,2146
28.5,2,9,9,2153
28.5,2,9,10,2159
28.5,2,9,11,2166
28.5,2,9,12,2172
28.5,2,9,13,2179
28.5,2,9,14,2185
28.5,2,9,15,2192
28.5,2,10,0,2099
28.5,2,10,1,2106
28.5,2,10,2,2113
28.5,2,10,3,2120
28.5,2,10,4,2126
28.5,2,10,5,2133
28.5,2,10,6,2140
28.5,2,10,7,2146
28.5,2,10,8,2153
28.5,2,10,9,2160
28.5,2,10,10,2166
28.5,2,10,11,2173
28.5,2,10,12,2179
28.5,2,10,13,2186
28.5,2,10,14,2192
28.5,2,10,15,2199
28.5,2,11,0,2106
28.5,2,11,1,2113
28.5,2,11,2,2120
28.5,2,11,3,2126
28.5,2,11,4,2133
28.5,2,11,5,2140
28.5,2,11,6,2146
28.5,2,11,7,2153
28.5,2,11,8,2160
28.5,2,11,9,2166
28.5,2,11,10,2173
28.5,2,11,11,2179
28.5,2,11,12,2186
28.5,2,11,13,2193
28.5,2,11,14,2199
28.5,2,11,15,2206
28.5,2,12,0,2113
28.5,2,12,1,2119
28.5,2,12,2,2126
28.5,2,12,3,2133
28.5,2,12,4,2140
28.5,2,12,5,2146
28.5,2,12,6,2153
28.5,2,12,7,2160
28.5,2,12,8,2166
28.5,2,12,9,2173
28.5,2,12,10,2180
28.5,2,12,11,2186
28.5,2,12,12,2193
28.5,2,12,13,2199
28.5,2,12,14,2206
28.5,2,12,15,2212
28.5,2,13,0,2119
28.5,2,13,1,2126
28.5,2,13,2,2133
28.5,2,13,3,2140
28.5,2,13,4,2146
28.5,2,13,5,2153
28.5,2,13,6,2160
28.5,2,13,7,2166
28.5,2,13,8,2173
28.5,2,13,9,2180
28.5,2,13,10,2186
28.5,2,13,11,2193
28.5,2,13,12,2200
28.5,2,13,13,2206
28.5,2,13,14,2213
28.5,2,13,15,2219
28.5,2,14,0,2126
28.5,2,14,1,2133
28.5,2,14,2,2139
28.5,2,14,3,2146
28.5,2,14,4,2153
28.5,2,14,5,2160
28.5,2,14,6,2166
28.5,2,14,7,2173
28.5,2,14,8,2180
28.5,2,14,9,2187
28.5,2,14,10,2193
28.5,2,14,11,2200
28.5,2,14,12,2206
28.5,2,14,13,2213
28.5,2,14,14,2220
28.5,2,14,15,2226
28.5,2,15,0,2132
28.5,2,15,1,2139
28.5,2,15,2,2146
28.5,2,15,3,2153
28.5,2,15,4,2160
28.5,2,15,5,2166
28.5,2,15,6,2173
28.5,2,15,7,2180
28.5,2,15,8,2187
28.5,2,15,9,2193
28.5,2,15,10,2200
28.5,2,15,11,2207
28.5,2,15,12,2213
28.5,2,15,13,2220
28.5,2,15,14,2226
28.5,2,15,15,2233
28.5,3,0,0,2040
28.5,3,0,1,2047
28.5,3,0,2,2053
28.5,3,0,3,2060
28.5,3,0,4,2066
28.5,3,0,5,2073
28.5,3,0,6,2079
28.5,3,0,7,2086
28.5,3,0,8,2092
28.5,3,0,9,2098
28.5,3,0,10,2105
28.5,3,0,11,2111
28.5,3,0,12,2118
28.5,3,0,13,2124
28.5,3,0,14,2130
28.5,3,0,15,2137
28.5,3,1,0,2047
28.5,3,1,1,2053
28.5,3,1,2,2060
28.5,3,1,3,2067
28.5,3,1,4,2073
28.5,3,1,5,2080
28.5,3,1,6,2086
28.5,3,1,7,2093
28.5,3,1,8,2099
28.5,3,1,9,2105
28.5,3,1,10,2112
28.5,3,1,11,2118
28.5,3,1,12,2125
28.5,3,1,13,2131
28.5,3,1,14,2137
28.5,3,1,15,2144
28.5,3,2,0,2054
28.5,3,2,1,2060
28.5,3,2,2,2067
28.5,3,2,3,2073
28.5,3,2,4,2080
28.5,3,2,5,2087
28.5,3,2,6,2093
28.5,3,2,7,2100
28.5,3,2,8,2106
28.5,3,2,9,2112
28.5,3,2,10,2119
28.5,3,2,11,2125
28.5,3,2,12,2132
28.5,3,2,13,2138
28.5,3,2,14,2144
28.5,3,2,15,2151
28.5,3,3,0,2060
28.5,3,3,1,2067
28.5,3,3,2,2074
28.5,3,3,3,2080
28.5,3,3,4,2087
28.5,3,3,5,2093
28.5,3,3,6,2100
28.5,3,3,7,2107
28.5,3,3,8,2113
28.5,3,3,9,2119
28.5,3,3,10,2126
28.5,3,3,11,2132
28.5,3,3,12,2139
28.5,3,3,13,2145
28.5,3,3,14,2152
28.5,3,3,15,2158
28.5,3,4,0,2067
28.5,3,4,1,2074
28.5,3,4,2,2081
28.5,3,4,3,2087
28.5,3,4,4,2094
28.5,3,4,5,2100
28.5,3,4,6,2107
28.5,3,4,7,2113
28.5,3,4,8,2120
28.5,3,4,9,2126
28.5,3,4,10,2133
28.5,3,4,11,2139
28.5,3,4,12,2146
28.5,3,4,13,2152
28.5,3,4,14,2159
28.5,3,4,15,2165
28.5,3,5,0,2074
28.5,3,5,1,2081
28.5,3,5,2,2087
28.5,3,5,3,2094
28.5,3,5,4,2101
28.5,3,5,5,2107
28.5,3,5,6,2114
28.5,3,5,7,2120
28.5,3,5,8,2127
28.5,3,5,9,2133
28.5,3,5,10,2140
28.5,3,5,11,2146
28.5,3,5,12,2153
28.5,3,5,13,2159
28.5,3,5,14,2166
28.5,3,5,15,2172
28.5,3,6,0,2081
28.5,3,6,1,2087
28.5,3,6,2,2094
28.5,3,6,3,2101
28.5,3,6,4,2107
28.5,3,6,5,2114
28.5,3,6,6,2121
28.5,3,6,7,2127
28.5,3,6,8,2134
28.5,3,6,9,2140
28.5,3,6,10,2147
28.5,3,6,11,2153
28.5,3,6,12,2160
28.5,3,6,13,2166
28.5,3,6,14,2173
28.5,3,6,15,2179
28.5,3,7,0,2087
28.5,3,7,1,2094
28.5,3,7,2,2101
28.5,3,7,3,2108
28.5,3,7,4,2114
28.5,3,7,5,2121
28.5,3,7,6,2127
28.5,3,7,7,2134
28.5,3,7,8,2141
28.5,3,7,9,2147
28.5,3,7,10,2154
28.5,3,7,11,2160
28.5,3,7,12,2167
28.5,3,7,13,2173
28.5,3,7,14,2180
28.5,3,7,15,2186
28.5,3,8,0,2094
28.5,3,8,1,2101
28.5,3,8,2,2108
28.5,3,8,3,2114
28.5,3,8,4,2121
28.5,3,8,5,2128
28.5,3,8,6,2134
28.5,3,8,7,2141
28.5,3,8,8,2147
28.5,3,8,9,2154
28.5,3,8,10,2161
28.5,3,8,11,2167
28.5,3,8,12,2174
28.5,3,8,13,2180
28.5,3,8,14,2187
28.5,3,8,15,2193
28.5,3,9,0,2101
28.5,3,9,1,2108
28.5,3,9,2,2114
28.5,3,9,3,2121
28.5,3,9,4,2128
28.5,3,9,5,2134
28.5,3,9,6,2141
28.5,3,9,7,2148
28.5,3,9,8,2154
28.5,3,9,9,2161
28.5,3,9,10,2168
28.5,3,9,11,2174
28.5,3,9,12,2181
28.5,3,9,13,2187
28.5,3,9,14,2194
28.5,3,9,15,2200
28.5,3,10,0,2107
28.5,3,10,1,2114
28.5,3,10,2,2121
28.5,3,10,3,2128
28.5,3,10,4,2134
28.5,3,10,5,2141
28.5,3,10,6,2148
28.5,3,10,7,2154
28.5,3,10,8,2161
28.5,3,10,9,2168
28.5,3,10,10,2174
28.5,3,10,11,2181
28.5,3,10,12,2187
28.5,3,10,13,2194
28.5,3,10,14,2201
28.5,3,10,15,2207
28.5,3,11,0,2114
28.5,3,11,1,2121
28.5,3,11,2,2128
28.5,3,11,3,2134
28.5,3,11,4,2141
28.5,3,11,5,2148
28.5,3,11,6,2155
28.5,3,11,7,2161
28.5,3,11,8,2168
28.5,3,11,9,2175
28.5,3,11,10,2181
28.5,3,11,11,2188
28.5,3,11,12,2194
28.5,3,11,13,2201
28.5,3,11,14,2207
28.5,3,11,15,2214
28.5,3,12,0,2121
28.5,3,12,1,2127
28.5,3,12,2,2134
28.5,3,12,3,2141
28.5,3,12,4,2148
28.5,3,12,5,2155
28.5,3,12,6,2161
28.5,3,12,7,2168
28.5,3,12,8,2175
28.5,3,12,9,2181
28.5,3,12,10,2188
28.5,3,12,11,2195
28.5,3,12,12,2201
28.5,3,12,13,2208
28.5,3,12,14,2214
28.5,3,12,15,2221
28.5,3,13,0,2127
28.5,3,13,1,2134
28.5,3,13,2,2141
28.5,3,13,3,2148
28.5,3,13,4,2154
28.5,3,13,5,2161
28.5,3,13,6,2168
28.5,3,13,7,2175
28.5,3,13,8,2181
28.5,3,13,9,2188
28.5,3,13,10,2195
28.5,3,13,11,2201
28.5,3,13,12,2208
28.5,3,13,13,2215
28.5,3,13,14,2221
28.5,3,13,15,2228
28.5,3,14,0,2134
28.5,3,14,1,2141
28.5,3,14,2,2147
28.5,3,14,3,2154
28.5,3,14,4,2161
28.5,3,14,5,2168
28.5,3,14,6,2175
28.5,3,14,7,2181
28.5,3,14,8,2188
28.5,3,14,9,2195
28.5,3,14,10,2202
28.5,3,14,11,2208
28.5,3,14,12,2215
28.5,3,14,13,2221
28.5,3,14,14,2228
28.5,3,14,15,2235
28.5,3,15,0,2140
28.5,3,15,1,2147
28.5,3,15,2,2154
28.5,3,15,3,2161
28.5,3,15,4,2168
28.5,3,15,5,2175
28.5,3,15,6,2181
28.5,3,15,7,2188
28.5,3,15,8,2195
28.5,3,15,9,2202
28.5,3,15,10,2208
28.5,3,15,11,2215
28.5,3,15,12,2222
28.5,3,15,13,2228
28.5,3,15,14,2235
28.5,3,15,15,2241
28.5,4,0,0,2048
28.5,4,0,1,2054
28.5,4,0,2,2061
28.5,4,0,3,2068
28.5,4,0,4,2074
28.5,4,0,5,2081
28.5,4,0,6,2087
28.5,4,0,7,2094
28.5,4,0,8,2100
28.5,4,0,9,2106
28.5,4,0,10,2113
28.5,4,0,11,2119
28.5,4,0,12,2126
28.5,4,0,13,2132
28.5,4,0,14,2138
28.5,4,0,15,2145
28.5,4,1,0,2055
28.5,4,1,1,2061
28.5,4,1,2,2068
28.5,4,1,3,2074
28.5,4,1,4,2081
28.5,4,1,5,2088
28.5,4,1,6,2094
28.5,4,1,7,2101
28.5,4,1,8,2107
28.5,4,1,9,2113
28.5,4,1,10,2120
28.5,4,1,11,2126
28.5,4,1,12,2133
28.5,4,1,13,2139
28.5,4,1,14,2145
28.5,4,1,15,2152
28.5,4,2,0,2061
28.5,4,2,1,2068
28.5,4,2,2,2075
28.5,4,2,3,2081
28.5,4,2,4,2088
28.5,4,2,5,2094
28.5,4,2,6,2101
28.5,4,2,7,2108
28.5,4,2,8,2114
28.5,4,2,9,2121
28.5,4,2,10,2127
28.5,4,2,11,2133
28.5,4,2,12,2140
28.5,4,2,13,2146
28.5,4,2,14,2153
28.5,4,2,15,2159
28.5,4,3,0,2068
28.5,4,3,1,2075
28.5,4,3,2,2082
28.5,4,3,3,2088
28.5,4,3,4,2095
28.5,4,3,5,2101
28.5,4,3,6,2108
28.5,4,3,7,2114
28.5,4,3,8,2121
28.5,4,3,9,2128
28.5,4,3,10,2134
28.5,4,3,11,2140
28.5,4,3,12,2147
28.5,4,3,13,2153
28.5,4,3,14,2160
28.5,4,3,15,2166
28.5,4,4,0,2075
28.5,4,4,1,2082
28.5,4,4,2,2088
28.5,4,4,3,2095
28.5,4,4,4,2102
28.5,4,4,5,2108
28.5,4,4,6,2115
28.5,4,4,7,2121
28.5,4,4,8,2128
28.5,4,4,9,2135
28.5,4,4,10,2141
28.5,4,4,11,2147
28.5,4,4,12,2154
28.5,4,4,13,2160
28.5,4,4,14,2167
28.5,4,4,15,2173
28.5,4,5,0,2082
28.5,4,5,1,2089
28.5,4,5,2,2095
28.5,4,5,3,2102
28.5,4,5,4,2109
28.5,4,5,5,2115
28.5,4,5,6,2122
28.5,4,5,7,2128
28.5,4,5,8,2135
28.5,4,5,9,2141
28.5,4,5,10,2148
28.5,4,5,11,2154
28.5,4,5,12,2161
28.5,4,5,13,2167
28.5,4,5,14,2174
28.5,4,5,15,2180
28.5,4,6,0,2089
28.5,4,6,1,2095
28.5,4,6,2,2102
28.5,4,6,3,2109
28.5,4,6,4,2115
28.5,4,6,5,2122
28.5,4,6,6,2129
28.5,4,6,7,2135
28.5,4,6,8,2142
28.5,4,6,9,2148
28.5,4,6,10,2155
28.5,4,6,11,2161
28.5,4,6,12,2168
28.5,4,6,13,2174
28.5,4,6,14,2181
28.5,4,6,15,2187
28.5,4,7,0,2095
28.5,4,7,1,2102
28.5,4,7,2,2109
28.5,4,7,3,2116
28.5,4,7,4,2122
28.5,4,7,5,2129
28.5,4,7,6,2136
28.5,4,7,7,2142
28.5,4,7,8,2149
28.5,4,7,9,2155
28.5,4,7,10,2162
28.5,4,7,11,2168
28.5,4,7,12,2175
28.5,4,7,13,2181
28.5,4,7,14,2188
28.5,4,7,15,2194
28.5,4,8,0,2102
28.5,4,8,1,2109
28.5,4,8,2,2116
28.5,4,8,3,2122
28.5,4,8,4,2129
28.5,4,8,5,2136
28.5,4,8,6,2142
28.5,4,8,7,2149
28.5,4,8,8,2156
28.5,4,8,9,2162
28.5,4,8,10,2169
28.5,4,8,11,2175
28.5,4,8,12,2182
28.5,4,8,13,2188
28.5,4,8,14,2195
28.5,4,8,15,2201
28.5,4,9,0,2109
28.5,4,9,1,2116
28.5,4,9,2,2122
28.5,4,9,3,2129
28.5,4,9,4,2136
28.5,4,9,5,2142
28.5,4,9,6,2149
28.5,4,9,7,2156
28.5,4,9,8,2162
28.5,4,9,9,2169
28.5,4,9,10,2176
28.5,4,9,11,2182
28.5,4,9,12,2189
28.5,4,9,13,2195
28.5,4,9,14,2202
28.5,4,9,15,2208
28.5,4,10,0,2115
28.5,4,10,1,2122
28.5,4,10,2,2129
28.5,4,10,3,2136
28.5,4,10,4,2143
28.5,4,10,5,2149
28.5,4,10,6,2156
28.5,4,10,7,2163
28.5,4,10,8,2169
28.5,4,10,9,2176
28.5,4,10,10,2183
28.5,4,10,11,2189
28.5,4,10,12,2196
28.5,4,10,13,2202
28.5,4,10,14,2209
28.5,4,10,15,2215
28.5,4,11,0,2122
28.5,4,11,1,2129
28.5,4,11,2,2136
28.5,4,11,3,2142
28.5,4,11,4,2149
28.5,4,11,5,2156
28.5,4,11,6,2163
28.5,4,11,7,2169
28.5,4,11,8,2176
28.5,4,11,9,2183
28.5,4,11,10,2189
28.5,4,11,11,2196
28.5,4,11,12,2203
28.5,4,11,13,2209
28.5,4,11,14,2216
28.5,4,11,15,2222
28.5,4,12,0,2129
28.5,4,12,1,2136
28.5,4,12,2,2142
28.5,4,12,3,2149
28.5,4,12,4,2156
28.5,4,12,5,2163
28.5,4,12,6,2169
28.5,4,12,7,2176
28.5,4,12,8,2183
28.5,4,12,9,2190
28.5,4,12,10,2196
28.5,4,12,11,2203
28.5,4,12,12,2210
28.5,4,12,13,2216
28.5,4,12,14,2223
28.5,4,12,15,2229
28.5,4,13,0,2135
28.5,4,13,1,2142
28.5,4,13,2,2149
28.5,4,13,3,2156
28.5,4,13,4,2163
28.5,4,13,5,2169
28.5,4,13,6,2176
28.5,4,13,7,2183
28.5,4,13,8,2190
28.5,4,13,9,2196
28.5,4,13,10,2203
28.5,4,13,11,2210
28.5,4,13,12,2216
28.5,4,13,13,2223
28.5,4,13,14,2230
28.5,4,13,15,2236
28.5,4,14,0,2142
28.5,4,14,1,2149
28.5,4,14,2,2156
28.5,4,14,3,2162
28.5,4,14,4,2169
28.5,4,14,5,2176
28.5,4,14,6,2183
28.5,4,14,7,2190
28.5,4,14,8,2196
28.5,4,14,9,2203
28.5,4,14,10,2210
28.5,4,14,11,2217
28.5,4,14,12,2223
28.5,4,14,13,2230
28.5,4,14,14,2237
28.5,4,14,15,2243
28.5,4,15,0,2148
28.5,4,15,1,2155
28.5,4,15,2,2162
28.5,4,15,3,2169
28.5,4,15,4,2176
28.5,4,15,5,2183
28.5,4,15,6,2190
28.5,4,15,7,2196
28.5,4,15,8,2203
28.5,4,15,9,2210
28.5,4,15,10,2217
28.5,4,15,11,2223
28.5,4,15,12,2230
28.5,4,15,13,2237
28.5,4,15,14,2243
28.5,4,15,15,2250
28.5,5,0,0,2056
28.5,5,0,1,2062
28.5,5,0,2,2069
28.5,5,0,3,2075
28.5,5,0,4,2082
28.5,5,0,5,2088
28.5,5,0,6,2095
28.5,5,0,7,2101
28.5,5,0,8,2108
28.5,5,0,9,2114
28.5,5,0,10,2121
28.5,5,0,11,2127
28.5,5,0,12,2134
28.5,5,0,13,2140
28.5,5,0,14,2146
28.5,5,0,15,2153
28.5,5,1,0,2062
28.5,5,1,1,2069
28.5,5,1,2,2076
28.5,5,1,3,2082
28.5,5,1,4,2089
28.5,5,1,5,2095
28.5,5,1,6,2102
28.5,5,1,7,2108
28.5,5,1,8,2115
28.5,5,1,9,2121
28.5,5,1,10,2128
28.5,5,1,11,2134
28.5,5,1,12,2141
28.5,5,1,13,2147
28.5,5,1,14,2154
28.5,5,1,15,2160
28.5,5,2,0,2069
28.5,5,2,1,2076
28.5,5,2,2,2083
28.5,5,2,3,2089
28.5,5,2,4,2096
28.5,5,2,5,2102
28.5,5,2,6,2109
28.5,5,2,7,2115
28.5,5,2,8,2122
28.5,5,2,9,2129
28.5,5,2,10,2135
28.5,5,2,11,2141
28.5,5,2,12,2148
28.5,5,2,13,2154
28.5,5,2,14,2161
28.5,5,2,15,2167
28.5,5,3,0,2076
28.5,5,3,1,2083
28.5,5,3,2,2089
28.5,5,3,3,2096
28.5,5,3,4,2103
28.5,5,3,5,2109
28.5,5,3,6,2116
28.5,5,3,7,2122
28.5,5,3,8,2129
28.5,5,3,9,2136
28.5,5,3,10,2142
28.5,5,3,11,2149
28.5,5,3,12,2155
28.5,5,3,13,2161
28.5,5,3,14,2168
28.5,5,3,15,2174
28.5,5,4,0,2083
28.5,5,4,1,2090
28.5,5,4,2,2096
28.5,5,4,3,2103
28.5,5,4,4,2110
28.5,5,4,5,2116
28.5,5,4,6,2123
28.5,5,4,7,2129
28.5,5,4,8,2136
28.5,5,4,9,2143
28.5,5,4,10,2149
28.5,5,4,11,2156
28.5,5,4,12,2162
28.5,5,4,13,2169
28.5,5,4,14,2175
28.5,5,4,15,2181
28.5,5,5,0,2090
28.5,5,5,1,2096
28.5,5,5,2,2103
28.5,5,5,3,2110
28.5,5,5,4,2117
28.5,5,5,5,2123
28.5,5,5,6,2130
28.5,5,5,7,2136
28.5,5,5,8,2143
28.5,5,5,9,2150
28.5,5,5,10,2156
28.5,5,5,11,2163
28.5,5,5,12,2169
28.5,5,5,13,2176
28.5,5,5,14,2182
28.5,5,5,15,2189
28.5,5,6,0,2096
28.5,5,6,1,2103
28.5,5,6,2,2110
28.5,5,6,3,2117
28.5,5,6,4,2123
28.5,5,6,5,2130
28.5,5,6,6,2137
28.5,5,6,7,2143
28.5,5,6,8,2150
28.5,5,6,9,2157
28.5,5,6,10,2163
28.5,5,6,11,2170
28.5,5,6,12,2176
28.5,5,6,13,2183
28.5,5,6,14,2189
28.5,5,6,15,2196
28.5,5,7,0,2103
28.5,5,7,1,2110
28.5,5,7,2,2117
28.5,5,7,3,2124
28.5,5,7,4,2130
28.5,5,7,5,2137
28.5,5,7,6,2144
28.5,5,7,7,2150
28.5,5,7,8,2157
28.5,5,7,9,2163
28.5,5,7,10,2170
28.5,5,7,11,2177
28.5,5,7,12,2183
28.5,5,7,13,2190
28.5,5,7,14,2196
28.5,5,7,15,2203
28.5,5,8,0,2110
28.5,5,8,1,2117
28.5,5,8,2,2124
28.5,5,8,3,2130
28.5,5,8,4,2137
28.5,5,8,5,2144
28.5,5,8,6,2150
28.5,5,8,7,2157
28.5,5,8,8,2164
28.5,5,8,9,2170
28.5,5,8,10,2177
28.5,5,8,11,2184
28.5,5,8,12,2190
28.5,5,8,13,2197
28.5,5,8,14,2203
28.5,5,8,15,2210
28.5,5,9,0,2117
28.5,5,9,1,2124
28.5,5,9,2,2130
28.5,5,9,3,2137
28.5,5,9,4,2144
28.5,5,9,5,2151
28.5,5,9,6,2157
28.5,5,9,7,2164
28.5,5,9,8,2171
28.5,5,9,9,2177
28.5,5,9,10,2184
28.5,5,9,11,2191
28.5,5,9,12,2197
28.5,5,9,13,2204
28.5,5,9,14,2210
28.5,5,9,15,2217
28.5,5,10,0,2123
28.5,5,10,1,2130
28.5,5,10,2,2137
28.5,5,10,3,2144
28.5,5,10,4,2151
28.5,5,10,5,2157
28.5,5,10,6,2164
28.5,5,10,7,2171
28.5,5,10,8,2178
28.5,5,10,9,2184
28.5,5,10,10,2191
28.5,5,10,11,2197
28.5,5,10,12,2204
28.5,5,10,13,2211
28.5,5,10,14,2217
28.5,5,10,15,2224
28.5,5,11,0,2130
28.5,5,11,1,2137
28.5,5,11,2,2144
28.5,5,11,3,2151
28.5,5,11,4,2157
28.5,5,11,5,2164
28.5,5,11,6,2171
28.5,5,11,7,2178
28.5,5,11,8,2184
28.5,5,11,9,2191
28.5,5,11,10,2198
28.5,5,11,11,2204
28.5,5,11,12,2211
28.5,5,11,13,2218
28.5,5,11,14,2224
28.5,5,11,15,2231
28.5,5,12,0,2137
28.5,5,12,1,2144
28.5,5,12,2,2150
28.5,5,12,3,2157
28.5,5,12,4,2164
28.5,5,12,5,2171
28.5,5,12,6,2178
28.5,5,12,7,2184
28.5,5,12,8,2191
28.5,5,12,9,2198
28.5,5,12,10,2205
28.5,5,12,11,2211
28.5,5,12,12,2218
28.5,5,12,13,2225
28.5,5,12,14,2231
28.5,5,12,15,2238
28.5,5,13,0,2143
28.5,5,13,1,2150
28.5,5,13,2,2157
28.5,5,13,3,2164
28.5,5,13,4,2171
28.5,5,13,5,2178
28.5,5,13,6,2184
28.5,5,13,7,2191
28.5,5,13,8,2198
28.5,5,13,9,2205
28.5,5,13,10,2211
28.5,5,13,11,2218
28.5,5,13,12,2225
28.5,5,13,13,2231
28.5,5,13,14,2238
28.5,5,13,15,2245
28.5,5,14,0,2150
28.5,5,14,1,2157
28.5,5,14,2,2164
28.5,5,14,3,2171
28.5,5,14,4,2178
28.5,5,14,5,2184
28.5,5,14,6,2191
28.5,5,14,7,2198
28.5,5,14,8,2205
28.5,5,14,9,2211
28.5,5,14,10,2218
28.5,5,14,11,2225
28.5,5,14,12,2232
28.5,5,14,13,2238
28.5,5,14,14,2245
28.5,5,14,15,2252
28.5,5,15,0,2157
28.5,5,15,1,2163
28.5,5,15,2,2170
28.5,5,15,3,2177
28.5,5,15,4,2184
28.5,5,15,5,2191
28.5,5,15,6,2198
28.5,5,15,7,2205
28.5,5,15,8,2211
28.5,5,15,9,2218
28.5,5,15,10,2225
28.5,5,15,11,2232
28.5,5,15,12,2238
28.5,5,15,13,2245
28.5,5,15,14,2252
28.5,5,15,15,2258
28.5,6,0,0,2063
28.5,6,0,1,2070
28.5,6,0,2,2077
28.5,6,0,3,2083
28.5,6,0,4,2090
28.5,6,0,5,2096
28.5,6,0,6,2103
28.5,6,0,7,2109
28.5,6,0,8,2116
28.5,6,0,9,2122
28.5,6,0,10,2129
28.5,6,0,11,2135
28.5,6,0,12,2142
28.5,6,0,13,2148
28.5,6,0,14,2154
28.5,6,0,15,2161
28.5,6,1,0,2070
28.5,6,1,1,2077
28.5,6,1,2,2083
28.5,6,1,3,2090
28.5,6,1,4,2097
28.5,6,1,5,2103
28.5,6,1,6,2110
28.5,6,1,7,2116
28.5,6,1,8,2123
28.5,6,1,9,2129
28.5,6,1,10,2136
28.5,6,1,11,2142
28.5,6,1,12,2149
28.5,6,1,13,2155
28.5,6,1,14,2162
28.5,6,1,15,2168
28.5,6,2,0,2077
28.5,6,2,1,2084
28.5,6,2,2,2090
28.5,6,2,3,2097
28.5,6,2,4,2104
28.5,6,2,5,2110
28.5,6,2,6,2117
28.5,6,2,7,2123
28.5,6,2,8,2130
28.5,6,2,9,2137
28.5,6,2,10,2143
28.5,6,2,11,2150
28.5,6,2,12,2156
28.5,6,2,13,2162
28.5,6,2,14,2169
28.5,6,2,15,2175
28.5,6,3,0,2084
28.5,6,3,1,2091
28.5,6,3,2,2097
28.5,6,3,3,2104
28.5,6,3,4,2111
28.5,6,3,5,2117
28.5,6,3,6,2124
28.5,6,3,7,2130
28.5,6,3,8,2137
28.5,6,3,9,2144
28.5,6,3,10,2150
28.5,6,3,11,2157
28.5,6,3,12,2163
28.5,6,3,13,2170
28.5,6,3,14,2176
28.5,6,3,15,2182
28.5,6,4,0,2091
28.5,6,4,1,2097
28.5,6,4,2,2104
28.5,6,4,3,2111
28.5,6,4,4,2118
28.5,6,4,5,2124
28.5,6,4,6,2131
28.5,6,4,7,2137
28.5,6,4,8,2144
28.5,6,4,9,2151
28.5,6,4,10,2157
28.5,6,4,11,2164
28.5,6,4,12,2170
28.5,6,4,13,2177
28.5,6,4,14,2183
28.5,6,4,15,2190
28.5,6,5,0,2098
28.5,6,5,1,2104
28.5,6,5,2,2111
28.5,6,5,3,2118
28.5,6,5,4,2124
28.5,6,5,5,2131
28.5,6,5,6,2138
28.5,6,5,7,2144
28.5,6,5,8,2151
28.5,6,5,9,2158
28.5,6,5,10,2164
28.5,6,5,11,2171
28.5,6,5,12,2177
28.5,6,5,13,2184
28.5,6,5,14,2190
28.5,6,5,15,2197
28.5,6,6,0,2104
28.5,6,6,1,2111
28.5,6,6,2,2118
28.5,6,6,3,2125
28.5,6,6,4,2131
28.5,6,6,5,2138
28.5,6,6,6,2145
28.5,6,6,7,2151
28.5,6,6,8,2158
28.5,6,6,9,2165
28.5,6,6,10,2171
28.5,6,6,11,2178
28.5,6,6,12,2184
28.5,6,6,13,2191
28.5,6,6,14,2197
28.5,6,6,15,2204
28.5,6,7,0,2111
28.5,6,7,1,2118
28.5,6,7,2,2125
28.5,6,7,3,2131
28.5,6,7,4,2138
28.5,6,7,5,2145
28.5,6,7,6,2152
28.5,6,7,7,2158
28.5,6,7,8,2165
28.5,6,7,9,2172
28.5,6,7,10,2178
28.5,6,7,11,2185
28.5,6,7,12,2191
28.5,6,7,13,2198
28.5,6,7,14,2204
28.5,6,7,15,2211
28.5,6,8,0,2118
28.5,6,8,1,2125
28.5,6,8,2,2132
28.5,6,8,3,2138
28.5,6,8,4,2145
28.5,6,8,5,2152
28.5,6,8,6,2159
28.5,6,8,7,2165
28.5,6,8,8,2172
28.5,6,8,9,2179
28.5,6,8,10,2185
28.5,6,8,11,2192
28.5,6,8,12,2198
28.5,6,8,13,2205
28.5,6,8,14,2212
28.5,6,8,15,2218
28.5,6,9,0,2125
28.5,6,9,1,2131
28.5,6,9,2,2138
28.5,6,9,3,2145
28.5,6,9,4,2152
28.5,6,9,5,2159
28.5,6,9,6,2165
28.5,6,9,7,2172
28.5,6,9,8,2179
28.5,6,9,9,2185
28.5,6,9,10,2192
28.5,6,9,11,2199
28.5,6,9,12,2205
28.5,6,9,13,2212
28.5,6,9,14,2219
28.5,6,9,15,2225
28.5,6,10,0,2131
28.5,6,10,1,2138
28.5,6,10,2,2145
28.5,6,10,3,2152
28.5,6,10,4,2159
28.5,6,10,5,2165
28.5,6,10,6,2172
28.5,6,10,7,2179
28.5,6,10,8,2186
28.5,6,10,9,2192
28.5,6,10,10,2199
28.5,6,10,11,2206
28.5,6,10,12,2212
28.5,6,10,13,2219
28.5,6,10,14,2226
28.5,6,10,15,2232
28.5,6,11,0,2138
28.5,6,11,1,2145
28.5,6,11,2,2152
28.5,6,11,3,2159
28.5,6,11,4,2165
28.5,6,11,5,2172
28.5,6,11,6,2179
28.5,6,11,7,2186
28.5,6,11,8,2193
28.5,6,11,9,2199
28.5,6,11,10,2206
28.5,6,11,11,2213
28.5,6,11,12,2219
28.5,6,11,13,2226
28.5,6,11,14,2233
28.5,6,11,15,2239
28.5,6,12,0,2145
28.5,6,12,1,2152
28.5,6,12,2,2159
28.5,6,12,3,2165
28.5,6,12,4,2172
28.5,6,12,5,2179
28.5,6,12,6,2186
28.5,6,12,7,2193
28.5,6,12,8,2199
28.5,6,12,9,2206
28.5,6,12,10,2213
28.5,6,12,11,2220
28.5,6,12,12,2226
28.5,6,12,13,2233
28.5,6,12,14,2240
28.5,6,12,15,2246
28.5,6,13,0,2151
28.5,6,13,1,2158
28.5,6,13,2,2165
28.5,6,13,3,2172
28.5,6,13,4,2179
28.5,6,13,5,2186
28.5,6,13,6,2193
28.5,6,13,7,2199
28.5,6,13,8,2206
28.5,6,13,9,2213
28.5,6,13,10,2220
28.5,6,13,11,2226
28.5,6,13,12,2233
28.5,6,13,13,2240
28.5,6,13,14,2246
28.5,6,13,15,2253
28.5,6,14,0,2158
28.5,6,14,1,2165
28.5,6,14,2,2172
28.5,6,14,3,2179
28.5,6,14,4,2186
28.5,6,14,5,2193
28.5,6,14,6,2199
28.5,6,14,7,2206
28.5,6,14,8,2213
28.5,6,14,9,2220
28.5,6,14,10,2227
28.5,6,14,11,2233
28.5,6,14,12,2240
28.5,6,14,13,2247
28.5,6,14,14,2253
28.5,6,14,15,2260
28.5,6,15,0,2165
28.5,6,15,1,2172
28.5,6,15,2,2179
28.5,6,15,3,2185
28.5,6,15,4,2192
28.5,6,15,5,2199
28.5,6,15,6,2206
28.5,6,15,7,2213
28.5,6,15,8,2220
28.5,6,15,9,2227
28.5,6,15,10,2233
28.5,6,15,11,2240
28.5,6,15,12,2247
28.5,6,15,13,2254
28.5,6,15,14,2260
28.5,6,15,15,2267
28.5,7,0,0,2071
28.5,7,0,1,2078
28.5,7,0,2,2084
28.5,7,0,3,2091
28.5,7,0,4,2098
28.5,7,0,5,2104
28.5,7,0,6,2111
28.5,7,0,7,2117
28.5,7,0,8,2124
28.5,7,0,9,2130
28.5,7,0,10,2137
28.5,7,0,11,2143
28.5,7,0,12,2150
28.5,7,0,13,2156
28.5,7,0,14,2162
28.5,7,0,15,2169
28.5,7,1,0,2078
28.5,7,1,1,2085
28.5,7,1,2,2091
28.5,7,1,3,2098
28.5,7,1,4,2105
28.5,7,1,5,2111
28.5,7,1,6,2118
28.5,7,1,7,2124
28.5,7,1,8,2131
28.5,7,1,9,2137
28.5,7,1,10,2144
28.5,7,1,11,2150
28.5,7,1,12,2157
28.5,7,1,13,2163
28.5,7,1,14,2170
28.5,7,1,15,2176
28.5,7,2,0,2085
28.5,7,2,1,2092
28.5,7,2,2,2098
28.5,7,2,3,2105
28.5,7,2,4,2112
28.5,7,2,5,2118
28.5,7,2,6,2125
28.5,7,2,7,2131
28.5,7,2,8,2138
28.5,7,2,9,2145
28.5,7,2,10,2151
28.5,7,2,11,2158
28.5,7,2,12,2164
28.5,7,2,13,2171
28.5,7,2,14,2177
28.5,7,2,15,2183
28.5,7,3,0,2092
28.5,7,3,1,2098
28.5,7,3,2,2105
28.5,7,3,3,2112
28.5,7,3,4,2119
28.5,7,3,5,2125
28.5,7,3,6,2132
28.5,7,3,7,2138
28.5,7,3,8,2145
28.5,7,3,9,2152
28.5,7,3,10,2158
28.5,7,3,11,2165
28.5,7,3,12,2171
28.5,7,3,13,2178
28.5,7,3,14,2184
28.5,7,3,15,2191
28.5,7,4,0,2099
28.5,7,4,1,2105
28.5,7,4,2,2112
28.5,7,4,3,2119
28.5,7,4,4,2126
28.5,7,4,5,2132
28.5,7,4,6,2139
28.5,7,4,7,2145
28.5,7,4,8,2152
28.5,7,4,9,2159
28.5,7,4,10,2165
28.5,7,4,11,2172
28.5,7,4,12,2178
28.5,7,4,13,2185
28.5,7,4,14,2191
28.5,7,4,15,2198
28.5,7,5,0,2105
28.5,7,5,1,2112
28.5,7,5,2,2119
28.5,7,5,3,2126
28.5,7,5,4,2132
28.5,7,5,5,2139
28.5,7,5,6,2146
28.5,7,5,7,2152
28.5,7,5,8,2159
28.5,7,5,9,2166
28.5,7,5,10,2172
28.5,7,5,11,2179
28.5,7,5,12,2185
28.5,7,5,13,2192
28.5,7,5,14,2198
28.5,7,5,15,2205
28.5,7,6,0,2112
28.5,7,6,1,2119
28.5,7,6,2,2126
28.5,7,6,3,2133
28.5,7,6,4,2139
28.5,7,6,5,2146
28.5,7,6,6,2153
28.5,7,6,7,2159
28.5,7,6,8,2166
28.5,7,6,9,2173
28.5,7,6,10,2179
28.5,7,6,11,2186
28.5,7,6,12,2193
28.5,7,6,13,2199
28.5,7,6,14,2206
28.5,7,6,15,2212
28.5,7,7,0,2119
28.5,7,7,1,2126
28.5,7,7,2,2133
28.5,7,7,3,2139
28.5,7,7,4,2146
28.5,7,7,5,2153
28.5,7,7,6,2160
28.5,7,7,7,2166
28.5,7,7,8,2173
28.5,7,7,9,2180
28.5,7,7,10,2186
28.5,7,7,11,2193
28.5,7,7,12,2200
28.5,7,7,13,2206
28.5,7,7,14,2213
28.5,7,7,15,2219
28.5,7,8,0,2126
28.5,7,8,1,2133
28.5,7,8,2,2140
28.5,7,8,3,2146
28.5,7,8,4,2153
28.5,7,8,5,2160
28.5,7,8,6,2167
28.5,7,8,7,2173
28.5,7,8,8,2180
28.5,7,8,9,2187
28.5,7,8,10,2193
28.5,7,8,11,2200
28.5,7,8,12,2207
28.5,7,8,13,2213
28.5,7,8,14,2220
28.5,7,8,15,2226
28.5,7,9,0,2133
28.5,7,9,1,2139
28.5,7,9,2,2146
28.5,7,9,3,2153
28.5,7,9,4,2160
28.5,7,9,5,2167
28.5,7,9,6,2174
28.5,7,9,7,2180
28.5,7,9,8,2187
28.5,7,9,9,2194
28.5,7,9,10,2200
28.5,7,9,11,2207
28.5,7,9,12,2214
28.5,7,9,13,2220
28.5,7,9,14,2227
28.5,7,9,15,2233
28.5,7,10,0,2139
28.5,7,10,1,2146
28.5,7,10,2,2153
28.5,7,10,3,2160
28.5,7,10,4,2167
28.5,7,10,5,2174
28.5,7,10,6,2180
28.5,7,10,7,2187
28.5,7,10,8,2194
28.5,7,10,9,2201
28.5,7,10,10,2207
28.5,7,10,11,2214
28.5,7,10,12,2221
28.5,7,10,13,2227
28.5,7,10,14,2234
28.5,7,10,15,2241
28.5,7,11,0,2146
28.5,7,11,1,2153
28.5,7,11,2,2160
28.5,7,11,3,2167
28.5,7,11,4,2174
28.5,7,11,5,2180
28.5,7,11,6,2187
28.5,7,11,7,2194
28.5,7,11,8,2201
28.5,7,11,9,2208
28.5,7,11,10,2214
28.5,7,11,11,2221
28.5,7,11,12,2228
28.5,7,11,13,2234
28.5,7,11,14,2241
28.5,7,11,15,2248
28.5,7,12,0,2153
28.5,7,12,1,2160
28.5,7,12,2,2167
28.5,7,12,3,2174
28.5,7,12,4,2180
28.5,7,12,5,2187
28.5,7,12,6,2194
28.5,7,12,7,2201
28.5,7,12,8,2208
28.5,7,12,9,2214
28.5,7,12,10,2221
28.5,7,12,11,2228
28.5,7,12,12,2235
28.5,7,12,13,2241
28.5,7,12,14,2248
28.5,7,12,15,2255
28.5,7,13,0,2159
28.5,7,13,1,2166
28.5,7,13,2,2173
28.5,7,13,3,2180
28.5,7,13,4,2187
28.5,7,13,5,2194
28.5,7,13,6,2201
28.5,7,13,7,2208
28.5,7,13,8,2214
28.5,7,13,9,2221
28.5,7,13,10,2228
28.5,7,13,11,2235
28.5,7,13,12,2241
28.5,7,13,13,2248
28.5,7,13,14,2255
28.5,7,13,15,2262
28.5,7,14,0,2166
28.5,7,14,1,2173
28.5,7,14,2,2180
28.5,7,14,3,2187
28.5,7,14,4,2194
28.5,7,14,5,2201
28.5,7,14,6,2208
28.5,7,14,7,2214
28.5,7,14,8,2221
28.5,7,14,9,2228
28.5,7,14,10,2235
28.5,7,14,11,2242
28.5,7,14,12,2248
28.5,7,14,13,2255
28.5,7,14,14,2262
28.5,7,14,15,2269
28.5,7,15,0,2173
28.5,7,15,1,2180
28.5,7,15,2,2187
28.5,7,15,3,2194
28.5,7,15,4,2201
28.5,7,15,5,2208
28.5,7,15,6,2214
28.5,7,15,7,2221
28.5,7,15,8,2228
28.5,7,15,9,2235
28.5,7,15,10,2242
28.5,7,15,11,2249
28.5,7,15,12,2255
28.5,7,15,13,2262
28.5,7,15,14,2269
28.5,7,15,15,2275
28.5,8,0,0,2079
28.5,8,0,1,2085
28.5,8,0,2,2092
28.5,8,0,3,2099
28.5,8,0,4,2105
28.5,8,0,5,2112
28.5,8,0,6,2119
28.5,8,0,7,2125
28.5,8,0,8,2132
28.5,8,0,9,2138
28.5,8,0,10,2145
28.5,8,0,11,2151
28.5,8,0,12,2158
28.5,8,0,13,2164
28.5,8,0,14,2171
28.5,8,0,15,2177
28.5,8,1,0,2086
28.5,8,1,1,2092
28.5,8,1,2,2099
28.5,8,1,3,2106
28.5,8,1,4,2112
28.5,8,1,5,2119
28.5,8,1,6,2126
28.5,8,1,7,2132
28.5,8,1,8,2139
28.5,8,1,9,2145
28.5,8,1,10,2152
28.5,8,1,11,2158
28.5,8,1,12,2165
28.5,8,1,13,2171
28.5,8,1,14,2178
28.5,8,1,15,2184
28.5,8,2,0,2093
28.5,8,2,1,2099
28.5,8,2,2,2106
28.5,8,2,3,2113
28.5,8,2,4,2119
28.5,8,2,5,2126
28.5,8,2,6,2133
28.5,8,2,7,2139
28.5,8,2,8,2146
28.5,8,2,9,2153
28.5,8,2,10,2159
28.5,8,2,11,2166
28.5,8,2,12,2172
28.5,8,2,13,2179
28.5,8,2,14,2185
28.5,8,2,15,2192
28.5,8,3,0,2100
28.5,8,3,1,2106
28.5,8,3,2,2113
28.5,8,3,3,2120
28.5,8,3,4,2126
28.5,8,3,5,2133
28.5,8,3,6,2140
28.5,8,3,7,2146
28.5,8,3,8,2153
28.5,8,3,9,2160
28.5,8,3,10,2166
28.5,8,3,11,2173
28.5,8,3,12,2179
28.5,8,3,13,2186
28.5,8,3,14,2192
28.5,8,3,15,2199
28.5,8,4,0,2106
28.5,8,4,1,2113
28.5,8,4,2,2120
28.5,8,4,3,2127
28.5,8,4,4,2133
28.5,8,4,5,2140
28.5,8,4,6,2147
28.5,8,4,7,2153
28.5,8,4,8,2160
28.5,8,4,9,2167
28.5,8,4,10,2173
28.5,8,4,11,2180
28.5,8,4,12,2186
28.5,8,4,13,2193
28.5,8,4,14,2200
28.5,8,4,15,2206
28.5,8,5,0,2113
28.5,8,5,1,2120
28.5,8,5,2,2127
28.5,8,5,3,2134
28.5,8,5,4,2140
28.5,8,5,5,2147
28.5,8,5,6,2154
28.5,8,5,7,2161
28.5,8,5,8,2167
28.5,8,5,9,2174
28.5,8,5,10,2180
28.5,8,5,11,2187
28.5,8,5,12,2194
28.5,8,5,13,2200
28.5,8,5,14,2207
28.5,8,5,15,2213
28.5,8,6,0,2120
28.5,8,6,1,2127
28.5,8,6,2,2134
28.5,8,6,3,2141
28.5,8,6,4,2147
28.5,8,6,5,2154
28.5,8,6,6,2161
28.5,8,6,7,2168
28.5,8,6,8,2174
28.5,8,6,9,2181
28.5,8,6,10,2187
28.5,8,6,11,2194
28.5,8,6,12,2201
28.5,8,6,13,2207
28.5,8,6,14,2214
28.5,8,6,15,2220
28.5,8,7,0,2127
28.5,8,7,1,2134
28.5,8,7,2,2141
28.5,8,7,3,2147
28.5,8,7,4,2154
28.5,8,7,5,2161
28.5,8,7,6,2168
28.5,8,7,7,2174
28.5,8,7,8,2181
28.5,8,7,9,2188
28.5,8,7,10,2195
28.5,8,7,11,2201
28.5,8,7,12,2208
28.5,8,7,13,2214
28.5,8,7,14,2221
28.5,8,7,15,2228
28.5,8,8,0,2134
28.5,8,8,1,2141
28.5,8,8,2,2148
28.5,8,8,3,2154
28.5,8,8,4,2161
28.5,8,8,5,2168
28.5,8,8,6,2175
28.5,8,8,7,2181
28.5,8,8,8,2188
28.5,8,8,9,2195
28.5,8,8,10,2202
28.5,8,8,11,2208
28.5,8,8,12,2215
28.5,8,8,13,2221
28.5,8,8,14,2228
28.5,8,8,15,2235
28.5,8,9,0,2141
28.5,8,9,1,2147
28.5,8,9,2,2154
28.5,8,9,3,2161
28.5,8,9,4,2168
28.5,8,9,5,2175
28.5,8,9,6,2182
28.5,8,9,7,2188
28.5,8,9,8,2195
28.5,8,9,9,2202
28.5,8,9,10,2209
28.5,8,9,11,2215
28.5,8,9,12,2222
28.5,8,9,13,2229
28.5,8,9,14,2235
28.5,8,9,15,2242
28.5,8,10,0,2147
28.5,8,10,1,2154
28.5,8,10,2,2161
28.5,8,10,3,2168
28.5,8,10,4,2175
28.5,8,10,5,2182
28.5,8,10,6,2189
28.5,8,10,7,2195
28.5,8,10,8,2202
28.5,8,10,9,2209
28.5,8,10,10,2216
28.5,8,10,11,2222
28.5,8,10,12,2229
28.5,8,10,13,2236
28.5,8,10,14,2242
28.5,8,10,15,2249
28.5,8,11,0,2154
28.5,8,11,1,2161
28.5,8,11,2,2168
28.5,8,11,3,2175
28.5,8,11,4,2182
28.5,8,11,5,2189
28.5,8,11,6,2195
28.5,8,11,7,2202
28.5,8,11,8,2209
28.5,8,11,9,2216
28.5,8,11,10,2222
28.5,8,11,11,2229
28.5,8,11,12,2236
28.5,8,11,13,2243
28.5,8,11,14,2249
28.5,8,11,15,2256
28.5,8,12,0,2161
28.5,8,12,1,2168
28.5,8,12,2,2175
28.5,8,12,3,2182
28.5,8,12,4,2189
28.5,8,12,5,2195
28.5,8,12,6,2202
28.5,8,12,7,2209
28.5,8,12,8,2216
28.5,8,12,9,2223
28.5,8,12,10,2229
28.5,8,12,11,2236
28.5,8,12,12,2243
28.5,8,12,13,2250
28.5,8,12,14,2256
28.5,8,12,15,2263
28.5,8,13,0,2168
28.5,8,13,1,2174
28.5,8,13,2,2181
28.5,8,13,3,2188
28.5,8,13,4,2195
28.5,8,13,5,2202
28.5,8,13,6,2209
28.5,8,13,7,2216
28.5,8,13,8,2223
28.5,8,13,9,2230
28.5,8,13,10,2236
28.5,8,13,11,2243
28.5,8,13,12,2250
28.5,8,13,13,2257
28.5,8,13,14,2263
28.5,8,13,15,2270
28.5,8,14,0,2174
28.5,8,14,1,2181
28.5,8,14,2,2188
28.5,8,14,3,2195
28.5,8,14,4,2202
28.5,8,14,5,2209
28.5,8,14,6,2216
28.5,8,14,7,2223
28.5,8,14,8,2230
28.5,8,14,9,2236
28.5,8,14,10,2243
28.5,8,14,11,2250
28.5,8,14,12,2257
28.5,8,14,13,2264
28.5,8,14,14,2270
28.5,8,14,15,2277
28.5,8,15,0,2181
28.5,8,15,1,2188
28.5,8,15,2,2195
28.5,8,15,3,2202
28.5,8,15,4,2209
28.5,8,15,5,2216
28.5,8,15,6,2223
28.5,8,15,7,2230
28.5,8,15,8,2236
28.5,8,15,9,2243
28.5,8,15,10,2250
28.5,8,15,11,2257
28.5,8,15,12,2264
28.5,8,15,13,2270
28.5,8,15,14,2277
28.5,8,15,15,2284
28.5,9,0,0,2086
28.5,9,0,1,2093
28.5,9,0,2,2100
28.5,9,0,3,2107
28.5,9,0,4,2113
28.5,9,0,5,2120
28.5,9,0,6,2126
28.5,9,0,7,2133
28.5,9,0,8,2140
28.5,9,0,9,2146
28.5,9,0,10,2153
28.5,9,0,11,2159
28.5,9,0,12,2166
28.5,9,0,13,2172
28.5,9,0,14,2179
28.5,9,0,15,2185
28.5,9,1,0,2093
28.5,9,1,1,2100
28.5,9,1,2,2107
28.5,9,1,3,2114
28.5,9,1,4,2120
28.5,9,1,5,2127
28.5,9,1,6,2134
28.5,9,1,7,2140
28.5,9,1,8,2147
28.5,9,1,9,2153
28.5,9,1,10,2160
28.5,9,1,11,2166
28.5,9,1,12,2173
28.5,9,1,13,2179
28.5,9,1,14,2186
28.5,9,1,15,2192
28.5,9,2,0,2100
28.5,9,2,1,2107
28.5,9,2,2,2114
28.5,9,2,3,2121
28.5,9,2,4,2127
28.5,9,2,5,2134
28.5,9,2,6,2141
28.5,9,2,7,2147
28.5,9,2,8,2154
28.5,9,2,9,2161
28.5,9,2,10,2167
28.5,9,2,11,2174
28.5,9,2,12,2180
28.5,9,2,13,2187
28.5,9,2,14,2193
28.5,9,2,15,2200
28.5,9,3,0,2107
28.5,9,3,1,2114
28.5,9,3,2,2121
28.5,9,3,3,2128
28.5,9,3,4,2134
28.5,9,3,5,2141
28.5,9,3,6,2148
28.5,9,3,7,2154
28.5,9,3,8,2161
28.5,9,3,9,2168
28.5,9,3,10,2174
28.5,9,3,11,2181
28.5,9,3,12,2187
28.5,9,3,13,2194
28.5,9,3,14,2200
28.5,9,3,15,2207
28.5,9,4,0,2114
28.5,9,4,1,2121
28.5,9,4,2,2128
28.5,9,4,3,2135
28.5,9,4,4,2141
28.5,9,4,5,2148
28.5,9,4,6,2155
28.5,9,4,7,2161
28.5,9,4,8,2168
28.5,9,4,9,2175
28.5,9,4,10,2181
28.5,9,4,11,2188
28.5,9,4,12,2195
28.5,9,4,13,2201
28.5,9,4,14,2208
28.5,9,4,15,2214
28.5,9,5,0,2121
28.5,9,5,1,2128
28.5,9,5,2,2135
28.5,9,5,3,2142
28.5,9,5,4,2148
28.5,9,5,5,2155
28.5,9,5,6,2162
28.5,9,5,7,2169
28.5,9,5,8,2175
28.5,9,5,9,2182
28.5,9,5,10,2189
28.5,9,5,11,2195
28.5,9,5,12,2202
28.5,9,5,13,2208
28.5,9,5,14,2215
28.5,9,5,15,2221
28.5,9,6,0,2128
28.5,9,6,1,2135
28.5,9,6,2,2142
28.5,9,6,3,2149
28.5,9,6,4,2155
28.5,9,6,5,2162
28.5,9,6,6,2169
28.5,9,6,7,2176
28.5,9,6,8,2182
28.5,9,6,9,2189
28.5,9,6,10,2196
28.5,9,6,11,2202
28.5,9,6,12,2209
28.5,9,6,13,2215
28.5,9,6,14,2222
28.5,9,6,15,2229
28.5,9,7,0,2135
28.5,9,7,1,2142
28.5,9,7,2,2149
28.5,9,7,3,2155
28.5,9,7,4,2162
28.5,9,7,5,2169
28.5,9,7,6,2176
28.5,9,7,7,2183
28.5,9,7,8,2189
28.5,9,7,9,2196
28.5,9,7,10,2203
28.5,9,7,11,2209
28.5,9,7,12,2216
28.5,9,7,13,2223
28.5,9,7,14,2229
28.5,9,7,15,2236
28.5,9,8,0,2142
28.5,9,8,1,2149
28.5,9,8,2,2155
28.5,9,8,3,2162
28.5,9,8,4,2169
28.5,9,8,5,2176
28.5,9,8,6,2183
28.5,9,8,7,2190
28.5,9,8,8,2196
28.5,9,8,9,2203
28.5,9,8,10,2210
28.5,9,8,11,2216
28.5,9,8,12,2223
28.5,9,8,13,2230
28.5,9,8,14,2236
28.5,9,8,15,2243
28.5,9,9,0,2149
28.5,9,9,1,2155
28.5,9,9,2,2162
28.5,9,9,3,2169
28.5,9,9,4,2176
28.5,9,9,5,2183
28.5,9,9,6,2190
28.5,9,9,7,2197
28.5,9,9,8,2203
28.5,9,9,9,2210
28.5,9,9,10,2217
28.5,9,9,11,2223
28.5,9,9,12,2230
28.5,9,9,13,2237
28.5,9,9,14,2243
28.5,9,9,15,2250
28.5,9,10,0,2155
28.5,9,10,1,2162
28.5,9,10,2,2169
28.5,9,10,3,2176
28.5,9,10,4,2183
28.5,9,10,5,2190
28.5,9,10,6,2197
28.5,9,10,7,2203
28.5,9,10,8,2210
28.5,9,10,9,2217
28.5,9,10,10,2224
28.5,9,10,11,2231
28.5,9,10,12,2237
28.5,9,10,13,2244
28.5,9,10,14,2251
28.5,9,10,15,2257
28.5,9,11,0,2162
28.5,9,11,1,2169
28.5,9,11,2,2176
28.5,9,11,3,2183
28.5,9,11,4,2190
28.5,9,11,5,2197
28.5,9,11,6,2204
28.5,9,11,7,2210
28.5,9,11,8,2217
28.5,9,11,9,2224
28.5,9,11,10,2231
28.5,9,11,11,2238
28.5,9,11,12,2244
28.5,9,11,13,2251
28.5,9,11,14,2258
28.5,9,11,15,2264
28.5,9,12,0,2169
28.5,9,12,1,2176
28.5,9,12,2,2183
28.5,9,12,3,2190
28.5,9,12,4,2197
28.5,9,12,5,2204
28.5,9,12,6,2210
28.5,9,12,7,2217
28.5,9,12,8,2224
28.5,9,12,9,2231
28.5,9,12,10,2238
28.5,9,12,11,2244
28.5,9,12,12,2251
28.5,9,12,13,2258
28.5,9,12,14,2265
28.5,9,12,15,2271
28.5,9,13,0,2176
28.5,9,13,1,2183
28.5,9,13,2,2190
28.5,9,13,3,2197
28.5,9,13,4,2203
28.5,9,13,5,2210
28.5,9,13,6,2217
28.5,9,13,7,2224
28.5,9,13,8,2231
28.5,9,13,9,2238
28.5,9,13,10,2245
28.5,9,13,11,2251
28.5,9,13,12,2258
28.5,9,13,13,2265
28.5,9,13,14,2272
28.5,9,13,15,2278
28.5,9,14,0,2182
28.5,9,14,1,2189
28.5,9,14,2,2196
28.5,9,14,3,2203
28.5,9,14,4,2210
28.5,9,14,5,2217
28.5,9,14,6,2224
28.5,9,14,7,2231
28.5,9,14,8,2238
28.5,9,14,9,2245
28.5,9,14,10,2252
28.5,9,14,11,2258
28.5,9,14,12,2265
28.5,9,14,13,2272
28.5,9,14,14,2279
28.5,9,14,15,2285
28.5,9,15,0,2189
28.5,9,15,1,2196
28.5,9,15,2,2203
28.5,9,15,3,2210
28.5,9,15,4,2217
28.5,9,15,5,2224
28.5,9,15,6,2231
28.5,9,15,7,2238
28.5,9,15,8,2245
28.5,9,15,9,2252
28.5,9,15,10,2258
28.5,9,15,11,2265
28.5,9,15,12,2272
28.5,9,15,13,2279
28.5,9,15,14,2286
28.5,9,15,15,2292
28.5,10,0,0,2094
28.5,10,0,1,2101
28.5,10,0,2,2108
28.5,10,0,3,2114
28.5,10,0,4,2121
28.5,10,0,5,2128
28.5,10,0,6,2134
28.5,10,0,7,2141
28.5,10,0,8,2148
28.5,10,0,9,2154
28.5,10,0,10,2161
28.5,10,0,11,2167
28.5,10,0,12,2174
28.5,10,0,13,2180
28.5,10,0,14,2187
28.5,10,0,15,2193
28.5,10,1,0,2101
28.5,10,1,1,2108
28.5,10,1,2,2115
28.5,10,1,3,2121
28.5,10,1,4,2128
28.5,10,1,5,2135
28.5,10,1,6,2141
28.5,10,1,7,2148
28.5,10,1,8,2155
28.5,10,1,9,2161
28.5,10,1,10,2168
28.5,10,1,11,2174
28.5,10,1,12,2181
28.5,10,1,13,2188
28.5,10,1,14,2194
28.5,10,1,15,2201
28.5,10,2,0,2108
28.5,10,2,1,2115
28.5,10,2,2,2122
28.5,10,2,3,2128
28.5,10,2,4,2135
28.5,10,2,5,2142
28.5,10,2,6,2149
28.5,10,2,7,2155
28.5,10,2,8,2162
28.5,10,2,9,2169
28.5,10,2,10,2175
28.5,10,2,11,2182
28.5,10,2,12,2188
28.5,10,2,13,2195
28.5,10,2,14,2201
28.5,10,2,15,2208
28.5,10,3,0,2115
28.5,10,3,1,2122
28.5,10,3,2,2129
28.5,10,3,3,2136
28.5,10,3,4,2142
28.5,10,3,5,2149
28.5,10,3,6,2156
28.5,10,3,7,2162
28.5,10,3,8,2169
28.5,10,3,9,2176
28.5,10,3,10,2182
28.5,10,3,11,2189
28.5,10,3,12,2196
28.5,10,3,13,2202
28.5,10,3,14,2209
28.5,10,3,15,2215
28.5,10,4,0,2122
28.5,10,4,1,2129
28.5,10,4,2,2136
28.5,10,4,3,2143
28.5,10,4,4,2149
28.5,10,4,5,2156
28.5,10,4,6,2163
28.5,10,4,7,2169
28.5,10,4,8,2176
28.5,10,4,9,2183
28.5,10,4,10,2189
28.5,10,4,11,2196
28.5,10,4,12,2203
28.5,10,4,13,2209
28.5,10,4,14,2216
28.5,10,4,15,2222
28.5,10,5,0,2129
28.5,10,5,1,2136
28.5,10,5,2,2143
28.5,10,5,3,2150
28.5,10,5,4,2156
28.5,10,5,5,2163
28.5,10,5,6,2170
28.5,10,5,7,2177
28.5,10,5,8,2183
28.5,10,5,9,2190
28.5,10,5,10,2197
28.5,10,5,11,2203
28.5,10,5,12,2210
28.5,10,5,13,2217
28.5,10,5,14,2223
28.5,10,5,15,2230
28.5,10,6,0,2136
28.5,10,6,1,2143
28.5,10,6,2,2150
28.5,10,6,3,2156
28.5,10,6,4,2163
28.5,10,6,5,2170
28.5,10,6,6,2177
28.5,10,6,7,2184
28.5,10,6,8,2190
28.5,10,6,9,2197
28.5,10,6,10,2204
28.5,10,6,11,2210
28.5,10,6,12,2217
28.5,10,6,13,2224
28.5,10,6,14,2230
28.5,10,6,15,2237
28.5,10,7,0,2143
28.5,10,7,1,2150
28.5,10,7,2,2157
28.5,10,7,3,2163
28.5,10,7,4,2170
28.5,10,7,5,2177
28.5,10,7,6,2184
28.5,10,7,7,2191
28.5,10,7,8,2197
28.5,10,7,9,2204
28.5,10,7,10,2211
28.5,10,7,11,2218
28.5,10,7,12,2224
28.5,10,7,13,2231
28.5,10,7,14,2237
28.5,10,7,15,2244
28.5,10,8,0,2150
28.5,10,8,1,2157
28.5,10,8,2,2163
28.5,10,8,3,2170
28.5,10,8,4,2177
28.5,10,8,5,2184
28.5,10,8,6,2191
28.5,10,8,7,2198
28.5,10,8,8,2204
28.5,10,8,9,2211
28.5,10,8,10,2218
28.5,10,8,11,2225
28.5,10,8,12,2231
28.5,10,8,13,2238
28.5,10,8,14,2245
28.5,10,8,15,2251
28.5,10,9,0,2156
28.5,10,9,1,2163
28.5,10,9,2,2170
28.5,10,9,3,2177
28.5,10,9,4,2184
28.5,10,9,5,2191
28.5,10,9,6,2198
28.5,10,9,7,2205
28.5,10,9,8,2211
28.5,10,9,9,2218
28.5,10,9,10,2225
28.5,10,9,11,2232
28.5,10,9,12,2238
28.5,10,9,13,2245
28.5,10,9,14,2252
28.5,10,9,15,2258
28.5,10,10,0,2163
28.5,10,10,1,2170
28.5,10,10,2,2177
28.5,10,10,3,2184
28.5,10,10,4,2191
28.5,10,10,5,2198
28.5,10,10,6,2205
28.5,10,10,7,2212
28.5,10,10,8,2218
28.5,10,10,9,2225
28.5,10,10,10,2232
28.5,10,10,11,2239
28.5,10,10,12,2246
28.5,10,10,13,2252
28.5,10,10,14,2259
28.5,10,10,15,2266
28.5,10,11,0,2170
28.5,10,11,1,2177
28.5,10,11,2,2184
28.5,10,11,3,2191
28.5,10,11,4,2198
28.5,10,11,5,2205
28.5,10,11,6,2212
28.5,10,11,7,2219
28.5,10,11,8,2225
28.5,10,11,9,2232
28.5,10,11,10,2239
28.5,10,11,11,2246
28.5,10,11,12,2253
28.5,10,11,13,2259
28.5,10,11,14,2266
28.5,10,11,15,2273
28.5,10,12,0,2177
28.5,10,12,1,2184
28.5,10,12,2,2191
28.5,10,12,3,2198
28.5,10,12,4,2205
28.5,10,12,5,2212
28.5,10,12,6,2219
28.5,10,12,7,2225
28.5,10,12,8,2232
28.5,10,12,9,2239
28.5,10,12,10,2246
28.5,10,12,11,2253
28.5,10,12,12,2260
28.5,10,12,13,2266
28.5,10,12,14,2273
28.5,10,12,15,2280
28.5,10,13,0,2184
28.5,10,13,1,2191
28.5,10,13,2,2198
28.5,10,13,3,2205
28.5,10,13,4,2212
28.5,10,13,5,2219
28.5,10,13,6,2225
28.5,10,13,7,2232
28.5,10,13,8,2239
28.5,10,13,9,2246
28.5,10,13,10,2253
28.5,10,13,11,2260
28.5,10,13,12,2267
28.5,10,13,13,2273
28.5,10,13,14,2280
28.5,10,13,15,2287
28.5,10,14,0,2190
28.5,10,14,1,2197
28.5,10,14,2,2204
28.5,10,14,3,2211
28.5,10,14,4,2218
28.5,10,14,5,2225
28.5,10,14,6,2232
28.5,10,14,7,2239
28.5,10,14,8,2246
28.5,10,14,9,2253
28.5,10,14,10,2260
28.5,10,14,11,2267
28.5,10,14,12,2274
28.5,10,14,13,2280
28.5,10,14,14,2287
28.5,10,14,15,2294
28.5,10,15,0,2197
28.5,10,15,1,2204
28.5,10,15,2,2211
28.5,10,15,3,2218
28.5,10,15,4,2225
28.5,10,15,5,2232
28.5,10,15,6,2239
28.5,10,15,7,2246
28.5,10,15,8,2253
28.5,10,15,9,2260
28.5,10,15,10,2267
28.5,10,15,11,2274
28.5,10,15,12,2281
28.5,10,15,13,2287
28.5,10,15,14,2294
28.5,10,15,15,2301
28.5,11,0,0,2102
28.5,11,0,1,2109
28.5,11,0,2,2115
28.5,11,0,3,2122
28.5,11,0,4,2129
28.5,11,0,5,2136
28.5,11,0,6,2142
28.5,11,0,7,2149
28.5,11,0,8,2155
28.5,11,0,9,2162
28.5,11,0,10,2169
28.5,11,0,11,2175
28.5,11,0,12,2182
28.5,11,0,13,2188
28.5,11,0,14,2195
28.5,11,0,15,2201
28.5,11,1,0,2109
28.5,11,1,1,2116
28.5,11,1,2,2122
28.5,11,1,3,2129
28.5,11,1,4,2136
28.5,11,1,5,2143
28.5,11,1,6,2149
28.5,11,1,7,2156
28.5,11,1,8,2163
28.5,11,1,9,2169
28.5,11,1,10,2176
28.5,11,1,11,2182
28.5,11,1,12,2189
28.5,11,1,13,2196
28.5,11,1,14,2202
28.5,11,1,15,2209
28.5,11,2,0,2116
28.5,11,2,1,2123
28.5,11,2,2,2130
28.5,11,2,3,2136
28.5,11,2,4,2143
28.5,11,2,5,2150
28.5,11,2,6,2157
28.5,11,2,7,2163
28.5,11,2,8,2170
28.5,11,2,9,2177
28.5,11,2,10,2183
28.5,11,2,11,2190
28.5,11,2,12,2196
28.5,11,2,13,2203
28.5,11,2,14,2209
28.5,11,2,15,2216
28.5,11,3,0,2123
28.5,11,3,1,2130
28.5,11,3,2,2137
28.5,11,3,3,2143
28.5,11,3,4,2150
28.5,11,3,5,2157
28.5,11,3,6,2164
28.5,11,3,7,2170
28.5,11,3,8,2177
28.5,11,3,9,2184
28.5,11,3,10,2190
28.5,11,3,11,2197
28.5,11,3,12,2204
28.5,11,3,13,2210
28.5,11,3,14,2217
28.5,11,3,15,2223
28.5,11,4,0,2130
28.5,11,4,1,2137
28.5,11,4,2,2144
28.5,11,4,3,2150
28.5,11,4,4,2157
28.5,11,4,5,2164
28.5,11,4,6,2171
28.5,11,4,7,2177
28.5,11,4,8,2184
28.5,11,4,9,2191
28.5,11,4,10,2198
28.5,11,4,11,2204
28.5,11,4,12,2211
28.5,11,4,13,2217
28.5,11,4,14,2224
28.5,11,4,15,2231
28.5,11,5,0,2137
28.5,11,5,1,2144
28.5,11,5,2,2151
28.5,11,5,3,2157
28.5,11,5,4,2164
28.5,11,5,5,2171
28.5,11,5,6,2178
28.5,11,5,7,2185
28.5,11,5,8,2191
28.5,11,5,9,2198
28.5,11,5,10,2205
28.5,11,5,11,2211
28.5,11,5,12,2218
28.5,11,5,13,2225
28.5,11,5,14,2231
28.5,11,5,15,2238
28.5,11,6,0,2144
28.5,11,6,1,2151
28.5,11,6,2,2158
28.5,11,6,3,2164
28.5,11,6,4,2171
28.5,11,6,5,2178
28.5,11,6,6,2185
28.5,11,6,7,2192
28.5,11,6,8,2198
28.5,11,6,9,2205
28.5,11,6,10,2212
28.5,11,6,11,2219
28.5,11,6,12,2225
28.5,11,6,13,2232
28.5,11,6,14,2239
28.5,11,6,15,2245
28.5,11,7,0,2151
28.5,11,7,1,2158
28.5,11,7,2,2165
28.5,11,7,3,2171
28.5,11,7,4,2178
28.5,11,7,5,2185
28.5,11,7,6,2192
28.5,11,7,7,2199
28.5,11,7,8,2206
28.5,11,7,9,2212
28.5,11,7,10,2219
28.5,11,7,11,2226
28.5,11,7,12,2232
28.5,11,7,13,2239
28.5,11,7,14,2246
28.5,11,7,15,2252
28.5,11,8,0,2158
28.5,11,8,1,2165
28.5,11,8,2,2171
28.5,11,8,3,2178
28.5,11,8,4,2185
28.5,11,8,5,2192
28.5,11,8,6,2199
28.5,11,8,7,2206
28.5,11,8,8,2213
28.5,11,8,9,2219
28.5,11,8,10,2226
28.5,11,8,11,2233
28.5,11,8,12,2240
28.5,11,8,13,2246
28.5,11,8,14,2253
28.5,11,8,15,2260
28.5,11,9,0,2164
28.5,11,9,1,2171
28.5,11,9,2,2178
28.5,11,9,3,2185
28.5,11,9,4,2192
28.5,11,9,5,2199
28.5,11,9,6,2206
28.5,11,9,7,2213
28.5,11,9,8,2220
28.5,11,9,9,2226
28.5,11,9,10,2233
28.5,11,9,11,2240
28.5,11,9,12,2247
28.5,11,9,13,2253
28.5,11,9,14,2260
28.5,11,9,15,2267
28.5,11,10,0,2171
28.5,11,10,1,2178
28.5,11,10,2,2185
28.5,11,10,3,2192
28.5,11,10,4,2199
28.5,11,10,5,2206
28.5,11,10,6,2213
28.5,11,10,7,2220
28.5,11,10,8,2227
28.5,11,10,9,2233
28.5,11,10,10,2240
28.5,11,10,11,2247
28.5,11,10,12,2254
28.5,11,10,13,2261
28.5,11,10,14,2267
28.5,11,10,15,2274
28.5,11,11,0,2178
28.5,11,11,1,2185
28.5,11,11,2,2192
28.5,11,11,3,2199
28.5,11,11,4,2206
28.5,11,11,5,2213
28.5,11,11,6,2220
28.5,11,11,7,2227
28.5,11,11,8,2234
28.5,11,11,9,2240
28.5,11,11,10,2247
28.5,11,11,11,2254
28.5,11,11,12,2261
28.5,11,11,13,2268
28.5,11,11,14,2274
28.5,11,11,15,2281
28.5,11,12,0,2185
28.5,11,12,1,2192
28.5,11,12,2,2199
28.5,11,12,3,2206
28.5,11,12,4,2213
28.5,11,12,5,2220
28.5,11,12,6,2227
28.5,11,12,7,2234
28.5,11,12,8,2241
28.5,11,12,9,2247
28.5,11,12,10,2254
28.5,11,12,11,2261
28.5,11,12,12,2268
28.5,11,12,13,2275
28.5,11,12,14,2281
28.5,11,12,15,2288
28.5,11,13,0,2192
28.5,11,13,1,2199
28.5,11,13,2,2206
28.5,11,13,3,2213
28.5,11,13,4,2220
28.5,11,13,5,2227
28.5,11,13,6,2234
28.5,11,13,7,2241
28.5,11,13,8,2248
28.5,11,13,9,2254
28.5,11,13,10,2261
28.5,11,13,11,2268
28.5,11,13,12,2275
28.5,11,13,13,2282
28.5,11,13,14,2289
28.5,11,13,15,2295
28.5,11,14,0,2198
28.5,11,14,1,2206
28.5,11,14,2,2213
28.5,11,14,3,2220
28.5,11,14,4,2227
28.5,11,14,5,2234
28.5,11,14,6,2241
28.5,11,14,7,2248
28.5,11,14,8,2254
28.5,11,14,9,2261
28.5,11,14,10,2268
28.5,11,14,11,2275
28.5,11,14,12,2282
28.5,11,14,13,2289
28.5,11,14,14,2296
28.5,11,14,15,2302
28.5,11,15,0,2205
28.5,11,15,1,2212
28.5,11,15,2,2219
28.5,11,15,3,2226
28.5,11,15,4,2233
28.5,11,15,5,2240
28.5,11,15,6,2247
28.5,11,15,7,2254
28.5,11,15,8,2261
28.5,11,15,9,2268
28.5,11,15,10,2275
28.5,11,15,11,2282
28.5,11,15,12,2289
28.5,11,15,13,2296
28.5,11,15,14,2303
28.5,11,15,15,2309
28.5,12,0,0,2110
28.5,12,0,1,2116
28.5,12,0,2,2123
28.5,12,0,3,2130
28.5,12,0,4,2137
28.5,12,0,5,2143
28.5,12,0,6,2150
28.5,12,0,7,2157
28.5,12,0,8,2163
28.5,12,0,9,2170
28.5,12,0,10,2177
28.5,12,0,11,2183
28.5,12,0,12,2190
28.5,12,0,13,2196
28.5,12,0,14,2203
28.5,12,0,15,2209
28.5,12,1,0,2117
28.5,12,1,1,2124
28.5,12,1,2,2130
28.5,12,1,3,2137
28.5,12,1,4,2144
28.5,12,1,5,2151
28.5,12,1,6,2157
28.5,12,1,7,2164
28.5,12,1,8,2171
28.5,12,1,9,2177
28.5,12,1,10,2184
28.5,12,1,11,2191
28.5,12,1,12,2197
28.5,12,1,13,2204
28.5,12,1,14,2210
28.5,12,1,15,2217
28.5,12,2,0,2124
28.5,12,2,1,2131
28.5,12,2,2,2137
28.5,12,2,3,2144
28.5,12,2,4,2151
28.5,12,2,5,2158
28.5,12,2,6,2164
28.5,12,2,7,2171
28.5,12,2,8,2178
28.5,12,2,9,2185
28.5,12,2,10,2191
28.5,12,2,11,2198
28.5,12,2,12,2204
28.5,12,2,13,2211
28.5,12,2,14,2218
28.5,12,2,15,2224
28.5,12,3,0,2131
28.5,12,3,1,2138
28.5,12,3,2,2144
28.5,12,3,3,2151
28.5,12,3,4,2158
28.5,12,3,5,2165
28.5,12,3,6,2172
28.5,12,3,7,2178
28.5,12,3,8,2185
28.5,12,3,9,2192
28.5,12,3,10,2198
28.5,12,3,11,2205
28.5,12,3,12,2212
28.5,12,3,13,2218
28.5,12,3,14,2225
28.5,12,3,15,2231
28.5,12,4,0,2138
28.5,12,4,1,2145
28.5,12,4,2,2152
28.5,12,4,3,2158
28.5,12,4,4,2165
28.5,12,4,5,2172
28.5,12,4,6,2179
28.5,12,4,7,2186
28.5,12,4,8,2192
28.5,12,4,9,2199
28.5,12,4,10,2206
28.5,12,4,11,2212
28.5,12,4,12,2219
28.5,12,4,13,2226
28.5,12,4,14,2232
28.5,12,4,15,2239
28.5,12,5,0,2145
28.5,12,5,1,2152
28.5,12,5,2,2159
28.5,12,5,3,2165
28.5,12,5,4,2172
28.5,12,5,5,2179
28.5,12,5,6,2186
28.5,12,5,7,2193
28.5,12,5,8,2199
28.5,12,5,9,2206
28.5,12,5,10,2213
28.5,12,5,11,2220
28.5,12,5,12,2226
28.5,12,5,13,2233
28.5,12,5,14,2240
28.5,12,5,15,2246
28.5,12,6,0,2152
28.5,12,6,1,2159
28.5,12,6,2,2166
28.5,12,6,3,2172
28.5,12,6,4,2179
28.5,12,6,5,2186
28.5,12,6,6,2193
28.5,12,6,7,2200
28.5,12,6,8,2207
28.5,12,6,9,2213
28.5,12,6,10,2220
28.5,12,6,11,2227
28.5,12,6,12,2233
28.5,12,6,13,2240
28.5,12,6,14,2247
28.5,12,6,15,2253
28.5,12,7,0,2159
28.5,12,7,1,2166
28.5,12,7,2,2173
28.5,12,7,3,2179
28.5,12,7,4,2186
28.5,12,7,5,2193
28.5,12,7,6,2200
28.5,12,7,7,2207
28.5,12,7,8,2214
28.5,12,7,9,2220
28.5,12,7,10,2227
28.5,12,7,11,2234
28.5,12,7,12,2241
28.5,12,7,13,2247
28.5,12,7,14,2254
28.5,12,7,15,2261
28.5,12,8,0,2166
28.5,12,8,1,2173
28.5,12,8,2,2179
28.5,12,8,3,2186
28.5,12,8,4,2193
28.5,12,8,5,2200
28.5,12,8,6,2207
28.5,12,8,7,2214
28.5,12,8,8,2221
28.5,12,8,9,2228
28.5,12,8,10,2234
28.5,12,8,11,2241
28.5,12,8,12,2248
28.5,12,8,13,2255
28.5,12,8,14,2261
28.5,12,8,15,2268
28.5,12,9,0,2172
28.5,12,9,1,2179
28.5,12,9,2,2186
28.5,12,9,3,2193
28.5,12,9,4,2200
28.5,12,9,5,2207
28.5,12,9,6,2214
28.5,12,9,7,2221
28.5,12,9,8,2228
28.5,12,9,9,2235
28.5,12,9,10,2241
28.5,12,9,11,2248
28.5,12,9,12,2255
28.5,12,9,13,2262
28.5,12,9,14,2268
28.5,12,9,15,2275
28.5,12,10,0,2179
28.5,12,10,1,2186
28.5,12,10,2,2193
28.5,12,10,3,2200
28.5,12,10,4,2207
28.5,12,10,5,2214
28.5,12,10,6,2221
28.5,12,10,7,2228
28.5,12,10,8,2235
28.5,12,10,9,2242
28.5,12,10,10,2248
28.5,12,10,11,2255
28.5,12,10,12,2262
28.5,12,10,13,2269
28.5,12,10,14,2276
28.5,12,10,15,2282
28.5,12,11,0,2186
28.5,12,11,1,2193
28.5,12,11,2,2200
28.5,12,11,3,2207
28.5,12,11,4,2214
28.5,12,11,5,2221
28.5,12,11,6,2228
28.5,12,11,7,2235
28.5,12,11,8,2242
28.5,12,11,9,2249
28.5,12,11,10,2256
28.5,12,11,11,2262
28.5,12,11,12,2269
28.5,12,11,13,2276
28.5,12,11,14,2283
28.5,12,11,15,2289
28.5,12,12,0,2193
28.5,12,12,1,2200
28.5,12,12,2,2207
28.5,12,12,3,2214
28.5,12,12,4,2221
28.5,12,12,5,2228
28.5,12,12,6,2235
28.5,12,12,7,2242
28.5,12,12,8,2249
28.5,12,12,9,2256
28.5,12,12,10,2263
28.5,12,12,11,2269
28.5,12,12,12,2276
28.5,12,12,13,2283
28.5,12,12,14,2290
28.5,12,12,15,2297
28.5,12,13,0,2200
28.5,12,13,1,2207
28.5,12,13,2,2214
28.5,12,13,3,2221
28.5,12,13,4,2228
28.5,12,13,5,2235
28.5,12,13,6,2242
28.5,12,13,7,2249
28.5,12,13,8,2256
28.5,12,13,9,2263
28.5,12,13,10,2270
28.5,12,13,11,2276
28.5,12,13,12,2283
28.5,12,13,13,2290
28.5,12,13,14,2297
28.5,12,13,15,2304
28.5,12,14,0,2207
28.5,12,14,1,2214
28.5,12,14,2,2221
28.5,12,14,3,2228
28.5,12,14,4,2235
28.5,12,14,5,2242
28.5,12,14,6,2249
28.5,12,14,7,2256
28.5,12,14,8,2263
28.5,12,14,9,2270
28.5,12,14,10,2277
28.5,12,14,11,2283
28.5,12,14,12,2290
28.5,12,14,13,2297
28.5,12,14,14,2304
28.5,12,14,15,2311
28.5,12,15,0,2213
28.5,12,15,1,2220
28.5,12,15,2,2228
28.5,12,15,3,2235
28.5,12,15,4,2242
28.5,12,15,5,2249
28.5,12,15,6,2256
28.5,12,15,7,2263
28.5,12,15,8,2270
28.5,12,15,9,2277
28.5,12,15,10,2284
28.5,12,15,11,2290
28.5,12,15,12,2297
28.5,12,15,13,2304
28.5,12,15,14,2311
28.5,12,15,15,2318
28.5,13,0,0,2117
28.5,13,0,1,2124
28.5,13,0,2,2131
28.5,13,0,3,2138
28.5,13,0,4,2145
28.5,13,0,5,2151
28.5,13,0,6,2158
28.5,13,0,7,2165
28.5,13,0,8,2171
28.5,13,0,9,2178
28.5,13,0,10,2185
28.5,13,0,11,2191
28.5,13,0,12,2198
28.5,13,0,13,2204
28.5,13,0,14,2211
28.5,13,0,15,2217
28.5,13,1,0,2124
28.5,13,1,1,2131
28.5,13,1,2,2138
28.5,13,1,3,2145
28.5,13,1,4,2152
28.5,13,1,5,2158
28.5,13,1,6,2165
28.5,13,1,7,2172
28.5,13,1,8,2179
28.5,13,1,9,2185
28.5,13,1,10,2192
28.5,13,1,11,2199
28.5,13,1,12,2205
28.5,13,1,13,2212
28.5,13,1,14,2218
28.5,13,1,15,2225
28.5,13,2,0,2132
28.5,13,2,1,2138
28.5,13,2,2,2145
28.5,13,2,3,2152
28.5,13,2,4,2159
28.5,13,2,5,2166
28.5,13,2,6,2172
28.5,13,2,7,2179
28.5,13,2,8,2186
28.5,13,2,9,2193
28.5,13,2,10,2199
28.5,13,2,11,2206
28.5,13,2,12,2213
28.5,13,2,13,2219
28.5,13,2,14,2226
28.5,13,2,15,2232
28.5,13,3,0,2139
28.5,13,3,1,2145
28.5,13,3,2,2152
28.5,13,3,3,2159
28.5,13,3,4,2166
28.5,13,3,5,2173
28.5,13,3,6,2180
28.5,13,3,7,2186
28.5,13,3,8,2193
28.5,13,3,9,2200
28.5,13,3,10,2206
28.5,13,3,11,2213
28.5,13,3,12,2220
28.5,13,3,13,2226
28.5,13,3,14,2233
28.5,13,3,15,2240
28.5,13,4,0,2146
28.5,13,4,1,2152
28.5,13,4,2,2159
28.5,13,4,3,2166
28.5,13,4,4,2173
28.5,13,4,5,2180
28.5,13,4,6,2187
28.5,13,4,7,2194
28.5,13,4,8,2200
28.5,13,4,9,2207
28.5,13,4,10,2214
28.5,13,4,11,2220
28.5,13,4,12,2227
28.5,13,4,13,2234
28.5,13,4,14,2240
28.5,13,4,15,2247
28.5,13,5,0,2153
28.5,13,5,1,2160
28.5,13,5,2,2166
28.5,13,5,3,2173
28.5,13,5,4,2180
28.5,13,5,5,2187
28.5,13,5,6,2194
28.5,13,5,7,2201
28.5,13,5,8,2207
28.5,13,5,9,2214
28.5,13,5,10,2221
28.5,13,5,11,2228
28.5,13,5,12,2234
28.5,13,5,13,2241
28.5,13,5,14,2248
28.5,13,5,15,2254
28.5,13,6,0,2160
28.5,13,6,1,2167
28.5,13,6,2,2173
28.5,13,6,3,2180
28.5,13,6,4,2187
28.5,13,6,5,2194
28.5,13,6,6,2201
28.5,13,6,7,2208
28.5,13,6,8,2215
28.5,13,6,9,2221
28.5,13,6,10,2228
28.5,13,6,11,2235
28.5,13,6,12,2242
28.5,13,6,13,2248
28.5,13,6,14,2255
28.5,13,6,15,2262
28.5,13,7,0,2167
28.5,13,7,1,2174
28.5,13,7,2,2180
28.5,13,7,3,2187
28.5,13,7,4,2194
28.5,13,7,5,2201
28.5,13,7,6,2208
28.5,13,7,7,2215
28.5,13,7,8,2222
28.5,13,7,9,2229
28.5,13,7,10,2235
28.5,13,7,11,2242
28.5,13,7,12,2249
28.5,13,7,13,2256
28.5,13,7,14,2262
28.5,13,7,15,2269
28.5,13,8,0,2173
28.5,13,8,1,2180
28.5,13,8,2,2187
28.5,13,8,3,2194
28.5,13,8,4,2201
28.5,13,8,5,2208
28.5,13,8,6,2215
28.5,13,8,7,2222
28.5,13,8,8,2229
28.5,13,8,9,2236
28.5,13,8,10,2242
28.5,13,8,11,2249
28.5,13,8,12,2256
28.5,13,8,13,2263
28.5,13,8,14,2270
28.5,13,8,15,2276
28.5,13,9,0,2180
28.5,13,9,1,2187
28.5,13,9,2,2194
28.5,13,9,3,2201
28.5,13,9,4,2208
28.5,13,9,5,2215
28.5,13,9,6,2222
28.5,13,9,7,2229
28.5,13,9,8,2236
28.5,13,9,9,2243
28.5,13,9,10,2250
28.5,13,9,11,2256
28.5,13,9,12,2263
28.5,13,9,13,2270
28.5,13,9,14,2277
28.5,13,9,15,2283
28.5,13,10,0,2187
28.5,13,10,1,2194
28.5,13,10,2,2201
28.5,13,10,3,2208
28.5,13,10,4,2215
28.5,13,10,5,2222
28.5,13,10,6,2229
28.5,13,10,7,2236
28.5,13,10,8,2243
28.5,13,10,9,2250
28.5,13,10,10,2257
28.5,13,10,11,2264
28.5,13,10,12,2270
28.5,13,10,13,2277
28.5,13,10,14,2284
28.5,13,10,15,2291
28.5,13,11,0,2194
28.5,13,11,1,2201
28.5,13,11,2,2208
28.5,13,11,3,2215
28.5,13,11,4,2222
28.5,13,11,5,2229
28.5,13,11,6,2236
28.5,13,11,7,2243
28.5,13,11,8,2250
28.5,13,11,9,2257
28.5,13,11,10,2264
28.5,13,11,11,2271
28.5,13,11,12,2278
28.5,13,11,13,2284
28.5,13,11,14,2291
28.5,13,11,15,2298
28.5,13,12,0,2201
28.5,13,12,1,2208
28.5,13,12,2,2215
28.5,13,12,3,2222
28.5,13,12,4,2229
28.5,13,12,5,2236
28.5,13,12,6,2243
28.5,13,12,7,2250
28.5,13,12,8,2257
28.5,13,12,9,2264
28.5,13,12,10,2271
28.5,13,12,11,2278
28.5,13,12,12,2285
28.5,13,12,13,2291
28.5,13,12,14,2298
28.5,13,12,15,2305
28.5,13,13,0,2208
28.5,13,13,1,2215
28.5,13,13,2,2222
28.5,13,13,3,2229
28.5,13,13,4,2236
28.5,13,13,5,2243
28.5,13,13,6,2250
28.5,13,13,7,2257
28.5,13,13,8,2264
28.5,13,13,9,2271
28.5,13,13,10,2278
28.5,13,13,11,2285
28.5,13,13,12,2292
28.5,13,13,13,2299
28.5,13,13,14,2305
28.5,13,13,15,2312
28.5,13,14,0,2215
28.5,13,14,1,2222
28.5,13,14,2,2229
28.5,13,14,3,2236
28.5,13,14,4,2243
28.5,13,14,5,2250
28.5,13,14,6,2257
28.5,13,14,7,2264
28.5,13,14,8,2271
28.5,13,14,9,2278
28.5,13,14,10,2285
28.5,13,14,11,2292
28.5,13,14,12,2299
28.5,13,14,13,2306
28.5,13,14,14,2312
28.5,13,14,15,2319
28.5,13,15,0,2221
28.5,13,15,1,2229
28.5,13,15,2,2236
28.5,13,15,3,2243
28.5,13,15,4,2250
28.5,13,15,5,2257
28.5,13,15,6,2264
28.5,13,15,7,2271
28.5,13,15,8,2278
28.5,13,15,9,2285
28.5,13,15,10,2292
28.5,13,15,11,2299
28.5,13,15,12,2306
28.5,13,15,13,2313
28.5,13,15,14,2320
28.5,13,15,15,2326
28.5,14,0,0,2125
28.5,14,0,1,2132
28.5,14,0,2,2139
28.5,14,0,3,2146
28.5,14,0,4,2152
28.5,14,0,5,2159
28.5,14,0,6,2166
28.5,14,0,7,2173
28.5,14,0,8,2179
28.5,14,0,9,2186
28.5,14,0,10,2193
28.5,14,0,11,2199
28.5,14,0,12,2206
28.5,14,0,13,2212
28.5,14,0,14,2219
28.5,14,0,15,2226
28.5,14,1,0,2132
28.5,14,1,1,2139
28.5,14,1,2,2146
28.5,14,1,3,2153
28.5,14,1,4,2160
28.5,14,1,5,2166
28.5,14,1,6,2173
28.5,14,1,7,2180
28.5,14,1,8,2187
28.5,14,1,9,2193
28.5,14,1,10,2200
28.5,14,1,11,2207
28.5,14,1,12,2213
28.5,14,1,13,2220
28.5,14,1,14,2226
28.5,14,1,15,2233
28.5,14,2,0,2139
28.5,14,2,1,2146
28.5,14,2,2,2153
28.5,14,2,3,2160
28.5,14,2,4,2167
28.5,14,2,5,2174
28.5,14,2,6,2180
28.5,14,2,7,2187
28.5,14,2,8,2194
28.5,14,2,9,2201
28.5,14,2,10,2207
28.5,14,2,11,2214
28.5,14,2,12,2221
28.5,14,2,13,2227
28.5,14,2,14,2234
28.5,14,2,15,2240
28.5,14,3,0,2146
28.5,14,3,1,2153
28.5,14,3,2,2160
28.5,14,3,3,2167
28.5,14,3,4,2174
28.5,14,3,5,2181
28.5,14,3,6,2188
28.5,14,3,7,2194
28.5,14,3,8,2201
28.5,14,3,9,2208
28.5,14,3,10,2215
28.5,14,3,11,2221
28.5,14,3,12,2228
28.5,14,3,13,2235
28.5,14,3,14,2241
28.5,14,3,15,2248
28.5,14,4,0,2153
28.5,14,4,1,2160
28.5,14,4,2,2167
28.5,14,4,3,2174
28.5,14,4,4,2181
28.5,14,4,5,2188
28.5,14,4,6,2195
28.5,14,4,7,2202
28.5,14,4,8,2208
28.5,14,4,9,2215
28.5,14,4,10,2222
28.5,14,4,11,2229
28.5,14,4,12,2235
28.5,14,4,13,2242
28.5,14,4,14,2249
28.5,14,4,15,2255
28.5,14,5,0,2160
28.5,14,5,1,2167
28.5,14,5,2,2174
28.5,14,5,3,2181
28.5,14,5,4,2188
28.5,14,5,5,2195
28.5,14,5,6,2202
28.5,14,5,7,2209
28.5,14,5,8,2216
28.5,14,5,9,2222
28.5,14,5,10,2229
28.5,14,5,11,2236
28.5,14,5,12,2243
28.5,14,5,13,2249
28.5,14,5,14,2256
28.5,14,5,15,2263
28.5,14,6,0,2167
28.5,14,6,1,2174
28.5,14,6,2,2181
28.5,14,6,3,2188
28.5,14,6,4,2195
28.5,14,6,5,2202
28.5,14,6,6,2209
28.5,14,6,7,2216
28.5,14,6,8,2223
28.5,14,6,9,2230
28.5,14,6,10,2236
28.5,14,6,11,2243
28.5,14,6,12,2250
28.5,14,6,13,2257
28.5,14,6,14,2263
28.5,14,6,15,2270
28.5,14,7,0,2174
28.5,14,7,1,2181
28.5,14,7,2,2188
28.5,14,7,3,2195
28.5,14,7,4,2202
28.5,14,7,5,2209
28.5,14,7,6,2216
28.5,14,7,7,2223
28.5,14,7,8,2230
28.5,14,7,9,2237
28.5,14,7,10,2243
28.5,14,7,11,2250
28.5,14,7,12,2257
28.5,14,7,13,2264
28.5,14,7,14,2271
28.5,14,7,15,2277
28.5,14,8,0,2181
28.5,14,8,1,2188
28.5,14,8,2,2195
28.5,14,8,3,2202
28.5,14,8,4,2209
28.5,14,8,5,2216
28.5,14,8,6,2223
28.5,14,8,7,2230
28.5,14,8,8,2237
28.5,14,8,9,2244
28.5,14,8,10,2251
28.5,14,8,11,2257
28.5,14,8,12,2264
28.5,14,8,13,2271
28.5,14,8,14,2278
28.5,14,8,15,2285
28.5,14,9,0,2188
28.5,14,9,1,2195
28.5,14,9,2,2202
28.5,14,9,3,2209
28.5,14,9,4,2216
28.5,14,9,5,2223
28.5,14,9,6,2230
28.5,14,9,7,2237
28.5,14,9,8,2244
28.5,14,9,9,2251
28.5,14,9,10,2258
28.5,14,9,11,2265
28.5,14,9,12,2271
28.5,14,9,13,2278
28.5,14,9,14,2285
28.5,14,9,15,2292
28.5,14,10,0,2195
28.5,14,10,1,2202
28.5,14,10,2,2209
28.5,14,10,3,2216
28.5,14,10,4,2223
28.5,14,10,5,2230
28.5,14,10,6,2237
28.5,14,10,7,2244
28.5,14,10,8,2251
28.5,14,10,9,2258
28.5,14,10,10,2265
28.5,14,10,11,2272
28.5,14,10,12,2279
28.5,14,10,13,2285
28.5,14,10,14,2292
28.5,14,10,15,2299
28.5,14,11,0,2202
28.5,14,11,1,2209
28.5,14,11,2,2216
28.5,14,11,3,2223
28.5,14,11,4,2230
28.5,14,11,5,2237
28.5,14,11,6,2244
28.5,14,11,7,2251
28.5,14,11,8,2258
28.5,14,11,9,2265
28.5,14,11,10,2272
28.5,14,11,11,2279
28.5,14,11,12,2286
28.5,14,11,13,2293
28.5,14,11,14,2299
28.5,14,11,15,2306
28.5,14,12,0,2209
28.5,14,12,1,2216
28.5,14,12,2,2223
28.5,14,12,3,2230
28.5,14,12,4,2237
28.5,14,12,5,2244
28.5,14,12,6,2251
28.5,14,12,7,2258
28.5,14,12,8,2265
28.5,14,12,9,2272
28.5,14,12,10,2279
28.5,14,12,11,2286
28.5,14,12,12,2293
28.5,14,12,13,2300
28.5,14,12,14,2307
28.5,14,12,15,2313
28.5,14,13,0,2216
28.5,14,13,1,2223
28.5,14,13,2,2230
28.5,14,13,3,2237
28.5,14,13,4,2244
28.5,14,13,5,2251
28.5,14,13,6,2258
28.5,14,13,7,2265
28.5,14,13,8,2272
28.5,14,13,9,2279
28.5,14,13,10,2286
28.5,14,13,11,2293
28.5,14,13,12,2300
28.5,14,13,13,2307
28.5,14,13,14,2314
28.5,14,13,15,2321
28.5,14,14,0,2223
28.5,14,14,1,2230
28.5,14,14,2,2237
28.5,14,14,3,2244
28.5,14,14,4,2251
28.5,14,14,5,2258
28.5,14,14,6,2265
28.5,14,14,7,2272
28.5,14,14,8,2279
28.5,14,14,9,2286
28.5,14,14,10,2293
28.5,14,14,11,2300
28.5,14,14,12,2307
28.5,14,14,13,2314
28.5,14,14,14,2321
28.5,14,14,15,2328
28.5,14,15,0,2230
28.5,14,15,1,2237
28.5,14,15,2,2244
28.5,14,15,3,2251
28.5,14,15,4,2258
28.5,14,15,5,2265
28.5,14,15,6,2272
28.5,14,15,7,2279
28.5,14,15,8,2286
28.5,14,15,9,2293
28.5,14,15,10,2300
28.5,14,15,11,2307
28.5,14,15,12,2314
28.5,14,15,13,2321
28.5,14,15,14,2328
28.5,14,15,15,2335
28.5,15,0,0,2133
28.5,15,0,1,2140
28.5,15,0,2,2147
28.5,15,0,3,2153
28.5,15,0,4,2160
28.5,15,0,5,2167
28.5,15,0,6,2174
28.5,15,0,7,2180
28.5,15,0,8,2187
28.5,15,0,9,2194
28.5,15,0,10,2201
28.5,15,0,11,2207
28.5,15,0,12,2214
28.5,15,0,13,2220
28.5,15,0,14,2227
28.5,15,0,15,2234
28.5,15,1,0,2140
28.5,15,1,1,2147
28.5,15,1,2,2154
28.5,15,1,3,2161
28.5,15,1,4,2167
28.5,15,1,5,2174
28.5,15,1,6,2181
28.5,15,1,7,2188
28.5,15,1,8,2194
28.5,15,1,9,2201
28.5,15,1,10,2208
28.5,15,1,11,2215
28.5,15,1,12,2221
28.5,15,1,13,2228
28.5,15,1,14,2235
28.5,15,1,15,2241
28.5,15,2,0,2147
28.5,15,2,1,2154
28.5,15,2,2,2161
28.5,15,2,3,2168
28.5,15,2,4,2175
28.5,15,2,5,2181
28.5,15,2,6,2188
28.5,15,2,7,2195
28.5,15,2,8,2202
28.5,15,2,9,2209
28.5,15,2,10,2215
28.5,15,2,11,2222
28.5,15,2,12,2229
28.5,15,2,13,2235
28.5,15,2,14,2242
28.5,15,2,15,2249
28.5,15,3,0,2154
28.5,15,3,1,2161
28.5,15,3,2,2168
28.5,15,3,3,2175
28.5,15,3,4,2182
28.5,15,3,5,2189
28.5,15,3,6,2195
28.5,15,3,7,2202
28.5,15,3,8,2209
28.5,15,3,9,2216
28.5,15,3,10,2223
28.5,15,3,11,2229
28.5,15,3,12,2236
28.5,15,3,13,2243
28.5,15,3,14,2249
28.5,15,3,15,2256
28.5,15,4,0,2161
28.5,15,4,1,2168
28.5,15,4,2,2175
28.5,15,4,3,2182
28.5,15,4,4,2189
28.5,15,4,5,2196
28.5,15,4,6,2203
28.5,15,4,7,2210
28.5,15,4,8,2216
28.5,15,4,9,2223
28.5,15,4,10,2230
28.5,15,4,11,2237
28.5,15,4,12,2243
28.5,15,4,13,2250
28.5,15,4,14,2257
28.5,15,4,15,2263
28.5,15,5,0,2168
28.5,15,5,1,2175
28.5,15,5,2,2182
28.5,15,5,3,2189
28.5,15,5,4,2196
28.5,15,5,5,2203
28.5,15,5,6,2210
28.5,15,5,7,2217
28.5,15,5,8,2224
28.5,15,5,9,2230
28.5,15,5,10,2237
28.5,15,5,11,2244
28.5,15,5,12,2251
28.5,15,5,13,2257
28.5,15,5,14,2264
28.5,15,5,15,2271
28.5,15,6,0,2175
28.5,15,6,1,2182
28.5,15,6,2,2189
28.5,15,6,3,2196
28.5,15,6,4,2203
28.5,15,6,5,2210
28.5,15,6,6,2217
28.5,15,6,7,2224
28.5,15,6,8,2231
28.5,15,6,9,2238
28.5,15,6,10,2244
28.5,15,6,11,2251
28.5,15,6,12,2258
28.5,15,6,13,2265
28.5,15,6,14,2271
28.5,15,6,15,2278
28.5,15,7,0,2182
28.5,15,7,1,2189
28.5,15,7,2,2196
28.5,15,7,3,2203
28.5,15,7,4,2210
28.5,15,7,5,2217
28.5,15,7,6,2224
28.5,15,7,7,2231
28.5,15,7,8,2238
28.5,15,7,9,2245
28.5,15,7,10,2252
28.5,15,7,11,2258
28.5,15,7,12,2265
28.5,15,7,13,2272
28.5,15,7,14,2279
28.5,15,7,15,2286
28.5,15,8,0,2189
28.5,15,8,1,2196
28.5,15,8,2,2203
28.5,15,8,3,2210
28.5,15,8,4,2217
28.5,15,8,5,2224
28.5,15,8,6,2231
28.5,15,8,7,2238
28.5,15,8,8,2245
28.5,15,8,9,2252
28.5,15,8,10,2259
28.5,15,8,11,2266
28.5,15,8,12,2273
28.5,15,8,13,2279
28.5,15,8,14,2286
28.5,15,8,15,2293
28.5,15,9,0,2196
28.5,15,9,1,2203
28.5,15,9,2,2210
28.5,15,9,3,2217
28.5,15,9,4,2224
28.5,15,9,5,2231
28.5,15,9,6,2238
28.5,15,9,7,2245
28.5,15,9,8,2252
28.5,15,9,9,2259
28.5,15,9,10,2266
28.5,15,9,11,2273
28.5,15,9,12,2280
28.5,15,9,13,2287
28.5,15,9,14,2293
28.5,15,9,15,2300
28.5,15,10,0,2203
28.5,15,10,1,2210
28.5,15,10,2,2217
28.5,15,10,3,2224
28.5,15,10,4,2231
28.5,15,10,5,2238
28.5,15,10,6,2245
28.5,15,10,7,2252
28.5,15,10,8,2259
28.5,15,10,9,2266
28.5,15,10,10,2273
28.5,15,10,11,2280
28.5,15,10,12,2287
28.5,15,10,13,2294
28.5,15,10,14,2301
28.5,15,10,15,2307
28.5,15,11,0,2210
28.5,15,11,1,2217
28.5,15,11,2,2224
28.5,15,11,3,2231
28.5,15,11,4,2238
28.5,15,11,5,2246
28.5,15,11,6,2253
28.5,15,11,7,2260
28.5,15,11,8,2266
28.5,15,11,9,2273
28.5,15,11,10,2280
28.5,15,11,11,2287
28.5,15,11,12,2294
28.5,15,11,13,2301
28.5,15,11,14,2308
28.5,15,11,15,2315
28.5,15,12,0,2217
28.5,15,12,1,2224
28.5,15,12,2,2231
28.5,15,12,3,2238
28.5,15,12,4,2245
28.5,15,12,5,2253
28.5,15,12,6,2260
28.5,15,12,7,2267
28.5,15,12,8,2274
28.5,15,12,9,2281
28.5,15,12,10,2287
28.5,15,12,11,2294
28.5,15,12,12,2301
28.5,15,12,13,2308
28.5,15,12,14,2315
28.5,15,12,15,2322
28.5,15,13,0,2224
28.5,15,13,1,2231
28.5,15,13,2,2238
28.5,15,13,3,2245
28.5,15,13,4,2252
28.5,15,13,5,2260
28.5,15,13,6,2267
28.5,15,13,7,2274
28.5,15,13,8,2281
28.5,15,13,9,2288
28.5,15,13,10,2295
28.5,15,13,11,2302
28.5,15,13,12,2308
28.5,15,13,13,2315
28.5,15,13,14,2322
28.5,15,13,15,2329
28.5,15,14,0,2231
28.5,15,14,1,2238
28.5,15,14,2,2245
28.5,15,14,3,2252
28.5,15,14,4,2259
28.5,15,14,5,2266
28.5,15,14,6,2274
28.5,15,14,7,2281
28.5,15,14,8,2288
28.5,15,14,9,2295
28.5,15,14,10,2302
28.5,15,14,11,2309
28.5,15,14,12,2316
28.5,15,14,13,2322
28.5,15,14,14,2329
28.5,15,14,15,2336
28.5,15,15,0,2238
28.5,15,15,1,2245
28.5,15,15,2,2252
28.5,15,15,3,2259
28.5,15,15,4,2266
28.5,15,15,5,2273
28.5,15,15,6,2281
28.5,15,15,7,2288
28.5,15,15,8,2295
28.5,15,15,9,2302
28.5,15,15,10,2309
28.5,15,15,11,2316
28.5,15,15,12,2323
28.5,15,15,13,2330
28.5,15,15,14,2337
28.5,15,15,15,2343
29.0,0,0,0,2052
29.0,0,0,1,2059
29.0,0,0,2,2065
29.0,0,0,3,2072
29.0,0,0,4,2079
29.0,0,0,5,2085
29.0,0,0,6,2092
29.0,0,0,7,2098
29.0,0,0,8,2105
29.0,0,0,9,2111
29.0,0,0,10,2117
29.0,0,0,11,2124
29.0,0,0,12,2130
29.0,0,0,13,2137
29.0,0,0,14,2143
29.0,0,0,15,2149
29.0,0,1,0,2059
29.0,0,1,1,2066
29.0,0,1,2,2072
29.0,0,1,3,2079
29.0,0,1,4,2086
29.0,0,1,5,2092
29.0,0,1,6,2099
29.0,0,1,7,2105
29.0,0,1,8,2112
29.0,0,1,9,2118
29.0,0,1,10,2125
29.0,0,1,11,2131
29.0,0,1,12,2137
29.0,0,1,13,2144
29.0,0,1,14,2150
29.0,0,1,15,2157
29.0,0,2,0,2066
29.0,0,2,1,2073
29.0,0,2,2,2079
29.0,0,2,3,2086
29.0,0,2,4,2092
29.0,0,2,5,2099
29.0,0,2,6,2106
29.0,0,2,7,2112
29.0,0,2,8,2119
29.0,0,2,9,2125
29.0,0,2,10,2132
29.0,0,2,11,2138
29.0,0,2,12,2144
29.0,0,2,13,2151
29.0,0,2,14,2157
29.0,0,2,15,2164
29.0,0,3,0,2073
29.0,0,3,1,2080
29.0,0,3,2,2086
29.0,0,3,3,2093
29.0,0,3,4,2099
29.0,0,3,5,2106
29.0,0,3,6,2113
29.0,0,3,7,2119
29.0,0,3,8,2126
29.0,0,3,9,2132
29.0,0,3,10,2139
29.0,0,3,11,2145
29.0,0,3,12,2152
29.0,0,3,13,2158
29.0,0,3,14,2164
29.0,0,3,15,2171
29.0,0,4,0,2080
29.0,0,4,1,2086
29.0,0,4,2,2093
29.0,0,4,3,2100
29.0,0,4,4,2106
29.0,0,4,5,2113
29.0,0,4,6,2120
29.0,0,4,7,2126
29.0,0,4,8,2133
29.0,0,4,9,2139
29.0,0,4,10,2146
29.0,0,4,11,2152
29.0,0,4,12,2159
29.0,0,4,13,2165
29.0,0,4,14,2172
29.0,0,4,15,2178
29.0,0,5,0,2086
29.0,0,5,1,2093
29.0,0,5,2,2100
29.0,0,5,3,2107
29.0,0,5,4,2113
29.0,0,5,5,2120
29.0,0,5,6,2126
29.0,0,5,7,2133
29.0,0,5,8,2140
29.0,0,5,9,2146
29.0,0,5,10,2153
29.0,0,5,11,2159
29.0,0,5,12,2166
29.0,0,5,13,2172
29.0,0,5,14,2179
29.0,0,5,15,2185
29.0,0,6,0,2093
29.0,0,6,1,2100
29.0,0,6,2,2107
29.0,0,6,3,2113
29.0,0,6,4,2120
29.0,0,6,5,2127
29.0,0,6,6,2133
29.0,0,6,7,2140
29.0,0,6,8,2147
29.0,0,6,9,2153
29.0,0,6,10,2160
29.0,0,6,11,2166
29.0,0,6,12,2173
29.0,0,6,13,2179
29.0,0,6,14,2186
29.0,0,6,15,2192
29.0,0,7,0,2100
29.0,0,7,1,2107
29.0,0,7,2,2113
29.0,0,7,3,2120
29.0,0,7,4,2127
29.0,0,7,5,2134
29.0,0,7,6,2140
29.0,0,7,7,2147
29.0,0,7,8,2153
29.0,0,7,9,2160
29.0,0,7,10,2167
29.0,0,7,11,2173
29.0,0,7,12,2180
29.0,0,7,13,2186
29.0,0,7,14,2193
29.0,0,7,15,2199
29.0,0,8,0,2107
29.0,0,8,1,2113
29.0,0,8,2,2120
29.0,0,8,3,2127
29.0,0,8,4,2134
29.0,0,8,5,2140
29.0,0,8,6,2147
29.0,0,8,7,2154
29.0,0,8,8,2160
29.0,0,8,9,2167
29.0,0,8,10,2174
29.0,0,8,11,2180
29.0,0,8,12,2187
29.0,0,8,13,2193
29.0,0,8,14,2200
29.0,0,8,15,2206
29.0,0,9,0,2113
29.0,0,9,1,2120
29.0,0,9,2,2127
29.0,0,9,3,2134
29.0,0,9,4,2140
29.0,0,9,5,2147
29.0,0,9,6,2154
29.0,0,9,7,2161
29.0,0,9,8,2167
29.0,0,9,9,2174
29.0,0,9,10,2180
29.0,0,9,11,2187
29.0,0,9,12,2194
29.0,0,9,13,2200
29.0,0,9,14,2207
29.0,0,9,15,2213
29.0,0,10,0,2120
29.0,0,10,1,2127
29.0,0,10,2,2134
29.0,0,10,3,2140
29.0,0,10,4,2147
29.0,0,10,5,2154
29.0,0,10,6,2161
29.0,0,10,7,2167
29.0,0,10,8,2174
29.0,0,10,9,2181
29.0,0,10,10,2187
29.0,0,10,11,2194
29.0,0,10,12,2201
29.0,0,10,13,2207
29.0,0,10,14,2214
29.0,0,10,15,2220
29.0,0,11,0,2127
29.0,0,11,1,2134
29.0,0,11,2,2140
29.0,0,11,3,2147
29.0,0,11,4,2154
29.0,0,11,5,2161
29.0,0,11,6,2167
29.0,0,11,7,2174
29.0,0,11,8,2181
29.0,0,11,9,2188
29.0,0,11,10,2194
29.0,0,11,11,2201
29.0,0,11,12,2207
29.0,0,11,13,2214
29.0,0,11,14,2221
29.0,0,11,15,2227
29.0,0,12,0,2133
29.0,0,12,1,2140
29.0,0,12,2,2147
29.0,0,12,3,2154
29.0,0,12,4,2161
29.0,0,12,5,2167
29.0,0,12,6,2174
29.0,0,12,7,2181
29.0,0,12,8,2188
29.0,0,12,9,2194
29.0,0,12,10,2201
29.0,0,12,11,2208
29.0,0,12,12,2214
29.0,0,12,13,2221
29.0,0,12,14,2228
29.0,0,12,15,2234
29.0,0,13,0,2140
29.0,0,13,1,2147
29.0,0,13,2,2154
29.0,0,13,3,2161
29.0,0,13,4,2167
29.0,0,13,5,2174
29.0,0,13,6,2181
29.0,0,13,7,2188
29.0,0,13,8,2194
29.0,0,13,9,2201
29.0,0,13,10,2208
29.0,0,13,11,2215
29.0,0,13,12,2221
29.0,0,13,13,2228
29.0,0,13,14,2235
29.0,0,13,15,2241
29.0,0,14,0,2147
29.0,0,14,1,2153
29.0,0,14,2,2160
29.0,0,14,3,2167
29.0,0,14,4,2174
29.0,0,14,5,2181
29.0,0,14,6,2188
29.0,0,14,7,2194
29.0,0,14,8,2201
29.0,0,14,9,2208
29.0,0,14,10,2215
29.0,0,14,11,2221
29.0,0,14,12,2228
29.0,0,14,13,2235
29.0,0,14,14,2241
29.0,0,14,15,2248
29.0,0,15,0,2153
29.0,0,15,1,2160
29.0,0,15,2,2167
29.0,0,15,3,2174
29.0,0,15,4,2181
29.0,0,15,5,2188
29.0,0,15,6,2194
29.0,0,15,7,2201
29.0,0,15,8,2208
29.0,0,15,9,2215
29.0,0,15,10,2222
29.0,0,15,11,2228
29.0,0,15,12,2235
29.0,0,15,13,2242
29.0,0,15,14,2248
29.0,0,15,15,2255
29.0,1,0,0,2060
29.0,1,0,1,2067
29.0,1,0,2,2073
29.0,1,0,3,2080
29.0,1,0,4,2087
29.0,1,0,5,2093
29.0,1,0,6,2100
29.0,1,0,7,2106
29.0,1,0,8,2113
29.0,1,0,9,2119
29.0,1,0,10,2126
29.0,1,0,11,2132
29.0,1,0,12,2138
29.0,1,0,13,2145
29.0,1,0,14,2151
29.0,1,0,15,2158
29.0,1,1,0,2067
29.0,1,1,1,2074
29.0,1,1,2,2080
29.0,1,1,3,2087
29.0,1,1,4,2094
29.0,1,1,5,2100
29.0,1,1,6,2107
29.0,1,1,7,2113
29.0,1,1,8,2120
29.0,1,1,9,2126
29.0,1,1,10,2133
29.0,1,1,11,2139
29.0,1,1,12,2146
29.0,1,1,13,2152
29.0,1,1,14,2158
29.0,1,1,15,2165
29.0,1,2,0,2074
29.0,1,2,1,2081
29.0,1,2,2,2087
29.0,1,2,3,2094
29.0,1,2,4,2101
29.0,1,2,5,2107
29.0,1,2,6,2114
29.0,1,2,7,2120
29.0,1,2,8,2127
29.0,1,2,9,2133
29.0,1,2,10,2140
29.0,1,2,11,2146
29.0,1,2,12,2153
29.0,1,2,13,2159
29.0,1,2,14,2166
29.0,1,2,15,2172
29.0,1,3,0,2081
29.0,1,3,1,2087
29.0,1,3,2,2094
29.0,1,3,3,2101
29.0,1,3,4,2107
29.0,1,3,5,2114
29.0,1,3,6,2121
29.0,1,3,7,2127
29.0,1,3,8,2134
29.0,1,3,9,2140
29.0,1,3,10,2147
29.0,1,3,11,2153
29.0,1,3,12,2160
29.0,1,3,13,2166
29.0,1,3,14,2173
29.0,1,3,15,2179
29.0,1,4,0,2088
29.0,1,4,1,2094
29.0,1,4,2,2101
29.0,1,4,3,2108
29.0,1,4,4,2114
29.0,1,4,5,2121
29.0,1,4,6,2128
29.0,1,4,7,2134
29.0,1,4,8,2141
29.0,1,4,9,2147
29.0,1,4,10,2154
29.0,1,4,11,2160
29.0,1,4,12,2167
29.0,1,4,13,2173
29.0,1,4,14,2180
29.0,1,4,15,2186
29.0,1,5,0,2094
29.0,1,5,1,2101
29.0,1,5,2,2108
29.0,1,5,3,2115
29.0,1,5,4,2121
29.0,1,5,5,2128
29.0,1,5,6,2135
29.0,1,5,7,2141
29.0,1,5,8,2148
29.0,1,5,9,2154
29.0,1,5,10,2161
29.0,1,5,11,2167
29.0,1,5,12,2174
29.0,1,5,13,2181
29.0,1,5,14,2187
29.0,1,5,15,2193
29.0,1,6,0,2101
29.0,1,6,1,2108
29.0,1,6,2,2115
29.0,1,6,3,2121
29.0,1,6,4,2128
29.0,1,6,5,2135
29.0,1,6,6,2142
29.0,1,6,7,2148
29.0,1,6,8,2155
29.0,1,6,9,2161
29.0,1,6,10,2168
29.0,1,6,11,2175
29.0,1,6,12,2181
29.0,1,6,13,2188
29.0,1,6,14,2194
29.0,1,6,15,2201
29.0,1,7,0,2108
29.0,1,7,1,2115
29.0,1,7,2,2122
29.0,1,7,3,2128
29.0,1,7,4,2135
29.0,1,7,5,2142
29.0,1,7,6,2148
29.0,1,7,7,2155
29.0,1,7,8,2162
29.0,1,7,9,2168
29.0,1,7,10,2175
29.0,1,7,11,2182
29.0,1,7,12,2188
29.0,1,7,13,2195
29.0,1,7,14,2201
29.0,1,7,15,2208
29.0,1,8,0,2115
29.0,1,8,1,2122
29.0,1,8,2,2128
29.0,1,8,3,2135
29.0,1,8,4,2142
29.0,1,8,5,2149
29.0,1,8,6,2155
29.0,1,8,7,2162
29.0,1,8,8,2169
29.0,1,8,9,2175
29.0,1,8,10,2182
29.0,1,8,11,2188
29.0,1,8,12,2195
29.0,1,8,13,2202
29.0,1,8,14,2208
29.0,1,8,15,2215
29.0,1,9,0,2121
29.0,1,9,1,2128
29.0,1,9,2,2135
29.0,1,9,3,2142
29.0,1,9,4,2149
29.0,1,9,5,2155
29.0,1,9,6,2162
29.0,1,9,7,2169
29.0,1,9,8,2176
29.0,1,9,9,2182
29.0,1,9,10,2189
29.0,1,9,11,2195
29.0,1,9,12,2202
29.0,1,9,13,2209
29.0,1,9,14,2215
29.0,1,9,15,2222
29.0,1,10,0,2128
29.0,1,10,1,2135
29.0,1,10,2,2142
29.0,1,10,3,2149
29.0,1,10,4,2155
29.0,1,10,5,2162
29.0,1,10,6,2169
29.0,1,10,7,2176
29.0,1,10,8,2182
29.0,1,10,9,2189
29.0,1,10,10,2196
29.0,1,10,11,2202
29.0,1,10,12,2209
29.0,1,10,13,2216
29.0,1,10,14,2222
29.0,1,10,15,2229
29.0,1,11,0,2135
29.0,1,11,1,2142
29.0,1,11,2,2149
29.0,1,11,3,2155
29.0,1,11,4,2162
29.0,1,11,5,2169
29.0,1,11,6,2176
29.0,1,11,7,2183
29.0,1,11,8,2189
29.0,1,11,9,2196
29.0,1,11,10,2203
29.0,1,11,11,2209
29.0,1,11,12,2216
29.0,1,11,13,2223
29.0,1,11,14,2229
29.0,1,11,15,2236
29.0,1,12,0,2142
29.0,1,12,1,2148
29.0,1,12,2,2155
29.0,1,12,3,2162
29.0,1,12,4,2169
29.0,1,12,5,2176
29.0,1,12,6,2183
29.0,1,12,7,2189
29.0,1,12,8,2196
29.0,1,12,9,2203
29.0,1,12,10,2210
29.0,1,12,11,2216
29.0,1,12,12,2223
29.0,1,12,13,2230
29.0,1,12,14,2236
29.0,1,12,15,2243
29.0,1,13,0,2148
29.0,1,13,1,2155
29.0,1,13,2,2162
29.0,1,13,3,2169
29.0,1,13,4,2176
29.0,1,13,5,2183
29.0,1,13,6,2189
29.0,1,13,7,2196
29.0,1,13,8,2203
29.0,1,13,9,2210
29.0,1,13,10,2216
29.0,1,13,11,2223
29.0,1,13,12,2230
29.0,1,13,13,2236
29.0,1,13,14,2243
29.0,1,13,15,2250
29.0,1,14,0,2155
29.0,1,14,1,2162
29.0,1,14,2,2169
29.0,1,14,3,2176
29.0,1,14,4,2182
29.0,1,14,5,2189
29.0,1,14,6,2196
29.0,1,14,7,2203
29.0,1,14,8,2210
29.0,1,14,9,2216
29.0,1,14,10,2223
29.0,1,14,11,2230
29.0,1,14,12,2237
29.0,1,14,13,2243
29.0,1,14,14,2250
29.0,1,14,15,2257
29.0,1,15,0,2161
29.0,1,15,1,2168
29.0,1,15,2,2175
29.0,1,15,3,2182
29.0,1,15,4,2189
29.0,1,15,5,2196
29.0,1,15,6,2203
29.0,1,15,7,2210
29.0,1,15,8,2216
29.0,1,15,9,2223
29.0,1,15,10,2230
29.0,1,15,11,2237
29.0,1,15,12,2243
29.0,1,15,13,2250
29.0,1,15,14,2257
29.0,1,15,15,2264
29.0,2,0,0,2068
29.0,2,0,1,2075
29.0,2,0,2,2081
29.0,2,0,3,2088
29.0,2,0,4,2095
29.0,2,0,5,2101
29.0,2,0,6,2108
29.0,2,0,7,2114
29.0,2,0,8,2121
29.0,2,0,9,2127
29.0,2,0,10,2134
29.0,2,0,11,2140
29.0,2,0,12,2147
29.0,2,0,13,2153
29.0,2,0,14,2159
29.0,2,0,15,2166
29.0,2,1,0,2075
29.0,2,1,1,2082
29.0,2,1,2,2088
29.0,2,1,3,2095
29.0,2,1,4,2102
29.0,2,1,5,2108
29.0,2,1,6,2115
29.0,2,1,7,2121
29.0,2,1,8,2128
29.0,2,1,9,2134
29.0,2,1,10,2141
29.0,2,1,11,2147
29.0,2,1,12,2154
29.0,2,1,13,2160
29.0,2,1,14,2167
29.0,2,1,15,2173
29.0,2,2,0,2082
29.0,2,2,1,2089
29.0,2,2,2,2095
29.0,2,2,3,2102
29.0,2,2,4,2109
29.0,2,2,5,2115
29.0,2,2,6,2122
29.0,2,2,7,2128
29.0,2,2,8,2135
29.0,2,2,9,2141
29.0,2,2,10,2148
29.0,2,2,11,2154
29.0,2,2,12,2161
29.0,2,2,13,2167
29.0,2,2,14,2174
29.0,2,2,15,2180
29.0,2,3,0,2089
29.0,2,3,1,2095
29.0,2,3,2,2102
29.0,2,3,3,2109
29.0,2,3,4,2116
29.0,2,3,5,2122
29.0,2,3,6,2129
29.0,2,3,7,2135
29.0,2,3,8,2142
29.0,2,3,9,2149
29.0,2,3,10,2155
29.0,2,3,11,2162
29.0,2,3,12,2168
29.0,2,3,13,2175
29.0,2,3,14,2181
29.0,2,3,15,2187
29.0,2,4,0,2096
29.0,2,4,1,2102
29.0,2,4,2,2109
29.0,2,4,3,2116
29.0,2,4,4,2122
29.0,2,4,5,2129
29.0,2,4,6,2136
29.0,2,4,7,2142
29.0,2,4,8,2149
29.0,2,4,9,2156
29.0,2,4,10,2162
29.0,2,4,11,2169
29.0,2,4,12,2175
29.0,2,4,13,2182
29.0,2,4,14,2188
29.0,2,4,15,2195
29.0,2,5,0,2102
29.0,2,5,1,2109
29.0,2,5,2,2116
29.0,2,5,3,2123
29.0,2,5,4,2129
29.0,2,5,5,2136
29.0,2,5,6,2143
29.0,2,5,7,2149
29.0,2,5,8,2156
29.0,2,5,9,2163
29.0,2,5,10,2169
29.0,2,5,11,2176
29.0,2,5,12,2182
29.0,2,5,13,2189
29.0,2,5,14,2195
29.0,2,5,15,2202
29.0,2,6,0,2109
29.0,2,6,1,2116
29.0,2,6,2,2123
29.0,2,6,3,2130
29.0,2,6,4,2136
29.0,2,6,5,2143
29.0,2,6,6,2150
29.0,2,6,7,2156
29.0,2,6,8,2163
29.0,2,6,9,2170
29.0,2,6,10,2176
29.0,2,6,11,2183
29.0,2,6,12,2189
29.0,2,6,13,2196
29.0,2,6,14,2202
29.0,2,6,15,2209
29.0,2,7,0,2116
29.0,2,7,1,2123
29.0,2,7,2,2130
29.0,2,7,3,2136
29.0,2,7,4,2143
29.0,2,7,5,2150
29.0,2,7,6,2157
29.0,2,7,7,2163
29.0,2,7,8,2170
29.0,2,7,9,2177
29.0,2,7,10,2183
29.0,2,7,11,2190
29.0,2,7,12,2196
29.0,2,7,13,2203
29.0,2,7,14,2210
29.0,2,7,15,2216
29.0,2,8,0,2123
29.0,2,8,1,2130
29.0,2,8,2,2136
29.0,2,8,3,2143
29.0,2,8,4,2150
29.0,2,8,5,2157
29.0,2,8,6,2164
29.0,2,8,7,2170
29.0,2,8,8,2177
29.0,2,8,9,2184
29.0,2,8,10,2190
29.0,2,8,11,2197
29.0,2,8,12,2203
29.0,2,8,13,2210
29.0,2,8,14,2217
29.0,2,8,15,2223
29.0,2,9,0,2130
29.0,2,9,1,2136
29.0,2,9,2,2143
29.0,2,9,3,2150
29.0,2,9,4,2157
29.0,2,9,5,2164
29.0,2,9,6,2170
29.0,2,9,7,2177
29.0,2,9,8,2184
29.0,2,9,9,2191
29.0,2,9,10,2197
29.0,2,9,11,2204
29.0,2,9,12,2210
29.0,2,9,13,2217
29.0,2,9,14,2224
29.0,2,9,15,2230
29.0,2,10,0,2136
29.0,2,10,1,2143
29.0,2,10,2,2150
29.0,2,10,3,2157
29.0,2,10,4,2164
29.0,2,10,5,2170
29.0,2,10,6,2177
29.0,2,10,7,2184
29.0,2,10,8,2191
29.0,2,10,9,2197
29.0,2,10,10,2204
29.0,2,10,11,2211
29.0,2,10,12,2217
29.0,2,10,13,2224
29.0,2,10,14,2231
29.0,2,10,15,2237
29.0,2,11,0,2143
29.0,2,11,1,2150
29.0,2,11,2,2157
29.0,2,11,3,2164
29.0,2,11,4,2170
29.0,2,11,5,2177
29.0,2,11,6,2184
29.0,2,11,7,2191
29.0,2,11,8,2198
29.0,2,11,9,2204
29.0,2,11,10,2211
29.0,2,11,11,2218
29.0,2,11,12,2224
29.0,2,11,13,2231
29.0,2,11,14,2238
29.0,2,11,15,2244
29.0,2,12,0,2150
29.0,2,12,1,2157
29.0,2,12,2,2164
29.0,2,12,3,2170
29.0,2,12,4,2177
29.0,2,12,5,2184
29.0,2,12,6,2191
29.0,2,12,7,2198
29.0,2,12,8,2204
29.0,2,12,9,2211
29.0,2,12,10,2218
29.0,2,12,11,2225
29.0,2,12,12,2231
29.0,2,12,13,2238
29.0,2,12,14,2245
29.0,2,12,15,2251
29.0,2,13,0,2156
29.0,2,13,1,2163
29.0,2,13,2,2170
29.0,2,13,3,2177
29.0,2,13,4,2184
29.0,2,13,5,2191
29.0,2,13,6,2198
29.0,2,13,7,2205
29.0,2,13,8,2211
29.0,2,13,9,2218
29.0,2,13,10,2225
29.0,2,13,11,2232
29.0,2,13,12,2238
29.0,2,13,13,2245
29.0,2,13,14,2252
29.0,2,13,15,2258
29.0,2,14,0,2163
29.0,2,14,1,2170
29.0,2,14,2,2177
29.0,2,14,3,2184
29.0,2,14,4,2191
29.0,2,14,5,2198
29.0,2,14,6,2204
29.0,2,14,7,2211
29.0,2,14,8,2218
29.0,2,14,9,2225
29.0,2,14,10,2232
29.0,2,14,11,2238
29.0,2,14,12,2245
29.0,2,14,13,2252
29.0,2,14,14,2259
29.0,2,14,15,2265
29.0,2,15,0,2170
29.0,2,15,1,2177
29.0,2,15,2,2184
29.0,2,15,3,2191
29.0,2,15,4,2197
29.0,2,15,5,2204
29.0,2,15,6,2211
29.0,2,15,7,2218
29.0,2,15,8,2225
29.0,2,15,9,2232
29.0,2,15,10,2239
29.0,2,15,11,2245
29.0,2,15,12,2252
29.0,2,15,13,2259
29.0,2,15,14,2266
29.0,2,15,15,2272
29.0,3,0,0,2076
29.0,3,0,1,2083
29.0,3,0,2,2089
29.0,3,0,3,2096
29.0,3,0,4,2102
29.0,3,0,5,2109
29.0,3,0,6,2116
29.0,3,0,7,2122
29.0,3,0,8,2129
29.0,3,0,9,2135
29.0,3,0,10,2142
29.0,3,0,11,2148
29.0,3,0,12,2155
29.0,3,0,13,2161
29.0,3,0,14,2168
29.0,3,0,15,2174
29.0,3,1,0,2083
29.0,3,1,1,2090
29.0,3,1,2,2096
29.0,3,1,3,2103
29.0,3,1,4,2110
29.0,3,1,5,2116
29.0,3,1,6,2123
29.0,3,1,7,2129
29.0,3,1,8,2136
29.0,3,1,9,2142
29.0,3,1,10,2149
29.0,3,1,11,2155
29.0,3,1,12,2162
29.0,3,1,13,2168
29.0,3,1,14,2175
29.0,3,1,15,2181
29.0,3,2,0,2090
29.0,3,2,1,2096
29.0,3,2,2,2103
29.0,3,2,3,2110
29.0,3,2,4,2117
29.0,3,2,5,2123
29.0,3,2,6,2130
29.0,3,2,7,2136
29.0,3,2,8,2143
29.0,3,2,9,2150
29.0,3,2,10,2156
29.0,3,2,11,2163
29.0,3,2,12,2169
29.0,3,2,13,2176
29.0,3,2,14,2182
29.0,3,2,15,2189
29.0,3,3,0,2097
29.0,3,3,1,2103
29.0,3,3,2,2110
29.0,3,3,3,2117
29.0,3,3,4,2124
29.0,3,3,5,2130
29.0,3,3,6,2137
29.0,3,3,7,2143
29.0,3,3,8,2150
29.0,3,3,9,2157
29.0,3,3,10,2163
29.0,3,3,11,2170
29.0,3,3,12,2176
29.0,3,3,13,2183
29.0,3,3,14,2189
29.0,3,3,15,2196
29.0,3,4,0,2104
29.0,3,4,1,2110
29.0,3,4,2,2117
29.0,3,4,3,2124
29.0,3,4,4,2131
29.0,3,4,5,2137
29.0,3,4,6,2144
29.0,3,4,7,2151
29.0,3,4,8,2157
29.0,3,4,9,2164
29.0,3,4,10,2170
29.0,3,4,11,2177
29.0,3,4,12,2183
29.0,3,4,13,2190
29.0,3,4,14,2197
29.0,3,4,15,2203
29.0,3,5,0,2110
29.0,3,5,1,2117
29.0,3,5,2,2124
29.0,3,5,3,2131
29.0,3,5,4,2137
29.0,3,5,5,2144
29.0,3,5,6,2151
29.0,3,5,7,2158
29.0,3,5,8,2164
29.0,3,5,9,2171
29.0,3,5,10,2177
29.0,3,5,11,2184
29.0,3,5,12,2191
29.0,3,5,13,2197
29.0,3,5,14,2204
29.0,3,5,15,2210
29.0,3,6,0,2117
29.0,3,6,1,2124
29.0,3,6,2,2131
29.0,3,6,3,2138
29.0,3,6,4,2144
29.0,3,6,5,2151
29.0,3,6,6,2158
29.0,3,6,7,2165
29.0,3,6,8,2171
29.0,3,6,9,2178
29.0,3,6,10,2185
29.0,3,6,11,2191
29.0,3,6,12,2198
29.0,3,6,13,2204
29.0,3,6,14,2211
29.0,3,6,15,2217
29.0,3,7,0,2124
29.0,3,7,1,2131
29.0,3,7,2,2138
29.0,3,7,3,2145
29.0,3,7,4,2151
29.0,3,7,5,2158
29.0,3,7,6,2165
29.0,3,7,7,2172
29.0,3,7,8,2178
29.0,3,7,9,2185
29.0,3,7,10,2192
29.0,3,7,11,2198
29.0,3,7,12,2205
29.0,3,7,13,2211
29.0,3,7,14,2218
29.0,3,7,15,2225
29.0,3,8,0,2131
29.0,3,8,1,2138
29.0,3,8,2,2145
29.0,3,8,3,2151
29.0,3,8,4,2158
29.0,3,8,5,2165
29.0,3,8,6,2172
29.0,3,8,7,2178
29.0,3,8,8,2185
29.0,3,8,9,2192
29.0,3,8,10,2199
29.0,3,8,11,2205
29.0,3,8,12,2212
29.0,3,8,13,2218
29.0,3,8,14,2225
29.0,3,8,15,2232
29.0,3,9,0,2138
29.0,3,9,1,2145
29.0,3,9,2,2151
29.0,3,9,3,2158
29.0,3,9,4,2165
29.0,3,9,5,2172
29.0,3,9,6,2179
29.0,3,9,7,2185
29.0,3,9,8,2192
29.0,3,9,9,2199
29.0,3,9,10,2206
29.0,3,9,11,2212
29.0,3,9,12,2219
29.0,3,9,13,2226
29.0,3,9,14,2232
29.0,3,9,15,2239
29.0,3,10,0,2144
29.0,3,10,1,2151
29.0,3,10,2,2158
29.0,3,10,3,2165
29.0,3,10,4,2172
29.0,3,10,5,2179
29.0,3,10,6,2186
29.0,3,10,7,2192
29.0,3,10,8,2199
29.0,3,10,9,2206
29.0,3,10,10,2213
29.0,3,10,11,2219
29.0,3,10,12,2226
29.0,3,10,13,2233
29.0,3,10,14,2239
29.0,3,10,15,2246
29.0,3,11,0,2151
29.0,3,11,1,2158
29.0,3,11,2,2165
29.0,3,11,3,2172
29.0,3,11,4,2179
29.0,3,11,5,2186
29.0,3,11,6,2192
29.0,3,11,7,2199
29.0,3,11,8,2206
29.0,3,11,9,2213
29.0,3,11,10,2219
29.0,3,11,11,2226
29.0,3,11,12,2233
29.0,3,11,13,2240
29.0,3,11,14,2246
29.0,3,11,15,2253
29.0,3,12,0,2158
29.0,3,12,1,2165
29.0,3,12,2,2172
29.0,3,12,3,2179
29.0,3,12,4,2186
29.0,3,12,5,2192
29.0,3,12,6,2199
29.0,3,12,7,2206
29.0,3,12,8,2213
29.0,3,12,9,2220
29.0,3,12,10,2226
29.0,3,12,11,2233
29.0,3,12,12,2240
29.0,3,12,13,2247
29.0,3,12,14,2253
29.0,3,12,15,2260
29.0,3,13,0,2165
29.0,3,13,1,2172
29.0,3,13,2,2178
29.0,3,13,3,2185
29.0,3,13,4,2192
29.0,3,13,5,2199
29.0,3,13,6,2206
29.0,3,13,7,2213
29.0,3,13,8,2220
29.0,3,13,9,2227
29.0,3,13,10,2233
29.0,3,13,11,2240
29.0,3,13,12,2247
29.0,3,13,13,2254
29.0,3,13,14,2260
29.0,3,13,15,2267
29.0,3,14,0,2171
29.0,3,14,1,2178
29.0,3,14,2,2185
29.0,3,14,3,2192
29.0,3,14,4,2199
29.0,3,14,5,2206
29.0,3,14,6,2213
29.0,3,14,7,2220
29.0,3,14,8,2227
29.0,3,14,9,2233
29.0,3,14,10,2240
29.0,3,14,11,2247
29.0,3,14,12,2254
29.0,3,14,13,2260
29.0,3,14,14,2267
29.0,3,14,15,2274
29.0,3,15,0,2178
29.0,3,15,1,2185
29.0,3,15,2,2192
29.0,3,15,3,2199
29.0,3,15,4,2206
29.0,3,15,5,2213
29.0,3,15,6,2220
29.0,3,15,7,2227
29.0,3,15,8,2233
29.0,3,15,9,2240
29.0,3,15,10,2247
29.0,3,15,11,2254
29.0,3,15,12,2261
29.0,3,15,13,2267
29.0,3,15,14,2274
29.0,3,15,15,2281
29.0,4,0,0,2084
29.0,4,0,1,2090
29.0,4,0,2,2097
29.0,4,0,3,2104
29.0,4,0,4,2110
29.0,4,0,5,2117
29.0,4,0,6,2124
29.0,4,0,7,2130
29.0,4,0,8,2137
29.0,4,0,9,2143
29.0,4,0,10,2150
29.0,4,0,11,2156
29.0,4,0,12,2163
29.0,4,0,13,2169
29.0,4,0,14,2176
29.0,4,0,15,2182
29.0,4,1,0,2091
29.0,4,1,1,2097
29.0,4,1,2,2104
29.0,4,1,3,2111
29.0,4,1,4,2118
29.0,4,1,5,2124
29.0,4,1,6,2131
29.0,4,1,7,2137
29.0,4,1,8,2144
29.0,4,1,9,2151
29.0,4,1,10,2157
29.0,4,1,11,2164
29.0,4,1,12,2170
29.0,4,1,13,2177
29.0,4,1,14,2183
29.0,4,1,15,2190
29.0,4,2,0,2098
29.0,4,2,1,2104
29.0,4,2,2,2111
29.0,4,2,3,2118
29.0,4,2,4,2125
29.0,4,2,5,2131
29.0,4,2,6,2138
29.0,4,2,7,2145
29.0,4,2,8,2151
29.0,4,2,9,2158
29.0,4,2,10,2164
29.0,4,2,11,2171
29.0,4,2,12,2177
29.0,4,2,13,2184
29.0,4,2,14,2190
29.0,4,2,15,2197
29.0,4,3,0,2105
29.0,4,3,1,2111
29.0,4,3,2,2118
29.0,4,3,3,2125
29.0,4,3,4,2132
29.0,4,3,5,2138
29.0,4,3,6,2145
29.0,4,3,7,2152
29.0,4,3,8,2158
29.0,4,3,9,2165
29.0,4,3,10,2171
29.0,4,3,11,2178
29.0,4,3,12,2185
29.0,4,3,13,2191
29.0,4,3,14,2198
29.0,4,3,15,2204
29.0,4,4,0,2112
29.0,4,4,1,2118
29.0,4,4,2,2125
29.0,4,4,3,2132
29.0,4,4,4,2139
29.0,4,4,5,2145
29.0,4,4,6,2152
29.0,4,4,7,2159
29.0,4,4,8,2165
29.0,4,4,9,2172
29.0,4,4,10,2179
29.0,4,4,11,2185
29.0,4,4,12,2192
29.0,4,4,13,2198
29.0,4,4,14,2205
29.0,4,4,15,2211
29.0,4,5,0,2118
29.0,4,5,1,2125
29.0,4,5,2,2132
29.0,4,5,3,2139
29.0,4,5,4,2146
29.0,4,5,5,2152
29.0,4,5,6,2159
29.0,4,5,7,2166
29.0,4,5,8,2172
29.0,4,5,9,2179
29.0,4,5,10,2186
29.0,4,5,11,2192
29.0,4,5,12,2199
29.0,4,5,13,2205
29.0,4,5,14,2212
29.0,4,5,15,2219
29.0,4,6,0,2125
29.0,4,6,1,2132
29.0,4,6,2,2139
29.0,4,6,3,2146
29.0,4,6,4,2153
29.0,4,6,5,2159
29.0,4,6,6,2166
29.0,4,6,7,2173
29.0,4,6,8,2179
29.0,4,6,9,2186
29.0,4,6,10,2193
29.0,4,6,11,2199
29.0,4,6,12,2206
29.0,4,6,13,2213
29.0,4,6,14,2219
29.0,4,6,15,2226
29.0,4,7,0,2132
29.0,4,7,1,2139
29.0,4,7,2,2146
29.0,4,7,3,2153
29.0,4,7,4,2159
29.0,4,7,5,2166
29.0,4,7,6,2173
29.0,4,7,7,2180
29.0,4,7,8,2186
29.0,4,7,9,2193
29.0,4,7,10,2200
29.0,4,7,11,2206
29.0,4,7,12,2213
29.0,4,7,13,2220
29.0,4,7,14,2226
29.0,4,7,15,2233
29.0,4,8,0,2139
29.0,4,8,1,2146
29.0,4,8,2,2153
29.0,4,8,3,2160
29.0,4,8,4,2166
29.0,4,8,5,2173
29.0,4,8,6,2180
29.0,4,8,7,2187
29.0,4,8,8,2193
29.0,4,8,9,2200
29.0,4,8,10,2207
29.0,4,8,11,2214
29.0,4,8,12,2220
29.0,4,8,13,2227
29.0,4,8,14,2233
29.0,4,8,15,2240
29.0,4,9,0,2146
29.0,4,9,1,2153
29.0,4,9,2,2160
29.0,4,9,3,2166
29.0,4,9,4,2173
29.0,4,9,5,2180
29.0,4,9,6,2187
29.0,4,9,7,2194
29.0,4,9,8,2200
29.0,4,9,9,2207
29.0,4,9,10,2214
29.0,4,9,11,2221
29.0,4,9,12,2227
29.0,4,9,13,2234
29.0,4,9,14,2241
29.0,4,9,15,2247
29.0,4,10,0,2153
29.0,4,10,1,2159
29.0,4,10,2,2166
29.0,4,10,3,2173
29.0,4,10,4,2180
29.0,4,10,5,2187
29.0,4,10,6,2194
29.0,4,10,7,2201
29.0,4,10,8,2207
29.0,4,10,9,2214
29.0,4,10,10,2221
29.0,4,10,11,2228
29.0,4,10,12,2234
29.0,4,10,13,2241
29.0,4,10,14,2248
29.0,4,10,15,2254
29.0,4,11,0,2159
29.0,4,11,1,2166
29.0,4,11,2,2173
29.0,4,11,3,2180
29.0,4,11,4,2187
29.0,4,11,5,2194
29.0,4,11,6,2201
29.0,4,11,7,2208
29.0,4,11,8,2214
29.0,4,11,9,2221
29.0,4,11,10,2228
29.0,4,11,11,2235
29.0,4,11,12,2241
29.0,4,11,13,2248
29.0,4,11,14,2255
29.0,4,11,15,2261
29.0,4,12,0,2166
29.0,4,12,1,2173
29.0,4,12,2,2180
29.0,4,12,3,2187
29.0,4,12,4,2194
29.0,4,12,5,2201
29.0,4,12,6,2208
29.0,4,12,7,2214
29.0,4,12,8,2221
29.0,4,12,9,2228
29.0,4,12,10,2235
29.0,4,12,11,2242
29.0,4,12,12,2248
29.0,4,12,13,2255
29.0,4,12,14,2262
29.0,4,12,15,2268
29.0,4,13,0,2173
29.0,4,13,1,2180
29.0,4,13,2,2187
29.0,4,13,3,2194
29.0,4,13,4,2201
29.0,4,13,5,2208
29.0,4,13,6,2214
29.0,4,13,7,2221
29.0,4,13,8,2228
29.0,4,13,9,2235
29.0,4,13,10,2242
29.0,4,13,11,2249
29.0,4,13,12,2255
29.0,4,13,13,2262
29.0,4,13,14,2269
29.0,4,13,15,2275
29.0,4,14,0,2179
29.0,4,14,1,2186
29.0,4,14,2,2193
29.0,4,14,3,2200
29.0,4,14,4,2207
29.0,4,14,5,2214
29.0,4,14,6,2221
29.0,4,14,7,2228
29.0,4,14,8,2235
29.0,4,14,9,2242
29.0,4,14,10,2249
29.0,4,14,11,2255
29.0,4,14,12,2262
29.0,4,14,13,2269
29.0,4,14,14,2276
29.0,4,14,15,2282
29.0,4,15,0,2186
29.0,4,15,1,2193
29.0,4,15,2,2200
29.0,4,15,3,2207
29.0,4,15,4,2214
29.0,4,15,5,2221
29.0,4,15,6,2228
29.0,4,15,7,2235
29.0,4,15,8,2242
29.0,4,15,9,2249
29.0,4,15,10,2256
29.0,4,15,11,2262
29.0,4,15,12,2269
29.0,4,15,13,2276
29.0,4,15,14,2283
29.0,4,15,15,2289
29.0,5,0,0,2092
29.0,5,0,1,2098
29.0,5,0,2,2105
29.0,5,0,3,2112
29.0,5,0,4,2118
29.0,5,0,5,2125
29.0,5,0,6,2132
29.0,5,0,7,2138
29.0,5,0,8,2145
29.0,5,0,9,2151
29.0,5,0,10,2158
29.0,5,0,11,2165
29.0,5,0,12,2171
29.0,5,0,13,2178
29.0,5,0,14,2184
29.0,5,0,15,2190
29.0,5,1,0,2099
29.0,5,1,1,2105
29.0,5,1,2,2112
29.0,5,1,3,2119
29.0,5,1,4,2126
29.0,5,1,5,2132
29.0,5,1,6,2139
29.0,5,1,7,2145
29.0,5,1,8,2152
29.0,5,1,9,2159
29.0,5,1,10,2165
29.0,5,1,11,2172
29.0,5,1,12,2178
29.0,5,1,13,2185
29.0,5,1,14,2191
29.0,5,1,15,2198
29.0,5,2,0,2106
29.0,5,2,1,2112
29.0,5,2,2,2119
29.0,5,2,3,2126
29.0,5,2,4,2133
29.0,5,2,5,2139
29.0,5,2,6,2146
29.0,5,2,7,2153
29.0,5,2,8,2159
29.0,5,2,9,2166
29.0,5,2,10,2172
29.0,5,2,11,2179
29.0,5,2,12,2186
29.0,5,2,13,2192
29.0,5,2,14,2199
29.0,5,2,15,2205
29.0,5,3,0,2113
29.0,5,3,1,2119
29.0,5,3,2,2126
29.0,5,3,3,2133
29.0,5,3,4,2140
29.0,5,3,5,2146
29.0,5,3,6,2153
29.0,5,3,7,2160
29.0,5,3,8,2166
29.0,5,3,9,2173
29.0,5,3,10,2180
29.0,5,3,11,2186
29.0,5,3,12,2193
29.0,5,3,13,2199
29.0,5,3,14,2206
29.0,5,3,15,2212
29.0,5,4,0,2119
29.0,5,4,1,2126
29.0,5,4,2,2133
29.0,5,4,3,2140
29.0,5,4,4,2147
29.0,5,4,5,2153
29.0,5,4,6,2160
29.0,5,4,7,2167
29.0,5,4,8,2174
29.0,5,4,9,2180
29.0,5,4,10,2187
29.0,5,4,11,2193
29.0,5,4,12,2200
29.0,5,4,13,2207
29.0,5,4,14,2213
29.0,5,4,15,2220
29.0,5,5,0,2126
29.0,5,5,1,2133
29.0,5,5,2,2140
29.0,5,5,3,2147
29.0,5,5,4,2154
29.0,5,5,5,2160
29.0,5,5,6,2167
29.0,5,5,7,2174
29.0,5,5,8,2181
29.0,5,5,9,2187
29.0,5,5,10,2194
29.0,5,5,11,2201
29.0,5,5,12,2207
29.0,5,5,13,2214
29.0,5,5,14,2220
29.0,5,5,15,2227
29.0,5,6,0,2133
29.0,5,6,1,2140
29.0,5,6,2,2147
29.0,5,6,3,2154
29.0,5,6,4,2161
29.0,5,6,5,2167
29.0,5,6,6,2174
29.0,5,6,7,2181
29.0,5,6,8,2188
29.0,5,6,9,2194
29.0,5,6,10,2201
29.0,5,6,11,2208
29.0,5,6,12,2214
29.0,5,6,13,2221
29.0,5,6,14,2228
29.0,5,6,15,2234
29.0,5,7,0,2140
29.0,5,7,1,2147
29.0,5,7,2,2154
29.0,5,7,3,2161
29.0,5,7,4,2168
29.0,5,7,5,2174
29.0,5,7,6,2181
29.0,5,7,7,2188
29.0,5,7,8,2195
29.0,5,7,9,2201
29.0,5,7,10,2208
29.0,5,7,11,2215
29.0,5,7,12,2221
29.0,5,7,13,2228
29.0,5,7,14,2235
29.0,5,7,15,2241
29.0,5,8,0,2147
29.0,5,8,1,2154
29.0,5,8,2,2161
29.0,5,8,3,2168
29.0,5,8,4,2175
29.0,5,8,5,2181
29.0,5,8,6,2188
29.0,5,8,7,2195
29.0,5,8,8,2202
29.0,5,8,9,2208
29.0,5,8,10,2215
29.0,5,8,11,2222
29.0,5,8,12,2229
29.0,5,8,13,2235
29.0,5,8,14,2242
29.0,5,8,15,2249
29.0,5,9,0,2154
29.0,5,9,1,2161
29.0,5,9,2,2168
29.0,5,9,3,2175
29.0,5,9,4,2181
29.0,5,9,5,2188
29.0,5,9,6,2195
29.0,5,9,7,2202
29.0,5,9,8,2209
29.0,5,9,9,2216
29.0,5,9,10,2222
29.0,5,9,11,2229
29.0,5,9,12,2236
29.0,5,9,13,2242
29.0,5,9,14,2249
29.0,5,9,15,2256
29.0,5,10,0,2161
29.0,5,10,1,2168
29.0,5,10,2,2175
29.0,5,10,3,2181
29.0,5,10,4,2188
29.0,5,10,5,2195
29.0,5,10,6,2202
29.0,5,10,7,2209
29.0,5,10,8,2216
29.0,5,10,9,2223
29.0,5,10,10,2229
29.0,5,10,11,2236
29.0,5,10,12,2243
29.0,5,10,13,2249
29.0,5,10,14,2256
29.0,5,10,15,2263
29.0,5,11,0,2167
29.0,5,11,1,2174
29.0,5,11,2,2181
29.0,5,11,3,2188
29.0,5,11,4,2195
29.0,5,11,5,2202
29.0,5,11,6,2209
29.0,5,11,7,2216
29.0,5,11,8,2223
29.0,5,11,9,2229
29.0,5,11,10,2236
29.0,5,11,11,2243
29.0,5,11,12,2250
29.0,5,11,13,2257
29.0,5,11,14,2263
29.0,5,11,15,2270
29.0,5,12,0,2174
29.0,5,12,1,2181
29.0,5,12,2,2188
29.0,5,12,3,2195
29.0,5,12,4,2202
29.0,5,12,5,2209
29.0,5,12,6,2216
29.0,5,12,7,2223
29.0,5,12,8,2230
29.0,5,12,9,2236
29.0,5,12,10,2243
29.0,5,12,11,2250
29.0,5,12,12,2257
29.0,5,12,13,2264
29.0,5,12,14,2270
29.0,5,12,15,2277
29.0,5,13,0,2181
29.0,5,13,1,2188
29.0,5,13,2,2195
29.0,5,13,3,2202
29.0,5,13,4,2209
29.0,5,13,5,2216
29.0,5,13,6,2223
29.0,5,13,7,2230
29.0,5,13,8,2237
29.0,5,13,9,2243
29.0,5,13,10,2250
29.0,5,13,11,2257
29.0,5,13,12,2264
29.0,5,13,13,2271
29.0,5,13,14,2277
29.0,5,13,15,2284
29.0,5,14,0,2188
29.0,5,14,1,2195
29.0,5,14,2,2202
29.0,5,14,3,2209
29.0,5,14,4,2216
29.0,5,14,5,2223
29.0,5,14,6,2230
29.0,5,14,7,2237
29.0,5,14,8,2243
29.0,5,14,9,2250
29.0,5,14,10,2257
29.0,5,14,11,2264
29.0,5,14,12,2271
29.0,5,14,13,2278
29.0,5,14,14,2284
29.0,5,14,15,2291
29.0,5,15,0,2194
29.0,5,15,1,2201
29.0,5,15,2,2208
29.0,5,15,3,2216
29.0,5,15,4,2223
29.0,5,15,5,2229
29.0,5,15,6,2236
29.0,5,15,7,2243
29.0,5,15,8,2250
29.0,5,15,9,2257
29.0,5,15,10,2264
29.0,5,15,11,2271
29.0,5,15,12,2278
29.0,5,15,13,2285
29.0,5,15,14,2291
29.0,5,15,15,2298
29.0,6,0,0,2099
29.0,6,0,1,2106
29.0,6,0,2,2113
29.0,6,0,3,2120
29.0,6,0,4,2126
29.0,6,0,5,2133
29.0,6,0,6,2140
29.0,6,0,7,2146
29.0,6,0,8,2153
29.0,6,0,9,2160
29.0,6,0,10,2166
29.0,6,0,11,2173
29.0,6,0,12,2179
29.0,6,0,13,2186
29.0,6,0,14,2192
29.0,6,0,15,2199
29.0,6,1,0,2106
29.0,6,1,1,2113
29.0,6,1,2,2120
29.0,6,1,3,2127
29.0,6,1,4,2134
29.0,6,1,5,2140
29.0,6,1,6,2147
29.0,6,1,7,2154
29.0,6,1,8,2160
29.0,6,1,9,2167
29.0,6,1,10,2173
29.0,6,1,11,2180
29.0,6,1,12,2187
29.0,6,1,13,2193
29.0,6,1,14,2200
29.0,6,1,15,2206
29.0,6,2,0,2114
29.0,6,2,1,2120
29.0,6,2,2,2127
29.0,6,2,3,2134
29.0,6,2,4,2141
29.0,6,2,5,2147
29.0,6,2,6,2154
29.0,6,2,7,2161
29.0,6,2,8,2167
29.0,6,2,9,2174
29.0,6,2,10,2181
29.0,6,2,11,2187
29.0,6,2,12,2194
29.0,6,2,13,2200
29.0,6,2,14,2207
29.0,6,2,15,2213
29.0,6,3,0,2120
29.0,6,3,1,2127
29.0,6,3,2,2134
29.0,6,3,3,2141
29.0,6,3,4,2148
29.0,6,3,5,2154
29.0,6,3,6,2161
29.0,6,3,7,2168
29.0,6,3,8,2175
29.0,6,3,9,2181
29.0,6,3,10,2188
29.0,6,3,11,2194
29.0,6,3,12,2201
29.0,6,3,13,2208
29.0,6,3,14,2214
29.0,6,3,15,2221
29.0,6,4,0,2127
29.0,6,4,1,2134
29.0,6,4,2,2141
29.0,6,4,3,2148
29.0,6,4,4,2155
29.0,6,4,5,2162
29.0,6,4,6,2168
29.0,6,4,7,2175
29.0,6,4,8,2182
29.0,6,4,9,2188
29.0,6,4,10,2195
29.0,6,4,11,2202
29.0,6,4,12,2208
29.0,6,4,13,2215
29.0,6,4,14,2221
29.0,6,4,15,2228
29.0,6,5,0,2134
29.0,6,5,1,2141
29.0,6,5,2,2148
29.0,6,5,3,2155
29.0,6,5,4,2162
29.0,6,5,5,2169
29.0,6,5,6,2175
29.0,6,5,7,2182
29.0,6,5,8,2189
29.0,6,5,9,2196
29.0,6,5,10,2202
29.0,6,5,11,2209
29.0,6,5,12,2215
29.0,6,5,13,2222
29.0,6,5,14,2229
29.0,6,5,15,2235
29.0,6,6,0,2141
29.0,6,6,1,2148
29.0,6,6,2,2155
29.0,6,6,3,2162
29.0,6,6,4,2169
29.0,6,6,5,2176
29.0,6,6,6,2182
29.0,6,6,7,2189
29.0,6,6,8,2196
29.0,6,6,9,2203
29.0,6,6,10,2209
29.0,6,6,11,2216
29.0,6,6,12,2223
29.0,6,6,13,2229
29.0,6,6,14,2236
29.0,6,6,15,2243
29.0,6,7,0,2148
29.0,6,7,1,2155
29.0,6,7,2,2162
29.0,6,7,3,2169
29.0,6,7,4,2176
29.0,6,7,5,2183
29.0,6,7,6,2189
29.0,6,7,7,2196
29.0,6,7,8,2203
29.0,6,7,9,2210
29.0,6,7,10,2216
29.0,6,7,11,2223
29.0,6,7,12,2230
29.0,6,7,13,2237
29.0,6,7,14,2243
29.0,6,7,15,2250
29.0,6,8,0,2155
29.0,6,8,1,2162
29.0,6,8,2,2169
29.0,6,8,3,2176
29.0,6,8,4,2183
29.0,6,8,5,2190
29.0,6,8,6,2196
29.0,6,8,7,2203
29.0,6,8,8,2210
29.0,6,8,9,2217
29.0,6,8,10,2224
29.0,6,8,11,2230
29.0,6,8,12,2237
29.0,6,8,13,2244
29.0,6,8,14,2250
29.0,6,8,15,2257
29.0,6,9,0,2162
29.0,6,9,1,2169
29.0,6,9,2,2176
29.0,6,9,3,2183
29.0,6,9,4,2190
29.0,6,9,5,2197
29.0,6,9,6,2203
29.0,6,9,7,2210
29.0,6,9,8,2217
29.0,6,9,9,2224
29.0,6,9,10,2231
29.0,6,9,11,2237
29.0,6,9,12,2244
29.0,6,9,13,2251
29.0,6,9,14,2257
29.0,6,9,15,2264
29.0,6,10,0,2169
29.0,6,10,1,2176
29.0,6,10,2,2183
29.0,6,10,3,2190
29.0,6,10,4,2197
29.0,6,10,5,2203
29.0,6,10,6,2210
29.0,6,10,7,2217
29.0,6,10,8,2224
29.0,6,10,9,2231
29.0,6,10,10,2238
29.0,6,10,11,2244
29.0,6,10,12,2251
29.0,6,10,13,2258
29.0,6,10,14,2265
29.0,6,10,15,2271
29.0,6,11,0,2176
29.0,6,11,1,2183
29.0,6,11,2,2190
29.0,6,11,3,2197
29.0,6,11,4,2203
29.0,6,11,5,2210
29.0,6,11,6,2217
29.0,6,11,7,2224
29.0,6,11,8,2231
29.0,6,11,9,2238
29.0,6,11,10,2245
29.0,6,11,11,2251
29.0,6,11,12,2258
29.0,6,11,13,2265
29.0,6,11,14,2272
29.0,6,11,15,2278
29.0,6,12,0,2182
29.0,6,12,1,2189
29.0,6,12,2,2196
29.0,6,12,3,2203
29.0,6,12,4,2210
29.0,6,12,5,2217
29.0,6,12,6,2224
29.0,6,12,7,2231
29.0,6,12,8,2238
29.0,6,12,9,2245
29.0,6,12,10,2252
29.0,6,12,11,2259
29.0,6,12,12,2265
29.0,6,12,13,2272
29.0,6,12,14,2279
29.0,6,12,15,2286
29.0,6,13,0,2189
29.0,6,13,1,2196
29.0,6,13,2,2203
29.0,6,13,3,2210
29.0,6,13,4,2217
29.0,6,13,5,2224
29.0,6,13,6,2231
29.0,6,13,7,2238
29.0,6,13,8,2245
29.0,6,13,9,2252
29.0,6,13,10,2259
29.0,6,13,11,2266
29.0,6,13,12,2272
29.0,6,13,13,2279
29.0,6,13,14,2286
29.0,6,13,15,2293
29.0,6,14,0,2196
29.0,6,14,1,2203
29.0,6,14,2,2210
29.0,6,14,3,2217
29.0,6,14,4,2224
29.0,6,14,5,2231
29.0,6,14,6,2238
29.0,6,14,7,2245
29.0,6,14,8,2252
29.0,6,14,9,2259
29.0,6,14,10,2266
29.0,6,14,11,2272
29.0,6,14,12,2279
29.0,6,14,13,2286
29.0,6,14,14,2293
29.0,6,14,15,2300
29.0,6,15,0,2203
29.0,6,15,1,2210
29.0,6,15,2,2217
29.0,6,15,3,2224
29.0,6,15,4,2231
29.0,6,15,5,2238
29.0,6,15,6,2245
29.0,6,15,7,2252
29.0,6,15,8,2259
29.0,6,15,9,2266
29.0,6,15,10,2273
29.0,6,15,11,2279
29.0,6,15,12,2286
29.0,6,15,13,2293
29.0,6,15,14,2300
29.0,6,15,15,2307
29.0,7,0,0,2107
29.0,7,0,1,2114
29.0,7,0,2,2121
29.0,7,0,3,2128
29.0,7,0,4,2134
29.0,7,0,5,2141
29.0,7,0,6,2148
29.0,7,0,7,2154
29.0,7,0,8,2161
29.0,7,0,9,2168
29.0,7,0,10,2174
29.0,7,0,11,2181
29.0,7,0,12,2187
29.0,7,0,13,2194
29.0,7,0,14,2200
29.0,7,0,15,2207
29.0,7,1,0,2114
29.0,7,1,1,2121
29.0,7,1,2,2128
29.0,7,1,3,2135
29.0,7,1,4,2141
29.0,7,1,5,2148
29.0,7,1,6,2155
29.0,7,1,7,2162
29.0,7,1,8,2168
29.0,7,1,9,2175
29.0,7,1,10,2182
29.0,7,1,11,2188
29.0,7,1,12,2195
29.0,7,1,13,2201
29.0,7,1,14,2208
29.0,7,1,15,2214
29.0,7,2,0,2121
29.0,7,2,1,2128
29.0,7,2,2,2135
29.0,7,2,3,2142
29.0,7,2,4,2149
29.0,7,2,5,2155
29.0,7,2,6,2162
29.0,7,2,7,2169
29.0,7,2,8,2175
29.0,7,2,9,2182
29.0,7,2,10,2189
29.0,7,2,11,2195
29.0,7,2,12,2202
29.0,7,2,13,2209
29.0,7,2,14,2215
29.0,7,2,15,2222
29.0,7,3,0,2128
29.0,7,3,1,2135
29.0,7,3,2,2142
29.0,7,3,3,2149
29.0,7,3,4,2156
29.0,7,3,5,2162
29.0,7,3,6,2169
29.0,7,3,7,2176
29.0,7,3,8,2183
29.0,7,3,9,2189
29.0,7,3,10,2196
29.0,7,3,11,2203
29.0,7,3,12,2209
29.0,7,3,13,2216
29.0,7,3,14,2223
29.0,7,3,15,2229
29.0,7,4,0,2135
29.0,7,4,1,2142
29.0,7,4,2,2149
29.0,7,4,3,2156
29.0,7,4,4,2163
29.0,7,4,5,2170
29.0,7,4,6,2176
29.0,7,4,7,2183
29.0,7,4,8,2190
29.0,7,4,9,2197
29.0,7,4,10,2203
29.0,7,4,11,2210
29.0,7,4,12,2217
29.0,7,4,13,2223
29.0,7,4,14,2230
29.0,7,4,15,2236
29.0,7,5,0,2142
29.0,7,5,1,2149
29.0,7,5,2,2156
29.0,7,5,3,2163
29.0,7,5,4,2170
29.0,7,5,5,2177
29.0,7,5,6,2183
29.0,7,5,7,2190
29.0,7,5,8,2197
29.0,7,5,9,2204
29.0,7,5,10,2210
29.0,7,5,11,2217
29.0,7,5,12,2224
29.0,7,5,13,2230
29.0,7,5,14,2237
29.0,7,5,15,2244
29.0,7,6,0,2149
29.0,7,6,1,2156
29.0,7,6,2,2163
29.0,7,6,3,2170
29.0,7,6,4,2177
29.0,7,6,5,2184
29.0,7,6,6,2191
29.0,7,6,7,2197
29.0,7,6,8,2204
29.0,7,6,9,2211
29.0,7,6,10,2218
29.0,7,6,11,2224
29.0,7,6,12,2231
29.0,7,6,13,2238
29.0,7,6,14,2244
29.0,7,6,15,2251
29.0,7,7,0,2156
29.0,7,7,1,2163
29.0,7,7,2,2170
29.0,7,7,3,2177
29.0,7,7,4,2184
29.0,7,7,5,2191
29.0,7,7,6,2198
29.0,7,7,7,2204
29.0,7,7,8,2211
29.0,7,7,9,2218
29.0,7,7,10,2225
29.0,7,7,11,2231
29.0,7,7,12,2238
29.0,7,7,13,2245
29.0,7,7,14,2252
29.0,7,7,15,2258
29.0,7,8,0,2163
29.0,7,8,1,2170
29.0,7,8,2,2177
29.0,7,8,3,2184
29.0,7,8,4,2191
29.0,7,8,5,2198
29.0,7,8,6,2205
29.0,7,8,7,2211
29.0,7,8,8,2218
29.0,7,8,9,2225
29.0,7,8,10,2232
29.0,7,8,11,2239
29.0,7,8,12,2245
29.0,7,8,13,2252
29.0,7,8,14,2259
29.0,7,8,15,2265
29.0,7,9,0,2170
29.0,7,9,1,2177
29.0,7,9,2,2184
29.0,7,9,3,2191
29.0,7,9,4,2198
29.0,7,9,5,2205
29.0,7,9,6,2212
29.0,7,9,7,2219
29.0,7,9,8,2225
29.0,7,9,9,2232
29.0,7,9,10,2239
29.0,7,9,11,2246
29.0,7,9,12,2253
29.0,7,9,13,2259
29.0,7,9,14,2266
29.0,7,9,15,2273
29.0,7,10,0,2177
29.0,7,10,1,2184
29.0,7,10,2,2191
29.0,7,10,3,2198
29.0,7,10,4,2205
29.0,7,10,5,2212
29.0,7,10,6,2219
29.0,7,10,7,2226
29.0,7,10,8,2232
29.0,7,10,9,2239
29.0,7,10,10,2246
29.0,7,10,11,2253
29.0,7,10,12,2260
29.0,7,10,13,2266
29.0,7,10,14,2273
29.0,7,10,15,2280
29.0,7,11,0,2184
29.0,7,11,1,2191
29.0,7,11,2,2198
29.0,7,11,3,2205
29.0,7,11,4,2212
29.0,7,11,5,2219
29.0,7,11,6,2226
29.0,7,11,7,2233
29.0,7,11,8,2239
29.0,7,11,9,2246
29.0,7,11,10,2253
29.0,7,11,11,2260
29.0,7,11,12,2267
29.0,7,11,13,2273
29.0,7,11,14,2280
29.0,7,11,15,2287
29.0,7,12,0,2191
29.0,7,12,1,2198
29.0,7,12,2,2205
29.0,7,12,3,2212
29.0,7,12,4,2219
29.0,7,12,5,2226
29.0,7,12,6,2233
29.0,7,12,7,2239
29.0,7,12,8,2246
29.0,7,12,9,2253
29.0,7,12,10,2260
29.0,7,12,11,2267
29.0,7,12,12,2274
29.0,7,12,13,2281
29.0,7,12,14,2287
29.0,7,12,15,2294
29.0,7,13,0,2197
29.0,7,13,1,2204
29.0,7,13,2,2211
29.0,7,13,3,2219
29.0,7,13,4,2226
29.0,7,13,5,2233
29.0,7,13,6,2239
29.0,7,13,7,2246
29.0,7,13,8,2253
29.0,7,13,9,2260
29.0,7,13,10,2267
29.0,7,13,11,2274
29.0,7,13,12,2281
29.0,7,13,13,2288
29.0,7,13,14,2294
29.0,7,13,15,2301
29.0,7,14,0,2204
29.0,7,14,1,2211
29.0,7,14,2,2218
29.0,7,14,3,2225
29.0,7,14,4,2232
29.0,7,14,5,2239
29.0,7,14,6,2246
29.0,7,14,7,2253
29.0,7,14,8,2260
29.0,7,14,9,2267
29.0,7,14,10,2274
29.0,7,14,11,2281
29.0,7,14,12,2288
29.0,7,14,13,2295
29.0,7,14,14,2302
29.0,7,14,15,2308
29.0,7,15,0,2211
29.0,7,15,1,2218
29.0,7,15,2,2225
29.0,7,15,3,2232
29.0,7,15,4,2239
29.0,7,15,5,2246
29.0,7,15,6,2253
29.0,7,15,7,2260
29.0,7,15,8,2267
29.0,7,15,9,2274
29.0,7,15,10,2281
29.0,7,15,11,2288
29.0,7,15,12,2295
29.0,7,15,13,2302
29.0,7,15,14,2309
29.0,7,15,15,2315
29.0,8,0,0,2115
29.0,8,0,1,2122
29.0,8,0,2,2129
29.0,8,0,3,2136
29.0,8,0,4,2142
29.0,8,0,5,2149
29.0,8,0,6,2156
29.0,8,0,7,2162
29.0,8,0,8,2169
29.0,8,0,9,2176
29.0,8,0,10,2182
29.0,8,0,11,2189
29.0,8,0,12,2196
29.0,8,0,13,2202
29.0,8,0,14,2209
29.0,8,0,15,2215
29.0,8,1,0,2122
29.0,8,1,1,2129
29.0,8,1,2,2136
29.0,8,1,3,2143
29.0,8,1,4,2149
29.0,8,1,5,2156
29.0,8,1,6,2163
29.0,8,1,7,2170
29.0,8,1,8,2176
29.0,8,1,9,2183
29.0,8,1,10,2190
29.0,8,1,11,2196
29.0,8,1,12,2203
29.0,8,1,13,2210
29.0,8,1,14,2216
29.0,8,1,15,2223
29.0,8,2,0,2129
29.0,8,2,1,2136
29.0,8,2,2,2143
29.0,8,2,3,2150
29.0,8,2,4,2157
29.0,8,2,5,2163
29.0,8,2,6,2170
29.0,8,2,7,2177
29.0,8,2,8,2184
29.0,8,2,9,2190
29.0,8,2,10,2197
29.0,8,2,11,2204
29.0,8,2,12,2210
29.0,8,2,13,2217
29.0,8,2,14,2223
29.0,8,2,15,2230
29.0,8,3,0,2136
29.0,8,3,1,2143
29.0,8,3,2,2150
29.0,8,3,3,2157
29.0,8,3,4,2164
29.0,8,3,5,2171
29.0,8,3,6,2177
29.0,8,3,7,2184
29.0,8,3,8,2191
29.0,8,3,9,2198
29.0,8,3,10,2204
29.0,8,3,11,2211
29.0,8,3,12,2218
29.0,8,3,13,2224
29.0,8,3,14,2231
29.0,8,3,15,2237
29.0,8,4,0,2143
29.0,8,4,1,2150
29.0,8,4,2,2157
29.0,8,4,3,2164
29.0,8,4,4,2171
29.0,8,4,5,2178
29.0,8,4,6,2184
29.0,8,4,7,2191
29.0,8,4,8,2198
29.0,8,4,9,2205
29.0,8,4,10,2211
29.0,8,4,11,2218
29.0,8,4,12,2225
29.0,8,4,13,2231
29.0,8,4,14,2238
29.0,8,4,15,2245
29.0,8,5,0,2150
29.0,8,5,1,2157
29.0,8,5,2,2164
29.0,8,5,3,2171
29.0,8,5,4,2178
29.0,8,5,5,2185
29.0,8,5,6,2192
29.0,8,5,7,2198
29.0,8,5,8,2205
29.0,8,5,9,2212
29.0,8,5,10,2219
29.0,8,5,11,2225
29.0,8,5,12,2232
29.0,8,5,13,2239
29.0,8,5,14,2245
29.0,8,5,15,2252
29.0,8,6,0,2157
29.0,8,6,1,2164
29.0,8,6,2,2171
29.0,8,6,3,2178
29.0,8,6,4,2185
29.0,8,6,5,2192
29.0,8,6,6,2199
29.0,8,6,7,2206
29.0,8,6,8,2212
29.0,8,6,9,2219
29.0,8,6,10,2226
29.0,8,6,11,2233
29.0,8,6,12,2239
29.0,8,6,13,2246
29.0,8,6,14,2253
29.0,8,6,15,2259
29.0,8,7,0,2164
29.0,8,7,1,2171
29.0,8,7,2,2178
29.0,8,7,3,2185
29.0,8,7,4,2192
29.0,8,7,5,2199
29.0,8,7,6,2206
29.0,8,7,7,2213
29.0,8,7,8,2219
29.0,8,7,9,2226
29.0,8,7,10,2233
29.0,8,7,11,2240
29.0,8,7,12,2247
29.0,8,7,13,2253
29.0,8,7,14,2260
29.0,8,7,15,2267
29.0,8,8,0,2171
29.0,8,8,1,2178
29.0,8,8,2,2185
29.0,8,8,3,2192
29.0,8,8,4,2199
29.0,8,8,5,2206
29.0,8,8,6,2213
29.0,8,8,7,2220
29.0,8,8,8,2227
29.0,8,8,9,2233
29.0,8,8,10,2240
29.0,8,8,11,2247
29.0,8,8,12,2254
29.0,8,8,13,2260
29.0,8,8,14,2267
29.0,8,8,15,2274
29.0,8,9,0,2178
29.0,8,9,1,2185
29.0,8,9,2,2192
29.0,8,9,3,2199
29.0,8,9,4,2206
29.0,8,9,5,2213
29.0,8,9,6,2220
29.0,8,9,7,2227
29.0,8,9,8,2234
29.0,8,9,9,2241
29.0,8,9,10,2247
29.0,8,9,11,2254
29.0,8,9,12,2261
29.0,8,9,13,2268
29.0,8,9,14,2274
29.0,8,9,15,2281
29.0,8,10,0,2185
29.0,8,10,1,2192
29.0,8,10,2,2199
29.0,8,10,3,2206
29.0,8,10,4,2213
29.0,8,10,5,2220
29.0,8,10,6,2227
29.0,8,10,7,2234
29.0,8,10,8,2241
29.0,8,10,9,2248
29.0,8,10,10,2254
29.0,8,10,11,2261
29.0,8,10,12,2268
29.0,8,10,13,2275
29.0,8,10,14,2282
29.0,8,10,15,2288
29.0,8,11,0,2192
29.0,8,11,1,2199
29.0,8,11,2,2206
29.0,8,11,3,2213
29.0,8,11,4,2220
29.0,8,11,5,2227
29.0,8,11,6,2234
29.0,8,11,7,2241
29.0,8,11,8,2248
29.0,8,11,9,2255
29.0,8,11,10,2262
29.0,8,11,11,2268
29.0,8,11,12,2275
29.0,8,11,13,2282
29.0,8,11,14,2289
29.0,8,11,15,2296
29.0,8,12,0,2199
29.0,8,12,1,2206
29.0,8,12,2,2213
29.0,8,12,3,2220
29.0,8,12,4,2227
29.0,8,12,5,2234
29.0,8,12,6,2241
29.0,8,12,7,2248
29.0,8,12,8,2255
29.0,8,12,9,2262
29.0,8,12,10,2269
29.0,8,12,11,2275
29.0,8,12,12,2282
29.0,8,12,13,2289
29.0,8,12,14,2296
29.0,8,12,15,2303
29.0,8,13,0,2206
29.0,8,13,1,2213
29.0,8,13,2,2220
29.0,8,13,3,2227
29.0,8,13,4,2234
29.0,8,13,5,2241
29.0,8,13,6,2248
29.0,8,13,7,2255
29.0,8,13,8,2262
29.0,8,13,9,2269
29.0,8,13,10,2276
29.0,8,13,11,2282
29.0,8,13,12,2289
29.0,8,13,13,2296
29.0,8,13,14,2303
29.0,8,13,15,2310
29.0,8,14,0,2212
29.0,8,14,1,2219
29.0,8,14,2,2227
29.0,8,14,3,2234
29.0,8,14,4,2241
29.0,8,14,5,2248
29.0,8,14,6,2255
29.0,8,14,7,2262
29.0,8,14,8,2269
29.0,8,14,9,2276
29.0,8,14,10,2283
29.0,8,14,11,2290
29.0,8,14,12,2296
29.0,8,14,13,2303
29.0,8,14,14,2310
29.0,8,14,15,2317
29.0,8,15,0,2219
29.0,8,15,1,2226
29.0,8,15,2,2233
29.0,8,15,3,2241
29.0,8,15,4,2248
29.0,8,15,5,2255
29.0,8,15,6,2262
29.0,8,15,7,2269
29.0,8,15,8,2276
29.0,8,15,9,2283
29.0,8,15,10,2290
29.0,8,15,11,2297
29.0,8,15,12,2303
29.0,8,15,13,2310
29.0,8,15,14,2317
29.0,8,15,15,2324
29.0,9,0,0,2123
29.0,9,0,1,2130
29.0,9,0,2,2137
29.0,9,0,3,2144
29.0,9,0,4,2150
29.0,9,0,5,2157
29.0,9,0,6,2164
29.0,9,0,7,2170
29.0,9,0,8,2177
29.0,9,0,9,2184
29.0,9,0,10,2190
29.0,9,0,11,2197
29.0,9,0,12,2204
29.0,9,0,13,2210
29.0,9,0,14,2217
29.0,9,0,15,2223
29.0,9,1,0,2130
29.0,9,1,1,2137
29.0,9,1,2,2144
29.0,9,1,3,2151
29.0,9,1,4,2157
29.0,9,1,5,2164
29.0,9,1,6,2171
29.0,9,1,7,2178
29.0,9,1,8,2184
29.0,9,1,9,2191
29.0,9,1,10,2198
29.0,9,1,11,2204
29.0,9,1,12,2211
29.0,9,1,13,2218
29.0,9,1,14,2224
29.0,9,1,15,2231
29.0,9,2,0,2137
29.0,9,2,1,2144
29.0,9,2,2,2151
29.0,9,2,3,2158
29.0,9,2,4,2165
29.0,9,2,5,2171
29.0,9,2,6,2178
29.0,9,2,7,2185
29.0,9,2,8,2192
29.0,9,2,9,2198
29.0,9,2,10,2205
29.0,9,2,11,2212
29.0,9,2,12,2218
29.0,9,2,13,2225
29.0,9,2,14,2232
29.0,9,2,15,2238
29.0,9,3,0,2144
29.0,9,3,1,2151
29.0,9,3,2,2158
29.0,9,3,3,2165
29.0,9,3,4,2172
29.0,9,3,5,2179
29.0,9,3,6,2185
29.0,9,3,7,2192
29.0,9,3,8,2199
29.0,9,3,9,2206
29.0,9,3,10,2212
29.0,9,3,11,2219
29.0,9,3,12,2226
29.0,9,3,13,2232
29.0,9,3,14,2239
29.0,9,3,15,2246
29.0,9,4,0,2151
29.0,9,4,1,2158
29.0,9,4,2,2165
29.0,9,4,3,2172
29.0,9,4,4,2179
29.0,9,4,5,2186
29.0,9,4,6,2193
29.0,9,4,7,2199
29.0,9,4,8,2206
29.0,9,4,9,2213
29.0,9,4,10,2220
29.0,9,4,11,2226
29.0,9,4,12,2233
29.0,9,4,13,2240
29.0,9,4,14,2246
29.0,9,4,15,2253
29.0,9,5,0,2158
29.0,9,5,1,2165
29.0,9,5,2,2172
29.0,9,5,3,2179
29.0,9,5,4,2186
29.0,9,5,5,2193
29.0,9,5,6,2200
29.0,9,5,7,2207
29.0,9,5,8,2213
29.0,9,5,9,2220
29.0,9,5,10,2227
29.0,9,5,11,2234
29.0,9,5,12,2240
29.0,9,5,13,2247
29.0,9,5,14,2254
29.0,9,5,15,2260
29.0,9,6,0,2165
29.0,9,6,1,2172
29.0,9,6,2,2179
29.0,9,6,3,2186
29.0,9,6,4,2193
29.0,9,6,5,2200
29.0,9,6,6,2207
29.0,9,6,7,2214
29.0,9,6,8,2221
29.0,9,6,9,2227
29.0,9,6,10,2234
29.0,9,6,11,2241
29.0,9,6,12,2248
29.0,9,6,13,2254
29.0,9,6,14,2261
29.0,9,6,15,2268
29.0,9,7,0,2172
29.0,9,7,1,2179
29.0,9,7,2,2186
29.0,9,7,3,2193
29.0,9,7,4,2200
29.0,9,7,5,2207
29.0,9,7,6,2214
29.0,9,7,7,2221
29.0,9,7,8,2228
29.0,9,7,9,2235
29.0,9,7,10,2241
29.0,9,7,11,2248
29.0,9,7,12,2255
29.0,9,7,13,2262
29.0,9,7,14,2268
29.0,9,7,15,2275
29.0,9,8,0,2179
29.0,9,8,1,2186
29.0,9,8,2,2193
29.0,9,8,3,2200
29.0,9,8,4,2207
29.0,9,8,5,2214
29.0,9,8,6,2221
29.0,9,8,7,2228
29.0,9,8,8,2235
29.0,9,8,9,2242
29.0,9,8,10,2249
29.0,9,8,11,2255
29.0,9,8,12,2262
29.0,9,8,13,2269
29.0,9,8,14,2276
29.0,9,8,15,2282
29.0,9,9,0,2186
29.0,9,9,1,2193
29.0,9,9,2,2200
29.0,9,9,3,2207
29.0,9,9,4,2214
29.0,9,9,5,2221
29.0,9,9,6,2228
29.0,9,9,7,2235
29.0,9,9,8,2242
29.0,9,9,9,2249
29.0,9,9,10,2256
29.0,9,9,11,2263
29.0,9,9,12,2269
29.0,9,9,13,2276
29.0,9,9,14,2283
29.0,9,9,15,2290
29.0,9,10,0,2193
29.0,9,10,1,2200
29.0,9,10,2,2207
29.0,9,10,3,2214
29.0,9,10,4,2221
29.0,9,10,5,2228
29.0,9,10,6,2235
29.0,9,10,7,2242
29.0,9,10,8,2249
29.0,9,10,9,2256
29.0,9,10,10,2263
29.0,9,10,11,2270
29.0,9,10,12,2276
29.0,9,10,13,2283
29.0,9,10,14,2290
29.0,9,10,15,2297
29.0,9,11,0,2200
29.0,9,11,1,2207
29.0,9,11,2,2214
29.0,9,11,3,2221
29.0,9,11,4,2228
29.0,9,11,5,2235
29.0,9,11,6,2242
29.0,9,11,7,2249
29.0,9,11,8,2256
29.0,9,11,9,2263
29.0,9,11,10,2270
29.0,9,11,11,2277
29.0,9,11,12,2284
29.0,9,11,13,2290
29.0,9,11,14,2297
29.0,9,11,15,2304
29.0,9,12,0,2207
29.0,9,12,1,2214
29.0,9,12,2,2221
29.0,9,12,3,2228
29.0,9,12,4,2235
29.0,9,12,5,2242
29.0,9,12,6,2249
29.0,9,12,7,2256
29.0,9,12,8,2263
29.0,9,12,9,2270
29.0,9,12,10,2277
29.0,9,12,11,2284
29.0,9,12,12,2291
29.0,9,12,13,2298
29.0,9,12,14,2304
29.0,9,12,15,2311
29.0,9,13,0,2214
29.0,9,13,1,2221
29.0,9,13,2,2228
29.0,9,13,3,2235
29.0,9,13,4,2242
29.0,9,13,5,2249
29.0,9,13,6,2256
29.0,9,13,7,2263
29.0,9,13,8,2270
29.0,9,13,9,2277
29.0,9,13,10,2284
29.0,9,13,11,2291
29.0,9,13,12,2298
29.0,9,13,13,2305
29.0,9,13,14,2312
29.0,9,13,15,2318
29.0,9,14,0,2221
29.0,9,14,1,2228
29.0,9,14,2,2235
29.0,9,14,3,2242
29.0,9,14,4,2249
29.0,9,14,5,2256
29.0,9,14,6,2263
29.0,9,14,7,2270
29.0,9,14,8,2277
29.0,9,14,9,2284
29.0,9,14,10,2291
29.0,9,14,11,2298
29.0,9,14,12,2305
29.0,9,14,13,2312
29.0,9,14,14,2319
29.0,9,14,15,2326
29.0,9,15,0,2227
29.0,9,15,1,2235
29.0,9,15,2,2242
29.0,9,15,3,2249
29.0,9,15,4,2256
29.0,9,15,5,2263
29.0,9,15,6,2270
29.0,9,15,7,2277
29.0,9,15,8,2284
29.0,9,15,9,2291
29.0,9,15,10,2298
29.0,9,15,11,2305
29.0,9,15,12,2312
29.0,9,15,13,2319
29.0,9,15,14,2326
29.0,9,15,15,2333
29.0,10,0,0,2131
29.0,10,0,1,2138
29.0,10,0,2,2145
29.0,10,0,3,2151
29.0,10,0,4,2158
29.0,10,0,5,2165
29.0,10,0,6,2172
29.0,10,0,7,2179
29.0,10,0,8,2185
29.0,10,0,9,2192
29.0,10,0,10,2199
29.0,10,0,11,2205
29.0,10,0,12,2212
29.0,10,0,13,2218
29.0,10,0,14,2225
29.0,10,0,15,2232
29.0,10,1,0,2138
29.0,10,1,1,2145
29.0,10,1,2,2152
29.0,10,1,3,2159
29.0,10,1,4,2165
29.0,10,1,5,2172
29.0,10,1,6,2179
29.0,10,1,7,2186
29.0,10,1,8,2193
29.0,10,1,9,2199
29.0,10,1,10,2206
29.0,10,1,11,2213
29.0,10,1,12,2219
29.0,10,1,13,2226
29.0,10,1,14,2233
29.0,10,1,15,2239
29.0,10,2,0,2145
29.0,10,2,1,2152
29.0,10,2,2,2159
29.0,10,2,3,2166
29.0,10,2,4,2173
29.0,10,2,5,2180
29.0,10,2,6,2186
29.0,10,2,7,2193
29.0,10,2,8,2200
29.0,10,2,9,2207
29.0,10,2,10,2213
29.0,10,2,11,2220
29.0,10,2,12,2227
29.0,10,2,13,2233
29.0,10,2,14,2240
29.0,10,2,15,2247
29.0,10,3,0,2152
29.0,10,3,1,2159
29.0,10,3,2,2166
29.0,10,3,3,2173
29.0,10,3,4,2180
29.0,10,3,5,2187
29.0,10,3,6,2194
29.0,10,3,7,2200
29.0,10,3,8,2207
29.0,10,3,9,2214
29.0,10,3,10,2221
29.0,10,3,11,2227
29.0,10,3,12,2234
29.0,10,3,13,2241
29.0,10,3,14,2247
29.0,10,3,15,2254
29.0,10,4,0,2159
29.0,10,4,1,2166
29.0,10,4,2,2173
29.0,10,4,3,2180
29.0,10,4,4,2187
29.0,10,4,5,2194
29.0,10,4,6,2201
29.0,10,4,7,2208
29.0,10,4,8,2214
29.0,10,4,9,2221
29.0,10,4,10,2228
29.0,10,4,11,2235
29.0,10,4,12,2241
29.0,10,4,13,2248
29.0,10,4,14,2255
29.0,10,4,15,2261
29.0,10,5,0,2166
29.0,10,5,1,2173
29.0,10,5,2,2180
29.0,10,5,3,2187
29.0,10,5,4,2194
29.0,10,5,5,2201
29.0,10,5,6,2208
29.0,10,5,7,2215
29.0,10,5,8,2222
29.0,10,5,9,2228
29.0,10,5,10,2235
29.0,10,5,11,2242
29.0,10,5,12,2249
29.0,10,5,13,2255
29.0,10,5,14,2262
29.0,10,5,15,2269
29.0,10,6,0,2173
29.0,10,6,1,2180
29.0,10,6,2,2187
29.0,10,6,3,2194
29.0,10,6,4,2201
29.0,10,6,5,2208
29.0,10,6,6,2215
29.0,10,6,7,2222
29.0,10,6,8,2229
29.0,10,6,9,2236
29.0,10,6,10,2242
29.0,10,6,11,2249
29.0,10,6,12,2256
29.0,10,6,13,2263
29.0,10,6,14,2269
29.0,10,6,15,2276
29.0,10,7,0,2180
29.0,10,7,1,2187
29.0,10,7,2,2194
29.0,10,7,3,2201
29.0,10,7,4,2208
29.0,10,7,5,2215
29.0,10,7,6,2222
29.0,10,7,7,2229
29.0,10,7,8,2236
29.0,10,7,9,2243
29.0,10,7,10,2250
29.0,10,7,11,2256
29.0,10,7,12,2263
29.0,10,7,13,2270
29.0,10,7,14,2277
29.0,10,7,15,2283
29.0,10,8,0,2187
29.0,10,8,1,2194
29.0,10,8,2,2201
29.0,10,8,3,2208
29.0,10,8,4,2215
29.0,10,8,5,2222
29.0,10,8,6,2229
29.0,10,8,7,2236
29.0,10,8,8,2243
29.0,10,8,9,2250
29.0,10,8,10,2257
29.0,10,8,11,2264
29.0,10,8,12,2270
29.0,10,8,13,2277
29.0,10,8,14,2284
29.0,10,8,15,2291
29.0,10,9,0,2194
29.0,10,9,1,2201
29.0,10,9,2,2208
29.0,10,9,3,2215
29.0,10,9,4,2222
29.0,10,9,5,2229
29.0,10,9,6,2236
29.0,10,9,7,2243
29.0,10,9,8,2250
29.0,10,9,9,2257
29.0,10,9,10,2264
29.0,10,9,11,2271
29.0,10,9,12,2278
29.0,10,9,13,2285
29.0,10,9,14,2291
29.0,10,9,15,2298
29.0,10,10,0,2201
29.0,10,10,1,2208
29.0,10,10,2,2215
29.0,10,10,3,2222
29.0,10,10,4,2230
29.0,10,10,5,2237
29.0,10,10,6,2243
29.0,10,10,7,2250
29.0,10,10,8,2257
29.0,10,10,9,2264
29.0,10,10,10,2271
29.0,10,10,11,2278
29.0,10,10,12,2285
29.0,10,10,13,2292
29.0,10,10,14,2299
29.0,10,10,15,2305
29.0,10,11,0,2208
29.0,10,11,1,2215
29.0,10,11,2,2222
29.0,10,11,3,2229
29.0,10,11,4,2237
29.0,10,11,5,2244
29.0,10,11,6,2251
29.0,10,11,7,2258
29.0,10,11,8,2264
29.0,10,11,9,2271
29.0,10,11,10,2278
29.0,10,11,11,2285
29.0,10,11,12,2292
29.0,10,11,13,2299
29.0,10,11,14,2306
29.0,10,11,15,2313
29.0,10,12,0,2215
29.0,10,12,1,2222
29.0,10,12,2,2229
29.0,10,12,3,2236
29.0,10,12,4,2243
29.0,10,12,5,2251
29.0,10,12,6,2258
29.0,10,12,7,2265
29.0,10,12,8,2272
29.0,10,12,9,2278
29.0,10,12,10,2285
29.0,10,12,11,2292
29.0,10,12,12,2299
29.0,10,12,13,2306
29.0,10,12,14,2313
29.0,10,12,15,2320
29.0,10,13,0,2222
29.0,10,13,1,2229
29.0,10,13,2,2236
29.0,10,13,3,2243
29.0,10,13,4,2250
29.0,10,13,5,2258
29.0,10,13,6,2265
29.0,10,13,7,2272
29.0,10,13,8,2279
29.0,10,13,9,2286
29.0,10,13,10,2293
29.0,10,13,11,2299
29.0,10,13,12,2306
29.0,10,13,13,2313
29.0,10,13,14,2320
29.0,10,13,15,2327
29.0,10,14,0,2229
29.0,10,14,1,2236
29.0,10,14,2,2243
29.0,10,14,3,2250
29.0,10,14,4,2257
29.0,10,14,5,2264
29.0,10,14,6,2272
29.0,10,14,7,2279
29.0,10,14,8,2286
29.0,10,14,9,2293
29.0,10,14,10,2300
29.0,10,14,11,2307
29.0,10,14,12,2313
29.0,10,14,13,2320
29.0,10,14,14,2327
29.0,10,14,15,2334
29.0,10,15,0,2236
29.0,10,15,1,2243
29.0,10,15,2,2250
29.0,10,15,3,2257
29.0,10,15,4,2264
29.0,10,15,5,2271
29.0,10,15,6,2278
29.0,10,15,7,2286
29.0,10,15,8,2293
29.0,10,15,9,2300
29.0,10,15,10,2307
29.0,10,15,11,2314
29.0,10,15,12,2321
29.0,10,15,13,2328
29.0,10,15,14,2334
29.0,10,15,15,2341
29.0,11,0,0,2139
29.0,11,0,1,2146
29.0,11,0,2,2153
29.0,11,0,3,2159
29.0,11,0,4,2166
29.0,11,0,5,2173
29.0,11,0,6,2180
29.0,11,0,7,2187
29.0,11,0,8,2193
29.0,11,0,9,2200
29.0,11,0,10,2207
29.0,11,0,11,2213
29.0,11,0,12,2220
29.0,11,0,13,2227
29.0,11,0,14,2233
29.0,11,0,15,2240
29.0,11,1,0,2146
29.0,11,1,1,2153
29.0,11,1,2,2160
29.0,11,1,3,2167
29.0,11,1,4,2173
29.0,11,1,5,2180
29.0,11,1,6,2187
29.0,11,1,7,2194
29.0,11,1,8,2201
29.0,11,1,9,2207
29.0,11,1,10,2214
29.0,11,1,11,2221
29.0,11,1,12,2227
29.0,11,1,13,2234
29.0,11,1,14,2241
29.0,11,1,15,2247
29.0,11,2,0,2153
29.0,11,2,1,2160
29.0,11,2,2,2167
29.0,11,2,3,2174
29.0,11,2,4,2181
29.0,11,2,5,2188
29.0,11,2,6,2194
29.0,11,2,7,2201
29.0,11,2,8,2208
29.0,11,2,9,2215
29.0,11,2,10,2221
29.0,11,2,11,2228
29.0,11,2,12,2235
29.0,11,2,13,2242
29.0,11,2,14,2248
29.0,11,2,15,2255
29.0,11,3,0,2160
29.0,11,3,1,2167
29.0,11,3,2,2174
29.0,11,3,3,2181
29.0,11,3,4,2188
29.0,11,3,5,2195
29.0,11,3,6,2202
29.0,11,3,7,2208
29.0,11,3,8,2215
29.0,11,3,9,2222
29.0,11,3,10,2229
29.0,11,3,11,2236
29.0,11,3,12,2242
29.0,11,3,13,2249
29.0,11,3,14,2256
29.0,11,3,15,2262
29.0,11,4,0,2167
29.0,11,4,1,2174
29.0,11,4,2,2181
29.0,11,4,3,2188
29.0,11,4,4,2195
29.0,11,4,5,2202
29.0,11,4,6,2209
29.0,11,4,7,2216
29.0,11,4,8,2223
29.0,11,4,9,2229
29.0,11,4,10,2236
29.0,11,4,11,2243
29.0,11,4,12,2250
29.0,11,4,13,2256
29.0,11,4,14,2263
29.0,11,4,15,2270
29.0,11,5,0,2174
29.0,11,5,1,2181
29.0,11,5,2,2188
29.0,11,5,3,2195
29.0,11,5,4,2202
29.0,11,5,5,2209
29.0,11,5,6,2216
29.0,11,5,7,2223
29.0,11,5,8,2230
29.0,11,5,9,2237
29.0,11,5,10,2243
29.0,11,5,11,2250
29.0,11,5,12,2257
29.0,11,5,13,2264
29.0,11,5,14,2270
29.0,11,5,15,2277
29.0,11,6,0,2181
29.0,11,6,1,2188
29.0,11,6,2,2195
29.0,11,6,3,2202
29.0,11,6,4,2209
29.0,11,6,5,2216
29.0,11,6,6,2223
29.0,11,6,7,2230
29.0,11,6,8,2237
29.0,11,6,9,2244
29.0,11,6,10,2251
29.0,11,6,11,2258
29.0,11,6,12,2264
29.0,11,6,13,2271
29.0,11,6,14,2278
29.0,11,6,15,2285
29.0,11,7,0,2188
29.0,11,7,1,2196
29.0,11,7,2,2203
29.0,11,7,3,2210
29.0,11,7,4,2217
29.0,11,7,5,2223
29.0,11,7,6,2230
29.0,11,7,7,2237
29.0,11,7,8,2244
29.0,11,7,9,2251
29.0,11,7,10,2258
29.0,11,7,11,2265
29.0,11,7,12,2272
29.0,11,7,13,2278
29.0,11,7,14,2285
29.0,11,7,15,2292
29.0,11,8,0,2195
29.0,11,8,1,2203
29.0,11,8,2,2210
29.0,11,8,3,2217
29.0,11,8,4,2224
29.0,11,8,5,2231
29.0,11,8,6,2238
29.0,11,8,7,2244
29.0,11,8,8,2251
29.0,11,8,9,2258
29.0,11,8,10,2265
29.0,11,8,11,2272
29.0,11,8,12,2279
29.0,11,8,13,2286
29.0,11,8,14,2292
29.0,11,8,15,2299
29.0,11,9,0,2202
29.0,11,9,1,2210
29.0,11,9,2,2217
29.0,11,9,3,2224
29.0,11,9,4,2231
29.0,11,9,5,2238
29.0,11,9,6,2245
29.0,11,9,7,2252
29.0,11,9,8,2259
29.0,11,9,9,2265
29.0,11,9,10,2272
29.0,11,9,11,2279
29.0,11,9,12,2286
29.0,11,9,13,2293
29.0,11,9,14,2300
29.0,11,9,15,2307
29.0,11,10,0,2209
29.0,11,10,1,2217
29.0,11,10,2,2224
29.0,11,10,3,2231
29.0,11,10,4,2238
29.0,11,10,5,2245
29.0,11,10,6,2252
29.0,11,10,7,2259
29.0,11,10,8,2266
29.0,11,10,9,2273
29.0,11,10,10,2280
29.0,11,10,11,2286
29.0,11,10,12,2293
29.0,11,10,13,2300
29.0,11,10,14,2307
29.0,11,10,15,2314
29.0,11,11,0,2216
29.0,11,11,1,2223
29.0,11,11,2,2231
29.0,11,11,3,2238
29.0,11,11,4,2245
29.0,11,11,5,2252
29.0,11,11,6,2259
29.0,11,11,7,2266
29.0,11,11,8,2273
29.0,11,11,9,2280
29.0,11,11,10,2287
29.0,11,11,11,2294
29.0,11,11,12,2301
29.0,11,11,13,2307
29.0,11,11,14,2314
29.0,11,11,15,2321
29.0,11,12,0,2223
29.0,11,12,1,2230
29.0,11,12,2,2238
29.0,11,12,3,2245
29.0,11,12,4,2252
29.0,11,12,5,2259
29.0,11,12,6,2266
29.0,11,12,7,2273
29.0,11,12,8,2280
29.0,11,12,9,2287
29.0,11,12,10,2294
29.0,11,12,11,2301
29.0,11,12,12,2308
29.0,11,12,13,2315
29.0,11,12,14,2322
29.0,11,12,15,2328
29.0,11,13,0,2230
29.0,11,13,1,2237
29.0,11,13,2,2244
29.0,11,13,3,2252
29.0,11,13,4,2259
29.0,11,13,5,2266
29.0,11,13,6,2273
29.0,11,13,7,2280
29.0,11,13,8,2287
29.0,11,13,9,2294
29.0,11,13,10,2301
29.0,11,13,11,2308
29.0,11,13,12,2315
29.0,11,13,13,2322
29.0,11,13,14,2329
29.0,11,13,15,2336
29.0,11,14,0,2237
29.0,11,14,1,2244
29.0,11,14,2,2251
29.0,11,14,3,2259
29.0,11,14,4,2266
29.0,11,14,5,2273
29.0,11,14,6,2280
29.0,11,14,7,2287
29.0,11,14,8,2294
29.0,11,14,9,2301
29.0,11,14,10,2308
29.0,11,14,11,2315
29.0,11,14,12,2322
29.0,11,14,13,2329
29.0,11,14,14,2336
29.0,11,14,15,2343
29.0,11,15,0,2244
29.0,11,15,1,2251
29.0,11,15,2,2258
29.0,11,15,3,2265
29.0,11,15,4,2273
29.0,11,15,5,2280
29.0,11,15,6,2287
29.0,11,15,7,2294
29.0,11,15,8,2301
29.0,11,15,9,2308
29.0,11,15,10,2315
29.0,11,15,11,2322
29.0,11,15,12,2329
29.0,11,15,13,2336
29.0,11,15,14,2343
29.0,11,15,15,2350
29.0,12,0,0,2147
29.0,12,0,1,2154
29.0,12,0,2,2160
29.0,12,0,3,2167
29.0,12,0,4,2174
29.0,12,0,5,2181
29.0,12,0,6,2188
29.0,12,0,7,2195
29.0,12,0,8,2201
29.0,12,0,9,2208
29.0,12,0,10,2215
29.0,12,0,11,2222
29.0,12,0,12,2228
29.0,12,0,13,2235
29.0,12,0,14,2242
29.0,12,0,15,2248
29.0,12,1,0,2154
29.0,12,1,1,2161
29.0,12,1,2,2168
29.0,12,1,3,2175
29.0,12,1,4,2181
29.0,12,1,5,2188
29.0,12,1,6,2195
29.0,12,1,7,2202
29.0,12,1,8,2209
29.0,12,1,9,2216
29.0,12,1,10,2222
29.0,12,1,11,2229
29.0,12,1,12,2236
29.0,12,1,13,2242
29.0,12,1,14,2249
29.0,12,1,15,2256
29.0,12,2,0,2161
29.0,12,2,1,2168
29.0,12,2,2,2175
29.0,12,2,3,2182
29.0,12,2,4,2189
29.0,12,2,5,2196
29.0,12,2,6,2202
29.0,12,2,7,2209
29.0,12,2,8,2216
29.0,12,2,9,2223
29.0,12,2,10,2230
29.0,12,2,11,2236
29.0,12,2,12,2243
29.0,12,2,13,2250
29.0,12,2,14,2257
29.0,12,2,15,2263
29.0,12,3,0,2168
29.0,12,3,1,2175
29.0,12,3,2,2182
29.0,12,3,3,2189
29.0,12,3,4,2196
29.0,12,3,5,2203
29.0,12,3,6,2210
29.0,12,3,7,2217
29.0,12,3,8,2223
29.0,12,3,9,2230
29.0,12,3,10,2237
29.0,12,3,11,2244
29.0,12,3,12,2251
29.0,12,3,13,2257
29.0,12,3,14,2264
29.0,12,3,15,2271
29.0,12,4,0,2175
29.0,12,4,1,2182
29.0,12,4,2,2189
29.0,12,4,3,2196
29.0,12,4,4,2203
29.0,12,4,5,2210
29.0,12,4,6,2217
29.0,12,4,7,2224
29.0,12,4,8,2231
29.0,12,4,9,2238
29.0,12,4,10,2244
29.0,12,4,11,2251
29.0,12,4,12,2258
29.0,12,4,13,2265
29.0,12,4,14,2271
29.0,12,4,15,2278
29.0,12,5,0,2182
29.0,12,5,1,2189
29.0,12,5,2,2196
29.0,12,5,3,2203
29.0,12,5,4,2210
29.0,12,5,5,2217
29.0,12,5,6,2224
29.0,12,5,7,2231
29.0,12,5,8,2238
29.0,12,5,9,2245
29.0,12,5,10,2252
29.0,12,5,11,2259
29.0,12,5,12,2265
29.0,12,5,13,2272
29.0,12,5,14,2279
29.0,12,5,15,2286
29.0,12,6,0,2189
29.0,12,6,1,2197
29.0,12,6,2,2204
29.0,12,6,3,2211
29.0,12,6,4,2218
29.0,12,6,5,2224
29.0,12,6,6,2231
29.0,12,6,7,2238
29.0,12,6,8,2245
29.0,12,6,9,2252
29.0,12,6,10,2259
29.0,12,6,11,2266
29.0,12,6,12,2273
29.0,12,6,13,2279
29.0,12,6,14,2286
29.0,12,6,15,2293
29.0,12,7,0,2197
29.0,12,7,1,2204
29.0,12,7,2,2211
29.0,12,7,3,2218
29.0,12,7,4,2225
29.0,12,7,5,2232
29.0,12,7,6,2239
29.0,12,7,7,2246
29.0,12,7,8,2252
29.0,12,7,9,2259
29.0,12,7,10,2266
29.0,12,7,11,2273
29.0,12,7,12,2280
29.0,12,7,13,2287
29.0,12,7,14,2294
29.0,12,7,15,2300
29.0,12,8,0,2204
29.0,12,8,1,2211
29.0,12,8,2,2218
29.0,12,8,3,2225
29.0,12,8,4,2232
29.0,12,8,5,2239
29.0,12,8,6,2246
29.0,12,8,7,2253
29.0,12,8,8,2260
29.0,12,8,9,2267
29.0,12,8,10,2274
29.0,12,8,11,2280
29.0,12,8,12,2287
29.0,12,8,13,2294
29.0,12,8,14,2301
29.0,12,8,15,2308
29.0,12,9,0,2211
29.0,12,9,1,2218
29.0,12,9,2,2225
29.0,12,9,3,2232
29.0,12,9,4,2239
29.0,12,9,5,2246
29.0,12,9,6,2253
29.0,12,9,7,2260
29.0,12,9,8,2267
29.0,12,9,9,2274
29.0,12,9,10,2281
29.0,12,9,11,2288
29.0,12,9,12,2295
29.0,12,9,13,2301
29.0,12,9,14,2308
29.0,12,9,15,2315
29.0,12,10,0,2218
29.0,12,10,1,2225
29.0,12,10,2,2232
29.0,12,10,3,2239
29.0,12,10,4,2246
29.0,12,10,5,2253
29.0,12,10,6,2260
29.0,12,10,7,2267
29.0,12,10,8,2274
29.0,12,10,9,2281
29.0,12,10,10,2288
29.0,12,10,11,2295
29.0,12,10,12,2302
29.0,12,10,13,2309
29.0,12,10,14,2316
29.0,12,10,15,2322
29.0,12,11,0,2224
29.0,12,11,1,2232
29.0,12,11,2,2239
29.0,12,11,3,2246
29.0,12,11,4,2253
29.0,12,11,5,2260
29.0,12,11,6,2267
29.0,12,11,7,2274
29.0,12,11,8,2281
29.0,12,11,9,2288
29.0,12,11,10,2295
29.0,12,11,11,2302
29.0,12,11,12,2309
29.0,12,11,13,2316
29.0,12,11,14,2323
29.0,12,11,15,2330
29.0,12,12,0,2231
29.0,12,12,1,2239
29.0,12,12,2,2246
29.0,12,12,3,2253
29.0,12,12,4,2260
29.0,12,12,5,2267
29.0,12,12,6,2274
29.0,12,12,7,2281
29.0,12,12,8,2288
29.0,12,12,9,2295
29.0,12,12,10,2302
29.0,12,12,11,2309
29.0,12,12,12,2316
29.0,12,12,13,2323
29.0,12,12,14,2330
29.0,12,12,15,2337
29.0,12,13,0,2238
29.0,12,13,1,2246
29.0,12,13,2,2253
29.0,12,13,3,2260
29.0,12,13,4,2267
29.0,12,13,5,2274
29.0,12,13,6,2281
29.0,12,13,7,2288
29.0,12,13,8,2295
29.0,12,13,9,2302
29.0,12,13,10,2309
29.0,12,13,11,2316
29.0,12,13,12,2323
29.0,12,13,13,2330
29.0,12,13,14,2337
29.0,12,13,15,2344
29.0,12,14,0,2245
29.0,12,14,1,2252
29.0,12,14,2,2260
29.0,12,14,3,2267
29.0,12,14,4,2274
29.0,12,14,5,2281
29.0,12,14,6,2288
29.0,12,14,7,2295
29.0,12,14,8,2302
29.0,12,14,9,2310
29.0,12,14,10,2317
29.0,12,14,11,2324
29.0,12,14,12,2331
29.0,12,14,13,2338
29.0,12,14,14,2344
29.0,12,14,15,2351
29.0,12,15,0,2252
29.0,12,15,1,2259
29.0,12,15,2,2267
29.0,12,15,3,2274
29.0,12,15,4,2281
29.0,12,15,5,2288
29.0,12,15,6,2295
29.0,12,15,7,2302
29.0,12,15,8,2310
29.0,12,15,9,2317
29.0,12,15,10,2324
29.0,12,15,11,2331
29.0,12,15,12,2338
29.0,12,15,13,2345
29.0,12,15,14,2352
29.0,12,15,15,2359
29.0,13,0,0,2155
29.0,13,0,1,2161
29.0,13,0,2,2168
29.0,13,0,3,2175
29.0,13,0,4,2182
29.0,13,0,5,2189
29.0,13,0,6,2196
29.0,13,0,7,2203
29.0,13,0,8,2209
29.0,13,0,9,2216
29.0,13,0,10,2223
29.0,13,0,11,2230
29.0,13,0,12,2236
29.0,13,0,13,2243
29.0,13,0,14,2250
29.0,13,0,15,2256
29.0,13,1,0,2162
29.0,13,1,1,2169
29.0,13,1,2,2176
29.0,13,1,3,2183
29.0,13,1,4,2189
29.0,13,1,5,2196
29.0,13,1,6,2203
29.0,13,1,7,2210
29.0,13,1,8,2217
29.0,13,1,9,2224
29.0,13,1,10,2230
29.0,13,1,11,2237
29.0,13,1,12,2244
29.0,13,1,13,2251
29.0,13,1,14,2257
29.0,13,1,15,2264
29.0,13,2,0,2169
29.0,13,2,1,2176
29.0,13,2,2,2183
29.0,13,2,3,2190
29.0,13,2,4,2197
29.0,13,2,5,2204
29.0,13,2,6,2211
29.0,13,2,7,2217
29.0,13,2,8,2224
29.0,13,2,9,2231
29.0,13,2,10,2238
29.0,13,2,11,2245
29.0,13,2,12,2251
29.0,13,2,13,2258
29.0,13,2,14,2265
29.0,13,2,15,2271
29.0,13,3,0,2176
29.0,13,3,1,2183
29.0,13,3,2,2190
29.0,13,3,3,2197
29.0,13,3,4,2204
29.0,13,3,5,2211
29.0,13,3,6,2218
29.0,13,3,7,2225
29.0,13,3,8,2232
29.0,13,3,9,2238
29.0,13,3,10,2245
29.0,13,3,11,2252
29.0,13,3,12,2259
29.0,13,3,13,2266
29.0,13,3,14,2272
29.0,13,3,15,2279
29.0,13,4,0,2183
29.0,13,4,1,2190
29.0,13,4,2,2197
29.0,13,4,3,2204
29.0,13,4,4,2211
29.0,13,4,5,2218
29.0,13,4,6,2225
29.0,13,4,7,2232
29.0,13,4,8,2239
29.0,13,4,9,2246
29.0,13,4,10,2253
29.0,13,4,11,2259
29.0,13,4,12,2266
29.0,13,4,13,2273
29.0,13,4,14,2280
29.0,13,4,15,2286
29.0,13,5,0,2190
29.0,13,5,1,2197
29.0,13,5,2,2204
29.0,13,5,3,2211
29.0,13,5,4,2218
29.0,13,5,5,2225
29.0,13,5,6,2232
29.0,13,5,7,2239
29.0,13,5,8,2246
29.0,13,5,9,2253
29.0,13,5,10,2260
29.0,13,5,11,2267
29.0,13,5,12,2274
29.0,13,5,13,2280
29.0,13,5,14,2287
29.0,13,5,15,2294
29.0,13,6,0,2197
29.0,13,6,1,2205
29.0,13,6,2,2212
29.0,13,6,3,2219
29.0,13,6,4,2226
29.0,13,6,5,2233
29.0,13,6,6,2240
29.0,13,6,7,2247
29.0,13,6,8,2253
29.0,13,6,9,2260
29.0,13,6,10,2267
29.0,13,6,11,2274
29.0,13,6,12,2281
29.0,13,6,13,2288
29.0,13,6,14,2295
29.0,13,6,15,2301
29.0,13,7,0,2205
29.0,13,7,1,2212
29.0,13,7,2,2219
29.0,13,7,3,2226
29.0,13,7,4,2233
29.0,13,7,5,2240
29.0,13,7,6,2247
29.0,13,7,7,2254
29.0,13,7,8,2261
29.0,13,7,9,2268
29.0,13,7,10,2275
29.0,13,7,11,2281
29.0,13,7,12,2288
29.0,13,7,13,2295
29.0,13,7,14,2302
29.0,13,7,15,2309
29.0,13,8,0,2212
29.0,13,8,1,2219
29.0,13,8,2,2226
29.0,13,8,3,2233
29.0,13,8,4,2240
29.0,13,8,5,2247
29.0,13,8,6,2254
29.0,13,8,7,2261
29.0,13,8,8,2268
29.0,13,8,9,2275
29.0,13,8,10,2282
29.0,13,8,11,2289
29.0,13,8,12,2296
29.0,13,8,13,2303
29.0,13,8,14,2309
29.0,13,8,15,2316
29.0,13,9,0,2219
29.0,13,9,1,2226
29.0,13,9,2,2233
29.0,13,9,3,2240
29.0,13,9,4,2247
29.0,13,9,5,2254
29.0,13,9,6,2261
29.0,13,9,7,2268
29.0,13,9,8,2275
29.0,13,9,9,2282
29.0,13,9,10,2289
29.0,13,9,11,2296
29.0,13,9,12,2303
29.0,13,9,13,2310
29.0,13,9,14,2317
29.0,13,9,15,2324
29.0,13,10,0,2226
29.0,13,10,1,2233
29.0,13,10,2,2240
29.0,13,10,3,2247
29.0,13,10,4,2254
29.0,13,10,5,2261
29.0,13,10,6,2268
29.0,13,10,7,2275
29.0,13,10,8,2282
29.0,13,10,9,2289
29.0,13,10,10,2296
29.0,13,10,11,2303
29.0,13,10,12,2310
29.0,13,10,13,2317
29.0,13,10,14,2324
29.0,13,10,15,2331
29.0,13,11,0,2233
29.0,13,11,1,2240
29.0,13,11,2,2247
29.0,13,11,3,2254
29.0,13,11,4,2261
29.0,13,11,5,2268
29.0,13,11,6,2275
29.0,13,11,7,2283
29.0,13,11,8,2290
29.0,13,11,9,2297
29.0,13,11,10,2304
29.0,13,11,11,2311
29.0,13,11,12,2317
29.0,13,11,13,2324
29.0,13,11,14,2331
29.0,13,11,15,2338
29.0,13,12,0,2240
29.0,13,12,1,2247
29.0,13,12,2,2254
29.0,13,12,3,2261
29.0,13,12,4,2268
29.0,13,12,5,2275
29.0,13,12,6,2283
29.0,13,12,7,2290
29.0,13,12,8,2297
29.0,13,12,9,2304
29.0,13,12,10,2311
29.0,13,12,11,2318
29.0,13,12,12,2325
29.0,13,12,13,2332
29.0,13,12,14,2339
29.0,13,12,15,2345
29.0,13,13,0,2247
29.0,13,13,1,2254
29.0,13,13,2,2261
29.0,13,13,3,2268
29.0,13,13,4,2275
29.0,13,13,5,2283
29.0,13,13,6,2290
29.0,13,13,7,2297
29.0,13,13,8,2304
29.0,13,13,9,2311
29.0,13,13,10,2318
29.0,13,13,11,2325
29.0,13,13,12,2332
29.0,13,13,13,2339
29.0,13,13,14,2346
29.0,13,13,15,2353
29.0,13,14,0,2253
29.0,13,14,1,2261
29.0,13,14,2,2268
29.0,13,14,3,2275
29.0,13,14,4,2282
29.0,13,14,5,2290
29.0,13,14,6,2297
29.0,13,14,7,2304
29.0,13,14,8,2311
29.0,13,14,9,2318
29.0,13,14,10,2325
29.0,13,14,11,2332
29.0,13,14,12,2339
29.0,13,14,13,2346
29.0,13,14,14,2353
29.0,13,14,15,2360
29.0,13,15,0,2260
29.0,13,15,1,2268
29.0,13,15,2,2275
29.0,13,15,3,2282
29.0,13,15,4,2289
29.0,13,15,5,2297
29.0,13,15,6,2304
29.0,13,15,7,2311
29.0,13,15,8,2318
29.0,13,15,9,2325
29.0,13,15,10,2332
29.0,13,15,11,2339
29.0,13,15,12,2346
29.0,13,15,13,2353
29.0,13,15,14,2360
29.0,13,15,15,2367
29.0,14,0,0,2162
29.0,14,0,1,2169
29.0,14,0,2,2176
29.0,14,0,3,2183
29.0,14,0,4,2190
29.0,14,0,5,2197
29.0,14,0,6,2204
29.0,14,0,7,2211
29.0,14,0,8,2217
29.0,14,0,9,2224
29.0,14,0,10,2231
29.0,14,0,11,2238
29.0,14,0,12,2245
29.0,14,0,13,2251
29.0,14,0,14,2258
29.0,14,0,15,2265
29.0,14,1,0,2170
29.0,14,1,1,2177
29.0,14,1,2,2184
29.0,14,1,3,2191
29.0,14,1,4,2197
29.0,14,1,5,2204
29.0,14,1,6,2211
29.0,14,1,7,2218
29.0,14,1,8,2225
29.0,14,1,9,2232
29.0,14,1,10,2239
29.0,14,1,11,2245
29.0,14,1,12,2252
29.0,14,1,13,2259
29.0,14,1,14,2266
29.0,14,1,15,2272
29.0,14,2,0,2177
29.0,14,2,1,2184
29.0,14,2,2,2191
29.0,14,2,3,2198
29.0,14,2,4,2205
29.0,14,2,5,2212
29.0,14,2,6,2219
29.0,14,2,7,2225
29.0,14,2,8,2232
29.0,14,2,9,2239
29.0,14,2,10,2246
29.0,14,2,11,2253
29.0,14,2,12,2260
29.0,14,2,13,2266
29.0,14,2,14,2273
29.0,14,2,15,2280
29.0,14,3,0,2184
29.0,14,3,1,2191
29.0,14,3,2,2198
29.0,14,3,3,2205
29.0,14,3,4,2212
29.0,14,3,5,2219
29.0,14,3,6,2226
29.0,14,3,7,2233
29.0,14,3,8,2240
29.0,14,3,9,2247
29.0,14,3,10,2253
29.0,14,3,11,2260
29.0,14,3,12,2267
29.0,14,3,13,2274
29.0,14,3,14,2281
29.0,14,3,15,2287
29.0,14,4,0,2191
29.0,14,4,1,2198
29.0,14,4,2,2205
29.0,14,4,3,2212
29.0,14,4,4,2219
29.0,14,4,5,2226
29.0,14,4,6,2233
29.0,14,4,7,2240
29.0,14,4,8,2247
29.0,14,4,9,2254
29.0,14,4,10,2261
29.0,14,4,11,2268
29.0,14,4,12,2274
29.0,14,4,13,2281
29.0,14,4,14,2288
29.0,14,4,15,2295
29.0,14,5,0,2198
29.0,14,5,1,2205
29.0,14,5,2,2213
29.0,14,5,3,2220
29.0,14,5,4,2227
29.0,14,5,5,2234
29.0,14,5,6,2241
29.0,14,5,7,2247
29.0,14,5,8,2254
29.0,14,5,9,2261
29.0,14,5,10,2268
29.0,14,5,11,2275
29.0,14,5,12,2282
29.0,14,5,13,2289
29.0,14,5,14,2296
29.0,14,5,15,2302
29.0,14,6,0,2205
29.0,14,6,1,2213
29.0,14,6,2,2220
29.0,14,6,3,2227
29.0,14,6,4,2234
29.0,14,6,5,2241
29.0,14,6,6,2248
29.0,14,6,7,2255
29.0,14,6,8,2262
29.0,14,6,9,2269
29.0,14,6,10,2276
29.0,14,6,11,2282
29.0,14,6,12,2289
29.0,14,6,13,2296
29.0,14,6,14,2303
29.0,14,6,15,2310
29.0,14,7,0,2213
29.0,14,7,1,2220
29.0,14,7,2,2227
29.0,14,7,3,2234
29.0,14,7,4,2241
29.0,14,7,5,2248
29.0,14,7,6,2255
29.0,14,7,7,2262
29.0,14,7,8,2269
29.0,14,7,9,2276
29.0,14,7,10,2283
29.0,14,7,11,2290
29.0,14,7,12,2297
29.0,14,7,13,2304
29.0,14,7,14,2310
29.0,14,7,15,2317
29.0,14,8,0,2220
29.0,14,8,1,2227
29.0,14,8,2,2234
29.0,14,8,3,2241
29.0,14,8,4,2248
29.0,14,8,5,2255
29.0,14,8,6,2262
29.0,14,8,7,2269
29.0,14,8,8,2276
29.0,14,8,9,2283
29.0,14,8,10,2290
29.0,14,8,11,2297
29.0,14,8,12,2304
29.0,14,8,13,2311
29.0,14,8,14,2318
29.0,14,8,15,2325
29.0,14,9,0,2227
29.0,14,9,1,2234
29.0,14,9,2,2241
29.0,14,9,3,2248
29.0,14,9,4,2255
29.0,14,9,5,2262
29.0,14,9,6,2269
29.0,14,9,7,2276
29.0,14,9,8,2283
29.0,14,9,9,2290
29.0,14,9,10,2297
29.0,14,9,11,2304
29.0,14,9,12,2311
29.0,14,9,13,2318
29.0,14,9,14,2325
29.0,14,9,15,2332
29.0,14,10,0,2234
29.0,14,10,1,2241
29.0,14,10,2,2248
29.0,14,10,3,2255
29.0,14,10,4,2262
29.0,14,10,5,2270
29.0,14,10,6,2277
29.0,14,10,7,2284
29.0,14,10,8,2291
29.0,14,10,9,2298
29.0,14,10,10,2305
29.0,14,10,11,2312
29.0,14,10,12,2319
29.0,14,10,13,2326
29.0,14,10,14,2332
29.0,14,10,15,2339
29.0,14,11,0,2241
29.0,14,11,1,2248
29.0,14,11,2,2255
29.0,14,11,3,2262
29.0,14,11,4,2270
29.0,14,11,5,2277
29.0,14,11,6,2284
29.0,14,11,7,2291
29.0,14,11,8,2298
29.0,14,11,9,2305
29.0,14,11,10,2312
29.0,14,11,11,2319
29.0,14,11,12,2326
29.0,14,11,13,2333
29.0,14,11,14,2340
29.0,14,11,15,2347
29.0,14,12,0,2248
29.0,14,12,1,2255
29.0,14,12,2,2262
29.0,14,12,3,2269
29.0,14,12,4,2277
29.0,14,12,5,2284
29.0,14,12,6,2291
29.0,14,12,7,2298
29.0,14,12,8,2305
29.0,14,12,9,2312
29.0,14,12,10,2319
29.0,14,12,11,2326
29.0,14,12,12,2333
29.0,14,12,13,2340
29.0,14,12,14,2347
29.0,14,12,15,2354
29.0,14,13,0,2255
29.0,14,13,1,2262
29.0,14,13,2,2269
29.0,14,13,3,2276
29.0,14,13,4,2284
29.0,14,13,5,2291
29.0,14,13,6,2298
29.0,14,13,7,2305
29.0,14,13,8,2312
29.0,14,13,9,2319
29.0,14,13,10,2326
29.0,14,13,11,2333
29.0,14,13,12,2340
29.0,14,13,13,2347
29.0,14,13,14,2354
29.0,14,13,15,2361
29.0,14,14,0,2262
29.0,14,14,1,2269
29.0,14,14,2,2276
29.0,14,14,3,2283
29.0,14,14,4,2291
29.0,14,14,5,2298
29.0,14,14,6,2305
29.0,14,14,7,2312
29.0,14,14,8,2319
29.0,14,14,9,2326
29.0,14,14,10,2334
29.0,14,14,11,2341
29.0,14,14,12,2348
29.0,14,14,13,2355
29.0,14,14,14,2362
29.0,14,14,15,2369
29.0,14,15,0,2269
29.0,14,15,1,2276
29.0,14,15,2,2283
29.0,14,15,3,2290
29.0,14,15,4,2298
29.0,14,15,5,2305
29.0,14,15,6,2312
29.0,14,15,7,2319
29.0,14,15,8,2326
29.0,14,15,9,2334
29.0,14,15,10,2341
29.0,14,15,11,2348
29.0,14,15,12,2355
29.0,14,15,13,2362
29.0,14,15,14,2369
29.0,14,15,15,2376
29.0,15,0,0,2170
29.0,15,0,1,2177
29.0,15,0,2,2184
29.0,15,0,3,2191
29.0,15,0,4,2198
29.0,15,0,5,2205
29.0,15,0,6,2212
29.0,15,0,7,2219
29.0,15,0,8,2226
29.0,15,0,9,2232
29.0,15,0,10,2239
29.0,15,0,11,2246
29.0,15,0,12,2253
29.0,15,0,13,2259
29.0,15,0,14,2266
29.0,15,0,15,2273
29.0,15,1,0,2178
29.0,15,1,1,2185
29.0,15,1,2,2192
29.0,15,1,3,2198
29.0,15,1,4,2205
29.0,15,1,5,2212
29.0,15,1,6,2219
29.0,15,1,7,2226
29.0,15,1,8,2233
29.0,15,1,9,2240
29.0,15,1,10,2247
29.0,15,1,11,2253
29.0,15,1,12,2260
29.0,15,1,13,2267
29.0,15,1,14,2274
29.0,15,1,15,2280
29.0,15,2,0,2185
29.0,15,2,1,2192
29.0,15,2,2,2199
29.0,15,2,3,2206
29.0,15,2,4,2213
29.0,15,2,5,2220
29.0,15,2,6,2227
29.0,15,2,7,2234
29.0,15,2,8,2240
29.0,15,2,9,2247
29.0,15,2,10,2254
29.0,15,2,11,2261
29.0,15,2,12,2268
29.0,15,2,13,2275
29.0,15,2,14,2281
29.0,15,2,15,2288
29.0,15,3,0,2192
29.0,15,3,1,2199
29.0,15,3,2,2206
29.0,15,3,3,2213
29.0,15,3,4,2220
29.0,15,3,5,2227
29.0,15,3,6,2234
29.0,15,3,7,2241
29.0,15,3,8,2248
29.0,15,3,9,2255
29.0,15,3,10,2262
29.0,15,3,11,2268
29.0,15,3,12,2275
29.0,15,3,13,2282
29.0,15,3,14,2289
29.0,15,3,15,2296
29.0,15,4,0,2199
29.0,15,4,1,2206
29.0,15,4,2,2213
29.0,15,4,3,2220
29.0,15,4,4,2227
29.0,15,4,5,2234
29.0,15,4,6,2241
29.0,15,4,7,2248
29.0,15,4,8,2255
29.0,15,4,9,2262
29.0,15,4,10,2269
29.0,15,4,11,2276
29.0,15,4,12,2283
29.0,15,4,13,2290
29.0,15,4,14,2296
29.0,15,4,15,2303
29.0,15,5,0,2206
29.0,15,5,1,2213
29.0,15,5,2,2221
29.0,15,5,3,2228
29.0,15,5,4,2235
29.0,15,5,5,2242
29.0,15,5,6,2249
29.0,15,5,7,2256
29.0,15,5,8,2263
29.0,15,5,9,2270
29.0,15,5,10,2276
29.0,15,5,11,2283
29.0,15,5,12,2290
29.0,15,5,13,2297
29.0,15,5,14,2304
29.0,15,5,15,2311
29.0,15,6,0,2214
29.0,15,6,1,2221
29.0,15,6,2,2228
29.0,15,6,3,2235
29.0,15,6,4,2242
29.0,15,6,5,2249
29.0,15,6,6,2256
29.0,15,6,7,2263
29.0,15,6,8,2270
29.0,15,6,9,2277
29.0,15,6,10,2284
29.0,15,6,11,2291
29.0,15,6,12,2298
29.0,15,6,13,2304
29.0,15,6,14,2311
29.0,15,6,15,2318
29.0,15,7,0,2221
29.0,15,7,1,2228
29.0,15,7,2,2235
29.0,15,7,3,2242
29.0,15,7,4,2249
29.0,15,7,5,2256
29.0,15,7,6,2263
29.0,15,7,7,2270
29.0,15,7,8,2277
29.0,15,7,9,2284
29.0,15,7,10,2291
29.0,15,7,11,2298
29.0,15,7,12,2305
29.0,15,7,13,2312
29.0,15,7,14,2319
29.0,15,7,15,2326
29.0,15,8,0,2228
29.0,15,8,1,2235
29.0,15,8,2,2242
29.0,15,8,3,2249
29.0,15,8,4,2256
29.0,15,8,5,2263
29.0,15,8,6,2270
29.0,15,8,7,2278
29.0,15,8,8,2285
29.0,15,8,9,2292
29.0,15,8,10,2299
29.0,15,8,11,2305
29.0,15,8,12,2312
29.0,15,8,13,2319
29.0,15,8,14,2326
29.0,15,8,15,2333
29.0,15,9,0,2235
29.0,15,9,1,2242
29.0,15,9,2,2249
29.0,15,9,3,2256
29.0,15,9,4,2263
29.0,15,9,5,2271
29.0,15,9,6,2278
29.0,15,9,7,2285
29.0,15,9,8,2292
29.0,15,9,9,2299
29.0,15,9,10,2306
29.0,15,9,11,2313
29.0,15,9,12,2320
29.0,15,9,13,2327
29.0,15,9,14,2334
29.0,15,9,15,2341
29.0,15,10,0,2242
29.0,15,10,1,2249
29.0,15,10,2,2256
29.0,15,10,3,2263
29.0,15,10,4,2271
29.0,15,10,5,2278
29.0,15,10,6,2285
29.0,15,10,7,2292
29.0,15,10,8,2299
29.0,15,10,9,2306
29.0,15,10,10,2313
29.0,15,10,11,2320
29.0,15,10,12,2327
29.0,15,10,13,2334
29.0,15,10,14,2341
29.0,15,10,15,2348
29.0,15,11,0,2249
29.0,15,11,1,2256
29.0,15,11,2,2263
29.0,15,11,3,2271
29.0,15,11,4,2278
29.0,15,11,5,2285
29.0,15,11,6,2292
29.0,15,11,7,2299
29.0,15,11,8,2306
29.0,15,11,9,2313
29.0,15,11,10,2320
29.0,15,11,11,2327
29.0,15,11,12,2334
29.0,15,11,13,2341
29.0,15,11,14,2348
29.0,15,11,15,2355
29.0,15,12,0,2256
29.0,15,12,1,2263
29.0,15,12,2,2270
29.0,15,12,3,2278
29.0,15,12,4,2285
29.0,15,12,5,2292
29.0,15,12,6,2299
29.0,15,12,7,2306
29.0,15,12,8,2313
29.0,15,12,9,2321
29.0,15,12,10,2328
29.0,15,12,11,2335
29.0,15,12,12,2342
29.0,15,12,13,2349
29.0,15,12,14,2356
29.0,15,12,15,2363
29.0,15,13,0,2263
29.0,15,13,1,2270
29.0,15,13,2,2278
29.0,15,13,3,2285
29.0,15,13,4,2292
29.0,15,13,5,2299
29.0,15,13,6,2306
29.0,15,13,7,2314
29.0,15,13,8,2321
29.0,15,13,9,2328
29.0,15,13,10,2335
29.0,15,13,11,2342
29.0,15,13,12,2349
29.0,15,13,13,2356
29.0,15,13,14,2363
29.0,15,13,15,2370
29.0,15,14,0,2270
29.0,15,14,1,2277
29.0,15,14,2,2285
29.0,15,14,3,2292
29.0,15,14,4,2299
29.0,15,14,5,2306
29.0,15,14,6,2313
29.0,15,14,7,2321
29.0,15,14,8,2328
29.0,15,14,9,2335
29.0,15,14,10,2342
29.0,15,14,11,2349
29.0,15,14,12,2356
29.0,15,14,13,2363
29.0,15,14,14,2370
29.0,15,14,15,2377
29.0,15,15,0,2277
29.0,15,15,1,2284
29.0,15,15,2,2292
29.0,15,15,3,2299
29.0,15,15,4,2306
29.0,15,15,5,2313
29.0,15,15,6,2321
29.0,15,15,7,2328
29.0,15,15,8,2335
29.0,15,15,9,2342
29.0,15,15,10,2349
29.0,15,15,11,2356
29.0,15,15,12,2363
29.0,15,15,13,2370
29.0,15,15,14,2378
29.0,15,15,15,2385
29.5,0,0,0,2088
29.5,0,0,1,2094
29.5,0,0,2,2101
29.5,0,0,3,2108
29.5,0,0,4,2114
29.5,0,0,5,2121
29.5,0,0,6,2128
29.5,0,0,7,2134
29.5,0,0,8,2141
29.5,0,0,9,2147
29.5,0,0,10,2154
29.5,0,0,11,2160
29.5,0,0,12,2167
29.5,0,0,13,2173
29.5,0,0,14,2180
29.5,0,0,15,2186
29.5,0,1,0,2095
29.5,0,1,1,2101
29.5,0,1,2,2108
29.5,0,1,3,2115
29.5,0,1,4,2122
29.5,0,1,5,2128
29.5,0,1,6,2135
29.5,0,1,7,2141
29.5,0,1,8,2148
29.5,0,1,9,2155
29.5,0,1,10,2161
29.5,0,1,11,2168
29.5,0,1,12,2174
29.5,0,1,13,2181
29.5,0,1,14,2187
29.5,0,1,15,2194
29.5,0,2,0,2102
29.5,0,2,1,2108
29.5,0,2,2,2115
29.5,0,2,3,2122
29.5,0,2,4,2129
29.5,0,2,5,2135
29.5,0,2,6,2142
29.5,0,2,7,2149
29.5,0,2,8,2155
29.5,0,2,9,2162
29.5,0,2,10,2168
29.5,0,2,11,2175
29.5,0,2,12,2181
29.5,0,2,13,2188
29.5,0,2,14,2195
29.5,0,2,15,2201
29.5,0,3,0,2109
29.5,0,3,1,2115
29.5,0,3,2,2122
29.5,0,3,3,2129
29.5,0,3,4,2136
29.5,0,3,5,2142
29.5,0,3,6,2149
29.5,0,3,7,2156
29.5,0,3,8,2162
29.5,0,3,9,2169
29.5,0,3,10,2176
29.5,0,3,11,2182
29.5,0,3,12,2189
29.5,0,3,13,2195
29.5,0,3,14,2202
29.5,0,3,15,2208
29.5,0,4,0,2116
29.5,0,4,1,2122
29.5,0,4,2,2129
29.5,0,4,3,2136
29.5,0,4,4,2143
29.5,0,4,5,2149
29.5,0,4,6,2156
29.5,0,4,7,2163
29.5,0,4,8,2169
29.5,0,4,9,2176
29.5,0,4,10,2183
29.5,0,4,11,2189
29.5,0,4,12,2196
29.5,0,4,13,2202
29.5,0,4,14,2209
29.5,0,4,15,2216
29.5,0,5,0,2122
29.5,0,5,1,2129
29.5,0,5,2,2136
29.5,0,5,3,2143
29.5,0,5,4,2150
29.5,0,5,5,2156
29.5,0,5,6,2163
29.5,0,5,7,2170
29.5,0,5,8,2177
29.5,0,5,9,2183
29.5,0,5,10,2190
29.5,0,5,11,2196
29.5,0,5,12,2203
29.5,0,5,13,2210
29.5,0,5,14,2216
29.5,0,5,15,2223
29.5,0,6,0,2129
29.5,0,6,1,2136
29.5,0,6,2,2143
29.5,0,6,3,2150
29.5,0,6,4,2157
29.5,0,6,5,2163
29.5,0,6,6,2170
29.5,0,6,7,2177
29.5,0,6,8,2184
29.5,0,6,9,2190
29.5,0,6,10,2197
29.5,0,6,11,2204
29.5,0,6,12,2210
29.5,0,6,13,2217
29.5,0,6,14,2223
29.5,0,6,15,2230
29.5,0,7,0,2136
29.5,0,7,1,2143
29.5,0,7,2,2150
29.5,0,7,3,2157
29.5,0,7,4,2164
29.5,0,7,5,2170
29.5,0,7,6,2177
29.5,0,7,7,2184
29.5,0,7,8,2191
29.5,0,7,9,2197
29.5,0,7,10,2204
29.5,0,7,11,2211
29.5,0,7,12,2217
29.5,0,7,13,2224
29.5,0,7,14,2231
29.5,0,7,15,2237
29.5,0,8,0,2143
29.5,0,8,1,2150
29.5,0,8,2,2157
29.5,0,8,3,2164
29.5,0,8,4,2170
29.5,0,8,5,2177
29.5,0,8,6,2184
29.5,0,8,7,2191
29.5,0,8,8,2198
29.5,0,8,9,2204
29.5,0,8,10,2211
29.5,0,8,11,2218
29.5,0,8,12,2224
29.5,0,8,13,2231
29.5,0,8,14,2238
29.5,0,8,15,2244
29.5,0,9,0,2150
29.5,0,9,1,2157
29.5,0,9,2,2164
29.5,0,9,3,2171
29.5,0,9,4,2177
29.5,0,9,5,2184
29.5,0,9,6,2191
29.5,0,9,7,2198
29.5,0,9,8,2205
29.5,0,9,9,2211
29.5,0,9,10,2218
29.5,0,9,11,2225
29.5,0,9,12,2231
29.5,0,9,13,2238
29.5,0,9,14,2245
29.5,0,9,15,2251
29.5,0,10,0,2157
29.5,0,10,1,2164
29.5,0,10,2,2170
29.5,0,10,3,2177
29.5,0,10,4,2184
29.5,0,10,5,2191
29.5,0,10,6,2198
29.5,0,10,7,2205
29.5,0,10,8,2212
29.5,0,10,9,2218
29.5,0,10,10,2225
29.5,0,10,11,2232
29.5,0,10,12,2239
29.5,0,10,13,2245
29.5,0,10,14,2252
29.5,0,10,15,2259
29.5,0,11,0,2163
29.5,0,11,1,2170
29.5,0,11,2,2177
29.5,0,11,3,2184
29.5,0,11,4,2191
29.5,0,11,5,2198
29.5,0,11,6,2205
29.5,0,11,7,2212
29.5,0,11,8,2219
29.5,0,11,9,2225
29.5,0,11,10,2232
29.5,0,11,11,2239
29.5,0,11,12,2246
29.5,0,11,13,2252
29.5,0,11,14,2259
29.5,0,11,15,2266
29.5,0,12,0,2170
29.5,0,12,1,2177
29.5,0,12,2,2184
29.5,0,12,3,2191
29.5,0,12,4,2198
29.5,0,12,5,2205
29.5,0,12,6,2212
29.5,0,12,7,2219
29.5,0,12,8,2225
29.5,0,12,9,2232
29.5,0,12,10,2239
29.5,0,12,11,2246
29.5,0,12,12,2253
29.5,0,12,13,2259
29.5,0,12,14,2266
29.5,0,12,15,2273
29.5,0,13,0,2177
29.5,0,13,1,2184
29.5,0,13,2,2191
29.5,0,13,3,2198
29.5,0,13,4,2205
29.5,0,13,5,2212
29.5,0,13,6,2219
29.5,0,13,7,2225
29.5,0,13,8,2232
29.5,0,13,9,2239
29.5,0,13,10,2246
29.5,0,13,11,2253
29.5,0,13,12,2260
29.5,0,13,13,2266
29.5,0,13,14,2273
29.5,0,13,15,2280
29.5,0,14,0,2184
29.5,0,14,1,2191
29.5,0,14,2,2198
29.5,0,14,3,2205
29.5,0,14,4,2212
29.5,0,14,5,2219
29.5,0,14,6,2225
29.5,0,14,7,2232
29.5,0,14,8,2239
29.5,0,14,9,2246
29.5,0,14,10,2253
29.5,0,14,11,2260
29.5,0,14,12,2267
29.5,0,14,13,2273
29.5,0,14,14,2280
29.5,0,14,15,2287
29.5,0,15,0,2190
29.5,0,15,1,2197
29.5,0,15,2,2204
29.5,0,15,3,2211
29.5,0,15,4,2218
29.5,0,15,5,2225
29.5,0,15,6,2232
29.5,0,15,7,2239
29.5,0,15,8,2246
29.5,0,15,9,2253
29.5,0,15,10,2260
29.5,0,15,11,2267
29.5,0,15,12,2273
29.5,0,15,13,2280
29.5,0,15,14,2287
29.5,0,15,15,2294
29.5,1,0,0,2096
29.5,1,0,1,2102
29.5,1,0,2,2109
29.5,1,0,3,2116
29.5,1,0,4,2123
29.5,1,0,5,2129
29.5,1,0,6,2136
29.5,1,0,7,2142
29.5,1,0,8,2149
29.5,1,0,9,2156
29.5,1,0,10,2162
29.5,1,0,11,2169
29.5,1,0,12,2175
29.5,1,0,13,2182
29.5,1,0,14,2188
29.5,1,0,15,2195
29.5,1,1,0,2103
29.5,1,1,1,2109
29.5,1,1,2,2116
29.5,1,1,3,2123
29.5,1,1,4,2130
29.5,1,1,5,2136
29.5,1,1,6,2143
29.5,1,1,7,2150
29.5,1,1,8,2156
29.5,1,1,9,2163
29.5,1,1,10,2169
29.5,1,1,11,2176
29.5,1,1,12,2183
29.5,1,1,13,2189
29.5,1,1,14,2196
29.5,1,1,15,2202
29.5,1,2,0,2110
29.5,1,2,1,2116
29.5,1,2,2,2123
29.5,1,2,3,2130
29.5,1,2,4,2137
29.5,1,2,5,2143
29.5,1,2,6,2150
29.5,1,2,7,2157
29.5,1,2,8,2163
29.5,1,2,9,2170
29.5,1,2,10,2177
29.5,1,2,11,2183
29.5,1,2,12,2190
29.5,1,2,13,2196
29.5,1,2,14,2203
29.5,1,2,15,2209
29.5,1,3,0,2117
29.5,1,3,1,2123
29.5,1,3,2,2130
29.5,1,3,3,2137
29.5,1,3,4,2144
29.5,1,3,5,2151
29.5,1,3,6,2157
29.5,1,3,7,2164
29.5,1,3,8,2171
29.5,1,3,9,2177
29.5,1,3,10,2184
29.5,1,3,11,2191
29.5,1,3,12,2197
29.5,1,3,13,2204
29.5,1,3,14,2210
29.5,1,3,15,2217
29.5,1,4,0,2124
29.5,1,4,1,2130
29.5,1,4,2,2137
29.5,1,4,3,2144
29.5,1,4,4,2151
29.5,1,4,5,2158
29.5,1,4,6,2164
29.5,1,4,7,2171
29.5,1,4,8,2178
29.5,1,4,9,2184
29.5,1,4,10,2191
29.5,1,4,11,2198
29.5,1,4,12,2204
29.5,1,4,13,2211
29.5,1,4,14,2217
29.5,1,4,15,2224
29.5,1,5,0,2131
29.5,1,5,1,2137
29.5,1,5,2,2144
29.5,1,5,3,2151
29.5,1,5,4,2158
29.5,1,5,5,2165
29.5,1,5,6,2171
29.5,1,5,7,2178
29.5,1,5,8,2185
29.5,1,5,9,2192
29.5,1,5,10,2198
29.5,1,5,11,2205
29.5,1,5,12,2212
29.5,1,5,13,2218
29.5,1,5,14,2225
29.5,1,5,15,2231
29.5,1,6,0,2137
29.5,1,6,1,2144
29.5,1,6,2,2151
29.5,1,6,3,2158
29.5,1,6,4,2165
29.5,1,6,5,2172
29.5,1,6,6,2178
29.5,1,6,7,2185
29.5,1,6,8,2192
29.5,1,6,9,2199
29.5,1,6,10,2205
29.5,1,6,11,2212
29.5,1,6,12,2219
29.5,1,6,13,2225
29.5,1,6,14,2232
29.5,1,6,15,2239
29.5,1,7,0,2144
29.5,1,7,1,2151
29.5,1,7,2,2158
29.5,1,7,3,2165
29.5,1,7,4,2172
29.5,1,7,5,2179
29.5,1,7,6,2185
29.5,1,7,7,2192
29.5,1,7,8,2199
29.5,1,7,9,2206
29.5,1,7,10,2212
29.5,1,7,11,2219
29.5,1,7,12,2226
29.5,1,7,13,2232
29.5,1,7,14,2239
29.5,1,7,15,2246
29.5,1,8,0,2151
29.5,1,8,1,2158
29.5,1,8,2,2165
29.5,1,8,3,2172
29.5,1,8,4,2179
29.5,1,8,5,2186
29.5,1,8,6,2192
29.5,1,8,7,2199
29.5,1,8,8,2206
29.5,1,8,9,2213
29.5,1,8,10,2220
29.5,1,8,11,2226
29.5,1,8,12,2233
29.5,1,8,13,2240
29.5,1,8,14,2246
29.5,1,8,15,2253
29.5,1,9,0,2158
29.5,1,9,1,2165
29.5,1,9,2,2172
29.5,1,9,3,2179
29.5,1,9,4,2186
29.5,1,9,5,2193
29.5,1,9,6,2199
29.5,1,9,7,2206
29.5,1,9,8,2213
29.5,1,9,9,2220
29.5,1,9,10,2227
29.5,1,9,11,2233
29.5,1,9,12,2240
29.5,1,9,13,2247
29.5,1,9,14,2253
29.5,1,9,15,2260
29.5,1,10,0,2165
29.5,1,10,1,2172
29.5,1,10,2,2179
29.5,1,10,3,2186
29.5,1,10,4,2193
29.5,1,10,5,2200
29.5,1,10,6,2206
29.5,1,10,7,2213
29.5,1,10,8,2220
29.5,1,10,9,2227
29.5,1,10,10,2234
29.5,1,10,11,2240
29.5,1,10,12,2247
29.5,1,10,13,2254
29.5,1,10,14,2261
29.5,1,10,15,2267
29.5,1,11,0,2172
29.5,1,11,1,2179
29.5,1,11,2,2186
29.5,1,11,3,2193
29.5,1,11,4,2200
29.5,1,11,5,2206
29.5,1,11,6,2213
29.5,1,11,7,2220
29.5,1,11,8,2227
29.5,1,11,9,2234
29.5,1,11,10,2241
29.5,1,11,11,2247
29.5,1,11,12,2254
29.5,1,11,13,2261
29.5,1,11,14,2268
29.5,1,11,15,2274
29.5,1,12,0,2178
29.5,1,12,1,2185
29.5,1,12,2,2192
29.5,1,12,3,2199
29.5,1,12,4,2206
29.5,1,12,5,2213
29.5,1,12,6,2220
29.5,1,12,7,2227
29.5,1,12,8,2234
29.5,1,12,9,2241
29.5,1,12,10,2248
29.5,1,12,11,2254
29.5,1,12,12,2261
29.5,1,12,13,2268
29.5,1,12,14,2275
29.5,1,12,15,2281
29.5,1,13,0,2185
29.5,1,13,1,2192
29.5,1,13,2,2199
29.5,1,13,3,2206
29.5,1,13,4,2213
29.5,1,13,5,2220
29.5,1,13,6,2227
29.5,1,13,7,2234
29.5,1,13,8,2241
29.5,1,13,9,2248
29.5,1,13,10,2255
29.5,1,13,11,2261
29.5,1,13,12,2268
29.5,1,13,13,2275
29.5,1,13,14,2282
29.5,1,13,15,2289
29.5,1,14,0,2192
29.5,1,14,1,2199
29.5,1,14,2,2206
29.5,1,14,3,2213
29.5,1,14,4,2220
29.5,1,14,5,2227
29.5,1,14,6,2234
29.5,1,14,7,2241
29.5,1,14,8,2248
29.5,1,14,9,2255
29.5,1,14,10,2262
29.5,1,14,11,2268
29.5,1,14,12,2275
29.5,1,14,13,2282
29.5,1,14,14,2289
29.5,1,14,15,2296
29.5,1,15,0,2199
29.5,1,15,1,2206
29.5,1,15,2,2213
29.5,1,15,3,2220
29.5,1,15,4,2227
29.5,1,15,5,2234
29.5,1,15,6,2241
29.5,1,15,7,2248
29.5,1,15,8,2255
29.5,1,15,9,2262
29.5,1,15,10,2268
29.5,1,15,11,2275
29.5,1,15,12,2282
29.5,1,15,13,2289
29.5,1,15,14,2296
29.5,1,15,15,2303
29.5,2,0,0,2104
29.5,2,0,1,2110
29.5,2,0,2,2117
29.5,2,0,3,2124
29.5,2,0,4,2131
29.5,2,0,5,2137
29.5,2,0,6,2144
29.5,2,0,7,2151
29.5,2,0,8,2157
29.5,2,0,9,2164
29.5,2,0,10,2170
29.5,2,0,11,2177
29.5,2,0,12,2184
29.5,2,0,13,2190
29.5,2,0,14,2197
29.5,2,0,15,2203
29.5,2,1,0,2111
29.5,2,1,1,2118
29.5,2,1,2,2124
29.5,2,1,3,2131
29.5,2,1,4,2138
29.5,2,1,5,2144
29.5,2,1,6,2151
29.5,2,1,7,2158
29.5,2,1,8,2165
29.5,2,1,9,2171
29.5,2,1,10,2178
29.5,2,1,11,2184
29.5,2,1,12,2191
29.5,2,1,13,2197
29.5,2,1,14,2204
29.5,2,1,15,2211
29.5,2,2,0,2118
29.5,2,2,1,2125
29.5,2,2,2,2131
29.5,2,2,3,2138
29.5,2,2,4,2145
29.5,2,2,5,2152
29.5,2,2,6,2158
29.5,2,2,7,2165
29.5,2,2,8,2172
29.5,2,2,9,2178
29.5,2,2,10,2185
29.5,2,2,11,2192
29.5,2,2,12,2198
29.5,2,2,13,2205
29.5,2,2,14,2211
29.5,2,2,15,2218
29.5,2,3,0,2125
29.5,2,3,1,2132
29.5,2,3,2,2138
29.5,2,3,3,2145
29.5,2,3,4,2152
29.5,2,3,5,2159
29.5,2,3,6,2165
29.5,2,3,7,2172
29.5,2,3,8,2179
29.5,2,3,9,2186
29.5,2,3,10,2192
29.5,2,3,11,2199
29.5,2,3,12,2205
29.5,2,3,13,2212
29.5,2,3,14,2219
29.5,2,3,15,2225
29.5,2,4,0,2132
29.5,2,4,1,2139
29.5,2,4,2,2145
29.5,2,4,3,2152
29.5,2,4,4,2159
29.5,2,4,5,2166
29.5,2,4,6,2173
29.5,2,4,7,2179
29.5,2,4,8,2186
29.5,2,4,9,2193
29.5,2,4,10,2199
29.5,2,4,11,2206
29.5,2,4,12,2213
29.5,2,4,13,2219
29.5,2,4,14,2226
29.5,2,4,15,2233
29.5,2,5,0,2139
29.5,2,5,1,2146
29.5,2,5,2,2152
29.5,2,5,3,2159
29.5,2,5,4,2166
29.5,2,5,5,2173
29.5,2,5,6,2180
29.5,2,5,7,2186
29.5,2,5,8,2193
29.5,2,5,9,2200
29.5,2,5,10,2207
29.5,2,5,11,2213
29.5,2,5,12,2220
29.5,2,5,13,2227
29.5,2,5,14,2233
29.5,2,5,15,2240
29.5,2,6,0,2146
29.5,2,6,1,2153
29.5,2,6,2,2159
29.5,2,6,3,2166
29.5,2,6,4,2173
29.5,2,6,5,2180
29.5,2,6,6,2187
29.5,2,6,7,2194
29.5,2,6,8,2200
29.5,2,6,9,2207
29.5,2,6,10,2214
29.5,2,6,11,2220
29.5,2,6,12,2227
29.5,2,6,13,2234
29.5,2,6,14,2240
29.5,2,6,15,2247
29.5,2,7,0,2153
29.5,2,7,1,2159
29.5,2,7,2,2166
29.5,2,7,3,2173
29.5,2,7,4,2180
29.5,2,7,5,2187
29.5,2,7,6,2194
29.5,2,7,7,2201
29.5,2,7,8,2207
29.5,2,7,9,2214
29.5,2,7,10,2221
29.5,2,7,11,2228
29.5,2,7,12,2234
29.5,2,7,13,2241
29.5,2,7,14,2248
29.5,2,7,15,2254
29.5,2,8,0,2159
29.5,2,8,1,2166
29.5,2,8,2,2173
29.5,2,8,3,2180
29.5,2,8,4,2187
29.5,2,8,5,2194
29.5,2,8,6,2201
29.5,2,8,7,2208
29.5,2,8,8,2214
29.5,2,8,9,2221
29.5,2,8,10,2228
29.5,2,8,11,2235
29.5,2,8,12,2241
29.5,2,8,13,2248
29.5,2,8,14,2255
29.5,2,8,15,2262
29.5,2,9,0,2166
29.5,2,9,1,2173
29.5,2,9,2,2180
29.5,2,9,3,2187
29.5,2,9,4,2194
29.5,2,9,5,2201
29.5,2,9,6,2208
29.5,2,9,7,2215
29.5,2,9,8,2221
29.5,2,9,9,2228
29.5,2,9,10,2235
29.5,2,9,11,2242
29.5,2,9,12,2249
29.5,2,9,13,2255
29.5,2,9,14,2262
29.5,2,9,15,2269
29.5,2,10,0,2173
29.5,2,10,1,2180
29.5,2,10,2,2187
29.5,2,10,3,2194
29.5,2,10,4,2201
29.5,2,10,5,2208
29.5,2,10,6,2215
29.5,2,10,7,2222
29.5,2,10,8,2229
29.5,2,10,9,2235
29.5,2,10,10,2242
29.5,2,10,11,2249
29.5,2,10,12,2256
29.5,2,10,13,2262
29.5,2,10,14,2269
29.5,2,10,15,2276
29.5,2,11,0,2180
29.5,2,11,1,2187
29.5,2,11,2,2194
29.5,2,11,3,2201
29.5,2,11,4,2208
29.5,2,11,5,2215
29.5,2,11,6,2222
29.5,2,11,7,2229
29.5,2,11,8,2236
29.5,2,11,9,2242
29.5,2,11,10,2249
29.5,2,11,11,2256
29.5,2,11,12,2263
29.5,2,11,13,2270
29.5,2,11,14,2276
29.5,2,11,15,2283
29.5,2,12,0,2187
29.5,2,12,1,2194
29.5,2,12,2,2201
29.5,2,12,3,2208
29.5,2,12,4,2215
29.5,2,12,5,2222
29.5,2,12,6,2229
29.5,2,12,7,2236
29.5,2,12,8,2242
29.5,2,12,9,2249
29.5,2,12,10,2256
29.5,2,12,11,2263
29.5,2,12,12,2270
29.5,2,12,13,2277
29.5,2,12,14,2283
29.5,2,12,15,2290
29.5,2,13,0,2194
29.5,2,13,1,2201
29.5,2,13,2,2208
29.5,2,13,3,2215
29.5,2,13,4,2222
29.5,2,13,5,2229
29.5,2,13,6,2236
29.5,2,13,7,2243
29.5,2,13,8,2249
29.5,2,13,9,2256
29.5,2,13,10,2263
29.5,2,13,11,2270
29.5,2,13,12,2277
29.5,2,13,13,2284
29.5,2,13,14,2290
29.5,2,13,15,2297
29.5,2,14,0,2200
29.5,2,14,1,2207
29.5,2,14,2,2214
29.5,2,14,3,2221
29.5,2,14,4,2229
29.5,2,14,5,2236
29.5,2,14,6,2242
29.5,2,14,7,2249
29.5,2,14,8,2256
29.5,2,14,9,2263
29.5,2,14,10,2270
29.5,2,14,11,2277
29.5,2,14,12,2284
29.5,2,14,13,2291
29.5,2,14,14,2298
29.5,2,14,15,2304
29.5,2,15,0,2207
29.5,2,15,1,2214
29.5,2,15,2,2221
29.5,2,15,3,2228
29.5,2,15,4,2235
29.5,2,15,5,2242
29.5,2,15,6,2249
29.5,2,15,7,2256
29.5,2,15,8,2263
29.5,2,15,9,2270
29.5,2,15,10,2277
29.5,2,15,11,2284
29.5,2,15,12,2291
29.5,2,15,13,2298
29.5,2,15,14,2305
29.5,2,15,15,2311
29.5,3,0,0,2112
29.5,3,0,1,2118
29.5,3,0,2,2125
29.5,3,0,3,2132
29.5,3,0,4,2139
29.5,3,0,5,2145
29.5,3,0,6,2152
29.5,3,0,7,2159
29.5,3,0,8,2165
29.5,3,0,9,2172
29.5,3,0,10,2179
29.5,3,0,11,2185
29.5,3,0,12,2192
29.5,3,0,13,2198
29.5,3,0,14,2205
29.5,3,0,15,2212
29.5,3,1,0,2119
29.5,3,1,1,2126
29.5,3,1,2,2132
29.5,3,1,3,2139
29.5,3,1,4,2146
29.5,3,1,5,2153
29.5,3,1,6,2159
29.5,3,1,7,2166
29.5,3,1,8,2173
29.5,3,1,9,2179
29.5,3,1,10,2186
29.5,3,1,11,2193
29.5,3,1,12,2199
29.5,3,1,13,2206
29.5,3,1,14,2212
29.5,3,1,15,2219
29.5,3,2,0,2126
29.5,3,2,1,2133
29.5,3,2,2,2139
29.5,3,2,3,2146
29.5,3,2,4,2153
29.5,3,2,5,2160
29.5,3,2,6,2167
29.5,3,2,7,2173
29.5,3,2,8,2180
29.5,3,2,9,2187
29.5,3,2,10,2193
29.5,3,2,11,2200
29.5,3,2,12,2207
29.5,3,2,13,2213
29.5,3,2,14,2220
29.5,3,2,15,2226
29.5,3,3,0,2133
29.5,3,3,1,2140
29.5,3,3,2,2147
29.5,3,3,3,2153
29.5,3,3,4,2160
29.5,3,3,5,2167
29.5,3,3,6,2174
29.5,3,3,7,2180
29.5,3,3,8,2187
29.5,3,3,9,2194
29.5,3,3,10,2201
29.5,3,3,11,2207
29.5,3,3,12,2214
29.5,3,3,13,2220
29.5,3,3,14,2227
29.5,3,3,15,2234
29.5,3,4,0,2140
29.5,3,4,1,2147
29.5,3,4,2,2154
29.5,3,4,3,2160
29.5,3,4,4,2167
29.5,3,4,5,2174
29.5,3,4,6,2181
29.5,3,4,7,2188
29.5,3,4,8,2194
29.5,3,4,9,2201
29.5,3,4,10,2208
29.5,3,4,11,2214
29.5,3,4,12,2221
29.5,3,4,13,2228
29.5,3,4,14,2234
29.5,3,4,15,2241
29.5,3,5,0,2147
29.5,3,5,1,2154
29.5,3,5,2,2161
29.5,3,5,3,2167
29.5,3,5,4,2174
29.5,3,5,5,2181
29.5,3,5,6,2188
29.5,3,5,7,2195
29.5,3,5,8,2202
29.5,3,5,9,2208
29.5,3,5,10,2215
29.5,3,5,11,2222
29.5,3,5,12,2228
29.5,3,5,13,2235
29.5,3,5,14,2242
29.5,3,5,15,2248
29.5,3,6,0,2154
29.5,3,6,1,2161
29.5,3,6,2,2168
29.5,3,6,3,2175
29.5,3,6,4,2181
29.5,3,6,5,2188
29.5,3,6,6,2195
29.5,3,6,7,2202
29.5,3,6,8,2209
29.5,3,6,9,2215
29.5,3,6,10,2222
29.5,3,6,11,2229
29.5,3,6,12,2236
29.5,3,6,13,2242
29.5,3,6,14,2249
29.5,3,6,15,2256
29.5,3,7,0,2161
29.5,3,7,1,2168
29.5,3,7,2,2175
29.5,3,7,3,2182
29.5,3,7,4,2188
29.5,3,7,5,2195
29.5,3,7,6,2202
29.5,3,7,7,2209
29.5,3,7,8,2216
29.5,3,7,9,2223
29.5,3,7,10,2229
29.5,3,7,11,2236
29.5,3,7,12,2243
29.5,3,7,13,2250
29.5,3,7,14,2256
29.5,3,7,15,2263
29.5,3,8,0,2168
29.5,3,8,1,2175
29.5,3,8,2,2182
29.5,3,8,3,2189
29.5,3,8,4,2195
29.5,3,8,5,2202
29.5,3,8,6,2209
29.5,3,8,7,2216
29.5,3,8,8,2223
29.5,3,8,9,2230
29.5,3,8,10,2236
29.5,3,8,11,2243
29.5,3,8,12,2250
29.5,3,8,13,2257
29.5,3,8,14,2263
29.5,3,8,15,2270
29.5,3,9,0,2175
29.5,3,9,1,2182
29.5,3,9,2,2189
29.5,3,9,3,2195
29.5,3,9,4,2202
29.5,3,9,5,2209
29.5,3,9,6,2216
29.5,3,9,7,2223
29.5,3,9,8,2230
29.5,3,9,9,2237
29.5,3,9,10,2244
29.5,3,9,11,2250
29.5,3,9,12,2257
29.5,3,9,13,2264
29.5,3,9,14,2271
29.5,3,9,15,2277
29.5,3,10,0,2181
29.5,3,10,1,2188
29.5,3,10,2,2195
29.5,3,10,3,2202
29.5,3,10,4,2209
29.5,3,10,5,2216
29.5,3,10,6,2223
29.5,3,10,7,2230
29.5,3,10,8,2237
29.5,3,10,9,2244
29.5,3,10,10,2251
29.5,3,10,11,2257
29.5,3,10,12,2264
29.5,3,10,13,2271
29.5,3,10,14,2278
29.5,3,10,15,2285
29.5,3,11,0,2188
29.5,3,11,1,2195
29.5,3,11,2,2202
29.5,3,11,3,2209
29.5,3,11,4,2216
29.5,3,11,5,2223
29.5,3,11,6,2230
29.5,3,11,7,2237
29.5,3,11,8,2244
29.5,3,11,9,2251
29.5,3,11,10,2258
29.5,3,11,11,2265
29.5,3,11,12,2271
29.5,3,11,13,2278
29.5,3,11,14,2285
29.5,3,11,15,2292
29.5,3,12,0,2195
29.5,3,12,1,2202
29.5,3,12,2,2209
29.5,3,12,3,2216
29.5,3,12,4,2223
29.5,3,12,5,2230
29.5,3,12,6,2237
29.5,3,12,7,2244
29.5,3,12,8,2251
29.5,3,12,9,2258
29.5,3,12,10,2265
29.5,3,12,11,2272
29.5,3,12,12,2278
29.5,3,12,13,2285
29.5,3,12,14,2292
29.5,3,12,15,2299
29.5,3,13,0,2202
29.5,3,13,1,2209
29.5,3,13,2,2216
29.5,3,13,3,2223
29.5,3,13,4,2230
29.5,3,13,5,2237
29.5,3,13,6,2244
29.5,3,13,7,2251
29.5,3,13,8,2258
29.5,3,13,9,2265
29.5,3,13,10,2272
29.5,3,13,11,2279
29.5,3,13,12,2286
29.5,3,13,13,2292
29.5,3,13,14,2299
29.5,3,13,15,2306
29.5,3,14,0,2209
29.5,3,14,1,2216
29.5,3,14,2,2223
29.5,3,14,3,2230
29.5,3,14,4,2237
29.5,3,14,5,2244
29.5,3,14,6,2251
29.5,3,14,7,2258
29.5,3,14,8,2265
29.5,3,14,9,2272
29.5,3,14,10,2279
29.5,3,14,11,2286
29.5,3,14,12,2293
29.5,3,14,13,2299
29.5,3,14,14,2306
29.5,3,14,15,2313
29.5,3,15,0,2215
29.5,3,15,1,2223
29.5,3,15,2,2230
29.5,3,15,3,2237
29.5,3,15,4,2244
29.5,3,15,5,2251
29.5,3,15,6,2258
29.5,3,15,7,2265
29.5,3,15,8,2272
29.5,3,15,9,2279
29.5,3,15,10,2286
29.5,3,15,11,2293
29.5,3,15,12,2300
29.5,3,15,13,2306
29.5,3,15,14,2313
29.5,3,15,15,2320
29.5,4,0,0,2120
29.5,4,0,1,2126
29.5,4,0,2,2133
29.5,4,0,3,2140
29.5,4,0,4,2147
29.5,4,0,5,2154
29.5,4,0,6,2160
29.5,4,0,7,2167
29.5,4,0,8,2174
29.5,4,0,9,2180
29.5,4,0,10,2187
29.5,4,0,11,2194
29.5,4,0,12,2200
29.5,4,0,13,2207
29.5,4,0,14,2213
29.5,4,0,15,2220
29.5,4,1,0,2127
29.5,4,1,1,2134
29.5,4,1,2,2140
29.5,4,1,3,2147
29.5,4,1,4,2154
29.5,4,1,5,2161
29.5,4,1,6,2168
29.5,4,1,7,2174
29.5,4,1,8,2181
29.5,4,1,9,2188
29.5,4,1,10,2194
29.5,4,1,11,2201
29.5,4,1,12,2208
29.5,4,1,13,2214
29.5,4,1,14,2221
29.5,4,1,15,2227
29.5,4,2,0,2134
29.5,4,2,1,2141
29.5,4,2,2,2148
29.5,4,2,3,2154
29.5,4,2,4,2161
29.5,4,2,5,2168
29.5,4,2,6,2175
29.5,4,2,7,2182
29.5,4,2,8,2188
29.5,4,2,9,2195
29.5,4,2,10,2202
29.5,4,2,11,2208
29.5,4,2,12,2215
29.5,4,2,13,2222
29.5,4,2,14,2228
29.5,4,2,15,2235
29.5,4,3,0,2141
29.5,4,3,1,2148
29.5,4,3,2,2155
29.5,4,3,3,2162
29.5,4,3,4,2168
29.5,4,3,5,2175
29.5,4,3,6,2182
29.5,4,3,7,2189
29.5,4,3,8,2195
29.5,4,3,9,2202
29.5,4,3,10,2209
29.5,4,3,11,2216
29.5,4,3,12,2222
29.5,4,3,13,2229
29.5,4,3,14,2236
29.5,4,3,15,2242
29.5,4,4,0,2148
29.5,4,4,1,2155
29.5,4,4,2,2162
29.5,4,4,3,2169
29.5,4,4,4,2175
29.5,4,4,5,2182
29.5,4,4,6,2189
29.5,4,4,7,2196
29.5,4,4,8,2203
29.5,4,4,9,2209
29.5,4,4,10,2216
29.5,4,4,11,2223
29.5,4,4,12,2230
29.5,4,4,13,2236
29.5,4,4,14,2243
29.5,4,4,15,2249
29.5,4,5,0,2155
29.5,4,5,1,2162
29.5,4,5,2,2169
29.5,4,5,3,2176
29.5,4,5,4,2183
29.5,4,5,5,2189
29.5,4,5,6,2196
29.5,4,5,7,2203
29.5,4,5,8,2210
29.5,4,5,9,2217
29.5,4,5,10,2223
29.5,4,5,11,2230
29.5,4,5,12,2237
29.5,4,5,13,2244
29.5,4,5,14,2250
29.5,4,5,15,2257
29.5,4,6,0,2162
29.5,4,6,1,2169
29.5,4,6,2,2176
29.5,4,6,3,2183
29.5,4,6,4,2190
29.5,4,6,5,2197
29.5,4,6,6,2203
29.5,4,6,7,2210
29.5,4,6,8,2217
29.5,4,6,9,2224
29.5,4,6,10,2231
29.5,4,6,11,2237
29.5,4,6,12,2244
29.5,4,6,13,2251
29.5,4,6,14,2257
29.5,4,6,15,2264
29.5,4,7,0,2169
29.5,4,7,1,2176
29.5,4,7,2,2183
29.5,4,7,3,2190
29.5,4,7,4,2197
29.5,4,7,5,2204
29.5,4,7,6,2210
29.5,4,7,7,2217
29.5,4,7,8,2224
29.5,4,7,9,2231
29.5,4,7,10,2238
29.5,4,7,11,2245
29.5,4,7,12,2251
29.5,4,7,13,2258
29.5,4,7,14,2265
29.5,4,7,15,2271
29.5,4,8,0,2176
29.5,4,8,1,2183
29.5,4,8,2,2190
29.5,4,8,3,2197
29.5,4,8,4,2204
29.5,4,8,5,2211
29.5,4,8,6,2218
29.5,4,8,7,2224
29.5,4,8,8,2231
29.5,4,8,9,2238
29.5,4,8,10,2245
29.5,4,8,11,2252
29.5,4,8,12,2259
29.5,4,8,13,2265
29.5,4,8,14,2272
29.5,4,8,15,2279
29.5,4,9,0,2183
29.5,4,9,1,2190
29.5,4,9,2,2197
29.5,4,9,3,2204
29.5,4,9,4,2211
29.5,4,9,5,2218
29.5,4,9,6,2225
29.5,4,9,7,2232
29.5,4,9,8,2238
29.5,4,9,9,2245
29.5,4,9,10,2252
29.5,4,9,11,2259
29.5,4,9,12,2266
29.5,4,9,13,2272
29.5,4,9,14,2279
29.5,4,9,15,2286
29.5,4,10,0,2190
29.5,4,10,1,2197
29.5,4,10,2,2204
29.5,4,10,3,2211
29.5,4,10,4,2218
29.5,4,10,5,2225
29.5,4,10,6,2232
29.5,4,10,7,2239
29.5,4,10,8,2245
29.5,4,10,9,2252
29.5,4,10,10,2259
29.5,4,10,11,2266
29.5,4,10,12,2273
29.5,4,10,13,2280
29.5,4,10,14,2286
29.5,4,10,15,2293
29.5,4,11,0,2197
29.5,4,11,1,2204
29.5,4,11,2,2211
29.5,4,11,3,2218
29.5,4,11,4,2225
29.5,4,11,5,2232
29.5,4,11,6,2239
29.5,4,11,7,2246
29.5,4,11,8,2253
29.5,4,11,9,2259
29.5,4,11,10,2266
29.5,4,11,11,2273
29.5,4,11,12,2280
29.5,4,11,13,2287
29.5,4,11,14,2294
29.5,4,11,15,2300
29.5,4,12,0,2203
29.5,4,12,1,2210
29.5,4,12,2,2218
29.5,4,12,3,2225
29.5,4,12,4,2232
29.5,4,12,5,2239
29.5,4,12,6,2246
29.5,4,12,7,2253
29.5,4,12,8,2260
29.5,4,12,9,2266
29.5,4,12,10,2273
29.5,4,12,11,2280
29.5,4,12,12,2287
29.5,4,12,13,2294
29.5,4,12,14,2301
29.5,4,12,15,2308
29.5,4,13,0,2210
29.5,4,13,1,2217
29.5,4,13,2,2224
29.5,4,13,3,2232
29.5,4,13,4,2239
29.5,4,13,5,2246
29.5,4,13,6,2253
29.5,4,13,7,2260
29.5,4,13,8,2267
29.5,4,13,9,2274
29.5,4,13,10,2280
29.5,4,13,11,2287
29.5,4,13,12,2294
29.5,4,13,13,2301
29.5,4,13,14,2308
29.5,4,13,15,2315
29.5,4,14,0,2217
29.5,4,14,1,2224
29.5,4,14,2,2231
29.5,4,14,3,2238
29.5,4,14,4,2245
29.5,4,14,5,2253
29.5,4,14,6,2260
29.5,4,14,7,2267
29.5,4,14,8,2274
29.5,4,14,9,2281
29.5,4,14,10,2287
29.5,4,14,11,2294
29.5,4,14,12,2301
29.5,4,14,13,2308
29.5,4,14,14,2315
29.5,4,14,15,2322
29.5,4,15,0,2224
29.5,4,15,1,2231
29.5,4,15,2,2238
29.5,4,15,3,2245
29.5,4,15,4,2252
29.5,4,15,5,2259
29.5,4,15,6,2266
29.5,4,15,7,2274
29.5,4,15,8,2281
29.5,4,15,9,2287
29.5,4,15,10,2294
29.5,4,15,11,2301
29.5,4,15,12,2308
29.5,4,15,13,2315
29.5,4,15,14,2322
29.5,4,15,15,2329
29.5,5,0,0,2128
29.5,5,0,1,2135
29.5,5,0,2,2141
29.5,5,0,3,2148
29.5,5,0,4,2155
29.5,5,0,5,2162
29.5,5,0,6,2168
29.5,5,0,7,2175
29.5,5,0,8,2182
29.5,5,0,9,2189
29.5,5,0,10,2195
29.5,5,0,11,2202
29.5,5,0,12,2209
29.5,5,0,13,2215
29.5,5,0,14,2222
29.5,5,0,15,2228
29.5,5,1,0,2135
29.5,5,1,1,2142
29.5,5,1,2,2149
29.5,5,1,3,2155
29.5,5,1,4,2162
29.5,5,1,5,2169
29.5,5,1,6,2176
29.5,5,1,7,2182
29.5,5,1,8,2189
29.5,5,1,9,2196
29.5,5,1,10,2203
29.5,5,1,11,2209
29.5,5,1,12,2216
29.5,5,1,13,2223
29.5,5,1,14,2229
29.5,5,1,15,2236
29.5,5,2,0,2142
29.5,5,2,1,2149
29.5,5,2,2,2156
29.5,5,2,3,2163
29.5,5,2,4,2169
29.5,5,2,5,2176
29.5,5,2,6,2183
29.5,5,2,7,2190
29.5,5,2,8,2196
29.5,5,2,9,2203
29.5,5,2,10,2210
29.5,5,2,11,2217
29.5,5,2,12,2223
29.5,5,2,13,2230
29.5,5,2,14,2237
29.5,5,2,15,2243
29.5,5,3,0,2149
29.5,5,3,1,2156
29.5,5,3,2,2163
29.5,5,3,3,2170
29.5,5,3,4,2177
29.5,5,3,5,2183
29.5,5,3,6,2190
29.5,5,3,7,2197
29.5,5,3,8,2204
29.5,5,3,9,2211
29.5,5,3,10,2217
29.5,5,3,11,2224
29.5,5,3,12,2231
29.5,5,3,13,2237
29.5,5,3,14,2244
29.5,5,3,15,2251
29.5,5,4,0,2156
29.5,5,4,1,2163
29.5,5,4,2,2170
29.5,5,4,3,2177
29.5,5,4,4,2184
29.5,5,4,5,2191
29.5,5,4,6,2197
29.5,5,4,7,2204
29.5,5,4,8,2211
29.5,5,4,9,2218
29.5,5,4,10,2225
29.5,5,4,11,2231
29.5,5,4,12,2238
29.5,5,4,13,2245
29.5,5,4,14,2251
29.5,5,4,15,2258
29.5,5,5,0,2163
29.5,5,5,1,2170
29.5,5,5,2,2177
29.5,5,5,3,2184
29.5,5,5,4,2191
29.5,5,5,5,2198
29.5,5,5,6,2205
29.5,5,5,7,2211
29.5,5,5,8,2218
29.5,5,5,9,2225
29.5,5,5,10,2232
29.5,5,5,11,2239
29.5,5,5,12,2245
29.5,5,5,13,2252
29.5,5,5,14,2259
29.5,5,5,15,2265
29.5,5,6,0,2170
29.5,5,6,1,2177
29.5,5,6,2,2184
29.5,5,6,3,2191
29.5,5,6,4,2198
29.5,5,6,5,2205
29.5,5,6,6,2212
29.5,5,6,7,2219
29.5,5,6,8,2225
29.5,5,6,9,2232
29.5,5,6,10,2239
29.5,5,6,11,2246
29.5,5,6,12,2253
29.5,5,6,13,2259
29.5,5,6,14,2266
29.5,5,6,15,2273
29.5,5,7,0,2177
29.5,5,7,1,2184
29.5,5,7,2,2191
29.5,5,7,3,2198
29.5,5,7,4,2205
29.5,5,7,5,2212
29.5,5,7,6,2219
29.5,5,7,7,2226
29.5,5,7,8,2233
29.5,5,7,9,2239
29.5,5,7,10,2246
29.5,5,7,11,2253
29.5,5,7,12,2260
29.5,5,7,13,2267
29.5,5,7,14,2273
29.5,5,7,15,2280
29.5,5,8,0,2184
29.5,5,8,1,2191
29.5,5,8,2,2198
29.5,5,8,3,2205
29.5,5,8,4,2212
29.5,5,8,5,2219
29.5,5,8,6,2226
29.5,5,8,7,2233
29.5,5,8,8,2240
29.5,5,8,9,2247
29.5,5,8,10,2253
29.5,5,8,11,2260
29.5,5,8,12,2267
29.5,5,8,13,2274
29.5,5,8,14,2281
29.5,5,8,15,2287
29.5,5,9,0,2191
29.5,5,9,1,2198
29.5,5,9,2,2205
29.5,5,9,3,2212
29.5,5,9,4,2219
29.5,5,9,5,2226
29.5,5,9,6,2233
29.5,5,9,7,2240
29.5,5,9,8,2247
29.5,5,9,9,2254
29.5,5,9,10,2261
29.5,5,9,11,2267
29.5,5,9,12,2274
29.5,5,9,13,2281
29.5,5,9,14,2288
29.5,5,9,15,2295
29.5,5,10,0,2198
29.5,5,10,1,2205
29.5,5,10,2,2212
29.5,5,10,3,2219
29.5,5,10,4,2226
29.5,5,10,5,2233
29.5,5,10,6,2240
29.5,5,10,7,2247
29.5,5,10,8,2254
29.5,5,10,9,2261
29.5,5,10,10,2268
29.5,5,10,11,2275
29.5,5,10,12,2281
29.5,5,10,13,2288
29.5,5,10,14,2295
29.5,5,10,15,2302
29.5,5,11,0,2205
29.5,5,11,1,2212
29.5,5,11,2,2219
29.5,5,11,3,2226
29.5,5,11,4,2233
29.5,5,11,5,2240
29.5,5,11,6,2247
29.5,5,11,7,2254
29.5,5,11,8,2261
29.5,5,11,9,2268
29.5,5,11,10,2275
29.5,5,11,11,2282
29.5,5,11,12,2289
29.5,5,11,13,2295
29.5,5,11,14,2302
29.5,5,11,15,2309
29.5,5,12,0,2212
29.5,5,12,1,2219
29.5,5,12,2,2226
29.5,5,12,3,2233
29.5,5,12,4,2240
29.5,5,12,5,2247
29.5,5,12,6,2254
29.5,5,12,7,2261
29.5,5,12,8,2268
29.5,5,12,9,2275
29.5,5,12,10,2282
29.5,5,12,11,2289
29.5,5,12,12,2296
29.5,5,12,13,2303
29.5,5,12,14,2309
29.5,5,12,15,2316
29.5,5,13,0,2219
29.5,5,13,1,2226
29.5,5,13,2,2233
29.5,5,13,3,2240
29.5,5,13,4,2247
29.5,5,13,5,2254
29.5,5,13,6,2261
29.5,5,13,7,2268
29.5,5,13,8,2275
29.5,5,13,9,2282
29.5,5,13,10,2289
29.5,5,13,11,2296
29.5,5,13,12,2303
29.5,5,13,13,2310
29.5,5,13,14,2317
29.5,5,13,15,2323
29.5,5,14,0,2225
29.5,5,14,1,2233
29.5,5,14,2,2240
29.5,5,14,3,2247
29.5,5,14,4,2254
29.5,5,14,5,2261
29.5,5,14,6,2268
29.5,5,14,7,2275
29.5,5,14,8,2282
29.5,5,14,9,2289
29.5,5,14,10,2296
29.5,5,14,11,2303
29.5,5,14,12,2310
29.5,5,14,13,2317
29.5,5,14,14,2324
29.5,5,14,15,2331
29.5,5,15,0,2232
29.5,5,15,1,2239
29.5,5,15,2,2247
29.5,5,15,3,2254
29.5,5,15,4,2261
29.5,5,15,5,2268
29.5,5,15,6,2275
29.5,5,15,7,2282
29.5,5,15,8,2289
29.5,5,15,9,2296
29.5,5,15,10,2303
29.5,5,15,11,2310
29.5,5,15,12,2317
29.5,5,15,13,2324
29.5,5,15,14,2331
29.5,5,15,15,2338
29.5,6,0,0,2136
29.5,6,0,1,2143
29.5,6,0,2,2149
29.5,6,0,3,2156
29.5,6,0,4,2163
29.5,6,0,5,2170
29.5,6,0,6,2177
29.5,6,0,7,2183
29.5,6,0,8,2190
29.5,6,0,9,2197
29.5,6,0,10,2204
29.5,6,0,11,2210
29.5,6,0,12,2217
29.5,6,0,13,2223
29.5,6,0,14,2230
29.5,6,0,15,2237
29.5,6,1,0,2143
29.5,6,1,1,2150
29.5,6,1,2,2157
29.5,6,1,3,2163
29.5,6,1,4,2170
29.5,6,1,5,2177
29.5,6,1,6,2184
29.5,6,1,7,2191
29.5,6,1,8,2197
29.5,6,1,9,2204
29.5,6,1,10,2211
29.5,6,1,11,2218
29.5,6,1,12,2224
29.5,6,1,13,2231
29.5,6,1,14,2238
29.5,6,1,15,2244
29.5,6,2,0,2150
29.5,6,2,1,2157
29.5,6,2,2,2164
29.5,6,2,3,2171
29.5,6,2,4,2178
29.5,6,2,5,2184
29.5,6,2,6,2191
29.5,6,2,7,2198
29.5,6,2,8,2205
29.5,6,2,9,2212
29.5,6,2,10,2218
29.5,6,2,11,2225
29.5,6,2,12,2232
29.5,6,2,13,2238
29.5,6,2,14,2245
29.5,6,2,15,2252
29.5,6,3,0,2157
29.5,6,3,1,2164
29.5,6,3,2,2171
29.5,6,3,3,2178
29.5,6,3,4,2185
29.5,6,3,5,2192
29.5,6,3,6,2198
29.5,6,3,7,2205
29.5,6,3,8,2212
29.5,6,3,9,2219
29.5,6,3,10,2226
29.5,6,3,11,2232
29.5,6,3,12,2239
29.5,6,3,13,2246
29.5,6,3,14,2252
29.5,6,3,15,2259
29.5,6,4,0,2164
29.5,6,4,1,2171
29.5,6,4,2,2178
29.5,6,4,3,2185
29.5,6,4,4,2192
29.5,6,4,5,2199
29.5,6,4,6,2206
29.5,6,4,7,2212
29.5,6,4,8,2219
29.5,6,4,9,2226
29.5,6,4,10,2233
29.5,6,4,11,2240
29.5,6,4,12,2246
29.5,6,4,13,2253
29.5,6,4,14,2260
29.5,6,4,15,2266
29.5,6,5,0,2171
29.5,6,5,1,2178
29.5,6,5,2,2185
29.5,6,5,3,2192
29.5,6,5,4,2199
29.5,6,5,5,2206
29.5,6,5,6,2213
29.5,6,5,7,2220
29.5,6,5,8,2227
29.5,6,5,9,2233
29.5,6,5,10,2240
29.5,6,5,11,2247
29.5,6,5,12,2254
29.5,6,5,13,2260
29.5,6,5,14,2267
29.5,6,5,15,2274
29.5,6,6,0,2178
29.5,6,6,1,2185
29.5,6,6,2,2192
29.5,6,6,3,2199
29.5,6,6,4,2206
29.5,6,6,5,2213
29.5,6,6,6,2220
29.5,6,6,7,2227
29.5,6,6,8,2234
29.5,6,6,9,2241
29.5,6,6,10,2247
29.5,6,6,11,2254
29.5,6,6,12,2261
29.5,6,6,13,2268
29.5,6,6,14,2275
29.5,6,6,15,2281
29.5,6,7,0,2185
29.5,6,7,1,2192
29.5,6,7,2,2199
29.5,6,7,3,2206
29.5,6,7,4,2213
29.5,6,7,5,2220
29.5,6,7,6,2227
29.5,6,7,7,2234
29.5,6,7,8,2241
29.5,6,7,9,2248
29.5,6,7,10,2255
29.5,6,7,11,2262
29.5,6,7,12,2268
29.5,6,7,13,2275
29.5,6,7,14,2282
29.5,6,7,15,2289
29.5,6,8,0,2192
29.5,6,8,1,2199
29.5,6,8,2,2206
29.5,6,8,3,2213
29.5,6,8,4,2220
29.5,6,8,5,2227
29.5,6,8,6,2234
29.5,6,8,7,2241
29.5,6,8,8,2248
29.5,6,8,9,2255
29.5,6,8,10,2262
29.5,6,8,11,2269
29.5,6,8,12,2276
29.5,6,8,13,2282
29.5,6,8,14,2289
29.5,6,8,15,2296
29.5,6,9,0,2199
29.5,6,9,1,2206
29.5,6,9,2,2213
29.5,6,9,3,2220
29.5,6,9,4,2227
29.5,6,9,5,2234
29.5,6,9,6,2241
29.5,6,9,7,2248
29.5,6,9,8,2255
29.5,6,9,9,2262
29.5,6,9,10,2269
29.5,6,9,11,2276
29.5,6,9,12,2283
29.5,6,9,13,2290
29.5,6,9,14,2296
29.5,6,9,15,2303
29.5,6,10,0,2206
29.5,6,10,1,2213
29.5,6,10,2,2220
29.5,6,10,3,2227
29.5,6,10,4,2234
29.5,6,10,5,2241
29.5,6,10,6,2248
29.5,6,10,7,2255
29.5,6,10,8,2262
29.5,6,10,9,2269
29.5,6,10,10,2276
29.5,6,10,11,2283
29.5,6,10,12,2290
29.5,6,10,13,2297
29.5,6,10,14,2304
29.5,6,10,15,2310
29.5,6,11,0,2213
29.5,6,11,1,2220
29.5,6,11,2,2227
29.5,6,11,3,2234
29.5,6,11,4,2241
29.5,6,11,5,2249
29.5,6,11,6,2256
29.5,6,11,7,2263
29.5,6,11,8,2270
29.5,6,11,9,2276
29.5,6,11,10,2283
29.5,6,11,11,2290
29.5,6,11,12,2297
29.5,6,11,13,2304
29.5,6,11,14,2311
29.5,6,11,15,2318
29.5,6,12,0,2220
29.5,6,12,1,2227
29.5,6,12,2,2234
29.5,6,12,3,2241
29.5,6,12,4,2248
29.5,6,12,5,2256
29.5,6,12,6,2263
29.5,6,12,7,2270
29.5,6,12,8,2277
29.5,6,12,9,2284
29.5,6,12,10,2291
29.5,6,12,11,2297
29.5,6,12,12,2304
29.5,6,12,13,2311
29.5,6,12,14,2318
29.5,6,12,15,2325
29.5,6,13,0,2227
29.5,6,13,1,2234
29.5,6,13,2,2241
29.5,6,13,3,2248
29.5,6,13,4,2255
29.5,6,13,5,2263
29.5,6,13,6,2270
29.5,6,13,7,2277
29.5,6,13,8,2284
29.5,6,13,9,2291
29.5,6,13,10,2298
29.5,6,13,11,2305
29.5,6,13,12,2312
29.5,6,13,13,2318
29.5,6,13,14,2325
29.5,6,13,15,2332
29.5,6,14,0,2234
29.5,6,14,1,2241
29.5,6,14,2,2248
29.5,6,14,3,2255
29.5,6,14,4,2262
29.5,6,14,5,2270
29.5,6,14,6,2277
29.5,6,14,7,2284
29.5,6,14,8,2291
29.5,6,14,9,2298
29.5,6,14,10,2305
29.5,6,14,11,2312
29.5,6,14,12,2319
29.5,6,14,13,2326
29.5,6,14,14,2332
29.5,6,14,15,2339
29.5,6,15,0,2241
29.5,6,15,1,2248
29.5,6,15,2,2255
29.5,6,15,3,2262
29.5,6,15,4,2269
29.5,6,15,5,2276
29.5,6,15,6,2284
29.5,6,15,7,2291
29.5,6,15,8,2298
29.5,6,15,9,2305
29.5,6,15,10,2312
29.5,6,15,11,2319
29.5,6,15,12,2326
29.5,6,15,13,2333
29.5,6,15,14,2340
29.5,6,15,15,2347
29.5,7,0,0,2144
29.5,7,0,1,2151
29.5,7,0,2,2157
29.5,7,0,3,2164
29.5,7,0,4,2171
29.5,7,0,5,2178
29.5,7,0,6,2185
29.5,7,0,7,2192
29.5,7,0,8,2198
29.5,7,0,9,2205
29.5,7,0,10,2212
29.5,7,0,11,2218
29.5,7,0,12,2225
29.5,7,0,13,2232
29.5,7,0,14,2238
29.5,7,0,15,2245
29.5,7,1,0,2151
29.5,7,1,1,2158
29.5,7,1,2,2165
29.5,7,1,3,2172
29.5,7,1,4,2178
29.5,7,1,5,2185
29.5,7,1,6,2192
29.5,7,1,7,2199
29.5,7,1,8,2206
29.5,7,1,9,2212
29.5,7,1,10,2219
29.5,7,1,11,2226
29.5,7,1,12,2233
29.5,7,1,13,2239
29.5,7,1,14,2246
29.5,7,1,15,2253
29.5,7,2,0,2158
29.5,7,2,1,2165
29.5,7,2,2,2172
29.5,7,2,3,2179
29.5,7,2,4,2186
29.5,7,2,5,2193
29.5,7,2,6,2199
29.5,7,2,7,2206
29.5,7,2,8,2213
29.5,7,2,9,2220
29.5,7,2,10,2227
29.5,7,2,11,2233
29.5,7,2,12,2240
29.5,7,2,13,2247
29.5,7,2,14,2253
29.5,7,2,15,2260
29.5,7,3,0,2165
29.5,7,3,1,2172
29.5,7,3,2,2179
29.5,7,3,3,2186
29.5,7,3,4,2193
29.5,7,3,5,2200
29.5,7,3,6,2207
29.5,7,3,7,2214
29.5,7,3,8,2220
29.5,7,3,9,2227
29.5,7,3,10,2234
29.5,7,3,11,2241
29.5,7,3,12,2247
29.5,7,3,13,2254
29.5,7,3,14,2261
29.5,7,3,15,2268
29.5,7,4,0,2172
29.5,7,4,1,2179
29.5,7,4,2,2186
29.5,7,4,3,2193
29.5,7,4,4,2200
29.5,7,4,5,2207
29.5,7,4,6,2214
29.5,7,4,7,2221
29.5,7,4,8,2228
29.5,7,4,9,2234
29.5,7,4,10,2241
29.5,7,4,11,2248
29.5,7,4,12,2255
29.5,7,4,13,2262
29.5,7,4,14,2268
29.5,7,4,15,2275
29.5,7,5,0,2179
29.5,7,5,1,2186
29.5,7,5,2,2193
29.5,7,5,3,2200
29.5,7,5,4,2207
29.5,7,5,5,2214
29.5,7,5,6,2221
29.5,7,5,7,2228
29.5,7,5,8,2235
29.5,7,5,9,2242
29.5,7,5,10,2249
29.5,7,5,11,2255
29.5,7,5,12,2262
29.5,7,5,13,2269
29.5,7,5,14,2276
29.5,7,5,15,2282
29.5,7,6,0,2186
29.5,7,6,1,2193
29.5,7,6,2,2200
29.5,7,6,3,2207
29.5,7,6,4,2214
29.5,7,6,5,2221
29.5,7,6,6,2228
29.5,7,6,7,2235
29.5,7,6,8,2242
29.5,7,6,9,2249
29.5,7,6,10,2256
29.5,7,6,11,2263
29.5,7,6,12,2269
29.5,7,6,13,2276
29.5,7,6,14,2283
29.5,7,6,15,2290
29.5,7,7,0,2193
29.5,7,7,1,2201
29.5,7,7,2,2208
29.5,7,7,3,2215
29.5,7,7,4,2222
29.5,7,7,5,2229
29.5,7,7,6,2236
29.5,7,7,7,2242
29.5,7,7,8,2249
29.5,7,7,9,2256
29.5,7,7,10,2263
29.5,7,7,11,2270
29.5,7,7,12,2277
29.5,7,7,13,2284
29.5,7,7,14,2290
29.5,7,7,15,2297
29.5,7,8,0,2200
29.5,7,8,1,2208
29.5,7,8,2,2215
29.5,7,8,3,2222
29.5,7,8,4,2229
29.5,7,8,5,2236
29.5,7,8,6,2243
29.5,7,8,7,2250
29.5,7,8,8,2257
29.5,7,8,9,2263
29.5,7,8,10,2270
29.5,7,8,11,2277
29.5,7,8,12,2284
29.5,7,8,13,2291
29.5,7,8,14,2298
29.5,7,8,15,2305
29.5,7,9,0,2207
29.5,7,9,1,2215
29.5,7,9,2,2222
29.5,7,9,3,2229
29.5,7,9,4,2236
29.5,7,9,5,2243
29.5,7,9,6,2250
29.5,7,9,7,2257
29.5,7,9,8,2264
29.5,7,9,9,2271
29.5,7,9,10,2278
29.5,7,9,11,2284
29.5,7,9,12,2291
29.5,7,9,13,2298
29.5,7,9,14,2305
29.5,7,9,15,2312
29.5,7,10,0,2214
29.5,7,10,1,2222
29.5,7,10,2,2229
29.5,7,10,3,2236
29.5,7,10,4,2243
29.5,7,10,5,2250
29.5,7,10,6,2257
29.5,7,10,7,2264
29.5,7,10,8,2271
29.5,7,10,9,2278
29.5,7,10,10,2285
29.5,7,10,11,2292
29.5,7,10,12,2299
29.5,7,10,13,2305
29.5,7,10,14,2312
29.5,7,10,15,2319
29.5,7,11,0,2221
29.5,7,11,1,2229
29.5,7,11,2,2236
29.5,7,11,3,2243
29.5,7,11,4,2250
29.5,7,11,5,2257
29.5,7,11,6,2264
29.5,7,11,7,2271
29.5,7,11,8,2278
29.5,7,11,9,2285
29.5,7,11,10,2292
29.5,7,11,11,2299
29.5,7,11,12,2306
29.5,7,11,13,2313
29.5,7,11,14,2320
29.5,7,11,15,2326
29.5,7,12,0,2228
29.5,7,12,1,2236
29.5,7,12,2,2243
29.5,7,12,3,2250
29.5,7,12,4,2257
29.5,7,12,5,2264
29.5,7,12,6,2271
29.5,7,12,7,2278
29.5,7,12,8,2285
29.5,7,12,9,2292
29.5,7,12,10,2299
29.5,7,12,11,2306
29.5,7,12,12,2313
29.5,7,12,13,2320
29.5,7,12,14,2327
29.5,7,12,15,2334
29.5,7,13,0,2235
29.5,7,13,1,2242
29.5,7,13,2,2250
29.5,7,13,3,2257
29.5,7,13,4,2264
29.5,7,13,5,2271
29.5,7,13,6,2278
29.5,7,13,7,2285
29.5,7,13,8,2292
29.5,7,13,9,2299
29.5,7,13,10,2306
29.5,7,13,11,2313
29.5,7,13,12,2320
29.5,7,13,13,2327
29.5,7,13,14,2334
29.5,7,13,15,2341
29.5,7,14,0,2242
29.5,7,14,1,2249
29.5,7,14,2,2257
29.5,7,14,3,2264
29.5,7,14,4,2271
29.5,7,14,5,2278
29.5,7,14,6,2285
29.5,7,14,7,2292
29.5,7,14,8,2299
29.5,7,14,9,2306
29.5,7,14,10,2313
29.5,7,14,11,2320
29.5,7,14,12,2327
29.5,7,14,13,2334
29.5,7,14,14,2341
29.5,7,14,15,2348
29.5,7,15,0,2249
29.5,7,15,1,2256
29.5,7,15,2,2263
29.5,7,15,3,2271
29.5,7,15,4,2278
29.5,7,15,5,2285
29.5,7,15,6,2292
29.5,7,15,7,2299
29.5,7,15,8,2306
29.5,7,15,9,2313
29.5,7,15,10,2320
29.5,7,15,11,2327
29.5,7,15,12,2334
29.5,7,15,13,2341
29.5,7,15,14,2348
29.5,7,15,15,2355
29.5,8,0,0,2152
29.5,8,0,1,2159
29.5,8,0,2,2166
29.5,8,0,3,2172
29.5,8,0,4,2179
29.5,8,0,5,2186
29.5,8,0,6,2193
29.5,8,0,7,2200
29.5,8,0,8,2207
29.5,8,0,9,2213
29.5,8,0,10,2220
29.5,8,0,11,2227
29.5,8,0,12,2233
29.5,8,0,13,2240
29.5,8,0,14,2247
29.5,8,0,15,2253
29.5,8,1,0,2159
29.5,8,1,1,2166
29.5,8,1,2,2173
29.5,8,1,3,2180
29.5,8,1,4,2187
29.5,8,1,5,2193
29.5,8,1,6,2200
29.5,8,1,7,2207
29.5,8,1,8,2214
29.5,8,1,9,2221
29.5,8,1,10,2227
29.5,8,1,11,2234
29.5,8,1,12,2241
29.5,8,1,13,2248
29.5,8,1,14,2254
29.5,8,1,15,2261
29.5,8,2,0,2166
29.5,8,2,1,2173
29.5,8,2,2,2180
29.5,8,2,3,2187
29.5,8,2,4,2194
29.5,8,2,5,2201
29.5,8,2,6,2208
29.5,8,2,7,2214
29.5,8,2,8,2221
29.5,8,2,9,2228
29.5,8,2,10,2235
29.5,8,2,11,2242
29.5,8,2,12,2248
29.5,8,2,13,2255
29.5,8,2,14,2262
29.5,8,2,15,2268
29.5,8,3,0,2173
29.5,8,3,1,2180
29.5,8,3,2,2187
29.5,8,3,3,2194
29.5,8,3,4,2201
29.5,8,3,5,2208
29.5,8,3,6,2215
29.5,8,3,7,2222
29.5,8,3,8,2229
29.5,8,3,9,2235
29.5,8,3,10,2242
29.5,8,3,11,2249
29.5,8,3,12,2256
29.5,8,3,13,2263
29.5,8,3,14,2269
29.5,8,3,15,2276
29.5,8,4,0,2180
29.5,8,4,1,2187
29.5,8,4,2,2194
29.5,8,4,3,2201
29.5,8,4,4,2208
29.5,8,4,5,2215
29.5,8,4,6,2222
29.5,8,4,7,2229
29.5,8,4,8,2236
29.5,8,4,9,2243
29.5,8,4,10,2250
29.5,8,4,11,2256
29.5,8,4,12,2263
29.5,8,4,13,2270
29.5,8,4,14,2277
29.5,8,4,15,2283
29.5,8,5,0,2187
29.5,8,5,1,2195
29.5,8,5,2,2202
29.5,8,5,3,2209
29.5,8,5,4,2216
29.5,8,5,5,2222
29.5,8,5,6,2229
29.5,8,5,7,2236
29.5,8,5,8,2243
29.5,8,5,9,2250
29.5,8,5,10,2257
29.5,8,5,11,2264
29.5,8,5,12,2271
29.5,8,5,13,2277
29.5,8,5,14,2284
29.5,8,5,15,2291
29.5,8,6,0,2195
29.5,8,6,1,2202
29.5,8,6,2,2209
29.5,8,6,3,2216
29.5,8,6,4,2223
29.5,8,6,5,2230
29.5,8,6,6,2237
29.5,8,6,7,2244
29.5,8,6,8,2251
29.5,8,6,9,2257
29.5,8,6,10,2264
29.5,8,6,11,2271
29.5,8,6,12,2278
29.5,8,6,13,2285
29.5,8,6,14,2292
29.5,8,6,15,2298
29.5,8,7,0,2202
29.5,8,7,1,2209
29.5,8,7,2,2216
29.5,8,7,3,2223
29.5,8,7,4,2230
29.5,8,7,5,2237
29.5,8,7,6,2244
29.5,8,7,7,2251
29.5,8,7,8,2258
29.5,8,7,9,2265
29.5,8,7,10,2272
29.5,8,7,11,2278
29.5,8,7,12,2285
29.5,8,7,13,2292
29.5,8,7,14,2299
29.5,8,7,15,2306
29.5,8,8,0,2209
29.5,8,8,1,2216
29.5,8,8,2,2223
29.5,8,8,3,2230
29.5,8,8,4,2237
29.5,8,8,5,2244
29.5,8,8,6,2251
29.5,8,8,7,2258
29.5,8,8,8,2265
29.5,8,8,9,2272
29.5,8,8,10,2279
29.5,8,8,11,2286
29.5,8,8,12,2293
29.5,8,8,13,2299
29.5,8,8,14,2306
29.5,8,8,15,2313
29.5,8,9,0,2216
29.5,8,9,1,2223
29.5,8,9,2,2230
29.5,8,9,3,2237
29.5,8,9,4,2244
29.5,8,9,5,2251
29.5,8,9,6,2258
29.5,8,9,7,2265
29.5,8,9,8,2272
29.5,8,9,9,2279
29.5,8,9,10,2286
29.5,8,9,11,2293
29.5,8,9,12,2300
29.5,8,9,13,2307
29.5,8,9,14,2314
29.5,8,9,15,2320
29.5,8,10,0,2223
29.5,8,10,1,2230
29.5,8,10,2,2237
29.5,8,10,3,2244
29.5,8,10,4,2251
29.5,8,10,5,2258
29.5,8,10,6,2265
29.5,8,10,7,2272
29.5,8,10,8,2279
29.5,8,10,9,2286
29.5,8,10,10,2293
29.5,8,10,11,2300
29.5,8,10,12,2307
29.5,8,10,13,2314
29.5,8,10,14,2321
29.5,8,10,15,2328
29.5,8,11,0,2230
29.5,8,11,1,2237
29.5,8,11,2,2244
29.5,8,11,3,2251
29.5,8,11,4,2258
29.5,8,11,5,2265
29.5,8,11,6,2272
29.5,8,11,7,2280
29.5,8,11,8,2287
29.5,8,11,9,2294
29.5,8,11,10,2301
29.5,8,11,11,2307
29.5,8,11,12,2314
29.5,8,11,13,2321
29.5,8,11,14,2328
29.5,8,11,15,2335
29.5,8,12,0,2237
29.5,8,12,1,2244
29.5,8,12,2,2251
29.5,8,12,3,2258
29.5,8,12,4,2265
29.5,8,12,5,2272
29.5,8,12,6,2280
29.5,8,12,7,2287
29.5,8,12,8,2294
29.5,8,12,9,2301
29.5,8,12,10,2308
29.5,8,12,11,2315
29.5,8,12,12,2322
29.5,8,12,13,2329
29.5,8,12,14,2336
29.5,8,12,15,2342
29.5,8,13,0,2244
29.5,8,13,1,2251
29.5,8,13,2,2258
29.5,8,13,3,2265
29.5,8,13,4,2272
29.5,8,13,5,2280
29.5,8,13,6,2287
29.5,8,13,7,2294
29.5,8,13,8,2301
29.5,8,13,9,2308
29.5,8,13,10,2315
29.5,8,13,11,2322
29.5,8,13,12,2329
29.5,8,13,13,2336
29.5,8,13,14,2343
29.5,8,13,15,2350
29.5,8,14,0,2251
29.5,8,14,1,2258
29.5,8,14,2,2265
29.5,8,14,3,2272
29.5,8,14,4,2279
29.5,8,14,5,2287
29.5,8,14,6,2294
29.5,8,14,7,2301
29.5,8,14,8,2308
29.5,8,14,9,2315
29.5,8,14,10,2322
29.5,8,14,11,2329
29.5,8,14,12,2336
29.5,8,14,13,2343
29.5,8,14,14,2350
29.5,8,14,15,2357
29.5,8,15,0,2257
29.5,8,15,1,2265
29.5,8,15,2,2272
29.5,8,15,3,2279
29.5,8,15,4,2286
29.5,8,15,5,2294
29.5,8,15,6,2301
29.5,8,15,7,2308
29.5,8,15,8,2315
29.5,8,15,9,2322
29.5,8,15,10,2329
29.5,8,15,11,2336
29.5,8,15,12,2343
29.5,8,15,13,2350
29.5,8,15,14,2357
29.5,8,15,15,2364
29.5,9,0,0,2160
29.5,9,0,1,2167
29.5,9,0,2,2174
29.5,9,0,3,2180
29.5,9,0,4,2187
29.5,9,0,5,2194
29.5,9,0,6,2201
29.5,9,0,7,2208
29.5,9,0,8,2215
29.5,9,0,9,2222
29.5,9,0,10,2228
29.5,9,0,11,2235
29.5,9,0,12,2242
29.5,9,0,13,2248
29.5,9,0,14,2255
29.5,9,0,15,2262
29.5,9,1,0,2167
29.5,9,1,1,2174
29.5,9,1,2,2181
29.5,9,1,3,2188
29.5,9,1,4,2195
29.5,9,1,5,2202
29.5,9,1,6,2208
29.5,9,1,7,2215
29.5,9,1,8,2222
29.5,9,1,9,2229
29.5,9,1,10,2236
29.5,9,1,11,2242
29.5,9,1,12,2249
29.5,9,1,13,2256
29.5,9,1,14,2263
29.5,9,1,15,2269
29.5,9,2,0,2174
29.5,9,2,1,2181
29.5,9,2,2,2188
29.5,9,2,3,2195
29.5,9,2,4,2202
29.5,9,2,5,2209
29.5,9,2,6,2216
29.5,9,2,7,2223
29.5,9,2,8,2230
29.5,9,2,9,2236
29.5,9,2,10,2243
29.5,9,2,11,2250
29.5,9,2,12,2257
29.5,9,2,13,2263
29.5,9,2,14,2270
29.5,9,2,15,2277
29.5,9,3,0,2181
29.5,9,3,1,2188
29.5,9,3,2,2195
29.5,9,3,3,2202
29.5,9,3,4,2209
29.5,9,3,5,2216
29.5,9,3,6,2223
29.5,9,3,7,2230
29.5,9,3,8,2237
29.5,9,3,9,2244
29.5,9,3,10,2251
29.5,9,3,11,2257
29.5,9,3,12,2264
29.5,9,3,13,2271
29.5,9,3,14,2278
29.5,9,3,15,2284
29.5,9,4,0,2188
29.5,9,4,1,2196
29.5,9,4,2,2203
29.5,9,4,3,2210
29.5,9,4,4,2217
29.5,9,4,5,2224
29.5,9,4,6,2230
29.5,9,4,7,2237
29.5,9,4,8,2244
29.5,9,4,9,2251
29.5,9,4,10,2258
29.5,9,4,11,2265
29.5,9,4,12,2272
29.5,9,4,13,2278
29.5,9,4,14,2285
29.5,9,4,15,2292
29.5,9,5,0,2196
29.5,9,5,1,2203
29.5,9,5,2,2210
29.5,9,5,3,2217
29.5,9,5,4,2224
29.5,9,5,5,2231
29.5,9,5,6,2238
29.5,9,5,7,2245
29.5,9,5,8,2252
29.5,9,5,9,2258
29.5,9,5,10,2265
29.5,9,5,11,2272
29.5,9,5,12,2279
29.5,9,5,13,2286
29.5,9,5,14,2293
29.5,9,5,15,2299
29.5,9,6,0,2203
29.5,9,6,1,2210
29.5,9,6,2,2217
29.5,9,6,3,2224
29.5,9,6,4,2231
29.5,9,6,5,2238
29.5,9,6,6,2245
29.5,9,6,7,2252
29.5,9,6,8,2259
29.5,9,6,9,2266
29.5,9,6,10,2273
29.5,9,6,11,2280
29.5,9,6,12,2286
29.5,9,6,13,2293
29.5,9,6,14,2300
29.5,9,6,15,2307
29.5,9,7,0,2210
29.5,9,7,1,2217
29.5,9,7,2,2224
29.5,9,7,3,2231
29.5,9,7,4,2238
29.5,9,7,5,2245
29.5,9,7,6,2252
29.5,9,7,7,2259
29.5,9,7,8,2266
29.5,9,7,9,2273
29.5,9,7,10,2280
29.5,9,7,11,2287
29.5,9,7,12,2294
29.5,9,7,13,2301
29.5,9,7,14,2307
29.5,9,7,15,2314
29.5,9,8,0,2217
29.5,9,8,1,2224
29.5,9,8,2,2231
29.5,9,8,3,2238
29.5,9,8,4,2245
29.5,9,8,5,2252
29.5,9,8,6,2259
29.5,9,8,7,2266
29.5,9,8,8,2273
29.5,9,8,9,2280
29.5,9,8,10,2287
29.5,9,8,11,2294
29.5,9,8,12,2301
29.5,9,8,13,2308
29.5,9,8,14,2315
29.5,9,8,15,2322
29.5,9,9,0,2224
29.5,9,9,1,2231
29.5,9,9,2,2238
29.5,9,9,3,2245
29.5,9,9,4,2252
29.5,9,9,5,2260
29.5,9,9,6,2267
29.5,9,9,7,2274
29.5,9,9,8,2281
29.5,9,9,9,2288
29.5,9,9,10,2295
29.5,9,9,11,2302
29.5,9,9,12,2308
29.5,9,9,13,2315
29.5,9,9,14,2322
29.5,9,9,15,2329
29.5,9,10,0,2231
29.5,9,10,1,2238
29.5,9,10,2,2245
29.5,9,10,3,2252
29.5,9,10,4,2260
29.5,9,10,5,2267
29.5,9,10,6,2274
29.5,9,10,7,2281
29.5,9,10,8,2288
29.5,9,10,9,2295
29.5,9,10,10,2302
29.5,9,10,11,2309
29.5,9,10,12,2316
29.5,9,10,13,2323
29.5,9,10,14,2330
29.5,9,10,15,2336
29.5,9,11,0,2238
29.5,9,11,1,2245
29.5,9,11,2,2252
29.5,9,11,3,2260
29.5,9,11,4,2267
29.5,9,11,5,2274
29.5,9,11,6,2281
29.5,9,11,7,2288
29.5,9,11,8,2295
29.5,9,11,9,2302
29.5,9,11,10,2309
29.5,9,11,11,2316
29.5,9,11,12,2323
29.5,9,11,13,2330
29.5,9,11,14,2337
29.5,9,11,15,2344
29.5,9,12,0,2245
29.5,9,12,1,2252
29.5,9,12,2,2259
29.5,9,12,3,2267
29.5,9,12,4,2274
29.5,9,12,5,2281
29.5,9,12,6,2288
29.5,9,12,7,2295
29.5,9,12,8,2302
29.5,9,12,9,2309
29.5,9,12,10,2316
29.5,9,12,11,2323
29.5,9,12,12,2330
29.5,9,12,13,2337
29.5,9,12,14,2344
29.5,9,12,15,2351
29.5,9,13,0,2252
29.5,9,13,1,2259
29.5,9,13,2,2266
29.5,9,13,3,2274
29.5,9,13,4,2281
29.5,9,13,5,2288
29.5,9,13,6,2295
29.5,9,13,7,2302
29.5,9,13,8,2309
29.5,9,13,9,2316
29.5,9,13,10,2323
29.5,9,13,11,2330
29.5,9,13,12,2338
29.5,9,13,13,2344
29.5,9,13,14,2351
29.5,9,13,15,2358
29.5,9,14,0,2259
29.5,9,14,1,2266
29.5,9,14,2,2273
29.5,9,14,3,2281
29.5,9,14,4,2288
29.5,9,14,5,2295
29.5,9,14,6,2302
29.5,9,14,7,2309
29.5,9,14,8,2316
29.5,9,14,9,2324
29.5,9,14,10,2331
29.5,9,14,11,2338
29.5,9,14,12,2345
29.5,9,14,13,2352
29.5,9,14,14,2359
29.5,9,14,15,2366
29.5,9,15,0,2266
29.5,9,15,1,2273
29.5,9,15,2,2280
29.5,9,15,3,2288
29.5,9,15,4,2295
29.5,9,15,5,2302
29.5,9,15,6,2309
29.5,9,15,7,2316
29.5,9,15,8,2324
29.5,9,15,9,2331
29.5,9,15,10,2338
29.5,9,15,11,2345
29.5,9,15,12,2352
29.5,9,15,13,2359
29.5,9,15,14,2366
29.5,9,15,15,2373
29.5,10,0,0,2168
29.5,10,0,1,2175
29.5,10,0,2,2182
29.5,10,0,3,2189
29.5,10,0,4,2195
29.5,10,0,5,2202
29.5,10,0,6,2209
29.5,10,0,7,2216
29.5,10,0,8,2223
29.5,10,0,9,2230
29.5,10,0,10,2237
29.5,10,0,11,2243
29.5,10,0,12,2250
29.5,10,0,13,2257
29.5,10,0,14,2263
29.5,10,0,15,2270
29.5,10,1,0,2175
29.5,10,1,1,2182
29.5,10,1,2,2189
29.5,10,1,3,2196
29.5,10,1,4,2203
29.5,10,1,5,2210
29.5,10,1,6,2217
29.5,10,1,7,2224
29.5,10,1,8,2230
29.5,10,1,9,2237
29.5,10,1,10,2244
29.5,10,1,11,2251
29.5,10,1,12,2258
29.5,10,1,13,2264
29.5,10,1,14,2271
29.5,10,1,15,2278
29.5,10,2,0,2182
29.5,10,2,1,2189
29.5,10,2,2,2196
29.5,10,2,3,2203
29.5,10,2,4,2210
29.5,10,2,5,2217
29.5,10,2,6,2224
29.5,10,2,7,2231
29.5,10,2,8,2238
29.5,10,2,9,2245
29.5,10,2,10,2251
29.5,10,2,11,2258
29.5,10,2,12,2265
29.5,10,2,13,2272
29.5,10,2,14,2279
29.5,10,2,15,2285
29.5,10,3,0,2189
29.5,10,3,1,2196
29.5,10,3,2,2203
29.5,10,3,3,2210
29.5,10,3,4,2217
29.5,10,3,5,2224
29.5,10,3,6,2231
29.5,10,3,7,2238
29.5,10,3,8,2245
29.5,10,3,9,2252
29.5,10,3,10,2259
29.5,10,3,11,2266
29.5,10,3,12,2273
29.5,10,3,13,2279
29.5,10,3,14,2286
29.5,10,3,15,2293
29.5,10,4,0,2197
29.5,10,4,1,2204
29.5,10,4,2,2211
29.5,10,4,3,2218
29.5,10,4,4,2225
29.5,10,4,5,2232
29.5,10,4,6,2239
29.5,10,4,7,2246
29.5,10,4,8,2253
29.5,10,4,9,2259
29.5,10,4,10,2266
29.5,10,4,11,2273
29.5,10,4,12,2280
29.5,10,4,13,2287
29.5,10,4,14,2294
29.5,10,4,15,2300
29.5,10,5,0,2204
29.5,10,5,1,2211
29.5,10,5,2,2218
29.5,10,5,3,2225
29.5,10,5,4,2232
29.5,10,5,5,2239
29.5,10,5,6,2246
29.5,10,5,7,2253
29.5,10,5,8,2260
29.5,10,5,9,2267
29.5,10,5,10,2274
29.5,10,5,11,2281
29.5,10,5,12,2287
29.5,10,5,13,2294
29.5,10,5,14,2301
29.5,10,5,15,2308
29.5,10,6,0,2211
29.5,10,6,1,2218
29.5,10,6,2,2225
29.5,10,6,3,2232
29.5,10,6,4,2239
29.5,10,6,5,2246
29.5,10,6,6,2253
29.5,10,6,7,2260
29.5,10,6,8,2267
29.5,10,6,9,2274
29.5,10,6,10,2281
29.5,10,6,11,2288
29.5,10,6,12,2295
29.5,10,6,13,2302
29.5,10,6,14,2309
29.5,10,6,15,2315
29.5,10,7,0,2218
29.5,10,7,1,2225
29.5,10,7,2,2232
29.5,10,7,3,2239
29.5,10,7,4,2246
29.5,10,7,5,2254
29.5,10,7,6,2261
29.5,10,7,7,2268
29.5,10,7,8,2275
29.5,10,7,9,2282
29.5,10,7,10,2288
29.5,10,7,11,2295
29.5,10,7,12,2302
29.5,10,7,13,2309
29.5,10,7,14,2316
29.5,10,7,15,2323
29.5,10,8,0,2225
29.5,10,8,1,2232
29.5,10,8,2,2239
29.5,10,8,3,2247
29.5,10,8,4,2254
29.5,10,8,5,2261
29.5,10,8,6,2268
29.5,10,8,7,2275
29.5,10,8,8,2282
29.5,10,8,9,2289
29.5,10,8,10,2296
29.5,10,8,11,2303
29.5,10,8,12,2310
29.5,10,8,13,2317
29.5,10,8,14,2323
29.5,10,8,15,2330
29.5,10,9,0,2232
29.5,10,9,1,2239
29.5,10,9,2,2247
29.5,10,9,3,2254
29.5,10,9,4,2261
29.5,10,9,5,2268
29.5,10,9,6,2275
29.5,10,9,7,2282
29.5,10,9,8,2289
29.5,10,9,9,2296
29.5,10,9,10,2303
29.5,10,9,11,2310
29.5,10,9,12,2317
29.5,10,9,13,2324
29.5,10,9,14,2331
29.5,10,9,15,2338
29.5,10,10,0,2239
29.5,10,10,1,2246
29.5,10,10,2,2254
29.5,10,10,3,2261
29.5,10,10,4,2268
29.5,10,10,5,2275
29.5,10,10,6,2282
29.5,10,10,7,2289
29.5,10,10,8,2296
29.5,10,10,9,2303
29.5,10,10,10,2310
29.5,10,10,11,2317
29.5,10,10,12,2324
29.5,10,10,13,2331
29.5,10,10,14,2338
29.5,10,10,15,2345
29.5,10,11,0,2246
29.5,10,11,1,2254
29.5,10,11,2,2261
29.5,10,11,3,2268
29.5,10,11,4,2275
29.5,10,11,5,2282
29.5,10,11,6,2289
29.5,10,11,7,2296
29.5,10,11,8,2304
29.5,10,11,9,2311
29.5,10,11,10,2318
29.5,10,11,11,2325
29.5,10,11,12,2332
29.5,10,11,13,2339
29.5,10,11,14,2346
29.5,10,11,15,2352
29.5,10,12,0,2253
29.5,10,12,1,2261
29.5,10,12,2,2268
29.5,10,12,3,2275
29.5,10,12,4,2282
29.5,10,12,5,2289
29.5,10,12,6,2296
29.5,10,12,7,2304
29.5,10,12,8,2311
29.5,10,12,9,2318
29.5,10,12,10,2325
29.5,10,12,11,2332
29.5,10,12,12,2339
29.5,10,12,13,2346
29.5,10,12,14,2353
29.5,10,12,15,2360
29.5,10,13,0,2260
29.5,10,13,1,2268
29.5,10,13,2,2275
29.5,10,13,3,2282
29.5,10,13,4,2289
29.5,10,13,5,2296
29.5,10,13,6,2304
29.5,10,13,7,2311
29.5,10,13,8,2318
29.5,10,13,9,2325
29.5,10,13,10,2332
29.5,10,13,11,2339
29.5,10,13,12,2346
29.5,10,13,13,2353
29.5,10,13,14,2360
29.5,10,13,15,2367
29.5,10,14,0,2267
29.5,10,14,1,2275
29.5,10,14,2,2282
29.5,10,14,3,2289
29.5,10,14,4,2296
29.5,10,14,5,2304
29.5,10,14,6,2311
29.5,10,14,7,2318
29.5,10,14,8,2325
29.5,10,14,9,2332
29.5,10,14,10,2339
29.5,10,14,11,2346
29.5,10,14,12,2353
29.5,10,14,13,2360
29.5,10,14,14,2367
29.5,10,14,15,2374
29.5,10,15,0,2274
29.5,10,15,1,2282
29.5,10,15,2,2289
29.5,10,15,3,2296
29.5,10,15,4,2303
29.5,10,15,5,2311
29.5,10,15,6,2318
29.5,10,15,7,2325
29.5,10,15,8,2332
29.5,10,15,9,2339
29.5,10,15,10,2346
29.5,10,15,11,2354
29.5,10,15,12,2361
29.5,10,15,13,2368
29.5,10,15,14,2375
29.5,10,15,15,2382
29.5,11,0,0,2176
29.5,11,0,1,2183
29.5,11,0,2,2190
29.5,11,0,3,2197
29.5,11,0,4,2204
29.5,11,0,5,2210
29.5,11,0,6,2217
29.5,11,0,7,2224
29.5,11,0,8,2231
29.5,11,0,9,2238
29.5,11,0,10,2245
29.5,11,0,11,2252
29.5,11,0,12,2258
29.5,11,0,13,2265
29.5,11,0,14,2272
29.5,11,0,15,2279
29.5,11,1,0,2183
29.5,11,1,1,2190
29.5,11,1,2,2197
29.5,11,1,3,2204
29.5,11,1,4,2211
29.5,11,1,5,2218
29.5,11,1,6,2225
29.5,11,1,7,2232
29.5,11,1,8,2239
29.5,11,1,9,2245
29.5,11,1,10,2252
29.5,11,1,11,2259
29.5,11,1,12,2266
29.5,11,1,13,2273
29.5,11,1,14,2279
29.5,11,1,15,2286
29.5,11,2,0,2190
29.5,11,2,1,2197
29.5,11,2,2,2204
29.5,11,2,3,2211
29.5,11,2,4,2218
29.5,11,2,5,2225
29.5,11,2,6,2232
29.5,11,2,7,2239
29.5,11,2,8,2246
29.5,11,2,9,2253
29.5,11,2,10,2260
29.5,11,2,11,2267
29.5,11,2,12,2273
29.5,11,2,13,2280
29.5,11,2,14,2287
29.5,11,2,15,2294
29.5,11,3,0,2197
29.5,11,3,1,2205
29.5,11,3,2,2212
29.5,11,3,3,2219
29.5,11,3,4,2226
29.5,11,3,5,2233
29.5,11,3,6,2240
29.5,11,3,7,2247
29.5,11,3,8,2253
29.5,11,3,9,2260
29.5,11,3,10,2267
29.5,11,3,11,2274
29.5,11,3,12,2281
29.5,11,3,13,2288
29.5,11,3,14,2295
29.5,11,3,15,2301
29.5,11,4,0,2205
29.5,11,4,1,2212
29.5,11,4,2,2219
29.5,11,4,3,2226
29.5,11,4,4,2233
29.5,11,4,5,2240
29.5,11,4,6,2247
29.5,11,4,7,2254
29.5,11,4,8,2261
29.5,11,4,9,2268
29.5,11,4,10,2275
29.5,11,4,11,2282
29.5,11,4,12,2288
29.5,11,4,13,2295
29.5,11,4,14,2302
29.5,11,4,15,2309
29.5,11,5,0,2212
29.5,11,5,1,2219
29.5,11,5,2,2226
29.5,11,5,3,2233
29.5,11,5,4,2240
29.5,11,5,5,2247
29.5,11,5,6,2254
29.5,11,5,7,2261
29.5,11,5,8,2268
29.5,11,5,9,2275
29.5,11,5,10,2282
29.5,11,5,11,2289
29.5,11,5,12,2296
29.5,11,5,13,2303
29.5,11,5,14,2310
29.5,11,5,15,2316
29.5,11,6,0,2219
29.5,11,6,1,2226
29.5,11,6,2,2233
29.5,11,6,3,2240
29.5,11,6,4,2248
29.5,11,6,5,2255
29.5,11,6,6,2262
29.5,11,6,7,2269
29.5,11,6,8,2276
29.5,11,6,9,2283
29.5,11,6,10,2290
29.5,11,6,11,2296
29.5,11,6,12,2303
29.5,11,6,13,2310
29.5,11,6,14,2317
29.5,11,6,15,2324
29.5,11,7,0,2226
29.5,11,7,1,2233
29.5,11,7,2,2241
29.5,11,7,3,2248
29.5,11,7,4,2255
29.5,11,7,5,2262
29.5,11,7,6,2269
29.5,11,7,7,2276
29.5,11,7,8,2283
29.5,11,7,9,2290
29.5,11,7,10,2297
29.5,11,7,11,2304
29.5,11,7,12,2311
29.5,11,7,13,2318
29.5,11,7,14,2325
29.5,11,7,15,2331
29.5,11,8,0,2233
29.5,11,8,1,2241
29.5,11,8,2,2248
29.5,11,8,3,2255
29.5,11,8,4,2262
29.5,11,8,5,2269
29.5,11,8,6,2276
29.5,11,8,7,2283
29.5,11,8,8,2290
29.5,11,8,9,2297
29.5,11,8,10,2304
29.5,11,8,11,2311
29.5,11,8,12,2318
29.5,11,8,13,2325
29.5,11,8,14,2332
29.5,11,8,15,2339
29.5,11,9,0,2240
29.5,11,9,1,2248
29.5,11,9,2,2255
29.5,11,9,3,2262
29.5,11,9,4,2269
29.5,11,9,5,2276
29.5,11,9,6,2283
29.5,11,9,7,2290
29.5,11,9,8,2298
29.5,11,9,9,2305
29.5,11,9,10,2312
29.5,11,9,11,2319
29.5,11,9,12,2326
29.5,11,9,13,2333
29.5,11,9,14,2339
29.5,11,9,15,2346
29.5,11,10,0,2248
29.5,11,10,1,2255
29.5,11,10,2,2262
29.5,11,10,3,2269
29.5,11,10,4,2276
29.5,11,10,5,2283
29.5,11,10,6,2291
29.5,11,10,7,2298
29.5,11,10,8,2305
29.5,11,10,9,2312
29.5,11,10,10,2319
29.5,11,10,11,2326
29.5,11,10,12,2333
29.5,11,10,13,2340
29.5,11,10,14,2347
29.5,11,10,15,2354
29.5,11,11,0,2255
29.5,11,11,1,2262
29.5,11,11,2,2269
29.5,11,11,3,2276
29.5,11,11,4,2283
29.5,11,11,5,2291
29.5,11,11,6,2298
29.5,11,11,7,2305
29.5,11,11,8,2312
29.5,11,11,9,2319
29.5,11,11,10,2326
29.5,11,11,11,2333
29.5,11,11,12,2340
29.5,11,11,13,2347
29.5,11,11,14,2354
29.5,11,11,15,2361
29.5,11,12,0,2262
29.5,11,12,1,2269
29.5,11,12,2,2276
29.5,11,12,3,2283
29.5,11,12,4,2291
29.5,11,12,5,2298
29.5,11,12,6,2305
29.5,11,12,7,2312
29.5,11,12,8,2319
29.5,11,12,9,2326
29.5,11,12,10,2333
29.5,11,12,11,2340
29.5,11,12,12,2348
29.5,11,12,13,2355
29.5,11,12,14,2362
29.5,11,12,15,2369
29.5,11,13,0,2269
29.5,11,13,1,2276
29.5,11,13,2,2283
29.5,11,13,3,2290
29.5,11,13,4,2298
29.5,11,13,5,2305
29.5,11,13,6,2312
29.5,11,13,7,2319
29.5,11,13,8,2326
29.5,11,13,9,2334
29.5,11,13,10,2341
29.5,11,13,11,2348
29.5,11,13,12,2355
29.5,11,13,13,2362
29.5,11,13,14,2369
29.5,11,13,15,2376
29.5,11,14,0,2276
29.5,11,14,1,2283
29.5,11,14,2,2290
29.5,11,14,3,2298
29.5,11,14,4,2305
29.5,11,14,5,2312
29.5,11,14,6,2319
29.5,11,14,7,2326
29.5,11,14,8,2334
29.5,11,14,9,2341
29.5,11,14,10,2348
29.5,11,14,11,2355
29.5,11,14,12,2362
29.5,11,14,13,2369
29.5,11,14,14,2376
29.5,11,14,15,2383
29.5,11,15,0,2283
29.5,11,15,1,2290
29.5,11,15,2,2297
29.5,11,15,3,2305
29.5,11,15,4,2312
29.5,11,15,5,2319
29.5,11,15,6,2326
29.5,11,15,7,2334
29.5,11,15,8,2341
29.5,11,15,9,2348
29.5,11,15,10,2355
29.5,11,15,11,2362
29.5,11,15,12,2369
29.5,11,15,13,2376
29.5,11,15,14,2383
29.5,11,15,15,2391
29.5,12,0,0,2184
29.5,12,0,1,2191
29.5,12,0,2,2198
29.5,12,0,3,2205
29.5,12,0,4,2212
29.5,12,0,5,2219
29.5,12,0,6,2226
29.5,12,0,7,2232
29.5,12,0,8,2239
29.5,12,0,9,2246
29.5,12,0,10,2253
29.5,12,0,11,2260
29.5,12,0,12,2267
29.5,12,0,13,2273
29.5,12,0,14,2280
29.5,12,0,15,2287
29.5,12,1,0,2191
29.5,12,1,1,2198
29.5,12,1,2,2205
29.5,12,1,3,2212
29.5,12,1,4,2219
29.5,12,1,5,2226
29.5,12,1,6,2233
29.5,12,1,7,2240
29.5,12,1,8,2247
29.5,12,1,9,2254
29.5,12,1,10,2261
29.5,12,1,11,2267
29.5,12,1,12,2274
29.5,12,1,13,2281
29.5,12,1,14,2288
29.5,12,1,15,2295
29.5,12,2,0,2198
29.5,12,2,1,2205
29.5,12,2,2,2212
29.5,12,2,3,2219
29.5,12,2,4,2226
29.5,12,2,5,2233
29.5,12,2,6,2240
29.5,12,2,7,2247
29.5,12,2,8,2254
29.5,12,2,9,2261
29.5,12,2,10,2268
29.5,12,2,11,2275
29.5,12,2,12,2282
29.5,12,2,13,2289
29.5,12,2,14,2295
29.5,12,2,15,2302
29.5,12,3,0,2206
29.5,12,3,1,2213
29.5,12,3,2,2220
29.5,12,3,3,2227
29.5,12,3,4,2234
29.5,12,3,5,2241
29.5,12,3,6,2248
29.5,12,3,7,2255
29.5,12,3,8,2262
29.5,12,3,9,2269
29.5,12,3,10,2276
29.5,12,3,11,2282
29.5,12,3,12,2289
29.5,12,3,13,2296
29.5,12,3,14,2303
29.5,12,3,15,2310
29.5,12,4,0,2213
29.5,12,4,1,2220
29.5,12,4,2,2227
29.5,12,4,3,2234
29.5,12,4,4,2241
29.5,12,4,5,2248
29.5,12,4,6,2255
29.5,12,4,7,2262
29.5,12,4,8,2269
29.5,12,4,9,2276
29.5,12,4,10,2283
29.5,12,4,11,2290
29.5,12,4,12,2297
29.5,12,4,13,2304
29.5,12,4,14,2311
29.5,12,4,15,2317
29.5,12,5,0,2220
29.5,12,5,1,2227
29.5,12,5,2,2234
29.5,12,5,3,2241
29.5,12,5,4,2248
29.5,12,5,5,2256
29.5,12,5,6,2263
29.5,12,5,7,2270
29.5,12,5,8,2277
29.5,12,5,9,2284
29.5,12,5,10,2291
29.5,12,5,11,2297
29.5,12,5,12,2304
29.5,12,5,13,2311
29.5,12,5,14,2318
29.5,12,5,15,2325
29.5,12,6,0,2227
29.5,12,6,1,2234
29.5,12,6,2,2242
29.5,12,6,3,2249
29.5,12,6,4,2256
29.5,12,6,5,2263
29.5,12,6,6,2270
29.5,12,6,7,2277
29.5,12,6,8,2284
29.5,12,6,9,2291
29.5,12,6,10,2298
29.5,12,6,11,2305
29.5,12,6,12,2312
29.5,12,6,13,2319
29.5,12,6,14,2326
29.5,12,6,15,2333
29.5,12,7,0,2234
29.5,12,7,1,2242
29.5,12,7,2,2249
29.5,12,7,3,2256
29.5,12,7,4,2263
29.5,12,7,5,2270
29.5,12,7,6,2277
29.5,12,7,7,2284
29.5,12,7,8,2291
29.5,12,7,9,2298
29.5,12,7,10,2305
29.5,12,7,11,2312
29.5,12,7,12,2319
29.5,12,7,13,2326
29.5,12,7,14,2333
29.5,12,7,15,2340
29.5,12,8,0,2242
29.5,12,8,1,2249
29.5,12,8,2,2256
29.5,12,8,3,2263
29.5,12,8,4,2270
29.5,12,8,5,2277
29.5,12,8,6,2285
29.5,12,8,7,2292
29.5,12,8,8,2299
29.5,12,8,9,2306
29.5,12,8,10,2313
29.5,12,8,11,2320
29.5,12,8,12,2327
29.5,12,8,13,2334
29.5,12,8,14,2341
29.5,12,8,15,2348
29.5,12,9,0,2249
29.5,12,9,1,2256
29.5,12,9,2,2263
29.5,12,9,3,2270
29.5,12,9,4,2278
29.5,12,9,5,2285
29.5,12,9,6,2292
29.5,12,9,7,2299
29.5,12,9,8,2306
29.5,12,9,9,2313
29.5,12,9,10,2320
29.5,12,9,11,2327
29.5,12,9,12,2334
29.5,12,9,13,2341
29.5,12,9,14,2348
29.5,12,9,15,2355
29.5,12,10,0,2256
29.5,12,10,1,2263
29.5,12,10,2,2270
29.5,12,10,3,2278
29.5,12,10,4,2285
29.5,12,10,5,2292
29.5,12,10,6,2299
29.5,12,10,7,2306
29.5,12,10,8,2313
29.5,12,10,9,2320
29.5,12,10,10,2327
29.5,12,10,11,2334
29.5,12,10,12,2341
29.5,12,10,13,2348
29.5,12,10,14,2355
29.5,12,10,15,2362
29.5,12,11,0,2263
29.5,12,11,1,2270
29.5,12,11,2,2277
29.5,12,11,3,2285
29.5,12,11,4,2292
29.5,12,11,5,2299
29.5,12,11,6,2306
29.5,12,11,7,2313
29.5,12,11,8,2321
29.5,12,11,9,2328
29.5,12,11,10,2335
29.5,12,11,11,2342
29.5,12,11,12,2349
29.5,12,11,13,2356
29.5,12,11,14,2363
29.5,12,11,15,2370
29.5,12,12,0,2270
29.5,12,12,1,2277
29.5,12,12,2,2285
29.5,12,12,3,2292
29.5,12,12,4,2299
29.5,12,12,5,2306
29.5,12,12,6,2313
29.5,12,12,7,2321
29.5,12,12,8,2328
29.5,12,12,9,2335
29.5,12,12,10,2342
29.5,12,12,11,2349
29.5,12,12,12,2356
29.5,12,12,13,2363
29.5,12,12,14,2370
29.5,12,12,15,2377
29.5,12,13,0,2277
29.5,12,13,1,2284
29.5,12,13,2,2292
29.5,12,13,3,2299
29.5,12,13,4,2306
29.5,12,13,5,2313
29.5,12,13,6,2321
29.5,12,13,7,2328
29.5,12,13,8,2335
29.5,12,13,9,2342
29.5,12,13,10,2349
29.5,12,13,11,2356
29.5,12,13,12,2363
29.5,12,13,13,2371
29.5,12,13,14,2378
29.5,12,13,15,2385
29.5,12,14,0,2284
29.5,12,14,1,2291
29.5,12,14,2,2299
29.5,12,14,3,2306
29.5,12,14,4,2313
29.5,12,14,5,2321
29.5,12,14,6,2328
29.5,12,14,7,2335
29.5,12,14,8,2342
29.5,12,14,9,2349
29.5,12,14,10,2357
29.5,12,14,11,2364
29.5,12,14,12,2371
29.5,12,14,13,2378
29.5,12,14,14,2385
29.5,12,14,15,2392
29.5,12,15,0,2291
29.5,12,15,1,2298
29.5,12,15,2,2306
29.5,12,15,3,2313
29.5,12,15,4,2320
29.5,12,15,5,2328
29.5,12,15,6,2335
29.5,12,15,7,2342
29.5,12,15,8,2349
29.5,12,15,9,2357
29.5,12,15,10,2364
29.5,12,15,11,2371
29.5,12,15,12,2378
29.5,12,15,13,2385
29.5,12,15,14,2392
29.5,12,15,15,2399
29.5,13,0,0,2192
29.5,13,0,1,2199
29.5,13,0,2,2206
29.5,13,0,3,2213
29.5,13,0,4,2220
29.5,13,0,5,2227
29.5,13,0,6,2234
29.5,13,0,7,2241
29.5,13,0,8,2248
29.5,13,0,9,2254
29.5,13,0,10,2261
29.5,13,0,11,2268
29.5,13,0,12,2275
29.5,13,0,13,2282
29.5,13,0,14,2289
29.5,13,0,15,2295
29.5,13,1,0,2199
29.5,13,1,1,2206
29.5,13,1,2,2213
29.5,13,1,3,2220
29.5,13,1,4,2227
29.5,13,1,5,2234
29.5,13,1,6,2241
29.5,13,1,7,2248
29.5,13,1,8,2255
29.5,13,1,9,2262
29.5,13,1,10,2269
29.5,13,1,11,2276
29.5,13,1,12,2283
29.5,13,1,13,2289
29.5,13,1,14,2296
29.5,13,1,15,2303
29.5,13,2,0,2206
29.5,13,2,1,2213
29.5,13,2,2,2221
29.5,13,2,3,2228
29.5,13,2,4,2235
29.5,13,2,5,2242
29.5,13,2,6,2249
29.5,13,2,7,2256
29.5,13,2,8,2263
29.5,13,2,9,2270
29.5,13,2,10,2276
29.5,13,2,11,2283
29.5,13,2,12,2290
29.5,13,2,13,2297
29.5,13,2,14,2304
29.5,13,2,15,2311
29.5,13,3,0,2214
29.5,13,3,1,2221
29.5,13,3,2,2228
29.5,13,3,3,2235
29.5,13,3,4,2242
29.5,13,3,5,2249
29.5,13,3,6,2256
29.5,13,3,7,2263
29.5,13,3,8,2270
29.5,13,3,9,2277
29.5,13,3,10,2284
29.5,13,3,11,2291
29.5,13,3,12,2298
29.5,13,3,13,2305
29.5,13,3,14,2311
29.5,13,3,15,2318
29.5,13,4,0,2221
29.5,13,4,1,2228
29.5,13,4,2,2235
29.5,13,4,3,2242
29.5,13,4,4,2249
29.5,13,4,5,2256
29.5,13,4,6,2263
29.5,13,4,7,2271
29.5,13,4,8,2278
29.5,13,4,9,2284
29.5,13,4,10,2291
29.5,13,4,11,2298
29.5,13,4,12,2305
29.5,13,4,13,2312
29.5,13,4,14,2319
29.5,13,4,15,2326
29.5,13,5,0,2228
29.5,13,5,1,2235
29.5,13,5,2,2242
29.5,13,5,3,2250
29.5,13,5,4,2257
29.5,13,5,5,2264
29.5,13,5,6,2271
29.5,13,5,7,2278
29.5,13,5,8,2285
29.5,13,5,9,2292
29.5,13,5,10,2299
29.5,13,5,11,2306
29.5,13,5,12,2313
29.5,13,5,13,2320
29.5,13,5,14,2327
29.5,13,5,15,2333
29.5,13,6,0,2235
29.5,13,6,1,2243
29.5,13,6,2,2250
29.5,13,6,3,2257
29.5,13,6,4,2264
29.5,13,6,5,2271
29.5,13,6,6,2278
29.5,13,6,7,2285
29.5,13,6,8,2292
29.5,13,6,9,2299
29.5,13,6,10,2306
29.5,13,6,11,2313
29.5,13,6,12,2320
29.5,13,6,13,2327
29.5,13,6,14,2334
29.5,13,6,15,2341
29.5,13,7,0,2243
29.5,13,7,1,2250
29.5,13,7,2,2257
29.5,13,7,3,2264
29.5,13,7,4,2271
29.5,13,7,5,2278
29.5,13,7,6,2286
29.5,13,7,7,2293
29.5,13,7,8,2300
29.5,13,7,9,2307
29.5,13,7,10,2314
29.5,13,7,11,2321
29.5,13,7,12,2328
29.5,13,7,13,2335
29.5,13,7,14,2342
29.5,13,7,15,2349
29.5,13,8,0,2250
29.5,13,8,1,2257
29.5,13,8,2,2264
29.5,13,8,3,2271
29.5,13,8,4,2279
29.5,13,8,5,2286
29.5,13,8,6,2293
29.5,13,8,7,2300
29.5,13,8,8,2307
29.5,13,8,9,2314
29.5,13,8,10,2321
29.5,13,8,11,2328
29.5,13,8,12,2335
29.5,13,8,13,2342
29.5,13,8,14,2349
29.5,13,8,15,2356
29.5,13,9,0,2257
29.5,13,9,1,2264
29.5,13,9,2,2271
29.5,13,9,3,2279
29.5,13,9,4,2286
29.5,13,9,5,2293
29.5,13,9,6,2300
29.5,13,9,7,2307
29.5,13,9,8,2314
29.5,13,9,9,2322
29.5,13,9,10,2329
29.5,13,9,11,2336
29.5,13,9,12,2343
29.5,13,9,13,2350
29.5,13,9,14,2357
29.5,13,9,15,2364
29.5,13,10,0,2264
29.5,13,10,1,2271
29.5,13,10,2,2279
29.5,13,10,3,2286
29.5,13,10,4,2293
29.5,13,10,5,2300
29.5,13,10,6,2307
29.5,13,10,7,2315
29.5,13,10,8,2322
29.5,13,10,9,2329
29.5,13,10,10,2336
29.5,13,10,11,2343
29.5,13,10,12,2350
29.5,13,10,13,2357
29.5,13,10,14,2364
29.5,13,10,15,2371
29.5,13,11,0,2271
29.5,13,11,1,2278
29.5,13,11,2,2286
29.5,13,11,3,2293
29.5,13,11,4,2300
29.5,13,11,5,2308
29.5,13,11,6,2315
29.5,13,11,7,2322
29.5,13,11,8,2329
29.5,13,11,9,2336
29.5,13,11,10,2343
29.5,13,11,11,2350
29.5,13,11,12,2357
29.5,13,11,13,2364
29.5,13,11,14,2372
29.5,13,11,15,2379
29.5,13,12,0,2278
29.5,13,12,1,2286
29.5,13,12,2,2293
29.5,13,12,3,2300
29.5,13,12,4,2307
29.5,13,12,5,2315
29.5,13,12,6,2322
29.5,13,12,7,2329
29.5,13,12,8,2336
29.5,13,12,9,2343
29.5,13,12,10,2351
29.5,13,12,11,2358
29.5,13,12,12,2365
29.5,13,12,13,2372
29.5,13,12,14,2379
29.5,13,12,15,2386
29.5,13,13,0,2285
29.5,13,13,1,2293
29.5,13,13,2,2300
29.5,13,13,3,2307
29.5,13,13,4,2315
29.5,13,13,5,2322
29.5,13,13,6,2329
29.5,13,13,7,2336
29.5,13,13,8,2344
29.5,13,13,9,2351
29.5,13,13,10,2358
29.5,13,13,11,2365
29.5,13,13,12,2372
29.5,13,13,13,2379
29.5,13,13,14,2386
29.5,13,13,15,2393
29.5,13,14,0,2292
29.5,13,14,1,2300
29.5,13,14,2,2307
29.5,13,14,3,2314
29.5,13,14,4,2322
29.5,13,14,5,2329
29.5,13,14,6,2336
29.5,13,14,7,2344
29.5,13,14,8,2351
29.5,13,14,9,2358
29.5,13,14,10,2365
29.5,13,14,11,2372
29.5,13,14,12,2379
29.5,13,14,13,2387
29.5,13,14,14,2394
29.5,13,14,15,2401
29.5,13,15,0,2299
29.5,13,15,1,2307
29.5,13,15,2,2314
29.5,13,15,3,2322
29.5,13,15,4,2329
29.5,13,15,5,2336
29.5,13,15,6,2343
29.5,13,15,7,2351
29.5,13,15,8,2358
29.5,13,15,9,2365
29.5,13,15,10,2372
29.5,13,15,11,2380
29.5,13,15,12,2387
29.5,13,15,13,2394
29.5,13,15,14,2401
29.5,13,15,15,2408
29.5,14,0,0,2200
29.5,14,0,1,2207
29.5,14,0,2,2214
29.5,14,0,3,2221
29.5,14,0,4,2228
29.5,14,0,5,2235
29.5,14,0,6,2242
29.5,14,0,7,2249
29.5,14,0,8,2256
29.5,14,0,9,2263
29.5,14,0,10,2270
29.5,14,0,11,2276
29.5,14,0,12,2283
29.5,14,0,13,2290
29.5,14,0,14,2297
29.5,14,0,15,2304
29.5,14,1,0,2207
29.5,14,1,1,2214
29.5,14,1,2,2221
29.5,14,1,3,2228
29.5,14,1,4,2235
29.5,14,1,5,2242
29.5,14,1,6,2249
29.5,14,1,7,2256
29.5,14,1,8,2263
29.5,14,1,9,2270
29.5,14,1,10,2277
29.5,14,1,11,2284
29.5,14,1,12,2291
29.5,14,1,13,2298
29.5,14,1,14,2305
29.5,14,1,15,2311
29.5,14,2,0,2214
29.5,14,2,1,2222
29.5,14,2,2,2229
29.5,14,2,3,2236
29.5,14,2,4,2243
29.5,14,2,5,2250
29.5,14,2,6,2257
29.5,14,2,7,2264
29.5,14,2,8,2271
29.5,14,2,9,2278
29.5,14,2,10,2285
29.5,14,2,11,2292
29.5,14,2,12,2299
29.5,14,2,13,2305
29.5,14,2,14,2312
29.5,14,2,15,2319
29.5,14,3,0,2222
29.5,14,3,1,2229
29.5,14,3,2,2236
29.5,14,3,3,2243
29.5,14,3,4,2250
29.5,14,3,5,2257
29.5,14,3,6,2264
29.5,14,3,7,2271
29.5,14,3,8,2278
29.5,14,3,9,2285
29.5,14,3,10,2292
29.5,14,3,11,2299
29.5,14,3,12,2306
29.5,14,3,13,2313
29.5,14,3,14,2320
29.5,14,3,15,2327
29.5,14,4,0,2229
29.5,14,4,1,2236
29.5,14,4,2,2243
29.5,14,4,3,2250
29.5,14,4,4,2258
29.5,14,4,5,2265
29.5,14,4,6,2272
29.5,14,4,7,2279
29.5,14,4,8,2286
29.5,14,4,9,2293
29.5,14,4,10,2300
29.5,14,4,11,2307
29.5,14,4,12,2314
29.5,14,4,13,2321
29.5,14,4,14,2328
29.5,14,4,15,2334
29.5,14,5,0,2236
29.5,14,5,1,2243
29.5,14,5,2,2251
29.5,14,5,3,2258
29.5,14,5,4,2265
29.5,14,5,5,2272
29.5,14,5,6,2279
29.5,14,5,7,2286
29.5,14,5,8,2293
29.5,14,5,9,2300
29.5,14,5,10,2307
29.5,14,5,11,2314
29.5,14,5,12,2321
29.5,14,5,13,2328
29.5,14,5,14,2335
29.5,14,5,15,2342
29.5,14,6,0,2244
29.5,14,6,1,2251
29.5,14,6,2,2258
29.5,14,6,3,2265
29.5,14,6,4,2272
29.5,14,6,5,2279
29.5,14,6,6,2287
29.5,14,6,7,2294
29.5,14,6,8,2301
29.5,14,6,9,2308
29.5,14,6,10,2315
29.5,14,6,11,2322
29.5,14,6,12,2329
29.5,14,6,13,2336
29.5,14,6,14,2343
29.5,14,6,15,2350
29.5,14,7,0,2251
29.5,14,7,1,2258
29.5,14,7,2,2265
29.5,14,7,3,2272
29.5,14,7,4,2280
29.5,14,7,5,2287
29.5,14,7,6,2294
29.5,14,7,7,2301
29.5,14,7,8,2308
29.5,14,7,9,2315
29.5,14,7,10,2322
29.5,14,7,11,2329
29.5,14,7,12,2336
29.5,14,7,13,2343
29.5,14,7,14,2350
29.5,14,7,15,2357
29.5,14,8,0,2258
29.5,14,8,1,2265
29.5,14,8,2,2272
29.5,14,8,3,2280
29.5,14,8,4,2287
29.5,14,8,5,2294
29.5,14,8,6,2301
29.5,14,8,7,2308
29.5,14,8,8,2316
29.5,14,8,9,2323
29.5,14,8,10,2330
29.5,14,8,11,2337
29.5,14,8,12,2344
29.5,14,8,13,2351
29.5,14,8,14,2358
29.5,14,8,15,2365
29.5,14,9,0,2265
29.5,14,9,1,2272
29.5,14,9,2,2280
29.5,14,9,3,2287
29.5,14,9,4,2294
29.5,14,9,5,2301
29.5,14,9,6,2309
29.5,14,9,7,2316
29.5,14,9,8,2323
29.5,14,9,9,2330
29.5,14,9,10,2337
29.5,14,9,11,2344
29.5,14,9,12,2351
29.5,14,9,13,2358
29.5,14,9,14,2365
29.5,14,9,15,2372
29.5,14,10,0,2272
29.5,14,10,1,2280
29.5,14,10,2,2287
29.5,14,10,3,2294
29.5,14,10,4,2301
29.5,14,10,5,2309
29.5,14,10,6,2316
29.5,14,10,7,2323
29.5,14,10,8,2330
29.5,14,10,9,2337
29.5,14,10,10,2344
29.5,14,10,11,2352
29.5,14,10,12,2359
29.5,14,10,13,2366
29.5,14,10,14,2373
29.5,14,10,15,2380
29.5,14,11,0,2279
29.5,14,11,1,2287
29.5,14,11,2,2294
29.5,14,11,3,2301
29.5,14,11,4,2309
29.5,14,11,5,2316
29.5,14,11,6,2323
29.5,14,11,7,2330
29.5,14,11,8,2338
29.5,14,11,9,2345
29.5,14,11,10,2352
29.5,14,11,11,2359
29.5,14,11,12,2366
29.5,14,11,13,2373
29.5,14,11,14,2380
29.5,14,11,15,2387
29.5,14,12,0,2287
29.5,14,12,1,2294
29.5,14,12,2,2301
29.5,14,12,3,2309
29.5,14,12,4,2316
29.5,14,12,5,2323
29.5,14,12,6,2330
29.5,14,12,7,2338
29.5,14,12,8,2345
29.5,14,12,9,2352
29.5,14,12,10,2359
29.5,14,12,11,2366
29.5,14,12,12,2373
29.5,14,12,13,2381
29.5,14,12,14,2388
29.5,14,12,15,2395
29.5,14,13,0,2294
29.5,14,13,1,2301
29.5,14,13,2,2308
29.5,14,13,3,2316
29.5,14,13,4,2323
29.5,14,13,5,2330
29.5,14,13,6,2338
29.5,14,13,7,2345
29.5,14,13,8,2352
29.5,14,13,9,2359
29.5,14,13,10,2366
29.5,14,13,11,2374
29.5,14,13,12,2381
29.5,14,13,13,2388
29.5,14,13,14,2395
29.5,14,13,15,2402
29.5,14,14,0,2301
29.5,14,14,1,2308
29.5,14,14,2,2316
29.5,14,14,3,2323
29.5,14,14,4,2330
29.5,14,14,5,2338
29.5,14,14,6,2345
29.5,14,14,7,2352
29.5,14,14,8,2359
29.5,14,14,9,2367
29.5,14,14,10,2374
29.5,14,14,11,2381
29.5,14,14,12,2388
29.5,14,14,13,2395
29.5,14,14,14,2402
29.5,14,14,15,2409
29.5,14,15,0,2308
29.5,14,15,1,2315
29.5,14,15,2,2323
29.5,14,15,3,2330
29.5,14,15,4,2337
29.5,14,15,5,2345
29.5,14,15,6,2352
29.5,14,15,7,2359
29.5,14,15,8,2367
29.5,14,15,9,2374
29.5,14,15,10,2381
29.5,14,15,11,2388
29.5,14,15,12,2395
29.5,14,15,13,2403
29.5,14,15,14,2410
29.5,14,15,15,2417
29.5,15,0,0,2208
29.5,15,0,1,2215
29.5,15,0,2,2222
29.5,15,0,3,2229
29.5,15,0,4,2236
29.5,15,0,5,2243
29.5,15,0,6,2250
29.5,15,0,7,2257
29.5,15,0,8,2264
29.5,15,0,9,2271
29.5,15,0,10,2278
29.5,15,0,11,2285
29.5,15,0,12,2292
29.5,15,0,13,2298
29.5,15,0,14,2305
29.5,15,0,15,2312
29.5,15,1,0,2215
29.5,15,1,1,2222
29.5,15,1,2,2229
29.5,15,1,3,2236
29.5,15,1,4,2243
29.5,15,1,5,2251
29.5,15,1,6,2258
29.5,15,1,7,2265
29.5,15,1,8,2272
29.5,15,1,9,2278
29.5,15,1,10,2285
29.5,15,1,11,2292
29.5,15,1,12,2299
29.5,15,1,13,2306
29.5,15,1,14,2313
29.5,15,1,15,2320
29.5,15,2,0,2222
29.5,15,2,1,2230
29.5,15,2,2,2237
29.5,15,2,3,2244
29.5,15,2,4,2251
29.5,15,2,5,2258
29.5,15,2,6,2265
29.5,15,2,7,2272
29.5,15,2,8,2279
29.5,15,2,9,2286
29.5,15,2,10,2293
29.5,15,2,11,2300
29.5,15,2,12,2307
29.5,15,2,13,2314
29.5,15,2,14,2321
29.5,15,2,15,2328
29.5,15,3,0,2230
29.5,15,3,1,2237
29.5,15,3,2,2244
29.5,15,3,3,2251
29.5,15,3,4,2258
29.5,15,3,5,2265
29.5,15,3,6,2273
29.5,15,3,7,2280
29.5,15,3,8,2287
29.5,15,3,9,2294
29.5,15,3,10,2301
29.5,15,3,11,2308
29.5,15,3,12,2315
29.5,15,3,13,2321
29.5,15,3,14,2328
29.5,15,3,15,2335
29.5,15,4,0,2237
29.5,15,4,1,2244
29.5,15,4,2,2252
29.5,15,4,3,2259
29.5,15,4,4,2266
29.5,15,4,5,2273
29.5,15,4,6,2280
29.5,15,4,7,2287
29.5,15,4,8,2294
29.5,15,4,9,2301
29.5,15,4,10,2308
29.5,15,4,11,2315
29.5,15,4,12,2322
29.5,15,4,13,2329
29.5,15,4,14,2336
29.5,15,4,15,2343
29.5,15,5,0,2244
29.5,15,5,1,2252
29.5,15,5,2,2259
29.5,15,5,3,2266
29.5,15,5,4,2273
29.5,15,5,5,2280
29.5,15,5,6,2287
29.5,15,5,7,2295
29.5,15,5,8,2302
29.5,15,5,9,2309
29.5,15,5,10,2316
29.5,15,5,11,2323
29.5,15,5,12,2330
29.5,15,5,13,2337
29.5,15,5,14,2344
29.5,15,5,15,2351
29.5,15,6,0,2252
29.5,15,6,1,2259
29.5,15,6,2,2266
29.5,15,6,3,2273
29.5,15,6,4,2281
29.5,15,6,5,2288
29.5,15,6,6,2295
29.5,15,6,7,2302
29.5,15,6,8,2309
29.5,15,6,9,2316
29.5,15,6,10,2323
29.5,15,6,11,2330
29.5,15,6,12,2337
29.5,15,6,13,2344
29.5,15,6,14,2351
29.5,15,6,15,2358
29.5,15,7,0,2259
29.5,15,7,1,2266
29.5,15,7,2,2273
29.5,15,7,3,2281
29.5,15,7,4,2288
29.5,15,7,5,2295
29.5,15,7,6,2302
29.5,15,7,7,2309
29.5,15,7,8,2317
29.5,15,7,9,2324
29.5,15,7,10,2331
29.5,15,7,11,2338
29.5,15,7,12,2345
29.5,15,7,13,2352
29.5,15,7,14,2359
29.5,15,7,15,2366
29.5,15,8,0,2266
29.5,15,8,1,2273
29.5,15,8,2,2281
29.5,15,8,3,2288
29.5,15,8,4,2295
29.5,15,8,5,2302
29.5,15,8,6,2310
29.5,15,8,7,2317
29.5,15,8,8,2324
29.5,15,8,9,2331
29.5,15,8,10,2338
29.5,15,8,11,2345
29.5,15,8,12,2352
29.5,15,8,13,2359
29.5,15,8,14,2366
29.5,15,8,15,2373
29.5,15,9,0,2273
29.5,15,9,1,2281
29.5,15,9,2,2288
29.5,15,9,3,2295
29.5,15,9,4,2303
29.5,15,9,5,2310
29.5,15,9,6,2317
29.5,15,9,7,2324
29.5,15,9,8,2331
29.5,15,9,9,2338
29.5,15,9,10,2346
29.5,15,9,11,2353
29.5,15,9,12,2360
29.5,15,9,13,2367
29.5,15,9,14,2374
29.5,15,9,15,2381
29.5,15,10,0,2281
29.5,15,10,1,2288
29.5,15,10,2,2295
29.5,15,10,3,2303
29.5,15,10,4,2310
29.5,15,10,5,2317
29.5,15,10,6,2324
29.5,15,10,7,2332
29.5,15,10,8,2339
29.5,15,10,9,2346
29.5,15,10,10,2353
29.5,15,10,11,2360
29.5,15,10,12,2367
29.5,15,10,13,2374
29.5,15,10,14,2381
29.5,15,10,15,2388
29.5,15,11,0,2288
29.5,15,11,1,2295
29.5,15,11,2,2302
29.5,15,11,3,2310
29.5,15,11,4,2317
29.5,15,11,5,2324
29.5,15,11,6,2332
29.5,15,11,7,2339
29.5,15,11,8,2346
29.5,15,11,9,2353
29.5,15,11,10,2360
29.5,15,11,11,2368
29.5,15,11,12,2375
29.5,15,11,13,2382
29.5,15,11,14,2389
29.5,15,11,15,2396
29.5,15,12,0,2295
29.5,15,12,1,2302
29.5,15,12,2,2310
29.5,15,12,3,2317
29.5,15,12,4,2324
29.5,15,12,5,2332
29.5,15,12,6,2339
29.5,15,12,7,2346
29.5,15,12,8,2353
29.5,15,12,9,2361
29.5,15,12,10,2368
29.5,15,12,11,2375
29.5,15,12,12,2382
29.5,15,12,13,2389
29.5,15,12,14,2396
29.5,15,12,15,2403
29.5,15,13,0,2302
29.5,15,13,1,2309
29.5,15,13,2,2317
29.5,15,13,3,2324
29.5,15,13,4,2332
29.5,15,13,5,2339
29.5,15,13,6,2346
29.5,15,13,7,2353
29.5,15,13,8,2361
29.5,15,13,9,2368
29.5,15,13,10,2375
29.5,15,13,11,2382
29.5,15,13,12,2389
29.5,15,13,13,2397
29.5,15,13,14,2404
29.5,15,13,15,2411
29.5,15,14,0,2309
29.5,15,14,1,2317
29.5,15,14,2,2324
29.5,15,14,3,2331
29.5,15,14,4,2339
29.5,15,14,5,2346
29.5,15,14,6,2353
29.5,15,14,7,2361
29.5,15,14,8,2368
29.5,15,14,9,2375
29.5,15,14,10,2382
29.5,15,14,11,2390
29.5,15,14,12,2397
29.5,15,14,13,2404
29.5,15,14,14,2411
29.5,15,14,15,2418
29.5,15,15,0,2316
29.5,15,15,1,2324
29.5,15,15,2,2331
29.5,15,15,3,2338
29.5,15,15,4,2346
29.5,15,15,5,2353
29.5,15,15,6,2361
29.5,15,15,7,2368
29.5,15,15,8,2375
29.5,15,15,9,2382
29.5,15,15,10,2390
29.5,15,15,11,2397
29.5,15,15,12,2404
29.5,15,15,13,2411
29.5,15,15,14,2419
29.5,15,15,15,2426
30.0,0,0,0,2123
30.0,0,0,1,2130
30.0,0,0,2,2137
30.0,0,0,3,2144
30.0,0,0,4,2150
30.0,0,0,5,2157
30.0,0,0,6,2164
30.0,0,0,7,2170
30.0,0,0,8,2177
30.0,0,0,9,2184
30.0,0,0,10,2190
30.0,0,0,11,2197
30.0,0,0,12,2204
30.0,0,0,13,2210
30.0,0,0,14,2217
30.0,0,0,15,2223
30.0,0,1,0,2130
30.0,0,1,1,2137
30.0,0,1,2,2144
30.0,0,1,3,2151
30.0,0,1,4,2157
30.0,0,1,5,2164
30.0,0,1,6,2171
30.0,0,1,7,2178
30.0,0,1,8,2184
30.0,0,1,9,2191
30.0,0,1,10,2198
30.0,0,1,11,2204
30.0,0,1,12,2211
30.0,0,1,13,2218
30.0,0,1,14,2224
30.0,0,1,15,2231
30.0,0,2,0,2137
30.0,0,2,1,2144
30.0,0,2,2,2151
30.0,0,2,3,2158
30.0,0,2,4,2165
30.0,0,2,5,2171
30.0,0,2,6,2178
30.0,0,2,7,2185
30.0,0,2,8,2192
30.0,0,2,9,2198
30.0,0,2,10,2205
30.0,0,2,11,2212
30.0,0,2,12,2218
30.0,0,2,13,2225
30.0,0,2,14,2232
30.0,0,2,15,2238
30.0,0,3,0,2144
30.0,0,3,1,2151
30.0,0,3,2,2158
30.0,0,3,3,2165
30.0,0,3,4,2172
30.0,0,3,5,2179
30.0,0,3,6,2185
30.0,0,3,7,2192
30.0,0,3,8,2199
30.0,0,3,9,2206
30.0,0,3,10,2212
30.0,0,3,11,2219
30.0,0,3,12,2226
30.0,0,3,13,2232
30.0,0,3,14,2239
30.0,0,3,15,2246
30.0,0,4,0,2151
30.0,0,4,1,2158
30.0,0,4,2,2165
30.0,0,4,3,2172
30.0,0,4,4,2179
30.0,0,4,5,2186
30.0,0,4,6,2193
30.0,0,4,7,2199
30.0,0,4,8,2206
30.0,0,4,9,2213
30.0,0,4,10,2220
30.0,0,4,11,2226
30.0,0,4,12,2233
30.0,0,4,13,2240
30.0,0,4,14,2246
30.0,0,4,15,2253
30.0,0,5,0,2158
30.0,0,5,1,2165
30.0,0,5,2,2172
30.0,0,5,3,2179
30.0,0,5,4,2186
30.0,0,5,5,2193
30.0,0,5,6,2200
30.0,0,5,7,2207
30.0,0,5,8,2213
30.0,0,5,9,2220
30.0,0,5,10,2227
30.0,0,5,11,2234
30.0,0,5,12,2240
30.0,0,5,13,2247
30.0,0,5,14,2254
30.0,0,5,15,2260
30.0,0,6,0,2165
30.0,0,6,1,2172
30.0,0,6,2,2179
30.0,0,6,3,2186
30.0,0,6,4,2193
30.0,0,6,5,2200
30.0,0,6,6,2207
30.0,0,6,7,2214
30.0,0,6,8,2221
30.0,0,6,9,2227
30.0,0,6,10,2234
30.0,0,6,11,2241
30.0,0,6,12,2248
30.0,0,6,13,2254
30.0,0,6,14,2261
30.0,0,6,15,2268
30.0,0,7,0,2172
30.0,0,7,1,2179
30.0,0,7,2,2186
30.0,0,7,3,2193
30.0,0,7,4,2200
30.0,0,7,5,2207
30.0,0,7,6,2214
30.0,0,7,7,2221
30.0,0,7,8,2228
30.0,0,7,9,2235
30.0,0,7,10,2241
30.0,0,7,11,2248
30.0,0,7,12,2255
30.0,0,7,13,2262
30.0,0,7,14,2268
30.0,0,7,15,2275
30.0,0,8,0,2179
30.0,0,8,1,2186
30.0,0,8,2,2193
30.0,0,8,3,2200
30.0,0,8,4,2207
30.0,0,8,5,2214
30.0,0,8,6,2221
30.0,0,8,7,2228
30.0,0,8,8,2235
30.0,0,8,9,2242
30.0,0,8,10,2249
30.0,0,8,11,2255
30.0,0,8,12,2262
30.0,0,8,13,2269
30.0,0,8,14,2276
30.0,0,8,15,2282
30.0,0,9,0,2186
30.0,0,9,1,2193
30.0,0,9,2,2200
30.0,0,9,3,2207
30.0,0,9,4,2214
30.0,0,9,5,2221
30.0,0,9,6,2228
30.0,0,9,7,2235
30.0,0,9,8,2242
30.0,0,9,9,2249
30.0,0,9,10,2256
30.0,0,9,11,2263
30.0,0,9,12,2269
30.0,0,9,13,2276
30.0,0,9,14,2283
30.0,0,9,15,2290
30.0,0,10,0,2193
30.0,0,10,1,2200
30.0,0,10,2,2207
30.0,0,10,3,2214
30.0,0,10,4,2221
30.0,0,10,5,2228
30.0,0,10,6,2235
30.0,0,10,7,2242
30.0,0,10,8,2249
30.0,0,10,9,2256
30.0,0,10,10,2263
30.0,0,10,11,2270
30.0,0,10,12,2277
30.0,0,10,13,2283
30.0,0,10,14,2290
30.0,0,10,15,2297
30.0,0,11,0,2200
30.0,0,11,1,2207
30.0,0,11,2,2214
30.0,0,11,3,2221
30.0,0,11,4,2228
30.0,0,11,5,2235
30.0,0,11,6,2242
30.0,0,11,7,2249
30.0,0,11,8,2256
30.0,0,11,9,2263
30.0,0,11,10,2270
30.0,0,11,11,2277
30.0,0,11,12,2284
30.0,0,11,13,2290
30.0,0,11,14,2297
30.0,0,11,15,2304
30.0,0,12,0,2207
30.0,0,12,1,2214
30.0,0,12,2,2221
30.0,0,12,3,2228
30.0,0,12,4,2235
30.0,0,12,5,2242
30.0,0,12,6,2249
30.0,0,12,7,2256
30.0,0,12,8,2263
30.0,0,12,9,2270
30.0,0,12,10,2277
30.0,0,12,11,2284
30.0,0,12,12,2291
30.0,0,12,13,2298
30.0,0,12,14,2304
30.0,0,12,15,2311
30.0,0,13,0,2214
30.0,0,13,1,2221
30.0,0,13,2,2228
30.0,0,13,3,2235
30.0,0,13,4,2242
30.0,0,13,5,2249
30.0,0,13,6,2256
30.0,0,13,7,2263
30.0,0,13,8,2270
30.0,0,13,9,2277
30.0,0,13,10,2284
30.0,0,13,11,2291
30.0,0,13,12,2298
30.0,0,13,13,2305
30.0,0,13,14,2312
30.0,0,13,15,2318
30.0,0,14,0,2221
30.0,0,14,1,2228
30.0,0,14,2,2235
30.0,0,14,3,2242
30.0,0,14,4,2249
30.0,0,14,5,2256
30.0,0,14,6,2263
30.0,0,14,7,2270
30.0,0,14,8,2277
30.0,0,14,9,2284
30.0,0,14,10,2291
30.0,0,14,11,2298
30.0,0,14,12,2305
30.0,0,14,13,2312
30.0,0,14,14,2319
30.0,0,14,15,2326
30.0,0,15,0,2227
30.0,0,15,1,2235
30.0,0,15,2,2242
30.0,0,15,3,2249
30.0,0,15,4,2256
30.0,0,15,5,2263
30.0,0,15,6,2270
30.0,0,15,7,2277
30.0,0,15,8,2284
30.0,0,15,9,2291
30.0,0,15,10,2298
30.0,0,15,11,2305
30.0,0,15,12,2312
30.0,0,15,13,2319
30.0,0,15,14,2326
30.0,0,15,15,2333
30.0,1,0,0,2131
30.0,1,0,1,2138
30.0,1,0,2,2145
30.0,1,0,3,2152
30.0,1,0,4,2159
30.0,1,0,5,2165
30.0,1,0,6,2172
30.0,1,0,7,2179
30.0,1,0,8,2186
30.0,1,0,9,2192
30.0,1,0,10,2199
30.0,1,0,11,2206
30.0,1,0,12,2212
30.0,1,0,13,2219
30.0,1,0,14,2225
30.0,1,0,15,2232
30.0,1,1,0,2138
30.0,1,1,1,2145
30.0,1,1,2,2152
30.0,1,1,3,2159
30.0,1,1,4,2166
30.0,1,1,5,2173
30.0,1,1,6,2179
30.0,1,1,7,2186
30.0,1,1,8,2193
30.0,1,1,9,2200
30.0,1,1,10,2206
30.0,1,1,11,2213
30.0,1,1,12,2220
30.0,1,1,13,2226
30.0,1,1,14,2233
30.0,1,1,15,2239
30.0,1,2,0,2145
30.0,1,2,1,2152
30.0,1,2,2,2159
30.0,1,2,3,2166
30.0,1,2,4,2173
30.0,1,2,5,2180
30.0,1,2,6,2187
30.0,1,2,7,2193
30.0,1,2,8,2200
30.0,1,2,9,2207
30.0,1,2,10,2214
30.0,1,2,11,2220
30.0,1,2,12,2227
30.0,1,2,13,2234
30.0,1,2,14,2240
30.0,1,2,15,2247
30.0,1,3,0,2153
30.0,1,3,1,2159
30.0,1,3,2,2166
30.0,1,3,3,2173
30.0,1,3,4,2180
30.0,1,3,5,2187
30.0,1,3,6,2194
30.0,1,3,7,2201
30.0,1,3,8,2207
30.0,1,3,9,2214
30.0,1,3,10,2221
30.0,1,3,11,2228
30.0,1,3,12,2234
30.0,1,3,13,2241
30.0,1,3,14,2248
30.0,1,3,15,2254
30.0,1,4,0,2160
30.0,1,4,1,2167
30.0,1,4,2,2174
30.0,1,4,3,2180
30.0,1,4,4,2187
30.0,1,4,5,2194
30.0,1,4,6,2201
30.0,1,4,7,2208
30.0,1,4,8,2215
30.0,1,4,9,2221
30.0,1,4,10,2228
30.0,1,4,11,2235
30.0,1,4,12,2242
30.0,1,4,13,2248
30.0,1,4,14,2255
30.0,1,4,15,2262
30.0,1,5,0,2167
30.0,1,5,1,2174
30.0,1,5,2,2181
30.0,1,5,3,2188
30.0,1,5,4,2194
30.0,1,5,5,2201
30.0,1,5,6,2208
30.0,1,5,7,2215
30.0,1,5,8,2222
30.0,1,5,9,2229
30.0,1,5,10,2235
30.0,1,5,11,2242
30.0,1,5,12,2249
30.0,1,5,13,2256
30.0,1,5,14,2262
30.0,1,5,15,2269
30.0,1,6,0,2174
30.0,1,6,1,2181
30.0,1,6,2,2188
30.0,1,6,3,2195
30.0,1,6,4,2202
30.0,1,6,5,2208
30.0,1,6,6,2215
30.0,1,6,7,2222
30.0,1,6,8,2229
30.0,1,6,9,2236
30.0,1,6,10,2243
30.0,1,6,11,2250
30.0,1,6,12,2256
30.0,1,6,13,2263
30.0,1,6,14,2270
30.0,1,6,15,2276
30.0,1,7,0,2181
30.0,1,7,1,2188
30.0,1,7,2,2195
30.0,1,7,3,2202
30.0,1,7,4,2209
30.0,1,7,5,2216
30.0,1,7,6,2223
30.0,1,7,7,2229
30.0,1,7,8,2236
30.0,1,7,9,2243
30.0,1,7,10,2250
30.0,1,7,11,2257
30.0,1,7,12,2264
30.0,1,7,13,2270
30.0,1,7,14,2277
30.0,1,7,15,2284
30.0,1,8,0,2188
30.0,1,8,1,2195
30.0,1,8,2,2202
30.0,1,8,3,2209
30.0,1,8,4,2216
30.0,1,8,5,2223
30.0,1,8,6,2230
30.0,1,8,7,2237
30.0,1,8,8,2243
30.0,1,8,9,2250
30.0,1,8,10,2257
30.0,1,8,11,2264
30.0,1,8,12,2271
30.0,1,8,13,2278
30.0,1,8,14,2284
30.0,1,8,15,2291
30.0,1,9,0,2195
30.0,1,9,1,2202
30.0,1,9,2,2209
30.0,1,9,3,2216
30.0,1,9,4,2223
30.0,1,9,5,2230
30.0,1,9,6,2237
30.0,1,9,7,2244
30.0,1,9,8,2251
30.0,1,9,9,2257
30.0,1,9,10,2264
30.0,1,9,11,2271
30.0,1,9,12,2278
30.0,1,9,13,2285
30.0,1,9,14,2292
30.0,1,9,15,2298
30.0,1,10,0,2202
30.0,1,10,1,2209
30.0,1,10,2,2216
30.0,1,10,3,2223
30.0,1,10,4,2230
30.0,1,10,5,2237
30.0,1,10,6,2244
30.0,1,10,7,2251
30.0,1,10,8,2258
30.0,1,10,9,2265
30.0,1,10,10,2271
30.0,1,10,11,2278
30.0,1,10,12,2285
30.0,1,10,13,2292
30.0,1,10,14,2299
30.0,1,10,15,2306
30.0,1,11,0,2208
30.0,1,11,1,2216
30.0,1,11,2,2223
30.0,1,11,3,2230
30.0,1,11,4,2237
30.0,1,11,5,2244
30.0,1,11,6,2251
30.0,1,11,7,2258
30.0,1,11,8,2265
30.0,1,11,9,2272
30.0,1,11,10,2279
30.0,1,11,11,2286
30.0,1,11,12,2292
30.0,1,11,13,2299
30.0,1,11,14,2306
30.0,1,11,15,2313
30.0,1,12,0,2215
30.0,1,12,1,2223
30.0,1,12,2,2230
30.0,1,12,3,2237
30.0,1,12,4,2244
30.0,1,12,5,2251
30.0,1,12,6,2258
30.0,1,12,7,2265
30.0,1,12,8,2272
30.0,1,12,9,2279
30.0,1,12,10,2286
30.0,1,12,11,2293
30.0,1,12,12,2300
30.0,1,12,13,2306
30.0,1,12,14,2313
30.0,1,12,15,2320
30.0,1,13,0,2222
30.0,1,13,1,2229
30.0,1,13,2,2237
30.0,1,13,3,2244
30.0,1,13,4,2251
30.0,1,13,5,2258
30.0,1,13,6,2265
30.0,1,13,7,2272
30.0,1,13,8,2279
30.0,1,13,9,2286
30.0,1,13,10,2293
30.0,1,13,11,2300
30.0,1,13,12,2307
30.0,1,13,13,2314
30.0,1,13,14,2320
30.0,1,13,15,2327
30.0,1,14,0,2229
30.0,1,14,1,2236
30.0,1,14,2,2243
30.0,1,14,3,2251
30.0,1,14,4,2258
30.0,1,14,5,2265
30.0,1,14,6,2272
30.0,1,14,7,2279
30.0,1,14,8,2286
30.0,1,14,9,2293
30.0,1,14,10,2300
30.0,1,14,11,2307
30.0,1,14,12,2314
30.0,1,14,13,2321
30.0,1,14,14,2328
30.0,1,14,15,2334
30.0,1,15,0,2236
30.0,1,15,1,2243
30.0,1,15,2,2250
30.0,1,15,3,2257
30.0,1,15,4,2265
30.0,1,15,5,2272
30.0,1,15,6,2279
30.0,1,15,7,2286
30.0,1,15,8,2293
30.0,1,15,9,2300
30.0,1,15,10,2307
30.0,1,15,11,2314
30.0,1,15,12,2321
30.0,1,15,13,2328
30.0,1,15,14,2335
30.0,1,15,15,2342
30.0,2,0,0,2139
30.0,2,0,1,2146
30.0,2,0,2,2153
30.0,2,0,3,2160
30.0,2,0,4,2167
30.0,2,0,5,2174
30.0,2,0,6,2180
30.0,2,0,7,2187
30.0,2,0,8,2194
30.0,2,0,9,2201
30.0,2,0,10,2207
30.0,2,0,11,2214
30.0,2,0,12,2221
30.0,2,0,13,2227
30.0,2,0,14,2234
30.0,2,0,15,2240
30.0,2,1,0,2147
30.0,2,1,1,2153
30.0,2,1,2,2160
30.0,2,1,3,2167
30.0,2,1,4,2174
30.0,2,1,5,2181
30.0,2,1,6,2188
30.0,2,1,7,2194
30.0,2,1,8,2201
30.0,2,1,9,2208
30.0,2,1,10,2215
30.0,2,1,11,2221
30.0,2,1,12,2228
30.0,2,1,13,2235
30.0,2,1,14,2241
30.0,2,1,15,2248
30.0,2,2,0,2154
30.0,2,2,1,2161
30.0,2,2,2,2168
30.0,2,2,3,2174
30.0,2,2,4,2181
30.0,2,2,5,2188
30.0,2,2,6,2195
30.0,2,2,7,2202
30.0,2,2,8,2209
30.0,2,2,9,2215
30.0,2,2,10,2222
30.0,2,2,11,2229
30.0,2,2,12,2235
30.0,2,2,13,2242
30.0,2,2,14,2249
30.0,2,2,15,2255
30.0,2,3,0,2161
30.0,2,3,1,2168
30.0,2,3,2,2175
30.0,2,3,3,2182
30.0,2,3,4,2188
30.0,2,3,5,2195
30.0,2,3,6,2202
30.0,2,3,7,2209
30.0,2,3,8,2216
30.0,2,3,9,2223
30.0,2,3,10,2229
30.0,2,3,11,2236
30.0,2,3,12,2243
30.0,2,3,13,2250
30.0,2,3,14,2256
30.0,2,3,15,2263
30.0,2,4,0,2168
30.0,2,4,1,2175
30.0,2,4,2,2182
30.0,2,4,3,2189
30.0,2,4,4,2196
30.0,2,4,5,2203
30.0,2,4,6,2209
30.0,2,4,7,2216
30.0,2,4,8,2223
30.0,2,4,9,2230
30.0,2,4,10,2237
30.0,2,4,11,2243
30.0,2,4,12,2250
30.0,2,4,13,2257
30.0,2,4,14,2264
30.0,2,4,15,2270
30.0,2,5,0,2175
30.0,2,5,1,2182
30.0,2,5,2,2189
30.0,2,5,3,2196
30.0,2,5,4,2203
30.0,2,5,5,2210
30.0,2,5,6,2217
30.0,2,5,7,2224
30.0,2,5,8,2230
30.0,2,5,9,2237
30.0,2,5,10,2244
30.0,2,5,11,2251
30.0,2,5,12,2258
30.0,2,5,13,2264
30.0,2,5,14,2271
30.0,2,5,15,2278
30.0,2,6,0,2182
30.0,2,6,1,2189
30.0,2,6,2,2196
30.0,2,6,3,2203
30.0,2,6,4,2210
30.0,2,6,5,2217
30.0,2,6,6,2224
30.0,2,6,7,2231
30.0,2,6,8,2238
30.0,2,6,9,2244
30.0,2,6,10,2251
30.0,2,6,11,2258
30.0,2,6,12,2265
30.0,2,6,13,2272
30.0,2,6,14,2278
30.0,2,6,15,2285
30.0,2,7,0,2189
30.0,2,7,1,2196
30.0,2,7,2,2203
30.0,2,7,3,2210
30.0,2,7,4,2217
30.0,2,7,5,2224
30.0,2,7,6,2231
30.0,2,7,7,2238
30.0,2,7,8,2245
30.0,2,7,9,2252
30.0,2,7,10,2259
30.0,2,7,11,2265
30.0,2,7,12,2272
30.0,2,7,13,2279
30.0,2,7,14,2286
30.0,2,7,15,2293
30.0,2,8,0,2196
30.0,2,8,1,2203
30.0,2,8,2,2210
30.0,2,8,3,2217
30.0,2,8,4,2224
30.0,2,8,5,2231
30.0,2,8,6,2238
30.0,2,8,7,2245
30.0,2,8,8,2252
30.0,2,8,9,2259
30.0,2,8,10,2266
30.0,2,8,11,2273
30.0,2,8,12,2279
30.0,2,8,13,2286
30.0,2,8,14,2293
30.0,2,8,15,2300
30.0,2,9,0,2203
30.0,2,9,1,2210
30.0,2,9,2,2217
30.0,2,9,3,2224
30.0,2,9,4,2231
30.0,2,9,5,2238
30.0,2,9,6,2245
30.0,2,9,7,2252
30.0,2,9,8,2259
30.0,2,9,9,2266
30.0,2,9,10,2273
30.0,2,9,11,2280
30.0,2,9,12,2287
30.0,2,9,13,2294
30.0,2,9,14,2300
30.0,2,9,15,2307
30.0,2,10,0,2210
30.0,2,10,1,2217
30.0,2,10,2,2224
30.0,2,10,3,2231
30.0,2,10,4,2238
30.0,2,10,5,2245
30.0,2,10,6,2252
30.0,2,10,7,2259
30.0,2,10,8,2266
30.0,2,10,9,2273
30.0,2,10,10,2280
30.0,2,10,11,2287
30.0,2,10,12,2294
30.0,2,10,13,2301
30.0,2,10,14,2308
30.0,2,10,15,2314
30.0,2,11,0,2217
30.0,2,11,1,2224
30.0,2,11,2,2231
30.0,2,11,3,2238
30.0,2,11,4,2245
30.0,2,11,5,2252
30.0,2,11,6,2259
30.0,2,11,7,2266
30.0,2,11,8,2273
30.0,2,11,9,2280
30.0,2,11,10,2287
30.0,2,11,11,2294
30.0,2,11,12,2301
30.0,2,11,13,2308
30.0,2,11,14,2315
30.0,2,11,15,2322
30.0,2,12,0,2224
30.0,2,12,1,2231
30.0,2,12,2,2238
30.0,2,12,3,2245
30.0,2,12,4,2252
30.0,2,12,5,2259
30.0,2,12,6,2266
30.0,2,12,7,2274
30.0,2,12,8,2281
30.0,2,12,9,2288
30.0,2,12,10,2294
30.0,2,12,11,2301
30.0,2,12,12,2308
30.0,2,12,13,2315
30.0,2,12,14,2322
30.0,2,12,15,2329
30.0,2,13,0,2231
30.0,2,13,1,2238
30.0,2,13,2,2245
30.0,2,13,3,2252
30.0,2,13,4,2259
30.0,2,13,5,2266
30.0,2,13,6,2274
30.0,2,13,7,2281
30.0,2,13,8,2288
30.0,2,13,9,2295
30.0,2,13,10,2302
30.0,2,13,11,2309
30.0,2,13,12,2315
30.0,2,13,13,2322
30.0,2,13,14,2329
30.0,2,13,15,2336
30.0,2,14,0,2238
30.0,2,14,1,2245
30.0,2,14,2,2252
30.0,2,14,3,2259
30.0,2,14,4,2266
30.0,2,14,5,2273
30.0,2,14,6,2281
30.0,2,14,7,2288
30.0,2,14,8,2295
30.0,2,14,9,2302
30.0,2,14,10,2309
30.0,2,14,11,2316
30.0,2,14,12,2323
30.0,2,14,13,2330
30.0,2,14,14,2337
30.0,2,14,15,2343
30.0,2,15,0,2244
30.0,2,15,1,2252
30.0,2,15,2,2259
30.0,2,15,3,2266
30.0,2,15,4,2273
30.0,2,15,5,2280
30.0,2,15,6,2288
30.0,2,15,7,2295
30.0,2,15,8,2302
30.0,2,15,9,2309
30.0,2,15,10,2316
30.0,2,15,11,2323
30.0,2,15,12,2330
30.0,2,15,13,2337
30.0,2,15,14,2344
30.0,2,15,15,2351
30.0,3,0,0,2147
30.0,3,0,1,2154
30.0,3,0,2,2161
30.0,3,0,3,2168
30.0,3,0,4,2175
30.0,3,0,5,2182
30.0,3,0,6,2189
30.0,3,0,7,2195
30.0,3,0,8,2202
30.0,3,0,9,2209
30.0,3,0,10,2216
30.0,3,0,11,2222
30.0,3,0,12,2229
30.0,3,0,13,2236
30.0,3,0,14,2242
30.0,3,0,15,2249
30.0,3,1,0,2155
30.0,3,1,1,2162
30.0,3,1,2,2169
30.0,3,1,3,2175
30.0,3,1,4,2182
30.0,3,1,5,2189
30.0,3,1,6,2196
30.0,3,1,7,2203
30.0,3,1,8,2210
30.0,3,1,9,2216
30.0,3,1,10,2223
30.0,3,1,11,2230
30.0,3,1,12,2237
30.0,3,1,13,2243
30.0,3,1,14,2250
30.0,3,1,15,2257
30.0,3,2,0,2162
30.0,3,2,1,2169
30.0,3,2,2,2176
30.0,3,2,3,2183
30.0,3,2,4,2190
30.0,3,2,5,2196
30.0,3,2,6,2203
30.0,3,2,7,2210
30.0,3,2,8,2217
30.0,3,2,9,2224
30.0,3,2,10,2231
30.0,3,2,11,2237
30.0,3,2,12,2244
30.0,3,2,13,2251
30.0,3,2,14,2257
30.0,3,2,15,2264
30.0,3,3,0,2169
30.0,3,3,1,2176
30.0,3,3,2,2183
30.0,3,3,3,2190
30.0,3,3,4,2197
30.0,3,3,5,2204
30.0,3,3,6,2211
30.0,3,3,7,2217
30.0,3,3,8,2224
30.0,3,3,9,2231
30.0,3,3,10,2238
30.0,3,3,11,2245
30.0,3,3,12,2251
30.0,3,3,13,2258
30.0,3,3,14,2265
30.0,3,3,15,2272
30.0,3,4,0,2176
30.0,3,4,1,2183
30.0,3,4,2,2190
30.0,3,4,3,2197
30.0,3,4,4,2204
30.0,3,4,5,2211
30.0,3,4,6,2218
30.0,3,4,7,2225
30.0,3,4,8,2232
30.0,3,4,9,2238
30.0,3,4,10,2245
30.0,3,4,11,2252
30.0,3,4,12,2259
30.0,3,4,13,2266
30.0,3,4,14,2272
30.0,3,4,15,2279
30.0,3,5,0,2183
30.0,3,5,1,2190
30.0,3,5,2,2197
30.0,3,5,3,2204
30.0,3,5,4,2211
30.0,3,5,5,2218
30.0,3,5,6,2225
30.0,3,5,7,2232
30.0,3,5,8,2239
30.0,3,5,9,2246
30.0,3,5,10,2253
30.0,3,5,11,2259
30.0,3,5,12,2266
30.0,3,5,13,2273
30.0,3,5,14,2280
30.0,3,5,15,2286
30.0,3,6,0,2190
30.0,3,6,1,2197
30.0,3,6,2,2204
30.0,3,6,3,2211
30.0,3,6,4,2218
30.0,3,6,5,2225
30.0,3,6,6,2232
30.0,3,6,7,2239
30.0,3,6,8,2246
30.0,3,6,9,2253
30.0,3,6,10,2260
30.0,3,6,11,2267
30.0,3,6,12,2274
30.0,3,6,13,2280
30.0,3,6,14,2287
30.0,3,6,15,2294
30.0,3,7,0,2197
30.0,3,7,1,2204
30.0,3,7,2,2211
30.0,3,7,3,2219
30.0,3,7,4,2226
30.0,3,7,5,2233
30.0,3,7,6,2239
30.0,3,7,7,2246
30.0,3,7,8,2253
30.0,3,7,9,2260
30.0,3,7,10,2267
30.0,3,7,11,2274
30.0,3,7,12,2281
30.0,3,7,13,2288
30.0,3,7,14,2294
30.0,3,7,15,2301
30.0,3,8,0,2204
30.0,3,8,1,2211
30.0,3,8,2,2219
30.0,3,8,3,2226
30.0,3,8,4,2233
30.0,3,8,5,2240
30.0,3,8,6,2247
30.0,3,8,7,2254
30.0,3,8,8,2261
30.0,3,8,9,2267
30.0,3,8,10,2274
30.0,3,8,11,2281
30.0,3,8,12,2288
30.0,3,8,13,2295
30.0,3,8,14,2302
30.0,3,8,15,2309
30.0,3,9,0,2211
30.0,3,9,1,2219
30.0,3,9,2,2226
30.0,3,9,3,2233
30.0,3,9,4,2240
30.0,3,9,5,2247
30.0,3,9,6,2254
30.0,3,9,7,2261
30.0,3,9,8,2268
30.0,3,9,9,2275
30.0,3,9,10,2282
30.0,3,9,11,2289
30.0,3,9,12,2295
30.0,3,9,13,2302
30.0,3,9,14,2309
30.0,3,9,15,2316
30.0,3,10,0,2218
30.0,3,10,1,2226
30.0,3,10,2,2233
30.0,3,10,3,2240
30.0,3,10,4,2247
30.0,3,10,5,2254
30.0,3,10,6,2261
30.0,3,10,7,2268
30.0,3,10,8,2275
30.0,3,10,9,2282
30.0,3,10,10,2289
30.0,3,10,11,2296
30.0,3,10,12,2303
30.0,3,10,13,2310
30.0,3,10,14,2316
30.0,3,10,15,2323
30.0,3,11,0,2225
30.0,3,11,1,2233
30.0,3,11,2,2240
30.0,3,11,3,2247
30.0,3,11,4,2254
30.0,3,11,5,2261
30.0,3,11,6,2268
30.0,3,11,7,2275
30.0,3,11,8,2282
30.0,3,11,9,2289
30.0,3,11,10,2296
30.0,3,11,11,2303
30.0,3,11,12,2310
30.0,3,11,13,2317
30.0,3,11,14,2324
30.0,3,11,15,2331
30.0,3,12,0,2232
30.0,3,12,1,2239
30.0,3,12,2,2247
30.0,3,12,3,2254
30.0,3,12,4,2261
30.0,3,12,5,2268
30.0,3,12,6,2275
30.0,3,12,7,2282
30.0,3,12,8,2289
30.0,3,12,9,2296
30.0,3,12,10,2303
30.0,3,12,11,2310
30.0,3,12,12,2317
30.0,3,12,13,2324
30.0,3,12,14,2331
30.0,3,12,15,2338
30.0,3,13,0,2239
30.0,3,13,1,2246
30.0,3,13,2,2254
30.0,3,13,3,2261
30.0,3,13,4,2268
30.0,3,13,5,2275
30.0,3,13,6,2282
30.0,3,13,7,2289
30.0,3,13,8,2296
30.0,3,13,9,2303
30.0,3,13,10,2310
30.0,3,13,11,2317
30.0,3,13,12,2324
30.0,3,13,13,2331
30.0,3,13,14,2338
30.0,3,13,15,2345
30.0,3,14,0,2246
30.0,3,14,1,2253
30.0,3,14,2,2261
30.0,3,14,3,2268
30.0,3,14,4,2275
30.0,3,14,5,2282
30.0,3,14,6,2289
30.0,3,14,7,2296
30.0,3,14,8,2303
30.0,3,14,9,2310
30.0,3,14,10,2317
30.0,3,14,11,2324
30.0,3,14,12,2331
30.0,3,14,13,2338
30.0,3,14,14,2345
30.0,3,14,15,2352
30.0,3,15,0,2253
30.0,3,15,1,2260
30.0,3,15,2,2267
30.0,3,15,3,2275
30.0,3,15,4,2282
30.0,3,15,5,2289
30.0,3,15,6,2296
30.0,3,15,7,2303
30.0,3,15,8,2310
30.0,3,15,9,2318
30.0,3,15,10,2325
30.0,3,15,11,2332
30.0,3,15,12,2339
30.0,3,15,13,2346
30.0,3,15,14,2353
30.0,3,15,15,2360
30.0,4,0,0,2156
30.0,4,0,1,2163
30.0,4,0,2,2169
30.0,4,0,3,2176
30.0,4,0,4,2183
30.0,4,0,5,2190
30.0,4,0,6,2197
30.0,4,0,7,2204
30.0,4,0,8,2211
30.0,4,0,9,2217
30.0,4,0,10,2224
30.0,4,0,11,2231
30.0,4,0,12,2238
30.0,4,0,13,2244
30.0,4,0,14,2251
30.0,4,0,15,2258
30.0,4,1,0,2163
30.0,4,1,1,2170
30.0,4,1,2,2177
30.0,4,1,3,2184
30.0,4,1,4,2191
30.0,4,1,5,2197
30.0,4,1,6,2204
30.0,4,1,7,2211
30.0,4,1,8,2218
30.0,4,1,9,2225
30.0,4,1,10,2232
30.0,4,1,11,2238
30.0,4,1,12,2245
30.0,4,1,13,2252
30.0,4,1,14,2258
30.0,4,1,15,2265
30.0,4,2,0,2170
30.0,4,2,1,2177
30.0,4,2,2,2184
30.0,4,2,3,2191
30.0,4,2,4,2198
30.0,4,2,5,2205
30.0,4,2,6,2212
30.0,4,2,7,2219
30.0,4,2,8,2225
30.0,4,2,9,2232
30.0,4,2,10,2239
30.0,4,2,11,2246
30.0,4,2,12,2252
30.0,4,2,13,2259
30.0,4,2,14,2266
30.0,4,2,15,2273
30.0,4,3,0,2177
30.0,4,3,1,2184
30.0,4,3,2,2191
30.0,4,3,3,2198
30.0,4,3,4,2205
30.0,4,3,5,2212
30.0,4,3,6,2219
30.0,4,3,7,2226
30.0,4,3,8,2233
30.0,4,3,9,2240
30.0,4,3,10,2246
30.0,4,3,11,2253
30.0,4,3,12,2260
30.0,4,3,13,2267
30.0,4,3,14,2273
30.0,4,3,15,2280
30.0,4,4,0,2184
30.0,4,4,1,2191
30.0,4,4,2,2198
30.0,4,4,3,2205
30.0,4,4,4,2212
30.0,4,4,5,2219
30.0,4,4,6,2226
30.0,4,4,7,2233
30.0,4,4,8,2240
30.0,4,4,9,2247
30.0,4,4,10,2254
30.0,4,4,11,2261
30.0,4,4,12,2267
30.0,4,4,13,2274
30.0,4,4,14,2281
30.0,4,4,15,2288
30.0,4,5,0,2191
30.0,4,5,1,2199
30.0,4,5,2,2206
30.0,4,5,3,2213
30.0,4,5,4,2220
30.0,4,5,5,2227
30.0,4,5,6,2234
30.0,4,5,7,2240
30.0,4,5,8,2247
30.0,4,5,9,2254
30.0,4,5,10,2261
30.0,4,5,11,2268
30.0,4,5,12,2275
30.0,4,5,13,2282
30.0,4,5,14,2288
30.0,4,5,15,2295
30.0,4,6,0,2199
30.0,4,6,1,2206
30.0,4,6,2,2213
30.0,4,6,3,2220
30.0,4,6,4,2227
30.0,4,6,5,2234
30.0,4,6,6,2241
30.0,4,6,7,2248
30.0,4,6,8,2255
30.0,4,6,9,2262
30.0,4,6,10,2268
30.0,4,6,11,2275
30.0,4,6,12,2282
30.0,4,6,13,2289
30.0,4,6,14,2296
30.0,4,6,15,2303
30.0,4,7,0,2206
30.0,4,7,1,2213
30.0,4,7,2,2220
30.0,4,7,3,2227
30.0,4,7,4,2234
30.0,4,7,5,2241
30.0,4,7,6,2248
30.0,4,7,7,2255
30.0,4,7,8,2262
30.0,4,7,9,2269
30.0,4,7,10,2276
30.0,4,7,11,2283
30.0,4,7,12,2289
30.0,4,7,13,2296
30.0,4,7,14,2303
30.0,4,7,15,2310
30.0,4,8,0,2213
30.0,4,8,1,2220
30.0,4,8,2,2227
30.0,4,8,3,2234
30.0,4,8,4,2241
30.0,4,8,5,2248
30.0,4,8,6,2255
30.0,4,8,7,2262
30.0,4,8,8,2269
30.0,4,8,9,2276
30.0,4,8,10,2283
30.0,4,8,11,2290
30.0,4,8,12,2297
30.0,4,8,13,2304
30.0,4,8,14,2311
30.0,4,8,15,2317
30.0,4,9,0,2220
30.0,4,9,1,2227
30.0,4,9,2,2234
30.0,4,9,3,2241
30.0,4,9,4,2248
30.0,4,9,5,2255
30.0,4,9,6,2262
30.0,4,9,7,2269
30.0,4,9,8,2276
30.0,4,9,9,2283
30.0,4,9,10,2290
30.0,4,9,11,2297
30.0,4,9,12,2304
30.0,4,9,13,2311
30.0,4,9,14,2318
30.0,4,9,15,2325
30.0,4,10,0,2227
30.0,4,10,1,2234
30.0,4,10,2,2241
30.0,4,10,3,2248
30.0,4,10,4,2255
30.0,4,10,5,2262
30.0,4,10,6,2269
30.0,4,10,7,2277
30.0,4,10,8,2284
30.0,4,10,9,2291
30.0,4,10,10,2298
30.0,4,10,11,2304
30.0,4,10,12,2311
30.0,4,10,13,2318
30.0,4,10,14,2325
30.0,4,10,15,2332
30.0,4,11,0,2234
30.0,4,11,1,2241
30.0,4,11,2,2248
30.0,4,11,3,2255
30.0,4,11,4,2262
30.0,4,11,5,2270
30.0,4,11,6,2277
30.0,4,11,7,2284
30.0,4,11,8,2291
30.0,4,11,9,2298
30.0,4,11,10,2305
30.0,4,11,11,2312
30.0,4,11,12,2319
30.0,4,11,13,2326
30.0,4,11,14,2333
30.0,4,11,15,2339
30.0,4,12,0,2241
30.0,4,12,1,2248
30.0,4,12,2,2255
30.0,4,12,3,2262
30.0,4,12,4,2269
30.0,4,12,5,2277
30.0,4,12,6,2284
30.0,4,12,7,2291
30.0,4,12,8,2298
30.0,4,12,9,2305
30.0,4,12,10,2312
30.0,4,12,11,2319
30.0,4,12,12,2326
30.0,4,12,13,2333
30.0,4,12,14,2340
30.0,4,12,15,2347
30.0,4,13,0,2248
30.0,4,13,1,2255
30.0,4,13,2,2262
30.0,4,13,3,2269
30.0,4,13,4,2277
30.0,4,13,5,2284
30.0,4,13,6,2291
30.0,4,13,7,2298
30.0,4,13,8,2305
30.0,4,13,9,2312
30.0,4,13,10,2319
30.0,4,13,11,2326
30.0,4,13,12,2333
30.0,4,13,13,2340
30.0,4,13,14,2347
30.0,4,13,15,2354
30.0,4,14,0,2255
30.0,4,14,1,2262
30.0,4,14,2,2269
30.0,4,14,3,2276
30.0,4,14,4,2284
30.0,4,14,5,2291
30.0,4,14,6,2298
30.0,4,14,7,2305
30.0,4,14,8,2312
30.0,4,14,9,2319
30.0,4,14,10,2326
30.0,4,14,11,2333
30.0,4,14,12,2340
30.0,4,14,13,2347
30.0,4,14,14,2354
30.0,4,14,15,2361
30.0,4,15,0,2262
30.0,4,15,1,2269
30.0,4,15,2,2276
30.0,4,15,3,2283
30.0,4,15,4,2291
30.0,4,15,5,2298
30.0,4,15,6,2305
30.0,4,15,7,2312
30.0,4,15,8,2319
30.0,4,15,9,2326
30.0,4,15,10,2333
30.0,4,15,11,2340
30.0,4,15,12,2347
30.0,4,15,13,2354
30.0,4,15,14,2361
30.0,4,15,15,2368
30.0,5,0,0,2164
30.0,5,0,1,2171
30.0,5,0,2,2178
30.0,5,0,3,2185
30.0,5,0,4,2191
30.0,5,0,5,2198
30.0,5,0,6,2205
30.0,5,0,7,2212
30.0,5,0,8,2219
30.0,5,0,9,2226
30.0,5,0,10,2232
30.0,5,0,11,2239
30.0,5,0,12,2246
30.0,5,0,13,2253
30.0,5,0,14,2259
30.0,5,0,15,2266
30.0,5,1,0,2171
30.0,5,1,1,2178
30.0,5,1,2,2185
30.0,5,1,3,2192
30.0,5,1,4,2199
30.0,5,1,5,2206
30.0,5,1,6,2213
30.0,5,1,7,2219
30.0,5,1,8,2226
30.0,5,1,9,2233
30.0,5,1,10,2240
30.0,5,1,11,2247
30.0,5,1,12,2253
30.0,5,1,13,2260
30.0,5,1,14,2267
30.0,5,1,15,2274
30.0,5,2,0,2178
30.0,5,2,1,2185
30.0,5,2,2,2192
30.0,5,2,3,2199
30.0,5,2,4,2206
30.0,5,2,5,2213
30.0,5,2,6,2220
30.0,5,2,7,2227
30.0,5,2,8,2234
30.0,5,2,9,2241
30.0,5,2,10,2247
30.0,5,2,11,2254
30.0,5,2,12,2261
30.0,5,2,13,2268
30.0,5,2,14,2274
30.0,5,2,15,2281
30.0,5,3,0,2185
30.0,5,3,1,2192
30.0,5,3,2,2199
30.0,5,3,3,2206
30.0,5,3,4,2213
30.0,5,3,5,2220
30.0,5,3,6,2227
30.0,5,3,7,2234
30.0,5,3,8,2241
30.0,5,3,9,2248
30.0,5,3,10,2255
30.0,5,3,11,2262
30.0,5,3,12,2268
30.0,5,3,13,2275
30.0,5,3,14,2282
30.0,5,3,15,2289
30.0,5,4,0,2193
30.0,5,4,1,2200
30.0,5,4,2,2207
30.0,5,4,3,2214
30.0,5,4,4,2221
30.0,5,4,5,2228
30.0,5,4,6,2235
30.0,5,4,7,2242
30.0,5,4,8,2248
30.0,5,4,9,2255
30.0,5,4,10,2262
30.0,5,4,11,2269
30.0,5,4,12,2276
30.0,5,4,13,2283
30.0,5,4,14,2290
30.0,5,4,15,2296
30.0,5,5,0,2200
30.0,5,5,1,2207
30.0,5,5,2,2214
30.0,5,5,3,2221
30.0,5,5,4,2228
30.0,5,5,5,2235
30.0,5,5,6,2242
30.0,5,5,7,2249
30.0,5,5,8,2256
30.0,5,5,9,2263
30.0,5,5,10,2270
30.0,5,5,11,2276
30.0,5,5,12,2283
30.0,5,5,13,2290
30.0,5,5,14,2297
30.0,5,5,15,2304
30.0,5,6,0,2207
30.0,5,6,1,2214
30.0,5,6,2,2221
30.0,5,6,3,2228
30.0,5,6,4,2235
30.0,5,6,5,2242
30.0,5,6,6,2249
30.0,5,6,7,2256
30.0,5,6,8,2263
30.0,5,6,9,2270
30.0,5,6,10,2277
30.0,5,6,11,2284
30.0,5,6,12,2291
30.0,5,6,13,2298
30.0,5,6,14,2304
30.0,5,6,15,2311
30.0,5,7,0,2214
30.0,5,7,1,2221
30.0,5,7,2,2228
30.0,5,7,3,2235
30.0,5,7,4,2242
30.0,5,7,5,2249
30.0,5,7,6,2256
30.0,5,7,7,2263
30.0,5,7,8,2270
30.0,5,7,9,2277
30.0,5,7,10,2284
30.0,5,7,11,2291
30.0,5,7,12,2298
30.0,5,7,13,2305
30.0,5,7,14,2312
30.0,5,7,15,2319
30.0,5,8,0,2221
30.0,5,8,1,2228
30.0,5,8,2,2235
30.0,5,8,3,2242
30.0,5,8,4,2250
30.0,5,8,5,2257
30.0,5,8,6,2264
30.0,5,8,7,2271
30.0,5,8,8,2278
30.0,5,8,9,2285
30.0,5,8,10,2292
30.0,5,8,11,2299
30.0,5,8,12,2305
30.0,5,8,13,2312
30.0,5,8,14,2319
30.0,5,8,15,2326
30.0,5,9,0,2228
30.0,5,9,1,2235
30.0,5,9,2,2242
30.0,5,9,3,2250
30.0,5,9,4,2257
30.0,5,9,5,2264
30.0,5,9,6,2271
30.0,5,9,7,2278
30.0,5,9,8,2285
30.0,5,9,9,2292
30.0,5,9,10,2299
30.0,5,9,11,2306
30.0,5,9,12,2313
30.0,5,9,13,2320
30.0,5,9,14,2327
30.0,5,9,15,2333
30.0,5,10,0,2235
30.0,5,10,1,2242
30.0,5,10,2,2250
30.0,5,10,3,2257
30.0,5,10,4,2264
30.0,5,10,5,2271
30.0,5,10,6,2278
30.0,5,10,7,2285
30.0,5,10,8,2292
30.0,5,10,9,2299
30.0,5,10,10,2306
30.0,5,10,11,2313
30.0,5,10,12,2320
30.0,5,10,13,2327
30.0,5,10,14,2334
30.0,5,10,15,2341
30.0,5,11,0,2242
30.0,5,11,1,2249
30.0,5,11,2,2257
30.0,5,11,3,2264
30.0,5,11,4,2271
30.0,5,11,5,2278
30.0,5,11,6,2285
30.0,5,11,7,2292
30.0,5,11,8,2299
30.0,5,11,9,2306
30.0,5,11,10,2313
30.0,5,11,11,2320
30.0,5,11,12,2327
30.0,5,11,13,2334
30.0,5,11,14,2341
30.0,5,11,15,2348
30.0,5,12,0,2249
30.0,5,12,1,2256
30.0,5,12,2,2264
30.0,5,12,3,2271
30.0,5,12,4,2278
30.0,5,12,5,2285
30.0,5,12,6,2292
30.0,5,12,7,2299
30.0,5,12,8,2307
30.0,5,12,9,2314
30.0,5,12,10,2321
30.0,5,12,11,2328
30.0,5,12,12,2335
30.0,5,12,13,2342
30.0,5,12,14,2349
30.0,5,12,15,2356
30.0,5,13,0,2256
30.0,5,13,1,2263
30.0,5,13,2,2271
30.0,5,13,3,2278
30.0,5,13,4,2285
30.0,5,13,5,2292
30.0,5,13,6,2299
30.0,5,13,7,2307
30.0,5,13,8,2314
30.0,5,13,9,2321
30.0,5,13,10,2328
30.0,5,13,11,2335
30.0,5,13,12,2342
30.0,5,13,13,2349
30.0,5,13,14,2356
30.0,5,13,15,2363
30.0,5,14,0,2263
30.0,5,14,1,2270
30.0,5,14,2,2278
30.0,5,14,3,2285
30.0,5,14,4,2292
30.0,5,14,5,2299
30.0,5,14,6,2307
30.0,5,14,7,2314
30.0,5,14,8,2321
30.0,5,14,9,2328
30.0,5,14,10,2335
30.0,5,14,11,2342
30.0,5,14,12,2349
30.0,5,14,13,2356
30.0,5,14,14,2363
30.0,5,14,15,2370
30.0,5,15,0,2270
30.0,5,15,1,2277
30.0,5,15,2,2285
30.0,5,15,3,2292
30.0,5,15,4,2299
30.0,5,15,5,2306
30.0,5,15,6,2314
30.0,5,15,7,2321
30.0,5,15,8,2328
30.0,5,15,9,2335
30.0,5,15,10,2342
30.0,5,15,11,2349
30.0,5,15,12,2356
30.0,5,15,13,2363
30.0,5,15,14,2370
30.0,5,15,15,2377
30.0,6,0,0,2172
30.0,6,0,1,2179
30.0,6,0,2,2186
30.0,6,0,3,2193
30.0,6,0,4,2200
30.0,6,0,5,2207
30.0,6,0,6,2214
30.0,6,0,7,2220
30.0,6,0,8,2227
30.0,6,0,9,2234
30.0,6,0,10,2241
30.0,6,0,11,2248
30.0,6,0,12,2254
30.0,6,0,13,2261
30.0,6,0,14,2268
30.0,6,0,15,2275
30.0,6,1,0,2179
30.0,6,1,1,2186
30.0,6,1,2,2193
30.0,6,1,3,2200
30.0,6,1,4,2207
30.0,6,1,5,2214
30.0,6,1,6,2221
30.0,6,1,7,2228
30.0,6,1,8,2235
30.0,6,1,9,2242
30.0,6,1,10,2248
30.0,6,1,11,2255
30.0,6,1,12,2262
30.0,6,1,13,2269
30.0,6,1,14,2275
30.0,6,1,15,2282
30.0,6,2,0,2186
30.0,6,2,1,2193
30.0,6,2,2,2200
30.0,6,2,3,2207
30.0,6,2,4,2214
30.0,6,2,5,2221
30.0,6,2,6,2228
30.0,6,2,7,2235
30.0,6,2,8,2242
30.0,6,2,9,2249
30.0,6,2,10,2256
30.0,6,2,11,2263
30.0,6,2,12,2269
30.0,6,2,13,2276
30.0,6,2,14,2283
30.0,6,2,15,2290
30.0,6,3,0,2194
30.0,6,3,1,2201
30.0,6,3,2,2208
30.0,6,3,3,2215
30.0,6,3,4,2222
30.0,6,3,5,2229
30.0,6,3,6,2236
30.0,6,3,7,2243
30.0,6,3,8,2250
30.0,6,3,9,2256
30.0,6,3,10,2263
30.0,6,3,11,2270
30.0,6,3,12,2277
30.0,6,3,13,2284
30.0,6,3,14,2291
30.0,6,3,15,2297
30.0,6,4,0,2201
30.0,6,4,1,2208
30.0,6,4,2,2215
30.0,6,4,3,2222
30.0,6,4,4,2229
30.0,6,4,5,2236
30.0,6,4,6,2243
30.0,6,4,7,2250
30.0,6,4,8,2257
30.0,6,4,9,2264
30.0,6,4,10,2271
30.0,6,4,11,2278
30.0,6,4,12,2284
30.0,6,4,13,2291
30.0,6,4,14,2298
30.0,6,4,15,2305
30.0,6,5,0,2208
30.0,6,5,1,2215
30.0,6,5,2,2222
30.0,6,5,3,2229
30.0,6,5,4,2236
30.0,6,5,5,2243
30.0,6,5,6,2250
30.0,6,5,7,2257
30.0,6,5,8,2264
30.0,6,5,9,2271
30.0,6,5,10,2278
30.0,6,5,11,2285
30.0,6,5,12,2292
30.0,6,5,13,2299
30.0,6,5,14,2306
30.0,6,5,15,2312
30.0,6,6,0,2215
30.0,6,6,1,2222
30.0,6,6,2,2229
30.0,6,6,3,2237
30.0,6,6,4,2244
30.0,6,6,5,2251
30.0,6,6,6,2258
30.0,6,6,7,2265
30.0,6,6,8,2272
30.0,6,6,9,2279
30.0,6,6,10,2286
30.0,6,6,11,2292
30.0,6,6,12,2299
30.0,6,6,13,2306
30.0,6,6,14,2313
30.0,6,6,15,2320
30.0,6,7,0,2222
30.0,6,7,1,2229
30.0,6,7,2,2237
30.0,6,7,3,2244
30.0,6,7,4,2251
30.0,6,7,5,2258
30.0,6,7,6,2265
30.0,6,7,7,2272
30.0,6,7,8,2279
30.0,6,7,9,2286
30.0,6,7,10,2293
30.0,6,7,11,2300
30.0,6,7,12,2307
30.0,6,7,13,2314
30.0,6,7,14,2321
30.0,6,7,15,2327
30.0,6,8,0,2229
30.0,6,8,1,2237
30.0,6,8,2,2244
30.0,6,8,3,2251
30.0,6,8,4,2258
30.0,6,8,5,2265
30.0,6,8,6,2272
30.0,6,8,7,2279
30.0,6,8,8,2286
30.0,6,8,9,2293
30.0,6,8,10,2300
30.0,6,8,11,2307
30.0,6,8,12,2314
30.0,6,8,13,2321
30.0,6,8,14,2328
30.0,6,8,15,2335
30.0,6,9,0,2237
30.0,6,9,1,2244
30.0,6,9,2,2251
30.0,6,9,3,2258
30.0,6,9,4,2265
30.0,6,9,5,2272
30.0,6,9,6,2279
30.0,6,9,7,2286
30.0,6,9,8,2294
30.0,6,9,9,2301
30.0,6,9,10,2308
30.0,6,9,11,2315
30.0,6,9,12,2322
30.0,6,9,13,2328
30.0,6,9,14,2335
30.0,6,9,15,2342
30.0,6,10,0,2244
30.0,6,10,1,2251
30.0,6,10,2,2258
30.0,6,10,3,2265
30.0,6,10,4,2272
30.0,6,10,5,2280
30.0,6,10,6,2287
30.0,6,10,7,2294
30.0,6,10,8,2301
30.0,6,10,9,2308
30.0,6,10,10,2315
30.0,6,10,11,2322
30.0,6,10,12,2329
30.0,6,10,13,2336
30.0,6,10,14,2343
30.0,6,10,15,2350
30.0,6,11,0,2251
30.0,6,11,1,2258
30.0,6,11,2,2265
30.0,6,11,3,2272
30.0,6,11,4,2280
30.0,6,11,5,2287
30.0,6,11,6,2294
30.0,6,11,7,2301
30.0,6,11,8,2308
30.0,6,11,9,2315
30.0,6,11,10,2322
30.0,6,11,11,2329
30.0,6,11,12,2336
30.0,6,11,13,2343
30.0,6,11,14,2350
30.0,6,11,15,2357
30.0,6,12,0,2258
30.0,6,12,1,2265
30.0,6,12,2,2272
30.0,6,12,3,2279
30.0,6,12,4,2287
30.0,6,12,5,2294
30.0,6,12,6,2301
30.0,6,12,7,2308
30.0,6,12,8,2315
30.0,6,12,9,2322
30.0,6,12,10,2329
30.0,6,12,11,2336
30.0,6,12,12,2343
30.0,6,12,13,2350
30.0,6,12,14,2357
30.0,6,12,15,2364
30.0,6,13,0,2265
30.0,6,13,1,2272
30.0,6,13,2,2279
30.0,6,13,3,2286
30.0,6,13,4,2294
30.0,6,13,5,2301
30.0,6,13,6,2308
30.0,6,13,7,2315
30.0,6,13,8,2322
30.0,6,13,9,2330
30.0,6,13,10,2337
30.0,6,13,11,2344
30.0,6,13,12,2351
30.0,6,13,13,2358
30.0,6,13,14,2365
30.0,6,13,15,2372
30.0,6,14,0,2272
30.0,6,14,1,2279
30.0,6,14,2,2286
30.0,6,14,3,2294
30.0,6,14,4,2301
30.0,6,14,5,2308
30.0,6,14,6,2315
30.0,6,14,7,2322
30.0,6,14,8,2330
30.0,6,14,9,2337
30.0,6,14,10,2344
30.0,6,14,11,2351
30.0,6,14,12,2358
30.0,6,14,13,2365
30.0,6,14,14,2372
30.0,6,14,15,2379
30.0,6,15,0,2279
30.0,6,15,1,2286
30.0,6,15,2,2293
30.0,6,15,3,2301
30.0,6,15,4,2308
30.0,6,15,5,2315
30.0,6,15,6,2322
30.0,6,15,7,2330
30.0,6,15,8,2337
30.0,6,15,9,2344
30.0,6,15,10,2351
30.0,6,15,11,2358
30.0,6,15,12,2365
30.0,6,15,13,2372
30.0,6,15,14,2379
30.0,6,15,15,2386
30.0,7,0,0,2180
30.0,7,0,1,2187
30.0,7,0,2,2194
30.0,7,0,3,2201
30.0,7,0,4,2208
30.0,7,0,5,2215
30.0,7,0,6,2222
30.0,7,0,7,2229
30.0,7,0,8,2236
30.0,7,0,9,2242
30.0,7,0,10,2249
30.0,7,0,11,2256
30.0,7,0,12,2263
30.0,7,0,13,2270
30.0,7,0,14,2276
30.0,7,0,15,2283
30.0,7,1,0,2187
30.0,7,1,1,2194
30.0,7,1,2,2201
30.0,7,1,3,2208
30.0,7,1,4,2215
30.0,7,1,5,2222
30.0,7,1,6,2229
30.0,7,1,7,2236
30.0,7,1,8,2243
30.0,7,1,9,2250
30.0,7,1,10,2257
30.0,7,1,11,2264
30.0,7,1,12,2270
30.0,7,1,13,2277
30.0,7,1,14,2284
30.0,7,1,15,2291
30.0,7,2,0,2195
30.0,7,2,1,2202
30.0,7,2,2,2209
30.0,7,2,3,2216
30.0,7,2,4,2223
30.0,7,2,5,2230
30.0,7,2,6,2237
30.0,7,2,7,2244
30.0,7,2,8,2251
30.0,7,2,9,2257
30.0,7,2,10,2264
30.0,7,2,11,2271
30.0,7,2,12,2278
30.0,7,2,13,2285
30.0,7,2,14,2292
30.0,7,2,15,2298
30.0,7,3,0,2202
30.0,7,3,1,2209
30.0,7,3,2,2216
30.0,7,3,3,2223
30.0,7,3,4,2230
30.0,7,3,5,2237
30.0,7,3,6,2244
30.0,7,3,7,2251
30.0,7,3,8,2258
30.0,7,3,9,2265
30.0,7,3,10,2272
30.0,7,3,11,2279
30.0,7,3,12,2286
30.0,7,3,13,2292
30.0,7,3,14,2299
30.0,7,3,15,2306
30.0,7,4,0,2209
30.0,7,4,1,2216
30.0,7,4,2,2223
30.0,7,4,3,2230
30.0,7,4,4,2237
30.0,7,4,5,2244
30.0,7,4,6,2251
30.0,7,4,7,2258
30.0,7,4,8,2265
30.0,7,4,9,2272
30.0,7,4,10,2279
30.0,7,4,11,2286
30.0,7,4,12,2293
30.0,7,4,13,2300
30.0,7,4,14,2307
30.0,7,4,15,2314
30.0,7,5,0,2216
30.0,7,5,1,2223
30.0,7,5,2,2231
30.0,7,5,3,2238
30.0,7,5,4,2245
30.0,7,5,5,2252
30.0,7,5,6,2259
30.0,7,5,7,2266
30.0,7,5,8,2273
30.0,7,5,9,2280
30.0,7,5,10,2287
30.0,7,5,11,2294
30.0,7,5,12,2301
30.0,7,5,13,2307
30.0,7,5,14,2314
30.0,7,5,15,2321
30.0,7,6,0,2223
30.0,7,6,1,2231
30.0,7,6,2,2238
30.0,7,6,3,2245
30.0,7,6,4,2252
30.0,7,6,5,2259
30.0,7,6,6,2266
30.0,7,6,7,2273
30.0,7,6,8,2280
30.0,7,6,9,2287
30.0,7,6,10,2294
30.0,7,6,11,2301
30.0,7,6,12,2308
30.0,7,6,13,2315
30.0,7,6,14,2322
30.0,7,6,15,2329
30.0,7,7,0,2231
30.0,7,7,1,2238
30.0,7,7,2,2245
30.0,7,7,3,2252
30.0,7,7,4,2259
30.0,7,7,5,2266
30.0,7,7,6,2273
30.0,7,7,7,2280
30.0,7,7,8,2288
30.0,7,7,9,2295
30.0,7,7,10,2301
30.0,7,7,11,2308
30.0,7,7,12,2315
30.0,7,7,13,2322
30.0,7,7,14,2329
30.0,7,7,15,2336
30.0,7,8,0,2238
30.0,7,8,1,2245
30.0,7,8,2,2252
30.0,7,8,3,2259
30.0,7,8,4,2266
30.0,7,8,5,2274
30.0,7,8,6,2281
30.0,7,8,7,2288
30.0,7,8,8,2295
30.0,7,8,9,2302
30.0,7,8,10,2309
30.0,7,8,11,2316
30.0,7,8,12,2323
30.0,7,8,13,2330
30.0,7,8,14,2337
30.0,7,8,15,2344
30.0,7,9,0,2245
30.0,7,9,1,2252
30.0,7,9,2,2259
30.0,7,9,3,2267
30.0,7,9,4,2274
30.0,7,9,5,2281
30.0,7,9,6,2288
30.0,7,9,7,2295
30.0,7,9,8,2302
30.0,7,9,9,2309
30.0,7,9,10,2316
30.0,7,9,11,2323
30.0,7,9,12,2330
30.0,7,9,13,2337
30.0,7,9,14,2344
30.0,7,9,15,2351
30.0,7,10,0,2252
30.0,7,10,1,2259
30.0,7,10,2,2266
30.0,7,10,3,2274
30.0,7,10,4,2281
30.0,7,10,5,2288
30.0,7,10,6,2295
30.0,7,10,7,2302
30.0,7,10,8,2309
30.0,7,10,9,2316
30.0,7,10,10,2324
30.0,7,10,11,2331
30.0,7,10,12,2338
30.0,7,10,13,2345
30.0,7,10,14,2352
30.0,7,10,15,2358
30.0,7,11,0,2259
30.0,7,11,1,2266
30.0,7,11,2,2274
30.0,7,11,3,2281
30.0,7,11,4,2288
30.0,7,11,5,2295
30.0,7,11,6,2302
30.0,7,11,7,2310
30.0,7,11,8,2317
30.0,7,11,9,2324
30.0,7,11,10,2331
30.0,7,11,11,2338
30.0,7,11,12,2345
30.0,7,11,13,2352
30.0,7,11,14,2359
30.0,7,11,15,2366
30.0,7,12,0,2266
30.0,7,12,1,2273
30.0,7,12,2,2281
30.0,7,12,3,2288
30.0,7,12,4,2295
30.0,7,12,5,2302
30.0,7,12,6,2310
30.0,7,12,7,2317
30.0,7,12,8,2324
30.0,7,12,9,2331
30.0,7,12,10,2338
30.0,7,12,11,2345
30.0,7,12,12,2352
30.0,7,12,13,2359
30.0,7,12,14,2366
30.0,7,12,15,2373
30.0,7,13,0,2273
30.0,7,13,1,2280
30.0,7,13,2,2288
30.0,7,13,3,2295
30.0,7,13,4,2302
30.0,7,13,5,2310
30.0,7,13,6,2317
30.0,7,13,7,2324
30.0,7,13,8,2331
30.0,7,13,9,2338
30.0,7,13,10,2345
30.0,7,13,11,2352
30.0,7,13,12,2360
30.0,7,13,13,2367
30.0,7,13,14,2374
30.0,7,13,15,2381
30.0,7,14,0,2280
30.0,7,14,1,2288
30.0,7,14,2,2295
30.0,7,14,3,2302
30.0,7,14,4,2309
30.0,7,14,5,2317
30.0,7,14,6,2324
30.0,7,14,7,2331
30.0,7,14,8,2338
30.0,7,14,9,2345
30.0,7,14,10,2353
30.0,7,14,11,2360
30.0,7,14,12,2367
30.0,7,14,13,2374
30.0,7,14,14,2381
30.0,7,14,15,2388
30.0,7,15,0,2287
30.0,7,15,1,2295
30.0,7,15,2,2302
30.0,7,15,3,2309
30.0,7,15,4,2316
30.0,7,15,5,2324
30.0,7,15,6,2331
30.0,7,15,7,2338
30.0,7,15,8,2345
30.0,7,15,9,2353
30.0,7,15,10,2360
30.0,7,15,11,2367
30.0,7,15,12,2374
30.0,7,15,13,2381
30.0,7,15,14,2388
30.0,7,15,15,2395
30.0,8,0,0,2188
30.0,8,0,1,2195
30.0,8,0,2,2202
30.0,8,0,3,2209
30.0,8,0,4,2216
30.0,8,0,5,2223
30.0,8,0,6,2230
30.0,8,0,7,2237
30.0,8,0,8,2244
30.0,8,0,9,2251
30.0,8,0,10,2258
30.0,8,0,11,2264
30.0,8,0,12,2271
30.0,8,0,13,2278
30.0,8,0,14,2285
30.0,8,0,15,2292
30.0,8,1,0,2195
30.0,8,1,1,2203
30.0,8,1,2,2210
30.0,8,1,3,2217
30.0,8,1,4,2224
30.0,8,1,5,2231
30.0,8,1,6,2238
30.0,8,1,7,2245
30.0,8,1,8,2251
30.0,8,1,9,2258
30.0,8,1,10,2265
30.0,8,1,11,2272
30.0,8,1,12,2279
30.0,8,1,13,2286
30.0,8,1,14,2293
30.0,8,1,15,2299
30.0,8,2,0,2203
30.0,8,2,1,2210
30.0,8,2,2,2217
30.0,8,2,3,2224
30.0,8,2,4,2231
30.0,8,2,5,2238
30.0,8,2,6,2245
30.0,8,2,7,2252
30.0,8,2,8,2259
30.0,8,2,9,2266
30.0,8,2,10,2273
30.0,8,2,11,2280
30.0,8,2,12,2286
30.0,8,2,13,2293
30.0,8,2,14,2300
30.0,8,2,15,2307
30.0,8,3,0,2210
30.0,8,3,1,2217
30.0,8,3,2,2224
30.0,8,3,3,2231
30.0,8,3,4,2238
30.0,8,3,5,2245
30.0,8,3,6,2252
30.0,8,3,7,2259
30.0,8,3,8,2266
30.0,8,3,9,2273
30.0,8,3,10,2280
30.0,8,3,11,2287
30.0,8,3,12,2294
30.0,8,3,13,2301
30.0,8,3,14,2308
30.0,8,3,15,2315
30.0,8,4,0,2217
30.0,8,4,1,2224
30.0,8,4,2,2232
30.0,8,4,3,2239
30.0,8,4,4,2246
30.0,8,4,5,2253
30.0,8,4,6,2260
30.0,8,4,7,2267
30.0,8,4,8,2274
30.0,8,4,9,2281
30.0,8,4,10,2288
30.0,8,4,11,2295
30.0,8,4,12,2302
30.0,8,4,13,2308
30.0,8,4,14,2315
30.0,8,4,15,2322
30.0,8,5,0,2225
30.0,8,5,1,2232
30.0,8,5,2,2239
30.0,8,5,3,2246
30.0,8,5,4,2253
30.0,8,5,5,2260
30.0,8,5,6,2267
30.0,8,5,7,2274
30.0,8,5,8,2281
30.0,8,5,9,2288
30.0,8,5,10,2295
30.0,8,5,11,2302
30.0,8,5,12,2309
30.0,8,5,13,2316
30.0,8,5,14,2323
30.0,8,5,15,2330
30.0,8,6,0,2232
30.0,8,6,1,2239
30.0,8,6,2,2246
30.0,8,6,3,2253
30.0,8,6,4,2260
30.0,8,6,5,2268
30.0,8,6,6,2275
30.0,8,6,7,2282
30.0,8,6,8,2289
30.0,8,6,9,2296
30.0,8,6,10,2303
30.0,8,6,11,2310
30.0,8,6,12,2317
30.0,8,6,13,2324
30.0,8,6,14,2330
30.0,8,6,15,2337
30.0,8,7,0,2239
30.0,8,7,1,2246
30.0,8,7,2,2253
30.0,8,7,3,2261
30.0,8,7,4,2268
30.0,8,7,5,2275
30.0,8,7,6,2282
30.0,8,7,7,2289
30.0,8,7,8,2296
30.0,8,7,9,2303
30.0,8,7,10,2310
30.0,8,7,11,2317
30.0,8,7,12,2324
30.0,8,7,13,2331
30.0,8,7,14,2338
30.0,8,7,15,2345
30.0,8,8,0,2246
30.0,8,8,1,2253
30.0,8,8,2,2261
30.0,8,8,3,2268
30.0,8,8,4,2275
30.0,8,8,5,2282
30.0,8,8,6,2289
30.0,8,8,7,2296
30.0,8,8,8,2303
30.0,8,8,9,2310
30.0,8,8,10,2317
30.0,8,8,11,2324
30.0,8,8,12,2331
30.0,8,8,13,2338
30.0,8,8,14,2345
30.0,8,8,15,2352
30.0,8,9,0,2253
30.0,8,9,1,2261
30.0,8,9,2,2268
30.0,8,9,3,2275
30.0,8,9,4,2282
30.0,8,9,5,2289
30.0,8,9,6,2296
30.0,8,9,7,2304
30.0,8,9,8,2311
30.0,8,9,9,2318
30.0,8,9,10,2325
30.0,8,9,11,2332
30.0,8,9,12,2339
30.0,8,9,13,2346
30.0,8,9,14,2353
30.0,8,9,15,2360
30.0,8,10,0,2260
30.0,8,10,1,2268
30.0,8,10,2,2275
30.0,8,10,3,2282
30.0,8,10,4,2289
30.0,8,10,5,2297
30.0,8,10,6,2304
30.0,8,10,7,2311
30.0,8,10,8,2318
30.0,8,10,9,2325
30.0,8,10,10,2332
30.0,8,10,11,2339
30.0,8,10,12,2346
30.0,8,10,13,2353
30.0,8,10,14,2360
30.0,8,10,15,2367
30.0,8,11,0,2268
30.0,8,11,1,2275
30.0,8,11,2,2282
30.0,8,11,3,2289
30.0,8,11,4,2297
30.0,8,11,5,2304
30.0,8,11,6,2311
30.0,8,11,7,2318
30.0,8,11,8,2325
30.0,8,11,9,2332
30.0,8,11,10,2340
30.0,8,11,11,2347
30.0,8,11,12,2354
30.0,8,11,13,2361
30.0,8,11,14,2368
30.0,8,11,15,2375
30.0,8,12,0,2275
30.0,8,12,1,2282
30.0,8,12,2,2289
30.0,8,12,3,2296
30.0,8,12,4,2304
30.0,8,12,5,2311
30.0,8,12,6,2318
30.0,8,12,7,2325
30.0,8,12,8,2333
30.0,8,12,9,2340
30.0,8,12,10,2347
30.0,8,12,11,2354
30.0,8,12,12,2361
30.0,8,12,13,2368
30.0,8,12,14,2375
30.0,8,12,15,2382
30.0,8,13,0,2282
30.0,8,13,1,2289
30.0,8,13,2,2296
30.0,8,13,3,2304
30.0,8,13,4,2311
30.0,8,13,5,2318
30.0,8,13,6,2325
30.0,8,13,7,2333
30.0,8,13,8,2340
30.0,8,13,9,2347
30.0,8,13,10,2354
30.0,8,13,11,2361
30.0,8,13,12,2368
30.0,8,13,13,2375
30.0,8,13,14,2382
30.0,8,13,15,2390
30.0,8,14,0,2289
30.0,8,14,1,2296
30.0,8,14,2,2303
30.0,8,14,3,2311
30.0,8,14,4,2318
30.0,8,14,5,2325
30.0,8,14,6,2333
30.0,8,14,7,2340
30.0,8,14,8,2347
30.0,8,14,9,2354
30.0,8,14,10,2361
30.0,8,14,11,2369
30.0,8,14,12,2376
30.0,8,14,13,2383
30.0,8,14,14,2390
30.0,8,14,15,2397
30.0,8,15,0,2296
30.0,8,15,1,2303
30.0,8,15,2,2310
30.0,8,15,3,2318
30.0,8,15,4,2325
30.0,8,15,5,2332
30.0,8,15,6,2340
30.0,8,15,7,2347
30.0,8,15,8,2354
30.0,8,15,9,2361
30.0,8,15,10,2369
30.0,8,15,11,2376
30.0,8,15,12,2383
30.0,8,15,13,2390
30.0,8,15,14,2397
30.0,8,15,15,2404
30.0,9,0,0,2196
30.0,9,0,1,2203
30.0,9,0,2,2210
30.0,9,0,3,2217
30.0,9,0,4,2224
30.0,9,0,5,2231
30.0,9,0,6,2238
30.0,9,0,7,2245
30.0,9,0,8,2252
30.0,9,0,9,2259
30.0,9,0,10,2266
30.0,9,0,11,2273
30.0,9,0,12,2280
30.0,9,0,13,2287
30.0,9,0,14,2293
30.0,9,0,15,2300
30.0,9,1,0,2204
30.0,9,1,1,2211
30.0,9,1,2,2218
30.0,9,1,3,2225
30.0,9,1,4,2232
30.0,9,1,5,2239
30.0,9,1,6,2246
30.0,9,1,7,2253
30.0,9,1,8,2260
30.0,9,1,9,2267
30.0,9,1,10,2274
30.0,9,1,11,2281
30.0,9,1,12,2287
30.0,9,1,13,2294
30.0,9,1,14,2301
30.0,9,1,15,2308
30.0,9,2,0,2211
30.0,9,2,1,2218
30.0,9,2,2,2225
30.0,9,2,3,2232
30.0,9,2,4,2239
30.0,9,2,5,2246
30.0,9,2,6,2253
30.0,9,2,7,2260
30.0,9,2,8,2267
30.0,9,2,9,2274
30.0,9,2,10,2281
30.0,9,2,11,2288
30.0,9,2,12,2295
30.0,9,2,13,2302
30.0,9,2,14,2309
30.0,9,2,15,2316
30.0,9,3,0,2218
30.0,9,3,1,2225
30.0,9,3,2,2233
30.0,9,3,3,2240
30.0,9,3,4,2247
30.0,9,3,5,2254
30.0,9,3,6,2261
30.0,9,3,7,2268
30.0,9,3,8,2275
30.0,9,3,9,2282
30.0,9,3,10,2289
30.0,9,3,11,2296
30.0,9,3,12,2303
30.0,9,3,13,2309
30.0,9,3,14,2316
30.0,9,3,15,2323
30.0,9,4,0,2226
30.0,9,4,1,2233
30.0,9,4,2,2240
30.0,9,4,3,2247
30.0,9,4,4,2254
30.0,9,4,5,2261
30.0,9,4,6,2268
30.0,9,4,7,2275
30.0,9,4,8,2282
30.0,9,4,9,2289
30.0,9,4,10,2296
30.0,9,4,11,2303
30.0,9,4,12,2310
30.0,9,4,13,2317
30.0,9,4,14,2324
30.0,9,4,15,2331
30.0,9,5,0,2233
30.0,9,5,1,2240
30.0,9,5,2,2247
30.0,9,5,3,2254
30.0,9,5,4,2261
30.0,9,5,5,2269
30.0,9,5,6,2276
30.0,9,5,7,2283
30.0,9,5,8,2290
30.0,9,5,9,2297
30.0,9,5,10,2304
30.0,9,5,11,2311
30.0,9,5,12,2318
30.0,9,5,13,2325
30.0,9,5,14,2332
30.0,9,5,15,2338
30.0,9,6,0,2240
30.0,9,6,1,2247
30.0,9,6,2,2254
30.0,9,6,3,2262
30.0,9,6,4,2269
30.0,9,6,5,2276
30.0,9,6,6,2283
30.0,9,6,7,2290
30.0,9,6,8,2297
30.0,9,6,9,2304
30.0,9,6,10,2311
30.0,9,6,11,2318
30.0,9,6,12,2325
30.0,9,6,13,2332
30.0,9,6,14,2339
30.0,9,6,15,2346
30.0,9,7,0,2247
30.0,9,7,1,2255
30.0,9,7,2,2262
30.0,9,7,3,2269
30.0,9,7,4,2276
30.0,9,7,5,2283
30.0,9,7,6,2290
30.0,9,7,7,2297
30.0,9,7,8,2305
30.0,9,7,9,2312
30.0,9,7,10,2319
30.0,9,7,11,2326
30.0,9,7,12,2333
30.0,9,7,13,2340
30.0,9,7,14,2347
30.0,9,7,15,2354
30.0,9,8,0,2254
30.0,9,8,1,2262
30.0,9,8,2,2269
30.0,9,8,3,2276
30.0,9,8,4,2283
30.0,9,8,5,2291
30.0,9,8,6,2298
30.0,9,8,7,2305
30.0,9,8,8,2312
30.0,9,8,9,2319
30.0,9,8,10,2326
30.0,9,8,11,2333
30.0,9,8,12,2340
30.0,9,8,13,2347
30.0,9,8,14,2354
30.0,9,8,15,2361
30.0,9,9,0,2262
30.0,9,9,1,2269
30.0,9,9,2,2276
30.0,9,9,3,2283
30.0,9,9,4,2291
30.0,9,9,5,2298
30.0,9,9,6,2305
30.0,9,9,7,2312
30.0,9,9,8,2319
30.0,9,9,9,2326
30.0,9,9,10,2333
30.0,9,9,11,2341
30.0,9,9,12,2348
30.0,9,9,13,2355
30.0,9,9,14,2362
30.0,9,9,15,2369
30.0,9,10,0,2269
30.0,9,10,1,2276
30.0,9,10,2,2283
30.0,9,10,3,2291
30.0,9,10,4,2298
30.0,9,10,5,2305
30.0,9,10,6,2312
30.0,9,10,7,2319
30.0,9,10,8,2327
30.0,9,10,9,2334
30.0,9,10,10,2341
30.0,9,10,11,2348
30.0,9,10,12,2355
30.0,9,10,13,2362
30.0,9,10,14,2369
30.0,9,10,15,2376
30.0,9,11,0,2276
30.0,9,11,1,2283
30.0,9,11,2,2291
30.0,9,11,3,2298
30.0,9,11,4,2305
30.0,9,11,5,2312
30.0,9,11,6,2320
30.0,9,11,7,2327
30.0,9,11,8,2334
30.0,9,11,9,2341
30.0,9,11,10,2348
30.0,9,11,11,2355
30.0,9,11,12,2362
30.0,9,11,13,2369
30.0,9,11,14,2377
30.0,9,11,15,2384
30.0,9,12,0,2283
30.0,9,12,1,2290
30.0,9,12,2,2298
30.0,9,12,3,2305
30.0,9,12,4,2312
30.0,9,12,5,2320
30.0,9,12,6,2327
30.0,9,12,7,2334
30.0,9,12,8,2341
30.0,9,12,9,2348
30.0,9,12,10,2356
30.0,9,12,11,2363
30.0,9,12,12,2370
30.0,9,12,13,2377
30.0,9,12,14,2384
30.0,9,12,15,2391
30.0,9,13,0,2290
30.0,9,13,1,2297
30.0,9,13,2,2305
30.0,9,13,3,2312
30.0,9,13,4,2319
30.0,9,13,5,2327
30.0,9,13,6,2334
30.0,9,13,7,2341
30.0,9,13,8,2348
30.0,9,13,9,2356
30.0,9,13,10,2363
30.0,9,13,11,2370
30.0,9,13,12,2377
30.0,9,13,13,2384
30.0,9,13,14,2391
30.0,9,13,15,2398
30.0,9,14,0,2297
30.0,9,14,1,2305
30.0,9,14,2,2312
30.0,9,14,3,2319
30.0,9,14,4,2327
30.0,9,14,5,2334
30.0,9,14,6,2341
30.0,9,14,7,2348
30.0,9,14,8,2356
30.0,9,14,9,2363
30.0,9,14,10,2370
30.0,9,14,11,2377
30.0,9,14,12,2384
30.0,9,14,13,2392
30.0,9,14,14,2399
30.0,9,14,15,2406
30.0,9,15,0,2304
30.0,9,15,1,2312
30.0,9,15,2,2319
30.0,9,15,3,2326
30.0,9,15,4,2334
30.0,9,15,5,2341
30.0,9,15,6,2348
30.0,9,15,7,2356
30.0,9,15,8,2363
30.0,9,15,9,2370
30.0,9,15,10,2377
30.0,9,15,11,2385
30.0,9,15,12,2392
30.0,9,15,13,2399
30.0,9,15,14,2406
30.0,9,15,15,2413
30.0,10,0,0,2204
30.0,10,0,1,2212
30.0,10,0,2,2219
30.0,10,0,3,2226
30.0,10,0,4,2233
30.0,10,0,5,2240
30.0,10,0,6,2247
30.0,10,0,7,2254
30.0,10,0,8,2261
30.0,10,0,9,2268
30.0,10,0,10,2274
30.0,10,0,11,2281
30.0,10,0,12,2288
30.0,10,0,13,2295
30.0,10,0,14,2302
30.0,10,0,15,2309
30.0,10,1,0,2212
30.0,10,1,1,2219
30.0,10,1,2,2226
30.0,10,1,3,2233
30.0,10,1,4,2240
30.0,10,1,5,2247
30.0,10,1,6,2254
30.0,10,1,7,2261
30.0,10,1,8,2268
30.0,10,1,9,2275
30.0,10,1,10,2282
30.0,10,1,11,2289
30.0,10,1,12,2296
30.0,10,1,13,2303
30.0,10,1,14,2310
30.0,10,1,15,2316
30.0,10,2,0,2219
30.0,10,2,1,2226
30.0,10,2,2,2233
30.0,10,2,3,2241
30.0,10,2,4,2248
30.0,10,2,5,2255
30.0,10,2,6,2262
30.0,10,2,7,2269
30.0,10,2,8,2276
30.0,10,2,9,2283
30.0,10,2,10,2290
30.0,10,2,11,2297
30.0,10,2,12,2303
30.0,10,2,13,2310
30.0,10,2,14,2317
30.0,10,2,15,2324
30.0,10,3,0,2227
30.0,10,3,1,2234
30.0,10,3,2,2241
30.0,10,3,3,2248
30.0,10,3,4,2255
30.0,10,3,5,2262
30.0,10,3,6,2269
30.0,10,3,7,2276
30.0,10,3,8,2283
30.0,10,3,9,2290
30.0,10,3,10,2297
30.0,10,3,11,2304
30.0,10,3,12,2311
30.0,10,3,13,2318
30.0,10,3,14,2325
30.0,10,3,15,2332
30.0,10,4,0,2234
30.0,10,4,1,2241
30.0,10,4,2,2248
30.0,10,4,3,2255
30.0,10,4,4,2262
30.0,10,4,5,2270
30.0,10,4,6,2277
30.0,10,4,7,2284
30.0,10,4,8,2291
30.0,10,4,9,2298
30.0,10,4,10,2305
30.0,10,4,11,2312
30.0,10,4,12,2319
30.0,10,4,13,2326
30.0,10,4,14,2333
30.0,10,4,15,2339
30.0,10,5,0,2241
30.0,10,5,1,2248
30.0,10,5,2,2256
30.0,10,5,3,2263
30.0,10,5,4,2270
30.0,10,5,5,2277
30.0,10,5,6,2284
30.0,10,5,7,2291
30.0,10,5,8,2298
30.0,10,5,9,2305
30.0,10,5,10,2312
30.0,10,5,11,2319
30.0,10,5,12,2326
30.0,10,5,13,2333
30.0,10,5,14,2340
30.0,10,5,15,2347
30.0,10,6,0,2248
30.0,10,6,1,2256
30.0,10,6,2,2263
30.0,10,6,3,2270
30.0,10,6,4,2277
30.0,10,6,5,2284
30.0,10,6,6,2291
30.0,10,6,7,2299
30.0,10,6,8,2306
30.0,10,6,9,2313
30.0,10,6,10,2320
30.0,10,6,11,2327
30.0,10,6,12,2334
30.0,10,6,13,2341
30.0,10,6,14,2348
30.0,10,6,15,2355
30.0,10,7,0,2256
30.0,10,7,1,2263
30.0,10,7,2,2270
30.0,10,7,3,2277
30.0,10,7,4,2285
30.0,10,7,5,2292
30.0,10,7,6,2299
30.0,10,7,7,2306
30.0,10,7,8,2313
30.0,10,7,9,2320
30.0,10,7,10,2327
30.0,10,7,11,2334
30.0,10,7,12,2341
30.0,10,7,13,2348
30.0,10,7,14,2355
30.0,10,7,15,2362
30.0,10,8,0,2263
30.0,10,8,1,2270
30.0,10,8,2,2277
30.0,10,8,3,2285
30.0,10,8,4,2292
30.0,10,8,5,2299
30.0,10,8,6,2306
30.0,10,8,7,2313
30.0,10,8,8,2321
30.0,10,8,9,2328
30.0,10,8,10,2335
30.0,10,8,11,2342
30.0,10,8,12,2349
30.0,10,8,13,2356
30.0,10,8,14,2363
30.0,10,8,15,2370
30.0,10,9,0,2270
30.0,10,9,1,2277
30.0,10,9,2,2285
30.0,10,9,3,2292
30.0,10,9,4,2299
30.0,10,9,5,2306
30.0,10,9,6,2314
30.0,10,9,7,2321
30.0,10,9,8,2328
30.0,10,9,9,2335
30.0,10,9,10,2342
30.0,10,9,11,2349
30.0,10,9,12,2356
30.0,10,9,13,2363
30.0,10,9,14,2370
30.0,10,9,15,2377
30.0,10,10,0,2277
30.0,10,10,1,2285
30.0,10,10,2,2292
30.0,10,10,3,2299
30.0,10,10,4,2306
30.0,10,10,5,2314
30.0,10,10,6,2321
30.0,10,10,7,2328
30.0,10,10,8,2335
30.0,10,10,9,2342
30.0,10,10,10,2350
30.0,10,10,11,2357
30.0,10,10,12,2364
30.0,10,10,13,2371
30.0,10,10,14,2378
30.0,10,10,15,2385
30.0,10,11,0,2284
30.0,10,11,1,2292
30.0,10,11,2,2299
30.0,10,11,3,2306
30.0,10,11,4,2314
30.0,10,11,5,2321
30.0,10,11,6,2328
30.0,10,11,7,2335
30.0,10,11,8,2343
30.0,10,11,9,2350
30.0,10,11,10,2357
30.0,10,11,11,2364
30.0,10,11,12,2371
30.0,10,11,13,2378
30.0,10,11,14,2385
30.0,10,11,15,2392
30.0,10,12,0,2291
30.0,10,12,1,2299
30.0,10,12,2,2306
30.0,10,12,3,2314
30.0,10,12,4,2321
30.0,10,12,5,2328
30.0,10,12,6,2335
30.0,10,12,7,2343
30.0,10,12,8,2350
30.0,10,12,9,2357
30.0,10,12,10,2364
30.0,10,12,11,2371
30.0,10,12,12,2379
30.0,10,12,13,2386
30.0,10,12,14,2393
30.0,10,12,15,2400
30.0,10,13,0,2299
30.0,10,13,1,2306
30.0,10,13,2,2313
30.0,10,13,3,2321
30.0,10,13,4,2328
30.0,10,13,5,2335
30.0,10,13,6,2343
30.0,10,13,7,2350
30.0,10,13,8,2357
30.0,10,13,9,2364
30.0,10,13,10,2372
30.0,10,13,11,2379
30.0,10,13,12,2386
30.0,10,13,13,2393
30.0,10,13,14,2400
30.0,10,13,15,2407
30.0,10,14,0,2306
30.0,10,14,1,2313
30.0,10,14,2,2321
30.0,10,14,3,2328
30.0,10,14,4,2335
30.0,10,14,5,2343
30.0,10,14,6,2350
30.0,10,14,7,2357
30.0,10,14,8,2364
30.0,10,14,9,2372
30.0,10,14,10,2379
30.0,10,14,11,2386
30.0,10,14,12,2393
30.0,10,14,13,2400
30.0,10,14,14,2408
30.0,10,14,15,2415
30.0,10,15,0,2313
30.0,10,15,1,2320
30.0,10,15,2,2328
30.0,10,15,3,2335
30.0,10,15,4,2342
30.0,10,15,5,2350
30.0,10,15,6,2357
30.0,10,15,7,2364
30.0,10,15,8,2372
30.0,10,15,9,2379
30.0,10,15,10,2386
30.0,10,15,11,2393
30.0,10,15,12,2401
30.0,10,15,13,2408
30.0,10,15,14,2415
30.0,10,15,15,2422
30.0,11,0,0,2213
30.0,11,0,1,2220
30.0,11,0,2,2227
30.0,11,0,3,2234
30.0,11,0,4,2241
30.0,11,0,5,2248
30.0,11,0,6,2255
30.0,11,0,7,2262
30.0,11,0,8,2269
30.0,11,0,9,2276
30.0,11,0,10,2283
30.0,11,0,11,2290
30.0,11,0,12,2297
30.0,11,0,13,2304
30.0,11,0,14,2310
30.0,11,0,15,2317
30.0,11,1,0,2220
30.0,11,1,1,2227
30.0,11,1,2,2234
30.0,11,1,3,2241
30.0,11,1,4,2248
30.0,11,1,5,2256
30.0,11,1,6,2263
30.0,11,1,7,2270
30.0,11,1,8,2277
30.0,11,1,9,2284
30.0,11,1,10,2290
30.0,11,1,11,2297
30.0,11,1,12,2304
30.0,11,1,13,2311
30.0,11,1,14,2318
30.0,11,1,15,2325
30.0,11,2,0,2227
30.0,11,2,1,2235
30.0,11,2,2,2242
30.0,11,2,3,2249
30.0,11,2,4,2256
30.0,11,2,5,2263
30.0,11,2,6,2270
30.0,11,2,7,2277
30.0,11,2,8,2284
30.0,11,2,9,2291
30.0,11,2,10,2298
30.0,11,2,11,2305
30.0,11,2,12,2312
30.0,11,2,13,2319
30.0,11,2,14,2326
30.0,11,2,15,2333
30.0,11,3,0,2235
30.0,11,3,1,2242
30.0,11,3,2,2249
30.0,11,3,3,2256
30.0,11,3,4,2263
30.0,11,3,5,2270
30.0,11,3,6,2278
30.0,11,3,7,2285
30.0,11,3,8,2292
30.0,11,3,9,2299
30.0,11,3,10,2306
30.0,11,3,11,2313
30.0,11,3,12,2320
30.0,11,3,13,2327
30.0,11,3,14,2333
30.0,11,3,15,2340
30.0,11,4,0,2242
30.0,11,4,1,2249
30.0,11,4,2,2256
30.0,11,4,3,2264
30.0,11,4,4,2271
30.0,11,4,5,2278
30.0,11,4,6,2285
30.0,11,4,7,2292
30.0,11,4,8,2299
30.0,11,4,9,2306
30.0,11,4,10,2313
30.0,11,4,11,2320
30.0,11,4,12,2327
30.0,11,4,13,2334
30.0,11,4,14,2341
30.0,11,4,15,2348
30.0,11,5,0,2249
30.0,11,5,1,2257
30.0,11,5,2,2264
30.0,11,5,3,2271
30.0,11,5,4,2278
30.0,11,5,5,2285
30.0,11,5,6,2293
30.0,11,5,7,2300
30.0,11,5,8,2307
30.0,11,5,9,2314
30.0,11,5,10,2321
30.0,11,5,11,2328
30.0,11,5,12,2335
30.0,11,5,13,2342
30.0,11,5,14,2349
30.0,11,5,15,2356
30.0,11,6,0,2257
30.0,11,6,1,2264
30.0,11,6,2,2271
30.0,11,6,3,2278
30.0,11,6,4,2286
30.0,11,6,5,2293
30.0,11,6,6,2300
30.0,11,6,7,2307
30.0,11,6,8,2314
30.0,11,6,9,2321
30.0,11,6,10,2328
30.0,11,6,11,2335
30.0,11,6,12,2342
30.0,11,6,13,2349
30.0,11,6,14,2356
30.0,11,6,15,2363
30.0,11,7,0,2264
30.0,11,7,1,2271
30.0,11,7,2,2279
30.0,11,7,3,2286
30.0,11,7,4,2293
30.0,11,7,5,2300
30.0,11,7,6,2307
30.0,11,7,7,2315
30.0,11,7,8,2322
30.0,11,7,9,2329
30.0,11,7,10,2336
30.0,11,7,11,2343
30.0,11,7,12,2350
30.0,11,7,13,2357
30.0,11,7,14,2364
30.0,11,7,15,2371
30.0,11,8,0,2271
30.0,11,8,1,2279
30.0,11,8,2,2286
30.0,11,8,3,2293
30.0,11,8,4,2300
30.0,11,8,5,2308
30.0,11,8,6,2315
30.0,11,8,7,2322
30.0,11,8,8,2329
30.0,11,8,9,2336
30.0,11,8,10,2343
30.0,11,8,11,2350
30.0,11,8,12,2357
30.0,11,8,13,2365
30.0,11,8,14,2372
30.0,11,8,15,2379
30.0,11,9,0,2278
30.0,11,9,1,2286
30.0,11,9,2,2293
30.0,11,9,3,2300
30.0,11,9,4,2308
30.0,11,9,5,2315
30.0,11,9,6,2322
30.0,11,9,7,2329
30.0,11,9,8,2336
30.0,11,9,9,2344
30.0,11,9,10,2351
30.0,11,9,11,2358
30.0,11,9,12,2365
30.0,11,9,13,2372
30.0,11,9,14,2379
30.0,11,9,15,2386
30.0,11,10,0,2286
30.0,11,10,1,2293
30.0,11,10,2,2300
30.0,11,10,3,2308
30.0,11,10,4,2315
30.0,11,10,5,2322
30.0,11,10,6,2329
30.0,11,10,7,2337
30.0,11,10,8,2344
30.0,11,10,9,2351
30.0,11,10,10,2358
30.0,11,10,11,2365
30.0,11,10,12,2372
30.0,11,10,13,2380
30.0,11,10,14,2387
30.0,11,10,15,2394
30.0,11,11,0,2293
30.0,11,11,1,2300
30.0,11,11,2,2308
30.0,11,11,3,2315
30.0,11,11,4,2322
30.0,11,11,5,2329
30.0,11,11,6,2337
30.0,11,11,7,2344
30.0,11,11,8,2351
30.0,11,11,9,2358
30.0,11,11,10,2366
30.0,11,11,11,2373
30.0,11,11,12,2380
30.0,11,11,13,2387
30.0,11,11,14,2394
30.0,11,11,15,2401
30.0,11,12,0,2300
30.0,11,12,1,2307
30.0,11,12,2,2315
30.0,11,12,3,2322
30.0,11,12,4,2329
30.0,11,12,5,2337
30.0,11,12,6,2344
30.0,11,12,7,2351
30.0,11,12,8,2359
30.0,11,12,9,2366
30.0,11,12,10,2373
30.0,11,12,11,2380
30.0,11,12,12,2387
30.0,11,12,13,2394
30.0,11,12,14,2402
30.0,11,12,15,2409
30.0,11,13,0,2307
30.0,11,13,1,2315
30.0,11,13,2,2322
30.0,11,13,3,2329
30.0,11,13,4,2337
30.0,11,13,5,2344
30.0,11,13,6,2351
30.0,11,13,7,2359
30.0,11,13,8,2366
30.0,11,13,9,2373
30.0,11,13,10,2380
30.0,11,13,11,2388
30.0,11,13,12,2395
30.0,11,13,13,2402
30.0,11,13,14,2409
30.0,11,13,15,2416
30.0,11,14,0,2314
30.0,11,14,1,2322
30.0,11,14,2,2329
30.0,11,14,3,2336
30.0,11,14,4,2344
30.0,11,14,5,2351
30.0,11,14,6,2359
30.0,11,14,7,2366
30.0,11,14,8,2373
30.0,11,14,9,2380
30.0,11,14,10,2388
30.0,11,14,11,2395
30.0,11,14,12,2402
30.0,11,14,13,2409
30.0,11,14,14,2416
30.0,11,14,15,2424
30.0,11,15,0,2321
30.0,11,15,1,2329
30.0,11,15,2,2336
30.0,11,15,3,2344
30.0,11,15,4,2351
30.0,11,15,5,2358
30.0,11,15,6,2366
30.0,11,15,7,2373
30.0,11,15,8,2380
30.0,11,15,9,2388
30.0,11,15,10,2395
30.0,11,15,11,2402
30.0,11,15,12,2409
30.0,11,15,13,2417
30.0,11,15,14,2424
30.0,11,15,15,2431
30.0,12,0,0,2221
30.0,12,0,1,2228
30.0,12,0,2,2235
30.0,12,0,3,2242
30.0,12,0,4,2249
30.0,12,0,5,2256
30.0,12,0,6,2263
30.0,12,0,7,2270
30.0,12,0,8,2277
30.0,12,0,9,2284
30.0,12,0,10,2291
30.0,12,0,11,2298
30.0,12,0,12,2305
30.0,12,0,13,2312
30.0,12,0,14,2319
30.0,12,0,15,2326
30.0,12,1,0,2228
30.0,12,1,1,2235
30.0,12,1,2,2242
30.0,12,1,3,2250
30.0,12,1,4,2257
30.0,12,1,5,2264
30.0,12,1,6,2271
30.0,12,1,7,2278
30.0,12,1,8,2285
30.0,12,1,9,2292
30.0,12,1,10,2299
30.0,12,1,11,2306
30.0,12,1,12,2313
30.0,12,1,13,2320
30.0,12,1,14,2327
30.0,12,1,15,2333
30.0,12,2,0,2236
30.0,12,2,1,2243
30.0,12,2,2,2250
30.0,12,2,3,2257
30.0,12,2,4,2264
30.0,12,2,5,2271
30.0,12,2,6,2278
30.0,12,2,7,2285
30.0,12,2,8,2293
30.0,12,2,9,2300
30.0,12,2,10,2307
30.0,12,2,11,2314
30.0,12,2,12,2321
30.0,12,2,13,2327
30.0,12,2,14,2334
30.0,12,2,15,2341
30.0,12,3,0,2243
30.0,12,3,1,2250
30.0,12,3,2,2257
30.0,12,3,3,2265
30.0,12,3,4,2272
30.0,12,3,5,2279
30.0,12,3,6,2286
30.0,12,3,7,2293
30.0,12,3,8,2300
30.0,12,3,9,2307
30.0,12,3,10,2314
30.0,12,3,11,2321
30.0,12,3,12,2328
30.0,12,3,13,2335
30.0,12,3,14,2342
30.0,12,3,15,2349
30.0,12,4,0,2250
30.0,12,4,1,2258
30.0,12,4,2,2265
30.0,12,4,3,2272
30.0,12,4,4,2279
30.0,12,4,5,2286
30.0,12,4,6,2293
30.0,12,4,7,2301
30.0,12,4,8,2308
30.0,12,4,9,2315
30.0,12,4,10,2322
30.0,12,4,11,2329
30.0,12,4,12,2336
30.0,12,4,13,2343
30.0,12,4,14,2350
30.0,12,4,15,2357
30.0,12,5,0,2258
30.0,12,5,1,2265
30.0,12,5,2,2272
30.0,12,5,3,2279
30.0,12,5,4,2287
30.0,12,5,5,2294
30.0,12,5,6,2301
30.0,12,5,7,2308
30.0,12,5,8,2315
30.0,12,5,9,2322
30.0,12,5,10,2329
30.0,12,5,11,2336
30.0,12,5,12,2343
30.0,12,5,13,2350
30.0,12,5,14,2357
30.0,12,5,15,2364
30.0,12,6,0,2265
30.0,12,6,1,2272
30.0,12,6,2,2280
30.0,12,6,3,2287
30.0,12,6,4,2294
30.0,12,6,5,2301
30.0,12,6,6,2308
30.0,12,6,7,2316
30.0,12,6,8,2323
30.0,12,6,9,2330
30.0,12,6,10,2337
30.0,12,6,11,2344
30.0,12,6,12,2351
30.0,12,6,13,2358
30.0,12,6,14,2365
30.0,12,6,15,2372
30.0,12,7,0,2272
30.0,12,7,1,2280
30.0,12,7,2,2287
30.0,12,7,3,2294
30.0,12,7,4,2301
30.0,12,7,5,2309
30.0,12,7,6,2316
30.0,12,7,7,2323
30.0,12,7,8,2330
30.0,12,7,9,2337
30.0,12,7,10,2344
30.0,12,7,11,2352
30.0,12,7,12,2359
30.0,12,7,13,2366
30.0,12,7,14,2373
30.0,12,7,15,2380
30.0,12,8,0,2280
30.0,12,8,1,2287
30.0,12,8,2,2294
30.0,12,8,3,2302
30.0,12,8,4,2309
30.0,12,8,5,2316
30.0,12,8,6,2323
30.0,12,8,7,2330
30.0,12,8,8,2338
30.0,12,8,9,2345
30.0,12,8,10,2352
30.0,12,8,11,2359
30.0,12,8,12,2366
30.0,12,8,13,2373
30.0,12,8,14,2380
30.0,12,8,15,2387
30.0,12,9,0,2287
30.0,12,9,1,2294
30.0,12,9,2,2302
30.0,12,9,3,2309
30.0,12,9,4,2316
30.0,12,9,5,2323
30.0,12,9,6,2331
30.0,12,9,7,2338
30.0,12,9,8,2345
30.0,12,9,9,2352
30.0,12,9,10,2359
30.0,12,9,11,2367
30.0,12,9,12,2374
30.0,12,9,13,2381
30.0,12,9,14,2388
30.0,12,9,15,2395
30.0,12,10,0,2294
30.0,12,10,1,2301
30.0,12,10,2,2309
30.0,12,10,3,2316
30.0,12,10,4,2323
30.0,12,10,5,2331
30.0,12,10,6,2338
30.0,12,10,7,2345
30.0,12,10,8,2352
30.0,12,10,9,2360
30.0,12,10,10,2367
30.0,12,10,11,2374
30.0,12,10,12,2381
30.0,12,10,13,2388
30.0,12,10,14,2395
30.0,12,10,15,2402
30.0,12,11,0,2301
30.0,12,11,1,2309
30.0,12,11,2,2316
30.0,12,11,3,2323
30.0,12,11,4,2331
30.0,12,11,5,2338
30.0,12,11,6,2345
30.0,12,11,7,2353
30.0,12,11,8,2360
30.0,12,11,9,2367
30.0,12,11,10,2374
30.0,12,11,11,2382
30.0,12,11,12,2389
30.0,12,11,13,2396
30.0,12,11,14,2403
30.0,12,11,15,2410
30.0,12,12,0,2308
30.0,12,12,1,2316
30.0,12,12,2,2323
30.0,12,12,3,2331
30.0,12,12,4,2338
30.0,12,12,5,2345
30.0,12,12,6,2353
30.0,12,12,7,2360
30.0,12,12,8,2367
30.0,12,12,9,2375
30.0,12,12,10,2382
30.0,12,12,11,2389
30.0,12,12,12,2396
30.0,12,12,13,2403
30.0,12,12,14,2410
30.0,12,12,15,2418
30.0,12,13,0,2316
30.0,12,13,1,2323
30.0,12,13,2,2330
30.0,12,13,3,2338
30.0,12,13,4,2345
30.0,12,13,5,2353
30.0,12,13,6,2360
30.0,12,13,7,2367
30.0,12,13,8,2375
30.0,12,13,9,2382
30.0,12,13,10,2389
30.0,12,13,11,2396
30.0,12,13,12,2404
30.0,12,13,13,2411
30.0,12,13,14,2418
30.0,12,13,15,2425
30.0,12,14,0,2323
30.0,12,14,1,2330
30.0,12,14,2,2338
30.0,12,14,3,2345
30.0,12,14,4,2352
30.0,12,14,5,2360
30.0,12,14,6,2367
30.0,12,14,7,2375
30.0,12,14,8,2382
30.0,12,14,9,2389
30.0,12,14,10,2396
30.0,12,14,11,2404
30.0,12,14,12,2411
30.0,12,14,13,2418
30.0,12,14,14,2425
30.0,12,14,15,2433
30.0,12,15,0,2330
30.0,12,15,1,2337
30.0,12,15,2,2345
30.0,12,15,3,2352
30.0,12,15,4,2360
30.0,12,15,5,2367
30.0,12,15,6,2375
30.0,12,15,7,2382
30.0,12,15,8,2389
30.0,12,15,9,2397
30.0,12,15,10,2404
30.0,12,15,11,2411
30.0,12,15,12,2418
30.0,12,15,13,2426
30.0,12,15,14,2433
30.0,12,15,15,2440
30.0,13,0,0,2229
30.0,13,0,1,2236
30.0,13,0,2,2243
30.0,13,0,3,2250
30.0,13,0,4,2257
30.0,13,0,5,2265
30.0,13,0,6,2272
30.0,13,0,7,2279
30.0,13,0,8,2286
30.0,13,0,9,2293
30.0,13,0,10,2300
30.0,13,0,11,2307
30.0,13,0,12,2314
30.0,13,0,13,2320
30.0,13,0,14,2327
30.0,13,0,15,2334
30.0,13,1,0,2236
30.0,13,1,1,2244
30.0,13,1,2,2251
30.0,13,1,3,2258
30.0,13,1,4,2265
30.0,13,1,5,2272
30.0,13,1,6,2279
30.0,13,1,7,2286
30.0,13,1,8,2293
30.0,13,1,9,2300
30.0,13,1,10,2307
30.0,13,1,11,2314
30.0,13,1,12,2321
30.0,13,1,13,2328
30.0,13,1,14,2335
30.0,13,1,15,2342
30.0,13,2,0,2244
30.0,13,2,1,2251
30.0,13,2,2,2258
30.0,13,2,3,2265
30.0,13,2,4,2273
30.0,13,2,5,2280
30.0,13,2,6,2287
30.0,13,2,7,2294
30.0,13,2,8,2301
30.0,13,2,9,2308
30.0,13,2,10,2315
30.0,13,2,11,2322
30.0,13,2,12,2329
30.0,13,2,13,2336
30.0,13,2,14,2343
30.0,13,2,15,2350
30.0,13,3,0,2251
30.0,13,3,1,2258
30.0,13,3,2,2266
30.0,13,3,3,2273
30.0,13,3,4,2280
30.0,13,3,5,2287
30.0,13,3,6,2294
30.0,13,3,7,2301
30.0,13,3,8,2309
30.0,13,3,9,2316
30.0,13,3,10,2323
30.0,13,3,11,2330
30.0,13,3,12,2337
30.0,13,3,13,2344
30.0,13,3,14,2351
30.0,13,3,15,2358
30.0,13,4,0,2259
30.0,13,4,1,2266
30.0,13,4,2,2273
30.0,13,4,3,2280
30.0,13,4,4,2288
30.0,13,4,5,2295
30.0,13,4,6,2302
30.0,13,4,7,2309
30.0,13,4,8,2316
30.0,13,4,9,2323
30.0,13,4,10,2330
30.0,13,4,11,2337
30.0,13,4,12,2344
30.0,13,4,13,2351
30.0,13,4,14,2358
30.0,13,4,15,2365
30.0,13,5,0,2266
30.0,13,5,1,2273
30.0,13,5,2,2281
30.0,13,5,3,2288
30.0,13,5,4,2295
30.0,13,5,5,2302
30.0,13,5,6,2309
30.0,13,5,7,2317
30.0,13,5,8,2324
30.0,13,5,9,2331
30.0,13,5,10,2338
30.0,13,5,11,2345
30.0,13,5,12,2352
30.0,13,5,13,2359
30.0,13,5,14,2366
30.0,13,5,15,2373
30.0,13,6,0,2273
30.0,13,6,1,2281
30.0,13,6,2,2288
30.0,13,6,3,2295
30.0,13,6,4,2302
30.0,13,6,5,2310
30.0,13,6,6,2317
30.0,13,6,7,2324
30.0,13,6,8,2331
30.0,13,6,9,2338
30.0,13,6,10,2345
30.0,13,6,11,2353
30.0,13,6,12,2360
30.0,13,6,13,2367
30.0,13,6,14,2374
30.0,13,6,15,2381
30.0,13,7,0,2281
30.0,13,7,1,2288
30.0,13,7,2,2295
30.0,13,7,3,2303
30.0,13,7,4,2310
30.0,13,7,5,2317
30.0,13,7,6,2324
30.0,13,7,7,2332
30.0,13,7,8,2339
30.0,13,7,9,2346
30.0,13,7,10,2353
30.0,13,7,11,2360
30.0,13,7,12,2367
30.0,13,7,13,2374
30.0,13,7,14,2381
30.0,13,7,15,2388
30.0,13,8,0,2288
30.0,13,8,1,2295
30.0,13,8,2,2303
30.0,13,8,3,2310
30.0,13,8,4,2317
30.0,13,8,5,2325
30.0,13,8,6,2332
30.0,13,8,7,2339
30.0,13,8,8,2346
30.0,13,8,9,2353
30.0,13,8,10,2361
30.0,13,8,11,2368
30.0,13,8,12,2375
30.0,13,8,13,2382
30.0,13,8,14,2389
30.0,13,8,15,2396
30.0,13,9,0,2295
30.0,13,9,1,2303
30.0,13,9,2,2310
30.0,13,9,3,2317
30.0,13,9,4,2325
30.0,13,9,5,2332
30.0,13,9,6,2339
30.0,13,9,7,2346
30.0,13,9,8,2354
30.0,13,9,9,2361
30.0,13,9,10,2368
30.0,13,9,11,2375
30.0,13,9,12,2382
30.0,13,9,13,2390
30.0,13,9,14,2397
30.0,13,9,15,2404
30.0,13,10,0,2302
30.0,13,10,1,2310
30.0,13,10,2,2317
30.0,13,10,3,2325
30.0,13,10,4,2332
30.0,13,10,5,2339
30.0,13,10,6,2347
30.0,13,10,7,2354
30.0,13,10,8,2361
30.0,13,10,9,2368
30.0,13,10,10,2376
30.0,13,10,11,2383
30.0,13,10,12,2390
30.0,13,10,13,2397
30.0,13,10,14,2404
30.0,13,10,15,2411
30.0,13,11,0,2310
30.0,13,11,1,2317
30.0,13,11,2,2325
30.0,13,11,3,2332
30.0,13,11,4,2339
30.0,13,11,5,2347
30.0,13,11,6,2354
30.0,13,11,7,2361
30.0,13,11,8,2369
30.0,13,11,9,2376
30.0,13,11,10,2383
30.0,13,11,11,2390
30.0,13,11,12,2397
30.0,13,11,13,2405
30.0,13,11,14,2412
30.0,13,11,15,2419
30.0,13,12,0,2317
30.0,13,12,1,2324
30.0,13,12,2,2332
30.0,13,12,3,2339
30.0,13,12,4,2347
30.0,13,12,5,2354
30.0,13,12,6,2361
30.0,13,12,7,2369
30.0,13,12,8,2376
30.0,13,12,9,2383
30.0,13,12,10,2390
30.0,13,12,11,2398
30.0,13,12,12,2405
30.0,13,12,13,2412
30.0,13,12,14,2419
30.0,13,12,15,2426
30.0,13,13,0,2324
30.0,13,13,1,2332
30.0,13,13,2,2339
30.0,13,13,3,2346
30.0,13,13,4,2354
30.0,13,13,5,2361
30.0,13,13,6,2369
30.0,13,13,7,2376
30.0,13,13,8,2383
30.0,13,13,9,2391
30.0,13,13,10,2398
30.0,13,13,11,2405
30.0,13,13,12,2412
30.0,13,13,13,2420
30.0,13,13,14,2427
30.0,13,13,15,2434
30.0,13,14,0,2331
30.0,13,14,1,2339
30.0,13,14,2,2346
30.0,13,14,3,2354
30.0,13,14,4,2361
30.0,13,14,5,2369
30.0,13,14,6,2376
30.0,13,14,7,2383
30.0,13,14,8,2391
30.0,13,14,9,2398
30.0,13,14,10,2405
30.0,13,14,11,2413
30.0,13,14,12,2420
30.0,13,14,13,2427
30.0,13,14,14,2434
30.0,13,14,15,2441
30.0,13,15,0,2338
30.0,13,15,1,2346
30.0,13,15,2,2353
30.0,13,15,3,2361
30.0,13,15,4,2368
30.0,13,15,5,2376
30.0,13,15,6,2383
30.0,13,15,7,2391
30.0,13,15,8,2398
30.0,13,15,9,2405
30.0,13,15,10,2413
30.0,13,15,11,2420
30.0,13,15,12,2427
30.0,13,15,13,2434
30.0,13,15,14,2442
30.0,13,15,15,2449
30.0,14,0,0,2237
30.0,14,0,1,2244
30.0,14,0,2,2251
30.0,14,0,3,2259
30.0,14,0,4,2266
30.0,14,0,5,2273
30.0,14,0,6,2280
30.0,14,0,7,2287
30.0,14,0,8,2294
30.0,14,0,9,2301
30.0,14,0,10,2308
30.0,14,0,11,2315
30.0,14,0,12,2322
30.0,14,0,13,2329
30.0,14,0,14,2336
30.0,14,0,15,2343
30.0,14,1,0,2244
30.0,14,1,1,2252
30.0,14,1,2,2259
30.0,14,1,3,2266
30.0,14,1,4,2273
30.0,14,1,5,2280
30.0,14,1,6,2288
30.0,14,1,7,2295
30.0,14,1,8,2302
30.0,14,1,9,2309
30.0,14,1,10,2316
30.0,14,1,11,2323
30.0,14,1,12,2330
30.0,14,1,13,2337
30.0,14,1,14,2344
30.0,14,1,15,2351
30.0,14,2,0,2252
30.0,14,2,1,2259
30.0,14,2,2,2266
30.0,14,2,3,2274
30.0,14,2,4,2281
30.0,14,2,5,2288
30.0,14,2,6,2295
30.0,14,2,7,2302
30.0,14,2,8,2309
30.0,14,2,9,2316
30.0,14,2,10,2323
30.0,14,2,11,2330
30.0,14,2,12,2338
30.0,14,2,13,2344
30.0,14,2,14,2351
30.0,14,2,15,2358
30.0,14,3,0,2259
30.0,14,3,1,2267
30.0,14,3,2,2274
30.0,14,3,3,2281
30.0,14,3,4,2288
30.0,14,3,5,2296
30.0,14,3,6,2303
30.0,14,3,7,2310
30.0,14,3,8,2317
30.0,14,3,9,2324
30.0,14,3,10,2331
30.0,14,3,11,2338
30.0,14,3,12,2345
30.0,14,3,13,2352
30.0,14,3,14,2359
30.0,14,3,15,2366
30.0,14,4,0,2267
30.0,14,4,1,2274
30.0,14,4,2,2281
30.0,14,4,3,2289
30.0,14,4,4,2296
30.0,14,4,5,2303
30.0,14,4,6,2310
30.0,14,4,7,2317
30.0,14,4,8,2325
30.0,14,4,9,2332
30.0,14,4,10,2339
30.0,14,4,11,2346
30.0,14,4,12,2353
30.0,14,4,13,2360
30.0,14,4,14,2367
30.0,14,4,15,2374
30.0,14,5,0,2274
30.0,14,5,1,2282
30.0,14,5,2,2289
30.0,14,5,3,2296
30.0,14,5,4,2303
30.0,14,5,5,2311
30.0,14,5,6,2318
30.0,14,5,7,2325
30.0,14,5,8,2332
30.0,14,5,9,2339
30.0,14,5,10,2346
30.0,14,5,11,2354
30.0,14,5,12,2361
30.0,14,5,13,2368
30.0,14,5,14,2375
30.0,14,5,15,2382
30.0,14,6,0,2282
30.0,14,6,1,2289
30.0,14,6,2,2296
30.0,14,6,3,2304
30.0,14,6,4,2311
30.0,14,6,5,2318
30.0,14,6,6,2325
30.0,14,6,7,2333
30.0,14,6,8,2340
30.0,14,6,9,2347
30.0,14,6,10,2354
30.0,14,6,11,2361
30.0,14,6,12,2368
30.0,14,6,13,2375
30.0,14,6,14,2382
30.0,14,6,15,2389
30.0,14,7,0,2289
30.0,14,7,1,2296
30.0,14,7,2,2304
30.0,14,7,3,2311
30.0,14,7,4,2318
30.0,14,7,5,2326
30.0,14,7,6,2333
30.0,14,7,7,2340
30.0,14,7,8,2347
30.0,14,7,9,2354
30.0,14,7,10,2362
30.0,14,7,11,2369
30.0,14,7,12,2376
30.0,14,7,13,2383
30.0,14,7,14,2390
30.0,14,7,15,2397
30.0,14,8,0,2296
30.0,14,8,1,2304
30.0,14,8,2,2311
30.0,14,8,3,2318
30.0,14,8,4,2326
30.0,14,8,5,2333
30.0,14,8,6,2340
30.0,14,8,7,2348
30.0,14,8,8,2355
30.0,14,8,9,2362
30.0,14,8,10,2369
30.0,14,8,11,2376
30.0,14,8,12,2384
30.0,14,8,13,2391
30.0,14,8,14,2398
30.0,14,8,15,2405
30.0,14,9,0,2304
30.0,14,9,1,2311
30.0,14,9,2,2318
30.0,14,9,3,2326
30.0,14,9,4,2333
30.0,14,9,5,2340
30.0,14,9,6,2348
30.0,14,9,7,2355
30.0,14,9,8,2362
30.0,14,9,9,2370
30.0,14,9,10,2377
30.0,14,9,11,2384
30.0,14,9,12,2391
30.0,14,9,13,2398
30.0,14,9,14,2405
30.0,14,9,15,2412
30.0,14,10,0,2311
30.0,14,10,1,2318
30.0,14,10,2,2326
30.0,14,10,3,2333
30.0,14,10,4,2340
30.0,14,10,5,2348
30.0,14,10,6,2355
30.0,14,10,7,2362
30.0,14,10,8,2370
30.0,14,10,9,2377
30.0,14,10,10,2384
30.0,14,10,11,2391
30.0,14,10,12,2399
30.0,14,10,13,2406
30.0,14,10,14,2413
30.0,14,10,15,2420
30.0,14,11,0,2318
30.0,14,11,1,2326
30.0,14,11,2,2333
30.0,14,11,3,2340
30.0,14,11,4,2348
30.0,14,11,5,2355
30.0,14,11,6,2363
30.0,14,11,7,2370
30.0,14,11,8,2377
30.0,14,11,9,2384
30.0,14,11,10,2392
30.0,14,11,11,2399
30.0,14,11,12,2406
30.0,14,11,13,2413
30.0,14,11,14,2421
30.0,14,11,15,2428
30.0,14,12,0,2325
30.0,14,12,1,2333
30.0,14,12,2,2340
30.0,14,12,3,2348
30.0,14,12,4,2355
30.0,14,12,5,2363
30.0,14,12,6,2370
30.0,14,12,7,2377
30.0,14,12,8,2385
30.0,14,12,9,2392
30.0,14,12,10,2399
30.0,14,12,11,2406
30.0,14,12,12,2414
30.0,14,12,13,2421
30.0,14,12,14,2428
30.0,14,12,15,2435
30.0,14,13,0,2333
30.0,14,13,1,2340
30.0,14,13,2,2348
30.0,14,13,3,2355
30.0,14,13,4,2362
30.0,14,13,5,2370
30.0,14,13,6,2377
30.0,14,13,7,2385
30.0,14,13,8,2392
30.0,14,13,9,2399
30.0,14,13,10,2407
30.0,14,13,11,2414
30.0,14,13,12,2421
30.0,14,13,13,2428
30.0,14,13,14,2436
30.0,14,13,15,2443
30.0,14,14,0,2340
30.0,14,14,1,2347
30.0,14,14,2,2355
30.0,14,14,3,2362
30.0,14,14,4,2370
30.0,14,14,5,2377
30.0,14,14,6,2385
30.0,14,14,7,2392
30.0,14,14,8,2399
30.0,14,14,9,2407
30.0,14,14,10,2414
30.0,14,14,11,2421
30.0,14,14,12,2429
30.0,14,14,13,2436
30.0,14,14,14,2443
30.0,14,14,15,2450
30.0,14,15,0,2347
30.0,14,15,1,2354
30.0,14,15,2,2362
30.0,14,15,3,2370
30.0,14,15,4,2377
30.0,14,15,5,2384
30.0,14,15,6,2392
30.0,14,15,7,2399
30.0,14,15,8,2407
30.0,14,15,9,2414
30.0,14,15,10,2421
30.0,14,15,11,2429
30.0,14,15,12,2436
30.0,14,15,13,2443
30.0,14,15,14,2451
30.0,14,15,15,2458
30.0,15,0,0,2245
30.0,15,0,1,2252
30.0,15,0,2,2260
30.0,15,0,3,2267
30.0,15,0,4,2274
30.0,15,0,5,2281
30.0,15,0,6,2288
30.0,15,0,7,2295
30.0,15,0,8,2302
30.0,15,0,9,2309
30.0,15,0,10,2316
30.0,15,0,11,2323
30.0,15,0,12,2330
30.0,15,0,13,2337
30.0,15,0,14,2344
30.0,15,0,15,2351
30.0,15,1,0,2253
30.0,15,1,1,2260
30.0,15,1,2,2267
30.0,15,1,3,2274
30.0,15,1,4,2282
30.0,15,1,5,2289
30.0,15,1,6,2296
30.0,15,1,7,2303
30.0,15,1,8,2310
30.0,15,1,9,2317
30.0,15,1,10,2324
30.0,15,1,11,2331
30.0,15,1,12,2338
30.0,15,1,13,2345
30.0,15,1,14,2352
30.0,15,1,15,2359
30.0,15,2,0,2260
30.0,15,2,1,2267
30.0,15,2,2,2275
30.0,15,2,3,2282
30.0,15,2,4,2289
30.0,15,2,5,2296
30.0,15,2,6,2303
30.0,15,2,7,2311
30.0,15,2,8,2318
30.0,15,2,9,2325
30.0,15,2,10,2332
30.0,15,2,11,2339
30.0,15,2,12,2346
30.0,15,2,13,2353
30.0,15,2,14,2360
30.0,15,2,15,2367
30.0,15,3,0,2268
30.0,15,3,1,2275
30.0,15,3,2,2282
30.0,15,3,3,2289
30.0,15,3,4,2297
30.0,15,3,5,2304
30.0,15,3,6,2311
30.0,15,3,7,2318
30.0,15,3,8,2325
30.0,15,3,9,2333
30.0,15,3,10,2340
30.0,15,3,11,2347
30.0,15,3,12,2354
30.0,15,3,13,2361
30.0,15,3,14,2368
30.0,15,3,15,2375
30.0,15,4,0,2275
30.0,15,4,1,2282
30.0,15,4,2,2290
30.0,15,4,3,2297
30.0,15,4,4,2304
30.0,15,4,5,2311
30.0,15,4,6,2319
30.0,15,4,7,2326
30.0,15,4,8,2333
30.0,15,4,9,2340
30.0,15,4,10,2347
30.0,15,4,11,2354
30.0,15,4,12,2361
30.0,15,4,13,2369
30.0,15,4,14,2376
30.0,15,4,15,2383
30.0,15,5,0,2282
30.0,15,5,1,2290
30.0,15,5,2,2297
30.0,15,5,3,2304
30.0,15,5,4,2312
30.0,15,5,5,2319
30.0,15,5,6,2326
30.0,15,5,7,2333
30.0,15,5,8,2341
30.0,15,5,9,2348
30.0,15,5,10,2355
30.0,15,5,11,2362
30.0,15,5,12,2369
30.0,15,5,13,2376
30.0,15,5,14,2383
30.0,15,5,15,2390
30.0,15,6,0,2290
30.0,15,6,1,2297
30.0,15,6,2,2305
30.0,15,6,3,2312
30.0,15,6,4,2319
30.0,15,6,5,2327
30.0,15,6,6,2334
30.0,15,6,7,2341
30.0,15,6,8,2348
30.0,15,6,9,2355
30.0,15,6,10,2363
30.0,15,6,11,2370
30.0,15,6,12,2377
30.0,15,6,13,2384
30.0,15,6,14,2391
30.0,15,6,15,2398
30.0,15,7,0,2297
30.0,15,7,1,2305
30.0,15,7,2,2312
30.0,15,7,3,2319
30.0,15,7,4,2327
30.0,15,7,5,2334
30.0,15,7,6,2341
30.0,15,7,7,2349
30.0,15,7,8,2356
30.0,15,7,9,2363
30.0,15,7,10,2370
30.0,15,7,11,2377
30.0,15,7,12,2385
30.0,15,7,13,2392
30.0,15,7,14,2399
30.0,15,7,15,2406
30.0,15,8,0,2305
30.0,15,8,1,2312
30.0,15,8,2,2319
30.0,15,8,3,2327
30.0,15,8,4,2334
30.0,15,8,5,2341
30.0,15,8,6,2349
30.0,15,8,7,2356
30.0,15,8,8,2363
30.0,15,8,9,2371
30.0,15,8,10,2378
30.0,15,8,11,2385
30.0,15,8,12,2392
30.0,15,8,13,2399
30.0,15,8,14,2406
30.0,15,8,15,2414
30.0,15,9,0,2312
30.0,15,9,1,2319
30.0,15,9,2,2327
30.0,15,9,3,2334
30.0,15,9,4,2342
30.0,15,9,5,2349
30.0,15,9,6,2356
30.0,15,9,7,2364
30.0,15,9,8,2371
30.0,15,9,9,2378
30.0,15,9,10,2385
30.0,15,9,11,2393
30.0,15,9,12,2400
30.0,15,9,13,2407
30.0,15,9,14,2414
30.0,15,9,15,2421
30.0,15,10,0,2319
30.0,15,10,1,2327
30.0,15,10,2,2334
30.0,15,10,3,2342
30.0,15,10,4,2349
30.0,15,10,5,2356
30.0,15,10,6,2364
30.0,15,10,7,2371
30.0,15,10,8,2378
30.0,15,10,9,2386
30.0,15,10,10,2393
30.0,15,10,11,2400
30.0,15,10,12,2407
30.0,15,10,13,2415
30.0,15,10,14,2422
30.0,15,10,15,2429
30.0,15,11,0,2327
30.0,15,11,1,2334
30.0,15,11,2,2341
30.0,15,11,3,2349
30.0,15,11,4,2356
30.0,15,11,5,2364
30.0,15,11,6,2371
30.0,15,11,7,2378
30.0,15,11,8,2386
30.0,15,11,9,2393
30.0,15,11,10,2400
30.0,15,11,11,2408
30.0,15,11,12,2415
30.0,15,11,13,2422
30.0,15,11,14,2429
30.0,15,11,15,2437
30.0,15,12,0,2334
30.0,15,12,1,2341
30.0,15,12,2,2349
30.0,15,12,3,2356
30.0,15,12,4,2364
30.0,15,12,5,2371
30.0,15,12,6,2379
30.0,15,12,7,2386
30.0,15,12,8,2393
30.0,15,12,9,2401
30.0,15,12,10,2408
30.0,15,12,11,2415
30.0,15,12,12,2422
30.0,15,12,13,2430
30.0,15,12,14,2437
30.0,15,12,15,2444
30.0,15,13,0,2341
30.0,15,13,1,2349
30.0,15,13,2,2356
30.0,15,13,3,2364
30.0,15,13,4,2371
30.0,15,13,5,2378
30.0,15,13,6,2386
30.0,15,13,7,2393
30.0,15,13,8,2401
30.0,15,13,9,2408
30.0,15,13,10,2415
30.0,15,13,11,2423
30.0,15,13,12,2430
30.0,15,13,13,2437
30.0,15,13,14,2444
30.0,15,13,15,2452
30.0,15,14,0,2348
30.0,15,14,1,2356
30.0,15,14,2,2363
30.0,15,14,3,2371
30.0,15,14,4,2378
30.0,15,14,5,2386
30.0,15,14,6,2393
30.0,15,14,7,2401
30.0,15,14,8,2408
30.0,15,14,9,2415
30.0,15,14,10,2423
30.0,15,14,11,2430
30.0,15,14,12,2437
30.0,15,14,13,2445
30.0,15,14,14,2452
30.0,15,14,15,2459
30.0,15,15,0,2355
30.0,15,15,1,2363
30.0,15,15,2,2371
30.0,15,15,3,2378
30.0,15,15,4,2386
30.0,15,15,5,2393
30.0,15,15,6,2401
30.0,15,15,7,2408
30.0,15,15,8,2415
30.0,15,15,9,2423
30.0,15,15,10,2430
30.0,15,15,11,2438
30.0,15,15,12,2445
30.0,15,15,13,2452
30.0,15,15,14,2460
30.0,15,15,15,2467
30.5,0,0,0,2141
30.5,0,0,1,2148
30.5,0,0,2,2155
30.5,0,0,3,2161
30.5,0,0,4,2168
30.5,0,0,5,2175
30.5,0,0,6,2182
30.5,0,0,7,2189
30.5,0,0,8,2195
30.5,0,0,9,2202
30.5,0,0,10,2209
30.5,0,0,11,2215
30.5,0,0,12,2222
30.5,0,0,13,2229
30.5,0,0,14,2235
30.5,0,0,15,2242
30.5,0,1,0,2148
30.5,0,1,1,2155
30.5,0,1,2,2162
30.5,0,1,3,2169
30.5,0,1,4,2175
30.5,0,1,5,2182
30.5,0,1,6,2189
30.5,0,1,7,2196
30.5,0,1,8,2203
30.5,0,1,9,2209
30.5,0,1,10,2216
30.5,0,1,11,2223
30.5,0,1,12,2230
30.5,0,1,13,2236
30.5,0,1,14,2243
30.5,0,1,15,2249
30.5,0,2,0,2155
30.5,0,2,1,2162
30.5,0,2,2,2169
30.5,0,2,3,2176
30.5,0,2,4,2183
30.5,0,2,5,2190
30.5,0,2,6,2196
30.5,0,2,7,2203
30.5,0,2,8,2210
30.5,0,2,9,2217
30.5,0,2,10,2224
30.5,0,2,11,2230
30.5,0,2,12,2237
30.5,0,2,13,2244
30.5,0,2,14,2250
30.5,0,2,15,2257
30.5,0,3,0,2162
30.5,0,3,1,2169
30.5,0,3,2,2176
30.5,0,3,3,2183
30.5,0,3,4,2190
30.5,0,3,5,2197
30.5,0,3,6,2204
30.5,0,3,7,2210
30.5,0,3,8,2217
30.5,0,3,9,2224
30.5,0,3,10,2231
30.5,0,3,11,2238
30.5,0,3,12,2244
30.5,0,3,13,2251
30.5,0,3,14,2258
30.5,0,3,15,2264
30.5,0,4,0,2169
30.5,0,4,1,2176
30.5,0,4,2,2183
30.5,0,4,3,2190
30.5,0,4,4,2197
30.5,0,4,5,2204
30.5,0,4,6,2211
30.5,0,4,7,2218
30.5,0,4,8,2225
30.5,0,4,9,2231
30.5,0,4,10,2238
30.5,0,4,11,2245
30.5,0,4,12,2252
30.5,0,4,13,2258
30.5,0,4,14,2265
30.5,0,4,15,2272
30.5,0,5,0,2176
30.5,0,5,1,2183
30.5,0,5,2,2190
30.5,0,5,3,2197
30.5,0,5,4,2204
30.5,0,5,5,2211
30.5,0,5,6,2218
30.5,0,5,7,2225
30.5,0,5,8,2232
30.5,0,5,9,2239
30.5,0,5,10,2246
30.5,0,5,11,2252
30.5,0,5,12,2259
30.5,0,5,13,2266
30.5,0,5,14,2273
30.5,0,5,15,2279
30.5,0,6,0,2183
30.5,0,6,1,2190
30.5,0,6,2,2197
30.5,0,6,3,2204
30.5,0,6,4,2211
30.5,0,6,5,2218
30.5,0,6,6,2225
30.5,0,6,7,2232
30.5,0,6,8,2239
30.5,0,6,9,2246
30.5,0,6,10,2253
30.5,0,6,11,2260
30.5,0,6,12,2266
30.5,0,6,13,2273
30.5,0,6,14,2280
30.5,0,6,15,2287
30.5,0,7,0,2190
30.5,0,7,1,2198
30.5,0,7,2,2205
30.5,0,7,3,2212
30.5,0,7,4,2219
30.5,0,7,5,2226
30.5,0,7,6,2232
30.5,0,7,7,2239
30.5,0,7,8,2246
30.5,0,7,9,2253
30.5,0,7,10,2260
30.5,0,7,11,2267
30.5,0,7,12,2274
30.5,0,7,13,2281
30.5,0,7,14,2287
30.5,0,7,15,2294
30.5,0,8,0,2197
30.5,0,8,1,2205
30.5,0,8,2,2212
30.5,0,8,3,2219
30.5,0,8,4,2226
30.5,0,8,5,2233
30.5,0,8,6,2240
30.5,0,8,7,2247
30.5,0,8,8,2253
30.5,0,8,9,2260
30.5,0,8,10,2267
30.5,0,8,11,2274
30.5,0,8,12,2281
30.5,0,8,13,2288
30.5,0,8,14,2295
30.5,0,8,15,2301
30.5,0,9,0,2204
30.5,0,9,1,2212
30.5,0,9,2,2219
30.5,0,9,3,2226
30.5,0,9,4,2233
30.5,0,9,5,2240
30.5,0,9,6,2247
30.5,0,9,7,2254
30.5,0,9,8,2261
30.5,0,9,9,2268
30.5,0,9,10,2274
30.5,0,9,11,2281
30.5,0,9,12,2288
30.5,0,9,13,2295
30.5,0,9,14,2302
30.5,0,9,15,2309
30.5,0,10,0,2211
30.5,0,10,1,2219
30.5,0,10,2,2226
30.5,0,10,3,2233
30.5,0,10,4,2240
30.5,0,10,5,2247
30.5,0,10,6,2254
30.5,0,10,7,2261
30.5,0,10,8,2268
30.5,0,10,9,2275
30.5,0,10,10,2282
30.5,0,10,11,2289
30.5,0,10,12,2295
30.5,0,10,13,2302
30.5,0,10,14,2309
30.5,0,10,15,2316
30.5,0,11,0,2218
30.5,0,11,1,2226
30.5,0,11,2,2233
30.5,0,11,3,2240
30.5,0,11,4,2247
30.5,0,11,5,2254
30.5,0,11,6,2261
30.5,0,11,7,2268
30.5,0,11,8,2275
30.5,0,11,9,2282
30.5,0,11,10,2289
30.5,0,11,11,2296
30.5,0,11,12,2303
30.5,0,11,13,2310
30.5,0,11,14,2316
30.5,0,11,15,2323
30.5,0,12,0,2225
30.5,0,12,1,2232
30.5,0,12,2,2240
30.5,0,12,3,2247
30.5,0,12,4,2254
30.5,0,12,5,2261
30.5,0,12,6,2268
30.5,0,12,7,2275
30.5,0,12,8,2282
30.5,0,12,9,2289
30.5,0,12,10,2296
30.5,0,12,11,2303
30.5,0,12,12,2310
30.5,0,12,13,2317
30.5,0,12,14,2324
30.5,0,12,15,2331
30.5,0,13,0,2232
30.5,0,13,1,2239
30.5,0,13,2,2247
30.5,0,13,3,2254
30.5,0,13,4,2261
30.5,0,13,5,2268
30.5,0,13,6,2275
30.5,0,13,7,2282
30.5,0,13,8,2289
30.5,0,13,9,2296
30.5,0,13,10,2303
30.5,0,13,11,2310
30.5,0,13,12,2317
30.5,0,13,13,2324
30.5,0,13,14,2331
30.5,0,13,15,2338
30.5,0,14,0,2239
30.5,0,14,1,2246
30.5,0,14,2,2253
30.5,0,14,3,2261
30.5,0,14,4,2268
30.5,0,14,5,2275
30.5,0,14,6,2282
30.5,0,14,7,2289
30.5,0,14,8,2296
30.5,0,14,9,2303
30.5,0,14,10,2310
30.5,0,14,11,2317
30.5,0,14,12,2324
30.5,0,14,13,2331
30.5,0,14,14,2338
30.5,0,14,15,2345
30.5,0,15,0,2246
30.5,0,15,1,2253
30.5,0,15,2,2260
30.5,0,15,3,2268
30.5,0,15,4,2275
30.5,0,15,5,2282
30.5,0,15,6,2289
30.5,0,15,7,2296
30.5,0,15,8,2303
30.5,0,15,9,2310
30.5,0,15,10,2317
30.5,0,15,11,2324
30.5,0,15,12,2331
30.5,0,15,13,2338
30.5,0,15,14,2345
30.5,0,15,15,2352
30.5,1,0,0,2149
30.5,1,0,1,2156
30.5,1,0,2,2163
30.5,1,0,3,2170
30.5,1,0,4,2177
30.5,1,0,5,2183
30.5,1,0,6,2190
30.5,1,0,7,2197
30.5,1,0,8,2204
30.5,1,0,9,2210
30.5,1,0,10,2217
30.5,1,0,11,2224
30.5,1,0,12,2231
30.5,1,0,13,2237
30.5,1,0,14,2244
30.5,1,0,15,2251
30.5,1,1,0,2156
30.5,1,1,1,2163
30.5,1,1,2,2170
30.5,1,1,3,2177
30.5,1,1,4,2184
30.5,1,1,5,2191
30.5,1,1,6,2198
30.5,1,1,7,2204
30.5,1,1,8,2211
30.5,1,1,9,2218
30.5,1,1,10,2225
30.5,1,1,11,2231
30.5,1,1,12,2238
30.5,1,1,13,2245
30.5,1,1,14,2251
30.5,1,1,15,2258
30.5,1,2,0,2163
30.5,1,2,1,2170
30.5,1,2,2,2177
30.5,1,2,3,2184
30.5,1,2,4,2191
30.5,1,2,5,2198
30.5,1,2,6,2205
30.5,1,2,7,2212
30.5,1,2,8,2218
30.5,1,2,9,2225
30.5,1,2,10,2232
30.5,1,2,11,2239
30.5,1,2,12,2246
30.5,1,2,13,2252
30.5,1,2,14,2259
30.5,1,2,15,2266
30.5,1,3,0,2170
30.5,1,3,1,2177
30.5,1,3,2,2184
30.5,1,3,3,2191
30.5,1,3,4,2198
30.5,1,3,5,2205
30.5,1,3,6,2212
30.5,1,3,7,2219
30.5,1,3,8,2226
30.5,1,3,9,2233
30.5,1,3,10,2239
30.5,1,3,11,2246
30.5,1,3,12,2253
30.5,1,3,13,2260
30.5,1,3,14,2266
30.5,1,3,15,2273
30.5,1,4,0,2178
30.5,1,4,1,2185
30.5,1,4,2,2192
30.5,1,4,3,2199
30.5,1,4,4,2206
30.5,1,4,5,2212
30.5,1,4,6,2219
30.5,1,4,7,2226
30.5,1,4,8,2233
30.5,1,4,9,2240
30.5,1,4,10,2247
30.5,1,4,11,2254
30.5,1,4,12,2260
30.5,1,4,13,2267
30.5,1,4,14,2274
30.5,1,4,15,2281
30.5,1,5,0,2185
30.5,1,5,1,2192
30.5,1,5,2,2199
30.5,1,5,3,2206
30.5,1,5,4,2213
30.5,1,5,5,2220
30.5,1,5,6,2227
30.5,1,5,7,2234
30.5,1,5,8,2240
30.5,1,5,9,2247
30.5,1,5,10,2254
30.5,1,5,11,2261
30.5,1,5,12,2268
30.5,1,5,13,2275
30.5,1,5,14,2281
30.5,1,5,15,2288
30.5,1,6,0,2192
30.5,1,6,1,2199
30.5,1,6,2,2206
30.5,1,6,3,2213
30.5,1,6,4,2220
30.5,1,6,5,2227
30.5,1,6,6,2234
30.5,1,6,7,2241
30.5,1,6,8,2248
30.5,1,6,9,2255
30.5,1,6,10,2261
30.5,1,6,11,2268
30.5,1,6,12,2275
30.5,1,6,13,2282
30.5,1,6,14,2289
30.5,1,6,15,2295
30.5,1,7,0,2199
30.5,1,7,1,2206
30.5,1,7,2,2213
30.5,1,7,3,2220
30.5,1,7,4,2227
30.5,1,7,5,2234
30.5,1,7,6,2241
30.5,1,7,7,2248
30.5,1,7,8,2255
30.5,1,7,9,2262
30.5,1,7,10,2269
30.5,1,7,11,2276
30.5,1,7,12,2282
30.5,1,7,13,2289
30.5,1,7,14,2296
30.5,1,7,15,2303
30.5,1,8,0,2206
30.5,1,8,1,2213
30.5,1,8,2,2220
30.5,1,8,3,2227
30.5,1,8,4,2234
30.5,1,8,5,2241
30.5,1,8,6,2248
30.5,1,8,7,2255
30.5,1,8,8,2262
30.5,1,8,9,2269
30.5,1,8,10,2276
30.5,1,8,11,2283
30.5,1,8,12,2290
30.5,1,8,13,2297
30.5,1,8,14,2303
30.5,1,8,15,2310
30.5,1,9,0,2213
30.5,1,9,1,2220
30.5,1,9,2,2227
30.5,1,9,3,2234
30.5,1,9,4,2241
30.5,1,9,5,2248
30.5,1,9,6,2255
30.5,1,9,7,2262
30.5,1,9,8,2269
30.5,1,9,9,2276
30.5,1,9,10,2283
30.5,1,9,11,2290
30.5,1,9,12,2297
30.5,1,9,13,2304
30.5,1,9,14,2311
30.5,1,9,15,2318
30.5,1,10,0,2220
30.5,1,10,1,2227
30.5,1,10,2,2234
30.5,1,10,3,2241
30.5,1,10,4,2248
30.5,1,10,5,2255
30.5,1,10,6,2262
30.5,1,10,7,2270
30.5,1,10,8,2276
30.5,1,10,9,2283
30.5,1,10,10,2290
30.5,1,10,11,2297
30.5,1,10,12,2304
30.5,1,10,13,2311
30.5,1,10,14,2318
30.5,1,10,15,2325
30.5,1,11,0,2227
30.5,1,11,1,2234
30.5,1,11,2,2241
30.5,1,11,3,2248
30.5,1,11,4,2255
30.5,1,11,5,2263
30.5,1,11,6,2270
30.5,1,11,7,2277
30.5,1,11,8,2284
30.5,1,11,9,2291
30.5,1,11,10,2298
30.5,1,11,11,2305
30.5,1,11,12,2312
30.5,1,11,13,2318
30.5,1,11,14,2325
30.5,1,11,15,2332
30.5,1,12,0,2234
30.5,1,12,1,2241
30.5,1,12,2,2248
30.5,1,12,3,2255
30.5,1,12,4,2262
30.5,1,12,5,2270
30.5,1,12,6,2277
30.5,1,12,7,2284
30.5,1,12,8,2291
30.5,1,12,9,2298
30.5,1,12,10,2305
30.5,1,12,11,2312
30.5,1,12,12,2319
30.5,1,12,13,2326
30.5,1,12,14,2333
30.5,1,12,15,2339
30.5,1,13,0,2241
30.5,1,13,1,2248
30.5,1,13,2,2255
30.5,1,13,3,2262
30.5,1,13,4,2270
30.5,1,13,5,2277
30.5,1,13,6,2284
30.5,1,13,7,2291
30.5,1,13,8,2298
30.5,1,13,9,2305
30.5,1,13,10,2312
30.5,1,13,11,2319
30.5,1,13,12,2326
30.5,1,13,13,2333
30.5,1,13,14,2340
30.5,1,13,15,2347
30.5,1,14,0,2248
30.5,1,14,1,2255
30.5,1,14,2,2262
30.5,1,14,3,2269
30.5,1,14,4,2276
30.5,1,14,5,2284
30.5,1,14,6,2291
30.5,1,14,7,2298
30.5,1,14,8,2305
30.5,1,14,9,2312
30.5,1,14,10,2319
30.5,1,14,11,2326
30.5,1,14,12,2333
30.5,1,14,13,2340
30.5,1,14,14,2347
30.5,1,14,15,2354
30.5,1,15,0,2255
30.5,1,15,1,2262
30.5,1,15,2,2269
30.5,1,15,3,2276
30.5,1,15,4,2283
30.5,1,15,5,2291
30.5,1,15,6,2298
30.5,1,15,7,2305
30.5,1,15,8,2312
30.5,1,15,9,2319
30.5,1,15,10,2326
30.5,1,15,11,2333
30.5,1,15,12,2340
30.5,1,15,13,2347
30.5,1,15,14,2354
30.5,1,15,15,2361
30.5,2,0,0,2157
30.5,2,0,1,2164
30.5,2,0,2,2171
30.5,2,0,3,2178
30.5,2,0,4,2185
30.5,2,0,5,2192
30.5,2,0,6,2199
30.5,2,0,7,2205
30.5,2,0,8,2212
30.5,2,0,9,2219
30.5,2,0,10,2226
30.5,2,0,11,2232
30.5,2,0,12,2239
30.5,2,0,13,2246
30.5,2,0,14,2252
30.5,2,0,15,2259
30.5,2,1,0,2164
30.5,2,1,1,2171
30.5,2,1,2,2178
30.5,2,1,3,2185
30.5,2,1,4,2192
30.5,2,1,5,2199
30.5,2,1,6,2206
30.5,2,1,7,2213
30.5,2,1,8,2220
30.5,2,1,9,2226
30.5,2,1,10,2233
30.5,2,1,11,2240
30.5,2,1,12,2247
30.5,2,1,13,2253
30.5,2,1,14,2260
30.5,2,1,15,2267
30.5,2,2,0,2172
30.5,2,2,1,2179
30.5,2,2,2,2186
30.5,2,2,3,2193
30.5,2,2,4,2199
30.5,2,2,5,2206
30.5,2,2,6,2213
30.5,2,2,7,2220
30.5,2,2,8,2227
30.5,2,2,9,2234
30.5,2,2,10,2241
30.5,2,2,11,2247
30.5,2,2,12,2254
30.5,2,2,13,2261
30.5,2,2,14,2268
30.5,2,2,15,2274
30.5,2,3,0,2179
30.5,2,3,1,2186
30.5,2,3,2,2193
30.5,2,3,3,2200
30.5,2,3,4,2207
30.5,2,3,5,2214
30.5,2,3,6,2221
30.5,2,3,7,2227
30.5,2,3,8,2234
30.5,2,3,9,2241
30.5,2,3,10,2248
30.5,2,3,11,2255
30.5,2,3,12,2262
30.5,2,3,13,2268
30.5,2,3,14,2275
30.5,2,3,15,2282
30.5,2,4,0,2186
30.5,2,4,1,2193
30.5,2,4,2,2200
30.5,2,4,3,2207
30.5,2,4,4,2214
30.5,2,4,5,2221
30.5,2,4,6,2228
30.5,2,4,7,2235
30.5,2,4,8,2242
30.5,2,4,9,2249
30.5,2,4,10,2255
30.5,2,4,11,2262
30.5,2,4,12,2269
30.5,2,4,13,2276
30.5,2,4,14,2283
30.5,2,4,15,2289
30.5,2,5,0,2193
30.5,2,5,1,2200
30.5,2,5,2,2207
30.5,2,5,3,2214
30.5,2,5,4,2221
30.5,2,5,5,2228
30.5,2,5,6,2235
30.5,2,5,7,2242
30.5,2,5,8,2249
30.5,2,5,9,2256
30.5,2,5,10,2263
30.5,2,5,11,2270
30.5,2,5,12,2276
30.5,2,5,13,2283
30.5,2,5,14,2290
30.5,2,5,15,2297
30.5,2,6,0,2200
30.5,2,6,1,2207
30.5,2,6,2,2214
30.5,2,6,3,2221
30.5,2,6,4,2228
30.5,2,6,5,2235
30.5,2,6,6,2242
30.5,2,6,7,2249
30.5,2,6,8,2256
30.5,2,6,9,2263
30.5,2,6,10,2270
30.5,2,6,11,2277
30.5,2,6,12,2284
30.5,2,6,13,2291
30.5,2,6,14,2297
30.5,2,6,15,2304
30.5,2,7,0,2207
30.5,2,7,1,2214
30.5,2,7,2,2221
30.5,2,7,3,2229
30.5,2,7,4,2236
30.5,2,7,5,2243
30.5,2,7,6,2250
30.5,2,7,7,2257
30.5,2,7,8,2264
30.5,2,7,9,2270
30.5,2,7,10,2277
30.5,2,7,11,2284
30.5,2,7,12,2291
30.5,2,7,13,2298
30.5,2,7,14,2305
30.5,2,7,15,2312
30.5,2,8,0,2214
30.5,2,8,1,2221
30.5,2,8,2,2229
30.5,2,8,3,2236
30.5,2,8,4,2243
30.5,2,8,5,2250
30.5,2,8,6,2257
30.5,2,8,7,2264
30.5,2,8,8,2271
30.5,2,8,9,2278
30.5,2,8,10,2285
30.5,2,8,11,2292
30.5,2,8,12,2298
30.5,2,8,13,2305
30.5,2,8,14,2312
30.5,2,8,15,2319
30.5,2,9,0,2221
30.5,2,9,1,2229
30.5,2,9,2,2236
30.5,2,9,3,2243
30.5,2,9,4,2250
30.5,2,9,5,2257
30.5,2,9,6,2264
30.5,2,9,7,2271
30.5,2,9,8,2278
30.5,2,9,9,2285
30.5,2,9,10,2292
30.5,2,9,11,2299
30.5,2,9,12,2306
30.5,2,9,13,2313
30.5,2,9,14,2320
30.5,2,9,15,2326
30.5,2,10,0,2228
30.5,2,10,1,2236
30.5,2,10,2,2243
30.5,2,10,3,2250
30.5,2,10,4,2257
30.5,2,10,5,2264
30.5,2,10,6,2271
30.5,2,10,7,2278
30.5,2,10,8,2285
30.5,2,10,9,2292
30.5,2,10,10,2299
30.5,2,10,11,2306
30.5,2,10,12,2313
30.5,2,10,13,2320
30.5,2,10,14,2327
30.5,2,10,15,2334
30.5,2,11,0,2235
30.5,2,11,1,2243
30.5,2,11,2,2250
30.5,2,11,3,2257
30.5,2,11,4,2264
30.5,2,11,5,2271
30.5,2,11,6,2278
30.5,2,11,7,2285
30.5,2,11,8,2292
30.5,2,11,9,2299
30.5,2,11,10,2306
30.5,2,11,11,2313
30.5,2,11,12,2320
30.5,2,11,13,2327
30.5,2,11,14,2334
30.5,2,11,15,2341
30.5,2,12,0,2242
30.5,2,12,1,2250
30.5,2,12,2,2257
30.5,2,12,3,2264
30.5,2,12,4,2271
30.5,2,12,5,2278
30.5,2,12,6,2285
30.5,2,12,7,2292
30.5,2,12,8,2300
30.5,2,12,9,2307
30.5,2,12,10,2314
30.5,2,12,11,2321
30.5,2,12,12,2328
30.5,2,12,13,2335
30.5,2,12,14,2341
30.5,2,12,15,2348
30.5,2,13,0,2249
30.5,2,13,1,2257
30.5,2,13,2,2264
30.5,2,13,3,2271
30.5,2,13,4,2278
30.5,2,13,5,2285
30.5,2,13,6,2292
30.5,2,13,7,2300
30.5,2,13,8,2307
30.5,2,13,9,2314
30.5,2,13,10,2321
30.5,2,13,11,2328
30.5,2,13,12,2335
30.5,2,13,13,2342
30.5,2,13,14,2349
30.5,2,13,15,2356
30.5,2,14,0,2256
30.5,2,14,1,2264
30.5,2,14,2,2271
30.5,2,14,3,2278
30.5,2,14,4,2285
30.5,2,14,5,2292
30.5,2,14,6,2300
30.5,2,14,7,2307
30.5,2,14,8,2314
30.5,2,14,9,2321
30.5,2,14,10,2328
30.5,2,14,11,2335
30.5,2,14,12,2342
30.5,2,14,13,2349
30.5,2,14,14,2356
30.5,2,14,15,2363
30.5,2,15,0,2263
30.5,2,15,1,2270
30.5,2,15,2,2278
30.5,2,15,3,2285
30.5,2,15,4,2292
30.5,2,15,5,2299
30.5,2,15,6,2307
30.5,2,15,7,2314
30.5,2,15,8,2321
30.5,2,15,9,2328
30.5,2,15,10,2335
30.5,2,15,11,2342
30.5,2,15,12,2349
30.5,2,15,13,2356
30.5,2,15,14,2363
30.5,2,15,15,2370
30.5,3,0,0,2165
30.5,3,0,1,2172
30.5,3,0,2,2179
30.5,3,0,3,2186
30.5,3,0,4,2193
30.5,3,0,5,2200
30.5,3,0,6,2207
30.5,3,0,7,2214
30.5,3,0,8,2221
30.5,3,0,9,2227
30.5,3,0,10,2234
30.5,3,0,11,2241
30.5,3,0,12,2248
30.5,3,0,13,2254
30.5,3,0,14,2261
30.5,3,0,15,2268
30.5,3,1,0,2173
30.5,3,1,1,2180
30.5,3,1,2,2187
30.5,3,1,3,2194
30.5,3,1,4,2200
30.5,3,1,5,2207
30.5,3,1,6,2214
30.5,3,1,7,2221
30.5,3,1,8,2228
30.5,3,1,9,2235
30.5,3,1,10,2242
30.5,3,1,11,2248
30.5,3,1,12,2255
30.5,3,1,13,2262
30.5,3,1,14,2269
30.5,3,1,15,2275
30.5,3,2,0,2180
30.5,3,2,1,2187
30.5,3,2,2,2194
30.5,3,2,3,2201
30.5,3,2,4,2208
30.5,3,2,5,2215
30.5,3,2,6,2222
30.5,3,2,7,2229
30.5,3,2,8,2235
30.5,3,2,9,2242
30.5,3,2,10,2249
30.5,3,2,11,2256
30.5,3,2,12,2263
30.5,3,2,13,2269
30.5,3,2,14,2276
30.5,3,2,15,2283
30.5,3,3,0,2187
30.5,3,3,1,2194
30.5,3,3,2,2201
30.5,3,3,3,2208
30.5,3,3,4,2215
30.5,3,3,5,2222
30.5,3,3,6,2229
30.5,3,3,7,2236
30.5,3,3,8,2243
30.5,3,3,9,2250
30.5,3,3,10,2257
30.5,3,3,11,2263
30.5,3,3,12,2270
30.5,3,3,13,2277
30.5,3,3,14,2284
30.5,3,3,15,2290
30.5,3,4,0,2194
30.5,3,4,1,2201
30.5,3,4,2,2208
30.5,3,4,3,2215
30.5,3,4,4,2222
30.5,3,4,5,2229
30.5,3,4,6,2236
30.5,3,4,7,2243
30.5,3,4,8,2250
30.5,3,4,9,2257
30.5,3,4,10,2264
30.5,3,4,11,2271
30.5,3,4,12,2278
30.5,3,4,13,2284
30.5,3,4,14,2291
30.5,3,4,15,2298
30.5,3,5,0,2201
30.5,3,5,1,2208
30.5,3,5,2,2216
30.5,3,5,3,2223
30.5,3,5,4,2230
30.5,3,5,5,2237
30.5,3,5,6,2244
30.5,3,5,7,2251
30.5,3,5,8,2258
30.5,3,5,9,2264
30.5,3,5,10,2271
30.5,3,5,11,2278
30.5,3,5,12,2285
30.5,3,5,13,2292
30.5,3,5,14,2299
30.5,3,5,15,2305
30.5,3,6,0,2209
30.5,3,6,1,2216
30.5,3,6,2,2223
30.5,3,6,3,2230
30.5,3,6,4,2237
30.5,3,6,5,2244
30.5,3,6,6,2251
30.5,3,6,7,2258
30.5,3,6,8,2265
30.5,3,6,9,2272
30.5,3,6,10,2279
30.5,3,6,11,2286
30.5,3,6,12,2292
30.5,3,6,13,2299
30.5,3,6,14,2306
30.5,3,6,15,2313
30.5,3,7,0,2216
30.5,3,7,1,2223
30.5,3,7,2,2230
30.5,3,7,3,2237
30.5,3,7,4,2244
30.5,3,7,5,2251
30.5,3,7,6,2258
30.5,3,7,7,2265
30.5,3,7,8,2272
30.5,3,7,9,2279
30.5,3,7,10,2286
30.5,3,7,11,2293
30.5,3,7,12,2300
30.5,3,7,13,2307
30.5,3,7,14,2314
30.5,3,7,15,2320
30.5,3,8,0,2223
30.5,3,8,1,2230
30.5,3,8,2,2237
30.5,3,8,3,2244
30.5,3,8,4,2251
30.5,3,8,5,2258
30.5,3,8,6,2265
30.5,3,8,7,2272
30.5,3,8,8,2279
30.5,3,8,9,2286
30.5,3,8,10,2293
30.5,3,8,11,2300
30.5,3,8,12,2307
30.5,3,8,13,2314
30.5,3,8,14,2321
30.5,3,8,15,2328
30.5,3,9,0,2230
30.5,3,9,1,2237
30.5,3,9,2,2244
30.5,3,9,3,2251
30.5,3,9,4,2258
30.5,3,9,5,2266
30.5,3,9,6,2273
30.5,3,9,7,2280
30.5,3,9,8,2287
30.5,3,9,9,2294
30.5,3,9,10,2301
30.5,3,9,11,2308
30.5,3,9,12,2315
30.5,3,9,13,2321
30.5,3,9,14,2328
30.5,3,9,15,2335
30.5,3,10,0,2237
30.5,3,10,1,2244
30.5,3,10,2,2251
30.5,3,10,3,2258
30.5,3,10,4,2266
30.5,3,10,5,2273
30.5,3,10,6,2280
30.5,3,10,7,2287
30.5,3,10,8,2294
30.5,3,10,9,2301
30.5,3,10,10,2308
30.5,3,10,11,2315
30.5,3,10,12,2322
30.5,3,10,13,2329
30.5,3,10,14,2336
30.5,3,10,15,2343
30.5,3,11,0,2244
30.5,3,11,1,2251
30.5,3,11,2,2258
30.5,3,11,3,2266
30.5,3,11,4,2273
30.5,3,11,5,2280
30.5,3,11,6,2287
30.5,3,11,7,2294
30.5,3,11,8,2301
30.5,3,11,9,2308
30.5,3,11,10,2315
30.5,3,11,11,2322
30.5,3,11,12,2329
30.5,3,11,13,2336
30.5,3,11,14,2343
30.5,3,11,15,2350
30.5,3,12,0,2251
30.5,3,12,1,2258
30.5,3,12,2,2265
30.5,3,12,3,2273
30.5,3,12,4,2280
30.5,3,12,5,2287
30.5,3,12,6,2294
30.5,3,12,7,2301
30.5,3,12,8,2308
30.5,3,12,9,2315
30.5,3,12,10,2322
30.5,3,12,11,2329
30.5,3,12,12,2336
30.5,3,12,13,2343
30.5,3,12,14,2350
30.5,3,12,15,2357
30.5,3,13,0,2258
30.5,3,13,1,2265
30.5,3,13,2,2272
30.5,3,13,3,2280
30.5,3,13,4,2287
30.5,3,13,5,2294
30.5,3,13,6,2301
30.5,3,13,7,2308
30.5,3,13,8,2315
30.5,3,13,9,2323
30.5,3,13,10,2330
30.5,3,13,11,2337
30.5,3,13,12,2344
30.5,3,13,13,2351
30.5,3,13,14,2358
30.5,3,13,15,2365
30.5,3,14,0,2265
30.5,3,14,1,2272
30.5,3,14,2,2279
30.5,3,14,3,2287
30.5,3,14,4,2294
30.5,3,14,5,2301
30.5,3,14,6,2308
30.5,3,14,7,2315
30.5,3,14,8,2323
30.5,3,14,9,2330
30.5,3,14,10,2337
30.5,3,14,11,2344
30.5,3,14,12,2351
30.5,3,14,13,2358
30.5,3,14,14,2365
30.5,3,14,15,2372
30.5,3,15,0,2272
30.5,3,15,1,2279
30.5,3,15,2,2286
30.5,3,15,3,2294
30.5,3,15,4,2301
30.5,3,15,5,2308
30.5,3,15,6,2315
30.5,3,15,7,2323
30.5,3,15,8,2330
30.5,3,15,9,2337
30.5,3,15,10,2344
30.5,3,15,11,2351
30.5,3,15,12,2358
30.5,3,15,13,2365
30.5,3,15,14,2372
30.5,3,15,15,2379
30.5,4,0,0,2174
30.5,4,0,1,2181
30.5,4,0,2,2188
30.5,4,0,3,2195
30.5,4,0,4,2201
30.5,4,0,5,2208
30.5,4,0,6,2215
30.5,4,0,7,2222
30.5,4,0,8,2229
30.5,4,0,9,2236
30.5,4,0,10,2243
30.5,4,0,11,2249
30.5,4,0,12,2256
30.5,4,0,13,2263
30.5,4,0,14,2270
30.5,4,0,15,2276
30.5,4,1,0,2181
30.5,4,1,1,2188
30.5,4,1,2,2195
30.5,4,1,3,2202
30.5,4,1,4,2209
30.5,4,1,5,2216
30.5,4,1,6,2223
30.5,4,1,7,2230
30.5,4,1,8,2236
30.5,4,1,9,2243
30.5,4,1,10,2250
30.5,4,1,11,2257
30.5,4,1,12,2264
30.5,4,1,13,2270
30.5,4,1,14,2277
30.5,4,1,15,2284
30.5,4,2,0,2188
30.5,4,2,1,2195
30.5,4,2,2,2202
30.5,4,2,3,2209
30.5,4,2,4,2216
30.5,4,2,5,2223
30.5,4,2,6,2230
30.5,4,2,7,2237
30.5,4,2,8,2244
30.5,4,2,9,2251
30.5,4,2,10,2258
30.5,4,2,11,2264
30.5,4,2,12,2271
30.5,4,2,13,2278
30.5,4,2,14,2285
30.5,4,2,15,2292
30.5,4,3,0,2195
30.5,4,3,1,2202
30.5,4,3,2,2209
30.5,4,3,3,2216
30.5,4,3,4,2224
30.5,4,3,5,2230
30.5,4,3,6,2237
30.5,4,3,7,2244
30.5,4,3,8,2251
30.5,4,3,9,2258
30.5,4,3,10,2265
30.5,4,3,11,2272
30.5,4,3,12,2279
30.5,4,3,13,2286
30.5,4,3,14,2292
30.5,4,3,15,2299
30.5,4,4,0,2203
30.5,4,4,1,2210
30.5,4,4,2,2217
30.5,4,4,3,2224
30.5,4,4,4,2231
30.5,4,4,5,2238
30.5,4,4,6,2245
30.5,4,4,7,2252
30.5,4,4,8,2259
30.5,4,4,9,2266
30.5,4,4,10,2273
30.5,4,4,11,2279
30.5,4,4,12,2286
30.5,4,4,13,2293
30.5,4,4,14,2300
30.5,4,4,15,2307
30.5,4,5,0,2210
30.5,4,5,1,2217
30.5,4,5,2,2224
30.5,4,5,3,2231
30.5,4,5,4,2238
30.5,4,5,5,2245
30.5,4,5,6,2252
30.5,4,5,7,2259
30.5,4,5,8,2266
30.5,4,5,9,2273
30.5,4,5,10,2280
30.5,4,5,11,2287
30.5,4,5,12,2294
30.5,4,5,13,2301
30.5,4,5,14,2307
30.5,4,5,15,2314
30.5,4,6,0,2217
30.5,4,6,1,2224
30.5,4,6,2,2231
30.5,4,6,3,2238
30.5,4,6,4,2245
30.5,4,6,5,2252
30.5,4,6,6,2259
30.5,4,6,7,2266
30.5,4,6,8,2273
30.5,4,6,9,2280
30.5,4,6,10,2287
30.5,4,6,11,2294
30.5,4,6,12,2301
30.5,4,6,13,2308
30.5,4,6,14,2315
30.5,4,6,15,2322
30.5,4,7,0,2224
30.5,4,7,1,2231
30.5,4,7,2,2238
30.5,4,7,3,2245
30.5,4,7,4,2253
30.5,4,7,5,2260
30.5,4,7,6,2267
30.5,4,7,7,2274
30.5,4,7,8,2281
30.5,4,7,9,2288
30.5,4,7,10,2295
30.5,4,7,11,2302
30.5,4,7,12,2309
30.5,4,7,13,2315
30.5,4,7,14,2322
30.5,4,7,15,2329
30.5,4,8,0,2231
30.5,4,8,1,2238
30.5,4,8,2,2246
30.5,4,8,3,2253
30.5,4,8,4,2260
30.5,4,8,5,2267
30.5,4,8,6,2274
30.5,4,8,7,2281
30.5,4,8,8,2288
30.5,4,8,9,2295
30.5,4,8,10,2302
30.5,4,8,11,2309
30.5,4,8,12,2316
30.5,4,8,13,2323
30.5,4,8,14,2330
30.5,4,8,15,2337
30.5,4,9,0,2238
30.5,4,9,1,2245
30.5,4,9,2,2253
30.5,4,9,3,2260
30.5,4,9,4,2267
30.5,4,9,5,2274
30.5,4,9,6,2281
30.5,4,9,7,2288
30.5,4,9,8,2295
30.5,4,9,9,2302
30.5,4,9,10,2309
30.5,4,9,11,2316
30.5,4,9,12,2323
30.5,4,9,13,2330
30.5,4,9,14,2337
30.5,4,9,15,2344
30.5,4,10,0,2245
30.5,4,10,1,2253
30.5,4,10,2,2260
30.5,4,10,3,2267
30.5,4,10,4,2274
30.5,4,10,5,2281
30.5,4,10,6,2288
30.5,4,10,7,2295
30.5,4,10,8,2303
30.5,4,10,9,2310
30.5,4,10,10,2317
30.5,4,10,11,2324
30.5,4,10,12,2331
30.5,4,10,13,2338
30.5,4,10,14,2345
30.5,4,10,15,2352
30.5,4,11,0,2252
30.5,4,11,1,2260
30.5,4,11,2,2267
30.5,4,11,3,2274
30.5,4,11,4,2281
30.5,4,11,5,2288
30.5,4,11,6,2296
30.5,4,11,7,2303
30.5,4,11,8,2310
30.5,4,11,9,2317
30.5,4,11,10,2324
30.5,4,11,11,2331
30.5,4,11,12,2338
30.5,4,11,13,2345
30.5,4,11,14,2352
30.5,4,11,15,2359
30.5,4,12,0,2259
30.5,4,12,1,2267
30.5,4,12,2,2274
30.5,4,12,3,2281
30.5,4,12,4,2288
30.5,4,12,5,2296
30.5,4,12,6,2303
30.5,4,12,7,2310
30.5,4,12,8,2317
30.5,4,12,9,2324
30.5,4,12,10,2331
30.5,4,12,11,2338
30.5,4,12,12,2345
30.5,4,12,13,2352
30.5,4,12,14,2359
30.5,4,12,15,2366
30.5,4,13,0,2266
30.5,4,13,1,2274
30.5,4,13,2,2281
30.5,4,13,3,2288
30.5,4,13,4,2295
30.5,4,13,5,2303
30.5,4,13,6,2310
30.5,4,13,7,2317
30.5,4,13,8,2324
30.5,4,13,9,2331
30.5,4,13,10,2338
30.5,4,13,11,2345
30.5,4,13,12,2353
30.5,4,13,13,2360
30.5,4,13,14,2367
30.5,4,13,15,2374
30.5,4,14,0,2273
30.5,4,14,1,2281
30.5,4,14,2,2288
30.5,4,14,3,2295
30.5,4,14,4,2303
30.5,4,14,5,2310
30.5,4,14,6,2317
30.5,4,14,7,2324
30.5,4,14,8,2331
30.5,4,14,9,2338
30.5,4,14,10,2346
30.5,4,14,11,2353
30.5,4,14,12,2360
30.5,4,14,13,2367
30.5,4,14,14,2374
30.5,4,14,15,2381
30.5,4,15,0,2280
30.5,4,15,1,2288
30.5,4,15,2,2295
30.5,4,15,3,2302
30.5,4,15,4,2310
30.5,4,15,5,2317
30.5,4,15,6,2324
30.5,4,15,7,2331
30.5,4,15,8,2338
30.5,4,15,9,2346
30.5,4,15,10,2353
30.5,4,15,11,2360
30.5,4,15,12,2367
30.5,4,15,13,2374
30.5,4,15,14,2381
30.5,4,15,15,2388
30.5,5,0,0,2182
30.5,5,0,1,2189
30.5,5,0,2,2196
30.5,5,0,3,2203
30.5,5,0,4,2210
30.5,5,0,5,2217
30.5,5,0,6,2224
30.5,5,0,7,2231
30.5,5,0,8,2237
30.5,5,0,9,2244
30.5,5,0,10,2251
30.5,5,0,11,2258
30.5,5,0,12,2265
30.5,5,0,13,2271
30.5,5,0,14,2278
30.5,5,0,15,2285
30.5,5,1,0,2189
30.5,5,1,1,2196
30.5,5,1,2,2203
30.5,5,1,3,2210
30.5,5,1,4,2217
30.5,5,1,5,2224
30.5,5,1,6,2231
30.5,5,1,7,2238
30.5,5,1,8,2245
30.5,5,1,9,2252
30.5,5,1,10,2259
30.5,5,1,11,2265
30.5,5,1,12,2272
30.5,5,1,13,2279
30.5,5,1,14,2286
30.5,5,1,15,2293
30.5,5,2,0,2196
30.5,5,2,1,2203
30.5,5,2,2,2210
30.5,5,2,3,2218
30.5,5,2,4,2225
30.5,5,2,5,2232
30.5,5,2,6,2238
30.5,5,2,7,2245
30.5,5,2,8,2252
30.5,5,2,9,2259
30.5,5,2,10,2266
30.5,5,2,11,2273
30.5,5,2,12,2280
30.5,5,2,13,2287
30.5,5,2,14,2293
30.5,5,2,15,2300
30.5,5,3,0,2204
30.5,5,3,1,2211
30.5,5,3,2,2218
30.5,5,3,3,2225
30.5,5,3,4,2232
30.5,5,3,5,2239
30.5,5,3,6,2246
30.5,5,3,7,2253
30.5,5,3,8,2260
30.5,5,3,9,2267
30.5,5,3,10,2274
30.5,5,3,11,2281
30.5,5,3,12,2287
30.5,5,3,13,2294
30.5,5,3,14,2301
30.5,5,3,15,2308
30.5,5,4,0,2211
30.5,5,4,1,2218
30.5,5,4,2,2225
30.5,5,4,3,2232
30.5,5,4,4,2239
30.5,5,4,5,2246
30.5,5,4,6,2253
30.5,5,4,7,2260
30.5,5,4,8,2267
30.5,5,4,9,2274
30.5,5,4,10,2281
30.5,5,4,11,2288
30.5,5,4,12,2295
30.5,5,4,13,2302
30.5,5,4,14,2309
30.5,5,4,15,2315
30.5,5,5,0,2218
30.5,5,5,1,2225
30.5,5,5,2,2232
30.5,5,5,3,2239
30.5,5,5,4,2247
30.5,5,5,5,2254
30.5,5,5,6,2261
30.5,5,5,7,2268
30.5,5,5,8,2275
30.5,5,5,9,2282
30.5,5,5,10,2289
30.5,5,5,11,2295
30.5,5,5,12,2302
30.5,5,5,13,2309
30.5,5,5,14,2316
30.5,5,5,15,2323
30.5,5,6,0,2225
30.5,5,6,1,2232
30.5,5,6,2,2240
30.5,5,6,3,2247
30.5,5,6,4,2254
30.5,5,6,5,2261
30.5,5,6,6,2268
30.5,5,6,7,2275
30.5,5,6,8,2282
30.5,5,6,9,2289
30.5,5,6,10,2296
30.5,5,6,11,2303
30.5,5,6,12,2310
30.5,5,6,13,2317
30.5,5,6,14,2324
30.5,5,6,15,2330
30.5,5,7,0,2232
30.5,5,7,1,2240
30.5,5,7,2,2247
30.5,5,7,3,2254
30.5,5,7,4,2261
30.5,5,7,5,2268
30.5,5,7,6,2275
30.5,5,7,7,2282
30.5,5,7,8,2289
30.5,5,7,9,2296
30.5,5,7,10,2303
30.5,5,7,11,2310
30.5,5,7,12,2317
30.5,5,7,13,2324
30.5,5,7,14,2331
30.5,5,7,15,2338
30.5,5,8,0,2240
30.5,5,8,1,2247
30.5,5,8,2,2254
30.5,5,8,3,2261
30.5,5,8,4,2268
30.5,5,8,5,2275
30.5,5,8,6,2283
30.5,5,8,7,2290
30.5,5,8,8,2297
30.5,5,8,9,2304
30.5,5,8,10,2311
30.5,5,8,11,2318
30.5,5,8,12,2325
30.5,5,8,13,2332
30.5,5,8,14,2339
30.5,5,8,15,2345
30.5,5,9,0,2247
30.5,5,9,1,2254
30.5,5,9,2,2261
30.5,5,9,3,2268
30.5,5,9,4,2276
30.5,5,9,5,2283
30.5,5,9,6,2290
30.5,5,9,7,2297
30.5,5,9,8,2304
30.5,5,9,9,2311
30.5,5,9,10,2318
30.5,5,9,11,2325
30.5,5,9,12,2332
30.5,5,9,13,2339
30.5,5,9,14,2346
30.5,5,9,15,2353
30.5,5,10,0,2254
30.5,5,10,1,2261
30.5,5,10,2,2268
30.5,5,10,3,2276
30.5,5,10,4,2283
30.5,5,10,5,2290
30.5,5,10,6,2297
30.5,5,10,7,2304
30.5,5,10,8,2311
30.5,5,10,9,2318
30.5,5,10,10,2325
30.5,5,10,11,2332
30.5,5,10,12,2339
30.5,5,10,13,2346
30.5,5,10,14,2353
30.5,5,10,15,2360
30.5,5,11,0,2261
30.5,5,11,1,2268
30.5,5,11,2,2275
30.5,5,11,3,2283
30.5,5,11,4,2290
30.5,5,11,5,2297
30.5,5,11,6,2304
30.5,5,11,7,2311
30.5,5,11,8,2319
30.5,5,11,9,2326
30.5,5,11,10,2333
30.5,5,11,11,2340
30.5,5,11,12,2347
30.5,5,11,13,2354
30.5,5,11,14,2361
30.5,5,11,15,2368
30.5,5,12,0,2268
30.5,5,12,1,2275
30.5,5,12,2,2283
30.5,5,12,3,2290
30.5,5,12,4,2297
30.5,5,12,5,2304
30.5,5,12,6,2311
30.5,5,12,7,2319
30.5,5,12,8,2326
30.5,5,12,9,2333
30.5,5,12,10,2340
30.5,5,12,11,2347
30.5,5,12,12,2354
30.5,5,12,13,2361
30.5,5,12,14,2368
30.5,5,12,15,2375
30.5,5,13,0,2275
30.5,5,13,1,2282
30.5,5,13,2,2290
30.5,5,13,3,2297
30.5,5,13,4,2304
30.5,5,13,5,2311
30.5,5,13,6,2319
30.5,5,13,7,2326
30.5,5,13,8,2333
30.5,5,13,9,2340
30.5,5,13,10,2347
30.5,5,13,11,2354
30.5,5,13,12,2361
30.5,5,13,13,2368
30.5,5,13,14,2376
30.5,5,13,15,2383
30.5,5,14,0,2282
30.5,5,14,1,2289
30.5,5,14,2,2297
30.5,5,14,3,2304
30.5,5,14,4,2311
30.5,5,14,5,2319
30.5,5,14,6,2326
30.5,5,14,7,2333
30.5,5,14,8,2340
30.5,5,14,9,2347
30.5,5,14,10,2354
30.5,5,14,11,2362
30.5,5,14,12,2369
30.5,5,14,13,2376
30.5,5,14,14,2383
30.5,5,14,15,2390
30.5,5,15,0,2289
30.5,5,15,1,2296
30.5,5,15,2,2304
30.5,5,15,3,2311
30.5,5,15,4,2318
30.5,5,15,5,2326
30.5,5,15,6,2333
30.5,5,15,7,2340
30.5,5,15,8,2347
30.5,5,15,9,2355
30.5,5,15,10,2362
30.5,5,15,11,2369
30.5,5,15,12,2376
30.5,5,15,13,2383
30.5,5,15,14,2390
30.5,5,15,15,2397
30.5,6,0,0,2190
30.5,6,0,1,2197
30.5,6,0,2,2204
30.5,6,0,3,2211
30.5,6,0,4,2218
30.5,6,0,5,2225
30.5,6,0,6,2232
30.5,6,0,7,2239
30.5,6,0,8,2246
30.5,6,0,9,2253
30.5,6,0,10,2260
30.5,6,0,11,2266
30.5,6,0,12,2273
30.5,6,0,13,2280
30.5,6,0,14,2287
30.5,6,0,15,2294
30.5,6,1,0,2197
30.5,6,1,1,2204
30.5,6,1,2,2211
30.5,6,1,3,2218
30.5,6,1,4,2225
30.5,6,1,5,2232
30.5,6,1,6,2239
30.5,6,1,7,2246
30.5,6,1,8,2253
30.5,6,1,9,2260
30.5,6,1,10,2267
30.5,6,1,11,2274
30.5,6,1,12,2281
30.5,6,1,13,2288
30.5,6,1,14,2294
30.5,6,1,15,2301
30.5,6,2,0,2205
30.5,6,2,1,2212
30.5,6,2,2,2219
30.5,6,2,3,2226
30.5,6,2,4,2233
30.5,6,2,5,2240
30.5,6,2,6,2247
30.5,6,2,7,2254
30.5,6,2,8,2261
30.5,6,2,9,2268
30.5,6,2,10,2275
30.5,6,2,11,2282
30.5,6,2,12,2288
30.5,6,2,13,2295
30.5,6,2,14,2302
30.5,6,2,15,2309
30.5,6,3,0,2212
30.5,6,3,1,2219
30.5,6,3,2,2226
30.5,6,3,3,2233
30.5,6,3,4,2240
30.5,6,3,5,2247
30.5,6,3,6,2254
30.5,6,3,7,2261
30.5,6,3,8,2268
30.5,6,3,9,2275
30.5,6,3,10,2282
30.5,6,3,11,2289
30.5,6,3,12,2296
30.5,6,3,13,2303
30.5,6,3,14,2310
30.5,6,3,15,2317
30.5,6,4,0,2219
30.5,6,4,1,2226
30.5,6,4,2,2233
30.5,6,4,3,2241
30.5,6,4,4,2248
30.5,6,4,5,2255
30.5,6,4,6,2262
30.5,6,4,7,2269
30.5,6,4,8,2276
30.5,6,4,9,2283
30.5,6,4,10,2290
30.5,6,4,11,2297
30.5,6,4,12,2304
30.5,6,4,13,2310
30.5,6,4,14,2317
30.5,6,4,15,2324
30.5,6,5,0,2226
30.5,6,5,1,2234
30.5,6,5,2,2241
30.5,6,5,3,2248
30.5,6,5,4,2255
30.5,6,5,5,2262
30.5,6,5,6,2269
30.5,6,5,7,2276
30.5,6,5,8,2283
30.5,6,5,9,2290
30.5,6,5,10,2297
30.5,6,5,11,2304
30.5,6,5,12,2311
30.5,6,5,13,2318
30.5,6,5,14,2325
30.5,6,5,15,2332
30.5,6,6,0,2234
30.5,6,6,1,2241
30.5,6,6,2,2248
30.5,6,6,3,2255
30.5,6,6,4,2262
30.5,6,6,5,2269
30.5,6,6,6,2276
30.5,6,6,7,2284
30.5,6,6,8,2291
30.5,6,6,9,2298
30.5,6,6,10,2305
30.5,6,6,11,2312
30.5,6,6,12,2319
30.5,6,6,13,2325
30.5,6,6,14,2332
30.5,6,6,15,2339
30.5,6,7,0,2241
30.5,6,7,1,2248
30.5,6,7,2,2255
30.5,6,7,3,2262
30.5,6,7,4,2270
30.5,6,7,5,2277
30.5,6,7,6,2284
30.5,6,7,7,2291
30.5,6,7,8,2298
30.5,6,7,9,2305
30.5,6,7,10,2312
30.5,6,7,11,2319
30.5,6,7,12,2326
30.5,6,7,13,2333
30.5,6,7,14,2340
30.5,6,7,15,2347
30.5,6,8,0,2248
30.5,6,8,1,2255
30.5,6,8,2,2262
30.5,6,8,3,2270
30.5,6,8,4,2277
30.5,6,8,5,2284
30.5,6,8,6,2291
30.5,6,8,7,2298
30.5,6,8,8,2305
30.5,6,8,9,2312
30.5,6,8,10,2319
30.5,6,8,11,2326
30.5,6,8,12,2333
30.5,6,8,13,2340
30.5,6,8,14,2347
30.5,6,8,15,2354
30.5,6,9,0,2255
30.5,6,9,1,2262
30.5,6,9,2,2270
30.5,6,9,3,2277
30.5,6,9,4,2284
30.5,6,9,5,2291
30.5,6,9,6,2298
30.5,6,9,7,2306
30.5,6,9,8,2313
30.5,6,9,9,2320
30.5,6,9,10,2327
30.5,6,9,11,2334
30.5,6,9,12,2341
30.5,6,9,13,2348
30.5,6,9,14,2355
30.5,6,9,15,2362
30.5,6,10,0,2262
30.5,6,10,1,2270
30.5,6,10,2,2277
30.5,6,10,3,2284
30.5,6,10,4,2291
30.5,6,10,5,2298
30.5,6,10,6,2306
30.5,6,10,7,2313
30.5,6,10,8,2320
30.5,6,10,9,2327
30.5,6,10,10,2334
30.5,6,10,11,2341
30.5,6,10,12,2348
30.5,6,10,13,2355
30.5,6,10,14,2362
30.5,6,10,15,2369
30.5,6,11,0,2269
30.5,6,11,1,2277
30.5,6,11,2,2284
30.5,6,11,3,2291
30.5,6,11,4,2298
30.5,6,11,5,2306
30.5,6,11,6,2313
30.5,6,11,7,2320
30.5,6,11,8,2327
30.5,6,11,9,2334
30.5,6,11,10,2341
30.5,6,11,11,2349
30.5,6,11,12,2356
30.5,6,11,13,2363
30.5,6,11,14,2370
30.5,6,11,15,2377
30.5,6,12,0,2276
30.5,6,12,1,2284
30.5,6,12,2,2291
30.5,6,12,3,2298
30.5,6,12,4,2306
30.5,6,12,5,2313
30.5,6,12,6,2320
30.5,6,12,7,2327
30.5,6,12,8,2334
30.5,6,12,9,2342
30.5,6,12,10,2349
30.5,6,12,11,2356
30.5,6,12,12,2363
30.5,6,12,13,2370
30.5,6,12,14,2377
30.5,6,12,15,2384
30.5,6,13,0,2284
30.5,6,13,1,2291
30.5,6,13,2,2298
30.5,6,13,3,2306
30.5,6,13,4,2313
30.5,6,13,5,2320
30.5,6,13,6,2327
30.5,6,13,7,2335
30.5,6,13,8,2342
30.5,6,13,9,2349
30.5,6,13,10,2356
30.5,6,13,11,2363
30.5,6,13,12,2370
30.5,6,13,13,2377
30.5,6,13,14,2384
30.5,6,13,15,2392
30.5,6,14,0,2291
30.5,6,14,1,2298
30.5,6,14,2,2305
30.5,6,14,3,2313
30.5,6,14,4,2320
30.5,6,14,5,2327
30.5,6,14,6,2334
30.5,6,14,7,2342
30.5,6,14,8,2349
30.5,6,14,9,2356
30.5,6,14,10,2363
30.5,6,14,11,2370
30.5,6,14,12,2378
30.5,6,14,13,2385
30.5,6,14,14,2392
30.5,6,14,15,2399
30.5,6,15,0,2298
30.5,6,15,1,2305
30.5,6,15,2,2312
30.5,6,15,3,2320
30.5,6,15,4,2327
30.5,6,15,5,2334
30.5,6,15,6,2342
30.5,6,15,7,2349
30.5,6,15,8,2356
30.5,6,15,9,2363
30.5,6,15,10,2371
30.5,6,15,11,2378
30.5,6,15,12,2385
30.5,6,15,13,2392
30.5,6,15,14,2399
30.5,6,15,15,2406
30.5,7,0,0,2198
30.5,7,0,1,2205
30.5,7,0,2,2212
30.5,7,0,3,2219
30.5,7,0,4,2226
30.5,7,0,5,2233
30.5,7,0,6,2240
30.5,7,0,7,2247
30.5,7,0,8,2254
30.5,7,0,9,2261
30.5,7,0,10,2268
30.5,7,0,11,2275
30.5,7,0,12,2282
30.5,7,0,13,2289
30.5,7,0,14,2295
30.5,7,0,15,2302
30.5,7,1,0,2206
30.5,7,1,1,2213
30.5,7,1,2,2220
30.5,7,1,3,2227
30.5,7,1,4,2234
30.5,7,1,5,2241
30.5,7,1,6,2248
30.5,7,1,7,2255
30.5,7,1,8,2262
30.5,7,1,9,2269
30.5,7,1,10,2276
30.5,7,1,11,2282
30.5,7,1,12,2289
30.5,7,1,13,2296
30.5,7,1,14,2303
30.5,7,1,15,2310
30.5,7,2,0,2213
30.5,7,2,1,2220
30.5,7,2,2,2227
30.5,7,2,3,2234
30.5,7,2,4,2241
30.5,7,2,5,2248
30.5,7,2,6,2255
30.5,7,2,7,2262
30.5,7,2,8,2269
30.5,7,2,9,2276
30.5,7,2,10,2283
30.5,7,2,11,2290
30.5,7,2,12,2297
30.5,7,2,13,2304
30.5,7,2,14,2311
30.5,7,2,15,2318
30.5,7,3,0,2220
30.5,7,3,1,2227
30.5,7,3,2,2234
30.5,7,3,3,2242
30.5,7,3,4,2249
30.5,7,3,5,2256
30.5,7,3,6,2263
30.5,7,3,7,2270
30.5,7,3,8,2277
30.5,7,3,9,2284
30.5,7,3,10,2291
30.5,7,3,11,2298
30.5,7,3,12,2305
30.5,7,3,13,2311
30.5,7,3,14,2318
30.5,7,3,15,2325
30.5,7,4,0,2227
30.5,7,4,1,2235
30.5,7,4,2,2242
30.5,7,4,3,2249
30.5,7,4,4,2256
30.5,7,4,5,2263
30.5,7,4,6,2270
30.5,7,4,7,2277
30.5,7,4,8,2284
30.5,7,4,9,2291
30.5,7,4,10,2298
30.5,7,4,11,2305
30.5,7,4,12,2312
30.5,7,4,13,2319
30.5,7,4,14,2326
30.5,7,4,15,2333
30.5,7,5,0,2235
30.5,7,5,1,2242
30.5,7,5,2,2249
30.5,7,5,3,2256
30.5,7,5,4,2263
30.5,7,5,5,2271
30.5,7,5,6,2278
30.5,7,5,7,2285
30.5,7,5,8,2292
30.5,7,5,9,2299
30.5,7,5,10,2306
30.5,7,5,11,2313
30.5,7,5,12,2320
30.5,7,5,13,2327
30.5,7,5,14,2334
30.5,7,5,15,2340
30.5,7,6,0,2242
30.5,7,6,1,2249
30.5,7,6,2,2256
30.5,7,6,3,2264
30.5,7,6,4,2271
30.5,7,6,5,2278
30.5,7,6,6,2285
30.5,7,6,7,2292
30.5,7,6,8,2299
30.5,7,6,9,2306
30.5,7,6,10,2313
30.5,7,6,11,2320
30.5,7,6,12,2327
30.5,7,6,13,2334
30.5,7,6,14,2341
30.5,7,6,15,2348
30.5,7,7,0,2249
30.5,7,7,1,2256
30.5,7,7,2,2264
30.5,7,7,3,2271
30.5,7,7,4,2278
30.5,7,7,5,2285
30.5,7,7,6,2292
30.5,7,7,7,2299
30.5,7,7,8,2307
30.5,7,7,9,2314
30.5,7,7,10,2321
30.5,7,7,11,2328
30.5,7,7,12,2335
30.5,7,7,13,2342
30.5,7,7,14,2349
30.5,7,7,15,2356
30.5,7,8,0,2256
30.5,7,8,1,2264
30.5,7,8,2,2271
30.5,7,8,3,2278
30.5,7,8,4,2285
30.5,7,8,5,2293
30.5,7,8,6,2300
30.5,7,8,7,2307
30.5,7,8,8,2314
30.5,7,8,9,2321
30.5,7,8,10,2328
30.5,7,8,11,2335
30.5,7,8,12,2342
30.5,7,8,13,2349
30.5,7,8,14,2356
30.5,7,8,15,2363
30.5,7,9,0,2264
30.5,7,9,1,2271
30.5,7,9,2,2278
30.5,7,9,3,2285
30.5,7,9,4,2293
30.5,7,9,5,2300
30.5,7,9,6,2307
30.5,7,9,7,2314
30.5,7,9,8,2321
30.5,7,9,9,2328
30.5,7,9,10,2336
30.5,7,9,11,2343
30.5,7,9,12,2350
30.5,7,9,13,2357
30.5,7,9,14,2364
30.5,7,9,15,2371
30.5,7,10,0,2271
30.5,7,10,1,2278
30.5,7,10,2,2285
30.5,7,10,3,2293
30.5,7,10,4,2300
30.5,7,10,5,2307
30.5,7,10,6,2314
30.5,7,10,7,2321
30.5,7,10,8,2329
30.5,7,10,9,2336
30.5,7,10,10,2343
30.5,7,10,11,2350
30.5,7,10,12,2357
30.5,7,10,13,2364
30.5,7,10,14,2371
30.5,7,10,15,2378
30.5,7,11,0,2278
30.5,7,11,1,2285
30.5,7,11,2,2293
30.5,7,11,3,2300
30.5,7,11,4,2307
30.5,7,11,5,2314
30.5,7,11,6,2322
30.5,7,11,7,2329
30.5,7,11,8,2336
30.5,7,11,9,2343
30.5,7,11,10,2350
30.5,7,11,11,2357
30.5,7,11,12,2364
30.5,7,11,13,2372
30.5,7,11,14,2379
30.5,7,11,15,2386
30.5,7,12,0,2285
30.5,7,12,1,2292
30.5,7,12,2,2300
30.5,7,12,3,2307
30.5,7,12,4,2314
30.5,7,12,5,2322
30.5,7,12,6,2329
30.5,7,12,7,2336
30.5,7,12,8,2343
30.5,7,12,9,2350
30.5,7,12,10,2358
30.5,7,12,11,2365
30.5,7,12,12,2372
30.5,7,12,13,2379
30.5,7,12,14,2386
30.5,7,12,15,2393
30.5,7,13,0,2292
30.5,7,13,1,2299
30.5,7,13,2,2307
30.5,7,13,3,2314
30.5,7,13,4,2321
30.5,7,13,5,2329
30.5,7,13,6,2336
30.5,7,13,7,2343
30.5,7,13,8,2351
30.5,7,13,9,2358
30.5,7,13,10,2365
30.5,7,13,11,2372
30.5,7,13,12,2379
30.5,7,13,13,2386
30.5,7,13,14,2393
30.5,7,13,15,2400
30.5,7,14,0,2299
30.5,7,14,1,2307
30.5,7,14,2,2314
30.5,7,14,3,2321
30.5,7,14,4,2329
30.5,7,14,5,2336
30.5,7,14,6,2343
30.5,7,14,7,2351
30.5,7,14,8,2358
30.5,7,14,9,2365
30.5,7,14,10,2372
30.5,7,14,11,2379
30.5,7,14,12,2387
30.5,7,14,13,2394
30.5,7,14,14,2401
30.5,7,14,15,2408
30.5,7,15,0,2306
30.5,7,15,1,2314
30.5,7,15,2,2321
30.5,7,15,3,2328
30.5,7,15,4,2336
30.5,7,15,5,2343
30.5,7,15,6,2350
30.5,7,15,7,2358
30.5,7,15,8,2365
30.5,7,15,9,2372
30.5,7,15,10,2379
30.5,7,15,11,2387
30.5,7,15,12,2394
30.5,7,15,13,2401
30.5,7,15,14,2408
30.5,7,15,15,2415
30.5,8,0,0,2206
30.5,8,0,1,2213
30.5,8,0,2,2221
30.5,8,0,3,2228
30.5,8,0,4,2235
30.5,8,0,5,2242
30.5,8,0,6,2249
30.5,8,0,7,2256
30.5,8,0,8,2263
30.5,8,0,9,2270
30.5,8,0,10,2276
30.5,8,0,11,2283
30.5,8,0,12,2290
30.5,8,0,13,2297
30.5,8,0,14,2304
30.5,8,0,15,2311
30.5,8,1,0,2214
30.5,8,1,1,2221
30.5,8,1,2,2228
30.5,8,1,3,2235
30.5,8,1,4,2242
30.5,8,1,5,2249
30.5,8,1,6,2256
30.5,8,1,7,2263
30.5,8,1,8,2270
30.5,8,1,9,2277
30.5,8,1,10,2284
30.5,8,1,11,2291
30.5,8,1,12,2298
30.5,8,1,13,2305
30.5,8,1,14,2312
30.5,8,1,15,2318
30.5,8,2,0,2221
30.5,8,2,1,2228
30.5,8,2,2,2235
30.5,8,2,3,2243
30.5,8,2,4,2250
30.5,8,2,5,2257
30.5,8,2,6,2264
30.5,8,2,7,2271
30.5,8,2,8,2278
30.5,8,2,9,2285
30.5,8,2,10,2292
30.5,8,2,11,2299
30.5,8,2,12,2306
30.5,8,2,13,2312
30.5,8,2,14,2319
30.5,8,2,15,2326
30.5,8,3,0,2228
30.5,8,3,1,2236
30.5,8,3,2,2243
30.5,8,3,3,2250
30.5,8,3,4,2257
30.5,8,3,5,2264
30.5,8,3,6,2271
30.5,8,3,7,2278
30.5,8,3,8,2285
30.5,8,3,9,2292
30.5,8,3,10,2299
30.5,8,3,11,2306
30.5,8,3,12,2313
30.5,8,3,13,2320
30.5,8,3,14,2327
30.5,8,3,15,2334
30.5,8,4,0,2236
30.5,8,4,1,2243
30.5,8,4,2,2250
30.5,8,4,3,2257
30.5,8,4,4,2264
30.5,8,4,5,2272
30.5,8,4,6,2279
30.5,8,4,7,2286
30.5,8,4,8,2293
30.5,8,4,9,2300
30.5,8,4,10,2307
30.5,8,4,11,2314
30.5,8,4,12,2321
30.5,8,4,13,2328
30.5,8,4,14,2335
30.5,8,4,15,2342
30.5,8,5,0,2243
30.5,8,5,1,2250
30.5,8,5,2,2258
30.5,8,5,3,2265
30.5,8,5,4,2272
30.5,8,5,5,2279
30.5,8,5,6,2286
30.5,8,5,7,2293
30.5,8,5,8,2300
30.5,8,5,9,2307
30.5,8,5,10,2314
30.5,8,5,11,2321
30.5,8,5,12,2328
30.5,8,5,13,2335
30.5,8,5,14,2342
30.5,8,5,15,2349
30.5,8,6,0,2250
30.5,8,6,1,2258
30.5,8,6,2,2265
30.5,8,6,3,2272
30.5,8,6,4,2279
30.5,8,6,5,2286
30.5,8,6,6,2294
30.5,8,6,7,2301
30.5,8,6,8,2308
30.5,8,6,9,2315
30.5,8,6,10,2322
30.5,8,6,11,2329
30.5,8,6,12,2336
30.5,8,6,13,2343
30.5,8,6,14,2350
30.5,8,6,15,2357
30.5,8,7,0,2258
30.5,8,7,1,2265
30.5,8,7,2,2272
30.5,8,7,3,2279
30.5,8,7,4,2287
30.5,8,7,5,2294
30.5,8,7,6,2301
30.5,8,7,7,2308
30.5,8,7,8,2315
30.5,8,7,9,2322
30.5,8,7,10,2329
30.5,8,7,11,2336
30.5,8,7,12,2343
30.5,8,7,13,2350
30.5,8,7,14,2357
30.5,8,7,15,2364
30.5,8,8,0,2265
30.5,8,8,1,2272
30.5,8,8,2,2279
30.5,8,8,3,2287
30.5,8,8,4,2294
30.5,8,8,5,2301
30.5,8,8,6,2308
30.5,8,8,7,2315
30.5,8,8,8,2323
30.5,8,8,9,2330
30.5,8,8,10,2337
30.5,8,8,11,2344
30.5,8,8,12,2351
30.5,8,8,13,2358
30.5,8,8,14,2365
30.5,8,8,15,2372
30.5,8,9,0,2272
30.5,8,9,1,2279
30.5,8,9,2,2287
30.5,8,9,3,2294
30.5,8,9,4,2301
30.5,8,9,5,2308
30.5,8,9,6,2316
30.5,8,9,7,2323
30.5,8,9,8,2330
30.5,8,9,9,2337
30.5,8,9,10,2344
30.5,8,9,11,2351
30.5,8,9,12,2358
30.5,8,9,13,2365
30.5,8,9,14,2372
30.5,8,9,15,2379
30.5,8,10,0,2279
30.5,8,10,1,2287
30.5,8,10,2,2294
30.5,8,10,3,2301
30.5,8,10,4,2308
30.5,8,10,5,2316
30.5,8,10,6,2323
30.5,8,10,7,2330
30.5,8,10,8,2337
30.5,8,10,9,2344
30.5,8,10,10,2352
30.5,8,10,11,2359
30.5,8,10,12,2366
30.5,8,10,13,2373
30.5,8,10,14,2380
30.5,8,10,15,2387
30.5,8,11,0,2286
30.5,8,11,1,2294
30.5,8,11,2,2301
30.5,8,11,3,2308
30.5,8,11,4,2316
30.5,8,11,5,2323
30.5,8,11,6,2330
30.5,8,11,7,2337
30.5,8,11,8,2345
30.5,8,11,9,2352
30.5,8,11,10,2359
30.5,8,11,11,2366
30.5,8,11,12,2373
30.5,8,11,13,2380
30.5,8,11,14,2387
30.5,8,11,15,2394
30.5,8,12,0,2294
30.5,8,12,1,2301
30.5,8,12,2,2308
30.5,8,12,3,2316
30.5,8,12,4,2323
30.5,8,12,5,2330
30.5,8,12,6,2338
30.5,8,12,7,2345
30.5,8,12,8,2352
30.5,8,12,9,2359
30.5,8,12,10,2366
30.5,8,12,11,2374
30.5,8,12,12,2381
30.5,8,12,13,2388
30.5,8,12,14,2395
30.5,8,12,15,2402
30.5,8,13,0,2301
30.5,8,13,1,2308
30.5,8,13,2,2315
30.5,8,13,3,2323
30.5,8,13,4,2330
30.5,8,13,5,2337
30.5,8,13,6,2345
30.5,8,13,7,2352
30.5,8,13,8,2359
30.5,8,13,9,2367
30.5,8,13,10,2374
30.5,8,13,11,2381
30.5,8,13,12,2388
30.5,8,13,13,2395
30.5,8,13,14,2402
30.5,8,13,15,2409
30.5,8,14,0,2308
30.5,8,14,1,2315
30.5,8,14,2,2323
30.5,8,14,3,2330
30.5,8,14,4,2337
30.5,8,14,5,2345
30.5,8,14,6,2352
30.5,8,14,7,2359
30.5,8,14,8,2367
30.5,8,14,9,2374
30.5,8,14,10,2381
30.5,8,14,11,2388
30.5,8,14,12,2395
30.5,8,14,13,2403
30.5,8,14,14,2410
30.5,8,14,15,2417
30.5,8,15,0,2315
30.5,8,15,1,2322
30.5,8,15,2,2330
30.5,8,15,3,2337
30.5,8,15,4,2344
30.5,8,15,5,2352
30.5,8,15,6,2359
30.5,8,15,7,2367
30.5,8,15,8,2374
30.5,8,15,9,2381
30.5,8,15,10,2388
30.5,8,15,11,2396
30.5,8,15,12,2403
30.5,8,15,13,2410
30.5,8,15,14,2417
30.5,8,15,15,2424
30.5,9,0,0,2215
30.5,9,0,1,2222
30.5,9,0,2,2229
30.5,9,0,3,2236
30.5,9,0,4,2243
30.5,9,0,5,2250
30.5,9,0,6,2257
30.5,9,0,7,2264
30.5,9,0,8,2271
30.5,9,0,9,2278
30.5,9,0,10,2285
30.5,9,0,11,2292
30.5,9,0,12,2299
30.5,9,0,13,2306
30.5,9,0,14,2312
30.5,9,0,15,2319
30.5,9,1,0,2222
30.5,9,1,1,2229
30.5,9,1,2,2236
30.5,9,1,3,2243
30.5,9,1,4,2251
30.5,9,1,5,2258
30.5,9,1,6,2265
30.5,9,1,7,2272
30.5,9,1,8,2279
30.5,9,1,9,2286
30.5,9,1,10,2293
30.5,9,1,11,2300
30.5,9,1,12,2306
30.5,9,1,13,2313
30.5,9,1,14,2320
30.5,9,1,15,2327
30.5,9,2,0,2229
30.5,9,2,1,2237
30.5,9,2,2,2244
30.5,9,2,3,2251
30.5,9,2,4,2258
30.5,9,2,5,2265
30.5,9,2,6,2272
30.5,9,2,7,2279
30.5,9,2,8,2286
30.5,9,2,9,2293
30.5,9,2,10,2300
30.5,9,2,11,2307
30.5,9,2,12,2314
30.5,9,2,13,2321
30.5,9,2,14,2328
30.5,9,2,15,2335
30.5,9,3,0,2237
30.5,9,3,1,2244
30.5,9,3,2,2251
30.5,9,3,3,2258
30.5,9,3,4,2265
30.5,9,3,5,2273
30.5,9,3,6,2280
30.5,9,3,7,2287
30.5,9,3,8,2294
30.5,9,3,9,2301
30.5,9,3,10,2308
30.5,9,3,11,2315
30.5,9,3,12,2322
30.5,9,3,13,2329
30.5,9,3,14,2336
30.5,9,3,15,2343
30.5,9,4,0,2244
30.5,9,4,1,2251
30.5,9,4,2,2259
30.5,9,4,3,2266
30.5,9,4,4,2273
30.5,9,4,5,2280
30.5,9,4,6,2287
30.5,9,4,7,2294
30.5,9,4,8,2301
30.5,9,4,9,2308
30.5,9,4,10,2315
30.5,9,4,11,2322
30.5,9,4,12,2329
30.5,9,4,13,2336
30.5,9,4,14,2343
30.5,9,4,15,2350
30.5,9,5,0,2251
30.5,9,5,1,2259
30.5,9,5,2,2266
30.5,9,5,3,2273
30.5,9,5,4,2280
30.5,9,5,5,2287
30.5,9,5,6,2295
30.5,9,5,7,2302
30.5,9,5,8,2309
30.5,9,5,9,2316
30.5,9,5,10,2323
30.5,9,5,11,2330
30.5,9,5,12,2337
30.5,9,5,13,2344
30.5,9,5,14,2351
30.5,9,5,15,2358
30.5,9,6,0,2259
30.5,9,6,1,2266
30.5,9,6,2,2273
30.5,9,6,3,2281
30.5,9,6,4,2288
30.5,9,6,5,2295
30.5,9,6,6,2302
30.5,9,6,7,2309
30.5,9,6,8,2316
30.5,9,6,9,2323
30.5,9,6,10,2330
30.5,9,6,11,2338
30.5,9,6,12,2345
30.5,9,6,13,2352
30.5,9,6,14,2359
30.5,9,6,15,2366
30.5,9,7,0,2266
30.5,9,7,1,2273
30.5,9,7,2,2281
30.5,9,7,3,2288
30.5,9,7,4,2295
30.5,9,7,5,2302
30.5,9,7,6,2309
30.5,9,7,7,2317
30.5,9,7,8,2324
30.5,9,7,9,2331
30.5,9,7,10,2338
30.5,9,7,11,2345
30.5,9,7,12,2352
30.5,9,7,13,2359
30.5,9,7,14,2366
30.5,9,7,15,2373
30.5,9,8,0,2273
30.5,9,8,1,2281
30.5,9,8,2,2288
30.5,9,8,3,2295
30.5,9,8,4,2302
30.5,9,8,5,2310
30.5,9,8,6,2317
30.5,9,8,7,2324
30.5,9,8,8,2331
30.5,9,8,9,2338
30.5,9,8,10,2345
30.5,9,8,11,2353
30.5,9,8,12,2360
30.5,9,8,13,2367
30.5,9,8,14,2374
30.5,9,8,15,2381
30.5,9,9,0,2281
30.5,9,9,1,2288
30.5,9,9,2,2295
30.5,9,9,3,2302
30.5,9,9,4,2310
30.5,9,9,5,2317
30.5,9,9,6,2324
30.5,9,9,7,2331
30.5,9,9,8,2339
30.5,9,9,9,2346
30.5,9,9,10,2353
30.5,9,9,11,2360
30.5,9,9,12,2367
30.5,9,9,13,2374
30.5,9,9,14,2381
30.5,9,9,15,2388
30.5,9,10,0,2288
30.5,9,10,1,2295
30.5,9,10,2,2302
30.5,9,10,3,2310
30.5,9,10,4,2317
30.5,9,10,5,2324
30.5,9,10,6,2332
30.5,9,10,7,2339
30.5,9,10,8,2346
30.5,9,10,9,2353
30.5,9,10,10,2360
30.5,9,10,11,2368
30.5,9,10,12,2375
30.5,9,10,13,2382
30.5,9,10,14,2389
30.5,9,10,15,2396
30.5,9,11,0,2295
30.5,9,11,1,2302
30.5,9,11,2,2310
30.5,9,11,3,2317
30.5,9,11,4,2324
30.5,9,11,5,2332
30.5,9,11,6,2339
30.5,9,11,7,2346
30.5,9,11,8,2353
30.5,9,11,9,2361
30.5,9,11,10,2368
30.5,9,11,11,2375
30.5,9,11,12,2382
30.5,9,11,13,2389
30.5,9,11,14,2396
30.5,9,11,15,2403
30.5,9,12,0,2302
30.5,9,12,1,2309
30.5,9,12,2,2317
30.5,9,12,3,2324
30.5,9,12,4,2332
30.5,9,12,5,2339
30.5,9,12,6,2346
30.5,9,12,7,2353
30.5,9,12,8,2361
30.5,9,12,9,2368
30.5,9,12,10,2375
30.5,9,12,11,2382
30.5,9,12,12,2390
30.5,9,12,13,2397
30.5,9,12,14,2404
30.5,9,12,15,2411
30.5,9,13,0,2309
30.5,9,13,1,2317
30.5,9,13,2,2324
30.5,9,13,3,2331
30.5,9,13,4,2339
30.5,9,13,5,2346
30.5,9,13,6,2353
30.5,9,13,7,2361
30.5,9,13,8,2368
30.5,9,13,9,2375
30.5,9,13,10,2383
30.5,9,13,11,2390
30.5,9,13,12,2397
30.5,9,13,13,2404
30.5,9,13,14,2411
30.5,9,13,15,2418
30.5,9,14,0,2316
30.5,9,14,1,2324
30.5,9,14,2,2331
30.5,9,14,3,2339
30.5,9,14,4,2346
30.5,9,14,5,2353
30.5,9,14,6,2361
30.5,9,14,7,2368
30.5,9,14,8,2375
30.5,9,14,9,2383
30.5,9,14,10,2390
30.5,9,14,11,2397
30.5,9,14,12,2404
30.5,9,14,13,2412
30.5,9,14,14,2419
30.5,9,14,15,2426
30.5,9,15,0,2323
30.5,9,15,1,2331
30.5,9,15,2,2338
30.5,9,15,3,2346
30.5,9,15,4,2353
30.5,9,15,5,2361
30.5,9,15,6,2368
30.5,9,15,7,2375
30.5,9,15,8,2383
30.5,9,15,9,2390
30.5,9,15,10,2397
30.5,9,15,11,2404
30.5,9,15,12,2412
30.5,9,15,13,2419
30.5,9,15,14,2426
30.5,9,15,15,2433
30.5,10,0,0,2223
30.5,10,0,1,2230
30.5,10,0,2,2237
30.5,10,0,3,2244
30.5,10,0,4,2251
30.5,10,0,5,2258
30.5,10,0,6,2265
30.5,10,0,7,2272
30.5,10,0,8,2279
30.5,10,0,9,2286
30.5,10,0,10,2293
30.5,10,0,11,2300
30.5,10,0,12,2307
30.5,10,0,13,2314
30.5,10,0,14,2321
30.5,10,0,15,2328
30.5,10,1,0,2230
30.5,10,1,1,2237
30.5,10,1,2,2245
30.5,10,1,3,2252
30.5,10,1,4,2259
30.5,10,1,5,2266
30.5,10,1,6,2273
30.5,10,1,7,2280
30.5,10,1,8,2287
30.5,10,1,9,2294
30.5,10,1,10,2301
30.5,10,1,11,2308
30.5,10,1,12,2315
30.5,10,1,13,2322
30.5,10,1,14,2329
30.5,10,1,15,2336
30.5,10,2,0,2238
30.5,10,2,1,2245
30.5,10,2,2,2252
30.5,10,2,3,2259
30.5,10,2,4,2266
30.5,10,2,5,2273
30.5,10,2,6,2281
30.5,10,2,7,2288
30.5,10,2,8,2295
30.5,10,2,9,2302
30.5,10,2,10,2309
30.5,10,2,11,2316
30.5,10,2,12,2323
30.5,10,2,13,2330
30.5,10,2,14,2337
30.5,10,2,15,2343
30.5,10,3,0,2245
30.5,10,3,1,2252
30.5,10,3,2,2260
30.5,10,3,3,2267
30.5,10,3,4,2274
30.5,10,3,5,2281
30.5,10,3,6,2288
30.5,10,3,7,2295
30.5,10,3,8,2302
30.5,10,3,9,2309
30.5,10,3,10,2316
30.5,10,3,11,2323
30.5,10,3,12,2330
30.5,10,3,13,2337
30.5,10,3,14,2344
30.5,10,3,15,2351
30.5,10,4,0,2252
30.5,10,4,1,2260
30.5,10,4,2,2267
30.5,10,4,3,2274
30.5,10,4,4,2281
30.5,10,4,5,2288
30.5,10,4,6,2296
30.5,10,4,7,2303
30.5,10,4,8,2310
30.5,10,4,9,2317
30.5,10,4,10,2324
30.5,10,4,11,2331
30.5,10,4,12,2338
30.5,10,4,13,2345
30.5,10,4,14,2352
30.5,10,4,15,2359
30.5,10,5,0,2260
30.5,10,5,1,2267
30.5,10,5,2,2274
30.5,10,5,3,2282
30.5,10,5,4,2289
30.5,10,5,5,2296
30.5,10,5,6,2303
30.5,10,5,7,2310
30.5,10,5,8,2317
30.5,10,5,9,2324
30.5,10,5,10,2332
30.5,10,5,11,2339
30.5,10,5,12,2346
30.5,10,5,13,2353
30.5,10,5,14,2360
30.5,10,5,15,2367
30.5,10,6,0,2267
30.5,10,6,1,2274
30.5,10,6,2,2282
30.5,10,6,3,2289
30.5,10,6,4,2296
30.5,10,6,5,2303
30.5,10,6,6,2311
30.5,10,6,7,2318
30.5,10,6,8,2325
30.5,10,6,9,2332
30.5,10,6,10,2339
30.5,10,6,11,2346
30.5,10,6,12,2353
30.5,10,6,13,2360
30.5,10,6,14,2367
30.5,10,6,15,2374
30.5,10,7,0,2274
30.5,10,7,1,2282
30.5,10,7,2,2289
30.5,10,7,3,2296
30.5,10,7,4,2304
30.5,10,7,5,2311
30.5,10,7,6,2318
30.5,10,7,7,2325
30.5,10,7,8,2332
30.5,10,7,9,2340
30.5,10,7,10,2347
30.5,10,7,11,2354
30.5,10,7,12,2361
30.5,10,7,13,2368
30.5,10,7,14,2375
30.5,10,7,15,2382
30.5,10,8,0,2282
30.5,10,8,1,2289
30.5,10,8,2,2296
30.5,10,8,3,2304
30.5,10,8,4,2311
30.5,10,8,5,2318
30.5,10,8,6,2325
30.5,10,8,7,2333
30.5,10,8,8,2340
30.5,10,8,9,2347
30.5,10,8,10,2354
30.5,10,8,11,2361
30.5,10,8,12,2368
30.5,10,8,13,2375
30.5,10,8,14,2383
30.5,10,8,15,2390
30.5,10,9,0,2289
30.5,10,9,1,2296
30.5,10,9,2,2304
30.5,10,9,3,2311
30.5,10,9,4,2318
30.5,10,9,5,2326
30.5,10,9,6,2333
30.5,10,9,7,2340
30.5,10,9,8,2347
30.5,10,9,9,2354
30.5,10,9,10,2362
30.5,10,9,11,2369
30.5,10,9,12,2376
30.5,10,9,13,2383
30.5,10,9,14,2390
30.5,10,9,15,2397
30.5,10,10,0,2296
30.5,10,10,1,2304
30.5,10,10,2,2311
30.5,10,10,3,2318
30.5,10,10,4,2326
30.5,10,10,5,2333
30.5,10,10,6,2340
30.5,10,10,7,2347
30.5,10,10,8,2355
30.5,10,10,9,2362
30.5,10,10,10,2369
30.5,10,10,11,2376
30.5,10,10,12,2383
30.5,10,10,13,2391
30.5,10,10,14,2398
30.5,10,10,15,2405
30.5,10,11,0,2303
30.5,10,11,1,2311
30.5,10,11,2,2318
30.5,10,11,3,2326
30.5,10,11,4,2333
30.5,10,11,5,2340
30.5,10,11,6,2348
30.5,10,11,7,2355
30.5,10,11,8,2362
30.5,10,11,9,2369
30.5,10,11,10,2377
30.5,10,11,11,2384
30.5,10,11,12,2391
30.5,10,11,13,2398
30.5,10,11,14,2405
30.5,10,11,15,2412
30.5,10,12,0,2311
30.5,10,12,1,2318
30.5,10,12,2,2325
30.5,10,12,3,2333
30.5,10,12,4,2340
30.5,10,12,5,2348
30.5,10,12,6,2355
30.5,10,12,7,2362
30.5,10,12,8,2369
30.5,10,12,9,2377
30.5,10,12,10,2384
30.5,10,12,11,2391
30.5,10,12,12,2398
30.5,10,12,13,2406
30.5,10,12,14,2413
30.5,10,12,15,2420
30.5,10,13,0,2318
30.5,10,13,1,2325
30.5,10,13,2,2333
30.5,10,13,3,2340
30.5,10,13,4,2347
30.5,10,13,5,2355
30.5,10,13,6,2362
30.5,10,13,7,2370
30.5,10,13,8,2377
30.5,10,13,9,2384
30.5,10,13,10,2391
30.5,10,13,11,2399
30.5,10,13,12,2406
30.5,10,13,13,2413
30.5,10,13,14,2420
30.5,10,13,15,2427
30.5,10,14,0,2325
30.5,10,14,1,2332
30.5,10,14,2,2340
30.5,10,14,3,2347
30.5,10,14,4,2355
30.5,10,14,5,2362
30.5,10,14,6,2369
30.5,10,14,7,2377
30.5,10,14,8,2384
30.5,10,14,9,2391
30.5,10,14,10,2399
30.5,10,14,11,2406
30.5,10,14,12,2413
30.5,10,14,13,2420
30.5,10,14,14,2428
30.5,10,14,15,2435
30.5,10,15,0,2332
30.5,10,15,1,2340
30.5,10,15,2,2347
30.5,10,15,3,2354
30.5,10,15,4,2362
30.5,10,15,5,2369
30.5,10,15,6,2377
30.5,10,15,7,2384
30.5,10,15,8,2391
30.5,10,15,9,2399
30.5,10,15,10,2406
30.5,10,15,11,2413
30.5,10,15,12,2421
30.5,10,15,13,2428
30.5,10,15,14,2435
30.5,10,15,15,2442
30.5,11,0,0,2231
30.5,11,0,1,2238
30.5,11,0,2,2245
30.5,11,0,3,2252
30.5,11,0,4,2260
30.5,11,0,5,2267
30.5,11,0,6,2274
30.5,11,0,7,2281
30.5,11,0,8,2288
30.5,11,0,9,2295
30.5,11,0,10,2302
30.5,11,0,11,2309
30.5,11,0,12,2316
30.5,11,0,13,2323
30.5,11,0,14,2330
30.5,11,0,15,2336
30.5,11,1,0,2238
30.5,11,1,1,2246
30.5,11,1,2,2253
30.5,11,1,3,2260
30.5,11,1,4,2267
30.5,11,1,5,2274
30.5,11,1,6,2281
30.5,11,1,7,2288
30.5,11,1,8,2296
30.5,11,1,9,2303
30.5,11,1,10,2310
30.5,11,1,11,2317
30.5,11,1,12,2324
30.5,11,1,13,2330
30.5,11,1,14,2337
30.5,11,1,15,2344
30.5,11,2,0,2246
30.5,11,2,1,2253
30.5,11,2,2,2260
30.5,11,2,3,2268
30.5,11,2,4,2275
30.5,11,2,5,2282
30.5,11,2,6,2289
30.5,11,2,7,2296
30.5,11,2,8,2303
30.5,11,2,9,2310
30.5,11,2,10,2317
30.5,11,2,11,2324
30.5,11,2,12,2331
30.5,11,2,13,2338
30.5,11,2,14,2345
30.5,11,2,15,2352
30.5,11,3,0,2253
30.5,11,3,1,2261
30.5,11,3,2,2268
30.5,11,3,3,2275
30.5,11,3,4,2282
30.5,11,3,5,2289
30.5,11,3,6,2297
30.5,11,3,7,2304
30.5,11,3,8,2311
30.5,11,3,9,2318
30.5,11,3,10,2325
30.5,11,3,11,2332
30.5,11,3,12,2339
30.5,11,3,13,2346
30.5,11,3,14,2353
30.5,11,3,15,2360
30.5,11,4,0,2261
30.5,11,4,1,2268
30.5,11,4,2,2275
30.5,11,4,3,2283
30.5,11,4,4,2290
30.5,11,4,5,2297
30.5,11,4,6,2304
30.5,11,4,7,2311
30.5,11,4,8,2318
30.5,11,4,9,2325
30.5,11,4,10,2333
30.5,11,4,11,2340
30.5,11,4,12,2347
30.5,11,4,13,2354
30.5,11,4,14,2361
30.5,11,4,15,2368
30.5,11,5,0,2268
30.5,11,5,1,2275
30.5,11,5,2,2283
30.5,11,5,3,2290
30.5,11,5,4,2297
30.5,11,5,5,2304
30.5,11,5,6,2312
30.5,11,5,7,2319
30.5,11,5,8,2326
30.5,11,5,9,2333
30.5,11,5,10,2340
30.5,11,5,11,2347
30.5,11,5,12,2354
30.5,11,5,13,2361
30.5,11,5,14,2368
30.5,11,5,15,2375
30.5,11,6,0,2275
30.5,11,6,1,2283
30.5,11,6,2,2290
30.5,11,6,3,2297
30.5,11,6,4,2305
30.5,11,6,5,2312
30.5,11,6,6,2319
30.5,11,6,7,2326
30.5,11,6,8,2333
30.5,11,6,9,2341
30.5,11,6,10,2348
30.5,11,6,11,2355
30.5,11,6,12,2362
30.5,11,6,13,2369
30.5,11,6,14,2376
30.5,11,6,15,2383
30.5,11,7,0,2283
30.5,11,7,1,2290
30.5,11,7,2,2297
30.5,11,7,3,2305
30.5,11,7,4,2312
30.5,11,7,5,2319
30.5,11,7,6,2327
30.5,11,7,7,2334
30.5,11,7,8,2341
30.5,11,7,9,2348
30.5,11,7,10,2355
30.5,11,7,11,2362
30.5,11,7,12,2370
30.5,11,7,13,2377
30.5,11,7,14,2384
30.5,11,7,15,2391
30.5,11,8,0,2290
30.5,11,8,1,2297
30.5,11,8,2,2305
30.5,11,8,3,2312
30.5,11,8,4,2319
30.5,11,8,5,2327
30.5,11,8,6,2334
30.5,11,8,7,2341
30.5,11,8,8,2348
30.5,11,8,9,2356
30.5,11,8,10,2363
30.5,11,8,11,2370
30.5,11,8,12,2377
30.5,11,8,13,2384
30.5,11,8,14,2391
30.5,11,8,15,2398
30.5,11,9,0,2297
30.5,11,9,1,2305
30.5,11,9,2,2312
30.5,11,9,3,2320
30.5,11,9,4,2327
30.5,11,9,5,2334
30.5,11,9,6,2341
30.5,11,9,7,2349
30.5,11,9,8,2356
30.5,11,9,9,2363
30.5,11,9,10,2370
30.5,11,9,11,2378
30.5,11,9,12,2385
30.5,11,9,13,2392
30.5,11,9,14,2399
30.5,11,9,15,2406
30.5,11,10,0,2305
30.5,11,10,1,2312
30.5,11,10,2,2319
30.5,11,10,3,2327
30.5,11,10,4,2334
30.5,11,10,5,2342
30.5,11,10,6,2349
30.5,11,10,7,2356
30.5,11,10,8,2363
30.5,11,10,9,2371
30.5,11,10,10,2378
30.5,11,10,11,2385
30.5,11,10,12,2392
30.5,11,10,13,2399
30.5,11,10,14,2407
30.5,11,10,15,2414
30.5,11,11,0,2312
30.5,11,11,1,2319
30.5,11,11,2,2327
30.5,11,11,3,2334
30.5,11,11,4,2342
30.5,11,11,5,2349
30.5,11,11,6,2356
30.5,11,11,7,2364
30.5,11,11,8,2371
30.5,11,11,9,2378
30.5,11,11,10,2385
30.5,11,11,11,2393
30.5,11,11,12,2400
30.5,11,11,13,2407
30.5,11,11,14,2414
30.5,11,11,15,2421
30.5,11,12,0,2319
30.5,11,12,1,2327
30.5,11,12,2,2334
30.5,11,12,3,2341
30.5,11,12,4,2349
30.5,11,12,5,2356
30.5,11,12,6,2364
30.5,11,12,7,2371
30.5,11,12,8,2378
30.5,11,12,9,2386
30.5,11,12,10,2393
30.5,11,12,11,2400
30.5,11,12,12,2407
30.5,11,12,13,2414
30.5,11,12,14,2422
30.5,11,12,15,2429
30.5,11,13,0,2326
30.5,11,13,1,2334
30.5,11,13,2,2341
30.5,11,13,3,2349
30.5,11,13,4,2356
30.5,11,13,5,2364
30.5,11,13,6,2371
30.5,11,13,7,2378
30.5,11,13,8,2386
30.5,11,13,9,2393
30.5,11,13,10,2400
30.5,11,13,11,2407
30.5,11,13,12,2415
30.5,11,13,13,2422
30.5,11,13,14,2429
30.5,11,13,15,2436
30.5,11,14,0,2333
30.5,11,14,1,2341
30.5,11,14,2,2348
30.5,11,14,3,2356
30.5,11,14,4,2363
30.5,11,14,5,2371
30.5,11,14,6,2378
30.5,11,14,7,2386
30.5,11,14,8,2393
30.5,11,14,9,2400
30.5,11,14,10,2408
30.5,11,14,11,2415
30.5,11,14,12,2422
30.5,11,14,13,2429
30.5,11,14,14,2437
30.5,11,14,15,2444
30.5,11,15,0,2341
30.5,11,15,1,2348
30.5,11,15,2,2356
30.5,11,15,3,2363
30.5,11,15,4,2371
30.5,11,15,5,2378
30.5,11,15,6,2386
30.5,11,15,7,2393
30.5,11,15,8,2400
30.5,11,15,9,2408
30.5,11,15,10,2415
30.5,11,15,11,2422
30.5,11,15,12,2430
30.5,11,15,13,2437
30.5,11,15,14,2444
30.5,11,15,15,2451
30.5,12,0,0,2239
30.5,12,0,1,2246
30.5,12,0,2,2254
30.5,12,0,3,2261
30.5,12,0,4,2268
30.5,12,0,5,2275
30.5,12,0,6,2282
30.5,12,0,7,2289
30.5,12,0,8,2296
30.5,12,0,9,2303
30.5,12,0,10,2310
30.5,12,0,11,2317
30.5,12,0,12,2324
30.5,12,0,13,2331
30.5,12,0,14,2338
30.5,12,0,15,2345
30.5,12,1,0,2247
30.5,12,1,1,2254
30.5,12,1,2,2261
30.5,12,1,3,2268
30.5,12,1,4,2276
30.5,12,1,5,2283
30.5,12,1,6,2290
30.5,12,1,7,2297
30.5,12,1,8,2304
30.5,12,1,9,2311
30.5,12,1,10,2318
30.5,12,1,11,2325
30.5,12,1,12,2332
30.5,12,1,13,2339
30.5,12,1,14,2346
30.5,12,1,15,2353
30.5,12,2,0,2254
30.5,12,2,1,2261
30.5,12,2,2,2269
30.5,12,2,3,2276
30.5,12,2,4,2283
30.5,12,2,5,2290
30.5,12,2,6,2297
30.5,12,2,7,2305
30.5,12,2,8,2312
30.5,12,2,9,2319
30.5,12,2,10,2326
30.5,12,2,11,2333
30.5,12,2,12,2340
30.5,12,2,13,2347
30.5,12,2,14,2354
30.5,12,2,15,2361
30.5,12,3,0,2262
30.5,12,3,1,2269
30.5,12,3,2,2276
30.5,12,3,3,2283
30.5,12,3,4,2291
30.5,12,3,5,2298
30.5,12,3,6,2305
30.5,12,3,7,2312
30.5,12,3,8,2319
30.5,12,3,9,2326
30.5,12,3,10,2333
30.5,12,3,11,2341
30.5,12,3,12,2348
30.5,12,3,13,2355
30.5,12,3,14,2362
30.5,12,3,15,2369
30.5,12,4,0,2269
30.5,12,4,1,2276
30.5,12,4,2,2284
30.5,12,4,3,2291
30.5,12,4,4,2298
30.5,12,4,5,2305
30.5,12,4,6,2313
30.5,12,4,7,2320
30.5,12,4,8,2327
30.5,12,4,9,2334
30.5,12,4,10,2341
30.5,12,4,11,2348
30.5,12,4,12,2355
30.5,12,4,13,2362
30.5,12,4,14,2369
30.5,12,4,15,2376
30.5,12,5,0,2276
30.5,12,5,1,2284
30.5,12,5,2,2291
30.5,12,5,3,2298
30.5,12,5,4,2306
30.5,12,5,5,2313
30.5,12,5,6,2320
30.5,12,5,7,2327
30.5,12,5,8,2334
30.5,12,5,9,2342
30.5,12,5,10,2349
30.5,12,5,11,2356
30.5,12,5,12,2363
30.5,12,5,13,2370
30.5,12,5,14,2377
30.5,12,5,15,2384
30.5,12,6,0,2284
30.5,12,6,1,2291
30.5,12,6,2,2299
30.5,12,6,3,2306
30.5,12,6,4,2313
30.5,12,6,5,2320
30.5,12,6,6,2328
30.5,12,6,7,2335
30.5,12,6,8,2342
30.5,12,6,9,2349
30.5,12,6,10,2356
30.5,12,6,11,2364
30.5,12,6,12,2371
30.5,12,6,13,2378
30.5,12,6,14,2385
30.5,12,6,15,2392
30.5,12,7,0,2291
30.5,12,7,1,2299
30.5,12,7,2,2306
30.5,12,7,3,2313
30.5,12,7,4,2321
30.5,12,7,5,2328
30.5,12,7,6,2335
30.5,12,7,7,2342
30.5,12,7,8,2350
30.5,12,7,9,2357
30.5,12,7,10,2364
30.5,12,7,11,2371
30.5,12,7,12,2378
30.5,12,7,13,2385
30.5,12,7,14,2392
30.5,12,7,15,2400
30.5,12,8,0,2299
30.5,12,8,1,2306
30.5,12,8,2,2313
30.5,12,8,3,2321
30.5,12,8,4,2328
30.5,12,8,5,2335
30.5,12,8,6,2343
30.5,12,8,7,2350
30.5,12,8,8,2357
30.5,12,8,9,2364
30.5,12,8,10,2372
30.5,12,8,11,2379
30.5,12,8,12,2386
30.5,12,8,13,2393
30.5,12,8,14,2400
30.5,12,8,15,2407
30.5,12,9,0,2306
30.5,12,9,1,2313
30.5,12,9,2,2321
30.5,12,9,3,2328
30.5,12,9,4,2335
30.5,12,9,5,2343
30.5,12,9,6,2350
30.5,12,9,7,2357
30.5,12,9,8,2365
30.5,12,9,9,2372
30.5,12,9,10,2379
30.5,12,9,11,2386
30.5,12,9,12,2393
30.5,12,9,13,2401
30.5,12,9,14,2408
30.5,12,9,15,2415
30.5,12,10,0,2313
30.5,12,10,1,2321
30.5,12,10,2,2328
30.5,12,10,3,2335
30.5,12,10,4,2343
30.5,12,10,5,2350
30.5,12,10,6,2357
30.5,12,10,7,2365
30.5,12,10,8,2372
30.5,12,10,9,2379
30.5,12,10,10,2387
30.5,12,10,11,2394
30.5,12,10,12,2401
30.5,12,10,13,2408
30.5,12,10,14,2415
30.5,12,10,15,2423
30.5,12,11,0,2320
30.5,12,11,1,2328
30.5,12,11,2,2335
30.5,12,11,3,2343
30.5,12,11,4,2350
30.5,12,11,5,2358
30.5,12,11,6,2365
30.5,12,11,7,2372
30.5,12,11,8,2380
30.5,12,11,9,2387
30.5,12,11,10,2394
30.5,12,11,11,2401
30.5,12,11,12,2409
30.5,12,11,13,2416
30.5,12,11,14,2423
30.5,12,11,15,2430
30.5,12,12,0,2328
30.5,12,12,1,2335
30.5,12,12,2,2343
30.5,12,12,3,2350
30.5,12,12,4,2357
30.5,12,12,5,2365
30.5,12,12,6,2372
30.5,12,12,7,2380
30.5,12,12,8,2387
30.5,12,12,9,2394
30.5,12,12,10,2402
30.5,12,12,11,2409
30.5,12,12,12,2416
30.5,12,12,13,2423
30.5,12,12,14,2431
30.5,12,12,15,2438
30.5,12,13,0,2335
30.5,12,13,1,2342
30.5,12,13,2,2350
30.5,12,13,3,2357
30.5,12,13,4,2365
30.5,12,13,5,2372
30.5,12,13,6,2380
30.5,12,13,7,2387
30.5,12,13,8,2394
30.5,12,13,9,2402
30.5,12,13,10,2409
30.5,12,13,11,2416
30.5,12,13,12,2424
30.5,12,13,13,2431
30.5,12,13,14,2438
30.5,12,13,15,2445
30.5,12,14,0,2342
30.5,12,14,1,2350
30.5,12,14,2,2357
30.5,12,14,3,2365
30.5,12,14,4,2372
30.5,12,14,5,2380
30.5,12,14,6,2387
30.5,12,14,7,2394
30.5,12,14,8,2402
30.5,12,14,9,2409
30.5,12,14,10,2416
30.5,12,14,11,2424
30.5,12,14,12,2431
30.5,12,14,13,2438
30.5,12,14,14,2446
30.5,12,14,15,2453
30.5,12,15,0,2349
30.5,12,15,1,2357
30.5,12,15,2,2364
30.5,12,15,3,2372
30.5,12,15,4,2379
30.5,12,15,5,2387
30.5,12,15,6,2394
30.5,12,15,7,2402
30.5,12,15,8,2409
30.5,12,15,9,2416
30.5,12,15,10,2424
30.5,12,15,11,2431
30.5,12,15,12,2438
30.5,12,15,13,2446
30.5,12,15,14,2453
30.5,12,15,15,2460
30.5,13,0,0,2247
30.5,13,0,1,2255
30.5,13,0,2,2262
30.5,13,0,3,2269
30.5,13,0,4,2276
30.5,13,0,5,2283
30.5,13,0,6,2291
30.5,13,0,7,2298
30.5,13,0,8,2305
30.5,13,0,9,2312
30.5,13,0,10,2319
30.5,13,0,11,2326
30.5,13,0,12,2333
30.5,13,0,13,2340
30.5,13,0,14,2347
30.5,13,0,15,2354
30.5,13,1,0,2255
30.5,13,1,1,2262
30.5,13,1,2,2269
30.5,13,1,3,2277
30.5,13,1,4,2284
30.5,13,1,5,2291
30.5,13,1,6,2298
30.5,13,1,7,2305
30.5,13,1,8,2312
30.5,13,1,9,2319
30.5,13,1,10,2327
30.5,13,1,11,2334
30.5,13,1,12,2341
30.5,13,1,13,2348
30.5,13,1,14,2355
30.5,13,1,15,2362
30.5,13,2,0,2262
30.5,13,2,1,2270
30.5,13,2,2,2277
30.5,13,2,3,2284
30.5,13,2,4,2291
30.5,13,2,5,2299
30.5,13,2,6,2306
30.5,13,2,7,2313
30.5,13,2,8,2320
30.5,13,2,9,2327
30.5,13,2,10,2334
30.5,13,2,11,2341
30.5,13,2,12,2348
30.5,13,2,13,2355
30.5,13,2,14,2362
30.5,13,2,15,2369
30.5,13,3,0,2270
30.5,13,3,1,2277
30.5,13,3,2,2285
30.5,13,3,3,2292
30.5,13,3,4,2299
30.5,13,3,5,2306
30.5,13,3,6,2313
30.5,13,3,7,2321
30.5,13,3,8,2328
30.5,13,3,9,2335
30.5,13,3,10,2342
30.5,13,3,11,2349
30.5,13,3,12,2356
30.5,13,3,13,2363
30.5,13,3,14,2370
30.5,13,3,15,2377
30.5,13,4,0,2277
30.5,13,4,1,2285
30.5,13,4,2,2292
30.5,13,4,3,2299
30.5,13,4,4,2307
30.5,13,4,5,2314
30.5,13,4,6,2321
30.5,13,4,7,2328
30.5,13,4,8,2335
30.5,13,4,9,2343
30.5,13,4,10,2350
30.5,13,4,11,2357
30.5,13,4,12,2364
30.5,13,4,13,2371
30.5,13,4,14,2378
30.5,13,4,15,2385
30.5,13,5,0,2285
30.5,13,5,1,2292
30.5,13,5,2,2300
30.5,13,5,3,2307
30.5,13,5,4,2314
30.5,13,5,5,2321
30.5,13,5,6,2329
30.5,13,5,7,2336
30.5,13,5,8,2343
30.5,13,5,9,2350
30.5,13,5,10,2357
30.5,13,5,11,2365
30.5,13,5,12,2372
30.5,13,5,13,2379
30.5,13,5,14,2386
30.5,13,5,15,2393
30.5,13,6,0,2292
30.5,13,6,1,2300
30.5,13,6,2,2307
30.5,13,6,3,2314
30.5,13,6,4,2322
30.5,13,6,5,2329
30.5,13,6,6,2336
30.5,13,6,7,2343
30.5,13,6,8,2351
30.5,13,6,9,2358
30.5,13,6,10,2365
30.5,13,6,11,2372
30.5,13,6,12,2379
30.5,13,6,13,2386
30.5,13,6,14,2394
30.5,13,6,15,2401
30.5,13,7,0,2300
30.5,13,7,1,2307
30.5,13,7,2,2314
30.5,13,7,3,2322
30.5,13,7,4,2329
30.5,13,7,5,2336
30.5,13,7,6,2344
30.5,13,7,7,2351
30.5,13,7,8,2358
30.5,13,7,9,2365
30.5,13,7,10,2373
30.5,13,7,11,2380
30.5,13,7,12,2387
30.5,13,7,13,2394
30.5,13,7,14,2401
30.5,13,7,15,2408
30.5,13,8,0,2307
30.5,13,8,1,2314
30.5,13,8,2,2322
30.5,13,8,3,2329
30.5,13,8,4,2337
30.5,13,8,5,2344
30.5,13,8,6,2351
30.5,13,8,7,2358
30.5,13,8,8,2366
30.5,13,8,9,2373
30.5,13,8,10,2380
30.5,13,8,11,2387
30.5,13,8,12,2395
30.5,13,8,13,2402
30.5,13,8,14,2409
30.5,13,8,15,2416
30.5,13,9,0,2314
30.5,13,9,1,2322
30.5,13,9,2,2329
30.5,13,9,3,2337
30.5,13,9,4,2344
30.5,13,9,5,2351
30.5,13,9,6,2359
30.5,13,9,7,2366
30.5,13,9,8,2373
30.5,13,9,9,2381
30.5,13,9,10,2388
30.5,13,9,11,2395
30.5,13,9,12,2402
30.5,13,9,13,2409
30.5,13,9,14,2417
30.5,13,9,15,2424
30.5,13,10,0,2322
30.5,13,10,1,2329
30.5,13,10,2,2337
30.5,13,10,3,2344
30.5,13,10,4,2351
30.5,13,10,5,2359
30.5,13,10,6,2366
30.5,13,10,7,2373
30.5,13,10,8,2381
30.5,13,10,9,2388
30.5,13,10,10,2395
30.5,13,10,11,2403
30.5,13,10,12,2410
30.5,13,10,13,2417
30.5,13,10,14,2424
30.5,13,10,15,2431
30.5,13,11,0,2329
30.5,13,11,1,2336
30.5,13,11,2,2344
30.5,13,11,3,2351
30.5,13,11,4,2359
30.5,13,11,5,2366
30.5,13,11,6,2374
30.5,13,11,7,2381
30.5,13,11,8,2388
30.5,13,11,9,2396
30.5,13,11,10,2403
30.5,13,11,11,2410
30.5,13,11,12,2417
30.5,13,11,13,2425
30.5,13,11,14,2432
30.5,13,11,15,2439
30.5,13,12,0,2336
30.5,13,12,1,2344
30.5,13,12,2,2351
30.5,13,12,3,2359
30.5,13,12,4,2366
30.5,13,12,5,2374
30.5,13,12,6,2381
30.5,13,12,7,2388
30.5,13,12,8,2396
30.5,13,12,9,2403
30.5,13,12,10,2410
30.5,13,12,11,2418
30.5,13,12,12,2425
30.5,13,12,13,2432
30.5,13,12,14,2439
30.5,13,12,15,2447
30.5,13,13,0,2343
30.5,13,13,1,2351
30.5,13,13,2,2358
30.5,13,13,3,2366
30.5,13,13,4,2373
30.5,13,13,5,2381
30.5,13,13,6,2388
30.5,13,13,7,2396
30.5,13,13,8,2403
30.5,13,13,9,2411
30.5,13,13,10,2418
30.5,13,13,11,2425
30.5,13,13,12,2432
30.5,13,13,13,2440
30.5,13,13,14,2447
30.5,13,13,15,2454
30.5,13,14,0,2351
30.5,13,14,1,2358
30.5,13,14,2,2366
30.5,13,14,3,2373
30.5,13,14,4,2381
30.5,13,14,5,2388
30.5,13,14,6,2396
30.5,13,14,7,2403
30.5,13,14,8,2411
30.5,13,14,9,2418
30.5,13,14,10,2425
30.5,13,14,11,2433
30.5,13,14,12,2440
30.5,13,14,13,2447
30.5,13,14,14,2455
30.5,13,14,15,2462
30.5,13,15,0,2358
30.5,13,15,1,2365
30.5,13,15,2,2373
30.5,13,15,3,2381
30.5,13,15,4,2388
30.5,13,15,5,2396
30.5,13,15,6,2403
30.5,13,15,7,2411
30.5,13,15,8,2418
30.5,13,15,9,2425
30.5,13,15,10,2433
30.5,13,15,11,2440
30.5,13,15,12,2447
30.5,13,15,13,2455
30.5,13,15,14,2462
30.5,13,15,15,2469
30.5,14,0,0,2256
30.5,14,0,1,2263
30.5,14,0,2,2270
30.5,14,0,3,2277
30.5,14,0,4,2285
30.5,14,0,5,2292
30.5,14,0,6,2299
30.5,14,0,7,2306
30.5,14,0,8,2313
30.5,14,0,9,2320
30.5,14,0,10,2327
30.5,14,0,11,2334
30.5,14,0,12,2341
30.5,14,0,13,2348
30.5,14,0,14,2355
30.5,14,0,15,2362
30.5,14,1,0,2263
30.5,14,1,1,2270
30.5,14,1,2,2278
30.5,14,1,3,2285
30.5,14,1,4,2292
30.5,14,1,5,2299
30.5,14,1,6,2307
30.5,14,1,7,2314
30.5,14,1,8,2321
30.5,14,1,9,2328
30.5,14,1,10,2335
30.5,14,1,11,2342
30.5,14,1,12,2349
30.5,14,1,13,2356
30.5,14,1,14,2363
30.5,14,1,15,2370
30.5,14,2,0,2271
30.5,14,2,1,2278
30.5,14,2,2,2285
30.5,14,2,3,2293
30.5,14,2,4,2300
30.5,14,2,5,2307
30.5,14,2,6,2314
30.5,14,2,7,2321
30.5,14,2,8,2329
30.5,14,2,9,2336
30.5,14,2,10,2343
30.5,14,2,11,2350
30.5,14,2,12,2357
30.5,14,2,13,2364
30.5,14,2,14,2371
30.5,14,2,15,2378
30.5,14,3,0,2278
30.5,14,3,1,2286
30.5,14,3,2,2293
30.5,14,3,3,2300
30.5,14,3,4,2307
30.5,14,3,5,2315
30.5,14,3,6,2322
30.5,14,3,7,2329
30.5,14,3,8,2336
30.5,14,3,9,2343
30.5,14,3,10,2351
30.5,14,3,11,2358
30.5,14,3,12,2365
30.5,14,3,13,2372
30.5,14,3,14,2379
30.5,14,3,15,2386
30.5,14,4,0,2286
30.5,14,4,1,2293
30.5,14,4,2,2300
30.5,14,4,3,2308
30.5,14,4,4,2315
30.5,14,4,5,2322
30.5,14,4,6,2330
30.5,14,4,7,2337
30.5,14,4,8,2344
30.5,14,4,9,2351
30.5,14,4,10,2358
30.5,14,4,11,2365
30.5,14,4,12,2373
30.5,14,4,13,2380
30.5,14,4,14,2387
30.5,14,4,15,2394
30.5,14,5,0,2293
30.5,14,5,1,2301
30.5,14,5,2,2308
30.5,14,5,3,2315
30.5,14,5,4,2323
30.5,14,5,5,2330
30.5,14,5,6,2337
30.5,14,5,7,2344
30.5,14,5,8,2352
30.5,14,5,9,2359
30.5,14,5,10,2366
30.5,14,5,11,2373
30.5,14,5,12,2380
30.5,14,5,13,2387
30.5,14,5,14,2394
30.5,14,5,15,2402
30.5,14,6,0,2301
30.5,14,6,1,2308
30.5,14,6,2,2315
30.5,14,6,3,2323
30.5,14,6,4,2330
30.5,14,6,5,2337
30.5,14,6,6,2345
30.5,14,6,7,2352
30.5,14,6,8,2359
30.5,14,6,9,2366
30.5,14,6,10,2374
30.5,14,6,11,2381
30.5,14,6,12,2388
30.5,14,6,13,2395
30.5,14,6,14,2402
30.5,14,6,15,2409
30.5,14,7,0,2308
30.5,14,7,1,2315
30.5,14,7,2,2323
30.5,14,7,3,2330
30.5,14,7,4,2338
30.5,14,7,5,2345
30.5,14,7,6,2352
30.5,14,7,7,2360
30.5,14,7,8,2367
30.5,14,7,9,2374
30.5,14,7,10,2381
30.5,14,7,11,2389
30.5,14,7,12,2396
30.5,14,7,13,2403
30.5,14,7,14,2410
30.5,14,7,15,2417
30.5,14,8,0,2315
30.5,14,8,1,2323
30.5,14,8,2,2330
30.5,14,8,3,2338
30.5,14,8,4,2345
30.5,14,8,5,2352
30.5,14,8,6,2360
30.5,14,8,7,2367
30.5,14,8,8,2374
30.5,14,8,9,2382
30.5,14,8,10,2389
30.5,14,8,11,2396
30.5,14,8,12,2403
30.5,14,8,13,2411
30.5,14,8,14,2418
30.5,14,8,15,2425
30.5,14,9,0,2323
30.5,14,9,1,2330
30.5,14,9,2,2338
30.5,14,9,3,2345
30.5,14,9,4,2353
30.5,14,9,5,2360
30.5,14,9,6,2367
30.5,14,9,7,2375
30.5,14,9,8,2382
30.5,14,9,9,2389
30.5,14,9,10,2397
30.5,14,9,11,2404
30.5,14,9,12,2411
30.5,14,9,13,2418
30.5,14,9,14,2425
30.5,14,9,15,2433
30.5,14,10,0,2330
30.5,14,10,1,2338
30.5,14,10,2,2345
30.5,14,10,3,2353
30.5,14,10,4,2360
30.5,14,10,5,2367
30.5,14,10,6,2375
30.5,14,10,7,2382
30.5,14,10,8,2389
30.5,14,10,9,2397
30.5,14,10,10,2404
30.5,14,10,11,2411
30.5,14,10,12,2419
30.5,14,10,13,2426
30.5,14,10,14,2433
30.5,14,10,15,2440
30.5,14,11,0,2337
30.5,14,11,1,2345
30.5,14,11,2,2352
30.5,14,11,3,2360
30.5,14,11,4,2367
30.5,14,11,5,2375
30.5,14,11,6,2382
30.5,14,11,7,2390
30.5,14,11,8,2397
30.5,14,11,9,2404
30.5,14,11,10,2412
30.5,14,11,11,2419
30.5,14,11,12,2426
30.5,14,11,13,2433
30.5,14,11,14,2441
30.5,14,11,15,2448
30.5,14,12,0,2345
30.5,14,12,1,2352
30.5,14,12,2,2360
30.5,14,12,3,2367
30.5,14,12,4,2375
30.5,14,12,5,2382
30.5,14,12,6,2390
30.5,14,12,7,2397
30.5,14,12,8,2404
30.5,14,12,9,2412
30.5,14,12,10,2419
30.5,14,12,11,2426
30.5,14,12,12,2434
30.5,14,12,13,2441
30.5,14,12,14,2448
30.5,14,12,15,2456
30.5,14,13,0,2352
30.5,14,13,1,2360
30.5,14,13,2,2367
30.5,14,13,3,2375
30.5,14,13,4,2382
30.5,14,13,5,2390
30.5,14,13,6,2397
30.5,14,13,7,2405
30.5,14,13,8,2412
30.5,14,13,9,2419
30.5,14,13,10,2427
30.5,14,13,11,2434
30.5,14,13,12,2441
30.5,14,13,13,2449
30.5,14,13,14,2456
30.5,14,13,15,2463
30.5,14,14,0,2359
30.5,14,14,1,2367
30.5,14,14,2,2374
30.5,14,14,3,2382
30.5,14,14,4,2389
30.5,14,14,5,2397
30.5,14,14,6,2404
30.5,14,14,7,2412
30.5,14,14,8,2419
30.5,14,14,9,2427
30.5,14,14,10,2434
30.5,14,14,11,2442
30.5,14,14,12,2449
30.5,14,14,13,2456
30.5,14,14,14,2463
30.5,14,14,15,2471
30.5,14,15,0,2366
30.5,14,15,1,2374
30.5,14,15,2,2382
30.5,14,15,3,2389
30.5,14,15,4,2397
30.5,14,15,5,2404
30.5,14,15,6,2412
30.5,14,15,7,2419
30.5,14,15,8,2427
30.5,14,15,9,2434
30.5,14,15,10,2442
30.5,14,15,11,2449
30.5,14,15,12,2456
30.5,14,15,13,2464
30.5,14,15,14,2471
30.5,14,15,15,2478
30.5,15,0,0,2264
30.5,15,0,1,2271
30.5,15,0,2,2278
30.5,15,0,3,2286
30.5,15,0,4,2293
30.5,15,0,5,2300
30.5,15,0,6,2307
30.5,15,0,7,2314
30.5,15,0,8,2322
30.5,15,0,9,2329
30.5,15,0,10,2336
30.5,15,0,11,2343
30.5,15,0,12,2350
30.5,15,0,13,2357
30.5,15,0,14,2364
30.5,15,0,15,2371
30.5,15,1,0,2271
30.5,15,1,1,2279
30.5,15,1,2,2286
30.5,15,1,3,2293
30.5,15,1,4,2301
30.5,15,1,5,2308
30.5,15,1,6,2315
30.5,15,1,7,2322
30.5,15,1,8,2329
30.5,15,1,9,2336
30.5,15,1,10,2344
30.5,15,1,11,2351
30.5,15,1,12,2358
30.5,15,1,13,2365
30.5,15,1,14,2372
30.5,15,1,15,2379
30.5,15,2,0,2279
30.5,15,2,1,2286
30.5,15,2,2,2294
30.5,15,2,3,2301
30.5,15,2,4,2308
30.5,15,2,5,2315
30.5,15,2,6,2323
30.5,15,2,7,2330
30.5,15,2,8,2337
30.5,15,2,9,2344
30.5,15,2,10,2351
30.5,15,2,11,2358
30.5,15,2,12,2366
30.5,15,2,13,2373
30.5,15,2,14,2380
30.5,15,2,15,2387
30.5,15,3,0,2286
30.5,15,3,1,2294
30.5,15,3,2,2301
30.5,15,3,3,2309
30.5,15,3,4,2316
30.5,15,3,5,2323
30.5,15,3,6,2330
30.5,15,3,7,2338
30.5,15,3,8,2345
30.5,15,3,9,2352
30.5,15,3,10,2359
30.5,15,3,11,2366
30.5,15,3,12,2373
30.5,15,3,13,2380
30.5,15,3,14,2388
30.5,15,3,15,2395
30.5,15,4,0,2294
30.5,15,4,1,2301
30.5,15,4,2,2309
30.5,15,4,3,2316
30.5,15,4,4,2323
30.5,15,4,5,2331
30.5,15,4,6,2338
30.5,15,4,7,2345
30.5,15,4,8,2352
30.5,15,4,9,2360
30.5,15,4,10,2367
30.5,15,4,11,2374
30.5,15,4,12,2381
30.5,15,4,13,2388
30.5,15,4,14,2395
30.5,15,4,15,2402
30.5,15,5,0,2301
30.5,15,5,1,2309
30.5,15,5,2,2316
30.5,15,5,3,2324
30.5,15,5,4,2331
30.5,15,5,5,2338
30.5,15,5,6,2346
30.5,15,5,7,2353
30.5,15,5,8,2360
30.5,15,5,9,2367
30.5,15,5,10,2375
30.5,15,5,11,2382
30.5,15,5,12,2389
30.5,15,5,13,2396
30.5,15,5,14,2403
30.5,15,5,15,2410
30.5,15,6,0,2309
30.5,15,6,1,2316
30.5,15,6,2,2324
30.5,15,6,3,2331
30.5,15,6,4,2339
30.5,15,6,5,2346
30.5,15,6,6,2353
30.5,15,6,7,2361
30.5,15,6,8,2368
30.5,15,6,9,2375
30.5,15,6,10,2382
30.5,15,6,11,2389
30.5,15,6,12,2397
30.5,15,6,13,2404
30.5,15,6,14,2411
30.5,15,6,15,2418
30.5,15,7,0,2316
30.5,15,7,1,2324
30.5,15,7,2,2331
30.5,15,7,3,2339
30.5,15,7,4,2346
30.5,15,7,5,2353
30.5,15,7,6,2361
30.5,15,7,7,2368
30.5,15,7,8,2375
30.5,15,7,9,2383
30.5,15,7,10,2390
30.5,15,7,11,2397
30.5,15,7,12,2404
30.5,15,7,13,2412
30.5,15,7,14,2419
30.5,15,7,15,2426
30.5,15,8,0,2324
30.5,15,8,1,2331
30.5,15,8,2,2339
30.5,15,8,3,2346
30.5,15,8,4,2354
30.5,15,8,5,2361
30.5,15,8,6,2368
30.5,15,8,7,2376
30.5,15,8,8,2383
30.5,15,8,9,2390
30.5,15,8,10,2398
30.5,15,8,11,2405
30.5,15,8,12,2412
30.5,15,8,13,2419
30.5,15,8,14,2427
30.5,15,8,15,2434
30.5,15,9,0,2331
30.5,15,9,1,2339
30.5,15,9,2,2346
30.5,15,9,3,2354
30.5,15,9,4,2361
30.5,15,9,5,2369
30.5,15,9,6,2376
30.5,15,9,7,2383
30.5,15,9,8,2391
30.5,15,9,9,2398
30.5,15,9,10,2405
30.5,15,9,11,2413
30.5,15,9,12,2420
30.5,15,9,13,2427
30.5,15,9,14,2434
30.5,15,9,15,2441
30.5,15,10,0,2339
30.5,15,10,1,2346
30.5,15,10,2,2354
30.5,15,10,3,2361
30.5,15,10,4,2369
30.5,15,10,5,2376
30.5,15,10,6,2383
30.5,15,10,7,2391
30.5,15,10,8,2398
30.5,15,10,9,2406
30.5,15,10,10,2413
30.5,15,10,11,2420
30.5,15,10,12,2427
30.5,15,10,13,2435
30.5,15,10,14,2442
30.5,15,10,15,2449
30.5,15,11,0,2346
30.5,15,11,1,2353
30.5,15,11,2,2361
30.5,15,11,3,2369
30.5,15,11,4,2376
30.5,15,11,5,2383
30.5,15,11,6,2391
30.5,15,11,7,2398
30.5,15,11,8,2406
30.5,15,11,9,2413
30.5,15,11,10,2420
30.5,15,11,11,2428
30.5,15,11,12,2435
30.5,15,11,13,2442
30.5,15,11,14,2450
30.5,15,11,15,2457
30.5,15,12,0,2353
30.5,15,12,1,2361
30.5,15,12,2,2368
30.5,15,12,3,2376
30.5,15,12,4,2383
30.5,15,12,5,2391
30.5,15,12,6,2398
30.5,15,12,7,2406
30.5,15,12,8,2413
30.5,15,12,9,2421
30.5,15,12,10,2428
30.5,15,12,11,2435
30.5,15,12,12,2443
30.5,15,12,13,2450
30.5,15,12,14,2457
30.5,15,12,15,2464
30.5,15,13,0,2361
30.5,15,13,1,2368
30.5,15,13,2,2376
30.5,15,13,3,2383
30.5,15,13,4,2391
30.5,15,13,5,2398
30.5,15,13,6,2406
30.5,15,13,7,2413
30.5,15,13,8,2421
30.5,15,13,9,2428
30.5,15,13,10,2435
30.5,15,13,11,2443
30.5,15,13,12,2450
30.5,15,13,13,2458
30.5,15,13,14,2465
30.5,15,13,15,2472
30.5,15,14,0,2368
30.5,15,14,1,2375
30.5,15,14,2,2383
30.5,15,14,3,2391
30.5,15,14,4,2398
30.5,15,14,5,2406
30.5,15,14,6,2413
30.5,15,14,7,2421
30.5,15,14,8,2428
30.5,15,14,9,2436
30.5,15,14,10,2443
30.5,15,14,11,2450
30.5,15,14,12,2458
30.5,15,14,13,2465
30.5,15,14,14,2472
30.5,15,14,15,2480
30.5,15,15,0,2375
30.5,15,15,1,2383
30.5,15,15,2,2390
30.5,15,15,3,2398
30.5,15,15,4,2406
30.5,15,15,5,2413
30.5,15,15,6,2421
30.5,15,15,7,2428
30.5,15,15,8,2436
30.5,15,15,9,2443
30.5,15,15,10,2450
30.5,15,15,11,2458
30.5,15,15,12,2465
30.5,15,15,13,2473
30.5,15,15,14,2480
30.5,15,15,15,2487
31.0,0,0,0,2158
31.0,0,0,1,2165
31.0,0,0,2,2172
31.0,0,0,3,2179
31.0,0,0,4,2186
31.0,0,0,5,2193
31.0,0,0,6,2200
31.0,0,0,7,2207
31.0,0,0,8,2213
31.0,0,0,9,2220
31.0,0,0,10,2227
31.0,0,0,11,2234
31.0,0,0,12,2240
31.0,0,0,13,2247
31.0,0,0,14,2254
31.0,0,0,15,2260
31.0,0,1,0,2166
31.0,0,1,1,2173
31.0,0,1,2,2180
31.0,0,1,3,2187
31.0,0,1,4,2193
31.0,0,1,5,2200
31.0,0,1,6,2207
31.0,0,1,7,2214
31.0,0,1,8,2221
31.0,0,1,9,2228
31.0,0,1,10,2234
31.0,0,1,11,2241
31.0,0,1,12,2248
31.0,0,1,13,2255
31.0,0,1,14,2261
31.0,0,1,15,2268
31.0,0,2,0,2173
31.0,0,2,1,2180
31.0,0,2,2,2187
31.0,0,2,3,2194
31.0,0,2,4,2201
31.0,0,2,5,2208
31.0,0,2,6,2215
31.0,0,2,7,2221
31.0,0,2,8,2228
31.0,0,2,9,2235
31.0,0,2,10,2242
31.0,0,2,11,2249
31.0,0,2,12,2255
31.0,0,2,13,2262
31.0,0,2,14,2269
31.0,0,2,15,2276
31.0,0,3,0,2180
31.0,0,3,1,2187
31.0,0,3,2,2194
31.0,0,3,3,2201
31.0,0,3,4,2208
31.0,0,3,5,2215
31.0,0,3,6,2222
31.0,0,3,7,2229
31.0,0,3,8,2236
31.0,0,3,9,2242
31.0,0,3,10,2249
31.0,0,3,11,2256
31.0,0,3,12,2263
31.0,0,3,13,2270
31.0,0,3,14,2276
31.0,0,3,15,2283
31.0,0,4,0,2187
31.0,0,4,1,2194
31.0,0,4,2,2201
31.0,0,4,3,2208
31.0,0,4,4,2215
31.0,0,4,5,2222
31.0,0,4,6,2229
31.0,0,4,7,2236
31.0,0,4,8,2243
31.0,0,4,9,2250
31.0,0,4,10,2257
31.0,0,4,11,2264
31.0,0,4,12,2270
31.0,0,4,13,2277
31.0,0,4,14,2284
31.0,0,4,15,2291
31.0,0,5,0,2194
31.0,0,5,1,2201
31.0,0,5,2,2208
31.0,0,5,3,2216
31.0,0,5,4,2223
31.0,0,5,5,2229
31.0,0,5,6,2236
31.0,0,5,7,2243
31.0,0,5,8,2250
31.0,0,5,9,2257
31.0,0,5,10,2264
31.0,0,5,11,2271
31.0,0,5,12,2278
31.0,0,5,13,2285
31.0,0,5,14,2291
31.0,0,5,15,2298
31.0,0,6,0,2201
31.0,0,6,1,2209
31.0,0,6,2,2216
31.0,0,6,3,2223
31.0,0,6,4,2230
31.0,0,6,5,2237
31.0,0,6,6,2244
31.0,0,6,7,2251
31.0,0,6,8,2258
31.0,0,6,9,2265
31.0,0,6,10,2271
31.0,0,6,11,2278
31.0,0,6,12,2285
31.0,0,6,13,2292
31.0,0,6,14,2299
31.0,0,6,15,2306
31.0,0,7,0,2209
31.0,0,7,1,2216
31.0,0,7,2,2223
31.0,0,7,3,2230
31.0,0,7,4,2237
31.0,0,7,5,2244
31.0,0,7,6,2251
31.0,0,7,7,2258
31.0,0,7,8,2265
31.0,0,7,9,2272
31.0,0,7,10,2279
31.0,0,7,11,2286
31.0,0,7,12,2292
31.0,0,7,13,2299
31.0,0,7,14,2306
31.0,0,7,15,2313
31.0,0,8,0,2216
31.0,0,8,1,2223
31.0,0,8,2,2230
31.0,0,8,3,2237
31.0,0,8,4,2244
31.0,0,8,5,2251
31.0,0,8,6,2258
31.0,0,8,7,2265
31.0,0,8,8,2272
31.0,0,8,9,2279
31.0,0,8,10,2286
31.0,0,8,11,2293
31.0,0,8,12,2300
31.0,0,8,13,2307
31.0,0,8,14,2314
31.0,0,8,15,2320
31.0,0,9,0,2223
31.0,0,9,1,2230
31.0,0,9,2,2237
31.0,0,9,3,2244
31.0,0,9,4,2251
31.0,0,9,5,2258
31.0,0,9,6,2265
31.0,0,9,7,2272
31.0,0,9,8,2279
31.0,0,9,9,2286
31.0,0,9,10,2293
31.0,0,9,11,2300
31.0,0,9,12,2307
31.0,0,9,13,2314
31.0,0,9,14,2321
31.0,0,9,15,2328
31.0,0,10,0,2230
31.0,0,10,1,2237
31.0,0,10,2,2244
31.0,0,10,3,2251
31.0,0,10,4,2258
31.0,0,10,5,2265
31.0,0,10,6,2272
31.0,0,10,7,2280
31.0,0,10,8,2287
31.0,0,10,9,2294
31.0,0,10,10,2301
31.0,0,10,11,2307
31.0,0,10,12,2314
31.0,0,10,13,2321
31.0,0,10,14,2328
31.0,0,10,15,2335
31.0,0,11,0,2237
31.0,0,11,1,2244
31.0,0,11,2,2251
31.0,0,11,3,2258
31.0,0,11,4,2265
31.0,0,11,5,2273
31.0,0,11,6,2280
31.0,0,11,7,2287
31.0,0,11,8,2294
31.0,0,11,9,2301
31.0,0,11,10,2308
31.0,0,11,11,2315
31.0,0,11,12,2322
31.0,0,11,13,2329
31.0,0,11,14,2336
31.0,0,11,15,2342
31.0,0,12,0,2244
31.0,0,12,1,2251
31.0,0,12,2,2258
31.0,0,12,3,2265
31.0,0,12,4,2272
31.0,0,12,5,2280
31.0,0,12,6,2287
31.0,0,12,7,2294
31.0,0,12,8,2301
31.0,0,12,9,2308
31.0,0,12,10,2315
31.0,0,12,11,2322
31.0,0,12,12,2329
31.0,0,12,13,2336
31.0,0,12,14,2343
31.0,0,12,15,2350
31.0,0,13,0,2251
31.0,0,13,1,2258
31.0,0,13,2,2265
31.0,0,13,3,2272
31.0,0,13,4,2280
31.0,0,13,5,2287
31.0,0,13,6,2294
31.0,0,13,7,2301
31.0,0,13,8,2308
31.0,0,13,9,2315
31.0,0,13,10,2322
31.0,0,13,11,2329
31.0,0,13,12,2336
31.0,0,13,13,2343
31.0,0,13,14,2350
31.0,0,13,15,2357
31.0,0,14,0,2258
31.0,0,14,1,2265
31.0,0,14,2,2272
31.0,0,14,3,2279
31.0,0,14,4,2287
31.0,0,14,5,2294
31.0,0,14,6,2301
31.0,0,14,7,2308
31.0,0,14,8,2315
31.0,0,14,9,2322
31.0,0,14,10,2329
31.0,0,14,11,2336
31.0,0,14,12,2343
31.0,0,14,13,2350
31.0,0,14,14,2357
31.0,0,14,15,2364
31.0,0,15,0,2265
31.0,0,15,1,2272
31.0,0,15,2,2279
31.0,0,15,3,2286
31.0,0,15,4,2294
31.0,0,15,5,2301
31.0,0,15,6,2308
31.0,0,15,7,2315
31.0,0,15,8,2322
31.0,0,15,9,2329
31.0,0,15,10,2336
31.0,0,15,11,2344
31.0,0,15,12,2351
31.0,0,15,13,2358
31.0,0,15,14,2365
31.0,0,15,15,2372
31.0,1,0,0,2167
31.0,1,0,1,2174
31.0,1,0,2,2181
31.0,1,0,3,2188
31.0,1,0,4,2194
31.0,1,0,5,2201
31.0,1,0,6,2208
31.0,1,0,7,2215
31.0,1,0,8,2222
31.0,1,0,9,2229
31.0,1,0,10,2236
31.0,1,0,11,2242
31.0,1,0,12,2249
31.0,1,0,13,2256
31.0,1,0,14,2262
31.0,1,0,15,2269
31.0,1,1,0,2174
31.0,1,1,1,2181
31.0,1,1,2,2188
31.0,1,1,3,2195
31.0,1,1,4,2202
31.0,1,1,5,2209
31.0,1,1,6,2216
31.0,1,1,7,2223
31.0,1,1,8,2229
31.0,1,1,9,2236
31.0,1,1,10,2243
31.0,1,1,11,2250
31.0,1,1,12,2257
31.0,1,1,13,2263
31.0,1,1,14,2270
31.0,1,1,15,2277
31.0,1,2,0,2181
31.0,1,2,1,2188
31.0,1,2,2,2195
31.0,1,2,3,2202
31.0,1,2,4,2209
31.0,1,2,5,2216
31.0,1,2,6,2223
31.0,1,2,7,2230
31.0,1,2,8,2237
31.0,1,2,9,2244
31.0,1,2,10,2250
31.0,1,2,11,2257
31.0,1,2,12,2264
31.0,1,2,13,2271
31.0,1,2,14,2278
31.0,1,2,15,2284
31.0,1,3,0,2188
31.0,1,3,1,2195
31.0,1,3,2,2202
31.0,1,3,3,2210
31.0,1,3,4,2216
31.0,1,3,5,2223
31.0,1,3,6,2230
31.0,1,3,7,2237
31.0,1,3,8,2244
31.0,1,3,9,2251
31.0,1,3,10,2258
31.0,1,3,11,2265
31.0,1,3,12,2272
31.0,1,3,13,2278
31.0,1,3,14,2285
31.0,1,3,15,2292
31.0,1,4,0,2196
31.0,1,4,1,2203
31.0,1,4,2,2210
31.0,1,4,3,2217
31.0,1,4,4,2224
31.0,1,4,5,2231
31.0,1,4,6,2238
31.0,1,4,7,2245
31.0,1,4,8,2252
31.0,1,4,9,2258
31.0,1,4,10,2265
31.0,1,4,11,2272
31.0,1,4,12,2279
31.0,1,4,13,2286
31.0,1,4,14,2293
31.0,1,4,15,2299
31.0,1,5,0,2203
31.0,1,5,1,2210
31.0,1,5,2,2217
31.0,1,5,3,2224
31.0,1,5,4,2231
31.0,1,5,5,2238
31.0,1,5,6,2245
31.0,1,5,7,2252
31.0,1,5,8,2259
31.0,1,5,9,2266
31.0,1,5,10,2273
31.0,1,5,11,2280
31.0,1,5,12,2286
31.0,1,5,13,2293
31.0,1,5,14,2300
31.0,1,5,15,2307
31.0,1,6,0,2210
31.0,1,6,1,2217
31.0,1,6,2,2224
31.0,1,6,3,2231
31.0,1,6,4,2238
31.0,1,6,5,2245
31.0,1,6,6,2252
31.0,1,6,7,2259
31.0,1,6,8,2266
31.0,1,6,9,2273
31.0,1,6,10,2280
31.0,1,6,11,2287
31.0,1,6,12,2294
31.0,1,6,13,2301
31.0,1,6,14,2308
31.0,1,6,15,2314
31.0,1,7,0,2217
31.0,1,7,1,2224
31.0,1,7,2,2231
31.0,1,7,3,2238
31.0,1,7,4,2245
31.0,1,7,5,2253
31.0,1,7,6,2260
31.0,1,7,7,2267
31.0,1,7,8,2274
31.0,1,7,9,2281
31.0,1,7,10,2287
31.0,1,7,11,2294
31.0,1,7,12,2301
31.0,1,7,13,2308
31.0,1,7,14,2315
31.0,1,7,15,2322
31.0,1,8,0,2224
31.0,1,8,1,2231
31.0,1,8,2,2238
31.0,1,8,3,2246
31.0,1,8,4,2253
31.0,1,8,5,2260
31.0,1,8,6,2267
31.0,1,8,7,2274
31.0,1,8,8,2281
31.0,1,8,9,2288
31.0,1,8,10,2295
31.0,1,8,11,2302
31.0,1,8,12,2309
31.0,1,8,13,2316
31.0,1,8,14,2322
31.0,1,8,15,2329
31.0,1,9,0,2231
31.0,1,9,1,2238
31.0,1,9,2,2246
31.0,1,9,3,2253
31.0,1,9,4,2260
31.0,1,9,5,2267
31.0,1,9,6,2274
31.0,1,9,7,2281
31.0,1,9,8,2288
31.0,1,9,9,2295
31.0,1,9,10,2302
31.0,1,9,11,2309
31.0,1,9,12,2316
31.0,1,9,13,2323
31.0,1,9,14,2330
31.0,1,9,15,2337
31.0,1,10,0,2238
31.0,1,10,1,2245
31.0,1,10,2,2253
31.0,1,10,3,2260
31.0,1,10,4,2267
31.0,1,10,5,2274
31.0,1,10,6,2281
31.0,1,10,7,2288
31.0,1,10,8,2295
31.0,1,10,9,2302
31.0,1,10,10,2309
31.0,1,10,11,2316
31.0,1,10,12,2323
31.0,1,10,13,2330
31.0,1,10,14,2337
31.0,1,10,15,2344
31.0,1,11,0,2245
31.0,1,11,1,2253
31.0,1,11,2,2260
31.0,1,11,3,2267
31.0,1,11,4,2274
31.0,1,11,5,2281
31.0,1,11,6,2288
31.0,1,11,7,2295
31.0,1,11,8,2303
31.0,1,11,9,2310
31.0,1,11,10,2317
31.0,1,11,11,2324
31.0,1,11,12,2331
31.0,1,11,13,2338
31.0,1,11,14,2345
31.0,1,11,15,2351
31.0,1,12,0,2252
31.0,1,12,1,2260
31.0,1,12,2,2267
31.0,1,12,3,2274
31.0,1,12,4,2281
31.0,1,12,5,2288
31.0,1,12,6,2295
31.0,1,12,7,2303
31.0,1,12,8,2310
31.0,1,12,9,2317
31.0,1,12,10,2324
31.0,1,12,11,2331
31.0,1,12,12,2338
31.0,1,12,13,2345
31.0,1,12,14,2352
31.0,1,12,15,2359
31.0,1,13,0,2259
31.0,1,13,1,2267
31.0,1,13,2,2274
31.0,1,13,3,2281
31.0,1,13,4,2288
31.0,1,13,5,2295
31.0,1,13,6,2303
31.0,1,13,7,2310
31.0,1,13,8,2317
31.0,1,13,9,2324
31.0,1,13,10,2331
31.0,1,13,11,2338
31.0,1,13,12,2345
31.0,1,13,13,2352
31.0,1,13,14,2359
31.0,1,13,15,2366
31.0,1,14,0,2266
31.0,1,14,1,2274
31.0,1,14,2,2281
31.0,1,14,3,2288
31.0,1,14,4,2295
31.0,1,14,5,2303
31.0,1,14,6,2310
31.0,1,14,7,2317
31.0,1,14,8,2324
31.0,1,14,9,2331
31.0,1,14,10,2338
31.0,1,14,11,2345
31.0,1,14,12,2352
31.0,1,14,13,2359
31.0,1,14,14,2366
31.0,1,14,15,2373
31.0,1,15,0,2273
31.0,1,15,1,2281
31.0,1,15,2,2288
31.0,1,15,3,2295
31.0,1,15,4,2302
31.0,1,15,5,2310
31.0,1,15,6,2317
31.0,1,15,7,2324
31.0,1,15,8,2331
31.0,1,15,9,2338
31.0,1,15,10,2345
31.0,1,15,11,2352
31.0,1,15,12,2360
31.0,1,15,13,2367
31.0,1,15,14,2374
31.0,1,15,15,2381
31.0,2,0,0,2175
31.0,2,0,1,2182
31.0,2,0,2,2189
31.0,2,0,3,2196
31.0,2,0,4,2203
31.0,2,0,5,2210
31.0,2,0,6,2217
31.0,2,0,7,2224
31.0,2,0,8,2230
31.0,2,0,9,2237
31.0,2,0,10,2244
31.0,2,0,11,2251
31.0,2,0,12,2258
31.0,2,0,13,2264
31.0,2,0,14,2271
31.0,2,0,15,2278
31.0,2,1,0,2182
31.0,2,1,1,2189
31.0,2,1,2,2196
31.0,2,1,3,2203
31.0,2,1,4,2210
31.0,2,1,5,2217
31.0,2,1,6,2224
31.0,2,1,7,2231
31.0,2,1,8,2238
31.0,2,1,9,2245
31.0,2,1,10,2252
31.0,2,1,11,2258
31.0,2,1,12,2265
31.0,2,1,13,2272
31.0,2,1,14,2279
31.0,2,1,15,2285
31.0,2,2,0,2190
31.0,2,2,1,2197
31.0,2,2,2,2204
31.0,2,2,3,2211
31.0,2,2,4,2218
31.0,2,2,5,2225
31.0,2,2,6,2232
31.0,2,2,7,2238
31.0,2,2,8,2245
31.0,2,2,9,2252
31.0,2,2,10,2259
31.0,2,2,11,2266
31.0,2,2,12,2273
31.0,2,2,13,2280
31.0,2,2,14,2286
31.0,2,2,15,2293
31.0,2,3,0,2197
31.0,2,3,1,2204
31.0,2,3,2,2211
31.0,2,3,3,2218
31.0,2,3,4,2225
31.0,2,3,5,2232
31.0,2,3,6,2239
31.0,2,3,7,2246
31.0,2,3,8,2253
31.0,2,3,9,2260
31.0,2,3,10,2267
31.0,2,3,11,2273
31.0,2,3,12,2280
31.0,2,3,13,2287
31.0,2,3,14,2294
31.0,2,3,15,2301
31.0,2,4,0,2204
31.0,2,4,1,2211
31.0,2,4,2,2218
31.0,2,4,3,2225
31.0,2,4,4,2232
31.0,2,4,5,2239
31.0,2,4,6,2246
31.0,2,4,7,2253
31.0,2,4,8,2260
31.0,2,4,9,2267
31.0,2,4,10,2274
31.0,2,4,11,2281
31.0,2,4,12,2288
31.0,2,4,13,2295
31.0,2,4,14,2301
31.0,2,4,15,2308
31.0,2,5,0,2211
31.0,2,5,1,2218
31.0,2,5,2,2225
31.0,2,5,3,2232
31.0,2,5,4,2240
31.0,2,5,5,2247
31.0,2,5,6,2254
31.0,2,5,7,2261
31.0,2,5,8,2268
31.0,2,5,9,2274
31.0,2,5,10,2281
31.0,2,5,11,2288
31.0,2,5,12,2295
31.0,2,5,13,2302
31.0,2,5,14,2309
31.0,2,5,15,2316
31.0,2,6,0,2218
31.0,2,6,1,2226
31.0,2,6,2,2233
31.0,2,6,3,2240
31.0,2,6,4,2247
31.0,2,6,5,2254
31.0,2,6,6,2261
31.0,2,6,7,2268
31.0,2,6,8,2275
31.0,2,6,9,2282
31.0,2,6,10,2289
31.0,2,6,11,2296
31.0,2,6,12,2303
31.0,2,6,13,2310
31.0,2,6,14,2316
31.0,2,6,15,2323
31.0,2,7,0,2226
31.0,2,7,1,2233
31.0,2,7,2,2240
31.0,2,7,3,2247
31.0,2,7,4,2254
31.0,2,7,5,2261
31.0,2,7,6,2268
31.0,2,7,7,2275
31.0,2,7,8,2282
31.0,2,7,9,2289
31.0,2,7,10,2296
31.0,2,7,11,2303
31.0,2,7,12,2310
31.0,2,7,13,2317
31.0,2,7,14,2324
31.0,2,7,15,2331
31.0,2,8,0,2233
31.0,2,8,1,2240
31.0,2,8,2,2247
31.0,2,8,3,2254
31.0,2,8,4,2261
31.0,2,8,5,2268
31.0,2,8,6,2275
31.0,2,8,7,2282
31.0,2,8,8,2290
31.0,2,8,9,2297
31.0,2,8,10,2304
31.0,2,8,11,2311
31.0,2,8,12,2317
31.0,2,8,13,2324
31.0,2,8,14,2331
31.0,2,8,15,2338
31.0,2,9,0,2240
31.0,2,9,1,2247
31.0,2,9,2,2254
31.0,2,9,3,2261
31.0,2,9,4,2268
31.0,2,9,5,2276
31.0,2,9,6,2283
31.0,2,9,7,2290
31.0,2,9,8,2297
31.0,2,9,9,2304
31.0,2,9,10,2311
31.0,2,9,11,2318
31.0,2,9,12,2325
31.0,2,9,13,2332
31.0,2,9,14,2339
31.0,2,9,15,2346
31.0,2,10,0,2247
31.0,2,10,1,2254
31.0,2,10,2,2261
31.0,2,10,3,2268
31.0,2,10,4,2276
31.0,2,10,5,2283
31.0,2,10,6,2290
31.0,2,10,7,2297
31.0,2,10,8,2304
31.0,2,10,9,2311
31.0,2,10,10,2318
31.0,2,10,11,2325
31.0,2,10,12,2332
31.0,2,10,13,2339
31.0,2,10,14,2346
31.0,2,10,15,2353
31.0,2,11,0,2254
31.0,2,11,1,2261
31.0,2,11,2,2268
31.0,2,11,3,2276
31.0,2,11,4,2283
31.0,2,11,5,2290
31.0,2,11,6,2297
31.0,2,11,7,2304
31.0,2,11,8,2311
31.0,2,11,9,2318
31.0,2,11,10,2325
31.0,2,11,11,2332
31.0,2,11,12,2339
31.0,2,11,13,2346
31.0,2,11,14,2353
31.0,2,11,15,2360
31.0,2,12,0,2261
31.0,2,12,1,2268
31.0,2,12,2,2275
31.0,2,12,3,2283
31.0,2,12,4,2290
31.0,2,12,5,2297
31.0,2,12,6,2304
31.0,2,12,7,2311
31.0,2,12,8,2319
31.0,2,12,9,2326
31.0,2,12,10,2333
31.0,2,12,11,2340
31.0,2,12,12,2347
31.0,2,12,13,2354
31.0,2,12,14,2361
31.0,2,12,15,2368
31.0,2,13,0,2268
31.0,2,13,1,2275
31.0,2,13,2,2282
31.0,2,13,3,2290
31.0,2,13,4,2297
31.0,2,13,5,2304
31.0,2,13,6,2311
31.0,2,13,7,2319
31.0,2,13,8,2326
31.0,2,13,9,2333
31.0,2,13,10,2340
31.0,2,13,11,2347
31.0,2,13,12,2354
31.0,2,13,13,2361
31.0,2,13,14,2368
31.0,2,13,15,2375
31.0,2,14,0,2275
31.0,2,14,1,2282
31.0,2,14,2,2290
31.0,2,14,3,2297
31.0,2,14,4,2304
31.0,2,14,5,2311
31.0,2,14,6,2319
31.0,2,14,7,2326
31.0,2,14,8,2333
31.0,2,14,9,2340
31.0,2,14,10,2347
31.0,2,14,11,2354
31.0,2,14,12,2361
31.0,2,14,13,2368
31.0,2,14,14,2375
31.0,2,14,15,2382
31.0,2,15,0,2282
31.0,2,15,1,2289
31.0,2,15,2,2297
31.0,2,15,3,2304
31.0,2,15,4,2311
31.0,2,15,5,2318
31.0,2,15,6,2326
31.0,2,15,7,2333
31.0,2,15,8,2340
31.0,2,15,9,2347
31.0,2,15,10,2354
31.0,2,15,11,2361
31.0,2,15,12,2369
31.0,2,15,13,2376
31.0,2,15,14,2383
31.0,2,15,15,2390
31.0,3,0,0,2183
31.0,3,0,1,2190
31.0,3,0,2,2197
31.0,3,0,3,2204
31.0,3,0,4,2211
31.0,3,0,5,2218
31.0,3,0,6,2225
31.0,3,0,7,2232
31.0,3,0,8,2239
31.0,3,0,9,2246
31.0,3,0,10,2253
31.0,3,0,11,2259
31.0,3,0,12,2266
31.0,3,0,13,2273
31.0,3,0,14,2280
31.0,3,0,15,2286
31.0,3,1,0,2191
31.0,3,1,1,2198
31.0,3,1,2,2205
31.0,3,1,3,2212
31.0,3,1,4,2219
31.0,3,1,5,2226
31.0,3,1,6,2233
31.0,3,1,7,2240
31.0,3,1,8,2246
31.0,3,1,9,2253
31.0,3,1,10,2260
31.0,3,1,11,2267
31.0,3,1,12,2274
31.0,3,1,13,2281
31.0,3,1,14,2287
31.0,3,1,15,2294
31.0,3,2,0,2198
31.0,3,2,1,2205
31.0,3,2,2,2212
31.0,3,2,3,2219
31.0,3,2,4,2226
31.0,3,2,5,2233
31.0,3,2,6,2240
31.0,3,2,7,2247
31.0,3,2,8,2254
31.0,3,2,9,2261
31.0,3,2,10,2268
31.0,3,2,11,2275
31.0,3,2,12,2281
31.0,3,2,13,2288
31.0,3,2,14,2295
31.0,3,2,15,2302
31.0,3,3,0,2205
31.0,3,3,1,2212
31.0,3,3,2,2219
31.0,3,3,3,2226
31.0,3,3,4,2233
31.0,3,3,5,2240
31.0,3,3,6,2247
31.0,3,3,7,2254
31.0,3,3,8,2261
31.0,3,3,9,2268
31.0,3,3,10,2275
31.0,3,3,11,2282
31.0,3,3,12,2289
31.0,3,3,13,2296
31.0,3,3,14,2303
31.0,3,3,15,2309
31.0,3,4,0,2212
31.0,3,4,1,2220
31.0,3,4,2,2227
31.0,3,4,3,2234
31.0,3,4,4,2241
31.0,3,4,5,2248
31.0,3,4,6,2255
31.0,3,4,7,2262
31.0,3,4,8,2269
31.0,3,4,9,2276
31.0,3,4,10,2283
31.0,3,4,11,2290
31.0,3,4,12,2296
31.0,3,4,13,2303
31.0,3,4,14,2310
31.0,3,4,15,2317
31.0,3,5,0,2220
31.0,3,5,1,2227
31.0,3,5,2,2234
31.0,3,5,3,2241
31.0,3,5,4,2248
31.0,3,5,5,2255
31.0,3,5,6,2262
31.0,3,5,7,2269
31.0,3,5,8,2276
31.0,3,5,9,2283
31.0,3,5,10,2290
31.0,3,5,11,2297
31.0,3,5,12,2304
31.0,3,5,13,2311
31.0,3,5,14,2318
31.0,3,5,15,2325
31.0,3,6,0,2227
31.0,3,6,1,2234
31.0,3,6,2,2241
31.0,3,6,3,2248
31.0,3,6,4,2255
31.0,3,6,5,2262
31.0,3,6,6,2269
31.0,3,6,7,2277
31.0,3,6,8,2284
31.0,3,6,9,2291
31.0,3,6,10,2298
31.0,3,6,11,2304
31.0,3,6,12,2311
31.0,3,6,13,2318
31.0,3,6,14,2325
31.0,3,6,15,2332
31.0,3,7,0,2234
31.0,3,7,1,2241
31.0,3,7,2,2248
31.0,3,7,3,2255
31.0,3,7,4,2263
31.0,3,7,5,2270
31.0,3,7,6,2277
31.0,3,7,7,2284
31.0,3,7,8,2291
31.0,3,7,9,2298
31.0,3,7,10,2305
31.0,3,7,11,2312
31.0,3,7,12,2319
31.0,3,7,13,2326
31.0,3,7,14,2333
31.0,3,7,15,2340
31.0,3,8,0,2241
31.0,3,8,1,2248
31.0,3,8,2,2256
31.0,3,8,3,2263
31.0,3,8,4,2270
31.0,3,8,5,2277
31.0,3,8,6,2284
31.0,3,8,7,2291
31.0,3,8,8,2298
31.0,3,8,9,2305
31.0,3,8,10,2312
31.0,3,8,11,2319
31.0,3,8,12,2326
31.0,3,8,13,2333
31.0,3,8,14,2340
31.0,3,8,15,2347
31.0,3,9,0,2248
31.0,3,9,1,2255
31.0,3,9,2,2263
31.0,3,9,3,2270
31.0,3,9,4,2277
31.0,3,9,5,2284
31.0,3,9,6,2291
31.0,3,9,7,2298
31.0,3,9,8,2306
31.0,3,9,9,2313
31.0,3,9,10,2320
31.0,3,9,11,2327
31.0,3,9,12,2334
31.0,3,9,13,2341
31.0,3,9,14,2348
31.0,3,9,15,2355
31.0,3,10,0,2255
31.0,3,10,1,2263
31.0,3,10,2,2270
31.0,3,10,3,2277
31.0,3,10,4,2284
31.0,3,10,5,2291
31.0,3,10,6,2299
31.0,3,10,7,2306
31.0,3,10,8,2313
31.0,3,10,9,2320
31.0,3,10,10,2327
31.0,3,10,11,2334
31.0,3,10,12,2341
31.0,3,10,13,2348
31.0,3,10,14,2355
31.0,3,10,15,2362
31.0,3,11,0,2262
31.0,3,11,1,2270
31.0,3,11,2,2277
31.0,3,11,3,2284
31.0,3,11,4,2291
31.0,3,11,5,2299
31.0,3,11,6,2306
31.0,3,11,7,2313
31.0,3,11,8,2320
31.0,3,11,9,2327
31.0,3,11,10,2334
31.0,3,11,11,2341
31.0,3,11,12,2348
31.0,3,11,13,2355
31.0,3,11,14,2362
31.0,3,11,15,2369
31.0,3,12,0,2269
31.0,3,12,1,2277
31.0,3,12,2,2284
31.0,3,12,3,2291
31.0,3,12,4,2299
31.0,3,12,5,2306
31.0,3,12,6,2313
31.0,3,12,7,2320
31.0,3,12,8,2327
31.0,3,12,9,2334
31.0,3,12,10,2342
31.0,3,12,11,2349
31.0,3,12,12,2356
31.0,3,12,13,2363
31.0,3,12,14,2370
31.0,3,12,15,2377
31.0,3,13,0,2277
31.0,3,13,1,2284
31.0,3,13,2,2291
31.0,3,13,3,2298
31.0,3,13,4,2306
31.0,3,13,5,2313
31.0,3,13,6,2320
31.0,3,13,7,2327
31.0,3,13,8,2335
31.0,3,13,9,2342
31.0,3,13,10,2349
31.0,3,13,11,2356
31.0,3,13,12,2363
31.0,3,13,13,2370
31.0,3,13,14,2377
31.0,3,13,15,2384
31.0,3,14,0,2284
31.0,3,14,1,2291
31.0,3,14,2,2298
31.0,3,14,3,2306
31.0,3,14,4,2313
31.0,3,14,5,2320
31.0,3,14,6,2327
31.0,3,14,7,2335
31.0,3,14,8,2342
31.0,3,14,9,2349
31.0,3,14,10,2356
31.0,3,14,11,2363
31.0,3,14,12,2370
31.0,3,14,13,2377
31.0,3,14,14,2384
31.0,3,14,15,2392
31.0,3,15,0,2291
31.0,3,15,1,2298
31.0,3,15,2,2305
31.0,3,15,3,2313
31.0,3,15,4,2320
31.0,3,15,5,2327
31.0,3,15,6,2334
31.0,3,15,7,2342
31.0,3,15,8,2349
31.0,3,15,9,2356
31.0,3,15,10,2363
31.0,3,15,11,2370
31.0,3,15,12,2378
31.0,3,15,13,2385
31.0,3,15,14,2392
31.0,3,15,15,2399
31.0,4,0,0,2192
31.0,4,0,1,2199
31.0,4,0,2,2206
31.0,4,0,3,2213
31.0,4,0,4,2220
31.0,4,0,5,2227
31.0,4,0,6,2234
31.0,4,0,7,2240
31.0,4,0,8,2247
31.0,4,0,9,2254
31.0,4,0,10,2261
31.0,4,0,11,2268
31.0,4,0,12,2275
31.0,4,0,13,2282
31.0,4,0,14,2288
31.0,4,0,15,2295
31.0,4,1,0,2199
31.0,4,1,1,2206
31.0,4,1,2,2213
31.0,4,1,3,2220
31.0,4,1,4,2227
31.0,4,1,5,2234
31.0,4,1,6,2241
31.0,4,1,7,2248
31.0,4,1,8,2255
31.0,4,1,9,2262
31.0,4,1,10,2269
31.0,4,1,11,2276
31.0,4,1,12,2282
31.0,4,1,13,2289
31.0,4,1,14,2296
31.0,4,1,15,2303
31.0,4,2,0,2206
31.0,4,2,1,2213
31.0,4,2,2,2220
31.0,4,2,3,2227
31.0,4,2,4,2234
31.0,4,2,5,2242
31.0,4,2,6,2248
31.0,4,2,7,2255
31.0,4,2,8,2262
31.0,4,2,9,2269
31.0,4,2,10,2276
31.0,4,2,11,2283
31.0,4,2,12,2290
31.0,4,2,13,2297
31.0,4,2,14,2304
31.0,4,2,15,2311
31.0,4,3,0,2213
31.0,4,3,1,2221
31.0,4,3,2,2228
31.0,4,3,3,2235
31.0,4,3,4,2242
31.0,4,3,5,2249
31.0,4,3,6,2256
31.0,4,3,7,2263
31.0,4,3,8,2270
31.0,4,3,9,2277
31.0,4,3,10,2284
31.0,4,3,11,2291
31.0,4,3,12,2298
31.0,4,3,13,2304
31.0,4,3,14,2311
31.0,4,3,15,2318
31.0,4,4,0,2221
31.0,4,4,1,2228
31.0,4,4,2,2235
31.0,4,4,3,2242
31.0,4,4,4,2249
31.0,4,4,5,2256
31.0,4,4,6,2263
31.0,4,4,7,2270
31.0,4,4,8,2277
31.0,4,4,9,2284
31.0,4,4,10,2291
31.0,4,4,11,2298
31.0,4,4,12,2305
31.0,4,4,13,2312
31.0,4,4,14,2319
31.0,4,4,15,2326
31.0,4,5,0,2228
31.0,4,5,1,2235
31.0,4,5,2,2242
31.0,4,5,3,2249
31.0,4,5,4,2257
31.0,4,5,5,2264
31.0,4,5,6,2271
31.0,4,5,7,2278
31.0,4,5,8,2285
31.0,4,5,9,2292
31.0,4,5,10,2299
31.0,4,5,11,2306
31.0,4,5,12,2313
31.0,4,5,13,2320
31.0,4,5,14,2326
31.0,4,5,15,2333
31.0,4,6,0,2235
31.0,4,6,1,2242
31.0,4,6,2,2250
31.0,4,6,3,2257
31.0,4,6,4,2264
31.0,4,6,5,2271
31.0,4,6,6,2278
31.0,4,6,7,2285
31.0,4,6,8,2292
31.0,4,6,9,2299
31.0,4,6,10,2306
31.0,4,6,11,2313
31.0,4,6,12,2320
31.0,4,6,13,2327
31.0,4,6,14,2334
31.0,4,6,15,2341
31.0,4,7,0,2242
31.0,4,7,1,2250
31.0,4,7,2,2257
31.0,4,7,3,2264
31.0,4,7,4,2271
31.0,4,7,5,2278
31.0,4,7,6,2285
31.0,4,7,7,2293
31.0,4,7,8,2300
31.0,4,7,9,2307
31.0,4,7,10,2314
31.0,4,7,11,2321
31.0,4,7,12,2328
31.0,4,7,13,2335
31.0,4,7,14,2342
31.0,4,7,15,2348
31.0,4,8,0,2250
31.0,4,8,1,2257
31.0,4,8,2,2264
31.0,4,8,3,2271
31.0,4,8,4,2278
31.0,4,8,5,2286
31.0,4,8,6,2293
31.0,4,8,7,2300
31.0,4,8,8,2307
31.0,4,8,9,2314
31.0,4,8,10,2321
31.0,4,8,11,2328
31.0,4,8,12,2335
31.0,4,8,13,2342
31.0,4,8,14,2349
31.0,4,8,15,2356
31.0,4,9,0,2257
31.0,4,9,1,2264
31.0,4,9,2,2271
31.0,4,9,3,2279
31.0,4,9,4,2286
31.0,4,9,5,2293
31.0,4,9,6,2300
31.0,4,9,7,2307
31.0,4,9,8,2314
31.0,4,9,9,2321
31.0,4,9,10,2328
31.0,4,9,11,2335
31.0,4,9,12,2343
31.0,4,9,13,2350
31.0,4,9,14,2356
31.0,4,9,15,2363
31.0,4,10,0,2264
31.0,4,10,1,2271
31.0,4,10,2,2278
31.0,4,10,3,2286
31.0,4,10,4,2293
31.0,4,10,5,2300
31.0,4,10,6,2307
31.0,4,10,7,2314
31.0,4,10,8,2322
31.0,4,10,9,2329
31.0,4,10,10,2336
31.0,4,10,11,2343
31.0,4,10,12,2350
31.0,4,10,13,2357
31.0,4,10,14,2364
31.0,4,10,15,2371
31.0,4,11,0,2271
31.0,4,11,1,2278
31.0,4,11,2,2286
31.0,4,11,3,2293
31.0,4,11,4,2300
31.0,4,11,5,2307
31.0,4,11,6,2315
31.0,4,11,7,2322
31.0,4,11,8,2329
31.0,4,11,9,2336
31.0,4,11,10,2343
31.0,4,11,11,2350
31.0,4,11,12,2357
31.0,4,11,13,2364
31.0,4,11,14,2371
31.0,4,11,15,2378
31.0,4,12,0,2278
31.0,4,12,1,2285
31.0,4,12,2,2293
31.0,4,12,3,2300
31.0,4,12,4,2307
31.0,4,12,5,2315
31.0,4,12,6,2322
31.0,4,12,7,2329
31.0,4,12,8,2336
31.0,4,12,9,2343
31.0,4,12,10,2350
31.0,4,12,11,2358
31.0,4,12,12,2365
31.0,4,12,13,2372
31.0,4,12,14,2379
31.0,4,12,15,2386
31.0,4,13,0,2285
31.0,4,13,1,2293
31.0,4,13,2,2300
31.0,4,13,3,2307
31.0,4,13,4,2314
31.0,4,13,5,2322
31.0,4,13,6,2329
31.0,4,13,7,2336
31.0,4,13,8,2343
31.0,4,13,9,2351
31.0,4,13,10,2358
31.0,4,13,11,2365
31.0,4,13,12,2372
31.0,4,13,13,2379
31.0,4,13,14,2386
31.0,4,13,15,2393
31.0,4,14,0,2292
31.0,4,14,1,2300
31.0,4,14,2,2307
31.0,4,14,3,2314
31.0,4,14,4,2322
31.0,4,14,5,2329
31.0,4,14,6,2336
31.0,4,14,7,2343
31.0,4,14,8,2351
31.0,4,14,9,2358
31.0,4,14,10,2365
31.0,4,14,11,2372
31.0,4,14,12,2379
31.0,4,14,13,2386
31.0,4,14,14,2394
31.0,4,14,15,2401
31.0,4,15,0,2299
31.0,4,15,1,2307
31.0,4,15,2,2314
31.0,4,15,3,2321
31.0,4,15,4,2329
31.0,4,15,5,2336
31.0,4,15,6,2343
31.0,4,15,7,2351
31.0,4,15,8,2358
31.0,4,15,9,2365
31.0,4,15,10,2372
31.0,4,15,11,2379
31.0,4,15,12,2387
31.0,4,15,13,2394
31.0,4,15,14,2401
31.0,4,15,15,2408
31.0,5,0,0,2200
31.0,5,0,1,2207
31.0,5,0,2,2214
31.0,5,0,3,2221
31.0,5,0,4,2228
31.0,5,0,5,2235
31.0,5,0,6,2242
31.0,5,0,7,2249
31.0,5,0,8,2256
31.0,5,0,9,2263
31.0,5,0,10,2270
31.0,5,0,11,2277
31.0,5,0,12,2283
31.0,5,0,13,2290
31.0,5,0,14,2297
31.0,5,0,15,2304
31.0,5,1,0,2207
31.0,5,1,1,2214
31.0,5,1,2,2221
31.0,5,1,3,2228
31.0,5,1,4,2235
31.0,5,1,5,2242
31.0,5,1,6,2249
31.0,5,1,7,2256
31.0,5,1,8,2263
31.0,5,1,9,2270
31.0,5,1,10,2277
31.0,5,1,11,2284
31.0,5,1,12,2291
31.0,5,1,13,2298
31.0,5,1,14,2305
31.0,5,1,15,2312
31.0,5,2,0,2215
31.0,5,2,1,2222
31.0,5,2,2,2229
31.0,5,2,3,2236
31.0,5,2,4,2243
31.0,5,2,5,2250
31.0,5,2,6,2257
31.0,5,2,7,2264
31.0,5,2,8,2271
31.0,5,2,9,2278
31.0,5,2,10,2285
31.0,5,2,11,2292
31.0,5,2,12,2299
31.0,5,2,13,2306
31.0,5,2,14,2312
31.0,5,2,15,2319
31.0,5,3,0,2222
31.0,5,3,1,2229
31.0,5,3,2,2236
31.0,5,3,3,2243
31.0,5,3,4,2250
31.0,5,3,5,2257
31.0,5,3,6,2264
31.0,5,3,7,2271
31.0,5,3,8,2278
31.0,5,3,9,2285
31.0,5,3,10,2292
31.0,5,3,11,2299
31.0,5,3,12,2306
31.0,5,3,13,2313
31.0,5,3,14,2320
31.0,5,3,15,2327
31.0,5,4,0,2229
31.0,5,4,1,2236
31.0,5,4,2,2243
31.0,5,4,3,2251
31.0,5,4,4,2258
31.0,5,4,5,2265
31.0,5,4,6,2272
31.0,5,4,7,2279
31.0,5,4,8,2286
31.0,5,4,9,2293
31.0,5,4,10,2300
31.0,5,4,11,2307
31.0,5,4,12,2314
31.0,5,4,13,2321
31.0,5,4,14,2328
31.0,5,4,15,2335
31.0,5,5,0,2236
31.0,5,5,1,2244
31.0,5,5,2,2251
31.0,5,5,3,2258
31.0,5,5,4,2265
31.0,5,5,5,2272
31.0,5,5,6,2279
31.0,5,5,7,2286
31.0,5,5,8,2293
31.0,5,5,9,2300
31.0,5,5,10,2307
31.0,5,5,11,2314
31.0,5,5,12,2321
31.0,5,5,13,2328
31.0,5,5,14,2335
31.0,5,5,15,2342
31.0,5,6,0,2244
31.0,5,6,1,2251
31.0,5,6,2,2258
31.0,5,6,3,2265
31.0,5,6,4,2272
31.0,5,6,5,2280
31.0,5,6,6,2287
31.0,5,6,7,2294
31.0,5,6,8,2301
31.0,5,6,9,2308
31.0,5,6,10,2315
31.0,5,6,11,2322
31.0,5,6,12,2329
31.0,5,6,13,2336
31.0,5,6,14,2343
31.0,5,6,15,2350
31.0,5,7,0,2251
31.0,5,7,1,2258
31.0,5,7,2,2265
31.0,5,7,3,2273
31.0,5,7,4,2280
31.0,5,7,5,2287
31.0,5,7,6,2294
31.0,5,7,7,2301
31.0,5,7,8,2308
31.0,5,7,9,2315
31.0,5,7,10,2322
31.0,5,7,11,2329
31.0,5,7,12,2336
31.0,5,7,13,2343
31.0,5,7,14,2350
31.0,5,7,15,2357
31.0,5,8,0,2258
31.0,5,8,1,2265
31.0,5,8,2,2273
31.0,5,8,3,2280
31.0,5,8,4,2287
31.0,5,8,5,2294
31.0,5,8,6,2301
31.0,5,8,7,2309
31.0,5,8,8,2316
31.0,5,8,9,2323
31.0,5,8,10,2330
31.0,5,8,11,2337
31.0,5,8,12,2344
31.0,5,8,13,2351
31.0,5,8,14,2358
31.0,5,8,15,2365
31.0,5,9,0,2265
31.0,5,9,1,2273
31.0,5,9,2,2280
31.0,5,9,3,2287
31.0,5,9,4,2294
31.0,5,9,5,2302
31.0,5,9,6,2309
31.0,5,9,7,2316
31.0,5,9,8,2323
31.0,5,9,9,2330
31.0,5,9,10,2337
31.0,5,9,11,2344
31.0,5,9,12,2351
31.0,5,9,13,2358
31.0,5,9,14,2365
31.0,5,9,15,2372
31.0,5,10,0,2272
31.0,5,10,1,2280
31.0,5,10,2,2287
31.0,5,10,3,2294
31.0,5,10,4,2302
31.0,5,10,5,2309
31.0,5,10,6,2316
31.0,5,10,7,2323
31.0,5,10,8,2330
31.0,5,10,9,2337
31.0,5,10,10,2345
31.0,5,10,11,2352
31.0,5,10,12,2359
31.0,5,10,13,2366
31.0,5,10,14,2373
31.0,5,10,15,2380
31.0,5,11,0,2280
31.0,5,11,1,2287
31.0,5,11,2,2294
31.0,5,11,3,2302
31.0,5,11,4,2309
31.0,5,11,5,2316
31.0,5,11,6,2323
31.0,5,11,7,2330
31.0,5,11,8,2338
31.0,5,11,9,2345
31.0,5,11,10,2352
31.0,5,11,11,2359
31.0,5,11,12,2366
31.0,5,11,13,2373
31.0,5,11,14,2380
31.0,5,11,15,2387
31.0,5,12,0,2287
31.0,5,12,1,2294
31.0,5,12,2,2301
31.0,5,12,3,2309
31.0,5,12,4,2316
31.0,5,12,5,2323
31.0,5,12,6,2331
31.0,5,12,7,2338
31.0,5,12,8,2345
31.0,5,12,9,2352
31.0,5,12,10,2359
31.0,5,12,11,2366
31.0,5,12,12,2374
31.0,5,12,13,2381
31.0,5,12,14,2388
31.0,5,12,15,2395
31.0,5,13,0,2294
31.0,5,13,1,2301
31.0,5,13,2,2309
31.0,5,13,3,2316
31.0,5,13,4,2323
31.0,5,13,5,2330
31.0,5,13,6,2338
31.0,5,13,7,2345
31.0,5,13,8,2352
31.0,5,13,9,2359
31.0,5,13,10,2367
31.0,5,13,11,2374
31.0,5,13,12,2381
31.0,5,13,13,2388
31.0,5,13,14,2395
31.0,5,13,15,2402
31.0,5,14,0,2301
31.0,5,14,1,2308
31.0,5,14,2,2316
31.0,5,14,3,2323
31.0,5,14,4,2330
31.0,5,14,5,2338
31.0,5,14,6,2345
31.0,5,14,7,2352
31.0,5,14,8,2359
31.0,5,14,9,2367
31.0,5,14,10,2374
31.0,5,14,11,2381
31.0,5,14,12,2388
31.0,5,14,13,2395
31.0,5,14,14,2403
31.0,5,14,15,2410
31.0,5,15,0,2308
31.0,5,15,1,2315
31.0,5,15,2,2323
31.0,5,15,3,2330
31.0,5,15,4,2337
31.0,5,15,5,2345
31.0,5,15,6,2352
31.0,5,15,7,2359
31.0,5,15,8,2367
31.0,5,15,9,2374
31.0,5,15,10,2381
31.0,5,15,11,2388
31.0,5,15,12,2396
31.0,5,15,13,2403
31.0,5,15,14,2410
31.0,5,15,15,2417
31.0,6,0,0,2208
31.0,6,0,1,2215
31.0,6,0,2,2222
31.0,6,0,3,2229
31.0,6,0,4,2236
31.0,6,0,5,2243
31.0,6,0,6,2250
31.0,6,0,7,2257
31.0,6,0,8,2264
31.0,6,0,9,2271
31.0,6,0,10,2278
31.0,6,0,11,2285
31.0,6,0,12,2292
31.0,6,0,13,2299
31.0,6,0,14,2306
31.0,6,0,15,2312
31.0,6,1,0,2215
31.0,6,1,1,2223
31.0,6,1,2,2230
31.0,6,1,3,2237
31.0,6,1,4,2244
31.0,6,1,5,2251
31.0,6,1,6,2258
31.0,6,1,7,2265
31.0,6,1,8,2272
31.0,6,1,9,2279
31.0,6,1,10,2286
31.0,6,1,11,2293
31.0,6,1,12,2300
31.0,6,1,13,2307
31.0,6,1,14,2313
31.0,6,1,15,2320
31.0,6,2,0,2223
31.0,6,2,1,2230
31.0,6,2,2,2237
31.0,6,2,3,2244
31.0,6,2,4,2251
31.0,6,2,5,2258
31.0,6,2,6,2265
31.0,6,2,7,2272
31.0,6,2,8,2280
31.0,6,2,9,2286
31.0,6,2,10,2293
31.0,6,2,11,2300
31.0,6,2,12,2307
31.0,6,2,13,2314
31.0,6,2,14,2321
31.0,6,2,15,2328
31.0,6,3,0,2230
31.0,6,3,1,2237
31.0,6,3,2,2245
31.0,6,3,3,2252
31.0,6,3,4,2259
31.0,6,3,5,2266
31.0,6,3,6,2273
31.0,6,3,7,2280
31.0,6,3,8,2287
31.0,6,3,9,2294
31.0,6,3,10,2301
31.0,6,3,11,2308
31.0,6,3,12,2315
31.0,6,3,13,2322
31.0,6,3,14,2329
31.0,6,3,15,2336
31.0,6,4,0,2238
31.0,6,4,1,2245
31.0,6,4,2,2252
31.0,6,4,3,2259
31.0,6,4,4,2266
31.0,6,4,5,2273
31.0,6,4,6,2280
31.0,6,4,7,2287
31.0,6,4,8,2295
31.0,6,4,9,2302
31.0,6,4,10,2309
31.0,6,4,11,2316
31.0,6,4,12,2323
31.0,6,4,13,2329
31.0,6,4,14,2336
31.0,6,4,15,2343
31.0,6,5,0,2245
31.0,6,5,1,2252
31.0,6,5,2,2259
31.0,6,5,3,2266
31.0,6,5,4,2274
31.0,6,5,5,2281
31.0,6,5,6,2288
31.0,6,5,7,2295
31.0,6,5,8,2302
31.0,6,5,9,2309
31.0,6,5,10,2316
31.0,6,5,11,2323
31.0,6,5,12,2330
31.0,6,5,13,2337
31.0,6,5,14,2344
31.0,6,5,15,2351
31.0,6,6,0,2252
31.0,6,6,1,2259
31.0,6,6,2,2267
31.0,6,6,3,2274
31.0,6,6,4,2281
31.0,6,6,5,2288
31.0,6,6,6,2295
31.0,6,6,7,2302
31.0,6,6,8,2310
31.0,6,6,9,2317
31.0,6,6,10,2324
31.0,6,6,11,2331
31.0,6,6,12,2338
31.0,6,6,13,2345
31.0,6,6,14,2352
31.0,6,6,15,2359
31.0,6,7,0,2259
31.0,6,7,1,2267
31.0,6,7,2,2274
31.0,6,7,3,2281
31.0,6,7,4,2288
31.0,6,7,5,2296
31.0,6,7,6,2303
31.0,6,7,7,2310
31.0,6,7,8,2317
31.0,6,7,9,2324
31.0,6,7,10,2331
31.0,6,7,11,2338
31.0,6,7,12,2345
31.0,6,7,13,2352
31.0,6,7,14,2359
31.0,6,7,15,2366
31.0,6,8,0,2267
31.0,6,8,1,2274
31.0,6,8,2,2281
31.0,6,8,3,2288
31.0,6,8,4,2296
31.0,6,8,5,2303
31.0,6,8,6,2310
31.0,6,8,7,2317
31.0,6,8,8,2324
31.0,6,8,9,2331
31.0,6,8,10,2339
31.0,6,8,11,2346
31.0,6,8,12,2353
31.0,6,8,13,2360
31.0,6,8,14,2367
31.0,6,8,15,2374
31.0,6,9,0,2274
31.0,6,9,1,2281
31.0,6,9,2,2288
31.0,6,9,3,2296
31.0,6,9,4,2303
31.0,6,9,5,2310
31.0,6,9,6,2317
31.0,6,9,7,2325
31.0,6,9,8,2332
31.0,6,9,9,2339
31.0,6,9,10,2346
31.0,6,9,11,2353
31.0,6,9,12,2360
31.0,6,9,13,2367
31.0,6,9,14,2374
31.0,6,9,15,2381
31.0,6,10,0,2281
31.0,6,10,1,2288
31.0,6,10,2,2296
31.0,6,10,3,2303
31.0,6,10,4,2310
31.0,6,10,5,2317
31.0,6,10,6,2325
31.0,6,10,7,2332
31.0,6,10,8,2339
31.0,6,10,9,2346
31.0,6,10,10,2353
31.0,6,10,11,2361
31.0,6,10,12,2368
31.0,6,10,13,2375
31.0,6,10,14,2382
31.0,6,10,15,2389
31.0,6,11,0,2288
31.0,6,11,1,2296
31.0,6,11,2,2303
31.0,6,11,3,2310
31.0,6,11,4,2317
31.0,6,11,5,2325
31.0,6,11,6,2332
31.0,6,11,7,2339
31.0,6,11,8,2346
31.0,6,11,9,2354
31.0,6,11,10,2361
31.0,6,11,11,2368
31.0,6,11,12,2375
31.0,6,11,13,2382
31.0,6,11,14,2389
31.0,6,11,15,2396
31.0,6,12,0,2295
31.0,6,12,1,2303
31.0,6,12,2,2310
31.0,6,12,3,2317
31.0,6,12,4,2325
31.0,6,12,5,2332
31.0,6,12,6,2339
31.0,6,12,7,2347
31.0,6,12,8,2354
31.0,6,12,9,2361
31.0,6,12,10,2368
31.0,6,12,11,2375
31.0,6,12,12,2382
31.0,6,12,13,2390
31.0,6,12,14,2397
31.0,6,12,15,2404
31.0,6,13,0,2302
31.0,6,13,1,2310
31.0,6,13,2,2317
31.0,6,13,3,2325
31.0,6,13,4,2332
31.0,6,13,5,2339
31.0,6,13,6,2347
31.0,6,13,7,2354
31.0,6,13,8,2361
31.0,6,13,9,2368
31.0,6,13,10,2376
31.0,6,13,11,2383
31.0,6,13,12,2390
31.0,6,13,13,2397
31.0,6,13,14,2404
31.0,6,13,15,2411
31.0,6,14,0,2310
31.0,6,14,1,2317
31.0,6,14,2,2324
31.0,6,14,3,2332
31.0,6,14,4,2339
31.0,6,14,5,2346
31.0,6,14,6,2354
31.0,6,14,7,2361
31.0,6,14,8,2368
31.0,6,14,9,2376
31.0,6,14,10,2383
31.0,6,14,11,2390
31.0,6,14,12,2397
31.0,6,14,13,2404
31.0,6,14,14,2412
31.0,6,14,15,2419
31.0,6,15,0,2317
31.0,6,15,1,2324
31.0,6,15,2,2331
31.0,6,15,3,2339
31.0,6,15,4,2346
31.0,6,15,5,2354
31.0,6,15,6,2361
31.0,6,15,7,2368
31.0,6,15,8,2376
31.0,6,15,9,2383
31.0,6,15,10,2390
31.0,6,15,11,2397
31.0,6,15,12,2405
31.0,6,15,13,2412
31.0,6,15,14,2419
31.0,6,15,15,2426
31.0,7,0,0,2216
31.0,7,0,1,2223
31.0,7,0,2,2231
31.0,7,0,3,2238
31.0,7,0,4,2245
31.0,7,0,5,2252
31.0,7,0,6,2259
31.0,7,0,7,2266
31.0,7,0,8,2273
31.0,7,0,9,2280
31.0,7,0,10,2287
31.0,7,0,11,2294
31.0,7,0,12,2301
31.0,7,0,13,2307
31.0,7,0,14,2314
31.0,7,0,15,2321
31.0,7,1,0,2224
31.0,7,1,1,2231
31.0,7,1,2,2238
31.0,7,1,3,2245
31.0,7,1,4,2252
31.0,7,1,5,2259
31.0,7,1,6,2266
31.0,7,1,7,2273
31.0,7,1,8,2280
31.0,7,1,9,2287
31.0,7,1,10,2294
31.0,7,1,11,2301
31.0,7,1,12,2308
31.0,7,1,13,2315
31.0,7,1,14,2322
31.0,7,1,15,2329
31.0,7,2,0,2231
31.0,7,2,1,2238
31.0,7,2,2,2246
31.0,7,2,3,2253
31.0,7,2,4,2260
31.0,7,2,5,2267
31.0,7,2,6,2274
31.0,7,2,7,2281
31.0,7,2,8,2288
31.0,7,2,9,2295
31.0,7,2,10,2302
31.0,7,2,11,2309
31.0,7,2,12,2316
31.0,7,2,13,2323
31.0,7,2,14,2330
31.0,7,2,15,2337
31.0,7,3,0,2239
31.0,7,3,1,2246
31.0,7,3,2,2253
31.0,7,3,3,2260
31.0,7,3,4,2267
31.0,7,3,5,2274
31.0,7,3,6,2281
31.0,7,3,7,2289
31.0,7,3,8,2296
31.0,7,3,9,2303
31.0,7,3,10,2310
31.0,7,3,11,2317
31.0,7,3,12,2324
31.0,7,3,13,2331
31.0,7,3,14,2337
31.0,7,3,15,2344
31.0,7,4,0,2246
31.0,7,4,1,2253
31.0,7,4,2,2260
31.0,7,4,3,2268
31.0,7,4,4,2275
31.0,7,4,5,2282
31.0,7,4,6,2289
31.0,7,4,7,2296
31.0,7,4,8,2303
31.0,7,4,9,2310
31.0,7,4,10,2317
31.0,7,4,11,2324
31.0,7,4,12,2331
31.0,7,4,13,2338
31.0,7,4,14,2345
31.0,7,4,15,2352
31.0,7,5,0,2253
31.0,7,5,1,2260
31.0,7,5,2,2268
31.0,7,5,3,2275
31.0,7,5,4,2282
31.0,7,5,5,2289
31.0,7,5,6,2296
31.0,7,5,7,2304
31.0,7,5,8,2311
31.0,7,5,9,2318
31.0,7,5,10,2325
31.0,7,5,11,2332
31.0,7,5,12,2339
31.0,7,5,13,2346
31.0,7,5,14,2353
31.0,7,5,15,2360
31.0,7,6,0,2261
31.0,7,6,1,2268
31.0,7,6,2,2275
31.0,7,6,3,2282
31.0,7,6,4,2290
31.0,7,6,5,2297
31.0,7,6,6,2304
31.0,7,6,7,2311
31.0,7,6,8,2318
31.0,7,6,9,2325
31.0,7,6,10,2332
31.0,7,6,11,2339
31.0,7,6,12,2346
31.0,7,6,13,2353
31.0,7,6,14,2360
31.0,7,6,15,2367
31.0,7,7,0,2268
31.0,7,7,1,2275
31.0,7,7,2,2282
31.0,7,7,3,2290
31.0,7,7,4,2297
31.0,7,7,5,2304
31.0,7,7,6,2311
31.0,7,7,7,2318
31.0,7,7,8,2326
31.0,7,7,9,2333
31.0,7,7,10,2340
31.0,7,7,11,2347
31.0,7,7,12,2354
31.0,7,7,13,2361
31.0,7,7,14,2368
31.0,7,7,15,2375
31.0,7,8,0,2275
31.0,7,8,1,2282
31.0,7,8,2,2290
31.0,7,8,3,2297
31.0,7,8,4,2304
31.0,7,8,5,2311
31.0,7,8,6,2319
31.0,7,8,7,2326
31.0,7,8,8,2333
31.0,7,8,9,2340
31.0,7,8,10,2347
31.0,7,8,11,2354
31.0,7,8,12,2362
31.0,7,8,13,2369
31.0,7,8,14,2376
31.0,7,8,15,2383
31.0,7,9,0,2282
31.0,7,9,1,2290
31.0,7,9,2,2297
31.0,7,9,3,2304
31.0,7,9,4,2312
31.0,7,9,5,2319
31.0,7,9,6,2326
31.0,7,9,7,2333
31.0,7,9,8,2340
31.0,7,9,9,2348
31.0,7,9,10,2355
31.0,7,9,11,2362
31.0,7,9,12,2369
31.0,7,9,13,2376
31.0,7,9,14,2383
31.0,7,9,15,2390
31.0,7,10,0,2290
31.0,7,10,1,2297
31.0,7,10,2,2304
31.0,7,10,3,2312
31.0,7,10,4,2319
31.0,7,10,5,2326
31.0,7,10,6,2333
31.0,7,10,7,2341
31.0,7,10,8,2348
31.0,7,10,9,2355
31.0,7,10,10,2362
31.0,7,10,11,2369
31.0,7,10,12,2377
31.0,7,10,13,2384
31.0,7,10,14,2391
31.0,7,10,15,2398
31.0,7,11,0,2297
31.0,7,11,1,2304
31.0,7,11,2,2311
31.0,7,11,3,2319
31.0,7,11,4,2326
31.0,7,11,5,2333
31.0,7,11,6,2341
31.0,7,11,7,2348
31.0,7,11,8,2355
31.0,7,11,9,2362
31.0,7,11,10,2370
31.0,7,11,11,2377
31.0,7,11,12,2384
31.0,7,11,13,2391
31.0,7,11,14,2398
31.0,7,11,15,2405
31.0,7,12,0,2304
31.0,7,12,1,2311
31.0,7,12,2,2319
31.0,7,12,3,2326
31.0,7,12,4,2333
31.0,7,12,5,2341
31.0,7,12,6,2348
31.0,7,12,7,2355
31.0,7,12,8,2363
31.0,7,12,9,2370
31.0,7,12,10,2377
31.0,7,12,11,2384
31.0,7,12,12,2391
31.0,7,12,13,2399
31.0,7,12,14,2406
31.0,7,12,15,2413
31.0,7,13,0,2311
31.0,7,13,1,2318
31.0,7,13,2,2326
31.0,7,13,3,2333
31.0,7,13,4,2341
31.0,7,13,5,2348
31.0,7,13,6,2355
31.0,7,13,7,2363
31.0,7,13,8,2370
31.0,7,13,9,2377
31.0,7,13,10,2384
31.0,7,13,11,2392
31.0,7,13,12,2399
31.0,7,13,13,2406
31.0,7,13,14,2413
31.0,7,13,15,2420
31.0,7,14,0,2318
31.0,7,14,1,2326
31.0,7,14,2,2333
31.0,7,14,3,2340
31.0,7,14,4,2348
31.0,7,14,5,2355
31.0,7,14,6,2363
31.0,7,14,7,2370
31.0,7,14,8,2377
31.0,7,14,9,2385
31.0,7,14,10,2392
31.0,7,14,11,2399
31.0,7,14,12,2406
31.0,7,14,13,2413
31.0,7,14,14,2421
31.0,7,14,15,2428
31.0,7,15,0,2325
31.0,7,15,1,2333
31.0,7,15,2,2340
31.0,7,15,3,2348
31.0,7,15,4,2355
31.0,7,15,5,2362
31.0,7,15,6,2370
31.0,7,15,7,2377
31.0,7,15,8,2385
31.0,7,15,9,2392
31.0,7,15,10,2399
31.0,7,15,11,2406
31.0,7,15,12,2414
31.0,7,15,13,2421
31.0,7,15,14,2428
31.0,7,15,15,2435
31.0,8,0,0,2225
31.0,8,0,1,2232
31.0,8,0,2,2239
31.0,8,0,3,2246
31.0,8,0,4,2253
31.0,8,0,5,2260
31.0,8,0,6,2267
31.0,8,0,7,2274
31.0,8,0,8,2281
31.0,8,0,9,2288
31.0,8,0,10,2295
31.0,8,0,11,2302
31.0,8,0,12,2309
31.0,8,0,13,2316
31.0,8,0,14,2323
31.0,8,0,15,2330
31.0,8,1,0,2232
31.0,8,1,1,2239
31.0,8,1,2,2246
31.0,8,1,3,2254
31.0,8,1,4,2261
31.0,8,1,5,2268
31.0,8,1,6,2275
31.0,8,1,7,2282
31.0,8,1,8,2289
31.0,8,1,9,2296
31.0,8,1,10,2303
31.0,8,1,11,2310
31.0,8,1,12,2317
31.0,8,1,13,2324
31.0,8,1,14,2331
31.0,8,1,15,2338
31.0,8,2,0,2239
31.0,8,2,1,2247
31.0,8,2,2,2254
31.0,8,2,3,2261
31.0,8,2,4,2268
31.0,8,2,5,2275
31.0,8,2,6,2282
31.0,8,2,7,2290
31.0,8,2,8,2297
31.0,8,2,9,2304
31.0,8,2,10,2311
31.0,8,2,11,2318
31.0,8,2,12,2325
31.0,8,2,13,2332
31.0,8,2,14,2338
31.0,8,2,15,2345
31.0,8,3,0,2247
31.0,8,3,1,2254
31.0,8,3,2,2261
31.0,8,3,3,2269
31.0,8,3,4,2276
31.0,8,3,5,2283
31.0,8,3,6,2290
31.0,8,3,7,2297
31.0,8,3,8,2304
31.0,8,3,9,2311
31.0,8,3,10,2318
31.0,8,3,11,2325
31.0,8,3,12,2332
31.0,8,3,13,2339
31.0,8,3,14,2346
31.0,8,3,15,2353
31.0,8,4,0,2254
31.0,8,4,1,2262
31.0,8,4,2,2269
31.0,8,4,3,2276
31.0,8,4,4,2283
31.0,8,4,5,2290
31.0,8,4,6,2298
31.0,8,4,7,2305
31.0,8,4,8,2312
31.0,8,4,9,2319
31.0,8,4,10,2326
31.0,8,4,11,2333
31.0,8,4,12,2340
31.0,8,4,13,2347
31.0,8,4,14,2354
31.0,8,4,15,2361
31.0,8,5,0,2262
31.0,8,5,1,2269
31.0,8,5,2,2276
31.0,8,5,3,2283
31.0,8,5,4,2291
31.0,8,5,5,2298
31.0,8,5,6,2305
31.0,8,5,7,2312
31.0,8,5,8,2319
31.0,8,5,9,2326
31.0,8,5,10,2333
31.0,8,5,11,2341
31.0,8,5,12,2348
31.0,8,5,13,2355
31.0,8,5,14,2362
31.0,8,5,15,2369
31.0,8,6,0,2269
31.0,8,6,1,2276
31.0,8,6,2,2284
31.0,8,6,3,2291
31.0,8,6,4,2298
31.0,8,6,5,2305
31.0,8,6,6,2312
31.0,8,6,7,2320
31.0,8,6,8,2327
31.0,8,6,9,2334
31.0,8,6,10,2341
31.0,8,6,11,2348
31.0,8,6,12,2355
31.0,8,6,13,2362
31.0,8,6,14,2369
31.0,8,6,15,2376
31.0,8,7,0,2276
31.0,8,7,1,2284
31.0,8,7,2,2291
31.0,8,7,3,2298
31.0,8,7,4,2305
31.0,8,7,5,2313
31.0,8,7,6,2320
31.0,8,7,7,2327
31.0,8,7,8,2334
31.0,8,7,9,2341
31.0,8,7,10,2349
31.0,8,7,11,2356
31.0,8,7,12,2363
31.0,8,7,13,2370
31.0,8,7,14,2377
31.0,8,7,15,2384
31.0,8,8,0,2284
31.0,8,8,1,2291
31.0,8,8,2,2298
31.0,8,8,3,2306
31.0,8,8,4,2313
31.0,8,8,5,2320
31.0,8,8,6,2327
31.0,8,8,7,2335
31.0,8,8,8,2342
31.0,8,8,9,2349
31.0,8,8,10,2356
31.0,8,8,11,2363
31.0,8,8,12,2370
31.0,8,8,13,2377
31.0,8,8,14,2384
31.0,8,8,15,2392
31.0,8,9,0,2291
31.0,8,9,1,2298
31.0,8,9,2,2306
31.0,8,9,3,2313
31.0,8,9,4,2320
31.0,8,9,5,2327
31.0,8,9,6,2335
31.0,8,9,7,2342
31.0,8,9,8,2349
31.0,8,9,9,2356
31.0,8,9,10,2364
31.0,8,9,11,2371
31.0,8,9,12,2378
31.0,8,9,13,2385
31.0,8,9,14,2392
31.0,8,9,15,2399
31.0,8,10,0,2298
31.0,8,10,1,2305
31.0,8,10,2,2313
31.0,8,10,3,2320
31.0,8,10,4,2328
31.0,8,10,5,2335
31.0,8,10,6,2342
31.0,8,10,7,2349
31.0,8,10,8,2357
31.0,8,10,9,2364
31.0,8,10,10,2371
31.0,8,10,11,2378
31.0,8,10,12,2385
31.0,8,10,13,2393
31.0,8,10,14,2400
31.0,8,10,15,2407
31.0,8,11,0,2305
31.0,8,11,1,2313
31.0,8,11,2,2320
31.0,8,11,3,2327
31.0,8,11,4,2335
31.0,8,11,5,2342
31.0,8,11,6,2349
31.0,8,11,7,2357
31.0,8,11,8,2364
31.0,8,11,9,2371
31.0,8,11,10,2379
31.0,8,11,11,2386
31.0,8,11,12,2393
31.0,8,11,13,2400
31.0,8,11,14,2407
31.0,8,11,15,2414
31.0,8,12,0,2312
31.0,8,12,1,2320
31.0,8,12,2,2327
31.0,8,12,3,2335
31.0,8,12,4,2342
31.0,8,12,5,2349
31.0,8,12,6,2357
31.0,8,12,7,2364
31.0,8,12,8,2371
31.0,8,12,9,2379
31.0,8,12,10,2386
31.0,8,12,11,2393
31.0,8,12,12,2400
31.0,8,12,13,2408
31.0,8,12,14,2415
31.0,8,12,15,2422
31.0,8,13,0,2320
31.0,8,13,1,2327
31.0,8,13,2,2335
31.0,8,13,3,2342
31.0,8,13,4,2349
31.0,8,13,5,2357
31.0,8,13,6,2364
31.0,8,13,7,2371
31.0,8,13,8,2379
31.0,8,13,9,2386
31.0,8,13,10,2393
31.0,8,13,11,2401
31.0,8,13,12,2408
31.0,8,13,13,2415
31.0,8,13,14,2422
31.0,8,13,15,2429
31.0,8,14,0,2327
31.0,8,14,1,2334
31.0,8,14,2,2342
31.0,8,14,3,2349
31.0,8,14,4,2357
31.0,8,14,5,2364
31.0,8,14,6,2371
31.0,8,14,7,2379
31.0,8,14,8,2386
31.0,8,14,9,2393
31.0,8,14,10,2401
31.0,8,14,11,2408
31.0,8,14,12,2415
31.0,8,14,13,2422
31.0,8,14,14,2430
31.0,8,14,15,2437
31.0,8,15,0,2334
31.0,8,15,1,2341
31.0,8,15,2,2349
31.0,8,15,3,2356
31.0,8,15,4,2364
31.0,8,15,5,2371
31.0,8,15,6,2379
31.0,8,15,7,2386
31.0,8,15,8,2393
31.0,8,15,9,2401
31.0,8,15,10,2408
31.0,8,15,11,2415
31.0,8,15,12,2423
31.0,8,15,13,2430
31.0,8,15,14,2437
31.0,8,15,15,2444
31.0,9,0,0,2233
31.0,9,0,1,2240
31.0,9,0,2,2247
31.0,9,0,3,2254
31.0,9,0,4,2262
31.0,9,0,5,2269
31.0,9,0,6,2276
31.0,9,0,7,2283
31.0,9,0,8,2290
31.0,9,0,9,2297
31.0,9,0,10,2304
31.0,9,0,11,2311
31.0,9,0,12,2318
31.0,9,0,13,2325
31.0,9,0,14,2332
31.0,9,0,15,2338
31.0,9,1,0,2240
31.0,9,1,1,2248
31.0,9,1,2,2255
31.0,9,1,3,2262
31.0,9,1,4,2269
31.0,9,1,5,2276
31.0,9,1,6,2283
31.0,9,1,7,2290
31.0,9,1,8,2297
31.0,9,1,9,2305
31.0,9,1,10,2312
31.0,9,1,11,2319
31.0,9,1,12,2325
31.0,9,1,13,2332
31.0,9,1,14,2339
31.0,9,1,15,2346
31.0,9,2,0,2248
31.0,9,2,1,2255
31.0,9,2,2,2262
31.0,9,2,3,2269
31.0,9,2,4,2277
31.0,9,2,5,2284
31.0,9,2,6,2291
31.0,9,2,7,2298
31.0,9,2,8,2305
31.0,9,2,9,2312
31.0,9,2,10,2319
31.0,9,2,11,2326
31.0,9,2,12,2333
31.0,9,2,13,2340
31.0,9,2,14,2347
31.0,9,2,15,2354
31.0,9,3,0,2255
31.0,9,3,1,2263
31.0,9,3,2,2270
31.0,9,3,3,2277
31.0,9,3,4,2284
31.0,9,3,5,2291
31.0,9,3,6,2299
31.0,9,3,7,2306
31.0,9,3,8,2313
31.0,9,3,9,2320
31.0,9,3,10,2327
31.0,9,3,11,2334
31.0,9,3,12,2341
31.0,9,3,13,2348
31.0,9,3,14,2355
31.0,9,3,15,2362
31.0,9,4,0,2263
31.0,9,4,1,2270
31.0,9,4,2,2277
31.0,9,4,3,2284
31.0,9,4,4,2292
31.0,9,4,5,2299
31.0,9,4,6,2306
31.0,9,4,7,2313
31.0,9,4,8,2320
31.0,9,4,9,2327
31.0,9,4,10,2335
31.0,9,4,11,2342
31.0,9,4,12,2349
31.0,9,4,13,2356
31.0,9,4,14,2363
31.0,9,4,15,2370
31.0,9,5,0,2270
31.0,9,5,1,2277
31.0,9,5,2,2285
31.0,9,5,3,2292
31.0,9,5,4,2299
31.0,9,5,5,2306
31.0,9,5,6,2314
31.0,9,5,7,2321
31.0,9,5,8,2328
31.0,9,5,9,2335
31.0,9,5,10,2342
31.0,9,5,11,2349
31.0,9,5,12,2356
31.0,9,5,13,2363
31.0,9,5,14,2370
31.0,9,5,15,2377
31.0,9,6,0,2277
31.0,9,6,1,2285
31.0,9,6,2,2292
31.0,9,6,3,2299
31.0,9,6,4,2307
31.0,9,6,5,2314
31.0,9,6,6,2321
31.0,9,6,7,2328
31.0,9,6,8,2335
31.0,9,6,9,2343
31.0,9,6,10,2350
31.0,9,6,11,2357
31.0,9,6,12,2364
31.0,9,6,13,2371
31.0,9,6,14,2378
31.0,9,6,15,2385
31.0,9,7,0,2285
31.0,9,7,1,2292
31.0,9,7,2,2299
31.0,9,7,3,2307
31.0,9,7,4,2314
31.0,9,7,5,2321
31.0,9,7,6,2329
31.0,9,7,7,2336
31.0,9,7,8,2343
31.0,9,7,9,2350
31.0,9,7,10,2357
31.0,9,7,11,2364
31.0,9,7,12,2372
31.0,9,7,13,2379
31.0,9,7,14,2386
31.0,9,7,15,2393
31.0,9,8,0,2292
31.0,9,8,1,2299
31.0,9,8,2,2307
31.0,9,8,3,2314
31.0,9,8,4,2321
31.0,9,8,5,2329
31.0,9,8,6,2336
31.0,9,8,7,2343
31.0,9,8,8,2350
31.0,9,8,9,2358
31.0,9,8,10,2365
31.0,9,8,11,2372
31.0,9,8,12,2379
31.0,9,8,13,2386
31.0,9,8,14,2393
31.0,9,8,15,2400
31.0,9,9,0,2299
31.0,9,9,1,2307
31.0,9,9,2,2314
31.0,9,9,3,2322
31.0,9,9,4,2329
31.0,9,9,5,2336
31.0,9,9,6,2343
31.0,9,9,7,2351
31.0,9,9,8,2358
31.0,9,9,9,2365
31.0,9,9,10,2372
31.0,9,9,11,2380
31.0,9,9,12,2387
31.0,9,9,13,2394
31.0,9,9,14,2401
31.0,9,9,15,2408
31.0,9,10,0,2307
31.0,9,10,1,2314
31.0,9,10,2,2321
31.0,9,10,3,2329
31.0,9,10,4,2336
31.0,9,10,5,2344
31.0,9,10,6,2351
31.0,9,10,7,2358
31.0,9,10,8,2365
31.0,9,10,9,2373
31.0,9,10,10,2380
31.0,9,10,11,2387
31.0,9,10,12,2394
31.0,9,10,13,2401
31.0,9,10,14,2409
31.0,9,10,15,2416
31.0,9,11,0,2314
31.0,9,11,1,2321
31.0,9,11,2,2329
31.0,9,11,3,2336
31.0,9,11,4,2344
31.0,9,11,5,2351
31.0,9,11,6,2358
31.0,9,11,7,2366
31.0,9,11,8,2373
31.0,9,11,9,2380
31.0,9,11,10,2387
31.0,9,11,11,2395
31.0,9,11,12,2402
31.0,9,11,13,2409
31.0,9,11,14,2416
31.0,9,11,15,2423
31.0,9,12,0,2321
31.0,9,12,1,2329
31.0,9,12,2,2336
31.0,9,12,3,2343
31.0,9,12,4,2351
31.0,9,12,5,2358
31.0,9,12,6,2366
31.0,9,12,7,2373
31.0,9,12,8,2380
31.0,9,12,9,2388
31.0,9,12,10,2395
31.0,9,12,11,2402
31.0,9,12,12,2409
31.0,9,12,13,2416
31.0,9,12,14,2424
31.0,9,12,15,2431
31.0,9,13,0,2328
31.0,9,13,1,2336
31.0,9,13,2,2343
31.0,9,13,3,2351
31.0,9,13,4,2358
31.0,9,13,5,2366
31.0,9,13,6,2373
31.0,9,13,7,2380
31.0,9,13,8,2388
31.0,9,13,9,2395
31.0,9,13,10,2402
31.0,9,13,11,2409
31.0,9,13,12,2417
31.0,9,13,13,2424
31.0,9,13,14,2431
31.0,9,13,15,2438
31.0,9,14,0,2335
31.0,9,14,1,2343
31.0,9,14,2,2350
31.0,9,14,3,2358
31.0,9,14,4,2365
31.0,9,14,5,2373
31.0,9,14,6,2380
31.0,9,14,7,2388
31.0,9,14,8,2395
31.0,9,14,9,2402
31.0,9,14,10,2410
31.0,9,14,11,2417
31.0,9,14,12,2424
31.0,9,14,13,2431
31.0,9,14,14,2439
31.0,9,14,15,2446
31.0,9,15,0,2343
31.0,9,15,1,2350
31.0,9,15,2,2358
31.0,9,15,3,2365
31.0,9,15,4,2373
31.0,9,15,5,2380
31.0,9,15,6,2388
31.0,9,15,7,2395
31.0,9,15,8,2402
31.0,9,15,9,2410
31.0,9,15,10,2417
31.0,9,15,11,2424
31.0,9,15,12,2432
31.0,9,15,13,2439
31.0,9,15,14,2446
31.0,9,15,15,2453
31.0,10,0,0,2241
31.0,10,0,1,2248
31.0,10,0,2,2256
31.0,10,0,3,2263
31.0,10,0,4,2270
31.0,10,0,5,2277
31.0,10,0,6,2284
31.0,10,0,7,2291
31.0,10,0,8,2298
31.0,10,0,9,2305
31.0,10,0,10,2312
31.0,10,0,11,2319
31.0,10,0,12,2326
31.0,10,0,13,2333
31.0,10,0,14,2340
31.0,10,0,15,2347
31.0,10,1,0,2249
31.0,10,1,1,2256
31.0,10,1,2,2263
31.0,10,1,3,2270
31.0,10,1,4,2278
31.0,10,1,5,2285
31.0,10,1,6,2292
31.0,10,1,7,2299
31.0,10,1,8,2306
31.0,10,1,9,2313
31.0,10,1,10,2320
31.0,10,1,11,2327
31.0,10,1,12,2334
31.0,10,1,13,2341
31.0,10,1,14,2348
31.0,10,1,15,2355
31.0,10,2,0,2256
31.0,10,2,1,2263
31.0,10,2,2,2271
31.0,10,2,3,2278
31.0,10,2,4,2285
31.0,10,2,5,2292
31.0,10,2,6,2299
31.0,10,2,7,2307
31.0,10,2,8,2314
31.0,10,2,9,2321
31.0,10,2,10,2328
31.0,10,2,11,2335
31.0,10,2,12,2342
31.0,10,2,13,2349
31.0,10,2,14,2356
31.0,10,2,15,2363
31.0,10,3,0,2264
31.0,10,3,1,2271
31.0,10,3,2,2278
31.0,10,3,3,2285
31.0,10,3,4,2293
31.0,10,3,5,2300
31.0,10,3,6,2307
31.0,10,3,7,2314
31.0,10,3,8,2321
31.0,10,3,9,2328
31.0,10,3,10,2336
31.0,10,3,11,2343
31.0,10,3,12,2350
31.0,10,3,13,2357
31.0,10,3,14,2364
31.0,10,3,15,2371
31.0,10,4,0,2271
31.0,10,4,1,2278
31.0,10,4,2,2286
31.0,10,4,3,2293
31.0,10,4,4,2300
31.0,10,4,5,2307
31.0,10,4,6,2315
31.0,10,4,7,2322
31.0,10,4,8,2329
31.0,10,4,9,2336
31.0,10,4,10,2343
31.0,10,4,11,2350
31.0,10,4,12,2357
31.0,10,4,13,2364
31.0,10,4,14,2371
31.0,10,4,15,2378
31.0,10,5,0,2278
31.0,10,5,1,2286
31.0,10,5,2,2293
31.0,10,5,3,2300
31.0,10,5,4,2308
31.0,10,5,5,2315
31.0,10,5,6,2322
31.0,10,5,7,2329
31.0,10,5,8,2337
31.0,10,5,9,2344
31.0,10,5,10,2351
31.0,10,5,11,2358
31.0,10,5,12,2365
31.0,10,5,13,2372
31.0,10,5,14,2379
31.0,10,5,15,2386
31.0,10,6,0,2286
31.0,10,6,1,2293
31.0,10,6,2,2301
31.0,10,6,3,2308
31.0,10,6,4,2315
31.0,10,6,5,2322
31.0,10,6,6,2330
31.0,10,6,7,2337
31.0,10,6,8,2344
31.0,10,6,9,2351
31.0,10,6,10,2358
31.0,10,6,11,2366
31.0,10,6,12,2373
31.0,10,6,13,2380
31.0,10,6,14,2387
31.0,10,6,15,2394
31.0,10,7,0,2293
31.0,10,7,1,2301
31.0,10,7,2,2308
31.0,10,7,3,2315
31.0,10,7,4,2323
31.0,10,7,5,2330
31.0,10,7,6,2337
31.0,10,7,7,2344
31.0,10,7,8,2352
31.0,10,7,9,2359
31.0,10,7,10,2366
31.0,10,7,11,2373
31.0,10,7,12,2380
31.0,10,7,13,2387
31.0,10,7,14,2395
31.0,10,7,15,2402
31.0,10,8,0,2301
31.0,10,8,1,2308
31.0,10,8,2,2315
31.0,10,8,3,2323
31.0,10,8,4,2330
31.0,10,8,5,2337
31.0,10,8,6,2345
31.0,10,8,7,2352
31.0,10,8,8,2359
31.0,10,8,9,2366
31.0,10,8,10,2374
31.0,10,8,11,2381
31.0,10,8,12,2388
31.0,10,8,13,2395
31.0,10,8,14,2402
31.0,10,8,15,2409
31.0,10,9,0,2308
31.0,10,9,1,2315
31.0,10,9,2,2323
31.0,10,9,3,2330
31.0,10,9,4,2337
31.0,10,9,5,2345
31.0,10,9,6,2352
31.0,10,9,7,2359
31.0,10,9,8,2367
31.0,10,9,9,2374
31.0,10,9,10,2381
31.0,10,9,11,2388
31.0,10,9,12,2396
31.0,10,9,13,2403
31.0,10,9,14,2410
31.0,10,9,15,2417
31.0,10,10,0,2315
31.0,10,10,1,2323
31.0,10,10,2,2330
31.0,10,10,3,2337
31.0,10,10,4,2345
31.0,10,10,5,2352
31.0,10,10,6,2360
31.0,10,10,7,2367
31.0,10,10,8,2374
31.0,10,10,9,2381
31.0,10,10,10,2389
31.0,10,10,11,2396
31.0,10,10,12,2403
31.0,10,10,13,2410
31.0,10,10,14,2417
31.0,10,10,15,2425
31.0,10,11,0,2322
31.0,10,11,1,2330
31.0,10,11,2,2337
31.0,10,11,3,2345
31.0,10,11,4,2352
31.0,10,11,5,2360
31.0,10,11,6,2367
31.0,10,11,7,2374
31.0,10,11,8,2382
31.0,10,11,9,2389
31.0,10,11,10,2396
31.0,10,11,11,2403
31.0,10,11,12,2411
31.0,10,11,13,2418
31.0,10,11,14,2425
31.0,10,11,15,2432
31.0,10,12,0,2330
31.0,10,12,1,2337
31.0,10,12,2,2345
31.0,10,12,3,2352
31.0,10,12,4,2360
31.0,10,12,5,2367
31.0,10,12,6,2374
31.0,10,12,7,2382
31.0,10,12,8,2389
31.0,10,12,9,2396
31.0,10,12,10,2404
31.0,10,12,11,2411
31.0,10,12,12,2418
31.0,10,12,13,2425
31.0,10,12,14,2433
31.0,10,12,15,2440
31.0,10,13,0,2337
31.0,10,13,1,2344
31.0,10,13,2,2352
31.0,10,13,3,2359
31.0,10,13,4,2367
31.0,10,13,5,2374
31.0,10,13,6,2382
31.0,10,13,7,2389
31.0,10,13,8,2396
31.0,10,13,9,2404
31.0,10,13,10,2411
31.0,10,13,11,2418
31.0,10,13,12,2426
31.0,10,13,13,2433
31.0,10,13,14,2440
31.0,10,13,15,2447
31.0,10,14,0,2344
31.0,10,14,1,2352
31.0,10,14,2,2359
31.0,10,14,3,2367
31.0,10,14,4,2374
31.0,10,14,5,2382
31.0,10,14,6,2389
31.0,10,14,7,2396
31.0,10,14,8,2404
31.0,10,14,9,2411
31.0,10,14,10,2419
31.0,10,14,11,2426
31.0,10,14,12,2433
31.0,10,14,13,2440
31.0,10,14,14,2448
31.0,10,14,15,2455
31.0,10,15,0,2351
31.0,10,15,1,2359
31.0,10,15,2,2366
31.0,10,15,3,2374
31.0,10,15,4,2381
31.0,10,15,5,2389
31.0,10,15,6,2396
31.0,10,15,7,2404
31.0,10,15,8,2411
31.0,10,15,9,2419
31.0,10,15,10,2426
31.0,10,15,11,2433
31.0,10,15,12,2441
31.0,10,15,13,2448
31.0,10,15,14,2455
31.0,10,15,15,2462
31.0,11,0,0,2249
31.0,11,0,1,2257
31.0,11,0,2,2264
31.0,11,0,3,2271
31.0,11,0,4,2278
31.0,11,0,5,2285
31.0,11,0,6,2293
31.0,11,0,7,2300
31.0,11,0,8,2307
31.0,11,0,9,2314
31.0,11,0,10,2321
31.0,11,0,11,2328
31.0,11,0,12,2335
31.0,11,0,13,2342
31.0,11,0,14,2349
31.0,11,0,15,2356
31.0,11,1,0,2257
31.0,11,1,1,2264
31.0,11,1,2,2271
31.0,11,1,3,2279
31.0,11,1,4,2286
31.0,11,1,5,2293
31.0,11,1,6,2300
31.0,11,1,7,2307
31.0,11,1,8,2314
31.0,11,1,9,2322
31.0,11,1,10,2329
31.0,11,1,11,2336
31.0,11,1,12,2343
31.0,11,1,13,2350
31.0,11,1,14,2357
31.0,11,1,15,2364
31.0,11,2,0,2264
31.0,11,2,1,2272
31.0,11,2,2,2279
31.0,11,2,3,2286
31.0,11,2,4,2294
31.0,11,2,5,2301
31.0,11,2,6,2308
31.0,11,2,7,2315
31.0,11,2,8,2322
31.0,11,2,9,2329
31.0,11,2,10,2336
31.0,11,2,11,2343
31.0,11,2,12,2351
31.0,11,2,13,2358
31.0,11,2,14,2365
31.0,11,2,15,2372
31.0,11,3,0,2272
31.0,11,3,1,2279
31.0,11,3,2,2287
31.0,11,3,3,2294
31.0,11,3,4,2301
31.0,11,3,5,2308
31.0,11,3,6,2316
31.0,11,3,7,2323
31.0,11,3,8,2330
31.0,11,3,9,2337
31.0,11,3,10,2344
31.0,11,3,11,2351
31.0,11,3,12,2358
31.0,11,3,13,2365
31.0,11,3,14,2372
31.0,11,3,15,2379
31.0,11,4,0,2279
31.0,11,4,1,2287
31.0,11,4,2,2294
31.0,11,4,3,2301
31.0,11,4,4,2309
31.0,11,4,5,2316
31.0,11,4,6,2323
31.0,11,4,7,2330
31.0,11,4,8,2338
31.0,11,4,9,2345
31.0,11,4,10,2352
31.0,11,4,11,2359
31.0,11,4,12,2366
31.0,11,4,13,2373
31.0,11,4,14,2380
31.0,11,4,15,2387
31.0,11,5,0,2287
31.0,11,5,1,2294
31.0,11,5,2,2302
31.0,11,5,3,2309
31.0,11,5,4,2316
31.0,11,5,5,2323
31.0,11,5,6,2331
31.0,11,5,7,2338
31.0,11,5,8,2345
31.0,11,5,9,2352
31.0,11,5,10,2360
31.0,11,5,11,2367
31.0,11,5,12,2374
31.0,11,5,13,2381
31.0,11,5,14,2388
31.0,11,5,15,2395
31.0,11,6,0,2294
31.0,11,6,1,2302
31.0,11,6,2,2309
31.0,11,6,3,2316
31.0,11,6,4,2324
31.0,11,6,5,2331
31.0,11,6,6,2338
31.0,11,6,7,2346
31.0,11,6,8,2353
31.0,11,6,9,2360
31.0,11,6,10,2367
31.0,11,6,11,2374
31.0,11,6,12,2381
31.0,11,6,13,2389
31.0,11,6,14,2396
31.0,11,6,15,2403
31.0,11,7,0,2302
31.0,11,7,1,2309
31.0,11,7,2,2316
31.0,11,7,3,2324
31.0,11,7,4,2331
31.0,11,7,5,2339
31.0,11,7,6,2346
31.0,11,7,7,2353
31.0,11,7,8,2360
31.0,11,7,9,2368
31.0,11,7,10,2375
31.0,11,7,11,2382
31.0,11,7,12,2389
31.0,11,7,13,2396
31.0,11,7,14,2403
31.0,11,7,15,2410
31.0,11,8,0,2309
31.0,11,8,1,2316
31.0,11,8,2,2324
31.0,11,8,3,2331
31.0,11,8,4,2339
31.0,11,8,5,2346
31.0,11,8,6,2353
31.0,11,8,7,2361
31.0,11,8,8,2368
31.0,11,8,9,2375
31.0,11,8,10,2382
31.0,11,8,11,2390
31.0,11,8,12,2397
31.0,11,8,13,2404
31.0,11,8,14,2411
31.0,11,8,15,2418
31.0,11,9,0,2316
31.0,11,9,1,2324
31.0,11,9,2,2331
31.0,11,9,3,2339
31.0,11,9,4,2346
31.0,11,9,5,2353
31.0,11,9,6,2361
31.0,11,9,7,2368
31.0,11,9,8,2375
31.0,11,9,9,2383
31.0,11,9,10,2390
31.0,11,9,11,2397
31.0,11,9,12,2404
31.0,11,9,13,2412
31.0,11,9,14,2419
31.0,11,9,15,2426
31.0,11,10,0,2324
31.0,11,10,1,2331
31.0,11,10,2,2339
31.0,11,10,3,2346
31.0,11,10,4,2354
31.0,11,10,5,2361
31.0,11,10,6,2368
31.0,11,10,7,2376
31.0,11,10,8,2383
31.0,11,10,9,2390
31.0,11,10,10,2398
31.0,11,10,11,2405
31.0,11,10,12,2412
31.0,11,10,13,2419
31.0,11,10,14,2426
31.0,11,10,15,2434
31.0,11,11,0,2331
31.0,11,11,1,2339
31.0,11,11,2,2346
31.0,11,11,3,2353
31.0,11,11,4,2361
31.0,11,11,5,2368
31.0,11,11,6,2376
31.0,11,11,7,2383
31.0,11,11,8,2390
31.0,11,11,9,2398
31.0,11,11,10,2405
31.0,11,11,11,2412
31.0,11,11,12,2420
31.0,11,11,13,2427
31.0,11,11,14,2434
31.0,11,11,15,2441
31.0,11,12,0,2338
31.0,11,12,1,2346
31.0,11,12,2,2353
31.0,11,12,3,2361
31.0,11,12,4,2368
31.0,11,12,5,2376
31.0,11,12,6,2383
31.0,11,12,7,2391
31.0,11,12,8,2398
31.0,11,12,9,2405
31.0,11,12,10,2413
31.0,11,12,11,2420
31.0,11,12,12,2427
31.0,11,12,13,2434
31.0,11,12,14,2442
31.0,11,12,15,2449
31.0,11,13,0,2346
31.0,11,13,1,2353
31.0,11,13,2,2361
31.0,11,13,3,2368
31.0,11,13,4,2376
31.0,11,13,5,2383
31.0,11,13,6,2391
31.0,11,13,7,2398
31.0,11,13,8,2405
31.0,11,13,9,2413
31.0,11,13,10,2420
31.0,11,13,11,2427
31.0,11,13,12,2435
31.0,11,13,13,2442
31.0,11,13,14,2449
31.0,11,13,15,2456
31.0,11,14,0,2353
31.0,11,14,1,2360
31.0,11,14,2,2368
31.0,11,14,3,2375
31.0,11,14,4,2383
31.0,11,14,5,2390
31.0,11,14,6,2398
31.0,11,14,7,2405
31.0,11,14,8,2413
31.0,11,14,9,2420
31.0,11,14,10,2427
31.0,11,14,11,2435
31.0,11,14,12,2442
31.0,11,14,13,2449
31.0,11,14,14,2457
31.0,11,14,15,2464
31.0,11,15,0,2360
31.0,11,15,1,2368
31.0,11,15,2,2375
31.0,11,15,3,2383
31.0,11,15,4,2390
31.0,11,15,5,2398
31.0,11,15,6,2405
31.0,11,15,7,2413
31.0,11,15,8,2420
31.0,11,15,9,2428
31.0,11,15,10,2435
31.0,11,15,11,2442
31.0,11,15,12,2450
31.0,11,15,13,2457
31.0,11,15,14,2464
31.0,11,15,15,2472
31.0,12,0,0,2258
31.0,12,0,1,2265
31.0,12,0,2,2272
31.0,12,0,3,2279
31.0,12,0,4,2287
31.0,12,0,5,2294
31.0,12,0,6,2301
31.0,12,0,7,2308
31.0,12,0,8,2315
31.0,12,0,9,2322
31.0,12,0,10,2329
31.0,12,0,11,2336
31.0,12,0,12,2343
31.0,12,0,13,2350
31.0,12,0,14,2357
31.0,12,0,15,2364
31.0,12,1,0,2265
31.0,12,1,1,2273
31.0,12,1,2,2280
31.0,12,1,3,2287
31.0,12,1,4,2294
31.0,12,1,5,2302
31.0,12,1,6,2309
31.0,12,1,7,2316
31.0,12,1,8,2323
31.0,12,1,9,2330
31.0,12,1,10,2337
31.0,12,1,11,2344
31.0,12,1,12,2351
31.0,12,1,13,2358
31.0,12,1,14,2365
31.0,12,1,15,2372
31.0,12,2,0,2273
31.0,12,2,1,2280
31.0,12,2,2,2287
31.0,12,2,3,2295
31.0,12,2,4,2302
31.0,12,2,5,2309
31.0,12,2,6,2316
31.0,12,2,7,2324
31.0,12,2,8,2331
31.0,12,2,9,2338
31.0,12,2,10,2345
31.0,12,2,11,2352
31.0,12,2,12,2359
31.0,12,2,13,2366
31.0,12,2,14,2373
31.0,12,2,15,2380
31.0,12,3,0,2280
31.0,12,3,1,2288
31.0,12,3,2,2295
31.0,12,3,3,2302
31.0,12,3,4,2310
31.0,12,3,5,2317
31.0,12,3,6,2324
31.0,12,3,7,2331
31.0,12,3,8,2338
31.0,12,3,9,2346
31.0,12,3,10,2353
31.0,12,3,11,2360
31.0,12,3,12,2367
31.0,12,3,13,2374
31.0,12,3,14,2381
31.0,12,3,15,2388
31.0,12,4,0,2288
31.0,12,4,1,2295
31.0,12,4,2,2303
31.0,12,4,3,2310
31.0,12,4,4,2317
31.0,12,4,5,2324
31.0,12,4,6,2332
31.0,12,4,7,2339
31.0,12,4,8,2346
31.0,12,4,9,2353
31.0,12,4,10,2360
31.0,12,4,11,2368
31.0,12,4,12,2375
31.0,12,4,13,2382
31.0,12,4,14,2389
31.0,12,4,15,2396
31.0,12,5,0,2295
31.0,12,5,1,2303
31.0,12,5,2,2310
31.0,12,5,3,2317
31.0,12,5,4,2325
31.0,12,5,5,2332
31.0,12,5,6,2339
31.0,12,5,7,2347
31.0,12,5,8,2354
31.0,12,5,9,2361
31.0,12,5,10,2368
31.0,12,5,11,2375
31.0,12,5,12,2382
31.0,12,5,13,2390
31.0,12,5,14,2397
31.0,12,5,15,2404
31.0,12,6,0,2303
31.0,12,6,1,2310
31.0,12,6,2,2318
31.0,12,6,3,2325
31.0,12,6,4,2332
31.0,12,6,5,2340
31.0,12,6,6,2347
31.0,12,6,7,2354
31.0,12,6,8,2361
31.0,12,6,9,2369
31.0,12,6,10,2376
31.0,12,6,11,2383
31.0,12,6,12,2390
31.0,12,6,13,2397
31.0,12,6,14,2404
31.0,12,6,15,2412
31.0,12,7,0,2310
31.0,12,7,1,2318
31.0,12,7,2,2325
31.0,12,7,3,2332
31.0,12,7,4,2340
31.0,12,7,5,2347
31.0,12,7,6,2354
31.0,12,7,7,2362
31.0,12,7,8,2369
31.0,12,7,9,2376
31.0,12,7,10,2384
31.0,12,7,11,2391
31.0,12,7,12,2398
31.0,12,7,13,2405
31.0,12,7,14,2412
31.0,12,7,15,2419
31.0,12,8,0,2318
31.0,12,8,1,2325
31.0,12,8,2,2332
31.0,12,8,3,2340
31.0,12,8,4,2347
31.0,12,8,5,2355
31.0,12,8,6,2362
31.0,12,8,7,2369
31.0,12,8,8,2377
31.0,12,8,9,2384
31.0,12,8,10,2391
31.0,12,8,11,2398
31.0,12,8,12,2406
31.0,12,8,13,2413
31.0,12,8,14,2420
31.0,12,8,15,2427
31.0,12,9,0,2325
31.0,12,9,1,2332
31.0,12,9,2,2340
31.0,12,9,3,2347
31.0,12,9,4,2355
31.0,12,9,5,2362
31.0,12,9,6,2369
31.0,12,9,7,2377
31.0,12,9,8,2384
31.0,12,9,9,2391
31.0,12,9,10,2399
31.0,12,9,11,2406
31.0,12,9,12,2413
31.0,12,9,13,2420
31.0,12,9,14,2428
31.0,12,9,15,2435
31.0,12,10,0,2332
31.0,12,10,1,2340
31.0,12,10,2,2347
31.0,12,10,3,2355
31.0,12,10,4,2362
31.0,12,10,5,2370
31.0,12,10,6,2377
31.0,12,10,7,2384
31.0,12,10,8,2392
31.0,12,10,9,2399
31.0,12,10,10,2406
31.0,12,10,11,2414
31.0,12,10,12,2421
31.0,12,10,13,2428
31.0,12,10,14,2435
31.0,12,10,15,2443
31.0,12,11,0,2340
31.0,12,11,1,2347
31.0,12,11,2,2355
31.0,12,11,3,2362
31.0,12,11,4,2370
31.0,12,11,5,2377
31.0,12,11,6,2384
31.0,12,11,7,2392
31.0,12,11,8,2399
31.0,12,11,9,2407
31.0,12,11,10,2414
31.0,12,11,11,2421
31.0,12,11,12,2428
31.0,12,11,13,2436
31.0,12,11,14,2443
31.0,12,11,15,2450
31.0,12,12,0,2347
31.0,12,12,1,2354
31.0,12,12,2,2362
31.0,12,12,3,2369
31.0,12,12,4,2377
31.0,12,12,5,2384
31.0,12,12,6,2392
31.0,12,12,7,2399
31.0,12,12,8,2407
31.0,12,12,9,2414
31.0,12,12,10,2421
31.0,12,12,11,2429
31.0,12,12,12,2436
31.0,12,12,13,2443
31.0,12,12,14,2451
31.0,12,12,15,2458
31.0,12,13,0,2354
31.0,12,13,1,2362
31.0,12,13,2,2369
31.0,12,13,3,2377
31.0,12,13,4,2384
31.0,12,13,5,2392
31.0,12,13,6,2399
31.0,12,13,7,2407
31.0,12,13,8,2414
31.0,12,13,9,2422
31.0,12,13,10,2429
31.0,12,13,11,2436
31.0,12,13,12,2444
31.0,12,13,13,2451
31.0,12,13,14,2458
31.0,12,13,15,2465
31.0,12,14,0,2361
31.0,12,14,1,2369
31.0,12,14,2,2377
31.0,12,14,3,2384
31.0,12,14,4,2392
31.0,12,14,5,2399
31.0,12,14,6,2407
31.0,12,14,7,2414
31.0,12,14,8,2422
31.0,12,14,9,2429
31.0,12,14,10,2436
31.0,12,14,11,2444
31.0,12,14,12,2451
31.0,12,14,13,2458
31.0,12,14,14,2466
31.0,12,14,15,2473
31.0,12,15,0,2369
31.0,12,15,1,2376
31.0,12,15,2,2384
31.0,12,15,3,2391
31.0,12,15,4,2399
31.0,12,15,5,2407
31.0,12,15,6,2414
31.0,12,15,7,2422
31.0,12,15,8,2429
31.0,12,15,9,2436
31.0,12,15,10,2444
31.0,12,15,11,2451
31.0,12,15,12,2459
31.0,12,15,13,2466
31.0,12,15,14,2473
31.0,12,15,15,2481
31.0,13,0,0,2266
31.0,13,0,1,2273
31.0,13,0,2,2281
31.0,13,0,3,2288
31.0,13,0,4,2295
31.0,13,0,5,2302
31.0,13,0,6,2309
31.0,13,0,7,2317
31.0,13,0,8,2324
31.0,13,0,9,2331
31.0,13,0,10,2338
31.0,13,0,11,2345
31.0,13,0,12,2352
31.0,13,0,13,2359
31.0,13,0,14,2366
31.0,13,0,15,2373
31.0,13,1,0,2274
31.0,13,1,1,2281
31.0,13,1,2,2288
31.0,13,1,3,2295
31.0,13,1,4,2303
31.0,13,1,5,2310
31.0,13,1,6,2317
31.0,13,1,7,2324
31.0,13,1,8,2332
31.0,13,1,9,2339
31.0,13,1,10,2346
31.0,13,1,11,2353
31.0,13,1,12,2360
31.0,13,1,13,2367
31.0,13,1,14,2374
31.0,13,1,15,2381
31.0,13,2,0,2281
31.0,13,2,1,2288
31.0,13,2,2,2296
31.0,13,2,3,2303
31.0,13,2,4,2310
31.0,13,2,5,2318
31.0,13,2,6,2325
31.0,13,2,7,2332
31.0,13,2,8,2339
31.0,13,2,9,2346
31.0,13,2,10,2354
31.0,13,2,11,2361
31.0,13,2,12,2368
31.0,13,2,13,2375
31.0,13,2,14,2382
31.0,13,2,15,2389
31.0,13,3,0,2289
31.0,13,3,1,2296
31.0,13,3,2,2303
31.0,13,3,3,2311
31.0,13,3,4,2318
31.0,13,3,5,2325
31.0,13,3,6,2333
31.0,13,3,7,2340
31.0,13,3,8,2347
31.0,13,3,9,2354
31.0,13,3,10,2361
31.0,13,3,11,2369
31.0,13,3,12,2376
31.0,13,3,13,2383
31.0,13,3,14,2390
31.0,13,3,15,2397
31.0,13,4,0,2296
31.0,13,4,1,2304
31.0,13,4,2,2311
31.0,13,4,3,2318
31.0,13,4,4,2326
31.0,13,4,5,2333
31.0,13,4,6,2340
31.0,13,4,7,2347
31.0,13,4,8,2355
31.0,13,4,9,2362
31.0,13,4,10,2369
31.0,13,4,11,2376
31.0,13,4,12,2383
31.0,13,4,13,2391
31.0,13,4,14,2398
31.0,13,4,15,2405
31.0,13,5,0,2304
31.0,13,5,1,2311
31.0,13,5,2,2319
31.0,13,5,3,2326
31.0,13,5,4,2333
31.0,13,5,5,2341
31.0,13,5,6,2348
31.0,13,5,7,2355
31.0,13,5,8,2362
31.0,13,5,9,2370
31.0,13,5,10,2377
31.0,13,5,11,2384
31.0,13,5,12,2391
31.0,13,5,13,2398
31.0,13,5,14,2406
31.0,13,5,15,2413
31.0,13,6,0,2311
31.0,13,6,1,2319
31.0,13,6,2,2326
31.0,13,6,3,2333
31.0,13,6,4,2341
31.0,13,6,5,2348
31.0,13,6,6,2355
31.0,13,6,7,2363
31.0,13,6,8,2370
31.0,13,6,9,2377
31.0,13,6,10,2385
31.0,13,6,11,2392
31.0,13,6,12,2399
31.0,13,6,13,2406
31.0,13,6,14,2413
31.0,13,6,15,2420
31.0,13,7,0,2319
31.0,13,7,1,2326
31.0,13,7,2,2334
31.0,13,7,3,2341
31.0,13,7,4,2348
31.0,13,7,5,2356
31.0,13,7,6,2363
31.0,13,7,7,2370
31.0,13,7,8,2378
31.0,13,7,9,2385
31.0,13,7,10,2392
31.0,13,7,11,2399
31.0,13,7,12,2407
31.0,13,7,13,2414
31.0,13,7,14,2421
31.0,13,7,15,2428
31.0,13,8,0,2326
31.0,13,8,1,2334
31.0,13,8,2,2341
31.0,13,8,3,2348
31.0,13,8,4,2356
31.0,13,8,5,2363
31.0,13,8,6,2371
31.0,13,8,7,2378
31.0,13,8,8,2385
31.0,13,8,9,2393
31.0,13,8,10,2400
31.0,13,8,11,2407
31.0,13,8,12,2414
31.0,13,8,13,2422
31.0,13,8,14,2429
31.0,13,8,15,2436
31.0,13,9,0,2333
31.0,13,9,1,2341
31.0,13,9,2,2348
31.0,13,9,3,2356
31.0,13,9,4,2363
31.0,13,9,5,2371
31.0,13,9,6,2378
31.0,13,9,7,2386
31.0,13,9,8,2393
31.0,13,9,9,2400
31.0,13,9,10,2408
31.0,13,9,11,2415
31.0,13,9,12,2422
31.0,13,9,13,2429
31.0,13,9,14,2437
31.0,13,9,15,2444
31.0,13,10,0,2341
31.0,13,10,1,2348
31.0,13,10,2,2356
31.0,13,10,3,2363
31.0,13,10,4,2371
31.0,13,10,5,2378
31.0,13,10,6,2386
31.0,13,10,7,2393
31.0,13,10,8,2400
31.0,13,10,9,2408
31.0,13,10,10,2415
31.0,13,10,11,2422
31.0,13,10,12,2430
31.0,13,10,13,2437
31.0,13,10,14,2444
31.0,13,10,15,2451
31.0,13,11,0,2348
31.0,13,11,1,2356
31.0,13,11,2,2363
31.0,13,11,3,2371
31.0,13,11,4,2378
31.0,13,11,5,2386
31.0,13,11,6,2393
31.0,13,11,7,2401
31.0,13,11,8,2408
31.0,13,11,9,2415
31.0,13,11,10,2423
31.0,13,11,11,2430
31.0,13,11,12,2437
31.0,13,11,13,2445
31.0,13,11,14,2452
31.0,13,11,15,2459
31.0,13,12,0,2355
31.0,13,12,1,2363
31.0,13,12,2,2371
31.0,13,12,3,2378
31.0,13,12,4,2386
31.0,13,12,5,2393
31.0,13,12,6,2401
31.0,13,12,7,2408
31.0,13,12,8,2416
31.0,13,12,9,2423
31.0,13,12,10,2430
31.0,13,12,11,2438
31.0,13,12,12,2445
31.0,13,12,13,2452
31.0,13,12,14,2460
31.0,13,12,15,2467
31.0,13,13,0,2363
31.0,13,13,1,2370
31.0,13,13,2,2378
31.0,13,13,3,2386
31.0,13,13,4,2393
31.0,13,13,5,2401
31.0,13,13,6,2408
31.0,13,13,7,2416
31.0,13,13,8,2423
31.0,13,13,9,2430
31.0,13,13,10,2438
31.0,13,13,11,2445
31.0,13,13,12,2453
31.0,13,13,13,2460
31.0,13,13,14,2467
31.0,13,13,15,2474
31.0,13,14,0,2370
31.0,13,14,1,2378
31.0,13,14,2,2385
31.0,13,14,3,2393
31.0,13,14,4,2400
31.0,13,14,5,2408
31.0,13,14,6,2416
31.0,13,14,7,2423
31.0,13,14,8,2430
31.0,13,14,9,2438
31.0,13,14,10,2445
31.0,13,14,11,2453
31.0,13,14,12,2460
31.0,13,14,13,2467
31.0,13,14,14,2475
31.0,13,14,15,2482
31.0,13,15,0,2377
31.0,13,15,1,2385
31.0,13,15,2,2393
31.0,13,15,3,2400
31.0,13,15,4,2408
31.0,13,15,5,2415
31.0,13,15,6,2423
31.0,13,15,7,2430
31.0,13,15,8,2438
31.0,13,15,9,2445
31.0,13,15,10,2453
31.0,13,15,11,2460
31.0,13,15,12,2468
31.0,13,15,13,2475
31.0,13,15,14,2482
31.0,13,15,15,2490
31.0,14,0,0,2274
31.0,14,0,1,2282
31.0,14,0,2,2289
31.0,14,0,3,2296
31.0,14,0,4,2303
31.0,14,0,5,2311
31.0,14,0,6,2318
31.0,14,0,7,2325
31.0,14,0,8,2332
31.0,14,0,9,2339
31.0,14,0,10,2346
31.0,14,0,11,2354
31.0,14,0,12,2361
31.0,14,0,13,2368
31.0,14,0,14,2375
31.0,14,0,15,2382
31.0,14,1,0,2282
31.0,14,1,1,2289
31.0,14,1,2,2297
31.0,14,1,3,2304
31.0,14,1,4,2311
31.0,14,1,5,2318
31.0,14,1,6,2326
31.0,14,1,7,2333
31.0,14,1,8,2340
31.0,14,1,9,2347
31.0,14,1,10,2354
31.0,14,1,11,2361
31.0,14,1,12,2369
31.0,14,1,13,2376
31.0,14,1,14,2383
31.0,14,1,15,2390
31.0,14,2,0,2289
31.0,14,2,1,2297
31.0,14,2,2,2304
31.0,14,2,3,2312
31.0,14,2,4,2319
31.0,14,2,5,2326
31.0,14,2,6,2333
31.0,14,2,7,2341
31.0,14,2,8,2348
31.0,14,2,9,2355
31.0,14,2,10,2362
31.0,14,2,11,2369
31.0,14,2,12,2376
31.0,14,2,13,2384
31.0,14,2,14,2391
31.0,14,2,15,2398
31.0,14,3,0,2297
31.0,14,3,1,2304
31.0,14,3,2,2312
31.0,14,3,3,2319
31.0,14,3,4,2326
31.0,14,3,5,2334
31.0,14,3,6,2341
31.0,14,3,7,2348
31.0,14,3,8,2356
31.0,14,3,9,2363
31.0,14,3,10,2370
31.0,14,3,11,2377
31.0,14,3,12,2384
31.0,14,3,13,2391
31.0,14,3,14,2399
31.0,14,3,15,2406
31.0,14,4,0,2305
31.0,14,4,1,2312
31.0,14,4,2,2319
31.0,14,4,3,2327
31.0,14,4,4,2334
31.0,14,4,5,2341
31.0,14,4,6,2349
31.0,14,4,7,2356
31.0,14,4,8,2363
31.0,14,4,9,2371
31.0,14,4,10,2378
31.0,14,4,11,2385
31.0,14,4,12,2392
31.0,14,4,13,2399
31.0,14,4,14,2406
31.0,14,4,15,2414
31.0,14,5,0,2312
31.0,14,5,1,2320
31.0,14,5,2,2327
31.0,14,5,3,2334
31.0,14,5,4,2342
31.0,14,5,5,2349
31.0,14,5,6,2356
31.0,14,5,7,2364
31.0,14,5,8,2371
31.0,14,5,9,2378
31.0,14,5,10,2386
31.0,14,5,11,2393
31.0,14,5,12,2400
31.0,14,5,13,2407
31.0,14,5,14,2414
31.0,14,5,15,2421
31.0,14,6,0,2320
31.0,14,6,1,2327
31.0,14,6,2,2335
31.0,14,6,3,2342
31.0,14,6,4,2349
31.0,14,6,5,2357
31.0,14,6,6,2364
31.0,14,6,7,2371
31.0,14,6,8,2379
31.0,14,6,9,2386
31.0,14,6,10,2393
31.0,14,6,11,2401
31.0,14,6,12,2408
31.0,14,6,13,2415
31.0,14,6,14,2422
31.0,14,6,15,2429
31.0,14,7,0,2327
31.0,14,7,1,2335
31.0,14,7,2,2342
31.0,14,7,3,2349
31.0,14,7,4,2357
31.0,14,7,5,2364
31.0,14,7,6,2372
31.0,14,7,7,2379
31.0,14,7,8,2386
31.0,14,7,9,2394
31.0,14,7,10,2401
31.0,14,7,11,2408
31.0,14,7,12,2415
31.0,14,7,13,2423
31.0,14,7,14,2430
31.0,14,7,15,2437
31.0,14,8,0,2335
31.0,14,8,1,2342
31.0,14,8,2,2350
31.0,14,8,3,2357
31.0,14,8,4,2364
31.0,14,8,5,2372
31.0,14,8,6,2379
31.0,14,8,7,2387
31.0,14,8,8,2394
31.0,14,8,9,2401
31.0,14,8,10,2409
31.0,14,8,11,2416
31.0,14,8,12,2423
31.0,14,8,13,2430
31.0,14,8,14,2438
31.0,14,8,15,2445
31.0,14,9,0,2342
31.0,14,9,1,2349
31.0,14,9,2,2357
31.0,14,9,3,2365
31.0,14,9,4,2372
31.0,14,9,5,2379
31.0,14,9,6,2387
31.0,14,9,7,2394
31.0,14,9,8,2402
31.0,14,9,9,2409
31.0,14,9,10,2416
31.0,14,9,11,2424
31.0,14,9,12,2431
31.0,14,9,13,2438
31.0,14,9,14,2445
31.0,14,9,15,2453
31.0,14,10,0,2349
31.0,14,10,1,2357
31.0,14,10,2,2364
31.0,14,10,3,2372
31.0,14,10,4,2379
31.0,14,10,5,2387
31.0,14,10,6,2394
31.0,14,10,7,2402
31.0,14,10,8,2409
31.0,14,10,9,2417
31.0,14,10,10,2424
31.0,14,10,11,2431
31.0,14,10,12,2439
31.0,14,10,13,2446
31.0,14,10,14,2453
31.0,14,10,15,2460
31.0,14,11,0,2357
31.0,14,11,1,2364
31.0,14,11,2,2372
31.0,14,11,3,2379
31.0,14,11,4,2387
31.0,14,11,5,2394
31.0,14,11,6,2402
31.0,14,11,7,2409
31.0,14,11,8,2417
31.0,14,11,9,2424
31.0,14,11,10,2432
31.0,14,11,11,2439
31.0,14,11,12,2446
31.0,14,11,13,2454
31.0,14,11,14,2461
31.0,14,11,15,2468
31.0,14,12,0,2364
31.0,14,12,1,2372
31.0,14,12,2,2379
31.0,14,12,3,2387
31.0,14,12,4,2394
31.0,14,12,5,2402
31.0,14,12,6,2409
31.0,14,12,7,2417
31.0,14,12,8,2424
31.0,14,12,9,2432
31.0,14,12,10,2439
31.0,14,12,11,2447
31.0,14,12,12,2454
31.0,14,12,13,2461
31.0,14,12,14,2469
31.0,14,12,15,2476
31.0,14,13,0,2371
31.0,14,13,1,2379
31.0,14,13,2,2387
31.0,14,13,3,2394
31.0,14,13,4,2402
31.0,14,13,5,2409
31.0,14,13,6,2417
31.0,14,13,7,2424
31.0,14,13,8,2432
31.0,14,13,9,2439
31.0,14,13,10,2447
31.0,14,13,11,2454
31.0,14,13,12,2462
31.0,14,13,13,2469
31.0,14,13,14,2476
31.0,14,13,15,2484
31.0,14,14,0,2379
31.0,14,14,1,2386
31.0,14,14,2,2394
31.0,14,14,3,2402
31.0,14,14,4,2409
31.0,14,14,5,2417
31.0,14,14,6,2424
31.0,14,14,7,2432
31.0,14,14,8,2439
31.0,14,14,9,2447
31.0,14,14,10,2454
31.0,14,14,11,2462
31.0,14,14,12,2469
31.0,14,14,13,2476
31.0,14,14,14,2484
31.0,14,14,15,2491
31.0,14,15,0,2386
31.0,14,15,1,2394
31.0,14,15,2,2401
31.0,14,15,3,2409
31.0,14,15,4,2417
31.0,14,15,5,2424
31.0,14,15,6,2432
31.0,14,15,7,2439
31.0,14,15,8,2447
31.0,14,15,9,2454
31.0,14,15,10,2462
31.0,14,15,11,2469
31.0,14,15,12,2477
31.0,14,15,13,2484
31.0,14,15,14,2491
31.0,14,15,15,2499
31.0,15,0,0,2283
31.0,15,0,1,2290
31.0,15,0,2,2297
31.0,15,0,3,2305
31.0,15,0,4,2312
31.0,15,0,5,2319
31.0,15,0,6,2326
31.0,15,0,7,2334
31.0,15,0,8,2341
31.0,15,0,9,2348
31.0,15,0,10,2355
31.0,15,0,11,2362
31.0,15,0,12,2369
31.0,15,0,13,2376
31.0,15,0,14,2383
31.0,15,0,15,2390
31.0,15,1,0,2290
31.0,15,1,1,2298
31.0,15,1,2,2305
31.0,15,1,3,2312
31.0,15,1,4,2320
31.0,15,1,5,2327
31.0,15,1,6,2334
31.0,15,1,7,2341
31.0,15,1,8,2349
31.0,15,1,9,2356
31.0,15,1,10,2363
31.0,15,1,11,2370
31.0,15,1,12,2377
31.0,15,1,13,2384
31.0,15,1,14,2391
31.0,15,1,15,2398
31.0,15,2,0,2298
31.0,15,2,1,2305
31.0,15,2,2,2313
31.0,15,2,3,2320
31.0,15,2,4,2327
31.0,15,2,5,2335
31.0,15,2,6,2342
31.0,15,2,7,2349
31.0,15,2,8,2356
31.0,15,2,9,2364
31.0,15,2,10,2371
31.0,15,2,11,2378
31.0,15,2,12,2385
31.0,15,2,13,2392
31.0,15,2,14,2399
31.0,15,2,15,2406
31.0,15,3,0,2305
31.0,15,3,1,2313
31.0,15,3,2,2320
31.0,15,3,3,2328
31.0,15,3,4,2335
31.0,15,3,5,2342
31.0,15,3,6,2350
31.0,15,3,7,2357
31.0,15,3,8,2364
31.0,15,3,9,2371
31.0,15,3,10,2379
31.0,15,3,11,2386
31.0,15,3,12,2393
31.0,15,3,13,2400
31.0,15,3,14,2407
31.0,15,3,15,2414
31.0,15,4,0,2313
31.0,15,4,1,2320
31.0,15,4,2,2328
31.0,15,4,3,2335
31.0,15,4,4,2343
31.0,15,4,5,2350
31.0,15,4,6,2357
31.0,15,4,7,2365
31.0,15,4,8,2372
31.0,15,4,9,2379
31.0,15,4,10,2386
31.0,15,4,11,2394
31.0,15,4,12,2401
31.0,15,4,13,2408
31.0,15,4,14,2415
31.0,15,4,15,2422
31.0,15,5,0,2321
31.0,15,5,1,2328
31.0,15,5,2,2335
31.0,15,5,3,2343
31.0,15,5,4,2350
31.0,15,5,5,2358
31.0,15,5,6,2365
31.0,15,5,7,2372
31.0,15,5,8,2380
31.0,15,5,9,2387
31.0,15,5,10,2394
31.0,15,5,11,2401
31.0,15,5,12,2409
31.0,15,5,13,2416
31.0,15,5,14,2423
31.0,15,5,15,2430
31.0,15,6,0,2328
31.0,15,6,1,2336
31.0,15,6,2,2343
31.0,15,6,3,2350
31.0,15,6,4,2358
31.0,15,6,5,2365
31.0,15,6,6,2373
31.0,15,6,7,2380
31.0,15,6,8,2387
31.0,15,6,9,2395
31.0,15,6,10,2402
31.0,15,6,11,2409
31.0,15,6,12,2416
31.0,15,6,13,2424
31.0,15,6,14,2431
31.0,15,6,15,2438
31.0,15,7,0,2336
31.0,15,7,1,2343
31.0,15,7,2,2351
31.0,15,7,3,2358
31.0,15,7,4,2365
31.0,15,7,5,2373
31.0,15,7,6,2380
31.0,15,7,7,2388
31.0,15,7,8,2395
31.0,15,7,9,2402
31.0,15,7,10,2410
31.0,15,7,11,2417
31.0,15,7,12,2424
31.0,15,7,13,2432
31.0,15,7,14,2439
31.0,15,7,15,2446
31.0,15,8,0,2343
31.0,15,8,1,2351
31.0,15,8,2,2358
31.0,15,8,3,2366
31.0,15,8,4,2373
31.0,15,8,5,2381
31.0,15,8,6,2388
31.0,15,8,7,2395
31.0,15,8,8,2403
31.0,15,8,9,2410
31.0,15,8,10,2417
31.0,15,8,11,2425
31.0,15,8,12,2432
31.0,15,8,13,2439
31.0,15,8,14,2447
31.0,15,8,15,2454
31.0,15,9,0,2350
31.0,15,9,1,2358
31.0,15,9,2,2366
31.0,15,9,3,2373
31.0,15,9,4,2381
31.0,15,9,5,2388
31.0,15,9,6,2396
31.0,15,9,7,2403
31.0,15,9,8,2410
31.0,15,9,9,2418
31.0,15,9,10,2425
31.0,15,9,11,2432
31.0,15,9,12,2440
31.0,15,9,13,2447
31.0,15,9,14,2454
31.0,15,9,15,2462
31.0,15,10,0,2358
31.0,15,10,1,2365
31.0,15,10,2,2373
31.0,15,10,3,2381
31.0,15,10,4,2388
31.0,15,10,5,2396
31.0,15,10,6,2403
31.0,15,10,7,2411
31.0,15,10,8,2418
31.0,15,10,9,2425
31.0,15,10,10,2433
31.0,15,10,11,2440
31.0,15,10,12,2447
31.0,15,10,13,2455
31.0,15,10,14,2462
31.0,15,10,15,2469
31.0,15,11,0,2365
31.0,15,11,1,2373
31.0,15,11,2,2381
31.0,15,11,3,2388
31.0,15,11,4,2396
31.0,15,11,5,2403
31.0,15,11,6,2411
31.0,15,11,7,2418
31.0,15,11,8,2426
31.0,15,11,9,2433
31.0,15,11,10,2440
31.0,15,11,11,2448
31.0,15,11,12,2455
31.0,15,11,13,2463
31.0,15,11,14,2470
31.0,15,11,15,2477
31.0,15,12,0,2373
31.0,15,12,1,2380
31.0,15,12,2,2388
31.0,15,12,3,2396
31.0,15,12,4,2403
31.0,15,12,5,2411
31.0,15,12,6,2418
31.0,15,12,7,2426
31.0,15,12,8,2433
31.0,15,12,9,2441
31.0,15,12,10,2448
31.0,15,12,11,2455
31.0,15,12,12,2463
31.0,15,12,13,2470
31.0,15,12,14,2478
31.0,15,12,15,2485
31.0,15,13,0,2380
31.0,15,13,1,2388
31.0,15,13,2,2395
31.0,15,13,3,2403
31.0,15,13,4,2411
31.0,15,13,5,2418
31.0,15,13,6,2426
31.0,15,13,7,2433
31.0,15,13,8,2441
31.0,15,13,9,2448
31.0,15,13,10,2456
31.0,15,13,11,2463
31.0,15,13,12,2470
31.0,15,13,13,2478
31.0,15,13,14,2485
31.0,15,13,15,2493
31.0,15,14,0,2387
31.0,15,14,1,2395
31.0,15,14,2,2403
31.0,15,14,3,2410
31.0,15,14,4,2418
31.0,15,14,5,2426
31.0,15,14,6,2433
31.0,15,14,7,2441
31.0,15,14,8,2448
31.0,15,14,9,2456
31.0,15,14,10,2463
31.0,15,14,11,2471
31.0,15,14,12,2478
31.0,15,14,13,2485
31.0,15,14,14,2493
31.0,15,14,15,2500
31.0,15,15,0,2395
31.0,15,15,1,2402
31.0,15,15,2,2410
31.0,15,15,3,2418
31.0,15,15,4,2425
31.0,15,15,5,2433
31.0,15,15,6,2441
31.0,15,15,7,2448
31.0,15,15,8,2456
31.0,15,15,9,2463
31.0,15,15,10,2471
31.0,15,15,11,2478
31.0,15,15,12,2486
31.0,15,15,13,2493
31.0,15,15,14,2501
31.0,15,15,15,2508
31.5,0,0,0,2176
31.5,0,0,1,2183
31.5,0,0,2,2190
31.5,0,0,3,2197
31.5,0,0,4,2204
31.5,0,0,5,2211
31.5,0,0,6,2218
31.5,0,0,7,2225
31.5,0,0,8,2232
31.5,0,0,9,2238
31.5,0,0,10,2245
31.5,0,0,11,2252
31.5,0,0,12,2259
31.5,0,0,13,2266
31.5,0,0,14,2272
31.5,0,0,15,2279
31.5,0,1,0,2183
31.5,0,1,1,2190
31.5,0,1,2,2197
31.5,0,1,3,2204
31.5,0,1,4,2211
31.5,0,1,5,2218
31.5,0,1,6,2225
31.5,0,1,7,2232
31.5,0,1,8,2239
31.5,0,1,9,2246
31.5,0,1,10,2253
31.5,0,1,11,2260
31.5,0,1,12,2266
31.5,0,1,13,2273
31.5,0,1,14,2280
31.5,0,1,15,2287
31.5,0,2,0,2191
31.5,0,2,1,2198
31.5,0,2,2,2205
31.5,0,2,3,2212
31.5,0,2,4,2219
31.5,0,2,5,2226
31.5,0,2,6,2233
31.5,0,2,7,2240
31.5,0,2,8,2247
31.5,0,2,9,2253
31.5,0,2,10,2260
31.5,0,2,11,2267
31.5,0,2,12,2274
31.5,0,2,13,2281
31.5,0,2,14,2288
31.5,0,2,15,2294
31.5,0,3,0,2198
31.5,0,3,1,2205
31.5,0,3,2,2212
31.5,0,3,3,2219
31.5,0,3,4,2226
31.5,0,3,5,2233
31.5,0,3,6,2240
31.5,0,3,7,2247
31.5,0,3,8,2254
31.5,0,3,9,2261
31.5,0,3,10,2268
31.5,0,3,11,2275
31.5,0,3,12,2281
31.5,0,3,13,2288
31.5,0,3,14,2295
31.5,0,3,15,2302
31.5,0,4,0,2205
31.5,0,4,1,2212
31.5,0,4,2,2219
31.5,0,4,3,2226
31.5,0,4,4,2233
31.5,0,4,5,2240
31.5,0,4,6,2247
31.5,0,4,7,2254
31.5,0,4,8,2261
31.5,0,4,9,2268
31.5,0,4,10,2275
31.5,0,4,11,2282
31.5,0,4,12,2289
31.5,0,4,13,2296
31.5,0,4,14,2303
31.5,0,4,15,2309
31.5,0,5,0,2212
31.5,0,5,1,2219
31.5,0,5,2,2227
31.5,0,5,3,2234
31.5,0,5,4,2241
31.5,0,5,5,2248
31.5,0,5,6,2255
31.5,0,5,7,2262
31.5,0,5,8,2269
31.5,0,5,9,2276
31.5,0,5,10,2283
31.5,0,5,11,2290
31.5,0,5,12,2296
31.5,0,5,13,2303
31.5,0,5,14,2310
31.5,0,5,15,2317
31.5,0,6,0,2220
31.5,0,6,1,2227
31.5,0,6,2,2234
31.5,0,6,3,2241
31.5,0,6,4,2248
31.5,0,6,5,2255
31.5,0,6,6,2262
31.5,0,6,7,2269
31.5,0,6,8,2276
31.5,0,6,9,2283
31.5,0,6,10,2290
31.5,0,6,11,2297
31.5,0,6,12,2304
31.5,0,6,13,2311
31.5,0,6,14,2318
31.5,0,6,15,2324
31.5,0,7,0,2227
31.5,0,7,1,2234
31.5,0,7,2,2241
31.5,0,7,3,2248
31.5,0,7,4,2255
31.5,0,7,5,2262
31.5,0,7,6,2269
31.5,0,7,7,2276
31.5,0,7,8,2283
31.5,0,7,9,2290
31.5,0,7,10,2297
31.5,0,7,11,2304
31.5,0,7,12,2311
31.5,0,7,13,2318
31.5,0,7,14,2325
31.5,0,7,15,2332
31.5,0,8,0,2234
31.5,0,8,1,2241
31.5,0,8,2,2248
31.5,0,8,3,2255
31.5,0,8,4,2262
31.5,0,8,5,2270
31.5,0,8,6,2277
31.5,0,8,7,2284
31.5,0,8,8,2291
31.5,0,8,9,2298
31.5,0,8,10,2305
31.5,0,8,11,2312
31.5,0,8,12,2319
31.5,0,8,13,2326
31.5,0,8,14,2333
31.5,0,8,15,2339
31.5,0,9,0,2241
31.5,0,9,1,2248
31.5,0,9,2,2255
31.5,0,9,3,2262
31.5,0,9,4,2270
31.5,0,9,5,2277
31.5,0,9,6,2284
31.5,0,9,7,2291
31.5,0,9,8,2298
31.5,0,9,9,2305
31.5,0,9,10,2312
31.5,0,9,11,2319
31.5,0,9,12,2326
31.5,0,9,13,2333
31.5,0,9,14,2340
31.5,0,9,15,2347
31.5,0,10,0,2248
31.5,0,10,1,2255
31.5,0,10,2,2262
31.5,0,10,3,2270
31.5,0,10,4,2277
31.5,0,10,5,2284
31.5,0,10,6,2291
31.5,0,10,7,2298
31.5,0,10,8,2305
31.5,0,10,9,2312
31.5,0,10,10,2319
31.5,0,10,11,2326
31.5,0,10,12,2333
31.5,0,10,13,2340
31.5,0,10,14,2347
31.5,0,10,15,2354
31.5,0,11,0,2255
31.5,0,11,1,2262
31.5,0,11,2,2270
31.5,0,11,3,2277
31.5,0,11,4,2284
31.5,0,11,5,2291
31.5,0,11,6,2298
31.5,0,11,7,2305
31.5,0,11,8,2313
31.5,0,11,9,2320
31.5,0,11,10,2327
31.5,0,11,11,2334
31.5,0,11,12,2341
31.5,0,11,13,2348
31.5,0,11,14,2355
31.5,0,11,15,2362
31.5,0,12,0,2262
31.5,0,12,1,2269
31.5,0,12,2,2277
31.5,0,12,3,2284
31.5,0,12,4,2291
31.5,0,12,5,2298
31.5,0,12,6,2305
31.5,0,12,7,2313
31.5,0,12,8,2320
31.5,0,12,9,2327
31.5,0,12,10,2334
31.5,0,12,11,2341
31.5,0,12,12,2348
31.5,0,12,13,2355
31.5,0,12,14,2362
31.5,0,12,15,2369
31.5,0,13,0,2269
31.5,0,13,1,2276
31.5,0,13,2,2284
31.5,0,13,3,2291
31.5,0,13,4,2298
31.5,0,13,5,2305
31.5,0,13,6,2313
31.5,0,13,7,2320
31.5,0,13,8,2327
31.5,0,13,9,2334
31.5,0,13,10,2341
31.5,0,13,11,2348
31.5,0,13,12,2355
31.5,0,13,13,2362
31.5,0,13,14,2369
31.5,0,13,15,2376
31.5,0,14,0,2276
31.5,0,14,1,2283
31.5,0,14,2,2291
31.5,0,14,3,2298
31.5,0,14,4,2305
31.5,0,14,5,2313
31.5,0,14,6,2320
31.5,0,14,7,2327
31.5,0,14,8,2334
31.5,0,14,9,2341
31.5,0,14,10,2348
31.5,0,14,11,2355
31.5,0,14,12,2363
31.5,0,14,13,2370
31.5,0,14,14,2377
31.5,0,14,15,2384
31.5,0,15,0,2283
31.5,0,15,1,2290
31.5,0,15,2,2298
31.5,0,15,3,2305
31.5,0,15,4,2312
31.5,0,15,5,2320
31.5,0,15,6,2327
31.5,0,15,7,2334
31.5,0,15,8,2341
31.5,0,15,9,2348
31.5,0,15,10,2356
31.5,0,15,11,2363
31.5,0,15,12,2370
31.5,0,15,13,2377
31.5,0,15,14,2384
31.5,0,15,15,2391
31.5,1,0,0,2184
31.5,1,0,1,2192
31.5,1,0,2,2199
31.5,1,0,3,2206
31.5,1,0,4,2212
31.5,1,0,5,2219
31.5,1,0,6,2226
31.5,1,0,7,2233
31.5,1,0,8,2240
31.5,1,0,9,2247
31.5,1,0,10,2254
31.5,1,0,11,2261
31.5,1,0,12,2267
31.5,1,0,13,2274
31.5,1,0,14,2281
31.5,1,0,15,2288
31.5,1,1,0,2192
31.5,1,1,1,2199
31.5,1,1,2,2206
31.5,1,1,3,2213
31.5,1,1,4,2220
31.5,1,1,5,2227
31.5,1,1,6,2234
31.5,1,1,7,2241
31.5,1,1,8,2248
31.5,1,1,9,2255
31.5,1,1,10,2261
31.5,1,1,11,2268
31.5,1,1,12,2275
31.5,1,1,13,2282
31.5,1,1,14,2289
31.5,1,1,15,2295
31.5,1,2,0,2199
31.5,1,2,1,2206
31.5,1,2,2,2213
31.5,1,2,3,2220
31.5,1,2,4,2227
31.5,1,2,5,2234
31.5,1,2,6,2241
31.5,1,2,7,2248
31.5,1,2,8,2255
31.5,1,2,9,2262
31.5,1,2,10,2269
31.5,1,2,11,2276
31.5,1,2,12,2283
31.5,1,2,13,2289
31.5,1,2,14,2296
31.5,1,2,15,2303
31.5,1,3,0,2206
31.5,1,3,1,2213
31.5,1,3,2,2221
31.5,1,3,3,2228
31.5,1,3,4,2235
31.5,1,3,5,2242
31.5,1,3,6,2249
31.5,1,3,7,2256
31.5,1,3,8,2263
31.5,1,3,9,2270
31.5,1,3,10,2276
31.5,1,3,11,2283
31.5,1,3,12,2290
31.5,1,3,13,2297
31.5,1,3,14,2304
31.5,1,3,15,2311
31.5,1,4,0,2214
31.5,1,4,1,2221
31.5,1,4,2,2228
31.5,1,4,3,2235
31.5,1,4,4,2242
31.5,1,4,5,2249
31.5,1,4,6,2256
31.5,1,4,7,2263
31.5,1,4,8,2270
31.5,1,4,9,2277
31.5,1,4,10,2284
31.5,1,4,11,2291
31.5,1,4,12,2298
31.5,1,4,13,2305
31.5,1,4,14,2311
31.5,1,4,15,2318
31.5,1,5,0,2221
31.5,1,5,1,2228
31.5,1,5,2,2235
31.5,1,5,3,2242
31.5,1,5,4,2249
31.5,1,5,5,2256
31.5,1,5,6,2263
31.5,1,5,7,2270
31.5,1,5,8,2277
31.5,1,5,9,2284
31.5,1,5,10,2291
31.5,1,5,11,2298
31.5,1,5,12,2305
31.5,1,5,13,2312
31.5,1,5,14,2319
31.5,1,5,15,2326
31.5,1,6,0,2228
31.5,1,6,1,2235
31.5,1,6,2,2242
31.5,1,6,3,2249
31.5,1,6,4,2257
31.5,1,6,5,2264
31.5,1,6,6,2271
31.5,1,6,7,2278
31.5,1,6,8,2285
31.5,1,6,9,2292
31.5,1,6,10,2299
31.5,1,6,11,2306
31.5,1,6,12,2313
31.5,1,6,13,2320
31.5,1,6,14,2326
31.5,1,6,15,2333
31.5,1,7,0,2235
31.5,1,7,1,2242
31.5,1,7,2,2250
31.5,1,7,3,2257
31.5,1,7,4,2264
31.5,1,7,5,2271
31.5,1,7,6,2278
31.5,1,7,7,2285
31.5,1,7,8,2292
31.5,1,7,9,2299
31.5,1,7,10,2306
31.5,1,7,11,2313
31.5,1,7,12,2320
31.5,1,7,13,2327
31.5,1,7,14,2334
31.5,1,7,15,2341
31.5,1,8,0,2242
31.5,1,8,1,2250
31.5,1,8,2,2257
31.5,1,8,3,2264
31.5,1,8,4,2271
31.5,1,8,5,2278
31.5,1,8,6,2285
31.5,1,8,7,2292
31.5,1,8,8,2300
31.5,1,8,9,2307
31.5,1,8,10,2314
31.5,1,8,11,2321
31.5,1,8,12,2328
31.5,1,8,13,2335
31.5,1,8,14,2341
31.5,1,8,15,2348
31.5,1,9,0,2249
31.5,1,9,1,2257
31.5,1,9,2,2264
31.5,1,9,3,2271
31.5,1,9,4,2278
31.5,1,9,5,2285
31.5,1,9,6,2293
31.5,1,9,7,2300
31.5,1,9,8,2307
31.5,1,9,9,2314
31.5,1,9,10,2321
31.5,1,9,11,2328
31.5,1,9,12,2335
31.5,1,9,13,2342
31.5,1,9,14,2349
31.5,1,9,15,2356
31.5,1,10,0,2257
31.5,1,10,1,2264
31.5,1,10,2,2271
31.5,1,10,3,2278
31.5,1,10,4,2286
31.5,1,10,5,2293
31.5,1,10,6,2300
31.5,1,10,7,2307
31.5,1,10,8,2314
31.5,1,10,9,2321
31.5,1,10,10,2328
31.5,1,10,11,2335
31.5,1,10,12,2342
31.5,1,10,13,2349
31.5,1,10,14,2356
31.5,1,10,15,2363
31.5,1,11,0,2264
31.5,1,11,1,2271
31.5,1,11,2,2278
31.5,1,11,3,2285
31.5,1,11,4,2293
31.5,1,11,5,2300
31.5,1,11,6,2307
31.5,1,11,7,2314
31.5,1,11,8,2321
31.5,1,11,9,2328
31.5,1,11,10,2336
31.5,1,11,11,2343
31.5,1,11,12,2350
31.5,1,11,13,2357
31.5,1,11,14,2364
31.5,1,11,15,2371
31.5,1,12,0,2271
31.5,1,12,1,2278
31.5,1,12,2,2285
31.5,1,12,3,2293
31.5,1,12,4,2300
31.5,1,12,5,2307
31.5,1,12,6,2314
31.5,1,12,7,2321
31.5,1,12,8,2329
31.5,1,12,9,2336
31.5,1,12,10,2343
31.5,1,12,11,2350
31.5,1,12,12,2357
31.5,1,12,13,2364
31.5,1,12,14,2371
31.5,1,12,15,2378
31.5,1,13,0,2278
31.5,1,13,1,2285
31.5,1,13,2,2292
31.5,1,13,3,2300
31.5,1,13,4,2307
31.5,1,13,5,2314
31.5,1,13,6,2321
31.5,1,13,7,2329
31.5,1,13,8,2336
31.5,1,13,9,2343
31.5,1,13,10,2350
31.5,1,13,11,2357
31.5,1,13,12,2364
31.5,1,13,13,2371
31.5,1,13,14,2378
31.5,1,13,15,2385
31.5,1,14,0,2285
31.5,1,14,1,2292
31.5,1,14,2,2300
31.5,1,14,3,2307
31.5,1,14,4,2314
31.5,1,14,5,2321
31.5,1,14,6,2329
31.5,1,14,7,2336
31.5,1,14,8,2343
31.5,1,14,9,2350
31.5,1,14,10,2357
31.5,1,14,11,2365
31.5,1,14,12,2372
31.5,1,14,13,2379
31.5,1,14,14,2386
31.5,1,14,15,2393
31.5,1,15,0,2292
31.5,1,15,1,2299
31.5,1,15,2,2307
31.5,1,15,3,2314
31.5,1,15,4,2321
31.5,1,15,5,2328
31.5,1,15,6,2336
31.5,1,15,7,2343
31.5,1,15,8,2350
31.5,1,15,9,2357
31.5,1,15,10,2365
31.5,1,15,11,2372
31.5,1,15,12,2379
31.5,1,15,13,2386
31.5,1,15,14,2393
31.5,1,15,15,2400
31.5,2,0,0,2193
31.5,2,0,1,2200
31.5,2,0,2,2207
31.5,2,0,3,2214
31.5,2,0,4,2221
31.5,2,0,5,2228
31.5,2,0,6,2235
31.5,2,0,7,2242
31.5,2,0,8,2249
31.5,2,0,9,2256
31.5,2,0,10,2262
31.5,2,0,11,2269
31.5,2,0,12,2276
31.5,2,0,13,2283
31.5,2,0,14,2290
31.5,2,0,15,2296
31.5,2,1,0,2200
31.5,2,1,1,2207
31.5,2,1,2,2214
31.5,2,1,3,2221
31.5,2,1,4,2228
31.5,2,1,5,2235
31.5,2,1,6,2242
31.5,2,1,7,2249
31.5,2,1,8,2256
31.5,2,1,9,2263
31.5,2,1,10,2270
31.5,2,1,11,2277
31.5,2,1,12,2284
31.5,2,1,13,2291
31.5,2,1,14,2297
31.5,2,1,15,2304
31.5,2,2,0,2207
31.5,2,2,1,2215
31.5,2,2,2,2222
31.5,2,2,3,2229
31.5,2,2,4,2236
31.5,2,2,5,2243
31.5,2,2,6,2250
31.5,2,2,7,2257
31.5,2,2,8,2264
31.5,2,2,9,2271
31.5,2,2,10,2278
31.5,2,2,11,2284
31.5,2,2,12,2291
31.5,2,2,13,2298
31.5,2,2,14,2305
31.5,2,2,15,2312
31.5,2,3,0,2215
31.5,2,3,1,2222
31.5,2,3,2,2229
31.5,2,3,3,2236
31.5,2,3,4,2243
31.5,2,3,5,2250
31.5,2,3,6,2257
31.5,2,3,7,2264
31.5,2,3,8,2271
31.5,2,3,9,2278
31.5,2,3,10,2285
31.5,2,3,11,2292
31.5,2,3,12,2299
31.5,2,3,13,2306
31.5,2,3,14,2313
31.5,2,3,15,2319
31.5,2,4,0,2222
31.5,2,4,1,2229
31.5,2,4,2,2236
31.5,2,4,3,2243
31.5,2,4,4,2251
31.5,2,4,5,2258
31.5,2,4,6,2265
31.5,2,4,7,2272
31.5,2,4,8,2279
31.5,2,4,9,2286
31.5,2,4,10,2293
31.5,2,4,11,2300
31.5,2,4,12,2306
31.5,2,4,13,2313
31.5,2,4,14,2320
31.5,2,4,15,2327
31.5,2,5,0,2229
31.5,2,5,1,2236
31.5,2,5,2,2244
31.5,2,5,3,2251
31.5,2,5,4,2258
31.5,2,5,5,2265
31.5,2,5,6,2272
31.5,2,5,7,2279
31.5,2,5,8,2286
31.5,2,5,9,2293
31.5,2,5,10,2300
31.5,2,5,11,2307
31.5,2,5,12,2314
31.5,2,5,13,2321
31.5,2,5,14,2328
31.5,2,5,15,2335
31.5,2,6,0,2237
31.5,2,6,1,2244
31.5,2,6,2,2251
31.5,2,6,3,2258
31.5,2,6,4,2265
31.5,2,6,5,2272
31.5,2,6,6,2279
31.5,2,6,7,2286
31.5,2,6,8,2294
31.5,2,6,9,2301
31.5,2,6,10,2308
31.5,2,6,11,2315
31.5,2,6,12,2322
31.5,2,6,13,2328
31.5,2,6,14,2335
31.5,2,6,15,2342
31.5,2,7,0,2244
31.5,2,7,1,2251
31.5,2,7,2,2258
31.5,2,7,3,2265
31.5,2,7,4,2273
31.5,2,7,5,2280
31.5,2,7,6,2287
31.5,2,7,7,2294
31.5,2,7,8,2301
31.5,2,7,9,2308
31.5,2,7,10,2315
31.5,2,7,11,2322
31.5,2,7,12,2329
31.5,2,7,13,2336
31.5,2,7,14,2343
31.5,2,7,15,2350
31.5,2,8,0,2251
31.5,2,8,1,2258
31.5,2,8,2,2265
31.5,2,8,3,2273
31.5,2,8,4,2280
31.5,2,8,5,2287
31.5,2,8,6,2294
31.5,2,8,7,2301
31.5,2,8,8,2308
31.5,2,8,9,2315
31.5,2,8,10,2322
31.5,2,8,11,2329
31.5,2,8,12,2336
31.5,2,8,13,2343
31.5,2,8,14,2350
31.5,2,8,15,2357
31.5,2,9,0,2258
31.5,2,9,1,2265
31.5,2,9,2,2273
31.5,2,9,3,2280
31.5,2,9,4,2287
31.5,2,9,5,2294
31.5,2,9,6,2301
31.5,2,9,7,2309
31.5,2,9,8,2316
31.5,2,9,9,2323
31.5,2,9,10,2330
31.5,2,9,11,2337
31.5,2,9,12,2344
31.5,2,9,13,2351
31.5,2,9,14,2358
31.5,2,9,15,2365
31.5,2,10,0,2265
31.5,2,10,1,2273
31.5,2,10,2,2280
31.5,2,10,3,2287
31.5,2,10,4,2294
31.5,2,10,5,2301
31.5,2,10,6,2309
31.5,2,10,7,2316
31.5,2,10,8,2323
31.5,2,10,9,2330
31.5,2,10,10,2337
31.5,2,10,11,2344
31.5,2,10,12,2351
31.5,2,10,13,2358
31.5,2,10,14,2365
31.5,2,10,15,2372
31.5,2,11,0,2272
31.5,2,11,1,2280
31.5,2,11,2,2287
31.5,2,11,3,2294
31.5,2,11,4,2301
31.5,2,11,5,2309
31.5,2,11,6,2316
31.5,2,11,7,2323
31.5,2,11,8,2330
31.5,2,11,9,2337
31.5,2,11,10,2344
31.5,2,11,11,2352
31.5,2,11,12,2359
31.5,2,11,13,2366
31.5,2,11,14,2373
31.5,2,11,15,2380
31.5,2,12,0,2279
31.5,2,12,1,2287
31.5,2,12,2,2294
31.5,2,12,3,2301
31.5,2,12,4,2309
31.5,2,12,5,2316
31.5,2,12,6,2323
31.5,2,12,7,2330
31.5,2,12,8,2338
31.5,2,12,9,2345
31.5,2,12,10,2352
31.5,2,12,11,2359
31.5,2,12,12,2366
31.5,2,12,13,2373
31.5,2,12,14,2380
31.5,2,12,15,2387
31.5,2,13,0,2286
31.5,2,13,1,2294
31.5,2,13,2,2301
31.5,2,13,3,2309
31.5,2,13,4,2316
31.5,2,13,5,2323
31.5,2,13,6,2330
31.5,2,13,7,2338
31.5,2,13,8,2345
31.5,2,13,9,2352
31.5,2,13,10,2359
31.5,2,13,11,2366
31.5,2,13,12,2373
31.5,2,13,13,2380
31.5,2,13,14,2388
31.5,2,13,15,2395
31.5,2,14,0,2294
31.5,2,14,1,2301
31.5,2,14,2,2308
31.5,2,14,3,2316
31.5,2,14,4,2323
31.5,2,14,5,2330
31.5,2,14,6,2338
31.5,2,14,7,2345
31.5,2,14,8,2352
31.5,2,14,9,2359
31.5,2,14,10,2366
31.5,2,14,11,2374
31.5,2,14,12,2381
31.5,2,14,13,2388
31.5,2,14,14,2395
31.5,2,14,15,2402
31.5,2,15,0,2301
31.5,2,15,1,2308
31.5,2,15,2,2315
31.5,2,15,3,2323
31.5,2,15,4,2330
31.5,2,15,5,2337
31.5,2,15,6,2345
31.5,2,15,7,2352
31.5,2,15,8,2359
31.5,2,15,9,2366
31.5,2,15,10,2374
31.5,2,15,11,2381
31.5,2,15,12,2388
31.5,2,15,13,2395
31.5,2,15,14,2402
31.5,2,15,15,2409
31.5,3,0,0,2201
31.5,3,0,1,2208
31.5,3,0,2,2215
31.5,3,0,3,2222
31.5,3,0,4,2229
31.5,3,0,5,2236
31.5,3,0,6,2243
31.5,3,0,7,2250
31.5,3,0,8,2257
31.5,3,0,9,2264
31.5,3,0,10,2271
31.5,3,0,11,2278
31.5,3,0,12,2285
31.5,3,0,13,2292
31.5,3,0,14,2298
31.5,3,0,15,2305
31.5,3,1,0,2209
31.5,3,1,1,2216
31.5,3,1,2,2223
31.5,3,1,3,2230
31.5,3,1,4,2237
31.5,3,1,5,2244
31.5,3,1,6,2251
31.5,3,1,7,2258
31.5,3,1,8,2265
31.5,3,1,9,2272
31.5,3,1,10,2279
31.5,3,1,11,2286
31.5,3,1,12,2292
31.5,3,1,13,2299
31.5,3,1,14,2306
31.5,3,1,15,2313
31.5,3,2,0,2216
31.5,3,2,1,2223
31.5,3,2,2,2230
31.5,3,2,3,2237
31.5,3,2,4,2244
31.5,3,2,5,2251
31.5,3,2,6,2258
31.5,3,2,7,2265
31.5,3,2,8,2272
31.5,3,2,9,2279
31.5,3,2,10,2286
31.5,3,2,11,2293
31.5,3,2,12,2300
31.5,3,2,13,2307
31.5,3,2,14,2314
31.5,3,2,15,2321
31.5,3,3,0,2223
31.5,3,3,1,2230
31.5,3,3,2,2238
31.5,3,3,3,2245
31.5,3,3,4,2252
31.5,3,3,5,2259
31.5,3,3,6,2266
31.5,3,3,7,2273
31.5,3,3,8,2280
31.5,3,3,9,2287
31.5,3,3,10,2294
31.5,3,3,11,2301
31.5,3,3,12,2308
31.5,3,3,13,2315
31.5,3,3,14,2321
31.5,3,3,15,2328
31.5,3,4,0,2231
31.5,3,4,1,2238
31.5,3,4,2,2245
31.5,3,4,3,2252
31.5,3,4,4,2259
31.5,3,4,5,2266
31.5,3,4,6,2273
31.5,3,4,7,2280
31.5,3,4,8,2287
31.5,3,4,9,2294
31.5,3,4,10,2301
31.5,3,4,11,2308
31.5,3,4,12,2315
31.5,3,4,13,2322
31.5,3,4,14,2329
31.5,3,4,15,2336
31.5,3,5,0,2238
31.5,3,5,1,2245
31.5,3,5,2,2252
31.5,3,5,3,2259
31.5,3,5,4,2266
31.5,3,5,5,2274
31.5,3,5,6,2281
31.5,3,5,7,2288
31.5,3,5,8,2295
31.5,3,5,9,2302
31.5,3,5,10,2309
31.5,3,5,11,2316
31.5,3,5,12,2323
31.5,3,5,13,2330
31.5,3,5,14,2337
31.5,3,5,15,2344
31.5,3,6,0,2245
31.5,3,6,1,2252
31.5,3,6,2,2259
31.5,3,6,3,2267
31.5,3,6,4,2274
31.5,3,6,5,2281
31.5,3,6,6,2288
31.5,3,6,7,2295
31.5,3,6,8,2302
31.5,3,6,9,2309
31.5,3,6,10,2316
31.5,3,6,11,2323
31.5,3,6,12,2330
31.5,3,6,13,2337
31.5,3,6,14,2344
31.5,3,6,15,2351
31.5,3,7,0,2252
31.5,3,7,1,2260
31.5,3,7,2,2267
31.5,3,7,3,2274
31.5,3,7,4,2281
31.5,3,7,5,2288
31.5,3,7,6,2295
31.5,3,7,7,2303
31.5,3,7,8,2310
31.5,3,7,9,2317
31.5,3,7,10,2324
31.5,3,7,11,2331
31.5,3,7,12,2338
31.5,3,7,13,2345
31.5,3,7,14,2352
31.5,3,7,15,2359
31.5,3,8,0,2259
31.5,3,8,1,2267
31.5,3,8,2,2274
31.5,3,8,3,2281
31.5,3,8,4,2288
31.5,3,8,5,2296
31.5,3,8,6,2303
31.5,3,8,7,2310
31.5,3,8,8,2317
31.5,3,8,9,2324
31.5,3,8,10,2331
31.5,3,8,11,2338
31.5,3,8,12,2345
31.5,3,8,13,2352
31.5,3,8,14,2359
31.5,3,8,15,2366
31.5,3,9,0,2267
31.5,3,9,1,2274
31.5,3,9,2,2281
31.5,3,9,3,2289
31.5,3,9,4,2296
31.5,3,9,5,2303
31.5,3,9,6,2310
31.5,3,9,7,2317
31.5,3,9,8,2324
31.5,3,9,9,2332
31.5,3,9,10,2339
31.5,3,9,11,2346
31.5,3,9,12,2353
31.5,3,9,13,2360
31.5,3,9,14,2367
31.5,3,9,15,2374
31.5,3,10,0,2274
31.5,3,10,1,2281
31.5,3,10,2,2288
31.5,3,10,3,2296
31.5,3,10,4,2303
31.5,3,10,5,2310
31.5,3,10,6,2317
31.5,3,10,7,2325
31.5,3,10,8,2332
31.5,3,10,9,2339
31.5,3,10,10,2346
31.5,3,10,11,2353
31.5,3,10,12,2360
31.5,3,10,13,2367
31.5,3,10,14,2374
31.5,3,10,15,2381
31.5,3,11,0,2281
31.5,3,11,1,2288
31.5,3,11,2,2296
31.5,3,11,3,2303
31.5,3,11,4,2310
31.5,3,11,5,2317
31.5,3,11,6,2325
31.5,3,11,7,2332
31.5,3,11,8,2339
31.5,3,11,9,2346
31.5,3,11,10,2353
31.5,3,11,11,2361
31.5,3,11,12,2368
31.5,3,11,13,2375
31.5,3,11,14,2382
31.5,3,11,15,2389
31.5,3,12,0,2288
31.5,3,12,1,2295
31.5,3,12,2,2303
31.5,3,12,3,2310
31.5,3,12,4,2317
31.5,3,12,5,2325
31.5,3,12,6,2332
31.5,3,12,7,2339
31.5,3,12,8,2346
31.5,3,12,9,2354
31.5,3,12,10,2361
31.5,3,12,11,2368
31.5,3,12,12,2375
31.5,3,12,13,2382
31.5,3,12,14,2389
31.5,3,12,15,2396
31.5,3,13,0,2295
31.5,3,13,1,2303
31.5,3,13,2,2310
31.5,3,13,3,2317
31.5,3,13,4,2325
31.5,3,13,5,2332
31.5,3,13,6,2339
31.5,3,13,7,2346
31.5,3,13,8,2354
31.5,3,13,9,2361
31.5,3,13,10,2368
31.5,3,13,11,2375
31.5,3,13,12,2382
31.5,3,13,13,2390
31.5,3,13,14,2397
31.5,3,13,15,2404
31.5,3,14,0,2302
31.5,3,14,1,2310
31.5,3,14,2,2317
31.5,3,14,3,2324
31.5,3,14,4,2332
31.5,3,14,5,2339
31.5,3,14,6,2346
31.5,3,14,7,2354
31.5,3,14,8,2361
31.5,3,14,9,2368
31.5,3,14,10,2375
31.5,3,14,11,2383
31.5,3,14,12,2390
31.5,3,14,13,2397
31.5,3,14,14,2404
31.5,3,14,15,2411
31.5,3,15,0,2309
31.5,3,15,1,2317
31.5,3,15,2,2324
31.5,3,15,3,2332
31.5,3,15,4,2339
31.5,3,15,5,2346
31.5,3,15,6,2354
31.5,3,15,7,2361
31.5,3,15,8,2368
31.5,3,15,9,2375
31.5,3,15,10,2383
31.5,3,15,11,2390
31.5,3,15,12,2397
31.5,3,15,13,2404
31.5,3,15,14,2411
31.5,3,15,15,2418
31.5,4,0,0,2209
31.5,4,0,1,2217
31.5,4,0,2,2224
31.5,4,0,3,2231
31.5,4,0,4,2238
31.5,4,0,5,2245
31.5,4,0,6,2252
31.5,4,0,7,2259
31.5,4,0,8,2266
31.5,4,0,9,2273
31.5,4,0,10,2280
31.5,4,0,11,2287
31.5,4,0,12,2293
31.5,4,0,13,2300
31.5,4,0,14,2307
31.5,4,0,15,2314
31.5,4,1,0,2217
31.5,4,1,1,2224
31.5,4,1,2,2231
31.5,4,1,3,2238
31.5,4,1,4,2245
31.5,4,1,5,2252
31.5,4,1,6,2259
31.5,4,1,7,2266
31.5,4,1,8,2273
31.5,4,1,9,2280
31.5,4,1,10,2287
31.5,4,1,11,2294
31.5,4,1,12,2301
31.5,4,1,13,2308
31.5,4,1,14,2315
31.5,4,1,15,2322
31.5,4,2,0,2224
31.5,4,2,1,2231
31.5,4,2,2,2239
31.5,4,2,3,2246
31.5,4,2,4,2253
31.5,4,2,5,2260
31.5,4,2,6,2267
31.5,4,2,7,2274
31.5,4,2,8,2281
31.5,4,2,9,2288
31.5,4,2,10,2295
31.5,4,2,11,2302
31.5,4,2,12,2309
31.5,4,2,13,2316
31.5,4,2,14,2323
31.5,4,2,15,2329
31.5,4,3,0,2232
31.5,4,3,1,2239
31.5,4,3,2,2246
31.5,4,3,3,2253
31.5,4,3,4,2260
31.5,4,3,5,2267
31.5,4,3,6,2274
31.5,4,3,7,2281
31.5,4,3,8,2289
31.5,4,3,9,2296
31.5,4,3,10,2303
31.5,4,3,11,2309
31.5,4,3,12,2316
31.5,4,3,13,2323
31.5,4,3,14,2330
31.5,4,3,15,2337
31.5,4,4,0,2239
31.5,4,4,1,2246
31.5,4,4,2,2253
31.5,4,4,3,2261
31.5,4,4,4,2268
31.5,4,4,5,2275
31.5,4,4,6,2282
31.5,4,4,7,2289
31.5,4,4,8,2296
31.5,4,4,9,2303
31.5,4,4,10,2310
31.5,4,4,11,2317
31.5,4,4,12,2324
31.5,4,4,13,2331
31.5,4,4,14,2338
31.5,4,4,15,2345
31.5,4,5,0,2246
31.5,4,5,1,2253
31.5,4,5,2,2261
31.5,4,5,3,2268
31.5,4,5,4,2275
31.5,4,5,5,2282
31.5,4,5,6,2289
31.5,4,5,7,2296
31.5,4,5,8,2304
31.5,4,5,9,2311
31.5,4,5,10,2318
31.5,4,5,11,2325
31.5,4,5,12,2332
31.5,4,5,13,2339
31.5,4,5,14,2346
31.5,4,5,15,2352
31.5,4,6,0,2254
31.5,4,6,1,2261
31.5,4,6,2,2268
31.5,4,6,3,2275
31.5,4,6,4,2282
31.5,4,6,5,2290
31.5,4,6,6,2297
31.5,4,6,7,2304
31.5,4,6,8,2311
31.5,4,6,9,2318
31.5,4,6,10,2325
31.5,4,6,11,2332
31.5,4,6,12,2339
31.5,4,6,13,2346
31.5,4,6,14,2353
31.5,4,6,15,2360
31.5,4,7,0,2261
31.5,4,7,1,2268
31.5,4,7,2,2275
31.5,4,7,3,2283
31.5,4,7,4,2290
31.5,4,7,5,2297
31.5,4,7,6,2304
31.5,4,7,7,2311
31.5,4,7,8,2318
31.5,4,7,9,2326
31.5,4,7,10,2333
31.5,4,7,11,2340
31.5,4,7,12,2347
31.5,4,7,13,2354
31.5,4,7,14,2361
31.5,4,7,15,2368
31.5,4,8,0,2268
31.5,4,8,1,2275
31.5,4,8,2,2283
31.5,4,8,3,2290
31.5,4,8,4,2297
31.5,4,8,5,2304
31.5,4,8,6,2312
31.5,4,8,7,2319
31.5,4,8,8,2326
31.5,4,8,9,2333
31.5,4,8,10,2340
31.5,4,8,11,2347
31.5,4,8,12,2354
31.5,4,8,13,2361
31.5,4,8,14,2368
31.5,4,8,15,2375
31.5,4,9,0,2275
31.5,4,9,1,2283
31.5,4,9,2,2290
31.5,4,9,3,2297
31.5,4,9,4,2304
31.5,4,9,5,2312
31.5,4,9,6,2319
31.5,4,9,7,2326
31.5,4,9,8,2333
31.5,4,9,9,2340
31.5,4,9,10,2348
31.5,4,9,11,2355
31.5,4,9,12,2362
31.5,4,9,13,2369
31.5,4,9,14,2376
31.5,4,9,15,2383
31.5,4,10,0,2282
31.5,4,10,1,2290
31.5,4,10,2,2297
31.5,4,10,3,2304
31.5,4,10,4,2312
31.5,4,10,5,2319
31.5,4,10,6,2326
31.5,4,10,7,2333
31.5,4,10,8,2341
31.5,4,10,9,2348
31.5,4,10,10,2355
31.5,4,10,11,2362
31.5,4,10,12,2369
31.5,4,10,13,2376
31.5,4,10,14,2383
31.5,4,10,15,2390
31.5,4,11,0,2290
31.5,4,11,1,2297
31.5,4,11,2,2304
31.5,4,11,3,2312
31.5,4,11,4,2319
31.5,4,11,5,2326
31.5,4,11,6,2334
31.5,4,11,7,2341
31.5,4,11,8,2348
31.5,4,11,9,2355
31.5,4,11,10,2362
31.5,4,11,11,2369
31.5,4,11,12,2377
31.5,4,11,13,2384
31.5,4,11,14,2391
31.5,4,11,15,2398
31.5,4,12,0,2297
31.5,4,12,1,2304
31.5,4,12,2,2312
31.5,4,12,3,2319
31.5,4,12,4,2326
31.5,4,12,5,2334
31.5,4,12,6,2341
31.5,4,12,7,2348
31.5,4,12,8,2355
31.5,4,12,9,2363
31.5,4,12,10,2370
31.5,4,12,11,2377
31.5,4,12,12,2384
31.5,4,12,13,2391
31.5,4,12,14,2398
31.5,4,12,15,2405
31.5,4,13,0,2304
31.5,4,13,1,2311
31.5,4,13,2,2319
31.5,4,13,3,2326
31.5,4,13,4,2333
31.5,4,13,5,2341
31.5,4,13,6,2348
31.5,4,13,7,2355
31.5,4,13,8,2363
31.5,4,13,9,2370
31.5,4,13,10,2377
31.5,4,13,11,2384
31.5,4,13,12,2391
31.5,4,13,13,2399
31.5,4,13,14,2406
31.5,4,13,15,2413
31.5,4,14,0,2311
31.5,4,14,1,2318
31.5,4,14,2,2326
31.5,4,14,3,2333
31.5,4,14,4,2341
31.5,4,14,5,2348
31.5,4,14,6,2355
31.5,4,14,7,2363
31.5,4,14,8,2370
31.5,4,14,9,2377
31.5,4,14,10,2384
31.5,4,14,11,2392
31.5,4,14,12,2399
31.5,4,14,13,2406
31.5,4,14,14,2413
31.5,4,14,15,2420
31.5,4,15,0,2318
31.5,4,15,1,2326
31.5,4,15,2,2333
31.5,4,15,3,2340
31.5,4,15,4,2348
31.5,4,15,5,2355
31.5,4,15,6,2363
31.5,4,15,7,2370
31.5,4,15,8,2377
31.5,4,15,9,2384
31.5,4,15,10,2392
31.5,4,15,11,2399
31.5,4,15,12,2406
31.5,4,15,13,2413
31.5,4,15,14,2421
31.5,4,15,15,2428
31.5,5,0,0,2218
31.5,5,0,1,2225
31.5,5,0,2,2232
31.5,5,0,3,2239
31.5,5,0,4,2246
31.5,5,0,5,2253
31.5,5,0,6,2260
31.5,5,0,7,2267
31.5,5,0,8,2274
31.5,5,0,9,2281
31.5,5,0,10,2288
31.5,5,0,11,2295
31.5,5,0,12,2302
31.5,5,0,13,2309
31.5,5,0,14,2316
31.5,5,0,15,2323
31.5,5,1,0,2225
31.5,5,1,1,2232
31.5,5,1,2,2240
31.5,5,1,3,2247
31.5,5,1,4,2254
31.5,5,1,5,2261
31.5,5,1,6,2268
31.5,5,1,7,2275
31.5,5,1,8,2282
31.5,5,1,9,2289
31.5,5,1,10,2296
31.5,5,1,11,2303
31.5,5,1,12,2310
31.5,5,1,13,2317
31.5,5,1,14,2324
31.5,5,1,15,2330
31.5,5,2,0,2233
31.5,5,2,1,2240
31.5,5,2,2,2247
31.5,5,2,3,2254
31.5,5,2,4,2261
31.5,5,2,5,2268
31.5,5,2,6,2275
31.5,5,2,7,2283
31.5,5,2,8,2290
31.5,5,2,9,2297
31.5,5,2,10,2304
31.5,5,2,11,2311
31.5,5,2,12,2317
31.5,5,2,13,2324
31.5,5,2,14,2331
31.5,5,2,15,2338
31.5,5,3,0,2240
31.5,5,3,1,2247
31.5,5,3,2,2254
31.5,5,3,3,2262
31.5,5,3,4,2269
31.5,5,3,5,2276
31.5,5,3,6,2283
31.5,5,3,7,2290
31.5,5,3,8,2297
31.5,5,3,9,2304
31.5,5,3,10,2311
31.5,5,3,11,2318
31.5,5,3,12,2325
31.5,5,3,13,2332
31.5,5,3,14,2339
31.5,5,3,15,2346
31.5,5,4,0,2247
31.5,5,4,1,2255
31.5,5,4,2,2262
31.5,5,4,3,2269
31.5,5,4,4,2276
31.5,5,4,5,2283
31.5,5,4,6,2291
31.5,5,4,7,2298
31.5,5,4,8,2305
31.5,5,4,9,2312
31.5,5,4,10,2319
31.5,5,4,11,2326
31.5,5,4,12,2333
31.5,5,4,13,2340
31.5,5,4,14,2347
31.5,5,4,15,2354
31.5,5,5,0,2255
31.5,5,5,1,2262
31.5,5,5,2,2269
31.5,5,5,3,2276
31.5,5,5,4,2284
31.5,5,5,5,2291
31.5,5,5,6,2298
31.5,5,5,7,2305
31.5,5,5,8,2312
31.5,5,5,9,2319
31.5,5,5,10,2326
31.5,5,5,11,2333
31.5,5,5,12,2340
31.5,5,5,13,2347
31.5,5,5,14,2354
31.5,5,5,15,2361
31.5,5,6,0,2262
31.5,5,6,1,2269
31.5,5,6,2,2277
31.5,5,6,3,2284
31.5,5,6,4,2291
31.5,5,6,5,2298
31.5,5,6,6,2305
31.5,5,6,7,2313
31.5,5,6,8,2320
31.5,5,6,9,2327
31.5,5,6,10,2334
31.5,5,6,11,2341
31.5,5,6,12,2348
31.5,5,6,13,2355
31.5,5,6,14,2362
31.5,5,6,15,2369
31.5,5,7,0,2269
31.5,5,7,1,2277
31.5,5,7,2,2284
31.5,5,7,3,2291
31.5,5,7,4,2298
31.5,5,7,5,2306
31.5,5,7,6,2313
31.5,5,7,7,2320
31.5,5,7,8,2327
31.5,5,7,9,2334
31.5,5,7,10,2341
31.5,5,7,11,2349
31.5,5,7,12,2356
31.5,5,7,13,2363
31.5,5,7,14,2370
31.5,5,7,15,2377
31.5,5,8,0,2277
31.5,5,8,1,2284
31.5,5,8,2,2291
31.5,5,8,3,2299
31.5,5,8,4,2306
31.5,5,8,5,2313
31.5,5,8,6,2320
31.5,5,8,7,2327
31.5,5,8,8,2335
31.5,5,8,9,2342
31.5,5,8,10,2349
31.5,5,8,11,2356
31.5,5,8,12,2363
31.5,5,8,13,2370
31.5,5,8,14,2377
31.5,5,8,15,2384
31.5,5,9,0,2284
31.5,5,9,1,2291
31.5,5,9,2,2299
31.5,5,9,3,2306
31.5,5,9,4,2313
31.5,5,9,5,2320
31.5,5,9,6,2328
31.5,5,9,7,2335
31.5,5,9,8,2342
31.5,5,9,9,2349
31.5,5,9,10,2356
31.5,5,9,11,2364
31.5,5,9,12,2371
31.5,5,9,13,2378
31.5,5,9,14,2385
31.5,5,9,15,2392
31.5,5,10,0,2291
31.5,5,10,1,2298
31.5,5,10,2,2306
31.5,5,10,3,2313
31.5,5,10,4,2320
31.5,5,10,5,2328
31.5,5,10,6,2335
31.5,5,10,7,2342
31.5,5,10,8,2349
31.5,5,10,9,2357
31.5,5,10,10,2364
31.5,5,10,11,2371
31.5,5,10,12,2378
31.5,5,10,13,2385
31.5,5,10,14,2392
31.5,5,10,15,2399
31.5,5,11,0,2298
31.5,5,11,1,2306
31.5,5,11,2,2313
31.5,5,11,3,2320
31.5,5,11,4,2328
31.5,5,11,5,2335
31.5,5,11,6,2342
31.5,5,11,7,2350
31.5,5,11,8,2357
31.5,5,11,9,2364
31.5,5,11,10,2371
31.5,5,11,11,2378
31.5,5,11,12,2386
31.5,5,11,13,2393
31.5,5,11,14,2400
31.5,5,11,15,2407
31.5,5,12,0,2305
31.5,5,12,1,2313
31.5,5,12,2,2320
31.5,5,12,3,2328
31.5,5,12,4,2335
31.5,5,12,5,2342
31.5,5,12,6,2350
31.5,5,12,7,2357
31.5,5,12,8,2364
31.5,5,12,9,2371
31.5,5,12,10,2379
31.5,5,12,11,2386
31.5,5,12,12,2393
31.5,5,12,13,2400
31.5,5,12,14,2407
31.5,5,12,15,2414
31.5,5,13,0,2313
31.5,5,13,1,2320
31.5,5,13,2,2327
31.5,5,13,3,2335
31.5,5,13,4,2342
31.5,5,13,5,2350
31.5,5,13,6,2357
31.5,5,13,7,2364
31.5,5,13,8,2372
31.5,5,13,9,2379
31.5,5,13,10,2386
31.5,5,13,11,2393
31.5,5,13,12,2400
31.5,5,13,13,2408
31.5,5,13,14,2415
31.5,5,13,15,2422
31.5,5,14,0,2320
31.5,5,14,1,2327
31.5,5,14,2,2335
31.5,5,14,3,2342
31.5,5,14,4,2349
31.5,5,14,5,2357
31.5,5,14,6,2364
31.5,5,14,7,2372
31.5,5,14,8,2379
31.5,5,14,9,2386
31.5,5,14,10,2393
31.5,5,14,11,2401
31.5,5,14,12,2408
31.5,5,14,13,2415
31.5,5,14,14,2422
31.5,5,14,15,2429
31.5,5,15,0,2327
31.5,5,15,1,2334
31.5,5,15,2,2342
31.5,5,15,3,2349
31.5,5,15,4,2357
31.5,5,15,5,2364
31.5,5,15,6,2371
31.5,5,15,7,2379
31.5,5,15,8,2386
31.5,5,15,9,2393
31.5,5,15,10,2401
31.5,5,15,11,2408
31.5,5,15,12,2415
31.5,5,15,13,2422
31.5,5,15,14,2430
31.5,5,15,15,2437
31.5,6,0,0,2226
31.5,6,0,1,2233
31.5,6,0,2,2240
31.5,6,0,3,2248
31.5,6,0,4,2255
31.5,6,0,5,2262
31.5,6,0,6,2269
31.5,6,0,7,2276
31.5,6,0,8,2283
31.5,6,0,9,2290
31.5,6,0,10,2297
31.5,6,0,11,2304
31.5,6,0,12,2311
31.5,6,0,13,2318
31.5,6,0,14,2325
31.5,6,0,15,2331
31.5,6,1,0,2234
31.5,6,1,1,2241
31.5,6,1,2,2248
31.5,6,1,3,2255
31.5,6,1,4,2262
31.5,6,1,5,2269
31.5,6,1,6,2276
31.5,6,1,7,2284
31.5,6,1,8,2291
31.5,6,1,9,2298
31.5,6,1,10,2305
31.5,6,1,11,2312
31.5,6,1,12,2318
31.5,6,1,13,2325
31.5,6,1,14,2332
31.5,6,1,15,2339
31.5,6,2,0,2241
31.5,6,2,1,2248
31.5,6,2,2,2255
31.5,6,2,3,2263
31.5,6,2,4,2270
31.5,6,2,5,2277
31.5,6,2,6,2284
31.5,6,2,7,2291
31.5,6,2,8,2298
31.5,6,2,9,2305
31.5,6,2,10,2312
31.5,6,2,11,2319
31.5,6,2,12,2326
31.5,6,2,13,2333
31.5,6,2,14,2340
31.5,6,2,15,2347
31.5,6,3,0,2248
31.5,6,3,1,2256
31.5,6,3,2,2263
31.5,6,3,3,2270
31.5,6,3,4,2277
31.5,6,3,5,2284
31.5,6,3,6,2292
31.5,6,3,7,2299
31.5,6,3,8,2306
31.5,6,3,9,2313
31.5,6,3,10,2320
31.5,6,3,11,2327
31.5,6,3,12,2334
31.5,6,3,13,2341
31.5,6,3,14,2348
31.5,6,3,15,2355
31.5,6,4,0,2256
31.5,6,4,1,2263
31.5,6,4,2,2270
31.5,6,4,3,2278
31.5,6,4,4,2285
31.5,6,4,5,2292
31.5,6,4,6,2299
31.5,6,4,7,2306
31.5,6,4,8,2313
31.5,6,4,9,2320
31.5,6,4,10,2328
31.5,6,4,11,2335
31.5,6,4,12,2342
31.5,6,4,13,2349
31.5,6,4,14,2356
31.5,6,4,15,2363
31.5,6,5,0,2263
31.5,6,5,1,2271
31.5,6,5,2,2278
31.5,6,5,3,2285
31.5,6,5,4,2292
31.5,6,5,5,2299
31.5,6,5,6,2307
31.5,6,5,7,2314
31.5,6,5,8,2321
31.5,6,5,9,2328
31.5,6,5,10,2335
31.5,6,5,11,2342
31.5,6,5,12,2349
31.5,6,5,13,2356
31.5,6,5,14,2363
31.5,6,5,15,2370
31.5,6,6,0,2271
31.5,6,6,1,2278
31.5,6,6,2,2285
31.5,6,6,3,2292
31.5,6,6,4,2300
31.5,6,6,5,2307
31.5,6,6,6,2314
31.5,6,6,7,2321
31.5,6,6,8,2328
31.5,6,6,9,2336
31.5,6,6,10,2343
31.5,6,6,11,2350
31.5,6,6,12,2357
31.5,6,6,13,2364
31.5,6,6,14,2371
31.5,6,6,15,2378
31.5,6,7,0,2278
31.5,6,7,1,2285
31.5,6,7,2,2293
31.5,6,7,3,2300
31.5,6,7,4,2307
31.5,6,7,5,2314
31.5,6,7,6,2322
31.5,6,7,7,2329
31.5,6,7,8,2336
31.5,6,7,9,2343
31.5,6,7,10,2350
31.5,6,7,11,2357
31.5,6,7,12,2364
31.5,6,7,13,2371
31.5,6,7,14,2379
31.5,6,7,15,2386
31.5,6,8,0,2285
31.5,6,8,1,2293
31.5,6,8,2,2300
31.5,6,8,3,2307
31.5,6,8,4,2314
31.5,6,8,5,2322
31.5,6,8,6,2329
31.5,6,8,7,2336
31.5,6,8,8,2343
31.5,6,8,9,2351
31.5,6,8,10,2358
31.5,6,8,11,2365
31.5,6,8,12,2372
31.5,6,8,13,2379
31.5,6,8,14,2386
31.5,6,8,15,2393
31.5,6,9,0,2292
31.5,6,9,1,2300
31.5,6,9,2,2307
31.5,6,9,3,2315
31.5,6,9,4,2322
31.5,6,9,5,2329
31.5,6,9,6,2336
31.5,6,9,7,2344
31.5,6,9,8,2351
31.5,6,9,9,2358
31.5,6,9,10,2365
31.5,6,9,11,2372
31.5,6,9,12,2380
31.5,6,9,13,2387
31.5,6,9,14,2394
31.5,6,9,15,2401
31.5,6,10,0,2300
31.5,6,10,1,2307
31.5,6,10,2,2314
31.5,6,10,3,2322
31.5,6,10,4,2329
31.5,6,10,5,2336
31.5,6,10,6,2344
31.5,6,10,7,2351
31.5,6,10,8,2358
31.5,6,10,9,2366
31.5,6,10,10,2373
31.5,6,10,11,2380
31.5,6,10,12,2387
31.5,6,10,13,2394
31.5,6,10,14,2401
31.5,6,10,15,2408
31.5,6,11,0,2307
31.5,6,11,1,2314
31.5,6,11,2,2322
31.5,6,11,3,2329
31.5,6,11,4,2336
31.5,6,11,5,2344
31.5,6,11,6,2351
31.5,6,11,7,2358
31.5,6,11,8,2366
31.5,6,11,9,2373
31.5,6,11,10,2380
31.5,6,11,11,2387
31.5,6,11,12,2395
31.5,6,11,13,2402
31.5,6,11,14,2409
31.5,6,11,15,2416
31.5,6,12,0,2314
31.5,6,12,1,2322
31.5,6,12,2,2329
31.5,6,12,3,2336
31.5,6,12,4,2344
31.5,6,12,5,2351
31.5,6,12,6,2358
31.5,6,12,7,2366
31.5,6,12,8,2373
31.5,6,12,9,2380
31.5,6,12,10,2388
31.5,6,12,11,2395
31.5,6,12,12,2402
31.5,6,12,13,2409
31.5,6,12,14,2416
31.5,6,12,15,2424
31.5,6,13,0,2321
31.5,6,13,1,2329
31.5,6,13,2,2336
31.5,6,13,3,2344
31.5,6,13,4,2351
31.5,6,13,5,2358
31.5,6,13,6,2366
31.5,6,13,7,2373
31.5,6,13,8,2380
31.5,6,13,9,2388
31.5,6,13,10,2395
31.5,6,13,11,2402
31.5,6,13,12,2409
31.5,6,13,13,2417
31.5,6,13,14,2424
31.5,6,13,15,2431
31.5,6,14,0,2328
31.5,6,14,1,2336
31.5,6,14,2,2343
31.5,6,14,3,2351
31.5,6,14,4,2358
31.5,6,14,5,2366
31.5,6,14,6,2373
31.5,6,14,7,2380
31.5,6,14,8,2388
31.5,6,14,9,2395
31.5,6,14,10,2402
31.5,6,14,11,2410
31.5,6,14,12,2417
31.5,6,14,13,2424
31.5,6,14,14,2431
31.5,6,14,15,2439
31.5,6,15,0,2336
31.5,6,15,1,2343
31.5,6,15,2,2351
31.5,6,15,3,2358
31.5,6,15,4,2366
31.5,6,15,5,2373
31.5,6,15,6,2380
31.5,6,15,7,2388
31.5,6,15,8,2395
31.5,6,15,9,2402
31.5,6,15,10,2410
31.5,6,15,11,2417
31.5,6,15,12,2424
31.5,6,15,13,2432
31.5,6,15,14,2439
31.5,6,15,15,2446
31.5,7,0,0,2235
31.5,7,0,1,2242
31.5,7,0,2,2249
31.5,7,0,3,2256
31.5,7,0,4,2263
31.5,7,0,5,2270
31.5,7,0,6,2277
31.5,7,0,7,2284
31.5,7,0,8,2291
31.5,7,0,9,2298
31.5,7,0,10,2305
31.5,7,0,11,2312
31.5,7,0,12,2319
31.5,7,0,13,2326
31.5,7,0,14,2333
31.5,7,0,15,2340
31.5,7,1,0,2242
31.5,7,1,1,2249
31.5,7,1,2,2256
31.5,7,1,3,2264
31.5,7,1,4,2271
31.5,7,1,5,2278
31.5,7,1,6,2285
31.5,7,1,7,2292
31.5,7,1,8,2299
31.5,7,1,9,2306
31.5,7,1,10,2313
31.5,7,1,11,2320
31.5,7,1,12,2327
31.5,7,1,13,2334
31.5,7,1,14,2341
31.5,7,1,15,2348
31.5,7,2,0,2249
31.5,7,2,1,2257
31.5,7,2,2,2264
31.5,7,2,3,2271
31.5,7,2,4,2278
31.5,7,2,5,2285
31.5,7,2,6,2293
31.5,7,2,7,2300
31.5,7,2,8,2307
31.5,7,2,9,2314
31.5,7,2,10,2321
31.5,7,2,11,2328
31.5,7,2,12,2335
31.5,7,2,13,2342
31.5,7,2,14,2349
31.5,7,2,15,2356
31.5,7,3,0,2257
31.5,7,3,1,2264
31.5,7,3,2,2271
31.5,7,3,3,2279
31.5,7,3,4,2286
31.5,7,3,5,2293
31.5,7,3,6,2300
31.5,7,3,7,2307
31.5,7,3,8,2314
31.5,7,3,9,2322
31.5,7,3,10,2329
31.5,7,3,11,2336
31.5,7,3,12,2343
31.5,7,3,13,2350
31.5,7,3,14,2357
31.5,7,3,15,2364
31.5,7,4,0,2264
31.5,7,4,1,2272
31.5,7,4,2,2279
31.5,7,4,3,2286
31.5,7,4,4,2293
31.5,7,4,5,2301
31.5,7,4,6,2308
31.5,7,4,7,2315
31.5,7,4,8,2322
31.5,7,4,9,2329
31.5,7,4,10,2336
31.5,7,4,11,2343
31.5,7,4,12,2350
31.5,7,4,13,2357
31.5,7,4,14,2364
31.5,7,4,15,2371
31.5,7,5,0,2272
31.5,7,5,1,2279
31.5,7,5,2,2286
31.5,7,5,3,2294
31.5,7,5,4,2301
31.5,7,5,5,2308
31.5,7,5,6,2315
31.5,7,5,7,2322
31.5,7,5,8,2330
31.5,7,5,9,2337
31.5,7,5,10,2344
31.5,7,5,11,2351
31.5,7,5,12,2358
31.5,7,5,13,2365
31.5,7,5,14,2372
31.5,7,5,15,2379
31.5,7,6,0,2279
31.5,7,6,1,2286
31.5,7,6,2,2294
31.5,7,6,3,2301
31.5,7,6,4,2308
31.5,7,6,5,2316
31.5,7,6,6,2323
31.5,7,6,7,2330
31.5,7,6,8,2337
31.5,7,6,9,2344
31.5,7,6,10,2351
31.5,7,6,11,2359
31.5,7,6,12,2366
31.5,7,6,13,2373
31.5,7,6,14,2380
31.5,7,6,15,2387
31.5,7,7,0,2286
31.5,7,7,1,2294
31.5,7,7,2,2301
31.5,7,7,3,2308
31.5,7,7,4,2316
31.5,7,7,5,2323
31.5,7,7,6,2330
31.5,7,7,7,2337
31.5,7,7,8,2345
31.5,7,7,9,2352
31.5,7,7,10,2359
31.5,7,7,11,2366
31.5,7,7,12,2373
31.5,7,7,13,2380
31.5,7,7,14,2387
31.5,7,7,15,2395
31.5,7,8,0,2294
31.5,7,8,1,2301
31.5,7,8,2,2308
31.5,7,8,3,2316
31.5,7,8,4,2323
31.5,7,8,5,2330
31.5,7,8,6,2338
31.5,7,8,7,2345
31.5,7,8,8,2352
31.5,7,8,9,2359
31.5,7,8,10,2367
31.5,7,8,11,2374
31.5,7,8,12,2381
31.5,7,8,13,2388
31.5,7,8,14,2395
31.5,7,8,15,2402
31.5,7,9,0,2301
31.5,7,9,1,2308
31.5,7,9,2,2316
31.5,7,9,3,2323
31.5,7,9,4,2331
31.5,7,9,5,2338
31.5,7,9,6,2345
31.5,7,9,7,2352
31.5,7,9,8,2360
31.5,7,9,9,2367
31.5,7,9,10,2374
31.5,7,9,11,2381
31.5,7,9,12,2388
31.5,7,9,13,2396
31.5,7,9,14,2403
31.5,7,9,15,2410
31.5,7,10,0,2308
31.5,7,10,1,2316
31.5,7,10,2,2323
31.5,7,10,3,2331
31.5,7,10,4,2338
31.5,7,10,5,2345
31.5,7,10,6,2353
31.5,7,10,7,2360
31.5,7,10,8,2367
31.5,7,10,9,2374
31.5,7,10,10,2382
31.5,7,10,11,2389
31.5,7,10,12,2396
31.5,7,10,13,2403
31.5,7,10,14,2410
31.5,7,10,15,2417
31.5,7,11,0,2316
31.5,7,11,1,2323
31.5,7,11,2,2330
31.5,7,11,3,2338
31.5,7,11,4,2345
31.5,7,11,5,2353
31.5,7,11,6,2360
31.5,7,11,7,2367
31.5,7,11,8,2375
31.5,7,11,9,2382
31.5,7,11,10,2389
31.5,7,11,11,2396
31.5,7,11,12,2404
31.5,7,11,13,2411
31.5,7,11,14,2418
31.5,7,11,15,2425
31.5,7,12,0,2323
31.5,7,12,1,2330
31.5,7,12,2,2338
31.5,7,12,3,2345
31.5,7,12,4,2353
31.5,7,12,5,2360
31.5,7,12,6,2367
31.5,7,12,7,2375
31.5,7,12,8,2382
31.5,7,12,9,2389
31.5,7,12,10,2397
31.5,7,12,11,2404
31.5,7,12,12,2411
31.5,7,12,13,2418
31.5,7,12,14,2425
31.5,7,12,15,2433
31.5,7,13,0,2330
31.5,7,13,1,2337
31.5,7,13,2,2345
31.5,7,13,3,2352
31.5,7,13,4,2360
31.5,7,13,5,2367
31.5,7,13,6,2375
31.5,7,13,7,2382
31.5,7,13,8,2389
31.5,7,13,9,2397
31.5,7,13,10,2404
31.5,7,13,11,2411
31.5,7,13,12,2418
31.5,7,13,13,2426
31.5,7,13,14,2433
31.5,7,13,15,2440
31.5,7,14,0,2337
31.5,7,14,1,2345
31.5,7,14,2,2352
31.5,7,14,3,2360
31.5,7,14,4,2367
31.5,7,14,5,2375
31.5,7,14,6,2382
31.5,7,14,7,2389
31.5,7,14,8,2397
31.5,7,14,9,2404
31.5,7,14,10,2411
31.5,7,14,11,2419
31.5,7,14,12,2426
31.5,7,14,13,2433
31.5,7,14,14,2440
31.5,7,14,15,2448
31.5,7,15,0,2344
31.5,7,15,1,2352
31.5,7,15,2,2359
31.5,7,15,3,2367
31.5,7,15,4,2374
31.5,7,15,5,2382
31.5,7,15,6,2389
31.5,7,15,7,2397
31.5,7,15,8,2404
31.5,7,15,9,2411
31.5,7,15,10,2419
31.5,7,15,11,2426
31.5,7,15,12,2433
31.5,7,15,13,2441
31.5,7,15,14,2448
31.5,7,15,15,2455
31.5,8,0,0,2243
31.5,8,0,1,2250
31.5,8,0,2,2257
31.5,8,0,3,2264
31.5,8,0,4,2272
31.5,8,0,5,2279
31.5,8,0,6,2286
31.5,8,0,7,2293
31.5,8,0,8,2300
31.5,8,0,9,2307
31.5,8,0,10,2314
31.5,8,0,11,2321
31.5,8,0,12,2328
31.5,8,0,13,2335
31.5,8,0,14,2342
31.5,8,0,15,2349
31.5,8,1,0,2250
31.5,8,1,1,2258
31.5,8,1,2,2265
31.5,8,1,3,2272
31.5,8,1,4,2279
31.5,8,1,5,2286
31.5,8,1,6,2294
31.5,8,1,7,2301
31.5,8,1,8,2308
31.5,8,1,9,2315
31.5,8,1,10,2322
31.5,8,1,11,2329
31.5,8,1,12,2336
31.5,8,1,13,2343
31.5,8,1,14,2350
31.5,8,1,15,2357
31.5,8,2,0,2258
31.5,8,2,1,2265
31.5,8,2,2,2272
31.5,8,2,3,2280
31.5,8,2,4,2287
31.5,8,2,5,2294
31.5,8,2,6,2301
31.5,8,2,7,2308
31.5,8,2,8,2315
31.5,8,2,9,2322
31.5,8,2,10,2330
31.5,8,2,11,2337
31.5,8,2,12,2344
31.5,8,2,13,2351
31.5,8,2,14,2358
31.5,8,2,15,2365
31.5,8,3,0,2265
31.5,8,3,1,2273
31.5,8,3,2,2280
31.5,8,3,3,2287
31.5,8,3,4,2294
31.5,8,3,5,2302
31.5,8,3,6,2309
31.5,8,3,7,2316
31.5,8,3,8,2323
31.5,8,3,9,2330
31.5,8,3,10,2337
31.5,8,3,11,2344
31.5,8,3,12,2351
31.5,8,3,13,2358
31.5,8,3,14,2365
31.5,8,3,15,2372
31.5,8,4,0,2273
31.5,8,4,1,2280
31.5,8,4,2,2287
31.5,8,4,3,2295
31.5,8,4,4,2302
31.5,8,4,5,2309
31.5,8,4,6,2316
31.5,8,4,7,2324
31.5,8,4,8,2331
31.5,8,4,9,2338
31.5,8,4,10,2345
31.5,8,4,11,2352
31.5,8,4,12,2359
31.5,8,4,13,2366
31.5,8,4,14,2373
31.5,8,4,15,2380
31.5,8,5,0,2280
31.5,8,5,1,2288
31.5,8,5,2,2295
31.5,8,5,3,2302
31.5,8,5,4,2309
31.5,8,5,5,2317
31.5,8,5,6,2324
31.5,8,5,7,2331
31.5,8,5,8,2338
31.5,8,5,9,2345
31.5,8,5,10,2353
31.5,8,5,11,2360
31.5,8,5,12,2367
31.5,8,5,13,2374
31.5,8,5,14,2381
31.5,8,5,15,2388
31.5,8,6,0,2288
31.5,8,6,1,2295
31.5,8,6,2,2302
31.5,8,6,3,2310
31.5,8,6,4,2317
31.5,8,6,5,2324
31.5,8,6,6,2331
31.5,8,6,7,2339
31.5,8,6,8,2346
31.5,8,6,9,2353
31.5,8,6,10,2360
31.5,8,6,11,2367
31.5,8,6,12,2374
31.5,8,6,13,2382
31.5,8,6,14,2389
31.5,8,6,15,2396
31.5,8,7,0,2295
31.5,8,7,1,2302
31.5,8,7,2,2310
31.5,8,7,3,2317
31.5,8,7,4,2324
31.5,8,7,5,2332
31.5,8,7,6,2339
31.5,8,7,7,2346
31.5,8,7,8,2353
31.5,8,7,9,2361
31.5,8,7,10,2368
31.5,8,7,11,2375
31.5,8,7,12,2382
31.5,8,7,13,2389
31.5,8,7,14,2396
31.5,8,7,15,2403
31.5,8,8,0,2302
31.5,8,8,1,2310
31.5,8,8,2,2317
31.5,8,8,3,2324
31.5,8,8,4,2332
31.5,8,8,5,2339
31.5,8,8,6,2346
31.5,8,8,7,2354
31.5,8,8,8,2361
31.5,8,8,9,2368
31.5,8,8,10,2375
31.5,8,8,11,2383
31.5,8,8,12,2390
31.5,8,8,13,2397
31.5,8,8,14,2404
31.5,8,8,15,2411
31.5,8,9,0,2310
31.5,8,9,1,2317
31.5,8,9,2,2324
31.5,8,9,3,2332
31.5,8,9,4,2339
31.5,8,9,5,2347
31.5,8,9,6,2354
31.5,8,9,7,2361
31.5,8,9,8,2368
31.5,8,9,9,2376
31.5,8,9,10,2383
31.5,8,9,11,2390
31.5,8,9,12,2397
31.5,8,9,13,2405
31.5,8,9,14,2412
31.5,8,9,15,2419
31.5,8,10,0,2317
31.5,8,10,1,2324
31.5,8,10,2,2332
31.5,8,10,3,2339
31.5,8,10,4,2347
31.5,8,10,5,2354
31.5,8,10,6,2361
31.5,8,10,7,2369
31.5,8,10,8,2376
31.5,8,10,9,2383
31.5,8,10,10,2390
31.5,8,10,11,2398
31.5,8,10,12,2405
31.5,8,10,13,2412
31.5,8,10,14,2419
31.5,8,10,15,2426
31.5,8,11,0,2324
31.5,8,11,1,2332
31.5,8,11,2,2339
31.5,8,11,3,2347
31.5,8,11,4,2354
31.5,8,11,5,2361
31.5,8,11,6,2369
31.5,8,11,7,2376
31.5,8,11,8,2383
31.5,8,11,9,2391
31.5,8,11,10,2398
31.5,8,11,11,2405
31.5,8,11,12,2412
31.5,8,11,13,2420
31.5,8,11,14,2427
31.5,8,11,15,2434
31.5,8,12,0,2331
31.5,8,12,1,2339
31.5,8,12,2,2346
31.5,8,12,3,2354
31.5,8,12,4,2361
31.5,8,12,5,2369
31.5,8,12,6,2376
31.5,8,12,7,2384
31.5,8,12,8,2391
31.5,8,12,9,2398
31.5,8,12,10,2405
31.5,8,12,11,2413
31.5,8,12,12,2420
31.5,8,12,13,2427
31.5,8,12,14,2434
31.5,8,12,15,2442
31.5,8,13,0,2339
31.5,8,13,1,2346
31.5,8,13,2,2354
31.5,8,13,3,2361
31.5,8,13,4,2369
31.5,8,13,5,2376
31.5,8,13,6,2384
31.5,8,13,7,2391
31.5,8,13,8,2398
31.5,8,13,9,2406
31.5,8,13,10,2413
31.5,8,13,11,2420
31.5,8,13,12,2428
31.5,8,13,13,2435
31.5,8,13,14,2442
31.5,8,13,15,2449
31.5,8,14,0,2346
31.5,8,14,1,2353
31.5,8,14,2,2361
31.5,8,14,3,2368
31.5,8,14,4,2376
31.5,8,14,5,2383
31.5,8,14,6,2391
31.5,8,14,7,2398
31.5,8,14,8,2406
31.5,8,14,9,2413
31.5,8,14,10,2420
31.5,8,14,11,2428
31.5,8,14,12,2435
31.5,8,14,13,2442
31.5,8,14,14,2450
31.5,8,14,15,2457
31.5,8,15,0,2353
31.5,8,15,1,2361
31.5,8,15,2,2368
31.5,8,15,3,2376
31.5,8,15,4,2383
31.5,8,15,5,2391
31.5,8,15,6,2398
31.5,8,15,7,2406
31.5,8,15,8,2413
31.5,8,15,9,2420
31.5,8,15,10,2428
31.5,8,15,11,2435
31.5,8,15,12,2442
31.5,8,15,13,2450
31.5,8,15,14,2457
31.5,8,15,15,2464
31.5,9,0,0,2251
31.5,9,0,1,2258
31.5,9,0,2,2266
31.5,9,0,3,2273
31.5,9,0,4,2280
31.5,9,0,5,2287
31.5,9,0,6,2294
31.5,9,0,7,2301
31.5,9,0,8,2309
31.5,9,0,9,2316
31.5,9,0,10,2323
31.5,9,0,11,2330
31.5,9,0,12,2337
31.5,9,0,13,2344
31.5,9,0,14,2351
31.5,9,0,15,2358
31.5,9,1,0,2259
31.5,9,1,1,2266
31.5,9,1,2,2273
31.5,9,1,3,2280
31.5,9,1,4,2288
31.5,9,1,5,2295
31.5,9,1,6,2302
31.5,9,1,7,2309
31.5,9,1,8,2316
31.5,9,1,9,2323
31.5,9,1,10,2330
31.5,9,1,11,2338
31.5,9,1,12,2345
31.5,9,1,13,2352
31.5,9,1,14,2359
31.5,9,1,15,2366
31.5,9,2,0,2266
31.5,9,2,1,2274
31.5,9,2,2,2281
31.5,9,2,3,2288
31.5,9,2,4,2295
31.5,9,2,5,2303
31.5,9,2,6,2310
31.5,9,2,7,2317
31.5,9,2,8,2324
31.5,9,2,9,2331
31.5,9,2,10,2338
31.5,9,2,11,2345
31.5,9,2,12,2352
31.5,9,2,13,2359
31.5,9,2,14,2366
31.5,9,2,15,2373
31.5,9,3,0,2274
31.5,9,3,1,2281
31.5,9,3,2,2288
31.5,9,3,3,2296
31.5,9,3,4,2303
31.5,9,3,5,2310
31.5,9,3,6,2317
31.5,9,3,7,2325
31.5,9,3,8,2332
31.5,9,3,9,2339
31.5,9,3,10,2346
31.5,9,3,11,2353
31.5,9,3,12,2360
31.5,9,3,13,2367
31.5,9,3,14,2374
31.5,9,3,15,2381
31.5,9,4,0,2281
31.5,9,4,1,2289
31.5,9,4,2,2296
31.5,9,4,3,2303
31.5,9,4,4,2310
31.5,9,4,5,2318
31.5,9,4,6,2325
31.5,9,4,7,2332
31.5,9,4,8,2339
31.5,9,4,9,2347
31.5,9,4,10,2354
31.5,9,4,11,2361
31.5,9,4,12,2368
31.5,9,4,13,2375
31.5,9,4,14,2382
31.5,9,4,15,2389
31.5,9,5,0,2289
31.5,9,5,1,2296
31.5,9,5,2,2303
31.5,9,5,3,2311
31.5,9,5,4,2318
31.5,9,5,5,2325
31.5,9,5,6,2333
31.5,9,5,7,2340
31.5,9,5,8,2347
31.5,9,5,9,2354
31.5,9,5,10,2361
31.5,9,5,11,2368
31.5,9,5,12,2376
31.5,9,5,13,2383
31.5,9,5,14,2390
31.5,9,5,15,2397
31.5,9,6,0,2296
31.5,9,6,1,2303
31.5,9,6,2,2311
31.5,9,6,3,2318
31.5,9,6,4,2326
31.5,9,6,5,2333
31.5,9,6,6,2340
31.5,9,6,7,2347
31.5,9,6,8,2355
31.5,9,6,9,2362
31.5,9,6,10,2369
31.5,9,6,11,2376
31.5,9,6,12,2383
31.5,9,6,13,2390
31.5,9,6,14,2398
31.5,9,6,15,2405
31.5,9,7,0,2303
31.5,9,7,1,2311
31.5,9,7,2,2318
31.5,9,7,3,2326
31.5,9,7,4,2333
31.5,9,7,5,2340
31.5,9,7,6,2348
31.5,9,7,7,2355
31.5,9,7,8,2362
31.5,9,7,9,2369
31.5,9,7,10,2377
31.5,9,7,11,2384
31.5,9,7,12,2391
31.5,9,7,13,2398
31.5,9,7,14,2405
31.5,9,7,15,2412
31.5,9,8,0,2311
31.5,9,8,1,2318
31.5,9,8,2,2326
31.5,9,8,3,2333
31.5,9,8,4,2340
31.5,9,8,5,2348
31.5,9,8,6,2355
31.5,9,8,7,2362
31.5,9,8,8,2370
31.5,9,8,9,2377
31.5,9,8,10,2384
31.5,9,8,11,2391
31.5,9,8,12,2399
31.5,9,8,13,2406
31.5,9,8,14,2413
31.5,9,8,15,2420
31.5,9,9,0,2318
31.5,9,9,1,2326
31.5,9,9,2,2333
31.5,9,9,3,2341
31.5,9,9,4,2348
31.5,9,9,5,2355
31.5,9,9,6,2363
31.5,9,9,7,2370
31.5,9,9,8,2377
31.5,9,9,9,2385
31.5,9,9,10,2392
31.5,9,9,11,2399
31.5,9,9,12,2406
31.5,9,9,13,2413
31.5,9,9,14,2421
31.5,9,9,15,2428
31.5,9,10,0,2326
31.5,9,10,1,2333
31.5,9,10,2,2340
31.5,9,10,3,2348
31.5,9,10,4,2355
31.5,9,10,5,2363
31.5,9,10,6,2370
31.5,9,10,7,2377
31.5,9,10,8,2385
31.5,9,10,9,2392
31.5,9,10,10,2399
31.5,9,10,11,2407
31.5,9,10,12,2414
31.5,9,10,13,2421
31.5,9,10,14,2428
31.5,9,10,15,2435
31.5,9,11,0,2333
31.5,9,11,1,2340
31.5,9,11,2,2348
31.5,9,11,3,2355
31.5,9,11,4,2363
31.5,9,11,5,2370
31.5,9,11,6,2378
31.5,9,11,7,2385
31.5,9,11,8,2392
31.5,9,11,9,2400
31.5,9,11,10,2407
31.5,9,11,11,2414
31.5,9,11,12,2421
31.5,9,11,13,2429
31.5,9,11,14,2436
31.5,9,11,15,2443
31.5,9,12,0,2340
31.5,9,12,1,2348
31.5,9,12,2,2355
31.5,9,12,3,2363
31.5,9,12,4,2370
31.5,9,12,5,2378
31.5,9,12,6,2385
31.5,9,12,7,2392
31.5,9,12,8,2400
31.5,9,12,9,2407
31.5,9,12,10,2414
31.5,9,12,11,2422
31.5,9,12,12,2429
31.5,9,12,13,2436
31.5,9,12,14,2444
31.5,9,12,15,2451
31.5,9,13,0,2347
31.5,9,13,1,2355
31.5,9,13,2,2362
31.5,9,13,3,2370
31.5,9,13,4,2377
31.5,9,13,5,2385
31.5,9,13,6,2392
31.5,9,13,7,2400
31.5,9,13,8,2407
31.5,9,13,9,2415
31.5,9,13,10,2422
31.5,9,13,11,2429
31.5,9,13,12,2437
31.5,9,13,13,2444
31.5,9,13,14,2451
31.5,9,13,15,2458
31.5,9,14,0,2355
31.5,9,14,1,2362
31.5,9,14,2,2370
31.5,9,14,3,2377
31.5,9,14,4,2385
31.5,9,14,5,2392
31.5,9,14,6,2400
31.5,9,14,7,2407
31.5,9,14,8,2415
31.5,9,14,9,2422
31.5,9,14,10,2429
31.5,9,14,11,2437
31.5,9,14,12,2444
31.5,9,14,13,2451
31.5,9,14,14,2459
31.5,9,14,15,2466
31.5,9,15,0,2362
31.5,9,15,1,2369
31.5,9,15,2,2377
31.5,9,15,3,2385
31.5,9,15,4,2392
31.5,9,15,5,2400
31.5,9,15,6,2407
31.5,9,15,7,2415
31.5,9,15,8,2422
31.5,9,15,9,2429
31.5,9,15,10,2437
31.5,9,15,11,2444
31.5,9,15,12,2452
31.5,9,15,13,2459
31.5,9,15,14,2466
31.5,9,15,15,2473
31.5,10,0,0,2260
31.5,10,0,1,2267
31.5,10,0,2,2274
31.5,10,0,3,2281
31.5,10,0,4,2289
31.5,10,0,5,2296
31.5,10,0,6,2303
31.5,10,0,7,2310
31.5,10,0,8,2317
31.5,10,0,9,2324
31.5,10,0,10,2331
31.5,10,0,11,2338
31.5,10,0,12,2345
31.5,10,0,13,2352
31.5,10,0,14,2359
31.5,10,0,15,2366
31.5,10,1,0,2267
31.5,10,1,1,2274
31.5,10,1,2,2282
31.5,10,1,3,2289
31.5,10,1,4,2296
31.5,10,1,5,2303
31.5,10,1,6,2311
31.5,10,1,7,2318
31.5,10,1,8,2325
31.5,10,1,9,2332
31.5,10,1,10,2339
31.5,10,1,11,2346
31.5,10,1,12,2353
31.5,10,1,13,2360
31.5,10,1,14,2367
31.5,10,1,15,2374
31.5,10,2,0,2275
31.5,10,2,1,2282
31.5,10,2,2,2289
31.5,10,2,3,2297
31.5,10,2,4,2304
31.5,10,2,5,2311
31.5,10,2,6,2318
31.5,10,2,7,2325
31.5,10,2,8,2333
31.5,10,2,9,2340
31.5,10,2,10,2347
31.5,10,2,11,2354
31.5,10,2,12,2361
31.5,10,2,13,2368
31.5,10,2,14,2375
31.5,10,2,15,2382
31.5,10,3,0,2282
31.5,10,3,1,2290
31.5,10,3,2,2297
31.5,10,3,3,2304
31.5,10,3,4,2311
31.5,10,3,5,2319
31.5,10,3,6,2326
31.5,10,3,7,2333
31.5,10,3,8,2340
31.5,10,3,9,2347
31.5,10,3,10,2355
31.5,10,3,11,2362
31.5,10,3,12,2369
31.5,10,3,13,2376
31.5,10,3,14,2383
31.5,10,3,15,2390
31.5,10,4,0,2290
31.5,10,4,1,2297
31.5,10,4,2,2304
31.5,10,4,3,2312
31.5,10,4,4,2319
31.5,10,4,5,2326
31.5,10,4,6,2334
31.5,10,4,7,2341
31.5,10,4,8,2348
31.5,10,4,9,2355
31.5,10,4,10,2362
31.5,10,4,11,2370
31.5,10,4,12,2377
31.5,10,4,13,2384
31.5,10,4,14,2391
31.5,10,4,15,2398
31.5,10,5,0,2297
31.5,10,5,1,2305
31.5,10,5,2,2312
31.5,10,5,3,2319
31.5,10,5,4,2327
31.5,10,5,5,2334
31.5,10,5,6,2341
31.5,10,5,7,2348
31.5,10,5,8,2356
31.5,10,5,9,2363
31.5,10,5,10,2370
31.5,10,5,11,2377
31.5,10,5,12,2384
31.5,10,5,13,2392
31.5,10,5,14,2399
31.5,10,5,15,2406
31.5,10,6,0,2305
31.5,10,6,1,2312
31.5,10,6,2,2319
31.5,10,6,3,2327
31.5,10,6,4,2334
31.5,10,6,5,2341
31.5,10,6,6,2349
31.5,10,6,7,2356
31.5,10,6,8,2363
31.5,10,6,9,2371
31.5,10,6,10,2378
31.5,10,6,11,2385
31.5,10,6,12,2392
31.5,10,6,13,2399
31.5,10,6,14,2406
31.5,10,6,15,2414
31.5,10,7,0,2312
31.5,10,7,1,2319
31.5,10,7,2,2327
31.5,10,7,3,2334
31.5,10,7,4,2342
31.5,10,7,5,2349
31.5,10,7,6,2356
31.5,10,7,7,2364
31.5,10,7,8,2371
31.5,10,7,9,2378
31.5,10,7,10,2385
31.5,10,7,11,2393
31.5,10,7,12,2400
31.5,10,7,13,2407
31.5,10,7,14,2414
31.5,10,7,15,2421
31.5,10,8,0,2319
31.5,10,8,1,2327
31.5,10,8,2,2334
31.5,10,8,3,2342
31.5,10,8,4,2349
31.5,10,8,5,2357
31.5,10,8,6,2364
31.5,10,8,7,2371
31.5,10,8,8,2379
31.5,10,8,9,2386
31.5,10,8,10,2393
31.5,10,8,11,2400
31.5,10,8,12,2408
31.5,10,8,13,2415
31.5,10,8,14,2422
31.5,10,8,15,2429
31.5,10,9,0,2327
31.5,10,9,1,2334
31.5,10,9,2,2342
31.5,10,9,3,2349
31.5,10,9,4,2357
31.5,10,9,5,2364
31.5,10,9,6,2371
31.5,10,9,7,2379
31.5,10,9,8,2386
31.5,10,9,9,2393
31.5,10,9,10,2401
31.5,10,9,11,2408
31.5,10,9,12,2415
31.5,10,9,13,2422
31.5,10,9,14,2430
31.5,10,9,15,2437
31.5,10,10,0,2334
31.5,10,10,1,2342
31.5,10,10,2,2349
31.5,10,10,3,2357
31.5,10,10,4,2364
31.5,10,10,5,2371
31.5,10,10,6,2379
31.5,10,10,7,2386
31.5,10,10,8,2394
31.5,10,10,9,2401
31.5,10,10,10,2408
31.5,10,10,11,2416
31.5,10,10,12,2423
31.5,10,10,13,2430
31.5,10,10,14,2437
31.5,10,10,15,2444
31.5,10,11,0,2341
31.5,10,11,1,2349
31.5,10,11,2,2357
31.5,10,11,3,2364
31.5,10,11,4,2371
31.5,10,11,5,2379
31.5,10,11,6,2386
31.5,10,11,7,2394
31.5,10,11,8,2401
31.5,10,11,9,2408
31.5,10,11,10,2416
31.5,10,11,11,2423
31.5,10,11,12,2430
31.5,10,11,13,2438
31.5,10,11,14,2445
31.5,10,11,15,2452
31.5,10,12,0,2349
31.5,10,12,1,2356
31.5,10,12,2,2364
31.5,10,12,3,2371
31.5,10,12,4,2379
31.5,10,12,5,2386
31.5,10,12,6,2394
31.5,10,12,7,2401
31.5,10,12,8,2409
31.5,10,12,9,2416
31.5,10,12,10,2423
31.5,10,12,11,2431
31.5,10,12,12,2438
31.5,10,12,13,2445
31.5,10,12,14,2453
31.5,10,12,15,2460
31.5,10,13,0,2356
31.5,10,13,1,2364
31.5,10,13,2,2371
31.5,10,13,3,2379
31.5,10,13,4,2386
31.5,10,13,5,2394
31.5,10,13,6,2401
31.5,10,13,7,2409
31.5,10,13,8,2416
31.5,10,13,9,2424
31.5,10,13,10,2431
31.5,10,13,11,2438
31.5,10,13,12,2446
31.5,10,13,13,2453
31.5,10,13,14,2460
31.5,10,13,15,2467
31.5,10,14,0,2363
31.5,10,14,1,2371
31.5,10,14,2,2379
31.5,10,14,3,2386
31.5,10,14,4,2394
31.5,10,14,5,2401
31.5,10,14,6,2409
31.5,10,14,7,2416
31.5,10,14,8,2424
31.5,10,14,9,2431
31.5,10,14,10,2438
31.5,10,14,11,2446
31.5,10,14,12,2453
31.5,10,14,13,2460
31.5,10,14,14,2468
31.5,10,14,15,2475
31.5,10,15,0,2371
31.5,10,15,1,2378
31.5,10,15,2,2386
31.5,10,15,3,2393
31.5,10,15,4,2401
31.5,10,15,5,2408
31.5,10,15,6,2416
31.5,10,15,7,2424
31.5,10,15,8,2431
31.5,10,15,9,2438
31.5,10,15,10,2446
31.5,10,15,11,2453
31.5,10,15,12,2461
31.5,10,15,13,2468
31.5,10,15,14,2475
31.5,10,15,15,2483
31.5,11,0,0,2268
31.5,11,0,1,2275
31.5,11,0,2,2282
31.5,11,0,3,2290
31.5,11,0,4,2297
31.5,11,0,5,2304
31.5,11,0,6,2311
31.5,11,0,7,2319
31.5,11,0,8,2326
31.5,11,0,9,2333
31.5,11,0,10,2340
31.5,11,0,11,2347
31.5,11,0,12,2354
31.5,11,0,13,2361
31.5,11,0,14,2368
31.5,11,0,15,2375
31.5,11,1,0,2275
31.5,11,1,1,2283
31.5,11,1,2,2290
31.5,11,1,3,2297
31.5,11,1,4,2305
31.5,11,1,5,2312
31.5,11,1,6,2319
31.5,11,1,7,2326
31.5,11,1,8,2333
31.5,11,1,9,2341
31.5,11,1,10,2348
31.5,11,1,11,2355
31.5,11,1,12,2362
31.5,11,1,13,2369
31.5,11,1,14,2376
31.5,11,1,15,2383
31.5,11,2,0,2283
31.5,11,2,1,2290
31.5,11,2,2,2298
31.5,11,2,3,2305
31.5,11,2,4,2312
31.5,11,2,5,2320
31.5,11,2,6,2327
31.5,11,2,7,2334
31.5,11,2,8,2341
31.5,11,2,9,2348
31.5,11,2,10,2356
31.5,11,2,11,2363
31.5,11,2,12,2370
31.5,11,2,13,2377
31.5,11,2,14,2384
31.5,11,2,15,2391
31.5,11,3,0,2291
31.5,11,3,1,2298
31.5,11,3,2,2305
31.5,11,3,3,2313
31.5,11,3,4,2320
31.5,11,3,5,2327
31.5,11,3,6,2335
31.5,11,3,7,2342
31.5,11,3,8,2349
31.5,11,3,9,2356
31.5,11,3,10,2363
31.5,11,3,11,2370
31.5,11,3,12,2378
31.5,11,3,13,2385
31.5,11,3,14,2392
31.5,11,3,15,2399
31.5,11,4,0,2298
31.5,11,4,1,2306
31.5,11,4,2,2313
31.5,11,4,3,2320
31.5,11,4,4,2328
31.5,11,4,5,2335
31.5,11,4,6,2342
31.5,11,4,7,2349
31.5,11,4,8,2357
31.5,11,4,9,2364
31.5,11,4,10,2371
31.5,11,4,11,2378
31.5,11,4,12,2385
31.5,11,4,13,2393
31.5,11,4,14,2400
31.5,11,4,15,2407
31.5,11,5,0,2306
31.5,11,5,1,2313
31.5,11,5,2,2320
31.5,11,5,3,2328
31.5,11,5,4,2335
31.5,11,5,5,2343
31.5,11,5,6,2350
31.5,11,5,7,2357
31.5,11,5,8,2364
31.5,11,5,9,2372
31.5,11,5,10,2379
31.5,11,5,11,2386
31.5,11,5,12,2393
31.5,11,5,13,2400
31.5,11,5,14,2408
31.5,11,5,15,2415
31.5,11,6,0,2313
31.5,11,6,1,2321
31.5,11,6,2,2328
31.5,11,6,3,2335
31.5,11,6,4,2343
31.5,11,6,5,2350
31.5,11,6,6,2357
31.5,11,6,7,2365
31.5,11,6,8,2372
31.5,11,6,9,2379
31.5,11,6,10,2387
31.5,11,6,11,2394
31.5,11,6,12,2401
31.5,11,6,13,2408
31.5,11,6,14,2415
31.5,11,6,15,2422
31.5,11,7,0,2321
31.5,11,7,1,2328
31.5,11,7,2,2335
31.5,11,7,3,2343
31.5,11,7,4,2350
31.5,11,7,5,2358
31.5,11,7,6,2365
31.5,11,7,7,2372
31.5,11,7,8,2380
31.5,11,7,9,2387
31.5,11,7,10,2394
31.5,11,7,11,2401
31.5,11,7,12,2409
31.5,11,7,13,2416
31.5,11,7,14,2423
31.5,11,7,15,2430
31.5,11,8,0,2328
31.5,11,8,1,2335
31.5,11,8,2,2343
31.5,11,8,3,2350
31.5,11,8,4,2358
31.5,11,8,5,2365
31.5,11,8,6,2373
31.5,11,8,7,2380
31.5,11,8,8,2387
31.5,11,8,9,2395
31.5,11,8,10,2402
31.5,11,8,11,2409
31.5,11,8,12,2416
31.5,11,8,13,2424
31.5,11,8,14,2431
31.5,11,8,15,2438
31.5,11,9,0,2335
31.5,11,9,1,2343
31.5,11,9,2,2350
31.5,11,9,3,2358
31.5,11,9,4,2365
31.5,11,9,5,2373
31.5,11,9,6,2380
31.5,11,9,7,2388
31.5,11,9,8,2395
31.5,11,9,9,2402
31.5,11,9,10,2410
31.5,11,9,11,2417
31.5,11,9,12,2424
31.5,11,9,13,2431
31.5,11,9,14,2439
31.5,11,9,15,2446
31.5,11,10,0,2343
31.5,11,10,1,2350
31.5,11,10,2,2358
31.5,11,10,3,2365
31.5,11,10,4,2373
31.5,11,10,5,2380
31.5,11,10,6,2388
31.5,11,10,7,2395
31.5,11,10,8,2402
31.5,11,10,9,2410
31.5,11,10,10,2417
31.5,11,10,11,2424
31.5,11,10,12,2432
31.5,11,10,13,2439
31.5,11,10,14,2446
31.5,11,10,15,2454
31.5,11,11,0,2350
31.5,11,11,1,2358
31.5,11,11,2,2365
31.5,11,11,3,2373
31.5,11,11,4,2380
31.5,11,11,5,2388
31.5,11,11,6,2395
31.5,11,11,7,2403
31.5,11,11,8,2410
31.5,11,11,9,2417
31.5,11,11,10,2425
31.5,11,11,11,2432
31.5,11,11,12,2439
31.5,11,11,13,2447
31.5,11,11,14,2454
31.5,11,11,15,2461
31.5,11,12,0,2357
31.5,11,12,1,2365
31.5,11,12,2,2373
31.5,11,12,3,2380
31.5,11,12,4,2388
31.5,11,12,5,2395
31.5,11,12,6,2403
31.5,11,12,7,2410
31.5,11,12,8,2418
31.5,11,12,9,2425
31.5,11,12,10,2432
31.5,11,12,11,2440
31.5,11,12,12,2447
31.5,11,12,13,2454
31.5,11,12,14,2462
31.5,11,12,15,2469
31.5,11,13,0,2365
31.5,11,13,1,2372
31.5,11,13,2,2380
31.5,11,13,3,2388
31.5,11,13,4,2395
31.5,11,13,5,2403
31.5,11,13,6,2410
31.5,11,13,7,2418
31.5,11,13,8,2425
31.5,11,13,9,2432
31.5,11,13,10,2440
31.5,11,13,11,2447
31.5,11,13,12,2455
31.5,11,13,13,2462
31.5,11,13,14,2469
31.5,11,13,15,2477
31.5,11,14,0,2372
31.5,11,14,1,2380
31.5,11,14,2,2387
31.5,11,14,3,2395
31.5,11,14,4,2402
31.5,11,14,5,2410
31.5,11,14,6,2418
31.5,11,14,7,2425
31.5,11,14,8,2432
31.5,11,14,9,2440
31.5,11,14,10,2447
31.5,11,14,11,2455
31.5,11,14,12,2462
31.5,11,14,13,2470
31.5,11,14,14,2477
31.5,11,14,15,2484
31.5,11,15,0,2379
31.5,11,15,1,2387
31.5,11,15,2,2395
31.5,11,15,3,2402
31.5,11,15,4,2410
31.5,11,15,5,2417
31.5,11,15,6,2425
31.5,11,15,7,2432
31.5,11,15,8,2440
31.5,11,15,9,2447
31.5,11,15,10,2455
31.5,11,15,11,2462
31.5,11,15,12,2470
31.5,11,15,13,2477
31.5,11,15,14,2484
31.5,11,15,15,2492
31.5,12,0,0,2276
31.5,12,0,1,2284
31.5,12,0,2,2291
31.5,12,0,3,2298
31.5,12,0,4,2305
31.5,12,0,5,2313
31.5,12,0,6,2320
31.5,12,0,7,2327
31.5,12,0,8,2334
31.5,12,0,9,2341
31.5,12,0,10,2348
31.5,12,0,11,2356
31.5,12,0,12,2363
31.5,12,0,13,2370
31.5,12,0,14,2377
31.5,12,0,15,2384
31.5,12,1,0,2284
31.5,12,1,1,2291
31.5,12,1,2,2299
31.5,12,1,3,2306
31.5,12,1,4,2313
31.5,12,1,5,2320
31.5,12,1,6,2328
31.5,12,1,7,2335
31.5,12,1,8,2342
31.5,12,1,9,2349
31.5,12,1,10,2356
31.5,12,1,11,2363
31.5,12,1,12,2371
31.5,12,1,13,2378
31.5,12,1,14,2385
31.5,12,1,15,2392
31.5,12,2,0,2291
31.5,12,2,1,2299
31.5,12,2,2,2306
31.5,12,2,3,2314
31.5,12,2,4,2321
31.5,12,2,5,2328
31.5,12,2,6,2335
31.5,12,2,7,2343
31.5,12,2,8,2350
31.5,12,2,9,2357
31.5,12,2,10,2364
31.5,12,2,11,2371
31.5,12,2,12,2378
31.5,12,2,13,2386
31.5,12,2,14,2393
31.5,12,2,15,2400
31.5,12,3,0,2299
31.5,12,3,1,2306
31.5,12,3,2,2314
31.5,12,3,3,2321
31.5,12,3,4,2328
31.5,12,3,5,2336
31.5,12,3,6,2343
31.5,12,3,7,2350
31.5,12,3,8,2358
31.5,12,3,9,2365
31.5,12,3,10,2372
31.5,12,3,11,2379
31.5,12,3,12,2386
31.5,12,3,13,2393
31.5,12,3,14,2401
31.5,12,3,15,2408
31.5,12,4,0,2307
31.5,12,4,1,2314
31.5,12,4,2,2321
31.5,12,4,3,2329
31.5,12,4,4,2336
31.5,12,4,5,2343
31.5,12,4,6,2351
31.5,12,4,7,2358
31.5,12,4,8,2365
31.5,12,4,9,2373
31.5,12,4,10,2380
31.5,12,4,11,2387
31.5,12,4,12,2394
31.5,12,4,13,2401
31.5,12,4,14,2408
31.5,12,4,15,2416
31.5,12,5,0,2314
31.5,12,5,1,2322
31.5,12,5,2,2329
31.5,12,5,3,2336
31.5,12,5,4,2344
31.5,12,5,5,2351
31.5,12,5,6,2358
31.5,12,5,7,2366
31.5,12,5,8,2373
31.5,12,5,9,2380
31.5,12,5,10,2388
31.5,12,5,11,2395
31.5,12,5,12,2402
31.5,12,5,13,2409
31.5,12,5,14,2416
31.5,12,5,15,2423
31.5,12,6,0,2322
31.5,12,6,1,2329
31.5,12,6,2,2337
31.5,12,6,3,2344
31.5,12,6,4,2351
31.5,12,6,5,2359
31.5,12,6,6,2366
31.5,12,6,7,2373
31.5,12,6,8,2381
31.5,12,6,9,2388
31.5,12,6,10,2395
31.5,12,6,11,2403
31.5,12,6,12,2410
31.5,12,6,13,2417
31.5,12,6,14,2424
31.5,12,6,15,2431
31.5,12,7,0,2329
31.5,12,7,1,2337
31.5,12,7,2,2344
31.5,12,7,3,2352
31.5,12,7,4,2359
31.5,12,7,5,2366
31.5,12,7,6,2374
31.5,12,7,7,2381
31.5,12,7,8,2388
31.5,12,7,9,2396
31.5,12,7,10,2403
31.5,12,7,11,2410
31.5,12,7,12,2418
31.5,12,7,13,2425
31.5,12,7,14,2432
31.5,12,7,15,2439
31.5,12,8,0,2337
31.5,12,8,1,2344
31.5,12,8,2,2352
31.5,12,8,3,2359
31.5,12,8,4,2366
31.5,12,8,5,2374
31.5,12,8,6,2381
31.5,12,8,7,2389
31.5,12,8,8,2396
31.5,12,8,9,2403
31.5,12,8,10,2411
31.5,12,8,11,2418
31.5,12,8,12,2425
31.5,12,8,13,2433
31.5,12,8,14,2440
31.5,12,8,15,2447
31.5,12,9,0,2344
31.5,12,9,1,2352
31.5,12,9,2,2359
31.5,12,9,3,2367
31.5,12,9,4,2374
31.5,12,9,5,2381
31.5,12,9,6,2389
31.5,12,9,7,2396
31.5,12,9,8,2404
31.5,12,9,9,2411
31.5,12,9,10,2418
31.5,12,9,11,2426
31.5,12,9,12,2433
31.5,12,9,13,2440
31.5,12,9,14,2448
31.5,12,9,15,2455
31.5,12,10,0,2351
31.5,12,10,1,2359
31.5,12,10,2,2366
31.5,12,10,3,2374
31.5,12,10,4,2382
31.5,12,10,5,2389
31.5,12,10,6,2396
31.5,12,10,7,2404
31.5,12,10,8,2411
31.5,12,10,9,2419
31.5,12,10,10,2426
31.5,12,10,11,2433
31.5,12,10,12,2441
31.5,12,10,13,2448
31.5,12,10,14,2455
31.5,12,10,15,2463
31.5,12,11,0,2359
31.5,12,11,1,2366
31.5,12,11,2,2374
31.5,12,11,3,2381
31.5,12,11,4,2389
31.5,12,11,5,2396
31.5,12,11,6,2404
31.5,12,11,7,2411
31.5,12,11,8,2419
31.5,12,11,9,2426
31.5,12,11,10,2434
31.5,12,11,11,2441
31.5,12,11,12,2448
31.5,12,11,13,2456
31.5,12,11,14,2463
31.5,12,11,15,2470
31.5,12,12,0,2366
31.5,12,12,1,2374
31.5,12,12,2,2381
31.5,12,12,3,2389
31.5,12,12,4,2396
31.5,12,12,5,2404
31.5,12,12,6,2411
31.5,12,12,7,2419
31.5,12,12,8,2426
31.5,12,12,9,2434
31.5,12,12,10,2441
31.5,12,12,11,2449
31.5,12,12,12,2456
31.5,12,12,13,2463
31.5,12,12,14,2471
31.5,12,12,15,2478
31.5,12,13,0,2373
31.5,12,13,1,2381
31.5,12,13,2,2389
31.5,12,13,3,2396
31.5,12,13,4,2404
31.5,12,13,5,2411
31.5,12,13,6,2419
31.5,12,13,7,2426
31.5,12,13,8,2434
31.5,12,13,9,2441
31.5,12,13,10,2449
31.5,12,13,11,2456
31.5,12,13,12,2464
31.5,12,13,13,2471
31.5,12,13,14,2478
31.5,12,13,15,2486
31.5,12,14,0,2381
31.5,12,14,1,2388
31.5,12,14,2,2396
31.5,12,14,3,2404
31.5,12,14,4,2411
31.5,12,14,5,2419
31.5,12,14,6,2426
31.5,12,14,7,2434
31.5,12,14,8,2441
31.5,12,14,9,2449
31.5,12,14,10,2456
31.5,12,14,11,2464
31.5,12,14,12,2471
31.5,12,14,13,2479
31.5,12,14,14,2486
31.5,12,14,15,2493
31.5,12,15,0,2388
31.5,12,15,1,2396
31.5,12,15,2,2403
31.5,12,15,3,2411
31.5,12,15,4,2419
31.5,12,15,5,2426
31.5,12,15,6,2434
31.5,12,15,7,2441
31.5,12,15,8,2449
31.5,12,15,9,2456
31.5,12,15,10,2464
31.5,12,15,11,2471
31.5,12,15,12,2479
31.5,12,15,13,2486
31.5,12,15,14,2494
31.5,12,15,15,2501
31.5,13,0,0,2285
31.5,13,0,1,2292
31.5,13,0,2,2299
31.5,13,0,3,2307
31.5,13,0,4,2314
31.5,13,0,5,2321
31.5,13,0,6,2328
31.5,13,0,7,2336
31.5,13,0,8,2343
31.5,13,0,9,2350
31.5,13,0,10,2357
31.5,13,0,11,2364
31.5,13,0,12,2371
31.5,13,0,13,2378
31.5,13,0,14,2386
31.5,13,0,15,2393
31.5,13,1,0,2292
31.5,13,1,1,2300
31.5,13,1,2,2307
31.5,13,1,3,2314
31.5,13,1,4,2322
31.5,13,1,5,2329
31.5,13,1,6,2336
31.5,13,1,7,2343
31.5,13,1,8,2351
31.5,13,1,9,2358
31.5,13,1,10,2365
31.5,13,1,11,2372
31.5,13,1,12,2379
31.5,13,1,13,2386
31.5,13,1,14,2394
31.5,13,1,15,2401
31.5,13,2,0,2300
31.5,13,2,1,2307
31.5,13,2,2,2315
31.5,13,2,3,2322
31.5,13,2,4,2329
31.5,13,2,5,2337
31.5,13,2,6,2344
31.5,13,2,7,2351
31.5,13,2,8,2358
31.5,13,2,9,2366
31.5,13,2,10,2373
31.5,13,2,11,2380
31.5,13,2,12,2387
31.5,13,2,13,2394
31.5,13,2,14,2401
31.5,13,2,15,2409
31.5,13,3,0,2307
31.5,13,3,1,2315
31.5,13,3,2,2322
31.5,13,3,3,2330
31.5,13,3,4,2337
31.5,13,3,5,2344
31.5,13,3,6,2352
31.5,13,3,7,2359
31.5,13,3,8,2366
31.5,13,3,9,2373
31.5,13,3,10,2381
31.5,13,3,11,2388
31.5,13,3,12,2395
31.5,13,3,13,2402
31.5,13,3,14,2409
31.5,13,3,15,2417
31.5,13,4,0,2315
31.5,13,4,1,2322
31.5,13,4,2,2330
31.5,13,4,3,2337
31.5,13,4,4,2345
31.5,13,4,5,2352
31.5,13,4,6,2359
31.5,13,4,7,2367
31.5,13,4,8,2374
31.5,13,4,9,2381
31.5,13,4,10,2389
31.5,13,4,11,2396
31.5,13,4,12,2403
31.5,13,4,13,2410
31.5,13,4,14,2417
31.5,13,4,15,2424
31.5,13,5,0,2323
31.5,13,5,1,2330
31.5,13,5,2,2338
31.5,13,5,3,2345
31.5,13,5,4,2352
31.5,13,5,5,2360
31.5,13,5,6,2367
31.5,13,5,7,2374
31.5,13,5,8,2382
31.5,13,5,9,2389
31.5,13,5,10,2396
31.5,13,5,11,2404
31.5,13,5,12,2411
31.5,13,5,13,2418
31.5,13,5,14,2425
31.5,13,5,15,2432
31.5,13,6,0,2330
31.5,13,6,1,2338
31.5,13,6,2,2345
31.5,13,6,3,2353
31.5,13,6,4,2360
31.5,13,6,5,2367
31.5,13,6,6,2375
31.5,13,6,7,2382
31.5,13,6,8,2389
31.5,13,6,9,2397
31.5,13,6,10,2404
31.5,13,6,11,2411
31.5,13,6,12,2419
31.5,13,6,13,2426
31.5,13,6,14,2433
31.5,13,6,15,2440
31.5,13,7,0,2338
31.5,13,7,1,2345
31.5,13,7,2,2353
31.5,13,7,3,2360
31.5,13,7,4,2368
31.5,13,7,5,2375
31.5,13,7,6,2382
31.5,13,7,7,2390
31.5,13,7,8,2397
31.5,13,7,9,2405
31.5,13,7,10,2412
31.5,13,7,11,2419
31.5,13,7,12,2426
31.5,13,7,13,2434
31.5,13,7,14,2441
31.5,13,7,15,2448
31.5,13,8,0,2345
31.5,13,8,1,2353
31.5,13,8,2,2360
31.5,13,8,3,2368
31.5,13,8,4,2375
31.5,13,8,5,2383
31.5,13,8,6,2390
31.5,13,8,7,2397
31.5,13,8,8,2405
31.5,13,8,9,2412
31.5,13,8,10,2420
31.5,13,8,11,2427
31.5,13,8,12,2434
31.5,13,8,13,2441
31.5,13,8,14,2449
31.5,13,8,15,2456
31.5,13,9,0,2353
31.5,13,9,1,2360
31.5,13,9,2,2368
31.5,13,9,3,2375
31.5,13,9,4,2383
31.5,13,9,5,2390
31.5,13,9,6,2398
31.5,13,9,7,2405
31.5,13,9,8,2413
31.5,13,9,9,2420
31.5,13,9,10,2427
31.5,13,9,11,2435
31.5,13,9,12,2442
31.5,13,9,13,2449
31.5,13,9,14,2457
31.5,13,9,15,2464
31.5,13,10,0,2360
31.5,13,10,1,2368
31.5,13,10,2,2375
31.5,13,10,3,2383
31.5,13,10,4,2390
31.5,13,10,5,2398
31.5,13,10,6,2405
31.5,13,10,7,2413
31.5,13,10,8,2420
31.5,13,10,9,2428
31.5,13,10,10,2435
31.5,13,10,11,2442
31.5,13,10,12,2450
31.5,13,10,13,2457
31.5,13,10,14,2464
31.5,13,10,15,2472
31.5,13,11,0,2367
31.5,13,11,1,2375
31.5,13,11,2,2383
31.5,13,11,3,2390
31.5,13,11,4,2398
31.5,13,11,5,2405
31.5,13,11,6,2413
31.5,13,11,7,2420
31.5,13,11,8,2428
31.5,13,11,9,2435
31.5,13,11,10,2443
31.5,13,11,11,2450
31.5,13,11,12,2457
31.5,13,11,13,2465
31.5,13,11,14,2472
31.5,13,11,15,2479
31.5,13,12,0,2375
31.5,13,12,1,2382
31.5,13,12,2,2390
31.5,13,12,3,2398
31.5,13,12,4,2405
31.5,13,12,5,2413
31.5,13,12,6,2420
31.5,13,12,7,2428
31.5,13,12,8,2435
31.5,13,12,9,2443
31.5,13,12,10,2450
31.5,13,12,11,2458
31.5,13,12,12,2465
31.5,13,12,13,2472
31.5,13,12,14,2480
31.5,13,12,15,2487
31.5,13,13,0,2382
31.5,13,13,1,2390
31.5,13,13,2,2397
31.5,13,13,3,2405
31.5,13,13,4,2413
31.5,13,13,5,2420
31.5,13,13,6,2428
31.5,13,13,7,2435
31.5,13,13,8,2443
31.5,13,13,9,2450
31.5,13,13,10,2458
31.5,13,13,11,2465
31.5,13,13,12,2473
31.5,13,13,13,2480
31.5,13,13,14,2487
31.5,13,13,15,2495
31.5,13,14,0,2389
31.5,13,14,1,2397
31.5,13,14,2,2405
31.5,13,14,3,2413
31.5,13,14,4,2420
31.5,13,14,5,2428
31.5,13,14,6,2435
31.5,13,14,7,2443
31.5,13,14,8,2450
31.5,13,14,9,2458
31.5,13,14,10,2465
31.5,13,14,11,2473
31.5,13,14,12,2480
31.5,13,14,13,2488
31.5,13,14,14,2495
31.5,13,14,15,2502
31.5,13,15,0,2397
31.5,13,15,1,2405
31.5,13,15,2,2412
31.5,13,15,3,2420
31.5,13,15,4,2428
31.5,13,15,5,2435
31.5,13,15,6,2443
31.5,13,15,7,2450
31.5,13,15,8,2458
31.5,13,15,9,2465
31.5,13,15,10,2473
31.5,13,15,11,2480
31.5,13,15,12,2488
31.5,13,15,13,2495
31.5,13,15,14,2503
31.5,13,15,15,2510
31.5,14,0,0,2293
31.5,14,0,1,2300
31.5,14,0,2,2308
31.5,14,0,3,2315
31.5,14,0,4,2322
31.5,14,0,5,2330
31.5,14,0,6,2337
31.5,14,0,7,2344
31.5,14,0,8,2351
31.5,14,0,9,2359
31.5,14,0,10,2366
31.5,14,0,11,2373
31.5,14,0,12,2380
31.5,14,0,13,2387
31.5,14,0,14,2394
31.5,14,0,15,2401
31.5,14,1,0,2301
31.5,14,1,1,2308
31.5,14,1,2,2315
31.5,14,1,3,2323
31.5,14,1,4,2330
31.5,14,1,5,2337
31.5,14,1,6,2345
31.5,14,1,7,2352
31.5,14,1,8,2359
31.5,14,1,9,2366
31.5,14,1,10,2374
31.5,14,1,11,2381
31.5,14,1,12,2388
31.5,14,1,13,2395
31.5,14,1,14,2402
31.5,14,1,15,2409
31.5,14,2,0,2308
31.5,14,2,1,2316
31.5,14,2,2,2323
31.5,14,2,3,2330
31.5,14,2,4,2338
31.5,14,2,5,2345
31.5,14,2,6,2352
31.5,14,2,7,2360
31.5,14,2,8,2367
31.5,14,2,9,2374
31.5,14,2,10,2382
31.5,14,2,11,2389
31.5,14,2,12,2396
31.5,14,2,13,2403
31.5,14,2,14,2410
31.5,14,2,15,2417
31.5,14,3,0,2316
31.5,14,3,1,2323
31.5,14,3,2,2331
31.5,14,3,3,2338
31.5,14,3,4,2346
31.5,14,3,5,2353
31.5,14,3,6,2360
31.5,14,3,7,2368
31.5,14,3,8,2375
31.5,14,3,9,2382
31.5,14,3,10,2389
31.5,14,3,11,2397
31.5,14,3,12,2404
31.5,14,3,13,2411
31.5,14,3,14,2418
31.5,14,3,15,2425
31.5,14,4,0,2323
31.5,14,4,1,2331
31.5,14,4,2,2338
31.5,14,4,3,2346
31.5,14,4,4,2353
31.5,14,4,5,2361
31.5,14,4,6,2368
31.5,14,4,7,2375
31.5,14,4,8,2383
31.5,14,4,9,2390
31.5,14,4,10,2397
31.5,14,4,11,2405
31.5,14,4,12,2412
31.5,14,4,13,2419
31.5,14,4,14,2426
31.5,14,4,15,2433
31.5,14,5,0,2331
31.5,14,5,1,2339
31.5,14,5,2,2346
31.5,14,5,3,2354
31.5,14,5,4,2361
31.5,14,5,5,2368
31.5,14,5,6,2376
31.5,14,5,7,2383
31.5,14,5,8,2390
31.5,14,5,9,2398
31.5,14,5,10,2405
31.5,14,5,11,2412
31.5,14,5,12,2420
31.5,14,5,13,2427
31.5,14,5,14,2434
31.5,14,5,15,2441
31.5,14,6,0,2339
31.5,14,6,1,2346
31.5,14,6,2,2354
31.5,14,6,3,2361
31.5,14,6,4,2369
31.5,14,6,5,2376
31.5,14,6,6,2383
31.5,14,6,7,2391
31.5,14,6,8,2398
31.5,14,6,9,2406
31.5,14,6,10,2413
31.5,14,6,11,2420
31.5,14,6,12,2427
31.5,14,6,13,2435
31.5,14,6,14,2442
31.5,14,6,15,2449
31.5,14,7,0,2346
31.5,14,7,1,2354
31.5,14,7,2,2361
31.5,14,7,3,2369
31.5,14,7,4,2376
31.5,14,7,5,2384
31.5,14,7,6,2391
31.5,14,7,7,2399
31.5,14,7,8,2406
31.5,14,7,9,2413
31.5,14,7,10,2421
31.5,14,7,11,2428
31.5,14,7,12,2435
31.5,14,7,13,2443
31.5,14,7,14,2450
31.5,14,7,15,2457
31.5,14,8,0,2354
31.5,14,8,1,2361
31.5,14,8,2,2369
31.5,14,8,3,2376
31.5,14,8,4,2384
31.5,14,8,5,2391
31.5,14,8,6,2399
31.5,14,8,7,2406
31.5,14,8,8,2414
31.5,14,8,9,2421
31.5,14,8,10,2428
31.5,14,8,11,2436
31.5,14,8,12,2443
31.5,14,8,13,2450
31.5,14,8,14,2458
31.5,14,8,15,2465
31.5,14,9,0,2361
31.5,14,9,1,2369
31.5,14,9,2,2376
31.5,14,9,3,2384
31.5,14,9,4,2391
31.5,14,9,5,2399
31.5,14,9,6,2406
31.5,14,9,7,2414
31.5,14,9,8,2421
31.5,14,9,9,2429
31.5,14,9,10,2436
31.5,14,9,11,2443
31.5,14,9,12,2451
31.5,14,9,13,2458
31.5,14,9,14,2465
31.5,14,9,15,2473
31.5,14,10,0,2369
31.5,14,10,1,2376
31.5,14,10,2,2384
31.5,14,10,3,2391
31.5,14,10,4,2399
31.5,14,10,5,2407
31.5,14,10,6,2414
31.5,14,10,7,2421
31.5,14,10,8,2429
31.5,14,10,9,2436
31.5,14,10,10,2444
31.5,14,10,11,2451
31.5,14,10,12,2459
31.5,14,10,13,2466
31.5,14,10,14,2473
31.5,14,10,15,2481
31.5,14,11,0,2376
31.5,14,11,1,2384
31.5,14,11,2,2391
31.5,14,11,3,2399
31.5,14,11,4,2407
31.5,14,11,5,2414
31.5,14,11,6,2422
31.5,14,11,7,2429
31.5,14,11,8,2437
31.5,14,11,9,2444
31.5,14,11,10,2451
31.5,14,11,11,2459
31.5,14,11,12,2466
31.5,14,11,13,2474
31.5,14,11,14,2481
31.5,14,11,15,2488
31.5,14,12,0,2383
31.5,14,12,1,2391
31.5,14,12,2,2399
31.5,14,12,3,2406
31.5,14,12,4,2414
31.5,14,12,5,2422
31.5,14,12,6,2429
31.5,14,12,7,2437
31.5,14,12,8,2444
31.5,14,12,9,2452
31.5,14,12,10,2459
31.5,14,12,11,2467
31.5,14,12,12,2474
31.5,14,12,13,2481
31.5,14,12,14,2489
31.5,14,12,15,2496
31.5,14,13,0,2391
31.5,14,13,1,2399
31.5,14,13,2,2406
31.5,14,13,3,2414
31.5,14,13,4,2421
31.5,14,13,5,2429
31.5,14,13,6,2437
31.5,14,13,7,2444
31.5,14,13,8,2452
31.5,14,13,9,2459
31.5,14,13,10,2467
31.5,14,13,11,2474
31.5,14,13,12,2482
31.5,14,13,13,2489
31.5,14,13,14,2497
31.5,14,13,15,2504
31.5,14,14,0,2398
31.5,14,14,1,2406
31.5,14,14,2,2414
31.5,14,14,3,2421
31.5,14,14,4,2429
31.5,14,14,5,2437
31.5,14,14,6,2444
31.5,14,14,7,2452
31.5,14,14,8,2459
31.5,14,14,9,2467
31.5,14,14,10,2474
31.5,14,14,11,2482
31.5,14,14,12,2489
31.5,14,14,13,2497
31.5,14,14,14,2504
31.5,14,14,15,2512
31.5,14,15,0,2406
31.5,14,15,1,2413
31.5,14,15,2,2421
31.5,14,15,3,2429
31.5,14,15,4,2436
31.5,14,15,5,2444
31.5,14,15,6,2452
31.5,14,15,7,2459
31.5,14,15,8,2467
31.5,14,15,9,2474
31.5,14,15,10,2482
31.5,14,15,11,2489
31.5,14,15,12,2497
31.5,14,15,13,2504
31.5,14,15,14,2512
31.5,14,15,15,2519
31.5,15,0,0,2301
31.5,15,0,1,2309
31.5,15,0,2,2316
31.5,15,0,3,2323
31.5,15,0,4,2331
31.5,15,0,5,2338
31.5,15,0,6,2345
31.5,15,0,7,2353
31.5,15,0,8,2360
31.5,15,0,9,2367
31.5,15,0,10,2374
31.5,15,0,11,2381
31.5,15,0,12,2389
31.5,15,0,13,2396
31.5,15,0,14,2403
31.5,15,0,15,2410
31.5,15,1,0,2309
31.5,15,1,1,2316
31.5,15,1,2,2324
31.5,15,1,3,2331
31.5,15,1,4,2339
31.5,15,1,5,2346
31.5,15,1,6,2353
31.5,15,1,7,2361
31.5,15,1,8,2368
31.5,15,1,9,2375
31.5,15,1,10,2382
31.5,15,1,11,2389
31.5,15,1,12,2397
31.5,15,1,13,2404
31.5,15,1,14,2411
31.5,15,1,15,2418
31.5,15,2,0,2317
31.5,15,2,1,2324
31.5,15,2,2,2332
31.5,15,2,3,2339
31.5,15,2,4,2346
31.5,15,2,5,2354
31.5,15,2,6,2361
31.5,15,2,7,2368
31.5,15,2,8,2376
31.5,15,2,9,2383
31.5,15,2,10,2390
31.5,15,2,11,2397
31.5,15,2,12,2405
31.5,15,2,13,2412
31.5,15,2,14,2419
31.5,15,2,15,2426
31.5,15,3,0,2324
31.5,15,3,1,2332
31.5,15,3,2,2339
31.5,15,3,3,2347
31.5,15,3,4,2354
31.5,15,3,5,2361
31.5,15,3,6,2369
31.5,15,3,7,2376
31.5,15,3,8,2384
31.5,15,3,9,2391
31.5,15,3,10,2398
31.5,15,3,11,2405
31.5,15,3,12,2413
31.5,15,3,13,2420
31.5,15,3,14,2427
31.5,15,3,15,2434
31.5,15,4,0,2332
31.5,15,4,1,2339
31.5,15,4,2,2347
31.5,15,4,3,2354
31.5,15,4,4,2362
31.5,15,4,5,2369
31.5,15,4,6,2377
31.5,15,4,7,2384
31.5,15,4,8,2391
31.5,15,4,9,2399
31.5,15,4,10,2406
31.5,15,4,11,2413
31.5,15,4,12,2421
31.5,15,4,13,2428
31.5,15,4,14,2435
31.5,15,4,15,2442
31.5,15,5,0,2340
31.5,15,5,1,2347
31.5,15,5,2,2355
31.5,15,5,3,2362
31.5,15,5,4,2370
31.5,15,5,5,2377
31.5,15,5,6,2384
31.5,15,5,7,2392
31.5,15,5,8,2399
31.5,15,5,9,2407
31.5,15,5,10,2414
31.5,15,5,11,2421
31.5,15,5,12,2428
31.5,15,5,13,2436
31.5,15,5,14,2443
31.5,15,5,15,2450
31.5,15,6,0,2347
31.5,15,6,1,2355
31.5,15,6,2,2362
31.5,15,6,3,2370
31.5,15,6,4,2377
31.5,15,6,5,2385
31.5,15,6,6,2392
31.5,15,6,7,2400
31.5,15,6,8,2407
31.5,15,6,9,2414
31.5,15,6,10,2422
31.5,15,6,11,2429
31.5,15,6,12,2436
31.5,15,6,13,2444
31.5,15,6,14,2451
31.5,15,6,15,2458
31.5,15,7,0,2355
31.5,15,7,1,2362
31.5,15,7,2,2370
31.5,15,7,3,2377
31.5,15,7,4,2385
31.5,15,7,5,2392
31.5,15,7,6,2400
31.5,15,7,7,2407
31.5,15,7,8,2415
31.5,15,7,9,2422
31.5,15,7,10,2429
31.5,15,7,11,2437
31.5,15,7,12,2444
31.5,15,7,13,2451
31.5,15,7,14,2459
31.5,15,7,15,2466
31.5,15,8,0,2362
31.5,15,8,1,2370
31.5,15,8,2,2377
31.5,15,8,3,2385
31.5,15,8,4,2392
31.5,15,8,5,2400
31.5,15,8,6,2408
31.5,15,8,7,2415
31.5,15,8,8,2422
31.5,15,8,9,2430
31.5,15,8,10,2437
31.5,15,8,11,2445
31.5,15,8,12,2452
31.5,15,8,13,2459
31.5,15,8,14,2467
31.5,15,8,15,2474
31.5,15,9,0,2370
31.5,15,9,1,2377
31.5,15,9,2,2385
31.5,15,9,3,2393
31.5,15,9,4,2400
31.5,15,9,5,2408
31.5,15,9,6,2415
31.5,15,9,7,2423
31.5,15,9,8,2430
31.5,15,9,9,2438
31.5,15,9,10,2445
31.5,15,9,11,2452
31.5,15,9,12,2460
31.5,15,9,13,2467
31.5,15,9,14,2474
31.5,15,9,15,2482
31.5,15,10,0,2377
31.5,15,10,1,2385
31.5,15,10,2,2392
31.5,15,10,3,2400
31.5,15,10,4,2408
31.5,15,10,5,2415
31.5,15,10,6,2423
31.5,15,10,7,2430
31.5,15,10,8,2438
31.5,15,10,9,2445
31.5,15,10,10,2453
31.5,15,10,11,2460
31.5,15,10,12,2468
31.5,15,10,13,2475
31.5,15,10,14,2482
31.5,15,10,15,2490
31.5,15,11,0,2385
31.5,15,11,1,2392
31.5,15,11,2,2400
31.5,15,11,3,2408
31.5,15,11,4,2415
31.5,15,11,5,2423
31.5,15,11,6,2430
31.5,15,11,7,2438
31.5,15,11,8,2445
31.5,15,11,9,2453
31.5,15,11,10,2460
31.5,15,11,11,2468
31.5,15,11,12,2475
31.5,15,11,13,2483
31.5,15,11,14,2490
31.5,15,11,15,2497
31.5,15,12,0,2392
31.5,15,12,1,2400
31.5,15,12,2,2408
31.5,15,12,3,2415
31.5,15,12,4,2423
31.5,15,12,5,2430
31.5,15,12,6,2438
31.5,15,12,7,2446
31.5,15,12,8,2453
31.5,15,12,9,2461
31.5,15,12,10,2468
31.5,15,12,11,2476
31.5,15,12,12,2483
31.5,15,12,13,2490
31.5,15,12,14,2498
31.5,15,12,15,2505
31.5,15,13,0,2400
31.5,15,13,1,2407
31.5,15,13,2,2415
31.5,15,13,3,2423
31.5,15,13,4,2430
31.5,15,13,5,2438
31.5,15,13,6,2446
31.5,15,13,7,2453
31.5,15,13,8,2461
31.5,15,13,9,2468
31.5,15,13,10,2476
31.5,15,13,11,2483
31.5,15,13,12,2491
31.5,15,13,13,2498
31.5,15,13,14,2506
31.5,15,13,15,2513
31.5,15,14,0,2407
31.5,15,14,1,2415
31.5,15,14,2,2422
31.5,15,14,3,2430
31.5,15,14,4,2438
31.5,15,14,5,2445
31.5,15,14,6,2453
31.5,15,14,7,2461
31.5,15,14,8,2468
31.5,15,14,9,2476
31.5,15,14,10,2483
31.5,15,14,11,2491
31.5,15,14,12,2498
31.5,15,14,13,2506
31.5,15,14,14,2513
31.5,15,14,15,2521
31.5,15,15,0,2414
31.5,15,15,1,2422
31.5,15,15,2,2430
31.5,15,15,3,2438
31.5,15,15,4,2445
31.5,15,15,5,2453
31.5,15,15,6,2461
31.5,15,15,7,2468
31.5,15,15,8,2476
31.5,15,15,9,2483
31.5,15,15,10,2491
31.5,15,15,11,2499
31.5,15,15,12,2506
31.5,15,15,13,2514
31.5,15,15,14,2521
31.5,15,15,15,2528
32.0,0,0,0,2194
32.0,0,0,1,2201
32.0,0,0,2,2208
32.0,0,0,3,2215
32.0,0,0,4,2222
32.0,0,0,5,2229
32.0,0,0,6,2236
32.0,0,0,7,2243
32.0,0,0,8,2250
32.0,0,0,9,2257
32.0,0,0,10,2263
32.0,0,0,11,2270
32.0,0,0,12,2277
32.0,0,0,13,2284
32.0,0,0,14,2291
32.0,0,0,15,2298
32.0,0,1,0,2201
32.0,0,1,1,2208
32.0,0,1,2,2215
32.0,0,1,3,2222
32.0,0,1,4,2229
32.0,0,1,5,2236
32.0,0,1,6,2243
32.0,0,1,7,2250
32.0,0,1,8,2257
32.0,0,1,9,2264
32.0,0,1,10,2271
32.0,0,1,11,2278
32.0,0,1,12,2285
32.0,0,1,13,2292
32.0,0,1,14,2298
32.0,0,1,15,2305
32.0,0,2,0,2208
32.0,0,2,1,2216
32.0,0,2,2,2223
32.0,0,2,3,2230
32.0,0,2,4,2237
32.0,0,2,5,2244
32.0,0,2,6,2251
32.0,0,2,7,2258
32.0,0,2,8,2265
32.0,0,2,9,2272
32.0,0,2,10,2279
32.0,0,2,11,2286
32.0,0,2,12,2292
32.0,0,2,13,2299
32.0,0,2,14,2306
32.0,0,2,15,2313
32.0,0,3,0,2216
32.0,0,3,1,2223
32.0,0,3,2,2230
32.0,0,3,3,2237
32.0,0,3,4,2244
32.0,0,3,5,2251
32.0,0,3,6,2258
32.0,0,3,7,2265
32.0,0,3,8,2272
32.0,0,3,9,2279
32.0,0,3,10,2286
32.0,0,3,11,2293
32.0,0,3,12,2300
32.0,0,3,13,2307
32.0,0,3,14,2314
32.0,0,3,15,2321
32.0,0,4,0,2223
32.0,0,4,1,2230
32.0,0,4,2,2237
32.0,0,4,3,2244
32.0,0,4,4,2252
32.0,0,4,5,2259
32.0,0,4,6,2266
32.0,0,4,7,2273
32.0,0,4,8,2280
32.0,0,4,9,2287
32.0,0,4,10,2294
32.0,0,4,11,2301
32.0,0,4,12,2308
32.0,0,4,13,2314
32.0,0,4,14,2321
32.0,0,4,15,2328
32.0,0,5,0,2230
32.0,0,5,1,2238
32.0,0,5,2,2245
32.0,0,5,3,2252
32.0,0,5,4,2259
32.0,0,5,5,2266
32.0,0,5,6,2273
32.0,0,5,7,2280
32.0,0,5,8,2287
32.0,0,5,9,2294
32.0,0,5,10,2301
32.0,0,5,11,2308
32.0,0,5,12,2315
32.0,0,5,13,2322
32.0,0,5,14,2329
32.0,0,5,15,2336
32.0,0,6,0,2238
32.0,0,6,1,2245
32.0,0,6,2,2252
32.0,0,6,3,2259
32.0,0,6,4,2266
32.0,0,6,5,2273
32.0,0,6,6,2280
32.0,0,6,7,2288
32.0,0,6,8,2295
32.0,0,6,9,2302
32.0,0,6,10,2309
32.0,0,6,11,2316
32.0,0,6,12,2323
32.0,0,6,13,2330
32.0,0,6,14,2336
32.0,0,6,15,2343
32.0,0,7,0,2245
32.0,0,7,1,2252
32.0,0,7,2,2259
32.0,0,7,3,2266
32.0,0,7,4,2274
32.0,0,7,5,2281
32.0,0,7,6,2288
32.0,0,7,7,2295
32.0,0,7,8,2302
32.0,0,7,9,2309
32.0,0,7,10,2316
32.0,0,7,11,2323
32.0,0,7,12,2330
32.0,0,7,13,2337
32.0,0,7,14,2344
32.0,0,7,15,2351
32.0,0,8,0,2252
32.0,0,8,1,2259
32.0,0,8,2,2266
32.0,0,8,3,2274
32.0,0,8,4,2281
32.0,0,8,5,2288
32.0,0,8,6,2295
32.0,0,8,7,2302
32.0,0,8,8,2309
32.0,0,8,9,2316
32.0,0,8,10,2323
32.0,0,8,11,2331
32.0,0,8,12,2338
32.0,0,8,13,2345
32.0,0,8,14,2351
32.0,0,8,15,2358
32.0,0,9,0,2259
32.0,0,9,1,2266
32.0,0,9,2,2274
32.0,0,9,3,2281
32.0,0,9,4,2288
32.0,0,9,5,2295
32.0,0,9,6,2302
32.0,0,9,7,2310
32.0,0,9,8,2317
32.0,0,9,9,2324
32.0,0,9,10,2331
32.0,0,9,11,2338
32.0,0,9,12,2345
32.0,0,9,13,2352
32.0,0,9,14,2359
32.0,0,9,15,2366
32.0,0,10,0,2266
32.0,0,10,1,2274
32.0,0,10,2,2281
32.0,0,10,3,2288
32.0,0,10,4,2295
32.0,0,10,5,2303
32.0,0,10,6,2310
32.0,0,10,7,2317
32.0,0,10,8,2324
32.0,0,10,9,2331
32.0,0,10,10,2338
32.0,0,10,11,2345
32.0,0,10,12,2352
32.0,0,10,13,2359
32.0,0,10,14,2366
32.0,0,10,15,2373
32.0,0,11,0,2273
32.0,0,11,1,2281
32.0,0,11,2,2288
32.0,0,11,3,2295
32.0,0,11,4,2303
32.0,0,11,5,2310
32.0,0,11,6,2317
32.0,0,11,7,2324
32.0,0,11,8,2331
32.0,0,11,9,2338
32.0,0,11,10,2346
32.0,0,11,11,2353
32.0,0,11,12,2360
32.0,0,11,13,2367
32.0,0,11,14,2374
32.0,0,11,15,2381
32.0,0,12,0,2280
32.0,0,12,1,2288
32.0,0,12,2,2295
32.0,0,12,3,2302
32.0,0,12,4,2310
32.0,0,12,5,2317
32.0,0,12,6,2324
32.0,0,12,7,2331
32.0,0,12,8,2339
32.0,0,12,9,2346
32.0,0,12,10,2353
32.0,0,12,11,2360
32.0,0,12,12,2367
32.0,0,12,13,2374
32.0,0,12,14,2381
32.0,0,12,15,2388
32.0,0,13,0,2288
32.0,0,13,1,2295
32.0,0,13,2,2302
32.0,0,13,3,2310
32.0,0,13,4,2317
32.0,0,13,5,2324
32.0,0,13,6,2331
32.0,0,13,7,2339
32.0,0,13,8,2346
32.0,0,13,9,2353
32.0,0,13,10,2360
32.0,0,13,11,2367
32.0,0,13,12,2374
32.0,0,13,13,2382
32.0,0,13,14,2389
32.0,0,13,15,2396
32.0,0,14,0,2295
32.0,0,14,1,2302
32.0,0,14,2,2309
32.0,0,14,3,2317
32.0,0,14,4,2324
32.0,0,14,5,2331
32.0,0,14,6,2339
32.0,0,14,7,2346
32.0,0,14,8,2353
32.0,0,14,9,2360
32.0,0,14,10,2367
32.0,0,14,11,2375
32.0,0,14,12,2382
32.0,0,14,13,2389
32.0,0,14,14,2396
32.0,0,14,15,2403
32.0,0,15,0,2302
32.0,0,15,1,2309
32.0,0,15,2,2316
32.0,0,15,3,2324
32.0,0,15,4,2331
32.0,0,15,5,2338
32.0,0,15,6,2346
32.0,0,15,7,2353
32.0,0,15,8,2360
32.0,0,15,9,2368
32.0,0,15,10,2375
32.0,0,15,11,2382
32.0,0,15,12,2389
32.0,0,15,13,2396
32.0,0,15,14,2403
32.0,0,15,15,2410
32.0,1,0,0,2202
32.0,1,0,1,2209
32.0,1,0,2,2216
32.0,1,0,3,2223
32.0,1,0,4,2230
32.0,1,0,5,2237
32.0,1,0,6,2244
32.0,1,0,7,2251
32.0,1,0,8,2258
32.0,1,0,9,2265
32.0,1,0,10,2272
32.0,1,0,11,2279
32.0,1,0,12,2286
32.0,1,0,13,2293
32.0,1,0,14,2300
32.0,1,0,15,2306
32.0,1,1,0,2210
32.0,1,1,1,2217
32.0,1,1,2,2224
32.0,1,1,3,2231
32.0,1,1,4,2238
32.0,1,1,5,2245
32.0,1,1,6,2252
32.0,1,1,7,2259
32.0,1,1,8,2266
32.0,1,1,9,2273
32.0,1,1,10,2280
32.0,1,1,11,2287
32.0,1,1,12,2294
32.0,1,1,13,2300
32.0,1,1,14,2307
32.0,1,1,15,2314
32.0,1,2,0,2217
32.0,1,2,1,2224
32.0,1,2,2,2231
32.0,1,2,3,2238
32.0,1,2,4,2245
32.0,1,2,5,2252
32.0,1,2,6,2259
32.0,1,2,7,2266
32.0,1,2,8,2273
32.0,1,2,9,2280
32.0,1,2,10,2287
32.0,1,2,11,2294
32.0,1,2,12,2301
32.0,1,2,13,2308
32.0,1,2,14,2315
32.0,1,2,15,2322
32.0,1,3,0,2224
32.0,1,3,1,2231
32.0,1,3,2,2239
32.0,1,3,3,2246
32.0,1,3,4,2253
32.0,1,3,5,2260
32.0,1,3,6,2267
32.0,1,3,7,2274
32.0,1,3,8,2281
32.0,1,3,9,2288
32.0,1,3,10,2295
32.0,1,3,11,2302
32.0,1,3,12,2309
32.0,1,3,13,2316
32.0,1,3,14,2323
32.0,1,3,15,2329
32.0,1,4,0,2232
32.0,1,4,1,2239
32.0,1,4,2,2246
32.0,1,4,3,2253
32.0,1,4,4,2260
32.0,1,4,5,2267
32.0,1,4,6,2274
32.0,1,4,7,2281
32.0,1,4,8,2288
32.0,1,4,9,2295
32.0,1,4,10,2302
32.0,1,4,11,2309
32.0,1,4,12,2316
32.0,1,4,13,2323
32.0,1,4,14,2330
32.0,1,4,15,2337
32.0,1,5,0,2239
32.0,1,5,1,2246
32.0,1,5,2,2253
32.0,1,5,3,2260
32.0,1,5,4,2268
32.0,1,5,5,2275
32.0,1,5,6,2282
32.0,1,5,7,2289
32.0,1,5,8,2296
32.0,1,5,9,2303
32.0,1,5,10,2310
32.0,1,5,11,2317
32.0,1,5,12,2324
32.0,1,5,13,2331
32.0,1,5,14,2338
32.0,1,5,15,2345
32.0,1,6,0,2246
32.0,1,6,1,2253
32.0,1,6,2,2261
32.0,1,6,3,2268
32.0,1,6,4,2275
32.0,1,6,5,2282
32.0,1,6,6,2289
32.0,1,6,7,2296
32.0,1,6,8,2303
32.0,1,6,9,2310
32.0,1,6,10,2317
32.0,1,6,11,2324
32.0,1,6,12,2331
32.0,1,6,13,2338
32.0,1,6,14,2345
32.0,1,6,15,2352
32.0,1,7,0,2253
32.0,1,7,1,2261
32.0,1,7,2,2268
32.0,1,7,3,2275
32.0,1,7,4,2282
32.0,1,7,5,2289
32.0,1,7,6,2297
32.0,1,7,7,2304
32.0,1,7,8,2311
32.0,1,7,9,2318
32.0,1,7,10,2325
32.0,1,7,11,2332
32.0,1,7,12,2339
32.0,1,7,13,2346
32.0,1,7,14,2353
32.0,1,7,15,2360
32.0,1,8,0,2261
32.0,1,8,1,2268
32.0,1,8,2,2275
32.0,1,8,3,2282
32.0,1,8,4,2290
32.0,1,8,5,2297
32.0,1,8,6,2304
32.0,1,8,7,2311
32.0,1,8,8,2318
32.0,1,8,9,2325
32.0,1,8,10,2332
32.0,1,8,11,2339
32.0,1,8,12,2346
32.0,1,8,13,2353
32.0,1,8,14,2360
32.0,1,8,15,2367
32.0,1,9,0,2268
32.0,1,9,1,2275
32.0,1,9,2,2282
32.0,1,9,3,2290
32.0,1,9,4,2297
32.0,1,9,5,2304
32.0,1,9,6,2311
32.0,1,9,7,2318
32.0,1,9,8,2326
32.0,1,9,9,2333
32.0,1,9,10,2340
32.0,1,9,11,2347
32.0,1,9,12,2354
32.0,1,9,13,2361
32.0,1,9,14,2368
32.0,1,9,15,2375
32.0,1,10,0,2275
32.0,1,10,1,2282
32.0,1,10,2,2290
32.0,1,10,3,2297
32.0,1,10,4,2304
32.0,1,10,5,2311
32.0,1,10,6,2319
32.0,1,10,7,2326
32.0,1,10,8,2333
32.0,1,10,9,2340
32.0,1,10,10,2347
32.0,1,10,11,2354
32.0,1,10,12,2361
32.0,1,10,13,2368
32.0,1,10,14,2375
32.0,1,10,15,2383
32.0,1,11,0,2282
32.0,1,11,1,2289
32.0,1,11,2,2297
32.0,1,11,3,2304
32.0,1,11,4,2311
32.0,1,11,5,2319
32.0,1,11,6,2326
32.0,1,11,7,2333
32.0,1,11,8,2340
32.0,1,11,9,2347
32.0,1,11,10,2355
32.0,1,11,11,2362
32.0,1,11,12,2369
32.0,1,11,13,2376
32.0,1,11,14,2383
32.0,1,11,15,2390
32.0,1,12,0,2289
32.0,1,12,1,2297
32.0,1,12,2,2304
32.0,1,12,3,2311
32.0,1,12,4,2319
32.0,1,12,5,2326
32.0,1,12,6,2333
32.0,1,12,7,2340
32.0,1,12,8,2348
32.0,1,12,9,2355
32.0,1,12,10,2362
32.0,1,12,11,2369
32.0,1,12,12,2376
32.0,1,12,13,2383
32.0,1,12,14,2390
32.0,1,12,15,2397
32.0,1,13,0,2296
32.0,1,13,1,2304
32.0,1,13,2,2311
32.0,1,13,3,2318
32.0,1,13,4,2326
32.0,1,13,5,2333
32.0,1,13,6,2340
32.0,1,13,7,2348
32.0,1,13,8,2355
32.0,1,13,9,2362
32.0,1,13,10,2369
32.0,1,13,11,2376
32.0,1,13,12,2384
32.0,1,13,13,2391
32.0,1,13,14,2398
32.0,1,13,15,2405
32.0,1,14,0,2303
32.0,1,14,1,2311
32.0,1,14,2,2318
32.0,1,14,3,2326
32.0,1,14,4,2333
32.0,1,14,5,2340
32.0,1,14,6,2348
32.0,1,14,7,2355
32.0,1,14,8,2362
32.0,1,14,9,2369
32.0,1,14,10,2377
32.0,1,14,11,2384
32.0,1,14,12,2391
32.0,1,14,13,2398
32.0,1,14,14,2405
32.0,1,14,15,2412
32.0,1,15,0,2310
32.0,1,15,1,2318
32.0,1,15,2,2325
32.0,1,15,3,2333
32.0,1,15,4,2340
32.0,1,15,5,2347
32.0,1,15,6,2355
32.0,1,15,7,2362
32.0,1,15,8,2369
32.0,1,15,9,2377
32.0,1,15,10,2384
32.0,1,15,11,2391
32.0,1,15,12,2398
32.0,1,15,13,2405
32.0,1,15,14,2413
32.0,1,15,15,2420
32.0,2,0,0,2211
32.0,2,0,1,2218
32.0,2,0,2,2225
32.0,2,0,3,2232
32.0,2,0,4,2239
32.0,2,0,5,2246
32.0,2,0,6,2253
32.0,2,0,7,2260
32.0,2,0,8,2267
32.0,2,0,9,2274
32.0,2,0,10,2281
32.0,2,0,11,2288
32.0,2,0,12,2295
32.0,2,0,13,2301
32.0,2,0,14,2308
32.0,2,0,15,2315
32.0,2,1,0,2218
32.0,2,1,1,2225
32.0,2,1,2,2232
32.0,2,1,3,2239
32.0,2,1,4,2246
32.0,2,1,5,2254
32.0,2,1,6,2261
32.0,2,1,7,2268
32.0,2,1,8,2275
32.0,2,1,9,2282
32.0,2,1,10,2288
32.0,2,1,11,2295
32.0,2,1,12,2302
32.0,2,1,13,2309
32.0,2,1,14,2316
32.0,2,1,15,2323
32.0,2,2,0,2225
32.0,2,2,1,2233
32.0,2,2,2,2240
32.0,2,2,3,2247
32.0,2,2,4,2254
32.0,2,2,5,2261
32.0,2,2,6,2268
32.0,2,2,7,2275
32.0,2,2,8,2282
32.0,2,2,9,2289
32.0,2,2,10,2296
32.0,2,2,11,2303
32.0,2,2,12,2310
32.0,2,2,13,2317
32.0,2,2,14,2324
32.0,2,2,15,2331
32.0,2,3,0,2233
32.0,2,3,1,2240
32.0,2,3,2,2247
32.0,2,3,3,2254
32.0,2,3,4,2261
32.0,2,3,5,2269
32.0,2,3,6,2276
32.0,2,3,7,2283
32.0,2,3,8,2290
32.0,2,3,9,2297
32.0,2,3,10,2304
32.0,2,3,11,2311
32.0,2,3,12,2318
32.0,2,3,13,2325
32.0,2,3,14,2331
32.0,2,3,15,2338
32.0,2,4,0,2240
32.0,2,4,1,2247
32.0,2,4,2,2255
32.0,2,4,3,2262
32.0,2,4,4,2269
32.0,2,4,5,2276
32.0,2,4,6,2283
32.0,2,4,7,2290
32.0,2,4,8,2297
32.0,2,4,9,2304
32.0,2,4,10,2311
32.0,2,4,11,2318
32.0,2,4,12,2325
32.0,2,4,13,2332
32.0,2,4,14,2339
32.0,2,4,15,2346
32.0,2,5,0,2247
32.0,2,5,1,2255
32.0,2,5,2,2262
32.0,2,5,3,2269
32.0,2,5,4,2276
32.0,2,5,5,2283
32.0,2,5,6,2291
32.0,2,5,7,2298
32.0,2,5,8,2305
32.0,2,5,9,2312
32.0,2,5,10,2319
32.0,2,5,11,2326
32.0,2,5,12,2333
32.0,2,5,13,2340
32.0,2,5,14,2347
32.0,2,5,15,2354
32.0,2,6,0,2255
32.0,2,6,1,2262
32.0,2,6,2,2269
32.0,2,6,3,2276
32.0,2,6,4,2284
32.0,2,6,5,2291
32.0,2,6,6,2298
32.0,2,6,7,2305
32.0,2,6,8,2312
32.0,2,6,9,2319
32.0,2,6,10,2326
32.0,2,6,11,2333
32.0,2,6,12,2340
32.0,2,6,13,2347
32.0,2,6,14,2354
32.0,2,6,15,2361
32.0,2,7,0,2262
32.0,2,7,1,2269
32.0,2,7,2,2277
32.0,2,7,3,2284
32.0,2,7,4,2291
32.0,2,7,5,2298
32.0,2,7,6,2305
32.0,2,7,7,2312
32.0,2,7,8,2320
32.0,2,7,9,2327
32.0,2,7,10,2334
32.0,2,7,11,2341
32.0,2,7,12,2348
32.0,2,7,13,2355
32.0,2,7,14,2362
32.0,2,7,15,2369
32.0,2,8,0,2269
32.0,2,8,1,2277
32.0,2,8,2,2284
32.0,2,8,3,2291
32.0,2,8,4,2298
32.0,2,8,5,2306
32.0,2,8,6,2313
32.0,2,8,7,2320
32.0,2,8,8,2327
32.0,2,8,9,2334
32.0,2,8,10,2341
32.0,2,8,11,2348
32.0,2,8,12,2355
32.0,2,8,13,2362
32.0,2,8,14,2370
32.0,2,8,15,2377
32.0,2,9,0,2276
32.0,2,9,1,2284
32.0,2,9,2,2291
32.0,2,9,3,2298
32.0,2,9,4,2306
32.0,2,9,5,2313
32.0,2,9,6,2320
32.0,2,9,7,2327
32.0,2,9,8,2334
32.0,2,9,9,2342
32.0,2,9,10,2349
32.0,2,9,11,2356
32.0,2,9,12,2363
32.0,2,9,13,2370
32.0,2,9,14,2377
32.0,2,9,15,2384
32.0,2,10,0,2284
32.0,2,10,1,2291
32.0,2,10,2,2298
32.0,2,10,3,2306
32.0,2,10,4,2313
32.0,2,10,5,2320
32.0,2,10,6,2327
32.0,2,10,7,2335
32.0,2,10,8,2342
32.0,2,10,9,2349
32.0,2,10,10,2356
32.0,2,10,11,2363
32.0,2,10,12,2370
32.0,2,10,13,2377
32.0,2,10,14,2385
32.0,2,10,15,2392
32.0,2,11,0,2291
32.0,2,11,1,2298
32.0,2,11,2,2306
32.0,2,11,3,2313
32.0,2,11,4,2320
32.0,2,11,5,2327
32.0,2,11,6,2335
32.0,2,11,7,2342
32.0,2,11,8,2349
32.0,2,11,9,2356
32.0,2,11,10,2364
32.0,2,11,11,2371
32.0,2,11,12,2378
32.0,2,11,13,2385
32.0,2,11,14,2392
32.0,2,11,15,2399
32.0,2,12,0,2298
32.0,2,12,1,2305
32.0,2,12,2,2313
32.0,2,12,3,2320
32.0,2,12,4,2327
32.0,2,12,5,2335
32.0,2,12,6,2342
32.0,2,12,7,2349
32.0,2,12,8,2357
32.0,2,12,9,2364
32.0,2,12,10,2371
32.0,2,12,11,2378
32.0,2,12,12,2385
32.0,2,12,13,2392
32.0,2,12,14,2400
32.0,2,12,15,2407
32.0,2,13,0,2305
32.0,2,13,1,2312
32.0,2,13,2,2320
32.0,2,13,3,2327
32.0,2,13,4,2335
32.0,2,13,5,2342
32.0,2,13,6,2349
32.0,2,13,7,2357
32.0,2,13,8,2364
32.0,2,13,9,2371
32.0,2,13,10,2378
32.0,2,13,11,2385
32.0,2,13,12,2393
32.0,2,13,13,2400
32.0,2,13,14,2407
32.0,2,13,15,2414
32.0,2,14,0,2312
32.0,2,14,1,2320
32.0,2,14,2,2327
32.0,2,14,3,2334
32.0,2,14,4,2342
32.0,2,14,5,2349
32.0,2,14,6,2357
32.0,2,14,7,2364
32.0,2,14,8,2371
32.0,2,14,9,2378
32.0,2,14,10,2386
32.0,2,14,11,2393
32.0,2,14,12,2400
32.0,2,14,13,2407
32.0,2,14,14,2414
32.0,2,14,15,2421
32.0,2,15,0,2319
32.0,2,15,1,2327
32.0,2,15,2,2334
32.0,2,15,3,2342
32.0,2,15,4,2349
32.0,2,15,5,2356
32.0,2,15,6,2364
32.0,2,15,7,2371
32.0,2,15,8,2378
32.0,2,15,9,2386
32.0,2,15,10,2393
32.0,2,15,11,2400
32.0,2,15,12,2407
32.0,2,15,13,2415
32.0,2,15,14,2422
32.0,2,15,15,2429
32.0,3,0,0,2219
32.0,3,0,1,2226
32.0,3,0,2,2233
32.0,3,0,3,2240
32.0,3,0,4,2247
32.0,3,0,5,2255
32.0,3,0,6,2262
32.0,3,0,7,2269
32.0,3,0,8,2276
32.0,3,0,9,2283
32.0,3,0,10,2290
32.0,3,0,11,2296
32.0,3,0,12,2303
32.0,3,0,13,2310
32.0,3,0,14,2317
32.0,3,0,15,2324
32.0,3,1,0,2226
32.0,3,1,1,2234
32.0,3,1,2,2241
32.0,3,1,3,2248
32.0,3,1,4,2255
32.0,3,1,5,2262
32.0,3,1,6,2269
32.0,3,1,7,2276
32.0,3,1,8,2283
32.0,3,1,9,2290
32.0,3,1,10,2297
32.0,3,1,11,2304
32.0,3,1,12,2311
32.0,3,1,13,2318
32.0,3,1,14,2325
32.0,3,1,15,2332
32.0,3,2,0,2234
32.0,3,2,1,2241
32.0,3,2,2,2248
32.0,3,2,3,2255
32.0,3,2,4,2263
32.0,3,2,5,2270
32.0,3,2,6,2277
32.0,3,2,7,2284
32.0,3,2,8,2291
32.0,3,2,9,2298
32.0,3,2,10,2305
32.0,3,2,11,2312
32.0,3,2,12,2319
32.0,3,2,13,2326
32.0,3,2,14,2333
32.0,3,2,15,2340
32.0,3,3,0,2241
32.0,3,3,1,2248
32.0,3,3,2,2256
32.0,3,3,3,2263
32.0,3,3,4,2270
32.0,3,3,5,2277
32.0,3,3,6,2284
32.0,3,3,7,2291
32.0,3,3,8,2298
32.0,3,3,9,2305
32.0,3,3,10,2312
32.0,3,3,11,2319
32.0,3,3,12,2326
32.0,3,3,13,2333
32.0,3,3,14,2340
32.0,3,3,15,2347
32.0,3,4,0,2249
32.0,3,4,1,2256
32.0,3,4,2,2263
32.0,3,4,3,2270
32.0,3,4,4,2277
32.0,3,4,5,2285
32.0,3,4,6,2292
32.0,3,4,7,2299
32.0,3,4,8,2306
32.0,3,4,9,2313
32.0,3,4,10,2320
32.0,3,4,11,2327
32.0,3,4,12,2334
32.0,3,4,13,2341
32.0,3,4,14,2348
32.0,3,4,15,2355
32.0,3,5,0,2256
32.0,3,5,1,2263
32.0,3,5,2,2270
32.0,3,5,3,2278
32.0,3,5,4,2285
32.0,3,5,5,2292
32.0,3,5,6,2299
32.0,3,5,7,2306
32.0,3,5,8,2313
32.0,3,5,9,2321
32.0,3,5,10,2328
32.0,3,5,11,2335
32.0,3,5,12,2342
32.0,3,5,13,2349
32.0,3,5,14,2356
32.0,3,5,15,2363
32.0,3,6,0,2263
32.0,3,6,1,2271
32.0,3,6,2,2278
32.0,3,6,3,2285
32.0,3,6,4,2292
32.0,3,6,5,2300
32.0,3,6,6,2307
32.0,3,6,7,2314
32.0,3,6,8,2321
32.0,3,6,9,2328
32.0,3,6,10,2335
32.0,3,6,11,2342
32.0,3,6,12,2349
32.0,3,6,13,2356
32.0,3,6,14,2363
32.0,3,6,15,2370
32.0,3,7,0,2271
32.0,3,7,1,2278
32.0,3,7,2,2285
32.0,3,7,3,2292
32.0,3,7,4,2300
32.0,3,7,5,2307
32.0,3,7,6,2314
32.0,3,7,7,2321
32.0,3,7,8,2328
32.0,3,7,9,2336
32.0,3,7,10,2343
32.0,3,7,11,2350
32.0,3,7,12,2357
32.0,3,7,13,2364
32.0,3,7,14,2371
32.0,3,7,15,2378
32.0,3,8,0,2278
32.0,3,8,1,2285
32.0,3,8,2,2292
32.0,3,8,3,2300
32.0,3,8,4,2307
32.0,3,8,5,2314
32.0,3,8,6,2322
32.0,3,8,7,2329
32.0,3,8,8,2336
32.0,3,8,9,2343
32.0,3,8,10,2350
32.0,3,8,11,2357
32.0,3,8,12,2364
32.0,3,8,13,2371
32.0,3,8,14,2379
32.0,3,8,15,2386
32.0,3,9,0,2285
32.0,3,9,1,2292
32.0,3,9,2,2300
32.0,3,9,3,2307
32.0,3,9,4,2314
32.0,3,9,5,2322
32.0,3,9,6,2329
32.0,3,9,7,2336
32.0,3,9,8,2343
32.0,3,9,9,2351
32.0,3,9,10,2358
32.0,3,9,11,2365
32.0,3,9,12,2372
32.0,3,9,13,2379
32.0,3,9,14,2386
32.0,3,9,15,2393
32.0,3,10,0,2292
32.0,3,10,1,2300
32.0,3,10,2,2307
32.0,3,10,3,2314
32.0,3,10,4,2322
32.0,3,10,5,2329
32.0,3,10,6,2336
32.0,3,10,7,2344
32.0,3,10,8,2351
32.0,3,10,9,2358
32.0,3,10,10,2365
32.0,3,10,11,2372
32.0,3,10,12,2379
32.0,3,10,13,2387
32.0,3,10,14,2394
32.0,3,10,15,2401
32.0,3,11,0,2300
32.0,3,11,1,2307
32.0,3,11,2,2314
32.0,3,11,3,2322
32.0,3,11,4,2329
32.0,3,11,5,2336
32.0,3,11,6,2344
32.0,3,11,7,2351
32.0,3,11,8,2358
32.0,3,11,9,2365
32.0,3,11,10,2373
32.0,3,11,11,2380
32.0,3,11,12,2387
32.0,3,11,13,2394
32.0,3,11,14,2401
32.0,3,11,15,2408
32.0,3,12,0,2307
32.0,3,12,1,2314
32.0,3,12,2,2322
32.0,3,12,3,2329
32.0,3,12,4,2336
32.0,3,12,5,2344
32.0,3,12,6,2351
32.0,3,12,7,2358
32.0,3,12,8,2365
32.0,3,12,9,2373
32.0,3,12,10,2380
32.0,3,12,11,2387
32.0,3,12,12,2394
32.0,3,12,13,2401
32.0,3,12,14,2409
32.0,3,12,15,2416
32.0,3,13,0,2314
32.0,3,13,1,2321
32.0,3,13,2,2329
32.0,3,13,3,2336
32.0,3,13,4,2344
32.0,3,13,5,2351
32.0,3,13,6,2358
32.0,3,13,7,2366
32.0,3,13,8,2373
32.0,3,13,9,2380
32.0,3,13,10,2387
32.0,3,13,11,2395
32.0,3,13,12,2402
32.0,3,13,13,2409
32.0,3,13,14,2416
32.0,3,13,15,2423
32.0,3,14,0,2321
32.0,3,14,1,2328
32.0,3,14,2,2336
32.0,3,14,3,2343
32.0,3,14,4,2351
32.0,3,14,5,2358
32.0,3,14,6,2365
32.0,3,14,7,2373
32.0,3,14,8,2380
32.0,3,14,9,2387
32.0,3,14,10,2395
32.0,3,14,11,2402
32.0,3,14,12,2409
32.0,3,14,13,2416
32.0,3,14,14,2424
32.0,3,14,15,2431
32.0,3,15,0,2328
32.0,3,15,1,2336
32.0,3,15,2,2343
32.0,3,15,3,2351
32.0,3,15,4,2358
32.0,3,15,5,2365
32.0,3,15,6,2373
32.0,3,15,7,2380
32.0,3,15,8,2387
32.0,3,15,9,2395
32.0,3,15,10,2402
32.0,3,15,11,2409
32.0,3,15,12,2417
32.0,3,15,13,2424
32.0,3,15,14,2431
32.0,3,15,15,2438
32.0,4,0,0,2227
32.0,4,0,1,2235
32.0,4,0,2,2242
32.0,4,0,3,2249
32.0,4,0,4,2256
32.0,4,0,5,2263
32.0,4,0,6,2270
32.0,4,0,7,2277
32.0,4,0,8,2284
32.0,4,0,9,2291
32.0,4,0,10,2298
32.0,4,0,11,2305
32.0,4,0,12,2312
32.0,4,0,13,2319
32.0,4,0,14,2326
32.0,4,0,15,2333
32.0,4,1,0,2235
32.0,4,1,1,2242
32.0,4,1,2,2249
32.0,4,1,3,2256
32.0,4,1,4,2264
32.0,4,1,5,2271
32.0,4,1,6,2278
32.0,4,1,7,2285
32.0,4,1,8,2292
32.0,4,1,9,2299
32.0,4,1,10,2306
32.0,4,1,11,2313
32.0,4,1,12,2320
32.0,4,1,13,2327
32.0,4,1,14,2334
32.0,4,1,15,2341
32.0,4,2,0,2242
32.0,4,2,1,2250
32.0,4,2,2,2257
32.0,4,2,3,2264
32.0,4,2,4,2271
32.0,4,2,5,2278
32.0,4,2,6,2285
32.0,4,2,7,2292
32.0,4,2,8,2300
32.0,4,2,9,2307
32.0,4,2,10,2314
32.0,4,2,11,2321
32.0,4,2,12,2328
32.0,4,2,13,2335
32.0,4,2,14,2341
32.0,4,2,15,2348
32.0,4,3,0,2250
32.0,4,3,1,2257
32.0,4,3,2,2264
32.0,4,3,3,2271
32.0,4,3,4,2279
32.0,4,3,5,2286
32.0,4,3,6,2293
32.0,4,3,7,2300
32.0,4,3,8,2307
32.0,4,3,9,2314
32.0,4,3,10,2321
32.0,4,3,11,2328
32.0,4,3,12,2335
32.0,4,3,13,2342
32.0,4,3,14,2349
32.0,4,3,15,2356
32.0,4,4,0,2257
32.0,4,4,1,2264
32.0,4,4,2,2272
32.0,4,4,3,2279
32.0,4,4,4,2286
32.0,4,4,5,2293
32.0,4,4,6,2300
32.0,4,4,7,2308
32.0,4,4,8,2315
32.0,4,4,9,2322
32.0,4,4,10,2329
32.0,4,4,11,2336
32.0,4,4,12,2343
32.0,4,4,13,2350
32.0,4,4,14,2357
32.0,4,4,15,2364
32.0,4,5,0,2265
32.0,4,5,1,2272
32.0,4,5,2,2279
32.0,4,5,3,2286
32.0,4,5,4,2294
32.0,4,5,5,2301
32.0,4,5,6,2308
32.0,4,5,7,2315
32.0,4,5,8,2322
32.0,4,5,9,2329
32.0,4,5,10,2336
32.0,4,5,11,2344
32.0,4,5,12,2351
32.0,4,5,13,2358
32.0,4,5,14,2365
32.0,4,5,15,2372
32.0,4,6,0,2272
32.0,4,6,1,2279
32.0,4,6,2,2286
32.0,4,6,3,2294
32.0,4,6,4,2301
32.0,4,6,5,2308
32.0,4,6,6,2315
32.0,4,6,7,2323
32.0,4,6,8,2330
32.0,4,6,9,2337
32.0,4,6,10,2344
32.0,4,6,11,2351
32.0,4,6,12,2358
32.0,4,6,13,2365
32.0,4,6,14,2372
32.0,4,6,15,2379
32.0,4,7,0,2279
32.0,4,7,1,2287
32.0,4,7,2,2294
32.0,4,7,3,2301
32.0,4,7,4,2308
32.0,4,7,5,2316
32.0,4,7,6,2323
32.0,4,7,7,2330
32.0,4,7,8,2337
32.0,4,7,9,2344
32.0,4,7,10,2352
32.0,4,7,11,2359
32.0,4,7,12,2366
32.0,4,7,13,2373
32.0,4,7,14,2380
32.0,4,7,15,2387
32.0,4,8,0,2286
32.0,4,8,1,2294
32.0,4,8,2,2301
32.0,4,8,3,2309
32.0,4,8,4,2316
32.0,4,8,5,2323
32.0,4,8,6,2330
32.0,4,8,7,2338
32.0,4,8,8,2345
32.0,4,8,9,2352
32.0,4,8,10,2359
32.0,4,8,11,2366
32.0,4,8,12,2373
32.0,4,8,13,2380
32.0,4,8,14,2388
32.0,4,8,15,2395
32.0,4,9,0,2294
32.0,4,9,1,2301
32.0,4,9,2,2309
32.0,4,9,3,2316
32.0,4,9,4,2323
32.0,4,9,5,2330
32.0,4,9,6,2338
32.0,4,9,7,2345
32.0,4,9,8,2352
32.0,4,9,9,2359
32.0,4,9,10,2367
32.0,4,9,11,2374
32.0,4,9,12,2381
32.0,4,9,13,2388
32.0,4,9,14,2395
32.0,4,9,15,2402
32.0,4,10,0,2301
32.0,4,10,1,2308
32.0,4,10,2,2316
32.0,4,10,3,2323
32.0,4,10,4,2331
32.0,4,10,5,2338
32.0,4,10,6,2345
32.0,4,10,7,2352
32.0,4,10,8,2360
32.0,4,10,9,2367
32.0,4,10,10,2374
32.0,4,10,11,2381
32.0,4,10,12,2388
32.0,4,10,13,2396
32.0,4,10,14,2403
32.0,4,10,15,2410
32.0,4,11,0,2308
32.0,4,11,1,2316
32.0,4,11,2,2323
32.0,4,11,3,2330
32.0,4,11,4,2338
32.0,4,11,5,2345
32.0,4,11,6,2352
32.0,4,11,7,2360
32.0,4,11,8,2367
32.0,4,11,9,2374
32.0,4,11,10,2382
32.0,4,11,11,2389
32.0,4,11,12,2396
32.0,4,11,13,2403
32.0,4,11,14,2410
32.0,4,11,15,2417
32.0,4,12,0,2315
32.0,4,12,1,2323
32.0,4,12,2,2330
32.0,4,12,3,2338
32.0,4,12,4,2345
32.0,4,12,5,2352
32.0,4,12,6,2360
32.0,4,12,7,2367
32.0,4,12,8,2374
32.0,4,12,9,2382
32.0,4,12,10,2389
32.0,4,12,11,2396
32.0,4,12,12,2403
32.0,4,12,13,2411
32.0,4,12,14,2418
32.0,4,12,15,2425
32.0,4,13,0,2323
32.0,4,13,1,2330
32.0,4,13,2,2338
32.0,4,13,3,2345
32.0,4,13,4,2352
32.0,4,13,5,2360
32.0,4,13,6,2367
32.0,4,13,7,2374
32.0,4,13,8,2382
32.0,4,13,9,2389
32.0,4,13,10,2396
32.0,4,13,11,2404
32.0,4,13,12,2411
32.0,4,13,13,2418
32.0,4,13,14,2425
32.0,4,13,15,2432
32.0,4,14,0,2330
32.0,4,14,1,2337
32.0,4,14,2,2345
32.0,4,14,3,2352
32.0,4,14,4,2360
32.0,4,14,5,2367
32.0,4,14,6,2374
32.0,4,14,7,2382
32.0,4,14,8,2389
32.0,4,14,9,2396
32.0,4,14,10,2404
32.0,4,14,11,2411
32.0,4,14,12,2418
32.0,4,14,13,2426
32.0,4,14,14,2433
32.0,4,14,15,2440
32.0,4,15,0,2337
32.0,4,15,1,2344
32.0,4,15,2,2352
32.0,4,15,3,2359
32.0,4,15,4,2367
32.0,4,15,5,2374
32.0,4,15,6,2382
32.0,4,15,7,2389
32.0,4,15,8,2396
32.0,4,15,9,2404
32.0,4,15,10,2411
32.0,4,15,11,2418
32.0,4,15,12,2426
32.0,4,15,13,2433
32.0,4,15,14,2440
32.0,4,15,15,2447
32.0,5,0,0,2236
32.0,5,0,1,2243
32.0,5,0,2,2250
32.0,5,0,3,2257
32.0,5,0,4,2265
32.0,5,0,5,2272
32.0,5,0,6,2279
32.0,5,0,7,2286
32.0,5,0,8,2293
32.0,5,0,9,2300
32.0,5,0,10,2307
32.0,5,0,11,2314
32.0,5,0,12,2321
32.0,5,0,13,2328
32.0,5,0,14,2335
32.0,5,0,15,2342
32.0,5,1,0,2243
32.0,5,1,1,2251
32.0,5,1,2,2258
32.0,5,1,3,2265
32.0,5,1,4,2272
32.0,5,1,5,2279
32.0,5,1,6,2286
32.0,5,1,7,2293
32.0,5,1,8,2301
32.0,5,1,9,2308
32.0,5,1,10,2315
32.0,5,1,11,2322
32.0,5,1,12,2329
32.0,5,1,13,2336
32.0,5,1,14,2342
32.0,5,1,15,2349
32.0,5,2,0,2251
32.0,5,2,1,2258
32.0,5,2,2,2265
32.0,5,2,3,2272
32.0,5,2,4,2280
32.0,5,2,5,2287
32.0,5,2,6,2294
32.0,5,2,7,2301
32.0,5,2,8,2308
32.0,5,2,9,2315
32.0,5,2,10,2322
32.0,5,2,11,2329
32.0,5,2,12,2336
32.0,5,2,13,2343
32.0,5,2,14,2350
32.0,5,2,15,2357
32.0,5,3,0,2258
32.0,5,3,1,2266
32.0,5,3,2,2273
32.0,5,3,3,2280
32.0,5,3,4,2287
32.0,5,3,5,2294
32.0,5,3,6,2302
32.0,5,3,7,2309
32.0,5,3,8,2316
32.0,5,3,9,2323
32.0,5,3,10,2330
32.0,5,3,11,2337
32.0,5,3,12,2344
32.0,5,3,13,2351
32.0,5,3,14,2358
32.0,5,3,15,2365
32.0,5,4,0,2266
32.0,5,4,1,2273
32.0,5,4,2,2280
32.0,5,4,3,2287
32.0,5,4,4,2295
32.0,5,4,5,2302
32.0,5,4,6,2309
32.0,5,4,7,2316
32.0,5,4,8,2323
32.0,5,4,9,2331
32.0,5,4,10,2338
32.0,5,4,11,2345
32.0,5,4,12,2352
32.0,5,4,13,2359
32.0,5,4,14,2366
32.0,5,4,15,2373
32.0,5,5,0,2273
32.0,5,5,1,2280
32.0,5,5,2,2288
32.0,5,5,3,2295
32.0,5,5,4,2302
32.0,5,5,5,2309
32.0,5,5,6,2317
32.0,5,5,7,2324
32.0,5,5,8,2331
32.0,5,5,9,2338
32.0,5,5,10,2345
32.0,5,5,11,2352
32.0,5,5,12,2359
32.0,5,5,13,2366
32.0,5,5,14,2374
32.0,5,5,15,2381
32.0,5,6,0,2280
32.0,5,6,1,2288
32.0,5,6,2,2295
32.0,5,6,3,2302
32.0,5,6,4,2310
32.0,5,6,5,2317
32.0,5,6,6,2324
32.0,5,6,7,2331
32.0,5,6,8,2339
32.0,5,6,9,2346
32.0,5,6,10,2353
32.0,5,6,11,2360
32.0,5,6,12,2367
32.0,5,6,13,2374
32.0,5,6,14,2381
32.0,5,6,15,2388
32.0,5,7,0,2288
32.0,5,7,1,2295
32.0,5,7,2,2302
32.0,5,7,3,2310
32.0,5,7,4,2317
32.0,5,7,5,2324
32.0,5,7,6,2332
32.0,5,7,7,2339
32.0,5,7,8,2346
32.0,5,7,9,2353
32.0,5,7,10,2360
32.0,5,7,11,2368
32.0,5,7,12,2375
32.0,5,7,13,2382
32.0,5,7,14,2389
32.0,5,7,15,2396
32.0,5,8,0,2295
32.0,5,8,1,2302
32.0,5,8,2,2310
32.0,5,8,3,2317
32.0,5,8,4,2325
32.0,5,8,5,2332
32.0,5,8,6,2339
32.0,5,8,7,2346
32.0,5,8,8,2354
32.0,5,8,9,2361
32.0,5,8,10,2368
32.0,5,8,11,2375
32.0,5,8,12,2382
32.0,5,8,13,2389
32.0,5,8,14,2397
32.0,5,8,15,2404
32.0,5,9,0,2302
32.0,5,9,1,2310
32.0,5,9,2,2317
32.0,5,9,3,2325
32.0,5,9,4,2332
32.0,5,9,5,2339
32.0,5,9,6,2347
32.0,5,9,7,2354
32.0,5,9,8,2361
32.0,5,9,9,2368
32.0,5,9,10,2376
32.0,5,9,11,2383
32.0,5,9,12,2390
32.0,5,9,13,2397
32.0,5,9,14,2404
32.0,5,9,15,2411
32.0,5,10,0,2310
32.0,5,10,1,2317
32.0,5,10,2,2325
32.0,5,10,3,2332
32.0,5,10,4,2339
32.0,5,10,5,2347
32.0,5,10,6,2354
32.0,5,10,7,2361
32.0,5,10,8,2369
32.0,5,10,9,2376
32.0,5,10,10,2383
32.0,5,10,11,2390
32.0,5,10,12,2397
32.0,5,10,13,2405
32.0,5,10,14,2412
32.0,5,10,15,2419
32.0,5,11,0,2317
32.0,5,11,1,2324
32.0,5,11,2,2332
32.0,5,11,3,2339
32.0,5,11,4,2347
32.0,5,11,5,2354
32.0,5,11,6,2361
32.0,5,11,7,2369
32.0,5,11,8,2376
32.0,5,11,9,2383
32.0,5,11,10,2391
32.0,5,11,11,2398
32.0,5,11,12,2405
32.0,5,11,13,2412
32.0,5,11,14,2419
32.0,5,11,15,2426
32.0,5,12,0,2324
32.0,5,12,1,2332
32.0,5,12,2,2339
32.0,5,12,3,2347
32.0,5,12,4,2354
32.0,5,12,5,2361
32.0,5,12,6,2369
32.0,5,12,7,2376
32.0,5,12,8,2383
32.0,5,12,9,2391
32.0,5,12,10,2398
32.0,5,12,11,2405
32.0,5,12,12,2412
32.0,5,12,13,2420
32.0,5,12,14,2427
32.0,5,12,15,2434
32.0,5,13,0,2331
32.0,5,13,1,2339
32.0,5,13,2,2346
32.0,5,13,3,2354
32.0,5,13,4,2361
32.0,5,13,5,2369
32.0,5,13,6,2376
32.0,5,13,7,2383
32.0,5,13,8,2391
32.0,5,13,9,2398
32.0,5,13,10,2405
32.0,5,13,11,2413
32.0,5,13,12,2420
32.0,5,13,13,2427
32.0,5,13,14,2434
32.0,5,13,15,2442
32.0,5,14,0,2339
32.0,5,14,1,2346
32.0,5,14,2,2354
32.0,5,14,3,2361
32.0,5,14,4,2369
32.0,5,14,5,2376
32.0,5,14,6,2383
32.0,5,14,7,2391
32.0,5,14,8,2398
32.0,5,14,9,2406
32.0,5,14,10,2413
32.0,5,14,11,2420
32.0,5,14,12,2427
32.0,5,14,13,2435
32.0,5,14,14,2442
32.0,5,14,15,2449
32.0,5,15,0,2346
32.0,5,15,1,2353
32.0,5,15,2,2361
32.0,5,15,3,2368
32.0,5,15,4,2376
32.0,5,15,5,2383
32.0,5,15,6,2391
32.0,5,15,7,2398
32.0,5,15,8,2406
32.0,5,15,9,2413
32.0,5,15,10,2420
32.0,5,15,11,2428
32.0,5,15,12,2435
32.0,5,15,13,2442
32.0,5,15,14,2449
32.0,5,15,15,2457
32.0,6,0,0,2244
32.0,6,0,1,2251
32.0,6,0,2,2259
32.0,6,0,3,2266
32.0,6,0,4,2273
32.0,6,0,5,2280
32.0,6,0,6,2287
32.0,6,0,7,2294
32.0,6,0,8,2301
32.0,6,0,9,2309
32.0,6,0,10,2316
32.0,6,0,11,2323
32.0,6,0,12,2330
32.0,6,0,13,2337
32.0,6,0,14,2343
32.0,6,0,15,2350
32.0,6,1,0,2252
32.0,6,1,1,2259
32.0,6,1,2,2266
32.0,6,1,3,2273
32.0,6,1,4,2281
32.0,6,1,5,2288
32.0,6,1,6,2295
32.0,6,1,7,2302
32.0,6,1,8,2309
32.0,6,1,9,2316
32.0,6,1,10,2323
32.0,6,1,11,2330
32.0,6,1,12,2337
32.0,6,1,13,2344
32.0,6,1,14,2351
32.0,6,1,15,2358
32.0,6,2,0,2259
32.0,6,2,1,2267
32.0,6,2,2,2274
32.0,6,2,3,2281
32.0,6,2,4,2288
32.0,6,2,5,2295
32.0,6,2,6,2303
32.0,6,2,7,2310
32.0,6,2,8,2317
32.0,6,2,9,2324
32.0,6,2,10,2331
32.0,6,2,11,2338
32.0,6,2,12,2345
32.0,6,2,13,2352
32.0,6,2,14,2359
32.0,6,2,15,2366
32.0,6,3,0,2267
32.0,6,3,1,2274
32.0,6,3,2,2281
32.0,6,3,3,2289
32.0,6,3,4,2296
32.0,6,3,5,2303
32.0,6,3,6,2310
32.0,6,3,7,2317
32.0,6,3,8,2325
32.0,6,3,9,2332
32.0,6,3,10,2339
32.0,6,3,11,2346
32.0,6,3,12,2353
32.0,6,3,13,2360
32.0,6,3,14,2367
32.0,6,3,15,2374
32.0,6,4,0,2274
32.0,6,4,1,2282
32.0,6,4,2,2289
32.0,6,4,3,2296
32.0,6,4,4,2303
32.0,6,4,5,2311
32.0,6,4,6,2318
32.0,6,4,7,2325
32.0,6,4,8,2332
32.0,6,4,9,2339
32.0,6,4,10,2346
32.0,6,4,11,2354
32.0,6,4,12,2361
32.0,6,4,13,2368
32.0,6,4,14,2375
32.0,6,4,15,2382
32.0,6,5,0,2282
32.0,6,5,1,2289
32.0,6,5,2,2296
32.0,6,5,3,2304
32.0,6,5,4,2311
32.0,6,5,5,2318
32.0,6,5,6,2325
32.0,6,5,7,2333
32.0,6,5,8,2340
32.0,6,5,9,2347
32.0,6,5,10,2354
32.0,6,5,11,2361
32.0,6,5,12,2368
32.0,6,5,13,2375
32.0,6,5,14,2382
32.0,6,5,15,2389
32.0,6,6,0,2289
32.0,6,6,1,2296
32.0,6,6,2,2304
32.0,6,6,3,2311
32.0,6,6,4,2318
32.0,6,6,5,2326
32.0,6,6,6,2333
32.0,6,6,7,2340
32.0,6,6,8,2347
32.0,6,6,9,2355
32.0,6,6,10,2362
32.0,6,6,11,2369
32.0,6,6,12,2376
32.0,6,6,13,2383
32.0,6,6,14,2390
32.0,6,6,15,2397
32.0,6,7,0,2296
32.0,6,7,1,2304
32.0,6,7,2,2311
32.0,6,7,3,2319
32.0,6,7,4,2326
32.0,6,7,5,2333
32.0,6,7,6,2340
32.0,6,7,7,2348
32.0,6,7,8,2355
32.0,6,7,9,2362
32.0,6,7,10,2369
32.0,6,7,11,2376
32.0,6,7,12,2384
32.0,6,7,13,2391
32.0,6,7,14,2398
32.0,6,7,15,2405
32.0,6,8,0,2304
32.0,6,8,1,2311
32.0,6,8,2,2319
32.0,6,8,3,2326
32.0,6,8,4,2333
32.0,6,8,5,2341
32.0,6,8,6,2348
32.0,6,8,7,2355
32.0,6,8,8,2362
32.0,6,8,9,2370
32.0,6,8,10,2377
32.0,6,8,11,2384
32.0,6,8,12,2391
32.0,6,8,13,2398
32.0,6,8,14,2406
32.0,6,8,15,2413
32.0,6,9,0,2311
32.0,6,9,1,2319
32.0,6,9,2,2326
32.0,6,9,3,2333
32.0,6,9,4,2341
32.0,6,9,5,2348
32.0,6,9,6,2355
32.0,6,9,7,2363
32.0,6,9,8,2370
32.0,6,9,9,2377
32.0,6,9,10,2384
32.0,6,9,11,2392
32.0,6,9,12,2399
32.0,6,9,13,2406
32.0,6,9,14,2413
32.0,6,9,15,2420
32.0,6,10,0,2318
32.0,6,10,1,2326
32.0,6,10,2,2333
32.0,6,10,3,2341
32.0,6,10,4,2348
32.0,6,10,5,2355
32.0,6,10,6,2363
32.0,6,10,7,2370
32.0,6,10,8,2377
32.0,6,10,9,2385
32.0,6,10,10,2392
32.0,6,10,11,2399
32.0,6,10,12,2406
32.0,6,10,13,2414
32.0,6,10,14,2421
32.0,6,10,15,2428
32.0,6,11,0,2326
32.0,6,11,1,2333
32.0,6,11,2,2341
32.0,6,11,3,2348
32.0,6,11,4,2355
32.0,6,11,5,2363
32.0,6,11,6,2370
32.0,6,11,7,2378
32.0,6,11,8,2385
32.0,6,11,9,2392
32.0,6,11,10,2400
32.0,6,11,11,2407
32.0,6,11,12,2414
32.0,6,11,13,2421
32.0,6,11,14,2428
32.0,6,11,15,2436
32.0,6,12,0,2333
32.0,6,12,1,2340
32.0,6,12,2,2348
32.0,6,12,3,2355
32.0,6,12,4,2363
32.0,6,12,5,2370
32.0,6,12,6,2378
32.0,6,12,7,2385
32.0,6,12,8,2392
32.0,6,12,9,2400
32.0,6,12,10,2407
32.0,6,12,11,2414
32.0,6,12,12,2422
32.0,6,12,13,2429
32.0,6,12,14,2436
32.0,6,12,15,2443
32.0,6,13,0,2340
32.0,6,13,1,2348
32.0,6,13,2,2355
32.0,6,13,3,2363
32.0,6,13,4,2370
32.0,6,13,5,2378
32.0,6,13,6,2385
32.0,6,13,7,2392
32.0,6,13,8,2400
32.0,6,13,9,2407
32.0,6,13,10,2414
32.0,6,13,11,2422
32.0,6,13,12,2429
32.0,6,13,13,2436
32.0,6,13,14,2444
32.0,6,13,15,2451
32.0,6,14,0,2347
32.0,6,14,1,2355
32.0,6,14,2,2362
32.0,6,14,3,2370
32.0,6,14,4,2377
32.0,6,14,5,2385
32.0,6,14,6,2392
32.0,6,14,7,2400
32.0,6,14,8,2407
32.0,6,14,9,2415
32.0,6,14,10,2422
32.0,6,14,11,2429
32.0,6,14,12,2437
32.0,6,14,13,2444
32.0,6,14,14,2451
32.0,6,14,15,2458
32.0,6,15,0,2355
32.0,6,15,1,2362
32.0,6,15,2,2370
32.0,6,15,3,2377
32.0,6,15,4,2385
32.0,6,15,5,2392
32.0,6,15,6,2400
32.0,6,15,7,2407
32.0,6,15,8,2415
32.0,6,15,9,2422
32.0,6,15,10,2429
32.0,6,15,11,2437
32.0,6,15,12,2444
32.0,6,15,13,2451
32.0,6,15,14,2459
32.0,6,15,15,2466
32.0,7,0,0,2253
32.0,7,0,1,2260
32.0,7,0,2,2267
32.0,7,0,3,2274
32.0,7,0,4,2282
32.0,7,0,5,2289
32.0,7,0,6,2296
32.0,7,0,7,2303
32.0,7,0,8,2310
32.0,7,0,9,2317
32.0,7,0,10,2324
32.0,7,0,11,2331
32.0,7,0,12,2338
32.0,7,0,13,2345
32.0,7,0,14,2352
32.0,7,0,15,2359
32.0,7,1,0,2260
32.0,7,1,1,2267
32.0,7,1,2,2275
32.0,7,1,3,2282
32.0,7,1,4,2289
32.0,7,1,5,2296
32.0,7,1,6,2304
32.0,7,1,7,2311
32.0,7,1,8,2318
32.0,7,1,9,2325
32.0,7,1,10,2332
32.0,7,1,11,2339
32.0,7,1,12,2346
32.0,7,1,13,2353
32.0,7,1,14,2360
32.0,7,1,15,2367
32.0,7,2,0,2268
32.0,7,2,1,2275
32.0,7,2,2,2282
32.0,7,2,3,2290
32.0,7,2,4,2297
32.0,7,2,5,2304
32.0,7,2,6,2311
32.0,7,2,7,2318
32.0,7,2,8,2326
32.0,7,2,9,2333
32.0,7,2,10,2340
32.0,7,2,11,2347
32.0,7,2,12,2354
32.0,7,2,13,2361
32.0,7,2,14,2368
32.0,7,2,15,2375
32.0,7,3,0,2275
32.0,7,3,1,2283
32.0,7,3,2,2290
32.0,7,3,3,2297
32.0,7,3,4,2304
32.0,7,3,5,2312
32.0,7,3,6,2319
32.0,7,3,7,2326
32.0,7,3,8,2333
32.0,7,3,9,2340
32.0,7,3,10,2348
32.0,7,3,11,2355
32.0,7,3,12,2362
32.0,7,3,13,2369
32.0,7,3,14,2376
32.0,7,3,15,2383
32.0,7,4,0,2283
32.0,7,4,1,2290
32.0,7,4,2,2297
32.0,7,4,3,2305
32.0,7,4,4,2312
32.0,7,4,5,2319
32.0,7,4,6,2326
32.0,7,4,7,2334
32.0,7,4,8,2341
32.0,7,4,9,2348
32.0,7,4,10,2355
32.0,7,4,11,2362
32.0,7,4,12,2369
32.0,7,4,13,2377
32.0,7,4,14,2384
32.0,7,4,15,2391
32.0,7,5,0,2290
32.0,7,5,1,2298
32.0,7,5,2,2305
32.0,7,5,3,2312
32.0,7,5,4,2320
32.0,7,5,5,2327
32.0,7,5,6,2334
32.0,7,5,7,2341
32.0,7,5,8,2349
32.0,7,5,9,2356
32.0,7,5,10,2363
32.0,7,5,11,2370
32.0,7,5,12,2377
32.0,7,5,13,2384
32.0,7,5,14,2391
32.0,7,5,15,2398
32.0,7,6,0,2298
32.0,7,6,1,2305
32.0,7,6,2,2312
32.0,7,6,3,2320
32.0,7,6,4,2327
32.0,7,6,5,2334
32.0,7,6,6,2342
32.0,7,6,7,2349
32.0,7,6,8,2356
32.0,7,6,9,2363
32.0,7,6,10,2371
32.0,7,6,11,2378
32.0,7,6,12,2385
32.0,7,6,13,2392
32.0,7,6,14,2399
32.0,7,6,15,2406
32.0,7,7,0,2305
32.0,7,7,1,2312
32.0,7,7,2,2320
32.0,7,7,3,2327
32.0,7,7,4,2335
32.0,7,7,5,2342
32.0,7,7,6,2349
32.0,7,7,7,2356
32.0,7,7,8,2364
32.0,7,7,9,2371
32.0,7,7,10,2378
32.0,7,7,11,2385
32.0,7,7,12,2393
32.0,7,7,13,2400
32.0,7,7,14,2407
32.0,7,7,15,2414
32.0,7,8,0,2312
32.0,7,8,1,2320
32.0,7,8,2,2327
32.0,7,8,3,2335
32.0,7,8,4,2342
32.0,7,8,5,2349
32.0,7,8,6,2357
32.0,7,8,7,2364
32.0,7,8,8,2371
32.0,7,8,9,2379
32.0,7,8,10,2386
32.0,7,8,11,2393
32.0,7,8,12,2400
32.0,7,8,13,2407
32.0,7,8,14,2415
32.0,7,8,15,2422
32.0,7,9,0,2320
32.0,7,9,1,2327
32.0,7,9,2,2335
32.0,7,9,3,2342
32.0,7,9,4,2349
32.0,7,9,5,2357
32.0,7,9,6,2364
32.0,7,9,7,2372
32.0,7,9,8,2379
32.0,7,9,9,2386
32.0,7,9,10,2393
32.0,7,9,11,2401
32.0,7,9,12,2408
32.0,7,9,13,2415
32.0,7,9,14,2422
32.0,7,9,15,2429
32.0,7,10,0,2327
32.0,7,10,1,2335
32.0,7,10,2,2342
32.0,7,10,3,2349
32.0,7,10,4,2357
32.0,7,10,5,2364
32.0,7,10,6,2372
32.0,7,10,7,2379
32.0,7,10,8,2386
32.0,7,10,9,2394
32.0,7,10,10,2401
32.0,7,10,11,2408
32.0,7,10,12,2415
32.0,7,10,13,2423
32.0,7,10,14,2430
32.0,7,10,15,2437
32.0,7,11,0,2334
32.0,7,11,1,2342
32.0,7,11,2,2349
32.0,7,11,3,2357
32.0,7,11,4,2364
32.0,7,11,5,2372
32.0,7,11,6,2379
32.0,7,11,7,2386
32.0,7,11,8,2394
32.0,7,11,9,2401
32.0,7,11,10,2408
32.0,7,11,11,2416
32.0,7,11,12,2423
32.0,7,11,13,2430
32.0,7,11,14,2438
32.0,7,11,15,2445
32.0,7,12,0,2342
32.0,7,12,1,2349
32.0,7,12,2,2357
32.0,7,12,3,2364
32.0,7,12,4,2372
32.0,7,12,5,2379
32.0,7,12,6,2387
32.0,7,12,7,2394
32.0,7,12,8,2401
32.0,7,12,9,2409
32.0,7,12,10,2416
32.0,7,12,11,2423
32.0,7,12,12,2431
32.0,7,12,13,2438
32.0,7,12,14,2445
32.0,7,12,15,2452
32.0,7,13,0,2349
32.0,7,13,1,2356
32.0,7,13,2,2364
32.0,7,13,3,2372
32.0,7,13,4,2379
32.0,7,13,5,2386
32.0,7,13,6,2394
32.0,7,13,7,2401
32.0,7,13,8,2409
32.0,7,13,9,2416
32.0,7,13,10,2424
32.0,7,13,11,2431
32.0,7,13,12,2438
32.0,7,13,13,2445
32.0,7,13,14,2453
32.0,7,13,15,2460
32.0,7,14,0,2356
32.0,7,14,1,2364
32.0,7,14,2,2371
32.0,7,14,3,2379
32.0,7,14,4,2386
32.0,7,14,5,2394
32.0,7,14,6,2401
32.0,7,14,7,2409
32.0,7,14,8,2416
32.0,7,14,9,2424
32.0,7,14,10,2431
32.0,7,14,11,2438
32.0,7,14,12,2446
32.0,7,14,13,2453
32.0,7,14,14,2460
32.0,7,14,15,2468
32.0,7,15,0,2363
32.0,7,15,1,2371
32.0,7,15,2,2379
32.0,7,15,3,2386
32.0,7,15,4,2394
32.0,7,15,5,2401
32.0,7,15,6,2409
32.0,7,15,7,2416
32.0,7,15,8,2424
32.0,7,15,9,2431
32.0,7,15,10,2438
32.0,7,15,11,2446
32.0,7,15,12,2453
32.0,7,15,13,2460
32.0,7,15,14,2468
32.0,7,15,15,2475
32.0,8,0,0,2261
32.0,8,0,1,2268
32.0,8,0,2,2276
32.0,8,0,3,2283
32.0,8,0,4,2290
32.0,8,0,5,2297
32.0,8,0,6,2304
32.0,8,0,7,2312
32.0,8,0,8,2319
32.0,8,0,9,2326
32.0,8,0,10,2333
32.0,8,0,11,2340
32.0,8,0,12,2347
32.0,8,0,13,2354
32.0,8,0,14,2361
32.0,8,0,15,2368
32.0,8,1,0,2269
32.0,8,1,1,2276
32.0,8,1,2,2283
32.0,8,1,3,2291
32.0,8,1,4,2298
32.0,8,1,5,2305
32.0,8,1,6,2312
32.0,8,1,7,2319
32.0,8,1,8,2326
32.0,8,1,9,2334
32.0,8,1,10,2341
32.0,8,1,11,2348
32.0,8,1,12,2355
32.0,8,1,13,2362
32.0,8,1,14,2369
32.0,8,1,15,2376
32.0,8,2,0,2276
32.0,8,2,1,2284
32.0,8,2,2,2291
32.0,8,2,3,2298
32.0,8,2,4,2305
32.0,8,2,5,2313
32.0,8,2,6,2320
32.0,8,2,7,2327
32.0,8,2,8,2334
32.0,8,2,9,2341
32.0,8,2,10,2348
32.0,8,2,11,2356
32.0,8,2,12,2363
32.0,8,2,13,2370
32.0,8,2,14,2377
32.0,8,2,15,2384
32.0,8,3,0,2284
32.0,8,3,1,2291
32.0,8,3,2,2298
32.0,8,3,3,2306
32.0,8,3,4,2313
32.0,8,3,5,2320
32.0,8,3,6,2328
32.0,8,3,7,2335
32.0,8,3,8,2342
32.0,8,3,9,2349
32.0,8,3,10,2356
32.0,8,3,11,2363
32.0,8,3,12,2371
32.0,8,3,13,2378
32.0,8,3,14,2385
32.0,8,3,15,2392
32.0,8,4,0,2291
32.0,8,4,1,2299
32.0,8,4,2,2306
32.0,8,4,3,2313
32.0,8,4,4,2321
32.0,8,4,5,2328
32.0,8,4,6,2335
32.0,8,4,7,2342
32.0,8,4,8,2350
32.0,8,4,9,2357
32.0,8,4,10,2364
32.0,8,4,11,2371
32.0,8,4,12,2378
32.0,8,4,13,2385
32.0,8,4,14,2392
32.0,8,4,15,2400
32.0,8,5,0,2299
32.0,8,5,1,2306
32.0,8,5,2,2313
32.0,8,5,3,2321
32.0,8,5,4,2328
32.0,8,5,5,2335
32.0,8,5,6,2343
32.0,8,5,7,2350
32.0,8,5,8,2357
32.0,8,5,9,2365
32.0,8,5,10,2372
32.0,8,5,11,2379
32.0,8,5,12,2386
32.0,8,5,13,2393
32.0,8,5,14,2400
32.0,8,5,15,2407
32.0,8,6,0,2306
32.0,8,6,1,2314
32.0,8,6,2,2321
32.0,8,6,3,2328
32.0,8,6,4,2336
32.0,8,6,5,2343
32.0,8,6,6,2350
32.0,8,6,7,2358
32.0,8,6,8,2365
32.0,8,6,9,2372
32.0,8,6,10,2379
32.0,8,6,11,2387
32.0,8,6,12,2394
32.0,8,6,13,2401
32.0,8,6,14,2408
32.0,8,6,15,2415
32.0,8,7,0,2314
32.0,8,7,1,2321
32.0,8,7,2,2328
32.0,8,7,3,2336
32.0,8,7,4,2343
32.0,8,7,5,2351
32.0,8,7,6,2358
32.0,8,7,7,2365
32.0,8,7,8,2373
32.0,8,7,9,2380
32.0,8,7,10,2387
32.0,8,7,11,2394
32.0,8,7,12,2401
32.0,8,7,13,2409
32.0,8,7,14,2416
32.0,8,7,15,2423
32.0,8,8,0,2321
32.0,8,8,1,2328
32.0,8,8,2,2336
32.0,8,8,3,2343
32.0,8,8,4,2351
32.0,8,8,5,2358
32.0,8,8,6,2366
32.0,8,8,7,2373
32.0,8,8,8,2380
32.0,8,8,9,2387
32.0,8,8,10,2395
32.0,8,8,11,2402
32.0,8,8,12,2409
32.0,8,8,13,2416
32.0,8,8,14,2424
32.0,8,8,15,2431
32.0,8,9,0,2328
32.0,8,9,1,2336
32.0,8,9,2,2343
32.0,8,9,3,2351
32.0,8,9,4,2358
32.0,8,9,5,2366
32.0,8,9,6,2373
32.0,8,9,7,2380
32.0,8,9,8,2388
32.0,8,9,9,2395
32.0,8,9,10,2402
32.0,8,9,11,2410
32.0,8,9,12,2417
32.0,8,9,13,2424
32.0,8,9,14,2431
32.0,8,9,15,2438
32.0,8,10,0,2336
32.0,8,10,1,2343
32.0,8,10,2,2351
32.0,8,10,3,2358
32.0,8,10,4,2366
32.0,8,10,5,2373
32.0,8,10,6,2381
32.0,8,10,7,2388
32.0,8,10,8,2395
32.0,8,10,9,2403
32.0,8,10,10,2410
32.0,8,10,11,2417
32.0,8,10,12,2424
32.0,8,10,13,2432
32.0,8,10,14,2439
32.0,8,10,15,2446
32.0,8,11,0,2343
32.0,8,11,1,2351
32.0,8,11,2,2358
32.0,8,11,3,2366
32.0,8,11,4,2373
32.0,8,11,5,2381
32.0,8,11,6,2388
32.0,8,11,7,2395
32.0,8,11,8,2403
32.0,8,11,9,2410
32.0,8,11,10,2417
32.0,8,11,11,2425
32.0,8,11,12,2432
32.0,8,11,13,2439
32.0,8,11,14,2447
32.0,8,11,15,2454
32.0,8,12,0,2350
32.0,8,12,1,2358
32.0,8,12,2,2366
32.0,8,12,3,2373
32.0,8,12,4,2381
32.0,8,12,5,2388
32.0,8,12,6,2395
32.0,8,12,7,2403
32.0,8,12,8,2410
32.0,8,12,9,2418
32.0,8,12,10,2425
32.0,8,12,11,2432
32.0,8,12,12,2440
32.0,8,12,13,2447
32.0,8,12,14,2454
32.0,8,12,15,2462
32.0,8,13,0,2358
32.0,8,13,1,2365
32.0,8,13,2,2373
32.0,8,13,3,2380
32.0,8,13,4,2388
32.0,8,13,5,2395
32.0,8,13,6,2403
32.0,8,13,7,2410
32.0,8,13,8,2418
32.0,8,13,9,2425
32.0,8,13,10,2433
32.0,8,13,11,2440
32.0,8,13,12,2447
32.0,8,13,13,2455
32.0,8,13,14,2462
32.0,8,13,15,2469
32.0,8,14,0,2365
32.0,8,14,1,2373
32.0,8,14,2,2380
32.0,8,14,3,2388
32.0,8,14,4,2395
32.0,8,14,5,2403
32.0,8,14,6,2410
32.0,8,14,7,2418
32.0,8,14,8,2425
32.0,8,14,9,2433
32.0,8,14,10,2440
32.0,8,14,11,2447
32.0,8,14,12,2455
32.0,8,14,13,2462
32.0,8,14,14,2469
32.0,8,14,15,2477
32.0,8,15,0,2372
32.0,8,15,1,2380
32.0,8,15,2,2387
32.0,8,15,3,2395
32.0,8,15,4,2403
32.0,8,15,5,2410
32.0,8,15,6,2418
32.0,8,15,7,2425
32.0,8,15,8,2433
32.0,8,15,9,2440
32.0,8,15,10,2448
32.0,8,15,11,2455
32.0,8,15,12,2462
32.0,8,15,13,2470
32.0,8,15,14,2477
32.0,8,15,15,2484
32.0,9,0,0,2269
32.0,9,0,1,2277
32.0,9,0,2,2284
32.0,9,0,3,2291
32.0,9,0,4,2299
32.0,9,0,5,2306
32.0,9,0,6,2313
32.0,9,0,7,2320
32.0,9,0,8,2327
32.0,9,0,9,2334
32.0,9,0,10,2342
32.0,9,0,11,2349
32.0,9,0,12,2356
32.0,9,0,13,2363
32.0,9,0,14,2370
32.0,9,0,15,2377
32.0,9,1,0,2277
32.0,9,1,1,2284
32.0,9,1,2,2292
32.0,9,1,3,2299
32.0,9,1,4,2306
32.0,9,1,5,2314
32.0,9,1,6,2321
32.0,9,1,7,2328
32.0,9,1,8,2335
32.0,9,1,9,2342
32.0,9,1,10,2349
32.0,9,1,11,2357
32.0,9,1,12,2364
32.0,9,1,13,2371
32.0,9,1,14,2378
32.0,9,1,15,2385
32.0,9,2,0,2285
32.0,9,2,1,2292
32.0,9,2,2,2299
32.0,9,2,3,2307
32.0,9,2,4,2314
32.0,9,2,5,2321
32.0,9,2,6,2328
32.0,9,2,7,2336
32.0,9,2,8,2343
32.0,9,2,9,2350
32.0,9,2,10,2357
32.0,9,2,11,2364
32.0,9,2,12,2371
32.0,9,2,13,2379
32.0,9,2,14,2386
32.0,9,2,15,2393
32.0,9,3,0,2292
32.0,9,3,1,2300
32.0,9,3,2,2307
32.0,9,3,3,2314
32.0,9,3,4,2322
32.0,9,3,5,2329
32.0,9,3,6,2336
32.0,9,3,7,2343
32.0,9,3,8,2351
32.0,9,3,9,2358
32.0,9,3,10,2365
32.0,9,3,11,2372
32.0,9,3,12,2379
32.0,9,3,13,2386
32.0,9,3,14,2394
32.0,9,3,15,2401
32.0,9,4,0,2300
32.0,9,4,1,2307
32.0,9,4,2,2315
32.0,9,4,3,2322
32.0,9,4,4,2329
32.0,9,4,5,2337
32.0,9,4,6,2344
32.0,9,4,7,2351
32.0,9,4,8,2358
32.0,9,4,9,2366
32.0,9,4,10,2373
32.0,9,4,11,2380
32.0,9,4,12,2387
32.0,9,4,13,2394
32.0,9,4,14,2401
32.0,9,4,15,2408
32.0,9,5,0,2307
32.0,9,5,1,2315
32.0,9,5,2,2322
32.0,9,5,3,2329
32.0,9,5,4,2337
32.0,9,5,5,2344
32.0,9,5,6,2351
32.0,9,5,7,2359
32.0,9,5,8,2366
32.0,9,5,9,2373
32.0,9,5,10,2381
32.0,9,5,11,2388
32.0,9,5,12,2395
32.0,9,5,13,2402
32.0,9,5,14,2409
32.0,9,5,15,2416
32.0,9,6,0,2315
32.0,9,6,1,2322
32.0,9,6,2,2330
32.0,9,6,3,2337
32.0,9,6,4,2344
32.0,9,6,5,2352
32.0,9,6,6,2359
32.0,9,6,7,2366
32.0,9,6,8,2374
32.0,9,6,9,2381
32.0,9,6,10,2388
32.0,9,6,11,2395
32.0,9,6,12,2403
32.0,9,6,13,2410
32.0,9,6,14,2417
32.0,9,6,15,2424
32.0,9,7,0,2322
32.0,9,7,1,2330
32.0,9,7,2,2337
32.0,9,7,3,2345
32.0,9,7,4,2352
32.0,9,7,5,2359
32.0,9,7,6,2367
32.0,9,7,7,2374
32.0,9,7,8,2381
32.0,9,7,9,2389
32.0,9,7,10,2396
32.0,9,7,11,2403
32.0,9,7,12,2410
32.0,9,7,13,2418
32.0,9,7,14,2425
32.0,9,7,15,2432
32.0,9,8,0,2330
32.0,9,8,1,2337
32.0,9,8,2,2345
32.0,9,8,3,2352
32.0,9,8,4,2360
32.0,9,8,5,2367
32.0,9,8,6,2374
32.0,9,8,7,2382
32.0,9,8,8,2389
32.0,9,8,9,2396
32.0,9,8,10,2404
32.0,9,8,11,2411
32.0,9,8,12,2418
32.0,9,8,13,2425
32.0,9,8,14,2433
32.0,9,8,15,2440
32.0,9,9,0,2337
32.0,9,9,1,2345
32.0,9,9,2,2352
32.0,9,9,3,2360
32.0,9,9,4,2367
32.0,9,9,5,2374
32.0,9,9,6,2382
32.0,9,9,7,2389
32.0,9,9,8,2397
32.0,9,9,9,2404
32.0,9,9,10,2411
32.0,9,9,11,2419
32.0,9,9,12,2426
32.0,9,9,13,2433
32.0,9,9,14,2440
32.0,9,9,15,2448
32.0,9,10,0,2344
32.0,9,10,1,2352
32.0,9,10,2,2360
32.0,9,10,3,2367
32.0,9,10,4,2374
32.0,9,10,5,2382
32.0,9,10,6,2389
32.0,9,10,7,2397
32.0,9,10,8,2404
32.0,9,10,9,2412
32.0,9,10,10,2419
32.0,9,10,11,2426
32.0,9,10,12,2433
32.0,9,10,13,2441
32.0,9,10,14,2448
32.0,9,10,15,2455
32.0,9,11,0,2352
32.0,9,11,1,2359
32.0,9,11,2,2367
32.0,9,11,3,2374
32.0,9,11,4,2382
32.0,9,11,5,2389
32.0,9,11,6,2397
32.0,9,11,7,2404
32.0,9,11,8,2412
32.0,9,11,9,2419
32.0,9,11,10,2426
32.0,9,11,11,2434
32.0,9,11,12,2441
32.0,9,11,13,2448
32.0,9,11,14,2456
32.0,9,11,15,2463
32.0,9,12,0,2359
32.0,9,12,1,2367
32.0,9,12,2,2374
32.0,9,12,3,2382
32.0,9,12,4,2389
32.0,9,12,5,2397
32.0,9,12,6,2404
32.0,9,12,7,2412
32.0,9,12,8,2419
32.0,9,12,9,2427
32.0,9,12,10,2434
32.0,9,12,11,2441
32.0,9,12,12,2449
32.0,9,12,13,2456
32.0,9,12,14,2463
32.0,9,12,15,2471
32.0,9,13,0,2366
32.0,9,13,1,2374
32.0,9,13,2,2382
32.0,9,13,3,2389
32.0,9,13,4,2397
32.0,9,13,5,2404
32.0,9,13,6,2412
32.0,9,13,7,2419
32.0,9,13,8,2427
32.0,9,13,9,2434
32.0,9,13,10,2442
32.0,9,13,11,2449
32.0,9,13,12,2456
32.0,9,13,13,2464
32.0,9,13,14,2471
32.0,9,13,15,2478
32.0,9,14,0,2374
32.0,9,14,1,2381
32.0,9,14,2,2389
32.0,9,14,3,2397
32.0,9,14,4,2404
32.0,9,14,5,2412
32.0,9,14,6,2419
32.0,9,14,7,2427
32.0,9,14,8,2434
32.0,9,14,9,2442
32.0,9,14,10,2449
32.0,9,14,11,2457
32.0,9,14,12,2464
32.0,9,14,13,2471
32.0,9,14,14,2479
32.0,9,14,15,2486
32.0,9,15,0,2381
32.0,9,15,1,2389
32.0,9,15,2,2396
32.0,9,15,3,2404
32.0,9,15,4,2412
32.0,9,15,5,2419
32.0,9,15,6,2427
32.0,9,15,7,2434
32.0,9,15,8,2442
32.0,9,15,9,2449
32.0,9,15,10,2457
32.0,9,15,11,2464
32.0,9,15,12,2471
32.0,9,15,13,2479
32.0,9,15,14,2486
32.0,9,15,15,2494
32.0,10,0,0,2278
32.0,10,0,1,2285
32.0,10,0,2,2293
32.0,10,0,3,2300
32.0,10,0,4,2307
32.0,10,0,5,2314
32.0,10,0,6,2322
32.0,10,0,7,2329
32.0,10,0,8,2336
32.0,10,0,9,2343
32.0,10,0,10,2350
32.0,10,0,11,2357
32.0,10,0,12,2364
32.0,10,0,13,2372
32.0,10,0,14,2379
32.0,10,0,15,2386
32.0,10,1,0,2286
32.0,10,1,1,2293
32.0,10,1,2,2300
32.0,10,1,3,2308
32.0,10,1,4,2315
32.0,10,1,5,2322
32.0,10,1,6,2329
32.0,10,1,7,2337
32.0,10,1,8,2344
32.0,10,1,9,2351
32.0,10,1,10,2358
32.0,10,1,11,2365
32.0,10,1,12,2372
32.0,10,1,13,2379
32.0,10,1,14,2387
32.0,10,1,15,2394
32.0,10,2,0,2293
32.0,10,2,1,2301
32.0,10,2,2,2308
32.0,10,2,3,2315
32.0,10,2,4,2323
32.0,10,2,5,2330
32.0,10,2,6,2337
32.0,10,2,7,2344
32.0,10,2,8,2352
32.0,10,2,9,2359
32.0,10,2,10,2366
32.0,10,2,11,2373
32.0,10,2,12,2380
32.0,10,2,13,2387
32.0,10,2,14,2394
32.0,10,2,15,2402
32.0,10,3,0,2301
32.0,10,3,1,2308
32.0,10,3,2,2316
32.0,10,3,3,2323
32.0,10,3,4,2330
32.0,10,3,5,2338
32.0,10,3,6,2345
32.0,10,3,7,2352
32.0,10,3,8,2359
32.0,10,3,9,2367
32.0,10,3,10,2374
32.0,10,3,11,2381
32.0,10,3,12,2388
32.0,10,3,13,2395
32.0,10,3,14,2402
32.0,10,3,15,2409
32.0,10,4,0,2308
32.0,10,4,1,2316
32.0,10,4,2,2323
32.0,10,4,3,2331
32.0,10,4,4,2338
32.0,10,4,5,2345
32.0,10,4,6,2353
32.0,10,4,7,2360
32.0,10,4,8,2367
32.0,10,4,9,2374
32.0,10,4,10,2382
32.0,10,4,11,2389
32.0,10,4,12,2396
32.0,10,4,13,2403
32.0,10,4,14,2410
32.0,10,4,15,2417
32.0,10,5,0,2316
32.0,10,5,1,2323
32.0,10,5,2,2331
32.0,10,5,3,2338
32.0,10,5,4,2346
32.0,10,5,5,2353
32.0,10,5,6,2360
32.0,10,5,7,2368
32.0,10,5,8,2375
32.0,10,5,9,2382
32.0,10,5,10,2389
32.0,10,5,11,2397
32.0,10,5,12,2404
32.0,10,5,13,2411
32.0,10,5,14,2418
32.0,10,5,15,2425
32.0,10,6,0,2323
32.0,10,6,1,2331
32.0,10,6,2,2338
32.0,10,6,3,2346
32.0,10,6,4,2353
32.0,10,6,5,2360
32.0,10,6,6,2368
32.0,10,6,7,2375
32.0,10,6,8,2383
32.0,10,6,9,2390
32.0,10,6,10,2397
32.0,10,6,11,2404
32.0,10,6,12,2412
32.0,10,6,13,2419
32.0,10,6,14,2426
32.0,10,6,15,2433
32.0,10,7,0,2331
32.0,10,7,1,2338
32.0,10,7,2,2346
32.0,10,7,3,2353
32.0,10,7,4,2361
32.0,10,7,5,2368
32.0,10,7,6,2375
32.0,10,7,7,2383
32.0,10,7,8,2390
32.0,10,7,9,2398
32.0,10,7,10,2405
32.0,10,7,11,2412
32.0,10,7,12,2419
32.0,10,7,13,2427
32.0,10,7,14,2434
32.0,10,7,15,2441
32.0,10,8,0,2338
32.0,10,8,1,2346
32.0,10,8,2,2353
32.0,10,8,3,2361
32.0,10,8,4,2368
32.0,10,8,5,2376
32.0,10,8,6,2383
32.0,10,8,7,2390
32.0,10,8,8,2398
32.0,10,8,9,2405
32.0,10,8,10,2413
32.0,10,8,11,2420
32.0,10,8,12,2427
32.0,10,8,13,2434
32.0,10,8,14,2442
32.0,10,8,15,2449
32.0,10,9,0,2346
32.0,10,9,1,2353
32.0,10,9,2,2361
32.0,10,9,3,2368
32.0,10,9,4,2376
32.0,10,9,5,2383
32.0,10,9,6,2391
32.0,10,9,7,2398
32.0,10,9,8,2405
32.0,10,9,9,2413
32.0,10,9,10,2420
32.0,10,9,11,2428
32.0,10,9,12,2435
32.0,10,9,13,2442
32.0,10,9,14,2449
32.0,10,9,15,2457
32.0,10,10,0,2353
32.0,10,10,1,2361
32.0,10,10,2,2368
32.0,10,10,3,2376
32.0,10,10,4,2383
32.0,10,10,5,2391
32.0,10,10,6,2398
32.0,10,10,7,2406
32.0,10,10,8,2413
32.0,10,10,9,2420
32.0,10,10,10,2428
32.0,10,10,11,2435
32.0,10,10,12,2443
32.0,10,10,13,2450
32.0,10,10,14,2457
32.0,10,10,15,2464
32.0,10,11,0,2360
32.0,10,11,1,2368
32.0,10,11,2,2376
32.0,10,11,3,2383
32.0,10,11,4,2391
32.0,10,11,5,2398
32.0,10,11,6,2406
32.0,10,11,7,2413
32.0,10,11,8,2421
32.0,10,11,9,2428
32.0,10,11,10,2435
32.0,10,11,11,2443
32.0,10,11,12,2450
32.0,10,11,13,2458
32.0,10,11,14,2465
32.0,10,11,15,2472
32.0,10,12,0,2368
32.0,10,12,1,2375
32.0,10,12,2,2383
32.0,10,12,3,2391
32.0,10,12,4,2398
32.0,10,12,5,2406
32.0,10,12,6,2413
32.0,10,12,7,2421
32.0,10,12,8,2428
32.0,10,12,9,2436
32.0,10,12,10,2443
32.0,10,12,11,2450
32.0,10,12,12,2458
32.0,10,12,13,2465
32.0,10,12,14,2473
32.0,10,12,15,2480
32.0,10,13,0,2375
32.0,10,13,1,2383
32.0,10,13,2,2390
32.0,10,13,3,2398
32.0,10,13,4,2406
32.0,10,13,5,2413
32.0,10,13,6,2421
32.0,10,13,7,2428
32.0,10,13,8,2436
32.0,10,13,9,2443
32.0,10,13,10,2451
32.0,10,13,11,2458
32.0,10,13,12,2465
32.0,10,13,13,2473
32.0,10,13,14,2480
32.0,10,13,15,2488
32.0,10,14,0,2383
32.0,10,14,1,2390
32.0,10,14,2,2398
32.0,10,14,3,2405
32.0,10,14,4,2413
32.0,10,14,5,2421
32.0,10,14,6,2428
32.0,10,14,7,2436
32.0,10,14,8,2443
32.0,10,14,9,2451
32.0,10,14,10,2458
32.0,10,14,11,2466
32.0,10,14,12,2473
32.0,10,14,13,2480
32.0,10,14,14,2488
32.0,10,14,15,2495
32.0,10,15,0,2390
32.0,10,15,1,2398
32.0,10,15,2,2405
32.0,10,15,3,2413
32.0,10,15,4,2420
32.0,10,15,5,2428
32.0,10,15,6,2436
32.0,10,15,7,2443
32.0,10,15,8,2451
32.0,10,15,9,2458
32.0,10,15,10,2466
32.0,10,15,11,2473
32.0,10,15,12,2481
32.0,10,15,13,2488
32.0,10,15,14,2495
32.0,10,15,15,2503
32.0,11,0,0,2286
32.0,11,0,1,2294
32.0,11,0,2,2301
32.0,11,0,3,2308
32.0,11,0,4,2316
32.0,11,0,5,2323
32.0,11,0,6,2330
32.0,11,0,7,2337
32.0,11,0,8,2345
32.0,11,0,9,2352
32.0,11,0,10,2359
32.0,11,0,11,2366
32.0,11,0,12,2373
32.0,11,0,13,2380
32.0,11,0,14,2387
32.0,11,0,15,2394
32.0,11,1,0,2294
32.0,11,1,1,2301
32.0,11,1,2,2309
32.0,11,1,3,2316
32.0,11,1,4,2323
32.0,11,1,5,2331
32.0,11,1,6,2338
32.0,11,1,7,2345
32.0,11,1,8,2352
32.0,11,1,9,2360
32.0,11,1,10,2367
32.0,11,1,11,2374
32.0,11,1,12,2381
32.0,11,1,13,2388
32.0,11,1,14,2395
32.0,11,1,15,2402
32.0,11,2,0,2302
32.0,11,2,1,2309
32.0,11,2,2,2316
32.0,11,2,3,2324
32.0,11,2,4,2331
32.0,11,2,5,2338
32.0,11,2,6,2346
32.0,11,2,7,2353
32.0,11,2,8,2360
32.0,11,2,9,2367
32.0,11,2,10,2375
32.0,11,2,11,2382
32.0,11,2,12,2389
32.0,11,2,13,2396
32.0,11,2,14,2403
32.0,11,2,15,2410
32.0,11,3,0,2309
32.0,11,3,1,2317
32.0,11,3,2,2324
32.0,11,3,3,2331
32.0,11,3,4,2339
32.0,11,3,5,2346
32.0,11,3,6,2353
32.0,11,3,7,2361
32.0,11,3,8,2368
32.0,11,3,9,2375
32.0,11,3,10,2383
32.0,11,3,11,2390
32.0,11,3,12,2397
32.0,11,3,13,2404
32.0,11,3,14,2411
32.0,11,3,15,2418
32.0,11,4,0,2317
32.0,11,4,1,2324
32.0,11,4,2,2332
32.0,11,4,3,2339
32.0,11,4,4,2347
32.0,11,4,5,2354
32.0,11,4,6,2361
32.0,11,4,7,2369
32.0,11,4,8,2376
32.0,11,4,9,2383
32.0,11,4,10,2390
32.0,11,4,11,2398
32.0,11,4,12,2405
32.0,11,4,13,2412
32.0,11,4,14,2419
32.0,11,4,15,2426
32.0,11,5,0,2324
32.0,11,5,1,2332
32.0,11,5,2,2339
32.0,11,5,3,2347
32.0,11,5,4,2354
32.0,11,5,5,2362
32.0,11,5,6,2369
32.0,11,5,7,2376
32.0,11,5,8,2384
32.0,11,5,9,2391
32.0,11,5,10,2398
32.0,11,5,11,2405
32.0,11,5,12,2413
32.0,11,5,13,2420
32.0,11,5,14,2427
32.0,11,5,15,2434
32.0,11,6,0,2332
32.0,11,6,1,2339
32.0,11,6,2,2347
32.0,11,6,3,2354
32.0,11,6,4,2362
32.0,11,6,5,2369
32.0,11,6,6,2377
32.0,11,6,7,2384
32.0,11,6,8,2391
32.0,11,6,9,2399
32.0,11,6,10,2406
32.0,11,6,11,2413
32.0,11,6,12,2420
32.0,11,6,13,2428
32.0,11,6,14,2435
32.0,11,6,15,2442
32.0,11,7,0,2339
32.0,11,7,1,2347
32.0,11,7,2,2354
32.0,11,7,3,2362
32.0,11,7,4,2369
32.0,11,7,5,2377
32.0,11,7,6,2384
32.0,11,7,7,2392
32.0,11,7,8,2399
32.0,11,7,9,2406
32.0,11,7,10,2414
32.0,11,7,11,2421
32.0,11,7,12,2428
32.0,11,7,13,2436
32.0,11,7,14,2443
32.0,11,7,15,2450
32.0,11,8,0,2347
32.0,11,8,1,2354
32.0,11,8,2,2362
32.0,11,8,3,2369
32.0,11,8,4,2377
32.0,11,8,5,2384
32.0,11,8,6,2392
32.0,11,8,7,2399
32.0,11,8,8,2407
32.0,11,8,9,2414
32.0,11,8,10,2421
32.0,11,8,11,2429
32.0,11,8,12,2436
32.0,11,8,13,2443
32.0,11,8,14,2451
32.0,11,8,15,2458
32.0,11,9,0,2354
32.0,11,9,1,2362
32.0,11,9,2,2369
32.0,11,9,3,2377
32.0,11,9,4,2385
32.0,11,9,5,2392
32.0,11,9,6,2399
32.0,11,9,7,2407
32.0,11,9,8,2414
32.0,11,9,9,2422
32.0,11,9,10,2429
32.0,11,9,11,2436
32.0,11,9,12,2444
32.0,11,9,13,2451
32.0,11,9,14,2458
32.0,11,9,15,2466
32.0,11,10,0,2362
32.0,11,10,1,2369
32.0,11,10,2,2377
32.0,11,10,3,2385
32.0,11,10,4,2392
32.0,11,10,5,2400
32.0,11,10,6,2407
32.0,11,10,7,2415
32.0,11,10,8,2422
32.0,11,10,9,2429
32.0,11,10,10,2437
32.0,11,10,11,2444
32.0,11,10,12,2452
32.0,11,10,13,2459
32.0,11,10,14,2466
32.0,11,10,15,2473
32.0,11,11,0,2369
32.0,11,11,1,2377
32.0,11,11,2,2384
32.0,11,11,3,2392
32.0,11,11,4,2400
32.0,11,11,5,2407
32.0,11,11,6,2415
32.0,11,11,7,2422
32.0,11,11,8,2430
32.0,11,11,9,2437
32.0,11,11,10,2444
32.0,11,11,11,2452
32.0,11,11,12,2459
32.0,11,11,13,2467
32.0,11,11,14,2474
32.0,11,11,15,2481
32.0,11,12,0,2377
32.0,11,12,1,2384
32.0,11,12,2,2392
32.0,11,12,3,2399
32.0,11,12,4,2407
32.0,11,12,5,2415
32.0,11,12,6,2422
32.0,11,12,7,2430
32.0,11,12,8,2437
32.0,11,12,9,2445
32.0,11,12,10,2452
32.0,11,12,11,2460
32.0,11,12,12,2467
32.0,11,12,13,2474
32.0,11,12,14,2482
32.0,11,12,15,2489
32.0,11,13,0,2384
32.0,11,13,1,2392
32.0,11,13,2,2399
32.0,11,13,3,2407
32.0,11,13,4,2415
32.0,11,13,5,2422
32.0,11,13,6,2430
32.0,11,13,7,2437
32.0,11,13,8,2445
32.0,11,13,9,2452
32.0,11,13,10,2460
32.0,11,13,11,2467
32.0,11,13,12,2475
32.0,11,13,13,2482
32.0,11,13,14,2489
32.0,11,13,15,2497
32.0,11,14,0,2391
32.0,11,14,1,2399
32.0,11,14,2,2407
32.0,11,14,3,2414
32.0,11,14,4,2422
32.0,11,14,5,2430
32.0,11,14,6,2437
32.0,11,14,7,2445
32.0,11,14,8,2452
32.0,11,14,9,2460
32.0,11,14,10,2467
32.0,11,14,11,2475
32.0,11,14,12,2482
32.0,11,14,13,2490
32.0,11,14,14,2497
32.0,11,14,15,2504
32.0,11,15,0,2399
32.0,11,15,1,2406
32.0,11,15,2,2414
32.0,11,15,3,2422
32.0,11,15,4,2429
32.0,11,15,5,2437
32.0,11,15,6,2445
32.0,11,15,7,2452
32.0,11,15,8,2460
32.0,11,15,9,2467
32.0,11,15,10,2475
32.0,11,15,11,2482
32.0,11,15,12,2490
32.0,11,15,13,2497
32.0,11,15,14,2505
32.0,11,15,15,2512
32.0,12,0,0,2295
32.0,12,0,1,2302
32.0,12,0,2,2309
32.0,12,0,3,2317
32.0,12,0,4,2324
32.0,12,0,5,2331
32.0,12,0,6,2339
32.0,12,0,7,2346
32.0,12,0,8,2353
32.0,12,0,9,2360
32.0,12,0,10,2368
32.0,12,0,11,2375
32.0,12,0,12,2382
32.0,12,0,13,2389
32.0,12,0,14,2396
32.0,12,0,15,2403
32.0,12,1,0,2302
32.0,12,1,1,2310
32.0,12,1,2,2317
32.0,12,1,3,2325
32.0,12,1,4,2332
32.0,12,1,5,2339
32.0,12,1,6,2347
32.0,12,1,7,2354
32.0,12,1,8,2361
32.0,12,1,9,2368
32.0,12,1,10,2376
32.0,12,1,11,2383
32.0,12,1,12,2390
32.0,12,1,13,2397
32.0,12,1,14,2404
32.0,12,1,15,2411
32.0,12,2,0,2310
32.0,12,2,1,2317
32.0,12,2,2,2325
32.0,12,2,3,2332
32.0,12,2,4,2340
32.0,12,2,5,2347
32.0,12,2,6,2354
32.0,12,2,7,2362
32.0,12,2,8,2369
32.0,12,2,9,2376
32.0,12,2,10,2383
32.0,12,2,11,2391
32.0,12,2,12,2398
32.0,12,2,13,2405
32.0,12,2,14,2412
32.0,12,2,15,2419
32.0,12,3,0,2318
32.0,12,3,1,2325
32.0,12,3,2,2333
32.0,12,3,3,2340
32.0,12,3,4,2347
32.0,12,3,5,2355
32.0,12,3,6,2362
32.0,12,3,7,2369
32.0,12,3,8,2377
32.0,12,3,9,2384
32.0,12,3,10,2391
32.0,12,3,11,2399
32.0,12,3,12,2406
32.0,12,3,13,2413
32.0,12,3,14,2420
32.0,12,3,15,2427
32.0,12,4,0,2325
32.0,12,4,1,2333
32.0,12,4,2,2340
32.0,12,4,3,2348
32.0,12,4,4,2355
32.0,12,4,5,2363
32.0,12,4,6,2370
32.0,12,4,7,2377
32.0,12,4,8,2385
32.0,12,4,9,2392
32.0,12,4,10,2399
32.0,12,4,11,2406
32.0,12,4,12,2414
32.0,12,4,13,2421
32.0,12,4,14,2428
32.0,12,4,15,2435
32.0,12,5,0,2333
32.0,12,5,1,2340
32.0,12,5,2,2348
32.0,12,5,3,2355
32.0,12,5,4,2363
32.0,12,5,5,2370
32.0,12,5,6,2378
32.0,12,5,7,2385
32.0,12,5,8,2392
32.0,12,5,9,2400
32.0,12,5,10,2407
32.0,12,5,11,2414
32.0,12,5,12,2422
32.0,12,5,13,2429
32.0,12,5,14,2436
32.0,12,5,15,2443
32.0,12,6,0,2340
32.0,12,6,1,2348
32.0,12,6,2,2356
32.0,12,6,3,2363
32.0,12,6,4,2370
32.0,12,6,5,2378
32.0,12,6,6,2385
32.0,12,6,7,2393
32.0,12,6,8,2400
32.0,12,6,9,2407
32.0,12,6,10,2415
32.0,12,6,11,2422
32.0,12,6,12,2429
32.0,12,6,13,2437
32.0,12,6,14,2444
32.0,12,6,15,2451
32.0,12,7,0,2348
32.0,12,7,1,2356
32.0,12,7,2,2363
32.0,12,7,3,2371
32.0,12,7,4,2378
32.0,12,7,5,2386
32.0,12,7,6,2393
32.0,12,7,7,2400
32.0,12,7,8,2408
32.0,12,7,9,2415
32.0,12,7,10,2423
32.0,12,7,11,2430
32.0,12,7,12,2437
32.0,12,7,13,2445
32.0,12,7,14,2452
32.0,12,7,15,2459
32.0,12,8,0,2356
32.0,12,8,1,2363
32.0,12,8,2,2371
32.0,12,8,3,2378
32.0,12,8,4,2386
32.0,12,8,5,2393
32.0,12,8,6,2401
32.0,12,8,7,2408
32.0,12,8,8,2416
32.0,12,8,9,2423
32.0,12,8,10,2430
32.0,12,8,11,2438
32.0,12,8,12,2445
32.0,12,8,13,2452
32.0,12,8,14,2460
32.0,12,8,15,2467
32.0,12,9,0,2363
32.0,12,9,1,2371
32.0,12,9,2,2378
32.0,12,9,3,2386
32.0,12,9,4,2393
32.0,12,9,5,2401
32.0,12,9,6,2408
32.0,12,9,7,2416
32.0,12,9,8,2423
32.0,12,9,9,2431
32.0,12,9,10,2438
32.0,12,9,11,2445
32.0,12,9,12,2453
32.0,12,9,13,2460
32.0,12,9,14,2467
32.0,12,9,15,2475
32.0,12,10,0,2370
32.0,12,10,1,2378
32.0,12,10,2,2386
32.0,12,10,3,2393
32.0,12,10,4,2401
32.0,12,10,5,2408
32.0,12,10,6,2416
32.0,12,10,7,2423
32.0,12,10,8,2431
32.0,12,10,9,2438
32.0,12,10,10,2446
32.0,12,10,11,2453
32.0,12,10,12,2461
32.0,12,10,13,2468
32.0,12,10,14,2475
32.0,12,10,15,2483
32.0,12,11,0,2378
32.0,12,11,1,2386
32.0,12,11,2,2393
32.0,12,11,3,2401
32.0,12,11,4,2408
32.0,12,11,5,2416
32.0,12,11,6,2424
32.0,12,11,7,2431
32.0,12,11,8,2439
32.0,12,11,9,2446
32.0,12,11,10,2453
32.0,12,11,11,2461
32.0,12,11,12,2468
32.0,12,11,13,2476
32.0,12,11,14,2483
32.0,12,11,15,2490
32.0,12,12,0,2385
32.0,12,12,1,2393
32.0,12,12,2,2401
32.0,12,12,3,2408
32.0,12,12,4,2416
32.0,12,12,5,2424
32.0,12,12,6,2431
32.0,12,12,7,2439
32.0,12,12,8,2446
32.0,12,12,9,2454
32.0,12,12,10,2461
32.0,12,12,11,2469
32.0,12,12,12,2476
32.0,12,12,13,2483
32.0,12,12,14,2491
32.0,12,12,15,2498
32.0,12,13,0,2393
32.0,12,13,1,2400
32.0,12,13,2,2408
32.0,12,13,3,2416
32.0,12,13,4,2423
32.0,12,13,5,2431
32.0,12,13,6,2439
32.0,12,13,7,2446
32.0,12,13,8,2454
32.0,12,13,9,2461
32.0,12,13,10,2469
32.0,12,13,11,2476
32.0,12,13,12,2484
32.0,12,13,13,2491
32.0,12,13,14,2498
32.0,12,13,15,2506
32.0,12,14,0,2400
32.0,12,14,1,2408
32.0,12,14,2,2416
32.0,12,14,3,2423
32.0,12,14,4,2431
32.0,12,14,5,2439
32.0,12,14,6,2446
32.0,12,14,7,2454
32.0,12,14,8,2461
32.0,12,14,9,2469
32.0,12,14,10,2476
32.0,12,14,11,2484
32.0,12,14,12,2491
32.0,12,14,13,2499
32.0,12,14,14,2506
32.0,12,14,15,2514
32.0,12,15,0,2407
32.0,12,15,1,2415
32.0,12,15,2,2423
32.0,12,15,3,2431
32.0,12,15,4,2438
32.0,12,15,5,2446
32.0,12,15,6,2454
32.0,12,15,7,2461
32.0,12,15,8,2469
32.0,12,15,9,2476
32.0,12,15,10,2484
32.0,12,15,11,2491
32.0,12,15,12,2499
32.0,12,15,13,2506
32.0,12,15,14,2514
32.0,12,15,15,2521
32.0,13,0,0,2303
32.0,13,0,1,2311
32.0,13,0,2,2318
32.0,13,0,3,2325
32.0,13,0,4,2333
32.0,13,0,5,2340
32.0,13,0,6,2347
32.0,13,0,7,2355
32.0,13,0,8,2362
32.0,13,0,9,2369
32.0,13,0,10,2376
32.0,13,0,11,2383
32.0,13,0,12,2391
32.0,13,0,13,2398
32.0,13,0,14,2405
32.0,13,0,15,2412
32.0,13,1,0,2311
32.0,13,1,1,2318
32.0,13,1,2,2326
32.0,13,1,3,2333
32.0,13,1,4,2340
32.0,13,1,5,2348
32.0,13,1,6,2355
32.0,13,1,7,2362
32.0,13,1,8,2370
32.0,13,1,9,2377
32.0,13,1,10,2384
32.0,13,1,11,2391
32.0,13,1,12,2399
32.0,13,1,13,2406
32.0,13,1,14,2413
32.0,13,1,15,2420
32.0,13,2,0,2319
32.0,13,2,1,2326
32.0,13,2,2,2333
32.0,13,2,3,2341
32.0,13,2,4,2348
32.0,13,2,5,2356
32.0,13,2,6,2363
32.0,13,2,7,2370
32.0,13,2,8,2378
32.0,13,2,9,2385
32.0,13,2,10,2392
32.0,13,2,11,2399
32.0,13,2,12,2407
32.0,13,2,13,2414
32.0,13,2,14,2421
32.0,13,2,15,2428
32.0,13,3,0,2326
32.0,13,3,1,2334
32.0,13,3,2,2341
32.0,13,3,3,2349
32.0,13,3,4,2356
32.0,13,3,5,2363
32.0,13,3,6,2371
32.0,13,3,7,2378
32.0,13,3,8,2385
32.0,13,3,9,2393
32.0,13,3,10,2400
32.0,13,3,11,2407
32.0,13,3,12,2415
32.0,13,3,13,2422
32.0,13,3,14,2429
32.0,13,3,15,2436
32.0,13,4,0,2334
32.0,13,4,1,2341
32.0,13,4,2,2349
32.0,13,4,3,2356
32.0,13,4,4,2364
32.0,13,4,5,2371
32.0,13,4,6,2379
32.0,13,4,7,2386
32.0,13,4,8,2393
32.0,13,4,9,2401
32.0,13,4,10,2408
32.0,13,4,11,2415
32.0,13,4,12,2423
32.0,13,4,13,2430
32.0,13,4,14,2437
32.0,13,4,15,2444
32.0,13,5,0,2341
32.0,13,5,1,2349
32.0,13,5,2,2357
32.0,13,5,3,2364
32.0,13,5,4,2371
32.0,13,5,5,2379
32.0,13,5,6,2386
32.0,13,5,7,2394
32.0,13,5,8,2401
32.0,13,5,9,2408
32.0,13,5,10,2416
32.0,13,5,11,2423
32.0,13,5,12,2430
32.0,13,5,13,2438
32.0,13,5,14,2445
32.0,13,5,15,2452
32.0,13,6,0,2349
32.0,13,6,1,2357
32.0,13,6,2,2364
32.0,13,6,3,2372
32.0,13,6,4,2379
32.0,13,6,5,2387
32.0,13,6,6,2394
32.0,13,6,7,2402
32.0,13,6,8,2409
32.0,13,6,9,2416
32.0,13,6,10,2424
32.0,13,6,11,2431
32.0,13,6,12,2438
32.0,13,6,13,2446
32.0,13,6,14,2453
32.0,13,6,15,2460
32.0,13,7,0,2357
32.0,13,7,1,2364
32.0,13,7,2,2372
32.0,13,7,3,2379
32.0,13,7,4,2387
32.0,13,7,5,2394
32.0,13,7,6,2402
32.0,13,7,7,2409
32.0,13,7,8,2417
32.0,13,7,9,2424
32.0,13,7,10,2431
32.0,13,7,11,2439
32.0,13,7,12,2446
32.0,13,7,13,2453
32.0,13,7,14,2461
32.0,13,7,15,2468
32.0,13,8,0,2364
32.0,13,8,1,2372
32.0,13,8,2,2379
32.0,13,8,3,2387
32.0,13,8,4,2394
32.0,13,8,5,2402
32.0,13,8,6,2409
32.0,13,8,7,2417
32.0,13,8,8,2424
32.0,13,8,9,2432
32.0,13,8,10,2439
32.0,13,8,11,2447
32.0,13,8,12,2454
32.0,13,8,13,2461
32.0,13,8,14,2469
32.0,13,8,15,2476
32.0,13,9,0,2372
32.0,13,9,1,2379
32.0,13,9,2,2387
32.0,13,9,3,2395
32.0,13,9,4,2402
32.0,13,9,5,2410
32.0,13,9,6,2417
32.0,13,9,7,2425
32.0,13,9,8,2432
32.0,13,9,9,2440
32.0,13,9,10,2447
32.0,13,9,11,2454
32.0,13,9,12,2462
32.0,13,9,13,2469
32.0,13,9,14,2476
32.0,13,9,15,2484
32.0,13,10,0,2379
32.0,13,10,1,2387
32.0,13,10,2,2394
32.0,13,10,3,2402
32.0,13,10,4,2410
32.0,13,10,5,2417
32.0,13,10,6,2425
32.0,13,10,7,2432
32.0,13,10,8,2440
32.0,13,10,9,2447
32.0,13,10,10,2455
32.0,13,10,11,2462
32.0,13,10,12,2470
32.0,13,10,13,2477
32.0,13,10,14,2484
32.0,13,10,15,2492
32.0,13,11,0,2387
32.0,13,11,1,2394
32.0,13,11,2,2402
32.0,13,11,3,2410
32.0,13,11,4,2417
32.0,13,11,5,2425
32.0,13,11,6,2432
32.0,13,11,7,2440
32.0,13,11,8,2447
32.0,13,11,9,2455
32.0,13,11,10,2462
32.0,13,11,11,2470
32.0,13,11,12,2477
32.0,13,11,13,2485
32.0,13,11,14,2492
32.0,13,11,15,2499
32.0,13,12,0,2394
32.0,13,12,1,2402
32.0,13,12,2,2409
32.0,13,12,3,2417
32.0,13,12,4,2425
32.0,13,12,5,2432
32.0,13,12,6,2440
32.0,13,12,7,2448
32.0,13,12,8,2455
32.0,13,12,9,2463
32.0,13,12,10,2470
32.0,13,12,11,2478
32.0,13,12,12,2485
32.0,13,12,13,2492
32.0,13,12,14,2500
32.0,13,12,15,2507
32.0,13,13,0,2402
32.0,13,13,1,2409
32.0,13,13,2,2417
32.0,13,13,3,2425
32.0,13,13,4,2432
32.0,13,13,5,2440
32.0,13,13,6,2448
32.0,13,13,7,2455
32.0,13,13,8,2463
32.0,13,13,9,2470
32.0,13,13,10,2478
32.0,13,13,11,2485
32.0,13,13,12,2493
32.0,13,13,13,2500
32.0,13,13,14,2508
32.0,13,13,15,2515
32.0,13,14,0,2409
32.0,13,14,1,2417
32.0,13,14,2,2424
32.0,13,14,3,2432
32.0,13,14,4,2440
32.0,13,14,5,2447
32.0,13,14,6,2455
32.0,13,14,7,2463
32.0,13,14,8,2470
32.0,13,14,9,2478
32.0,13,14,10,2485
32.0,13,14,11,2493
32.0,13,14,12,2500
32.0,13,14,13,2508
32.0,13,14,14,2515
32.0,13,14,15,2523
32.0,13,15,0,2416
32.0,13,15,1,2424
32.0,13,15,2,2432
32.0,13,15,3,2440
32.0,13,15,4,2447
32.0,13,15,5,2455
32.0,13,15,6,2463
32.0,13,15,7,2470
32.0,13,15,8,2478
32.0,13,15,9,2485
32.0,13,15,10,2493
32.0,13,15,11,2501
32.0,13,15,12,2508
32.0,13,15,13,2516
32.0,13,15,14,2523
32.0,13,15,15,2531
32.0,14,0,0,2312
32.0,14,0,1,2319
32.0,14,0,2,2326
32.0,14,0,3,2334
32.0,14,0,4,2341
32.0,14,0,5,2349
32.0,14,0,6,2356
32.0,14,0,7,2363
32.0,14,0,8,2370
32.0,14,0,9,2378
32.0,14,0,10,2385
32.0,14,0,11,2392
32.0,14,0,12,2399
32.0,14,0,13,2407
32.0,14,0,14,2414
32.0,14,0,15,2421
32.0,14,1,0,2319
32.0,14,1,1,2327
32.0,14,1,2,2334
32.0,14,1,3,2342
32.0,14,1,4,2349
32.0,14,1,5,2356
32.0,14,1,6,2364
32.0,14,1,7,2371
32.0,14,1,8,2378
32.0,14,1,9,2386
32.0,14,1,10,2393
32.0,14,1,11,2400
32.0,14,1,12,2407
32.0,14,1,13,2415
32.0,14,1,14,2422
32.0,14,1,15,2429
32.0,14,2,0,2327
32.0,14,2,1,2334
32.0,14,2,2,2342
32.0,14,2,3,2349
32.0,14,2,4,2357
32.0,14,2,5,2364
32.0,14,2,6,2372
32.0,14,2,7,2379
32.0,14,2,8,2386
32.0,14,2,9,2394
32.0,14,2,10,2401
32.0,14,2,11,2408
32.0,14,2,12,2415
32.0,14,2,13,2423
32.0,14,2,14,2430
32.0,14,2,15,2437
32.0,14,3,0,2335
32.0,14,3,1,2342
32.0,14,3,2,2350
32.0,14,3,3,2357
32.0,14,3,4,2365
32.0,14,3,5,2372
32.0,14,3,6,2379
32.0,14,3,7,2387
32.0,14,3,8,2394
32.0,14,3,9,2402
32.0,14,3,10,2409
32.0,14,3,11,2416
32.0,14,3,12,2423
32.0,14,3,13,2431
32.0,14,3,14,2438
32.0,14,3,15,2445
32.0,14,4,0,2342
32.0,14,4,1,2350
32.0,14,4,2,2357
32.0,14,4,3,2365
32.0,14,4,4,2372
32.0,14,4,5,2380
32.0,14,4,6,2387
32.0,14,4,7,2395
32.0,14,4,8,2402
32.0,14,4,9,2409
32.0,14,4,10,2417
32.0,14,4,11,2424
32.0,14,4,12,2431
32.0,14,4,13,2439
32.0,14,4,14,2446
32.0,14,4,15,2453
32.0,14,5,0,2350
32.0,14,5,1,2358
32.0,14,5,2,2365
32.0,14,5,3,2373
32.0,14,5,4,2380
32.0,14,5,5,2388
32.0,14,5,6,2395
32.0,14,5,7,2402
32.0,14,5,8,2410
32.0,14,5,9,2417
32.0,14,5,10,2425
32.0,14,5,11,2432
32.0,14,5,12,2439
32.0,14,5,13,2447
32.0,14,5,14,2454
32.0,14,5,15,2461
32.0,14,6,0,2358
32.0,14,6,1,2365
32.0,14,6,2,2373
32.0,14,6,3,2380
32.0,14,6,4,2388
32.0,14,6,5,2395
32.0,14,6,6,2403
32.0,14,6,7,2410
32.0,14,6,8,2418
32.0,14,6,9,2425
32.0,14,6,10,2432
32.0,14,6,11,2440
32.0,14,6,12,2447
32.0,14,6,13,2455
32.0,14,6,14,2462
32.0,14,6,15,2469
32.0,14,7,0,2365
32.0,14,7,1,2373
32.0,14,7,2,2380
32.0,14,7,3,2388
32.0,14,7,4,2396
32.0,14,7,5,2403
32.0,14,7,6,2411
32.0,14,7,7,2418
32.0,14,7,8,2425
32.0,14,7,9,2433
32.0,14,7,10,2440
32.0,14,7,11,2448
32.0,14,7,12,2455
32.0,14,7,13,2462
32.0,14,7,14,2470
32.0,14,7,15,2477
32.0,14,8,0,2373
32.0,14,8,1,2380
32.0,14,8,2,2388
32.0,14,8,3,2396
32.0,14,8,4,2403
32.0,14,8,5,2411
32.0,14,8,6,2418
32.0,14,8,7,2426
32.0,14,8,8,2433
32.0,14,8,9,2441
32.0,14,8,10,2448
32.0,14,8,11,2456
32.0,14,8,12,2463
32.0,14,8,13,2470
32.0,14,8,14,2478
32.0,14,8,15,2485
32.0,14,9,0,2380
32.0,14,9,1,2388
32.0,14,9,2,2396
32.0,14,9,3,2403
32.0,14,9,4,2411
32.0,14,9,5,2418
32.0,14,9,6,2426
32.0,14,9,7,2433
32.0,14,9,8,2441
32.0,14,9,9,2448
32.0,14,9,10,2456
32.0,14,9,11,2463
32.0,14,9,12,2471
32.0,14,9,13,2478
32.0,14,9,14,2486
32.0,14,9,15,2493
32.0,14,10,0,2388
32.0,14,10,1,2396
32.0,14,10,2,2403
32.0,14,10,3,2411
32.0,14,10,4,2418
32.0,14,10,5,2426
32.0,14,10,6,2434
32.0,14,10,7,2441
32.0,14,10,8,2449
32.0,14,10,9,2456
32.0,14,10,10,2464
32.0,14,10,11,2471
32.0,14,10,12,2479
32.0,14,10,13,2486
32.0,14,10,14,2493
32.0,14,10,15,2501
32.0,14,11,0,2395
32.0,14,11,1,2403
32.0,14,11,2,2411
32.0,14,11,3,2418
32.0,14,11,4,2426
32.0,14,11,5,2434
32.0,14,11,6,2441
32.0,14,11,7,2449
32.0,14,11,8,2456
32.0,14,11,9,2464
32.0,14,11,10,2471
32.0,14,11,11,2479
32.0,14,11,12,2486
32.0,14,11,13,2494
32.0,14,11,14,2501
32.0,14,11,15,2509
32.0,14,12,0,2403
32.0,14,12,1,2411
32.0,14,12,2,2418
32.0,14,12,3,2426
32.0,14,12,4,2434
32.0,14,12,5,2441
32.0,14,12,6,2449
32.0,14,12,7,2456
32.0,14,12,8,2464
32.0,14,12,9,2472
32.0,14,12,10,2479
32.0,14,12,11,2487
32.0,14,12,12,2494
32.0,14,12,13,2502
32.0,14,12,14,2509
32.0,14,12,15,2516
32.0,14,13,0,2410
32.0,14,13,1,2418
32.0,14,13,2,2426
32.0,14,13,3,2433
32.0,14,13,4,2441
32.0,14,13,5,2449
32.0,14,13,6,2456
32.0,14,13,7,2464
32.0,14,13,8,2472
32.0,14,13,9,2479
32.0,14,13,10,2487
32.0,14,13,11,2494
32.0,14,13,12,2502
32.0,14,13,13,2509
32.0,14,13,14,2517
32.0,14,13,15,2524
32.0,14,14,0,2418
32.0,14,14,1,2425
32.0,14,14,2,2433
32.0,14,14,3,2441
32.0,14,14,4,2449
32.0,14,14,5,2456
32.0,14,14,6,2464
32.0,14,14,7,2472
32.0,14,14,8,2479
32.0,14,14,9,2487
32.0,14,14,10,2494
32.0,14,14,11,2502
32.0,14,14,12,2510
32.0,14,14,13,2517
32.0,14,14,14,2525
32.0,14,14,15,2532
32.0,14,15,0,2425
32.0,14,15,1,2433
32.0,14,15,2,2441
32.0,14,15,3,2448
32.0,14,15,4,2456
32.0,14,15,5,2464
32.0,14,15,6,2472
32.0,14,15,7,2479
32.0,14,15,8,2487
32.0,14,15,9,2495
32.0,14,15,10,2502
32.0,14,15,11,2510
32.0,14,15,12,2517
32.0,14,15,13,2525
32.0,14,15,14,2532
32.0,14,15,15,2540
32.0,15,0,0,2320
32.0,15,0,1,2327
32.0,15,0,2,2335
32.0,15,0,3,2342
32.0,15,0,4,2350
32.0,15,0,5,2357
32.0,15,0,6,2364
32.0,15,0,7,2372
32.0,15,0,8,2379
32.0,15,0,9,2386
32.0,15,0,10,2394
32.0,15,0,11,2401
32.0,15,0,12,2408
32.0,15,0,13,2415
32.0,15,0,14,2422
32.0,15,0,15,2430
32.0,15,1,0,2328
32.0,15,1,1,2335
32.0,15,1,2,2343
32.0,15,1,3,2350
32.0,15,1,4,2358
32.0,15,1,5,2365
32.0,15,1,6,2372
32.0,15,1,7,2380
32.0,15,1,8,2387
32.0,15,1,9,2394
32.0,15,1,10,2402
32.0,15,1,11,2409
32.0,15,1,12,2416
32.0,15,1,13,2423
32.0,15,1,14,2431
32.0,15,1,15,2438
32.0,15,2,0,2335
32.0,15,2,1,2343
32.0,15,2,2,2350
32.0,15,2,3,2358
32.0,15,2,4,2365
32.0,15,2,5,2373
32.0,15,2,6,2380
32.0,15,2,7,2388
32.0,15,2,8,2395
32.0,15,2,9,2402
32.0,15,2,10,2410
32.0,15,2,11,2417
32.0,15,2,12,2424
32.0,15,2,13,2431
32.0,15,2,14,2439
32.0,15,2,15,2446
32.0,15,3,0,2343
32.0,15,3,1,2351
32.0,15,3,2,2358
32.0,15,3,3,2366
32.0,15,3,4,2373
32.0,15,3,5,2381
32.0,15,3,6,2388
32.0,15,3,7,2396
32.0,15,3,8,2403
32.0,15,3,9,2410
32.0,15,3,10,2418
32.0,15,3,11,2425
32.0,15,3,12,2432
32.0,15,3,13,2439
32.0,15,3,14,2447
32.0,15,3,15,2454
32.0,15,4,0,2351
32.0,15,4,1,2358
32.0,15,4,2,2366
32.0,15,4,3,2374
32.0,15,4,4,2381
32.0,15,4,5,2388
32.0,15,4,6,2396
32.0,15,4,7,2403
32.0,15,4,8,2411
32.0,15,4,9,2418
32.0,15,4,10,2426
32.0,15,4,11,2433
32.0,15,4,12,2440
32.0,15,4,13,2447
32.0,15,4,14,2455
32.0,15,4,15,2462
32.0,15,5,0,2359
32.0,15,5,1,2366
32.0,15,5,2,2374
32.0,15,5,3,2381
32.0,15,5,4,2389
32.0,15,5,5,2396
32.0,15,5,6,2404
32.0,15,5,7,2411
32.0,15,5,8,2419
32.0,15,5,9,2426
32.0,15,5,10,2433
32.0,15,5,11,2441
32.0,15,5,12,2448
32.0,15,5,13,2455
32.0,15,5,14,2463
32.0,15,5,15,2470
32.0,15,6,0,2366
32.0,15,6,1,2374
32.0,15,6,2,2381
32.0,15,6,3,2389
32.0,15,6,4,2397
32.0,15,6,5,2404
32.0,15,6,6,2412
32.0,15,6,7,2419
32.0,15,6,8,2426
32.0,15,6,9,2434
32.0,15,6,10,2441
32.0,15,6,11,2449
32.0,15,6,12,2456
32.0,15,6,13,2463
32.0,15,6,14,2471
32.0,15,6,15,2478
32.0,15,7,0,2374
32.0,15,7,1,2381
32.0,15,7,2,2389
32.0,15,7,3,2397
32.0,15,7,4,2404
32.0,15,7,5,2412
32.0,15,7,6,2419
32.0,15,7,7,2427
32.0,15,7,8,2434
32.0,15,7,9,2442
32.0,15,7,10,2449
32.0,15,7,11,2457
32.0,15,7,12,2464
32.0,15,7,13,2471
32.0,15,7,14,2479
32.0,15,7,15,2486
32.0,15,8,0,2381
32.0,15,8,1,2389
32.0,15,8,2,2397
32.0,15,8,3,2404
32.0,15,8,4,2412
32.0,15,8,5,2420
32.0,15,8,6,2427
32.0,15,8,7,2435
32.0,15,8,8,2442
32.0,15,8,9,2450
32.0,15,8,10,2457
32.0,15,8,11,2464
32.0,15,8,12,2472
32.0,15,8,13,2479
32.0,15,8,14,2487
32.0,15,8,15,2494
32.0,15,9,0,2389
32.0,15,9,1,2397
32.0,15,9,2,2404
32.0,15,9,3,2412
32.0,15,9,4,2420
32.0,15,9,5,2427
32.0,15,9,6,2435
32.0,15,9,7,2442
32.0,15,9,8,2450
32.0,15,9,9,2457
32.0,15,9,10,2465
32.0,15,9,11,2472
32.0,15,9,12,2480
32.0,15,9,13,2487
32.0,15,9,14,2495
32.0,15,9,15,2502
32.0,15,10,0,2397
32.0,15,10,1,2404
32.0,15,10,2,2412
32.0,15,10,3,2420
32.0,15,10,4,2427
32.0,15,10,5,2435
32.0,15,10,6,2442
32.0,15,10,7,2450
32.0,15,10,8,2458
32.0,15,10,9,2465
32.0,15,10,10,2473
32.0,15,10,11,2480
32.0,15,10,12,2488
32.0,15,10,13,2495
32.0,15,10,14,2502
32.0,15,10,15,2510
32.0,15,11,0,2404
32.0,15,11,1,2412
32.0,15,11,2,2420
32.0,15,11,3,2427
32.0,15,11,4,2435
32.0,15,11,5,2443
32.0,15,11,6,2450
32.0,15,11,7,2458
32.0,15,11,8,2465
32.0,15,11,9,2473
32.0,15,11,10,2480
32.0,15,11,11,2488
32.0,15,11,12,2495
32.0,15,11,13,2503
32.0,15,11,14,2510
32.0,15,11,15,2518
32.0,15,12,0,2412
32.0,15,12,1,2419
32.0,15,12,2,2427
32.0,15,12,3,2435
32.0,15,12,4,2442
32.0,15,12,5,2450
32.0,15,12,6,2458
32.0,15,12,7,2465
32.0,15,12,8,2473
32.0,15,12,9,2481
32.0,15,12,10,2488
32.0,15,12,11,2496
32.0,15,12,12,2503
32.0,15,12,13,2511
32.0,15,12,14,2518
32.0,15,12,15,2526
32.0,15,13,0,2419
32.0,15,13,1,2427
32.0,15,13,2,2435
32.0,15,13,3,2442
32.0,15,13,4,2450
32.0,15,13,5,2458
32.0,15,13,6,2465
32.0,15,13,7,2473
32.0,15,13,8,2481
32.0,15,13,9,2488
32.0,15,13,10,2496
32.0,15,13,11,2503
32.0,15,13,12,2511
32.0,15,13,13,2518
32.0,15,13,14,2526
32.0,15,13,15,2533
32.0,15,14,0,2426
32.0,15,14,1,2434
32.0,15,14,2,2442
32.0,15,14,3,2450
32.0,15,14,4,2458
32.0,15,14,5,2465
32.0,15,14,6,2473
32.0,15,14,7,2481
32.0,15,14,8,2488
32.0,15,14,9,2496
32.0,15,14,10,2504
32.0,15,14,11,2511
32.0,15,14,12,2519
32.0,15,14,13,2526
32.0,15,14,14,2534
32.0,15,14,15,2541
32.0,15,15,0,2434
32.0,15,15,1,2442
32.0,15,15,2,2450
32.0,15,15,3,2457
32.0,15,15,4,2465
32.0,15,15,5,2473
32.0,15,15,6,2481
32.0,15,15,7,2488
32.0,15,15,8,2496
32.0,15,15,9,2504
32.0,15,15,10,2511
32.0,15,15,11,2519
32.0,15,15,12,2526
32.0,15,15,13,2534
32.0,15,15,14,2541
32.0,15,15,15,2549
32.5,0,0,0,2212
32.5,0,0,1,2219
32.5,0,0,2,2226
32.5,0,0,3,2233
32.5,0,0,4,2240
32.5,0,0,5,2247
32.5,0,0,6,2254
32.5,0,0,7,2261
32.5,0,0,8,2268
32.5,0,0,9,2275
32.5,0,0,10,2282
32.5,0,0,11,2289
32.5,0,0,12,2296
32.5,0,0,13,2302
32.5,0,0,14,2309
32.5,0,0,15,2316
32.5,0,1,0,2219
32.5,0,1,1,2226
32.5,0,1,2,2233
32.5,0,1,3,2240
32.5,0,1,4,2247
32.5,0,1,5,2254
32.5,0,1,6,2261
32.5,0,1,7,2268
32.5,0,1,8,2275
32.5,0,1,9,2282
32.5,0,1,10,2289
32.5,0,1,11,2296
32.5,0,1,12,2303
32.5,0,1,13,2310
32.5,0,1,14,2317
32.5,0,1,15,2324
32.5,0,2,0,2226
32.5,0,2,1,2233
32.5,0,2,2,2241
32.5,0,2,3,2248
32.5,0,2,4,2255
32.5,0,2,5,2262
32.5,0,2,6,2269
32.5,0,2,7,2276
32.5,0,2,8,2283
32.5,0,2,9,2290
32.5,0,2,10,2297
32.5,0,2,11,2304
32.5,0,2,12,2311
32.5,0,2,13,2318
32.5,0,2,14,2325
32.5,0,2,15,2332
32.5,0,3,0,2234
32.5,0,3,1,2241
32.5,0,3,2,2248
32.5,0,3,3,2255
32.5,0,3,4,2262
32.5,0,3,5,2269
32.5,0,3,6,2276
32.5,0,3,7,2284
32.5,0,3,8,2291
32.5,0,3,9,2298
32.5,0,3,10,2305
32.5,0,3,11,2312
32.5,0,3,12,2319
32.5,0,3,13,2325
32.5,0,3,14,2332
32.5,0,3,15,2339
32.5,0,4,0,2241
32.5,0,4,1,2248
32.5,0,4,2,2255
32.5,0,4,3,2263
32.5,0,4,4,2270
32.5,0,4,5,2277
32.5,0,4,6,2284
32.5,0,4,7,2291
32.5,0,4,8,2298
32.5,0,4,9,2305
32.5,0,4,10,2312
32.5,0,4,11,2319
32.5,0,4,12,2326
32.5,0,4,13,2333
32.5,0,4,14,2340
32.5,0,4,15,2347
32.5,0,5,0,2248
32.5,0,5,1,2256
32.5,0,5,2,2263
32.5,0,5,3,2270
32.5,0,5,4,2277
32.5,0,5,5,2284
32.5,0,5,6,2291
32.5,0,5,7,2299
32.5,0,5,8,2306
32.5,0,5,9,2313
32.5,0,5,10,2320
32.5,0,5,11,2327
32.5,0,5,12,2334
32.5,0,5,13,2341
32.5,0,5,14,2348
32.5,0,5,15,2355
32.5,0,6,0,2256
32.5,0,6,1,2263
32.5,0,6,2,2270
32.5,0,6,3,2277
32.5,0,6,4,2285
32.5,0,6,5,2292
32.5,0,6,6,2299
32.5,0,6,7,2306
32.5,0,6,8,2313
32.5,0,6,9,2320
32.5,0,6,10,2327
32.5,0,6,11,2334
32.5,0,6,12,2341
32.5,0,6,13,2348
32.5,0,6,14,2355
32.5,0,6,15,2362
32.5,0,7,0,2263
32.5,0,7,1,2270
32.5,0,7,2,2277
32.5,0,7,3,2285
32.5,0,7,4,2292
32.5,0,7,5,2299
32.5,0,7,6,2306
32.5,0,7,7,2313
32.5,0,7,8,2321
32.5,0,7,9,2328
32.5,0,7,10,2335
32.5,0,7,11,2342
32.5,0,7,12,2349
32.5,0,7,13,2356
32.5,0,7,14,2363
32.5,0,7,15,2370
32.5,0,8,0,2270
32.5,0,8,1,2277
32.5,0,8,2,2285
32.5,0,8,3,2292
32.5,0,8,4,2299
32.5,0,8,5,2306
32.5,0,8,6,2314
32.5,0,8,7,2321
32.5,0,8,8,2328
32.5,0,8,9,2335
32.5,0,8,10,2342
32.5,0,8,11,2349
32.5,0,8,12,2356
32.5,0,8,13,2363
32.5,0,8,14,2370
32.5,0,8,15,2377
32.5,0,9,0,2277
32.5,0,9,1,2285
32.5,0,9,2,2292
32.5,0,9,3,2299
32.5,0,9,4,2307
32.5,0,9,5,2314
32.5,0,9,6,2321
32.5,0,9,7,2328
32.5,0,9,8,2335
32.5,0,9,9,2343
32.5,0,9,10,2350
32.5,0,9,11,2357
32.5,0,9,12,2364
32.5,0,9,13,2371
32.5,0,9,14,2378
32.5,0,9,15,2385
32.5,0,10,0,2285
32.5,0,10,1,2292
32.5,0,10,2,2299
32.5,0,10,3,2307
32.5,0,10,4,2314
32.5,0,10,5,2321
32.5,0,10,6,2328
32.5,0,10,7,2336
32.5,0,10,8,2343
32.5,0,10,9,2350
32.5,0,10,10,2357
32.5,0,10,11,2364
32.5,0,10,12,2371
32.5,0,10,13,2378
32.5,0,10,14,2385
32.5,0,10,15,2393
32.5,0,11,0,2292
32.5,0,11,1,2299
32.5,0,11,2,2306
32.5,0,11,3,2314
32.5,0,11,4,2321
32.5,0,11,5,2328
32.5,0,11,6,2336
32.5,0,11,7,2343
32.5,0,11,8,2350
32.5,0,11,9,2357
32.5,0,11,10,2364
32.5,0,11,11,2372
32.5,0,11,12,2379
32.5,0,11,13,2386
32.5,0,11,14,2393
32.5,0,11,15,2400
32.5,0,12,0,2299
32.5,0,12,1,2306
32.5,0,12,2,2314
32.5,0,12,3,2321
32.5,0,12,4,2328
32.5,0,12,5,2336
32.5,0,12,6,2343
32.5,0,12,7,2350
32.5,0,12,8,2357
32.5,0,12,9,2365
32.5,0,12,10,2372
32.5,0,12,11,2379
32.5,0,12,12,2386
32.5,0,12,13,2393
32.5,0,12,14,2400
32.5,0,12,15,2408
32.5,0,13,0,2306
32.5,0,13,1,2313
32.5,0,13,2,2321
32.5,0,13,3,2328
32.5,0,13,4,2336
32.5,0,13,5,2343
32.5,0,13,6,2350
32.5,0,13,7,2357
32.5,0,13,8,2365
32.5,0,13,9,2372
32.5,0,13,10,2379
32.5,0,13,11,2386
32.5,0,13,12,2394
32.5,0,13,13,2401
32.5,0,13,14,2408
32.5,0,13,15,2415
32.5,0,14,0,2313
32.5,0,14,1,2321
32.5,0,14,2,2328
32.5,0,14,3,2335
32.5,0,14,4,2343
32.5,0,14,5,2350
32.5,0,14,6,2357
32.5,0,14,7,2365
32.5,0,14,8,2372
32.5,0,14,9,2379
32.5,0,14,10,2387
32.5,0,14,11,2394
32.5,0,14,12,2401
32.5,0,14,13,2408
32.5,0,14,14,2415
32.5,0,14,15,2422
32.5,0,15,0,2320
32.5,0,15,1,2328
32.5,0,15,2,2335
32.5,0,15,3,2343
32.5,0,15,4,2350
32.5,0,15,5,2357
32.5,0,15,6,2365
32.5,0,15,7,2372
32.5,0,15,8,2379
32.5,0,15,9,2387
32.5,0,15,10,2394
32.5,0,15,11,2401
32.5,0,15,12,2408
32.5,0,15,13,2416
32.5,0,15,14,2423
32.5,0,15,15,2430
32.5,1,0,0,2220
32.5,1,0,1,2227
32.5,1,0,2,2234
32.5,1,0,3,2241
32.5,1,0,4,2248
32.5,1,0,5,2256
32.5,1,0,6,2263
32.5,1,0,7,2270
32.5,1,0,8,2277
32.5,1,0,9,2284
32.5,1,0,10,2290
32.5,1,0,11,2297
32.5,1,0,12,2304
32.5,1,0,13,2311
32.5,1,0,14,2318
32.5,1,0,15,2325
32.5,1,1,0,2227
32.5,1,1,1,2235
32.5,1,1,2,2242
32.5,1,1,3,2249
32.5,1,1,4,2256
32.5,1,1,5,2263
32.5,1,1,6,2270
32.5,1,1,7,2277
32.5,1,1,8,2284
32.5,1,1,9,2291
32.5,1,1,10,2298
32.5,1,1,11,2305
32.5,1,1,12,2312
32.5,1,1,13,2319
32.5,1,1,14,2326
32.5,1,1,15,2333
32.5,1,2,0,2235
32.5,1,2,1,2242
32.5,1,2,2,2249
32.5,1,2,3,2256
32.5,1,2,4,2263
32.5,1,2,5,2271
32.5,1,2,6,2278
32.5,1,2,7,2285
32.5,1,2,8,2292
32.5,1,2,9,2299
32.5,1,2,10,2306
32.5,1,2,11,2313
32.5,1,2,12,2320
32.5,1,2,13,2327
32.5,1,2,14,2334
32.5,1,2,15,2340
32.5,1,3,0,2242
32.5,1,3,1,2249
32.5,1,3,2,2257
32.5,1,3,3,2264
32.5,1,3,4,2271
32.5,1,3,5,2278
32.5,1,3,6,2285
32.5,1,3,7,2292
32.5,1,3,8,2299
32.5,1,3,9,2306
32.5,1,3,10,2313
32.5,1,3,11,2320
32.5,1,3,12,2327
32.5,1,3,13,2334
32.5,1,3,14,2341
32.5,1,3,15,2348
32.5,1,4,0,2250
32.5,1,4,1,2257
32.5,1,4,2,2264
32.5,1,4,3,2271
32.5,1,4,4,2278
32.5,1,4,5,2286
32.5,1,4,6,2293
32.5,1,4,7,2300
32.5,1,4,8,2307
32.5,1,4,9,2314
32.5,1,4,10,2321
32.5,1,4,11,2328
32.5,1,4,12,2335
32.5,1,4,13,2342
32.5,1,4,14,2349
32.5,1,4,15,2356
32.5,1,5,0,2257
32.5,1,5,1,2264
32.5,1,5,2,2271
32.5,1,5,3,2279
32.5,1,5,4,2286
32.5,1,5,5,2293
32.5,1,5,6,2300
32.5,1,5,7,2307
32.5,1,5,8,2314
32.5,1,5,9,2322
32.5,1,5,10,2329
32.5,1,5,11,2336
32.5,1,5,12,2343
32.5,1,5,13,2350
32.5,1,5,14,2357
32.5,1,5,15,2364
32.5,1,6,0,2264
32.5,1,6,1,2272
32.5,1,6,2,2279
32.5,1,6,3,2286
32.5,1,6,4,2293
32.5,1,6,5,2300
32.5,1,6,6,2308
32.5,1,6,7,2315
32.5,1,6,8,2322
32.5,1,6,9,2329
32.5,1,6,10,2336
32.5,1,6,11,2343
32.5,1,6,12,2350
32.5,1,6,13,2357
32.5,1,6,14,2364
32.5,1,6,15,2371
32.5,1,7,0,2272
32.5,1,7,1,2279
32.5,1,7,2,2286
32.5,1,7,3,2293
32.5,1,7,4,2301
32.5,1,7,5,2308
32.5,1,7,6,2315
32.5,1,7,7,2322
32.5,1,7,8,2329
32.5,1,7,9,2337
32.5,1,7,10,2344
32.5,1,7,11,2351
32.5,1,7,12,2358
32.5,1,7,13,2365
32.5,1,7,14,2372
32.5,1,7,15,2379
32.5,1,8,0,2279
32.5,1,8,1,2286
32.5,1,8,2,2293
32.5,1,8,3,2301
32.5,1,8,4,2308
32.5,1,8,5,2315
32.5,1,8,6,2323
32.5,1,8,7,2330
32.5,1,8,8,2337
32.5,1,8,9,2344
32.5,1,8,10,2351
32.5,1,8,11,2358
32.5,1,8,12,2365
32.5,1,8,13,2372
32.5,1,8,14,2380
32.5,1,8,15,2387
32.5,1,9,0,2286
32.5,1,9,1,2293
32.5,1,9,2,2301
32.5,1,9,3,2308
32.5,1,9,4,2315
32.5,1,9,5,2323
32.5,1,9,6,2330
32.5,1,9,7,2337
32.5,1,9,8,2344
32.5,1,9,9,2352
32.5,1,9,10,2359
32.5,1,9,11,2366
32.5,1,9,12,2373
32.5,1,9,13,2380
32.5,1,9,14,2387
32.5,1,9,15,2394
32.5,1,10,0,2293
32.5,1,10,1,2301
32.5,1,10,2,2308
32.5,1,10,3,2315
32.5,1,10,4,2323
32.5,1,10,5,2330
32.5,1,10,6,2337
32.5,1,10,7,2345
32.5,1,10,8,2352
32.5,1,10,9,2359
32.5,1,10,10,2366
32.5,1,10,11,2373
32.5,1,10,12,2380
32.5,1,10,13,2388
32.5,1,10,14,2395
32.5,1,10,15,2402
32.5,1,11,0,2300
32.5,1,11,1,2308
32.5,1,11,2,2315
32.5,1,11,3,2323
32.5,1,11,4,2330
32.5,1,11,5,2337
32.5,1,11,6,2345
32.5,1,11,7,2352
32.5,1,11,8,2359
32.5,1,11,9,2366
32.5,1,11,10,2374
32.5,1,11,11,2381
32.5,1,11,12,2388
32.5,1,11,13,2395
32.5,1,11,14,2402
32.5,1,11,15,2409
32.5,1,12,0,2308
32.5,1,12,1,2315
32.5,1,12,2,2323
32.5,1,12,3,2330
32.5,1,12,4,2337
32.5,1,12,5,2345
32.5,1,12,6,2352
32.5,1,12,7,2359
32.5,1,12,8,2366
32.5,1,12,9,2374
32.5,1,12,10,2381
32.5,1,12,11,2388
32.5,1,12,12,2395
32.5,1,12,13,2403
32.5,1,12,14,2410
32.5,1,12,15,2417
32.5,1,13,0,2315
32.5,1,13,1,2322
32.5,1,13,2,2330
32.5,1,13,3,2337
32.5,1,13,4,2345
32.5,1,13,5,2352
32.5,1,13,6,2359
32.5,1,13,7,2367
32.5,1,13,8,2374
32.5,1,13,9,2381
32.5,1,13,10,2388
32.5,1,13,11,2396
32.5,1,13,12,2403
32.5,1,13,13,2410
32.5,1,13,14,2417
32.5,1,13,15,2424
32.5,1,14,0,2322
32.5,1,14,1,2329
32.5,1,14,2,2337
32.5,1,14,3,2344
32.5,1,14,4,2352
32.5,1,14,5,2359
32.5,1,14,6,2366
32.5,1,14,7,2374
32.5,1,14,8,2381
32.5,1,14,9,2388
32.5,1,14,10,2396
32.5,1,14,11,2403
32.5,1,14,12,2410
32.5,1,14,13,2417
32.5,1,14,14,2425
32.5,1,14,15,2432
32.5,1,15,0,2329
32.5,1,15,1,2337
32.5,1,15,2,2344
32.5,1,15,3,2352
32.5,1,15,4,2359
32.5,1,15,5,2366
32.5,1,15,6,2374
32.5,1,15,7,2381
32.5,1,15,8,2388
32.5,1,15,9,2396
32.5,1,15,10,2403
32.5,1,15,11,2410
32.5,1,15,12,2418
32.5,1,15,13,2425
32.5,1,15,14,2432
32.5,1,15,15,2439
32.5,2,0,0,2228
32.5,2,0,1,2236
32.5,2,0,2,2243
32.5,2,0,3,2250
32.5,2,0,4,2257
32.5,2,0,5,2264
32.5,2,0,6,2271
32.5,2,0,7,2278
32.5,2,0,8,2285
32.5,2,0,9,2292
32.5,2,0,10,2299
32.5,2,0,11,2306
32.5,2,0,12,2313
32.5,2,0,13,2320
32.5,2,0,14,2327
32.5,2,0,15,2334
32.5,2,1,0,2236
32.5,2,1,1,2243
32.5,2,1,2,2250
32.5,2,1,3,2257
32.5,2,1,4,2265
32.5,2,1,5,2272
32.5,2,1,6,2279
32.5,2,1,7,2286
32.5,2,1,8,2293
32.5,2,1,9,2300
32.5,2,1,10,2307
32.5,2,1,11,2314
32.5,2,1,12,2321
32.5,2,1,13,2328
32.5,2,1,14,2335
32.5,2,1,15,2342
32.5,2,2,0,2243
32.5,2,2,1,2251
32.5,2,2,2,2258
32.5,2,2,3,2265
32.5,2,2,4,2272
32.5,2,2,5,2279
32.5,2,2,6,2286
32.5,2,2,7,2293
32.5,2,2,8,2301
32.5,2,2,9,2308
32.5,2,2,10,2315
32.5,2,2,11,2322
32.5,2,2,12,2329
32.5,2,2,13,2336
32.5,2,2,14,2343
32.5,2,2,15,2349
32.5,2,3,0,2251
32.5,2,3,1,2258
32.5,2,3,2,2265
32.5,2,3,3,2272
32.5,2,3,4,2280
32.5,2,3,5,2287
32.5,2,3,6,2294
32.5,2,3,7,2301
32.5,2,3,8,2308
32.5,2,3,9,2315
32.5,2,3,10,2322
32.5,2,3,11,2329
32.5,2,3,12,2336
32.5,2,3,13,2343
32.5,2,3,14,2350
32.5,2,3,15,2357
32.5,2,4,0,2258
32.5,2,4,1,2265
32.5,2,4,2,2273
32.5,2,4,3,2280
32.5,2,4,4,2287
32.5,2,4,5,2294
32.5,2,4,6,2301
32.5,2,4,7,2309
32.5,2,4,8,2316
32.5,2,4,9,2323
32.5,2,4,10,2330
32.5,2,4,11,2337
32.5,2,4,12,2344
32.5,2,4,13,2351
32.5,2,4,14,2358
32.5,2,4,15,2365
32.5,2,5,0,2266
32.5,2,5,1,2273
32.5,2,5,2,2280
32.5,2,5,3,2287
32.5,2,5,4,2295
32.5,2,5,5,2302
32.5,2,5,6,2309
32.5,2,5,7,2316
32.5,2,5,8,2323
32.5,2,5,9,2330
32.5,2,5,10,2338
32.5,2,5,11,2345
32.5,2,5,12,2352
32.5,2,5,13,2359
32.5,2,5,14,2366
32.5,2,5,15,2373
32.5,2,6,0,2273
32.5,2,6,1,2280
32.5,2,6,2,2288
32.5,2,6,3,2295
32.5,2,6,4,2302
32.5,2,6,5,2309
32.5,2,6,6,2316
32.5,2,6,7,2324
32.5,2,6,8,2331
32.5,2,6,9,2338
32.5,2,6,10,2345
32.5,2,6,11,2352
32.5,2,6,12,2359
32.5,2,6,13,2366
32.5,2,6,14,2373
32.5,2,6,15,2380
32.5,2,7,0,2280
32.5,2,7,1,2288
32.5,2,7,2,2295
32.5,2,7,3,2302
32.5,2,7,4,2309
32.5,2,7,5,2317
32.5,2,7,6,2324
32.5,2,7,7,2331
32.5,2,7,8,2338
32.5,2,7,9,2345
32.5,2,7,10,2353
32.5,2,7,11,2360
32.5,2,7,12,2367
32.5,2,7,13,2374
32.5,2,7,14,2381
32.5,2,7,15,2388
32.5,2,8,0,2288
32.5,2,8,1,2295
32.5,2,8,2,2302
32.5,2,8,3,2310
32.5,2,8,4,2317
32.5,2,8,5,2324
32.5,2,8,6,2331
32.5,2,8,7,2339
32.5,2,8,8,2346
32.5,2,8,9,2353
32.5,2,8,10,2360
32.5,2,8,11,2367
32.5,2,8,12,2374
32.5,2,8,13,2382
32.5,2,8,14,2389
32.5,2,8,15,2396
32.5,2,9,0,2295
32.5,2,9,1,2302
32.5,2,9,2,2310
32.5,2,9,3,2317
32.5,2,9,4,2324
32.5,2,9,5,2332
32.5,2,9,6,2339
32.5,2,9,7,2346
32.5,2,9,8,2353
32.5,2,9,9,2360
32.5,2,9,10,2368
32.5,2,9,11,2375
32.5,2,9,12,2382
32.5,2,9,13,2389
32.5,2,9,14,2396
32.5,2,9,15,2403
32.5,2,10,0,2302
32.5,2,10,1,2309
32.5,2,10,2,2317
32.5,2,10,3,2324
32.5,2,10,4,2332
32.5,2,10,5,2339
32.5,2,10,6,2346
32.5,2,10,7,2353
32.5,2,10,8,2361
32.5,2,10,9,2368
32.5,2,10,10,2375
32.5,2,10,11,2382
32.5,2,10,12,2390
32.5,2,10,13,2397
32.5,2,10,14,2404
32.5,2,10,15,2411
32.5,2,11,0,2309
32.5,2,11,1,2317
32.5,2,11,2,2324
32.5,2,11,3,2332
32.5,2,11,4,2339
32.5,2,11,5,2346
32.5,2,11,6,2354
32.5,2,11,7,2361
32.5,2,11,8,2368
32.5,2,11,9,2375
32.5,2,11,10,2383
32.5,2,11,11,2390
32.5,2,11,12,2397
32.5,2,11,13,2404
32.5,2,11,14,2411
32.5,2,11,15,2418
32.5,2,12,0,2316
32.5,2,12,1,2324
32.5,2,12,2,2331
32.5,2,12,3,2339
32.5,2,12,4,2346
32.5,2,12,5,2354
32.5,2,12,6,2361
32.5,2,12,7,2368
32.5,2,12,8,2376
32.5,2,12,9,2383
32.5,2,12,10,2390
32.5,2,12,11,2397
32.5,2,12,12,2404
32.5,2,12,13,2412
32.5,2,12,14,2419
32.5,2,12,15,2426
32.5,2,13,0,2324
32.5,2,13,1,2331
32.5,2,13,2,2339
32.5,2,13,3,2346
32.5,2,13,4,2353
32.5,2,13,5,2361
32.5,2,13,6,2368
32.5,2,13,7,2376
32.5,2,13,8,2383
32.5,2,13,9,2390
32.5,2,13,10,2397
32.5,2,13,11,2405
32.5,2,13,12,2412
32.5,2,13,13,2419
32.5,2,13,14,2426
32.5,2,13,15,2434
32.5,2,14,0,2331
32.5,2,14,1,2338
32.5,2,14,2,2346
32.5,2,14,3,2353
32.5,2,14,4,2361
32.5,2,14,5,2368
32.5,2,14,6,2376
32.5,2,14,7,2383
32.5,2,14,8,2390
32.5,2,14,9,2398
32.5,2,14,10,2405
32.5,2,14,11,2412
32.5,2,14,12,2419
32.5,2,14,13,2427
32.5,2,14,14,2434
32.5,2,14,15,2441
32.5,2,15,0,2338
32.5,2,15,1,2345
32.5,2,15,2,2353
32.5,2,15,3,2360
32.5,2,15,4,2368
32.5,2,15,5,2375
32.5,2,15,6,2383
32.5,2,15,7,2390
32.5,2,15,8,2398
32.5,2,15,9,2405
32.5,2,15,10,2412
32.5,2,15,11,2420
32.5,2,15,12,2427
32.5,2,15,13,2434
32.5,2,15,14,2441
32.5,2,15,15,2449
32.5,3,0,0,2237
32.5,3,0,1,2244
32.5,3,0,2,2251
32.5,3,0,3,2258
32.5,3,0,4,2266
32.5,3,0,5,2273
32.5,3,0,6,2280
32.5,3,0,7,2287
32.5,3,0,8,2294
32.5,3,0,9,2301
32.5,3,0,10,2308
32.5,3,0,11,2315
32.5,3,0,12,2322
32.5,3,0,13,2329
32.5,3,0,14,2336
32.5,3,0,15,2343
32.5,3,1,0,2244
32.5,3,1,1,2252
32.5,3,1,2,2259
32.5,3,1,3,2266
32.5,3,1,4,2273
32.5,3,1,5,2280
32.5,3,1,6,2287
32.5,3,1,7,2295
32.5,3,1,8,2302
32.5,3,1,9,2309
32.5,3,1,10,2316
32.5,3,1,11,2323
32.5,3,1,12,2330
32.5,3,1,13,2337
32.5,3,1,14,2344
32.5,3,1,15,2351
32.5,3,2,0,2252
32.5,3,2,1,2259
32.5,3,2,2,2266
32.5,3,2,3,2274
32.5,3,2,4,2281
32.5,3,2,5,2288
32.5,3,2,6,2295
32.5,3,2,7,2302
32.5,3,2,8,2309
32.5,3,2,9,2316
32.5,3,2,10,2323
32.5,3,2,11,2330
32.5,3,2,12,2337
32.5,3,2,13,2344
32.5,3,2,14,2351
32.5,3,2,15,2358
32.5,3,3,0,2259
32.5,3,3,1,2267
32.5,3,3,2,2274
32.5,3,3,3,2281
32.5,3,3,4,2288
32.5,3,3,5,2296
32.5,3,3,6,2303
32.5,3,3,7,2310
32.5,3,3,8,2317
32.5,3,3,9,2324
32.5,3,3,10,2331
32.5,3,3,11,2338
32.5,3,3,12,2345
32.5,3,3,13,2352
32.5,3,3,14,2359
32.5,3,3,15,2366
32.5,3,4,0,2267
32.5,3,4,1,2274
32.5,3,4,2,2281
32.5,3,4,3,2289
32.5,3,4,4,2296
32.5,3,4,5,2303
32.5,3,4,6,2310
32.5,3,4,7,2317
32.5,3,4,8,2325
32.5,3,4,9,2332
32.5,3,4,10,2339
32.5,3,4,11,2346
32.5,3,4,12,2353
32.5,3,4,13,2360
32.5,3,4,14,2367
32.5,3,4,15,2374
32.5,3,5,0,2274
32.5,3,5,1,2281
32.5,3,5,2,2289
32.5,3,5,3,2296
32.5,3,5,4,2303
32.5,3,5,5,2311
32.5,3,5,6,2318
32.5,3,5,7,2325
32.5,3,5,8,2332
32.5,3,5,9,2339
32.5,3,5,10,2346
32.5,3,5,11,2353
32.5,3,5,12,2361
32.5,3,5,13,2368
32.5,3,5,14,2375
32.5,3,5,15,2382
32.5,3,6,0,2282
32.5,3,6,1,2289
32.5,3,6,2,2296
32.5,3,6,3,2304
32.5,3,6,4,2311
32.5,3,6,5,2318
32.5,3,6,6,2325
32.5,3,6,7,2332
32.5,3,6,8,2340
32.5,3,6,9,2347
32.5,3,6,10,2354
32.5,3,6,11,2361
32.5,3,6,12,2368
32.5,3,6,13,2375
32.5,3,6,14,2382
32.5,3,6,15,2389
32.5,3,7,0,2289
32.5,3,7,1,2296
32.5,3,7,2,2304
32.5,3,7,3,2311
32.5,3,7,4,2318
32.5,3,7,5,2326
32.5,3,7,6,2333
32.5,3,7,7,2340
32.5,3,7,8,2347
32.5,3,7,9,2354
32.5,3,7,10,2362
32.5,3,7,11,2369
32.5,3,7,12,2376
32.5,3,7,13,2383
32.5,3,7,14,2390
32.5,3,7,15,2397
32.5,3,8,0,2296
32.5,3,8,1,2304
32.5,3,8,2,2311
32.5,3,8,3,2318
32.5,3,8,4,2326
32.5,3,8,5,2333
32.5,3,8,6,2340
32.5,3,8,7,2347
32.5,3,8,8,2355
32.5,3,8,9,2362
32.5,3,8,10,2369
32.5,3,8,11,2376
32.5,3,8,12,2383
32.5,3,8,13,2391
32.5,3,8,14,2398
32.5,3,8,15,2405
32.5,3,9,0,2304
32.5,3,9,1,2311
32.5,3,9,2,2318
32.5,3,9,3,2326
32.5,3,9,4,2333
32.5,3,9,5,2340
32.5,3,9,6,2348
32.5,3,9,7,2355
32.5,3,9,8,2362
32.5,3,9,9,2369
32.5,3,9,10,2377
32.5,3,9,11,2384
32.5,3,9,12,2391
32.5,3,9,13,2398
32.5,3,9,14,2405
32.5,3,9,15,2412
32.5,3,10,0,2311
32.5,3,10,1,2318
32.5,3,10,2,2326
32.5,3,10,3,2333
32.5,3,10,4,2340
32.5,3,10,5,2348
32.5,3,10,6,2355
32.5,3,10,7,2362
32.5,3,10,8,2370
32.5,3,10,9,2377
32.5,3,10,10,2384
32.5,3,10,11,2391
32.5,3,10,12,2399
32.5,3,10,13,2406
32.5,3,10,14,2413
32.5,3,10,15,2420
32.5,3,11,0,2318
32.5,3,11,1,2326
32.5,3,11,2,2333
32.5,3,11,3,2340
32.5,3,11,4,2348
32.5,3,11,5,2355
32.5,3,11,6,2362
32.5,3,11,7,2370
32.5,3,11,8,2377
32.5,3,11,9,2384
32.5,3,11,10,2392
32.5,3,11,11,2399
32.5,3,11,12,2406
32.5,3,11,13,2413
32.5,3,11,14,2420
32.5,3,11,15,2428
32.5,3,12,0,2325
32.5,3,12,1,2333
32.5,3,12,2,2340
32.5,3,12,3,2348
32.5,3,12,4,2355
32.5,3,12,5,2362
32.5,3,12,6,2370
32.5,3,12,7,2377
32.5,3,12,8,2385
32.5,3,12,9,2392
32.5,3,12,10,2399
32.5,3,12,11,2406
32.5,3,12,12,2414
32.5,3,12,13,2421
32.5,3,12,14,2428
32.5,3,12,15,2435
32.5,3,13,0,2332
32.5,3,13,1,2340
32.5,3,13,2,2347
32.5,3,13,3,2355
32.5,3,13,4,2362
32.5,3,13,5,2370
32.5,3,13,6,2377
32.5,3,13,7,2385
32.5,3,13,8,2392
32.5,3,13,9,2399
32.5,3,13,10,2407
32.5,3,13,11,2414
32.5,3,13,12,2421
32.5,3,13,13,2428
32.5,3,13,14,2436
32.5,3,13,15,2443
32.5,3,14,0,2340
32.5,3,14,1,2347
32.5,3,14,2,2355
32.5,3,14,3,2362
32.5,3,14,4,2370
32.5,3,14,5,2377
32.5,3,14,6,2385
32.5,3,14,7,2392
32.5,3,14,8,2399
32.5,3,14,9,2407
32.5,3,14,10,2414
32.5,3,14,11,2421
32.5,3,14,12,2429
32.5,3,14,13,2436
32.5,3,14,14,2443
32.5,3,14,15,2450
32.5,3,15,0,2347
32.5,3,15,1,2354
32.5,3,15,2,2362
32.5,3,15,3,2369
32.5,3,15,4,2377
32.5,3,15,5,2384
32.5,3,15,6,2392
32.5,3,15,7,2399
32.5,3,15,8,2407
32.5,3,15,9,2414
32.5,3,15,10,2421
32.5,3,15,11,2429
32.5,3,15,12,2436
32.5,3,15,13,2443
32.5,3,15,14,2451
32.5,3,15,15,2458
32.5,4,0,0,2245
32.5,4,0,1,2253
32.5,4,0,2,2260
32.5,4,0,3,2267
32.5,4,0,4,2274
32.5,4,0,5,2281
32.5,4,0,6,2288
32.5,4,0,7,2296
32.5,4,0,8,2303
32.5,4,0,9,2310
32.5,4,0,10,2317
32.5,4,0,11,2324
32.5,4,0,12,2331
32.5,4,0,13,2338
32.5,4,0,14,2345
32.5,4,0,15,2352
32.5,4,1,0,2253
32.5,4,1,1,2260
32.5,4,1,2,2267
32.5,4,1,3,2275
32.5,4,1,4,2282
32.5,4,1,5,2289
32.5,4,1,6,2296
32.5,4,1,7,2303
32.5,4,1,8,2310
32.5,4,1,9,2317
32.5,4,1,10,2324
32.5,4,1,11,2332
32.5,4,1,12,2339
32.5,4,1,13,2346
32.5,4,1,14,2352
32.5,4,1,15,2359
32.5,4,2,0,2260
32.5,4,2,1,2268
32.5,4,2,2,2275
32.5,4,2,3,2282
32.5,4,2,4,2289
32.5,4,2,5,2297
32.5,4,2,6,2304
32.5,4,2,7,2311
32.5,4,2,8,2318
32.5,4,2,9,2325
32.5,4,2,10,2332
32.5,4,2,11,2339
32.5,4,2,12,2346
32.5,4,2,13,2353
32.5,4,2,14,2360
32.5,4,2,15,2367
32.5,4,3,0,2268
32.5,4,3,1,2275
32.5,4,3,2,2282
32.5,4,3,3,2290
32.5,4,3,4,2297
32.5,4,3,5,2304
32.5,4,3,6,2311
32.5,4,3,7,2319
32.5,4,3,8,2326
32.5,4,3,9,2333
32.5,4,3,10,2340
32.5,4,3,11,2347
32.5,4,3,12,2354
32.5,4,3,13,2361
32.5,4,3,14,2368
32.5,4,3,15,2375
32.5,4,4,0,2275
32.5,4,4,1,2283
32.5,4,4,2,2290
32.5,4,4,3,2297
32.5,4,4,4,2305
32.5,4,4,5,2312
32.5,4,4,6,2319
32.5,4,4,7,2326
32.5,4,4,8,2333
32.5,4,4,9,2340
32.5,4,4,10,2348
32.5,4,4,11,2355
32.5,4,4,12,2362
32.5,4,4,13,2369
32.5,4,4,14,2376
32.5,4,4,15,2383
32.5,4,5,0,2283
32.5,4,5,1,2290
32.5,4,5,2,2297
32.5,4,5,3,2305
32.5,4,5,4,2312
32.5,4,5,5,2319
32.5,4,5,6,2327
32.5,4,5,7,2334
32.5,4,5,8,2341
32.5,4,5,9,2348
32.5,4,5,10,2355
32.5,4,5,11,2362
32.5,4,5,12,2370
32.5,4,5,13,2377
32.5,4,5,14,2384
32.5,4,5,15,2391
32.5,4,6,0,2290
32.5,4,6,1,2298
32.5,4,6,2,2305
32.5,4,6,3,2312
32.5,4,6,4,2320
32.5,4,6,5,2327
32.5,4,6,6,2334
32.5,4,6,7,2341
32.5,4,6,8,2349
32.5,4,6,9,2356
32.5,4,6,10,2363
32.5,4,6,11,2370
32.5,4,6,12,2377
32.5,4,6,13,2384
32.5,4,6,14,2391
32.5,4,6,15,2398
32.5,4,7,0,2298
32.5,4,7,1,2305
32.5,4,7,2,2312
32.5,4,7,3,2320
32.5,4,7,4,2327
32.5,4,7,5,2334
32.5,4,7,6,2342
32.5,4,7,7,2349
32.5,4,7,8,2356
32.5,4,7,9,2363
32.5,4,7,10,2371
32.5,4,7,11,2378
32.5,4,7,12,2385
32.5,4,7,13,2392
32.5,4,7,14,2399
32.5,4,7,15,2406
32.5,4,8,0,2305
32.5,4,8,1,2312
32.5,4,8,2,2320
32.5,4,8,3,2327
32.5,4,8,4,2334
32.5,4,8,5,2342
32.5,4,8,6,2349
32.5,4,8,7,2356
32.5,4,8,8,2364
32.5,4,8,9,2371
32.5,4,8,10,2378
32.5,4,8,11,2385
32.5,4,8,12,2392
32.5,4,8,13,2400
32.5,4,8,14,2407
32.5,4,8,15,2414
32.5,4,9,0,2312
32.5,4,9,1,2320
32.5,4,9,2,2327
32.5,4,9,3,2335
32.5,4,9,4,2342
32.5,4,9,5,2349
32.5,4,9,6,2357
32.5,4,9,7,2364
32.5,4,9,8,2371
32.5,4,9,9,2378
32.5,4,9,10,2386
32.5,4,9,11,2393
32.5,4,9,12,2400
32.5,4,9,13,2407
32.5,4,9,14,2414
32.5,4,9,15,2422
32.5,4,10,0,2320
32.5,4,10,1,2327
32.5,4,10,2,2334
32.5,4,10,3,2342
32.5,4,10,4,2349
32.5,4,10,5,2357
32.5,4,10,6,2364
32.5,4,10,7,2371
32.5,4,10,8,2379
32.5,4,10,9,2386
32.5,4,10,10,2393
32.5,4,10,11,2400
32.5,4,10,12,2408
32.5,4,10,13,2415
32.5,4,10,14,2422
32.5,4,10,15,2429
32.5,4,11,0,2327
32.5,4,11,1,2334
32.5,4,11,2,2342
32.5,4,11,3,2349
32.5,4,11,4,2357
32.5,4,11,5,2364
32.5,4,11,6,2371
32.5,4,11,7,2379
32.5,4,11,8,2386
32.5,4,11,9,2393
32.5,4,11,10,2401
32.5,4,11,11,2408
32.5,4,11,12,2415
32.5,4,11,13,2422
32.5,4,11,14,2430
32.5,4,11,15,2437
32.5,4,12,0,2334
32.5,4,12,1,2342
32.5,4,12,2,2349
32.5,4,12,3,2357
32.5,4,12,4,2364
32.5,4,12,5,2371
32.5,4,12,6,2379
32.5,4,12,7,2386
32.5,4,12,8,2394
32.5,4,12,9,2401
32.5,4,12,10,2408
32.5,4,12,11,2416
32.5,4,12,12,2423
32.5,4,12,13,2430
32.5,4,12,14,2437
32.5,4,12,15,2444
32.5,4,13,0,2341
32.5,4,13,1,2349
32.5,4,13,2,2356
32.5,4,13,3,2364
32.5,4,13,4,2371
32.5,4,13,5,2379
32.5,4,13,6,2386
32.5,4,13,7,2394
32.5,4,13,8,2401
32.5,4,13,9,2408
32.5,4,13,10,2416
32.5,4,13,11,2423
32.5,4,13,12,2430
32.5,4,13,13,2438
32.5,4,13,14,2445
32.5,4,13,15,2452
32.5,4,14,0,2349
32.5,4,14,1,2356
32.5,4,14,2,2364
32.5,4,14,3,2371
32.5,4,14,4,2379
32.5,4,14,5,2386
32.5,4,14,6,2394
32.5,4,14,7,2401
32.5,4,14,8,2408
32.5,4,14,9,2416
32.5,4,14,10,2423
32.5,4,14,11,2430
32.5,4,14,12,2438
32.5,4,14,13,2445
32.5,4,14,14,2452
32.5,4,14,15,2460
32.5,4,15,0,2356
32.5,4,15,1,2363
32.5,4,15,2,2371
32.5,4,15,3,2378
32.5,4,15,4,2386
32.5,4,15,5,2393
32.5,4,15,6,2401
32.5,4,15,7,2408
32.5,4,15,8,2416
32.5,4,15,9,2423
32.5,4,15,10,2431
32.5,4,15,11,2438
32.5,4,15,12,2445
32.5,4,15,13,2453
32.5,4,15,14,2460
32.5,4,15,15,2467
32.5,5,0,0,2254
32.5,5,0,1,2261
32.5,5,0,2,2268
32.5,5,0,3,2276
32.5,5,0,4,2283
32.5,5,0,5,2290
32.5,5,0,6,2297
32.5,5,0,7,2304
32.5,5,0,8,2311
32.5,5,0,9,2318
32.5,5,0,10,2325
32.5,5,0,11,2333
32.5,5,0,12,2340
32.5,5,0,13,2347
32.5,5,0,14,2353
32.5,5,0,15,2360
32.5,5,1,0,2261
32.5,5,1,1,2269
32.5,5,1,2,2276
32.5,5,1,3,2283
32.5,5,1,4,2290
32.5,5,1,5,2298
32.5,5,1,6,2305
32.5,5,1,7,2312
32.5,5,1,8,2319
32.5,5,1,9,2326
32.5,5,1,10,2333
32.5,5,1,11,2340
32.5,5,1,12,2347
32.5,5,1,13,2354
32.5,5,1,14,2361
32.5,5,1,15,2368
32.5,5,2,0,2269
32.5,5,2,1,2276
32.5,5,2,2,2284
32.5,5,2,3,2291
32.5,5,2,4,2298
32.5,5,2,5,2305
32.5,5,2,6,2312
32.5,5,2,7,2320
32.5,5,2,8,2327
32.5,5,2,9,2334
32.5,5,2,10,2341
32.5,5,2,11,2348
32.5,5,2,12,2355
32.5,5,2,13,2362
32.5,5,2,14,2369
32.5,5,2,15,2376
32.5,5,3,0,2276
32.5,5,3,1,2284
32.5,5,3,2,2291
32.5,5,3,3,2298
32.5,5,3,4,2306
32.5,5,3,5,2313
32.5,5,3,6,2320
32.5,5,3,7,2327
32.5,5,3,8,2334
32.5,5,3,9,2342
32.5,5,3,10,2349
32.5,5,3,11,2356
32.5,5,3,12,2363
32.5,5,3,13,2370
32.5,5,3,14,2377
32.5,5,3,15,2384
32.5,5,4,0,2284
32.5,5,4,1,2291
32.5,5,4,2,2299
32.5,5,4,3,2306
32.5,5,4,4,2313
32.5,5,4,5,2320
32.5,5,4,6,2328
32.5,5,4,7,2335
32.5,5,4,8,2342
32.5,5,4,9,2349
32.5,5,4,10,2356
32.5,5,4,11,2364
32.5,5,4,12,2371
32.5,5,4,13,2378
32.5,5,4,14,2385
32.5,5,4,15,2392
32.5,5,5,0,2291
32.5,5,5,1,2299
32.5,5,5,2,2306
32.5,5,5,3,2313
32.5,5,5,4,2321
32.5,5,5,5,2328
32.5,5,5,6,2335
32.5,5,5,7,2343
32.5,5,5,8,2350
32.5,5,5,9,2357
32.5,5,5,10,2364
32.5,5,5,11,2371
32.5,5,5,12,2378
32.5,5,5,13,2386
32.5,5,5,14,2393
32.5,5,5,15,2400
32.5,5,6,0,2299
32.5,5,6,1,2306
32.5,5,6,2,2314
32.5,5,6,3,2321
32.5,5,6,4,2328
32.5,5,6,5,2336
32.5,5,6,6,2343
32.5,5,6,7,2350
32.5,5,6,8,2357
32.5,5,6,9,2365
32.5,5,6,10,2372
32.5,5,6,11,2379
32.5,5,6,12,2386
32.5,5,6,13,2393
32.5,5,6,14,2400
32.5,5,6,15,2408
32.5,5,7,0,2306
32.5,5,7,1,2314
32.5,5,7,2,2321
32.5,5,7,3,2328
32.5,5,7,4,2336
32.5,5,7,5,2343
32.5,5,7,6,2350
32.5,5,7,7,2358
32.5,5,7,8,2365
32.5,5,7,9,2372
32.5,5,7,10,2379
32.5,5,7,11,2387
32.5,5,7,12,2394
32.5,5,7,13,2401
32.5,5,7,14,2408
32.5,5,7,15,2415
32.5,5,8,0,2314
32.5,5,8,1,2321
32.5,5,8,2,2328
32.5,5,8,3,2336
32.5,5,8,4,2343
32.5,5,8,5,2351
32.5,5,8,6,2358
32.5,5,8,7,2365
32.5,5,8,8,2373
32.5,5,8,9,2380
32.5,5,8,10,2387
32.5,5,8,11,2394
32.5,5,8,12,2402
32.5,5,8,13,2409
32.5,5,8,14,2416
32.5,5,8,15,2423
32.5,5,9,0,2321
32.5,5,9,1,2328
32.5,5,9,2,2336
32.5,5,9,3,2343
32.5,5,9,4,2351
32.5,5,9,5,2358
32.5,5,9,6,2365
32.5,5,9,7,2373
32.5,5,9,8,2380
32.5,5,9,9,2387
32.5,5,9,10,2395
32.5,5,9,11,2402
32.5,5,9,12,2409
32.5,5,9,13,2416
32.5,5,9,14,2424
32.5,5,9,15,2431
32.5,5,10,0,2328
32.5,5,10,1,2336
32.5,5,10,2,2343
32.5,5,10,3,2351
32.5,5,10,4,2358
32.5,5,10,5,2366
32.5,5,10,6,2373
32.5,5,10,7,2380
32.5,5,10,8,2388
32.5,5,10,9,2395
32.5,5,10,10,2402
32.5,5,10,11,2410
32.5,5,10,12,2417
32.5,5,10,13,2424
32.5,5,10,14,2431
32.5,5,10,15,2438
32.5,5,11,0,2336
32.5,5,11,1,2343
32.5,5,11,2,2351
32.5,5,11,3,2358
32.5,5,11,4,2366
32.5,5,11,5,2373
32.5,5,11,6,2380
32.5,5,11,7,2388
32.5,5,11,8,2395
32.5,5,11,9,2402
32.5,5,11,10,2410
32.5,5,11,11,2417
32.5,5,11,12,2424
32.5,5,11,13,2432
32.5,5,11,14,2439
32.5,5,11,15,2446
32.5,5,12,0,2343
32.5,5,12,1,2350
32.5,5,12,2,2358
32.5,5,12,3,2365
32.5,5,12,4,2373
32.5,5,12,5,2380
32.5,5,12,6,2388
32.5,5,12,7,2395
32.5,5,12,8,2403
32.5,5,12,9,2410
32.5,5,12,10,2417
32.5,5,12,11,2425
32.5,5,12,12,2432
32.5,5,12,13,2439
32.5,5,12,14,2446
32.5,5,12,15,2454
32.5,5,13,0,2350
32.5,5,13,1,2358
32.5,5,13,2,2365
32.5,5,13,3,2373
32.5,5,13,4,2380
32.5,5,13,5,2388
32.5,5,13,6,2395
32.5,5,13,7,2403
32.5,5,13,8,2410
32.5,5,13,9,2417
32.5,5,13,10,2425
32.5,5,13,11,2432
32.5,5,13,12,2439
32.5,5,13,13,2447
32.5,5,13,14,2454
32.5,5,13,15,2461
32.5,5,14,0,2357
32.5,5,14,1,2365
32.5,5,14,2,2373
32.5,5,14,3,2380
32.5,5,14,4,2388
32.5,5,14,5,2395
32.5,5,14,6,2403
32.5,5,14,7,2410
32.5,5,14,8,2417
32.5,5,14,9,2425
32.5,5,14,10,2432
32.5,5,14,11,2440
32.5,5,14,12,2447
32.5,5,14,13,2454
32.5,5,14,14,2462
32.5,5,14,15,2469
32.5,5,15,0,2365
32.5,5,15,1,2372
32.5,5,15,2,2380
32.5,5,15,3,2387
32.5,5,15,4,2395
32.5,5,15,5,2402
32.5,5,15,6,2410
32.5,5,15,7,2417
32.5,5,15,8,2425
32.5,5,15,9,2432
32.5,5,15,10,2440
32.5,5,15,11,2447
32.5,5,15,12,2454
32.5,5,15,13,2462
32.5,5,15,14,2469
32.5,5,15,15,2476
32.5,6,0,0,2262
32.5,6,0,1,2270
32.5,6,0,2,2277
32.5,6,0,3,2284
32.5,6,0,4,2291
32.5,6,0,5,2299
32.5,6,0,6,2306
32.5,6,0,7,2313
32.5,6,0,8,2320
32.5,6,0,9,2327
32.5,6,0,10,2334
32.5,6,0,11,2341
32.5,6,0,12,2348
32.5,6,0,13,2355
32.5,6,0,14,2362
32.5,6,0,15,2369
32.5,6,1,0,2270
32.5,6,1,1,2277
32.5,6,1,2,2285
32.5,6,1,3,2292
32.5,6,1,4,2299
32.5,6,1,5,2306
32.5,6,1,6,2313
32.5,6,1,7,2321
32.5,6,1,8,2328
32.5,6,1,9,2335
32.5,6,1,10,2342
32.5,6,1,11,2349
32.5,6,1,12,2356
32.5,6,1,13,2363
32.5,6,1,14,2370
32.5,6,1,15,2377
32.5,6,2,0,2277
32.5,6,2,1,2285
32.5,6,2,2,2292
32.5,6,2,3,2299
32.5,6,2,4,2307
32.5,6,2,5,2314
32.5,6,2,6,2321
32.5,6,2,7,2328
32.5,6,2,8,2336
32.5,6,2,9,2343
32.5,6,2,10,2350
32.5,6,2,11,2357
32.5,6,2,12,2364
32.5,6,2,13,2371
32.5,6,2,14,2378
32.5,6,2,15,2385
32.5,6,3,0,2285
32.5,6,3,1,2292
32.5,6,3,2,2300
32.5,6,3,3,2307
32.5,6,3,4,2314
32.5,6,3,5,2322
32.5,6,3,6,2329
32.5,6,3,7,2336
32.5,6,3,8,2343
32.5,6,3,9,2350
32.5,6,3,10,2358
32.5,6,3,11,2365
32.5,6,3,12,2372
32.5,6,3,13,2379
32.5,6,3,14,2386
32.5,6,3,15,2393
32.5,6,4,0,2293
32.5,6,4,1,2300
32.5,6,4,2,2307
32.5,6,4,3,2315
32.5,6,4,4,2322
32.5,6,4,5,2329
32.5,6,4,6,2336
32.5,6,4,7,2344
32.5,6,4,8,2351
32.5,6,4,9,2358
32.5,6,4,10,2365
32.5,6,4,11,2373
32.5,6,4,12,2380
32.5,6,4,13,2387
32.5,6,4,14,2394
32.5,6,4,15,2401
32.5,6,5,0,2300
32.5,6,5,1,2307
32.5,6,5,2,2315
32.5,6,5,3,2322
32.5,6,5,4,2330
32.5,6,5,5,2337
32.5,6,5,6,2344
32.5,6,5,7,2351
32.5,6,5,8,2359
32.5,6,5,9,2366
32.5,6,5,10,2373
32.5,6,5,11,2380
32.5,6,5,12,2387
32.5,6,5,13,2395
32.5,6,5,14,2402
32.5,6,5,15,2409
32.5,6,6,0,2307
32.5,6,6,1,2315
32.5,6,6,2,2322
32.5,6,6,3,2330
32.5,6,6,4,2337
32.5,6,6,5,2344
32.5,6,6,6,2352
32.5,6,6,7,2359
32.5,6,6,8,2366
32.5,6,6,9,2374
32.5,6,6,10,2381
32.5,6,6,11,2388
32.5,6,6,12,2395
32.5,6,6,13,2402
32.5,6,6,14,2409
32.5,6,6,15,2417
32.5,6,7,0,2315
32.5,6,7,1,2322
32.5,6,7,2,2330
32.5,6,7,3,2337
32.5,6,7,4,2345
32.5,6,7,5,2352
32.5,6,7,6,2359
32.5,6,7,7,2367
32.5,6,7,8,2374
32.5,6,7,9,2381
32.5,6,7,10,2388
32.5,6,7,11,2396
32.5,6,7,12,2403
32.5,6,7,13,2410
32.5,6,7,14,2417
32.5,6,7,15,2424
32.5,6,8,0,2322
32.5,6,8,1,2330
32.5,6,8,2,2337
32.5,6,8,3,2345
32.5,6,8,4,2352
32.5,6,8,5,2359
32.5,6,8,6,2367
32.5,6,8,7,2374
32.5,6,8,8,2381
32.5,6,8,9,2389
32.5,6,8,10,2396
32.5,6,8,11,2403
32.5,6,8,12,2411
32.5,6,8,13,2418
32.5,6,8,14,2425
32.5,6,8,15,2432
32.5,6,9,0,2330
32.5,6,9,1,2337
32.5,6,9,2,2345
32.5,6,9,3,2352
32.5,6,9,4,2360
32.5,6,9,5,2367
32.5,6,9,6,2374
32.5,6,9,7,2382
32.5,6,9,8,2389
32.5,6,9,9,2396
32.5,6,9,10,2404
32.5,6,9,11,2411
32.5,6,9,12,2418
32.5,6,9,13,2425
32.5,6,9,14,2433
32.5,6,9,15,2440
32.5,6,10,0,2337
32.5,6,10,1,2345
32.5,6,10,2,2352
32.5,6,10,3,2360
32.5,6,10,4,2367
32.5,6,10,5,2374
32.5,6,10,6,2382
32.5,6,10,7,2389
32.5,6,10,8,2397
32.5,6,10,9,2404
32.5,6,10,10,2411
32.5,6,10,11,2419
32.5,6,10,12,2426
32.5,6,10,13,2433
32.5,6,10,14,2440
32.5,6,10,15,2448
32.5,6,11,0,2344
32.5,6,11,1,2352
32.5,6,11,2,2359
32.5,6,11,3,2367
32.5,6,11,4,2374
32.5,6,11,5,2382
32.5,6,11,6,2389
32.5,6,11,7,2397
32.5,6,11,8,2404
32.5,6,11,9,2412
32.5,6,11,10,2419
32.5,6,11,11,2426
32.5,6,11,12,2433
32.5,6,11,13,2441
32.5,6,11,14,2448
32.5,6,11,15,2455
32.5,6,12,0,2352
32.5,6,12,1,2359
32.5,6,12,2,2367
32.5,6,12,3,2374
32.5,6,12,4,2382
32.5,6,12,5,2389
32.5,6,12,6,2397
32.5,6,12,7,2404
32.5,6,12,8,2412
32.5,6,12,9,2419
32.5,6,12,10,2426
32.5,6,12,11,2434
32.5,6,12,12,2441
32.5,6,12,13,2448
32.5,6,12,14,2456
32.5,6,12,15,2463
32.5,6,13,0,2359
32.5,6,13,1,2367
32.5,6,13,2,2374
32.5,6,13,3,2382
32.5,6,13,4,2389
32.5,6,13,5,2397
32.5,6,13,6,2404
32.5,6,13,7,2412
32.5,6,13,8,2419
32.5,6,13,9,2427
32.5,6,13,10,2434
32.5,6,13,11,2441
32.5,6,13,12,2449
32.5,6,13,13,2456
32.5,6,13,14,2463
32.5,6,13,15,2471
32.5,6,14,0,2366
32.5,6,14,1,2374
32.5,6,14,2,2381
32.5,6,14,3,2389
32.5,6,14,4,2397
32.5,6,14,5,2404
32.5,6,14,6,2412
32.5,6,14,7,2419
32.5,6,14,8,2427
32.5,6,14,9,2434
32.5,6,14,10,2441
32.5,6,14,11,2449
32.5,6,14,12,2456
32.5,6,14,13,2464
32.5,6,14,14,2471
32.5,6,14,15,2478
32.5,6,15,0,2374
32.5,6,15,1,2381
32.5,6,15,2,2389
32.5,6,15,3,2396
32.5,6,15,4,2404
32.5,6,15,5,2412
32.5,6,15,6,2419
32.5,6,15,7,2427
32.5,6,15,8,2434
32.5,6,15,9,2441
32.5,6,15,10,2449
32.5,6,15,11,2456
32.5,6,15,12,2464
32.5,6,15,13,2471
32.5,6,15,14,2478
32.5,6,15,15,2486
32.5,7,0,0,2271
32.5,7,0,1,2278
32.5,7,0,2,2285
32.5,7,0,3,2293
32.5,7,0,4,2300
32.5,7,0,5,2307
32.5,7,0,6,2314
32.5,7,0,7,2322
32.5,7,0,8,2329
32.5,7,0,9,2336
32.5,7,0,10,2343
32.5,7,0,11,2350
32.5,7,0,12,2357
32.5,7,0,13,2364
32.5,7,0,14,2371
32.5,7,0,15,2378
32.5,7,1,0,2278
32.5,7,1,1,2286
32.5,7,1,2,2293
32.5,7,1,3,2300
32.5,7,1,4,2308
32.5,7,1,5,2315
32.5,7,1,6,2322
32.5,7,1,7,2329
32.5,7,1,8,2337
32.5,7,1,9,2344
32.5,7,1,10,2351
32.5,7,1,11,2358
32.5,7,1,12,2365
32.5,7,1,13,2372
32.5,7,1,14,2379
32.5,7,1,15,2386
32.5,7,2,0,2286
32.5,7,2,1,2293
32.5,7,2,2,2301
32.5,7,2,3,2308
32.5,7,2,4,2315
32.5,7,2,5,2323
32.5,7,2,6,2330
32.5,7,2,7,2337
32.5,7,2,8,2344
32.5,7,2,9,2351
32.5,7,2,10,2359
32.5,7,2,11,2366
32.5,7,2,12,2373
32.5,7,2,13,2380
32.5,7,2,14,2387
32.5,7,2,15,2394
32.5,7,3,0,2294
32.5,7,3,1,2301
32.5,7,3,2,2308
32.5,7,3,3,2316
32.5,7,3,4,2323
32.5,7,3,5,2330
32.5,7,3,6,2338
32.5,7,3,7,2345
32.5,7,3,8,2352
32.5,7,3,9,2359
32.5,7,3,10,2366
32.5,7,3,11,2374
32.5,7,3,12,2381
32.5,7,3,13,2388
32.5,7,3,14,2395
32.5,7,3,15,2402
32.5,7,4,0,2301
32.5,7,4,1,2309
32.5,7,4,2,2316
32.5,7,4,3,2323
32.5,7,4,4,2331
32.5,7,4,5,2338
32.5,7,4,6,2345
32.5,7,4,7,2353
32.5,7,4,8,2360
32.5,7,4,9,2367
32.5,7,4,10,2374
32.5,7,4,11,2381
32.5,7,4,12,2389
32.5,7,4,13,2396
32.5,7,4,14,2403
32.5,7,4,15,2410
32.5,7,5,0,2309
32.5,7,5,1,2316
32.5,7,5,2,2323
32.5,7,5,3,2331
32.5,7,5,4,2338
32.5,7,5,5,2346
32.5,7,5,6,2353
32.5,7,5,7,2360
32.5,7,5,8,2367
32.5,7,5,9,2375
32.5,7,5,10,2382
32.5,7,5,11,2389
32.5,7,5,12,2396
32.5,7,5,13,2404
32.5,7,5,14,2411
32.5,7,5,15,2418
32.5,7,6,0,2316
32.5,7,6,1,2324
32.5,7,6,2,2331
32.5,7,6,3,2338
32.5,7,6,4,2346
32.5,7,6,5,2353
32.5,7,6,6,2361
32.5,7,6,7,2368
32.5,7,6,8,2375
32.5,7,6,9,2382
32.5,7,6,10,2390
32.5,7,6,11,2397
32.5,7,6,12,2404
32.5,7,6,13,2411
32.5,7,6,14,2418
32.5,7,6,15,2426
32.5,7,7,0,2324
32.5,7,7,1,2331
32.5,7,7,2,2339
32.5,7,7,3,2346
32.5,7,7,4,2353
32.5,7,7,5,2361
32.5,7,7,6,2368
32.5,7,7,7,2375
32.5,7,7,8,2383
32.5,7,7,9,2390
32.5,7,7,10,2397
32.5,7,7,11,2405
32.5,7,7,12,2412
32.5,7,7,13,2419
32.5,7,7,14,2426
32.5,7,7,15,2433
32.5,7,8,0,2331
32.5,7,8,1,2339
32.5,7,8,2,2346
32.5,7,8,3,2353
32.5,7,8,4,2361
32.5,7,8,5,2368
32.5,7,8,6,2376
32.5,7,8,7,2383
32.5,7,8,8,2390
32.5,7,8,9,2398
32.5,7,8,10,2405
32.5,7,8,11,2412
32.5,7,8,12,2420
32.5,7,8,13,2427
32.5,7,8,14,2434
32.5,7,8,15,2441
32.5,7,9,0,2338
32.5,7,9,1,2346
32.5,7,9,2,2353
32.5,7,9,3,2361
32.5,7,9,4,2368
32.5,7,9,5,2376
32.5,7,9,6,2383
32.5,7,9,7,2391
32.5,7,9,8,2398
32.5,7,9,9,2405
32.5,7,9,10,2413
32.5,7,9,11,2420
32.5,7,9,12,2427
32.5,7,9,13,2435
32.5,7,9,14,2442
32.5,7,9,15,2449
32.5,7,10,0,2346
32.5,7,10,1,2353
32.5,7,10,2,2361
32.5,7,10,3,2368
32.5,7,10,4,2376
32.5,7,10,5,2383
32.5,7,10,6,2391
32.5,7,10,7,2398
32.5,7,10,8,2406
32.5,7,10,9,2413
32.5,7,10,10,2420
32.5,7,10,11,2428
32.5,7,10,12,2435
32.5,7,10,13,2442
32.5,7,10,14,2449
32.5,7,10,15,2457
32.5,7,11,0,2353
32.5,7,11,1,2361
32.5,7,11,2,2368
32.5,7,11,3,2376
32.5,7,11,4,2383
32.5,7,11,5,2391
32.5,7,11,6,2398
32.5,7,11,7,2406
32.5,7,11,8,2413
32.5,7,11,9,2421
32.5,7,11,10,2428
32.5,7,11,11,2435
32.5,7,11,12,2443
32.5,7,11,13,2450
32.5,7,11,14,2457
32.5,7,11,15,2464
32.5,7,12,0,2361
32.5,7,12,1,2368
32.5,7,12,2,2376
32.5,7,12,3,2383
32.5,7,12,4,2391
32.5,7,12,5,2398
32.5,7,12,6,2406
32.5,7,12,7,2413
32.5,7,12,8,2421
32.5,7,12,9,2428
32.5,7,12,10,2435
32.5,7,12,11,2443
32.5,7,12,12,2450
32.5,7,12,13,2458
32.5,7,12,14,2465
32.5,7,12,15,2472
32.5,7,13,0,2368
32.5,7,13,1,2375
32.5,7,13,2,2383
32.5,7,13,3,2391
32.5,7,13,4,2398
32.5,7,13,5,2406
32.5,7,13,6,2413
32.5,7,13,7,2421
32.5,7,13,8,2428
32.5,7,13,9,2436
32.5,7,13,10,2443
32.5,7,13,11,2450
32.5,7,13,12,2458
32.5,7,13,13,2465
32.5,7,13,14,2472
32.5,7,13,15,2480
32.5,7,14,0,2375
32.5,7,14,1,2383
32.5,7,14,2,2390
32.5,7,14,3,2398
32.5,7,14,4,2406
32.5,7,14,5,2413
32.5,7,14,6,2421
32.5,7,14,7,2428
32.5,7,14,8,2436
32.5,7,14,9,2443
32.5,7,14,10,2451
32.5,7,14,11,2458
32.5,7,14,12,2465
32.5,7,14,13,2473
32.5,7,14,14,2480
32.5,7,14,15,2487
32.5,7,15,0,2382
32.5,7,15,1,2390
32.5,7,15,2,2398
32.5,7,15,3,2405
32.5,7,15,4,2413
32.5,7,15,5,2421
32.5,7,15,6,2428
32.5,7,15,7,2436
32.5,7,15,8,2443
32.5,7,15,9,2451
32.5,7,15,10,2458
32.5,7,15,11,2466
32.5,7,15,12,2473
32.5,7,15,13,2480
32.5,7,15,14,2488
32.5,7,15,15,2495
32.5,8,0,0,2279
32.5,8,0,1,2287
32.5,8,0,2,2294
32.5,8,0,3,2301
32.5,8,0,4,2309
32.5,8,0,5,2316
32.5,8,0,6,2323
32.5,8,0,7,2330
32.5,8,0,8,2337
32.5,8,0,9,2345
32.5,8,0,10,2352
32.5,8,0,11,2359
32.5,8,0,12,2366
32.5,8,0,13,2373
32.5,8,0,14,2380
32.5,8,0,15,2387
32.5,8,1,0,2287
32.5,8,1,1,2294
32.5,8,1,2,2302
32.5,8,1,3,2309
32.5,8,1,4,2316
32.5,8,1,5,2324
32.5,8,1,6,2331
32.5,8,1,7,2338
32.5,8,1,8,2345
32.5,8,1,9,2352
32.5,8,1,10,2360
32.5,8,1,11,2367
32.5,8,1,12,2374
32.5,8,1,13,2381
32.5,8,1,14,2388
32.5,8,1,15,2395
32.5,8,2,0,2295
32.5,8,2,1,2302
32.5,8,2,2,2309
32.5,8,2,3,2317
32.5,8,2,4,2324
32.5,8,2,5,2331
32.5,8,2,6,2339
32.5,8,2,7,2346
32.5,8,2,8,2353
32.5,8,2,9,2360
32.5,8,2,10,2367
32.5,8,2,11,2375
32.5,8,2,12,2382
32.5,8,2,13,2389
32.5,8,2,14,2396
32.5,8,2,15,2403
32.5,8,3,0,2302
32.5,8,3,1,2310
32.5,8,3,2,2317
32.5,8,3,3,2324
32.5,8,3,4,2332
32.5,8,3,5,2339
32.5,8,3,6,2346
32.5,8,3,7,2354
32.5,8,3,8,2361
32.5,8,3,9,2368
32.5,8,3,10,2375
32.5,8,3,11,2382
32.5,8,3,12,2390
32.5,8,3,13,2397
32.5,8,3,14,2404
32.5,8,3,15,2411
32.5,8,4,0,2310
32.5,8,4,1,2317
32.5,8,4,2,2325
32.5,8,4,3,2332
32.5,8,4,4,2339
32.5,8,4,5,2347
32.5,8,4,6,2354
32.5,8,4,7,2361
32.5,8,4,8,2369
32.5,8,4,9,2376
32.5,8,4,10,2383
32.5,8,4,11,2390
32.5,8,4,12,2397
32.5,8,4,13,2405
32.5,8,4,14,2412
32.5,8,4,15,2419
32.5,8,5,0,2317
32.5,8,5,1,2325
32.5,8,5,2,2332
32.5,8,5,3,2340
32.5,8,5,4,2347
32.5,8,5,5,2354
32.5,8,5,6,2362
32.5,8,5,7,2369
32.5,8,5,8,2376
32.5,8,5,9,2384
32.5,8,5,10,2391
32.5,8,5,11,2398
32.5,8,5,12,2405
32.5,8,5,13,2412
32.5,8,5,14,2420
32.5,8,5,15,2427
32.5,8,6,0,2325
32.5,8,6,1,2332
32.5,8,6,2,2340
32.5,8,6,3,2347
32.5,8,6,4,2355
32.5,8,6,5,2362
32.5,8,6,6,2369
32.5,8,6,7,2377
32.5,8,6,8,2384
32.5,8,6,9,2391
32.5,8,6,10,2399
32.5,8,6,11,2406
32.5,8,6,12,2413
32.5,8,6,13,2420
32.5,8,6,14,2427
32.5,8,6,15,2435
32.5,8,7,0,2332
32.5,8,7,1,2340
32.5,8,7,2,2347
32.5,8,7,3,2355
32.5,8,7,4,2362
32.5,8,7,5,2370
32.5,8,7,6,2377
32.5,8,7,7,2384
32.5,8,7,8,2392
32.5,8,7,9,2399
32.5,8,7,10,2406
32.5,8,7,11,2414
32.5,8,7,12,2421
32.5,8,7,13,2428
32.5,8,7,14,2435
32.5,8,7,15,2443
32.5,8,8,0,2340
32.5,8,8,1,2347
32.5,8,8,2,2355
32.5,8,8,3,2362
32.5,8,8,4,2370
32.5,8,8,5,2377
32.5,8,8,6,2385
32.5,8,8,7,2392
32.5,8,8,8,2399
32.5,8,8,9,2407
32.5,8,8,10,2414
32.5,8,8,11,2421
32.5,8,8,12,2429
32.5,8,8,13,2436
32.5,8,8,14,2443
32.5,8,8,15,2450
32.5,8,9,0,2347
32.5,8,9,1,2355
32.5,8,9,2,2362
32.5,8,9,3,2370
32.5,8,9,4,2377
32.5,8,9,5,2385
32.5,8,9,6,2392
32.5,8,9,7,2400
32.5,8,9,8,2407
32.5,8,9,9,2414
32.5,8,9,10,2422
32.5,8,9,11,2429
32.5,8,9,12,2436
32.5,8,9,13,2444
32.5,8,9,14,2451
32.5,8,9,15,2458
32.5,8,10,0,2355
32.5,8,10,1,2362
32.5,8,10,2,2370
32.5,8,10,3,2377
32.5,8,10,4,2385
32.5,8,10,5,2392
32.5,8,10,6,2400
32.5,8,10,7,2407
32.5,8,10,8,2415
32.5,8,10,9,2422
32.5,8,10,10,2429
32.5,8,10,11,2437
32.5,8,10,12,2444
32.5,8,10,13,2451
32.5,8,10,14,2459
32.5,8,10,15,2466
32.5,8,11,0,2362
32.5,8,11,1,2370
32.5,8,11,2,2377
32.5,8,11,3,2385
32.5,8,11,4,2392
32.5,8,11,5,2400
32.5,8,11,6,2407
32.5,8,11,7,2415
32.5,8,11,8,2422
32.5,8,11,9,2430
32.5,8,11,10,2437
32.5,8,11,11,2444
32.5,8,11,12,2452
32.5,8,11,13,2459
32.5,8,11,14,2466
32.5,8,11,15,2474
32.5,8,12,0,2369
32.5,8,12,1,2377
32.5,8,12,2,2385
32.5,8,12,3,2392
32.5,8,12,4,2400
32.5,8,12,5,2407
32.5,8,12,6,2415
32.5,8,12,7,2422
32.5,8,12,8,2430
32.5,8,12,9,2437
32.5,8,12,10,2445
32.5,8,12,11,2452
32.5,8,12,12,2459
32.5,8,12,13,2467
32.5,8,12,14,2474
32.5,8,12,15,2481
32.5,8,13,0,2377
32.5,8,13,1,2384
32.5,8,13,2,2392
32.5,8,13,3,2400
32.5,8,13,4,2407
32.5,8,13,5,2415
32.5,8,13,6,2422
32.5,8,13,7,2430
32.5,8,13,8,2437
32.5,8,13,9,2445
32.5,8,13,10,2452
32.5,8,13,11,2460
32.5,8,13,12,2467
32.5,8,13,13,2474
32.5,8,13,14,2482
32.5,8,13,15,2489
32.5,8,14,0,2384
32.5,8,14,1,2392
32.5,8,14,2,2399
32.5,8,14,3,2407
32.5,8,14,4,2415
32.5,8,14,5,2422
32.5,8,14,6,2430
32.5,8,14,7,2437
32.5,8,14,8,2445
32.5,8,14,9,2452
32.5,8,14,10,2460
32.5,8,14,11,2467
32.5,8,14,12,2475
32.5,8,14,13,2482
32.5,8,14,14,2489
32.5,8,14,15,2497
32.5,8,15,0,2391
32.5,8,15,1,2399
32.5,8,15,2,2407
32.5,8,15,3,2414
32.5,8,15,4,2422
32.5,8,15,5,2430
32.5,8,15,6,2437
32.5,8,15,7,2445
32.5,8,15,8,2452
32.5,8,15,9,2460
32.5,8,15,10,2467
32.5,8,15,11,2475
32.5,8,15,12,2482
32.5,8,15,13,2490
32.5,8,15,14,2497
32.5,8,15,15,2504
32.5,9,0,0,2288
32.5,9,0,1,2295
32.5,9,0,2,2302
32.5,9,0,3,2310
32.5,9,0,4,2317
32.5,9,0,5,2324
32.5,9,0,6,2332
32.5,9,0,7,2339
32.5,9,0,8,2346
32.5,9,0,9,2353
32.5,9,0,10,2360
32.5,9,0,11,2368
32.5,9,0,12,2375
32.5,9,0,13,2382
32.5,9,0,14,2389
32.5,9,0,15,2396
32.5,9,1,0,2295
32.5,9,1,1,2303
32.5,9,1,2,2310
32.5,9,1,3,2318
32.5,9,1,4,2325
32.5,9,1,5,2332
32.5,9,1,6,2339
32.5,9,1,7,2347
32.5,9,1,8,2354
32.5,9,1,9,2361
32.5,9,1,10,2368
32.5,9,1,11,2376
32.5,9,1,12,2383
32.5,9,1,13,2390
32.5,9,1,14,2397
32.5,9,1,15,2404
32.5,9,2,0,2303
32.5,9,2,1,2311
32.5,9,2,2,2318
32.5,9,2,3,2325
32.5,9,2,4,2333
32.5,9,2,5,2340
32.5,9,2,6,2347
32.5,9,2,7,2355
32.5,9,2,8,2362
32.5,9,2,9,2369
32.5,9,2,10,2376
32.5,9,2,11,2383
32.5,9,2,12,2391
32.5,9,2,13,2398
32.5,9,2,14,2405
32.5,9,2,15,2412
32.5,9,3,0,2311
32.5,9,3,1,2318
32.5,9,3,2,2326
32.5,9,3,3,2333
32.5,9,3,4,2340
32.5,9,3,5,2348
32.5,9,3,6,2355
32.5,9,3,7,2362
32.5,9,3,8,2370
32.5,9,3,9,2377
32.5,9,3,10,2384
32.5,9,3,11,2391
32.5,9,3,12,2399
32.5,9,3,13,2406
32.5,9,3,14,2413
32.5,9,3,15,2420
32.5,9,4,0,2318
32.5,9,4,1,2326
32.5,9,4,2,2333
32.5,9,4,3,2341
32.5,9,4,4,2348
32.5,9,4,5,2355
32.5,9,4,6,2363
32.5,9,4,7,2370
32.5,9,4,8,2377
32.5,9,4,9,2385
32.5,9,4,10,2392
32.5,9,4,11,2399
32.5,9,4,12,2406
32.5,9,4,13,2414
32.5,9,4,14,2421
32.5,9,4,15,2428
32.5,9,5,0,2326
32.5,9,5,1,2333
32.5,9,5,2,2341
32.5,9,5,3,2348
32.5,9,5,4,2356
32.5,9,5,5,2363
32.5,9,5,6,2370
32.5,9,5,7,2378
32.5,9,5,8,2385
32.5,9,5,9,2392
32.5,9,5,10,2400
32.5,9,5,11,2407
32.5,9,5,12,2414
32.5,9,5,13,2421
32.5,9,5,14,2429
32.5,9,5,15,2436
32.5,9,6,0,2333
32.5,9,6,1,2341
32.5,9,6,2,2348
32.5,9,6,3,2356
32.5,9,6,4,2363
32.5,9,6,5,2371
32.5,9,6,6,2378
32.5,9,6,7,2386
32.5,9,6,8,2393
32.5,9,6,9,2400
32.5,9,6,10,2408
32.5,9,6,11,2415
32.5,9,6,12,2422
32.5,9,6,13,2429
32.5,9,6,14,2437
32.5,9,6,15,2444
32.5,9,7,0,2341
32.5,9,7,1,2348
32.5,9,7,2,2356
32.5,9,7,3,2363
32.5,9,7,4,2371
32.5,9,7,5,2378
32.5,9,7,6,2386
32.5,9,7,7,2393
32.5,9,7,8,2401
32.5,9,7,9,2408
32.5,9,7,10,2415
32.5,9,7,11,2423
32.5,9,7,12,2430
32.5,9,7,13,2437
32.5,9,7,14,2444
32.5,9,7,15,2452
32.5,9,8,0,2348
32.5,9,8,1,2356
32.5,9,8,2,2364
32.5,9,8,3,2371
32.5,9,8,4,2379
32.5,9,8,5,2386
32.5,9,8,6,2393
32.5,9,8,7,2401
32.5,9,8,8,2408
32.5,9,8,9,2416
32.5,9,8,10,2423
32.5,9,8,11,2430
32.5,9,8,12,2438
32.5,9,8,13,2445
32.5,9,8,14,2452
32.5,9,8,15,2459
32.5,9,9,0,2356
32.5,9,9,1,2363
32.5,9,9,2,2371
32.5,9,9,3,2379
32.5,9,9,4,2386
32.5,9,9,5,2394
32.5,9,9,6,2401
32.5,9,9,7,2408
32.5,9,9,8,2416
32.5,9,9,9,2423
32.5,9,9,10,2431
32.5,9,9,11,2438
32.5,9,9,12,2445
32.5,9,9,13,2453
32.5,9,9,14,2460
32.5,9,9,15,2467
32.5,9,10,0,2363
32.5,9,10,1,2371
32.5,9,10,2,2379
32.5,9,10,3,2386
32.5,9,10,4,2394
32.5,9,10,5,2401
32.5,9,10,6,2409
32.5,9,10,7,2416
32.5,9,10,8,2424
32.5,9,10,9,2431
32.5,9,10,10,2438
32.5,9,10,11,2446
32.5,9,10,12,2453
32.5,9,10,13,2460
32.5,9,10,14,2468
32.5,9,10,15,2475
32.5,9,11,0,2371
32.5,9,11,1,2378
32.5,9,11,2,2386
32.5,9,11,3,2394
32.5,9,11,4,2401
32.5,9,11,5,2409
32.5,9,11,6,2416
32.5,9,11,7,2424
32.5,9,11,8,2431
32.5,9,11,9,2439
32.5,9,11,10,2446
32.5,9,11,11,2453
32.5,9,11,12,2461
32.5,9,11,13,2468
32.5,9,11,14,2476
32.5,9,11,15,2483
32.5,9,12,0,2378
32.5,9,12,1,2386
32.5,9,12,2,2393
32.5,9,12,3,2401
32.5,9,12,4,2409
32.5,9,12,5,2416
32.5,9,12,6,2424
32.5,9,12,7,2431
32.5,9,12,8,2439
32.5,9,12,9,2446
32.5,9,12,10,2454
32.5,9,12,11,2461
32.5,9,12,12,2469
32.5,9,12,13,2476
32.5,9,12,14,2483
32.5,9,12,15,2491
32.5,9,13,0,2386
32.5,9,13,1,2393
32.5,9,13,2,2401
32.5,9,13,3,2408
32.5,9,13,4,2416
32.5,9,13,5,2424
32.5,9,13,6,2431
32.5,9,13,7,2439
32.5,9,13,8,2446
32.5,9,13,9,2454
32.5,9,13,10,2461
32.5,9,13,11,2469
32.5,9,13,12,2476
32.5,9,13,13,2484
32.5,9,13,14,2491
32.5,9,13,15,2498
32.5,9,14,0,2393
32.5,9,14,1,2401
32.5,9,14,2,2408
32.5,9,14,3,2416
32.5,9,14,4,2424
32.5,9,14,5,2431
32.5,9,14,6,2439
32.5,9,14,7,2446
32.5,9,14,8,2454
32.5,9,14,9,2461
32.5,9,14,10,2469
32.5,9,14,11,2476
32.5,9,14,12,2484
32.5,9,14,13,2491
32.5,9,14,14,2499
32.5,9,14,15,2506
32.5,9,15,0,2400
32.5,9,15,1,2408
32.5,9,15,2,2416
32.5,9,15,3,2423
32.5,9,15,4,2431
32.5,9,15,5,2439
32.5,9,15,6,2446
32.5,9,15,7,2454
32.5,9,15,8,2461
32.5,9,15,9,2469
32.5,9,15,10,2476
32.5,9,15,11,2484
32.5,9,15,12,2491
32.5,9,15,13,2499
32.5,9,15,14,2506
32.5,9,15,15,2514
32.5,10,0,0,2296
32.5,10,0,1,2304
32.5,10,0,2,2311
32.5,10,0,3,2318
32.5,10,0,4,2326
32.5,10,0,5,2333
32.5,10,0,6,2340
32.5,10,0,7,2348
32.5,10,0,8,2355
32.5,10,0,9,2362
32.5,10,0,10,2369
32.5,10,0,11,2376
32.5,10,0,12,2384
32.5,10,0,13,2391
32.5,10,0,14,2398
32.5,10,0,15,2405
32.5,10,1,0,2304
32.5,10,1,1,2311
32.5,10,1,2,2319
32.5,10,1,3,2326
32.5,10,1,4,2333
32.5,10,1,5,2341
32.5,10,1,6,2348
32.5,10,1,7,2355
32.5,10,1,8,2363
32.5,10,1,9,2370
32.5,10,1,10,2377
32.5,10,1,11,2384
32.5,10,1,12,2391
32.5,10,1,13,2399
32.5,10,1,14,2406
32.5,10,1,15,2413
32.5,10,2,0,2312
32.5,10,2,1,2319
32.5,10,2,2,2326
32.5,10,2,3,2334
32.5,10,2,4,2341
32.5,10,2,5,2349
32.5,10,2,6,2356
32.5,10,2,7,2363
32.5,10,2,8,2371
32.5,10,2,9,2378
32.5,10,2,10,2385
32.5,10,2,11,2392
32.5,10,2,12,2399
32.5,10,2,13,2407
32.5,10,2,14,2414
32.5,10,2,15,2421
32.5,10,3,0,2319
32.5,10,3,1,2327
32.5,10,3,2,2334
32.5,10,3,3,2342
32.5,10,3,4,2349
32.5,10,3,5,2356
32.5,10,3,6,2364
32.5,10,3,7,2371
32.5,10,3,8,2378
32.5,10,3,9,2386
32.5,10,3,10,2393
32.5,10,3,11,2400
32.5,10,3,12,2407
32.5,10,3,13,2415
32.5,10,3,14,2422
32.5,10,3,15,2429
32.5,10,4,0,2327
32.5,10,4,1,2334
32.5,10,4,2,2342
32.5,10,4,3,2349
32.5,10,4,4,2357
32.5,10,4,5,2364
32.5,10,4,6,2372
32.5,10,4,7,2379
32.5,10,4,8,2386
32.5,10,4,9,2393
32.5,10,4,10,2401
32.5,10,4,11,2408
32.5,10,4,12,2415
32.5,10,4,13,2423
32.5,10,4,14,2430
32.5,10,4,15,2437
32.5,10,5,0,2334
32.5,10,5,1,2342
32.5,10,5,2,2349
32.5,10,5,3,2357
32.5,10,5,4,2364
32.5,10,5,5,2372
32.5,10,5,6,2379
32.5,10,5,7,2387
32.5,10,5,8,2394
32.5,10,5,9,2401
32.5,10,5,10,2409
32.5,10,5,11,2416
32.5,10,5,12,2423
32.5,10,5,13,2430
32.5,10,5,14,2438
32.5,10,5,15,2445
32.5,10,6,0,2342
32.5,10,6,1,2350
32.5,10,6,2,2357
32.5,10,6,3,2365
32.5,10,6,4,2372
32.5,10,6,5,2380
32.5,10,6,6,2387
32.5,10,6,7,2394
32.5,10,6,8,2402
32.5,10,6,9,2409
32.5,10,6,10,2416
32.5,10,6,11,2424
32.5,10,6,12,2431
32.5,10,6,13,2438
32.5,10,6,14,2446
32.5,10,6,15,2453
32.5,10,7,0,2350
32.5,10,7,1,2357
32.5,10,7,2,2365
32.5,10,7,3,2372
32.5,10,7,4,2380
32.5,10,7,5,2387
32.5,10,7,6,2395
32.5,10,7,7,2402
32.5,10,7,8,2409
32.5,10,7,9,2417
32.5,10,7,10,2424
32.5,10,7,11,2432
32.5,10,7,12,2439
32.5,10,7,13,2446
32.5,10,7,14,2453
32.5,10,7,15,2461
32.5,10,8,0,2357
32.5,10,8,1,2365
32.5,10,8,2,2372
32.5,10,8,3,2380
32.5,10,8,4,2387
32.5,10,8,5,2395
32.5,10,8,6,2402
32.5,10,8,7,2410
32.5,10,8,8,2417
32.5,10,8,9,2425
32.5,10,8,10,2432
32.5,10,8,11,2439
32.5,10,8,12,2447
32.5,10,8,13,2454
32.5,10,8,14,2461
32.5,10,8,15,2469
32.5,10,9,0,2365
32.5,10,9,1,2372
32.5,10,9,2,2380
32.5,10,9,3,2387
32.5,10,9,4,2395
32.5,10,9,5,2402
32.5,10,9,6,2410
32.5,10,9,7,2417
32.5,10,9,8,2425
32.5,10,9,9,2432
32.5,10,9,10,2440
32.5,10,9,11,2447
32.5,10,9,12,2454
32.5,10,9,13,2462
32.5,10,9,14,2469
32.5,10,9,15,2476
32.5,10,10,0,2372
32.5,10,10,1,2380
32.5,10,10,2,2387
32.5,10,10,3,2395
32.5,10,10,4,2402
32.5,10,10,5,2410
32.5,10,10,6,2418
32.5,10,10,7,2425
32.5,10,10,8,2433
32.5,10,10,9,2440
32.5,10,10,10,2447
32.5,10,10,11,2455
32.5,10,10,12,2462
32.5,10,10,13,2470
32.5,10,10,14,2477
32.5,10,10,15,2484
32.5,10,11,0,2380
32.5,10,11,1,2387
32.5,10,11,2,2395
32.5,10,11,3,2402
32.5,10,11,4,2410
32.5,10,11,5,2418
32.5,10,11,6,2425
32.5,10,11,7,2433
32.5,10,11,8,2440
32.5,10,11,9,2448
32.5,10,11,10,2455
32.5,10,11,11,2463
32.5,10,11,12,2470
32.5,10,11,13,2477
32.5,10,11,14,2485
32.5,10,11,15,2492
32.5,10,12,0,2387
32.5,10,12,1,2395
32.5,10,12,2,2402
32.5,10,12,3,2410
32.5,10,12,4,2418
32.5,10,12,5,2425
32.5,10,12,6,2433
32.5,10,12,7,2440
32.5,10,12,8,2448
32.5,10,12,9,2455
32.5,10,12,10,2463
32.5,10,12,11,2470
32.5,10,12,12,2478
32.5,10,12,13,2485
32.5,10,12,14,2492
32.5,10,12,15,2500
32.5,10,13,0,2394
32.5,10,13,1,2402
32.5,10,13,2,2410
32.5,10,13,3,2417
32.5,10,13,4,2425
32.5,10,13,5,2433
32.5,10,13,6,2440
32.5,10,13,7,2448
32.5,10,13,8,2455
32.5,10,13,9,2463
32.5,10,13,10,2470
32.5,10,13,11,2478
32.5,10,13,12,2485
32.5,10,13,13,2493
32.5,10,13,14,2500
32.5,10,13,15,2508
32.5,10,14,0,2402
32.5,10,14,1,2409
32.5,10,14,2,2417
32.5,10,14,3,2425
32.5,10,14,4,2433
32.5,10,14,5,2440
32.5,10,14,6,2448
32.5,10,14,7,2455
32.5,10,14,8,2463
32.5,10,14,9,2470
32.5,10,14,10,2478
32.5,10,14,11,2486
32.5,10,14,12,2493
32.5,10,14,13,2500
32.5,10,14,14,2508
32.5,10,14,15,2515
32.5,10,15,0,2409
32.5,10,15,1,2417
32.5,10,15,2,2425
32.5,10,15,3,2432
32.5,10,15,4,2440
32.5,10,15,5,2448
32.5,10,15,6,2455
32.5,10,15,7,2463
32.5,10,15,8,2470
32.5,10,15,9,2478
32.5,10,15,10,2486
32.5,10,15,11,2493
32.5,10,15,12,2501
32.5,10,15,13,2508
32.5,10,15,14,2516
32.5,10,15,15,2523
32.5,11,0,0,2305
32.5,11,0,1,2312
32.5,11,0,2,2320
32.5,11,0,3,2327
32.5,11,0,4,2334
32.5,11,0,5,2342
32.5,11,0,6,2349
32.5,11,0,7,2356
32.5,11,0,8,2363
32.5,11,0,9,2371
32.5,11,0,10,2378
32.5,11,0,11,2385
32.5,11,0,12,2392
32.5,11,0,13,2399
32.5,11,0,14,2407
32.5,11,0,15,2414
32.5,11,1,0,2312
32.5,11,1,1,2320
32.5,11,1,2,2327
32.5,11,1,3,2335
32.5,11,1,4,2342
32.5,11,1,5,2349
32.5,11,1,6,2357
32.5,11,1,7,2364
32.5,11,1,8,2371
32.5,11,1,9,2379
32.5,11,1,10,2386
32.5,11,1,11,2393
32.5,11,1,12,2400
32.5,11,1,13,2407
32.5,11,1,14,2415
32.5,11,1,15,2422
32.5,11,2,0,2320
32.5,11,2,1,2328
32.5,11,2,2,2335
32.5,11,2,3,2343
32.5,11,2,4,2350
32.5,11,2,5,2357
32.5,11,2,6,2365
32.5,11,2,7,2372
32.5,11,2,8,2379
32.5,11,2,9,2387
32.5,11,2,10,2394
32.5,11,2,11,2401
32.5,11,2,12,2408
32.5,11,2,13,2416
32.5,11,2,14,2423
32.5,11,2,15,2430
32.5,11,3,0,2328
32.5,11,3,1,2335
32.5,11,3,2,2343
32.5,11,3,3,2350
32.5,11,3,4,2358
32.5,11,3,5,2365
32.5,11,3,6,2372
32.5,11,3,7,2380
32.5,11,3,8,2387
32.5,11,3,9,2394
32.5,11,3,10,2402
32.5,11,3,11,2409
32.5,11,3,12,2416
32.5,11,3,13,2423
32.5,11,3,14,2431
32.5,11,3,15,2438
32.5,11,4,0,2335
32.5,11,4,1,2343
32.5,11,4,2,2350
32.5,11,4,3,2358
32.5,11,4,4,2365
32.5,11,4,5,2373
32.5,11,4,6,2380
32.5,11,4,7,2388
32.5,11,4,8,2395
32.5,11,4,9,2402
32.5,11,4,10,2410
32.5,11,4,11,2417
32.5,11,4,12,2424
32.5,11,4,13,2431
32.5,11,4,14,2439
32.5,11,4,15,2446
32.5,11,5,0,2343
32.5,11,5,1,2351
32.5,11,5,2,2358
32.5,11,5,3,2366
32.5,11,5,4,2373
32.5,11,5,5,2381
32.5,11,5,6,2388
32.5,11,5,7,2395
32.5,11,5,8,2403
32.5,11,5,9,2410
32.5,11,5,10,2418
32.5,11,5,11,2425
32.5,11,5,12,2432
32.5,11,5,13,2439
32.5,11,5,14,2447
32.5,11,5,15,2454
32.5,11,6,0,2351
32.5,11,6,1,2358
32.5,11,6,2,2366
32.5,11,6,3,2373
32.5,11,6,4,2381
32.5,11,6,5,2388
32.5,11,6,6,2396
32.5,11,6,7,2403
32.5,11,6,8,2411
32.5,11,6,9,2418
32.5,11,6,10,2425
32.5,11,6,11,2433
32.5,11,6,12,2440
32.5,11,6,13,2447
32.5,11,6,14,2455
32.5,11,6,15,2462
32.5,11,7,0,2358
32.5,11,7,1,2366
32.5,11,7,2,2373
32.5,11,7,3,2381
32.5,11,7,4,2389
32.5,11,7,5,2396
32.5,11,7,6,2403
32.5,11,7,7,2411
32.5,11,7,8,2418
32.5,11,7,9,2426
32.5,11,7,10,2433
32.5,11,7,11,2441
32.5,11,7,12,2448
32.5,11,7,13,2455
32.5,11,7,14,2462
32.5,11,7,15,2470
32.5,11,8,0,2366
32.5,11,8,1,2373
32.5,11,8,2,2381
32.5,11,8,3,2389
32.5,11,8,4,2396
32.5,11,8,5,2404
32.5,11,8,6,2411
32.5,11,8,7,2419
32.5,11,8,8,2426
32.5,11,8,9,2434
32.5,11,8,10,2441
32.5,11,8,11,2448
32.5,11,8,12,2456
32.5,11,8,13,2463
32.5,11,8,14,2470
32.5,11,8,15,2478
32.5,11,9,0,2373
32.5,11,9,1,2381
32.5,11,9,2,2389
32.5,11,9,3,2396
32.5,11,9,4,2404
32.5,11,9,5,2411
32.5,11,9,6,2419
32.5,11,9,7,2426
32.5,11,9,8,2434
32.5,11,9,9,2441
32.5,11,9,10,2449
32.5,11,9,11,2456
32.5,11,9,12,2464
32.5,11,9,13,2471
32.5,11,9,14,2478
32.5,11,9,15,2486
32.5,11,10,0,2381
32.5,11,10,1,2389
32.5,11,10,2,2396
32.5,11,10,3,2404
32.5,11,10,4,2411
32.5,11,10,5,2419
32.5,11,10,6,2426
32.5,11,10,7,2434
32.5,11,10,8,2442
32.5,11,10,9,2449
32.5,11,10,10,2456
32.5,11,10,11,2464
32.5,11,10,12,2471
32.5,11,10,13,2479
32.5,11,10,14,2486
32.5,11,10,15,2493
32.5,11,11,0,2388
32.5,11,11,1,2396
32.5,11,11,2,2404
32.5,11,11,3,2411
32.5,11,11,4,2419
32.5,11,11,5,2427
32.5,11,11,6,2434
32.5,11,11,7,2442
32.5,11,11,8,2449
32.5,11,11,9,2457
32.5,11,11,10,2464
32.5,11,11,11,2472
32.5,11,11,12,2479
32.5,11,11,13,2486
32.5,11,11,14,2494
32.5,11,11,15,2501
32.5,11,12,0,2396
32.5,11,12,1,2403
32.5,11,12,2,2411
32.5,11,12,3,2419
32.5,11,12,4,2426
32.5,11,12,5,2434
32.5,11,12,6,2442
32.5,11,12,7,2449
32.5,11,12,8,2457
32.5,11,12,9,2464
32.5,11,12,10,2472
32.5,11,12,11,2479
32.5,11,12,12,2487
32.5,11,12,13,2494
32.5,11,12,14,2502
32.5,11,12,15,2509
32.5,11,13,0,2403
32.5,11,13,1,2411
32.5,11,13,2,2419
32.5,11,13,3,2426
32.5,11,13,4,2434
32.5,11,13,5,2442
32.5,11,13,6,2449
32.5,11,13,7,2457
32.5,11,13,8,2464
32.5,11,13,9,2472
32.5,11,13,10,2480
32.5,11,13,11,2487
32.5,11,13,12,2495
32.5,11,13,13,2502
32.5,11,13,14,2509
32.5,11,13,15,2517
32.5,11,14,0,2411
32.5,11,14,1,2418
32.5,11,14,2,2426
32.5,11,14,3,2434
32.5,11,14,4,2442
32.5,11,14,5,2449
32.5,11,14,6,2457
32.5,11,14,7,2464
32.5,11,14,8,2472
32.5,11,14,9,2480
32.5,11,14,10,2487
32.5,11,14,11,2495
32.5,11,14,12,2502
32.5,11,14,13,2510
32.5,11,14,14,2517
32.5,11,14,15,2525
32.5,11,15,0,2418
32.5,11,15,1,2426
32.5,11,15,2,2434
32.5,11,15,3,2441
32.5,11,15,4,2449
32.5,11,15,5,2457
32.5,11,15,6,2464
32.5,11,15,7,2472
32.5,11,15,8,2480
32.5,11,15,9,2487
32.5,11,15,10,2495
32.5,11,15,11,2502
32.5,11,15,12,2510
32.5,11,15,13,2517
32.5,11,15,14,2525
32.5,11,15,15,2532
32.5,12,0,0,2313
32.5,12,0,1,2321
32.5,12,0,2,2328
32.5,12,0,3,2335
32.5,12,0,4,2343
32.5,12,0,5,2350
32.5,12,0,6,2358
32.5,12,0,7,2365
32.5,12,0,8,2372
32.5,12,0,9,2379
32.5,12,0,10,2387
32.5,12,0,11,2394
32.5,12,0,12,2401
32.5,12,0,13,2408
32.5,12,0,14,2415
32.5,12,0,15,2423
32.5,12,1,0,2321
32.5,12,1,1,2328
32.5,12,1,2,2336
32.5,12,1,3,2343
32.5,12,1,4,2351
32.5,12,1,5,2358
32.5,12,1,6,2365
32.5,12,1,7,2373
32.5,12,1,8,2380
32.5,12,1,9,2387
32.5,12,1,10,2395
32.5,12,1,11,2402
32.5,12,1,12,2409
32.5,12,1,13,2416
32.5,12,1,14,2424
32.5,12,1,15,2431
32.5,12,2,0,2329
32.5,12,2,1,2336
32.5,12,2,2,2344
32.5,12,2,3,2351
32.5,12,2,4,2359
32.5,12,2,5,2366
32.5,12,2,6,2373
32.5,12,2,7,2381
32.5,12,2,8,2388
32.5,12,2,9,2395
32.5,12,2,10,2403
32.5,12,2,11,2410
32.5,12,2,12,2417
32.5,12,2,13,2424
32.5,12,2,14,2432
32.5,12,2,15,2439
32.5,12,3,0,2336
32.5,12,3,1,2344
32.5,12,3,2,2351
32.5,12,3,3,2359
32.5,12,3,4,2366
32.5,12,3,5,2374
32.5,12,3,6,2381
32.5,12,3,7,2389
32.5,12,3,8,2396
32.5,12,3,9,2403
32.5,12,3,10,2411
32.5,12,3,11,2418
32.5,12,3,12,2425
32.5,12,3,13,2432
32.5,12,3,14,2440
32.5,12,3,15,2447
32.5,12,4,0,2344
32.5,12,4,1,2352
32.5,12,4,2,2359
32.5,12,4,3,2367
32.5,12,4,4,2374
32.5,12,4,5,2382
32.5,12,4,6,2389
32.5,12,4,7,2396
32.5,12,4,8,2404
32.5,12,4,9,2411
32.5,12,4,10,2419
32.5,12,4,11,2426
32.5,12,4,12,2433
32.5,12,4,13,2440
32.5,12,4,14,2448
32.5,12,4,15,2455
32.5,12,5,0,2352
32.5,12,5,1,2359
32.5,12,5,2,2367
32.5,12,5,3,2374
32.5,12,5,4,2382
32.5,12,5,5,2389
32.5,12,5,6,2397
32.5,12,5,7,2404
32.5,12,5,8,2412
32.5,12,5,9,2419
32.5,12,5,10,2426
32.5,12,5,11,2434
32.5,12,5,12,2441
32.5,12,5,13,2448
32.5,12,5,14,2456
32.5,12,5,15,2463
32.5,12,6,0,2359
32.5,12,6,1,2367
32.5,12,6,2,2375
32.5,12,6,3,2382
32.5,12,6,4,2390
32.5,12,6,5,2397
32.5,12,6,6,2405
32.5,12,6,7,2412
32.5,12,6,8,2419
32.5,12,6,9,2427
32.5,12,6,10,2434
32.5,12,6,11,2442
32.5,12,6,12,2449
32.5,12,6,13,2456
32.5,12,6,14,2464
32.5,12,6,15,2471
32.5,12,7,0,2367
32.5,12,7,1,2375
32.5,12,7,2,2382
32.5,12,7,3,2390
32.5,12,7,4,2397
32.5,12,7,5,2405
32.5,12,7,6,2412
32.5,12,7,7,2420
32.5,12,7,8,2427
32.5,12,7,9,2435
32.5,12,7,10,2442
32.5,12,7,11,2449
32.5,12,7,12,2457
32.5,12,7,13,2464
32.5,12,7,14,2472
32.5,12,7,15,2479
32.5,12,8,0,2375
32.5,12,8,1,2382
32.5,12,8,2,2390
32.5,12,8,3,2397
32.5,12,8,4,2405
32.5,12,8,5,2413
32.5,12,8,6,2420
32.5,12,8,7,2428
32.5,12,8,8,2435
32.5,12,8,9,2442
32.5,12,8,10,2450
32.5,12,8,11,2457
32.5,12,8,12,2465
32.5,12,8,13,2472
32.5,12,8,14,2479
32.5,12,8,15,2487
32.5,12,9,0,2382
32.5,12,9,1,2390
32.5,12,9,2,2397
32.5,12,9,3,2405
32.5,12,9,4,2413
32.5,12,9,5,2420
32.5,12,9,6,2428
32.5,12,9,7,2435
32.5,12,9,8,2443
32.5,12,9,9,2450
32.5,12,9,10,2458
32.5,12,9,11,2465
32.5,12,9,12,2473
32.5,12,9,13,2480
32.5,12,9,14,2487
32.5,12,9,15,2495
32.5,12,10,0,2390
32.5,12,10,1,2397
32.5,12,10,2,2405
32.5,12,10,3,2413
32.5,12,10,4,2420
32.5,12,10,5,2428
32.5,12,10,6,2435
32.5,12,10,7,2443
32.5,12,10,8,2450
32.5,12,10,9,2458
32.5,12,10,10,2465
32.5,12,10,11,2473
32.5,12,10,12,2480
32.5,12,10,13,2488
32.5,12,10,14,2495
32.5,12,10,15,2503
32.5,12,11,0,2397
32.5,12,11,1,2405
32.5,12,11,2,2413
32.5,12,11,3,2420
32.5,12,11,4,2428
32.5,12,11,5,2435
32.5,12,11,6,2443
32.5,12,11,7,2451
32.5,12,11,8,2458
32.5,12,11,9,2466
32.5,12,11,10,2473
32.5,12,11,11,2481
32.5,12,11,12,2488
32.5,12,11,13,2496
32.5,12,11,14,2503
32.5,12,11,15,2510
32.5,12,12,0,2405
32.5,12,12,1,2412
32.5,12,12,2,2420
32.5,12,12,3,2428
32.5,12,12,4,2435
32.5,12,12,5,2443
32.5,12,12,6,2451
32.5,12,12,7,2458
32.5,12,12,8,2466
32.5,12,12,9,2473
32.5,12,12,10,2481
32.5,12,12,11,2488
32.5,12,12,12,2496
32.5,12,12,13,2503
32.5,12,12,14,2511
32.5,12,12,15,2518
32.5,12,13,0,2412
32.5,12,13,1,2420
32.5,12,13,2,2428
32.5,12,13,3,2435
32.5,12,13,4,2443
32.5,12,13,5,2451
32.5,12,13,6,2458
32.5,12,13,7,2466
32.5,12,13,8,2474
32.5,12,13,9,2481
32.5,12,13,10,2489
32.5,12,13,11,2496
32.5,12,13,12,2504
32.5,12,13,13,2511
32.5,12,13,14,2519
32.5,12,13,15,2526
32.5,12,14,0,2419
32.5,12,14,1,2427
32.5,12,14,2,2435
32.5,12,14,3,2443
32.5,12,14,4,2450
32.5,12,14,5,2458
32.5,12,14,6,2466
32.5,12,14,7,2474
32.5,12,14,8,2481
32.5,12,14,9,2489
32.5,12,14,10,2496
32.5,12,14,11,2504
32.5,12,14,12,2511
32.5,12,14,13,2519
32.5,12,14,14,2526
32.5,12,14,15,2534
32.5,12,15,0,2427
32.5,12,15,1,2435
32.5,12,15,2,2442
32.5,12,15,3,2450
32.5,12,15,4,2458
32.5,12,15,5,2466
32.5,12,15,6,2473
32.5,12,15,7,2481
32.5,12,15,8,2489
32.5,12,15,9,2496
32.5,12,15,10,2504
32.5,12,15,11,2512
32.5,12,15,12,2519
32.5,12,15,13,2527
32.5,12,15,14,2534
32.5,12,15,15,2542
32.5,13,0,0,2322
32.5,13,0,1,2329
32.5,13,0,2,2337
32.5,13,0,3,2344
32.5,13,0,4,2351
32.5,13,0,5,2359
32.5,13,0,6,2366
32.5,13,0,7,2374
32.5,13,0,8,2381
32.5,13,0,9,2388
32.5,13,0,10,2395
32.5,13,0,11,2403
32.5,13,0,12,2410
32.5,13,0,13,2417
32.5,13,0,14,2424
32.5,13,0,15,2431
32.5,13,1,0,2329
32.5,13,1,1,2337
32.5,13,1,2,2344
32.5,13,1,3,2352
32.5,13,1,4,2359
32.5,13,1,5,2367
32.5,13,1,6,2374
32.5,13,1,7,2381
32.5,13,1,8,2389
32.5,13,1,9,2396
32.5,13,1,10,2403
32.5,13,1,11,2411
32.5,13,1,12,2418
32.5,13,1,13,2425
32.5,13,1,14,2432
32.5,13,1,15,2440
32.5,13,2,0,2337
32.5,13,2,1,2345
32.5,13,2,2,2352
32.5,13,2,3,2360
32.5,13,2,4,2367
32.5,13,2,5,2375
32.5,13,2,6,2382
32.5,13,2,7,2389
32.5,13,2,8,2397
32.5,13,2,9,2404
32.5,13,2,10,2411
32.5,13,2,11,2419
32.5,13,2,12,2426
32.5,13,2,13,2433
32.5,13,2,14,2441
32.5,13,2,15,2448
32.5,13,3,0,2345
32.5,13,3,1,2352
32.5,13,3,2,2360
32.5,13,3,3,2368
32.5,13,3,4,2375
32.5,13,3,5,2382
32.5,13,3,6,2390
32.5,13,3,7,2397
32.5,13,3,8,2405
32.5,13,3,9,2412
32.5,13,3,10,2419
32.5,13,3,11,2427
32.5,13,3,12,2434
32.5,13,3,13,2441
32.5,13,3,14,2449
32.5,13,3,15,2456
32.5,13,4,0,2353
32.5,13,4,1,2360
32.5,13,4,2,2368
32.5,13,4,3,2375
32.5,13,4,4,2383
32.5,13,4,5,2390
32.5,13,4,6,2398
32.5,13,4,7,2405
32.5,13,4,8,2413
32.5,13,4,9,2420
32.5,13,4,10,2427
32.5,13,4,11,2435
32.5,13,4,12,2442
32.5,13,4,13,2449
32.5,13,4,14,2457
32.5,13,4,15,2464
32.5,13,5,0,2360
32.5,13,5,1,2368
32.5,13,5,2,2376
32.5,13,5,3,2383
32.5,13,5,4,2391
32.5,13,5,5,2398
32.5,13,5,6,2406
32.5,13,5,7,2413
32.5,13,5,8,2420
32.5,13,5,9,2428
32.5,13,5,10,2435
32.5,13,5,11,2443
32.5,13,5,12,2450
32.5,13,5,13,2457
32.5,13,5,14,2465
32.5,13,5,15,2472
32.5,13,6,0,2368
32.5,13,6,1,2376
32.5,13,6,2,2383
32.5,13,6,3,2391
32.5,13,6,4,2398
32.5,13,6,5,2406
32.5,13,6,6,2413
32.5,13,6,7,2421
32.5,13,6,8,2428
32.5,13,6,9,2436
32.5,13,6,10,2443
32.5,13,6,11,2451
32.5,13,6,12,2458
32.5,13,6,13,2465
32.5,13,6,14,2473
32.5,13,6,15,2480
32.5,13,7,0,2376
32.5,13,7,1,2383
32.5,13,7,2,2391
32.5,13,7,3,2398
32.5,13,7,4,2406
32.5,13,7,5,2414
32.5,13,7,6,2421
32.5,13,7,7,2429
32.5,13,7,8,2436
32.5,13,7,9,2444
32.5,13,7,10,2451
32.5,13,7,11,2458
32.5,13,7,12,2466
32.5,13,7,13,2473
32.5,13,7,14,2481
32.5,13,7,15,2488
32.5,13,8,0,2383
32.5,13,8,1,2391
32.5,13,8,2,2399
32.5,13,8,3,2406
32.5,13,8,4,2414
32.5,13,8,5,2421
32.5,13,8,6,2429
32.5,13,8,7,2436
32.5,13,8,8,2444
32.5,13,8,9,2451
32.5,13,8,10,2459
32.5,13,8,11,2466
32.5,13,8,12,2474
32.5,13,8,13,2481
32.5,13,8,14,2489
32.5,13,8,15,2496
32.5,13,9,0,2391
32.5,13,9,1,2398
32.5,13,9,2,2406
32.5,13,9,3,2414
32.5,13,9,4,2421
32.5,13,9,5,2429
32.5,13,9,6,2437
32.5,13,9,7,2444
32.5,13,9,8,2452
32.5,13,9,9,2459
32.5,13,9,10,2467
32.5,13,9,11,2474
32.5,13,9,12,2482
32.5,13,9,13,2489
32.5,13,9,14,2496
32.5,13,9,15,2504
32.5,13,10,0,2398
32.5,13,10,1,2406
32.5,13,10,2,2414
32.5,13,10,3,2421
32.5,13,10,4,2429
32.5,13,10,5,2437
32.5,13,10,6,2444
32.5,13,10,7,2452
32.5,13,10,8,2459
32.5,13,10,9,2467
32.5,13,10,10,2475
32.5,13,10,11,2482
32.5,13,10,12,2489
32.5,13,10,13,2497
32.5,13,10,14,2504
32.5,13,10,15,2512
32.5,13,11,0,2406
32.5,13,11,1,2414
32.5,13,11,2,2421
32.5,13,11,3,2429
32.5,13,11,4,2437
32.5,13,11,5,2444
32.5,13,11,6,2452
32.5,13,11,7,2460
32.5,13,11,8,2467
32.5,13,11,9,2475
32.5,13,11,10,2482
32.5,13,11,11,2490
32.5,13,11,12,2497
32.5,13,11,13,2505
32.5,13,11,14,2512
32.5,13,11,15,2520
32.5,13,12,0,2413
32.5,13,12,1,2421
32.5,13,12,2,2429
32.5,13,12,3,2437
32.5,13,12,4,2444
32.5,13,12,5,2452
32.5,13,12,6,2460
32.5,13,12,7,2467
32.5,13,12,8,2475
32.5,13,12,9,2482
32.5,13,12,10,2490
32.5,13,12,11,2498
32.5,13,12,12,2505
32.5,13,12,13,2513
32.5,13,12,14,2520
32.5,13,12,15,2527
32.5,13,13,0,2421
32.5,13,13,1,2429
32.5,13,13,2,2436
32.5,13,13,3,2444
32.5,13,13,4,2452
32.5,13,13,5,2460
32.5,13,13,6,2467
32.5,13,13,7,2475
32.5,13,13,8,2483
32.5,13,13,9,2490
32.5,13,13,10,2498
32.5,13,13,11,2505
32.5,13,13,12,2513
32.5,13,13,13,2520
32.5,13,13,14,2528
32.5,13,13,15,2535
32.5,13,14,0,2428
32.5,13,14,1,2436
32.5,13,14,2,2444
32.5,13,14,3,2452
32.5,13,14,4,2459
32.5,13,14,5,2467
32.5,13,14,6,2475
32.5,13,14,7,2483
32.5,13,14,8,2490
32.5,13,14,9,2498
32.5,13,14,10,2505
32.5,13,14,11,2513
32.5,13,14,12,2521
32.5,13,14,13,2528
32.5,13,14,14,2536
32.5,13,14,15,2543
32.5,13,15,0,2436
32.5,13,15,1,2444
32.5,13,15,2,2451
32.5,13,15,3,2459
32.5,13,15,4,2467
32.5,13,15,5,2475
32.5,13,15,6,2482
32.5,13,15,7,2490
32.5,13,15,8,2498
32.5,13,15,9,2506
32.5,13,15,10,2513
32.5,13,15,11,2521
32.5,13,15,12,2528
32.5,13,15,13,2536
32.5,13,15,14,2543
32.5,13,15,15,2551
32.5,14,0,0,2330
32.5,14,0,1,2338
32.5,14,0,2,2345
32.5,14,0,3,2353
32.5,14,0,4,2360
32.5,14,0,5,2367
32.5,14,0,6,2375
32.5,14,0,7,2382
32.5,14,0,8,2390
32.5,14,0,9,2397
32.5,14,0,10,2404
32.5,14,0,11,2411
32.5,14,0,12,2419
32.5,14,0,13,2426
32.5,14,0,14,2433
32.5,14,0,15,2440
32.5,14,1,0,2338
32.5,14,1,1,2345
32.5,14,1,2,2353
32.5,14,1,3,2360
32.5,14,1,4,2368
32.5,14,1,5,2375
32.5,14,1,6,2383
32.5,14,1,7,2390
32.5,14,1,8,2398
32.5,14,1,9,2405
32.5,14,1,10,2412
32.5,14,1,11,2420
32.5,14,1,12,2427
32.5,14,1,13,2434
32.5,14,1,14,2441
32.5,14,1,15,2449
32.5,14,2,0,2346
32.5,14,2,1,2353
32.5,14,2,2,2361
32.5,14,2,3,2368
32.5,14,2,4,2376
32.5,14,2,5,2383
32.5,14,2,6,2391
32.5,14,2,7,2398
32.5,14,2,8,2406
32.5,14,2,9,2413
32.5,14,2,10,2420
32.5,14,2,11,2428
32.5,14,2,12,2435
32.5,14,2,13,2442
32.5,14,2,14,2449
32.5,14,2,15,2457
32.5,14,3,0,2354
32.5,14,3,1,2361
32.5,14,3,2,2369
32.5,14,3,3,2376
32.5,14,3,4,2384
32.5,14,3,5,2391
32.5,14,3,6,2399
32.5,14,3,7,2406
32.5,14,3,8,2413
32.5,14,3,9,2421
32.5,14,3,10,2428
32.5,14,3,11,2436
32.5,14,3,12,2443
32.5,14,3,13,2450
32.5,14,3,14,2458
32.5,14,3,15,2465
32.5,14,4,0,2361
32.5,14,4,1,2369
32.5,14,4,2,2376
32.5,14,4,3,2384
32.5,14,4,4,2392
32.5,14,4,5,2399
32.5,14,4,6,2407
32.5,14,4,7,2414
32.5,14,4,8,2421
32.5,14,4,9,2429
32.5,14,4,10,2436
32.5,14,4,11,2444
32.5,14,4,12,2451
32.5,14,4,13,2458
32.5,14,4,14,2466
32.5,14,4,15,2473
32.5,14,5,0,2369
32.5,14,5,1,2377
32.5,14,5,2,2384
32.5,14,5,3,2392
32.5,14,5,4,2399
32.5,14,5,5,2407
32.5,14,5,6,2414
32.5,14,5,7,2422
32.5,14,5,8,2429
32.5,14,5,9,2437
32.5,14,5,10,2444
32.5,14,5,11,2452
32.5,14,5,12,2459
32.5,14,5,13,2466
32.5,14,5,14,2474
32.5,14,5,15,2481
32.5,14,6,0,2377
32.5,14,6,1,2384
32.5,14,6,2,2392
32.5,14,6,3,2400
32.5,14,6,4,2407
32.5,14,6,5,2415
32.5,14,6,6,2422
32.5,14,6,7,2430
32.5,14,6,8,2437
32.5,14,6,9,2445
32.5,14,6,10,2452
32.5,14,6,11,2460
32.5,14,6,12,2467
32.5,14,6,13,2474
32.5,14,6,14,2482
32.5,14,6,15,2489
32.5,14,7,0,2384
32.5,14,7,1,2392
32.5,14,7,2,2400
32.5,14,7,3,2407
32.5,14,7,4,2415
32.5,14,7,5,2422
32.5,14,7,6,2430
32.5,14,7,7,2438
32.5,14,7,8,2445
32.5,14,7,9,2453
32.5,14,7,10,2460
32.5,14,7,11,2467
32.5,14,7,12,2475
32.5,14,7,13,2482
32.5,14,7,14,2490
32.5,14,7,15,2497
32.5,14,8,0,2392
32.5,14,8,1,2400
32.5,14,8,2,2407
32.5,14,8,3,2415
32.5,14,8,4,2423
32.5,14,8,5,2430
32.5,14,8,6,2438
32.5,14,8,7,2445
32.5,14,8,8,2453
32.5,14,8,9,2460
32.5,14,8,10,2468
32.5,14,8,11,2475
32.5,14,8,12,2483
32.5,14,8,13,2490
32.5,14,8,14,2498
32.5,14,8,15,2505
32.5,14,9,0,2400
32.5,14,9,1,2407
32.5,14,9,2,2415
32.5,14,9,3,2423
32.5,14,9,4,2430
32.5,14,9,5,2438
32.5,14,9,6,2446
32.5,14,9,7,2453
32.5,14,9,8,2461
32.5,14,9,9,2468
32.5,14,9,10,2476
32.5,14,9,11,2483
32.5,14,9,12,2491
32.5,14,9,13,2498
32.5,14,9,14,2506
32.5,14,9,15,2513
32.5,14,10,0,2407
32.5,14,10,1,2415
32.5,14,10,2,2423
32.5,14,10,3,2430
32.5,14,10,4,2438
32.5,14,10,5,2446
32.5,14,10,6,2453
32.5,14,10,7,2461
32.5,14,10,8,2468
32.5,14,10,9,2476
32.5,14,10,10,2484
32.5,14,10,11,2491
32.5,14,10,12,2499
32.5,14,10,13,2506
32.5,14,10,14,2513
32.5,14,10,15,2521
32.5,14,11,0,2415
32.5,14,11,1,2422
32.5,14,11,2,2430
32.5,14,11,3,2438
32.5,14,11,4,2446
32.5,14,11,5,2453
32.5,14,11,6,2461
32.5,14,11,7,2469
32.5,14,11,8,2476
32.5,14,11,9,2484
32.5,14,11,10,2491
32.5,14,11,11,2499
32.5,14,11,12,2506
32.5,14,11,13,2514
32.5,14,11,14,2521
32.5,14,11,15,2529
32.5,14,12,0,2422
32.5,14,12,1,2430
32.5,14,12,2,2438
32.5,14,12,3,2446
32.5,14,12,4,2453
32.5,14,12,5,2461
32.5,14,12,6,2469
32.5,14,12,7,2476
32.5,14,12,8,2484
32.5,14,12,9,2492
32.5,14,12,10,2499
32.5,14,12,11,2507
32.5,14,12,12,2514
32.5,14,12,13,2522
32.5,14,12,14,2529
32.5,14,12,15,2537
32.5,14,13,0,2430
32.5,14,13,1,2438
32.5,14,13,2,2445
32.5,14,13,3,2453
32.5,14,13,4,2461
32.5,14,13,5,2469
32.5,14,13,6,2476
32.5,14,13,7,2484
32.5,14,13,8,2492
32.5,14,13,9,2499
32.5,14,13,10,2507
32.5,14,13,11,2514
32.5,14,13,12,2522
32.5,14,13,13,2530
32.5,14,13,14,2537
32.5,14,13,15,2545
32.5,14,14,0,2437
32.5,14,14,1,2445
32.5,14,14,2,2453
32.5,14,14,3,2461
32.5,14,14,4,2468
32.5,14,14,5,2476
32.5,14,14,6,2484
32.5,14,14,7,2492
32.5,14,14,8,2499
32.5,14,14,9,2507
32.5,14,14,10,2515
32.5,14,14,11,2522
32.5,14,14,12,2530
32.5,14,14,13,2537
32.5,14,14,14,2545
32.5,14,14,15,2552
32.5,14,15,0,2445
32.5,14,15,1,2453
32.5,14,15,2,2460
32.5,14,15,3,2468
32.5,14,15,4,2476
32.5,14,15,5,2484
32.5,14,15,6,2492
32.5,14,15,7,2499
32.5,14,15,8,2507
32.5,14,15,9,2515
32.5,14,15,10,2522
32.5,14,15,11,2530
32.5,14,15,12,2538
32.5,14,15,13,2545
32.5,14,15,14,2553
32.5,14,15,15,2560
32.5,15,0,0,2339
32.5,15,0,1,2346
32.5,15,0,2,2354
32.5,15,0,3,2361
32.5,15,0,4,2369
32.5,15,0,5,2376
32.5,15,0,6,2383
32.5,15,0,7,2391
32.5,15,0,8,2398
32.5,15,0,9,2406
32.5,15,0,10,2413
32.5,15,0,11,2420
32.5,15,0,12,2427
32.5,15,0,13,2435
32.5,15,0,14,2442
32.5,15,0,15,2449
32.5,15,1,0,2346
32.5,15,1,1,2354
32.5,15,1,2,2362
32.5,15,1,3,2369
32.5,15,1,4,2377
32.5,15,1,5,2384
32.5,15,1,6,2391
32.5,15,1,7,2399
32.5,15,1,8,2406
32.5,15,1,9,2414
32.5,15,1,10,2421
32.5,15,1,11,2428
32.5,15,1,12,2436
32.5,15,1,13,2443
32.5,15,1,14,2450
32.5,15,1,15,2457
32.5,15,2,0,2354
32.5,15,2,1,2362
32.5,15,2,2,2369
32.5,15,2,3,2377
32.5,15,2,4,2384
32.5,15,2,5,2392
32.5,15,2,6,2399
32.5,15,2,7,2407
32.5,15,2,8,2414
32.5,15,2,9,2422
32.5,15,2,10,2429
32.5,15,2,11,2436
32.5,15,2,12,2444
32.5,15,2,13,2451
32.5,15,2,14,2458
32.5,15,2,15,2466
32.5,15,3,0,2362
32.5,15,3,1,2370
32.5,15,3,2,2377
32.5,15,3,3,2385
32.5,15,3,4,2392
32.5,15,3,5,2400
32.5,15,3,6,2407
32.5,15,3,7,2415
32.5,15,3,8,2422
32.5,15,3,9,2430
32.5,15,3,10,2437
32.5,15,3,11,2444
32.5,15,3,12,2452
32.5,15,3,13,2459
32.5,15,3,14,2466
32.5,15,3,15,2474
32.5,15,4,0,2370
32.5,15,4,1,2377
32.5,15,4,2,2385
32.5,15,4,3,2393
32.5,15,4,4,2400
32.5,15,4,5,2408
32.5,15,4,6,2415
32.5,15,4,7,2423
32.5,15,4,8,2430
32.5,15,4,9,2438
32.5,15,4,10,2445
32.5,15,4,11,2452
32.5,15,4,12,2460
32.5,15,4,13,2467
32.5,15,4,14,2475
32.5,15,4,15,2482
32.5,15,5,0,2378
32.5,15,5,1,2385
32.5,15,5,2,2393
32.5,15,5,3,2400
32.5,15,5,4,2408
32.5,15,5,5,2416
32.5,15,5,6,2423
32.5,15,5,7,2431
32.5,15,5,8,2438
32.5,15,5,9,2446
32.5,15,5,10,2453
32.5,15,5,11,2460
32.5,15,5,12,2468
32.5,15,5,13,2475
32.5,15,5,14,2483
32.5,15,5,15,2490
32.5,15,6,0,2385
32.5,15,6,1,2393
32.5,15,6,2,2401
32.5,15,6,3,2408
32.5,15,6,4,2416
32.5,15,6,5,2423
32.5,15,6,6,2431
32.5,15,6,7,2439
32.5,15,6,8,2446
32.5,15,6,9,2454
32.5,15,6,10,2461
32.5,15,6,11,2468
32.5,15,6,12,2476
32.5,15,6,13,2483
32.5,15,6,14,2491
32.5,15,6,15,2498
32.5,15,7,0,2393
32.5,15,7,1,2401
32.5,15,7,2,2408
32.5,15,7,3,2416
32.5,15,7,4,2424
32.5,15,7,5,2431
32.5,15,7,6,2439
32.5,15,7,7,2446
32.5,15,7,8,2454
32.5,15,7,9,2461
32.5,15,7,10,2469
32.5,15,7,11,2476
32.5,15,7,12,2484
32.5,15,7,13,2491
32.5,15,7,14,2499
32.5,15,7,15,2506
32.5,15,8,0,2401
32.5,15,8,1,2408
32.5,15,8,2,2416
32.5,15,8,3,2424
32.5,15,8,4,2431
32.5,15,8,5,2439
32.5,15,8,6,2447
32.5,15,8,7,2454
32.5,15,8,8,2462
32.5,15,8,9,2469
32.5,15,8,10,2477
32.5,15,8,11,2484
32.5,15,8,12,2492
32.5,15,8,13,2499
32.5,15,8,14,2507
32.5,15,8,15,2514
32.5,15,9,0,2408
32.5,15,9,1,2416
32.5,15,9,2,2424
32.5,15,9,3,2431
32.5,15,9,4,2439
32.5,15,9,5,2447
32.5,15,9,6,2454
32.5,15,9,7,2462
32.5,15,9,8,2470
32.5,15,9,9,2477
32.5,15,9,10,2485
32.5,15,9,11,2492
32.5,15,9,12,2500
32.5,15,9,13,2507
32.5,15,9,14,2515
32.5,15,9,15,2522
32.5,15,10,0,2416
32.5,15,10,1,2424
32.5,15,10,2,2431
32.5,15,10,3,2439
32.5,15,10,4,2447
32.5,15,10,5,2455
32.5,15,10,6,2462
32.5,15,10,7,2470
32.5,15,10,8,2477
32.5,15,10,9,2485
32.5,15,10,10,2493
32.5,15,10,11,2500
32.5,15,10,12,2508
32.5,15,10,13,2515
32.5,15,10,14,2523
32.5,15,10,15,2530
32.5,15,11,0,2423
32.5,15,11,1,2431
32.5,15,11,2,2439
32.5,15,11,3,2447
32.5,15,11,4,2455
32.5,15,11,5,2462
32.5,15,11,6,2470
32.5,15,11,7,2478
32.5,15,11,8,2485
32.5,15,11,9,2493
32.5,15,11,10,2500
32.5,15,11,11,2508
32.5,15,11,12,2516
32.5,15,11,13,2523
32.5,15,11,14,2531
32.5,15,11,15,2538
32.5,15,12,0,2431
32.5,15,12,1,2439
32.5,15,12,2,2447
32.5,15,12,3,2454
32.5,15,12,4,2462
32.5,15,12,5,2470
32.5,15,12,6,2478
32.5,15,12,7,2485
32.5,15,12,8,2493
32.5,15,12,9,2501
32.5,15,12,10,2508
32.5,15,12,11,2516
32.5,15,12,12,2523
32.5,15,12,13,2531
32.5,15,12,14,2538
32.5,15,12,15,2546
32.5,15,13,0,2439
32.5,15,13,1,2446
32.5,15,13,2,2454
32.5,15,13,3,2462
32.5,15,13,4,2470
32.5,15,13,5,2478
32.5,15,13,6,2485
32.5,15,13,7,2493
32.5,15,13,8,2501
32.5,15,13,9,2508
32.5,15,13,10,2516
32.5,15,13,11,2524
32.5,15,13,12,2531
32.5,15,13,13,2539
32.5,15,13,14,2546
32.5,15,13,15,2554
32.5,15,14,0,2446
32.5,15,14,1,2454
32.5,15,14,2,2462
32.5,15,14,3,2470
32.5,15,14,4,2477
32.5,15,14,5,2485
32.5,15,14,6,2493
32.5,15,14,7,2501
32.5,15,14,8,2508
32.5,15,14,9,2516
32.5,15,14,10,2524
32.5,15,14,11,2531
32.5,15,14,12,2539
32.5,15,14,13,2547
32.5,15,14,14,2554
32.5,15,14,15,2562
32.5,15,15,0,2454
32.5,15,15,1,2461
32.5,15,15,2,2469
32.5,15,15,3,2477
32.5,15,15,4,2485
32.5,15,15,5,2493
32.5,15,15,6,2501
32.5,15,15,7,2508
32.5,15,15,8,2516
32.5,15,15,9,2524
32.5,15,15,10,2531
32.5,15,15,11,2539
32.5,15,15,12,2547
32.5,15,15,13,2554
32.5,15,15,14,2562
32.5,15,15,15,2570
33.0,0,0,0,2229
33.0,0,0,1,2236
33.0,0,0,2,2244
33.0,0,0,3,2251
33.0,0,0,4,2258
33.0,0,0,5,2265
33.0,0,0,6,2272
33.0,0,0,7,2279
33.0,0,0,8,2286
33.0,0,0,9,2293
33.0,0,0,10,2300
33.0,0,0,11,2307
33.0,0,0,12,2314
33.0,0,0,13,2321
33.0,0,0,14,2328
33.0,0,0,15,2335
33.0,0,1,0,2237
33.0,0,1,1,2244
33.0,0,1,2,2251
33.0,0,1,3,2258
33.0,0,1,4,2265
33.0,0,1,5,2272
33.0,0,1,6,2280
33.0,0,1,7,2287
33.0,0,1,8,2294
33.0,0,1,9,2301
33.0,0,1,10,2308
33.0,0,1,11,2315
33.0,0,1,12,2322
33.0,0,1,13,2329
33.0,0,1,14,2336
33.0,0,1,15,2342
33.0,0,2,0,2244
33.0,0,2,1,2251
33.0,0,2,2,2259
33.0,0,2,3,2266
33.0,0,2,4,2273
33.0,0,2,5,2280
33.0,0,2,6,2287
33.0,0,2,7,2294
33.0,0,2,8,2301
33.0,0,2,9,2308
33.0,0,2,10,2315
33.0,0,2,11,2322
33.0,0,2,12,2329
33.0,0,2,13,2336
33.0,0,2,14,2343
33.0,0,2,15,2350
33.0,0,3,0,2252
33.0,0,3,1,2259
33.0,0,3,2,2266
33.0,0,3,3,2273
33.0,0,3,4,2280
33.0,0,3,5,2288
33.0,0,3,6,2295
33.0,0,3,7,2302
33.0,0,3,8,2309
33.0,0,3,9,2316
33.0,0,3,10,2323
33.0,0,3,11,2330
33.0,0,3,12,2337
33.0,0,3,13,2344
33.0,0,3,14,2351
33.0,0,3,15,2358
33.0,0,4,0,2259
33.0,0,4,1,2266
33.0,0,4,2,2273
33.0,0,4,3,2281
33.0,0,4,4,2288
33.0,0,4,5,2295
33.0,0,4,6,2302
33.0,0,4,7,2309
33.0,0,4,8,2316
33.0,0,4,9,2324
33.0,0,4,10,2331
33.0,0,4,11,2338
33.0,0,4,12,2345
33.0,0,4,13,2352
33.0,0,4,14,2359
33.0,0,4,15,2366
33.0,0,5,0,2266
33.0,0,5,1,2274
33.0,0,5,2,2281
33.0,0,5,3,2288
33.0,0,5,4,2295
33.0,0,5,5,2303
33.0,0,5,6,2310
33.0,0,5,7,2317
33.0,0,5,8,2324
33.0,0,5,9,2331
33.0,0,5,10,2338
33.0,0,5,11,2345
33.0,0,5,12,2352
33.0,0,5,13,2359
33.0,0,5,14,2366
33.0,0,5,15,2373
33.0,0,6,0,2274
33.0,0,6,1,2281
33.0,0,6,2,2288
33.0,0,6,3,2296
33.0,0,6,4,2303
33.0,0,6,5,2310
33.0,0,6,6,2317
33.0,0,6,7,2324
33.0,0,6,8,2332
33.0,0,6,9,2339
33.0,0,6,10,2346
33.0,0,6,11,2353
33.0,0,6,12,2360
33.0,0,6,13,2367
33.0,0,6,14,2374
33.0,0,6,15,2381
33.0,0,7,0,2281
33.0,0,7,1,2288
33.0,0,7,2,2296
33.0,0,7,3,2303
33.0,0,7,4,2310
33.0,0,7,5,2317
33.0,0,7,6,2325
33.0,0,7,7,2332
33.0,0,7,8,2339
33.0,0,7,9,2346
33.0,0,7,10,2353
33.0,0,7,11,2361
33.0,0,7,12,2368
33.0,0,7,13,2375
33.0,0,7,14,2382
33.0,0,7,15,2389
33.0,0,8,0,2288
33.0,0,8,1,2296
33.0,0,8,2,2303
33.0,0,8,3,2310
33.0,0,8,4,2318
33.0,0,8,5,2325
33.0,0,8,6,2332
33.0,0,8,7,2339
33.0,0,8,8,2347
33.0,0,8,9,2354
33.0,0,8,10,2361
33.0,0,8,11,2368
33.0,0,8,12,2375
33.0,0,8,13,2382
33.0,0,8,14,2389
33.0,0,8,15,2396
33.0,0,9,0,2296
33.0,0,9,1,2303
33.0,0,9,2,2310
33.0,0,9,3,2318
33.0,0,9,4,2325
33.0,0,9,5,2332
33.0,0,9,6,2340
33.0,0,9,7,2347
33.0,0,9,8,2354
33.0,0,9,9,2361
33.0,0,9,10,2368
33.0,0,9,11,2376
33.0,0,9,12,2383
33.0,0,9,13,2390
33.0,0,9,14,2397
33.0,0,9,15,2404
33.0,0,10,0,2303
33.0,0,10,1,2310
33.0,0,10,2,2318
33.0,0,10,3,2325
33.0,0,10,4,2332
33.0,0,10,5,2340
33.0,0,10,6,2347
33.0,0,10,7,2354
33.0,0,10,8,2361
33.0,0,10,9,2369
33.0,0,10,10,2376
33.0,0,10,11,2383
33.0,0,10,12,2390
33.0,0,10,13,2397
33.0,0,10,14,2405
33.0,0,10,15,2412
33.0,0,11,0,2310
33.0,0,11,1,2317
33.0,0,11,2,2325
33.0,0,11,3,2332
33.0,0,11,4,2340
33.0,0,11,5,2347
33.0,0,11,6,2354
33.0,0,11,7,2362
33.0,0,11,8,2369
33.0,0,11,9,2376
33.0,0,11,10,2383
33.0,0,11,11,2391
33.0,0,11,12,2398
33.0,0,11,13,2405
33.0,0,11,14,2412
33.0,0,11,15,2419
33.0,0,12,0,2317
33.0,0,12,1,2325
33.0,0,12,2,2332
33.0,0,12,3,2340
33.0,0,12,4,2347
33.0,0,12,5,2354
33.0,0,12,6,2362
33.0,0,12,7,2369
33.0,0,12,8,2376
33.0,0,12,9,2384
33.0,0,12,10,2391
33.0,0,12,11,2398
33.0,0,12,12,2405
33.0,0,12,13,2412
33.0,0,12,14,2420
33.0,0,12,15,2427
33.0,0,13,0,2324
33.0,0,13,1,2332
33.0,0,13,2,2339
33.0,0,13,3,2347
33.0,0,13,4,2354
33.0,0,13,5,2362
33.0,0,13,6,2369
33.0,0,13,7,2376
33.0,0,13,8,2384
33.0,0,13,9,2391
33.0,0,13,10,2398
33.0,0,13,11,2406
33.0,0,13,12,2413
33.0,0,13,13,2420
33.0,0,13,14,2427
33.0,0,13,15,2434
33.0,0,14,0,2332
33.0,0,14,1,2339
33.0,0,14,2,2347
33.0,0,14,3,2354
33.0,0,14,4,2361
33.0,0,14,5,2369
33.0,0,14,6,2376
33.0,0,14,7,2384
33.0,0,14,8,2391
33.0,0,14,9,2398
33.0,0,14,10,2406
33.0,0,14,11,2413
33.0,0,14,12,2420
33.0,0,14,13,2427
33.0,0,14,14,2435
33.0,0,14,15,2442
33.0,0,15,0,2339
33.0,0,15,1,2346
33.0,0,15,2,2354
33.0,0,15,3,2361
33.0,0,15,4,2369
33.0,0,15,5,2376
33.0,0,15,6,2384
33.0,0,15,7,2391
33.0,0,15,8,2398
33.0,0,15,9,2406
33.0,0,15,10,2413
33.0,0,15,11,2420
33.0,0,15,12,2428
33.0,0,15,13,2435
33.0,0,15,14,2442
33.0,0,15,15,2449
33.0,1,0,0,2238
33.0,1,0,1,2245
33.0,1,0,2,2252
33.0,1,0,3,2259
33.0,1,0,4,2266
33.0,1,0,5,2274
33.0,1,0,6,2281
33.0,1,0,7,2288
33.0,1,0,8,2295
33.0,1,0,9,2302
33.0,1,0,10,2309
33.0,1,0,11,2316
33.0,1,0,12,2323
33.0,1,0,13,2330
33.0,1,0,14,2337
33.0,1,0,15,2344
33.0,1,1,0,2245
33.0,1,1,1,2252
33.0,1,1,2,2260
33.0,1,1,3,2267
33.0,1,1,4,2274
33.0,1,1,5,2281
33.0,1,1,6,2288
33.0,1,1,7,2295
33.0,1,1,8,2302
33.0,1,1,9,2310
33.0,1,1,10,2317
33.0,1,1,11,2324
33.0,1,1,12,2331
33.0,1,1,13,2338
33.0,1,1,14,2344
33.0,1,1,15,2351
33.0,1,2,0,2253
33.0,1,2,1,2260
33.0,1,2,2,2267
33.0,1,2,3,2274
33.0,1,2,4,2282
33.0,1,2,5,2289
33.0,1,2,6,2296
33.0,1,2,7,2303
33.0,1,2,8,2310
33.0,1,2,9,2317
33.0,1,2,10,2324
33.0,1,2,11,2331
33.0,1,2,12,2338
33.0,1,2,13,2345
33.0,1,2,14,2352
33.0,1,2,15,2359
33.0,1,3,0,2260
33.0,1,3,1,2267
33.0,1,3,2,2275
33.0,1,3,3,2282
33.0,1,3,4,2289
33.0,1,3,5,2296
33.0,1,3,6,2303
33.0,1,3,7,2311
33.0,1,3,8,2318
33.0,1,3,9,2325
33.0,1,3,10,2332
33.0,1,3,11,2339
33.0,1,3,12,2346
33.0,1,3,13,2353
33.0,1,3,14,2360
33.0,1,3,15,2367
33.0,1,4,0,2268
33.0,1,4,1,2275
33.0,1,4,2,2282
33.0,1,4,3,2289
33.0,1,4,4,2297
33.0,1,4,5,2304
33.0,1,4,6,2311
33.0,1,4,7,2318
33.0,1,4,8,2325
33.0,1,4,9,2332
33.0,1,4,10,2340
33.0,1,4,11,2347
33.0,1,4,12,2354
33.0,1,4,13,2361
33.0,1,4,14,2368
33.0,1,4,15,2375
33.0,1,5,0,2275
33.0,1,5,1,2282
33.0,1,5,2,2290
33.0,1,5,3,2297
33.0,1,5,4,2304
33.0,1,5,5,2311
33.0,1,5,6,2319
33.0,1,5,7,2326
33.0,1,5,8,2333
33.0,1,5,9,2340
33.0,1,5,10,2347
33.0,1,5,11,2354
33.0,1,5,12,2361
33.0,1,5,13,2368
33.0,1,5,14,2376
33.0,1,5,15,2383
33.0,1,6,0,2282
33.0,1,6,1,2290
33.0,1,6,2,2297
33.0,1,6,3,2304
33.0,1,6,4,2312
33.0,1,6,5,2319
33.0,1,6,6,2326
33.0,1,6,7,2333
33.0,1,6,8,2341
33.0,1,6,9,2348
33.0,1,6,10,2355
33.0,1,6,11,2362
33.0,1,6,12,2369
33.0,1,6,13,2376
33.0,1,6,14,2383
33.0,1,6,15,2390
33.0,1,7,0,2290
33.0,1,7,1,2297
33.0,1,7,2,2304
33.0,1,7,3,2312
33.0,1,7,4,2319
33.0,1,7,5,2326
33.0,1,7,6,2334
33.0,1,7,7,2341
33.0,1,7,8,2348
33.0,1,7,9,2355
33.0,1,7,10,2362
33.0,1,7,11,2370
33.0,1,7,12,2377
33.0,1,7,13,2384
33.0,1,7,14,2391
33.0,1,7,15,2398
33.0,1,8,0,2297
33.0,1,8,1,2304
33.0,1,8,2,2312
33.0,1,8,3,2319
33.0,1,8,4,2326
33.0,1,8,5,2334
33.0,1,8,6,2341
33.0,1,8,7,2348
33.0,1,8,8,2356
33.0,1,8,9,2363
33.0,1,8,10,2370
33.0,1,8,11,2377
33.0,1,8,12,2384
33.0,1,8,13,2391
33.0,1,8,14,2399
33.0,1,8,15,2406
33.0,1,9,0,2304
33.0,1,9,1,2312
33.0,1,9,2,2319
33.0,1,9,3,2327
33.0,1,9,4,2334
33.0,1,9,5,2341
33.0,1,9,6,2349
33.0,1,9,7,2356
33.0,1,9,8,2363
33.0,1,9,9,2370
33.0,1,9,10,2378
33.0,1,9,11,2385
33.0,1,9,12,2392
33.0,1,9,13,2399
33.0,1,9,14,2406
33.0,1,9,15,2413
33.0,1,10,0,2312
33.0,1,10,1,2319
33.0,1,10,2,2326
33.0,1,10,3,2334
33.0,1,10,4,2341
33.0,1,10,5,2349
33.0,1,10,6,2356
33.0,1,10,7,2363
33.0,1,10,8,2371
33.0,1,10,9,2378
33.0,1,10,10,2385
33.0,1,10,11,2392
33.0,1,10,12,2399
33.0,1,10,13,2407
33.0,1,10,14,2414
33.0,1,10,15,2421
33.0,1,11,0,2319
33.0,1,11,1,2326
33.0,1,11,2,2334
33.0,1,11,3,2341
33.0,1,11,4,2349
33.0,1,11,5,2356
33.0,1,11,6,2363
33.0,1,11,7,2371
33.0,1,11,8,2378
33.0,1,11,9,2385
33.0,1,11,10,2393
33.0,1,11,11,2400
33.0,1,11,12,2407
33.0,1,11,13,2414
33.0,1,11,14,2421
33.0,1,11,15,2429
33.0,1,12,0,2326
33.0,1,12,1,2334
33.0,1,12,2,2341
33.0,1,12,3,2349
33.0,1,12,4,2356
33.0,1,12,5,2363
33.0,1,12,6,2371
33.0,1,12,7,2378
33.0,1,12,8,2385
33.0,1,12,9,2393
33.0,1,12,10,2400
33.0,1,12,11,2407
33.0,1,12,12,2415
33.0,1,12,13,2422
33.0,1,12,14,2429
33.0,1,12,15,2436
33.0,1,13,0,2333
33.0,1,13,1,2341
33.0,1,13,2,2348
33.0,1,13,3,2356
33.0,1,13,4,2363
33.0,1,13,5,2371
33.0,1,13,6,2378
33.0,1,13,7,2385
33.0,1,13,8,2393
33.0,1,13,9,2400
33.0,1,13,10,2407
33.0,1,13,11,2415
33.0,1,13,12,2422
33.0,1,13,13,2429
33.0,1,13,14,2436
33.0,1,13,15,2444
33.0,1,14,0,2341
33.0,1,14,1,2348
33.0,1,14,2,2356
33.0,1,14,3,2363
33.0,1,14,4,2371
33.0,1,14,5,2378
33.0,1,14,6,2385
33.0,1,14,7,2393
33.0,1,14,8,2400
33.0,1,14,9,2408
33.0,1,14,10,2415
33.0,1,14,11,2422
33.0,1,14,12,2429
33.0,1,14,13,2437
33.0,1,14,14,2444
33.0,1,14,15,2451
33.0,1,15,0,2348
33.0,1,15,1,2355
33.0,1,15,2,2363
33.0,1,15,3,2370
33.0,1,15,4,2378
33.0,1,15,5,2385
33.0,1,15,6,2393
33.0,1,15,7,2400
33.0,1,15,8,2408
33.0,1,15,9,2415
33.0,1,15,10,2422
33.0,1,15,11,2430
33.0,1,15,12,2437
33.0,1,15,13,2444
33.0,1,15,14,2451
33.0,1,15,15,2459
33.0,2,0,0,2246
33.0,2,0,1,2254
33.0,2,0,2,2261
33.0,2,0,3,2268
33.0,2,0,4,2275
33.0,2,0,5,2282
33.0,2,0,6,2289
33.0,2,0,7,2296
33.0,2,0,8,2304
33.0,2,0,9,2311
33.0,2,0,10,2318
33.0,2,0,11,2325
33.0,2,0,12,2332
33.0,2,0,13,2339
33.0,2,0,14,2346
33.0,2,0,15,2352
33.0,2,1,0,2254
33.0,2,1,1,2261
33.0,2,1,2,2268
33.0,2,1,3,2276
33.0,2,1,4,2283
33.0,2,1,5,2290
33.0,2,1,6,2297
33.0,2,1,7,2304
33.0,2,1,8,2311
33.0,2,1,9,2318
33.0,2,1,10,2325
33.0,2,1,11,2332
33.0,2,1,12,2339
33.0,2,1,13,2346
33.0,2,1,14,2353
33.0,2,1,15,2360
33.0,2,2,0,2261
33.0,2,2,1,2269
33.0,2,2,2,2276
33.0,2,2,3,2283
33.0,2,2,4,2290
33.0,2,2,5,2297
33.0,2,2,6,2305
33.0,2,2,7,2312
33.0,2,2,8,2319
33.0,2,2,9,2326
33.0,2,2,10,2333
33.0,2,2,11,2340
33.0,2,2,12,2347
33.0,2,2,13,2354
33.0,2,2,14,2361
33.0,2,2,15,2368
33.0,2,3,0,2269
33.0,2,3,1,2276
33.0,2,3,2,2283
33.0,2,3,3,2291
33.0,2,3,4,2298
33.0,2,3,5,2305
33.0,2,3,6,2312
33.0,2,3,7,2319
33.0,2,3,8,2327
33.0,2,3,9,2334
33.0,2,3,10,2341
33.0,2,3,11,2348
33.0,2,3,12,2355
33.0,2,3,13,2362
33.0,2,3,14,2369
33.0,2,3,15,2376
33.0,2,4,0,2276
33.0,2,4,1,2284
33.0,2,4,2,2291
33.0,2,4,3,2298
33.0,2,4,4,2305
33.0,2,4,5,2313
33.0,2,4,6,2320
33.0,2,4,7,2327
33.0,2,4,8,2334
33.0,2,4,9,2341
33.0,2,4,10,2349
33.0,2,4,11,2356
33.0,2,4,12,2363
33.0,2,4,13,2370
33.0,2,4,14,2377
33.0,2,4,15,2384
33.0,2,5,0,2284
33.0,2,5,1,2291
33.0,2,5,2,2298
33.0,2,5,3,2306
33.0,2,5,4,2313
33.0,2,5,5,2320
33.0,2,5,6,2327
33.0,2,5,7,2335
33.0,2,5,8,2342
33.0,2,5,9,2349
33.0,2,5,10,2356
33.0,2,5,11,2363
33.0,2,5,12,2370
33.0,2,5,13,2378
33.0,2,5,14,2385
33.0,2,5,15,2392
33.0,2,6,0,2291
33.0,2,6,1,2298
33.0,2,6,2,2306
33.0,2,6,3,2313
33.0,2,6,4,2320
33.0,2,6,5,2328
33.0,2,6,6,2335
33.0,2,6,7,2342
33.0,2,6,8,2349
33.0,2,6,9,2357
33.0,2,6,10,2364
33.0,2,6,11,2371
33.0,2,6,12,2378
33.0,2,6,13,2385
33.0,2,6,14,2392
33.0,2,6,15,2399
33.0,2,7,0,2298
33.0,2,7,1,2306
33.0,2,7,2,2313
33.0,2,7,3,2321
33.0,2,7,4,2328
33.0,2,7,5,2335
33.0,2,7,6,2343
33.0,2,7,7,2350
33.0,2,7,8,2357
33.0,2,7,9,2364
33.0,2,7,10,2371
33.0,2,7,11,2379
33.0,2,7,12,2386
33.0,2,7,13,2393
33.0,2,7,14,2400
33.0,2,7,15,2407
33.0,2,8,0,2306
33.0,2,8,1,2313
33.0,2,8,2,2321
33.0,2,8,3,2328
33.0,2,8,4,2335
33.0,2,8,5,2343
33.0,2,8,6,2350
33.0,2,8,7,2357
33.0,2,8,8,2365
33.0,2,8,9,2372
33.0,2,8,10,2379
33.0,2,8,11,2386
33.0,2,8,12,2393
33.0,2,8,13,2401
33.0,2,8,14,2408
33.0,2,8,15,2415
33.0,2,9,0,2313
33.0,2,9,1,2321
33.0,2,9,2,2328
33.0,2,9,3,2335
33.0,2,9,4,2343
33.0,2,9,5,2350
33.0,2,9,6,2357
33.0,2,9,7,2365
33.0,2,9,8,2372
33.0,2,9,9,2379
33.0,2,9,10,2387
33.0,2,9,11,2394
33.0,2,9,12,2401
33.0,2,9,13,2408
33.0,2,9,14,2415
33.0,2,9,15,2423
33.0,2,10,0,2320
33.0,2,10,1,2328
33.0,2,10,2,2335
33.0,2,10,3,2343
33.0,2,10,4,2350
33.0,2,10,5,2358
33.0,2,10,6,2365
33.0,2,10,7,2372
33.0,2,10,8,2380
33.0,2,10,9,2387
33.0,2,10,10,2394
33.0,2,10,11,2401
33.0,2,10,12,2409
33.0,2,10,13,2416
33.0,2,10,14,2423
33.0,2,10,15,2430
33.0,2,11,0,2328
33.0,2,11,1,2335
33.0,2,11,2,2343
33.0,2,11,3,2350
33.0,2,11,4,2358
33.0,2,11,5,2365
33.0,2,11,6,2372
33.0,2,11,7,2380
33.0,2,11,8,2387
33.0,2,11,9,2394
33.0,2,11,10,2402
33.0,2,11,11,2409
33.0,2,11,12,2416
33.0,2,11,13,2423
33.0,2,11,14,2431
33.0,2,11,15,2438
33.0,2,12,0,2335
33.0,2,12,1,2343
33.0,2,12,2,2350
33.0,2,12,3,2357
33.0,2,12,4,2365
33.0,2,12,5,2372
33.0,2,12,6,2380
33.0,2,12,7,2387
33.0,2,12,8,2395
33.0,2,12,9,2402
33.0,2,12,10,2409
33.0,2,12,11,2416
33.0,2,12,12,2424
33.0,2,12,13,2431
33.0,2,12,14,2438
33.0,2,12,15,2445
33.0,2,13,0,2342
33.0,2,13,1,2350
33.0,2,13,2,2357
33.0,2,13,3,2365
33.0,2,13,4,2372
33.0,2,13,5,2380
33.0,2,13,6,2387
33.0,2,13,7,2395
33.0,2,13,8,2402
33.0,2,13,9,2409
33.0,2,13,10,2417
33.0,2,13,11,2424
33.0,2,13,12,2431
33.0,2,13,13,2439
33.0,2,13,14,2446
33.0,2,13,15,2453
33.0,2,14,0,2349
33.0,2,14,1,2357
33.0,2,14,2,2365
33.0,2,14,3,2372
33.0,2,14,4,2380
33.0,2,14,5,2387
33.0,2,14,6,2395
33.0,2,14,7,2402
33.0,2,14,8,2409
33.0,2,14,9,2417
33.0,2,14,10,2424
33.0,2,14,11,2431
33.0,2,14,12,2439
33.0,2,14,13,2446
33.0,2,14,14,2453
33.0,2,14,15,2461
33.0,2,15,0,2357
33.0,2,15,1,2364
33.0,2,15,2,2372
33.0,2,15,3,2379
33.0,2,15,4,2387
33.0,2,15,5,2394
33.0,2,15,6,2402
33.0,2,15,7,2409
33.0,2,15,8,2417
33.0,2,15,9,2424
33.0,2,15,10,2432
33.0,2,15,11,2439
33.0,2,15,12,2446
33.0,2,15,13,2454
33.0,2,15,14,2461
33.0,2,15,15,2468
33.0,3,0,0,2255
33.0,3,0,1,2262
33.0,3,0,2,2269
33.0,3,0,3,2277
33.0,3,0,4,2284
33.0,3,0,5,2291
33.0,3,0,6,2298
33.0,3,0,7,2305
33.0,3,0,8,2312
33.0,3,0,9,2319
33.0,3,0,10,2326
33.0,3,0,11,2333
33.0,3,0,12,2340
33.0,3,0,13,2347
33.0,3,0,14,2354
33.0,3,0,15,2361
33.0,3,1,0,2262
33.0,3,1,1,2270
33.0,3,1,2,2277
33.0,3,1,3,2284
33.0,3,1,4,2291
33.0,3,1,5,2299
33.0,3,1,6,2306
33.0,3,1,7,2313
33.0,3,1,8,2320
33.0,3,1,9,2327
33.0,3,1,10,2334
33.0,3,1,11,2341
33.0,3,1,12,2348
33.0,3,1,13,2355
33.0,3,1,14,2362
33.0,3,1,15,2369
33.0,3,2,0,2270
33.0,3,2,1,2277
33.0,3,2,2,2285
33.0,3,2,3,2292
33.0,3,2,4,2299
33.0,3,2,5,2306
33.0,3,2,6,2313
33.0,3,2,7,2321
33.0,3,2,8,2328
33.0,3,2,9,2335
33.0,3,2,10,2342
33.0,3,2,11,2349
33.0,3,2,12,2356
33.0,3,2,13,2363
33.0,3,2,14,2370
33.0,3,2,15,2377
33.0,3,3,0,2277
33.0,3,3,1,2285
33.0,3,3,2,2292
33.0,3,3,3,2299
33.0,3,3,4,2307
33.0,3,3,5,2314
33.0,3,3,6,2321
33.0,3,3,7,2328
33.0,3,3,8,2335
33.0,3,3,9,2343
33.0,3,3,10,2350
33.0,3,3,11,2357
33.0,3,3,12,2364
33.0,3,3,13,2371
33.0,3,3,14,2378
33.0,3,3,15,2385
33.0,3,4,0,2285
33.0,3,4,1,2292
33.0,3,4,2,2300
33.0,3,4,3,2307
33.0,3,4,4,2314
33.0,3,4,5,2321
33.0,3,4,6,2329
33.0,3,4,7,2336
33.0,3,4,8,2343
33.0,3,4,9,2350
33.0,3,4,10,2357
33.0,3,4,11,2365
33.0,3,4,12,2372
33.0,3,4,13,2379
33.0,3,4,14,2386
33.0,3,4,15,2393
33.0,3,5,0,2292
33.0,3,5,1,2300
33.0,3,5,2,2307
33.0,3,5,3,2314
33.0,3,5,4,2322
33.0,3,5,5,2329
33.0,3,5,6,2336
33.0,3,5,7,2344
33.0,3,5,8,2351
33.0,3,5,9,2358
33.0,3,5,10,2365
33.0,3,5,11,2372
33.0,3,5,12,2379
33.0,3,5,13,2387
33.0,3,5,14,2394
33.0,3,5,15,2401
33.0,3,6,0,2300
33.0,3,6,1,2307
33.0,3,6,2,2315
33.0,3,6,3,2322
33.0,3,6,4,2329
33.0,3,6,5,2337
33.0,3,6,6,2344
33.0,3,6,7,2351
33.0,3,6,8,2358
33.0,3,6,9,2366
33.0,3,6,10,2373
33.0,3,6,11,2380
33.0,3,6,12,2387
33.0,3,6,13,2394
33.0,3,6,14,2401
33.0,3,6,15,2409
33.0,3,7,0,2307
33.0,3,7,1,2315
33.0,3,7,2,2322
33.0,3,7,3,2329
33.0,3,7,4,2337
33.0,3,7,5,2344
33.0,3,7,6,2351
33.0,3,7,7,2359
33.0,3,7,8,2366
33.0,3,7,9,2373
33.0,3,7,10,2380
33.0,3,7,11,2388
33.0,3,7,12,2395
33.0,3,7,13,2402
33.0,3,7,14,2409
33.0,3,7,15,2416
33.0,3,8,0,2315
33.0,3,8,1,2322
33.0,3,8,2,2329
33.0,3,8,3,2337
33.0,3,8,4,2344
33.0,3,8,5,2352
33.0,3,8,6,2359
33.0,3,8,7,2366
33.0,3,8,8,2374
33.0,3,8,9,2381
33.0,3,8,10,2388
33.0,3,8,11,2395
33.0,3,8,12,2403
33.0,3,8,13,2410
33.0,3,8,14,2417
33.0,3,8,15,2424
33.0,3,9,0,2322
33.0,3,9,1,2329
33.0,3,9,2,2337
33.0,3,9,3,2344
33.0,3,9,4,2352
33.0,3,9,5,2359
33.0,3,9,6,2366
33.0,3,9,7,2374
33.0,3,9,8,2381
33.0,3,9,9,2388
33.0,3,9,10,2396
33.0,3,9,11,2403
33.0,3,9,12,2410
33.0,3,9,13,2417
33.0,3,9,14,2425
33.0,3,9,15,2432
33.0,3,10,0,2329
33.0,3,10,1,2337
33.0,3,10,2,2344
33.0,3,10,3,2352
33.0,3,10,4,2359
33.0,3,10,5,2367
33.0,3,10,6,2374
33.0,3,10,7,2381
33.0,3,10,8,2389
33.0,3,10,9,2396
33.0,3,10,10,2403
33.0,3,10,11,2411
33.0,3,10,12,2418
33.0,3,10,13,2425
33.0,3,10,14,2432
33.0,3,10,15,2439
33.0,3,11,0,2337
33.0,3,11,1,2344
33.0,3,11,2,2352
33.0,3,11,3,2359
33.0,3,11,4,2367
33.0,3,11,5,2374
33.0,3,11,6,2381
33.0,3,11,7,2389
33.0,3,11,8,2396
33.0,3,11,9,2403
33.0,3,11,10,2411
33.0,3,11,11,2418
33.0,3,11,12,2425
33.0,3,11,13,2433
33.0,3,11,14,2440
33.0,3,11,15,2447
33.0,3,12,0,2344
33.0,3,12,1,2351
33.0,3,12,2,2359
33.0,3,12,3,2366
33.0,3,12,4,2374
33.0,3,12,5,2381
33.0,3,12,6,2389
33.0,3,12,7,2396
33.0,3,12,8,2404
33.0,3,12,9,2411
33.0,3,12,10,2418
33.0,3,12,11,2426
33.0,3,12,12,2433
33.0,3,12,13,2440
33.0,3,12,14,2447
33.0,3,12,15,2455
33.0,3,13,0,2351
33.0,3,13,1,2359
33.0,3,13,2,2366
33.0,3,13,3,2374
33.0,3,13,4,2381
33.0,3,13,5,2389
33.0,3,13,6,2396
33.0,3,13,7,2404
33.0,3,13,8,2411
33.0,3,13,9,2418
33.0,3,13,10,2426
33.0,3,13,11,2433
33.0,3,13,12,2440
33.0,3,13,13,2448
33.0,3,13,14,2455
33.0,3,13,15,2462
33.0,3,14,0,2358
33.0,3,14,1,2366
33.0,3,14,2,2374
33.0,3,14,3,2381
33.0,3,14,4,2389
33.0,3,14,5,2396
33.0,3,14,6,2404
33.0,3,14,7,2411
33.0,3,14,8,2419
33.0,3,14,9,2426
33.0,3,14,10,2433
33.0,3,14,11,2441
33.0,3,14,12,2448
33.0,3,14,13,2455
33.0,3,14,14,2463
33.0,3,14,15,2470
33.0,3,15,0,2366
33.0,3,15,1,2373
33.0,3,15,2,2381
33.0,3,15,3,2388
33.0,3,15,4,2396
33.0,3,15,5,2403
33.0,3,15,6,2411
33.0,3,15,7,2418
33.0,3,15,8,2426
33.0,3,15,9,2433
33.0,3,15,10,2441
33.0,3,15,11,2448
33.0,3,15,12,2456
33.0,3,15,13,2463
33.0,3,15,14,2470
33.0,3,15,15,2477
33.0,4,0,0,2263
33.0,4,0,1,2271
33.0,4,0,2,2278
33.0,4,0,3,2285
33.0,4,0,4,2292
33.0,4,0,5,2300
33.0,4,0,6,2307
33.0,4,0,7,2314
33.0,4,0,8,2321
33.0,4,0,9,2328
33.0,4,0,10,2335
33.0,4,0,11,2342
33.0,4,0,12,2349
33.0,4,0,13,2356
33.0,4,0,14,2363
33.0,4,0,15,2370
33.0,4,1,0,2271
33.0,4,1,1,2278
33.0,4,1,2,2286
33.0,4,1,3,2293
33.0,4,1,4,2300
33.0,4,1,5,2307
33.0,4,1,6,2314
33.0,4,1,7,2322
33.0,4,1,8,2329
33.0,4,1,9,2336
33.0,4,1,10,2343
33.0,4,1,11,2350
33.0,4,1,12,2357
33.0,4,1,13,2364
33.0,4,1,14,2371
33.0,4,1,15,2378
33.0,4,2,0,2279
33.0,4,2,1,2286
33.0,4,2,2,2293
33.0,4,2,3,2300
33.0,4,2,4,2308
33.0,4,2,5,2315
33.0,4,2,6,2322
33.0,4,2,7,2329
33.0,4,2,8,2337
33.0,4,2,9,2344
33.0,4,2,10,2351
33.0,4,2,11,2358
33.0,4,2,12,2365
33.0,4,2,13,2372
33.0,4,2,14,2379
33.0,4,2,15,2386
33.0,4,3,0,2286
33.0,4,3,1,2293
33.0,4,3,2,2301
33.0,4,3,3,2308
33.0,4,3,4,2315
33.0,4,3,5,2323
33.0,4,3,6,2330
33.0,4,3,7,2337
33.0,4,3,8,2344
33.0,4,3,9,2351
33.0,4,3,10,2359
33.0,4,3,11,2366
33.0,4,3,12,2373
33.0,4,3,13,2380
33.0,4,3,14,2387
33.0,4,3,15,2394
33.0,4,4,0,2294
33.0,4,4,1,2301
33.0,4,4,2,2308
33.0,4,4,3,2316
33.0,4,4,4,2323
33.0,4,4,5,2330
33.0,4,4,6,2338
33.0,4,4,7,2345
33.0,4,4,8,2352
33.0,4,4,9,2359
33.0,4,4,10,2366
33.0,4,4,11,2374
33.0,4,4,12,2381
33.0,4,4,13,2388
33.0,4,4,14,2395
33.0,4,4,15,2402
33.0,4,5,0,2301
33.0,4,5,1,2308
33.0,4,5,2,2316
33.0,4,5,3,2323
33.0,4,5,4,2331
33.0,4,5,5,2338
33.0,4,5,6,2345
33.0,4,5,7,2352
33.0,4,5,8,2360
33.0,4,5,9,2367
33.0,4,5,10,2374
33.0,4,5,11,2381
33.0,4,5,12,2388
33.0,4,5,13,2396
33.0,4,5,14,2403
33.0,4,5,15,2410
33.0,4,6,0,2308
33.0,4,6,1,2316
33.0,4,6,2,2323
33.0,4,6,3,2331
33.0,4,6,4,2338
33.0,4,6,5,2345
33.0,4,6,6,2353
33.0,4,6,7,2360
33.0,4,6,8,2367
33.0,4,6,9,2375
33.0,4,6,10,2382
33.0,4,6,11,2389
33.0,4,6,12,2396
33.0,4,6,13,2403
33.0,4,6,14,2411
33.0,4,6,15,2418
33.0,4,7,0,2316
33.0,4,7,1,2323
33.0,4,7,2,2331
33.0,4,7,3,2338
33.0,4,7,4,2346
33.0,4,7,5,2353
33.0,4,7,6,2360
33.0,4,7,7,2368
33.0,4,7,8,2375
33.0,4,7,9,2382
33.0,4,7,10,2389
33.0,4,7,11,2397
33.0,4,7,12,2404
33.0,4,7,13,2411
33.0,4,7,14,2418
33.0,4,7,15,2425
33.0,4,8,0,2323
33.0,4,8,1,2331
33.0,4,8,2,2338
33.0,4,8,3,2346
33.0,4,8,4,2353
33.0,4,8,5,2361
33.0,4,8,6,2368
33.0,4,8,7,2375
33.0,4,8,8,2383
33.0,4,8,9,2390
33.0,4,8,10,2397
33.0,4,8,11,2404
33.0,4,8,12,2412
33.0,4,8,13,2419
33.0,4,8,14,2426
33.0,4,8,15,2433
33.0,4,9,0,2331
33.0,4,9,1,2338
33.0,4,9,2,2346
33.0,4,9,3,2353
33.0,4,9,4,2361
33.0,4,9,5,2368
33.0,4,9,6,2375
33.0,4,9,7,2383
33.0,4,9,8,2390
33.0,4,9,9,2397
33.0,4,9,10,2405
33.0,4,9,11,2412
33.0,4,9,12,2419
33.0,4,9,13,2427
33.0,4,9,14,2434
33.0,4,9,15,2441
33.0,4,10,0,2338
33.0,4,10,1,2346
33.0,4,10,2,2353
33.0,4,10,3,2361
33.0,4,10,4,2368
33.0,4,10,5,2376
33.0,4,10,6,2383
33.0,4,10,7,2390
33.0,4,10,8,2398
33.0,4,10,9,2405
33.0,4,10,10,2412
33.0,4,10,11,2420
33.0,4,10,12,2427
33.0,4,10,13,2434
33.0,4,10,14,2441
33.0,4,10,15,2449
33.0,4,11,0,2345
33.0,4,11,1,2353
33.0,4,11,2,2361
33.0,4,11,3,2368
33.0,4,11,4,2376
33.0,4,11,5,2383
33.0,4,11,6,2390
33.0,4,11,7,2398
33.0,4,11,8,2405
33.0,4,11,9,2413
33.0,4,11,10,2420
33.0,4,11,11,2427
33.0,4,11,12,2435
33.0,4,11,13,2442
33.0,4,11,14,2449
33.0,4,11,15,2456
33.0,4,12,0,2353
33.0,4,12,1,2360
33.0,4,12,2,2368
33.0,4,12,3,2375
33.0,4,12,4,2383
33.0,4,12,5,2390
33.0,4,12,6,2398
33.0,4,12,7,2405
33.0,4,12,8,2413
33.0,4,12,9,2420
33.0,4,12,10,2427
33.0,4,12,11,2435
33.0,4,12,12,2442
33.0,4,12,13,2449
33.0,4,12,14,2457
33.0,4,12,15,2464
33.0,4,13,0,2360
33.0,4,13,1,2368
33.0,4,13,2,2375
33.0,4,13,3,2383
33.0,4,13,4,2390
33.0,4,13,5,2398
33.0,4,13,6,2405
33.0,4,13,7,2413
33.0,4,13,8,2420
33.0,4,13,9,2428
33.0,4,13,10,2435
33.0,4,13,11,2442
33.0,4,13,12,2450
33.0,4,13,13,2457
33.0,4,13,14,2464
33.0,4,13,15,2472
33.0,4,14,0,2367
33.0,4,14,1,2375
33.0,4,14,2,2383
33.0,4,14,3,2390
33.0,4,14,4,2398
33.0,4,14,5,2405
33.0,4,14,6,2413
33.0,4,14,7,2420
33.0,4,14,8,2428
33.0,4,14,9,2435
33.0,4,14,10,2443
33.0,4,14,11,2450
33.0,4,14,12,2457
33.0,4,14,13,2465
33.0,4,14,14,2472
33.0,4,14,15,2479
33.0,4,15,0,2375
33.0,4,15,1,2382
33.0,4,15,2,2390
33.0,4,15,3,2397
33.0,4,15,4,2405
33.0,4,15,5,2413
33.0,4,15,6,2420
33.0,4,15,7,2428
33.0,4,15,8,2435
33.0,4,15,9,2443
33.0,4,15,10,2450
33.0,4,15,11,2457
33.0,4,15,12,2465
33.0,4,15,13,2472
33.0,4,15,14,2480
33.0,4,15,15,2487
33.0,5,0,0,2272
33.0,5,0,1,2279
33.0,5,0,2,2287
33.0,5,0,3,2294
33.0,5,0,4,2301
33.0,5,0,5,2308
33.0,5,0,6,2315
33.0,5,0,7,2323
33.0,5,0,8,2330
33.0,5,0,9,2337
33.0,5,0,10,2344
33.0,5,0,11,2351
33.0,5,0,12,2358
33.0,5,0,13,2365
33.0,5,0,14,2372
33.0,5,0,15,2379
33.0,5,1,0,2280
33.0,5,1,1,2287
33.0,5,1,2,2294
33.0,5,1,3,2301
33.0,5,1,4,2309
33.0,5,1,5,2316
33.0,5,1,6,2323
33.0,5,1,7,2330
33.0,5,1,8,2338
33.0,5,1,9,2345
33.0,5,1,10,2352
33.0,5,1,11,2359
33.0,5,1,12,2366
33.0,5,1,13,2373
33.0,5,1,14,2380
33.0,5,1,15,2387
33.0,5,2,0,2287
33.0,5,2,1,2294
33.0,5,2,2,2302
33.0,5,2,3,2309
33.0,5,2,4,2316
33.0,5,2,5,2324
33.0,5,2,6,2331
33.0,5,2,7,2338
33.0,5,2,8,2345
33.0,5,2,9,2353
33.0,5,2,10,2360
33.0,5,2,11,2367
33.0,5,2,12,2374
33.0,5,2,13,2381
33.0,5,2,14,2388
33.0,5,2,15,2395
33.0,5,3,0,2295
33.0,5,3,1,2302
33.0,5,3,2,2309
33.0,5,3,3,2317
33.0,5,3,4,2324
33.0,5,3,5,2331
33.0,5,3,6,2339
33.0,5,3,7,2346
33.0,5,3,8,2353
33.0,5,3,9,2360
33.0,5,3,10,2368
33.0,5,3,11,2375
33.0,5,3,12,2382
33.0,5,3,13,2389
33.0,5,3,14,2396
33.0,5,3,15,2403
33.0,5,4,0,2302
33.0,5,4,1,2310
33.0,5,4,2,2317
33.0,5,4,3,2324
33.0,5,4,4,2332
33.0,5,4,5,2339
33.0,5,4,6,2346
33.0,5,4,7,2354
33.0,5,4,8,2361
33.0,5,4,9,2368
33.0,5,4,10,2375
33.0,5,4,11,2383
33.0,5,4,12,2390
33.0,5,4,13,2397
33.0,5,4,14,2404
33.0,5,4,15,2411
33.0,5,5,0,2310
33.0,5,5,1,2317
33.0,5,5,2,2325
33.0,5,5,3,2332
33.0,5,5,4,2339
33.0,5,5,5,2347
33.0,5,5,6,2354
33.0,5,5,7,2361
33.0,5,5,8,2369
33.0,5,5,9,2376
33.0,5,5,10,2383
33.0,5,5,11,2390
33.0,5,5,12,2397
33.0,5,5,13,2405
33.0,5,5,14,2412
33.0,5,5,15,2419
33.0,5,6,0,2317
33.0,5,6,1,2325
33.0,5,6,2,2332
33.0,5,6,3,2340
33.0,5,6,4,2347
33.0,5,6,5,2354
33.0,5,6,6,2362
33.0,5,6,7,2369
33.0,5,6,8,2376
33.0,5,6,9,2384
33.0,5,6,10,2391
33.0,5,6,11,2398
33.0,5,6,12,2405
33.0,5,6,13,2412
33.0,5,6,14,2420
33.0,5,6,15,2427
33.0,5,7,0,2325
33.0,5,7,1,2332
33.0,5,7,2,2340
33.0,5,7,3,2347
33.0,5,7,4,2354
33.0,5,7,5,2362
33.0,5,7,6,2369
33.0,5,7,7,2377
33.0,5,7,8,2384
33.0,5,7,9,2391
33.0,5,7,10,2399
33.0,5,7,11,2406
33.0,5,7,12,2413
33.0,5,7,13,2420
33.0,5,7,14,2427
33.0,5,7,15,2435
33.0,5,8,0,2332
33.0,5,8,1,2340
33.0,5,8,2,2347
33.0,5,8,3,2355
33.0,5,8,4,2362
33.0,5,8,5,2369
33.0,5,8,6,2377
33.0,5,8,7,2384
33.0,5,8,8,2392
33.0,5,8,9,2399
33.0,5,8,10,2406
33.0,5,8,11,2413
33.0,5,8,12,2421
33.0,5,8,13,2428
33.0,5,8,14,2435
33.0,5,8,15,2442
33.0,5,9,0,2340
33.0,5,9,1,2347
33.0,5,9,2,2355
33.0,5,9,3,2362
33.0,5,9,4,2370
33.0,5,9,5,2377
33.0,5,9,6,2384
33.0,5,9,7,2392
33.0,5,9,8,2399
33.0,5,9,9,2407
33.0,5,9,10,2414
33.0,5,9,11,2421
33.0,5,9,12,2428
33.0,5,9,13,2436
33.0,5,9,14,2443
33.0,5,9,15,2450
33.0,5,10,0,2347
33.0,5,10,1,2354
33.0,5,10,2,2362
33.0,5,10,3,2370
33.0,5,10,4,2377
33.0,5,10,5,2384
33.0,5,10,6,2392
33.0,5,10,7,2399
33.0,5,10,8,2407
33.0,5,10,9,2414
33.0,5,10,10,2421
33.0,5,10,11,2429
33.0,5,10,12,2436
33.0,5,10,13,2443
33.0,5,10,14,2451
33.0,5,10,15,2458
33.0,5,11,0,2354
33.0,5,11,1,2362
33.0,5,11,2,2369
33.0,5,11,3,2377
33.0,5,11,4,2384
33.0,5,11,5,2392
33.0,5,11,6,2399
33.0,5,11,7,2407
33.0,5,11,8,2414
33.0,5,11,9,2422
33.0,5,11,10,2429
33.0,5,11,11,2436
33.0,5,11,12,2444
33.0,5,11,13,2451
33.0,5,11,14,2458
33.0,5,11,15,2466
33.0,5,12,0,2362
33.0,5,12,1,2369
33.0,5,12,2,2377
33.0,5,12,3,2384
33.0,5,12,4,2392
33.0,5,12,5,2399
33.0,5,12,6,2407
33.0,5,12,7,2414
33.0,5,12,8,2422
33.0,5,12,9,2429
33.0,5,12,10,2437
33.0,5,12,11,2444
33.0,5,12,12,2451
33.0,5,12,13,2459
33.0,5,12,14,2466
33.0,5,12,15,2473
33.0,5,13,0,2369
33.0,5,13,1,2377
33.0,5,13,2,2384
33.0,5,13,3,2392
33.0,5,13,4,2399
33.0,5,13,5,2407
33.0,5,13,6,2414
33.0,5,13,7,2422
33.0,5,13,8,2429
33.0,5,13,9,2437
33.0,5,13,10,2444
33.0,5,13,11,2452
33.0,5,13,12,2459
33.0,5,13,13,2466
33.0,5,13,14,2474
33.0,5,13,15,2481
33.0,5,14,0,2376
33.0,5,14,1,2384
33.0,5,14,2,2392
33.0,5,14,3,2399
33.0,5,14,4,2407
33.0,5,14,5,2414
33.0,5,14,6,2422
33.0,5,14,7,2429
33.0,5,14,8,2437
33.0,5,14,9,2444
33.0,5,14,10,2452
33.0,5,14,11,2459
33.0,5,14,12,2467
33.0,5,14,13,2474
33.0,5,14,14,2481
33.0,5,14,15,2489
33.0,5,15,0,2384
33.0,5,15,1,2391
33.0,5,15,2,2399
33.0,5,15,3,2407
33.0,5,15,4,2414
33.0,5,15,5,2422
33.0,5,15,6,2429
33.0,5,15,7,2437
33.0,5,15,8,2444
33.0,5,15,9,2452
33.0,5,15,10,2459
33.0,5,15,11,2467
33.0,5,15,12,2474
33.0,5,15,13,2482
33.0,5,15,14,2489
33.0,5,15,15,2496
33.0,6,0,0,2280
33.0,6,0,1,2288
33.0,6,0,2,2295
33.0,6,0,3,2302
33.0,6,0,4,2310
33.0,6,0,5,2317
33.0,6,0,6,2324
33.0,6,0,7,2331
33.0,6,0,8,2339
33.0,6,0,9,2346
33.0,6,0,10,2353
33.0,6,0,11,2360
33.0,6,0,12,2367
33.0,6,0,13,2374
33.0,6,0,14,2381
33.0,6,0,15,2388
33.0,6,1,0,2288
33.0,6,1,1,2295
33.0,6,1,2,2303
33.0,6,1,3,2310
33.0,6,1,4,2317
33.0,6,1,5,2325
33.0,6,1,6,2332
33.0,6,1,7,2339
33.0,6,1,8,2346
33.0,6,1,9,2354
33.0,6,1,10,2361
33.0,6,1,11,2368
33.0,6,1,12,2375
33.0,6,1,13,2382
33.0,6,1,14,2389
33.0,6,1,15,2396
33.0,6,2,0,2296
33.0,6,2,1,2303
33.0,6,2,2,2310
33.0,6,2,3,2318
33.0,6,2,4,2325
33.0,6,2,5,2332
33.0,6,2,6,2340
33.0,6,2,7,2347
33.0,6,2,8,2354
33.0,6,2,9,2361
33.0,6,2,10,2369
33.0,6,2,11,2376
33.0,6,2,12,2383
33.0,6,2,13,2390
33.0,6,2,14,2397
33.0,6,2,15,2404
33.0,6,3,0,2303
33.0,6,3,1,2311
33.0,6,3,2,2318
33.0,6,3,3,2325
33.0,6,3,4,2333
33.0,6,3,5,2340
33.0,6,3,6,2347
33.0,6,3,7,2355
33.0,6,3,8,2362
33.0,6,3,9,2369
33.0,6,3,10,2376
33.0,6,3,11,2384
33.0,6,3,12,2391
33.0,6,3,13,2398
33.0,6,3,14,2405
33.0,6,3,15,2412
33.0,6,4,0,2311
33.0,6,4,1,2318
33.0,6,4,2,2326
33.0,6,4,3,2333
33.0,6,4,4,2340
33.0,6,4,5,2348
33.0,6,4,6,2355
33.0,6,4,7,2362
33.0,6,4,8,2370
33.0,6,4,9,2377
33.0,6,4,10,2384
33.0,6,4,11,2391
33.0,6,4,12,2399
33.0,6,4,13,2406
33.0,6,4,14,2413
33.0,6,4,15,2420
33.0,6,5,0,2318
33.0,6,5,1,2326
33.0,6,5,2,2333
33.0,6,5,3,2341
33.0,6,5,4,2348
33.0,6,5,5,2356
33.0,6,5,6,2363
33.0,6,5,7,2370
33.0,6,5,8,2377
33.0,6,5,9,2385
33.0,6,5,10,2392
33.0,6,5,11,2399
33.0,6,5,12,2406
33.0,6,5,13,2414
33.0,6,5,14,2421
33.0,6,5,15,2428
33.0,6,6,0,2326
33.0,6,6,1,2333
33.0,6,6,2,2341
33.0,6,6,3,2348
33.0,6,6,4,2356
33.0,6,6,5,2363
33.0,6,6,6,2371
33.0,6,6,7,2378
33.0,6,6,8,2385
33.0,6,6,9,2393
33.0,6,6,10,2400
33.0,6,6,11,2407
33.0,6,6,12,2414
33.0,6,6,13,2422
33.0,6,6,14,2429
33.0,6,6,15,2436
33.0,6,7,0,2333
33.0,6,7,1,2341
33.0,6,7,2,2348
33.0,6,7,3,2356
33.0,6,7,4,2363
33.0,6,7,5,2371
33.0,6,7,6,2378
33.0,6,7,7,2386
33.0,6,7,8,2393
33.0,6,7,9,2400
33.0,6,7,10,2408
33.0,6,7,11,2415
33.0,6,7,12,2422
33.0,6,7,13,2429
33.0,6,7,14,2437
33.0,6,7,15,2444
33.0,6,8,0,2341
33.0,6,8,1,2348
33.0,6,8,2,2356
33.0,6,8,3,2363
33.0,6,8,4,2371
33.0,6,8,5,2378
33.0,6,8,6,2386
33.0,6,8,7,2393
33.0,6,8,8,2401
33.0,6,8,9,2408
33.0,6,8,10,2415
33.0,6,8,11,2423
33.0,6,8,12,2430
33.0,6,8,13,2437
33.0,6,8,14,2444
33.0,6,8,15,2452
33.0,6,9,0,2348
33.0,6,9,1,2356
33.0,6,9,2,2363
33.0,6,9,3,2371
33.0,6,9,4,2378
33.0,6,9,5,2386
33.0,6,9,6,2393
33.0,6,9,7,2401
33.0,6,9,8,2408
33.0,6,9,9,2416
33.0,6,9,10,2423
33.0,6,9,11,2430
33.0,6,9,12,2438
33.0,6,9,13,2445
33.0,6,9,14,2452
33.0,6,9,15,2459
33.0,6,10,0,2356
33.0,6,10,1,2363
33.0,6,10,2,2371
33.0,6,10,3,2378
33.0,6,10,4,2386
33.0,6,10,5,2393
33.0,6,10,6,2401
33.0,6,10,7,2408
33.0,6,10,8,2416
33.0,6,10,9,2423
33.0,6,10,10,2431
33.0,6,10,11,2438
33.0,6,10,12,2445
33.0,6,10,13,2453
33.0,6,10,14,2460
33.0,6,10,15,2467
33.0,6,11,0,2363
33.0,6,11,1,2371
33.0,6,11,2,2378
33.0,6,11,3,2386
33.0,6,11,4,2393
33.0,6,11,5,2401
33.0,6,11,6,2408
33.0,6,11,7,2416
33.0,6,11,8,2423
33.0,6,11,9,2431
33.0,6,11,10,2438
33.0,6,11,11,2446
33.0,6,11,12,2453
33.0,6,11,13,2460
33.0,6,11,14,2468
33.0,6,11,15,2475
33.0,6,12,0,2371
33.0,6,12,1,2378
33.0,6,12,2,2386
33.0,6,12,3,2393
33.0,6,12,4,2401
33.0,6,12,5,2408
33.0,6,12,6,2416
33.0,6,12,7,2423
33.0,6,12,8,2431
33.0,6,12,9,2438
33.0,6,12,10,2446
33.0,6,12,11,2453
33.0,6,12,12,2461
33.0,6,12,13,2468
33.0,6,12,14,2475
33.0,6,12,15,2483
33.0,6,13,0,2378
33.0,6,13,1,2386
33.0,6,13,2,2393
33.0,6,13,3,2401
33.0,6,13,4,2408
33.0,6,13,5,2416
33.0,6,13,6,2423
33.0,6,13,7,2431
33.0,6,13,8,2438
33.0,6,13,9,2446
33.0,6,13,10,2453
33.0,6,13,11,2461
33.0,6,13,12,2468
33.0,6,13,13,2476
33.0,6,13,14,2483
33.0,6,13,15,2490
33.0,6,14,0,2385
33.0,6,14,1,2393
33.0,6,14,2,2401
33.0,6,14,3,2408
33.0,6,14,4,2416
33.0,6,14,5,2423
33.0,6,14,6,2431
33.0,6,14,7,2438
33.0,6,14,8,2446
33.0,6,14,9,2453
33.0,6,14,10,2461
33.0,6,14,11,2468
33.0,6,14,12,2476
33.0,6,14,13,2483
33.0,6,14,14,2491
33.0,6,14,15,2498
33.0,6,15,0,2393
33.0,6,15,1,2400
33.0,6,15,2,2408
33.0,6,15,3,2416
33.0,6,15,4,2423
33.0,6,15,5,2431
33.0,6,15,6,2438
33.0,6,15,7,2446
33.0,6,15,8,2453
33.0,6,15,9,2461
33.0,6,15,10,2468
33.0,6,15,11,2476
33.0,6,15,12,2483
33.0,6,15,13,2491
33.0,6,15,14,2498
33.0,6,15,15,2506
33.0,7,0,0,2289
33.0,7,0,1,2296
33.0,7,0,2,2304
33.0,7,0,3,2311
33.0,7,0,4,2318
33.0,7,0,5,2326
33.0,7,0,6,2333
33.0,7,0,7,2340
33.0,7,0,8,2347
33.0,7,0,9,2355
33.0,7,0,10,2362
33.0,7,0,11,2369
33.0,7,0,12,2376
33.0,7,0,13,2383
33.0,7,0,14,2390
33.0,7,0,15,2397
33.0,7,1,0,2297
33.0,7,1,1,2304
33.0,7,1,2,2311
33.0,7,1,3,2319
33.0,7,1,4,2326
33.0,7,1,5,2333
33.0,7,1,6,2341
33.0,7,1,7,2348
33.0,7,1,8,2355
33.0,7,1,9,2362
33.0,7,1,10,2370
33.0,7,1,11,2377
33.0,7,1,12,2384
33.0,7,1,13,2391
33.0,7,1,14,2398
33.0,7,1,15,2405
33.0,7,2,0,2304
33.0,7,2,1,2312
33.0,7,2,2,2319
33.0,7,2,3,2327
33.0,7,2,4,2334
33.0,7,2,5,2341
33.0,7,2,6,2348
33.0,7,2,7,2356
33.0,7,2,8,2363
33.0,7,2,9,2370
33.0,7,2,10,2377
33.0,7,2,11,2385
33.0,7,2,12,2392
33.0,7,2,13,2399
33.0,7,2,14,2406
33.0,7,2,15,2413
33.0,7,3,0,2312
33.0,7,3,1,2319
33.0,7,3,2,2327
33.0,7,3,3,2334
33.0,7,3,4,2342
33.0,7,3,5,2349
33.0,7,3,6,2356
33.0,7,3,7,2364
33.0,7,3,8,2371
33.0,7,3,9,2378
33.0,7,3,10,2385
33.0,7,3,11,2393
33.0,7,3,12,2400
33.0,7,3,13,2407
33.0,7,3,14,2414
33.0,7,3,15,2421
33.0,7,4,0,2320
33.0,7,4,1,2327
33.0,7,4,2,2334
33.0,7,4,3,2342
33.0,7,4,4,2349
33.0,7,4,5,2357
33.0,7,4,6,2364
33.0,7,4,7,2371
33.0,7,4,8,2379
33.0,7,4,9,2386
33.0,7,4,10,2393
33.0,7,4,11,2400
33.0,7,4,12,2408
33.0,7,4,13,2415
33.0,7,4,14,2422
33.0,7,4,15,2429
33.0,7,5,0,2327
33.0,7,5,1,2335
33.0,7,5,2,2342
33.0,7,5,3,2350
33.0,7,5,4,2357
33.0,7,5,5,2364
33.0,7,5,6,2372
33.0,7,5,7,2379
33.0,7,5,8,2386
33.0,7,5,9,2394
33.0,7,5,10,2401
33.0,7,5,11,2408
33.0,7,5,12,2416
33.0,7,5,13,2423
33.0,7,5,14,2430
33.0,7,5,15,2437
33.0,7,6,0,2335
33.0,7,6,1,2342
33.0,7,6,2,2350
33.0,7,6,3,2357
33.0,7,6,4,2365
33.0,7,6,5,2372
33.0,7,6,6,2379
33.0,7,6,7,2387
33.0,7,6,8,2394
33.0,7,6,9,2401
33.0,7,6,10,2409
33.0,7,6,11,2416
33.0,7,6,12,2423
33.0,7,6,13,2431
33.0,7,6,14,2438
33.0,7,6,15,2445
33.0,7,7,0,2342
33.0,7,7,1,2350
33.0,7,7,2,2357
33.0,7,7,3,2365
33.0,7,7,4,2372
33.0,7,7,5,2380
33.0,7,7,6,2387
33.0,7,7,7,2394
33.0,7,7,8,2402
33.0,7,7,9,2409
33.0,7,7,10,2417
33.0,7,7,11,2424
33.0,7,7,12,2431
33.0,7,7,13,2438
33.0,7,7,14,2446
33.0,7,7,15,2453
33.0,7,8,0,2350
33.0,7,8,1,2357
33.0,7,8,2,2365
33.0,7,8,3,2372
33.0,7,8,4,2380
33.0,7,8,5,2387
33.0,7,8,6,2395
33.0,7,8,7,2402
33.0,7,8,8,2410
33.0,7,8,9,2417
33.0,7,8,10,2424
33.0,7,8,11,2432
33.0,7,8,12,2439
33.0,7,8,13,2446
33.0,7,8,14,2453
33.0,7,8,15,2461
33.0,7,9,0,2357
33.0,7,9,1,2365
33.0,7,9,2,2372
33.0,7,9,3,2380
33.0,7,9,4,2387
33.0,7,9,5,2395
33.0,7,9,6,2402
33.0,7,9,7,2410
33.0,7,9,8,2417
33.0,7,9,9,2425
33.0,7,9,10,2432
33.0,7,9,11,2439
33.0,7,9,12,2447
33.0,7,9,13,2454
33.0,7,9,14,2461
33.0,7,9,15,2469
33.0,7,10,0,2365
33.0,7,10,1,2372
33.0,7,10,2,2380
33.0,7,10,3,2387
33.0,7,10,4,2395
33.0,7,10,5,2402
33.0,7,10,6,2410
33.0,7,10,7,2417
33.0,7,10,8,2425
33.0,7,10,9,2432
33.0,7,10,10,2440
33.0,7,10,11,2447
33.0,7,10,12,2454
33.0,7,10,13,2462
33.0,7,10,14,2469
33.0,7,10,15,2476
33.0,7,11,0,2372
33.0,7,11,1,2380
33.0,7,11,2,2387
33.0,7,11,3,2395
33.0,7,11,4,2402
33.0,7,11,5,2410
33.0,7,11,6,2417
33.0,7,11,7,2425
33.0,7,11,8,2432
33.0,7,11,9,2440
33.0,7,11,10,2447
33.0,7,11,11,2455
33.0,7,11,12,2462
33.0,7,11,13,2469
33.0,7,11,14,2477
33.0,7,11,15,2484
33.0,7,12,0,2379
33.0,7,12,1,2387
33.0,7,12,2,2395
33.0,7,12,3,2402
33.0,7,12,4,2410
33.0,7,12,5,2417
33.0,7,12,6,2425
33.0,7,12,7,2433
33.0,7,12,8,2440
33.0,7,12,9,2448
33.0,7,12,10,2455
33.0,7,12,11,2462
33.0,7,12,12,2470
33.0,7,12,13,2477
33.0,7,12,14,2485
33.0,7,12,15,2492
33.0,7,13,0,2387
33.0,7,13,1,2394
33.0,7,13,2,2402
33.0,7,13,3,2410
33.0,7,13,4,2417
33.0,7,13,5,2425
33.0,7,13,6,2433
33.0,7,13,7,2440
33.0,7,13,8,2448
33.0,7,13,9,2455
33.0,7,13,10,2463
33.0,7,13,11,2470
33.0,7,13,12,2477
33.0,7,13,13,2485
33.0,7,13,14,2492
33.0,7,13,15,2500
33.0,7,14,0,2394
33.0,7,14,1,2402
33.0,7,14,2,2410
33.0,7,14,3,2417
33.0,7,14,4,2425
33.0,7,14,5,2432
33.0,7,14,6,2440
33.0,7,14,7,2448
33.0,7,14,8,2455
33.0,7,14,9,2463
33.0,7,14,10,2470
33.0,7,14,11,2478
33.0,7,14,12,2485
33.0,7,14,13,2493
33.0,7,14,14,2500
33.0,7,14,15,2507
33.0,7,15,0,2401
33.0,7,15,1,2409
33.0,7,15,2,2417
33.0,7,15,3,2425
33.0,7,15,4,2432
33.0,7,15,5,2440
33.0,7,15,6,2448
33.0,7,15,7,2455
33.0,7,15,8,2463
33.0,7,15,9,2470
33.0,7,15,10,2478
33.0,7,15,11,2485
33.0,7,15,12,2493
33.0,7,15,13,2500
33.0,7,15,14,2508
33.0,7,15,15,2515
33.0,8,0,0,2298
33.0,8,0,1,2305
33.0,8,0,2,2312
33.0,8,0,3,2320
33.0,8,0,4,2327
33.0,8,0,5,2334
33.0,8,0,6,2342
33.0,8,0,7,2349
33.0,8,0,8,2356
33.0,8,0,9,2363
33.0,8,0,10,2371
33.0,8,0,11,2378
33.0,8,0,12,2385
33.0,8,0,13,2392
33.0,8,0,14,2399
33.0,8,0,15,2406
33.0,8,1,0,2305
33.0,8,1,1,2313
33.0,8,1,2,2320
33.0,8,1,3,2327
33.0,8,1,4,2335
33.0,8,1,5,2342
33.0,8,1,6,2349
33.0,8,1,7,2357
33.0,8,1,8,2364
33.0,8,1,9,2371
33.0,8,1,10,2378
33.0,8,1,11,2386
33.0,8,1,12,2393
33.0,8,1,13,2400
33.0,8,1,14,2407
33.0,8,1,15,2414
33.0,8,2,0,2313
33.0,8,2,1,2320
33.0,8,2,2,2328
33.0,8,2,3,2335
33.0,8,2,4,2343
33.0,8,2,5,2350
33.0,8,2,6,2357
33.0,8,2,7,2365
33.0,8,2,8,2372
33.0,8,2,9,2379
33.0,8,2,10,2386
33.0,8,2,11,2394
33.0,8,2,12,2401
33.0,8,2,13,2408
33.0,8,2,14,2415
33.0,8,2,15,2422
33.0,8,3,0,2321
33.0,8,3,1,2328
33.0,8,3,2,2335
33.0,8,3,3,2343
33.0,8,3,4,2350
33.0,8,3,5,2358
33.0,8,3,6,2365
33.0,8,3,7,2372
33.0,8,3,8,2380
33.0,8,3,9,2387
33.0,8,3,10,2394
33.0,8,3,11,2402
33.0,8,3,12,2409
33.0,8,3,13,2416
33.0,8,3,14,2423
33.0,8,3,15,2430
33.0,8,4,0,2328
33.0,8,4,1,2336
33.0,8,4,2,2343
33.0,8,4,3,2351
33.0,8,4,4,2358
33.0,8,4,5,2365
33.0,8,4,6,2373
33.0,8,4,7,2380
33.0,8,4,8,2388
33.0,8,4,9,2395
33.0,8,4,10,2402
33.0,8,4,11,2409
33.0,8,4,12,2417
33.0,8,4,13,2424
33.0,8,4,14,2431
33.0,8,4,15,2438
33.0,8,5,0,2336
33.0,8,5,1,2343
33.0,8,5,2,2351
33.0,8,5,3,2358
33.0,8,5,4,2366
33.0,8,5,5,2373
33.0,8,5,6,2381
33.0,8,5,7,2388
33.0,8,5,8,2395
33.0,8,5,9,2403
33.0,8,5,10,2410
33.0,8,5,11,2417
33.0,8,5,12,2425
33.0,8,5,13,2432
33.0,8,5,14,2439
33.0,8,5,15,2446
33.0,8,6,0,2343
33.0,8,6,1,2351
33.0,8,6,2,2358
33.0,8,6,3,2366
33.0,8,6,4,2373
33.0,8,6,5,2381
33.0,8,6,6,2388
33.0,8,6,7,2396
33.0,8,6,8,2403
33.0,8,6,9,2410
33.0,8,6,10,2418
33.0,8,6,11,2425
33.0,8,6,12,2432
33.0,8,6,13,2440
33.0,8,6,14,2447
33.0,8,6,15,2454
33.0,8,7,0,2351
33.0,8,7,1,2358
33.0,8,7,2,2366
33.0,8,7,3,2374
33.0,8,7,4,2381
33.0,8,7,5,2389
33.0,8,7,6,2396
33.0,8,7,7,2403
33.0,8,7,8,2411
33.0,8,7,9,2418
33.0,8,7,10,2426
33.0,8,7,11,2433
33.0,8,7,12,2440
33.0,8,7,13,2448
33.0,8,7,14,2455
33.0,8,7,15,2462
33.0,8,8,0,2358
33.0,8,8,1,2366
33.0,8,8,2,2374
33.0,8,8,3,2381
33.0,8,8,4,2389
33.0,8,8,5,2396
33.0,8,8,6,2404
33.0,8,8,7,2411
33.0,8,8,8,2419
33.0,8,8,9,2426
33.0,8,8,10,2433
33.0,8,8,11,2441
33.0,8,8,12,2448
33.0,8,8,13,2455
33.0,8,8,14,2463
33.0,8,8,15,2470
33.0,8,9,0,2366
33.0,8,9,1,2374
33.0,8,9,2,2381
33.0,8,9,3,2389
33.0,8,9,4,2396
33.0,8,9,5,2404
33.0,8,9,6,2411
33.0,8,9,7,2419
33.0,8,9,8,2426
33.0,8,9,9,2434
33.0,8,9,10,2441
33.0,8,9,11,2448
33.0,8,9,12,2456
33.0,8,9,13,2463
33.0,8,9,14,2470
33.0,8,9,15,2478
33.0,8,10,0,2373
33.0,8,10,1,2381
33.0,8,10,2,2389
33.0,8,10,3,2396
33.0,8,10,4,2404
33.0,8,10,5,2411
33.0,8,10,6,2419
33.0,8,10,7,2426
33.0,8,10,8,2434
33.0,8,10,9,2441
33.0,8,10,10,2449
33.0,8,10,11,2456
33.0,8,10,12,2464
33.0,8,10,13,2471
33.0,8,10,14,2478
33.0,8,10,15,2486
33.0,8,11,0,2381
33.0,8,11,1,2389
33.0,8,11,2,2396
33.0,8,11,3,2404
33.0,8,11,4,2411
33.0,8,11,5,2419
33.0,8,11,6,2427
33.0,8,11,7,2434
33.0,8,11,8,2442
33.0,8,11,9,2449
33.0,8,11,10,2456
33.0,8,11,11,2464
33.0,8,11,12,2471
33.0,8,11,13,2479
33.0,8,11,14,2486
33.0,8,11,15,2493
33.0,8,12,0,2388
33.0,8,12,1,2396
33.0,8,12,2,2404
33.0,8,12,3,2411
33.0,8,12,4,2419
33.0,8,12,5,2427
33.0,8,12,6,2434
33.0,8,12,7,2442
33.0,8,12,8,2449
33.0,8,12,9,2457
33.0,8,12,10,2464
33.0,8,12,11,2472
33.0,8,12,12,2479
33.0,8,12,13,2486
33.0,8,12,14,2494
33.0,8,12,15,2501
33.0,8,13,0,2396
33.0,8,13,1,2403
33.0,8,13,2,2411
33.0,8,13,3,2419
33.0,8,13,4,2426
33.0,8,13,5,2434
33.0,8,13,6,2442
33.0,8,13,7,2449
33.0,8,13,8,2457
33.0,8,13,9,2464
33.0,8,13,10,2472
33.0,8,13,11,2479
33.0,8,13,12,2487
33.0,8,13,13,2494
33.0,8,13,14,2502
33.0,8,13,15,2509
33.0,8,14,0,2403
33.0,8,14,1,2411
33.0,8,14,2,2419
33.0,8,14,3,2426
33.0,8,14,4,2434
33.0,8,14,5,2442
33.0,8,14,6,2449
33.0,8,14,7,2457
33.0,8,14,8,2464
33.0,8,14,9,2472
33.0,8,14,10,2479
33.0,8,14,11,2487
33.0,8,14,12,2494
33.0,8,14,13,2502
33.0,8,14,14,2509
33.0,8,14,15,2517
33.0,8,15,0,2410
33.0,8,15,1,2418
33.0,8,15,2,2426
33.0,8,15,3,2434
33.0,8,15,4,2441
33.0,8,15,5,2449
33.0,8,15,6,2457
33.0,8,15,7,2464
33.0,8,15,8,2472
33.0,8,15,9,2479
33.0,8,15,10,2487
33.0,8,15,11,2495
33.0,8,15,12,2502
33.0,8,15,13,2510
33.0,8,15,14,2517
33.0,8,15,15,2524
33.0,9,0,0,2306
33.0,9,0,1,2314
33.0,9,0,2,2321
33.0,9,0,3,2328
33.0,9,0,4,2336
33.0,9,0,5,2343
33.0,9,0,6,2350
33.0,9,0,7,2358
33.0,9,0,8,2365
33.0,9,0,9,2372
33.0,9,0,10,2379
33.0,9,0,11,2387
33.0,9,0,12,2394
33.0,9,0,13,2401
33.0,9,0,14,2408
33.0,9,0,15,2415
33.0,9,1,0,2314
33.0,9,1,1,2321
33.0,9,1,2,2329
33.0,9,1,3,2336
33.0,9,1,4,2343
33.0,9,1,5,2351
33.0,9,1,6,2358
33.0,9,1,7,2365
33.0,9,1,8,2373
33.0,9,1,9,2380
33.0,9,1,10,2387
33.0,9,1,11,2395
33.0,9,1,12,2402
33.0,9,1,13,2409
33.0,9,1,14,2416
33.0,9,1,15,2423
33.0,9,2,0,2322
33.0,9,2,1,2329
33.0,9,2,2,2336
33.0,9,2,3,2344
33.0,9,2,4,2351
33.0,9,2,5,2359
33.0,9,2,6,2366
33.0,9,2,7,2373
33.0,9,2,8,2381
33.0,9,2,9,2388
33.0,9,2,10,2395
33.0,9,2,11,2402
33.0,9,2,12,2410
33.0,9,2,13,2417
33.0,9,2,14,2424
33.0,9,2,15,2431
33.0,9,3,0,2329
33.0,9,3,1,2337
33.0,9,3,2,2344
33.0,9,3,3,2352
33.0,9,3,4,2359
33.0,9,3,5,2366
33.0,9,3,6,2374
33.0,9,3,7,2381
33.0,9,3,8,2389
33.0,9,3,9,2396
33.0,9,3,10,2403
33.0,9,3,11,2410
33.0,9,3,12,2418
33.0,9,3,13,2425
33.0,9,3,14,2432
33.0,9,3,15,2439
33.0,9,4,0,2337
33.0,9,4,1,2344
33.0,9,4,2,2352
33.0,9,4,3,2359
33.0,9,4,4,2367
33.0,9,4,5,2374
33.0,9,4,6,2382
33.0,9,4,7,2389
33.0,9,4,8,2396
33.0,9,4,9,2404
33.0,9,4,10,2411
33.0,9,4,11,2418
33.0,9,4,12,2426
33.0,9,4,13,2433
33.0,9,4,14,2440
33.0,9,4,15,2447
33.0,9,5,0,2344
33.0,9,5,1,2352
33.0,9,5,2,2360
33.0,9,5,3,2367
33.0,9,5,4,2375
33.0,9,5,5,2382
33.0,9,5,6,2389
33.0,9,5,7,2397
33.0,9,5,8,2404
33.0,9,5,9,2412
33.0,9,5,10,2419
33.0,9,5,11,2426
33.0,9,5,12,2434
33.0,9,5,13,2441
33.0,9,5,14,2448
33.0,9,5,15,2455
33.0,9,6,0,2352
33.0,9,6,1,2360
33.0,9,6,2,2367
33.0,9,6,3,2375
33.0,9,6,4,2382
33.0,9,6,5,2390
33.0,9,6,6,2397
33.0,9,6,7,2405
33.0,9,6,8,2412
33.0,9,6,9,2419
33.0,9,6,10,2427
33.0,9,6,11,2434
33.0,9,6,12,2441
33.0,9,6,13,2449
33.0,9,6,14,2456
33.0,9,6,15,2463
33.0,9,7,0,2360
33.0,9,7,1,2367
33.0,9,7,2,2375
33.0,9,7,3,2382
33.0,9,7,4,2390
33.0,9,7,5,2397
33.0,9,7,6,2405
33.0,9,7,7,2412
33.0,9,7,8,2420
33.0,9,7,9,2427
33.0,9,7,10,2435
33.0,9,7,11,2442
33.0,9,7,12,2449
33.0,9,7,13,2457
33.0,9,7,14,2464
33.0,9,7,15,2471
33.0,9,8,0,2367
33.0,9,8,1,2375
33.0,9,8,2,2382
33.0,9,8,3,2390
33.0,9,8,4,2398
33.0,9,8,5,2405
33.0,9,8,6,2413
33.0,9,8,7,2420
33.0,9,8,8,2428
33.0,9,8,9,2435
33.0,9,8,10,2442
33.0,9,8,11,2450
33.0,9,8,12,2457
33.0,9,8,13,2464
33.0,9,8,14,2472
33.0,9,8,15,2479
33.0,9,9,0,2375
33.0,9,9,1,2382
33.0,9,9,2,2390
33.0,9,9,3,2398
33.0,9,9,4,2405
33.0,9,9,5,2413
33.0,9,9,6,2420
33.0,9,9,7,2428
33.0,9,9,8,2435
33.0,9,9,9,2443
33.0,9,9,10,2450
33.0,9,9,11,2458
33.0,9,9,12,2465
33.0,9,9,13,2472
33.0,9,9,14,2480
33.0,9,9,15,2487
33.0,9,10,0,2382
33.0,9,10,1,2390
33.0,9,10,2,2398
33.0,9,10,3,2405
33.0,9,10,4,2413
33.0,9,10,5,2420
33.0,9,10,6,2428
33.0,9,10,7,2435
33.0,9,10,8,2443
33.0,9,10,9,2450
33.0,9,10,10,2458
33.0,9,10,11,2465
33.0,9,10,12,2473
33.0,9,10,13,2480
33.0,9,10,14,2488
33.0,9,10,15,2495
33.0,9,11,0,2390
33.0,9,11,1,2397
33.0,9,11,2,2405
33.0,9,11,3,2413
33.0,9,11,4,2420
33.0,9,11,5,2428
33.0,9,11,6,2436
33.0,9,11,7,2443
33.0,9,11,8,2451
33.0,9,11,9,2458
33.0,9,11,10,2466
33.0,9,11,11,2473
33.0,9,11,12,2481
33.0,9,11,13,2488
33.0,9,11,14,2495
33.0,9,11,15,2503
33.0,9,12,0,2397
33.0,9,12,1,2405
33.0,9,12,2,2413
33.0,9,12,3,2420
33.0,9,12,4,2428
33.0,9,12,5,2436
33.0,9,12,6,2443
33.0,9,12,7,2451
33.0,9,12,8,2458
33.0,9,12,9,2466
33.0,9,12,10,2473
33.0,9,12,11,2481
33.0,9,12,12,2488
33.0,9,12,13,2496
33.0,9,12,14,2503
33.0,9,12,15,2511
33.0,9,13,0,2405
33.0,9,13,1,2412
33.0,9,13,2,2420
33.0,9,13,3,2428
33.0,9,13,4,2435
33.0,9,13,5,2443
33.0,9,13,6,2451
33.0,9,13,7,2458
33.0,9,13,8,2466
33.0,9,13,9,2473
33.0,9,13,10,2481
33.0,9,13,11,2488
33.0,9,13,12,2496
33.0,9,13,13,2503
33.0,9,13,14,2511
33.0,9,13,15,2518
33.0,9,14,0,2412
33.0,9,14,1,2420
33.0,9,14,2,2428
33.0,9,14,3,2435
33.0,9,14,4,2443
33.0,9,14,5,2451
33.0,9,14,6,2458
33.0,9,14,7,2466
33.0,9,14,8,2473
33.0,9,14,9,2481
33.0,9,14,10,2489
33.0,9,14,11,2496
33.0,9,14,12,2504
33.0,9,14,13,2511
33.0,9,14,14,2519
33.0,9,14,15,2526
33.0,9,15,0,2419
33.0,9,15,1,2427
33.0,9,15,2,2435
33.0,9,15,3,2443
33.0,9,15,4,2450
33.0,9,15,5,2458
33.0,9,15,6,2466
33.0,9,15,7,2473
33.0,9,15,8,2481
33.0,9,15,9,2489
33.0,9,15,10,2496
33.0,9,15,11,2504
33.0,9,15,12,2511
33.0,9,15,13,2519
33.0,9,15,14,2526
33.0,9,15,15,2534
33.0,10,0,0,2315
33.0,10,0,1,2322
33.0,10,0,2,2330
33.0,10,0,3,2337
33.0,10,0,4,2344
33.0,10,0,5,2352
33.0,10,0,6,2359
33.0,10,0,7,2366
33.0,10,0,8,2374
33.0,10,0,9,2381
33.0,10,0,10,2388
33.0,10,0,11,2395
33.0,10,0,12,2403
33.0,10,0,13,2410
33.0,10,0,14,2417
33.0,10,0,15,2424
33.0,10,1,0,2322
33.0,10,1,1,2330
33.0,10,1,2,2337
33.0,10,1,3,2345
33.0,10,1,4,2352
33.0,10,1,5,2360
33.0,10,1,6,2367
33.0,10,1,7,2374
33.0,10,1,8,2382
33.0,10,1,9,2389
33.0,10,1,10,2396
33.0,10,1,11,2403
33.0,10,1,12,2411
33.0,10,1,13,2418
33.0,10,1,14,2425
33.0,10,1,15,2432
33.0,10,2,0,2330
33.0,10,2,1,2338
33.0,10,2,2,2345
33.0,10,2,3,2353
33.0,10,2,4,2360
33.0,10,2,5,2367
33.0,10,2,6,2375
33.0,10,2,7,2382
33.0,10,2,8,2389
33.0,10,2,9,2397
33.0,10,2,10,2404
33.0,10,2,11,2411
33.0,10,2,12,2419
33.0,10,2,13,2426
33.0,10,2,14,2433
33.0,10,2,15,2440
33.0,10,3,0,2338
33.0,10,3,1,2345
33.0,10,3,2,2353
33.0,10,3,3,2360
33.0,10,3,4,2368
33.0,10,3,5,2375
33.0,10,3,6,2383
33.0,10,3,7,2390
33.0,10,3,8,2397
33.0,10,3,9,2405
33.0,10,3,10,2412
33.0,10,3,11,2419
33.0,10,3,12,2427
33.0,10,3,13,2434
33.0,10,3,14,2441
33.0,10,3,15,2448
33.0,10,4,0,2345
33.0,10,4,1,2353
33.0,10,4,2,2361
33.0,10,4,3,2368
33.0,10,4,4,2376
33.0,10,4,5,2383
33.0,10,4,6,2390
33.0,10,4,7,2398
33.0,10,4,8,2405
33.0,10,4,9,2413
33.0,10,4,10,2420
33.0,10,4,11,2427
33.0,10,4,12,2435
33.0,10,4,13,2442
33.0,10,4,14,2449
33.0,10,4,15,2456
33.0,10,5,0,2353
33.0,10,5,1,2361
33.0,10,5,2,2368
33.0,10,5,3,2376
33.0,10,5,4,2383
33.0,10,5,5,2391
33.0,10,5,6,2398
33.0,10,5,7,2406
33.0,10,5,8,2413
33.0,10,5,9,2421
33.0,10,5,10,2428
33.0,10,5,11,2435
33.0,10,5,12,2443
33.0,10,5,13,2450
33.0,10,5,14,2457
33.0,10,5,15,2464
33.0,10,6,0,2361
33.0,10,6,1,2368
33.0,10,6,2,2376
33.0,10,6,3,2384
33.0,10,6,4,2391
33.0,10,6,5,2399
33.0,10,6,6,2406
33.0,10,6,7,2414
33.0,10,6,8,2421
33.0,10,6,9,2428
33.0,10,6,10,2436
33.0,10,6,11,2443
33.0,10,6,12,2450
33.0,10,6,13,2458
33.0,10,6,14,2465
33.0,10,6,15,2472
33.0,10,7,0,2368
33.0,10,7,1,2376
33.0,10,7,2,2384
33.0,10,7,3,2391
33.0,10,7,4,2399
33.0,10,7,5,2406
33.0,10,7,6,2414
33.0,10,7,7,2421
33.0,10,7,8,2429
33.0,10,7,9,2436
33.0,10,7,10,2444
33.0,10,7,11,2451
33.0,10,7,12,2458
33.0,10,7,13,2466
33.0,10,7,14,2473
33.0,10,7,15,2480
33.0,10,8,0,2376
33.0,10,8,1,2384
33.0,10,8,2,2391
33.0,10,8,3,2399
33.0,10,8,4,2406
33.0,10,8,5,2414
33.0,10,8,6,2422
33.0,10,8,7,2429
33.0,10,8,8,2437
33.0,10,8,9,2444
33.0,10,8,10,2451
33.0,10,8,11,2459
33.0,10,8,12,2466
33.0,10,8,13,2474
33.0,10,8,14,2481
33.0,10,8,15,2488
33.0,10,9,0,2384
33.0,10,9,1,2391
33.0,10,9,2,2399
33.0,10,9,3,2406
33.0,10,9,4,2414
33.0,10,9,5,2422
33.0,10,9,6,2429
33.0,10,9,7,2437
33.0,10,9,8,2444
33.0,10,9,9,2452
33.0,10,9,10,2459
33.0,10,9,11,2467
33.0,10,9,12,2474
33.0,10,9,13,2481
33.0,10,9,14,2489
33.0,10,9,15,2496
33.0,10,10,0,2391
33.0,10,10,1,2399
33.0,10,10,2,2406
33.0,10,10,3,2414
33.0,10,10,4,2422
33.0,10,10,5,2429
33.0,10,10,6,2437
33.0,10,10,7,2444
33.0,10,10,8,2452
33.0,10,10,9,2460
33.0,10,10,10,2467
33.0,10,10,11,2474
33.0,10,10,12,2482
33.0,10,10,13,2489
33.0,10,10,14,2497
33.0,10,10,15,2504
33.0,10,11,0,2399
33.0,10,11,1,2406
33.0,10,11,2,2414
33.0,10,11,3,2422
33.0,10,11,4,2429
33.0,10,11,5,2437
33.0,10,11,6,2445
33.0,10,11,7,2452
33.0,10,11,8,2460
33.0,10,11,9,2467
33.0,10,11,10,2475
33.0,10,11,11,2482
33.0,10,11,12,2490
33.0,10,11,13,2497
33.0,10,11,14,2505
33.0,10,11,15,2512
33.0,10,12,0,2406
33.0,10,12,1,2414
33.0,10,12,2,2422
33.0,10,12,3,2429
33.0,10,12,4,2437
33.0,10,12,5,2445
33.0,10,12,6,2452
33.0,10,12,7,2460
33.0,10,12,8,2467
33.0,10,12,9,2475
33.0,10,12,10,2482
33.0,10,12,11,2490
33.0,10,12,12,2497
33.0,10,12,13,2505
33.0,10,12,14,2512
33.0,10,12,15,2520
33.0,10,13,0,2414
33.0,10,13,1,2421
33.0,10,13,2,2429
33.0,10,13,3,2437
33.0,10,13,4,2444
33.0,10,13,5,2452
33.0,10,13,6,2460
33.0,10,13,7,2467
33.0,10,13,8,2475
33.0,10,13,9,2483
33.0,10,13,10,2490
33.0,10,13,11,2498
33.0,10,13,12,2505
33.0,10,13,13,2513
33.0,10,13,14,2520
33.0,10,13,15,2528
33.0,10,14,0,2421
33.0,10,14,1,2429
33.0,10,14,2,2437
33.0,10,14,3,2444
33.0,10,14,4,2452
33.0,10,14,5,2460
33.0,10,14,6,2467
33.0,10,14,7,2475
33.0,10,14,8,2483
33.0,10,14,9,2490
33.0,10,14,10,2498
33.0,10,14,11,2505
33.0,10,14,12,2513
33.0,10,14,13,2520
33.0,10,14,14,2528
33.0,10,14,15,2535
33.0,10,15,0,2428
33.0,10,15,1,2436
33.0,10,15,2,2444
33.0,10,15,3,2452
33.0,10,15,4,2460
33.0,10,15,5,2467
33.0,10,15,6,2475
33.0,10,15,7,2483
33.0,10,15,8,2490
33.0,10,15,9,2498
33.0,10,15,10,2505
33.0,10,15,11,2513
33.0,10,15,12,2521
33.0,10,15,13,2528
33.0,10,15,14,2536
33.0,10,15,15,2543
33.0,11,0,0,2323
33.0,11,0,1,2331
33.0,11,0,2,2338
33.0,11,0,3,2346
33.0,11,0,4,2353
33.0,11,0,5,2360
33.0,11,0,6,2368
33.0,11,0,7,2375
33.0,11,0,8,2382
33.0,11,0,9,2390
33.0,11,0,10,2397
33.0,11,0,11,2404
33.0,11,0,12,2411
33.0,11,0,13,2419
33.0,11,0,14,2426
33.0,11,0,15,2433
33.0,11,1,0,2331
33.0,11,1,1,2338
33.0,11,1,2,2346
33.0,11,1,3,2353
33.0,11,1,4,2361
33.0,11,1,5,2368
33.0,11,1,6,2376
33.0,11,1,7,2383
33.0,11,1,8,2390
33.0,11,1,9,2398
33.0,11,1,10,2405
33.0,11,1,11,2412
33.0,11,1,12,2420
33.0,11,1,13,2427
33.0,11,1,14,2434
33.0,11,1,15,2441
33.0,11,2,0,2339
33.0,11,2,1,2346
33.0,11,2,2,2354
33.0,11,2,3,2361
33.0,11,2,4,2369
33.0,11,2,5,2376
33.0,11,2,6,2384
33.0,11,2,7,2391
33.0,11,2,8,2398
33.0,11,2,9,2406
33.0,11,2,10,2413
33.0,11,2,11,2420
33.0,11,2,12,2428
33.0,11,2,13,2435
33.0,11,2,14,2442
33.0,11,2,15,2449
33.0,11,3,0,2346
33.0,11,3,1,2354
33.0,11,3,2,2362
33.0,11,3,3,2369
33.0,11,3,4,2377
33.0,11,3,5,2384
33.0,11,3,6,2391
33.0,11,3,7,2399
33.0,11,3,8,2406
33.0,11,3,9,2414
33.0,11,3,10,2421
33.0,11,3,11,2428
33.0,11,3,12,2436
33.0,11,3,13,2443
33.0,11,3,14,2450
33.0,11,3,15,2457
33.0,11,4,0,2354
33.0,11,4,1,2362
33.0,11,4,2,2369
33.0,11,4,3,2377
33.0,11,4,4,2384
33.0,11,4,5,2392
33.0,11,4,6,2399
33.0,11,4,7,2407
33.0,11,4,8,2414
33.0,11,4,9,2422
33.0,11,4,10,2429
33.0,11,4,11,2436
33.0,11,4,12,2444
33.0,11,4,13,2451
33.0,11,4,14,2458
33.0,11,4,15,2465
33.0,11,5,0,2362
33.0,11,5,1,2369
33.0,11,5,2,2377
33.0,11,5,3,2385
33.0,11,5,4,2392
33.0,11,5,5,2400
33.0,11,5,6,2407
33.0,11,5,7,2415
33.0,11,5,8,2422
33.0,11,5,9,2429
33.0,11,5,10,2437
33.0,11,5,11,2444
33.0,11,5,12,2452
33.0,11,5,13,2459
33.0,11,5,14,2466
33.0,11,5,15,2473
33.0,11,6,0,2369
33.0,11,6,1,2377
33.0,11,6,2,2385
33.0,11,6,3,2392
33.0,11,6,4,2400
33.0,11,6,5,2407
33.0,11,6,6,2415
33.0,11,6,7,2422
33.0,11,6,8,2430
33.0,11,6,9,2437
33.0,11,6,10,2445
33.0,11,6,11,2452
33.0,11,6,12,2460
33.0,11,6,13,2467
33.0,11,6,14,2474
33.0,11,6,15,2482
33.0,11,7,0,2377
33.0,11,7,1,2385
33.0,11,7,2,2392
33.0,11,7,3,2400
33.0,11,7,4,2408
33.0,11,7,5,2415
33.0,11,7,6,2423
33.0,11,7,7,2430
33.0,11,7,8,2438
33.0,11,7,9,2445
33.0,11,7,10,2453
33.0,11,7,11,2460
33.0,11,7,12,2467
33.0,11,7,13,2475
33.0,11,7,14,2482
33.0,11,7,15,2490
33.0,11,8,0,2385
33.0,11,8,1,2392
33.0,11,8,2,2400
33.0,11,8,3,2408
33.0,11,8,4,2415
33.0,11,8,5,2423
33.0,11,8,6,2430
33.0,11,8,7,2438
33.0,11,8,8,2446
33.0,11,8,9,2453
33.0,11,8,10,2460
33.0,11,8,11,2468
33.0,11,8,12,2475
33.0,11,8,13,2483
33.0,11,8,14,2490
33.0,11,8,15,2497
33.0,11,9,0,2392
33.0,11,9,1,2400
33.0,11,9,2,2408
33.0,11,9,3,2415
33.0,11,9,4,2423
33.0,11,9,5,2431
33.0,11,9,6,2438
33.0,11,9,7,2446
33.0,11,9,8,2453
33.0,11,9,9,2461
33.0,11,9,10,2468
33.0,11,9,11,2476
33.0,11,9,12,2483
33.0,11,9,13,2491
33.0,11,9,14,2498
33.0,11,9,15,2505
33.0,11,10,0,2400
33.0,11,10,1,2408
33.0,11,10,2,2415
33.0,11,10,3,2423
33.0,11,10,4,2431
33.0,11,10,5,2438
33.0,11,10,6,2446
33.0,11,10,7,2453
33.0,11,10,8,2461
33.0,11,10,9,2469
33.0,11,10,10,2476
33.0,11,10,11,2484
33.0,11,10,12,2491
33.0,11,10,13,2499
33.0,11,10,14,2506
33.0,11,10,15,2513
33.0,11,11,0,2407
33.0,11,11,1,2415
33.0,11,11,2,2423
33.0,11,11,3,2431
33.0,11,11,4,2438
33.0,11,11,5,2446
33.0,11,11,6,2454
33.0,11,11,7,2461
33.0,11,11,8,2469
33.0,11,11,9,2476
33.0,11,11,10,2484
33.0,11,11,11,2491
33.0,11,11,12,2499
33.0,11,11,13,2506
33.0,11,11,14,2514
33.0,11,11,15,2521
33.0,11,12,0,2415
33.0,11,12,1,2423
33.0,11,12,2,2430
33.0,11,12,3,2438
33.0,11,12,4,2446
33.0,11,12,5,2454
33.0,11,12,6,2461
33.0,11,12,7,2469
33.0,11,12,8,2476
33.0,11,12,9,2484
33.0,11,12,10,2492
33.0,11,12,11,2499
33.0,11,12,12,2507
33.0,11,12,13,2514
33.0,11,12,14,2522
33.0,11,12,15,2529
33.0,11,13,0,2422
33.0,11,13,1,2430
33.0,11,13,2,2438
33.0,11,13,3,2446
33.0,11,13,4,2453
33.0,11,13,5,2461
33.0,11,13,6,2469
33.0,11,13,7,2477
33.0,11,13,8,2484
33.0,11,13,9,2492
33.0,11,13,10,2499
33.0,11,13,11,2507
33.0,11,13,12,2514
33.0,11,13,13,2522
33.0,11,13,14,2529
33.0,11,13,15,2537
33.0,11,14,0,2430
33.0,11,14,1,2438
33.0,11,14,2,2446
33.0,11,14,3,2453
33.0,11,14,4,2461
33.0,11,14,5,2469
33.0,11,14,6,2476
33.0,11,14,7,2484
33.0,11,14,8,2492
33.0,11,14,9,2499
33.0,11,14,10,2507
33.0,11,14,11,2515
33.0,11,14,12,2522
33.0,11,14,13,2530
33.0,11,14,14,2537
33.0,11,14,15,2545
33.0,11,15,0,2437
33.0,11,15,1,2445
33.0,11,15,2,2453
33.0,11,15,3,2461
33.0,11,15,4,2469
33.0,11,15,5,2476
33.0,11,15,6,2484
33.0,11,15,7,2492
33.0,11,15,8,2499
33.0,11,15,9,2507
33.0,11,15,10,2515
33.0,11,15,11,2522
33.0,11,15,12,2530
33.0,11,15,13,2537
33.0,11,15,14,2545
33.0,11,15,15,2553
33.0,12,0,0,2332
33.0,12,0,1,2339
33.0,12,0,2,2347
33.0,12,0,3,2354
33.0,12,0,4,2362
33.0,12,0,5,2369
33.0,12,0,6,2376
33.0,12,0,7,2384
33.0,12,0,8,2391
33.0,12,0,9,2398
33.0,12,0,10,2406
33.0,12,0,11,2413
33.0,12,0,12,2420
33.0,12,0,13,2428
33.0,12,0,14,2435
33.0,12,0,15,2442
33.0,12,1,0,2340
33.0,12,1,1,2347
33.0,12,1,2,2355
33.0,12,1,3,2362
33.0,12,1,4,2370
33.0,12,1,5,2377
33.0,12,1,6,2384
33.0,12,1,7,2392
33.0,12,1,8,2399
33.0,12,1,9,2406
33.0,12,1,10,2414
33.0,12,1,11,2421
33.0,12,1,12,2428
33.0,12,1,13,2436
33.0,12,1,14,2443
33.0,12,1,15,2450
33.0,12,2,0,2347
33.0,12,2,1,2355
33.0,12,2,2,2362
33.0,12,2,3,2370
33.0,12,2,4,2377
33.0,12,2,5,2385
33.0,12,2,6,2392
33.0,12,2,7,2400
33.0,12,2,8,2407
33.0,12,2,9,2415
33.0,12,2,10,2422
33.0,12,2,11,2429
33.0,12,2,12,2436
33.0,12,2,13,2444
33.0,12,2,14,2451
33.0,12,2,15,2458
33.0,12,3,0,2355
33.0,12,3,1,2363
33.0,12,3,2,2370
33.0,12,3,3,2378
33.0,12,3,4,2385
33.0,12,3,5,2393
33.0,12,3,6,2400
33.0,12,3,7,2408
33.0,12,3,8,2415
33.0,12,3,9,2422
33.0,12,3,10,2430
33.0,12,3,11,2437
33.0,12,3,12,2445
33.0,12,3,13,2452
33.0,12,3,14,2459
33.0,12,3,15,2466
33.0,12,4,0,2363
33.0,12,4,1,2370
33.0,12,4,2,2378
33.0,12,4,3,2386
33.0,12,4,4,2393
33.0,12,4,5,2401
33.0,12,4,6,2408
33.0,12,4,7,2416
33.0,12,4,8,2423
33.0,12,4,9,2430
33.0,12,4,10,2438
33.0,12,4,11,2445
33.0,12,4,12,2453
33.0,12,4,13,2460
33.0,12,4,14,2467
33.0,12,4,15,2475
33.0,12,5,0,2371
33.0,12,5,1,2378
33.0,12,5,2,2386
33.0,12,5,3,2393
33.0,12,5,4,2401
33.0,12,5,5,2408
33.0,12,5,6,2416
33.0,12,5,7,2423
33.0,12,5,8,2431
33.0,12,5,9,2438
33.0,12,5,10,2446
33.0,12,5,11,2453
33.0,12,5,12,2461
33.0,12,5,13,2468
33.0,12,5,14,2475
33.0,12,5,15,2483
33.0,12,6,0,2378
33.0,12,6,1,2386
33.0,12,6,2,2393
33.0,12,6,3,2401
33.0,12,6,4,2409
33.0,12,6,5,2416
33.0,12,6,6,2424
33.0,12,6,7,2431
33.0,12,6,8,2439
33.0,12,6,9,2446
33.0,12,6,10,2454
33.0,12,6,11,2461
33.0,12,6,12,2469
33.0,12,6,13,2476
33.0,12,6,14,2483
33.0,12,6,15,2491
33.0,12,7,0,2386
33.0,12,7,1,2394
33.0,12,7,2,2401
33.0,12,7,3,2409
33.0,12,7,4,2416
33.0,12,7,5,2424
33.0,12,7,6,2432
33.0,12,7,7,2439
33.0,12,7,8,2447
33.0,12,7,9,2454
33.0,12,7,10,2462
33.0,12,7,11,2469
33.0,12,7,12,2477
33.0,12,7,13,2484
33.0,12,7,14,2491
33.0,12,7,15,2499
33.0,12,8,0,2393
33.0,12,8,1,2401
33.0,12,8,2,2409
33.0,12,8,3,2417
33.0,12,8,4,2424
33.0,12,8,5,2432
33.0,12,8,6,2439
33.0,12,8,7,2447
33.0,12,8,8,2455
33.0,12,8,9,2462
33.0,12,8,10,2470
33.0,12,8,11,2477
33.0,12,8,12,2484
33.0,12,8,13,2492
33.0,12,8,14,2499
33.0,12,8,15,2507
33.0,12,9,0,2401
33.0,12,9,1,2409
33.0,12,9,2,2417
33.0,12,9,3,2424
33.0,12,9,4,2432
33.0,12,9,5,2440
33.0,12,9,6,2447
33.0,12,9,7,2455
33.0,12,9,8,2462
33.0,12,9,9,2470
33.0,12,9,10,2477
33.0,12,9,11,2485
33.0,12,9,12,2492
33.0,12,9,13,2500
33.0,12,9,14,2507
33.0,12,9,15,2515
33.0,12,10,0,2409
33.0,12,10,1,2416
33.0,12,10,2,2424
33.0,12,10,3,2432
33.0,12,10,4,2440
33.0,12,10,5,2447
33.0,12,10,6,2455
33.0,12,10,7,2463
33.0,12,10,8,2470
33.0,12,10,9,2478
33.0,12,10,10,2485
33.0,12,10,11,2493
33.0,12,10,12,2500
33.0,12,10,13,2508
33.0,12,10,14,2515
33.0,12,10,15,2523
33.0,12,11,0,2416
33.0,12,11,1,2424
33.0,12,11,2,2432
33.0,12,11,3,2440
33.0,12,11,4,2447
33.0,12,11,5,2455
33.0,12,11,6,2463
33.0,12,11,7,2470
33.0,12,11,8,2478
33.0,12,11,9,2485
33.0,12,11,10,2493
33.0,12,11,11,2501
33.0,12,11,12,2508
33.0,12,11,13,2516
33.0,12,11,14,2523
33.0,12,11,15,2531
33.0,12,12,0,2424
33.0,12,12,1,2432
33.0,12,12,2,2439
33.0,12,12,3,2447
33.0,12,12,4,2455
33.0,12,12,5,2463
33.0,12,12,6,2470
33.0,12,12,7,2478
33.0,12,12,8,2486
33.0,12,12,9,2493
33.0,12,12,10,2501
33.0,12,12,11,2508
33.0,12,12,12,2516
33.0,12,12,13,2523
33.0,12,12,14,2531
33.0,12,12,15,2538
33.0,12,13,0,2431
33.0,12,13,1,2439
33.0,12,13,2,2447
33.0,12,13,3,2455
33.0,12,13,4,2463
33.0,12,13,5,2470
33.0,12,13,6,2478
33.0,12,13,7,2486
33.0,12,13,8,2493
33.0,12,13,9,2501
33.0,12,13,10,2509
33.0,12,13,11,2516
33.0,12,13,12,2524
33.0,12,13,13,2531
33.0,12,13,14,2539
33.0,12,13,15,2546
33.0,12,14,0,2439
33.0,12,14,1,2447
33.0,12,14,2,2455
33.0,12,14,3,2462
33.0,12,14,4,2470
33.0,12,14,5,2478
33.0,12,14,6,2486
33.0,12,14,7,2493
33.0,12,14,8,2501
33.0,12,14,9,2509
33.0,12,14,10,2516
33.0,12,14,11,2524
33.0,12,14,12,2531
33.0,12,14,13,2539
33.0,12,14,14,2547
33.0,12,14,15,2554
33.0,12,15,0,2446
33.0,12,15,1,2454
33.0,12,15,2,2462
33.0,12,15,3,2470
33.0,12,15,4,2478
33.0,12,15,5,2485
33.0,12,15,6,2493
33.0,12,15,7,2501
33.0,12,15,8,2509
33.0,12,15,9,2516
33.0,12,15,10,2524
33.0,12,15,11,2532
33.0,12,15,12,2539
33.0,12,15,13,2547
33.0,12,15,14,2554
33.0,12,15,15,2562
33.0,13,0,0,2340
33.0,13,0,1,2348
33.0,13,0,2,2355
33.0,13,0,3,2363
33.0,13,0,4,2370
33.0,13,0,5,2378
33.0,13,0,6,2385
33.0,13,0,7,2393
33.0,13,0,8,2400
33.0,13,0,9,2407
33.0,13,0,10,2415
33.0,13,0,11,2422
33.0,13,0,12,2429
33.0,13,0,13,2436
33.0,13,0,14,2444
33.0,13,0,15,2451
33.0,13,1,0,2348
33.0,13,1,1,2356
33.0,13,1,2,2363
33.0,13,1,3,2371
33.0,13,1,4,2378
33.0,13,1,5,2386
33.0,13,1,6,2393
33.0,13,1,7,2401
33.0,13,1,8,2408
33.0,13,1,9,2415
33.0,13,1,10,2423
33.0,13,1,11,2430
33.0,13,1,12,2437
33.0,13,1,13,2445
33.0,13,1,14,2452
33.0,13,1,15,2459
33.0,13,2,0,2356
33.0,13,2,1,2363
33.0,13,2,2,2371
33.0,13,2,3,2379
33.0,13,2,4,2386
33.0,13,2,5,2394
33.0,13,2,6,2401
33.0,13,2,7,2409
33.0,13,2,8,2416
33.0,13,2,9,2423
33.0,13,2,10,2431
33.0,13,2,11,2438
33.0,13,2,12,2445
33.0,13,2,13,2453
33.0,13,2,14,2460
33.0,13,2,15,2467
33.0,13,3,0,2364
33.0,13,3,1,2371
33.0,13,3,2,2379
33.0,13,3,3,2386
33.0,13,3,4,2394
33.0,13,3,5,2402
33.0,13,3,6,2409
33.0,13,3,7,2416
33.0,13,3,8,2424
33.0,13,3,9,2431
33.0,13,3,10,2439
33.0,13,3,11,2446
33.0,13,3,12,2454
33.0,13,3,13,2461
33.0,13,3,14,2468
33.0,13,3,15,2475
33.0,13,4,0,2371
33.0,13,4,1,2379
33.0,13,4,2,2387
33.0,13,4,3,2394
33.0,13,4,4,2402
33.0,13,4,5,2409
33.0,13,4,6,2417
33.0,13,4,7,2424
33.0,13,4,8,2432
33.0,13,4,9,2439
33.0,13,4,10,2447
33.0,13,4,11,2454
33.0,13,4,12,2462
33.0,13,4,13,2469
33.0,13,4,14,2476
33.0,13,4,15,2484
33.0,13,5,0,2379
33.0,13,5,1,2387
33.0,13,5,2,2395
33.0,13,5,3,2402
33.0,13,5,4,2410
33.0,13,5,5,2417
33.0,13,5,6,2425
33.0,13,5,7,2432
33.0,13,5,8,2440
33.0,13,5,9,2447
33.0,13,5,10,2455
33.0,13,5,11,2462
33.0,13,5,12,2470
33.0,13,5,13,2477
33.0,13,5,14,2484
33.0,13,5,15,2492
33.0,13,6,0,2387
33.0,13,6,1,2395
33.0,13,6,2,2402
33.0,13,6,3,2410
33.0,13,6,4,2418
33.0,13,6,5,2425
33.0,13,6,6,2433
33.0,13,6,7,2440
33.0,13,6,8,2448
33.0,13,6,9,2455
33.0,13,6,10,2463
33.0,13,6,11,2470
33.0,13,6,12,2478
33.0,13,6,13,2485
33.0,13,6,14,2492
33.0,13,6,15,2500
33.0,13,7,0,2395
33.0,13,7,1,2402
33.0,13,7,2,2410
33.0,13,7,3,2418
33.0,13,7,4,2425
33.0,13,7,5,2433
33.0,13,7,6,2441
33.0,13,7,7,2448
33.0,13,7,8,2456
33.0,13,7,9,2463
33.0,13,7,10,2471
33.0,13,7,11,2478
33.0,13,7,12,2486
33.0,13,7,13,2493
33.0,13,7,14,2500
33.0,13,7,15,2508
33.0,13,8,0,2402
33.0,13,8,1,2410
33.0,13,8,2,2418
33.0,13,8,3,2425
33.0,13,8,4,2433
33.0,13,8,5,2441
33.0,13,8,6,2448
33.0,13,8,7,2456
33.0,13,8,8,2463
33.0,13,8,9,2471
33.0,13,8,10,2479
33.0,13,8,11,2486
33.0,13,8,12,2494
33.0,13,8,13,2501
33.0,13,8,14,2508
33.0,13,8,15,2516
33.0,13,9,0,2410
33.0,13,9,1,2418
33.0,13,9,2,2425
33.0,13,9,3,2433
33.0,13,9,4,2441
33.0,13,9,5,2448
33.0,13,9,6,2456
33.0,13,9,7,2464
33.0,13,9,8,2471
33.0,13,9,9,2479
33.0,13,9,10,2486
33.0,13,9,11,2494
33.0,13,9,12,2501
33.0,13,9,13,2509
33.0,13,9,14,2516
33.0,13,9,15,2524
33.0,13,10,0,2418
33.0,13,10,1,2425
33.0,13,10,2,2433
33.0,13,10,3,2441
33.0,13,10,4,2449
33.0,13,10,5,2456
33.0,13,10,6,2464
33.0,13,10,7,2472
33.0,13,10,8,2479
33.0,13,10,9,2487
33.0,13,10,10,2494
33.0,13,10,11,2502
33.0,13,10,12,2509
33.0,13,10,13,2517
33.0,13,10,14,2524
33.0,13,10,15,2532
33.0,13,11,0,2425
33.0,13,11,1,2433
33.0,13,11,2,2441
33.0,13,11,3,2448
33.0,13,11,4,2456
33.0,13,11,5,2464
33.0,13,11,6,2472
33.0,13,11,7,2479
33.0,13,11,8,2487
33.0,13,11,9,2495
33.0,13,11,10,2502
33.0,13,11,11,2510
33.0,13,11,12,2517
33.0,13,11,13,2525
33.0,13,11,14,2532
33.0,13,11,15,2540
33.0,13,12,0,2433
33.0,13,12,1,2441
33.0,13,12,2,2448
33.0,13,12,3,2456
33.0,13,12,4,2464
33.0,13,12,5,2472
33.0,13,12,6,2479
33.0,13,12,7,2487
33.0,13,12,8,2495
33.0,13,12,9,2502
33.0,13,12,10,2510
33.0,13,12,11,2518
33.0,13,12,12,2525
33.0,13,12,13,2533
33.0,13,12,14,2540
33.0,13,12,15,2548
33.0,13,13,0,2440
33.0,13,13,1,2448
33.0,13,13,2,2456
33.0,13,13,3,2464
33.0,13,13,4,2472
33.0,13,13,5,2479
33.0,13,13,6,2487
33.0,13,13,7,2495
33.0,13,13,8,2502
33.0,13,13,9,2510
33.0,13,13,10,2518
33.0,13,13,11,2525
33.0,13,13,12,2533
33.0,13,13,13,2541
33.0,13,13,14,2548
33.0,13,13,15,2556
33.0,13,14,0,2448
33.0,13,14,1,2456
33.0,13,14,2,2463
33.0,13,14,3,2471
33.0,13,14,4,2479
33.0,13,14,5,2487
33.0,13,14,6,2495
33.0,13,14,7,2502
33.0,13,14,8,2510
33.0,13,14,9,2518
33.0,13,14,10,2525
33.0,13,14,11,2533
33.0,13,14,12,2541
33.0,13,14,13,2548
33.0,13,14,14,2556
33.0,13,14,15,2563
33.0,13,15,0,2455
33.0,13,15,1,2463
33.0,13,15,2,2471
33.0,13,15,3,2479
33.0,13,15,4,2487
33.0,13,15,5,2495
33.0,13,15,6,2502
33.0,13,15,7,2510
33.0,13,15,8,2518
33.0,13,15,9,2526
33.0,13,15,10,2533
33.0,13,15,11,2541
33.0,13,15,12,2549
33.0,13,15,13,2556
33.0,13,15,14,2564
33.0,13,15,15,2571
33.0,14,0,0,2349
33.0,14,0,1,2356
33.0,14,0,2,2364
33.0,14,0,3,2371
33.0,14,0,4,2379
33.0,14,0,5,2386
33.0,14,0,6,2394
33.0,14,0,7,2401
33.0,14,0,8,2409
33.0,14,0,9,2416
33.0,14,0,10,2423
33.0,14,0,11,2431
33.0,14,0,12,2438
33.0,14,0,13,2445
33.0,14,0,14,2453
33.0,14,0,15,2460
33.0,14,1,0,2357
33.0,14,1,1,2364
33.0,14,1,2,2372
33.0,14,1,3,2379
33.0,14,1,4,2387
33.0,14,1,5,2394
33.0,14,1,6,2402
33.0,14,1,7,2409
33.0,14,1,8,2417
33.0,14,1,9,2424
33.0,14,1,10,2432
33.0,14,1,11,2439
33.0,14,1,12,2446
33.0,14,1,13,2454
33.0,14,1,14,2461
33.0,14,1,15,2468
33.0,14,2,0,2365
33.0,14,2,1,2372
33.0,14,2,2,2380
33.0,14,2,3,2387
33.0,14,2,4,2395
33.0,14,2,5,2402
33.0,14,2,6,2410
33.0,14,2,7,2417
33.0,14,2,8,2425
33.0,14,2,9,2432
33.0,14,2,10,2440
33.0,14,2,11,2447
33.0,14,2,12,2454
33.0,14,2,13,2462
33.0,14,2,14,2469
33.0,14,2,15,2476
33.0,14,3,0,2372
33.0,14,3,1,2380
33.0,14,3,2,2388
33.0,14,3,3,2395
33.0,14,3,4,2403
33.0,14,3,5,2410
33.0,14,3,6,2418
33.0,14,3,7,2425
33.0,14,3,8,2433
33.0,14,3,9,2440
33.0,14,3,10,2448
33.0,14,3,11,2455
33.0,14,3,12,2462
33.0,14,3,13,2470
33.0,14,3,14,2477
33.0,14,3,15,2484
33.0,14,4,0,2380
33.0,14,4,1,2388
33.0,14,4,2,2395
33.0,14,4,3,2403
33.0,14,4,4,2411
33.0,14,4,5,2418
33.0,14,4,6,2426
33.0,14,4,7,2433
33.0,14,4,8,2441
33.0,14,4,9,2448
33.0,14,4,10,2456
33.0,14,4,11,2463
33.0,14,4,12,2471
33.0,14,4,13,2478
33.0,14,4,14,2485
33.0,14,4,15,2493
33.0,14,5,0,2388
33.0,14,5,1,2396
33.0,14,5,2,2403
33.0,14,5,3,2411
33.0,14,5,4,2419
33.0,14,5,5,2426
33.0,14,5,6,2434
33.0,14,5,7,2441
33.0,14,5,8,2449
33.0,14,5,9,2456
33.0,14,5,10,2464
33.0,14,5,11,2471
33.0,14,5,12,2479
33.0,14,5,13,2486
33.0,14,5,14,2493
33.0,14,5,15,2501
33.0,14,6,0,2396
33.0,14,6,1,2403
33.0,14,6,2,2411
33.0,14,6,3,2419
33.0,14,6,4,2426
33.0,14,6,5,2434
33.0,14,6,6,2442
33.0,14,6,7,2449
33.0,14,6,8,2457
33.0,14,6,9,2464
33.0,14,6,10,2472
33.0,14,6,11,2479
33.0,14,6,12,2487
33.0,14,6,13,2494
33.0,14,6,14,2502
33.0,14,6,15,2509
33.0,14,7,0,2403
33.0,14,7,1,2411
33.0,14,7,2,2419
33.0,14,7,3,2426
33.0,14,7,4,2434
33.0,14,7,5,2442
33.0,14,7,6,2449
33.0,14,7,7,2457
33.0,14,7,8,2465
33.0,14,7,9,2472
33.0,14,7,10,2480
33.0,14,7,11,2487
33.0,14,7,12,2495
33.0,14,7,13,2502
33.0,14,7,14,2510
33.0,14,7,15,2517
33.0,14,8,0,2411
33.0,14,8,1,2419
33.0,14,8,2,2427
33.0,14,8,3,2434
33.0,14,8,4,2442
33.0,14,8,5,2450
33.0,14,8,6,2457
33.0,14,8,7,2465
33.0,14,8,8,2472
33.0,14,8,9,2480
33.0,14,8,10,2488
33.0,14,8,11,2495
33.0,14,8,12,2503
33.0,14,8,13,2510
33.0,14,8,14,2518
33.0,14,8,15,2525
33.0,14,9,0,2419
33.0,14,9,1,2426
33.0,14,9,2,2434
33.0,14,9,3,2442
33.0,14,9,4,2450
33.0,14,9,5,2457
33.0,14,9,6,2465
33.0,14,9,7,2473
33.0,14,9,8,2480
33.0,14,9,9,2488
33.0,14,9,10,2496
33.0,14,9,11,2503
33.0,14,9,12,2511
33.0,14,9,13,2518
33.0,14,9,14,2526
33.0,14,9,15,2533
33.0,14,10,0,2426
33.0,14,10,1,2434
33.0,14,10,2,2442
33.0,14,10,3,2450
33.0,14,10,4,2457
33.0,14,10,5,2465
33.0,14,10,6,2473
33.0,14,10,7,2481
33.0,14,10,8,2488
33.0,14,10,9,2496
33.0,14,10,10,2503
33.0,14,10,11,2511
33.0,14,10,12,2519
33.0,14,10,13,2526
33.0,14,10,14,2534
33.0,14,10,15,2541
33.0,14,11,0,2434
33.0,14,11,1,2442
33.0,14,11,2,2450
33.0,14,11,3,2457
33.0,14,11,4,2465
33.0,14,11,5,2473
33.0,14,11,6,2481
33.0,14,11,7,2488
33.0,14,11,8,2496
33.0,14,11,9,2504
33.0,14,11,10,2511
33.0,14,11,11,2519
33.0,14,11,12,2526
33.0,14,11,13,2534
33.0,14,11,14,2542
33.0,14,11,15,2549
33.0,14,12,0,2442
33.0,14,12,1,2449
33.0,14,12,2,2457
33.0,14,12,3,2465
33.0,14,12,4,2473
33.0,14,12,5,2481
33.0,14,12,6,2488
33.0,14,12,7,2496
33.0,14,12,8,2504
33.0,14,12,9,2511
33.0,14,12,10,2519
33.0,14,12,11,2527
33.0,14,12,12,2534
33.0,14,12,13,2542
33.0,14,12,14,2549
33.0,14,12,15,2557
33.0,14,13,0,2449
33.0,14,13,1,2457
33.0,14,13,2,2465
33.0,14,13,3,2473
33.0,14,13,4,2481
33.0,14,13,5,2488
33.0,14,13,6,2496
33.0,14,13,7,2504
33.0,14,13,8,2512
33.0,14,13,9,2519
33.0,14,13,10,2527
33.0,14,13,11,2535
33.0,14,13,12,2542
33.0,14,13,13,2550
33.0,14,13,14,2557
33.0,14,13,15,2565
33.0,14,14,0,2457
33.0,14,14,1,2465
33.0,14,14,2,2472
33.0,14,14,3,2480
33.0,14,14,4,2488
33.0,14,14,5,2496
33.0,14,14,6,2504
33.0,14,14,7,2512
33.0,14,14,8,2519
33.0,14,14,9,2527
33.0,14,14,10,2535
33.0,14,14,11,2542
33.0,14,14,12,2550
33.0,14,14,13,2558
33.0,14,14,14,2565
33.0,14,14,15,2573
33.0,14,15,0,2464
33.0,14,15,1,2472
33.0,14,15,2,2480
33.0,14,15,3,2488
33.0,14,15,4,2496
33.0,14,15,5,2504
33.0,14,15,6,2511
33.0,14,15,7,2519
33.0,14,15,8,2527
33.0,14,15,9,2535
33.0,14,15,10,2542
33.0,14,15,11,2550
33.0,14,15,12,2558
33.0,14,15,13,2565
33.0,14,15,14,2573
33.0,14,15,15,2581
33.0,15,0,0,2357
33.0,15,0,1,2365
33.0,15,0,2,2373
33.0,15,0,3,2380
33.0,15,0,4,2388
33.0,15,0,5,2395
33.0,15,0,6,2403
33.0,15,0,7,2410
33.0,15,0,8,2417
33.0,15,0,9,2425
33.0,15,0,10,2432
33.0,15,0,11,2440
33.0,15,0,12,2447
33.0,15,0,13,2454
33.0,15,0,14,2462
33.0,15,0,15,2469
33.0,15,1,0,2365
33.0,15,1,1,2373
33.0,15,1,2,2380
33.0,15,1,3,2388
33.0,15,1,4,2396
33.0,15,1,5,2403
33.0,15,1,6,2411
33.0,15,1,7,2418
33.0,15,1,8,2426
33.0,15,1,9,2433
33.0,15,1,10,2440
33.0,15,1,11,2448
33.0,15,1,12,2455
33.0,15,1,13,2462
33.0,15,1,14,2470
33.0,15,1,15,2477
33.0,15,2,0,2373
33.0,15,2,1,2381
33.0,15,2,2,2388
33.0,15,2,3,2396
33.0,15,2,4,2404
33.0,15,2,5,2411
33.0,15,2,6,2419
33.0,15,2,7,2426
33.0,15,2,8,2434
33.0,15,2,9,2441
33.0,15,2,10,2448
33.0,15,2,11,2456
33.0,15,2,12,2463
33.0,15,2,13,2471
33.0,15,2,14,2478
33.0,15,2,15,2485
33.0,15,3,0,2381
33.0,15,3,1,2389
33.0,15,3,2,2396
33.0,15,3,3,2404
33.0,15,3,4,2411
33.0,15,3,5,2419
33.0,15,3,6,2427
33.0,15,3,7,2434
33.0,15,3,8,2442
33.0,15,3,9,2449
33.0,15,3,10,2457
33.0,15,3,11,2464
33.0,15,3,12,2471
33.0,15,3,13,2479
33.0,15,3,14,2486
33.0,15,3,15,2494
33.0,15,4,0,2389
33.0,15,4,1,2396
33.0,15,4,2,2404
33.0,15,4,3,2412
33.0,15,4,4,2419
33.0,15,4,5,2427
33.0,15,4,6,2435
33.0,15,4,7,2442
33.0,15,4,8,2450
33.0,15,4,9,2457
33.0,15,4,10,2465
33.0,15,4,11,2472
33.0,15,4,12,2480
33.0,15,4,13,2487
33.0,15,4,14,2494
33.0,15,4,15,2502
33.0,15,5,0,2397
33.0,15,5,1,2404
33.0,15,5,2,2412
33.0,15,5,3,2420
33.0,15,5,4,2427
33.0,15,5,5,2435
33.0,15,5,6,2443
33.0,15,5,7,2450
33.0,15,5,8,2458
33.0,15,5,9,2465
33.0,15,5,10,2473
33.0,15,5,11,2480
33.0,15,5,12,2488
33.0,15,5,13,2495
33.0,15,5,14,2502
33.0,15,5,15,2510
33.0,15,6,0,2404
33.0,15,6,1,2412
33.0,15,6,2,2420
33.0,15,6,3,2428
33.0,15,6,4,2435
33.0,15,6,5,2443
33.0,15,6,6,2450
33.0,15,6,7,2458
33.0,15,6,8,2466
33.0,15,6,9,2473
33.0,15,6,10,2481
33.0,15,6,11,2488
33.0,15,6,12,2496
33.0,15,6,13,2503
33.0,15,6,14,2511
33.0,15,6,15,2518
33.0,15,7,0,2412
33.0,15,7,1,2420
33.0,15,7,2,2428
33.0,15,7,3,2435
33.0,15,7,4,2443
33.0,15,7,5,2451
33.0,15,7,6,2458
33.0,15,7,7,2466
33.0,15,7,8,2474
33.0,15,7,9,2481
33.0,15,7,10,2489
33.0,15,7,11,2496
33.0,15,7,12,2504
33.0,15,7,13,2511
33.0,15,7,14,2519
33.0,15,7,15,2526
33.0,15,8,0,2420
33.0,15,8,1,2428
33.0,15,8,2,2435
33.0,15,8,3,2443
33.0,15,8,4,2451
33.0,15,8,5,2459
33.0,15,8,6,2466
33.0,15,8,7,2474
33.0,15,8,8,2481
33.0,15,8,9,2489
33.0,15,8,10,2497
33.0,15,8,11,2504
33.0,15,8,12,2512
33.0,15,8,13,2519
33.0,15,8,14,2527
33.0,15,8,15,2534
33.0,15,9,0,2428
33.0,15,9,1,2435
33.0,15,9,2,2443
33.0,15,9,3,2451
33.0,15,9,4,2459
33.0,15,9,5,2466
33.0,15,9,6,2474
33.0,15,9,7,2482
33.0,15,9,8,2489
33.0,15,9,9,2497
33.0,15,9,10,2505
33.0,15,9,11,2512
33.0,15,9,12,2520
33.0,15,9,13,2527
33.0,15,9,14,2535
33.0,15,9,15,2542
33.0,15,10,0,2435
33.0,15,10,1,2443
33.0,15,10,2,2451
33.0,15,10,3,2459
33.0,15,10,4,2466
33.0,15,10,5,2474
33.0,15,10,6,2482
33.0,15,10,7,2490
33.0,15,10,8,2497
33.0,15,10,9,2505
33.0,15,10,10,2513
33.0,15,10,11,2520
33.0,15,10,12,2528
33.0,15,10,13,2535
33.0,15,10,14,2543
33.0,15,10,15,2550
33.0,15,11,0,2443
33.0,15,11,1,2451
33.0,15,11,2,2459
33.0,15,11,3,2466
33.0,15,11,4,2474
33.0,15,11,5,2482
33.0,15,11,6,2490
33.0,15,11,7,2497
33.0,15,11,8,2505
33.0,15,11,9,2513
33.0,15,11,10,2520
33.0,15,11,11,2528
33.0,15,11,12,2536
33.0,15,11,13,2543
33.0,15,11,14,2551
33.0,15,11,15,2558
33.0,15,12,0,2450
33.0,15,12,1,2458
33.0,15,12,2,2466
33.0,15,12,3,2474
33.0,15,12,4,2482
33.0,15,12,5,2490
33.0,15,12,6,2497
33.0,15,12,7,2505
33.0,15,12,8,2513
33.0,15,12,9,2521
33.0,15,12,10,2528
33.0,15,12,11,2536
33.0,15,12,12,2544
33.0,15,12,13,2551
33.0,15,12,14,2559
33.0,15,12,15,2566
33.0,15,13,0,2458
33.0,15,13,1,2466
33.0,15,13,2,2474
33.0,15,13,3,2482
33.0,15,13,4,2490
33.0,15,13,5,2497
33.0,15,13,6,2505
33.0,15,13,7,2513
33.0,15,13,8,2521
33.0,15,13,9,2528
33.0,15,13,10,2536
33.0,15,13,11,2544
33.0,15,13,12,2551
33.0,15,13,13,2559
33.0,15,13,14,2567
33.0,15,13,15,2574
33.0,15,14,0,2466
33.0,15,14,1,2474
33.0,15,14,2,2481
33.0,15,14,3,2489
33.0,15,14,4,2497
33.0,15,14,5,2505
33.0,15,14,6,2513
33.0,15,14,7,2521
33.0,15,14,8,2528
33.0,15,14,9,2536
33.0,15,14,10,2544
33.0,15,14,11,2552
33.0,15,14,12,2559
33.0,15,14,13,2567
33.0,15,14,14,2575
33.0,15,14,15,2582
33.0,15,15,0,2473
33.0,15,15,1,2481
33.0,15,15,2,2489
33.0,15,15,3,2497
33.0,15,15,4,2505
33.0,15,15,5,2513
33.0,15,15,6,2521
33.0,15,15,7,2528
33.0,15,15,8,2536
33.0,15,15,9,2544
33.0,15,15,10,2552
33.0,15,15,11,2559
33.0,15,15,12,2567
33.0,15,15,13,2575
33.0,15,15,14,2582
33.0,15,15,15,2590
33.5,0,0,0,2247
33.5,0,0,1,2254
33.5,0,0,2,2261
33.5,0,0,3,2269
33.5,0,0,4,2276
33.5,0,0,5,2283
33.5,0,0,6,2290
33.5,0,0,7,2297
33.5,0,0,8,2304
33.5,0,0,9,2311
33.5,0,0,10,2318
33.5,0,0,11,2325
33.5,0,0,12,2332
33.5,0,0,13,2339
33.5,0,0,14,2346
33.5,0,0,15,2353
33.5,0,1,0,2254
33.5,0,1,1,2262
33.5,0,1,2,2269
33.5,0,1,3,2276
33.5,0,1,4,2283
33.5,0,1,5,2290
33.5,0,1,6,2298
33.5,0,1,7,2305
33.5,0,1,8,2312
33.5,0,1,9,2319
33.5,0,1,10,2326
33.5,0,1,11,2333
33.5,0,1,12,2340
33.5,0,1,13,2347
33.5,0,1,14,2354
33.5,0,1,15,2361
33.5,0,2,0,2262
33.5,0,2,1,2269
33.5,0,2,2,2276
33.5,0,2,3,2284
33.5,0,2,4,2291
33.5,0,2,5,2298
33.5,0,2,6,2305
33.5,0,2,7,2312
33.5,0,2,8,2320
33.5,0,2,9,2327
33.5,0,2,10,2334
33.5,0,2,11,2341
33.5,0,2,12,2348
33.5,0,2,13,2355
33.5,0,2,14,2362
33.5,0,2,15,2369
33.5,0,3,0,2269
33.5,0,3,1,2277
33.5,0,3,2,2284
33.5,0,3,3,2291
33.5,0,3,4,2298
33.5,0,3,5,2306
33.5,0,3,6,2313
33.5,0,3,7,2320
33.5,0,3,8,2327
33.5,0,3,9,2334
33.5,0,3,10,2341
33.5,0,3,11,2349
33.5,0,3,12,2356
33.5,0,3,13,2363
33.5,0,3,14,2370
33.5,0,3,15,2377
33.5,0,4,0,2277
33.5,0,4,1,2284
33.5,0,4,2,2291
33.5,0,4,3,2299
33.5,0,4,4,2306
33.5,0,4,5,2313
33.5,0,4,6,2321
33.5,0,4,7,2328
33.5,0,4,8,2335
33.5,0,4,9,2342
33.5,0,4,10,2349
33.5,0,4,11,2356
33.5,0,4,12,2363
33.5,0,4,13,2370
33.5,0,4,14,2377
33.5,0,4,15,2384
33.5,0,5,0,2284
33.5,0,5,1,2292
33.5,0,5,2,2299
33.5,0,5,3,2306
33.5,0,5,4,2314
33.5,0,5,5,2321
33.5,0,5,6,2328
33.5,0,5,7,2335
33.5,0,5,8,2342
33.5,0,5,9,2350
33.5,0,5,10,2357
33.5,0,5,11,2364
33.5,0,5,12,2371
33.5,0,5,13,2378
33.5,0,5,14,2385
33.5,0,5,15,2392
33.5,0,6,0,2292
33.5,0,6,1,2299
33.5,0,6,2,2306
33.5,0,6,3,2314
33.5,0,6,4,2321
33.5,0,6,5,2328
33.5,0,6,6,2336
33.5,0,6,7,2343
33.5,0,6,8,2350
33.5,0,6,9,2357
33.5,0,6,10,2364
33.5,0,6,11,2372
33.5,0,6,12,2379
33.5,0,6,13,2386
33.5,0,6,14,2393
33.5,0,6,15,2400
33.5,0,7,0,2299
33.5,0,7,1,2306
33.5,0,7,2,2314
33.5,0,7,3,2321
33.5,0,7,4,2329
33.5,0,7,5,2336
33.5,0,7,6,2343
33.5,0,7,7,2350
33.5,0,7,8,2358
33.5,0,7,9,2365
33.5,0,7,10,2372
33.5,0,7,11,2379
33.5,0,7,12,2386
33.5,0,7,13,2394
33.5,0,7,14,2401
33.5,0,7,15,2408
33.5,0,8,0,2306
33.5,0,8,1,2314
33.5,0,8,2,2321
33.5,0,8,3,2329
33.5,0,8,4,2336
33.5,0,8,5,2343
33.5,0,8,6,2351
33.5,0,8,7,2358
33.5,0,8,8,2365
33.5,0,8,9,2372
33.5,0,8,10,2380
33.5,0,8,11,2387
33.5,0,8,12,2394
33.5,0,8,13,2401
33.5,0,8,14,2408
33.5,0,8,15,2415
33.5,0,9,0,2314
33.5,0,9,1,2321
33.5,0,9,2,2329
33.5,0,9,3,2336
33.5,0,9,4,2343
33.5,0,9,5,2351
33.5,0,9,6,2358
33.5,0,9,7,2365
33.5,0,9,8,2373
33.5,0,9,9,2380
33.5,0,9,10,2387
33.5,0,9,11,2394
33.5,0,9,12,2402
33.5,0,9,13,2409
33.5,0,9,14,2416
33.5,0,9,15,2423
33.5,0,10,0,2321
33.5,0,10,1,2329
33.5,0,10,2,2336
33.5,0,10,3,2343
33.5,0,10,4,2351
33.5,0,10,5,2358
33.5,0,10,6,2366
33.5,0,10,7,2373
33.5,0,10,8,2380
33.5,0,10,9,2388
33.5,0,10,10,2395
33.5,0,10,11,2402
33.5,0,10,12,2409
33.5,0,10,13,2416
33.5,0,10,14,2424
33.5,0,10,15,2431
33.5,0,11,0,2328
33.5,0,11,1,2336
33.5,0,11,2,2343
33.5,0,11,3,2351
33.5,0,11,4,2358
33.5,0,11,5,2366
33.5,0,11,6,2373
33.5,0,11,7,2380
33.5,0,11,8,2388
33.5,0,11,9,2395
33.5,0,11,10,2402
33.5,0,11,11,2410
33.5,0,11,12,2417
33.5,0,11,13,2424
33.5,0,11,14,2431
33.5,0,11,15,2438
33.5,0,12,0,2336
33.5,0,12,1,2343
33.5,0,12,2,2351
33.5,0,12,3,2358
33.5,0,12,4,2366
33.5,0,12,5,2373
33.5,0,12,6,2380
33.5,0,12,7,2388
33.5,0,12,8,2395
33.5,0,12,9,2402
33.5,0,12,10,2410
33.5,0,12,11,2417
33.5,0,12,12,2424
33.5,0,12,13,2432
33.5,0,12,14,2439
33.5,0,12,15,2446
33.5,0,13,0,2343
33.5,0,13,1,2350
33.5,0,13,2,2358
33.5,0,13,3,2365
33.5,0,13,4,2373
33.5,0,13,5,2380
33.5,0,13,6,2388
33.5,0,13,7,2395
33.5,0,13,8,2403
33.5,0,13,9,2410
33.5,0,13,10,2417
33.5,0,13,11,2425
33.5,0,13,12,2432
33.5,0,13,13,2439
33.5,0,13,14,2446
33.5,0,13,15,2454
33.5,0,14,0,2350
33.5,0,14,1,2358
33.5,0,14,2,2365
33.5,0,14,3,2373
33.5,0,14,4,2380
33.5,0,14,5,2388
33.5,0,14,6,2395
33.5,0,14,7,2403
33.5,0,14,8,2410
33.5,0,14,9,2417
33.5,0,14,10,2425
33.5,0,14,11,2432
33.5,0,14,12,2439
33.5,0,14,13,2447
33.5,0,14,14,2454
33.5,0,14,15,2461
33.5,0,15,0,2357
33.5,0,15,1,2365
33.5,0,15,2,2372
33.5,0,15,3,2380
33.5,0,15,4,2388
33.5,0,15,5,2395
33.5,0,15,6,2402
33.5,0,15,7,2410
33.5,0,15,8,2417
33.5,0,15,9,2425
33.5,0,15,10,2432
33.5,0,15,11,2440
33.5,0,15,12,2447
33.5,0,15,13,2454
33.5,0,15,14,2461
33.5,0,15,15,2469
33.5,1,0,0,2255
33.5,1,0,1,2263
33.5,1,0,2,2270
33.5,1,0,3,2277
33.5,1,0,4,2284
33.5,1,0,5,2292
33.5,1,0,6,2299
33.5,1,0,7,2306
33.5,1,0,8,2313
33.5,1,0,9,2320
33.5,1,0,10,2327
33.5,1,0,11,2334
33.5,1,0,12,2341
33.5,1,0,13,2348
33.5,1,0,14,2355
33.5,1,0,15,2362
33.5,1,1,0,2263
33.5,1,1,1,2270
33.5,1,1,2,2278
33.5,1,1,3,2285
33.5,1,1,4,2292
33.5,1,1,5,2299
33.5,1,1,6,2306
33.5,1,1,7,2314
33.5,1,1,8,2321
33.5,1,1,9,2328
33.5,1,1,10,2335
33.5,1,1,11,2342
33.5,1,1,12,2349
33.5,1,1,13,2356
33.5,1,1,14,2363
33.5,1,1,15,2370
33.5,1,2,0,2271
33.5,1,2,1,2278
33.5,1,2,2,2285
33.5,1,2,3,2292
33.5,1,2,4,2300
33.5,1,2,5,2307
33.5,1,2,6,2314
33.5,1,2,7,2321
33.5,1,2,8,2328
33.5,1,2,9,2336
33.5,1,2,10,2343
33.5,1,2,11,2350
33.5,1,2,12,2357
33.5,1,2,13,2364
33.5,1,2,14,2371
33.5,1,2,15,2378
33.5,1,3,0,2278
33.5,1,3,1,2285
33.5,1,3,2,2293
33.5,1,3,3,2300
33.5,1,3,4,2307
33.5,1,3,5,2315
33.5,1,3,6,2322
33.5,1,3,7,2329
33.5,1,3,8,2336
33.5,1,3,9,2343
33.5,1,3,10,2350
33.5,1,3,11,2358
33.5,1,3,12,2365
33.5,1,3,13,2372
33.5,1,3,14,2379
33.5,1,3,15,2386
33.5,1,4,0,2286
33.5,1,4,1,2293
33.5,1,4,2,2300
33.5,1,4,3,2308
33.5,1,4,4,2315
33.5,1,4,5,2322
33.5,1,4,6,2329
33.5,1,4,7,2337
33.5,1,4,8,2344
33.5,1,4,9,2351
33.5,1,4,10,2358
33.5,1,4,11,2365
33.5,1,4,12,2372
33.5,1,4,13,2380
33.5,1,4,14,2387
33.5,1,4,15,2394
33.5,1,5,0,2293
33.5,1,5,1,2300
33.5,1,5,2,2308
33.5,1,5,3,2315
33.5,1,5,4,2322
33.5,1,5,5,2330
33.5,1,5,6,2337
33.5,1,5,7,2344
33.5,1,5,8,2351
33.5,1,5,9,2359
33.5,1,5,10,2366
33.5,1,5,11,2373
33.5,1,5,12,2380
33.5,1,5,13,2387
33.5,1,5,14,2394
33.5,1,5,15,2401
33.5,1,6,0,2300
33.5,1,6,1,2308
33.5,1,6,2,2315
33.5,1,6,3,2323
33.5,1,6,4,2330
33.5,1,6,5,2337
33.5,1,6,6,2345
33.5,1,6,7,2352
33.5,1,6,8,2359
33.5,1,6,9,2366
33.5,1,6,10,2374
33.5,1,6,11,2381
33.5,1,6,12,2388
33.5,1,6,13,2395
33.5,1,6,14,2402
33.5,1,6,15,2409
33.5,1,7,0,2308
33.5,1,7,1,2315
33.5,1,7,2,2323
33.5,1,7,3,2330
33.5,1,7,4,2337
33.5,1,7,5,2345
33.5,1,7,6,2352
33.5,1,7,7,2359
33.5,1,7,8,2367
33.5,1,7,9,2374
33.5,1,7,10,2381
33.5,1,7,11,2388
33.5,1,7,12,2396
33.5,1,7,13,2403
33.5,1,7,14,2410
33.5,1,7,15,2417
33.5,1,8,0,2315
33.5,1,8,1,2323
33.5,1,8,2,2330
33.5,1,8,3,2338
33.5,1,8,4,2345
33.5,1,8,5,2352
33.5,1,8,6,2360
33.5,1,8,7,2367
33.5,1,8,8,2374
33.5,1,8,9,2382
33.5,1,8,10,2389
33.5,1,8,11,2396
33.5,1,8,12,2403
33.5,1,8,13,2410
33.5,1,8,14,2418
33.5,1,8,15,2425
33.5,1,9,0,2323
33.5,1,9,1,2330
33.5,1,9,2,2338
33.5,1,9,3,2345
33.5,1,9,4,2352
33.5,1,9,5,2360
33.5,1,9,6,2367
33.5,1,9,7,2375
33.5,1,9,8,2382
33.5,1,9,9,2389
33.5,1,9,10,2396
33.5,1,9,11,2404
33.5,1,9,12,2411
33.5,1,9,13,2418
33.5,1,9,14,2425
33.5,1,9,15,2432
33.5,1,10,0,2330
33.5,1,10,1,2337
33.5,1,10,2,2345
33.5,1,10,3,2352
33.5,1,10,4,2360
33.5,1,10,5,2367
33.5,1,10,6,2375
33.5,1,10,7,2382
33.5,1,10,8,2389
33.5,1,10,9,2397
33.5,1,10,10,2404
33.5,1,10,11,2411
33.5,1,10,12,2418
33.5,1,10,13,2426
33.5,1,10,14,2433
33.5,1,10,15,2440
33.5,1,11,0,2337
33.5,1,11,1,2345
33.5,1,11,2,2352
33.5,1,11,3,2360
33.5,1,11,4,2367
33.5,1,11,5,2375
33.5,1,11,6,2382
33.5,1,11,7,2389
33.5,1,11,8,2397
33.5,1,11,9,2404
33.5,1,11,10,2412
33.5,1,11,11,2419
33.5,1,11,12,2426
33.5,1,11,13,2433
33.5,1,11,14,2441
33.5,1,11,15,2448
33.5,1,12,0,2345
33.5,1,12,1,2352
33.5,1,12,2,2360
33.5,1,12,3,2367
33.5,1,12,4,2375
33.5,1,12,5,2382
33.5,1,12,6,2390
33.5,1,12,7,2397
33.5,1,12,8,2404
33.5,1,12,9,2412
33.5,1,12,10,2419
33.5,1,12,11,2426
33.5,1,12,12,2434
33.5,1,12,13,2441
33.5,1,12,14,2448
33.5,1,12,15,2455
33.5,1,13,0,2352
33.5,1,13,1,2359
33.5,1,13,2,2367
33.5,1,13,3,2375
33.5,1,13,4,2382
33.5,1,13,5,2389
33.5,1,13,6,2397
33.5,1,13,7,2404
33.5,1,13,8,2412
33.5,1,13,9,2419
33.5,1,13,10,2427
33.5,1,13,11,2434
33.5,1,13,12,2441
33.5,1,13,13,2449
33.5,1,13,14,2456
33.5,1,13,15,2463
33.5,1,14,0,2359
33.5,1,14,1,2367
33.5,1,14,2,2374
33.5,1,14,3,2382
33.5,1,14,4,2389
33.5,1,14,5,2397
33.5,1,14,6,2404
33.5,1,14,7,2412
33.5,1,14,8,2419
33.5,1,14,9,2427
33.5,1,14,10,2434
33.5,1,14,11,2441
33.5,1,14,12,2449
33.5,1,14,13,2456
33.5,1,14,14,2463
33.5,1,14,15,2471
33.5,1,15,0,2366
33.5,1,15,1,2374
33.5,1,15,2,2382
33.5,1,15,3,2389
33.5,1,15,4,2397
33.5,1,15,5,2404
33.5,1,15,6,2412
33.5,1,15,7,2419
33.5,1,15,8,2427
33.5,1,15,9,2434
33.5,1,15,10,2441
33.5,1,15,11,2449
33.5,1,15,12,2456
33.5,1,15,13,2464
33.5,1,15,14,2471
33.5,1,15,15,2478
33.5,2,0,0,2264
33.5,2,0,1,2271
33.5,2,0,2,2279
33.5,2,0,3,2286
33.5,2,0,4,2293
33.5,2,0,5,2300
33.5,2,0,6,2308
33.5,2,0,7,2315
33.5,2,0,8,2322
33.5,2,0,9,2329
33.5,2,0,10,2336
33.5,2,0,11,2343
33.5,2,0,12,2350
33.5,2,0,13,2357
33.5,2,0,14,2364
33.5,2,0,15,2371
33.5,2,1,0,2272
33.5,2,1,1,2279
33.5,2,1,2,2286
33.5,2,1,3,2294
33.5,2,1,4,2301
33.5,2,1,5,2308
33.5,2,1,6,2315
33.5,2,1,7,2322
33.5,2,1,8,2330
33.5,2,1,9,2337
33.5,2,1,10,2344
33.5,2,1,11,2351
33.5,2,1,12,2358
33.5,2,1,13,2365
33.5,2,1,14,2372
33.5,2,1,15,2379
33.5,2,2,0,2279
33.5,2,2,1,2287
33.5,2,2,2,2294
33.5,2,2,3,2301
33.5,2,2,4,2308
33.5,2,2,5,2316
33.5,2,2,6,2323
33.5,2,2,7,2330
33.5,2,2,8,2337
33.5,2,2,9,2345
33.5,2,2,10,2352
33.5,2,2,11,2359
33.5,2,2,12,2366
33.5,2,2,13,2373
33.5,2,2,14,2380
33.5,2,2,15,2387
33.5,2,3,0,2287
33.5,2,3,1,2294
33.5,2,3,2,2301
33.5,2,3,3,2309
33.5,2,3,4,2316
33.5,2,3,5,2323
33.5,2,3,6,2331
33.5,2,3,7,2338
33.5,2,3,8,2345
33.5,2,3,9,2352
33.5,2,3,10,2359
33.5,2,3,11,2367
33.5,2,3,12,2374
33.5,2,3,13,2381
33.5,2,3,14,2388
33.5,2,3,15,2395
33.5,2,4,0,2294
33.5,2,4,1,2302
33.5,2,4,2,2309
33.5,2,4,3,2316
33.5,2,4,4,2324
33.5,2,4,5,2331
33.5,2,4,6,2338
33.5,2,4,7,2346
33.5,2,4,8,2353
33.5,2,4,9,2360
33.5,2,4,10,2367
33.5,2,4,11,2374
33.5,2,4,12,2381
33.5,2,4,13,2389
33.5,2,4,14,2396
33.5,2,4,15,2403
33.5,2,5,0,2302
33.5,2,5,1,2309
33.5,2,5,2,2317
33.5,2,5,3,2324
33.5,2,5,4,2331
33.5,2,5,5,2339
33.5,2,5,6,2346
33.5,2,5,7,2353
33.5,2,5,8,2360
33.5,2,5,9,2368
33.5,2,5,10,2375
33.5,2,5,11,2382
33.5,2,5,12,2389
33.5,2,5,13,2396
33.5,2,5,14,2404
33.5,2,5,15,2411
33.5,2,6,0,2309
33.5,2,6,1,2317
33.5,2,6,2,2324
33.5,2,6,3,2331
33.5,2,6,4,2339
33.5,2,6,5,2346
33.5,2,6,6,2354
33.5,2,6,7,2361
33.5,2,6,8,2368
33.5,2,6,9,2375
33.5,2,6,10,2383
33.5,2,6,11,2390
33.5,2,6,12,2397
33.5,2,6,13,2404
33.5,2,6,14,2411
33.5,2,6,15,2418
33.5,2,7,0,2317
33.5,2,7,1,2324
33.5,2,7,2,2332
33.5,2,7,3,2339
33.5,2,7,4,2346
33.5,2,7,5,2354
33.5,2,7,6,2361
33.5,2,7,7,2368
33.5,2,7,8,2376
33.5,2,7,9,2383
33.5,2,7,10,2390
33.5,2,7,11,2398
33.5,2,7,12,2405
33.5,2,7,13,2412
33.5,2,7,14,2419
33.5,2,7,15,2426
33.5,2,8,0,2324
33.5,2,8,1,2332
33.5,2,8,2,2339
33.5,2,8,3,2346
33.5,2,8,4,2354
33.5,2,8,5,2361
33.5,2,8,6,2369
33.5,2,8,7,2376
33.5,2,8,8,2383
33.5,2,8,9,2391
33.5,2,8,10,2398
33.5,2,8,11,2405
33.5,2,8,12,2412
33.5,2,8,13,2420
33.5,2,8,14,2427
33.5,2,8,15,2434
33.5,2,9,0,2331
33.5,2,9,1,2339
33.5,2,9,2,2346
33.5,2,9,3,2354
33.5,2,9,4,2361
33.5,2,9,5,2369
33.5,2,9,6,2376
33.5,2,9,7,2384
33.5,2,9,8,2391
33.5,2,9,9,2398
33.5,2,9,10,2406
33.5,2,9,11,2413
33.5,2,9,12,2420
33.5,2,9,13,2427
33.5,2,9,14,2435
33.5,2,9,15,2442
33.5,2,10,0,2339
33.5,2,10,1,2346
33.5,2,10,2,2354
33.5,2,10,3,2361
33.5,2,10,4,2369
33.5,2,10,5,2376
33.5,2,10,6,2384
33.5,2,10,7,2391
33.5,2,10,8,2398
33.5,2,10,9,2406
33.5,2,10,10,2413
33.5,2,10,11,2420
33.5,2,10,12,2428
33.5,2,10,13,2435
33.5,2,10,14,2442
33.5,2,10,15,2449
33.5,2,11,0,2346
33.5,2,11,1,2354
33.5,2,11,2,2361
33.5,2,11,3,2369
33.5,2,11,4,2376
33.5,2,11,5,2384
33.5,2,11,6,2391
33.5,2,11,7,2399
33.5,2,11,8,2406
33.5,2,11,9,2413
33.5,2,11,10,2421
33.5,2,11,11,2428
33.5,2,11,12,2435
33.5,2,11,13,2443
33.5,2,11,14,2450
33.5,2,11,15,2457
33.5,2,12,0,2354
33.5,2,12,1,2361
33.5,2,12,2,2369
33.5,2,12,3,2376
33.5,2,12,4,2384
33.5,2,12,5,2391
33.5,2,12,6,2399
33.5,2,12,7,2406
33.5,2,12,8,2414
33.5,2,12,9,2421
33.5,2,12,10,2428
33.5,2,12,11,2436
33.5,2,12,12,2443
33.5,2,12,13,2450
33.5,2,12,14,2458
33.5,2,12,15,2465
33.5,2,13,0,2361
33.5,2,13,1,2368
33.5,2,13,2,2376
33.5,2,13,3,2384
33.5,2,13,4,2391
33.5,2,13,5,2399
33.5,2,13,6,2406
33.5,2,13,7,2414
33.5,2,13,8,2421
33.5,2,13,9,2428
33.5,2,13,10,2436
33.5,2,13,11,2443
33.5,2,13,12,2451
33.5,2,13,13,2458
33.5,2,13,14,2465
33.5,2,13,15,2472
33.5,2,14,0,2368
33.5,2,14,1,2376
33.5,2,14,2,2383
33.5,2,14,3,2391
33.5,2,14,4,2398
33.5,2,14,5,2406
33.5,2,14,6,2414
33.5,2,14,7,2421
33.5,2,14,8,2428
33.5,2,14,9,2436
33.5,2,14,10,2443
33.5,2,14,11,2451
33.5,2,14,12,2458
33.5,2,14,13,2465
33.5,2,14,14,2473
33.5,2,14,15,2480
33.5,2,15,0,2375
33.5,2,15,1,2383
33.5,2,15,2,2391
33.5,2,15,3,2398
33.5,2,15,4,2406
33.5,2,15,5,2413
33.5,2,15,6,2421
33.5,2,15,7,2428
33.5,2,15,8,2436
33.5,2,15,9,2443
33.5,2,15,10,2451
33.5,2,15,11,2458
33.5,2,15,12,2466
33.5,2,15,13,2473
33.5,2,15,14,2480
33.5,2,15,15,2488
33.5,3,0,0,2273
33.5,3,0,1,2280
33.5,3,0,2,2287
33.5,3,0,3,2295
33.5,3,0,4,2302
33.5,3,0,5,2309
33.5,3,0,6,2316
33.5,3,0,7,2323
33.5,3,0,8,2331
33.5,3,0,9,2338
33.5,3,0,10,2345
33.5,3,0,11,2352
33.5,3,0,12,2359
33.5,3,0,13,2366
33.5,3,0,14,2373
33.5,3,0,15,2380
33.5,3,1,0,2280
33.5,3,1,1,2288
33.5,3,1,2,2295
33.5,3,1,3,2302
33.5,3,1,4,2310
33.5,3,1,5,2317
33.5,3,1,6,2324
33.5,3,1,7,2331
33.5,3,1,8,2338
33.5,3,1,9,2346
33.5,3,1,10,2353
33.5,3,1,11,2360
33.5,3,1,12,2367
33.5,3,1,13,2374
33.5,3,1,14,2381
33.5,3,1,15,2388
33.5,3,2,0,2288
33.5,3,2,1,2295
33.5,3,2,2,2303
33.5,3,2,3,2310
33.5,3,2,4,2317
33.5,3,2,5,2325
33.5,3,2,6,2332
33.5,3,2,7,2339
33.5,3,2,8,2346
33.5,3,2,9,2353
33.5,3,2,10,2361
33.5,3,2,11,2368
33.5,3,2,12,2375
33.5,3,2,13,2382
33.5,3,2,14,2389
33.5,3,2,15,2396
33.5,3,3,0,2295
33.5,3,3,1,2303
33.5,3,3,2,2310
33.5,3,3,3,2318
33.5,3,3,4,2325
33.5,3,3,5,2332
33.5,3,3,6,2340
33.5,3,3,7,2347
33.5,3,3,8,2354
33.5,3,3,9,2361
33.5,3,3,10,2368
33.5,3,3,11,2376
33.5,3,3,12,2383
33.5,3,3,13,2390
33.5,3,3,14,2397
33.5,3,3,15,2404
33.5,3,4,0,2303
33.5,3,4,1,2310
33.5,3,4,2,2318
33.5,3,4,3,2325
33.5,3,4,4,2333
33.5,3,4,5,2340
33.5,3,4,6,2347
33.5,3,4,7,2354
33.5,3,4,8,2362
33.5,3,4,9,2369
33.5,3,4,10,2376
33.5,3,4,11,2383
33.5,3,4,12,2391
33.5,3,4,13,2398
33.5,3,4,14,2405
33.5,3,4,15,2412
33.5,3,5,0,2311
33.5,3,5,1,2318
33.5,3,5,2,2325
33.5,3,5,3,2333
33.5,3,5,4,2340
33.5,3,5,5,2348
33.5,3,5,6,2355
33.5,3,5,7,2362
33.5,3,5,8,2369
33.5,3,5,9,2377
33.5,3,5,10,2384
33.5,3,5,11,2391
33.5,3,5,12,2398
33.5,3,5,13,2406
33.5,3,5,14,2413
33.5,3,5,15,2420
33.5,3,6,0,2318
33.5,3,6,1,2325
33.5,3,6,2,2333
33.5,3,6,3,2340
33.5,3,6,4,2348
33.5,3,6,5,2355
33.5,3,6,6,2362
33.5,3,6,7,2370
33.5,3,6,8,2377
33.5,3,6,9,2384
33.5,3,6,10,2392
33.5,3,6,11,2399
33.5,3,6,12,2406
33.5,3,6,13,2413
33.5,3,6,14,2420
33.5,3,6,15,2428
33.5,3,7,0,2325
33.5,3,7,1,2333
33.5,3,7,2,2340
33.5,3,7,3,2348
33.5,3,7,4,2355
33.5,3,7,5,2363
33.5,3,7,6,2370
33.5,3,7,7,2377
33.5,3,7,8,2385
33.5,3,7,9,2392
33.5,3,7,10,2399
33.5,3,7,11,2407
33.5,3,7,12,2414
33.5,3,7,13,2421
33.5,3,7,14,2428
33.5,3,7,15,2435
33.5,3,8,0,2333
33.5,3,8,1,2340
33.5,3,8,2,2348
33.5,3,8,3,2355
33.5,3,8,4,2363
33.5,3,8,5,2370
33.5,3,8,6,2378
33.5,3,8,7,2385
33.5,3,8,8,2392
33.5,3,8,9,2400
33.5,3,8,10,2407
33.5,3,8,11,2414
33.5,3,8,12,2422
33.5,3,8,13,2429
33.5,3,8,14,2436
33.5,3,8,15,2443
33.5,3,9,0,2340
33.5,3,9,1,2348
33.5,3,9,2,2355
33.5,3,9,3,2363
33.5,3,9,4,2370
33.5,3,9,5,2378
33.5,3,9,6,2385
33.5,3,9,7,2393
33.5,3,9,8,2400
33.5,3,9,9,2407
33.5,3,9,10,2415
33.5,3,9,11,2422
33.5,3,9,12,2429
33.5,3,9,13,2437
33.5,3,9,14,2444
33.5,3,9,15,2451
33.5,3,10,0,2348
33.5,3,10,1,2355
33.5,3,10,2,2363
33.5,3,10,3,2370
33.5,3,10,4,2378
33.5,3,10,5,2385
33.5,3,10,6,2393
33.5,3,10,7,2400
33.5,3,10,8,2408
33.5,3,10,9,2415
33.5,3,10,10,2422
33.5,3,10,11,2430
33.5,3,10,12,2437
33.5,3,10,13,2444
33.5,3,10,14,2452
33.5,3,10,15,2459
33.5,3,11,0,2355
33.5,3,11,1,2363
33.5,3,11,2,2370
33.5,3,11,3,2378
33.5,3,11,4,2385
33.5,3,11,5,2393
33.5,3,11,6,2400
33.5,3,11,7,2408
33.5,3,11,8,2415
33.5,3,11,9,2423
33.5,3,11,10,2430
33.5,3,11,11,2437
33.5,3,11,12,2445
33.5,3,11,13,2452
33.5,3,11,14,2459
33.5,3,11,15,2466
33.5,3,12,0,2362
33.5,3,12,1,2370
33.5,3,12,2,2378
33.5,3,12,3,2385
33.5,3,12,4,2393
33.5,3,12,5,2400
33.5,3,12,6,2408
33.5,3,12,7,2415
33.5,3,12,8,2423
33.5,3,12,9,2430
33.5,3,12,10,2438
33.5,3,12,11,2445
33.5,3,12,12,2452
33.5,3,12,13,2460
33.5,3,12,14,2467
33.5,3,12,15,2474
33.5,3,13,0,2370
33.5,3,13,1,2377
33.5,3,13,2,2385
33.5,3,13,3,2393
33.5,3,13,4,2400
33.5,3,13,5,2408
33.5,3,13,6,2415
33.5,3,13,7,2423
33.5,3,13,8,2430
33.5,3,13,9,2438
33.5,3,13,10,2445
33.5,3,13,11,2452
33.5,3,13,12,2460
33.5,3,13,13,2467
33.5,3,13,14,2475
33.5,3,13,15,2482
33.5,3,14,0,2377
33.5,3,14,1,2385
33.5,3,14,2,2392
33.5,3,14,3,2400
33.5,3,14,4,2408
33.5,3,14,5,2415
33.5,3,14,6,2423
33.5,3,14,7,2430
33.5,3,14,8,2438
33.5,3,14,9,2445
33.5,3,14,10,2453
33.5,3,14,11,2460
33.5,3,14,12,2467
33.5,3,14,13,2475
33.5,3,14,14,2482
33.5,3,14,15,2490
33.5,3,15,0,2384
33.5,3,15,1,2392
33.5,3,15,2,2400
33.5,3,15,3,2407
33.5,3,15,4,2415
33.5,3,15,5,2423
33.5,3,15,6,2430
33.5,3,15,7,2438
33.5,3,15,8,2445
33.5,3,15,9,2453
33.5,3,15,10,2460
33.5,3,15,11,2468
33.5,3,15,12,2475
33.5,3,15,13,2482
33.5,3,15,14,2490
33.5,3,15,15,2497
33.5,4,0,0,2281
33.5,4,0,1,2289
33.5,4,0,2,2296
33.5,4,0,3,2303
33.5,4,0,4,2311
33.5,4,0,5,2318
33.5,4,0,6,2325
33.5,4,0,7,2332
33.5,4,0,8,2339
33.5,4,0,9,2347
33.5,4,0,10,2354
33.5,4,0,11,2361
33.5,4,0,12,2368
33.5,4,0,13,2375
33.5,4,0,14,2382
33.5,4,0,15,2389
33.5,4,1,0,2289
33.5,4,1,1,2296
33.5,4,1,2,2304
33.5,4,1,3,2311
33.5,4,1,4,2318
33.5,4,1,5,2326
33.5,4,1,6,2333
33.5,4,1,7,2340
33.5,4,1,8,2347
33.5,4,1,9,2354
33.5,4,1,10,2362
33.5,4,1,11,2369
33.5,4,1,12,2376
33.5,4,1,13,2383
33.5,4,1,14,2390
33.5,4,1,15,2397
33.5,4,2,0,2297
33.5,4,2,1,2304
33.5,4,2,2,2311
33.5,4,2,3,2319
33.5,4,2,4,2326
33.5,4,2,5,2333
33.5,4,2,6,2341
33.5,4,2,7,2348
33.5,4,2,8,2355
33.5,4,2,9,2362
33.5,4,2,10,2370
33.5,4,2,11,2377
33.5,4,2,12,2384
33.5,4,2,13,2391
33.5,4,2,14,2398
33.5,4,2,15,2405
33.5,4,3,0,2304
33.5,4,3,1,2312
33.5,4,3,2,2319
33.5,4,3,3,2326
33.5,4,3,4,2334
33.5,4,3,5,2341
33.5,4,3,6,2348
33.5,4,3,7,2356
33.5,4,3,8,2363
33.5,4,3,9,2370
33.5,4,3,10,2377
33.5,4,3,11,2385
33.5,4,3,12,2392
33.5,4,3,13,2399
33.5,4,3,14,2406
33.5,4,3,15,2413
33.5,4,4,0,2312
33.5,4,4,1,2319
33.5,4,4,2,2327
33.5,4,4,3,2334
33.5,4,4,4,2341
33.5,4,4,5,2349
33.5,4,4,6,2356
33.5,4,4,7,2363
33.5,4,4,8,2371
33.5,4,4,9,2378
33.5,4,4,10,2385
33.5,4,4,11,2392
33.5,4,4,12,2400
33.5,4,4,13,2407
33.5,4,4,14,2414
33.5,4,4,15,2421
33.5,4,5,0,2319
33.5,4,5,1,2327
33.5,4,5,2,2334
33.5,4,5,3,2342
33.5,4,5,4,2349
33.5,4,5,5,2356
33.5,4,5,6,2364
33.5,4,5,7,2371
33.5,4,5,8,2378
33.5,4,5,9,2386
33.5,4,5,10,2393
33.5,4,5,11,2400
33.5,4,5,12,2407
33.5,4,5,13,2415
33.5,4,5,14,2422
33.5,4,5,15,2429
33.5,4,6,0,2327
33.5,4,6,1,2334
33.5,4,6,2,2342
33.5,4,6,3,2349
33.5,4,6,4,2357
33.5,4,6,5,2364
33.5,4,6,6,2371
33.5,4,6,7,2379
33.5,4,6,8,2386
33.5,4,6,9,2393
33.5,4,6,10,2401
33.5,4,6,11,2408
33.5,4,6,12,2415
33.5,4,6,13,2422
33.5,4,6,14,2430
33.5,4,6,15,2437
33.5,4,7,0,2334
33.5,4,7,1,2342
33.5,4,7,2,2349
33.5,4,7,3,2357
33.5,4,7,4,2364
33.5,4,7,5,2372
33.5,4,7,6,2379
33.5,4,7,7,2386
33.5,4,7,8,2394
33.5,4,7,9,2401
33.5,4,7,10,2408
33.5,4,7,11,2416
33.5,4,7,12,2423
33.5,4,7,13,2430
33.5,4,7,14,2437
33.5,4,7,15,2445
33.5,4,8,0,2342
33.5,4,8,1,2349
33.5,4,8,2,2357
33.5,4,8,3,2364
33.5,4,8,4,2372
33.5,4,8,5,2379
33.5,4,8,6,2387
33.5,4,8,7,2394
33.5,4,8,8,2401
33.5,4,8,9,2409
33.5,4,8,10,2416
33.5,4,8,11,2423
33.5,4,8,12,2431
33.5,4,8,13,2438
33.5,4,8,14,2445
33.5,4,8,15,2453
33.5,4,9,0,2349
33.5,4,9,1,2357
33.5,4,9,2,2364
33.5,4,9,3,2372
33.5,4,9,4,2379
33.5,4,9,5,2387
33.5,4,9,6,2394
33.5,4,9,7,2402
33.5,4,9,8,2409
33.5,4,9,9,2416
33.5,4,9,10,2424
33.5,4,9,11,2431
33.5,4,9,12,2438
33.5,4,9,13,2446
33.5,4,9,14,2453
33.5,4,9,15,2460
33.5,4,10,0,2357
33.5,4,10,1,2364
33.5,4,10,2,2372
33.5,4,10,3,2379
33.5,4,10,4,2387
33.5,4,10,5,2394
33.5,4,10,6,2402
33.5,4,10,7,2409
33.5,4,10,8,2417
33.5,4,10,9,2424
33.5,4,10,10,2432
33.5,4,10,11,2439
33.5,4,10,12,2446
33.5,4,10,13,2454
33.5,4,10,14,2461
33.5,4,10,15,2468
33.5,4,11,0,2364
33.5,4,11,1,2372
33.5,4,11,2,2379
33.5,4,11,3,2387
33.5,4,11,4,2394
33.5,4,11,5,2402
33.5,4,11,6,2409
33.5,4,11,7,2417
33.5,4,11,8,2424
33.5,4,11,9,2432
33.5,4,11,10,2439
33.5,4,11,11,2447
33.5,4,11,12,2454
33.5,4,11,13,2461
33.5,4,11,14,2469
33.5,4,11,15,2476
33.5,4,12,0,2371
33.5,4,12,1,2379
33.5,4,12,2,2387
33.5,4,12,3,2394
33.5,4,12,4,2402
33.5,4,12,5,2409
33.5,4,12,6,2417
33.5,4,12,7,2424
33.5,4,12,8,2432
33.5,4,12,9,2439
33.5,4,12,10,2447
33.5,4,12,11,2454
33.5,4,12,12,2462
33.5,4,12,13,2469
33.5,4,12,14,2476
33.5,4,12,15,2484
33.5,4,13,0,2379
33.5,4,13,1,2386
33.5,4,13,2,2394
33.5,4,13,3,2402
33.5,4,13,4,2409
33.5,4,13,5,2417
33.5,4,13,6,2424
33.5,4,13,7,2432
33.5,4,13,8,2439
33.5,4,13,9,2447
33.5,4,13,10,2454
33.5,4,13,11,2462
33.5,4,13,12,2469
33.5,4,13,13,2477
33.5,4,13,14,2484
33.5,4,13,15,2491
33.5,4,14,0,2386
33.5,4,14,1,2394
33.5,4,14,2,2401
33.5,4,14,3,2409
33.5,4,14,4,2417
33.5,4,14,5,2424
33.5,4,14,6,2432
33.5,4,14,7,2439
33.5,4,14,8,2447
33.5,4,14,9,2454
33.5,4,14,10,2462
33.5,4,14,11,2469
33.5,4,14,12,2477
33.5,4,14,13,2484
33.5,4,14,14,2492
33.5,4,14,15,2499
33.5,4,15,0,2393
33.5,4,15,1,2401
33.5,4,15,2,2409
33.5,4,15,3,2416
33.5,4,15,4,2424
33.5,4,15,5,2432
33.5,4,15,6,2439
33.5,4,15,7,2447
33.5,4,15,8,2454
33.5,4,15,9,2462
33.5,4,15,10,2469
33.5,4,15,11,2477
33.5,4,15,12,2484
33.5,4,15,13,2492
33.5,4,15,14,2499
33.5,4,15,15,2507
33.5,5,0,0,2290
33.5,5,0,1,2297
33.5,5,0,2,2305
33.5,5,0,3,2312
33.5,5,0,4,2319
33.5,5,0,5,2327
33.5,5,0,6,2334
33.5,5,0,7,2341
33.5,5,0,8,2348
33.5,5,0,9,2355
33.5,5,0,10,2363
33.5,5,0,11,2370
33.5,5,0,12,2377
33.5,5,0,13,2384
33.5,5,0,14,2391
33.5,5,0,15,2398
33.5,5,1,0,2298
33.5,5,1,1,2305
33.5,5,1,2,2312
33.5,5,1,3,2320
33.5,5,1,4,2327
33.5,5,1,5,2334
33.5,5,1,6,2342
33.5,5,1,7,2349
33.5,5,1,8,2356
33.5,5,1,9,2363
33.5,5,1,10,2371
33.5,5,1,11,2378
33.5,5,1,12,2385
33.5,5,1,13,2392
33.5,5,1,14,2399
33.5,5,1,15,2406
33.5,5,2,0,2305
33.5,5,2,1,2313
33.5,5,2,2,2320
33.5,5,2,3,2327
33.5,5,2,4,2335
33.5,5,2,5,2342
33.5,5,2,6,2349
33.5,5,2,7,2357
33.5,5,2,8,2364
33.5,5,2,9,2371
33.5,5,2,10,2378
33.5,5,2,11,2386
33.5,5,2,12,2393
33.5,5,2,13,2400
33.5,5,2,14,2407
33.5,5,2,15,2414
33.5,5,3,0,2313
33.5,5,3,1,2320
33.5,5,3,2,2328
33.5,5,3,3,2335
33.5,5,3,4,2343
33.5,5,3,5,2350
33.5,5,3,6,2357
33.5,5,3,7,2365
33.5,5,3,8,2372
33.5,5,3,9,2379
33.5,5,3,10,2386
33.5,5,3,11,2394
33.5,5,3,12,2401
33.5,5,3,13,2408
33.5,5,3,14,2415
33.5,5,3,15,2422
33.5,5,4,0,2320
33.5,5,4,1,2328
33.5,5,4,2,2335
33.5,5,4,3,2343
33.5,5,4,4,2350
33.5,5,4,5,2358
33.5,5,4,6,2365
33.5,5,4,7,2372
33.5,5,4,8,2380
33.5,5,4,9,2387
33.5,5,4,10,2394
33.5,5,4,11,2401
33.5,5,4,12,2409
33.5,5,4,13,2416
33.5,5,4,14,2423
33.5,5,4,15,2430
33.5,5,5,0,2328
33.5,5,5,1,2336
33.5,5,5,2,2343
33.5,5,5,3,2350
33.5,5,5,4,2358
33.5,5,5,5,2365
33.5,5,5,6,2373
33.5,5,5,7,2380
33.5,5,5,8,2387
33.5,5,5,9,2395
33.5,5,5,10,2402
33.5,5,5,11,2409
33.5,5,5,12,2417
33.5,5,5,13,2424
33.5,5,5,14,2431
33.5,5,5,15,2438
33.5,5,6,0,2336
33.5,5,6,1,2343
33.5,5,6,2,2351
33.5,5,6,3,2358
33.5,5,6,4,2366
33.5,5,6,5,2373
33.5,5,6,6,2380
33.5,5,6,7,2388
33.5,5,6,8,2395
33.5,5,6,9,2402
33.5,5,6,10,2410
33.5,5,6,11,2417
33.5,5,6,12,2424
33.5,5,6,13,2432
33.5,5,6,14,2439
33.5,5,6,15,2446
33.5,5,7,0,2343
33.5,5,7,1,2351
33.5,5,7,2,2358
33.5,5,7,3,2366
33.5,5,7,4,2373
33.5,5,7,5,2381
33.5,5,7,6,2388
33.5,5,7,7,2395
33.5,5,7,8,2403
33.5,5,7,9,2410
33.5,5,7,10,2418
33.5,5,7,11,2425
33.5,5,7,12,2432
33.5,5,7,13,2439
33.5,5,7,14,2447
33.5,5,7,15,2454
33.5,5,8,0,2351
33.5,5,8,1,2358
33.5,5,8,2,2366
33.5,5,8,3,2373
33.5,5,8,4,2381
33.5,5,8,5,2388
33.5,5,8,6,2396
33.5,5,8,7,2403
33.5,5,8,8,2411
33.5,5,8,9,2418
33.5,5,8,10,2425
33.5,5,8,11,2433
33.5,5,8,12,2440
33.5,5,8,13,2447
33.5,5,8,14,2455
33.5,5,8,15,2462
33.5,5,9,0,2358
33.5,5,9,1,2366
33.5,5,9,2,2373
33.5,5,9,3,2381
33.5,5,9,4,2388
33.5,5,9,5,2396
33.5,5,9,6,2403
33.5,5,9,7,2411
33.5,5,9,8,2418
33.5,5,9,9,2426
33.5,5,9,10,2433
33.5,5,9,11,2440
33.5,5,9,12,2448
33.5,5,9,13,2455
33.5,5,9,14,2462
33.5,5,9,15,2470
33.5,5,10,0,2366
33.5,5,10,1,2373
33.5,5,10,2,2381
33.5,5,10,3,2388
33.5,5,10,4,2396
33.5,5,10,5,2403
33.5,5,10,6,2411
33.5,5,10,7,2418
33.5,5,10,8,2426
33.5,5,10,9,2433
33.5,5,10,10,2441
33.5,5,10,11,2448
33.5,5,10,12,2455
33.5,5,10,13,2463
33.5,5,10,14,2470
33.5,5,10,15,2477
33.5,5,11,0,2373
33.5,5,11,1,2381
33.5,5,11,2,2388
33.5,5,11,3,2396
33.5,5,11,4,2403
33.5,5,11,5,2411
33.5,5,11,6,2418
33.5,5,11,7,2426
33.5,5,11,8,2433
33.5,5,11,9,2441
33.5,5,11,10,2448
33.5,5,11,11,2456
33.5,5,11,12,2463
33.5,5,11,13,2471
33.5,5,11,14,2478
33.5,5,11,15,2485
33.5,5,12,0,2380
33.5,5,12,1,2388
33.5,5,12,2,2396
33.5,5,12,3,2403
33.5,5,12,4,2411
33.5,5,12,5,2418
33.5,5,12,6,2426
33.5,5,12,7,2434
33.5,5,12,8,2441
33.5,5,12,9,2449
33.5,5,12,10,2456
33.5,5,12,11,2463
33.5,5,12,12,2471
33.5,5,12,13,2478
33.5,5,12,14,2486
33.5,5,12,15,2493
33.5,5,13,0,2388
33.5,5,13,1,2395
33.5,5,13,2,2403
33.5,5,13,3,2411
33.5,5,13,4,2418
33.5,5,13,5,2426
33.5,5,13,6,2434
33.5,5,13,7,2441
33.5,5,13,8,2449
33.5,5,13,9,2456
33.5,5,13,10,2464
33.5,5,13,11,2471
33.5,5,13,12,2478
33.5,5,13,13,2486
33.5,5,13,14,2493
33.5,5,13,15,2501
33.5,5,14,0,2395
33.5,5,14,1,2403
33.5,5,14,2,2411
33.5,5,14,3,2418
33.5,5,14,4,2426
33.5,5,14,5,2433
33.5,5,14,6,2441
33.5,5,14,7,2449
33.5,5,14,8,2456
33.5,5,14,9,2464
33.5,5,14,10,2471
33.5,5,14,11,2479
33.5,5,14,12,2486
33.5,5,14,13,2494
33.5,5,14,14,2501
33.5,5,14,15,2508
33.5,5,15,0,2402
33.5,5,15,1,2410
33.5,5,15,2,2418
33.5,5,15,3,2426
33.5,5,15,4,2433
33.5,5,15,5,2441
33.5,5,15,6,2449
33.5,5,15,7,2456
33.5,5,15,8,2464
33.5,5,15,9,2471
33.5,5,15,10,2479
33.5,5,15,11,2486
33.5,5,15,12,2494
33.5,5,15,13,2501
33.5,5,15,14,2509
33.5,5,15,15,2516
33.5,6,0,0,2299
33.5,6,0,1,2306
33.5,6,0,2,2313
33.5,6,0,3,2321
33.5,6,0,4,2328
33.5,6,0,5,2335
33.5,6,0,6,2343
33.5,6,0,7,2350
33.5,6,0,8,2357
33.5,6,0,9,2364
33.5,6,0,10,2372
33.5,6,0,11,2379
33.5,6,0,12,2386
33.5,6,0,13,2393
33.5,6,0,14,2400
33.5,6,0,15,2407
33.5,6,1,0,2306
33.5,6,1,1,2314
33.5,6,1,2,2321
33.5,6,1,3,2328
33.5,6,1,4,2336
33.5,6,1,5,2343
33.5,6,1,6,2350
33.5,6,1,7,2358
33.5,6,1,8,2365
33.5,6,1,9,2372
33.5,6,1,10,2379
33.5,6,1,11,2387
33.5,6,1,12,2394
33.5,6,1,13,2401
33.5,6,1,14,2408
33.5,6,1,15,2415
33.5,6,2,0,2314
33.5,6,2,1,2321
33.5,6,2,2,2329
33.5,6,2,3,2336
33.5,6,2,4,2344
33.5,6,2,5,2351
33.5,6,2,6,2358
33.5,6,2,7,2366
33.5,6,2,8,2373
33.5,6,2,9,2380
33.5,6,2,10,2387
33.5,6,2,11,2395
33.5,6,2,12,2402
33.5,6,2,13,2409
33.5,6,2,14,2416
33.5,6,2,15,2423
33.5,6,3,0,2322
33.5,6,3,1,2329
33.5,6,3,2,2337
33.5,6,3,3,2344
33.5,6,3,4,2351
33.5,6,3,5,2359
33.5,6,3,6,2366
33.5,6,3,7,2373
33.5,6,3,8,2381
33.5,6,3,9,2388
33.5,6,3,10,2395
33.5,6,3,11,2403
33.5,6,3,12,2410
33.5,6,3,13,2417
33.5,6,3,14,2424
33.5,6,3,15,2431
33.5,6,4,0,2329
33.5,6,4,1,2337
33.5,6,4,2,2344
33.5,6,4,3,2352
33.5,6,4,4,2359
33.5,6,4,5,2366
33.5,6,4,6,2374
33.5,6,4,7,2381
33.5,6,4,8,2389
33.5,6,4,9,2396
33.5,6,4,10,2403
33.5,6,4,11,2410
33.5,6,4,12,2418
33.5,6,4,13,2425
33.5,6,4,14,2432
33.5,6,4,15,2439
33.5,6,5,0,2337
33.5,6,5,1,2344
33.5,6,5,2,2352
33.5,6,5,3,2359
33.5,6,5,4,2367
33.5,6,5,5,2374
33.5,6,5,6,2382
33.5,6,5,7,2389
33.5,6,5,8,2396
33.5,6,5,9,2404
33.5,6,5,10,2411
33.5,6,5,11,2418
33.5,6,5,12,2426
33.5,6,5,13,2433
33.5,6,5,14,2440
33.5,6,5,15,2447
33.5,6,6,0,2344
33.5,6,6,1,2352
33.5,6,6,2,2359
33.5,6,6,3,2367
33.5,6,6,4,2374
33.5,6,6,5,2382
33.5,6,6,6,2389
33.5,6,6,7,2397
33.5,6,6,8,2404
33.5,6,6,9,2411
33.5,6,6,10,2419
33.5,6,6,11,2426
33.5,6,6,12,2433
33.5,6,6,13,2441
33.5,6,6,14,2448
33.5,6,6,15,2455
33.5,6,7,0,2352
33.5,6,7,1,2360
33.5,6,7,2,2367
33.5,6,7,3,2375
33.5,6,7,4,2382
33.5,6,7,5,2390
33.5,6,7,6,2397
33.5,6,7,7,2404
33.5,6,7,8,2412
33.5,6,7,9,2419
33.5,6,7,10,2427
33.5,6,7,11,2434
33.5,6,7,12,2441
33.5,6,7,13,2449
33.5,6,7,14,2456
33.5,6,7,15,2463
33.5,6,8,0,2359
33.5,6,8,1,2367
33.5,6,8,2,2375
33.5,6,8,3,2382
33.5,6,8,4,2390
33.5,6,8,5,2397
33.5,6,8,6,2405
33.5,6,8,7,2412
33.5,6,8,8,2420
33.5,6,8,9,2427
33.5,6,8,10,2434
33.5,6,8,11,2442
33.5,6,8,12,2449
33.5,6,8,13,2456
33.5,6,8,14,2464
33.5,6,8,15,2471
33.5,6,9,0,2367
33.5,6,9,1,2375
33.5,6,9,2,2382
33.5,6,9,3,2390
33.5,6,9,4,2397
33.5,6,9,5,2405
33.5,6,9,6,2412
33.5,6,9,7,2420
33.5,6,9,8,2427
33.5,6,9,9,2435
33.5,6,9,10,2442
33.5,6,9,11,2450
33.5,6,9,12,2457
33.5,6,9,13,2464
33.5,6,9,14,2472
33.5,6,9,15,2479
33.5,6,10,0,2374
33.5,6,10,1,2382
33.5,6,10,2,2390
33.5,6,10,3,2397
33.5,6,10,4,2405
33.5,6,10,5,2412
33.5,6,10,6,2420
33.5,6,10,7,2427
33.5,6,10,8,2435
33.5,6,10,9,2442
33.5,6,10,10,2450
33.5,6,10,11,2457
33.5,6,10,12,2465
33.5,6,10,13,2472
33.5,6,10,14,2479
33.5,6,10,15,2487
33.5,6,11,0,2382
33.5,6,11,1,2390
33.5,6,11,2,2397
33.5,6,11,3,2405
33.5,6,11,4,2412
33.5,6,11,5,2420
33.5,6,11,6,2428
33.5,6,11,7,2435
33.5,6,11,8,2443
33.5,6,11,9,2450
33.5,6,11,10,2458
33.5,6,11,11,2465
33.5,6,11,12,2472
33.5,6,11,13,2480
33.5,6,11,14,2487
33.5,6,11,15,2495
33.5,6,12,0,2389
33.5,6,12,1,2397
33.5,6,12,2,2405
33.5,6,12,3,2412
33.5,6,12,4,2420
33.5,6,12,5,2428
33.5,6,12,6,2435
33.5,6,12,7,2443
33.5,6,12,8,2450
33.5,6,12,9,2458
33.5,6,12,10,2465
33.5,6,12,11,2473
33.5,6,12,12,2480
33.5,6,12,13,2488
33.5,6,12,14,2495
33.5,6,12,15,2502
33.5,6,13,0,2397
33.5,6,13,1,2404
33.5,6,13,2,2412
33.5,6,13,3,2420
33.5,6,13,4,2427
33.5,6,13,5,2435
33.5,6,13,6,2443
33.5,6,13,7,2450
33.5,6,13,8,2458
33.5,6,13,9,2465
33.5,6,13,10,2473
33.5,6,13,11,2480
33.5,6,13,12,2488
33.5,6,13,13,2495
33.5,6,13,14,2503
33.5,6,13,15,2510
33.5,6,14,0,2404
33.5,6,14,1,2412
33.5,6,14,2,2420
33.5,6,14,3,2427
33.5,6,14,4,2435
33.5,6,14,5,2443
33.5,6,14,6,2450
33.5,6,14,7,2458
33.5,6,14,8,2465
33.5,6,14,9,2473
33.5,6,14,10,2480
33.5,6,14,11,2488
33.5,6,14,12,2495
33.5,6,14,13,2503
33.5,6,14,14,2510
33.5,6,14,15,2518
33.5,6,15,0,2411
33.5,6,15,1,2419
33.5,6,15,2,2427
33.5,6,15,3,2435
33.5,6,15,4,2442
33.5,6,15,5,2450
33.5,6,15,6,2458
33.5,6,15,7,2465
33.5,6,15,8,2473
33.5,6,15,9,2481
33.5,6,15,10,2488
33.5,6,15,11,2496
33.5,6,15,12,2503
33.5,6,15,13,2511
33.5,6,15,14,2518
33.5,6,15,15,2526
33.5,7,0,0,2307
33.5,7,0,1,2315
33.5,7,0,2,2322
33.5,7,0,3,2329
33.5,7,0,4,2337
33.5,7,0,5,2344
33.5,7,0,6,2351
33.5,7,0,7,2359
33.5,7,0,8,2366
33.5,7,0,9,2373
33.5,7,0,10,2380
33.5,7,0,11,2388
33.5,7,0,12,2395
33.5,7,0,13,2402
33.5,7,0,14,2409
33.5,7,0,15,2416
33.5,7,1,0,2315
33.5,7,1,1,2322
33.5,7,1,2,2330
33.5,7,1,3,2337
33.5,7,1,4,2345
33.5,7,1,5,2352
33.5,7,1,6,2359
33.5,7,1,7,2367
33.5,7,1,8,2374
33.5,7,1,9,2381
33.5,7,1,10,2388
33.5,7,1,11,2396
33.5,7,1,12,2403
33.5,7,1,13,2410
33.5,7,1,14,2417
33.5,7,1,15,2424
33.5,7,2,0,2323
33.5,7,2,1,2330
33.5,7,2,2,2338
33.5,7,2,3,2345
33.5,7,2,4,2352
33.5,7,2,5,2360
33.5,7,2,6,2367
33.5,7,2,7,2374
33.5,7,2,8,2382
33.5,7,2,9,2389
33.5,7,2,10,2396
33.5,7,2,11,2404
33.5,7,2,12,2411
33.5,7,2,13,2418
33.5,7,2,14,2425
33.5,7,2,15,2432
33.5,7,3,0,2330
33.5,7,3,1,2338
33.5,7,3,2,2345
33.5,7,3,3,2353
33.5,7,3,4,2360
33.5,7,3,5,2368
33.5,7,3,6,2375
33.5,7,3,7,2382
33.5,7,3,8,2390
33.5,7,3,9,2397
33.5,7,3,10,2404
33.5,7,3,11,2412
33.5,7,3,12,2419
33.5,7,3,13,2426
33.5,7,3,14,2433
33.5,7,3,15,2440
33.5,7,4,0,2338
33.5,7,4,1,2345
33.5,7,4,2,2353
33.5,7,4,3,2360
33.5,7,4,4,2368
33.5,7,4,5,2375
33.5,7,4,6,2383
33.5,7,4,7,2390
33.5,7,4,8,2398
33.5,7,4,9,2405
33.5,7,4,10,2412
33.5,7,4,11,2419
33.5,7,4,12,2427
33.5,7,4,13,2434
33.5,7,4,14,2441
33.5,7,4,15,2448
33.5,7,5,0,2346
33.5,7,5,1,2353
33.5,7,5,2,2361
33.5,7,5,3,2368
33.5,7,5,4,2376
33.5,7,5,5,2383
33.5,7,5,6,2391
33.5,7,5,7,2398
33.5,7,5,8,2405
33.5,7,5,9,2413
33.5,7,5,10,2420
33.5,7,5,11,2427
33.5,7,5,12,2435
33.5,7,5,13,2442
33.5,7,5,14,2449
33.5,7,5,15,2456
33.5,7,6,0,2353
33.5,7,6,1,2361
33.5,7,6,2,2368
33.5,7,6,3,2376
33.5,7,6,4,2383
33.5,7,6,5,2391
33.5,7,6,6,2398
33.5,7,6,7,2406
33.5,7,6,8,2413
33.5,7,6,9,2421
33.5,7,6,10,2428
33.5,7,6,11,2435
33.5,7,6,12,2443
33.5,7,6,13,2450
33.5,7,6,14,2457
33.5,7,6,15,2464
33.5,7,7,0,2361
33.5,7,7,1,2368
33.5,7,7,2,2376
33.5,7,7,3,2383
33.5,7,7,4,2391
33.5,7,7,5,2399
33.5,7,7,6,2406
33.5,7,7,7,2413
33.5,7,7,8,2421
33.5,7,7,9,2428
33.5,7,7,10,2436
33.5,7,7,11,2443
33.5,7,7,12,2450
33.5,7,7,13,2458
33.5,7,7,14,2465
33.5,7,7,15,2472
33.5,7,8,0,2368
33.5,7,8,1,2376
33.5,7,8,2,2384
33.5,7,8,3,2391
33.5,7,8,4,2399
33.5,7,8,5,2406
33.5,7,8,6,2414
33.5,7,8,7,2421
33.5,7,8,8,2429
33.5,7,8,9,2436
33.5,7,8,10,2444
33.5,7,8,11,2451
33.5,7,8,12,2458
33.5,7,8,13,2466
33.5,7,8,14,2473
33.5,7,8,15,2480
33.5,7,9,0,2376
33.5,7,9,1,2383
33.5,7,9,2,2391
33.5,7,9,3,2399
33.5,7,9,4,2406
33.5,7,9,5,2414
33.5,7,9,6,2421
33.5,7,9,7,2429
33.5,7,9,8,2436
33.5,7,9,9,2444
33.5,7,9,10,2451
33.5,7,9,11,2459
33.5,7,9,12,2466
33.5,7,9,13,2473
33.5,7,9,14,2481
33.5,7,9,15,2488
33.5,7,10,0,2383
33.5,7,10,1,2391
33.5,7,10,2,2399
33.5,7,10,3,2406
33.5,7,10,4,2414
33.5,7,10,5,2421
33.5,7,10,6,2429
33.5,7,10,7,2437
33.5,7,10,8,2444
33.5,7,10,9,2452
33.5,7,10,10,2459
33.5,7,10,11,2466
33.5,7,10,12,2474
33.5,7,10,13,2481
33.5,7,10,14,2489
33.5,7,10,15,2496
33.5,7,11,0,2391
33.5,7,11,1,2399
33.5,7,11,2,2406
33.5,7,11,3,2414
33.5,7,11,4,2421
33.5,7,11,5,2429
33.5,7,11,6,2437
33.5,7,11,7,2444
33.5,7,11,8,2452
33.5,7,11,9,2459
33.5,7,11,10,2467
33.5,7,11,11,2474
33.5,7,11,12,2482
33.5,7,11,13,2489
33.5,7,11,14,2496
33.5,7,11,15,2504
33.5,7,12,0,2398
33.5,7,12,1,2406
33.5,7,12,2,2414
33.5,7,12,3,2421
33.5,7,12,4,2429
33.5,7,12,5,2437
33.5,7,12,6,2444
33.5,7,12,7,2452
33.5,7,12,8,2459
33.5,7,12,9,2467
33.5,7,12,10,2474
33.5,7,12,11,2482
33.5,7,12,12,2489
33.5,7,12,13,2497
33.5,7,12,14,2504
33.5,7,12,15,2512
33.5,7,13,0,2406
33.5,7,13,1,2413
33.5,7,13,2,2421
33.5,7,13,3,2429
33.5,7,13,4,2437
33.5,7,13,5,2444
33.5,7,13,6,2452
33.5,7,13,7,2459
33.5,7,13,8,2467
33.5,7,13,9,2475
33.5,7,13,10,2482
33.5,7,13,11,2490
33.5,7,13,12,2497
33.5,7,13,13,2505
33.5,7,13,14,2512
33.5,7,13,15,2519
33.5,7,14,0,2413
33.5,7,14,1,2421
33.5,7,14,2,2429
33.5,7,14,3,2436
33.5,7,14,4,2444
33.5,7,14,5,2452
33.5,7,14,6,2459
33.5,7,14,7,2467
33.5,7,14,8,2475
33.5,7,14,9,2482
33.5,7,14,10,2490
33.5,7,14,11,2497
33.5,7,14,12,2505
33.5,7,14,13,2512
33.5,7,14,14,2520
33.5,7,14,15,2527
33.5,7,15,0,2421
33.5,7,15,1,2428
33.5,7,15,2,2436
33.5,7,15,3,2444
33.5,7,15,4,2452
33.5,7,15,5,2459
33.5,7,15,6,2467
33.5,7,15,7,2475
33.5,7,15,8,2482
33.5,7,15,9,2490
33.5,7,15,10,2497
33.5,7,15,11,2505
33.5,7,15,12,2512
33.5,7,15,13,2520
33.5,7,15,14,2528
33.5,7,15,15,2535
33.5,8,0,0,2316
33.5,8,0,1,2323
33.5,8,0,2,2331
33.5,8,0,3,2338
33.5,8,0,4,2345
33.5,8,0,5,2353
33.5,8,0,6,2360
33.5,8,0,7,2367
33.5,8,0,8,2375
33.5,8,0,9,2382
33.5,8,0,10,2389
33.5,8,0,11,2397
33.5,8,0,12,2404
33.5,8,0,13,2411
33.5,8,0,14,2418
33.5,8,0,15,2425
33.5,8,1,0,2324
33.5,8,1,1,2331
33.5,8,1,2,2338
33.5,8,1,3,2346
33.5,8,1,4,2353
33.5,8,1,5,2361
33.5,8,1,6,2368
33.5,8,1,7,2375
33.5,8,1,8,2383
33.5,8,1,9,2390
33.5,8,1,10,2397
33.5,8,1,11,2405
33.5,8,1,12,2412
33.5,8,1,13,2419
33.5,8,1,14,2426
33.5,8,1,15,2433
33.5,8,2,0,2331
33.5,8,2,1,2339
33.5,8,2,2,2346
33.5,8,2,3,2354
33.5,8,2,4,2361
33.5,8,2,5,2369
33.5,8,2,6,2376
33.5,8,2,7,2383
33.5,8,2,8,2391
33.5,8,2,9,2398
33.5,8,2,10,2405
33.5,8,2,11,2413
33.5,8,2,12,2420
33.5,8,2,13,2427
33.5,8,2,14,2434
33.5,8,2,15,2441
33.5,8,3,0,2339
33.5,8,3,1,2347
33.5,8,3,2,2354
33.5,8,3,3,2362
33.5,8,3,4,2369
33.5,8,3,5,2376
33.5,8,3,6,2384
33.5,8,3,7,2391
33.5,8,3,8,2399
33.5,8,3,9,2406
33.5,8,3,10,2413
33.5,8,3,11,2421
33.5,8,3,12,2428
33.5,8,3,13,2435
33.5,8,3,14,2442
33.5,8,3,15,2450
33.5,8,4,0,2347
33.5,8,4,1,2354
33.5,8,4,2,2362
33.5,8,4,3,2369
33.5,8,4,4,2377
33.5,8,4,5,2384
33.5,8,4,6,2392
33.5,8,4,7,2399
33.5,8,4,8,2406
33.5,8,4,9,2414
33.5,8,4,10,2421
33.5,8,4,11,2429
33.5,8,4,12,2436
33.5,8,4,13,2443
33.5,8,4,14,2450
33.5,8,4,15,2458
33.5,8,5,0,2354
33.5,8,5,1,2362
33.5,8,5,2,2369
33.5,8,5,3,2377
33.5,8,5,4,2385
33.5,8,5,5,2392
33.5,8,5,6,2399
33.5,8,5,7,2407
33.5,8,5,8,2414
33.5,8,5,9,2422
33.5,8,5,10,2429
33.5,8,5,11,2436
33.5,8,5,12,2444
33.5,8,5,13,2451
33.5,8,5,14,2458
33.5,8,5,15,2466
33.5,8,6,0,2362
33.5,8,6,1,2370
33.5,8,6,2,2377
33.5,8,6,3,2385
33.5,8,6,4,2392
33.5,8,6,5,2400
33.5,8,6,6,2407
33.5,8,6,7,2415
33.5,8,6,8,2422
33.5,8,6,9,2430
33.5,8,6,10,2437
33.5,8,6,11,2444
33.5,8,6,12,2452
33.5,8,6,13,2459
33.5,8,6,14,2466
33.5,8,6,15,2474
33.5,8,7,0,2370
33.5,8,7,1,2377
33.5,8,7,2,2385
33.5,8,7,3,2392
33.5,8,7,4,2400
33.5,8,7,5,2407
33.5,8,7,6,2415
33.5,8,7,7,2422
33.5,8,7,8,2430
33.5,8,7,9,2437
33.5,8,7,10,2445
33.5,8,7,11,2452
33.5,8,7,12,2460
33.5,8,7,13,2467
33.5,8,7,14,2474
33.5,8,7,15,2482
33.5,8,8,0,2377
33.5,8,8,1,2385
33.5,8,8,2,2392
33.5,8,8,3,2400
33.5,8,8,4,2408
33.5,8,8,5,2415
33.5,8,8,6,2423
33.5,8,8,7,2430
33.5,8,8,8,2438
33.5,8,8,9,2445
33.5,8,8,10,2453
33.5,8,8,11,2460
33.5,8,8,12,2467
33.5,8,8,13,2475
33.5,8,8,14,2482
33.5,8,8,15,2490
33.5,8,9,0,2385
33.5,8,9,1,2392
33.5,8,9,2,2400
33.5,8,9,3,2408
33.5,8,9,4,2415
33.5,8,9,5,2423
33.5,8,9,6,2430
33.5,8,9,7,2438
33.5,8,9,8,2445
33.5,8,9,9,2453
33.5,8,9,10,2460
33.5,8,9,11,2468
33.5,8,9,12,2475
33.5,8,9,13,2483
33.5,8,9,14,2490
33.5,8,9,15,2497
33.5,8,10,0,2392
33.5,8,10,1,2400
33.5,8,10,2,2408
33.5,8,10,3,2415
33.5,8,10,4,2423
33.5,8,10,5,2431
33.5,8,10,6,2438
33.5,8,10,7,2446
33.5,8,10,8,2453
33.5,8,10,9,2461
33.5,8,10,10,2468
33.5,8,10,11,2476
33.5,8,10,12,2483
33.5,8,10,13,2491
33.5,8,10,14,2498
33.5,8,10,15,2505
33.5,8,11,0,2400
33.5,8,11,1,2407
33.5,8,11,2,2415
33.5,8,11,3,2423
33.5,8,11,4,2431
33.5,8,11,5,2438
33.5,8,11,6,2446
33.5,8,11,7,2453
33.5,8,11,8,2461
33.5,8,11,9,2468
33.5,8,11,10,2476
33.5,8,11,11,2483
33.5,8,11,12,2491
33.5,8,11,13,2498
33.5,8,11,14,2506
33.5,8,11,15,2513
33.5,8,12,0,2407
33.5,8,12,1,2415
33.5,8,12,2,2423
33.5,8,12,3,2430
33.5,8,12,4,2438
33.5,8,12,5,2446
33.5,8,12,6,2453
33.5,8,12,7,2461
33.5,8,12,8,2469
33.5,8,12,9,2476
33.5,8,12,10,2484
33.5,8,12,11,2491
33.5,8,12,12,2499
33.5,8,12,13,2506
33.5,8,12,14,2514
33.5,8,12,15,2521
33.5,8,13,0,2415
33.5,8,13,1,2422
33.5,8,13,2,2430
33.5,8,13,3,2438
33.5,8,13,4,2446
33.5,8,13,5,2453
33.5,8,13,6,2461
33.5,8,13,7,2469
33.5,8,13,8,2476
33.5,8,13,9,2484
33.5,8,13,10,2491
33.5,8,13,11,2499
33.5,8,13,12,2506
33.5,8,13,13,2514
33.5,8,13,14,2521
33.5,8,13,15,2529
33.5,8,14,0,2422
33.5,8,14,1,2430
33.5,8,14,2,2438
33.5,8,14,3,2445
33.5,8,14,4,2453
33.5,8,14,5,2461
33.5,8,14,6,2469
33.5,8,14,7,2476
33.5,8,14,8,2484
33.5,8,14,9,2491
33.5,8,14,10,2499
33.5,8,14,11,2507
33.5,8,14,12,2514
33.5,8,14,13,2522
33.5,8,14,14,2529
33.5,8,14,15,2537
33.5,8,15,0,2430
33.5,8,15,1,2437
33.5,8,15,2,2445
33.5,8,15,3,2453
33.5,8,15,4,2461
33.5,8,15,5,2468
33.5,8,15,6,2476
33.5,8,15,7,2484
33.5,8,15,8,2491
33.5,8,15,9,2499
33.5,8,15,10,2507
33.5,8,15,11,2514
33.5,8,15,12,2522
33.5,8,15,13,2529
33.5,8,15,14,2537
33.5,8,15,15,2544
33.5,9,0,0,2324
33.5,9,0,1,2332
33.5,9,0,2,2339
33.5,9,0,3,2347
33.5,9,0,4,2354
33.5,9,0,5,2362
33.5,9,0,6,2369
33.5,9,0,7,2376
33.5,9,0,8,2384
33.5,9,0,9,2391
33.5,9,0,10,2398
33.5,9,0,11,2405
33.5,9,0,12,2413
33.5,9,0,13,2420
33.5,9,0,14,2427
33.5,9,0,15,2434
33.5,9,1,0,2332
33.5,9,1,1,2340
33.5,9,1,2,2347
33.5,9,1,3,2355
33.5,9,1,4,2362
33.5,9,1,5,2369
33.5,9,1,6,2377
33.5,9,1,7,2384
33.5,9,1,8,2392
33.5,9,1,9,2399
33.5,9,1,10,2406
33.5,9,1,11,2414
33.5,9,1,12,2421
33.5,9,1,13,2428
33.5,9,1,14,2435
33.5,9,1,15,2442
33.5,9,2,0,2340
33.5,9,2,1,2347
33.5,9,2,2,2355
33.5,9,2,3,2362
33.5,9,2,4,2370
33.5,9,2,5,2377
33.5,9,2,6,2385
33.5,9,2,7,2392
33.5,9,2,8,2400
33.5,9,2,9,2407
33.5,9,2,10,2414
33.5,9,2,11,2422
33.5,9,2,12,2429
33.5,9,2,13,2436
33.5,9,2,14,2443
33.5,9,2,15,2451
33.5,9,3,0,2348
33.5,9,3,1,2355
33.5,9,3,2,2363
33.5,9,3,3,2370
33.5,9,3,4,2378
33.5,9,3,5,2385
33.5,9,3,6,2393
33.5,9,3,7,2400
33.5,9,3,8,2408
33.5,9,3,9,2415
33.5,9,3,10,2422
33.5,9,3,11,2430
33.5,9,3,12,2437
33.5,9,3,13,2444
33.5,9,3,14,2451
33.5,9,3,15,2459
33.5,9,4,0,2355
33.5,9,4,1,2363
33.5,9,4,2,2371
33.5,9,4,3,2378
33.5,9,4,4,2386
33.5,9,4,5,2393
33.5,9,4,6,2401
33.5,9,4,7,2408
33.5,9,4,8,2415
33.5,9,4,9,2423
33.5,9,4,10,2430
33.5,9,4,11,2438
33.5,9,4,12,2445
33.5,9,4,13,2452
33.5,9,4,14,2459
33.5,9,4,15,2467
33.5,9,5,0,2363
33.5,9,5,1,2371
33.5,9,5,2,2378
33.5,9,5,3,2386
33.5,9,5,4,2393
33.5,9,5,5,2401
33.5,9,5,6,2408
33.5,9,5,7,2416
33.5,9,5,8,2423
33.5,9,5,9,2431
33.5,9,5,10,2438
33.5,9,5,11,2445
33.5,9,5,12,2453
33.5,9,5,13,2460
33.5,9,5,14,2467
33.5,9,5,15,2475
33.5,9,6,0,2371
33.5,9,6,1,2378
33.5,9,6,2,2386
33.5,9,6,3,2394
33.5,9,6,4,2401
33.5,9,6,5,2409
33.5,9,6,6,2416
33.5,9,6,7,2424
33.5,9,6,8,2431
33.5,9,6,9,2439
33.5,9,6,10,2446
33.5,9,6,11,2453
33.5,9,6,12,2461
33.5,9,6,13,2468
33.5,9,6,14,2475
33.5,9,6,15,2483
33.5,9,7,0,2378
33.5,9,7,1,2386
33.5,9,7,2,2394
33.5,9,7,3,2401
33.5,9,7,4,2409
33.5,9,7,5,2416
33.5,9,7,6,2424
33.5,9,7,7,2431
33.5,9,7,8,2439
33.5,9,7,9,2446
33.5,9,7,10,2454
33.5,9,7,11,2461
33.5,9,7,12,2469
33.5,9,7,13,2476
33.5,9,7,14,2483
33.5,9,7,15,2491
33.5,9,8,0,2386
33.5,9,8,1,2394
33.5,9,8,2,2401
33.5,9,8,3,2409
33.5,9,8,4,2417
33.5,9,8,5,2424
33.5,9,8,6,2432
33.5,9,8,7,2439
33.5,9,8,8,2447
33.5,9,8,9,2454
33.5,9,8,10,2462
33.5,9,8,11,2469
33.5,9,8,12,2477
33.5,9,8,13,2484
33.5,9,8,14,2491
33.5,9,8,15,2499
33.5,9,9,0,2394
33.5,9,9,1,2401
33.5,9,9,2,2409
33.5,9,9,3,2417
33.5,9,9,4,2424
33.5,9,9,5,2432
33.5,9,9,6,2439
33.5,9,9,7,2447
33.5,9,9,8,2455
33.5,9,9,9,2462
33.5,9,9,10,2470
33.5,9,9,11,2477
33.5,9,9,12,2485
33.5,9,9,13,2492
33.5,9,9,14,2499
33.5,9,9,15,2507
33.5,9,10,0,2401
33.5,9,10,1,2409
33.5,9,10,2,2417
33.5,9,10,3,2424
33.5,9,10,4,2432
33.5,9,10,5,2440
33.5,9,10,6,2447
33.5,9,10,7,2455
33.5,9,10,8,2462
33.5,9,10,9,2470
33.5,9,10,10,2477
33.5,9,10,11,2485
33.5,9,10,12,2492
33.5,9,10,13,2500
33.5,9,10,14,2507
33.5,9,10,15,2515
33.5,9,11,0,2409
33.5,9,11,1,2416
33.5,9,11,2,2424
33.5,9,11,3,2432
33.5,9,11,4,2440
33.5,9,11,5,2447
33.5,9,11,6,2455
33.5,9,11,7,2462
33.5,9,11,8,2470
33.5,9,11,9,2478
33.5,9,11,10,2485
33.5,9,11,11,2493
33.5,9,11,12,2500
33.5,9,11,13,2508
33.5,9,11,14,2515
33.5,9,11,15,2523
33.5,9,12,0,2416
33.5,9,12,1,2424
33.5,9,12,2,2432
33.5,9,12,3,2439
33.5,9,12,4,2447
33.5,9,12,5,2455
33.5,9,12,6,2463
33.5,9,12,7,2470
33.5,9,12,8,2478
33.5,9,12,9,2485
33.5,9,12,10,2493
33.5,9,12,11,2500
33.5,9,12,12,2508
33.5,9,12,13,2515
33.5,9,12,14,2523
33.5,9,12,15,2530
33.5,9,13,0,2424
33.5,9,13,1,2431
33.5,9,13,2,2439
33.5,9,13,3,2447
33.5,9,13,4,2455
33.5,9,13,5,2462
33.5,9,13,6,2470
33.5,9,13,7,2478
33.5,9,13,8,2485
33.5,9,13,9,2493
33.5,9,13,10,2501
33.5,9,13,11,2508
33.5,9,13,12,2516
33.5,9,13,13,2523
33.5,9,13,14,2531
33.5,9,13,15,2538
33.5,9,14,0,2431
33.5,9,14,1,2439
33.5,9,14,2,2447
33.5,9,14,3,2455
33.5,9,14,4,2462
33.5,9,14,5,2470
33.5,9,14,6,2478
33.5,9,14,7,2485
33.5,9,14,8,2493
33.5,9,14,9,2501
33.5,9,14,10,2508
33.5,9,14,11,2516
33.5,9,14,12,2524
33.5,9,14,13,2531
33.5,9,14,14,2539
33.5,9,14,15,2546
33.5,9,15,0,2439
33.5,9,15,1,2446
33.5,9,15,2,2454
33.5,9,15,3,2462
33.5,9,15,4,2470
33.5,9,15,5,2478
33.5,9,15,6,2485
33.5,9,15,7,2493
33.5,9,15,8,2501
33.5,9,15,9,2508
33.5,9,15,10,2516
33.5,9,15,11,2524
33.5,9,15,12,2531
33.5,9,15,13,2539
33.5,9,15,14,2546
33.5,9,15,15,2554
33.5,10,0,0,2333
33.5,10,0,1,2341
33.5,10,0,2,2348
33.5,10,0,3,2355
33.5,10,0,4,2363
33.5,10,0,5,2370
33.5,10,0,6,2378
33.5,10,0,7,2385
33.5,10,0,8,2392
33.5,10,0,9,2400
33.5,10,0,10,2407
33.5,10,0,11,2414
33.5,10,0,12,2422
33.5,10,0,13,2429
33.5,10,0,14,2436
33.5,10,0,15,2443
33.5,10,1,0,2341
33.5,10,1,1,2348
33.5,10,1,2,2356
33.5,10,1,3,2363
33.5,10,1,4,2371
33.5,10,1,5,2378
33.5,10,1,6,2386
33.5,10,1,7,2393
33.5,10,1,8,2400
33.5,10,1,9,2408
33.5,10,1,10,2415
33.5,10,1,11,2422
33.5,10,1,12,2430
33.5,10,1,13,2437
33.5,10,1,14,2444
33.5,10,1,15,2451
33.5,10,2,0,2349
33.5,10,2,1,2356
33.5,10,2,2,2364
33.5,10,2,3,2371
33.5,10,2,4,2379
33.5,10,2,5,2386
33.5,10,2,6,2394
33.5,10,2,7,2401
33.5,10,2,8,2408
33.5,10,2,9,2416
33.5,10,2,10,2423
33.5,10,2,11,2431
33.5,10,2,12,2438
33.5,10,2,13,2445
33.5,10,2,14,2452
33.5,10,2,15,2460
33.5,10,3,0,2356
33.5,10,3,1,2364
33.5,10,3,2,2372
33.5,10,3,3,2379
33.5,10,3,4,2387
33.5,10,3,5,2394
33.5,10,3,6,2402
33.5,10,3,7,2409
33.5,10,3,8,2416
33.5,10,3,9,2424
33.5,10,3,10,2431
33.5,10,3,11,2439
33.5,10,3,12,2446
33.5,10,3,13,2453
33.5,10,3,14,2461
33.5,10,3,15,2468
33.5,10,4,0,2364
33.5,10,4,1,2372
33.5,10,4,2,2379
33.5,10,4,3,2387
33.5,10,4,4,2394
33.5,10,4,5,2402
33.5,10,4,6,2409
33.5,10,4,7,2417
33.5,10,4,8,2424
33.5,10,4,9,2432
33.5,10,4,10,2439
33.5,10,4,11,2447
33.5,10,4,12,2454
33.5,10,4,13,2461
33.5,10,4,14,2469
33.5,10,4,15,2476
33.5,10,5,0,2372
33.5,10,5,1,2379
33.5,10,5,2,2387
33.5,10,5,3,2395
33.5,10,5,4,2402
33.5,10,5,5,2410
33.5,10,5,6,2417
33.5,10,5,7,2425
33.5,10,5,8,2432
33.5,10,5,9,2440
33.5,10,5,10,2447
33.5,10,5,11,2455
33.5,10,5,12,2462
33.5,10,5,13,2469
33.5,10,5,14,2477
33.5,10,5,15,2484
33.5,10,6,0,2380
33.5,10,6,1,2387
33.5,10,6,2,2395
33.5,10,6,3,2402
33.5,10,6,4,2410
33.5,10,6,5,2418
33.5,10,6,6,2425
33.5,10,6,7,2433
33.5,10,6,8,2440
33.5,10,6,9,2448
33.5,10,6,10,2455
33.5,10,6,11,2463
33.5,10,6,12,2470
33.5,10,6,13,2477
33.5,10,6,14,2485
33.5,10,6,15,2492
33.5,10,7,0,2387
33.5,10,7,1,2395
33.5,10,7,2,2403
33.5,10,7,3,2410
33.5,10,7,4,2418
33.5,10,7,5,2425
33.5,10,7,6,2433
33.5,10,7,7,2440
33.5,10,7,8,2448
33.5,10,7,9,2456
33.5,10,7,10,2463
33.5,10,7,11,2470
33.5,10,7,12,2478
33.5,10,7,13,2485
33.5,10,7,14,2493
33.5,10,7,15,2500
33.5,10,8,0,2395
33.5,10,8,1,2403
33.5,10,8,2,2410
33.5,10,8,3,2418
33.5,10,8,4,2426
33.5,10,8,5,2433
33.5,10,8,6,2441
33.5,10,8,7,2448
33.5,10,8,8,2456
33.5,10,8,9,2463
33.5,10,8,10,2471
33.5,10,8,11,2478
33.5,10,8,12,2486
33.5,10,8,13,2493
33.5,10,8,14,2501
33.5,10,8,15,2508
33.5,10,9,0,2402
33.5,10,9,1,2410
33.5,10,9,2,2418
33.5,10,9,3,2426
33.5,10,9,4,2433
33.5,10,9,5,2441
33.5,10,9,6,2448
33.5,10,9,7,2456
33.5,10,9,8,2464
33.5,10,9,9,2471
33.5,10,9,10,2479
33.5,10,9,11,2486
33.5,10,9,12,2494
33.5,10,9,13,2501
33.5,10,9,14,2509
33.5,10,9,15,2516
33.5,10,10,0,2410
33.5,10,10,1,2418
33.5,10,10,2,2426
33.5,10,10,3,2433
33.5,10,10,4,2441
33.5,10,10,5,2449
33.5,10,10,6,2456
33.5,10,10,7,2464
33.5,10,10,8,2471
33.5,10,10,9,2479
33.5,10,10,10,2487
33.5,10,10,11,2494
33.5,10,10,12,2502
33.5,10,10,13,2509
33.5,10,10,14,2517
33.5,10,10,15,2524
33.5,10,11,0,2418
33.5,10,11,1,2425
33.5,10,11,2,2433
33.5,10,11,3,2441
33.5,10,11,4,2449
33.5,10,11,5,2456
33.5,10,11,6,2464
33.5,10,11,7,2472
33.5,10,11,8,2479
33.5,10,11,9,2487
33.5,10,11,10,2494
33.5,10,11,11,2502
33.5,10,11,12,2509
33.5,10,11,13,2517
33.5,10,11,14,2524
33.5,10,11,15,2532
33.5,10,12,0,2425
33.5,10,12,1,2433
33.5,10,12,2,2441
33.5,10,12,3,2448
33.5,10,12,4,2456
33.5,10,12,5,2464
33.5,10,12,6,2472
33.5,10,12,7,2479
33.5,10,12,8,2487
33.5,10,12,9,2495
33.5,10,12,10,2502
33.5,10,12,11,2510
33.5,10,12,12,2517
33.5,10,12,13,2525
33.5,10,12,14,2532
33.5,10,12,15,2540
33.5,10,13,0,2433
33.5,10,13,1,2440
33.5,10,13,2,2448
33.5,10,13,3,2456
33.5,10,13,4,2464
33.5,10,13,5,2472
33.5,10,13,6,2479
33.5,10,13,7,2487
33.5,10,13,8,2495
33.5,10,13,9,2502
33.5,10,13,10,2510
33.5,10,13,11,2518
33.5,10,13,12,2525
33.5,10,13,13,2533
33.5,10,13,14,2540
33.5,10,13,15,2548
33.5,10,14,0,2440
33.5,10,14,1,2448
33.5,10,14,2,2456
33.5,10,14,3,2464
33.5,10,14,4,2471
33.5,10,14,5,2479
33.5,10,14,6,2487
33.5,10,14,7,2495
33.5,10,14,8,2502
33.5,10,14,9,2510
33.5,10,14,10,2518
33.5,10,14,11,2525
33.5,10,14,12,2533
33.5,10,14,13,2540
33.5,10,14,14,2548
33.5,10,14,15,2556
33.5,10,15,0,2448
33.5,10,15,1,2456
33.5,10,15,2,2463
33.5,10,15,3,2471
33.5,10,15,4,2479
33.5,10,15,5,2487
33.5,10,15,6,2495
33.5,10,15,7,2502
33.5,10,15,8,2510
33.5,10,15,9,2518
33.5,10,15,10,2525
33.5,10,15,11,2533
33.5,10,15,12,2541
33.5,10,15,13,2548
33.5,10,15,14,2556
33.5,10,15,15,2563
33.5,11,0,0,2342
33.5,11,0,1,2349
33.5,11,0,2,2357
33.5,11,0,3,2364
33.5,11,0,4,2372
33.5,11,0,5,2379
33.5,11,0,6,2386
33.5,11,0,7,2394
33.5,11,0,8,2401
33.5,11,0,9,2409
33.5,11,0,10,2416
33.5,11,0,11,2423
33.5,11,0,12,2431
33.5,11,0,13,2438
33.5,11,0,14,2445
33.5,11,0,15,2452
33.5,11,1,0,2349
33.5,11,1,1,2357
33.5,11,1,2,2365
33.5,11,1,3,2372
33.5,11,1,4,2380
33.5,11,1,5,2387
33.5,11,1,6,2394
33.5,11,1,7,2402
33.5,11,1,8,2409
33.5,11,1,9,2417
33.5,11,1,10,2424
33.5,11,1,11,2431
33.5,11,1,12,2439
33.5,11,1,13,2446
33.5,11,1,14,2453
33.5,11,1,15,2461
33.5,11,2,0,2357
33.5,11,2,1,2365
33.5,11,2,2,2372
33.5,11,2,3,2380
33.5,11,2,4,2387
33.5,11,2,5,2395
33.5,11,2,6,2402
33.5,11,2,7,2410
33.5,11,2,8,2417
33.5,11,2,9,2425
33.5,11,2,10,2432
33.5,11,2,11,2439
33.5,11,2,12,2447
33.5,11,2,13,2454
33.5,11,2,14,2461
33.5,11,2,15,2469
33.5,11,3,0,2365
33.5,11,3,1,2373
33.5,11,3,2,2380
33.5,11,3,3,2388
33.5,11,3,4,2395
33.5,11,3,5,2403
33.5,11,3,6,2410
33.5,11,3,7,2418
33.5,11,3,8,2425
33.5,11,3,9,2433
33.5,11,3,10,2440
33.5,11,3,11,2448
33.5,11,3,12,2455
33.5,11,3,13,2462
33.5,11,3,14,2470
33.5,11,3,15,2477
33.5,11,4,0,2373
33.5,11,4,1,2380
33.5,11,4,2,2388
33.5,11,4,3,2396
33.5,11,4,4,2403
33.5,11,4,5,2411
33.5,11,4,6,2418
33.5,11,4,7,2426
33.5,11,4,8,2433
33.5,11,4,9,2441
33.5,11,4,10,2448
33.5,11,4,11,2456
33.5,11,4,12,2463
33.5,11,4,13,2470
33.5,11,4,14,2478
33.5,11,4,15,2485
33.5,11,5,0,2381
33.5,11,5,1,2388
33.5,11,5,2,2396
33.5,11,5,3,2404
33.5,11,5,4,2411
33.5,11,5,5,2419
33.5,11,5,6,2426
33.5,11,5,7,2434
33.5,11,5,8,2441
33.5,11,5,9,2449
33.5,11,5,10,2456
33.5,11,5,11,2464
33.5,11,5,12,2471
33.5,11,5,13,2478
33.5,11,5,14,2486
33.5,11,5,15,2493
33.5,11,6,0,2388
33.5,11,6,1,2396
33.5,11,6,2,2404
33.5,11,6,3,2411
33.5,11,6,4,2419
33.5,11,6,5,2427
33.5,11,6,6,2434
33.5,11,6,7,2442
33.5,11,6,8,2449
33.5,11,6,9,2457
33.5,11,6,10,2464
33.5,11,6,11,2472
33.5,11,6,12,2479
33.5,11,6,13,2486
33.5,11,6,14,2494
33.5,11,6,15,2501
33.5,11,7,0,2396
33.5,11,7,1,2404
33.5,11,7,2,2411
33.5,11,7,3,2419
33.5,11,7,4,2427
33.5,11,7,5,2434
33.5,11,7,6,2442
33.5,11,7,7,2450
33.5,11,7,8,2457
33.5,11,7,9,2465
33.5,11,7,10,2472
33.5,11,7,11,2480
33.5,11,7,12,2487
33.5,11,7,13,2494
33.5,11,7,14,2502
33.5,11,7,15,2509
33.5,11,8,0,2404
33.5,11,8,1,2411
33.5,11,8,2,2419
33.5,11,8,3,2427
33.5,11,8,4,2434
33.5,11,8,5,2442
33.5,11,8,6,2450
33.5,11,8,7,2457
33.5,11,8,8,2465
33.5,11,8,9,2472
33.5,11,8,10,2480
33.5,11,8,11,2487
33.5,11,8,12,2495
33.5,11,8,13,2502
33.5,11,8,14,2510
33.5,11,8,15,2517
33.5,11,9,0,2411
33.5,11,9,1,2419
33.5,11,9,2,2427
33.5,11,9,3,2435
33.5,11,9,4,2442
33.5,11,9,5,2450
33.5,11,9,6,2458
33.5,11,9,7,2465
33.5,11,9,8,2473
33.5,11,9,9,2480
33.5,11,9,10,2488
33.5,11,9,11,2495
33.5,11,9,12,2503
33.5,11,9,13,2510
33.5,11,9,14,2518
33.5,11,9,15,2525
33.5,11,10,0,2419
33.5,11,10,1,2427
33.5,11,10,2,2434
33.5,11,10,3,2442
33.5,11,10,4,2450
33.5,11,10,5,2458
33.5,11,10,6,2465
33.5,11,10,7,2473
33.5,11,10,8,2481
33.5,11,10,9,2488
33.5,11,10,10,2496
33.5,11,10,11,2503
33.5,11,10,12,2511
33.5,11,10,13,2518
33.5,11,10,14,2526
33.5,11,10,15,2533
33.5,11,11,0,2427
33.5,11,11,1,2434
33.5,11,11,2,2442
33.5,11,11,3,2450
33.5,11,11,4,2458
33.5,11,11,5,2465
33.5,11,11,6,2473
33.5,11,11,7,2481
33.5,11,11,8,2488
33.5,11,11,9,2496
33.5,11,11,10,2504
33.5,11,11,11,2511
33.5,11,11,12,2519
33.5,11,11,13,2526
33.5,11,11,14,2534
33.5,11,11,15,2541
33.5,11,12,0,2434
33.5,11,12,1,2442
33.5,11,12,2,2450
33.5,11,12,3,2458
33.5,11,12,4,2465
33.5,11,12,5,2473
33.5,11,12,6,2481
33.5,11,12,7,2488
33.5,11,12,8,2496
33.5,11,12,9,2504
33.5,11,12,10,2511
33.5,11,12,11,2519
33.5,11,12,12,2527
33.5,11,12,13,2534
33.5,11,12,14,2542
33.5,11,12,15,2549
33.5,11,13,0,2442
33.5,11,13,1,2450
33.5,11,13,2,2457
33.5,11,13,3,2465
33.5,11,13,4,2473
33.5,11,13,5,2481
33.5,11,13,6,2488
33.5,11,13,7,2496
33.5,11,13,8,2504
33.5,11,13,9,2512
33.5,11,13,10,2519
33.5,11,13,11,2527
33.5,11,13,12,2534
33.5,11,13,13,2542
33.5,11,13,14,2550
33.5,11,13,15,2557
33.5,11,14,0,2449
33.5,11,14,1,2457
33.5,11,14,2,2465
33.5,11,14,3,2473
33.5,11,14,4,2481
33.5,11,14,5,2488
33.5,11,14,6,2496
33.5,11,14,7,2504
33.5,11,14,8,2512
33.5,11,14,9,2519
33.5,11,14,10,2527
33.5,11,14,11,2535
33.5,11,14,12,2542
33.5,11,14,13,2550
33.5,11,14,14,2557
33.5,11,14,15,2565
33.5,11,15,0,2457
33.5,11,15,1,2465
33.5,11,15,2,2472
33.5,11,15,3,2480
33.5,11,15,4,2488
33.5,11,15,5,2496
33.5,11,15,6,2504
33.5,11,15,7,2512
33.5,11,15,8,2519
33.5,11,15,9,2527
33.5,11,15,10,2535
33.5,11,15,11,2542
33.5,11,15,12,2550
33.5,11,15,13,2558
33.5,11,15,14,2565
33.5,11,15,15,2573
33.5,12,0,0,2350
33.5,12,0,1,2358
33.5,12,0,2,2365
33.5,12,0,3,2373
33.5,12,0,4,2380
33.5,12,0,5,2388
33.5,12,0,6,2395
33.5,12,0,7,2403
33.5,12,0,8,2410
33.5,12,0,9,2417
33.5,12,0,10,2425
33.5,12,0,11,2432
33.5,12,0,12,2440
33.5,12,0,13,2447
33.5,12,0,14,2454
33.5,12,0,15,2461
33.5,12,1,0,2358
33.5,12,1,1,2366
33.5,12,1,2,2373
33.5,12,1,3,2381
33.5,12,1,4,2388
33.5,12,1,5,2396
33.5,12,1,6,2403
33.5,12,1,7,2411
33.5,12,1,8,2418
33.5,12,1,9,2426
33.5,12,1,10,2433
33.5,12,1,11,2440
33.5,12,1,12,2448
33.5,12,1,13,2455
33.5,12,1,14,2462
33.5,12,1,15,2470
33.5,12,2,0,2366
33.5,12,2,1,2374
33.5,12,2,2,2381
33.5,12,2,3,2389
33.5,12,2,4,2396
33.5,12,2,5,2404
33.5,12,2,6,2411
33.5,12,2,7,2419
33.5,12,2,8,2426
33.5,12,2,9,2434
33.5,12,2,10,2441
33.5,12,2,11,2448
33.5,12,2,12,2456
33.5,12,2,13,2463
33.5,12,2,14,2470
33.5,12,2,15,2478
33.5,12,3,0,2374
33.5,12,3,1,2381
33.5,12,3,2,2389
33.5,12,3,3,2397
33.5,12,3,4,2404
33.5,12,3,5,2412
33.5,12,3,6,2419
33.5,12,3,7,2427
33.5,12,3,8,2434
33.5,12,3,9,2442
33.5,12,3,10,2449
33.5,12,3,11,2457
33.5,12,3,12,2464
33.5,12,3,13,2471
33.5,12,3,14,2479
33.5,12,3,15,2486
33.5,12,4,0,2382
33.5,12,4,1,2389
33.5,12,4,2,2397
33.5,12,4,3,2404
33.5,12,4,4,2412
33.5,12,4,5,2420
33.5,12,4,6,2427
33.5,12,4,7,2435
33.5,12,4,8,2442
33.5,12,4,9,2450
33.5,12,4,10,2457
33.5,12,4,11,2465
33.5,12,4,12,2472
33.5,12,4,13,2479
33.5,12,4,14,2487
33.5,12,4,15,2494
33.5,12,5,0,2389
33.5,12,5,1,2397
33.5,12,5,2,2405
33.5,12,5,3,2412
33.5,12,5,4,2420
33.5,12,5,5,2428
33.5,12,5,6,2435
33.5,12,5,7,2443
33.5,12,5,8,2450
33.5,12,5,9,2458
33.5,12,5,10,2465
33.5,12,5,11,2473
33.5,12,5,12,2480
33.5,12,5,13,2488
33.5,12,5,14,2495
33.5,12,5,15,2502
33.5,12,6,0,2397
33.5,12,6,1,2405
33.5,12,6,2,2412
33.5,12,6,3,2420
33.5,12,6,4,2428
33.5,12,6,5,2435
33.5,12,6,6,2443
33.5,12,6,7,2451
33.5,12,6,8,2458
33.5,12,6,9,2466
33.5,12,6,10,2473
33.5,12,6,11,2481
33.5,12,6,12,2488
33.5,12,6,13,2496
33.5,12,6,14,2503
33.5,12,6,15,2510
33.5,12,7,0,2405
33.5,12,7,1,2413
33.5,12,7,2,2420
33.5,12,7,3,2428
33.5,12,7,4,2436
33.5,12,7,5,2443
33.5,12,7,6,2451
33.5,12,7,7,2459
33.5,12,7,8,2466
33.5,12,7,9,2474
33.5,12,7,10,2481
33.5,12,7,11,2489
33.5,12,7,12,2496
33.5,12,7,13,2504
33.5,12,7,14,2511
33.5,12,7,15,2518
33.5,12,8,0,2412
33.5,12,8,1,2420
33.5,12,8,2,2428
33.5,12,8,3,2436
33.5,12,8,4,2443
33.5,12,8,5,2451
33.5,12,8,6,2459
33.5,12,8,7,2466
33.5,12,8,8,2474
33.5,12,8,9,2482
33.5,12,8,10,2489
33.5,12,8,11,2497
33.5,12,8,12,2504
33.5,12,8,13,2512
33.5,12,8,14,2519
33.5,12,8,15,2527
33.5,12,9,0,2420
33.5,12,9,1,2428
33.5,12,9,2,2436
33.5,12,9,3,2443
33.5,12,9,4,2451
33.5,12,9,5,2459
33.5,12,9,6,2467
33.5,12,9,7,2474
33.5,12,9,8,2482
33.5,12,9,9,2489
33.5,12,9,10,2497
33.5,12,9,11,2505
33.5,12,9,12,2512
33.5,12,9,13,2520
33.5,12,9,14,2527
33.5,12,9,15,2535
33.5,12,10,0,2428
33.5,12,10,1,2436
33.5,12,10,2,2443
33.5,12,10,3,2451
33.5,12,10,4,2459
33.5,12,10,5,2467
33.5,12,10,6,2474
33.5,12,10,7,2482
33.5,12,10,8,2490
33.5,12,10,9,2497
33.5,12,10,10,2505
33.5,12,10,11,2513
33.5,12,10,12,2520
33.5,12,10,13,2528
33.5,12,10,14,2535
33.5,12,10,15,2543
33.5,12,11,0,2435
33.5,12,11,1,2443
33.5,12,11,2,2451
33.5,12,11,3,2459
33.5,12,11,4,2467
33.5,12,11,5,2474
33.5,12,11,6,2482
33.5,12,11,7,2490
33.5,12,11,8,2498
33.5,12,11,9,2505
33.5,12,11,10,2513
33.5,12,11,11,2520
33.5,12,11,12,2528
33.5,12,11,13,2536
33.5,12,11,14,2543
33.5,12,11,15,2551
33.5,12,12,0,2443
33.5,12,12,1,2451
33.5,12,12,2,2459
33.5,12,12,3,2467
33.5,12,12,4,2474
33.5,12,12,5,2482
33.5,12,12,6,2490
33.5,12,12,7,2498
33.5,12,12,8,2505
33.5,12,12,9,2513
33.5,12,12,10,2521
33.5,12,12,11,2528
33.5,12,12,12,2536
33.5,12,12,13,2543
33.5,12,12,14,2551
33.5,12,12,15,2559
33.5,12,13,0,2451
33.5,12,13,1,2459
33.5,12,13,2,2466
33.5,12,13,3,2474
33.5,12,13,4,2482
33.5,12,13,5,2490
33.5,12,13,6,2498
33.5,12,13,7,2505
33.5,12,13,8,2513
33.5,12,13,9,2521
33.5,12,13,10,2528
33.5,12,13,11,2536
33.5,12,13,12,2544
33.5,12,13,13,2551
33.5,12,13,14,2559
33.5,12,13,15,2566
33.5,12,14,0,2458
33.5,12,14,1,2466
33.5,12,14,2,2474
33.5,12,14,3,2482
33.5,12,14,4,2490
33.5,12,14,5,2498
33.5,12,14,6,2505
33.5,12,14,7,2513
33.5,12,14,8,2521
33.5,12,14,9,2529
33.5,12,14,10,2536
33.5,12,14,11,2544
33.5,12,14,12,2552
33.5,12,14,13,2559
33.5,12,14,14,2567
33.5,12,14,15,2574
33.5,12,15,0,2466
33.5,12,15,1,2474
33.5,12,15,2,2482
33.5,12,15,3,2489
33.5,12,15,4,2497
33.5,12,15,5,2505
33.5,12,15,6,2513
33.5,12,15,7,2521
33.5,12,15,8,2529
33.5,12,15,9,2536
33.5,12,15,10,2544
33.5,12,15,11,2552
33.5,12,15,12,2559
33.5,12,15,13,2567
33.5,12,15,14,2575
33.5,12,15,15,2582
33.5,13,0,0,2359
33.5,13,0,1,2366
33.5,13,0,2,2374
33.5,13,0,3,2382
33.5,13,0,4,2389
33.5,13,0,5,2397
33.5,13,0,6,2404
33.5,13,0,7,2412
33.5,13,0,8,2419
33.5,13,0,9,2426
33.5,13,0,10,2434
33.5,13,0,11,2441
33.5,13,0,12,2448
33.5,13,0,13,2456
33.5,13,0,14,2463
33.5,13,0,15,2470
33.5,13,1,0,2367
33.5,13,1,1,2374
33.5,13,1,2,2382
33.5,13,1,3,2390
33.5,13,1,4,2397
33.5,13,1,5,2405
33.5,13,1,6,2412
33.5,13,1,7,2420
33.5,13,1,8,2427
33.5,13,1,9,2434
33.5,13,1,10,2442
33.5,13,1,11,2449
33.5,13,1,12,2457
33.5,13,1,13,2464
33.5,13,1,14,2471
33.5,13,1,15,2479
33.5,13,2,0,2375
33.5,13,2,1,2382
33.5,13,2,2,2390
33.5,13,2,3,2397
33.5,13,2,4,2405
33.5,13,2,5,2413
33.5,13,2,6,2420
33.5,13,2,7,2428
33.5,13,2,8,2435
33.5,13,2,9,2443
33.5,13,2,10,2450
33.5,13,2,11,2457
33.5,13,2,12,2465
33.5,13,2,13,2472
33.5,13,2,14,2480
33.5,13,2,15,2487
33.5,13,3,0,2382
33.5,13,3,1,2390
33.5,13,3,2,2398
33.5,13,3,3,2405
33.5,13,3,4,2413
33.5,13,3,5,2421
33.5,13,3,6,2428
33.5,13,3,7,2436
33.5,13,3,8,2443
33.5,13,3,9,2451
33.5,13,3,10,2458
33.5,13,3,11,2466
33.5,13,3,12,2473
33.5,13,3,13,2480
33.5,13,3,14,2488
33.5,13,3,15,2495
33.5,13,4,0,2390
33.5,13,4,1,2398
33.5,13,4,2,2406
33.5,13,4,3,2413
33.5,13,4,4,2421
33.5,13,4,5,2429
33.5,13,4,6,2436
33.5,13,4,7,2444
33.5,13,4,8,2451
33.5,13,4,9,2459
33.5,13,4,10,2466
33.5,13,4,11,2474
33.5,13,4,12,2481
33.5,13,4,13,2489
33.5,13,4,14,2496
33.5,13,4,15,2503
33.5,13,5,0,2398
33.5,13,5,1,2406
33.5,13,5,2,2414
33.5,13,5,3,2421
33.5,13,5,4,2429
33.5,13,5,5,2436
33.5,13,5,6,2444
33.5,13,5,7,2452
33.5,13,5,8,2459
33.5,13,5,9,2467
33.5,13,5,10,2474
33.5,13,5,11,2482
33.5,13,5,12,2489
33.5,13,5,13,2497
33.5,13,5,14,2504
33.5,13,5,15,2511
33.5,13,6,0,2406
33.5,13,6,1,2414
33.5,13,6,2,2421
33.5,13,6,3,2429
33.5,13,6,4,2437
33.5,13,6,5,2444
33.5,13,6,6,2452
33.5,13,6,7,2460
33.5,13,6,8,2467
33.5,13,6,9,2475
33.5,13,6,10,2482
33.5,13,6,11,2490
33.5,13,6,12,2497
33.5,13,6,13,2505
33.5,13,6,14,2512
33.5,13,6,15,2520
33.5,13,7,0,2414
33.5,13,7,1,2421
33.5,13,7,2,2429
33.5,13,7,3,2437
33.5,13,7,4,2445
33.5,13,7,5,2452
33.5,13,7,6,2460
33.5,13,7,7,2468
33.5,13,7,8,2475
33.5,13,7,9,2483
33.5,13,7,10,2490
33.5,13,7,11,2498
33.5,13,7,12,2505
33.5,13,7,13,2513
33.5,13,7,14,2520
33.5,13,7,15,2528
33.5,13,8,0,2421
33.5,13,8,1,2429
33.5,13,8,2,2437
33.5,13,8,3,2445
33.5,13,8,4,2452
33.5,13,8,5,2460
33.5,13,8,6,2468
33.5,13,8,7,2475
33.5,13,8,8,2483
33.5,13,8,9,2491
33.5,13,8,10,2498
33.5,13,8,11,2506
33.5,13,8,12,2513
33.5,13,8,13,2521
33.5,13,8,14,2528
33.5,13,8,15,2536
33.5,13,9,0,2429
33.5,13,9,1,2437
33.5,13,9,2,2445
33.5,13,9,3,2452
33.5,13,9,4,2460
33.5,13,9,5,2468
33.5,13,9,6,2476
33.5,13,9,7,2483
33.5,13,9,8,2491
33.5,13,9,9,2499
33.5,13,9,10,2506
33.5,13,9,11,2514
33.5,13,9,12,2521
33.5,13,9,13,2529
33.5,13,9,14,2536
33.5,13,9,15,2544
33.5,13,10,0,2437
33.5,13,10,1,2445
33.5,13,10,2,2452
33.5,13,10,3,2460
33.5,13,10,4,2468
33.5,13,10,5,2476
33.5,13,10,6,2483
33.5,13,10,7,2491
33.5,13,10,8,2499
33.5,13,10,9,2506
33.5,13,10,10,2514
33.5,13,10,11,2522
33.5,13,10,12,2529
33.5,13,10,13,2537
33.5,13,10,14,2544
33.5,13,10,15,2552
33.5,13,11,0,2444
33.5,13,11,1,2452
33.5,13,11,2,2460
33.5,13,11,3,2468
33.5,13,11,4,2476
33.5,13,11,5,2483
33.5,13,11,6,2491
33.5,13,11,7,2499
33.5,13,11,8,2507
33.5,13,11,9,2514
33.5,13,11,10,2522
33.5,13,11,11,2530
33.5,13,11,12,2537
33.5,13,11,13,2545
33.5,13,11,14,2552
33.5,13,11,15,2560
33.5,13,12,0,2452
33.5,13,12,1,2460
33.5,13,12,2,2468
33.5,13,12,3,2476
33.5,13,12,4,2483
33.5,13,12,5,2491
33.5,13,12,6,2499
33.5,13,12,7,2507
33.5,13,12,8,2514
33.5,13,12,9,2522
33.5,13,12,10,2530
33.5,13,12,11,2538
33.5,13,12,12,2545
33.5,13,12,13,2553
33.5,13,12,14,2560
33.5,13,12,15,2568
33.5,13,13,0,2460
33.5,13,13,1,2468
33.5,13,13,2,2475
33.5,13,13,3,2483
33.5,13,13,4,2491
33.5,13,13,5,2499
33.5,13,13,6,2507
33.5,13,13,7,2515
33.5,13,13,8,2522
33.5,13,13,9,2530
33.5,13,13,10,2538
33.5,13,13,11,2545
33.5,13,13,12,2553
33.5,13,13,13,2561
33.5,13,13,14,2568
33.5,13,13,15,2576
33.5,13,14,0,2467
33.5,13,14,1,2475
33.5,13,14,2,2483
33.5,13,14,3,2491
33.5,13,14,4,2499
33.5,13,14,5,2507
33.5,13,14,6,2514
33.5,13,14,7,2522
33.5,13,14,8,2530
33.5,13,14,9,2538
33.5,13,14,10,2546
33.5,13,14,11,2553
33.5,13,14,12,2561
33.5,13,14,13,2569
33.5,13,14,14,2576
33.5,13,14,15,2584
33.5,13,15,0,2475
33.5,13,15,1,2483
33.5,13,15,2,2491
33.5,13,15,3,2499
33.5,13,15,4,2506
33.5,13,15,5,2514
33.5,13,15,6,2522
33.5,13,15,7,2530
33.5,13,15,8,2538
33.5,13,15,9,2546
33.5,13,15,10,2553
33.5,13,15,11,2561
33.5,13,15,12,2569
33.5,13,15,13,2576
33.5,13,15,14,2584
33.5,13,15,15,2592
33.5,14,0,0,2367
33.5,14,0,1,2375
33.5,14,0,2,2383
33.5,14,0,3,2390
33.5,14,0,4,2398
33.5,14,0,5,2405
33.5,14,0,6,2413
33.5,14,0,7,2420
33.5,14,0,8,2428
33.5,14,0,9,2435
33.5,14,0,10,2443
33.5,14,0,11,2450
33.5,14,0,12,2457
33.5,14,0,13,2465
33.5,14,0,14,2472
33.5,14,0,15,2479
33.5,14,1,0,2375
33.5,14,1,1,2383
33.5,14,1,2,2391
33.5,14,1,3,2398
33.5,14,1,4,2406
33.5,14,1,5,2413
33.5,14,1,6,2421
33.5,14,1,7,2428
33.5,14,1,8,2436
33.5,14,1,9,2443
33.5,14,1,10,2451
33.5,14,1,11,2458
33.5,14,1,12,2466
33.5,14,1,13,2473
33.5,14,1,14,2480
33.5,14,1,15,2488
33.5,14,2,0,2383
33.5,14,2,1,2391
33.5,14,2,2,2399
33.5,14,2,3,2406
33.5,14,2,4,2414
33.5,14,2,5,2421
33.5,14,2,6,2429
33.5,14,2,7,2437
33.5,14,2,8,2444
33.5,14,2,9,2452
33.5,14,2,10,2459
33.5,14,2,11,2466
33.5,14,2,12,2474
33.5,14,2,13,2481
33.5,14,2,14,2489
33.5,14,2,15,2496
33.5,14,3,0,2391
33.5,14,3,1,2399
33.5,14,3,2,2407
33.5,14,3,3,2414
33.5,14,3,4,2422
33.5,14,3,5,2429
33.5,14,3,6,2437
33.5,14,3,7,2445
33.5,14,3,8,2452
33.5,14,3,9,2460
33.5,14,3,10,2467
33.5,14,3,11,2475
33.5,14,3,12,2482
33.5,14,3,13,2489
33.5,14,3,14,2497
33.5,14,3,15,2504
33.5,14,4,0,2399
33.5,14,4,1,2407
33.5,14,4,2,2414
33.5,14,4,3,2422
33.5,14,4,4,2430
33.5,14,4,5,2437
33.5,14,4,6,2445
33.5,14,4,7,2453
33.5,14,4,8,2460
33.5,14,4,9,2468
33.5,14,4,10,2475
33.5,14,4,11,2483
33.5,14,4,12,2490
33.5,14,4,13,2498
33.5,14,4,14,2505
33.5,14,4,15,2512
33.5,14,5,0,2407
33.5,14,5,1,2415
33.5,14,5,2,2422
33.5,14,5,3,2430
33.5,14,5,4,2438
33.5,14,5,5,2445
33.5,14,5,6,2453
33.5,14,5,7,2461
33.5,14,5,8,2468
33.5,14,5,9,2476
33.5,14,5,10,2483
33.5,14,5,11,2491
33.5,14,5,12,2498
33.5,14,5,13,2506
33.5,14,5,14,2513
33.5,14,5,15,2521
33.5,14,6,0,2415
33.5,14,6,1,2422
33.5,14,6,2,2430
33.5,14,6,3,2438
33.5,14,6,4,2446
33.5,14,6,5,2453
33.5,14,6,6,2461
33.5,14,6,7,2469
33.5,14,6,8,2476
33.5,14,6,9,2484
33.5,14,6,10,2491
33.5,14,6,11,2499
33.5,14,6,12,2506
33.5,14,6,13,2514
33.5,14,6,14,2521
33.5,14,6,15,2529
33.5,14,7,0,2422
33.5,14,7,1,2430
33.5,14,7,2,2438
33.5,14,7,3,2446
33.5,14,7,4,2453
33.5,14,7,5,2461
33.5,14,7,6,2469
33.5,14,7,7,2477
33.5,14,7,8,2484
33.5,14,7,9,2492
33.5,14,7,10,2499
33.5,14,7,11,2507
33.5,14,7,12,2514
33.5,14,7,13,2522
33.5,14,7,14,2529
33.5,14,7,15,2537
33.5,14,8,0,2430
33.5,14,8,1,2438
33.5,14,8,2,2446
33.5,14,8,3,2454
33.5,14,8,4,2461
33.5,14,8,5,2469
33.5,14,8,6,2477
33.5,14,8,7,2484
33.5,14,8,8,2492
33.5,14,8,9,2500
33.5,14,8,10,2507
33.5,14,8,11,2515
33.5,14,8,12,2523
33.5,14,8,13,2530
33.5,14,8,14,2538
33.5,14,8,15,2545
33.5,14,9,0,2438
33.5,14,9,1,2446
33.5,14,9,2,2454
33.5,14,9,3,2461
33.5,14,9,4,2469
33.5,14,9,5,2477
33.5,14,9,6,2485
33.5,14,9,7,2492
33.5,14,9,8,2500
33.5,14,9,9,2508
33.5,14,9,10,2515
33.5,14,9,11,2523
33.5,14,9,12,2531
33.5,14,9,13,2538
33.5,14,9,14,2546
33.5,14,9,15,2553
33.5,14,10,0,2446
33.5,14,10,1,2453
33.5,14,10,2,2461
33.5,14,10,3,2469
33.5,14,10,4,2477
33.5,14,10,5,2485
33.5,14,10,6,2492
33.5,14,10,7,2500
33.5,14,10,8,2508
33.5,14,10,9,2516
33.5,14,10,10,2523
33.5,14,10,11,2531
33.5,14,10,12,2539
33.5,14,10,13,2546
33.5,14,10,14,2554
33.5,14,10,15,2561
33.5,14,11,0,2453
33.5,14,11,1,2461
33.5,14,11,2,2469
33.5,14,11,3,2477
33.5,14,11,4,2485
33.5,14,11,5,2493
33.5,14,11,6,2500
33.5,14,11,7,2508
33.5,14,11,8,2516
33.5,14,11,9,2524
33.5,14,11,10,2531
33.5,14,11,11,2539
33.5,14,11,12,2546
33.5,14,11,13,2554
33.5,14,11,14,2562
33.5,14,11,15,2569
33.5,14,12,0,2461
33.5,14,12,1,2469
33.5,14,12,2,2477
33.5,14,12,3,2485
33.5,14,12,4,2492
33.5,14,12,5,2500
33.5,14,12,6,2508
33.5,14,12,7,2516
33.5,14,12,8,2524
33.5,14,12,9,2531
33.5,14,12,10,2539
33.5,14,12,11,2547
33.5,14,12,12,2554
33.5,14,12,13,2562
33.5,14,12,14,2570
33.5,14,12,15,2577
33.5,14,13,0,2469
33.5,14,13,1,2477
33.5,14,13,2,2484
33.5,14,13,3,2492
33.5,14,13,4,2500
33.5,14,13,5,2508
33.5,14,13,6,2516
33.5,14,13,7,2524
33.5,14,13,8,2531
33.5,14,13,9,2539
33.5,14,13,10,2547
33.5,14,13,11,2555
33.5,14,13,12,2562
33.5,14,13,13,2570
33.5,14,13,14,2578
33.5,14,13,15,2585
33.5,14,14,0,2476
33.5,14,14,1,2484
33.5,14,14,2,2492
33.5,14,14,3,2500
33.5,14,14,4,2508
33.5,14,14,5,2516
33.5,14,14,6,2524
33.5,14,14,7,2531
33.5,14,14,8,2539
33.5,14,14,9,2547
33.5,14,14,10,2555
33.5,14,14,11,2563
33.5,14,14,12,2570
33.5,14,14,13,2578
33.5,14,14,14,2586
33.5,14,14,15,2593
33.5,14,15,0,2484
33.5,14,15,1,2492
33.5,14,15,2,2500
33.5,14,15,3,2508
33.5,14,15,4,2516
33.5,14,15,5,2524
33.5,14,15,6,2531
33.5,14,15,7,2539
33.5,14,15,8,2547
33.5,14,15,9,2555
33.5,14,15,10,2563
33.5,14,15,11,2570
33.5,14,15,12,2578
33.5,14,15,13,2586
33.5,14,15,14,2594
33.5,14,15,15,2601
33.5,15,0,0,2376
33.5,15,0,1,2384
33.5,15,0,2,2391
33.5,15,0,3,2399
33.5,15,0,4,2407
33.5,15,0,5,2414
33.5,15,0,6,2422
33.5,15,0,7,2429
33.5,15,0,8,2437
33.5,15,0,9,2444
33.5,15,0,10,2452
33.5,15,0,11,2459
33.5,15,0,12,2466
33.5,15,0,13,2474
33.5,15,0,14,2481
33.5,15,0,15,2488
33.5,15,1,0,2384
33.5,15,1,1,2392
33.5,15,1,2,2399
33.5,15,1,3,2407
33.5,15,1,4,2415
33.5,15,1,5,2422
33.5,15,1,6,2430
33.5,15,1,7,2437
33.5,15,1,8,2445
33.5,15,1,9,2452
33.5,15,1,10,2460
33.5,15,1,11,2467
33.5,15,1,12,2475
33.5,15,1,13,2482
33.5,15,1,14,2489
33.5,15,1,15,2497
33.5,15,2,0,2392
33.5,15,2,1,2400
33.5,15,2,2,2407
33.5,15,2,3,2415
33.5,15,2,4,2423
33.5,15,2,5,2430
33.5,15,2,6,2438
33.5,15,2,7,2445
33.5,15,2,8,2453
33.5,15,2,9,2460
33.5,15,2,10,2468
33.5,15,2,11,2475
33.5,15,2,12,2483
33.5,15,2,13,2490
33.5,15,2,14,2498
33.5,15,2,15,2505
33.5,15,3,0,2400
33.5,15,3,1,2408
33.5,15,3,2,2415
33.5,15,3,3,2423
33.5,15,3,4,2431
33.5,15,3,5,2438
33.5,15,3,6,2446
33.5,15,3,7,2453
33.5,15,3,8,2461
33.5,15,3,9,2469
33.5,15,3,10,2476
33.5,15,3,11,2484
33.5,15,3,12,2491
33.5,15,3,13,2498
33.5,15,3,14,2506
33.5,15,3,15,2513
33.5,15,4,0,2408
33.5,15,4,1,2415
33.5,15,4,2,2423
33.5,15,4,3,2431
33.5,15,4,4,2439
33.5,15,4,5,2446
33.5,15,4,6,2454
33.5,15,4,7,2462
33.5,15,4,8,2469
33.5,15,4,9,2477
33.5,15,4,10,2484
33.5,15,4,11,2492
33.5,15,4,12,2499
33.5,15,4,13,2507
33.5,15,4,14,2514
33.5,15,4,15,2522
33.5,15,5,0,2416
33.5,15,5,1,2423
33.5,15,5,2,2431
33.5,15,5,3,2439
33.5,15,5,4,2447
33.5,15,5,5,2454
33.5,15,5,6,2462
33.5,15,5,7,2470
33.5,15,5,8,2477
33.5,15,5,9,2485
33.5,15,5,10,2492
33.5,15,5,11,2500
33.5,15,5,12,2507
33.5,15,5,13,2515
33.5,15,5,14,2522
33.5,15,5,15,2530
33.5,15,6,0,2423
33.5,15,6,1,2431
33.5,15,6,2,2439
33.5,15,6,3,2447
33.5,15,6,4,2454
33.5,15,6,5,2462
33.5,15,6,6,2470
33.5,15,6,7,2478
33.5,15,6,8,2485
33.5,15,6,9,2493
33.5,15,6,10,2500
33.5,15,6,11,2508
33.5,15,6,12,2515
33.5,15,6,13,2523
33.5,15,6,14,2531
33.5,15,6,15,2538
33.5,15,7,0,2431
33.5,15,7,1,2439
33.5,15,7,2,2447
33.5,15,7,3,2455
33.5,15,7,4,2462
33.5,15,7,5,2470
33.5,15,7,6,2478
33.5,15,7,7,2486
33.5,15,7,8,2493
33.5,15,7,9,2501
33.5,15,7,10,2508
33.5,15,7,11,2516
33.5,15,7,12,2524
33.5,15,7,13,2531
33.5,15,7,14,2539
33.5,15,7,15,2546
33.5,15,8,0,2439
33.5,15,8,1,2447
33.5,15,8,2,2455
33.5,15,8,3,2463
33.5,15,8,4,2470
33.5,15,8,5,2478
33.5,15,8,6,2486
33.5,15,8,7,2493
33.5,15,8,8,2501
33.5,15,8,9,2509
33.5,15,8,10,2516
33.5,15,8,11,2524
33.5,15,8,12,2532
33.5,15,8,13,2539
33.5,15,8,14,2547
33.5,15,8,15,2554
33.5,15,9,0,2447
33.5,15,9,1,2455
33.5,15,9,2,2463
33.5,15,9,3,2470
33.5,15,9,4,2478
33.5,15,9,5,2486
33.5,15,9,6,2494
33.5,15,9,7,2501
33.5,15,9,8,2509
33.5,15,9,9,2517
33.5,15,9,10,2524
33.5,15,9,11,2532
33.5,15,9,12,2540
33.5,15,9,13,2547
33.5,15,9,14,2555
33.5,15,9,15,2562
33.5,15,10,0,2454
33.5,15,10,1,2462
33.5,15,10,2,2470
33.5,15,10,3,2478
33.5,15,10,4,2486
33.5,15,10,5,2494
33.5,15,10,6,2502
33.5,15,10,7,2509
33.5,15,10,8,2517
33.5,15,10,9,2525
33.5,15,10,10,2532
33.5,15,10,11,2540
33.5,15,10,12,2548
33.5,15,10,13,2555
33.5,15,10,14,2563
33.5,15,10,15,2571
33.5,15,11,0,2462
33.5,15,11,1,2470
33.5,15,11,2,2478
33.5,15,11,3,2486
33.5,15,11,4,2494
33.5,15,11,5,2502
33.5,15,11,6,2509
33.5,15,11,7,2517
33.5,15,11,8,2525
33.5,15,11,9,2533
33.5,15,11,10,2540
33.5,15,11,11,2548
33.5,15,11,12,2556
33.5,15,11,13,2563
33.5,15,11,14,2571
33.5,15,11,15,2579
33.5,15,12,0,2470
33.5,15,12,1,2478
33.5,15,12,2,2486
33.5,15,12,3,2494
33.5,15,12,4,2502
33.5,15,12,5,2509
33.5,15,12,6,2517
33.5,15,12,7,2525
33.5,15,12,8,2533
33.5,15,12,9,2541
33.5,15,12,10,2548
33.5,15,12,11,2556
33.5,15,12,12,2564
33.5,15,12,13,2571
33.5,15,12,14,2579
33.5,15,12,15,2587
33.5,15,13,0,2478
33.5,15,13,1,2486
33.5,15,13,2,2493
33.5,15,13,3,2501
33.5,15,13,4,2509
33.5,15,13,5,2517
33.5,15,13,6,2525
33.5,15,13,7,2533
33.5,15,13,8,2541
33.5,15,13,9,2548
33.5,15,13,10,2556
33.5,15,13,11,2564
33.5,15,13,12,2572
33.5,15,13,13,2579
33.5,15,13,14,2587
33.5,15,13,15,2595
33.5,15,14,0,2485
33.5,15,14,1,2493
33.5,15,14,2,2501
33.5,15,14,3,2509
33.5,15,14,4,2517
33.5,15,14,5,2525
33.5,15,14,6,2533
33.5,15,14,7,2541
33.5,15,14,8,2549
33.5,15,14,9,2556
33.5,15,14,10,2564
33.5,15,14,11,2572
33.5,15,14,12,2580
33.5,15,14,13,2587
33.5,15,14,14,2595
33.5,15,14,15,2603
33.5,15,15,0,2493
33.5,15,15,1,2501
33.5,15,15,2,2509
33.5,15,15,3,2517
33.5,15,15,4,2525
33.5,15,15,5,2533
33.5,15,15,6,2541
33.5,15,15,7,2548
33.5,15,15,8,2556
33.5,15,15,9,2564
33.5,15,15,10,2572
33.5,15,15,11,2580
33.5,15,15,12,2588
33.5,15,15,13,2595
33.5,15,15,14,2603
33.5,15,15,15,2611
34.0,0,0,0,2265
34.0,0,0,1,2272
34.0,0,0,2,2279
34.0,0,0,3,2286
34.0,0,0,4,2294
34.0,0,0,5,2301
34.0,0,0,6,2308
34.0,0,0,7,2315
34.0,0,0,8,2322
34.0,0,0,9,2329
34.0,0,0,10,2336
34.0,0,0,11,2344
34.0,0,0,12,2351
34.0,0,0,13,2358
34.0,0,0,14,2365
34.0,0,0,15,2372
34.0,0,1,0,2272
34.0,0,1,1,2279
34.0,0,1,2,2287
34.0,0,1,3,2294
34.0,0,1,4,2301
34.0,0,1,5,2309
34.0,0,1,6,2316
34.0,0,1,7,2323
34.0,0,1,8,2330
34.0,0,1,9,2337
34.0,0,1,10,2344
34.0,0,1,11,2351
34.0,0,1,12,2358
34.0,0,1,13,2366
34.0,0,1,14,2373
34.0,0,1,15,2380
34.0,0,2,0,2280
34.0,0,2,1,2287
34.0,0,2,2,2294
34.0,0,2,3,2302
34.0,0,2,4,2309
34.0,0,2,5,2316
34.0,0,2,6,2323
34.0,0,2,7,2331
34.0,0,2,8,2338
34.0,0,2,9,2345
34.0,0,2,10,2352
34.0,0,2,11,2359
34.0,0,2,12,2366
34.0,0,2,13,2373
34.0,0,2,14,2380
34.0,0,2,15,2388
34.0,0,3,0,2287
34.0,0,3,1,2295
34.0,0,3,2,2302
34.0,0,3,3,2309
34.0,0,3,4,2317
34.0,0,3,5,2324
34.0,0,3,6,2331
34.0,0,3,7,2338
34.0,0,3,8,2346
34.0,0,3,9,2353
34.0,0,3,10,2360
34.0,0,3,11,2367
34.0,0,3,12,2374
34.0,0,3,13,2381
34.0,0,3,14,2388
34.0,0,3,15,2395
34.0,0,4,0,2295
34.0,0,4,1,2302
34.0,0,4,2,2310
34.0,0,4,3,2317
34.0,0,4,4,2324
34.0,0,4,5,2331
34.0,0,4,6,2339
34.0,0,4,7,2346
34.0,0,4,8,2353
34.0,0,4,9,2360
34.0,0,4,10,2368
34.0,0,4,11,2375
34.0,0,4,12,2382
34.0,0,4,13,2389
34.0,0,4,14,2396
34.0,0,4,15,2403
34.0,0,5,0,2302
34.0,0,5,1,2310
34.0,0,5,2,2317
34.0,0,5,3,2324
34.0,0,5,4,2332
34.0,0,5,5,2339
34.0,0,5,6,2346
34.0,0,5,7,2354
34.0,0,5,8,2361
34.0,0,5,9,2368
34.0,0,5,10,2375
34.0,0,5,11,2383
34.0,0,5,12,2390
34.0,0,5,13,2397
34.0,0,5,14,2404
34.0,0,5,15,2411
34.0,0,6,0,2310
34.0,0,6,1,2317
34.0,0,6,2,2325
34.0,0,6,3,2332
34.0,0,6,4,2339
34.0,0,6,5,2347
34.0,0,6,6,2354
34.0,0,6,7,2361
34.0,0,6,8,2369
34.0,0,6,9,2376
34.0,0,6,10,2383
34.0,0,6,11,2390
34.0,0,6,12,2397
34.0,0,6,13,2405
34.0,0,6,14,2412
34.0,0,6,15,2419
34.0,0,7,0,2317
34.0,0,7,1,2325
34.0,0,7,2,2332
34.0,0,7,3,2339
34.0,0,7,4,2347
34.0,0,7,5,2354
34.0,0,7,6,2362
34.0,0,7,7,2369
34.0,0,7,8,2376
34.0,0,7,9,2384
34.0,0,7,10,2391
34.0,0,7,11,2398
34.0,0,7,12,2405
34.0,0,7,13,2412
34.0,0,7,14,2420
34.0,0,7,15,2427
34.0,0,8,0,2325
34.0,0,8,1,2332
34.0,0,8,2,2340
34.0,0,8,3,2347
34.0,0,8,4,2354
34.0,0,8,5,2362
34.0,0,8,6,2369
34.0,0,8,7,2377
34.0,0,8,8,2384
34.0,0,8,9,2391
34.0,0,8,10,2398
34.0,0,8,11,2406
34.0,0,8,12,2413
34.0,0,8,13,2420
34.0,0,8,14,2427
34.0,0,8,15,2434
34.0,0,9,0,2332
34.0,0,9,1,2339
34.0,0,9,2,2347
34.0,0,9,3,2354
34.0,0,9,4,2362
34.0,0,9,5,2369
34.0,0,9,6,2377
34.0,0,9,7,2384
34.0,0,9,8,2391
34.0,0,9,9,2399
34.0,0,9,10,2406
34.0,0,9,11,2413
34.0,0,9,12,2421
34.0,0,9,13,2428
34.0,0,9,14,2435
34.0,0,9,15,2442
34.0,0,10,0,2339
34.0,0,10,1,2347
34.0,0,10,2,2354
34.0,0,10,3,2362
34.0,0,10,4,2369
34.0,0,10,5,2377
34.0,0,10,6,2384
34.0,0,10,7,2392
34.0,0,10,8,2399
34.0,0,10,9,2406
34.0,0,10,10,2414
34.0,0,10,11,2421
34.0,0,10,12,2428
34.0,0,10,13,2435
34.0,0,10,14,2443
34.0,0,10,15,2450
34.0,0,11,0,2347
34.0,0,11,1,2354
34.0,0,11,2,2362
34.0,0,11,3,2369
34.0,0,11,4,2377
34.0,0,11,5,2384
34.0,0,11,6,2392
34.0,0,11,7,2399
34.0,0,11,8,2407
34.0,0,11,9,2414
34.0,0,11,10,2421
34.0,0,11,11,2429
34.0,0,11,12,2436
34.0,0,11,13,2443
34.0,0,11,14,2450
34.0,0,11,15,2458
34.0,0,12,0,2354
34.0,0,12,1,2362
34.0,0,12,2,2369
34.0,0,12,3,2377
34.0,0,12,4,2384
34.0,0,12,5,2392
34.0,0,12,6,2399
34.0,0,12,7,2407
34.0,0,12,8,2414
34.0,0,12,9,2421
34.0,0,12,10,2429
34.0,0,12,11,2436
34.0,0,12,12,2443
34.0,0,12,13,2451
34.0,0,12,14,2458
34.0,0,12,15,2465
34.0,0,13,0,2361
34.0,0,13,1,2369
34.0,0,13,2,2377
34.0,0,13,3,2384
34.0,0,13,4,2392
34.0,0,13,5,2399
34.0,0,13,6,2407
34.0,0,13,7,2414
34.0,0,13,8,2421
34.0,0,13,9,2429
34.0,0,13,10,2436
34.0,0,13,11,2444
34.0,0,13,12,2451
34.0,0,13,13,2458
34.0,0,13,14,2466
34.0,0,13,15,2473
34.0,0,14,0,2369
34.0,0,14,1,2376
34.0,0,14,2,2384
34.0,0,14,3,2391
34.0,0,14,4,2399
34.0,0,14,5,2407
34.0,0,14,6,2414
34.0,0,14,7,2421
34.0,0,14,8,2429
34.0,0,14,9,2436
34.0,0,14,10,2444
34.0,0,14,11,2451
34.0,0,14,12,2459
34.0,0,14,13,2466
34.0,0,14,14,2473
34.0,0,14,15,2481
34.0,0,15,0,2376
34.0,0,15,1,2384
34.0,0,15,2,2391
34.0,0,15,3,2399
34.0,0,15,4,2406
34.0,0,15,5,2414
34.0,0,15,6,2421
34.0,0,15,7,2429
34.0,0,15,8,2436
34.0,0,15,9,2444
34.0,0,15,10,2451
34.0,0,15,11,2459
34.0,0,15,12,2466
34.0,0,15,13,2473
34.0,0,15,14,2481
34.0,0,15,15,2488
34.0,1,0,0,2273
34.0,1,0,1,2281
34.0,1,0,2,2288
34.0,1,0,3,2295
34.0,1,0,4,2302
34.0,1,0,5,2310
34.0,1,0,6,2317
34.0,1,0,7,2324
34.0,1,0,8,2331
34.0,1,0,9,2338
34.0,1,0,10,2345
34.0,1,0,11,2353
34.0,1,0,12,2360
34.0,1,0,13,2367
34.0,1,0,14,2374
34.0,1,0,15,2381
34.0,1,1,0,2281
34.0,1,1,1,2288
34.0,1,1,2,2296
34.0,1,1,3,2303
34.0,1,1,4,2310
34.0,1,1,5,2317
34.0,1,1,6,2325
34.0,1,1,7,2332
34.0,1,1,8,2339
34.0,1,1,9,2346
34.0,1,1,10,2353
34.0,1,1,11,2360
34.0,1,1,12,2368
34.0,1,1,13,2375
34.0,1,1,14,2382
34.0,1,1,15,2389
34.0,1,2,0,2288
34.0,1,2,1,2296
34.0,1,2,2,2303
34.0,1,2,3,2311
34.0,1,2,4,2318
34.0,1,2,5,2325
34.0,1,2,6,2332
34.0,1,2,7,2340
34.0,1,2,8,2347
34.0,1,2,9,2354
34.0,1,2,10,2361
34.0,1,2,11,2368
34.0,1,2,12,2375
34.0,1,2,13,2383
34.0,1,2,14,2390
34.0,1,2,15,2397
34.0,1,3,0,2296
34.0,1,3,1,2303
34.0,1,3,2,2311
34.0,1,3,3,2318
34.0,1,3,4,2325
34.0,1,3,5,2333
34.0,1,3,6,2340
34.0,1,3,7,2347
34.0,1,3,8,2355
34.0,1,3,9,2362
34.0,1,3,10,2369
34.0,1,3,11,2376
34.0,1,3,12,2383
34.0,1,3,13,2390
34.0,1,3,14,2397
34.0,1,3,15,2405
34.0,1,4,0,2304
34.0,1,4,1,2311
34.0,1,4,2,2318
34.0,1,4,3,2326
34.0,1,4,4,2333
34.0,1,4,5,2340
34.0,1,4,6,2348
34.0,1,4,7,2355
34.0,1,4,8,2362
34.0,1,4,9,2370
34.0,1,4,10,2377
34.0,1,4,11,2384
34.0,1,4,12,2391
34.0,1,4,13,2398
34.0,1,4,14,2405
34.0,1,4,15,2412
34.0,1,5,0,2311
34.0,1,5,1,2319
34.0,1,5,2,2326
34.0,1,5,3,2333
34.0,1,5,4,2341
34.0,1,5,5,2348
34.0,1,5,6,2355
34.0,1,5,7,2363
34.0,1,5,8,2370
34.0,1,5,9,2377
34.0,1,5,10,2384
34.0,1,5,11,2392
34.0,1,5,12,2399
34.0,1,5,13,2406
34.0,1,5,14,2413
34.0,1,5,15,2420
34.0,1,6,0,2319
34.0,1,6,1,2326
34.0,1,6,2,2333
34.0,1,6,3,2341
34.0,1,6,4,2348
34.0,1,6,5,2356
34.0,1,6,6,2363
34.0,1,6,7,2370
34.0,1,6,8,2378
34.0,1,6,9,2385
34.0,1,6,10,2392
34.0,1,6,11,2399
34.0,1,6,12,2407
34.0,1,6,13,2414
34.0,1,6,14,2421
34.0,1,6,15,2428
34.0,1,7,0,2326
34.0,1,7,1,2334
34.0,1,7,2,2341
34.0,1,7,3,2348
34.0,1,7,4,2356
34.0,1,7,5,2363
34.0,1,7,6,2371
34.0,1,7,7,2378
34.0,1,7,8,2385
34.0,1,7,9,2393
34.0,1,7,10,2400
34.0,1,7,11,2407
34.0,1,7,12,2414
34.0,1,7,13,2422
34.0,1,7,14,2429
34.0,1,7,15,2436
34.0,1,8,0,2333
34.0,1,8,1,2341
34.0,1,8,2,2349
34.0,1,8,3,2356
34.0,1,8,4,2363
34.0,1,8,5,2371
34.0,1,8,6,2378
34.0,1,8,7,2386
34.0,1,8,8,2393
34.0,1,8,9,2400
34.0,1,8,10,2408
34.0,1,8,11,2415
34.0,1,8,12,2422
34.0,1,8,13,2429
34.0,1,8,14,2437
34.0,1,8,15,2444
34.0,1,9,0,2341
34.0,1,9,1,2348
34.0,1,9,2,2356
34.0,1,9,3,2363
34.0,1,9,4,2371
34.0,1,9,5,2378
34.0,1,9,6,2386
34.0,1,9,7,2393
34.0,1,9,8,2401
34.0,1,9,9,2408
34.0,1,9,10,2415
34.0,1,9,11,2423
34.0,1,9,12,2430
34.0,1,9,13,2437
34.0,1,9,14,2444
34.0,1,9,15,2452
34.0,1,10,0,2348
34.0,1,10,1,2356
34.0,1,10,2,2363
34.0,1,10,3,2371
34.0,1,10,4,2378
34.0,1,10,5,2386
34.0,1,10,6,2393
34.0,1,10,7,2401
34.0,1,10,8,2408
34.0,1,10,9,2416
34.0,1,10,10,2423
34.0,1,10,11,2430
34.0,1,10,12,2438
34.0,1,10,13,2445
34.0,1,10,14,2452
34.0,1,10,15,2459
34.0,1,11,0,2356
34.0,1,11,1,2363
34.0,1,11,2,2371
34.0,1,11,3,2378
34.0,1,11,4,2386
34.0,1,11,5,2393
34.0,1,11,6,2401
34.0,1,11,7,2408
34.0,1,11,8,2416
34.0,1,11,9,2423
34.0,1,11,10,2431
34.0,1,11,11,2438
34.0,1,11,12,2445
34.0,1,11,13,2453
34.0,1,11,14,2460
34.0,1,11,15,2467
34.0,1,12,0,2363
34.0,1,12,1,2371
34.0,1,12,2,2378
34.0,1,12,3,2386
34.0,1,12,4,2393
34.0,1,12,5,2401
34.0,1,12,6,2408
34.0,1,12,7,2416
34.0,1,12,8,2423
34.0,1,12,9,2431
34.0,1,12,10,2438
34.0,1,12,11,2445
34.0,1,12,12,2453
34.0,1,12,13,2460
34.0,1,12,14,2467
34.0,1,12,15,2475
34.0,1,13,0,2370
34.0,1,13,1,2378
34.0,1,13,2,2386
34.0,1,13,3,2393
34.0,1,13,4,2401
34.0,1,13,5,2408
34.0,1,13,6,2416
34.0,1,13,7,2423
34.0,1,13,8,2431
34.0,1,13,9,2438
34.0,1,13,10,2446
34.0,1,13,11,2453
34.0,1,13,12,2460
34.0,1,13,13,2468
34.0,1,13,14,2475
34.0,1,13,15,2482
34.0,1,14,0,2378
34.0,1,14,1,2385
34.0,1,14,2,2393
34.0,1,14,3,2401
34.0,1,14,4,2408
34.0,1,14,5,2416
34.0,1,14,6,2423
34.0,1,14,7,2431
34.0,1,14,8,2438
34.0,1,14,9,2446
34.0,1,14,10,2453
34.0,1,14,11,2461
34.0,1,14,12,2468
34.0,1,14,13,2475
34.0,1,14,14,2483
34.0,1,14,15,2490
34.0,1,15,0,2385
34.0,1,15,1,2393
34.0,1,15,2,2400
34.0,1,15,3,2408
34.0,1,15,4,2416
34.0,1,15,5,2423
34.0,1,15,6,2431
34.0,1,15,7,2438
34.0,1,15,8,2446
34.0,1,15,9,2453
34.0,1,15,10,2461
34.0,1,15,11,2468
34.0,1,15,12,2476
34.0,1,15,13,2483
34.0,1,15,14,2490
34.0,1,15,15,2498
34.0,2,0,0,2282
34.0,2,0,1,2289
34.0,2,0,2,2297
34.0,2,0,3,2304
34.0,2,0,4,2311
34.0,2,0,5,2318
34.0,2,0,6,2326
34.0,2,0,7,2333
34.0,2,0,8,2340
34.0,2,0,9,2347
34.0,2,0,10,2354
34.0,2,0,11,2362
34.0,2,0,12,2369
34.0,2,0,13,2376
34.0,2,0,14,2383
34.0,2,0,15,2390
34.0,2,1,0,2290
34.0,2,1,1,2297
34.0,2,1,2,2304
34.0,2,1,3,2312
34.0,2,1,4,2319
34.0,2,1,5,2326
34.0,2,1,6,2333
34.0,2,1,7,2341
34.0,2,1,8,2348
34.0,2,1,9,2355
34.0,2,1,10,2362
34.0,2,1,11,2369
34.0,2,1,12,2377
34.0,2,1,13,2384
34.0,2,1,14,2391
34.0,2,1,15,2398
34.0,2,2,0,2297
34.0,2,2,1,2305
34.0,2,2,2,2312
34.0,2,2,3,2319
34.0,2,2,4,2327
34.0,2,2,5,2334
34.0,2,2,6,2341
34.0,2,2,7,2349
34.0,2,2,8,2356
34.0,2,2,9,2363
34.0,2,2,10,2370
34.0,2,2,11,2377
34.0,2,2,12,2384
34.0,2,2,13,2392
34.0,2,2,14,2399
34.0,2,2,15,2406
34.0,2,3,0,2305
34.0,2,3,1,2312
34.0,2,3,2,2320
34.0,2,3,3,2327
34.0,2,3,4,2334
34.0,2,3,5,2342
34.0,2,3,6,2349
34.0,2,3,7,2356
34.0,2,3,8,2364
34.0,2,3,9,2371
34.0,2,3,10,2378
34.0,2,3,11,2385
34.0,2,3,12,2392
34.0,2,3,13,2400
34.0,2,3,14,2407
34.0,2,3,15,2414
34.0,2,4,0,2312
34.0,2,4,1,2320
34.0,2,4,2,2327
34.0,2,4,3,2335
34.0,2,4,4,2342
34.0,2,4,5,2349
34.0,2,4,6,2357
34.0,2,4,7,2364
34.0,2,4,8,2371
34.0,2,4,9,2379
34.0,2,4,10,2386
34.0,2,4,11,2393
34.0,2,4,12,2400
34.0,2,4,13,2407
34.0,2,4,14,2415
34.0,2,4,15,2422
34.0,2,5,0,2320
34.0,2,5,1,2327
34.0,2,5,2,2335
34.0,2,5,3,2342
34.0,2,5,4,2350
34.0,2,5,5,2357
34.0,2,5,6,2364
34.0,2,5,7,2372
34.0,2,5,8,2379
34.0,2,5,9,2386
34.0,2,5,10,2394
34.0,2,5,11,2401
34.0,2,5,12,2408
34.0,2,5,13,2415
34.0,2,5,14,2422
34.0,2,5,15,2430
34.0,2,6,0,2327
34.0,2,6,1,2335
34.0,2,6,2,2342
34.0,2,6,3,2350
34.0,2,6,4,2357
34.0,2,6,5,2365
34.0,2,6,6,2372
34.0,2,6,7,2379
34.0,2,6,8,2387
34.0,2,6,9,2394
34.0,2,6,10,2401
34.0,2,6,11,2409
34.0,2,6,12,2416
34.0,2,6,13,2423
34.0,2,6,14,2430
34.0,2,6,15,2437
34.0,2,7,0,2335
34.0,2,7,1,2342
34.0,2,7,2,2350
34.0,2,7,3,2357
34.0,2,7,4,2365
34.0,2,7,5,2372
34.0,2,7,6,2380
34.0,2,7,7,2387
34.0,2,7,8,2394
34.0,2,7,9,2402
34.0,2,7,10,2409
34.0,2,7,11,2416
34.0,2,7,12,2424
34.0,2,7,13,2431
34.0,2,7,14,2438
34.0,2,7,15,2445
34.0,2,8,0,2342
34.0,2,8,1,2350
34.0,2,8,2,2357
34.0,2,8,3,2365
34.0,2,8,4,2372
34.0,2,8,5,2380
34.0,2,8,6,2387
34.0,2,8,7,2395
34.0,2,8,8,2402
34.0,2,8,9,2409
34.0,2,8,10,2417
34.0,2,8,11,2424
34.0,2,8,12,2431
34.0,2,8,13,2439
34.0,2,8,14,2446
34.0,2,8,15,2453
34.0,2,9,0,2350
34.0,2,9,1,2357
34.0,2,9,2,2365
34.0,2,9,3,2372
34.0,2,9,4,2380
34.0,2,9,5,2387
34.0,2,9,6,2395
34.0,2,9,7,2402
34.0,2,9,8,2410
34.0,2,9,9,2417
34.0,2,9,10,2424
34.0,2,9,11,2432
34.0,2,9,12,2439
34.0,2,9,13,2446
34.0,2,9,14,2454
34.0,2,9,15,2461
34.0,2,10,0,2357
34.0,2,10,1,2365
34.0,2,10,2,2372
34.0,2,10,3,2380
34.0,2,10,4,2388
34.0,2,10,5,2395
34.0,2,10,6,2402
34.0,2,10,7,2410
34.0,2,10,8,2417
34.0,2,10,9,2425
34.0,2,10,10,2432
34.0,2,10,11,2440
34.0,2,10,12,2447
34.0,2,10,13,2454
34.0,2,10,14,2461
34.0,2,10,15,2469
34.0,2,11,0,2365
34.0,2,11,1,2372
34.0,2,11,2,2380
34.0,2,11,3,2387
34.0,2,11,4,2395
34.0,2,11,5,2403
34.0,2,11,6,2410
34.0,2,11,7,2417
34.0,2,11,8,2425
34.0,2,11,9,2432
34.0,2,11,10,2440
34.0,2,11,11,2447
34.0,2,11,12,2455
34.0,2,11,13,2462
34.0,2,11,14,2469
34.0,2,11,15,2476
34.0,2,12,0,2372
34.0,2,12,1,2380
34.0,2,12,2,2387
34.0,2,12,3,2395
34.0,2,12,4,2402
34.0,2,12,5,2410
34.0,2,12,6,2418
34.0,2,12,7,2425
34.0,2,12,8,2433
34.0,2,12,9,2440
34.0,2,12,10,2447
34.0,2,12,11,2455
34.0,2,12,12,2462
34.0,2,12,13,2470
34.0,2,12,14,2477
34.0,2,12,15,2484
34.0,2,13,0,2379
34.0,2,13,1,2387
34.0,2,13,2,2395
34.0,2,13,3,2402
34.0,2,13,4,2410
34.0,2,13,5,2417
34.0,2,13,6,2425
34.0,2,13,7,2433
34.0,2,13,8,2440
34.0,2,13,9,2448
34.0,2,13,10,2455
34.0,2,13,11,2462
34.0,2,13,12,2470
34.0,2,13,13,2477
34.0,2,13,14,2485
34.0,2,13,15,2492
34.0,2,14,0,2387
34.0,2,14,1,2394
34.0,2,14,2,2402
34.0,2,14,3,2410
34.0,2,14,4,2417
34.0,2,14,5,2425
34.0,2,14,6,2433
34.0,2,14,7,2440
34.0,2,14,8,2448
34.0,2,14,9,2455
34.0,2,14,10,2463
34.0,2,14,11,2470
34.0,2,14,12,2477
34.0,2,14,13,2485
34.0,2,14,14,2492
34.0,2,14,15,2500
34.0,2,15,0,2394
34.0,2,15,1,2402
34.0,2,15,2,2409
34.0,2,15,3,2417
34.0,2,15,4,2425
34.0,2,15,5,2432
34.0,2,15,6,2440
34.0,2,15,7,2448
34.0,2,15,8,2455
34.0,2,15,9,2463
34.0,2,15,10,2470
34.0,2,15,11,2478
34.0,2,15,12,2485
34.0,2,15,13,2492
34.0,2,15,14,2500
34.0,2,15,15,2507
34.0,3,0,0,2291
34.0,3,0,1,2298
34.0,3,0,2,2305
34.0,3,0,3,2313
34.0,3,0,4,2320
34.0,3,0,5,2327
34.0,3,0,6,2335
34.0,3,0,7,2342
34.0,3,0,8,2349
34.0,3,0,9,2356
34.0,3,0,10,2363
34.0,3,0,11,2371
34.0,3,0,12,2378
34.0,3,0,13,2385
34.0,3,0,14,2392
34.0,3,0,15,2399
34.0,3,1,0,2298
34.0,3,1,1,2306
34.0,3,1,2,2313
34.0,3,1,3,2320
34.0,3,1,4,2328
34.0,3,1,5,2335
34.0,3,1,6,2342
34.0,3,1,7,2350
34.0,3,1,8,2357
34.0,3,1,9,2364
34.0,3,1,10,2371
34.0,3,1,11,2378
34.0,3,1,12,2386
34.0,3,1,13,2393
34.0,3,1,14,2400
34.0,3,1,15,2407
34.0,3,2,0,2306
34.0,3,2,1,2313
34.0,3,2,2,2321
34.0,3,2,3,2328
34.0,3,2,4,2336
34.0,3,2,5,2343
34.0,3,2,6,2350
34.0,3,2,7,2357
34.0,3,2,8,2365
34.0,3,2,9,2372
34.0,3,2,10,2379
34.0,3,2,11,2386
34.0,3,2,12,2394
34.0,3,2,13,2401
34.0,3,2,14,2408
34.0,3,2,15,2415
34.0,3,3,0,2314
34.0,3,3,1,2321
34.0,3,3,2,2328
34.0,3,3,3,2336
34.0,3,3,4,2343
34.0,3,3,5,2351
34.0,3,3,6,2358
34.0,3,3,7,2365
34.0,3,3,8,2373
34.0,3,3,9,2380
34.0,3,3,10,2387
34.0,3,3,11,2394
34.0,3,3,12,2401
34.0,3,3,13,2409
34.0,3,3,14,2416
34.0,3,3,15,2423
34.0,3,4,0,2321
34.0,3,4,1,2329
34.0,3,4,2,2336
34.0,3,4,3,2344
34.0,3,4,4,2351
34.0,3,4,5,2358
34.0,3,4,6,2366
34.0,3,4,7,2373
34.0,3,4,8,2380
34.0,3,4,9,2388
34.0,3,4,10,2395
34.0,3,4,11,2402
34.0,3,4,12,2409
34.0,3,4,13,2417
34.0,3,4,14,2424
34.0,3,4,15,2431
34.0,3,5,0,2329
34.0,3,5,1,2336
34.0,3,5,2,2344
34.0,3,5,3,2351
34.0,3,5,4,2359
34.0,3,5,5,2366
34.0,3,5,6,2373
34.0,3,5,7,2381
34.0,3,5,8,2388
34.0,3,5,9,2395
34.0,3,5,10,2403
34.0,3,5,11,2410
34.0,3,5,12,2417
34.0,3,5,13,2424
34.0,3,5,14,2432
34.0,3,5,15,2439
34.0,3,6,0,2336
34.0,3,6,1,2344
34.0,3,6,2,2351
34.0,3,6,3,2359
34.0,3,6,4,2366
34.0,3,6,5,2374
34.0,3,6,6,2381
34.0,3,6,7,2388
34.0,3,6,8,2396
34.0,3,6,9,2403
34.0,3,6,10,2410
34.0,3,6,11,2418
34.0,3,6,12,2425
34.0,3,6,13,2432
34.0,3,6,14,2440
34.0,3,6,15,2447
34.0,3,7,0,2344
34.0,3,7,1,2351
34.0,3,7,2,2359
34.0,3,7,3,2366
34.0,3,7,4,2374
34.0,3,7,5,2381
34.0,3,7,6,2389
34.0,3,7,7,2396
34.0,3,7,8,2404
34.0,3,7,9,2411
34.0,3,7,10,2418
34.0,3,7,11,2426
34.0,3,7,12,2433
34.0,3,7,13,2440
34.0,3,7,14,2447
34.0,3,7,15,2455
34.0,3,8,0,2351
34.0,3,8,1,2359
34.0,3,8,2,2366
34.0,3,8,3,2374
34.0,3,8,4,2381
34.0,3,8,5,2389
34.0,3,8,6,2396
34.0,3,8,7,2404
34.0,3,8,8,2411
34.0,3,8,9,2419
34.0,3,8,10,2426
34.0,3,8,11,2433
34.0,3,8,12,2441
34.0,3,8,13,2448
34.0,3,8,14,2455
34.0,3,8,15,2462
34.0,3,9,0,2359
34.0,3,9,1,2366
34.0,3,9,2,2374
34.0,3,9,3,2382
34.0,3,9,4,2389
34.0,3,9,5,2397
34.0,3,9,6,2404
34.0,3,9,7,2411
34.0,3,9,8,2419
34.0,3,9,9,2426
34.0,3,9,10,2434
34.0,3,9,11,2441
34.0,3,9,12,2448
34.0,3,9,13,2456
34.0,3,9,14,2463
34.0,3,9,15,2470
34.0,3,10,0,2366
34.0,3,10,1,2374
34.0,3,10,2,2381
34.0,3,10,3,2389
34.0,3,10,4,2397
34.0,3,10,5,2404
34.0,3,10,6,2412
34.0,3,10,7,2419
34.0,3,10,8,2427
34.0,3,10,9,2434
34.0,3,10,10,2441
34.0,3,10,11,2449
34.0,3,10,12,2456
34.0,3,10,13,2463
34.0,3,10,14,2471
34.0,3,10,15,2478
34.0,3,11,0,2374
34.0,3,11,1,2381
34.0,3,11,2,2389
34.0,3,11,3,2397
34.0,3,11,4,2404
34.0,3,11,5,2412
34.0,3,11,6,2419
34.0,3,11,7,2427
34.0,3,11,8,2434
34.0,3,11,9,2442
34.0,3,11,10,2449
34.0,3,11,11,2456
34.0,3,11,12,2464
34.0,3,11,13,2471
34.0,3,11,14,2479
34.0,3,11,15,2486
34.0,3,12,0,2381
34.0,3,12,1,2389
34.0,3,12,2,2396
34.0,3,12,3,2404
34.0,3,12,4,2412
34.0,3,12,5,2419
34.0,3,12,6,2427
34.0,3,12,7,2434
34.0,3,12,8,2442
34.0,3,12,9,2449
34.0,3,12,10,2457
34.0,3,12,11,2464
34.0,3,12,12,2472
34.0,3,12,13,2479
34.0,3,12,14,2486
34.0,3,12,15,2494
34.0,3,13,0,2388
34.0,3,13,1,2396
34.0,3,13,2,2404
34.0,3,13,3,2411
34.0,3,13,4,2419
34.0,3,13,5,2427
34.0,3,13,6,2434
34.0,3,13,7,2442
34.0,3,13,8,2449
34.0,3,13,9,2457
34.0,3,13,10,2464
34.0,3,13,11,2472
34.0,3,13,12,2479
34.0,3,13,13,2487
34.0,3,13,14,2494
34.0,3,13,15,2501
34.0,3,14,0,2396
34.0,3,14,1,2404
34.0,3,14,2,2411
34.0,3,14,3,2419
34.0,3,14,4,2427
34.0,3,14,5,2434
34.0,3,14,6,2442
34.0,3,14,7,2449
34.0,3,14,8,2457
34.0,3,14,9,2464
34.0,3,14,10,2472
34.0,3,14,11,2479
34.0,3,14,12,2487
34.0,3,14,13,2494
34.0,3,14,14,2502
34.0,3,14,15,2509
34.0,3,15,0,2403
34.0,3,15,1,2411
34.0,3,15,2,2419
34.0,3,15,3,2426
34.0,3,15,4,2434
34.0,3,15,5,2442
34.0,3,15,6,2449
34.0,3,15,7,2457
34.0,3,15,8,2464
34.0,3,15,9,2472
34.0,3,15,10,2479
34.0,3,15,11,2487
34.0,3,15,12,2494
34.0,3,15,13,2502
34.0,3,15,14,2509
34.0,3,15,15,2517
34.0,4,0,0,2299
34.0,4,0,1,2307
34.0,4,0,2,2314
34.0,4,0,3,2321
34.0,4,0,4,2329
34.0,4,0,5,2336
34.0,4,0,6,2343
34.0,4,0,7,2351
34.0,4,0,8,2358
34.0,4,0,9,2365
34.0,4,0,10,2372
34.0,4,0,11,2379
34.0,4,0,12,2387
34.0,4,0,13,2394
34.0,4,0,14,2401
34.0,4,0,15,2408
34.0,4,1,0,2307
34.0,4,1,1,2314
34.0,4,1,2,2322
34.0,4,1,3,2329
34.0,4,1,4,2337
34.0,4,1,5,2344
34.0,4,1,6,2351
34.0,4,1,7,2359
34.0,4,1,8,2366
34.0,4,1,9,2373
34.0,4,1,10,2380
34.0,4,1,11,2387
34.0,4,1,12,2395
34.0,4,1,13,2402
34.0,4,1,14,2409
34.0,4,1,15,2416
34.0,4,2,0,2315
34.0,4,2,1,2322
34.0,4,2,2,2330
34.0,4,2,3,2337
34.0,4,2,4,2344
34.0,4,2,5,2352
34.0,4,2,6,2359
34.0,4,2,7,2366
34.0,4,2,8,2374
34.0,4,2,9,2381
34.0,4,2,10,2388
34.0,4,2,11,2395
34.0,4,2,12,2403
34.0,4,2,13,2410
34.0,4,2,14,2417
34.0,4,2,15,2424
34.0,4,3,0,2322
34.0,4,3,1,2330
34.0,4,3,2,2337
34.0,4,3,3,2345
34.0,4,3,4,2352
34.0,4,3,5,2359
34.0,4,3,6,2367
34.0,4,3,7,2374
34.0,4,3,8,2382
34.0,4,3,9,2389
34.0,4,3,10,2396
34.0,4,3,11,2403
34.0,4,3,12,2411
34.0,4,3,13,2418
34.0,4,3,14,2425
34.0,4,3,15,2432
34.0,4,4,0,2330
34.0,4,4,1,2337
34.0,4,4,2,2345
34.0,4,4,3,2352
34.0,4,4,4,2360
34.0,4,4,5,2367
34.0,4,4,6,2375
34.0,4,4,7,2382
34.0,4,4,8,2389
34.0,4,4,9,2397
34.0,4,4,10,2404
34.0,4,4,11,2411
34.0,4,4,12,2418
34.0,4,4,13,2426
34.0,4,4,14,2433
34.0,4,4,15,2440
34.0,4,5,0,2338
34.0,4,5,1,2345
34.0,4,5,2,2353
34.0,4,5,3,2360
34.0,4,5,4,2368
34.0,4,5,5,2375
34.0,4,5,6,2382
34.0,4,5,7,2390
34.0,4,5,8,2397
34.0,4,5,9,2404
34.0,4,5,10,2412
34.0,4,5,11,2419
34.0,4,5,12,2426
34.0,4,5,13,2434
34.0,4,5,14,2441
34.0,4,5,15,2448
34.0,4,6,0,2345
34.0,4,6,1,2353
34.0,4,6,2,2360
34.0,4,6,3,2368
34.0,4,6,4,2375
34.0,4,6,5,2383
34.0,4,6,6,2390
34.0,4,6,7,2398
34.0,4,6,8,2405
34.0,4,6,9,2412
34.0,4,6,10,2420
34.0,4,6,11,2427
34.0,4,6,12,2434
34.0,4,6,13,2442
34.0,4,6,14,2449
34.0,4,6,15,2456
34.0,4,7,0,2353
34.0,4,7,1,2360
34.0,4,7,2,2368
34.0,4,7,3,2375
34.0,4,7,4,2383
34.0,4,7,5,2390
34.0,4,7,6,2398
34.0,4,7,7,2405
34.0,4,7,8,2413
34.0,4,7,9,2420
34.0,4,7,10,2427
34.0,4,7,11,2435
34.0,4,7,12,2442
34.0,4,7,13,2449
34.0,4,7,14,2457
34.0,4,7,15,2464
34.0,4,8,0,2360
34.0,4,8,1,2368
34.0,4,8,2,2375
34.0,4,8,3,2383
34.0,4,8,4,2390
34.0,4,8,5,2398
34.0,4,8,6,2405
34.0,4,8,7,2413
34.0,4,8,8,2420
34.0,4,8,9,2428
34.0,4,8,10,2435
34.0,4,8,11,2443
34.0,4,8,12,2450
34.0,4,8,13,2457
34.0,4,8,14,2465
34.0,4,8,15,2472
34.0,4,9,0,2368
34.0,4,9,1,2375
34.0,4,9,2,2383
34.0,4,9,3,2391
34.0,4,9,4,2398
34.0,4,9,5,2406
34.0,4,9,6,2413
34.0,4,9,7,2421
34.0,4,9,8,2428
34.0,4,9,9,2436
34.0,4,9,10,2443
34.0,4,9,11,2450
34.0,4,9,12,2458
34.0,4,9,13,2465
34.0,4,9,14,2472
34.0,4,9,15,2480
34.0,4,10,0,2375
34.0,4,10,1,2383
34.0,4,10,2,2390
34.0,4,10,3,2398
34.0,4,10,4,2406
34.0,4,10,5,2413
34.0,4,10,6,2421
34.0,4,10,7,2428
34.0,4,10,8,2436
34.0,4,10,9,2443
34.0,4,10,10,2451
34.0,4,10,11,2458
34.0,4,10,12,2465
34.0,4,10,13,2473
34.0,4,10,14,2480
34.0,4,10,15,2488
34.0,4,11,0,2383
34.0,4,11,1,2390
34.0,4,11,2,2398
34.0,4,11,3,2406
34.0,4,11,4,2413
34.0,4,11,5,2421
34.0,4,11,6,2428
34.0,4,11,7,2436
34.0,4,11,8,2443
34.0,4,11,9,2451
34.0,4,11,10,2458
34.0,4,11,11,2466
34.0,4,11,12,2473
34.0,4,11,13,2481
34.0,4,11,14,2488
34.0,4,11,15,2495
34.0,4,12,0,2390
34.0,4,12,1,2398
34.0,4,12,2,2405
34.0,4,12,3,2413
34.0,4,12,4,2421
34.0,4,12,5,2428
34.0,4,12,6,2436
34.0,4,12,7,2443
34.0,4,12,8,2451
34.0,4,12,9,2459
34.0,4,12,10,2466
34.0,4,12,11,2473
34.0,4,12,12,2481
34.0,4,12,13,2488
34.0,4,12,14,2496
34.0,4,12,15,2503
34.0,4,13,0,2398
34.0,4,13,1,2405
34.0,4,13,2,2413
34.0,4,13,3,2421
34.0,4,13,4,2428
34.0,4,13,5,2436
34.0,4,13,6,2443
34.0,4,13,7,2451
34.0,4,13,8,2459
34.0,4,13,9,2466
34.0,4,13,10,2474
34.0,4,13,11,2481
34.0,4,13,12,2489
34.0,4,13,13,2496
34.0,4,13,14,2503
34.0,4,13,15,2511
34.0,4,14,0,2405
34.0,4,14,1,2413
34.0,4,14,2,2420
34.0,4,14,3,2428
34.0,4,14,4,2436
34.0,4,14,5,2443
34.0,4,14,6,2451
34.0,4,14,7,2459
34.0,4,14,8,2466
34.0,4,14,9,2474
34.0,4,14,10,2481
34.0,4,14,11,2489
34.0,4,14,12,2496
34.0,4,14,13,2504
34.0,4,14,14,2511
34.0,4,14,15,2519
34.0,4,15,0,2412
34.0,4,15,1,2420
34.0,4,15,2,2428
34.0,4,15,3,2436
34.0,4,15,4,2443
34.0,4,15,5,2451
34.0,4,15,6,2459
34.0,4,15,7,2466
34.0,4,15,8,2474
34.0,4,15,9,2481
34.0,4,15,10,2489
34.0,4,15,11,2496
34.0,4,15,12,2504
34.0,4,15,13,2511
34.0,4,15,14,2519
34.0,4,15,15,2526
34.0,5,0,0,2308
34.0,5,0,1,2315
34.0,5,0,2,2323
34.0,5,0,3,2330
34.0,5,0,4,2338
34.0,5,0,5,2345
34.0,5,0,6,2352
34.0,5,0,7,2360
34.0,5,0,8,2367
34.0,5,0,9,2374
34.0,5,0,10,2381
34.0,5,0,11,2388
34.0,5,0,12,2396
34.0,5,0,13,2403
34.0,5,0,14,2410
34.0,5,0,15,2417
34.0,5,1,0,2316
34.0,5,1,1,2323
34.0,5,1,2,2331
34.0,5,1,3,2338
34.0,5,1,4,2345
34.0,5,1,5,2353
34.0,5,1,6,2360
34.0,5,1,7,2367
34.0,5,1,8,2375
34.0,5,1,9,2382
34.0,5,1,10,2389
34.0,5,1,11,2396
34.0,5,1,12,2404
34.0,5,1,13,2411
34.0,5,1,14,2418
34.0,5,1,15,2425
34.0,5,2,0,2323
34.0,5,2,1,2331
34.0,5,2,2,2338
34.0,5,2,3,2346
34.0,5,2,4,2353
34.0,5,2,5,2361
34.0,5,2,6,2368
34.0,5,2,7,2375
34.0,5,2,8,2383
34.0,5,2,9,2390
34.0,5,2,10,2397
34.0,5,2,11,2404
34.0,5,2,12,2412
34.0,5,2,13,2419
34.0,5,2,14,2426
34.0,5,2,15,2433
34.0,5,3,0,2331
34.0,5,3,1,2339
34.0,5,3,2,2346
34.0,5,3,3,2354
34.0,5,3,4,2361
34.0,5,3,5,2368
34.0,5,3,6,2376
34.0,5,3,7,2383
34.0,5,3,8,2390
34.0,5,3,9,2398
34.0,5,3,10,2405
34.0,5,3,11,2412
34.0,5,3,12,2420
34.0,5,3,13,2427
34.0,5,3,14,2434
34.0,5,3,15,2441
34.0,5,4,0,2339
34.0,5,4,1,2346
34.0,5,4,2,2354
34.0,5,4,3,2361
34.0,5,4,4,2369
34.0,5,4,5,2376
34.0,5,4,6,2384
34.0,5,4,7,2391
34.0,5,4,8,2398
34.0,5,4,9,2406
34.0,5,4,10,2413
34.0,5,4,11,2420
34.0,5,4,12,2428
34.0,5,4,13,2435
34.0,5,4,14,2442
34.0,5,4,15,2449
34.0,5,5,0,2346
34.0,5,5,1,2354
34.0,5,5,2,2361
34.0,5,5,3,2369
34.0,5,5,4,2376
34.0,5,5,5,2384
34.0,5,5,6,2391
34.0,5,5,7,2399
34.0,5,5,8,2406
34.0,5,5,9,2414
34.0,5,5,10,2421
34.0,5,5,11,2428
34.0,5,5,12,2436
34.0,5,5,13,2443
34.0,5,5,14,2450
34.0,5,5,15,2457
34.0,5,6,0,2354
34.0,5,6,1,2362
34.0,5,6,2,2369
34.0,5,6,3,2377
34.0,5,6,4,2384
34.0,5,6,5,2392
34.0,5,6,6,2399
34.0,5,6,7,2407
34.0,5,6,8,2414
34.0,5,6,9,2421
34.0,5,6,10,2429
34.0,5,6,11,2436
34.0,5,6,12,2443
34.0,5,6,13,2451
34.0,5,6,14,2458
34.0,5,6,15,2465
34.0,5,7,0,2362
34.0,5,7,1,2369
34.0,5,7,2,2377
34.0,5,7,3,2384
34.0,5,7,4,2392
34.0,5,7,5,2399
34.0,5,7,6,2407
34.0,5,7,7,2414
34.0,5,7,8,2422
34.0,5,7,9,2429
34.0,5,7,10,2437
34.0,5,7,11,2444
34.0,5,7,12,2451
34.0,5,7,13,2459
34.0,5,7,14,2466
34.0,5,7,15,2473
34.0,5,8,0,2369
34.0,5,8,1,2377
34.0,5,8,2,2384
34.0,5,8,3,2392
34.0,5,8,4,2400
34.0,5,8,5,2407
34.0,5,8,6,2415
34.0,5,8,7,2422
34.0,5,8,8,2430
34.0,5,8,9,2437
34.0,5,8,10,2444
34.0,5,8,11,2452
34.0,5,8,12,2459
34.0,5,8,13,2466
34.0,5,8,14,2474
34.0,5,8,15,2481
34.0,5,9,0,2377
34.0,5,9,1,2384
34.0,5,9,2,2392
34.0,5,9,3,2400
34.0,5,9,4,2407
34.0,5,9,5,2415
34.0,5,9,6,2422
34.0,5,9,7,2430
34.0,5,9,8,2437
34.0,5,9,9,2445
34.0,5,9,10,2452
34.0,5,9,11,2460
34.0,5,9,12,2467
34.0,5,9,13,2474
34.0,5,9,14,2482
34.0,5,9,15,2489
34.0,5,10,0,2384
34.0,5,10,1,2392
34.0,5,10,2,2400
34.0,5,10,3,2407
34.0,5,10,4,2415
34.0,5,10,5,2422
34.0,5,10,6,2430
34.0,5,10,7,2437
34.0,5,10,8,2445
34.0,5,10,9,2452
34.0,5,10,10,2460
34.0,5,10,11,2467
34.0,5,10,12,2475
34.0,5,10,13,2482
34.0,5,10,14,2490
34.0,5,10,15,2497
34.0,5,11,0,2392
34.0,5,11,1,2399
34.0,5,11,2,2407
34.0,5,11,3,2415
34.0,5,11,4,2422
34.0,5,11,5,2430
34.0,5,11,6,2438
34.0,5,11,7,2445
34.0,5,11,8,2453
34.0,5,11,9,2460
34.0,5,11,10,2468
34.0,5,11,11,2475
34.0,5,11,12,2483
34.0,5,11,13,2490
34.0,5,11,14,2497
34.0,5,11,15,2505
34.0,5,12,0,2399
34.0,5,12,1,2407
34.0,5,12,2,2415
34.0,5,12,3,2422
34.0,5,12,4,2430
34.0,5,12,5,2438
34.0,5,12,6,2445
34.0,5,12,7,2453
34.0,5,12,8,2460
34.0,5,12,9,2468
34.0,5,12,10,2475
34.0,5,12,11,2483
34.0,5,12,12,2490
34.0,5,12,13,2498
34.0,5,12,14,2505
34.0,5,12,15,2513
34.0,5,13,0,2407
34.0,5,13,1,2414
34.0,5,13,2,2422
34.0,5,13,3,2430
34.0,5,13,4,2437
34.0,5,13,5,2445
34.0,5,13,6,2453
34.0,5,13,7,2460
34.0,5,13,8,2468
34.0,5,13,9,2475
34.0,5,13,10,2483
34.0,5,13,11,2491
34.0,5,13,12,2498
34.0,5,13,13,2505
34.0,5,13,14,2513
34.0,5,13,15,2520
34.0,5,14,0,2414
34.0,5,14,1,2422
34.0,5,14,2,2430
34.0,5,14,3,2437
34.0,5,14,4,2445
34.0,5,14,5,2453
34.0,5,14,6,2460
34.0,5,14,7,2468
34.0,5,14,8,2476
34.0,5,14,9,2483
34.0,5,14,10,2491
34.0,5,14,11,2498
34.0,5,14,12,2506
34.0,5,14,13,2513
34.0,5,14,14,2521
34.0,5,14,15,2528
34.0,5,15,0,2421
34.0,5,15,1,2429
34.0,5,15,2,2437
34.0,5,15,3,2445
34.0,5,15,4,2452
34.0,5,15,5,2460
34.0,5,15,6,2468
34.0,5,15,7,2475
34.0,5,15,8,2483
34.0,5,15,9,2491
34.0,5,15,10,2498
34.0,5,15,11,2506
34.0,5,15,12,2513
34.0,5,15,13,2521
34.0,5,15,14,2528
34.0,5,15,15,2536
34.0,6,0,0,2317
34.0,6,0,1,2324
34.0,6,0,2,2332
34.0,6,0,3,2339
34.0,6,0,4,2346
34.0,6,0,5,2354
34.0,6,0,6,2361
34.0,6,0,7,2368
34.0,6,0,8,2376
34.0,6,0,9,2383
34.0,6,0,10,2390
34.0,6,0,11,2397
34.0,6,0,12,2405
34.0,6,0,13,2412
34.0,6,0,14,2419
34.0,6,0,15,2426
34.0,6,1,0,2324
34.0,6,1,1,2332
34.0,6,1,2,2339
34.0,6,1,3,2347
34.0,6,1,4,2354
34.0,6,1,5,2362
34.0,6,1,6,2369
34.0,6,1,7,2376
34.0,6,1,8,2384
34.0,6,1,9,2391
34.0,6,1,10,2398
34.0,6,1,11,2405
34.0,6,1,12,2413
34.0,6,1,13,2420
34.0,6,1,14,2427
34.0,6,1,15,2434
34.0,6,2,0,2332
34.0,6,2,1,2340
34.0,6,2,2,2347
34.0,6,2,3,2355
34.0,6,2,4,2362
34.0,6,2,5,2369
34.0,6,2,6,2377
34.0,6,2,7,2384
34.0,6,2,8,2392
34.0,6,2,9,2399
34.0,6,2,10,2406
34.0,6,2,11,2413
34.0,6,2,12,2421
34.0,6,2,13,2428
34.0,6,2,14,2435
34.0,6,2,15,2442
34.0,6,3,0,2340
34.0,6,3,1,2347
34.0,6,3,2,2355
34.0,6,3,3,2362
34.0,6,3,4,2370
34.0,6,3,5,2377
34.0,6,3,6,2385
34.0,6,3,7,2392
34.0,6,3,8,2399
34.0,6,3,9,2407
34.0,6,3,10,2414
34.0,6,3,11,2421
34.0,6,3,12,2429
34.0,6,3,13,2436
34.0,6,3,14,2443
34.0,6,3,15,2450
34.0,6,4,0,2348
34.0,6,4,1,2355
34.0,6,4,2,2363
34.0,6,4,3,2370
34.0,6,4,4,2378
34.0,6,4,5,2385
34.0,6,4,6,2393
34.0,6,4,7,2400
34.0,6,4,8,2407
34.0,6,4,9,2415
34.0,6,4,10,2422
34.0,6,4,11,2429
34.0,6,4,12,2437
34.0,6,4,13,2444
34.0,6,4,14,2451
34.0,6,4,15,2459
34.0,6,5,0,2355
34.0,6,5,1,2363
34.0,6,5,2,2370
34.0,6,5,3,2378
34.0,6,5,4,2385
34.0,6,5,5,2393
34.0,6,5,6,2400
34.0,6,5,7,2408
34.0,6,5,8,2415
34.0,6,5,9,2423
34.0,6,5,10,2430
34.0,6,5,11,2437
34.0,6,5,12,2445
34.0,6,5,13,2452
34.0,6,5,14,2459
34.0,6,5,15,2467
34.0,6,6,0,2363
34.0,6,6,1,2370
34.0,6,6,2,2378
34.0,6,6,3,2386
34.0,6,6,4,2393
34.0,6,6,5,2401
34.0,6,6,6,2408
34.0,6,6,7,2416
34.0,6,6,8,2423
34.0,6,6,9,2430
34.0,6,6,10,2438
34.0,6,6,11,2445
34.0,6,6,12,2453
34.0,6,6,13,2460
34.0,6,6,14,2467
34.0,6,6,15,2475
34.0,6,7,0,2370
34.0,6,7,1,2378
34.0,6,7,2,2386
34.0,6,7,3,2393
34.0,6,7,4,2401
34.0,6,7,5,2408
34.0,6,7,6,2416
34.0,6,7,7,2423
34.0,6,7,8,2431
34.0,6,7,9,2438
34.0,6,7,10,2446
34.0,6,7,11,2453
34.0,6,7,12,2461
34.0,6,7,13,2468
34.0,6,7,14,2475
34.0,6,7,15,2483
34.0,6,8,0,2378
34.0,6,8,1,2386
34.0,6,8,2,2393
34.0,6,8,3,2401
34.0,6,8,4,2409
34.0,6,8,5,2416
34.0,6,8,6,2424
34.0,6,8,7,2431
34.0,6,8,8,2439
34.0,6,8,9,2446
34.0,6,8,10,2454
34.0,6,8,11,2461
34.0,6,8,12,2468
34.0,6,8,13,2476
34.0,6,8,14,2483
34.0,6,8,15,2490
34.0,6,9,0,2386
34.0,6,9,1,2393
34.0,6,9,2,2401
34.0,6,9,3,2409
34.0,6,9,4,2416
34.0,6,9,5,2424
34.0,6,9,6,2431
34.0,6,9,7,2439
34.0,6,9,8,2446
34.0,6,9,9,2454
34.0,6,9,10,2461
34.0,6,9,11,2469
34.0,6,9,12,2476
34.0,6,9,13,2484
34.0,6,9,14,2491
34.0,6,9,15,2498
34.0,6,10,0,2393
34.0,6,10,1,2401
34.0,6,10,2,2409
34.0,6,10,3,2416
34.0,6,10,4,2424
34.0,6,10,5,2431
34.0,6,10,6,2439
34.0,6,10,7,2447
34.0,6,10,8,2454
34.0,6,10,9,2462
34.0,6,10,10,2469
34.0,6,10,11,2477
34.0,6,10,12,2484
34.0,6,10,13,2491
34.0,6,10,14,2499
34.0,6,10,15,2506
34.0,6,11,0,2401
34.0,6,11,1,2408
34.0,6,11,2,2416
34.0,6,11,3,2424
34.0,6,11,4,2431
34.0,6,11,5,2439
34.0,6,11,6,2447
34.0,6,11,7,2454
34.0,6,11,8,2462
34.0,6,11,9,2469
34.0,6,11,10,2477
34.0,6,11,11,2484
34.0,6,11,12,2492
34.0,6,11,13,2499
34.0,6,11,14,2507
34.0,6,11,15,2514
34.0,6,12,0,2408
34.0,6,12,1,2416
34.0,6,12,2,2424
34.0,6,12,3,2431
34.0,6,12,4,2439
34.0,6,12,5,2447
34.0,6,12,6,2454
34.0,6,12,7,2462
34.0,6,12,8,2470
34.0,6,12,9,2477
34.0,6,12,10,2485
34.0,6,12,11,2492
34.0,6,12,12,2500
34.0,6,12,13,2507
34.0,6,12,14,2515
34.0,6,12,15,2522
34.0,6,13,0,2416
34.0,6,13,1,2423
34.0,6,13,2,2431
34.0,6,13,3,2439
34.0,6,13,4,2447
34.0,6,13,5,2454
34.0,6,13,6,2462
34.0,6,13,7,2470
34.0,6,13,8,2477
34.0,6,13,9,2485
34.0,6,13,10,2492
34.0,6,13,11,2500
34.0,6,13,12,2507
34.0,6,13,13,2515
34.0,6,13,14,2522
34.0,6,13,15,2530
34.0,6,14,0,2423
34.0,6,14,1,2431
34.0,6,14,2,2439
34.0,6,14,3,2446
34.0,6,14,4,2454
34.0,6,14,5,2462
34.0,6,14,6,2470
34.0,6,14,7,2477
34.0,6,14,8,2485
34.0,6,14,9,2492
34.0,6,14,10,2500
34.0,6,14,11,2508
34.0,6,14,12,2515
34.0,6,14,13,2523
34.0,6,14,14,2530
34.0,6,14,15,2538
34.0,6,15,0,2430
34.0,6,15,1,2438
34.0,6,15,2,2446
34.0,6,15,3,2454
34.0,6,15,4,2462
34.0,6,15,5,2469
34.0,6,15,6,2477
34.0,6,15,7,2485
34.0,6,15,8,2492
34.0,6,15,9,2500
34.0,6,15,10,2508
34.0,6,15,11,2515
34.0,6,15,12,2523
34.0,6,15,13,2530
34.0,6,15,14,2538
34.0,6,15,15,2545
34.0,7,0,0,2325
34.0,7,0,1,2333
34.0,7,0,2,2340
34.0,7,0,3,2348
34.0,7,0,4,2355
34.0,7,0,5,2363
34.0,7,0,6,2370
34.0,7,0,7,2377
34.0,7,0,8,2385
34.0,7,0,9,2392
34.0,7,0,10,2399
34.0,7,0,11,2406
34.0,7,0,12,2414
34.0,7,0,13,2421
34.0,7,0,14,2428
34.0,7,0,15,2435
34.0,7,1,0,2333
34.0,7,1,1,2341
34.0,7,1,2,2348
34.0,7,1,3,2356
34.0,7,1,4,2363
34.0,7,1,5,2370
34.0,7,1,6,2378
34.0,7,1,7,2385
34.0,7,1,8,2393
34.0,7,1,9,2400
34.0,7,1,10,2407
34.0,7,1,11,2414
34.0,7,1,12,2422
34.0,7,1,13,2429
34.0,7,1,14,2436
34.0,7,1,15,2443
34.0,7,2,0,2341
34.0,7,2,1,2348
34.0,7,2,2,2356
34.0,7,2,3,2363
34.0,7,2,4,2371
34.0,7,2,5,2378
34.0,7,2,6,2386
34.0,7,2,7,2393
34.0,7,2,8,2401
34.0,7,2,9,2408
34.0,7,2,10,2415
34.0,7,2,11,2423
34.0,7,2,12,2430
34.0,7,2,13,2437
34.0,7,2,14,2444
34.0,7,2,15,2452
34.0,7,3,0,2349
34.0,7,3,1,2356
34.0,7,3,2,2364
34.0,7,3,3,2371
34.0,7,3,4,2379
34.0,7,3,5,2386
34.0,7,3,6,2394
34.0,7,3,7,2401
34.0,7,3,8,2408
34.0,7,3,9,2416
34.0,7,3,10,2423
34.0,7,3,11,2431
34.0,7,3,12,2438
34.0,7,3,13,2445
34.0,7,3,14,2452
34.0,7,3,15,2460
34.0,7,4,0,2356
34.0,7,4,1,2364
34.0,7,4,2,2371
34.0,7,4,3,2379
34.0,7,4,4,2387
34.0,7,4,5,2394
34.0,7,4,6,2402
34.0,7,4,7,2409
34.0,7,4,8,2416
34.0,7,4,9,2424
34.0,7,4,10,2431
34.0,7,4,11,2439
34.0,7,4,12,2446
34.0,7,4,13,2453
34.0,7,4,14,2460
34.0,7,4,15,2468
34.0,7,5,0,2364
34.0,7,5,1,2372
34.0,7,5,2,2379
34.0,7,5,3,2387
34.0,7,5,4,2394
34.0,7,5,5,2402
34.0,7,5,6,2409
34.0,7,5,7,2417
34.0,7,5,8,2424
34.0,7,5,9,2432
34.0,7,5,10,2439
34.0,7,5,11,2446
34.0,7,5,12,2454
34.0,7,5,13,2461
34.0,7,5,14,2468
34.0,7,5,15,2476
34.0,7,6,0,2372
34.0,7,6,1,2379
34.0,7,6,2,2387
34.0,7,6,3,2395
34.0,7,6,4,2402
34.0,7,6,5,2410
34.0,7,6,6,2417
34.0,7,6,7,2425
34.0,7,6,8,2432
34.0,7,6,9,2440
34.0,7,6,10,2447
34.0,7,6,11,2454
34.0,7,6,12,2462
34.0,7,6,13,2469
34.0,7,6,14,2477
34.0,7,6,15,2484
34.0,7,7,0,2379
34.0,7,7,1,2387
34.0,7,7,2,2395
34.0,7,7,3,2402
34.0,7,7,4,2410
34.0,7,7,5,2417
34.0,7,7,6,2425
34.0,7,7,7,2432
34.0,7,7,8,2440
34.0,7,7,9,2447
34.0,7,7,10,2455
34.0,7,7,11,2462
34.0,7,7,12,2470
34.0,7,7,13,2477
34.0,7,7,14,2484
34.0,7,7,15,2492
34.0,7,8,0,2387
34.0,7,8,1,2395
34.0,7,8,2,2402
34.0,7,8,3,2410
34.0,7,8,4,2418
34.0,7,8,5,2425
34.0,7,8,6,2433
34.0,7,8,7,2440
34.0,7,8,8,2448
34.0,7,8,9,2455
34.0,7,8,10,2463
34.0,7,8,11,2470
34.0,7,8,12,2478
34.0,7,8,13,2485
34.0,7,8,14,2492
34.0,7,8,15,2500
34.0,7,9,0,2395
34.0,7,9,1,2402
34.0,7,9,2,2410
34.0,7,9,3,2418
34.0,7,9,4,2425
34.0,7,9,5,2433
34.0,7,9,6,2440
34.0,7,9,7,2448
34.0,7,9,8,2456
34.0,7,9,9,2463
34.0,7,9,10,2471
34.0,7,9,11,2478
34.0,7,9,12,2486
34.0,7,9,13,2493
34.0,7,9,14,2500
34.0,7,9,15,2508
34.0,7,10,0,2402
34.0,7,10,1,2410
34.0,7,10,2,2418
34.0,7,10,3,2425
34.0,7,10,4,2433
34.0,7,10,5,2441
34.0,7,10,6,2448
34.0,7,10,7,2456
34.0,7,10,8,2463
34.0,7,10,9,2471
34.0,7,10,10,2478
34.0,7,10,11,2486
34.0,7,10,12,2493
34.0,7,10,13,2501
34.0,7,10,14,2508
34.0,7,10,15,2516
34.0,7,11,0,2410
34.0,7,11,1,2417
34.0,7,11,2,2425
34.0,7,11,3,2433
34.0,7,11,4,2441
34.0,7,11,5,2448
34.0,7,11,6,2456
34.0,7,11,7,2463
34.0,7,11,8,2471
34.0,7,11,9,2479
34.0,7,11,10,2486
34.0,7,11,11,2494
34.0,7,11,12,2501
34.0,7,11,13,2509
34.0,7,11,14,2516
34.0,7,11,15,2524
34.0,7,12,0,2417
34.0,7,12,1,2425
34.0,7,12,2,2433
34.0,7,12,3,2440
34.0,7,12,4,2448
34.0,7,12,5,2456
34.0,7,12,6,2464
34.0,7,12,7,2471
34.0,7,12,8,2479
34.0,7,12,9,2486
34.0,7,12,10,2494
34.0,7,12,11,2501
34.0,7,12,12,2509
34.0,7,12,13,2517
34.0,7,12,14,2524
34.0,7,12,15,2531
34.0,7,13,0,2425
34.0,7,13,1,2432
34.0,7,13,2,2440
34.0,7,13,3,2448
34.0,7,13,4,2456
34.0,7,13,5,2463
34.0,7,13,6,2471
34.0,7,13,7,2479
34.0,7,13,8,2486
34.0,7,13,9,2494
34.0,7,13,10,2502
34.0,7,13,11,2509
34.0,7,13,12,2517
34.0,7,13,13,2524
34.0,7,13,14,2532
34.0,7,13,15,2539
34.0,7,14,0,2432
34.0,7,14,1,2440
34.0,7,14,2,2448
34.0,7,14,3,2456
34.0,7,14,4,2463
34.0,7,14,5,2471
34.0,7,14,6,2479
34.0,7,14,7,2486
34.0,7,14,8,2494
34.0,7,14,9,2502
34.0,7,14,10,2509
34.0,7,14,11,2517
34.0,7,14,12,2525
34.0,7,14,13,2532
34.0,7,14,14,2540
34.0,7,14,15,2547
34.0,7,15,0,2440
34.0,7,15,1,2447
34.0,7,15,2,2455
34.0,7,15,3,2463
34.0,7,15,4,2471
34.0,7,15,5,2479
34.0,7,15,6,2486
34.0,7,15,7,2494
34.0,7,15,8,2502
34.0,7,15,9,2509
34.0,7,15,10,2517
34.0,7,15,11,2525
34.0,7,15,12,2532
34.0,7,15,13,2540
34.0,7,15,14,2547
34.0,7,15,15,2555
34.0,8,0,0,2334
34.0,8,0,1,2342
34.0,8,0,2,2349
34.0,8,0,3,2356
34.0,8,0,4,2364
34.0,8,0,5,2371
34.0,8,0,6,2379
34.0,8,0,7,2386
34.0,8,0,8,2393
34.0,8,0,9,2401
34.0,8,0,10,2408
34.0,8,0,11,2415
34.0,8,0,12,2423
34.0,8,0,13,2430
34.0,8,0,14,2437
34.0,8,0,15,2444
34.0,8,1,0,2342
34.0,8,1,1,2349
34.0,8,1,2,2357
34.0,8,1,3,2364
34.0,8,1,4,2372
34.0,8,1,5,2379
34.0,8,1,6,2387
34.0,8,1,7,2394
34.0,8,1,8,2402
34.0,8,1,9,2409
34.0,8,1,10,2416
34.0,8,1,11,2424
34.0,8,1,12,2431
34.0,8,1,13,2438
34.0,8,1,14,2445
34.0,8,1,15,2453
34.0,8,2,0,2350
34.0,8,2,1,2357
34.0,8,2,2,2365
34.0,8,2,3,2372
34.0,8,2,4,2380
34.0,8,2,5,2387
34.0,8,2,6,2395
34.0,8,2,7,2402
34.0,8,2,8,2409
34.0,8,2,9,2417
34.0,8,2,10,2424
34.0,8,2,11,2432
34.0,8,2,12,2439
34.0,8,2,13,2446
34.0,8,2,14,2453
34.0,8,2,15,2461
34.0,8,3,0,2357
34.0,8,3,1,2365
34.0,8,3,2,2373
34.0,8,3,3,2380
34.0,8,3,4,2388
34.0,8,3,5,2395
34.0,8,3,6,2403
34.0,8,3,7,2410
34.0,8,3,8,2417
34.0,8,3,9,2425
34.0,8,3,10,2432
34.0,8,3,11,2440
34.0,8,3,12,2447
34.0,8,3,13,2454
34.0,8,3,14,2462
34.0,8,3,15,2469
34.0,8,4,0,2365
34.0,8,4,1,2373
34.0,8,4,2,2380
34.0,8,4,3,2388
34.0,8,4,4,2395
34.0,8,4,5,2403
34.0,8,4,6,2410
34.0,8,4,7,2418
34.0,8,4,8,2425
34.0,8,4,9,2433
34.0,8,4,10,2440
34.0,8,4,11,2448
34.0,8,4,12,2455
34.0,8,4,13,2462
34.0,8,4,14,2470
34.0,8,4,15,2477
34.0,8,5,0,2373
34.0,8,5,1,2380
34.0,8,5,2,2388
34.0,8,5,3,2396
34.0,8,5,4,2403
34.0,8,5,5,2411
34.0,8,5,6,2418
34.0,8,5,7,2426
34.0,8,5,8,2433
34.0,8,5,9,2441
34.0,8,5,10,2448
34.0,8,5,11,2456
34.0,8,5,12,2463
34.0,8,5,13,2470
34.0,8,5,14,2478
34.0,8,5,15,2485
34.0,8,6,0,2381
34.0,8,6,1,2388
34.0,8,6,2,2396
34.0,8,6,3,2403
34.0,8,6,4,2411
34.0,8,6,5,2419
34.0,8,6,6,2426
34.0,8,6,7,2434
34.0,8,6,8,2441
34.0,8,6,9,2449
34.0,8,6,10,2456
34.0,8,6,11,2464
34.0,8,6,12,2471
34.0,8,6,13,2478
34.0,8,6,14,2486
34.0,8,6,15,2493
34.0,8,7,0,2388
34.0,8,7,1,2396
34.0,8,7,2,2404
34.0,8,7,3,2411
34.0,8,7,4,2419
34.0,8,7,5,2426
34.0,8,7,6,2434
34.0,8,7,7,2442
34.0,8,7,8,2449
34.0,8,7,9,2457
34.0,8,7,10,2464
34.0,8,7,11,2472
34.0,8,7,12,2479
34.0,8,7,13,2486
34.0,8,7,14,2494
34.0,8,7,15,2501
34.0,8,8,0,2396
34.0,8,8,1,2404
34.0,8,8,2,2411
34.0,8,8,3,2419
34.0,8,8,4,2427
34.0,8,8,5,2434
34.0,8,8,6,2442
34.0,8,8,7,2449
34.0,8,8,8,2457
34.0,8,8,9,2464
34.0,8,8,10,2472
34.0,8,8,11,2479
34.0,8,8,12,2487
34.0,8,8,13,2494
34.0,8,8,14,2502
34.0,8,8,15,2509
34.0,8,9,0,2403
34.0,8,9,1,2411
34.0,8,9,2,2419
34.0,8,9,3,2427
34.0,8,9,4,2434
34.0,8,9,5,2442
34.0,8,9,6,2450
34.0,8,9,7,2457
34.0,8,9,8,2465
34.0,8,9,9,2472
34.0,8,9,10,2480
34.0,8,9,11,2487
34.0,8,9,12,2495
34.0,8,9,13,2502
34.0,8,9,14,2510
34.0,8,9,15,2517
34.0,8,10,0,2411
34.0,8,10,1,2419
34.0,8,10,2,2427
34.0,8,10,3,2434
34.0,8,10,4,2442
34.0,8,10,5,2450
34.0,8,10,6,2457
34.0,8,10,7,2465
34.0,8,10,8,2473
34.0,8,10,9,2480
34.0,8,10,10,2488
34.0,8,10,11,2495
34.0,8,10,12,2503
34.0,8,10,13,2510
34.0,8,10,14,2518
34.0,8,10,15,2525
34.0,8,11,0,2419
34.0,8,11,1,2426
34.0,8,11,2,2434
34.0,8,11,3,2442
34.0,8,11,4,2450
34.0,8,11,5,2457
34.0,8,11,6,2465
34.0,8,11,7,2473
34.0,8,11,8,2480
34.0,8,11,9,2488
34.0,8,11,10,2495
34.0,8,11,11,2503
34.0,8,11,12,2511
34.0,8,11,13,2518
34.0,8,11,14,2526
34.0,8,11,15,2533
34.0,8,12,0,2426
34.0,8,12,1,2434
34.0,8,12,2,2442
34.0,8,12,3,2450
34.0,8,12,4,2457
34.0,8,12,5,2465
34.0,8,12,6,2473
34.0,8,12,7,2480
34.0,8,12,8,2488
34.0,8,12,9,2496
34.0,8,12,10,2503
34.0,8,12,11,2511
34.0,8,12,12,2518
34.0,8,12,13,2526
34.0,8,12,14,2533
34.0,8,12,15,2541
34.0,8,13,0,2434
34.0,8,13,1,2442
34.0,8,13,2,2449
34.0,8,13,3,2457
34.0,8,13,4,2465
34.0,8,13,5,2473
34.0,8,13,6,2480
34.0,8,13,7,2488
34.0,8,13,8,2496
34.0,8,13,9,2503
34.0,8,13,10,2511
34.0,8,13,11,2519
34.0,8,13,12,2526
34.0,8,13,13,2534
34.0,8,13,14,2541
34.0,8,13,15,2549
34.0,8,14,0,2441
34.0,8,14,1,2449
34.0,8,14,2,2457
34.0,8,14,3,2465
34.0,8,14,4,2473
34.0,8,14,5,2480
34.0,8,14,6,2488
34.0,8,14,7,2496
34.0,8,14,8,2503
34.0,8,14,9,2511
34.0,8,14,10,2519
34.0,8,14,11,2526
34.0,8,14,12,2534
34.0,8,14,13,2542
34.0,8,14,14,2549
34.0,8,14,15,2557
34.0,8,15,0,2449
34.0,8,15,1,2457
34.0,8,15,2,2464
34.0,8,15,3,2472
34.0,8,15,4,2480
34.0,8,15,5,2488
34.0,8,15,6,2496
34.0,8,15,7,2503
34.0,8,15,8,2511
34.0,8,15,9,2519
34.0,8,15,10,2526
34.0,8,15,11,2534
34.0,8,15,12,2542
34.0,8,15,13,2549
34.0,8,15,14,2557
34.0,8,15,15,2564
34.0,9,0,0,2343
34.0,9,0,1,2350
34.0,9,0,2,2358
34.0,9,0,3,2365
34.0,9,0,4,2373
34.0,9,0,5,2380
34.0,9,0,6,2388
34.0,9,0,7,2395
34.0,9,0,8,2402
34.0,9,0,9,2410
34.0,9,0,10,2417
34.0,9,0,11,2424
34.0,9,0,12,2432
34.0,9,0,13,2439
34.0,9,0,14,2446
34.0,9,0,15,2453
34.0,9,1,0,2351
34.0,9,1,1,2358
34.0,9,1,2,2366
34.0,9,1,3,2373
34.0,9,1,4,2381
34.0,9,1,5,2388
34.0,9,1,6,2396
34.0,9,1,7,2403
34.0,9,1,8,2410
34.0,9,1,9,2418
34.0,9,1,10,2425
34.0,9,1,11,2433
34.0,9,1,12,2440
34.0,9,1,13,2447
34.0,9,1,14,2454
34.0,9,1,15,2462
34.0,9,2,0,2358
34.0,9,2,1,2366
34.0,9,2,2,2374
34.0,9,2,3,2381
34.0,9,2,4,2389
34.0,9,2,5,2396
34.0,9,2,6,2404
34.0,9,2,7,2411
34.0,9,2,8,2418
34.0,9,2,9,2426
34.0,9,2,10,2433
34.0,9,2,11,2441
34.0,9,2,12,2448
34.0,9,2,13,2455
34.0,9,2,14,2463
34.0,9,2,15,2470
34.0,9,3,0,2366
34.0,9,3,1,2374
34.0,9,3,2,2381
34.0,9,3,3,2389
34.0,9,3,4,2396
34.0,9,3,5,2404
34.0,9,3,6,2412
34.0,9,3,7,2419
34.0,9,3,8,2426
34.0,9,3,9,2434
34.0,9,3,10,2441
34.0,9,3,11,2449
34.0,9,3,12,2456
34.0,9,3,13,2463
34.0,9,3,14,2471
34.0,9,3,15,2478
34.0,9,4,0,2374
34.0,9,4,1,2382
34.0,9,4,2,2389
34.0,9,4,3,2397
34.0,9,4,4,2404
34.0,9,4,5,2412
34.0,9,4,6,2419
34.0,9,4,7,2427
34.0,9,4,8,2434
34.0,9,4,9,2442
34.0,9,4,10,2449
34.0,9,4,11,2457
34.0,9,4,12,2464
34.0,9,4,13,2471
34.0,9,4,14,2479
34.0,9,4,15,2486
34.0,9,5,0,2382
34.0,9,5,1,2389
34.0,9,5,2,2397
34.0,9,5,3,2405
34.0,9,5,4,2412
34.0,9,5,5,2420
34.0,9,5,6,2427
34.0,9,5,7,2435
34.0,9,5,8,2442
34.0,9,5,9,2450
34.0,9,5,10,2457
34.0,9,5,11,2465
34.0,9,5,12,2472
34.0,9,5,13,2480
34.0,9,5,14,2487
34.0,9,5,15,2494
34.0,9,6,0,2389
34.0,9,6,1,2397
34.0,9,6,2,2405
34.0,9,6,3,2412
34.0,9,6,4,2420
34.0,9,6,5,2428
34.0,9,6,6,2435
34.0,9,6,7,2443
34.0,9,6,8,2450
34.0,9,6,9,2458
34.0,9,6,10,2465
34.0,9,6,11,2473
34.0,9,6,12,2480
34.0,9,6,13,2488
34.0,9,6,14,2495
34.0,9,6,15,2502
34.0,9,7,0,2397
34.0,9,7,1,2405
34.0,9,7,2,2413
34.0,9,7,3,2420
34.0,9,7,4,2428
34.0,9,7,5,2435
34.0,9,7,6,2443
34.0,9,7,7,2451
34.0,9,7,8,2458
34.0,9,7,9,2466
34.0,9,7,10,2473
34.0,9,7,11,2481
34.0,9,7,12,2488
34.0,9,7,13,2496
34.0,9,7,14,2503
34.0,9,7,15,2510
34.0,9,8,0,2405
34.0,9,8,1,2413
34.0,9,8,2,2420
34.0,9,8,3,2428
34.0,9,8,4,2436
34.0,9,8,5,2443
34.0,9,8,6,2451
34.0,9,8,7,2458
34.0,9,8,8,2466
34.0,9,8,9,2474
34.0,9,8,10,2481
34.0,9,8,11,2489
34.0,9,8,12,2496
34.0,9,8,13,2504
34.0,9,8,14,2511
34.0,9,8,15,2518
34.0,9,9,0,2412
34.0,9,9,1,2420
34.0,9,9,2,2428
34.0,9,9,3,2436
34.0,9,9,4,2443
34.0,9,9,5,2451
34.0,9,9,6,2459
34.0,9,9,7,2466
34.0,9,9,8,2474
34.0,9,9,9,2481
34.0,9,9,10,2489
34.0,9,9,11,2497
34.0,9,9,12,2504
34.0,9,9,13,2512
34.0,9,9,14,2519
34.0,9,9,15,2526
34.0,9,10,0,2420
34.0,9,10,1,2428
34.0,9,10,2,2436
34.0,9,10,3,2443
34.0,9,10,4,2451
34.0,9,10,5,2459
34.0,9,10,6,2466
34.0,9,10,7,2474
34.0,9,10,8,2482
34.0,9,10,9,2489
34.0,9,10,10,2497
34.0,9,10,11,2504
34.0,9,10,12,2512
34.0,9,10,13,2519
34.0,9,10,14,2527
34.0,9,10,15,2534
34.0,9,11,0,2428
34.0,9,11,1,2435
34.0,9,11,2,2443
34.0,9,11,3,2451
34.0,9,11,4,2459
34.0,9,11,5,2466
34.0,9,11,6,2474
34.0,9,11,7,2482
34.0,9,11,8,2490
34.0,9,11,9,2497
34.0,9,11,10,2505
34.0,9,11,11,2512
34.0,9,11,12,2520
34.0,9,11,13,2527
34.0,9,11,14,2535
34.0,9,11,15,2542
34.0,9,12,0,2435
34.0,9,12,1,2443
34.0,9,12,2,2451
34.0,9,12,3,2459
34.0,9,12,4,2466
34.0,9,12,5,2474
34.0,9,12,6,2482
34.0,9,12,7,2490
34.0,9,12,8,2497
34.0,9,12,9,2505
34.0,9,12,10,2513
34.0,9,12,11,2520
34.0,9,12,12,2528
34.0,9,12,13,2535
34.0,9,12,14,2543
34.0,9,12,15,2550
34.0,9,13,0,2443
34.0,9,13,1,2451
34.0,9,13,2,2458
34.0,9,13,3,2466
34.0,9,13,4,2474
34.0,9,13,5,2482
34.0,9,13,6,2490
34.0,9,13,7,2497
34.0,9,13,8,2505
34.0,9,13,9,2513
34.0,9,13,10,2520
34.0,9,13,11,2528
34.0,9,13,12,2536
34.0,9,13,13,2543
34.0,9,13,14,2551
34.0,9,13,15,2558
34.0,9,14,0,2450
34.0,9,14,1,2458
34.0,9,14,2,2466
34.0,9,14,3,2474
34.0,9,14,4,2482
34.0,9,14,5,2490
34.0,9,14,6,2497
34.0,9,14,7,2505
34.0,9,14,8,2513
34.0,9,14,9,2520
34.0,9,14,10,2528
34.0,9,14,11,2536
34.0,9,14,12,2543
34.0,9,14,13,2551
34.0,9,14,14,2559
34.0,9,14,15,2566
34.0,9,15,0,2458
34.0,9,15,1,2466
34.0,9,15,2,2474
34.0,9,15,3,2481
34.0,9,15,4,2489
34.0,9,15,5,2497
34.0,9,15,6,2505
34.0,9,15,7,2513
34.0,9,15,8,2520
34.0,9,15,9,2528
34.0,9,15,10,2536
34.0,9,15,11,2544
34.0,9,15,12,2551
34.0,9,15,13,2559
34.0,9,15,14,2566
34.0,9,15,15,2574
34.0,10,0,0,2351
34.0,10,0,1,2359
34.0,10,0,2,2366
34.0,10,0,3,2374
34.0,10,0,4,2382
34.0,10,0,5,2389
34.0,10,0,6,2396
34.0,10,0,7,2404
34.0,10,0,8,2411
34.0,10,0,9,2419
34.0,10,0,10,2426
34.0,10,0,11,2433
34.0,10,0,12,2441
34.0,10,0,13,2448
34.0,10,0,14,2455
34.0,10,0,15,2463
34.0,10,1,0,2359
34.0,10,1,1,2367
34.0,10,1,2,2374
34.0,10,1,3,2382
34.0,10,1,4,2389
34.0,10,1,5,2397
34.0,10,1,6,2404
34.0,10,1,7,2412
34.0,10,1,8,2419
34.0,10,1,9,2427
34.0,10,1,10,2434
34.0,10,1,11,2442
34.0,10,1,12,2449
34.0,10,1,13,2456
34.0,10,1,14,2463
34.0,10,1,15,2471
34.0,10,2,0,2367
34.0,10,2,1,2375
34.0,10,2,2,2382
34.0,10,2,3,2390
34.0,10,2,4,2397
34.0,10,2,5,2405
34.0,10,2,6,2412
34.0,10,2,7,2420
34.0,10,2,8,2427
34.0,10,2,9,2435
34.0,10,2,10,2442
34.0,10,2,11,2450
34.0,10,2,12,2457
34.0,10,2,13,2464
34.0,10,2,14,2472
34.0,10,2,15,2479
34.0,10,3,0,2375
34.0,10,3,1,2383
34.0,10,3,2,2390
34.0,10,3,3,2398
34.0,10,3,4,2405
34.0,10,3,5,2413
34.0,10,3,6,2420
34.0,10,3,7,2428
34.0,10,3,8,2435
34.0,10,3,9,2443
34.0,10,3,10,2450
34.0,10,3,11,2458
34.0,10,3,12,2465
34.0,10,3,13,2473
34.0,10,3,14,2480
34.0,10,3,15,2487
34.0,10,4,0,2383
34.0,10,4,1,2390
34.0,10,4,2,2398
34.0,10,4,3,2406
34.0,10,4,4,2413
34.0,10,4,5,2421
34.0,10,4,6,2428
34.0,10,4,7,2436
34.0,10,4,8,2443
34.0,10,4,9,2451
34.0,10,4,10,2458
34.0,10,4,11,2466
34.0,10,4,12,2473
34.0,10,4,13,2481
34.0,10,4,14,2488
34.0,10,4,15,2495
34.0,10,5,0,2390
34.0,10,5,1,2398
34.0,10,5,2,2406
34.0,10,5,3,2414
34.0,10,5,4,2421
34.0,10,5,5,2429
34.0,10,5,6,2436
34.0,10,5,7,2444
34.0,10,5,8,2451
34.0,10,5,9,2459
34.0,10,5,10,2466
34.0,10,5,11,2474
34.0,10,5,12,2481
34.0,10,5,13,2489
34.0,10,5,14,2496
34.0,10,5,15,2504
34.0,10,6,0,2398
34.0,10,6,1,2406
34.0,10,6,2,2414
34.0,10,6,3,2421
34.0,10,6,4,2429
34.0,10,6,5,2437
34.0,10,6,6,2444
34.0,10,6,7,2452
34.0,10,6,8,2459
34.0,10,6,9,2467
34.0,10,6,10,2474
34.0,10,6,11,2482
34.0,10,6,12,2489
34.0,10,6,13,2497
34.0,10,6,14,2504
34.0,10,6,15,2512
34.0,10,7,0,2406
34.0,10,7,1,2414
34.0,10,7,2,2421
34.0,10,7,3,2429
34.0,10,7,4,2437
34.0,10,7,5,2444
34.0,10,7,6,2452
34.0,10,7,7,2460
34.0,10,7,8,2467
34.0,10,7,9,2475
34.0,10,7,10,2482
34.0,10,7,11,2490
34.0,10,7,12,2497
34.0,10,7,13,2505
34.0,10,7,14,2512
34.0,10,7,15,2520
34.0,10,8,0,2414
34.0,10,8,1,2421
34.0,10,8,2,2429
34.0,10,8,3,2437
34.0,10,8,4,2445
34.0,10,8,5,2452
34.0,10,8,6,2460
34.0,10,8,7,2468
34.0,10,8,8,2475
34.0,10,8,9,2483
34.0,10,8,10,2490
34.0,10,8,11,2498
34.0,10,8,12,2505
34.0,10,8,13,2513
34.0,10,8,14,2520
34.0,10,8,15,2528
34.0,10,9,0,2421
34.0,10,9,1,2429
34.0,10,9,2,2437
34.0,10,9,3,2445
34.0,10,9,4,2452
34.0,10,9,5,2460
34.0,10,9,6,2468
34.0,10,9,7,2475
34.0,10,9,8,2483
34.0,10,9,9,2491
34.0,10,9,10,2498
34.0,10,9,11,2506
34.0,10,9,12,2513
34.0,10,9,13,2521
34.0,10,9,14,2528
34.0,10,9,15,2536
34.0,10,10,0,2429
34.0,10,10,1,2437
34.0,10,10,2,2445
34.0,10,10,3,2452
34.0,10,10,4,2460
34.0,10,10,5,2468
34.0,10,10,6,2476
34.0,10,10,7,2483
34.0,10,10,8,2491
34.0,10,10,9,2499
34.0,10,10,10,2506
34.0,10,10,11,2514
34.0,10,10,12,2521
34.0,10,10,13,2529
34.0,10,10,14,2536
34.0,10,10,15,2544
34.0,10,11,0,2437
34.0,10,11,1,2444
34.0,10,11,2,2452
34.0,10,11,3,2460
34.0,10,11,4,2468
34.0,10,11,5,2476
34.0,10,11,6,2483
34.0,10,11,7,2491
34.0,10,11,8,2499
34.0,10,11,9,2506
34.0,10,11,10,2514
34.0,10,11,11,2522
34.0,10,11,12,2529
34.0,10,11,13,2537
34.0,10,11,14,2544
34.0,10,11,15,2552
34.0,10,12,0,2444
34.0,10,12,1,2452
34.0,10,12,2,2460
34.0,10,12,3,2468
34.0,10,12,4,2476
34.0,10,12,5,2483
34.0,10,12,6,2491
34.0,10,12,7,2499
34.0,10,12,8,2507
34.0,10,12,9,2514
34.0,10,12,10,2522
34.0,10,12,11,2529
34.0,10,12,12,2537
34.0,10,12,13,2545
34.0,10,12,14,2552
34.0,10,12,15,2560
34.0,10,13,0,2452
34.0,10,13,1,2460
34.0,10,13,2,2468
34.0,10,13,3,2475
34.0,10,13,4,2483
34.0,10,13,5,2491
34.0,10,13,6,2499
34.0,10,13,7,2507
34.0,10,13,8,2514
34.0,10,13,9,2522
34.0,10,13,10,2530
34.0,10,13,11,2537
34.0,10,13,12,2545
34.0,10,13,13,2553
34.0,10,13,14,2560
34.0,10,13,15,2568
34.0,10,14,0,2459
34.0,10,14,1,2467
34.0,10,14,2,2475
34.0,10,14,3,2483
34.0,10,14,4,2491
34.0,10,14,5,2499
34.0,10,14,6,2507
34.0,10,14,7,2514
34.0,10,14,8,2522
34.0,10,14,9,2530
34.0,10,14,10,2537
34.0,10,14,11,2545
34.0,10,14,12,2553
34.0,10,14,13,2560
34.0,10,14,14,2568
34.0,10,14,15,2576
34.0,10,15,0,2467
34.0,10,15,1,2475
34.0,10,15,2,2483
34.0,10,15,3,2491
34.0,10,15,4,2499
34.0,10,15,5,2506
34.0,10,15,6,2514
34.0,10,15,7,2522
34.0,10,15,8,2530
34.0,10,15,9,2538
34.0,10,15,10,2545
34.0,10,15,11,2553
34.0,10,15,12,2561
34.0,10,15,13,2568
34.0,10,15,14,2576
34.0,10,15,15,2584
34.0,11,0,0,2360
34.0,11,0,1,2368
34.0,11,0,2,2375
34.0,11,0,3,2383
34.0,11,0,4,2390
34.0,11,0,5,2398
34.0,11,0,6,2405
34.0,11,0,7,2413
34.0,11,0,8,2420
34.0,11,0,9,2428
34.0,11,0,10,2435
34.0,11,0,11,2442
34.0,11,0,12,2450
34.0,11,0,13,2457
34.0,11,0,14,2464
34.0,11,0,15,2472
34.0,11,1,0,2368
34.0,11,1,1,2376
34.0,11,1,2,2383
34.0,11,1,3,2391
34.0,11,1,4,2398
34.0,11,1,5,2406
34.0,11,1,6,2413
34.0,11,1,7,2421
34.0,11,1,8,2428
34.0,11,1,9,2436
34.0,11,1,10,2443
34.0,11,1,11,2451
34.0,11,1,12,2458
34.0,11,1,13,2465
34.0,11,1,14,2473
34.0,11,1,15,2480
34.0,11,2,0,2376
34.0,11,2,1,2383
34.0,11,2,2,2391
34.0,11,2,3,2399
34.0,11,2,4,2406
34.0,11,2,5,2414
34.0,11,2,6,2421
34.0,11,2,7,2429
34.0,11,2,8,2436
34.0,11,2,9,2444
34.0,11,2,10,2451
34.0,11,2,11,2459
34.0,11,2,12,2466
34.0,11,2,13,2473
34.0,11,2,14,2481
34.0,11,2,15,2488
34.0,11,3,0,2384
34.0,11,3,1,2391
34.0,11,3,2,2399
34.0,11,3,3,2407
34.0,11,3,4,2414
34.0,11,3,5,2422
34.0,11,3,6,2429
34.0,11,3,7,2437
34.0,11,3,8,2444
34.0,11,3,9,2452
34.0,11,3,10,2459
34.0,11,3,11,2467
34.0,11,3,12,2474
34.0,11,3,13,2482
34.0,11,3,14,2489
34.0,11,3,15,2496
34.0,11,4,0,2392
34.0,11,4,1,2399
34.0,11,4,2,2407
34.0,11,4,3,2415
34.0,11,4,4,2422
34.0,11,4,5,2430
34.0,11,4,6,2437
34.0,11,4,7,2445
34.0,11,4,8,2452
34.0,11,4,9,2460
34.0,11,4,10,2467
34.0,11,4,11,2475
34.0,11,4,12,2482
34.0,11,4,13,2490
34.0,11,4,14,2497
34.0,11,4,15,2505
34.0,11,5,0,2399
34.0,11,5,1,2407
34.0,11,5,2,2415
34.0,11,5,3,2422
34.0,11,5,4,2430
34.0,11,5,5,2438
34.0,11,5,6,2445
34.0,11,5,7,2453
34.0,11,5,8,2460
34.0,11,5,9,2468
34.0,11,5,10,2476
34.0,11,5,11,2483
34.0,11,5,12,2490
34.0,11,5,13,2498
34.0,11,5,14,2505
34.0,11,5,15,2513
34.0,11,6,0,2407
34.0,11,6,1,2415
34.0,11,6,2,2423
34.0,11,6,3,2430
34.0,11,6,4,2438
34.0,11,6,5,2446
34.0,11,6,6,2453
34.0,11,6,7,2461
34.0,11,6,8,2468
34.0,11,6,9,2476
34.0,11,6,10,2484
34.0,11,6,11,2491
34.0,11,6,12,2499
34.0,11,6,13,2506
34.0,11,6,14,2513
34.0,11,6,15,2521
34.0,11,7,0,2415
34.0,11,7,1,2423
34.0,11,7,2,2430
34.0,11,7,3,2438
34.0,11,7,4,2446
34.0,11,7,5,2453
34.0,11,7,6,2461
34.0,11,7,7,2469
34.0,11,7,8,2476
34.0,11,7,9,2484
34.0,11,7,10,2492
34.0,11,7,11,2499
34.0,11,7,12,2507
34.0,11,7,13,2514
34.0,11,7,14,2522
34.0,11,7,15,2529
34.0,11,8,0,2423
34.0,11,8,1,2430
34.0,11,8,2,2438
34.0,11,8,3,2446
34.0,11,8,4,2454
34.0,11,8,5,2461
34.0,11,8,6,2469
34.0,11,8,7,2477
34.0,11,8,8,2484
34.0,11,8,9,2492
34.0,11,8,10,2500
34.0,11,8,11,2507
34.0,11,8,12,2515
34.0,11,8,13,2522
34.0,11,8,14,2530
34.0,11,8,15,2537
34.0,11,9,0,2430
34.0,11,9,1,2438
34.0,11,9,2,2446
34.0,11,9,3,2454
34.0,11,9,4,2461
34.0,11,9,5,2469
34.0,11,9,6,2477
34.0,11,9,7,2485
34.0,11,9,8,2492
34.0,11,9,9,2500
34.0,11,9,10,2507
34.0,11,9,11,2515
34.0,11,9,12,2523
34.0,11,9,13,2530
34.0,11,9,14,2538
34.0,11,9,15,2545
34.0,11,10,0,2438
34.0,11,10,1,2446
34.0,11,10,2,2454
34.0,11,10,3,2461
34.0,11,10,4,2469
34.0,11,10,5,2477
34.0,11,10,6,2485
34.0,11,10,7,2492
34.0,11,10,8,2500
34.0,11,10,9,2508
34.0,11,10,10,2515
34.0,11,10,11,2523
34.0,11,10,12,2531
34.0,11,10,13,2538
34.0,11,10,14,2546
34.0,11,10,15,2553
34.0,11,11,0,2446
34.0,11,11,1,2453
34.0,11,11,2,2461
34.0,11,11,3,2469
34.0,11,11,4,2477
34.0,11,11,5,2485
34.0,11,11,6,2493
34.0,11,11,7,2500
34.0,11,11,8,2508
34.0,11,11,9,2516
34.0,11,11,10,2523
34.0,11,11,11,2531
34.0,11,11,12,2539
34.0,11,11,13,2546
34.0,11,11,14,2554
34.0,11,11,15,2561
34.0,11,12,0,2453
34.0,11,12,1,2461
34.0,11,12,2,2469
34.0,11,12,3,2477
34.0,11,12,4,2485
34.0,11,12,5,2493
34.0,11,12,6,2500
34.0,11,12,7,2508
34.0,11,12,8,2516
34.0,11,12,9,2523
34.0,11,12,10,2531
34.0,11,12,11,2539
34.0,11,12,12,2546
34.0,11,12,13,2554
34.0,11,12,14,2562
34.0,11,12,15,2569
34.0,11,13,0,2461
34.0,11,13,1,2469
34.0,11,13,2,2477
34.0,11,13,3,2485
34.0,11,13,4,2492
34.0,11,13,5,2500
34.0,11,13,6,2508
34.0,11,13,7,2516
34.0,11,13,8,2524
34.0,11,13,9,2531
34.0,11,13,10,2539
34.0,11,13,11,2547
34.0,11,13,12,2554
34.0,11,13,13,2562
34.0,11,13,14,2570
34.0,11,13,15,2577
34.0,11,14,0,2468
34.0,11,14,1,2476
34.0,11,14,2,2484
34.0,11,14,3,2492
34.0,11,14,4,2500
34.0,11,14,5,2508
34.0,11,14,6,2516
34.0,11,14,7,2524
34.0,11,14,8,2531
34.0,11,14,9,2539
34.0,11,14,10,2547
34.0,11,14,11,2555
34.0,11,14,12,2562
34.0,11,14,13,2570
34.0,11,14,14,2578
34.0,11,14,15,2585
34.0,11,15,0,2476
34.0,11,15,1,2484
34.0,11,15,2,2492
34.0,11,15,3,2500
34.0,11,15,4,2508
34.0,11,15,5,2516
34.0,11,15,6,2523
34.0,11,15,7,2531
34.0,11,15,8,2539
34.0,11,15,9,2547
34.0,11,15,10,2555
34.0,11,15,11,2562
34.0,11,15,12,2570
34.0,11,15,13,2578
34.0,11,15,14,2585
34.0,11,15,15,2593
34.0,12,0,0,2369
34.0,12,0,1,2376
34.0,12,0,2,2384
34.0,12,0,3,2392
34.0,12,0,4,2399
34.0,12,0,5,2407
34.0,12,0,6,2414
34.0,12,0,7,2422
34.0,12,0,8,2429
34.0,12,0,9,2437
34.0,12,0,10,2444
34.0,12,0,11,2451
34.0,12,0,12,2459
34.0,12,0,13,2466
34.0,12,0,14,2473
34.0,12,0,15,2481
34.0,12,1,0,2377
34.0,12,1,1,2384
34.0,12,1,2,2392
34.0,12,1,3,2400
34.0,12,1,4,2407
34.0,12,1,5,2415
34.0,12,1,6,2422
34.0,12,1,7,2430
34.0,12,1,8,2437
34.0,12,1,9,2445
34.0,12,1,10,2452
34.0,12,1,11,2460
34.0,12,1,12,2467
34.0,12,1,13,2474
34.0,12,1,14,2482
34.0,12,1,15,2489
34.0,12,2,0,2385
34.0,12,2,1,2392
34.0,12,2,2,2400
34.0,12,2,3,2408
34.0,12,2,4,2415
34.0,12,2,5,2423
34.0,12,2,6,2430
34.0,12,2,7,2438
34.0,12,2,8,2445
34.0,12,2,9,2453
34.0,12,2,10,2460
34.0,12,2,11,2468
34.0,12,2,12,2475
34.0,12,2,13,2483
34.0,12,2,14,2490
34.0,12,2,15,2497
34.0,12,3,0,2392
34.0,12,3,1,2400
34.0,12,3,2,2408
34.0,12,3,3,2415
34.0,12,3,4,2423
34.0,12,3,5,2431
34.0,12,3,6,2438
34.0,12,3,7,2446
34.0,12,3,8,2453
34.0,12,3,9,2461
34.0,12,3,10,2468
34.0,12,3,11,2476
34.0,12,3,12,2483
34.0,12,3,13,2491
34.0,12,3,14,2498
34.0,12,3,15,2506
34.0,12,4,0,2400
34.0,12,4,1,2408
34.0,12,4,2,2416
34.0,12,4,3,2423
34.0,12,4,4,2431
34.0,12,4,5,2439
34.0,12,4,6,2446
34.0,12,4,7,2454
34.0,12,4,8,2461
34.0,12,4,9,2469
34.0,12,4,10,2477
34.0,12,4,11,2484
34.0,12,4,12,2492
34.0,12,4,13,2499
34.0,12,4,14,2506
34.0,12,4,15,2514
34.0,12,5,0,2408
34.0,12,5,1,2416
34.0,12,5,2,2424
34.0,12,5,3,2431
34.0,12,5,4,2439
34.0,12,5,5,2447
34.0,12,5,6,2454
34.0,12,5,7,2462
34.0,12,5,8,2470
34.0,12,5,9,2477
34.0,12,5,10,2485
34.0,12,5,11,2492
34.0,12,5,12,2500
34.0,12,5,13,2507
34.0,12,5,14,2515
34.0,12,5,15,2522
34.0,12,6,0,2416
34.0,12,6,1,2424
34.0,12,6,2,2431
34.0,12,6,3,2439
34.0,12,6,4,2447
34.0,12,6,5,2455
34.0,12,6,6,2462
34.0,12,6,7,2470
34.0,12,6,8,2478
34.0,12,6,9,2485
34.0,12,6,10,2493
34.0,12,6,11,2500
34.0,12,6,12,2508
34.0,12,6,13,2515
34.0,12,6,14,2523
34.0,12,6,15,2530
34.0,12,7,0,2424
34.0,12,7,1,2432
34.0,12,7,2,2439
34.0,12,7,3,2447
34.0,12,7,4,2455
34.0,12,7,5,2463
34.0,12,7,6,2470
34.0,12,7,7,2478
34.0,12,7,8,2485
34.0,12,7,9,2493
34.0,12,7,10,2501
34.0,12,7,11,2508
34.0,12,7,12,2516
34.0,12,7,13,2523
34.0,12,7,14,2531
34.0,12,7,15,2538
34.0,12,8,0,2431
34.0,12,8,1,2439
34.0,12,8,2,2447
34.0,12,8,3,2455
34.0,12,8,4,2463
34.0,12,8,5,2470
34.0,12,8,6,2478
34.0,12,8,7,2486
34.0,12,8,8,2493
34.0,12,8,9,2501
34.0,12,8,10,2509
34.0,12,8,11,2516
34.0,12,8,12,2524
34.0,12,8,13,2531
34.0,12,8,14,2539
34.0,12,8,15,2546
34.0,12,9,0,2439
34.0,12,9,1,2447
34.0,12,9,2,2455
34.0,12,9,3,2463
34.0,12,9,4,2470
34.0,12,9,5,2478
34.0,12,9,6,2486
34.0,12,9,7,2494
34.0,12,9,8,2501
34.0,12,9,9,2509
34.0,12,9,10,2517
34.0,12,9,11,2524
34.0,12,9,12,2532
34.0,12,9,13,2539
34.0,12,9,14,2547
34.0,12,9,15,2555
34.0,12,10,0,2447
34.0,12,10,1,2455
34.0,12,10,2,2463
34.0,12,10,3,2470
34.0,12,10,4,2478
34.0,12,10,5,2486
34.0,12,10,6,2494
34.0,12,10,7,2502
34.0,12,10,8,2509
34.0,12,10,9,2517
34.0,12,10,10,2525
34.0,12,10,11,2532
34.0,12,10,12,2540
34.0,12,10,13,2547
34.0,12,10,14,2555
34.0,12,10,15,2563
34.0,12,11,0,2455
34.0,12,11,1,2463
34.0,12,11,2,2470
34.0,12,11,3,2478
34.0,12,11,4,2486
34.0,12,11,5,2494
34.0,12,11,6,2502
34.0,12,11,7,2509
34.0,12,11,8,2517
34.0,12,11,9,2525
34.0,12,11,10,2533
34.0,12,11,11,2540
34.0,12,11,12,2548
34.0,12,11,13,2555
34.0,12,11,14,2563
34.0,12,11,15,2571
34.0,12,12,0,2462
34.0,12,12,1,2470
34.0,12,12,2,2478
34.0,12,12,3,2486
34.0,12,12,4,2494
34.0,12,12,5,2502
34.0,12,12,6,2509
34.0,12,12,7,2517
34.0,12,12,8,2525
34.0,12,12,9,2533
34.0,12,12,10,2540
34.0,12,12,11,2548
34.0,12,12,12,2556
34.0,12,12,13,2563
34.0,12,12,14,2571
34.0,12,12,15,2579
34.0,12,13,0,2470
34.0,12,13,1,2478
34.0,12,13,2,2486
34.0,12,13,3,2494
34.0,12,13,4,2502
34.0,12,13,5,2509
34.0,12,13,6,2517
34.0,12,13,7,2525
34.0,12,13,8,2533
34.0,12,13,9,2541
34.0,12,13,10,2548
34.0,12,13,11,2556
34.0,12,13,12,2564
34.0,12,13,13,2571
34.0,12,13,14,2579
34.0,12,13,15,2587
34.0,12,14,0,2478
34.0,12,14,1,2485
34.0,12,14,2,2493
34.0,12,14,3,2501
34.0,12,14,4,2509
34.0,12,14,5,2517
34.0,12,14,6,2525
34.0,12,14,7,2533
34.0,12,14,8,2541
34.0,12,14,9,2548
34.0,12,14,10,2556
34.0,12,14,11,2564
34.0,12,14,12,2572
34.0,12,14,13,2579
34.0,12,14,14,2587
34.0,12,14,15,2595
34.0,12,15,0,2485
34.0,12,15,1,2493
34.0,12,15,2,2501
34.0,12,15,3,2509
34.0,12,15,4,2517
34.0,12,15,5,2525
34.0,12,15,6,2533
34.0,12,15,7,2541
34.0,12,15,8,2548
34.0,12,15,9,2556
34.0,12,15,10,2564
34.0,12,15,11,2572
34.0,12,15,12,2580
34.0,12,15,13,2587
34.0,12,15,14,2595
34.0,12,15,15,2603
34.0,13,0,0,2377
34.0,13,0,1,2385
34.0,13,0,2,2393
34.0,13,0,3,2400
34.0,13,0,4,2408
34.0,13,0,5,2415
34.0,13,0,6,2423
34.0,13,0,7,2430
34.0,13,0,8,2438
34.0,13,0,9,2445
34.0,13,0,10,2453
34.0,13,0,11,2460
34.0,13,0,12,2468
34.0,13,0,13,2475
34.0,13,0,14,2482
34.0,13,0,15,2490
34.0,13,1,0,2385
34.0,13,1,1,2393
34.0,13,1,2,2401
34.0,13,1,3,2408
34.0,13,1,4,2416
34.0,13,1,5,2424
34.0,13,1,6,2431
34.0,13,1,7,2439
34.0,13,1,8,2446
34.0,13,1,9,2454
34.0,13,1,10,2461
34.0,13,1,11,2469
34.0,13,1,12,2476
34.0,13,1,13,2483
34.0,13,1,14,2491
34.0,13,1,15,2498
34.0,13,2,0,2393
34.0,13,2,1,2401
34.0,13,2,2,2409
34.0,13,2,3,2416
34.0,13,2,4,2424
34.0,13,2,5,2432
34.0,13,2,6,2439
34.0,13,2,7,2447
34.0,13,2,8,2454
34.0,13,2,9,2462
34.0,13,2,10,2469
34.0,13,2,11,2477
34.0,13,2,12,2484
34.0,13,2,13,2492
34.0,13,2,14,2499
34.0,13,2,15,2506
34.0,13,3,0,2401
34.0,13,3,1,2409
34.0,13,3,2,2417
34.0,13,3,3,2424
34.0,13,3,4,2432
34.0,13,3,5,2440
34.0,13,3,6,2447
34.0,13,3,7,2455
34.0,13,3,8,2462
34.0,13,3,9,2470
34.0,13,3,10,2477
34.0,13,3,11,2485
34.0,13,3,12,2492
34.0,13,3,13,2500
34.0,13,3,14,2507
34.0,13,3,15,2515
34.0,13,4,0,2409
34.0,13,4,1,2417
34.0,13,4,2,2425
34.0,13,4,3,2432
34.0,13,4,4,2440
34.0,13,4,5,2448
34.0,13,4,6,2455
34.0,13,4,7,2463
34.0,13,4,8,2470
34.0,13,4,9,2478
34.0,13,4,10,2486
34.0,13,4,11,2493
34.0,13,4,12,2501
34.0,13,4,13,2508
34.0,13,4,14,2516
34.0,13,4,15,2523
34.0,13,5,0,2417
34.0,13,5,1,2425
34.0,13,5,2,2433
34.0,13,5,3,2440
34.0,13,5,4,2448
34.0,13,5,5,2456
34.0,13,5,6,2463
34.0,13,5,7,2471
34.0,13,5,8,2479
34.0,13,5,9,2486
34.0,13,5,10,2494
34.0,13,5,11,2501
34.0,13,5,12,2509
34.0,13,5,13,2516
34.0,13,5,14,2524
34.0,13,5,15,2531
34.0,13,6,0,2425
34.0,13,6,1,2433
34.0,13,6,2,2440
34.0,13,6,3,2448
34.0,13,6,4,2456
34.0,13,6,5,2464
34.0,13,6,6,2471
34.0,13,6,7,2479
34.0,13,6,8,2487
34.0,13,6,9,2494
34.0,13,6,10,2502
34.0,13,6,11,2509
34.0,13,6,12,2517
34.0,13,6,13,2524
34.0,13,6,14,2532
34.0,13,6,15,2539
34.0,13,7,0,2433
34.0,13,7,1,2440
34.0,13,7,2,2448
34.0,13,7,3,2456
34.0,13,7,4,2464
34.0,13,7,5,2472
34.0,13,7,6,2479
34.0,13,7,7,2487
34.0,13,7,8,2495
34.0,13,7,9,2502
34.0,13,7,10,2510
34.0,13,7,11,2517
34.0,13,7,12,2525
34.0,13,7,13,2533
34.0,13,7,14,2540
34.0,13,7,15,2548
34.0,13,8,0,2440
34.0,13,8,1,2448
34.0,13,8,2,2456
34.0,13,8,3,2464
34.0,13,8,4,2472
34.0,13,8,5,2479
34.0,13,8,6,2487
34.0,13,8,7,2495
34.0,13,8,8,2503
34.0,13,8,9,2510
34.0,13,8,10,2518
34.0,13,8,11,2526
34.0,13,8,12,2533
34.0,13,8,13,2541
34.0,13,8,14,2548
34.0,13,8,15,2556
34.0,13,9,0,2448
34.0,13,9,1,2456
34.0,13,9,2,2464
34.0,13,9,3,2472
34.0,13,9,4,2480
34.0,13,9,5,2487
34.0,13,9,6,2495
34.0,13,9,7,2503
34.0,13,9,8,2511
34.0,13,9,9,2518
34.0,13,9,10,2526
34.0,13,9,11,2534
34.0,13,9,12,2541
34.0,13,9,13,2549
34.0,13,9,14,2556
34.0,13,9,15,2564
34.0,13,10,0,2456
34.0,13,10,1,2464
34.0,13,10,2,2472
34.0,13,10,3,2480
34.0,13,10,4,2487
34.0,13,10,5,2495
34.0,13,10,6,2503
34.0,13,10,7,2511
34.0,13,10,8,2518
34.0,13,10,9,2526
34.0,13,10,10,2534
34.0,13,10,11,2542
34.0,13,10,12,2549
34.0,13,10,13,2557
34.0,13,10,14,2564
34.0,13,10,15,2572
34.0,13,11,0,2464
34.0,13,11,1,2472
34.0,13,11,2,2479
34.0,13,11,3,2487
34.0,13,11,4,2495
34.0,13,11,5,2503
34.0,13,11,6,2511
34.0,13,11,7,2519
34.0,13,11,8,2526
34.0,13,11,9,2534
34.0,13,11,10,2542
34.0,13,11,11,2550
34.0,13,11,12,2557
34.0,13,11,13,2565
34.0,13,11,14,2572
34.0,13,11,15,2580
34.0,13,12,0,2471
34.0,13,12,1,2479
34.0,13,12,2,2487
34.0,13,12,3,2495
34.0,13,12,4,2503
34.0,13,12,5,2511
34.0,13,12,6,2519
34.0,13,12,7,2526
34.0,13,12,8,2534
34.0,13,12,9,2542
34.0,13,12,10,2550
34.0,13,12,11,2557
34.0,13,12,12,2565
34.0,13,12,13,2573
34.0,13,12,14,2581
34.0,13,12,15,2588
34.0,13,13,0,2479
34.0,13,13,1,2487
34.0,13,13,2,2495
34.0,13,13,3,2503
34.0,13,13,4,2511
34.0,13,13,5,2519
34.0,13,13,6,2526
34.0,13,13,7,2534
34.0,13,13,8,2542
34.0,13,13,9,2550
34.0,13,13,10,2558
34.0,13,13,11,2565
34.0,13,13,12,2573
34.0,13,13,13,2581
34.0,13,13,14,2589
34.0,13,13,15,2596
34.0,13,14,0,2487
34.0,13,14,1,2495
34.0,13,14,2,2503
34.0,13,14,3,2511
34.0,13,14,4,2518
34.0,13,14,5,2526
34.0,13,14,6,2534
34.0,13,14,7,2542
34.0,13,14,8,2550
34.0,13,14,9,2558
34.0,13,14,10,2566
34.0,13,14,11,2573
34.0,13,14,12,2581
34.0,13,14,13,2589
34.0,13,14,14,2596
34.0,13,14,15,2604
34.0,13,15,0,2494
34.0,13,15,1,2502
34.0,13,15,2,2510
34.0,13,15,3,2518
34.0,13,15,4,2526
34.0,13,15,5,2534
34.0,13,15,6,2542
34.0,13,15,7,2550
34.0,13,15,8,2558
34.0,13,15,9,2566
34.0,13,15,10,2573
34.0,13,15,11,2581
34.0,13,15,12,2589
34.0,13,15,13,2597
34.0,13,15,14,2604
34.0,13,15,15,2612
34.0,14,0,0,2386
34.0,14,0,1,2394
34.0,14,0,2,2401
34.0,14,0,3,2409
34.0,14,0,4,2417
34.0,14,0,5,2424
34.0,14,0,6,2432
34.0,14,0,7,2439
34.0,14,0,8,2447
34.0,14,0,9,2454
34.0,14,0,10,2462
34.0,14,0,11,2469
34.0,14,0,12,2477
34.0,14,0,13,2484
34.0,14,0,14,2492
34.0,14,0,15,2499
34.0,14,1,0,2394
34.0,14,1,1,2402
34.0,14,1,2,2409
34.0,14,1,3,2417
34.0,14,1,4,2425
34.0,14,1,5,2432
34.0,14,1,6,2440
34.0,14,1,7,2448
34.0,14,1,8,2455
34.0,14,1,9,2463
34.0,14,1,10,2470
34.0,14,1,11,2478
34.0,14,1,12,2485
34.0,14,1,13,2492
34.0,14,1,14,2500
34.0,14,1,15,2507
34.0,14,2,0,2402
34.0,14,2,1,2410
34.0,14,2,2,2417
34.0,14,2,3,2425
34.0,14,2,4,2433
34.0,14,2,5,2440
34.0,14,2,6,2448
34.0,14,2,7,2456
34.0,14,2,8,2463
34.0,14,2,9,2471
34.0,14,2,10,2478
34.0,14,2,11,2486
34.0,14,2,12,2493
34.0,14,2,13,2501
34.0,14,2,14,2508
34.0,14,2,15,2516
34.0,14,3,0,2410
34.0,14,3,1,2418
34.0,14,3,2,2425
34.0,14,3,3,2433
34.0,14,3,4,2441
34.0,14,3,5,2449
34.0,14,3,6,2456
34.0,14,3,7,2464
34.0,14,3,8,2471
34.0,14,3,9,2479
34.0,14,3,10,2487
34.0,14,3,11,2494
34.0,14,3,12,2502
34.0,14,3,13,2509
34.0,14,3,14,2516
34.0,14,3,15,2524
34.0,14,4,0,2418
34.0,14,4,1,2426
34.0,14,4,2,2433
34.0,14,4,3,2441
34.0,14,4,4,2449
34.0,14,4,5,2457
34.0,14,4,6,2464
34.0,14,4,7,2472
34.0,14,4,8,2480
34.0,14,4,9,2487
34.0,14,4,10,2495
34.0,14,4,11,2502
34.0,14,4,12,2510
34.0,14,4,13,2517
34.0,14,4,14,2525
34.0,14,4,15,2532
34.0,14,5,0,2426
34.0,14,5,1,2434
34.0,14,5,2,2441
34.0,14,5,3,2449
34.0,14,5,4,2457
34.0,14,5,5,2465
34.0,14,5,6,2472
34.0,14,5,7,2480
34.0,14,5,8,2488
34.0,14,5,9,2495
34.0,14,5,10,2503
34.0,14,5,11,2510
34.0,14,5,12,2518
34.0,14,5,13,2525
34.0,14,5,14,2533
34.0,14,5,15,2540
34.0,14,6,0,2434
34.0,14,6,1,2441
34.0,14,6,2,2449
34.0,14,6,3,2457
34.0,14,6,4,2465
34.0,14,6,5,2473
34.0,14,6,6,2480
34.0,14,6,7,2488
34.0,14,6,8,2496
34.0,14,6,9,2503
34.0,14,6,10,2511
34.0,14,6,11,2519
34.0,14,6,12,2526
34.0,14,6,13,2534
34.0,14,6,14,2541
34.0,14,6,15,2549
34.0,14,7,0,2441
34.0,14,7,1,2449
34.0,14,7,2,2457
34.0,14,7,3,2465
34.0,14,7,4,2473
34.0,14,7,5,2481
34.0,14,7,6,2488
34.0,14,7,7,2496
34.0,14,7,8,2504
34.0,14,7,9,2511
34.0,14,7,10,2519
34.0,14,7,11,2527
34.0,14,7,12,2534
34.0,14,7,13,2542
34.0,14,7,14,2549
34.0,14,7,15,2557
34.0,14,8,0,2449
34.0,14,8,1,2457
34.0,14,8,2,2465
34.0,14,8,3,2473
34.0,14,8,4,2481
34.0,14,8,5,2488
34.0,14,8,6,2496
34.0,14,8,7,2504
34.0,14,8,8,2512
34.0,14,8,9,2519
34.0,14,8,10,2527
34.0,14,8,11,2535
34.0,14,8,12,2542
34.0,14,8,13,2550
34.0,14,8,14,2558
34.0,14,8,15,2565
34.0,14,9,0,2457
34.0,14,9,1,2465
34.0,14,9,2,2473
34.0,14,9,3,2481
34.0,14,9,4,2489
34.0,14,9,5,2496
34.0,14,9,6,2504
34.0,14,9,7,2512
34.0,14,9,8,2520
34.0,14,9,9,2527
34.0,14,9,10,2535
34.0,14,9,11,2543
34.0,14,9,12,2550
34.0,14,9,13,2558
34.0,14,9,14,2566
34.0,14,9,15,2573
34.0,14,10,0,2465
34.0,14,10,1,2473
34.0,14,10,2,2481
34.0,14,10,3,2489
34.0,14,10,4,2496
34.0,14,10,5,2504
34.0,14,10,6,2512
34.0,14,10,7,2520
34.0,14,10,8,2528
34.0,14,10,9,2535
34.0,14,10,10,2543
34.0,14,10,11,2551
34.0,14,10,12,2559
34.0,14,10,13,2566
34.0,14,10,14,2574
34.0,14,10,15,2581
34.0,14,11,0,2473
34.0,14,11,1,2481
34.0,14,11,2,2488
34.0,14,11,3,2496
34.0,14,11,4,2504
34.0,14,11,5,2512
34.0,14,11,6,2520
34.0,14,11,7,2528
34.0,14,11,8,2536
34.0,14,11,9,2543
34.0,14,11,10,2551
34.0,14,11,11,2559
34.0,14,11,12,2567
34.0,14,11,13,2574
34.0,14,11,14,2582
34.0,14,11,15,2589
34.0,14,12,0,2480
34.0,14,12,1,2488
34.0,14,12,2,2496
34.0,14,12,3,2504
34.0,14,12,4,2512
34.0,14,12,5,2520
34.0,14,12,6,2528
34.0,14,12,7,2536
34.0,14,12,8,2544
34.0,14,12,9,2551
34.0,14,12,10,2559
34.0,14,12,11,2567
34.0,14,12,12,2575
34.0,14,12,13,2582
34.0,14,12,14,2590
34.0,14,12,15,2598
34.0,14,13,0,2488
34.0,14,13,1,2496
34.0,14,13,2,2504
34.0,14,13,3,2512
34.0,14,13,4,2520
34.0,14,13,5,2528
34.0,14,13,6,2536
34.0,14,13,7,2544
34.0,14,13,8,2551
34.0,14,13,9,2559
34.0,14,13,10,2567
34.0,14,13,11,2575
34.0,14,13,12,2583
34.0,14,13,13,2590
34.0,14,13,14,2598
34.0,14,13,15,2606
34.0,14,14,0,2496
34.0,14,14,1,2504
34.0,14,14,2,2512
34.0,14,14,3,2520
34.0,14,14,4,2528
34.0,14,14,5,2536
34.0,14,14,6,2544
34.0,14,14,7,2551
34.0,14,14,8,2559
34.0,14,14,9,2567
34.0,14,14,10,2575
34.0,14,14,11,2583
34.0,14,14,12,2590
34.0,14,14,13,2598
34.0,14,14,14,2606
34.0,14,14,15,2614
34.0,14,15,0,2503
34.0,14,15,1,2511
34.0,14,15,2,2519
34.0,14,15,3,2527
34.0,14,15,4,2535
34.0,14,15,5,2543
34.0,14,15,6,2551
34.0,14,15,7,2559
34.0,14,15,8,2567
34.0,14,15,9,2575
34.0,14,15,10,2583
34.0,14,15,11,2591
34.0,14,15,12,2598
34.0,14,15,13,2606
34.0,14,15,14,2614
34.0,14,15,15,2622
34.0,15,0,0,2395
34.0,15,0,1,2402
34.0,15,0,2,2410
34.0,15,0,3,2418
34.0,15,0,4,2425
34.0,15,0,5,2433
34.0,15,0,6,2441
34.0,15,0,7,2448
34.0,15,0,8,2456
34.0,15,0,9,2463
34.0,15,0,10,2471
34.0,15,0,11,2478
34.0,15,0,12,2486
34.0,15,0,13,2493
34.0,15,0,14,2501
34.0,15,0,15,2508
34.0,15,1,0,2403
34.0,15,1,1,2411
34.0,15,1,2,2418
34.0,15,1,3,2426
34.0,15,1,4,2434
34.0,15,1,5,2441
34.0,15,1,6,2449
34.0,15,1,7,2456
34.0,15,1,8,2464
34.0,15,1,9,2472
34.0,15,1,10,2479
34.0,15,1,11,2487
34.0,15,1,12,2494
34.0,15,1,13,2502
34.0,15,1,14,2509
34.0,15,1,15,2516
34.0,15,2,0,2411
34.0,15,2,1,2419
34.0,15,2,2,2426
34.0,15,2,3,2434
34.0,15,2,4,2442
34.0,15,2,5,2449
34.0,15,2,6,2457
34.0,15,2,7,2465
34.0,15,2,8,2472
34.0,15,2,9,2480
34.0,15,2,10,2487
34.0,15,2,11,2495
34.0,15,2,12,2502
34.0,15,2,13,2510
34.0,15,2,14,2517
34.0,15,2,15,2525
34.0,15,3,0,2419
34.0,15,3,1,2427
34.0,15,3,2,2434
34.0,15,3,3,2442
34.0,15,3,4,2450
34.0,15,3,5,2457
34.0,15,3,6,2465
34.0,15,3,7,2473
34.0,15,3,8,2480
34.0,15,3,9,2488
34.0,15,3,10,2496
34.0,15,3,11,2503
34.0,15,3,12,2511
34.0,15,3,13,2518
34.0,15,3,14,2526
34.0,15,3,15,2533
34.0,15,4,0,2427
34.0,15,4,1,2435
34.0,15,4,2,2442
34.0,15,4,3,2450
34.0,15,4,4,2458
34.0,15,4,5,2466
34.0,15,4,6,2473
34.0,15,4,7,2481
34.0,15,4,8,2489
34.0,15,4,9,2496
34.0,15,4,10,2504
34.0,15,4,11,2511
34.0,15,4,12,2519
34.0,15,4,13,2526
34.0,15,4,14,2534
34.0,15,4,15,2541
34.0,15,5,0,2435
34.0,15,5,1,2442
34.0,15,5,2,2450
34.0,15,5,3,2458
34.0,15,5,4,2466
34.0,15,5,5,2474
34.0,15,5,6,2481
34.0,15,5,7,2489
34.0,15,5,8,2497
34.0,15,5,9,2504
34.0,15,5,10,2512
34.0,15,5,11,2520
34.0,15,5,12,2527
34.0,15,5,13,2535
34.0,15,5,14,2542
34.0,15,5,15,2550
34.0,15,6,0,2442
34.0,15,6,1,2450
34.0,15,6,2,2458
34.0,15,6,3,2466
34.0,15,6,4,2474
34.0,15,6,5,2482
34.0,15,6,6,2489
34.0,15,6,7,2497
34.0,15,6,8,2505
34.0,15,6,9,2512
34.0,15,6,10,2520
34.0,15,6,11,2528
34.0,15,6,12,2535
34.0,15,6,13,2543
34.0,15,6,14,2550
34.0,15,6,15,2558
34.0,15,7,0,2450
34.0,15,7,1,2458
34.0,15,7,2,2466
34.0,15,7,3,2474
34.0,15,7,4,2482
34.0,15,7,5,2490
34.0,15,7,6,2497
34.0,15,7,7,2505
34.0,15,7,8,2513
34.0,15,7,9,2521
34.0,15,7,10,2528
34.0,15,7,11,2536
34.0,15,7,12,2543
34.0,15,7,13,2551
34.0,15,7,14,2559
34.0,15,7,15,2566
34.0,15,8,0,2458
34.0,15,8,1,2466
34.0,15,8,2,2474
34.0,15,8,3,2482
34.0,15,8,4,2490
34.0,15,8,5,2498
34.0,15,8,6,2505
34.0,15,8,7,2513
34.0,15,8,8,2521
34.0,15,8,9,2529
34.0,15,8,10,2536
34.0,15,8,11,2544
34.0,15,8,12,2552
34.0,15,8,13,2559
34.0,15,8,14,2567
34.0,15,8,15,2574
34.0,15,9,0,2466
34.0,15,9,1,2474
34.0,15,9,2,2482
34.0,15,9,3,2490
34.0,15,9,4,2498
34.0,15,9,5,2505
34.0,15,9,6,2513
34.0,15,9,7,2521
34.0,15,9,8,2529
34.0,15,9,9,2537
34.0,15,9,10,2544
34.0,15,9,11,2552
34.0,15,9,12,2560
34.0,15,9,13,2567
34.0,15,9,14,2575
34.0,15,9,15,2583
34.0,15,10,0,2474
34.0,15,10,1,2482
34.0,15,10,2,2490
34.0,15,10,3,2498
34.0,15,10,4,2506
34.0,15,10,5,2513
34.0,15,10,6,2521
34.0,15,10,7,2529
34.0,15,10,8,2537
34.0,15,10,9,2545
34.0,15,10,10,2552
34.0,15,10,11,2560
34.0,15,10,12,2568
34.0,15,10,13,2575
34.0,15,10,14,2583
34.0,15,10,15,2591
34.0,15,11,0,2482
34.0,15,11,1,2490
34.0,15,11,2,2498
34.0,15,11,3,2505
34.0,15,11,4,2513
34.0,15,11,5,2521
34.0,15,11,6,2529
34.0,15,11,7,2537
34.0,15,11,8,2545
34.0,15,11,9,2553
34.0,15,11,10,2560
34.0,15,11,11,2568
34.0,15,11,12,2576
34.0,15,11,13,2584
34.0,15,11,14,2591
34.0,15,11,15,2599
34.0,15,12,0,2489
34.0,15,12,1,2497
34.0,15,12,2,2505
34.0,15,12,3,2513
34.0,15,12,4,2521
34.0,15,12,5,2529
34.0,15,12,6,2537
34.0,15,12,7,2545
34.0,15,12,8,2553
34.0,15,12,9,2561
34.0,15,12,10,2568
34.0,15,12,11,2576
34.0,15,12,12,2584
34.0,15,12,13,2592
34.0,15,12,14,2599
34.0,15,12,15,2607
34.0,15,13,0,2497
34.0,15,13,1,2505
34.0,15,13,2,2513
34.0,15,13,3,2521
34.0,15,13,4,2529
34.0,15,13,5,2537
34.0,15,13,6,2545
34.0,15,13,7,2553
34.0,15,13,8,2561
34.0,15,13,9,2569
34.0,15,13,10,2576
34.0,15,13,11,2584
34.0,15,13,12,2592
34.0,15,13,13,2600
34.0,15,13,14,2607
34.0,15,13,15,2615
34.0,15,14,0,2505
34.0,15,14,1,2513
34.0,15,14,2,2521
34.0,15,14,3,2529
34.0,15,14,4,2537
34.0,15,14,5,2545
34.0,15,14,6,2553
34.0,15,14,7,2561
34.0,15,14,8,2569
34.0,15,14,9,2576
34.0,15,14,10,2584
34.0,15,14,11,2592
34.0,15,14,12,2600
34.0,15,14,13,2608
34.0,15,14,14,2615
34.0,15,14,15,2623
34.0,15,15,0,2512
34.0,15,15,1,2521
34.0,15,15,2,2529
34.0,15,15,3,2537
34.0,15,15,4,2545
34.0,15,15,5,2553
34.0,15,15,6,2561
34.0,15,15,7,2569
34.0,15,15,8,2576
34.0,15,15,9,2584
34.0,15,15,10,2592
34.0,15,15,11,2600
34.0,15,15,12,2608
34.0,15,15,13,2616
34.0,15,15,14,2623
34.0,15,15,15,2631
34.5,0,0,0,2282
34.5,0,0,1,2290
34.5,0,0,2,2297
34.5,0,0,3,2304
34.5,0,0,4,2312
34.5,0,0,5,2319
34.5,0,0,6,2326
34.5,0,0,7,2333
34.5,0,0,8,2340
34.5,0,0,9,2348
34.5,0,0,10,2355
34.5,0,0,11,2362
34.5,0,0,12,2369
34.5,0,0,13,2376
34.5,0,0,14,2383
34.5,0,0,15,2390
34.5,0,1,0,2290
34.5,0,1,1,2297
34.5,0,1,2,2305
34.5,0,1,3,2312
34.5,0,1,4,2319
34.5,0,1,5,2327
34.5,0,1,6,2334
34.5,0,1,7,2341
34.5,0,1,8,2348
34.5,0,1,9,2355
34.5,0,1,10,2363
34.5,0,1,11,2370
34.5,0,1,12,2377
34.5,0,1,13,2384
34.5,0,1,14,2391
34.5,0,1,15,2398
34.5,0,2,0,2298
34.5,0,2,1,2305
34.5,0,2,2,2312
34.5,0,2,3,2320
34.5,0,2,4,2327
34.5,0,2,5,2334
34.5,0,2,6,2342
34.5,0,2,7,2349
34.5,0,2,8,2356
34.5,0,2,9,2363
34.5,0,2,10,2370
34.5,0,2,11,2378
34.5,0,2,12,2385
34.5,0,2,13,2392
34.5,0,2,14,2399
34.5,0,2,15,2406
34.5,0,3,0,2305
34.5,0,3,1,2313
34.5,0,3,2,2320
34.5,0,3,3,2327
34.5,0,3,4,2335
34.5,0,3,5,2342
34.5,0,3,6,2349
34.5,0,3,7,2357
34.5,0,3,8,2364
34.5,0,3,9,2371
34.5,0,3,10,2378
34.5,0,3,11,2386
34.5,0,3,12,2393
34.5,0,3,13,2400
34.5,0,3,14,2407
34.5,0,3,15,2414
34.5,0,4,0,2313
34.5,0,4,1,2320
34.5,0,4,2,2328
34.5,0,4,3,2335
34.5,0,4,4,2342
34.5,0,4,5,2350
34.5,0,4,6,2357
34.5,0,4,7,2364
34.5,0,4,8,2372
34.5,0,4,9,2379
34.5,0,4,10,2386
34.5,0,4,11,2393
34.5,0,4,12,2401
34.5,0,4,13,2408
34.5,0,4,14,2415
34.5,0,4,15,2422
34.5,0,5,0,2320
34.5,0,5,1,2328
34.5,0,5,2,2335
34.5,0,5,3,2343
34.5,0,5,4,2350
34.5,0,5,5,2357
34.5,0,5,6,2365
34.5,0,5,7,2372
34.5,0,5,8,2379
34.5,0,5,9,2387
34.5,0,5,10,2394
34.5,0,5,11,2401
34.5,0,5,12,2408
34.5,0,5,13,2416
34.5,0,5,14,2423
34.5,0,5,15,2430
34.5,0,6,0,2328
34.5,0,6,1,2335
34.5,0,6,2,2343
34.5,0,6,3,2350
34.5,0,6,4,2358
34.5,0,6,5,2365
34.5,0,6,6,2372
34.5,0,6,7,2380
34.5,0,6,8,2387
34.5,0,6,9,2394
34.5,0,6,10,2402
34.5,0,6,11,2409
34.5,0,6,12,2416
34.5,0,6,13,2423
34.5,0,6,14,2431
34.5,0,6,15,2438
34.5,0,7,0,2335
34.5,0,7,1,2343
34.5,0,7,2,2350
34.5,0,7,3,2358
34.5,0,7,4,2365
34.5,0,7,5,2373
34.5,0,7,6,2380
34.5,0,7,7,2387
34.5,0,7,8,2395
34.5,0,7,9,2402
34.5,0,7,10,2409
34.5,0,7,11,2417
34.5,0,7,12,2424
34.5,0,7,13,2431
34.5,0,7,14,2438
34.5,0,7,15,2446
34.5,0,8,0,2343
34.5,0,8,1,2350
34.5,0,8,2,2358
34.5,0,8,3,2365
34.5,0,8,4,2373
34.5,0,8,5,2380
34.5,0,8,6,2388
34.5,0,8,7,2395
34.5,0,8,8,2402
34.5,0,8,9,2410
34.5,0,8,10,2417
34.5,0,8,11,2424
34.5,0,8,12,2432
34.5,0,8,13,2439
34.5,0,8,14,2446
34.5,0,8,15,2454
34.5,0,9,0,2350
34.5,0,9,1,2358
34.5,0,9,2,2365
34.5,0,9,3,2373
34.5,0,9,4,2380
34.5,0,9,5,2388
34.5,0,9,6,2395
34.5,0,9,7,2403
34.5,0,9,8,2410
34.5,0,9,9,2417
34.5,0,9,10,2425
34.5,0,9,11,2432
34.5,0,9,12,2439
34.5,0,9,13,2447
34.5,0,9,14,2454
34.5,0,9,15,2461
34.5,0,10,0,2358
34.5,0,10,1,2365
34.5,0,10,2,2373
34.5,0,10,3,2380
34.5,0,10,4,2388
34.5,0,10,5,2395
34.5,0,10,6,2403
34.5,0,10,7,2410
34.5,0,10,8,2418
34.5,0,10,9,2425
34.5,0,10,10,2432
34.5,0,10,11,2440
34.5,0,10,12,2447
34.5,0,10,13,2455
34.5,0,10,14,2462
34.5,0,10,15,2469
34.5,0,11,0,2365
34.5,0,11,1,2373
34.5,0,11,2,2380
34.5,0,11,3,2388
34.5,0,11,4,2395
34.5,0,11,5,2403
34.5,0,11,6,2410
34.5,0,11,7,2418
34.5,0,11,8,2425
34.5,0,11,9,2433
34.5,0,11,10,2440
34.5,0,11,11,2448
34.5,0,11,12,2455
34.5,0,11,13,2462
34.5,0,11,14,2470
34.5,0,11,15,2477
34.5,0,12,0,2372
34.5,0,12,1,2380
34.5,0,12,2,2388
34.5,0,12,3,2395
34.5,0,12,4,2403
34.5,0,12,5,2410
34.5,0,12,6,2418
34.5,0,12,7,2425
34.5,0,12,8,2433
34.5,0,12,9,2440
34.5,0,12,10,2448
34.5,0,12,11,2455
34.5,0,12,12,2463
34.5,0,12,13,2470
34.5,0,12,14,2477
34.5,0,12,15,2485
34.5,0,13,0,2380
34.5,0,13,1,2387
34.5,0,13,2,2395
34.5,0,13,3,2403
34.5,0,13,4,2410
34.5,0,13,5,2418
34.5,0,13,6,2425
34.5,0,13,7,2433
34.5,0,13,8,2440
34.5,0,13,9,2448
34.5,0,13,10,2455
34.5,0,13,11,2463
34.5,0,13,12,2470
34.5,0,13,13,2478
34.5,0,13,14,2485
34.5,0,13,15,2492
34.5,0,14,0,2387
34.5,0,14,1,2395
34.5,0,14,2,2402
34.5,0,14,3,2410
34.5,0,14,4,2418
34.5,0,14,5,2425
34.5,0,14,6,2433
34.5,0,14,7,2440
34.5,0,14,8,2448
34.5,0,14,9,2455
34.5,0,14,10,2463
34.5,0,14,11,2470
34.5,0,14,12,2478
34.5,0,14,13,2485
34.5,0,14,14,2493
34.5,0,14,15,2500
34.5,0,15,0,2394
34.5,0,15,1,2402
34.5,0,15,2,2410
34.5,0,15,3,2417
34.5,0,15,4,2425
34.5,0,15,5,2433
34.5,0,15,6,2440
34.5,0,15,7,2448
34.5,0,15,8,2455
34.5,0,15,9,2463
34.5,0,15,10,2470
34.5,0,15,11,2478
34.5,0,15,12,2485
34.5,0,15,13,2493
34.5,0,15,14,2500
34.5,0,15,15,2508
34.5,1,0,0,2291
34.5,1,0,1,2298
34.5,1,0,2,2306
34.5,1,0,3,2313
34.5,1,0,4,2320
34.5,1,0,5,2328
34.5,1,0,6,2335
34.5,1,0,7,2342
34.5,1,0,8,2349
34.5,1,0,9,2357
34.5,1,0,10,2364
34.5,1,0,11,2371
34.5,1,0,12,2378
34.5,1,0,13,2385
34.5,1,0,14,2392
34.5,1,0,15,2399
34.5,1,1,0,2299
34.5,1,1,1,2306
34.5,1,1,2,2313
34.5,1,1,3,2321
34.5,1,1,4,2328
34.5,1,1,5,2335
34.5,1,1,6,2343
34.5,1,1,7,2350
34.5,1,1,8,2357
34.5,1,1,9,2364
34.5,1,1,10,2372
34.5,1,1,11,2379
34.5,1,1,12,2386
34.5,1,1,13,2393
34.5,1,1,14,2400
34.5,1,1,15,2407
34.5,1,2,0,2306
34.5,1,2,1,2314
34.5,1,2,2,2321
34.5,1,2,3,2329
34.5,1,2,4,2336
34.5,1,2,5,2343
34.5,1,2,6,2351
34.5,1,2,7,2358
34.5,1,2,8,2365
34.5,1,2,9,2372
34.5,1,2,10,2380
34.5,1,2,11,2387
34.5,1,2,12,2394
34.5,1,2,13,2401
34.5,1,2,14,2408
34.5,1,2,15,2415
34.5,1,3,0,2314
34.5,1,3,1,2321
34.5,1,3,2,2329
34.5,1,3,3,2336
34.5,1,3,4,2344
34.5,1,3,5,2351
34.5,1,3,6,2358
34.5,1,3,7,2366
34.5,1,3,8,2373
34.5,1,3,9,2380
34.5,1,3,10,2387
34.5,1,3,11,2395
34.5,1,3,12,2402
34.5,1,3,13,2409
34.5,1,3,14,2416
34.5,1,3,15,2423
34.5,1,4,0,2322
34.5,1,4,1,2329
34.5,1,4,2,2336
34.5,1,4,3,2344
34.5,1,4,4,2351
34.5,1,4,5,2359
34.5,1,4,6,2366
34.5,1,4,7,2373
34.5,1,4,8,2381
34.5,1,4,9,2388
34.5,1,4,10,2395
34.5,1,4,11,2403
34.5,1,4,12,2410
34.5,1,4,13,2417
34.5,1,4,14,2424
34.5,1,4,15,2431
34.5,1,5,0,2329
34.5,1,5,1,2337
34.5,1,5,2,2344
34.5,1,5,3,2352
34.5,1,5,4,2359
34.5,1,5,5,2366
34.5,1,5,6,2374
34.5,1,5,7,2381
34.5,1,5,8,2388
34.5,1,5,9,2396
34.5,1,5,10,2403
34.5,1,5,11,2410
34.5,1,5,12,2418
34.5,1,5,13,2425
34.5,1,5,14,2432
34.5,1,5,15,2439
34.5,1,6,0,2337
34.5,1,6,1,2344
34.5,1,6,2,2352
34.5,1,6,3,2359
34.5,1,6,4,2367
34.5,1,6,5,2374
34.5,1,6,6,2381
34.5,1,6,7,2389
34.5,1,6,8,2396
34.5,1,6,9,2404
34.5,1,6,10,2411
34.5,1,6,11,2418
34.5,1,6,12,2425
34.5,1,6,13,2433
34.5,1,6,14,2440
34.5,1,6,15,2447
34.5,1,7,0,2344
34.5,1,7,1,2352
34.5,1,7,2,2359
34.5,1,7,3,2367
34.5,1,7,4,2374
34.5,1,7,5,2382
34.5,1,7,6,2389
34.5,1,7,7,2397
34.5,1,7,8,2404
34.5,1,7,9,2411
34.5,1,7,10,2419
34.5,1,7,11,2426
34.5,1,7,12,2433
34.5,1,7,13,2441
34.5,1,7,14,2448
34.5,1,7,15,2455
34.5,1,8,0,2352
34.5,1,8,1,2359
34.5,1,8,2,2367
34.5,1,8,3,2374
34.5,1,8,4,2382
34.5,1,8,5,2389
34.5,1,8,6,2397
34.5,1,8,7,2404
34.5,1,8,8,2412
34.5,1,8,9,2419
34.5,1,8,10,2426
34.5,1,8,11,2434
34.5,1,8,12,2441
34.5,1,8,13,2448
34.5,1,8,14,2456
34.5,1,8,15,2463
34.5,1,9,0,2359
34.5,1,9,1,2367
34.5,1,9,2,2374
34.5,1,9,3,2382
34.5,1,9,4,2389
34.5,1,9,5,2397
34.5,1,9,6,2404
34.5,1,9,7,2412
34.5,1,9,8,2419
34.5,1,9,9,2427
34.5,1,9,10,2434
34.5,1,9,11,2441
34.5,1,9,12,2449
34.5,1,9,13,2456
34.5,1,9,14,2463
34.5,1,9,15,2471
34.5,1,10,0,2367
34.5,1,10,1,2374
34.5,1,10,2,2382
34.5,1,10,3,2389
34.5,1,10,4,2397
34.5,1,10,5,2405
34.5,1,10,6,2412
34.5,1,10,7,2420
34.5,1,10,8,2427
34.5,1,10,9,2434
34.5,1,10,10,2442
34.5,1,10,11,2449
34.5,1,10,12,2457
34.5,1,10,13,2464
34.5,1,10,14,2471
34.5,1,10,15,2479
34.5,1,11,0,2374
34.5,1,11,1,2382
34.5,1,11,2,2389
34.5,1,11,3,2397
34.5,1,11,4,2405
34.5,1,11,5,2412
34.5,1,11,6,2420
34.5,1,11,7,2427
34.5,1,11,8,2435
34.5,1,11,9,2442
34.5,1,11,10,2449
34.5,1,11,11,2457
34.5,1,11,12,2464
34.5,1,11,13,2472
34.5,1,11,14,2479
34.5,1,11,15,2486
34.5,1,12,0,2381
34.5,1,12,1,2389
34.5,1,12,2,2397
34.5,1,12,3,2404
34.5,1,12,4,2412
34.5,1,12,5,2420
34.5,1,12,6,2427
34.5,1,12,7,2435
34.5,1,12,8,2442
34.5,1,12,9,2450
34.5,1,12,10,2457
34.5,1,12,11,2465
34.5,1,12,12,2472
34.5,1,12,13,2479
34.5,1,12,14,2487
34.5,1,12,15,2494
34.5,1,13,0,2389
34.5,1,13,1,2397
34.5,1,13,2,2404
34.5,1,13,3,2412
34.5,1,13,4,2420
34.5,1,13,5,2427
34.5,1,13,6,2435
34.5,1,13,7,2442
34.5,1,13,8,2450
34.5,1,13,9,2457
34.5,1,13,10,2465
34.5,1,13,11,2472
34.5,1,13,12,2480
34.5,1,13,13,2487
34.5,1,13,14,2494
34.5,1,13,15,2502
34.5,1,14,0,2396
34.5,1,14,1,2404
34.5,1,14,2,2412
34.5,1,14,3,2419
34.5,1,14,4,2427
34.5,1,14,5,2435
34.5,1,14,6,2442
34.5,1,14,7,2450
34.5,1,14,8,2457
34.5,1,14,9,2465
34.5,1,14,10,2472
34.5,1,14,11,2480
34.5,1,14,12,2487
34.5,1,14,13,2495
34.5,1,14,14,2502
34.5,1,14,15,2510
34.5,1,15,0,2404
34.5,1,15,1,2411
34.5,1,15,2,2419
34.5,1,15,3,2427
34.5,1,15,4,2434
34.5,1,15,5,2442
34.5,1,15,6,2450
34.5,1,15,7,2457
34.5,1,15,8,2465
34.5,1,15,9,2472
34.5,1,15,10,2480
34.5,1,15,11,2487
34.5,1,15,12,2495
34.5,1,15,13,2502
34.5,1,15,14,2510
34.5,1,15,15,2517
34.5,2,0,0,2300
34.5,2,0,1,2307
34.5,2,0,2,2315
34.5,2,0,3,2322
34.5,2,0,4,2329
34.5,2,0,5,2337
34.5,2,0,6,2344
34.5,2,0,7,2351
34.5,2,0,8,2358
34.5,2,0,9,2366
34.5,2,0,10,2373
34.5,2,0,11,2380
34.5,2,0,12,2387
34.5,2,0,13,2394
34.5,2,0,14,2401
34.5,2,0,15,2408
34.5,2,1,0,2307
34.5,2,1,1,2315
34.5,2,1,2,2322
34.5,2,1,3,2330
34.5,2,1,4,2337
34.5,2,1,5,2344
34.5,2,1,6,2352
34.5,2,1,7,2359
34.5,2,1,8,2366
34.5,2,1,9,2374
34.5,2,1,10,2381
34.5,2,1,11,2388
34.5,2,1,12,2395
34.5,2,1,13,2402
34.5,2,1,14,2409
34.5,2,1,15,2417
34.5,2,2,0,2315
34.5,2,2,1,2323
34.5,2,2,2,2330
34.5,2,2,3,2337
34.5,2,2,4,2345
34.5,2,2,5,2352
34.5,2,2,6,2360
34.5,2,2,7,2367
34.5,2,2,8,2374
34.5,2,2,9,2381
34.5,2,2,10,2389
34.5,2,2,11,2396
34.5,2,2,12,2403
34.5,2,2,13,2410
34.5,2,2,14,2417
34.5,2,2,15,2425
34.5,2,3,0,2323
34.5,2,3,1,2330
34.5,2,3,2,2338
34.5,2,3,3,2345
34.5,2,3,4,2353
34.5,2,3,5,2360
34.5,2,3,6,2367
34.5,2,3,7,2375
34.5,2,3,8,2382
34.5,2,3,9,2389
34.5,2,3,10,2397
34.5,2,3,11,2404
34.5,2,3,12,2411
34.5,2,3,13,2418
34.5,2,3,14,2425
34.5,2,3,15,2433
34.5,2,4,0,2330
34.5,2,4,1,2338
34.5,2,4,2,2345
34.5,2,4,3,2353
34.5,2,4,4,2360
34.5,2,4,5,2368
34.5,2,4,6,2375
34.5,2,4,7,2382
34.5,2,4,8,2390
34.5,2,4,9,2397
34.5,2,4,10,2404
34.5,2,4,11,2412
34.5,2,4,12,2419
34.5,2,4,13,2426
34.5,2,4,14,2433
34.5,2,4,15,2441
34.5,2,5,0,2338
34.5,2,5,1,2346
34.5,2,5,2,2353
34.5,2,5,3,2361
34.5,2,5,4,2368
34.5,2,5,5,2375
34.5,2,5,6,2383
34.5,2,5,7,2390
34.5,2,5,8,2398
34.5,2,5,9,2405
34.5,2,5,10,2412
34.5,2,5,11,2420
34.5,2,5,12,2427
34.5,2,5,13,2434
34.5,2,5,14,2441
34.5,2,5,15,2449
34.5,2,6,0,2346
34.5,2,6,1,2353
34.5,2,6,2,2361
34.5,2,6,3,2368
34.5,2,6,4,2376
34.5,2,6,5,2383
34.5,2,6,6,2391
34.5,2,6,7,2398
34.5,2,6,8,2405
34.5,2,6,9,2413
34.5,2,6,10,2420
34.5,2,6,11,2427
34.5,2,6,12,2435
34.5,2,6,13,2442
34.5,2,6,14,2449
34.5,2,6,15,2457
34.5,2,7,0,2353
34.5,2,7,1,2361
34.5,2,7,2,2368
34.5,2,7,3,2376
34.5,2,7,4,2383
34.5,2,7,5,2391
34.5,2,7,6,2398
34.5,2,7,7,2406
34.5,2,7,8,2413
34.5,2,7,9,2421
34.5,2,7,10,2428
34.5,2,7,11,2435
34.5,2,7,12,2443
34.5,2,7,13,2450
34.5,2,7,14,2457
34.5,2,7,15,2464
34.5,2,8,0,2361
34.5,2,8,1,2368
34.5,2,8,2,2376
34.5,2,8,3,2383
34.5,2,8,4,2391
34.5,2,8,5,2398
34.5,2,8,6,2406
34.5,2,8,7,2413
34.5,2,8,8,2421
34.5,2,8,9,2428
34.5,2,8,10,2436
34.5,2,8,11,2443
34.5,2,8,12,2450
34.5,2,8,13,2458
34.5,2,8,14,2465
34.5,2,8,15,2472
34.5,2,9,0,2368
34.5,2,9,1,2376
34.5,2,9,2,2383
34.5,2,9,3,2391
34.5,2,9,4,2399
34.5,2,9,5,2406
34.5,2,9,6,2414
34.5,2,9,7,2421
34.5,2,9,8,2429
34.5,2,9,9,2436
34.5,2,9,10,2443
34.5,2,9,11,2451
34.5,2,9,12,2458
34.5,2,9,13,2466
34.5,2,9,14,2473
34.5,2,9,15,2480
34.5,2,10,0,2376
34.5,2,10,1,2383
34.5,2,10,2,2391
34.5,2,10,3,2399
34.5,2,10,4,2406
34.5,2,10,5,2414
34.5,2,10,6,2421
34.5,2,10,7,2429
34.5,2,10,8,2436
34.5,2,10,9,2444
34.5,2,10,10,2451
34.5,2,10,11,2459
34.5,2,10,12,2466
34.5,2,10,13,2473
34.5,2,10,14,2481
34.5,2,10,15,2488
34.5,2,11,0,2383
34.5,2,11,1,2391
34.5,2,11,2,2398
34.5,2,11,3,2406
34.5,2,11,4,2414
34.5,2,11,5,2421
34.5,2,11,6,2429
34.5,2,11,7,2436
34.5,2,11,8,2444
34.5,2,11,9,2451
34.5,2,11,10,2459
34.5,2,11,11,2466
34.5,2,11,12,2474
34.5,2,11,13,2481
34.5,2,11,14,2488
34.5,2,11,15,2496
34.5,2,12,0,2391
34.5,2,12,1,2398
34.5,2,12,2,2406
34.5,2,12,3,2414
34.5,2,12,4,2421
34.5,2,12,5,2429
34.5,2,12,6,2436
34.5,2,12,7,2444
34.5,2,12,8,2452
34.5,2,12,9,2459
34.5,2,12,10,2467
34.5,2,12,11,2474
34.5,2,12,12,2481
34.5,2,12,13,2489
34.5,2,12,14,2496
34.5,2,12,15,2504
34.5,2,13,0,2398
34.5,2,13,1,2406
34.5,2,13,2,2413
34.5,2,13,3,2421
34.5,2,13,4,2429
34.5,2,13,5,2436
34.5,2,13,6,2444
34.5,2,13,7,2452
34.5,2,13,8,2459
34.5,2,13,9,2467
34.5,2,13,10,2474
34.5,2,13,11,2482
34.5,2,13,12,2489
34.5,2,13,13,2497
34.5,2,13,14,2504
34.5,2,13,15,2511
34.5,2,14,0,2405
34.5,2,14,1,2413
34.5,2,14,2,2421
34.5,2,14,3,2429
34.5,2,14,4,2436
34.5,2,14,5,2444
34.5,2,14,6,2452
34.5,2,14,7,2459
34.5,2,14,8,2467
34.5,2,14,9,2474
34.5,2,14,10,2482
34.5,2,14,11,2489
34.5,2,14,12,2497
34.5,2,14,13,2504
34.5,2,14,14,2512
34.5,2,14,15,2519
34.5,2,15,0,2413
34.5,2,15,1,2421
34.5,2,15,2,2428
34.5,2,15,3,2436
34.5,2,15,4,2444
34.5,2,15,5,2451
34.5,2,15,6,2459
34.5,2,15,7,2467
34.5,2,15,8,2474
34.5,2,15,9,2482
34.5,2,15,10,2489
34.5,2,15,11,2497
34.5,2,15,12,2504
34.5,2,15,13,2512
34.5,2,15,14,2519
34.5,2,15,15,2527
34.5,3,0,0,2308
34.5,3,0,1,2316
34.5,3,0,2,2323
34.5,3,0,3,2331
34.5,3,0,4,2338
34.5,3,0,5,2345
34.5,3,0,6,2353
34.5,3,0,7,2360
34.5,3,0,8,2367
34.5,3,0,9,2375
34.5,3,0,10,2382
34.5,3,0,11,2389
34.5,3,0,12,2396
34.5,3,0,13,2403
34.5,3,0,14,2411
34.5,3,0,15,2418
34.5,3,1,0,2316
34.5,3,1,1,2324
34.5,3,1,2,2331
34.5,3,1,3,2339
34.5,3,1,4,2346
34.5,3,1,5,2353
34.5,3,1,6,2361
34.5,3,1,7,2368
34.5,3,1,8,2375
34.5,3,1,9,2383
34.5,3,1,10,2390
34.5,3,1,11,2397
34.5,3,1,12,2404
34.5,3,1,13,2411
34.5,3,1,14,2419
34.5,3,1,15,2426
34.5,3,2,0,2324
34.5,3,2,1,2331
34.5,3,2,2,2339
34.5,3,2,3,2346
34.5,3,2,4,2354
34.5,3,2,5,2361
34.5,3,2,6,2369
34.5,3,2,7,2376
34.5,3,2,8,2383
34.5,3,2,9,2390
34.5,3,2,10,2398
34.5,3,2,11,2405
34.5,3,2,12,2412
34.5,3,2,13,2419
34.5,3,2,14,2427
34.5,3,2,15,2434
34.5,3,3,0,2332
34.5,3,3,1,2339
34.5,3,3,2,2347
34.5,3,3,3,2354
34.5,3,3,4,2362
34.5,3,3,5,2369
34.5,3,3,6,2376
34.5,3,3,7,2384
34.5,3,3,8,2391
34.5,3,3,9,2398
34.5,3,3,10,2406
34.5,3,3,11,2413
34.5,3,3,12,2420
34.5,3,3,13,2427
34.5,3,3,14,2435
34.5,3,3,15,2442
34.5,3,4,0,2339
34.5,3,4,1,2347
34.5,3,4,2,2354
34.5,3,4,3,2362
34.5,3,4,4,2369
34.5,3,4,5,2377
34.5,3,4,6,2384
34.5,3,4,7,2392
34.5,3,4,8,2399
34.5,3,4,9,2406
34.5,3,4,10,2414
34.5,3,4,11,2421
34.5,3,4,12,2428
34.5,3,4,13,2435
34.5,3,4,14,2443
34.5,3,4,15,2450
34.5,3,5,0,2347
34.5,3,5,1,2354
34.5,3,5,2,2362
34.5,3,5,3,2370
34.5,3,5,4,2377
34.5,3,5,5,2384
34.5,3,5,6,2392
34.5,3,5,7,2399
34.5,3,5,8,2407
34.5,3,5,9,2414
34.5,3,5,10,2421
34.5,3,5,11,2429
34.5,3,5,12,2436
34.5,3,5,13,2443
34.5,3,5,14,2451
34.5,3,5,15,2458
34.5,3,6,0,2355
34.5,3,6,1,2362
34.5,3,6,2,2370
34.5,3,6,3,2377
34.5,3,6,4,2385
34.5,3,6,5,2392
34.5,3,6,6,2400
34.5,3,6,7,2407
34.5,3,6,8,2415
34.5,3,6,9,2422
34.5,3,6,10,2429
34.5,3,6,11,2437
34.5,3,6,12,2444
34.5,3,6,13,2451
34.5,3,6,14,2459
34.5,3,6,15,2466
34.5,3,7,0,2362
34.5,3,7,1,2370
34.5,3,7,2,2377
34.5,3,7,3,2385
34.5,3,7,4,2392
34.5,3,7,5,2400
34.5,3,7,6,2407
34.5,3,7,7,2415
34.5,3,7,8,2422
34.5,3,7,9,2430
34.5,3,7,10,2437
34.5,3,7,11,2445
34.5,3,7,12,2452
34.5,3,7,13,2459
34.5,3,7,14,2467
34.5,3,7,15,2474
34.5,3,8,0,2370
34.5,3,8,1,2377
34.5,3,8,2,2385
34.5,3,8,3,2393
34.5,3,8,4,2400
34.5,3,8,5,2408
34.5,3,8,6,2415
34.5,3,8,7,2423
34.5,3,8,8,2430
34.5,3,8,9,2438
34.5,3,8,10,2445
34.5,3,8,11,2452
34.5,3,8,12,2460
34.5,3,8,13,2467
34.5,3,8,14,2474
34.5,3,8,15,2482
34.5,3,9,0,2377
34.5,3,9,1,2385
34.5,3,9,2,2393
34.5,3,9,3,2400
34.5,3,9,4,2408
34.5,3,9,5,2415
34.5,3,9,6,2423
34.5,3,9,7,2430
34.5,3,9,8,2438
34.5,3,9,9,2445
34.5,3,9,10,2453
34.5,3,9,11,2460
34.5,3,9,12,2468
34.5,3,9,13,2475
34.5,3,9,14,2482
34.5,3,9,15,2490
34.5,3,10,0,2385
34.5,3,10,1,2392
34.5,3,10,2,2400
34.5,3,10,3,2408
34.5,3,10,4,2415
34.5,3,10,5,2423
34.5,3,10,6,2430
34.5,3,10,7,2438
34.5,3,10,8,2446
34.5,3,10,9,2453
34.5,3,10,10,2460
34.5,3,10,11,2468
34.5,3,10,12,2475
34.5,3,10,13,2483
34.5,3,10,14,2490
34.5,3,10,15,2497
34.5,3,11,0,2392
34.5,3,11,1,2400
34.5,3,11,2,2408
34.5,3,11,3,2415
34.5,3,11,4,2423
34.5,3,11,5,2430
34.5,3,11,6,2438
34.5,3,11,7,2446
34.5,3,11,8,2453
34.5,3,11,9,2461
34.5,3,11,10,2468
34.5,3,11,11,2476
34.5,3,11,12,2483
34.5,3,11,13,2491
34.5,3,11,14,2498
34.5,3,11,15,2505
34.5,3,12,0,2400
34.5,3,12,1,2407
34.5,3,12,2,2415
34.5,3,12,3,2423
34.5,3,12,4,2430
34.5,3,12,5,2438
34.5,3,12,6,2446
34.5,3,12,7,2453
34.5,3,12,8,2461
34.5,3,12,9,2468
34.5,3,12,10,2476
34.5,3,12,11,2483
34.5,3,12,12,2491
34.5,3,12,13,2498
34.5,3,12,14,2506
34.5,3,12,15,2513
34.5,3,13,0,2407
34.5,3,13,1,2415
34.5,3,13,2,2423
34.5,3,13,3,2430
34.5,3,13,4,2438
34.5,3,13,5,2446
34.5,3,13,6,2453
34.5,3,13,7,2461
34.5,3,13,8,2468
34.5,3,13,9,2476
34.5,3,13,10,2484
34.5,3,13,11,2491
34.5,3,13,12,2499
34.5,3,13,13,2506
34.5,3,13,14,2513
34.5,3,13,15,2521
34.5,3,14,0,2415
34.5,3,14,1,2422
34.5,3,14,2,2430
34.5,3,14,3,2438
34.5,3,14,4,2446
34.5,3,14,5,2453
34.5,3,14,6,2461
34.5,3,14,7,2468
34.5,3,14,8,2476
34.5,3,14,9,2484
34.5,3,14,10,2491
34.5,3,14,11,2499
34.5,3,14,12,2506
34.5,3,14,13,2514
34.5,3,14,14,2521
34.5,3,14,15,2529
34.5,3,15,0,2422
34.5,3,15,1,2430
34.5,3,15,2,2438
34.5,3,15,3,2445
34.5,3,15,4,2453
34.5,3,15,5,2461
34.5,3,15,6,2468
34.5,3,15,7,2476
34.5,3,15,8,2484
34.5,3,15,9,2491
34.5,3,15,10,2499
34.5,3,15,11,2506
34.5,3,15,12,2514
34.5,3,15,13,2521
34.5,3,15,14,2529
34.5,3,15,15,2536
34.5,4,0,0,2317
34.5,4,0,1,2325
34.5,4,0,2,2332
34.5,4,0,3,2340
34.5,4,0,4,2347
34.5,4,0,5,2354
34.5,4,0,6,2362
34.5,4,0,7,2369
34.5,4,0,8,2376
34.5,4,0,9,2384
34.5,4,0,10,2391
34.5,4,0,11,2398
34.5,4,0,12,2405
34.5,4,0,13,2412
34.5,4,0,14,2420
34.5,4,0,15,2427
34.5,4,1,0,2325
34.5,4,1,1,2332
34.5,4,1,2,2340
34.5,4,1,3,2347
34.5,4,1,4,2355
34.5,4,1,5,2362
34.5,4,1,6,2370
34.5,4,1,7,2377
34.5,4,1,8,2384
34.5,4,1,9,2392
34.5,4,1,10,2399
34.5,4,1,11,2406
34.5,4,1,12,2413
34.5,4,1,13,2421
34.5,4,1,14,2428
34.5,4,1,15,2435
34.5,4,2,0,2333
34.5,4,2,1,2340
34.5,4,2,2,2348
34.5,4,2,3,2355
34.5,4,2,4,2363
34.5,4,2,5,2370
34.5,4,2,6,2377
34.5,4,2,7,2385
34.5,4,2,8,2392
34.5,4,2,9,2400
34.5,4,2,10,2407
34.5,4,2,11,2414
34.5,4,2,12,2421
34.5,4,2,13,2429
34.5,4,2,14,2436
34.5,4,2,15,2443
34.5,4,3,0,2340
34.5,4,3,1,2348
34.5,4,3,2,2356
34.5,4,3,3,2363
34.5,4,3,4,2370
34.5,4,3,5,2378
34.5,4,3,6,2385
34.5,4,3,7,2393
34.5,4,3,8,2400
34.5,4,3,9,2407
34.5,4,3,10,2415
34.5,4,3,11,2422
34.5,4,3,12,2429
34.5,4,3,13,2437
34.5,4,3,14,2444
34.5,4,3,15,2451
34.5,4,4,0,2348
34.5,4,4,1,2356
34.5,4,4,2,2363
34.5,4,4,3,2371
34.5,4,4,4,2378
34.5,4,4,5,2386
34.5,4,4,6,2393
34.5,4,4,7,2401
34.5,4,4,8,2408
34.5,4,4,9,2415
34.5,4,4,10,2423
34.5,4,4,11,2430
34.5,4,4,12,2437
34.5,4,4,13,2445
34.5,4,4,14,2452
34.5,4,4,15,2459
34.5,4,5,0,2356
34.5,4,5,1,2363
34.5,4,5,2,2371
34.5,4,5,3,2379
34.5,4,5,4,2386
34.5,4,5,5,2394
34.5,4,5,6,2401
34.5,4,5,7,2408
34.5,4,5,8,2416
34.5,4,5,9,2423
34.5,4,5,10,2431
34.5,4,5,11,2438
34.5,4,5,12,2445
34.5,4,5,13,2453
34.5,4,5,14,2460
34.5,4,5,15,2467
34.5,4,6,0,2363
34.5,4,6,1,2371
34.5,4,6,2,2379
34.5,4,6,3,2386
34.5,4,6,4,2394
34.5,4,6,5,2401
34.5,4,6,6,2409
34.5,4,6,7,2416
34.5,4,6,8,2424
34.5,4,6,9,2431
34.5,4,6,10,2439
34.5,4,6,11,2446
34.5,4,6,12,2453
34.5,4,6,13,2461
34.5,4,6,14,2468
34.5,4,6,15,2475
34.5,4,7,0,2371
34.5,4,7,1,2379
34.5,4,7,2,2386
34.5,4,7,3,2394
34.5,4,7,4,2401
34.5,4,7,5,2409
34.5,4,7,6,2417
34.5,4,7,7,2424
34.5,4,7,8,2431
34.5,4,7,9,2439
34.5,4,7,10,2446
34.5,4,7,11,2454
34.5,4,7,12,2461
34.5,4,7,13,2469
34.5,4,7,14,2476
34.5,4,7,15,2483
34.5,4,8,0,2379
34.5,4,8,1,2386
34.5,4,8,2,2394
34.5,4,8,3,2402
34.5,4,8,4,2409
34.5,4,8,5,2417
34.5,4,8,6,2424
34.5,4,8,7,2432
34.5,4,8,8,2439
34.5,4,8,9,2447
34.5,4,8,10,2454
34.5,4,8,11,2462
34.5,4,8,12,2469
34.5,4,8,13,2476
34.5,4,8,14,2484
34.5,4,8,15,2491
34.5,4,9,0,2386
34.5,4,9,1,2394
34.5,4,9,2,2402
34.5,4,9,3,2409
34.5,4,9,4,2417
34.5,4,9,5,2424
34.5,4,9,6,2432
34.5,4,9,7,2440
34.5,4,9,8,2447
34.5,4,9,9,2455
34.5,4,9,10,2462
34.5,4,9,11,2469
34.5,4,9,12,2477
34.5,4,9,13,2484
34.5,4,9,14,2492
34.5,4,9,15,2499
34.5,4,10,0,2394
34.5,4,10,1,2401
34.5,4,10,2,2409
34.5,4,10,3,2417
34.5,4,10,4,2424
34.5,4,10,5,2432
34.5,4,10,6,2440
34.5,4,10,7,2447
34.5,4,10,8,2455
34.5,4,10,9,2462
34.5,4,10,10,2470
34.5,4,10,11,2477
34.5,4,10,12,2485
34.5,4,10,13,2492
34.5,4,10,14,2500
34.5,4,10,15,2507
34.5,4,11,0,2401
34.5,4,11,1,2409
34.5,4,11,2,2417
34.5,4,11,3,2424
34.5,4,11,4,2432
34.5,4,11,5,2440
34.5,4,11,6,2447
34.5,4,11,7,2455
34.5,4,11,8,2462
34.5,4,11,9,2470
34.5,4,11,10,2478
34.5,4,11,11,2485
34.5,4,11,12,2493
34.5,4,11,13,2500
34.5,4,11,14,2507
34.5,4,11,15,2515
34.5,4,12,0,2409
34.5,4,12,1,2417
34.5,4,12,2,2424
34.5,4,12,3,2432
34.5,4,12,4,2440
34.5,4,12,5,2447
34.5,4,12,6,2455
34.5,4,12,7,2463
34.5,4,12,8,2470
34.5,4,12,9,2478
34.5,4,12,10,2485
34.5,4,12,11,2493
34.5,4,12,12,2500
34.5,4,12,13,2508
34.5,4,12,14,2515
34.5,4,12,15,2523
34.5,4,13,0,2416
34.5,4,13,1,2424
34.5,4,13,2,2432
34.5,4,13,3,2440
34.5,4,13,4,2447
34.5,4,13,5,2455
34.5,4,13,6,2463
34.5,4,13,7,2470
34.5,4,13,8,2478
34.5,4,13,9,2485
34.5,4,13,10,2493
34.5,4,13,11,2501
34.5,4,13,12,2508
34.5,4,13,13,2516
34.5,4,13,14,2523
34.5,4,13,15,2530
34.5,4,14,0,2424
34.5,4,14,1,2431
34.5,4,14,2,2439
34.5,4,14,3,2447
34.5,4,14,4,2455
34.5,4,14,5,2462
34.5,4,14,6,2470
34.5,4,14,7,2478
34.5,4,14,8,2485
34.5,4,14,9,2493
34.5,4,14,10,2501
34.5,4,14,11,2508
34.5,4,14,12,2516
34.5,4,14,13,2523
34.5,4,14,14,2531
34.5,4,14,15,2538
34.5,4,15,0,2431
34.5,4,15,1,2439
34.5,4,15,2,2447
34.5,4,15,3,2455
34.5,4,15,4,2462
34.5,4,15,5,2470
34.5,4,15,6,2478
34.5,4,15,7,2485
34.5,4,15,8,2493
34.5,4,15,9,2501
34.5,4,15,10,2508
34.5,4,15,11,2516
34.5,4,15,12,2523
34.5,4,15,13,2531
34.5,4,15,14,2539
34.5,4,15,15,2546
34.5,5,0,0,2326
34.5,5,0,1,2333
34.5,5,0,2,2341
34.5,5,0,3,2348
34.5,5,0,4,2356
34.5,5,0,5,2363
34.5,5,0,6,2371
34.5,5,0,7,2378
34.5,5,0,8,2385
34.5,5,0,9,2393
34.5,5,0,10,2400
34.5,5,0,11,2407
34.5,5,0,12,2414
34.5,5,0,13,2422
34.5,5,0,14,2429
34.5,5,0,15,2436
34.5,5,1,0,2334
34.5,5,1,1,2341
34.5,5,1,2,2349
34.5,5,1,3,2356
34.5,5,1,4,2364
34.5,5,1,5,2371
34.5,5,1,6,2379
34.5,5,1,7,2386
34.5,5,1,8,2393
34.5,5,1,9,2401
34.5,5,1,10,2408
34.5,5,1,11,2415
34.5,5,1,12,2422
34.5,5,1,13,2430
34.5,5,1,14,2437
34.5,5,1,15,2444
34.5,5,2,0,2342
34.5,5,2,1,2349
34.5,5,2,2,2357
34.5,5,2,3,2364
34.5,5,2,4,2372
34.5,5,2,5,2379
34.5,5,2,6,2386
34.5,5,2,7,2394
34.5,5,2,8,2401
34.5,5,2,9,2409
34.5,5,2,10,2416
34.5,5,2,11,2423
34.5,5,2,12,2431
34.5,5,2,13,2438
34.5,5,2,14,2445
34.5,5,2,15,2452
34.5,5,3,0,2349
34.5,5,3,1,2357
34.5,5,3,2,2364
34.5,5,3,3,2372
34.5,5,3,4,2379
34.5,5,3,5,2387
34.5,5,3,6,2394
34.5,5,3,7,2402
34.5,5,3,8,2409
34.5,5,3,9,2417
34.5,5,3,10,2424
34.5,5,3,11,2431
34.5,5,3,12,2439
34.5,5,3,13,2446
34.5,5,3,14,2453
34.5,5,3,15,2460
34.5,5,4,0,2357
34.5,5,4,1,2365
34.5,5,4,2,2372
34.5,5,4,3,2380
34.5,5,4,4,2387
34.5,5,4,5,2395
34.5,5,4,6,2402
34.5,5,4,7,2410
34.5,5,4,8,2417
34.5,5,4,9,2424
34.5,5,4,10,2432
34.5,5,4,11,2439
34.5,5,4,12,2447
34.5,5,4,13,2454
34.5,5,4,14,2461
34.5,5,4,15,2468
34.5,5,5,0,2365
34.5,5,5,1,2372
34.5,5,5,2,2380
34.5,5,5,3,2387
34.5,5,5,4,2395
34.5,5,5,5,2403
34.5,5,5,6,2410
34.5,5,5,7,2418
34.5,5,5,8,2425
34.5,5,5,9,2432
34.5,5,5,10,2440
34.5,5,5,11,2447
34.5,5,5,12,2455
34.5,5,5,13,2462
34.5,5,5,14,2469
34.5,5,5,15,2477
34.5,5,6,0,2372
34.5,5,6,1,2380
34.5,5,6,2,2388
34.5,5,6,3,2395
34.5,5,6,4,2403
34.5,5,6,5,2410
34.5,5,6,6,2418
34.5,5,6,7,2425
34.5,5,6,8,2433
34.5,5,6,9,2440
34.5,5,6,10,2448
34.5,5,6,11,2455
34.5,5,6,12,2463
34.5,5,6,13,2470
34.5,5,6,14,2477
34.5,5,6,15,2485
34.5,5,7,0,2380
34.5,5,7,1,2388
34.5,5,7,2,2395
34.5,5,7,3,2403
34.5,5,7,4,2411
34.5,5,7,5,2418
34.5,5,7,6,2426
34.5,5,7,7,2433
34.5,5,7,8,2441
34.5,5,7,9,2448
34.5,5,7,10,2456
34.5,5,7,11,2463
34.5,5,7,12,2470
34.5,5,7,13,2478
34.5,5,7,14,2485
34.5,5,7,15,2493
34.5,5,8,0,2388
34.5,5,8,1,2395
34.5,5,8,2,2403
34.5,5,8,3,2411
34.5,5,8,4,2418
34.5,5,8,5,2426
34.5,5,8,6,2433
34.5,5,8,7,2441
34.5,5,8,8,2448
34.5,5,8,9,2456
34.5,5,8,10,2463
34.5,5,8,11,2471
34.5,5,8,12,2478
34.5,5,8,13,2486
34.5,5,8,14,2493
34.5,5,8,15,2501
34.5,5,9,0,2395
34.5,5,9,1,2403
34.5,5,9,2,2411
34.5,5,9,3,2418
34.5,5,9,4,2426
34.5,5,9,5,2434
34.5,5,9,6,2441
34.5,5,9,7,2449
34.5,5,9,8,2456
34.5,5,9,9,2464
34.5,5,9,10,2471
34.5,5,9,11,2479
34.5,5,9,12,2486
34.5,5,9,13,2494
34.5,5,9,14,2501
34.5,5,9,15,2508
34.5,5,10,0,2403
34.5,5,10,1,2411
34.5,5,10,2,2418
34.5,5,10,3,2426
34.5,5,10,4,2434
34.5,5,10,5,2441
34.5,5,10,6,2449
34.5,5,10,7,2456
34.5,5,10,8,2464
34.5,5,10,9,2472
34.5,5,10,10,2479
34.5,5,10,11,2487
34.5,5,10,12,2494
34.5,5,10,13,2502
34.5,5,10,14,2509
34.5,5,10,15,2516
34.5,5,11,0,2410
34.5,5,11,1,2418
34.5,5,11,2,2426
34.5,5,11,3,2434
34.5,5,11,4,2441
34.5,5,11,5,2449
34.5,5,11,6,2457
34.5,5,11,7,2464
34.5,5,11,8,2472
34.5,5,11,9,2479
34.5,5,11,10,2487
34.5,5,11,11,2494
34.5,5,11,12,2502
34.5,5,11,13,2509
34.5,5,11,14,2517
34.5,5,11,15,2524
34.5,5,12,0,2418
34.5,5,12,1,2426
34.5,5,12,2,2433
34.5,5,12,3,2441
34.5,5,12,4,2449
34.5,5,12,5,2457
34.5,5,12,6,2464
34.5,5,12,7,2472
34.5,5,12,8,2479
34.5,5,12,9,2487
34.5,5,12,10,2495
34.5,5,12,11,2502
34.5,5,12,12,2510
34.5,5,12,13,2517
34.5,5,12,14,2525
34.5,5,12,15,2532
34.5,5,13,0,2425
34.5,5,13,1,2433
34.5,5,13,2,2441
34.5,5,13,3,2449
34.5,5,13,4,2456
34.5,5,13,5,2464
34.5,5,13,6,2472
34.5,5,13,7,2480
34.5,5,13,8,2487
34.5,5,13,9,2495
34.5,5,13,10,2502
34.5,5,13,11,2510
34.5,5,13,12,2518
34.5,5,13,13,2525
34.5,5,13,14,2533
34.5,5,13,15,2540
34.5,5,14,0,2433
34.5,5,14,1,2441
34.5,5,14,2,2448
34.5,5,14,3,2456
34.5,5,14,4,2464
34.5,5,14,5,2472
34.5,5,14,6,2479
34.5,5,14,7,2487
34.5,5,14,8,2495
34.5,5,14,9,2502
34.5,5,14,10,2510
34.5,5,14,11,2518
34.5,5,14,12,2525
34.5,5,14,13,2533
34.5,5,14,14,2540
34.5,5,14,15,2548
34.5,5,15,0,2440
34.5,5,15,1,2448
34.5,5,15,2,2456
34.5,5,15,3,2464
34.5,5,15,4,2472
34.5,5,15,5,2479
34.5,5,15,6,2487
34.5,5,15,7,2495
34.5,5,15,8,2502
34.5,5,15,9,2510
34.5,5,15,10,2518
34.5,5,15,11,2525
34.5,5,15,12,2533
34.5,5,15,13,2541
34.5,5,15,14,2548
34.5,5,15,15,2556
34.5,6,0,0,2335
34.5,6,0,1,2342
34.5,6,0,2,2350
34.5,6,0,3,2357
34.5,6,0,4,2365
34.5,6,0,5,2372
34.5,6,0,6,2380
34.5,6,0,7,2387
34.5,6,0,8,2394
34.5,6,0,9,2402
34.5,6,0,10,2409
34.5,6,0,11,2416
34.5,6,0,12,2423
34.5,6,0,13,2431
34.5,6,0,14,2438
34.5,6,0,15,2445
34.5,6,1,0,2343
34.5,6,1,1,2350
34.5,6,1,2,2358
34.5,6,1,3,2365
34.5,6,1,4,2373
34.5,6,1,5,2380
34.5,6,1,6,2387
34.5,6,1,7,2395
34.5,6,1,8,2402
34.5,6,1,9,2410
34.5,6,1,10,2417
34.5,6,1,11,2424
34.5,6,1,12,2432
34.5,6,1,13,2439
34.5,6,1,14,2446
34.5,6,1,15,2453
34.5,6,2,0,2350
34.5,6,2,1,2358
34.5,6,2,2,2365
34.5,6,2,3,2373
34.5,6,2,4,2380
34.5,6,2,5,2388
34.5,6,2,6,2395
34.5,6,2,7,2403
34.5,6,2,8,2410
34.5,6,2,9,2418
34.5,6,2,10,2425
34.5,6,2,11,2432
34.5,6,2,12,2440
34.5,6,2,13,2447
34.5,6,2,14,2454
34.5,6,2,15,2461
34.5,6,3,0,2358
34.5,6,3,1,2366
34.5,6,3,2,2373
34.5,6,3,3,2381
34.5,6,3,4,2388
34.5,6,3,5,2396
34.5,6,3,6,2403
34.5,6,3,7,2411
34.5,6,3,8,2418
34.5,6,3,9,2426
34.5,6,3,10,2433
34.5,6,3,11,2440
34.5,6,3,12,2448
34.5,6,3,13,2455
34.5,6,3,14,2462
34.5,6,3,15,2470
34.5,6,4,0,2366
34.5,6,4,1,2373
34.5,6,4,2,2381
34.5,6,4,3,2389
34.5,6,4,4,2396
34.5,6,4,5,2404
34.5,6,4,6,2411
34.5,6,4,7,2419
34.5,6,4,8,2426
34.5,6,4,9,2434
34.5,6,4,10,2441
34.5,6,4,11,2448
34.5,6,4,12,2456
34.5,6,4,13,2463
34.5,6,4,14,2470
34.5,6,4,15,2478
34.5,6,5,0,2374
34.5,6,5,1,2381
34.5,6,5,2,2389
34.5,6,5,3,2396
34.5,6,5,4,2404
34.5,6,5,5,2412
34.5,6,5,6,2419
34.5,6,5,7,2427
34.5,6,5,8,2434
34.5,6,5,9,2442
34.5,6,5,10,2449
34.5,6,5,11,2456
34.5,6,5,12,2464
34.5,6,5,13,2471
34.5,6,5,14,2478
34.5,6,5,15,2486
34.5,6,6,0,2381
34.5,6,6,1,2389
34.5,6,6,2,2397
34.5,6,6,3,2404
34.5,6,6,4,2412
34.5,6,6,5,2419
34.5,6,6,6,2427
34.5,6,6,7,2434
34.5,6,6,8,2442
34.5,6,6,9,2449
34.5,6,6,10,2457
34.5,6,6,11,2464
34.5,6,6,12,2472
34.5,6,6,13,2479
34.5,6,6,14,2487
34.5,6,6,15,2494
34.5,6,7,0,2389
34.5,6,7,1,2397
34.5,6,7,2,2404
34.5,6,7,3,2412
34.5,6,7,4,2420
34.5,6,7,5,2427
34.5,6,7,6,2435
34.5,6,7,7,2442
34.5,6,7,8,2450
34.5,6,7,9,2457
34.5,6,7,10,2465
34.5,6,7,11,2472
34.5,6,7,12,2480
34.5,6,7,13,2487
34.5,6,7,14,2495
34.5,6,7,15,2502
34.5,6,8,0,2397
34.5,6,8,1,2404
34.5,6,8,2,2412
34.5,6,8,3,2420
34.5,6,8,4,2427
34.5,6,8,5,2435
34.5,6,8,6,2443
34.5,6,8,7,2450
34.5,6,8,8,2458
34.5,6,8,9,2465
34.5,6,8,10,2473
34.5,6,8,11,2480
34.5,6,8,12,2488
34.5,6,8,13,2495
34.5,6,8,14,2503
34.5,6,8,15,2510
34.5,6,9,0,2404
34.5,6,9,1,2412
34.5,6,9,2,2420
34.5,6,9,3,2427
34.5,6,9,4,2435
34.5,6,9,5,2443
34.5,6,9,6,2450
34.5,6,9,7,2458
34.5,6,9,8,2466
34.5,6,9,9,2473
34.5,6,9,10,2481
34.5,6,9,11,2488
34.5,6,9,12,2496
34.5,6,9,13,2503
34.5,6,9,14,2510
34.5,6,9,15,2518
34.5,6,10,0,2412
34.5,6,10,1,2420
34.5,6,10,2,2427
34.5,6,10,3,2435
34.5,6,10,4,2443
34.5,6,10,5,2450
34.5,6,10,6,2458
34.5,6,10,7,2466
34.5,6,10,8,2473
34.5,6,10,9,2481
34.5,6,10,10,2488
34.5,6,10,11,2496
34.5,6,10,12,2503
34.5,6,10,13,2511
34.5,6,10,14,2518
34.5,6,10,15,2526
34.5,6,11,0,2419
34.5,6,11,1,2427
34.5,6,11,2,2435
34.5,6,11,3,2443
34.5,6,11,4,2450
34.5,6,11,5,2458
34.5,6,11,6,2466
34.5,6,11,7,2473
34.5,6,11,8,2481
34.5,6,11,9,2489
34.5,6,11,10,2496
34.5,6,11,11,2504
34.5,6,11,12,2511
34.5,6,11,13,2519
34.5,6,11,14,2526
34.5,6,11,15,2534
34.5,6,12,0,2427
34.5,6,12,1,2435
34.5,6,12,2,2443
34.5,6,12,3,2450
34.5,6,12,4,2458
34.5,6,12,5,2466
34.5,6,12,6,2473
34.5,6,12,7,2481
34.5,6,12,8,2489
34.5,6,12,9,2496
34.5,6,12,10,2504
34.5,6,12,11,2512
34.5,6,12,12,2519
34.5,6,12,13,2527
34.5,6,12,14,2534
34.5,6,12,15,2542
34.5,6,13,0,2434
34.5,6,13,1,2442
34.5,6,13,2,2450
34.5,6,13,3,2458
34.5,6,13,4,2466
34.5,6,13,5,2473
34.5,6,13,6,2481
34.5,6,13,7,2489
34.5,6,13,8,2497
34.5,6,13,9,2504
34.5,6,13,10,2512
34.5,6,13,11,2519
34.5,6,13,12,2527
34.5,6,13,13,2535
34.5,6,13,14,2542
34.5,6,13,15,2550
34.5,6,14,0,2442
34.5,6,14,1,2450
34.5,6,14,2,2458
34.5,6,14,3,2466
34.5,6,14,4,2473
34.5,6,14,5,2481
34.5,6,14,6,2489
34.5,6,14,7,2497
34.5,6,14,8,2504
34.5,6,14,9,2512
34.5,6,14,10,2520
34.5,6,14,11,2527
34.5,6,14,12,2535
34.5,6,14,13,2542
34.5,6,14,14,2550
34.5,6,14,15,2557
34.5,6,15,0,2449
34.5,6,15,1,2457
34.5,6,15,2,2465
34.5,6,15,3,2473
34.5,6,15,4,2481
34.5,6,15,5,2489
34.5,6,15,6,2496
34.5,6,15,7,2504
34.5,6,15,8,2512
34.5,6,15,9,2520
34.5,6,15,10,2527
34.5,6,15,11,2535
34.5,6,15,12,2543
34.5,6,15,13,2550
34.5,6,15,14,2558
34.5,6,15,15,2565
34.5,7,0,0,2343
34.5,7,0,1,2351
34.5,7,0,2,2359
34.5,7,0,3,2366
34.5,7,0,4,2374
34.5,7,0,5,2381
34.5,7,0,6,2388
34.5,7,0,7,2396
34.5,7,0,8,2403
34.5,7,0,9,2411
34.5,7,0,10,2418
34.5,7,0,11,2425
34.5,7,0,12,2433
34.5,7,0,13,2440
34.5,7,0,14,2447
34.5,7,0,15,2454
34.5,7,1,0,2351
34.5,7,1,1,2359
34.5,7,1,2,2366
34.5,7,1,3,2374
34.5,7,1,4,2381
34.5,7,1,5,2389
34.5,7,1,6,2396
34.5,7,1,7,2404
34.5,7,1,8,2411
34.5,7,1,9,2419
34.5,7,1,10,2426
34.5,7,1,11,2433
34.5,7,1,12,2441
34.5,7,1,13,2448
34.5,7,1,14,2455
34.5,7,1,15,2463
34.5,7,2,0,2359
34.5,7,2,1,2367
34.5,7,2,2,2374
34.5,7,2,3,2382
34.5,7,2,4,2389
34.5,7,2,5,2397
34.5,7,2,6,2404
34.5,7,2,7,2412
34.5,7,2,8,2419
34.5,7,2,9,2427
34.5,7,2,10,2434
34.5,7,2,11,2441
34.5,7,2,12,2449
34.5,7,2,13,2456
34.5,7,2,14,2463
34.5,7,2,15,2471
34.5,7,3,0,2367
34.5,7,3,1,2375
34.5,7,3,2,2382
34.5,7,3,3,2390
34.5,7,3,4,2397
34.5,7,3,5,2405
34.5,7,3,6,2412
34.5,7,3,7,2420
34.5,7,3,8,2427
34.5,7,3,9,2435
34.5,7,3,10,2442
34.5,7,3,11,2450
34.5,7,3,12,2457
34.5,7,3,13,2464
34.5,7,3,14,2472
34.5,7,3,15,2479
34.5,7,4,0,2375
34.5,7,4,1,2382
34.5,7,4,2,2390
34.5,7,4,3,2398
34.5,7,4,4,2405
34.5,7,4,5,2413
34.5,7,4,6,2420
34.5,7,4,7,2428
34.5,7,4,8,2435
34.5,7,4,9,2443
34.5,7,4,10,2450
34.5,7,4,11,2458
34.5,7,4,12,2465
34.5,7,4,13,2472
34.5,7,4,14,2480
34.5,7,4,15,2487
34.5,7,5,0,2382
34.5,7,5,1,2390
34.5,7,5,2,2398
34.5,7,5,3,2405
34.5,7,5,4,2413
34.5,7,5,5,2421
34.5,7,5,6,2428
34.5,7,5,7,2436
34.5,7,5,8,2443
34.5,7,5,9,2451
34.5,7,5,10,2458
34.5,7,5,11,2466
34.5,7,5,12,2473
34.5,7,5,13,2480
34.5,7,5,14,2488
34.5,7,5,15,2495
34.5,7,6,0,2390
34.5,7,6,1,2398
34.5,7,6,2,2406
34.5,7,6,3,2413
34.5,7,6,4,2421
34.5,7,6,5,2428
34.5,7,6,6,2436
34.5,7,6,7,2444
34.5,7,6,8,2451
34.5,7,6,9,2459
34.5,7,6,10,2466
34.5,7,6,11,2474
34.5,7,6,12,2481
34.5,7,6,13,2488
34.5,7,6,14,2496
34.5,7,6,15,2503
34.5,7,7,0,2398
34.5,7,7,1,2406
34.5,7,7,2,2413
34.5,7,7,3,2421
34.5,7,7,4,2429
34.5,7,7,5,2436
34.5,7,7,6,2444
34.5,7,7,7,2451
34.5,7,7,8,2459
34.5,7,7,9,2467
34.5,7,7,10,2474
34.5,7,7,11,2482
34.5,7,7,12,2489
34.5,7,7,13,2496
34.5,7,7,14,2504
34.5,7,7,15,2511
34.5,7,8,0,2406
34.5,7,8,1,2413
34.5,7,8,2,2421
34.5,7,8,3,2429
34.5,7,8,4,2436
34.5,7,8,5,2444
34.5,7,8,6,2452
34.5,7,8,7,2459
34.5,7,8,8,2467
34.5,7,8,9,2474
34.5,7,8,10,2482
34.5,7,8,11,2489
34.5,7,8,12,2497
34.5,7,8,13,2504
34.5,7,8,14,2512
34.5,7,8,15,2519
34.5,7,9,0,2413
34.5,7,9,1,2421
34.5,7,9,2,2429
34.5,7,9,3,2436
34.5,7,9,4,2444
34.5,7,9,5,2452
34.5,7,9,6,2460
34.5,7,9,7,2467
34.5,7,9,8,2475
34.5,7,9,9,2482
34.5,7,9,10,2490
34.5,7,9,11,2497
34.5,7,9,12,2505
34.5,7,9,13,2512
34.5,7,9,14,2520
34.5,7,9,15,2527
34.5,7,10,0,2421
34.5,7,10,1,2429
34.5,7,10,2,2436
34.5,7,10,3,2444
34.5,7,10,4,2452
34.5,7,10,5,2460
34.5,7,10,6,2467
34.5,7,10,7,2475
34.5,7,10,8,2483
34.5,7,10,9,2490
34.5,7,10,10,2498
34.5,7,10,11,2505
34.5,7,10,12,2513
34.5,7,10,13,2520
34.5,7,10,14,2528
34.5,7,10,15,2535
34.5,7,11,0,2428
34.5,7,11,1,2436
34.5,7,11,2,2444
34.5,7,11,3,2452
34.5,7,11,4,2460
34.5,7,11,5,2467
34.5,7,11,6,2475
34.5,7,11,7,2483
34.5,7,11,8,2490
34.5,7,11,9,2498
34.5,7,11,10,2506
34.5,7,11,11,2513
34.5,7,11,12,2521
34.5,7,11,13,2528
34.5,7,11,14,2536
34.5,7,11,15,2543
34.5,7,12,0,2436
34.5,7,12,1,2444
34.5,7,12,2,2452
34.5,7,12,3,2460
34.5,7,12,4,2467
34.5,7,12,5,2475
34.5,7,12,6,2483
34.5,7,12,7,2490
34.5,7,12,8,2498
34.5,7,12,9,2506
34.5,7,12,10,2513
34.5,7,12,11,2521
34.5,7,12,12,2529
34.5,7,12,13,2536
34.5,7,12,14,2544
34.5,7,12,15,2551
34.5,7,13,0,2444
34.5,7,13,1,2451
34.5,7,13,2,2459
34.5,7,13,3,2467
34.5,7,13,4,2475
34.5,7,13,5,2483
34.5,7,13,6,2490
34.5,7,13,7,2498
34.5,7,13,8,2506
34.5,7,13,9,2514
34.5,7,13,10,2521
34.5,7,13,11,2529
34.5,7,13,12,2536
34.5,7,13,13,2544
34.5,7,13,14,2552
34.5,7,13,15,2559
34.5,7,14,0,2451
34.5,7,14,1,2459
34.5,7,14,2,2467
34.5,7,14,3,2475
34.5,7,14,4,2483
34.5,7,14,5,2490
34.5,7,14,6,2498
34.5,7,14,7,2506
34.5,7,14,8,2514
34.5,7,14,9,2521
34.5,7,14,10,2529
34.5,7,14,11,2537
34.5,7,14,12,2544
34.5,7,14,13,2552
34.5,7,14,14,2559
34.5,7,14,15,2567
34.5,7,15,0,2459
34.5,7,15,1,2467
34.5,7,15,2,2474
34.5,7,15,3,2482
34.5,7,15,4,2490
34.5,7,15,5,2498
34.5,7,15,6,2506
34.5,7,15,7,2514
34.5,7,15,8,2521
34.5,7,15,9,2529
34.5,7,15,10,2537
34.5,7,15,11,2544
34.5,7,15,12,2552
34.5,7,15,13,2560
34.5,7,15,14,2567
34.5,7,15,15,2575
34.5,8,0,0,2352
34.5,8,0,1,2360
34.5,8,0,2,2367
34.5,8,0,3,2375
34.5,8,0,4,2382
34.5,8,0,5,2390
34.5,8,0,6,2397
34.5,8,0,7,2405
34.5,8,0,8,2412
34.5,8,0,9,2420
34.5,8,0,10,2427
34.5,8,0,11,2434
34.5,8,0,12,2442
34.5,8,0,13,2449
34.5,8,0,14,2456
34.5,8,0,15,2463
34.5,8,1,0,2360
34.5,8,1,1,2368
34.5,8,1,2,2375
34.5,8,1,3,2383
34.5,8,1,4,2390
34.5,8,1,5,2398
34.5,8,1,6,2405
34.5,8,1,7,2413
34.5,8,1,8,2420
34.5,8,1,9,2428
34.5,8,1,10,2435
34.5,8,1,11,2442
34.5,8,1,12,2450
34.5,8,1,13,2457
34.5,8,1,14,2464
34.5,8,1,15,2472
34.5,8,2,0,2368
34.5,8,2,1,2376
34.5,8,2,2,2383
34.5,8,2,3,2391
34.5,8,2,4,2398
34.5,8,2,5,2406
34.5,8,2,6,2413
34.5,8,2,7,2421
34.5,8,2,8,2428
34.5,8,2,9,2436
34.5,8,2,10,2443
34.5,8,2,11,2451
34.5,8,2,12,2458
34.5,8,2,13,2465
34.5,8,2,14,2473
34.5,8,2,15,2480
34.5,8,3,0,2376
34.5,8,3,1,2383
34.5,8,3,2,2391
34.5,8,3,3,2399
34.5,8,3,4,2406
34.5,8,3,5,2414
34.5,8,3,6,2421
34.5,8,3,7,2429
34.5,8,3,8,2436
34.5,8,3,9,2444
34.5,8,3,10,2451
34.5,8,3,11,2459
34.5,8,3,12,2466
34.5,8,3,13,2473
34.5,8,3,14,2481
34.5,8,3,15,2488
34.5,8,4,0,2384
34.5,8,4,1,2391
34.5,8,4,2,2399
34.5,8,4,3,2407
34.5,8,4,4,2414
34.5,8,4,5,2422
34.5,8,4,6,2429
34.5,8,4,7,2437
34.5,8,4,8,2444
34.5,8,4,9,2452
34.5,8,4,10,2459
34.5,8,4,11,2467
34.5,8,4,12,2474
34.5,8,4,13,2482
34.5,8,4,14,2489
34.5,8,4,15,2496
34.5,8,5,0,2391
34.5,8,5,1,2399
34.5,8,5,2,2407
34.5,8,5,3,2414
34.5,8,5,4,2422
34.5,8,5,5,2430
34.5,8,5,6,2437
34.5,8,5,7,2445
34.5,8,5,8,2452
34.5,8,5,9,2460
34.5,8,5,10,2467
34.5,8,5,11,2475
34.5,8,5,12,2482
34.5,8,5,13,2490
34.5,8,5,14,2497
34.5,8,5,15,2504
34.5,8,6,0,2399
34.5,8,6,1,2407
34.5,8,6,2,2415
34.5,8,6,3,2422
34.5,8,6,4,2430
34.5,8,6,5,2438
34.5,8,6,6,2445
34.5,8,6,7,2453
34.5,8,6,8,2460
34.5,8,6,9,2468
34.5,8,6,10,2475
34.5,8,6,11,2483
34.5,8,6,12,2490
34.5,8,6,13,2498
34.5,8,6,14,2505
34.5,8,6,15,2513
34.5,8,7,0,2407
34.5,8,7,1,2415
34.5,8,7,2,2422
34.5,8,7,3,2430
34.5,8,7,4,2438
34.5,8,7,5,2445
34.5,8,7,6,2453
34.5,8,7,7,2461
34.5,8,7,8,2468
34.5,8,7,9,2476
34.5,8,7,10,2483
34.5,8,7,11,2491
34.5,8,7,12,2498
34.5,8,7,13,2506
34.5,8,7,14,2513
34.5,8,7,15,2521
34.5,8,8,0,2415
34.5,8,8,1,2422
34.5,8,8,2,2430
34.5,8,8,3,2438
34.5,8,8,4,2446
34.5,8,8,5,2453
34.5,8,8,6,2461
34.5,8,8,7,2468
34.5,8,8,8,2476
34.5,8,8,9,2484
34.5,8,8,10,2491
34.5,8,8,11,2499
34.5,8,8,12,2506
34.5,8,8,13,2514
34.5,8,8,14,2521
34.5,8,8,15,2529
34.5,8,9,0,2422
34.5,8,9,1,2430
34.5,8,9,2,2438
34.5,8,9,3,2446
34.5,8,9,4,2453
34.5,8,9,5,2461
34.5,8,9,6,2469
34.5,8,9,7,2476
34.5,8,9,8,2484
34.5,8,9,9,2492
34.5,8,9,10,2499
34.5,8,9,11,2507
34.5,8,9,12,2514
34.5,8,9,13,2522
34.5,8,9,14,2529
34.5,8,9,15,2537
34.5,8,10,0,2430
34.5,8,10,1,2438
34.5,8,10,2,2446
34.5,8,10,3,2453
34.5,8,10,4,2461
34.5,8,10,5,2469
34.5,8,10,6,2476
34.5,8,10,7,2484
34.5,8,10,8,2492
34.5,8,10,9,2499
34.5,8,10,10,2507
34.5,8,10,11,2515
34.5,8,10,12,2522
34.5,8,10,13,2530
34.5,8,10,14,2537
34.5,8,10,15,2545
34.5,8,11,0,2438
34.5,8,11,1,2445
34.5,8,11,2,2453
34.5,8,11,3,2461
34.5,8,11,4,2469
34.5,8,11,5,2477
34.5,8,11,6,2484
34.5,8,11,7,2492
34.5,8,11,8,2500
34.5,8,11,9,2507
34.5,8,11,10,2515
34.5,8,11,11,2523
34.5,8,11,12,2530
34.5,8,11,13,2538
34.5,8,11,14,2545
34.5,8,11,15,2553
34.5,8,12,0,2445
34.5,8,12,1,2453
34.5,8,12,2,2461
34.5,8,12,3,2469
34.5,8,12,4,2476
34.5,8,12,5,2484
34.5,8,12,6,2492
34.5,8,12,7,2500
34.5,8,12,8,2507
34.5,8,12,9,2515
34.5,8,12,10,2523
34.5,8,12,11,2530
34.5,8,12,12,2538
34.5,8,12,13,2546
34.5,8,12,14,2553
34.5,8,12,15,2561
34.5,8,13,0,2453
34.5,8,13,1,2461
34.5,8,13,2,2468
34.5,8,13,3,2476
34.5,8,13,4,2484
34.5,8,13,5,2492
34.5,8,13,6,2500
34.5,8,13,7,2508
34.5,8,13,8,2515
34.5,8,13,9,2523
34.5,8,13,10,2531
34.5,8,13,11,2538
34.5,8,13,12,2546
34.5,8,13,13,2554
34.5,8,13,14,2561
34.5,8,13,15,2569
34.5,8,14,0,2460
34.5,8,14,1,2468
34.5,8,14,2,2476
34.5,8,14,3,2484
34.5,8,14,4,2492
34.5,8,14,5,2500
34.5,8,14,6,2507
34.5,8,14,7,2515
34.5,8,14,8,2523
34.5,8,14,9,2531
34.5,8,14,10,2538
34.5,8,14,11,2546
34.5,8,14,12,2554
34.5,8,14,13,2561
34.5,8,14,14,2569
34.5,8,14,15,2577
34.5,8,15,0,2468
34.5,8,15,1,2476
34.5,8,15,2,2484
34.5,8,15,3,2492
34.5,8,15,4,2499
34.5,8,15,5,2507
34.5,8,15,6,2515
34.5,8,15,7,2523
34.5,8,15,8,2531
34.5,8,15,9,2538
34.5,8,15,10,2546
34.5,8,15,11,2554
34.5,8,15,12,2562
34.5,8,15,13,2569
34.5,8,15,14,2577
34.5,8,15,15,2584
34.5,9,0,0,2361
34.5,9,0,1,2369
34.5,9,0,2,2376
34.5,9,0,3,2384
34.5,9,0,4,2391
34.5,9,0,5,2399
34.5,9,0,6,2406
34.5,9,0,7,2414
34.5,9,0,8,2421
34.5,9,0,9,2429
34.5,9,0,10,2436
34.5,9,0,11,2443
34.5,9,0,12,2451
34.5,9,0,13,2458
34.5,9,0,14,2465
34.5,9,0,15,2473
34.5,9,1,0,2369
34.5,9,1,1,2377
34.5,9,1,2,2384
34.5,9,1,3,2392
34.5,9,1,4,2399
34.5,9,1,5,2407
34.5,9,1,6,2414
34.5,9,1,7,2422
34.5,9,1,8,2429
34.5,9,1,9,2437
34.5,9,1,10,2444
34.5,9,1,11,2452
34.5,9,1,12,2459
34.5,9,1,13,2466
34.5,9,1,14,2474
34.5,9,1,15,2481
34.5,9,2,0,2377
34.5,9,2,1,2384
34.5,9,2,2,2392
34.5,9,2,3,2400
34.5,9,2,4,2407
34.5,9,2,5,2415
34.5,9,2,6,2422
34.5,9,2,7,2430
34.5,9,2,8,2437
34.5,9,2,9,2445
34.5,9,2,10,2452
34.5,9,2,11,2460
34.5,9,2,12,2467
34.5,9,2,13,2474
34.5,9,2,14,2482
34.5,9,2,15,2489
34.5,9,3,0,2385
34.5,9,3,1,2392
34.5,9,3,2,2400
34.5,9,3,3,2408
34.5,9,3,4,2415
34.5,9,3,5,2423
34.5,9,3,6,2430
34.5,9,3,7,2438
34.5,9,3,8,2445
34.5,9,3,9,2453
34.5,9,3,10,2460
34.5,9,3,11,2468
34.5,9,3,12,2475
34.5,9,3,13,2483
34.5,9,3,14,2490
34.5,9,3,15,2497
34.5,9,4,0,2392
34.5,9,4,1,2400
34.5,9,4,2,2408
34.5,9,4,3,2416
34.5,9,4,4,2423
34.5,9,4,5,2431
34.5,9,4,6,2438
34.5,9,4,7,2446
34.5,9,4,8,2453
34.5,9,4,9,2461
34.5,9,4,10,2468
34.5,9,4,11,2476
34.5,9,4,12,2483
34.5,9,4,13,2491
34.5,9,4,14,2498
34.5,9,4,15,2506
34.5,9,5,0,2400
34.5,9,5,1,2408
34.5,9,5,2,2416
34.5,9,5,3,2423
34.5,9,5,4,2431
34.5,9,5,5,2439
34.5,9,5,6,2446
34.5,9,5,7,2454
34.5,9,5,8,2461
34.5,9,5,9,2469
34.5,9,5,10,2477
34.5,9,5,11,2484
34.5,9,5,12,2491
34.5,9,5,13,2499
34.5,9,5,14,2506
34.5,9,5,15,2514
34.5,9,6,0,2408
34.5,9,6,1,2416
34.5,9,6,2,2424
34.5,9,6,3,2431
34.5,9,6,4,2439
34.5,9,6,5,2447
34.5,9,6,6,2454
34.5,9,6,7,2462
34.5,9,6,8,2469
34.5,9,6,9,2477
34.5,9,6,10,2485
34.5,9,6,11,2492
34.5,9,6,12,2500
34.5,9,6,13,2507
34.5,9,6,14,2514
34.5,9,6,15,2522
34.5,9,7,0,2416
34.5,9,7,1,2424
34.5,9,7,2,2431
34.5,9,7,3,2439
34.5,9,7,4,2447
34.5,9,7,5,2454
34.5,9,7,6,2462
34.5,9,7,7,2470
34.5,9,7,8,2477
34.5,9,7,9,2485
34.5,9,7,10,2493
34.5,9,7,11,2500
34.5,9,7,12,2508
34.5,9,7,13,2515
34.5,9,7,14,2523
34.5,9,7,15,2530
34.5,9,8,0,2424
34.5,9,8,1,2431
34.5,9,8,2,2439
34.5,9,8,3,2447
34.5,9,8,4,2455
34.5,9,8,5,2462
34.5,9,8,6,2470
34.5,9,8,7,2478
34.5,9,8,8,2485
34.5,9,8,9,2493
34.5,9,8,10,2501
34.5,9,8,11,2508
34.5,9,8,12,2516
34.5,9,8,13,2523
34.5,9,8,14,2531
34.5,9,8,15,2538
34.5,9,9,0,2431
34.5,9,9,1,2439
34.5,9,9,2,2447
34.5,9,9,3,2455
34.5,9,9,4,2462
34.5,9,9,5,2470
34.5,9,9,6,2478
34.5,9,9,7,2486
34.5,9,9,8,2493
34.5,9,9,9,2501
34.5,9,9,10,2508
34.5,9,9,11,2516
34.5,9,9,12,2524
34.5,9,9,13,2531
34.5,9,9,14,2539
34.5,9,9,15,2546
34.5,9,10,0,2439
34.5,9,10,1,2447
34.5,9,10,2,2455
34.5,9,10,3,2462
34.5,9,10,4,2470
34.5,9,10,5,2478
34.5,9,10,6,2486
34.5,9,10,7,2493
34.5,9,10,8,2501
34.5,9,10,9,2509
34.5,9,10,10,2516
34.5,9,10,11,2524
34.5,9,10,12,2532
34.5,9,10,13,2539
34.5,9,10,14,2547
34.5,9,10,15,2554
34.5,9,11,0,2447
34.5,9,11,1,2454
34.5,9,11,2,2462
34.5,9,11,3,2470
34.5,9,11,4,2478
34.5,9,11,5,2486
34.5,9,11,6,2494
34.5,9,11,7,2501
34.5,9,11,8,2509
34.5,9,11,9,2517
34.5,9,11,10,2524
34.5,9,11,11,2532
34.5,9,11,12,2540
34.5,9,11,13,2547
34.5,9,11,14,2555
34.5,9,11,15,2562
34.5,9,12,0,2454
34.5,9,12,1,2462
34.5,9,12,2,2470
34.5,9,12,3,2478
34.5,9,12,4,2486
34.5,9,12,5,2494
34.5,9,12,6,2501
34.5,9,12,7,2509
34.5,9,12,8,2517
34.5,9,12,9,2524
34.5,9,12,10,2532
34.5,9,12,11,2540
34.5,9,12,12,2547
34.5,9,12,13,2555
34.5,9,12,14,2563
34.5,9,12,15,2570
34.5,9,13,0,2462
34.5,9,13,1,2470
34.5,9,13,2,2478
34.5,9,13,3,2486
34.5,9,13,4,2493
34.5,9,13,5,2501
34.5,9,13,6,2509
34.5,9,13,7,2517
34.5,9,13,8,2525
34.5,9,13,9,2532
34.5,9,13,10,2540
34.5,9,13,11,2548
34.5,9,13,12,2555
34.5,9,13,13,2563
34.5,9,13,14,2571
34.5,9,13,15,2578
34.5,9,14,0,2469
34.5,9,14,1,2477
34.5,9,14,2,2485
34.5,9,14,3,2493
34.5,9,14,4,2501
34.5,9,14,5,2509
34.5,9,14,6,2517
34.5,9,14,7,2525
34.5,9,14,8,2532
34.5,9,14,9,2540
34.5,9,14,10,2548
34.5,9,14,11,2556
34.5,9,14,12,2563
34.5,9,14,13,2571
34.5,9,14,14,2579
34.5,9,14,15,2586
34.5,9,15,0,2477
34.5,9,15,1,2485
34.5,9,15,2,2493
34.5,9,15,3,2501
34.5,9,15,4,2509
34.5,9,15,5,2517
34.5,9,15,6,2524
34.5,9,15,7,2532
34.5,9,15,8,2540
34.5,9,15,9,2548
34.5,9,15,10,2556
34.5,9,15,11,2563
34.5,9,15,12,2571
34.5,9,15,13,2579
34.5,9,15,14,2586
34.5,9,15,15,2594
34.5,10,0,0,2370
34.5,10,0,1,2377
34.5,10,0,2,2385
34.5,10,0,3,2393
34.5,10,0,4,2400
34.5,10,0,5,2408
34.5,10,0,6,2415
34.5,10,0,7,2423
34.5,10,0,8,2430
34.5,10,0,9,2438
34.5,10,0,10,2445
34.5,10,0,11,2452
34.5,10,0,12,2460
34.5,10,0,13,2467
34.5,10,0,14,2474
34.5,10,0,15,2482
34.5,10,1,0,2378
34.5,10,1,1,2385
34.5,10,1,2,2393
34.5,10,1,3,2401
34.5,10,1,4,2408
34.5,10,1,5,2416
34.5,10,1,6,2423
34.5,10,1,7,2431
34.5,10,1,8,2438
34.5,10,1,9,2446
34.5,10,1,10,2453
34.5,10,1,11,2461
34.5,10,1,12,2468
34.5,10,1,13,2475
34.5,10,1,14,2483
34.5,10,1,15,2490
34.5,10,2,0,2386
34.5,10,2,1,2393
34.5,10,2,2,2401
34.5,10,2,3,2409
34.5,10,2,4,2416
34.5,10,2,5,2424
34.5,10,2,6,2431
34.5,10,2,7,2439
34.5,10,2,8,2446
34.5,10,2,9,2454
34.5,10,2,10,2461
34.5,10,2,11,2469
34.5,10,2,12,2476
34.5,10,2,13,2484
34.5,10,2,14,2491
34.5,10,2,15,2498
34.5,10,3,0,2393
34.5,10,3,1,2401
34.5,10,3,2,2409
34.5,10,3,3,2417
34.5,10,3,4,2424
34.5,10,3,5,2432
34.5,10,3,6,2439
34.5,10,3,7,2447
34.5,10,3,8,2454
34.5,10,3,9,2462
34.5,10,3,10,2469
34.5,10,3,11,2477
34.5,10,3,12,2484
34.5,10,3,13,2492
34.5,10,3,14,2499
34.5,10,3,15,2507
34.5,10,4,0,2401
34.5,10,4,1,2409
34.5,10,4,2,2417
34.5,10,4,3,2424
34.5,10,4,4,2432
34.5,10,4,5,2440
34.5,10,4,6,2447
34.5,10,4,7,2455
34.5,10,4,8,2463
34.5,10,4,9,2470
34.5,10,4,10,2478
34.5,10,4,11,2485
34.5,10,4,12,2493
34.5,10,4,13,2500
34.5,10,4,14,2507
34.5,10,4,15,2515
34.5,10,5,0,2409
34.5,10,5,1,2417
34.5,10,5,2,2425
34.5,10,5,3,2432
34.5,10,5,4,2440
34.5,10,5,5,2448
34.5,10,5,6,2455
34.5,10,5,7,2463
34.5,10,5,8,2471
34.5,10,5,9,2478
34.5,10,5,10,2486
34.5,10,5,11,2493
34.5,10,5,12,2501
34.5,10,5,13,2508
34.5,10,5,14,2516
34.5,10,5,15,2523
34.5,10,6,0,2417
34.5,10,6,1,2425
34.5,10,6,2,2433
34.5,10,6,3,2440
34.5,10,6,4,2448
34.5,10,6,5,2456
34.5,10,6,6,2463
34.5,10,6,7,2471
34.5,10,6,8,2479
34.5,10,6,9,2486
34.5,10,6,10,2494
34.5,10,6,11,2501
34.5,10,6,12,2509
34.5,10,6,13,2516
34.5,10,6,14,2524
34.5,10,6,15,2531
34.5,10,7,0,2425
34.5,10,7,1,2433
34.5,10,7,2,2440
34.5,10,7,3,2448
34.5,10,7,4,2456
34.5,10,7,5,2464
34.5,10,7,6,2471
34.5,10,7,7,2479
34.5,10,7,8,2487
34.5,10,7,9,2494
34.5,10,7,10,2502
34.5,10,7,11,2509
34.5,10,7,12,2517
34.5,10,7,13,2524
34.5,10,7,14,2532
34.5,10,7,15,2539
34.5,10,8,0,2433
34.5,10,8,1,2440
34.5,10,8,2,2448
34.5,10,8,3,2456
34.5,10,8,4,2464
34.5,10,8,5,2471
34.5,10,8,6,2479
34.5,10,8,7,2487
34.5,10,8,8,2495
34.5,10,8,9,2502
34.5,10,8,10,2510
34.5,10,8,11,2517
34.5,10,8,12,2525
34.5,10,8,13,2532
34.5,10,8,14,2540
34.5,10,8,15,2548
34.5,10,9,0,2440
34.5,10,9,1,2448
34.5,10,9,2,2456
34.5,10,9,3,2464
34.5,10,9,4,2472
34.5,10,9,5,2479
34.5,10,9,6,2487
34.5,10,9,7,2495
34.5,10,9,8,2502
34.5,10,9,9,2510
34.5,10,9,10,2518
34.5,10,9,11,2525
34.5,10,9,12,2533
34.5,10,9,13,2541
34.5,10,9,14,2548
34.5,10,9,15,2556
34.5,10,10,0,2448
34.5,10,10,1,2456
34.5,10,10,2,2464
34.5,10,10,3,2472
34.5,10,10,4,2479
34.5,10,10,5,2487
34.5,10,10,6,2495
34.5,10,10,7,2503
34.5,10,10,8,2510
34.5,10,10,9,2518
34.5,10,10,10,2526
34.5,10,10,11,2533
34.5,10,10,12,2541
34.5,10,10,13,2549
34.5,10,10,14,2556
34.5,10,10,15,2564
34.5,10,11,0,2456
34.5,10,11,1,2464
34.5,10,11,2,2471
34.5,10,11,3,2479
34.5,10,11,4,2487
34.5,10,11,5,2495
34.5,10,11,6,2503
34.5,10,11,7,2511
34.5,10,11,8,2518
34.5,10,11,9,2526
34.5,10,11,10,2534
34.5,10,11,11,2541
34.5,10,11,12,2549
34.5,10,11,13,2557
34.5,10,11,14,2564
34.5,10,11,15,2572
34.5,10,12,0,2463
34.5,10,12,1,2471
34.5,10,12,2,2479
34.5,10,12,3,2487
34.5,10,12,4,2495
34.5,10,12,5,2503
34.5,10,12,6,2511
34.5,10,12,7,2518
34.5,10,12,8,2526
34.5,10,12,9,2534
34.5,10,12,10,2542
34.5,10,12,11,2549
34.5,10,12,12,2557
34.5,10,12,13,2565
34.5,10,12,14,2572
34.5,10,12,15,2580
34.5,10,13,0,2471
34.5,10,13,1,2479
34.5,10,13,2,2487
34.5,10,13,3,2495
34.5,10,13,4,2503
34.5,10,13,5,2511
34.5,10,13,6,2518
34.5,10,13,7,2526
34.5,10,13,8,2534
34.5,10,13,9,2542
34.5,10,13,10,2549
34.5,10,13,11,2557
34.5,10,13,12,2565
34.5,10,13,13,2573
34.5,10,13,14,2580
34.5,10,13,15,2588
34.5,10,14,0,2479
34.5,10,14,1,2487
34.5,10,14,2,2495
34.5,10,14,3,2502
34.5,10,14,4,2510
34.5,10,14,5,2518
34.5,10,14,6,2526
34.5,10,14,7,2534
34.5,10,14,8,2542
34.5,10,14,9,2550
34.5,10,14,10,2557
34.5,10,14,11,2565
34.5,10,14,12,2573
34.5,10,14,13,2580
34.5,10,14,14,2588
34.5,10,14,15,2596
34.5,10,15,0,2486
34.5,10,15,1,2494
34.5,10,15,2,2502
34.5,10,15,3,2510
34.5,10,15,4,2518
34.5,10,15,5,2526
34.5,10,15,6,2534
34.5,10,15,7,2542
34.5,10,15,8,2550
34.5,10,15,9,2557
34.5,10,15,10,2565
34.5,10,15,11,2573
34.5,10,15,12,2581
34.5,10,15,13,2588
34.5,10,15,14,2596
34.5,10,15,15,2604
34.5,11,0,0,2378
34.5,11,0,1,2386
34.5,11,0,2,2394
34.5,11,0,3,2401
34.5,11,0,4,2409
34.5,11,0,5,2417
34.5,11,0,6,2424
34.5,11,0,7,2432
34.5,11,0,8,2439
34.5,11,0,9,2447
34.5,11,0,10,2454
34.5,11,0,11,2461
34.5,11,0,12,2469
34.5,11,0,13,2476
34.5,11,0,14,2484
34.5,11,0,15,2491
34.5,11,1,0,2386
34.5,11,1,1,2394
34.5,11,1,2,2402
34.5,11,1,3,2409
34.5,11,1,4,2417
34.5,11,1,5,2425
34.5,11,1,6,2432
34.5,11,1,7,2440
34.5,11,1,8,2447
34.5,11,1,9,2455
34.5,11,1,10,2462
34.5,11,1,11,2470
34.5,11,1,12,2477
34.5,11,1,13,2485
34.5,11,1,14,2492
34.5,11,1,15,2499
34.5,11,2,0,2394
34.5,11,2,1,2402
34.5,11,2,2,2410
34.5,11,2,3,2417
34.5,11,2,4,2425
34.5,11,2,5,2433
34.5,11,2,6,2440
34.5,11,2,7,2448
34.5,11,2,8,2455
34.5,11,2,9,2463
34.5,11,2,10,2470
34.5,11,2,11,2478
34.5,11,2,12,2485
34.5,11,2,13,2493
34.5,11,2,14,2500
34.5,11,2,15,2508
34.5,11,3,0,2402
34.5,11,3,1,2410
34.5,11,3,2,2418
34.5,11,3,3,2425
34.5,11,3,4,2433
34.5,11,3,5,2441
34.5,11,3,6,2448
34.5,11,3,7,2456
34.5,11,3,8,2464
34.5,11,3,9,2471
34.5,11,3,10,2479
34.5,11,3,11,2486
34.5,11,3,12,2494
34.5,11,3,13,2501
34.5,11,3,14,2508
34.5,11,3,15,2516
34.5,11,4,0,2410
34.5,11,4,1,2418
34.5,11,4,2,2426
34.5,11,4,3,2433
34.5,11,4,4,2441
34.5,11,4,5,2449
34.5,11,4,6,2456
34.5,11,4,7,2464
34.5,11,4,8,2472
34.5,11,4,9,2479
34.5,11,4,10,2487
34.5,11,4,11,2494
34.5,11,4,12,2502
34.5,11,4,13,2509
34.5,11,4,14,2517
34.5,11,4,15,2524
34.5,11,5,0,2418
34.5,11,5,1,2426
34.5,11,5,2,2434
34.5,11,5,3,2441
34.5,11,5,4,2449
34.5,11,5,5,2457
34.5,11,5,6,2464
34.5,11,5,7,2472
34.5,11,5,8,2480
34.5,11,5,9,2487
34.5,11,5,10,2495
34.5,11,5,11,2502
34.5,11,5,12,2510
34.5,11,5,13,2517
34.5,11,5,14,2525
34.5,11,5,15,2532
34.5,11,6,0,2426
34.5,11,6,1,2434
34.5,11,6,2,2441
34.5,11,6,3,2449
34.5,11,6,4,2457
34.5,11,6,5,2465
34.5,11,6,6,2472
34.5,11,6,7,2480
34.5,11,6,8,2488
34.5,11,6,9,2495
34.5,11,6,10,2503
34.5,11,6,11,2511
34.5,11,6,12,2518
34.5,11,6,13,2526
34.5,11,6,14,2533
34.5,11,6,15,2541
34.5,11,7,0,2434
34.5,11,7,1,2442
34.5,11,7,2,2449
34.5,11,7,3,2457
34.5,11,7,4,2465
34.5,11,7,5,2473
34.5,11,7,6,2480
34.5,11,7,7,2488
34.5,11,7,8,2496
34.5,11,7,9,2503
34.5,11,7,10,2511
34.5,11,7,11,2519
34.5,11,7,12,2526
34.5,11,7,13,2534
34.5,11,7,14,2541
34.5,11,7,15,2549
34.5,11,8,0,2441
34.5,11,8,1,2449
34.5,11,8,2,2457
34.5,11,8,3,2465
34.5,11,8,4,2473
34.5,11,8,5,2481
34.5,11,8,6,2488
34.5,11,8,7,2496
34.5,11,8,8,2504
34.5,11,8,9,2511
34.5,11,8,10,2519
34.5,11,8,11,2527
34.5,11,8,12,2534
34.5,11,8,13,2542
34.5,11,8,14,2549
34.5,11,8,15,2557
34.5,11,9,0,2449
34.5,11,9,1,2457
34.5,11,9,2,2465
34.5,11,9,3,2473
34.5,11,9,4,2481
34.5,11,9,5,2488
34.5,11,9,6,2496
34.5,11,9,7,2504
34.5,11,9,8,2512
34.5,11,9,9,2519
34.5,11,9,10,2527
34.5,11,9,11,2535
34.5,11,9,12,2542
34.5,11,9,13,2550
34.5,11,9,14,2558
34.5,11,9,15,2565
34.5,11,10,0,2457
34.5,11,10,1,2465
34.5,11,10,2,2473
34.5,11,10,3,2481
34.5,11,10,4,2489
34.5,11,10,5,2496
34.5,11,10,6,2504
34.5,11,10,7,2512
34.5,11,10,8,2520
34.5,11,10,9,2527
34.5,11,10,10,2535
34.5,11,10,11,2543
34.5,11,10,12,2550
34.5,11,10,13,2558
34.5,11,10,14,2566
34.5,11,10,15,2573
34.5,11,11,0,2465
34.5,11,11,1,2473
34.5,11,11,2,2481
34.5,11,11,3,2488
34.5,11,11,4,2496
34.5,11,11,5,2504
34.5,11,11,6,2512
34.5,11,11,7,2520
34.5,11,11,8,2528
34.5,11,11,9,2535
34.5,11,11,10,2543
34.5,11,11,11,2551
34.5,11,11,12,2558
34.5,11,11,13,2566
34.5,11,11,14,2574
34.5,11,11,15,2581
34.5,11,12,0,2472
34.5,11,12,1,2480
34.5,11,12,2,2488
34.5,11,12,3,2496
34.5,11,12,4,2504
34.5,11,12,5,2512
34.5,11,12,6,2520
34.5,11,12,7,2528
34.5,11,12,8,2535
34.5,11,12,9,2543
34.5,11,12,10,2551
34.5,11,12,11,2559
34.5,11,12,12,2566
34.5,11,12,13,2574
34.5,11,12,14,2582
34.5,11,12,15,2589
34.5,11,13,0,2480
34.5,11,13,1,2488
34.5,11,13,2,2496
34.5,11,13,3,2504
34.5,11,13,4,2512
34.5,11,13,5,2520
34.5,11,13,6,2528
34.5,11,13,7,2535
34.5,11,13,8,2543
34.5,11,13,9,2551
34.5,11,13,10,2559
34.5,11,13,11,2567
34.5,11,13,12,2574
34.5,11,13,13,2582
34.5,11,13,14,2590
34.5,11,13,15,2597
34.5,11,14,0,2488
34.5,11,14,1,2496
34.5,11,14,2,2504
34.5,11,14,3,2512
34.5,11,14,4,2520
34.5,11,14,5,2528
34.5,11,14,6,2535
34.5,11,14,7,2543
34.5,11,14,8,2551
34.5,11,14,9,2559
34.5,11,14,10,2567
34.5,11,14,11,2574
34.5,11,14,12,2582
34.5,11,14,13,2590
34.5,11,14,14,2598
34.5,11,14,15,2605
34.5,11,15,0,2495
34.5,11,15,1,2503
34.5,11,15,2,2511
34.5,11,15,3,2519
34.5,11,15,4,2527
34.5,11,15,5,2535
34.5,11,15,6,2543
34.5,11,15,7,2551
34.5,11,15,8,2559
34.5,11,15,9,2567
34.5,11,15,10,2575
34.5,11,15,11,2582
34.5,11,15,12,2590
34.5,11,15,13,2598
34.5,11,15,14,2606
34.5,11,15,15,2613
34.5,12,0,0,2387
34.5,12,0,1,2395
34.5,12,0,2,2403
34.5,12,0,3,2410
34.5,12,0,4,2418
34.5,12,0,5,2425
34.5,12,0,6,2433
34.5,12,0,7,2441
34.5,12,0,8,2448
34.5,12,0,9,2456
34.5,12,0,10,2463
34.5,12,0,11,2470
34.5,12,0,12,2478
34.5,12,0,13,2485
34.5,12,0,14,2493
34.5,12,0,15,2500
34.5,12,1,0,2395
34.5,12,1,1,2403
34.5,12,1,2,2411
34.5,12,1,3,2418
34.5,12,1,4,2426
34.5,12,1,5,2434
34.5,12,1,6,2441
34.5,12,1,7,2449
34.5,12,1,8,2456
34.5,12,1,9,2464
34.5,12,1,10,2471
34.5,12,1,11,2479
34.5,12,1,12,2486
34.5,12,1,13,2494
34.5,12,1,14,2501
34.5,12,1,15,2508
34.5,12,2,0,2403
34.5,12,2,1,2411
34.5,12,2,2,2419
34.5,12,2,3,2426
34.5,12,2,4,2434
34.5,12,2,5,2442
34.5,12,2,6,2449
34.5,12,2,7,2457
34.5,12,2,8,2464
34.5,12,2,9,2472
34.5,12,2,10,2480
34.5,12,2,11,2487
34.5,12,2,12,2494
34.5,12,2,13,2502
34.5,12,2,14,2509
34.5,12,2,15,2517
34.5,12,3,0,2411
34.5,12,3,1,2419
34.5,12,3,2,2427
34.5,12,3,3,2434
34.5,12,3,4,2442
34.5,12,3,5,2450
34.5,12,3,6,2457
34.5,12,3,7,2465
34.5,12,3,8,2473
34.5,12,3,9,2480
34.5,12,3,10,2488
34.5,12,3,11,2495
34.5,12,3,12,2503
34.5,12,3,13,2510
34.5,12,3,14,2518
34.5,12,3,15,2525
34.5,12,4,0,2419
34.5,12,4,1,2427
34.5,12,4,2,2435
34.5,12,4,3,2442
34.5,12,4,4,2450
34.5,12,4,5,2458
34.5,12,4,6,2465
34.5,12,4,7,2473
34.5,12,4,8,2481
34.5,12,4,9,2488
34.5,12,4,10,2496
34.5,12,4,11,2503
34.5,12,4,12,2511
34.5,12,4,13,2518
34.5,12,4,14,2526
34.5,12,4,15,2533
34.5,12,5,0,2427
34.5,12,5,1,2435
34.5,12,5,2,2443
34.5,12,5,3,2450
34.5,12,5,4,2458
34.5,12,5,5,2466
34.5,12,5,6,2473
34.5,12,5,7,2481
34.5,12,5,8,2489
34.5,12,5,9,2496
34.5,12,5,10,2504
34.5,12,5,11,2512
34.5,12,5,12,2519
34.5,12,5,13,2527
34.5,12,5,14,2534
34.5,12,5,15,2542
34.5,12,6,0,2435
34.5,12,6,1,2443
34.5,12,6,2,2450
34.5,12,6,3,2458
34.5,12,6,4,2466
34.5,12,6,5,2474
34.5,12,6,6,2482
34.5,12,6,7,2489
34.5,12,6,8,2497
34.5,12,6,9,2505
34.5,12,6,10,2512
34.5,12,6,11,2520
34.5,12,6,12,2527
34.5,12,6,13,2535
34.5,12,6,14,2542
34.5,12,6,15,2550
34.5,12,7,0,2443
34.5,12,7,1,2451
34.5,12,7,2,2458
34.5,12,7,3,2466
34.5,12,7,4,2474
34.5,12,7,5,2482
34.5,12,7,6,2489
34.5,12,7,7,2497
34.5,12,7,8,2505
34.5,12,7,9,2513
34.5,12,7,10,2520
34.5,12,7,11,2528
34.5,12,7,12,2535
34.5,12,7,13,2543
34.5,12,7,14,2551
34.5,12,7,15,2558
34.5,12,8,0,2450
34.5,12,8,1,2458
34.5,12,8,2,2466
34.5,12,8,3,2474
34.5,12,8,4,2482
34.5,12,8,5,2490
34.5,12,8,6,2497
34.5,12,8,7,2505
34.5,12,8,8,2513
34.5,12,8,9,2521
34.5,12,8,10,2528
34.5,12,8,11,2536
34.5,12,8,12,2544
34.5,12,8,13,2551
34.5,12,8,14,2559
34.5,12,8,15,2566
34.5,12,9,0,2458
34.5,12,9,1,2466
34.5,12,9,2,2474
34.5,12,9,3,2482
34.5,12,9,4,2490
34.5,12,9,5,2498
34.5,12,9,6,2505
34.5,12,9,7,2513
34.5,12,9,8,2521
34.5,12,9,9,2529
34.5,12,9,10,2536
34.5,12,9,11,2544
34.5,12,9,12,2552
34.5,12,9,13,2559
34.5,12,9,14,2567
34.5,12,9,15,2574
34.5,12,10,0,2466
34.5,12,10,1,2474
34.5,12,10,2,2482
34.5,12,10,3,2490
34.5,12,10,4,2498
34.5,12,10,5,2506
34.5,12,10,6,2513
34.5,12,10,7,2521
34.5,12,10,8,2529
34.5,12,10,9,2537
34.5,12,10,10,2544
34.5,12,10,11,2552
34.5,12,10,12,2560
34.5,12,10,13,2567
34.5,12,10,14,2575
34.5,12,10,15,2583
34.5,12,11,0,2474
34.5,12,11,1,2482
34.5,12,11,2,2490
34.5,12,11,3,2498
34.5,12,11,4,2506
34.5,12,11,5,2513
34.5,12,11,6,2521
34.5,12,11,7,2529
34.5,12,11,8,2537
34.5,12,11,9,2545
34.5,12,11,10,2552
34.5,12,11,11,2560
34.5,12,11,12,2568
34.5,12,11,13,2575
34.5,12,11,14,2583
34.5,12,11,15,2591
34.5,12,12,0,2482
34.5,12,12,1,2489
34.5,12,12,2,2497
34.5,12,12,3,2505
34.5,12,12,4,2513
34.5,12,12,5,2521
34.5,12,12,6,2529
34.5,12,12,7,2537
34.5,12,12,8,2545
34.5,12,12,9,2553
34.5,12,12,10,2560
34.5,12,12,11,2568
34.5,12,12,12,2576
34.5,12,12,13,2583
34.5,12,12,14,2591
34.5,12,12,15,2599
34.5,12,13,0,2489
34.5,12,13,1,2497
34.5,12,13,2,2505
34.5,12,13,3,2513
34.5,12,13,4,2521
34.5,12,13,5,2529
34.5,12,13,6,2537
34.5,12,13,7,2545
34.5,12,13,8,2553
34.5,12,13,9,2560
34.5,12,13,10,2568
34.5,12,13,11,2576
34.5,12,13,12,2584
34.5,12,13,13,2592
34.5,12,13,14,2599
34.5,12,13,15,2607
34.5,12,14,0,2497
34.5,12,14,1,2505
34.5,12,14,2,2513
34.5,12,14,3,2521
34.5,12,14,4,2529
34.5,12,14,5,2537
34.5,12,14,6,2545
34.5,12,14,7,2553
34.5,12,14,8,2561
34.5,12,14,9,2568
34.5,12,14,10,2576
34.5,12,14,11,2584
34.5,12,14,12,2592
34.5,12,14,13,2599
34.5,12,14,14,2607
34.5,12,14,15,2615
34.5,12,15,0,2505
34.5,12,15,1,2513
34.5,12,15,2,2521
34.5,12,15,3,2529
34.5,12,15,4,2537
34.5,12,15,5,2545
34.5,12,15,6,2553
34.5,12,15,7,2560
34.5,12,15,8,2568
34.5,12,15,9,2576
34.5,12,15,10,2584
34.5,12,15,11,2592
34.5,12,15,12,2600
34.5,12,15,13,2607
34.5,12,15,14,2615
34.5,12,15,15,2623
34.5,13,0,0,2396
34.5,13,0,1,2404
34.5,13,0,2,2411
34.5,13,0,3,2419
34.5,13,0,4,2427
34.5,13,0,5,2434
34.5,13,0,6,2442
34.5,13,0,7,2449
34.5,13,0,8,2457
34.5,13,0,9,2465
34.5,13,0,10,2472
34.5,13,0,11,2480
34.5,13,0,12,2487
34.5,13,0,13,2494
34.5,13,0,14,2502
34.5,13,0,15,2509
34.5,13,1,0,2404
34.5,13,1,1,2412
34.5,13,1,2,2419
34.5,13,1,3,2427
34.5,13,1,4,2435
34.5,13,1,5,2442
34.5,13,1,6,2450
34.5,13,1,7,2458
34.5,13,1,8,2465
34.5,13,1,9,2473
34.5,13,1,10,2480
34.5,13,1,11,2488
34.5,13,1,12,2495
34.5,13,1,13,2503
34.5,13,1,14,2510
34.5,13,1,15,2518
34.5,13,2,0,2412
34.5,13,2,1,2420
34.5,13,2,2,2428
34.5,13,2,3,2435
34.5,13,2,4,2443
34.5,13,2,5,2451
34.5,13,2,6,2458
34.5,13,2,7,2466
34.5,13,2,8,2473
34.5,13,2,9,2481
34.5,13,2,10,2489
34.5,13,2,11,2496
34.5,13,2,12,2504
34.5,13,2,13,2511
34.5,13,2,14,2519
34.5,13,2,15,2526
34.5,13,3,0,2420
34.5,13,3,1,2428
34.5,13,3,2,2436
34.5,13,3,3,2443
34.5,13,3,4,2451
34.5,13,3,5,2459
34.5,13,3,6,2466
34.5,13,3,7,2474
34.5,13,3,8,2482
34.5,13,3,9,2489
34.5,13,3,10,2497
34.5,13,3,11,2504
34.5,13,3,12,2512
34.5,13,3,13,2519
34.5,13,3,14,2527
34.5,13,3,15,2534
34.5,13,4,0,2428
34.5,13,4,1,2436
34.5,13,4,2,2444
34.5,13,4,3,2451
34.5,13,4,4,2459
34.5,13,4,5,2467
34.5,13,4,6,2474
34.5,13,4,7,2482
34.5,13,4,8,2490
34.5,13,4,9,2497
34.5,13,4,10,2505
34.5,13,4,11,2513
34.5,13,4,12,2520
34.5,13,4,13,2528
34.5,13,4,14,2535
34.5,13,4,15,2543
34.5,13,5,0,2436
34.5,13,5,1,2444
34.5,13,5,2,2452
34.5,13,5,3,2459
34.5,13,5,4,2467
34.5,13,5,5,2475
34.5,13,5,6,2483
34.5,13,5,7,2490
34.5,13,5,8,2498
34.5,13,5,9,2506
34.5,13,5,10,2513
34.5,13,5,11,2521
34.5,13,5,12,2528
34.5,13,5,13,2536
34.5,13,5,14,2543
34.5,13,5,15,2551
34.5,13,6,0,2444
34.5,13,6,1,2452
34.5,13,6,2,2459
34.5,13,6,3,2467
34.5,13,6,4,2475
34.5,13,6,5,2483
34.5,13,6,6,2491
34.5,13,6,7,2498
34.5,13,6,8,2506
34.5,13,6,9,2514
34.5,13,6,10,2521
34.5,13,6,11,2529
34.5,13,6,12,2537
34.5,13,6,13,2544
34.5,13,6,14,2552
34.5,13,6,15,2559
34.5,13,7,0,2452
34.5,13,7,1,2460
34.5,13,7,2,2467
34.5,13,7,3,2475
34.5,13,7,4,2483
34.5,13,7,5,2491
34.5,13,7,6,2499
34.5,13,7,7,2506
34.5,13,7,8,2514
34.5,13,7,9,2522
34.5,13,7,10,2529
34.5,13,7,11,2537
34.5,13,7,12,2545
34.5,13,7,13,2552
34.5,13,7,14,2560
34.5,13,7,15,2568
34.5,13,8,0,2459
34.5,13,8,1,2467
34.5,13,8,2,2475
34.5,13,8,3,2483
34.5,13,8,4,2491
34.5,13,8,5,2499
34.5,13,8,6,2507
34.5,13,8,7,2514
34.5,13,8,8,2522
34.5,13,8,9,2530
34.5,13,8,10,2538
34.5,13,8,11,2545
34.5,13,8,12,2553
34.5,13,8,13,2561
34.5,13,8,14,2568
34.5,13,8,15,2576
34.5,13,9,0,2467
34.5,13,9,1,2475
34.5,13,9,2,2483
34.5,13,9,3,2491
34.5,13,9,4,2499
34.5,13,9,5,2507
34.5,13,9,6,2515
34.5,13,9,7,2522
34.5,13,9,8,2530
34.5,13,9,9,2538
34.5,13,9,10,2546
34.5,13,9,11,2553
34.5,13,9,12,2561
34.5,13,9,13,2569
34.5,13,9,14,2576
34.5,13,9,15,2584
34.5,13,10,0,2475
34.5,13,10,1,2483
34.5,13,10,2,2491
34.5,13,10,3,2499
34.5,13,10,4,2507
34.5,13,10,5,2515
34.5,13,10,6,2523
34.5,13,10,7,2530
34.5,13,10,8,2538
34.5,13,10,9,2546
34.5,13,10,10,2554
34.5,13,10,11,2561
34.5,13,10,12,2569
34.5,13,10,13,2577
34.5,13,10,14,2584
34.5,13,10,15,2592
34.5,13,11,0,2483
34.5,13,11,1,2491
34.5,13,11,2,2499
34.5,13,11,3,2507
34.5,13,11,4,2515
34.5,13,11,5,2523
34.5,13,11,6,2530
34.5,13,11,7,2538
34.5,13,11,8,2546
34.5,13,11,9,2554
34.5,13,11,10,2562
34.5,13,11,11,2569
34.5,13,11,12,2577
34.5,13,11,13,2585
34.5,13,11,14,2593
34.5,13,11,15,2600
34.5,13,12,0,2491
34.5,13,12,1,2499
34.5,13,12,2,2507
34.5,13,12,3,2515
34.5,13,12,4,2523
34.5,13,12,5,2530
34.5,13,12,6,2538
34.5,13,12,7,2546
34.5,13,12,8,2554
34.5,13,12,9,2562
34.5,13,12,10,2570
34.5,13,12,11,2577
34.5,13,12,12,2585
34.5,13,12,13,2593
34.5,13,12,14,2601
34.5,13,12,15,2608
34.5,13,13,0,2498
34.5,13,13,1,2506
34.5,13,13,2,2514
34.5,13,13,3,2522
34.5,13,13,4,2530
34.5,13,13,5,2538
34.5,13,13,6,2546
34.5,13,13,7,2554
34.5,13,13,8,2562
34.5,13,13,9,2570
34.5,13,13,10,2578
34.5,13,13,11,2585
34.5,13,13,12,2593
34.5,13,13,13,2601
34.5,13,13,14,2609
34.5,13,13,15,2616
34.5,13,14,0,2506
34.5,13,14,1,2514
34.5,13,14,2,2522
34.5,13,14,3,2530
34.5,13,14,4,2538
34.5,13,14,5,2546
34.5,13,14,6,2554
34.5,13,14,7,2562
34.5,13,14,8,2570
34.5,13,14,9,2578
34.5,13,14,10,2586
34.5,13,14,11,2593
34.5,13,14,12,2601
34.5,13,14,13,2609
34.5,13,14,14,2617
34.5,13,14,15,2624
34.5,13,15,0,2514
34.5,13,15,1,2522
34.5,13,15,2,2530
34.5,13,15,3,2538
34.5,13,15,4,2546
34.5,13,15,5,2554
34.5,13,15,6,2562
34.5,13,15,7,2570
34.5,13,15,8,2578
34.5,13,15,9,2586
34.5,13,15,10,2594
34.5,13,15,11,2601
34.5,13,15,12,2609
34.5,13,15,13,2617
34.5,13,15,14,2625
34.5,13,15,15,2633
34.5,14,0,0,2405
34.5,14,0,1,2412
34.5,14,0,2,2420
34.5,14,0,3,2428
34.5,14,0,4,2436
34.5,14,0,5,2443
34.5,14,0,6,2451
34.5,14,0,7,2458
34.5,14,0,8,2466
34.5,14,0,9,2474
34.5,14,0,10,2481
34.5,14,0,11,2489
34.5,14,0,12,2496
34.5,14,0,13,2504
34.5,14,0,14,2511
34.5,14,0,15,2518
34.5,14,1,0,2413
34.5,14,1,1,2421
34.5,14,1,2,2428
34.5,14,1,3,2436
34.5,14,1,4,2444
34.5,14,1,5,2451
34.5,14,1,6,2459
34.5,14,1,7,2467
34.5,14,1,8,2474
34.5,14,1,9,2482
34.5,14,1,10,2489
34.5,14,1,11,2497
34.5,14,1,12,2504
34.5,14,1,13,2512
34.5,14,1,14,2519
34.5,14,1,15,2527
34.5,14,2,0,2421
34.5,14,2,1,2429
34.5,14,2,2,2436
34.5,14,2,3,2444
34.5,14,2,4,2452
34.5,14,2,5,2460
34.5,14,2,6,2467
34.5,14,2,7,2475
34.5,14,2,8,2482
34.5,14,2,9,2490
34.5,14,2,10,2498
34.5,14,2,11,2505
34.5,14,2,12,2513
34.5,14,2,13,2520
34.5,14,2,14,2528
34.5,14,2,15,2535
34.5,14,3,0,2429
34.5,14,3,1,2437
34.5,14,3,2,2444
34.5,14,3,3,2452
34.5,14,3,4,2460
34.5,14,3,5,2468
34.5,14,3,6,2475
34.5,14,3,7,2483
34.5,14,3,8,2491
34.5,14,3,9,2498
34.5,14,3,10,2506
34.5,14,3,11,2514
34.5,14,3,12,2521
34.5,14,3,13,2529
34.5,14,3,14,2536
34.5,14,3,15,2544
34.5,14,4,0,2437
34.5,14,4,1,2445
34.5,14,4,2,2452
34.5,14,4,3,2460
34.5,14,4,4,2468
34.5,14,4,5,2476
34.5,14,4,6,2484
34.5,14,4,7,2491
34.5,14,4,8,2499
34.5,14,4,9,2507
34.5,14,4,10,2514
34.5,14,4,11,2522
34.5,14,4,12,2529
34.5,14,4,13,2537
34.5,14,4,14,2544
34.5,14,4,15,2552
34.5,14,5,0,2445
34.5,14,5,1,2453
34.5,14,5,2,2460
34.5,14,5,3,2468
34.5,14,5,4,2476
34.5,14,5,5,2484
34.5,14,5,6,2492
34.5,14,5,7,2499
34.5,14,5,8,2507
34.5,14,5,9,2515
34.5,14,5,10,2522
34.5,14,5,11,2530
34.5,14,5,12,2538
34.5,14,5,13,2545
34.5,14,5,14,2553
34.5,14,5,15,2560
34.5,14,6,0,2453
34.5,14,6,1,2461
34.5,14,6,2,2468
34.5,14,6,3,2476
34.5,14,6,4,2484
34.5,14,6,5,2492
34.5,14,6,6,2500
34.5,14,6,7,2507
34.5,14,6,8,2515
34.5,14,6,9,2523
34.5,14,6,10,2531
34.5,14,6,11,2538
34.5,14,6,12,2546
34.5,14,6,13,2553
34.5,14,6,14,2561
34.5,14,6,15,2569
34.5,14,7,0,2461
34.5,14,7,1,2468
34.5,14,7,2,2476
34.5,14,7,3,2484
34.5,14,7,4,2492
34.5,14,7,5,2500
34.5,14,7,6,2508
34.5,14,7,7,2516
34.5,14,7,8,2523
34.5,14,7,9,2531
34.5,14,7,10,2539
34.5,14,7,11,2546
34.5,14,7,12,2554
34.5,14,7,13,2562
34.5,14,7,14,2569
34.5,14,7,15,2577
34.5,14,8,0,2468
34.5,14,8,1,2476
34.5,14,8,2,2484
34.5,14,8,3,2492
34.5,14,8,4,2500
34.5,14,8,5,2508
34.5,14,8,6,2516
34.5,14,8,7,2524
34.5,14,8,8,2531
34.5,14,8,9,2539
34.5,14,8,10,2547
34.5,14,8,11,2555
34.5,14,8,12,2562
34.5,14,8,13,2570
34.5,14,8,14,2578
34.5,14,8,15,2585
34.5,14,9,0,2476
34.5,14,9,1,2484
34.5,14,9,2,2492
34.5,14,9,3,2500
34.5,14,9,4,2508
34.5,14,9,5,2516
34.5,14,9,6,2524
34.5,14,9,7,2532
34.5,14,9,8,2539
34.5,14,9,9,2547
34.5,14,9,10,2555
34.5,14,9,11,2563
34.5,14,9,12,2570
34.5,14,9,13,2578
34.5,14,9,14,2586
34.5,14,9,15,2593
34.5,14,10,0,2484
34.5,14,10,1,2492
34.5,14,10,2,2500
34.5,14,10,3,2508
34.5,14,10,4,2516
34.5,14,10,5,2524
34.5,14,10,6,2532
34.5,14,10,7,2540
34.5,14,10,8,2547
34.5,14,10,9,2555
34.5,14,10,10,2563
34.5,14,10,11,2571
34.5,14,10,12,2578
34.5,14,10,13,2586
34.5,14,10,14,2594
34.5,14,10,15,2602
34.5,14,11,0,2492
34.5,14,11,1,2500
34.5,14,11,2,2508
34.5,14,11,3,2516
34.5,14,11,4,2524
34.5,14,11,5,2532
34.5,14,11,6,2540
34.5,14,11,7,2548
34.5,14,11,8,2555
34.5,14,11,9,2563
34.5,14,11,10,2571
34.5,14,11,11,2579
34.5,14,11,12,2587
34.5,14,11,13,2594
34.5,14,11,14,2602
34.5,14,11,15,2610
34.5,14,12,0,2500
34.5,14,12,1,2508
34.5,14,12,2,2516
34.5,14,12,3,2524
34.5,14,12,4,2532
34.5,14,12,5,2540
34.5,14,12,6,2548
34.5,14,12,7,2556
34.5,14,12,8,2563
34.5,14,12,9,2571
34.5,14,12,10,2579
34.5,14,12,11,2587
34.5,14,12,12,2595
34.5,14,12,13,2602
34.5,14,12,14,2610
34.5,14,12,15,2618
34.5,14,13,0,2507
34.5,14,13,1,2516
34.5,14,13,2,2524
34.5,14,13,3,2532
34.5,14,13,4,2540
34.5,14,13,5,2548
34.5,14,13,6,2556
34.5,14,13,7,2563
34.5,14,13,8,2571
34.5,14,13,9,2579
34.5,14,13,10,2587
34.5,14,13,11,2595
34.5,14,13,12,2603
34.5,14,13,13,2610
34.5,14,13,14,2618
34.5,14,13,15,2626
34.5,14,14,0,2515
34.5,14,14,1,2523
34.5,14,14,2,2531
34.5,14,14,3,2539
34.5,14,14,4,2547
34.5,14,14,5,2555
34.5,14,14,6,2563
34.5,14,14,7,2571
34.5,14,14,8,2579
34.5,14,14,9,2587
34.5,14,14,10,2595
34.5,14,14,11,2603
34.5,14,14,12,2611
34.5,14,14,13,2619
34.5,14,14,14,2626
34.5,14,14,15,2634
34.5,14,15,0,2523
34.5,14,15,1,2531
34.5,14,15,2,2539
34.5,14,15,3,2547
34.5,14,15,4,2555
34.5,14,15,5,2563
34.5,14,15,6,2571
34.5,14,15,7,2579
34.5,14,15,8,2587
34.5,14,15,9,2595
34.5,14,15,10,2603
34.5,14,15,11,2611
34.5,14,15,12,2619
34.5,14,15,13,2627
34.5,14,15,14,2634
34.5,14,15,15,2642
34.5,15,0,0,2413
34.5,15,0,1,2421
34.5,15,0,2,2429
34.5,15,0,3,2437
34.5,15,0,4,2444
34.5,15,0,5,2452
34.5,15,0,6,2460
34.5,15,0,7,2467
34.5,15,0,8,2475
34.5,15,0,9,2483
34.5,15,0,10,2490
34.5,15,0,11,2498
34.5,15,0,12,2505
34.5,15,0,13,2513
34.5,15,0,14,2520
34.5,15,0,15,2528
34.5,15,1,0,2422
34.5,15,1,1,2429
34.5,15,1,2,2437
34.5,15,1,3,2445
34.5,15,1,4,2453
34.5,15,1,5,2460
34.5,15,1,6,2468
34.5,15,1,7,2476
34.5,15,1,8,2483
34.5,15,1,9,2491
34.5,15,1,10,2498
34.5,15,1,11,2506
34.5,15,1,12,2514
34.5,15,1,13,2521
34.5,15,1,14,2529
34.5,15,1,15,2536
34.5,15,2,0,2430
34.5,15,2,1,2437
34.5,15,2,2,2445
34.5,15,2,3,2453
34.5,15,2,4,2461
34.5,15,2,5,2468
34.5,15,2,6,2476
34.5,15,2,7,2484
34.5,15,2,8,2492
34.5,15,2,9,2499
34.5,15,2,10,2507
34.5,15,2,11,2514
34.5,15,2,12,2522
34.5,15,2,13,2529
34.5,15,2,14,2537
34.5,15,2,15,2544
34.5,15,3,0,2438
34.5,15,3,1,2445
34.5,15,3,2,2453
34.5,15,3,3,2461
34.5,15,3,4,2469
34.5,15,3,5,2477
34.5,15,3,6,2484
34.5,15,3,7,2492
34.5,15,3,8,2500
34.5,15,3,9,2507
34.5,15,3,10,2515
34.5,15,3,11,2523
34.5,15,3,12,2530
34.5,15,3,13,2538
34.5,15,3,14,2545
34.5,15,3,15,2553
34.5,15,4,0,2446
34.5,15,4,1,2454
34.5,15,4,2,2461
34.5,15,4,3,2469
34.5,15,4,4,2477
34.5,15,4,5,2485
34.5,15,4,6,2493
34.5,15,4,7,2500
34.5,15,4,8,2508
34.5,15,4,9,2516
34.5,15,4,10,2523
34.5,15,4,11,2531
34.5,15,4,12,2539
34.5,15,4,13,2546
34.5,15,4,14,2554
34.5,15,4,15,2561
34.5,15,5,0,2454
34.5,15,5,1,2462
34.5,15,5,2,2469
34.5,15,5,3,2477
34.5,15,5,4,2485
34.5,15,5,5,2493
34.5,15,5,6,2501
34.5,15,5,7,2508
34.5,15,5,8,2516
34.5,15,5,9,2524
34.5,15,5,10,2532
34.5,15,5,11,2539
34.5,15,5,12,2547
34.5,15,5,13,2554
34.5,15,5,14,2562
34.5,15,5,15,2570
34.5,15,6,0,2462
34.5,15,6,1,2470
34.5,15,6,2,2477
34.5,15,6,3,2485
34.5,15,6,4,2493
34.5,15,6,5,2501
34.5,15,6,6,2509
34.5,15,6,7,2517
34.5,15,6,8,2524
34.5,15,6,9,2532
34.5,15,6,10,2540
34.5,15,6,11,2547
34.5,15,6,12,2555
34.5,15,6,13,2563
34.5,15,6,14,2570
34.5,15,6,15,2578
34.5,15,7,0,2470
34.5,15,7,1,2477
34.5,15,7,2,2485
34.5,15,7,3,2493
34.5,15,7,4,2501
34.5,15,7,5,2509
34.5,15,7,6,2517
34.5,15,7,7,2525
34.5,15,7,8,2532
34.5,15,7,9,2540
34.5,15,7,10,2548
34.5,15,7,11,2556
34.5,15,7,12,2563
34.5,15,7,13,2571
34.5,15,7,14,2579
34.5,15,7,15,2586
34.5,15,8,0,2477
34.5,15,8,1,2485
34.5,15,8,2,2493
34.5,15,8,3,2501
34.5,15,8,4,2509
34.5,15,8,5,2517
34.5,15,8,6,2525
34.5,15,8,7,2533
34.5,15,8,8,2541
34.5,15,8,9,2548
34.5,15,8,10,2556
34.5,15,8,11,2564
34.5,15,8,12,2572
34.5,15,8,13,2579
34.5,15,8,14,2587
34.5,15,8,15,2595
34.5,15,9,0,2485
34.5,15,9,1,2493
34.5,15,9,2,2501
34.5,15,9,3,2509
34.5,15,9,4,2517
34.5,15,9,5,2525
34.5,15,9,6,2533
34.5,15,9,7,2541
34.5,15,9,8,2549
34.5,15,9,9,2556
34.5,15,9,10,2564
34.5,15,9,11,2572
34.5,15,9,12,2580
34.5,15,9,13,2587
34.5,15,9,14,2595
34.5,15,9,15,2603
34.5,15,10,0,2493
34.5,15,10,1,2501
34.5,15,10,2,2509
34.5,15,10,3,2517
34.5,15,10,4,2525
34.5,15,10,5,2533
34.5,15,10,6,2541
34.5,15,10,7,2549
34.5,15,10,8,2557
34.5,15,10,9,2565
34.5,15,10,10,2572
34.5,15,10,11,2580
34.5,15,10,12,2588
34.5,15,10,13,2596
34.5,15,10,14,2603
34.5,15,10,15,2611
34.5,15,11,0,2501
34.5,15,11,1,2509
34.5,15,11,2,2517
34.5,15,11,3,2525
34.5,15,11,4,2533
34.5,15,11,5,2541
34.5,15,11,6,2549
34.5,15,11,7,2557
34.5,15,11,8,2565
34.5,15,11,9,2573
34.5,15,11,10,2580
34.5,15,11,11,2588
34.5,15,11,12,2596
34.5,15,11,13,2604
34.5,15,11,14,2611
34.5,15,11,15,2619
34.5,15,12,0,2509
34.5,15,12,1,2517
34.5,15,12,2,2525
34.5,15,12,3,2533
34.5,15,12,4,2541
34.5,15,12,5,2549
34.5,15,12,6,2557
34.5,15,12,7,2565
34.5,15,12,8,2573
34.5,15,12,9,2581
34.5,15,12,10,2588
34.5,15,12,11,2596
34.5,15,12,12,2604
34.5,15,12,13,2612
34.5,15,12,14,2620
34.5,15,12,15,2627
34.5,15,13,0,2517
34.5,15,13,1,2525
34.5,15,13,2,2533
34.5,15,13,3,2541
34.5,15,13,4,2549
34.5,15,13,5,2557
34.5,15,13,6,2565
34.5,15,13,7,2573
34.5,15,13,8,2581
34.5,15,13,9,2589
34.5,15,13,10,2596
34.5,15,13,11,2604
34.5,15,13,12,2612
34.5,15,13,13,2620
34.5,15,13,14,2628
34.5,15,13,15,2636
34.5,15,14,0,2524
34.5,15,14,1,2532
34.5,15,14,2,2541
34.5,15,14,3,2549
34.5,15,14,4,2557
34.5,15,14,5,2565
34.5,15,14,6,2573
34.5,15,14,7,2581
34.5,15,14,8,2589
34.5,15,14,9,2597
34.5,15,14,10,2604
34.5,15,14,11,2612
34.5,15,14,12,2620
34.5,15,14,13,2628
34.5,15,14,14,2636
34.5,15,14,15,2644
34.5,15,15,0,2532
34.5,15,15,1,2540
34.5,15,15,2,2548
34.5,15,15,3,2556
34.5,15,15,4,2565
34.5,15,15,5,2573
34.5,15,15,6,2581
34.5,15,15,7,2589
34.5,15,15,8,2597
34.5,15,15,9,2605
34.5,15,15,10,2612
34.5,15,15,11,2620
34.5,15,15,12,2628
34.5,15,15,13,2636
34.5,15,15,14,2644
34.5,15,15,15,2652
35.0,0,0,0,2300
35.0,0,0,1,2307
35.0,0,0,2,2315
35.0,0,0,3,2322
35.0,0,0,4,2329
35.0,0,0,5,2337
35.0,0,0,6,2344
35.0,0,0,7,2351
35.0,0,0,8,2359
35.0,0,0,9,2366
35.0,0,0,10,2373
35.0,0,0,11,2380
35.0,0,0,12,2387
35.0,0,0,13,2394
35.0,0,0,14,2402
35.0,0,0,15,2409
35.0,0,1,0,2308
35.0,0,1,1,2315
35.0,0,1,2,2322
35.0,0,1,3,2330
35.0,0,1,4,2337
35.0,0,1,5,2345
35.0,0,1,6,2352
35.0,0,1,7,2359
35.0,0,1,8,2366
35.0,0,1,9,2374
35.0,0,1,10,2381
35.0,0,1,11,2388
35.0,0,1,12,2395
35.0,0,1,13,2402
35.0,0,1,14,2410
35.0,0,1,15,2417
35.0,0,2,0,2315
35.0,0,2,1,2323
35.0,0,2,2,2330
35.0,0,2,3,2338
35.0,0,2,4,2345
35.0,0,2,5,2352
35.0,0,2,6,2360
35.0,0,2,7,2367
35.0,0,2,8,2374
35.0,0,2,9,2382
35.0,0,2,10,2389
35.0,0,2,11,2396
35.0,0,2,12,2403
35.0,0,2,13,2410
35.0,0,2,14,2418
35.0,0,2,15,2425
35.0,0,3,0,2323
35.0,0,3,1,2330
35.0,0,3,2,2338
35.0,0,3,3,2345
35.0,0,3,4,2353
35.0,0,3,5,2360
35.0,0,3,6,2368
35.0,0,3,7,2375
35.0,0,3,8,2382
35.0,0,3,9,2389
35.0,0,3,10,2397
35.0,0,3,11,2404
35.0,0,3,12,2411
35.0,0,3,13,2418
35.0,0,3,14,2426
35.0,0,3,15,2433
35.0,0,4,0,2331
35.0,0,4,1,2338
35.0,0,4,2,2346
35.0,0,4,3,2353
35.0,0,4,4,2361
35.0,0,4,5,2368
35.0,0,4,6,2375
35.0,0,4,7,2383
35.0,0,4,8,2390
35.0,0,4,9,2397
35.0,0,4,10,2405
35.0,0,4,11,2412
35.0,0,4,12,2419
35.0,0,4,13,2426
35.0,0,4,14,2434
35.0,0,4,15,2441
35.0,0,5,0,2338
35.0,0,5,1,2346
35.0,0,5,2,2353
35.0,0,5,3,2361
35.0,0,5,4,2368
35.0,0,5,5,2376
35.0,0,5,6,2383
35.0,0,5,7,2390
35.0,0,5,8,2398
35.0,0,5,9,2405
35.0,0,5,10,2412
35.0,0,5,11,2420
35.0,0,5,12,2427
35.0,0,5,13,2434
35.0,0,5,14,2442
35.0,0,5,15,2449
35.0,0,6,0,2346
35.0,0,6,1,2353
35.0,0,6,2,2361
35.0,0,6,3,2368
35.0,0,6,4,2376
35.0,0,6,5,2383
35.0,0,6,6,2391
35.0,0,6,7,2398
35.0,0,6,8,2406
35.0,0,6,9,2413
35.0,0,6,10,2420
35.0,0,6,11,2428
35.0,0,6,12,2435
35.0,0,6,13,2442
35.0,0,6,14,2449
35.0,0,6,15,2457
35.0,0,7,0,2353
35.0,0,7,1,2361
35.0,0,7,2,2369
35.0,0,7,3,2376
35.0,0,7,4,2384
35.0,0,7,5,2391
35.0,0,7,6,2398
35.0,0,7,7,2406
35.0,0,7,8,2413
35.0,0,7,9,2421
35.0,0,7,10,2428
35.0,0,7,11,2435
35.0,0,7,12,2443
35.0,0,7,13,2450
35.0,0,7,14,2457
35.0,0,7,15,2465
35.0,0,8,0,2361
35.0,0,8,1,2369
35.0,0,8,2,2376
35.0,0,8,3,2384
35.0,0,8,4,2391
35.0,0,8,5,2399
35.0,0,8,6,2406
35.0,0,8,7,2414
35.0,0,8,8,2421
35.0,0,8,9,2428
35.0,0,8,10,2436
35.0,0,8,11,2443
35.0,0,8,12,2451
35.0,0,8,13,2458
35.0,0,8,14,2465
35.0,0,8,15,2473
35.0,0,9,0,2368
35.0,0,9,1,2376
35.0,0,9,2,2384
35.0,0,9,3,2391
35.0,0,9,4,2399
35.0,0,9,5,2406
35.0,0,9,6,2414
35.0,0,9,7,2421
35.0,0,9,8,2429
35.0,0,9,9,2436
35.0,0,9,10,2444
35.0,0,9,11,2451
35.0,0,9,12,2458
35.0,0,9,13,2466
35.0,0,9,14,2473
35.0,0,9,15,2480
35.0,0,10,0,2376
35.0,0,10,1,2384
35.0,0,10,2,2391
35.0,0,10,3,2399
35.0,0,10,4,2406
35.0,0,10,5,2414
35.0,0,10,6,2421
35.0,0,10,7,2429
35.0,0,10,8,2436
35.0,0,10,9,2444
35.0,0,10,10,2451
35.0,0,10,11,2459
35.0,0,10,12,2466
35.0,0,10,13,2474
35.0,0,10,14,2481
35.0,0,10,15,2488
35.0,0,11,0,2383
35.0,0,11,1,2391
35.0,0,11,2,2399
35.0,0,11,3,2406
35.0,0,11,4,2414
35.0,0,11,5,2421
35.0,0,11,6,2429
35.0,0,11,7,2437
35.0,0,11,8,2444
35.0,0,11,9,2452
35.0,0,11,10,2459
35.0,0,11,11,2466
35.0,0,11,12,2474
35.0,0,11,13,2481
35.0,0,11,14,2489
35.0,0,11,15,2496
35.0,0,12,0,2391
35.0,0,12,1,2398
35.0,0,12,2,2406
35.0,0,12,3,2414
35.0,0,12,4,2421
35.0,0,12,5,2429
35.0,0,12,6,2437
35.0,0,12,7,2444
35.0,0,12,8,2452
35.0,0,12,9,2459
35.0,0,12,10,2467
35.0,0,12,11,2474
35.0,0,12,12,2482
35.0,0,12,13,2489
35.0,0,12,14,2496
35.0,0,12,15,2504
35.0,0,13,0,2398
35.0,0,13,1,2406
35.0,0,13,2,2414
35.0,0,13,3,2421
35.0,0,13,4,2429
35.0,0,13,5,2437
35.0,0,13,6,2444
35.0,0,13,7,2452
35.0,0,13,8,2459
35.0,0,13,9,2467
35.0,0,13,10,2474
35.0,0,13,11,2482
35.0,0,13,12,2489
35.0,0,13,13,2497
35.0,0,13,14,2504
35.0,0,13,15,2512
35.0,0,14,0,2406
35.0,0,14,1,2413
35.0,0,14,2,2421
35.0,0,14,3,2429
35.0,0,14,4,2436
35.0,0,14,5,2444
35.0,0,14,6,2452
35.0,0,14,7,2459
35.0,0,14,8,2467
35.0,0,14,9,2474
35.0,0,14,10,2482
35.0,0,14,11,2490
35.0,0,14,12,2497
35.0,0,14,13,2504
35.0,0,14,14,2512
35.0,0,14,15,2519
35.0,0,15,0,2413
35.0,0,15,1,2421
35.0,0,15,2,2428
35.0,0,15,3,2436
35.0,0,15,4,2444
35.0,0,15,5,2452
35.0,0,15,6,2459
35.0,0,15,7,2467
35.0,0,15,8,2474
35.0,0,15,9,2482
35.0,0,15,10,2490
35.0,0,15,11,2497
35.0,0,15,12,2505
35.0,0,15,13,2512
35.0,0,15,14,2520
35.0,0,15,15,2527
35.0,1,0,0,2309
35.0,1,0,1,2316
35.0,1,0,2,2324
35.0,1,0,3,2331
35.0,1,0,4,2338
35.0,1,0,5,2346
35.0,1,0,6,2353
35.0,1,0,7,2360
35.0,1,0,8,2368
35.0,1,0,9,2375
35.0,1,0,10,2382
35.0,1,0,11,2389
35.0,1,0,12,2396
35.0,1,0,13,2404
35.0,1,0,14,2411
35.0,1,0,15,2418
35.0,1,1,0,2316
35.0,1,1,1,2324
35.0,1,1,2,2331
35.0,1,1,3,2339
35.0,1,1,4,2346
35.0,1,1,5,2354
35.0,1,1,6,2361
35.0,1,1,7,2368
35.0,1,1,8,2376
35.0,1,1,9,2383
35.0,1,1,10,2390
35.0,1,1,11,2397
35.0,1,1,12,2405
35.0,1,1,13,2412
35.0,1,1,14,2419
35.0,1,1,15,2426
35.0,1,2,0,2324
35.0,1,2,1,2332
35.0,1,2,2,2339
35.0,1,2,3,2347
35.0,1,2,4,2354
35.0,1,2,5,2361
35.0,1,2,6,2369
35.0,1,2,7,2376
35.0,1,2,8,2383
35.0,1,2,9,2391
35.0,1,2,10,2398
35.0,1,2,11,2405
35.0,1,2,12,2413
35.0,1,2,13,2420
35.0,1,2,14,2427
35.0,1,2,15,2434
35.0,1,3,0,2332
35.0,1,3,1,2339
35.0,1,3,2,2347
35.0,1,3,3,2354
35.0,1,3,4,2362
35.0,1,3,5,2369
35.0,1,3,6,2377
35.0,1,3,7,2384
35.0,1,3,8,2391
35.0,1,3,9,2399
35.0,1,3,10,2406
35.0,1,3,11,2413
35.0,1,3,12,2420
35.0,1,3,13,2428
35.0,1,3,14,2435
35.0,1,3,15,2442
35.0,1,4,0,2340
35.0,1,4,1,2347
35.0,1,4,2,2355
35.0,1,4,3,2362
35.0,1,4,4,2370
35.0,1,4,5,2377
35.0,1,4,6,2384
35.0,1,4,7,2392
35.0,1,4,8,2399
35.0,1,4,9,2407
35.0,1,4,10,2414
35.0,1,4,11,2421
35.0,1,4,12,2428
35.0,1,4,13,2436
35.0,1,4,14,2443
35.0,1,4,15,2450
35.0,1,5,0,2347
35.0,1,5,1,2355
35.0,1,5,2,2362
35.0,1,5,3,2370
35.0,1,5,4,2377
35.0,1,5,5,2385
35.0,1,5,6,2392
35.0,1,5,7,2400
35.0,1,5,8,2407
35.0,1,5,9,2414
35.0,1,5,10,2422
35.0,1,5,11,2429
35.0,1,5,12,2436
35.0,1,5,13,2444
35.0,1,5,14,2451
35.0,1,5,15,2458
35.0,1,6,0,2355
35.0,1,6,1,2362
35.0,1,6,2,2370
35.0,1,6,3,2377
35.0,1,6,4,2385
35.0,1,6,5,2392
35.0,1,6,6,2400
35.0,1,6,7,2407
35.0,1,6,8,2415
35.0,1,6,9,2422
35.0,1,6,10,2430
35.0,1,6,11,2437
35.0,1,6,12,2444
35.0,1,6,13,2452
35.0,1,6,14,2459
35.0,1,6,15,2466
35.0,1,7,0,2362
35.0,1,7,1,2370
35.0,1,7,2,2378
35.0,1,7,3,2385
35.0,1,7,4,2393
35.0,1,7,5,2400
35.0,1,7,6,2408
35.0,1,7,7,2415
35.0,1,7,8,2423
35.0,1,7,9,2430
35.0,1,7,10,2437
35.0,1,7,11,2445
35.0,1,7,12,2452
35.0,1,7,13,2459
35.0,1,7,14,2467
35.0,1,7,15,2474
35.0,1,8,0,2370
35.0,1,8,1,2378
35.0,1,8,2,2385
35.0,1,8,3,2393
35.0,1,8,4,2400
35.0,1,8,5,2408
35.0,1,8,6,2415
35.0,1,8,7,2423
35.0,1,8,8,2430
35.0,1,8,9,2438
35.0,1,8,10,2445
35.0,1,8,11,2453
35.0,1,8,12,2460
35.0,1,8,13,2467
35.0,1,8,14,2475
35.0,1,8,15,2482
35.0,1,9,0,2377
35.0,1,9,1,2385
35.0,1,9,2,2393
35.0,1,9,3,2400
35.0,1,9,4,2408
35.0,1,9,5,2416
35.0,1,9,6,2423
35.0,1,9,7,2431
35.0,1,9,8,2438
35.0,1,9,9,2446
35.0,1,9,10,2453
35.0,1,9,11,2460
35.0,1,9,12,2468
35.0,1,9,13,2475
35.0,1,9,14,2483
35.0,1,9,15,2490
35.0,1,10,0,2385
35.0,1,10,1,2393
35.0,1,10,2,2400
35.0,1,10,3,2408
35.0,1,10,4,2416
35.0,1,10,5,2423
35.0,1,10,6,2431
35.0,1,10,7,2438
35.0,1,10,8,2446
35.0,1,10,9,2453
35.0,1,10,10,2461
35.0,1,10,11,2468
35.0,1,10,12,2476
35.0,1,10,13,2483
35.0,1,10,14,2490
35.0,1,10,15,2498
35.0,1,11,0,2392
35.0,1,11,1,2400
35.0,1,11,2,2408
35.0,1,11,3,2416
35.0,1,11,4,2423
35.0,1,11,5,2431
35.0,1,11,6,2438
35.0,1,11,7,2446
35.0,1,11,8,2453
35.0,1,11,9,2461
35.0,1,11,10,2468
35.0,1,11,11,2476
35.0,1,11,12,2483
35.0,1,11,13,2491
35.0,1,11,14,2498
35.0,1,11,15,2506
35.0,1,12,0,2400
35.0,1,12,1,2408
35.0,1,12,2,2415
35.0,1,12,3,2423
35.0,1,12,4,2431
35.0,1,12,5,2438
35.0,1,12,6,2446
35.0,1,12,7,2454
35.0,1,12,8,2461
35.0,1,12,9,2469
35.0,1,12,10,2476
35.0,1,12,11,2484
35.0,1,12,12,2491
35.0,1,12,13,2499
35.0,1,12,14,2506
35.0,1,12,15,2513
35.0,1,13,0,2407
35.0,1,13,1,2415
35.0,1,13,2,2423
35.0,1,13,3,2431
35.0,1,13,4,2438
35.0,1,13,5,2446
35.0,1,13,6,2454
35.0,1,13,7,2461
35.0,1,13,8,2469
35.0,1,13,9,2476
35.0,1,13,10,2484
35.0,1,13,11,2491
35.0,1,13,12,2499
35.0,1,13,13,2506
35.0,1,13,14,2514
35.0,1,13,15,2521
35.0,1,14,0,2415
35.0,1,14,1,2423
35.0,1,14,2,2430
35.0,1,14,3,2438
35.0,1,14,4,2446
35.0,1,14,5,2453
35.0,1,14,6,2461
35.0,1,14,7,2469
35.0,1,14,8,2476
35.0,1,14,9,2484
35.0,1,14,10,2492
35.0,1,14,11,2499
35.0,1,14,12,2507
35.0,1,14,13,2514
35.0,1,14,14,2522
35.0,1,14,15,2529
35.0,1,15,0,2422
35.0,1,15,1,2430
35.0,1,15,2,2438
35.0,1,15,3,2446
35.0,1,15,4,2453
35.0,1,15,5,2461
35.0,1,15,6,2469
35.0,1,15,7,2476
35.0,1,15,8,2484
35.0,1,15,9,2492
35.0,1,15,10,2499
35.0,1,15,11,2507
35.0,1,15,12,2514
35.0,1,15,13,2522
35.0,1,15,14,2529
35.0,1,15,15,2537
35.0,2,0,0,2318
35.0,2,0,1,2325
35.0,2,0,2,2332
35.0,2,0,3,2340
35.0,2,0,4,2347
35.0,2,0,5,2355
35.0,2,0,6,2362
35.0,2,0,7,2369
35.0,2,0,8,2377
35.0,2,0,9,2384
35.0,2,0,10,2391
35.0,2,0,11,2398
35.0,2,0,12,2406
35.0,2,0,13,2413
35.0,2,0,14,2420
35.0,2,0,15,2427
35.0,2,1,0,2325
35.0,2,1,1,2333
35.0,2,1,2,2340
35.0,2,1,3,2348
35.0,2,1,4,2355
35.0,2,1,5,2363
35.0,2,1,6,2370
35.0,2,1,7,2377
35.0,2,1,8,2385
35.0,2,1,9,2392
35.0,2,1,10,2399
35.0,2,1,11,2406
35.0,2,1,12,2414
35.0,2,1,13,2421
35.0,2,1,14,2428
35.0,2,1,15,2435
35.0,2,2,0,2333
35.0,2,2,1,2341
35.0,2,2,2,2348
35.0,2,2,3,2356
35.0,2,2,4,2363
35.0,2,2,5,2370
35.0,2,2,6,2378
35.0,2,2,7,2385
35.0,2,2,8,2393
35.0,2,2,9,2400
35.0,2,2,10,2407
35.0,2,2,11,2414
35.0,2,2,12,2422
35.0,2,2,13,2429
35.0,2,2,14,2436
35.0,2,2,15,2443
35.0,2,3,0,2341
35.0,2,3,1,2348
35.0,2,3,2,2356
35.0,2,3,3,2363
35.0,2,3,4,2371
35.0,2,3,5,2378
35.0,2,3,6,2386
35.0,2,3,7,2393
35.0,2,3,8,2400
35.0,2,3,9,2408
35.0,2,3,10,2415
35.0,2,3,11,2422
35.0,2,3,12,2430
35.0,2,3,13,2437
35.0,2,3,14,2444
35.0,2,3,15,2451
35.0,2,4,0,2348
35.0,2,4,1,2356
35.0,2,4,2,2364
35.0,2,4,3,2371
35.0,2,4,4,2379
35.0,2,4,5,2386
35.0,2,4,6,2394
35.0,2,4,7,2401
35.0,2,4,8,2408
35.0,2,4,9,2416
35.0,2,4,10,2423
35.0,2,4,11,2430
35.0,2,4,12,2438
35.0,2,4,13,2445
35.0,2,4,14,2452
35.0,2,4,15,2460
35.0,2,5,0,2356
35.0,2,5,1,2364
35.0,2,5,2,2371
35.0,2,5,3,2379
35.0,2,5,4,2386
35.0,2,5,5,2394
35.0,2,5,6,2401
35.0,2,5,7,2409
35.0,2,5,8,2416
35.0,2,5,9,2424
35.0,2,5,10,2431
35.0,2,5,11,2438
35.0,2,5,12,2446
35.0,2,5,13,2453
35.0,2,5,14,2460
35.0,2,5,15,2468
35.0,2,6,0,2364
35.0,2,6,1,2371
35.0,2,6,2,2379
35.0,2,6,3,2387
35.0,2,6,4,2394
35.0,2,6,5,2402
35.0,2,6,6,2409
35.0,2,6,7,2417
35.0,2,6,8,2424
35.0,2,6,9,2431
35.0,2,6,10,2439
35.0,2,6,11,2446
35.0,2,6,12,2454
35.0,2,6,13,2461
35.0,2,6,14,2468
35.0,2,6,15,2476
35.0,2,7,0,2371
35.0,2,7,1,2379
35.0,2,7,2,2387
35.0,2,7,3,2394
35.0,2,7,4,2402
35.0,2,7,5,2409
35.0,2,7,6,2417
35.0,2,7,7,2424
35.0,2,7,8,2432
35.0,2,7,9,2439
35.0,2,7,10,2447
35.0,2,7,11,2454
35.0,2,7,12,2462
35.0,2,7,13,2469
35.0,2,7,14,2476
35.0,2,7,15,2484
35.0,2,8,0,2379
35.0,2,8,1,2387
35.0,2,8,2,2394
35.0,2,8,3,2402
35.0,2,8,4,2409
35.0,2,8,5,2417
35.0,2,8,6,2425
35.0,2,8,7,2432
35.0,2,8,8,2440
35.0,2,8,9,2447
35.0,2,8,10,2455
35.0,2,8,11,2462
35.0,2,8,12,2469
35.0,2,8,13,2477
35.0,2,8,14,2484
35.0,2,8,15,2491
35.0,2,9,0,2387
35.0,2,9,1,2394
35.0,2,9,2,2402
35.0,2,9,3,2410
35.0,2,9,4,2417
35.0,2,9,5,2425
35.0,2,9,6,2432
35.0,2,9,7,2440
35.0,2,9,8,2447
35.0,2,9,9,2455
35.0,2,9,10,2462
35.0,2,9,11,2470
35.0,2,9,12,2477
35.0,2,9,13,2485
35.0,2,9,14,2492
35.0,2,9,15,2499
35.0,2,10,0,2394
35.0,2,10,1,2402
35.0,2,10,2,2409
35.0,2,10,3,2417
35.0,2,10,4,2425
35.0,2,10,5,2432
35.0,2,10,6,2440
35.0,2,10,7,2448
35.0,2,10,8,2455
35.0,2,10,9,2463
35.0,2,10,10,2470
35.0,2,10,11,2478
35.0,2,10,12,2485
35.0,2,10,13,2492
35.0,2,10,14,2500
35.0,2,10,15,2507
35.0,2,11,0,2402
35.0,2,11,1,2409
35.0,2,11,2,2417
35.0,2,11,3,2425
35.0,2,11,4,2432
35.0,2,11,5,2440
35.0,2,11,6,2448
35.0,2,11,7,2455
35.0,2,11,8,2463
35.0,2,11,9,2470
35.0,2,11,10,2478
35.0,2,11,11,2485
35.0,2,11,12,2493
35.0,2,11,13,2500
35.0,2,11,14,2508
35.0,2,11,15,2515
35.0,2,12,0,2409
35.0,2,12,1,2417
35.0,2,12,2,2425
35.0,2,12,3,2432
35.0,2,12,4,2440
35.0,2,12,5,2448
35.0,2,12,6,2455
35.0,2,12,7,2463
35.0,2,12,8,2471
35.0,2,12,9,2478
35.0,2,12,10,2486
35.0,2,12,11,2493
35.0,2,12,12,2501
35.0,2,12,13,2508
35.0,2,12,14,2516
35.0,2,12,15,2523
35.0,2,13,0,2417
35.0,2,13,1,2424
35.0,2,13,2,2432
35.0,2,13,3,2440
35.0,2,13,4,2448
35.0,2,13,5,2455
35.0,2,13,6,2463
35.0,2,13,7,2471
35.0,2,13,8,2478
35.0,2,13,9,2486
35.0,2,13,10,2493
35.0,2,13,11,2501
35.0,2,13,12,2508
35.0,2,13,13,2516
35.0,2,13,14,2523
35.0,2,13,15,2531
35.0,2,14,0,2424
35.0,2,14,1,2432
35.0,2,14,2,2440
35.0,2,14,3,2447
35.0,2,14,4,2455
35.0,2,14,5,2463
35.0,2,14,6,2471
35.0,2,14,7,2478
35.0,2,14,8,2486
35.0,2,14,9,2493
35.0,2,14,10,2501
35.0,2,14,11,2509
35.0,2,14,12,2516
35.0,2,14,13,2524
35.0,2,14,14,2531
35.0,2,14,15,2539
35.0,2,15,0,2431
35.0,2,15,1,2439
35.0,2,15,2,2447
35.0,2,15,3,2455
35.0,2,15,4,2463
35.0,2,15,5,2470
35.0,2,15,6,2478
35.0,2,15,7,2486
35.0,2,15,8,2493
35.0,2,15,9,2501
35.0,2,15,10,2509
35.0,2,15,11,2516
35.0,2,15,12,2524
35.0,2,15,13,2531
35.0,2,15,14,2539
35.0,2,15,15,2546
35.0,3,0,0,2326
35.0,3,0,1,2334
35.0,3,0,2,2341
35.0,3,0,3,2349
35.0,3,0,4,2356
35.0,3,0,5,2364
35.0,3,0,6,2371
35.0,3,0,7,2378
35.0,3,0,8,2386
35.0,3,0,9,2393
35.0,3,0,10,2400
35.0,3,0,11,2408
35.0,3,0,12,2415
35.0,3,0,13,2422
35.0,3,0,14,2429
35.0,3,0,15,2436
35.0,3,1,0,2334
35.0,3,1,1,2342
35.0,3,1,2,2349
35.0,3,1,3,2357
35.0,3,1,4,2364
35.0,3,1,5,2372
35.0,3,1,6,2379
35.0,3,1,7,2386
35.0,3,1,8,2394
35.0,3,1,9,2401
35.0,3,1,10,2408
35.0,3,1,11,2416
35.0,3,1,12,2423
35.0,3,1,13,2430
35.0,3,1,14,2437
35.0,3,1,15,2445
35.0,3,2,0,2342
35.0,3,2,1,2349
35.0,3,2,2,2357
35.0,3,2,3,2365
35.0,3,2,4,2372
35.0,3,2,5,2379
35.0,3,2,6,2387
35.0,3,2,7,2394
35.0,3,2,8,2402
35.0,3,2,9,2409
35.0,3,2,10,2416
35.0,3,2,11,2424
35.0,3,2,12,2431
35.0,3,2,13,2438
35.0,3,2,14,2445
35.0,3,2,15,2453
35.0,3,3,0,2350
35.0,3,3,1,2357
35.0,3,3,2,2365
35.0,3,3,3,2372
35.0,3,3,4,2380
35.0,3,3,5,2387
35.0,3,3,6,2395
35.0,3,3,7,2402
35.0,3,3,8,2410
35.0,3,3,9,2417
35.0,3,3,10,2424
35.0,3,3,11,2432
35.0,3,3,12,2439
35.0,3,3,13,2446
35.0,3,3,14,2454
35.0,3,3,15,2461
35.0,3,4,0,2357
35.0,3,4,1,2365
35.0,3,4,2,2373
35.0,3,4,3,2380
35.0,3,4,4,2388
35.0,3,4,5,2395
35.0,3,4,6,2403
35.0,3,4,7,2410
35.0,3,4,8,2417
35.0,3,4,9,2425
35.0,3,4,10,2432
35.0,3,4,11,2440
35.0,3,4,12,2447
35.0,3,4,13,2454
35.0,3,4,14,2462
35.0,3,4,15,2469
35.0,3,5,0,2365
35.0,3,5,1,2373
35.0,3,5,2,2380
35.0,3,5,3,2388
35.0,3,5,4,2395
35.0,3,5,5,2403
35.0,3,5,6,2410
35.0,3,5,7,2418
35.0,3,5,8,2425
35.0,3,5,9,2433
35.0,3,5,10,2440
35.0,3,5,11,2448
35.0,3,5,12,2455
35.0,3,5,13,2462
35.0,3,5,14,2470
35.0,3,5,15,2477
35.0,3,6,0,2373
35.0,3,6,1,2380
35.0,3,6,2,2388
35.0,3,6,3,2396
35.0,3,6,4,2403
35.0,3,6,5,2411
35.0,3,6,6,2418
35.0,3,6,7,2426
35.0,3,6,8,2433
35.0,3,6,9,2441
35.0,3,6,10,2448
35.0,3,6,11,2456
35.0,3,6,12,2463
35.0,3,6,13,2470
35.0,3,6,14,2478
35.0,3,6,15,2485
35.0,3,7,0,2380
35.0,3,7,1,2388
35.0,3,7,2,2396
35.0,3,7,3,2403
35.0,3,7,4,2411
35.0,3,7,5,2419
35.0,3,7,6,2426
35.0,3,7,7,2434
35.0,3,7,8,2441
35.0,3,7,9,2449
35.0,3,7,10,2456
35.0,3,7,11,2463
35.0,3,7,12,2471
35.0,3,7,13,2478
35.0,3,7,14,2486
35.0,3,7,15,2493
35.0,3,8,0,2388
35.0,3,8,1,2396
35.0,3,8,2,2403
35.0,3,8,3,2411
35.0,3,8,4,2419
35.0,3,8,5,2426
35.0,3,8,6,2434
35.0,3,8,7,2441
35.0,3,8,8,2449
35.0,3,8,9,2456
35.0,3,8,10,2464
35.0,3,8,11,2471
35.0,3,8,12,2479
35.0,3,8,13,2486
35.0,3,8,14,2494
35.0,3,8,15,2501
35.0,3,9,0,2396
35.0,3,9,1,2403
35.0,3,9,2,2411
35.0,3,9,3,2419
35.0,3,9,4,2426
35.0,3,9,5,2434
35.0,3,9,6,2442
35.0,3,9,7,2449
35.0,3,9,8,2457
35.0,3,9,9,2464
35.0,3,9,10,2472
35.0,3,9,11,2479
35.0,3,9,12,2487
35.0,3,9,13,2494
35.0,3,9,14,2502
35.0,3,9,15,2509
35.0,3,10,0,2403
35.0,3,10,1,2411
35.0,3,10,2,2419
35.0,3,10,3,2426
35.0,3,10,4,2434
35.0,3,10,5,2442
35.0,3,10,6,2449
35.0,3,10,7,2457
35.0,3,10,8,2464
35.0,3,10,9,2472
35.0,3,10,10,2480
35.0,3,10,11,2487
35.0,3,10,12,2495
35.0,3,10,13,2502
35.0,3,10,14,2509
35.0,3,10,15,2517
35.0,3,11,0,2411
35.0,3,11,1,2419
35.0,3,11,2,2426
35.0,3,11,3,2434
35.0,3,11,4,2442
35.0,3,11,5,2449
35.0,3,11,6,2457
35.0,3,11,7,2465
35.0,3,11,8,2472
35.0,3,11,9,2480
35.0,3,11,10,2487
35.0,3,11,11,2495
35.0,3,11,12,2502
35.0,3,11,13,2510
35.0,3,11,14,2517
35.0,3,11,15,2525
35.0,3,12,0,2418
35.0,3,12,1,2426
35.0,3,12,2,2434
35.0,3,12,3,2442
35.0,3,12,4,2449
35.0,3,12,5,2457
35.0,3,12,6,2465
35.0,3,12,7,2472
35.0,3,12,8,2480
35.0,3,12,9,2488
35.0,3,12,10,2495
35.0,3,12,11,2503
35.0,3,12,12,2510
35.0,3,12,13,2518
35.0,3,12,14,2525
35.0,3,12,15,2533
35.0,3,13,0,2426
35.0,3,13,1,2434
35.0,3,13,2,2441
35.0,3,13,3,2449
35.0,3,13,4,2457
35.0,3,13,5,2465
35.0,3,13,6,2472
35.0,3,13,7,2480
35.0,3,13,8,2488
35.0,3,13,9,2495
35.0,3,13,10,2503
35.0,3,13,11,2510
35.0,3,13,12,2518
35.0,3,13,13,2525
35.0,3,13,14,2533
35.0,3,13,15,2540
35.0,3,14,0,2433
35.0,3,14,1,2441
35.0,3,14,2,2449
35.0,3,14,3,2457
35.0,3,14,4,2464
35.0,3,14,5,2472
35.0,3,14,6,2480
35.0,3,14,7,2488
35.0,3,14,8,2495
35.0,3,14,9,2503
35.0,3,14,10,2511
35.0,3,14,11,2518
35.0,3,14,12,2526
35.0,3,14,13,2533
35.0,3,14,14,2541
35.0,3,14,15,2548
35.0,3,15,0,2441
35.0,3,15,1,2449
35.0,3,15,2,2456
35.0,3,15,3,2464
35.0,3,15,4,2472
35.0,3,15,5,2480
35.0,3,15,6,2488
35.0,3,15,7,2495
35.0,3,15,8,2503
35.0,3,15,9,2511
35.0,3,15,10,2518
35.0,3,15,11,2526
35.0,3,15,12,2533
35.0,3,15,13,2541
35.0,3,15,14,2549
35.0,3,15,15,2556
35.0,4,0,0,2335
35.0,4,0,1,2343
35.0,4,0,2,2350
35.0,4,0,3,2358
35.0,4,0,4,2365
35.0,4,0,5,2373
35.0,4,0,6,2380
35.0,4,0,7,2387
35.0,4,0,8,2395
35.0,4,0,9,2402
35.0,4,0,10,2409
35.0,4,0,11,2417
35.0,4,0,12,2424
35.0,4,0,13,2431
35.0,4,0,14,2438
35.0,4,0,15,2446
35.0,4,1,0,2343
35.0,4,1,1,2351
35.0,4,1,2,2358
35.0,4,1,3,2366
35.0,4,1,4,2373
35.0,4,1,5,2381
35.0,4,1,6,2388
35.0,4,1,7,2395
35.0,4,1,8,2403
35.0,4,1,9,2410
35.0,4,1,10,2417
35.0,4,1,11,2425
35.0,4,1,12,2432
35.0,4,1,13,2439
35.0,4,1,14,2447
35.0,4,1,15,2454
35.0,4,2,0,2351
35.0,4,2,1,2358
35.0,4,2,2,2366
35.0,4,2,3,2373
35.0,4,2,4,2381
35.0,4,2,5,2388
35.0,4,2,6,2396
35.0,4,2,7,2403
35.0,4,2,8,2411
35.0,4,2,9,2418
35.0,4,2,10,2425
35.0,4,2,11,2433
35.0,4,2,12,2440
35.0,4,2,13,2447
35.0,4,2,14,2455
35.0,4,2,15,2462
35.0,4,3,0,2359
35.0,4,3,1,2366
35.0,4,3,2,2374
35.0,4,3,3,2381
35.0,4,3,4,2389
35.0,4,3,5,2396
35.0,4,3,6,2404
35.0,4,3,7,2411
35.0,4,3,8,2419
35.0,4,3,9,2426
35.0,4,3,10,2434
35.0,4,3,11,2441
35.0,4,3,12,2448
35.0,4,3,13,2456
35.0,4,3,14,2463
35.0,4,3,15,2470
35.0,4,4,0,2366
35.0,4,4,1,2374
35.0,4,4,2,2382
35.0,4,4,3,2389
35.0,4,4,4,2397
35.0,4,4,5,2404
35.0,4,4,6,2412
35.0,4,4,7,2419
35.0,4,4,8,2427
35.0,4,4,9,2434
35.0,4,4,10,2442
35.0,4,4,11,2449
35.0,4,4,12,2456
35.0,4,4,13,2464
35.0,4,4,14,2471
35.0,4,4,15,2478
35.0,4,5,0,2374
35.0,4,5,1,2382
35.0,4,5,2,2389
35.0,4,5,3,2397
35.0,4,5,4,2405
35.0,4,5,5,2412
35.0,4,5,6,2420
35.0,4,5,7,2427
35.0,4,5,8,2435
35.0,4,5,9,2442
35.0,4,5,10,2449
35.0,4,5,11,2457
35.0,4,5,12,2464
35.0,4,5,13,2472
35.0,4,5,14,2479
35.0,4,5,15,2486
35.0,4,6,0,2382
35.0,4,6,1,2389
35.0,4,6,2,2397
35.0,4,6,3,2405
35.0,4,6,4,2412
35.0,4,6,5,2420
35.0,4,6,6,2427
35.0,4,6,7,2435
35.0,4,6,8,2442
35.0,4,6,9,2450
35.0,4,6,10,2457
35.0,4,6,11,2465
35.0,4,6,12,2472
35.0,4,6,13,2480
35.0,4,6,14,2487
35.0,4,6,15,2494
35.0,4,7,0,2389
35.0,4,7,1,2397
35.0,4,7,2,2405
35.0,4,7,3,2412
35.0,4,7,4,2420
35.0,4,7,5,2428
35.0,4,7,6,2435
35.0,4,7,7,2443
35.0,4,7,8,2450
35.0,4,7,9,2458
35.0,4,7,10,2465
35.0,4,7,11,2473
35.0,4,7,12,2480
35.0,4,7,13,2488
35.0,4,7,14,2495
35.0,4,7,15,2502
35.0,4,8,0,2397
35.0,4,8,1,2405
35.0,4,8,2,2413
35.0,4,8,3,2420
35.0,4,8,4,2428
35.0,4,8,5,2435
35.0,4,8,6,2443
35.0,4,8,7,2451
35.0,4,8,8,2458
35.0,4,8,9,2466
35.0,4,8,10,2473
35.0,4,8,11,2481
35.0,4,8,12,2488
35.0,4,8,13,2496
35.0,4,8,14,2503
35.0,4,8,15,2510
35.0,4,9,0,2405
35.0,4,9,1,2412
35.0,4,9,2,2420
35.0,4,9,3,2428
35.0,4,9,4,2436
35.0,4,9,5,2443
35.0,4,9,6,2451
35.0,4,9,7,2458
35.0,4,9,8,2466
35.0,4,9,9,2474
35.0,4,9,10,2481
35.0,4,9,11,2489
35.0,4,9,12,2496
35.0,4,9,13,2504
35.0,4,9,14,2511
35.0,4,9,15,2518
35.0,4,10,0,2412
35.0,4,10,1,2420
35.0,4,10,2,2428
35.0,4,10,3,2436
35.0,4,10,4,2443
35.0,4,10,5,2451
35.0,4,10,6,2459
35.0,4,10,7,2466
35.0,4,10,8,2474
35.0,4,10,9,2481
35.0,4,10,10,2489
35.0,4,10,11,2496
35.0,4,10,12,2504
35.0,4,10,13,2511
35.0,4,10,14,2519
35.0,4,10,15,2526
35.0,4,11,0,2420
35.0,4,11,1,2428
35.0,4,11,2,2435
35.0,4,11,3,2443
35.0,4,11,4,2451
35.0,4,11,5,2459
35.0,4,11,6,2466
35.0,4,11,7,2474
35.0,4,11,8,2482
35.0,4,11,9,2489
35.0,4,11,10,2497
35.0,4,11,11,2504
35.0,4,11,12,2512
35.0,4,11,13,2519
35.0,4,11,14,2527
35.0,4,11,15,2534
35.0,4,12,0,2427
35.0,4,12,1,2435
35.0,4,12,2,2443
35.0,4,12,3,2451
35.0,4,12,4,2459
35.0,4,12,5,2466
35.0,4,12,6,2474
35.0,4,12,7,2482
35.0,4,12,8,2489
35.0,4,12,9,2497
35.0,4,12,10,2505
35.0,4,12,11,2512
35.0,4,12,12,2520
35.0,4,12,13,2527
35.0,4,12,14,2535
35.0,4,12,15,2542
35.0,4,13,0,2435
35.0,4,13,1,2443
35.0,4,13,2,2451
35.0,4,13,3,2458
35.0,4,13,4,2466
35.0,4,13,5,2474
35.0,4,13,6,2482
35.0,4,13,7,2489
35.0,4,13,8,2497
35.0,4,13,9,2505
35.0,4,13,10,2512
35.0,4,13,11,2520
35.0,4,13,12,2527
35.0,4,13,13,2535
35.0,4,13,14,2543
35.0,4,13,15,2550
35.0,4,14,0,2442
35.0,4,14,1,2450
35.0,4,14,2,2458
35.0,4,14,3,2466
35.0,4,14,4,2474
35.0,4,14,5,2482
35.0,4,14,6,2489
35.0,4,14,7,2497
35.0,4,14,8,2505
35.0,4,14,9,2512
35.0,4,14,10,2520
35.0,4,14,11,2528
35.0,4,14,12,2535
35.0,4,14,13,2543
35.0,4,14,14,2550
35.0,4,14,15,2558
35.0,4,15,0,2450
35.0,4,15,1,2458
35.0,4,15,2,2466
35.0,4,15,3,2474
35.0,4,15,4,2481
35.0,4,15,5,2489
35.0,4,15,6,2497
35.0,4,15,7,2505
35.0,4,15,8,2512
35.0,4,15,9,2520
35.0,4,15,10,2528
35.0,4,15,11,2535
35.0,4,15,12,2543
35.0,4,15,13,2551
35.0,4,15,14,2558
35.0,4,15,15,2566
35.0,5,0,0,2344
35.0,5,0,1,2352
35.0,5,0,2,2359
35.0,5,0,3,2367
35.0,5,0,4,2374
35.0,5,0,5,2382
35.0,5,0,6,2389
35.0,5,0,7,2396
35.0,5,0,8,2404
35.0,5,0,9,2411
35.0,5,0,10,2418
35.0,5,0,11,2426
35.0,5,0,12,2433
35.0,5,0,13,2440
35.0,5,0,14,2448
35.0,5,0,15,2455
35.0,5,1,0,2352
35.0,5,1,1,2359
35.0,5,1,2,2367
35.0,5,1,3,2375
35.0,5,1,4,2382
35.0,5,1,5,2390
35.0,5,1,6,2397
35.0,5,1,7,2404
35.0,5,1,8,2412
35.0,5,1,9,2419
35.0,5,1,10,2427
35.0,5,1,11,2434
35.0,5,1,12,2441
35.0,5,1,13,2449
35.0,5,1,14,2456
35.0,5,1,15,2463
35.0,5,2,0,2360
35.0,5,2,1,2367
35.0,5,2,2,2375
35.0,5,2,3,2382
35.0,5,2,4,2390
35.0,5,2,5,2397
35.0,5,2,6,2405
35.0,5,2,7,2412
35.0,5,2,8,2420
35.0,5,2,9,2427
35.0,5,2,10,2435
35.0,5,2,11,2442
35.0,5,2,12,2449
35.0,5,2,13,2457
35.0,5,2,14,2464
35.0,5,2,15,2471
35.0,5,3,0,2368
35.0,5,3,1,2375
35.0,5,3,2,2383
35.0,5,3,3,2390
35.0,5,3,4,2398
35.0,5,3,5,2405
35.0,5,3,6,2413
35.0,5,3,7,2420
35.0,5,3,8,2428
35.0,5,3,9,2435
35.0,5,3,10,2443
35.0,5,3,11,2450
35.0,5,3,12,2457
35.0,5,3,13,2465
35.0,5,3,14,2472
35.0,5,3,15,2479
35.0,5,4,0,2375
35.0,5,4,1,2383
35.0,5,4,2,2391
35.0,5,4,3,2398
35.0,5,4,4,2406
35.0,5,4,5,2413
35.0,5,4,6,2421
35.0,5,4,7,2428
35.0,5,4,8,2436
35.0,5,4,9,2443
35.0,5,4,10,2451
35.0,5,4,11,2458
35.0,5,4,12,2466
35.0,5,4,13,2473
35.0,5,4,14,2480
35.0,5,4,15,2488
35.0,5,5,0,2383
35.0,5,5,1,2391
35.0,5,5,2,2398
35.0,5,5,3,2406
35.0,5,5,4,2414
35.0,5,5,5,2421
35.0,5,5,6,2429
35.0,5,5,7,2436
35.0,5,5,8,2444
35.0,5,5,9,2451
35.0,5,5,10,2459
35.0,5,5,11,2466
35.0,5,5,12,2474
35.0,5,5,13,2481
35.0,5,5,14,2488
35.0,5,5,15,2496
35.0,5,6,0,2391
35.0,5,6,1,2398
35.0,5,6,2,2406
35.0,5,6,3,2414
35.0,5,6,4,2421
35.0,5,6,5,2429
35.0,5,6,6,2437
35.0,5,6,7,2444
35.0,5,6,8,2452
35.0,5,6,9,2459
35.0,5,6,10,2467
35.0,5,6,11,2474
35.0,5,6,12,2482
35.0,5,6,13,2489
35.0,5,6,14,2496
35.0,5,6,15,2504
35.0,5,7,0,2398
35.0,5,7,1,2406
35.0,5,7,2,2414
35.0,5,7,3,2422
35.0,5,7,4,2429
35.0,5,7,5,2437
35.0,5,7,6,2444
35.0,5,7,7,2452
35.0,5,7,8,2460
35.0,5,7,9,2467
35.0,5,7,10,2475
35.0,5,7,11,2482
35.0,5,7,12,2490
35.0,5,7,13,2497
35.0,5,7,14,2504
35.0,5,7,15,2512
35.0,5,8,0,2406
35.0,5,8,1,2414
35.0,5,8,2,2422
35.0,5,8,3,2429
35.0,5,8,4,2437
35.0,5,8,5,2445
35.0,5,8,6,2452
35.0,5,8,7,2460
35.0,5,8,8,2467
35.0,5,8,9,2475
35.0,5,8,10,2483
35.0,5,8,11,2490
35.0,5,8,12,2498
35.0,5,8,13,2505
35.0,5,8,14,2512
35.0,5,8,15,2520
35.0,5,9,0,2414
35.0,5,9,1,2422
35.0,5,9,2,2429
35.0,5,9,3,2437
35.0,5,9,4,2445
35.0,5,9,5,2452
35.0,5,9,6,2460
35.0,5,9,7,2468
35.0,5,9,8,2475
35.0,5,9,9,2483
35.0,5,9,10,2490
35.0,5,9,11,2498
35.0,5,9,12,2505
35.0,5,9,13,2513
35.0,5,9,14,2520
35.0,5,9,15,2528
35.0,5,10,0,2421
35.0,5,10,1,2429
35.0,5,10,2,2437
35.0,5,10,3,2445
35.0,5,10,4,2452
35.0,5,10,5,2460
35.0,5,10,6,2468
35.0,5,10,7,2475
35.0,5,10,8,2483
35.0,5,10,9,2491
35.0,5,10,10,2498
35.0,5,10,11,2506
35.0,5,10,12,2513
35.0,5,10,13,2521
35.0,5,10,14,2528
35.0,5,10,15,2536
35.0,5,11,0,2429
35.0,5,11,1,2437
35.0,5,11,2,2445
35.0,5,11,3,2452
35.0,5,11,4,2460
35.0,5,11,5,2468
35.0,5,11,6,2476
35.0,5,11,7,2483
35.0,5,11,8,2491
35.0,5,11,9,2499
35.0,5,11,10,2506
35.0,5,11,11,2514
35.0,5,11,12,2521
35.0,5,11,13,2529
35.0,5,11,14,2536
35.0,5,11,15,2544
35.0,5,12,0,2437
35.0,5,12,1,2444
35.0,5,12,2,2452
35.0,5,12,3,2460
35.0,5,12,4,2468
35.0,5,12,5,2476
35.0,5,12,6,2483
35.0,5,12,7,2491
35.0,5,12,8,2499
35.0,5,12,9,2506
35.0,5,12,10,2514
35.0,5,12,11,2522
35.0,5,12,12,2529
35.0,5,12,13,2537
35.0,5,12,14,2544
35.0,5,12,15,2552
35.0,5,13,0,2444
35.0,5,13,1,2452
35.0,5,13,2,2460
35.0,5,13,3,2468
35.0,5,13,4,2475
35.0,5,13,5,2483
35.0,5,13,6,2491
35.0,5,13,7,2499
35.0,5,13,8,2506
35.0,5,13,9,2514
35.0,5,13,10,2522
35.0,5,13,11,2529
35.0,5,13,12,2537
35.0,5,13,13,2545
35.0,5,13,14,2552
35.0,5,13,15,2560
35.0,5,14,0,2452
35.0,5,14,1,2460
35.0,5,14,2,2467
35.0,5,14,3,2475
35.0,5,14,4,2483
35.0,5,14,5,2491
35.0,5,14,6,2499
35.0,5,14,7,2506
35.0,5,14,8,2514
35.0,5,14,9,2522
35.0,5,14,10,2530
35.0,5,14,11,2537
35.0,5,14,12,2545
35.0,5,14,13,2552
35.0,5,14,14,2560
35.0,5,14,15,2568
35.0,5,15,0,2459
35.0,5,15,1,2467
35.0,5,15,2,2475
35.0,5,15,3,2483
35.0,5,15,4,2491
35.0,5,15,5,2499
35.0,5,15,6,2506
35.0,5,15,7,2514
35.0,5,15,8,2522
35.0,5,15,9,2530
35.0,5,15,10,2537
35.0,5,15,11,2545
35.0,5,15,12,2553
35.0,5,15,13,2560
35.0,5,15,14,2568
35.0,5,15,15,2575
35.0,6,0,0,2353
35.0,6,0,1,2360
35.0,6,0,2,2368
35.0,6,0,3,2375
35.0,6,0,4,2383
35.0,6,0,5,2390
35.0,6,0,6,2398
35.0,6,0,7,2405
35.0,6,0,8,2413
35.0,6,0,9,2420
35.0,6,0,10,2428
35.0,6,0,11,2435
35.0,6,0,12,2442
35.0,6,0,13,2450
35.0,6,0,14,2457
35.0,6,0,15,2464
35.0,6,1,0,2361
35.0,6,1,1,2368
35.0,6,1,2,2376
35.0,6,1,3,2383
35.0,6,1,4,2391
35.0,6,1,5,2398
35.0,6,1,6,2406
35.0,6,1,7,2413
35.0,6,1,8,2421
35.0,6,1,9,2428
35.0,6,1,10,2436
35.0,6,1,11,2443
35.0,6,1,12,2450
35.0,6,1,13,2458
35.0,6,1,14,2465
35.0,6,1,15,2472
35.0,6,2,0,2369
35.0,6,2,1,2376
35.0,6,2,2,2384
35.0,6,2,3,2391
35.0,6,2,4,2399
35.0,6,2,5,2406
35.0,6,2,6,2414
35.0,6,2,7,2421
35.0,6,2,8,2429
35.0,6,2,9,2436
35.0,6,2,10,2444
35.0,6,2,11,2451
35.0,6,2,12,2459
35.0,6,2,13,2466
35.0,6,2,14,2473
35.0,6,2,15,2481
35.0,6,3,0,2376
35.0,6,3,1,2384
35.0,6,3,2,2392
35.0,6,3,3,2399
35.0,6,3,4,2407
35.0,6,3,5,2414
35.0,6,3,6,2422
35.0,6,3,7,2429
35.0,6,3,8,2437
35.0,6,3,9,2444
35.0,6,3,10,2452
35.0,6,3,11,2459
35.0,6,3,12,2467
35.0,6,3,13,2474
35.0,6,3,14,2481
35.0,6,3,15,2489
35.0,6,4,0,2384
35.0,6,4,1,2392
35.0,6,4,2,2400
35.0,6,4,3,2407
35.0,6,4,4,2415
35.0,6,4,5,2422
35.0,6,4,6,2430
35.0,6,4,7,2437
35.0,6,4,8,2445
35.0,6,4,9,2452
35.0,6,4,10,2460
35.0,6,4,11,2467
35.0,6,4,12,2475
35.0,6,4,13,2482
35.0,6,4,14,2490
35.0,6,4,15,2497
35.0,6,5,0,2392
35.0,6,5,1,2400
35.0,6,5,2,2407
35.0,6,5,3,2415
35.0,6,5,4,2423
35.0,6,5,5,2430
35.0,6,5,6,2438
35.0,6,5,7,2445
35.0,6,5,8,2453
35.0,6,5,9,2460
35.0,6,5,10,2468
35.0,6,5,11,2475
35.0,6,5,12,2483
35.0,6,5,13,2490
35.0,6,5,14,2498
35.0,6,5,15,2505
35.0,6,6,0,2400
35.0,6,6,1,2407
35.0,6,6,2,2415
35.0,6,6,3,2423
35.0,6,6,4,2431
35.0,6,6,5,2438
35.0,6,6,6,2446
35.0,6,6,7,2453
35.0,6,6,8,2461
35.0,6,6,9,2468
35.0,6,6,10,2476
35.0,6,6,11,2483
35.0,6,6,12,2491
35.0,6,6,13,2498
35.0,6,6,14,2506
35.0,6,6,15,2513
35.0,6,7,0,2407
35.0,6,7,1,2415
35.0,6,7,2,2423
35.0,6,7,3,2431
35.0,6,7,4,2438
35.0,6,7,5,2446
35.0,6,7,6,2454
35.0,6,7,7,2461
35.0,6,7,8,2469
35.0,6,7,9,2476
35.0,6,7,10,2484
35.0,6,7,11,2491
35.0,6,7,12,2499
35.0,6,7,13,2506
35.0,6,7,14,2514
35.0,6,7,15,2521
35.0,6,8,0,2415
35.0,6,8,1,2423
35.0,6,8,2,2431
35.0,6,8,3,2438
35.0,6,8,4,2446
35.0,6,8,5,2454
35.0,6,8,6,2461
35.0,6,8,7,2469
35.0,6,8,8,2477
35.0,6,8,9,2484
35.0,6,8,10,2492
35.0,6,8,11,2499
35.0,6,8,12,2507
35.0,6,8,13,2514
35.0,6,8,14,2522
35.0,6,8,15,2529
35.0,6,9,0,2423
35.0,6,9,1,2431
35.0,6,9,2,2438
35.0,6,9,3,2446
35.0,6,9,4,2454
35.0,6,9,5,2462
35.0,6,9,6,2469
35.0,6,9,7,2477
35.0,6,9,8,2485
35.0,6,9,9,2492
35.0,6,9,10,2500
35.0,6,9,11,2507
35.0,6,9,12,2515
35.0,6,9,13,2522
35.0,6,9,14,2530
35.0,6,9,15,2537
35.0,6,10,0,2431
35.0,6,10,1,2438
35.0,6,10,2,2446
35.0,6,10,3,2454
35.0,6,10,4,2462
35.0,6,10,5,2469
35.0,6,10,6,2477
35.0,6,10,7,2485
35.0,6,10,8,2492
35.0,6,10,9,2500
35.0,6,10,10,2508
35.0,6,10,11,2515
35.0,6,10,12,2523
35.0,6,10,13,2530
35.0,6,10,14,2538
35.0,6,10,15,2545
35.0,6,11,0,2438
35.0,6,11,1,2446
35.0,6,11,2,2454
35.0,6,11,3,2462
35.0,6,11,4,2469
35.0,6,11,5,2477
35.0,6,11,6,2485
35.0,6,11,7,2493
35.0,6,11,8,2500
35.0,6,11,9,2508
35.0,6,11,10,2516
35.0,6,11,11,2523
35.0,6,11,12,2531
35.0,6,11,13,2538
35.0,6,11,14,2546
35.0,6,11,15,2553
35.0,6,12,0,2446
35.0,6,12,1,2454
35.0,6,12,2,2461
35.0,6,12,3,2469
35.0,6,12,4,2477
35.0,6,12,5,2485
35.0,6,12,6,2493
35.0,6,12,7,2500
35.0,6,12,8,2508
35.0,6,12,9,2516
35.0,6,12,10,2523
35.0,6,12,11,2531
35.0,6,12,12,2539
35.0,6,12,13,2546
35.0,6,12,14,2554
35.0,6,12,15,2561
35.0,6,13,0,2453
35.0,6,13,1,2461
35.0,6,13,2,2469
35.0,6,13,3,2477
35.0,6,13,4,2485
35.0,6,13,5,2493
35.0,6,13,6,2500
35.0,6,13,7,2508
35.0,6,13,8,2516
35.0,6,13,9,2524
35.0,6,13,10,2531
35.0,6,13,11,2539
35.0,6,13,12,2547
35.0,6,13,13,2554
35.0,6,13,14,2562
35.0,6,13,15,2569
35.0,6,14,0,2461
35.0,6,14,1,2469
35.0,6,14,2,2477
35.0,6,14,3,2485
35.0,6,14,4,2492
35.0,6,14,5,2500
35.0,6,14,6,2508
35.0,6,14,7,2516
35.0,6,14,8,2524
35.0,6,14,9,2531
35.0,6,14,10,2539
35.0,6,14,11,2547
35.0,6,14,12,2554
35.0,6,14,13,2562
35.0,6,14,14,2570
35.0,6,14,15,2577
35.0,6,15,0,2468
35.0,6,15,1,2476
35.0,6,15,2,2484
35.0,6,15,3,2492
35.0,6,15,4,2500
35.0,6,15,5,2508
35.0,6,15,6,2516
35.0,6,15,7,2524
35.0,6,15,8,2531
35.0,6,15,9,2539
35.0,6,15,10,2547
35.0,6,15,11,2555
35.0,6,15,12,2562
35.0,6,15,13,2570
35.0,6,15,14,2578
35.0,6,15,15,2585
35.0,7,0,0,2362
35.0,7,0,1,2369
35.0,7,0,2,2377
35.0,7,0,3,2384
35.0,7,0,4,2392
35.0,7,0,5,2399
35.0,7,0,6,2407
35.0,7,0,7,2414
35.0,7,0,8,2422
35.0,7,0,9,2429
35.0,7,0,10,2437
35.0,7,0,11,2444
35.0,7,0,12,2451
35.0,7,0,13,2459
35.0,7,0,14,2466
35.0,7,0,15,2473
35.0,7,1,0,2370
35.0,7,1,1,2377
35.0,7,1,2,2385
35.0,7,1,3,2392
35.0,7,1,4,2400
35.0,7,1,5,2407
35.0,7,1,6,2415
35.0,7,1,7,2422
35.0,7,1,8,2430
35.0,7,1,9,2437
35.0,7,1,10,2445
35.0,7,1,11,2452
35.0,7,1,12,2460
35.0,7,1,13,2467
35.0,7,1,14,2474
35.0,7,1,15,2482
35.0,7,2,0,2377
35.0,7,2,1,2385
35.0,7,2,2,2393
35.0,7,2,3,2400
35.0,7,2,4,2408
35.0,7,2,5,2415
35.0,7,2,6,2423
35.0,7,2,7,2431
35.0,7,2,8,2438
35.0,7,2,9,2446
35.0,7,2,10,2453
35.0,7,2,11,2460
35.0,7,2,12,2468
35.0,7,2,13,2475
35.0,7,2,14,2483
35.0,7,2,15,2490
35.0,7,3,0,2385
35.0,7,3,1,2393
35.0,7,3,2,2401
35.0,7,3,3,2408
35.0,7,3,4,2416
35.0,7,3,5,2423
35.0,7,3,6,2431
35.0,7,3,7,2439
35.0,7,3,8,2446
35.0,7,3,9,2454
35.0,7,3,10,2461
35.0,7,3,11,2469
35.0,7,3,12,2476
35.0,7,3,13,2483
35.0,7,3,14,2491
35.0,7,3,15,2498
35.0,7,4,0,2393
35.0,7,4,1,2401
35.0,7,4,2,2409
35.0,7,4,3,2416
35.0,7,4,4,2424
35.0,7,4,5,2431
35.0,7,4,6,2439
35.0,7,4,7,2447
35.0,7,4,8,2454
35.0,7,4,9,2462
35.0,7,4,10,2469
35.0,7,4,11,2477
35.0,7,4,12,2484
35.0,7,4,13,2491
35.0,7,4,14,2499
35.0,7,4,15,2506
35.0,7,5,0,2401
35.0,7,5,1,2409
35.0,7,5,2,2416
35.0,7,5,3,2424
35.0,7,5,4,2432
35.0,7,5,5,2439
35.0,7,5,6,2447
35.0,7,5,7,2455
35.0,7,5,8,2462
35.0,7,5,9,2470
35.0,7,5,10,2477
35.0,7,5,11,2485
35.0,7,5,12,2492
35.0,7,5,13,2500
35.0,7,5,14,2507
35.0,7,5,15,2514
35.0,7,6,0,2409
35.0,7,6,1,2416
35.0,7,6,2,2424
35.0,7,6,3,2432
35.0,7,6,4,2440
35.0,7,6,5,2447
35.0,7,6,6,2455
35.0,7,6,7,2463
35.0,7,6,8,2470
35.0,7,6,9,2478
35.0,7,6,10,2485
35.0,7,6,11,2493
35.0,7,6,12,2500
35.0,7,6,13,2508
35.0,7,6,14,2515
35.0,7,6,15,2523
35.0,7,7,0,2416
35.0,7,7,1,2424
35.0,7,7,2,2432
35.0,7,7,3,2440
35.0,7,7,4,2447
35.0,7,7,5,2455
35.0,7,7,6,2463
35.0,7,7,7,2470
35.0,7,7,8,2478
35.0,7,7,9,2486
35.0,7,7,10,2493
35.0,7,7,11,2501
35.0,7,7,12,2508
35.0,7,7,13,2516
35.0,7,7,14,2523
35.0,7,7,15,2531
35.0,7,8,0,2424
35.0,7,8,1,2432
35.0,7,8,2,2440
35.0,7,8,3,2448
35.0,7,8,4,2455
35.0,7,8,5,2463
35.0,7,8,6,2471
35.0,7,8,7,2478
35.0,7,8,8,2486
35.0,7,8,9,2494
35.0,7,8,10,2501
35.0,7,8,11,2509
35.0,7,8,12,2516
35.0,7,8,13,2524
35.0,7,8,14,2531
35.0,7,8,15,2539
35.0,7,9,0,2432
35.0,7,9,1,2440
35.0,7,9,2,2448
35.0,7,9,3,2455
35.0,7,9,4,2463
35.0,7,9,5,2471
35.0,7,9,6,2479
35.0,7,9,7,2486
35.0,7,9,8,2494
35.0,7,9,9,2502
35.0,7,9,10,2509
35.0,7,9,11,2517
35.0,7,9,12,2524
35.0,7,9,13,2532
35.0,7,9,14,2539
35.0,7,9,15,2547
35.0,7,10,0,2440
35.0,7,10,1,2447
35.0,7,10,2,2455
35.0,7,10,3,2463
35.0,7,10,4,2471
35.0,7,10,5,2479
35.0,7,10,6,2486
35.0,7,10,7,2494
35.0,7,10,8,2502
35.0,7,10,9,2509
35.0,7,10,10,2517
35.0,7,10,11,2525
35.0,7,10,12,2532
35.0,7,10,13,2540
35.0,7,10,14,2547
35.0,7,10,15,2555
35.0,7,11,0,2447
35.0,7,11,1,2455
35.0,7,11,2,2463
35.0,7,11,3,2471
35.0,7,11,4,2479
35.0,7,11,5,2486
35.0,7,11,6,2494
35.0,7,11,7,2502
35.0,7,11,8,2510
35.0,7,11,9,2517
35.0,7,11,10,2525
35.0,7,11,11,2533
35.0,7,11,12,2540
35.0,7,11,13,2548
35.0,7,11,14,2555
35.0,7,11,15,2563
35.0,7,12,0,2455
35.0,7,12,1,2463
35.0,7,12,2,2471
35.0,7,12,3,2479
35.0,7,12,4,2486
35.0,7,12,5,2494
35.0,7,12,6,2502
35.0,7,12,7,2510
35.0,7,12,8,2517
35.0,7,12,9,2525
35.0,7,12,10,2533
35.0,7,12,11,2541
35.0,7,12,12,2548
35.0,7,12,13,2556
35.0,7,12,14,2563
35.0,7,12,15,2571
35.0,7,13,0,2463
35.0,7,13,1,2470
35.0,7,13,2,2478
35.0,7,13,3,2486
35.0,7,13,4,2494
35.0,7,13,5,2502
35.0,7,13,6,2510
35.0,7,13,7,2518
35.0,7,13,8,2525
35.0,7,13,9,2533
35.0,7,13,10,2541
35.0,7,13,11,2548
35.0,7,13,12,2556
35.0,7,13,13,2564
35.0,7,13,14,2571
35.0,7,13,15,2579
35.0,7,14,0,2470
35.0,7,14,1,2478
35.0,7,14,2,2486
35.0,7,14,3,2494
35.0,7,14,4,2502
35.0,7,14,5,2510
35.0,7,14,6,2517
35.0,7,14,7,2525
35.0,7,14,8,2533
35.0,7,14,9,2541
35.0,7,14,10,2549
35.0,7,14,11,2556
35.0,7,14,12,2564
35.0,7,14,13,2572
35.0,7,14,14,2579
35.0,7,14,15,2587
35.0,7,15,0,2478
35.0,7,15,1,2486
35.0,7,15,2,2494
35.0,7,15,3,2502
35.0,7,15,4,2509
35.0,7,15,5,2517
35.0,7,15,6,2525
35.0,7,15,7,2533
35.0,7,15,8,2541
35.0,7,15,9,2549
35.0,7,15,10,2556
35.0,7,15,11,2564
35.0,7,15,12,2572
35.0,7,15,13,2580
35.0,7,15,14,2587
35.0,7,15,15,2595
35.0,8,0,0,2370
35.0,8,0,1,2378
35.0,8,0,2,2386
35.0,8,0,3,2393
35.0,8,0,4,2401
35.0,8,0,5,2408
35.0,8,0,6,2416
35.0,8,0,7,2423
35.0,8,0,8,2431
35.0,8,0,9,2438
35.0,8,0,10,2446
35.0,8,0,11,2453
35.0,8,0,12,2461
35.0,8,0,13,2468
35.0,8,0,14,2475
35.0,8,0,15,2483
35.0,8,1,0,2378
35.0,8,1,1,2386
35.0,8,1,2,2394
35.0,8,1,3,2401
35.0,8,1,4,2409
35.0,8,1,5,2416
35.0,8,1,6,2424
35.0,8,1,7,2432
35.0,8,1,8,2439
35.0,8,1,9,2446
35.0,8,1,10,2454
35.0,8,1,11,2461
35.0,8,1,12,2469
35.0,8,1,13,2476
35.0,8,1,14,2484
35.0,8,1,15,2491
35.0,8,2,0,2386
35.0,8,2,1,2394
35.0,8,2,2,2402
35.0,8,2,3,2409
35.0,8,2,4,2417
35.0,8,2,5,2425
35.0,8,2,6,2432
35.0,8,2,7,2440
35.0,8,2,8,2447
35.0,8,2,9,2455
35.0,8,2,10,2462
35.0,8,2,11,2470
35.0,8,2,12,2477
35.0,8,2,13,2484
35.0,8,2,14,2492
35.0,8,2,15,2499
35.0,8,3,0,2394
35.0,8,3,1,2402
35.0,8,3,2,2410
35.0,8,3,3,2417
35.0,8,3,4,2425
35.0,8,3,5,2433
35.0,8,3,6,2440
35.0,8,3,7,2448
35.0,8,3,8,2455
35.0,8,3,9,2463
35.0,8,3,10,2470
35.0,8,3,11,2478
35.0,8,3,12,2485
35.0,8,3,13,2493
35.0,8,3,14,2500
35.0,8,3,15,2507
35.0,8,4,0,2402
35.0,8,4,1,2410
35.0,8,4,2,2418
35.0,8,4,3,2425
35.0,8,4,4,2433
35.0,8,4,5,2441
35.0,8,4,6,2448
35.0,8,4,7,2456
35.0,8,4,8,2463
35.0,8,4,9,2471
35.0,8,4,10,2478
35.0,8,4,11,2486
35.0,8,4,12,2493
35.0,8,4,13,2501
35.0,8,4,14,2508
35.0,8,4,15,2516
35.0,8,5,0,2410
35.0,8,5,1,2418
35.0,8,5,2,2425
35.0,8,5,3,2433
35.0,8,5,4,2441
35.0,8,5,5,2448
35.0,8,5,6,2456
35.0,8,5,7,2464
35.0,8,5,8,2471
35.0,8,5,9,2479
35.0,8,5,10,2486
35.0,8,5,11,2494
35.0,8,5,12,2501
35.0,8,5,13,2509
35.0,8,5,14,2516
35.0,8,5,15,2524
35.0,8,6,0,2418
35.0,8,6,1,2426
35.0,8,6,2,2433
35.0,8,6,3,2441
35.0,8,6,4,2449
35.0,8,6,5,2456
35.0,8,6,6,2464
35.0,8,6,7,2472
35.0,8,6,8,2479
35.0,8,6,9,2487
35.0,8,6,10,2495
35.0,8,6,11,2502
35.0,8,6,12,2510
35.0,8,6,13,2517
35.0,8,6,14,2525
35.0,8,6,15,2532
35.0,8,7,0,2426
35.0,8,7,1,2433
35.0,8,7,2,2441
35.0,8,7,3,2449
35.0,8,7,4,2457
35.0,8,7,5,2464
35.0,8,7,6,2472
35.0,8,7,7,2480
35.0,8,7,8,2487
35.0,8,7,9,2495
35.0,8,7,10,2503
35.0,8,7,11,2510
35.0,8,7,12,2518
35.0,8,7,13,2525
35.0,8,7,14,2533
35.0,8,7,15,2540
35.0,8,8,0,2433
35.0,8,8,1,2441
35.0,8,8,2,2449
35.0,8,8,3,2457
35.0,8,8,4,2464
35.0,8,8,5,2472
35.0,8,8,6,2480
35.0,8,8,7,2488
35.0,8,8,8,2495
35.0,8,8,9,2503
35.0,8,8,10,2511
35.0,8,8,11,2518
35.0,8,8,12,2526
35.0,8,8,13,2533
35.0,8,8,14,2541
35.0,8,8,15,2548
35.0,8,9,0,2441
35.0,8,9,1,2449
35.0,8,9,2,2457
35.0,8,9,3,2465
35.0,8,9,4,2472
35.0,8,9,5,2480
35.0,8,9,6,2488
35.0,8,9,7,2496
35.0,8,9,8,2503
35.0,8,9,9,2511
35.0,8,9,10,2519
35.0,8,9,11,2526
35.0,8,9,12,2534
35.0,8,9,13,2541
35.0,8,9,14,2549
35.0,8,9,15,2556
35.0,8,10,0,2449
35.0,8,10,1,2457
35.0,8,10,2,2464
35.0,8,10,3,2472
35.0,8,10,4,2480
35.0,8,10,5,2488
35.0,8,10,6,2496
35.0,8,10,7,2503
35.0,8,10,8,2511
35.0,8,10,9,2519
35.0,8,10,10,2527
35.0,8,10,11,2534
35.0,8,10,12,2542
35.0,8,10,13,2549
35.0,8,10,14,2557
35.0,8,10,15,2565
35.0,8,11,0,2456
35.0,8,11,1,2464
35.0,8,11,2,2472
35.0,8,11,3,2480
35.0,8,11,4,2488
35.0,8,11,5,2496
35.0,8,11,6,2504
35.0,8,11,7,2511
35.0,8,11,8,2519
35.0,8,11,9,2527
35.0,8,11,10,2534
35.0,8,11,11,2542
35.0,8,11,12,2550
35.0,8,11,13,2557
35.0,8,11,14,2565
35.0,8,11,15,2573
35.0,8,12,0,2464
35.0,8,12,1,2472
35.0,8,12,2,2480
35.0,8,12,3,2488
35.0,8,12,4,2496
35.0,8,12,5,2504
35.0,8,12,6,2511
35.0,8,12,7,2519
35.0,8,12,8,2527
35.0,8,12,9,2535
35.0,8,12,10,2542
35.0,8,12,11,2550
35.0,8,12,12,2558
35.0,8,12,13,2565
35.0,8,12,14,2573
35.0,8,12,15,2581
35.0,8,13,0,2472
35.0,8,13,1,2480
35.0,8,13,2,2488
35.0,8,13,3,2496
35.0,8,13,4,2503
35.0,8,13,5,2511
35.0,8,13,6,2519
35.0,8,13,7,2527
35.0,8,13,8,2535
35.0,8,13,9,2542
35.0,8,13,10,2550
35.0,8,13,11,2558
35.0,8,13,12,2566
35.0,8,13,13,2573
35.0,8,13,14,2581
35.0,8,13,15,2589
35.0,8,14,0,2479
35.0,8,14,1,2487
35.0,8,14,2,2495
35.0,8,14,3,2503
35.0,8,14,4,2511
35.0,8,14,5,2519
35.0,8,14,6,2527
35.0,8,14,7,2535
35.0,8,14,8,2543
35.0,8,14,9,2550
35.0,8,14,10,2558
35.0,8,14,11,2566
35.0,8,14,12,2574
35.0,8,14,13,2581
35.0,8,14,14,2589
35.0,8,14,15,2597
35.0,8,15,0,2487
35.0,8,15,1,2495
35.0,8,15,2,2503
35.0,8,15,3,2511
35.0,8,15,4,2519
35.0,8,15,5,2527
35.0,8,15,6,2535
35.0,8,15,7,2542
35.0,8,15,8,2550
35.0,8,15,9,2558
35.0,8,15,10,2566
35.0,8,15,11,2574
35.0,8,15,12,2581
35.0,8,15,13,2589
35.0,8,15,14,2597
35.0,8,15,15,2605
35.0,9,0,0,2379
35.0,9,0,1,2387
35.0,9,0,2,2395
35.0,9,0,3,2402
35.0,9,0,4,2410
35.0,9,0,5,2417
35.0,9,0,6,2425
35.0,9,0,7,2432
35.0,9,0,8,2440
35.0,9,0,9,2447
35.0,9,0,10,2455
35.0,9,0,11,2462
35.0,9,0,12,2470
35.0,9,0,13,2477
35.0,9,0,14,2484
35.0,9,0,15,2492
35.0,9,1,0,2387
35.0,9,1,1,2395
35.0,9,1,2,2403
35.0,9,1,3,2410
35.0,9,1,4,2418
35.0,9,1,5,2425
35.0,9,1,6,2433
35.0,9,1,7,2441
35.0,9,1,8,2448
35.0,9,1,9,2456
35.0,9,1,10,2463
35.0,9,1,11,2471
35.0,9,1,12,2478
35.0,9,1,13,2485
35.0,9,1,14,2493
35.0,9,1,15,2500
35.0,9,2,0,2395
35.0,9,2,1,2403
35.0,9,2,2,2411
35.0,9,2,3,2418
35.0,9,2,4,2426
35.0,9,2,5,2434
35.0,9,2,6,2441
35.0,9,2,7,2449
35.0,9,2,8,2456
35.0,9,2,9,2464
35.0,9,2,10,2471
35.0,9,2,11,2479
35.0,9,2,12,2486
35.0,9,2,13,2494
35.0,9,2,14,2501
35.0,9,2,15,2508
35.0,9,3,0,2403
35.0,9,3,1,2411
35.0,9,3,2,2419
35.0,9,3,3,2426
35.0,9,3,4,2434
35.0,9,3,5,2442
35.0,9,3,6,2449
35.0,9,3,7,2457
35.0,9,3,8,2464
35.0,9,3,9,2472
35.0,9,3,10,2479
35.0,9,3,11,2487
35.0,9,3,12,2494
35.0,9,3,13,2502
35.0,9,3,14,2509
35.0,9,3,15,2517
35.0,9,4,0,2411
35.0,9,4,1,2419
35.0,9,4,2,2427
35.0,9,4,3,2434
35.0,9,4,4,2442
35.0,9,4,5,2450
35.0,9,4,6,2457
35.0,9,4,7,2465
35.0,9,4,8,2472
35.0,9,4,9,2480
35.0,9,4,10,2488
35.0,9,4,11,2495
35.0,9,4,12,2503
35.0,9,4,13,2510
35.0,9,4,14,2518
35.0,9,4,15,2525
35.0,9,5,0,2419
35.0,9,5,1,2427
35.0,9,5,2,2434
35.0,9,5,3,2442
35.0,9,5,4,2450
35.0,9,5,5,2458
35.0,9,5,6,2465
35.0,9,5,7,2473
35.0,9,5,8,2481
35.0,9,5,9,2488
35.0,9,5,10,2496
35.0,9,5,11,2503
35.0,9,5,12,2511
35.0,9,5,13,2518
35.0,9,5,14,2526
35.0,9,5,15,2533
35.0,9,6,0,2427
35.0,9,6,1,2435
35.0,9,6,2,2442
35.0,9,6,3,2450
35.0,9,6,4,2458
35.0,9,6,5,2466
35.0,9,6,6,2473
35.0,9,6,7,2481
35.0,9,6,8,2489
35.0,9,6,9,2496
35.0,9,6,10,2504
35.0,9,6,11,2511
35.0,9,6,12,2519
35.0,9,6,13,2526
35.0,9,6,14,2534
35.0,9,6,15,2541
35.0,9,7,0,2435
35.0,9,7,1,2442
35.0,9,7,2,2450
35.0,9,7,3,2458
35.0,9,7,4,2466
35.0,9,7,5,2473
35.0,9,7,6,2481
35.0,9,7,7,2489
35.0,9,7,8,2497
35.0,9,7,9,2504
35.0,9,7,10,2512
35.0,9,7,11,2519
35.0,9,7,12,2527
35.0,9,7,13,2535
35.0,9,7,14,2542
35.0,9,7,15,2550
35.0,9,8,0,2442
35.0,9,8,1,2450
35.0,9,8,2,2458
35.0,9,8,3,2466
35.0,9,8,4,2474
35.0,9,8,5,2481
35.0,9,8,6,2489
35.0,9,8,7,2497
35.0,9,8,8,2505
35.0,9,8,9,2512
35.0,9,8,10,2520
35.0,9,8,11,2528
35.0,9,8,12,2535
35.0,9,8,13,2543
35.0,9,8,14,2550
35.0,9,8,15,2558
35.0,9,9,0,2450
35.0,9,9,1,2458
35.0,9,9,2,2466
35.0,9,9,3,2474
35.0,9,9,4,2482
35.0,9,9,5,2489
35.0,9,9,6,2497
35.0,9,9,7,2505
35.0,9,9,8,2513
35.0,9,9,9,2520
35.0,9,9,10,2528
35.0,9,9,11,2536
35.0,9,9,12,2543
35.0,9,9,13,2551
35.0,9,9,14,2558
35.0,9,9,15,2566
35.0,9,10,0,2458
35.0,9,10,1,2466
35.0,9,10,2,2474
35.0,9,10,3,2482
35.0,9,10,4,2489
35.0,9,10,5,2497
35.0,9,10,6,2505
35.0,9,10,7,2513
35.0,9,10,8,2520
35.0,9,10,9,2528
35.0,9,10,10,2536
35.0,9,10,11,2544
35.0,9,10,12,2551
35.0,9,10,13,2559
35.0,9,10,14,2566
35.0,9,10,15,2574
35.0,9,11,0,2466
35.0,9,11,1,2473
35.0,9,11,2,2481
35.0,9,11,3,2489
35.0,9,11,4,2497
35.0,9,11,5,2505
35.0,9,11,6,2513
35.0,9,11,7,2521
35.0,9,11,8,2528
35.0,9,11,9,2536
35.0,9,11,10,2544
35.0,9,11,11,2552
35.0,9,11,12,2559
35.0,9,11,13,2567
35.0,9,11,14,2575
35.0,9,11,15,2582
35.0,9,12,0,2473
35.0,9,12,1,2481
35.0,9,12,2,2489
35.0,9,12,3,2497
35.0,9,12,4,2505
35.0,9,12,5,2513
35.0,9,12,6,2521
35.0,9,12,7,2528
35.0,9,12,8,2536
35.0,9,12,9,2544
35.0,9,12,10,2552
35.0,9,12,11,2560
35.0,9,12,12,2567
35.0,9,12,13,2575
35.0,9,12,14,2583
35.0,9,12,15,2590
35.0,9,13,0,2481
35.0,9,13,1,2489
35.0,9,13,2,2497
35.0,9,13,3,2505
35.0,9,13,4,2513
35.0,9,13,5,2521
35.0,9,13,6,2528
35.0,9,13,7,2536
35.0,9,13,8,2544
35.0,9,13,9,2552
35.0,9,13,10,2560
35.0,9,13,11,2567
35.0,9,13,12,2575
35.0,9,13,13,2583
35.0,9,13,14,2591
35.0,9,13,15,2598
35.0,9,14,0,2489
35.0,9,14,1,2497
35.0,9,14,2,2505
35.0,9,14,3,2513
35.0,9,14,4,2520
35.0,9,14,5,2528
35.0,9,14,6,2536
35.0,9,14,7,2544
35.0,9,14,8,2552
35.0,9,14,9,2560
35.0,9,14,10,2568
35.0,9,14,11,2575
35.0,9,14,12,2583
35.0,9,14,13,2591
35.0,9,14,14,2599
35.0,9,14,15,2606
35.0,9,15,0,2496
35.0,9,15,1,2504
35.0,9,15,2,2512
35.0,9,15,3,2520
35.0,9,15,4,2528
35.0,9,15,5,2536
35.0,9,15,6,2544
35.0,9,15,7,2552
35.0,9,15,8,2560
35.0,9,15,9,2568
35.0,9,15,10,2575
35.0,9,15,11,2583
35.0,9,15,12,2591
35.0,9,15,13,2599
35.0,9,15,14,2607
35.0,9,15,15,2614
35.0,10,0,0,2388
35.0,10,0,1,2396
35.0,10,0,2,2403
35.0,10,0,3,2411
35.0,10,0,4,2419
35.0,10,0,5,2426
35.0,10,0,6,2434
35.0,10,0,7,2441
35.0,10,0,8,2449
35.0,10,0,9,2456
35.0,10,0,10,2464
35.0,10,0,11,2471
35.0,10,0,12,2479
35.0,10,0,13,2486
35.0,10,0,14,2494
35.0,10,0,15,2501
35.0,10,1,0,2396
35.0,10,1,1,2404
35.0,10,1,2,2412
35.0,10,1,3,2419
35.0,10,1,4,2427
35.0,10,1,5,2434
35.0,10,1,6,2442
35.0,10,1,7,2450
35.0,10,1,8,2457
35.0,10,1,9,2465
35.0,10,1,10,2472
35.0,10,1,11,2480
35.0,10,1,12,2487
35.0,10,1,13,2495
35.0,10,1,14,2502
35.0,10,1,15,2509
35.0,10,2,0,2404
35.0,10,2,1,2412
35.0,10,2,2,2420
35.0,10,2,3,2427
35.0,10,2,4,2435
35.0,10,2,5,2443
35.0,10,2,6,2450
35.0,10,2,7,2458
35.0,10,2,8,2465
35.0,10,2,9,2473
35.0,10,2,10,2480
35.0,10,2,11,2488
35.0,10,2,12,2495
35.0,10,2,13,2503
35.0,10,2,14,2510
35.0,10,2,15,2518
35.0,10,3,0,2412
35.0,10,3,1,2420
35.0,10,3,2,2428
35.0,10,3,3,2435
35.0,10,3,4,2443
35.0,10,3,5,2451
35.0,10,3,6,2458
35.0,10,3,7,2466
35.0,10,3,8,2473
35.0,10,3,9,2481
35.0,10,3,10,2489
35.0,10,3,11,2496
35.0,10,3,12,2504
35.0,10,3,13,2511
35.0,10,3,14,2519
35.0,10,3,15,2526
35.0,10,4,0,2420
35.0,10,4,1,2428
35.0,10,4,2,2436
35.0,10,4,3,2443
35.0,10,4,4,2451
35.0,10,4,5,2459
35.0,10,4,6,2466
35.0,10,4,7,2474
35.0,10,4,8,2482
35.0,10,4,9,2489
35.0,10,4,10,2497
35.0,10,4,11,2504
35.0,10,4,12,2512
35.0,10,4,13,2519
35.0,10,4,14,2527
35.0,10,4,15,2534
35.0,10,5,0,2428
35.0,10,5,1,2436
35.0,10,5,2,2443
35.0,10,5,3,2451
35.0,10,5,4,2459
35.0,10,5,5,2467
35.0,10,5,6,2474
35.0,10,5,7,2482
35.0,10,5,8,2490
35.0,10,5,9,2497
35.0,10,5,10,2505
35.0,10,5,11,2513
35.0,10,5,12,2520
35.0,10,5,13,2528
35.0,10,5,14,2535
35.0,10,5,15,2543
35.0,10,6,0,2436
35.0,10,6,1,2444
35.0,10,6,2,2451
35.0,10,6,3,2459
35.0,10,6,4,2467
35.0,10,6,5,2475
35.0,10,6,6,2482
35.0,10,6,7,2490
35.0,10,6,8,2498
35.0,10,6,9,2505
35.0,10,6,10,2513
35.0,10,6,11,2521
35.0,10,6,12,2528
35.0,10,6,13,2536
35.0,10,6,14,2543
35.0,10,6,15,2551
35.0,10,7,0,2444
35.0,10,7,1,2451
35.0,10,7,2,2459
35.0,10,7,3,2467
35.0,10,7,4,2475
35.0,10,7,5,2483
35.0,10,7,6,2490
35.0,10,7,7,2498
35.0,10,7,8,2506
35.0,10,7,9,2514
35.0,10,7,10,2521
35.0,10,7,11,2529
35.0,10,7,12,2536
35.0,10,7,13,2544
35.0,10,7,14,2552
35.0,10,7,15,2559
35.0,10,8,0,2451
35.0,10,8,1,2459
35.0,10,8,2,2467
35.0,10,8,3,2475
35.0,10,8,4,2483
35.0,10,8,5,2491
35.0,10,8,6,2498
35.0,10,8,7,2506
35.0,10,8,8,2514
35.0,10,8,9,2522
35.0,10,8,10,2529
35.0,10,8,11,2537
35.0,10,8,12,2545
35.0,10,8,13,2552
35.0,10,8,14,2560
35.0,10,8,15,2567
35.0,10,9,0,2459
35.0,10,9,1,2467
35.0,10,9,2,2475
35.0,10,9,3,2483
35.0,10,9,4,2491
35.0,10,9,5,2499
35.0,10,9,6,2506
35.0,10,9,7,2514
35.0,10,9,8,2522
35.0,10,9,9,2530
35.0,10,9,10,2537
35.0,10,9,11,2545
35.0,10,9,12,2553
35.0,10,9,13,2560
35.0,10,9,14,2568
35.0,10,9,15,2575
35.0,10,10,0,2467
35.0,10,10,1,2475
35.0,10,10,2,2483
35.0,10,10,3,2491
35.0,10,10,4,2499
35.0,10,10,5,2506
35.0,10,10,6,2514
35.0,10,10,7,2522
35.0,10,10,8,2530
35.0,10,10,9,2538
35.0,10,10,10,2545
35.0,10,10,11,2553
35.0,10,10,12,2561
35.0,10,10,13,2568
35.0,10,10,14,2576
35.0,10,10,15,2584
35.0,10,11,0,2475
35.0,10,11,1,2483
35.0,10,11,2,2491
35.0,10,11,3,2499
35.0,10,11,4,2506
35.0,10,11,5,2514
35.0,10,11,6,2522
35.0,10,11,7,2530
35.0,10,11,8,2538
35.0,10,11,9,2546
35.0,10,11,10,2553
35.0,10,11,11,2561
35.0,10,11,12,2569
35.0,10,11,13,2576
35.0,10,11,14,2584
35.0,10,11,15,2592
35.0,10,12,0,2482
35.0,10,12,1,2490
35.0,10,12,2,2498
35.0,10,12,3,2506
35.0,10,12,4,2514
35.0,10,12,5,2522
35.0,10,12,6,2530
35.0,10,12,7,2538
35.0,10,12,8,2546
35.0,10,12,9,2553
35.0,10,12,10,2561
35.0,10,12,11,2569
35.0,10,12,12,2577
35.0,10,12,13,2584
35.0,10,12,14,2592
35.0,10,12,15,2600
35.0,10,13,0,2490
35.0,10,13,1,2498
35.0,10,13,2,2506
35.0,10,13,3,2514
35.0,10,13,4,2522
35.0,10,13,5,2530
35.0,10,13,6,2538
35.0,10,13,7,2546
35.0,10,13,8,2554
35.0,10,13,9,2561
35.0,10,13,10,2569
35.0,10,13,11,2577
35.0,10,13,12,2585
35.0,10,13,13,2592
35.0,10,13,14,2600
35.0,10,13,15,2608
35.0,10,14,0,2498
35.0,10,14,1,2506
35.0,10,14,2,2514
35.0,10,14,3,2522
35.0,10,14,4,2530
35.0,10,14,5,2538
35.0,10,14,6,2546
35.0,10,14,7,2554
35.0,10,14,8,2561
35.0,10,14,9,2569
35.0,10,14,10,2577
35.0,10,14,11,2585
35.0,10,14,12,2593
35.0,10,14,13,2600
35.0,10,14,14,2608
35.0,10,14,15,2616
35.0,10,15,0,2505
35.0,10,15,1,2514
35.0,10,15,2,2522
35.0,10,15,3,2530
35.0,10,15,4,2538
35.0,10,15,5,2546
35.0,10,15,6,2553
35.0,10,15,7,2561
35.0,10,15,8,2569
35.0,10,15,9,2577
35.0,10,15,10,2585
35.0,10,15,11,2593
35.0,10,15,12,2601
35.0,10,15,13,2608
35.0,10,15,14,2616
35.0,10,15,15,2624
35.0,11,0,0,2397
35.0,11,0,1,2405
35.0,11,0,2,2412
35.0,11,0,3,2420
35.0,11,0,4,2428
35.0,11,0,5,2435
35.0,11,0,6,2443
35.0,11,0,7,2450
35.0,11,0,8,2458
35.0,11,0,9,2466
35.0,11,0,10,2473
35.0,11,0,11,2481
35.0,11,0,12,2488
35.0,11,0,13,2495
35.0,11,0,14,2503
35.0,11,0,15,2510
35.0,11,1,0,2405
35.0,11,1,1,2413
35.0,11,1,2,2420
35.0,11,1,3,2428
35.0,11,1,4,2436
35.0,11,1,5,2443
35.0,11,1,6,2451
35.0,11,1,7,2459
35.0,11,1,8,2466
35.0,11,1,9,2474
35.0,11,1,10,2481
35.0,11,1,11,2489
35.0,11,1,12,2496
35.0,11,1,13,2504
35.0,11,1,14,2511
35.0,11,1,15,2519
35.0,11,2,0,2413
35.0,11,2,1,2421
35.0,11,2,2,2428
35.0,11,2,3,2436
35.0,11,2,4,2444
35.0,11,2,5,2452
35.0,11,2,6,2459
35.0,11,2,7,2467
35.0,11,2,8,2474
35.0,11,2,9,2482
35.0,11,2,10,2490
35.0,11,2,11,2497
35.0,11,2,12,2505
35.0,11,2,13,2512
35.0,11,2,14,2520
35.0,11,2,15,2527
35.0,11,3,0,2421
35.0,11,3,1,2429
35.0,11,3,2,2436
35.0,11,3,3,2444
35.0,11,3,4,2452
35.0,11,3,5,2460
35.0,11,3,6,2467
35.0,11,3,7,2475
35.0,11,3,8,2483
35.0,11,3,9,2490
35.0,11,3,10,2498
35.0,11,3,11,2505
35.0,11,3,12,2513
35.0,11,3,13,2520
35.0,11,3,14,2528
35.0,11,3,15,2535
35.0,11,4,0,2429
35.0,11,4,1,2437
35.0,11,4,2,2444
35.0,11,4,3,2452
35.0,11,4,4,2460
35.0,11,4,5,2468
35.0,11,4,6,2475
35.0,11,4,7,2483
35.0,11,4,8,2491
35.0,11,4,9,2498
35.0,11,4,10,2506
35.0,11,4,11,2514
35.0,11,4,12,2521
35.0,11,4,13,2529
35.0,11,4,14,2536
35.0,11,4,15,2544
35.0,11,5,0,2437
35.0,11,5,1,2445
35.0,11,5,2,2452
35.0,11,5,3,2460
35.0,11,5,4,2468
35.0,11,5,5,2476
35.0,11,5,6,2484
35.0,11,5,7,2491
35.0,11,5,8,2499
35.0,11,5,9,2507
35.0,11,5,10,2514
35.0,11,5,11,2522
35.0,11,5,12,2529
35.0,11,5,13,2537
35.0,11,5,14,2544
35.0,11,5,15,2552
35.0,11,6,0,2445
35.0,11,6,1,2453
35.0,11,6,2,2460
35.0,11,6,3,2468
35.0,11,6,4,2476
35.0,11,6,5,2484
35.0,11,6,6,2492
35.0,11,6,7,2499
35.0,11,6,8,2507
35.0,11,6,9,2515
35.0,11,6,10,2522
35.0,11,6,11,2530
35.0,11,6,12,2538
35.0,11,6,13,2545
35.0,11,6,14,2553
35.0,11,6,15,2560
35.0,11,7,0,2453
35.0,11,7,1,2460
35.0,11,7,2,2468
35.0,11,7,3,2476
35.0,11,7,4,2484
35.0,11,7,5,2492
35.0,11,7,6,2500
35.0,11,7,7,2507
35.0,11,7,8,2515
35.0,11,7,9,2523
35.0,11,7,10,2530
35.0,11,7,11,2538
35.0,11,7,12,2546
35.0,11,7,13,2553
35.0,11,7,14,2561
35.0,11,7,15,2569
35.0,11,8,0,2460
35.0,11,8,1,2468
35.0,11,8,2,2476
35.0,11,8,3,2484
35.0,11,8,4,2492
35.0,11,8,5,2500
35.0,11,8,6,2508
35.0,11,8,7,2515
35.0,11,8,8,2523
35.0,11,8,9,2531
35.0,11,8,10,2539
35.0,11,8,11,2546
35.0,11,8,12,2554
35.0,11,8,13,2562
35.0,11,8,14,2569
35.0,11,8,15,2577
35.0,11,9,0,2468
35.0,11,9,1,2476
35.0,11,9,2,2484
35.0,11,9,3,2492
35.0,11,9,4,2500
35.0,11,9,5,2508
35.0,11,9,6,2516
35.0,11,9,7,2523
35.0,11,9,8,2531
35.0,11,9,9,2539
35.0,11,9,10,2547
35.0,11,9,11,2554
35.0,11,9,12,2562
35.0,11,9,13,2570
35.0,11,9,14,2577
35.0,11,9,15,2585
35.0,11,10,0,2476
35.0,11,10,1,2484
35.0,11,10,2,2492
35.0,11,10,3,2500
35.0,11,10,4,2508
35.0,11,10,5,2516
35.0,11,10,6,2524
35.0,11,10,7,2531
35.0,11,10,8,2539
35.0,11,10,9,2547
35.0,11,10,10,2555
35.0,11,10,11,2562
35.0,11,10,12,2570
35.0,11,10,13,2578
35.0,11,10,14,2585
35.0,11,10,15,2593
35.0,11,11,0,2484
35.0,11,11,1,2492
35.0,11,11,2,2500
35.0,11,11,3,2508
35.0,11,11,4,2516
35.0,11,11,5,2524
35.0,11,11,6,2531
35.0,11,11,7,2539
35.0,11,11,8,2547
35.0,11,11,9,2555
35.0,11,11,10,2563
35.0,11,11,11,2570
35.0,11,11,12,2578
35.0,11,11,13,2586
35.0,11,11,14,2594
35.0,11,11,15,2601
35.0,11,12,0,2492
35.0,11,12,1,2500
35.0,11,12,2,2508
35.0,11,12,3,2516
35.0,11,12,4,2524
35.0,11,12,5,2531
35.0,11,12,6,2539
35.0,11,12,7,2547
35.0,11,12,8,2555
35.0,11,12,9,2563
35.0,11,12,10,2571
35.0,11,12,11,2578
35.0,11,12,12,2586
35.0,11,12,13,2594
35.0,11,12,14,2602
35.0,11,12,15,2609
35.0,11,13,0,2499
35.0,11,13,1,2507
35.0,11,13,2,2515
35.0,11,13,3,2523
35.0,11,13,4,2531
35.0,11,13,5,2539
35.0,11,13,6,2547
35.0,11,13,7,2555
35.0,11,13,8,2563
35.0,11,13,9,2571
35.0,11,13,10,2579
35.0,11,13,11,2586
35.0,11,13,12,2594
35.0,11,13,13,2602
35.0,11,13,14,2610
35.0,11,13,15,2617
35.0,11,14,0,2507
35.0,11,14,1,2515
35.0,11,14,2,2523
35.0,11,14,3,2531
35.0,11,14,4,2539
35.0,11,14,5,2547
35.0,11,14,6,2555
35.0,11,14,7,2563
35.0,11,14,8,2571
35.0,11,14,9,2579
35.0,11,14,10,2587
35.0,11,14,11,2594
35.0,11,14,12,2602
35.0,11,14,13,2610
35.0,11,14,14,2618
35.0,11,14,15,2626
35.0,11,15,0,2515
35.0,11,15,1,2523
35.0,11,15,2,2531
35.0,11,15,3,2539
35.0,11,15,4,2547
35.0,11,15,5,2555
35.0,11,15,6,2563
35.0,11,15,7,2571
35.0,11,15,8,2579
35.0,11,15,9,2587
35.0,11,15,10,2595
35.0,11,15,11,2602
35.0,11,15,12,2610
35.0,11,15,13,2618
35.0,11,15,14,2626
35.0,11,15,15,2634
35.0,12,0,0,2406
35.0,12,0,1,2413
35.0,12,0,2,2421
35.0,12,0,3,2429
35.0,12,0,4,2437
35.0,12,0,5,2444
35.0,12,0,6,2452
35.0,12,0,7,2459
35.0,12,0,8,2467
35.0,12,0,9,2475
35.0,12,0,10,2482
35.0,12,0,11,2490
35.0,12,0,12,2497
35.0,12,0,13,2505
35.0,12,0,14,2512
35.0,12,0,15,2519
35.0,12,1,0,2414
35.0,12,1,1,2422
35.0,12,1,2,2429
35.0,12,1,3,2437
35.0,12,1,4,2445
35.0,12,1,5,2452
35.0,12,1,6,2460
35.0,12,1,7,2468
35.0,12,1,8,2475
35.0,12,1,9,2483
35.0,12,1,10,2490
35.0,12,1,11,2498
35.0,12,1,12,2505
35.0,12,1,13,2513
35.0,12,1,14,2520
35.0,12,1,15,2528
35.0,12,2,0,2422
35.0,12,2,1,2430
35.0,12,2,2,2437
35.0,12,2,3,2445
35.0,12,2,4,2453
35.0,12,2,5,2461
35.0,12,2,6,2468
35.0,12,2,7,2476
35.0,12,2,8,2484
35.0,12,2,9,2491
35.0,12,2,10,2499
35.0,12,2,11,2506
35.0,12,2,12,2514
35.0,12,2,13,2521
35.0,12,2,14,2529
35.0,12,2,15,2536
35.0,12,3,0,2430
35.0,12,3,1,2438
35.0,12,3,2,2445
35.0,12,3,3,2453
35.0,12,3,4,2461
35.0,12,3,5,2469
35.0,12,3,6,2476
35.0,12,3,7,2484
35.0,12,3,8,2492
35.0,12,3,9,2499
35.0,12,3,10,2507
35.0,12,3,11,2515
35.0,12,3,12,2522
35.0,12,3,13,2530
35.0,12,3,14,2537
35.0,12,3,15,2545
35.0,12,4,0,2438
35.0,12,4,1,2446
35.0,12,4,2,2453
35.0,12,4,3,2461
35.0,12,4,4,2469
35.0,12,4,5,2477
35.0,12,4,6,2485
35.0,12,4,7,2492
35.0,12,4,8,2500
35.0,12,4,9,2508
35.0,12,4,10,2515
35.0,12,4,11,2523
35.0,12,4,12,2530
35.0,12,4,13,2538
35.0,12,4,14,2546
35.0,12,4,15,2553
35.0,12,5,0,2446
35.0,12,5,1,2454
35.0,12,5,2,2461
35.0,12,5,3,2469
35.0,12,5,4,2477
35.0,12,5,5,2485
35.0,12,5,6,2493
35.0,12,5,7,2500
35.0,12,5,8,2508
35.0,12,5,9,2516
35.0,12,5,10,2523
35.0,12,5,11,2531
35.0,12,5,12,2539
35.0,12,5,13,2546
35.0,12,5,14,2554
35.0,12,5,15,2561
35.0,12,6,0,2454
35.0,12,6,1,2462
35.0,12,6,2,2469
35.0,12,6,3,2477
35.0,12,6,4,2485
35.0,12,6,5,2493
35.0,12,6,6,2501
35.0,12,6,7,2508
35.0,12,6,8,2516
35.0,12,6,9,2524
35.0,12,6,10,2532
35.0,12,6,11,2539
35.0,12,6,12,2547
35.0,12,6,13,2555
35.0,12,6,14,2562
35.0,12,6,15,2570
35.0,12,7,0,2462
35.0,12,7,1,2470
35.0,12,7,2,2477
35.0,12,7,3,2485
35.0,12,7,4,2493
35.0,12,7,5,2501
35.0,12,7,6,2509
35.0,12,7,7,2517
35.0,12,7,8,2524
35.0,12,7,9,2532
35.0,12,7,10,2540
35.0,12,7,11,2547
35.0,12,7,12,2555
35.0,12,7,13,2563
35.0,12,7,14,2570
35.0,12,7,15,2578
35.0,12,8,0,2469
35.0,12,8,1,2477
35.0,12,8,2,2485
35.0,12,8,3,2493
35.0,12,8,4,2501
35.0,12,8,5,2509
35.0,12,8,6,2517
35.0,12,8,7,2525
35.0,12,8,8,2532
35.0,12,8,9,2540
35.0,12,8,10,2548
35.0,12,8,11,2556
35.0,12,8,12,2563
35.0,12,8,13,2571
35.0,12,8,14,2579
35.0,12,8,15,2586
35.0,12,9,0,2477
35.0,12,9,1,2485
35.0,12,9,2,2493
35.0,12,9,3,2501
35.0,12,9,4,2509
35.0,12,9,5,2517
35.0,12,9,6,2525
35.0,12,9,7,2533
35.0,12,9,8,2540
35.0,12,9,9,2548
35.0,12,9,10,2556
35.0,12,9,11,2564
35.0,12,9,12,2571
35.0,12,9,13,2579
35.0,12,9,14,2587
35.0,12,9,15,2594
35.0,12,10,0,2485
35.0,12,10,1,2493
35.0,12,10,2,2501
35.0,12,10,3,2509
35.0,12,10,4,2517
35.0,12,10,5,2525
35.0,12,10,6,2533
35.0,12,10,7,2541
35.0,12,10,8,2548
35.0,12,10,9,2556
35.0,12,10,10,2564
35.0,12,10,11,2572
35.0,12,10,12,2580
35.0,12,10,13,2587
35.0,12,10,14,2595
35.0,12,10,15,2603
35.0,12,11,0,2493
35.0,12,11,1,2501
35.0,12,11,2,2509
35.0,12,11,3,2517
35.0,12,11,4,2525
35.0,12,11,5,2533
35.0,12,11,6,2541
35.0,12,11,7,2549
35.0,12,11,8,2556
35.0,12,11,9,2564
35.0,12,11,10,2572
35.0,12,11,11,2580
35.0,12,11,12,2588
35.0,12,11,13,2595
35.0,12,11,14,2603
35.0,12,11,15,2611
35.0,12,12,0,2501
35.0,12,12,1,2509
35.0,12,12,2,2517
35.0,12,12,3,2525
35.0,12,12,4,2533
35.0,12,12,5,2541
35.0,12,12,6,2549
35.0,12,12,7,2557
35.0,12,12,8,2564
35.0,12,12,9,2572
35.0,12,12,10,2580
35.0,12,12,11,2588
35.0,12,12,12,2596
35.0,12,12,13,2604
35.0,12,12,14,2611
35.0,12,12,15,2619
35.0,12,13,0,2508
35.0,12,13,1,2517
35.0,12,13,2,2525
35.0,12,13,3,2533
35.0,12,13,4,2541
35.0,12,13,5,2549
35.0,12,13,6,2557
35.0,12,13,7,2565
35.0,12,13,8,2572
35.0,12,13,9,2580
35.0,12,13,10,2588
35.0,12,13,11,2596
35.0,12,13,12,2604
35.0,12,13,13,2612
35.0,12,13,14,2619
35.0,12,13,15,2627
35.0,12,14,0,2516
35.0,12,14,1,2524
35.0,12,14,2,2532
35.0,12,14,3,2540
35.0,12,14,4,2548
35.0,12,14,5,2556
35.0,12,14,6,2564
35.0,12,14,7,2572
35.0,12,14,8,2580
35.0,12,14,9,2588
35.0,12,14,10,2596
35.0,12,14,11,2604
35.0,12,14,12,2612
35.0,12,14,13,2620
35.0,12,14,14,2627
35.0,12,14,15,2635
35.0,12,15,0,2524
35.0,12,15,1,2532
35.0,12,15,2,2540
35.0,12,15,3,2548
35.0,12,15,4,2556
35.0,12,15,5,2564
35.0,12,15,6,2572
35.0,12,15,7,2580
35.0,12,15,8,2588
35.0,12,15,9,2596
35.0,12,15,10,2604
35.0,12,15,11,2612
35.0,12,15,12,2620
35.0,12,15,13,2628
35.0,12,15,14,2635
35.0,12,15,15,2643
35.0,13,0,0,2415
35.0,13,0,1,2422
35.0,13,0,2,2430
35.0,13,0,3,2438
35.0,13,0,4,2445
35.0,13,0,5,2453
35.0,13,0,6,2461
35.0,13,0,7,2468
35.0,13,0,8,2476
35.0,13,0,9,2484
35.0,13,0,10,2491
35.0,13,0,11,2499
35.0,13,0,12,2506
35.0,13,0,13,2514
35.0,13,0,14,2521
35.0,13,0,15,2529
35.0,13,1,0,2423
35.0,13,1,1,2430
35.0,13,1,2,2438
35.0,13,1,3,2446
35.0,13,1,4,2454
35.0,13,1,5,2461
35.0,13,1,6,2469
35.0,13,1,7,2477
35.0,13,1,8,2484
35.0,13,1,9,2492
35.0,13,1,10,2500
35.0,13,1,11,2507
35.0,13,1,12,2515
35.0,13,1,13,2522
35.0,13,1,14,2530
35.0,13,1,15,2537
35.0,13,2,0,2431
35.0,13,2,1,2439
35.0,13,2,2,2446
35.0,13,2,3,2454
35.0,13,2,4,2462
35.0,13,2,5,2470
35.0,13,2,6,2477
35.0,13,2,7,2485
35.0,13,2,8,2493
35.0,13,2,9,2500
35.0,13,2,10,2508
35.0,13,2,11,2515
35.0,13,2,12,2523
35.0,13,2,13,2531
35.0,13,2,14,2538
35.0,13,2,15,2546
35.0,13,3,0,2439
35.0,13,3,1,2447
35.0,13,3,2,2454
35.0,13,3,3,2462
35.0,13,3,4,2470
35.0,13,3,5,2478
35.0,13,3,6,2485
35.0,13,3,7,2493
35.0,13,3,8,2501
35.0,13,3,9,2509
35.0,13,3,10,2516
35.0,13,3,11,2524
35.0,13,3,12,2531
35.0,13,3,13,2539
35.0,13,3,14,2546
35.0,13,3,15,2554
35.0,13,4,0,2447
35.0,13,4,1,2455
35.0,13,4,2,2462
35.0,13,4,3,2470
35.0,13,4,4,2478
35.0,13,4,5,2486
35.0,13,4,6,2494
35.0,13,4,7,2501
35.0,13,4,8,2509
35.0,13,4,9,2517
35.0,13,4,10,2524
35.0,13,4,11,2532
35.0,13,4,12,2540
35.0,13,4,13,2547
35.0,13,4,14,2555
35.0,13,4,15,2562
35.0,13,5,0,2455
35.0,13,5,1,2463
35.0,13,5,2,2471
35.0,13,5,3,2478
35.0,13,5,4,2486
35.0,13,5,5,2494
35.0,13,5,6,2502
35.0,13,5,7,2510
35.0,13,5,8,2517
35.0,13,5,9,2525
35.0,13,5,10,2533
35.0,13,5,11,2540
35.0,13,5,12,2548
35.0,13,5,13,2556
35.0,13,5,14,2563
35.0,13,5,15,2571
35.0,13,6,0,2463
35.0,13,6,1,2471
35.0,13,6,2,2479
35.0,13,6,3,2486
35.0,13,6,4,2494
35.0,13,6,5,2502
35.0,13,6,6,2510
35.0,13,6,7,2518
35.0,13,6,8,2525
35.0,13,6,9,2533
35.0,13,6,10,2541
35.0,13,6,11,2549
35.0,13,6,12,2556
35.0,13,6,13,2564
35.0,13,6,14,2572
35.0,13,6,15,2579
35.0,13,7,0,2471
35.0,13,7,1,2479
35.0,13,7,2,2486
35.0,13,7,3,2494
35.0,13,7,4,2502
35.0,13,7,5,2510
35.0,13,7,6,2518
35.0,13,7,7,2526
35.0,13,7,8,2534
35.0,13,7,9,2541
35.0,13,7,10,2549
35.0,13,7,11,2557
35.0,13,7,12,2564
35.0,13,7,13,2572
35.0,13,7,14,2580
35.0,13,7,15,2587
35.0,13,8,0,2479
35.0,13,8,1,2486
35.0,13,8,2,2494
35.0,13,8,3,2502
35.0,13,8,4,2510
35.0,13,8,5,2518
35.0,13,8,6,2526
35.0,13,8,7,2534
35.0,13,8,8,2542
35.0,13,8,9,2549
35.0,13,8,10,2557
35.0,13,8,11,2565
35.0,13,8,12,2573
35.0,13,8,13,2580
35.0,13,8,14,2588
35.0,13,8,15,2596
35.0,13,9,0,2486
35.0,13,9,1,2494
35.0,13,9,2,2502
35.0,13,9,3,2510
35.0,13,9,4,2518
35.0,13,9,5,2526
35.0,13,9,6,2534
35.0,13,9,7,2542
35.0,13,9,8,2550
35.0,13,9,9,2558
35.0,13,9,10,2565
35.0,13,9,11,2573
35.0,13,9,12,2581
35.0,13,9,13,2589
35.0,13,9,14,2596
35.0,13,9,15,2604
35.0,13,10,0,2494
35.0,13,10,1,2502
35.0,13,10,2,2510
35.0,13,10,3,2518
35.0,13,10,4,2526
35.0,13,10,5,2534
35.0,13,10,6,2542
35.0,13,10,7,2550
35.0,13,10,8,2558
35.0,13,10,9,2566
35.0,13,10,10,2573
35.0,13,10,11,2581
35.0,13,10,12,2589
35.0,13,10,13,2597
35.0,13,10,14,2604
35.0,13,10,15,2612
35.0,13,11,0,2502
35.0,13,11,1,2510
35.0,13,11,2,2518
35.0,13,11,3,2526
35.0,13,11,4,2534
35.0,13,11,5,2542
35.0,13,11,6,2550
35.0,13,11,7,2558
35.0,13,11,8,2566
35.0,13,11,9,2574
35.0,13,11,10,2582
35.0,13,11,11,2589
35.0,13,11,12,2597
35.0,13,11,13,2605
35.0,13,11,14,2613
35.0,13,11,15,2620
35.0,13,12,0,2510
35.0,13,12,1,2518
35.0,13,12,2,2526
35.0,13,12,3,2534
35.0,13,12,4,2542
35.0,13,12,5,2550
35.0,13,12,6,2558
35.0,13,12,7,2566
35.0,13,12,8,2574
35.0,13,12,9,2582
35.0,13,12,10,2590
35.0,13,12,11,2597
35.0,13,12,12,2605
35.0,13,12,13,2613
35.0,13,12,14,2621
35.0,13,12,15,2629
35.0,13,13,0,2518
35.0,13,13,1,2526
35.0,13,13,2,2534
35.0,13,13,3,2542
35.0,13,13,4,2550
35.0,13,13,5,2558
35.0,13,13,6,2566
35.0,13,13,7,2574
35.0,13,13,8,2582
35.0,13,13,9,2590
35.0,13,13,10,2598
35.0,13,13,11,2606
35.0,13,13,12,2613
35.0,13,13,13,2621
35.0,13,13,14,2629
35.0,13,13,15,2637
35.0,13,14,0,2525
35.0,13,14,1,2534
35.0,13,14,2,2542
35.0,13,14,3,2550
35.0,13,14,4,2558
35.0,13,14,5,2566
35.0,13,14,6,2574
35.0,13,14,7,2582
35.0,13,14,8,2590
35.0,13,14,9,2598
35.0,13,14,10,2606
35.0,13,14,11,2614
35.0,13,14,12,2621
35.0,13,14,13,2629
35.0,13,14,14,2637
35.0,13,14,15,2645
35.0,13,15,0,2533
35.0,13,15,1,2541
35.0,13,15,2,2549
35.0,13,15,3,2558
35.0,13,15,4,2566
35.0,13,15,5,2574
35.0,13,15,6,2582
35.0,13,15,7,2590
35.0,13,15,8,2598
35.0,13,15,9,2606
35.0,13,15,10,2614
35.0,13,15,11,2622
35.0,13,15,12,2629
35.0,13,15,13,2637
35.0,13,15,14,2645
35.0,13,15,15,2653
35.0,14,0,0,2423
35.0,14,0,1,2431
35.0,14,0,2,2439
35.0,14,0,3,2447
35.0,14,0,4,2454
35.0,14,0,5,2462
35.0,14,0,6,2470
35.0,14,0,7,2477
35.0,14,0,8,2485
35.0,14,0,9,2493
35.0,14,0,10,2500
35.0,14,0,11,2508
35.0,14,0,12,2515
35.0,14,0,13,2523
35.0,14,0,14,2530
35.0,14,0,15,2538
35.0,14,1,0,2431
35.0,14,1,1,2439
35.0,14,1,2,2447
35.0,14,1,3,2455
35.0,14,1,4,2463
35.0,14,1,5,2470
35.0,14,1,6,2478
35.0,14,1,7,2486
35.0,14,1,8,2493
35.0,14,1,9,2501
35.0,14,1,10,2509
35.0,14,1,11,2516
35.0,14,1,12,2524
35.0,14,1,13,2531
35.0,14,1,14,2539
35.0,14,1,15,2546
35.0,14,2,0,2440
35.0,14,2,1,2447
35.0,14,2,2,2455
35.0,14,2,3,2463
35.0,14,2,4,2471
35.0,14,2,5,2479
35.0,14,2,6,2486
35.0,14,2,7,2494
35.0,14,2,8,2502
35.0,14,2,9,2509
35.0,14,2,10,2517
35.0,14,2,11,2525
35.0,14,2,12,2532
35.0,14,2,13,2540
35.0,14,2,14,2547
35.0,14,2,15,2555
35.0,14,3,0,2448
35.0,14,3,1,2456
35.0,14,3,2,2463
35.0,14,3,3,2471
35.0,14,3,4,2479
35.0,14,3,5,2487
35.0,14,3,6,2495
35.0,14,3,7,2502
35.0,14,3,8,2510
35.0,14,3,9,2518
35.0,14,3,10,2525
35.0,14,3,11,2533
35.0,14,3,12,2541
35.0,14,3,13,2548
35.0,14,3,14,2556
35.0,14,3,15,2563
35.0,14,4,0,2456
35.0,14,4,1,2464
35.0,14,4,2,2471
35.0,14,4,3,2479
35.0,14,4,4,2487
35.0,14,4,5,2495
35.0,14,4,6,2503
35.0,14,4,7,2511
35.0,14,4,8,2518
35.0,14,4,9,2526
35.0,14,4,10,2534
35.0,14,4,11,2541
35.0,14,4,12,2549
35.0,14,4,13,2557
35.0,14,4,14,2564
35.0,14,4,15,2572
35.0,14,5,0,2464
35.0,14,5,1,2472
35.0,14,5,2,2480
35.0,14,5,3,2487
35.0,14,5,4,2495
35.0,14,5,5,2503
35.0,14,5,6,2511
35.0,14,5,7,2519
35.0,14,5,8,2526
35.0,14,5,9,2534
35.0,14,5,10,2542
35.0,14,5,11,2550
35.0,14,5,12,2557
35.0,14,5,13,2565
35.0,14,5,14,2573
35.0,14,5,15,2580
35.0,14,6,0,2472
35.0,14,6,1,2480
35.0,14,6,2,2488
35.0,14,6,3,2495
35.0,14,6,4,2503
35.0,14,6,5,2511
35.0,14,6,6,2519
35.0,14,6,7,2527
35.0,14,6,8,2535
35.0,14,6,9,2542
35.0,14,6,10,2550
35.0,14,6,11,2558
35.0,14,6,12,2566
35.0,14,6,13,2573
35.0,14,6,14,2581
35.0,14,6,15,2589
35.0,14,7,0,2480
35.0,14,7,1,2488
35.0,14,7,2,2496
35.0,14,7,3,2504
35.0,14,7,4,2511
35.0,14,7,5,2519
35.0,14,7,6,2527
35.0,14,7,7,2535
35.0,14,7,8,2543
35.0,14,7,9,2551
35.0,14,7,10,2558
35.0,14,7,11,2566
35.0,14,7,12,2574
35.0,14,7,13,2582
35.0,14,7,14,2589
35.0,14,7,15,2597
35.0,14,8,0,2488
35.0,14,8,1,2496
35.0,14,8,2,2504
35.0,14,8,3,2512
35.0,14,8,4,2519
35.0,14,8,5,2527
35.0,14,8,6,2535
35.0,14,8,7,2543
35.0,14,8,8,2551
35.0,14,8,9,2559
35.0,14,8,10,2567
35.0,14,8,11,2574
35.0,14,8,12,2582
35.0,14,8,13,2590
35.0,14,8,14,2597
35.0,14,8,15,2605
35.0,14,9,0,2495
35.0,14,9,1,2504
35.0,14,9,2,2512
35.0,14,9,3,2520
35.0,14,9,4,2527
35.0,14,9,5,2535
35.0,14,9,6,2543
35.0,14,9,7,2551
35.0,14,9,8,2559
35.0,14,9,9,2567
35.0,14,9,10,2575
35.0,14,9,11,2583
35.0,14,9,12,2590
35.0,14,9,13,2598
35.0,14,9,14,2606
35.0,14,9,15,2613
35.0,14,10,0,2503
35.0,14,10,1,2511
35.0,14,10,2,2519
35.0,14,10,3,2527
35.0,14,10,4,2535
35.0,14,10,5,2543
35.0,14,10,6,2551
35.0,14,10,7,2559
35.0,14,10,8,2567
35.0,14,10,9,2575
35.0,14,10,10,2583
35.0,14,10,11,2591
35.0,14,10,12,2598
35.0,14,10,13,2606
35.0,14,10,14,2614
35.0,14,10,15,2622
35.0,14,11,0,2511
35.0,14,11,1,2519
35.0,14,11,2,2527
35.0,14,11,3,2535
35.0,14,11,4,2543
35.0,14,11,5,2551
35.0,14,11,6,2559
35.0,14,11,7,2567
35.0,14,11,8,2575
35.0,14,11,9,2583
35.0,14,11,10,2591
35.0,14,11,11,2599
35.0,14,11,12,2607
35.0,14,11,13,2614
35.0,14,11,14,2622
35.0,14,11,15,2630
35.0,14,12,0,2519
35.0,14,12,1,2527
35.0,14,12,2,2535
35.0,14,12,3,2543
35.0,14,12,4,2551
35.0,14,12,5,2559
35.0,14,12,6,2567
35.0,14,12,7,2575
35.0,14,12,8,2583
35.0,14,12,9,2591
35.0,14,12,10,2599
35.0,14,12,11,2607
35.0,14,12,12,2615
35.0,14,12,13,2623
35.0,14,12,14,2630
35.0,14,12,15,2638
35.0,14,13,0,2527
35.0,14,13,1,2535
35.0,14,13,2,2543
35.0,14,13,3,2551
35.0,14,13,4,2559
35.0,14,13,5,2567
35.0,14,13,6,2575
35.0,14,13,7,2583
35.0,14,13,8,2591
35.0,14,13,9,2599
35.0,14,13,10,2607
35.0,14,13,11,2615
35.0,14,13,12,2623
35.0,14,13,13,2631
35.0,14,13,14,2639
35.0,14,13,15,2646
35.0,14,14,0,2535
35.0,14,14,1,2543
35.0,14,14,2,2551
35.0,14,14,3,2559
35.0,14,14,4,2567
35.0,14,14,5,2575
35.0,14,14,6,2583
35.0,14,14,7,2591
35.0,14,14,8,2599
35.0,14,14,9,2607
35.0,14,14,10,2615
35.0,14,14,11,2623
35.0,14,14,12,2631
35.0,14,14,13,2639
35.0,14,14,14,2647
35.0,14,14,15,2654
35.0,14,15,0,2542
35.0,14,15,1,2551
35.0,14,15,2,2559
35.0,14,15,3,2567
35.0,14,15,4,2575
35.0,14,15,5,2583
35.0,14,15,6,2591
35.0,14,15,7,2599
35.0,14,15,8,2607
35.0,14,15,9,2615
35.0,14,15,10,2623
35.0,14,15,11,2631
35.0,14,15,12,2639
35.0,14,15,13,2647
35.0,14,15,14,2655
35.0,14,15,15,2663
35.0,15,0,0,2432
35.0,15,0,1,2440
35.0,15,0,2,2448
35.0,15,0,3,2456
35.0,15,0,4,2463
35.0,15,0,5,2471
35.0,15,0,6,2479
35.0,15,0,7,2486
35.0,15,0,8,2494
35.0,15,0,9,2502
35.0,15,0,10,2509
35.0,15,0,11,2517
35.0,15,0,12,2525
35.0,15,0,13,2532
35.0,15,0,14,2540
35.0,15,0,15,2547
35.0,15,1,0,2440
35.0,15,1,1,2448
35.0,15,1,2,2456
35.0,15,1,3,2464
35.0,15,1,4,2472
35.0,15,1,5,2479
35.0,15,1,6,2487
35.0,15,1,7,2495
35.0,15,1,8,2503
35.0,15,1,9,2510
35.0,15,1,10,2518
35.0,15,1,11,2525
35.0,15,1,12,2533
35.0,15,1,13,2541
35.0,15,1,14,2548
35.0,15,1,15,2556
35.0,15,2,0,2448
35.0,15,2,1,2456
35.0,15,2,2,2464
35.0,15,2,3,2472
35.0,15,2,4,2480
35.0,15,2,5,2488
35.0,15,2,6,2495
35.0,15,2,7,2503
35.0,15,2,8,2511
35.0,15,2,9,2519
35.0,15,2,10,2526
35.0,15,2,11,2534
35.0,15,2,12,2541
35.0,15,2,13,2549
35.0,15,2,14,2557
35.0,15,2,15,2564
35.0,15,3,0,2457
35.0,15,3,1,2464
35.0,15,3,2,2472
35.0,15,3,3,2480
35.0,15,3,4,2488
35.0,15,3,5,2496
35.0,15,3,6,2504
35.0,15,3,7,2511
35.0,15,3,8,2519
35.0,15,3,9,2527
35.0,15,3,10,2535
35.0,15,3,11,2542
35.0,15,3,12,2550
35.0,15,3,13,2557
35.0,15,3,14,2565
35.0,15,3,15,2573
35.0,15,4,0,2465
35.0,15,4,1,2473
35.0,15,4,2,2480
35.0,15,4,3,2488
35.0,15,4,4,2496
35.0,15,4,5,2504
35.0,15,4,6,2512
35.0,15,4,7,2520
35.0,15,4,8,2527
35.0,15,4,9,2535
35.0,15,4,10,2543
35.0,15,4,11,2551
35.0,15,4,12,2558
35.0,15,4,13,2566
35.0,15,4,14,2574
35.0,15,4,15,2581
35.0,15,5,0,2473
35.0,15,5,1,2481
35.0,15,5,2,2489
35.0,15,5,3,2496
35.0,15,5,4,2504
35.0,15,5,5,2512
35.0,15,5,6,2520
35.0,15,5,7,2528
35.0,15,5,8,2536
35.0,15,5,9,2543
35.0,15,5,10,2551
35.0,15,5,11,2559
35.0,15,5,12,2567
35.0,15,5,13,2574
35.0,15,5,14,2582
35.0,15,5,15,2590
35.0,15,6,0,2481
35.0,15,6,1,2489
35.0,15,6,2,2497
35.0,15,6,3,2505
35.0,15,6,4,2512
35.0,15,6,5,2520
35.0,15,6,6,2528
35.0,15,6,7,2536
35.0,15,6,8,2544
35.0,15,6,9,2552
35.0,15,6,10,2559
35.0,15,6,11,2567
35.0,15,6,12,2575
35.0,15,6,13,2583
35.0,15,6,14,2590
35.0,15,6,15,2598
35.0,15,7,0,2489
35.0,15,7,1,2497
35.0,15,7,2,2505
35.0,15,7,3,2513
35.0,15,7,4,2521
35.0,15,7,5,2528
35.0,15,7,6,2536
35.0,15,7,7,2544
35.0,15,7,8,2552
35.0,15,7,9,2560
35.0,15,7,10,2568
35.0,15,7,11,2575
35.0,15,7,12,2583
35.0,15,7,13,2591
35.0,15,7,14,2599
35.0,15,7,15,2606
35.0,15,8,0,2497
35.0,15,8,1,2505
35.0,15,8,2,2513
35.0,15,8,3,2521
35.0,15,8,4,2529
35.0,15,8,5,2537
35.0,15,8,6,2544
35.0,15,8,7,2552
35.0,15,8,8,2560
35.0,15,8,9,2568
35.0,15,8,10,2576
35.0,15,8,11,2584
35.0,15,8,12,2591
35.0,15,8,13,2599
35.0,15,8,14,2607
35.0,15,8,15,2615
35.0,15,9,0,2505
35.0,15,9,1,2513
35.0,15,9,2,2521
35.0,15,9,3,2529
35.0,15,9,4,2537
35.0,15,9,5,2545
35.0,15,9,6,2553
35.0,15,9,7,2560
35.0,15,9,8,2568
35.0,15,9,9,2576
35.0,15,9,10,2584
35.0,15,9,11,2592
35.0,15,9,12,2600
35.0,15,9,13,2607
35.0,15,9,14,2615
35.0,15,9,15,2623
35.0,15,10,0,2512
35.0,15,10,1,2521
35.0,15,10,2,2529
35.0,15,10,3,2537
35.0,15,10,4,2545
35.0,15,10,5,2553
35.0,15,10,6,2561
35.0,15,10,7,2569
35.0,15,10,8,2576
35.0,15,10,9,2584
35.0,15,10,10,2592
35.0,15,10,11,2600
35.0,15,10,12,2608
35.0,15,10,13,2616
35.0,15,10,14,2623
35.0,15,10,15,2631
35.0,15,11,0,2520
35.0,15,11,1,2528
35.0,15,11,2,2537
35.0,15,11,3,2545
35.0,15,11,4,2553
35.0,15,11,5,2561
35.0,15,11,6,2569
35.0,15,11,7,2577
35.0,15,11,8,2585
35.0,15,11,9,2593
35.0,15,11,10,2600
35.0,15,11,11,2608
35.0,15,11,12,2616
35.0,15,11,13,2624
35.0,15,11,14,2632
35.0,15,11,15,2640
35.0,15,12,0,2528
35.0,15,12,1,2536
35.0,15,12,2,2544
35.0,15,12,3,2553
35.0,15,12,4,2561
35.0,15,12,5,2569
35.0,15,12,6,2577
35.0,15,12,7,2585
35.0,15,12,8,2593
35.0,15,12,9,2601
35.0,15,12,10,2609
35.0,15,12,11,2616
35.0,15,12,12,2624
35.0,15,12,13,2632
35.0,15,12,14,2640
35.0,15,12,15,2648
35.0,15,13,0,2536
35.0,15,13,1,2544
35.0,15,13,2,2552
35.0,15,13,3,2560
35.0,15,13,4,2569
35.0,15,13,5,2577
35.0,15,13,6,2585
35.0,15,13,7,2593
35.0,15,13,8,2601
35.0,15,13,9,2609
35.0,15,13,10,2617
35.0,15,13,11,2625
35.0,15,13,12,2632
35.0,15,13,13,2640
35.0,15,13,14,2648
35.0,15,13,15,2656
35.0,15,14,0,2544
35.0,15,14,1,2552
35.0,15,14,2,2560
35.0,15,14,3,2568
35.0,15,14,4,2576
35.0,15,14,5,2585
35.0,15,14,6,2593
35.0,15,14,7,2601
35.0,15,14,8,2609
35.0,15,14,9,2617
35.0,15,14,10,2625
35.0,15,14,11,2633
35.0,15,14,12,2641
35.0,15,14,13,2648
35.0,15,14,14,2656
35.0,15,14,15,2664
35.0,15,15,0,2552
35.0,15,15,1,2560
35.0,15,15,2,2568
35.0,15,15,3,2576
35.0,15,15,4,2584
35.0,15,15,5,2593
35.0,15,15,6,2601
35.0,15,15,7,2609
35.0,15,15,8,2617
35.0,15,15,9,2625
35.0,15,15,10,2633
35.0,15,15,11,2641
35.0,15,15,12,2649
35.0,15,15,13,2657
35.0,15,15,14,2664
35.0,15,15,15,2672
35.5,0,0,0,2318
35.5,0,0,1,2325
35.5,0,0,2,2333
35.5,0,0,3,2340
35.5,0,0,4,2347
35.5,0,0,5,2355
35.5,0,0,6,2362
35.5,0,0,7,2369
35.5,0,0,8,2377
35.5,0,0,9,2384
35.5,0,0,10,2391
35.5,0,0,11,2398
35.5,0,0,12,2406
35.5,0,0,13,2413
35.5,0,0,14,2420
35.5,0,0,15,2427
35.5,0,1,0,2325
35.5,0,1,1,2333
35.5,0,1,2,2340
35.5,0,1,3,2348
35.5,0,1,4,2355
35.5,0,1,5,2363
35.5,0,1,6,2370
35.5,0,1,7,2377
35.5,0,1,8,2385
35.5,0,1,9,2392
35.5,0,1,10,2399
35.5,0,1,11,2407
35.5,0,1,12,2414
35.5,0,1,13,2421
35.5,0,1,14,2428
35.5,0,1,15,2435
35.5,0,2,0,2333
35.5,0,2,1,2341
35.5,0,2,2,2348
35.5,0,2,3,2356
35.5,0,2,4,2363
35.5,0,2,5,2370
35.5,0,2,6,2378
35.5,0,2,7,2385
35.5,0,2,8,2393
35.5,0,2,9,2400
35.5,0,2,10,2407
35.5,0,2,11,2415
35.5,0,2,12,2422
35.5,0,2,13,2429
35.5,0,2,14,2436
35.5,0,2,15,2443
35.5,0,3,0,2341
35.5,0,3,1,2348
35.5,0,3,2,2356
35.5,0,3,3,2363
35.5,0,3,4,2371
35.5,0,3,5,2378
35.5,0,3,6,2386
35.5,0,3,7,2393
35.5,0,3,8,2401
35.5,0,3,9,2408
35.5,0,3,10,2415
35.5,0,3,11,2423
35.5,0,3,12,2430
35.5,0,3,13,2437
35.5,0,3,14,2444
35.5,0,3,15,2452
35.5,0,4,0,2349
35.5,0,4,1,2356
35.5,0,4,2,2364
35.5,0,4,3,2371
35.5,0,4,4,2379
35.5,0,4,5,2386
35.5,0,4,6,2394
35.5,0,4,7,2401
35.5,0,4,8,2408
35.5,0,4,9,2416
35.5,0,4,10,2423
35.5,0,4,11,2430
35.5,0,4,12,2438
35.5,0,4,13,2445
35.5,0,4,14,2452
35.5,0,4,15,2460
35.5,0,5,0,2356
35.5,0,5,1,2364
35.5,0,5,2,2371
35.5,0,5,3,2379
35.5,0,5,4,2386
35.5,0,5,5,2394
35.5,0,5,6,2401
35.5,0,5,7,2409
35.5,0,5,8,2416
35.5,0,5,9,2424
35.5,0,5,10,2431
35.5,0,5,11,2438
35.5,0,5,12,2446
35.5,0,5,13,2453
35.5,0,5,14,2460
35.5,0,5,15,2468
35.5,0,6,0,2364
35.5,0,6,1,2371
35.5,0,6,2,2379
35.5,0,6,3,2387
35.5,0,6,4,2394
35.5,0,6,5,2402
35.5,0,6,6,2409
35.5,0,6,7,2417
35.5,0,6,8,2424
35.5,0,6,9,2432
35.5,0,6,10,2439
35.5,0,6,11,2446
35.5,0,6,12,2454
35.5,0,6,13,2461
35.5,0,6,14,2468
35.5,0,6,15,2476
35.5,0,7,0,2371
35.5,0,7,1,2379
35.5,0,7,2,2387
35.5,0,7,3,2394
35.5,0,7,4,2402
35.5,0,7,5,2409
35.5,0,7,6,2417
35.5,0,7,7,2424
35.5,0,7,8,2432
35.5,0,7,9,2439
35.5,0,7,10,2447
35.5,0,7,11,2454
35.5,0,7,12,2462
35.5,0,7,13,2469
35.5,0,7,14,2476
35.5,0,7,15,2484
35.5,0,8,0,2379
35.5,0,8,1,2387
35.5,0,8,2,2394
35.5,0,8,3,2402
35.5,0,8,4,2410
35.5,0,8,5,2417
35.5,0,8,6,2425
35.5,0,8,7,2432
35.5,0,8,8,2440
35.5,0,8,9,2447
35.5,0,8,10,2455
35.5,0,8,11,2462
35.5,0,8,12,2469
35.5,0,8,13,2477
35.5,0,8,14,2484
35.5,0,8,15,2492
35.5,0,9,0,2387
35.5,0,9,1,2394
35.5,0,9,2,2402
35.5,0,9,3,2410
35.5,0,9,4,2417
35.5,0,9,5,2425
35.5,0,9,6,2432
35.5,0,9,7,2440
35.5,0,9,8,2447
35.5,0,9,9,2455
35.5,0,9,10,2462
35.5,0,9,11,2470
35.5,0,9,12,2477
35.5,0,9,13,2485
35.5,0,9,14,2492
35.5,0,9,15,2499
35.5,0,10,0,2394
35.5,0,10,1,2402
35.5,0,10,2,2410
35.5,0,10,3,2417
35.5,0,10,4,2425
35.5,0,10,5,2432
35.5,0,10,6,2440
35.5,0,10,7,2448
35.5,0,10,8,2455
35.5,0,10,9,2463
35.5,0,10,10,2470
35.5,0,10,11,2478
35.5,0,10,12,2485
35.5,0,10,13,2493
35.5,0,10,14,2500
35.5,0,10,15,2507
35.5,0,11,0,2402
35.5,0,11,1,2409
35.5,0,11,2,2417
35.5,0,11,3,2425
35.5,0,11,4,2432
35.5,0,11,5,2440
35.5,0,11,6,2448
35.5,0,11,7,2455
35.5,0,11,8,2463
35.5,0,11,9,2470
35.5,0,11,10,2478
35.5,0,11,11,2485
35.5,0,11,12,2493
35.5,0,11,13,2500
35.5,0,11,14,2508
35.5,0,11,15,2515
35.5,0,12,0,2409
35.5,0,12,1,2417
35.5,0,12,2,2425
35.5,0,12,3,2432
35.5,0,12,4,2440
35.5,0,12,5,2448
35.5,0,12,6,2455
35.5,0,12,7,2463
35.5,0,12,8,2471
35.5,0,12,9,2478
35.5,0,12,10,2486
35.5,0,12,11,2493
35.5,0,12,12,2501
35.5,0,12,13,2508
35.5,0,12,14,2516
35.5,0,12,15,2523
35.5,0,13,0,2417
35.5,0,13,1,2424
35.5,0,13,2,2432
35.5,0,13,3,2440
35.5,0,13,4,2448
35.5,0,13,5,2455
35.5,0,13,6,2463
35.5,0,13,7,2471
35.5,0,13,8,2478
35.5,0,13,9,2486
35.5,0,13,10,2493
35.5,0,13,11,2501
35.5,0,13,12,2508
35.5,0,13,13,2516
35.5,0,13,14,2523
35.5,0,13,15,2531
35.5,0,14,0,2424
35.5,0,14,1,2432
35.5,0,14,2,2440
35.5,0,14,3,2447
35.5,0,14,4,2455
35.5,0,14,5,2463
35.5,0,14,6,2471
35.5,0,14,7,2478
35.5,0,14,8,2486
35.5,0,14,9,2493
35.5,0,14,10,2501
35.5,0,14,11,2509
35.5,0,14,12,2516
35.5,0,14,13,2524
35.5,0,14,14,2531
35.5,0,14,15,2539
35.5,0,15,0,2432
35.5,0,15,1,2439
35.5,0,15,2,2447
35.5,0,15,3,2455
35.5,0,15,4,2463
35.5,0,15,5,2470
35.5,0,15,6,2478
35.5,0,15,7,2486
35.5,0,15,8,2493
35.5,0,15,9,2501
35.5,0,15,10,2509
35.5,0,15,11,2516
35.5,0,15,12,2524
35.5,0,15,13,2531
35.5,0,15,14,2539
35.5,0,15,15,2546
35.5,1,0,0,2327
35.5,1,0,1,2334
35.5,1,0,2,2341
35.5,1,0,3,2349
35.5,1,0,4,2356
35.5,1,0,5,2364
35.5,1,0,6,2371
35.5,1,0,7,2378
35.5,1,0,8,2386
35.5,1,0,9,2393
35.5,1,0,10,2400
35.5,1,0,11,2408
35.5,1,0,12,2415
35.5,1,0,13,2422
35.5,1,0,14,2429
35.5,1,0,15,2437
35.5,1,1,0,2334
35.5,1,1,1,2342
35.5,1,1,2,2349
35.5,1,1,3,2357
35.5,1,1,4,2364
35.5,1,1,5,2372
35.5,1,1,6,2379
35.5,1,1,7,2386
35.5,1,1,8,2394
35.5,1,1,9,2401
35.5,1,1,10,2408
35.5,1,1,11,2416
35.5,1,1,12,2423
35.5,1,1,13,2430
35.5,1,1,14,2437
35.5,1,1,15,2445
35.5,1,2,0,2342
35.5,1,2,1,2350
35.5,1,2,2,2357
35.5,1,2,3,2365
35.5,1,2,4,2372
35.5,1,2,5,2380
35.5,1,2,6,2387
35.5,1,2,7,2394
35.5,1,2,8,2402
35.5,1,2,9,2409
35.5,1,2,10,2416
35.5,1,2,11,2424
35.5,1,2,12,2431
35.5,1,2,13,2438
35.5,1,2,14,2446
35.5,1,2,15,2453
35.5,1,3,0,2350
35.5,1,3,1,2357
35.5,1,3,2,2365
35.5,1,3,3,2372
35.5,1,3,4,2380
35.5,1,3,5,2387
35.5,1,3,6,2395
35.5,1,3,7,2402
35.5,1,3,8,2410
35.5,1,3,9,2417
35.5,1,3,10,2424
35.5,1,3,11,2432
35.5,1,3,12,2439
35.5,1,3,13,2446
35.5,1,3,14,2454
35.5,1,3,15,2461
35.5,1,4,0,2358
35.5,1,4,1,2365
35.5,1,4,2,2373
35.5,1,4,3,2380
35.5,1,4,4,2388
35.5,1,4,5,2395
35.5,1,4,6,2403
35.5,1,4,7,2410
35.5,1,4,8,2418
35.5,1,4,9,2425
35.5,1,4,10,2432
35.5,1,4,11,2440
35.5,1,4,12,2447
35.5,1,4,13,2454
35.5,1,4,14,2462
35.5,1,4,15,2469
35.5,1,5,0,2365
35.5,1,5,1,2373
35.5,1,5,2,2380
35.5,1,5,3,2388
35.5,1,5,4,2396
35.5,1,5,5,2403
35.5,1,5,6,2411
35.5,1,5,7,2418
35.5,1,5,8,2426
35.5,1,5,9,2433
35.5,1,5,10,2440
35.5,1,5,11,2448
35.5,1,5,12,2455
35.5,1,5,13,2462
35.5,1,5,14,2470
35.5,1,5,15,2477
35.5,1,6,0,2373
35.5,1,6,1,2381
35.5,1,6,2,2388
35.5,1,6,3,2396
35.5,1,6,4,2403
35.5,1,6,5,2411
35.5,1,6,6,2418
35.5,1,6,7,2426
35.5,1,6,8,2433
35.5,1,6,9,2441
35.5,1,6,10,2448
35.5,1,6,11,2456
35.5,1,6,12,2463
35.5,1,6,13,2470
35.5,1,6,14,2478
35.5,1,6,15,2485
35.5,1,7,0,2381
35.5,1,7,1,2388
35.5,1,7,2,2396
35.5,1,7,3,2403
35.5,1,7,4,2411
35.5,1,7,5,2419
35.5,1,7,6,2426
35.5,1,7,7,2434
35.5,1,7,8,2441
35.5,1,7,9,2449
35.5,1,7,10,2456
35.5,1,7,11,2464
35.5,1,7,12,2471
35.5,1,7,13,2478
35.5,1,7,14,2486
35.5,1,7,15,2493
35.5,1,8,0,2388
35.5,1,8,1,2396
35.5,1,8,2,2404
35.5,1,8,3,2411
35.5,1,8,4,2419
35.5,1,8,5,2426
35.5,1,8,6,2434
35.5,1,8,7,2442
35.5,1,8,8,2449
35.5,1,8,9,2457
35.5,1,8,10,2464
35.5,1,8,11,2471
35.5,1,8,12,2479
35.5,1,8,13,2486
35.5,1,8,14,2494
35.5,1,8,15,2501
35.5,1,9,0,2396
35.5,1,9,1,2403
35.5,1,9,2,2411
35.5,1,9,3,2419
35.5,1,9,4,2426
35.5,1,9,5,2434
35.5,1,9,6,2442
35.5,1,9,7,2449
35.5,1,9,8,2457
35.5,1,9,9,2464
35.5,1,9,10,2472
35.5,1,9,11,2479
35.5,1,9,12,2487
35.5,1,9,13,2494
35.5,1,9,14,2502
35.5,1,9,15,2509
35.5,1,10,0,2403
35.5,1,10,1,2411
35.5,1,10,2,2419
35.5,1,10,3,2426
35.5,1,10,4,2434
35.5,1,10,5,2442
35.5,1,10,6,2449
35.5,1,10,7,2457
35.5,1,10,8,2465
35.5,1,10,9,2472
35.5,1,10,10,2480
35.5,1,10,11,2487
35.5,1,10,12,2495
35.5,1,10,13,2502
35.5,1,10,14,2510
35.5,1,10,15,2517
35.5,1,11,0,2411
35.5,1,11,1,2419
35.5,1,11,2,2426
35.5,1,11,3,2434
35.5,1,11,4,2442
35.5,1,11,5,2449
35.5,1,11,6,2457
35.5,1,11,7,2465
35.5,1,11,8,2472
35.5,1,11,9,2480
35.5,1,11,10,2487
35.5,1,11,11,2495
35.5,1,11,12,2502
35.5,1,11,13,2510
35.5,1,11,14,2517
35.5,1,11,15,2525
35.5,1,12,0,2418
35.5,1,12,1,2426
35.5,1,12,2,2434
35.5,1,12,3,2442
35.5,1,12,4,2449
35.5,1,12,5,2457
35.5,1,12,6,2465
35.5,1,12,7,2472
35.5,1,12,8,2480
35.5,1,12,9,2488
35.5,1,12,10,2495
35.5,1,12,11,2503
35.5,1,12,12,2510
35.5,1,12,13,2518
35.5,1,12,14,2525
35.5,1,12,15,2533
35.5,1,13,0,2426
35.5,1,13,1,2434
35.5,1,13,2,2442
35.5,1,13,3,2449
35.5,1,13,4,2457
35.5,1,13,5,2465
35.5,1,13,6,2472
35.5,1,13,7,2480
35.5,1,13,8,2488
35.5,1,13,9,2495
35.5,1,13,10,2503
35.5,1,13,11,2511
35.5,1,13,12,2518
35.5,1,13,13,2526
35.5,1,13,14,2533
35.5,1,13,15,2541
35.5,1,14,0,2433
35.5,1,14,1,2441
35.5,1,14,2,2449
35.5,1,14,3,2457
35.5,1,14,4,2465
35.5,1,14,5,2472
35.5,1,14,6,2480
35.5,1,14,7,2488
35.5,1,14,8,2495
35.5,1,14,9,2503
35.5,1,14,10,2511
35.5,1,14,11,2518
35.5,1,14,12,2526
35.5,1,14,13,2533
35.5,1,14,14,2541
35.5,1,14,15,2548
35.5,1,15,0,2441
35.5,1,15,1,2449
35.5,1,15,2,2457
35.5,1,15,3,2464
35.5,1,15,4,2472
35.5,1,15,5,2480
35.5,1,15,6,2488
35.5,1,15,7,2495
35.5,1,15,8,2503
35.5,1,15,9,2511
35.5,1,15,10,2518
35.5,1,15,11,2526
35.5,1,15,12,2534
35.5,1,15,13,2541
35.5,1,15,14,2549
35.5,1,15,15,2556
35.5,2,0,0,2335
35.5,2,0,1,2343
35.5,2,0,2,2350
35.5,2,0,3,2358
35.5,2,0,4,2365
35.5,2,0,5,2373
35.5,2,0,6,2380
35.5,2,0,7,2388
35.5,2,0,8,2395
35.5,2,0,9,2402
35.5,2,0,10,2410
35.5,2,0,11,2417
35.5,2,0,12,2424
35.5,2,0,13,2431
35.5,2,0,14,2439
35.5,2,0,15,2446
35.5,2,1,0,2343
35.5,2,1,1,2351
35.5,2,1,2,2358
35.5,2,1,3,2366
35.5,2,1,4,2373
35.5,2,1,5,2381
35.5,2,1,6,2388
35.5,2,1,7,2396
35.5,2,1,8,2403
35.5,2,1,9,2410
35.5,2,1,10,2418
35.5,2,1,11,2425
35.5,2,1,12,2432
35.5,2,1,13,2440
35.5,2,1,14,2447
35.5,2,1,15,2454
35.5,2,2,0,2351
35.5,2,2,1,2359
35.5,2,2,2,2366
35.5,2,2,3,2374
35.5,2,2,4,2381
35.5,2,2,5,2389
35.5,2,2,6,2396
35.5,2,2,7,2404
35.5,2,2,8,2411
35.5,2,2,9,2418
35.5,2,2,10,2426
35.5,2,2,11,2433
35.5,2,2,12,2440
35.5,2,2,13,2448
35.5,2,2,14,2455
35.5,2,2,15,2462
35.5,2,3,0,2359
35.5,2,3,1,2366
35.5,2,3,2,2374
35.5,2,3,3,2382
35.5,2,3,4,2389
35.5,2,3,5,2397
35.5,2,3,6,2404
35.5,2,3,7,2411
35.5,2,3,8,2419
35.5,2,3,9,2426
35.5,2,3,10,2434
35.5,2,3,11,2441
35.5,2,3,12,2448
35.5,2,3,13,2456
35.5,2,3,14,2463
35.5,2,3,15,2470
35.5,2,4,0,2367
35.5,2,4,1,2374
35.5,2,4,2,2382
35.5,2,4,3,2389
35.5,2,4,4,2397
35.5,2,4,5,2404
35.5,2,4,6,2412
35.5,2,4,7,2419
35.5,2,4,8,2427
35.5,2,4,9,2434
35.5,2,4,10,2442
35.5,2,4,11,2449
35.5,2,4,12,2456
35.5,2,4,13,2464
35.5,2,4,14,2471
35.5,2,4,15,2478
35.5,2,5,0,2374
35.5,2,5,1,2382
35.5,2,5,2,2390
35.5,2,5,3,2397
35.5,2,5,4,2405
35.5,2,5,5,2412
35.5,2,5,6,2420
35.5,2,5,7,2427
35.5,2,5,8,2435
35.5,2,5,9,2442
35.5,2,5,10,2450
35.5,2,5,11,2457
35.5,2,5,12,2464
35.5,2,5,13,2472
35.5,2,5,14,2479
35.5,2,5,15,2487
35.5,2,6,0,2382
35.5,2,6,1,2390
35.5,2,6,2,2397
35.5,2,6,3,2405
35.5,2,6,4,2413
35.5,2,6,5,2420
35.5,2,6,6,2428
35.5,2,6,7,2435
35.5,2,6,8,2443
35.5,2,6,9,2450
35.5,2,6,10,2458
35.5,2,6,11,2465
35.5,2,6,12,2472
35.5,2,6,13,2480
35.5,2,6,14,2487
35.5,2,6,15,2495
35.5,2,7,0,2390
35.5,2,7,1,2397
35.5,2,7,2,2405
35.5,2,7,3,2413
35.5,2,7,4,2420
35.5,2,7,5,2428
35.5,2,7,6,2435
35.5,2,7,7,2443
35.5,2,7,8,2451
35.5,2,7,9,2458
35.5,2,7,10,2466
35.5,2,7,11,2473
35.5,2,7,12,2480
35.5,2,7,13,2488
35.5,2,7,14,2495
35.5,2,7,15,2503
35.5,2,8,0,2397
35.5,2,8,1,2405
35.5,2,8,2,2413
35.5,2,8,3,2420
35.5,2,8,4,2428
35.5,2,8,5,2436
35.5,2,8,6,2443
35.5,2,8,7,2451
35.5,2,8,8,2458
35.5,2,8,9,2466
35.5,2,8,10,2473
35.5,2,8,11,2481
35.5,2,8,12,2488
35.5,2,8,13,2496
35.5,2,8,14,2503
35.5,2,8,15,2511
35.5,2,9,0,2405
35.5,2,9,1,2413
35.5,2,9,2,2420
35.5,2,9,3,2428
35.5,2,9,4,2436
35.5,2,9,5,2443
35.5,2,9,6,2451
35.5,2,9,7,2459
35.5,2,9,8,2466
35.5,2,9,9,2474
35.5,2,9,10,2481
35.5,2,9,11,2489
35.5,2,9,12,2496
35.5,2,9,13,2504
35.5,2,9,14,2511
35.5,2,9,15,2519
35.5,2,10,0,2413
35.5,2,10,1,2420
35.5,2,10,2,2428
35.5,2,10,3,2436
35.5,2,10,4,2443
35.5,2,10,5,2451
35.5,2,10,6,2459
35.5,2,10,7,2466
35.5,2,10,8,2474
35.5,2,10,9,2482
35.5,2,10,10,2489
35.5,2,10,11,2497
35.5,2,10,12,2504
35.5,2,10,13,2512
35.5,2,10,14,2519
35.5,2,10,15,2527
35.5,2,11,0,2420
35.5,2,11,1,2428
35.5,2,11,2,2436
35.5,2,11,3,2443
35.5,2,11,4,2451
35.5,2,11,5,2459
35.5,2,11,6,2466
35.5,2,11,7,2474
35.5,2,11,8,2482
35.5,2,11,9,2489
35.5,2,11,10,2497
35.5,2,11,11,2505
35.5,2,11,12,2512
35.5,2,11,13,2520
35.5,2,11,14,2527
35.5,2,11,15,2535
35.5,2,12,0,2428
35.5,2,12,1,2435
35.5,2,12,2,2443
35.5,2,12,3,2451
35.5,2,12,4,2459
35.5,2,12,5,2466
35.5,2,12,6,2474
35.5,2,12,7,2482
35.5,2,12,8,2490
35.5,2,12,9,2497
35.5,2,12,10,2505
35.5,2,12,11,2512
35.5,2,12,12,2520
35.5,2,12,13,2527
35.5,2,12,14,2535
35.5,2,12,15,2542
35.5,2,13,0,2435
35.5,2,13,1,2443
35.5,2,13,2,2451
35.5,2,13,3,2459
35.5,2,13,4,2466
35.5,2,13,5,2474
35.5,2,13,6,2482
35.5,2,13,7,2490
35.5,2,13,8,2497
35.5,2,13,9,2505
35.5,2,13,10,2513
35.5,2,13,11,2520
35.5,2,13,12,2528
35.5,2,13,13,2535
35.5,2,13,14,2543
35.5,2,13,15,2550
35.5,2,14,0,2443
35.5,2,14,1,2451
35.5,2,14,2,2458
35.5,2,14,3,2466
35.5,2,14,4,2474
35.5,2,14,5,2482
35.5,2,14,6,2490
35.5,2,14,7,2497
35.5,2,14,8,2505
35.5,2,14,9,2513
35.5,2,14,10,2520
35.5,2,14,11,2528
35.5,2,14,12,2535
35.5,2,14,13,2543
35.5,2,14,14,2551
35.5,2,14,15,2558
35.5,2,15,0,2450
35.5,2,15,1,2458
35.5,2,15,2,2466
35.5,2,15,3,2474
35.5,2,15,4,2482
35.5,2,15,5,2489
35.5,2,15,6,2497
35.5,2,15,7,2505
35.5,2,15,8,2513
35.5,2,15,9,2520
35.5,2,15,10,2528
35.5,2,15,11,2536
35.5,2,15,12,2543
35.5,2,15,13,2551
35.5,2,15,14,2558
35.5,2,15,15,2566
35.5,3,0,0,2344
35.5,3,0,1,2352
35.5,3,0,2,2359
35.5,3,0,3,2367
35.5,3,0,4,2374
35.5,3,0,5,2382
35.5,3,0,6,2389
35.5,3,0,7,2397
35.5,3,0,8,2404
35.5,3,0,9,2411
35.5,3,0,10,2419
35.5,3,0,11,2426
35.5,3,0,12,2433
35.5,3,0,13,2441
35.5,3,0,14,2448
35.5,3,0,15,2455
35.5,3,1,0,2352
35.5,3,1,1,2360
35.5,3,1,2,2367
35.5,3,1,3,2375
35.5,3,1,4,2382
35.5,3,1,5,2390
35.5,3,1,6,2397
35.5,3,1,7,2405
35.5,3,1,8,2412
35.5,3,1,9,2419
35.5,3,1,10,2427
35.5,3,1,11,2434
35.5,3,1,12,2442
35.5,3,1,13,2449
35.5,3,1,14,2456
35.5,3,1,15,2463
35.5,3,2,0,2360
35.5,3,2,1,2368
35.5,3,2,2,2375
35.5,3,2,3,2383
35.5,3,2,4,2390
35.5,3,2,5,2398
35.5,3,2,6,2405
35.5,3,2,7,2413
35.5,3,2,8,2420
35.5,3,2,9,2428
35.5,3,2,10,2435
35.5,3,2,11,2442
35.5,3,2,12,2450
35.5,3,2,13,2457
35.5,3,2,14,2464
35.5,3,2,15,2472
35.5,3,3,0,2368
35.5,3,3,1,2375
35.5,3,3,2,2383
35.5,3,3,3,2391
35.5,3,3,4,2398
35.5,3,3,5,2406
35.5,3,3,6,2413
35.5,3,3,7,2421
35.5,3,3,8,2428
35.5,3,3,9,2436
35.5,3,3,10,2443
35.5,3,3,11,2450
35.5,3,3,12,2458
35.5,3,3,13,2465
35.5,3,3,14,2472
35.5,3,3,15,2480
35.5,3,4,0,2376
35.5,3,4,1,2383
35.5,3,4,2,2391
35.5,3,4,3,2398
35.5,3,4,4,2406
35.5,3,4,5,2414
35.5,3,4,6,2421
35.5,3,4,7,2429
35.5,3,4,8,2436
35.5,3,4,9,2444
35.5,3,4,10,2451
35.5,3,4,11,2458
35.5,3,4,12,2466
35.5,3,4,13,2473
35.5,3,4,14,2481
35.5,3,4,15,2488
35.5,3,5,0,2383
35.5,3,5,1,2391
35.5,3,5,2,2399
35.5,3,5,3,2406
35.5,3,5,4,2414
35.5,3,5,5,2421
35.5,3,5,6,2429
35.5,3,5,7,2437
35.5,3,5,8,2444
35.5,3,5,9,2452
35.5,3,5,10,2459
35.5,3,5,11,2466
35.5,3,5,12,2474
35.5,3,5,13,2481
35.5,3,5,14,2489
35.5,3,5,15,2496
35.5,3,6,0,2391
35.5,3,6,1,2399
35.5,3,6,2,2406
35.5,3,6,3,2414
35.5,3,6,4,2422
35.5,3,6,5,2429
35.5,3,6,6,2437
35.5,3,6,7,2444
35.5,3,6,8,2452
35.5,3,6,9,2459
35.5,3,6,10,2467
35.5,3,6,11,2474
35.5,3,6,12,2482
35.5,3,6,13,2489
35.5,3,6,14,2497
35.5,3,6,15,2504
35.5,3,7,0,2399
35.5,3,7,1,2406
35.5,3,7,2,2414
35.5,3,7,3,2422
35.5,3,7,4,2429
35.5,3,7,5,2437
35.5,3,7,6,2445
35.5,3,7,7,2452
35.5,3,7,8,2460
35.5,3,7,9,2467
35.5,3,7,10,2475
35.5,3,7,11,2482
35.5,3,7,12,2490
35.5,3,7,13,2497
35.5,3,7,14,2505
35.5,3,7,15,2512
35.5,3,8,0,2406
35.5,3,8,1,2414
35.5,3,8,2,2422
35.5,3,8,3,2430
35.5,3,8,4,2437
35.5,3,8,5,2445
35.5,3,8,6,2453
35.5,3,8,7,2460
35.5,3,8,8,2468
35.5,3,8,9,2475
35.5,3,8,10,2483
35.5,3,8,11,2490
35.5,3,8,12,2498
35.5,3,8,13,2505
35.5,3,8,14,2513
35.5,3,8,15,2520
35.5,3,9,0,2414
35.5,3,9,1,2422
35.5,3,9,2,2430
35.5,3,9,3,2437
35.5,3,9,4,2445
35.5,3,9,5,2453
35.5,3,9,6,2460
35.5,3,9,7,2468
35.5,3,9,8,2476
35.5,3,9,9,2483
35.5,3,9,10,2491
35.5,3,9,11,2498
35.5,3,9,12,2506
35.5,3,9,13,2513
35.5,3,9,14,2521
35.5,3,9,15,2528
35.5,3,10,0,2422
35.5,3,10,1,2429
35.5,3,10,2,2437
35.5,3,10,3,2445
35.5,3,10,4,2453
35.5,3,10,5,2460
35.5,3,10,6,2468
35.5,3,10,7,2476
35.5,3,10,8,2483
35.5,3,10,9,2491
35.5,3,10,10,2499
35.5,3,10,11,2506
35.5,3,10,12,2514
35.5,3,10,13,2521
35.5,3,10,14,2529
35.5,3,10,15,2536
35.5,3,11,0,2429
35.5,3,11,1,2437
35.5,3,11,2,2445
35.5,3,11,3,2453
35.5,3,11,4,2460
35.5,3,11,5,2468
35.5,3,11,6,2476
35.5,3,11,7,2484
35.5,3,11,8,2491
35.5,3,11,9,2499
35.5,3,11,10,2506
35.5,3,11,11,2514
35.5,3,11,12,2522
35.5,3,11,13,2529
35.5,3,11,14,2537
35.5,3,11,15,2544
35.5,3,12,0,2437
35.5,3,12,1,2445
35.5,3,12,2,2453
35.5,3,12,3,2460
35.5,3,12,4,2468
35.5,3,12,5,2476
35.5,3,12,6,2484
35.5,3,12,7,2491
35.5,3,12,8,2499
35.5,3,12,9,2507
35.5,3,12,10,2514
35.5,3,12,11,2522
35.5,3,12,12,2529
35.5,3,12,13,2537
35.5,3,12,14,2545
35.5,3,12,15,2552
35.5,3,13,0,2444
35.5,3,13,1,2452
35.5,3,13,2,2460
35.5,3,13,3,2468
35.5,3,13,4,2476
35.5,3,13,5,2484
35.5,3,13,6,2491
35.5,3,13,7,2499
35.5,3,13,8,2507
35.5,3,13,9,2514
35.5,3,13,10,2522
35.5,3,13,11,2530
35.5,3,13,12,2537
35.5,3,13,13,2545
35.5,3,13,14,2552
35.5,3,13,15,2560
35.5,3,14,0,2452
35.5,3,14,1,2460
35.5,3,14,2,2468
35.5,3,14,3,2476
35.5,3,14,4,2483
35.5,3,14,5,2491
35.5,3,14,6,2499
35.5,3,14,7,2507
35.5,3,14,8,2514
35.5,3,14,9,2522
35.5,3,14,10,2530
35.5,3,14,11,2537
35.5,3,14,12,2545
35.5,3,14,13,2553
35.5,3,14,14,2560
35.5,3,14,15,2568
35.5,3,15,0,2459
35.5,3,15,1,2467
35.5,3,15,2,2475
35.5,3,15,3,2483
35.5,3,15,4,2491
35.5,3,15,5,2499
35.5,3,15,6,2507
35.5,3,15,7,2514
35.5,3,15,8,2522
35.5,3,15,9,2530
35.5,3,15,10,2538
35.5,3,15,11,2545
35.5,3,15,12,2553
35.5,3,15,13,2561
35.5,3,15,14,2568
35.5,3,15,15,2576
35.5,4,0,0,2353
35.5,4,0,1,2361
35.5,4,0,2,2368
35.5,4,0,3,2376
35.5,4,0,4,2383
35.5,4,0,5,2391
35.5,4,0,6,2398
35.5,4,0,7,2406
35.5,4,0,8,2413
35.5,4,0,9,2421
35.5,4,0,10,2428
35.5,4,0,11,2435
35.5,4,0,12,2443
35.5,4,0,13,2450
35.5,4,0,14,2457
35.5,4,0,15,2464
35.5,4,1,0,2361
35.5,4,1,1,2369
35.5,4,1,2,2376
35.5,4,1,3,2384
35.5,4,1,4,2391
35.5,4,1,5,2399
35.5,4,1,6,2406
35.5,4,1,7,2414
35.5,4,1,8,2421
35.5,4,1,9,2429
35.5,4,1,10,2436
35.5,4,1,11,2443
35.5,4,1,12,2451
35.5,4,1,13,2458
35.5,4,1,14,2465
35.5,4,1,15,2473
35.5,4,2,0,2369
35.5,4,2,1,2377
35.5,4,2,2,2384
35.5,4,2,3,2392
35.5,4,2,4,2399
35.5,4,2,5,2407
35.5,4,2,6,2414
35.5,4,2,7,2422
35.5,4,2,8,2429
35.5,4,2,9,2437
35.5,4,2,10,2444
35.5,4,2,11,2452
35.5,4,2,12,2459
35.5,4,2,13,2466
35.5,4,2,14,2474
35.5,4,2,15,2481
35.5,4,3,0,2377
35.5,4,3,1,2384
35.5,4,3,2,2392
35.5,4,3,3,2400
35.5,4,3,4,2407
35.5,4,3,5,2415
35.5,4,3,6,2422
35.5,4,3,7,2430
35.5,4,3,8,2437
35.5,4,3,9,2445
35.5,4,3,10,2452
35.5,4,3,11,2460
35.5,4,3,12,2467
35.5,4,3,13,2474
35.5,4,3,14,2482
35.5,4,3,15,2489
35.5,4,4,0,2385
35.5,4,4,1,2392
35.5,4,4,2,2400
35.5,4,4,3,2408
35.5,4,4,4,2415
35.5,4,4,5,2423
35.5,4,4,6,2430
35.5,4,4,7,2438
35.5,4,4,8,2445
35.5,4,4,9,2453
35.5,4,4,10,2460
35.5,4,4,11,2468
35.5,4,4,12,2475
35.5,4,4,13,2483
35.5,4,4,14,2490
35.5,4,4,15,2497
35.5,4,5,0,2392
35.5,4,5,1,2400
35.5,4,5,2,2408
35.5,4,5,3,2415
35.5,4,5,4,2423
35.5,4,5,5,2431
35.5,4,5,6,2438
35.5,4,5,7,2446
35.5,4,5,8,2453
35.5,4,5,9,2461
35.5,4,5,10,2468
35.5,4,5,11,2476
35.5,4,5,12,2483
35.5,4,5,13,2491
35.5,4,5,14,2498
35.5,4,5,15,2505
35.5,4,6,0,2400
35.5,4,6,1,2408
35.5,4,6,2,2416
35.5,4,6,3,2423
35.5,4,6,4,2431
35.5,4,6,5,2438
35.5,4,6,6,2446
35.5,4,6,7,2454
35.5,4,6,8,2461
35.5,4,6,9,2469
35.5,4,6,10,2476
35.5,4,6,11,2484
35.5,4,6,12,2491
35.5,4,6,13,2499
35.5,4,6,14,2506
35.5,4,6,15,2514
35.5,4,7,0,2408
35.5,4,7,1,2416
35.5,4,7,2,2423
35.5,4,7,3,2431
35.5,4,7,4,2439
35.5,4,7,5,2446
35.5,4,7,6,2454
35.5,4,7,7,2462
35.5,4,7,8,2469
35.5,4,7,9,2477
35.5,4,7,10,2484
35.5,4,7,11,2492
35.5,4,7,12,2499
35.5,4,7,13,2507
35.5,4,7,14,2514
35.5,4,7,15,2522
35.5,4,8,0,2416
35.5,4,8,1,2423
35.5,4,8,2,2431
35.5,4,8,3,2439
35.5,4,8,4,2446
35.5,4,8,5,2454
35.5,4,8,6,2462
35.5,4,8,7,2469
35.5,4,8,8,2477
35.5,4,8,9,2485
35.5,4,8,10,2492
35.5,4,8,11,2500
35.5,4,8,12,2507
35.5,4,8,13,2515
35.5,4,8,14,2522
35.5,4,8,15,2530
35.5,4,9,0,2423
35.5,4,9,1,2431
35.5,4,9,2,2439
35.5,4,9,3,2447
35.5,4,9,4,2454
35.5,4,9,5,2462
35.5,4,9,6,2470
35.5,4,9,7,2477
35.5,4,9,8,2485
35.5,4,9,9,2493
35.5,4,9,10,2500
35.5,4,9,11,2508
35.5,4,9,12,2515
35.5,4,9,13,2523
35.5,4,9,14,2530
35.5,4,9,15,2538
35.5,4,10,0,2431
35.5,4,10,1,2439
35.5,4,10,2,2446
35.5,4,10,3,2454
35.5,4,10,4,2462
35.5,4,10,5,2470
35.5,4,10,6,2477
35.5,4,10,7,2485
35.5,4,10,8,2493
35.5,4,10,9,2500
35.5,4,10,10,2508
35.5,4,10,11,2516
35.5,4,10,12,2523
35.5,4,10,13,2531
35.5,4,10,14,2538
35.5,4,10,15,2546
35.5,4,11,0,2438
35.5,4,11,1,2446
35.5,4,11,2,2454
35.5,4,11,3,2462
35.5,4,11,4,2470
35.5,4,11,5,2478
35.5,4,11,6,2485
35.5,4,11,7,2493
35.5,4,11,8,2501
35.5,4,11,9,2508
35.5,4,11,10,2516
35.5,4,11,11,2524
35.5,4,11,12,2531
35.5,4,11,13,2539
35.5,4,11,14,2546
35.5,4,11,15,2554
35.5,4,12,0,2446
35.5,4,12,1,2454
35.5,4,12,2,2462
35.5,4,12,3,2470
35.5,4,12,4,2477
35.5,4,12,5,2485
35.5,4,12,6,2493
35.5,4,12,7,2501
35.5,4,12,8,2508
35.5,4,12,9,2516
35.5,4,12,10,2524
35.5,4,12,11,2531
35.5,4,12,12,2539
35.5,4,12,13,2547
35.5,4,12,14,2554
35.5,4,12,15,2562
35.5,4,13,0,2454
35.5,4,13,1,2462
35.5,4,13,2,2469
35.5,4,13,3,2477
35.5,4,13,4,2485
35.5,4,13,5,2493
35.5,4,13,6,2501
35.5,4,13,7,2508
35.5,4,13,8,2516
35.5,4,13,9,2524
35.5,4,13,10,2532
35.5,4,13,11,2539
35.5,4,13,12,2547
35.5,4,13,13,2555
35.5,4,13,14,2562
35.5,4,13,15,2570
35.5,4,14,0,2461
35.5,4,14,1,2469
35.5,4,14,2,2477
35.5,4,14,3,2485
35.5,4,14,4,2493
35.5,4,14,5,2501
35.5,4,14,6,2508
35.5,4,14,7,2516
35.5,4,14,8,2524
35.5,4,14,9,2532
35.5,4,14,10,2539
35.5,4,14,11,2547
35.5,4,14,12,2555
35.5,4,14,13,2562
35.5,4,14,14,2570
35.5,4,14,15,2578
35.5,4,15,0,2469
35.5,4,15,1,2477
35.5,4,15,2,2485
35.5,4,15,3,2493
35.5,4,15,4,2500
35.5,4,15,5,2508
35.5,4,15,6,2516
35.5,4,15,7,2524
35.5,4,15,8,2532
35.5,4,15,9,2539
35.5,4,15,10,2547
35.5,4,15,11,2555
35.5,4,15,12,2563
35.5,4,15,13,2570
35.5,4,15,14,2578
35.5,4,15,15,2586
35.5,5,0,0,2362
35.5,5,0,1,2370
35.5,5,0,2,2377
35.5,5,0,3,2385
35.5,5,0,4,2392
35.5,5,0,5,2400
35.5,5,0,6,2407
35.5,5,0,7,2415
35.5,5,0,8,2422
35.5,5,0,9,2430
35.5,5,0,10,2437
35.5,5,0,11,2444
35.5,5,0,12,2452
35.5,5,0,13,2459
35.5,5,0,14,2466
35.5,5,0,15,2474
35.5,5,1,0,2370
35.5,5,1,1,2378
35.5,5,1,2,2385
35.5,5,1,3,2393
35.5,5,1,4,2400
35.5,5,1,5,2408
35.5,5,1,6,2415
35.5,5,1,7,2423
35.5,5,1,8,2430
35.5,5,1,9,2438
35.5,5,1,10,2445
35.5,5,1,11,2453
35.5,5,1,12,2460
35.5,5,1,13,2467
35.5,5,1,14,2475
35.5,5,1,15,2482
35.5,5,2,0,2378
35.5,5,2,1,2386
35.5,5,2,2,2393
35.5,5,2,3,2401
35.5,5,2,4,2408
35.5,5,2,5,2416
35.5,5,2,6,2423
35.5,5,2,7,2431
35.5,5,2,8,2438
35.5,5,2,9,2446
35.5,5,2,10,2453
35.5,5,2,11,2461
35.5,5,2,12,2468
35.5,5,2,13,2476
35.5,5,2,14,2483
35.5,5,2,15,2490
35.5,5,3,0,2386
35.5,5,3,1,2393
35.5,5,3,2,2401
35.5,5,3,3,2409
35.5,5,3,4,2416
35.5,5,3,5,2424
35.5,5,3,6,2431
35.5,5,3,7,2439
35.5,5,3,8,2447
35.5,5,3,9,2454
35.5,5,3,10,2461
35.5,5,3,11,2469
35.5,5,3,12,2476
35.5,5,3,13,2484
35.5,5,3,14,2491
35.5,5,3,15,2499
35.5,5,4,0,2394
35.5,5,4,1,2401
35.5,5,4,2,2409
35.5,5,4,3,2417
35.5,5,4,4,2424
35.5,5,4,5,2432
35.5,5,4,6,2439
35.5,5,4,7,2447
35.5,5,4,8,2455
35.5,5,4,9,2462
35.5,5,4,10,2470
35.5,5,4,11,2477
35.5,5,4,12,2484
35.5,5,4,13,2492
35.5,5,4,14,2499
35.5,5,4,15,2507
35.5,5,5,0,2401
35.5,5,5,1,2409
35.5,5,5,2,2417
35.5,5,5,3,2424
35.5,5,5,4,2432
35.5,5,5,5,2440
35.5,5,5,6,2447
35.5,5,5,7,2455
35.5,5,5,8,2463
35.5,5,5,9,2470
35.5,5,5,10,2478
35.5,5,5,11,2485
35.5,5,5,12,2493
35.5,5,5,13,2500
35.5,5,5,14,2507
35.5,5,5,15,2515
35.5,5,6,0,2409
35.5,5,6,1,2417
35.5,5,6,2,2425
35.5,5,6,3,2432
35.5,5,6,4,2440
35.5,5,6,5,2448
35.5,5,6,6,2455
35.5,5,6,7,2463
35.5,5,6,8,2471
35.5,5,6,9,2478
35.5,5,6,10,2486
35.5,5,6,11,2493
35.5,5,6,12,2501
35.5,5,6,13,2508
35.5,5,6,14,2516
35.5,5,6,15,2523
35.5,5,7,0,2417
35.5,5,7,1,2425
35.5,5,7,2,2432
35.5,5,7,3,2440
35.5,5,7,4,2448
35.5,5,7,5,2456
35.5,5,7,6,2463
35.5,5,7,7,2471
35.5,5,7,8,2479
35.5,5,7,9,2486
35.5,5,7,10,2494
35.5,5,7,11,2501
35.5,5,7,12,2509
35.5,5,7,13,2516
35.5,5,7,14,2524
35.5,5,7,15,2531
35.5,5,8,0,2425
35.5,5,8,1,2432
35.5,5,8,2,2440
35.5,5,8,3,2448
35.5,5,8,4,2456
35.5,5,8,5,2463
35.5,5,8,6,2471
35.5,5,8,7,2479
35.5,5,8,8,2486
35.5,5,8,9,2494
35.5,5,8,10,2502
35.5,5,8,11,2509
35.5,5,8,12,2517
35.5,5,8,13,2524
35.5,5,8,14,2532
35.5,5,8,15,2539
35.5,5,9,0,2432
35.5,5,9,1,2440
35.5,5,9,2,2448
35.5,5,9,3,2456
35.5,5,9,4,2464
35.5,5,9,5,2471
35.5,5,9,6,2479
35.5,5,9,7,2487
35.5,5,9,8,2494
35.5,5,9,9,2502
35.5,5,9,10,2510
35.5,5,9,11,2517
35.5,5,9,12,2525
35.5,5,9,13,2532
35.5,5,9,14,2540
35.5,5,9,15,2547
35.5,5,10,0,2440
35.5,5,10,1,2448
35.5,5,10,2,2456
35.5,5,10,3,2464
35.5,5,10,4,2471
35.5,5,10,5,2479
35.5,5,10,6,2487
35.5,5,10,7,2495
35.5,5,10,8,2502
35.5,5,10,9,2510
35.5,5,10,10,2518
35.5,5,10,11,2525
35.5,5,10,12,2533
35.5,5,10,13,2540
35.5,5,10,14,2548
35.5,5,10,15,2555
35.5,5,11,0,2448
35.5,5,11,1,2456
35.5,5,11,2,2463
35.5,5,11,3,2471
35.5,5,11,4,2479
35.5,5,11,5,2487
35.5,5,11,6,2495
35.5,5,11,7,2502
35.5,5,11,8,2510
35.5,5,11,9,2518
35.5,5,11,10,2525
35.5,5,11,11,2533
35.5,5,11,12,2541
35.5,5,11,13,2548
35.5,5,11,14,2556
35.5,5,11,15,2563
35.5,5,12,0,2455
35.5,5,12,1,2463
35.5,5,12,2,2471
35.5,5,12,3,2479
35.5,5,12,4,2487
35.5,5,12,5,2495
35.5,5,12,6,2502
35.5,5,12,7,2510
35.5,5,12,8,2518
35.5,5,12,9,2526
35.5,5,12,10,2533
35.5,5,12,11,2541
35.5,5,12,12,2549
35.5,5,12,13,2556
35.5,5,12,14,2564
35.5,5,12,15,2571
35.5,5,13,0,2463
35.5,5,13,1,2471
35.5,5,13,2,2479
35.5,5,13,3,2487
35.5,5,13,4,2495
35.5,5,13,5,2502
35.5,5,13,6,2510
35.5,5,13,7,2518
35.5,5,13,8,2526
35.5,5,13,9,2533
35.5,5,13,10,2541
35.5,5,13,11,2549
35.5,5,13,12,2557
35.5,5,13,13,2564
35.5,5,13,14,2572
35.5,5,13,15,2579
35.5,5,14,0,2471
35.5,5,14,1,2479
35.5,5,14,2,2486
35.5,5,14,3,2494
35.5,5,14,4,2502
35.5,5,14,5,2510
35.5,5,14,6,2518
35.5,5,14,7,2526
35.5,5,14,8,2534
35.5,5,14,9,2541
35.5,5,14,10,2549
35.5,5,14,11,2557
35.5,5,14,12,2564
35.5,5,14,13,2572
35.5,5,14,14,2580
35.5,5,14,15,2587
35.5,5,15,0,2478
35.5,5,15,1,2486
35.5,5,15,2,2494
35.5,5,15,3,2502
35.5,5,15,4,2510
35.5,5,15,5,2518
35.5,5,15,6,2526
35.5,5,15,7,2533
35.5,5,15,8,2541
35.5,5,15,9,2549
35.5,5,15,10,2557
35.5,5,15,11,2565
35.5,5,15,12,2572
35.5,5,15,13,2580
35.5,5,15,14,2588
35.5,5,15,15,2595
35.5,6,0,0,2371
35.5,6,0,1,2379
35.5,6,0,2,2386
35.5,6,0,3,2394
35.5,6,0,4,2401
35.5,6,0,5,2409
35.5,6,0,6,2416
35.5,6,0,7,2424
35.5,6,0,8,2431
35.5,6,0,9,2439
35.5,6,0,10,2446
35.5,6,0,11,2454
35.5,6,0,12,2461
35.5,6,0,13,2468
35.5,6,0,14,2476
35.5,6,0,15,2483
35.5,6,1,0,2379
35.5,6,1,1,2387
35.5,6,1,2,2394
35.5,6,1,3,2402
35.5,6,1,4,2409
35.5,6,1,5,2417
35.5,6,1,6,2424
35.5,6,1,7,2432
35.5,6,1,8,2440
35.5,6,1,9,2447
35.5,6,1,10,2454
35.5,6,1,11,2462
35.5,6,1,12,2469
35.5,6,1,13,2477
35.5,6,1,14,2484
35.5,6,1,15,2491
35.5,6,2,0,2387
35.5,6,2,1,2394
35.5,6,2,2,2402
35.5,6,2,3,2410
35.5,6,2,4,2417
35.5,6,2,5,2425
35.5,6,2,6,2433
35.5,6,2,7,2440
35.5,6,2,8,2448
35.5,6,2,9,2455
35.5,6,2,10,2463
35.5,6,2,11,2470
35.5,6,2,12,2477
35.5,6,2,13,2485
35.5,6,2,14,2492
35.5,6,2,15,2500
35.5,6,3,0,2395
35.5,6,3,1,2402
35.5,6,3,2,2410
35.5,6,3,3,2418
35.5,6,3,4,2425
35.5,6,3,5,2433
35.5,6,3,6,2441
35.5,6,3,7,2448
35.5,6,3,8,2456
35.5,6,3,9,2463
35.5,6,3,10,2471
35.5,6,3,11,2478
35.5,6,3,12,2486
35.5,6,3,13,2493
35.5,6,3,14,2501
35.5,6,3,15,2508
35.5,6,4,0,2403
35.5,6,4,1,2410
35.5,6,4,2,2418
35.5,6,4,3,2426
35.5,6,4,4,2433
35.5,6,4,5,2441
35.5,6,4,6,2449
35.5,6,4,7,2456
35.5,6,4,8,2464
35.5,6,4,9,2471
35.5,6,4,10,2479
35.5,6,4,11,2486
35.5,6,4,12,2494
35.5,6,4,13,2501
35.5,6,4,14,2509
35.5,6,4,15,2516
35.5,6,5,0,2410
35.5,6,5,1,2418
35.5,6,5,2,2426
35.5,6,5,3,2434
35.5,6,5,4,2441
35.5,6,5,5,2449
35.5,6,5,6,2457
35.5,6,5,7,2464
35.5,6,5,8,2472
35.5,6,5,9,2479
35.5,6,5,10,2487
35.5,6,5,11,2494
35.5,6,5,12,2502
35.5,6,5,13,2509
35.5,6,5,14,2517
35.5,6,5,15,2524
35.5,6,6,0,2418
35.5,6,6,1,2426
35.5,6,6,2,2434
35.5,6,6,3,2441
35.5,6,6,4,2449
35.5,6,6,5,2457
35.5,6,6,6,2465
35.5,6,6,7,2472
35.5,6,6,8,2480
35.5,6,6,9,2487
35.5,6,6,10,2495
35.5,6,6,11,2503
35.5,6,6,12,2510
35.5,6,6,13,2518
35.5,6,6,14,2525
35.5,6,6,15,2533
35.5,6,7,0,2426
35.5,6,7,1,2434
35.5,6,7,2,2442
35.5,6,7,3,2449
35.5,6,7,4,2457
35.5,6,7,5,2465
35.5,6,7,6,2473
35.5,6,7,7,2480
35.5,6,7,8,2488
35.5,6,7,9,2495
35.5,6,7,10,2503
35.5,6,7,11,2511
35.5,6,7,12,2518
35.5,6,7,13,2526
35.5,6,7,14,2533
35.5,6,7,15,2541
35.5,6,8,0,2434
35.5,6,8,1,2442
35.5,6,8,2,2449
35.5,6,8,3,2457
35.5,6,8,4,2465
35.5,6,8,5,2473
35.5,6,8,6,2480
35.5,6,8,7,2488
35.5,6,8,8,2496
35.5,6,8,9,2503
35.5,6,8,10,2511
35.5,6,8,11,2519
35.5,6,8,12,2526
35.5,6,8,13,2534
35.5,6,8,14,2541
35.5,6,8,15,2549
35.5,6,9,0,2441
35.5,6,9,1,2449
35.5,6,9,2,2457
35.5,6,9,3,2465
35.5,6,9,4,2473
35.5,6,9,5,2481
35.5,6,9,6,2488
35.5,6,9,7,2496
35.5,6,9,8,2504
35.5,6,9,9,2511
35.5,6,9,10,2519
35.5,6,9,11,2527
35.5,6,9,12,2534
35.5,6,9,13,2542
35.5,6,9,14,2549
35.5,6,9,15,2557
35.5,6,10,0,2449
35.5,6,10,1,2457
35.5,6,10,2,2465
35.5,6,10,3,2473
35.5,6,10,4,2481
35.5,6,10,5,2488
35.5,6,10,6,2496
35.5,6,10,7,2504
35.5,6,10,8,2512
35.5,6,10,9,2519
35.5,6,10,10,2527
35.5,6,10,11,2535
35.5,6,10,12,2542
35.5,6,10,13,2550
35.5,6,10,14,2557
35.5,6,10,15,2565
35.5,6,11,0,2457
35.5,6,11,1,2465
35.5,6,11,2,2473
35.5,6,11,3,2481
35.5,6,11,4,2488
35.5,6,11,5,2496
35.5,6,11,6,2504
35.5,6,11,7,2512
35.5,6,11,8,2520
35.5,6,11,9,2527
35.5,6,11,10,2535
35.5,6,11,11,2543
35.5,6,11,12,2550
35.5,6,11,13,2558
35.5,6,11,14,2565
35.5,6,11,15,2573
35.5,6,12,0,2465
35.5,6,12,1,2473
35.5,6,12,2,2480
35.5,6,12,3,2488
35.5,6,12,4,2496
35.5,6,12,5,2504
35.5,6,12,6,2512
35.5,6,12,7,2520
35.5,6,12,8,2527
35.5,6,12,9,2535
35.5,6,12,10,2543
35.5,6,12,11,2551
35.5,6,12,12,2558
35.5,6,12,13,2566
35.5,6,12,14,2573
35.5,6,12,15,2581
35.5,6,13,0,2472
35.5,6,13,1,2480
35.5,6,13,2,2488
35.5,6,13,3,2496
35.5,6,13,4,2504
35.5,6,13,5,2512
35.5,6,13,6,2520
35.5,6,13,7,2527
35.5,6,13,8,2535
35.5,6,13,9,2543
35.5,6,13,10,2551
35.5,6,13,11,2558
35.5,6,13,12,2566
35.5,6,13,13,2574
35.5,6,13,14,2581
35.5,6,13,15,2589
35.5,6,14,0,2480
35.5,6,14,1,2488
35.5,6,14,2,2496
35.5,6,14,3,2504
35.5,6,14,4,2512
35.5,6,14,5,2520
35.5,6,14,6,2527
35.5,6,14,7,2535
35.5,6,14,8,2543
35.5,6,14,9,2551
35.5,6,14,10,2559
35.5,6,14,11,2566
35.5,6,14,12,2574
35.5,6,14,13,2582
35.5,6,14,14,2589
35.5,6,14,15,2597
35.5,6,15,0,2487
35.5,6,15,1,2495
35.5,6,15,2,2503
35.5,6,15,3,2511
35.5,6,15,4,2519
35.5,6,15,5,2527
35.5,6,15,6,2535
35.5,6,15,7,2543
35.5,6,15,8,2551
35.5,6,15,9,2559
35.5,6,15,10,2566
35.5,6,15,11,2574
35.5,6,15,12,2582
35.5,6,15,13,2590
35.5,6,15,14,2597
35.5,6,15,15,2605
35.5,7,0,0,2380
35.5,7,0,1,2387
35.5,7,0,2,2395
35.5,7,0,3,2403
35.5,7,0,4,2410
35.5,7,0,5,2418
35.5,7,0,6,2425
35.5,7,0,7,2433
35.5,7,0,8,2440
35.5,7,0,9,2448
35.5,7,0,10,2455
35.5,7,0,11,2463
35.5,7,0,12,2470
35.5,7,0,13,2478
35.5,7,0,14,2485
35.5,7,0,15,2492
35.5,7,1,0,2388
35.5,7,1,1,2395
35.5,7,1,2,2403
35.5,7,1,3,2411
35.5,7,1,4,2418
35.5,7,1,5,2426
35.5,7,1,6,2434
35.5,7,1,7,2441
35.5,7,1,8,2449
35.5,7,1,9,2456
35.5,7,1,10,2464
35.5,7,1,11,2471
35.5,7,1,12,2479
35.5,7,1,13,2486
35.5,7,1,14,2493
35.5,7,1,15,2501
35.5,7,2,0,2396
35.5,7,2,1,2403
35.5,7,2,2,2411
35.5,7,2,3,2419
35.5,7,2,4,2426
35.5,7,2,5,2434
35.5,7,2,6,2442
35.5,7,2,7,2449
35.5,7,2,8,2457
35.5,7,2,9,2464
35.5,7,2,10,2472
35.5,7,2,11,2479
35.5,7,2,12,2487
35.5,7,2,13,2494
35.5,7,2,14,2502
35.5,7,2,15,2509
35.5,7,3,0,2404
35.5,7,3,1,2411
35.5,7,3,2,2419
35.5,7,3,3,2427
35.5,7,3,4,2434
35.5,7,3,5,2442
35.5,7,3,6,2450
35.5,7,3,7,2457
35.5,7,3,8,2465
35.5,7,3,9,2472
35.5,7,3,10,2480
35.5,7,3,11,2487
35.5,7,3,12,2495
35.5,7,3,13,2502
35.5,7,3,14,2510
35.5,7,3,15,2517
35.5,7,4,0,2412
35.5,7,4,1,2419
35.5,7,4,2,2427
35.5,7,4,3,2435
35.5,7,4,4,2442
35.5,7,4,5,2450
35.5,7,4,6,2458
35.5,7,4,7,2465
35.5,7,4,8,2473
35.5,7,4,9,2481
35.5,7,4,10,2488
35.5,7,4,11,2496
35.5,7,4,12,2503
35.5,7,4,13,2511
35.5,7,4,14,2518
35.5,7,4,15,2526
35.5,7,5,0,2419
35.5,7,5,1,2427
35.5,7,5,2,2435
35.5,7,5,3,2443
35.5,7,5,4,2450
35.5,7,5,5,2458
35.5,7,5,6,2466
35.5,7,5,7,2473
35.5,7,5,8,2481
35.5,7,5,9,2489
35.5,7,5,10,2496
35.5,7,5,11,2504
35.5,7,5,12,2511
35.5,7,5,13,2519
35.5,7,5,14,2526
35.5,7,5,15,2534
35.5,7,6,0,2427
35.5,7,6,1,2435
35.5,7,6,2,2443
35.5,7,6,3,2451
35.5,7,6,4,2458
35.5,7,6,5,2466
35.5,7,6,6,2474
35.5,7,6,7,2481
35.5,7,6,8,2489
35.5,7,6,9,2497
35.5,7,6,10,2504
35.5,7,6,11,2512
35.5,7,6,12,2519
35.5,7,6,13,2527
35.5,7,6,14,2535
35.5,7,6,15,2542
35.5,7,7,0,2435
35.5,7,7,1,2443
35.5,7,7,2,2451
35.5,7,7,3,2459
35.5,7,7,4,2466
35.5,7,7,5,2474
35.5,7,7,6,2482
35.5,7,7,7,2489
35.5,7,7,8,2497
35.5,7,7,9,2505
35.5,7,7,10,2512
35.5,7,7,11,2520
35.5,7,7,12,2528
35.5,7,7,13,2535
35.5,7,7,14,2543
35.5,7,7,15,2550
35.5,7,8,0,2443
35.5,7,8,1,2451
35.5,7,8,2,2459
35.5,7,8,3,2466
35.5,7,8,4,2474
35.5,7,8,5,2482
35.5,7,8,6,2490
35.5,7,8,7,2497
35.5,7,8,8,2505
35.5,7,8,9,2513
35.5,7,8,10,2520
35.5,7,8,11,2528
35.5,7,8,12,2536
35.5,7,8,13,2543
35.5,7,8,14,2551
35.5,7,8,15,2558
35.5,7,9,0,2451
35.5,7,9,1,2459
35.5,7,9,2,2466
35.5,7,9,3,2474
35.5,7,9,4,2482
35.5,7,9,5,2490
35.5,7,9,6,2498
35.5,7,9,7,2505
35.5,7,9,8,2513
35.5,7,9,9,2521
35.5,7,9,10,2528
35.5,7,9,11,2536
35.5,7,9,12,2544
35.5,7,9,13,2551
35.5,7,9,14,2559
35.5,7,9,15,2567
35.5,7,10,0,2458
35.5,7,10,1,2466
35.5,7,10,2,2474
35.5,7,10,3,2482
35.5,7,10,4,2490
35.5,7,10,5,2498
35.5,7,10,6,2506
35.5,7,10,7,2513
35.5,7,10,8,2521
35.5,7,10,9,2529
35.5,7,10,10,2536
35.5,7,10,11,2544
35.5,7,10,12,2552
35.5,7,10,13,2559
35.5,7,10,14,2567
35.5,7,10,15,2575
35.5,7,11,0,2466
35.5,7,11,1,2474
35.5,7,11,2,2482
35.5,7,11,3,2490
35.5,7,11,4,2498
35.5,7,11,5,2506
35.5,7,11,6,2513
35.5,7,11,7,2521
35.5,7,11,8,2529
35.5,7,11,9,2537
35.5,7,11,10,2544
35.5,7,11,11,2552
35.5,7,11,12,2560
35.5,7,11,13,2567
35.5,7,11,14,2575
35.5,7,11,15,2583
35.5,7,12,0,2474
35.5,7,12,1,2482
35.5,7,12,2,2490
35.5,7,12,3,2498
35.5,7,12,4,2506
35.5,7,12,5,2513
35.5,7,12,6,2521
35.5,7,12,7,2529
35.5,7,12,8,2537
35.5,7,12,9,2545
35.5,7,12,10,2552
35.5,7,12,11,2560
35.5,7,12,12,2568
35.5,7,12,13,2575
35.5,7,12,14,2583
35.5,7,12,15,2591
35.5,7,13,0,2481
35.5,7,13,1,2489
35.5,7,13,2,2497
35.5,7,13,3,2505
35.5,7,13,4,2513
35.5,7,13,5,2521
35.5,7,13,6,2529
35.5,7,13,7,2537
35.5,7,13,8,2545
35.5,7,13,9,2553
35.5,7,13,10,2560
35.5,7,13,11,2568
35.5,7,13,12,2576
35.5,7,13,13,2583
35.5,7,13,14,2591
35.5,7,13,15,2599
35.5,7,14,0,2489
35.5,7,14,1,2497
35.5,7,14,2,2505
35.5,7,14,3,2513
35.5,7,14,4,2521
35.5,7,14,5,2529
35.5,7,14,6,2537
35.5,7,14,7,2545
35.5,7,14,8,2553
35.5,7,14,9,2560
35.5,7,14,10,2568
35.5,7,14,11,2576
35.5,7,14,12,2584
35.5,7,14,13,2591
35.5,7,14,14,2599
35.5,7,14,15,2607
35.5,7,15,0,2497
35.5,7,15,1,2505
35.5,7,15,2,2513
35.5,7,15,3,2521
35.5,7,15,4,2529
35.5,7,15,5,2537
35.5,7,15,6,2545
35.5,7,15,7,2553
35.5,7,15,8,2560
35.5,7,15,9,2568
35.5,7,15,10,2576
35.5,7,15,11,2584
35.5,7,15,12,2592
35.5,7,15,13,2599
35.5,7,15,14,2607
35.5,7,15,15,2615
35.5,8,0,0,2389
35.5,8,0,1,2396
35.5,8,0,2,2404
35.5,8,0,3,2412
35.5,8,0,4,2419
35.5,8,0,5,2427
35.5,8,0,6,2434
35.5,8,0,7,2442
35.5,8,0,8,2450
35.5,8,0,9,2457
35.5,8,0,10,2465
35.5,8,0,11,2472
35.5,8,0,12,2479
35.5,8,0,13,2487
35.5,8,0,14,2494
35.5,8,0,15,2502
35.5,8,1,0,2397
35.5,8,1,1,2404
35.5,8,1,2,2412
35.5,8,1,3,2420
35.5,8,1,4,2427
35.5,8,1,5,2435
35.5,8,1,6,2443
35.5,8,1,7,2450
35.5,8,1,8,2458
35.5,8,1,9,2465
35.5,8,1,10,2473
35.5,8,1,11,2480
35.5,8,1,12,2488
35.5,8,1,13,2495
35.5,8,1,14,2503
35.5,8,1,15,2510
35.5,8,2,0,2405
35.5,8,2,1,2412
35.5,8,2,2,2420
35.5,8,2,3,2428
35.5,8,2,4,2436
35.5,8,2,5,2443
35.5,8,2,6,2451
35.5,8,2,7,2458
35.5,8,2,8,2466
35.5,8,2,9,2474
35.5,8,2,10,2481
35.5,8,2,11,2489
35.5,8,2,12,2496
35.5,8,2,13,2504
35.5,8,2,14,2511
35.5,8,2,15,2518
35.5,8,3,0,2413
35.5,8,3,1,2420
35.5,8,3,2,2428
35.5,8,3,3,2436
35.5,8,3,4,2444
35.5,8,3,5,2451
35.5,8,3,6,2459
35.5,8,3,7,2467
35.5,8,3,8,2474
35.5,8,3,9,2482
35.5,8,3,10,2489
35.5,8,3,11,2497
35.5,8,3,12,2504
35.5,8,3,13,2512
35.5,8,3,14,2519
35.5,8,3,15,2527
35.5,8,4,0,2421
35.5,8,4,1,2428
35.5,8,4,2,2436
35.5,8,4,3,2444
35.5,8,4,4,2452
35.5,8,4,5,2459
35.5,8,4,6,2467
35.5,8,4,7,2475
35.5,8,4,8,2482
35.5,8,4,9,2490
35.5,8,4,10,2497
35.5,8,4,11,2505
35.5,8,4,12,2513
35.5,8,4,13,2520
35.5,8,4,14,2528
35.5,8,4,15,2535
35.5,8,5,0,2428
35.5,8,5,1,2436
35.5,8,5,2,2444
35.5,8,5,3,2452
35.5,8,5,4,2460
35.5,8,5,5,2467
35.5,8,5,6,2475
35.5,8,5,7,2483
35.5,8,5,8,2490
35.5,8,5,9,2498
35.5,8,5,10,2506
35.5,8,5,11,2513
35.5,8,5,12,2521
35.5,8,5,13,2528
35.5,8,5,14,2536
35.5,8,5,15,2543
35.5,8,6,0,2436
35.5,8,6,1,2444
35.5,8,6,2,2452
35.5,8,6,3,2460
35.5,8,6,4,2468
35.5,8,6,5,2475
35.5,8,6,6,2483
35.5,8,6,7,2491
35.5,8,6,8,2498
35.5,8,6,9,2506
35.5,8,6,10,2514
35.5,8,6,11,2521
35.5,8,6,12,2529
35.5,8,6,13,2536
35.5,8,6,14,2544
35.5,8,6,15,2552
35.5,8,7,0,2444
35.5,8,7,1,2452
35.5,8,7,2,2460
35.5,8,7,3,2468
35.5,8,7,4,2476
35.5,8,7,5,2483
35.5,8,7,6,2491
35.5,8,7,7,2499
35.5,8,7,8,2506
35.5,8,7,9,2514
35.5,8,7,10,2522
35.5,8,7,11,2529
35.5,8,7,12,2537
35.5,8,7,13,2545
35.5,8,7,14,2552
35.5,8,7,15,2560
35.5,8,8,0,2452
35.5,8,8,1,2460
35.5,8,8,2,2468
35.5,8,8,3,2476
35.5,8,8,4,2483
35.5,8,8,5,2491
35.5,8,8,6,2499
35.5,8,8,7,2507
35.5,8,8,8,2514
35.5,8,8,9,2522
35.5,8,8,10,2530
35.5,8,8,11,2538
35.5,8,8,12,2545
35.5,8,8,13,2553
35.5,8,8,14,2560
35.5,8,8,15,2568
35.5,8,9,0,2460
35.5,8,9,1,2468
35.5,8,9,2,2476
35.5,8,9,3,2483
35.5,8,9,4,2491
35.5,8,9,5,2499
35.5,8,9,6,2507
35.5,8,9,7,2515
35.5,8,9,8,2522
35.5,8,9,9,2530
35.5,8,9,10,2538
35.5,8,9,11,2546
35.5,8,9,12,2553
35.5,8,9,13,2561
35.5,8,9,14,2568
35.5,8,9,15,2576
35.5,8,10,0,2468
35.5,8,10,1,2476
35.5,8,10,2,2483
35.5,8,10,3,2491
35.5,8,10,4,2499
35.5,8,10,5,2507
35.5,8,10,6,2515
35.5,8,10,7,2523
35.5,8,10,8,2530
35.5,8,10,9,2538
35.5,8,10,10,2546
35.5,8,10,11,2554
35.5,8,10,12,2561
35.5,8,10,13,2569
35.5,8,10,14,2577
35.5,8,10,15,2584
35.5,8,11,0,2475
35.5,8,11,1,2483
35.5,8,11,2,2491
35.5,8,11,3,2499
35.5,8,11,4,2507
35.5,8,11,5,2515
35.5,8,11,6,2523
35.5,8,11,7,2531
35.5,8,11,8,2538
35.5,8,11,9,2546
35.5,8,11,10,2554
35.5,8,11,11,2562
35.5,8,11,12,2569
35.5,8,11,13,2577
35.5,8,11,14,2585
35.5,8,11,15,2592
35.5,8,12,0,2483
35.5,8,12,1,2491
35.5,8,12,2,2499
35.5,8,12,3,2507
35.5,8,12,4,2515
35.5,8,12,5,2523
35.5,8,12,6,2531
35.5,8,12,7,2538
35.5,8,12,8,2546
35.5,8,12,9,2554
35.5,8,12,10,2562
35.5,8,12,11,2570
35.5,8,12,12,2577
35.5,8,12,13,2585
35.5,8,12,14,2593
35.5,8,12,15,2600
35.5,8,13,0,2491
35.5,8,13,1,2499
35.5,8,13,2,2507
35.5,8,13,3,2515
35.5,8,13,4,2523
35.5,8,13,5,2531
35.5,8,13,6,2538
35.5,8,13,7,2546
35.5,8,13,8,2554
35.5,8,13,9,2562
35.5,8,13,10,2570
35.5,8,13,11,2578
35.5,8,13,12,2585
35.5,8,13,13,2593
35.5,8,13,14,2601
35.5,8,13,15,2608
35.5,8,14,0,2498
35.5,8,14,1,2506
35.5,8,14,2,2514
35.5,8,14,3,2522
35.5,8,14,4,2530
35.5,8,14,5,2538
35.5,8,14,6,2546
35.5,8,14,7,2554
35.5,8,14,8,2562
35.5,8,14,9,2570
35.5,8,14,10,2578
35.5,8,14,11,2586
35.5,8,14,12,2593
35.5,8,14,13,2601
35.5,8,14,14,2609
35.5,8,14,15,2617
35.5,8,15,0,2506
35.5,8,15,1,2514
35.5,8,15,2,2522
35.5,8,15,3,2530
35.5,8,15,4,2538
35.5,8,15,5,2546
35.5,8,15,6,2554
35.5,8,15,7,2562
35.5,8,15,8,2570
35.5,8,15,9,2578
35.5,8,15,10,2586
35.5,8,15,11,2593
35.5,8,15,12,2601
35.5,8,15,13,2609
35.5,8,15,14,2617
35.5,8,15,15,2625
35.5,9,0,0,2398
35.5,9,0,1,2405
35.5,9,0,2,2413
35.5,9,0,3,2421
35.5,9,0,4,2428
35.5,9,0,5,2436
35.5,9,0,6,2444
35.5,9,0,7,2451
35.5,9,0,8,2459
35.5,9,0,9,2466
35.5,9,0,10,2474
35.5,9,0,11,2481
35.5,9,0,12,2489
35.5,9,0,13,2496
35.5,9,0,14,2504
35.5,9,0,15,2511
35.5,9,1,0,2406
35.5,9,1,1,2413
35.5,9,1,2,2421
35.5,9,1,3,2429
35.5,9,1,4,2436
35.5,9,1,5,2444
35.5,9,1,6,2452
35.5,9,1,7,2459
35.5,9,1,8,2467
35.5,9,1,9,2474
35.5,9,1,10,2482
35.5,9,1,11,2490
35.5,9,1,12,2497
35.5,9,1,13,2504
35.5,9,1,14,2512
35.5,9,1,15,2519
35.5,9,2,0,2414
35.5,9,2,1,2421
35.5,9,2,2,2429
35.5,9,2,3,2437
35.5,9,2,4,2445
35.5,9,2,5,2452
35.5,9,2,6,2460
35.5,9,2,7,2468
35.5,9,2,8,2475
35.5,9,2,9,2483
35.5,9,2,10,2490
35.5,9,2,11,2498
35.5,9,2,12,2505
35.5,9,2,13,2513
35.5,9,2,14,2520
35.5,9,2,15,2528
35.5,9,3,0,2422
35.5,9,3,1,2429
35.5,9,3,2,2437
35.5,9,3,3,2445
35.5,9,3,4,2453
35.5,9,3,5,2460
35.5,9,3,6,2468
35.5,9,3,7,2476
35.5,9,3,8,2483
35.5,9,3,9,2491
35.5,9,3,10,2499
35.5,9,3,11,2506
35.5,9,3,12,2514
35.5,9,3,13,2521
35.5,9,3,14,2529
35.5,9,3,15,2536
35.5,9,4,0,2430
35.5,9,4,1,2437
35.5,9,4,2,2445
35.5,9,4,3,2453
35.5,9,4,4,2461
35.5,9,4,5,2468
35.5,9,4,6,2476
35.5,9,4,7,2484
35.5,9,4,8,2491
35.5,9,4,9,2499
35.5,9,4,10,2507
35.5,9,4,11,2514
35.5,9,4,12,2522
35.5,9,4,13,2529
35.5,9,4,14,2537
35.5,9,4,15,2544
35.5,9,5,0,2437
35.5,9,5,1,2445
35.5,9,5,2,2453
35.5,9,5,3,2461
35.5,9,5,4,2469
35.5,9,5,5,2476
35.5,9,5,6,2484
35.5,9,5,7,2492
35.5,9,5,8,2500
35.5,9,5,9,2507
35.5,9,5,10,2515
35.5,9,5,11,2523
35.5,9,5,12,2530
35.5,9,5,13,2538
35.5,9,5,14,2545
35.5,9,5,15,2553
35.5,9,6,0,2445
35.5,9,6,1,2453
35.5,9,6,2,2461
35.5,9,6,3,2469
35.5,9,6,4,2477
35.5,9,6,5,2485
35.5,9,6,6,2492
35.5,9,6,7,2500
35.5,9,6,8,2508
35.5,9,6,9,2515
35.5,9,6,10,2523
35.5,9,6,11,2531
35.5,9,6,12,2538
35.5,9,6,13,2546
35.5,9,6,14,2553
35.5,9,6,15,2561
35.5,9,7,0,2453
35.5,9,7,1,2461
35.5,9,7,2,2469
35.5,9,7,3,2477
35.5,9,7,4,2485
35.5,9,7,5,2493
35.5,9,7,6,2500
35.5,9,7,7,2508
35.5,9,7,8,2516
35.5,9,7,9,2523
35.5,9,7,10,2531
35.5,9,7,11,2539
35.5,9,7,12,2546
35.5,9,7,13,2554
35.5,9,7,14,2562
35.5,9,7,15,2569
35.5,9,8,0,2461
35.5,9,8,1,2469
35.5,9,8,2,2477
35.5,9,8,3,2485
35.5,9,8,4,2493
35.5,9,8,5,2500
35.5,9,8,6,2508
35.5,9,8,7,2516
35.5,9,8,8,2524
35.5,9,8,9,2532
35.5,9,8,10,2539
35.5,9,8,11,2547
35.5,9,8,12,2555
35.5,9,8,13,2562
35.5,9,8,14,2570
35.5,9,8,15,2577
35.5,9,9,0,2469
35.5,9,9,1,2477
35.5,9,9,2,2485
35.5,9,9,3,2493
35.5,9,9,4,2501
35.5,9,9,5,2508
35.5,9,9,6,2516
35.5,9,9,7,2524
35.5,9,9,8,2532
35.5,9,9,9,2540
35.5,9,9,10,2547
35.5,9,9,11,2555
35.5,9,9,12,2563
35.5,9,9,13,2570
35.5,9,9,14,2578
35.5,9,9,15,2586
35.5,9,10,0,2477
35.5,9,10,1,2485
35.5,9,10,2,2493
35.5,9,10,3,2501
35.5,9,10,4,2508
35.5,9,10,5,2516
35.5,9,10,6,2524
35.5,9,10,7,2532
35.5,9,10,8,2540
35.5,9,10,9,2548
35.5,9,10,10,2555
35.5,9,10,11,2563
35.5,9,10,12,2571
35.5,9,10,13,2579
35.5,9,10,14,2586
35.5,9,10,15,2594
35.5,9,11,0,2485
35.5,9,11,1,2493
35.5,9,11,2,2500
35.5,9,11,3,2508
35.5,9,11,4,2516
35.5,9,11,5,2524
35.5,9,11,6,2532
35.5,9,11,7,2540
35.5,9,11,8,2548
35.5,9,11,9,2556
35.5,9,11,10,2563
35.5,9,11,11,2571
35.5,9,11,12,2579
35.5,9,11,13,2587
35.5,9,11,14,2594
35.5,9,11,15,2602
35.5,9,12,0,2492
35.5,9,12,1,2500
35.5,9,12,2,2508
35.5,9,12,3,2516
35.5,9,12,4,2524
35.5,9,12,5,2532
35.5,9,12,6,2540
35.5,9,12,7,2548
35.5,9,12,8,2556
35.5,9,12,9,2564
35.5,9,12,10,2571
35.5,9,12,11,2579
35.5,9,12,12,2587
35.5,9,12,13,2595
35.5,9,12,14,2602
35.5,9,12,15,2610
35.5,9,13,0,2500
35.5,9,13,1,2508
35.5,9,13,2,2516
35.5,9,13,3,2524
35.5,9,13,4,2532
35.5,9,13,5,2540
35.5,9,13,6,2548
35.5,9,13,7,2556
35.5,9,13,8,2564
35.5,9,13,9,2572
35.5,9,13,10,2579
35.5,9,13,11,2587
35.5,9,13,12,2595
35.5,9,13,13,2603
35.5,9,13,14,2610
35.5,9,13,15,2618
35.5,9,14,0,2508
35.5,9,14,1,2516
35.5,9,14,2,2524
35.5,9,14,3,2532
35.5,9,14,4,2540
35.5,9,14,5,2548
35.5,9,14,6,2556
35.5,9,14,7,2564
35.5,9,14,8,2572
35.5,9,14,9,2579
35.5,9,14,10,2587
35.5,9,14,11,2595
35.5,9,14,12,2603
35.5,9,14,13,2611
35.5,9,14,14,2619
35.5,9,14,15,2626
35.5,9,15,0,2515
35.5,9,15,1,2523
35.5,9,15,2,2532
35.5,9,15,3,2540
35.5,9,15,4,2548
35.5,9,15,5,2556
35.5,9,15,6,2564
35.5,9,15,7,2572
35.5,9,15,8,2579
35.5,9,15,9,2587
35.5,9,15,10,2595
35.5,9,15,11,2603
35.5,9,15,12,2611
35.5,9,15,13,2619
35.5,9,15,14,2627
35.5,9,15,15,2634
35.5,10,0,0,2406
35.5,10,0,1,2414
35.5,10,0,2,2422
35.5,10,0,3,2430
35.5,10,0,4,2437
35.5,10,0,5,2445
35.5,10,0,6,2453
35.5,10,0,7,2460
35.5,10,0,8,2468
35.5,10,0,9,2475
35.5,10,0,10,2483
35.5,10,0,11,2490
35.5,10,0,12,2498
35.5,10,0,13,2505
35.5,10,0,14,2513
35.5,10,0,15,2520
35.5,10,1,0,2415
35.5,10,1,1,2422
35.5,10,1,2,2430
35.5,10,1,3,2438
35.5,10,1,4,2445
35.5,10,1,5,2453
35.5,10,1,6,2461
35.5,10,1,7,2468
35.5,10,1,8,2476
35.5,10,1,9,2484
35.5,10,1,10,2491
35.5,10,1,11,2499
35.5,10,1,12,2506
35.5,10,1,13,2514
35.5,10,1,14,2521
35.5,10,1,15,2529
35.5,10,2,0,2423
35.5,10,2,1,2430
35.5,10,2,2,2438
35.5,10,2,3,2446
35.5,10,2,4,2454
35.5,10,2,5,2461
35.5,10,2,6,2469
35.5,10,2,7,2477
35.5,10,2,8,2484
35.5,10,2,9,2492
35.5,10,2,10,2499
35.5,10,2,11,2507
35.5,10,2,12,2515
35.5,10,2,13,2522
35.5,10,2,14,2530
35.5,10,2,15,2537
35.5,10,3,0,2431
35.5,10,3,1,2438
35.5,10,3,2,2446
35.5,10,3,3,2454
35.5,10,3,4,2462
35.5,10,3,5,2469
35.5,10,3,6,2477
35.5,10,3,7,2485
35.5,10,3,8,2493
35.5,10,3,9,2500
35.5,10,3,10,2508
35.5,10,3,11,2515
35.5,10,3,12,2523
35.5,10,3,13,2530
35.5,10,3,14,2538
35.5,10,3,15,2545
35.5,10,4,0,2439
35.5,10,4,1,2446
35.5,10,4,2,2454
35.5,10,4,3,2462
35.5,10,4,4,2470
35.5,10,4,5,2478
35.5,10,4,6,2485
35.5,10,4,7,2493
35.5,10,4,8,2501
35.5,10,4,9,2508
35.5,10,4,10,2516
35.5,10,4,11,2524
35.5,10,4,12,2531
35.5,10,4,13,2539
35.5,10,4,14,2546
35.5,10,4,15,2554
35.5,10,5,0,2447
35.5,10,5,1,2454
35.5,10,5,2,2462
35.5,10,5,3,2470
35.5,10,5,4,2478
35.5,10,5,5,2486
35.5,10,5,6,2493
35.5,10,5,7,2501
35.5,10,5,8,2509
35.5,10,5,9,2517
35.5,10,5,10,2524
35.5,10,5,11,2532
35.5,10,5,12,2539
35.5,10,5,13,2547
35.5,10,5,14,2555
35.5,10,5,15,2562
35.5,10,6,0,2454
35.5,10,6,1,2462
35.5,10,6,2,2470
35.5,10,6,3,2478
35.5,10,6,4,2486
35.5,10,6,5,2494
35.5,10,6,6,2501
35.5,10,6,7,2509
35.5,10,6,8,2517
35.5,10,6,9,2525
35.5,10,6,10,2532
35.5,10,6,11,2540
35.5,10,6,12,2548
35.5,10,6,13,2555
35.5,10,6,14,2563
35.5,10,6,15,2570
35.5,10,7,0,2462
35.5,10,7,1,2470
35.5,10,7,2,2478
35.5,10,7,3,2486
35.5,10,7,4,2494
35.5,10,7,5,2502
35.5,10,7,6,2510
35.5,10,7,7,2517
35.5,10,7,8,2525
35.5,10,7,9,2533
35.5,10,7,10,2541
35.5,10,7,11,2548
35.5,10,7,12,2556
35.5,10,7,13,2564
35.5,10,7,14,2571
35.5,10,7,15,2579
35.5,10,8,0,2470
35.5,10,8,1,2478
35.5,10,8,2,2486
35.5,10,8,3,2494
35.5,10,8,4,2502
35.5,10,8,5,2510
35.5,10,8,6,2518
35.5,10,8,7,2525
35.5,10,8,8,2533
35.5,10,8,9,2541
35.5,10,8,10,2549
35.5,10,8,11,2556
35.5,10,8,12,2564
35.5,10,8,13,2572
35.5,10,8,14,2579
35.5,10,8,15,2587
35.5,10,9,0,2478
35.5,10,9,1,2486
35.5,10,9,2,2494
35.5,10,9,3,2502
35.5,10,9,4,2510
35.5,10,9,5,2518
35.5,10,9,6,2526
35.5,10,9,7,2533
35.5,10,9,8,2541
35.5,10,9,9,2549
35.5,10,9,10,2557
35.5,10,9,11,2565
35.5,10,9,12,2572
35.5,10,9,13,2580
35.5,10,9,14,2588
35.5,10,9,15,2595
35.5,10,10,0,2486
35.5,10,10,1,2494
35.5,10,10,2,2502
35.5,10,10,3,2510
35.5,10,10,4,2518
35.5,10,10,5,2526
35.5,10,10,6,2534
35.5,10,10,7,2541
35.5,10,10,8,2549
35.5,10,10,9,2557
35.5,10,10,10,2565
35.5,10,10,11,2573
35.5,10,10,12,2580
35.5,10,10,13,2588
35.5,10,10,14,2596
35.5,10,10,15,2603
35.5,10,11,0,2494
35.5,10,11,1,2502
35.5,10,11,2,2510
35.5,10,11,3,2518
35.5,10,11,4,2526
35.5,10,11,5,2534
35.5,10,11,6,2542
35.5,10,11,7,2549
35.5,10,11,8,2557
35.5,10,11,9,2565
35.5,10,11,10,2573
35.5,10,11,11,2581
35.5,10,11,12,2588
35.5,10,11,13,2596
35.5,10,11,14,2604
35.5,10,11,15,2612
35.5,10,12,0,2501
35.5,10,12,1,2510
35.5,10,12,2,2518
35.5,10,12,3,2526
35.5,10,12,4,2534
35.5,10,12,5,2542
35.5,10,12,6,2549
35.5,10,12,7,2557
35.5,10,12,8,2565
35.5,10,12,9,2573
35.5,10,12,10,2581
35.5,10,12,11,2589
35.5,10,12,12,2597
35.5,10,12,13,2604
35.5,10,12,14,2612
35.5,10,12,15,2620
35.5,10,13,0,2509
35.5,10,13,1,2517
35.5,10,13,2,2525
35.5,10,13,3,2533
35.5,10,13,4,2541
35.5,10,13,5,2549
35.5,10,13,6,2557
35.5,10,13,7,2565
35.5,10,13,8,2573
35.5,10,13,9,2581
35.5,10,13,10,2589
35.5,10,13,11,2597
35.5,10,13,12,2605
35.5,10,13,13,2612
35.5,10,13,14,2620
35.5,10,13,15,2628
35.5,10,14,0,2517
35.5,10,14,1,2525
35.5,10,14,2,2533
35.5,10,14,3,2541
35.5,10,14,4,2549
35.5,10,14,5,2557
35.5,10,14,6,2565
35.5,10,14,7,2573
35.5,10,14,8,2581
35.5,10,14,9,2589
35.5,10,14,10,2597
35.5,10,14,11,2605
35.5,10,14,12,2613
35.5,10,14,13,2620
35.5,10,14,14,2628
35.5,10,14,15,2636
35.5,10,15,0,2525
35.5,10,15,1,2533
35.5,10,15,2,2541
35.5,10,15,3,2549
35.5,10,15,4,2557
35.5,10,15,5,2565
35.5,10,15,6,2573
35.5,10,15,7,2581
35.5,10,15,8,2589
35.5,10,15,9,2597
35.5,10,15,10,2605
35.5,10,15,11,2613
35.5,10,15,12,2621
35.5,10,15,13,2628
35.5,10,15,14,2636
35.5,10,15,15,2644
35.5,11,0,0,2415
35.5,11,0,1,2423
35.5,11,0,2,2431
35.5,11,0,3,2439
35.5,11,0,4,2446
35.5,11,0,5,2454
35.5,11,0,6,2462
35.5,11,0,7,2469
35.5,11,0,8,2477
35.5,11,0,9,2484
35.5,11,0,10,2492
35.5,11,0,11,2500
35.5,11,0,12,2507
35.5,11,0,13,2515
35.5,11,0,14,2522
35.5,11,0,15,2530
35.5,11,1,0,2423
35.5,11,1,1,2431
35.5,11,1,2,2439
35.5,11,1,3,2447
35.5,11,1,4,2455
35.5,11,1,5,2462
35.5,11,1,6,2470
35.5,11,1,7,2478
35.5,11,1,8,2485
35.5,11,1,9,2493
35.5,11,1,10,2500
35.5,11,1,11,2508
35.5,11,1,12,2516
35.5,11,1,13,2523
35.5,11,1,14,2531
35.5,11,1,15,2538
35.5,11,2,0,2431
35.5,11,2,1,2439
35.5,11,2,2,2447
35.5,11,2,3,2455
35.5,11,2,4,2463
35.5,11,2,5,2470
35.5,11,2,6,2478
35.5,11,2,7,2486
35.5,11,2,8,2493
35.5,11,2,9,2501
35.5,11,2,10,2509
35.5,11,2,11,2516
35.5,11,2,12,2524
35.5,11,2,13,2531
35.5,11,2,14,2539
35.5,11,2,15,2546
35.5,11,3,0,2440
35.5,11,3,1,2447
35.5,11,3,2,2455
35.5,11,3,3,2463
35.5,11,3,4,2471
35.5,11,3,5,2479
35.5,11,3,6,2486
35.5,11,3,7,2494
35.5,11,3,8,2502
35.5,11,3,9,2509
35.5,11,3,10,2517
35.5,11,3,11,2525
35.5,11,3,12,2532
35.5,11,3,13,2540
35.5,11,3,14,2547
35.5,11,3,15,2555
35.5,11,4,0,2448
35.5,11,4,1,2455
35.5,11,4,2,2463
35.5,11,4,3,2471
35.5,11,4,4,2479
35.5,11,4,5,2487
35.5,11,4,6,2494
35.5,11,4,7,2502
35.5,11,4,8,2510
35.5,11,4,9,2518
35.5,11,4,10,2525
35.5,11,4,11,2533
35.5,11,4,12,2541
35.5,11,4,13,2548
35.5,11,4,14,2556
35.5,11,4,15,2563
35.5,11,5,0,2456
35.5,11,5,1,2463
35.5,11,5,2,2471
35.5,11,5,3,2479
35.5,11,5,4,2487
35.5,11,5,5,2495
35.5,11,5,6,2503
35.5,11,5,7,2510
35.5,11,5,8,2518
35.5,11,5,9,2526
35.5,11,5,10,2534
35.5,11,5,11,2541
35.5,11,5,12,2549
35.5,11,5,13,2556
35.5,11,5,14,2564
35.5,11,5,15,2572
35.5,11,6,0,2463
35.5,11,6,1,2471
35.5,11,6,2,2479
35.5,11,6,3,2487
35.5,11,6,4,2495
35.5,11,6,5,2503
35.5,11,6,6,2511
35.5,11,6,7,2519
35.5,11,6,8,2526
35.5,11,6,9,2534
35.5,11,6,10,2542
35.5,11,6,11,2549
35.5,11,6,12,2557
35.5,11,6,13,2565
35.5,11,6,14,2572
35.5,11,6,15,2580
35.5,11,7,0,2471
35.5,11,7,1,2479
35.5,11,7,2,2487
35.5,11,7,3,2495
35.5,11,7,4,2503
35.5,11,7,5,2511
35.5,11,7,6,2519
35.5,11,7,7,2527
35.5,11,7,8,2534
35.5,11,7,9,2542
35.5,11,7,10,2550
35.5,11,7,11,2558
35.5,11,7,12,2565
35.5,11,7,13,2573
35.5,11,7,14,2581
35.5,11,7,15,2588
35.5,11,8,0,2479
35.5,11,8,1,2487
35.5,11,8,2,2495
35.5,11,8,3,2503
35.5,11,8,4,2511
35.5,11,8,5,2519
35.5,11,8,6,2527
35.5,11,8,7,2535
35.5,11,8,8,2543
35.5,11,8,9,2550
35.5,11,8,10,2558
35.5,11,8,11,2566
35.5,11,8,12,2574
35.5,11,8,13,2581
35.5,11,8,14,2589
35.5,11,8,15,2597
35.5,11,9,0,2487
35.5,11,9,1,2495
35.5,11,9,2,2503
35.5,11,9,3,2511
35.5,11,9,4,2519
35.5,11,9,5,2527
35.5,11,9,6,2535
35.5,11,9,7,2543
35.5,11,9,8,2551
35.5,11,9,9,2558
35.5,11,9,10,2566
35.5,11,9,11,2574
35.5,11,9,12,2582
35.5,11,9,13,2589
35.5,11,9,14,2597
35.5,11,9,15,2605
35.5,11,10,0,2495
35.5,11,10,1,2503
35.5,11,10,2,2511
35.5,11,10,3,2519
35.5,11,10,4,2527
35.5,11,10,5,2535
35.5,11,10,6,2543
35.5,11,10,7,2551
35.5,11,10,8,2559
35.5,11,10,9,2567
35.5,11,10,10,2574
35.5,11,10,11,2582
35.5,11,10,12,2590
35.5,11,10,13,2598
35.5,11,10,14,2605
35.5,11,10,15,2613
35.5,11,11,0,2503
35.5,11,11,1,2511
35.5,11,11,2,2519
35.5,11,11,3,2527
35.5,11,11,4,2535
35.5,11,11,5,2543
35.5,11,11,6,2551
35.5,11,11,7,2559
35.5,11,11,8,2567
35.5,11,11,9,2575
35.5,11,11,10,2582
35.5,11,11,11,2590
35.5,11,11,12,2598
35.5,11,11,13,2606
35.5,11,11,14,2614
35.5,11,11,15,2621
35.5,11,12,0,2511
35.5,11,12,1,2519
35.5,11,12,2,2527
35.5,11,12,3,2535
35.5,11,12,4,2543
35.5,11,12,5,2551
35.5,11,12,6,2559
35.5,11,12,7,2567
35.5,11,12,8,2575
35.5,11,12,9,2583
35.5,11,12,10,2590
35.5,11,12,11,2598
35.5,11,12,12,2606
35.5,11,12,13,2614
35.5,11,12,14,2622
35.5,11,12,15,2629
35.5,11,13,0,2519
35.5,11,13,1,2527
35.5,11,13,2,2535
35.5,11,13,3,2543
35.5,11,13,4,2551
35.5,11,13,5,2559
35.5,11,13,6,2567
35.5,11,13,7,2575
35.5,11,13,8,2583
35.5,11,13,9,2591
35.5,11,13,10,2599
35.5,11,13,11,2606
35.5,11,13,12,2614
35.5,11,13,13,2622
35.5,11,13,14,2630
35.5,11,13,15,2638
35.5,11,14,0,2526
35.5,11,14,1,2534
35.5,11,14,2,2543
35.5,11,14,3,2551
35.5,11,14,4,2559
35.5,11,14,5,2567
35.5,11,14,6,2575
35.5,11,14,7,2583
35.5,11,14,8,2591
35.5,11,14,9,2599
35.5,11,14,10,2607
35.5,11,14,11,2614
35.5,11,14,12,2622
35.5,11,14,13,2630
35.5,11,14,14,2638
35.5,11,14,15,2646
35.5,11,15,0,2534
35.5,11,15,1,2542
35.5,11,15,2,2550
35.5,11,15,3,2558
35.5,11,15,4,2567
35.5,11,15,5,2575
35.5,11,15,6,2583
35.5,11,15,7,2591
35.5,11,15,8,2599
35.5,11,15,9,2607
35.5,11,15,10,2615
35.5,11,15,11,2622
35.5,11,15,12,2630
35.5,11,15,13,2638
35.5,11,15,14,2646
35.5,11,15,15,2654
35.5,12,0,0,2424
35.5,12,0,1,2432
35.5,12,0,2,2440
35.5,12,0,3,2448
35.5,12,0,4,2455
35.5,12,0,5,2463
35.5,12,0,6,2471
35.5,12,0,7,2478
35.5,12,0,8,2486
35.5,12,0,9,2494
35.5,12,0,10,2501
35.5,12,0,11,2509
35.5,12,0,12,2516
35.5,12,0,13,2524
35.5,12,0,14,2531
35.5,12,0,15,2539
35.5,12,1,0,2432
35.5,12,1,1,2440
35.5,12,1,2,2448
35.5,12,1,3,2456
35.5,12,1,4,2464
35.5,12,1,5,2471
35.5,12,1,6,2479
35.5,12,1,7,2487
35.5,12,1,8,2494
35.5,12,1,9,2502
35.5,12,1,10,2510
35.5,12,1,11,2517
35.5,12,1,12,2525
35.5,12,1,13,2532
35.5,12,1,14,2540
35.5,12,1,15,2547
35.5,12,2,0,2440
35.5,12,2,1,2448
35.5,12,2,2,2456
35.5,12,2,3,2464
35.5,12,2,4,2472
35.5,12,2,5,2479
35.5,12,2,6,2487
35.5,12,2,7,2495
35.5,12,2,8,2503
35.5,12,2,9,2510
35.5,12,2,10,2518
35.5,12,2,11,2526
35.5,12,2,12,2533
35.5,12,2,13,2541
35.5,12,2,14,2548
35.5,12,2,15,2556
35.5,12,3,0,2449
35.5,12,3,1,2456
35.5,12,3,2,2464
35.5,12,3,3,2472
35.5,12,3,4,2480
35.5,12,3,5,2488
35.5,12,3,6,2495
35.5,12,3,7,2503
35.5,12,3,8,2511
35.5,12,3,9,2519
35.5,12,3,10,2526
35.5,12,3,11,2534
35.5,12,3,12,2542
35.5,12,3,13,2549
35.5,12,3,14,2557
35.5,12,3,15,2564
35.5,12,4,0,2457
35.5,12,4,1,2464
35.5,12,4,2,2472
35.5,12,4,3,2480
35.5,12,4,4,2488
35.5,12,4,5,2496
35.5,12,4,6,2504
35.5,12,4,7,2511
35.5,12,4,8,2519
35.5,12,4,9,2527
35.5,12,4,10,2535
35.5,12,4,11,2542
35.5,12,4,12,2550
35.5,12,4,13,2558
35.5,12,4,14,2565
35.5,12,4,15,2573
35.5,12,5,0,2465
35.5,12,5,1,2473
35.5,12,5,2,2480
35.5,12,5,3,2488
35.5,12,5,4,2496
35.5,12,5,5,2504
35.5,12,5,6,2512
35.5,12,5,7,2520
35.5,12,5,8,2527
35.5,12,5,9,2535
35.5,12,5,10,2543
35.5,12,5,11,2551
35.5,12,5,12,2558
35.5,12,5,13,2566
35.5,12,5,14,2573
35.5,12,5,15,2581
35.5,12,6,0,2473
35.5,12,6,1,2481
35.5,12,6,2,2488
35.5,12,6,3,2496
35.5,12,6,4,2504
35.5,12,6,5,2512
35.5,12,6,6,2520
35.5,12,6,7,2528
35.5,12,6,8,2536
35.5,12,6,9,2543
35.5,12,6,10,2551
35.5,12,6,11,2559
35.5,12,6,12,2567
35.5,12,6,13,2574
35.5,12,6,14,2582
35.5,12,6,15,2589
35.5,12,7,0,2481
35.5,12,7,1,2489
35.5,12,7,2,2496
35.5,12,7,3,2504
35.5,12,7,4,2512
35.5,12,7,5,2520
35.5,12,7,6,2528
35.5,12,7,7,2536
35.5,12,7,8,2544
35.5,12,7,9,2552
35.5,12,7,10,2559
35.5,12,7,11,2567
35.5,12,7,12,2575
35.5,12,7,13,2582
35.5,12,7,14,2590
35.5,12,7,15,2598
35.5,12,8,0,2488
35.5,12,8,1,2496
35.5,12,8,2,2504
35.5,12,8,3,2512
35.5,12,8,4,2520
35.5,12,8,5,2528
35.5,12,8,6,2536
35.5,12,8,7,2544
35.5,12,8,8,2552
35.5,12,8,9,2560
35.5,12,8,10,2567
35.5,12,8,11,2575
35.5,12,8,12,2583
35.5,12,8,13,2591
35.5,12,8,14,2598
35.5,12,8,15,2606
35.5,12,9,0,2496
35.5,12,9,1,2504
35.5,12,9,2,2512
35.5,12,9,3,2520
35.5,12,9,4,2528
35.5,12,9,5,2536
35.5,12,9,6,2544
35.5,12,9,7,2552
35.5,12,9,8,2560
35.5,12,9,9,2568
35.5,12,9,10,2576
35.5,12,9,11,2583
35.5,12,9,12,2591
35.5,12,9,13,2599
35.5,12,9,14,2607
35.5,12,9,15,2614
35.5,12,10,0,2504
35.5,12,10,1,2512
35.5,12,10,2,2520
35.5,12,10,3,2528
35.5,12,10,4,2536
35.5,12,10,5,2544
35.5,12,10,6,2552
35.5,12,10,7,2560
35.5,12,10,8,2568
35.5,12,10,9,2576
35.5,12,10,10,2584
35.5,12,10,11,2592
35.5,12,10,12,2599
35.5,12,10,13,2607
35.5,12,10,14,2615
35.5,12,10,15,2623
35.5,12,11,0,2512
35.5,12,11,1,2520
35.5,12,11,2,2528
35.5,12,11,3,2536
35.5,12,11,4,2544
35.5,12,11,5,2552
35.5,12,11,6,2560
35.5,12,11,7,2568
35.5,12,11,8,2576
35.5,12,11,9,2584
35.5,12,11,10,2592
35.5,12,11,11,2600
35.5,12,11,12,2608
35.5,12,11,13,2615
35.5,12,11,14,2623
35.5,12,11,15,2631
35.5,12,12,0,2520
35.5,12,12,1,2528
35.5,12,12,2,2536
35.5,12,12,3,2544
35.5,12,12,4,2552
35.5,12,12,5,2560
35.5,12,12,6,2568
35.5,12,12,7,2576
35.5,12,12,8,2584
35.5,12,12,9,2592
35.5,12,12,10,2600
35.5,12,12,11,2608
35.5,12,12,12,2616
35.5,12,12,13,2624
35.5,12,12,14,2631
35.5,12,12,15,2639
35.5,12,13,0,2528
35.5,12,13,1,2536
35.5,12,13,2,2544
35.5,12,13,3,2552
35.5,12,13,4,2560
35.5,12,13,5,2568
35.5,12,13,6,2576
35.5,12,13,7,2584
35.5,12,13,8,2592
35.5,12,13,9,2600
35.5,12,13,10,2608
35.5,12,13,11,2616
35.5,12,13,12,2624
35.5,12,13,13,2632
35.5,12,13,14,2639
35.5,12,13,15,2647
35.5,12,14,0,2536
35.5,12,14,1,2544
35.5,12,14,2,2552
35.5,12,14,3,2560
35.5,12,14,4,2568
35.5,12,14,5,2576
35.5,12,14,6,2584
35.5,12,14,7,2592
35.5,12,14,8,2600
35.5,12,14,9,2608
35.5,12,14,10,2616
35.5,12,14,11,2624
35.5,12,14,12,2632
35.5,12,14,13,2640
35.5,12,14,14,2648
35.5,12,14,15,2655
35.5,12,15,0,2543
35.5,12,15,1,2552
35.5,12,15,2,2560
35.5,12,15,3,2568
35.5,12,15,4,2576
35.5,12,15,5,2584
35.5,12,15,6,2592
35.5,12,15,7,2600
35.5,12,15,8,2608
35.5,12,15,9,2616
35.5,12,15,10,2624
35.5,12,15,11,2632
35.5,12,15,12,2640
35.5,12,15,13,2648
35.5,12,15,14,2656
35.5,12,15,15,2664
35.5,13,0,0,2433
35.5,13,0,1,2441
35.5,13,0,2,2449
35.5,13,0,3,2457
35.5,13,0,4,2464
35.5,13,0,5,2472
35.5,13,0,6,2480
35.5,13,0,7,2487
35.5,13,0,8,2495
35.5,13,0,9,2503
35.5,13,0,10,2510
35.5,13,0,11,2518
35.5,13,0,12,2526
35.5,13,0,13,2533
35.5,13,0,14,2541
35.5,13,0,15,2548
35.5,13,1,0,2441
35.5,13,1,1,2449
35.5,13,1,2,2457
35.5,13,1,3,2465
35.5,13,1,4,2473
35.5,13,1,5,2480
35.5,13,1,6,2488
35.5,13,1,7,2496
35.5,13,1,8,2503
35.5,13,1,9,2511
35.5,13,1,10,2519
35.5,13,1,11,2526
35.5,13,1,12,2534
35.5,13,1,13,2542
35.5,13,1,14,2549
35.5,13,1,15,2557
35.5,13,2,0,2449
35.5,13,2,1,2457
35.5,13,2,2,2465
35.5,13,2,3,2473
35.5,13,2,4,2481
35.5,13,2,5,2489
35.5,13,2,6,2496
35.5,13,2,7,2504
35.5,13,2,8,2512
35.5,13,2,9,2519
35.5,13,2,10,2527
35.5,13,2,11,2535
35.5,13,2,12,2542
35.5,13,2,13,2550
35.5,13,2,14,2558
35.5,13,2,15,2565
35.5,13,3,0,2457
35.5,13,3,1,2465
35.5,13,3,2,2473
35.5,13,3,3,2481
35.5,13,3,4,2489
35.5,13,3,5,2497
35.5,13,3,6,2505
35.5,13,3,7,2512
35.5,13,3,8,2520
35.5,13,3,9,2528
35.5,13,3,10,2536
35.5,13,3,11,2543
35.5,13,3,12,2551
35.5,13,3,13,2558
35.5,13,3,14,2566
35.5,13,3,15,2574
35.5,13,4,0,2466
35.5,13,4,1,2473
35.5,13,4,2,2481
35.5,13,4,3,2489
35.5,13,4,4,2497
35.5,13,4,5,2505
35.5,13,4,6,2513
35.5,13,4,7,2521
35.5,13,4,8,2528
35.5,13,4,9,2536
35.5,13,4,10,2544
35.5,13,4,11,2552
35.5,13,4,12,2559
35.5,13,4,13,2567
35.5,13,4,14,2575
35.5,13,4,15,2582
35.5,13,5,0,2474
35.5,13,5,1,2482
35.5,13,5,2,2490
35.5,13,5,3,2497
35.5,13,5,4,2505
35.5,13,5,5,2513
35.5,13,5,6,2521
35.5,13,5,7,2529
35.5,13,5,8,2537
35.5,13,5,9,2544
35.5,13,5,10,2552
35.5,13,5,11,2560
35.5,13,5,12,2568
35.5,13,5,13,2575
35.5,13,5,14,2583
35.5,13,5,15,2591
35.5,13,6,0,2482
35.5,13,6,1,2490
35.5,13,6,2,2498
35.5,13,6,3,2506
35.5,13,6,4,2513
35.5,13,6,5,2521
35.5,13,6,6,2529
35.5,13,6,7,2537
35.5,13,6,8,2545
35.5,13,6,9,2553
35.5,13,6,10,2560
35.5,13,6,11,2568
35.5,13,6,12,2576
35.5,13,6,13,2584
35.5,13,6,14,2591
35.5,13,6,15,2599
35.5,13,7,0,2490
35.5,13,7,1,2498
35.5,13,7,2,2506
35.5,13,7,3,2514
35.5,13,7,4,2522
35.5,13,7,5,2529
35.5,13,7,6,2537
35.5,13,7,7,2545
35.5,13,7,8,2553
35.5,13,7,9,2561
35.5,13,7,10,2569
35.5,13,7,11,2576
35.5,13,7,12,2584
35.5,13,7,13,2592
35.5,13,7,14,2600
35.5,13,7,15,2607
35.5,13,8,0,2498
35.5,13,8,1,2506
35.5,13,8,2,2514
35.5,13,8,3,2522
35.5,13,8,4,2530
35.5,13,8,5,2538
35.5,13,8,6,2545
35.5,13,8,7,2553
35.5,13,8,8,2561
35.5,13,8,9,2569
35.5,13,8,10,2577
35.5,13,8,11,2585
35.5,13,8,12,2592
35.5,13,8,13,2600
35.5,13,8,14,2608
35.5,13,8,15,2616
35.5,13,9,0,2506
35.5,13,9,1,2514
35.5,13,9,2,2522
35.5,13,9,3,2530
35.5,13,9,4,2538
35.5,13,9,5,2546
35.5,13,9,6,2554
35.5,13,9,7,2561
35.5,13,9,8,2569
35.5,13,9,9,2577
35.5,13,9,10,2585
35.5,13,9,11,2593
35.5,13,9,12,2601
35.5,13,9,13,2608
35.5,13,9,14,2616
35.5,13,9,15,2624
35.5,13,10,0,2513
35.5,13,10,1,2522
35.5,13,10,2,2530
35.5,13,10,3,2538
35.5,13,10,4,2546
35.5,13,10,5,2554
35.5,13,10,6,2562
35.5,13,10,7,2570
35.5,13,10,8,2577
35.5,13,10,9,2585
35.5,13,10,10,2593
35.5,13,10,11,2601
35.5,13,10,12,2609
35.5,13,10,13,2617
35.5,13,10,14,2625
35.5,13,10,15,2632
35.5,13,11,0,2521
35.5,13,11,1,2529
35.5,13,11,2,2538
35.5,13,11,3,2546
35.5,13,11,4,2554
35.5,13,11,5,2562
35.5,13,11,6,2570
35.5,13,11,7,2578
35.5,13,11,8,2586
35.5,13,11,9,2594
35.5,13,11,10,2601
35.5,13,11,11,2609
35.5,13,11,12,2617
35.5,13,11,13,2625
35.5,13,11,14,2633
35.5,13,11,15,2641
35.5,13,12,0,2529
35.5,13,12,1,2537
35.5,13,12,2,2545
35.5,13,12,3,2554
35.5,13,12,4,2562
35.5,13,12,5,2570
35.5,13,12,6,2578
35.5,13,12,7,2586
35.5,13,12,8,2594
35.5,13,12,9,2602
35.5,13,12,10,2610
35.5,13,12,11,2617
35.5,13,12,12,2625
35.5,13,12,13,2633
35.5,13,12,14,2641
35.5,13,12,15,2649
35.5,13,13,0,2537
35.5,13,13,1,2545
35.5,13,13,2,2553
35.5,13,13,3,2561
35.5,13,13,4,2570
35.5,13,13,5,2578
35.5,13,13,6,2586
35.5,13,13,7,2594
35.5,13,13,8,2602
35.5,13,13,9,2610
35.5,13,13,10,2618
35.5,13,13,11,2626
35.5,13,13,12,2633
35.5,13,13,13,2641
35.5,13,13,14,2649
35.5,13,13,15,2657
35.5,13,14,0,2545
35.5,13,14,1,2553
35.5,13,14,2,2561
35.5,13,14,3,2569
35.5,13,14,4,2577
35.5,13,14,5,2586
35.5,13,14,6,2594
35.5,13,14,7,2602
35.5,13,14,8,2610
35.5,13,14,9,2618
35.5,13,14,10,2626
35.5,13,14,11,2634
35.5,13,14,12,2642
35.5,13,14,13,2649
35.5,13,14,14,2657
35.5,13,14,15,2665
35.5,13,15,0,2553
35.5,13,15,1,2561
35.5,13,15,2,2569
35.5,13,15,3,2577
35.5,13,15,4,2585
35.5,13,15,5,2594
35.5,13,15,6,2602
35.5,13,15,7,2610
35.5,13,15,8,2618
35.5,13,15,9,2626
35.5,13,15,10,2634
35.5,13,15,11,2642
35.5,13,15,12,2650
35.5,13,15,13,2658
35.5,13,15,14,2665
35.5,13,15,15,2673
35.5,14,0,0,2442
35.5,14,0,1,2450
35.5,14,0,2,2458
35.5,14,0,3,2466
35.5,14,0,4,2473
35.5,14,0,5,2481
35.5,14,0,6,2489
35.5,14,0,7,2497
35.5,14,0,8,2504
35.5,14,0,9,2512
35.5,14,0,10,2520
35.5,14,0,11,2527
35.5,14,0,12,2535
35.5,14,0,13,2542
35.5,14,0,14,2550
35.5,14,0,15,2557
35.5,14,1,0,2450
35.5,14,1,1,2458
35.5,14,1,2,2466
35.5,14,1,3,2474
35.5,14,1,4,2482
35.5,14,1,5,2489
35.5,14,1,6,2497
35.5,14,1,7,2505
35.5,14,1,8,2513
35.5,14,1,9,2520
35.5,14,1,10,2528
35.5,14,1,11,2536
35.5,14,1,12,2543
35.5,14,1,13,2551
35.5,14,1,14,2558
35.5,14,1,15,2566
35.5,14,2,0,2458
35.5,14,2,1,2466
35.5,14,2,2,2474
35.5,14,2,3,2482
35.5,14,2,4,2490
35.5,14,2,5,2498
35.5,14,2,6,2505
35.5,14,2,7,2513
35.5,14,2,8,2521
35.5,14,2,9,2529
35.5,14,2,10,2536
35.5,14,2,11,2544
35.5,14,2,12,2552
35.5,14,2,13,2559
35.5,14,2,14,2567
35.5,14,2,15,2575
35.5,14,3,0,2466
35.5,14,3,1,2474
35.5,14,3,2,2482
35.5,14,3,3,2490
35.5,14,3,4,2498
35.5,14,3,5,2506
35.5,14,3,6,2514
35.5,14,3,7,2522
35.5,14,3,8,2529
35.5,14,3,9,2537
35.5,14,3,10,2545
35.5,14,3,11,2552
35.5,14,3,12,2560
35.5,14,3,13,2568
35.5,14,3,14,2575
35.5,14,3,15,2583
35.5,14,4,0,2475
35.5,14,4,1,2483
35.5,14,4,2,2490
35.5,14,4,3,2498
35.5,14,4,4,2506
35.5,14,4,5,2514
35.5,14,4,6,2522
35.5,14,4,7,2530
35.5,14,4,8,2538
35.5,14,4,9,2545
35.5,14,4,10,2553
35.5,14,4,11,2561
35.5,14,4,12,2569
35.5,14,4,13,2576
35.5,14,4,14,2584
35.5,14,4,15,2592
35.5,14,5,0,2483
35.5,14,5,1,2491
35.5,14,5,2,2499
35.5,14,5,3,2507
35.5,14,5,4,2514
35.5,14,5,5,2522
35.5,14,5,6,2530
35.5,14,5,7,2538
35.5,14,5,8,2546
35.5,14,5,9,2554
35.5,14,5,10,2561
35.5,14,5,11,2569
35.5,14,5,12,2577
35.5,14,5,13,2585
35.5,14,5,14,2592
35.5,14,5,15,2600
35.5,14,6,0,2491
35.5,14,6,1,2499
35.5,14,6,2,2507
35.5,14,6,3,2515
35.5,14,6,4,2523
35.5,14,6,5,2531
35.5,14,6,6,2538
35.5,14,6,7,2546
35.5,14,6,8,2554
35.5,14,6,9,2562
35.5,14,6,10,2570
35.5,14,6,11,2578
35.5,14,6,12,2585
35.5,14,6,13,2593
35.5,14,6,14,2601
35.5,14,6,15,2608
35.5,14,7,0,2499
35.5,14,7,1,2507
35.5,14,7,2,2515
35.5,14,7,3,2523
35.5,14,7,4,2531
35.5,14,7,5,2539
35.5,14,7,6,2547
35.5,14,7,7,2555
35.5,14,7,8,2562
35.5,14,7,9,2570
35.5,14,7,10,2578
35.5,14,7,11,2586
35.5,14,7,12,2594
35.5,14,7,13,2601
35.5,14,7,14,2609
35.5,14,7,15,2617
35.5,14,8,0,2507
35.5,14,8,1,2515
35.5,14,8,2,2523
35.5,14,8,3,2531
35.5,14,8,4,2539
35.5,14,8,5,2547
35.5,14,8,6,2555
35.5,14,8,7,2563
35.5,14,8,8,2571
35.5,14,8,9,2578
35.5,14,8,10,2586
35.5,14,8,11,2594
35.5,14,8,12,2602
35.5,14,8,13,2610
35.5,14,8,14,2617
35.5,14,8,15,2625
35.5,14,9,0,2515
35.5,14,9,1,2523
35.5,14,9,2,2531
35.5,14,9,3,2539
35.5,14,9,4,2547
35.5,14,9,5,2555
35.5,14,9,6,2563
35.5,14,9,7,2571
35.5,14,9,8,2579
35.5,14,9,9,2587
35.5,14,9,10,2595
35.5,14,9,11,2602
35.5,14,9,12,2610
35.5,14,9,13,2618
35.5,14,9,14,2626
35.5,14,9,15,2634
35.5,14,10,0,2523
35.5,14,10,1,2531
35.5,14,10,2,2539
35.5,14,10,3,2547
35.5,14,10,4,2555
35.5,14,10,5,2563
35.5,14,10,6,2571
35.5,14,10,7,2579
35.5,14,10,8,2587
35.5,14,10,9,2595
35.5,14,10,10,2603
35.5,14,10,11,2611
35.5,14,10,12,2618
35.5,14,10,13,2626
35.5,14,10,14,2634
35.5,14,10,15,2642
35.5,14,11,0,2531
35.5,14,11,1,2539
35.5,14,11,2,2547
35.5,14,11,3,2555
35.5,14,11,4,2563
35.5,14,11,5,2571
35.5,14,11,6,2579
35.5,14,11,7,2587
35.5,14,11,8,2595
35.5,14,11,9,2603
35.5,14,11,10,2611
35.5,14,11,11,2619
35.5,14,11,12,2627
35.5,14,11,13,2635
35.5,14,11,14,2642
35.5,14,11,15,2650
35.5,14,12,0,2538
35.5,14,12,1,2547
35.5,14,12,2,2555
35.5,14,12,3,2563
35.5,14,12,4,2571
35.5,14,12,5,2579
35.5,14,12,6,2587
35.5,14,12,7,2595
35.5,14,12,8,2603
35.5,14,12,9,2611
35.5,14,12,10,2619
35.5,14,12,11,2627
35.5,14,12,12,2635
35.5,14,12,13,2643
35.5,14,12,14,2651
35.5,14,12,15,2658
35.5,14,13,0,2546
35.5,14,13,1,2555
35.5,14,13,2,2563
35.5,14,13,3,2571
35.5,14,13,4,2579
35.5,14,13,5,2587
35.5,14,13,6,2595
35.5,14,13,7,2603
35.5,14,13,8,2611
35.5,14,13,9,2619
35.5,14,13,10,2627
35.5,14,13,11,2635
35.5,14,13,12,2643
35.5,14,13,13,2651
35.5,14,13,14,2659
35.5,14,13,15,2667
35.5,14,14,0,2554
35.5,14,14,1,2562
35.5,14,14,2,2571
35.5,14,14,3,2579
35.5,14,14,4,2587
35.5,14,14,5,2595
35.5,14,14,6,2603
35.5,14,14,7,2611
35.5,14,14,8,2619
35.5,14,14,9,2627
35.5,14,14,10,2635
35.5,14,14,11,2643
35.5,14,14,12,2651
35.5,14,14,13,2659
35.5,14,14,14,2667
35.5,14,14,15,2675
35.5,14,15,0,2562
35.5,14,15,1,2570
35.5,14,15,2,2578
35.5,14,15,3,2587
35.5,14,15,4,2595
35.5,14,15,5,2603
35.5,14,15,6,2611
35.5,14,15,7,2619
35.5,14,15,8,2627
35.5,14,15,9,2635
35.5,14,15,10,2643
35.5,14,15,11,2651
35.5,14,15,12,2659
35.5,14,15,13,2667
35.5,14,15,14,2675
35.5,14,15,15,2683
35.5,15,0,0,2451
35.5,15,0,1,2459
35.5,15,0,2,2467
35.5,15,0,3,2474
35.5,15,0,4,2482
35.5,15,0,5,2490
35.5,15,0,6,2498
35.5,15,0,7,2506
35.5,15,0,8,2513
35.5,15,0,9,2521
35.5,15,0,10,2529
35.5,15,0,11,2536
35.5,15,0,12,2544
35.5,15,0,13,2552
35.5,15,0,14,2559
35.5,15,0,15,2567
35.5,15,1,0,2459
35.5,15,1,1,2467
35.5,15,1,2,2475
35.5,15,1,3,2483
35.5,15,1,4,2491
35.5,15,1,5,2498
35.5,15,1,6,2506
35.5,15,1,7,2514
35.5,15,1,8,2522
35.5,15,1,9,2529
35.5,15,1,10,2537
35.5,15,1,11,2545
35.5,15,1,12,2553
35.5,15,1,13,2560
35.5,15,1,14,2568
35.5,15,1,15,2575
35.5,15,2,0,2467
35.5,15,2,1,2475
35.5,15,2,2,2483
35.5,15,2,3,2491
35.5,15,2,4,2499
35.5,15,2,5,2507
35.5,15,2,6,2515
35.5,15,2,7,2522
35.5,15,2,8,2530
35.5,15,2,9,2538
35.5,15,2,10,2546
35.5,15,2,11,2553
35.5,15,2,12,2561
35.5,15,2,13,2569
35.5,15,2,14,2576
35.5,15,2,15,2584
35.5,15,3,0,2475
35.5,15,3,1,2483
35.5,15,3,2,2491
35.5,15,3,3,2499
35.5,15,3,4,2507
35.5,15,3,5,2515
35.5,15,3,6,2523
35.5,15,3,7,2531
35.5,15,3,8,2539
35.5,15,3,9,2546
35.5,15,3,10,2554
35.5,15,3,11,2562
35.5,15,3,12,2569
35.5,15,3,13,2577
35.5,15,3,14,2585
35.5,15,3,15,2592
35.5,15,4,0,2484
35.5,15,4,1,2492
35.5,15,4,2,2500
35.5,15,4,3,2507
35.5,15,4,4,2515
35.5,15,4,5,2523
35.5,15,4,6,2531
35.5,15,4,7,2539
35.5,15,4,8,2547
35.5,15,4,9,2555
35.5,15,4,10,2562
35.5,15,4,11,2570
35.5,15,4,12,2578
35.5,15,4,13,2586
35.5,15,4,14,2593
35.5,15,4,15,2601
35.5,15,5,0,2492
35.5,15,5,1,2500
35.5,15,5,2,2508
35.5,15,5,3,2516
35.5,15,5,4,2524
35.5,15,5,5,2532
35.5,15,5,6,2539
35.5,15,5,7,2547
35.5,15,5,8,2555
35.5,15,5,9,2563
35.5,15,5,10,2571
35.5,15,5,11,2579
35.5,15,5,12,2586
35.5,15,5,13,2594
35.5,15,5,14,2602
35.5,15,5,15,2609
35.5,15,6,0,2500
35.5,15,6,1,2508
35.5,15,6,2,2516
35.5,15,6,3,2524
35.5,15,6,4,2532
35.5,15,6,5,2540
35.5,15,6,6,2548
35.5,15,6,7,2556
35.5,15,6,8,2563
35.5,15,6,9,2571
35.5,15,6,10,2579
35.5,15,6,11,2587
35.5,15,6,12,2595
35.5,15,6,13,2602
35.5,15,6,14,2610
35.5,15,6,15,2618
35.5,15,7,0,2508
35.5,15,7,1,2516
35.5,15,7,2,2524
35.5,15,7,3,2532
35.5,15,7,4,2540
35.5,15,7,5,2548
35.5,15,7,6,2556
35.5,15,7,7,2564
35.5,15,7,8,2572
35.5,15,7,9,2580
35.5,15,7,10,2587
35.5,15,7,11,2595
35.5,15,7,12,2603
35.5,15,7,13,2611
35.5,15,7,14,2619
35.5,15,7,15,2626
35.5,15,8,0,2516
35.5,15,8,1,2524
35.5,15,8,2,2532
35.5,15,8,3,2540
35.5,15,8,4,2548
35.5,15,8,5,2556
35.5,15,8,6,2564
35.5,15,8,7,2572
35.5,15,8,8,2580
35.5,15,8,9,2588
35.5,15,8,10,2596
35.5,15,8,11,2604
35.5,15,8,12,2611
35.5,15,8,13,2619
35.5,15,8,14,2627
35.5,15,8,15,2635
35.5,15,9,0,2524
35.5,15,9,1,2532
35.5,15,9,2,2540
35.5,15,9,3,2548
35.5,15,9,4,2556
35.5,15,9,5,2564
35.5,15,9,6,2572
35.5,15,9,7,2580
35.5,15,9,8,2588
35.5,15,9,9,2596
35.5,15,9,10,2604
35.5,15,9,11,2612
35.5,15,9,12,2620
35.5,15,9,13,2628
35.5,15,9,14,2635
35.5,15,9,15,2643
35.5,15,10,0,2532
35.5,15,10,1,2540
35.5,15,10,2,2548
35.5,15,10,3,2556
35.5,15,10,4,2564
35.5,15,10,5,2572
35.5,15,10,6,2580
35.5,15,10,7,2588
35.5,15,10,8,2596
35.5,15,10,9,2604
35.5,15,10,10,2612
35.5,15,10,11,2620
35.5,15,10,12,2628
35.5,15,10,13,2636
35.5,15,10,14,2644
35.5,15,10,15,2651
35.5,15,11,0,2540
35.5,15,11,1,2548
35.5,15,11,2,2556
35.5,15,11,3,2564
35.5,15,11,4,2572
35.5,15,11,5,2580
35.5,15,11,6,2588
35.5,15,11,7,2596
35.5,15,11,8,2604
35.5,15,11,9,2612
35.5,15,11,10,2620
35.5,15,11,11,2628
35.5,15,11,12,2636
35.5,15,11,13,2644
35.5,15,11,14,2652
35.5,15,11,15,2660
35.5,15,12,0,2548
35.5,15,12,1,2556
35.5,15,12,2,2564
35.5,15,12,3,2572
35.5,15,12,4,2580
35.5,15,12,5,2588
35.5,15,12,6,2597
35.5,15,12,7,2605
35.5,15,12,8,2613
35.5,15,12,9,2621
35.5,15,12,10,2629
35.5,15,12,11,2637
35.5,15,12,12,2644
35.5,15,12,13,2652
35.5,15,12,14,2660
35.5,15,12,15,2668
35.5,15,13,0,2556
35.5,15,13,1,2564
35.5,15,13,2,2572
35.5,15,13,3,2580
35.5,15,13,4,2588
35.5,15,13,5,2596
35.5,15,13,6,2605
35.5,15,13,7,2613
35.5,15,13,8,2621
35.5,15,13,9,2629
35.5,15,13,10,2637
35.5,15,13,11,2645
35.5,15,13,12,2653
35.5,15,13,13,2661
35.5,15,13,14,2669
35.5,15,13,15,2676
35.5,15,14,0,2563
35.5,15,14,1,2572
35.5,15,14,2,2580
35.5,15,14,3,2588
35.5,15,14,4,2596
35.5,15,14,5,2604
35.5,15,14,6,2613
35.5,15,14,7,2621
35.5,15,14,8,2629
35.5,15,14,9,2637
35.5,15,14,10,2645
35.5,15,14,11,2653
35.5,15,14,12,2661
35.5,15,14,13,2669
35.5,15,14,14,2677
35.5,15,14,15,2685
35.5,15,15,0,2571
35.5,15,15,1,2580
35.5,15,15,2,2588
35.5,15,15,3,2596
35.5,15,15,4,2604
35.5,15,15,5,2612
35.5,15,15,6,2621
35.5,15,15,7,2629
35.5,15,15,8,2637
35.5,15,15,9,2645
35.5,15,15,10,2653
35.5,15,15,11,2661
35.5,15,15,12,2669
35.5,15,15,13,2677
35.5,15,15,14,2685
35.5,15,15,15,2693
36.0,0,0,0,2335
36.0,0,0,1,2343
36.0,0,0,2,2350
36.0,0,0,3,2358
36.0,0,0,4,2365
36.0,0,0,5,2373
36.0,0,0,6,2380
36.0,0,0,7,2387
36.0,0,0,8,2395
36.0,0,0,9,2402
36.0,0,0,10,2409
36.0,0,0,11,2417
36.0,0,0,12,2424
36.0,0,0,13,2431
36.0,0,0,14,2439
36.0,0,0,15,2446
36.0,0,1,0,2343
36.0,0,1,1,2351
36.0,0,1,2,2358
36.0,0,1,3,2366
36.0,0,1,4,2373
36.0,0,1,5,2381
36.0,0,1,6,2388
36.0,0,1,7,2395
36.0,0,1,8,2403
36.0,0,1,9,2410
36.0,0,1,10,2418
36.0,0,1,11,2425
36.0,0,1,12,2432
36.0,0,1,13,2439
36.0,0,1,14,2447
36.0,0,1,15,2454
36.0,0,2,0,2351
36.0,0,2,1,2359
36.0,0,2,2,2366
36.0,0,2,3,2374
36.0,0,2,4,2381
36.0,0,2,5,2389
36.0,0,2,6,2396
36.0,0,2,7,2403
36.0,0,2,8,2411
36.0,0,2,9,2418
36.0,0,2,10,2426
36.0,0,2,11,2433
36.0,0,2,12,2440
36.0,0,2,13,2448
36.0,0,2,14,2455
36.0,0,2,15,2462
36.0,0,3,0,2359
36.0,0,3,1,2366
36.0,0,3,2,2374
36.0,0,3,3,2381
36.0,0,3,4,2389
36.0,0,3,5,2396
36.0,0,3,6,2404
36.0,0,3,7,2411
36.0,0,3,8,2419
36.0,0,3,9,2426
36.0,0,3,10,2434
36.0,0,3,11,2441
36.0,0,3,12,2448
36.0,0,3,13,2456
36.0,0,3,14,2463
36.0,0,3,15,2470
36.0,0,4,0,2366
36.0,0,4,1,2374
36.0,0,4,2,2382
36.0,0,4,3,2389
36.0,0,4,4,2397
36.0,0,4,5,2404
36.0,0,4,6,2412
36.0,0,4,7,2419
36.0,0,4,8,2427
36.0,0,4,9,2434
36.0,0,4,10,2442
36.0,0,4,11,2449
36.0,0,4,12,2456
36.0,0,4,13,2464
36.0,0,4,14,2471
36.0,0,4,15,2478
36.0,0,5,0,2374
36.0,0,5,1,2382
36.0,0,5,2,2389
36.0,0,5,3,2397
36.0,0,5,4,2405
36.0,0,5,5,2412
36.0,0,5,6,2420
36.0,0,5,7,2427
36.0,0,5,8,2435
36.0,0,5,9,2442
36.0,0,5,10,2450
36.0,0,5,11,2457
36.0,0,5,12,2464
36.0,0,5,13,2472
36.0,0,5,14,2479
36.0,0,5,15,2486
36.0,0,6,0,2382
36.0,0,6,1,2390
36.0,0,6,2,2397
36.0,0,6,3,2405
36.0,0,6,4,2412
36.0,0,6,5,2420
36.0,0,6,6,2428
36.0,0,6,7,2435
36.0,0,6,8,2443
36.0,0,6,9,2450
36.0,0,6,10,2458
36.0,0,6,11,2465
36.0,0,6,12,2472
36.0,0,6,13,2480
36.0,0,6,14,2487
36.0,0,6,15,2495
36.0,0,7,0,2390
36.0,0,7,1,2397
36.0,0,7,2,2405
36.0,0,7,3,2413
36.0,0,7,4,2420
36.0,0,7,5,2428
36.0,0,7,6,2435
36.0,0,7,7,2443
36.0,0,7,8,2450
36.0,0,7,9,2458
36.0,0,7,10,2465
36.0,0,7,11,2473
36.0,0,7,12,2480
36.0,0,7,13,2488
36.0,0,7,14,2495
36.0,0,7,15,2503
36.0,0,8,0,2397
36.0,0,8,1,2405
36.0,0,8,2,2413
36.0,0,8,3,2420
36.0,0,8,4,2428
36.0,0,8,5,2436
36.0,0,8,6,2443
36.0,0,8,7,2451
36.0,0,8,8,2458
36.0,0,8,9,2466
36.0,0,8,10,2473
36.0,0,8,11,2481
36.0,0,8,12,2488
36.0,0,8,13,2496
36.0,0,8,14,2503
36.0,0,8,15,2511
36.0,0,9,0,2405
36.0,0,9,1,2413
36.0,0,9,2,2420
36.0,0,9,3,2428
36.0,0,9,4,2436
36.0,0,9,5,2443
36.0,0,9,6,2451
36.0,0,9,7,2459
36.0,0,9,8,2466
36.0,0,9,9,2474
36.0,0,9,10,2481
36.0,0,9,11,2489
36.0,0,9,12,2496
36.0,0,9,13,2504
36.0,0,9,14,2511
36.0,0,9,15,2519
36.0,0,10,0,2412
36.0,0,10,1,2420
36.0,0,10,2,2428
36.0,0,10,3,2436
36.0,0,10,4,2443
36.0,0,10,5,2451
36.0,0,10,6,2459
36.0,0,10,7,2466
36.0,0,10,8,2474
36.0,0,10,9,2481
36.0,0,10,10,2489
36.0,0,10,11,2497
36.0,0,10,12,2504
36.0,0,10,13,2512
36.0,0,10,14,2519
36.0,0,10,15,2526
36.0,0,11,0,2420
36.0,0,11,1,2428
36.0,0,11,2,2436
36.0,0,11,3,2443
36.0,0,11,4,2451
36.0,0,11,5,2459
36.0,0,11,6,2466
36.0,0,11,7,2474
36.0,0,11,8,2482
36.0,0,11,9,2489
36.0,0,11,10,2497
36.0,0,11,11,2504
36.0,0,11,12,2512
36.0,0,11,13,2519
36.0,0,11,14,2527
36.0,0,11,15,2534
36.0,0,12,0,2428
36.0,0,12,1,2435
36.0,0,12,2,2443
36.0,0,12,3,2451
36.0,0,12,4,2459
36.0,0,12,5,2466
36.0,0,12,6,2474
36.0,0,12,7,2482
36.0,0,12,8,2489
36.0,0,12,9,2497
36.0,0,12,10,2505
36.0,0,12,11,2512
36.0,0,12,12,2520
36.0,0,12,13,2527
36.0,0,12,14,2535
36.0,0,12,15,2542
36.0,0,13,0,2435
36.0,0,13,1,2443
36.0,0,13,2,2451
36.0,0,13,3,2459
36.0,0,13,4,2466
36.0,0,13,5,2474
36.0,0,13,6,2482
36.0,0,13,7,2489
36.0,0,13,8,2497
36.0,0,13,9,2505
36.0,0,13,10,2512
36.0,0,13,11,2520
36.0,0,13,12,2528
36.0,0,13,13,2535
36.0,0,13,14,2543
36.0,0,13,15,2550
36.0,0,14,0,2443
36.0,0,14,1,2450
36.0,0,14,2,2458
36.0,0,14,3,2466
36.0,0,14,4,2474
36.0,0,14,5,2482
36.0,0,14,6,2489
36.0,0,14,7,2497
36.0,0,14,8,2505
36.0,0,14,9,2513
36.0,0,14,10,2520
36.0,0,14,11,2528
36.0,0,14,12,2535
36.0,0,14,13,2543
36.0,0,14,14,2551
36.0,0,14,15,2558
36.0,0,15,0,2450
36.0,0,15,1,2458
36.0,0,15,2,2466
36.0,0,15,3,2474
36.0,0,15,4,2481
36.0,0,15,5,2489
36.0,0,15,6,2497
36.0,0,15,7,2505
36.0,0,15,8,2513
36.0,0,15,9,2520
36.0,0,15,10,2528
36.0,0,15,11,2536
36.0,0,15,12,2543
36.0,0,15,13,2551
36.0,0,15,14,2558
36.0,0,15,15,2566
36.0,1,0,0,2344
36.0,1,0,1,2352
36.0,1,0,2,2359
36.0,1,0,3,2367
36.0,1,0,4,2374
36.0,1,0,5,2382
36.0,1,0,6,2389
36.0,1,0,7,2397
36.0,1,0,8,2404
36.0,1,0,9,2411
36.0,1,0,10,2419
36.0,1,0,11,2426
36.0,1,0,12,2433
36.0,1,0,13,2441
36.0,1,0,14,2448
36.0,1,0,15,2455
36.0,1,1,0,2352
36.0,1,1,1,2360
36.0,1,1,2,2367
36.0,1,1,3,2375
36.0,1,1,4,2382
36.0,1,1,5,2390
36.0,1,1,6,2397
36.0,1,1,7,2405
36.0,1,1,8,2412
36.0,1,1,9,2419
36.0,1,1,10,2427
36.0,1,1,11,2434
36.0,1,1,12,2441
36.0,1,1,13,2449
36.0,1,1,14,2456
36.0,1,1,15,2463
36.0,1,2,0,2360
36.0,1,2,1,2368
36.0,1,2,2,2375
36.0,1,2,3,2383
36.0,1,2,4,2390
36.0,1,2,5,2398
36.0,1,2,6,2405
36.0,1,2,7,2413
36.0,1,2,8,2420
36.0,1,2,9,2428
36.0,1,2,10,2435
36.0,1,2,11,2442
36.0,1,2,12,2450
36.0,1,2,13,2457
36.0,1,2,14,2464
36.0,1,2,15,2472
36.0,1,3,0,2368
36.0,1,3,1,2375
36.0,1,3,2,2383
36.0,1,3,3,2391
36.0,1,3,4,2398
36.0,1,3,5,2406
36.0,1,3,6,2413
36.0,1,3,7,2421
36.0,1,3,8,2428
36.0,1,3,9,2436
36.0,1,3,10,2443
36.0,1,3,11,2450
36.0,1,3,12,2458
36.0,1,3,13,2465
36.0,1,3,14,2472
36.0,1,3,15,2480
36.0,1,4,0,2376
36.0,1,4,1,2383
36.0,1,4,2,2391
36.0,1,4,3,2398
36.0,1,4,4,2406
36.0,1,4,5,2414
36.0,1,4,6,2421
36.0,1,4,7,2429
36.0,1,4,8,2436
36.0,1,4,9,2444
36.0,1,4,10,2451
36.0,1,4,11,2458
36.0,1,4,12,2466
36.0,1,4,13,2473
36.0,1,4,14,2481
36.0,1,4,15,2488
36.0,1,5,0,2383
36.0,1,5,1,2391
36.0,1,5,2,2399
36.0,1,5,3,2406
36.0,1,5,4,2414
36.0,1,5,5,2421
36.0,1,5,6,2429
36.0,1,5,7,2437
36.0,1,5,8,2444
36.0,1,5,9,2452
36.0,1,5,10,2459
36.0,1,5,11,2466
36.0,1,5,12,2474
36.0,1,5,13,2481
36.0,1,5,14,2489
36.0,1,5,15,2496
36.0,1,6,0,2391
36.0,1,6,1,2399
36.0,1,6,2,2406
36.0,1,6,3,2414
36.0,1,6,4,2422
36.0,1,6,5,2429
36.0,1,6,6,2437
36.0,1,6,7,2444
36.0,1,6,8,2452
36.0,1,6,9,2459
36.0,1,6,10,2467
36.0,1,6,11,2474
36.0,1,6,12,2482
36.0,1,6,13,2489
36.0,1,6,14,2497
36.0,1,6,15,2504
36.0,1,7,0,2399
36.0,1,7,1,2406
36.0,1,7,2,2414
36.0,1,7,3,2422
36.0,1,7,4,2429
36.0,1,7,5,2437
36.0,1,7,6,2445
36.0,1,7,7,2452
36.0,1,7,8,2460
36.0,1,7,9,2467
36.0,1,7,10,2475
36.0,1,7,11,2482
36.0,1,7,12,2490
36.0,1,7,13,2497
36.0,1,7,14,2505
36.0,1,7,15,2512
36.0,1,8,0,2406
36.0,1,8,1,2414
36.0,1,8,2,2422
36.0,1,8,3,2430
36.0,1,8,4,2437
36.0,1,8,5,2445
36.0,1,8,6,2453
36.0,1,8,7,2460
36.0,1,8,8,2468
36.0,1,8,9,2475
36.0,1,8,10,2483
36.0,1,8,11,2490
36.0,1,8,12,2498
36.0,1,8,13,2505
36.0,1,8,14,2513
36.0,1,8,15,2520
36.0,1,9,0,2414
36.0,1,9,1,2422
36.0,1,9,2,2430
36.0,1,9,3,2437
36.0,1,9,4,2445
36.0,1,9,5,2453
36.0,1,9,6,2460
36.0,1,9,7,2468
36.0,1,9,8,2476
36.0,1,9,9,2483
36.0,1,9,10,2491
36.0,1,9,11,2498
36.0,1,9,12,2506
36.0,1,9,13,2513
36.0,1,9,14,2521
36.0,1,9,15,2528
36.0,1,10,0,2422
36.0,1,10,1,2429
36.0,1,10,2,2437
36.0,1,10,3,2445
36.0,1,10,4,2453
36.0,1,10,5,2460
36.0,1,10,6,2468
36.0,1,10,7,2476
36.0,1,10,8,2483
36.0,1,10,9,2491
36.0,1,10,10,2499
36.0,1,10,11,2506
36.0,1,10,12,2514
36.0,1,10,13,2521
36.0,1,10,14,2529
36.0,1,10,15,2536
36.0,1,11,0,2429
36.0,1,11,1,2437
36.0,1,11,2,2445
36.0,1,11,3,2453
36.0,1,11,4,2460
36.0,1,11,5,2468
36.0,1,11,6,2476
36.0,1,11,7,2484
36.0,1,11,8,2491
36.0,1,11,9,2499
36.0,1,11,10,2506
36.0,1,11,11,2514
36.0,1,11,12,2522
36.0,1,11,13,2529
36.0,1,11,14,2537
36.0,1,11,15,2544
36.0,1,12,0,2437
36.0,1,12,1,2445
36.0,1,12,2,2453
36.0,1,12,3,2460
36.0,1,12,4,2468
36.0,1,12,5,2476
36.0,1,12,6,2484
36.0,1,12,7,2491
36.0,1,12,8,2499
36.0,1,12,9,2507
36.0,1,12,10,2514
36.0,1,12,11,2522
36.0,1,12,12,2529
36.0,1,12,13,2537
36.0,1,12,14,2545
36.0,1,12,15,2552
36.0,1,13,0,2444
36.0,1,13,1,2452
36.0,1,13,2,2460
36.0,1,13,3,2468
36.0,1,13,4,2476
36.0,1,13,5,2484
36.0,1,13,6,2491
36.0,1,13,7,2499
36.0,1,13,8,2507
36.0,1,13,9,2514
36.0,1,13,10,2522
36.0,1,13,11,2530
36.0,1,13,12,2537
36.0,1,13,13,2545
36.0,1,13,14,2552
36.0,1,13,15,2560
36.0,1,14,0,2452
36.0,1,14,1,2460
36.0,1,14,2,2468
36.0,1,14,3,2476
36.0,1,14,4,2483
36.0,1,14,5,2491
36.0,1,14,6,2499
36.0,1,14,7,2507
36.0,1,14,8,2514
36.0,1,14,9,2522
36.0,1,14,10,2530
36.0,1,14,11,2537
36.0,1,14,12,2545
36.0,1,14,13,2553
36.0,1,14,14,2560
36.0,1,14,15,2568
36.0,1,15,0,2459
36.0,1,15,1,2467
36.0,1,15,2,2475
36.0,1,15,3,2483
36.0,1,15,4,2491
36.0,1,15,5,2499
36.0,1,15,6,2507
36.0,1,15,7,2514
36.0,1,15,8,2522
36.0,1,15,9,2530
36.0,1,15,10,2538
36.0,1,15,11,2545
36.0,1,15,12,2553
36.0,1,15,13,2561
36.0,1,15,14,2568
36.0,1,15,15,2576
36.0,2,0,0,2353
36.0,2,0,1,2361
36.0,2,0,2,2368
36.0,2,0,3,2376
36.0,2,0,4,2383
36.0,2,0,5,2391
36.0,2,0,6,2398
36.0,2,0,7,2406
36.0,2,0,8,2413
36.0,2,0,9,2421
36.0,2,0,10,2428
36.0,2,0,11,2435
36.0,2,0,12,2443
36.0,2,0,13,2450
36.0,2,0,14,2457
36.0,2,0,15,2464
36.0,2,1,0,2361
36.0,2,1,1,2369
36.0,2,1,2,2376
36.0,2,1,3,2384
36.0,2,1,4,2391
36.0,2,1,5,2399
36.0,2,1,6,2406
36.0,2,1,7,2414
36.0,2,1,8,2421
36.0,2,1,9,2429
36.0,2,1,10,2436
36.0,2,1,11,2443
36.0,2,1,12,2451
36.0,2,1,13,2458
36.0,2,1,14,2465
36.0,2,1,15,2473
36.0,2,2,0,2369
36.0,2,2,1,2377
36.0,2,2,2,2384
36.0,2,2,3,2392
36.0,2,2,4,2399
36.0,2,2,5,2407
36.0,2,2,6,2414
36.0,2,2,7,2422
36.0,2,2,8,2429
36.0,2,2,9,2437
36.0,2,2,10,2444
36.0,2,2,11,2452
36.0,2,2,12,2459
36.0,2,2,13,2466
36.0,2,2,14,2474
36.0,2,2,15,2481
36.0,2,3,0,2377
36.0,2,3,1,2384
36.0,2,3,2,2392
36.0,2,3,3,2400
36.0,2,3,4,2407
36.0,2,3,5,2415
36.0,2,3,6,2422
36.0,2,3,7,2430
36.0,2,3,8,2437
36.0,2,3,9,2445
36.0,2,3,10,2452
36.0,2,3,11,2460
36.0,2,3,12,2467
36.0,2,3,13,2474
36.0,2,3,14,2482
36.0,2,3,15,2489
36.0,2,4,0,2385
36.0,2,4,1,2392
36.0,2,4,2,2400
36.0,2,4,3,2408
36.0,2,4,4,2415
36.0,2,4,5,2423
36.0,2,4,6,2430
36.0,2,4,7,2438
36.0,2,4,8,2445
36.0,2,4,9,2453
36.0,2,4,10,2460
36.0,2,4,11,2468
36.0,2,4,12,2475
36.0,2,4,13,2483
36.0,2,4,14,2490
36.0,2,4,15,2497
36.0,2,5,0,2392
36.0,2,5,1,2400
36.0,2,5,2,2408
36.0,2,5,3,2415
36.0,2,5,4,2423
36.0,2,5,5,2431
36.0,2,5,6,2438
36.0,2,5,7,2446
36.0,2,5,8,2453
36.0,2,5,9,2461
36.0,2,5,10,2468
36.0,2,5,11,2476
36.0,2,5,12,2483
36.0,2,5,13,2491
36.0,2,5,14,2498
36.0,2,5,15,2505
36.0,2,6,0,2400
36.0,2,6,1,2408
36.0,2,6,2,2416
36.0,2,6,3,2423
36.0,2,6,4,2431
36.0,2,6,5,2439
36.0,2,6,6,2446
36.0,2,6,7,2454
36.0,2,6,8,2461
36.0,2,6,9,2469
36.0,2,6,10,2476
36.0,2,6,11,2484
36.0,2,6,12,2491
36.0,2,6,13,2499
36.0,2,6,14,2506
36.0,2,6,15,2514
36.0,2,7,0,2408
36.0,2,7,1,2416
36.0,2,7,2,2423
36.0,2,7,3,2431
36.0,2,7,4,2439
36.0,2,7,5,2446
36.0,2,7,6,2454
36.0,2,7,7,2462
36.0,2,7,8,2469
36.0,2,7,9,2477
36.0,2,7,10,2484
36.0,2,7,11,2492
36.0,2,7,12,2499
36.0,2,7,13,2507
36.0,2,7,14,2514
36.0,2,7,15,2522
36.0,2,8,0,2416
36.0,2,8,1,2423
36.0,2,8,2,2431
36.0,2,8,3,2439
36.0,2,8,4,2447
36.0,2,8,5,2454
36.0,2,8,6,2462
36.0,2,8,7,2470
36.0,2,8,8,2477
36.0,2,8,9,2485
36.0,2,8,10,2492
36.0,2,8,11,2500
36.0,2,8,12,2507
36.0,2,8,13,2515
36.0,2,8,14,2522
36.0,2,8,15,2530
36.0,2,9,0,2423
36.0,2,9,1,2431
36.0,2,9,2,2439
36.0,2,9,3,2447
36.0,2,9,4,2454
36.0,2,9,5,2462
36.0,2,9,6,2470
36.0,2,9,7,2477
36.0,2,9,8,2485
36.0,2,9,9,2493
36.0,2,9,10,2500
36.0,2,9,11,2508
36.0,2,9,12,2515
36.0,2,9,13,2523
36.0,2,9,14,2530
36.0,2,9,15,2538
36.0,2,10,0,2431
36.0,2,10,1,2439
36.0,2,10,2,2447
36.0,2,10,3,2454
36.0,2,10,4,2462
36.0,2,10,5,2470
36.0,2,10,6,2478
36.0,2,10,7,2485
36.0,2,10,8,2493
36.0,2,10,9,2501
36.0,2,10,10,2508
36.0,2,10,11,2516
36.0,2,10,12,2523
36.0,2,10,13,2531
36.0,2,10,14,2538
36.0,2,10,15,2546
36.0,2,11,0,2439
36.0,2,11,1,2446
36.0,2,11,2,2454
36.0,2,11,3,2462
36.0,2,11,4,2470
36.0,2,11,5,2478
36.0,2,11,6,2485
36.0,2,11,7,2493
36.0,2,11,8,2501
36.0,2,11,9,2508
36.0,2,11,10,2516
36.0,2,11,11,2524
36.0,2,11,12,2531
36.0,2,11,13,2539
36.0,2,11,14,2546
36.0,2,11,15,2554
36.0,2,12,0,2446
36.0,2,12,1,2454
36.0,2,12,2,2462
36.0,2,12,3,2470
36.0,2,12,4,2478
36.0,2,12,5,2485
36.0,2,12,6,2493
36.0,2,12,7,2501
36.0,2,12,8,2509
36.0,2,12,9,2516
36.0,2,12,10,2524
36.0,2,12,11,2531
36.0,2,12,12,2539
36.0,2,12,13,2547
36.0,2,12,14,2554
36.0,2,12,15,2562
36.0,2,13,0,2454
36.0,2,13,1,2462
36.0,2,13,2,2470
36.0,2,13,3,2477
36.0,2,13,4,2485
36.0,2,13,5,2493
36.0,2,13,6,2501
36.0,2,13,7,2509
36.0,2,13,8,2516
36.0,2,13,9,2524
36.0,2,13,10,2532
36.0,2,13,11,2539
36.0,2,13,12,2547
36.0,2,13,13,2555
36.0,2,13,14,2562
36.0,2,13,15,2570
36.0,2,14,0,2461
36.0,2,14,1,2469
36.0,2,14,2,2477
36.0,2,14,3,2485
36.0,2,14,4,2493
36.0,2,14,5,2501
36.0,2,14,6,2509
36.0,2,14,7,2516
36.0,2,14,8,2524
36.0,2,14,9,2532
36.0,2,14,10,2539
36.0,2,14,11,2547
36.0,2,14,12,2555
36.0,2,14,13,2562
36.0,2,14,14,2570
36.0,2,14,15,2578
36.0,2,15,0,2469
36.0,2,15,1,2477
36.0,2,15,2,2485
36.0,2,15,3,2493
36.0,2,15,4,2501
36.0,2,15,5,2508
36.0,2,15,6,2516
36.0,2,15,7,2524
36.0,2,15,8,2532
36.0,2,15,9,2540
36.0,2,15,10,2547
36.0,2,15,11,2555
36.0,2,15,12,2563
36.0,2,15,13,2570
36.0,2,15,14,2578
36.0,2,15,15,2586
36.0,3,0,0,2362
36.0,3,0,1,2370
36.0,3,0,2,2377
36.0,3,0,3,2385
36.0,3,0,4,2392
36.0,3,0,5,2400
36.0,3,0,6,2407
36.0,3,0,7,2415
36.0,3,0,8,2422
36.0,3,0,9,2430
36.0,3,0,10,2437
36.0,3,0,11,2445
36.0,3,0,12,2452
36.0,3,0,13,2459
36.0,3,0,14,2467
36.0,3,0,15,2474
36.0,3,1,0,2370
36.0,3,1,1,2378
36.0,3,1,2,2385
36.0,3,1,3,2393
36.0,3,1,4,2400
36.0,3,1,5,2408
36.0,3,1,6,2416
36.0,3,1,7,2423
36.0,3,1,8,2430
36.0,3,1,9,2438
36.0,3,1,10,2445
36.0,3,1,11,2453
36.0,3,1,12,2460
36.0,3,1,13,2467
36.0,3,1,14,2475
36.0,3,1,15,2482
36.0,3,2,0,2378
36.0,3,2,1,2386
36.0,3,2,2,2393
36.0,3,2,3,2401
36.0,3,2,4,2408
36.0,3,2,5,2416
36.0,3,2,6,2424
36.0,3,2,7,2431
36.0,3,2,8,2439
36.0,3,2,9,2446
36.0,3,2,10,2454
36.0,3,2,11,2461
36.0,3,2,12,2468
36.0,3,2,13,2476
36.0,3,2,14,2483
36.0,3,2,15,2490
36.0,3,3,0,2386
36.0,3,3,1,2394
36.0,3,3,2,2401
36.0,3,3,3,2409
36.0,3,3,4,2416
36.0,3,3,5,2424
36.0,3,3,6,2432
36.0,3,3,7,2439
36.0,3,3,8,2447
36.0,3,3,9,2454
36.0,3,3,10,2462
36.0,3,3,11,2469
36.0,3,3,12,2476
36.0,3,3,13,2484
36.0,3,3,14,2491
36.0,3,3,15,2499
36.0,3,4,0,2394
36.0,3,4,1,2401
36.0,3,4,2,2409
36.0,3,4,3,2417
36.0,3,4,4,2424
36.0,3,4,5,2432
36.0,3,4,6,2440
36.0,3,4,7,2447
36.0,3,4,8,2455
36.0,3,4,9,2462
36.0,3,4,10,2470
36.0,3,4,11,2477
36.0,3,4,12,2485
36.0,3,4,13,2492
36.0,3,4,14,2499
36.0,3,4,15,2507
36.0,3,5,0,2401
36.0,3,5,1,2409
36.0,3,5,2,2417
36.0,3,5,3,2425
36.0,3,5,4,2432
36.0,3,5,5,2440
36.0,3,5,6,2448
36.0,3,5,7,2455
36.0,3,5,8,2463
36.0,3,5,9,2470
36.0,3,5,10,2478
36.0,3,5,11,2485
36.0,3,5,12,2493
36.0,3,5,13,2500
36.0,3,5,14,2508
36.0,3,5,15,2515
36.0,3,6,0,2409
36.0,3,6,1,2417
36.0,3,6,2,2425
36.0,3,6,3,2432
36.0,3,6,4,2440
36.0,3,6,5,2448
36.0,3,6,6,2455
36.0,3,6,7,2463
36.0,3,6,8,2471
36.0,3,6,9,2478
36.0,3,6,10,2486
36.0,3,6,11,2493
36.0,3,6,12,2501
36.0,3,6,13,2508
36.0,3,6,14,2516
36.0,3,6,15,2523
36.0,3,7,0,2417
36.0,3,7,1,2425
36.0,3,7,2,2433
36.0,3,7,3,2440
36.0,3,7,4,2448
36.0,3,7,5,2456
36.0,3,7,6,2463
36.0,3,7,7,2471
36.0,3,7,8,2479
36.0,3,7,9,2486
36.0,3,7,10,2494
36.0,3,7,11,2501
36.0,3,7,12,2509
36.0,3,7,13,2516
36.0,3,7,14,2524
36.0,3,7,15,2531
36.0,3,8,0,2425
36.0,3,8,1,2433
36.0,3,8,2,2440
36.0,3,8,3,2448
36.0,3,8,4,2456
36.0,3,8,5,2464
36.0,3,8,6,2471
36.0,3,8,7,2479
36.0,3,8,8,2487
36.0,3,8,9,2494
36.0,3,8,10,2502
36.0,3,8,11,2509
36.0,3,8,12,2517
36.0,3,8,13,2524
36.0,3,8,14,2532
36.0,3,8,15,2539
36.0,3,9,0,2432
36.0,3,9,1,2440
36.0,3,9,2,2448
36.0,3,9,3,2456
36.0,3,9,4,2464
36.0,3,9,5,2471
36.0,3,9,6,2479
36.0,3,9,7,2487
36.0,3,9,8,2494
36.0,3,9,9,2502
36.0,3,9,10,2510
36.0,3,9,11,2517
36.0,3,9,12,2525
36.0,3,9,13,2532
36.0,3,9,14,2540
36.0,3,9,15,2547
36.0,3,10,0,2440
36.0,3,10,1,2448
36.0,3,10,2,2456
36.0,3,10,3,2464
36.0,3,10,4,2471
36.0,3,10,5,2479
36.0,3,10,6,2487
36.0,3,10,7,2495
36.0,3,10,8,2502
36.0,3,10,9,2510
36.0,3,10,10,2518
36.0,3,10,11,2525
36.0,3,10,12,2533
36.0,3,10,13,2540
36.0,3,10,14,2548
36.0,3,10,15,2556
36.0,3,11,0,2448
36.0,3,11,1,2456
36.0,3,11,2,2464
36.0,3,11,3,2471
36.0,3,11,4,2479
36.0,3,11,5,2487
36.0,3,11,6,2495
36.0,3,11,7,2503
36.0,3,11,8,2510
36.0,3,11,9,2518
36.0,3,11,10,2526
36.0,3,11,11,2533
36.0,3,11,12,2541
36.0,3,11,13,2548
36.0,3,11,14,2556
36.0,3,11,15,2564
36.0,3,12,0,2455
36.0,3,12,1,2463
36.0,3,12,2,2471
36.0,3,12,3,2479
36.0,3,12,4,2487
36.0,3,12,5,2495
36.0,3,12,6,2503
36.0,3,12,7,2510
36.0,3,12,8,2518
36.0,3,12,9,2526
36.0,3,12,10,2533
36.0,3,12,11,2541
36.0,3,12,12,2549
36.0,3,12,13,2556
36.0,3,12,14,2564
36.0,3,12,15,2572
36.0,3,13,0,2463
36.0,3,13,1,2471
36.0,3,13,2,2479
36.0,3,13,3,2487
36.0,3,13,4,2495
36.0,3,13,5,2503
36.0,3,13,6,2510
36.0,3,13,7,2518
36.0,3,13,8,2526
36.0,3,13,9,2534
36.0,3,13,10,2541
36.0,3,13,11,2549
36.0,3,13,12,2557
36.0,3,13,13,2564
36.0,3,13,14,2572
36.0,3,13,15,2580
36.0,3,14,0,2471
36.0,3,14,1,2479
36.0,3,14,2,2487
36.0,3,14,3,2494
36.0,3,14,4,2502
36.0,3,14,5,2510
36.0,3,14,6,2518
36.0,3,14,7,2526
36.0,3,14,8,2534
36.0,3,14,9,2541
36.0,3,14,10,2549
36.0,3,14,11,2557
36.0,3,14,12,2565
36.0,3,14,13,2572
36.0,3,14,14,2580
36.0,3,14,15,2587
36.0,3,15,0,2478
36.0,3,15,1,2486
36.0,3,15,2,2494
36.0,3,15,3,2502
36.0,3,15,4,2510
36.0,3,15,5,2518
36.0,3,15,6,2526
36.0,3,15,7,2534
36.0,3,15,8,2541
36.0,3,15,9,2549
36.0,3,15,10,2557
36.0,3,15,11,2565
36.0,3,15,12,2572
36.0,3,15,13,2580
36.0,3,15,14,2588
36.0,3,15,15,2595
36.0,4,0,0,2371
36.0,4,0,1,2379
36.0,4,0,2,2386
36.0,4,0,3,2394
36.0,4,0,4,2402
36.0,4,0,5,2409
36.0,4,0,6,2417
36.0,4,0,7,2424
36.0,4,0,8,2432
36.0,4,0,9,2439
36.0,4,0,10,2446
36.0,4,0,11,2454
36.0,4,0,12,2461
36.0,4,0,13,2469
36.0,4,0,14,2476
36.0,4,0,15,2483
36.0,4,1,0,2379
36.0,4,1,1,2387
36.0,4,1,2,2394
36.0,4,1,3,2402
36.0,4,1,4,2410
36.0,4,1,5,2417
36.0,4,1,6,2425
36.0,4,1,7,2432
36.0,4,1,8,2440
36.0,4,1,9,2447
36.0,4,1,10,2455
36.0,4,1,11,2462
36.0,4,1,12,2469
36.0,4,1,13,2477
36.0,4,1,14,2484
36.0,4,1,15,2492
36.0,4,2,0,2387
36.0,4,2,1,2395
36.0,4,2,2,2402
36.0,4,2,3,2410
36.0,4,2,4,2418
36.0,4,2,5,2425
36.0,4,2,6,2433
36.0,4,2,7,2440
36.0,4,2,8,2448
36.0,4,2,9,2455
36.0,4,2,10,2463
36.0,4,2,11,2470
36.0,4,2,12,2478
36.0,4,2,13,2485
36.0,4,2,14,2492
36.0,4,2,15,2500
36.0,4,3,0,2395
36.0,4,3,1,2403
36.0,4,3,2,2410
36.0,4,3,3,2418
36.0,4,3,4,2426
36.0,4,3,5,2433
36.0,4,3,6,2441
36.0,4,3,7,2448
36.0,4,3,8,2456
36.0,4,3,9,2463
36.0,4,3,10,2471
36.0,4,3,11,2478
36.0,4,3,12,2486
36.0,4,3,13,2493
36.0,4,3,14,2501
36.0,4,3,15,2508
36.0,4,4,0,2403
36.0,4,4,1,2410
36.0,4,4,2,2418
36.0,4,4,3,2426
36.0,4,4,4,2434
36.0,4,4,5,2441
36.0,4,4,6,2449
36.0,4,4,7,2456
36.0,4,4,8,2464
36.0,4,4,9,2472
36.0,4,4,10,2479
36.0,4,4,11,2487
36.0,4,4,12,2494
36.0,4,4,13,2501
36.0,4,4,14,2509
36.0,4,4,15,2516
36.0,4,5,0,2411
36.0,4,5,1,2418
36.0,4,5,2,2426
36.0,4,5,3,2434
36.0,4,5,4,2441
36.0,4,5,5,2449
36.0,4,5,6,2457
36.0,4,5,7,2464
36.0,4,5,8,2472
36.0,4,5,9,2480
36.0,4,5,10,2487
36.0,4,5,11,2495
36.0,4,5,12,2502
36.0,4,5,13,2510
36.0,4,5,14,2517
36.0,4,5,15,2525
36.0,4,6,0,2418
36.0,4,6,1,2426
36.0,4,6,2,2434
36.0,4,6,3,2442
36.0,4,6,4,2449
36.0,4,6,5,2457
36.0,4,6,6,2465
36.0,4,6,7,2472
36.0,4,6,8,2480
36.0,4,6,9,2488
36.0,4,6,10,2495
36.0,4,6,11,2503
36.0,4,6,12,2510
36.0,4,6,13,2518
36.0,4,6,14,2525
36.0,4,6,15,2533
36.0,4,7,0,2426
36.0,4,7,1,2434
36.0,4,7,2,2442
36.0,4,7,3,2450
36.0,4,7,4,2457
36.0,4,7,5,2465
36.0,4,7,6,2473
36.0,4,7,7,2480
36.0,4,7,8,2488
36.0,4,7,9,2496
36.0,4,7,10,2503
36.0,4,7,11,2511
36.0,4,7,12,2518
36.0,4,7,13,2526
36.0,4,7,14,2533
36.0,4,7,15,2541
36.0,4,8,0,2434
36.0,4,8,1,2442
36.0,4,8,2,2450
36.0,4,8,3,2457
36.0,4,8,4,2465
36.0,4,8,5,2473
36.0,4,8,6,2481
36.0,4,8,7,2488
36.0,4,8,8,2496
36.0,4,8,9,2504
36.0,4,8,10,2511
36.0,4,8,11,2519
36.0,4,8,12,2526
36.0,4,8,13,2534
36.0,4,8,14,2542
36.0,4,8,15,2549
36.0,4,9,0,2442
36.0,4,9,1,2450
36.0,4,9,2,2457
36.0,4,9,3,2465
36.0,4,9,4,2473
36.0,4,9,5,2481
36.0,4,9,6,2489
36.0,4,9,7,2496
36.0,4,9,8,2504
36.0,4,9,9,2512
36.0,4,9,10,2519
36.0,4,9,11,2527
36.0,4,9,12,2534
36.0,4,9,13,2542
36.0,4,9,14,2550
36.0,4,9,15,2557
36.0,4,10,0,2449
36.0,4,10,1,2457
36.0,4,10,2,2465
36.0,4,10,3,2473
36.0,4,10,4,2481
36.0,4,10,5,2489
36.0,4,10,6,2496
36.0,4,10,7,2504
36.0,4,10,8,2512
36.0,4,10,9,2520
36.0,4,10,10,2527
36.0,4,10,11,2535
36.0,4,10,12,2542
36.0,4,10,13,2550
36.0,4,10,14,2558
36.0,4,10,15,2565
36.0,4,11,0,2457
36.0,4,11,1,2465
36.0,4,11,2,2473
36.0,4,11,3,2481
36.0,4,11,4,2489
36.0,4,11,5,2496
36.0,4,11,6,2504
36.0,4,11,7,2512
36.0,4,11,8,2520
36.0,4,11,9,2527
36.0,4,11,10,2535
36.0,4,11,11,2543
36.0,4,11,12,2550
36.0,4,11,13,2558
36.0,4,11,14,2566
36.0,4,11,15,2573
36.0,4,12,0,2465
36.0,4,12,1,2473
36.0,4,12,2,2481
36.0,4,12,3,2489
36.0,4,12,4,2496
36.0,4,12,5,2504
36.0,4,12,6,2512
36.0,4,12,7,2520
36.0,4,12,8,2528
36.0,4,12,9,2535
36.0,4,12,10,2543
36.0,4,12,11,2551
36.0,4,12,12,2558
36.0,4,12,13,2566
36.0,4,12,14,2574
36.0,4,12,15,2581
36.0,4,13,0,2472
36.0,4,13,1,2480
36.0,4,13,2,2488
36.0,4,13,3,2496
36.0,4,13,4,2504
36.0,4,13,5,2512
36.0,4,13,6,2520
36.0,4,13,7,2528
36.0,4,13,8,2535
36.0,4,13,9,2543
36.0,4,13,10,2551
36.0,4,13,11,2559
36.0,4,13,12,2566
36.0,4,13,13,2574
36.0,4,13,14,2582
36.0,4,13,15,2589
36.0,4,14,0,2480
36.0,4,14,1,2488
36.0,4,14,2,2496
36.0,4,14,3,2504
36.0,4,14,4,2512
36.0,4,14,5,2520
36.0,4,14,6,2528
36.0,4,14,7,2535
36.0,4,14,8,2543
36.0,4,14,9,2551
36.0,4,14,10,2559
36.0,4,14,11,2567
36.0,4,14,12,2574
36.0,4,14,13,2582
36.0,4,14,14,2590
36.0,4,14,15,2597
36.0,4,15,0,2488
36.0,4,15,1,2496
36.0,4,15,2,2504
36.0,4,15,3,2512
36.0,4,15,4,2520
36.0,4,15,5,2527
36.0,4,15,6,2535
36.0,4,15,7,2543
36.0,4,15,8,2551
36.0,4,15,9,2559
36.0,4,15,10,2567
36.0,4,15,11,2574
36.0,4,15,12,2582
36.0,4,15,13,2590
36.0,4,15,14,2598
36.0,4,15,15,2605
36.0,5,0,0,2380
36.0,5,0,1,2388
36.0,5,0,2,2395
36.0,5,0,3,2403
36.0,5,0,4,2411
36.0,5,0,5,2418
36.0,5,0,6,2426
36.0,5,0,7,2433
36.0,5,0,8,2441
36.0,5,0,9,2448
36.0,5,0,10,2456
36.0,5,0,11,2463
36.0,5,0,12,2471
36.0,5,0,13,2478
36.0,5,0,14,2485
36.0,5,0,15,2493
36.0,5,1,0,2388
36.0,5,1,1,2396
36.0,5,1,2,2403
36.0,5,1,3,2411
36.0,5,1,4,2419
36.0,5,1,5,2426
36.0,5,1,6,2434
36.0,5,1,7,2441
36.0,5,1,8,2449
36.0,5,1,9,2456
36.0,5,1,10,2464
36.0,5,1,11,2471
36.0,5,1,12,2479
36.0,5,1,13,2486
36.0,5,1,14,2494
36.0,5,1,15,2501
36.0,5,2,0,2396
36.0,5,2,1,2404
36.0,5,2,2,2411
36.0,5,2,3,2419
36.0,5,2,4,2427
36.0,5,2,5,2434
36.0,5,2,6,2442
36.0,5,2,7,2450
36.0,5,2,8,2457
36.0,5,2,9,2465
36.0,5,2,10,2472
36.0,5,2,11,2480
36.0,5,2,12,2487
36.0,5,2,13,2494
36.0,5,2,14,2502
36.0,5,2,15,2509
36.0,5,3,0,2404
36.0,5,3,1,2412
36.0,5,3,2,2419
36.0,5,3,3,2427
36.0,5,3,4,2435
36.0,5,3,5,2442
36.0,5,3,6,2450
36.0,5,3,7,2458
36.0,5,3,8,2465
36.0,5,3,9,2473
36.0,5,3,10,2480
36.0,5,3,11,2488
36.0,5,3,12,2495
36.0,5,3,13,2503
36.0,5,3,14,2510
36.0,5,3,15,2518
36.0,5,4,0,2412
36.0,5,4,1,2420
36.0,5,4,2,2427
36.0,5,4,3,2435
36.0,5,4,4,2443
36.0,5,4,5,2450
36.0,5,4,6,2458
36.0,5,4,7,2466
36.0,5,4,8,2473
36.0,5,4,9,2481
36.0,5,4,10,2488
36.0,5,4,11,2496
36.0,5,4,12,2503
36.0,5,4,13,2511
36.0,5,4,14,2518
36.0,5,4,15,2526
36.0,5,5,0,2420
36.0,5,5,1,2427
36.0,5,5,2,2435
36.0,5,5,3,2443
36.0,5,5,4,2451
36.0,5,5,5,2458
36.0,5,5,6,2466
36.0,5,5,7,2474
36.0,5,5,8,2481
36.0,5,5,9,2489
36.0,5,5,10,2497
36.0,5,5,11,2504
36.0,5,5,12,2512
36.0,5,5,13,2519
36.0,5,5,14,2527
36.0,5,5,15,2534
36.0,5,6,0,2428
36.0,5,6,1,2435
36.0,5,6,2,2443
36.0,5,6,3,2451
36.0,5,6,4,2459
36.0,5,6,5,2466
36.0,5,6,6,2474
36.0,5,6,7,2482
36.0,5,6,8,2489
36.0,5,6,9,2497
36.0,5,6,10,2505
36.0,5,6,11,2512
36.0,5,6,12,2520
36.0,5,6,13,2527
36.0,5,6,14,2535
36.0,5,6,15,2542
36.0,5,7,0,2435
36.0,5,7,1,2443
36.0,5,7,2,2451
36.0,5,7,3,2459
36.0,5,7,4,2467
36.0,5,7,5,2474
36.0,5,7,6,2482
36.0,5,7,7,2490
36.0,5,7,8,2497
36.0,5,7,9,2505
36.0,5,7,10,2513
36.0,5,7,11,2520
36.0,5,7,12,2528
36.0,5,7,13,2535
36.0,5,7,14,2543
36.0,5,7,15,2550
36.0,5,8,0,2443
36.0,5,8,1,2451
36.0,5,8,2,2459
36.0,5,8,3,2467
36.0,5,8,4,2474
36.0,5,8,5,2482
36.0,5,8,6,2490
36.0,5,8,7,2498
36.0,5,8,8,2505
36.0,5,8,9,2513
36.0,5,8,10,2521
36.0,5,8,11,2528
36.0,5,8,12,2536
36.0,5,8,13,2544
36.0,5,8,14,2551
36.0,5,8,15,2559
36.0,5,9,0,2451
36.0,5,9,1,2459
36.0,5,9,2,2467
36.0,5,9,3,2475
36.0,5,9,4,2482
36.0,5,9,5,2490
36.0,5,9,6,2498
36.0,5,9,7,2506
36.0,5,9,8,2513
36.0,5,9,9,2521
36.0,5,9,10,2529
36.0,5,9,11,2536
36.0,5,9,12,2544
36.0,5,9,13,2552
36.0,5,9,14,2559
36.0,5,9,15,2567
36.0,5,10,0,2459
36.0,5,10,1,2467
36.0,5,10,2,2474
36.0,5,10,3,2482
36.0,5,10,4,2490
36.0,5,10,5,2498
36.0,5,10,6,2506
36.0,5,10,7,2514
36.0,5,10,8,2521
36.0,5,10,9,2529
36.0,5,10,10,2537
36.0,5,10,11,2544
36.0,5,10,12,2552
36.0,5,10,13,2560
36.0,5,10,14,2567
36.0,5,10,15,2575
36.0,5,11,0,2466
36.0,5,11,1,2474
36.0,5,11,2,2482
36.0,5,11,3,2490
36.0,5,11,4,2498
36.0,5,11,5,2506
36.0,5,11,6,2514
36.0,5,11,7,2521
36.0,5,11,8,2529
36.0,5,11,9,2537
36.0,5,11,10,2545
36.0,5,11,11,2552
36.0,5,11,12,2560
36.0,5,11,13,2568
36.0,5,11,14,2575
36.0,5,11,15,2583
36.0,5,12,0,2474
36.0,5,12,1,2482
36.0,5,12,2,2490
36.0,5,12,3,2498
36.0,5,12,4,2506
36.0,5,12,5,2514
36.0,5,12,6,2522
36.0,5,12,7,2529
36.0,5,12,8,2537
36.0,5,12,9,2545
36.0,5,12,10,2553
36.0,5,12,11,2560
36.0,5,12,12,2568
36.0,5,12,13,2576
36.0,5,12,14,2583
36.0,5,12,15,2591
36.0,5,13,0,2482
36.0,5,13,1,2490
36.0,5,13,2,2498
36.0,5,13,3,2506
36.0,5,13,4,2514
36.0,5,13,5,2521
36.0,5,13,6,2529
36.0,5,13,7,2537
36.0,5,13,8,2545
36.0,5,13,9,2553
36.0,5,13,10,2561
36.0,5,13,11,2568
36.0,5,13,12,2576
36.0,5,13,13,2584
36.0,5,13,14,2591
36.0,5,13,15,2599
36.0,5,14,0,2489
36.0,5,14,1,2497
36.0,5,14,2,2505
36.0,5,14,3,2513
36.0,5,14,4,2521
36.0,5,14,5,2529
36.0,5,14,6,2537
36.0,5,14,7,2545
36.0,5,14,8,2553
36.0,5,14,9,2561
36.0,5,14,10,2568
36.0,5,14,11,2576
36.0,5,14,12,2584
36.0,5,14,13,2592
36.0,5,14,14,2599
36.0,5,14,15,2607
36.0,5,15,0,2497
36.0,5,15,1,2505
36.0,5,15,2,2513
36.0,5,15,3,2521
36.0,5,15,4,2529
36.0,5,15,5,2537
36.0,5,15,6,2545
36.0,5,15,7,2553
36.0,5,15,8,2561
36.0,5,15,9,2569
36.0,5,15,10,2576
36.0,5,15,11,2584
36.0,5,15,12,2592
36.0,5,15,13,2600
36.0,5,15,14,2607
36.0,5,15,15,2615
36.0,6,0,0,2389
36.0,6,0,1,2397
36.0,6,0,2,2404
36.0,6,0,3,2412
36.0,6,0,4,2420
36.0,6,0,5,2427
36.0,6,0,6,2435
36.0,6,0,7,2442
36.0,6,0,8,2450
36.0,6,0,9,2457
36.0,6,0,10,2465
36.0,6,0,11,2472
36.0,6,0,12,2480
36.0,6,0,13,2487
36.0,6,0,14,2495
36.0,6,0,15,2502
36.0,6,1,0,2397
36.0,6,1,1,2405
36.0,6,1,2,2412
36.0,6,1,3,2420
36.0,6,1,4,2428
36.0,6,1,5,2435
36.0,6,1,6,2443
36.0,6,1,7,2451
36.0,6,1,8,2458
36.0,6,1,9,2466
36.0,6,1,10,2473
36.0,6,1,11,2481
36.0,6,1,12,2488
36.0,6,1,13,2496
36.0,6,1,14,2503
36.0,6,1,15,2510
36.0,6,2,0,2405
36.0,6,2,1,2413
36.0,6,2,2,2420
36.0,6,2,3,2428
36.0,6,2,4,2436
36.0,6,2,5,2443
36.0,6,2,6,2451
36.0,6,2,7,2459
36.0,6,2,8,2466
36.0,6,2,9,2474
36.0,6,2,10,2481
36.0,6,2,11,2489
36.0,6,2,12,2496
36.0,6,2,13,2504
36.0,6,2,14,2511
36.0,6,2,15,2519
36.0,6,3,0,2413
36.0,6,3,1,2421
36.0,6,3,2,2428
36.0,6,3,3,2436
36.0,6,3,4,2444
36.0,6,3,5,2452
36.0,6,3,6,2459
36.0,6,3,7,2467
36.0,6,3,8,2474
36.0,6,3,9,2482
36.0,6,3,10,2490
36.0,6,3,11,2497
36.0,6,3,12,2505
36.0,6,3,13,2512
36.0,6,3,14,2520
36.0,6,3,15,2527
36.0,6,4,0,2421
36.0,6,4,1,2429
36.0,6,4,2,2436
36.0,6,4,3,2444
36.0,6,4,4,2452
36.0,6,4,5,2460
36.0,6,4,6,2467
36.0,6,4,7,2475
36.0,6,4,8,2483
36.0,6,4,9,2490
36.0,6,4,10,2498
36.0,6,4,11,2505
36.0,6,4,12,2513
36.0,6,4,13,2520
36.0,6,4,14,2528
36.0,6,4,15,2535
36.0,6,5,0,2429
36.0,6,5,1,2437
36.0,6,5,2,2444
36.0,6,5,3,2452
36.0,6,5,4,2460
36.0,6,5,5,2468
36.0,6,5,6,2475
36.0,6,5,7,2483
36.0,6,5,8,2491
36.0,6,5,9,2498
36.0,6,5,10,2506
36.0,6,5,11,2514
36.0,6,5,12,2521
36.0,6,5,13,2529
36.0,6,5,14,2536
36.0,6,5,15,2544
36.0,6,6,0,2437
36.0,6,6,1,2445
36.0,6,6,2,2452
36.0,6,6,3,2460
36.0,6,6,4,2468
36.0,6,6,5,2476
36.0,6,6,6,2483
36.0,6,6,7,2491
36.0,6,6,8,2499
36.0,6,6,9,2506
36.0,6,6,10,2514
36.0,6,6,11,2522
36.0,6,6,12,2529
36.0,6,6,13,2537
36.0,6,6,14,2544
36.0,6,6,15,2552
36.0,6,7,0,2445
36.0,6,7,1,2452
36.0,6,7,2,2460
36.0,6,7,3,2468
36.0,6,7,4,2476
36.0,6,7,5,2484
36.0,6,7,6,2491
36.0,6,7,7,2499
36.0,6,7,8,2507
36.0,6,7,9,2514
36.0,6,7,10,2522
36.0,6,7,11,2530
36.0,6,7,12,2537
36.0,6,7,13,2545
36.0,6,7,14,2553
36.0,6,7,15,2560
36.0,6,8,0,2452
36.0,6,8,1,2460
36.0,6,8,2,2468
36.0,6,8,3,2476
36.0,6,8,4,2484
36.0,6,8,5,2492
36.0,6,8,6,2499
36.0,6,8,7,2507
36.0,6,8,8,2515
36.0,6,8,9,2523
36.0,6,8,10,2530
36.0,6,8,11,2538
36.0,6,8,12,2546
36.0,6,8,13,2553
36.0,6,8,14,2561
36.0,6,8,15,2568
36.0,6,9,0,2460
36.0,6,9,1,2468
36.0,6,9,2,2476
36.0,6,9,3,2484
36.0,6,9,4,2492
36.0,6,9,5,2500
36.0,6,9,6,2507
36.0,6,9,7,2515
36.0,6,9,8,2523
36.0,6,9,9,2531
36.0,6,9,10,2538
36.0,6,9,11,2546
36.0,6,9,12,2554
36.0,6,9,13,2561
36.0,6,9,14,2569
36.0,6,9,15,2576
36.0,6,10,0,2468
36.0,6,10,1,2476
36.0,6,10,2,2484
36.0,6,10,3,2492
36.0,6,10,4,2500
36.0,6,10,5,2507
36.0,6,10,6,2515
36.0,6,10,7,2523
36.0,6,10,8,2531
36.0,6,10,9,2539
36.0,6,10,10,2546
36.0,6,10,11,2554
36.0,6,10,12,2562
36.0,6,10,13,2569
36.0,6,10,14,2577
36.0,6,10,15,2585
36.0,6,11,0,2476
36.0,6,11,1,2484
36.0,6,11,2,2492
36.0,6,11,3,2500
36.0,6,11,4,2507
36.0,6,11,5,2515
36.0,6,11,6,2523
36.0,6,11,7,2531
36.0,6,11,8,2539
36.0,6,11,9,2547
36.0,6,11,10,2554
36.0,6,11,11,2562
36.0,6,11,12,2570
36.0,6,11,13,2577
36.0,6,11,14,2585
36.0,6,11,15,2593
36.0,6,12,0,2483
36.0,6,12,1,2491
36.0,6,12,2,2499
36.0,6,12,3,2507
36.0,6,12,4,2515
36.0,6,12,5,2523
36.0,6,12,6,2531
36.0,6,12,7,2539
36.0,6,12,8,2547
36.0,6,12,9,2554
36.0,6,12,10,2562
36.0,6,12,11,2570
36.0,6,12,12,2578
36.0,6,12,13,2585
36.0,6,12,14,2593
36.0,6,12,15,2601
36.0,6,13,0,2491
36.0,6,13,1,2499
36.0,6,13,2,2507
36.0,6,13,3,2515
36.0,6,13,4,2523
36.0,6,13,5,2531
36.0,6,13,6,2539
36.0,6,13,7,2547
36.0,6,13,8,2555
36.0,6,13,9,2562
36.0,6,13,10,2570
36.0,6,13,11,2578
36.0,6,13,12,2586
36.0,6,13,13,2593
36.0,6,13,14,2601
36.0,6,13,15,2609
36.0,6,14,0,2499
36.0,6,14,1,2507
36.0,6,14,2,2515
36.0,6,14,3,2523
36.0,6,14,4,2531
36.0,6,14,5,2539
36.0,6,14,6,2547
36.0,6,14,7,2555
36.0,6,14,8,2562
36.0,6,14,9,2570
36.0,6,14,10,2578
36.0,6,14,11,2586
36.0,6,14,12,2594
36.0,6,14,13,2601
36.0,6,14,14,2609
36.0,6,14,15,2617
36.0,6,15,0,2506
36.0,6,15,1,2514
36.0,6,15,2,2523
36.0,6,15,3,2531
36.0,6,15,4,2539
36.0,6,15,5,2547
36.0,6,15,6,2554
36.0,6,15,7,2562
36.0,6,15,8,2570
36.0,6,15,9,2578
36.0,6,15,10,2586
36.0,6,15,11,2594
36.0,6,15,12,2602
36.0,6,15,13,2609
36.0,6,15,14,2617
36.0,6,15,15,2625
36.0,7,0,0,2398
36.0,7,0,1,2406
36.0,7,0,2,2413
36.0,7,0,3,2421
36.0,7,0,4,2429
36.0,7,0,5,2436
36.0,7,0,6,2444
36.0,7,0,7,2452
36.0,7,0,8,2459
36.0,7,0,9,2467
36.0,7,0,10,2474
36.0,7,0,11,2482
36.0,7,0,12,2489
36.0,7,0,13,2497
36.0,7,0,14,2504
36.0,7,0,15,2511
36.0,7,1,0,2406
36.0,7,1,1,2414
36.0,7,1,2,2421
36.0,7,1,3,2429
36.0,7,1,4,2437
36.0,7,1,5,2445
36.0,7,1,6,2452
36.0,7,1,7,2460
36.0,7,1,8,2467
36.0,7,1,9,2475
36.0,7,1,10,2482
36.0,7,1,11,2490
36.0,7,1,12,2497
36.0,7,1,13,2505
36.0,7,1,14,2512
36.0,7,1,15,2520
36.0,7,2,0,2414
36.0,7,2,1,2422
36.0,7,2,2,2430
36.0,7,2,3,2437
36.0,7,2,4,2445
36.0,7,2,5,2453
36.0,7,2,6,2460
36.0,7,2,7,2468
36.0,7,2,8,2476
36.0,7,2,9,2483
36.0,7,2,10,2491
36.0,7,2,11,2498
36.0,7,2,12,2506
36.0,7,2,13,2513
36.0,7,2,14,2521
36.0,7,2,15,2528
36.0,7,3,0,2422
36.0,7,3,1,2430
36.0,7,3,2,2438
36.0,7,3,3,2445
36.0,7,3,4,2453
36.0,7,3,5,2461
36.0,7,3,6,2468
36.0,7,3,7,2476
36.0,7,3,8,2484
36.0,7,3,9,2491
36.0,7,3,10,2499
36.0,7,3,11,2506
36.0,7,3,12,2514
36.0,7,3,13,2522
36.0,7,3,14,2529
36.0,7,3,15,2537
36.0,7,4,0,2430
36.0,7,4,1,2438
36.0,7,4,2,2446
36.0,7,4,3,2453
36.0,7,4,4,2461
36.0,7,4,5,2469
36.0,7,4,6,2477
36.0,7,4,7,2484
36.0,7,4,8,2492
36.0,7,4,9,2500
36.0,7,4,10,2507
36.0,7,4,11,2515
36.0,7,4,12,2522
36.0,7,4,13,2530
36.0,7,4,14,2537
36.0,7,4,15,2545
36.0,7,5,0,2438
36.0,7,5,1,2446
36.0,7,5,2,2454
36.0,7,5,3,2461
36.0,7,5,4,2469
36.0,7,5,5,2477
36.0,7,5,6,2485
36.0,7,5,7,2492
36.0,7,5,8,2500
36.0,7,5,9,2508
36.0,7,5,10,2515
36.0,7,5,11,2523
36.0,7,5,12,2531
36.0,7,5,13,2538
36.0,7,5,14,2546
36.0,7,5,15,2553
36.0,7,6,0,2446
36.0,7,6,1,2454
36.0,7,6,2,2462
36.0,7,6,3,2469
36.0,7,6,4,2477
36.0,7,6,5,2485
36.0,7,6,6,2493
36.0,7,6,7,2500
36.0,7,6,8,2508
36.0,7,6,9,2516
36.0,7,6,10,2523
36.0,7,6,11,2531
36.0,7,6,12,2539
36.0,7,6,13,2546
36.0,7,6,14,2554
36.0,7,6,15,2561
36.0,7,7,0,2454
36.0,7,7,1,2462
36.0,7,7,2,2469
36.0,7,7,3,2477
36.0,7,7,4,2485
36.0,7,7,5,2493
36.0,7,7,6,2501
36.0,7,7,7,2508
36.0,7,7,8,2516
36.0,7,7,9,2524
36.0,7,7,10,2532
36.0,7,7,11,2539
36.0,7,7,12,2547
36.0,7,7,13,2555
36.0,7,7,14,2562
36.0,7,7,15,2570
36.0,7,8,0,2462
36.0,7,8,1,2469
36.0,7,8,2,2477
36.0,7,8,3,2485
36.0,7,8,4,2493
36.0,7,8,5,2501
36.0,7,8,6,2509
36.0,7,8,7,2516
36.0,7,8,8,2524
36.0,7,8,9,2532
36.0,7,8,10,2540
36.0,7,8,11,2547
36.0,7,8,12,2555
36.0,7,8,13,2563
36.0,7,8,14,2570
36.0,7,8,15,2578
36.0,7,9,0,2469
36.0,7,9,1,2477
36.0,7,9,2,2485
36.0,7,9,3,2493
36.0,7,9,4,2501
36.0,7,9,5,2509
36.0,7,9,6,2517
36.0,7,9,7,2524
36.0,7,9,8,2532
36.0,7,9,9,2540
36.0,7,9,10,2548
36.0,7,9,11,2555
36.0,7,9,12,2563
36.0,7,9,13,2571
36.0,7,9,14,2578
36.0,7,9,15,2586
36.0,7,10,0,2477
36.0,7,10,1,2485
36.0,7,10,2,2493
36.0,7,10,3,2501
36.0,7,10,4,2509
36.0,7,10,5,2517
36.0,7,10,6,2525
36.0,7,10,7,2532
36.0,7,10,8,2540
36.0,7,10,9,2548
36.0,7,10,10,2556
36.0,7,10,11,2564
36.0,7,10,12,2571
36.0,7,10,13,2579
36.0,7,10,14,2587
36.0,7,10,15,2594
36.0,7,11,0,2485
36.0,7,11,1,2493
36.0,7,11,2,2501
36.0,7,11,3,2509
36.0,7,11,4,2517
36.0,7,11,5,2525
36.0,7,11,6,2533
36.0,7,11,7,2540
36.0,7,11,8,2548
36.0,7,11,9,2556
36.0,7,11,10,2564
36.0,7,11,11,2572
36.0,7,11,12,2579
36.0,7,11,13,2587
36.0,7,11,14,2595
36.0,7,11,15,2602
36.0,7,12,0,2493
36.0,7,12,1,2501
36.0,7,12,2,2509
36.0,7,12,3,2517
36.0,7,12,4,2525
36.0,7,12,5,2533
36.0,7,12,6,2540
36.0,7,12,7,2548
36.0,7,12,8,2556
36.0,7,12,9,2564
36.0,7,12,10,2572
36.0,7,12,11,2580
36.0,7,12,12,2587
36.0,7,12,13,2595
36.0,7,12,14,2603
36.0,7,12,15,2611
36.0,7,13,0,2500
36.0,7,13,1,2508
36.0,7,13,2,2516
36.0,7,13,3,2524
36.0,7,13,4,2532
36.0,7,13,5,2540
36.0,7,13,6,2548
36.0,7,13,7,2556
36.0,7,13,8,2564
36.0,7,13,9,2572
36.0,7,13,10,2580
36.0,7,13,11,2588
36.0,7,13,12,2595
36.0,7,13,13,2603
36.0,7,13,14,2611
36.0,7,13,15,2619
36.0,7,14,0,2508
36.0,7,14,1,2516
36.0,7,14,2,2524
36.0,7,14,3,2532
36.0,7,14,4,2540
36.0,7,14,5,2548
36.0,7,14,6,2556
36.0,7,14,7,2564
36.0,7,14,8,2572
36.0,7,14,9,2580
36.0,7,14,10,2588
36.0,7,14,11,2596
36.0,7,14,12,2603
36.0,7,14,13,2611
36.0,7,14,14,2619
36.0,7,14,15,2627
36.0,7,15,0,2516
36.0,7,15,1,2524
36.0,7,15,2,2532
36.0,7,15,3,2540
36.0,7,15,4,2548
36.0,7,15,5,2556
36.0,7,15,6,2564
36.0,7,15,7,2572
36.0,7,15,8,2580
36.0,7,15,9,2588
36.0,7,15,10,2596
36.0,7,15,11,2604
36.0,7,15,12,2611
36.0,7,15,13,2619
36.0,7,15,14,2627
36.0,7,15,15,2635
36.0,8,0,0,2407
36.0,8,0,1,2415
36.0,8,0,2,2422
36.0,8,0,3,2430
36.0,8,0,4,2438
36.0,8,0,5,2445
36.0,8,0,6,2453
36.0,8,0,7,2461
36.0,8,0,8,2468
36.0,8,0,9,2476
36.0,8,0,10,2483
36.0,8,0,11,2491
36.0,8,0,12,2498
36.0,8,0,13,2506
36.0,8,0,14,2513
36.0,8,0,15,2521
36.0,8,1,0,2415
36.0,8,1,1,2423
36.0,8,1,2,2431
36.0,8,1,3,2438
36.0,8,1,4,2446
36.0,8,1,5,2454
36.0,8,1,6,2461
36.0,8,1,7,2469
36.0,8,1,8,2477
36.0,8,1,9,2484
36.0,8,1,10,2492
36.0,8,1,11,2499
36.0,8,1,12,2507
36.0,8,1,13,2514
36.0,8,1,14,2522
36.0,8,1,15,2529
36.0,8,2,0,2423
36.0,8,2,1,2431
36.0,8,2,2,2439
36.0,8,2,3,2446
36.0,8,2,4,2454
36.0,8,2,5,2462
36.0,8,2,6,2469
36.0,8,2,7,2477
36.0,8,2,8,2485
36.0,8,2,9,2492
36.0,8,2,10,2500
36.0,8,2,11,2508
36.0,8,2,12,2515
36.0,8,2,13,2523
36.0,8,2,14,2530
36.0,8,2,15,2538
36.0,8,3,0,2431
36.0,8,3,1,2439
36.0,8,3,2,2447
36.0,8,3,3,2454
36.0,8,3,4,2462
36.0,8,3,5,2470
36.0,8,3,6,2478
36.0,8,3,7,2485
36.0,8,3,8,2493
36.0,8,3,9,2501
36.0,8,3,10,2508
36.0,8,3,11,2516
36.0,8,3,12,2523
36.0,8,3,13,2531
36.0,8,3,14,2538
36.0,8,3,15,2546
36.0,8,4,0,2439
36.0,8,4,1,2447
36.0,8,4,2,2455
36.0,8,4,3,2463
36.0,8,4,4,2470
36.0,8,4,5,2478
36.0,8,4,6,2486
36.0,8,4,7,2493
36.0,8,4,8,2501
36.0,8,4,9,2509
36.0,8,4,10,2516
36.0,8,4,11,2524
36.0,8,4,12,2532
36.0,8,4,13,2539
36.0,8,4,14,2547
36.0,8,4,15,2554
36.0,8,5,0,2447
36.0,8,5,1,2455
36.0,8,5,2,2463
36.0,8,5,3,2471
36.0,8,5,4,2478
36.0,8,5,5,2486
36.0,8,5,6,2494
36.0,8,5,7,2502
36.0,8,5,8,2509
36.0,8,5,9,2517
36.0,8,5,10,2525
36.0,8,5,11,2532
36.0,8,5,12,2540
36.0,8,5,13,2548
36.0,8,5,14,2555
36.0,8,5,15,2563
36.0,8,6,0,2455
36.0,8,6,1,2463
36.0,8,6,2,2471
36.0,8,6,3,2479
36.0,8,6,4,2486
36.0,8,6,5,2494
36.0,8,6,6,2502
36.0,8,6,7,2510
36.0,8,6,8,2517
36.0,8,6,9,2525
36.0,8,6,10,2533
36.0,8,6,11,2541
36.0,8,6,12,2548
36.0,8,6,13,2556
36.0,8,6,14,2563
36.0,8,6,15,2571
36.0,8,7,0,2463
36.0,8,7,1,2471
36.0,8,7,2,2479
36.0,8,7,3,2487
36.0,8,7,4,2494
36.0,8,7,5,2502
36.0,8,7,6,2510
36.0,8,7,7,2518
36.0,8,7,8,2526
36.0,8,7,9,2533
36.0,8,7,10,2541
36.0,8,7,11,2549
36.0,8,7,12,2556
36.0,8,7,13,2564
36.0,8,7,14,2572
36.0,8,7,15,2579
36.0,8,8,0,2471
36.0,8,8,1,2479
36.0,8,8,2,2487
36.0,8,8,3,2495
36.0,8,8,4,2502
36.0,8,8,5,2510
36.0,8,8,6,2518
36.0,8,8,7,2526
36.0,8,8,8,2534
36.0,8,8,9,2541
36.0,8,8,10,2549
36.0,8,8,11,2557
36.0,8,8,12,2565
36.0,8,8,13,2572
36.0,8,8,14,2580
36.0,8,8,15,2588
36.0,8,9,0,2479
36.0,8,9,1,2487
36.0,8,9,2,2495
36.0,8,9,3,2502
36.0,8,9,4,2510
36.0,8,9,5,2518
36.0,8,9,6,2526
36.0,8,9,7,2534
36.0,8,9,8,2542
36.0,8,9,9,2550
36.0,8,9,10,2557
36.0,8,9,11,2565
36.0,8,9,12,2573
36.0,8,9,13,2580
36.0,8,9,14,2588
36.0,8,9,15,2596
36.0,8,10,0,2486
36.0,8,10,1,2494
36.0,8,10,2,2502
36.0,8,10,3,2510
36.0,8,10,4,2518
36.0,8,10,5,2526
36.0,8,10,6,2534
36.0,8,10,7,2542
36.0,8,10,8,2550
36.0,8,10,9,2558
36.0,8,10,10,2565
36.0,8,10,11,2573
36.0,8,10,12,2581
36.0,8,10,13,2589
36.0,8,10,14,2596
36.0,8,10,15,2604
36.0,8,11,0,2494
36.0,8,11,1,2502
36.0,8,11,2,2510
36.0,8,11,3,2518
36.0,8,11,4,2526
36.0,8,11,5,2534
36.0,8,11,6,2542
36.0,8,11,7,2550
36.0,8,11,8,2558
36.0,8,11,9,2566
36.0,8,11,10,2573
36.0,8,11,11,2581
36.0,8,11,12,2589
36.0,8,11,13,2597
36.0,8,11,14,2604
36.0,8,11,15,2612
36.0,8,12,0,2502
36.0,8,12,1,2510
36.0,8,12,2,2518
36.0,8,12,3,2526
36.0,8,12,4,2534
36.0,8,12,5,2542
36.0,8,12,6,2550
36.0,8,12,7,2558
36.0,8,12,8,2566
36.0,8,12,9,2574
36.0,8,12,10,2581
36.0,8,12,11,2589
36.0,8,12,12,2597
36.0,8,12,13,2605
36.0,8,12,14,2613
36.0,8,12,15,2620
36.0,8,13,0,2510
36.0,8,13,1,2518
36.0,8,13,2,2526
36.0,8,13,3,2534
36.0,8,13,4,2542
36.0,8,13,5,2550
36.0,8,13,6,2558
36.0,8,13,7,2566
36.0,8,13,8,2574
36.0,8,13,9,2582
36.0,8,13,10,2589
36.0,8,13,11,2597
36.0,8,13,12,2605
36.0,8,13,13,2613
36.0,8,13,14,2621
36.0,8,13,15,2628
36.0,8,14,0,2517
36.0,8,14,1,2526
36.0,8,14,2,2534
36.0,8,14,3,2542
36.0,8,14,4,2550
36.0,8,14,5,2558
36.0,8,14,6,2566
36.0,8,14,7,2574
36.0,8,14,8,2582
36.0,8,14,9,2590
36.0,8,14,10,2597
36.0,8,14,11,2605
36.0,8,14,12,2613
36.0,8,14,13,2621
36.0,8,14,14,2629
36.0,8,14,15,2637
36.0,8,15,0,2525
36.0,8,15,1,2533
36.0,8,15,2,2541
36.0,8,15,3,2550
36.0,8,15,4,2558
36.0,8,15,5,2566
36.0,8,15,6,2574
36.0,8,15,7,2582
36.0,8,15,8,2590
36.0,8,15,9,2597
36.0,8,15,10,2605
36.0,8,15,11,2613
36.0,8,15,12,2621
36.0,8,15,13,2629
36.0,8,15,14,2637
36.0,8,15,15,2645
36.0,9,0,0,2416
36.0,9,0,1,2424
36.0,9,0,2,2431
36.0,9,0,3,2439
36.0,9,0,4,2447
36.0,9,0,5,2455
36.0,9,0,6,2462
36.0,9,0,7,2470
36.0,9,0,8,2477
36.0,9,0,9,2485
36.0,9,0,10,2493
36.0,9,0,11,2500
36.0,9,0,12,2508
36.0,9,0,13,2515
36.0,9,0,14,2523
36.0,9,0,15,2530
36.0,9,1,0,2424
36.0,9,1,1,2432
36.0,9,1,2,2440
36.0,9,1,3,2447
36.0,9,1,4,2455
36.0,9,1,5,2463
36.0,9,1,6,2470
36.0,9,1,7,2478
36.0,9,1,8,2486
36.0,9,1,9,2493
36.0,9,1,10,2501
36.0,9,1,11,2509
36.0,9,1,12,2516
36.0,9,1,13,2524
36.0,9,1,14,2531
36.0,9,1,15,2539
36.0,9,2,0,2432
36.0,9,2,1,2440
36.0,9,2,2,2448
36.0,9,2,3,2455
36.0,9,2,4,2463
36.0,9,2,5,2471
36.0,9,2,6,2479
36.0,9,2,7,2486
36.0,9,2,8,2494
36.0,9,2,9,2502
36.0,9,2,10,2509
36.0,9,2,11,2517
36.0,9,2,12,2524
36.0,9,2,13,2532
36.0,9,2,14,2540
36.0,9,2,15,2547
36.0,9,3,0,2440
36.0,9,3,1,2448
36.0,9,3,2,2456
36.0,9,3,3,2464
36.0,9,3,4,2471
36.0,9,3,5,2479
36.0,9,3,6,2487
36.0,9,3,7,2495
36.0,9,3,8,2502
36.0,9,3,9,2510
36.0,9,3,10,2518
36.0,9,3,11,2525
36.0,9,3,12,2533
36.0,9,3,13,2540
36.0,9,3,14,2548
36.0,9,3,15,2555
36.0,9,4,0,2448
36.0,9,4,1,2456
36.0,9,4,2,2464
36.0,9,4,3,2472
36.0,9,4,4,2479
36.0,9,4,5,2487
36.0,9,4,6,2495
36.0,9,4,7,2503
36.0,9,4,8,2510
36.0,9,4,9,2518
36.0,9,4,10,2526
36.0,9,4,11,2533
36.0,9,4,12,2541
36.0,9,4,13,2549
36.0,9,4,14,2556
36.0,9,4,15,2564
36.0,9,5,0,2456
36.0,9,5,1,2464
36.0,9,5,2,2472
36.0,9,5,3,2480
36.0,9,5,4,2488
36.0,9,5,5,2495
36.0,9,5,6,2503
36.0,9,5,7,2511
36.0,9,5,8,2519
36.0,9,5,9,2526
36.0,9,5,10,2534
36.0,9,5,11,2542
36.0,9,5,12,2549
36.0,9,5,13,2557
36.0,9,5,14,2565
36.0,9,5,15,2572
36.0,9,6,0,2464
36.0,9,6,1,2472
36.0,9,6,2,2480
36.0,9,6,3,2488
36.0,9,6,4,2496
36.0,9,6,5,2503
36.0,9,6,6,2511
36.0,9,6,7,2519
36.0,9,6,8,2527
36.0,9,6,9,2535
36.0,9,6,10,2542
36.0,9,6,11,2550
36.0,9,6,12,2558
36.0,9,6,13,2565
36.0,9,6,14,2573
36.0,9,6,15,2581
36.0,9,7,0,2472
36.0,9,7,1,2480
36.0,9,7,2,2488
36.0,9,7,3,2496
36.0,9,7,4,2504
36.0,9,7,5,2512
36.0,9,7,6,2519
36.0,9,7,7,2527
36.0,9,7,8,2535
36.0,9,7,9,2543
36.0,9,7,10,2550
36.0,9,7,11,2558
36.0,9,7,12,2566
36.0,9,7,13,2574
36.0,9,7,14,2581
36.0,9,7,15,2589
36.0,9,8,0,2480
36.0,9,8,1,2488
36.0,9,8,2,2496
36.0,9,8,3,2504
36.0,9,8,4,2512
36.0,9,8,5,2520
36.0,9,8,6,2527
36.0,9,8,7,2535
36.0,9,8,8,2543
36.0,9,8,9,2551
36.0,9,8,10,2559
36.0,9,8,11,2566
36.0,9,8,12,2574
36.0,9,8,13,2582
36.0,9,8,14,2589
36.0,9,8,15,2597
36.0,9,9,0,2488
36.0,9,9,1,2496
36.0,9,9,2,2504
36.0,9,9,3,2512
36.0,9,9,4,2520
36.0,9,9,5,2528
36.0,9,9,6,2535
36.0,9,9,7,2543
36.0,9,9,8,2551
36.0,9,9,9,2559
36.0,9,9,10,2567
36.0,9,9,11,2575
36.0,9,9,12,2582
36.0,9,9,13,2590
36.0,9,9,14,2598
36.0,9,9,15,2605
36.0,9,10,0,2496
36.0,9,10,1,2504
36.0,9,10,2,2512
36.0,9,10,3,2520
36.0,9,10,4,2528
36.0,9,10,5,2536
36.0,9,10,6,2543
36.0,9,10,7,2551
36.0,9,10,8,2559
36.0,9,10,9,2567
36.0,9,10,10,2575
36.0,9,10,11,2583
36.0,9,10,12,2590
36.0,9,10,13,2598
36.0,9,10,14,2606
36.0,9,10,15,2614
36.0,9,11,0,2503
36.0,9,11,1,2512
36.0,9,11,2,2520
36.0,9,11,3,2528
36.0,9,11,4,2536
36.0,9,11,5,2544
36.0,9,11,6,2551
36.0,9,11,7,2559
36.0,9,11,8,2567
36.0,9,11,9,2575
36.0,9,11,10,2583
36.0,9,11,11,2591
36.0,9,11,12,2599
36.0,9,11,13,2606
36.0,9,11,14,2614
36.0,9,11,15,2622
36.0,9,12,0,2511
36.0,9,12,1,2519
36.0,9,12,2,2527
36.0,9,12,3,2535
36.0,9,12,4,2543
36.0,9,12,5,2551
36.0,9,12,6,2559
36.0,9,12,7,2567
36.0,9,12,8,2575
36.0,9,12,9,2583
36.0,9,12,10,2591
36.0,9,12,11,2599
36.0,9,12,12,2607
36.0,9,12,13,2615
36.0,9,12,14,2622
36.0,9,12,15,2630
36.0,9,13,0,2519
36.0,9,13,1,2527
36.0,9,13,2,2535
36.0,9,13,3,2543
36.0,9,13,4,2551
36.0,9,13,5,2559
36.0,9,13,6,2567
36.0,9,13,7,2575
36.0,9,13,8,2583
36.0,9,13,9,2591
36.0,9,13,10,2599
36.0,9,13,11,2607
36.0,9,13,12,2615
36.0,9,13,13,2623
36.0,9,13,14,2630
36.0,9,13,15,2638
36.0,9,14,0,2527
36.0,9,14,1,2535
36.0,9,14,2,2543
36.0,9,14,3,2551
36.0,9,14,4,2559
36.0,9,14,5,2567
36.0,9,14,6,2575
36.0,9,14,7,2583
36.0,9,14,8,2591
36.0,9,14,9,2599
36.0,9,14,10,2607
36.0,9,14,11,2615
36.0,9,14,12,2623
36.0,9,14,13,2631
36.0,9,14,14,2639
36.0,9,14,15,2646
36.0,9,15,0,2535
36.0,9,15,1,2543
36.0,9,15,2,2551
36.0,9,15,3,2559
36.0,9,15,4,2567
36.0,9,15,5,2575
36.0,9,15,6,2583
36.0,9,15,7,2591
36.0,9,15,8,2599
36.0,9,15,9,2607
36.0,9,15,10,2615
36.0,9,15,11,2623
36.0,9,15,12,2631
36.0,9,15,13,2639
36.0,9,15,14,2647
36.0,9,15,15,2654
36.0,10,0,0,2425
36.0,10,0,1,2433
36.0,10,0,2,2440
36.0,10,0,3,2448
36.0,10,0,4,2456
36.0,10,0,5,2464
36.0,10,0,6,2471
36.0,10,0,7,2479
36.0,10,0,8,2487
36.0,10,0,9,2494
36.0,10,0,10,2502
36.0,10,0,11,2509
36.0,10,0,12,2517
36.0,10,0,13,2524
36.0,10,0,14,2532
36.0,10,0,15,2539
36.0,10,1,0,2433
36.0,10,1,1,2441
36.0,10,1,2,2449
36.0,10,1,3,2456
36.0,10,1,4,2464
36.0,10,1,5,2472
36.0,10,1,6,2480
36.0,10,1,7,2487
36.0,10,1,8,2495
36.0,10,1,9,2503
36.0,10,1,10,2510
36.0,10,1,11,2518
36.0,10,1,12,2525
36.0,10,1,13,2533
36.0,10,1,14,2540
36.0,10,1,15,2548
36.0,10,2,0,2441
36.0,10,2,1,2449
36.0,10,2,2,2457
36.0,10,2,3,2465
36.0,10,2,4,2472
36.0,10,2,5,2480
36.0,10,2,6,2488
36.0,10,2,7,2496
36.0,10,2,8,2503
36.0,10,2,9,2511
36.0,10,2,10,2519
36.0,10,2,11,2526
36.0,10,2,12,2534
36.0,10,2,13,2541
36.0,10,2,14,2549
36.0,10,2,15,2556
36.0,10,3,0,2449
36.0,10,3,1,2457
36.0,10,3,2,2465
36.0,10,3,3,2473
36.0,10,3,4,2481
36.0,10,3,5,2488
36.0,10,3,6,2496
36.0,10,3,7,2504
36.0,10,3,8,2512
36.0,10,3,9,2519
36.0,10,3,10,2527
36.0,10,3,11,2535
36.0,10,3,12,2542
36.0,10,3,13,2550
36.0,10,3,14,2557
36.0,10,3,15,2565
36.0,10,4,0,2457
36.0,10,4,1,2465
36.0,10,4,2,2473
36.0,10,4,3,2481
36.0,10,4,4,2489
36.0,10,4,5,2496
36.0,10,4,6,2504
36.0,10,4,7,2512
36.0,10,4,8,2520
36.0,10,4,9,2528
36.0,10,4,10,2535
36.0,10,4,11,2543
36.0,10,4,12,2551
36.0,10,4,13,2558
36.0,10,4,14,2566
36.0,10,4,15,2573
36.0,10,5,0,2465
36.0,10,5,1,2473
36.0,10,5,2,2481
36.0,10,5,3,2489
36.0,10,5,4,2497
36.0,10,5,5,2505
36.0,10,5,6,2512
36.0,10,5,7,2520
36.0,10,5,8,2528
36.0,10,5,9,2536
36.0,10,5,10,2543
36.0,10,5,11,2551
36.0,10,5,12,2559
36.0,10,5,13,2566
36.0,10,5,14,2574
36.0,10,5,15,2582
36.0,10,6,0,2473
36.0,10,6,1,2481
36.0,10,6,2,2489
36.0,10,6,3,2497
36.0,10,6,4,2505
36.0,10,6,5,2513
36.0,10,6,6,2521
36.0,10,6,7,2528
36.0,10,6,8,2536
36.0,10,6,9,2544
36.0,10,6,10,2552
36.0,10,6,11,2559
36.0,10,6,12,2567
36.0,10,6,13,2575
36.0,10,6,14,2582
36.0,10,6,15,2590
36.0,10,7,0,2481
36.0,10,7,1,2489
36.0,10,7,2,2497
36.0,10,7,3,2505
36.0,10,7,4,2513
36.0,10,7,5,2521
36.0,10,7,6,2529
36.0,10,7,7,2537
36.0,10,7,8,2544
36.0,10,7,9,2552
36.0,10,7,10,2560
36.0,10,7,11,2568
36.0,10,7,12,2575
36.0,10,7,13,2583
36.0,10,7,14,2591
36.0,10,7,15,2598
36.0,10,8,0,2489
36.0,10,8,1,2497
36.0,10,8,2,2505
36.0,10,8,3,2513
36.0,10,8,4,2521
36.0,10,8,5,2529
36.0,10,8,6,2537
36.0,10,8,7,2545
36.0,10,8,8,2553
36.0,10,8,9,2560
36.0,10,8,10,2568
36.0,10,8,11,2576
36.0,10,8,12,2584
36.0,10,8,13,2591
36.0,10,8,14,2599
36.0,10,8,15,2607
36.0,10,9,0,2497
36.0,10,9,1,2505
36.0,10,9,2,2513
36.0,10,9,3,2521
36.0,10,9,4,2529
36.0,10,9,5,2537
36.0,10,9,6,2545
36.0,10,9,7,2553
36.0,10,9,8,2561
36.0,10,9,9,2568
36.0,10,9,10,2576
36.0,10,9,11,2584
36.0,10,9,12,2592
36.0,10,9,13,2600
36.0,10,9,14,2607
36.0,10,9,15,2615
36.0,10,10,0,2505
36.0,10,10,1,2513
36.0,10,10,2,2521
36.0,10,10,3,2529
36.0,10,10,4,2537
36.0,10,10,5,2545
36.0,10,10,6,2553
36.0,10,10,7,2561
36.0,10,10,8,2569
36.0,10,10,9,2577
36.0,10,10,10,2584
36.0,10,10,11,2592
36.0,10,10,12,2600
36.0,10,10,13,2608
36.0,10,10,14,2616
36.0,10,10,15,2623
36.0,10,11,0,2513
36.0,10,11,1,2521
36.0,10,11,2,2529
36.0,10,11,3,2537
36.0,10,11,4,2545
36.0,10,11,5,2553
36.0,10,11,6,2561
36.0,10,11,7,2569
36.0,10,11,8,2577
36.0,10,11,9,2585
36.0,10,11,10,2593
36.0,10,11,11,2600
36.0,10,11,12,2608
36.0,10,11,13,2616
36.0,10,11,14,2624
36.0,10,11,15,2632
36.0,10,12,0,2521
36.0,10,12,1,2529
36.0,10,12,2,2537
36.0,10,12,3,2545
36.0,10,12,4,2553
36.0,10,12,5,2561
36.0,10,12,6,2569
36.0,10,12,7,2577
36.0,10,12,8,2585
36.0,10,12,9,2593
36.0,10,12,10,2601
36.0,10,12,11,2609
36.0,10,12,12,2616
36.0,10,12,13,2624
36.0,10,12,14,2632
36.0,10,12,15,2640
36.0,10,13,0,2528
36.0,10,13,1,2537
36.0,10,13,2,2545
36.0,10,13,3,2553
36.0,10,13,4,2561
36.0,10,13,5,2569
36.0,10,13,6,2577
36.0,10,13,7,2585
36.0,10,13,8,2593
36.0,10,13,9,2601
36.0,10,13,10,2609
36.0,10,13,11,2617
36.0,10,13,12,2624
36.0,10,13,13,2632
36.0,10,13,14,2640
36.0,10,13,15,2648
36.0,10,14,0,2536
36.0,10,14,1,2544
36.0,10,14,2,2553
36.0,10,14,3,2561
36.0,10,14,4,2569
36.0,10,14,5,2577
36.0,10,14,6,2585
36.0,10,14,7,2593
36.0,10,14,8,2601
36.0,10,14,9,2609
36.0,10,14,10,2617
36.0,10,14,11,2625
36.0,10,14,12,2633
36.0,10,14,13,2640
36.0,10,14,14,2648
36.0,10,14,15,2656
36.0,10,15,0,2544
36.0,10,15,1,2552
36.0,10,15,2,2560
36.0,10,15,3,2568
36.0,10,15,4,2577
36.0,10,15,5,2585
36.0,10,15,6,2593
36.0,10,15,7,2601
36.0,10,15,8,2609
36.0,10,15,9,2617
36.0,10,15,10,2625
36.0,10,15,11,2633
36.0,10,15,12,2641
36.0,10,15,13,2649
36.0,10,15,14,2656
36.0,10,15,15,2664
36.0,11,0,0,2434
36.0,11,0,1,2442
36.0,11,0,2,2449
36.0,11,0,3,2457
36.0,11,0,4,2465
36.0,11,0,5,2473
36.0,11,0,6,2480
36.0,11,0,7,2488
36.0,11,0,8,2496
36.0,11,0,9,2503
36.0,11,0,10,2511
36.0,11,0,11,2519
36.0,11,0,12,2526
36.0,11,0,13,2534
36.0,11,0,14,2541
36.0,11,0,15,2549
36.0,11,1,0,2442
36.0,11,1,1,2450
36.0,11,1,2,2458
36.0,11,1,3,2465
36.0,11,1,4,2473
36.0,11,1,5,2481
36.0,11,1,6,2489
36.0,11,1,7,2496
36.0,11,1,8,2504
36.0,11,1,9,2512
36.0,11,1,10,2519
36.0,11,1,11,2527
36.0,11,1,12,2535
36.0,11,1,13,2542
36.0,11,1,14,2550
36.0,11,1,15,2557
36.0,11,2,0,2450
36.0,11,2,1,2458
36.0,11,2,2,2466
36.0,11,2,3,2474
36.0,11,2,4,2481
36.0,11,2,5,2489
36.0,11,2,6,2497
36.0,11,2,7,2505
36.0,11,2,8,2512
36.0,11,2,9,2520
36.0,11,2,10,2528
36.0,11,2,11,2536
36.0,11,2,12,2543
36.0,11,2,13,2551
36.0,11,2,14,2558
36.0,11,2,15,2566
36.0,11,3,0,2458
36.0,11,3,1,2466
36.0,11,3,2,2474
36.0,11,3,3,2482
36.0,11,3,4,2490
36.0,11,3,5,2497
36.0,11,3,6,2505
36.0,11,3,7,2513
36.0,11,3,8,2521
36.0,11,3,9,2529
36.0,11,3,10,2536
36.0,11,3,11,2544
36.0,11,3,12,2552
36.0,11,3,13,2559
36.0,11,3,14,2567
36.0,11,3,15,2574
36.0,11,4,0,2466
36.0,11,4,1,2474
36.0,11,4,2,2482
36.0,11,4,3,2490
36.0,11,4,4,2498
36.0,11,4,5,2506
36.0,11,4,6,2514
36.0,11,4,7,2521
36.0,11,4,8,2529
36.0,11,4,9,2537
36.0,11,4,10,2545
36.0,11,4,11,2552
36.0,11,4,12,2560
36.0,11,4,13,2568
36.0,11,4,14,2575
36.0,11,4,15,2583
36.0,11,5,0,2474
36.0,11,5,1,2482
36.0,11,5,2,2490
36.0,11,5,3,2498
36.0,11,5,4,2506
36.0,11,5,5,2514
36.0,11,5,6,2522
36.0,11,5,7,2530
36.0,11,5,8,2537
36.0,11,5,9,2545
36.0,11,5,10,2553
36.0,11,5,11,2561
36.0,11,5,12,2568
36.0,11,5,13,2576
36.0,11,5,14,2584
36.0,11,5,15,2591
36.0,11,6,0,2482
36.0,11,6,1,2490
36.0,11,6,2,2498
36.0,11,6,3,2506
36.0,11,6,4,2514
36.0,11,6,5,2522
36.0,11,6,6,2530
36.0,11,6,7,2538
36.0,11,6,8,2546
36.0,11,6,9,2553
36.0,11,6,10,2561
36.0,11,6,11,2569
36.0,11,6,12,2577
36.0,11,6,13,2584
36.0,11,6,14,2592
36.0,11,6,15,2600
36.0,11,7,0,2490
36.0,11,7,1,2498
36.0,11,7,2,2506
36.0,11,7,3,2514
36.0,11,7,4,2522
36.0,11,7,5,2530
36.0,11,7,6,2538
36.0,11,7,7,2546
36.0,11,7,8,2554
36.0,11,7,9,2562
36.0,11,7,10,2569
36.0,11,7,11,2577
36.0,11,7,12,2585
36.0,11,7,13,2593
36.0,11,7,14,2600
36.0,11,7,15,2608
36.0,11,8,0,2498
36.0,11,8,1,2506
36.0,11,8,2,2514
36.0,11,8,3,2522
36.0,11,8,4,2530
36.0,11,8,5,2538
36.0,11,8,6,2546
36.0,11,8,7,2554
36.0,11,8,8,2562
36.0,11,8,9,2570
36.0,11,8,10,2578
36.0,11,8,11,2585
36.0,11,8,12,2593
36.0,11,8,13,2601
36.0,11,8,14,2609
36.0,11,8,15,2616
36.0,11,9,0,2506
36.0,11,9,1,2514
36.0,11,9,2,2522
36.0,11,9,3,2530
36.0,11,9,4,2538
36.0,11,9,5,2546
36.0,11,9,6,2554
36.0,11,9,7,2562
36.0,11,9,8,2570
36.0,11,9,9,2578
36.0,11,9,10,2586
36.0,11,9,11,2594
36.0,11,9,12,2601
36.0,11,9,13,2609
36.0,11,9,14,2617
36.0,11,9,15,2625
36.0,11,10,0,2514
36.0,11,10,1,2522
36.0,11,10,2,2530
36.0,11,10,3,2538
36.0,11,10,4,2546
36.0,11,10,5,2554
36.0,11,10,6,2562
36.0,11,10,7,2570
36.0,11,10,8,2578
36.0,11,10,9,2586
36.0,11,10,10,2594
36.0,11,10,11,2602
36.0,11,10,12,2610
36.0,11,10,13,2617
36.0,11,10,14,2625
36.0,11,10,15,2633
36.0,11,11,0,2522
36.0,11,11,1,2530
36.0,11,11,2,2538
36.0,11,11,3,2546
36.0,11,11,4,2554
36.0,11,11,5,2562
36.0,11,11,6,2570
36.0,11,11,7,2578
36.0,11,11,8,2586
36.0,11,11,9,2594
36.0,11,11,10,2602
36.0,11,11,11,2610
36.0,11,11,12,2618
36.0,11,11,13,2626
36.0,11,11,14,2633
36.0,11,11,15,2641
36.0,11,12,0,2530
36.0,11,12,1,2538
36.0,11,12,2,2546
36.0,11,12,3,2554
36.0,11,12,4,2562
36.0,11,12,5,2570
36.0,11,12,6,2578
36.0,11,12,7,2586
36.0,11,12,8,2594
36.0,11,12,9,2602
36.0,11,12,10,2610
36.0,11,12,11,2618
36.0,11,12,12,2626
36.0,11,12,13,2634
36.0,11,12,14,2642
36.0,11,12,15,2650
36.0,11,13,0,2538
36.0,11,13,1,2546
36.0,11,13,2,2554
36.0,11,13,3,2562
36.0,11,13,4,2570
36.0,11,13,5,2578
36.0,11,13,6,2586
36.0,11,13,7,2594
36.0,11,13,8,2602
36.0,11,13,9,2610
36.0,11,13,10,2618
36.0,11,13,11,2626
36.0,11,13,12,2634
36.0,11,13,13,2642
36.0,11,13,14,2650
36.0,11,13,15,2658
36.0,11,14,0,2546
36.0,11,14,1,2554
36.0,11,14,2,2562
36.0,11,14,3,2570
36.0,11,14,4,2578
36.0,11,14,5,2586
36.0,11,14,6,2594
36.0,11,14,7,2602
36.0,11,14,8,2610
36.0,11,14,9,2618
36.0,11,14,10,2626
36.0,11,14,11,2634
36.0,11,14,12,2642
36.0,11,14,13,2650
36.0,11,14,14,2658
36.0,11,14,15,2666
36.0,11,15,0,2553
36.0,11,15,1,2562
36.0,11,15,2,2570
36.0,11,15,3,2578
36.0,11,15,4,2586
36.0,11,15,5,2594
36.0,11,15,6,2602
36.0,11,15,7,2610
36.0,11,15,8,2618
36.0,11,15,9,2626
36.0,11,15,10,2634
36.0,11,15,11,2642
36.0,11,15,12,2650
36.0,11,15,13,2658
36.0,11,15,14,2666
36.0,11,15,15,2674
36.0,12,0,0,2443
36.0,12,0,1,2451
36.0,12,0,2,2458
36.0,12,0,3,2466
36.0,12,0,4,2474
36.0,12,0,5,2482
36.0,12,0,6,2490
36.0,12,0,7,2497
36.0,12,0,8,2505
36.0,12,0,9,2513
36.0,12,0,10,2520
36.0,12,0,11,2528
36.0,12,0,12,2536
36.0,12,0,13,2543
36.0,12,0,14,2551
36.0,12,0,15,2558
36.0,12,1,0,2451
36.0,12,1,1,2459
36.0,12,1,2,2467
36.0,12,1,3,2475
36.0,12,1,4,2482
36.0,12,1,5,2490
36.0,12,1,6,2498
36.0,12,1,7,2506
36.0,12,1,8,2513
36.0,12,1,9,2521
36.0,12,1,10,2529
36.0,12,1,11,2536
36.0,12,1,12,2544
36.0,12,1,13,2552
36.0,12,1,14,2559
36.0,12,1,15,2567
36.0,12,2,0,2459
36.0,12,2,1,2467
36.0,12,2,2,2475
36.0,12,2,3,2483
36.0,12,2,4,2491
36.0,12,2,5,2498
36.0,12,2,6,2506
36.0,12,2,7,2514
36.0,12,2,8,2522
36.0,12,2,9,2529
36.0,12,2,10,2537
36.0,12,2,11,2545
36.0,12,2,12,2552
36.0,12,2,13,2560
36.0,12,2,14,2568
36.0,12,2,15,2575
36.0,12,3,0,2467
36.0,12,3,1,2475
36.0,12,3,2,2483
36.0,12,3,3,2491
36.0,12,3,4,2499
36.0,12,3,5,2507
36.0,12,3,6,2514
36.0,12,3,7,2522
36.0,12,3,8,2530
36.0,12,3,9,2538
36.0,12,3,10,2546
36.0,12,3,11,2553
36.0,12,3,12,2561
36.0,12,3,13,2569
36.0,12,3,14,2576
36.0,12,3,15,2584
36.0,12,4,0,2475
36.0,12,4,1,2483
36.0,12,4,2,2491
36.0,12,4,3,2499
36.0,12,4,4,2507
36.0,12,4,5,2515
36.0,12,4,6,2523
36.0,12,4,7,2531
36.0,12,4,8,2538
36.0,12,4,9,2546
36.0,12,4,10,2554
36.0,12,4,11,2562
36.0,12,4,12,2569
36.0,12,4,13,2577
36.0,12,4,14,2585
36.0,12,4,15,2592
36.0,12,5,0,2483
36.0,12,5,1,2491
36.0,12,5,2,2499
36.0,12,5,3,2507
36.0,12,5,4,2515
36.0,12,5,5,2523
36.0,12,5,6,2531
36.0,12,5,7,2539
36.0,12,5,8,2547
36.0,12,5,9,2554
36.0,12,5,10,2562
36.0,12,5,11,2570
36.0,12,5,12,2578
36.0,12,5,13,2585
36.0,12,5,14,2593
36.0,12,5,15,2601
36.0,12,6,0,2491
36.0,12,6,1,2499
36.0,12,6,2,2507
36.0,12,6,3,2515
36.0,12,6,4,2523
36.0,12,6,5,2531
36.0,12,6,6,2539
36.0,12,6,7,2547
36.0,12,6,8,2555
36.0,12,6,9,2563
36.0,12,6,10,2571
36.0,12,6,11,2578
36.0,12,6,12,2586
36.0,12,6,13,2594
36.0,12,6,14,2602
36.0,12,6,15,2609
36.0,12,7,0,2499
36.0,12,7,1,2508
36.0,12,7,2,2516
36.0,12,7,3,2524
36.0,12,7,4,2532
36.0,12,7,5,2539
36.0,12,7,6,2547
36.0,12,7,7,2555
36.0,12,7,8,2563
36.0,12,7,9,2571
36.0,12,7,10,2579
36.0,12,7,11,2587
36.0,12,7,12,2594
36.0,12,7,13,2602
36.0,12,7,14,2610
36.0,12,7,15,2618
36.0,12,8,0,2507
36.0,12,8,1,2516
36.0,12,8,2,2524
36.0,12,8,3,2532
36.0,12,8,4,2540
36.0,12,8,5,2548
36.0,12,8,6,2556
36.0,12,8,7,2563
36.0,12,8,8,2571
36.0,12,8,9,2579
36.0,12,8,10,2587
36.0,12,8,11,2595
36.0,12,8,12,2603
36.0,12,8,13,2611
36.0,12,8,14,2618
36.0,12,8,15,2626
36.0,12,9,0,2515
36.0,12,9,1,2524
36.0,12,9,2,2532
36.0,12,9,3,2540
36.0,12,9,4,2548
36.0,12,9,5,2556
36.0,12,9,6,2564
36.0,12,9,7,2572
36.0,12,9,8,2580
36.0,12,9,9,2587
36.0,12,9,10,2595
36.0,12,9,11,2603
36.0,12,9,12,2611
36.0,12,9,13,2619
36.0,12,9,14,2627
36.0,12,9,15,2634
36.0,12,10,0,2523
36.0,12,10,1,2532
36.0,12,10,2,2540
36.0,12,10,3,2548
36.0,12,10,4,2556
36.0,12,10,5,2564
36.0,12,10,6,2572
36.0,12,10,7,2580
36.0,12,10,8,2588
36.0,12,10,9,2596
36.0,12,10,10,2604
36.0,12,10,11,2611
36.0,12,10,12,2619
36.0,12,10,13,2627
36.0,12,10,14,2635
36.0,12,10,15,2643
36.0,12,11,0,2531
36.0,12,11,1,2539
36.0,12,11,2,2548
36.0,12,11,3,2556
36.0,12,11,4,2564
36.0,12,11,5,2572
36.0,12,11,6,2580
36.0,12,11,7,2588
36.0,12,11,8,2596
36.0,12,11,9,2604
36.0,12,11,10,2612
36.0,12,11,11,2620
36.0,12,11,12,2627
36.0,12,11,13,2635
36.0,12,11,14,2643
36.0,12,11,15,2651
36.0,12,12,0,2539
36.0,12,12,1,2547
36.0,12,12,2,2556
36.0,12,12,3,2564
36.0,12,12,4,2572
36.0,12,12,5,2580
36.0,12,12,6,2588
36.0,12,12,7,2596
36.0,12,12,8,2604
36.0,12,12,9,2612
36.0,12,12,10,2620
36.0,12,12,11,2628
36.0,12,12,12,2636
36.0,12,12,13,2644
36.0,12,12,14,2651
36.0,12,12,15,2659
36.0,12,13,0,2547
36.0,12,13,1,2555
36.0,12,13,2,2563
36.0,12,13,3,2572
36.0,12,13,4,2580
36.0,12,13,5,2588
36.0,12,13,6,2596
36.0,12,13,7,2604
36.0,12,13,8,2612
36.0,12,13,9,2620
36.0,12,13,10,2628
36.0,12,13,11,2636
36.0,12,13,12,2644
36.0,12,13,13,2652
36.0,12,13,14,2660
36.0,12,13,15,2667
36.0,12,14,0,2555
36.0,12,14,1,2563
36.0,12,14,2,2571
36.0,12,14,3,2580
36.0,12,14,4,2588
36.0,12,14,5,2596
36.0,12,14,6,2604
36.0,12,14,7,2612
36.0,12,14,8,2620
36.0,12,14,9,2628
36.0,12,14,10,2636
36.0,12,14,11,2644
36.0,12,14,12,2652
36.0,12,14,13,2660
36.0,12,14,14,2668
36.0,12,14,15,2676
36.0,12,15,0,2563
36.0,12,15,1,2571
36.0,12,15,2,2579
36.0,12,15,3,2587
36.0,12,15,4,2596
36.0,12,15,5,2604
36.0,12,15,6,2612
36.0,12,15,7,2620
36.0,12,15,8,2628
36.0,12,15,9,2636
36.0,12,15,10,2644
36.0,12,15,11,2652
36.0,12,15,12,2660
36.0,12,15,13,2668
36.0,12,15,14,2676
36.0,12,15,15,2684
36.0,13,0,0,2452
36.0,13,0,1,2460
36.0,13,0,2,2467
36.0,13,0,3,2475
36.0,13,0,4,2483
36.0,13,0,5,2491
36.0,13,0,6,2499
36.0,13,0,7,2506
36.0,13,0,8,2514
36.0,13,0,9,2522
36.0,13,0,10,2530
36.0,13,0,11,2537
36.0,13,0,12,2545
36.0,13,0,13,2552
36.0,13,0,14,2560
36.0,13,0,15,2568
36.0,13,1,0,2460
36.0,13,1,1,2468
36.0,13,1,2,2476
36.0,13,1,3,2484
36.0,13,1,4,2491
36.0,13,1,5,2499
36.0,13,1,6,2507
36.0,13,1,7,2515
36.0,13,1,8,2523
36.0,13,1,9,2530
36.0,13,1,10,2538
36.0,13,1,11,2546
36.0,13,1,12,2553
36.0,13,1,13,2561
36.0,13,1,14,2569
36.0,13,1,15,2576
36.0,13,2,0,2468
36.0,13,2,1,2476
36.0,13,2,2,2484
36.0,13,2,3,2492
36.0,13,2,4,2500
36.0,13,2,5,2508
36.0,13,2,6,2515
36.0,13,2,7,2523
36.0,13,2,8,2531
36.0,13,2,9,2539
36.0,13,2,10,2546
36.0,13,2,11,2554
36.0,13,2,12,2562
36.0,13,2,13,2570
36.0,13,2,14,2577
36.0,13,2,15,2585
36.0,13,3,0,2476
36.0,13,3,1,2484
36.0,13,3,2,2492
36.0,13,3,3,2500
36.0,13,3,4,2508
36.0,13,3,5,2516
36.0,13,3,6,2524
36.0,13,3,7,2532
36.0,13,3,8,2539
36.0,13,3,9,2547
36.0,13,3,10,2555
36.0,13,3,11,2563
36.0,13,3,12,2570
36.0,13,3,13,2578
36.0,13,3,14,2586
36.0,13,3,15,2593
36.0,13,4,0,2484
36.0,13,4,1,2492
36.0,13,4,2,2500
36.0,13,4,3,2508
36.0,13,4,4,2516
36.0,13,4,5,2524
36.0,13,4,6,2532
36.0,13,4,7,2540
36.0,13,4,8,2548
36.0,13,4,9,2555
36.0,13,4,10,2563
36.0,13,4,11,2571
36.0,13,4,12,2579
36.0,13,4,13,2586
36.0,13,4,14,2594
36.0,13,4,15,2602
36.0,13,5,0,2492
36.0,13,5,1,2500
36.0,13,5,2,2509
36.0,13,5,3,2516
36.0,13,5,4,2524
36.0,13,5,5,2532
36.0,13,5,6,2540
36.0,13,5,7,2548
36.0,13,5,8,2556
36.0,13,5,9,2564
36.0,13,5,10,2572
36.0,13,5,11,2579
36.0,13,5,12,2587
36.0,13,5,13,2595
36.0,13,5,14,2603
36.0,13,5,15,2610
36.0,13,6,0,2501
36.0,13,6,1,2509
36.0,13,6,2,2517
36.0,13,6,3,2525
36.0,13,6,4,2533
36.0,13,6,5,2541
36.0,13,6,6,2548
36.0,13,6,7,2556
36.0,13,6,8,2564
36.0,13,6,9,2572
36.0,13,6,10,2580
36.0,13,6,11,2588
36.0,13,6,12,2596
36.0,13,6,13,2603
36.0,13,6,14,2611
36.0,13,6,15,2619
36.0,13,7,0,2509
36.0,13,7,1,2517
36.0,13,7,2,2525
36.0,13,7,3,2533
36.0,13,7,4,2541
36.0,13,7,5,2549
36.0,13,7,6,2557
36.0,13,7,7,2565
36.0,13,7,8,2573
36.0,13,7,9,2580
36.0,13,7,10,2588
36.0,13,7,11,2596
36.0,13,7,12,2604
36.0,13,7,13,2612
36.0,13,7,14,2619
36.0,13,7,15,2627
36.0,13,8,0,2517
36.0,13,8,1,2525
36.0,13,8,2,2533
36.0,13,8,3,2541
36.0,13,8,4,2549
36.0,13,8,5,2557
36.0,13,8,6,2565
36.0,13,8,7,2573
36.0,13,8,8,2581
36.0,13,8,9,2589
36.0,13,8,10,2597
36.0,13,8,11,2604
36.0,13,8,12,2612
36.0,13,8,13,2620
36.0,13,8,14,2628
36.0,13,8,15,2636
36.0,13,9,0,2525
36.0,13,9,1,2533
36.0,13,9,2,2541
36.0,13,9,3,2549
36.0,13,9,4,2557
36.0,13,9,5,2565
36.0,13,9,6,2573
36.0,13,9,7,2581
36.0,13,9,8,2589
36.0,13,9,9,2597
36.0,13,9,10,2605
36.0,13,9,11,2613
36.0,13,9,12,2621
36.0,13,9,13,2628
36.0,13,9,14,2636
36.0,13,9,15,2644
36.0,13,10,0,2533
36.0,13,10,1,2541
36.0,13,10,2,2549
36.0,13,10,3,2557
36.0,13,10,4,2565
36.0,13,10,5,2573
36.0,13,10,6,2581
36.0,13,10,7,2589
36.0,13,10,8,2597
36.0,13,10,9,2605
36.0,13,10,10,2613
36.0,13,10,11,2621
36.0,13,10,12,2629
36.0,13,10,13,2637
36.0,13,10,14,2645
36.0,13,10,15,2652
36.0,13,11,0,2541
36.0,13,11,1,2549
36.0,13,11,2,2557
36.0,13,11,3,2565
36.0,13,11,4,2573
36.0,13,11,5,2581
36.0,13,11,6,2589
36.0,13,11,7,2597
36.0,13,11,8,2605
36.0,13,11,9,2613
36.0,13,11,10,2621
36.0,13,11,11,2629
36.0,13,11,12,2637
36.0,13,11,13,2645
36.0,13,11,14,2653
36.0,13,11,15,2661
36.0,13,12,0,2548
36.0,13,12,1,2557
36.0,13,12,2,2565
36.0,13,12,3,2573
36.0,13,12,4,2581
36.0,13,12,5,2589
36.0,13,12,6,2597
36.0,13,12,7,2605
36.0,13,12,8,2613
36.0,13,12,9,2621
36.0,13,12,10,2629
36.0,13,12,11,2637
36.0,13,12,12,2645
36.0,13,12,13,2653
36.0,13,12,14,2661
36.0,13,12,15,2669
36.0,13,13,0,2556
36.0,13,13,1,2565
36.0,13,13,2,2573
36.0,13,13,3,2581
36.0,13,13,4,2589
36.0,13,13,5,2597
36.0,13,13,6,2605
36.0,13,13,7,2614
36.0,13,13,8,2622
36.0,13,13,9,2630
36.0,13,13,10,2638
36.0,13,13,11,2646
36.0,13,13,12,2654
36.0,13,13,13,2661
36.0,13,13,14,2669
36.0,13,13,15,2677
36.0,13,14,0,2564
36.0,13,14,1,2573
36.0,13,14,2,2581
36.0,13,14,3,2589
36.0,13,14,4,2597
36.0,13,14,5,2605
36.0,13,14,6,2613
36.0,13,14,7,2622
36.0,13,14,8,2630
36.0,13,14,9,2638
36.0,13,14,10,2646
36.0,13,14,11,2654
36.0,13,14,12,2662
36.0,13,14,13,2670
36.0,13,14,14,2678
36.0,13,14,15,2686
36.0,13,15,0,2572
36.0,13,15,1,2580
36.0,13,15,2,2589
36.0,13,15,3,2597
36.0,13,15,4,2605
36.0,13,15,5,2613
36.0,13,15,6,2621
36.0,13,15,7,2630
36.0,13,15,8,2638
36.0,13,15,9,2646
36.0,13,15,10,2654
36.0,13,15,11,2662
36.0,13,15,12,2670
36.0,13,15,13,2678
36.0,13,15,14,2686
36.0,13,15,15,2694
36.0,14,0,0,2461
36.0,14,0,1,2469
36.0,14,0,2,2476
36.0,14,0,3,2484
36.0,14,0,4,2492
36.0,14,0,5,2500
36.0,14,0,6,2508
36.0,14,0,7,2516
36.0,14,0,8,2523
36.0,14,0,9,2531
36.0,14,0,10,2539
36.0,14,0,11,2546
36.0,14,0,12,2554
36.0,14,0,13,2562
36.0,14,0,14,2569
36.0,14,0,15,2577
36.0,14,1,0,2469
36.0,14,1,1,2477
36.0,14,1,2,2485
36.0,14,1,3,2493
36.0,14,1,4,2501
36.0,14,1,5,2508
36.0,14,1,6,2516
36.0,14,1,7,2524
36.0,14,1,8,2532
36.0,14,1,9,2540
36.0,14,1,10,2547
36.0,14,1,11,2555
36.0,14,1,12,2563
36.0,14,1,13,2570
36.0,14,1,14,2578
36.0,14,1,15,2586
36.0,14,2,0,2477
36.0,14,2,1,2485
36.0,14,2,2,2493
36.0,14,2,3,2501
36.0,14,2,4,2509
36.0,14,2,5,2517
36.0,14,2,6,2525
36.0,14,2,7,2532
36.0,14,2,8,2540
36.0,14,2,9,2548
36.0,14,2,10,2556
36.0,14,2,11,2563
36.0,14,2,12,2571
36.0,14,2,13,2579
36.0,14,2,14,2587
36.0,14,2,15,2594
36.0,14,3,0,2485
36.0,14,3,1,2493
36.0,14,3,2,2501
36.0,14,3,3,2509
36.0,14,3,4,2517
36.0,14,3,5,2525
36.0,14,3,6,2533
36.0,14,3,7,2541
36.0,14,3,8,2549
36.0,14,3,9,2556
36.0,14,3,10,2564
36.0,14,3,11,2572
36.0,14,3,12,2580
36.0,14,3,13,2587
36.0,14,3,14,2595
36.0,14,3,15,2603
36.0,14,4,0,2493
36.0,14,4,1,2501
36.0,14,4,2,2509
36.0,14,4,3,2517
36.0,14,4,4,2525
36.0,14,4,5,2533
36.0,14,4,6,2541
36.0,14,4,7,2549
36.0,14,4,8,2557
36.0,14,4,9,2565
36.0,14,4,10,2573
36.0,14,4,11,2580
36.0,14,4,12,2588
36.0,14,4,13,2596
36.0,14,4,14,2604
36.0,14,4,15,2611
36.0,14,5,0,2502
36.0,14,5,1,2510
36.0,14,5,2,2518
36.0,14,5,3,2526
36.0,14,5,4,2534
36.0,14,5,5,2542
36.0,14,5,6,2550
36.0,14,5,7,2557
36.0,14,5,8,2565
36.0,14,5,9,2573
36.0,14,5,10,2581
36.0,14,5,11,2589
36.0,14,5,12,2597
36.0,14,5,13,2604
36.0,14,5,14,2612
36.0,14,5,15,2620
36.0,14,6,0,2510
36.0,14,6,1,2518
36.0,14,6,2,2526
36.0,14,6,3,2534
36.0,14,6,4,2542
36.0,14,6,5,2550
36.0,14,6,6,2558
36.0,14,6,7,2566
36.0,14,6,8,2574
36.0,14,6,9,2582
36.0,14,6,10,2589
36.0,14,6,11,2597
36.0,14,6,12,2605
36.0,14,6,13,2613
36.0,14,6,14,2621
36.0,14,6,15,2628
36.0,14,7,0,2518
36.0,14,7,1,2526
36.0,14,7,2,2534
36.0,14,7,3,2542
36.0,14,7,4,2550
36.0,14,7,5,2558
36.0,14,7,6,2566
36.0,14,7,7,2574
36.0,14,7,8,2582
36.0,14,7,9,2590
36.0,14,7,10,2598
36.0,14,7,11,2606
36.0,14,7,12,2613
36.0,14,7,13,2621
36.0,14,7,14,2629
36.0,14,7,15,2637
36.0,14,8,0,2526
36.0,14,8,1,2534
36.0,14,8,2,2542
36.0,14,8,3,2550
36.0,14,8,4,2558
36.0,14,8,5,2566
36.0,14,8,6,2574
36.0,14,8,7,2582
36.0,14,8,8,2590
36.0,14,8,9,2598
36.0,14,8,10,2606
36.0,14,8,11,2614
36.0,14,8,12,2622
36.0,14,8,13,2630
36.0,14,8,14,2637
36.0,14,8,15,2645
36.0,14,9,0,2534
36.0,14,9,1,2542
36.0,14,9,2,2550
36.0,14,9,3,2558
36.0,14,9,4,2566
36.0,14,9,5,2574
36.0,14,9,6,2582
36.0,14,9,7,2590
36.0,14,9,8,2598
36.0,14,9,9,2606
36.0,14,9,10,2614
36.0,14,9,11,2622
36.0,14,9,12,2630
36.0,14,9,13,2638
36.0,14,9,14,2646
36.0,14,9,15,2654
36.0,14,10,0,2542
36.0,14,10,1,2550
36.0,14,10,2,2558
36.0,14,10,3,2566
36.0,14,10,4,2574
36.0,14,10,5,2583
36.0,14,10,6,2591
36.0,14,10,7,2599
36.0,14,10,8,2607
36.0,14,10,9,2615
36.0,14,10,10,2623
36.0,14,10,11,2631
36.0,14,10,12,2638
36.0,14,10,13,2646
36.0,14,10,14,2654
36.0,14,10,15,2662
36.0,14,11,0,2550
36.0,14,11,1,2558
36.0,14,11,2,2566
36.0,14,11,3,2574
36.0,14,11,4,2583
36.0,14,11,5,2591
36.0,14,11,6,2599
36.0,14,11,7,2607
36.0,14,11,8,2615
36.0,14,11,9,2623
36.0,14,11,10,2631
36.0,14,11,11,2639
36.0,14,11,12,2647
36.0,14,11,13,2655
36.0,14,11,14,2663
36.0,14,11,15,2670
36.0,14,12,0,2558
36.0,14,12,1,2566
36.0,14,12,2,2574
36.0,14,12,3,2582
36.0,14,12,4,2591
36.0,14,12,5,2599
36.0,14,12,6,2607
36.0,14,12,7,2615
36.0,14,12,8,2623
36.0,14,12,9,2631
36.0,14,12,10,2639
36.0,14,12,11,2647
36.0,14,12,12,2655
36.0,14,12,13,2663
36.0,14,12,14,2671
36.0,14,12,15,2679
36.0,14,13,0,2566
36.0,14,13,1,2574
36.0,14,13,2,2582
36.0,14,13,3,2590
36.0,14,13,4,2599
36.0,14,13,5,2607
36.0,14,13,6,2615
36.0,14,13,7,2623
36.0,14,13,8,2631
36.0,14,13,9,2639
36.0,14,13,10,2647
36.0,14,13,11,2655
36.0,14,13,12,2663
36.0,14,13,13,2671
36.0,14,13,14,2679
36.0,14,13,15,2687
36.0,14,14,0,2574
36.0,14,14,1,2582
36.0,14,14,2,2590
36.0,14,14,3,2598
36.0,14,14,4,2607
36.0,14,14,5,2615
36.0,14,14,6,2623
36.0,14,14,7,2631
36.0,14,14,8,2639
36.0,14,14,9,2647
36.0,14,14,10,2655
36.0,14,14,11,2663
36.0,14,14,12,2671
36.0,14,14,13,2679
36.0,14,14,14,2687
36.0,14,14,15,2695
36.0,14,15,0,2582
36.0,14,15,1,2590
36.0,14,15,2,2598
36.0,14,15,3,2606
36.0,14,15,4,2615
36.0,14,15,5,2623
36.0,14,15,6,2631
36.0,14,15,7,2639
36.0,14,15,8,2647
36.0,14,15,9,2655
36.0,14,15,10,2664
36.0,14,15,11,2672
36.0,14,15,12,2680
36.0,14,15,13,2688
36.0,14,15,14,2696
36.0,14,15,15,2704
36.0,15,0,0,2470
36.0,15,0,1,2478
36.0,15,0,2,2485
36.0,15,0,3,2493
36.0,15,0,4,2501
36.0,15,0,5,2509
36.0,15,0,6,2517
36.0,15,0,7,2525
36.0,15,0,8,2533
36.0,15,0,9,2540
36.0,15,0,10,2548
36.0,15,0,11,2556
36.0,15,0,12,2563
36.0,15,0,13,2571
36.0,15,0,14,2579
36.0,15,0,15,2586
36.0,15,1,0,2478
36.0,15,1,1,2486
36.0,15,1,2,2494
36.0,15,1,3,2502
36.0,15,1,4,2510
36.0,15,1,5,2517
36.0,15,1,6,2525
36.0,15,1,7,2533
36.0,15,1,8,2541
36.0,15,1,9,2549
36.0,15,1,10,2557
36.0,15,1,11,2564
36.0,15,1,12,2572
36.0,15,1,13,2580
36.0,15,1,14,2587
36.0,15,1,15,2595
36.0,15,2,0,2486
36.0,15,2,1,2494
36.0,15,2,2,2502
36.0,15,2,3,2510
36.0,15,2,4,2518
36.0,15,2,5,2526
36.0,15,2,6,2534
36.0,15,2,7,2542
36.0,15,2,8,2549
36.0,15,2,9,2557
36.0,15,2,10,2565
36.0,15,2,11,2573
36.0,15,2,12,2581
36.0,15,2,13,2588
36.0,15,2,14,2596
36.0,15,2,15,2604
36.0,15,3,0,2494
36.0,15,3,1,2502
36.0,15,3,2,2510
36.0,15,3,3,2518
36.0,15,3,4,2526
36.0,15,3,5,2534
36.0,15,3,6,2542
36.0,15,3,7,2550
36.0,15,3,8,2558
36.0,15,3,9,2566
36.0,15,3,10,2574
36.0,15,3,11,2581
36.0,15,3,12,2589
36.0,15,3,13,2597
36.0,15,3,14,2605
36.0,15,3,15,2612
36.0,15,4,0,2503
36.0,15,4,1,2511
36.0,15,4,2,2519
36.0,15,4,3,2527
36.0,15,4,4,2535
36.0,15,4,5,2543
36.0,15,4,6,2550
36.0,15,4,7,2558
36.0,15,4,8,2566
36.0,15,4,9,2574
36.0,15,4,10,2582
36.0,15,4,11,2590
36.0,15,4,12,2598
36.0,15,4,13,2605
36.0,15,4,14,2613
36.0,15,4,15,2621
36.0,15,5,0,2511
36.0,15,5,1,2519
36.0,15,5,2,2527
36.0,15,5,3,2535
36.0,15,5,4,2543
36.0,15,5,5,2551
36.0,15,5,6,2559
36.0,15,5,7,2567
36.0,15,5,8,2575
36.0,15,5,9,2583
36.0,15,5,10,2590
36.0,15,5,11,2598
36.0,15,5,12,2606
36.0,15,5,13,2614
36.0,15,5,14,2622
36.0,15,5,15,2629
36.0,15,6,0,2519
36.0,15,6,1,2527
36.0,15,6,2,2535
36.0,15,6,3,2543
36.0,15,6,4,2551
36.0,15,6,5,2559
36.0,15,6,6,2567
36.0,15,6,7,2575
36.0,15,6,8,2583
36.0,15,6,9,2591
36.0,15,6,10,2599
36.0,15,6,11,2607
36.0,15,6,12,2615
36.0,15,6,13,2622
36.0,15,6,14,2630
36.0,15,6,15,2638
36.0,15,7,0,2527
36.0,15,7,1,2535
36.0,15,7,2,2543
36.0,15,7,3,2551
36.0,15,7,4,2559
36.0,15,7,5,2567
36.0,15,7,6,2575
36.0,15,7,7,2583
36.0,15,7,8,2591
36.0,15,7,9,2599
36.0,15,7,10,2607
36.0,15,7,11,2615
36.0,15,7,12,2623
36.0,15,7,13,2631
36.0,15,7,14,2639
36.0,15,7,15,2646
36.0,15,8,0,2535
36.0,15,8,1,2543
36.0,15,8,2,2551
36.0,15,8,3,2559
36.0,15,8,4,2568
36.0,15,8,5,2576
36.0,15,8,6,2584
36.0,15,8,7,2592
36.0,15,8,8,2600
36.0,15,8,9,2608
36.0,15,8,10,2616
36.0,15,8,11,2623
36.0,15,8,12,2631
36.0,15,8,13,2639
36.0,15,8,14,2647
36.0,15,8,15,2655
36.0,15,9,0,2543
36.0,15,9,1,2551
36.0,15,9,2,2559
36.0,15,9,3,2568
36.0,15,9,4,2576
36.0,15,9,5,2584
36.0,15,9,6,2592
36.0,15,9,7,2600
36.0,15,9,8,2608
36.0,15,9,9,2616
36.0,15,9,10,2624
36.0,15,9,11,2632
36.0,15,9,12,2640
36.0,15,9,13,2648
36.0,15,9,14,2655
36.0,15,9,15,2663
36.0,15,10,0,2551
36.0,15,10,1,2559
36.0,15,10,2,2568
36.0,15,10,3,2576
36.0,15,10,4,2584
36.0,15,10,5,2592
36.0,15,10,6,2600
36.0,15,10,7,2608
36.0,15,10,8,2616
36.0,15,10,9,2624
36.0,15,10,10,2632
36.0,15,10,11,2640
36.0,15,10,12,2648
36.0,15,10,13,2656
36.0,15,10,14,2664
36.0,15,10,15,2672
36.0,15,11,0,2559
36.0,15,11,1,2567
36.0,15,11,2,2576
36.0,15,11,3,2584
36.0,15,11,4,2592
36.0,15,11,5,2600
36.0,15,11,6,2608
36.0,15,11,7,2616
36.0,15,11,8,2624
36.0,15,11,9,2632
36.0,15,11,10,2640
36.0,15,11,11,2648
36.0,15,11,12,2656
36.0,15,11,13,2664
36.0,15,11,14,2672
36.0,15,11,15,2680
36.0,15,12,0,2567
36.0,15,12,1,2575
36.0,15,12,2,2584
36.0,15,12,3,2592
36.0,15,12,4,2600
36.0,15,12,5,2608
36.0,15,12,6,2616
36.0,15,12,7,2624
36.0,15,12,8,2633
36.0,15,12,9,2641
36.0,15,12,10,2649
36.0,15,12,11,2657
36.0,15,12,12,2665
36.0,15,12,13,2673
36.0,15,12,14,2681
36.0,15,12,15,2688
36.0,15,13,0,2575
36.0,15,13,1,2583
36.0,15,13,2,2592
36.0,15,13,3,2600
36.0,15,13,4,2608
36.0,15,13,5,2616
36.0,15,13,6,2624
36.0,15,13,7,2633
36.0,15,13,8,2641
36.0,15,13,9,2649
36.0,15,13,10,2657
36.0,15,13,11,2665
36.0,15,13,12,2673
36.0,15,13,13,2681
36.0,15,13,14,2689
36.0,15,13,15,2697
36.0,15,14,0,2583
36.0,15,14,1,2591
36.0,15,14,2,2600
36.0,15,14,3,2608
36.0,15,14,4,2616
36.0,15,14,5,2624
36.0,15,14,6,2633
36.0,15,14,7,2641
36.0,15,14,8,2649
36.0,15,14,9,2657
36.0,15,14,10,2665
36.0,15,14,11,2673
36.0,15,14,12,2681
36.0,15,14,13,2689
36.0,15,14,14,2697
36.0,15,14,15,2705
36.0,15,15,0,2591
36.0,15,15,1,2599
36.0,15,15,2,2608
36.0,15,15,3,2616
36.0,15,15,4,2624
36.0,15,15,5,2632
36.0,15,15,6,2641
36.0,15,15,7,2649
36.0,15,15,8,2657
36.0,15,15,9,2665
36.0,15,15,10,2673
36.0,15,15,11,2681
36.0,15,15,12,2689
36.0,15,15,13,2697
36.0,15,15,14,2705
36.0,15,15,15,2713
36.5,0,0,0,2353
36.5,0,0,1,2361
36.5,0,0,2,2368
36.5,0,0,3,2376
36.5,0,0,4,2383
36.5,0,0,5,2391
36.5,0,0,6,2398
36.5,0,0,7,2406
36.5,0,0,8,2413
36.5,0,0,9,2420
36.5,0,0,10,2428
36.5,0,0,11,2435
36.5,0,0,12,2442
36.5,0,0,13,2450
36.5,0,0,14,2457
36.5,0,0,15,2464
36.5,0,1,0,2361
36.5,0,1,1,2369
36.5,0,1,2,2376
36.5,0,1,3,2384
36.5,0,1,4,2391
36.5,0,1,5,2399
36.5,0,1,6,2406
36.5,0,1,7,2414
36.5,0,1,8,2421
36.5,0,1,9,2428
36.5,0,1,10,2436
36.5,0,1,11,2443
36.5,0,1,12,2451
36.5,0,1,13,2458
36.5,0,1,14,2465
36.5,0,1,15,2473
36.5,0,2,0,2369
36.5,0,2,1,2376
36.5,0,2,2,2384
36.5,0,2,3,2392
36.5,0,2,4,2399
36.5,0,2,5,2407
36.5,0,2,6,2414
36.5,0,2,7,2422
36.5,0,2,8,2429
36.5,0,2,9,2437
36.5,0,2,10,2444
36.5,0,2,11,2451
36.5,0,2,12,2459
36.5,0,2,13,2466
36.5,0,2,14,2473
36.5,0,2,15,2481
36.5,0,3,0,2377
36.5,0,3,1,2384
36.5,0,3,2,2392
36.5,0,3,3,2399
36.5,0,3,4,2407
36.5,0,3,5,2415
36.5,0,3,6,2422
36.5,0,3,7,2430
36.5,0,3,8,2437
36.5,0,3,9,2445
36.5,0,3,10,2452
36.5,0,3,11,2459
36.5,0,3,12,2467
36.5,0,3,13,2474
36.5,0,3,14,2482
36.5,0,3,15,2489
36.5,0,4,0,2384
36.5,0,4,1,2392
36.5,0,4,2,2400
36.5,0,4,3,2407
36.5,0,4,4,2415
36.5,0,4,5,2423
36.5,0,4,6,2430
36.5,0,4,7,2438
36.5,0,4,8,2445
36.5,0,4,9,2453
36.5,0,4,10,2460
36.5,0,4,11,2468
36.5,0,4,12,2475
36.5,0,4,13,2482
36.5,0,4,14,2490
36.5,0,4,15,2497
36.5,0,5,0,2392
36.5,0,5,1,2400
36.5,0,5,2,2408
36.5,0,5,3,2415
36.5,0,5,4,2423
36.5,0,5,5,2430
36.5,0,5,6,2438
36.5,0,5,7,2446
36.5,0,5,8,2453
36.5,0,5,9,2461
36.5,0,5,10,2468
36.5,0,5,11,2476
36.5,0,5,12,2483
36.5,0,5,13,2490
36.5,0,5,14,2498
36.5,0,5,15,2505
36.5,0,6,0,2400
36.5,0,6,1,2408
36.5,0,6,2,2415
36.5,0,6,3,2423
36.5,0,6,4,2431
36.5,0,6,5,2438
36.5,0,6,6,2446
36.5,0,6,7,2454
36.5,0,6,8,2461
36.5,0,6,9,2469
36.5,0,6,10,2476
36.5,0,6,11,2484
36.5,0,6,12,2491
36.5,0,6,13,2499
36.5,0,6,14,2506
36.5,0,6,15,2513
36.5,0,7,0,2408
36.5,0,7,1,2415
36.5,0,7,2,2423
36.5,0,7,3,2431
36.5,0,7,4,2439
36.5,0,7,5,2446
36.5,0,7,6,2454
36.5,0,7,7,2461
36.5,0,7,8,2469
36.5,0,7,9,2477
36.5,0,7,10,2484
36.5,0,7,11,2492
36.5,0,7,12,2499
36.5,0,7,13,2507
36.5,0,7,14,2514
36.5,0,7,15,2521
36.5,0,8,0,2415
36.5,0,8,1,2423
36.5,0,8,2,2431
36.5,0,8,3,2439
36.5,0,8,4,2446
36.5,0,8,5,2454
36.5,0,8,6,2462
36.5,0,8,7,2469
36.5,0,8,8,2477
36.5,0,8,9,2485
36.5,0,8,10,2492
36.5,0,8,11,2500
36.5,0,8,12,2507
36.5,0,8,13,2515
36.5,0,8,14,2522
36.5,0,8,15,2530
36.5,0,9,0,2423
36.5,0,9,1,2431
36.5,0,9,2,2439
36.5,0,9,3,2446
36.5,0,9,4,2454
36.5,0,9,5,2462
36.5,0,9,6,2470
36.5,0,9,7,2477
36.5,0,9,8,2485
36.5,0,9,9,2492
36.5,0,9,10,2500
36.5,0,9,11,2508
36.5,0,9,12,2515
36.5,0,9,13,2523
36.5,0,9,14,2530
36.5,0,9,15,2538
36.5,0,10,0,2431
36.5,0,10,1,2439
36.5,0,10,2,2446
36.5,0,10,3,2454
36.5,0,10,4,2462
36.5,0,10,5,2470
36.5,0,10,6,2477
36.5,0,10,7,2485
36.5,0,10,8,2493
36.5,0,10,9,2500
36.5,0,10,10,2508
36.5,0,10,11,2515
36.5,0,10,12,2523
36.5,0,10,13,2531
36.5,0,10,14,2538
36.5,0,10,15,2546
36.5,0,11,0,2438
36.5,0,11,1,2446
36.5,0,11,2,2454
36.5,0,11,3,2462
36.5,0,11,4,2470
36.5,0,11,5,2477
36.5,0,11,6,2485
36.5,0,11,7,2493
36.5,0,11,8,2500
36.5,0,11,9,2508
36.5,0,11,10,2516
36.5,0,11,11,2523
36.5,0,11,12,2531
36.5,0,11,13,2539
36.5,0,11,14,2546
36.5,0,11,15,2554
36.5,0,12,0,2446
36.5,0,12,1,2454
36.5,0,12,2,2462
36.5,0,12,3,2470
36.5,0,12,4,2477
36.5,0,12,5,2485
36.5,0,12,6,2493
36.5,0,12,7,2501
36.5,0,12,8,2508
36.5,0,12,9,2516
36.5,0,12,10,2524
36.5,0,12,11,2531
36.5,0,12,12,2539
36.5,0,12,13,2546
36.5,0,12,14,2554
36.5,0,12,15,2562
36.5,0,13,0,2454
36.5,0,13,1,2461
36.5,0,13,2,2469
36.5,0,13,3,2477
36.5,0,13,4,2485
36.5,0,13,5,2493
36.5,0,13,6,2501
36.5,0,13,7,2508
36.5,0,13,8,2516
36.5,0,13,9,2524
36.5,0,13,10,2531
36.5,0,13,11,2539
36.5,0,13,12,2547
36.5,0,13,13,2554
36.5,0,13,14,2562
36.5,0,13,15,2570
36.5,0,14,0,2461
36.5,0,14,1,2469
36.5,0,14,2,2477
36.5,0,14,3,2485
36.5,0,14,4,2493
36.5,0,14,5,2500
36.5,0,14,6,2508
36.5,0,14,7,2516
36.5,0,14,8,2524
36.5,0,14,9,2532
36.5,0,14,10,2539
36.5,0,14,11,2547
36.5,0,14,12,2555
36.5,0,14,13,2562
36.5,0,14,14,2570
36.5,0,14,15,2577
36.5,0,15,0,2469
36.5,0,15,1,2477
36.5,0,15,2,2485
36.5,0,15,3,2492
36.5,0,15,4,2500
36.5,0,15,5,2508
36.5,0,15,6,2516
36.5,0,15,7,2524
36.5,0,15,8,2532
36.5,0,15,9,2539
36.5,0,15,10,2547
36.5,0,15,11,2555
36.5,0,15,12,2562
36.5,0,15,13,2570
36.5,0,15,14,2578
36.5,0,15,15,2585
36.5,1,0,0,2362
36.5,1,0,1,2370
36.5,1,0,2,2377
36.5,1,0,3,2385
36.5,1,0,4,2392
36.5,1,0,5,2400
36.5,1,0,6,2407
36.5,1,0,7,2415
36.5,1,0,8,2422
36.5,1,0,9,2430
36.5,1,0,10,2437
36.5,1,0,11,2444
36.5,1,0,12,2452
36.5,1,0,13,2459
36.5,1,0,14,2466
36.5,1,0,15,2474
36.5,1,1,0,2370
36.5,1,1,1,2378
36.5,1,1,2,2385
36.5,1,1,3,2393
36.5,1,1,4,2400
36.5,1,1,5,2408
36.5,1,1,6,2415
36.5,1,1,7,2423
36.5,1,1,8,2430
36.5,1,1,9,2438
36.5,1,1,10,2445
36.5,1,1,11,2453
36.5,1,1,12,2460
36.5,1,1,13,2467
36.5,1,1,14,2475
36.5,1,1,15,2482
36.5,1,2,0,2378
36.5,1,2,1,2385
36.5,1,2,2,2393
36.5,1,2,3,2401
36.5,1,2,4,2408
36.5,1,2,5,2416
36.5,1,2,6,2423
36.5,1,2,7,2431
36.5,1,2,8,2438
36.5,1,2,9,2446
36.5,1,2,10,2453
36.5,1,2,11,2461
36.5,1,2,12,2468
36.5,1,2,13,2476
36.5,1,2,14,2483
36.5,1,2,15,2490
36.5,1,3,0,2386
36.5,1,3,1,2393
36.5,1,3,2,2401
36.5,1,3,3,2409
36.5,1,3,4,2416
36.5,1,3,5,2424
36.5,1,3,6,2431
36.5,1,3,7,2439
36.5,1,3,8,2446
36.5,1,3,9,2454
36.5,1,3,10,2461
36.5,1,3,11,2469
36.5,1,3,12,2476
36.5,1,3,13,2484
36.5,1,3,14,2491
36.5,1,3,15,2498
36.5,1,4,0,2394
36.5,1,4,1,2401
36.5,1,4,2,2409
36.5,1,4,3,2417
36.5,1,4,4,2424
36.5,1,4,5,2432
36.5,1,4,6,2439
36.5,1,4,7,2447
36.5,1,4,8,2455
36.5,1,4,9,2462
36.5,1,4,10,2470
36.5,1,4,11,2477
36.5,1,4,12,2484
36.5,1,4,13,2492
36.5,1,4,14,2499
36.5,1,4,15,2507
36.5,1,5,0,2401
36.5,1,5,1,2409
36.5,1,5,2,2417
36.5,1,5,3,2424
36.5,1,5,4,2432
36.5,1,5,5,2440
36.5,1,5,6,2447
36.5,1,5,7,2455
36.5,1,5,8,2463
36.5,1,5,9,2470
36.5,1,5,10,2478
36.5,1,5,11,2485
36.5,1,5,12,2493
36.5,1,5,13,2500
36.5,1,5,14,2507
36.5,1,5,15,2515
36.5,1,6,0,2409
36.5,1,6,1,2417
36.5,1,6,2,2425
36.5,1,6,3,2432
36.5,1,6,4,2440
36.5,1,6,5,2448
36.5,1,6,6,2455
36.5,1,6,7,2463
36.5,1,6,8,2471
36.5,1,6,9,2478
36.5,1,6,10,2486
36.5,1,6,11,2493
36.5,1,6,12,2501
36.5,1,6,13,2508
36.5,1,6,14,2516
36.5,1,6,15,2523
36.5,1,7,0,2417
36.5,1,7,1,2425
36.5,1,7,2,2432
36.5,1,7,3,2440
36.5,1,7,4,2448
36.5,1,7,5,2456
36.5,1,7,6,2463
36.5,1,7,7,2471
36.5,1,7,8,2478
36.5,1,7,9,2486
36.5,1,7,10,2494
36.5,1,7,11,2501
36.5,1,7,12,2509
36.5,1,7,13,2516
36.5,1,7,14,2524
36.5,1,7,15,2531
36.5,1,8,0,2425
36.5,1,8,1,2432
36.5,1,8,2,2440
36.5,1,8,3,2448
36.5,1,8,4,2456
36.5,1,8,5,2463
36.5,1,8,6,2471
36.5,1,8,7,2479
36.5,1,8,8,2486
36.5,1,8,9,2494
36.5,1,8,10,2502
36.5,1,8,11,2509
36.5,1,8,12,2517
36.5,1,8,13,2524
36.5,1,8,14,2532
36.5,1,8,15,2539
36.5,1,9,0,2432
36.5,1,9,1,2440
36.5,1,9,2,2448
36.5,1,9,3,2456
36.5,1,9,4,2464
36.5,1,9,5,2471
36.5,1,9,6,2479
36.5,1,9,7,2487
36.5,1,9,8,2494
36.5,1,9,9,2502
36.5,1,9,10,2510
36.5,1,9,11,2517
36.5,1,9,12,2525
36.5,1,9,13,2532
36.5,1,9,14,2540
36.5,1,9,15,2547
36.5,1,10,0,2440
36.5,1,10,1,2448
36.5,1,10,2,2456
36.5,1,10,3,2464
36.5,1,10,4,2471
36.5,1,10,5,2479
36.5,1,10,6,2487
36.5,1,10,7,2495
36.5,1,10,8,2502
36.5,1,10,9,2510
36.5,1,10,10,2518
36.5,1,10,11,2525
36.5,1,10,12,2533
36.5,1,10,13,2540
36.5,1,10,14,2548
36.5,1,10,15,2555
36.5,1,11,0,2448
36.5,1,11,1,2456
36.5,1,11,2,2463
36.5,1,11,3,2471
36.5,1,11,4,2479
36.5,1,11,5,2487
36.5,1,11,6,2495
36.5,1,11,7,2502
36.5,1,11,8,2510
36.5,1,11,9,2518
36.5,1,11,10,2525
36.5,1,11,11,2533
36.5,1,11,12,2541
36.5,1,11,13,2548
36.5,1,11,14,2556
36.5,1,11,15,2563
36.5,1,12,0,2455
36.5,1,12,1,2463
36.5,1,12,2,2471
36.5,1,12,3,2479
36.5,1,12,4,2487
36.5,1,12,5,2495
36.5,1,12,6,2502
36.5,1,12,7,2510
36.5,1,12,8,2518
36.5,1,12,9,2526
36.5,1,12,10,2533
36.5,1,12,11,2541
36.5,1,12,12,2549
36.5,1,12,13,2556
36.5,1,12,14,2564
36.5,1,12,15,2571
36.5,1,13,0,2463
36.5,1,13,1,2471
36.5,1,13,2,2479
36.5,1,13,3,2487
36.5,1,13,4,2495
36.5,1,13,5,2502
36.5,1,13,6,2510
36.5,1,13,7,2518
36.5,1,13,8,2526
36.5,1,13,9,2533
36.5,1,13,10,2541
36.5,1,13,11,2549
36.5,1,13,12,2557
36.5,1,13,13,2564
36.5,1,13,14,2572
36.5,1,13,15,2579
36.5,1,14,0,2471
36.5,1,14,1,2478
36.5,1,14,2,2486
36.5,1,14,3,2494
36.5,1,14,4,2502
36.5,1,14,5,2510
36.5,1,14,6,2518
36.5,1,14,7,2526
36.5,1,14,8,2533
36.5,1,14,9,2541
36.5,1,14,10,2549
36.5,1,14,11,2557
36.5,1,14,12,2564
36.5,1,14,13,2572
36.5,1,14,14,2580
36.5,1,14,15,2587
36.5,1,15,0,2478
36.5,1,15,1,2486
36.5,1,15,2,2494
36.5,1,15,3,2502
36.5,1,15,4,2510
36.5,1,15,5,2518
36.5,1,15,6,2526
36.5,1,15,7,2533
36.5,1,15,8,2541
36.5,1,15,9,2549
36.5,1,15,10,2557
36.5,1,15,11,2565
36.5,1,15,12,2572
36.5,1,15,13,2580
36.5,1,15,14,2588
36.5,1,15,15,2595
36.5,2,0,0,2371
36.5,2,0,1,2379
36.5,2,0,2,2386
36.5,2,0,3,2394
36.5,2,0,4,2401
36.5,2,0,5,2409
36.5,2,0,6,2417
36.5,2,0,7,2424
36.5,2,0,8,2431
36.5,2,0,9,2439
36.5,2,0,10,2446
36.5,2,0,11,2454
36.5,2,0,12,2461
36.5,2,0,13,2468
36.5,2,0,14,2476
36.5,2,0,15,2483
36.5,2,1,0,2379
36.5,2,1,1,2387
36.5,2,1,2,2394
36.5,2,1,3,2402
36.5,2,1,4,2409
36.5,2,1,5,2417
36.5,2,1,6,2425
36.5,2,1,7,2432
36.5,2,1,8,2440
36.5,2,1,9,2447
36.5,2,1,10,2455
36.5,2,1,11,2462
36.5,2,1,12,2469
36.5,2,1,13,2477
36.5,2,1,14,2484
36.5,2,1,15,2491
36.5,2,2,0,2387
36.5,2,2,1,2395
36.5,2,2,2,2402
36.5,2,2,3,2410
36.5,2,2,4,2418
36.5,2,2,5,2425
36.5,2,2,6,2433
36.5,2,2,7,2440
36.5,2,2,8,2448
36.5,2,2,9,2455
36.5,2,2,10,2463
36.5,2,2,11,2470
36.5,2,2,12,2478
36.5,2,2,13,2485
36.5,2,2,14,2492
36.5,2,2,15,2500
36.5,2,3,0,2395
36.5,2,3,1,2403
36.5,2,3,2,2410
36.5,2,3,3,2418
36.5,2,3,4,2426
36.5,2,3,5,2433
36.5,2,3,6,2441
36.5,2,3,7,2448
36.5,2,3,8,2456
36.5,2,3,9,2463
36.5,2,3,10,2471
36.5,2,3,11,2478
36.5,2,3,12,2486
36.5,2,3,13,2493
36.5,2,3,14,2501
36.5,2,3,15,2508
36.5,2,4,0,2403
36.5,2,4,1,2410
36.5,2,4,2,2418
36.5,2,4,3,2426
36.5,2,4,4,2433
36.5,2,4,5,2441
36.5,2,4,6,2449
36.5,2,4,7,2456
36.5,2,4,8,2464
36.5,2,4,9,2471
36.5,2,4,10,2479
36.5,2,4,11,2486
36.5,2,4,12,2494
36.5,2,4,13,2501
36.5,2,4,14,2509
36.5,2,4,15,2516
36.5,2,5,0,2411
36.5,2,5,1,2418
36.5,2,5,2,2426
36.5,2,5,3,2434
36.5,2,5,4,2441
36.5,2,5,5,2449
36.5,2,5,6,2457
36.5,2,5,7,2464
36.5,2,5,8,2472
36.5,2,5,9,2480
36.5,2,5,10,2487
36.5,2,5,11,2495
36.5,2,5,12,2502
36.5,2,5,13,2510
36.5,2,5,14,2517
36.5,2,5,15,2524
36.5,2,6,0,2418
36.5,2,6,1,2426
36.5,2,6,2,2434
36.5,2,6,3,2442
36.5,2,6,4,2449
36.5,2,6,5,2457
36.5,2,6,6,2465
36.5,2,6,7,2472
36.5,2,6,8,2480
36.5,2,6,9,2488
36.5,2,6,10,2495
36.5,2,6,11,2503
36.5,2,6,12,2510
36.5,2,6,13,2518
36.5,2,6,14,2525
36.5,2,6,15,2533
36.5,2,7,0,2426
36.5,2,7,1,2434
36.5,2,7,2,2442
36.5,2,7,3,2449
36.5,2,7,4,2457
36.5,2,7,5,2465
36.5,2,7,6,2473
36.5,2,7,7,2480
36.5,2,7,8,2488
36.5,2,7,9,2496
36.5,2,7,10,2503
36.5,2,7,11,2511
36.5,2,7,12,2518
36.5,2,7,13,2526
36.5,2,7,14,2533
36.5,2,7,15,2541
36.5,2,8,0,2434
36.5,2,8,1,2442
36.5,2,8,2,2450
36.5,2,8,3,2457
36.5,2,8,4,2465
36.5,2,8,5,2473
36.5,2,8,6,2481
36.5,2,8,7,2488
36.5,2,8,8,2496
36.5,2,8,9,2504
36.5,2,8,10,2511
36.5,2,8,11,2519
36.5,2,8,12,2526
36.5,2,8,13,2534
36.5,2,8,14,2541
36.5,2,8,15,2549
36.5,2,9,0,2442
36.5,2,9,1,2449
36.5,2,9,2,2457
36.5,2,9,3,2465
36.5,2,9,4,2473
36.5,2,9,5,2481
36.5,2,9,6,2488
36.5,2,9,7,2496
36.5,2,9,8,2504
36.5,2,9,9,2512
36.5,2,9,10,2519
36.5,2,9,11,2527
36.5,2,9,12,2534
36.5,2,9,13,2542
36.5,2,9,14,2550
36.5,2,9,15,2557
36.5,2,10,0,2449
36.5,2,10,1,2457
36.5,2,10,2,2465
36.5,2,10,3,2473
36.5,2,10,4,2481
36.5,2,10,5,2489
36.5,2,10,6,2496
36.5,2,10,7,2504
36.5,2,10,8,2512
36.5,2,10,9,2519
36.5,2,10,10,2527
36.5,2,10,11,2535
36.5,2,10,12,2542
36.5,2,10,13,2550
36.5,2,10,14,2558
36.5,2,10,15,2565
36.5,2,11,0,2457
36.5,2,11,1,2465
36.5,2,11,2,2473
36.5,2,11,3,2481
36.5,2,11,4,2489
36.5,2,11,5,2496
36.5,2,11,6,2504
36.5,2,11,7,2512
36.5,2,11,8,2520
36.5,2,11,9,2527
36.5,2,11,10,2535
36.5,2,11,11,2543
36.5,2,11,12,2550
36.5,2,11,13,2558
36.5,2,11,14,2566
36.5,2,11,15,2573
36.5,2,12,0,2465
36.5,2,12,1,2473
36.5,2,12,2,2481
36.5,2,12,3,2488
36.5,2,12,4,2496
36.5,2,12,5,2504
36.5,2,12,6,2512
36.5,2,12,7,2520
36.5,2,12,8,2528
36.5,2,12,9,2535
36.5,2,12,10,2543
36.5,2,12,11,2551
36.5,2,12,12,2558
36.5,2,12,13,2566
36.5,2,12,14,2574
36.5,2,12,15,2581
36.5,2,13,0,2472
36.5,2,13,1,2480
36.5,2,13,2,2488
36.5,2,13,3,2496
36.5,2,13,4,2504
36.5,2,13,5,2512
36.5,2,13,6,2520
36.5,2,13,7,2528
36.5,2,13,8,2535
36.5,2,13,9,2543
36.5,2,13,10,2551
36.5,2,13,11,2559
36.5,2,13,12,2566
36.5,2,13,13,2574
36.5,2,13,14,2582
36.5,2,13,15,2589
36.5,2,14,0,2480
36.5,2,14,1,2488
36.5,2,14,2,2496
36.5,2,14,3,2504
36.5,2,14,4,2512
36.5,2,14,5,2520
36.5,2,14,6,2528
36.5,2,14,7,2535
36.5,2,14,8,2543
36.5,2,14,9,2551
36.5,2,14,10,2559
36.5,2,14,11,2566
36.5,2,14,12,2574
36.5,2,14,13,2582
36.5,2,14,14,2590
36.5,2,14,15,2597
36.5,2,15,0,2488
36.5,2,15,1,2496
36.5,2,15,2,2504
36.5,2,15,3,2512
36.5,2,15,4,2519
36.5,2,15,5,2527
36.5,2,15,6,2535
36.5,2,15,7,2543
36.5,2,15,8,2551
36.5,2,15,9,2559
36.5,2,15,10,2567
36.5,2,15,11,2574
36.5,2,15,12,2582
36.5,2,15,13,2590
36.5,2,15,14,2597
36.5,2,15,15,2605
36.5,3,0,0,2380
36.5,3,0,1,2388
36.5,3,0,2,2395
36.5,3,0,3,2403
36.5,3,0,4,2411
36.5,3,0,5,2418
36.5,3,0,6,2426
36.5,3,0,7,2433
36.5,3,0,8,2441
36.5,3,0,9,2448
36.5,3,0,10,2456
36.5,3,0,11,2463
36.5,3,0,12,2470
36.5,3,0,13,2478
36.5,3,0,14,2485
36.5,3,0,15,2493
36.5,3,1,0,2388
36.5,3,1,1,2396
36.5,3,1,2,2403
36.5,3,1,3,2411
36.5,3,1,4,2419
36.5,3,1,5,2426
36.5,3,1,6,2434
36.5,3,1,7,2441
36.5,3,1,8,2449
36.5,3,1,9,2456
36.5,3,1,10,2464
36.5,3,1,11,2471
36.5,3,1,12,2479
36.5,3,1,13,2486
36.5,3,1,14,2494
36.5,3,1,15,2501
36.5,3,2,0,2396
36.5,3,2,1,2404
36.5,3,2,2,2411
36.5,3,2,3,2419
36.5,3,2,4,2427
36.5,3,2,5,2434
36.5,3,2,6,2442
36.5,3,2,7,2450
36.5,3,2,8,2457
36.5,3,2,9,2465
36.5,3,2,10,2472
36.5,3,2,11,2480
36.5,3,2,12,2487
36.5,3,2,13,2494
36.5,3,2,14,2502
36.5,3,2,15,2509
36.5,3,3,0,2404
36.5,3,3,1,2412
36.5,3,3,2,2419
36.5,3,3,3,2427
36.5,3,3,4,2435
36.5,3,3,5,2442
36.5,3,3,6,2450
36.5,3,3,7,2458
36.5,3,3,8,2465
36.5,3,3,9,2473
36.5,3,3,10,2480
36.5,3,3,11,2488
36.5,3,3,12,2495
36.5,3,3,13,2503
36.5,3,3,14,2510
36.5,3,3,15,2518
36.5,3,4,0,2412
36.5,3,4,1,2420
36.5,3,4,2,2427
36.5,3,4,3,2435
36.5,3,4,4,2443
36.5,3,4,5,2450
36.5,3,4,6,2458
36.5,3,4,7,2466
36.5,3,4,8,2473
36.5,3,4,9,2481
36.5,3,4,10,2488
36.5,3,4,11,2496
36.5,3,4,12,2503
36.5,3,4,13,2511
36.5,3,4,14,2518
36.5,3,4,15,2526
36.5,3,5,0,2420
36.5,3,5,1,2427
36.5,3,5,2,2435
36.5,3,5,3,2443
36.5,3,5,4,2451
36.5,3,5,5,2458
36.5,3,5,6,2466
36.5,3,5,7,2474
36.5,3,5,8,2481
36.5,3,5,9,2489
36.5,3,5,10,2497
36.5,3,5,11,2504
36.5,3,5,12,2512
36.5,3,5,13,2519
36.5,3,5,14,2527
36.5,3,5,15,2534
36.5,3,6,0,2428
36.5,3,6,1,2435
36.5,3,6,2,2443
36.5,3,6,3,2451
36.5,3,6,4,2459
36.5,3,6,5,2466
36.5,3,6,6,2474
36.5,3,6,7,2482
36.5,3,6,8,2489
36.5,3,6,9,2497
36.5,3,6,10,2505
36.5,3,6,11,2512
36.5,3,6,12,2520
36.5,3,6,13,2527
36.5,3,6,14,2535
36.5,3,6,15,2542
36.5,3,7,0,2435
36.5,3,7,1,2443
36.5,3,7,2,2451
36.5,3,7,3,2459
36.5,3,7,4,2467
36.5,3,7,5,2474
36.5,3,7,6,2482
36.5,3,7,7,2490
36.5,3,7,8,2497
36.5,3,7,9,2505
36.5,3,7,10,2513
36.5,3,7,11,2520
36.5,3,7,12,2528
36.5,3,7,13,2535
36.5,3,7,14,2543
36.5,3,7,15,2550
36.5,3,8,0,2443
36.5,3,8,1,2451
36.5,3,8,2,2459
36.5,3,8,3,2467
36.5,3,8,4,2474
36.5,3,8,5,2482
36.5,3,8,6,2490
36.5,3,8,7,2498
36.5,3,8,8,2505
36.5,3,8,9,2513
36.5,3,8,10,2521
36.5,3,8,11,2528
36.5,3,8,12,2536
36.5,3,8,13,2544
36.5,3,8,14,2551
36.5,3,8,15,2559
36.5,3,9,0,2451
36.5,3,9,1,2459
36.5,3,9,2,2467
36.5,3,9,3,2475
36.5,3,9,4,2482
36.5,3,9,5,2490
36.5,3,9,6,2498
36.5,3,9,7,2506
36.5,3,9,8,2513
36.5,3,9,9,2521
36.5,3,9,10,2529
36.5,3,9,11,2536
36.5,3,9,12,2544
36.5,3,9,13,2552
36.5,3,9,14,2559
36.5,3,9,15,2567
36.5,3,10,0,2459
36.5,3,10,1,2467
36.5,3,10,2,2474
36.5,3,10,3,2482
36.5,3,10,4,2490
36.5,3,10,5,2498
36.5,3,10,6,2506
36.5,3,10,7,2514
36.5,3,10,8,2521
36.5,3,10,9,2529
36.5,3,10,10,2537
36.5,3,10,11,2544
36.5,3,10,12,2552
36.5,3,10,13,2560
36.5,3,10,14,2567
36.5,3,10,15,2575
36.5,3,11,0,2466
36.5,3,11,1,2474
36.5,3,11,2,2482
36.5,3,11,3,2490
36.5,3,11,4,2498
36.5,3,11,5,2506
36.5,3,11,6,2514
36.5,3,11,7,2521
36.5,3,11,8,2529
36.5,3,11,9,2537
36.5,3,11,10,2545
36.5,3,11,11,2552
36.5,3,11,12,2560
36.5,3,11,13,2568
36.5,3,11,14,2575
36.5,3,11,15,2583
36.5,3,12,0,2474
36.5,3,12,1,2482
36.5,3,12,2,2490
36.5,3,12,3,2498
36.5,3,12,4,2506
36.5,3,12,5,2514
36.5,3,12,6,2522
36.5,3,12,7,2529
36.5,3,12,8,2537
36.5,3,12,9,2545
36.5,3,12,10,2553
36.5,3,12,11,2560
36.5,3,12,12,2568
36.5,3,12,13,2576
36.5,3,12,14,2583
36.5,3,12,15,2591
36.5,3,13,0,2482
36.5,3,13,1,2490
36.5,3,13,2,2498
36.5,3,13,3,2506
36.5,3,13,4,2514
36.5,3,13,5,2521
36.5,3,13,6,2529
36.5,3,13,7,2537
36.5,3,13,8,2545
36.5,3,13,9,2553
36.5,3,13,10,2561
36.5,3,13,11,2568
36.5,3,13,12,2576
36.5,3,13,13,2584
36.5,3,13,14,2591
36.5,3,13,15,2599
36.5,3,14,0,2489
36.5,3,14,1,2497
36.5,3,14,2,2505
36.5,3,14,3,2513
36.5,3,14,4,2521
36.5,3,14,5,2529
36.5,3,14,6,2537
36.5,3,14,7,2545
36.5,3,14,8,2553
36.5,3,14,9,2561
36.5,3,14,10,2568
36.5,3,14,11,2576
36.5,3,14,12,2584
36.5,3,14,13,2592
36.5,3,14,14,2599
36.5,3,14,15,2607
36.5,3,15,0,2497
36.5,3,15,1,2505
36.5,3,15,2,2513
36.5,3,15,3,2521
36.5,3,15,4,2529
36.5,3,15,5,2537
36.5,3,15,6,2545
36.5,3,15,7,2553
36.5,3,15,8,2561
36.5,3,15,9,2569
36.5,3,15,10,2576
36.5,3,15,11,2584
36.5,3,15,12,2592
36.5,3,15,13,2600
36.5,3,15,14,2607
36.5,3,15,15,2615
36.5,4,0,0,2389
36.5,4,0,1,2397
36.5,4,0,2,2404
36.5,4,0,3,2412
36.5,4,0,4,2420
36.5,4,0,5,2427
36.5,4,0,6,2435
36.5,4,0,7,2442
36.5,4,0,8,2450
36.5,4,0,9,2457
36.5,4,0,10,2465
36.5,4,0,11,2472
36.5,4,0,12,2480
36.5,4,0,13,2487
36.5,4,0,14,2495
36.5,4,0,15,2502
36.5,4,1,0,2397
36.5,4,1,1,2405
36.5,4,1,2,2413
36.5,4,1,3,2420
36.5,4,1,4,2428
36.5,4,1,5,2435
36.5,4,1,6,2443
36.5,4,1,7,2451
36.5,4,1,8,2458
36.5,4,1,9,2466
36.5,4,1,10,2473
36.5,4,1,11,2481
36.5,4,1,12,2488
36.5,4,1,13,2496
36.5,4,1,14,2503
36.5,4,1,15,2510
36.5,4,2,0,2405
36.5,4,2,1,2413
36.5,4,2,2,2421
36.5,4,2,3,2428
36.5,4,2,4,2436
36.5,4,2,5,2444
36.5,4,2,6,2451
36.5,4,2,7,2459
36.5,4,2,8,2466
36.5,4,2,9,2474
36.5,4,2,10,2481
36.5,4,2,11,2489
36.5,4,2,12,2496
36.5,4,2,13,2504
36.5,4,2,14,2511
36.5,4,2,15,2519
36.5,4,3,0,2413
36.5,4,3,1,2421
36.5,4,3,2,2429
36.5,4,3,3,2436
36.5,4,3,4,2444
36.5,4,3,5,2452
36.5,4,3,6,2459
36.5,4,3,7,2467
36.5,4,3,8,2475
36.5,4,3,9,2482
36.5,4,3,10,2490
36.5,4,3,11,2497
36.5,4,3,12,2505
36.5,4,3,13,2512
36.5,4,3,14,2520
36.5,4,3,15,2527
36.5,4,4,0,2421
36.5,4,4,1,2429
36.5,4,4,2,2437
36.5,4,4,3,2444
36.5,4,4,4,2452
36.5,4,4,5,2460
36.5,4,4,6,2467
36.5,4,4,7,2475
36.5,4,4,8,2483
36.5,4,4,9,2490
36.5,4,4,10,2498
36.5,4,4,11,2505
36.5,4,4,12,2513
36.5,4,4,13,2520
36.5,4,4,14,2528
36.5,4,4,15,2535
36.5,4,5,0,2429
36.5,4,5,1,2437
36.5,4,5,2,2444
36.5,4,5,3,2452
36.5,4,5,4,2460
36.5,4,5,5,2468
36.5,4,5,6,2475
36.5,4,5,7,2483
36.5,4,5,8,2491
36.5,4,5,9,2498
36.5,4,5,10,2506
36.5,4,5,11,2514
36.5,4,5,12,2521
36.5,4,5,13,2529
36.5,4,5,14,2536
36.5,4,5,15,2544
36.5,4,6,0,2437
36.5,4,6,1,2445
36.5,4,6,2,2452
36.5,4,6,3,2460
36.5,4,6,4,2468
36.5,4,6,5,2476
36.5,4,6,6,2483
36.5,4,6,7,2491
36.5,4,6,8,2499
36.5,4,6,9,2506
36.5,4,6,10,2514
36.5,4,6,11,2522
36.5,4,6,12,2529
36.5,4,6,13,2537
36.5,4,6,14,2544
36.5,4,6,15,2552
36.5,4,7,0,2445
36.5,4,7,1,2452
36.5,4,7,2,2460
36.5,4,7,3,2468
36.5,4,7,4,2476
36.5,4,7,5,2484
36.5,4,7,6,2491
36.5,4,7,7,2499
36.5,4,7,8,2507
36.5,4,7,9,2515
36.5,4,7,10,2522
36.5,4,7,11,2530
36.5,4,7,12,2537
36.5,4,7,13,2545
36.5,4,7,14,2553
36.5,4,7,15,2560
36.5,4,8,0,2452
36.5,4,8,1,2460
36.5,4,8,2,2468
36.5,4,8,3,2476
36.5,4,8,4,2484
36.5,4,8,5,2492
36.5,4,8,6,2499
36.5,4,8,7,2507
36.5,4,8,8,2515
36.5,4,8,9,2523
36.5,4,8,10,2530
36.5,4,8,11,2538
36.5,4,8,12,2546
36.5,4,8,13,2553
36.5,4,8,14,2561
36.5,4,8,15,2568
36.5,4,9,0,2460
36.5,4,9,1,2468
36.5,4,9,2,2476
36.5,4,9,3,2484
36.5,4,9,4,2492
36.5,4,9,5,2500
36.5,4,9,6,2507
36.5,4,9,7,2515
36.5,4,9,8,2523
36.5,4,9,9,2531
36.5,4,9,10,2538
36.5,4,9,11,2546
36.5,4,9,12,2554
36.5,4,9,13,2561
36.5,4,9,14,2569
36.5,4,9,15,2577
36.5,4,10,0,2468
36.5,4,10,1,2476
36.5,4,10,2,2484
36.5,4,10,3,2492
36.5,4,10,4,2500
36.5,4,10,5,2507
36.5,4,10,6,2515
36.5,4,10,7,2523
36.5,4,10,8,2531
36.5,4,10,9,2539
36.5,4,10,10,2546
36.5,4,10,11,2554
36.5,4,10,12,2562
36.5,4,10,13,2569
36.5,4,10,14,2577
36.5,4,10,15,2585
36.5,4,11,0,2476
36.5,4,11,1,2484
36.5,4,11,2,2492
36.5,4,11,3,2500
36.5,4,11,4,2507
36.5,4,11,5,2515
36.5,4,11,6,2523
36.5,4,11,7,2531
36.5,4,11,8,2539
36.5,4,11,9,2547
36.5,4,11,10,2554
36.5,4,11,11,2562
36.5,4,11,12,2570
36.5,4,11,13,2577
36.5,4,11,14,2585
36.5,4,11,15,2593
36.5,4,12,0,2483
36.5,4,12,1,2491
36.5,4,12,2,2499
36.5,4,12,3,2507
36.5,4,12,4,2515
36.5,4,12,5,2523
36.5,4,12,6,2531
36.5,4,12,7,2539
36.5,4,12,8,2547
36.5,4,12,9,2555
36.5,4,12,10,2562
36.5,4,12,11,2570
36.5,4,12,12,2578
36.5,4,12,13,2586
36.5,4,12,14,2593
36.5,4,12,15,2601
36.5,4,13,0,2491
36.5,4,13,1,2499
36.5,4,13,2,2507
36.5,4,13,3,2515
36.5,4,13,4,2523
36.5,4,13,5,2531
36.5,4,13,6,2539
36.5,4,13,7,2547
36.5,4,13,8,2555
36.5,4,13,9,2562
36.5,4,13,10,2570
36.5,4,13,11,2578
36.5,4,13,12,2586
36.5,4,13,13,2594
36.5,4,13,14,2601
36.5,4,13,15,2609
36.5,4,14,0,2499
36.5,4,14,1,2507
36.5,4,14,2,2515
36.5,4,14,3,2523
36.5,4,14,4,2531
36.5,4,14,5,2539
36.5,4,14,6,2547
36.5,4,14,7,2555
36.5,4,14,8,2563
36.5,4,14,9,2570
36.5,4,14,10,2578
36.5,4,14,11,2586
36.5,4,14,12,2594
36.5,4,14,13,2602
36.5,4,14,14,2609
36.5,4,14,15,2617
36.5,4,15,0,2506
36.5,4,15,1,2515
36.5,4,15,2,2523
36.5,4,15,3,2531
36.5,4,15,4,2539
36.5,4,15,5,2547
36.5,4,15,6,2555
36.5,4,15,7,2562
36.5,4,15,8,2570
36.5,4,15,9,2578
36.5,4,15,10,2586
36.5,4,15,11,2594
36.5,4,15,12,2602
36.5,4,15,13,2609
36.5,4,15,14,2617
36.5,4,15,15,2625
36.5,5,0,0,2398
36.5,5,0,1,2406
36.5,5,0,2,2414
36.5,5,0,3,2421
36.5,5,0,4,2429
36.5,5,0,5,2436
36.5,5,0,6,2444
36.5,5,0,7,2452
36.5,5,0,8,2459
36.5,5,0,9,2467
36.5,5,0,10,2474
36.5,5,0,11,2482
36.5,5,0,12,2489
36.5,5,0,13,2497
36.5,5,0,14,2504
36.5,5,0,15,2511
36.5,5,1,0,2406
36.5,5,1,1,2414
36.5,5,1,2,2422
36.5,5,1,3,2429
36.5,5,1,4,2437
36.5,5,1,5,2445
36.5,5,1,6,2452
36.5,5,1,7,2460
36.5,5,1,8,2467
36.5,5,1,9,2475
36.5,5,1,10,2483
36.5,5,1,11,2490
36.5,5,1,12,2498
36.5,5,1,13,2505
36.5,5,1,14,2512
36.5,5,1,15,2520
36.5,5,2,0,2414
36.5,5,2,1,2422
36.5,5,2,2,2430
36.5,5,2,3,2437
36.5,5,2,4,2445
36.5,5,2,5,2453
36.5,5,2,6,2460
36.5,5,2,7,2468
36.5,5,2,8,2476
36.5,5,2,9,2483
36.5,5,2,10,2491
36.5,5,2,11,2498
36.5,5,2,12,2506
36.5,5,2,13,2513
36.5,5,2,14,2521
36.5,5,2,15,2528
36.5,5,3,0,2422
36.5,5,3,1,2430
36.5,5,3,2,2438
36.5,5,3,3,2445
36.5,5,3,4,2453
36.5,5,3,5,2461
36.5,5,3,6,2469
36.5,5,3,7,2476
36.5,5,3,8,2484
36.5,5,3,9,2491
36.5,5,3,10,2499
36.5,5,3,11,2507
36.5,5,3,12,2514
36.5,5,3,13,2522
36.5,5,3,14,2529
36.5,5,3,15,2537
36.5,5,4,0,2430
36.5,5,4,1,2438
36.5,5,4,2,2446
36.5,5,4,3,2453
36.5,5,4,4,2461
36.5,5,4,5,2469
36.5,5,4,6,2477
36.5,5,4,7,2484
36.5,5,4,8,2492
36.5,5,4,9,2500
36.5,5,4,10,2507
36.5,5,4,11,2515
36.5,5,4,12,2522
36.5,5,4,13,2530
36.5,5,4,14,2537
36.5,5,4,15,2545
36.5,5,5,0,2438
36.5,5,5,1,2446
36.5,5,5,2,2454
36.5,5,5,3,2461
36.5,5,5,4,2469
36.5,5,5,5,2477
36.5,5,5,6,2485
36.5,5,5,7,2492
36.5,5,5,8,2500
36.5,5,5,9,2508
36.5,5,5,10,2515
36.5,5,5,11,2523
36.5,5,5,12,2531
36.5,5,5,13,2538
36.5,5,5,14,2546
36.5,5,5,15,2553
36.5,5,6,0,2446
36.5,5,6,1,2454
36.5,5,6,2,2462
36.5,5,6,3,2469
36.5,5,6,4,2477
36.5,5,6,5,2485
36.5,5,6,6,2493
36.5,5,6,7,2501
36.5,5,6,8,2508
36.5,5,6,9,2516
36.5,5,6,10,2524
36.5,5,6,11,2531
36.5,5,6,12,2539
36.5,5,6,13,2546
36.5,5,6,14,2554
36.5,5,6,15,2562
36.5,5,7,0,2454
36.5,5,7,1,2462
36.5,5,7,2,2470
36.5,5,7,3,2477
36.5,5,7,4,2485
36.5,5,7,5,2493
36.5,5,7,6,2501
36.5,5,7,7,2509
36.5,5,7,8,2516
36.5,5,7,9,2524
36.5,5,7,10,2532
36.5,5,7,11,2539
36.5,5,7,12,2547
36.5,5,7,13,2555
36.5,5,7,14,2562
36.5,5,7,15,2570
36.5,5,8,0,2462
36.5,5,8,1,2470
36.5,5,8,2,2477
36.5,5,8,3,2485
36.5,5,8,4,2493
36.5,5,8,5,2501
36.5,5,8,6,2509
36.5,5,8,7,2517
36.5,5,8,8,2524
36.5,5,8,9,2532
36.5,5,8,10,2540
36.5,5,8,11,2548
36.5,5,8,12,2555
36.5,5,8,13,2563
36.5,5,8,14,2570
36.5,5,8,15,2578
36.5,5,9,0,2469
36.5,5,9,1,2477
36.5,5,9,2,2485
36.5,5,9,3,2493
36.5,5,9,4,2501
36.5,5,9,5,2509
36.5,5,9,6,2517
36.5,5,9,7,2525
36.5,5,9,8,2532
36.5,5,9,9,2540
36.5,5,9,10,2548
36.5,5,9,11,2556
36.5,5,9,12,2563
36.5,5,9,13,2571
36.5,5,9,14,2579
36.5,5,9,15,2586
36.5,5,10,0,2477
36.5,5,10,1,2485
36.5,5,10,2,2493
36.5,5,10,3,2501
36.5,5,10,4,2509
36.5,5,10,5,2517
36.5,5,10,6,2525
36.5,5,10,7,2533
36.5,5,10,8,2540
36.5,5,10,9,2548
36.5,5,10,10,2556
36.5,5,10,11,2564
36.5,5,10,12,2571
36.5,5,10,13,2579
36.5,5,10,14,2587
36.5,5,10,15,2594
36.5,5,11,0,2485
36.5,5,11,1,2493
36.5,5,11,2,2501
36.5,5,11,3,2509
36.5,5,11,4,2517
36.5,5,11,5,2525
36.5,5,11,6,2533
36.5,5,11,7,2541
36.5,5,11,8,2548
36.5,5,11,9,2556
36.5,5,11,10,2564
36.5,5,11,11,2572
36.5,5,11,12,2579
36.5,5,11,13,2587
36.5,5,11,14,2595
36.5,5,11,15,2603
36.5,5,12,0,2493
36.5,5,12,1,2501
36.5,5,12,2,2509
36.5,5,12,3,2517
36.5,5,12,4,2525
36.5,5,12,5,2533
36.5,5,12,6,2541
36.5,5,12,7,2548
36.5,5,12,8,2556
36.5,5,12,9,2564
36.5,5,12,10,2572
36.5,5,12,11,2580
36.5,5,12,12,2588
36.5,5,12,13,2595
36.5,5,12,14,2603
36.5,5,12,15,2611
36.5,5,13,0,2501
36.5,5,13,1,2509
36.5,5,13,2,2517
36.5,5,13,3,2525
36.5,5,13,4,2533
36.5,5,13,5,2541
36.5,5,13,6,2548
36.5,5,13,7,2556
36.5,5,13,8,2564
36.5,5,13,9,2572
36.5,5,13,10,2580
36.5,5,13,11,2588
36.5,5,13,12,2596
36.5,5,13,13,2603
36.5,5,13,14,2611
36.5,5,13,15,2619
36.5,5,14,0,2508
36.5,5,14,1,2516
36.5,5,14,2,2524
36.5,5,14,3,2532
36.5,5,14,4,2540
36.5,5,14,5,2548
36.5,5,14,6,2556
36.5,5,14,7,2564
36.5,5,14,8,2572
36.5,5,14,9,2580
36.5,5,14,10,2588
36.5,5,14,11,2596
36.5,5,14,12,2604
36.5,5,14,13,2611
36.5,5,14,14,2619
36.5,5,14,15,2627
36.5,5,15,0,2516
36.5,5,15,1,2524
36.5,5,15,2,2532
36.5,5,15,3,2540
36.5,5,15,4,2548
36.5,5,15,5,2556
36.5,5,15,6,2564
36.5,5,15,7,2572
36.5,5,15,8,2580
36.5,5,15,9,2588
36.5,5,15,10,2596
36.5,5,15,11,2604
36.5,5,15,12,2612
36.5,5,15,13,2619
36.5,5,15,14,2627
36.5,5,15,15,2635
36.5,6,0,0,2407
36.5,6,0,1,2415
36.5,6,0,2,2423
36.5,6,0,3,2430
36.5,6,0,4,2438
36.5,6,0,5,2446
36.5,6,0,6,2453
36.5,6,0,7,2461
36.5,6,0,8,2468
36.5,6,0,9,2476
36.5,6,0,10,2484
36.5,6,0,11,2491
36.5,6,0,12,2499
36.5,6,0,13,2506
36.5,6,0,14,2513
36.5,6,0,15,2521
36.5,6,1,0,2415
36.5,6,1,1,2423
36.5,6,1,2,2431
36.5,6,1,3,2438
36.5,6,1,4,2446
36.5,6,1,5,2454
36.5,6,1,6,2461
36.5,6,1,7,2469
36.5,6,1,8,2477
36.5,6,1,9,2484
36.5,6,1,10,2492
36.5,6,1,11,2499
36.5,6,1,12,2507
36.5,6,1,13,2514
36.5,6,1,14,2522
36.5,6,1,15,2529
36.5,6,2,0,2423
36.5,6,2,1,2431
36.5,6,2,2,2439
36.5,6,2,3,2447
36.5,6,2,4,2454
36.5,6,2,5,2462
36.5,6,2,6,2470
36.5,6,2,7,2477
36.5,6,2,8,2485
36.5,6,2,9,2493
36.5,6,2,10,2500
36.5,6,2,11,2508
36.5,6,2,12,2515
36.5,6,2,13,2523
36.5,6,2,14,2530
36.5,6,2,15,2538
36.5,6,3,0,2431
36.5,6,3,1,2439
36.5,6,3,2,2447
36.5,6,3,3,2455
36.5,6,3,4,2462
36.5,6,3,5,2470
36.5,6,3,6,2478
36.5,6,3,7,2486
36.5,6,3,8,2493
36.5,6,3,9,2501
36.5,6,3,10,2508
36.5,6,3,11,2516
36.5,6,3,12,2524
36.5,6,3,13,2531
36.5,6,3,14,2539
36.5,6,3,15,2546
36.5,6,4,0,2439
36.5,6,4,1,2447
36.5,6,4,2,2455
36.5,6,4,3,2463
36.5,6,4,4,2470
36.5,6,4,5,2478
36.5,6,4,6,2486
36.5,6,4,7,2494
36.5,6,4,8,2501
36.5,6,4,9,2509
36.5,6,4,10,2517
36.5,6,4,11,2524
36.5,6,4,12,2532
36.5,6,4,13,2539
36.5,6,4,14,2547
36.5,6,4,15,2555
36.5,6,5,0,2447
36.5,6,5,1,2455
36.5,6,5,2,2463
36.5,6,5,3,2471
36.5,6,5,4,2479
36.5,6,5,5,2486
36.5,6,5,6,2494
36.5,6,5,7,2502
36.5,6,5,8,2510
36.5,6,5,9,2517
36.5,6,5,10,2525
36.5,6,5,11,2533
36.5,6,5,12,2540
36.5,6,5,13,2548
36.5,6,5,14,2555
36.5,6,5,15,2563
36.5,6,6,0,2455
36.5,6,6,1,2463
36.5,6,6,2,2471
36.5,6,6,3,2479
36.5,6,6,4,2487
36.5,6,6,5,2494
36.5,6,6,6,2502
36.5,6,6,7,2510
36.5,6,6,8,2518
36.5,6,6,9,2525
36.5,6,6,10,2533
36.5,6,6,11,2541
36.5,6,6,12,2548
36.5,6,6,13,2556
36.5,6,6,14,2564
36.5,6,6,15,2571
36.5,6,7,0,2463
36.5,6,7,1,2471
36.5,6,7,2,2479
36.5,6,7,3,2487
36.5,6,7,4,2495
36.5,6,7,5,2502
36.5,6,7,6,2510
36.5,6,7,7,2518
36.5,6,7,8,2526
36.5,6,7,9,2534
36.5,6,7,10,2541
36.5,6,7,11,2549
36.5,6,7,12,2557
36.5,6,7,13,2564
36.5,6,7,14,2572
36.5,6,7,15,2579
36.5,6,8,0,2471
36.5,6,8,1,2479
36.5,6,8,2,2487
36.5,6,8,3,2495
36.5,6,8,4,2503
36.5,6,8,5,2510
36.5,6,8,6,2518
36.5,6,8,7,2526
36.5,6,8,8,2534
36.5,6,8,9,2542
36.5,6,8,10,2549
36.5,6,8,11,2557
36.5,6,8,12,2565
36.5,6,8,13,2572
36.5,6,8,14,2580
36.5,6,8,15,2588
36.5,6,9,0,2479
36.5,6,9,1,2487
36.5,6,9,2,2495
36.5,6,9,3,2503
36.5,6,9,4,2511
36.5,6,9,5,2518
36.5,6,9,6,2526
36.5,6,9,7,2534
36.5,6,9,8,2542
36.5,6,9,9,2550
36.5,6,9,10,2557
36.5,6,9,11,2565
36.5,6,9,12,2573
36.5,6,9,13,2581
36.5,6,9,14,2588
36.5,6,9,15,2596
36.5,6,10,0,2487
36.5,6,10,1,2495
36.5,6,10,2,2503
36.5,6,10,3,2511
36.5,6,10,4,2518
36.5,6,10,5,2526
36.5,6,10,6,2534
36.5,6,10,7,2542
36.5,6,10,8,2550
36.5,6,10,9,2558
36.5,6,10,10,2566
36.5,6,10,11,2573
36.5,6,10,12,2581
36.5,6,10,13,2589
36.5,6,10,14,2596
36.5,6,10,15,2604
36.5,6,11,0,2494
36.5,6,11,1,2502
36.5,6,11,2,2510
36.5,6,11,3,2518
36.5,6,11,4,2526
36.5,6,11,5,2534
36.5,6,11,6,2542
36.5,6,11,7,2550
36.5,6,11,8,2558
36.5,6,11,9,2566
36.5,6,11,10,2574
36.5,6,11,11,2581
36.5,6,11,12,2589
36.5,6,11,13,2597
36.5,6,11,14,2605
36.5,6,11,15,2612
36.5,6,12,0,2502
36.5,6,12,1,2510
36.5,6,12,2,2518
36.5,6,12,3,2526
36.5,6,12,4,2534
36.5,6,12,5,2542
36.5,6,12,6,2550
36.5,6,12,7,2558
36.5,6,12,8,2566
36.5,6,12,9,2574
36.5,6,12,10,2582
36.5,6,12,11,2589
36.5,6,12,12,2597
36.5,6,12,13,2605
36.5,6,12,14,2613
36.5,6,12,15,2620
36.5,6,13,0,2510
36.5,6,13,1,2518
36.5,6,13,2,2526
36.5,6,13,3,2534
36.5,6,13,4,2542
36.5,6,13,5,2550
36.5,6,13,6,2558
36.5,6,13,7,2566
36.5,6,13,8,2574
36.5,6,13,9,2582
36.5,6,13,10,2590
36.5,6,13,11,2598
36.5,6,13,12,2605
36.5,6,13,13,2613
36.5,6,13,14,2621
36.5,6,13,15,2629
36.5,6,14,0,2518
36.5,6,14,1,2526
36.5,6,14,2,2534
36.5,6,14,3,2542
36.5,6,14,4,2550
36.5,6,14,5,2558
36.5,6,14,6,2566
36.5,6,14,7,2574
36.5,6,14,8,2582
36.5,6,14,9,2590
36.5,6,14,10,2598
36.5,6,14,11,2606
36.5,6,14,12,2613
36.5,6,14,13,2621
36.5,6,14,14,2629
36.5,6,14,15,2637
36.5,6,15,0,2525
36.5,6,15,1,2534
36.5,6,15,2,2542
36.5,6,15,3,2550
36.5,6,15,4,2558
36.5,6,15,5,2566
36.5,6,15,6,2574
36.5,6,15,7,2582
36.5,6,15,8,2590
36.5,6,15,9,2598
36.5,6,15,10,2606
36.5,6,15,11,2613
36.5,6,15,12,2621
36.5,6,15,13,2629
36.5,6,15,14,2637
36.5,6,15,15,2645
36.5,7,0,0,2416
36.5,7,0,1,2424
36.5,7,0,2,2432
36.5,7,0,3,2439
36.5,7,0,4,2447
36.5,7,0,5,2455
36.5,7,0,6,2462
36.5,7,0,7,2470
36.5,7,0,8,2478
36.5,7,0,9,2485
36.5,7,0,10,2493
36.5,7,0,11,2500
36.5,7,0,12,2508
36.5,7,0,13,2515
36.5,7,0,14,2523
36.5,7,0,15,2530
36.5,7,1,0,2424
36.5,7,1,1,2432
36.5,7,1,2,2440
36.5,7,1,3,2448
36.5,7,1,4,2455
36.5,7,1,5,2463
36.5,7,1,6,2471
36.5,7,1,7,2478
36.5,7,1,8,2486
36.5,7,1,9,2494
36.5,7,1,10,2501
36.5,7,1,11,2509
36.5,7,1,12,2516
36.5,7,1,13,2524
36.5,7,1,14,2531
36.5,7,1,15,2539
36.5,7,2,0,2432
36.5,7,2,1,2440
36.5,7,2,2,2448
36.5,7,2,3,2456
36.5,7,2,4,2463
36.5,7,2,5,2471
36.5,7,2,6,2479
36.5,7,2,7,2487
36.5,7,2,8,2494
36.5,7,2,9,2502
36.5,7,2,10,2510
36.5,7,2,11,2517
36.5,7,2,12,2525
36.5,7,2,13,2532
36.5,7,2,14,2540
36.5,7,2,15,2547
36.5,7,3,0,2440
36.5,7,3,1,2448
36.5,7,3,2,2456
36.5,7,3,3,2464
36.5,7,3,4,2472
36.5,7,3,5,2479
36.5,7,3,6,2487
36.5,7,3,7,2495
36.5,7,3,8,2503
36.5,7,3,9,2510
36.5,7,3,10,2518
36.5,7,3,11,2525
36.5,7,3,12,2533
36.5,7,3,13,2541
36.5,7,3,14,2548
36.5,7,3,15,2556
36.5,7,4,0,2448
36.5,7,4,1,2456
36.5,7,4,2,2464
36.5,7,4,3,2472
36.5,7,4,4,2480
36.5,7,4,5,2488
36.5,7,4,6,2495
36.5,7,4,7,2503
36.5,7,4,8,2511
36.5,7,4,9,2518
36.5,7,4,10,2526
36.5,7,4,11,2534
36.5,7,4,12,2541
36.5,7,4,13,2549
36.5,7,4,14,2557
36.5,7,4,15,2564
36.5,7,5,0,2456
36.5,7,5,1,2464
36.5,7,5,2,2472
36.5,7,5,3,2480
36.5,7,5,4,2488
36.5,7,5,5,2496
36.5,7,5,6,2503
36.5,7,5,7,2511
36.5,7,5,8,2519
36.5,7,5,9,2527
36.5,7,5,10,2534
36.5,7,5,11,2542
36.5,7,5,12,2550
36.5,7,5,13,2557
36.5,7,5,14,2565
36.5,7,5,15,2572
36.5,7,6,0,2464
36.5,7,6,1,2472
36.5,7,6,2,2480
36.5,7,6,3,2488
36.5,7,6,4,2496
36.5,7,6,5,2504
36.5,7,6,6,2512
36.5,7,6,7,2519
36.5,7,6,8,2527
36.5,7,6,9,2535
36.5,7,6,10,2543
36.5,7,6,11,2550
36.5,7,6,12,2558
36.5,7,6,13,2566
36.5,7,6,14,2573
36.5,7,6,15,2581
36.5,7,7,0,2472
36.5,7,7,1,2480
36.5,7,7,2,2488
36.5,7,7,3,2496
36.5,7,7,4,2504
36.5,7,7,5,2512
36.5,7,7,6,2520
36.5,7,7,7,2527
36.5,7,7,8,2535
36.5,7,7,9,2543
36.5,7,7,10,2551
36.5,7,7,11,2558
36.5,7,7,12,2566
36.5,7,7,13,2574
36.5,7,7,14,2582
36.5,7,7,15,2589
36.5,7,8,0,2480
36.5,7,8,1,2488
36.5,7,8,2,2496
36.5,7,8,3,2504
36.5,7,8,4,2512
36.5,7,8,5,2520
36.5,7,8,6,2528
36.5,7,8,7,2536
36.5,7,8,8,2543
36.5,7,8,9,2551
36.5,7,8,10,2559
36.5,7,8,11,2567
36.5,7,8,12,2574
36.5,7,8,13,2582
36.5,7,8,14,2590
36.5,7,8,15,2597
36.5,7,9,0,2488
36.5,7,9,1,2496
36.5,7,9,2,2504
36.5,7,9,3,2512
36.5,7,9,4,2520
36.5,7,9,5,2528
36.5,7,9,6,2536
36.5,7,9,7,2544
36.5,7,9,8,2551
36.5,7,9,9,2559
36.5,7,9,10,2567
36.5,7,9,11,2575
36.5,7,9,12,2583
36.5,7,9,13,2590
36.5,7,9,14,2598
36.5,7,9,15,2606
36.5,7,10,0,2496
36.5,7,10,1,2504
36.5,7,10,2,2512
36.5,7,10,3,2520
36.5,7,10,4,2528
36.5,7,10,5,2536
36.5,7,10,6,2544
36.5,7,10,7,2552
36.5,7,10,8,2560
36.5,7,10,9,2567
36.5,7,10,10,2575
36.5,7,10,11,2583
36.5,7,10,12,2591
36.5,7,10,13,2598
36.5,7,10,14,2606
36.5,7,10,15,2614
36.5,7,11,0,2504
36.5,7,11,1,2512
36.5,7,11,2,2520
36.5,7,11,3,2528
36.5,7,11,4,2536
36.5,7,11,5,2544
36.5,7,11,6,2552
36.5,7,11,7,2560
36.5,7,11,8,2568
36.5,7,11,9,2575
36.5,7,11,10,2583
36.5,7,11,11,2591
36.5,7,11,12,2599
36.5,7,11,13,2607
36.5,7,11,14,2614
36.5,7,11,15,2622
36.5,7,12,0,2512
36.5,7,12,1,2520
36.5,7,12,2,2528
36.5,7,12,3,2536
36.5,7,12,4,2544
36.5,7,12,5,2552
36.5,7,12,6,2560
36.5,7,12,7,2568
36.5,7,12,8,2576
36.5,7,12,9,2583
36.5,7,12,10,2591
36.5,7,12,11,2599
36.5,7,12,12,2607
36.5,7,12,13,2615
36.5,7,12,14,2623
36.5,7,12,15,2630
36.5,7,13,0,2519
36.5,7,13,1,2527
36.5,7,13,2,2536
36.5,7,13,3,2544
36.5,7,13,4,2552
36.5,7,13,5,2560
36.5,7,13,6,2568
36.5,7,13,7,2576
36.5,7,13,8,2584
36.5,7,13,9,2591
36.5,7,13,10,2599
36.5,7,13,11,2607
36.5,7,13,12,2615
36.5,7,13,13,2623
36.5,7,13,14,2631
36.5,7,13,15,2638
36.5,7,14,0,2527
36.5,7,14,1,2535
36.5,7,14,2,2543
36.5,7,14,3,2551
36.5,7,14,4,2560
36.5,7,14,5,2568
36.5,7,14,6,2576
36.5,7,14,7,2584
36.5,7,14,8,2592
36.5,7,14,9,2599
36.5,7,14,10,2607
36.5,7,14,11,2615
36.5,7,14,12,2623
36.5,7,14,13,2631
36.5,7,14,14,2639
36.5,7,14,15,2647
36.5,7,15,0,2535
36.5,7,15,1,2543
36.5,7,15,2,2551
36.5,7,15,3,2559
36.5,7,15,4,2567
36.5,7,15,5,2575
36.5,7,15,6,2583
36.5,7,15,7,2591
36.5,7,15,8,2599
36.5,7,15,9,2607
36.5,7,15,10,2615
36.5,7,15,11,2623
36.5,7,15,12,2631
36.5,7,15,13,2639
36.5,7,15,14,2647
36.5,7,15,15,2655
36.5,8,0,0,2425
36.5,8,0,1,2433
36.5,8,0,2,2441
36.5,8,0,3,2449
36.5,8,0,4,2456
36.5,8,0,5,2464
36.5,8,0,6,2472
36.5,8,0,7,2479
36.5,8,0,8,2487
36.5,8,0,9,2495
36.5,8,0,10,2502
36.5,8,0,11,2510
36.5,8,0,12,2517
36.5,8,0,13,2525
36.5,8,0,14,2532
36.5,8,0,15,2540
36.5,8,1,0,2433
36.5,8,1,1,2441
36.5,8,1,2,2449
36.5,8,1,3,2457
36.5,8,1,4,2464
36.5,8,1,5,2472
36.5,8,1,6,2480
36.5,8,1,7,2488
36.5,8,1,8,2495
36.5,8,1,9,2503
36.5,8,1,10,2511
36.5,8,1,11,2518
36.5,8,1,12,2526
36.5,8,1,13,2533
36.5,8,1,14,2541
36.5,8,1,15,2548
36.5,8,2,0,2441
36.5,8,2,1,2449
36.5,8,2,2,2457
36.5,8,2,3,2465
36.5,8,2,4,2473
36.5,8,2,5,2480
36.5,8,2,6,2488
36.5,8,2,7,2496
36.5,8,2,8,2504
36.5,8,2,9,2511
36.5,8,2,10,2519
36.5,8,2,11,2527
36.5,8,2,12,2534
36.5,8,2,13,2542
36.5,8,2,14,2549
36.5,8,2,15,2557
36.5,8,3,0,2449
36.5,8,3,1,2457
36.5,8,3,2,2465
36.5,8,3,3,2473
36.5,8,3,4,2481
36.5,8,3,5,2489
36.5,8,3,6,2496
36.5,8,3,7,2504
36.5,8,3,8,2512
36.5,8,3,9,2520
36.5,8,3,10,2527
36.5,8,3,11,2535
36.5,8,3,12,2543
36.5,8,3,13,2550
36.5,8,3,14,2558
36.5,8,3,15,2565
36.5,8,4,0,2457
36.5,8,4,1,2465
36.5,8,4,2,2473
36.5,8,4,3,2481
36.5,8,4,4,2489
36.5,8,4,5,2497
36.5,8,4,6,2505
36.5,8,4,7,2512
36.5,8,4,8,2520
36.5,8,4,9,2528
36.5,8,4,10,2536
36.5,8,4,11,2543
36.5,8,4,12,2551
36.5,8,4,13,2558
36.5,8,4,14,2566
36.5,8,4,15,2574
36.5,8,5,0,2466
36.5,8,5,1,2473
36.5,8,5,2,2481
36.5,8,5,3,2489
36.5,8,5,4,2497
36.5,8,5,5,2505
36.5,8,5,6,2513
36.5,8,5,7,2521
36.5,8,5,8,2528
36.5,8,5,9,2536
36.5,8,5,10,2544
36.5,8,5,11,2552
36.5,8,5,12,2559
36.5,8,5,13,2567
36.5,8,5,14,2574
36.5,8,5,15,2582
36.5,8,6,0,2474
36.5,8,6,1,2481
36.5,8,6,2,2489
36.5,8,6,3,2497
36.5,8,6,4,2505
36.5,8,6,5,2513
36.5,8,6,6,2521
36.5,8,6,7,2529
36.5,8,6,8,2537
36.5,8,6,9,2544
36.5,8,6,10,2552
36.5,8,6,11,2560
36.5,8,6,12,2567
36.5,8,6,13,2575
36.5,8,6,14,2583
36.5,8,6,15,2590
36.5,8,7,0,2481
36.5,8,7,1,2489
36.5,8,7,2,2497
36.5,8,7,3,2505
36.5,8,7,4,2513
36.5,8,7,5,2521
36.5,8,7,6,2529
36.5,8,7,7,2537
36.5,8,7,8,2545
36.5,8,7,9,2553
36.5,8,7,10,2560
36.5,8,7,11,2568
36.5,8,7,12,2576
36.5,8,7,13,2583
36.5,8,7,14,2591
36.5,8,7,15,2599
36.5,8,8,0,2489
36.5,8,8,1,2497
36.5,8,8,2,2505
36.5,8,8,3,2513
36.5,8,8,4,2521
36.5,8,8,5,2529
36.5,8,8,6,2537
36.5,8,8,7,2545
36.5,8,8,8,2553
36.5,8,8,9,2561
36.5,8,8,10,2568
36.5,8,8,11,2576
36.5,8,8,12,2584
36.5,8,8,13,2592
36.5,8,8,14,2599
36.5,8,8,15,2607
36.5,8,9,0,2497
36.5,8,9,1,2505
36.5,8,9,2,2513
36.5,8,9,3,2521
36.5,8,9,4,2529
36.5,8,9,5,2537
36.5,8,9,6,2545
36.5,8,9,7,2553
36.5,8,9,8,2561
36.5,8,9,9,2569
36.5,8,9,10,2577
36.5,8,9,11,2584
36.5,8,9,12,2592
36.5,8,9,13,2600
36.5,8,9,14,2608
36.5,8,9,15,2615
36.5,8,10,0,2505
36.5,8,10,1,2513
36.5,8,10,2,2521
36.5,8,10,3,2529
36.5,8,10,4,2537
36.5,8,10,5,2545
36.5,8,10,6,2553
36.5,8,10,7,2561
36.5,8,10,8,2569
36.5,8,10,9,2577
36.5,8,10,10,2585
36.5,8,10,11,2593
36.5,8,10,12,2600
36.5,8,10,13,2608
36.5,8,10,14,2616
36.5,8,10,15,2624
36.5,8,11,0,2513
36.5,8,11,1,2521
36.5,8,11,2,2529
36.5,8,11,3,2537
36.5,8,11,4,2545
36.5,8,11,5,2553
36.5,8,11,6,2561
36.5,8,11,7,2569
36.5,8,11,8,2577
36.5,8,11,9,2585
36.5,8,11,10,2593
36.5,8,11,11,2601
36.5,8,11,12,2609
36.5,8,11,13,2616
36.5,8,11,14,2624
36.5,8,11,15,2632
36.5,8,12,0,2521
36.5,8,12,1,2529
36.5,8,12,2,2537
36.5,8,12,3,2545
36.5,8,12,4,2553
36.5,8,12,5,2561
36.5,8,12,6,2569
36.5,8,12,7,2577
36.5,8,12,8,2585
36.5,8,12,9,2593
36.5,8,12,10,2601
36.5,8,12,11,2609
36.5,8,12,12,2617
36.5,8,12,13,2625
36.5,8,12,14,2632
36.5,8,12,15,2640
36.5,8,13,0,2529
36.5,8,13,1,2537
36.5,8,13,2,2545
36.5,8,13,3,2553
36.5,8,13,4,2561
36.5,8,13,5,2569
36.5,8,13,6,2577
36.5,8,13,7,2585
36.5,8,13,8,2593
36.5,8,13,9,2601
36.5,8,13,10,2609
36.5,8,13,11,2617
36.5,8,13,12,2625
36.5,8,13,13,2633
36.5,8,13,14,2641
36.5,8,13,15,2648
36.5,8,14,0,2537
36.5,8,14,1,2545
36.5,8,14,2,2553
36.5,8,14,3,2561
36.5,8,14,4,2569
36.5,8,14,5,2577
36.5,8,14,6,2585
36.5,8,14,7,2593
36.5,8,14,8,2601
36.5,8,14,9,2609
36.5,8,14,10,2617
36.5,8,14,11,2625
36.5,8,14,12,2633
36.5,8,14,13,2641
36.5,8,14,14,2649
36.5,8,14,15,2656
36.5,8,15,0,2544
36.5,8,15,1,2553
36.5,8,15,2,2561
36.5,8,15,3,2569
36.5,8,15,4,2577
36.5,8,15,5,2585
36.5,8,15,6,2593
36.5,8,15,7,2601
36.5,8,15,8,2609
36.5,8,15,9,2617
36.5,8,15,10,2625
36.5,8,15,11,2633
36.5,8,15,12,2641
36.5,8,15,13,2649
36.5,8,15,14,2657
36.5,8,15,15,2665
36.5,9,0,0,2434
36.5,9,0,1,2442
36.5,9,0,2,2450
36.5,9,0,3,2458
36.5,9,0,4,2465
36.5,9,0,5,2473
36.5,9,0,6,2481
36.5,9,0,7,2489
36.5,9,0,8,2496
36.5,9,0,9,2504
36.5,9,0,10,2511
36.5,9,0,11,2519
36.5,9,0,12,2527
36.5,9,0,13,2534
36.5,9,0,14,2542
36.5,9,0,15,2549
36.5,9,1,0,2442
36.5,9,1,1,2450
36.5,9,1,2,2458
36.5,9,1,3,2466
36.5,9,1,4,2474
36.5,9,1,5,2481
36.5,9,1,6,2489
36.5,9,1,7,2497
36.5,9,1,8,2505
36.5,9,1,9,2512
36.5,9,1,10,2520
36.5,9,1,11,2528
36.5,9,1,12,2535
36.5,9,1,13,2543
36.5,9,1,14,2550
36.5,9,1,15,2558
36.5,9,2,0,2450
36.5,9,2,1,2458
36.5,9,2,2,2466
36.5,9,2,3,2474
36.5,9,2,4,2482
36.5,9,2,5,2490
36.5,9,2,6,2497
36.5,9,2,7,2505
36.5,9,2,8,2513
36.5,9,2,9,2521
36.5,9,2,10,2528
36.5,9,2,11,2536
36.5,9,2,12,2544
36.5,9,2,13,2551
36.5,9,2,14,2559
36.5,9,2,15,2566
36.5,9,3,0,2459
36.5,9,3,1,2466
36.5,9,3,2,2474
36.5,9,3,3,2482
36.5,9,3,4,2490
36.5,9,3,5,2498
36.5,9,3,6,2506
36.5,9,3,7,2513
36.5,9,3,8,2521
36.5,9,3,9,2529
36.5,9,3,10,2537
36.5,9,3,11,2544
36.5,9,3,12,2552
36.5,9,3,13,2560
36.5,9,3,14,2567
36.5,9,3,15,2575
36.5,9,4,0,2467
36.5,9,4,1,2475
36.5,9,4,2,2482
36.5,9,4,3,2490
36.5,9,4,4,2498
36.5,9,4,5,2506
36.5,9,4,6,2514
36.5,9,4,7,2522
36.5,9,4,8,2529
36.5,9,4,9,2537
36.5,9,4,10,2545
36.5,9,4,11,2553
36.5,9,4,12,2560
36.5,9,4,13,2568
36.5,9,4,14,2576
36.5,9,4,15,2583
36.5,9,5,0,2475
36.5,9,5,1,2483
36.5,9,5,2,2491
36.5,9,5,3,2499
36.5,9,5,4,2506
36.5,9,5,5,2514
36.5,9,5,6,2522
36.5,9,5,7,2530
36.5,9,5,8,2538
36.5,9,5,9,2546
36.5,9,5,10,2553
36.5,9,5,11,2561
36.5,9,5,12,2569
36.5,9,5,13,2576
36.5,9,5,14,2584
36.5,9,5,15,2592
36.5,9,6,0,2483
36.5,9,6,1,2491
36.5,9,6,2,2499
36.5,9,6,3,2507
36.5,9,6,4,2515
36.5,9,6,5,2522
36.5,9,6,6,2530
36.5,9,6,7,2538
36.5,9,6,8,2546
36.5,9,6,9,2554
36.5,9,6,10,2562
36.5,9,6,11,2569
36.5,9,6,12,2577
36.5,9,6,13,2585
36.5,9,6,14,2592
36.5,9,6,15,2600
36.5,9,7,0,2491
36.5,9,7,1,2499
36.5,9,7,2,2507
36.5,9,7,3,2515
36.5,9,7,4,2523
36.5,9,7,5,2531
36.5,9,7,6,2538
36.5,9,7,7,2546
36.5,9,7,8,2554
36.5,9,7,9,2562
36.5,9,7,10,2570
36.5,9,7,11,2578
36.5,9,7,12,2585
36.5,9,7,13,2593
36.5,9,7,14,2601
36.5,9,7,15,2608
36.5,9,8,0,2499
36.5,9,8,1,2507
36.5,9,8,2,2515
36.5,9,8,3,2523
36.5,9,8,4,2531
36.5,9,8,5,2539
36.5,9,8,6,2547
36.5,9,8,7,2554
36.5,9,8,8,2562
36.5,9,8,9,2570
36.5,9,8,10,2578
36.5,9,8,11,2586
36.5,9,8,12,2594
36.5,9,8,13,2601
36.5,9,8,14,2609
36.5,9,8,15,2617
36.5,9,9,0,2507
36.5,9,9,1,2515
36.5,9,9,2,2523
36.5,9,9,3,2531
36.5,9,9,4,2539
36.5,9,9,5,2547
36.5,9,9,6,2555
36.5,9,9,7,2563
36.5,9,9,8,2571
36.5,9,9,9,2578
36.5,9,9,10,2586
36.5,9,9,11,2594
36.5,9,9,12,2602
36.5,9,9,13,2610
36.5,9,9,14,2617
36.5,9,9,15,2625
36.5,9,10,0,2515
36.5,9,10,1,2523
36.5,9,10,2,2531
36.5,9,10,3,2539
36.5,9,10,4,2547
36.5,9,10,5,2555
36.5,9,10,6,2563
36.5,9,10,7,2571
36.5,9,10,8,2579
36.5,9,10,9,2587
36.5,9,10,10,2594
36.5,9,10,11,2602
36.5,9,10,12,2610
36.5,9,10,13,2618
36.5,9,10,14,2626
36.5,9,10,15,2633
36.5,9,11,0,2522
36.5,9,11,1,2531
36.5,9,11,2,2539
36.5,9,11,3,2547
36.5,9,11,4,2555
36.5,9,11,5,2563
36.5,9,11,6,2571
36.5,9,11,7,2579
36.5,9,11,8,2587
36.5,9,11,9,2595
36.5,9,11,10,2603
36.5,9,11,11,2610
36.5,9,11,12,2618
36.5,9,11,13,2626
36.5,9,11,14,2634
36.5,9,11,15,2642
36.5,9,12,0,2530
36.5,9,12,1,2538
36.5,9,12,2,2547
36.5,9,12,3,2555
36.5,9,12,4,2563
36.5,9,12,5,2571
36.5,9,12,6,2579
36.5,9,12,7,2587
36.5,9,12,8,2595
36.5,9,12,9,2603
36.5,9,12,10,2611
36.5,9,12,11,2619
36.5,9,12,12,2626
36.5,9,12,13,2634
36.5,9,12,14,2642
36.5,9,12,15,2650
36.5,9,13,0,2538
36.5,9,13,1,2546
36.5,9,13,2,2554
36.5,9,13,3,2563
36.5,9,13,4,2571
36.5,9,13,5,2579
36.5,9,13,6,2587
36.5,9,13,7,2595
36.5,9,13,8,2603
36.5,9,13,9,2611
36.5,9,13,10,2619
36.5,9,13,11,2627
36.5,9,13,12,2635
36.5,9,13,13,2642
36.5,9,13,14,2650
36.5,9,13,15,2658
36.5,9,14,0,2546
36.5,9,14,1,2554
36.5,9,14,2,2562
36.5,9,14,3,2571
36.5,9,14,4,2579
36.5,9,14,5,2587
36.5,9,14,6,2595
36.5,9,14,7,2603
36.5,9,14,8,2611
36.5,9,14,9,2619
36.5,9,14,10,2627
36.5,9,14,11,2635
36.5,9,14,12,2643
36.5,9,14,13,2651
36.5,9,14,14,2658
36.5,9,14,15,2666
36.5,9,15,0,2554
36.5,9,15,1,2562
36.5,9,15,2,2570
36.5,9,15,3,2578
36.5,9,15,4,2587
36.5,9,15,5,2595
36.5,9,15,6,2603
36.5,9,15,7,2611
36.5,9,15,8,2619
36.5,9,15,9,2627
36.5,9,15,10,2635
36.5,9,15,11,2643
36.5,9,15,12,2651
36.5,9,15,13,2659
36.5,9,15,14,2667
36.5,9,15,15,2675
36.5,10,0,0,2443
36.5,10,0,1,2451
36.5,10,0,2,2459
36.5,10,0,3,2467
36.5,10,0,4,2475
36.5,10,0,5,2482
36.5,10,0,6,2490
36.5,10,0,7,2498
36.5,10,0,8,2505
36.5,10,0,9,2513
36.5,10,0,10,2521
36.5,10,0,11,2528
36.5,10,0,12,2536
36.5,10,0,13,2544
36.5,10,0,14,2551
36.5,10,0,15,2559
36.5,10,1,0,2451
36.5,10,1,1,2459
36.5,10,1,2,2467
36.5,10,1,3,2475
36.5,10,1,4,2483
36.5,10,1,5,2491
36.5,10,1,6,2498
36.5,10,1,7,2506
36.5,10,1,8,2514
36.5,10,1,9,2522
36.5,10,1,10,2529
36.5,10,1,11,2537
36.5,10,1,12,2545
36.5,10,1,13,2552
36.5,10,1,14,2560
36.5,10,1,15,2567
36.5,10,2,0,2460
36.5,10,2,1,2467
36.5,10,2,2,2475
36.5,10,2,3,2483
36.5,10,2,4,2491
36.5,10,2,5,2499
36.5,10,2,6,2507
36.5,10,2,7,2514
36.5,10,2,8,2522
36.5,10,2,9,2530
36.5,10,2,10,2538
36.5,10,2,11,2545
36.5,10,2,12,2553
36.5,10,2,13,2561
36.5,10,2,14,2568
36.5,10,2,15,2576
36.5,10,3,0,2468
36.5,10,3,1,2476
36.5,10,3,2,2484
36.5,10,3,3,2491
36.5,10,3,4,2499
36.5,10,3,5,2507
36.5,10,3,6,2515
36.5,10,3,7,2523
36.5,10,3,8,2531
36.5,10,3,9,2538
36.5,10,3,10,2546
36.5,10,3,11,2554
36.5,10,3,12,2561
36.5,10,3,13,2569
36.5,10,3,14,2577
36.5,10,3,15,2584
36.5,10,4,0,2476
36.5,10,4,1,2484
36.5,10,4,2,2492
36.5,10,4,3,2500
36.5,10,4,4,2508
36.5,10,4,5,2515
36.5,10,4,6,2523
36.5,10,4,7,2531
36.5,10,4,8,2539
36.5,10,4,9,2547
36.5,10,4,10,2554
36.5,10,4,11,2562
36.5,10,4,12,2570
36.5,10,4,13,2578
36.5,10,4,14,2585
36.5,10,4,15,2593
36.5,10,5,0,2484
36.5,10,5,1,2492
36.5,10,5,2,2500
36.5,10,5,3,2508
36.5,10,5,4,2516
36.5,10,5,5,2524
36.5,10,5,6,2531
36.5,10,5,7,2539
36.5,10,5,8,2547
36.5,10,5,9,2555
36.5,10,5,10,2563
36.5,10,5,11,2570
36.5,10,5,12,2578
36.5,10,5,13,2586
36.5,10,5,14,2594
36.5,10,5,15,2601
36.5,10,6,0,2492
36.5,10,6,1,2500
36.5,10,6,2,2508
36.5,10,6,3,2516
36.5,10,6,4,2524
36.5,10,6,5,2532
36.5,10,6,6,2540
36.5,10,6,7,2548
36.5,10,6,8,2555
36.5,10,6,9,2563
36.5,10,6,10,2571
36.5,10,6,11,2579
36.5,10,6,12,2587
36.5,10,6,13,2594
36.5,10,6,14,2602
36.5,10,6,15,2610
36.5,10,7,0,2500
36.5,10,7,1,2508
36.5,10,7,2,2516
36.5,10,7,3,2524
36.5,10,7,4,2532
36.5,10,7,5,2540
36.5,10,7,6,2548
36.5,10,7,7,2556
36.5,10,7,8,2564
36.5,10,7,9,2571
36.5,10,7,10,2579
36.5,10,7,11,2587
36.5,10,7,12,2595
36.5,10,7,13,2603
36.5,10,7,14,2610
36.5,10,7,15,2618
36.5,10,8,0,2508
36.5,10,8,1,2516
36.5,10,8,2,2524
36.5,10,8,3,2532
36.5,10,8,4,2540
36.5,10,8,5,2548
36.5,10,8,6,2556
36.5,10,8,7,2564
36.5,10,8,8,2572
36.5,10,8,9,2580
36.5,10,8,10,2588
36.5,10,8,11,2595
36.5,10,8,12,2603
36.5,10,8,13,2611
36.5,10,8,14,2619
36.5,10,8,15,2627
36.5,10,9,0,2516
36.5,10,9,1,2524
36.5,10,9,2,2532
36.5,10,9,3,2540
36.5,10,9,4,2548
36.5,10,9,5,2556
36.5,10,9,6,2564
36.5,10,9,7,2572
36.5,10,9,8,2580
36.5,10,9,9,2588
36.5,10,9,10,2596
36.5,10,9,11,2604
36.5,10,9,12,2611
36.5,10,9,13,2619
36.5,10,9,14,2627
36.5,10,9,15,2635
36.5,10,10,0,2524
36.5,10,10,1,2532
36.5,10,10,2,2540
36.5,10,10,3,2548
36.5,10,10,4,2556
36.5,10,10,5,2564
36.5,10,10,6,2572
36.5,10,10,7,2580
36.5,10,10,8,2588
36.5,10,10,9,2596
36.5,10,10,10,2604
36.5,10,10,11,2612
36.5,10,10,12,2620
36.5,10,10,13,2628
36.5,10,10,14,2635
36.5,10,10,15,2643
36.5,10,11,0,2532
36.5,10,11,1,2540
36.5,10,11,2,2548
36.5,10,11,3,2556
36.5,10,11,4,2564
36.5,10,11,5,2572
36.5,10,11,6,2580
36.5,10,11,7,2588
36.5,10,11,8,2596
36.5,10,11,9,2604
36.5,10,11,10,2612
36.5,10,11,11,2620
36.5,10,11,12,2628
36.5,10,11,13,2636
36.5,10,11,14,2644
36.5,10,11,15,2651
36.5,10,12,0,2540
36.5,10,12,1,2548
36.5,10,12,2,2556
36.5,10,12,3,2564
36.5,10,12,4,2572
36.5,10,12,5,2580
36.5,10,12,6,2588
36.5,10,12,7,2596
36.5,10,12,8,2604
36.5,10,12,9,2612
36.5,10,12,10,2620
36.5,10,12,11,2628
36.5,10,12,12,2636
36.5,10,12,13,2644
36.5,10,12,14,2652
36.5,10,12,15,2660
36.5,10,13,0,2548
36.5,10,13,1,2556
36.5,10,13,2,2564
36.5,10,13,3,2572
36.5,10,13,4,2580
36.5,10,13,5,2588
36.5,10,13,6,2596
36.5,10,13,7,2604
36.5,10,13,8,2612
36.5,10,13,9,2620
36.5,10,13,10,2628
36.5,10,13,11,2636
36.5,10,13,12,2644
36.5,10,13,13,2652
36.5,10,13,14,2660
36.5,10,13,15,2668
36.5,10,14,0,2555
36.5,10,14,1,2564
36.5,10,14,2,2572
36.5,10,14,3,2580
36.5,10,14,4,2588
36.5,10,14,5,2596
36.5,10,14,6,2604
36.5,10,14,7,2612
36.5,10,14,8,2621
36.5,10,14,9,2629
36.5,10,14,10,2637
36.5,10,14,11,2645
36.5,10,14,12,2653
36.5,10,14,13,2660
36.5,10,14,14,2668
36.5,10,14,15,2676
36.5,10,15,0,2563
36.5,10,15,1,2571
36.5,10,15,2,2580
36.5,10,15,3,2588
36.5,10,15,4,2596
36.5,10,15,5,2604
36.5,10,15,6,2612
36.5,10,15,7,2620
36.5,10,15,8,2629
36.5,10,15,9,2637
36.5,10,15,10,2645
36.5,10,15,11,2653
36.5,10,15,12,2661
36.5,10,15,13,2669
36.5,10,15,14,2677
36.5,10,15,15,2684
36.5,11,0,0,2452
36.5,11,0,1,2460
36.5,11,0,2,2468
36.5,11,0,3,2476
36.5,11,0,4,2484
36.5,11,0,5,2491
36.5,11,0,6,2499
36.5,11,0,7,2507
36.5,11,0,8,2515
36.5,11,0,9,2522
36.5,11,0,10,2530
36.5,11,0,11,2538
36.5,11,0,12,2545
36.5,11,0,13,2553
36.5,11,0,14,2561
36.5,11,0,15,2568
36.5,11,1,0,2460
36.5,11,1,1,2468
36.5,11,1,2,2476
36.5,11,1,3,2484
36.5,11,1,4,2492
36.5,11,1,5,2500
36.5,11,1,6,2508
36.5,11,1,7,2515
36.5,11,1,8,2523
36.5,11,1,9,2531
36.5,11,1,10,2539
36.5,11,1,11,2546
36.5,11,1,12,2554
36.5,11,1,13,2562
36.5,11,1,14,2569
36.5,11,1,15,2577
36.5,11,2,0,2469
36.5,11,2,1,2477
36.5,11,2,2,2484
36.5,11,2,3,2492
36.5,11,2,4,2500
36.5,11,2,5,2508
36.5,11,2,6,2516
36.5,11,2,7,2524
36.5,11,2,8,2532
36.5,11,2,9,2539
36.5,11,2,10,2547
36.5,11,2,11,2555
36.5,11,2,12,2562
36.5,11,2,13,2570
36.5,11,2,14,2578
36.5,11,2,15,2585
36.5,11,3,0,2477
36.5,11,3,1,2485
36.5,11,3,2,2493
36.5,11,3,3,2501
36.5,11,3,4,2509
36.5,11,3,5,2516
36.5,11,3,6,2524
36.5,11,3,7,2532
36.5,11,3,8,2540
36.5,11,3,9,2548
36.5,11,3,10,2555
36.5,11,3,11,2563
36.5,11,3,12,2571
36.5,11,3,13,2579
36.5,11,3,14,2586
36.5,11,3,15,2594
36.5,11,4,0,2485
36.5,11,4,1,2493
36.5,11,4,2,2501
36.5,11,4,3,2509
36.5,11,4,4,2517
36.5,11,4,5,2525
36.5,11,4,6,2533
36.5,11,4,7,2540
36.5,11,4,8,2548
36.5,11,4,9,2556
36.5,11,4,10,2564
36.5,11,4,11,2572
36.5,11,4,12,2579
36.5,11,4,13,2587
36.5,11,4,14,2595
36.5,11,4,15,2602
36.5,11,5,0,2493
36.5,11,5,1,2501
36.5,11,5,2,2509
36.5,11,5,3,2517
36.5,11,5,4,2525
36.5,11,5,5,2533
36.5,11,5,6,2541
36.5,11,5,7,2549
36.5,11,5,8,2557
36.5,11,5,9,2564
36.5,11,5,10,2572
36.5,11,5,11,2580
36.5,11,5,12,2588
36.5,11,5,13,2595
36.5,11,5,14,2603
36.5,11,5,15,2611
36.5,11,6,0,2501
36.5,11,6,1,2509
36.5,11,6,2,2517
36.5,11,6,3,2525
36.5,11,6,4,2533
36.5,11,6,5,2541
36.5,11,6,6,2549
36.5,11,6,7,2557
36.5,11,6,8,2565
36.5,11,6,9,2573
36.5,11,6,10,2581
36.5,11,6,11,2588
36.5,11,6,12,2596
36.5,11,6,13,2604
36.5,11,6,14,2612
36.5,11,6,15,2619
36.5,11,7,0,2509
36.5,11,7,1,2517
36.5,11,7,2,2525
36.5,11,7,3,2533
36.5,11,7,4,2541
36.5,11,7,5,2549
36.5,11,7,6,2557
36.5,11,7,7,2565
36.5,11,7,8,2573
36.5,11,7,9,2581
36.5,11,7,10,2589
36.5,11,7,11,2597
36.5,11,7,12,2604
36.5,11,7,13,2612
36.5,11,7,14,2620
36.5,11,7,15,2628
36.5,11,8,0,2517
36.5,11,8,1,2525
36.5,11,8,2,2533
36.5,11,8,3,2541
36.5,11,8,4,2549
36.5,11,8,5,2557
36.5,11,8,6,2565
36.5,11,8,7,2573
36.5,11,8,8,2581
36.5,11,8,9,2589
36.5,11,8,10,2597
36.5,11,8,11,2605
36.5,11,8,12,2613
36.5,11,8,13,2621
36.5,11,8,14,2628
36.5,11,8,15,2636
36.5,11,9,0,2525
36.5,11,9,1,2533
36.5,11,9,2,2541
36.5,11,9,3,2550
36.5,11,9,4,2558
36.5,11,9,5,2566
36.5,11,9,6,2574
36.5,11,9,7,2582
36.5,11,9,8,2590
36.5,11,9,9,2597
36.5,11,9,10,2605
36.5,11,9,11,2613
36.5,11,9,12,2621
36.5,11,9,13,2629
36.5,11,9,14,2637
36.5,11,9,15,2645
36.5,11,10,0,2533
36.5,11,10,1,2541
36.5,11,10,2,2549
36.5,11,10,3,2558
36.5,11,10,4,2566
36.5,11,10,5,2574
36.5,11,10,6,2582
36.5,11,10,7,2590
36.5,11,10,8,2598
36.5,11,10,9,2606
36.5,11,10,10,2614
36.5,11,10,11,2622
36.5,11,10,12,2629
36.5,11,10,13,2637
36.5,11,10,14,2645
36.5,11,10,15,2653
36.5,11,11,0,2541
36.5,11,11,1,2549
36.5,11,11,2,2557
36.5,11,11,3,2566
36.5,11,11,4,2574
36.5,11,11,5,2582
36.5,11,11,6,2590
36.5,11,11,7,2598
36.5,11,11,8,2606
36.5,11,11,9,2614
36.5,11,11,10,2622
36.5,11,11,11,2630
36.5,11,11,12,2638
36.5,11,11,13,2646
36.5,11,11,14,2653
36.5,11,11,15,2661
36.5,11,12,0,2549
36.5,11,12,1,2557
36.5,11,12,2,2565
36.5,11,12,3,2574
36.5,11,12,4,2582
36.5,11,12,5,2590
36.5,11,12,6,2598
36.5,11,12,7,2606
36.5,11,12,8,2614
36.5,11,12,9,2622
36.5,11,12,10,2630
36.5,11,12,11,2638
36.5,11,12,12,2646
36.5,11,12,13,2654
36.5,11,12,14,2662
36.5,11,12,15,2670
36.5,11,13,0,2557
36.5,11,13,1,2565
36.5,11,13,2,2573
36.5,11,13,3,2582
36.5,11,13,4,2590
36.5,11,13,5,2598
36.5,11,13,6,2606
36.5,11,13,7,2614
36.5,11,13,8,2622
36.5,11,13,9,2630
36.5,11,13,10,2638
36.5,11,13,11,2646
36.5,11,13,12,2654
36.5,11,13,13,2662
36.5,11,13,14,2670
36.5,11,13,15,2678
36.5,11,14,0,2565
36.5,11,14,1,2573
36.5,11,14,2,2581
36.5,11,14,3,2590
36.5,11,14,4,2598
36.5,11,14,5,2606
36.5,11,14,6,2614
36.5,11,14,7,2622
36.5,11,14,8,2630
36.5,11,14,9,2638
36.5,11,14,10,2646
36.5,11,14,11,2654
36.5,11,14,12,2662
36.5,11,14,13,2670
36.5,11,14,14,2678
36.5,11,14,15,2686
36.5,11,15,0,2573
36.5,11,15,1,2581
36.5,11,15,2,2589
36.5,11,15,3,2597
36.5,11,15,4,2606
36.5,11,15,5,2614
36.5,11,15,6,2622
36.5,11,15,7,2630
36.5,11,15,8,2638
36.5,11,15,9,2646
36.5,11,15,10,2654
36.5,11,15,11,2662
36.5,11,15,12,2670
36.5,11,15,13,2678
36.5,11,15,14,2686
36.5,11,15,15,2694
36.5,12,0,0,2461
36.5,12,0,1,2469
36.5,12,0,2,2477
36.5,12,0,3,2485
36.5,12,0,4,2493
36.5,12,0,5,2501
36.5,12,0,6,2508
36.5,12,0,7,2516
36.5,12,0,8,2524
36.5,12,0,9,2532
36.5,12,0,10,2539
36.5,12,0,11,2547
36.5,12,0,12,2555
36.5,12,0,13,2562
36.5,12,0,14,2570
36.5,12,0,15,2578
36.5,12,1,0,2469
36.5,12,1,1,2477
36.5,12,1,2,2485
36.5,12,1,3,2493
36.5,12,1,4,2501
36.5,12,1,5,2509
36.5,12,1,6,2517
36.5,12,1,7,2525
36.5,12,1,8,2532
36.5,12,1,9,2540
36.5,12,1,10,2548
36.5,12,1,11,2556
36.5,12,1,12,2563
36.5,12,1,13,2571
36.5,12,1,14,2579
36.5,12,1,15,2586
36.5,12,2,0,2478
36.5,12,2,1,2486
36.5,12,2,2,2494
36.5,12,2,3,2502
36.5,12,2,4,2509
36.5,12,2,5,2517
36.5,12,2,6,2525
36.5,12,2,7,2533
36.5,12,2,8,2541
36.5,12,2,9,2549
36.5,12,2,10,2556
36.5,12,2,11,2564
36.5,12,2,12,2572
36.5,12,2,13,2580
36.5,12,2,14,2587
36.5,12,2,15,2595
36.5,12,3,0,2486
36.5,12,3,1,2494
36.5,12,3,2,2502
36.5,12,3,3,2510
36.5,12,3,4,2518
36.5,12,3,5,2526
36.5,12,3,6,2534
36.5,12,3,7,2541
36.5,12,3,8,2549
36.5,12,3,9,2557
36.5,12,3,10,2565
36.5,12,3,11,2573
36.5,12,3,12,2580
36.5,12,3,13,2588
36.5,12,3,14,2596
36.5,12,3,15,2603
36.5,12,4,0,2494
36.5,12,4,1,2502
36.5,12,4,2,2510
36.5,12,4,3,2518
36.5,12,4,4,2526
36.5,12,4,5,2534
36.5,12,4,6,2542
36.5,12,4,7,2550
36.5,12,4,8,2558
36.5,12,4,9,2565
36.5,12,4,10,2573
36.5,12,4,11,2581
36.5,12,4,12,2589
36.5,12,4,13,2597
36.5,12,4,14,2604
36.5,12,4,15,2612
36.5,12,5,0,2502
36.5,12,5,1,2510
36.5,12,5,2,2518
36.5,12,5,3,2526
36.5,12,5,4,2534
36.5,12,5,5,2542
36.5,12,5,6,2550
36.5,12,5,7,2558
36.5,12,5,8,2566
36.5,12,5,9,2574
36.5,12,5,10,2582
36.5,12,5,11,2589
36.5,12,5,12,2597
36.5,12,5,13,2605
36.5,12,5,14,2613
36.5,12,5,15,2620
36.5,12,6,0,2510
36.5,12,6,1,2518
36.5,12,6,2,2526
36.5,12,6,3,2534
36.5,12,6,4,2542
36.5,12,6,5,2550
36.5,12,6,6,2558
36.5,12,6,7,2566
36.5,12,6,8,2574
36.5,12,6,9,2582
36.5,12,6,10,2590
36.5,12,6,11,2598
36.5,12,6,12,2606
36.5,12,6,13,2613
36.5,12,6,14,2621
36.5,12,6,15,2629
36.5,12,7,0,2518
36.5,12,7,1,2526
36.5,12,7,2,2535
36.5,12,7,3,2543
36.5,12,7,4,2551
36.5,12,7,5,2559
36.5,12,7,6,2567
36.5,12,7,7,2575
36.5,12,7,8,2583
36.5,12,7,9,2590
36.5,12,7,10,2598
36.5,12,7,11,2606
36.5,12,7,12,2614
36.5,12,7,13,2622
36.5,12,7,14,2630
36.5,12,7,15,2637
36.5,12,8,0,2526
36.5,12,8,1,2535
36.5,12,8,2,2543
36.5,12,8,3,2551
36.5,12,8,4,2559
36.5,12,8,5,2567
36.5,12,8,6,2575
36.5,12,8,7,2583
36.5,12,8,8,2591
36.5,12,8,9,2599
36.5,12,8,10,2607
36.5,12,8,11,2615
36.5,12,8,12,2622
36.5,12,8,13,2630
36.5,12,8,14,2638
36.5,12,8,15,2646
36.5,12,9,0,2534
36.5,12,9,1,2543
36.5,12,9,2,2551
36.5,12,9,3,2559
36.5,12,9,4,2567
36.5,12,9,5,2575
36.5,12,9,6,2583
36.5,12,9,7,2591
36.5,12,9,8,2599
36.5,12,9,9,2607
36.5,12,9,10,2615
36.5,12,9,11,2623
36.5,12,9,12,2631
36.5,12,9,13,2639
36.5,12,9,14,2646
36.5,12,9,15,2654
36.5,12,10,0,2542
36.5,12,10,1,2551
36.5,12,10,2,2559
36.5,12,10,3,2567
36.5,12,10,4,2575
36.5,12,10,5,2583
36.5,12,10,6,2591
36.5,12,10,7,2599
36.5,12,10,8,2607
36.5,12,10,9,2615
36.5,12,10,10,2623
36.5,12,10,11,2631
36.5,12,10,12,2639
36.5,12,10,13,2647
36.5,12,10,14,2655
36.5,12,10,15,2663
36.5,12,11,0,2550
36.5,12,11,1,2559
36.5,12,11,2,2567
36.5,12,11,3,2575
36.5,12,11,4,2583
36.5,12,11,5,2591
36.5,12,11,6,2599
36.5,12,11,7,2607
36.5,12,11,8,2615
36.5,12,11,9,2623
36.5,12,11,10,2631
36.5,12,11,11,2639
36.5,12,11,12,2647
36.5,12,11,13,2655
36.5,12,11,14,2663
36.5,12,11,15,2671
36.5,12,12,0,2558
36.5,12,12,1,2567
36.5,12,12,2,2575
36.5,12,12,3,2583
36.5,12,12,4,2591
36.5,12,12,5,2599
36.5,12,12,6,2607
36.5,12,12,7,2616
36.5,12,12,8,2624
36.5,12,12,9,2632
36.5,12,12,10,2640
36.5,12,12,11,2648
36.5,12,12,12,2656
36.5,12,12,13,2664
36.5,12,12,14,2671
36.5,12,12,15,2679
36.5,12,13,0,2566
36.5,12,13,1,2575
36.5,12,13,2,2583
36.5,12,13,3,2591
36.5,12,13,4,2599
36.5,12,13,5,2607
36.5,12,13,6,2616
36.5,12,13,7,2624
36.5,12,13,8,2632
36.5,12,13,9,2640
36.5,12,13,10,2648
36.5,12,13,11,2656
36.5,12,13,12,2664
36.5,12,13,13,2672
36.5,12,13,14,2680
36.5,12,13,15,2688
36.5,12,14,0,2574
36.5,12,14,1,2583
36.5,12,14,2,2591
36.5,12,14,3,2599
36.5,12,14,4,2607
36.5,12,14,5,2615
36.5,12,14,6,2624
36.5,12,14,7,2632
36.5,12,14,8,2640
36.5,12,14,9,2648
36.5,12,14,10,2656
36.5,12,14,11,2664
36.5,12,14,12,2672
36.5,12,14,13,2680
36.5,12,14,14,2688
36.5,12,14,15,2696
36.5,12,15,0,2582
36.5,12,15,1,2590
36.5,12,15,2,2599
36.5,12,15,3,2607
36.5,12,15,4,2615
36.5,12,15,5,2623
36.5,12,15,6,2632
36.5,12,15,7,2640
36.5,12,15,8,2648
36.5,12,15,9,2656
36.5,12,15,10,2664
36.5,12,15,11,2672
36.5,12,15,12,2680
36.5,12,15,13,2688
36.5,12,15,14,2696
36.5,12,15,15,2704
36.5,13,0,0,2470
36.5,13,0,1,2478
36.5,13,0,2,2486
36.5,13,0,3,2494
36.5,13,0,4,2502
36.5,13,0,5,2510
36.5,13,0,6,2518
36.5,13,0,7,2525
36.5,13,0,8,2533
36.5,13,0,9,2541
36.5,13,0,10,2549
36.5,13,0,11,2556
36.5,13,0,12,2564
36.5,13,0,13,2572
36.5,13,0,14,2579
36.5,13,0,15,2587
36.5,13,1,0,2479
36.5,13,1,1,2486
36.5,13,1,2,2494
36.5,13,1,3,2502
36.5,13,1,4,2510
36.5,13,1,5,2518
36.5,13,1,6,2526
36.5,13,1,7,2534
36.5,13,1,8,2542
36.5,13,1,9,2549
36.5,13,1,10,2557
36.5,13,1,11,2565
36.5,13,1,12,2573
36.5,13,1,13,2580
36.5,13,1,14,2588
36.5,13,1,15,2596
36.5,13,2,0,2487
36.5,13,2,1,2495
36.5,13,2,2,2503
36.5,13,2,3,2511
36.5,13,2,4,2519
36.5,13,2,5,2527
36.5,13,2,6,2534
36.5,13,2,7,2542
36.5,13,2,8,2550
36.5,13,2,9,2558
36.5,13,2,10,2566
36.5,13,2,11,2574
36.5,13,2,12,2581
36.5,13,2,13,2589
36.5,13,2,14,2597
36.5,13,2,15,2604
36.5,13,3,0,2495
36.5,13,3,1,2503
36.5,13,3,2,2511
36.5,13,3,3,2519
36.5,13,3,4,2527
36.5,13,3,5,2535
36.5,13,3,6,2543
36.5,13,3,7,2551
36.5,13,3,8,2559
36.5,13,3,9,2566
36.5,13,3,10,2574
36.5,13,3,11,2582
36.5,13,3,12,2590
36.5,13,3,13,2598
36.5,13,3,14,2605
36.5,13,3,15,2613
36.5,13,4,0,2503
36.5,13,4,1,2511
36.5,13,4,2,2519
36.5,13,4,3,2527
36.5,13,4,4,2535
36.5,13,4,5,2543
36.5,13,4,6,2551
36.5,13,4,7,2559
36.5,13,4,8,2567
36.5,13,4,9,2575
36.5,13,4,10,2583
36.5,13,4,11,2590
36.5,13,4,12,2598
36.5,13,4,13,2606
36.5,13,4,14,2614
36.5,13,4,15,2622
36.5,13,5,0,2511
36.5,13,5,1,2519
36.5,13,5,2,2528
36.5,13,5,3,2536
36.5,13,5,4,2544
36.5,13,5,5,2552
36.5,13,5,6,2560
36.5,13,5,7,2567
36.5,13,5,8,2575
36.5,13,5,9,2583
36.5,13,5,10,2591
36.5,13,5,11,2599
36.5,13,5,12,2607
36.5,13,5,13,2615
36.5,13,5,14,2622
36.5,13,5,15,2630
36.5,13,6,0,2519
36.5,13,6,1,2528
36.5,13,6,2,2536
36.5,13,6,3,2544
36.5,13,6,4,2552
36.5,13,6,5,2560
36.5,13,6,6,2568
36.5,13,6,7,2576
36.5,13,6,8,2584
36.5,13,6,9,2592
36.5,13,6,10,2600
36.5,13,6,11,2607
36.5,13,6,12,2615
36.5,13,6,13,2623
36.5,13,6,14,2631
36.5,13,6,15,2639
36.5,13,7,0,2528
36.5,13,7,1,2536
36.5,13,7,2,2544
36.5,13,7,3,2552
36.5,13,7,4,2560
36.5,13,7,5,2568
36.5,13,7,6,2576
36.5,13,7,7,2584
36.5,13,7,8,2592
36.5,13,7,9,2600
36.5,13,7,10,2608
36.5,13,7,11,2616
36.5,13,7,12,2624
36.5,13,7,13,2631
36.5,13,7,14,2639
36.5,13,7,15,2647
36.5,13,8,0,2536
36.5,13,8,1,2544
36.5,13,8,2,2552
36.5,13,8,3,2560
36.5,13,8,4,2568
36.5,13,8,5,2576
36.5,13,8,6,2584
36.5,13,8,7,2592
36.5,13,8,8,2600
36.5,13,8,9,2608
36.5,13,8,10,2616
36.5,13,8,11,2624
36.5,13,8,12,2632
36.5,13,8,13,2640
36.5,13,8,14,2648
36.5,13,8,15,2656
36.5,13,9,0,2544
36.5,13,9,1,2552
36.5,13,9,2,2560
36.5,13,9,3,2568
36.5,13,9,4,2576
36.5,13,9,5,2584
36.5,13,9,6,2593
36.5,13,9,7,2601
36.5,13,9,8,2609
36.5,13,9,9,2617
36.5,13,9,10,2625
36.5,13,9,11,2632
36.5,13,9,12,2640
36.5,13,9,13,2648
36.5,13,9,14,2656
36.5,13,9,15,2664
36.5,13,10,0,2552
36.5,13,10,1,2560
36.5,13,10,2,2568
36.5,13,10,3,2576
36.5,13,10,4,2585
36.5,13,10,5,2593
36.5,13,10,6,2601
36.5,13,10,7,2609
36.5,13,10,8,2617
36.5,13,10,9,2625
36.5,13,10,10,2633
36.5,13,10,11,2641
36.5,13,10,12,2649
36.5,13,10,13,2657
36.5,13,10,14,2665
36.5,13,10,15,2672
36.5,13,11,0,2560
36.5,13,11,1,2568
36.5,13,11,2,2576
36.5,13,11,3,2584
36.5,13,11,4,2593
36.5,13,11,5,2601
36.5,13,11,6,2609
36.5,13,11,7,2617
36.5,13,11,8,2625
36.5,13,11,9,2633
36.5,13,11,10,2641
36.5,13,11,11,2649
36.5,13,11,12,2657
36.5,13,11,13,2665
36.5,13,11,14,2673
36.5,13,11,15,2681
36.5,13,12,0,2568
36.5,13,12,1,2576
36.5,13,12,2,2584
36.5,13,12,3,2593
36.5,13,12,4,2601
36.5,13,12,5,2609
36.5,13,12,6,2617
36.5,13,12,7,2625
36.5,13,12,8,2633
36.5,13,12,9,2641
36.5,13,12,10,2649
36.5,13,12,11,2657
36.5,13,12,12,2665
36.5,13,12,13,2673
36.5,13,12,14,2681
36.5,13,12,15,2689
36.5,13,13,0,2576
36.5,13,13,1,2584
36.5,13,13,2,2592
36.5,13,13,3,2601
36.5,13,13,4,2609
36.5,13,13,5,2617
36.5,13,13,6,2625
36.5,13,13,7,2633
36.5,13,13,8,2641
36.5,13,13,9,2650
36.5,13,13,10,2658
36.5,13,13,11,2666
36.5,13,13,12,2674
36.5,13,13,13,2682
36.5,13,13,14,2690
36.5,13,13,15,2698
36.5,13,14,0,2584
36.5,13,14,1,2592
36.5,13,14,2,2600
36.5,13,14,3,2609
36.5,13,14,4,2617
36.5,13,14,5,2625
36.5,13,14,6,2633
36.5,13,14,7,2641
36.5,13,14,8,2650
36.5,13,14,9,2658
36.5,13,14,10,2666
36.5,13,14,11,2674
36.5,13,14,12,2682
36.5,13,14,13,2690
36.5,13,14,14,2698
36.5,13,14,15,2706
36.5,13,15,0,2592
36.5,13,15,1,2600
36.5,13,15,2,2608
36.5,13,15,3,2617
36.5,13,15,4,2625
36.5,13,15,5,2633
36.5,13,15,6,2641
36.5,13,15,7,2650
36.5,13,15,8,2658
36.5,13,15,9,2666
36.5,13,15,10,2674
36.5,13,15,11,2682
36.5,13,15,12,2690
36.5,13,15,13,2698
36.5,13,15,14,2706
36.5,13,15,15,2714
36.5,14,0,0,2479
36.5,14,0,1,2487
36.5,14,0,2,2495
36.5,14,0,3,2503
36.5,14,0,4,2511
36.5,14,0,5,2519
36.5,14,0,6,2527
36.5,14,0,7,2535
36.5,14,0,8,2542
36.5,14,0,9,2550
36.5,14,0,10,2558
36.5,14,0,11,2566
36.5,14,0,12,2573
36.5,14,0,13,2581
36.5,14,0,14,2589
36.5,14,0,15,2596
36.5,14,1,0,2488
36.5,14,1,1,2496
36.5,14,1,2,2504
36.5,14,1,3,2512
36.5,14,1,4,2519
36.5,14,1,5,2527
36.5,14,1,6,2535
36.5,14,1,7,2543
36.5,14,1,8,2551
36.5,14,1,9,2559
36.5,14,1,10,2567
36.5,14,1,11,2574
36.5,14,1,12,2582
36.5,14,1,13,2590
36.5,14,1,14,2597
36.5,14,1,15,2605
36.5,14,2,0,2496
36.5,14,2,1,2504
36.5,14,2,2,2512
36.5,14,2,3,2520
36.5,14,2,4,2528
36.5,14,2,5,2536
36.5,14,2,6,2544
36.5,14,2,7,2552
36.5,14,2,8,2559
36.5,14,2,9,2567
36.5,14,2,10,2575
36.5,14,2,11,2583
36.5,14,2,12,2591
36.5,14,2,13,2598
36.5,14,2,14,2606
36.5,14,2,15,2614
36.5,14,3,0,2504
36.5,14,3,1,2512
36.5,14,3,2,2520
36.5,14,3,3,2528
36.5,14,3,4,2536
36.5,14,3,5,2544
36.5,14,3,6,2552
36.5,14,3,7,2560
36.5,14,3,8,2568
36.5,14,3,9,2576
36.5,14,3,10,2584
36.5,14,3,11,2591
36.5,14,3,12,2599
36.5,14,3,13,2607
36.5,14,3,14,2615
36.5,14,3,15,2622
36.5,14,4,0,2512
36.5,14,4,1,2520
36.5,14,4,2,2528
36.5,14,4,3,2537
36.5,14,4,4,2545
36.5,14,4,5,2553
36.5,14,4,6,2560
36.5,14,4,7,2568
36.5,14,4,8,2576
36.5,14,4,9,2584
36.5,14,4,10,2592
36.5,14,4,11,2600
36.5,14,4,12,2608
36.5,14,4,13,2616
36.5,14,4,14,2623
36.5,14,4,15,2631
36.5,14,5,0,2521
36.5,14,5,1,2529
36.5,14,5,2,2537
36.5,14,5,3,2545
36.5,14,5,4,2553
36.5,14,5,5,2561
36.5,14,5,6,2569
36.5,14,5,7,2577
36.5,14,5,8,2585
36.5,14,5,9,2593
36.5,14,5,10,2601
36.5,14,5,11,2608
36.5,14,5,12,2616
36.5,14,5,13,2624
36.5,14,5,14,2632
36.5,14,5,15,2640
36.5,14,6,0,2529
36.5,14,6,1,2537
36.5,14,6,2,2545
36.5,14,6,3,2553
36.5,14,6,4,2561
36.5,14,6,5,2569
36.5,14,6,6,2577
36.5,14,6,7,2585
36.5,14,6,8,2593
36.5,14,6,9,2601
36.5,14,6,10,2609
36.5,14,6,11,2617
36.5,14,6,12,2625
36.5,14,6,13,2633
36.5,14,6,14,2640
36.5,14,6,15,2648
36.5,14,7,0,2537
36.5,14,7,1,2545
36.5,14,7,2,2553
36.5,14,7,3,2561
36.5,14,7,4,2569
36.5,14,7,5,2577
36.5,14,7,6,2585
36.5,14,7,7,2593
36.5,14,7,8,2601
36.5,14,7,9,2609
36.5,14,7,10,2617
36.5,14,7,11,2625
36.5,14,7,12,2633
36.5,14,7,13,2641
36.5,14,7,14,2649
36.5,14,7,15,2657
36.5,14,8,0,2545
36.5,14,8,1,2553
36.5,14,8,2,2561
36.5,14,8,3,2569
36.5,14,8,4,2578
36.5,14,8,5,2586
36.5,14,8,6,2594
36.5,14,8,7,2602
36.5,14,8,8,2610
36.5,14,8,9,2618
36.5,14,8,10,2626
36.5,14,8,11,2634
36.5,14,8,12,2642
36.5,14,8,13,2650
36.5,14,8,14,2657
36.5,14,8,15,2665
36.5,14,9,0,2553
36.5,14,9,1,2561
36.5,14,9,2,2569
36.5,14,9,3,2578
36.5,14,9,4,2586
36.5,14,9,5,2594
36.5,14,9,6,2602
36.5,14,9,7,2610
36.5,14,9,8,2618
36.5,14,9,9,2626
36.5,14,9,10,2634
36.5,14,9,11,2642
36.5,14,9,12,2650
36.5,14,9,13,2658
36.5,14,9,14,2666
36.5,14,9,15,2674
36.5,14,10,0,2561
36.5,14,10,1,2569
36.5,14,10,2,2578
36.5,14,10,3,2586
36.5,14,10,4,2594
36.5,14,10,5,2602
36.5,14,10,6,2610
36.5,14,10,7,2618
36.5,14,10,8,2626
36.5,14,10,9,2634
36.5,14,10,10,2642
36.5,14,10,11,2650
36.5,14,10,12,2658
36.5,14,10,13,2666
36.5,14,10,14,2674
36.5,14,10,15,2682
36.5,14,11,0,2569
36.5,14,11,1,2577
36.5,14,11,2,2586
36.5,14,11,3,2594
36.5,14,11,4,2602
36.5,14,11,5,2610
36.5,14,11,6,2618
36.5,14,11,7,2627
36.5,14,11,8,2635
36.5,14,11,9,2643
36.5,14,11,10,2651
36.5,14,11,11,2659
36.5,14,11,12,2667
36.5,14,11,13,2675
36.5,14,11,14,2683
36.5,14,11,15,2691
36.5,14,12,0,2577
36.5,14,12,1,2585
36.5,14,12,2,2594
36.5,14,12,3,2602
36.5,14,12,4,2610
36.5,14,12,5,2618
36.5,14,12,6,2627
36.5,14,12,7,2635
36.5,14,12,8,2643
36.5,14,12,9,2651
36.5,14,12,10,2659
36.5,14,12,11,2667
36.5,14,12,12,2675
36.5,14,12,13,2683
36.5,14,12,14,2691
36.5,14,12,15,2699
36.5,14,13,0,2585
36.5,14,13,1,2593
36.5,14,13,2,2602
36.5,14,13,3,2610
36.5,14,13,4,2618
36.5,14,13,5,2627
36.5,14,13,6,2635
36.5,14,13,7,2643
36.5,14,13,8,2651
36.5,14,13,9,2659
36.5,14,13,10,2667
36.5,14,13,11,2675
36.5,14,13,12,2683
36.5,14,13,13,2691
36.5,14,13,14,2699
36.5,14,13,15,2707
36.5,14,14,0,2593
36.5,14,14,1,2601
36.5,14,14,2,2610
36.5,14,14,3,2618
36.5,14,14,4,2626
36.5,14,14,5,2635
36.5,14,14,6,2643
36.5,14,14,7,2651
36.5,14,14,8,2659
36.5,14,14,9,2667
36.5,14,14,10,2675
36.5,14,14,11,2684
36.5,14,14,12,2692
36.5,14,14,13,2700
36.5,14,14,14,2708
36.5,14,14,15,2716
36.5,14,15,0,2601
36.5,14,15,1,2609
36.5,14,15,2,2618
36.5,14,15,3,2626
36.5,14,15,4,2634
36.5,14,15,5,2643
36.5,14,15,6,2651
36.5,14,15,7,2659
36.5,14,15,8,2667
36.5,14,15,9,2676
36.5,14,15,10,2684
36.5,14,15,11,2692
36.5,14,15,12,2700
36.5,14,15,13,2708
36.5,14,15,14,2716
36.5,14,15,15,2724
36.5,15,0,0,2488
36.5,15,0,1,2496
36.5,15,0,2,2504
36.5,15,0,3,2512
36.5,15,0,4,2520
36.5,15,0,5,2528
36.5,15,0,6,2536
36.5,15,0,7,2544
36.5,15,0,8,2552
36.5,15,0,9,2560
36.5,15,0,10,2567
36.5,15,0,11,2575
36.5,15,0,12,2583
36.5,15,0,13,2591
36.5,15,0,14,2598
36.5,15,0,15,2606
36.5,15,1,0,2497
36.5,15,1,1,2505
36.5,15,1,2,2513
36.5,15,1,3,2521
36.5,15,1,4,2529
36.5,15,1,5,2537
36.5,15,1,6,2544
36.5,15,1,7,2552
36.5,15,1,8,2560
36.5,15,1,9,2568
36.5,15,1,10,2576
36.5,15,1,11,2584
36.5,15,1,12,2591
36.5,15,1,13,2599
36.5,15,1,14,2607
36.5,15,1,15,2615
36.5,15,2,0,2505
36.5,15,2,1,2513
36.5,15,2,2,2521
36.5,15,2,3,2529
36.5,15,2,4,2537
36.5,15,2,5,2545
36.5,15,2,6,2553
36.5,15,2,7,2561
36.5,15,2,8,2569
36.5,15,2,9,2577
36.5,15,2,10,2584
36.5,15,2,11,2592
36.5,15,2,12,2600
36.5,15,2,13,2608
36.5,15,2,14,2616
36.5,15,2,15,2623
36.5,15,3,0,2513
36.5,15,3,1,2521
36.5,15,3,2,2529
36.5,15,3,3,2537
36.5,15,3,4,2545
36.5,15,3,5,2553
36.5,15,3,6,2561
36.5,15,3,7,2569
36.5,15,3,8,2577
36.5,15,3,9,2585
36.5,15,3,10,2593
36.5,15,3,11,2601
36.5,15,3,12,2609
36.5,15,3,13,2616
36.5,15,3,14,2624
36.5,15,3,15,2632
36.5,15,4,0,2521
36.5,15,4,1,2530
36.5,15,4,2,2538
36.5,15,4,3,2546
36.5,15,4,4,2554
36.5,15,4,5,2562
36.5,15,4,6,2570
36.5,15,4,7,2578
36.5,15,4,8,2586
36.5,15,4,9,2594
36.5,15,4,10,2602
36.5,15,4,11,2609
36.5,15,4,12,2617
36.5,15,4,13,2625
36.5,15,4,14,2633
36.5,15,4,15,2641
36.5,15,5,0,2530
36.5,15,5,1,2538
36.5,15,5,2,2546
36.5,15,5,3,2554
36.5,15,5,4,2562
36.5,15,5,5,2570
36.5,15,5,6,2578
36.5,15,5,7,2586
36.5,15,5,8,2594
36.5,15,5,9,2602
36.5,15,5,10,2610
36.5,15,5,11,2618
36.5,15,5,12,2626
36.5,15,5,13,2634
36.5,15,5,14,2641
36.5,15,5,15,2649
36.5,15,6,0,2538
36.5,15,6,1,2546
36.5,15,6,2,2554
36.5,15,6,3,2562
36.5,15,6,4,2570
36.5,15,6,5,2579
36.5,15,6,6,2587
36.5,15,6,7,2595
36.5,15,6,8,2603
36.5,15,6,9,2611
36.5,15,6,10,2618
36.5,15,6,11,2626
36.5,15,6,12,2634
36.5,15,6,13,2642
36.5,15,6,14,2650
36.5,15,6,15,2658
36.5,15,7,0,2546
36.5,15,7,1,2554
36.5,15,7,2,2562
36.5,15,7,3,2571
36.5,15,7,4,2579
36.5,15,7,5,2587
36.5,15,7,6,2595
36.5,15,7,7,2603
36.5,15,7,8,2611
36.5,15,7,9,2619
36.5,15,7,10,2627
36.5,15,7,11,2635
36.5,15,7,12,2643
36.5,15,7,13,2651
36.5,15,7,14,2659
36.5,15,7,15,2666
36.5,15,8,0,2554
36.5,15,8,1,2562
36.5,15,8,2,2571
36.5,15,8,3,2579
36.5,15,8,4,2587
36.5,15,8,5,2595
36.5,15,8,6,2603
36.5,15,8,7,2611
36.5,15,8,8,2619
36.5,15,8,9,2627
36.5,15,8,10,2635
36.5,15,8,11,2643
36.5,15,8,12,2651
36.5,15,8,13,2659
36.5,15,8,14,2667
36.5,15,8,15,2675
36.5,15,9,0,2562
36.5,15,9,1,2571
36.5,15,9,2,2579
36.5,15,9,3,2587
36.5,15,9,4,2595
36.5,15,9,5,2603
36.5,15,9,6,2611
36.5,15,9,7,2620
36.5,15,9,8,2628
36.5,15,9,9,2636
36.5,15,9,10,2644
36.5,15,9,11,2652
36.5,15,9,12,2660
36.5,15,9,13,2668
36.5,15,9,14,2676
36.5,15,9,15,2683
36.5,15,10,0,2570
36.5,15,10,1,2579
36.5,15,10,2,2587
36.5,15,10,3,2595
36.5,15,10,4,2603
36.5,15,10,5,2612
36.5,15,10,6,2620
36.5,15,10,7,2628
36.5,15,10,8,2636
36.5,15,10,9,2644
36.5,15,10,10,2652
36.5,15,10,11,2660
36.5,15,10,12,2668
36.5,15,10,13,2676
36.5,15,10,14,2684
36.5,15,10,15,2692
36.5,15,11,0,2579
36.5,15,11,1,2587
36.5,15,11,2,2595
36.5,15,11,3,2603
36.5,15,11,4,2612
36.5,15,11,5,2620
36.5,15,11,6,2628
36.5,15,11,7,2636
36.5,15,11,8,2644
36.5,15,11,9,2652
36.5,15,11,10,2660
36.5,15,11,11,2668
36.5,15,11,12,2676
36.5,15,11,13,2684
36.5,15,11,14,2692
36.5,15,11,15,2700
36.5,15,12,0,2587
36.5,15,12,1,2595
36.5,15,12,2,2603
36.5,15,12,3,2611
36.5,15,12,4,2620
36.5,15,12,5,2628
36.5,15,12,6,2636
36.5,15,12,7,2644
36.5,15,12,8,2652
36.5,15,12,9,2661
36.5,15,12,10,2669
36.5,15,12,11,2677
36.5,15,12,12,2685
36.5,15,12,13,2693
36.5,15,12,14,2701
36.5,15,12,15,2709
36.5,15,13,0,2595
36.5,15,13,1,2603
36.5,15,13,2,2611
36.5,15,13,3,2620
36.5,15,13,4,2628
36.5,15,13,5,2636
36.5,15,13,6,2644
36.5,15,13,7,2653
36.5,15,13,8,2661
36.5,15,13,9,2669
36.5,15,13,10,2677
36.5,15,13,11,2685
36.5,15,13,12,2693
36.5,15,13,13,2701
36.5,15,13,14,2709
36.5,15,13,15,2717
36.5,15,14,0,2603
36.5,15,14,1,2611
36.5,15,14,2,2619
36.5,15,14,3,2628
36.5,15,14,4,2636
36.5,15,14,5,2644
36.5,15,14,6,2652
36.5,15,14,7,2661
36.5,15,14,8,2669
36.5,15,14,9,2677
36.5,15,14,10,2685
36.5,15,14,11,2693
36.5,15,14,12,2701
36.5,15,14,13,2710
36.5,15,14,14,2718
36.5,15,14,15,2726
36.5,15,15,0,2611
36.5,15,15,1,2619
36.5,15,15,2,2627
36.5,15,15,3,2636
36.5,15,15,4,2644
36.5,15,15,5,2652
36.5,15,15,6,2661
36.5,15,15,7,2669
36.5,15,15,8,2677
36.5,15,15,9,2685
36.5,15,15,10,2693
36.5,15,15,11,2702
36.5,15,15,12,2710
36.5,15,15,13,2718
36.5,15,15,14,2726
36.5,15,15,15,2734
37.0,0,0,0,2371
37.0,0,0,1,2378
37.0,0,0,2,2386
37.0,0,0,3,2394
37.0,0,0,4,2401
37.0,0,0,5,2409
37.0,0,0,6,2416
37.0,0,0,7,2424
37.0,0,0,8,2431
37.0,0,0,9,2439
37.0,0,0,10,2446
37.0,0,0,11,2453
37.0,0,0,12,2461
37.0,0,0,13,2468
37.0,0,0,14,2475
37.0,0,0,15,2483
37.0,0,1,0,2379
37.0,0,1,1,2386
37.0,0,1,2,2394
37.0,0,1,3,2402
37.0,0,1,4,2409
37.0,0,1,5,2417
37.0,0,1,6,2424
37.0,0,1,7,2432
37.0,0,1,8,2439
37.0,0,1,9,2447
37.0,0,1,10,2454
37.0,0,1,11,2462
37.0,0,1,12,2469
37.0,0,1,13,2476
37.0,0,1,14,2484
37.0,0,1,15,2491
37.0,0,2,0,2387
37.0,0,2,1,2394
37.0,0,2,2,2402
37.0,0,2,3,2410
37.0,0,2,4,2417
37.0,0,2,5,2425
37.0,0,2,6,2432
37.0,0,2,7,2440
37.0,0,2,8,2447
37.0,0,2,9,2455
37.0,0,2,10,2462
37.0,0,2,11,2470
37.0,0,2,12,2477
37.0,0,2,13,2485
37.0,0,2,14,2492
37.0,0,2,15,2499
37.0,0,3,0,2394
37.0,0,3,1,2402
37.0,0,3,2,2410
37.0,0,3,3,2418
37.0,0,3,4,2425
37.0,0,3,5,2433
37.0,0,3,6,2440
37.0,0,3,7,2448
37.0,0,3,8,2455
37.0,0,3,9,2463
37.0,0,3,10,2471
37.0,0,3,11,2478
37.0,0,3,12,2485
37.0,0,3,13,2493
37.0,0,3,14,2500
37.0,0,3,15,2508
37.0,0,4,0,2402
37.0,0,4,1,2410
37.0,0,4,2,2418
37.0,0,4,3,2425
37.0,0,4,4,2433
37.0,0,4,5,2441
37.0,0,4,6,2448
37.0,0,4,7,2456
37.0,0,4,8,2464
37.0,0,4,9,2471
37.0,0,4,10,2479
37.0,0,4,11,2486
37.0,0,4,12,2494
37.0,0,4,13,2501
37.0,0,4,14,2508
37.0,0,4,15,2516
37.0,0,5,0,2410
37.0,0,5,1,2418
37.0,0,5,2,2426
37.0,0,5,3,2433
37.0,0,5,4,2441
37.0,0,5,5,2449
37.0,0,5,6,2456
37.0,0,5,7,2464
37.0,0,5,8,2472
37.0,0,5,9,2479
37.0,0,5,10,2487
37.0,0,5,11,2494
37.0,0,5,12,2502
37.0,0,5,13,2509
37.0,0,5,14,2517
37.0,0,5,15,2524
37.0,0,6,0,2418
37.0,0,6,1,2426
37.0,0,6,2,2434
37.0,0,6,3,2441
37.0,0,6,4,2449
37.0,0,6,5,2457
37.0,0,6,6,2464
37.0,0,6,7,2472
37.0,0,6,8,2480
37.0,0,6,9,2487
37.0,0,6,10,2495
37.0,0,6,11,2502
37.0,0,6,12,2510
37.0,0,6,13,2517
37.0,0,6,14,2525
37.0,0,6,15,2532
37.0,0,7,0,2426
37.0,0,7,1,2434
37.0,0,7,2,2441
37.0,0,7,3,2449
37.0,0,7,4,2457
37.0,0,7,5,2465
37.0,0,7,6,2472
37.0,0,7,7,2480
37.0,0,7,8,2488
37.0,0,7,9,2495
37.0,0,7,10,2503
37.0,0,7,11,2510
37.0,0,7,12,2518
37.0,0,7,13,2525
37.0,0,7,14,2533
37.0,0,7,15,2540
37.0,0,8,0,2434
37.0,0,8,1,2441
37.0,0,8,2,2449
37.0,0,8,3,2457
37.0,0,8,4,2465
37.0,0,8,5,2472
37.0,0,8,6,2480
37.0,0,8,7,2488
37.0,0,8,8,2496
37.0,0,8,9,2503
37.0,0,8,10,2511
37.0,0,8,11,2518
37.0,0,8,12,2526
37.0,0,8,13,2534
37.0,0,8,14,2541
37.0,0,8,15,2549
37.0,0,9,0,2441
37.0,0,9,1,2449
37.0,0,9,2,2457
37.0,0,9,3,2465
37.0,0,9,4,2473
37.0,0,9,5,2480
37.0,0,9,6,2488
37.0,0,9,7,2496
37.0,0,9,8,2503
37.0,0,9,9,2511
37.0,0,9,10,2519
37.0,0,9,11,2526
37.0,0,9,12,2534
37.0,0,9,13,2542
37.0,0,9,14,2549
37.0,0,9,15,2557
37.0,0,10,0,2449
37.0,0,10,1,2457
37.0,0,10,2,2465
37.0,0,10,3,2473
37.0,0,10,4,2480
37.0,0,10,5,2488
37.0,0,10,6,2496
37.0,0,10,7,2504
37.0,0,10,8,2511
37.0,0,10,9,2519
37.0,0,10,10,2527
37.0,0,10,11,2534
37.0,0,10,12,2542
37.0,0,10,13,2550
37.0,0,10,14,2557
37.0,0,10,15,2565
37.0,0,11,0,2457
37.0,0,11,1,2465
37.0,0,11,2,2472
37.0,0,11,3,2480
37.0,0,11,4,2488
37.0,0,11,5,2496
37.0,0,11,6,2504
37.0,0,11,7,2512
37.0,0,11,8,2519
37.0,0,11,9,2527
37.0,0,11,10,2535
37.0,0,11,11,2542
37.0,0,11,12,2550
37.0,0,11,13,2558
37.0,0,11,14,2565
37.0,0,11,15,2573
37.0,0,12,0,2464
37.0,0,12,1,2472
37.0,0,12,2,2480
37.0,0,12,3,2488
37.0,0,12,4,2496
37.0,0,12,5,2504
37.0,0,12,6,2512
37.0,0,12,7,2519
37.0,0,12,8,2527
37.0,0,12,9,2535
37.0,0,12,10,2543
37.0,0,12,11,2550
37.0,0,12,12,2558
37.0,0,12,13,2566
37.0,0,12,14,2573
37.0,0,12,15,2581
37.0,0,13,0,2472
37.0,0,13,1,2480
37.0,0,13,2,2488
37.0,0,13,3,2496
37.0,0,13,4,2504
37.0,0,13,5,2512
37.0,0,13,6,2519
37.0,0,13,7,2527
37.0,0,13,8,2535
37.0,0,13,9,2543
37.0,0,13,10,2550
37.0,0,13,11,2558
37.0,0,13,12,2566
37.0,0,13,13,2574
37.0,0,13,14,2581
37.0,0,13,15,2589
37.0,0,14,0,2480
37.0,0,14,1,2488
37.0,0,14,2,2496
37.0,0,14,3,2503
37.0,0,14,4,2511
37.0,0,14,5,2519
37.0,0,14,6,2527
37.0,0,14,7,2535
37.0,0,14,8,2543
37.0,0,14,9,2551
37.0,0,14,10,2558
37.0,0,14,11,2566
37.0,0,14,12,2574
37.0,0,14,13,2582
37.0,0,14,14,2589
37.0,0,14,15,2597
37.0,0,15,0,2487
37.0,0,15,1,2495
37.0,0,15,2,2503
37.0,0,15,3,2511
37.0,0,15,4,2519
37.0,0,15,5,2527
37.0,0,15,6,2535
37.0,0,15,7,2543
37.0,0,15,8,2551
37.0,0,15,9,2558
37.0,0,15,10,2566
37.0,0,15,11,2574
37.0,0,15,12,2582
37.0,0,15,13,2589
37.0,0,15,14,2597
37.0,0,15,15,2605
37.0,1,0,0,2380
37.0,1,0,1,2387
37.0,1,0,2,2395
37.0,1,0,3,2403
37.0,1,0,4,2410
37.0,1,0,5,2418
37.0,1,0,6,2425
37.0,1,0,7,2433
37.0,1,0,8,2440
37.0,1,0,9,2448
37.0,1,0,10,2455
37.0,1,0,11,2463
37.0,1,0,12,2470
37.0,1,0,13,2478
37.0,1,0,14,2485
37.0,1,0,15,2492
37.0,1,1,0,2388
37.0,1,1,1,2395
37.0,1,1,2,2403
37.0,1,1,3,2411
37.0,1,1,4,2418
37.0,1,1,5,2426
37.0,1,1,6,2434
37.0,1,1,7,2441
37.0,1,1,8,2449
37.0,1,1,9,2456
37.0,1,1,10,2464
37.0,1,1,11,2471
37.0,1,1,12,2478
37.0,1,1,13,2486
37.0,1,1,14,2493
37.0,1,1,15,2501
37.0,1,2,0,2396
37.0,1,2,1,2403
37.0,1,2,2,2411
37.0,1,2,3,2419
37.0,1,2,4,2426
37.0,1,2,5,2434
37.0,1,2,6,2442
37.0,1,2,7,2449
37.0,1,2,8,2457
37.0,1,2,9,2464
37.0,1,2,10,2472
37.0,1,2,11,2479
37.0,1,2,12,2487
37.0,1,2,13,2494
37.0,1,2,14,2502
37.0,1,2,15,2509
37.0,1,3,0,2404
37.0,1,3,1,2411
37.0,1,3,2,2419
37.0,1,3,3,2427
37.0,1,3,4,2434
37.0,1,3,5,2442
37.0,1,3,6,2450
37.0,1,3,7,2457
37.0,1,3,8,2465
37.0,1,3,9,2472
37.0,1,3,10,2480
37.0,1,3,11,2487
37.0,1,3,12,2495
37.0,1,3,13,2502
37.0,1,3,14,2510
37.0,1,3,15,2517
37.0,1,4,0,2412
37.0,1,4,1,2419
37.0,1,4,2,2427
37.0,1,4,3,2435
37.0,1,4,4,2442
37.0,1,4,5,2450
37.0,1,4,6,2458
37.0,1,4,7,2465
37.0,1,4,8,2473
37.0,1,4,9,2481
37.0,1,4,10,2488
37.0,1,4,11,2496
37.0,1,4,12,2503
37.0,1,4,13,2511
37.0,1,4,14,2518
37.0,1,4,15,2526
37.0,1,5,0,2419
37.0,1,5,1,2427
37.0,1,5,2,2435
37.0,1,5,3,2443
37.0,1,5,4,2450
37.0,1,5,5,2458
37.0,1,5,6,2466
37.0,1,5,7,2473
37.0,1,5,8,2481
37.0,1,5,9,2489
37.0,1,5,10,2496
37.0,1,5,11,2504
37.0,1,5,12,2511
37.0,1,5,13,2519
37.0,1,5,14,2526
37.0,1,5,15,2534
37.0,1,6,0,2427
37.0,1,6,1,2435
37.0,1,6,2,2443
37.0,1,6,3,2451
37.0,1,6,4,2458
37.0,1,6,5,2466
37.0,1,6,6,2474
37.0,1,6,7,2481
37.0,1,6,8,2489
37.0,1,6,9,2497
37.0,1,6,10,2504
37.0,1,6,11,2512
37.0,1,6,12,2519
37.0,1,6,13,2527
37.0,1,6,14,2535
37.0,1,6,15,2542
37.0,1,7,0,2435
37.0,1,7,1,2443
37.0,1,7,2,2451
37.0,1,7,3,2459
37.0,1,7,4,2466
37.0,1,7,5,2474
37.0,1,7,6,2482
37.0,1,7,7,2489
37.0,1,7,8,2497
37.0,1,7,9,2505
37.0,1,7,10,2512
37.0,1,7,11,2520
37.0,1,7,12,2528
37.0,1,7,13,2535
37.0,1,7,14,2543
37.0,1,7,15,2550
37.0,1,8,0,2443
37.0,1,8,1,2451
37.0,1,8,2,2459
37.0,1,8,3,2466
37.0,1,8,4,2474
37.0,1,8,5,2482
37.0,1,8,6,2490
37.0,1,8,7,2497
37.0,1,8,8,2505
37.0,1,8,9,2513
37.0,1,8,10,2520
37.0,1,8,11,2528
37.0,1,8,12,2536
37.0,1,8,13,2543
37.0,1,8,14,2551
37.0,1,8,15,2558
37.0,1,9,0,2451
37.0,1,9,1,2459
37.0,1,9,2,2466
37.0,1,9,3,2474
37.0,1,9,4,2482
37.0,1,9,5,2490
37.0,1,9,6,2498
37.0,1,9,7,2505
37.0,1,9,8,2513
37.0,1,9,9,2521
37.0,1,9,10,2528
37.0,1,9,11,2536
37.0,1,9,12,2544
37.0,1,9,13,2551
37.0,1,9,14,2559
37.0,1,9,15,2566
37.0,1,10,0,2458
37.0,1,10,1,2466
37.0,1,10,2,2474
37.0,1,10,3,2482
37.0,1,10,4,2490
37.0,1,10,5,2498
37.0,1,10,6,2506
37.0,1,10,7,2513
37.0,1,10,8,2521
37.0,1,10,9,2529
37.0,1,10,10,2536
37.0,1,10,11,2544
37.0,1,10,12,2552
37.0,1,10,13,2559
37.0,1,10,14,2567
37.0,1,10,15,2575
37.0,1,11,0,2466
37.0,1,11,1,2474
37.0,1,11,2,2482
37.0,1,11,3,2490
37.0,1,11,4,2498
37.0,1,11,5,2506
37.0,1,11,6,2513
37.0,1,11,7,2521
37.0,1,11,8,2529
37.0,1,11,9,2537
37.0,1,11,10,2544
37.0,1,11,11,2552
37.0,1,11,12,2560
37.0,1,11,13,2567
37.0,1,11,14,2575
37.0,1,11,15,2583
37.0,1,12,0,2474
37.0,1,12,1,2482
37.0,1,12,2,2490
37.0,1,12,3,2498
37.0,1,12,4,2506
37.0,1,12,5,2513
37.0,1,12,6,2521
37.0,1,12,7,2529
37.0,1,12,8,2537
37.0,1,12,9,2545
37.0,1,12,10,2552
37.0,1,12,11,2560
37.0,1,12,12,2568
37.0,1,12,13,2575
37.0,1,12,14,2583
37.0,1,12,15,2591
37.0,1,13,0,2481
37.0,1,13,1,2489
37.0,1,13,2,2497
37.0,1,13,3,2505
37.0,1,13,4,2513
37.0,1,13,5,2521
37.0,1,13,6,2529
37.0,1,13,7,2537
37.0,1,13,8,2545
37.0,1,13,9,2552
37.0,1,13,10,2560
37.0,1,13,11,2568
37.0,1,13,12,2576
37.0,1,13,13,2583
37.0,1,13,14,2591
37.0,1,13,15,2599
37.0,1,14,0,2489
37.0,1,14,1,2497
37.0,1,14,2,2505
37.0,1,14,3,2513
37.0,1,14,4,2521
37.0,1,14,5,2529
37.0,1,14,6,2537
37.0,1,14,7,2545
37.0,1,14,8,2553
37.0,1,14,9,2560
37.0,1,14,10,2568
37.0,1,14,11,2576
37.0,1,14,12,2584
37.0,1,14,13,2591
37.0,1,14,14,2599
37.0,1,14,15,2607
37.0,1,15,0,2497
37.0,1,15,1,2505
37.0,1,15,2,2513
37.0,1,15,3,2521
37.0,1,15,4,2529
37.0,1,15,5,2537
37.0,1,15,6,2545
37.0,1,15,7,2552
37.0,1,15,8,2560
37.0,1,15,9,2568
37.0,1,15,10,2576
37.0,1,15,11,2584
37.0,1,15,12,2592
37.0,1,15,13,2599
37.0,1,15,14,2607
37.0,1,15,15,2615
37.0,2,0,0,2389
37.0,2,0,1,2397
37.0,2,0,2,2404
37.0,2,0,3,2412
37.0,2,0,4,2420
37.0,2,0,5,2427
37.0,2,0,6,2435
37.0,2,0,7,2442
37.0,2,0,8,2450
37.0,2,0,9,2457
37.0,2,0,10,2465
37.0,2,0,11,2472
37.0,2,0,12,2480
37.0,2,0,13,2487
37.0,2,0,14,2494
37.0,2,0,15,2502
37.0,2,1,0,2397
37.0,2,1,1,2405
37.0,2,1,2,2412
37.0,2,1,3,2420
37.0,2,1,4,2428
37.0,2,1,5,2435
37.0,2,1,6,2443
37.0,2,1,7,2450
37.0,2,1,8,2458
37.0,2,1,9,2465
37.0,2,1,10,2473
37.0,2,1,11,2480
37.0,2,1,12,2488
37.0,2,1,13,2495
37.0,2,1,14,2503
37.0,2,1,15,2510
37.0,2,2,0,2405
37.0,2,2,1,2413
37.0,2,2,2,2420
37.0,2,2,3,2428
37.0,2,2,4,2436
37.0,2,2,5,2443
37.0,2,2,6,2451
37.0,2,2,7,2459
37.0,2,2,8,2466
37.0,2,2,9,2474
37.0,2,2,10,2481
37.0,2,2,11,2489
37.0,2,2,12,2496
37.0,2,2,13,2504
37.0,2,2,14,2511
37.0,2,2,15,2519
37.0,2,3,0,2413
37.0,2,3,1,2421
37.0,2,3,2,2428
37.0,2,3,3,2436
37.0,2,3,4,2444
37.0,2,3,5,2451
37.0,2,3,6,2459
37.0,2,3,7,2467
37.0,2,3,8,2474
37.0,2,3,9,2482
37.0,2,3,10,2489
37.0,2,3,11,2497
37.0,2,3,12,2504
37.0,2,3,13,2512
37.0,2,3,14,2519
37.0,2,3,15,2527
37.0,2,4,0,2421
37.0,2,4,1,2429
37.0,2,4,2,2436
37.0,2,4,3,2444
37.0,2,4,4,2452
37.0,2,4,5,2459
37.0,2,4,6,2467
37.0,2,4,7,2475
37.0,2,4,8,2482
37.0,2,4,9,2490
37.0,2,4,10,2498
37.0,2,4,11,2505
37.0,2,4,12,2513
37.0,2,4,13,2520
37.0,2,4,14,2528
37.0,2,4,15,2535
37.0,2,5,0,2429
37.0,2,5,1,2436
37.0,2,5,2,2444
37.0,2,5,3,2452
37.0,2,5,4,2460
37.0,2,5,5,2467
37.0,2,5,6,2475
37.0,2,5,7,2483
37.0,2,5,8,2491
37.0,2,5,9,2498
37.0,2,5,10,2506
37.0,2,5,11,2513
37.0,2,5,12,2521
37.0,2,5,13,2528
37.0,2,5,14,2536
37.0,2,5,15,2543
37.0,2,6,0,2437
37.0,2,6,1,2444
37.0,2,6,2,2452
37.0,2,6,3,2460
37.0,2,6,4,2468
37.0,2,6,5,2475
37.0,2,6,6,2483
37.0,2,6,7,2491
37.0,2,6,8,2499
37.0,2,6,9,2506
37.0,2,6,10,2514
37.0,2,6,11,2521
37.0,2,6,12,2529
37.0,2,6,13,2537
37.0,2,6,14,2544
37.0,2,6,15,2552
37.0,2,7,0,2444
37.0,2,7,1,2452
37.0,2,7,2,2460
37.0,2,7,3,2468
37.0,2,7,4,2476
37.0,2,7,5,2483
37.0,2,7,6,2491
37.0,2,7,7,2499
37.0,2,7,8,2507
37.0,2,7,9,2514
37.0,2,7,10,2522
37.0,2,7,11,2530
37.0,2,7,12,2537
37.0,2,7,13,2545
37.0,2,7,14,2552
37.0,2,7,15,2560
37.0,2,8,0,2452
37.0,2,8,1,2460
37.0,2,8,2,2468
37.0,2,8,3,2476
37.0,2,8,4,2484
37.0,2,8,5,2491
37.0,2,8,6,2499
37.0,2,8,7,2507
37.0,2,8,8,2515
37.0,2,8,9,2522
37.0,2,8,10,2530
37.0,2,8,11,2538
37.0,2,8,12,2545
37.0,2,8,13,2553
37.0,2,8,14,2561
37.0,2,8,15,2568
37.0,2,9,0,2460
37.0,2,9,1,2468
37.0,2,9,2,2476
37.0,2,9,3,2484
37.0,2,9,4,2492
37.0,2,9,5,2499
37.0,2,9,6,2507
37.0,2,9,7,2515
37.0,2,9,8,2523
37.0,2,9,9,2530
37.0,2,9,10,2538
37.0,2,9,11,2546
37.0,2,9,12,2553
37.0,2,9,13,2561
37.0,2,9,14,2569
37.0,2,9,15,2576
37.0,2,10,0,2468
37.0,2,10,1,2476
37.0,2,10,2,2484
37.0,2,10,3,2492
37.0,2,10,4,2499
37.0,2,10,5,2507
37.0,2,10,6,2515
37.0,2,10,7,2523
37.0,2,10,8,2531
37.0,2,10,9,2538
37.0,2,10,10,2546
37.0,2,10,11,2554
37.0,2,10,12,2562
37.0,2,10,13,2569
37.0,2,10,14,2577
37.0,2,10,15,2584
37.0,2,11,0,2475
37.0,2,11,1,2483
37.0,2,11,2,2491
37.0,2,11,3,2499
37.0,2,11,4,2507
37.0,2,11,5,2515
37.0,2,11,6,2523
37.0,2,11,7,2531
37.0,2,11,8,2539
37.0,2,11,9,2546
37.0,2,11,10,2554
37.0,2,11,11,2562
37.0,2,11,12,2570
37.0,2,11,13,2577
37.0,2,11,14,2585
37.0,2,11,15,2593
37.0,2,12,0,2483
37.0,2,12,1,2491
37.0,2,12,2,2499
37.0,2,12,3,2507
37.0,2,12,4,2515
37.0,2,12,5,2523
37.0,2,12,6,2531
37.0,2,12,7,2539
37.0,2,12,8,2547
37.0,2,12,9,2554
37.0,2,12,10,2562
37.0,2,12,11,2570
37.0,2,12,12,2578
37.0,2,12,13,2585
37.0,2,12,14,2593
37.0,2,12,15,2601
37.0,2,13,0,2491
37.0,2,13,1,2499
37.0,2,13,2,2507
37.0,2,13,3,2515
37.0,2,13,4,2523
37.0,2,13,5,2531
37.0,2,13,6,2539
37.0,2,13,7,2547
37.0,2,13,8,2554
37.0,2,13,9,2562
37.0,2,13,10,2570
37.0,2,13,11,2578
37.0,2,13,12,2586
37.0,2,13,13,2593
37.0,2,13,14,2601
37.0,2,13,15,2609
37.0,2,14,0,2499
37.0,2,14,1,2507
37.0,2,14,2,2515
37.0,2,14,3,2523
37.0,2,14,4,2531
37.0,2,14,5,2539
37.0,2,14,6,2547
37.0,2,14,7,2554
37.0,2,14,8,2562
37.0,2,14,9,2570
37.0,2,14,10,2578
37.0,2,14,11,2586
37.0,2,14,12,2594
37.0,2,14,13,2601
37.0,2,14,14,2609
37.0,2,14,15,2617
37.0,2,15,0,2506
37.0,2,15,1,2514
37.0,2,15,2,2522
37.0,2,15,3,2530
37.0,2,15,4,2538
37.0,2,15,5,2546
37.0,2,15,6,2554
37.0,2,15,7,2562
37.0,2,15,8,2570
37.0,2,15,9,2578
37.0,2,15,10,2586
37.0,2,15,11,2594
37.0,2,15,12,2601
37.0,2,15,13,2609
37.0,2,15,14,2617
37.0,2,15,15,2625
37.0,3,0,0,2398
37.0,3,0,1,2406
37.0,3,0,2,2413
37.0,3,0,3,2421
37.0,3,0,4,2429
37.0,3,0,5,2436
37.0,3,0,6,2444
37.0,3,0,7,2452
37.0,3,0,8,2459
37.0,3,0,9,2467
37.0,3,0,10,2474
37.0,3,0,11,2482
37.0,3,0,12,2489
37.0,3,0,13,2497
37.0,3,0,14,2504
37.0,3,0,15,2511
37.0,3,1,0,2406
37.0,3,1,1,2414
37.0,3,1,2,2421
37.0,3,1,3,2429
37.0,3,1,4,2437
37.0,3,1,5,2444
37.0,3,1,6,2452
37.0,3,1,7,2460
37.0,3,1,8,2467
37.0,3,1,9,2475
37.0,3,1,10,2482
37.0,3,1,11,2490
37.0,3,1,12,2497
37.0,3,1,13,2505
37.0,3,1,14,2512
37.0,3,1,15,2520
37.0,3,2,0,2414
37.0,3,2,1,2422
37.0,3,2,2,2430
37.0,3,2,3,2437
37.0,3,2,4,2445
37.0,3,2,5,2453
37.0,3,2,6,2460
37.0,3,2,7,2468
37.0,3,2,8,2476
37.0,3,2,9,2483
37.0,3,2,10,2491
37.0,3,2,11,2498
37.0,3,2,12,2506
37.0,3,2,13,2513
37.0,3,2,14,2521
37.0,3,2,15,2528
37.0,3,3,0,2422
37.0,3,3,1,2430
37.0,3,3,2,2438
37.0,3,3,3,2445
37.0,3,3,4,2453
37.0,3,3,5,2461
37.0,3,3,6,2468
37.0,3,3,7,2476
37.0,3,3,8,2484
37.0,3,3,9,2491
37.0,3,3,10,2499
37.0,3,3,11,2506
37.0,3,3,12,2514
37.0,3,3,13,2522
37.0,3,3,14,2529
37.0,3,3,15,2536
37.0,3,4,0,2430
37.0,3,4,1,2438
37.0,3,4,2,2446
37.0,3,4,3,2453
37.0,3,4,4,2461
37.0,3,4,5,2469
37.0,3,4,6,2477
37.0,3,4,7,2484
37.0,3,4,8,2492
37.0,3,4,9,2500
37.0,3,4,10,2507
37.0,3,4,11,2515
37.0,3,4,12,2522
37.0,3,4,13,2530
37.0,3,4,14,2537
37.0,3,4,15,2545
37.0,3,5,0,2438
37.0,3,5,1,2446
37.0,3,5,2,2454
37.0,3,5,3,2461
37.0,3,5,4,2469
37.0,3,5,5,2477
37.0,3,5,6,2485
37.0,3,5,7,2492
37.0,3,5,8,2500
37.0,3,5,9,2508
37.0,3,5,10,2515
37.0,3,5,11,2523
37.0,3,5,12,2530
37.0,3,5,13,2538
37.0,3,5,14,2546
37.0,3,5,15,2553
37.0,3,6,0,2446
37.0,3,6,1,2454
37.0,3,6,2,2462
37.0,3,6,3,2469
37.0,3,6,4,2477
37.0,3,6,5,2485
37.0,3,6,6,2493
37.0,3,6,7,2500
37.0,3,6,8,2508
37.0,3,6,9,2516
37.0,3,6,10,2523
37.0,3,6,11,2531
37.0,3,6,12,2539
37.0,3,6,13,2546
37.0,3,6,14,2554
37.0,3,6,15,2561
37.0,3,7,0,2454
37.0,3,7,1,2462
37.0,3,7,2,2469
37.0,3,7,3,2477
37.0,3,7,4,2485
37.0,3,7,5,2493
37.0,3,7,6,2501
37.0,3,7,7,2508
37.0,3,7,8,2516
37.0,3,7,9,2524
37.0,3,7,10,2532
37.0,3,7,11,2539
37.0,3,7,12,2547
37.0,3,7,13,2554
37.0,3,7,14,2562
37.0,3,7,15,2570
37.0,3,8,0,2462
37.0,3,8,1,2469
37.0,3,8,2,2477
37.0,3,8,3,2485
37.0,3,8,4,2493
37.0,3,8,5,2501
37.0,3,8,6,2509
37.0,3,8,7,2516
37.0,3,8,8,2524
37.0,3,8,9,2532
37.0,3,8,10,2540
37.0,3,8,11,2547
37.0,3,8,12,2555
37.0,3,8,13,2563
37.0,3,8,14,2570
37.0,3,8,15,2578
37.0,3,9,0,2469
37.0,3,9,1,2477
37.0,3,9,2,2485
37.0,3,9,3,2493
37.0,3,9,4,2501
37.0,3,9,5,2509
37.0,3,9,6,2517
37.0,3,9,7,2524
37.0,3,9,8,2532
37.0,3,9,9,2540
37.0,3,9,10,2548
37.0,3,9,11,2555
37.0,3,9,12,2563
37.0,3,9,13,2571
37.0,3,9,14,2578
37.0,3,9,15,2586
37.0,3,10,0,2477
37.0,3,10,1,2485
37.0,3,10,2,2493
37.0,3,10,3,2501
37.0,3,10,4,2509
37.0,3,10,5,2517
37.0,3,10,6,2525
37.0,3,10,7,2532
37.0,3,10,8,2540
37.0,3,10,9,2548
37.0,3,10,10,2556
37.0,3,10,11,2564
37.0,3,10,12,2571
37.0,3,10,13,2579
37.0,3,10,14,2587
37.0,3,10,15,2594
37.0,3,11,0,2485
37.0,3,11,1,2493
37.0,3,11,2,2501
37.0,3,11,3,2509
37.0,3,11,4,2517
37.0,3,11,5,2525
37.0,3,11,6,2533
37.0,3,11,7,2540
37.0,3,11,8,2548
37.0,3,11,9,2556
37.0,3,11,10,2564
37.0,3,11,11,2572
37.0,3,11,12,2579
37.0,3,11,13,2587
37.0,3,11,14,2595
37.0,3,11,15,2602
37.0,3,12,0,2493
37.0,3,12,1,2501
37.0,3,12,2,2509
37.0,3,12,3,2517
37.0,3,12,4,2525
37.0,3,12,5,2533
37.0,3,12,6,2540
37.0,3,12,7,2548
37.0,3,12,8,2556
37.0,3,12,9,2564
37.0,3,12,10,2572
37.0,3,12,11,2580
37.0,3,12,12,2587
37.0,3,12,13,2595
37.0,3,12,14,2603
37.0,3,12,15,2611
37.0,3,13,0,2500
37.0,3,13,1,2508
37.0,3,13,2,2516
37.0,3,13,3,2524
37.0,3,13,4,2532
37.0,3,13,5,2540
37.0,3,13,6,2548
37.0,3,13,7,2556
37.0,3,13,8,2564
37.0,3,13,9,2572
37.0,3,13,10,2580
37.0,3,13,11,2588
37.0,3,13,12,2595
37.0,3,13,13,2603
37.0,3,13,14,2611
37.0,3,13,15,2619
37.0,3,14,0,2508
37.0,3,14,1,2516
37.0,3,14,2,2524
37.0,3,14,3,2532
37.0,3,14,4,2540
37.0,3,14,5,2548
37.0,3,14,6,2556
37.0,3,14,7,2564
37.0,3,14,8,2572
37.0,3,14,9,2580
37.0,3,14,10,2588
37.0,3,14,11,2596
37.0,3,14,12,2603
37.0,3,14,13,2611
37.0,3,14,14,2619
37.0,3,14,15,2627
37.0,3,15,0,2516
37.0,3,15,1,2524
37.0,3,15,2,2532
37.0,3,15,3,2540
37.0,3,15,4,2548
37.0,3,15,5,2556
37.0,3,15,6,2564
37.0,3,15,7,2572
37.0,3,15,8,2580
37.0,3,15,9,2588
37.0,3,15,10,2596
37.0,3,15,11,2604
37.0,3,15,12,2611
37.0,3,15,13,2619
37.0,3,15,14,2627
37.0,3,15,15,2635
37.0,4,0,0,2407
37.0,4,0,1,2415
37.0,4,0,2,2423
37.0,4,0,3,2430
37.0,4,0,4,2438
37.0,4,0,5,2446
37.0,4,0,6,2453
37.0,4,0,7,2461
37.0,4,0,8,2468
37.0,4,0,9,2476
37.0,4,0,10,2483
37.0,4,0,11,2491
37.0,4,0,12,2498
37.0,4,0,13,2506
37.0,4,0,14,2513
37.0,4,0,15,2521
37.0,4,1,0,2415
37.0,4,1,1,2423
37.0,4,1,2,2431
37.0,4,1,3,2438
37.0,4,1,4,2446
37.0,4,1,5,2454
37.0,4,1,6,2461
37.0,4,1,7,2469
37.0,4,1,8,2477
37.0,4,1,9,2484
37.0,4,1,10,2492
37.0,4,1,11,2499
37.0,4,1,12,2507
37.0,4,1,13,2514
37.0,4,1,14,2522
37.0,4,1,15,2529
37.0,4,2,0,2423
37.0,4,2,1,2431
37.0,4,2,2,2439
37.0,4,2,3,2446
37.0,4,2,4,2454
37.0,4,2,5,2462
37.0,4,2,6,2470
37.0,4,2,7,2477
37.0,4,2,8,2485
37.0,4,2,9,2493
37.0,4,2,10,2500
37.0,4,2,11,2508
37.0,4,2,12,2515
37.0,4,2,13,2523
37.0,4,2,14,2530
37.0,4,2,15,2538
37.0,4,3,0,2431
37.0,4,3,1,2439
37.0,4,3,2,2447
37.0,4,3,3,2455
37.0,4,3,4,2462
37.0,4,3,5,2470
37.0,4,3,6,2478
37.0,4,3,7,2485
37.0,4,3,8,2493
37.0,4,3,9,2501
37.0,4,3,10,2508
37.0,4,3,11,2516
37.0,4,3,12,2524
37.0,4,3,13,2531
37.0,4,3,14,2539
37.0,4,3,15,2546
37.0,4,4,0,2439
37.0,4,4,1,2447
37.0,4,4,2,2455
37.0,4,4,3,2463
37.0,4,4,4,2470
37.0,4,4,5,2478
37.0,4,4,6,2486
37.0,4,4,7,2494
37.0,4,4,8,2501
37.0,4,4,9,2509
37.0,4,4,10,2517
37.0,4,4,11,2524
37.0,4,4,12,2532
37.0,4,4,13,2539
37.0,4,4,14,2547
37.0,4,4,15,2554
37.0,4,5,0,2447
37.0,4,5,1,2455
37.0,4,5,2,2463
37.0,4,5,3,2471
37.0,4,5,4,2478
37.0,4,5,5,2486
37.0,4,5,6,2494
37.0,4,5,7,2502
37.0,4,5,8,2509
37.0,4,5,9,2517
37.0,4,5,10,2525
37.0,4,5,11,2532
37.0,4,5,12,2540
37.0,4,5,13,2548
37.0,4,5,14,2555
37.0,4,5,15,2563
37.0,4,6,0,2455
37.0,4,6,1,2463
37.0,4,6,2,2471
37.0,4,6,3,2479
37.0,4,6,4,2487
37.0,4,6,5,2494
37.0,4,6,6,2502
37.0,4,6,7,2510
37.0,4,6,8,2518
37.0,4,6,9,2525
37.0,4,6,10,2533
37.0,4,6,11,2541
37.0,4,6,12,2548
37.0,4,6,13,2556
37.0,4,6,14,2564
37.0,4,6,15,2571
37.0,4,7,0,2463
37.0,4,7,1,2471
37.0,4,7,2,2479
37.0,4,7,3,2487
37.0,4,7,4,2495
37.0,4,7,5,2502
37.0,4,7,6,2510
37.0,4,7,7,2518
37.0,4,7,8,2526
37.0,4,7,9,2533
37.0,4,7,10,2541
37.0,4,7,11,2549
37.0,4,7,12,2557
37.0,4,7,13,2564
37.0,4,7,14,2572
37.0,4,7,15,2579
37.0,4,8,0,2471
37.0,4,8,1,2479
37.0,4,8,2,2487
37.0,4,8,3,2495
37.0,4,8,4,2503
37.0,4,8,5,2510
37.0,4,8,6,2518
37.0,4,8,7,2526
37.0,4,8,8,2534
37.0,4,8,9,2542
37.0,4,8,10,2549
37.0,4,8,11,2557
37.0,4,8,12,2565
37.0,4,8,13,2572
37.0,4,8,14,2580
37.0,4,8,15,2588
37.0,4,9,0,2479
37.0,4,9,1,2487
37.0,4,9,2,2495
37.0,4,9,3,2503
37.0,4,9,4,2510
37.0,4,9,5,2518
37.0,4,9,6,2526
37.0,4,9,7,2534
37.0,4,9,8,2542
37.0,4,9,9,2550
37.0,4,9,10,2557
37.0,4,9,11,2565
37.0,4,9,12,2573
37.0,4,9,13,2581
37.0,4,9,14,2588
37.0,4,9,15,2596
37.0,4,10,0,2487
37.0,4,10,1,2495
37.0,4,10,2,2503
37.0,4,10,3,2510
37.0,4,10,4,2518
37.0,4,10,5,2526
37.0,4,10,6,2534
37.0,4,10,7,2542
37.0,4,10,8,2550
37.0,4,10,9,2558
37.0,4,10,10,2565
37.0,4,10,11,2573
37.0,4,10,12,2581
37.0,4,10,13,2589
37.0,4,10,14,2596
37.0,4,10,15,2604
37.0,4,11,0,2494
37.0,4,11,1,2502
37.0,4,11,2,2510
37.0,4,11,3,2518
37.0,4,11,4,2526
37.0,4,11,5,2534
37.0,4,11,6,2542
37.0,4,11,7,2550
37.0,4,11,8,2558
37.0,4,11,9,2566
37.0,4,11,10,2574
37.0,4,11,11,2581
37.0,4,11,12,2589
37.0,4,11,13,2597
37.0,4,11,14,2605
37.0,4,11,15,2612
37.0,4,12,0,2502
37.0,4,12,1,2510
37.0,4,12,2,2518
37.0,4,12,3,2526
37.0,4,12,4,2534
37.0,4,12,5,2542
37.0,4,12,6,2550
37.0,4,12,7,2558
37.0,4,12,8,2566
37.0,4,12,9,2574
37.0,4,12,10,2582
37.0,4,12,11,2589
37.0,4,12,12,2597
37.0,4,12,13,2605
37.0,4,12,14,2613
37.0,4,12,15,2620
37.0,4,13,0,2510
37.0,4,13,1,2518
37.0,4,13,2,2526
37.0,4,13,3,2534
37.0,4,13,4,2542
37.0,4,13,5,2550
37.0,4,13,6,2558
37.0,4,13,7,2566
37.0,4,13,8,2574
37.0,4,13,9,2582
37.0,4,13,10,2590
37.0,4,13,11,2597
37.0,4,13,12,2605
37.0,4,13,13,2613
37.0,4,13,14,2621
37.0,4,13,15,2629
37.0,4,14,0,2518
37.0,4,14,1,2526
37.0,4,14,2,2534
37.0,4,14,3,2542
37.0,4,14,4,2550
37.0,4,14,5,2558
37.0,4,14,6,2566
37.0,4,14,7,2574
37.0,4,14,8,2582
37.0,4,14,9,2590
37.0,4,14,10,2598
37.0,4,14,11,2605
37.0,4,14,12,2613
37.0,4,14,13,2621
37.0,4,14,14,2629
37.0,4,14,15,2637
37.0,4,15,0,2525
37.0,4,15,1,2533
37.0,4,15,2,2542
37.0,4,15,3,2550
37.0,4,15,4,2558
37.0,4,15,5,2566
37.0,4,15,6,2574
37.0,4,15,7,2582
37.0,4,15,8,2590
37.0,4,15,9,2598
37.0,4,15,10,2606
37.0,4,15,11,2613
37.0,4,15,12,2621
37.0,4,15,13,2629
37.0,4,15,14,2637
37.0,4,15,15,2645
37.0,5,0,0,2416
37.0,5,0,1,2424
37.0,5,0,2,2432
37.0,5,0,3,2439
37.0,5,0,4,2447
37.0,5,0,5,2455
37.0,5,0,6,2462
37.0,5,0,7,2470
37.0,5,0,8,2478
37.0,5,0,9,2485
37.0,5,0,10,2493
37.0,5,0,11,2500
37.0,5,0,12,2508
37.0,5,0,13,2515
37.0,5,0,14,2523
37.0,5,0,15,2530
37.0,5,1,0,2424
37.0,5,1,1,2432
37.0,5,1,2,2440
37.0,5,1,3,2448
37.0,5,1,4,2455
37.0,5,1,5,2463
37.0,5,1,6,2471
37.0,5,1,7,2478
37.0,5,1,8,2486
37.0,5,1,9,2494
37.0,5,1,10,2501
37.0,5,1,11,2509
37.0,5,1,12,2516
37.0,5,1,13,2524
37.0,5,1,14,2531
37.0,5,1,15,2539
37.0,5,2,0,2432
37.0,5,2,1,2440
37.0,5,2,2,2448
37.0,5,2,3,2456
37.0,5,2,4,2463
37.0,5,2,5,2471
37.0,5,2,6,2479
37.0,5,2,7,2487
37.0,5,2,8,2494
37.0,5,2,9,2502
37.0,5,2,10,2510
37.0,5,2,11,2517
37.0,5,2,12,2525
37.0,5,2,13,2532
37.0,5,2,14,2540
37.0,5,2,15,2547
37.0,5,3,0,2440
37.0,5,3,1,2448
37.0,5,3,2,2456
37.0,5,3,3,2464
37.0,5,3,4,2472
37.0,5,3,5,2479
37.0,5,3,6,2487
37.0,5,3,7,2495
37.0,5,3,8,2503
37.0,5,3,9,2510
37.0,5,3,10,2518
37.0,5,3,11,2525
37.0,5,3,12,2533
37.0,5,3,13,2541
37.0,5,3,14,2548
37.0,5,3,15,2556
37.0,5,4,0,2448
37.0,5,4,1,2456
37.0,5,4,2,2464
37.0,5,4,3,2472
37.0,5,4,4,2480
37.0,5,4,5,2488
37.0,5,4,6,2495
37.0,5,4,7,2503
37.0,5,4,8,2511
37.0,5,4,9,2518
37.0,5,4,10,2526
37.0,5,4,11,2534
37.0,5,4,12,2541
37.0,5,4,13,2549
37.0,5,4,14,2557
37.0,5,4,15,2564
37.0,5,5,0,2456
37.0,5,5,1,2464
37.0,5,5,2,2472
37.0,5,5,3,2480
37.0,5,5,4,2488
37.0,5,5,5,2496
37.0,5,5,6,2503
37.0,5,5,7,2511
37.0,5,5,8,2519
37.0,5,5,9,2527
37.0,5,5,10,2534
37.0,5,5,11,2542
37.0,5,5,12,2550
37.0,5,5,13,2557
37.0,5,5,14,2565
37.0,5,5,15,2572
37.0,5,6,0,2464
37.0,5,6,1,2472
37.0,5,6,2,2480
37.0,5,6,3,2488
37.0,5,6,4,2496
37.0,5,6,5,2504
37.0,5,6,6,2512
37.0,5,6,7,2519
37.0,5,6,8,2527
37.0,5,6,9,2535
37.0,5,6,10,2543
37.0,5,6,11,2550
37.0,5,6,12,2558
37.0,5,6,13,2566
37.0,5,6,14,2573
37.0,5,6,15,2581
37.0,5,7,0,2472
37.0,5,7,1,2480
37.0,5,7,2,2488
37.0,5,7,3,2496
37.0,5,7,4,2504
37.0,5,7,5,2512
37.0,5,7,6,2520
37.0,5,7,7,2527
37.0,5,7,8,2535
37.0,5,7,9,2543
37.0,5,7,10,2551
37.0,5,7,11,2558
37.0,5,7,12,2566
37.0,5,7,13,2574
37.0,5,7,14,2581
37.0,5,7,15,2589
37.0,5,8,0,2480
37.0,5,8,1,2488
37.0,5,8,2,2496
37.0,5,8,3,2504
37.0,5,8,4,2512
37.0,5,8,5,2520
37.0,5,8,6,2528
37.0,5,8,7,2536
37.0,5,8,8,2543
37.0,5,8,9,2551
37.0,5,8,10,2559
37.0,5,8,11,2567
37.0,5,8,12,2574
37.0,5,8,13,2582
37.0,5,8,14,2590
37.0,5,8,15,2597
37.0,5,9,0,2488
37.0,5,9,1,2496
37.0,5,9,2,2504
37.0,5,9,3,2512
37.0,5,9,4,2520
37.0,5,9,5,2528
37.0,5,9,6,2536
37.0,5,9,7,2544
37.0,5,9,8,2551
37.0,5,9,9,2559
37.0,5,9,10,2567
37.0,5,9,11,2575
37.0,5,9,12,2583
37.0,5,9,13,2590
37.0,5,9,14,2598
37.0,5,9,15,2606
37.0,5,10,0,2496
37.0,5,10,1,2504
37.0,5,10,2,2512
37.0,5,10,3,2520
37.0,5,10,4,2528
37.0,5,10,5,2536
37.0,5,10,6,2544
37.0,5,10,7,2552
37.0,5,10,8,2560
37.0,5,10,9,2567
37.0,5,10,10,2575
37.0,5,10,11,2583
37.0,5,10,12,2591
37.0,5,10,13,2598
37.0,5,10,14,2606
37.0,5,10,15,2614
37.0,5,11,0,2504
37.0,5,11,1,2512
37.0,5,11,2,2520
37.0,5,11,3,2528
37.0,5,11,4,2536
37.0,5,11,5,2544
37.0,5,11,6,2552
37.0,5,11,7,2560
37.0,5,11,8,2568
37.0,5,11,9,2575
37.0,5,11,10,2583
37.0,5,11,11,2591
37.0,5,11,12,2599
37.0,5,11,13,2607
37.0,5,11,14,2614
37.0,5,11,15,2622
37.0,5,12,0,2512
37.0,5,12,1,2520
37.0,5,12,2,2528
37.0,5,12,3,2536
37.0,5,12,4,2544
37.0,5,12,5,2552
37.0,5,12,6,2560
37.0,5,12,7,2568
37.0,5,12,8,2576
37.0,5,12,9,2583
37.0,5,12,10,2591
37.0,5,12,11,2599
37.0,5,12,12,2607
37.0,5,12,13,2615
37.0,5,12,14,2623
37.0,5,12,15,2630
37.0,5,13,0,2519
37.0,5,13,1,2527
37.0,5,13,2,2536
37.0,5,13,3,2544
37.0,5,13,4,2552
37.0,5,13,5,2560
37.0,5,13,6,2568
37.0,5,13,7,2576
37.0,5,13,8,2584
37.0,5,13,9,2591
37.0,5,13,10,2599
37.0,5,13,11,2607
37.0,5,13,12,2615
37.0,5,13,13,2623
37.0,5,13,14,2631
37.0,5,13,15,2638
37.0,5,14,0,2527
37.0,5,14,1,2535
37.0,5,14,2,2543
37.0,5,14,3,2551
37.0,5,14,4,2560
37.0,5,14,5,2568
37.0,5,14,6,2576
37.0,5,14,7,2584
37.0,5,14,8,2592
37.0,5,14,9,2599
37.0,5,14,10,2607
37.0,5,14,11,2615
37.0,5,14,12,2623
37.0,5,14,13,2631
37.0,5,14,14,2639
37.0,5,14,15,2647
37.0,5,15,0,2535
37.0,5,15,1,2543
37.0,5,15,2,2551
37.0,5,15,3,2559
37.0,5,15,4,2567
37.0,5,15,5,2575
37.0,5,15,6,2583
37.0,5,15,7,2591
37.0,5,15,8,2599
37.0,5,15,9,2607
37.0,5,15,10,2615
37.0,5,15,11,2623
37.0,5,15,12,2631
37.0,5,15,13,2639
37.0,5,15,14,2647
37.0,5,15,15,2655
37.0,6,0,0,2425
37.0,6,0,1,2433
37.0,6,0,2,2441
37.0,6,0,3,2449
37.0,6,0,4,2456
37.0,6,0,5,2464
37.0,6,0,6,2472
37.0,6,0,7,2479
37.0,6,0,8,2487
37.0,6,0,9,2495
37.0,6,0,10,2502
37.0,6,0,11,2510
37.0,6,0,12,2517
37.0,6,0,13,2525
37.0,6,0,14,2532
37.0,6,0,15,2540
37.0,6,1,0,2433
37.0,6,1,1,2441
37.0,6,1,2,2449
37.0,6,1,3,2457
37.0,6,1,4,2465
37.0,6,1,5,2472
37.0,6,1,6,2480
37.0,6,1,7,2488
37.0,6,1,8,2495
37.0,6,1,9,2503
37.0,6,1,10,2511
37.0,6,1,11,2518
37.0,6,1,12,2526
37.0,6,1,13,2533
37.0,6,1,14,2541
37.0,6,1,15,2548
37.0,6,2,0,2441
37.0,6,2,1,2449
37.0,6,2,2,2457
37.0,6,2,3,2465
37.0,6,2,4,2473
37.0,6,2,5,2481
37.0,6,2,6,2488
37.0,6,2,7,2496
37.0,6,2,8,2504
37.0,6,2,9,2511
37.0,6,2,10,2519
37.0,6,2,11,2527
37.0,6,2,12,2534
37.0,6,2,13,2542
37.0,6,2,14,2549
37.0,6,2,15,2557
37.0,6,3,0,2450
37.0,6,3,1,2457
37.0,6,3,2,2465
37.0,6,3,3,2473
37.0,6,3,4,2481
37.0,6,3,5,2489
37.0,6,3,6,2496
37.0,6,3,7,2504
37.0,6,3,8,2512
37.0,6,3,9,2520
37.0,6,3,10,2527
37.0,6,3,11,2535
37.0,6,3,12,2543
37.0,6,3,13,2550
37.0,6,3,14,2558
37.0,6,3,15,2565
37.0,6,4,0,2458
37.0,6,4,1,2465
37.0,6,4,2,2473
37.0,6,4,3,2481
37.0,6,4,4,2489
37.0,6,4,5,2497
37.0,6,4,6,2505
37.0,6,4,7,2512
37.0,6,4,8,2520
37.0,6,4,9,2528
37.0,6,4,10,2536
37.0,6,4,11,2543
37.0,6,4,12,2551
37.0,6,4,13,2559
37.0,6,4,14,2566
37.0,6,4,15,2574
37.0,6,5,0,2466
37.0,6,5,1,2474
37.0,6,5,2,2481
37.0,6,5,3,2489
37.0,6,5,4,2497
37.0,6,5,5,2505
37.0,6,5,6,2513
37.0,6,5,7,2521
37.0,6,5,8,2528
37.0,6,5,9,2536
37.0,6,5,10,2544
37.0,6,5,11,2552
37.0,6,5,12,2559
37.0,6,5,13,2567
37.0,6,5,14,2575
37.0,6,5,15,2582
37.0,6,6,0,2474
37.0,6,6,1,2482
37.0,6,6,2,2489
37.0,6,6,3,2497
37.0,6,6,4,2505
37.0,6,6,5,2513
37.0,6,6,6,2521
37.0,6,6,7,2529
37.0,6,6,8,2537
37.0,6,6,9,2544
37.0,6,6,10,2552
37.0,6,6,11,2560
37.0,6,6,12,2568
37.0,6,6,13,2575
37.0,6,6,14,2583
37.0,6,6,15,2591
37.0,6,7,0,2482
37.0,6,7,1,2490
37.0,6,7,2,2497
37.0,6,7,3,2505
37.0,6,7,4,2513
37.0,6,7,5,2521
37.0,6,7,6,2529
37.0,6,7,7,2537
37.0,6,7,8,2545
37.0,6,7,9,2553
37.0,6,7,10,2560
37.0,6,7,11,2568
37.0,6,7,12,2576
37.0,6,7,13,2584
37.0,6,7,14,2591
37.0,6,7,15,2599
37.0,6,8,0,2489
37.0,6,8,1,2497
37.0,6,8,2,2505
37.0,6,8,3,2513
37.0,6,8,4,2521
37.0,6,8,5,2529
37.0,6,8,6,2537
37.0,6,8,7,2545
37.0,6,8,8,2553
37.0,6,8,9,2561
37.0,6,8,10,2569
37.0,6,8,11,2576
37.0,6,8,12,2584
37.0,6,8,13,2592
37.0,6,8,14,2599
37.0,6,8,15,2607
37.0,6,9,0,2497
37.0,6,9,1,2505
37.0,6,9,2,2513
37.0,6,9,3,2521
37.0,6,9,4,2529
37.0,6,9,5,2537
37.0,6,9,6,2545
37.0,6,9,7,2553
37.0,6,9,8,2561
37.0,6,9,9,2569
37.0,6,9,10,2577
37.0,6,9,11,2585
37.0,6,9,12,2592
37.0,6,9,13,2600
37.0,6,9,14,2608
37.0,6,9,15,2615
37.0,6,10,0,2505
37.0,6,10,1,2513
37.0,6,10,2,2521
37.0,6,10,3,2529
37.0,6,10,4,2537
37.0,6,10,5,2545
37.0,6,10,6,2553
37.0,6,10,7,2561
37.0,6,10,8,2569
37.0,6,10,9,2577
37.0,6,10,10,2585
37.0,6,10,11,2593
37.0,6,10,12,2600
37.0,6,10,13,2608
37.0,6,10,14,2616
37.0,6,10,15,2624
37.0,6,11,0,2513
37.0,6,11,1,2521
37.0,6,11,2,2529
37.0,6,11,3,2537
37.0,6,11,4,2545
37.0,6,11,5,2553
37.0,6,11,6,2561
37.0,6,11,7,2569
37.0,6,11,8,2577
37.0,6,11,9,2585
37.0,6,11,10,2593
37.0,6,11,11,2601
37.0,6,11,12,2609
37.0,6,11,13,2616
37.0,6,11,14,2624
37.0,6,11,15,2632
37.0,6,12,0,2521
37.0,6,12,1,2529
37.0,6,12,2,2537
37.0,6,12,3,2545
37.0,6,12,4,2553
37.0,6,12,5,2561
37.0,6,12,6,2569
37.0,6,12,7,2577
37.0,6,12,8,2585
37.0,6,12,9,2593
37.0,6,12,10,2601
37.0,6,12,11,2609
37.0,6,12,12,2617
37.0,6,12,13,2625
37.0,6,12,14,2632
37.0,6,12,15,2640
37.0,6,13,0,2529
37.0,6,13,1,2537
37.0,6,13,2,2545
37.0,6,13,3,2553
37.0,6,13,4,2561
37.0,6,13,5,2569
37.0,6,13,6,2577
37.0,6,13,7,2585
37.0,6,13,8,2593
37.0,6,13,9,2601
37.0,6,13,10,2609
37.0,6,13,11,2617
37.0,6,13,12,2625
37.0,6,13,13,2633
37.0,6,13,14,2641
37.0,6,13,15,2648
37.0,6,14,0,2537
37.0,6,14,1,2545
37.0,6,14,2,2553
37.0,6,14,3,2561
37.0,6,14,4,2569
37.0,6,14,5,2577
37.0,6,14,6,2585
37.0,6,14,7,2593
37.0,6,14,8,2601
37.0,6,14,9,2609
37.0,6,14,10,2617
37.0,6,14,11,2625
37.0,6,14,12,2633
37.0,6,14,13,2641
37.0,6,14,14,2649
37.0,6,14,15,2657
37.0,6,15,0,2544
37.0,6,15,1,2553
37.0,6,15,2,2561
37.0,6,15,3,2569
37.0,6,15,4,2577
37.0,6,15,5,2585
37.0,6,15,6,2593
37.0,6,15,7,2601
37.0,6,15,8,2609
37.0,6,15,9,2617
37.0,6,15,10,2625
37.0,6,15,11,2633
37.0,6,15,12,2641
37.0,6,15,13,2649
37.0,6,15,14,2657
37.0,6,15,15,2665
37.0,7,0,0,2434
37.0,7,0,1,2442
37.0,7,0,2,2450
37.0,7,0,3,2458
37.0,7,0,4,2466
37.0,7,0,5,2473
37.0,7,0,6,2481
37.0,7,0,7,2489
37.0,7,0,8,2496
37.0,7,0,9,2504
37.0,7,0,10,2512
37.0,7,0,11,2519
37.0,7,0,12,2527
37.0,7,0,13,2534
37.0,7,0,14,2542
37.0,7,0,15,2549
37.0,7,1,0,2442
37.0,7,1,1,2450
37.0,7,1,2,2458
37.0,7,1,3,2466
37.0,7,1,4,2474
37.0,7,1,5,2482
37.0,7,1,6,2489
37.0,7,1,7,2497
37.0,7,1,8,2505
37.0,7,1,9,2512
37.0,7,1,10,2520
37.0,7,1,11,2528
37.0,7,1,12,2535
37.0,7,1,13,2543
37.0,7,1,14,2550
37.0,7,1,15,2558
37.0,7,2,0,2451
37.0,7,2,1,2458
37.0,7,2,2,2466
37.0,7,2,3,2474
37.0,7,2,4,2482
37.0,7,2,5,2490
37.0,7,2,6,2498
37.0,7,2,7,2505
37.0,7,2,8,2513
37.0,7,2,9,2521
37.0,7,2,10,2528
37.0,7,2,11,2536
37.0,7,2,12,2544
37.0,7,2,13,2551
37.0,7,2,14,2559
37.0,7,2,15,2566
37.0,7,3,0,2459
37.0,7,3,1,2467
37.0,7,3,2,2474
37.0,7,3,3,2482
37.0,7,3,4,2490
37.0,7,3,5,2498
37.0,7,3,6,2506
37.0,7,3,7,2514
37.0,7,3,8,2521
37.0,7,3,9,2529
37.0,7,3,10,2537
37.0,7,3,11,2544
37.0,7,3,12,2552
37.0,7,3,13,2560
37.0,7,3,14,2567
37.0,7,3,15,2575
37.0,7,4,0,2467
37.0,7,4,1,2475
37.0,7,4,2,2483
37.0,7,4,3,2491
37.0,7,4,4,2498
37.0,7,4,5,2506
37.0,7,4,6,2514
37.0,7,4,7,2522
37.0,7,4,8,2530
37.0,7,4,9,2537
37.0,7,4,10,2545
37.0,7,4,11,2553
37.0,7,4,12,2560
37.0,7,4,13,2568
37.0,7,4,14,2576
37.0,7,4,15,2583
37.0,7,5,0,2475
37.0,7,5,1,2483
37.0,7,5,2,2491
37.0,7,5,3,2499
37.0,7,5,4,2507
37.0,7,5,5,2514
37.0,7,5,6,2522
37.0,7,5,7,2530
37.0,7,5,8,2538
37.0,7,5,9,2546
37.0,7,5,10,2553
37.0,7,5,11,2561
37.0,7,5,12,2569
37.0,7,5,13,2577
37.0,7,5,14,2584
37.0,7,5,15,2592
37.0,7,6,0,2483
37.0,7,6,1,2491
37.0,7,6,2,2499
37.0,7,6,3,2507
37.0,7,6,4,2515
37.0,7,6,5,2523
37.0,7,6,6,2530
37.0,7,6,7,2538
37.0,7,6,8,2546
37.0,7,6,9,2554
37.0,7,6,10,2562
37.0,7,6,11,2569
37.0,7,6,12,2577
37.0,7,6,13,2585
37.0,7,6,14,2593
37.0,7,6,15,2600
37.0,7,7,0,2491
37.0,7,7,1,2499
37.0,7,7,2,2507
37.0,7,7,3,2515
37.0,7,7,4,2523
37.0,7,7,5,2531
37.0,7,7,6,2539
37.0,7,7,7,2546
37.0,7,7,8,2554
37.0,7,7,9,2562
37.0,7,7,10,2570
37.0,7,7,11,2578
37.0,7,7,12,2585
37.0,7,7,13,2593
37.0,7,7,14,2601
37.0,7,7,15,2609
37.0,7,8,0,2499
37.0,7,8,1,2507
37.0,7,8,2,2515
37.0,7,8,3,2523
37.0,7,8,4,2531
37.0,7,8,5,2539
37.0,7,8,6,2547
37.0,7,8,7,2555
37.0,7,8,8,2562
37.0,7,8,9,2570
37.0,7,8,10,2578
37.0,7,8,11,2586
37.0,7,8,12,2594
37.0,7,8,13,2602
37.0,7,8,14,2609
37.0,7,8,15,2617
37.0,7,9,0,2507
37.0,7,9,1,2515
37.0,7,9,2,2523
37.0,7,9,3,2531
37.0,7,9,4,2539
37.0,7,9,5,2547
37.0,7,9,6,2555
37.0,7,9,7,2563
37.0,7,9,8,2571
37.0,7,9,9,2579
37.0,7,9,10,2586
37.0,7,9,11,2594
37.0,7,9,12,2602
37.0,7,9,13,2610
37.0,7,9,14,2618
37.0,7,9,15,2625
37.0,7,10,0,2515
37.0,7,10,1,2523
37.0,7,10,2,2531
37.0,7,10,3,2539
37.0,7,10,4,2547
37.0,7,10,5,2555
37.0,7,10,6,2563
37.0,7,10,7,2571
37.0,7,10,8,2579
37.0,7,10,9,2587
37.0,7,10,10,2595
37.0,7,10,11,2602
37.0,7,10,12,2610
37.0,7,10,13,2618
37.0,7,10,14,2626
37.0,7,10,15,2634
37.0,7,11,0,2523
37.0,7,11,1,2531
37.0,7,11,2,2539
37.0,7,11,3,2547
37.0,7,11,4,2555
37.0,7,11,5,2563
37.0,7,11,6,2571
37.0,7,11,7,2579
37.0,7,11,8,2587
37.0,7,11,9,2595
37.0,7,11,10,2603
37.0,7,11,11,2611
37.0,7,11,12,2618
37.0,7,11,13,2626
37.0,7,11,14,2634
37.0,7,11,15,2642
37.0,7,12,0,2530
37.0,7,12,1,2539
37.0,7,12,2,2547
37.0,7,12,3,2555
37.0,7,12,4,2563
37.0,7,12,5,2571
37.0,7,12,6,2579
37.0,7,12,7,2587
37.0,7,12,8,2595
37.0,7,12,9,2603
37.0,7,12,10,2611
37.0,7,12,11,2619
37.0,7,12,12,2627
37.0,7,12,13,2634
37.0,7,12,14,2642
37.0,7,12,15,2650
37.0,7,13,0,2538
37.0,7,13,1,2546
37.0,7,13,2,2555
37.0,7,13,3,2563
37.0,7,13,4,2571
37.0,7,13,5,2579
37.0,7,13,6,2587
37.0,7,13,7,2595
37.0,7,13,8,2603
37.0,7,13,9,2611
37.0,7,13,10,2619
37.0,7,13,11,2627
37.0,7,13,12,2635
37.0,7,13,13,2643
37.0,7,13,14,2650
37.0,7,13,15,2658
37.0,7,14,0,2546
37.0,7,14,1,2554
37.0,7,14,2,2562
37.0,7,14,3,2571
37.0,7,14,4,2579
37.0,7,14,5,2587
37.0,7,14,6,2595
37.0,7,14,7,2603
37.0,7,14,8,2611
37.0,7,14,9,2619
37.0,7,14,10,2627
37.0,7,14,11,2635
37.0,7,14,12,2643
37.0,7,14,13,2651
37.0,7,14,14,2659
37.0,7,14,15,2666
37.0,7,15,0,2554
37.0,7,15,1,2562
37.0,7,15,2,2570
37.0,7,15,3,2579
37.0,7,15,4,2587
37.0,7,15,5,2595
37.0,7,15,6,2603
37.0,7,15,7,2611
37.0,7,15,8,2619
37.0,7,15,9,2627
37.0,7,15,10,2635
37.0,7,15,11,2643
37.0,7,15,12,2651
37.0,7,15,13,2659
37.0,7,15,14,2667
37.0,7,15,15,2675
37.0,8,0,0,2443
37.0,8,0,1,2451
37.0,8,0,2,2459
37.0,8,0,3,2467
37.0,8,0,4,2475
37.0,8,0,5,2482
37.0,8,0,6,2490
37.0,8,0,7,2498
37.0,8,0,8,2506
37.0,8,0,9,2513
37.0,8,0,10,2521
37.0,8,0,11,2529
37.0,8,0,12,2536
37.0,8,0,13,2544
37.0,8,0,14,2551
37.0,8,0,15,2559
37.0,8,1,0,2452
37.0,8,1,1,2459
37.0,8,1,2,2467
37.0,8,1,3,2475
37.0,8,1,4,2483
37.0,8,1,5,2491
37.0,8,1,6,2499
37.0,8,1,7,2506
37.0,8,1,8,2514
37.0,8,1,9,2522
37.0,8,1,10,2529
37.0,8,1,11,2537
37.0,8,1,12,2545
37.0,8,1,13,2552
37.0,8,1,14,2560
37.0,8,1,15,2567
37.0,8,2,0,2460
37.0,8,2,1,2468
37.0,8,2,2,2476
37.0,8,2,3,2483
37.0,8,2,4,2491
37.0,8,2,5,2499
37.0,8,2,6,2507
37.0,8,2,7,2515
37.0,8,2,8,2522
37.0,8,2,9,2530
37.0,8,2,10,2538
37.0,8,2,11,2546
37.0,8,2,12,2553
37.0,8,2,13,2561
37.0,8,2,14,2568
37.0,8,2,15,2576
37.0,8,3,0,2468
37.0,8,3,1,2476
37.0,8,3,2,2484
37.0,8,3,3,2492
37.0,8,3,4,2500
37.0,8,3,5,2507
37.0,8,3,6,2515
37.0,8,3,7,2523
37.0,8,3,8,2531
37.0,8,3,9,2539
37.0,8,3,10,2546
37.0,8,3,11,2554
37.0,8,3,12,2562
37.0,8,3,13,2569
37.0,8,3,14,2577
37.0,8,3,15,2585
37.0,8,4,0,2476
37.0,8,4,1,2484
37.0,8,4,2,2492
37.0,8,4,3,2500
37.0,8,4,4,2508
37.0,8,4,5,2516
37.0,8,4,6,2523
37.0,8,4,7,2531
37.0,8,4,8,2539
37.0,8,4,9,2547
37.0,8,4,10,2555
37.0,8,4,11,2562
37.0,8,4,12,2570
37.0,8,4,13,2578
37.0,8,4,14,2585
37.0,8,4,15,2593
37.0,8,5,0,2484
37.0,8,5,1,2492
37.0,8,5,2,2500
37.0,8,5,3,2508
37.0,8,5,4,2516
37.0,8,5,5,2524
37.0,8,5,6,2532
37.0,8,5,7,2540
37.0,8,5,8,2547
37.0,8,5,9,2555
37.0,8,5,10,2563
37.0,8,5,11,2571
37.0,8,5,12,2578
37.0,8,5,13,2586
37.0,8,5,14,2594
37.0,8,5,15,2601
37.0,8,6,0,2492
37.0,8,6,1,2500
37.0,8,6,2,2508
37.0,8,6,3,2516
37.0,8,6,4,2524
37.0,8,6,5,2532
37.0,8,6,6,2540
37.0,8,6,7,2548
37.0,8,6,8,2556
37.0,8,6,9,2563
37.0,8,6,10,2571
37.0,8,6,11,2579
37.0,8,6,12,2587
37.0,8,6,13,2595
37.0,8,6,14,2602
37.0,8,6,15,2610
37.0,8,7,0,2500
37.0,8,7,1,2508
37.0,8,7,2,2516
37.0,8,7,3,2524
37.0,8,7,4,2532
37.0,8,7,5,2540
37.0,8,7,6,2548
37.0,8,7,7,2556
37.0,8,7,8,2564
37.0,8,7,9,2572
37.0,8,7,10,2580
37.0,8,7,11,2587
37.0,8,7,12,2595
37.0,8,7,13,2603
37.0,8,7,14,2611
37.0,8,7,15,2618
37.0,8,8,0,2508
37.0,8,8,1,2516
37.0,8,8,2,2524
37.0,8,8,3,2532
37.0,8,8,4,2540
37.0,8,8,5,2548
37.0,8,8,6,2556
37.0,8,8,7,2564
37.0,8,8,8,2572
37.0,8,8,9,2580
37.0,8,8,10,2588
37.0,8,8,11,2596
37.0,8,8,12,2603
37.0,8,8,13,2611
37.0,8,8,14,2619
37.0,8,8,15,2627
37.0,8,9,0,2516
37.0,8,9,1,2524
37.0,8,9,2,2532
37.0,8,9,3,2540
37.0,8,9,4,2548
37.0,8,9,5,2556
37.0,8,9,6,2564
37.0,8,9,7,2572
37.0,8,9,8,2580
37.0,8,9,9,2588
37.0,8,9,10,2596
37.0,8,9,11,2604
37.0,8,9,12,2612
37.0,8,9,13,2620
37.0,8,9,14,2627
37.0,8,9,15,2635
37.0,8,10,0,2524
37.0,8,10,1,2532
37.0,8,10,2,2540
37.0,8,10,3,2548
37.0,8,10,4,2556
37.0,8,10,5,2564
37.0,8,10,6,2572
37.0,8,10,7,2580
37.0,8,10,8,2588
37.0,8,10,9,2596
37.0,8,10,10,2604
37.0,8,10,11,2612
37.0,8,10,12,2620
37.0,8,10,13,2628
37.0,8,10,14,2636
37.0,8,10,15,2643
37.0,8,11,0,2532
37.0,8,11,1,2540
37.0,8,11,2,2548
37.0,8,11,3,2556
37.0,8,11,4,2564
37.0,8,11,5,2573
37.0,8,11,6,2581
37.0,8,11,7,2589
37.0,8,11,8,2597
37.0,8,11,9,2604
37.0,8,11,10,2612
37.0,8,11,11,2620
37.0,8,11,12,2628
37.0,8,11,13,2636
37.0,8,11,14,2644
37.0,8,11,15,2652
37.0,8,12,0,2540
37.0,8,12,1,2548
37.0,8,12,2,2556
37.0,8,12,3,2564
37.0,8,12,4,2572
37.0,8,12,5,2581
37.0,8,12,6,2589
37.0,8,12,7,2597
37.0,8,12,8,2605
37.0,8,12,9,2613
37.0,8,12,10,2621
37.0,8,12,11,2628
37.0,8,12,12,2636
37.0,8,12,13,2644
37.0,8,12,14,2652
37.0,8,12,15,2660
37.0,8,13,0,2548
37.0,8,13,1,2556
37.0,8,13,2,2564
37.0,8,13,3,2572
37.0,8,13,4,2580
37.0,8,13,5,2589
37.0,8,13,6,2597
37.0,8,13,7,2605
37.0,8,13,8,2613
37.0,8,13,9,2621
37.0,8,13,10,2629
37.0,8,13,11,2637
37.0,8,13,12,2645
37.0,8,13,13,2652
37.0,8,13,14,2660
37.0,8,13,15,2668
37.0,8,14,0,2556
37.0,8,14,1,2564
37.0,8,14,2,2572
37.0,8,14,3,2580
37.0,8,14,4,2588
37.0,8,14,5,2597
37.0,8,14,6,2605
37.0,8,14,7,2613
37.0,8,14,8,2621
37.0,8,14,9,2629
37.0,8,14,10,2637
37.0,8,14,11,2645
37.0,8,14,12,2653
37.0,8,14,13,2661
37.0,8,14,14,2669
37.0,8,14,15,2676
37.0,8,15,0,2563
37.0,8,15,1,2572
37.0,8,15,2,2580
37.0,8,15,3,2588
37.0,8,15,4,2596
37.0,8,15,5,2604
37.0,8,15,6,2613
37.0,8,15,7,2621
37.0,8,15,8,2629
37.0,8,15,9,2637
37.0,8,15,10,2645
37.0,8,15,11,2653
37.0,8,15,12,2661
37.0,8,15,13,2669
37.0,8,15,14,2677
37.0,8,15,15,2685
37.0,9,0,0,2452
37.0,9,0,1,2460
37.0,9,0,2,2468
37.0,9,0,3,2476
37.0,9,0,4,2484
37.0,9,0,5,2492
37.0,9,0,6,2499
37.0,9,0,7,2507
37.0,9,0,8,2515
37.0,9,0,9,2523
37.0,9,0,10,2530
37.0,9,0,11,2538
37.0,9,0,12,2546
37.0,9,0,13,2553
37.0,9,0,14,2561
37.0,9,0,15,2568
37.0,9,1,0,2461
37.0,9,1,1,2469
37.0,9,1,2,2477
37.0,9,1,3,2484
37.0,9,1,4,2492
37.0,9,1,5,2500
37.0,9,1,6,2508
37.0,9,1,7,2516
37.0,9,1,8,2523
37.0,9,1,9,2531
37.0,9,1,10,2539
37.0,9,1,11,2547
37.0,9,1,12,2554
37.0,9,1,13,2562
37.0,9,1,14,2569
37.0,9,1,15,2577
37.0,9,2,0,2469
37.0,9,2,1,2477
37.0,9,2,2,2485
37.0,9,2,3,2493
37.0,9,2,4,2501
37.0,9,2,5,2508
37.0,9,2,6,2516
37.0,9,2,7,2524
37.0,9,2,8,2532
37.0,9,2,9,2540
37.0,9,2,10,2547
37.0,9,2,11,2555
37.0,9,2,12,2563
37.0,9,2,13,2570
37.0,9,2,14,2578
37.0,9,2,15,2586
37.0,9,3,0,2477
37.0,9,3,1,2485
37.0,9,3,2,2493
37.0,9,3,3,2501
37.0,9,3,4,2509
37.0,9,3,5,2517
37.0,9,3,6,2525
37.0,9,3,7,2532
37.0,9,3,8,2540
37.0,9,3,9,2548
37.0,9,3,10,2556
37.0,9,3,11,2563
37.0,9,3,12,2571
37.0,9,3,13,2579
37.0,9,3,14,2587
37.0,9,3,15,2594
37.0,9,4,0,2485
37.0,9,4,1,2493
37.0,9,4,2,2501
37.0,9,4,3,2509
37.0,9,4,4,2517
37.0,9,4,5,2525
37.0,9,4,6,2533
37.0,9,4,7,2541
37.0,9,4,8,2549
37.0,9,4,9,2556
37.0,9,4,10,2564
37.0,9,4,11,2572
37.0,9,4,12,2580
37.0,9,4,13,2587
37.0,9,4,14,2595
37.0,9,4,15,2603
37.0,9,5,0,2493
37.0,9,5,1,2501
37.0,9,5,2,2509
37.0,9,5,3,2517
37.0,9,5,4,2525
37.0,9,5,5,2533
37.0,9,5,6,2541
37.0,9,5,7,2549
37.0,9,5,8,2557
37.0,9,5,9,2565
37.0,9,5,10,2572
37.0,9,5,11,2580
37.0,9,5,12,2588
37.0,9,5,13,2596
37.0,9,5,14,2603
37.0,9,5,15,2611
37.0,9,6,0,2501
37.0,9,6,1,2509
37.0,9,6,2,2517
37.0,9,6,3,2525
37.0,9,6,4,2533
37.0,9,6,5,2541
37.0,9,6,6,2549
37.0,9,6,7,2557
37.0,9,6,8,2565
37.0,9,6,9,2573
37.0,9,6,10,2581
37.0,9,6,11,2589
37.0,9,6,12,2596
37.0,9,6,13,2604
37.0,9,6,14,2612
37.0,9,6,15,2620
37.0,9,7,0,2509
37.0,9,7,1,2518
37.0,9,7,2,2526
37.0,9,7,3,2534
37.0,9,7,4,2542
37.0,9,7,5,2550
37.0,9,7,6,2558
37.0,9,7,7,2565
37.0,9,7,8,2573
37.0,9,7,9,2581
37.0,9,7,10,2589
37.0,9,7,11,2597
37.0,9,7,12,2605
37.0,9,7,13,2613
37.0,9,7,14,2620
37.0,9,7,15,2628
37.0,9,8,0,2517
37.0,9,8,1,2526
37.0,9,8,2,2534
37.0,9,8,3,2542
37.0,9,8,4,2550
37.0,9,8,5,2558
37.0,9,8,6,2566
37.0,9,8,7,2574
37.0,9,8,8,2582
37.0,9,8,9,2590
37.0,9,8,10,2597
37.0,9,8,11,2605
37.0,9,8,12,2613
37.0,9,8,13,2621
37.0,9,8,14,2629
37.0,9,8,15,2636
37.0,9,9,0,2525
37.0,9,9,1,2534
37.0,9,9,2,2542
37.0,9,9,3,2550
37.0,9,9,4,2558
37.0,9,9,5,2566
37.0,9,9,6,2574
37.0,9,9,7,2582
37.0,9,9,8,2590
37.0,9,9,9,2598
37.0,9,9,10,2606
37.0,9,9,11,2614
37.0,9,9,12,2621
37.0,9,9,13,2629
37.0,9,9,14,2637
37.0,9,9,15,2645
37.0,9,10,0,2533
37.0,9,10,1,2542
37.0,9,10,2,2550
37.0,9,10,3,2558
37.0,9,10,4,2566
37.0,9,10,5,2574
37.0,9,10,6,2582
37.0,9,10,7,2590
37.0,9,10,8,2598
37.0,9,10,9,2606
37.0,9,10,10,2614
37.0,9,10,11,2622
37.0,9,10,12,2630
37.0,9,10,13,2638
37.0,9,10,14,2645
37.0,9,10,15,2653
37.0,9,11,0,2541
37.0,9,11,1,2550
37.0,9,11,2,2558
37.0,9,11,3,2566
37.0,9,11,4,2574
37.0,9,11,5,2582
37.0,9,11,6,2590
37.0,9,11,7,2598
37.0,9,11,8,2606
37.0,9,11,9,2614
37.0,9,11,10,2622
37.0,9,11,11,2630
37.0,9,11,12,2638
37.0,9,11,13,2646
37.0,9,11,14,2654
37.0,9,11,15,2662
37.0,9,12,0,2549
37.0,9,12,1,2558
37.0,9,12,2,2566
37.0,9,12,3,2574
37.0,9,12,4,2582
37.0,9,12,5,2590
37.0,9,12,6,2598
37.0,9,12,7,2606
37.0,9,12,8,2614
37.0,9,12,9,2622
37.0,9,12,10,2630
37.0,9,12,11,2638
37.0,9,12,12,2646
37.0,9,12,13,2654
37.0,9,12,14,2662
37.0,9,12,15,2670
37.0,9,13,0,2557
37.0,9,13,1,2565
37.0,9,13,2,2574
37.0,9,13,3,2582
37.0,9,13,4,2590
37.0,9,13,5,2598
37.0,9,13,6,2606
37.0,9,13,7,2614
37.0,9,13,8,2622
37.0,9,13,9,2630
37.0,9,13,10,2638
37.0,9,13,11,2646
37.0,9,13,12,2654
37.0,9,13,13,2662
37.0,9,13,14,2670
37.0,9,13,15,2678
37.0,9,14,0,2565
37.0,9,14,1,2573
37.0,9,14,2,2582
37.0,9,14,3,2590
37.0,9,14,4,2598
37.0,9,14,5,2606
37.0,9,14,6,2614
37.0,9,14,7,2622
37.0,9,14,8,2630
37.0,9,14,9,2639
37.0,9,14,10,2647
37.0,9,14,11,2655
37.0,9,14,12,2663
37.0,9,14,13,2671
37.0,9,14,14,2678
37.0,9,14,15,2686
37.0,9,15,0,2573
37.0,9,15,1,2581
37.0,9,15,2,2590
37.0,9,15,3,2598
37.0,9,15,4,2606
37.0,9,15,5,2614
37.0,9,15,6,2622
37.0,9,15,7,2630
37.0,9,15,8,2639
37.0,9,15,9,2647
37.0,9,15,10,2655
37.0,9,15,11,2663
37.0,9,15,12,2671
37.0,9,15,13,2679
37.0,9,15,14,2687
37.0,9,15,15,2695
37.0,10,0,0,2462
37.0,10,0,1,2469
37.0,10,0,2,2477
37.0,10,0,3,2485
37.0,10,0,4,2493
37.0,10,0,5,2501
37.0,10,0,6,2509
37.0,10,0,7,2517
37.0,10,0,8,2524
37.0,10,0,9,2532
37.0,10,0,10,2540
37.0,10,0,11,2547
37.0,10,0,12,2555
37.0,10,0,13,2563
37.0,10,0,14,2570
37.0,10,0,15,2578
37.0,10,1,0,2470
37.0,10,1,1,2478
37.0,10,1,2,2486
37.0,10,1,3,2494
37.0,10,1,4,2501
37.0,10,1,5,2509
37.0,10,1,6,2517
37.0,10,1,7,2525
37.0,10,1,8,2533
37.0,10,1,9,2541
37.0,10,1,10,2548
37.0,10,1,11,2556
37.0,10,1,12,2564
37.0,10,1,13,2571
37.0,10,1,14,2579
37.0,10,1,15,2587
37.0,10,2,0,2478
37.0,10,2,1,2486
37.0,10,2,2,2494
37.0,10,2,3,2502
37.0,10,2,4,2510
37.0,10,2,5,2518
37.0,10,2,6,2526
37.0,10,2,7,2533
37.0,10,2,8,2541
37.0,10,2,9,2549
37.0,10,2,10,2557
37.0,10,2,11,2564
37.0,10,2,12,2572
37.0,10,2,13,2580
37.0,10,2,14,2588
37.0,10,2,15,2595
37.0,10,3,0,2486
37.0,10,3,1,2494
37.0,10,3,2,2502
37.0,10,3,3,2510
37.0,10,3,4,2518
37.0,10,3,5,2526
37.0,10,3,6,2534
37.0,10,3,7,2542
37.0,10,3,8,2550
37.0,10,3,9,2557
37.0,10,3,10,2565
37.0,10,3,11,2573
37.0,10,3,12,2581
37.0,10,3,13,2588
37.0,10,3,14,2596
37.0,10,3,15,2604
37.0,10,4,0,2494
37.0,10,4,1,2502
37.0,10,4,2,2510
37.0,10,4,3,2518
37.0,10,4,4,2526
37.0,10,4,5,2534
37.0,10,4,6,2542
37.0,10,4,7,2550
37.0,10,4,8,2558
37.0,10,4,9,2566
37.0,10,4,10,2574
37.0,10,4,11,2581
37.0,10,4,12,2589
37.0,10,4,13,2597
37.0,10,4,14,2605
37.0,10,4,15,2612
37.0,10,5,0,2503
37.0,10,5,1,2511
37.0,10,5,2,2519
37.0,10,5,3,2527
37.0,10,5,4,2535
37.0,10,5,5,2543
37.0,10,5,6,2551
37.0,10,5,7,2558
37.0,10,5,8,2566
37.0,10,5,9,2574
37.0,10,5,10,2582
37.0,10,5,11,2590
37.0,10,5,12,2598
37.0,10,5,13,2605
37.0,10,5,14,2613
37.0,10,5,15,2621
37.0,10,6,0,2511
37.0,10,6,1,2519
37.0,10,6,2,2527
37.0,10,6,3,2535
37.0,10,6,4,2543
37.0,10,6,5,2551
37.0,10,6,6,2559
37.0,10,6,7,2567
37.0,10,6,8,2575
37.0,10,6,9,2583
37.0,10,6,10,2590
37.0,10,6,11,2598
37.0,10,6,12,2606
37.0,10,6,13,2614
37.0,10,6,14,2622
37.0,10,6,15,2629
37.0,10,7,0,2519
37.0,10,7,1,2527
37.0,10,7,2,2535
37.0,10,7,3,2543
37.0,10,7,4,2551
37.0,10,7,5,2559
37.0,10,7,6,2567
37.0,10,7,7,2575
37.0,10,7,8,2583
37.0,10,7,9,2591
37.0,10,7,10,2599
37.0,10,7,11,2607
37.0,10,7,12,2614
37.0,10,7,13,2622
37.0,10,7,14,2630
37.0,10,7,15,2638
37.0,10,8,0,2527
37.0,10,8,1,2535
37.0,10,8,2,2543
37.0,10,8,3,2551
37.0,10,8,4,2559
37.0,10,8,5,2567
37.0,10,8,6,2575
37.0,10,8,7,2583
37.0,10,8,8,2591
37.0,10,8,9,2599
37.0,10,8,10,2607
37.0,10,8,11,2615
37.0,10,8,12,2623
37.0,10,8,13,2631
37.0,10,8,14,2638
37.0,10,8,15,2646
37.0,10,9,0,2535
37.0,10,9,1,2543
37.0,10,9,2,2551
37.0,10,9,3,2559
37.0,10,9,4,2567
37.0,10,9,5,2575
37.0,10,9,6,2583
37.0,10,9,7,2591
37.0,10,9,8,2599
37.0,10,9,9,2607
37.0,10,9,10,2615
37.0,10,9,11,2623
37.0,10,9,12,2631
37.0,10,9,13,2639
37.0,10,9,14,2647
37.0,10,9,15,2655
37.0,10,10,0,2543
37.0,10,10,1,2551
37.0,10,10,2,2559
37.0,10,10,3,2567
37.0,10,10,4,2575
37.0,10,10,5,2584
37.0,10,10,6,2592
37.0,10,10,7,2600
37.0,10,10,8,2608
37.0,10,10,9,2616
37.0,10,10,10,2624
37.0,10,10,11,2632
37.0,10,10,12,2639
37.0,10,10,13,2647
37.0,10,10,14,2655
37.0,10,10,15,2663
37.0,10,11,0,2551
37.0,10,11,1,2559
37.0,10,11,2,2567
37.0,10,11,3,2575
37.0,10,11,4,2584
37.0,10,11,5,2592
37.0,10,11,6,2600
37.0,10,11,7,2608
37.0,10,11,8,2616
37.0,10,11,9,2624
37.0,10,11,10,2632
37.0,10,11,11,2640
37.0,10,11,12,2648
37.0,10,11,13,2656
37.0,10,11,14,2664
37.0,10,11,15,2671
37.0,10,12,0,2559
37.0,10,12,1,2567
37.0,10,12,2,2575
37.0,10,12,3,2583
37.0,10,12,4,2592
37.0,10,12,5,2600
37.0,10,12,6,2608
37.0,10,12,7,2616
37.0,10,12,8,2624
37.0,10,12,9,2632
37.0,10,12,10,2640
37.0,10,12,11,2648
37.0,10,12,12,2656
37.0,10,12,13,2664
37.0,10,12,14,2672
37.0,10,12,15,2680
37.0,10,13,0,2567
37.0,10,13,1,2575
37.0,10,13,2,2583
37.0,10,13,3,2591
37.0,10,13,4,2600
37.0,10,13,5,2608
37.0,10,13,6,2616
37.0,10,13,7,2624
37.0,10,13,8,2632
37.0,10,13,9,2640
37.0,10,13,10,2648
37.0,10,13,11,2656
37.0,10,13,12,2664
37.0,10,13,13,2672
37.0,10,13,14,2680
37.0,10,13,15,2688
37.0,10,14,0,2575
37.0,10,14,1,2583
37.0,10,14,2,2591
37.0,10,14,3,2599
37.0,10,14,4,2608
37.0,10,14,5,2616
37.0,10,14,6,2624
37.0,10,14,7,2632
37.0,10,14,8,2640
37.0,10,14,9,2648
37.0,10,14,10,2656
37.0,10,14,11,2664
37.0,10,14,12,2672
37.0,10,14,13,2680
37.0,10,14,14,2688
37.0,10,14,15,2696
37.0,10,15,0,2583
37.0,10,15,1,2591
37.0,10,15,2,2599
37.0,10,15,3,2607
37.0,10,15,4,2616
37.0,10,15,5,2624
37.0,10,15,6,2632
37.0,10,15,7,2640
37.0,10,15,8,2648
37.0,10,15,9,2656
37.0,10,15,10,2665
37.0,10,15,11,2673
37.0,10,15,12,2681
37.0,10,15,13,2689
37.0,10,15,14,2697
37.0,10,15,15,2705
37.0,11,0,0,2471
37.0,11,0,1,2479
37.0,11,0,2,2487
37.0,11,0,3,2494
37.0,11,0,4,2502
37.0,11,0,5,2510
37.0,11,0,6,2518
37.0,11,0,7,2526
37.0,11,0,8,2534
37.0,11,0,9,2541
37.0,11,0,10,2549
37.0,11,0,11,2557
37.0,11,0,12,2565
37.0,11,0,13,2572
37.0,11,0,14,2580
37.0,11,0,15,2587
37.0,11,1,0,2479
37.0,11,1,1,2487
37.0,11,1,2,2495
37.0,11,1,3,2503
37.0,11,1,4,2511
37.0,11,1,5,2519
37.0,11,1,6,2526
37.0,11,1,7,2534
37.0,11,1,8,2542
37.0,11,1,9,2550
37.0,11,1,10,2558
37.0,11,1,11,2565
37.0,11,1,12,2573
37.0,11,1,13,2581
37.0,11,1,14,2588
37.0,11,1,15,2596
37.0,11,2,0,2487
37.0,11,2,1,2495
37.0,11,2,2,2503
37.0,11,2,3,2511
37.0,11,2,4,2519
37.0,11,2,5,2527
37.0,11,2,6,2535
37.0,11,2,7,2543
37.0,11,2,8,2551
37.0,11,2,9,2558
37.0,11,2,10,2566
37.0,11,2,11,2574
37.0,11,2,12,2582
37.0,11,2,13,2589
37.0,11,2,14,2597
37.0,11,2,15,2605
37.0,11,3,0,2495
37.0,11,3,1,2503
37.0,11,3,2,2511
37.0,11,3,3,2519
37.0,11,3,4,2527
37.0,11,3,5,2535
37.0,11,3,6,2543
37.0,11,3,7,2551
37.0,11,3,8,2559
37.0,11,3,9,2567
37.0,11,3,10,2575
37.0,11,3,11,2582
37.0,11,3,12,2590
37.0,11,3,13,2598
37.0,11,3,14,2606
37.0,11,3,15,2613
37.0,11,4,0,2504
37.0,11,4,1,2512
37.0,11,4,2,2520
37.0,11,4,3,2528
37.0,11,4,4,2536
37.0,11,4,5,2544
37.0,11,4,6,2552
37.0,11,4,7,2560
37.0,11,4,8,2567
37.0,11,4,9,2575
37.0,11,4,10,2583
37.0,11,4,11,2591
37.0,11,4,12,2599
37.0,11,4,13,2606
37.0,11,4,14,2614
37.0,11,4,15,2622
37.0,11,5,0,2512
37.0,11,5,1,2520
37.0,11,5,2,2528
37.0,11,5,3,2536
37.0,11,5,4,2544
37.0,11,5,5,2552
37.0,11,5,6,2560
37.0,11,5,7,2568
37.0,11,5,8,2576
37.0,11,5,9,2584
37.0,11,5,10,2592
37.0,11,5,11,2599
37.0,11,5,12,2607
37.0,11,5,13,2615
37.0,11,5,14,2623
37.0,11,5,15,2631
37.0,11,6,0,2520
37.0,11,6,1,2528
37.0,11,6,2,2536
37.0,11,6,3,2544
37.0,11,6,4,2552
37.0,11,6,5,2560
37.0,11,6,6,2568
37.0,11,6,7,2576
37.0,11,6,8,2584
37.0,11,6,9,2592
37.0,11,6,10,2600
37.0,11,6,11,2608
37.0,11,6,12,2616
37.0,11,6,13,2623
37.0,11,6,14,2631
37.0,11,6,15,2639
37.0,11,7,0,2528
37.0,11,7,1,2536
37.0,11,7,2,2544
37.0,11,7,3,2552
37.0,11,7,4,2560
37.0,11,7,5,2568
37.0,11,7,6,2576
37.0,11,7,7,2584
37.0,11,7,8,2592
37.0,11,7,9,2600
37.0,11,7,10,2608
37.0,11,7,11,2616
37.0,11,7,12,2624
37.0,11,7,13,2632
37.0,11,7,14,2640
37.0,11,7,15,2648
37.0,11,8,0,2536
37.0,11,8,1,2544
37.0,11,8,2,2552
37.0,11,8,3,2561
37.0,11,8,4,2569
37.0,11,8,5,2577
37.0,11,8,6,2585
37.0,11,8,7,2593
37.0,11,8,8,2601
37.0,11,8,9,2609
37.0,11,8,10,2617
37.0,11,8,11,2625
37.0,11,8,12,2632
37.0,11,8,13,2640
37.0,11,8,14,2648
37.0,11,8,15,2656
37.0,11,9,0,2544
37.0,11,9,1,2552
37.0,11,9,2,2561
37.0,11,9,3,2569
37.0,11,9,4,2577
37.0,11,9,5,2585
37.0,11,9,6,2593
37.0,11,9,7,2601
37.0,11,9,8,2609
37.0,11,9,9,2617
37.0,11,9,10,2625
37.0,11,9,11,2633
37.0,11,9,12,2641
37.0,11,9,13,2649
37.0,11,9,14,2657
37.0,11,9,15,2664
37.0,11,10,0,2552
37.0,11,10,1,2560
37.0,11,10,2,2569
37.0,11,10,3,2577
37.0,11,10,4,2585
37.0,11,10,5,2593
37.0,11,10,6,2601
37.0,11,10,7,2609
37.0,11,10,8,2617
37.0,11,10,9,2625
37.0,11,10,10,2633
37.0,11,10,11,2641
37.0,11,10,12,2649
37.0,11,10,13,2657
37.0,11,10,14,2665
37.0,11,10,15,2673
37.0,11,11,0,2560
37.0,11,11,1,2568
37.0,11,11,2,2577
37.0,11,11,3,2585
37.0,11,11,4,2593
37.0,11,11,5,2601
37.0,11,11,6,2609
37.0,11,11,7,2617
37.0,11,11,8,2625
37.0,11,11,9,2634
37.0,11,11,10,2642
37.0,11,11,11,2650
37.0,11,11,12,2658
37.0,11,11,13,2665
37.0,11,11,14,2673
37.0,11,11,15,2681
37.0,11,12,0,2568
37.0,11,12,1,2576
37.0,11,12,2,2585
37.0,11,12,3,2593
37.0,11,12,4,2601
37.0,11,12,5,2609
37.0,11,12,6,2617
37.0,11,12,7,2626
37.0,11,12,8,2634
37.0,11,12,9,2642
37.0,11,12,10,2650
37.0,11,12,11,2658
37.0,11,12,12,2666
37.0,11,12,13,2674
37.0,11,12,14,2682
37.0,11,12,15,2690
37.0,11,13,0,2576
37.0,11,13,1,2584
37.0,11,13,2,2593
37.0,11,13,3,2601
37.0,11,13,4,2609
37.0,11,13,5,2617
37.0,11,13,6,2626
37.0,11,13,7,2634
37.0,11,13,8,2642
37.0,11,13,9,2650
37.0,11,13,10,2658
37.0,11,13,11,2666
37.0,11,13,12,2674
37.0,11,13,13,2682
37.0,11,13,14,2690
37.0,11,13,15,2698
37.0,11,14,0,2584
37.0,11,14,1,2592
37.0,11,14,2,2601
37.0,11,14,3,2609
37.0,11,14,4,2617
37.0,11,14,5,2625
37.0,11,14,6,2634
37.0,11,14,7,2642
37.0,11,14,8,2650
37.0,11,14,9,2658
37.0,11,14,10,2666
37.0,11,14,11,2674
37.0,11,14,12,2682
37.0,11,14,13,2690
37.0,11,14,14,2698
37.0,11,14,15,2706
37.0,11,15,0,2592
37.0,11,15,1,2600
37.0,11,15,2,2609
37.0,11,15,3,2617
37.0,11,15,4,2625
37.0,11,15,5,2634
37.0,11,15,6,2642
37.0,11,15,7,2650
37.0,11,15,8,2658
37.0,11,15,9,2666
37.0,11,15,10,2674
37.0,11,15,11,2682
37.0,11,15,12,2691
37.0,11,15,13,2699
37.0,11,15,14,2707
37.0,11,15,15,2715
37.0,12,0,0,2480
37.0,12,0,1,2488
37.0,12,0,2,2496
37.0,12,0,3,2504
37.0,12,0,4,2512
37.0,12,0,5,2519
37.0,12,0,6,2527
37.0,12,0,7,2535
37.0,12,0,8,2543
37.0,12,0,9,2551
37.0,12,0,10,2558
37.0,12,0,11,2566
37.0,12,0,12,2574
37.0,12,0,13,2582
37.0,12,0,14,2589
37.0,12,0,15,2597
37.0,12,1,0,2488
37.0,12,1,1,2496
37.0,12,1,2,2504
37.0,12,1,3,2512
37.0,12,1,4,2520
37.0,12,1,5,2528
37.0,12,1,6,2536
37.0,12,1,7,2544
37.0,12,1,8,2551
37.0,12,1,9,2559
37.0,12,1,10,2567
37.0,12,1,11,2575
37.0,12,1,12,2583
37.0,12,1,13,2590
37.0,12,1,14,2598
37.0,12,1,15,2606
37.0,12,2,0,2496
37.0,12,2,1,2504
37.0,12,2,2,2512
37.0,12,2,3,2520
37.0,12,2,4,2528
37.0,12,2,5,2536
37.0,12,2,6,2544
37.0,12,2,7,2552
37.0,12,2,8,2560
37.0,12,2,9,2568
37.0,12,2,10,2576
37.0,12,2,11,2583
37.0,12,2,12,2591
37.0,12,2,13,2599
37.0,12,2,14,2607
37.0,12,2,15,2614
37.0,12,3,0,2505
37.0,12,3,1,2513
37.0,12,3,2,2521
37.0,12,3,3,2529
37.0,12,3,4,2537
37.0,12,3,5,2545
37.0,12,3,6,2553
37.0,12,3,7,2561
37.0,12,3,8,2568
37.0,12,3,9,2576
37.0,12,3,10,2584
37.0,12,3,11,2592
37.0,12,3,12,2600
37.0,12,3,13,2608
37.0,12,3,14,2615
37.0,12,3,15,2623
37.0,12,4,0,2513
37.0,12,4,1,2521
37.0,12,4,2,2529
37.0,12,4,3,2537
37.0,12,4,4,2545
37.0,12,4,5,2553
37.0,12,4,6,2561
37.0,12,4,7,2569
37.0,12,4,8,2577
37.0,12,4,9,2585
37.0,12,4,10,2593
37.0,12,4,11,2600
37.0,12,4,12,2608
37.0,12,4,13,2616
37.0,12,4,14,2624
37.0,12,4,15,2632
37.0,12,5,0,2521
37.0,12,5,1,2529
37.0,12,5,2,2537
37.0,12,5,3,2545
37.0,12,5,4,2553
37.0,12,5,5,2561
37.0,12,5,6,2569
37.0,12,5,7,2577
37.0,12,5,8,2585
37.0,12,5,9,2593
37.0,12,5,10,2601
37.0,12,5,11,2609
37.0,12,5,12,2617
37.0,12,5,13,2625
37.0,12,5,14,2632
37.0,12,5,15,2640
37.0,12,6,0,2529
37.0,12,6,1,2537
37.0,12,6,2,2545
37.0,12,6,3,2554
37.0,12,6,4,2562
37.0,12,6,5,2570
37.0,12,6,6,2578
37.0,12,6,7,2586
37.0,12,6,8,2594
37.0,12,6,9,2602
37.0,12,6,10,2609
37.0,12,6,11,2617
37.0,12,6,12,2625
37.0,12,6,13,2633
37.0,12,6,14,2641
37.0,12,6,15,2649
37.0,12,7,0,2537
37.0,12,7,1,2545
37.0,12,7,2,2554
37.0,12,7,3,2562
37.0,12,7,4,2570
37.0,12,7,5,2578
37.0,12,7,6,2586
37.0,12,7,7,2594
37.0,12,7,8,2602
37.0,12,7,9,2610
37.0,12,7,10,2618
37.0,12,7,11,2626
37.0,12,7,12,2634
37.0,12,7,13,2642
37.0,12,7,14,2649
37.0,12,7,15,2657
37.0,12,8,0,2545
37.0,12,8,1,2554
37.0,12,8,2,2562
37.0,12,8,3,2570
37.0,12,8,4,2578
37.0,12,8,5,2586
37.0,12,8,6,2594
37.0,12,8,7,2602
37.0,12,8,8,2610
37.0,12,8,9,2618
37.0,12,8,10,2626
37.0,12,8,11,2634
37.0,12,8,12,2642
37.0,12,8,13,2650
37.0,12,8,14,2658
37.0,12,8,15,2666
37.0,12,9,0,2554
37.0,12,9,1,2562
37.0,12,9,2,2570
37.0,12,9,3,2578
37.0,12,9,4,2586
37.0,12,9,5,2594
37.0,12,9,6,2602
37.0,12,9,7,2611
37.0,12,9,8,2619
37.0,12,9,9,2627
37.0,12,9,10,2635
37.0,12,9,11,2643
37.0,12,9,12,2651
37.0,12,9,13,2658
37.0,12,9,14,2666
37.0,12,9,15,2674
37.0,12,10,0,2562
37.0,12,10,1,2570
37.0,12,10,2,2578
37.0,12,10,3,2586
37.0,12,10,4,2594
37.0,12,10,5,2603
37.0,12,10,6,2611
37.0,12,10,7,2619
37.0,12,10,8,2627
37.0,12,10,9,2635
37.0,12,10,10,2643
37.0,12,10,11,2651
37.0,12,10,12,2659
37.0,12,10,13,2667
37.0,12,10,14,2675
37.0,12,10,15,2683
37.0,12,11,0,2570
37.0,12,11,1,2578
37.0,12,11,2,2586
37.0,12,11,3,2594
37.0,12,11,4,2603
37.0,12,11,5,2611
37.0,12,11,6,2619
37.0,12,11,7,2627
37.0,12,11,8,2635
37.0,12,11,9,2643
37.0,12,11,10,2651
37.0,12,11,11,2659
37.0,12,11,12,2667
37.0,12,11,13,2675
37.0,12,11,14,2683
37.0,12,11,15,2691
37.0,12,12,0,2578
37.0,12,12,1,2586
37.0,12,12,2,2594
37.0,12,12,3,2602
37.0,12,12,4,2611
37.0,12,12,5,2619
37.0,12,12,6,2627
37.0,12,12,7,2635
37.0,12,12,8,2643
37.0,12,12,9,2651
37.0,12,12,10,2660
37.0,12,12,11,2668
37.0,12,12,12,2676
37.0,12,12,13,2684
37.0,12,12,14,2692
37.0,12,12,15,2700
37.0,12,13,0,2586
37.0,12,13,1,2594
37.0,12,13,2,2602
37.0,12,13,3,2611
37.0,12,13,4,2619
37.0,12,13,5,2627
37.0,12,13,6,2635
37.0,12,13,7,2643
37.0,12,13,8,2652
37.0,12,13,9,2660
37.0,12,13,10,2668
37.0,12,13,11,2676
37.0,12,13,12,2684
37.0,12,13,13,2692
37.0,12,13,14,2700
37.0,12,13,15,2708
37.0,12,14,0,2594
37.0,12,14,1,2602
37.0,12,14,2,2610
37.0,12,14,3,2619
37.0,12,14,4,2627
37.0,12,14,5,2635
37.0,12,14,6,2643
37.0,12,14,7,2652
37.0,12,14,8,2660
37.0,12,14,9,2668
37.0,12,14,10,2676
37.0,12,14,11,2684
37.0,12,14,12,2692
37.0,12,14,13,2700
37.0,12,14,14,2708
37.0,12,14,15,2716
37.0,12,15,0,2602
37.0,12,15,1,2610
37.0,12,15,2,2618
37.0,12,15,3,2627
37.0,12,15,4,2635
37.0,12,15,5,2643
37.0,12,15,6,2651
37.0,12,15,7,2660
37.0,12,15,8,2668
37.0,12,15,9,2676
37.0,12,15,10,2684
37.0,12,15,11,2692
37.0,12,15,12,2700
37.0,12,15,13,2708
37.0,12,15,14,2717
37.0,12,15,15,2725
37.0,13,0,0,2489
37.0,13,0,1,2497
37.0,13,0,2,2505
37.0,13,0,3,2513
37.0,13,0,4,2521
37.0,13,0,5,2529
37.0,13,0,6,2537
37.0,13,0,7,2544
37.0,13,0,8,2552
37.0,13,0,9,2560
37.0,13,0,10,2568
37.0,13,0,11,2576
37.0,13,0,12,2583
37.0,13,0,13,2591
37.0,13,0,14,2599
37.0,13,0,15,2606
37.0,13,1,0,2497
37.0,13,1,1,2505
37.0,13,1,2,2513
37.0,13,1,3,2521
37.0,13,1,4,2529
37.0,13,1,5,2537
37.0,13,1,6,2545
37.0,13,1,7,2553
37.0,13,1,8,2561
37.0,13,1,9,2569
37.0,13,1,10,2576
37.0,13,1,11,2584
37.0,13,1,12,2592
37.0,13,1,13,2600
37.0,13,1,14,2608
37.0,13,1,15,2615
37.0,13,2,0,2505
37.0,13,2,1,2514
37.0,13,2,2,2522
37.0,13,2,3,2530
37.0,13,2,4,2538
37.0,13,2,5,2546
37.0,13,2,6,2553
37.0,13,2,7,2561
37.0,13,2,8,2569
37.0,13,2,9,2577
37.0,13,2,10,2585
37.0,13,2,11,2593
37.0,13,2,12,2601
37.0,13,2,13,2608
37.0,13,2,14,2616
37.0,13,2,15,2624
37.0,13,3,0,2514
37.0,13,3,1,2522
37.0,13,3,2,2530
37.0,13,3,3,2538
37.0,13,3,4,2546
37.0,13,3,5,2554
37.0,13,3,6,2562
37.0,13,3,7,2570
37.0,13,3,8,2578
37.0,13,3,9,2586
37.0,13,3,10,2594
37.0,13,3,11,2601
37.0,13,3,12,2609
37.0,13,3,13,2617
37.0,13,3,14,2625
37.0,13,3,15,2633
37.0,13,4,0,2522
37.0,13,4,1,2530
37.0,13,4,2,2538
37.0,13,4,3,2546
37.0,13,4,4,2554
37.0,13,4,5,2562
37.0,13,4,6,2570
37.0,13,4,7,2578
37.0,13,4,8,2586
37.0,13,4,9,2594
37.0,13,4,10,2602
37.0,13,4,11,2610
37.0,13,4,12,2618
37.0,13,4,13,2626
37.0,13,4,14,2633
37.0,13,4,15,2641
37.0,13,5,0,2530
37.0,13,5,1,2538
37.0,13,5,2,2547
37.0,13,5,3,2555
37.0,13,5,4,2563
37.0,13,5,5,2571
37.0,13,5,6,2579
37.0,13,5,7,2587
37.0,13,5,8,2595
37.0,13,5,9,2603
37.0,13,5,10,2611
37.0,13,5,11,2618
37.0,13,5,12,2626
37.0,13,5,13,2634
37.0,13,5,14,2642
37.0,13,5,15,2650
37.0,13,6,0,2538
37.0,13,6,1,2547
37.0,13,6,2,2555
37.0,13,6,3,2563
37.0,13,6,4,2571
37.0,13,6,5,2579
37.0,13,6,6,2587
37.0,13,6,7,2595
37.0,13,6,8,2603
37.0,13,6,9,2611
37.0,13,6,10,2619
37.0,13,6,11,2627
37.0,13,6,12,2635
37.0,13,6,13,2643
37.0,13,6,14,2651
37.0,13,6,15,2658
37.0,13,7,0,2547
37.0,13,7,1,2555
37.0,13,7,2,2563
37.0,13,7,3,2571
37.0,13,7,4,2579
37.0,13,7,5,2587
37.0,13,7,6,2595
37.0,13,7,7,2603
37.0,13,7,8,2612
37.0,13,7,9,2620
37.0,13,7,10,2627
37.0,13,7,11,2635
37.0,13,7,12,2643
37.0,13,7,13,2651
37.0,13,7,14,2659
37.0,13,7,15,2667
37.0,13,8,0,2555
37.0,13,8,1,2563
37.0,13,8,2,2571
37.0,13,8,3,2579
37.0,13,8,4,2588
37.0,13,8,5,2596
37.0,13,8,6,2604
37.0,13,8,7,2612
37.0,13,8,8,2620
37.0,13,8,9,2628
37.0,13,8,10,2636
37.0,13,8,11,2644
37.0,13,8,12,2652
37.0,13,8,13,2660
37.0,13,8,14,2668
37.0,13,8,15,2676
37.0,13,9,0,2563
37.0,13,9,1,2571
37.0,13,9,2,2579
37.0,13,9,3,2588
37.0,13,9,4,2596
37.0,13,9,5,2604
37.0,13,9,6,2612
37.0,13,9,7,2620
37.0,13,9,8,2628
37.0,13,9,9,2636
37.0,13,9,10,2644
37.0,13,9,11,2652
37.0,13,9,12,2660
37.0,13,9,13,2668
37.0,13,9,14,2676
37.0,13,9,15,2684
37.0,13,10,0,2571
37.0,13,10,1,2579
37.0,13,10,2,2588
37.0,13,10,3,2596
37.0,13,10,4,2604
37.0,13,10,5,2612
37.0,13,10,6,2620
37.0,13,10,7,2628
37.0,13,10,8,2637
37.0,13,10,9,2645
37.0,13,10,10,2653
37.0,13,10,11,2661
37.0,13,10,12,2669
37.0,13,10,13,2677
37.0,13,10,14,2685
37.0,13,10,15,2693
37.0,13,11,0,2579
37.0,13,11,1,2587
37.0,13,11,2,2596
37.0,13,11,3,2604
37.0,13,11,4,2612
37.0,13,11,5,2620
37.0,13,11,6,2629
37.0,13,11,7,2637
37.0,13,11,8,2645
37.0,13,11,9,2653
37.0,13,11,10,2661
37.0,13,11,11,2669
37.0,13,11,12,2677
37.0,13,11,13,2685
37.0,13,11,14,2693
37.0,13,11,15,2701
37.0,13,12,0,2587
37.0,13,12,1,2595
37.0,13,12,2,2604
37.0,13,12,3,2612
37.0,13,12,4,2620
37.0,13,12,5,2629
37.0,13,12,6,2637
37.0,13,12,7,2645
37.0,13,12,8,2653
37.0,13,12,9,2661
37.0,13,12,10,2669
37.0,13,12,11,2677
37.0,13,12,12,2685
37.0,13,12,13,2693
37.0,13,12,14,2701
37.0,13,12,15,2709
37.0,13,13,0,2595
37.0,13,13,1,2603
37.0,13,13,2,2612
37.0,13,13,3,2620
37.0,13,13,4,2628
37.0,13,13,5,2637
37.0,13,13,6,2645
37.0,13,13,7,2653
37.0,13,13,8,2661
37.0,13,13,9,2669
37.0,13,13,10,2678
37.0,13,13,11,2686
37.0,13,13,12,2694
37.0,13,13,13,2702
37.0,13,13,14,2710
37.0,13,13,15,2718
37.0,13,14,0,2603
37.0,13,14,1,2612
37.0,13,14,2,2620
37.0,13,14,3,2628
37.0,13,14,4,2637
37.0,13,14,5,2645
37.0,13,14,6,2653
37.0,13,14,7,2661
37.0,13,14,8,2669
37.0,13,14,9,2678
37.0,13,14,10,2686
37.0,13,14,11,2694
37.0,13,14,12,2702
37.0,13,14,13,2710
37.0,13,14,14,2718
37.0,13,14,15,2726
37.0,13,15,0,2611
37.0,13,15,1,2620
37.0,13,15,2,2628
37.0,13,15,3,2636
37.0,13,15,4,2645
37.0,13,15,5,2653
37.0,13,15,6,2661
37.0,13,15,7,2669
37.0,13,15,8,2678
37.0,13,15,9,2686
37.0,13,15,10,2694
37.0,13,15,11,2702
37.0,13,15,12,2710
37.0,13,15,13,2718
37.0,13,15,14,2726
37.0,13,15,15,2735
37.0,14,0,0,2498
37.0,14,0,1,2506
37.0,14,0,2,2514
37.0,14,0,3,2522
37.0,14,0,4,2530
37.0,14,0,5,2538
37.0,14,0,6,2546
37.0,14,0,7,2554
37.0,14,0,8,2562
37.0,14,0,9,2569
37.0,14,0,10,2577
37.0,14,0,11,2585
37.0,14,0,12,2593
37.0,14,0,13,2601
37.0,14,0,14,2608
37.0,14,0,15,2616
37.0,14,1,0,2506
37.0,14,1,1,2514
37.0,14,1,2,2522
37.0,14,1,3,2530
37.0,14,1,4,2538
37.0,14,1,5,2546
37.0,14,1,6,2554
37.0,14,1,7,2562
37.0,14,1,8,2570
37.0,14,1,9,2578
37.0,14,1,10,2586
37.0,14,1,11,2594
37.0,14,1,12,2601
37.0,14,1,13,2609
37.0,14,1,14,2617
37.0,14,1,15,2625
37.0,14,2,0,2515
37.0,14,2,1,2523
37.0,14,2,2,2531
37.0,14,2,3,2539
37.0,14,2,4,2547
37.0,14,2,5,2555
37.0,14,2,6,2563
37.0,14,2,7,2571
37.0,14,2,8,2579
37.0,14,2,9,2587
37.0,14,2,10,2594
37.0,14,2,11,2602
37.0,14,2,12,2610
37.0,14,2,13,2618
37.0,14,2,14,2626
37.0,14,2,15,2633
37.0,14,3,0,2523
37.0,14,3,1,2531
37.0,14,3,2,2539
37.0,14,3,3,2547
37.0,14,3,4,2555
37.0,14,3,5,2563
37.0,14,3,6,2571
37.0,14,3,7,2579
37.0,14,3,8,2587
37.0,14,3,9,2595
37.0,14,3,10,2603
37.0,14,3,11,2611
37.0,14,3,12,2619
37.0,14,3,13,2627
37.0,14,3,14,2634
37.0,14,3,15,2642
37.0,14,4,0,2531
37.0,14,4,1,2539
37.0,14,4,2,2547
37.0,14,4,3,2556
37.0,14,4,4,2564
37.0,14,4,5,2572
37.0,14,4,6,2580
37.0,14,4,7,2588
37.0,14,4,8,2596
37.0,14,4,9,2604
37.0,14,4,10,2612
37.0,14,4,11,2619
37.0,14,4,12,2627
37.0,14,4,13,2635
37.0,14,4,14,2643
37.0,14,4,15,2651
37.0,14,5,0,2539
37.0,14,5,1,2548
37.0,14,5,2,2556
37.0,14,5,3,2564
37.0,14,5,4,2572
37.0,14,5,5,2580
37.0,14,5,6,2588
37.0,14,5,7,2596
37.0,14,5,8,2604
37.0,14,5,9,2612
37.0,14,5,10,2620
37.0,14,5,11,2628
37.0,14,5,12,2636
37.0,14,5,13,2644
37.0,14,5,14,2652
37.0,14,5,15,2660
37.0,14,6,0,2548
37.0,14,6,1,2556
37.0,14,6,2,2564
37.0,14,6,3,2572
37.0,14,6,4,2580
37.0,14,6,5,2588
37.0,14,6,6,2597
37.0,14,6,7,2605
37.0,14,6,8,2613
37.0,14,6,9,2621
37.0,14,6,10,2629
37.0,14,6,11,2637
37.0,14,6,12,2644
37.0,14,6,13,2652
37.0,14,6,14,2660
37.0,14,6,15,2668
37.0,14,7,0,2556
37.0,14,7,1,2564
37.0,14,7,2,2572
37.0,14,7,3,2581
37.0,14,7,4,2589
37.0,14,7,5,2597
37.0,14,7,6,2605
37.0,14,7,7,2613
37.0,14,7,8,2621
37.0,14,7,9,2629
37.0,14,7,10,2637
37.0,14,7,11,2645
37.0,14,7,12,2653
37.0,14,7,13,2661
37.0,14,7,14,2669
37.0,14,7,15,2677
37.0,14,8,0,2564
37.0,14,8,1,2572
37.0,14,8,2,2581
37.0,14,8,3,2589
37.0,14,8,4,2597
37.0,14,8,5,2605
37.0,14,8,6,2613
37.0,14,8,7,2621
37.0,14,8,8,2629
37.0,14,8,9,2637
37.0,14,8,10,2646
37.0,14,8,11,2654
37.0,14,8,12,2662
37.0,14,8,13,2669
37.0,14,8,14,2677
37.0,14,8,15,2685
37.0,14,9,0,2572
37.0,14,9,1,2581
37.0,14,9,2,2589
37.0,14,9,3,2597
37.0,14,9,4,2605
37.0,14,9,5,2613
37.0,14,9,6,2622
37.0,14,9,7,2630
37.0,14,9,8,2638
37.0,14,9,9,2646
37.0,14,9,10,2654
37.0,14,9,11,2662
37.0,14,9,12,2670
37.0,14,9,13,2678
37.0,14,9,14,2686
37.0,14,9,15,2694
37.0,14,10,0,2580
37.0,14,10,1,2589
37.0,14,10,2,2597
37.0,14,10,3,2605
37.0,14,10,4,2613
37.0,14,10,5,2622
37.0,14,10,6,2630
37.0,14,10,7,2638
37.0,14,10,8,2646
37.0,14,10,9,2654
37.0,14,10,10,2662
37.0,14,10,11,2670
37.0,14,10,12,2678
37.0,14,10,13,2686
37.0,14,10,14,2694
37.0,14,10,15,2702
37.0,14,11,0,2588
37.0,14,11,1,2597
37.0,14,11,2,2605
37.0,14,11,3,2613
37.0,14,11,4,2622
37.0,14,11,5,2630
37.0,14,11,6,2638
37.0,14,11,7,2646
37.0,14,11,8,2654
37.0,14,11,9,2663
37.0,14,11,10,2671
37.0,14,11,11,2679
37.0,14,11,12,2687
37.0,14,11,13,2695
37.0,14,11,14,2703
37.0,14,11,15,2711
37.0,14,12,0,2597
37.0,14,12,1,2605
37.0,14,12,2,2613
37.0,14,12,3,2622
37.0,14,12,4,2630
37.0,14,12,5,2638
37.0,14,12,6,2646
37.0,14,12,7,2655
37.0,14,12,8,2663
37.0,14,12,9,2671
37.0,14,12,10,2679
37.0,14,12,11,2687
37.0,14,12,12,2695
37.0,14,12,13,2703
37.0,14,12,14,2711
37.0,14,12,15,2719
37.0,14,13,0,2605
37.0,14,13,1,2613
37.0,14,13,2,2621
37.0,14,13,3,2630
37.0,14,13,4,2638
37.0,14,13,5,2646
37.0,14,13,6,2655
37.0,14,13,7,2663
37.0,14,13,8,2671
37.0,14,13,9,2679
37.0,14,13,10,2687
37.0,14,13,11,2695
37.0,14,13,12,2704
37.0,14,13,13,2712
37.0,14,13,14,2720
37.0,14,13,15,2728
37.0,14,14,0,2613
37.0,14,14,1,2621
37.0,14,14,2,2629
37.0,14,14,3,2638
37.0,14,14,4,2646
37.0,14,14,5,2654
37.0,14,14,6,2663
37.0,14,14,7,2671
37.0,14,14,8,2679
37.0,14,14,9,2687
37.0,14,14,10,2696
37.0,14,14,11,2704
37.0,14,14,12,2712
37.0,14,14,13,2720
37.0,14,14,14,2728
37.0,14,14,15,2736
37.0,14,15,0,2621
37.0,14,15,1,2629
37.0,14,15,2,2637
37.0,14,15,3,2646
37.0,14,15,4,2654
37.0,14,15,5,2663
37.0,14,15,6,2671
37.0,14,15,7,2679
37.0,14,15,8,2687
37.0,14,15,9,2696
37.0,14,15,10,2704
37.0,14,15,11,2712
37.0,14,15,12,2720
37.0,14,15,13,2728
37.0,14,15,14,2736
37.0,14,15,15,2745
37.0,15,0,0,2507
37.0,15,0,1,2515
37.0,15,0,2,2523
37.0,15,0,3,2531
37.0,15,0,4,2539
37.0,15,0,5,2547
37.0,15,0,6,2555
37.0,15,0,7,2563
37.0,15,0,8,2571
37.0,15,0,9,2579
37.0,15,0,10,2587
37.0,15,0,11,2594
37.0,15,0,12,2602
37.0,15,0,13,2610
37.0,15,0,14,2618
37.0,15,0,15,2626
37.0,15,1,0,2515
37.0,15,1,1,2523
37.0,15,1,2,2532
37.0,15,1,3,2540
37.0,15,1,4,2548
37.0,15,1,5,2556
37.0,15,1,6,2564
37.0,15,1,7,2572
37.0,15,1,8,2579
37.0,15,1,9,2587
37.0,15,1,10,2595
37.0,15,1,11,2603
37.0,15,1,12,2611
37.0,15,1,13,2619
37.0,15,1,14,2627
37.0,15,1,15,2634
37.0,15,2,0,2524
37.0,15,2,1,2532
37.0,15,2,2,2540
37.0,15,2,3,2548
37.0,15,2,4,2556
37.0,15,2,5,2564
37.0,15,2,6,2572
37.0,15,2,7,2580
37.0,15,2,8,2588
37.0,15,2,9,2596
37.0,15,2,10,2604
37.0,15,2,11,2612
37.0,15,2,12,2620
37.0,15,2,13,2627
37.0,15,2,14,2635
37.0,15,2,15,2643
37.0,15,3,0,2532
37.0,15,3,1,2540
37.0,15,3,2,2548
37.0,15,3,3,2556
37.0,15,3,4,2565
37.0,15,3,5,2573
37.0,15,3,6,2581
37.0,15,3,7,2589
37.0,15,3,8,2597
37.0,15,3,9,2605
37.0,15,3,10,2613
37.0,15,3,11,2620
37.0,15,3,12,2628
37.0,15,3,13,2636
37.0,15,3,14,2644
37.0,15,3,15,2652
37.0,15,4,0,2540
37.0,15,4,1,2549
37.0,15,4,2,2557
37.0,15,4,3,2565
37.0,15,4,4,2573
37.0,15,4,5,2581
37.0,15,4,6,2589
37.0,15,4,7,2597
37.0,15,4,8,2605
37.0,15,4,9,2613
37.0,15,4,10,2621
37.0,15,4,11,2629
37.0,15,4,12,2637
37.0,15,4,13,2645
37.0,15,4,14,2653
37.0,15,4,15,2661
37.0,15,5,0,2549
37.0,15,5,1,2557
37.0,15,5,2,2565
37.0,15,5,3,2573
37.0,15,5,4,2581
37.0,15,5,5,2589
37.0,15,5,6,2598
37.0,15,5,7,2606
37.0,15,5,8,2614
37.0,15,5,9,2622
37.0,15,5,10,2630
37.0,15,5,11,2638
37.0,15,5,12,2646
37.0,15,5,13,2653
37.0,15,5,14,2661
37.0,15,5,15,2669
37.0,15,6,0,2557
37.0,15,6,1,2565
37.0,15,6,2,2573
37.0,15,6,3,2582
37.0,15,6,4,2590
37.0,15,6,5,2598
37.0,15,6,6,2606
37.0,15,6,7,2614
37.0,15,6,8,2622
37.0,15,6,9,2630
37.0,15,6,10,2638
37.0,15,6,11,2646
37.0,15,6,12,2654
37.0,15,6,13,2662
37.0,15,6,14,2670
37.0,15,6,15,2678
37.0,15,7,0,2565
37.0,15,7,1,2573
37.0,15,7,2,2582
37.0,15,7,3,2590
37.0,15,7,4,2598
37.0,15,7,5,2606
37.0,15,7,6,2614
37.0,15,7,7,2622
37.0,15,7,8,2631
37.0,15,7,9,2639
37.0,15,7,10,2647
37.0,15,7,11,2655
37.0,15,7,12,2663
37.0,15,7,13,2671
37.0,15,7,14,2679
37.0,15,7,15,2686
37.0,15,8,0,2573
37.0,15,8,1,2582
37.0,15,8,2,2590
37.0,15,8,3,2598
37.0,15,8,4,2606
37.0,15,8,5,2615
37.0,15,8,6,2623
37.0,15,8,7,2631
37.0,15,8,8,2639
37.0,15,8,9,2647
37.0,15,8,10,2655
37.0,15,8,11,2663
37.0,15,8,12,2671
37.0,15,8,13,2679
37.0,15,8,14,2687
37.0,15,8,15,2695
37.0,15,9,0,2582
37.0,15,9,1,2590
37.0,15,9,2,2598
37.0,15,9,3,2606
37.0,15,9,4,2615
37.0,15,9,5,2623
37.0,15,9,6,2631
37.0,15,9,7,2639
37.0,15,9,8,2647
37.0,15,9,9,2656
37.0,15,9,10,2664
37.0,15,9,11,2672
37.0,15,9,12,2680
37.0,15,9,13,2688
37.0,15,9,14,2696
37.0,15,9,15,2704
37.0,15,10,0,2590
37.0,15,10,1,2598
37.0,15,10,2,2606
37.0,15,10,3,2615
37.0,15,10,4,2623
37.0,15,10,5,2631
37.0,15,10,6,2639
37.0,15,10,7,2648
37.0,15,10,8,2656
37.0,15,10,9,2664
37.0,15,10,10,2672
37.0,15,10,11,2680
37.0,15,10,12,2688
37.0,15,10,13,2696
37.0,15,10,14,2704
37.0,15,10,15,2712
37.0,15,11,0,2598
37.0,15,11,1,2606
37.0,15,11,2,2615
37.0,15,11,3,2623
37.0,15,11,4,2631
37.0,15,11,5,2639
37.0,15,11,6,2648
37.0,15,11,7,2656
37.0,15,11,8,2664
37.0,15,11,9,2672
37.0,15,11,10,2680
37.0,15,11,11,2689
37.0,15,11,12,2697
37.0,15,11,13,2705
37.0,15,11,14,2713
37.0,15,11,15,2721
37.0,15,12,0,2606
37.0,15,12,1,2614
37.0,15,12,2,2623
37.0,15,12,3,2631
37.0,15,12,4,2639
37.0,15,12,5,2648
37.0,15,12,6,2656
37.0,15,12,7,2664
37.0,15,12,8,2672
37.0,15,12,9,2681
37.0,15,12,10,2689
37.0,15,12,11,2697
37.0,15,12,12,2705
37.0,15,12,13,2713
37.0,15,12,14,2721
37.0,15,12,15,2729
37.0,15,13,0,2614
37.0,15,13,1,2622
37.0,15,13,2,2631
37.0,15,13,3,2639
37.0,15,13,4,2648
37.0,15,13,5,2656
37.0,15,13,6,2664
37.0,15,13,7,2672
37.0,15,13,8,2681
37.0,15,13,9,2689
37.0,15,13,10,2697
37.0,15,13,11,2705
37.0,15,13,12,2713
37.0,15,13,13,2722
37.0,15,13,14,2730
37.0,15,13,15,2738
37.0,15,14,0,2622
37.0,15,14,1,2631
37.0,15,14,2,2639
37.0,15,14,3,2647
37.0,15,14,4,2656
37.0,15,14,5,2664
37.0,15,14,6,2672
37.0,15,14,7,2681
37.0,15,14,8,2689
37.0,15,14,9,2697
37.0,15,14,10,2705
37.0,15,14,11,2714
37.0,15,14,12,2722
37.0,15,14,13,2730
37.0,15,14,14,2738
37.0,15,14,15,2746
37.0,15,15,0,2630
37.0,15,15,1,2639
37.0,15,15,2,2647
37.0,15,15,3,2656
37.0,15,15,4,2664
37.0,15,15,5,2672
37.0,15,15,6,2681
37.0,15,15,7,2689
37.0,15,15,8,2697
37.0,15,15,9,2705
37.0,15,15,10,2714
37.0,15,15,11,2722
37.0,15,15,12,2730
37.0,15,15,13,2738
37.0,15,15,14,2746
37.0,15,15,15,2755
37.5,0,0,0,2388
37.5,0,0,1,2396
37.5,0,0,2,2404
37.5,0,0,3,2411
37.5,0,0,4,2419
37.5,0,0,5,2427
37.5,0,0,6,2434
37.5,0,0,7,2442
37.5,0,0,8,2449
37.5,0,0,9,2457
37.5,0,0,10,2464
37.5,0,0,11,2472
37.5,0,0,12,2479
37.5,0,0,13,2487
37.5,0,0,14,2494
37.5,0,0,15,2501
37.5,0,1,0,2396
37.5,0,1,1,2404
37.5,0,1,2,2412
37.5,0,1,3,2419
37.5,0,1,4,2427
37.5,0,1,5,2435
37.5,0,1,6,2442
37.5,0,1,7,2450
37.5,0,1,8,2457
37.5,0,1,9,2465
37.5,0,1,10,2473
37.5,0,1,11,2480
37.5,0,1,12,2487
37.5,0,1,13,2495
37.5,0,1,14,2502
37.5,0,1,15,2510
37.5,0,2,0,2404
37.5,0,2,1,2412
37.5,0,2,2,2420
37.5,0,2,3,2428
37.5,0,2,4,2435
37.5,0,2,5,2443
37.5,0,2,6,2450
37.5,0,2,7,2458
37.5,0,2,8,2466
37.5,0,2,9,2473
37.5,0,2,10,2481
37.5,0,2,11,2488
37.5,0,2,12,2496
37.5,0,2,13,2503
37.5,0,2,14,2511
37.5,0,2,15,2518
37.5,0,3,0,2412
37.5,0,3,1,2420
37.5,0,3,2,2428
37.5,0,3,3,2436
37.5,0,3,4,2443
37.5,0,3,5,2451
37.5,0,3,6,2459
37.5,0,3,7,2466
37.5,0,3,8,2474
37.5,0,3,9,2481
37.5,0,3,10,2489
37.5,0,3,11,2496
37.5,0,3,12,2504
37.5,0,3,13,2511
37.5,0,3,14,2519
37.5,0,3,15,2526
37.5,0,4,0,2420
37.5,0,4,1,2428
37.5,0,4,2,2436
37.5,0,4,3,2444
37.5,0,4,4,2451
37.5,0,4,5,2459
37.5,0,4,6,2467
37.5,0,4,7,2474
37.5,0,4,8,2482
37.5,0,4,9,2490
37.5,0,4,10,2497
37.5,0,4,11,2505
37.5,0,4,12,2512
37.5,0,4,13,2520
37.5,0,4,14,2527
37.5,0,4,15,2535
37.5,0,5,0,2428
37.5,0,5,1,2436
37.5,0,5,2,2444
37.5,0,5,3,2452
37.5,0,5,4,2459
37.5,0,5,5,2467
37.5,0,5,6,2475
37.5,0,5,7,2482
37.5,0,5,8,2490
37.5,0,5,9,2498
37.5,0,5,10,2505
37.5,0,5,11,2513
37.5,0,5,12,2520
37.5,0,5,13,2528
37.5,0,5,14,2535
37.5,0,5,15,2543
37.5,0,6,0,2436
37.5,0,6,1,2444
37.5,0,6,2,2452
37.5,0,6,3,2459
37.5,0,6,4,2467
37.5,0,6,5,2475
37.5,0,6,6,2483
37.5,0,6,7,2490
37.5,0,6,8,2498
37.5,0,6,9,2506
37.5,0,6,10,2513
37.5,0,6,11,2521
37.5,0,6,12,2529
37.5,0,6,13,2536
37.5,0,6,14,2544
37.5,0,6,15,2551
37.5,0,7,0,2444
37.5,0,7,1,2452
37.5,0,7,2,2460
37.5,0,7,3,2467
37.5,0,7,4,2475
37.5,0,7,5,2483
37.5,0,7,6,2491
37.5,0,7,7,2498
37.5,0,7,8,2506
37.5,0,7,9,2514
37.5,0,7,10,2521
37.5,0,7,11,2529
37.5,0,7,12,2537
37.5,0,7,13,2544
37.5,0,7,14,2552
37.5,0,7,15,2559
37.5,0,8,0,2452
37.5,0,8,1,2460
37.5,0,8,2,2467
37.5,0,8,3,2475
37.5,0,8,4,2483
37.5,0,8,5,2491
37.5,0,8,6,2499
37.5,0,8,7,2506
37.5,0,8,8,2514
37.5,0,8,9,2522
37.5,0,8,10,2530
37.5,0,8,11,2537
37.5,0,8,12,2545
37.5,0,8,13,2552
37.5,0,8,14,2560
37.5,0,8,15,2568
37.5,0,9,0,2459
37.5,0,9,1,2467
37.5,0,9,2,2475
37.5,0,9,3,2483
37.5,0,9,4,2491
37.5,0,9,5,2499
37.5,0,9,6,2507
37.5,0,9,7,2514
37.5,0,9,8,2522
37.5,0,9,9,2530
37.5,0,9,10,2538
37.5,0,9,11,2545
37.5,0,9,12,2553
37.5,0,9,13,2561
37.5,0,9,14,2568
37.5,0,9,15,2576
37.5,0,10,0,2467
37.5,0,10,1,2475
37.5,0,10,2,2483
37.5,0,10,3,2491
37.5,0,10,4,2499
37.5,0,10,5,2507
37.5,0,10,6,2515
37.5,0,10,7,2522
37.5,0,10,8,2530
37.5,0,10,9,2538
37.5,0,10,10,2546
37.5,0,10,11,2553
37.5,0,10,12,2561
37.5,0,10,13,2569
37.5,0,10,14,2576
37.5,0,10,15,2584
37.5,0,11,0,2475
37.5,0,11,1,2483
37.5,0,11,2,2491
37.5,0,11,3,2499
37.5,0,11,4,2507
37.5,0,11,5,2515
37.5,0,11,6,2522
37.5,0,11,7,2530
37.5,0,11,8,2538
37.5,0,11,9,2546
37.5,0,11,10,2554
37.5,0,11,11,2561
37.5,0,11,12,2569
37.5,0,11,13,2577
37.5,0,11,14,2584
37.5,0,11,15,2592
37.5,0,12,0,2483
37.5,0,12,1,2491
37.5,0,12,2,2499
37.5,0,12,3,2507
37.5,0,12,4,2515
37.5,0,12,5,2522
37.5,0,12,6,2530
37.5,0,12,7,2538
37.5,0,12,8,2546
37.5,0,12,9,2554
37.5,0,12,10,2562
37.5,0,12,11,2569
37.5,0,12,12,2577
37.5,0,12,13,2585
37.5,0,12,14,2592
37.5,0,12,15,2600
37.5,0,13,0,2490
37.5,0,13,1,2498
37.5,0,13,2,2506
37.5,0,13,3,2514
37.5,0,13,4,2522
37.5,0,13,5,2530
37.5,0,13,6,2538
37.5,0,13,7,2546
37.5,0,13,8,2554
37.5,0,13,9,2562
37.5,0,13,10,2570
37.5,0,13,11,2577
37.5,0,13,12,2585
37.5,0,13,13,2593
37.5,0,13,14,2600
37.5,0,13,15,2608
37.5,0,14,0,2498
37.5,0,14,1,2506
37.5,0,14,2,2514
37.5,0,14,3,2522
37.5,0,14,4,2530
37.5,0,14,5,2538
37.5,0,14,6,2546
37.5,0,14,7,2554
37.5,0,14,8,2562
37.5,0,14,9,2570
37.5,0,14,10,2577
37.5,0,14,11,2585
37.5,0,14,12,2593
37.5,0,14,13,2601
37.5,0,14,14,2608
37.5,0,14,15,2616
37.5,0,15,0,2506
37.5,0,15,1,2514
37.5,0,15,2,2522
37.5,0,15,3,2530
37.5,0,15,4,2538
37.5,0,15,5,2546
37.5,0,15,6,2554
37.5,0,15,7,2562
37.5,0,15,8,2570
37.5,0,15,9,2577
37.5,0,15,10,2585
37.5,0,15,11,2593
37.5,0,15,12,2601
37.5,0,15,13,2609
37.5,0,15,14,2616
37.5,0,15,15,2624
37.5,1,0,0,2398
37.5,1,0,1,2405
37.5,1,0,2,2413
37.5,1,0,3,2421
37.5,1,0,4,2428
37.5,1,0,5,2436
37.5,1,0,6,2444
37.5,1,0,7,2451
37.5,1,0,8,2459
37.5,1,0,9,2466
37.5,1,0,10,2474
37.5,1,0,11,2481
37.5,1,0,12,2489
37.5,1,0,13,2496
37.5,1,0,14,2503
37.5,1,0,15,2511
37.5,1,1,0,2406
37.5,1,1,1,2413
37.5,1,1,2,2421
37.5,1,1,3,2429
37.5,1,1,4,2436
37.5,1,1,5,2444
37.5,1,1,6,2452
37.5,1,1,7,2459
37.5,1,1,8,2467
37.5,1,1,9,2474
37.5,1,1,10,2482
37.5,1,1,11,2489
37.5,1,1,12,2497
37.5,1,1,13,2504
37.5,1,1,14,2512
37.5,1,1,15,2519
37.5,1,2,0,2414
37.5,1,2,1,2421
37.5,1,2,2,2429
37.5,1,2,3,2437
37.5,1,2,4,2445
37.5,1,2,5,2452
37.5,1,2,6,2460
37.5,1,2,7,2467
37.5,1,2,8,2475
37.5,1,2,9,2483
37.5,1,2,10,2490
37.5,1,2,11,2498
37.5,1,2,12,2505
37.5,1,2,13,2513
37.5,1,2,14,2520
37.5,1,2,15,2528
37.5,1,3,0,2422
37.5,1,3,1,2429
37.5,1,3,2,2437
37.5,1,3,3,2445
37.5,1,3,4,2453
37.5,1,3,5,2460
37.5,1,3,6,2468
37.5,1,3,7,2476
37.5,1,3,8,2483
37.5,1,3,9,2491
37.5,1,3,10,2498
37.5,1,3,11,2506
37.5,1,3,12,2514
37.5,1,3,13,2521
37.5,1,3,14,2529
37.5,1,3,15,2536
37.5,1,4,0,2430
37.5,1,4,1,2437
37.5,1,4,2,2445
37.5,1,4,3,2453
37.5,1,4,4,2461
37.5,1,4,5,2468
37.5,1,4,6,2476
37.5,1,4,7,2484
37.5,1,4,8,2491
37.5,1,4,9,2499
37.5,1,4,10,2507
37.5,1,4,11,2514
37.5,1,4,12,2522
37.5,1,4,13,2529
37.5,1,4,14,2537
37.5,1,4,15,2544
37.5,1,5,0,2437
37.5,1,5,1,2445
37.5,1,5,2,2453
37.5,1,5,3,2461
37.5,1,5,4,2469
37.5,1,5,5,2476
37.5,1,5,6,2484
37.5,1,5,7,2492
37.5,1,5,8,2500
37.5,1,5,9,2507
37.5,1,5,10,2515
37.5,1,5,11,2522
37.5,1,5,12,2530
37.5,1,5,13,2538
37.5,1,5,14,2545
37.5,1,5,15,2553
37.5,1,6,0,2445
37.5,1,6,1,2453
37.5,1,6,2,2461
37.5,1,6,3,2469
37.5,1,6,4,2477
37.5,1,6,5,2484
37.5,1,6,6,2492
37.5,1,6,7,2500
37.5,1,6,8,2508
37.5,1,6,9,2515
37.5,1,6,10,2523
37.5,1,6,11,2531
37.5,1,6,12,2538
37.5,1,6,13,2546
37.5,1,6,14,2553
37.5,1,6,15,2561
37.5,1,7,0,2453
37.5,1,7,1,2461
37.5,1,7,2,2469
37.5,1,7,3,2477
37.5,1,7,4,2485
37.5,1,7,5,2492
37.5,1,7,6,2500
37.5,1,7,7,2508
37.5,1,7,8,2516
37.5,1,7,9,2523
37.5,1,7,10,2531
37.5,1,7,11,2539
37.5,1,7,12,2546
37.5,1,7,13,2554
37.5,1,7,14,2562
37.5,1,7,15,2569
37.5,1,8,0,2461
37.5,1,8,1,2469
37.5,1,8,2,2477
37.5,1,8,3,2485
37.5,1,8,4,2493
37.5,1,8,5,2500
37.5,1,8,6,2508
37.5,1,8,7,2516
37.5,1,8,8,2524
37.5,1,8,9,2532
37.5,1,8,10,2539
37.5,1,8,11,2547
37.5,1,8,12,2555
37.5,1,8,13,2562
37.5,1,8,14,2570
37.5,1,8,15,2577
37.5,1,9,0,2469
37.5,1,9,1,2477
37.5,1,9,2,2485
37.5,1,9,3,2493
37.5,1,9,4,2501
37.5,1,9,5,2508
37.5,1,9,6,2516
37.5,1,9,7,2524
37.5,1,9,8,2532
37.5,1,9,9,2540
37.5,1,9,10,2547
37.5,1,9,11,2555
37.5,1,9,12,2563
37.5,1,9,13,2570
37.5,1,9,14,2578
37.5,1,9,15,2586
37.5,1,10,0,2477
37.5,1,10,1,2485
37.5,1,10,2,2493
37.5,1,10,3,2501
37.5,1,10,4,2508
37.5,1,10,5,2516
37.5,1,10,6,2524
37.5,1,10,7,2532
37.5,1,10,8,2540
37.5,1,10,9,2548
37.5,1,10,10,2555
37.5,1,10,11,2563
37.5,1,10,12,2571
37.5,1,10,13,2578
37.5,1,10,14,2586
37.5,1,10,15,2594
37.5,1,11,0,2484
37.5,1,11,1,2492
37.5,1,11,2,2500
37.5,1,11,3,2508
37.5,1,11,4,2516
37.5,1,11,5,2524
37.5,1,11,6,2532
37.5,1,11,7,2540
37.5,1,11,8,2548
37.5,1,11,9,2556
37.5,1,11,10,2563
37.5,1,11,11,2571
37.5,1,11,12,2579
37.5,1,11,13,2587
37.5,1,11,14,2594
37.5,1,11,15,2602
37.5,1,12,0,2492
37.5,1,12,1,2500
37.5,1,12,2,2508
37.5,1,12,3,2516
37.5,1,12,4,2524
37.5,1,12,5,2532
37.5,1,12,6,2540
37.5,1,12,7,2548
37.5,1,12,8,2556
37.5,1,12,9,2564
37.5,1,12,10,2571
37.5,1,12,11,2579
37.5,1,12,12,2587
37.5,1,12,13,2595
37.5,1,12,14,2602
37.5,1,12,15,2610
37.5,1,13,0,2500
37.5,1,13,1,2508
37.5,1,13,2,2516
37.5,1,13,3,2524
37.5,1,13,4,2532
37.5,1,13,5,2540
37.5,1,13,6,2548
37.5,1,13,7,2556
37.5,1,13,8,2564
37.5,1,13,9,2572
37.5,1,13,10,2579
37.5,1,13,11,2587
37.5,1,13,12,2595
37.5,1,13,13,2603
37.5,1,13,14,2610
37.5,1,13,15,2618
37.5,1,14,0,2508
37.5,1,14,1,2516
37.5,1,14,2,2524
37.5,1,14,3,2532
37.5,1,14,4,2540
37.5,1,14,5,2548
37.5,1,14,6,2556
37.5,1,14,7,2564
37.5,1,14,8,2572
37.5,1,14,9,2579
37.5,1,14,10,2587
37.5,1,14,11,2595
37.5,1,14,12,2603
37.5,1,14,13,2611
37.5,1,14,14,2618
37.5,1,14,15,2626
37.5,1,15,0,2515
37.5,1,15,1,2523
37.5,1,15,2,2532
37.5,1,15,3,2540
37.5,1,15,4,2548
37.5,1,15,5,2556
37.5,1,15,6,2564
37.5,1,15,7,2572
37.5,1,15,8,2579
37.5,1,15,9,2587
37.5,1,15,10,2595
37.5,1,15,11,2603
37.5,1,15,12,2611
37.5,1,15,13,2619
37.5,1,15,14,2627
37.5,1,15,15,2634
37.5,2,0,0,2407
37.5,2,0,1,2414
37.5,2,0,2,2422
37.5,2,0,3,2430
37.5,2,0,4,2438
37.5,2,0,5,2445
37.5,2,0,6,2453
37.5,2,0,7,2460
37.5,2,0,8,2468
37.5,2,0,9,2476
37.5,2,0,10,2483
37.5,2,0,11,2491
37.5,2,0,12,2498
37.5,2,0,13,2506
37.5,2,0,14,2513
37.5,2,0,15,2520
37.5,2,1,0,2415
37.5,2,1,1,2423
37.5,2,1,2,2430
37.5,2,1,3,2438
37.5,2,1,4,2446
37.5,2,1,5,2453
37.5,2,1,6,2461
37.5,2,1,7,2469
37.5,2,1,8,2476
37.5,2,1,9,2484
37.5,2,1,10,2491
37.5,2,1,11,2499
37.5,2,1,12,2507
37.5,2,1,13,2514
37.5,2,1,14,2521
37.5,2,1,15,2529
37.5,2,2,0,2423
37.5,2,2,1,2431
37.5,2,2,2,2438
37.5,2,2,3,2446
37.5,2,2,4,2454
37.5,2,2,5,2462
37.5,2,2,6,2469
37.5,2,2,7,2477
37.5,2,2,8,2485
37.5,2,2,9,2492
37.5,2,2,10,2500
37.5,2,2,11,2507
37.5,2,2,12,2515
37.5,2,2,13,2522
37.5,2,2,14,2530
37.5,2,2,15,2537
37.5,2,3,0,2431
37.5,2,3,1,2439
37.5,2,3,2,2446
37.5,2,3,3,2454
37.5,2,3,4,2462
37.5,2,3,5,2470
37.5,2,3,6,2477
37.5,2,3,7,2485
37.5,2,3,8,2493
37.5,2,3,9,2500
37.5,2,3,10,2508
37.5,2,3,11,2516
37.5,2,3,12,2523
37.5,2,3,13,2531
37.5,2,3,14,2538
37.5,2,3,15,2546
37.5,2,4,0,2439
37.5,2,4,1,2447
37.5,2,4,2,2454
37.5,2,4,3,2462
37.5,2,4,4,2470
37.5,2,4,5,2478
37.5,2,4,6,2486
37.5,2,4,7,2493
37.5,2,4,8,2501
37.5,2,4,9,2509
37.5,2,4,10,2516
37.5,2,4,11,2524
37.5,2,4,12,2531
37.5,2,4,13,2539
37.5,2,4,14,2547
37.5,2,4,15,2554
37.5,2,5,0,2447
37.5,2,5,1,2455
37.5,2,5,2,2462
37.5,2,5,3,2470
37.5,2,5,4,2478
37.5,2,5,5,2486
37.5,2,5,6,2494
37.5,2,5,7,2501
37.5,2,5,8,2509
37.5,2,5,9,2517
37.5,2,5,10,2524
37.5,2,5,11,2532
37.5,2,5,12,2540
37.5,2,5,13,2547
37.5,2,5,14,2555
37.5,2,5,15,2562
37.5,2,6,0,2455
37.5,2,6,1,2463
37.5,2,6,2,2470
37.5,2,6,3,2478
37.5,2,6,4,2486
37.5,2,6,5,2494
37.5,2,6,6,2502
37.5,2,6,7,2510
37.5,2,6,8,2517
37.5,2,6,9,2525
37.5,2,6,10,2533
37.5,2,6,11,2540
37.5,2,6,12,2548
37.5,2,6,13,2556
37.5,2,6,14,2563
37.5,2,6,15,2571
37.5,2,7,0,2463
37.5,2,7,1,2471
37.5,2,7,2,2478
37.5,2,7,3,2486
37.5,2,7,4,2494
37.5,2,7,5,2502
37.5,2,7,6,2510
37.5,2,7,7,2518
37.5,2,7,8,2525
37.5,2,7,9,2533
37.5,2,7,10,2541
37.5,2,7,11,2548
37.5,2,7,12,2556
37.5,2,7,13,2564
37.5,2,7,14,2571
37.5,2,7,15,2579
37.5,2,8,0,2470
37.5,2,8,1,2478
37.5,2,8,2,2486
37.5,2,8,3,2494
37.5,2,8,4,2502
37.5,2,8,5,2510
37.5,2,8,6,2518
37.5,2,8,7,2526
37.5,2,8,8,2533
37.5,2,8,9,2541
37.5,2,8,10,2549
37.5,2,8,11,2557
37.5,2,8,12,2564
37.5,2,8,13,2572
37.5,2,8,14,2580
37.5,2,8,15,2587
37.5,2,9,0,2478
37.5,2,9,1,2486
37.5,2,9,2,2494
37.5,2,9,3,2502
37.5,2,9,4,2510
37.5,2,9,5,2518
37.5,2,9,6,2526
37.5,2,9,7,2534
37.5,2,9,8,2541
37.5,2,9,9,2549
37.5,2,9,10,2557
37.5,2,9,11,2565
37.5,2,9,12,2572
37.5,2,9,13,2580
37.5,2,9,14,2588
37.5,2,9,15,2596
37.5,2,10,0,2486
37.5,2,10,1,2494
37.5,2,10,2,2502
37.5,2,10,3,2510
37.5,2,10,4,2518
37.5,2,10,5,2526
37.5,2,10,6,2534
37.5,2,10,7,2542
37.5,2,10,8,2550
37.5,2,10,9,2557
37.5,2,10,10,2565
37.5,2,10,11,2573
37.5,2,10,12,2581
37.5,2,10,13,2588
37.5,2,10,14,2596
37.5,2,10,15,2604
37.5,2,11,0,2494
37.5,2,11,1,2502
37.5,2,11,2,2510
37.5,2,11,3,2518
37.5,2,11,4,2526
37.5,2,11,5,2534
37.5,2,11,6,2542
37.5,2,11,7,2550
37.5,2,11,8,2558
37.5,2,11,9,2565
37.5,2,11,10,2573
37.5,2,11,11,2581
37.5,2,11,12,2589
37.5,2,11,13,2596
37.5,2,11,14,2604
37.5,2,11,15,2612
37.5,2,12,0,2502
37.5,2,12,1,2510
37.5,2,12,2,2518
37.5,2,12,3,2526
37.5,2,12,4,2534
37.5,2,12,5,2542
37.5,2,12,6,2550
37.5,2,12,7,2558
37.5,2,12,8,2566
37.5,2,12,9,2573
37.5,2,12,10,2581
37.5,2,12,11,2589
37.5,2,12,12,2597
37.5,2,12,13,2605
37.5,2,12,14,2612
37.5,2,12,15,2620
37.5,2,13,0,2510
37.5,2,13,1,2518
37.5,2,13,2,2526
37.5,2,13,3,2534
37.5,2,13,4,2542
37.5,2,13,5,2550
37.5,2,13,6,2558
37.5,2,13,7,2566
37.5,2,13,8,2573
37.5,2,13,9,2581
37.5,2,13,10,2589
37.5,2,13,11,2597
37.5,2,13,12,2605
37.5,2,13,13,2613
37.5,2,13,14,2620
37.5,2,13,15,2628
37.5,2,14,0,2517
37.5,2,14,1,2525
37.5,2,14,2,2533
37.5,2,14,3,2541
37.5,2,14,4,2550
37.5,2,14,5,2558
37.5,2,14,6,2566
37.5,2,14,7,2573
37.5,2,14,8,2581
37.5,2,14,9,2589
37.5,2,14,10,2597
37.5,2,14,11,2605
37.5,2,14,12,2613
37.5,2,14,13,2621
37.5,2,14,14,2628
37.5,2,14,15,2636
37.5,2,15,0,2525
37.5,2,15,1,2533
37.5,2,15,2,2541
37.5,2,15,3,2549
37.5,2,15,4,2557
37.5,2,15,5,2565
37.5,2,15,6,2573
37.5,2,15,7,2581
37.5,2,15,8,2589
37.5,2,15,9,2597
37.5,2,15,10,2605
37.5,2,15,11,2613
37.5,2,15,12,2621
37.5,2,15,13,2629
37.5,2,15,14,2637
37.5,2,15,15,2644
37.5,3,0,0,2416
37.5,3,0,1,2424
37.5,3,0,2,2431
37.5,3,0,3,2439
37.5,3,0,4,2447
37.5,3,0,5,2455
37.5,3,0,6,2462
37.5,3,0,7,2470
37.5,3,0,8,2477
37.5,3,0,9,2485
37.5,3,0,10,2493
37.5,3,0,11,2500
37.5,3,0,12,2508
37.5,3,0,13,2515
37.5,3,0,14,2523
37.5,3,0,15,2530
37.5,3,1,0,2424
37.5,3,1,1,2432
37.5,3,1,2,2440
37.5,3,1,3,2447
37.5,3,1,4,2455
37.5,3,1,5,2463
37.5,3,1,6,2470
37.5,3,1,7,2478
37.5,3,1,8,2486
37.5,3,1,9,2493
37.5,3,1,10,2501
37.5,3,1,11,2508
37.5,3,1,12,2516
37.5,3,1,13,2524
37.5,3,1,14,2531
37.5,3,1,15,2539
37.5,3,2,0,2432
37.5,3,2,1,2440
37.5,3,2,2,2448
37.5,3,2,3,2455
37.5,3,2,4,2463
37.5,3,2,5,2471
37.5,3,2,6,2479
37.5,3,2,7,2486
37.5,3,2,8,2494
37.5,3,2,9,2502
37.5,3,2,10,2509
37.5,3,2,11,2517
37.5,3,2,12,2524
37.5,3,2,13,2532
37.5,3,2,14,2539
37.5,3,2,15,2547
37.5,3,3,0,2440
37.5,3,3,1,2448
37.5,3,3,2,2456
37.5,3,3,3,2464
37.5,3,3,4,2471
37.5,3,3,5,2479
37.5,3,3,6,2487
37.5,3,3,7,2495
37.5,3,3,8,2502
37.5,3,3,9,2510
37.5,3,3,10,2518
37.5,3,3,11,2525
37.5,3,3,12,2533
37.5,3,3,13,2540
37.5,3,3,14,2548
37.5,3,3,15,2555
37.5,3,4,0,2448
37.5,3,4,1,2456
37.5,3,4,2,2464
37.5,3,4,3,2472
37.5,3,4,4,2479
37.5,3,4,5,2487
37.5,3,4,6,2495
37.5,3,4,7,2503
37.5,3,4,8,2510
37.5,3,4,9,2518
37.5,3,4,10,2526
37.5,3,4,11,2533
37.5,3,4,12,2541
37.5,3,4,13,2549
37.5,3,4,14,2556
37.5,3,4,15,2564
37.5,3,5,0,2456
37.5,3,5,1,2464
37.5,3,5,2,2472
37.5,3,5,3,2480
37.5,3,5,4,2488
37.5,3,5,5,2495
37.5,3,5,6,2503
37.5,3,5,7,2511
37.5,3,5,8,2519
37.5,3,5,9,2526
37.5,3,5,10,2534
37.5,3,5,11,2542
37.5,3,5,12,2549
37.5,3,5,13,2557
37.5,3,5,14,2565
37.5,3,5,15,2572
37.5,3,6,0,2464
37.5,3,6,1,2472
37.5,3,6,2,2480
37.5,3,6,3,2488
37.5,3,6,4,2496
37.5,3,6,5,2503
37.5,3,6,6,2511
37.5,3,6,7,2519
37.5,3,6,8,2527
37.5,3,6,9,2535
37.5,3,6,10,2542
37.5,3,6,11,2550
37.5,3,6,12,2558
37.5,3,6,13,2565
37.5,3,6,14,2573
37.5,3,6,15,2581
37.5,3,7,0,2472
37.5,3,7,1,2480
37.5,3,7,2,2488
37.5,3,7,3,2496
37.5,3,7,4,2504
37.5,3,7,5,2512
37.5,3,7,6,2519
37.5,3,7,7,2527
37.5,3,7,8,2535
37.5,3,7,9,2543
37.5,3,7,10,2550
37.5,3,7,11,2558
37.5,3,7,12,2566
37.5,3,7,13,2574
37.5,3,7,14,2581
37.5,3,7,15,2589
37.5,3,8,0,2480
37.5,3,8,1,2488
37.5,3,8,2,2496
37.5,3,8,3,2504
37.5,3,8,4,2512
37.5,3,8,5,2520
37.5,3,8,6,2527
37.5,3,8,7,2535
37.5,3,8,8,2543
37.5,3,8,9,2551
37.5,3,8,10,2559
37.5,3,8,11,2566
37.5,3,8,12,2574
37.5,3,8,13,2582
37.5,3,8,14,2589
37.5,3,8,15,2597
37.5,3,9,0,2488
37.5,3,9,1,2496
37.5,3,9,2,2504
37.5,3,9,3,2512
37.5,3,9,4,2520
37.5,3,9,5,2528
37.5,3,9,6,2535
37.5,3,9,7,2543
37.5,3,9,8,2551
37.5,3,9,9,2559
37.5,3,9,10,2567
37.5,3,9,11,2575
37.5,3,9,12,2582
37.5,3,9,13,2590
37.5,3,9,14,2598
37.5,3,9,15,2605
37.5,3,10,0,2496
37.5,3,10,1,2504
37.5,3,10,2,2512
37.5,3,10,3,2520
37.5,3,10,4,2528
37.5,3,10,5,2536
37.5,3,10,6,2543
37.5,3,10,7,2551
37.5,3,10,8,2559
37.5,3,10,9,2567
37.5,3,10,10,2575
37.5,3,10,11,2583
37.5,3,10,12,2590
37.5,3,10,13,2598
37.5,3,10,14,2606
37.5,3,10,15,2614
37.5,3,11,0,2503
37.5,3,11,1,2512
37.5,3,11,2,2520
37.5,3,11,3,2528
37.5,3,11,4,2536
37.5,3,11,5,2544
37.5,3,11,6,2551
37.5,3,11,7,2559
37.5,3,11,8,2567
37.5,3,11,9,2575
37.5,3,11,10,2583
37.5,3,11,11,2591
37.5,3,11,12,2599
37.5,3,11,13,2606
37.5,3,11,14,2614
37.5,3,11,15,2622
37.5,3,12,0,2511
37.5,3,12,1,2519
37.5,3,12,2,2527
37.5,3,12,3,2535
37.5,3,12,4,2543
37.5,3,12,5,2551
37.5,3,12,6,2559
37.5,3,12,7,2567
37.5,3,12,8,2575
37.5,3,12,9,2583
37.5,3,12,10,2591
37.5,3,12,11,2599
37.5,3,12,12,2607
37.5,3,12,13,2614
37.5,3,12,14,2622
37.5,3,12,15,2630
37.5,3,13,0,2519
37.5,3,13,1,2527
37.5,3,13,2,2535
37.5,3,13,3,2543
37.5,3,13,4,2551
37.5,3,13,5,2559
37.5,3,13,6,2567
37.5,3,13,7,2575
37.5,3,13,8,2583
37.5,3,13,9,2591
37.5,3,13,10,2599
37.5,3,13,11,2607
37.5,3,13,12,2615
37.5,3,13,13,2623
37.5,3,13,14,2630
37.5,3,13,15,2638
37.5,3,14,0,2527
37.5,3,14,1,2535
37.5,3,14,2,2543
37.5,3,14,3,2551
37.5,3,14,4,2559
37.5,3,14,5,2567
37.5,3,14,6,2575
37.5,3,14,7,2583
37.5,3,14,8,2591
37.5,3,14,9,2599
37.5,3,14,10,2607
37.5,3,14,11,2615
37.5,3,14,12,2623
37.5,3,14,13,2631
37.5,3,14,14,2638
37.5,3,14,15,2646
37.5,3,15,0,2535
37.5,3,15,1,2543
37.5,3,15,2,2551
37.5,3,15,3,2559
37.5,3,15,4,2567
37.5,3,15,5,2575
37.5,3,15,6,2583
37.5,3,15,7,2591
37.5,3,15,8,2599
37.5,3,15,9,2607
37.5,3,15,10,2615
37.5,3,15,11,2623
37.5,3,15,12,2631
37.5,3,15,13,2639
37.5,3,15,14,2647
37.5,3,15,15,2654
37.5,4,0,0,2425
37.5,4,0,1,2433
37.5,4,0,2,2441
37.5,4,0,3,2448
37.5,4,0,4,2456
37.5,4,0,5,2464
37.5,4,0,6,2471
37.5,4,0,7,2479
37.5,4,0,8,2487
37.5,4,0,9,2494
37.5,4,0,10,2502
37.5,4,0,11,2510
37.5,4,0,12,2517
37.5,4,0,13,2525
37.5,4,0,14,2532
37.5,4,0,15,2540
37.5,4,1,0,2433
37.5,4,1,1,2441
37.5,4,1,2,2449
37.5,4,1,3,2457
37.5,4,1,4,2464
37.5,4,1,5,2472
37.5,4,1,6,2480
37.5,4,1,7,2487
37.5,4,1,8,2495
37.5,4,1,9,2503
37.5,4,1,10,2510
37.5,4,1,11,2518
37.5,4,1,12,2526
37.5,4,1,13,2533
37.5,4,1,14,2541
37.5,4,1,15,2548
37.5,4,2,0,2441
37.5,4,2,1,2449
37.5,4,2,2,2457
37.5,4,2,3,2465
37.5,4,2,4,2473
37.5,4,2,5,2480
37.5,4,2,6,2488
37.5,4,2,7,2496
37.5,4,2,8,2503
37.5,4,2,9,2511
37.5,4,2,10,2519
37.5,4,2,11,2526
37.5,4,2,12,2534
37.5,4,2,13,2542
37.5,4,2,14,2549
37.5,4,2,15,2557
37.5,4,3,0,2449
37.5,4,3,1,2457
37.5,4,3,2,2465
37.5,4,3,3,2473
37.5,4,3,4,2481
37.5,4,3,5,2488
37.5,4,3,6,2496
37.5,4,3,7,2504
37.5,4,3,8,2512
37.5,4,3,9,2519
37.5,4,3,10,2527
37.5,4,3,11,2535
37.5,4,3,12,2542
37.5,4,3,13,2550
37.5,4,3,14,2558
37.5,4,3,15,2565
37.5,4,4,0,2457
37.5,4,4,1,2465
37.5,4,4,2,2473
37.5,4,4,3,2481
37.5,4,4,4,2489
37.5,4,4,5,2497
37.5,4,4,6,2504
37.5,4,4,7,2512
37.5,4,4,8,2520
37.5,4,4,9,2528
37.5,4,4,10,2535
37.5,4,4,11,2543
37.5,4,4,12,2551
37.5,4,4,13,2558
37.5,4,4,14,2566
37.5,4,4,15,2574
37.5,4,5,0,2465
37.5,4,5,1,2473
37.5,4,5,2,2481
37.5,4,5,3,2489
37.5,4,5,4,2497
37.5,4,5,5,2505
37.5,4,5,6,2513
37.5,4,5,7,2520
37.5,4,5,8,2528
37.5,4,5,9,2536
37.5,4,5,10,2544
37.5,4,5,11,2551
37.5,4,5,12,2559
37.5,4,5,13,2567
37.5,4,5,14,2574
37.5,4,5,15,2582
37.5,4,6,0,2473
37.5,4,6,1,2481
37.5,4,6,2,2489
37.5,4,6,3,2497
37.5,4,6,4,2505
37.5,4,6,5,2513
37.5,4,6,6,2521
37.5,4,6,7,2529
37.5,4,6,8,2536
37.5,4,6,9,2544
37.5,4,6,10,2552
37.5,4,6,11,2560
37.5,4,6,12,2567
37.5,4,6,13,2575
37.5,4,6,14,2583
37.5,4,6,15,2590
37.5,4,7,0,2481
37.5,4,7,1,2489
37.5,4,7,2,2497
37.5,4,7,3,2505
37.5,4,7,4,2513
37.5,4,7,5,2521
37.5,4,7,6,2529
37.5,4,7,7,2537
37.5,4,7,8,2545
37.5,4,7,9,2552
37.5,4,7,10,2560
37.5,4,7,11,2568
37.5,4,7,12,2576
37.5,4,7,13,2583
37.5,4,7,14,2591
37.5,4,7,15,2599
37.5,4,8,0,2489
37.5,4,8,1,2497
37.5,4,8,2,2505
37.5,4,8,3,2513
37.5,4,8,4,2521
37.5,4,8,5,2529
37.5,4,8,6,2537
37.5,4,8,7,2545
37.5,4,8,8,2553
37.5,4,8,9,2561
37.5,4,8,10,2568
37.5,4,8,11,2576
37.5,4,8,12,2584
37.5,4,8,13,2592
37.5,4,8,14,2599
37.5,4,8,15,2607
37.5,4,9,0,2497
37.5,4,9,1,2505
37.5,4,9,2,2513
37.5,4,9,3,2521
37.5,4,9,4,2529
37.5,4,9,5,2537
37.5,4,9,6,2545
37.5,4,9,7,2553
37.5,4,9,8,2561
37.5,4,9,9,2569
37.5,4,9,10,2576
37.5,4,9,11,2584
37.5,4,9,12,2592
37.5,4,9,13,2600
37.5,4,9,14,2608
37.5,4,9,15,2615
37.5,4,10,0,2505
37.5,4,10,1,2513
37.5,4,10,2,2521
37.5,4,10,3,2529
37.5,4,10,4,2537
37.5,4,10,5,2545
37.5,4,10,6,2553
37.5,4,10,7,2561
37.5,4,10,8,2569
37.5,4,10,9,2577
37.5,4,10,10,2585
37.5,4,10,11,2592
37.5,4,10,12,2600
37.5,4,10,13,2608
37.5,4,10,14,2616
37.5,4,10,15,2624
37.5,4,11,0,2513
37.5,4,11,1,2521
37.5,4,11,2,2529
37.5,4,11,3,2537
37.5,4,11,4,2545
37.5,4,11,5,2553
37.5,4,11,6,2561
37.5,4,11,7,2569
37.5,4,11,8,2577
37.5,4,11,9,2585
37.5,4,11,10,2593
37.5,4,11,11,2601
37.5,4,11,12,2608
37.5,4,11,13,2616
37.5,4,11,14,2624
37.5,4,11,15,2632
37.5,4,12,0,2521
37.5,4,12,1,2529
37.5,4,12,2,2537
37.5,4,12,3,2545
37.5,4,12,4,2553
37.5,4,12,5,2561
37.5,4,12,6,2569
37.5,4,12,7,2577
37.5,4,12,8,2585
37.5,4,12,9,2593
37.5,4,12,10,2601
37.5,4,12,11,2609
37.5,4,12,12,2617
37.5,4,12,13,2624
37.5,4,12,14,2632
37.5,4,12,15,2640
37.5,4,13,0,2529
37.5,4,13,1,2537
37.5,4,13,2,2545
37.5,4,13,3,2553
37.5,4,13,4,2561
37.5,4,13,5,2569
37.5,4,13,6,2577
37.5,4,13,7,2585
37.5,4,13,8,2593
37.5,4,13,9,2601
37.5,4,13,10,2609
37.5,4,13,11,2617
37.5,4,13,12,2625
37.5,4,13,13,2633
37.5,4,13,14,2640
37.5,4,13,15,2648
37.5,4,14,0,2536
37.5,4,14,1,2545
37.5,4,14,2,2553
37.5,4,14,3,2561
37.5,4,14,4,2569
37.5,4,14,5,2577
37.5,4,14,6,2585
37.5,4,14,7,2593
37.5,4,14,8,2601
37.5,4,14,9,2609
37.5,4,14,10,2617
37.5,4,14,11,2625
37.5,4,14,12,2633
37.5,4,14,13,2641
37.5,4,14,14,2648
37.5,4,14,15,2656
37.5,4,15,0,2544
37.5,4,15,1,2552
37.5,4,15,2,2561
37.5,4,15,3,2569
37.5,4,15,4,2577
37.5,4,15,5,2585
37.5,4,15,6,2593
37.5,4,15,7,2601
37.5,4,15,8,2609
37.5,4,15,9,2617
37.5,4,15,10,2625
37.5,4,15,11,2633
37.5,4,15,12,2641
37.5,4,15,13,2649
37.5,4,15,14,2657
37.5,4,15,15,2664
37.5,5,0,0,2434
37.5,5,0,1,2442
37.5,5,0,2,2450
37.5,5,0,3,2458
37.5,5,0,4,2465
37.5,5,0,5,2473
37.5,5,0,6,2481
37.5,5,0,7,2489
37.5,5,0,8,2496
37.5,5,0,9,2504
37.5,5,0,10,2511
37.5,5,0,11,2519
37.5,5,0,12,2527
37.5,5,0,13,2534
37.5,5,0,14,2542
37.5,5,0,15,2549
37.5,5,1,0,2442
37.5,5,1,1,2450
37.5,5,1,2,2458
37.5,5,1,3,2466
37.5,5,1,4,2474
37.5,5,1,5,2481
37.5,5,1,6,2489
37.5,5,1,7,2497
37.5,5,1,8,2505
37.5,5,1,9,2512
37.5,5,1,10,2520
37.5,5,1,11,2528
37.5,5,1,12,2535
37.5,5,1,13,2543
37.5,5,1,14,2550
37.5,5,1,15,2558
37.5,5,2,0,2450
37.5,5,2,1,2458
37.5,5,2,2,2466
37.5,5,2,3,2474
37.5,5,2,4,2482
37.5,5,2,5,2490
37.5,5,2,6,2497
37.5,5,2,7,2505
37.5,5,2,8,2513
37.5,5,2,9,2521
37.5,5,2,10,2528
37.5,5,2,11,2536
37.5,5,2,12,2544
37.5,5,2,13,2551
37.5,5,2,14,2559
37.5,5,2,15,2566
37.5,5,3,0,2459
37.5,5,3,1,2466
37.5,5,3,2,2474
37.5,5,3,3,2482
37.5,5,3,4,2490
37.5,5,3,5,2498
37.5,5,3,6,2506
37.5,5,3,7,2513
37.5,5,3,8,2521
37.5,5,3,9,2529
37.5,5,3,10,2537
37.5,5,3,11,2544
37.5,5,3,12,2552
37.5,5,3,13,2560
37.5,5,3,14,2567
37.5,5,3,15,2575
37.5,5,4,0,2467
37.5,5,4,1,2475
37.5,5,4,2,2482
37.5,5,4,3,2490
37.5,5,4,4,2498
37.5,5,4,5,2506
37.5,5,4,6,2514
37.5,5,4,7,2522
37.5,5,4,8,2529
37.5,5,4,9,2537
37.5,5,4,10,2545
37.5,5,4,11,2553
37.5,5,4,12,2560
37.5,5,4,13,2568
37.5,5,4,14,2576
37.5,5,4,15,2583
37.5,5,5,0,2475
37.5,5,5,1,2483
37.5,5,5,2,2491
37.5,5,5,3,2499
37.5,5,5,4,2506
37.5,5,5,5,2514
37.5,5,5,6,2522
37.5,5,5,7,2530
37.5,5,5,8,2538
37.5,5,5,9,2546
37.5,5,5,10,2553
37.5,5,5,11,2561
37.5,5,5,12,2569
37.5,5,5,13,2576
37.5,5,5,14,2584
37.5,5,5,15,2592
37.5,5,6,0,2483
37.5,5,6,1,2491
37.5,5,6,2,2499
37.5,5,6,3,2507
37.5,5,6,4,2515
37.5,5,6,5,2522
37.5,5,6,6,2530
37.5,5,6,7,2538
37.5,5,6,8,2546
37.5,5,6,9,2554
37.5,5,6,10,2562
37.5,5,6,11,2569
37.5,5,6,12,2577
37.5,5,6,13,2585
37.5,5,6,14,2592
37.5,5,6,15,2600
37.5,5,7,0,2491
37.5,5,7,1,2499
37.5,5,7,2,2507
37.5,5,7,3,2515
37.5,5,7,4,2523
37.5,5,7,5,2531
37.5,5,7,6,2538
37.5,5,7,7,2546
37.5,5,7,8,2554
37.5,5,7,9,2562
37.5,5,7,10,2570
37.5,5,7,11,2578
37.5,5,7,12,2585
37.5,5,7,13,2593
37.5,5,7,14,2601
37.5,5,7,15,2608
37.5,5,8,0,2499
37.5,5,8,1,2507
37.5,5,8,2,2515
37.5,5,8,3,2523
37.5,5,8,4,2531
37.5,5,8,5,2539
37.5,5,8,6,2547
37.5,5,8,7,2554
37.5,5,8,8,2562
37.5,5,8,9,2570
37.5,5,8,10,2578
37.5,5,8,11,2586
37.5,5,8,12,2594
37.5,5,8,13,2601
37.5,5,8,14,2609
37.5,5,8,15,2617
37.5,5,9,0,2507
37.5,5,9,1,2515
37.5,5,9,2,2523
37.5,5,9,3,2531
37.5,5,9,4,2539
37.5,5,9,5,2547
37.5,5,9,6,2555
37.5,5,9,7,2563
37.5,5,9,8,2570
37.5,5,9,9,2578
37.5,5,9,10,2586
37.5,5,9,11,2594
37.5,5,9,12,2602
37.5,5,9,13,2610
37.5,5,9,14,2617
37.5,5,9,15,2625
37.5,5,10,0,2515
37.5,5,10,1,2523
37.5,5,10,2,2531
37.5,5,10,3,2539
37.5,5,10,4,2547
37.5,5,10,5,2555
37.5,5,10,6,2563
37.5,5,10,7,2571
37.5,5,10,8,2579
37.5,5,10,9,2587
37.5,5,10,10,2594
37.5,5,10,11,2602
37.5,5,10,12,2610
37.5,5,10,13,2618
37.5,5,10,14,2626
37.5,5,10,15,2633
37.5,5,11,0,2522
37.5,5,11,1,2531
37.5,5,11,2,2539
37.5,5,11,3,2547
37.5,5,11,4,2555
37.5,5,11,5,2563
37.5,5,11,6,2571
37.5,5,11,7,2579
37.5,5,11,8,2587
37.5,5,11,9,2595
37.5,5,11,10,2603
37.5,5,11,11,2610
37.5,5,11,12,2618
37.5,5,11,13,2626
37.5,5,11,14,2634
37.5,5,11,15,2642
37.5,5,12,0,2530
37.5,5,12,1,2538
37.5,5,12,2,2547
37.5,5,12,3,2555
37.5,5,12,4,2563
37.5,5,12,5,2571
37.5,5,12,6,2579
37.5,5,12,7,2587
37.5,5,12,8,2595
37.5,5,12,9,2603
37.5,5,12,10,2611
37.5,5,12,11,2619
37.5,5,12,12,2626
37.5,5,12,13,2634
37.5,5,12,14,2642
37.5,5,12,15,2650
37.5,5,13,0,2538
37.5,5,13,1,2546
37.5,5,13,2,2554
37.5,5,13,3,2563
37.5,5,13,4,2571
37.5,5,13,5,2579
37.5,5,13,6,2587
37.5,5,13,7,2595
37.5,5,13,8,2603
37.5,5,13,9,2611
37.5,5,13,10,2619
37.5,5,13,11,2627
37.5,5,13,12,2635
37.5,5,13,13,2642
37.5,5,13,14,2650
37.5,5,13,15,2658
37.5,5,14,0,2546
37.5,5,14,1,2554
37.5,5,14,2,2562
37.5,5,14,3,2570
37.5,5,14,4,2579
37.5,5,14,5,2587
37.5,5,14,6,2595
37.5,5,14,7,2603
37.5,5,14,8,2611
37.5,5,14,9,2619
37.5,5,14,10,2627
37.5,5,14,11,2635
37.5,5,14,12,2643
37.5,5,14,13,2651
37.5,5,14,14,2658
37.5,5,14,15,2666
37.5,5,15,0,2554
37.5,5,15,1,2562
37.5,5,15,2,2570
37.5,5,15,3,2578
37.5,5,15,4,2587
37.5,5,15,5,2595
37.5,5,15,6,2603
37.5,5,15,7,2611
37.5,5,15,8,2619
37.5,5,15,9,2627
37.5,5,15,10,2635
37.5,5,15,11,2643
37.5,5,15,12,2651
37.5,5,15,13,2659
37.5,5,15,14,2667
37.5,5,15,15,2675
37.5,6,0,0,2443
37.5,6,0,1,2451
37.5,6,0,2,2459
37.5,6,0,3,2467
37.5,6,0,4,2475
37.5,6,0,5,2482
37.5,6,0,6,2490
37.5,6,0,7,2498
37.5,6,0,8,2506
37.5,6,0,9,2513
37.5,6,0,10,2521
37.5,6,0,11,2529
37.5,6,0,12,2536
37.5,6,0,13,2544
37.5,6,0,14,2551
37.5,6,0,15,2559
37.5,6,1,0,2451
37.5,6,1,1,2459
37.5,6,1,2,2467
37.5,6,1,3,2475
37.5,6,1,4,2483
37.5,6,1,5,2491
37.5,6,1,6,2498
37.5,6,1,7,2506
37.5,6,1,8,2514
37.5,6,1,9,2522
37.5,6,1,10,2529
37.5,6,1,11,2537
37.5,6,1,12,2545
37.5,6,1,13,2552
37.5,6,1,14,2560
37.5,6,1,15,2567
37.5,6,2,0,2460
37.5,6,2,1,2468
37.5,6,2,2,2475
37.5,6,2,3,2483
37.5,6,2,4,2491
37.5,6,2,5,2499
37.5,6,2,6,2507
37.5,6,2,7,2515
37.5,6,2,8,2522
37.5,6,2,9,2530
37.5,6,2,10,2538
37.5,6,2,11,2545
37.5,6,2,12,2553
37.5,6,2,13,2561
37.5,6,2,14,2568
37.5,6,2,15,2576
37.5,6,3,0,2468
37.5,6,3,1,2476
37.5,6,3,2,2484
37.5,6,3,3,2492
37.5,6,3,4,2499
37.5,6,3,5,2507
37.5,6,3,6,2515
37.5,6,3,7,2523
37.5,6,3,8,2531
37.5,6,3,9,2538
37.5,6,3,10,2546
37.5,6,3,11,2554
37.5,6,3,12,2562
37.5,6,3,13,2569
37.5,6,3,14,2577
37.5,6,3,15,2584
37.5,6,4,0,2476
37.5,6,4,1,2484
37.5,6,4,2,2492
37.5,6,4,3,2500
37.5,6,4,4,2508
37.5,6,4,5,2516
37.5,6,4,6,2523
37.5,6,4,7,2531
37.5,6,4,8,2539
37.5,6,4,9,2547
37.5,6,4,10,2555
37.5,6,4,11,2562
37.5,6,4,12,2570
37.5,6,4,13,2578
37.5,6,4,14,2585
37.5,6,4,15,2593
37.5,6,5,0,2484
37.5,6,5,1,2492
37.5,6,5,2,2500
37.5,6,5,3,2508
37.5,6,5,4,2516
37.5,6,5,5,2524
37.5,6,5,6,2532
37.5,6,5,7,2539
37.5,6,5,8,2547
37.5,6,5,9,2555
37.5,6,5,10,2563
37.5,6,5,11,2571
37.5,6,5,12,2578
37.5,6,5,13,2586
37.5,6,5,14,2594
37.5,6,5,15,2601
37.5,6,6,0,2492
37.5,6,6,1,2500
37.5,6,6,2,2508
37.5,6,6,3,2516
37.5,6,6,4,2524
37.5,6,6,5,2532
37.5,6,6,6,2540
37.5,6,6,7,2548
37.5,6,6,8,2556
37.5,6,6,9,2563
37.5,6,6,10,2571
37.5,6,6,11,2579
37.5,6,6,12,2587
37.5,6,6,13,2594
37.5,6,6,14,2602
37.5,6,6,15,2610
37.5,6,7,0,2500
37.5,6,7,1,2508
37.5,6,7,2,2516
37.5,6,7,3,2524
37.5,6,7,4,2532
37.5,6,7,5,2540
37.5,6,7,6,2548
37.5,6,7,7,2556
37.5,6,7,8,2564
37.5,6,7,9,2572
37.5,6,7,10,2579
37.5,6,7,11,2587
37.5,6,7,12,2595
37.5,6,7,13,2603
37.5,6,7,14,2611
37.5,6,7,15,2618
37.5,6,8,0,2508
37.5,6,8,1,2516
37.5,6,8,2,2524
37.5,6,8,3,2532
37.5,6,8,4,2540
37.5,6,8,5,2548
37.5,6,8,6,2556
37.5,6,8,7,2564
37.5,6,8,8,2572
37.5,6,8,9,2580
37.5,6,8,10,2588
37.5,6,8,11,2596
37.5,6,8,12,2603
37.5,6,8,13,2611
37.5,6,8,14,2619
37.5,6,8,15,2627
37.5,6,9,0,2516
37.5,6,9,1,2524
37.5,6,9,2,2532
37.5,6,9,3,2540
37.5,6,9,4,2548
37.5,6,9,5,2556
37.5,6,9,6,2564
37.5,6,9,7,2572
37.5,6,9,8,2580
37.5,6,9,9,2588
37.5,6,9,10,2596
37.5,6,9,11,2604
37.5,6,9,12,2612
37.5,6,9,13,2619
37.5,6,9,14,2627
37.5,6,9,15,2635
37.5,6,10,0,2524
37.5,6,10,1,2532
37.5,6,10,2,2540
37.5,6,10,3,2548
37.5,6,10,4,2556
37.5,6,10,5,2564
37.5,6,10,6,2572
37.5,6,10,7,2580
37.5,6,10,8,2588
37.5,6,10,9,2596
37.5,6,10,10,2604
37.5,6,10,11,2612
37.5,6,10,12,2620
37.5,6,10,13,2628
37.5,6,10,14,2636
37.5,6,10,15,2643
37.5,6,11,0,2532
37.5,6,11,1,2540
37.5,6,11,2,2548
37.5,6,11,3,2556
37.5,6,11,4,2564
37.5,6,11,5,2572
37.5,6,11,6,2580
37.5,6,11,7,2588
37.5,6,11,8,2596
37.5,6,11,9,2604
37.5,6,11,10,2612
37.5,6,11,11,2620
37.5,6,11,12,2628
37.5,6,11,13,2636
37.5,6,11,14,2644
37.5,6,11,15,2652
37.5,6,12,0,2540
37.5,6,12,1,2548
37.5,6,12,2,2556
37.5,6,12,3,2564
37.5,6,12,4,2572
37.5,6,12,5,2580
37.5,6,12,6,2589
37.5,6,12,7,2597
37.5,6,12,8,2605
37.5,6,12,9,2613
37.5,6,12,10,2620
37.5,6,12,11,2628
37.5,6,12,12,2636
37.5,6,12,13,2644
37.5,6,12,14,2652
37.5,6,12,15,2660
37.5,6,13,0,2548
37.5,6,13,1,2556
37.5,6,13,2,2564
37.5,6,13,3,2572
37.5,6,13,4,2580
37.5,6,13,5,2588
37.5,6,13,6,2597
37.5,6,13,7,2605
37.5,6,13,8,2613
37.5,6,13,9,2621
37.5,6,13,10,2629
37.5,6,13,11,2637
37.5,6,13,12,2644
37.5,6,13,13,2652
37.5,6,13,14,2660
37.5,6,13,15,2668
37.5,6,14,0,2556
37.5,6,14,1,2564
37.5,6,14,2,2572
37.5,6,14,3,2580
37.5,6,14,4,2588
37.5,6,14,5,2596
37.5,6,14,6,2605
37.5,6,14,7,2613
37.5,6,14,8,2621
37.5,6,14,9,2629
37.5,6,14,10,2637
37.5,6,14,11,2645
37.5,6,14,12,2653
37.5,6,14,13,2661
37.5,6,14,14,2668
37.5,6,14,15,2676
37.5,6,15,0,2563
37.5,6,15,1,2572
37.5,6,15,2,2580
37.5,6,15,3,2588
37.5,6,15,4,2596
37.5,6,15,5,2604
37.5,6,15,6,2613
37.5,6,15,7,2621
37.5,6,15,8,2629
37.5,6,15,9,2637
37.5,6,15,10,2645
37.5,6,15,11,2653
37.5,6,15,12,2661
37.5,6,15,13,2669
37.5,6,15,14,2677
37.5,6,15,15,2685
37.5,7,0,0,2452
37.5,7,0,1,2460
37.5,7,0,2,2468
37.5,7,0,3,2476
37.5,7,0,4,2484
37.5,7,0,5,2492
37.5,7,0,6,2499
37.5,7,0,7,2507
37.5,7,0,8,2515
37.5,7,0,9,2523
37.5,7,0,10,2530
37.5,7,0,11,2538
37.5,7,0,12,2546
37.5,7,0,13,2553
37.5,7,0,14,2561
37.5,7,0,15,2568
37.5,7,1,0,2461
37.5,7,1,1,2469
37.5,7,1,2,2477
37.5,7,1,3,2484
37.5,7,1,4,2492
37.5,7,1,5,2500
37.5,7,1,6,2508
37.5,7,1,7,2516
37.5,7,1,8,2523
37.5,7,1,9,2531
37.5,7,1,10,2539
37.5,7,1,11,2547
37.5,7,1,12,2554
37.5,7,1,13,2562
37.5,7,1,14,2569
37.5,7,1,15,2577
37.5,7,2,0,2469
37.5,7,2,1,2477
37.5,7,2,2,2485
37.5,7,2,3,2493
37.5,7,2,4,2501
37.5,7,2,5,2508
37.5,7,2,6,2516
37.5,7,2,7,2524
37.5,7,2,8,2532
37.5,7,2,9,2540
37.5,7,2,10,2547
37.5,7,2,11,2555
37.5,7,2,12,2563
37.5,7,2,13,2570
37.5,7,2,14,2578
37.5,7,2,15,2586
37.5,7,3,0,2477
37.5,7,3,1,2485
37.5,7,3,2,2493
37.5,7,3,3,2501
37.5,7,3,4,2509
37.5,7,3,5,2517
37.5,7,3,6,2525
37.5,7,3,7,2532
37.5,7,3,8,2540
37.5,7,3,9,2548
37.5,7,3,10,2556
37.5,7,3,11,2563
37.5,7,3,12,2571
37.5,7,3,13,2579
37.5,7,3,14,2586
37.5,7,3,15,2594
37.5,7,4,0,2485
37.5,7,4,1,2493
37.5,7,4,2,2501
37.5,7,4,3,2509
37.5,7,4,4,2517
37.5,7,4,5,2525
37.5,7,4,6,2533
37.5,7,4,7,2541
37.5,7,4,8,2549
37.5,7,4,9,2556
37.5,7,4,10,2564
37.5,7,4,11,2572
37.5,7,4,12,2580
37.5,7,4,13,2587
37.5,7,4,14,2595
37.5,7,4,15,2603
37.5,7,5,0,2493
37.5,7,5,1,2501
37.5,7,5,2,2509
37.5,7,5,3,2517
37.5,7,5,4,2525
37.5,7,5,5,2533
37.5,7,5,6,2541
37.5,7,5,7,2549
37.5,7,5,8,2557
37.5,7,5,9,2565
37.5,7,5,10,2572
37.5,7,5,11,2580
37.5,7,5,12,2588
37.5,7,5,13,2596
37.5,7,5,14,2603
37.5,7,5,15,2611
37.5,7,6,0,2501
37.5,7,6,1,2509
37.5,7,6,2,2517
37.5,7,6,3,2525
37.5,7,6,4,2533
37.5,7,6,5,2541
37.5,7,6,6,2549
37.5,7,6,7,2557
37.5,7,6,8,2565
37.5,7,6,9,2573
37.5,7,6,10,2581
37.5,7,6,11,2589
37.5,7,6,12,2596
37.5,7,6,13,2604
37.5,7,6,14,2612
37.5,7,6,15,2620
37.5,7,7,0,2509
37.5,7,7,1,2517
37.5,7,7,2,2526
37.5,7,7,3,2534
37.5,7,7,4,2542
37.5,7,7,5,2550
37.5,7,7,6,2558
37.5,7,7,7,2565
37.5,7,7,8,2573
37.5,7,7,9,2581
37.5,7,7,10,2589
37.5,7,7,11,2597
37.5,7,7,12,2605
37.5,7,7,13,2613
37.5,7,7,14,2620
37.5,7,7,15,2628
37.5,7,8,0,2517
37.5,7,8,1,2526
37.5,7,8,2,2534
37.5,7,8,3,2542
37.5,7,8,4,2550
37.5,7,8,5,2558
37.5,7,8,6,2566
37.5,7,8,7,2574
37.5,7,8,8,2582
37.5,7,8,9,2590
37.5,7,8,10,2597
37.5,7,8,11,2605
37.5,7,8,12,2613
37.5,7,8,13,2621
37.5,7,8,14,2629
37.5,7,8,15,2636
37.5,7,9,0,2525
37.5,7,9,1,2534
37.5,7,9,2,2542
37.5,7,9,3,2550
37.5,7,9,4,2558
37.5,7,9,5,2566
37.5,7,9,6,2574
37.5,7,9,7,2582
37.5,7,9,8,2590
37.5,7,9,9,2598
37.5,7,9,10,2606
37.5,7,9,11,2614
37.5,7,9,12,2621
37.5,7,9,13,2629
37.5,7,9,14,2637
37.5,7,9,15,2645
37.5,7,10,0,2533
37.5,7,10,1,2542
37.5,7,10,2,2550
37.5,7,10,3,2558
37.5,7,10,4,2566
37.5,7,10,5,2574
37.5,7,10,6,2582
37.5,7,10,7,2590
37.5,7,10,8,2598
37.5,7,10,9,2606
37.5,7,10,10,2614
37.5,7,10,11,2622
37.5,7,10,12,2630
37.5,7,10,13,2638
37.5,7,10,14,2645
37.5,7,10,15,2653
37.5,7,11,0,2541
37.5,7,11,1,2550
37.5,7,11,2,2558
37.5,7,11,3,2566
37.5,7,11,4,2574
37.5,7,11,5,2582
37.5,7,11,6,2590
37.5,7,11,7,2598
37.5,7,11,8,2606
37.5,7,11,9,2614
37.5,7,11,10,2622
37.5,7,11,11,2630
37.5,7,11,12,2638
37.5,7,11,13,2646
37.5,7,11,14,2654
37.5,7,11,15,2662
37.5,7,12,0,2549
37.5,7,12,1,2558
37.5,7,12,2,2566
37.5,7,12,3,2574
37.5,7,12,4,2582
37.5,7,12,5,2590
37.5,7,12,6,2598
37.5,7,12,7,2606
37.5,7,12,8,2614
37.5,7,12,9,2622
37.5,7,12,10,2630
37.5,7,12,11,2638
37.5,7,12,12,2646
37.5,7,12,13,2654
37.5,7,12,14,2662
37.5,7,12,15,2670
37.5,7,13,0,2557
37.5,7,13,1,2565
37.5,7,13,2,2574
37.5,7,13,3,2582
37.5,7,13,4,2590
37.5,7,13,5,2598
37.5,7,13,6,2606
37.5,7,13,7,2614
37.5,7,13,8,2622
37.5,7,13,9,2630
37.5,7,13,10,2638
37.5,7,13,11,2646
37.5,7,13,12,2654
37.5,7,13,13,2662
37.5,7,13,14,2670
37.5,7,13,15,2678
37.5,7,14,0,2565
37.5,7,14,1,2573
37.5,7,14,2,2582
37.5,7,14,3,2590
37.5,7,14,4,2598
37.5,7,14,5,2606
37.5,7,14,6,2614
37.5,7,14,7,2622
37.5,7,14,8,2630
37.5,7,14,9,2639
37.5,7,14,10,2647
37.5,7,14,11,2655
37.5,7,14,12,2663
37.5,7,14,13,2671
37.5,7,14,14,2678
37.5,7,14,15,2686
37.5,7,15,0,2573
37.5,7,15,1,2581
37.5,7,15,2,2590
37.5,7,15,3,2598
37.5,7,15,4,2606
37.5,7,15,5,2614
37.5,7,15,6,2622
37.5,7,15,7,2630
37.5,7,15,8,2639
37.5,7,15,9,2647
37.5,7,15,10,2655
37.5,7,15,11,2663
37.5,7,15,12,2671
37.5,7,15,13,2679
37.5,7,15,14,2687
37.5,7,15,15,2695
37.5,8,0,0,2462
37.5,8,0,1,2470
37.5,8,0,2,2477
37.5,8,0,3,2485
37.5,8,0,4,2493
37.5,8,0,5,2501
37.5,8,0,6,2509
37.5,8,0,7,2517
37.5,8,0,8,2524
37.5,8,0,9,2532
37.5,8,0,10,2540
37.5,8,0,11,2547
37.5,8,0,12,2555
37.5,8,0,13,2563
37.5,8,0,14,2570
37.5,8,0,15,2578
37.5,8,1,0,2470
37.5,8,1,1,2478
37.5,8,1,2,2486
37.5,8,1,3,2494
37.5,8,1,4,2502
37.5,8,1,5,2509
37.5,8,1,6,2517
37.5,8,1,7,2525
37.5,8,1,8,2533
37.5,8,1,9,2541
37.5,8,1,10,2548
37.5,8,1,11,2556
37.5,8,1,12,2564
37.5,8,1,13,2571
37.5,8,1,14,2579
37.5,8,1,15,2587
37.5,8,2,0,2478
37.5,8,2,1,2486
37.5,8,2,2,2494
37.5,8,2,3,2502
37.5,8,2,4,2510
37.5,8,2,5,2518
37.5,8,2,6,2526
37.5,8,2,7,2533
37.5,8,2,8,2541
37.5,8,2,9,2549
37.5,8,2,10,2557
37.5,8,2,11,2565
37.5,8,2,12,2572
37.5,8,2,13,2580
37.5,8,2,14,2588
37.5,8,2,15,2595
37.5,8,3,0,2486
37.5,8,3,1,2494
37.5,8,3,2,2502
37.5,8,3,3,2510
37.5,8,3,4,2518
37.5,8,3,5,2526
37.5,8,3,6,2534
37.5,8,3,7,2542
37.5,8,3,8,2550
37.5,8,3,9,2557
37.5,8,3,10,2565
37.5,8,3,11,2573
37.5,8,3,12,2581
37.5,8,3,13,2588
37.5,8,3,14,2596
37.5,8,3,15,2604
37.5,8,4,0,2494
37.5,8,4,1,2502
37.5,8,4,2,2510
37.5,8,4,3,2518
37.5,8,4,4,2526
37.5,8,4,5,2534
37.5,8,4,6,2542
37.5,8,4,7,2550
37.5,8,4,8,2558
37.5,8,4,9,2566
37.5,8,4,10,2574
37.5,8,4,11,2581
37.5,8,4,12,2589
37.5,8,4,13,2597
37.5,8,4,14,2605
37.5,8,4,15,2612
37.5,8,5,0,2503
37.5,8,5,1,2511
37.5,8,5,2,2519
37.5,8,5,3,2527
37.5,8,5,4,2535
37.5,8,5,5,2543
37.5,8,5,6,2551
37.5,8,5,7,2558
37.5,8,5,8,2566
37.5,8,5,9,2574
37.5,8,5,10,2582
37.5,8,5,11,2590
37.5,8,5,12,2598
37.5,8,5,13,2605
37.5,8,5,14,2613
37.5,8,5,15,2621
37.5,8,6,0,2511
37.5,8,6,1,2519
37.5,8,6,2,2527
37.5,8,6,3,2535
37.5,8,6,4,2543
37.5,8,6,5,2551
37.5,8,6,6,2559
37.5,8,6,7,2567
37.5,8,6,8,2575
37.5,8,6,9,2583
37.5,8,6,10,2590
37.5,8,6,11,2598
37.5,8,6,12,2606
37.5,8,6,13,2614
37.5,8,6,14,2622
37.5,8,6,15,2629
37.5,8,7,0,2519
37.5,8,7,1,2527
37.5,8,7,2,2535
37.5,8,7,3,2543
37.5,8,7,4,2551
37.5,8,7,5,2559
37.5,8,7,6,2567
37.5,8,7,7,2575
37.5,8,7,8,2583
37.5,8,7,9,2591
37.5,8,7,10,2599
37.5,8,7,11,2607
37.5,8,7,12,2614
37.5,8,7,13,2622
37.5,8,7,14,2630
37.5,8,7,15,2638
37.5,8,8,0,2527
37.5,8,8,1,2535
37.5,8,8,2,2543
37.5,8,8,3,2551
37.5,8,8,4,2559
37.5,8,8,5,2567
37.5,8,8,6,2575
37.5,8,8,7,2583
37.5,8,8,8,2591
37.5,8,8,9,2599
37.5,8,8,10,2607
37.5,8,8,11,2615
37.5,8,8,12,2623
37.5,8,8,13,2631
37.5,8,8,14,2639
37.5,8,8,15,2646
37.5,8,9,0,2535
37.5,8,9,1,2543
37.5,8,9,2,2551
37.5,8,9,3,2559
37.5,8,9,4,2567
37.5,8,9,5,2575
37.5,8,9,6,2583
37.5,8,9,7,2591
37.5,8,9,8,2599
37.5,8,9,9,2607
37.5,8,9,10,2615
37.5,8,9,11,2623
37.5,8,9,12,2631
37.5,8,9,13,2639
37.5,8,9,14,2647
37.5,8,9,15,2655
37.5,8,10,0,2543
37.5,8,10,1,2551
37.5,8,10,2,2559
37.5,8,10,3,2567
37.5,8,10,4,2575
37.5,8,10,5,2584
37.5,8,10,6,2592
37.5,8,10,7,2600
37.5,8,10,8,2608
37.5,8,10,9,2616
37.5,8,10,10,2624
37.5,8,10,11,2632
37.5,8,10,12,2640
37.5,8,10,13,2647
37.5,8,10,14,2655
37.5,8,10,15,2663
37.5,8,11,0,2551
37.5,8,11,1,2559
37.5,8,11,2,2567
37.5,8,11,3,2575
37.5,8,11,4,2584
37.5,8,11,5,2592
37.5,8,11,6,2600
37.5,8,11,7,2608
37.5,8,11,8,2616
37.5,8,11,9,2624
37.5,8,11,10,2632
37.5,8,11,11,2640
37.5,8,11,12,2648
37.5,8,11,13,2656
37.5,8,11,14,2664
37.5,8,11,15,2671
37.5,8,12,0,2559
37.5,8,12,1,2567
37.5,8,12,2,2575
37.5,8,12,3,2583
37.5,8,12,4,2592
37.5,8,12,5,2600
37.5,8,12,6,2608
37.5,8,12,7,2616
37.5,8,12,8,2624
37.5,8,12,9,2632
37.5,8,12,10,2640
37.5,8,12,11,2648
37.5,8,12,12,2656
37.5,8,12,13,2664
37.5,8,12,14,2672
37.5,8,12,15,2680
37.5,8,13,0,2567
37.5,8,13,1,2575
37.5,8,13,2,2583
37.5,8,13,3,2591
37.5,8,13,4,2600
37.5,8,13,5,2608
37.5,8,13,6,2616
37.5,8,13,7,2624
37.5,8,13,8,2632
37.5,8,13,9,2640
37.5,8,13,10,2648
37.5,8,13,11,2656
37.5,8,13,12,2664
37.5,8,13,13,2672
37.5,8,13,14,2680
37.5,8,13,15,2688
37.5,8,14,0,2575
37.5,8,14,1,2583
37.5,8,14,2,2591
37.5,8,14,3,2599
37.5,8,14,4,2608
37.5,8,14,5,2616
37.5,8,14,6,2624
37.5,8,14,7,2632
37.5,8,14,8,2640
37.5,8,14,9,2648
37.5,8,14,10,2656
37.5,8,14,11,2664
37.5,8,14,12,2673
37.5,8,14,13,2681
37.5,8,14,14,2688
37.5,8,14,15,2696
37.5,8,15,0,2583
37.5,8,15,1,2591
37.5,8,15,2,2599
37.5,8,15,3,2607
37.5,8,15,4,2616
37.5,8,15,5,2624
37.5,8,15,6,2632
37.5,8,15,7,2640
37.5,8,15,8,2648
37.5,8,15,9,2657
37.5,8,15,10,2665
37.5,8,15,11,2673
37.5,8,15,12,2681
37.5,8,15,13,2689
37.5,8,15,14,2697
37.5,8,15,15,2705
37.5,9,0,0,2471
37.5,9,0,1,2479
37.5,9,0,2,2487
37.5,9,0,3,2495
37.5,9,0,4,2502
37.5,9,0,5,2510
37.5,9,0,6,2518
37.5,9,0,7,2526
37.5,9,0,8,2534
37.5,9,0,9,2541
37.5,9,0,10,2549
37.5,9,0,11,2557
37.5,9,0,12,2565
37.5,9,0,13,2572
37.5,9,0,14,2580
37.5,9,0,15,2588
37.5,9,1,0,2479
37.5,9,1,1,2487
37.5,9,1,2,2495
37.5,9,1,3,2503
37.5,9,1,4,2511
37.5,9,1,5,2519
37.5,9,1,6,2527
37.5,9,1,7,2534
37.5,9,1,8,2542
37.5,9,1,9,2550
37.5,9,1,10,2558
37.5,9,1,11,2566
37.5,9,1,12,2573
37.5,9,1,13,2581
37.5,9,1,14,2589
37.5,9,1,15,2596
37.5,9,2,0,2487
37.5,9,2,1,2495
37.5,9,2,2,2503
37.5,9,2,3,2511
37.5,9,2,4,2519
37.5,9,2,5,2527
37.5,9,2,6,2535
37.5,9,2,7,2543
37.5,9,2,8,2551
37.5,9,2,9,2559
37.5,9,2,10,2566
37.5,9,2,11,2574
37.5,9,2,12,2582
37.5,9,2,13,2590
37.5,9,2,14,2597
37.5,9,2,15,2605
37.5,9,3,0,2496
37.5,9,3,1,2504
37.5,9,3,2,2512
37.5,9,3,3,2520
37.5,9,3,4,2528
37.5,9,3,5,2535
37.5,9,3,6,2543
37.5,9,3,7,2551
37.5,9,3,8,2559
37.5,9,3,9,2567
37.5,9,3,10,2575
37.5,9,3,11,2583
37.5,9,3,12,2590
37.5,9,3,13,2598
37.5,9,3,14,2606
37.5,9,3,15,2614
37.5,9,4,0,2504
37.5,9,4,1,2512
37.5,9,4,2,2520
37.5,9,4,3,2528
37.5,9,4,4,2536
37.5,9,4,5,2544
37.5,9,4,6,2552
37.5,9,4,7,2560
37.5,9,4,8,2568
37.5,9,4,9,2575
37.5,9,4,10,2583
37.5,9,4,11,2591
37.5,9,4,12,2599
37.5,9,4,13,2607
37.5,9,4,14,2614
37.5,9,4,15,2622
37.5,9,5,0,2512
37.5,9,5,1,2520
37.5,9,5,2,2528
37.5,9,5,3,2536
37.5,9,5,4,2544
37.5,9,5,5,2552
37.5,9,5,6,2560
37.5,9,5,7,2568
37.5,9,5,8,2576
37.5,9,5,9,2584
37.5,9,5,10,2592
37.5,9,5,11,2600
37.5,9,5,12,2607
37.5,9,5,13,2615
37.5,9,5,14,2623
37.5,9,5,15,2631
37.5,9,6,0,2520
37.5,9,6,1,2528
37.5,9,6,2,2536
37.5,9,6,3,2544
37.5,9,6,4,2552
37.5,9,6,5,2560
37.5,9,6,6,2568
37.5,9,6,7,2576
37.5,9,6,8,2584
37.5,9,6,9,2592
37.5,9,6,10,2600
37.5,9,6,11,2608
37.5,9,6,12,2616
37.5,9,6,13,2624
37.5,9,6,14,2631
37.5,9,6,15,2639
37.5,9,7,0,2528
37.5,9,7,1,2536
37.5,9,7,2,2544
37.5,9,7,3,2552
37.5,9,7,4,2561
37.5,9,7,5,2569
37.5,9,7,6,2577
37.5,9,7,7,2585
37.5,9,7,8,2593
37.5,9,7,9,2601
37.5,9,7,10,2608
37.5,9,7,11,2616
37.5,9,7,12,2624
37.5,9,7,13,2632
37.5,9,7,14,2640
37.5,9,7,15,2648
37.5,9,8,0,2536
37.5,9,8,1,2544
37.5,9,8,2,2553
37.5,9,8,3,2561
37.5,9,8,4,2569
37.5,9,8,5,2577
37.5,9,8,6,2585
37.5,9,8,7,2593
37.5,9,8,8,2601
37.5,9,8,9,2609
37.5,9,8,10,2617
37.5,9,8,11,2625
37.5,9,8,12,2633
37.5,9,8,13,2640
37.5,9,8,14,2648
37.5,9,8,15,2656
37.5,9,9,0,2544
37.5,9,9,1,2552
37.5,9,9,2,2561
37.5,9,9,3,2569
37.5,9,9,4,2577
37.5,9,9,5,2585
37.5,9,9,6,2593
37.5,9,9,7,2601
37.5,9,9,8,2609
37.5,9,9,9,2617
37.5,9,9,10,2625
37.5,9,9,11,2633
37.5,9,9,12,2641
37.5,9,9,13,2649
37.5,9,9,14,2657
37.5,9,9,15,2665
37.5,9,10,0,2552
37.5,9,10,1,2561
37.5,9,10,2,2569
37.5,9,10,3,2577
37.5,9,10,4,2585
37.5,9,10,5,2593
37.5,9,10,6,2601
37.5,9,10,7,2609
37.5,9,10,8,2617
37.5,9,10,9,2625
37.5,9,10,10,2633
37.5,9,10,11,2641
37.5,9,10,12,2649
37.5,9,10,13,2657
37.5,9,10,14,2665
37.5,9,10,15,2673
37.5,9,11,0,2560
37.5,9,11,1,2569
37.5,9,11,2,2577
37.5,9,11,3,2585
37.5,9,11,4,2593
37.5,9,11,5,2601
37.5,9,11,6,2609
37.5,9,11,7,2618
37.5,9,11,8,2626
37.5,9,11,9,2634
37.5,9,11,10,2642
37.5,9,11,11,2650
37.5,9,11,12,2658
37.5,9,11,13,2666
37.5,9,11,14,2674
37.5,9,11,15,2681
37.5,9,12,0,2568
37.5,9,12,1,2577
37.5,9,12,2,2585
37.5,9,12,3,2593
37.5,9,12,4,2601
37.5,9,12,5,2609
37.5,9,12,6,2618
37.5,9,12,7,2626
37.5,9,12,8,2634
37.5,9,12,9,2642
37.5,9,12,10,2650
37.5,9,12,11,2658
37.5,9,12,12,2666
37.5,9,12,13,2674
37.5,9,12,14,2682
37.5,9,12,15,2690
37.5,9,13,0,2576
37.5,9,13,1,2585
37.5,9,13,2,2593
37.5,9,13,3,2601
37.5,9,13,4,2609
37.5,9,13,5,2618
37.5,9,13,6,2626
37.5,9,13,7,2634
37.5,9,13,8,2642
37.5,9,13,9,2650
37.5,9,13,10,2658
37.5,9,13,11,2666
37.5,9,13,12,2674
37.5,9,13,13,2682
37.5,9,13,14,2690
37.5,9,13,15,2698
37.5,9,14,0,2584
37.5,9,14,1,2593
37.5,9,14,2,2601
37.5,9,14,3,2609
37.5,9,14,4,2617
37.5,9,14,5,2626
37.5,9,14,6,2634
37.5,9,14,7,2642
37.5,9,14,8,2650
37.5,9,14,9,2658
37.5,9,14,10,2666
37.5,9,14,11,2674
37.5,9,14,12,2682
37.5,9,14,13,2690
37.5,9,14,14,2698
37.5,9,14,15,2706
37.5,9,15,0,2592
37.5,9,15,1,2601
37.5,9,15,2,2609
37.5,9,15,3,2617
37.5,9,15,4,2625
37.5,9,15,5,2634
37.5,9,15,6,2642
37.5,9,15,7,2650
37.5,9,15,8,2658
37.5,9,15,9,2666
37.5,9,15,10,2675
37.5,9,15,11,2683
37.5,9,15,12,2691
37.5,9,15,13,2699
37.5,9,15,14,2707
37.5,9,15,15,2715
37.5,10,0,0,2480
37.5,10,0,1,2488
37.5,10,0,2,2496
37.5,10,0,3,2504
37.5,10,0,4,2512
37.5,10,0,5,2520
37.5,10,0,6,2527
37.5,10,0,7,2535
37.5,10,0,8,2543
37.5,10,0,9,2551
37.5,10,0,10,2559
37.5,10,0,11,2566
37.5,10,0,12,2574
37.5,10,0,13,2582
37.5,10,0,14,2590
37.5,10,0,15,2597
37.5,10,1,0,2488
37.5,10,1,1,2496
37.5,10,1,2,2504
37.5,10,1,3,2512
37.5,10,1,4,2520
37.5,10,1,5,2528
37.5,10,1,6,2536
37.5,10,1,7,2544
37.5,10,1,8,2552
37.5,10,1,9,2559
37.5,10,1,10,2567
37.5,10,1,11,2575
37.5,10,1,12,2583
37.5,10,1,13,2590
37.5,10,1,14,2598
37.5,10,1,15,2606
37.5,10,2,0,2497
37.5,10,2,1,2505
37.5,10,2,2,2513
37.5,10,2,3,2521
37.5,10,2,4,2529
37.5,10,2,5,2536
37.5,10,2,6,2544
37.5,10,2,7,2552
37.5,10,2,8,2560
37.5,10,2,9,2568
37.5,10,2,10,2576
37.5,10,2,11,2584
37.5,10,2,12,2591
37.5,10,2,13,2599
37.5,10,2,14,2607
37.5,10,2,15,2615
37.5,10,3,0,2505
37.5,10,3,1,2513
37.5,10,3,2,2521
37.5,10,3,3,2529
37.5,10,3,4,2537
37.5,10,3,5,2545
37.5,10,3,6,2553
37.5,10,3,7,2561
37.5,10,3,8,2569
37.5,10,3,9,2576
37.5,10,3,10,2584
37.5,10,3,11,2592
37.5,10,3,12,2600
37.5,10,3,13,2608
37.5,10,3,14,2615
37.5,10,3,15,2623
37.5,10,4,0,2513
37.5,10,4,1,2521
37.5,10,4,2,2529
37.5,10,4,3,2537
37.5,10,4,4,2545
37.5,10,4,5,2553
37.5,10,4,6,2561
37.5,10,4,7,2569
37.5,10,4,8,2577
37.5,10,4,9,2585
37.5,10,4,10,2593
37.5,10,4,11,2601
37.5,10,4,12,2608
37.5,10,4,13,2616
37.5,10,4,14,2624
37.5,10,4,15,2632
37.5,10,5,0,2521
37.5,10,5,1,2529
37.5,10,5,2,2537
37.5,10,5,3,2545
37.5,10,5,4,2554
37.5,10,5,5,2562
37.5,10,5,6,2570
37.5,10,5,7,2578
37.5,10,5,8,2585
37.5,10,5,9,2593
37.5,10,5,10,2601
37.5,10,5,11,2609
37.5,10,5,12,2617
37.5,10,5,13,2625
37.5,10,5,14,2633
37.5,10,5,15,2640
37.5,10,6,0,2529
37.5,10,6,1,2538
37.5,10,6,2,2546
37.5,10,6,3,2554
37.5,10,6,4,2562
37.5,10,6,5,2570
37.5,10,6,6,2578
37.5,10,6,7,2586
37.5,10,6,8,2594
37.5,10,6,9,2602
37.5,10,6,10,2610
37.5,10,6,11,2618
37.5,10,6,12,2625
37.5,10,6,13,2633
37.5,10,6,14,2641
37.5,10,6,15,2649
37.5,10,7,0,2538
37.5,10,7,1,2546
37.5,10,7,2,2554
37.5,10,7,3,2562
37.5,10,7,4,2570
37.5,10,7,5,2578
37.5,10,7,6,2586
37.5,10,7,7,2594
37.5,10,7,8,2602
37.5,10,7,9,2610
37.5,10,7,10,2618
37.5,10,7,11,2626
37.5,10,7,12,2634
37.5,10,7,13,2642
37.5,10,7,14,2650
37.5,10,7,15,2657
37.5,10,8,0,2546
37.5,10,8,1,2554
37.5,10,8,2,2562
37.5,10,8,3,2570
37.5,10,8,4,2578
37.5,10,8,5,2586
37.5,10,8,6,2594
37.5,10,8,7,2602
37.5,10,8,8,2611
37.5,10,8,9,2619
37.5,10,8,10,2626
37.5,10,8,11,2634
37.5,10,8,12,2642
37.5,10,8,13,2650
37.5,10,8,14,2658
37.5,10,8,15,2666
37.5,10,9,0,2554
37.5,10,9,1,2562
37.5,10,9,2,2570
37.5,10,9,3,2578
37.5,10,9,4,2586
37.5,10,9,5,2595
37.5,10,9,6,2603
37.5,10,9,7,2611
37.5,10,9,8,2619
37.5,10,9,9,2627
37.5,10,9,10,2635
37.5,10,9,11,2643
37.5,10,9,12,2651
37.5,10,9,13,2659
37.5,10,9,14,2667
37.5,10,9,15,2674
37.5,10,10,0,2562
37.5,10,10,1,2570
37.5,10,10,2,2578
37.5,10,10,3,2586
37.5,10,10,4,2595
37.5,10,10,5,2603
37.5,10,10,6,2611
37.5,10,10,7,2619
37.5,10,10,8,2627
37.5,10,10,9,2635
37.5,10,10,10,2643
37.5,10,10,11,2651
37.5,10,10,12,2659
37.5,10,10,13,2667
37.5,10,10,14,2675
37.5,10,10,15,2683
37.5,10,11,0,2570
37.5,10,11,1,2578
37.5,10,11,2,2586
37.5,10,11,3,2595
37.5,10,11,4,2603
37.5,10,11,5,2611
37.5,10,11,6,2619
37.5,10,11,7,2627
37.5,10,11,8,2635
37.5,10,11,9,2643
37.5,10,11,10,2651
37.5,10,11,11,2659
37.5,10,11,12,2667
37.5,10,11,13,2675
37.5,10,11,14,2683
37.5,10,11,15,2691
37.5,10,12,0,2578
37.5,10,12,1,2586
37.5,10,12,2,2594
37.5,10,12,3,2603
37.5,10,12,4,2611
37.5,10,12,5,2619
37.5,10,12,6,2627
37.5,10,12,7,2635
37.5,10,12,8,2644
37.5,10,12,9,2652
37.5,10,12,10,2660
37.5,10,12,11,2668
37.5,10,12,12,2676
37.5,10,12,13,2684
37.5,10,12,14,2692
37.5,10,12,15,2700
37.5,10,13,0,2586
37.5,10,13,1,2594
37.5,10,13,2,2602
37.5,10,13,3,2611
37.5,10,13,4,2619
37.5,10,13,5,2627
37.5,10,13,6,2635
37.5,10,13,7,2644
37.5,10,13,8,2652
37.5,10,13,9,2660
37.5,10,13,10,2668
37.5,10,13,11,2676
37.5,10,13,12,2684
37.5,10,13,13,2692
37.5,10,13,14,2700
37.5,10,13,15,2708
37.5,10,14,0,2594
37.5,10,14,1,2602
37.5,10,14,2,2611
37.5,10,14,3,2619
37.5,10,14,4,2627
37.5,10,14,5,2635
37.5,10,14,6,2644
37.5,10,14,7,2652
37.5,10,14,8,2660
37.5,10,14,9,2668
37.5,10,14,10,2676
37.5,10,14,11,2684
37.5,10,14,12,2692
37.5,10,14,13,2700
37.5,10,14,14,2708
37.5,10,14,15,2716
37.5,10,15,0,2602
37.5,10,15,1,2610
37.5,10,15,2,2619
37.5,10,15,3,2627
37.5,10,15,4,2635
37.5,10,15,5,2643
37.5,10,15,6,2652
37.5,10,15,7,2660
37.5,10,15,8,2668
37.5,10,15,9,2676
37.5,10,15,10,2684
37.5,10,15,11,2693
37.5,10,15,12,2701
37.5,10,15,13,2709
37.5,10,15,14,2717
37.5,10,15,15,2725
37.5,11,0,0,2489
37.5,11,0,1,2497
37.5,11,0,2,2505
37.5,11,0,3,2513
37.5,11,0,4,2521
37.5,11,0,5,2529
37.5,11,0,6,2537
37.5,11,0,7,2545
37.5,11,0,8,2553
37.5,11,0,9,2560
37.5,11,0,10,2568
37.5,11,0,11,2576
37.5,11,0,12,2584
37.5,11,0,13,2591
37.5,11,0,14,2599
37.5,11,0,15,2607
37.5,11,1,0,2497
37.5,11,1,1,2505
37.5,11,1,2,2513
37.5,11,1,3,2521
37.5,11,1,4,2529
37.5,11,1,5,2537
37.5,11,1,6,2545
37.5,11,1,7,2553
37.5,11,1,8,2561
37.5,11,1,9,2569
37.5,11,1,10,2577
37.5,11,1,11,2585
37.5,11,1,12,2592
37.5,11,1,13,2600
37.5,11,1,14,2608
37.5,11,1,15,2615
37.5,11,2,0,2506
37.5,11,2,1,2514
37.5,11,2,2,2522
37.5,11,2,3,2530
37.5,11,2,4,2538
37.5,11,2,5,2546
37.5,11,2,6,2554
37.5,11,2,7,2562
37.5,11,2,8,2570
37.5,11,2,9,2577
37.5,11,2,10,2585
37.5,11,2,11,2593
37.5,11,2,12,2601
37.5,11,2,13,2609
37.5,11,2,14,2616
37.5,11,2,15,2624
37.5,11,3,0,2514
37.5,11,3,1,2522
37.5,11,3,2,2530
37.5,11,3,3,2538
37.5,11,3,4,2546
37.5,11,3,5,2554
37.5,11,3,6,2562
37.5,11,3,7,2570
37.5,11,3,8,2578
37.5,11,3,9,2586
37.5,11,3,10,2594
37.5,11,3,11,2602
37.5,11,3,12,2610
37.5,11,3,13,2617
37.5,11,3,14,2625
37.5,11,3,15,2633
37.5,11,4,0,2522
37.5,11,4,1,2530
37.5,11,4,2,2538
37.5,11,4,3,2547
37.5,11,4,4,2555
37.5,11,4,5,2563
37.5,11,4,6,2571
37.5,11,4,7,2579
37.5,11,4,8,2587
37.5,11,4,9,2594
37.5,11,4,10,2602
37.5,11,4,11,2610
37.5,11,4,12,2618
37.5,11,4,13,2626
37.5,11,4,14,2634
37.5,11,4,15,2642
37.5,11,5,0,2530
37.5,11,5,1,2539
37.5,11,5,2,2547
37.5,11,5,3,2555
37.5,11,5,4,2563
37.5,11,5,5,2571
37.5,11,5,6,2579
37.5,11,5,7,2587
37.5,11,5,8,2595
37.5,11,5,9,2603
37.5,11,5,10,2611
37.5,11,5,11,2619
37.5,11,5,12,2627
37.5,11,5,13,2634
37.5,11,5,14,2642
37.5,11,5,15,2650
37.5,11,6,0,2539
37.5,11,6,1,2547
37.5,11,6,2,2555
37.5,11,6,3,2563
37.5,11,6,4,2571
37.5,11,6,5,2579
37.5,11,6,6,2587
37.5,11,6,7,2595
37.5,11,6,8,2603
37.5,11,6,9,2611
37.5,11,6,10,2619
37.5,11,6,11,2627
37.5,11,6,12,2635
37.5,11,6,13,2643
37.5,11,6,14,2651
37.5,11,6,15,2659
37.5,11,7,0,2547
37.5,11,7,1,2555
37.5,11,7,2,2563
37.5,11,7,3,2571
37.5,11,7,4,2580
37.5,11,7,5,2588
37.5,11,7,6,2596
37.5,11,7,7,2604
37.5,11,7,8,2612
37.5,11,7,9,2620
37.5,11,7,10,2628
37.5,11,7,11,2636
37.5,11,7,12,2644
37.5,11,7,13,2652
37.5,11,7,14,2659
37.5,11,7,15,2667
37.5,11,8,0,2555
37.5,11,8,1,2563
37.5,11,8,2,2571
37.5,11,8,3,2580
37.5,11,8,4,2588
37.5,11,8,5,2596
37.5,11,8,6,2604
37.5,11,8,7,2612
37.5,11,8,8,2620
37.5,11,8,9,2628
37.5,11,8,10,2636
37.5,11,8,11,2644
37.5,11,8,12,2652
37.5,11,8,13,2660
37.5,11,8,14,2668
37.5,11,8,15,2676
37.5,11,9,0,2563
37.5,11,9,1,2571
37.5,11,9,2,2580
37.5,11,9,3,2588
37.5,11,9,4,2596
37.5,11,9,5,2604
37.5,11,9,6,2612
37.5,11,9,7,2620
37.5,11,9,8,2628
37.5,11,9,9,2637
37.5,11,9,10,2645
37.5,11,9,11,2653
37.5,11,9,12,2661
37.5,11,9,13,2668
37.5,11,9,14,2676
37.5,11,9,15,2684
37.5,11,10,0,2571
37.5,11,10,1,2580
37.5,11,10,2,2588
37.5,11,10,3,2596
37.5,11,10,4,2604
37.5,11,10,5,2612
37.5,11,10,6,2621
37.5,11,10,7,2629
37.5,11,10,8,2637
37.5,11,10,9,2645
37.5,11,10,10,2653
37.5,11,10,11,2661
37.5,11,10,12,2669
37.5,11,10,13,2677
37.5,11,10,14,2685
37.5,11,10,15,2693
37.5,11,11,0,2579
37.5,11,11,1,2588
37.5,11,11,2,2596
37.5,11,11,3,2604
37.5,11,11,4,2612
37.5,11,11,5,2621
37.5,11,11,6,2629
37.5,11,11,7,2637
37.5,11,11,8,2645
37.5,11,11,9,2653
37.5,11,11,10,2661
37.5,11,11,11,2669
37.5,11,11,12,2677
37.5,11,11,13,2685
37.5,11,11,14,2693
37.5,11,11,15,2701
37.5,11,12,0,2587
37.5,11,12,1,2596
37.5,11,12,2,2604
37.5,11,12,3,2612
37.5,11,12,4,2621
37.5,11,12,5,2629
37.5,11,12,6,2637
37.5,11,12,7,2645
37.5,11,12,8,2653
37.5,11,12,9,2661
37.5,11,12,10,2670
37.5,11,12,11,2678
37.5,11,12,12,2686
37.5,11,12,13,2694
37.5,11,12,14,2702
37.5,11,12,15,2710
37.5,11,13,0,2595
37.5,11,13,1,2604
37.5,11,13,2,2612
37.5,11,13,3,2620
37.5,11,13,4,2629
37.5,11,13,5,2637
37.5,11,13,6,2645
37.5,11,13,7,2653
37.5,11,13,8,2662
37.5,11,13,9,2670
37.5,11,13,10,2678
37.5,11,13,11,2686
37.5,11,13,12,2694
37.5,11,13,13,2702
37.5,11,13,14,2710
37.5,11,13,15,2718
37.5,11,14,0,2603
37.5,11,14,1,2612
37.5,11,14,2,2620
37.5,11,14,3,2628
37.5,11,14,4,2637
37.5,11,14,5,2645
37.5,11,14,6,2653
37.5,11,14,7,2662
37.5,11,14,8,2670
37.5,11,14,9,2678
37.5,11,14,10,2686
37.5,11,14,11,2694
37.5,11,14,12,2702
37.5,11,14,13,2710
37.5,11,14,14,2718
37.5,11,14,15,2726
37.5,11,15,0,2611
37.5,11,15,1,2620
37.5,11,15,2,2628
37.5,11,15,3,2637
37.5,11,15,4,2645
37.5,11,15,5,2653
37.5,11,15,6,2661
37.5,11,15,7,2670
37.5,11,15,8,2678
37.5,11,15,9,2686
37.5,11,15,10,2694
37.5,11,15,11,2702
37.5,11,15,12,2711
37.5,11,15,13,2719
37.5,11,15,14,2727
37.5,11,15,15,2735
37.5,12,0,0,2498
37.5,12,0,1,2506
37.5,12,0,2,2514
37.5,12,0,3,2522
37.5,12,0,4,2530
37.5,12,0,5,2538
37.5,12,0,6,2546
37.5,12,0,7,2554
37.5,12,0,8,2562
37.5,12,0,9,2570
37.5,12,0,10,2578
37.5,12,0,11,2585
37.5,12,0,12,2593
37.5,12,0,13,2601
37.5,12,0,14,2609
37.5,12,0,15,2616
37.5,12,1,0,2507
37.5,12,1,1,2515
37.5,12,1,2,2523
37.5,12,1,3,2531
37.5,12,1,4,2539
37.5,12,1,5,2547
37.5,12,1,6,2555
37.5,12,1,7,2563
37.5,12,1,8,2570
37.5,12,1,9,2578
37.5,12,1,10,2586
37.5,12,1,11,2594
37.5,12,1,12,2602
37.5,12,1,13,2610
37.5,12,1,14,2617
37.5,12,1,15,2625
37.5,12,2,0,2515
37.5,12,2,1,2523
37.5,12,2,2,2531
37.5,12,2,3,2539
37.5,12,2,4,2547
37.5,12,2,5,2555
37.5,12,2,6,2563
37.5,12,2,7,2571
37.5,12,2,8,2579
37.5,12,2,9,2587
37.5,12,2,10,2595
37.5,12,2,11,2603
37.5,12,2,12,2610
37.5,12,2,13,2618
37.5,12,2,14,2626
37.5,12,2,15,2634
37.5,12,3,0,2523
37.5,12,3,1,2531
37.5,12,3,2,2539
37.5,12,3,3,2548
37.5,12,3,4,2556
37.5,12,3,5,2564
37.5,12,3,6,2572
37.5,12,3,7,2580
37.5,12,3,8,2588
37.5,12,3,9,2595
37.5,12,3,10,2603
37.5,12,3,11,2611
37.5,12,3,12,2619
37.5,12,3,13,2627
37.5,12,3,14,2635
37.5,12,3,15,2643
37.5,12,4,0,2532
37.5,12,4,1,2540
37.5,12,4,2,2548
37.5,12,4,3,2556
37.5,12,4,4,2564
37.5,12,4,5,2572
37.5,12,4,6,2580
37.5,12,4,7,2588
37.5,12,4,8,2596
37.5,12,4,9,2604
37.5,12,4,10,2612
37.5,12,4,11,2620
37.5,12,4,12,2628
37.5,12,4,13,2636
37.5,12,4,14,2643
37.5,12,4,15,2651
37.5,12,5,0,2540
37.5,12,5,1,2548
37.5,12,5,2,2556
37.5,12,5,3,2564
37.5,12,5,4,2572
37.5,12,5,5,2580
37.5,12,5,6,2589
37.5,12,5,7,2597
37.5,12,5,8,2605
37.5,12,5,9,2613
37.5,12,5,10,2620
37.5,12,5,11,2628
37.5,12,5,12,2636
37.5,12,5,13,2644
37.5,12,5,14,2652
37.5,12,5,15,2660
37.5,12,6,0,2548
37.5,12,6,1,2556
37.5,12,6,2,2564
37.5,12,6,3,2573
37.5,12,6,4,2581
37.5,12,6,5,2589
37.5,12,6,6,2597
37.5,12,6,7,2605
37.5,12,6,8,2613
37.5,12,6,9,2621
37.5,12,6,10,2629
37.5,12,6,11,2637
37.5,12,6,12,2645
37.5,12,6,13,2653
37.5,12,6,14,2661
37.5,12,6,15,2669
37.5,12,7,0,2556
37.5,12,7,1,2564
37.5,12,7,2,2573
37.5,12,7,3,2581
37.5,12,7,4,2589
37.5,12,7,5,2597
37.5,12,7,6,2605
37.5,12,7,7,2613
37.5,12,7,8,2621
37.5,12,7,9,2629
37.5,12,7,10,2637
37.5,12,7,11,2645
37.5,12,7,12,2653
37.5,12,7,13,2661
37.5,12,7,14,2669
37.5,12,7,15,2677
37.5,12,8,0,2564
37.5,12,8,1,2573
37.5,12,8,2,2581
37.5,12,8,3,2589
37.5,12,8,4,2597
37.5,12,8,5,2605
37.5,12,8,6,2614
37.5,12,8,7,2622
37.5,12,8,8,2630
37.5,12,8,9,2638
37.5,12,8,10,2646
37.5,12,8,11,2654
37.5,12,8,12,2662
37.5,12,8,13,2670
37.5,12,8,14,2678
37.5,12,8,15,2686
37.5,12,9,0,2573
37.5,12,9,1,2581
37.5,12,9,2,2589
37.5,12,9,3,2597
37.5,12,9,4,2606
37.5,12,9,5,2614
37.5,12,9,6,2622
37.5,12,9,7,2630
37.5,12,9,8,2638
37.5,12,9,9,2646
37.5,12,9,10,2654
37.5,12,9,11,2662
37.5,12,9,12,2670
37.5,12,9,13,2678
37.5,12,9,14,2686
37.5,12,9,15,2694
37.5,12,10,0,2581
37.5,12,10,1,2589
37.5,12,10,2,2597
37.5,12,10,3,2606
37.5,12,10,4,2614
37.5,12,10,5,2622
37.5,12,10,6,2630
37.5,12,10,7,2638
37.5,12,10,8,2646
37.5,12,10,9,2655
37.5,12,10,10,2663
37.5,12,10,11,2671
37.5,12,10,12,2679
37.5,12,10,13,2687
37.5,12,10,14,2695
37.5,12,10,15,2703
37.5,12,11,0,2589
37.5,12,11,1,2597
37.5,12,11,2,2605
37.5,12,11,3,2614
37.5,12,11,4,2622
37.5,12,11,5,2630
37.5,12,11,6,2638
37.5,12,11,7,2647
37.5,12,11,8,2655
37.5,12,11,9,2663
37.5,12,11,10,2671
37.5,12,11,11,2679
37.5,12,11,12,2687
37.5,12,11,13,2695
37.5,12,11,14,2703
37.5,12,11,15,2711
37.5,12,12,0,2597
37.5,12,12,1,2605
37.5,12,12,2,2614
37.5,12,12,3,2622
37.5,12,12,4,2630
37.5,12,12,5,2638
37.5,12,12,6,2647
37.5,12,12,7,2655
37.5,12,12,8,2663
37.5,12,12,9,2671
37.5,12,12,10,2679
37.5,12,12,11,2687
37.5,12,12,12,2696
37.5,12,12,13,2704
37.5,12,12,14,2712
37.5,12,12,15,2720
37.5,12,13,0,2605
37.5,12,13,1,2613
37.5,12,13,2,2622
37.5,12,13,3,2630
37.5,12,13,4,2638
37.5,12,13,5,2647
37.5,12,13,6,2655
37.5,12,13,7,2663
37.5,12,13,8,2671
37.5,12,13,9,2680
37.5,12,13,10,2688
37.5,12,13,11,2696
37.5,12,13,12,2704
37.5,12,13,13,2712
37.5,12,13,14,2720
37.5,12,13,15,2728
37.5,12,14,0,2613
37.5,12,14,1,2621
37.5,12,14,2,2630
37.5,12,14,3,2638
37.5,12,14,4,2646
37.5,12,14,5,2655
37.5,12,14,6,2663
37.5,12,14,7,2671
37.5,12,14,8,2680
37.5,12,14,9,2688
37.5,12,14,10,2696
37.5,12,14,11,2704
37.5,12,14,12,2712
37.5,12,14,13,2720
37.5,12,14,14,2728
37.5,12,14,15,2737
37.5,12,15,0,2621
37.5,12,15,1,2629
37.5,12,15,2,2638
37.5,12,15,3,2646
37.5,12,15,4,2655
37.5,12,15,5,2663
37.5,12,15,6,2671
37.5,12,15,7,2680
37.5,12,15,8,2688
37.5,12,15,9,2696
37.5,12,15,10,2704
37.5,12,15,11,2712
37.5,12,15,12,2721
37.5,12,15,13,2729
37.5,12,15,14,2737
37.5,12,15,15,2745
37.5,13,0,0,2507
37.5,13,0,1,2515
37.5,13,0,2,2524
37.5,13,0,3,2532
37.5,13,0,4,2540
37.5,13,0,5,2548
37.5,13,0,6,2555
37.5,13,0,7,2563
37.5,13,0,8,2571
37.5,13,0,9,2579
37.5,13,0,10,2587
37.5,13,0,11,2595
37.5,13,0,12,2603
37.5,13,0,13,2610
37.5,13,0,14,2618
37.5,13,0,15,2626
37.5,13,1,0,2516
37.5,13,1,1,2524
37.5,13,1,2,2532
37.5,13,1,3,2540
37.5,13,1,4,2548
37.5,13,1,5,2556
37.5,13,1,6,2564
37.5,13,1,7,2572
37.5,13,1,8,2580
37.5,13,1,9,2588
37.5,13,1,10,2596
37.5,13,1,11,2604
37.5,13,1,12,2611
37.5,13,1,13,2619
37.5,13,1,14,2627
37.5,13,1,15,2635
37.5,13,2,0,2524
37.5,13,2,1,2532
37.5,13,2,2,2540
37.5,13,2,3,2548
37.5,13,2,4,2557
37.5,13,2,5,2565
37.5,13,2,6,2573
37.5,13,2,7,2581
37.5,13,2,8,2588
37.5,13,2,9,2596
37.5,13,2,10,2604
37.5,13,2,11,2612
37.5,13,2,12,2620
37.5,13,2,13,2628
37.5,13,2,14,2636
37.5,13,2,15,2643
37.5,13,3,0,2532
37.5,13,3,1,2541
37.5,13,3,2,2549
37.5,13,3,3,2557
37.5,13,3,4,2565
37.5,13,3,5,2573
37.5,13,3,6,2581
37.5,13,3,7,2589
37.5,13,3,8,2597
37.5,13,3,9,2605
37.5,13,3,10,2613
37.5,13,3,11,2621
37.5,13,3,12,2629
37.5,13,3,13,2637
37.5,13,3,14,2644
37.5,13,3,15,2652
37.5,13,4,0,2541
37.5,13,4,1,2549
37.5,13,4,2,2557
37.5,13,4,3,2565
37.5,13,4,4,2573
37.5,13,4,5,2581
37.5,13,4,6,2590
37.5,13,4,7,2598
37.5,13,4,8,2606
37.5,13,4,9,2614
37.5,13,4,10,2622
37.5,13,4,11,2629
37.5,13,4,12,2637
37.5,13,4,13,2645
37.5,13,4,14,2653
37.5,13,4,15,2661
37.5,13,5,0,2549
37.5,13,5,1,2557
37.5,13,5,2,2566
37.5,13,5,3,2574
37.5,13,5,4,2582
37.5,13,5,5,2590
37.5,13,5,6,2598
37.5,13,5,7,2606
37.5,13,5,8,2614
37.5,13,5,9,2622
37.5,13,5,10,2630
37.5,13,5,11,2638
37.5,13,5,12,2646
37.5,13,5,13,2654
37.5,13,5,14,2662
37.5,13,5,15,2670
37.5,13,6,0,2557
37.5,13,6,1,2566
37.5,13,6,2,2574
37.5,13,6,3,2582
37.5,13,6,4,2590
37.5,13,6,5,2598
37.5,13,6,6,2606
37.5,13,6,7,2614
37.5,13,6,8,2623
37.5,13,6,9,2631
37.5,13,6,10,2639
37.5,13,6,11,2647
37.5,13,6,12,2655
37.5,13,6,13,2662
37.5,13,6,14,2670
37.5,13,6,15,2678
37.5,13,7,0,2566
37.5,13,7,1,2574
37.5,13,7,2,2582
37.5,13,7,3,2590
37.5,13,7,4,2599
37.5,13,7,5,2607
37.5,13,7,6,2615
37.5,13,7,7,2623
37.5,13,7,8,2631
37.5,13,7,9,2639
37.5,13,7,10,2647
37.5,13,7,11,2655
37.5,13,7,12,2663
37.5,13,7,13,2671
37.5,13,7,14,2679
37.5,13,7,15,2687
37.5,13,8,0,2574
37.5,13,8,1,2582
37.5,13,8,2,2590
37.5,13,8,3,2599
37.5,13,8,4,2607
37.5,13,8,5,2615
37.5,13,8,6,2623
37.5,13,8,7,2631
37.5,13,8,8,2639
37.5,13,8,9,2648
37.5,13,8,10,2656
37.5,13,8,11,2664
37.5,13,8,12,2672
37.5,13,8,13,2680
37.5,13,8,14,2688
37.5,13,8,15,2696
37.5,13,9,0,2582
37.5,13,9,1,2590
37.5,13,9,2,2599
37.5,13,9,3,2607
37.5,13,9,4,2615
37.5,13,9,5,2623
37.5,13,9,6,2632
37.5,13,9,7,2640
37.5,13,9,8,2648
37.5,13,9,9,2656
37.5,13,9,10,2664
37.5,13,9,11,2672
37.5,13,9,12,2680
37.5,13,9,13,2688
37.5,13,9,14,2696
37.5,13,9,15,2704
37.5,13,10,0,2590
37.5,13,10,1,2599
37.5,13,10,2,2607
37.5,13,10,3,2615
37.5,13,10,4,2623
37.5,13,10,5,2632
37.5,13,10,6,2640
37.5,13,10,7,2648
37.5,13,10,8,2656
37.5,13,10,9,2664
37.5,13,10,10,2672
37.5,13,10,11,2681
37.5,13,10,12,2689
37.5,13,10,13,2697
37.5,13,10,14,2705
37.5,13,10,15,2713
37.5,13,11,0,2598
37.5,13,11,1,2607
37.5,13,11,2,2615
37.5,13,11,3,2623
37.5,13,11,4,2632
37.5,13,11,5,2640
37.5,13,11,6,2648
37.5,13,11,7,2656
37.5,13,11,8,2665
37.5,13,11,9,2673
37.5,13,11,10,2681
37.5,13,11,11,2689
37.5,13,11,12,2697
37.5,13,11,13,2705
37.5,13,11,14,2713
37.5,13,11,15,2721
37.5,13,12,0,2606
37.5,13,12,1,2615
37.5,13,12,2,2623
37.5,13,12,3,2632
37.5,13,12,4,2640
37.5,13,12,5,2648
37.5,13,12,6,2656
37.5,13,12,7,2665
37.5,13,12,8,2673
37.5,13,12,9,2681
37.5,13,12,10,2689
37.5,13,12,11,2697
37.5,13,12,12,2705
37.5,13,12,13,2714
37.5,13,12,14,2722
37.5,13,12,15,2730
37.5,13,13,0,2614
37.5,13,13,1,2623
37.5,13,13,2,2631
37.5,13,13,3,2640
37.5,13,13,4,2648
37.5,13,13,5,2656
37.5,13,13,6,2665
37.5,13,13,7,2673
37.5,13,13,8,2681
37.5,13,13,9,2689
37.5,13,13,10,2698
37.5,13,13,11,2706
37.5,13,13,12,2714
37.5,13,13,13,2722
37.5,13,13,14,2730
37.5,13,13,15,2738
37.5,13,14,0,2623
37.5,13,14,1,2631
37.5,13,14,2,2639
37.5,13,14,3,2648
37.5,13,14,4,2656
37.5,13,14,5,2665
37.5,13,14,6,2673
37.5,13,14,7,2681
37.5,13,14,8,2689
37.5,13,14,9,2698
37.5,13,14,10,2706
37.5,13,14,11,2714
37.5,13,14,12,2722
37.5,13,14,13,2730
37.5,13,14,14,2738
37.5,13,14,15,2747
37.5,13,15,0,2631
37.5,13,15,1,2639
37.5,13,15,2,2648
37.5,13,15,3,2656
37.5,13,15,4,2664
37.5,13,15,5,2673
37.5,13,15,6,2681
37.5,13,15,7,2689
37.5,13,15,8,2698
37.5,13,15,9,2706
37.5,13,15,10,2714
37.5,13,15,11,2722
37.5,13,15,12,2731
37.5,13,15,13,2739
37.5,13,15,14,2747
37.5,13,15,15,2755
37.5,14,0,0,2517
37.5,14,0,1,2525
37.5,14,0,2,2533
37.5,14,0,3,2541
37.5,14,0,4,2549
37.5,14,0,5,2557
37.5,14,0,6,2565
37.5,14,0,7,2573
37.5,14,0,8,2581
37.5,14,0,9,2589
37.5,14,0,10,2596
37.5,14,0,11,2604
37.5,14,0,12,2612
37.5,14,0,13,2620
37.5,14,0,14,2628
37.5,14,0,15,2636
37.5,14,1,0,2525
37.5,14,1,1,2533
37.5,14,1,2,2541
37.5,14,1,3,2549
37.5,14,1,4,2557
37.5,14,1,5,2565
37.5,14,1,6,2573
37.5,14,1,7,2581
37.5,14,1,8,2589
37.5,14,1,9,2597
37.5,14,1,10,2605
37.5,14,1,11,2613
37.5,14,1,12,2621
37.5,14,1,13,2629
37.5,14,1,14,2637
37.5,14,1,15,2644
37.5,14,2,0,2533
37.5,14,2,1,2542
37.5,14,2,2,2550
37.5,14,2,3,2558
37.5,14,2,4,2566
37.5,14,2,5,2574
37.5,14,2,6,2582
37.5,14,2,7,2590
37.5,14,2,8,2598
37.5,14,2,9,2606
37.5,14,2,10,2614
37.5,14,2,11,2622
37.5,14,2,12,2630
37.5,14,2,13,2637
37.5,14,2,14,2645
37.5,14,2,15,2653
37.5,14,3,0,2542
37.5,14,3,1,2550
37.5,14,3,2,2558
37.5,14,3,3,2566
37.5,14,3,4,2574
37.5,14,3,5,2582
37.5,14,3,6,2590
37.5,14,3,7,2599
37.5,14,3,8,2607
37.5,14,3,9,2615
37.5,14,3,10,2622
37.5,14,3,11,2630
37.5,14,3,12,2638
37.5,14,3,13,2646
37.5,14,3,14,2654
37.5,14,3,15,2662
37.5,14,4,0,2550
37.5,14,4,1,2558
37.5,14,4,2,2566
37.5,14,4,3,2575
37.5,14,4,4,2583
37.5,14,4,5,2591
37.5,14,4,6,2599
37.5,14,4,7,2607
37.5,14,4,8,2615
37.5,14,4,9,2623
37.5,14,4,10,2631
37.5,14,4,11,2639
37.5,14,4,12,2647
37.5,14,4,13,2655
37.5,14,4,14,2663
37.5,14,4,15,2671
37.5,14,5,0,2558
37.5,14,5,1,2567
37.5,14,5,2,2575
37.5,14,5,3,2583
37.5,14,5,4,2591
37.5,14,5,5,2599
37.5,14,5,6,2607
37.5,14,5,7,2616
37.5,14,5,8,2624
37.5,14,5,9,2632
37.5,14,5,10,2640
37.5,14,5,11,2648
37.5,14,5,12,2656
37.5,14,5,13,2664
37.5,14,5,14,2671
37.5,14,5,15,2679
37.5,14,6,0,2567
37.5,14,6,1,2575
37.5,14,6,2,2583
37.5,14,6,3,2591
37.5,14,6,4,2600
37.5,14,6,5,2608
37.5,14,6,6,2616
37.5,14,6,7,2624
37.5,14,6,8,2632
37.5,14,6,9,2640
37.5,14,6,10,2648
37.5,14,6,11,2656
37.5,14,6,12,2664
37.5,14,6,13,2672
37.5,14,6,14,2680
37.5,14,6,15,2688
37.5,14,7,0,2575
37.5,14,7,1,2583
37.5,14,7,2,2592
37.5,14,7,3,2600
37.5,14,7,4,2608
37.5,14,7,5,2616
37.5,14,7,6,2624
37.5,14,7,7,2632
37.5,14,7,8,2641
37.5,14,7,9,2649
37.5,14,7,10,2657
37.5,14,7,11,2665
37.5,14,7,12,2673
37.5,14,7,13,2681
37.5,14,7,14,2689
37.5,14,7,15,2697
37.5,14,8,0,2583
37.5,14,8,1,2592
37.5,14,8,2,2600
37.5,14,8,3,2608
37.5,14,8,4,2616
37.5,14,8,5,2625
37.5,14,8,6,2633
37.5,14,8,7,2641
37.5,14,8,8,2649
37.5,14,8,9,2657
37.5,14,8,10,2665
37.5,14,8,11,2673
37.5,14,8,12,2681
37.5,14,8,13,2689
37.5,14,8,14,2697
37.5,14,8,15,2705
37.5,14,9,0,2591
37.5,14,9,1,2600
37.5,14,9,2,2608
37.5,14,9,3,2616
37.5,14,9,4,2625
37.5,14,9,5,2633
37.5,14,9,6,2641
37.5,14,9,7,2649
37.5,14,9,8,2657
37.5,14,9,9,2666
37.5,14,9,10,2674
37.5,14,9,11,2682
37.5,14,9,12,2690
37.5,14,9,13,2698
37.5,14,9,14,2706
37.5,14,9,15,2714
37.5,14,10,0,2600
37.5,14,10,1,2608
37.5,14,10,2,2616
37.5,14,10,3,2625
37.5,14,10,4,2633
37.5,14,10,5,2641
37.5,14,10,6,2649
37.5,14,10,7,2658
37.5,14,10,8,2666
37.5,14,10,9,2674
37.5,14,10,10,2682
37.5,14,10,11,2690
37.5,14,10,12,2698
37.5,14,10,13,2706
37.5,14,10,14,2715
37.5,14,10,15,2723
37.5,14,11,0,2608
37.5,14,11,1,2616
37.5,14,11,2,2625
37.5,14,11,3,2633
37.5,14,11,4,2641
37.5,14,11,5,2650
37.5,14,11,6,2658
37.5,14,11,7,2666
37.5,14,11,8,2674
37.5,14,11,9,2682
37.5,14,11,10,2691
37.5,14,11,11,2699
37.5,14,11,12,2707
37.5,14,11,13,2715
37.5,14,11,14,2723
37.5,14,11,15,2731
37.5,14,12,0,2616
37.5,14,12,1,2624
37.5,14,12,2,2633
37.5,14,12,3,2641
37.5,14,12,4,2649
37.5,14,12,5,2658
37.5,14,12,6,2666
37.5,14,12,7,2674
37.5,14,12,8,2683
37.5,14,12,9,2691
37.5,14,12,10,2699
37.5,14,12,11,2707
37.5,14,12,12,2715
37.5,14,12,13,2723
37.5,14,12,14,2732
37.5,14,12,15,2740
37.5,14,13,0,2624
37.5,14,13,1,2632
37.5,14,13,2,2641
37.5,14,13,3,2649
37.5,14,13,4,2658
37.5,14,13,5,2666
37.5,14,13,6,2674
37.5,14,13,7,2683
37.5,14,13,8,2691
37.5,14,13,9,2699
37.5,14,13,10,2707
37.5,14,13,11,2716
37.5,14,13,12,2724
37.5,14,13,13,2732
37.5,14,13,14,2740
37.5,14,13,15,2748
37.5,14,14,0,2632
37.5,14,14,1,2641
37.5,14,14,2,2649
37.5,14,14,3,2657
37.5,14,14,4,2666
37.5,14,14,5,2674
37.5,14,14,6,2683
37.5,14,14,7,2691
37.5,14,14,8,2699
37.5,14,14,9,2707
37.5,14,14,10,2716
37.5,14,14,11,2724
37.5,14,14,12,2732
37.5,14,14,13,2740
37.5,14,14,14,2748
37.5,14,14,15,2757
37.5,14,15,0,2640
37.5,14,15,1,2649
37.5,14,15,2,2657
37.5,14,15,3,2666
37.5,14,15,4,2674
37.5,14,15,5,2682
37.5,14,15,6,2691
37.5,14,15,7,2699
37.5,14,15,8,2707
37.5,14,15,9,2716
37.5,14,15,10,2724
37.5,14,15,11,2732
37.5,14,15,12,2740
37.5,14,15,13,2749
37.5,14,15,14,2757
37.5,14,15,15,2765
37.5,15,0,0,2526
37.5,15,0,1,2534
37.5,15,0,2,2542
37.5,15,0,3,2550
37.5,15,0,4,2558
37.5,15,0,5,2566
37.5,15,0,6,2574
37.5,15,0,7,2582
37.5,15,0,8,2590
37.5,15,0,9,2598
37.5,15,0,10,2606
37.5,15,0,11,2614
37.5,15,0,12,2622
37.5,15,0,13,2629
37.5,15,0,14,2637
37.5,15,0,15,2645
37.5,15,1,0,2534
37.5,15,1,1,2542
37.5,15,1,2,2550
37.5,15,1,3,2559
37.5,15,1,4,2567
37.5,15,1,5,2575
37.5,15,1,6,2583
37.5,15,1,7,2591
37.5,15,1,8,2599
37.5,15,1,9,2607
37.5,15,1,10,2615
37.5,15,1,11,2623
37.5,15,1,12,2630
37.5,15,1,13,2638
37.5,15,1,14,2646
37.5,15,1,15,2654
37.5,15,2,0,2543
37.5,15,2,1,2551
37.5,15,2,2,2559
37.5,15,2,3,2567
37.5,15,2,4,2575
37.5,15,2,5,2583
37.5,15,2,6,2591
37.5,15,2,7,2599
37.5,15,2,8,2607
37.5,15,2,9,2615
37.5,15,2,10,2623
37.5,15,2,11,2631
37.5,15,2,12,2639
37.5,15,2,13,2647
37.5,15,2,14,2655
37.5,15,2,15,2663
37.5,15,3,0,2551
37.5,15,3,1,2559
37.5,15,3,2,2567
37.5,15,3,3,2576
37.5,15,3,4,2584
37.5,15,3,5,2592
37.5,15,3,6,2600
37.5,15,3,7,2608
37.5,15,3,8,2616
37.5,15,3,9,2624
37.5,15,3,10,2632
37.5,15,3,11,2640
37.5,15,3,12,2648
37.5,15,3,13,2656
37.5,15,3,14,2664
37.5,15,3,15,2672
37.5,15,4,0,2559
37.5,15,4,1,2568
37.5,15,4,2,2576
37.5,15,4,3,2584
37.5,15,4,4,2592
37.5,15,4,5,2600
37.5,15,4,6,2608
37.5,15,4,7,2617
37.5,15,4,8,2625
37.5,15,4,9,2633
37.5,15,4,10,2641
37.5,15,4,11,2649
37.5,15,4,12,2657
37.5,15,4,13,2665
37.5,15,4,14,2672
37.5,15,4,15,2680
37.5,15,5,0,2568
37.5,15,5,1,2576
37.5,15,5,2,2584
37.5,15,5,3,2592
37.5,15,5,4,2601
37.5,15,5,5,2609
37.5,15,5,6,2617
37.5,15,5,7,2625
37.5,15,5,8,2633
37.5,15,5,9,2641
37.5,15,5,10,2649
37.5,15,5,11,2657
37.5,15,5,12,2665
37.5,15,5,13,2673
37.5,15,5,14,2681
37.5,15,5,15,2689
37.5,15,6,0,2576
37.5,15,6,1,2584
37.5,15,6,2,2593
37.5,15,6,3,2601
37.5,15,6,4,2609
37.5,15,6,5,2617
37.5,15,6,6,2625
37.5,15,6,7,2634
37.5,15,6,8,2642
37.5,15,6,9,2650
37.5,15,6,10,2658
37.5,15,6,11,2666
37.5,15,6,12,2674
37.5,15,6,13,2682
37.5,15,6,14,2690
37.5,15,6,15,2698
37.5,15,7,0,2584
37.5,15,7,1,2593
37.5,15,7,2,2601
37.5,15,7,3,2609
37.5,15,7,4,2617
37.5,15,7,5,2626
37.5,15,7,6,2634
37.5,15,7,7,2642
37.5,15,7,8,2650
37.5,15,7,9,2658
37.5,15,7,10,2666
37.5,15,7,11,2674
37.5,15,7,12,2683
37.5,15,7,13,2691
37.5,15,7,14,2699
37.5,15,7,15,2707
37.5,15,8,0,2593
37.5,15,8,1,2601
37.5,15,8,2,2609
37.5,15,8,3,2618
37.5,15,8,4,2626
37.5,15,8,5,2634
37.5,15,8,6,2642
37.5,15,8,7,2651
37.5,15,8,8,2659
37.5,15,8,9,2667
37.5,15,8,10,2675
37.5,15,8,11,2683
37.5,15,8,12,2691
37.5,15,8,13,2699
37.5,15,8,14,2707
37.5,15,8,15,2715
37.5,15,9,0,2601
37.5,15,9,1,2609
37.5,15,9,2,2618
37.5,15,9,3,2626
37.5,15,9,4,2634
37.5,15,9,5,2642
37.5,15,9,6,2651
37.5,15,9,7,2659
37.5,15,9,8,2667
37.5,15,9,9,2675
37.5,15,9,10,2683
37.5,15,9,11,2692
37.5,15,9,12,2700
37.5,15,9,13,2708
37.5,15,9,14,2716
37.5,15,9,15,2724
37.5,15,10,0,2609
37.5,15,10,1,2617
37.5,15,10,2,2626
37.5,15,10,3,2634
37.5,15,10,4,2643
37.5,15,10,5,2651
37.5,15,10,6,2659
37.5,15,10,7,2667
37.5,15,10,8,2676
37.5,15,10,9,2684
37.5,15,10,10,2692
37.5,15,10,11,2700
37.5,15,10,12,2708
37.5,15,10,13,2716
37.5,15,10,14,2724
37.5,15,10,15,2732
37.5,15,11,0,2617
37.5,15,11,1,2626
37.5,15,11,2,2634
37.5,15,11,3,2642
37.5,15,11,4,2651
37.5,15,11,5,2659
37.5,15,11,6,2667
37.5,15,11,7,2676
37.5,15,11,8,2684
37.5,15,11,9,2692
37.5,15,11,10,2700
37.5,15,11,11,2709
37.5,15,11,12,2717
37.5,15,11,13,2725
37.5,15,11,14,2733
37.5,15,11,15,2741
37.5,15,12,0,2625
37.5,15,12,1,2634
37.5,15,12,2,2642
37.5,15,12,3,2651
37.5,15,12,4,2659
37.5,15,12,5,2667
37.5,15,12,6,2676
37.5,15,12,7,2684
37.5,15,12,8,2692
37.5,15,12,9,2701
37.5,15,12,10,2709
37.5,15,12,11,2717
37.5,15,12,12,2725
37.5,15,12,13,2733
37.5,15,12,14,2741
37.5,15,12,15,2750
37.5,15,13,0,2634
37.5,15,13,1,2642
37.5,15,13,2,2651
37.5,15,13,3,2659
37.5,15,13,4,2667
37.5,15,13,5,2676
37.5,15,13,6,2684
37.5,15,13,7,2692
37.5,15,13,8,2701
37.5,15,13,9,2709
37.5,15,13,10,2717
37.5,15,13,11,2725
37.5,15,13,12,2734
37.5,15,13,13,2742
37.5,15,13,14,2750
37.5,15,13,15,2758
37.5,15,14,0,2642
37.5,15,14,1,2650
37.5,15,14,2,2659
37.5,15,14,3,2667
37.5,15,14,4,2676
37.5,15,14,5,2684
37.5,15,14,6,2692
37.5,15,14,7,2701
37.5,15,14,8,2709
37.5,15,14,9,2717
37.5,15,14,10,2726
37.5,15,14,11,2734
37.5,15,14,12,2742
37.5,15,14,13,2750
37.5,15,14,14,2758
37.5,15,14,15,2767
37.5,15,15,0,2650
37.5,15,15,1,2658
37.5,15,15,2,2667
37.5,15,15,3,2675
37.5,15,15,4,2684
37.5,15,15,5,2692
37.5,15,15,6,2701
37.5,15,15,7,2709
37.5,15,15,8,2717
37.5,15,15,9,2726
37.5,15,15,10,2734
37.5,15,15,11,2742
37.5,15,15,12,2750
37.5,15,15,13,2759
37.5,15,15,14,2767
37.5,15,15,15,2775
38.0,0,0,0,2406
38.0,0,0,1,2414
38.0,0,0,2,2422
38.0,0,0,3,2429
38.0,0,0,4,2437
38.0,0,0,5,2445
38.0,0,0,6,2452
38.0,0,0,7,2460
38.0,0,0,8,2467
38.0,0,0,9,2475
38.0,0,0,10,2482
38.0,0,0,11,2490
38.0,0,0,12,2497
38.0,0,0,13,2505
38.0,0,0,14,2512
38.0,0,0,15,2520
38.0,0,1,0,2414
38.0,0,1,1,2422
38.0,0,1,2,2430
38.0,0,1,3,2437
38.0,0,1,4,2445
38.0,0,1,5,2453
38.0,0,1,6,2460
38.0,0,1,7,2468
38.0,0,1,8,2476
38.0,0,1,9,2483
38.0,0,1,10,2491
38.0,0,1,11,2498
38.0,0,1,12,2506
38.0,0,1,13,2513
38.0,0,1,14,2521
38.0,0,1,15,2528
38.0,0,2,0,2422
38.0,0,2,1,2430
38.0,0,2,2,2438
38.0,0,2,3,2446
38.0,0,2,4,2453
38.0,0,2,5,2461
38.0,0,2,6,2469
38.0,0,2,7,2476
38.0,0,2,8,2484
38.0,0,2,9,2492
38.0,0,2,10,2499
38.0,0,2,11,2507
38.0,0,2,12,2514
38.0,0,2,13,2522
38.0,0,2,14,2529
38.0,0,2,15,2537
38.0,0,3,0,2430
38.0,0,3,1,2438
38.0,0,3,2,2446
38.0,0,3,3,2454
38.0,0,3,4,2461
38.0,0,3,5,2469
38.0,0,3,6,2477
38.0,0,3,7,2484
38.0,0,3,8,2492
38.0,0,3,9,2500
38.0,0,3,10,2507
38.0,0,3,11,2515
38.0,0,3,12,2523
38.0,0,3,13,2530
38.0,0,3,14,2538
38.0,0,3,15,2545
38.0,0,4,0,2438
38.0,0,4,1,2446
38.0,0,4,2,2454
38.0,0,4,3,2462
38.0,0,4,4,2469
38.0,0,4,5,2477
38.0,0,4,6,2485
38.0,0,4,7,2493
38.0,0,4,8,2500
38.0,0,4,9,2508
38.0,0,4,10,2516
38.0,0,4,11,2523
38.0,0,4,12,2531
38.0,0,4,13,2538
38.0,0,4,14,2546
38.0,0,4,15,2553
38.0,0,5,0,2446
38.0,0,5,1,2454
38.0,0,5,2,2462
38.0,0,5,3,2470
38.0,0,5,4,2477
38.0,0,5,5,2485
38.0,0,5,6,2493
38.0,0,5,7,2501
38.0,0,5,8,2508
38.0,0,5,9,2516
38.0,0,5,10,2524
38.0,0,5,11,2531
38.0,0,5,12,2539
38.0,0,5,13,2547
38.0,0,5,14,2554
38.0,0,5,15,2562
38.0,0,6,0,2454
38.0,0,6,1,2462
38.0,0,6,2,2470
38.0,0,6,3,2478
38.0,0,6,4,2486
38.0,0,6,5,2493
38.0,0,6,6,2501
38.0,0,6,7,2509
38.0,0,6,8,2517
38.0,0,6,9,2524
38.0,0,6,10,2532
38.0,0,6,11,2540
38.0,0,6,12,2547
38.0,0,6,13,2555
38.0,0,6,14,2563
38.0,0,6,15,2570
38.0,0,7,0,2462
38.0,0,7,1,2470
38.0,0,7,2,2478
38.0,0,7,3,2486
38.0,0,7,4,2494
38.0,0,7,5,2501
38.0,0,7,6,2509
38.0,0,7,7,2517
38.0,0,7,8,2525
38.0,0,7,9,2532
38.0,0,7,10,2540
38.0,0,7,11,2548
38.0,0,7,12,2556
38.0,0,7,13,2563
38.0,0,7,14,2571
38.0,0,7,15,2578
38.0,0,8,0,2470
38.0,0,8,1,2478
38.0,0,8,2,2486
38.0,0,8,3,2494
38.0,0,8,4,2502
38.0,0,8,5,2509
38.0,0,8,6,2517
38.0,0,8,7,2525
38.0,0,8,8,2533
38.0,0,8,9,2541
38.0,0,8,10,2548
38.0,0,8,11,2556
38.0,0,8,12,2564
38.0,0,8,13,2571
38.0,0,8,14,2579
38.0,0,8,15,2587
38.0,0,9,0,2478
38.0,0,9,1,2486
38.0,0,9,2,2494
38.0,0,9,3,2502
38.0,0,9,4,2509
38.0,0,9,5,2517
38.0,0,9,6,2525
38.0,0,9,7,2533
38.0,0,9,8,2541
38.0,0,9,9,2549
38.0,0,9,10,2556
38.0,0,9,11,2564
38.0,0,9,12,2572
38.0,0,9,13,2580
38.0,0,9,14,2587
38.0,0,9,15,2595
38.0,0,10,0,2486
38.0,0,10,1,2494
38.0,0,10,2,2502
38.0,0,10,3,2509
38.0,0,10,4,2517
38.0,0,10,5,2525
38.0,0,10,6,2533
38.0,0,10,7,2541
38.0,0,10,8,2549
38.0,0,10,9,2557
38.0,0,10,10,2564
38.0,0,10,11,2572
38.0,0,10,12,2580
38.0,0,10,13,2588
38.0,0,10,14,2595
38.0,0,10,15,2603
38.0,0,11,0,2493
38.0,0,11,1,2501
38.0,0,11,2,2509
38.0,0,11,3,2517
38.0,0,11,4,2525
38.0,0,11,5,2533
38.0,0,11,6,2541
38.0,0,11,7,2549
38.0,0,11,8,2557
38.0,0,11,9,2565
38.0,0,11,10,2573
38.0,0,11,11,2580
38.0,0,11,12,2588
38.0,0,11,13,2596
38.0,0,11,14,2604
38.0,0,11,15,2611
38.0,0,12,0,2501
38.0,0,12,1,2509
38.0,0,12,2,2517
38.0,0,12,3,2525
38.0,0,12,4,2533
38.0,0,12,5,2541
38.0,0,12,6,2549
38.0,0,12,7,2557
38.0,0,12,8,2565
38.0,0,12,9,2573
38.0,0,12,10,2581
38.0,0,12,11,2588
38.0,0,12,12,2596
38.0,0,12,13,2604
38.0,0,12,14,2612
38.0,0,12,15,2619
38.0,0,13,0,2509
38.0,0,13,1,2517
38.0,0,13,2,2525
38.0,0,13,3,2533
38.0,0,13,4,2541
38.0,0,13,5,2549
38.0,0,13,6,2557
38.0,0,13,7,2565
38.0,0,13,8,2573
38.0,0,13,9,2581
38.0,0,13,10,2589
38.0,0,13,11,2596
38.0,0,13,12,2604
38.0,0,13,13,2612
38.0,0,13,14,2620
38.0,0,13,15,2627
38.0,0,14,0,2517
38.0,0,14,1,2525
38.0,0,14,2,2533
38.0,0,14,3,2541
38.0,0,14,4,2549
38.0,0,14,5,2557
38.0,0,14,6,2565
38.0,0,14,7,2573
38.0,0,14,8,2581
38.0,0,14,9,2589
38.0,0,14,10,2597
38.0,0,14,11,2604
38.0,0,14,12,2612
38.0,0,14,13,2620
38.0,0,14,14,2628
38.0,0,14,15,2636
38.0,0,15,0,2524
38.0,0,15,1,2532
38.0,0,15,2,2541
38.0,0,15,3,2549
38.0,0,15,4,2557
38.0,0,15,5,2565
38.0,0,15,6,2573
38.0,0,15,7,2581
38.0,0,15,8,2589
38.0,0,15,9,2597
38.0,0,15,10,2604
38.0,0,15,11,2612
38.0,0,15,12,2620
38.0,0,15,13,2628
38.0,0,15,14,2636
38.0,0,15,15,2644
38.0,1,0,0,2415
38.0,1,0,1,2423
38.0,1,0,2,2431
38.0,1,0,3,2439
38.0,1,0,4,2446
38.0,1,0,5,2454
38.0,1,0,6,2462
38.0,1,0,7,2469
38.0,1,0,8,2477
38.0,1,0,9,2484
38.0,1,0,10,2492
38.0,1,0,11,2500
38.0,1,0,12,2507
38.0,1,0,13,2515
38.0,1,0,14,2522
38.0,1,0,15,2529
38.0,1,1,0,2423
38.0,1,1,1,2431
38.0,1,1,2,2439
38.0,1,1,3,2447
38.0,1,1,4,2454
38.0,1,1,5,2462
38.0,1,1,6,2470
38.0,1,1,7,2478
38.0,1,1,8,2485
38.0,1,1,9,2493
38.0,1,1,10,2500
38.0,1,1,11,2508
38.0,1,1,12,2515
38.0,1,1,13,2523
38.0,1,1,14,2530
38.0,1,1,15,2538
38.0,1,2,0,2431
38.0,1,2,1,2439
38.0,1,2,2,2447
38.0,1,2,3,2455
38.0,1,2,4,2463
38.0,1,2,5,2470
38.0,1,2,6,2478
38.0,1,2,7,2486
38.0,1,2,8,2493
38.0,1,2,9,2501
38.0,1,2,10,2509
38.0,1,2,11,2516
38.0,1,2,12,2524
38.0,1,2,13,2531
38.0,1,2,14,2539
38.0,1,2,15,2546
38.0,1,3,0,2439
38.0,1,3,1,2447
38.0,1,3,2,2455
38.0,1,3,3,2463
38.0,1,3,4,2471
38.0,1,3,5,2479
38.0,1,3,6,2486
38.0,1,3,7,2494
38.0,1,3,8,2502
38.0,1,3,9,2509
38.0,1,3,10,2517
38.0,1,3,11,2525
38.0,1,3,12,2532
38.0,1,3,13,2540
38.0,1,3,14,2547
38.0,1,3,15,2555
38.0,1,4,0,2448
38.0,1,4,1,2455
38.0,1,4,2,2463
38.0,1,4,3,2471
38.0,1,4,4,2479
38.0,1,4,5,2487
38.0,1,4,6,2494
38.0,1,4,7,2502
38.0,1,4,8,2510
38.0,1,4,9,2518
38.0,1,4,10,2525
38.0,1,4,11,2533
38.0,1,4,12,2541
38.0,1,4,13,2548
38.0,1,4,14,2556
38.0,1,4,15,2563
38.0,1,5,0,2455
38.0,1,5,1,2463
38.0,1,5,2,2471
38.0,1,5,3,2479
38.0,1,5,4,2487
38.0,1,5,5,2495
38.0,1,5,6,2503
38.0,1,5,7,2510
38.0,1,5,8,2518
38.0,1,5,9,2526
38.0,1,5,10,2533
38.0,1,5,11,2541
38.0,1,5,12,2549
38.0,1,5,13,2556
38.0,1,5,14,2564
38.0,1,5,15,2572
38.0,1,6,0,2463
38.0,1,6,1,2471
38.0,1,6,2,2479
38.0,1,6,3,2487
38.0,1,6,4,2495
38.0,1,6,5,2503
38.0,1,6,6,2511
38.0,1,6,7,2518
38.0,1,6,8,2526
38.0,1,6,9,2534
38.0,1,6,10,2542
38.0,1,6,11,2549
38.0,1,6,12,2557
38.0,1,6,13,2565
38.0,1,6,14,2572
38.0,1,6,15,2580
38.0,1,7,0,2471
38.0,1,7,1,2479
38.0,1,7,2,2487
38.0,1,7,3,2495
38.0,1,7,4,2503
38.0,1,7,5,2511
38.0,1,7,6,2519
38.0,1,7,7,2527
38.0,1,7,8,2534
38.0,1,7,9,2542
38.0,1,7,10,2550
38.0,1,7,11,2558
38.0,1,7,12,2565
38.0,1,7,13,2573
38.0,1,7,14,2581
38.0,1,7,15,2588
38.0,1,8,0,2479
38.0,1,8,1,2487
38.0,1,8,2,2495
38.0,1,8,3,2503
38.0,1,8,4,2511
38.0,1,8,5,2519
38.0,1,8,6,2527
38.0,1,8,7,2535
38.0,1,8,8,2542
38.0,1,8,9,2550
38.0,1,8,10,2558
38.0,1,8,11,2566
38.0,1,8,12,2574
38.0,1,8,13,2581
38.0,1,8,14,2589
38.0,1,8,15,2597
38.0,1,9,0,2487
38.0,1,9,1,2495
38.0,1,9,2,2503
38.0,1,9,3,2511
38.0,1,9,4,2519
38.0,1,9,5,2527
38.0,1,9,6,2535
38.0,1,9,7,2543
38.0,1,9,8,2551
38.0,1,9,9,2558
38.0,1,9,10,2566
38.0,1,9,11,2574
38.0,1,9,12,2582
38.0,1,9,13,2589
38.0,1,9,14,2597
38.0,1,9,15,2605
38.0,1,10,0,2495
38.0,1,10,1,2503
38.0,1,10,2,2511
38.0,1,10,3,2519
38.0,1,10,4,2527
38.0,1,10,5,2535
38.0,1,10,6,2543
38.0,1,10,7,2551
38.0,1,10,8,2559
38.0,1,10,9,2566
38.0,1,10,10,2574
38.0,1,10,11,2582
38.0,1,10,12,2590
38.0,1,10,13,2598
38.0,1,10,14,2605
38.0,1,10,15,2613
38.0,1,11,0,2503
38.0,1,11,1,2511
38.0,1,11,2,2519
38.0,1,11,3,2527
38.0,1,11,4,2535
38.0,1,11,5,2543
38.0,1,11,6,2551
38.0,1,11,7,2559
38.0,1,11,8,2567
38.0,1,11,9,2575
38.0,1,11,10,2582
38.0,1,11,11,2590
38.0,1,11,12,2598
38.0,1,11,13,2606
38.0,1,11,14,2613
38.0,1,11,15,2621
38.0,1,12,0,2511
38.0,1,12,1,2519
38.0,1,12,2,2527
38.0,1,12,3,2535
38.0,1,12,4,2543
38.0,1,12,5,2551
38.0,1,12,6,2559
38.0,1,12,7,2567
38.0,1,12,8,2575
38.0,1,12,9,2583
38.0,1,12,10,2590
38.0,1,12,11,2598
38.0,1,12,12,2606
38.0,1,12,13,2614
38.0,1,12,14,2622
38.0,1,12,15,2629
38.0,1,13,0,2518
38.0,1,13,1,2527
38.0,1,13,2,2535
38.0,1,13,3,2543
38.0,1,13,4,2551
38.0,1,13,5,2559
38.0,1,13,6,2567
38.0,1,13,7,2575
38.0,1,13,8,2583
38.0,1,13,9,2591
38.0,1,13,10,2598
38.0,1,13,11,2606
38.0,1,13,12,2614
38.0,1,13,13,2622
38.0,1,13,14,2630
38.0,1,13,15,2638
38.0,1,14,0,2526
38.0,1,14,1,2534
38.0,1,14,2,2542
38.0,1,14,3,2551
38.0,1,14,4,2559
38.0,1,14,5,2567
38.0,1,14,6,2575
38.0,1,14,7,2583
38.0,1,14,8,2591
38.0,1,14,9,2599
38.0,1,14,10,2606
38.0,1,14,11,2614
38.0,1,14,12,2622
38.0,1,14,13,2630
38.0,1,14,14,2638
38.0,1,14,15,2646
38.0,1,15,0,2534
38.0,1,15,1,2542
38.0,1,15,2,2550
38.0,1,15,3,2558
38.0,1,15,4,2566
38.0,1,15,5,2575
38.0,1,15,6,2583
38.0,1,15,7,2591
38.0,1,15,8,2599
38.0,1,15,9,2607
38.0,1,15,10,2614
38.0,1,15,11,2622
38.0,1,15,12,2630
38.0,1,15,13,2638
38.0,1,15,14,2646
38.0,1,15,15,2654
38.0,2,0,0,2425
38.0,2,0,1,2432
38.0,2,0,2,2440
38.0,2,0,3,2448
38.0,2,0,4,2456
38.0,2,0,5,2463
38.0,2,0,6,2471
38.0,2,0,7,2479
38.0,2,0,8,2486
38.0,2,0,9,2494
38.0,2,0,10,2502
38.0,2,0,11,2509
38.0,2,0,12,2517
38.0,2,0,13,2524
38.0,2,0,14,2532
38.0,2,0,15,2539
38.0,2,1,0,2433
38.0,2,1,1,2440
38.0,2,1,2,2448
38.0,2,1,3,2456
38.0,2,1,4,2464
38.0,2,1,5,2472
38.0,2,1,6,2479
38.0,2,1,7,2487
38.0,2,1,8,2495
38.0,2,1,9,2502
38.0,2,1,10,2510
38.0,2,1,11,2517
38.0,2,1,12,2525
38.0,2,1,13,2533
38.0,2,1,14,2540
38.0,2,1,15,2548
38.0,2,2,0,2441
38.0,2,2,1,2449
38.0,2,2,2,2456
38.0,2,2,3,2464
38.0,2,2,4,2472
38.0,2,2,5,2480
38.0,2,2,6,2488
38.0,2,2,7,2495
38.0,2,2,8,2503
38.0,2,2,9,2511
38.0,2,2,10,2518
38.0,2,2,11,2526
38.0,2,2,12,2533
38.0,2,2,13,2541
38.0,2,2,14,2549
38.0,2,2,15,2556
38.0,2,3,0,2449
38.0,2,3,1,2457
38.0,2,3,2,2465
38.0,2,3,3,2472
38.0,2,3,4,2480
38.0,2,3,5,2488
38.0,2,3,6,2496
38.0,2,3,7,2504
38.0,2,3,8,2511
38.0,2,3,9,2519
38.0,2,3,10,2527
38.0,2,3,11,2534
38.0,2,3,12,2542
38.0,2,3,13,2549
38.0,2,3,14,2557
38.0,2,3,15,2565
38.0,2,4,0,2457
38.0,2,4,1,2465
38.0,2,4,2,2473
38.0,2,4,3,2481
38.0,2,4,4,2488
38.0,2,4,5,2496
38.0,2,4,6,2504
38.0,2,4,7,2512
38.0,2,4,8,2519
38.0,2,4,9,2527
38.0,2,4,10,2535
38.0,2,4,11,2543
38.0,2,4,12,2550
38.0,2,4,13,2558
38.0,2,4,14,2565
38.0,2,4,15,2573
38.0,2,5,0,2465
38.0,2,5,1,2473
38.0,2,5,2,2481
38.0,2,5,3,2489
38.0,2,5,4,2496
38.0,2,5,5,2504
38.0,2,5,6,2512
38.0,2,5,7,2520
38.0,2,5,8,2528
38.0,2,5,9,2535
38.0,2,5,10,2543
38.0,2,5,11,2551
38.0,2,5,12,2559
38.0,2,5,13,2566
38.0,2,5,14,2574
38.0,2,5,15,2581
38.0,2,6,0,2473
38.0,2,6,1,2481
38.0,2,6,2,2489
38.0,2,6,3,2497
38.0,2,6,4,2505
38.0,2,6,5,2512
38.0,2,6,6,2520
38.0,2,6,7,2528
38.0,2,6,8,2536
38.0,2,6,9,2544
38.0,2,6,10,2551
38.0,2,6,11,2559
38.0,2,6,12,2567
38.0,2,6,13,2574
38.0,2,6,14,2582
38.0,2,6,15,2590
38.0,2,7,0,2481
38.0,2,7,1,2489
38.0,2,7,2,2497
38.0,2,7,3,2505
38.0,2,7,4,2513
38.0,2,7,5,2521
38.0,2,7,6,2528
38.0,2,7,7,2536
38.0,2,7,8,2544
38.0,2,7,9,2552
38.0,2,7,10,2560
38.0,2,7,11,2567
38.0,2,7,12,2575
38.0,2,7,13,2583
38.0,2,7,14,2590
38.0,2,7,15,2598
38.0,2,8,0,2489
38.0,2,8,1,2497
38.0,2,8,2,2505
38.0,2,8,3,2513
38.0,2,8,4,2521
38.0,2,8,5,2529
38.0,2,8,6,2536
38.0,2,8,7,2544
38.0,2,8,8,2552
38.0,2,8,9,2560
38.0,2,8,10,2568
38.0,2,8,11,2576
38.0,2,8,12,2583
38.0,2,8,13,2591
38.0,2,8,14,2599
38.0,2,8,15,2606
38.0,2,9,0,2497
38.0,2,9,1,2505
38.0,2,9,2,2513
38.0,2,9,3,2521
38.0,2,9,4,2529
38.0,2,9,5,2537
38.0,2,9,6,2545
38.0,2,9,7,2552
38.0,2,9,8,2560
38.0,2,9,9,2568
38.0,2,9,10,2576
38.0,2,9,11,2584
38.0,2,9,12,2592
38.0,2,9,13,2599
38.0,2,9,14,2607
38.0,2,9,15,2615
38.0,2,10,0,2505
38.0,2,10,1,2513
38.0,2,10,2,2521
38.0,2,10,3,2529
38.0,2,10,4,2537
38.0,2,10,5,2545
38.0,2,10,6,2553
38.0,2,10,7,2561
38.0,2,10,8,2568
38.0,2,10,9,2576
38.0,2,10,10,2584
38.0,2,10,11,2592
38.0,2,10,12,2600
38.0,2,10,13,2608
38.0,2,10,14,2615
38.0,2,10,15,2623
38.0,2,11,0,2512
38.0,2,11,1,2521
38.0,2,11,2,2529
38.0,2,11,3,2537
38.0,2,11,4,2545
38.0,2,11,5,2553
38.0,2,11,6,2561
38.0,2,11,7,2569
38.0,2,11,8,2576
38.0,2,11,9,2584
38.0,2,11,10,2592
38.0,2,11,11,2600
38.0,2,11,12,2608
38.0,2,11,13,2616
38.0,2,11,14,2623
38.0,2,11,15,2631
38.0,2,12,0,2520
38.0,2,12,1,2528
38.0,2,12,2,2536
38.0,2,12,3,2545
38.0,2,12,4,2553
38.0,2,12,5,2561
38.0,2,12,6,2569
38.0,2,12,7,2577
38.0,2,12,8,2585
38.0,2,12,9,2592
38.0,2,12,10,2600
38.0,2,12,11,2608
38.0,2,12,12,2616
38.0,2,12,13,2624
38.0,2,12,14,2632
38.0,2,12,15,2639
38.0,2,13,0,2528
38.0,2,13,1,2536
38.0,2,13,2,2544
38.0,2,13,3,2552
38.0,2,13,4,2561
38.0,2,13,5,2569
38.0,2,13,6,2577
38.0,2,13,7,2585
38.0,2,13,8,2593
38.0,2,13,9,2600
38.0,2,13,10,2608
38.0,2,13,11,2616
38.0,2,13,12,2624
38.0,2,13,13,2632
38.0,2,13,14,2640
38.0,2,13,15,2648
38.0,2,14,0,2536
38.0,2,14,1,2544
38.0,2,14,2,2552
38.0,2,14,3,2560
38.0,2,14,4,2568
38.0,2,14,5,2576
38.0,2,14,6,2585
38.0,2,14,7,2593
38.0,2,14,8,2601
38.0,2,14,9,2608
38.0,2,14,10,2616
38.0,2,14,11,2624
38.0,2,14,12,2632
38.0,2,14,13,2640
38.0,2,14,14,2648
38.0,2,14,15,2656
38.0,2,15,0,2544
38.0,2,15,1,2552
38.0,2,15,2,2560
38.0,2,15,3,2568
38.0,2,15,4,2576
38.0,2,15,5,2584
38.0,2,15,6,2592
38.0,2,15,7,2600
38.0,2,15,8,2608
38.0,2,15,9,2616
38.0,2,15,10,2624
38.0,2,15,11,2632
38.0,2,15,12,2640
38.0,2,15,13,2648
38.0,2,15,14,2656
38.0,2,15,15,2664
38.0,3,0,0,2434
38.0,3,0,1,2442
38.0,3,0,2,2449
38.0,3,0,3,2457
38.0,3,0,4,2465
38.0,3,0,5,2473
38.0,3,0,6,2480
38.0,3,0,7,2488
38.0,3,0,8,2496
38.0,3,0,9,2503
38.0,3,0,10,2511
38.0,3,0,11,2519
38.0,3,0,12,2526
38.0,3,0,13,2534
38.0,3,0,14,2541
38.0,3,0,15,2549
38.0,3,1,0,2442
38.0,3,1,1,2450
38.0,3,1,2,2458
38.0,3,1,3,2465
38.0,3,1,4,2473
38.0,3,1,5,2481
38.0,3,1,6,2489
38.0,3,1,7,2496
38.0,3,1,8,2504
38.0,3,1,9,2512
38.0,3,1,10,2519
38.0,3,1,11,2527
38.0,3,1,12,2535
38.0,3,1,13,2542
38.0,3,1,14,2550
38.0,3,1,15,2557
38.0,3,2,0,2450
38.0,3,2,1,2458
38.0,3,2,2,2466
38.0,3,2,3,2474
38.0,3,2,4,2481
38.0,3,2,5,2489
38.0,3,2,6,2497
38.0,3,2,7,2505
38.0,3,2,8,2512
38.0,3,2,9,2520
38.0,3,2,10,2528
38.0,3,2,11,2535
38.0,3,2,12,2543
38.0,3,2,13,2551
38.0,3,2,14,2558
38.0,3,2,15,2566
38.0,3,3,0,2458
38.0,3,3,1,2466
38.0,3,3,2,2474
38.0,3,3,3,2482
38.0,3,3,4,2490
38.0,3,3,5,2497
38.0,3,3,6,2505
38.0,3,3,7,2513
38.0,3,3,8,2521
38.0,3,3,9,2528
38.0,3,3,10,2536
38.0,3,3,11,2544
38.0,3,3,12,2552
38.0,3,3,13,2559
38.0,3,3,14,2567
38.0,3,3,15,2574
38.0,3,4,0,2466
38.0,3,4,1,2474
38.0,3,4,2,2482
38.0,3,4,3,2490
38.0,3,4,4,2498
38.0,3,4,5,2506
38.0,3,4,6,2513
38.0,3,4,7,2521
38.0,3,4,8,2529
38.0,3,4,9,2537
38.0,3,4,10,2545
38.0,3,4,11,2552
38.0,3,4,12,2560
38.0,3,4,13,2568
38.0,3,4,14,2575
38.0,3,4,15,2583
38.0,3,5,0,2474
38.0,3,5,1,2482
38.0,3,5,2,2490
38.0,3,5,3,2498
38.0,3,5,4,2506
38.0,3,5,5,2514
38.0,3,5,6,2522
38.0,3,5,7,2530
38.0,3,5,8,2537
38.0,3,5,9,2545
38.0,3,5,10,2553
38.0,3,5,11,2561
38.0,3,5,12,2568
38.0,3,5,13,2576
38.0,3,5,14,2584
38.0,3,5,15,2591
38.0,3,6,0,2482
38.0,3,6,1,2490
38.0,3,6,2,2498
38.0,3,6,3,2506
38.0,3,6,4,2514
38.0,3,6,5,2522
38.0,3,6,6,2530
38.0,3,6,7,2538
38.0,3,6,8,2546
38.0,3,6,9,2553
38.0,3,6,10,2561
38.0,3,6,11,2569
38.0,3,6,12,2577
38.0,3,6,13,2584
38.0,3,6,14,2592
38.0,3,6,15,2600
38.0,3,7,0,2490
38.0,3,7,1,2498
38.0,3,7,2,2506
38.0,3,7,3,2514
38.0,3,7,4,2522
38.0,3,7,5,2530
38.0,3,7,6,2538
38.0,3,7,7,2546
38.0,3,7,8,2554
38.0,3,7,9,2562
38.0,3,7,10,2569
38.0,3,7,11,2577
38.0,3,7,12,2585
38.0,3,7,13,2593
38.0,3,7,14,2600
38.0,3,7,15,2608
38.0,3,8,0,2498
38.0,3,8,1,2506
38.0,3,8,2,2514
38.0,3,8,3,2522
38.0,3,8,4,2530
38.0,3,8,5,2538
38.0,3,8,6,2546
38.0,3,8,7,2554
38.0,3,8,8,2562
38.0,3,8,9,2570
38.0,3,8,10,2578
38.0,3,8,11,2585
38.0,3,8,12,2593
38.0,3,8,13,2601
38.0,3,8,14,2609
38.0,3,8,15,2616
38.0,3,9,0,2506
38.0,3,9,1,2514
38.0,3,9,2,2522
38.0,3,9,3,2530
38.0,3,9,4,2538
38.0,3,9,5,2546
38.0,3,9,6,2554
38.0,3,9,7,2562
38.0,3,9,8,2570
38.0,3,9,9,2578
38.0,3,9,10,2586
38.0,3,9,11,2594
38.0,3,9,12,2601
38.0,3,9,13,2609
38.0,3,9,14,2617
38.0,3,9,15,2625
38.0,3,10,0,2514
38.0,3,10,1,2522
38.0,3,10,2,2530
38.0,3,10,3,2538
38.0,3,10,4,2546
38.0,3,10,5,2554
38.0,3,10,6,2562
38.0,3,10,7,2570
38.0,3,10,8,2578
38.0,3,10,9,2586
38.0,3,10,10,2594
38.0,3,10,11,2602
38.0,3,10,12,2610
38.0,3,10,13,2617
38.0,3,10,14,2625
38.0,3,10,15,2633
38.0,3,11,0,2522
38.0,3,11,1,2530
38.0,3,11,2,2538
38.0,3,11,3,2546
38.0,3,11,4,2554
38.0,3,11,5,2562
38.0,3,11,6,2570
38.0,3,11,7,2578
38.0,3,11,8,2586
38.0,3,11,9,2594
38.0,3,11,10,2602
38.0,3,11,11,2610
38.0,3,11,12,2618
38.0,3,11,13,2626
38.0,3,11,14,2633
38.0,3,11,15,2641
38.0,3,12,0,2530
38.0,3,12,1,2538
38.0,3,12,2,2546
38.0,3,12,3,2554
38.0,3,12,4,2562
38.0,3,12,5,2570
38.0,3,12,6,2578
38.0,3,12,7,2586
38.0,3,12,8,2594
38.0,3,12,9,2602
38.0,3,12,10,2610
38.0,3,12,11,2618
38.0,3,12,12,2626
38.0,3,12,13,2634
38.0,3,12,14,2642
38.0,3,12,15,2649
38.0,3,13,0,2538
38.0,3,13,1,2546
38.0,3,13,2,2554
38.0,3,13,3,2562
38.0,3,13,4,2570
38.0,3,13,5,2578
38.0,3,13,6,2586
38.0,3,13,7,2594
38.0,3,13,8,2602
38.0,3,13,9,2610
38.0,3,13,10,2618
38.0,3,13,11,2626
38.0,3,13,12,2634
38.0,3,13,13,2642
38.0,3,13,14,2650
38.0,3,13,15,2658
38.0,3,14,0,2546
38.0,3,14,1,2554
38.0,3,14,2,2562
38.0,3,14,3,2570
38.0,3,14,4,2578
38.0,3,14,5,2586
38.0,3,14,6,2594
38.0,3,14,7,2602
38.0,3,14,8,2610
38.0,3,14,9,2618
38.0,3,14,10,2626
38.0,3,14,11,2634
38.0,3,14,12,2642
38.0,3,14,13,2650
38.0,3,14,14,2658
38.0,3,14,15,2666
38.0,3,15,0,2553
38.0,3,15,1,2562
38.0,3,15,2,2570
38.0,3,15,3,2578
38.0,3,15,4,2586
38.0,3,15,5,2594
38.0,3,15,6,2602
38.0,3,15,7,2610
38.0,3,15,8,2618
38.0,3,15,9,2626
38.0,3,15,10,2634
38.0,3,15,11,2642
38.0,3,15,12,2650
38.0,3,15,13,2658
38.0,3,15,14,2666
38.0,3,15,15,2674
38.0,4,0,0,2443
38.0,4,0,1,2451
38.0,4,0,2,2459
38.0,4,0,3,2466
38.0,4,0,4,2474
38.0,4,0,5,2482
38.0,4,0,6,2490
38.0,4,0,7,2498
38.0,4,0,8,2505
38.0,4,0,9,2513
38.0,4,0,10,2521
38.0,4,0,11,2528
38.0,4,0,12,2536
38.0,4,0,13,2543
38.0,4,0,14,2551
38.0,4,0,15,2558
38.0,4,1,0,2451
38.0,4,1,1,2459
38.0,4,1,2,2467
38.0,4,1,3,2475
38.0,4,1,4,2483
38.0,4,1,5,2490
38.0,4,1,6,2498
38.0,4,1,7,2506
38.0,4,1,8,2514
38.0,4,1,9,2521
38.0,4,1,10,2529
38.0,4,1,11,2537
38.0,4,1,12,2544
38.0,4,1,13,2552
38.0,4,1,14,2559
38.0,4,1,15,2567
38.0,4,2,0,2459
38.0,4,2,1,2467
38.0,4,2,2,2475
38.0,4,2,3,2483
38.0,4,2,4,2491
38.0,4,2,5,2499
38.0,4,2,6,2506
38.0,4,2,7,2514
38.0,4,2,8,2522
38.0,4,2,9,2530
38.0,4,2,10,2537
38.0,4,2,11,2545
38.0,4,2,12,2553
38.0,4,2,13,2560
38.0,4,2,14,2568
38.0,4,2,15,2576
38.0,4,3,0,2467
38.0,4,3,1,2475
38.0,4,3,2,2483
38.0,4,3,3,2491
38.0,4,3,4,2499
38.0,4,3,5,2507
38.0,4,3,6,2515
38.0,4,3,7,2523
38.0,4,3,8,2530
38.0,4,3,9,2538
38.0,4,3,10,2546
38.0,4,3,11,2554
38.0,4,3,12,2561
38.0,4,3,13,2569
38.0,4,3,14,2576
38.0,4,3,15,2584
38.0,4,4,0,2476
38.0,4,4,1,2484
38.0,4,4,2,2491
38.0,4,4,3,2499
38.0,4,4,4,2507
38.0,4,4,5,2515
38.0,4,4,6,2523
38.0,4,4,7,2531
38.0,4,4,8,2539
38.0,4,4,9,2546
38.0,4,4,10,2554
38.0,4,4,11,2562
38.0,4,4,12,2570
38.0,4,4,13,2577
38.0,4,4,14,2585
38.0,4,4,15,2593
38.0,4,5,0,2484
38.0,4,5,1,2492
38.0,4,5,2,2500
38.0,4,5,3,2508
38.0,4,5,4,2515
38.0,4,5,5,2523
38.0,4,5,6,2531
38.0,4,5,7,2539
38.0,4,5,8,2547
38.0,4,5,9,2555
38.0,4,5,10,2562
38.0,4,5,11,2570
38.0,4,5,12,2578
38.0,4,5,13,2586
38.0,4,5,14,2593
38.0,4,5,15,2601
38.0,4,6,0,2492
38.0,4,6,1,2500
38.0,4,6,2,2508
38.0,4,6,3,2516
38.0,4,6,4,2524
38.0,4,6,5,2532
38.0,4,6,6,2539
38.0,4,6,7,2547
38.0,4,6,8,2555
38.0,4,6,9,2563
38.0,4,6,10,2571
38.0,4,6,11,2579
38.0,4,6,12,2586
38.0,4,6,13,2594
38.0,4,6,14,2602
38.0,4,6,15,2609
38.0,4,7,0,2500
38.0,4,7,1,2508
38.0,4,7,2,2516
38.0,4,7,3,2524
38.0,4,7,4,2532
38.0,4,7,5,2540
38.0,4,7,6,2548
38.0,4,7,7,2556
38.0,4,7,8,2563
38.0,4,7,9,2571
38.0,4,7,10,2579
38.0,4,7,11,2587
38.0,4,7,12,2595
38.0,4,7,13,2602
38.0,4,7,14,2610
38.0,4,7,15,2618
38.0,4,8,0,2508
38.0,4,8,1,2516
38.0,4,8,2,2524
38.0,4,8,3,2532
38.0,4,8,4,2540
38.0,4,8,5,2548
38.0,4,8,6,2556
38.0,4,8,7,2564
38.0,4,8,8,2572
38.0,4,8,9,2579
38.0,4,8,10,2587
38.0,4,8,11,2595
38.0,4,8,12,2603
38.0,4,8,13,2611
38.0,4,8,14,2619
38.0,4,8,15,2626
38.0,4,9,0,2516
38.0,4,9,1,2524
38.0,4,9,2,2532
38.0,4,9,3,2540
38.0,4,9,4,2548
38.0,4,9,5,2556
38.0,4,9,6,2564
38.0,4,9,7,2572
38.0,4,9,8,2580
38.0,4,9,9,2588
38.0,4,9,10,2596
38.0,4,9,11,2603
38.0,4,9,12,2611
38.0,4,9,13,2619
38.0,4,9,14,2627
38.0,4,9,15,2635
38.0,4,10,0,2524
38.0,4,10,1,2532
38.0,4,10,2,2540
38.0,4,10,3,2548
38.0,4,10,4,2556
38.0,4,10,5,2564
38.0,4,10,6,2572
38.0,4,10,7,2580
38.0,4,10,8,2588
38.0,4,10,9,2596
38.0,4,10,10,2604
38.0,4,10,11,2612
38.0,4,10,12,2620
38.0,4,10,13,2627
38.0,4,10,14,2635
38.0,4,10,15,2643
38.0,4,11,0,2532
38.0,4,11,1,2540
38.0,4,11,2,2548
38.0,4,11,3,2556
38.0,4,11,4,2564
38.0,4,11,5,2572
38.0,4,11,6,2580
38.0,4,11,7,2588
38.0,4,11,8,2596
38.0,4,11,9,2604
38.0,4,11,10,2612
38.0,4,11,11,2620
38.0,4,11,12,2628
38.0,4,11,13,2636
38.0,4,11,14,2643
38.0,4,11,15,2651
38.0,4,12,0,2539
38.0,4,12,1,2548
38.0,4,12,2,2556
38.0,4,12,3,2564
38.0,4,12,4,2572
38.0,4,12,5,2580
38.0,4,12,6,2588
38.0,4,12,7,2596
38.0,4,12,8,2604
38.0,4,12,9,2612
38.0,4,12,10,2620
38.0,4,12,11,2628
38.0,4,12,12,2636
38.0,4,12,13,2644
38.0,4,12,14,2652
38.0,4,12,15,2660
38.0,4,13,0,2547
38.0,4,13,1,2556
38.0,4,13,2,2564
38.0,4,13,3,2572
38.0,4,13,4,2580
38.0,4,13,5,2588
38.0,4,13,6,2596
38.0,4,13,7,2604
38.0,4,13,8,2612
38.0,4,13,9,2620
38.0,4,13,10,2628
38.0,4,13,11,2636
38.0,4,13,12,2644
38.0,4,13,13,2652
38.0,4,13,14,2660
38.0,4,13,15,2668
38.0,4,14,0,2555
38.0,4,14,1,2563
38.0,4,14,2,2572
38.0,4,14,3,2580
38.0,4,14,4,2588
38.0,4,14,5,2596
38.0,4,14,6,2604
38.0,4,14,7,2612
38.0,4,14,8,2620
38.0,4,14,9,2628
38.0,4,14,10,2636
38.0,4,14,11,2644
38.0,4,14,12,2652
38.0,4,14,13,2660
38.0,4,14,14,2668
38.0,4,14,15,2676
38.0,4,15,0,2563
38.0,4,15,1,2571
38.0,4,15,2,2579
38.0,4,15,3,2588
38.0,4,15,4,2596
38.0,4,15,5,2604
38.0,4,15,6,2612
38.0,4,15,7,2620
38.0,4,15,8,2628
38.0,4,15,9,2636
38.0,4,15,10,2644
38.0,4,15,11,2652
38.0,4,15,12,2660
38.0,4,15,13,2668
38.0,4,15,14,2676
38.0,4,15,15,2684
38.0,5,0,0,2452
38.0,5,0,1,2460
38.0,5,0,2,2468
38.0,5,0,3,2476
38.0,5,0,4,2484
38.0,5,0,5,2491
38.0,5,0,6,2499
38.0,5,0,7,2507
38.0,5,0,8,2515
38.0,5,0,9,2522
38.0,5,0,10,2530
38.0,5,0,11,2538
38.0,5,0,12,2545
38.0,5,0,13,2553
38.0,5,0,14,2561
38.0,5,0,15,2568
38.0,5,1,0,2460
38.0,5,1,1,2468
38.0,5,1,2,2476
38.0,5,1,3,2484
38.0,5,1,4,2492
38.0,5,1,5,2500
38.0,5,1,6,2508
38.0,5,1,7,2515
38.0,5,1,8,2523
38.0,5,1,9,2531
38.0,5,1,10,2539
38.0,5,1,11,2546
38.0,5,1,12,2554
38.0,5,1,13,2562
38.0,5,1,14,2569
38.0,5,1,15,2577
38.0,5,2,0,2469
38.0,5,2,1,2477
38.0,5,2,2,2484
38.0,5,2,3,2492
38.0,5,2,4,2500
38.0,5,2,5,2508
38.0,5,2,6,2516
38.0,5,2,7,2524
38.0,5,2,8,2532
38.0,5,2,9,2539
38.0,5,2,10,2547
38.0,5,2,11,2555
38.0,5,2,12,2562
38.0,5,2,13,2570
38.0,5,2,14,2578
38.0,5,2,15,2585
38.0,5,3,0,2477
38.0,5,3,1,2485
38.0,5,3,2,2493
38.0,5,3,3,2501
38.0,5,3,4,2509
38.0,5,3,5,2516
38.0,5,3,6,2524
38.0,5,3,7,2532
38.0,5,3,8,2540
38.0,5,3,9,2548
38.0,5,3,10,2555
38.0,5,3,11,2563
38.0,5,3,12,2571
38.0,5,3,13,2579
38.0,5,3,14,2586
38.0,5,3,15,2594
38.0,5,4,0,2485
38.0,5,4,1,2493
38.0,5,4,2,2501
38.0,5,4,3,2509
38.0,5,4,4,2517
38.0,5,4,5,2525
38.0,5,4,6,2533
38.0,5,4,7,2540
38.0,5,4,8,2548
38.0,5,4,9,2556
38.0,5,4,10,2564
38.0,5,4,11,2572
38.0,5,4,12,2579
38.0,5,4,13,2587
38.0,5,4,14,2595
38.0,5,4,15,2602
38.0,5,5,0,2493
38.0,5,5,1,2501
38.0,5,5,2,2509
38.0,5,5,3,2517
38.0,5,5,4,2525
38.0,5,5,5,2533
38.0,5,5,6,2541
38.0,5,5,7,2549
38.0,5,5,8,2557
38.0,5,5,9,2564
38.0,5,5,10,2572
38.0,5,5,11,2580
38.0,5,5,12,2588
38.0,5,5,13,2595
38.0,5,5,14,2603
38.0,5,5,15,2611
38.0,5,6,0,2501
38.0,5,6,1,2509
38.0,5,6,2,2517
38.0,5,6,3,2525
38.0,5,6,4,2533
38.0,5,6,5,2541
38.0,5,6,6,2549
38.0,5,6,7,2557
38.0,5,6,8,2565
38.0,5,6,9,2573
38.0,5,6,10,2581
38.0,5,6,11,2588
38.0,5,6,12,2596
38.0,5,6,13,2604
38.0,5,6,14,2612
38.0,5,6,15,2619
38.0,5,7,0,2509
38.0,5,7,1,2517
38.0,5,7,2,2525
38.0,5,7,3,2533
38.0,5,7,4,2541
38.0,5,7,5,2549
38.0,5,7,6,2557
38.0,5,7,7,2565
38.0,5,7,8,2573
38.0,5,7,9,2581
38.0,5,7,10,2589
38.0,5,7,11,2597
38.0,5,7,12,2604
38.0,5,7,13,2612
38.0,5,7,14,2620
38.0,5,7,15,2628
38.0,5,8,0,2517
38.0,5,8,1,2525
38.0,5,8,2,2533
38.0,5,8,3,2541
38.0,5,8,4,2549
38.0,5,8,5,2557
38.0,5,8,6,2565
38.0,5,8,7,2573
38.0,5,8,8,2581
38.0,5,8,9,2589
38.0,5,8,10,2597
38.0,5,8,11,2605
38.0,5,8,12,2613
38.0,5,8,13,2621
38.0,5,8,14,2628
38.0,5,8,15,2636
38.0,5,9,0,2525
38.0,5,9,1,2533
38.0,5,9,2,2541
38.0,5,9,3,2549
38.0,5,9,4,2558
38.0,5,9,5,2566
38.0,5,9,6,2574
38.0,5,9,7,2582
38.0,5,9,8,2590
38.0,5,9,9,2597
38.0,5,9,10,2605
38.0,5,9,11,2613
38.0,5,9,12,2621
38.0,5,9,13,2629
38.0,5,9,14,2637
38.0,5,9,15,2645
38.0,5,10,0,2533
38.0,5,10,1,2541
38.0,5,10,2,2549
38.0,5,10,3,2558
38.0,5,10,4,2566
38.0,5,10,5,2574
38.0,5,10,6,2582
38.0,5,10,7,2590
38.0,5,10,8,2598
38.0,5,10,9,2606
38.0,5,10,10,2614
38.0,5,10,11,2622
38.0,5,10,12,2629
38.0,5,10,13,2637
38.0,5,10,14,2645
38.0,5,10,15,2653
38.0,5,11,0,2541
38.0,5,11,1,2549
38.0,5,11,2,2557
38.0,5,11,3,2566
38.0,5,11,4,2574
38.0,5,11,5,2582
38.0,5,11,6,2590
38.0,5,11,7,2598
38.0,5,11,8,2606
38.0,5,11,9,2614
38.0,5,11,10,2622
38.0,5,11,11,2630
38.0,5,11,12,2638
38.0,5,11,13,2646
38.0,5,11,14,2653
38.0,5,11,15,2661
38.0,5,12,0,2549
38.0,5,12,1,2557
38.0,5,12,2,2565
38.0,5,12,3,2574
38.0,5,12,4,2582
38.0,5,12,5,2590
38.0,5,12,6,2598
38.0,5,12,7,2606
38.0,5,12,8,2614
38.0,5,12,9,2622
38.0,5,12,10,2630
38.0,5,12,11,2638
38.0,5,12,12,2646
38.0,5,12,13,2654
38.0,5,12,14,2662
38.0,5,12,15,2670
38.0,5,13,0,2557
38.0,5,13,1,2565
38.0,5,13,2,2573
38.0,5,13,3,2582
38.0,5,13,4,2590
38.0,5,13,5,2598
38.0,5,13,6,2606
38.0,5,13,7,2614
38.0,5,13,8,2622
38.0,5,13,9,2630
38.0,5,13,10,2638
38.0,5,13,11,2646
38.0,5,13,12,2654
38.0,5,13,13,2662
38.0,5,13,14,2670
38.0,5,13,15,2678
38.0,5,14,0,2565
38.0,5,14,1,2573
38.0,5,14,2,2581
38.0,5,14,3,2590
38.0,5,14,4,2598
38.0,5,14,5,2606
38.0,5,14,6,2614
38.0,5,14,7,2622
38.0,5,14,8,2630
38.0,5,14,9,2638
38.0,5,14,10,2646
38.0,5,14,11,2654
38.0,5,14,12,2662
38.0,5,14,13,2670
38.0,5,14,14,2678
38.0,5,14,15,2686
38.0,5,15,0,2573
38.0,5,15,1,2581
38.0,5,15,2,2589
38.0,5,15,3,2597
38.0,5,15,4,2606
38.0,5,15,5,2614
38.0,5,15,6,2622
38.0,5,15,7,2630
38.0,5,15,8,2638
38.0,5,15,9,2646
38.0,5,15,10,2654
38.0,5,15,11,2662
38.0,5,15,12,2670
38.0,5,15,13,2678
38.0,5,15,14,2686
38.0,5,15,15,2694
38.0,6,0,0,2461
38.0,6,0,1,2469
38.0,6,0,2,2477
38.0,6,0,3,2485
38.0,6,0,4,2493
38.0,6,0,5,2501
38.0,6,0,6,2509
38.0,6,0,7,2516
38.0,6,0,8,2524
38.0,6,0,9,2532
38.0,6,0,10,2540
38.0,6,0,11,2547
38.0,6,0,12,2555
38.0,6,0,13,2563
38.0,6,0,14,2570
38.0,6,0,15,2578
38.0,6,1,0,2470
38.0,6,1,1,2478
38.0,6,1,2,2486
38.0,6,1,3,2493
38.0,6,1,4,2501
38.0,6,1,5,2509
38.0,6,1,6,2517
38.0,6,1,7,2525
38.0,6,1,8,2533
38.0,6,1,9,2540
38.0,6,1,10,2548
38.0,6,1,11,2556
38.0,6,1,12,2563
38.0,6,1,13,2571
38.0,6,1,14,2579
38.0,6,1,15,2586
38.0,6,2,0,2478
38.0,6,2,1,2486
38.0,6,2,2,2494
38.0,6,2,3,2502
38.0,6,2,4,2510
38.0,6,2,5,2518
38.0,6,2,6,2525
38.0,6,2,7,2533
38.0,6,2,8,2541
38.0,6,2,9,2549
38.0,6,2,10,2557
38.0,6,2,11,2564
38.0,6,2,12,2572
38.0,6,2,13,2580
38.0,6,2,14,2587
38.0,6,2,15,2595
38.0,6,3,0,2486
38.0,6,3,1,2494
38.0,6,3,2,2502
38.0,6,3,3,2510
38.0,6,3,4,2518
38.0,6,3,5,2526
38.0,6,3,6,2534
38.0,6,3,7,2542
38.0,6,3,8,2549
38.0,6,3,9,2557
38.0,6,3,10,2565
38.0,6,3,11,2573
38.0,6,3,12,2581
38.0,6,3,13,2588
38.0,6,3,14,2596
38.0,6,3,15,2604
38.0,6,4,0,2494
38.0,6,4,1,2502
38.0,6,4,2,2510
38.0,6,4,3,2518
38.0,6,4,4,2526
38.0,6,4,5,2534
38.0,6,4,6,2542
38.0,6,4,7,2550
38.0,6,4,8,2558
38.0,6,4,9,2566
38.0,6,4,10,2573
38.0,6,4,11,2581
38.0,6,4,12,2589
38.0,6,4,13,2597
38.0,6,4,14,2604
38.0,6,4,15,2612
38.0,6,5,0,2502
38.0,6,5,1,2510
38.0,6,5,2,2518
38.0,6,5,3,2526
38.0,6,5,4,2534
38.0,6,5,5,2542
38.0,6,5,6,2550
38.0,6,5,7,2558
38.0,6,5,8,2566
38.0,6,5,9,2574
38.0,6,5,10,2582
38.0,6,5,11,2590
38.0,6,5,12,2597
38.0,6,5,13,2605
38.0,6,5,14,2613
38.0,6,5,15,2621
38.0,6,6,0,2510
38.0,6,6,1,2519
38.0,6,6,2,2527
38.0,6,6,3,2535
38.0,6,6,4,2543
38.0,6,6,5,2551
38.0,6,6,6,2559
38.0,6,6,7,2567
38.0,6,6,8,2574
38.0,6,6,9,2582
38.0,6,6,10,2590
38.0,6,6,11,2598
38.0,6,6,12,2606
38.0,6,6,13,2614
38.0,6,6,14,2621
38.0,6,6,15,2629
38.0,6,7,0,2519
38.0,6,7,1,2527
38.0,6,7,2,2535
38.0,6,7,3,2543
38.0,6,7,4,2551
38.0,6,7,5,2559
38.0,6,7,6,2567
38.0,6,7,7,2575
38.0,6,7,8,2583
38.0,6,7,9,2591
38.0,6,7,10,2599
38.0,6,7,11,2606
38.0,6,7,12,2614
38.0,6,7,13,2622
38.0,6,7,14,2630
38.0,6,7,15,2638
38.0,6,8,0,2527
38.0,6,8,1,2535
38.0,6,8,2,2543
38.0,6,8,3,2551
38.0,6,8,4,2559
38.0,6,8,5,2567
38.0,6,8,6,2575
38.0,6,8,7,2583
38.0,6,8,8,2591
38.0,6,8,9,2599
38.0,6,8,10,2607
38.0,6,8,11,2615
38.0,6,8,12,2623
38.0,6,8,13,2630
38.0,6,8,14,2638
38.0,6,8,15,2646
38.0,6,9,0,2535
38.0,6,9,1,2543
38.0,6,9,2,2551
38.0,6,9,3,2559
38.0,6,9,4,2567
38.0,6,9,5,2575
38.0,6,9,6,2583
38.0,6,9,7,2591
38.0,6,9,8,2599
38.0,6,9,9,2607
38.0,6,9,10,2615
38.0,6,9,11,2623
38.0,6,9,12,2631
38.0,6,9,13,2639
38.0,6,9,14,2647
38.0,6,9,15,2654
38.0,6,10,0,2543
38.0,6,10,1,2551
38.0,6,10,2,2559
38.0,6,10,3,2567
38.0,6,10,4,2575
38.0,6,10,5,2583
38.0,6,10,6,2591
38.0,6,10,7,2599
38.0,6,10,8,2607
38.0,6,10,9,2615
38.0,6,10,10,2623
38.0,6,10,11,2631
38.0,6,10,12,2639
38.0,6,10,13,2647
38.0,6,10,14,2655
38.0,6,10,15,2663
38.0,6,11,0,2551
38.0,6,11,1,2559
38.0,6,11,2,2567
38.0,6,11,3,2575
38.0,6,11,4,2583
38.0,6,11,5,2591
38.0,6,11,6,2600
38.0,6,11,7,2608
38.0,6,11,8,2616
38.0,6,11,9,2624
38.0,6,11,10,2632
38.0,6,11,11,2640
38.0,6,11,12,2648
38.0,6,11,13,2655
38.0,6,11,14,2663
38.0,6,11,15,2671
38.0,6,12,0,2559
38.0,6,12,1,2567
38.0,6,12,2,2575
38.0,6,12,3,2583
38.0,6,12,4,2591
38.0,6,12,5,2600
38.0,6,12,6,2608
38.0,6,12,7,2616
38.0,6,12,8,2624
38.0,6,12,9,2632
38.0,6,12,10,2640
38.0,6,12,11,2648
38.0,6,12,12,2656
38.0,6,12,13,2664
38.0,6,12,14,2672
38.0,6,12,15,2680
38.0,6,13,0,2567
38.0,6,13,1,2575
38.0,6,13,2,2583
38.0,6,13,3,2591
38.0,6,13,4,2599
38.0,6,13,5,2608
38.0,6,13,6,2616
38.0,6,13,7,2624
38.0,6,13,8,2632
38.0,6,13,9,2640
38.0,6,13,10,2648
38.0,6,13,11,2656
38.0,6,13,12,2664
38.0,6,13,13,2672
38.0,6,13,14,2680
38.0,6,13,15,2688
38.0,6,14,0,2574
38.0,6,14,1,2583
38.0,6,14,2,2591
38.0,6,14,3,2599
38.0,6,14,4,2607
38.0,6,14,5,2616
38.0,6,14,6,2624
38.0,6,14,7,2632
38.0,6,14,8,2640
38.0,6,14,9,2648
38.0,6,14,10,2656
38.0,6,14,11,2664
38.0,6,14,12,2672
38.0,6,14,13,2680
38.0,6,14,14,2688
38.0,6,14,15,2696
38.0,6,15,0,2582
38.0,6,15,1,2591
38.0,6,15,2,2599
38.0,6,15,3,2607
38.0,6,15,4,2615
38.0,6,15,5,2624
38.0,6,15,6,2632
38.0,6,15,7,2640
38.0,6,15,8,2648
38.0,6,15,9,2656
38.0,6,15,10,2664
38.0,6,15,11,2672
38.0,6,15,12,2680
38.0,6,15,13,2688
38.0,6,15,14,2696
38.0,6,15,15,2704
38.0,7,0,0,2471
38.0,7,0,1,2479
38.0,7,0,2,2487
38.0,7,0,3,2494
38.0,7,0,4,2502
38.0,7,0,5,2510
38.0,7,0,6,2518
38.0,7,0,7,2526
38.0,7,0,8,2534
38.0,7,0,9,2541
38.0,7,0,10,2549
38.0,7,0,11,2557
38.0,7,0,12,2564
38.0,7,0,13,2572
38.0,7,0,14,2580
38.0,7,0,15,2587
38.0,7,1,0,2479
38.0,7,1,1,2487
38.0,7,1,2,2495
38.0,7,1,3,2503
38.0,7,1,4,2511
38.0,7,1,5,2519
38.0,7,1,6,2526
38.0,7,1,7,2534
38.0,7,1,8,2542
38.0,7,1,9,2550
38.0,7,1,10,2558
38.0,7,1,11,2565
38.0,7,1,12,2573
38.0,7,1,13,2581
38.0,7,1,14,2588
38.0,7,1,15,2596
38.0,7,2,0,2487
38.0,7,2,1,2495
38.0,7,2,2,2503
38.0,7,2,3,2511
38.0,7,2,4,2519
38.0,7,2,5,2527
38.0,7,2,6,2535
38.0,7,2,7,2543
38.0,7,2,8,2551
38.0,7,2,9,2558
38.0,7,2,10,2566
38.0,7,2,11,2574
38.0,7,2,12,2582
38.0,7,2,13,2589
38.0,7,2,14,2597
38.0,7,2,15,2605
38.0,7,3,0,2495
38.0,7,3,1,2503
38.0,7,3,2,2511
38.0,7,3,3,2519
38.0,7,3,4,2527
38.0,7,3,5,2535
38.0,7,3,6,2543
38.0,7,3,7,2551
38.0,7,3,8,2559
38.0,7,3,9,2567
38.0,7,3,10,2575
38.0,7,3,11,2582
38.0,7,3,12,2590
38.0,7,3,13,2598
38.0,7,3,14,2606
38.0,7,3,15,2613
38.0,7,4,0,2504
38.0,7,4,1,2512
38.0,7,4,2,2520
38.0,7,4,3,2528
38.0,7,4,4,2536
38.0,7,4,5,2544
38.0,7,4,6,2552
38.0,7,4,7,2559
38.0,7,4,8,2567
38.0,7,4,9,2575
38.0,7,4,10,2583
38.0,7,4,11,2591
38.0,7,4,12,2599
38.0,7,4,13,2606
38.0,7,4,14,2614
38.0,7,4,15,2622
38.0,7,5,0,2512
38.0,7,5,1,2520
38.0,7,5,2,2528
38.0,7,5,3,2536
38.0,7,5,4,2544
38.0,7,5,5,2552
38.0,7,5,6,2560
38.0,7,5,7,2568
38.0,7,5,8,2576
38.0,7,5,9,2584
38.0,7,5,10,2592
38.0,7,5,11,2599
38.0,7,5,12,2607
38.0,7,5,13,2615
38.0,7,5,14,2623
38.0,7,5,15,2630
38.0,7,6,0,2520
38.0,7,6,1,2528
38.0,7,6,2,2536
38.0,7,6,3,2544
38.0,7,6,4,2552
38.0,7,6,5,2560
38.0,7,6,6,2568
38.0,7,6,7,2576
38.0,7,6,8,2584
38.0,7,6,9,2592
38.0,7,6,10,2600
38.0,7,6,11,2608
38.0,7,6,12,2616
38.0,7,6,13,2623
38.0,7,6,14,2631
38.0,7,6,15,2639
38.0,7,7,0,2528
38.0,7,7,1,2536
38.0,7,7,2,2544
38.0,7,7,3,2552
38.0,7,7,4,2560
38.0,7,7,5,2568
38.0,7,7,6,2576
38.0,7,7,7,2584
38.0,7,7,8,2592
38.0,7,7,9,2600
38.0,7,7,10,2608
38.0,7,7,11,2616
38.0,7,7,12,2624
38.0,7,7,13,2632
38.0,7,7,14,2640
38.0,7,7,15,2648
38.0,7,8,0,2536
38.0,7,8,1,2544
38.0,7,8,2,2552
38.0,7,8,3,2561
38.0,7,8,4,2569
38.0,7,8,5,2577
38.0,7,8,6,2585
38.0,7,8,7,2593
38.0,7,8,8,2601
38.0,7,8,9,2609
38.0,7,8,10,2617
38.0,7,8,11,2625
38.0,7,8,12,2632
38.0,7,8,13,2640
38.0,7,8,14,2648
38.0,7,8,15,2656
38.0,7,9,0,2544
38.0,7,9,1,2552
38.0,7,9,2,2561
38.0,7,9,3,2569
38.0,7,9,4,2577
38.0,7,9,5,2585
38.0,7,9,6,2593
38.0,7,9,7,2601
38.0,7,9,8,2609
38.0,7,9,9,2617
38.0,7,9,10,2625
38.0,7,9,11,2633
38.0,7,9,12,2641
38.0,7,9,13,2649
38.0,7,9,14,2657
38.0,7,9,15,2664
38.0,7,10,0,2552
38.0,7,10,1,2560
38.0,7,10,2,2569
38.0,7,10,3,2577
38.0,7,10,4,2585
38.0,7,10,5,2593
38.0,7,10,6,2601
38.0,7,10,7,2609
38.0,7,10,8,2617
38.0,7,10,9,2625
38.0,7,10,10,2633
38.0,7,10,11,2641
38.0,7,10,12,2649
38.0,7,10,13,2657
38.0,7,10,14,2665
38.0,7,10,15,2673
38.0,7,11,0,2560
38.0,7,11,1,2568
38.0,7,11,2,2577
38.0,7,11,3,2585
38.0,7,11,4,2593
38.0,7,11,5,2601
38.0,7,11,6,2609
38.0,7,11,7,2617
38.0,7,11,8,2625
38.0,7,11,9,2634
38.0,7,11,10,2642
38.0,7,11,11,2650
38.0,7,11,12,2657
38.0,7,11,13,2665
38.0,7,11,14,2673
38.0,7,11,15,2681
38.0,7,12,0,2568
38.0,7,12,1,2576
38.0,7,12,2,2585
38.0,7,12,3,2593
38.0,7,12,4,2601
38.0,7,12,5,2609
38.0,7,12,6,2617
38.0,7,12,7,2626
38.0,7,12,8,2634
38.0,7,12,9,2642
38.0,7,12,10,2650
38.0,7,12,11,2658
38.0,7,12,12,2666
38.0,7,12,13,2674
38.0,7,12,14,2682
38.0,7,12,15,2690
38.0,7,13,0,2576
38.0,7,13,1,2584
38.0,7,13,2,2593
38.0,7,13,3,2601
38.0,7,13,4,2609
38.0,7,13,5,2617
38.0,7,13,6,2626
38.0,7,13,7,2634
38.0,7,13,8,2642
38.0,7,13,9,2650
38.0,7,13,10,2658
38.0,7,13,11,2666
38.0,7,13,12,2674
38.0,7,13,13,2682
38.0,7,13,14,2690
38.0,7,13,15,2698
38.0,7,14,0,2584
38.0,7,14,1,2592
38.0,7,14,2,2601
38.0,7,14,3,2609
38.0,7,14,4,2617
38.0,7,14,5,2625
38.0,7,14,6,2634
38.0,7,14,7,2642
38.0,7,14,8,2650
38.0,7,14,9,2658
38.0,7,14,10,2666
38.0,7,14,11,2674
38.0,7,14,12,2682
38.0,7,14,13,2690
38.0,7,14,14,2698
38.0,7,14,15,2706
38.0,7,15,0,2592
38.0,7,15,1,2600
38.0,7,15,2,2609
38.0,7,15,3,2617
38.0,7,15,4,2625
38.0,7,15,5,2634
38.0,7,15,6,2642
38.0,7,15,7,2650
38.0,7,15,8,2658
38.0,7,15,9,2666
38.0,7,15,10,2674
38.0,7,15,11,2682
38.0,7,15,12,2691
38.0,7,15,13,2699
38.0,7,15,14,2707
38.0,7,15,15,2715
38.0,8,0,0,2480
38.0,8,0,1,2488
38.0,8,0,2,2496
38.0,8,0,3,2504
38.0,8,0,4,2512
38.0,8,0,5,2520
38.0,8,0,6,2527
38.0,8,0,7,2535
38.0,8,0,8,2543
38.0,8,0,9,2551
38.0,8,0,10,2559
38.0,8,0,11,2566
38.0,8,0,12,2574
38.0,8,0,13,2582
38.0,8,0,14,2589
38.0,8,0,15,2597
38.0,8,1,0,2488
38.0,8,1,1,2496
38.0,8,1,2,2504
38.0,8,1,3,2512
38.0,8,1,4,2520
38.0,8,1,5,2528
38.0,8,1,6,2536
38.0,8,1,7,2544
38.0,8,1,8,2552
38.0,8,1,9,2559
38.0,8,1,10,2567
38.0,8,1,11,2575
38.0,8,1,12,2583
38.0,8,1,13,2590
38.0,8,1,14,2598
38.0,8,1,15,2606
38.0,8,2,0,2496
38.0,8,2,1,2504
38.0,8,2,2,2512
38.0,8,2,3,2520
38.0,8,2,4,2528
38.0,8,2,5,2536
38.0,8,2,6,2544
38.0,8,2,7,2552
38.0,8,2,8,2560
38.0,8,2,9,2568
38.0,8,2,10,2576
38.0,8,2,11,2584
38.0,8,2,12,2591
38.0,8,2,13,2599
38.0,8,2,14,2607
38.0,8,2,15,2614
38.0,8,3,0,2505
38.0,8,3,1,2513
38.0,8,3,2,2521
38.0,8,3,3,2529
38.0,8,3,4,2537
38.0,8,3,5,2545
38.0,8,3,6,2553
38.0,8,3,7,2561
38.0,8,3,8,2569
38.0,8,3,9,2576
38.0,8,3,10,2584
38.0,8,3,11,2592
38.0,8,3,12,2600
38.0,8,3,13,2608
38.0,8,3,14,2615
38.0,8,3,15,2623
38.0,8,4,0,2513
38.0,8,4,1,2521
38.0,8,4,2,2529
38.0,8,4,3,2537
38.0,8,4,4,2545
38.0,8,4,5,2553
38.0,8,4,6,2561
38.0,8,4,7,2569
38.0,8,4,8,2577
38.0,8,4,9,2585
38.0,8,4,10,2593
38.0,8,4,11,2601
38.0,8,4,12,2608
38.0,8,4,13,2616
38.0,8,4,14,2624
38.0,8,4,15,2632
38.0,8,5,0,2521
38.0,8,5,1,2529
38.0,8,5,2,2537
38.0,8,5,3,2545
38.0,8,5,4,2553
38.0,8,5,5,2561
38.0,8,5,6,2569
38.0,8,5,7,2577
38.0,8,5,8,2585
38.0,8,5,9,2593
38.0,8,5,10,2601
38.0,8,5,11,2609
38.0,8,5,12,2617
38.0,8,5,13,2625
38.0,8,5,14,2633
38.0,8,5,15,2640
38.0,8,6,0,2529
38.0,8,6,1,2537
38.0,8,6,2,2546
38.0,8,6,3,2554
38.0,8,6,4,2562
38.0,8,6,5,2570
38.0,8,6,6,2578
38.0,8,6,7,2586
38.0,8,6,8,2594
38.0,8,6,9,2602
38.0,8,6,10,2610
38.0,8,6,11,2618
38.0,8,6,12,2625
38.0,8,6,13,2633
38.0,8,6,14,2641
38.0,8,6,15,2649
38.0,8,7,0,2537
38.0,8,7,1,2546
38.0,8,7,2,2554
38.0,8,7,3,2562
38.0,8,7,4,2570
38.0,8,7,5,2578
38.0,8,7,6,2586
38.0,8,7,7,2594
38.0,8,7,8,2602
38.0,8,7,9,2610
38.0,8,7,10,2618
38.0,8,7,11,2626
38.0,8,7,12,2634
38.0,8,7,13,2642
38.0,8,7,14,2650
38.0,8,7,15,2657
38.0,8,8,0,2546
38.0,8,8,1,2554
38.0,8,8,2,2562
38.0,8,8,3,2570
38.0,8,8,4,2578
38.0,8,8,5,2586
38.0,8,8,6,2594
38.0,8,8,7,2602
38.0,8,8,8,2610
38.0,8,8,9,2618
38.0,8,8,10,2626
38.0,8,8,11,2634
38.0,8,8,12,2642
38.0,8,8,13,2650
38.0,8,8,14,2658
38.0,8,8,15,2666
38.0,8,9,0,2554
38.0,8,9,1,2562
38.0,8,9,2,2570
38.0,8,9,3,2578
38.0,8,9,4,2586
38.0,8,9,5,2595
38.0,8,9,6,2603
38.0,8,9,7,2611
38.0,8,9,8,2619
38.0,8,9,9,2627
38.0,8,9,10,2635
38.0,8,9,11,2643
38.0,8,9,12,2651
38.0,8,9,13,2659
38.0,8,9,14,2667
38.0,8,9,15,2674
38.0,8,10,0,2562
38.0,8,10,1,2570
38.0,8,10,2,2578
38.0,8,10,3,2586
38.0,8,10,4,2595
38.0,8,10,5,2603
38.0,8,10,6,2611
38.0,8,10,7,2619
38.0,8,10,8,2627
38.0,8,10,9,2635
38.0,8,10,10,2643
38.0,8,10,11,2651
38.0,8,10,12,2659
38.0,8,10,13,2667
38.0,8,10,14,2675
38.0,8,10,15,2683
38.0,8,11,0,2570
38.0,8,11,1,2578
38.0,8,11,2,2586
38.0,8,11,3,2595
38.0,8,11,4,2603
38.0,8,11,5,2611
38.0,8,11,6,2619
38.0,8,11,7,2627
38.0,8,11,8,2635
38.0,8,11,9,2643
38.0,8,11,10,2651
38.0,8,11,11,2659
38.0,8,11,12,2667
38.0,8,11,13,2675
38.0,8,11,14,2683
38.0,8,11,15,2691
38.0,8,12,0,2578
38.0,8,12,1,2586
38.0,8,12,2,2594
38.0,8,12,3,2603
38.0,8,12,4,2611
38.0,8,12,5,2619
38.0,8,12,6,2627
38.0,8,12,7,2635
38.0,8,12,8,2643
38.0,8,12,9,2652
38.0,8,12,10,2660
38.0,8,12,11,2668
38.0,8,12,12,2676
38.0,8,12,13,2684
38.0,8,12,14,2692
38.0,8,12,15,2700
38.0,8,13,0,2586
38.0,8,13,1,2594
38.0,8,13,2,2602
38.0,8,13,3,2611
38.0,8,13,4,2619
38.0,8,13,5,2627
38.0,8,13,6,2635
38.0,8,13,7,2644
38.0,8,13,8,2652
38.0,8,13,9,2660
38.0,8,13,10,2668
38.0,8,13,11,2676
38.0,8,13,12,2684
38.0,8,13,13,2692
38.0,8,13,14,2700
38.0,8,13,15,2708
38.0,8,14,0,2594
38.0,8,14,1,2602
38.0,8,14,2,2610
38.0,8,14,3,2619
38.0,8,14,4,2627
38.0,8,14,5,2635
38.0,8,14,6,2643
38.0,8,14,7,2652
38.0,8,14,8,2660
38.0,8,14,9,2668
38.0,8,14,10,2676
38.0,8,14,11,2684
38.0,8,14,12,2692
38.0,8,14,13,2700
38.0,8,14,14,2708
38.0,8,14,15,2716
38.0,8,15,0,2602
38.0,8,15,1,2610
38.0,8,15,2,2618
38.0,8,15,3,2627
38.0,8,15,4,2635
38.0,8,15,5,2643
38.0,8,15,6,2652
38.0,8,15,7,2660
38.0,8,15,8,2668
38.0,8,15,9,2676
38.0,8,15,10,2684
38.0,8,15,11,2692
38.0,8,15,12,2701
38.0,8,15,13,2709
38.0,8,15,14,2717
38.0,8,15,15,2725
38.0,9,0,0,2489
38.0,9,0,1,2497
38.0,9,0,2,2505
38.0,9,0,3,2513
38.0,9,0,4,2521
38.0,9,0,5,2529
38.0,9,0,6,2537
38.0,9,0,7,2545
38.0,9,0,8,2552
38.0,9,0,9,2560
38.0,9,0,10,2568
38.0,9,0,11,2576
38.0,9,0,12,2584
38.0,9,0,13,2591
38.0,9,0,14,2599
38.0,9,0,15,2607
38.0,9,1,0,2497
38.0,9,1,1,2505
38.0,9,1,2,2513
38.0,9,1,3,2521
38.0,9,1,4,2529
38.0,9,1,5,2537
38.0,9,1,6,2545
38.0,9,1,7,2553
38.0,9,1,8,2561
38.0,9,1,9,2569
38.0,9,1,10,2577
38.0,9,1,11,2585
38.0,9,1,12,2592
38.0,9,1,13,2600
38.0,9,1,14,2608
38.0,9,1,15,2615
38.0,9,2,0,2506
38.0,9,2,1,2514
38.0,9,2,2,2522
38.0,9,2,3,2530
38.0,9,2,4,2538
38.0,9,2,5,2546
38.0,9,2,6,2554
38.0,9,2,7,2562
38.0,9,2,8,2570
38.0,9,2,9,2577
38.0,9,2,10,2585
38.0,9,2,11,2593
38.0,9,2,12,2601
38.0,9,2,13,2609
38.0,9,2,14,2616
38.0,9,2,15,2624
38.0,9,3,0,2514
38.0,9,3,1,2522
38.0,9,3,2,2530
38.0,9,3,3,2538
38.0,9,3,4,2546
38.0,9,3,5,2554
38.0,9,3,6,2562
38.0,9,3,7,2570
38.0,9,3,8,2578
38.0,9,3,9,2586
38.0,9,3,10,2594
38.0,9,3,11,2602
38.0,9,3,12,2610
38.0,9,3,13,2617
38.0,9,3,14,2625
38.0,9,3,15,2633
38.0,9,4,0,2522
38.0,9,4,1,2530
38.0,9,4,2,2538
38.0,9,4,3,2547
38.0,9,4,4,2555
38.0,9,4,5,2563
38.0,9,4,6,2571
38.0,9,4,7,2579
38.0,9,4,8,2587
38.0,9,4,9,2594
38.0,9,4,10,2602
38.0,9,4,11,2610
38.0,9,4,12,2618
38.0,9,4,13,2626
38.0,9,4,14,2634
38.0,9,4,15,2642
38.0,9,5,0,2530
38.0,9,5,1,2539
38.0,9,5,2,2547
38.0,9,5,3,2555
38.0,9,5,4,2563
38.0,9,5,5,2571
38.0,9,5,6,2579
38.0,9,5,7,2587
38.0,9,5,8,2595
38.0,9,5,9,2603
38.0,9,5,10,2611
38.0,9,5,11,2619
38.0,9,5,12,2627
38.0,9,5,13,2634
38.0,9,5,14,2642
38.0,9,5,15,2650
38.0,9,6,0,2539
38.0,9,6,1,2547
38.0,9,6,2,2555
38.0,9,6,3,2563
38.0,9,6,4,2571
38.0,9,6,5,2579
38.0,9,6,6,2587
38.0,9,6,7,2595
38.0,9,6,8,2603
38.0,9,6,9,2611
38.0,9,6,10,2619
38.0,9,6,11,2627
38.0,9,6,12,2635
38.0,9,6,13,2643
38.0,9,6,14,2651
38.0,9,6,15,2659
38.0,9,7,0,2547
38.0,9,7,1,2555
38.0,9,7,2,2563
38.0,9,7,3,2571
38.0,9,7,4,2580
38.0,9,7,5,2588
38.0,9,7,6,2596
38.0,9,7,7,2604
38.0,9,7,8,2612
38.0,9,7,9,2620
38.0,9,7,10,2628
38.0,9,7,11,2636
38.0,9,7,12,2644
38.0,9,7,13,2652
38.0,9,7,14,2659
38.0,9,7,15,2667
38.0,9,8,0,2555
38.0,9,8,1,2563
38.0,9,8,2,2571
38.0,9,8,3,2580
38.0,9,8,4,2588
38.0,9,8,5,2596
38.0,9,8,6,2604
38.0,9,8,7,2612
38.0,9,8,8,2620
38.0,9,8,9,2628
38.0,9,8,10,2636
38.0,9,8,11,2644
38.0,9,8,12,2652
38.0,9,8,13,2660
38.0,9,8,14,2668
38.0,9,8,15,2676
38.0,9,9,0,2563
38.0,9,9,1,2571
38.0,9,9,2,2580
38.0,9,9,3,2588
38.0,9,9,4,2596
38.0,9,9,5,2604
38.0,9,9,6,2612
38.0,9,9,7,2620
38.0,9,9,8,2628
38.0,9,9,9,2637
38.0,9,9,10,2645
38.0,9,9,11,2653
38.0,9,9,12,2661
38.0,9,9,13,2668
38.0,9,9,14,2676
38.0,9,9,15,2684
38.0,9,10,0,2571
38.0,9,10,1,2580
38.0,9,10,2,2588
38.0,9,10,3,2596
38.0,9,10,4,2604
38.0,9,10,5,2612
38.0,9,10,6,2621
38.0,9,10,7,2629
38.0,9,10,8,2637
38.0,9,10,9,2645
38.0,9,10,10,2653
38.0,9,10,11,2661
38.0,9,10,12,2669
38.0,9,10,13,2677
38.0,9,10,14,2685
38.0,9,10,15,2693
38.0,9,11,0,2579
38.0,9,11,1,2588
38.0,9,11,2,2596
38.0,9,11,3,2604
38.0,9,11,4,2612
38.0,9,11,5,2621
38.0,9,11,6,2629
38.0,9,11,7,2637
38.0,9,11,8,2645
38.0,9,11,9,2653
38.0,9,11,10,2661
38.0,9,11,11,2669
38.0,9,11,12,2677
38.0,9,11,13,2685
38.0,9,11,14,2693
38.0,9,11,15,2701
38.0,9,12,0,2587
38.0,9,12,1,2596
38.0,9,12,2,2604
38.0,9,12,3,2612
38.0,9,12,4,2621
38.0,9,12,5,2629
38.0,9,12,6,2637
38.0,9,12,7,2645
38.0,9,12,8,2653
38.0,9,12,9,2661
38.0,9,12,10,2670
38.0,9,12,11,2678
38.0,9,12,12,2686
38.0,9,12,13,2694
38.0,9,12,14,2702
38.0,9,12,15,2710
38.0,9,13,0,2595
38.0,9,13,1,2604
38.0,9,13,2,2612
38.0,9,13,3,2620
38.0,9,13,4,2629
38.0,9,13,5,2637
38.0,9,13,6,2645
38.0,9,13,7,2653
38.0,9,13,8,2662
38.0,9,13,9,2670
38.0,9,13,10,2678
38.0,9,13,11,2686
38.0,9,13,12,2694
38.0,9,13,13,2702
38.0,9,13,14,2710
38.0,9,13,15,2718
38.0,9,14,0,2603
38.0,9,14,1,2612
38.0,9,14,2,2620
38.0,9,14,3,2628
38.0,9,14,4,2637
38.0,9,14,5,2645
38.0,9,14,6,2653
38.0,9,14,7,2662
38.0,9,14,8,2670
38.0,9,14,9,2678
38.0,9,14,10,2686
38.0,9,14,11,2694
38.0,9,14,12,2702
38.0,9,14,13,2710
38.0,9,14,14,2718
38.0,9,14,15,2726
38.0,9,15,0,2611
38.0,9,15,1,2620
38.0,9,15,2,2628
38.0,9,15,3,2637
38.0,9,15,4,2645
38.0,9,15,5,2653
38.0,9,15,6,2661
38.0,9,15,7,2670
38.0,9,15,8,2678
38.0,9,15,9,2686
38.0,9,15,10,2694
38.0,9,15,11,2702
38.0,9,15,12,2711
38.0,9,15,13,2719
38.0,9,15,14,2727
38.0,9,15,15,2735
38.0,10,0,0,2498
38.0,10,0,1,2506
38.0,10,0,2,2514
38.0,10,0,3,2522
38.0,10,0,4,2530
38.0,10,0,5,2538
38.0,10,0,6,2546
38.0,10,0,7,2554
38.0,10,0,8,2562
38.0,10,0,9,2570
38.0,10,0,10,2578
38.0,10,0,11,2585
38.0,10,0,12,2593
38.0,10,0,13,2601
38.0,10,0,14,2609
38.0,10,0,15,2616
38.0,10,1,0,2507
38.0,10,1,1,2515
38.0,10,1,2,2523
38.0,10,1,3,2531
38.0,10,1,4,2539
38.0,10,1,5,2547
38.0,10,1,6,2555
38.0,10,1,7,2563
38.0,10,1,8,2571
38.0,10,1,9,2578
38.0,10,1,10,2586
38.0,10,1,11,2594
38.0,10,1,12,2602
38.0,10,1,13,2610
38.0,10,1,14,2617
38.0,10,1,15,2625
38.0,10,2,0,2515
38.0,10,2,1,2523
38.0,10,2,2,2531
38.0,10,2,3,2539
38.0,10,2,4,2547
38.0,10,2,5,2555
38.0,10,2,6,2563
38.0,10,2,7,2571
38.0,10,2,8,2579
38.0,10,2,9,2587
38.0,10,2,10,2595
38.0,10,2,11,2603
38.0,10,2,12,2611
38.0,10,2,13,2618
38.0,10,2,14,2626
38.0,10,2,15,2634
38.0,10,3,0,2523
38.0,10,3,1,2531
38.0,10,3,2,2540
38.0,10,3,3,2548
38.0,10,3,4,2556
38.0,10,3,5,2564
38.0,10,3,6,2572
38.0,10,3,7,2580
38.0,10,3,8,2588
38.0,10,3,9,2596
38.0,10,3,10,2603
38.0,10,3,11,2611
38.0,10,3,12,2619
38.0,10,3,13,2627
38.0,10,3,14,2635
38.0,10,3,15,2643
38.0,10,4,0,2532
38.0,10,4,1,2540
38.0,10,4,2,2548
38.0,10,4,3,2556
38.0,10,4,4,2564
38.0,10,4,5,2572
38.0,10,4,6,2580
38.0,10,4,7,2588
38.0,10,4,8,2596
38.0,10,4,9,2604
38.0,10,4,10,2612
38.0,10,4,11,2620
38.0,10,4,12,2628
38.0,10,4,13,2636
38.0,10,4,14,2643
38.0,10,4,15,2651
38.0,10,5,0,2540
38.0,10,5,1,2548
38.0,10,5,2,2556
38.0,10,5,3,2564
38.0,10,5,4,2572
38.0,10,5,5,2581
38.0,10,5,6,2589
38.0,10,5,7,2597
38.0,10,5,8,2605
38.0,10,5,9,2613
38.0,10,5,10,2621
38.0,10,5,11,2628
38.0,10,5,12,2636
38.0,10,5,13,2644
38.0,10,5,14,2652
38.0,10,5,15,2660
38.0,10,6,0,2548
38.0,10,6,1,2556
38.0,10,6,2,2564
38.0,10,6,3,2573
38.0,10,6,4,2581
38.0,10,6,5,2589
38.0,10,6,6,2597
38.0,10,6,7,2605
38.0,10,6,8,2613
38.0,10,6,9,2621
38.0,10,6,10,2629
38.0,10,6,11,2637
38.0,10,6,12,2645
38.0,10,6,13,2653
38.0,10,6,14,2661
38.0,10,6,15,2669
38.0,10,7,0,2556
38.0,10,7,1,2565
38.0,10,7,2,2573
38.0,10,7,3,2581
38.0,10,7,4,2589
38.0,10,7,5,2597
38.0,10,7,6,2605
38.0,10,7,7,2613
38.0,10,7,8,2621
38.0,10,7,9,2629
38.0,10,7,10,2637
38.0,10,7,11,2645
38.0,10,7,12,2653
38.0,10,7,13,2661
38.0,10,7,14,2669
38.0,10,7,15,2677
38.0,10,8,0,2564
38.0,10,8,1,2573
38.0,10,8,2,2581
38.0,10,8,3,2589
38.0,10,8,4,2597
38.0,10,8,5,2606
38.0,10,8,6,2614
38.0,10,8,7,2622
38.0,10,8,8,2630
38.0,10,8,9,2638
38.0,10,8,10,2646
38.0,10,8,11,2654
38.0,10,8,12,2662
38.0,10,8,13,2670
38.0,10,8,14,2678
38.0,10,8,15,2686
38.0,10,9,0,2573
38.0,10,9,1,2581
38.0,10,9,2,2589
38.0,10,9,3,2597
38.0,10,9,4,2606
38.0,10,9,5,2614
38.0,10,9,6,2622
38.0,10,9,7,2630
38.0,10,9,8,2638
38.0,10,9,9,2646
38.0,10,9,10,2654
38.0,10,9,11,2662
38.0,10,9,12,2670
38.0,10,9,13,2678
38.0,10,9,14,2686
38.0,10,9,15,2694
38.0,10,10,0,2581
38.0,10,10,1,2589
38.0,10,10,2,2597
38.0,10,10,3,2606
38.0,10,10,4,2614
38.0,10,10,5,2622
38.0,10,10,6,2630
38.0,10,10,7,2638
38.0,10,10,8,2647
38.0,10,10,9,2655
38.0,10,10,10,2663
38.0,10,10,11,2671
38.0,10,10,12,2679
38.0,10,10,13,2687
38.0,10,10,14,2695
38.0,10,10,15,2703
38.0,10,11,0,2589
38.0,10,11,1,2597
38.0,10,11,2,2606
38.0,10,11,3,2614
38.0,10,11,4,2622
38.0,10,11,5,2630
38.0,10,11,6,2639
38.0,10,11,7,2647
38.0,10,11,8,2655
38.0,10,11,9,2663
38.0,10,11,10,2671
38.0,10,11,11,2679
38.0,10,11,12,2687
38.0,10,11,13,2695
38.0,10,11,14,2703
38.0,10,11,15,2711
38.0,10,12,0,2597
38.0,10,12,1,2605
38.0,10,12,2,2614
38.0,10,12,3,2622
38.0,10,12,4,2630
38.0,10,12,5,2639
38.0,10,12,6,2647
38.0,10,12,7,2655
38.0,10,12,8,2663
38.0,10,12,9,2671
38.0,10,12,10,2679
38.0,10,12,11,2688
38.0,10,12,12,2696
38.0,10,12,13,2704
38.0,10,12,14,2712
38.0,10,12,15,2720
38.0,10,13,0,2605
38.0,10,13,1,2613
38.0,10,13,2,2622
38.0,10,13,3,2630
38.0,10,13,4,2638
38.0,10,13,5,2647
38.0,10,13,6,2655
38.0,10,13,7,2663
38.0,10,13,8,2671
38.0,10,13,9,2680
38.0,10,13,10,2688
38.0,10,13,11,2696
38.0,10,13,12,2704
38.0,10,13,13,2712
38.0,10,13,14,2720
38.0,10,13,15,2728
38.0,10,14,0,2613
38.0,10,14,1,2621
38.0,10,14,2,2630
38.0,10,14,3,2638
38.0,10,14,4,2647
38.0,10,14,5,2655
38.0,10,14,6,2663
38.0,10,14,7,2671
38.0,10,14,8,2680
38.0,10,14,9,2688
38.0,10,14,10,2696
38.0,10,14,11,2704
38.0,10,14,12,2712
38.0,10,14,13,2720
38.0,10,14,14,2729
38.0,10,14,15,2737
38.0,10,15,0,2621
38.0,10,15,1,2629
38.0,10,15,2,2638
38.0,10,15,3,2646
38.0,10,15,4,2655
38.0,10,15,5,2663
38.0,10,15,6,2671
38.0,10,15,7,2680
38.0,10,15,8,2688
38.0,10,15,9,2696
38.0,10,15,10,2704
38.0,10,15,11,2712
38.0,10,15,12,2721
38.0,10,15,13,2729
38.0,10,15,14,2737
38.0,10,15,15,2745
38.0,11,0,0,2508
38.0,11,0,1,2516
38.0,11,0,2,2524
38.0,11,0,3,2532
38.0,11,0,4,2540
38.0,11,0,5,2548
38.0,11,0,6,2556
38.0,11,0,7,2564
38.0,11,0,8,2571
38.0,11,0,9,2579
38.0,11,0,10,2587
38.0,11,0,11,2595
38.0,11,0,12,2603
38.0,11,0,13,2611
38.0,11,0,14,2618
38.0,11,0,15,2626
38.0,11,1,0,2516
38.0,11,1,1,2524
38.0,11,1,2,2532
38.0,11,1,3,2540
38.0,11,1,4,2548
38.0,11,1,5,2556
38.0,11,1,6,2564
38.0,11,1,7,2572
38.0,11,1,8,2580
38.0,11,1,9,2588
38.0,11,1,10,2596
38.0,11,1,11,2604
38.0,11,1,12,2611
38.0,11,1,13,2619
38.0,11,1,14,2627
38.0,11,1,15,2635
38.0,11,2,0,2524
38.0,11,2,1,2532
38.0,11,2,2,2541
38.0,11,2,3,2549
38.0,11,2,4,2557
38.0,11,2,5,2565
38.0,11,2,6,2573
38.0,11,2,7,2581
38.0,11,2,8,2589
38.0,11,2,9,2597
38.0,11,2,10,2604
38.0,11,2,11,2612
38.0,11,2,12,2620
38.0,11,2,13,2628
38.0,11,2,14,2636
38.0,11,2,15,2644
38.0,11,3,0,2533
38.0,11,3,1,2541
38.0,11,3,2,2549
38.0,11,3,3,2557
38.0,11,3,4,2565
38.0,11,3,5,2573
38.0,11,3,6,2581
38.0,11,3,7,2589
38.0,11,3,8,2597
38.0,11,3,9,2605
38.0,11,3,10,2613
38.0,11,3,11,2621
38.0,11,3,12,2629
38.0,11,3,13,2637
38.0,11,3,14,2645
38.0,11,3,15,2652
38.0,11,4,0,2541
38.0,11,4,1,2549
38.0,11,4,2,2557
38.0,11,4,3,2565
38.0,11,4,4,2574
38.0,11,4,5,2582
38.0,11,4,6,2590
38.0,11,4,7,2598
38.0,11,4,8,2606
38.0,11,4,9,2614
38.0,11,4,10,2622
38.0,11,4,11,2630
38.0,11,4,12,2637
38.0,11,4,13,2645
38.0,11,4,14,2653
38.0,11,4,15,2661
38.0,11,5,0,2549
38.0,11,5,1,2557
38.0,11,5,2,2566
38.0,11,5,3,2574
38.0,11,5,4,2582
38.0,11,5,5,2590
38.0,11,5,6,2598
38.0,11,5,7,2606
38.0,11,5,8,2614
38.0,11,5,9,2622
38.0,11,5,10,2630
38.0,11,5,11,2638
38.0,11,5,12,2646
38.0,11,5,13,2654
38.0,11,5,14,2662
38.0,11,5,15,2670
38.0,11,6,0,2557
38.0,11,6,1,2566
38.0,11,6,2,2574
38.0,11,6,3,2582
38.0,11,6,4,2590
38.0,11,6,5,2598
38.0,11,6,6,2607
38.0,11,6,7,2615
38.0,11,6,8,2623
38.0,11,6,9,2631
38.0,11,6,10,2639
38.0,11,6,11,2647
38.0,11,6,12,2655
38.0,11,6,13,2663
38.0,11,6,14,2671
38.0,11,6,15,2678
38.0,11,7,0,2566
38.0,11,7,1,2574
38.0,11,7,2,2582
38.0,11,7,3,2590
38.0,11,7,4,2599
38.0,11,7,5,2607
38.0,11,7,6,2615
38.0,11,7,7,2623
38.0,11,7,8,2631
38.0,11,7,9,2639
38.0,11,7,10,2647
38.0,11,7,11,2655
38.0,11,7,12,2663
38.0,11,7,13,2671
38.0,11,7,14,2679
38.0,11,7,15,2687
38.0,11,8,0,2574
38.0,11,8,1,2582
38.0,11,8,2,2591
38.0,11,8,3,2599
38.0,11,8,4,2607
38.0,11,8,5,2615
38.0,11,8,6,2623
38.0,11,8,7,2631
38.0,11,8,8,2640
38.0,11,8,9,2648
38.0,11,8,10,2656
38.0,11,8,11,2664
38.0,11,8,12,2672
38.0,11,8,13,2680
38.0,11,8,14,2688
38.0,11,8,15,2696
38.0,11,9,0,2582
38.0,11,9,1,2590
38.0,11,9,2,2599
38.0,11,9,3,2607
38.0,11,9,4,2615
38.0,11,9,5,2623
38.0,11,9,6,2632
38.0,11,9,7,2640
38.0,11,9,8,2648
38.0,11,9,9,2656
38.0,11,9,10,2664
38.0,11,9,11,2672
38.0,11,9,12,2680
38.0,11,9,13,2688
38.0,11,9,14,2696
38.0,11,9,15,2704
38.0,11,10,0,2590
38.0,11,10,1,2599
38.0,11,10,2,2607
38.0,11,10,3,2615
38.0,11,10,4,2624
38.0,11,10,5,2632
38.0,11,10,6,2640
38.0,11,10,7,2648
38.0,11,10,8,2656
38.0,11,10,9,2664
38.0,11,10,10,2673
38.0,11,10,11,2681
38.0,11,10,12,2689
38.0,11,10,13,2697
38.0,11,10,14,2705
38.0,11,10,15,2713
38.0,11,11,0,2598
38.0,11,11,1,2607
38.0,11,11,2,2615
38.0,11,11,3,2623
38.0,11,11,4,2632
38.0,11,11,5,2640
38.0,11,11,6,2648
38.0,11,11,7,2656
38.0,11,11,8,2665
38.0,11,11,9,2673
38.0,11,11,10,2681
38.0,11,11,11,2689
38.0,11,11,12,2697
38.0,11,11,13,2705
38.0,11,11,14,2713
38.0,11,11,15,2721
38.0,11,12,0,2607
38.0,11,12,1,2615
38.0,11,12,2,2623
38.0,11,12,3,2632
38.0,11,12,4,2640
38.0,11,12,5,2648
38.0,11,12,6,2657
38.0,11,12,7,2665
38.0,11,12,8,2673
38.0,11,12,9,2681
38.0,11,12,10,2689
38.0,11,12,11,2697
38.0,11,12,12,2706
38.0,11,12,13,2714
38.0,11,12,14,2722
38.0,11,12,15,2730
38.0,11,13,0,2615
38.0,11,13,1,2623
38.0,11,13,2,2631
38.0,11,13,3,2640
38.0,11,13,4,2648
38.0,11,13,5,2656
38.0,11,13,6,2665
38.0,11,13,7,2673
38.0,11,13,8,2681
38.0,11,13,9,2689
38.0,11,13,10,2698
38.0,11,13,11,2706
38.0,11,13,12,2714
38.0,11,13,13,2722
38.0,11,13,14,2730
38.0,11,13,15,2738
38.0,11,14,0,2623
38.0,11,14,1,2631
38.0,11,14,2,2640
38.0,11,14,3,2648
38.0,11,14,4,2656
38.0,11,14,5,2665
38.0,11,14,6,2673
38.0,11,14,7,2681
38.0,11,14,8,2690
38.0,11,14,9,2698
38.0,11,14,10,2706
38.0,11,14,11,2714
38.0,11,14,12,2722
38.0,11,14,13,2730
38.0,11,14,14,2739
38.0,11,14,15,2747
38.0,11,15,0,2631
38.0,11,15,1,2639
38.0,11,15,2,2648
38.0,11,15,3,2656
38.0,11,15,4,2664
38.0,11,15,5,2673
38.0,11,15,6,2681
38.0,11,15,7,2689
38.0,11,15,8,2698
38.0,11,15,9,2706
38.0,11,15,10,2714
38.0,11,15,11,2722
38.0,11,15,12,2731
38.0,11,15,13,2739
38.0,11,15,14,2747
38.0,11,15,15,2755
38.0,12,0,0,2517
38.0,12,0,1,2525
38.0,12,0,2,2533
38.0,12,0,3,2541
38.0,12,0,4,2549
38.0,12,0,5,2557
38.0,12,0,6,2565
38.0,12,0,7,2573
38.0,12,0,8,2581
38.0,12,0,9,2589
38.0,12,0,10,2597
38.0,12,0,11,2605
38.0,12,0,12,2612
38.0,12,0,13,2620
38.0,12,0,14,2628
38.0,12,0,15,2636
38.0,12,1,0,2525
38.0,12,1,1,2533
38.0,12,1,2,2541
38.0,12,1,3,2549
38.0,12,1,4,2558
38.0,12,1,5,2566
38.0,12,1,6,2574
38.0,12,1,7,2582
38.0,12,1,8,2590
38.0,12,1,9,2597
38.0,12,1,10,2605
38.0,12,1,11,2613
38.0,12,1,12,2621
38.0,12,1,13,2629
38.0,12,1,14,2637
38.0,12,1,15,2645
38.0,12,2,0,2534
38.0,12,2,1,2542
38.0,12,2,2,2550
38.0,12,2,3,2558
38.0,12,2,4,2566
38.0,12,2,5,2574
38.0,12,2,6,2582
38.0,12,2,7,2590
38.0,12,2,8,2598
38.0,12,2,9,2606
38.0,12,2,10,2614
38.0,12,2,11,2622
38.0,12,2,12,2630
38.0,12,2,13,2638
38.0,12,2,14,2646
38.0,12,2,15,2653
38.0,12,3,0,2542
38.0,12,3,1,2550
38.0,12,3,2,2558
38.0,12,3,3,2566
38.0,12,3,4,2575
38.0,12,3,5,2583
38.0,12,3,6,2591
38.0,12,3,7,2599
38.0,12,3,8,2607
38.0,12,3,9,2615
38.0,12,3,10,2623
38.0,12,3,11,2631
38.0,12,3,12,2639
38.0,12,3,13,2646
38.0,12,3,14,2654
38.0,12,3,15,2662
38.0,12,4,0,2550
38.0,12,4,1,2559
38.0,12,4,2,2567
38.0,12,4,3,2575
38.0,12,4,4,2583
38.0,12,4,5,2591
38.0,12,4,6,2599
38.0,12,4,7,2607
38.0,12,4,8,2615
38.0,12,4,9,2623
38.0,12,4,10,2631
38.0,12,4,11,2639
38.0,12,4,12,2647
38.0,12,4,13,2655
38.0,12,4,14,2663
38.0,12,4,15,2671
38.0,12,5,0,2559
38.0,12,5,1,2567
38.0,12,5,2,2575
38.0,12,5,3,2583
38.0,12,5,4,2591
38.0,12,5,5,2600
38.0,12,5,6,2608
38.0,12,5,7,2616
38.0,12,5,8,2624
38.0,12,5,9,2632
38.0,12,5,10,2640
38.0,12,5,11,2648
38.0,12,5,12,2656
38.0,12,5,13,2664
38.0,12,5,14,2672
38.0,12,5,15,2680
38.0,12,6,0,2567
38.0,12,6,1,2575
38.0,12,6,2,2583
38.0,12,6,3,2592
38.0,12,6,4,2600
38.0,12,6,5,2608
38.0,12,6,6,2616
38.0,12,6,7,2624
38.0,12,6,8,2632
38.0,12,6,9,2640
38.0,12,6,10,2648
38.0,12,6,11,2656
38.0,12,6,12,2664
38.0,12,6,13,2672
38.0,12,6,14,2680
38.0,12,6,15,2688
38.0,12,7,0,2575
38.0,12,7,1,2583
38.0,12,7,2,2592
38.0,12,7,3,2600
38.0,12,7,4,2608
38.0,12,7,5,2616
38.0,12,7,6,2625
38.0,12,7,7,2633
38.0,12,7,8,2641
38.0,12,7,9,2649
38.0,12,7,10,2657
38.0,12,7,11,2665
38.0,12,7,12,2673
38.0,12,7,13,2681
38.0,12,7,14,2689
38.0,12,7,15,2697
38.0,12,8,0,2583
38.0,12,8,1,2592
38.0,12,8,2,2600
38.0,12,8,3,2608
38.0,12,8,4,2617
38.0,12,8,5,2625
38.0,12,8,6,2633
38.0,12,8,7,2641
38.0,12,8,8,2649
38.0,12,8,9,2657
38.0,12,8,10,2665
38.0,12,8,11,2674
38.0,12,8,12,2682
38.0,12,8,13,2690
38.0,12,8,14,2698
38.0,12,8,15,2706
38.0,12,9,0,2592
38.0,12,9,1,2600
38.0,12,9,2,2608
38.0,12,9,3,2617
38.0,12,9,4,2625
38.0,12,9,5,2633
38.0,12,9,6,2641
38.0,12,9,7,2650
38.0,12,9,8,2658
38.0,12,9,9,2666
38.0,12,9,10,2674
38.0,12,9,11,2682
38.0,12,9,12,2690
38.0,12,9,13,2698
38.0,12,9,14,2706
38.0,12,9,15,2714
38.0,12,10,0,2600
38.0,12,10,1,2608
38.0,12,10,2,2617
38.0,12,10,3,2625
38.0,12,10,4,2633
38.0,12,10,5,2641
38.0,12,10,6,2650
38.0,12,10,7,2658
38.0,12,10,8,2666
38.0,12,10,9,2674
38.0,12,10,10,2682
38.0,12,10,11,2691
38.0,12,10,12,2699
38.0,12,10,13,2707
38.0,12,10,14,2715
38.0,12,10,15,2723
38.0,12,11,0,2608
38.0,12,11,1,2616
38.0,12,11,2,2625
38.0,12,11,3,2633
38.0,12,11,4,2641
38.0,12,11,5,2650
38.0,12,11,6,2658
38.0,12,11,7,2666
38.0,12,11,8,2674
38.0,12,11,9,2683
38.0,12,11,10,2691
38.0,12,11,11,2699
38.0,12,11,12,2707
38.0,12,11,13,2715
38.0,12,11,14,2723
38.0,12,11,15,2731
38.0,12,12,0,2616
38.0,12,12,1,2625
38.0,12,12,2,2633
38.0,12,12,3,2641
38.0,12,12,4,2650
38.0,12,12,5,2658
38.0,12,12,6,2666
38.0,12,12,7,2675
38.0,12,12,8,2683
38.0,12,12,9,2691
38.0,12,12,10,2699
38.0,12,12,11,2707
38.0,12,12,12,2716
38.0,12,12,13,2724
38.0,12,12,14,2732
38.0,12,12,15,2740
38.0,12,13,0,2624
38.0,12,13,1,2633
38.0,12,13,2,2641
38.0,12,13,3,2650
38.0,12,13,4,2658
38.0,12,13,5,2666
38.0,12,13,6,2675
38.0,12,13,7,2683
38.0,12,13,8,2691
38.0,12,13,9,2699
38.0,12,13,10,2708
38.0,12,13,11,2716
38.0,12,13,12,2724
38.0,12,13,13,2732
38.0,12,13,14,2740
38.0,12,13,15,2748
38.0,12,14,0,2632
38.0,12,14,1,2641
38.0,12,14,2,2649
38.0,12,14,3,2658
38.0,12,14,4,2666
38.0,12,14,5,2674
38.0,12,14,6,2683
38.0,12,14,7,2691
38.0,12,14,8,2699
38.0,12,14,9,2708
38.0,12,14,10,2716
38.0,12,14,11,2724
38.0,12,14,12,2732
38.0,12,14,13,2741
38.0,12,14,14,2749
38.0,12,14,15,2757
38.0,12,15,0,2640
38.0,12,15,1,2649
38.0,12,15,2,2657
38.0,12,15,3,2666
38.0,12,15,4,2674
38.0,12,15,5,2683
38.0,12,15,6,2691
38.0,12,15,7,2699
38.0,12,15,8,2708
38.0,12,15,9,2716
38.0,12,15,10,2724
38.0,12,15,11,2732
38.0,12,15,12,2741
38.0,12,15,13,2749
38.0,12,15,14,2757
38.0,12,15,15,2765
38.0,13,0,0,2526
38.0,13,0,1,2534
38.0,13,0,2,2542
38.0,13,0,3,2550
38.0,13,0,4,2558
38.0,13,0,5,2566
38.0,13,0,6,2574
38.0,13,0,7,2582
38.0,13,0,8,2590
38.0,13,0,9,2598
38.0,13,0,10,2606
38.0,13,0,11,2614
38.0,13,0,12,2622
38.0,13,0,13,2630
38.0,13,0,14,2638
38.0,13,0,15,2645
38.0,13,1,0,2534
38.0,13,1,1,2543
38.0,13,1,2,2551
38.0,13,1,3,2559
38.0,13,1,4,2567
38.0,13,1,5,2575
38.0,13,1,6,2583
38.0,13,1,7,2591
38.0,13,1,8,2599
38.0,13,1,9,2607
38.0,13,1,10,2615
38.0,13,1,11,2623
38.0,13,1,12,2631
38.0,13,1,13,2639
38.0,13,1,14,2646
38.0,13,1,15,2654
38.0,13,2,0,2543
38.0,13,2,1,2551
38.0,13,2,2,2559
38.0,13,2,3,2567
38.0,13,2,4,2575
38.0,13,2,5,2584
38.0,13,2,6,2592
38.0,13,2,7,2600
38.0,13,2,8,2608
38.0,13,2,9,2616
38.0,13,2,10,2624
38.0,13,2,11,2632
38.0,13,2,12,2639
38.0,13,2,13,2647
38.0,13,2,14,2655
38.0,13,2,15,2663
38.0,13,3,0,2551
38.0,13,3,1,2559
38.0,13,3,2,2568
38.0,13,3,3,2576
38.0,13,3,4,2584
38.0,13,3,5,2592
38.0,13,3,6,2600
38.0,13,3,7,2608
38.0,13,3,8,2616
38.0,13,3,9,2624
38.0,13,3,10,2632
38.0,13,3,11,2640
38.0,13,3,12,2648
38.0,13,3,13,2656
38.0,13,3,14,2664
38.0,13,3,15,2672
38.0,13,4,0,2560
38.0,13,4,1,2568
38.0,13,4,2,2576
38.0,13,4,3,2584
38.0,13,4,4,2592
38.0,13,4,5,2601
38.0,13,4,6,2609
38.0,13,4,7,2617
38.0,13,4,8,2625
38.0,13,4,9,2633
38.0,13,4,10,2641
38.0,13,4,11,2649
38.0,13,4,12,2657
38.0,13,4,13,2665
38.0,13,4,14,2673
38.0,13,4,15,2681
38.0,13,5,0,2568
38.0,13,5,1,2576
38.0,13,5,2,2585
38.0,13,5,3,2593
38.0,13,5,4,2601
38.0,13,5,5,2609
38.0,13,5,6,2617
38.0,13,5,7,2625
38.0,13,5,8,2633
38.0,13,5,9,2641
38.0,13,5,10,2650
38.0,13,5,11,2658
38.0,13,5,12,2666
38.0,13,5,13,2674
38.0,13,5,14,2681
38.0,13,5,15,2689
38.0,13,6,0,2576
38.0,13,6,1,2585
38.0,13,6,2,2593
38.0,13,6,3,2601
38.0,13,6,4,2609
38.0,13,6,5,2618
38.0,13,6,6,2626
38.0,13,6,7,2634
38.0,13,6,8,2642
38.0,13,6,9,2650
38.0,13,6,10,2658
38.0,13,6,11,2666
38.0,13,6,12,2674
38.0,13,6,13,2682
38.0,13,6,14,2690
38.0,13,6,15,2698
38.0,13,7,0,2585
38.0,13,7,1,2593
38.0,13,7,2,2601
38.0,13,7,3,2610
38.0,13,7,4,2618
38.0,13,7,5,2626
38.0,13,7,6,2634
38.0,13,7,7,2642
38.0,13,7,8,2650
38.0,13,7,9,2659
38.0,13,7,10,2667
38.0,13,7,11,2675
38.0,13,7,12,2683
38.0,13,7,13,2691
38.0,13,7,14,2699
38.0,13,7,15,2707
38.0,13,8,0,2593
38.0,13,8,1,2601
38.0,13,8,2,2610
38.0,13,8,3,2618
38.0,13,8,4,2626
38.0,13,8,5,2634
38.0,13,8,6,2643
38.0,13,8,7,2651
38.0,13,8,8,2659
38.0,13,8,9,2667
38.0,13,8,10,2675
38.0,13,8,11,2683
38.0,13,8,12,2691
38.0,13,8,13,2699
38.0,13,8,14,2707
38.0,13,8,15,2715
38.0,13,9,0,2601
38.0,13,9,1,2610
38.0,13,9,2,2618
38.0,13,9,3,2626
38.0,13,9,4,2634
38.0,13,9,5,2643
38.0,13,9,6,2651
38.0,13,9,7,2659
38.0,13,9,8,2667
38.0,13,9,9,2676
38.0,13,9,10,2684
38.0,13,9,11,2692
38.0,13,9,12,2700
38.0,13,9,13,2708
38.0,13,9,14,2716
38.0,13,9,15,2724
38.0,13,10,0,2609
38.0,13,10,1,2618
38.0,13,10,2,2626
38.0,13,10,3,2634
38.0,13,10,4,2643
38.0,13,10,5,2651
38.0,13,10,6,2659
38.0,13,10,7,2668
38.0,13,10,8,2676
38.0,13,10,9,2684
38.0,13,10,10,2692
38.0,13,10,11,2700
38.0,13,10,12,2708
38.0,13,10,13,2717
38.0,13,10,14,2725
38.0,13,10,15,2733
38.0,13,11,0,2618
38.0,13,11,1,2626
38.0,13,11,2,2634
38.0,13,11,3,2643
38.0,13,11,4,2651
38.0,13,11,5,2659
38.0,13,11,6,2668
38.0,13,11,7,2676
38.0,13,11,8,2684
38.0,13,11,9,2692
38.0,13,11,10,2701
38.0,13,11,11,2709
38.0,13,11,12,2717
38.0,13,11,13,2725
38.0,13,11,14,2733
38.0,13,11,15,2741
38.0,13,12,0,2626
38.0,13,12,1,2634
38.0,13,12,2,2643
38.0,13,12,3,2651
38.0,13,12,4,2659
38.0,13,12,5,2668
38.0,13,12,6,2676
38.0,13,12,7,2684
38.0,13,12,8,2693
38.0,13,12,9,2701
38.0,13,12,10,2709
38.0,13,12,11,2717
38.0,13,12,12,2725
38.0,13,12,13,2734
38.0,13,12,14,2742
38.0,13,12,15,2750
38.0,13,13,0,2634
38.0,13,13,1,2642
38.0,13,13,2,2651
38.0,13,13,3,2659
38.0,13,13,4,2668
38.0,13,13,5,2676
38.0,13,13,6,2684
38.0,13,13,7,2693
38.0,13,13,8,2701
38.0,13,13,9,2709
38.0,13,13,10,2718
38.0,13,13,11,2726
38.0,13,13,12,2734
38.0,13,13,13,2742
38.0,13,13,14,2750
38.0,13,13,15,2758
38.0,13,14,0,2642
38.0,13,14,1,2650
38.0,13,14,2,2659
38.0,13,14,3,2667
38.0,13,14,4,2676
38.0,13,14,5,2684
38.0,13,14,6,2693
38.0,13,14,7,2701
38.0,13,14,8,2709
38.0,13,14,9,2718
38.0,13,14,10,2726
38.0,13,14,11,2734
38.0,13,14,12,2742
38.0,13,14,13,2751
38.0,13,14,14,2759
38.0,13,14,15,2767
38.0,13,15,0,2650
38.0,13,15,1,2659
38.0,13,15,2,2667
38.0,13,15,3,2676
38.0,13,15,4,2684
38.0,13,15,5,2692
38.0,13,15,6,2701
38.0,13,15,7,2709
38.0,13,15,8,2718
38.0,13,15,9,2726
38.0,13,15,10,2734
38.0,13,15,11,2743
38.0,13,15,12,2751
38.0,13,15,13,2759
38.0,13,15,14,2767
38.0,13,15,15,2775
38.0,14,0,0,2535
38.0,14,0,1,2543
38.0,14,0,2,2551
38.0,14,0,3,2560
38.0,14,0,4,2568
38.0,14,0,5,2576
38.0,14,0,6,2584
38.0,14,0,7,2592
38.0,14,0,8,2600
38.0,14,0,9,2608
38.0,14,0,10,2616
38.0,14,0,11,2624
38.0,14,0,12,2631
38.0,14,0,13,2639
38.0,14,0,14,2647
38.0,14,0,15,2655
38.0,14,1,0,2544
38.0,14,1,1,2552
38.0,14,1,2,2560
38.0,14,1,3,2568
38.0,14,1,4,2576
38.0,14,1,5,2584
38.0,14,1,6,2592
38.0,14,1,7,2600
38.0,14,1,8,2608
38.0,14,1,9,2616
38.0,14,1,10,2624
38.0,14,1,11,2632
38.0,14,1,12,2640
38.0,14,1,13,2648
38.0,14,1,14,2656
38.0,14,1,15,2664
38.0,14,2,0,2552
38.0,14,2,1,2560
38.0,14,2,2,2569
38.0,14,2,3,2577
38.0,14,2,4,2585
38.0,14,2,5,2593
38.0,14,2,6,2601
38.0,14,2,7,2609
38.0,14,2,8,2617
38.0,14,2,9,2625
38.0,14,2,10,2633
38.0,14,2,11,2641
38.0,14,2,12,2649
38.0,14,2,13,2657
38.0,14,2,14,2665
38.0,14,2,15,2673
38.0,14,3,0,2561
38.0,14,3,1,2569
38.0,14,3,2,2577
38.0,14,3,3,2585
38.0,14,3,4,2593
38.0,14,3,5,2602
38.0,14,3,6,2610
38.0,14,3,7,2618
38.0,14,3,8,2626
38.0,14,3,9,2634
38.0,14,3,10,2642
38.0,14,3,11,2650
38.0,14,3,12,2658
38.0,14,3,13,2666
38.0,14,3,14,2674
38.0,14,3,15,2682
38.0,14,4,0,2569
38.0,14,4,1,2577
38.0,14,4,2,2585
38.0,14,4,3,2594
38.0,14,4,4,2602
38.0,14,4,5,2610
38.0,14,4,6,2618
38.0,14,4,7,2626
38.0,14,4,8,2634
38.0,14,4,9,2643
38.0,14,4,10,2651
38.0,14,4,11,2659
38.0,14,4,12,2667
38.0,14,4,13,2675
38.0,14,4,14,2683
38.0,14,4,15,2690
38.0,14,5,0,2577
38.0,14,5,1,2586
38.0,14,5,2,2594
38.0,14,5,3,2602
38.0,14,5,4,2610
38.0,14,5,5,2619
38.0,14,5,6,2627
38.0,14,5,7,2635
38.0,14,5,8,2643
38.0,14,5,9,2651
38.0,14,5,10,2659
38.0,14,5,11,2667
38.0,14,5,12,2675
38.0,14,5,13,2683
38.0,14,5,14,2691
38.0,14,5,15,2699
38.0,14,6,0,2586
38.0,14,6,1,2594
38.0,14,6,2,2602
38.0,14,6,3,2611
38.0,14,6,4,2619
38.0,14,6,5,2627
38.0,14,6,6,2635
38.0,14,6,7,2643
38.0,14,6,8,2652
38.0,14,6,9,2660
38.0,14,6,10,2668
38.0,14,6,11,2676
38.0,14,6,12,2684
38.0,14,6,13,2692
38.0,14,6,14,2700
38.0,14,6,15,2708
38.0,14,7,0,2594
38.0,14,7,1,2602
38.0,14,7,2,2611
38.0,14,7,3,2619
38.0,14,7,4,2627
38.0,14,7,5,2636
38.0,14,7,6,2644
38.0,14,7,7,2652
38.0,14,7,8,2660
38.0,14,7,9,2668
38.0,14,7,10,2676
38.0,14,7,11,2685
38.0,14,7,12,2693
38.0,14,7,13,2701
38.0,14,7,14,2709
38.0,14,7,15,2717
38.0,14,8,0,2602
38.0,14,8,1,2611
38.0,14,8,2,2619
38.0,14,8,3,2627
38.0,14,8,4,2636
38.0,14,8,5,2644
38.0,14,8,6,2652
38.0,14,8,7,2660
38.0,14,8,8,2669
38.0,14,8,9,2677
38.0,14,8,10,2685
38.0,14,8,11,2693
38.0,14,8,12,2701
38.0,14,8,13,2709
38.0,14,8,14,2717
38.0,14,8,15,2725
38.0,14,9,0,2611
38.0,14,9,1,2619
38.0,14,9,2,2627
38.0,14,9,3,2636
38.0,14,9,4,2644
38.0,14,9,5,2652
38.0,14,9,6,2661
38.0,14,9,7,2669
38.0,14,9,8,2677
38.0,14,9,9,2685
38.0,14,9,10,2694
38.0,14,9,11,2702
38.0,14,9,12,2710
38.0,14,9,13,2718
38.0,14,9,14,2726
38.0,14,9,15,2734
38.0,14,10,0,2619
38.0,14,10,1,2627
38.0,14,10,2,2636
38.0,14,10,3,2644
38.0,14,10,4,2652
38.0,14,10,5,2661
38.0,14,10,6,2669
38.0,14,10,7,2677
38.0,14,10,8,2686
38.0,14,10,9,2694
38.0,14,10,10,2702
38.0,14,10,11,2710
38.0,14,10,12,2718
38.0,14,10,13,2727
38.0,14,10,14,2735
38.0,14,10,15,2743
38.0,14,11,0,2627
38.0,14,11,1,2636
38.0,14,11,2,2644
38.0,14,11,3,2652
38.0,14,11,4,2661
38.0,14,11,5,2669
38.0,14,11,6,2677
38.0,14,11,7,2686
38.0,14,11,8,2694
38.0,14,11,9,2702
38.0,14,11,10,2711
38.0,14,11,11,2719
38.0,14,11,12,2727
38.0,14,11,13,2735
38.0,14,11,14,2743
38.0,14,11,15,2751
38.0,14,12,0,2635
38.0,14,12,1,2644
38.0,14,12,2,2652
38.0,14,12,3,2661
38.0,14,12,4,2669
38.0,14,12,5,2677
38.0,14,12,6,2686
38.0,14,12,7,2694
38.0,14,12,8,2702
38.0,14,12,9,2711
38.0,14,12,10,2719
38.0,14,12,11,2727
38.0,14,12,12,2735
38.0,14,12,13,2744
38.0,14,12,14,2752
38.0,14,12,15,2760
38.0,14,13,0,2643
38.0,14,13,1,2652
38.0,14,13,2,2660
38.0,14,13,3,2669
38.0,14,13,4,2677
38.0,14,13,5,2686
38.0,14,13,6,2694
38.0,14,13,7,2703
38.0,14,13,8,2711
38.0,14,13,9,2719
38.0,14,13,10,2727
38.0,14,13,11,2736
38.0,14,13,12,2744
38.0,14,13,13,2752
38.0,14,13,14,2760
38.0,14,13,15,2768
38.0,14,14,0,2652
38.0,14,14,1,2660
38.0,14,14,2,2669
38.0,14,14,3,2677
38.0,14,14,4,2686
38.0,14,14,5,2694
38.0,14,14,6,2702
38.0,14,14,7,2711
38.0,14,14,8,2719
38.0,14,14,9,2728
38.0,14,14,10,2736
38.0,14,14,11,2744
38.0,14,14,12,2752
38.0,14,14,13,2761
38.0,14,14,14,2769
38.0,14,14,15,2777
38.0,14,15,0,2660
38.0,14,15,1,2668
38.0,14,15,2,2677
38.0,14,15,3,2685
38.0,14,15,4,2694
38.0,14,15,5,2702
38.0,14,15,6,2711
38.0,14,15,7,2719
38.0,14,15,8,2728
38.0,14,15,9,2736
38.0,14,15,10,2744
38.0,14,15,11,2753
38.0,14,15,12,2761
38.0,14,15,13,2769
38.0,14,15,14,2777
38.0,14,15,15,2785
38.0,15,0,0,2544
38.0,15,0,1,2553
38.0,15,0,2,2561
38.0,15,0,3,2569
38.0,15,0,4,2577
38.0,15,0,5,2585
38.0,15,0,6,2593
38.0,15,0,7,2601
38.0,15,0,8,2609
38.0,15,0,9,2617
38.0,15,0,10,2625
38.0,15,0,11,2633
38.0,15,0,12,2641
38.0,15,0,13,2649
38.0,15,0,14,2657
38.0,15,0,15,2665
38.0,15,1,0,2553
38.0,15,1,1,2561
38.0,15,1,2,2569
38.0,15,1,3,2578
38.0,15,1,4,2586
38.0,15,1,5,2594
38.0,15,1,6,2602
38.0,15,1,7,2610
38.0,15,1,8,2618
38.0,15,1,9,2626
38.0,15,1,10,2634
38.0,15,1,11,2642
38.0,15,1,12,2650
38.0,15,1,13,2658
38.0,15,1,14,2666
38.0,15,1,15,2674
38.0,15,2,0,2561
38.0,15,2,1,2570
38.0,15,2,2,2578
38.0,15,2,3,2586
38.0,15,2,4,2594
38.0,15,2,5,2602
38.0,15,2,6,2611
38.0,15,2,7,2619
38.0,15,2,8,2627
38.0,15,2,9,2635
38.0,15,2,10,2643
38.0,15,2,11,2651
38.0,15,2,12,2659
38.0,15,2,13,2667
38.0,15,2,14,2675
38.0,15,2,15,2683
38.0,15,3,0,2570
38.0,15,3,1,2578
38.0,15,3,2,2586
38.0,15,3,3,2595
38.0,15,3,4,2603
38.0,15,3,5,2611
38.0,15,3,6,2619
38.0,15,3,7,2627
38.0,15,3,8,2635
38.0,15,3,9,2643
38.0,15,3,10,2651
38.0,15,3,11,2660
38.0,15,3,12,2668
38.0,15,3,13,2675
38.0,15,3,14,2683
38.0,15,3,15,2691
38.0,15,4,0,2578
38.0,15,4,1,2587
38.0,15,4,2,2595
38.0,15,4,3,2603
38.0,15,4,4,2611
38.0,15,4,5,2620
38.0,15,4,6,2628
38.0,15,4,7,2636
38.0,15,4,8,2644
38.0,15,4,9,2652
38.0,15,4,10,2660
38.0,15,4,11,2668
38.0,15,4,12,2676
38.0,15,4,13,2684
38.0,15,4,14,2692
38.0,15,4,15,2700
38.0,15,5,0,2587
38.0,15,5,1,2595
38.0,15,5,2,2603
38.0,15,5,3,2612
38.0,15,5,4,2620
38.0,15,5,5,2628
38.0,15,5,6,2636
38.0,15,5,7,2645
38.0,15,5,8,2653
38.0,15,5,9,2661
38.0,15,5,10,2669
38.0,15,5,11,2677
38.0,15,5,12,2685
38.0,15,5,13,2693
38.0,15,5,14,2701
38.0,15,5,15,2709
38.0,15,6,0,2595
38.0,15,6,1,2603
38.0,15,6,2,2612
38.0,15,6,3,2620
38.0,15,6,4,2628
38.0,15,6,5,2637
38.0,15,6,6,2645
38.0,15,6,7,2653
38.0,15,6,8,2661
38.0,15,6,9,2669
38.0,15,6,10,2678
38.0,15,6,11,2686
38.0,15,6,12,2694
38.0,15,6,13,2702
38.0,15,6,14,2710
38.0,15,6,15,2718
38.0,15,7,0,2603
38.0,15,7,1,2612
38.0,15,7,2,2620
38.0,15,7,3,2629
38.0,15,7,4,2637
38.0,15,7,5,2645
38.0,15,7,6,2653
38.0,15,7,7,2662
38.0,15,7,8,2670
38.0,15,7,9,2678
38.0,15,7,10,2686
38.0,15,7,11,2694
38.0,15,7,12,2702
38.0,15,7,13,2710
38.0,15,7,14,2719
38.0,15,7,15,2727
38.0,15,8,0,2612
38.0,15,8,1,2620
38.0,15,8,2,2629
38.0,15,8,3,2637
38.0,15,8,4,2645
38.0,15,8,5,2654
38.0,15,8,6,2662
38.0,15,8,7,2670
38.0,15,8,8,2678
38.0,15,8,9,2687
38.0,15,8,10,2695
38.0,15,8,11,2703
38.0,15,8,12,2711
38.0,15,8,13,2719
38.0,15,8,14,2727
38.0,15,8,15,2735
38.0,15,9,0,2620
38.0,15,9,1,2629
38.0,15,9,2,2637
38.0,15,9,3,2645
38.0,15,9,4,2654
38.0,15,9,5,2662
38.0,15,9,6,2670
38.0,15,9,7,2679
38.0,15,9,8,2687
38.0,15,9,9,2695
38.0,15,9,10,2703
38.0,15,9,11,2712
38.0,15,9,12,2720
38.0,15,9,13,2728
38.0,15,9,14,2736
38.0,15,9,15,2744
38.0,15,10,0,2628
38.0,15,10,1,2637
38.0,15,10,2,2645
38.0,15,10,3,2654
38.0,15,10,4,2662
38.0,15,10,5,2670
38.0,15,10,6,2679
38.0,15,10,7,2687
38.0,15,10,8,2695
38.0,15,10,9,2704
38.0,15,10,10,2712
38.0,15,10,11,2720
38.0,15,10,12,2728
38.0,15,10,13,2736
38.0,15,10,14,2745
38.0,15,10,15,2753
38.0,15,11,0,2637
38.0,15,11,1,2645
38.0,15,11,2,2654
38.0,15,11,3,2662
38.0,15,11,4,2670
38.0,15,11,5,2679
38.0,15,11,6,2687
38.0,15,11,7,2696
38.0,15,11,8,2704
38.0,15,11,9,2712
38.0,15,11,10,2720
38.0,15,11,11,2729
38.0,15,11,12,2737
38.0,15,11,13,2745
38.0,15,11,14,2753
38.0,15,11,15,2761
38.0,15,12,0,2645
38.0,15,12,1,2653
38.0,15,12,2,2662
38.0,15,12,3,2670
38.0,15,12,4,2679
38.0,15,12,5,2687
38.0,15,12,6,2696
38.0,15,12,7,2704
38.0,15,12,8,2712
38.0,15,12,9,2721
38.0,15,12,10,2729
38.0,15,12,11,2737
38.0,15,12,12,2745
38.0,15,12,13,2754
38.0,15,12,14,2762
38.0,15,12,15,2770
38.0,15,13,0,2653
38.0,15,13,1,2662
38.0,15,13,2,2670
38.0,15,13,3,2679
38.0,15,13,4,2687
38.0,15,13,5,2696
38.0,15,13,6,2704
38.0,15,13,7,2712
38.0,15,13,8,2721
38.0,15,13,9,2729
38.0,15,13,10,2737
38.0,15,13,11,2746
38.0,15,13,12,2754
38.0,15,13,13,2762
38.0,15,13,14,2770
38.0,15,13,15,2779
38.0,15,14,0,2661
38.0,15,14,1,2670
38.0,15,14,2,2678
38.0,15,14,3,2687
38.0,15,14,4,2695
38.0,15,14,5,2704
38.0,15,14,6,2712
38.0,15,14,7,2721
38.0,15,14,8,2729
38.0,15,14,9,2737
38.0,15,14,10,2746
38.0,15,14,11,2754
38.0,15,14,12,2762
38.0,15,14,13,2771
38.0,15,14,14,2779
38.0,15,14,15,2787
38.0,15,15,0,2669
38.0,15,15,1,2678
38.0,15,15,2,2687
38.0,15,15,3,2695
38.0,15,15,4,2704
38.0,15,15,5,2712
38.0,15,15,6,2721
38.0,15,15,7,2729
38.0,15,15,8,2737
38.0,15,15,9,2746
38.0,15,15,10,2754
38.0,15,15,11,2763
38.0,15,15,12,2771
38.0,15,15,13,2779
38.0,15,15,14,2787
38.0,15,15,15,2796
38.5,0,0,0,2424
38.5,0,0,1,2432
38.5,0,0,2,2439
38.5,0,0,3,2447
38.5,0,0,4,2455
38.5,0,0,5,2463
38.5,0,0,6,2470
38.5,0,0,7,2478
38.5,0,0,8,2486
38.5,0,0,9,2493
38.5,0,0,10,2501
38.5,0,0,11,2508
38.5,0,0,12,2516
38.5,0,0,13,2523
38.5,0,0,14,2531
38.5,0,0,15,2538
38.5,0,1,0,2432
38.5,0,1,1,2440
38.5,0,1,2,2448
38.5,0,1,3,2455
38.5,0,1,4,2463
38.5,0,1,5,2471
38.5,0,1,6,2479
38.5,0,1,7,2486
38.5,0,1,8,2494
38.5,0,1,9,2502
38.5,0,1,10,2509
38.5,0,1,11,2517
38.5,0,1,12,2524
38.5,0,1,13,2532
38.5,0,1,14,2539
38.5,0,1,15,2547
38.5,0,2,0,2440
38.5,0,2,1,2448
38.5,0,2,2,2456
38.5,0,2,3,2463
38.5,0,2,4,2471
38.5,0,2,5,2479
38.5,0,2,6,2487
38.5,0,2,7,2494
38.5,0,2,8,2502
38.5,0,2,9,2510
38.5,0,2,10,2517
38.5,0,2,11,2525
38.5,0,2,12,2533
38.5,0,2,13,2540
38.5,0,2,14,2548
38.5,0,2,15,2555
38.5,0,3,0,2448
38.5,0,3,1,2456
38.5,0,3,2,2464
38.5,0,3,3,2472
38.5,0,3,4,2479
38.5,0,3,5,2487
38.5,0,3,6,2495
38.5,0,3,7,2503
38.5,0,3,8,2510
38.5,0,3,9,2518
38.5,0,3,10,2526
38.5,0,3,11,2533
38.5,0,3,12,2541
38.5,0,3,13,2549
38.5,0,3,14,2556
38.5,0,3,15,2564
38.5,0,4,0,2456
38.5,0,4,1,2464
38.5,0,4,2,2472
38.5,0,4,3,2480
38.5,0,4,4,2488
38.5,0,4,5,2495
38.5,0,4,6,2503
38.5,0,4,7,2511
38.5,0,4,8,2519
38.5,0,4,9,2526
38.5,0,4,10,2534
38.5,0,4,11,2542
38.5,0,4,12,2549
38.5,0,4,13,2557
38.5,0,4,14,2565
38.5,0,4,15,2572
38.5,0,5,0,2464
38.5,0,5,1,2472
38.5,0,5,2,2480
38.5,0,5,3,2488
38.5,0,5,4,2496
38.5,0,5,5,2504
38.5,0,5,6,2511
38.5,0,5,7,2519
38.5,0,5,8,2527
38.5,0,5,9,2535
38.5,0,5,10,2542
38.5,0,5,11,2550
38.5,0,5,12,2558
38.5,0,5,13,2565
38.5,0,5,14,2573
38.5,0,5,15,2581
38.5,0,6,0,2472
38.5,0,6,1,2480
38.5,0,6,2,2488
38.5,0,6,3,2496
38.5,0,6,4,2504
38.5,0,6,5,2512
38.5,0,6,6,2519
38.5,0,6,7,2527
38.5,0,6,8,2535
38.5,0,6,9,2543
38.5,0,6,10,2551
38.5,0,6,11,2558
38.5,0,6,12,2566
38.5,0,6,13,2574
38.5,0,6,14,2581
38.5,0,6,15,2589
38.5,0,7,0,2480
38.5,0,7,1,2488
38.5,0,7,2,2496
38.5,0,7,3,2504
38.5,0,7,4,2512
38.5,0,7,5,2520
38.5,0,7,6,2528
38.5,0,7,7,2535
38.5,0,7,8,2543
38.5,0,7,9,2551
38.5,0,7,10,2559
38.5,0,7,11,2567
38.5,0,7,12,2574
38.5,0,7,13,2582
38.5,0,7,14,2590
38.5,0,7,15,2597
38.5,0,8,0,2488
38.5,0,8,1,2496
38.5,0,8,2,2504
38.5,0,8,3,2512
38.5,0,8,4,2520
38.5,0,8,5,2528
38.5,0,8,6,2536
38.5,0,8,7,2544
38.5,0,8,8,2551
38.5,0,8,9,2559
38.5,0,8,10,2567
38.5,0,8,11,2575
38.5,0,8,12,2583
38.5,0,8,13,2590
38.5,0,8,14,2598
38.5,0,8,15,2606
38.5,0,9,0,2496
38.5,0,9,1,2504
38.5,0,9,2,2512
38.5,0,9,3,2520
38.5,0,9,4,2528
38.5,0,9,5,2536
38.5,0,9,6,2544
38.5,0,9,7,2552
38.5,0,9,8,2560
38.5,0,9,9,2567
38.5,0,9,10,2575
38.5,0,9,11,2583
38.5,0,9,12,2591
38.5,0,9,13,2598
38.5,0,9,14,2606
38.5,0,9,15,2614
38.5,0,10,0,2504
38.5,0,10,1,2512
38.5,0,10,2,2520
38.5,0,10,3,2528
38.5,0,10,4,2536
38.5,0,10,5,2544
38.5,0,10,6,2552
38.5,0,10,7,2560
38.5,0,10,8,2568
38.5,0,10,9,2575
38.5,0,10,10,2583
38.5,0,10,11,2591
38.5,0,10,12,2599
38.5,0,10,13,2607
38.5,0,10,14,2614
38.5,0,10,15,2622
38.5,0,11,0,2512
38.5,0,11,1,2520
38.5,0,11,2,2528
38.5,0,11,3,2536
38.5,0,11,4,2544
38.5,0,11,5,2552
38.5,0,11,6,2560
38.5,0,11,7,2568
38.5,0,11,8,2576
38.5,0,11,9,2584
38.5,0,11,10,2591
38.5,0,11,11,2599
38.5,0,11,12,2607
38.5,0,11,13,2615
38.5,0,11,14,2623
38.5,0,11,15,2630
38.5,0,12,0,2519
38.5,0,12,1,2528
38.5,0,12,2,2536
38.5,0,12,3,2544
38.5,0,12,4,2552
38.5,0,12,5,2560
38.5,0,12,6,2568
38.5,0,12,7,2576
38.5,0,12,8,2584
38.5,0,12,9,2592
38.5,0,12,10,2600
38.5,0,12,11,2607
38.5,0,12,12,2615
38.5,0,12,13,2623
38.5,0,12,14,2631
38.5,0,12,15,2639
38.5,0,13,0,2527
38.5,0,13,1,2535
38.5,0,13,2,2544
38.5,0,13,3,2552
38.5,0,13,4,2560
38.5,0,13,5,2568
38.5,0,13,6,2576
38.5,0,13,7,2584
38.5,0,13,8,2592
38.5,0,13,9,2600
38.5,0,13,10,2608
38.5,0,13,11,2615
38.5,0,13,12,2623
38.5,0,13,13,2631
38.5,0,13,14,2639
38.5,0,13,15,2647
38.5,0,14,0,2535
38.5,0,14,1,2543
38.5,0,14,2,2551
38.5,0,14,3,2560
38.5,0,14,4,2568
38.5,0,14,5,2576
38.5,0,14,6,2584
38.5,0,14,7,2592
38.5,0,14,8,2600
38.5,0,14,9,2608
38.5,0,14,10,2616
38.5,0,14,11,2624
38.5,0,14,12,2631
38.5,0,14,13,2639
38.5,0,14,14,2647
38.5,0,14,15,2655
38.5,0,15,0,2543
38.5,0,15,1,2551
38.5,0,15,2,2559
38.5,0,15,3,2567
38.5,0,15,4,2575
38.5,0,15,5,2584
38.5,0,15,6,2592
38.5,0,15,7,2600
38.5,0,15,8,2608
38.5,0,15,9,2616
38.5,0,15,10,2624
38.5,0,15,11,2632
38.5,0,15,12,2639
38.5,0,15,13,2647
38.5,0,15,14,2655
38.5,0,15,15,2663
38.5,1,0,0,2433
38.5,1,0,1,2441
38.5,1,0,2,2449
38.5,1,0,3,2456
38.5,1,0,4,2464
38.5,1,0,5,2472
38.5,1,0,6,2480
38.5,1,0,7,2487
38.5,1,0,8,2495
38.5,1,0,9,2503
38.5,1,0,10,2510
38.5,1,0,11,2518
38.5,1,0,12,2525
38.5,1,0,13,2533
38.5,1,0,14,2541
38.5,1,0,15,2548
38.5,1,1,0,2441
38.5,1,1,1,2449
38.5,1,1,2,2457
38.5,1,1,3,2465
38.5,1,1,4,2473
38.5,1,1,5,2480
38.5,1,1,6,2488
38.5,1,1,7,2496
38.5,1,1,8,2503
38.5,1,1,9,2511
38.5,1,1,10,2519
38.5,1,1,11,2526
38.5,1,1,12,2534
38.5,1,1,13,2542
38.5,1,1,14,2549
38.5,1,1,15,2557
38.5,1,2,0,2449
38.5,1,2,1,2457
38.5,1,2,2,2465
38.5,1,2,3,2473
38.5,1,2,4,2481
38.5,1,2,5,2489
38.5,1,2,6,2496
38.5,1,2,7,2504
38.5,1,2,8,2512
38.5,1,2,9,2519
38.5,1,2,10,2527
38.5,1,2,11,2535
38.5,1,2,12,2542
38.5,1,2,13,2550
38.5,1,2,14,2558
38.5,1,2,15,2565
38.5,1,3,0,2457
38.5,1,3,1,2465
38.5,1,3,2,2473
38.5,1,3,3,2481
38.5,1,3,4,2489
38.5,1,3,5,2497
38.5,1,3,6,2505
38.5,1,3,7,2512
38.5,1,3,8,2520
38.5,1,3,9,2528
38.5,1,3,10,2535
38.5,1,3,11,2543
38.5,1,3,12,2551
38.5,1,3,13,2558
38.5,1,3,14,2566
38.5,1,3,15,2574
38.5,1,4,0,2466
38.5,1,4,1,2473
38.5,1,4,2,2481
38.5,1,4,3,2489
38.5,1,4,4,2497
38.5,1,4,5,2505
38.5,1,4,6,2513
38.5,1,4,7,2521
38.5,1,4,8,2528
38.5,1,4,9,2536
38.5,1,4,10,2544
38.5,1,4,11,2552
38.5,1,4,12,2559
38.5,1,4,13,2567
38.5,1,4,14,2574
38.5,1,4,15,2582
38.5,1,5,0,2474
38.5,1,5,1,2482
38.5,1,5,2,2489
38.5,1,5,3,2497
38.5,1,5,4,2505
38.5,1,5,5,2513
38.5,1,5,6,2521
38.5,1,5,7,2529
38.5,1,5,8,2537
38.5,1,5,9,2544
38.5,1,5,10,2552
38.5,1,5,11,2560
38.5,1,5,12,2568
38.5,1,5,13,2575
38.5,1,5,14,2583
38.5,1,5,15,2590
38.5,1,6,0,2482
38.5,1,6,1,2490
38.5,1,6,2,2498
38.5,1,6,3,2505
38.5,1,6,4,2513
38.5,1,6,5,2521
38.5,1,6,6,2529
38.5,1,6,7,2537
38.5,1,6,8,2545
38.5,1,6,9,2553
38.5,1,6,10,2560
38.5,1,6,11,2568
38.5,1,6,12,2576
38.5,1,6,13,2584
38.5,1,6,14,2591
38.5,1,6,15,2599
38.5,1,7,0,2490
38.5,1,7,1,2498
38.5,1,7,2,2506
38.5,1,7,3,2514
38.5,1,7,4,2521
38.5,1,7,5,2529
38.5,1,7,6,2537
38.5,1,7,7,2545
38.5,1,7,8,2553
38.5,1,7,9,2561
38.5,1,7,10,2569
38.5,1,7,11,2576
38.5,1,7,12,2584
38.5,1,7,13,2592
38.5,1,7,14,2600
38.5,1,7,15,2607
38.5,1,8,0,2498
38.5,1,8,1,2506
38.5,1,8,2,2514
38.5,1,8,3,2522
38.5,1,8,4,2530
38.5,1,8,5,2537
38.5,1,8,6,2545
38.5,1,8,7,2553
38.5,1,8,8,2561
38.5,1,8,9,2569
38.5,1,8,10,2577
38.5,1,8,11,2585
38.5,1,8,12,2592
38.5,1,8,13,2600
38.5,1,8,14,2608
38.5,1,8,15,2616
38.5,1,9,0,2505
38.5,1,9,1,2514
38.5,1,9,2,2522
38.5,1,9,3,2530
38.5,1,9,4,2538
38.5,1,9,5,2546
38.5,1,9,6,2554
38.5,1,9,7,2561
38.5,1,9,8,2569
38.5,1,9,9,2577
38.5,1,9,10,2585
38.5,1,9,11,2593
38.5,1,9,12,2601
38.5,1,9,13,2608
38.5,1,9,14,2616
38.5,1,9,15,2624
38.5,1,10,0,2513
38.5,1,10,1,2521
38.5,1,10,2,2530
38.5,1,10,3,2538
38.5,1,10,4,2546
38.5,1,10,5,2554
38.5,1,10,6,2562
38.5,1,10,7,2570
38.5,1,10,8,2577
38.5,1,10,9,2585
38.5,1,10,10,2593
38.5,1,10,11,2601
38.5,1,10,12,2609
38.5,1,10,13,2617
38.5,1,10,14,2624
38.5,1,10,15,2632
38.5,1,11,0,2521
38.5,1,11,1,2529
38.5,1,11,2,2537
38.5,1,11,3,2546
38.5,1,11,4,2554
38.5,1,11,5,2562
38.5,1,11,6,2570
38.5,1,11,7,2578
38.5,1,11,8,2586
38.5,1,11,9,2593
38.5,1,11,10,2601
38.5,1,11,11,2609
38.5,1,11,12,2617
38.5,1,11,13,2625
38.5,1,11,14,2633
38.5,1,11,15,2640
38.5,1,12,0,2529
38.5,1,12,1,2537
38.5,1,12,2,2545
38.5,1,12,3,2554
38.5,1,12,4,2562
38.5,1,12,5,2570
38.5,1,12,6,2578
38.5,1,12,7,2586
38.5,1,12,8,2594
38.5,1,12,9,2602
38.5,1,12,10,2609
38.5,1,12,11,2617
38.5,1,12,12,2625
38.5,1,12,13,2633
38.5,1,12,14,2641
38.5,1,12,15,2649
38.5,1,13,0,2537
38.5,1,13,1,2545
38.5,1,13,2,2553
38.5,1,13,3,2561
38.5,1,13,4,2570
38.5,1,13,5,2578
38.5,1,13,6,2586
38.5,1,13,7,2594
38.5,1,13,8,2602
38.5,1,13,9,2610
38.5,1,13,10,2618
38.5,1,13,11,2625
38.5,1,13,12,2633
38.5,1,13,13,2641
38.5,1,13,14,2649
38.5,1,13,15,2657
38.5,1,14,0,2545
38.5,1,14,1,2553
38.5,1,14,2,2561
38.5,1,14,3,2569
38.5,1,14,4,2577
38.5,1,14,5,2586
38.5,1,14,6,2594
38.5,1,14,7,2602
38.5,1,14,8,2610
38.5,1,14,9,2618
38.5,1,14,10,2626
38.5,1,14,11,2634
38.5,1,14,12,2642
38.5,1,14,13,2649
38.5,1,14,14,2657
38.5,1,14,15,2665
38.5,1,15,0,2553
38.5,1,15,1,2561
38.5,1,15,2,2569
38.5,1,15,3,2577
38.5,1,15,4,2585
38.5,1,15,5,2593
38.5,1,15,6,2602
38.5,1,15,7,2610
38.5,1,15,8,2618
38.5,1,15,9,2626
38.5,1,15,10,2634
38.5,1,15,11,2642
38.5,1,15,12,2650
38.5,1,15,13,2658
38.5,1,15,14,2665
38.5,1,15,15,2673
38.5,2,0,0,2442
38.5,2,0,1,2450
38.5,2,0,2,2458
38.5,2,0,3,2466
38.5,2,0,4,2474
38.5,2,0,5,2481
38.5,2,0,6,2489
38.5,2,0,7,2497
38.5,2,0,8,2505
38.5,2,0,9,2512
38.5,2,0,10,2520
38.5,2,0,11,2528
38.5,2,0,12,2535
38.5,2,0,13,2543
38.5,2,0,14,2550
38.5,2,0,15,2558
38.5,2,1,0,2451
38.5,2,1,1,2458
38.5,2,1,2,2466
38.5,2,1,3,2474
38.5,2,1,4,2482
38.5,2,1,5,2490
38.5,2,1,6,2498
38.5,2,1,7,2505
38.5,2,1,8,2513
38.5,2,1,9,2521
38.5,2,1,10,2528
38.5,2,1,11,2536
38.5,2,1,12,2544
38.5,2,1,13,2551
38.5,2,1,14,2559
38.5,2,1,15,2566
38.5,2,2,0,2459
38.5,2,2,1,2467
38.5,2,2,2,2474
38.5,2,2,3,2482
38.5,2,2,4,2490
38.5,2,2,5,2498
38.5,2,2,6,2506
38.5,2,2,7,2514
38.5,2,2,8,2521
38.5,2,2,9,2529
38.5,2,2,10,2537
38.5,2,2,11,2544
38.5,2,2,12,2552
38.5,2,2,13,2560
38.5,2,2,14,2567
38.5,2,2,15,2575
38.5,2,3,0,2467
38.5,2,3,1,2475
38.5,2,3,2,2483
38.5,2,3,3,2491
38.5,2,3,4,2498
38.5,2,3,5,2506
38.5,2,3,6,2514
38.5,2,3,7,2522
38.5,2,3,8,2530
38.5,2,3,9,2537
38.5,2,3,10,2545
38.5,2,3,11,2553
38.5,2,3,12,2561
38.5,2,3,13,2568
38.5,2,3,14,2576
38.5,2,3,15,2583
38.5,2,4,0,2475
38.5,2,4,1,2483
38.5,2,4,2,2491
38.5,2,4,3,2499
38.5,2,4,4,2507
38.5,2,4,5,2515
38.5,2,4,6,2522
38.5,2,4,7,2530
38.5,2,4,8,2538
38.5,2,4,9,2546
38.5,2,4,10,2554
38.5,2,4,11,2561
38.5,2,4,12,2569
38.5,2,4,13,2577
38.5,2,4,14,2584
38.5,2,4,15,2592
38.5,2,5,0,2483
38.5,2,5,1,2491
38.5,2,5,2,2499
38.5,2,5,3,2507
38.5,2,5,4,2515
38.5,2,5,5,2523
38.5,2,5,6,2531
38.5,2,5,7,2538
38.5,2,5,8,2546
38.5,2,5,9,2554
38.5,2,5,10,2562
38.5,2,5,11,2570
38.5,2,5,12,2577
38.5,2,5,13,2585
38.5,2,5,14,2593
38.5,2,5,15,2600
38.5,2,6,0,2491
38.5,2,6,1,2499
38.5,2,6,2,2507
38.5,2,6,3,2515
38.5,2,6,4,2523
38.5,2,6,5,2531
38.5,2,6,6,2539
38.5,2,6,7,2547
38.5,2,6,8,2555
38.5,2,6,9,2562
38.5,2,6,10,2570
38.5,2,6,11,2578
38.5,2,6,12,2586
38.5,2,6,13,2593
38.5,2,6,14,2601
38.5,2,6,15,2609
38.5,2,7,0,2499
38.5,2,7,1,2507
38.5,2,7,2,2515
38.5,2,7,3,2523
38.5,2,7,4,2531
38.5,2,7,5,2539
38.5,2,7,6,2547
38.5,2,7,7,2555
38.5,2,7,8,2563
38.5,2,7,9,2571
38.5,2,7,10,2578
38.5,2,7,11,2586
38.5,2,7,12,2594
38.5,2,7,13,2602
38.5,2,7,14,2610
38.5,2,7,15,2617
38.5,2,8,0,2507
38.5,2,8,1,2515
38.5,2,8,2,2523
38.5,2,8,3,2531
38.5,2,8,4,2539
38.5,2,8,5,2547
38.5,2,8,6,2555
38.5,2,8,7,2563
38.5,2,8,8,2571
38.5,2,8,9,2579
38.5,2,8,10,2587
38.5,2,8,11,2595
38.5,2,8,12,2602
38.5,2,8,13,2610
38.5,2,8,14,2618
38.5,2,8,15,2626
38.5,2,9,0,2515
38.5,2,9,1,2523
38.5,2,9,2,2531
38.5,2,9,3,2539
38.5,2,9,4,2547
38.5,2,9,5,2555
38.5,2,9,6,2563
38.5,2,9,7,2571
38.5,2,9,8,2579
38.5,2,9,9,2587
38.5,2,9,10,2595
38.5,2,9,11,2603
38.5,2,9,12,2611
38.5,2,9,13,2618
38.5,2,9,14,2626
38.5,2,9,15,2634
38.5,2,10,0,2523
38.5,2,10,1,2531
38.5,2,10,2,2539
38.5,2,10,3,2547
38.5,2,10,4,2555
38.5,2,10,5,2563
38.5,2,10,6,2571
38.5,2,10,7,2579
38.5,2,10,8,2587
38.5,2,10,9,2595
38.5,2,10,10,2603
38.5,2,10,11,2611
38.5,2,10,12,2619
38.5,2,10,13,2627
38.5,2,10,14,2634
38.5,2,10,15,2642
38.5,2,11,0,2531
38.5,2,11,1,2539
38.5,2,11,2,2547
38.5,2,11,3,2555
38.5,2,11,4,2563
38.5,2,11,5,2571
38.5,2,11,6,2579
38.5,2,11,7,2587
38.5,2,11,8,2595
38.5,2,11,9,2603
38.5,2,11,10,2611
38.5,2,11,11,2619
38.5,2,11,12,2627
38.5,2,11,13,2635
38.5,2,11,14,2643
38.5,2,11,15,2651
38.5,2,12,0,2539
38.5,2,12,1,2547
38.5,2,12,2,2555
38.5,2,12,3,2563
38.5,2,12,4,2571
38.5,2,12,5,2579
38.5,2,12,6,2587
38.5,2,12,7,2596
38.5,2,12,8,2604
38.5,2,12,9,2611
38.5,2,12,10,2619
38.5,2,12,11,2627
38.5,2,12,12,2635
38.5,2,12,13,2643
38.5,2,12,14,2651
38.5,2,12,15,2659
38.5,2,13,0,2547
38.5,2,13,1,2555
38.5,2,13,2,2563
38.5,2,13,3,2571
38.5,2,13,4,2579
38.5,2,13,5,2587
38.5,2,13,6,2596
38.5,2,13,7,2604
38.5,2,13,8,2612
38.5,2,13,9,2620
38.5,2,13,10,2628
38.5,2,13,11,2636
38.5,2,13,12,2643
38.5,2,13,13,2651
38.5,2,13,14,2659
38.5,2,13,15,2667
38.5,2,14,0,2555
38.5,2,14,1,2563
38.5,2,14,2,2571
38.5,2,14,3,2579
38.5,2,14,4,2587
38.5,2,14,5,2595
38.5,2,14,6,2604
38.5,2,14,7,2612
38.5,2,14,8,2620
38.5,2,14,9,2628
38.5,2,14,10,2636
38.5,2,14,11,2644
38.5,2,14,12,2652
38.5,2,14,13,2660
38.5,2,14,14,2667
38.5,2,14,15,2675
38.5,2,15,0,2562
38.5,2,15,1,2571
38.5,2,15,2,2579
38.5,2,15,3,2587
38.5,2,15,4,2595
38.5,2,15,5,2603
38.5,2,15,6,2611
38.5,2,15,7,2620
38.5,2,15,8,2628
38.5,2,15,9,2636
38.5,2,15,10,2644
38.5,2,15,11,2652
38.5,2,15,12,2660
38.5,2,15,13,2668
38.5,2,15,14,2676
38.5,2,15,15,2683
38.5,3,0,0,2452
38.5,3,0,1,2460
38.5,3,0,2,2467
38.5,3,0,3,2475
38.5,3,0,4,2483
38.5,3,0,5,2491
38.5,3,0,6,2499
38.5,3,0,7,2506
38.5,3,0,8,2514
38.5,3,0,9,2522
38.5,3,0,10,2529
38.5,3,0,11,2537
38.5,3,0,12,2545
38.5,3,0,13,2552
38.5,3,0,14,2560
38.5,3,0,15,2568
38.5,3,1,0,2460
38.5,3,1,1,2468
38.5,3,1,2,2476
38.5,3,1,3,2484
38.5,3,1,4,2491
38.5,3,1,5,2499
38.5,3,1,6,2507
38.5,3,1,7,2515
38.5,3,1,8,2523
38.5,3,1,9,2530
38.5,3,1,10,2538
38.5,3,1,11,2546
38.5,3,1,12,2553
38.5,3,1,13,2561
38.5,3,1,14,2569
38.5,3,1,15,2576
38.5,3,2,0,2468
38.5,3,2,1,2476
38.5,3,2,2,2484
38.5,3,2,3,2492
38.5,3,2,4,2500
38.5,3,2,5,2508
38.5,3,2,6,2515
38.5,3,2,7,2523
38.5,3,2,8,2531
38.5,3,2,9,2539
38.5,3,2,10,2546
38.5,3,2,11,2554
38.5,3,2,12,2562
38.5,3,2,13,2569
38.5,3,2,14,2577
38.5,3,2,15,2585
38.5,3,3,0,2476
38.5,3,3,1,2484
38.5,3,3,2,2492
38.5,3,3,3,2500
38.5,3,3,4,2508
38.5,3,3,5,2516
38.5,3,3,6,2524
38.5,3,3,7,2531
38.5,3,3,8,2539
38.5,3,3,9,2547
38.5,3,3,10,2555
38.5,3,3,11,2563
38.5,3,3,12,2570
38.5,3,3,13,2578
38.5,3,3,14,2586
38.5,3,3,15,2593
38.5,3,4,0,2484
38.5,3,4,1,2492
38.5,3,4,2,2500
38.5,3,4,3,2508
38.5,3,4,4,2516
38.5,3,4,5,2524
38.5,3,4,6,2532
38.5,3,4,7,2540
38.5,3,4,8,2548
38.5,3,4,9,2555
38.5,3,4,10,2563
38.5,3,4,11,2571
38.5,3,4,12,2579
38.5,3,4,13,2586
38.5,3,4,14,2594
38.5,3,4,15,2602
38.5,3,5,0,2492
38.5,3,5,1,2500
38.5,3,5,2,2508
38.5,3,5,3,2516
38.5,3,5,4,2524
38.5,3,5,5,2532
38.5,3,5,6,2540
38.5,3,5,7,2548
38.5,3,5,8,2556
38.5,3,5,9,2564
38.5,3,5,10,2572
38.5,3,5,11,2579
38.5,3,5,12,2587
38.5,3,5,13,2595
38.5,3,5,14,2603
38.5,3,5,15,2610
38.5,3,6,0,2501
38.5,3,6,1,2509
38.5,3,6,2,2517
38.5,3,6,3,2525
38.5,3,6,4,2533
38.5,3,6,5,2541
38.5,3,6,6,2548
38.5,3,6,7,2556
38.5,3,6,8,2564
38.5,3,6,9,2572
38.5,3,6,10,2580
38.5,3,6,11,2588
38.5,3,6,12,2596
38.5,3,6,13,2603
38.5,3,6,14,2611
38.5,3,6,15,2619
38.5,3,7,0,2509
38.5,3,7,1,2517
38.5,3,7,2,2525
38.5,3,7,3,2533
38.5,3,7,4,2541
38.5,3,7,5,2549
38.5,3,7,6,2557
38.5,3,7,7,2565
38.5,3,7,8,2573
38.5,3,7,9,2580
38.5,3,7,10,2588
38.5,3,7,11,2596
38.5,3,7,12,2604
38.5,3,7,13,2612
38.5,3,7,14,2619
38.5,3,7,15,2627
38.5,3,8,0,2517
38.5,3,8,1,2525
38.5,3,8,2,2533
38.5,3,8,3,2541
38.5,3,8,4,2549
38.5,3,8,5,2557
38.5,3,8,6,2565
38.5,3,8,7,2573
38.5,3,8,8,2581
38.5,3,8,9,2589
38.5,3,8,10,2597
38.5,3,8,11,2604
38.5,3,8,12,2612
38.5,3,8,13,2620
38.5,3,8,14,2628
38.5,3,8,15,2636
38.5,3,9,0,2525
38.5,3,9,1,2533
38.5,3,9,2,2541
38.5,3,9,3,2549
38.5,3,9,4,2557
38.5,3,9,5,2565
38.5,3,9,6,2573
38.5,3,9,7,2581
38.5,3,9,8,2589
38.5,3,9,9,2597
38.5,3,9,10,2605
38.5,3,9,11,2613
38.5,3,9,12,2621
38.5,3,9,13,2628
38.5,3,9,14,2636
38.5,3,9,15,2644
38.5,3,10,0,2533
38.5,3,10,1,2541
38.5,3,10,2,2549
38.5,3,10,3,2557
38.5,3,10,4,2565
38.5,3,10,5,2573
38.5,3,10,6,2581
38.5,3,10,7,2589
38.5,3,10,8,2597
38.5,3,10,9,2605
38.5,3,10,10,2613
38.5,3,10,11,2621
38.5,3,10,12,2629
38.5,3,10,13,2637
38.5,3,10,14,2645
38.5,3,10,15,2652
38.5,3,11,0,2541
38.5,3,11,1,2549
38.5,3,11,2,2557
38.5,3,11,3,2565
38.5,3,11,4,2573
38.5,3,11,5,2581
38.5,3,11,6,2589
38.5,3,11,7,2597
38.5,3,11,8,2605
38.5,3,11,9,2613
38.5,3,11,10,2621
38.5,3,11,11,2629
38.5,3,11,12,2637
38.5,3,11,13,2645
38.5,3,11,14,2653
38.5,3,11,15,2661
38.5,3,12,0,2548
38.5,3,12,1,2557
38.5,3,12,2,2565
38.5,3,12,3,2573
38.5,3,12,4,2581
38.5,3,12,5,2589
38.5,3,12,6,2597
38.5,3,12,7,2605
38.5,3,12,8,2613
38.5,3,12,9,2621
38.5,3,12,10,2629
38.5,3,12,11,2637
38.5,3,12,12,2645
38.5,3,12,13,2653
38.5,3,12,14,2661
38.5,3,12,15,2669
38.5,3,13,0,2556
38.5,3,13,1,2565
38.5,3,13,2,2573
38.5,3,13,3,2581
38.5,3,13,4,2589
38.5,3,13,5,2597
38.5,3,13,6,2605
38.5,3,13,7,2613
38.5,3,13,8,2622
38.5,3,13,9,2630
38.5,3,13,10,2638
38.5,3,13,11,2646
38.5,3,13,12,2653
38.5,3,13,13,2661
38.5,3,13,14,2669
38.5,3,13,15,2677
38.5,3,14,0,2564
38.5,3,14,1,2573
38.5,3,14,2,2581
38.5,3,14,3,2589
38.5,3,14,4,2597
38.5,3,14,5,2605
38.5,3,14,6,2613
38.5,3,14,7,2622
38.5,3,14,8,2630
38.5,3,14,9,2638
38.5,3,14,10,2646
38.5,3,14,11,2654
38.5,3,14,12,2662
38.5,3,14,13,2670
38.5,3,14,14,2678
38.5,3,14,15,2685
38.5,3,15,0,2572
38.5,3,15,1,2580
38.5,3,15,2,2589
38.5,3,15,3,2597
38.5,3,15,4,2605
38.5,3,15,5,2613
38.5,3,15,6,2621
38.5,3,15,7,2630
38.5,3,15,8,2638
38.5,3,15,9,2646
38.5,3,15,10,2654
38.5,3,15,11,2662
38.5,3,15,12,2670
38.5,3,15,13,2678
38.5,3,15,14,2686
38.5,3,15,15,2694
38.5,4,0,0,2461
38.5,4,0,1,2469
38.5,4,0,2,2477
38.5,4,0,3,2485
38.5,4,0,4,2492
38.5,4,0,5,2500
38.5,4,0,6,2508
38.5,4,0,7,2516
38.5,4,0,8,2524
38.5,4,0,9,2531
38.5,4,0,10,2539
38.5,4,0,11,2547
38.5,4,0,12,2554
38.5,4,0,13,2562
38.5,4,0,14,2570
38.5,4,0,15,2577
38.5,4,1,0,2469
38.5,4,1,1,2477
38.5,4,1,2,2485
38.5,4,1,3,2493
38.5,4,1,4,2501
38.5,4,1,5,2509
38.5,4,1,6,2517
38.5,4,1,7,2524
38.5,4,1,8,2532
38.5,4,1,9,2540
38.5,4,1,10,2548
38.5,4,1,11,2555
38.5,4,1,12,2563
38.5,4,1,13,2571
38.5,4,1,14,2578
38.5,4,1,15,2586
38.5,4,2,0,2477
38.5,4,2,1,2485
38.5,4,2,2,2493
38.5,4,2,3,2501
38.5,4,2,4,2509
38.5,4,2,5,2517
38.5,4,2,6,2525
38.5,4,2,7,2533
38.5,4,2,8,2541
38.5,4,2,9,2548
38.5,4,2,10,2556
38.5,4,2,11,2564
38.5,4,2,12,2572
38.5,4,2,13,2579
38.5,4,2,14,2587
38.5,4,2,15,2595
38.5,4,3,0,2486
38.5,4,3,1,2494
38.5,4,3,2,2502
38.5,4,3,3,2510
38.5,4,3,4,2517
38.5,4,3,5,2525
38.5,4,3,6,2533
38.5,4,3,7,2541
38.5,4,3,8,2549
38.5,4,3,9,2557
38.5,4,3,10,2565
38.5,4,3,11,2572
38.5,4,3,12,2580
38.5,4,3,13,2588
38.5,4,3,14,2595
38.5,4,3,15,2603
38.5,4,4,0,2494
38.5,4,4,1,2502
38.5,4,4,2,2510
38.5,4,4,3,2518
38.5,4,4,4,2526
38.5,4,4,5,2534
38.5,4,4,6,2542
38.5,4,4,7,2549
38.5,4,4,8,2557
38.5,4,4,9,2565
38.5,4,4,10,2573
38.5,4,4,11,2581
38.5,4,4,12,2588
38.5,4,4,13,2596
38.5,4,4,14,2604
38.5,4,4,15,2612
38.5,4,5,0,2502
38.5,4,5,1,2510
38.5,4,5,2,2518
38.5,4,5,3,2526
38.5,4,5,4,2534
38.5,4,5,5,2542
38.5,4,5,6,2550
38.5,4,5,7,2558
38.5,4,5,8,2566
38.5,4,5,9,2573
38.5,4,5,10,2581
38.5,4,5,11,2589
38.5,4,5,12,2597
38.5,4,5,13,2605
38.5,4,5,14,2612
38.5,4,5,15,2620
38.5,4,6,0,2510
38.5,4,6,1,2518
38.5,4,6,2,2526
38.5,4,6,3,2534
38.5,4,6,4,2542
38.5,4,6,5,2550
38.5,4,6,6,2558
38.5,4,6,7,2566
38.5,4,6,8,2574
38.5,4,6,9,2582
38.5,4,6,10,2590
38.5,4,6,11,2598
38.5,4,6,12,2605
38.5,4,6,13,2613
38.5,4,6,14,2621
38.5,4,6,15,2629
38.5,4,7,0,2518
38.5,4,7,1,2526
38.5,4,7,2,2534
38.5,4,7,3,2542
38.5,4,7,4,2550
38.5,4,7,5,2558
38.5,4,7,6,2566
38.5,4,7,7,2574
38.5,4,7,8,2582
38.5,4,7,9,2590
38.5,4,7,10,2598
38.5,4,7,11,2606
38.5,4,7,12,2614
38.5,4,7,13,2622
38.5,4,7,14,2629
38.5,4,7,15,2637
38.5,4,8,0,2526
38.5,4,8,1,2534
38.5,4,8,2,2542
38.5,4,8,3,2550
38.5,4,8,4,2559
38.5,4,8,5,2567
38.5,4,8,6,2575
38.5,4,8,7,2583
38.5,4,8,8,2591
38.5,4,8,9,2598
38.5,4,8,10,2606
38.5,4,8,11,2614
38.5,4,8,12,2622
38.5,4,8,13,2630
38.5,4,8,14,2638
38.5,4,8,15,2646
38.5,4,9,0,2534
38.5,4,9,1,2542
38.5,4,9,2,2550
38.5,4,9,3,2559
38.5,4,9,4,2567
38.5,4,9,5,2575
38.5,4,9,6,2583
38.5,4,9,7,2591
38.5,4,9,8,2599
38.5,4,9,9,2607
38.5,4,9,10,2615
38.5,4,9,11,2623
38.5,4,9,12,2630
38.5,4,9,13,2638
38.5,4,9,14,2646
38.5,4,9,15,2654
38.5,4,10,0,2542
38.5,4,10,1,2550
38.5,4,10,2,2559
38.5,4,10,3,2567
38.5,4,10,4,2575
38.5,4,10,5,2583
38.5,4,10,6,2591
38.5,4,10,7,2599
38.5,4,10,8,2607
38.5,4,10,9,2615
38.5,4,10,10,2623
38.5,4,10,11,2631
38.5,4,10,12,2639
38.5,4,10,13,2647
38.5,4,10,14,2655
38.5,4,10,15,2662
38.5,4,11,0,2550
38.5,4,11,1,2558
38.5,4,11,2,2567
38.5,4,11,3,2575
38.5,4,11,4,2583
38.5,4,11,5,2591
38.5,4,11,6,2599
38.5,4,11,7,2607
38.5,4,11,8,2615
38.5,4,11,9,2623
38.5,4,11,10,2631
38.5,4,11,11,2639
38.5,4,11,12,2647
38.5,4,11,13,2655
38.5,4,11,14,2663
38.5,4,11,15,2671
38.5,4,12,0,2558
38.5,4,12,1,2566
38.5,4,12,2,2575
38.5,4,12,3,2583
38.5,4,12,4,2591
38.5,4,12,5,2599
38.5,4,12,6,2607
38.5,4,12,7,2615
38.5,4,12,8,2623
38.5,4,12,9,2631
38.5,4,12,10,2639
38.5,4,12,11,2647
38.5,4,12,12,2655
38.5,4,12,13,2663
38.5,4,12,14,2671
38.5,4,12,15,2679
38.5,4,13,0,2566
38.5,4,13,1,2574
38.5,4,13,2,2583
38.5,4,13,3,2591
38.5,4,13,4,2599
38.5,4,13,5,2607
38.5,4,13,6,2615
38.5,4,13,7,2623
38.5,4,13,8,2631
38.5,4,13,9,2640
38.5,4,13,10,2648
38.5,4,13,11,2656
38.5,4,13,12,2664
38.5,4,13,13,2672
38.5,4,13,14,2679
38.5,4,13,15,2687
38.5,4,14,0,2574
38.5,4,14,1,2582
38.5,4,14,2,2591
38.5,4,14,3,2599
38.5,4,14,4,2607
38.5,4,14,5,2615
38.5,4,14,6,2623
38.5,4,14,7,2631
38.5,4,14,8,2640
38.5,4,14,9,2648
38.5,4,14,10,2656
38.5,4,14,11,2664
38.5,4,14,12,2672
38.5,4,14,13,2680
38.5,4,14,14,2688
38.5,4,14,15,2696
38.5,4,15,0,2582
38.5,4,15,1,2590
38.5,4,15,2,2598
38.5,4,15,3,2607
38.5,4,15,4,2615
38.5,4,15,5,2623
38.5,4,15,6,2631
38.5,4,15,7,2640
38.5,4,15,8,2648
38.5,4,15,9,2656
38.5,4,15,10,2664
38.5,4,15,11,2672
38.5,4,15,12,2680
38.5,4,15,13,2688
38.5,4,15,14,2696
38.5,4,15,15,2704
38.5,5,0,0,2470
38.5,5,0,1,2478
38.5,5,0,2,2486
38.5,5,0,3,2494
38.5,5,0,4,2502
38.5,5,0,5,2510
38.5,5,0,6,2518
38.5,5,0,7,2525
38.5,5,0,8,2533
38.5,5,0,9,2541
38.5,5,0,10,2549
38.5,5,0,11,2556
38.5,5,0,12,2564
38.5,5,0,13,2572
38.5,5,0,14,2579
38.5,5,0,15,2587
38.5,5,1,0,2478
38.5,5,1,1,2486
38.5,5,1,2,2494
38.5,5,1,3,2502
38.5,5,1,4,2510
38.5,5,1,5,2518
38.5,5,1,6,2526
38.5,5,1,7,2534
38.5,5,1,8,2542
38.5,5,1,9,2549
38.5,5,1,10,2557
38.5,5,1,11,2565
38.5,5,1,12,2573
38.5,5,1,13,2580
38.5,5,1,14,2588
38.5,5,1,15,2596
38.5,5,2,0,2487
38.5,5,2,1,2495
38.5,5,2,2,2503
38.5,5,2,3,2511
38.5,5,2,4,2519
38.5,5,2,5,2527
38.5,5,2,6,2534
38.5,5,2,7,2542
38.5,5,2,8,2550
38.5,5,2,9,2558
38.5,5,2,10,2566
38.5,5,2,11,2573
38.5,5,2,12,2581
38.5,5,2,13,2589
38.5,5,2,14,2597
38.5,5,2,15,2604
38.5,5,3,0,2495
38.5,5,3,1,2503
38.5,5,3,2,2511
38.5,5,3,3,2519
38.5,5,3,4,2527
38.5,5,3,5,2535
38.5,5,3,6,2543
38.5,5,3,7,2551
38.5,5,3,8,2559
38.5,5,3,9,2566
38.5,5,3,10,2574
38.5,5,3,11,2582
38.5,5,3,12,2590
38.5,5,3,13,2597
38.5,5,3,14,2605
38.5,5,3,15,2613
38.5,5,4,0,2503
38.5,5,4,1,2511
38.5,5,4,2,2519
38.5,5,4,3,2527
38.5,5,4,4,2535
38.5,5,4,5,2543
38.5,5,4,6,2551
38.5,5,4,7,2559
38.5,5,4,8,2567
38.5,5,4,9,2575
38.5,5,4,10,2583
38.5,5,4,11,2590
38.5,5,4,12,2598
38.5,5,4,13,2606
38.5,5,4,14,2614
38.5,5,4,15,2621
38.5,5,5,0,2511
38.5,5,5,1,2519
38.5,5,5,2,2527
38.5,5,5,3,2536
38.5,5,5,4,2544
38.5,5,5,5,2552
38.5,5,5,6,2559
38.5,5,5,7,2567
38.5,5,5,8,2575
38.5,5,5,9,2583
38.5,5,5,10,2591
38.5,5,5,11,2599
38.5,5,5,12,2607
38.5,5,5,13,2615
38.5,5,5,14,2622
38.5,5,5,15,2630
38.5,5,6,0,2519
38.5,5,6,1,2528
38.5,5,6,2,2536
38.5,5,6,3,2544
38.5,5,6,4,2552
38.5,5,6,5,2560
38.5,5,6,6,2568
38.5,5,6,7,2576
38.5,5,6,8,2584
38.5,5,6,9,2592
38.5,5,6,10,2599
38.5,5,6,11,2607
38.5,5,6,12,2615
38.5,5,6,13,2623
38.5,5,6,14,2631
38.5,5,6,15,2639
38.5,5,7,0,2528
38.5,5,7,1,2536
38.5,5,7,2,2544
38.5,5,7,3,2552
38.5,5,7,4,2560
38.5,5,7,5,2568
38.5,5,7,6,2576
38.5,5,7,7,2584
38.5,5,7,8,2592
38.5,5,7,9,2600
38.5,5,7,10,2608
38.5,5,7,11,2616
38.5,5,7,12,2624
38.5,5,7,13,2631
38.5,5,7,14,2639
38.5,5,7,15,2647
38.5,5,8,0,2536
38.5,5,8,1,2544
38.5,5,8,2,2552
38.5,5,8,3,2560
38.5,5,8,4,2568
38.5,5,8,5,2576
38.5,5,8,6,2584
38.5,5,8,7,2592
38.5,5,8,8,2600
38.5,5,8,9,2608
38.5,5,8,10,2616
38.5,5,8,11,2624
38.5,5,8,12,2632
38.5,5,8,13,2640
38.5,5,8,14,2648
38.5,5,8,15,2656
38.5,5,9,0,2544
38.5,5,9,1,2552
38.5,5,9,2,2560
38.5,5,9,3,2568
38.5,5,9,4,2576
38.5,5,9,5,2584
38.5,5,9,6,2593
38.5,5,9,7,2601
38.5,5,9,8,2609
38.5,5,9,9,2617
38.5,5,9,10,2625
38.5,5,9,11,2632
38.5,5,9,12,2640
38.5,5,9,13,2648
38.5,5,9,14,2656
38.5,5,9,15,2664
38.5,5,10,0,2552
38.5,5,10,1,2560
38.5,5,10,2,2568
38.5,5,10,3,2576
38.5,5,10,4,2584
38.5,5,10,5,2593
38.5,5,10,6,2601
38.5,5,10,7,2609
38.5,5,10,8,2617
38.5,5,10,9,2625
38.5,5,10,10,2633
38.5,5,10,11,2641
38.5,5,10,12,2649
38.5,5,10,13,2657
38.5,5,10,14,2665
38.5,5,10,15,2672
38.5,5,11,0,2560
38.5,5,11,1,2568
38.5,5,11,2,2576
38.5,5,11,3,2584
38.5,5,11,4,2593
38.5,5,11,5,2601
38.5,5,11,6,2609
38.5,5,11,7,2617
38.5,5,11,8,2625
38.5,5,11,9,2633
38.5,5,11,10,2641
38.5,5,11,11,2649
38.5,5,11,12,2657
38.5,5,11,13,2665
38.5,5,11,14,2673
38.5,5,11,15,2681
38.5,5,12,0,2568
38.5,5,12,1,2576
38.5,5,12,2,2584
38.5,5,12,3,2593
38.5,5,12,4,2601
38.5,5,12,5,2609
38.5,5,12,6,2617
38.5,5,12,7,2625
38.5,5,12,8,2633
38.5,5,12,9,2641
38.5,5,12,10,2649
38.5,5,12,11,2657
38.5,5,12,12,2665
38.5,5,12,13,2673
38.5,5,12,14,2681
38.5,5,12,15,2689
38.5,5,13,0,2576
38.5,5,13,1,2584
38.5,5,13,2,2592
38.5,5,13,3,2601
38.5,5,13,4,2609
38.5,5,13,5,2617
38.5,5,13,6,2625
38.5,5,13,7,2633
38.5,5,13,8,2641
38.5,5,13,9,2649
38.5,5,13,10,2658
38.5,5,13,11,2666
38.5,5,13,12,2674
38.5,5,13,13,2682
38.5,5,13,14,2690
38.5,5,13,15,2698
38.5,5,14,0,2584
38.5,5,14,1,2592
38.5,5,14,2,2600
38.5,5,14,3,2609
38.5,5,14,4,2617
38.5,5,14,5,2625
38.5,5,14,6,2633
38.5,5,14,7,2641
38.5,5,14,8,2650
38.5,5,14,9,2658
38.5,5,14,10,2666
38.5,5,14,11,2674
38.5,5,14,12,2682
38.5,5,14,13,2690
38.5,5,14,14,2698
38.5,5,14,15,2706
38.5,5,15,0,2592
38.5,5,15,1,2600
38.5,5,15,2,2608
38.5,5,15,3,2617
38.5,5,15,4,2625
38.5,5,15,5,2633
38.5,5,15,6,2641
38.5,5,15,7,2649
38.5,5,15,8,2658
38.5,5,15,9,2666
38.5,5,15,10,2674
38.5,5,15,11,2682
38.5,5,15,12,2690
38.5,5,15,13,2698
38.5,5,15,14,2706
38.5,5,15,15,2714
38.5,6,0,0,2479
38.5,6,0,1,2487
38.5,6,0,2,2495
38.5,6,0,3,2503
38.5,6,0,4,2511
38.5,6,0,5,2519
38.5,6,0,6,2527
38.5,6,0,7,2535
38.5,6,0,8,2543
38.5,6,0,9,2550
38.5,6,0,10,2558
38.5,6,0,11,2566
38.5,6,0,12,2574
38.5,6,0,13,2581
38.5,6,0,14,2589
38.5,6,0,15,2597
38.5,6,1,0,2488
38.5,6,1,1,2496
38.5,6,1,2,2504
38.5,6,1,3,2512
38.5,6,1,4,2520
38.5,6,1,5,2528
38.5,6,1,6,2536
38.5,6,1,7,2543
38.5,6,1,8,2551
38.5,6,1,9,2559
38.5,6,1,10,2567
38.5,6,1,11,2575
38.5,6,1,12,2582
38.5,6,1,13,2590
38.5,6,1,14,2598
38.5,6,1,15,2605
38.5,6,2,0,2496
38.5,6,2,1,2504
38.5,6,2,2,2512
38.5,6,2,3,2520
38.5,6,2,4,2528
38.5,6,2,5,2536
38.5,6,2,6,2544
38.5,6,2,7,2552
38.5,6,2,8,2560
38.5,6,2,9,2568
38.5,6,2,10,2575
38.5,6,2,11,2583
38.5,6,2,12,2591
38.5,6,2,13,2599
38.5,6,2,14,2606
38.5,6,2,15,2614
38.5,6,3,0,2504
38.5,6,3,1,2512
38.5,6,3,2,2520
38.5,6,3,3,2528
38.5,6,3,4,2536
38.5,6,3,5,2544
38.5,6,3,6,2552
38.5,6,3,7,2560
38.5,6,3,8,2568
38.5,6,3,9,2576
38.5,6,3,10,2584
38.5,6,3,11,2592
38.5,6,3,12,2599
38.5,6,3,13,2607
38.5,6,3,14,2615
38.5,6,3,15,2623
38.5,6,4,0,2513
38.5,6,4,1,2521
38.5,6,4,2,2529
38.5,6,4,3,2537
38.5,6,4,4,2545
38.5,6,4,5,2553
38.5,6,4,6,2561
38.5,6,4,7,2569
38.5,6,4,8,2577
38.5,6,4,9,2584
38.5,6,4,10,2592
38.5,6,4,11,2600
38.5,6,4,12,2608
38.5,6,4,13,2616
38.5,6,4,14,2624
38.5,6,4,15,2631
38.5,6,5,0,2521
38.5,6,5,1,2529
38.5,6,5,2,2537
38.5,6,5,3,2545
38.5,6,5,4,2553
38.5,6,5,5,2561
38.5,6,5,6,2569
38.5,6,5,7,2577
38.5,6,5,8,2585
38.5,6,5,9,2593
38.5,6,5,10,2601
38.5,6,5,11,2609
38.5,6,5,12,2617
38.5,6,5,13,2624
38.5,6,5,14,2632
38.5,6,5,15,2640
38.5,6,6,0,2529
38.5,6,6,1,2537
38.5,6,6,2,2545
38.5,6,6,3,2553
38.5,6,6,4,2561
38.5,6,6,5,2569
38.5,6,6,6,2577
38.5,6,6,7,2585
38.5,6,6,8,2593
38.5,6,6,9,2601
38.5,6,6,10,2609
38.5,6,6,11,2617
38.5,6,6,12,2625
38.5,6,6,13,2633
38.5,6,6,14,2641
38.5,6,6,15,2648
38.5,6,7,0,2537
38.5,6,7,1,2545
38.5,6,7,2,2553
38.5,6,7,3,2562
38.5,6,7,4,2570
38.5,6,7,5,2578
38.5,6,7,6,2586
38.5,6,7,7,2594
38.5,6,7,8,2602
38.5,6,7,9,2610
38.5,6,7,10,2618
38.5,6,7,11,2626
38.5,6,7,12,2633
38.5,6,7,13,2641
38.5,6,7,14,2649
38.5,6,7,15,2657
38.5,6,8,0,2545
38.5,6,8,1,2553
38.5,6,8,2,2562
38.5,6,8,3,2570
38.5,6,8,4,2578
38.5,6,8,5,2586
38.5,6,8,6,2594
38.5,6,8,7,2602
38.5,6,8,8,2610
38.5,6,8,9,2618
38.5,6,8,10,2626
38.5,6,8,11,2634
38.5,6,8,12,2642
38.5,6,8,13,2650
38.5,6,8,14,2658
38.5,6,8,15,2666
38.5,6,9,0,2553
38.5,6,9,1,2562
38.5,6,9,2,2570
38.5,6,9,3,2578
38.5,6,9,4,2586
38.5,6,9,5,2594
38.5,6,9,6,2602
38.5,6,9,7,2610
38.5,6,9,8,2618
38.5,6,9,9,2626
38.5,6,9,10,2634
38.5,6,9,11,2642
38.5,6,9,12,2650
38.5,6,9,13,2658
38.5,6,9,14,2666
38.5,6,9,15,2674
38.5,6,10,0,2561
38.5,6,10,1,2570
38.5,6,10,2,2578
38.5,6,10,3,2586
38.5,6,10,4,2594
38.5,6,10,5,2602
38.5,6,10,6,2610
38.5,6,10,7,2619
38.5,6,10,8,2627
38.5,6,10,9,2635
38.5,6,10,10,2643
38.5,6,10,11,2651
38.5,6,10,12,2659
38.5,6,10,13,2667
38.5,6,10,14,2675
38.5,6,10,15,2682
38.5,6,11,0,2569
38.5,6,11,1,2578
38.5,6,11,2,2586
38.5,6,11,3,2594
38.5,6,11,4,2602
38.5,6,11,5,2611
38.5,6,11,6,2619
38.5,6,11,7,2627
38.5,6,11,8,2635
38.5,6,11,9,2643
38.5,6,11,10,2651
38.5,6,11,11,2659
38.5,6,11,12,2667
38.5,6,11,13,2675
38.5,6,11,14,2683
38.5,6,11,15,2691
38.5,6,12,0,2577
38.5,6,12,1,2586
38.5,6,12,2,2594
38.5,6,12,3,2602
38.5,6,12,4,2610
38.5,6,12,5,2619
38.5,6,12,6,2627
38.5,6,12,7,2635
38.5,6,12,8,2643
38.5,6,12,9,2651
38.5,6,12,10,2659
38.5,6,12,11,2667
38.5,6,12,12,2675
38.5,6,12,13,2683
38.5,6,12,14,2691
38.5,6,12,15,2699
38.5,6,13,0,2585
38.5,6,13,1,2594
38.5,6,13,2,2602
38.5,6,13,3,2610
38.5,6,13,4,2619
38.5,6,13,5,2627
38.5,6,13,6,2635
38.5,6,13,7,2643
38.5,6,13,8,2651
38.5,6,13,9,2659
38.5,6,13,10,2668
38.5,6,13,11,2676
38.5,6,13,12,2684
38.5,6,13,13,2692
38.5,6,13,14,2700
38.5,6,13,15,2708
38.5,6,14,0,2593
38.5,6,14,1,2602
38.5,6,14,2,2610
38.5,6,14,3,2618
38.5,6,14,4,2627
38.5,6,14,5,2635
38.5,6,14,6,2643
38.5,6,14,7,2651
38.5,6,14,8,2659
38.5,6,14,9,2668
38.5,6,14,10,2676
38.5,6,14,11,2684
38.5,6,14,12,2692
38.5,6,14,13,2700
38.5,6,14,14,2708
38.5,6,14,15,2716
38.5,6,15,0,2601
38.5,6,15,1,2610
38.5,6,15,2,2618
38.5,6,15,3,2626
38.5,6,15,4,2635
38.5,6,15,5,2643
38.5,6,15,6,2651
38.5,6,15,7,2659
38.5,6,15,8,2668
38.5,6,15,9,2676
38.5,6,15,10,2684
38.5,6,15,11,2692
38.5,6,15,12,2700
38.5,6,15,13,2708
38.5,6,15,14,2716
38.5,6,15,15,2724
38.5,7,0,0,2489
38.5,7,0,1,2497
38.5,7,0,2,2505
38.5,7,0,3,2513
38.5,7,0,4,2521
38.5,7,0,5,2529
38.5,7,0,6,2537
38.5,7,0,7,2544
38.5,7,0,8,2552
38.5,7,0,9,2560
38.5,7,0,10,2568
38.5,7,0,11,2576
38.5,7,0,12,2583
38.5,7,0,13,2591
38.5,7,0,14,2599
38.5,7,0,15,2606
38.5,7,1,0,2497
38.5,7,1,1,2505
38.5,7,1,2,2513
38.5,7,1,3,2521
38.5,7,1,4,2529
38.5,7,1,5,2537
38.5,7,1,6,2545
38.5,7,1,7,2553
38.5,7,1,8,2561
38.5,7,1,9,2569
38.5,7,1,10,2576
38.5,7,1,11,2584
38.5,7,1,12,2592
38.5,7,1,13,2600
38.5,7,1,14,2607
38.5,7,1,15,2615
38.5,7,2,0,2505
38.5,7,2,1,2514
38.5,7,2,2,2522
38.5,7,2,3,2530
38.5,7,2,4,2538
38.5,7,2,5,2546
38.5,7,2,6,2553
38.5,7,2,7,2561
38.5,7,2,8,2569
38.5,7,2,9,2577
38.5,7,2,10,2585
38.5,7,2,11,2593
38.5,7,2,12,2601
38.5,7,2,13,2608
38.5,7,2,14,2616
38.5,7,2,15,2624
38.5,7,3,0,2514
38.5,7,3,1,2522
38.5,7,3,2,2530
38.5,7,3,3,2538
38.5,7,3,4,2546
38.5,7,3,5,2554
38.5,7,3,6,2562
38.5,7,3,7,2570
38.5,7,3,8,2578
38.5,7,3,9,2586
38.5,7,3,10,2594
38.5,7,3,11,2601
38.5,7,3,12,2609
38.5,7,3,13,2617
38.5,7,3,14,2625
38.5,7,3,15,2633
38.5,7,4,0,2522
38.5,7,4,1,2530
38.5,7,4,2,2538
38.5,7,4,3,2546
38.5,7,4,4,2554
38.5,7,4,5,2562
38.5,7,4,6,2570
38.5,7,4,7,2578
38.5,7,4,8,2586
38.5,7,4,9,2594
38.5,7,4,10,2602
38.5,7,4,11,2610
38.5,7,4,12,2618
38.5,7,4,13,2626
38.5,7,4,14,2633
38.5,7,4,15,2641
38.5,7,5,0,2530
38.5,7,5,1,2538
38.5,7,5,2,2546
38.5,7,5,3,2555
38.5,7,5,4,2563
38.5,7,5,5,2571
38.5,7,5,6,2579
38.5,7,5,7,2587
38.5,7,5,8,2595
38.5,7,5,9,2603
38.5,7,5,10,2611
38.5,7,5,11,2618
38.5,7,5,12,2626
38.5,7,5,13,2634
38.5,7,5,14,2642
38.5,7,5,15,2650
38.5,7,6,0,2538
38.5,7,6,1,2547
38.5,7,6,2,2555
38.5,7,6,3,2563
38.5,7,6,4,2571
38.5,7,6,5,2579
38.5,7,6,6,2587
38.5,7,6,7,2595
38.5,7,6,8,2603
38.5,7,6,9,2611
38.5,7,6,10,2619
38.5,7,6,11,2627
38.5,7,6,12,2635
38.5,7,6,13,2643
38.5,7,6,14,2651
38.5,7,6,15,2658
38.5,7,7,0,2547
38.5,7,7,1,2555
38.5,7,7,2,2563
38.5,7,7,3,2571
38.5,7,7,4,2579
38.5,7,7,5,2587
38.5,7,7,6,2595
38.5,7,7,7,2603
38.5,7,7,8,2611
38.5,7,7,9,2619
38.5,7,7,10,2627
38.5,7,7,11,2635
38.5,7,7,12,2643
38.5,7,7,13,2651
38.5,7,7,14,2659
38.5,7,7,15,2667
38.5,7,8,0,2555
38.5,7,8,1,2563
38.5,7,8,2,2571
38.5,7,8,3,2579
38.5,7,8,4,2587
38.5,7,8,5,2596
38.5,7,8,6,2604
38.5,7,8,7,2612
38.5,7,8,8,2620
38.5,7,8,9,2628
38.5,7,8,10,2636
38.5,7,8,11,2644
38.5,7,8,12,2652
38.5,7,8,13,2660
38.5,7,8,14,2668
38.5,7,8,15,2676
38.5,7,9,0,2563
38.5,7,9,1,2571
38.5,7,9,2,2579
38.5,7,9,3,2588
38.5,7,9,4,2596
38.5,7,9,5,2604
38.5,7,9,6,2612
38.5,7,9,7,2620
38.5,7,9,8,2628
38.5,7,9,9,2636
38.5,7,9,10,2644
38.5,7,9,11,2652
38.5,7,9,12,2660
38.5,7,9,13,2668
38.5,7,9,14,2676
38.5,7,9,15,2684
38.5,7,10,0,2571
38.5,7,10,1,2579
38.5,7,10,2,2587
38.5,7,10,3,2596
38.5,7,10,4,2604
38.5,7,10,5,2612
38.5,7,10,6,2620
38.5,7,10,7,2628
38.5,7,10,8,2636
38.5,7,10,9,2645
38.5,7,10,10,2653
38.5,7,10,11,2661
38.5,7,10,12,2669
38.5,7,10,13,2677
38.5,7,10,14,2685
38.5,7,10,15,2693
38.5,7,11,0,2579
38.5,7,11,1,2587
38.5,7,11,2,2596
38.5,7,11,3,2604
38.5,7,11,4,2612
38.5,7,11,5,2620
38.5,7,11,6,2628
38.5,7,11,7,2637
38.5,7,11,8,2645
38.5,7,11,9,2653
38.5,7,11,10,2661
38.5,7,11,11,2669
38.5,7,11,12,2677
38.5,7,11,13,2685
38.5,7,11,14,2693
38.5,7,11,15,2701
38.5,7,12,0,2587
38.5,7,12,1,2595
38.5,7,12,2,2604
38.5,7,12,3,2612
38.5,7,12,4,2620
38.5,7,12,5,2628
38.5,7,12,6,2637
38.5,7,12,7,2645
38.5,7,12,8,2653
38.5,7,12,9,2661
38.5,7,12,10,2669
38.5,7,12,11,2677
38.5,7,12,12,2685
38.5,7,12,13,2693
38.5,7,12,14,2701
38.5,7,12,15,2709
38.5,7,13,0,2595
38.5,7,13,1,2603
38.5,7,13,2,2612
38.5,7,13,3,2620
38.5,7,13,4,2628
38.5,7,13,5,2637
38.5,7,13,6,2645
38.5,7,13,7,2653
38.5,7,13,8,2661
38.5,7,13,9,2669
38.5,7,13,10,2678
38.5,7,13,11,2686
38.5,7,13,12,2694
38.5,7,13,13,2702
38.5,7,13,14,2710
38.5,7,13,15,2718
38.5,7,14,0,2603
38.5,7,14,1,2611
38.5,7,14,2,2620
38.5,7,14,3,2628
38.5,7,14,4,2636
38.5,7,14,5,2645
38.5,7,14,6,2653
38.5,7,14,7,2661
38.5,7,14,8,2669
38.5,7,14,9,2678
38.5,7,14,10,2686
38.5,7,14,11,2694
38.5,7,14,12,2702
38.5,7,14,13,2710
38.5,7,14,14,2718
38.5,7,14,15,2726
38.5,7,15,0,2611
38.5,7,15,1,2619
38.5,7,15,2,2628
38.5,7,15,3,2636
38.5,7,15,4,2645
38.5,7,15,5,2653
38.5,7,15,6,2661
38.5,7,15,7,2669
38.5,7,15,8,2678
38.5,7,15,9,2686
38.5,7,15,10,2694
38.5,7,15,11,2702
38.5,7,15,12,2710
38.5,7,15,13,2718
38.5,7,15,14,2726
38.5,7,15,15,2735
38.5,8,0,0,2498
38.5,8,0,1,2506
38.5,8,0,2,2514
38.5,8,0,3,2522
38.5,8,0,4,2530
38.5,8,0,5,2538
38.5,8,0,6,2546
38.5,8,0,7,2554
38.5,8,0,8,2562
38.5,8,0,9,2570
38.5,8,0,10,2577
38.5,8,0,11,2585
38.5,8,0,12,2593
38.5,8,0,13,2601
38.5,8,0,14,2608
38.5,8,0,15,2616
38.5,8,1,0,2506
38.5,8,1,1,2515
38.5,8,1,2,2523
38.5,8,1,3,2531
38.5,8,1,4,2539
38.5,8,1,5,2547
38.5,8,1,6,2555
38.5,8,1,7,2562
38.5,8,1,8,2570
38.5,8,1,9,2578
38.5,8,1,10,2586
38.5,8,1,11,2594
38.5,8,1,12,2602
38.5,8,1,13,2609
38.5,8,1,14,2617
38.5,8,1,15,2625
38.5,8,2,0,2515
38.5,8,2,1,2523
38.5,8,2,2,2531
38.5,8,2,3,2539
38.5,8,2,4,2547
38.5,8,2,5,2555
38.5,8,2,6,2563
38.5,8,2,7,2571
38.5,8,2,8,2579
38.5,8,2,9,2587
38.5,8,2,10,2595
38.5,8,2,11,2603
38.5,8,2,12,2610
38.5,8,2,13,2618
38.5,8,2,14,2626
38.5,8,2,15,2634
38.5,8,3,0,2523
38.5,8,3,1,2531
38.5,8,3,2,2539
38.5,8,3,3,2547
38.5,8,3,4,2555
38.5,8,3,5,2563
38.5,8,3,6,2571
38.5,8,3,7,2579
38.5,8,3,8,2587
38.5,8,3,9,2595
38.5,8,3,10,2603
38.5,8,3,11,2611
38.5,8,3,12,2619
38.5,8,3,13,2627
38.5,8,3,14,2635
38.5,8,3,15,2642
38.5,8,4,0,2531
38.5,8,4,1,2540
38.5,8,4,2,2548
38.5,8,4,3,2556
38.5,8,4,4,2564
38.5,8,4,5,2572
38.5,8,4,6,2580
38.5,8,4,7,2588
38.5,8,4,8,2596
38.5,8,4,9,2604
38.5,8,4,10,2612
38.5,8,4,11,2620
38.5,8,4,12,2628
38.5,8,4,13,2635
38.5,8,4,14,2643
38.5,8,4,15,2651
38.5,8,5,0,2540
38.5,8,5,1,2548
38.5,8,5,2,2556
38.5,8,5,3,2564
38.5,8,5,4,2572
38.5,8,5,5,2580
38.5,8,5,6,2588
38.5,8,5,7,2596
38.5,8,5,8,2604
38.5,8,5,9,2612
38.5,8,5,10,2620
38.5,8,5,11,2628
38.5,8,5,12,2636
38.5,8,5,13,2644
38.5,8,5,14,2652
38.5,8,5,15,2660
38.5,8,6,0,2548
38.5,8,6,1,2556
38.5,8,6,2,2564
38.5,8,6,3,2572
38.5,8,6,4,2581
38.5,8,6,5,2589
38.5,8,6,6,2597
38.5,8,6,7,2605
38.5,8,6,8,2613
38.5,8,6,9,2621
38.5,8,6,10,2629
38.5,8,6,11,2637
38.5,8,6,12,2645
38.5,8,6,13,2653
38.5,8,6,14,2660
38.5,8,6,15,2668
38.5,8,7,0,2556
38.5,8,7,1,2564
38.5,8,7,2,2573
38.5,8,7,3,2581
38.5,8,7,4,2589
38.5,8,7,5,2597
38.5,8,7,6,2605
38.5,8,7,7,2613
38.5,8,7,8,2621
38.5,8,7,9,2629
38.5,8,7,10,2637
38.5,8,7,11,2645
38.5,8,7,12,2653
38.5,8,7,13,2661
38.5,8,7,14,2669
38.5,8,7,15,2677
38.5,8,8,0,2564
38.5,8,8,1,2573
38.5,8,8,2,2581
38.5,8,8,3,2589
38.5,8,8,4,2597
38.5,8,8,5,2605
38.5,8,8,6,2613
38.5,8,8,7,2622
38.5,8,8,8,2630
38.5,8,8,9,2638
38.5,8,8,10,2646
38.5,8,8,11,2654
38.5,8,8,12,2662
38.5,8,8,13,2670
38.5,8,8,14,2678
38.5,8,8,15,2686
38.5,8,9,0,2572
38.5,8,9,1,2581
38.5,8,9,2,2589
38.5,8,9,3,2597
38.5,8,9,4,2605
38.5,8,9,5,2614
38.5,8,9,6,2622
38.5,8,9,7,2630
38.5,8,9,8,2638
38.5,8,9,9,2646
38.5,8,9,10,2654
38.5,8,9,11,2662
38.5,8,9,12,2670
38.5,8,9,13,2678
38.5,8,9,14,2686
38.5,8,9,15,2694
38.5,8,10,0,2581
38.5,8,10,1,2589
38.5,8,10,2,2597
38.5,8,10,3,2605
38.5,8,10,4,2614
38.5,8,10,5,2622
38.5,8,10,6,2630
38.5,8,10,7,2638
38.5,8,10,8,2646
38.5,8,10,9,2654
38.5,8,10,10,2663
38.5,8,10,11,2671
38.5,8,10,12,2679
38.5,8,10,13,2687
38.5,8,10,14,2695
38.5,8,10,15,2703
38.5,8,11,0,2589
38.5,8,11,1,2597
38.5,8,11,2,2605
38.5,8,11,3,2614
38.5,8,11,4,2622
38.5,8,11,5,2630
38.5,8,11,6,2638
38.5,8,11,7,2646
38.5,8,11,8,2655
38.5,8,11,9,2663
38.5,8,11,10,2671
38.5,8,11,11,2679
38.5,8,11,12,2687
38.5,8,11,13,2695
38.5,8,11,14,2703
38.5,8,11,15,2711
38.5,8,12,0,2597
38.5,8,12,1,2605
38.5,8,12,2,2613
38.5,8,12,3,2622
38.5,8,12,4,2630
38.5,8,12,5,2638
38.5,8,12,6,2647
38.5,8,12,7,2655
38.5,8,12,8,2663
38.5,8,12,9,2671
38.5,8,12,10,2679
38.5,8,12,11,2687
38.5,8,12,12,2695
38.5,8,12,13,2703
38.5,8,12,14,2711
38.5,8,12,15,2720
38.5,8,13,0,2605
38.5,8,13,1,2613
38.5,8,13,2,2622
38.5,8,13,3,2630
38.5,8,13,4,2638
38.5,8,13,5,2646
38.5,8,13,6,2655
38.5,8,13,7,2663
38.5,8,13,8,2671
38.5,8,13,9,2679
38.5,8,13,10,2688
38.5,8,13,11,2696
38.5,8,13,12,2704
38.5,8,13,13,2712
38.5,8,13,14,2720
38.5,8,13,15,2728
38.5,8,14,0,2613
38.5,8,14,1,2621
38.5,8,14,2,2630
38.5,8,14,3,2638
38.5,8,14,4,2646
38.5,8,14,5,2655
38.5,8,14,6,2663
38.5,8,14,7,2671
38.5,8,14,8,2679
38.5,8,14,9,2688
38.5,8,14,10,2696
38.5,8,14,11,2704
38.5,8,14,12,2712
38.5,8,14,13,2720
38.5,8,14,14,2728
38.5,8,14,15,2736
38.5,8,15,0,2621
38.5,8,15,1,2629
38.5,8,15,2,2638
38.5,8,15,3,2646
38.5,8,15,4,2654
38.5,8,15,5,2663
38.5,8,15,6,2671
38.5,8,15,7,2679
38.5,8,15,8,2688
38.5,8,15,9,2696
38.5,8,15,10,2704
38.5,8,15,11,2712
38.5,8,15,12,2720
38.5,8,15,13,2729
38.5,8,15,14,2737
38.5,8,15,15,2745
38.5,9,0,0,2507
38.5,9,0,1,2515
38.5,9,0,2,2523
38.5,9,0,3,2532
38.5,9,0,4,2540
38.5,9,0,5,2547
38.5,9,0,6,2555
38.5,9,0,7,2563
38.5,9,0,8,2571
38.5,9,0,9,2579
38.5,9,0,10,2587
38.5,9,0,11,2595
38.5,9,0,12,2603
38.5,9,0,13,2610
38.5,9,0,14,2618
38.5,9,0,15,2626
38.5,9,1,0,2516
38.5,9,1,1,2524
38.5,9,1,2,2532
38.5,9,1,3,2540
38.5,9,1,4,2548
38.5,9,1,5,2556
38.5,9,1,6,2564
38.5,9,1,7,2572
38.5,9,1,8,2580
38.5,9,1,9,2588
38.5,9,1,10,2596
38.5,9,1,11,2604
38.5,9,1,12,2611
38.5,9,1,13,2619
38.5,9,1,14,2627
38.5,9,1,15,2635
38.5,9,2,0,2524
38.5,9,2,1,2532
38.5,9,2,2,2540
38.5,9,2,3,2548
38.5,9,2,4,2557
38.5,9,2,5,2565
38.5,9,2,6,2573
38.5,9,2,7,2581
38.5,9,2,8,2588
38.5,9,2,9,2596
38.5,9,2,10,2604
38.5,9,2,11,2612
38.5,9,2,12,2620
38.5,9,2,13,2628
38.5,9,2,14,2636
38.5,9,2,15,2643
38.5,9,3,0,2532
38.5,9,3,1,2541
38.5,9,3,2,2549
38.5,9,3,3,2557
38.5,9,3,4,2565
38.5,9,3,5,2573
38.5,9,3,6,2581
38.5,9,3,7,2589
38.5,9,3,8,2597
38.5,9,3,9,2605
38.5,9,3,10,2613
38.5,9,3,11,2621
38.5,9,3,12,2629
38.5,9,3,13,2637
38.5,9,3,14,2644
38.5,9,3,15,2652
38.5,9,4,0,2541
38.5,9,4,1,2549
38.5,9,4,2,2557
38.5,9,4,3,2565
38.5,9,4,4,2573
38.5,9,4,5,2581
38.5,9,4,6,2590
38.5,9,4,7,2598
38.5,9,4,8,2606
38.5,9,4,9,2614
38.5,9,4,10,2621
38.5,9,4,11,2629
38.5,9,4,12,2637
38.5,9,4,13,2645
38.5,9,4,14,2653
38.5,9,4,15,2661
38.5,9,5,0,2549
38.5,9,5,1,2557
38.5,9,5,2,2565
38.5,9,5,3,2574
38.5,9,5,4,2582
38.5,9,5,5,2590
38.5,9,5,6,2598
38.5,9,5,7,2606
38.5,9,5,8,2614
38.5,9,5,9,2622
38.5,9,5,10,2630
38.5,9,5,11,2638
38.5,9,5,12,2646
38.5,9,5,13,2654
38.5,9,5,14,2662
38.5,9,5,15,2670
38.5,9,6,0,2557
38.5,9,6,1,2566
38.5,9,6,2,2574
38.5,9,6,3,2582
38.5,9,6,4,2590
38.5,9,6,5,2598
38.5,9,6,6,2606
38.5,9,6,7,2614
38.5,9,6,8,2623
38.5,9,6,9,2631
38.5,9,6,10,2639
38.5,9,6,11,2647
38.5,9,6,12,2655
38.5,9,6,13,2662
38.5,9,6,14,2670
38.5,9,6,15,2678
38.5,9,7,0,2566
38.5,9,7,1,2574
38.5,9,7,2,2582
38.5,9,7,3,2590
38.5,9,7,4,2598
38.5,9,7,5,2607
38.5,9,7,6,2615
38.5,9,7,7,2623
38.5,9,7,8,2631
38.5,9,7,9,2639
38.5,9,7,10,2647
38.5,9,7,11,2655
38.5,9,7,12,2663
38.5,9,7,13,2671
38.5,9,7,14,2679
38.5,9,7,15,2687
38.5,9,8,0,2574
38.5,9,8,1,2582
38.5,9,8,2,2590
38.5,9,8,3,2599
38.5,9,8,4,2607
38.5,9,8,5,2615
38.5,9,8,6,2623
38.5,9,8,7,2631
38.5,9,8,8,2639
38.5,9,8,9,2647
38.5,9,8,10,2656
38.5,9,8,11,2664
38.5,9,8,12,2672
38.5,9,8,13,2680
38.5,9,8,14,2688
38.5,9,8,15,2695
38.5,9,9,0,2582
38.5,9,9,1,2590
38.5,9,9,2,2599
38.5,9,9,3,2607
38.5,9,9,4,2615
38.5,9,9,5,2623
38.5,9,9,6,2631
38.5,9,9,7,2640
38.5,9,9,8,2648
38.5,9,9,9,2656
38.5,9,9,10,2664
38.5,9,9,11,2672
38.5,9,9,12,2680
38.5,9,9,13,2688
38.5,9,9,14,2696
38.5,9,9,15,2704
38.5,9,10,0,2590
38.5,9,10,1,2598
38.5,9,10,2,2607
38.5,9,10,3,2615
38.5,9,10,4,2623
38.5,9,10,5,2632
38.5,9,10,6,2640
38.5,9,10,7,2648
38.5,9,10,8,2656
38.5,9,10,9,2664
38.5,9,10,10,2672
38.5,9,10,11,2680
38.5,9,10,12,2689
38.5,9,10,13,2697
38.5,9,10,14,2705
38.5,9,10,15,2713
38.5,9,11,0,2598
38.5,9,11,1,2607
38.5,9,11,2,2615
38.5,9,11,3,2623
38.5,9,11,4,2632
38.5,9,11,5,2640
38.5,9,11,6,2648
38.5,9,11,7,2656
38.5,9,11,8,2665
38.5,9,11,9,2673
38.5,9,11,10,2681
38.5,9,11,11,2689
38.5,9,11,12,2697
38.5,9,11,13,2705
38.5,9,11,14,2713
38.5,9,11,15,2721
38.5,9,12,0,2606
38.5,9,12,1,2615
38.5,9,12,2,2623
38.5,9,12,3,2631
38.5,9,12,4,2640
38.5,9,12,5,2648
38.5,9,12,6,2656
38.5,9,12,7,2665
38.5,9,12,8,2673
38.5,9,12,9,2681
38.5,9,12,10,2689
38.5,9,12,11,2697
38.5,9,12,12,2705
38.5,9,12,13,2714
38.5,9,12,14,2722
38.5,9,12,15,2730
38.5,9,13,0,2614
38.5,9,13,1,2623
38.5,9,13,2,2631
38.5,9,13,3,2640
38.5,9,13,4,2648
38.5,9,13,5,2656
38.5,9,13,6,2665
38.5,9,13,7,2673
38.5,9,13,8,2681
38.5,9,13,9,2689
38.5,9,13,10,2698
38.5,9,13,11,2706
38.5,9,13,12,2714
38.5,9,13,13,2722
38.5,9,13,14,2730
38.5,9,13,15,2738
38.5,9,14,0,2623
38.5,9,14,1,2631
38.5,9,14,2,2639
38.5,9,14,3,2648
38.5,9,14,4,2656
38.5,9,14,5,2665
38.5,9,14,6,2673
38.5,9,14,7,2681
38.5,9,14,8,2689
38.5,9,14,9,2698
38.5,9,14,10,2706
38.5,9,14,11,2714
38.5,9,14,12,2722
38.5,9,14,13,2730
38.5,9,14,14,2738
38.5,9,14,15,2747
38.5,9,15,0,2631
38.5,9,15,1,2639
38.5,9,15,2,2647
38.5,9,15,3,2656
38.5,9,15,4,2664
38.5,9,15,5,2673
38.5,9,15,6,2681
38.5,9,15,7,2689
38.5,9,15,8,2698
38.5,9,15,9,2706
38.5,9,15,10,2714
38.5,9,15,11,2722
38.5,9,15,12,2731
38.5,9,15,13,2739
38.5,9,15,14,2747
38.5,9,15,15,2755
38.5,10,0,0,2517
38.5,10,0,1,2525
38.5,10,0,2,2533
38.5,10,0,3,2541
38.5,10,0,4,2549
38.5,10,0,5,2557
38.5,10,0,6,2565
38.5,10,0,7,2573
38.5,10,0,8,2581
38.5,10,0,9,2589
38.5,10,0,10,2597
38.5,10,0,11,2604
38.5,10,0,12,2612
38.5,10,0,13,2620
38.5,10,0,14,2628
38.5,10,0,15,2636
38.5,10,1,0,2525
38.5,10,1,1,2533
38.5,10,1,2,2541
38.5,10,1,3,2549
38.5,10,1,4,2557
38.5,10,1,5,2565
38.5,10,1,6,2573
38.5,10,1,7,2581
38.5,10,1,8,2589
38.5,10,1,9,2597
38.5,10,1,10,2605
38.5,10,1,11,2613
38.5,10,1,12,2621
38.5,10,1,13,2629
38.5,10,1,14,2637
38.5,10,1,15,2644
38.5,10,2,0,2533
38.5,10,2,1,2542
38.5,10,2,2,2550
38.5,10,2,3,2558
38.5,10,2,4,2566
38.5,10,2,5,2574
38.5,10,2,6,2582
38.5,10,2,7,2590
38.5,10,2,8,2598
38.5,10,2,9,2606
38.5,10,2,10,2614
38.5,10,2,11,2622
38.5,10,2,12,2630
38.5,10,2,13,2638
38.5,10,2,14,2645
38.5,10,2,15,2653
38.5,10,3,0,2542
38.5,10,3,1,2550
38.5,10,3,2,2558
38.5,10,3,3,2566
38.5,10,3,4,2574
38.5,10,3,5,2583
38.5,10,3,6,2591
38.5,10,3,7,2599
38.5,10,3,8,2607
38.5,10,3,9,2615
38.5,10,3,10,2623
38.5,10,3,11,2631
38.5,10,3,12,2638
38.5,10,3,13,2646
38.5,10,3,14,2654
38.5,10,3,15,2662
38.5,10,4,0,2550
38.5,10,4,1,2558
38.5,10,4,2,2567
38.5,10,4,3,2575
38.5,10,4,4,2583
38.5,10,4,5,2591
38.5,10,4,6,2599
38.5,10,4,7,2607
38.5,10,4,8,2615
38.5,10,4,9,2623
38.5,10,4,10,2631
38.5,10,4,11,2639
38.5,10,4,12,2647
38.5,10,4,13,2655
38.5,10,4,14,2663
38.5,10,4,15,2671
38.5,10,5,0,2559
38.5,10,5,1,2567
38.5,10,5,2,2575
38.5,10,5,3,2583
38.5,10,5,4,2591
38.5,10,5,5,2599
38.5,10,5,6,2608
38.5,10,5,7,2616
38.5,10,5,8,2624
38.5,10,5,9,2632
38.5,10,5,10,2640
38.5,10,5,11,2648
38.5,10,5,12,2656
38.5,10,5,13,2664
38.5,10,5,14,2672
38.5,10,5,15,2679
38.5,10,6,0,2567
38.5,10,6,1,2575
38.5,10,6,2,2583
38.5,10,6,3,2592
38.5,10,6,4,2600
38.5,10,6,5,2608
38.5,10,6,6,2616
38.5,10,6,7,2624
38.5,10,6,8,2632
38.5,10,6,9,2640
38.5,10,6,10,2648
38.5,10,6,11,2656
38.5,10,6,12,2664
38.5,10,6,13,2672
38.5,10,6,14,2680
38.5,10,6,15,2688
38.5,10,7,0,2575
38.5,10,7,1,2583
38.5,10,7,2,2592
38.5,10,7,3,2600
38.5,10,7,4,2608
38.5,10,7,5,2616
38.5,10,7,6,2624
38.5,10,7,7,2633
38.5,10,7,8,2641
38.5,10,7,9,2649
38.5,10,7,10,2657
38.5,10,7,11,2665
38.5,10,7,12,2673
38.5,10,7,13,2681
38.5,10,7,14,2689
38.5,10,7,15,2697
38.5,10,8,0,2583
38.5,10,8,1,2592
38.5,10,8,2,2600
38.5,10,8,3,2608
38.5,10,8,4,2616
38.5,10,8,5,2625
38.5,10,8,6,2633
38.5,10,8,7,2641
38.5,10,8,8,2649
38.5,10,8,9,2657
38.5,10,8,10,2665
38.5,10,8,11,2673
38.5,10,8,12,2681
38.5,10,8,13,2690
38.5,10,8,14,2698
38.5,10,8,15,2705
38.5,10,9,0,2592
38.5,10,9,1,2600
38.5,10,9,2,2608
38.5,10,9,3,2617
38.5,10,9,4,2625
38.5,10,9,5,2633
38.5,10,9,6,2641
38.5,10,9,7,2649
38.5,10,9,8,2658
38.5,10,9,9,2666
38.5,10,9,10,2674
38.5,10,9,11,2682
38.5,10,9,12,2690
38.5,10,9,13,2698
38.5,10,9,14,2706
38.5,10,9,15,2714
38.5,10,10,0,2600
38.5,10,10,1,2608
38.5,10,10,2,2616
38.5,10,10,3,2625
38.5,10,10,4,2633
38.5,10,10,5,2641
38.5,10,10,6,2650
38.5,10,10,7,2658
38.5,10,10,8,2666
38.5,10,10,9,2674
38.5,10,10,10,2682
38.5,10,10,11,2690
38.5,10,10,12,2699
38.5,10,10,13,2707
38.5,10,10,14,2715
38.5,10,10,15,2723
38.5,10,11,0,2608
38.5,10,11,1,2616
38.5,10,11,2,2625
38.5,10,11,3,2633
38.5,10,11,4,2641
38.5,10,11,5,2650
38.5,10,11,6,2658
38.5,10,11,7,2666
38.5,10,11,8,2674
38.5,10,11,9,2683
38.5,10,11,10,2691
38.5,10,11,11,2699
38.5,10,11,12,2707
38.5,10,11,13,2715
38.5,10,11,14,2723
38.5,10,11,15,2731
38.5,10,12,0,2616
38.5,10,12,1,2624
38.5,10,12,2,2633
38.5,10,12,3,2641
38.5,10,12,4,2650
38.5,10,12,5,2658
38.5,10,12,6,2666
38.5,10,12,7,2674
38.5,10,12,8,2683
38.5,10,12,9,2691
38.5,10,12,10,2699
38.5,10,12,11,2707
38.5,10,12,12,2715
38.5,10,12,13,2724
38.5,10,12,14,2732
38.5,10,12,15,2740
38.5,10,13,0,2624
38.5,10,13,1,2633
38.5,10,13,2,2641
38.5,10,13,3,2649
38.5,10,13,4,2658
38.5,10,13,5,2666
38.5,10,13,6,2674
38.5,10,13,7,2683
38.5,10,13,8,2691
38.5,10,13,9,2699
38.5,10,13,10,2708
38.5,10,13,11,2716
38.5,10,13,12,2724
38.5,10,13,13,2732
38.5,10,13,14,2740
38.5,10,13,15,2748
38.5,10,14,0,2632
38.5,10,14,1,2641
38.5,10,14,2,2649
38.5,10,14,3,2658
38.5,10,14,4,2666
38.5,10,14,5,2674
38.5,10,14,6,2683
38.5,10,14,7,2691
38.5,10,14,8,2699
38.5,10,14,9,2708
38.5,10,14,10,2716
38.5,10,14,11,2724
38.5,10,14,12,2732
38.5,10,14,13,2740
38.5,10,14,14,2749
38.5,10,14,15,2757
38.5,10,15,0,2640
38.5,10,15,1,2649
38.5,10,15,2,2657
38.5,10,15,3,2666
38.5,10,15,4,2674
38.5,10,15,5,2683
38.5,10,15,6,2691
38.5,10,15,7,2699
38.5,10,15,8,2708
38.5,10,15,9,2716
38.5,10,15,10,2724
38.5,10,15,11,2732
38.5,10,15,12,2741
38.5,10,15,13,2749
38.5,10,15,14,2757
38.5,10,15,15,2765
38.5,11,0,0,2526
38.5,11,0,1,2534
38.5,11,0,2,2542
38.5,11,0,3,2550
38.5,11,0,4,2558
38.5,11,0,5,2566
38.5,11,0,6,2574
38.5,11,0,7,2582
38.5,11,0,8,2590
38.5,11,0,9,2598
38.5,11,0,10,2606
38.5,11,0,11,2614
38.5,11,0,12,2622
38.5,11,0,13,2630
38.5,11,0,14,2638
38.5,11,0,15,2645
38.5,11,1,0,2534
38.5,11,1,1,2543
38.5,11,1,2,2551
38.5,11,1,3,2559
38.5,11,1,4,2567
38.5,11,1,5,2575
38.5,11,1,6,2583
38.5,11,1,7,2591
38.5,11,1,8,2599
38.5,11,1,9,2607
38.5,11,1,10,2615
38.5,11,1,11,2623
38.5,11,1,12,2631
38.5,11,1,13,2639
38.5,11,1,14,2646
38.5,11,1,15,2654
38.5,11,2,0,2543
38.5,11,2,1,2551
38.5,11,2,2,2559
38.5,11,2,3,2567
38.5,11,2,4,2575
38.5,11,2,5,2584
38.5,11,2,6,2592
38.5,11,2,7,2600
38.5,11,2,8,2608
38.5,11,2,9,2616
38.5,11,2,10,2624
38.5,11,2,11,2632
38.5,11,2,12,2639
38.5,11,2,13,2647
38.5,11,2,14,2655
38.5,11,2,15,2663
38.5,11,3,0,2551
38.5,11,3,1,2559
38.5,11,3,2,2568
38.5,11,3,3,2576
38.5,11,3,4,2584
38.5,11,3,5,2592
38.5,11,3,6,2600
38.5,11,3,7,2608
38.5,11,3,8,2616
38.5,11,3,9,2624
38.5,11,3,10,2632
38.5,11,3,11,2640
38.5,11,3,12,2648
38.5,11,3,13,2656
38.5,11,3,14,2664
38.5,11,3,15,2672
38.5,11,4,0,2560
38.5,11,4,1,2568
38.5,11,4,2,2576
38.5,11,4,3,2584
38.5,11,4,4,2592
38.5,11,4,5,2601
38.5,11,4,6,2609
38.5,11,4,7,2617
38.5,11,4,8,2625
38.5,11,4,9,2633
38.5,11,4,10,2641
38.5,11,4,11,2649
38.5,11,4,12,2657
38.5,11,4,13,2665
38.5,11,4,14,2673
38.5,11,4,15,2681
38.5,11,5,0,2568
38.5,11,5,1,2576
38.5,11,5,2,2584
38.5,11,5,3,2593
38.5,11,5,4,2601
38.5,11,5,5,2609
38.5,11,5,6,2617
38.5,11,5,7,2625
38.5,11,5,8,2633
38.5,11,5,9,2641
38.5,11,5,10,2650
38.5,11,5,11,2658
38.5,11,5,12,2666
38.5,11,5,13,2674
38.5,11,5,14,2681
38.5,11,5,15,2689
38.5,11,6,0,2576
38.5,11,6,1,2585
38.5,11,6,2,2593
38.5,11,6,3,2601
38.5,11,6,4,2609
38.5,11,6,5,2618
38.5,11,6,6,2626
38.5,11,6,7,2634
38.5,11,6,8,2642
38.5,11,6,9,2650
38.5,11,6,10,2658
38.5,11,6,11,2666
38.5,11,6,12,2674
38.5,11,6,13,2682
38.5,11,6,14,2690
38.5,11,6,15,2698
38.5,11,7,0,2585
38.5,11,7,1,2593
38.5,11,7,2,2601
38.5,11,7,3,2609
38.5,11,7,4,2618
38.5,11,7,5,2626
38.5,11,7,6,2634
38.5,11,7,7,2642
38.5,11,7,8,2650
38.5,11,7,9,2659
38.5,11,7,10,2667
38.5,11,7,11,2675
38.5,11,7,12,2683
38.5,11,7,13,2691
38.5,11,7,14,2699
38.5,11,7,15,2707
38.5,11,8,0,2593
38.5,11,8,1,2601
38.5,11,8,2,2610
38.5,11,8,3,2618
38.5,11,8,4,2626
38.5,11,8,5,2634
38.5,11,8,6,2643
38.5,11,8,7,2651
38.5,11,8,8,2659
38.5,11,8,9,2667
38.5,11,8,10,2675
38.5,11,8,11,2683
38.5,11,8,12,2691
38.5,11,8,13,2699
38.5,11,8,14,2707
38.5,11,8,15,2715
38.5,11,9,0,2601
38.5,11,9,1,2609
38.5,11,9,2,2618
38.5,11,9,3,2626
38.5,11,9,4,2634
38.5,11,9,5,2643
38.5,11,9,6,2651
38.5,11,9,7,2659
38.5,11,9,8,2667
38.5,11,9,9,2676
38.5,11,9,10,2684
38.5,11,9,11,2692
38.5,11,9,12,2700
38.5,11,9,13,2708
38.5,11,9,14,2716
38.5,11,9,15,2724
38.5,11,10,0,2609
38.5,11,10,1,2618
38.5,11,10,2,2626
38.5,11,10,3,2634
38.5,11,10,4,2643
38.5,11,10,5,2651
38.5,11,10,6,2659
38.5,11,10,7,2668
38.5,11,10,8,2676
38.5,11,10,9,2684
38.5,11,10,10,2692
38.5,11,10,11,2700
38.5,11,10,12,2708
38.5,11,10,13,2717
38.5,11,10,14,2725
38.5,11,10,15,2733
38.5,11,11,0,2618
38.5,11,11,1,2626
38.5,11,11,2,2634
38.5,11,11,3,2643
38.5,11,11,4,2651
38.5,11,11,5,2659
38.5,11,11,6,2668
38.5,11,11,7,2676
38.5,11,11,8,2684
38.5,11,11,9,2692
38.5,11,11,10,2701
38.5,11,11,11,2709
38.5,11,11,12,2717
38.5,11,11,13,2725
38.5,11,11,14,2733
38.5,11,11,15,2741
38.5,11,12,0,2626
38.5,11,12,1,2634
38.5,11,12,2,2643
38.5,11,12,3,2651
38.5,11,12,4,2659
38.5,11,12,5,2668
38.5,11,12,6,2676
38.5,11,12,7,2684
38.5,11,12,8,2693
38.5,11,12,9,2701
38.5,11,12,10,2709
38.5,11,12,11,2717
38.5,11,12,12,2725
38.5,11,12,13,2734
38.5,11,12,14,2742
38.5,11,12,15,2750
38.5,11,13,0,2634
38.5,11,13,1,2642
38.5,11,13,2,2651
38.5,11,13,3,2659
38.5,11,13,4,2668
38.5,11,13,5,2676
38.5,11,13,6,2684
38.5,11,13,7,2693
38.5,11,13,8,2701
38.5,11,13,9,2709
38.5,11,13,10,2717
38.5,11,13,11,2726
38.5,11,13,12,2734
38.5,11,13,13,2742
38.5,11,13,14,2750
38.5,11,13,15,2758
38.5,11,14,0,2642
38.5,11,14,1,2650
38.5,11,14,2,2659
38.5,11,14,3,2667
38.5,11,14,4,2676
38.5,11,14,5,2684
38.5,11,14,6,2693
38.5,11,14,7,2701
38.5,11,14,8,2709
38.5,11,14,9,2718
38.5,11,14,10,2726
38.5,11,14,11,2734
38.5,11,14,12,2742
38.5,11,14,13,2751
38.5,11,14,14,2759
38.5,11,14,15,2767
38.5,11,15,0,2650
38.5,11,15,1,2659
38.5,11,15,2,2667
38.5,11,15,3,2676
38.5,11,15,4,2684
38.5,11,15,5,2692
38.5,11,15,6,2701
38.5,11,15,7,2709
38.5,11,15,8,2718
38.5,11,15,9,2726
38.5,11,15,10,2734
38.5,11,15,11,2742
38.5,11,15,12,2751
38.5,11,15,13,2759
38.5,11,15,14,2767
38.5,11,15,15,2775
38.5,12,0,0,2535
38.5,12,0,1,2543
38.5,12,0,2,2552
38.5,12,0,3,2560
38.5,12,0,4,2568
38.5,12,0,5,2576
38.5,12,0,6,2584
38.5,12,0,7,2592
38.5,12,0,8,2600
38.5,12,0,9,2608
38.5,12,0,10,2616
38.5,12,0,11,2624
38.5,12,0,12,2632
38.5,12,0,13,2639
38.5,12,0,14,2647
38.5,12,0,15,2655
38.5,12,1,0,2544
38.5,12,1,1,2552
38.5,12,1,2,2560
38.5,12,1,3,2568
38.5,12,1,4,2576
38.5,12,1,5,2584
38.5,12,1,6,2592
38.5,12,1,7,2601
38.5,12,1,8,2609
38.5,12,1,9,2617
38.5,12,1,10,2625
38.5,12,1,11,2632
38.5,12,1,12,2640
38.5,12,1,13,2648
38.5,12,1,14,2656
38.5,12,1,15,2664
38.5,12,2,0,2552
38.5,12,2,1,2560
38.5,12,2,2,2569
38.5,12,2,3,2577
38.5,12,2,4,2585
38.5,12,2,5,2593
38.5,12,2,6,2601
38.5,12,2,7,2609
38.5,12,2,8,2617
38.5,12,2,9,2625
38.5,12,2,10,2633
38.5,12,2,11,2641
38.5,12,2,12,2649
38.5,12,2,13,2657
38.5,12,2,14,2665
38.5,12,2,15,2673
38.5,12,3,0,2561
38.5,12,3,1,2569
38.5,12,3,2,2577
38.5,12,3,3,2585
38.5,12,3,4,2593
38.5,12,3,5,2602
38.5,12,3,6,2610
38.5,12,3,7,2618
38.5,12,3,8,2626
38.5,12,3,9,2634
38.5,12,3,10,2642
38.5,12,3,11,2650
38.5,12,3,12,2658
38.5,12,3,13,2666
38.5,12,3,14,2674
38.5,12,3,15,2682
38.5,12,4,0,2569
38.5,12,4,1,2577
38.5,12,4,2,2586
38.5,12,4,3,2594
38.5,12,4,4,2602
38.5,12,4,5,2610
38.5,12,4,6,2618
38.5,12,4,7,2626
38.5,12,4,8,2635
38.5,12,4,9,2643
38.5,12,4,10,2651
38.5,12,4,11,2659
38.5,12,4,12,2667
38.5,12,4,13,2675
38.5,12,4,14,2683
38.5,12,4,15,2690
38.5,12,5,0,2577
38.5,12,5,1,2586
38.5,12,5,2,2594
38.5,12,5,3,2602
38.5,12,5,4,2610
38.5,12,5,5,2619
38.5,12,5,6,2627
38.5,12,5,7,2635
38.5,12,5,8,2643
38.5,12,5,9,2651
38.5,12,5,10,2659
38.5,12,5,11,2667
38.5,12,5,12,2675
38.5,12,5,13,2683
38.5,12,5,14,2691
38.5,12,5,15,2699
38.5,12,6,0,2586
38.5,12,6,1,2594
38.5,12,6,2,2602
38.5,12,6,3,2611
38.5,12,6,4,2619
38.5,12,6,5,2627
38.5,12,6,6,2635
38.5,12,6,7,2644
38.5,12,6,8,2652
38.5,12,6,9,2660
38.5,12,6,10,2668
38.5,12,6,11,2676
38.5,12,6,12,2684
38.5,12,6,13,2692
38.5,12,6,14,2700
38.5,12,6,15,2708
38.5,12,7,0,2594
38.5,12,7,1,2602
38.5,12,7,2,2611
38.5,12,7,3,2619
38.5,12,7,4,2627
38.5,12,7,5,2636
38.5,12,7,6,2644
38.5,12,7,7,2652
38.5,12,7,8,2660
38.5,12,7,9,2668
38.5,12,7,10,2676
38.5,12,7,11,2685
38.5,12,7,12,2693
38.5,12,7,13,2701
38.5,12,7,14,2709
38.5,12,7,15,2717
38.5,12,8,0,2602
38.5,12,8,1,2611
38.5,12,8,2,2619
38.5,12,8,3,2627
38.5,12,8,4,2636
38.5,12,8,5,2644
38.5,12,8,6,2652
38.5,12,8,7,2661
38.5,12,8,8,2669
38.5,12,8,9,2677
38.5,12,8,10,2685
38.5,12,8,11,2693
38.5,12,8,12,2701
38.5,12,8,13,2709
38.5,12,8,14,2717
38.5,12,8,15,2725
38.5,12,9,0,2611
38.5,12,9,1,2619
38.5,12,9,2,2627
38.5,12,9,3,2636
38.5,12,9,4,2644
38.5,12,9,5,2652
38.5,12,9,6,2661
38.5,12,9,7,2669
38.5,12,9,8,2677
38.5,12,9,9,2685
38.5,12,9,10,2694
38.5,12,9,11,2702
38.5,12,9,12,2710
38.5,12,9,13,2718
38.5,12,9,14,2726
38.5,12,9,15,2734
38.5,12,10,0,2619
38.5,12,10,1,2627
38.5,12,10,2,2636
38.5,12,10,3,2644
38.5,12,10,4,2653
38.5,12,10,5,2661
38.5,12,10,6,2669
38.5,12,10,7,2677
38.5,12,10,8,2686
38.5,12,10,9,2694
38.5,12,10,10,2702
38.5,12,10,11,2710
38.5,12,10,12,2718
38.5,12,10,13,2727
38.5,12,10,14,2735
38.5,12,10,15,2743
38.5,12,11,0,2627
38.5,12,11,1,2636
38.5,12,11,2,2644
38.5,12,11,3,2652
38.5,12,11,4,2661
38.5,12,11,5,2669
38.5,12,11,6,2678
38.5,12,11,7,2686
38.5,12,11,8,2694
38.5,12,11,9,2702
38.5,12,11,10,2711
38.5,12,11,11,2719
38.5,12,11,12,2727
38.5,12,11,13,2735
38.5,12,11,14,2743
38.5,12,11,15,2751
38.5,12,12,0,2635
38.5,12,12,1,2644
38.5,12,12,2,2652
38.5,12,12,3,2661
38.5,12,12,4,2669
38.5,12,12,5,2678
38.5,12,12,6,2686
38.5,12,12,7,2694
38.5,12,12,8,2703
38.5,12,12,9,2711
38.5,12,12,10,2719
38.5,12,12,11,2727
38.5,12,12,12,2735
38.5,12,12,13,2744
38.5,12,12,14,2752
38.5,12,12,15,2760
38.5,12,13,0,2644
38.5,12,13,1,2652
38.5,12,13,2,2661
38.5,12,13,3,2669
38.5,12,13,4,2677
38.5,12,13,5,2686
38.5,12,13,6,2694
38.5,12,13,7,2703
38.5,12,13,8,2711
38.5,12,13,9,2719
38.5,12,13,10,2727
38.5,12,13,11,2736
38.5,12,13,12,2744
38.5,12,13,13,2752
38.5,12,13,14,2760
38.5,12,13,15,2769
38.5,12,14,0,2652
38.5,12,14,1,2660
38.5,12,14,2,2669
38.5,12,14,3,2677
38.5,12,14,4,2686
38.5,12,14,5,2694
38.5,12,14,6,2703
38.5,12,14,7,2711
38.5,12,14,8,2719
38.5,12,14,9,2728
38.5,12,14,10,2736
38.5,12,14,11,2744
38.5,12,14,12,2752
38.5,12,14,13,2761
38.5,12,14,14,2769
38.5,12,14,15,2777
38.5,12,15,0,2660
38.5,12,15,1,2668
38.5,12,15,2,2677
38.5,12,15,3,2685
38.5,12,15,4,2694
38.5,12,15,5,2702
38.5,12,15,6,2711
38.5,12,15,7,2719
38.5,12,15,8,2728
38.5,12,15,9,2736
38.5,12,15,10,2744
38.5,12,15,11,2753
38.5,12,15,12,2761
38.5,12,15,13,2769
38.5,12,15,14,2777
38.5,12,15,15,2786
38.5,13,0,0,2545
38.5,13,0,1,2553
38.5,13,0,2,2561
38.5,13,0,3,2569
38.5,13,0,4,2577
38.5,13,0,5,2585
38.5,13,0,6,2593
38.5,13,0,7,2601
38.5,13,0,8,2609
38.5,13,0,9,2617
38.5,13,0,10,2625
38.5,13,0,11,2633
38.5,13,0,12,2641
38.5,13,0,13,2649
38.5,13,0,14,2657
38.5,13,0,15,2665
38.5,13,1,0,2553
38.5,13,1,1,2561
38.5,13,1,2,2569
38.5,13,1,3,2578
38.5,13,1,4,2586
38.5,13,1,5,2594
38.5,13,1,6,2602
38.5,13,1,7,2610
38.5,13,1,8,2618
38.5,13,1,9,2626
38.5,13,1,10,2634
38.5,13,1,11,2642
38.5,13,1,12,2650
38.5,13,1,13,2658
38.5,13,1,14,2666
38.5,13,1,15,2674
38.5,13,2,0,2562
38.5,13,2,1,2570
38.5,13,2,2,2578
38.5,13,2,3,2586
38.5,13,2,4,2594
38.5,13,2,5,2603
38.5,13,2,6,2611
38.5,13,2,7,2619
38.5,13,2,8,2627
38.5,13,2,9,2635
38.5,13,2,10,2643
38.5,13,2,11,2651
38.5,13,2,12,2659
38.5,13,2,13,2667
38.5,13,2,14,2675
38.5,13,2,15,2683
38.5,13,3,0,2570
38.5,13,3,1,2578
38.5,13,3,2,2587
38.5,13,3,3,2595
38.5,13,3,4,2603
38.5,13,3,5,2611
38.5,13,3,6,2619
38.5,13,3,7,2627
38.5,13,3,8,2636
38.5,13,3,9,2644
38.5,13,3,10,2652
38.5,13,3,11,2660
38.5,13,3,12,2668
38.5,13,3,13,2676
38.5,13,3,14,2684
38.5,13,3,15,2692
38.5,13,4,0,2578
38.5,13,4,1,2587
38.5,13,4,2,2595
38.5,13,4,3,2603
38.5,13,4,4,2612
38.5,13,4,5,2620
38.5,13,4,6,2628
38.5,13,4,7,2636
38.5,13,4,8,2644
38.5,13,4,9,2652
38.5,13,4,10,2660
38.5,13,4,11,2668
38.5,13,4,12,2676
38.5,13,4,13,2684
38.5,13,4,14,2692
38.5,13,4,15,2700
38.5,13,5,0,2587
38.5,13,5,1,2595
38.5,13,5,2,2604
38.5,13,5,3,2612
38.5,13,5,4,2620
38.5,13,5,5,2628
38.5,13,5,6,2636
38.5,13,5,7,2645
38.5,13,5,8,2653
38.5,13,5,9,2661
38.5,13,5,10,2669
38.5,13,5,11,2677
38.5,13,5,12,2685
38.5,13,5,13,2693
38.5,13,5,14,2701
38.5,13,5,15,2709
38.5,13,6,0,2595
38.5,13,6,1,2604
38.5,13,6,2,2612
38.5,13,6,3,2620
38.5,13,6,4,2629
38.5,13,6,5,2637
38.5,13,6,6,2645
38.5,13,6,7,2653
38.5,13,6,8,2661
38.5,13,6,9,2670
38.5,13,6,10,2678
38.5,13,6,11,2686
38.5,13,6,12,2694
38.5,13,6,13,2702
38.5,13,6,14,2710
38.5,13,6,15,2718
38.5,13,7,0,2604
38.5,13,7,1,2612
38.5,13,7,2,2620
38.5,13,7,3,2629
38.5,13,7,4,2637
38.5,13,7,5,2645
38.5,13,7,6,2654
38.5,13,7,7,2662
38.5,13,7,8,2670
38.5,13,7,9,2678
38.5,13,7,10,2686
38.5,13,7,11,2694
38.5,13,7,12,2703
38.5,13,7,13,2711
38.5,13,7,14,2719
38.5,13,7,15,2727
38.5,13,8,0,2612
38.5,13,8,1,2620
38.5,13,8,2,2629
38.5,13,8,3,2637
38.5,13,8,4,2645
38.5,13,8,5,2654
38.5,13,8,6,2662
38.5,13,8,7,2670
38.5,13,8,8,2679
38.5,13,8,9,2687
38.5,13,8,10,2695
38.5,13,8,11,2703
38.5,13,8,12,2711
38.5,13,8,13,2719
38.5,13,8,14,2727
38.5,13,8,15,2735
38.5,13,9,0,2620
38.5,13,9,1,2629
38.5,13,9,2,2637
38.5,13,9,3,2645
38.5,13,9,4,2654
38.5,13,9,5,2662
38.5,13,9,6,2670
38.5,13,9,7,2679
38.5,13,9,8,2687
38.5,13,9,9,2695
38.5,13,9,10,2703
38.5,13,9,11,2712
38.5,13,9,12,2720
38.5,13,9,13,2728
38.5,13,9,14,2736
38.5,13,9,15,2744
38.5,13,10,0,2629
38.5,13,10,1,2637
38.5,13,10,2,2645
38.5,13,10,3,2654
38.5,13,10,4,2662
38.5,13,10,5,2671
38.5,13,10,6,2679
38.5,13,10,7,2687
38.5,13,10,8,2696
38.5,13,10,9,2704
38.5,13,10,10,2712
38.5,13,10,11,2720
38.5,13,10,12,2728
38.5,13,10,13,2737
38.5,13,10,14,2745
38.5,13,10,15,2753
38.5,13,11,0,2637
38.5,13,11,1,2645
38.5,13,11,2,2654
38.5,13,11,3,2662
38.5,13,11,4,2671
38.5,13,11,5,2679
38.5,13,11,6,2687
38.5,13,11,7,2696
38.5,13,11,8,2704
38.5,13,11,9,2712
38.5,13,11,10,2721
38.5,13,11,11,2729
38.5,13,11,12,2737
38.5,13,11,13,2745
38.5,13,11,14,2753
38.5,13,11,15,2761
38.5,13,12,0,2645
38.5,13,12,1,2654
38.5,13,12,2,2662
38.5,13,12,3,2670
38.5,13,12,4,2679
38.5,13,12,5,2687
38.5,13,12,6,2696
38.5,13,12,7,2704
38.5,13,12,8,2712
38.5,13,12,9,2721
38.5,13,12,10,2729
38.5,13,12,11,2737
38.5,13,12,12,2746
38.5,13,12,13,2754
38.5,13,12,14,2762
38.5,13,12,15,2770
38.5,13,13,0,2653
38.5,13,13,1,2662
38.5,13,13,2,2670
38.5,13,13,3,2679
38.5,13,13,4,2687
38.5,13,13,5,2696
38.5,13,13,6,2704
38.5,13,13,7,2712
38.5,13,13,8,2721
38.5,13,13,9,2729
38.5,13,13,10,2737
38.5,13,13,11,2746
38.5,13,13,12,2754
38.5,13,13,13,2762
38.5,13,13,14,2770
38.5,13,13,15,2779
38.5,13,14,0,2661
38.5,13,14,1,2670
38.5,13,14,2,2679
38.5,13,14,3,2687
38.5,13,14,4,2696
38.5,13,14,5,2704
38.5,13,14,6,2712
38.5,13,14,7,2721
38.5,13,14,8,2729
38.5,13,14,9,2738
38.5,13,14,10,2746
38.5,13,14,11,2754
38.5,13,14,12,2763
38.5,13,14,13,2771
38.5,13,14,14,2779
38.5,13,14,15,2787
38.5,13,15,0,2670
38.5,13,15,1,2678
38.5,13,15,2,2687
38.5,13,15,3,2695
38.5,13,15,4,2704
38.5,13,15,5,2712
38.5,13,15,6,2721
38.5,13,15,7,2729
38.5,13,15,8,2738
38.5,13,15,9,2746
38.5,13,15,10,2754
38.5,13,15,11,2763
38.5,13,15,12,2771
38.5,13,15,13,2779
38.5,13,15,14,2788
38.5,13,15,15,2796
38.5,14,0,0,2554
38.5,14,0,1,2562
38.5,14,0,2,2570
38.5,14,0,3,2578
38.5,14,0,4,2587
38.5,14,0,5,2595
38.5,14,0,6,2603
38.5,14,0,7,2611
38.5,14,0,8,2619
38.5,14,0,9,2627
38.5,14,0,10,2635
38.5,14,0,11,2643
38.5,14,0,12,2651
38.5,14,0,13,2659
38.5,14,0,14,2667
38.5,14,0,15,2675
38.5,14,1,0,2562
38.5,14,1,1,2571
38.5,14,1,2,2579
38.5,14,1,3,2587
38.5,14,1,4,2595
38.5,14,1,5,2603
38.5,14,1,6,2611
38.5,14,1,7,2620
38.5,14,1,8,2628
38.5,14,1,9,2636
38.5,14,1,10,2644
38.5,14,1,11,2652
38.5,14,1,12,2660
38.5,14,1,13,2668
38.5,14,1,14,2676
38.5,14,1,15,2684
38.5,14,2,0,2571
38.5,14,2,1,2579
38.5,14,2,2,2587
38.5,14,2,3,2596
38.5,14,2,4,2604
38.5,14,2,5,2612
38.5,14,2,6,2620
38.5,14,2,7,2628
38.5,14,2,8,2636
38.5,14,2,9,2644
38.5,14,2,10,2653
38.5,14,2,11,2661
38.5,14,2,12,2669
38.5,14,2,13,2677
38.5,14,2,14,2685
38.5,14,2,15,2692
38.5,14,3,0,2579
38.5,14,3,1,2588
38.5,14,3,2,2596
38.5,14,3,3,2604
38.5,14,3,4,2612
38.5,14,3,5,2621
38.5,14,3,6,2629
38.5,14,3,7,2637
38.5,14,3,8,2645
38.5,14,3,9,2653
38.5,14,3,10,2661
38.5,14,3,11,2669
38.5,14,3,12,2677
38.5,14,3,13,2685
38.5,14,3,14,2693
38.5,14,3,15,2701
38.5,14,4,0,2588
38.5,14,4,1,2596
38.5,14,4,2,2605
38.5,14,4,3,2613
38.5,14,4,4,2621
38.5,14,4,5,2629
38.5,14,4,6,2637
38.5,14,4,7,2646
38.5,14,4,8,2654
38.5,14,4,9,2662
38.5,14,4,10,2670
38.5,14,4,11,2678
38.5,14,4,12,2686
38.5,14,4,13,2694
38.5,14,4,14,2702
38.5,14,4,15,2710
38.5,14,5,0,2596
38.5,14,5,1,2605
38.5,14,5,2,2613
38.5,14,5,3,2621
38.5,14,5,4,2630
38.5,14,5,5,2638
38.5,14,5,6,2646
38.5,14,5,7,2654
38.5,14,5,8,2662
38.5,14,5,9,2671
38.5,14,5,10,2679
38.5,14,5,11,2687
38.5,14,5,12,2695
38.5,14,5,13,2703
38.5,14,5,14,2711
38.5,14,5,15,2719
38.5,14,6,0,2605
38.5,14,6,1,2613
38.5,14,6,2,2621
38.5,14,6,3,2630
38.5,14,6,4,2638
38.5,14,6,5,2646
38.5,14,6,6,2655
38.5,14,6,7,2663
38.5,14,6,8,2671
38.5,14,6,9,2679
38.5,14,6,10,2687
38.5,14,6,11,2696
38.5,14,6,12,2704
38.5,14,6,13,2712
38.5,14,6,14,2720
38.5,14,6,15,2728
38.5,14,7,0,2613
38.5,14,7,1,2622
38.5,14,7,2,2630
38.5,14,7,3,2638
38.5,14,7,4,2647
38.5,14,7,5,2655
38.5,14,7,6,2663
38.5,14,7,7,2671
38.5,14,7,8,2680
38.5,14,7,9,2688
38.5,14,7,10,2696
38.5,14,7,11,2704
38.5,14,7,12,2712
38.5,14,7,13,2721
38.5,14,7,14,2729
38.5,14,7,15,2737
38.5,14,8,0,2621
38.5,14,8,1,2630
38.5,14,8,2,2638
38.5,14,8,3,2647
38.5,14,8,4,2655
38.5,14,8,5,2663
38.5,14,8,6,2672
38.5,14,8,7,2680
38.5,14,8,8,2688
38.5,14,8,9,2697
38.5,14,8,10,2705
38.5,14,8,11,2713
38.5,14,8,12,2721
38.5,14,8,13,2729
38.5,14,8,14,2737
38.5,14,8,15,2745
38.5,14,9,0,2630
38.5,14,9,1,2638
38.5,14,9,2,2647
38.5,14,9,3,2655
38.5,14,9,4,2664
38.5,14,9,5,2672
38.5,14,9,6,2680
38.5,14,9,7,2689
38.5,14,9,8,2697
38.5,14,9,9,2705
38.5,14,9,10,2713
38.5,14,9,11,2722
38.5,14,9,12,2730
38.5,14,9,13,2738
38.5,14,9,14,2746
38.5,14,9,15,2754
38.5,14,10,0,2638
38.5,14,10,1,2647
38.5,14,10,2,2655
38.5,14,10,3,2664
38.5,14,10,4,2672
38.5,14,10,5,2680
38.5,14,10,6,2689
38.5,14,10,7,2697
38.5,14,10,8,2705
38.5,14,10,9,2714
38.5,14,10,10,2722
38.5,14,10,11,2730
38.5,14,10,12,2738
38.5,14,10,13,2747
38.5,14,10,14,2755
38.5,14,10,15,2763
38.5,14,11,0,2646
38.5,14,11,1,2655
38.5,14,11,2,2663
38.5,14,11,3,2672
38.5,14,11,4,2680
38.5,14,11,5,2689
38.5,14,11,6,2697
38.5,14,11,7,2706
38.5,14,11,8,2714
38.5,14,11,9,2722
38.5,14,11,10,2730
38.5,14,11,11,2739
38.5,14,11,12,2747
38.5,14,11,13,2755
38.5,14,11,14,2763
38.5,14,11,15,2772
38.5,14,12,0,2655
38.5,14,12,1,2663
38.5,14,12,2,2672
38.5,14,12,3,2680
38.5,14,12,4,2689
38.5,14,12,5,2697
38.5,14,12,6,2706
38.5,14,12,7,2714
38.5,14,12,8,2722
38.5,14,12,9,2731
38.5,14,12,10,2739
38.5,14,12,11,2747
38.5,14,12,12,2756
38.5,14,12,13,2764
38.5,14,12,14,2772
38.5,14,12,15,2780
38.5,14,13,0,2663
38.5,14,13,1,2671
38.5,14,13,2,2680
38.5,14,13,3,2689
38.5,14,13,4,2697
38.5,14,13,5,2706
38.5,14,13,6,2714
38.5,14,13,7,2722
38.5,14,13,8,2731
38.5,14,13,9,2739
38.5,14,13,10,2747
38.5,14,13,11,2756
38.5,14,13,12,2764
38.5,14,13,13,2772
38.5,14,13,14,2781
38.5,14,13,15,2789
38.5,14,14,0,2671
38.5,14,14,1,2680
38.5,14,14,2,2688
38.5,14,14,3,2697
38.5,14,14,4,2705
38.5,14,14,5,2714
38.5,14,14,6,2722
38.5,14,14,7,2731
38.5,14,14,8,2739
38.5,14,14,9,2748
38.5,14,14,10,2756
38.5,14,14,11,2764
38.5,14,14,12,2773
38.5,14,14,13,2781
38.5,14,14,14,2789
38.5,14,14,15,2797
38.5,14,15,0,2679
38.5,14,15,1,2688
38.5,14,15,2,2697
38.5,14,15,3,2705
38.5,14,15,4,2714
38.5,14,15,5,2722
38.5,14,15,6,2731
38.5,14,15,7,2739
38.5,14,15,8,2748
38.5,14,15,9,2756
38.5,14,15,10,2764
38.5,14,15,11,2773
38.5,14,15,12,2781
38.5,14,15,13,2789
38.5,14,15,14,2798
38.5,14,15,15,2806
38.5,15,0,0,2563
38.5,15,0,1,2571
38.5,15,0,2,2580
38.5,15,0,3,2588
38.5,15,0,4,2596
38.5,15,0,5,2604
38.5,15,0,6,2612
38.5,15,0,7,2620
38.5,15,0,8,2628
38.5,15,0,9,2636
38.5,15,0,10,2644
38.5,15,0,11,2652
38.5,15,0,12,2660
38.5,15,0,13,2668
38.5,15,0,14,2676
38.5,15,0,15,2684
38.5,15,1,0,2572
38.5,15,1,1,2580
38.5,15,1,2,2588
38.5,15,1,3,2596
38.5,15,1,4,2605
38.5,15,1,5,2613
38.5,15,1,6,2621
38.5,15,1,7,2629
38.5,15,1,8,2637
38.5,15,1,9,2645
38.5,15,1,10,2653
38.5,15,1,11,2661
38.5,15,1,12,2669
38.5,15,1,13,2677
38.5,15,1,14,2685
38.5,15,1,15,2693
38.5,15,2,0,2580
38.5,15,2,1,2589
38.5,15,2,2,2597
38.5,15,2,3,2605
38.5,15,2,4,2613
38.5,15,2,5,2622
38.5,15,2,6,2630
38.5,15,2,7,2638
38.5,15,2,8,2646
38.5,15,2,9,2654
38.5,15,2,10,2662
38.5,15,2,11,2670
38.5,15,2,12,2678
38.5,15,2,13,2686
38.5,15,2,14,2694
38.5,15,2,15,2702
38.5,15,3,0,2589
38.5,15,3,1,2597
38.5,15,3,2,2605
38.5,15,3,3,2614
38.5,15,3,4,2622
38.5,15,3,5,2630
38.5,15,3,6,2638
38.5,15,3,7,2647
38.5,15,3,8,2655
38.5,15,3,9,2663
38.5,15,3,10,2671
38.5,15,3,11,2679
38.5,15,3,12,2687
38.5,15,3,13,2695
38.5,15,3,14,2703
38.5,15,3,15,2711
38.5,15,4,0,2597
38.5,15,4,1,2606
38.5,15,4,2,2614
38.5,15,4,3,2622
38.5,15,4,4,2631
38.5,15,4,5,2639
38.5,15,4,6,2647
38.5,15,4,7,2655
38.5,15,4,8,2663
38.5,15,4,9,2672
38.5,15,4,10,2680
38.5,15,4,11,2688
38.5,15,4,12,2696
38.5,15,4,13,2704
38.5,15,4,14,2712
38.5,15,4,15,2720
38.5,15,5,0,2606
38.5,15,5,1,2614
38.5,15,5,2,2623
38.5,15,5,3,2631
38.5,15,5,4,2639
38.5,15,5,5,2647
38.5,15,5,6,2656
38.5,15,5,7,2664
38.5,15,5,8,2672
38.5,15,5,9,2680
38.5,15,5,10,2689
38.5,15,5,11,2697
38.5,15,5,12,2705
38.5,15,5,13,2713
38.5,15,5,14,2721
38.5,15,5,15,2729
38.5,15,6,0,2614
38.5,15,6,1,2623
38.5,15,6,2,2631
38.5,15,6,3,2639
38.5,15,6,4,2648
38.5,15,6,5,2656
38.5,15,6,6,2664
38.5,15,6,7,2673
38.5,15,6,8,2681
38.5,15,6,9,2689
38.5,15,6,10,2697
38.5,15,6,11,2705
38.5,15,6,12,2714
38.5,15,6,13,2722
38.5,15,6,14,2730
38.5,15,6,15,2738
38.5,15,7,0,2623
38.5,15,7,1,2631
38.5,15,7,2,2639
38.5,15,7,3,2648
38.5,15,7,4,2656
38.5,15,7,5,2665
38.5,15,7,6,2673
38.5,15,7,7,2681
38.5,15,7,8,2689
38.5,15,7,9,2698
38.5,15,7,10,2706
38.5,15,7,11,2714
38.5,15,7,12,2722
38.5,15,7,13,2730
38.5,15,7,14,2739
38.5,15,7,15,2747
38.5,15,8,0,2631
38.5,15,8,1,2639
38.5,15,8,2,2648
38.5,15,8,3,2656
38.5,15,8,4,2665
38.5,15,8,5,2673
38.5,15,8,6,2681
38.5,15,8,7,2690
38.5,15,8,8,2698
38.5,15,8,9,2706
38.5,15,8,10,2715
38.5,15,8,11,2723
38.5,15,8,12,2731
38.5,15,8,13,2739
38.5,15,8,14,2747
38.5,15,8,15,2755
38.5,15,9,0,2639
38.5,15,9,1,2648
38.5,15,9,2,2656
38.5,15,9,3,2665
38.5,15,9,4,2673
38.5,15,9,5,2682
38.5,15,9,6,2690
38.5,15,9,7,2698
38.5,15,9,8,2707
38.5,15,9,9,2715
38.5,15,9,10,2723
38.5,15,9,11,2731
38.5,15,9,12,2740
38.5,15,9,13,2748
38.5,15,9,14,2756
38.5,15,9,15,2764
38.5,15,10,0,2648
38.5,15,10,1,2656
38.5,15,10,2,2665
38.5,15,10,3,2673
38.5,15,10,4,2682
38.5,15,10,5,2690
38.5,15,10,6,2698
38.5,15,10,7,2707
38.5,15,10,8,2715
38.5,15,10,9,2724
38.5,15,10,10,2732
38.5,15,10,11,2740
38.5,15,10,12,2748
38.5,15,10,13,2757
38.5,15,10,14,2765
38.5,15,10,15,2773
38.5,15,11,0,2656
38.5,15,11,1,2665
38.5,15,11,2,2673
38.5,15,11,3,2682
38.5,15,11,4,2690
38.5,15,11,5,2699
38.5,15,11,6,2707
38.5,15,11,7,2715
38.5,15,11,8,2724
38.5,15,11,9,2732
38.5,15,11,10,2740
38.5,15,11,11,2749
38.5,15,11,12,2757
38.5,15,11,13,2765
38.5,15,11,14,2773
38.5,15,11,15,2782
38.5,15,12,0,2664
38.5,15,12,1,2673
38.5,15,12,2,2681
38.5,15,12,3,2690
38.5,15,12,4,2698
38.5,15,12,5,2707
38.5,15,12,6,2715
38.5,15,12,7,2724
38.5,15,12,8,2732
38.5,15,12,9,2741
38.5,15,12,10,2749
38.5,15,12,11,2757
38.5,15,12,12,2766
38.5,15,12,13,2774
38.5,15,12,14,2782
38.5,15,12,15,2790
38.5,15,13,0,2673
38.5,15,13,1,2681
38.5,15,13,2,2690
38.5,15,13,3,2698
38.5,15,13,4,2707
38.5,15,13,5,2715
38.5,15,13,6,2724
38.5,15,13,7,2732
38.5,15,13,8,2741
38.5,15,13,9,2749
38.5,15,13,10,2757
38.5,15,13,11,2766
38.5,15,13,12,2774
38.5,15,13,13,2782
38.5,15,13,14,2791
38.5,15,13,15,2799
38.5,15,14,0,2681
38.5,15,14,1,2689
38.5,15,14,2,2698
38.5,15,14,3,2707
38.5,15,14,4,2715
38.5,15,14,5,2724
38.5,15,14,6,2732
38.5,15,14,7,2741
38.5,15,14,8,2749
38.5,15,14,9,2758
38.5,15,14,10,2766
38.5,15,14,11,2774
38.5,15,14,12,2783
38.5,15,14,13,2791
38.5,15,14,14,2799
38.5,15,14,15,2808
38.5,15,15,0,2689
38.5,15,15,1,2698
38.5,15,15,2,2706
38.5,15,15,3,2715
38.5,15,15,4,2724
38.5,15,15,5,2732
38.5,15,15,6,2741
38.5,15,15,7,2749
38.5,15,15,8,2758
38.5,15,15,9,2766
38.5,15,15,10,2774
38.5,15,15,11,2783
38.5,15,15,12,2791
38.5,15,15,13,2800
38.5,15,15,14,2808
38.5,15,15,15,2816
39.0,0,0,0,2441
39.0,0,0,1,2449
39.0,0,0,2,2457
39.0,0,0,3,2465
39.0,0,0,4,2473
39.0,0,0,5,2481
39.0,0,0,6,2488
39.0,0,0,7,2496
39.0,0,0,8,2504
39.0,0,0,9,2511
39.0,0,0,10,2519
39.0,0,0,11,2527
39.0,0,0,12,2534
39.0,0,0,13,2542
39.0,0,0,14,2549
39.0,0,0,15,2557
39.0,0,1,0,2450
39.0,0,1,1,2458
39.0,0,1,2,2465
39.0,0,1,3,2473
39.0,0,1,4,2481
39.0,0,1,5,2489
39.0,0,1,6,2497
39.0,0,1,7,2504
39.0,0,1,8,2512
39.0,0,1,9,2520
39.0,0,1,10,2527
39.0,0,1,11,2535
39.0,0,1,12,2543
39.0,0,1,13,2550
39.0,0,1,14,2558
39.0,0,1,15,2565
39.0,0,2,0,2458
39.0,0,2,1,2466
39.0,0,2,2,2474
39.0,0,2,3,2481
39.0,0,2,4,2489
39.0,0,2,5,2497
39.0,0,2,6,2505
39.0,0,2,7,2513
39.0,0,2,8,2520
39.0,0,2,9,2528
39.0,0,2,10,2536
39.0,0,2,11,2544
39.0,0,2,12,2551
39.0,0,2,13,2559
39.0,0,2,14,2566
39.0,0,2,15,2574
39.0,0,3,0,2466
39.0,0,3,1,2474
39.0,0,3,2,2482
39.0,0,3,3,2490
39.0,0,3,4,2498
39.0,0,3,5,2505
39.0,0,3,6,2513
39.0,0,3,7,2521
39.0,0,3,8,2529
39.0,0,3,9,2537
39.0,0,3,10,2544
39.0,0,3,11,2552
39.0,0,3,12,2560
39.0,0,3,13,2567
39.0,0,3,14,2575
39.0,0,3,15,2582
39.0,0,4,0,2474
39.0,0,4,1,2482
39.0,0,4,2,2490
39.0,0,4,3,2498
39.0,0,4,4,2506
39.0,0,4,5,2514
39.0,0,4,6,2521
39.0,0,4,7,2529
39.0,0,4,8,2537
39.0,0,4,9,2545
39.0,0,4,10,2553
39.0,0,4,11,2560
39.0,0,4,12,2568
39.0,0,4,13,2576
39.0,0,4,14,2583
39.0,0,4,15,2591
39.0,0,5,0,2482
39.0,0,5,1,2490
39.0,0,5,2,2498
39.0,0,5,3,2506
39.0,0,5,4,2514
39.0,0,5,5,2522
39.0,0,5,6,2530
39.0,0,5,7,2538
39.0,0,5,8,2545
39.0,0,5,9,2553
39.0,0,5,10,2561
39.0,0,5,11,2569
39.0,0,5,12,2576
39.0,0,5,13,2584
39.0,0,5,14,2592
39.0,0,5,15,2599
39.0,0,6,0,2490
39.0,0,6,1,2498
39.0,0,6,2,2506
39.0,0,6,3,2514
39.0,0,6,4,2522
39.0,0,6,5,2530
39.0,0,6,6,2538
39.0,0,6,7,2546
39.0,0,6,8,2554
39.0,0,6,9,2561
39.0,0,6,10,2569
39.0,0,6,11,2577
39.0,0,6,12,2585
39.0,0,6,13,2592
39.0,0,6,14,2600
39.0,0,6,15,2608
39.0,0,7,0,2498
39.0,0,7,1,2506
39.0,0,7,2,2514
39.0,0,7,3,2522
39.0,0,7,4,2530
39.0,0,7,5,2538
39.0,0,7,6,2546
39.0,0,7,7,2554
39.0,0,7,8,2562
39.0,0,7,9,2570
39.0,0,7,10,2577
39.0,0,7,11,2585
39.0,0,7,12,2593
39.0,0,7,13,2601
39.0,0,7,14,2609
39.0,0,7,15,2616
39.0,0,8,0,2506
39.0,0,8,1,2514
39.0,0,8,2,2522
39.0,0,8,3,2530
39.0,0,8,4,2538
39.0,0,8,5,2546
39.0,0,8,6,2554
39.0,0,8,7,2562
39.0,0,8,8,2570
39.0,0,8,9,2578
39.0,0,8,10,2586
39.0,0,8,11,2594
39.0,0,8,12,2601
39.0,0,8,13,2609
39.0,0,8,14,2617
39.0,0,8,15,2625
39.0,0,9,0,2514
39.0,0,9,1,2522
39.0,0,9,2,2530
39.0,0,9,3,2538
39.0,0,9,4,2546
39.0,0,9,5,2554
39.0,0,9,6,2562
39.0,0,9,7,2570
39.0,0,9,8,2578
39.0,0,9,9,2586
39.0,0,9,10,2594
39.0,0,9,11,2602
39.0,0,9,12,2610
39.0,0,9,13,2617
39.0,0,9,14,2625
39.0,0,9,15,2633
39.0,0,10,0,2522
39.0,0,10,1,2530
39.0,0,10,2,2538
39.0,0,10,3,2546
39.0,0,10,4,2554
39.0,0,10,5,2562
39.0,0,10,6,2570
39.0,0,10,7,2578
39.0,0,10,8,2586
39.0,0,10,9,2594
39.0,0,10,10,2602
39.0,0,10,11,2610
39.0,0,10,12,2618
39.0,0,10,13,2626
39.0,0,10,14,2634
39.0,0,10,15,2641
39.0,0,11,0,2530
39.0,0,11,1,2538
39.0,0,11,2,2546
39.0,0,11,3,2554
39.0,0,11,4,2562
39.0,0,11,5,2570
39.0,0,11,6,2578
39.0,0,11,7,2586
39.0,0,11,8,2594
39.0,0,11,9,2602
39.0,0,11,10,2610
39.0,0,11,11,2618
39.0,0,11,12,2626
39.0,0,11,13,2634
39.0,0,11,14,2642
39.0,0,11,15,2650
39.0,0,12,0,2538
39.0,0,12,1,2546
39.0,0,12,2,2554
39.0,0,12,3,2562
39.0,0,12,4,2570
39.0,0,12,5,2578
39.0,0,12,6,2587
39.0,0,12,7,2595
39.0,0,12,8,2603
39.0,0,12,9,2611
39.0,0,12,10,2618
39.0,0,12,11,2626
39.0,0,12,12,2634
39.0,0,12,13,2642
39.0,0,12,14,2650
39.0,0,12,15,2658
39.0,0,13,0,2546
39.0,0,13,1,2554
39.0,0,13,2,2562
39.0,0,13,3,2570
39.0,0,13,4,2578
39.0,0,13,5,2586
39.0,0,13,6,2595
39.0,0,13,7,2603
39.0,0,13,8,2611
39.0,0,13,9,2619
39.0,0,13,10,2627
39.0,0,13,11,2635
39.0,0,13,12,2642
39.0,0,13,13,2650
39.0,0,13,14,2658
39.0,0,13,15,2666
39.0,0,14,0,2554
39.0,0,14,1,2562
39.0,0,14,2,2570
39.0,0,14,3,2578
39.0,0,14,4,2586
39.0,0,14,5,2594
39.0,0,14,6,2603
39.0,0,14,7,2611
39.0,0,14,8,2619
39.0,0,14,9,2627
39.0,0,14,10,2635
39.0,0,14,11,2643
39.0,0,14,12,2651
39.0,0,14,13,2659
39.0,0,14,14,2666
39.0,0,14,15,2674
39.0,0,15,0,2561
39.0,0,15,1,2570
39.0,0,15,2,2578
39.0,0,15,3,2586
39.0,0,15,4,2594
39.0,0,15,5,2602
39.0,0,15,6,2611
39.0,0,15,7,2619
39.0,0,15,8,2627
39.0,0,15,9,2635
39.0,0,15,10,2643
39.0,0,15,11,2651
39.0,0,15,12,2659
39.0,0,15,13,2667
39.0,0,15,14,2675
39.0,0,15,15,2683
39.0,1,0,0,2451
39.0,1,0,1,2459
39.0,1,0,2,2467
39.0,1,0,3,2474
39.0,1,0,4,2482
39.0,1,0,5,2490
39.0,1,0,6,2498
39.0,1,0,7,2506
39.0,1,0,8,2513
39.0,1,0,9,2521
39.0,1,0,10,2529
39.0,1,0,11,2536
39.0,1,0,12,2544
39.0,1,0,13,2552
39.0,1,0,14,2559
39.0,1,0,15,2567
39.0,1,1,0,2459
39.0,1,1,1,2467
39.0,1,1,2,2475
39.0,1,1,3,2483
39.0,1,1,4,2491
39.0,1,1,5,2498
39.0,1,1,6,2506
39.0,1,1,7,2514
39.0,1,1,8,2522
39.0,1,1,9,2529
39.0,1,1,10,2537
39.0,1,1,11,2545
39.0,1,1,12,2552
39.0,1,1,13,2560
39.0,1,1,14,2568
39.0,1,1,15,2575
39.0,1,2,0,2467
39.0,1,2,1,2475
39.0,1,2,2,2483
39.0,1,2,3,2491
39.0,1,2,4,2499
39.0,1,2,5,2507
39.0,1,2,6,2515
39.0,1,2,7,2522
39.0,1,2,8,2530
39.0,1,2,9,2538
39.0,1,2,10,2546
39.0,1,2,11,2553
39.0,1,2,12,2561
39.0,1,2,13,2569
39.0,1,2,14,2576
39.0,1,2,15,2584
39.0,1,3,0,2475
39.0,1,3,1,2483
39.0,1,3,2,2491
39.0,1,3,3,2499
39.0,1,3,4,2507
39.0,1,3,5,2515
39.0,1,3,6,2523
39.0,1,3,7,2531
39.0,1,3,8,2538
39.0,1,3,9,2546
39.0,1,3,10,2554
39.0,1,3,11,2562
39.0,1,3,12,2569
39.0,1,3,13,2577
39.0,1,3,14,2585
39.0,1,3,15,2592
39.0,1,4,0,2483
39.0,1,4,1,2491
39.0,1,4,2,2499
39.0,1,4,3,2507
39.0,1,4,4,2515
39.0,1,4,5,2523
39.0,1,4,6,2531
39.0,1,4,7,2539
39.0,1,4,8,2547
39.0,1,4,9,2555
39.0,1,4,10,2562
39.0,1,4,11,2570
39.0,1,4,12,2578
39.0,1,4,13,2586
39.0,1,4,14,2593
39.0,1,4,15,2601
39.0,1,5,0,2492
39.0,1,5,1,2500
39.0,1,5,2,2508
39.0,1,5,3,2516
39.0,1,5,4,2524
39.0,1,5,5,2531
39.0,1,5,6,2539
39.0,1,5,7,2547
39.0,1,5,8,2555
39.0,1,5,9,2563
39.0,1,5,10,2571
39.0,1,5,11,2579
39.0,1,5,12,2586
39.0,1,5,13,2594
39.0,1,5,14,2602
39.0,1,5,15,2609
39.0,1,6,0,2500
39.0,1,6,1,2508
39.0,1,6,2,2516
39.0,1,6,3,2524
39.0,1,6,4,2532
39.0,1,6,5,2540
39.0,1,6,6,2548
39.0,1,6,7,2556
39.0,1,6,8,2563
39.0,1,6,9,2571
39.0,1,6,10,2579
39.0,1,6,11,2587
39.0,1,6,12,2595
39.0,1,6,13,2602
39.0,1,6,14,2610
39.0,1,6,15,2618
39.0,1,7,0,2508
39.0,1,7,1,2516
39.0,1,7,2,2524
39.0,1,7,3,2532
39.0,1,7,4,2540
39.0,1,7,5,2548
39.0,1,7,6,2556
39.0,1,7,7,2564
39.0,1,7,8,2572
39.0,1,7,9,2580
39.0,1,7,10,2587
39.0,1,7,11,2595
39.0,1,7,12,2603
39.0,1,7,13,2611
39.0,1,7,14,2619
39.0,1,7,15,2626
39.0,1,8,0,2516
39.0,1,8,1,2524
39.0,1,8,2,2532
39.0,1,8,3,2540
39.0,1,8,4,2548
39.0,1,8,5,2556
39.0,1,8,6,2564
39.0,1,8,7,2572
39.0,1,8,8,2580
39.0,1,8,9,2588
39.0,1,8,10,2596
39.0,1,8,11,2604
39.0,1,8,12,2611
39.0,1,8,13,2619
39.0,1,8,14,2627
39.0,1,8,15,2635
39.0,1,9,0,2524
39.0,1,9,1,2532
39.0,1,9,2,2540
39.0,1,9,3,2548
39.0,1,9,4,2556
39.0,1,9,5,2564
39.0,1,9,6,2572
39.0,1,9,7,2580
39.0,1,9,8,2588
39.0,1,9,9,2596
39.0,1,9,10,2604
39.0,1,9,11,2612
39.0,1,9,12,2620
39.0,1,9,13,2627
39.0,1,9,14,2635
39.0,1,9,15,2643
39.0,1,10,0,2532
39.0,1,10,1,2540
39.0,1,10,2,2548
39.0,1,10,3,2556
39.0,1,10,4,2564
39.0,1,10,5,2572
39.0,1,10,6,2580
39.0,1,10,7,2588
39.0,1,10,8,2596
39.0,1,10,9,2604
39.0,1,10,10,2612
39.0,1,10,11,2620
39.0,1,10,12,2628
39.0,1,10,13,2636
39.0,1,10,14,2644
39.0,1,10,15,2651
39.0,1,11,0,2540
39.0,1,11,1,2548
39.0,1,11,2,2556
39.0,1,11,3,2564
39.0,1,11,4,2572
39.0,1,11,5,2580
39.0,1,11,6,2588
39.0,1,11,7,2596
39.0,1,11,8,2604
39.0,1,11,9,2612
39.0,1,11,10,2620
39.0,1,11,11,2628
39.0,1,11,12,2636
39.0,1,11,13,2644
39.0,1,11,14,2652
39.0,1,11,15,2660
39.0,1,12,0,2548
39.0,1,12,1,2556
39.0,1,12,2,2564
39.0,1,12,3,2572
39.0,1,12,4,2580
39.0,1,12,5,2588
39.0,1,12,6,2596
39.0,1,12,7,2605
39.0,1,12,8,2613
39.0,1,12,9,2621
39.0,1,12,10,2629
39.0,1,12,11,2636
39.0,1,12,12,2644
39.0,1,12,13,2652
39.0,1,12,14,2660
39.0,1,12,15,2668
39.0,1,13,0,2556
39.0,1,13,1,2564
39.0,1,13,2,2572
39.0,1,13,3,2580
39.0,1,13,4,2588
39.0,1,13,5,2596
39.0,1,13,6,2605
39.0,1,13,7,2613
39.0,1,13,8,2621
39.0,1,13,9,2629
39.0,1,13,10,2637
39.0,1,13,11,2645
39.0,1,13,12,2653
39.0,1,13,13,2661
39.0,1,13,14,2668
39.0,1,13,15,2676
39.0,1,14,0,2563
39.0,1,14,1,2572
39.0,1,14,2,2580
39.0,1,14,3,2588
39.0,1,14,4,2596
39.0,1,14,5,2604
39.0,1,14,6,2613
39.0,1,14,7,2621
39.0,1,14,8,2629
39.0,1,14,9,2637
39.0,1,14,10,2645
39.0,1,14,11,2653
39.0,1,14,12,2661
39.0,1,14,13,2669
39.0,1,14,14,2677
39.0,1,14,15,2685
39.0,1,15,0,2571
39.0,1,15,1,2580
39.0,1,15,2,2588
39.0,1,15,3,2596
39.0,1,15,4,2604
39.0,1,15,5,2612
39.0,1,15,6,2621
39.0,1,15,7,2629
39.0,1,15,8,2637
39.0,1,15,9,2645
39.0,1,15,10,2653
39.0,1,15,11,2661
39.0,1,15,12,2669
39.0,1,15,13,2677
39.0,1,15,14,2685
39.0,1,15,15,2693
39.0,2,0,0,2460
39.0,2,0,1,2468
39.0,2,0,2,2476
39.0,2,0,3,2484
39.0,2,0,4,2492
39.0,2,0,5,2500
39.0,2,0,6,2507
39.0,2,0,7,2515
39.0,2,0,8,2523
39.0,2,0,9,2531
39.0,2,0,10,2538
39.0,2,0,11,2546
39.0,2,0,12,2554
39.0,2,0,13,2561
39.0,2,0,14,2569
39.0,2,0,15,2576
39.0,2,1,0,2468
39.0,2,1,1,2476
39.0,2,1,2,2484
39.0,2,1,3,2492
39.0,2,1,4,2500
39.0,2,1,5,2508
39.0,2,1,6,2516
39.0,2,1,7,2524
39.0,2,1,8,2531
39.0,2,1,9,2539
39.0,2,1,10,2547
39.0,2,1,11,2555
39.0,2,1,12,2562
39.0,2,1,13,2570
39.0,2,1,14,2577
39.0,2,1,15,2585
39.0,2,2,0,2477
39.0,2,2,1,2485
39.0,2,2,2,2493
39.0,2,2,3,2500
39.0,2,2,4,2508
39.0,2,2,5,2516
39.0,2,2,6,2524
39.0,2,2,7,2532
39.0,2,2,8,2540
39.0,2,2,9,2548
39.0,2,2,10,2555
39.0,2,2,11,2563
39.0,2,2,12,2571
39.0,2,2,13,2578
39.0,2,2,14,2586
39.0,2,2,15,2594
39.0,2,3,0,2485
39.0,2,3,1,2493
39.0,2,3,2,2501
39.0,2,3,3,2509
39.0,2,3,4,2517
39.0,2,3,5,2525
39.0,2,3,6,2532
39.0,2,3,7,2540
39.0,2,3,8,2548
39.0,2,3,9,2556
39.0,2,3,10,2564
39.0,2,3,11,2571
39.0,2,3,12,2579
39.0,2,3,13,2587
39.0,2,3,14,2595
39.0,2,3,15,2602
39.0,2,4,0,2493
39.0,2,4,1,2501
39.0,2,4,2,2509
39.0,2,4,3,2517
39.0,2,4,4,2525
39.0,2,4,5,2533
39.0,2,4,6,2541
39.0,2,4,7,2549
39.0,2,4,8,2557
39.0,2,4,9,2564
39.0,2,4,10,2572
39.0,2,4,11,2580
39.0,2,4,12,2588
39.0,2,4,13,2595
39.0,2,4,14,2603
39.0,2,4,15,2611
39.0,2,5,0,2501
39.0,2,5,1,2509
39.0,2,5,2,2517
39.0,2,5,3,2525
39.0,2,5,4,2533
39.0,2,5,5,2541
39.0,2,5,6,2549
39.0,2,5,7,2557
39.0,2,5,8,2565
39.0,2,5,9,2573
39.0,2,5,10,2581
39.0,2,5,11,2588
39.0,2,5,12,2596
39.0,2,5,13,2604
39.0,2,5,14,2612
39.0,2,5,15,2619
39.0,2,6,0,2509
39.0,2,6,1,2517
39.0,2,6,2,2525
39.0,2,6,3,2533
39.0,2,6,4,2541
39.0,2,6,5,2549
39.0,2,6,6,2557
39.0,2,6,7,2565
39.0,2,6,8,2573
39.0,2,6,9,2581
39.0,2,6,10,2589
39.0,2,6,11,2597
39.0,2,6,12,2605
39.0,2,6,13,2612
39.0,2,6,14,2620
39.0,2,6,15,2628
39.0,2,7,0,2517
39.0,2,7,1,2525
39.0,2,7,2,2533
39.0,2,7,3,2542
39.0,2,7,4,2550
39.0,2,7,5,2558
39.0,2,7,6,2566
39.0,2,7,7,2574
39.0,2,7,8,2581
39.0,2,7,9,2589
39.0,2,7,10,2597
39.0,2,7,11,2605
39.0,2,7,12,2613
39.0,2,7,13,2621
39.0,2,7,14,2629
39.0,2,7,15,2636
39.0,2,8,0,2525
39.0,2,8,1,2533
39.0,2,8,2,2542
39.0,2,8,3,2550
39.0,2,8,4,2558
39.0,2,8,5,2566
39.0,2,8,6,2574
39.0,2,8,7,2582
39.0,2,8,8,2590
39.0,2,8,9,2598
39.0,2,8,10,2606
39.0,2,8,11,2613
39.0,2,8,12,2621
39.0,2,8,13,2629
39.0,2,8,14,2637
39.0,2,8,15,2645
39.0,2,9,0,2533
39.0,2,9,1,2542
39.0,2,9,2,2550
39.0,2,9,3,2558
39.0,2,9,4,2566
39.0,2,9,5,2574
39.0,2,9,6,2582
39.0,2,9,7,2590
39.0,2,9,8,2598
39.0,2,9,9,2606
39.0,2,9,10,2614
39.0,2,9,11,2622
39.0,2,9,12,2630
39.0,2,9,13,2638
39.0,2,9,14,2645
39.0,2,9,15,2653
39.0,2,10,0,2541
39.0,2,10,1,2550
39.0,2,10,2,2558
39.0,2,10,3,2566
39.0,2,10,4,2574
39.0,2,10,5,2582
39.0,2,10,6,2590
39.0,2,10,7,2598
39.0,2,10,8,2606
39.0,2,10,9,2614
39.0,2,10,10,2622
39.0,2,10,11,2630
39.0,2,10,12,2638
39.0,2,10,13,2646
39.0,2,10,14,2654
39.0,2,10,15,2662
39.0,2,11,0,2549
39.0,2,11,1,2558
39.0,2,11,2,2566
39.0,2,11,3,2574
39.0,2,11,4,2582
39.0,2,11,5,2590
39.0,2,11,6,2598
39.0,2,11,7,2606
39.0,2,11,8,2614
39.0,2,11,9,2622
39.0,2,11,10,2630
39.0,2,11,11,2638
39.0,2,11,12,2646
39.0,2,11,13,2654
39.0,2,11,14,2662
39.0,2,11,15,2670
39.0,2,12,0,2557
39.0,2,12,1,2566
39.0,2,12,2,2574
39.0,2,12,3,2582
39.0,2,12,4,2590
39.0,2,12,5,2598
39.0,2,12,6,2606
39.0,2,12,7,2614
39.0,2,12,8,2623
39.0,2,12,9,2631
39.0,2,12,10,2639
39.0,2,12,11,2647
39.0,2,12,12,2654
39.0,2,12,13,2662
39.0,2,12,14,2670
39.0,2,12,15,2678
39.0,2,13,0,2565
39.0,2,13,1,2574
39.0,2,13,2,2582
39.0,2,13,3,2590
39.0,2,13,4,2598
39.0,2,13,5,2606
39.0,2,13,6,2614
39.0,2,13,7,2623
39.0,2,13,8,2631
39.0,2,13,9,2639
39.0,2,13,10,2647
39.0,2,13,11,2655
39.0,2,13,12,2663
39.0,2,13,13,2671
39.0,2,13,14,2679
39.0,2,13,15,2687
39.0,2,14,0,2573
39.0,2,14,1,2581
39.0,2,14,2,2590
39.0,2,14,3,2598
39.0,2,14,4,2606
39.0,2,14,5,2614
39.0,2,14,6,2623
39.0,2,14,7,2631
39.0,2,14,8,2639
39.0,2,14,9,2647
39.0,2,14,10,2655
39.0,2,14,11,2663
39.0,2,14,12,2671
39.0,2,14,13,2679
39.0,2,14,14,2687
39.0,2,14,15,2695
39.0,2,15,0,2581
39.0,2,15,1,2589
39.0,2,15,2,2598
39.0,2,15,3,2606
39.0,2,15,4,2614
39.0,2,15,5,2622
39.0,2,15,6,2631
39.0,2,15,7,2639
39.0,2,15,8,2647
39.0,2,15,9,2655
39.0,2,15,10,2663
39.0,2,15,11,2671
39.0,2,15,12,2679
39.0,2,15,13,2687
39.0,2,15,14,2695
39.0,2,15,15,2703
39.0,3,0,0,2470
39.0,3,0,1,2477
39.0,3,0,2,2485
39.0,3,0,3,2493
39.0,3,0,4,2501
39.0,3,0,5,2509
39.0,3,0,6,2517
39.0,3,0,7,2525
39.0,3,0,8,2532
39.0,3,0,9,2540
39.0,3,0,10,2548
39.0,3,0,11,2556
39.0,3,0,12,2563
39.0,3,0,13,2571
39.0,3,0,14,2579
39.0,3,0,15,2586
39.0,3,1,0,2478
39.0,3,1,1,2486
39.0,3,1,2,2494
39.0,3,1,3,2502
39.0,3,1,4,2510
39.0,3,1,5,2517
39.0,3,1,6,2525
39.0,3,1,7,2533
39.0,3,1,8,2541
39.0,3,1,9,2549
39.0,3,1,10,2556
39.0,3,1,11,2564
39.0,3,1,12,2572
39.0,3,1,13,2580
39.0,3,1,14,2587
39.0,3,1,15,2595
39.0,3,2,0,2486
39.0,3,2,1,2494
39.0,3,2,2,2502
39.0,3,2,3,2510
39.0,3,2,4,2518
39.0,3,2,5,2526
39.0,3,2,6,2534
39.0,3,2,7,2542
39.0,3,2,8,2549
39.0,3,2,9,2557
39.0,3,2,10,2565
39.0,3,2,11,2573
39.0,3,2,12,2581
39.0,3,2,13,2588
39.0,3,2,14,2596
39.0,3,2,15,2604
39.0,3,3,0,2494
39.0,3,3,1,2502
39.0,3,3,2,2510
39.0,3,3,3,2518
39.0,3,3,4,2526
39.0,3,3,5,2534
39.0,3,3,6,2542
39.0,3,3,7,2550
39.0,3,3,8,2558
39.0,3,3,9,2566
39.0,3,3,10,2573
39.0,3,3,11,2581
39.0,3,3,12,2589
39.0,3,3,13,2597
39.0,3,3,14,2604
39.0,3,3,15,2612
39.0,3,4,0,2502
39.0,3,4,1,2511
39.0,3,4,2,2519
39.0,3,4,3,2527
39.0,3,4,4,2535
39.0,3,4,5,2543
39.0,3,4,6,2550
39.0,3,4,7,2558
39.0,3,4,8,2566
39.0,3,4,9,2574
39.0,3,4,10,2582
39.0,3,4,11,2590
39.0,3,4,12,2598
39.0,3,4,13,2605
39.0,3,4,14,2613
39.0,3,4,15,2621
39.0,3,5,0,2511
39.0,3,5,1,2519
39.0,3,5,2,2527
39.0,3,5,3,2535
39.0,3,5,4,2543
39.0,3,5,5,2551
39.0,3,5,6,2559
39.0,3,5,7,2567
39.0,3,5,8,2575
39.0,3,5,9,2582
39.0,3,5,10,2590
39.0,3,5,11,2598
39.0,3,5,12,2606
39.0,3,5,13,2614
39.0,3,5,14,2622
39.0,3,5,15,2629
39.0,3,6,0,2519
39.0,3,6,1,2527
39.0,3,6,2,2535
39.0,3,6,3,2543
39.0,3,6,4,2551
39.0,3,6,5,2559
39.0,3,6,6,2567
39.0,3,6,7,2575
39.0,3,6,8,2583
39.0,3,6,9,2591
39.0,3,6,10,2599
39.0,3,6,11,2607
39.0,3,6,12,2614
39.0,3,6,13,2622
39.0,3,6,14,2630
39.0,3,6,15,2638
39.0,3,7,0,2527
39.0,3,7,1,2535
39.0,3,7,2,2543
39.0,3,7,3,2551
39.0,3,7,4,2559
39.0,3,7,5,2567
39.0,3,7,6,2575
39.0,3,7,7,2583
39.0,3,7,8,2591
39.0,3,7,9,2599
39.0,3,7,10,2607
39.0,3,7,11,2615
39.0,3,7,12,2623
39.0,3,7,13,2631
39.0,3,7,14,2639
39.0,3,7,15,2646
39.0,3,8,0,2535
39.0,3,8,1,2543
39.0,3,8,2,2551
39.0,3,8,3,2559
39.0,3,8,4,2567
39.0,3,8,5,2576
39.0,3,8,6,2584
39.0,3,8,7,2592
39.0,3,8,8,2600
39.0,3,8,9,2608
39.0,3,8,10,2615
39.0,3,8,11,2623
39.0,3,8,12,2631
39.0,3,8,13,2639
39.0,3,8,14,2647
39.0,3,8,15,2655
39.0,3,9,0,2543
39.0,3,9,1,2551
39.0,3,9,2,2559
39.0,3,9,3,2568
39.0,3,9,4,2576
39.0,3,9,5,2584
39.0,3,9,6,2592
39.0,3,9,7,2600
39.0,3,9,8,2608
39.0,3,9,9,2616
39.0,3,9,10,2624
39.0,3,9,11,2632
39.0,3,9,12,2640
39.0,3,9,13,2648
39.0,3,9,14,2655
39.0,3,9,15,2663
39.0,3,10,0,2551
39.0,3,10,1,2559
39.0,3,10,2,2567
39.0,3,10,3,2576
39.0,3,10,4,2584
39.0,3,10,5,2592
39.0,3,10,6,2600
39.0,3,10,7,2608
39.0,3,10,8,2616
39.0,3,10,9,2624
39.0,3,10,10,2632
39.0,3,10,11,2640
39.0,3,10,12,2648
39.0,3,10,13,2656
39.0,3,10,14,2664
39.0,3,10,15,2672
39.0,3,11,0,2559
39.0,3,11,1,2567
39.0,3,11,2,2576
39.0,3,11,3,2584
39.0,3,11,4,2592
39.0,3,11,5,2600
39.0,3,11,6,2608
39.0,3,11,7,2616
39.0,3,11,8,2624
39.0,3,11,9,2632
39.0,3,11,10,2640
39.0,3,11,11,2648
39.0,3,11,12,2656
39.0,3,11,13,2664
39.0,3,11,14,2672
39.0,3,11,15,2680
39.0,3,12,0,2567
39.0,3,12,1,2575
39.0,3,12,2,2584
39.0,3,12,3,2592
39.0,3,12,4,2600
39.0,3,12,5,2608
39.0,3,12,6,2616
39.0,3,12,7,2624
39.0,3,12,8,2632
39.0,3,12,9,2641
39.0,3,12,10,2649
39.0,3,12,11,2657
39.0,3,12,12,2665
39.0,3,12,13,2673
39.0,3,12,14,2681
39.0,3,12,15,2688
39.0,3,13,0,2575
39.0,3,13,1,2583
39.0,3,13,2,2592
39.0,3,13,3,2600
39.0,3,13,4,2608
39.0,3,13,5,2616
39.0,3,13,6,2624
39.0,3,13,7,2633
39.0,3,13,8,2641
39.0,3,13,9,2649
39.0,3,13,10,2657
39.0,3,13,11,2665
39.0,3,13,12,2673
39.0,3,13,13,2681
39.0,3,13,14,2689
39.0,3,13,15,2697
39.0,3,14,0,2583
39.0,3,14,1,2591
39.0,3,14,2,2600
39.0,3,14,3,2608
39.0,3,14,4,2616
39.0,3,14,5,2624
39.0,3,14,6,2632
39.0,3,14,7,2641
39.0,3,14,8,2649
39.0,3,14,9,2657
39.0,3,14,10,2665
39.0,3,14,11,2673
39.0,3,14,12,2681
39.0,3,14,13,2689
39.0,3,14,14,2697
39.0,3,14,15,2705
39.0,3,15,0,2591
39.0,3,15,1,2599
39.0,3,15,2,2608
39.0,3,15,3,2616
39.0,3,15,4,2624
39.0,3,15,5,2632
39.0,3,15,6,2641
39.0,3,15,7,2649
39.0,3,15,8,2657
39.0,3,15,9,2665
39.0,3,15,10,2673
39.0,3,15,11,2681
39.0,3,15,12,2689
39.0,3,15,13,2697
39.0,3,15,14,2705
39.0,3,15,15,2713
39.0,4,0,0,2479
39.0,4,0,1,2487
39.0,4,0,2,2495
39.0,4,0,3,2503
39.0,4,0,4,2511
39.0,4,0,5,2519
39.0,4,0,6,2526
39.0,4,0,7,2534
39.0,4,0,8,2542
39.0,4,0,9,2550
39.0,4,0,10,2558
39.0,4,0,11,2565
39.0,4,0,12,2573
39.0,4,0,13,2581
39.0,4,0,14,2588
39.0,4,0,15,2596
39.0,4,1,0,2487
39.0,4,1,1,2495
39.0,4,1,2,2503
39.0,4,1,3,2511
39.0,4,1,4,2519
39.0,4,1,5,2527
39.0,4,1,6,2535
39.0,4,1,7,2543
39.0,4,1,8,2551
39.0,4,1,9,2558
39.0,4,1,10,2566
39.0,4,1,11,2574
39.0,4,1,12,2582
39.0,4,1,13,2589
39.0,4,1,14,2597
39.0,4,1,15,2605
39.0,4,2,0,2495
39.0,4,2,1,2503
39.0,4,2,2,2512
39.0,4,2,3,2519
39.0,4,2,4,2527
39.0,4,2,5,2535
39.0,4,2,6,2543
39.0,4,2,7,2551
39.0,4,2,8,2559
39.0,4,2,9,2567
39.0,4,2,10,2575
39.0,4,2,11,2583
39.0,4,2,12,2590
39.0,4,2,13,2598
39.0,4,2,14,2606
39.0,4,2,15,2613
39.0,4,3,0,2504
39.0,4,3,1,2512
39.0,4,3,2,2520
39.0,4,3,3,2528
39.0,4,3,4,2536
39.0,4,3,5,2544
39.0,4,3,6,2552
39.0,4,3,7,2560
39.0,4,3,8,2568
39.0,4,3,9,2575
39.0,4,3,10,2583
39.0,4,3,11,2591
39.0,4,3,12,2599
39.0,4,3,13,2607
39.0,4,3,14,2614
39.0,4,3,15,2622
39.0,4,4,0,2512
39.0,4,4,1,2520
39.0,4,4,2,2528
39.0,4,4,3,2536
39.0,4,4,4,2544
39.0,4,4,5,2552
39.0,4,4,6,2560
39.0,4,4,7,2568
39.0,4,4,8,2576
39.0,4,4,9,2584
39.0,4,4,10,2592
39.0,4,4,11,2600
39.0,4,4,12,2607
39.0,4,4,13,2615
39.0,4,4,14,2623
39.0,4,4,15,2631
39.0,4,5,0,2520
39.0,4,5,1,2528
39.0,4,5,2,2536
39.0,4,5,3,2544
39.0,4,5,4,2552
39.0,4,5,5,2560
39.0,4,5,6,2568
39.0,4,5,7,2576
39.0,4,5,8,2584
39.0,4,5,9,2592
39.0,4,5,10,2600
39.0,4,5,11,2608
39.0,4,5,12,2616
39.0,4,5,13,2624
39.0,4,5,14,2632
39.0,4,5,15,2639
39.0,4,6,0,2528
39.0,4,6,1,2536
39.0,4,6,2,2545
39.0,4,6,3,2553
39.0,4,6,4,2561
39.0,4,6,5,2569
39.0,4,6,6,2577
39.0,4,6,7,2585
39.0,4,6,8,2593
39.0,4,6,9,2601
39.0,4,6,10,2609
39.0,4,6,11,2616
39.0,4,6,12,2624
39.0,4,6,13,2632
39.0,4,6,14,2640
39.0,4,6,15,2648
39.0,4,7,0,2536
39.0,4,7,1,2545
39.0,4,7,2,2553
39.0,4,7,3,2561
39.0,4,7,4,2569
39.0,4,7,5,2577
39.0,4,7,6,2585
39.0,4,7,7,2593
39.0,4,7,8,2601
39.0,4,7,9,2609
39.0,4,7,10,2617
39.0,4,7,11,2625
39.0,4,7,12,2633
39.0,4,7,13,2641
39.0,4,7,14,2649
39.0,4,7,15,2656
39.0,4,8,0,2545
39.0,4,8,1,2553
39.0,4,8,2,2561
39.0,4,8,3,2569
39.0,4,8,4,2577
39.0,4,8,5,2585
39.0,4,8,6,2593
39.0,4,8,7,2601
39.0,4,8,8,2609
39.0,4,8,9,2617
39.0,4,8,10,2625
39.0,4,8,11,2633
39.0,4,8,12,2641
39.0,4,8,13,2649
39.0,4,8,14,2657
39.0,4,8,15,2665
39.0,4,9,0,2553
39.0,4,9,1,2561
39.0,4,9,2,2569
39.0,4,9,3,2577
39.0,4,9,4,2585
39.0,4,9,5,2594
39.0,4,9,6,2602
39.0,4,9,7,2610
39.0,4,9,8,2618
39.0,4,9,9,2626
39.0,4,9,10,2634
39.0,4,9,11,2642
39.0,4,9,12,2650
39.0,4,9,13,2658
39.0,4,9,14,2665
39.0,4,9,15,2673
39.0,4,10,0,2561
39.0,4,10,1,2569
39.0,4,10,2,2577
39.0,4,10,3,2585
39.0,4,10,4,2594
39.0,4,10,5,2602
39.0,4,10,6,2610
39.0,4,10,7,2618
39.0,4,10,8,2626
39.0,4,10,9,2634
39.0,4,10,10,2642
39.0,4,10,11,2650
39.0,4,10,12,2658
39.0,4,10,13,2666
39.0,4,10,14,2674
39.0,4,10,15,2682
39.0,4,11,0,2569
39.0,4,11,1,2577
39.0,4,11,2,2585
39.0,4,11,3,2594
39.0,4,11,4,2602
39.0,4,11,5,2610
39.0,4,11,6,2618
39.0,4,11,7,2626
39.0,4,11,8,2634
39.0,4,11,9,2642
39.0,4,11,10,2650
39.0,4,11,11,2658
39.0,4,11,12,2666
39.0,4,11,13,2674
39.0,4,11,14,2682
39.0,4,11,15,2690
39.0,4,12,0,2577
39.0,4,12,1,2585
39.0,4,12,2,2593
39.0,4,12,3,2602
39.0,4,12,4,2610
39.0,4,12,5,2618
39.0,4,12,6,2626
39.0,4,12,7,2634
39.0,4,12,8,2642
39.0,4,12,9,2651
39.0,4,12,10,2659
39.0,4,12,11,2667
39.0,4,12,12,2675
39.0,4,12,13,2683
39.0,4,12,14,2691
39.0,4,12,15,2699
39.0,4,13,0,2585
39.0,4,13,1,2593
39.0,4,13,2,2601
39.0,4,13,3,2610
39.0,4,13,4,2618
39.0,4,13,5,2626
39.0,4,13,6,2634
39.0,4,13,7,2643
39.0,4,13,8,2651
39.0,4,13,9,2659
39.0,4,13,10,2667
39.0,4,13,11,2675
39.0,4,13,12,2683
39.0,4,13,13,2691
39.0,4,13,14,2699
39.0,4,13,15,2707
39.0,4,14,0,2593
39.0,4,14,1,2601
39.0,4,14,2,2609
39.0,4,14,3,2618
39.0,4,14,4,2626
39.0,4,14,5,2634
39.0,4,14,6,2642
39.0,4,14,7,2651
39.0,4,14,8,2659
39.0,4,14,9,2667
39.0,4,14,10,2675
39.0,4,14,11,2683
39.0,4,14,12,2691
39.0,4,14,13,2699
39.0,4,14,14,2707
39.0,4,14,15,2715
39.0,4,15,0,2601
39.0,4,15,1,2609
39.0,4,15,2,2617
39.0,4,15,3,2626
39.0,4,15,4,2634
39.0,4,15,5,2642
39.0,4,15,6,2651
39.0,4,15,7,2659
39.0,4,15,8,2667
39.0,4,15,9,2675
39.0,4,15,10,2683
39.0,4,15,11,2691
39.0,4,15,12,2699
39.0,4,15,13,2708
39.0,4,15,14,2716
39.0,4,15,15,2724
39.0,5,0,0,2488
39.0,5,0,1,2496
39.0,5,0,2,2504
39.0,5,0,3,2512
39.0,5,0,4,2520
39.0,5,0,5,2528
39.0,5,0,6,2536
39.0,5,0,7,2544
39.0,5,0,8,2552
39.0,5,0,9,2559
39.0,5,0,10,2567
39.0,5,0,11,2575
39.0,5,0,12,2583
39.0,5,0,13,2590
39.0,5,0,14,2598
39.0,5,0,15,2606
39.0,5,1,0,2497
39.0,5,1,1,2505
39.0,5,1,2,2513
39.0,5,1,3,2521
39.0,5,1,4,2529
39.0,5,1,5,2537
39.0,5,1,6,2544
39.0,5,1,7,2552
39.0,5,1,8,2560
39.0,5,1,9,2568
39.0,5,1,10,2576
39.0,5,1,11,2584
39.0,5,1,12,2591
39.0,5,1,13,2599
39.0,5,1,14,2607
39.0,5,1,15,2615
39.0,5,2,0,2505
39.0,5,2,1,2513
39.0,5,2,2,2521
39.0,5,2,3,2529
39.0,5,2,4,2537
39.0,5,2,5,2545
39.0,5,2,6,2553
39.0,5,2,7,2561
39.0,5,2,8,2569
39.0,5,2,9,2577
39.0,5,2,10,2584
39.0,5,2,11,2592
39.0,5,2,12,2600
39.0,5,2,13,2608
39.0,5,2,14,2616
39.0,5,2,15,2623
39.0,5,3,0,2513
39.0,5,3,1,2521
39.0,5,3,2,2529
39.0,5,3,3,2537
39.0,5,3,4,2545
39.0,5,3,5,2553
39.0,5,3,6,2561
39.0,5,3,7,2569
39.0,5,3,8,2577
39.0,5,3,9,2585
39.0,5,3,10,2593
39.0,5,3,11,2601
39.0,5,3,12,2609
39.0,5,3,13,2616
39.0,5,3,14,2624
39.0,5,3,15,2632
39.0,5,4,0,2521
39.0,5,4,1,2530
39.0,5,4,2,2538
39.0,5,4,3,2546
39.0,5,4,4,2554
39.0,5,4,5,2562
39.0,5,4,6,2570
39.0,5,4,7,2578
39.0,5,4,8,2586
39.0,5,4,9,2594
39.0,5,4,10,2601
39.0,5,4,11,2609
39.0,5,4,12,2617
39.0,5,4,13,2625
39.0,5,4,14,2633
39.0,5,4,15,2641
39.0,5,5,0,2530
39.0,5,5,1,2538
39.0,5,5,2,2546
39.0,5,5,3,2554
39.0,5,5,4,2562
39.0,5,5,5,2570
39.0,5,5,6,2578
39.0,5,5,7,2586
39.0,5,5,8,2594
39.0,5,5,9,2602
39.0,5,5,10,2610
39.0,5,5,11,2618
39.0,5,5,12,2626
39.0,5,5,13,2634
39.0,5,5,14,2641
39.0,5,5,15,2649
39.0,5,6,0,2538
39.0,5,6,1,2546
39.0,5,6,2,2554
39.0,5,6,3,2562
39.0,5,6,4,2570
39.0,5,6,5,2578
39.0,5,6,6,2587
39.0,5,6,7,2595
39.0,5,6,8,2603
39.0,5,6,9,2611
39.0,5,6,10,2618
39.0,5,6,11,2626
39.0,5,6,12,2634
39.0,5,6,13,2642
39.0,5,6,14,2650
39.0,5,6,15,2658
39.0,5,7,0,2546
39.0,5,7,1,2554
39.0,5,7,2,2562
39.0,5,7,3,2571
39.0,5,7,4,2579
39.0,5,7,5,2587
39.0,5,7,6,2595
39.0,5,7,7,2603
39.0,5,7,8,2611
39.0,5,7,9,2619
39.0,5,7,10,2627
39.0,5,7,11,2635
39.0,5,7,12,2643
39.0,5,7,13,2651
39.0,5,7,14,2659
39.0,5,7,15,2666
39.0,5,8,0,2554
39.0,5,8,1,2562
39.0,5,8,2,2571
39.0,5,8,3,2579
39.0,5,8,4,2587
39.0,5,8,5,2595
39.0,5,8,6,2603
39.0,5,8,7,2611
39.0,5,8,8,2619
39.0,5,8,9,2627
39.0,5,8,10,2635
39.0,5,8,11,2643
39.0,5,8,12,2651
39.0,5,8,13,2659
39.0,5,8,14,2667
39.0,5,8,15,2675
39.0,5,9,0,2562
39.0,5,9,1,2571
39.0,5,9,2,2579
39.0,5,9,3,2587
39.0,5,9,4,2595
39.0,5,9,5,2603
39.0,5,9,6,2611
39.0,5,9,7,2620
39.0,5,9,8,2628
39.0,5,9,9,2636
39.0,5,9,10,2644
39.0,5,9,11,2652
39.0,5,9,12,2660
39.0,5,9,13,2668
39.0,5,9,14,2676
39.0,5,9,15,2683
39.0,5,10,0,2570
39.0,5,10,1,2579
39.0,5,10,2,2587
39.0,5,10,3,2595
39.0,5,10,4,2603
39.0,5,10,5,2612
39.0,5,10,6,2620
39.0,5,10,7,2628
39.0,5,10,8,2636
39.0,5,10,9,2644
39.0,5,10,10,2652
39.0,5,10,11,2660
39.0,5,10,12,2668
39.0,5,10,13,2676
39.0,5,10,14,2684
39.0,5,10,15,2692
39.0,5,11,0,2578
39.0,5,11,1,2587
39.0,5,11,2,2595
39.0,5,11,3,2603
39.0,5,11,4,2612
39.0,5,11,5,2620
39.0,5,11,6,2628
39.0,5,11,7,2636
39.0,5,11,8,2644
39.0,5,11,9,2652
39.0,5,11,10,2660
39.0,5,11,11,2668
39.0,5,11,12,2676
39.0,5,11,13,2684
39.0,5,11,14,2692
39.0,5,11,15,2700
39.0,5,12,0,2587
39.0,5,12,1,2595
39.0,5,12,2,2603
39.0,5,12,3,2611
39.0,5,12,4,2620
39.0,5,12,5,2628
39.0,5,12,6,2636
39.0,5,12,7,2644
39.0,5,12,8,2652
39.0,5,12,9,2661
39.0,5,12,10,2669
39.0,5,12,11,2677
39.0,5,12,12,2685
39.0,5,12,13,2693
39.0,5,12,14,2701
39.0,5,12,15,2709
39.0,5,13,0,2595
39.0,5,13,1,2603
39.0,5,13,2,2611
39.0,5,13,3,2620
39.0,5,13,4,2628
39.0,5,13,5,2636
39.0,5,13,6,2644
39.0,5,13,7,2652
39.0,5,13,8,2661
39.0,5,13,9,2669
39.0,5,13,10,2677
39.0,5,13,11,2685
39.0,5,13,12,2693
39.0,5,13,13,2701
39.0,5,13,14,2709
39.0,5,13,15,2717
39.0,5,14,0,2603
39.0,5,14,1,2611
39.0,5,14,2,2619
39.0,5,14,3,2628
39.0,5,14,4,2636
39.0,5,14,5,2644
39.0,5,14,6,2652
39.0,5,14,7,2661
39.0,5,14,8,2669
39.0,5,14,9,2677
39.0,5,14,10,2685
39.0,5,14,11,2693
39.0,5,14,12,2701
39.0,5,14,13,2709
39.0,5,14,14,2718
39.0,5,14,15,2726
39.0,5,15,0,2611
39.0,5,15,1,2619
39.0,5,15,2,2627
39.0,5,15,3,2636
39.0,5,15,4,2644
39.0,5,15,5,2652
39.0,5,15,6,2661
39.0,5,15,7,2669
39.0,5,15,8,2677
39.0,5,15,9,2685
39.0,5,15,10,2693
39.0,5,15,11,2702
39.0,5,15,12,2710
39.0,5,15,13,2718
39.0,5,15,14,2726
39.0,5,15,15,2734
39.0,6,0,0,2498
39.0,6,0,1,2506
39.0,6,0,2,2514
39.0,6,0,3,2522
39.0,6,0,4,2530
39.0,6,0,5,2538
39.0,6,0,6,2545
39.0,6,0,7,2553
39.0,6,0,8,2561
39.0,6,0,9,2569
39.0,6,0,10,2577
39.0,6,0,11,2585
39.0,6,0,12,2592
39.0,6,0,13,2600
39.0,6,0,14,2608
39.0,6,0,15,2616
39.0,6,1,0,2506
39.0,6,1,1,2514
39.0,6,1,2,2522
39.0,6,1,3,2530
39.0,6,1,4,2538
39.0,6,1,5,2546
39.0,6,1,6,2554
39.0,6,1,7,2562
39.0,6,1,8,2570
39.0,6,1,9,2578
39.0,6,1,10,2586
39.0,6,1,11,2593
39.0,6,1,12,2601
39.0,6,1,13,2609
39.0,6,1,14,2617
39.0,6,1,15,2624
39.0,6,2,0,2514
39.0,6,2,1,2522
39.0,6,2,2,2530
39.0,6,2,3,2539
39.0,6,2,4,2547
39.0,6,2,5,2555
39.0,6,2,6,2563
39.0,6,2,7,2570
39.0,6,2,8,2578
39.0,6,2,9,2586
39.0,6,2,10,2594
39.0,6,2,11,2602
39.0,6,2,12,2610
39.0,6,2,13,2618
39.0,6,2,14,2625
39.0,6,2,15,2633
39.0,6,3,0,2523
39.0,6,3,1,2531
39.0,6,3,2,2539
39.0,6,3,3,2547
39.0,6,3,4,2555
39.0,6,3,5,2563
39.0,6,3,6,2571
39.0,6,3,7,2579
39.0,6,3,8,2587
39.0,6,3,9,2595
39.0,6,3,10,2603
39.0,6,3,11,2611
39.0,6,3,12,2618
39.0,6,3,13,2626
39.0,6,3,14,2634
39.0,6,3,15,2642
39.0,6,4,0,2531
39.0,6,4,1,2539
39.0,6,4,2,2547
39.0,6,4,3,2555
39.0,6,4,4,2563
39.0,6,4,5,2571
39.0,6,4,6,2579
39.0,6,4,7,2587
39.0,6,4,8,2595
39.0,6,4,9,2603
39.0,6,4,10,2611
39.0,6,4,11,2619
39.0,6,4,12,2627
39.0,6,4,13,2635
39.0,6,4,14,2643
39.0,6,4,15,2651
39.0,6,5,0,2539
39.0,6,5,1,2547
39.0,6,5,2,2555
39.0,6,5,3,2564
39.0,6,5,4,2572
39.0,6,5,5,2580
39.0,6,5,6,2588
39.0,6,5,7,2596
39.0,6,5,8,2604
39.0,6,5,9,2612
39.0,6,5,10,2620
39.0,6,5,11,2628
39.0,6,5,12,2636
39.0,6,5,13,2644
39.0,6,5,14,2651
39.0,6,5,15,2659
39.0,6,6,0,2547
39.0,6,6,1,2556
39.0,6,6,2,2564
39.0,6,6,3,2572
39.0,6,6,4,2580
39.0,6,6,5,2588
39.0,6,6,6,2596
39.0,6,6,7,2604
39.0,6,6,8,2612
39.0,6,6,9,2620
39.0,6,6,10,2628
39.0,6,6,11,2636
39.0,6,6,12,2644
39.0,6,6,13,2652
39.0,6,6,14,2660
39.0,6,6,15,2668
39.0,6,7,0,2556
39.0,6,7,1,2564
39.0,6,7,2,2572
39.0,6,7,3,2580
39.0,6,7,4,2588
39.0,6,7,5,2596
39.0,6,7,6,2605
39.0,6,7,7,2613
39.0,6,7,8,2621
39.0,6,7,9,2629
39.0,6,7,10,2637
39.0,6,7,11,2645
39.0,6,7,12,2653
39.0,6,7,13,2661
39.0,6,7,14,2669
39.0,6,7,15,2676
39.0,6,8,0,2564
39.0,6,8,1,2572
39.0,6,8,2,2580
39.0,6,8,3,2588
39.0,6,8,4,2597
39.0,6,8,5,2605
39.0,6,8,6,2613
39.0,6,8,7,2621
39.0,6,8,8,2629
39.0,6,8,9,2637
39.0,6,8,10,2645
39.0,6,8,11,2653
39.0,6,8,12,2661
39.0,6,8,13,2669
39.0,6,8,14,2677
39.0,6,8,15,2685
39.0,6,9,0,2572
39.0,6,9,1,2580
39.0,6,9,2,2588
39.0,6,9,3,2597
39.0,6,9,4,2605
39.0,6,9,5,2613
39.0,6,9,6,2621
39.0,6,9,7,2629
39.0,6,9,8,2637
39.0,6,9,9,2646
39.0,6,9,10,2654
39.0,6,9,11,2662
39.0,6,9,12,2670
39.0,6,9,13,2678
39.0,6,9,14,2686
39.0,6,9,15,2694
39.0,6,10,0,2580
39.0,6,10,1,2588
39.0,6,10,2,2597
39.0,6,10,3,2605
39.0,6,10,4,2613
39.0,6,10,5,2621
39.0,6,10,6,2630
39.0,6,10,7,2638
39.0,6,10,8,2646
39.0,6,10,9,2654
39.0,6,10,10,2662
39.0,6,10,11,2670
39.0,6,10,12,2678
39.0,6,10,13,2686
39.0,6,10,14,2694
39.0,6,10,15,2702
39.0,6,11,0,2588
39.0,6,11,1,2596
39.0,6,11,2,2605
39.0,6,11,3,2613
39.0,6,11,4,2621
39.0,6,11,5,2630
39.0,6,11,6,2638
39.0,6,11,7,2646
39.0,6,11,8,2654
39.0,6,11,9,2662
39.0,6,11,10,2670
39.0,6,11,11,2678
39.0,6,11,12,2686
39.0,6,11,13,2695
39.0,6,11,14,2703
39.0,6,11,15,2711
39.0,6,12,0,2596
39.0,6,12,1,2605
39.0,6,12,2,2613
39.0,6,12,3,2621
39.0,6,12,4,2630
39.0,6,12,5,2638
39.0,6,12,6,2646
39.0,6,12,7,2654
39.0,6,12,8,2662
39.0,6,12,9,2671
39.0,6,12,10,2679
39.0,6,12,11,2687
39.0,6,12,12,2695
39.0,6,12,13,2703
39.0,6,12,14,2711
39.0,6,12,15,2719
39.0,6,13,0,2604
39.0,6,13,1,2613
39.0,6,13,2,2621
39.0,6,13,3,2629
39.0,6,13,4,2638
39.0,6,13,5,2646
39.0,6,13,6,2654
39.0,6,13,7,2662
39.0,6,13,8,2671
39.0,6,13,9,2679
39.0,6,13,10,2687
39.0,6,13,11,2695
39.0,6,13,12,2703
39.0,6,13,13,2711
39.0,6,13,14,2719
39.0,6,13,15,2727
39.0,6,14,0,2612
39.0,6,14,1,2621
39.0,6,14,2,2629
39.0,6,14,3,2637
39.0,6,14,4,2646
39.0,6,14,5,2654
39.0,6,14,6,2662
39.0,6,14,7,2671
39.0,6,14,8,2679
39.0,6,14,9,2687
39.0,6,14,10,2695
39.0,6,14,11,2703
39.0,6,14,12,2712
39.0,6,14,13,2720
39.0,6,14,14,2728
39.0,6,14,15,2736
39.0,6,15,0,2620
39.0,6,15,1,2629
39.0,6,15,2,2637
39.0,6,15,3,2646
39.0,6,15,4,2654
39.0,6,15,5,2662
39.0,6,15,6,2671
39.0,6,15,7,2679
39.0,6,15,8,2687
39.0,6,15,9,2695
39.0,6,15,10,2704
39.0,6,15,11,2712
39.0,6,15,12,2720
39.0,6,15,13,2728
39.0,6,15,14,2736
39.0,6,15,15,2744
39.0,7,0,0,2507
39.0,7,0,1,2515
39.0,7,0,2,2523
39.0,7,0,3,2531
39.0,7,0,4,2539
39.0,7,0,5,2547
39.0,7,0,6,2555
39.0,7,0,7,2563
39.0,7,0,8,2571
39.0,7,0,9,2579
39.0,7,0,10,2587
39.0,7,0,11,2594
39.0,7,0,12,2602
39.0,7,0,13,2610
39.0,7,0,14,2618
39.0,7,0,15,2625
39.0,7,1,0,2515
39.0,7,1,1,2523
39.0,7,1,2,2532
39.0,7,1,3,2540
39.0,7,1,4,2548
39.0,7,1,5,2556
39.0,7,1,6,2564
39.0,7,1,7,2572
39.0,7,1,8,2579
39.0,7,1,9,2587
39.0,7,1,10,2595
39.0,7,1,11,2603
39.0,7,1,12,2611
39.0,7,1,13,2619
39.0,7,1,14,2627
39.0,7,1,15,2634
39.0,7,2,0,2524
39.0,7,2,1,2532
39.0,7,2,2,2540
39.0,7,2,3,2548
39.0,7,2,4,2556
39.0,7,2,5,2564
39.0,7,2,6,2572
39.0,7,2,7,2580
39.0,7,2,8,2588
39.0,7,2,9,2596
39.0,7,2,10,2604
39.0,7,2,11,2612
39.0,7,2,12,2620
39.0,7,2,13,2627
39.0,7,2,14,2635
39.0,7,2,15,2643
39.0,7,3,0,2532
39.0,7,3,1,2540
39.0,7,3,2,2548
39.0,7,3,3,2556
39.0,7,3,4,2565
39.0,7,3,5,2573
39.0,7,3,6,2581
39.0,7,3,7,2589
39.0,7,3,8,2597
39.0,7,3,9,2605
39.0,7,3,10,2612
39.0,7,3,11,2620
39.0,7,3,12,2628
39.0,7,3,13,2636
39.0,7,3,14,2644
39.0,7,3,15,2652
39.0,7,4,0,2540
39.0,7,4,1,2549
39.0,7,4,2,2557
39.0,7,4,3,2565
39.0,7,4,4,2573
39.0,7,4,5,2581
39.0,7,4,6,2589
39.0,7,4,7,2597
39.0,7,4,8,2605
39.0,7,4,9,2613
39.0,7,4,10,2621
39.0,7,4,11,2629
39.0,7,4,12,2637
39.0,7,4,13,2645
39.0,7,4,14,2653
39.0,7,4,15,2660
39.0,7,5,0,2549
39.0,7,5,1,2557
39.0,7,5,2,2565
39.0,7,5,3,2573
39.0,7,5,4,2581
39.0,7,5,5,2589
39.0,7,5,6,2598
39.0,7,5,7,2606
39.0,7,5,8,2614
39.0,7,5,9,2622
39.0,7,5,10,2630
39.0,7,5,11,2638
39.0,7,5,12,2646
39.0,7,5,13,2653
39.0,7,5,14,2661
39.0,7,5,15,2669
39.0,7,6,0,2557
39.0,7,6,1,2565
39.0,7,6,2,2573
39.0,7,6,3,2582
39.0,7,6,4,2590
39.0,7,6,5,2598
39.0,7,6,6,2606
39.0,7,6,7,2614
39.0,7,6,8,2622
39.0,7,6,9,2630
39.0,7,6,10,2638
39.0,7,6,11,2646
39.0,7,6,12,2654
39.0,7,6,13,2662
39.0,7,6,14,2670
39.0,7,6,15,2678
39.0,7,7,0,2565
39.0,7,7,1,2573
39.0,7,7,2,2582
39.0,7,7,3,2590
39.0,7,7,4,2598
39.0,7,7,5,2606
39.0,7,7,6,2614
39.0,7,7,7,2622
39.0,7,7,8,2631
39.0,7,7,9,2639
39.0,7,7,10,2647
39.0,7,7,11,2655
39.0,7,7,12,2663
39.0,7,7,13,2671
39.0,7,7,14,2679
39.0,7,7,15,2686
39.0,7,8,0,2573
39.0,7,8,1,2582
39.0,7,8,2,2590
39.0,7,8,3,2598
39.0,7,8,4,2606
39.0,7,8,5,2615
39.0,7,8,6,2623
39.0,7,8,7,2631
39.0,7,8,8,2639
39.0,7,8,9,2647
39.0,7,8,10,2655
39.0,7,8,11,2663
39.0,7,8,12,2671
39.0,7,8,13,2679
39.0,7,8,14,2687
39.0,7,8,15,2695
39.0,7,9,0,2582
39.0,7,9,1,2590
39.0,7,9,2,2598
39.0,7,9,3,2606
39.0,7,9,4,2615
39.0,7,9,5,2623
39.0,7,9,6,2631
39.0,7,9,7,2639
39.0,7,9,8,2647
39.0,7,9,9,2655
39.0,7,9,10,2664
39.0,7,9,11,2672
39.0,7,9,12,2680
39.0,7,9,13,2688
39.0,7,9,14,2696
39.0,7,9,15,2704
39.0,7,10,0,2590
39.0,7,10,1,2598
39.0,7,10,2,2606
39.0,7,10,3,2615
39.0,7,10,4,2623
39.0,7,10,5,2631
39.0,7,10,6,2639
39.0,7,10,7,2648
39.0,7,10,8,2656
39.0,7,10,9,2664
39.0,7,10,10,2672
39.0,7,10,11,2680
39.0,7,10,12,2688
39.0,7,10,13,2696
39.0,7,10,14,2704
39.0,7,10,15,2712
39.0,7,11,0,2598
39.0,7,11,1,2606
39.0,7,11,2,2615
39.0,7,11,3,2623
39.0,7,11,4,2631
39.0,7,11,5,2639
39.0,7,11,6,2648
39.0,7,11,7,2656
39.0,7,11,8,2664
39.0,7,11,9,2672
39.0,7,11,10,2680
39.0,7,11,11,2688
39.0,7,11,12,2697
39.0,7,11,13,2705
39.0,7,11,14,2713
39.0,7,11,15,2721
39.0,7,12,0,2606
39.0,7,12,1,2614
39.0,7,12,2,2623
39.0,7,12,3,2631
39.0,7,12,4,2639
39.0,7,12,5,2648
39.0,7,12,6,2656
39.0,7,12,7,2664
39.0,7,12,8,2672
39.0,7,12,9,2681
39.0,7,12,10,2689
39.0,7,12,11,2697
39.0,7,12,12,2705
39.0,7,12,13,2713
39.0,7,12,14,2721
39.0,7,12,15,2729
39.0,7,13,0,2614
39.0,7,13,1,2622
39.0,7,13,2,2631
39.0,7,13,3,2639
39.0,7,13,4,2648
39.0,7,13,5,2656
39.0,7,13,6,2664
39.0,7,13,7,2672
39.0,7,13,8,2681
39.0,7,13,9,2689
39.0,7,13,10,2697
39.0,7,13,11,2705
39.0,7,13,12,2713
39.0,7,13,13,2721
39.0,7,13,14,2730
39.0,7,13,15,2738
39.0,7,14,0,2622
39.0,7,14,1,2631
39.0,7,14,2,2639
39.0,7,14,3,2647
39.0,7,14,4,2656
39.0,7,14,5,2664
39.0,7,14,6,2672
39.0,7,14,7,2681
39.0,7,14,8,2689
39.0,7,14,9,2697
39.0,7,14,10,2705
39.0,7,14,11,2714
39.0,7,14,12,2722
39.0,7,14,13,2730
39.0,7,14,14,2738
39.0,7,14,15,2746
39.0,7,15,0,2630
39.0,7,15,1,2639
39.0,7,15,2,2647
39.0,7,15,3,2655
39.0,7,15,4,2664
39.0,7,15,5,2672
39.0,7,15,6,2681
39.0,7,15,7,2689
39.0,7,15,8,2697
39.0,7,15,9,2705
39.0,7,15,10,2714
39.0,7,15,11,2722
39.0,7,15,12,2730
39.0,7,15,13,2738
39.0,7,15,14,2746
39.0,7,15,15,2754
39.0,8,0,0,2516
39.0,8,0,1,2524
39.0,8,0,2,2532
39.0,8,0,3,2541
39.0,8,0,4,2549
39.0,8,0,5,2557
39.0,8,0,6,2565
39.0,8,0,7,2573
39.0,8,0,8,2580
39.0,8,0,9,2588
39.0,8,0,10,2596
39.0,8,0,11,2604
39.0,8,0,12,2612
39.0,8,0,13,2620
39.0,8,0,14,2628
39.0,8,0,15,2635
39.0,8,1,0,2525
39.0,8,1,1,2533
39.0,8,1,2,2541
39.0,8,1,3,2549
39.0,8,1,4,2557
39.0,8,1,5,2565
39.0,8,1,6,2573
39.0,8,1,7,2581
39.0,8,1,8,2589
39.0,8,1,9,2597
39.0,8,1,10,2605
39.0,8,1,11,2613
39.0,8,1,12,2621
39.0,8,1,13,2628
39.0,8,1,14,2636
39.0,8,1,15,2644
39.0,8,2,0,2533
39.0,8,2,1,2541
39.0,8,2,2,2549
39.0,8,2,3,2558
39.0,8,2,4,2566
39.0,8,2,5,2574
39.0,8,2,6,2582
39.0,8,2,7,2590
39.0,8,2,8,2598
39.0,8,2,9,2606
39.0,8,2,10,2614
39.0,8,2,11,2621
39.0,8,2,12,2629
39.0,8,2,13,2637
39.0,8,2,14,2645
39.0,8,2,15,2653
39.0,8,3,0,2542
39.0,8,3,1,2550
39.0,8,3,2,2558
39.0,8,3,3,2566
39.0,8,3,4,2574
39.0,8,3,5,2582
39.0,8,3,6,2590
39.0,8,3,7,2598
39.0,8,3,8,2606
39.0,8,3,9,2614
39.0,8,3,10,2622
39.0,8,3,11,2630
39.0,8,3,12,2638
39.0,8,3,13,2646
39.0,8,3,14,2654
39.0,8,3,15,2662
39.0,8,4,0,2550
39.0,8,4,1,2558
39.0,8,4,2,2566
39.0,8,4,3,2574
39.0,8,4,4,2583
39.0,8,4,5,2591
39.0,8,4,6,2599
39.0,8,4,7,2607
39.0,8,4,8,2615
39.0,8,4,9,2623
39.0,8,4,10,2631
39.0,8,4,11,2639
39.0,8,4,12,2647
39.0,8,4,13,2655
39.0,8,4,14,2663
39.0,8,4,15,2670
39.0,8,5,0,2558
39.0,8,5,1,2566
39.0,8,5,2,2575
39.0,8,5,3,2583
39.0,8,5,4,2591
39.0,8,5,5,2599
39.0,8,5,6,2607
39.0,8,5,7,2615
39.0,8,5,8,2623
39.0,8,5,9,2631
39.0,8,5,10,2639
39.0,8,5,11,2647
39.0,8,5,12,2655
39.0,8,5,13,2663
39.0,8,5,14,2671
39.0,8,5,15,2679
39.0,8,6,0,2566
39.0,8,6,1,2575
39.0,8,6,2,2583
39.0,8,6,3,2591
39.0,8,6,4,2599
39.0,8,6,5,2608
39.0,8,6,6,2616
39.0,8,6,7,2624
39.0,8,6,8,2632
39.0,8,6,9,2640
39.0,8,6,10,2648
39.0,8,6,11,2656
39.0,8,6,12,2664
39.0,8,6,13,2672
39.0,8,6,14,2680
39.0,8,6,15,2688
39.0,8,7,0,2575
39.0,8,7,1,2583
39.0,8,7,2,2591
39.0,8,7,3,2600
39.0,8,7,4,2608
39.0,8,7,5,2616
39.0,8,7,6,2624
39.0,8,7,7,2632
39.0,8,7,8,2640
39.0,8,7,9,2648
39.0,8,7,10,2657
39.0,8,7,11,2665
39.0,8,7,12,2673
39.0,8,7,13,2681
39.0,8,7,14,2689
39.0,8,7,15,2696
39.0,8,8,0,2583
39.0,8,8,1,2591
39.0,8,8,2,2600
39.0,8,8,3,2608
39.0,8,8,4,2616
39.0,8,8,5,2624
39.0,8,8,6,2633
39.0,8,8,7,2641
39.0,8,8,8,2649
39.0,8,8,9,2657
39.0,8,8,10,2665
39.0,8,8,11,2673
39.0,8,8,12,2681
39.0,8,8,13,2689
39.0,8,8,14,2697
39.0,8,8,15,2705
39.0,8,9,0,2591
39.0,8,9,1,2600
39.0,8,9,2,2608
39.0,8,9,3,2616
39.0,8,9,4,2624
39.0,8,9,5,2633
39.0,8,9,6,2641
39.0,8,9,7,2649
39.0,8,9,8,2657
39.0,8,9,9,2665
39.0,8,9,10,2673
39.0,8,9,11,2682
39.0,8,9,12,2690
39.0,8,9,13,2698
39.0,8,9,14,2706
39.0,8,9,15,2714
39.0,8,10,0,2599
39.0,8,10,1,2608
39.0,8,10,2,2616
39.0,8,10,3,2624
39.0,8,10,4,2633
39.0,8,10,5,2641
39.0,8,10,6,2649
39.0,8,10,7,2657
39.0,8,10,8,2666
39.0,8,10,9,2674
39.0,8,10,10,2682
39.0,8,10,11,2690
39.0,8,10,12,2698
39.0,8,10,13,2706
39.0,8,10,14,2714
39.0,8,10,15,2722
39.0,8,11,0,2608
39.0,8,11,1,2616
39.0,8,11,2,2624
39.0,8,11,3,2633
39.0,8,11,4,2641
39.0,8,11,5,2649
39.0,8,11,6,2658
39.0,8,11,7,2666
39.0,8,11,8,2674
39.0,8,11,9,2682
39.0,8,11,10,2690
39.0,8,11,11,2699
39.0,8,11,12,2707
39.0,8,11,13,2715
39.0,8,11,14,2723
39.0,8,11,15,2731
39.0,8,12,0,2616
39.0,8,12,1,2624
39.0,8,12,2,2633
39.0,8,12,3,2641
39.0,8,12,4,2649
39.0,8,12,5,2658
39.0,8,12,6,2666
39.0,8,12,7,2674
39.0,8,12,8,2682
39.0,8,12,9,2691
39.0,8,12,10,2699
39.0,8,12,11,2707
39.0,8,12,12,2715
39.0,8,12,13,2723
39.0,8,12,14,2731
39.0,8,12,15,2739
39.0,8,13,0,2624
39.0,8,13,1,2632
39.0,8,13,2,2641
39.0,8,13,3,2649
39.0,8,13,4,2657
39.0,8,13,5,2666
39.0,8,13,6,2674
39.0,8,13,7,2682
39.0,8,13,8,2691
39.0,8,13,9,2699
39.0,8,13,10,2707
39.0,8,13,11,2715
39.0,8,13,12,2723
39.0,8,13,13,2732
39.0,8,13,14,2740
39.0,8,13,15,2748
39.0,8,14,0,2632
39.0,8,14,1,2640
39.0,8,14,2,2649
39.0,8,14,3,2657
39.0,8,14,4,2666
39.0,8,14,5,2674
39.0,8,14,6,2682
39.0,8,14,7,2691
39.0,8,14,8,2699
39.0,8,14,9,2707
39.0,8,14,10,2715
39.0,8,14,11,2724
39.0,8,14,12,2732
39.0,8,14,13,2740
39.0,8,14,14,2748
39.0,8,14,15,2756
39.0,8,15,0,2640
39.0,8,15,1,2648
39.0,8,15,2,2657
39.0,8,15,3,2665
39.0,8,15,4,2674
39.0,8,15,5,2682
39.0,8,15,6,2691
39.0,8,15,7,2699
39.0,8,15,8,2707
39.0,8,15,9,2716
39.0,8,15,10,2724
39.0,8,15,11,2732
39.0,8,15,12,2740
39.0,8,15,13,2748
39.0,8,15,14,2757
39.0,8,15,15,2765
39.0,9,0,0,2526
39.0,9,0,1,2534
39.0,9,0,2,2542
39.0,9,0,3,2550
39.0,9,0,4,2558
39.0,9,0,5,2566
39.0,9,0,6,2574
39.0,9,0,7,2582
39.0,9,0,8,2590
39.0,9,0,9,2598
39.0,9,0,10,2606
39.0,9,0,11,2614
39.0,9,0,12,2622
39.0,9,0,13,2629
39.0,9,0,14,2637
39.0,9,0,15,2645
39.0,9,1,0,2534
39.0,9,1,1,2542
39.0,9,1,2,2550
39.0,9,1,3,2559
39.0,9,1,4,2567
39.0,9,1,5,2575
39.0,9,1,6,2583
39.0,9,1,7,2591
39.0,9,1,8,2599
39.0,9,1,9,2607
39.0,9,1,10,2615
39.0,9,1,11,2623
39.0,9,1,12,2630
39.0,9,1,13,2638
39.0,9,1,14,2646
39.0,9,1,15,2654
39.0,9,2,0,2543
39.0,9,2,1,2551
39.0,9,2,2,2559
39.0,9,2,3,2567
39.0,9,2,4,2575
39.0,9,2,5,2583
39.0,9,2,6,2591
39.0,9,2,7,2599
39.0,9,2,8,2607
39.0,9,2,9,2615
39.0,9,2,10,2623
39.0,9,2,11,2631
39.0,9,2,12,2639
39.0,9,2,13,2647
39.0,9,2,14,2655
39.0,9,2,15,2663
39.0,9,3,0,2551
39.0,9,3,1,2559
39.0,9,3,2,2567
39.0,9,3,3,2576
39.0,9,3,4,2584
39.0,9,3,5,2592
39.0,9,3,6,2600
39.0,9,3,7,2608
39.0,9,3,8,2616
39.0,9,3,9,2624
39.0,9,3,10,2632
39.0,9,3,11,2640
39.0,9,3,12,2648
39.0,9,3,13,2656
39.0,9,3,14,2664
39.0,9,3,15,2672
39.0,9,4,0,2559
39.0,9,4,1,2568
39.0,9,4,2,2576
39.0,9,4,3,2584
39.0,9,4,4,2592
39.0,9,4,5,2600
39.0,9,4,6,2608
39.0,9,4,7,2617
39.0,9,4,8,2625
39.0,9,4,9,2633
39.0,9,4,10,2641
39.0,9,4,11,2649
39.0,9,4,12,2657
39.0,9,4,13,2665
39.0,9,4,14,2672
39.0,9,4,15,2680
39.0,9,5,0,2568
39.0,9,5,1,2576
39.0,9,5,2,2584
39.0,9,5,3,2592
39.0,9,5,4,2601
39.0,9,5,5,2609
39.0,9,5,6,2617
39.0,9,5,7,2625
39.0,9,5,8,2633
39.0,9,5,9,2641
39.0,9,5,10,2649
39.0,9,5,11,2657
39.0,9,5,12,2665
39.0,9,5,13,2673
39.0,9,5,14,2681
39.0,9,5,15,2689
39.0,9,6,0,2576
39.0,9,6,1,2584
39.0,9,6,2,2593
39.0,9,6,3,2601
39.0,9,6,4,2609
39.0,9,6,5,2617
39.0,9,6,6,2625
39.0,9,6,7,2634
39.0,9,6,8,2642
39.0,9,6,9,2650
39.0,9,6,10,2658
39.0,9,6,11,2666
39.0,9,6,12,2674
39.0,9,6,13,2682
39.0,9,6,14,2690
39.0,9,6,15,2698
39.0,9,7,0,2584
39.0,9,7,1,2593
39.0,9,7,2,2601
39.0,9,7,3,2609
39.0,9,7,4,2617
39.0,9,7,5,2626
39.0,9,7,6,2634
39.0,9,7,7,2642
39.0,9,7,8,2650
39.0,9,7,9,2658
39.0,9,7,10,2666
39.0,9,7,11,2674
39.0,9,7,12,2683
39.0,9,7,13,2691
39.0,9,7,14,2699
39.0,9,7,15,2706
39.0,9,8,0,2593
39.0,9,8,1,2601
39.0,9,8,2,2609
39.0,9,8,3,2618
39.0,9,8,4,2626
39.0,9,8,5,2634
39.0,9,8,6,2642
39.0,9,8,7,2650
39.0,9,8,8,2659
39.0,9,8,9,2667
39.0,9,8,10,2675
39.0,9,8,11,2683
39.0,9,8,12,2691
39.0,9,8,13,2699
39.0,9,8,14,2707
39.0,9,8,15,2715
39.0,9,9,0,2601
39.0,9,9,1,2609
39.0,9,9,2,2618
39.0,9,9,3,2626
39.0,9,9,4,2634
39.0,9,9,5,2642
39.0,9,9,6,2651
39.0,9,9,7,2659
39.0,9,9,8,2667
39.0,9,9,9,2675
39.0,9,9,10,2683
39.0,9,9,11,2692
39.0,9,9,12,2700
39.0,9,9,13,2708
39.0,9,9,14,2716
39.0,9,9,15,2724
39.0,9,10,0,2609
39.0,9,10,1,2617
39.0,9,10,2,2626
39.0,9,10,3,2634
39.0,9,10,4,2643
39.0,9,10,5,2651
39.0,9,10,6,2659
39.0,9,10,7,2667
39.0,9,10,8,2676
39.0,9,10,9,2684
39.0,9,10,10,2692
39.0,9,10,11,2700
39.0,9,10,12,2708
39.0,9,10,13,2716
39.0,9,10,14,2724
39.0,9,10,15,2732
39.0,9,11,0,2617
39.0,9,11,1,2626
39.0,9,11,2,2634
39.0,9,11,3,2642
39.0,9,11,4,2651
39.0,9,11,5,2659
39.0,9,11,6,2667
39.0,9,11,7,2676
39.0,9,11,8,2684
39.0,9,11,9,2692
39.0,9,11,10,2700
39.0,9,11,11,2709
39.0,9,11,12,2717
39.0,9,11,13,2725
39.0,9,11,14,2733
39.0,9,11,15,2741
39.0,9,12,0,2625
39.0,9,12,1,2634
39.0,9,12,2,2642
39.0,9,12,3,2651
39.0,9,12,4,2659
39.0,9,12,5,2667
39.0,9,12,6,2676
39.0,9,12,7,2684
39.0,9,12,8,2692
39.0,9,12,9,2701
39.0,9,12,10,2709
39.0,9,12,11,2717
39.0,9,12,12,2725
39.0,9,12,13,2733
39.0,9,12,14,2741
39.0,9,12,15,2750
39.0,9,13,0,2634
39.0,9,13,1,2642
39.0,9,13,2,2650
39.0,9,13,3,2659
39.0,9,13,4,2667
39.0,9,13,5,2676
39.0,9,13,6,2684
39.0,9,13,7,2692
39.0,9,13,8,2701
39.0,9,13,9,2709
39.0,9,13,10,2717
39.0,9,13,11,2725
39.0,9,13,12,2734
39.0,9,13,13,2742
39.0,9,13,14,2750
39.0,9,13,15,2758
39.0,9,14,0,2642
39.0,9,14,1,2650
39.0,9,14,2,2659
39.0,9,14,3,2667
39.0,9,14,4,2676
39.0,9,14,5,2684
39.0,9,14,6,2692
39.0,9,14,7,2701
39.0,9,14,8,2709
39.0,9,14,9,2717
39.0,9,14,10,2726
39.0,9,14,11,2734
39.0,9,14,12,2742
39.0,9,14,13,2750
39.0,9,14,14,2758
39.0,9,14,15,2767
39.0,9,15,0,2650
39.0,9,15,1,2658
39.0,9,15,2,2667
39.0,9,15,3,2675
39.0,9,15,4,2684
39.0,9,15,5,2692
39.0,9,15,6,2701
39.0,9,15,7,2709
39.0,9,15,8,2717
39.0,9,15,9,2726
39.0,9,15,10,2734
39.0,9,15,11,2742
39.0,9,15,12,2750
39.0,9,15,13,2759
39.0,9,15,14,2767
39.0,9,15,15,2775
39.0,10,0,0,2535
39.0,10,0,1,2543
39.0,10,0,2,2551
39.0,10,0,3,2559
39.0,10,0,4,2568
39.0,10,0,5,2576
39.0,10,0,6,2584
39.0,10,0,7,2592
39.0,10,0,8,2600
39.0,10,0,9,2608
39.0,10,0,10,2616
39.0,10,0,11,2623
39.0,10,0,12,2631
39.0,10,0,13,2639
39.0,10,0,14,2647
39.0,10,0,15,2655
39.0,10,1,0,2544
39.0,10,1,1,2552
39.0,10,1,2,2560
39.0,10,1,3,2568
39.0,10,1,4,2576
39.0,10,1,5,2584
39.0,10,1,6,2592
39.0,10,1,7,2600
39.0,10,1,8,2608
39.0,10,1,9,2616
39.0,10,1,10,2624
39.0,10,1,11,2632
39.0,10,1,12,2640
39.0,10,1,13,2648
39.0,10,1,14,2656
39.0,10,1,15,2664
39.0,10,2,0,2552
39.0,10,2,1,2560
39.0,10,2,2,2568
39.0,10,2,3,2577
39.0,10,2,4,2585
39.0,10,2,5,2593
39.0,10,2,6,2601
39.0,10,2,7,2609
39.0,10,2,8,2617
39.0,10,2,9,2625
39.0,10,2,10,2633
39.0,10,2,11,2641
39.0,10,2,12,2649
39.0,10,2,13,2657
39.0,10,2,14,2665
39.0,10,2,15,2673
39.0,10,3,0,2560
39.0,10,3,1,2569
39.0,10,3,2,2577
39.0,10,3,3,2585
39.0,10,3,4,2593
39.0,10,3,5,2601
39.0,10,3,6,2610
39.0,10,3,7,2618
39.0,10,3,8,2626
39.0,10,3,9,2634
39.0,10,3,10,2642
39.0,10,3,11,2650
39.0,10,3,12,2658
39.0,10,3,13,2666
39.0,10,3,14,2674
39.0,10,3,15,2681
39.0,10,4,0,2569
39.0,10,4,1,2577
39.0,10,4,2,2585
39.0,10,4,3,2594
39.0,10,4,4,2602
39.0,10,4,5,2610
39.0,10,4,6,2618
39.0,10,4,7,2626
39.0,10,4,8,2634
39.0,10,4,9,2642
39.0,10,4,10,2650
39.0,10,4,11,2658
39.0,10,4,12,2666
39.0,10,4,13,2674
39.0,10,4,14,2682
39.0,10,4,15,2690
39.0,10,5,0,2577
39.0,10,5,1,2586
39.0,10,5,2,2594
39.0,10,5,3,2602
39.0,10,5,4,2610
39.0,10,5,5,2618
39.0,10,5,6,2627
39.0,10,5,7,2635
39.0,10,5,8,2643
39.0,10,5,9,2651
39.0,10,5,10,2659
39.0,10,5,11,2667
39.0,10,5,12,2675
39.0,10,5,13,2683
39.0,10,5,14,2691
39.0,10,5,15,2699
39.0,10,6,0,2586
39.0,10,6,1,2594
39.0,10,6,2,2602
39.0,10,6,3,2610
39.0,10,6,4,2619
39.0,10,6,5,2627
39.0,10,6,6,2635
39.0,10,6,7,2643
39.0,10,6,8,2651
39.0,10,6,9,2660
39.0,10,6,10,2668
39.0,10,6,11,2676
39.0,10,6,12,2684
39.0,10,6,13,2692
39.0,10,6,14,2700
39.0,10,6,15,2708
39.0,10,7,0,2594
39.0,10,7,1,2602
39.0,10,7,2,2611
39.0,10,7,3,2619
39.0,10,7,4,2627
39.0,10,7,5,2635
39.0,10,7,6,2644
39.0,10,7,7,2652
39.0,10,7,8,2660
39.0,10,7,9,2668
39.0,10,7,10,2676
39.0,10,7,11,2684
39.0,10,7,12,2692
39.0,10,7,13,2700
39.0,10,7,14,2709
39.0,10,7,15,2717
39.0,10,8,0,2602
39.0,10,8,1,2611
39.0,10,8,2,2619
39.0,10,8,3,2627
39.0,10,8,4,2636
39.0,10,8,5,2644
39.0,10,8,6,2652
39.0,10,8,7,2660
39.0,10,8,8,2669
39.0,10,8,9,2677
39.0,10,8,10,2685
39.0,10,8,11,2693
39.0,10,8,12,2701
39.0,10,8,13,2709
39.0,10,8,14,2717
39.0,10,8,15,2725
39.0,10,9,0,2610
39.0,10,9,1,2619
39.0,10,9,2,2627
39.0,10,9,3,2636
39.0,10,9,4,2644
39.0,10,9,5,2652
39.0,10,9,6,2661
39.0,10,9,7,2669
39.0,10,9,8,2677
39.0,10,9,9,2685
39.0,10,9,10,2693
39.0,10,9,11,2702
39.0,10,9,12,2710
39.0,10,9,13,2718
39.0,10,9,14,2726
39.0,10,9,15,2734
39.0,10,10,0,2619
39.0,10,10,1,2627
39.0,10,10,2,2636
39.0,10,10,3,2644
39.0,10,10,4,2652
39.0,10,10,5,2661
39.0,10,10,6,2669
39.0,10,10,7,2677
39.0,10,10,8,2685
39.0,10,10,9,2694
39.0,10,10,10,2702
39.0,10,10,11,2710
39.0,10,10,12,2718
39.0,10,10,13,2726
39.0,10,10,14,2734
39.0,10,10,15,2743
39.0,10,11,0,2627
39.0,10,11,1,2635
39.0,10,11,2,2644
39.0,10,11,3,2652
39.0,10,11,4,2661
39.0,10,11,5,2669
39.0,10,11,6,2677
39.0,10,11,7,2686
39.0,10,11,8,2694
39.0,10,11,9,2702
39.0,10,11,10,2710
39.0,10,11,11,2719
39.0,10,11,12,2727
39.0,10,11,13,2735
39.0,10,11,14,2743
39.0,10,11,15,2751
39.0,10,12,0,2635
39.0,10,12,1,2644
39.0,10,12,2,2652
39.0,10,12,3,2661
39.0,10,12,4,2669
39.0,10,12,5,2677
39.0,10,12,6,2686
39.0,10,12,7,2694
39.0,10,12,8,2702
39.0,10,12,9,2711
39.0,10,12,10,2719
39.0,10,12,11,2727
39.0,10,12,12,2735
39.0,10,12,13,2743
39.0,10,12,14,2752
39.0,10,12,15,2760
39.0,10,13,0,2643
39.0,10,13,1,2652
39.0,10,13,2,2660
39.0,10,13,3,2669
39.0,10,13,4,2677
39.0,10,13,5,2686
39.0,10,13,6,2694
39.0,10,13,7,2702
39.0,10,13,8,2711
39.0,10,13,9,2719
39.0,10,13,10,2727
39.0,10,13,11,2736
39.0,10,13,12,2744
39.0,10,13,13,2752
39.0,10,13,14,2760
39.0,10,13,15,2768
39.0,10,14,0,2651
39.0,10,14,1,2660
39.0,10,14,2,2669
39.0,10,14,3,2677
39.0,10,14,4,2685
39.0,10,14,5,2694
39.0,10,14,6,2702
39.0,10,14,7,2711
39.0,10,14,8,2719
39.0,10,14,9,2727
39.0,10,14,10,2736
39.0,10,14,11,2744
39.0,10,14,12,2752
39.0,10,14,13,2760
39.0,10,14,14,2769
39.0,10,14,15,2777
39.0,10,15,0,2660
39.0,10,15,1,2668
39.0,10,15,2,2677
39.0,10,15,3,2685
39.0,10,15,4,2694
39.0,10,15,5,2702
39.0,10,15,6,2711
39.0,10,15,7,2719
39.0,10,15,8,2727
39.0,10,15,9,2736
39.0,10,15,10,2744
39.0,10,15,11,2752
39.0,10,15,12,2761
39.0,10,15,13,2769
39.0,10,15,14,2777
39.0,10,15,15,2785
39.0,11,0,0,2544
39.0,11,0,1,2553
39.0,11,0,2,2561
39.0,11,0,3,2569
39.0,11,0,4,2577
39.0,11,0,5,2585
39.0,11,0,6,2593
39.0,11,0,7,2601
39.0,11,0,8,2609
39.0,11,0,9,2617
39.0,11,0,10,2625
39.0,11,0,11,2633
39.0,11,0,12,2641
39.0,11,0,13,2649
39.0,11,0,14,2657
39.0,11,0,15,2665
39.0,11,1,0,2553
39.0,11,1,1,2561
39.0,11,1,2,2569
39.0,11,1,3,2577
39.0,11,1,4,2586
39.0,11,1,5,2594
39.0,11,1,6,2602
39.0,11,1,7,2610
39.0,11,1,8,2618
39.0,11,1,9,2626
39.0,11,1,10,2634
39.0,11,1,11,2642
39.0,11,1,12,2650
39.0,11,1,13,2658
39.0,11,1,14,2666
39.0,11,1,15,2674
39.0,11,2,0,2561
39.0,11,2,1,2570
39.0,11,2,2,2578
39.0,11,2,3,2586
39.0,11,2,4,2594
39.0,11,2,5,2602
39.0,11,2,6,2611
39.0,11,2,7,2619
39.0,11,2,8,2627
39.0,11,2,9,2635
39.0,11,2,10,2643
39.0,11,2,11,2651
39.0,11,2,12,2659
39.0,11,2,13,2667
39.0,11,2,14,2675
39.0,11,2,15,2682
39.0,11,3,0,2570
39.0,11,3,1,2578
39.0,11,3,2,2586
39.0,11,3,3,2595
39.0,11,3,4,2603
39.0,11,3,5,2611
39.0,11,3,6,2619
39.0,11,3,7,2627
39.0,11,3,8,2635
39.0,11,3,9,2643
39.0,11,3,10,2651
39.0,11,3,11,2660
39.0,11,3,12,2668
39.0,11,3,13,2675
39.0,11,3,14,2683
39.0,11,3,15,2691
39.0,11,4,0,2578
39.0,11,4,1,2587
39.0,11,4,2,2595
39.0,11,4,3,2603
39.0,11,4,4,2611
39.0,11,4,5,2620
39.0,11,4,6,2628
39.0,11,4,7,2636
39.0,11,4,8,2644
39.0,11,4,9,2652
39.0,11,4,10,2660
39.0,11,4,11,2668
39.0,11,4,12,2676
39.0,11,4,13,2684
39.0,11,4,14,2692
39.0,11,4,15,2700
39.0,11,5,0,2587
39.0,11,5,1,2595
39.0,11,5,2,2603
39.0,11,5,3,2612
39.0,11,5,4,2620
39.0,11,5,5,2628
39.0,11,5,6,2636
39.0,11,5,7,2644
39.0,11,5,8,2653
39.0,11,5,9,2661
39.0,11,5,10,2669
39.0,11,5,11,2677
39.0,11,5,12,2685
39.0,11,5,13,2693
39.0,11,5,14,2701
39.0,11,5,15,2709
39.0,11,6,0,2595
39.0,11,6,1,2603
39.0,11,6,2,2612
39.0,11,6,3,2620
39.0,11,6,4,2628
39.0,11,6,5,2637
39.0,11,6,6,2645
39.0,11,6,7,2653
39.0,11,6,8,2661
39.0,11,6,9,2669
39.0,11,6,10,2678
39.0,11,6,11,2686
39.0,11,6,12,2694
39.0,11,6,13,2702
39.0,11,6,14,2710
39.0,11,6,15,2718
39.0,11,7,0,2603
39.0,11,7,1,2612
39.0,11,7,2,2620
39.0,11,7,3,2629
39.0,11,7,4,2637
39.0,11,7,5,2645
39.0,11,7,6,2653
39.0,11,7,7,2662
39.0,11,7,8,2670
39.0,11,7,9,2678
39.0,11,7,10,2686
39.0,11,7,11,2694
39.0,11,7,12,2702
39.0,11,7,13,2710
39.0,11,7,14,2719
39.0,11,7,15,2727
39.0,11,8,0,2612
39.0,11,8,1,2620
39.0,11,8,2,2629
39.0,11,8,3,2637
39.0,11,8,4,2645
39.0,11,8,5,2654
39.0,11,8,6,2662
39.0,11,8,7,2670
39.0,11,8,8,2678
39.0,11,8,9,2687
39.0,11,8,10,2695
39.0,11,8,11,2703
39.0,11,8,12,2711
39.0,11,8,13,2719
39.0,11,8,14,2727
39.0,11,8,15,2735
39.0,11,9,0,2620
39.0,11,9,1,2629
39.0,11,9,2,2637
39.0,11,9,3,2645
39.0,11,9,4,2654
39.0,11,9,5,2662
39.0,11,9,6,2670
39.0,11,9,7,2679
39.0,11,9,8,2687
39.0,11,9,9,2695
39.0,11,9,10,2703
39.0,11,9,11,2711
39.0,11,9,12,2720
39.0,11,9,13,2728
39.0,11,9,14,2736
39.0,11,9,15,2744
39.0,11,10,0,2628
39.0,11,10,1,2637
39.0,11,10,2,2645
39.0,11,10,3,2654
39.0,11,10,4,2662
39.0,11,10,5,2670
39.0,11,10,6,2679
39.0,11,10,7,2687
39.0,11,10,8,2695
39.0,11,10,9,2704
39.0,11,10,10,2712
39.0,11,10,11,2720
39.0,11,10,12,2728
39.0,11,10,13,2736
39.0,11,10,14,2745
39.0,11,10,15,2753
39.0,11,11,0,2637
39.0,11,11,1,2645
39.0,11,11,2,2654
39.0,11,11,3,2662
39.0,11,11,4,2670
39.0,11,11,5,2679
39.0,11,11,6,2687
39.0,11,11,7,2696
39.0,11,11,8,2704
39.0,11,11,9,2712
39.0,11,11,10,2720
39.0,11,11,11,2729
39.0,11,11,12,2737
39.0,11,11,13,2745
39.0,11,11,14,2753
39.0,11,11,15,2761
39.0,11,12,0,2645
39.0,11,12,1,2653
39.0,11,12,2,2662
39.0,11,12,3,2670
39.0,11,12,4,2679
39.0,11,12,5,2687
39.0,11,12,6,2696
39.0,11,12,7,2704
39.0,11,12,8,2712
39.0,11,12,9,2721
39.0,11,12,10,2729
39.0,11,12,11,2737
39.0,11,12,12,2745
39.0,11,12,13,2754
39.0,11,12,14,2762
39.0,11,12,15,2770
39.0,11,13,0,2653
39.0,11,13,1,2662
39.0,11,13,2,2670
39.0,11,13,3,2679
39.0,11,13,4,2687
39.0,11,13,5,2696
39.0,11,13,6,2704
39.0,11,13,7,2712
39.0,11,13,8,2721
39.0,11,13,9,2729
39.0,11,13,10,2737
39.0,11,13,11,2746
39.0,11,13,12,2754
39.0,11,13,13,2762
39.0,11,13,14,2770
39.0,11,13,15,2778
39.0,11,14,0,2661
39.0,11,14,1,2670
39.0,11,14,2,2678
39.0,11,14,3,2687
39.0,11,14,4,2695
39.0,11,14,5,2704
39.0,11,14,6,2712
39.0,11,14,7,2721
39.0,11,14,8,2729
39.0,11,14,9,2737
39.0,11,14,10,2746
39.0,11,14,11,2754
39.0,11,14,12,2762
39.0,11,14,13,2771
39.0,11,14,14,2779
39.0,11,14,15,2787
39.0,11,15,0,2669
39.0,11,15,1,2678
39.0,11,15,2,2687
39.0,11,15,3,2695
39.0,11,15,4,2704
39.0,11,15,5,2712
39.0,11,15,6,2721
39.0,11,15,7,2729
39.0,11,15,8,2737
39.0,11,15,9,2746
39.0,11,15,10,2754
39.0,11,15,11,2763
39.0,11,15,12,2771
39.0,11,15,13,2779
39.0,11,15,14,2787
39.0,11,15,15,2796
39.0,12,0,0,2554
39.0,12,0,1,2562
39.0,12,0,2,2570
39.0,12,0,3,2578
39.0,12,0,4,2586
39.0,12,0,5,2595
39.0,12,0,6,2603
39.0,12,0,7,2611
39.0,12,0,8,2619
39.0,12,0,9,2627
39.0,12,0,10,2635
39.0,12,0,11,2643
39.0,12,0,12,2651
39.0,12,0,13,2659
39.0,12,0,14,2667
39.0,12,0,15,2674
39.0,12,1,0,2562
39.0,12,1,1,2571
39.0,12,1,2,2579
39.0,12,1,3,2587
39.0,12,1,4,2595
39.0,12,1,5,2603
39.0,12,1,6,2611
39.0,12,1,7,2620
39.0,12,1,8,2628
39.0,12,1,9,2636
39.0,12,1,10,2644
39.0,12,1,11,2652
39.0,12,1,12,2660
39.0,12,1,13,2668
39.0,12,1,14,2676
39.0,12,1,15,2683
39.0,12,2,0,2571
39.0,12,2,1,2579
39.0,12,2,2,2587
39.0,12,2,3,2596
39.0,12,2,4,2604
39.0,12,2,5,2612
39.0,12,2,6,2620
39.0,12,2,7,2628
39.0,12,2,8,2636
39.0,12,2,9,2644
39.0,12,2,10,2652
39.0,12,2,11,2660
39.0,12,2,12,2668
39.0,12,2,13,2676
39.0,12,2,14,2684
39.0,12,2,15,2692
39.0,12,3,0,2579
39.0,12,3,1,2588
39.0,12,3,2,2596
39.0,12,3,3,2604
39.0,12,3,4,2612
39.0,12,3,5,2621
39.0,12,3,6,2629
39.0,12,3,7,2637
39.0,12,3,8,2645
39.0,12,3,9,2653
39.0,12,3,10,2661
39.0,12,3,11,2669
39.0,12,3,12,2677
39.0,12,3,13,2685
39.0,12,3,14,2693
39.0,12,3,15,2701
39.0,12,4,0,2588
39.0,12,4,1,2596
39.0,12,4,2,2604
39.0,12,4,3,2613
39.0,12,4,4,2621
39.0,12,4,5,2629
39.0,12,4,6,2637
39.0,12,4,7,2646
39.0,12,4,8,2654
39.0,12,4,9,2662
39.0,12,4,10,2670
39.0,12,4,11,2678
39.0,12,4,12,2686
39.0,12,4,13,2694
39.0,12,4,14,2702
39.0,12,4,15,2710
39.0,12,5,0,2596
39.0,12,5,1,2605
39.0,12,5,2,2613
39.0,12,5,3,2621
39.0,12,5,4,2630
39.0,12,5,5,2638
39.0,12,5,6,2646
39.0,12,5,7,2654
39.0,12,5,8,2662
39.0,12,5,9,2671
39.0,12,5,10,2679
39.0,12,5,11,2687
39.0,12,5,12,2695
39.0,12,5,13,2703
39.0,12,5,14,2711
39.0,12,5,15,2719
39.0,12,6,0,2605
39.0,12,6,1,2613
39.0,12,6,2,2621
39.0,12,6,3,2630
39.0,12,6,4,2638
39.0,12,6,5,2646
39.0,12,6,6,2655
39.0,12,6,7,2663
39.0,12,6,8,2671
39.0,12,6,9,2679
39.0,12,6,10,2687
39.0,12,6,11,2696
39.0,12,6,12,2704
39.0,12,6,13,2712
39.0,12,6,14,2720
39.0,12,6,15,2728
39.0,12,7,0,2613
39.0,12,7,1,2621
39.0,12,7,2,2630
39.0,12,7,3,2638
39.0,12,7,4,2647
39.0,12,7,5,2655
39.0,12,7,6,2663
39.0,12,7,7,2671
39.0,12,7,8,2680
39.0,12,7,9,2688
39.0,12,7,10,2696
39.0,12,7,11,2704
39.0,12,7,12,2712
39.0,12,7,13,2720
39.0,12,7,14,2729
39.0,12,7,15,2737
39.0,12,8,0,2621
39.0,12,8,1,2630
39.0,12,8,2,2638
39.0,12,8,3,2647
39.0,12,8,4,2655
39.0,12,8,5,2663
39.0,12,8,6,2672
39.0,12,8,7,2680
39.0,12,8,8,2688
39.0,12,8,9,2696
39.0,12,8,10,2705
39.0,12,8,11,2713
39.0,12,8,12,2721
39.0,12,8,13,2729
39.0,12,8,14,2737
39.0,12,8,15,2745
39.0,12,9,0,2630
39.0,12,9,1,2638
39.0,12,9,2,2647
39.0,12,9,3,2655
39.0,12,9,4,2663
39.0,12,9,5,2672
39.0,12,9,6,2680
39.0,12,9,7,2688
39.0,12,9,8,2697
39.0,12,9,9,2705
39.0,12,9,10,2713
39.0,12,9,11,2721
39.0,12,9,12,2730
39.0,12,9,13,2738
39.0,12,9,14,2746
39.0,12,9,15,2754
39.0,12,10,0,2638
39.0,12,10,1,2647
39.0,12,10,2,2655
39.0,12,10,3,2663
39.0,12,10,4,2672
39.0,12,10,5,2680
39.0,12,10,6,2689
39.0,12,10,7,2697
39.0,12,10,8,2705
39.0,12,10,9,2714
39.0,12,10,10,2722
39.0,12,10,11,2730
39.0,12,10,12,2738
39.0,12,10,13,2746
39.0,12,10,14,2755
39.0,12,10,15,2763
39.0,12,11,0,2646
39.0,12,11,1,2655
39.0,12,11,2,2663
39.0,12,11,3,2672
39.0,12,11,4,2680
39.0,12,11,5,2689
39.0,12,11,6,2697
39.0,12,11,7,2705
39.0,12,11,8,2714
39.0,12,11,9,2722
39.0,12,11,10,2730
39.0,12,11,11,2739
39.0,12,11,12,2747
39.0,12,11,13,2755
39.0,12,11,14,2763
39.0,12,11,15,2771
39.0,12,12,0,2655
39.0,12,12,1,2663
39.0,12,12,2,2672
39.0,12,12,3,2680
39.0,12,12,4,2689
39.0,12,12,5,2697
39.0,12,12,6,2705
39.0,12,12,7,2714
39.0,12,12,8,2722
39.0,12,12,9,2731
39.0,12,12,10,2739
39.0,12,12,11,2747
39.0,12,12,12,2755
39.0,12,12,13,2764
39.0,12,12,14,2772
39.0,12,12,15,2780
39.0,12,13,0,2663
39.0,12,13,1,2671
39.0,12,13,2,2680
39.0,12,13,3,2688
39.0,12,13,4,2697
39.0,12,13,5,2705
39.0,12,13,6,2714
39.0,12,13,7,2722
39.0,12,13,8,2731
39.0,12,13,9,2739
39.0,12,13,10,2747
39.0,12,13,11,2756
39.0,12,13,12,2764
39.0,12,13,13,2772
39.0,12,13,14,2781
39.0,12,13,15,2789
39.0,12,14,0,2671
39.0,12,14,1,2680
39.0,12,14,2,2688
39.0,12,14,3,2697
39.0,12,14,4,2705
39.0,12,14,5,2714
39.0,12,14,6,2722
39.0,12,14,7,2731
39.0,12,14,8,2739
39.0,12,14,9,2747
39.0,12,14,10,2756
39.0,12,14,11,2764
39.0,12,14,12,2773
39.0,12,14,13,2781
39.0,12,14,14,2789
39.0,12,14,15,2797
39.0,12,15,0,2679
39.0,12,15,1,2688
39.0,12,15,2,2696
39.0,12,15,3,2705
39.0,12,15,4,2714
39.0,12,15,5,2722
39.0,12,15,6,2731
39.0,12,15,7,2739
39.0,12,15,8,2747
39.0,12,15,9,2756
39.0,12,15,10,2764
39.0,12,15,11,2773
39.0,12,15,12,2781
39.0,12,15,13,2789
39.0,12,15,14,2798
39.0,12,15,15,2806
39.0,13,0,0,2563
39.0,13,0,1,2571
39.0,13,0,2,2580
39.0,13,0,3,2588
39.0,13,0,4,2596
39.0,13,0,5,2604
39.0,13,0,6,2612
39.0,13,0,7,2620
39.0,13,0,8,2628
39.0,13,0,9,2636
39.0,13,0,10,2644
39.0,13,0,11,2652
39.0,13,0,12,2660
39.0,13,0,13,2668
39.0,13,0,14,2676
39.0,13,0,15,2684
39.0,13,1,0,2572
39.0,13,1,1,2580
39.0,13,1,2,2588
39.0,13,1,3,2596
39.0,13,1,4,2605
39.0,13,1,5,2613
39.0,13,1,6,2621
39.0,13,1,7,2629
39.0,13,1,8,2637
39.0,13,1,9,2645
39.0,13,1,10,2653
39.0,13,1,11,2661
39.0,13,1,12,2669
39.0,13,1,13,2677
39.0,13,1,14,2685
39.0,13,1,15,2693
39.0,13,2,0,2580
39.0,13,2,1,2589
39.0,13,2,2,2597
39.0,13,2,3,2605
39.0,13,2,4,2613
39.0,13,2,5,2622
39.0,13,2,6,2630
39.0,13,2,7,2638
39.0,13,2,8,2646
39.0,13,2,9,2654
39.0,13,2,10,2662
39.0,13,2,11,2670
39.0,13,2,12,2678
39.0,13,2,13,2686
39.0,13,2,14,2694
39.0,13,2,15,2702
39.0,13,3,0,2589
39.0,13,3,1,2597
39.0,13,3,2,2605
39.0,13,3,3,2614
39.0,13,3,4,2622
39.0,13,3,5,2630
39.0,13,3,6,2638
39.0,13,3,7,2647
39.0,13,3,8,2655
39.0,13,3,9,2663
39.0,13,3,10,2671
39.0,13,3,11,2679
39.0,13,3,12,2687
39.0,13,3,13,2695
39.0,13,3,14,2703
39.0,13,3,15,2711
39.0,13,4,0,2597
39.0,13,4,1,2606
39.0,13,4,2,2614
39.0,13,4,3,2622
39.0,13,4,4,2631
39.0,13,4,5,2639
39.0,13,4,6,2647
39.0,13,4,7,2655
39.0,13,4,8,2663
39.0,13,4,9,2672
39.0,13,4,10,2680
39.0,13,4,11,2688
39.0,13,4,12,2696
39.0,13,4,13,2704
39.0,13,4,14,2712
39.0,13,4,15,2720
39.0,13,5,0,2606
39.0,13,5,1,2614
39.0,13,5,2,2623
39.0,13,5,3,2631
39.0,13,5,4,2639
39.0,13,5,5,2647
39.0,13,5,6,2656
39.0,13,5,7,2664
39.0,13,5,8,2672
39.0,13,5,9,2680
39.0,13,5,10,2688
39.0,13,5,11,2697
39.0,13,5,12,2705
39.0,13,5,13,2713
39.0,13,5,14,2721
39.0,13,5,15,2729
39.0,13,6,0,2614
39.0,13,6,1,2623
39.0,13,6,2,2631
39.0,13,6,3,2639
39.0,13,6,4,2648
39.0,13,6,5,2656
39.0,13,6,6,2664
39.0,13,6,7,2673
39.0,13,6,8,2681
39.0,13,6,9,2689
39.0,13,6,10,2697
39.0,13,6,11,2705
39.0,13,6,12,2714
39.0,13,6,13,2722
39.0,13,6,14,2730
39.0,13,6,15,2738
39.0,13,7,0,2623
39.0,13,7,1,2631
39.0,13,7,2,2639
39.0,13,7,3,2648
39.0,13,7,4,2656
39.0,13,7,5,2665
39.0,13,7,6,2673
39.0,13,7,7,2681
39.0,13,7,8,2689
39.0,13,7,9,2698
39.0,13,7,10,2706
39.0,13,7,11,2714
39.0,13,7,12,2722
39.0,13,7,13,2730
39.0,13,7,14,2739
39.0,13,7,15,2747
39.0,13,8,0,2631
39.0,13,8,1,2639
39.0,13,8,2,2648
39.0,13,8,3,2656
39.0,13,8,4,2665
39.0,13,8,5,2673
39.0,13,8,6,2681
39.0,13,8,7,2690
39.0,13,8,8,2698
39.0,13,8,9,2706
39.0,13,8,10,2715
39.0,13,8,11,2723
39.0,13,8,12,2731
39.0,13,8,13,2739
39.0,13,8,14,2747
39.0,13,8,15,2755
39.0,13,9,0,2639
39.0,13,9,1,2648
39.0,13,9,2,2656
39.0,13,9,3,2665
39.0,13,9,4,2673
39.0,13,9,5,2682
39.0,13,9,6,2690
39.0,13,9,7,2698
39.0,13,9,8,2707
39.0,13,9,9,2715
39.0,13,9,10,2723
39.0,13,9,11,2731
39.0,13,9,12,2740
39.0,13,9,13,2748
39.0,13,9,14,2756
39.0,13,9,15,2764
39.0,13,10,0,2648
39.0,13,10,1,2656
39.0,13,10,2,2665
39.0,13,10,3,2673
39.0,13,10,4,2682
39.0,13,10,5,2690
39.0,13,10,6,2698
39.0,13,10,7,2707
39.0,13,10,8,2715
39.0,13,10,9,2724
39.0,13,10,10,2732
39.0,13,10,11,2740
39.0,13,10,12,2748
39.0,13,10,13,2757
39.0,13,10,14,2765
39.0,13,10,15,2773
39.0,13,11,0,2656
39.0,13,11,1,2665
39.0,13,11,2,2673
39.0,13,11,3,2682
39.0,13,11,4,2690
39.0,13,11,5,2699
39.0,13,11,6,2707
39.0,13,11,7,2715
39.0,13,11,8,2724
39.0,13,11,9,2732
39.0,13,11,10,2740
39.0,13,11,11,2749
39.0,13,11,12,2757
39.0,13,11,13,2765
39.0,13,11,14,2773
39.0,13,11,15,2782
39.0,13,12,0,2664
39.0,13,12,1,2673
39.0,13,12,2,2681
39.0,13,12,3,2690
39.0,13,12,4,2698
39.0,13,12,5,2707
39.0,13,12,6,2715
39.0,13,12,7,2724
39.0,13,12,8,2732
39.0,13,12,9,2741
39.0,13,12,10,2749
39.0,13,12,11,2757
39.0,13,12,12,2766
39.0,13,12,13,2774
39.0,13,12,14,2782
39.0,13,12,15,2790
39.0,13,13,0,2673
39.0,13,13,1,2681
39.0,13,13,2,2690
39.0,13,13,3,2698
39.0,13,13,4,2707
39.0,13,13,5,2715
39.0,13,13,6,2724
39.0,13,13,7,2732
39.0,13,13,8,2741
39.0,13,13,9,2749
39.0,13,13,10,2757
39.0,13,13,11,2766
39.0,13,13,12,2774
39.0,13,13,13,2782
39.0,13,13,14,2791
39.0,13,13,15,2799
39.0,13,14,0,2681
39.0,13,14,1,2689
39.0,13,14,2,2698
39.0,13,14,3,2707
39.0,13,14,4,2715
39.0,13,14,5,2724
39.0,13,14,6,2732
39.0,13,14,7,2741
39.0,13,14,8,2749
39.0,13,14,9,2758
39.0,13,14,10,2766
39.0,13,14,11,2774
39.0,13,14,12,2783
39.0,13,14,13,2791
39.0,13,14,14,2799
39.0,13,14,15,2808
39.0,13,15,0,2689
39.0,13,15,1,2698
39.0,13,15,2,2706
39.0,13,15,3,2715
39.0,13,15,4,2724
39.0,13,15,5,2732
39.0,13,15,6,2741
39.0,13,15,7,2749
39.0,13,15,8,2758
39.0,13,15,9,2766
39.0,13,15,10,2774
39.0,13,15,11,2783
39.0,13,15,12,2791
39.0,13,15,13,2800
39.0,13,15,14,2808
39.0,13,15,15,2816
39.0,14,0,0,2572
39.0,14,0,1,2581
39.0,14,0,2,2589
39.0,14,0,3,2597
39.0,14,0,4,2605
39.0,14,0,5,2614
39.0,14,0,6,2622
39.0,14,0,7,2630
39.0,14,0,8,2638
39.0,14,0,9,2646
39.0,14,0,10,2654
39.0,14,0,11,2662
39.0,14,0,12,2670
39.0,14,0,13,2678
39.0,14,0,14,2686
39.0,14,0,15,2694
39.0,14,1,0,2581
39.0,14,1,1,2589
39.0,14,1,2,2598
39.0,14,1,3,2606
39.0,14,1,4,2614
39.0,14,1,5,2622
39.0,14,1,6,2631
39.0,14,1,7,2639
39.0,14,1,8,2647
39.0,14,1,9,2655
39.0,14,1,10,2663
39.0,14,1,11,2671
39.0,14,1,12,2679
39.0,14,1,13,2687
39.0,14,1,14,2695
39.0,14,1,15,2703
39.0,14,2,0,2590
39.0,14,2,1,2598
39.0,14,2,2,2606
39.0,14,2,3,2615
39.0,14,2,4,2623
39.0,14,2,5,2631
39.0,14,2,6,2639
39.0,14,2,7,2647
39.0,14,2,8,2656
39.0,14,2,9,2664
39.0,14,2,10,2672
39.0,14,2,11,2680
39.0,14,2,12,2688
39.0,14,2,13,2696
39.0,14,2,14,2704
39.0,14,2,15,2712
39.0,14,3,0,2598
39.0,14,3,1,2607
39.0,14,3,2,2615
39.0,14,3,3,2623
39.0,14,3,4,2632
39.0,14,3,5,2640
39.0,14,3,6,2648
39.0,14,3,7,2656
39.0,14,3,8,2664
39.0,14,3,9,2673
39.0,14,3,10,2681
39.0,14,3,11,2689
39.0,14,3,12,2697
39.0,14,3,13,2705
39.0,14,3,14,2713
39.0,14,3,15,2721
39.0,14,4,0,2607
39.0,14,4,1,2615
39.0,14,4,2,2624
39.0,14,4,3,2632
39.0,14,4,4,2640
39.0,14,4,5,2648
39.0,14,4,6,2657
39.0,14,4,7,2665
39.0,14,4,8,2673
39.0,14,4,9,2681
39.0,14,4,10,2690
39.0,14,4,11,2698
39.0,14,4,12,2706
39.0,14,4,13,2714
39.0,14,4,14,2722
39.0,14,4,15,2730
39.0,14,5,0,2615
39.0,14,5,1,2624
39.0,14,5,2,2632
39.0,14,5,3,2640
39.0,14,5,4,2649
39.0,14,5,5,2657
39.0,14,5,6,2665
39.0,14,5,7,2674
39.0,14,5,8,2682
39.0,14,5,9,2690
39.0,14,5,10,2698
39.0,14,5,11,2706
39.0,14,5,12,2715
39.0,14,5,13,2723
39.0,14,5,14,2731
39.0,14,5,15,2739
39.0,14,6,0,2624
39.0,14,6,1,2632
39.0,14,6,2,2641
39.0,14,6,3,2649
39.0,14,6,4,2657
39.0,14,6,5,2666
39.0,14,6,6,2674
39.0,14,6,7,2682
39.0,14,6,8,2691
39.0,14,6,9,2699
39.0,14,6,10,2707
39.0,14,6,11,2715
39.0,14,6,12,2723
39.0,14,6,13,2732
39.0,14,6,14,2740
39.0,14,6,15,2748
39.0,14,7,0,2632
39.0,14,7,1,2641
39.0,14,7,2,2649
39.0,14,7,3,2658
39.0,14,7,4,2666
39.0,14,7,5,2674
39.0,14,7,6,2683
39.0,14,7,7,2691
39.0,14,7,8,2699
39.0,14,7,9,2708
39.0,14,7,10,2716
39.0,14,7,11,2724
39.0,14,7,12,2732
39.0,14,7,13,2740
39.0,14,7,14,2749
39.0,14,7,15,2757
39.0,14,8,0,2641
39.0,14,8,1,2649
39.0,14,8,2,2658
39.0,14,8,3,2666
39.0,14,8,4,2674
39.0,14,8,5,2683
39.0,14,8,6,2691
39.0,14,8,7,2700
39.0,14,8,8,2708
39.0,14,8,9,2716
39.0,14,8,10,2724
39.0,14,8,11,2733
39.0,14,8,12,2741
39.0,14,8,13,2749
39.0,14,8,14,2757
39.0,14,8,15,2765
39.0,14,9,0,2649
39.0,14,9,1,2658
39.0,14,9,2,2666
39.0,14,9,3,2675
39.0,14,9,4,2683
39.0,14,9,5,2691
39.0,14,9,6,2700
39.0,14,9,7,2708
39.0,14,9,8,2717
39.0,14,9,9,2725
39.0,14,9,10,2733
39.0,14,9,11,2741
39.0,14,9,12,2750
39.0,14,9,13,2758
39.0,14,9,14,2766
39.0,14,9,15,2774
39.0,14,10,0,2657
39.0,14,10,1,2666
39.0,14,10,2,2674
39.0,14,10,3,2683
39.0,14,10,4,2691
39.0,14,10,5,2700
39.0,14,10,6,2708
39.0,14,10,7,2717
39.0,14,10,8,2725
39.0,14,10,9,2733
39.0,14,10,10,2742
39.0,14,10,11,2750
39.0,14,10,12,2758
39.0,14,10,13,2767
39.0,14,10,14,2775
39.0,14,10,15,2783
39.0,14,11,0,2666
39.0,14,11,1,2674
39.0,14,11,2,2683
39.0,14,11,3,2691
39.0,14,11,4,2700
39.0,14,11,5,2708
39.0,14,11,6,2717
39.0,14,11,7,2725
39.0,14,11,8,2734
39.0,14,11,9,2742
39.0,14,11,10,2750
39.0,14,11,11,2759
39.0,14,11,12,2767
39.0,14,11,13,2775
39.0,14,11,14,2784
39.0,14,11,15,2792
39.0,14,12,0,2674
39.0,14,12,1,2683
39.0,14,12,2,2691
39.0,14,12,3,2700
39.0,14,12,4,2708
39.0,14,12,5,2717
39.0,14,12,6,2725
39.0,14,12,7,2734
39.0,14,12,8,2742
39.0,14,12,9,2751
39.0,14,12,10,2759
39.0,14,12,11,2767
39.0,14,12,12,2776
39.0,14,12,13,2784
39.0,14,12,14,2792
39.0,14,12,15,2800
39.0,14,13,0,2682
39.0,14,13,1,2691
39.0,14,13,2,2700
39.0,14,13,3,2708
39.0,14,13,4,2717
39.0,14,13,5,2725
39.0,14,13,6,2734
39.0,14,13,7,2742
39.0,14,13,8,2751
39.0,14,13,9,2759
39.0,14,13,10,2768
39.0,14,13,11,2776
39.0,14,13,12,2784
39.0,14,13,13,2793
39.0,14,13,14,2801
39.0,14,13,15,2809
39.0,14,14,0,2691
39.0,14,14,1,2699
39.0,14,14,2,2708
39.0,14,14,3,2717
39.0,14,14,4,2725
39.0,14,14,5,2734
39.0,14,14,6,2742
39.0,14,14,7,2751
39.0,14,14,8,2759
39.0,14,14,9,2768
39.0,14,14,10,2776
39.0,14,14,11,2784
39.0,14,14,12,2793
39.0,14,14,13,2801
39.0,14,14,14,2810
39.0,14,14,15,2818
39.0,14,15,0,2699
39.0,14,15,1,2708
39.0,14,15,2,2716
39.0,14,15,3,2725
39.0,14,15,4,2733
39.0,14,15,5,2742
39.0,14,15,6,2751
39.0,14,15,7,2759
39.0,14,15,8,2768
39.0,14,15,9,2776
39.0,14,15,10,2785
39.0,14,15,11,2793
39.0,14,15,12,2801
39.0,14,15,13,2810
39.0,14,15,14,2818
39.0,14,15,15,2826
39.0,15,0,0,2582
39.0,15,0,1,2590
39.0,15,0,2,2598
39.0,15,0,3,2607
39.0,15,0,4,2615
39.0,15,0,5,2623
39.0,15,0,6,2631
39.0,15,0,7,2639
39.0,15,0,8,2648
39.0,15,0,9,2656
39.0,15,0,10,2664
39.0,15,0,11,2672
39.0,15,0,12,2680
39.0,15,0,13,2688
39.0,15,0,14,2696
39.0,15,0,15,2704
39.0,15,1,0,2590
39.0,15,1,1,2599
39.0,15,1,2,2607
39.0,15,1,3,2615
39.0,15,1,4,2624
39.0,15,1,5,2632
39.0,15,1,6,2640
39.0,15,1,7,2648
39.0,15,1,8,2656
39.0,15,1,9,2665
39.0,15,1,10,2673
39.0,15,1,11,2681
39.0,15,1,12,2689
39.0,15,1,13,2697
39.0,15,1,14,2705
39.0,15,1,15,2713
39.0,15,2,0,2599
39.0,15,2,1,2607
39.0,15,2,2,2616
39.0,15,2,3,2624
39.0,15,2,4,2632
39.0,15,2,5,2641
39.0,15,2,6,2649
39.0,15,2,7,2657
39.0,15,2,8,2665
39.0,15,2,9,2673
39.0,15,2,10,2682
39.0,15,2,11,2690
39.0,15,2,12,2698
39.0,15,2,13,2706
39.0,15,2,14,2714
39.0,15,2,15,2722
39.0,15,3,0,2608
39.0,15,3,1,2616
39.0,15,3,2,2624
39.0,15,3,3,2633
39.0,15,3,4,2641
39.0,15,3,5,2649
39.0,15,3,6,2658
39.0,15,3,7,2666
39.0,15,3,8,2674
39.0,15,3,9,2682
39.0,15,3,10,2690
39.0,15,3,11,2699
39.0,15,3,12,2707
39.0,15,3,13,2715
39.0,15,3,14,2723
39.0,15,3,15,2731
39.0,15,4,0,2616
39.0,15,4,1,2625
39.0,15,4,2,2633
39.0,15,4,3,2641
39.0,15,4,4,2650
39.0,15,4,5,2658
39.0,15,4,6,2666
39.0,15,4,7,2675
39.0,15,4,8,2683
39.0,15,4,9,2691
39.0,15,4,10,2699
39.0,15,4,11,2707
39.0,15,4,12,2716
39.0,15,4,13,2724
39.0,15,4,14,2732
39.0,15,4,15,2740
39.0,15,5,0,2625
39.0,15,5,1,2633
39.0,15,5,2,2642
39.0,15,5,3,2650
39.0,15,5,4,2658
39.0,15,5,5,2667
39.0,15,5,6,2675
39.0,15,5,7,2683
39.0,15,5,8,2692
39.0,15,5,9,2700
39.0,15,5,10,2708
39.0,15,5,11,2716
39.0,15,5,12,2724
39.0,15,5,13,2733
39.0,15,5,14,2741
39.0,15,5,15,2749
39.0,15,6,0,2633
39.0,15,6,1,2642
39.0,15,6,2,2650
39.0,15,6,3,2659
39.0,15,6,4,2667
39.0,15,6,5,2675
39.0,15,6,6,2684
39.0,15,6,7,2692
39.0,15,6,8,2700
39.0,15,6,9,2709
39.0,15,6,10,2717
39.0,15,6,11,2725
39.0,15,6,12,2733
39.0,15,6,13,2741
39.0,15,6,14,2750
39.0,15,6,15,2758
39.0,15,7,0,2642
39.0,15,7,1,2650
39.0,15,7,2,2659
39.0,15,7,3,2667
39.0,15,7,4,2676
39.0,15,7,5,2684
39.0,15,7,6,2692
39.0,15,7,7,2701
39.0,15,7,8,2709
39.0,15,7,9,2717
39.0,15,7,10,2726
39.0,15,7,11,2734
39.0,15,7,12,2742
39.0,15,7,13,2750
39.0,15,7,14,2759
39.0,15,7,15,2767
39.0,15,8,0,2650
39.0,15,8,1,2659
39.0,15,8,2,2667
39.0,15,8,3,2676
39.0,15,8,4,2684
39.0,15,8,5,2693
39.0,15,8,6,2701
39.0,15,8,7,2709
39.0,15,8,8,2718
39.0,15,8,9,2726
39.0,15,8,10,2734
39.0,15,8,11,2743
39.0,15,8,12,2751
39.0,15,8,13,2759
39.0,15,8,14,2767
39.0,15,8,15,2776
39.0,15,9,0,2659
39.0,15,9,1,2667
39.0,15,9,2,2676
39.0,15,9,3,2684
39.0,15,9,4,2693
39.0,15,9,5,2701
39.0,15,9,6,2710
39.0,15,9,7,2718
39.0,15,9,8,2726
39.0,15,9,9,2735
39.0,15,9,10,2743
39.0,15,9,11,2751
39.0,15,9,12,2760
39.0,15,9,13,2768
39.0,15,9,14,2776
39.0,15,9,15,2784
39.0,15,10,0,2667
39.0,15,10,1,2676
39.0,15,10,2,2684
39.0,15,10,3,2693
39.0,15,10,4,2701
39.0,15,10,5,2710
39.0,15,10,6,2718
39.0,15,10,7,2727
39.0,15,10,8,2735
39.0,15,10,9,2743
39.0,15,10,10,2752
39.0,15,10,11,2760
39.0,15,10,12,2768
39.0,15,10,13,2777
39.0,15,10,14,2785
39.0,15,10,15,2793
39.0,15,11,0,2675
39.0,15,11,1,2684
39.0,15,11,2,2693
39.0,15,11,3,2701
39.0,15,11,4,2710
39.0,15,11,5,2718
39.0,15,11,6,2727
39.0,15,11,7,2735
39.0,15,11,8,2744
39.0,15,11,9,2752
39.0,15,11,10,2760
39.0,15,11,11,2769
39.0,15,11,12,2777
39.0,15,11,13,2785
39.0,15,11,14,2794
39.0,15,11,15,2802
39.0,15,12,0,2684
39.0,15,12,1,2692
39.0,15,12,2,2701
39.0,15,12,3,2710
39.0,15,12,4,2718
39.0,15,12,5,2727
39.0,15,12,6,2735
39.0,15,12,7,2744
39.0,15,12,8,2752
39.0,15,12,9,2761
39.0,15,12,10,2769
39.0,15,12,11,2777
39.0,15,12,12,2786
39.0,15,12,13,2794
39.0,15,12,14,2802
39.0,15,12,15,2811
39.0,15,13,0,2692
39.0,15,13,1,2701
39.0,15,13,2,2709
39.0,15,13,3,2718
39.0,15,13,4,2727
39.0,15,13,5,2735
39.0,15,13,6,2744
39.0,15,13,7,2752
39.0,15,13,8,2761
39.0,15,13,9,2769
39.0,15,13,10,2778
39.0,15,13,11,2786
39.0,15,13,12,2794
39.0,15,13,13,2803
39.0,15,13,14,2811
39.0,15,13,15,2819
39.0,15,14,0,2700
39.0,15,14,1,2709
39.0,15,14,2,2718
39.0,15,14,3,2726
39.0,15,14,4,2735
39.0,15,14,5,2744
39.0,15,14,6,2752
39.0,15,14,7,2761
39.0,15,14,8,2769
39.0,15,14,9,2778
39.0,15,14,10,2786
39.0,15,14,11,2795
39.0,15,14,12,2803
39.0,15,14,13,2811
39.0,15,14,14,2820
39.0,15,14,15,2828
39.0,15,15,0,2709
39.0,15,15,1,2717
39.0,15,15,2,2726
39.0,15,15,3,2735
39.0,15,15,4,2743
39.0,15,15,5,2752
39.0,15,15,6,2761
39.0,15,15,7,2769
39.0,15,15,8,2778
39.0,15,15,9,2786
39.0,15,15,10,2795
39.0,15,15,11,2803
39.0,15,15,12,2812
39.0,15,15,13,2820
39.0,15,15,14,2828
39.0,15,15,15,2837
39.5,0,0,0,2459
39.5,0,0,1,2467
39.5,0,0,2,2475
39.5,0,0,3,2483
39.5,0,0,4,2491
39.5,0,0,5,2498
39.5,0,0,6,2506
39.5,0,0,7,2514
39.5,0,0,8,2522
39.5,0,0,9,2530
39.5,0,0,10,2537
39.5,0,0,11,2545
39.5,0,0,12,2553
39.5,0,0,13,2560
39.5,0,0,14,2568
39.5,0,0,15,2575
39.5,0,1,0,2467
39.5,0,1,1,2475
39.5,0,1,2,2483
39.5,0,1,3,2491
39.5,0,1,4,2499
39.5,0,1,5,2507
39.5,0,1,6,2515
39.5,0,1,7,2522
39.5,0,1,8,2530
39.5,0,1,9,2538
39.5,0,1,10,2546
39.5,0,1,11,2553
39.5,0,1,12,2561
39.5,0,1,13,2569
39.5,0,1,14,2576
39.5,0,1,15,2584
39.5,0,2,0,2476
39.5,0,2,1,2484
39.5,0,2,2,2492
39.5,0,2,3,2499
39.5,0,2,4,2507
39.5,0,2,5,2515
39.5,0,2,6,2523
39.5,0,2,7,2531
39.5,0,2,8,2539
39.5,0,2,9,2546
39.5,0,2,10,2554
39.5,0,2,11,2562
39.5,0,2,12,2570
39.5,0,2,13,2577
39.5,0,2,14,2585
39.5,0,2,15,2593
39.5,0,3,0,2484
39.5,0,3,1,2492
39.5,0,3,2,2500
39.5,0,3,3,2508
39.5,0,3,4,2516
39.5,0,3,5,2524
39.5,0,3,6,2531
39.5,0,3,7,2539
39.5,0,3,8,2547
39.5,0,3,9,2555
39.5,0,3,10,2563
39.5,0,3,11,2570
39.5,0,3,12,2578
39.5,0,3,13,2586
39.5,0,3,14,2594
39.5,0,3,15,2601
39.5,0,4,0,2492
39.5,0,4,1,2500
39.5,0,4,2,2508
39.5,0,4,3,2516
39.5,0,4,4,2524
39.5,0,4,5,2532
39.5,0,4,6,2540
39.5,0,4,7,2548
39.5,0,4,8,2555
39.5,0,4,9,2563
39.5,0,4,10,2571
39.5,0,4,11,2579
39.5,0,4,12,2587
39.5,0,4,13,2594
39.5,0,4,14,2602
39.5,0,4,15,2610
39.5,0,5,0,2500
39.5,0,5,1,2508
39.5,0,5,2,2516
39.5,0,5,3,2524
39.5,0,5,4,2532
39.5,0,5,5,2540
39.5,0,5,6,2548
39.5,0,5,7,2556
39.5,0,5,8,2564
39.5,0,5,9,2572
39.5,0,5,10,2579
39.5,0,5,11,2587
39.5,0,5,12,2595
39.5,0,5,13,2603
39.5,0,5,14,2611
39.5,0,5,15,2618
39.5,0,6,0,2508
39.5,0,6,1,2516
39.5,0,6,2,2524
39.5,0,6,3,2532
39.5,0,6,4,2540
39.5,0,6,5,2548
39.5,0,6,6,2556
39.5,0,6,7,2564
39.5,0,6,8,2572
39.5,0,6,9,2580
39.5,0,6,10,2588
39.5,0,6,11,2596
39.5,0,6,12,2603
39.5,0,6,13,2611
39.5,0,6,14,2619
39.5,0,6,15,2627
39.5,0,7,0,2516
39.5,0,7,1,2524
39.5,0,7,2,2532
39.5,0,7,3,2540
39.5,0,7,4,2549
39.5,0,7,5,2557
39.5,0,7,6,2565
39.5,0,7,7,2572
39.5,0,7,8,2580
39.5,0,7,9,2588
39.5,0,7,10,2596
39.5,0,7,11,2604
39.5,0,7,12,2612
39.5,0,7,13,2620
39.5,0,7,14,2627
39.5,0,7,15,2635
39.5,0,8,0,2524
39.5,0,8,1,2532
39.5,0,8,2,2541
39.5,0,8,3,2549
39.5,0,8,4,2557
39.5,0,8,5,2565
39.5,0,8,6,2573
39.5,0,8,7,2581
39.5,0,8,8,2589
39.5,0,8,9,2597
39.5,0,8,10,2604
39.5,0,8,11,2612
39.5,0,8,12,2620
39.5,0,8,13,2628
39.5,0,8,14,2636
39.5,0,8,15,2644
39.5,0,9,0,2532
39.5,0,9,1,2540
39.5,0,9,2,2549
39.5,0,9,3,2557
39.5,0,9,4,2565
39.5,0,9,5,2573
39.5,0,9,6,2581
39.5,0,9,7,2589
39.5,0,9,8,2597
39.5,0,9,9,2605
39.5,0,9,10,2613
39.5,0,9,11,2621
39.5,0,9,12,2629
39.5,0,9,13,2636
39.5,0,9,14,2644
39.5,0,9,15,2652
39.5,0,10,0,2540
39.5,0,10,1,2549
39.5,0,10,2,2557
39.5,0,10,3,2565
39.5,0,10,4,2573
39.5,0,10,5,2581
39.5,0,10,6,2589
39.5,0,10,7,2597
39.5,0,10,8,2605
39.5,0,10,9,2613
39.5,0,10,10,2621
39.5,0,10,11,2629
39.5,0,10,12,2637
39.5,0,10,13,2645
39.5,0,10,14,2653
39.5,0,10,15,2660
39.5,0,11,0,2548
39.5,0,11,1,2557
39.5,0,11,2,2565
39.5,0,11,3,2573
39.5,0,11,4,2581
39.5,0,11,5,2589
39.5,0,11,6,2597
39.5,0,11,7,2605
39.5,0,11,8,2613
39.5,0,11,9,2621
39.5,0,11,10,2629
39.5,0,11,11,2637
39.5,0,11,12,2645
39.5,0,11,13,2653
39.5,0,11,14,2661
39.5,0,11,15,2669
39.5,0,12,0,2556
39.5,0,12,1,2565
39.5,0,12,2,2573
39.5,0,12,3,2581
39.5,0,12,4,2589
39.5,0,12,5,2597
39.5,0,12,6,2605
39.5,0,12,7,2613
39.5,0,12,8,2621
39.5,0,12,9,2629
39.5,0,12,10,2637
39.5,0,12,11,2645
39.5,0,12,12,2653
39.5,0,12,13,2661
39.5,0,12,14,2669
39.5,0,12,15,2677
39.5,0,13,0,2564
39.5,0,13,1,2572
39.5,0,13,2,2581
39.5,0,13,3,2589
39.5,0,13,4,2597
39.5,0,13,5,2605
39.5,0,13,6,2613
39.5,0,13,7,2621
39.5,0,13,8,2630
39.5,0,13,9,2638
39.5,0,13,10,2646
39.5,0,13,11,2654
39.5,0,13,12,2662
39.5,0,13,13,2670
39.5,0,13,14,2678
39.5,0,13,15,2685
39.5,0,14,0,2572
39.5,0,14,1,2580
39.5,0,14,2,2589
39.5,0,14,3,2597
39.5,0,14,4,2605
39.5,0,14,5,2613
39.5,0,14,6,2621
39.5,0,14,7,2630
39.5,0,14,8,2638
39.5,0,14,9,2646
39.5,0,14,10,2654
39.5,0,14,11,2662
39.5,0,14,12,2670
39.5,0,14,13,2678
39.5,0,14,14,2686
39.5,0,14,15,2694
39.5,0,15,0,2580
39.5,0,15,1,2588
39.5,0,15,2,2597
39.5,0,15,3,2605
39.5,0,15,4,2613
39.5,0,15,5,2621
39.5,0,15,6,2629
39.5,0,15,7,2638
39.5,0,15,8,2646
39.5,0,15,9,2654
39.5,0,15,10,2662
39.5,0,15,11,2670
39.5,0,15,12,2678
39.5,0,15,13,2686
39.5,0,15,14,2694
39.5,0,15,15,2702
39.5,1,0,0,2469
39.5,1,0,1,2477
39.5,1,0,2,2484
39.5,1,0,3,2492
39.5,1,0,4,2500
39.5,1,0,5,2508
39.5,1,0,6,2516
39.5,1,0,7,2524
39.5,1,0,8,2531
39.5,1,0,9,2539
39.5,1,0,10,2547
39.5,1,0,11,2555
39.5,1,0,12,2562
39.5,1,0,13,2570
39.5,1,0,14,2578
39.5,1,0,15,2585
39.5,1,1,0,2477
39.5,1,1,1,2485
39.5,1,1,2,2493
39.5,1,1,3,2501
39.5,1,1,4,2509
39.5,1,1,5,2516
39.5,1,1,6,2524
39.5,1,1,7,2532
39.5,1,1,8,2540
39.5,1,1,9,2548
39.5,1,1,10,2556
39.5,1,1,11,2563
39.5,1,1,12,2571
39.5,1,1,13,2579
39.5,1,1,14,2586
39.5,1,1,15,2594
39.5,1,2,0,2485
39.5,1,2,1,2493
39.5,1,2,2,2501
39.5,1,2,3,2509
39.5,1,2,4,2517
39.5,1,2,5,2525
39.5,1,2,6,2533
39.5,1,2,7,2541
39.5,1,2,8,2548
39.5,1,2,9,2556
39.5,1,2,10,2564
39.5,1,2,11,2572
39.5,1,2,12,2580
39.5,1,2,13,2587
39.5,1,2,14,2595
39.5,1,2,15,2603
39.5,1,3,0,2493
39.5,1,3,1,2501
39.5,1,3,2,2509
39.5,1,3,3,2517
39.5,1,3,4,2525
39.5,1,3,5,2533
39.5,1,3,6,2541
39.5,1,3,7,2549
39.5,1,3,8,2557
39.5,1,3,9,2565
39.5,1,3,10,2572
39.5,1,3,11,2580
39.5,1,3,12,2588
39.5,1,3,13,2596
39.5,1,3,14,2603
39.5,1,3,15,2611
39.5,1,4,0,2501
39.5,1,4,1,2510
39.5,1,4,2,2518
39.5,1,4,3,2526
39.5,1,4,4,2534
39.5,1,4,5,2542
39.5,1,4,6,2549
39.5,1,4,7,2557
39.5,1,4,8,2565
39.5,1,4,9,2573
39.5,1,4,10,2581
39.5,1,4,11,2589
39.5,1,4,12,2597
39.5,1,4,13,2604
39.5,1,4,14,2612
39.5,1,4,15,2620
39.5,1,5,0,2510
39.5,1,5,1,2518
39.5,1,5,2,2526
39.5,1,5,3,2534
39.5,1,5,4,2542
39.5,1,5,5,2550
39.5,1,5,6,2558
39.5,1,5,7,2566
39.5,1,5,8,2574
39.5,1,5,9,2581
39.5,1,5,10,2589
39.5,1,5,11,2597
39.5,1,5,12,2605
39.5,1,5,13,2613
39.5,1,5,14,2621
39.5,1,5,15,2628
39.5,1,6,0,2518
39.5,1,6,1,2526
39.5,1,6,2,2534
39.5,1,6,3,2542
39.5,1,6,4,2550
39.5,1,6,5,2558
39.5,1,6,6,2566
39.5,1,6,7,2574
39.5,1,6,8,2582
39.5,1,6,9,2590
39.5,1,6,10,2598
39.5,1,6,11,2606
39.5,1,6,12,2613
39.5,1,6,13,2621
39.5,1,6,14,2629
39.5,1,6,15,2637
39.5,1,7,0,2526
39.5,1,7,1,2534
39.5,1,7,2,2542
39.5,1,7,3,2550
39.5,1,7,4,2558
39.5,1,7,5,2566
39.5,1,7,6,2574
39.5,1,7,7,2582
39.5,1,7,8,2590
39.5,1,7,9,2598
39.5,1,7,10,2606
39.5,1,7,11,2614
39.5,1,7,12,2622
39.5,1,7,13,2630
39.5,1,7,14,2638
39.5,1,7,15,2645
39.5,1,8,0,2534
39.5,1,8,1,2542
39.5,1,8,2,2550
39.5,1,8,3,2558
39.5,1,8,4,2566
39.5,1,8,5,2575
39.5,1,8,6,2583
39.5,1,8,7,2591
39.5,1,8,8,2599
39.5,1,8,9,2607
39.5,1,8,10,2614
39.5,1,8,11,2622
39.5,1,8,12,2630
39.5,1,8,13,2638
39.5,1,8,14,2646
39.5,1,8,15,2654
39.5,1,9,0,2542
39.5,1,9,1,2550
39.5,1,9,2,2558
39.5,1,9,3,2567
39.5,1,9,4,2575
39.5,1,9,5,2583
39.5,1,9,6,2591
39.5,1,9,7,2599
39.5,1,9,8,2607
39.5,1,9,9,2615
39.5,1,9,10,2623
39.5,1,9,11,2631
39.5,1,9,12,2639
39.5,1,9,13,2647
39.5,1,9,14,2654
39.5,1,9,15,2662
39.5,1,10,0,2550
39.5,1,10,1,2558
39.5,1,10,2,2566
39.5,1,10,3,2575
39.5,1,10,4,2583
39.5,1,10,5,2591
39.5,1,10,6,2599
39.5,1,10,7,2607
39.5,1,10,8,2615
39.5,1,10,9,2623
39.5,1,10,10,2631
39.5,1,10,11,2639
39.5,1,10,12,2647
39.5,1,10,13,2655
39.5,1,10,14,2663
39.5,1,10,15,2671
39.5,1,11,0,2558
39.5,1,11,1,2566
39.5,1,11,2,2575
39.5,1,11,3,2583
39.5,1,11,4,2591
39.5,1,11,5,2599
39.5,1,11,6,2607
39.5,1,11,7,2615
39.5,1,11,8,2623
39.5,1,11,9,2631
39.5,1,11,10,2639
39.5,1,11,11,2647
39.5,1,11,12,2655
39.5,1,11,13,2663
39.5,1,11,14,2671
39.5,1,11,15,2679
39.5,1,12,0,2566
39.5,1,12,1,2574
39.5,1,12,2,2583
39.5,1,12,3,2591
39.5,1,12,4,2599
39.5,1,12,5,2607
39.5,1,12,6,2615
39.5,1,12,7,2623
39.5,1,12,8,2631
39.5,1,12,9,2640
39.5,1,12,10,2648
39.5,1,12,11,2656
39.5,1,12,12,2664
39.5,1,12,13,2672
39.5,1,12,14,2679
39.5,1,12,15,2687
39.5,1,13,0,2574
39.5,1,13,1,2582
39.5,1,13,2,2591
39.5,1,13,3,2599
39.5,1,13,4,2607
39.5,1,13,5,2615
39.5,1,13,6,2623
39.5,1,13,7,2632
39.5,1,13,8,2640
39.5,1,13,9,2648
39.5,1,13,10,2656
39.5,1,13,11,2664
39.5,1,13,12,2672
39.5,1,13,13,2680
39.5,1,13,14,2688
39.5,1,13,15,2696
39.5,1,14,0,2582
39.5,1,14,1,2590
39.5,1,14,2,2599
39.5,1,14,3,2607
39.5,1,14,4,2615
39.5,1,14,5,2623
39.5,1,14,6,2631
39.5,1,14,7,2640
39.5,1,14,8,2648
39.5,1,14,9,2656
39.5,1,14,10,2664
39.5,1,14,11,2672
39.5,1,14,12,2680
39.5,1,14,13,2688
39.5,1,14,14,2696
39.5,1,14,15,2704
39.5,1,15,0,2590
39.5,1,15,1,2598
39.5,1,15,2,2607
39.5,1,15,3,2615
39.5,1,15,4,2623
39.5,1,15,5,2631
39.5,1,15,6,2640
39.5,1,15,7,2648
39.5,1,15,8,2656
39.5,1,15,9,2664
39.5,1,15,10,2672
39.5,1,15,11,2680
39.5,1,15,12,2688
39.5,1,15,13,2696
39.5,1,15,14,2704
39.5,1,15,15,2712
39.5,2,0,0,2478
39.5,2,0,1,2486
39.5,2,0,2,2494
39.5,2,0,3,2502
39.5,2,0,4,2510
39.5,2,0,5,2518
39.5,2,0,6,2526
39.5,2,0,7,2533
39.5,2,0,8,2541
39.5,2,0,9,2549
39.5,2,0,10,2557
39.5,2,0,11,2564
39.5,2,0,12,2572
39.5,2,0,13,2580
39.5,2,0,14,2587
39.5,2,0,15,2595
39.5,2,1,0,2486
39.5,2,1,1,2494
39.5,2,1,2,2502
39.5,2,1,3,2510
39.5,2,1,4,2518
39.5,2,1,5,2526
39.5,2,1,6,2534
39.5,2,1,7,2542
39.5,2,1,8,2550
39.5,2,1,9,2557
39.5,2,1,10,2565
39.5,2,1,11,2573
39.5,2,1,12,2581
39.5,2,1,13,2588
39.5,2,1,14,2596
39.5,2,1,15,2604
39.5,2,2,0,2495
39.5,2,2,1,2503
39.5,2,2,2,2511
39.5,2,2,3,2519
39.5,2,2,4,2527
39.5,2,2,5,2534
39.5,2,2,6,2542
39.5,2,2,7,2550
39.5,2,2,8,2558
39.5,2,2,9,2566
39.5,2,2,10,2574
39.5,2,2,11,2582
39.5,2,2,12,2589
39.5,2,2,13,2597
39.5,2,2,14,2605
39.5,2,2,15,2613
39.5,2,3,0,2503
39.5,2,3,1,2511
39.5,2,3,2,2519
39.5,2,3,3,2527
39.5,2,3,4,2535
39.5,2,3,5,2543
39.5,2,3,6,2551
39.5,2,3,7,2559
39.5,2,3,8,2567
39.5,2,3,9,2574
39.5,2,3,10,2582
39.5,2,3,11,2590
39.5,2,3,12,2598
39.5,2,3,13,2606
39.5,2,3,14,2613
39.5,2,3,15,2621
39.5,2,4,0,2511
39.5,2,4,1,2519
39.5,2,4,2,2527
39.5,2,4,3,2535
39.5,2,4,4,2543
39.5,2,4,5,2551
39.5,2,4,6,2559
39.5,2,4,7,2567
39.5,2,4,8,2575
39.5,2,4,9,2583
39.5,2,4,10,2591
39.5,2,4,11,2599
39.5,2,4,12,2606
39.5,2,4,13,2614
39.5,2,4,14,2622
39.5,2,4,15,2630
39.5,2,5,0,2519
39.5,2,5,1,2527
39.5,2,5,2,2535
39.5,2,5,3,2543
39.5,2,5,4,2552
39.5,2,5,5,2560
39.5,2,5,6,2568
39.5,2,5,7,2575
39.5,2,5,8,2583
39.5,2,5,9,2591
39.5,2,5,10,2599
39.5,2,5,11,2607
39.5,2,5,12,2615
39.5,2,5,13,2623
39.5,2,5,14,2631
39.5,2,5,15,2638
39.5,2,6,0,2527
39.5,2,6,1,2536
39.5,2,6,2,2544
39.5,2,6,3,2552
39.5,2,6,4,2560
39.5,2,6,5,2568
39.5,2,6,6,2576
39.5,2,6,7,2584
39.5,2,6,8,2592
39.5,2,6,9,2600
39.5,2,6,10,2608
39.5,2,6,11,2616
39.5,2,6,12,2623
39.5,2,6,13,2631
39.5,2,6,14,2639
39.5,2,6,15,2647
39.5,2,7,0,2536
39.5,2,7,1,2544
39.5,2,7,2,2552
39.5,2,7,3,2560
39.5,2,7,4,2568
39.5,2,7,5,2576
39.5,2,7,6,2584
39.5,2,7,7,2592
39.5,2,7,8,2600
39.5,2,7,9,2608
39.5,2,7,10,2616
39.5,2,7,11,2624
39.5,2,7,12,2632
39.5,2,7,13,2640
39.5,2,7,14,2648
39.5,2,7,15,2655
39.5,2,8,0,2544
39.5,2,8,1,2552
39.5,2,8,2,2560
39.5,2,8,3,2568
39.5,2,8,4,2576
39.5,2,8,5,2584
39.5,2,8,6,2592
39.5,2,8,7,2600
39.5,2,8,8,2608
39.5,2,8,9,2616
39.5,2,8,10,2624
39.5,2,8,11,2632
39.5,2,8,12,2640
39.5,2,8,13,2648
39.5,2,8,14,2656
39.5,2,8,15,2664
39.5,2,9,0,2552
39.5,2,9,1,2560
39.5,2,9,2,2568
39.5,2,9,3,2576
39.5,2,9,4,2584
39.5,2,9,5,2593
39.5,2,9,6,2601
39.5,2,9,7,2609
39.5,2,9,8,2617
39.5,2,9,9,2625
39.5,2,9,10,2633
39.5,2,9,11,2641
39.5,2,9,12,2649
39.5,2,9,13,2657
39.5,2,9,14,2665
39.5,2,9,15,2672
39.5,2,10,0,2560
39.5,2,10,1,2568
39.5,2,10,2,2576
39.5,2,10,3,2584
39.5,2,10,4,2593
39.5,2,10,5,2601
39.5,2,10,6,2609
39.5,2,10,7,2617
39.5,2,10,8,2625
39.5,2,10,9,2633
39.5,2,10,10,2641
39.5,2,10,11,2649
39.5,2,10,12,2657
39.5,2,10,13,2665
39.5,2,10,14,2673
39.5,2,10,15,2681
39.5,2,11,0,2568
39.5,2,11,1,2576
39.5,2,11,2,2584
39.5,2,11,3,2593
39.5,2,11,4,2601
39.5,2,11,5,2609
39.5,2,11,6,2617
39.5,2,11,7,2625
39.5,2,11,8,2633
39.5,2,11,9,2641
39.5,2,11,10,2649
39.5,2,11,11,2657
39.5,2,11,12,2665
39.5,2,11,13,2673
39.5,2,11,14,2681
39.5,2,11,15,2689
39.5,2,12,0,2576
39.5,2,12,1,2584
39.5,2,12,2,2592
39.5,2,12,3,2601
39.5,2,12,4,2609
39.5,2,12,5,2617
39.5,2,12,6,2625
39.5,2,12,7,2633
39.5,2,12,8,2642
39.5,2,12,9,2650
39.5,2,12,10,2658
39.5,2,12,11,2666
39.5,2,12,12,2674
39.5,2,12,13,2682
39.5,2,12,14,2690
39.5,2,12,15,2698
39.5,2,13,0,2584
39.5,2,13,1,2592
39.5,2,13,2,2600
39.5,2,13,3,2609
39.5,2,13,4,2617
39.5,2,13,5,2625
39.5,2,13,6,2633
39.5,2,13,7,2642
39.5,2,13,8,2650
39.5,2,13,9,2658
39.5,2,13,10,2666
39.5,2,13,11,2674
39.5,2,13,12,2682
39.5,2,13,13,2690
39.5,2,13,14,2698
39.5,2,13,15,2706
39.5,2,14,0,2592
39.5,2,14,1,2600
39.5,2,14,2,2608
39.5,2,14,3,2617
39.5,2,14,4,2625
39.5,2,14,5,2633
39.5,2,14,6,2642
39.5,2,14,7,2650
39.5,2,14,8,2658
39.5,2,14,9,2666
39.5,2,14,10,2674
39.5,2,14,11,2682
39.5,2,14,12,2690
39.5,2,14,13,2698
39.5,2,14,14,2706
39.5,2,14,15,2714
39.5,2,15,0,2600
39.5,2,15,1,2608
39.5,2,15,2,2616
39.5,2,15,3,2625
39.5,2,15,4,2633
39.5,2,15,5,2641
39.5,2,15,6,2650
39.5,2,15,7,2658
39.5,2,15,8,2666
39.5,2,15,9,2674
39.5,2,15,10,2682
39.5,2,15,11,2690
39.5,2,15,12,2699
39.5,2,15,13,2707
39.5,2,15,14,2715
39.5,2,15,15,2723
39.5,3,0,0,2487
39.5,3,0,1,2495
39.5,3,0,2,2503
39.5,3,0,3,2511
39.5,3,0,4,2519
39.5,3,0,5,2527
39.5,3,0,6,2535
39.5,3,0,7,2543
39.5,3,0,8,2551
39.5,3,0,9,2559
39.5,3,0,10,2566
39.5,3,0,11,2574
39.5,3,0,12,2582
39.5,3,0,13,2590
39.5,3,0,14,2597
39.5,3,0,15,2605
39.5,3,1,0,2496
39.5,3,1,1,2504
39.5,3,1,2,2512
39.5,3,1,3,2520
39.5,3,1,4,2528
39.5,3,1,5,2536
39.5,3,1,6,2544
39.5,3,1,7,2551
39.5,3,1,8,2559
39.5,3,1,9,2567
39.5,3,1,10,2575
39.5,3,1,11,2583
39.5,3,1,12,2591
39.5,3,1,13,2598
39.5,3,1,14,2606
39.5,3,1,15,2614
39.5,3,2,0,2504
39.5,3,2,1,2512
39.5,3,2,2,2520
39.5,3,2,3,2528
39.5,3,2,4,2536
39.5,3,2,5,2544
39.5,3,2,6,2552
39.5,3,2,7,2560
39.5,3,2,8,2568
39.5,3,2,9,2576
39.5,3,2,10,2584
39.5,3,2,11,2591
39.5,3,2,12,2599
39.5,3,2,13,2607
39.5,3,2,14,2615
39.5,3,2,15,2622
39.5,3,3,0,2512
39.5,3,3,1,2520
39.5,3,3,2,2528
39.5,3,3,3,2537
39.5,3,3,4,2545
39.5,3,3,5,2553
39.5,3,3,6,2561
39.5,3,3,7,2568
39.5,3,3,8,2576
39.5,3,3,9,2584
39.5,3,3,10,2592
39.5,3,3,11,2600
39.5,3,3,12,2608
39.5,3,3,13,2616
39.5,3,3,14,2623
39.5,3,3,15,2631
39.5,3,4,0,2521
39.5,3,4,1,2529
39.5,3,4,2,2537
39.5,3,4,3,2545
39.5,3,4,4,2553
39.5,3,4,5,2561
39.5,3,4,6,2569
39.5,3,4,7,2577
39.5,3,4,8,2585
39.5,3,4,9,2593
39.5,3,4,10,2601
39.5,3,4,11,2609
39.5,3,4,12,2616
39.5,3,4,13,2624
39.5,3,4,14,2632
39.5,3,4,15,2640
39.5,3,5,0,2529
39.5,3,5,1,2537
39.5,3,5,2,2545
39.5,3,5,3,2553
39.5,3,5,4,2561
39.5,3,5,5,2569
39.5,3,5,6,2577
39.5,3,5,7,2585
39.5,3,5,8,2593
39.5,3,5,9,2601
39.5,3,5,10,2609
39.5,3,5,11,2617
39.5,3,5,12,2625
39.5,3,5,13,2633
39.5,3,5,14,2641
39.5,3,5,15,2648
39.5,3,6,0,2537
39.5,3,6,1,2545
39.5,3,6,2,2553
39.5,3,6,3,2561
39.5,3,6,4,2570
39.5,3,6,5,2578
39.5,3,6,6,2586
39.5,3,6,7,2594
39.5,3,6,8,2602
39.5,3,6,9,2610
39.5,3,6,10,2618
39.5,3,6,11,2626
39.5,3,6,12,2633
39.5,3,6,13,2641
39.5,3,6,14,2649
39.5,3,6,15,2657
39.5,3,7,0,2545
39.5,3,7,1,2553
39.5,3,7,2,2562
39.5,3,7,3,2570
39.5,3,7,4,2578
39.5,3,7,5,2586
39.5,3,7,6,2594
39.5,3,7,7,2602
39.5,3,7,8,2610
39.5,3,7,9,2618
39.5,3,7,10,2626
39.5,3,7,11,2634
39.5,3,7,12,2642
39.5,3,7,13,2650
39.5,3,7,14,2658
39.5,3,7,15,2666
39.5,3,8,0,2553
39.5,3,8,1,2562
39.5,3,8,2,2570
39.5,3,8,3,2578
39.5,3,8,4,2586
39.5,3,8,5,2594
39.5,3,8,6,2602
39.5,3,8,7,2610
39.5,3,8,8,2618
39.5,3,8,9,2626
39.5,3,8,10,2634
39.5,3,8,11,2642
39.5,3,8,12,2650
39.5,3,8,13,2658
39.5,3,8,14,2666
39.5,3,8,15,2674
39.5,3,9,0,2561
39.5,3,9,1,2570
39.5,3,9,2,2578
39.5,3,9,3,2586
39.5,3,9,4,2594
39.5,3,9,5,2602
39.5,3,9,6,2611
39.5,3,9,7,2619
39.5,3,9,8,2627
39.5,3,9,9,2635
39.5,3,9,10,2643
39.5,3,9,11,2651
39.5,3,9,12,2659
39.5,3,9,13,2667
39.5,3,9,14,2675
39.5,3,9,15,2683
39.5,3,10,0,2570
39.5,3,10,1,2578
39.5,3,10,2,2586
39.5,3,10,3,2594
39.5,3,10,4,2602
39.5,3,10,5,2611
39.5,3,10,6,2619
39.5,3,10,7,2627
39.5,3,10,8,2635
39.5,3,10,9,2643
39.5,3,10,10,2651
39.5,3,10,11,2659
39.5,3,10,12,2667
39.5,3,10,13,2675
39.5,3,10,14,2683
39.5,3,10,15,2691
39.5,3,11,0,2578
39.5,3,11,1,2586
39.5,3,11,2,2594
39.5,3,11,3,2602
39.5,3,11,4,2611
39.5,3,11,5,2619
39.5,3,11,6,2627
39.5,3,11,7,2635
39.5,3,11,8,2643
39.5,3,11,9,2651
39.5,3,11,10,2659
39.5,3,11,11,2668
39.5,3,11,12,2676
39.5,3,11,13,2684
39.5,3,11,14,2692
39.5,3,11,15,2699
39.5,3,12,0,2586
39.5,3,12,1,2594
39.5,3,12,2,2602
39.5,3,12,3,2611
39.5,3,12,4,2619
39.5,3,12,5,2627
39.5,3,12,6,2635
39.5,3,12,7,2643
39.5,3,12,8,2652
39.5,3,12,9,2660
39.5,3,12,10,2668
39.5,3,12,11,2676
39.5,3,12,12,2684
39.5,3,12,13,2692
39.5,3,12,14,2700
39.5,3,12,15,2708
39.5,3,13,0,2594
39.5,3,13,1,2602
39.5,3,13,2,2610
39.5,3,13,3,2619
39.5,3,13,4,2627
39.5,3,13,5,2635
39.5,3,13,6,2643
39.5,3,13,7,2652
39.5,3,13,8,2660
39.5,3,13,9,2668
39.5,3,13,10,2676
39.5,3,13,11,2684
39.5,3,13,12,2692
39.5,3,13,13,2700
39.5,3,13,14,2708
39.5,3,13,15,2716
39.5,3,14,0,2602
39.5,3,14,1,2610
39.5,3,14,2,2618
39.5,3,14,3,2627
39.5,3,14,4,2635
39.5,3,14,5,2643
39.5,3,14,6,2652
39.5,3,14,7,2660
39.5,3,14,8,2668
39.5,3,14,9,2676
39.5,3,14,10,2684
39.5,3,14,11,2692
39.5,3,14,12,2701
39.5,3,14,13,2709
39.5,3,14,14,2717
39.5,3,14,15,2725
39.5,3,15,0,2610
39.5,3,15,1,2618
39.5,3,15,2,2626
39.5,3,15,3,2635
39.5,3,15,4,2643
39.5,3,15,5,2651
39.5,3,15,6,2660
39.5,3,15,7,2668
39.5,3,15,8,2676
39.5,3,15,9,2684
39.5,3,15,10,2693
39.5,3,15,11,2701
39.5,3,15,12,2709
39.5,3,15,13,2717
39.5,3,15,14,2725
39.5,3,15,15,2733
39.5,4,0,0,2497
39.5,4,0,1,2505
39.5,4,0,2,2513
39.5,4,0,3,2521
39.5,4,0,4,2529
39.5,4,0,5,2537
39.5,4,0,6,2545
39.5,4,0,7,2553
39.5,4,0,8,2560
39.5,4,0,9,2568
39.5,4,0,10,2576
39.5,4,0,11,2584
39.5,4,0,12,2592
39.5,4,0,13,2599
39.5,4,0,14,2607
39.5,4,0,15,2615
39.5,4,1,0,2505
39.5,4,1,1,2513
39.5,4,1,2,2521
39.5,4,1,3,2529
39.5,4,1,4,2537
39.5,4,1,5,2545
39.5,4,1,6,2553
39.5,4,1,7,2561
39.5,4,1,8,2569
39.5,4,1,9,2577
39.5,4,1,10,2585
39.5,4,1,11,2593
39.5,4,1,12,2600
39.5,4,1,13,2608
39.5,4,1,14,2616
39.5,4,1,15,2624
39.5,4,2,0,2514
39.5,4,2,1,2522
39.5,4,2,2,2530
39.5,4,2,3,2538
39.5,4,2,4,2546
39.5,4,2,5,2554
39.5,4,2,6,2562
39.5,4,2,7,2570
39.5,4,2,8,2578
39.5,4,2,9,2585
39.5,4,2,10,2593
39.5,4,2,11,2601
39.5,4,2,12,2609
39.5,4,2,13,2617
39.5,4,2,14,2625
39.5,4,2,15,2632
39.5,4,3,0,2522
39.5,4,3,1,2530
39.5,4,3,2,2538
39.5,4,3,3,2546
39.5,4,3,4,2554
39.5,4,3,5,2562
39.5,4,3,6,2570
39.5,4,3,7,2578
39.5,4,3,8,2586
39.5,4,3,9,2594
39.5,4,3,10,2602
39.5,4,3,11,2610
39.5,4,3,12,2618
39.5,4,3,13,2625
39.5,4,3,14,2633
39.5,4,3,15,2641
39.5,4,4,0,2530
39.5,4,4,1,2538
39.5,4,4,2,2546
39.5,4,4,3,2555
39.5,4,4,4,2563
39.5,4,4,5,2571
39.5,4,4,6,2579
39.5,4,4,7,2587
39.5,4,4,8,2595
39.5,4,4,9,2603
39.5,4,4,10,2610
39.5,4,4,11,2618
39.5,4,4,12,2626
39.5,4,4,13,2634
39.5,4,4,14,2642
39.5,4,4,15,2650
39.5,4,5,0,2538
39.5,4,5,1,2547
39.5,4,5,2,2555
39.5,4,5,3,2563
39.5,4,5,4,2571
39.5,4,5,5,2579
39.5,4,5,6,2587
39.5,4,5,7,2595
39.5,4,5,8,2603
39.5,4,5,9,2611
39.5,4,5,10,2619
39.5,4,5,11,2627
39.5,4,5,12,2635
39.5,4,5,13,2643
39.5,4,5,14,2651
39.5,4,5,15,2658
39.5,4,6,0,2547
39.5,4,6,1,2555
39.5,4,6,2,2563
39.5,4,6,3,2571
39.5,4,6,4,2579
39.5,4,6,5,2587
39.5,4,6,6,2595
39.5,4,6,7,2604
39.5,4,6,8,2612
39.5,4,6,9,2620
39.5,4,6,10,2628
39.5,4,6,11,2635
39.5,4,6,12,2643
39.5,4,6,13,2651
39.5,4,6,14,2659
39.5,4,6,15,2667
39.5,4,7,0,2555
39.5,4,7,1,2563
39.5,4,7,2,2571
39.5,4,7,3,2579
39.5,4,7,4,2588
39.5,4,7,5,2596
39.5,4,7,6,2604
39.5,4,7,7,2612
39.5,4,7,8,2620
39.5,4,7,9,2628
39.5,4,7,10,2636
39.5,4,7,11,2644
39.5,4,7,12,2652
39.5,4,7,13,2660
39.5,4,7,14,2668
39.5,4,7,15,2676
39.5,4,8,0,2563
39.5,4,8,1,2571
39.5,4,8,2,2579
39.5,4,8,3,2588
39.5,4,8,4,2596
39.5,4,8,5,2604
39.5,4,8,6,2612
39.5,4,8,7,2620
39.5,4,8,8,2628
39.5,4,8,9,2636
39.5,4,8,10,2644
39.5,4,8,11,2652
39.5,4,8,12,2660
39.5,4,8,13,2668
39.5,4,8,14,2676
39.5,4,8,15,2684
39.5,4,9,0,2571
39.5,4,9,1,2579
39.5,4,9,2,2588
39.5,4,9,3,2596
39.5,4,9,4,2604
39.5,4,9,5,2612
39.5,4,9,6,2620
39.5,4,9,7,2629
39.5,4,9,8,2637
39.5,4,9,9,2645
39.5,4,9,10,2653
39.5,4,9,11,2661
39.5,4,9,12,2669
39.5,4,9,13,2677
39.5,4,9,14,2685
39.5,4,9,15,2693
39.5,4,10,0,2579
39.5,4,10,1,2588
39.5,4,10,2,2596
39.5,4,10,3,2604
39.5,4,10,4,2612
39.5,4,10,5,2621
39.5,4,10,6,2629
39.5,4,10,7,2637
39.5,4,10,8,2645
39.5,4,10,9,2653
39.5,4,10,10,2661
39.5,4,10,11,2669
39.5,4,10,12,2677
39.5,4,10,13,2685
39.5,4,10,14,2693
39.5,4,10,15,2701
39.5,4,11,0,2587
39.5,4,11,1,2596
39.5,4,11,2,2604
39.5,4,11,3,2612
39.5,4,11,4,2621
39.5,4,11,5,2629
39.5,4,11,6,2637
39.5,4,11,7,2645
39.5,4,11,8,2653
39.5,4,11,9,2661
39.5,4,11,10,2670
39.5,4,11,11,2678
39.5,4,11,12,2686
39.5,4,11,13,2694
39.5,4,11,14,2702
39.5,4,11,15,2710
39.5,4,12,0,2595
39.5,4,12,1,2604
39.5,4,12,2,2612
39.5,4,12,3,2620
39.5,4,12,4,2629
39.5,4,12,5,2637
39.5,4,12,6,2645
39.5,4,12,7,2653
39.5,4,12,8,2662
39.5,4,12,9,2670
39.5,4,12,10,2678
39.5,4,12,11,2686
39.5,4,12,12,2694
39.5,4,12,13,2702
39.5,4,12,14,2710
39.5,4,12,15,2718
39.5,4,13,0,2604
39.5,4,13,1,2612
39.5,4,13,2,2620
39.5,4,13,3,2629
39.5,4,13,4,2637
39.5,4,13,5,2645
39.5,4,13,6,2653
39.5,4,13,7,2662
39.5,4,13,8,2670
39.5,4,13,9,2678
39.5,4,13,10,2686
39.5,4,13,11,2694
39.5,4,13,12,2702
39.5,4,13,13,2711
39.5,4,13,14,2719
39.5,4,13,15,2727
39.5,4,14,0,2612
39.5,4,14,1,2620
39.5,4,14,2,2628
39.5,4,14,3,2637
39.5,4,14,4,2645
39.5,4,14,5,2653
39.5,4,14,6,2662
39.5,4,14,7,2670
39.5,4,14,8,2678
39.5,4,14,9,2686
39.5,4,14,10,2694
39.5,4,14,11,2703
39.5,4,14,12,2711
39.5,4,14,13,2719
39.5,4,14,14,2727
39.5,4,14,15,2735
39.5,4,15,0,2620
39.5,4,15,1,2628
39.5,4,15,2,2636
39.5,4,15,3,2645
39.5,4,15,4,2653
39.5,4,15,5,2661
39.5,4,15,6,2670
39.5,4,15,7,2678
39.5,4,15,8,2686
39.5,4,15,9,2695
39.5,4,15,10,2703
39.5,4,15,11,2711
39.5,4,15,12,2719
39.5,4,15,13,2727
39.5,4,15,14,2735
39.5,4,15,15,2743
39.5,5,0,0,2506
39.5,5,0,1,2514
39.5,5,0,2,2522
39.5,5,0,3,2530
39.5,5,0,4,2538
39.5,5,0,5,2546
39.5,5,0,6,2554
39.5,5,0,7,2562
39.5,5,0,8,2570
39.5,5,0,9,2578
39.5,5,0,10,2586
39.5,5,0,11,2594
39.5,5,0,12,2601
39.5,5,0,13,2609
39.5,5,0,14,2617
39.5,5,0,15,2625
39.5,5,1,0,2515
39.5,5,1,1,2523
39.5,5,1,2,2531
39.5,5,1,3,2539
39.5,5,1,4,2547
39.5,5,1,5,2555
39.5,5,1,6,2563
39.5,5,1,7,2571
39.5,5,1,8,2579
39.5,5,1,9,2587
39.5,5,1,10,2595
39.5,5,1,11,2602
39.5,5,1,12,2610
39.5,5,1,13,2618
39.5,5,1,14,2626
39.5,5,1,15,2634
39.5,5,2,0,2523
39.5,5,2,1,2531
39.5,5,2,2,2539
39.5,5,2,3,2547
39.5,5,2,4,2555
39.5,5,2,5,2563
39.5,5,2,6,2571
39.5,5,2,7,2579
39.5,5,2,8,2587
39.5,5,2,9,2595
39.5,5,2,10,2603
39.5,5,2,11,2611
39.5,5,2,12,2619
39.5,5,2,13,2627
39.5,5,2,14,2635
39.5,5,2,15,2642
39.5,5,3,0,2531
39.5,5,3,1,2540
39.5,5,3,2,2548
39.5,5,3,3,2556
39.5,5,3,4,2564
39.5,5,3,5,2572
39.5,5,3,6,2580
39.5,5,3,7,2588
39.5,5,3,8,2596
39.5,5,3,9,2604
39.5,5,3,10,2612
39.5,5,3,11,2620
39.5,5,3,12,2628
39.5,5,3,13,2635
39.5,5,3,14,2643
39.5,5,3,15,2651
39.5,5,4,0,2540
39.5,5,4,1,2548
39.5,5,4,2,2556
39.5,5,4,3,2564
39.5,5,4,4,2572
39.5,5,4,5,2580
39.5,5,4,6,2588
39.5,5,4,7,2596
39.5,5,4,8,2604
39.5,5,4,9,2612
39.5,5,4,10,2620
39.5,5,4,11,2628
39.5,5,4,12,2636
39.5,5,4,13,2644
39.5,5,4,14,2652
39.5,5,4,15,2660
39.5,5,5,0,2548
39.5,5,5,1,2556
39.5,5,5,2,2564
39.5,5,5,3,2573
39.5,5,5,4,2581
39.5,5,5,5,2589
39.5,5,5,6,2597
39.5,5,5,7,2605
39.5,5,5,8,2613
39.5,5,5,9,2621
39.5,5,5,10,2629
39.5,5,5,11,2637
39.5,5,5,12,2645
39.5,5,5,13,2653
39.5,5,5,14,2661
39.5,5,5,15,2668
39.5,5,6,0,2556
39.5,5,6,1,2564
39.5,5,6,2,2573
39.5,5,6,3,2581
39.5,5,6,4,2589
39.5,5,6,5,2597
39.5,5,6,6,2605
39.5,5,6,7,2613
39.5,5,6,8,2621
39.5,5,6,9,2629
39.5,5,6,10,2637
39.5,5,6,11,2645
39.5,5,6,12,2653
39.5,5,6,13,2661
39.5,5,6,14,2669
39.5,5,6,15,2677
39.5,5,7,0,2564
39.5,5,7,1,2573
39.5,5,7,2,2581
39.5,5,7,3,2589
39.5,5,7,4,2597
39.5,5,7,5,2606
39.5,5,7,6,2614
39.5,5,7,7,2622
39.5,5,7,8,2630
39.5,5,7,9,2638
39.5,5,7,10,2646
39.5,5,7,11,2654
39.5,5,7,12,2662
39.5,5,7,13,2670
39.5,5,7,14,2678
39.5,5,7,15,2686
39.5,5,8,0,2573
39.5,5,8,1,2581
39.5,5,8,2,2589
39.5,5,8,3,2597
39.5,5,8,4,2606
39.5,5,8,5,2614
39.5,5,8,6,2622
39.5,5,8,7,2630
39.5,5,8,8,2638
39.5,5,8,9,2646
39.5,5,8,10,2654
39.5,5,8,11,2662
39.5,5,8,12,2670
39.5,5,8,13,2678
39.5,5,8,14,2686
39.5,5,8,15,2694
39.5,5,9,0,2581
39.5,5,9,1,2589
39.5,5,9,2,2597
39.5,5,9,3,2606
39.5,5,9,4,2614
39.5,5,9,5,2622
39.5,5,9,6,2630
39.5,5,9,7,2639
39.5,5,9,8,2647
39.5,5,9,9,2655
39.5,5,9,10,2663
39.5,5,9,11,2671
39.5,5,9,12,2679
39.5,5,9,13,2687
39.5,5,9,14,2695
39.5,5,9,15,2703
39.5,5,10,0,2589
39.5,5,10,1,2597
39.5,5,10,2,2606
39.5,5,10,3,2614
39.5,5,10,4,2622
39.5,5,10,5,2630
39.5,5,10,6,2639
39.5,5,10,7,2647
39.5,5,10,8,2655
39.5,5,10,9,2663
39.5,5,10,10,2671
39.5,5,10,11,2679
39.5,5,10,12,2687
39.5,5,10,13,2695
39.5,5,10,14,2703
39.5,5,10,15,2711
39.5,5,11,0,2597
39.5,5,11,1,2606
39.5,5,11,2,2614
39.5,5,11,3,2622
39.5,5,11,4,2630
39.5,5,11,5,2639
39.5,5,11,6,2647
39.5,5,11,7,2655
39.5,5,11,8,2663
39.5,5,11,9,2671
39.5,5,11,10,2680
39.5,5,11,11,2688
39.5,5,11,12,2696
39.5,5,11,13,2704
39.5,5,11,14,2712
39.5,5,11,15,2720
39.5,5,12,0,2605
39.5,5,12,1,2614
39.5,5,12,2,2622
39.5,5,12,3,2630
39.5,5,12,4,2639
39.5,5,12,5,2647
39.5,5,12,6,2655
39.5,5,12,7,2663
39.5,5,12,8,2672
39.5,5,12,9,2680
39.5,5,12,10,2688
39.5,5,12,11,2696
39.5,5,12,12,2704
39.5,5,12,13,2712
39.5,5,12,14,2720
39.5,5,12,15,2728
39.5,5,13,0,2613
39.5,5,13,1,2622
39.5,5,13,2,2630
39.5,5,13,3,2639
39.5,5,13,4,2647
39.5,5,13,5,2655
39.5,5,13,6,2663
39.5,5,13,7,2672
39.5,5,13,8,2680
39.5,5,13,9,2688
39.5,5,13,10,2696
39.5,5,13,11,2704
39.5,5,13,12,2713
39.5,5,13,13,2721
39.5,5,13,14,2729
39.5,5,13,15,2737
39.5,5,14,0,2621
39.5,5,14,1,2630
39.5,5,14,2,2638
39.5,5,14,3,2647
39.5,5,14,4,2655
39.5,5,14,5,2663
39.5,5,14,6,2672
39.5,5,14,7,2680
39.5,5,14,8,2688
39.5,5,14,9,2696
39.5,5,14,10,2705
39.5,5,14,11,2713
39.5,5,14,12,2721
39.5,5,14,13,2729
39.5,5,14,14,2737
39.5,5,14,15,2745
39.5,5,15,0,2629
39.5,5,15,1,2638
39.5,5,15,2,2646
39.5,5,15,3,2655
39.5,5,15,4,2663
39.5,5,15,5,2671
39.5,5,15,6,2680
39.5,5,15,7,2688
39.5,5,15,8,2696
39.5,5,15,9,2705
39.5,5,15,10,2713
39.5,5,15,11,2721
39.5,5,15,12,2729
39.5,5,15,13,2737
39.5,5,15,14,2746
39.5,5,15,15,2754
39.5,6,0,0,2516
39.5,6,0,1,2524
39.5,6,0,2,2532
39.5,6,0,3,2540
39.5,6,0,4,2548
39.5,6,0,5,2556
39.5,6,0,6,2564
39.5,6,0,7,2572
39.5,6,0,8,2580
39.5,6,0,9,2588
39.5,6,0,10,2596
39.5,6,0,11,2603
39.5,6,0,12,2611
39.5,6,0,13,2619
39.5,6,0,14,2627
39.5,6,0,15,2635
39.5,6,1,0,2524
39.5,6,1,1,2532
39.5,6,1,2,2540
39.5,6,1,3,2548
39.5,6,1,4,2556
39.5,6,1,5,2565
39.5,6,1,6,2573
39.5,6,1,7,2580
39.5,6,1,8,2588
39.5,6,1,9,2596
39.5,6,1,10,2604
39.5,6,1,11,2612
39.5,6,1,12,2620
39.5,6,1,13,2628
39.5,6,1,14,2636
39.5,6,1,15,2643
39.5,6,2,0,2533
39.5,6,2,1,2541
39.5,6,2,2,2549
39.5,6,2,3,2557
39.5,6,2,4,2565
39.5,6,2,5,2573
39.5,6,2,6,2581
39.5,6,2,7,2589
39.5,6,2,8,2597
39.5,6,2,9,2605
39.5,6,2,10,2613
39.5,6,2,11,2621
39.5,6,2,12,2629
39.5,6,2,13,2637
39.5,6,2,14,2644
39.5,6,2,15,2652
39.5,6,3,0,2541
39.5,6,3,1,2549
39.5,6,3,2,2557
39.5,6,3,3,2565
39.5,6,3,4,2573
39.5,6,3,5,2582
39.5,6,3,6,2590
39.5,6,3,7,2598
39.5,6,3,8,2606
39.5,6,3,9,2614
39.5,6,3,10,2622
39.5,6,3,11,2630
39.5,6,3,12,2637
39.5,6,3,13,2645
39.5,6,3,14,2653
39.5,6,3,15,2661
39.5,6,4,0,2549
39.5,6,4,1,2557
39.5,6,4,2,2566
39.5,6,4,3,2574
39.5,6,4,4,2582
39.5,6,4,5,2590
39.5,6,4,6,2598
39.5,6,4,7,2606
39.5,6,4,8,2614
39.5,6,4,9,2622
39.5,6,4,10,2630
39.5,6,4,11,2638
39.5,6,4,12,2646
39.5,6,4,13,2654
39.5,6,4,14,2662
39.5,6,4,15,2670
39.5,6,5,0,2558
39.5,6,5,1,2566
39.5,6,5,2,2574
39.5,6,5,3,2582
39.5,6,5,4,2590
39.5,6,5,5,2598
39.5,6,5,6,2607
39.5,6,5,7,2615
39.5,6,5,8,2623
39.5,6,5,9,2631
39.5,6,5,10,2639
39.5,6,5,11,2647
39.5,6,5,12,2655
39.5,6,5,13,2663
39.5,6,5,14,2671
39.5,6,5,15,2678
39.5,6,6,0,2566
39.5,6,6,1,2574
39.5,6,6,2,2582
39.5,6,6,3,2591
39.5,6,6,4,2599
39.5,6,6,5,2607
39.5,6,6,6,2615
39.5,6,6,7,2623
39.5,6,6,8,2631
39.5,6,6,9,2639
39.5,6,6,10,2647
39.5,6,6,11,2655
39.5,6,6,12,2663
39.5,6,6,13,2671
39.5,6,6,14,2679
39.5,6,6,15,2687
39.5,6,7,0,2574
39.5,6,7,1,2582
39.5,6,7,2,2591
39.5,6,7,3,2599
39.5,6,7,4,2607
39.5,6,7,5,2615
39.5,6,7,6,2623
39.5,6,7,7,2632
39.5,6,7,8,2640
39.5,6,7,9,2648
39.5,6,7,10,2656
39.5,6,7,11,2664
39.5,6,7,12,2672
39.5,6,7,13,2680
39.5,6,7,14,2688
39.5,6,7,15,2696
39.5,6,8,0,2582
39.5,6,8,1,2591
39.5,6,8,2,2599
39.5,6,8,3,2607
39.5,6,8,4,2615
39.5,6,8,5,2624
39.5,6,8,6,2632
39.5,6,8,7,2640
39.5,6,8,8,2648
39.5,6,8,9,2656
39.5,6,8,10,2664
39.5,6,8,11,2672
39.5,6,8,12,2680
39.5,6,8,13,2688
39.5,6,8,14,2696
39.5,6,8,15,2704
39.5,6,9,0,2591
39.5,6,9,1,2599
39.5,6,9,2,2607
39.5,6,9,3,2616
39.5,6,9,4,2624
39.5,6,9,5,2632
39.5,6,9,6,2640
39.5,6,9,7,2648
39.5,6,9,8,2657
39.5,6,9,9,2665
39.5,6,9,10,2673
39.5,6,9,11,2681
39.5,6,9,12,2689
39.5,6,9,13,2697
39.5,6,9,14,2705
39.5,6,9,15,2713
39.5,6,10,0,2599
39.5,6,10,1,2607
39.5,6,10,2,2615
39.5,6,10,3,2624
39.5,6,10,4,2632
39.5,6,10,5,2640
39.5,6,10,6,2649
39.5,6,10,7,2657
39.5,6,10,8,2665
39.5,6,10,9,2673
39.5,6,10,10,2681
39.5,6,10,11,2689
39.5,6,10,12,2697
39.5,6,10,13,2706
39.5,6,10,14,2714
39.5,6,10,15,2722
39.5,6,11,0,2607
39.5,6,11,1,2615
39.5,6,11,2,2624
39.5,6,11,3,2632
39.5,6,11,4,2640
39.5,6,11,5,2649
39.5,6,11,6,2657
39.5,6,11,7,2665
39.5,6,11,8,2673
39.5,6,11,9,2682
39.5,6,11,10,2690
39.5,6,11,11,2698
39.5,6,11,12,2706
39.5,6,11,13,2714
39.5,6,11,14,2722
39.5,6,11,15,2730
39.5,6,12,0,2615
39.5,6,12,1,2623
39.5,6,12,2,2632
39.5,6,12,3,2640
39.5,6,12,4,2649
39.5,6,12,5,2657
39.5,6,12,6,2665
39.5,6,12,7,2673
39.5,6,12,8,2682
39.5,6,12,9,2690
39.5,6,12,10,2698
39.5,6,12,11,2706
39.5,6,12,12,2714
39.5,6,12,13,2723
39.5,6,12,14,2731
39.5,6,12,15,2739
39.5,6,13,0,2623
39.5,6,13,1,2632
39.5,6,13,2,2640
39.5,6,13,3,2648
39.5,6,13,4,2657
39.5,6,13,5,2665
39.5,6,13,6,2673
39.5,6,13,7,2682
39.5,6,13,8,2690
39.5,6,13,9,2698
39.5,6,13,10,2706
39.5,6,13,11,2715
39.5,6,13,12,2723
39.5,6,13,13,2731
39.5,6,13,14,2739
39.5,6,13,15,2747
39.5,6,14,0,2631
39.5,6,14,1,2640
39.5,6,14,2,2648
39.5,6,14,3,2657
39.5,6,14,4,2665
39.5,6,14,5,2673
39.5,6,14,6,2682
39.5,6,14,7,2690
39.5,6,14,8,2698
39.5,6,14,9,2707
39.5,6,14,10,2715
39.5,6,14,11,2723
39.5,6,14,12,2731
39.5,6,14,13,2739
39.5,6,14,14,2748
39.5,6,14,15,2756
39.5,6,15,0,2639
39.5,6,15,1,2648
39.5,6,15,2,2656
39.5,6,15,3,2665
39.5,6,15,4,2673
39.5,6,15,5,2682
39.5,6,15,6,2690
39.5,6,15,7,2698
39.5,6,15,8,2707
39.5,6,15,9,2715
39.5,6,15,10,2723
39.5,6,15,11,2731
39.5,6,15,12,2740
39.5,6,15,13,2748
39.5,6,15,14,2756
39.5,6,15,15,2764
39.5,7,0,0,2525
39.5,7,0,1,2533
39.5,7,0,2,2541
39.5,7,0,3,2549
39.5,7,0,4,2557
39.5,7,0,5,2566
39.5,7,0,6,2574
39.5,7,0,7,2582
39.5,7,0,8,2589
39.5,7,0,9,2597
39.5,7,0,10,2605
39.5,7,0,11,2613
39.5,7,0,12,2621
39.5,7,0,13,2629
39.5,7,0,14,2637
39.5,7,0,15,2644
39.5,7,1,0,2534
39.5,7,1,1,2542
39.5,7,1,2,2550
39.5,7,1,3,2558
39.5,7,1,4,2566
39.5,7,1,5,2574
39.5,7,1,6,2582
39.5,7,1,7,2590
39.5,7,1,8,2598
39.5,7,1,9,2606
39.5,7,1,10,2614
39.5,7,1,11,2622
39.5,7,1,12,2630
39.5,7,1,13,2638
39.5,7,1,14,2646
39.5,7,1,15,2653
39.5,7,2,0,2542
39.5,7,2,1,2550
39.5,7,2,2,2558
39.5,7,2,3,2566
39.5,7,2,4,2575
39.5,7,2,5,2583
39.5,7,2,6,2591
39.5,7,2,7,2599
39.5,7,2,8,2607
39.5,7,2,9,2615
39.5,7,2,10,2623
39.5,7,2,11,2631
39.5,7,2,12,2639
39.5,7,2,13,2646
39.5,7,2,14,2654
39.5,7,2,15,2662
39.5,7,3,0,2550
39.5,7,3,1,2559
39.5,7,3,2,2567
39.5,7,3,3,2575
39.5,7,3,4,2583
39.5,7,3,5,2591
39.5,7,3,6,2599
39.5,7,3,7,2607
39.5,7,3,8,2615
39.5,7,3,9,2623
39.5,7,3,10,2631
39.5,7,3,11,2639
39.5,7,3,12,2647
39.5,7,3,13,2655
39.5,7,3,14,2663
39.5,7,3,15,2671
39.5,7,4,0,2559
39.5,7,4,1,2567
39.5,7,4,2,2575
39.5,7,4,3,2583
39.5,7,4,4,2592
39.5,7,4,5,2600
39.5,7,4,6,2608
39.5,7,4,7,2616
39.5,7,4,8,2624
39.5,7,4,9,2632
39.5,7,4,10,2640
39.5,7,4,11,2648
39.5,7,4,12,2656
39.5,7,4,13,2664
39.5,7,4,14,2672
39.5,7,4,15,2680
39.5,7,5,0,2567
39.5,7,5,1,2575
39.5,7,5,2,2584
39.5,7,5,3,2592
39.5,7,5,4,2600
39.5,7,5,5,2608
39.5,7,5,6,2616
39.5,7,5,7,2624
39.5,7,5,8,2633
39.5,7,5,9,2641
39.5,7,5,10,2649
39.5,7,5,11,2657
39.5,7,5,12,2665
39.5,7,5,13,2673
39.5,7,5,14,2681
39.5,7,5,15,2689
39.5,7,6,0,2575
39.5,7,6,1,2584
39.5,7,6,2,2592
39.5,7,6,3,2600
39.5,7,6,4,2608
39.5,7,6,5,2617
39.5,7,6,6,2625
39.5,7,6,7,2633
39.5,7,6,8,2641
39.5,7,6,9,2649
39.5,7,6,10,2657
39.5,7,6,11,2665
39.5,7,6,12,2673
39.5,7,6,13,2681
39.5,7,6,14,2689
39.5,7,6,15,2697
39.5,7,7,0,2584
39.5,7,7,1,2592
39.5,7,7,2,2600
39.5,7,7,3,2609
39.5,7,7,4,2617
39.5,7,7,5,2625
39.5,7,7,6,2633
39.5,7,7,7,2641
39.5,7,7,8,2650
39.5,7,7,9,2658
39.5,7,7,10,2666
39.5,7,7,11,2674
39.5,7,7,12,2682
39.5,7,7,13,2690
39.5,7,7,14,2698
39.5,7,7,15,2706
39.5,7,8,0,2592
39.5,7,8,1,2600
39.5,7,8,2,2609
39.5,7,8,3,2617
39.5,7,8,4,2625
39.5,7,8,5,2634
39.5,7,8,6,2642
39.5,7,8,7,2650
39.5,7,8,8,2658
39.5,7,8,9,2666
39.5,7,8,10,2674
39.5,7,8,11,2682
39.5,7,8,12,2691
39.5,7,8,13,2699
39.5,7,8,14,2707
39.5,7,8,15,2715
39.5,7,9,0,2600
39.5,7,9,1,2609
39.5,7,9,2,2617
39.5,7,9,3,2625
39.5,7,9,4,2634
39.5,7,9,5,2642
39.5,7,9,6,2650
39.5,7,9,7,2658
39.5,7,9,8,2667
39.5,7,9,9,2675
39.5,7,9,10,2683
39.5,7,9,11,2691
39.5,7,9,12,2699
39.5,7,9,13,2707
39.5,7,9,14,2715
39.5,7,9,15,2723
39.5,7,10,0,2608
39.5,7,10,1,2617
39.5,7,10,2,2625
39.5,7,10,3,2634
39.5,7,10,4,2642
39.5,7,10,5,2650
39.5,7,10,6,2658
39.5,7,10,7,2667
39.5,7,10,8,2675
39.5,7,10,9,2683
39.5,7,10,10,2691
39.5,7,10,11,2699
39.5,7,10,12,2708
39.5,7,10,13,2716
39.5,7,10,14,2724
39.5,7,10,15,2732
39.5,7,11,0,2617
39.5,7,11,1,2625
39.5,7,11,2,2634
39.5,7,11,3,2642
39.5,7,11,4,2650
39.5,7,11,5,2659
39.5,7,11,6,2667
39.5,7,11,7,2675
39.5,7,11,8,2683
39.5,7,11,9,2692
39.5,7,11,10,2700
39.5,7,11,11,2708
39.5,7,11,12,2716
39.5,7,11,13,2724
39.5,7,11,14,2732
39.5,7,11,15,2740
39.5,7,12,0,2625
39.5,7,12,1,2633
39.5,7,12,2,2642
39.5,7,12,3,2650
39.5,7,12,4,2658
39.5,7,12,5,2667
39.5,7,12,6,2675
39.5,7,12,7,2683
39.5,7,12,8,2692
39.5,7,12,9,2700
39.5,7,12,10,2708
39.5,7,12,11,2716
39.5,7,12,12,2725
39.5,7,12,13,2733
39.5,7,12,14,2741
39.5,7,12,15,2749
39.5,7,13,0,2633
39.5,7,13,1,2641
39.5,7,13,2,2650
39.5,7,13,3,2658
39.5,7,13,4,2667
39.5,7,13,5,2675
39.5,7,13,6,2683
39.5,7,13,7,2692
39.5,7,13,8,2700
39.5,7,13,9,2708
39.5,7,13,10,2717
39.5,7,13,11,2725
39.5,7,13,12,2733
39.5,7,13,13,2741
39.5,7,13,14,2749
39.5,7,13,15,2757
39.5,7,14,0,2641
39.5,7,14,1,2650
39.5,7,14,2,2658
39.5,7,14,3,2667
39.5,7,14,4,2675
39.5,7,14,5,2683
39.5,7,14,6,2692
39.5,7,14,7,2700
39.5,7,14,8,2708
39.5,7,14,9,2717
39.5,7,14,10,2725
39.5,7,14,11,2733
39.5,7,14,12,2741
39.5,7,14,13,2750
39.5,7,14,14,2758
39.5,7,14,15,2766
39.5,7,15,0,2649
39.5,7,15,1,2658
39.5,7,15,2,2666
39.5,7,15,3,2675
39.5,7,15,4,2683
39.5,7,15,5,2692
39.5,7,15,6,2700
39.5,7,15,7,2708
39.5,7,15,8,2717
39.5,7,15,9,2725
39.5,7,15,10,2733
39.5,7,15,11,2742
39.5,7,15,12,2750
39.5,7,15,13,2758
39.5,7,15,14,2766
39.5,7,15,15,2774
39.5,8,0,0,2535
39.5,8,0,1,2543
39.5,8,0,2,2551
39.5,8,0,3,2559
39.5,8,0,4,2567
39.5,8,0,5,2575
39.5,8,0,6,2583
39.5,8,0,7,2591
39.5,8,0,8,2599
39.5,8,0,9,2607
39.5,8,0,10,2615
39.5,8,0,11,2623
39.5,8,0,12,2631
39.5,8,0,13,2639
39.5,8,0,14,2647
39.5,8,0,15,2654
39.5,8,1,0,2543
39.5,8,1,1,2551
39.5,8,1,2,2559
39.5,8,1,3,2568
39.5,8,1,4,2576
39.5,8,1,5,2584
39.5,8,1,6,2592
39.5,8,1,7,2600
39.5,8,1,8,2608
39.5,8,1,9,2616
39.5,8,1,10,2624
39.5,8,1,11,2632
39.5,8,1,12,2640
39.5,8,1,13,2648
39.5,8,1,14,2655
39.5,8,1,15,2663
39.5,8,2,0,2551
39.5,8,2,1,2560
39.5,8,2,2,2568
39.5,8,2,3,2576
39.5,8,2,4,2584
39.5,8,2,5,2592
39.5,8,2,6,2600
39.5,8,2,7,2608
39.5,8,2,8,2617
39.5,8,2,9,2625
39.5,8,2,10,2633
39.5,8,2,11,2640
39.5,8,2,12,2648
39.5,8,2,13,2656
39.5,8,2,14,2664
39.5,8,2,15,2672
39.5,8,3,0,2560
39.5,8,3,1,2568
39.5,8,3,2,2576
39.5,8,3,3,2585
39.5,8,3,4,2593
39.5,8,3,5,2601
39.5,8,3,6,2609
39.5,8,3,7,2617
39.5,8,3,8,2625
39.5,8,3,9,2633
39.5,8,3,10,2641
39.5,8,3,11,2649
39.5,8,3,12,2657
39.5,8,3,13,2665
39.5,8,3,14,2673
39.5,8,3,15,2681
39.5,8,4,0,2568
39.5,8,4,1,2577
39.5,8,4,2,2585
39.5,8,4,3,2593
39.5,8,4,4,2601
39.5,8,4,5,2609
39.5,8,4,6,2618
39.5,8,4,7,2626
39.5,8,4,8,2634
39.5,8,4,9,2642
39.5,8,4,10,2650
39.5,8,4,11,2658
39.5,8,4,12,2666
39.5,8,4,13,2674
39.5,8,4,14,2682
39.5,8,4,15,2690
39.5,8,5,0,2577
39.5,8,5,1,2585
39.5,8,5,2,2593
39.5,8,5,3,2602
39.5,8,5,4,2610
39.5,8,5,5,2618
39.5,8,5,6,2626
39.5,8,5,7,2634
39.5,8,5,8,2642
39.5,8,5,9,2650
39.5,8,5,10,2659
39.5,8,5,11,2667
39.5,8,5,12,2675
39.5,8,5,13,2683
39.5,8,5,14,2691
39.5,8,5,15,2699
39.5,8,6,0,2585
39.5,8,6,1,2593
39.5,8,6,2,2602
39.5,8,6,3,2610
39.5,8,6,4,2618
39.5,8,6,5,2626
39.5,8,6,6,2635
39.5,8,6,7,2643
39.5,8,6,8,2651
39.5,8,6,9,2659
39.5,8,6,10,2667
39.5,8,6,11,2675
39.5,8,6,12,2683
39.5,8,6,13,2691
39.5,8,6,14,2699
39.5,8,6,15,2707
39.5,8,7,0,2593
39.5,8,7,1,2602
39.5,8,7,2,2610
39.5,8,7,3,2618
39.5,8,7,4,2627
39.5,8,7,5,2635
39.5,8,7,6,2643
39.5,8,7,7,2651
39.5,8,7,8,2659
39.5,8,7,9,2668
39.5,8,7,10,2676
39.5,8,7,11,2684
39.5,8,7,12,2692
39.5,8,7,13,2700
39.5,8,7,14,2708
39.5,8,7,15,2716
39.5,8,8,0,2602
39.5,8,8,1,2610
39.5,8,8,2,2618
39.5,8,8,3,2627
39.5,8,8,4,2635
39.5,8,8,5,2643
39.5,8,8,6,2652
39.5,8,8,7,2660
39.5,8,8,8,2668
39.5,8,8,9,2676
39.5,8,8,10,2684
39.5,8,8,11,2692
39.5,8,8,12,2701
39.5,8,8,13,2709
39.5,8,8,14,2717
39.5,8,8,15,2725
39.5,8,9,0,2610
39.5,8,9,1,2618
39.5,8,9,2,2627
39.5,8,9,3,2635
39.5,8,9,4,2643
39.5,8,9,5,2652
39.5,8,9,6,2660
39.5,8,9,7,2668
39.5,8,9,8,2676
39.5,8,9,9,2685
39.5,8,9,10,2693
39.5,8,9,11,2701
39.5,8,9,12,2709
39.5,8,9,13,2717
39.5,8,9,14,2725
39.5,8,9,15,2733
39.5,8,10,0,2618
39.5,8,10,1,2627
39.5,8,10,2,2635
39.5,8,10,3,2643
39.5,8,10,4,2652
39.5,8,10,5,2660
39.5,8,10,6,2668
39.5,8,10,7,2677
39.5,8,10,8,2685
39.5,8,10,9,2693
39.5,8,10,10,2701
39.5,8,10,11,2710
39.5,8,10,12,2718
39.5,8,10,13,2726
39.5,8,10,14,2734
39.5,8,10,15,2742
39.5,8,11,0,2626
39.5,8,11,1,2635
39.5,8,11,2,2643
39.5,8,11,3,2652
39.5,8,11,4,2660
39.5,8,11,5,2668
39.5,8,11,6,2677
39.5,8,11,7,2685
39.5,8,11,8,2693
39.5,8,11,9,2702
39.5,8,11,10,2710
39.5,8,11,11,2718
39.5,8,11,12,2726
39.5,8,11,13,2734
39.5,8,11,14,2743
39.5,8,11,15,2751
39.5,8,12,0,2635
39.5,8,12,1,2643
39.5,8,12,2,2652
39.5,8,12,3,2660
39.5,8,12,4,2668
39.5,8,12,5,2677
39.5,8,12,6,2685
39.5,8,12,7,2693
39.5,8,12,8,2702
39.5,8,12,9,2710
39.5,8,12,10,2718
39.5,8,12,11,2727
39.5,8,12,12,2735
39.5,8,12,13,2743
39.5,8,12,14,2751
39.5,8,12,15,2759
39.5,8,13,0,2643
39.5,8,13,1,2651
39.5,8,13,2,2660
39.5,8,13,3,2668
39.5,8,13,4,2677
39.5,8,13,5,2685
39.5,8,13,6,2693
39.5,8,13,7,2702
39.5,8,13,8,2710
39.5,8,13,9,2718
39.5,8,13,10,2727
39.5,8,13,11,2735
39.5,8,13,12,2743
39.5,8,13,13,2751
39.5,8,13,14,2760
39.5,8,13,15,2768
39.5,8,14,0,2651
39.5,8,14,1,2659
39.5,8,14,2,2668
39.5,8,14,3,2676
39.5,8,14,4,2685
39.5,8,14,5,2693
39.5,8,14,6,2702
39.5,8,14,7,2710
39.5,8,14,8,2719
39.5,8,14,9,2727
39.5,8,14,10,2735
39.5,8,14,11,2743
39.5,8,14,12,2752
39.5,8,14,13,2760
39.5,8,14,14,2768
39.5,8,14,15,2776
39.5,8,15,0,2659
39.5,8,15,1,2668
39.5,8,15,2,2676
39.5,8,15,3,2685
39.5,8,15,4,2693
39.5,8,15,5,2702
39.5,8,15,6,2710
39.5,8,15,7,2718
39.5,8,15,8,2727
39.5,8,15,9,2735
39.5,8,15,10,2744
39.5,8,15,11,2752
39.5,8,15,12,2760
39.5,8,15,13,2768
39.5,8,15,14,2777
39.5,8,15,15,2785
39.5,9,0,0,2544
39.5,9,0,1,2552
39.5,9,0,2,2560
39.5,9,0,3,2568
39.5,9,0,4,2577
39.5,9,0,5,2585
39.5,9,0,6,2593
39.5,9,0,7,2601
39.5,9,0,8,2609
39.5,9,0,9,2617
39.5,9,0,10,2625
39.5,9,0,11,2633
39.5,9,0,12,2641
39.5,9,0,13,2649
39.5,9,0,14,2656
39.5,9,0,15,2664
39.5,9,1,0,2552
39.5,9,1,1,2561
39.5,9,1,2,2569
39.5,9,1,3,2577
39.5,9,1,4,2585
39.5,9,1,5,2593
39.5,9,1,6,2601
39.5,9,1,7,2609
39.5,9,1,8,2618
39.5,9,1,9,2626
39.5,9,1,10,2634
39.5,9,1,11,2642
39.5,9,1,12,2649
39.5,9,1,13,2657
39.5,9,1,14,2665
39.5,9,1,15,2673
39.5,9,2,0,2561
39.5,9,2,1,2569
39.5,9,2,2,2577
39.5,9,2,3,2586
39.5,9,2,4,2594
39.5,9,2,5,2602
39.5,9,2,6,2610
39.5,9,2,7,2618
39.5,9,2,8,2626
39.5,9,2,9,2634
39.5,9,2,10,2642
39.5,9,2,11,2650
39.5,9,2,12,2658
39.5,9,2,13,2666
39.5,9,2,14,2674
39.5,9,2,15,2682
39.5,9,3,0,2569
39.5,9,3,1,2578
39.5,9,3,2,2586
39.5,9,3,3,2594
39.5,9,3,4,2602
39.5,9,3,5,2611
39.5,9,3,6,2619
39.5,9,3,7,2627
39.5,9,3,8,2635
39.5,9,3,9,2643
39.5,9,3,10,2651
39.5,9,3,11,2659
39.5,9,3,12,2667
39.5,9,3,13,2675
39.5,9,3,14,2683
39.5,9,3,15,2691
39.5,9,4,0,2578
39.5,9,4,1,2586
39.5,9,4,2,2594
39.5,9,4,3,2603
39.5,9,4,4,2611
39.5,9,4,5,2619
39.5,9,4,6,2627
39.5,9,4,7,2635
39.5,9,4,8,2644
39.5,9,4,9,2652
39.5,9,4,10,2660
39.5,9,4,11,2668
39.5,9,4,12,2676
39.5,9,4,13,2684
39.5,9,4,14,2692
39.5,9,4,15,2700
39.5,9,5,0,2586
39.5,9,5,1,2595
39.5,9,5,2,2603
39.5,9,5,3,2611
39.5,9,5,4,2619
39.5,9,5,5,2628
39.5,9,5,6,2636
39.5,9,5,7,2644
39.5,9,5,8,2652
39.5,9,5,9,2660
39.5,9,5,10,2668
39.5,9,5,11,2677
39.5,9,5,12,2685
39.5,9,5,13,2693
39.5,9,5,14,2701
39.5,9,5,15,2709
39.5,9,6,0,2595
39.5,9,6,1,2603
39.5,9,6,2,2611
39.5,9,6,3,2620
39.5,9,6,4,2628
39.5,9,6,5,2636
39.5,9,6,6,2644
39.5,9,6,7,2653
39.5,9,6,8,2661
39.5,9,6,9,2669
39.5,9,6,10,2677
39.5,9,6,11,2685
39.5,9,6,12,2693
39.5,9,6,13,2701
39.5,9,6,14,2709
39.5,9,6,15,2717
39.5,9,7,0,2603
39.5,9,7,1,2611
39.5,9,7,2,2620
39.5,9,7,3,2628
39.5,9,7,4,2636
39.5,9,7,5,2645
39.5,9,7,6,2653
39.5,9,7,7,2661
39.5,9,7,8,2669
39.5,9,7,9,2678
39.5,9,7,10,2686
39.5,9,7,11,2694
39.5,9,7,12,2702
39.5,9,7,13,2710
39.5,9,7,14,2718
39.5,9,7,15,2726
39.5,9,8,0,2611
39.5,9,8,1,2620
39.5,9,8,2,2628
39.5,9,8,3,2637
39.5,9,8,4,2645
39.5,9,8,5,2653
39.5,9,8,6,2661
39.5,9,8,7,2670
39.5,9,8,8,2678
39.5,9,8,9,2686
39.5,9,8,10,2694
39.5,9,8,11,2702
39.5,9,8,12,2711
39.5,9,8,13,2719
39.5,9,8,14,2727
39.5,9,8,15,2735
39.5,9,9,0,2620
39.5,9,9,1,2628
39.5,9,9,2,2637
39.5,9,9,3,2645
39.5,9,9,4,2653
39.5,9,9,5,2662
39.5,9,9,6,2670
39.5,9,9,7,2678
39.5,9,9,8,2686
39.5,9,9,9,2695
39.5,9,9,10,2703
39.5,9,9,11,2711
39.5,9,9,12,2719
39.5,9,9,13,2727
39.5,9,9,14,2735
39.5,9,9,15,2744
39.5,9,10,0,2628
39.5,9,10,1,2636
39.5,9,10,2,2645
39.5,9,10,3,2653
39.5,9,10,4,2662
39.5,9,10,5,2670
39.5,9,10,6,2678
39.5,9,10,7,2687
39.5,9,10,8,2695
39.5,9,10,9,2703
39.5,9,10,10,2711
39.5,9,10,11,2720
39.5,9,10,12,2728
39.5,9,10,13,2736
39.5,9,10,14,2744
39.5,9,10,15,2752
39.5,9,11,0,2636
39.5,9,11,1,2645
39.5,9,11,2,2653
39.5,9,11,3,2662
39.5,9,11,4,2670
39.5,9,11,5,2678
39.5,9,11,6,2687
39.5,9,11,7,2695
39.5,9,11,8,2703
39.5,9,11,9,2712
39.5,9,11,10,2720
39.5,9,11,11,2728
39.5,9,11,12,2736
39.5,9,11,13,2745
39.5,9,11,14,2753
39.5,9,11,15,2761
39.5,9,12,0,2644
39.5,9,12,1,2653
39.5,9,12,2,2661
39.5,9,12,3,2670
39.5,9,12,4,2678
39.5,9,12,5,2687
39.5,9,12,6,2695
39.5,9,12,7,2703
39.5,9,12,8,2712
39.5,9,12,9,2720
39.5,9,12,10,2728
39.5,9,12,11,2737
39.5,9,12,12,2745
39.5,9,12,13,2753
39.5,9,12,14,2761
39.5,9,12,15,2769
39.5,9,13,0,2653
39.5,9,13,1,2661
39.5,9,13,2,2670
39.5,9,13,3,2678
39.5,9,13,4,2687
39.5,9,13,5,2695
39.5,9,13,6,2703
39.5,9,13,7,2712
39.5,9,13,8,2720
39.5,9,13,9,2729
39.5,9,13,10,2737
39.5,9,13,11,2745
39.5,9,13,12,2753
39.5,9,13,13,2762
39.5,9,13,14,2770
39.5,9,13,15,2778
39.5,9,14,0,2661
39.5,9,14,1,2669
39.5,9,14,2,2678
39.5,9,14,3,2686
39.5,9,14,4,2695
39.5,9,14,5,2703
39.5,9,14,6,2712
39.5,9,14,7,2720
39.5,9,14,8,2729
39.5,9,14,9,2737
39.5,9,14,10,2745
39.5,9,14,11,2754
39.5,9,14,12,2762
39.5,9,14,13,2770
39.5,9,14,14,2778
39.5,9,14,15,2787
39.5,9,15,0,2669
39.5,9,15,1,2678
39.5,9,15,2,2686
39.5,9,15,3,2695
39.5,9,15,4,2703
39.5,9,15,5,2712
39.5,9,15,6,2720
39.5,9,15,7,2729
39.5,9,15,8,2737
39.5,9,15,9,2745
39.5,9,15,10,2754
39.5,9,15,11,2762
39.5,9,15,12,2770
39.5,9,15,13,2779
39.5,9,15,14,2787
39.5,9,15,15,2795
39.5,10,0,0,2553
39.5,10,0,1,2562
39.5,10,0,2,2570
39.5,10,0,3,2578
39.5,10,0,4,2586
39.5,10,0,5,2594
39.5,10,0,6,2602
39.5,10,0,7,2610
39.5,10,0,8,2618
39.5,10,0,9,2626
39.5,10,0,10,2634
39.5,10,0,11,2642
39.5,10,0,12,2650
39.5,10,0,13,2658
39.5,10,0,14,2666
39.5,10,0,15,2674
39.5,10,1,0,2562
39.5,10,1,1,2570
39.5,10,1,2,2578
39.5,10,1,3,2587
39.5,10,1,4,2595
39.5,10,1,5,2603
39.5,10,1,6,2611
39.5,10,1,7,2619
39.5,10,1,8,2627
39.5,10,1,9,2635
39.5,10,1,10,2643
39.5,10,1,11,2651
39.5,10,1,12,2659
39.5,10,1,13,2667
39.5,10,1,14,2675
39.5,10,1,15,2683
39.5,10,2,0,2570
39.5,10,2,1,2579
39.5,10,2,2,2587
39.5,10,2,3,2595
39.5,10,2,4,2603
39.5,10,2,5,2612
39.5,10,2,6,2620
39.5,10,2,7,2628
39.5,10,2,8,2636
39.5,10,2,9,2644
39.5,10,2,10,2652
39.5,10,2,11,2660
39.5,10,2,12,2668
39.5,10,2,13,2676
39.5,10,2,14,2684
39.5,10,2,15,2692
39.5,10,3,0,2579
39.5,10,3,1,2587
39.5,10,3,2,2596
39.5,10,3,3,2604
39.5,10,3,4,2612
39.5,10,3,5,2620
39.5,10,3,6,2628
39.5,10,3,7,2637
39.5,10,3,8,2645
39.5,10,3,9,2653
39.5,10,3,10,2661
39.5,10,3,11,2669
39.5,10,3,12,2677
39.5,10,3,13,2685
39.5,10,3,14,2693
39.5,10,3,15,2701
39.5,10,4,0,2587
39.5,10,4,1,2596
39.5,10,4,2,2604
39.5,10,4,3,2612
39.5,10,4,4,2621
39.5,10,4,5,2629
39.5,10,4,6,2637
39.5,10,4,7,2645
39.5,10,4,8,2653
39.5,10,4,9,2662
39.5,10,4,10,2670
39.5,10,4,11,2678
39.5,10,4,12,2686
39.5,10,4,13,2694
39.5,10,4,14,2702
39.5,10,4,15,2710
39.5,10,5,0,2596
39.5,10,5,1,2604
39.5,10,5,2,2613
39.5,10,5,3,2621
39.5,10,5,4,2629
39.5,10,5,5,2637
39.5,10,5,6,2646
39.5,10,5,7,2654
39.5,10,5,8,2662
39.5,10,5,9,2670
39.5,10,5,10,2678
39.5,10,5,11,2686
39.5,10,5,12,2695
39.5,10,5,13,2703
39.5,10,5,14,2711
39.5,10,5,15,2719
39.5,10,6,0,2604
39.5,10,6,1,2613
39.5,10,6,2,2621
39.5,10,6,3,2629
39.5,10,6,4,2638
39.5,10,6,5,2646
39.5,10,6,6,2654
39.5,10,6,7,2662
39.5,10,6,8,2671
39.5,10,6,9,2679
39.5,10,6,10,2687
39.5,10,6,11,2695
39.5,10,6,12,2703
39.5,10,6,13,2711
39.5,10,6,14,2719
39.5,10,6,15,2727
39.5,10,7,0,2613
39.5,10,7,1,2621
39.5,10,7,2,2629
39.5,10,7,3,2638
39.5,10,7,4,2646
39.5,10,7,5,2654
39.5,10,7,6,2663
39.5,10,7,7,2671
39.5,10,7,8,2679
39.5,10,7,9,2687
39.5,10,7,10,2696
39.5,10,7,11,2704
39.5,10,7,12,2712
39.5,10,7,13,2720
39.5,10,7,14,2728
39.5,10,7,15,2736
39.5,10,8,0,2621
39.5,10,8,1,2629
39.5,10,8,2,2638
39.5,10,8,3,2646
39.5,10,8,4,2655
39.5,10,8,5,2663
39.5,10,8,6,2671
39.5,10,8,7,2680
39.5,10,8,8,2688
39.5,10,8,9,2696
39.5,10,8,10,2704
39.5,10,8,11,2712
39.5,10,8,12,2721
39.5,10,8,13,2729
39.5,10,8,14,2737
39.5,10,8,15,2745
39.5,10,9,0,2629
39.5,10,9,1,2638
39.5,10,9,2,2646
39.5,10,9,3,2655
39.5,10,9,4,2663
39.5,10,9,5,2671
39.5,10,9,6,2680
39.5,10,9,7,2688
39.5,10,9,8,2696
39.5,10,9,9,2705
39.5,10,9,10,2713
39.5,10,9,11,2721
39.5,10,9,12,2729
39.5,10,9,13,2737
39.5,10,9,14,2746
39.5,10,9,15,2754
39.5,10,10,0,2638
39.5,10,10,1,2646
39.5,10,10,2,2655
39.5,10,10,3,2663
39.5,10,10,4,2672
39.5,10,10,5,2680
39.5,10,10,6,2688
39.5,10,10,7,2697
39.5,10,10,8,2705
39.5,10,10,9,2713
39.5,10,10,10,2721
39.5,10,10,11,2730
39.5,10,10,12,2738
39.5,10,10,13,2746
39.5,10,10,14,2754
39.5,10,10,15,2762
39.5,10,11,0,2646
39.5,10,11,1,2654
39.5,10,11,2,2663
39.5,10,11,3,2671
39.5,10,11,4,2680
39.5,10,11,5,2688
39.5,10,11,6,2697
39.5,10,11,7,2705
39.5,10,11,8,2713
39.5,10,11,9,2722
39.5,10,11,10,2730
39.5,10,11,11,2738
39.5,10,11,12,2747
39.5,10,11,13,2755
39.5,10,11,14,2763
39.5,10,11,15,2771
39.5,10,12,0,2654
39.5,10,12,1,2663
39.5,10,12,2,2671
39.5,10,12,3,2680
39.5,10,12,4,2688
39.5,10,12,5,2697
39.5,10,12,6,2705
39.5,10,12,7,2714
39.5,10,12,8,2722
39.5,10,12,9,2730
39.5,10,12,10,2739
39.5,10,12,11,2747
39.5,10,12,12,2755
39.5,10,12,13,2763
39.5,10,12,14,2772
39.5,10,12,15,2780
39.5,10,13,0,2662
39.5,10,13,1,2671
39.5,10,13,2,2680
39.5,10,13,3,2688
39.5,10,13,4,2697
39.5,10,13,5,2705
39.5,10,13,6,2714
39.5,10,13,7,2722
39.5,10,13,8,2730
39.5,10,13,9,2739
39.5,10,13,10,2747
39.5,10,13,11,2755
39.5,10,13,12,2764
39.5,10,13,13,2772
39.5,10,13,14,2780
39.5,10,13,15,2788
39.5,10,14,0,2671
39.5,10,14,1,2679
39.5,10,14,2,2688
39.5,10,14,3,2696
39.5,10,14,4,2705
39.5,10,14,5,2713
39.5,10,14,6,2722
39.5,10,14,7,2730
39.5,10,14,8,2739
39.5,10,14,9,2747
39.5,10,14,10,2755
39.5,10,14,11,2764
39.5,10,14,12,2772
39.5,10,14,13,2780
39.5,10,14,14,2789
39.5,10,14,15,2797
39.5,10,15,0,2679
39.5,10,15,1,2687
39.5,10,15,2,2696
39.5,10,15,3,2705
39.5,10,15,4,2713
39.5,10,15,5,2722
39.5,10,15,6,2730
39.5,10,15,7,2739
39.5,10,15,8,2747
39.5,10,15,9,2756
39.5,10,15,10,2764
39.5,10,15,11,2772
39.5,10,15,12,2781
39.5,10,15,13,2789
39.5,10,15,14,2797
39.5,10,15,15,2806
39.5,11,0,0,2563
39.5,11,0,1,2571
39.5,11,0,2,2579
39.5,11,0,3,2587
39.5,11,0,4,2596
39.5,11,0,5,2604
39.5,11,0,6,2612
39.5,11,0,7,2620
39.5,11,0,8,2628
39.5,11,0,9,2636
39.5,11,0,10,2644
39.5,11,0,11,2652
39.5,11,0,12,2660
39.5,11,0,13,2668
39.5,11,0,14,2676
39.5,11,0,15,2684
39.5,11,1,0,2571
39.5,11,1,1,2580
39.5,11,1,2,2588
39.5,11,1,3,2596
39.5,11,1,4,2604
39.5,11,1,5,2613
39.5,11,1,6,2621
39.5,11,1,7,2629
39.5,11,1,8,2637
39.5,11,1,9,2645
39.5,11,1,10,2653
39.5,11,1,11,2661
39.5,11,1,12,2669
39.5,11,1,13,2677
39.5,11,1,14,2685
39.5,11,1,15,2693
39.5,11,2,0,2580
39.5,11,2,1,2588
39.5,11,2,2,2597
39.5,11,2,3,2605
39.5,11,2,4,2613
39.5,11,2,5,2621
39.5,11,2,6,2629
39.5,11,2,7,2638
39.5,11,2,8,2646
39.5,11,2,9,2654
39.5,11,2,10,2662
39.5,11,2,11,2670
39.5,11,2,12,2678
39.5,11,2,13,2686
39.5,11,2,14,2694
39.5,11,2,15,2702
39.5,11,3,0,2588
39.5,11,3,1,2597
39.5,11,3,2,2605
39.5,11,3,3,2613
39.5,11,3,4,2622
39.5,11,3,5,2630
39.5,11,3,6,2638
39.5,11,3,7,2646
39.5,11,3,8,2654
39.5,11,3,9,2663
39.5,11,3,10,2671
39.5,11,3,11,2679
39.5,11,3,12,2687
39.5,11,3,13,2695
39.5,11,3,14,2703
39.5,11,3,15,2711
39.5,11,4,0,2597
39.5,11,4,1,2605
39.5,11,4,2,2614
39.5,11,4,3,2622
39.5,11,4,4,2630
39.5,11,4,5,2639
39.5,11,4,6,2647
39.5,11,4,7,2655
39.5,11,4,8,2663
39.5,11,4,9,2671
39.5,11,4,10,2679
39.5,11,4,11,2688
39.5,11,4,12,2696
39.5,11,4,13,2704
39.5,11,4,14,2712
39.5,11,4,15,2720
39.5,11,5,0,2605
39.5,11,5,1,2614
39.5,11,5,2,2622
39.5,11,5,3,2631
39.5,11,5,4,2639
39.5,11,5,5,2647
39.5,11,5,6,2655
39.5,11,5,7,2664
39.5,11,5,8,2672
39.5,11,5,9,2680
39.5,11,5,10,2688
39.5,11,5,11,2696
39.5,11,5,12,2704
39.5,11,5,13,2713
39.5,11,5,14,2721
39.5,11,5,15,2729
39.5,11,6,0,2614
39.5,11,6,1,2622
39.5,11,6,2,2631
39.5,11,6,3,2639
39.5,11,6,4,2647
39.5,11,6,5,2656
39.5,11,6,6,2664
39.5,11,6,7,2672
39.5,11,6,8,2681
39.5,11,6,9,2689
39.5,11,6,10,2697
39.5,11,6,11,2705
39.5,11,6,12,2713
39.5,11,6,13,2721
39.5,11,6,14,2729
39.5,11,6,15,2737
39.5,11,7,0,2622
39.5,11,7,1,2631
39.5,11,7,2,2639
39.5,11,7,3,2648
39.5,11,7,4,2656
39.5,11,7,5,2664
39.5,11,7,6,2673
39.5,11,7,7,2681
39.5,11,7,8,2689
39.5,11,7,9,2697
39.5,11,7,10,2706
39.5,11,7,11,2714
39.5,11,7,12,2722
39.5,11,7,13,2730
39.5,11,7,14,2738
39.5,11,7,15,2746
39.5,11,8,0,2631
39.5,11,8,1,2639
39.5,11,8,2,2648
39.5,11,8,3,2656
39.5,11,8,4,2664
39.5,11,8,5,2673
39.5,11,8,6,2681
39.5,11,8,7,2689
39.5,11,8,8,2698
39.5,11,8,9,2706
39.5,11,8,10,2714
39.5,11,8,11,2722
39.5,11,8,12,2731
39.5,11,8,13,2739
39.5,11,8,14,2747
39.5,11,8,15,2755
39.5,11,9,0,2639
39.5,11,9,1,2648
39.5,11,9,2,2656
39.5,11,9,3,2665
39.5,11,9,4,2673
39.5,11,9,5,2681
39.5,11,9,6,2690
39.5,11,9,7,2698
39.5,11,9,8,2706
39.5,11,9,9,2715
39.5,11,9,10,2723
39.5,11,9,11,2731
39.5,11,9,12,2739
39.5,11,9,13,2748
39.5,11,9,14,2756
39.5,11,9,15,2764
39.5,11,10,0,2647
39.5,11,10,1,2656
39.5,11,10,2,2664
39.5,11,10,3,2673
39.5,11,10,4,2681
39.5,11,10,5,2690
39.5,11,10,6,2698
39.5,11,10,7,2707
39.5,11,10,8,2715
39.5,11,10,9,2723
39.5,11,10,10,2732
39.5,11,10,11,2740
39.5,11,10,12,2748
39.5,11,10,13,2756
39.5,11,10,14,2764
39.5,11,10,15,2773
39.5,11,11,0,2656
39.5,11,11,1,2664
39.5,11,11,2,2673
39.5,11,11,3,2681
39.5,11,11,4,2690
39.5,11,11,5,2698
39.5,11,11,6,2707
39.5,11,11,7,2715
39.5,11,11,8,2723
39.5,11,11,9,2732
39.5,11,11,10,2740
39.5,11,11,11,2748
39.5,11,11,12,2757
39.5,11,11,13,2765
39.5,11,11,14,2773
39.5,11,11,15,2781
39.5,11,12,0,2664
39.5,11,12,1,2673
39.5,11,12,2,2681
39.5,11,12,3,2690
39.5,11,12,4,2698
39.5,11,12,5,2707
39.5,11,12,6,2715
39.5,11,12,7,2724
39.5,11,12,8,2732
39.5,11,12,9,2740
39.5,11,12,10,2749
39.5,11,12,11,2757
39.5,11,12,12,2765
39.5,11,12,13,2774
39.5,11,12,14,2782
39.5,11,12,15,2790
39.5,11,13,0,2672
39.5,11,13,1,2681
39.5,11,13,2,2689
39.5,11,13,3,2698
39.5,11,13,4,2707
39.5,11,13,5,2715
39.5,11,13,6,2724
39.5,11,13,7,2732
39.5,11,13,8,2740
39.5,11,13,9,2749
39.5,11,13,10,2757
39.5,11,13,11,2766
39.5,11,13,12,2774
39.5,11,13,13,2782
39.5,11,13,14,2790
39.5,11,13,15,2799
39.5,11,14,0,2681
39.5,11,14,1,2689
39.5,11,14,2,2698
39.5,11,14,3,2706
39.5,11,14,4,2715
39.5,11,14,5,2723
39.5,11,14,6,2732
39.5,11,14,7,2740
39.5,11,14,8,2749
39.5,11,14,9,2757
39.5,11,14,10,2766
39.5,11,14,11,2774
39.5,11,14,12,2782
39.5,11,14,13,2791
39.5,11,14,14,2799
39.5,11,14,15,2807
39.5,11,15,0,2689
39.5,11,15,1,2697
39.5,11,15,2,2706
39.5,11,15,3,2715
39.5,11,15,4,2723
39.5,11,15,5,2732
39.5,11,15,6,2740
39.5,11,15,7,2749
39.5,11,15,8,2757
39.5,11,15,9,2766
39.5,11,15,10,2774
39.5,11,15,11,2783
39.5,11,15,12,2791
39.5,11,15,13,2799
39.5,11,15,14,2808
39.5,11,15,15,2816
39.5,12,0,0,2572
39.5,12,0,1,2581
39.5,12,0,2,2589
39.5,12,0,3,2597
39.5,12,0,4,2605
39.5,12,0,5,2613
39.5,12,0,6,2622
39.5,12,0,7,2630
39.5,12,0,8,2638
39.5,12,0,9,2646
39.5,12,0,10,2654
39.5,12,0,11,2662
39.5,12,0,12,2670
39.5,12,0,13,2678
39.5,12,0,14,2686
39.5,12,0,15,2694
39.5,12,1,0,2581
39.5,12,1,1,2589
39.5,12,1,2,2597
39.5,12,1,3,2606
39.5,12,1,4,2614
39.5,12,1,5,2622
39.5,12,1,6,2630
39.5,12,1,7,2638
39.5,12,1,8,2647
39.5,12,1,9,2655
39.5,12,1,10,2663
39.5,12,1,11,2671
39.5,12,1,12,2679
39.5,12,1,13,2687
39.5,12,1,14,2695
39.5,12,1,15,2703
39.5,12,2,0,2589
39.5,12,2,1,2598
39.5,12,2,2,2606
39.5,12,2,3,2614
39.5,12,2,4,2623
39.5,12,2,5,2631
39.5,12,2,6,2639
39.5,12,2,7,2647
39.5,12,2,8,2655
39.5,12,2,9,2664
39.5,12,2,10,2672
39.5,12,2,11,2680
39.5,12,2,12,2688
39.5,12,2,13,2696
39.5,12,2,14,2704
39.5,12,2,15,2712
39.5,12,3,0,2598
39.5,12,3,1,2606
39.5,12,3,2,2615
39.5,12,3,3,2623
39.5,12,3,4,2631
39.5,12,3,5,2640
39.5,12,3,6,2648
39.5,12,3,7,2656
39.5,12,3,8,2664
39.5,12,3,9,2672
39.5,12,3,10,2681
39.5,12,3,11,2689
39.5,12,3,12,2697
39.5,12,3,13,2705
39.5,12,3,14,2713
39.5,12,3,15,2721
39.5,12,4,0,2607
39.5,12,4,1,2615
39.5,12,4,2,2623
39.5,12,4,3,2632
39.5,12,4,4,2640
39.5,12,4,5,2648
39.5,12,4,6,2657
39.5,12,4,7,2665
39.5,12,4,8,2673
39.5,12,4,9,2681
39.5,12,4,10,2689
39.5,12,4,11,2697
39.5,12,4,12,2706
39.5,12,4,13,2714
39.5,12,4,14,2722
39.5,12,4,15,2730
39.5,12,5,0,2615
39.5,12,5,1,2623
39.5,12,5,2,2632
39.5,12,5,3,2640
39.5,12,5,4,2649
39.5,12,5,5,2657
39.5,12,5,6,2665
39.5,12,5,7,2673
39.5,12,5,8,2682
39.5,12,5,9,2690
39.5,12,5,10,2698
39.5,12,5,11,2706
39.5,12,5,12,2714
39.5,12,5,13,2723
39.5,12,5,14,2731
39.5,12,5,15,2739
39.5,12,6,0,2624
39.5,12,6,1,2632
39.5,12,6,2,2640
39.5,12,6,3,2649
39.5,12,6,4,2657
39.5,12,6,5,2666
39.5,12,6,6,2674
39.5,12,6,7,2682
39.5,12,6,8,2690
39.5,12,6,9,2699
39.5,12,6,10,2707
39.5,12,6,11,2715
39.5,12,6,12,2723
39.5,12,6,13,2731
39.5,12,6,14,2739
39.5,12,6,15,2748
39.5,12,7,0,2632
39.5,12,7,1,2640
39.5,12,7,2,2649
39.5,12,7,3,2657
39.5,12,7,4,2666
39.5,12,7,5,2674
39.5,12,7,6,2682
39.5,12,7,7,2691
39.5,12,7,8,2699
39.5,12,7,9,2707
39.5,12,7,10,2716
39.5,12,7,11,2724
39.5,12,7,12,2732
39.5,12,7,13,2740
39.5,12,7,14,2748
39.5,12,7,15,2756
39.5,12,8,0,2640
39.5,12,8,1,2649
39.5,12,8,2,2657
39.5,12,8,3,2666
39.5,12,8,4,2674
39.5,12,8,5,2683
39.5,12,8,6,2691
39.5,12,8,7,2699
39.5,12,8,8,2708
39.5,12,8,9,2716
39.5,12,8,10,2724
39.5,12,8,11,2732
39.5,12,8,12,2741
39.5,12,8,13,2749
39.5,12,8,14,2757
39.5,12,8,15,2765
39.5,12,9,0,2649
39.5,12,9,1,2657
39.5,12,9,2,2666
39.5,12,9,3,2674
39.5,12,9,4,2683
39.5,12,9,5,2691
39.5,12,9,6,2700
39.5,12,9,7,2708
39.5,12,9,8,2716
39.5,12,9,9,2725
39.5,12,9,10,2733
39.5,12,9,11,2741
39.5,12,9,12,2749
39.5,12,9,13,2758
39.5,12,9,14,2766
39.5,12,9,15,2774
39.5,12,10,0,2657
39.5,12,10,1,2666
39.5,12,10,2,2674
39.5,12,10,3,2683
39.5,12,10,4,2691
39.5,12,10,5,2700
39.5,12,10,6,2708
39.5,12,10,7,2717
39.5,12,10,8,2725
39.5,12,10,9,2733
39.5,12,10,10,2742
39.5,12,10,11,2750
39.5,12,10,12,2758
39.5,12,10,13,2766
39.5,12,10,14,2775
39.5,12,10,15,2783
39.5,12,11,0,2666
39.5,12,11,1,2674
39.5,12,11,2,2683
39.5,12,11,3,2691
39.5,12,11,4,2700
39.5,12,11,5,2708
39.5,12,11,6,2717
39.5,12,11,7,2725
39.5,12,11,8,2733
39.5,12,11,9,2742
39.5,12,11,10,2750
39.5,12,11,11,2758
39.5,12,11,12,2767
39.5,12,11,13,2775
39.5,12,11,14,2783
39.5,12,11,15,2792
39.5,12,12,0,2674
39.5,12,12,1,2682
39.5,12,12,2,2691
39.5,12,12,3,2700
39.5,12,12,4,2708
39.5,12,12,5,2717
39.5,12,12,6,2725
39.5,12,12,7,2734
39.5,12,12,8,2742
39.5,12,12,9,2750
39.5,12,12,10,2759
39.5,12,12,11,2767
39.5,12,12,12,2775
39.5,12,12,13,2784
39.5,12,12,14,2792
39.5,12,12,15,2800
39.5,12,13,0,2682
39.5,12,13,1,2691
39.5,12,13,2,2699
39.5,12,13,3,2708
39.5,12,13,4,2717
39.5,12,13,5,2725
39.5,12,13,6,2734
39.5,12,13,7,2742
39.5,12,13,8,2750
39.5,12,13,9,2759
39.5,12,13,10,2767
39.5,12,13,11,2776
39.5,12,13,12,2784
39.5,12,13,13,2792
39.5,12,13,14,2801
39.5,12,13,15,2809
39.5,12,14,0,2690
39.5,12,14,1,2699
39.5,12,14,2,2708
39.5,12,14,3,2716
39.5,12,14,4,2725
39.5,12,14,5,2733
39.5,12,14,6,2742
39.5,12,14,7,2750
39.5,12,14,8,2759
39.5,12,14,9,2767
39.5,12,14,10,2776
39.5,12,14,11,2784
39.5,12,14,12,2793
39.5,12,14,13,2801
39.5,12,14,14,2809
39.5,12,14,15,2818
39.5,12,15,0,2699
39.5,12,15,1,2707
39.5,12,15,2,2716
39.5,12,15,3,2725
39.5,12,15,4,2733
39.5,12,15,5,2742
39.5,12,15,6,2750
39.5,12,15,7,2759
39.5,12,15,8,2767
39.5,12,15,9,2776
39.5,12,15,10,2784
39.5,12,15,11,2793
39.5,12,15,12,2801
39.5,12,15,13,2810
39.5,12,15,14,2818
39.5,12,15,15,2826
39.5,13,0,0,2582
39.5,13,0,1,2590
39.5,13,0,2,2598
39.5,13,0,3,2607
39.5,13,0,4,2615
39.5,13,0,5,2623
39.5,13,0,6,2631
39.5,13,0,7,2639
39.5,13,0,8,2647
39.5,13,0,9,2656
39.5,13,0,10,2664
39.5,13,0,11,2672
39.5,13,0,12,2680
39.5,13,0,13,2688
39.5,13,0,14,2696
39.5,13,0,15,2704
39.5,13,1,0,2590
39.5,13,1,1,2599
39.5,13,1,2,2607
39.5,13,1,3,2615
39.5,13,1,4,2624
39.5,13,1,5,2632
39.5,13,1,6,2640
39.5,13,1,7,2648
39.5,13,1,8,2656
39.5,13,1,9,2664
39.5,13,1,10,2673
39.5,13,1,11,2681
39.5,13,1,12,2689
39.5,13,1,13,2697
39.5,13,1,14,2705
39.5,13,1,15,2713
39.5,13,2,0,2599
39.5,13,2,1,2607
39.5,13,2,2,2616
39.5,13,2,3,2624
39.5,13,2,4,2632
39.5,13,2,5,2641
39.5,13,2,6,2649
39.5,13,2,7,2657
39.5,13,2,8,2665
39.5,13,2,9,2673
39.5,13,2,10,2681
39.5,13,2,11,2690
39.5,13,2,12,2698
39.5,13,2,13,2706
39.5,13,2,14,2714
39.5,13,2,15,2722
39.5,13,3,0,2608
39.5,13,3,1,2616
39.5,13,3,2,2624
39.5,13,3,3,2633
39.5,13,3,4,2641
39.5,13,3,5,2649
39.5,13,3,6,2658
39.5,13,3,7,2666
39.5,13,3,8,2674
39.5,13,3,9,2682
39.5,13,3,10,2690
39.5,13,3,11,2698
39.5,13,3,12,2707
39.5,13,3,13,2715
39.5,13,3,14,2723
39.5,13,3,15,2731
39.5,13,4,0,2616
39.5,13,4,1,2625
39.5,13,4,2,2633
39.5,13,4,3,2641
39.5,13,4,4,2650
39.5,13,4,5,2658
39.5,13,4,6,2666
39.5,13,4,7,2675
39.5,13,4,8,2683
39.5,13,4,9,2691
39.5,13,4,10,2699
39.5,13,4,11,2707
39.5,13,4,12,2715
39.5,13,4,13,2724
39.5,13,4,14,2732
39.5,13,4,15,2740
39.5,13,5,0,2625
39.5,13,5,1,2633
39.5,13,5,2,2641
39.5,13,5,3,2650
39.5,13,5,4,2658
39.5,13,5,5,2667
39.5,13,5,6,2675
39.5,13,5,7,2683
39.5,13,5,8,2692
39.5,13,5,9,2700
39.5,13,5,10,2708
39.5,13,5,11,2716
39.5,13,5,12,2724
39.5,13,5,13,2732
39.5,13,5,14,2741
39.5,13,5,15,2749
39.5,13,6,0,2633
39.5,13,6,1,2642
39.5,13,6,2,2650
39.5,13,6,3,2658
39.5,13,6,4,2667
39.5,13,6,5,2675
39.5,13,6,6,2684
39.5,13,6,7,2692
39.5,13,6,8,2700
39.5,13,6,9,2709
39.5,13,6,10,2717
39.5,13,6,11,2725
39.5,13,6,12,2733
39.5,13,6,13,2741
39.5,13,6,14,2749
39.5,13,6,15,2758
39.5,13,7,0,2642
39.5,13,7,1,2650
39.5,13,7,2,2659
39.5,13,7,3,2667
39.5,13,7,4,2675
39.5,13,7,5,2684
39.5,13,7,6,2692
39.5,13,7,7,2701
39.5,13,7,8,2709
39.5,13,7,9,2717
39.5,13,7,10,2726
39.5,13,7,11,2734
39.5,13,7,12,2742
39.5,13,7,13,2750
39.5,13,7,14,2758
39.5,13,7,15,2767
39.5,13,8,0,2650
39.5,13,8,1,2659
39.5,13,8,2,2667
39.5,13,8,3,2676
39.5,13,8,4,2684
39.5,13,8,5,2692
39.5,13,8,6,2701
39.5,13,8,7,2709
39.5,13,8,8,2718
39.5,13,8,9,2726
39.5,13,8,10,2734
39.5,13,8,11,2743
39.5,13,8,12,2751
39.5,13,8,13,2759
39.5,13,8,14,2767
39.5,13,8,15,2775
39.5,13,9,0,2658
39.5,13,9,1,2667
39.5,13,9,2,2676
39.5,13,9,3,2684
39.5,13,9,4,2693
39.5,13,9,5,2701
39.5,13,9,6,2709
39.5,13,9,7,2718
39.5,13,9,8,2726
39.5,13,9,9,2735
39.5,13,9,10,2743
39.5,13,9,11,2751
39.5,13,9,12,2760
39.5,13,9,13,2768
39.5,13,9,14,2776
39.5,13,9,15,2784
39.5,13,10,0,2667
39.5,13,10,1,2675
39.5,13,10,2,2684
39.5,13,10,3,2693
39.5,13,10,4,2701
39.5,13,10,5,2710
39.5,13,10,6,2718
39.5,13,10,7,2726
39.5,13,10,8,2735
39.5,13,10,9,2743
39.5,13,10,10,2752
39.5,13,10,11,2760
39.5,13,10,12,2768
39.5,13,10,13,2776
39.5,13,10,14,2785
39.5,13,10,15,2793
39.5,13,11,0,2675
39.5,13,11,1,2684
39.5,13,11,2,2692
39.5,13,11,3,2701
39.5,13,11,4,2710
39.5,13,11,5,2718
39.5,13,11,6,2727
39.5,13,11,7,2735
39.5,13,11,8,2743
39.5,13,11,9,2752
39.5,13,11,10,2760
39.5,13,11,11,2769
39.5,13,11,12,2777
39.5,13,11,13,2785
39.5,13,11,14,2793
39.5,13,11,15,2802
39.5,13,12,0,2684
39.5,13,12,1,2692
39.5,13,12,2,2701
39.5,13,12,3,2709
39.5,13,12,4,2718
39.5,13,12,5,2727
39.5,13,12,6,2735
39.5,13,12,7,2744
39.5,13,12,8,2752
39.5,13,12,9,2760
39.5,13,12,10,2769
39.5,13,12,11,2777
39.5,13,12,12,2786
39.5,13,12,13,2794
39.5,13,12,14,2802
39.5,13,12,15,2810
39.5,13,13,0,2692
39.5,13,13,1,2701
39.5,13,13,2,2709
39.5,13,13,3,2718
39.5,13,13,4,2726
39.5,13,13,5,2735
39.5,13,13,6,2744
39.5,13,13,7,2752
39.5,13,13,8,2761
39.5,13,13,9,2769
39.5,13,13,10,2777
39.5,13,13,11,2786
39.5,13,13,12,2794
39.5,13,13,13,2803
39.5,13,13,14,2811
39.5,13,13,15,2819
39.5,13,14,0,2700
39.5,13,14,1,2709
39.5,13,14,2,2718
39.5,13,14,3,2726
39.5,13,14,4,2735
39.5,13,14,5,2743
39.5,13,14,6,2752
39.5,13,14,7,2761
39.5,13,14,8,2769
39.5,13,14,9,2778
39.5,13,14,10,2786
39.5,13,14,11,2794
39.5,13,14,12,2803
39.5,13,14,13,2811
39.5,13,14,14,2820
39.5,13,14,15,2828
39.5,13,15,0,2709
39.5,13,15,1,2717
39.5,13,15,2,2726
39.5,13,15,3,2735
39.5,13,15,4,2743
39.5,13,15,5,2752
39.5,13,15,6,2760
39.5,13,15,7,2769
39.5,13,15,8,2778
39.5,13,15,9,2786
39.5,13,15,10,2795
39.5,13,15,11,2803
39.5,13,15,12,2811
39.5,13,15,13,2820
39.5,13,15,14,2828
39.5,13,15,15,2837
39.5,14,0,0,2591
39.5,14,0,1,2599
39.5,14,0,2,2608
39.5,14,0,3,2616
39.5,14,0,4,2624
39.5,14,0,5,2633
39.5,14,0,6,2641
39.5,14,0,7,2649
39.5,14,0,8,2657
39.5,14,0,9,2665
39.5,14,0,10,2673
39.5,14,0,11,2681
39.5,14,0,12,2690
39.5,14,0,13,2698
39.5,14,0,14,2706
39.5,14,0,15,2714
39.5,14,1,0,2600
39.5,14,1,1,2608
39.5,14,1,2,2616
39.5,14,1,3,2625
39.5,14,1,4,2633
39.5,14,1,5,2641
39.5,14,1,6,2650
39.5,14,1,7,2658
39.5,14,1,8,2666
39.5,14,1,9,2674
39.5,14,1,10,2682
39.5,14,1,11,2690
39.5,14,1,12,2699
39.5,14,1,13,2707
39.5,14,1,14,2715
39.5,14,1,15,2723
39.5,14,2,0,2608
39.5,14,2,1,2617
39.5,14,2,2,2625
39.5,14,2,3,2634
39.5,14,2,4,2642
39.5,14,2,5,2650
39.5,14,2,6,2658
39.5,14,2,7,2667
39.5,14,2,8,2675
39.5,14,2,9,2683
39.5,14,2,10,2691
39.5,14,2,11,2699
39.5,14,2,12,2708
39.5,14,2,13,2716
39.5,14,2,14,2724
39.5,14,2,15,2732
39.5,14,3,0,2617
39.5,14,3,1,2625
39.5,14,3,2,2634
39.5,14,3,3,2642
39.5,14,3,4,2651
39.5,14,3,5,2659
39.5,14,3,6,2667
39.5,14,3,7,2675
39.5,14,3,8,2684
39.5,14,3,9,2692
39.5,14,3,10,2700
39.5,14,3,11,2708
39.5,14,3,12,2716
39.5,14,3,13,2725
39.5,14,3,14,2733
39.5,14,3,15,2741
39.5,14,4,0,2626
39.5,14,4,1,2634
39.5,14,4,2,2643
39.5,14,4,3,2651
39.5,14,4,4,2659
39.5,14,4,5,2668
39.5,14,4,6,2676
39.5,14,4,7,2684
39.5,14,4,8,2693
39.5,14,4,9,2701
39.5,14,4,10,2709
39.5,14,4,11,2717
39.5,14,4,12,2725
39.5,14,4,13,2734
39.5,14,4,14,2742
39.5,14,4,15,2750
39.5,14,5,0,2634
39.5,14,5,1,2643
39.5,14,5,2,2651
39.5,14,5,3,2660
39.5,14,5,4,2668
39.5,14,5,5,2676
39.5,14,5,6,2685
39.5,14,5,7,2693
39.5,14,5,8,2701
39.5,14,5,9,2710
39.5,14,5,10,2718
39.5,14,5,11,2726
39.5,14,5,12,2734
39.5,14,5,13,2742
39.5,14,5,14,2751
39.5,14,5,15,2759
39.5,14,6,0,2643
39.5,14,6,1,2651
39.5,14,6,2,2660
39.5,14,6,3,2668
39.5,14,6,4,2677
39.5,14,6,5,2685
39.5,14,6,6,2693
39.5,14,6,7,2702
39.5,14,6,8,2710
39.5,14,6,9,2718
39.5,14,6,10,2727
39.5,14,6,11,2735
39.5,14,6,12,2743
39.5,14,6,13,2751
39.5,14,6,14,2760
39.5,14,6,15,2768
39.5,14,7,0,2651
39.5,14,7,1,2660
39.5,14,7,2,2668
39.5,14,7,3,2677
39.5,14,7,4,2685
39.5,14,7,5,2694
39.5,14,7,6,2702
39.5,14,7,7,2710
39.5,14,7,8,2719
39.5,14,7,9,2727
39.5,14,7,10,2735
39.5,14,7,11,2744
39.5,14,7,12,2752
39.5,14,7,13,2760
39.5,14,7,14,2768
39.5,14,7,15,2777
39.5,14,8,0,2660
39.5,14,8,1,2668
39.5,14,8,2,2677
39.5,14,8,3,2685
39.5,14,8,4,2694
39.5,14,8,5,2702
39.5,14,8,6,2711
39.5,14,8,7,2719
39.5,14,8,8,2728
39.5,14,8,9,2736
39.5,14,8,10,2744
39.5,14,8,11,2753
39.5,14,8,12,2761
39.5,14,8,13,2769
39.5,14,8,14,2777
39.5,14,8,15,2785
39.5,14,9,0,2668
39.5,14,9,1,2677
39.5,14,9,2,2685
39.5,14,9,3,2694
39.5,14,9,4,2702
39.5,14,9,5,2711
39.5,14,9,6,2719
39.5,14,9,7,2728
39.5,14,9,8,2736
39.5,14,9,9,2745
39.5,14,9,10,2753
39.5,14,9,11,2761
39.5,14,9,12,2770
39.5,14,9,13,2778
39.5,14,9,14,2786
39.5,14,9,15,2794
39.5,14,10,0,2677
39.5,14,10,1,2685
39.5,14,10,2,2694
39.5,14,10,3,2702
39.5,14,10,4,2711
39.5,14,10,5,2719
39.5,14,10,6,2728
39.5,14,10,7,2736
39.5,14,10,8,2745
39.5,14,10,9,2753
39.5,14,10,10,2762
39.5,14,10,11,2770
39.5,14,10,12,2778
39.5,14,10,13,2787
39.5,14,10,14,2795
39.5,14,10,15,2803
39.5,14,11,0,2685
39.5,14,11,1,2694
39.5,14,11,2,2702
39.5,14,11,3,2711
39.5,14,11,4,2719
39.5,14,11,5,2728
39.5,14,11,6,2737
39.5,14,11,7,2745
39.5,14,11,8,2753
39.5,14,11,9,2762
39.5,14,11,10,2770
39.5,14,11,11,2779
39.5,14,11,12,2787
39.5,14,11,13,2795
39.5,14,11,14,2804
39.5,14,11,15,2812
39.5,14,12,0,2693
39.5,14,12,1,2702
39.5,14,12,2,2711
39.5,14,12,3,2719
39.5,14,12,4,2728
39.5,14,12,5,2737
39.5,14,12,6,2745
39.5,14,12,7,2754
39.5,14,12,8,2762
39.5,14,12,9,2771
39.5,14,12,10,2779
39.5,14,12,11,2787
39.5,14,12,12,2796
39.5,14,12,13,2804
39.5,14,12,14,2812
39.5,14,12,15,2821
39.5,14,13,0,2702
39.5,14,13,1,2710
39.5,14,13,2,2719
39.5,14,13,3,2728
39.5,14,13,4,2736
39.5,14,13,5,2745
39.5,14,13,6,2754
39.5,14,13,7,2762
39.5,14,13,8,2771
39.5,14,13,9,2779
39.5,14,13,10,2788
39.5,14,13,11,2796
39.5,14,13,12,2804
39.5,14,13,13,2813
39.5,14,13,14,2821
39.5,14,13,15,2830
39.5,14,14,0,2710
39.5,14,14,1,2719
39.5,14,14,2,2728
39.5,14,14,3,2736
39.5,14,14,4,2745
39.5,14,14,5,2753
39.5,14,14,6,2762
39.5,14,14,7,2771
39.5,14,14,8,2779
39.5,14,14,9,2788
39.5,14,14,10,2796
39.5,14,14,11,2805
39.5,14,14,12,2813
39.5,14,14,13,2821
39.5,14,14,14,2830
39.5,14,14,15,2838
39.5,14,15,0,2718
39.5,14,15,1,2727
39.5,14,15,2,2736
39.5,14,15,3,2745
39.5,14,15,4,2753
39.5,14,15,5,2762
39.5,14,15,6,2771
39.5,14,15,7,2779
39.5,14,15,8,2788
39.5,14,15,9,2796
39.5,14,15,10,2805
39.5,14,15,11,2813
39.5,14,15,12,2822
39.5,14,15,13,2830
39.5,14,15,14,2839
39.5,14,15,15,2847
39.5,15,0,0,2600
39.5,15,0,1,2609
39.5,15,0,2,2617
39.5,15,0,3,2626
39.5,15,0,4,2634
39.5,15,0,5,2642
39.5,15,0,6,2650
39.5,15,0,7,2659
39.5,15,0,8,2667
39.5,15,0,9,2675
39.5,15,0,10,2683
39.5,15,0,11,2691
39.5,15,0,12,2699
39.5,15,0,13,2707
39.5,15,0,14,2715
39.5,15,0,15,2723
39.5,15,1,0,2609
39.5,15,1,1,2618
39.5,15,1,2,2626
39.5,15,1,3,2634
39.5,15,1,4,2643
39.5,15,1,5,2651
39.5,15,1,6,2659
39.5,15,1,7,2667
39.5,15,1,8,2676
39.5,15,1,9,2684
39.5,15,1,10,2692
39.5,15,1,11,2700
39.5,15,1,12,2708
39.5,15,1,13,2716
39.5,15,1,14,2725
39.5,15,1,15,2733
39.5,15,2,0,2618
39.5,15,2,1,2626
39.5,15,2,2,2635
39.5,15,2,3,2643
39.5,15,2,4,2651
39.5,15,2,5,2660
39.5,15,2,6,2668
39.5,15,2,7,2676
39.5,15,2,8,2685
39.5,15,2,9,2693
39.5,15,2,10,2701
39.5,15,2,11,2709
39.5,15,2,12,2717
39.5,15,2,13,2725
39.5,15,2,14,2734
39.5,15,2,15,2742
39.5,15,3,0,2627
39.5,15,3,1,2635
39.5,15,3,2,2643
39.5,15,3,3,2652
39.5,15,3,4,2660
39.5,15,3,5,2669
39.5,15,3,6,2677
39.5,15,3,7,2685
39.5,15,3,8,2693
39.5,15,3,9,2702
39.5,15,3,10,2710
39.5,15,3,11,2718
39.5,15,3,12,2726
39.5,15,3,13,2735
39.5,15,3,14,2743
39.5,15,3,15,2751
39.5,15,4,0,2635
39.5,15,4,1,2644
39.5,15,4,2,2652
39.5,15,4,3,2661
39.5,15,4,4,2669
39.5,15,4,5,2677
39.5,15,4,6,2686
39.5,15,4,7,2694
39.5,15,4,8,2702
39.5,15,4,9,2711
39.5,15,4,10,2719
39.5,15,4,11,2727
39.5,15,4,12,2735
39.5,15,4,13,2743
39.5,15,4,14,2752
39.5,15,4,15,2760
39.5,15,5,0,2644
39.5,15,5,1,2652
39.5,15,5,2,2661
39.5,15,5,3,2669
39.5,15,5,4,2678
39.5,15,5,5,2686
39.5,15,5,6,2694
39.5,15,5,7,2703
39.5,15,5,8,2711
39.5,15,5,9,2719
39.5,15,5,10,2728
39.5,15,5,11,2736
39.5,15,5,12,2744
39.5,15,5,13,2752
39.5,15,5,14,2761
39.5,15,5,15,2769
39.5,15,6,0,2652
39.5,15,6,1,2661
39.5,15,6,2,2669
39.5,15,6,3,2678
39.5,15,6,4,2686
39.5,15,6,5,2695
39.5,15,6,6,2703
39.5,15,6,7,2712
39.5,15,6,8,2720
39.5,15,6,9,2728
39.5,15,6,10,2737
39.5,15,6,11,2745
39.5,15,6,12,2753
39.5,15,6,13,2761
39.5,15,6,14,2770
39.5,15,6,15,2778
39.5,15,7,0,2661
39.5,15,7,1,2669
39.5,15,7,2,2678
39.5,15,7,3,2687
39.5,15,7,4,2695
39.5,15,7,5,2703
39.5,15,7,6,2712
39.5,15,7,7,2720
39.5,15,7,8,2729
39.5,15,7,9,2737
39.5,15,7,10,2745
39.5,15,7,11,2754
39.5,15,7,12,2762
39.5,15,7,13,2770
39.5,15,7,14,2778
39.5,15,7,15,2787
39.5,15,8,0,2669
39.5,15,8,1,2678
39.5,15,8,2,2687
39.5,15,8,3,2695
39.5,15,8,4,2704
39.5,15,8,5,2712
39.5,15,8,6,2721
39.5,15,8,7,2729
39.5,15,8,8,2737
39.5,15,8,9,2746
39.5,15,8,10,2754
39.5,15,8,11,2763
39.5,15,8,12,2771
39.5,15,8,13,2779
39.5,15,8,14,2787
39.5,15,8,15,2796
39.5,15,9,0,2678
39.5,15,9,1,2687
39.5,15,9,2,2695
39.5,15,9,3,2704
39.5,15,9,4,2712
39.5,15,9,5,2721
39.5,15,9,6,2729
39.5,15,9,7,2738
39.5,15,9,8,2746
39.5,15,9,9,2755
39.5,15,9,10,2763
39.5,15,9,11,2771
39.5,15,9,12,2780
39.5,15,9,13,2788
39.5,15,9,14,2796
39.5,15,9,15,2805
39.5,15,10,0,2686
39.5,15,10,1,2695
39.5,15,10,2,2704
39.5,15,10,3,2712
39.5,15,10,4,2721
39.5,15,10,5,2729
39.5,15,10,6,2738
39.5,15,10,7,2746
39.5,15,10,8,2755
39.5,15,10,9,2763
39.5,15,10,10,2772
39.5,15,10,11,2780
39.5,15,10,12,2788
39.5,15,10,13,2797
39.5,15,10,14,2805
39.5,15,10,15,2813
39.5,15,11,0,2695
39.5,15,11,1,2703
39.5,15,11,2,2712
39.5,15,11,3,2721
39.5,15,11,4,2729
39.5,15,11,5,2738
39.5,15,11,6,2746
39.5,15,11,7,2755
39.5,15,11,8,2763
39.5,15,11,9,2772
39.5,15,11,10,2780
39.5,15,11,11,2789
39.5,15,11,12,2797
39.5,15,11,13,2806
39.5,15,11,14,2814
39.5,15,11,15,2822
39.5,15,12,0,2703
39.5,15,12,1,2712
39.5,15,12,2,2721
39.5,15,12,3,2729
39.5,15,12,4,2738
39.5,15,12,5,2746
39.5,15,12,6,2755
39.5,15,12,7,2764
39.5,15,12,8,2772
39.5,15,12,9,2781
39.5,15,12,10,2789
39.5,15,12,11,2798
39.5,15,12,12,2806
39.5,15,12,13,2814
39.5,15,12,14,2823
39.5,15,12,15,2831
39.5,15,13,0,2712
39.5,15,13,1,2720
39.5,15,13,2,2729
39.5,15,13,3,2738
39.5,15,13,4,2746
39.5,15,13,5,2755
39.5,15,13,6,2764
39.5,15,13,7,2772
39.5,15,13,8,2781
39.5,15,13,9,2789
39.5,15,13,10,2798
39.5,15,13,11,2806
39.5,15,13,12,2815
39.5,15,13,13,2823
39.5,15,13,14,2831
39.5,15,13,15,2840
39.5,15,14,0,2720
39.5,15,14,1,2729
39.5,15,14,2,2737
39.5,15,14,3,2746
39.5,15,14,4,2755
39.5,15,14,5,2763
39.5,15,14,6,2772
39.5,15,14,7,2781
39.5,15,14,8,2789
39.5,15,14,9,2798
39.5,15,14,10,2806
39.5,15,14,11,2815
39.5,15,14,12,2823
39.5,15,14,13,2832
39.5,15,14,14,2840
39.5,15,14,15,2849
39.5,15,15,0,2728
39.5,15,15,1,2737
39.5,15,15,2,2746
39.5,15,15,3,2755
39.5,15,15,4,2763
39.5,15,15,5,2772
39.5,15,15,6,2781
39.5,15,15,7,2789
39.5,15,15,8,2798
39.5,15,15,9,2806
39.5,15,15,10,2815
39.5,15,15,11,2823
39.5,15,15,12,2832
39.5,15,15,13,2840
39.5,15,15,14,2849
39.5,15,15,15,2857
40.0,0,0,0,2477
40.0,0,0,1,2485
40.0,0,0,2,2493
40.0,0,0,3,2501
40.0,0,0,4,2509
40.0,0,0,5,2516
40.0,0,0,6,2524
40.0,0,0,7,2532
40.0,0,0,8,2540
40.0,0,0,9,2548
40.0,0,0,10,2555
40.0,0,0,11,2563
40.0,0,0,12,2571
40.0,0,0,13,2579
40.0,0,0,14,2586
40.0,0,0,15,2594
40.0,0,1,0,2485
40.0,0,1,1,2493
40.0,0,1,2,2501
40.0,0,1,3,2509
40.0,0,1,4,2517
40.0,0,1,5,2525
40.0,0,1,6,2533
40.0,0,1,7,2541
40.0,0,1,8,2548
40.0,0,1,9,2556
40.0,0,1,10,2564
40.0,0,1,11,2572
40.0,0,1,12,2580
40.0,0,1,13,2587
40.0,0,1,14,2595
40.0,0,1,15,2603
40.0,0,2,0,2493
40.0,0,2,1,2501
40.0,0,2,2,2509
40.0,0,2,3,2517
40.0,0,2,4,2525
40.0,0,2,5,2533
40.0,0,2,6,2541
40.0,0,2,7,2549
40.0,0,2,8,2557
40.0,0,2,9,2565
40.0,0,2,10,2573
40.0,0,2,11,2580
40.0,0,2,12,2588
40.0,0,2,13,2596
40.0,0,2,14,2604
40.0,0,2,15,2611
40.0,0,3,0,2502
40.0,0,3,1,2510
40.0,0,3,2,2518
40.0,0,3,3,2526
40.0,0,3,4,2534
40.0,0,3,5,2542
40.0,0,3,6,2550
40.0,0,3,7,2558
40.0,0,3,8,2565
40.0,0,3,9,2573
40.0,0,3,10,2581
40.0,0,3,11,2589
40.0,0,3,12,2597
40.0,0,3,13,2604
40.0,0,3,14,2612
40.0,0,3,15,2620
40.0,0,4,0,2510
40.0,0,4,1,2518
40.0,0,4,2,2526
40.0,0,4,3,2534
40.0,0,4,4,2542
40.0,0,4,5,2550
40.0,0,4,6,2558
40.0,0,4,7,2566
40.0,0,4,8,2574
40.0,0,4,9,2582
40.0,0,4,10,2590
40.0,0,4,11,2597
40.0,0,4,12,2605
40.0,0,4,13,2613
40.0,0,4,14,2621
40.0,0,4,15,2629
40.0,0,5,0,2518
40.0,0,5,1,2526
40.0,0,5,2,2534
40.0,0,5,3,2542
40.0,0,5,4,2550
40.0,0,5,5,2558
40.0,0,5,6,2566
40.0,0,5,7,2574
40.0,0,5,8,2582
40.0,0,5,9,2590
40.0,0,5,10,2598
40.0,0,5,11,2606
40.0,0,5,12,2614
40.0,0,5,13,2622
40.0,0,5,14,2629
40.0,0,5,15,2637
40.0,0,6,0,2526
40.0,0,6,1,2534
40.0,0,6,2,2542
40.0,0,6,3,2551
40.0,0,6,4,2559
40.0,0,6,5,2567
40.0,0,6,6,2575
40.0,0,6,7,2583
40.0,0,6,8,2591
40.0,0,6,9,2599
40.0,0,6,10,2606
40.0,0,6,11,2614
40.0,0,6,12,2622
40.0,0,6,13,2630
40.0,0,6,14,2638
40.0,0,6,15,2646
40.0,0,7,0,2534
40.0,0,7,1,2543
40.0,0,7,2,2551
40.0,0,7,3,2559
40.0,0,7,4,2567
40.0,0,7,5,2575
40.0,0,7,6,2583
40.0,0,7,7,2591
40.0,0,7,8,2599
40.0,0,7,9,2607
40.0,0,7,10,2615
40.0,0,7,11,2623
40.0,0,7,12,2631
40.0,0,7,13,2639
40.0,0,7,14,2646
40.0,0,7,15,2654
40.0,0,8,0,2542
40.0,0,8,1,2551
40.0,0,8,2,2559
40.0,0,8,3,2567
40.0,0,8,4,2575
40.0,0,8,5,2583
40.0,0,8,6,2591
40.0,0,8,7,2599
40.0,0,8,8,2607
40.0,0,8,9,2615
40.0,0,8,10,2623
40.0,0,8,11,2631
40.0,0,8,12,2639
40.0,0,8,13,2647
40.0,0,8,14,2655
40.0,0,8,15,2663
40.0,0,9,0,2551
40.0,0,9,1,2559
40.0,0,9,2,2567
40.0,0,9,3,2575
40.0,0,9,4,2583
40.0,0,9,5,2591
40.0,0,9,6,2599
40.0,0,9,7,2608
40.0,0,9,8,2616
40.0,0,9,9,2624
40.0,0,9,10,2632
40.0,0,9,11,2640
40.0,0,9,12,2647
40.0,0,9,13,2655
40.0,0,9,14,2663
40.0,0,9,15,2671
40.0,0,10,0,2559
40.0,0,10,1,2567
40.0,0,10,2,2575
40.0,0,10,3,2583
40.0,0,10,4,2591
40.0,0,10,5,2600
40.0,0,10,6,2608
40.0,0,10,7,2616
40.0,0,10,8,2624
40.0,0,10,9,2632
40.0,0,10,10,2640
40.0,0,10,11,2648
40.0,0,10,12,2656
40.0,0,10,13,2664
40.0,0,10,14,2672
40.0,0,10,15,2680
40.0,0,11,0,2567
40.0,0,11,1,2575
40.0,0,11,2,2583
40.0,0,11,3,2591
40.0,0,11,4,2600
40.0,0,11,5,2608
40.0,0,11,6,2616
40.0,0,11,7,2624
40.0,0,11,8,2632
40.0,0,11,9,2640
40.0,0,11,10,2648
40.0,0,11,11,2656
40.0,0,11,12,2664
40.0,0,11,13,2672
40.0,0,11,14,2680
40.0,0,11,15,2688
40.0,0,12,0,2575
40.0,0,12,1,2583
40.0,0,12,2,2591
40.0,0,12,3,2599
40.0,0,12,4,2608
40.0,0,12,5,2616
40.0,0,12,6,2624
40.0,0,12,7,2632
40.0,0,12,8,2640
40.0,0,12,9,2648
40.0,0,12,10,2656
40.0,0,12,11,2664
40.0,0,12,12,2672
40.0,0,12,13,2680
40.0,0,12,14,2688
40.0,0,12,15,2696
40.0,0,13,0,2583
40.0,0,13,1,2591
40.0,0,13,2,2599
40.0,0,13,3,2608
40.0,0,13,4,2616
40.0,0,13,5,2624
40.0,0,13,6,2632
40.0,0,13,7,2640
40.0,0,13,8,2648
40.0,0,13,9,2657
40.0,0,13,10,2665
40.0,0,13,11,2673
40.0,0,13,12,2681
40.0,0,13,13,2689
40.0,0,13,14,2697
40.0,0,13,15,2705
40.0,0,14,0,2591
40.0,0,14,1,2599
40.0,0,14,2,2607
40.0,0,14,3,2616
40.0,0,14,4,2624
40.0,0,14,5,2632
40.0,0,14,6,2640
40.0,0,14,7,2648
40.0,0,14,8,2657
40.0,0,14,9,2665
40.0,0,14,10,2673
40.0,0,14,11,2681
40.0,0,14,12,2689
40.0,0,14,13,2697
40.0,0,14,14,2705
40.0,0,14,15,2713
40.0,0,15,0,2599
40.0,0,15,1,2607
40.0,0,15,2,2615
40.0,0,15,3,2624
40.0,0,15,4,2632
40.0,0,15,5,2640
40.0,0,15,6,2648
40.0,0,15,7,2657
40.0,0,15,8,2665
40.0,0,15,9,2673
40.0,0,15,10,2681
40.0,0,15,11,2689
40.0,0,15,12,2697
40.0,0,15,13,2705
40.0,0,15,14,2713
40.0,0,15,15,2721
40.0,1,0,0,2486
40.0,1,0,1,2494
40.0,1,0,2,2502
40.0,1,0,3,2510
40.0,1,0,4,2518
40.0,1,0,5,2526
40.0,1,0,6,2534
40.0,1,0,7,2542
40.0,1,0,8,2550
40.0,1,0,9,2557
40.0,1,0,10,2565
40.0,1,0,11,2573
40.0,1,0,12,2581
40.0,1,0,13,2589
40.0,1,0,14,2596
40.0,1,0,15,2604
40.0,1,1,0,2495
40.0,1,1,1,2503
40.0,1,1,2,2511
40.0,1,1,3,2519
40.0,1,1,4,2527
40.0,1,1,5,2535
40.0,1,1,6,2542
40.0,1,1,7,2550
40.0,1,1,8,2558
40.0,1,1,9,2566
40.0,1,1,10,2574
40.0,1,1,11,2582
40.0,1,1,12,2589
40.0,1,1,13,2597
40.0,1,1,14,2605
40.0,1,1,15,2613
40.0,1,2,0,2503
40.0,1,2,1,2511
40.0,1,2,2,2519
40.0,1,2,3,2527
40.0,1,2,4,2535
40.0,1,2,5,2543
40.0,1,2,6,2551
40.0,1,2,7,2559
40.0,1,2,8,2567
40.0,1,2,9,2575
40.0,1,2,10,2582
40.0,1,2,11,2590
40.0,1,2,12,2598
40.0,1,2,13,2606
40.0,1,2,14,2614
40.0,1,2,15,2621
40.0,1,3,0,2511
40.0,1,3,1,2519
40.0,1,3,2,2527
40.0,1,3,3,2535
40.0,1,3,4,2543
40.0,1,3,5,2551
40.0,1,3,6,2559
40.0,1,3,7,2567
40.0,1,3,8,2575
40.0,1,3,9,2583
40.0,1,3,10,2591
40.0,1,3,11,2599
40.0,1,3,12,2607
40.0,1,3,13,2614
40.0,1,3,14,2622
40.0,1,3,15,2630
40.0,1,4,0,2519
40.0,1,4,1,2528
40.0,1,4,2,2536
40.0,1,4,3,2544
40.0,1,4,4,2552
40.0,1,4,5,2560
40.0,1,4,6,2568
40.0,1,4,7,2576
40.0,1,4,8,2584
40.0,1,4,9,2592
40.0,1,4,10,2599
40.0,1,4,11,2607
40.0,1,4,12,2615
40.0,1,4,13,2623
40.0,1,4,14,2631
40.0,1,4,15,2639
40.0,1,5,0,2528
40.0,1,5,1,2536
40.0,1,5,2,2544
40.0,1,5,3,2552
40.0,1,5,4,2560
40.0,1,5,5,2568
40.0,1,5,6,2576
40.0,1,5,7,2584
40.0,1,5,8,2592
40.0,1,5,9,2600
40.0,1,5,10,2608
40.0,1,5,11,2616
40.0,1,5,12,2624
40.0,1,5,13,2632
40.0,1,5,14,2639
40.0,1,5,15,2647
40.0,1,6,0,2536
40.0,1,6,1,2544
40.0,1,6,2,2552
40.0,1,6,3,2560
40.0,1,6,4,2568
40.0,1,6,5,2576
40.0,1,6,6,2585
40.0,1,6,7,2593
40.0,1,6,8,2601
40.0,1,6,9,2608
40.0,1,6,10,2616
40.0,1,6,11,2624
40.0,1,6,12,2632
40.0,1,6,13,2640
40.0,1,6,14,2648
40.0,1,6,15,2656
40.0,1,7,0,2544
40.0,1,7,1,2552
40.0,1,7,2,2560
40.0,1,7,3,2569
40.0,1,7,4,2577
40.0,1,7,5,2585
40.0,1,7,6,2593
40.0,1,7,7,2601
40.0,1,7,8,2609
40.0,1,7,9,2617
40.0,1,7,10,2625
40.0,1,7,11,2633
40.0,1,7,12,2641
40.0,1,7,13,2649
40.0,1,7,14,2656
40.0,1,7,15,2664
40.0,1,8,0,2552
40.0,1,8,1,2560
40.0,1,8,2,2569
40.0,1,8,3,2577
40.0,1,8,4,2585
40.0,1,8,5,2593
40.0,1,8,6,2601
40.0,1,8,7,2609
40.0,1,8,8,2617
40.0,1,8,9,2625
40.0,1,8,10,2633
40.0,1,8,11,2641
40.0,1,8,12,2649
40.0,1,8,13,2657
40.0,1,8,14,2665
40.0,1,8,15,2673
40.0,1,9,0,2560
40.0,1,9,1,2569
40.0,1,9,2,2577
40.0,1,9,3,2585
40.0,1,9,4,2593
40.0,1,9,5,2601
40.0,1,9,6,2609
40.0,1,9,7,2618
40.0,1,9,8,2626
40.0,1,9,9,2634
40.0,1,9,10,2642
40.0,1,9,11,2650
40.0,1,9,12,2658
40.0,1,9,13,2666
40.0,1,9,14,2673
40.0,1,9,15,2681
40.0,1,10,0,2568
40.0,1,10,1,2577
40.0,1,10,2,2585
40.0,1,10,3,2593
40.0,1,10,4,2601
40.0,1,10,5,2610
40.0,1,10,6,2618
40.0,1,10,7,2626
40.0,1,10,8,2634
40.0,1,10,9,2642
40.0,1,10,10,2650
40.0,1,10,11,2658
40.0,1,10,12,2666
40.0,1,10,13,2674
40.0,1,10,14,2682
40.0,1,10,15,2690
40.0,1,11,0,2576
40.0,1,11,1,2585
40.0,1,11,2,2593
40.0,1,11,3,2601
40.0,1,11,4,2610
40.0,1,11,5,2618
40.0,1,11,6,2626
40.0,1,11,7,2634
40.0,1,11,8,2642
40.0,1,11,9,2650
40.0,1,11,10,2658
40.0,1,11,11,2666
40.0,1,11,12,2674
40.0,1,11,13,2682
40.0,1,11,14,2690
40.0,1,11,15,2698
40.0,1,12,0,2585
40.0,1,12,1,2593
40.0,1,12,2,2601
40.0,1,12,3,2609
40.0,1,12,4,2618
40.0,1,12,5,2626
40.0,1,12,6,2634
40.0,1,12,7,2642
40.0,1,12,8,2650
40.0,1,12,9,2659
40.0,1,12,10,2667
40.0,1,12,11,2675
40.0,1,12,12,2683
40.0,1,12,13,2691
40.0,1,12,14,2699
40.0,1,12,15,2707
40.0,1,13,0,2593
40.0,1,13,1,2601
40.0,1,13,2,2609
40.0,1,13,3,2618
40.0,1,13,4,2626
40.0,1,13,5,2634
40.0,1,13,6,2642
40.0,1,13,7,2650
40.0,1,13,8,2659
40.0,1,13,9,2667
40.0,1,13,10,2675
40.0,1,13,11,2683
40.0,1,13,12,2691
40.0,1,13,13,2699
40.0,1,13,14,2707
40.0,1,13,15,2715
40.0,1,14,0,2601
40.0,1,14,1,2609
40.0,1,14,2,2617
40.0,1,14,3,2626
40.0,1,14,4,2634
40.0,1,14,5,2642
40.0,1,14,6,2650
40.0,1,14,7,2659
40.0,1,14,8,2667
40.0,1,14,9,2675
40.0,1,14,10,2683
40.0,1,14,11,2691
40.0,1,14,12,2699
40.0,1,14,13,2707
40.0,1,14,14,2715
40.0,1,14,15,2723
40.0,1,15,0,2608
40.0,1,15,1,2617
40.0,1,15,2,2625
40.0,1,15,3,2634
40.0,1,15,4,2642
40.0,1,15,5,2650
40.0,1,15,6,2659
40.0,1,15,7,2667
40.0,1,15,8,2675
40.0,1,15,9,2683
40.0,1,15,10,2691
40.0,1,15,11,2699
40.0,1,15,12,2708
40.0,1,15,13,2716
40.0,1,15,14,2724
40.0,1,15,15,2732
40.0,2,0,0,2496
40.0,2,0,1,2504
40.0,2,0,2,2512
40.0,2,0,3,2520
40.0,2,0,4,2528
40.0,2,0,5,2536
40.0,2,0,6,2544
40.0,2,0,7,2552
40.0,2,0,8,2559
40.0,2,0,9,2567
40.0,2,0,10,2575
40.0,2,0,11,2583
40.0,2,0,12,2591
40.0,2,0,13,2598
40.0,2,0,14,2606
40.0,2,0,15,2614
40.0,2,1,0,2504
40.0,2,1,1,2512
40.0,2,1,2,2520
40.0,2,1,3,2528
40.0,2,1,4,2536
40.0,2,1,5,2544
40.0,2,1,6,2552
40.0,2,1,7,2560
40.0,2,1,8,2568
40.0,2,1,9,2576
40.0,2,1,10,2584
40.0,2,1,11,2592
40.0,2,1,12,2599
40.0,2,1,13,2607
40.0,2,1,14,2615
40.0,2,1,15,2623
40.0,2,2,0,2513
40.0,2,2,1,2521
40.0,2,2,2,2529
40.0,2,2,3,2537
40.0,2,2,4,2545
40.0,2,2,5,2553
40.0,2,2,6,2561
40.0,2,2,7,2569
40.0,2,2,8,2577
40.0,2,2,9,2584
40.0,2,2,10,2592
40.0,2,2,11,2600
40.0,2,2,12,2608
40.0,2,2,13,2616
40.0,2,2,14,2624
40.0,2,2,15,2631
40.0,2,3,0,2521
40.0,2,3,1,2529
40.0,2,3,2,2537
40.0,2,3,3,2545
40.0,2,3,4,2553
40.0,2,3,5,2561
40.0,2,3,6,2569
40.0,2,3,7,2577
40.0,2,3,8,2585
40.0,2,3,9,2593
40.0,2,3,10,2601
40.0,2,3,11,2609
40.0,2,3,12,2617
40.0,2,3,13,2624
40.0,2,3,14,2632
40.0,2,3,15,2640
40.0,2,4,0,2529
40.0,2,4,1,2537
40.0,2,4,2,2545
40.0,2,4,3,2553
40.0,2,4,4,2562
40.0,2,4,5,2570
40.0,2,4,6,2578
40.0,2,4,7,2586
40.0,2,4,8,2594
40.0,2,4,9,2602
40.0,2,4,10,2609
40.0,2,4,11,2617
40.0,2,4,12,2625
40.0,2,4,13,2633
40.0,2,4,14,2641
40.0,2,4,15,2649
40.0,2,5,0,2537
40.0,2,5,1,2546
40.0,2,5,2,2554
40.0,2,5,3,2562
40.0,2,5,4,2570
40.0,2,5,5,2578
40.0,2,5,6,2586
40.0,2,5,7,2594
40.0,2,5,8,2602
40.0,2,5,9,2610
40.0,2,5,10,2618
40.0,2,5,11,2626
40.0,2,5,12,2634
40.0,2,5,13,2642
40.0,2,5,14,2649
40.0,2,5,15,2657
40.0,2,6,0,2546
40.0,2,6,1,2554
40.0,2,6,2,2562
40.0,2,6,3,2570
40.0,2,6,4,2578
40.0,2,6,5,2586
40.0,2,6,6,2594
40.0,2,6,7,2602
40.0,2,6,8,2610
40.0,2,6,9,2618
40.0,2,6,10,2626
40.0,2,6,11,2634
40.0,2,6,12,2642
40.0,2,6,13,2650
40.0,2,6,14,2658
40.0,2,6,15,2666
40.0,2,7,0,2554
40.0,2,7,1,2562
40.0,2,7,2,2570
40.0,2,7,3,2578
40.0,2,7,4,2587
40.0,2,7,5,2595
40.0,2,7,6,2603
40.0,2,7,7,2611
40.0,2,7,8,2619
40.0,2,7,9,2627
40.0,2,7,10,2635
40.0,2,7,11,2643
40.0,2,7,12,2651
40.0,2,7,13,2659
40.0,2,7,14,2667
40.0,2,7,15,2675
40.0,2,8,0,2562
40.0,2,8,1,2570
40.0,2,8,2,2578
40.0,2,8,3,2587
40.0,2,8,4,2595
40.0,2,8,5,2603
40.0,2,8,6,2611
40.0,2,8,7,2619
40.0,2,8,8,2627
40.0,2,8,9,2635
40.0,2,8,10,2643
40.0,2,8,11,2651
40.0,2,8,12,2659
40.0,2,8,13,2667
40.0,2,8,14,2675
40.0,2,8,15,2683
40.0,2,9,0,2570
40.0,2,9,1,2578
40.0,2,9,2,2587
40.0,2,9,3,2595
40.0,2,9,4,2603
40.0,2,9,5,2611
40.0,2,9,6,2619
40.0,2,9,7,2628
40.0,2,9,8,2636
40.0,2,9,9,2644
40.0,2,9,10,2652
40.0,2,9,11,2660
40.0,2,9,12,2668
40.0,2,9,13,2676
40.0,2,9,14,2684
40.0,2,9,15,2692
40.0,2,10,0,2578
40.0,2,10,1,2587
40.0,2,10,2,2595
40.0,2,10,3,2603
40.0,2,10,4,2611
40.0,2,10,5,2619
40.0,2,10,6,2628
40.0,2,10,7,2636
40.0,2,10,8,2644
40.0,2,10,9,2652
40.0,2,10,10,2660
40.0,2,10,11,2668
40.0,2,10,12,2676
40.0,2,10,13,2684
40.0,2,10,14,2692
40.0,2,10,15,2700
40.0,2,11,0,2586
40.0,2,11,1,2595
40.0,2,11,2,2603
40.0,2,11,3,2611
40.0,2,11,4,2619
40.0,2,11,5,2628
40.0,2,11,6,2636
40.0,2,11,7,2644
40.0,2,11,8,2652
40.0,2,11,9,2660
40.0,2,11,10,2668
40.0,2,11,11,2677
40.0,2,11,12,2685
40.0,2,11,13,2693
40.0,2,11,14,2701
40.0,2,11,15,2709
40.0,2,12,0,2594
40.0,2,12,1,2603
40.0,2,12,2,2611
40.0,2,12,3,2619
40.0,2,12,4,2628
40.0,2,12,5,2636
40.0,2,12,6,2644
40.0,2,12,7,2652
40.0,2,12,8,2661
40.0,2,12,9,2669
40.0,2,12,10,2677
40.0,2,12,11,2685
40.0,2,12,12,2693
40.0,2,12,13,2701
40.0,2,12,14,2709
40.0,2,12,15,2717
40.0,2,13,0,2602
40.0,2,13,1,2611
40.0,2,13,2,2619
40.0,2,13,3,2628
40.0,2,13,4,2636
40.0,2,13,5,2644
40.0,2,13,6,2652
40.0,2,13,7,2661
40.0,2,13,8,2669
40.0,2,13,9,2677
40.0,2,13,10,2685
40.0,2,13,11,2693
40.0,2,13,12,2701
40.0,2,13,13,2709
40.0,2,13,14,2717
40.0,2,13,15,2725
40.0,2,14,0,2610
40.0,2,14,1,2619
40.0,2,14,2,2627
40.0,2,14,3,2636
40.0,2,14,4,2644
40.0,2,14,5,2652
40.0,2,14,6,2661
40.0,2,14,7,2669
40.0,2,14,8,2677
40.0,2,14,9,2685
40.0,2,14,10,2693
40.0,2,14,11,2702
40.0,2,14,12,2710
40.0,2,14,13,2718
40.0,2,14,14,2726
40.0,2,14,15,2734
40.0,2,15,0,2618
40.0,2,15,1,2627
40.0,2,15,2,2635
40.0,2,15,3,2644
40.0,2,15,4,2652
40.0,2,15,5,2660
40.0,2,15,6,2669
40.0,2,15,7,2677
40.0,2,15,8,2685
40.0,2,15,9,2693
40.0,2,15,10,2702
40.0,2,15,11,2710
40.0,2,15,12,2718
40.0,2,15,13,2726
40.0,2,15,14,2734
40.0,2,15,15,2742
40.0,3,0,0,2505
40.0,3,0,1,2513
40.0,3,0,2,2521
40.0,3,0,3,2529
40.0,3,0,4,2537
40.0,3,0,5,2545
40.0,3,0,6,2553
40.0,3,0,7,2561
40.0,3,0,8,2569
40.0,3,0,9,2577
40.0,3,0,10,2585
40.0,3,0,11,2593
40.0,3,0,12,2600
40.0,3,0,13,2608
40.0,3,0,14,2616
40.0,3,0,15,2624
40.0,3,1,0,2514
40.0,3,1,1,2522
40.0,3,1,2,2530
40.0,3,1,3,2538
40.0,3,1,4,2546
40.0,3,1,5,2554
40.0,3,1,6,2562
40.0,3,1,7,2570
40.0,3,1,8,2578
40.0,3,1,9,2586
40.0,3,1,10,2594
40.0,3,1,11,2601
40.0,3,1,12,2609
40.0,3,1,13,2617
40.0,3,1,14,2625
40.0,3,1,15,2633
40.0,3,2,0,2522
40.0,3,2,1,2530
40.0,3,2,2,2538
40.0,3,2,3,2546
40.0,3,2,4,2554
40.0,3,2,5,2562
40.0,3,2,6,2570
40.0,3,2,7,2578
40.0,3,2,8,2586
40.0,3,2,9,2594
40.0,3,2,10,2602
40.0,3,2,11,2610
40.0,3,2,12,2618
40.0,3,2,13,2626
40.0,3,2,14,2634
40.0,3,2,15,2641
40.0,3,3,0,2530
40.0,3,3,1,2539
40.0,3,3,2,2547
40.0,3,3,3,2555
40.0,3,3,4,2563
40.0,3,3,5,2571
40.0,3,3,6,2579
40.0,3,3,7,2587
40.0,3,3,8,2595
40.0,3,3,9,2603
40.0,3,3,10,2611
40.0,3,3,11,2619
40.0,3,3,12,2627
40.0,3,3,13,2634
40.0,3,3,14,2642
40.0,3,3,15,2650
40.0,3,4,0,2539
40.0,3,4,1,2547
40.0,3,4,2,2555
40.0,3,4,3,2563
40.0,3,4,4,2571
40.0,3,4,5,2579
40.0,3,4,6,2587
40.0,3,4,7,2595
40.0,3,4,8,2603
40.0,3,4,9,2611
40.0,3,4,10,2619
40.0,3,4,11,2627
40.0,3,4,12,2635
40.0,3,4,13,2643
40.0,3,4,14,2651
40.0,3,4,15,2659
40.0,3,5,0,2547
40.0,3,5,1,2555
40.0,3,5,2,2563
40.0,3,5,3,2572
40.0,3,5,4,2580
40.0,3,5,5,2588
40.0,3,5,6,2596
40.0,3,5,7,2604
40.0,3,5,8,2612
40.0,3,5,9,2620
40.0,3,5,10,2628
40.0,3,5,11,2636
40.0,3,5,12,2644
40.0,3,5,13,2652
40.0,3,5,14,2660
40.0,3,5,15,2667
40.0,3,6,0,2555
40.0,3,6,1,2563
40.0,3,6,2,2572
40.0,3,6,3,2580
40.0,3,6,4,2588
40.0,3,6,5,2596
40.0,3,6,6,2604
40.0,3,6,7,2612
40.0,3,6,8,2620
40.0,3,6,9,2628
40.0,3,6,10,2636
40.0,3,6,11,2644
40.0,3,6,12,2652
40.0,3,6,13,2660
40.0,3,6,14,2668
40.0,3,6,15,2676
40.0,3,7,0,2563
40.0,3,7,1,2572
40.0,3,7,2,2580
40.0,3,7,3,2588
40.0,3,7,4,2596
40.0,3,7,5,2605
40.0,3,7,6,2613
40.0,3,7,7,2621
40.0,3,7,8,2629
40.0,3,7,9,2637
40.0,3,7,10,2645
40.0,3,7,11,2653
40.0,3,7,12,2661
40.0,3,7,13,2669
40.0,3,7,14,2677
40.0,3,7,15,2685
40.0,3,8,0,2572
40.0,3,8,1,2580
40.0,3,8,2,2588
40.0,3,8,3,2596
40.0,3,8,4,2605
40.0,3,8,5,2613
40.0,3,8,6,2621
40.0,3,8,7,2629
40.0,3,8,8,2637
40.0,3,8,9,2645
40.0,3,8,10,2653
40.0,3,8,11,2661
40.0,3,8,12,2669
40.0,3,8,13,2677
40.0,3,8,14,2685
40.0,3,8,15,2693
40.0,3,9,0,2580
40.0,3,9,1,2588
40.0,3,9,2,2596
40.0,3,9,3,2605
40.0,3,9,4,2613
40.0,3,9,5,2621
40.0,3,9,6,2629
40.0,3,9,7,2637
40.0,3,9,8,2646
40.0,3,9,9,2654
40.0,3,9,10,2662
40.0,3,9,11,2670
40.0,3,9,12,2678
40.0,3,9,13,2686
40.0,3,9,14,2694
40.0,3,9,15,2702
40.0,3,10,0,2588
40.0,3,10,1,2596
40.0,3,10,2,2605
40.0,3,10,3,2613
40.0,3,10,4,2621
40.0,3,10,5,2629
40.0,3,10,6,2638
40.0,3,10,7,2646
40.0,3,10,8,2654
40.0,3,10,9,2662
40.0,3,10,10,2670
40.0,3,10,11,2678
40.0,3,10,12,2686
40.0,3,10,13,2694
40.0,3,10,14,2702
40.0,3,10,15,2710
40.0,3,11,0,2596
40.0,3,11,1,2605
40.0,3,11,2,2613
40.0,3,11,3,2621
40.0,3,11,4,2629
40.0,3,11,5,2638
40.0,3,11,6,2646
40.0,3,11,7,2654
40.0,3,11,8,2662
40.0,3,11,9,2670
40.0,3,11,10,2679
40.0,3,11,11,2687
40.0,3,11,12,2695
40.0,3,11,13,2703
40.0,3,11,14,2711
40.0,3,11,15,2719
40.0,3,12,0,2604
40.0,3,12,1,2613
40.0,3,12,2,2621
40.0,3,12,3,2629
40.0,3,12,4,2638
40.0,3,12,5,2646
40.0,3,12,6,2654
40.0,3,12,7,2662
40.0,3,12,8,2671
40.0,3,12,9,2679
40.0,3,12,10,2687
40.0,3,12,11,2695
40.0,3,12,12,2703
40.0,3,12,13,2711
40.0,3,12,14,2719
40.0,3,12,15,2727
40.0,3,13,0,2612
40.0,3,13,1,2621
40.0,3,13,2,2629
40.0,3,13,3,2637
40.0,3,13,4,2646
40.0,3,13,5,2654
40.0,3,13,6,2662
40.0,3,13,7,2671
40.0,3,13,8,2679
40.0,3,13,9,2687
40.0,3,13,10,2695
40.0,3,13,11,2703
40.0,3,13,12,2712
40.0,3,13,13,2720
40.0,3,13,14,2728
40.0,3,13,15,2736
40.0,3,14,0,2620
40.0,3,14,1,2629
40.0,3,14,2,2637
40.0,3,14,3,2646
40.0,3,14,4,2654
40.0,3,14,5,2662
40.0,3,14,6,2671
40.0,3,14,7,2679
40.0,3,14,8,2687
40.0,3,14,9,2695
40.0,3,14,10,2704
40.0,3,14,11,2712
40.0,3,14,12,2720
40.0,3,14,13,2728
40.0,3,14,14,2736
40.0,3,14,15,2744
40.0,3,15,0,2628
40.0,3,15,1,2637
40.0,3,15,2,2645
40.0,3,15,3,2654
40.0,3,15,4,2662
40.0,3,15,5,2670
40.0,3,15,6,2679
40.0,3,15,7,2687
40.0,3,15,8,2695
40.0,3,15,9,2704
40.0,3,15,10,2712
40.0,3,15,11,2720
40.0,3,15,12,2728
40.0,3,15,13,2736
40.0,3,15,14,2745
40.0,3,15,15,2753
40.0,4,0,0,2515
40.0,4,0,1,2523
40.0,4,0,2,2531
40.0,4,0,3,2539
40.0,4,0,4,2547
40.0,4,0,5,2555
40.0,4,0,6,2563
40.0,4,0,7,2571
40.0,4,0,8,2579
40.0,4,0,9,2587
40.0,4,0,10,2595
40.0,4,0,11,2603
40.0,4,0,12,2610
40.0,4,0,13,2618
40.0,4,0,14,2626
40.0,4,0,15,2634
40.0,4,1,0,2523
40.0,4,1,1,2531
40.0,4,1,2,2539
40.0,4,1,3,2548
40.0,4,1,4,2556
40.0,4,1,5,2564
40.0,4,1,6,2572
40.0,4,1,7,2580
40.0,4,1,8,2588
40.0,4,1,9,2595
40.0,4,1,10,2603
40.0,4,1,11,2611
40.0,4,1,12,2619
40.0,4,1,13,2627
40.0,4,1,14,2635
40.0,4,1,15,2643
40.0,4,2,0,2532
40.0,4,2,1,2540
40.0,4,2,2,2548
40.0,4,2,3,2556
40.0,4,2,4,2564
40.0,4,2,5,2572
40.0,4,2,6,2580
40.0,4,2,7,2588
40.0,4,2,8,2596
40.0,4,2,9,2604
40.0,4,2,10,2612
40.0,4,2,11,2620
40.0,4,2,12,2628
40.0,4,2,13,2636
40.0,4,2,14,2644
40.0,4,2,15,2651
40.0,4,3,0,2540
40.0,4,3,1,2548
40.0,4,3,2,2556
40.0,4,3,3,2564
40.0,4,3,4,2573
40.0,4,3,5,2581
40.0,4,3,6,2589
40.0,4,3,7,2597
40.0,4,3,8,2605
40.0,4,3,9,2613
40.0,4,3,10,2621
40.0,4,3,11,2629
40.0,4,3,12,2636
40.0,4,3,13,2644
40.0,4,3,14,2652
40.0,4,3,15,2660
40.0,4,4,0,2548
40.0,4,4,1,2557
40.0,4,4,2,2565
40.0,4,4,3,2573
40.0,4,4,4,2581
40.0,4,4,5,2589
40.0,4,4,6,2597
40.0,4,4,7,2605
40.0,4,4,8,2613
40.0,4,4,9,2621
40.0,4,4,10,2629
40.0,4,4,11,2637
40.0,4,4,12,2645
40.0,4,4,13,2653
40.0,4,4,14,2661
40.0,4,4,15,2669
40.0,4,5,0,2557
40.0,4,5,1,2565
40.0,4,5,2,2573
40.0,4,5,3,2581
40.0,4,5,4,2589
40.0,4,5,5,2598
40.0,4,5,6,2606
40.0,4,5,7,2614
40.0,4,5,8,2622
40.0,4,5,9,2630
40.0,4,5,10,2638
40.0,4,5,11,2646
40.0,4,5,12,2654
40.0,4,5,13,2662
40.0,4,5,14,2670
40.0,4,5,15,2678
40.0,4,6,0,2565
40.0,4,6,1,2573
40.0,4,6,2,2581
40.0,4,6,3,2590
40.0,4,6,4,2598
40.0,4,6,5,2606
40.0,4,6,6,2614
40.0,4,6,7,2622
40.0,4,6,8,2630
40.0,4,6,9,2638
40.0,4,6,10,2646
40.0,4,6,11,2654
40.0,4,6,12,2662
40.0,4,6,13,2670
40.0,4,6,14,2678
40.0,4,6,15,2686
40.0,4,7,0,2573
40.0,4,7,1,2581
40.0,4,7,2,2590
40.0,4,7,3,2598
40.0,4,7,4,2606
40.0,4,7,5,2614
40.0,4,7,6,2623
40.0,4,7,7,2631
40.0,4,7,8,2639
40.0,4,7,9,2647
40.0,4,7,10,2655
40.0,4,7,11,2663
40.0,4,7,12,2671
40.0,4,7,13,2679
40.0,4,7,14,2687
40.0,4,7,15,2695
40.0,4,8,0,2581
40.0,4,8,1,2590
40.0,4,8,2,2598
40.0,4,8,3,2606
40.0,4,8,4,2615
40.0,4,8,5,2623
40.0,4,8,6,2631
40.0,4,8,7,2639
40.0,4,8,8,2647
40.0,4,8,9,2655
40.0,4,8,10,2663
40.0,4,8,11,2671
40.0,4,8,12,2680
40.0,4,8,13,2688
40.0,4,8,14,2696
40.0,4,8,15,2703
40.0,4,9,0,2590
40.0,4,9,1,2598
40.0,4,9,2,2606
40.0,4,9,3,2615
40.0,4,9,4,2623
40.0,4,9,5,2631
40.0,4,9,6,2639
40.0,4,9,7,2647
40.0,4,9,8,2656
40.0,4,9,9,2664
40.0,4,9,10,2672
40.0,4,9,11,2680
40.0,4,9,12,2688
40.0,4,9,13,2696
40.0,4,9,14,2704
40.0,4,9,15,2712
40.0,4,10,0,2598
40.0,4,10,1,2606
40.0,4,10,2,2615
40.0,4,10,3,2623
40.0,4,10,4,2631
40.0,4,10,5,2639
40.0,4,10,6,2648
40.0,4,10,7,2656
40.0,4,10,8,2664
40.0,4,10,9,2672
40.0,4,10,10,2680
40.0,4,10,11,2688
40.0,4,10,12,2697
40.0,4,10,13,2705
40.0,4,10,14,2713
40.0,4,10,15,2721
40.0,4,11,0,2606
40.0,4,11,1,2614
40.0,4,11,2,2623
40.0,4,11,3,2631
40.0,4,11,4,2639
40.0,4,11,5,2648
40.0,4,11,6,2656
40.0,4,11,7,2664
40.0,4,11,8,2672
40.0,4,11,9,2681
40.0,4,11,10,2689
40.0,4,11,11,2697
40.0,4,11,12,2705
40.0,4,11,13,2713
40.0,4,11,14,2721
40.0,4,11,15,2729
40.0,4,12,0,2614
40.0,4,12,1,2623
40.0,4,12,2,2631
40.0,4,12,3,2639
40.0,4,12,4,2648
40.0,4,12,5,2656
40.0,4,12,6,2664
40.0,4,12,7,2673
40.0,4,12,8,2681
40.0,4,12,9,2689
40.0,4,12,10,2697
40.0,4,12,11,2705
40.0,4,12,12,2713
40.0,4,12,13,2722
40.0,4,12,14,2730
40.0,4,12,15,2738
40.0,4,13,0,2622
40.0,4,13,1,2631
40.0,4,13,2,2639
40.0,4,13,3,2647
40.0,4,13,4,2656
40.0,4,13,5,2664
40.0,4,13,6,2673
40.0,4,13,7,2681
40.0,4,13,8,2689
40.0,4,13,9,2697
40.0,4,13,10,2706
40.0,4,13,11,2714
40.0,4,13,12,2722
40.0,4,13,13,2730
40.0,4,13,14,2738
40.0,4,13,15,2746
40.0,4,14,0,2630
40.0,4,14,1,2639
40.0,4,14,2,2647
40.0,4,14,3,2656
40.0,4,14,4,2664
40.0,4,14,5,2672
40.0,4,14,6,2681
40.0,4,14,7,2689
40.0,4,14,8,2697
40.0,4,14,9,2706
40.0,4,14,10,2714
40.0,4,14,11,2722
40.0,4,14,12,2730
40.0,4,14,13,2738
40.0,4,14,14,2747
40.0,4,14,15,2755
40.0,4,15,0,2638
40.0,4,15,1,2647
40.0,4,15,2,2655
40.0,4,15,3,2664
40.0,4,15,4,2672
40.0,4,15,5,2681
40.0,4,15,6,2689
40.0,4,15,7,2697
40.0,4,15,8,2706
40.0,4,15,9,2714
40.0,4,15,10,2722
40.0,4,15,11,2730
40.0,4,15,12,2739
40.0,4,15,13,2747
40.0,4,15,14,2755
40.0,4,15,15,2763
40.0,5,0,0,2524
40.0,5,0,1,2532
40.0,5,0,2,2541
40.0,5,0,3,2549
40.0,5,0,4,2557
40.0,5,0,5,2565
40.0,5,0,6,2573
40.0,5,0,7,2581
40.0,5,0,8,2589
40.0,5,0,9,2597
40.0,5,0,10,2604
40.0,5,0,11,2612
40.0,5,0,12,2620
40.0,5,0,13,2628
40.0,5,0,14,2636
40.0,5,0,15,2644
40.0,5,1,0,2533
40.0,5,1,1,2541
40.0,5,1,2,2549
40.0,5,1,3,2557
40.0,5,1,4,2565
40.0,5,1,5,2573
40.0,5,1,6,2581
40.0,5,1,7,2589
40.0,5,1,8,2597
40.0,5,1,9,2605
40.0,5,1,10,2613
40.0,5,1,11,2621
40.0,5,1,12,2629
40.0,5,1,13,2637
40.0,5,1,14,2645
40.0,5,1,15,2652
40.0,5,2,0,2541
40.0,5,2,1,2549
40.0,5,2,2,2558
40.0,5,2,3,2566
40.0,5,2,4,2574
40.0,5,2,5,2582
40.0,5,2,6,2590
40.0,5,2,7,2598
40.0,5,2,8,2606
40.0,5,2,9,2614
40.0,5,2,10,2622
40.0,5,2,11,2630
40.0,5,2,12,2638
40.0,5,2,13,2646
40.0,5,2,14,2653
40.0,5,2,15,2661
40.0,5,3,0,2550
40.0,5,3,1,2558
40.0,5,3,2,2566
40.0,5,3,3,2574
40.0,5,3,4,2582
40.0,5,3,5,2590
40.0,5,3,6,2598
40.0,5,3,7,2607
40.0,5,3,8,2615
40.0,5,3,9,2623
40.0,5,3,10,2631
40.0,5,3,11,2639
40.0,5,3,12,2646
40.0,5,3,13,2654
40.0,5,3,14,2662
40.0,5,3,15,2670
40.0,5,4,0,2558
40.0,5,4,1,2566
40.0,5,4,2,2574
40.0,5,4,3,2583
40.0,5,4,4,2591
40.0,5,4,5,2599
40.0,5,4,6,2607
40.0,5,4,7,2615
40.0,5,4,8,2623
40.0,5,4,9,2631
40.0,5,4,10,2639
40.0,5,4,11,2647
40.0,5,4,12,2655
40.0,5,4,13,2663
40.0,5,4,14,2671
40.0,5,4,15,2679
40.0,5,5,0,2566
40.0,5,5,1,2575
40.0,5,5,2,2583
40.0,5,5,3,2591
40.0,5,5,4,2599
40.0,5,5,5,2607
40.0,5,5,6,2616
40.0,5,5,7,2624
40.0,5,5,8,2632
40.0,5,5,9,2640
40.0,5,5,10,2648
40.0,5,5,11,2656
40.0,5,5,12,2664
40.0,5,5,13,2672
40.0,5,5,14,2680
40.0,5,5,15,2688
40.0,5,6,0,2575
40.0,5,6,1,2583
40.0,5,6,2,2591
40.0,5,6,3,2599
40.0,5,6,4,2608
40.0,5,6,5,2616
40.0,5,6,6,2624
40.0,5,6,7,2632
40.0,5,6,8,2640
40.0,5,6,9,2648
40.0,5,6,10,2656
40.0,5,6,11,2664
40.0,5,6,12,2672
40.0,5,6,13,2680
40.0,5,6,14,2688
40.0,5,6,15,2696
40.0,5,7,0,2583
40.0,5,7,1,2591
40.0,5,7,2,2600
40.0,5,7,3,2608
40.0,5,7,4,2616
40.0,5,7,5,2624
40.0,5,7,6,2632
40.0,5,7,7,2641
40.0,5,7,8,2649
40.0,5,7,9,2657
40.0,5,7,10,2665
40.0,5,7,11,2673
40.0,5,7,12,2681
40.0,5,7,13,2689
40.0,5,7,14,2697
40.0,5,7,15,2705
40.0,5,8,0,2591
40.0,5,8,1,2600
40.0,5,8,2,2608
40.0,5,8,3,2616
40.0,5,8,4,2624
40.0,5,8,5,2633
40.0,5,8,6,2641
40.0,5,8,7,2649
40.0,5,8,8,2657
40.0,5,8,9,2665
40.0,5,8,10,2673
40.0,5,8,11,2682
40.0,5,8,12,2690
40.0,5,8,13,2698
40.0,5,8,14,2706
40.0,5,8,15,2714
40.0,5,9,0,2599
40.0,5,9,1,2608
40.0,5,9,2,2616
40.0,5,9,3,2624
40.0,5,9,4,2633
40.0,5,9,5,2641
40.0,5,9,6,2649
40.0,5,9,7,2657
40.0,5,9,8,2666
40.0,5,9,9,2674
40.0,5,9,10,2682
40.0,5,9,11,2690
40.0,5,9,12,2698
40.0,5,9,13,2706
40.0,5,9,14,2714
40.0,5,9,15,2722
40.0,5,10,0,2608
40.0,5,10,1,2616
40.0,5,10,2,2624
40.0,5,10,3,2633
40.0,5,10,4,2641
40.0,5,10,5,2649
40.0,5,10,6,2658
40.0,5,10,7,2666
40.0,5,10,8,2674
40.0,5,10,9,2682
40.0,5,10,10,2690
40.0,5,10,11,2699
40.0,5,10,12,2707
40.0,5,10,13,2715
40.0,5,10,14,2723
40.0,5,10,15,2731
40.0,5,11,0,2616
40.0,5,11,1,2624
40.0,5,11,2,2633
40.0,5,11,3,2641
40.0,5,11,4,2649
40.0,5,11,5,2658
40.0,5,11,6,2666
40.0,5,11,7,2674
40.0,5,11,8,2682
40.0,5,11,9,2691
40.0,5,11,10,2699
40.0,5,11,11,2707
40.0,5,11,12,2715
40.0,5,11,13,2723
40.0,5,11,14,2731
40.0,5,11,15,2739
40.0,5,12,0,2624
40.0,5,12,1,2632
40.0,5,12,2,2641
40.0,5,12,3,2649
40.0,5,12,4,2658
40.0,5,12,5,2666
40.0,5,12,6,2674
40.0,5,12,7,2683
40.0,5,12,8,2691
40.0,5,12,9,2699
40.0,5,12,10,2707
40.0,5,12,11,2716
40.0,5,12,12,2724
40.0,5,12,13,2732
40.0,5,12,14,2740
40.0,5,12,15,2748
40.0,5,13,0,2632
40.0,5,13,1,2641
40.0,5,13,2,2649
40.0,5,13,3,2657
40.0,5,13,4,2666
40.0,5,13,5,2674
40.0,5,13,6,2683
40.0,5,13,7,2691
40.0,5,13,8,2699
40.0,5,13,9,2707
40.0,5,13,10,2716
40.0,5,13,11,2724
40.0,5,13,12,2732
40.0,5,13,13,2740
40.0,5,13,14,2748
40.0,5,13,15,2757
40.0,5,14,0,2640
40.0,5,14,1,2649
40.0,5,14,2,2657
40.0,5,14,3,2666
40.0,5,14,4,2674
40.0,5,14,5,2682
40.0,5,14,6,2691
40.0,5,14,7,2699
40.0,5,14,8,2708
40.0,5,14,9,2716
40.0,5,14,10,2724
40.0,5,14,11,2732
40.0,5,14,12,2741
40.0,5,14,13,2749
40.0,5,14,14,2757
40.0,5,14,15,2765
40.0,5,15,0,2648
40.0,5,15,1,2657
40.0,5,15,2,2665
40.0,5,15,3,2674
40.0,5,15,4,2682
40.0,5,15,5,2691
40.0,5,15,6,2699
40.0,5,15,7,2707
40.0,5,15,8,2716
40.0,5,15,9,2724
40.0,5,15,10,2732
40.0,5,15,11,2741
40.0,5,15,12,2749
40.0,5,15,13,2757
40.0,5,15,14,2765
40.0,5,15,15,2774
40.0,6,0,0,2534
40.0,6,0,1,2542
40.0,6,0,2,2550
40.0,6,0,3,2558
40.0,6,0,4,2566
40.0,6,0,5,2574
40.0,6,0,6,2582
40.0,6,0,7,2590
40.0,6,0,8,2598
40.0,6,0,9,2606
40.0,6,0,10,2614
40.0,6,0,11,2622
40.0,6,0,12,2630
40.0,6,0,13,2638
40.0,6,0,14,2646
40.0,6,0,15,2654
40.0,6,1,0,2542
40.0,6,1,1,2550
40.0,6,1,2,2559
40.0,6,1,3,2567
40.0,6,1,4,2575
40.0,6,1,5,2583
40.0,6,1,6,2591
40.0,6,1,7,2599
40.0,6,1,8,2607
40.0,6,1,9,2615
40.0,6,1,10,2623
40.0,6,1,11,2631
40.0,6,1,12,2639
40.0,6,1,13,2647
40.0,6,1,14,2655
40.0,6,1,15,2662
40.0,6,2,0,2551
40.0,6,2,1,2559
40.0,6,2,2,2567
40.0,6,2,3,2575
40.0,6,2,4,2583
40.0,6,2,5,2592
40.0,6,2,6,2600
40.0,6,2,7,2608
40.0,6,2,8,2616
40.0,6,2,9,2624
40.0,6,2,10,2632
40.0,6,2,11,2640
40.0,6,2,12,2648
40.0,6,2,13,2656
40.0,6,2,14,2663
40.0,6,2,15,2671
40.0,6,3,0,2559
40.0,6,3,1,2567
40.0,6,3,2,2576
40.0,6,3,3,2584
40.0,6,3,4,2592
40.0,6,3,5,2600
40.0,6,3,6,2608
40.0,6,3,7,2616
40.0,6,3,8,2624
40.0,6,3,9,2632
40.0,6,3,10,2640
40.0,6,3,11,2648
40.0,6,3,12,2656
40.0,6,3,13,2664
40.0,6,3,14,2672
40.0,6,3,15,2680
40.0,6,4,0,2568
40.0,6,4,1,2576
40.0,6,4,2,2584
40.0,6,4,3,2592
40.0,6,4,4,2600
40.0,6,4,5,2609
40.0,6,4,6,2617
40.0,6,4,7,2625
40.0,6,4,8,2633
40.0,6,4,9,2641
40.0,6,4,10,2649
40.0,6,4,11,2657
40.0,6,4,12,2665
40.0,6,4,13,2673
40.0,6,4,14,2681
40.0,6,4,15,2689
40.0,6,5,0,2576
40.0,6,5,1,2584
40.0,6,5,2,2593
40.0,6,5,3,2601
40.0,6,5,4,2609
40.0,6,5,5,2617
40.0,6,5,6,2625
40.0,6,5,7,2633
40.0,6,5,8,2642
40.0,6,5,9,2650
40.0,6,5,10,2658
40.0,6,5,11,2666
40.0,6,5,12,2674
40.0,6,5,13,2682
40.0,6,5,14,2690
40.0,6,5,15,2698
40.0,6,6,0,2584
40.0,6,6,1,2593
40.0,6,6,2,2601
40.0,6,6,3,2609
40.0,6,6,4,2617
40.0,6,6,5,2626
40.0,6,6,6,2634
40.0,6,6,7,2642
40.0,6,6,8,2650
40.0,6,6,9,2658
40.0,6,6,10,2666
40.0,6,6,11,2674
40.0,6,6,12,2682
40.0,6,6,13,2691
40.0,6,6,14,2699
40.0,6,6,15,2706
40.0,6,7,0,2593
40.0,6,7,1,2601
40.0,6,7,2,2609
40.0,6,7,3,2618
40.0,6,7,4,2626
40.0,6,7,5,2634
40.0,6,7,6,2642
40.0,6,7,7,2651
40.0,6,7,8,2659
40.0,6,7,9,2667
40.0,6,7,10,2675
40.0,6,7,11,2683
40.0,6,7,12,2691
40.0,6,7,13,2699
40.0,6,7,14,2707
40.0,6,7,15,2715
40.0,6,8,0,2601
40.0,6,8,1,2609
40.0,6,8,2,2618
40.0,6,8,3,2626
40.0,6,8,4,2634
40.0,6,8,5,2643
40.0,6,8,6,2651
40.0,6,8,7,2659
40.0,6,8,8,2667
40.0,6,8,9,2675
40.0,6,8,10,2684
40.0,6,8,11,2692
40.0,6,8,12,2700
40.0,6,8,13,2708
40.0,6,8,14,2716
40.0,6,8,15,2724
40.0,6,9,0,2609
40.0,6,9,1,2618
40.0,6,9,2,2626
40.0,6,9,3,2634
40.0,6,9,4,2643
40.0,6,9,5,2651
40.0,6,9,6,2659
40.0,6,9,7,2667
40.0,6,9,8,2676
40.0,6,9,9,2684
40.0,6,9,10,2692
40.0,6,9,11,2700
40.0,6,9,12,2708
40.0,6,9,13,2716
40.0,6,9,14,2725
40.0,6,9,15,2733
40.0,6,10,0,2617
40.0,6,10,1,2626
40.0,6,10,2,2634
40.0,6,10,3,2643
40.0,6,10,4,2651
40.0,6,10,5,2659
40.0,6,10,6,2668
40.0,6,10,7,2676
40.0,6,10,8,2684
40.0,6,10,9,2692
40.0,6,10,10,2701
40.0,6,10,11,2709
40.0,6,10,12,2717
40.0,6,10,13,2725
40.0,6,10,14,2733
40.0,6,10,15,2741
40.0,6,11,0,2626
40.0,6,11,1,2634
40.0,6,11,2,2643
40.0,6,11,3,2651
40.0,6,11,4,2659
40.0,6,11,5,2668
40.0,6,11,6,2676
40.0,6,11,7,2684
40.0,6,11,8,2693
40.0,6,11,9,2701
40.0,6,11,10,2709
40.0,6,11,11,2717
40.0,6,11,12,2725
40.0,6,11,13,2734
40.0,6,11,14,2742
40.0,6,11,15,2750
40.0,6,12,0,2634
40.0,6,12,1,2642
40.0,6,12,2,2651
40.0,6,12,3,2659
40.0,6,12,4,2668
40.0,6,12,5,2676
40.0,6,12,6,2684
40.0,6,12,7,2693
40.0,6,12,8,2701
40.0,6,12,9,2709
40.0,6,12,10,2718
40.0,6,12,11,2726
40.0,6,12,12,2734
40.0,6,12,13,2742
40.0,6,12,14,2750
40.0,6,12,15,2758
40.0,6,13,0,2642
40.0,6,13,1,2651
40.0,6,13,2,2659
40.0,6,13,3,2667
40.0,6,13,4,2676
40.0,6,13,5,2684
40.0,6,13,6,2693
40.0,6,13,7,2701
40.0,6,13,8,2709
40.0,6,13,9,2718
40.0,6,13,10,2726
40.0,6,13,11,2734
40.0,6,13,12,2742
40.0,6,13,13,2751
40.0,6,13,14,2759
40.0,6,13,15,2767
40.0,6,14,0,2650
40.0,6,14,1,2659
40.0,6,14,2,2667
40.0,6,14,3,2676
40.0,6,14,4,2684
40.0,6,14,5,2693
40.0,6,14,6,2701
40.0,6,14,7,2709
40.0,6,14,8,2718
40.0,6,14,9,2726
40.0,6,14,10,2734
40.0,6,14,11,2743
40.0,6,14,12,2751
40.0,6,14,13,2759
40.0,6,14,14,2767
40.0,6,14,15,2775
40.0,6,15,0,2658
40.0,6,15,1,2667
40.0,6,15,2,2675
40.0,6,15,3,2684
40.0,6,15,4,2692
40.0,6,15,5,2701
40.0,6,15,6,2709
40.0,6,15,7,2718
40.0,6,15,8,2726
40.0,6,15,9,2734
40.0,6,15,10,2743
40.0,6,15,11,2751
40.0,6,15,12,2759
40.0,6,15,13,2768
40.0,6,15,14,2776
40.0,6,15,15,2784
40.0,7,0,0,2543
40.0,7,0,1,2551
40.0,7,0,2,2560
40.0,7,0,3,2568
40.0,7,0,4,2576
40.0,7,0,5,2584
40.0,7,0,6,2592
40.0,7,0,7,2600
40.0,7,0,8,2608
40.0,7,0,9,2616
40.0,7,0,10,2624
40.0,7,0,11,2632
40.0,7,0,12,2640
40.0,7,0,13,2648
40.0,7,0,14,2656
40.0,7,0,15,2664
40.0,7,1,0,2552
40.0,7,1,1,2560
40.0,7,1,2,2568
40.0,7,1,3,2576
40.0,7,1,4,2585
40.0,7,1,5,2593
40.0,7,1,6,2601
40.0,7,1,7,2609
40.0,7,1,8,2617
40.0,7,1,9,2625
40.0,7,1,10,2633
40.0,7,1,11,2641
40.0,7,1,12,2649
40.0,7,1,13,2657
40.0,7,1,14,2665
40.0,7,1,15,2672
40.0,7,2,0,2560
40.0,7,2,1,2569
40.0,7,2,2,2577
40.0,7,2,3,2585
40.0,7,2,4,2593
40.0,7,2,5,2601
40.0,7,2,6,2609
40.0,7,2,7,2617
40.0,7,2,8,2626
40.0,7,2,9,2634
40.0,7,2,10,2642
40.0,7,2,11,2650
40.0,7,2,12,2658
40.0,7,2,13,2666
40.0,7,2,14,2673
40.0,7,2,15,2681
40.0,7,3,0,2569
40.0,7,3,1,2577
40.0,7,3,2,2585
40.0,7,3,3,2593
40.0,7,3,4,2602
40.0,7,3,5,2610
40.0,7,3,6,2618
40.0,7,3,7,2626
40.0,7,3,8,2634
40.0,7,3,9,2642
40.0,7,3,10,2650
40.0,7,3,11,2658
40.0,7,3,12,2666
40.0,7,3,13,2674
40.0,7,3,14,2682
40.0,7,3,15,2690
40.0,7,4,0,2577
40.0,7,4,1,2585
40.0,7,4,2,2594
40.0,7,4,3,2602
40.0,7,4,4,2610
40.0,7,4,5,2618
40.0,7,4,6,2627
40.0,7,4,7,2635
40.0,7,4,8,2643
40.0,7,4,9,2651
40.0,7,4,10,2659
40.0,7,4,11,2667
40.0,7,4,12,2675
40.0,7,4,13,2683
40.0,7,4,14,2691
40.0,7,4,15,2699
40.0,7,5,0,2586
40.0,7,5,1,2594
40.0,7,5,2,2602
40.0,7,5,3,2611
40.0,7,5,4,2619
40.0,7,5,5,2627
40.0,7,5,6,2635
40.0,7,5,7,2643
40.0,7,5,8,2651
40.0,7,5,9,2660
40.0,7,5,10,2668
40.0,7,5,11,2676
40.0,7,5,12,2684
40.0,7,5,13,2692
40.0,7,5,14,2700
40.0,7,5,15,2708
40.0,7,6,0,2594
40.0,7,6,1,2602
40.0,7,6,2,2611
40.0,7,6,3,2619
40.0,7,6,4,2627
40.0,7,6,5,2635
40.0,7,6,6,2644
40.0,7,6,7,2652
40.0,7,6,8,2660
40.0,7,6,9,2668
40.0,7,6,10,2676
40.0,7,6,11,2684
40.0,7,6,12,2693
40.0,7,6,13,2701
40.0,7,6,14,2709
40.0,7,6,15,2717
40.0,7,7,0,2602
40.0,7,7,1,2611
40.0,7,7,2,2619
40.0,7,7,3,2627
40.0,7,7,4,2636
40.0,7,7,5,2644
40.0,7,7,6,2652
40.0,7,7,7,2660
40.0,7,7,8,2669
40.0,7,7,9,2677
40.0,7,7,10,2685
40.0,7,7,11,2693
40.0,7,7,12,2701
40.0,7,7,13,2709
40.0,7,7,14,2717
40.0,7,7,15,2725
40.0,7,8,0,2611
40.0,7,8,1,2619
40.0,7,8,2,2627
40.0,7,8,3,2636
40.0,7,8,4,2644
40.0,7,8,5,2652
40.0,7,8,6,2661
40.0,7,8,7,2669
40.0,7,8,8,2677
40.0,7,8,9,2685
40.0,7,8,10,2694
40.0,7,8,11,2702
40.0,7,8,12,2710
40.0,7,8,13,2718
40.0,7,8,14,2726
40.0,7,8,15,2734
40.0,7,9,0,2619
40.0,7,9,1,2627
40.0,7,9,2,2636
40.0,7,9,3,2644
40.0,7,9,4,2653
40.0,7,9,5,2661
40.0,7,9,6,2669
40.0,7,9,7,2677
40.0,7,9,8,2686
40.0,7,9,9,2694
40.0,7,9,10,2702
40.0,7,9,11,2710
40.0,7,9,12,2718
40.0,7,9,13,2727
40.0,7,9,14,2735
40.0,7,9,15,2743
40.0,7,10,0,2627
40.0,7,10,1,2636
40.0,7,10,2,2644
40.0,7,10,3,2653
40.0,7,10,4,2661
40.0,7,10,5,2669
40.0,7,10,6,2678
40.0,7,10,7,2686
40.0,7,10,8,2694
40.0,7,10,9,2702
40.0,7,10,10,2711
40.0,7,10,11,2719
40.0,7,10,12,2727
40.0,7,10,13,2735
40.0,7,10,14,2743
40.0,7,10,15,2751
40.0,7,11,0,2635
40.0,7,11,1,2644
40.0,7,11,2,2652
40.0,7,11,3,2661
40.0,7,11,4,2669
40.0,7,11,5,2678
40.0,7,11,6,2686
40.0,7,11,7,2694
40.0,7,11,8,2703
40.0,7,11,9,2711
40.0,7,11,10,2719
40.0,7,11,11,2727
40.0,7,11,12,2736
40.0,7,11,13,2744
40.0,7,11,14,2752
40.0,7,11,15,2760
40.0,7,12,0,2644
40.0,7,12,1,2652
40.0,7,12,2,2661
40.0,7,12,3,2669
40.0,7,12,4,2678
40.0,7,12,5,2686
40.0,7,12,6,2694
40.0,7,12,7,2703
40.0,7,12,8,2711
40.0,7,12,9,2719
40.0,7,12,10,2728
40.0,7,12,11,2736
40.0,7,12,12,2744
40.0,7,12,13,2752
40.0,7,12,14,2761
40.0,7,12,15,2769
40.0,7,13,0,2652
40.0,7,13,1,2660
40.0,7,13,2,2669
40.0,7,13,3,2677
40.0,7,13,4,2686
40.0,7,13,5,2694
40.0,7,13,6,2703
40.0,7,13,7,2711
40.0,7,13,8,2720
40.0,7,13,9,2728
40.0,7,13,10,2736
40.0,7,13,11,2744
40.0,7,13,12,2753
40.0,7,13,13,2761
40.0,7,13,14,2769
40.0,7,13,15,2777
40.0,7,14,0,2660
40.0,7,14,1,2669
40.0,7,14,2,2677
40.0,7,14,3,2686
40.0,7,14,4,2694
40.0,7,14,5,2703
40.0,7,14,6,2711
40.0,7,14,7,2720
40.0,7,14,8,2728
40.0,7,14,9,2736
40.0,7,14,10,2745
40.0,7,14,11,2753
40.0,7,14,12,2761
40.0,7,14,13,2769
40.0,7,14,14,2778
40.0,7,14,15,2786
40.0,7,15,0,2668
40.0,7,15,1,2677
40.0,7,15,2,2685
40.0,7,15,3,2694
40.0,7,15,4,2702
40.0,7,15,5,2711
40.0,7,15,6,2719
40.0,7,15,7,2728
40.0,7,15,8,2736
40.0,7,15,9,2745
40.0,7,15,10,2753
40.0,7,15,11,2761
40.0,7,15,12,2770
40.0,7,15,13,2778
40.0,7,15,14,2786
40.0,7,15,15,2794
40.0,8,0,0,2553
40.0,8,0,1,2561
40.0,8,0,2,2569
40.0,8,0,3,2577
40.0,8,0,4,2585
40.0,8,0,5,2594
40.0,8,0,6,2602
40.0,8,0,7,2610
40.0,8,0,8,2618
40.0,8,0,9,2626
40.0,8,0,10,2634
40.0,8,0,11,2642
40.0,8,0,12,2650
40.0,8,0,13,2658
40.0,8,0,14,2666
40.0,8,0,15,2673
40.0,8,1,0,2561
40.0,8,1,1,2570
40.0,8,1,2,2578
40.0,8,1,3,2586
40.0,8,1,4,2594
40.0,8,1,5,2602
40.0,8,1,6,2610
40.0,8,1,7,2619
40.0,8,1,8,2627
40.0,8,1,9,2635
40.0,8,1,10,2643
40.0,8,1,11,2651
40.0,8,1,12,2659
40.0,8,1,13,2667
40.0,8,1,14,2675
40.0,8,1,15,2682
40.0,8,2,0,2570
40.0,8,2,1,2578
40.0,8,2,2,2586
40.0,8,2,3,2595
40.0,8,2,4,2603
40.0,8,2,5,2611
40.0,8,2,6,2619
40.0,8,2,7,2627
40.0,8,2,8,2635
40.0,8,2,9,2643
40.0,8,2,10,2651
40.0,8,2,11,2659
40.0,8,2,12,2667
40.0,8,2,13,2675
40.0,8,2,14,2683
40.0,8,2,15,2691
40.0,8,3,0,2578
40.0,8,3,1,2587
40.0,8,3,2,2595
40.0,8,3,3,2603
40.0,8,3,4,2611
40.0,8,3,5,2620
40.0,8,3,6,2628
40.0,8,3,7,2636
40.0,8,3,8,2644
40.0,8,3,9,2652
40.0,8,3,10,2660
40.0,8,3,11,2668
40.0,8,3,12,2676
40.0,8,3,13,2684
40.0,8,3,14,2692
40.0,8,3,15,2700
40.0,8,4,0,2587
40.0,8,4,1,2595
40.0,8,4,2,2603
40.0,8,4,3,2612
40.0,8,4,4,2620
40.0,8,4,5,2628
40.0,8,4,6,2636
40.0,8,4,7,2645
40.0,8,4,8,2653
40.0,8,4,9,2661
40.0,8,4,10,2669
40.0,8,4,11,2677
40.0,8,4,12,2685
40.0,8,4,13,2693
40.0,8,4,14,2701
40.0,8,4,15,2709
40.0,8,5,0,2595
40.0,8,5,1,2604
40.0,8,5,2,2612
40.0,8,5,3,2620
40.0,8,5,4,2629
40.0,8,5,5,2637
40.0,8,5,6,2645
40.0,8,5,7,2653
40.0,8,5,8,2661
40.0,8,5,9,2670
40.0,8,5,10,2678
40.0,8,5,11,2686
40.0,8,5,12,2694
40.0,8,5,13,2702
40.0,8,5,14,2710
40.0,8,5,15,2718
40.0,8,6,0,2604
40.0,8,6,1,2612
40.0,8,6,2,2620
40.0,8,6,3,2629
40.0,8,6,4,2637
40.0,8,6,5,2645
40.0,8,6,6,2654
40.0,8,6,7,2662
40.0,8,6,8,2670
40.0,8,6,9,2678
40.0,8,6,10,2686
40.0,8,6,11,2694
40.0,8,6,12,2703
40.0,8,6,13,2711
40.0,8,6,14,2719
40.0,8,6,15,2727
40.0,8,7,0,2612
40.0,8,7,1,2620
40.0,8,7,2,2629
40.0,8,7,3,2637
40.0,8,7,4,2646
40.0,8,7,5,2654
40.0,8,7,6,2662
40.0,8,7,7,2670
40.0,8,7,8,2679
40.0,8,7,9,2687
40.0,8,7,10,2695
40.0,8,7,11,2703
40.0,8,7,12,2711
40.0,8,7,13,2719
40.0,8,7,14,2727
40.0,8,7,15,2736
40.0,8,8,0,2620
40.0,8,8,1,2629
40.0,8,8,2,2637
40.0,8,8,3,2646
40.0,8,8,4,2654
40.0,8,8,5,2662
40.0,8,8,6,2671
40.0,8,8,7,2679
40.0,8,8,8,2687
40.0,8,8,9,2695
40.0,8,8,10,2704
40.0,8,8,11,2712
40.0,8,8,12,2720
40.0,8,8,13,2728
40.0,8,8,14,2736
40.0,8,8,15,2744
40.0,8,9,0,2629
40.0,8,9,1,2637
40.0,8,9,2,2646
40.0,8,9,3,2654
40.0,8,9,4,2662
40.0,8,9,5,2671
40.0,8,9,6,2679
40.0,8,9,7,2687
40.0,8,9,8,2696
40.0,8,9,9,2704
40.0,8,9,10,2712
40.0,8,9,11,2720
40.0,8,9,12,2729
40.0,8,9,13,2737
40.0,8,9,14,2745
40.0,8,9,15,2753
40.0,8,10,0,2637
40.0,8,10,1,2646
40.0,8,10,2,2654
40.0,8,10,3,2662
40.0,8,10,4,2671
40.0,8,10,5,2679
40.0,8,10,6,2688
40.0,8,10,7,2696
40.0,8,10,8,2704
40.0,8,10,9,2713
40.0,8,10,10,2721
40.0,8,10,11,2729
40.0,8,10,12,2737
40.0,8,10,13,2745
40.0,8,10,14,2754
40.0,8,10,15,2762
40.0,8,11,0,2645
40.0,8,11,1,2654
40.0,8,11,2,2662
40.0,8,11,3,2671
40.0,8,11,4,2679
40.0,8,11,5,2688
40.0,8,11,6,2696
40.0,8,11,7,2704
40.0,8,11,8,2713
40.0,8,11,9,2721
40.0,8,11,10,2729
40.0,8,11,11,2738
40.0,8,11,12,2746
40.0,8,11,13,2754
40.0,8,11,14,2762
40.0,8,11,15,2770
40.0,8,12,0,2654
40.0,8,12,1,2662
40.0,8,12,2,2671
40.0,8,12,3,2679
40.0,8,12,4,2688
40.0,8,12,5,2696
40.0,8,12,6,2704
40.0,8,12,7,2713
40.0,8,12,8,2721
40.0,8,12,9,2730
40.0,8,12,10,2738
40.0,8,12,11,2746
40.0,8,12,12,2754
40.0,8,12,13,2763
40.0,8,12,14,2771
40.0,8,12,15,2779
40.0,8,13,0,2662
40.0,8,13,1,2670
40.0,8,13,2,2679
40.0,8,13,3,2687
40.0,8,13,4,2696
40.0,8,13,5,2704
40.0,8,13,6,2713
40.0,8,13,7,2721
40.0,8,13,8,2730
40.0,8,13,9,2738
40.0,8,13,10,2746
40.0,8,13,11,2755
40.0,8,13,12,2763
40.0,8,13,13,2771
40.0,8,13,14,2779
40.0,8,13,15,2788
40.0,8,14,0,2670
40.0,8,14,1,2679
40.0,8,14,2,2687
40.0,8,14,3,2696
40.0,8,14,4,2704
40.0,8,14,5,2713
40.0,8,14,6,2721
40.0,8,14,7,2730
40.0,8,14,8,2738
40.0,8,14,9,2746
40.0,8,14,10,2755
40.0,8,14,11,2763
40.0,8,14,12,2771
40.0,8,14,13,2780
40.0,8,14,14,2788
40.0,8,14,15,2796
40.0,8,15,0,2678
40.0,8,15,1,2687
40.0,8,15,2,2695
40.0,8,15,3,2704
40.0,8,15,4,2713
40.0,8,15,5,2721
40.0,8,15,6,2730
40.0,8,15,7,2738
40.0,8,15,8,2746
40.0,8,15,9,2755
40.0,8,15,10,2763
40.0,8,15,11,2772
40.0,8,15,12,2780
40.0,8,15,13,2788
40.0,8,15,14,2797
40.0,8,15,15,2805
40.0,9,0,0,2562
40.0,9,0,1,2571
40.0,9,0,2,2579
40.0,9,0,3,2587
40.0,9,0,4,2595
40.0,9,0,5,2603
40.0,9,0,6,2611
40.0,9,0,7,2619
40.0,9,0,8,2628
40.0,9,0,9,2636
40.0,9,0,10,2644
40.0,9,0,11,2652
40.0,9,0,12,2660
40.0,9,0,13,2668
40.0,9,0,14,2675
40.0,9,0,15,2683
40.0,9,1,0,2571
40.0,9,1,1,2579
40.0,9,1,2,2587
40.0,9,1,3,2596
40.0,9,1,4,2604
40.0,9,1,5,2612
40.0,9,1,6,2620
40.0,9,1,7,2628
40.0,9,1,8,2636
40.0,9,1,9,2644
40.0,9,1,10,2652
40.0,9,1,11,2661
40.0,9,1,12,2669
40.0,9,1,13,2676
40.0,9,1,14,2684
40.0,9,1,15,2692
40.0,9,2,0,2579
40.0,9,2,1,2588
40.0,9,2,2,2596
40.0,9,2,3,2604
40.0,9,2,4,2612
40.0,9,2,5,2621
40.0,9,2,6,2629
40.0,9,2,7,2637
40.0,9,2,8,2645
40.0,9,2,9,2653
40.0,9,2,10,2661
40.0,9,2,11,2669
40.0,9,2,12,2677
40.0,9,2,13,2685
40.0,9,2,14,2693
40.0,9,2,15,2701
40.0,9,3,0,2588
40.0,9,3,1,2596
40.0,9,3,2,2605
40.0,9,3,3,2613
40.0,9,3,4,2621
40.0,9,3,5,2629
40.0,9,3,6,2638
40.0,9,3,7,2646
40.0,9,3,8,2654
40.0,9,3,9,2662
40.0,9,3,10,2670
40.0,9,3,11,2678
40.0,9,3,12,2686
40.0,9,3,13,2694
40.0,9,3,14,2702
40.0,9,3,15,2710
40.0,9,4,0,2596
40.0,9,4,1,2605
40.0,9,4,2,2613
40.0,9,4,3,2621
40.0,9,4,4,2630
40.0,9,4,5,2638
40.0,9,4,6,2646
40.0,9,4,7,2654
40.0,9,4,8,2663
40.0,9,4,9,2671
40.0,9,4,10,2679
40.0,9,4,11,2687
40.0,9,4,12,2695
40.0,9,4,13,2703
40.0,9,4,14,2711
40.0,9,4,15,2719
40.0,9,5,0,2605
40.0,9,5,1,2613
40.0,9,5,2,2622
40.0,9,5,3,2630
40.0,9,5,4,2638
40.0,9,5,5,2647
40.0,9,5,6,2655
40.0,9,5,7,2663
40.0,9,5,8,2671
40.0,9,5,9,2679
40.0,9,5,10,2688
40.0,9,5,11,2696
40.0,9,5,12,2704
40.0,9,5,13,2712
40.0,9,5,14,2720
40.0,9,5,15,2728
40.0,9,6,0,2613
40.0,9,6,1,2622
40.0,9,6,2,2630
40.0,9,6,3,2639
40.0,9,6,4,2647
40.0,9,6,5,2655
40.0,9,6,6,2663
40.0,9,6,7,2672
40.0,9,6,8,2680
40.0,9,6,9,2688
40.0,9,6,10,2696
40.0,9,6,11,2705
40.0,9,6,12,2713
40.0,9,6,13,2721
40.0,9,6,14,2729
40.0,9,6,15,2737
40.0,9,7,0,2622
40.0,9,7,1,2630
40.0,9,7,2,2639
40.0,9,7,3,2647
40.0,9,7,4,2655
40.0,9,7,5,2664
40.0,9,7,6,2672
40.0,9,7,7,2680
40.0,9,7,8,2689
40.0,9,7,9,2697
40.0,9,7,10,2705
40.0,9,7,11,2713
40.0,9,7,12,2721
40.0,9,7,13,2730
40.0,9,7,14,2738
40.0,9,7,15,2746
40.0,9,8,0,2630
40.0,9,8,1,2639
40.0,9,8,2,2647
40.0,9,8,3,2655
40.0,9,8,4,2664
40.0,9,8,5,2672
40.0,9,8,6,2681
40.0,9,8,7,2689
40.0,9,8,8,2697
40.0,9,8,9,2705
40.0,9,8,10,2714
40.0,9,8,11,2722
40.0,9,8,12,2730
40.0,9,8,13,2738
40.0,9,8,14,2746
40.0,9,8,15,2755
40.0,9,9,0,2639
40.0,9,9,1,2647
40.0,9,9,2,2655
40.0,9,9,3,2664
40.0,9,9,4,2672
40.0,9,9,5,2681
40.0,9,9,6,2689
40.0,9,9,7,2697
40.0,9,9,8,2706
40.0,9,9,9,2714
40.0,9,9,10,2722
40.0,9,9,11,2731
40.0,9,9,12,2739
40.0,9,9,13,2747
40.0,9,9,14,2755
40.0,9,9,15,2763
40.0,9,10,0,2647
40.0,9,10,1,2655
40.0,9,10,2,2664
40.0,9,10,3,2672
40.0,9,10,4,2681
40.0,9,10,5,2689
40.0,9,10,6,2698
40.0,9,10,7,2706
40.0,9,10,8,2714
40.0,9,10,9,2723
40.0,9,10,10,2731
40.0,9,10,11,2739
40.0,9,10,12,2747
40.0,9,10,13,2756
40.0,9,10,14,2764
40.0,9,10,15,2772
40.0,9,11,0,2655
40.0,9,11,1,2664
40.0,9,11,2,2672
40.0,9,11,3,2681
40.0,9,11,4,2689
40.0,9,11,5,2698
40.0,9,11,6,2706
40.0,9,11,7,2714
40.0,9,11,8,2723
40.0,9,11,9,2731
40.0,9,11,10,2739
40.0,9,11,11,2748
40.0,9,11,12,2756
40.0,9,11,13,2764
40.0,9,11,14,2773
40.0,9,11,15,2781
40.0,9,12,0,2663
40.0,9,12,1,2672
40.0,9,12,2,2681
40.0,9,12,3,2689
40.0,9,12,4,2698
40.0,9,12,5,2706
40.0,9,12,6,2715
40.0,9,12,7,2723
40.0,9,12,8,2731
40.0,9,12,9,2740
40.0,9,12,10,2748
40.0,9,12,11,2756
40.0,9,12,12,2765
40.0,9,12,13,2773
40.0,9,12,14,2781
40.0,9,12,15,2789
40.0,9,13,0,2672
40.0,9,13,1,2680
40.0,9,13,2,2689
40.0,9,13,3,2697
40.0,9,13,4,2706
40.0,9,13,5,2714
40.0,9,13,6,2723
40.0,9,13,7,2731
40.0,9,13,8,2740
40.0,9,13,9,2748
40.0,9,13,10,2757
40.0,9,13,11,2765
40.0,9,13,12,2773
40.0,9,13,13,2782
40.0,9,13,14,2790
40.0,9,13,15,2798
40.0,9,14,0,2680
40.0,9,14,1,2689
40.0,9,14,2,2697
40.0,9,14,3,2706
40.0,9,14,4,2714
40.0,9,14,5,2723
40.0,9,14,6,2731
40.0,9,14,7,2740
40.0,9,14,8,2748
40.0,9,14,9,2757
40.0,9,14,10,2765
40.0,9,14,11,2773
40.0,9,14,12,2782
40.0,9,14,13,2790
40.0,9,14,14,2798
40.0,9,14,15,2807
40.0,9,15,0,2688
40.0,9,15,1,2697
40.0,9,15,2,2705
40.0,9,15,3,2714
40.0,9,15,4,2723
40.0,9,15,5,2731
40.0,9,15,6,2740
40.0,9,15,7,2748
40.0,9,15,8,2757
40.0,9,15,9,2765
40.0,9,15,10,2774
40.0,9,15,11,2782
40.0,9,15,12,2790
40.0,9,15,13,2799
40.0,9,15,14,2807
40.0,9,15,15,2815
40.0,10,0,0,2572
40.0,10,0,1,2580
40.0,10,0,2,2588
40.0,10,0,3,2597
40.0,10,0,4,2605
40.0,10,0,5,2613
40.0,10,0,6,2621
40.0,10,0,7,2629
40.0,10,0,8,2637
40.0,10,0,9,2645
40.0,10,0,10,2653
40.0,10,0,11,2661
40.0,10,0,12,2669
40.0,10,0,13,2677
40.0,10,0,14,2685
40.0,10,0,15,2693
40.0,10,1,0,2580
40.0,10,1,1,2589
40.0,10,1,2,2597
40.0,10,1,3,2605
40.0,10,1,4,2613
40.0,10,1,5,2622
40.0,10,1,6,2630
40.0,10,1,7,2638
40.0,10,1,8,2646
40.0,10,1,9,2654
40.0,10,1,10,2662
40.0,10,1,11,2670
40.0,10,1,12,2678
40.0,10,1,13,2686
40.0,10,1,14,2694
40.0,10,1,15,2702
40.0,10,2,0,2589
40.0,10,2,1,2597
40.0,10,2,2,2606
40.0,10,2,3,2614
40.0,10,2,4,2622
40.0,10,2,5,2630
40.0,10,2,6,2639
40.0,10,2,7,2647
40.0,10,2,8,2655
40.0,10,2,9,2663
40.0,10,2,10,2671
40.0,10,2,11,2679
40.0,10,2,12,2687
40.0,10,2,13,2695
40.0,10,2,14,2703
40.0,10,2,15,2711
40.0,10,3,0,2598
40.0,10,3,1,2606
40.0,10,3,2,2614
40.0,10,3,3,2623
40.0,10,3,4,2631
40.0,10,3,5,2639
40.0,10,3,6,2647
40.0,10,3,7,2656
40.0,10,3,8,2664
40.0,10,3,9,2672
40.0,10,3,10,2680
40.0,10,3,11,2688
40.0,10,3,12,2696
40.0,10,3,13,2704
40.0,10,3,14,2712
40.0,10,3,15,2720
40.0,10,4,0,2606
40.0,10,4,1,2614
40.0,10,4,2,2623
40.0,10,4,3,2631
40.0,10,4,4,2639
40.0,10,4,5,2648
40.0,10,4,6,2656
40.0,10,4,7,2664
40.0,10,4,8,2672
40.0,10,4,9,2681
40.0,10,4,10,2689
40.0,10,4,11,2697
40.0,10,4,12,2705
40.0,10,4,13,2713
40.0,10,4,14,2721
40.0,10,4,15,2729
40.0,10,5,0,2615
40.0,10,5,1,2623
40.0,10,5,2,2631
40.0,10,5,3,2640
40.0,10,5,4,2648
40.0,10,5,5,2656
40.0,10,5,6,2665
40.0,10,5,7,2673
40.0,10,5,8,2681
40.0,10,5,9,2689
40.0,10,5,10,2698
40.0,10,5,11,2706
40.0,10,5,12,2714
40.0,10,5,13,2722
40.0,10,5,14,2730
40.0,10,5,15,2738
40.0,10,6,0,2623
40.0,10,6,1,2631
40.0,10,6,2,2640
40.0,10,6,3,2648
40.0,10,6,4,2657
40.0,10,6,5,2665
40.0,10,6,6,2673
40.0,10,6,7,2682
40.0,10,6,8,2690
40.0,10,6,9,2698
40.0,10,6,10,2706
40.0,10,6,11,2715
40.0,10,6,12,2723
40.0,10,6,13,2731
40.0,10,6,14,2739
40.0,10,6,15,2747
40.0,10,7,0,2631
40.0,10,7,1,2640
40.0,10,7,2,2648
40.0,10,7,3,2657
40.0,10,7,4,2665
40.0,10,7,5,2674
40.0,10,7,6,2682
40.0,10,7,7,2690
40.0,10,7,8,2699
40.0,10,7,9,2707
40.0,10,7,10,2715
40.0,10,7,11,2723
40.0,10,7,12,2731
40.0,10,7,13,2740
40.0,10,7,14,2748
40.0,10,7,15,2756
40.0,10,8,0,2640
40.0,10,8,1,2648
40.0,10,8,2,2657
40.0,10,8,3,2665
40.0,10,8,4,2674
40.0,10,8,5,2682
40.0,10,8,6,2691
40.0,10,8,7,2699
40.0,10,8,8,2707
40.0,10,8,9,2715
40.0,10,8,10,2724
40.0,10,8,11,2732
40.0,10,8,12,2740
40.0,10,8,13,2748
40.0,10,8,14,2757
40.0,10,8,15,2765
40.0,10,9,0,2648
40.0,10,9,1,2657
40.0,10,9,2,2665
40.0,10,9,3,2674
40.0,10,9,4,2682
40.0,10,9,5,2691
40.0,10,9,6,2699
40.0,10,9,7,2707
40.0,10,9,8,2716
40.0,10,9,9,2724
40.0,10,9,10,2732
40.0,10,9,11,2741
40.0,10,9,12,2749
40.0,10,9,13,2757
40.0,10,9,14,2765
40.0,10,9,15,2773
40.0,10,10,0,2657
40.0,10,10,1,2665
40.0,10,10,2,2674
40.0,10,10,3,2682
40.0,10,10,4,2691
40.0,10,10,5,2699
40.0,10,10,6,2708
40.0,10,10,7,2716
40.0,10,10,8,2724
40.0,10,10,9,2733
40.0,10,10,10,2741
40.0,10,10,11,2749
40.0,10,10,12,2758
40.0,10,10,13,2766
40.0,10,10,14,2774
40.0,10,10,15,2782
40.0,10,11,0,2665
40.0,10,11,1,2674
40.0,10,11,2,2682
40.0,10,11,3,2691
40.0,10,11,4,2699
40.0,10,11,5,2708
40.0,10,11,6,2716
40.0,10,11,7,2725
40.0,10,11,8,2733
40.0,10,11,9,2741
40.0,10,11,10,2750
40.0,10,11,11,2758
40.0,10,11,12,2766
40.0,10,11,13,2775
40.0,10,11,14,2783
40.0,10,11,15,2791
40.0,10,12,0,2673
40.0,10,12,1,2682
40.0,10,12,2,2691
40.0,10,12,3,2699
40.0,10,12,4,2708
40.0,10,12,5,2716
40.0,10,12,6,2725
40.0,10,12,7,2733
40.0,10,12,8,2741
40.0,10,12,9,2750
40.0,10,12,10,2758
40.0,10,12,11,2767
40.0,10,12,12,2775
40.0,10,12,13,2783
40.0,10,12,14,2791
40.0,10,12,15,2800
40.0,10,13,0,2682
40.0,10,13,1,2690
40.0,10,13,2,2699
40.0,10,13,3,2707
40.0,10,13,4,2716
40.0,10,13,5,2725
40.0,10,13,6,2733
40.0,10,13,7,2742
40.0,10,13,8,2750
40.0,10,13,9,2758
40.0,10,13,10,2767
40.0,10,13,11,2775
40.0,10,13,12,2783
40.0,10,13,13,2792
40.0,10,13,14,2800
40.0,10,13,15,2808
40.0,10,14,0,2690
40.0,10,14,1,2699
40.0,10,14,2,2707
40.0,10,14,3,2716
40.0,10,14,4,2724
40.0,10,14,5,2733
40.0,10,14,6,2741
40.0,10,14,7,2750
40.0,10,14,8,2758
40.0,10,14,9,2767
40.0,10,14,10,2775
40.0,10,14,11,2784
40.0,10,14,12,2792
40.0,10,14,13,2800
40.0,10,14,14,2809
40.0,10,14,15,2817
40.0,10,15,0,2698
40.0,10,15,1,2707
40.0,10,15,2,2715
40.0,10,15,3,2724
40.0,10,15,4,2733
40.0,10,15,5,2741
40.0,10,15,6,2750
40.0,10,15,7,2758
40.0,10,15,8,2767
40.0,10,15,9,2775
40.0,10,15,10,2784
40.0,10,15,11,2792
40.0,10,15,12,2801
40.0,10,15,13,2809
40.0,10,15,14,2817
40.0,10,15,15,2826
40.0,11,0,0,2581
40.0,11,0,1,2590
40.0,11,0,2,2598
40.0,11,0,3,2606
40.0,11,0,4,2614
40.0,11,0,5,2623
40.0,11,0,6,2631
40.0,11,0,7,2639
40.0,11,0,8,2647
40.0,11,0,9,2655
40.0,11,0,10,2663
40.0,11,0,11,2671
40.0,11,0,12,2679
40.0,11,0,13,2687
40.0,11,0,14,2695
40.0,11,0,15,2703
40.0,11,1,0,2590
40.0,11,1,1,2598
40.0,11,1,2,2607
40.0,11,1,3,2615
40.0,11,1,4,2623
40.0,11,1,5,2631
40.0,11,1,6,2640
40.0,11,1,7,2648
40.0,11,1,8,2656
40.0,11,1,9,2664
40.0,11,1,10,2672
40.0,11,1,11,2680
40.0,11,1,12,2688
40.0,11,1,13,2696
40.0,11,1,14,2704
40.0,11,1,15,2712
40.0,11,2,0,2599
40.0,11,2,1,2607
40.0,11,2,2,2615
40.0,11,2,3,2624
40.0,11,2,4,2632
40.0,11,2,5,2640
40.0,11,2,6,2648
40.0,11,2,7,2657
40.0,11,2,8,2665
40.0,11,2,9,2673
40.0,11,2,10,2681
40.0,11,2,11,2689
40.0,11,2,12,2697
40.0,11,2,13,2705
40.0,11,2,14,2713
40.0,11,2,15,2721
40.0,11,3,0,2607
40.0,11,3,1,2615
40.0,11,3,2,2624
40.0,11,3,3,2632
40.0,11,3,4,2641
40.0,11,3,5,2649
40.0,11,3,6,2657
40.0,11,3,7,2665
40.0,11,3,8,2674
40.0,11,3,9,2682
40.0,11,3,10,2690
40.0,11,3,11,2698
40.0,11,3,12,2706
40.0,11,3,13,2714
40.0,11,3,14,2722
40.0,11,3,15,2730
40.0,11,4,0,2616
40.0,11,4,1,2624
40.0,11,4,2,2632
40.0,11,4,3,2641
40.0,11,4,4,2649
40.0,11,4,5,2658
40.0,11,4,6,2666
40.0,11,4,7,2674
40.0,11,4,8,2682
40.0,11,4,9,2691
40.0,11,4,10,2699
40.0,11,4,11,2707
40.0,11,4,12,2715
40.0,11,4,13,2723
40.0,11,4,14,2731
40.0,11,4,15,2739
40.0,11,5,0,2624
40.0,11,5,1,2633
40.0,11,5,2,2641
40.0,11,5,3,2649
40.0,11,5,4,2658
40.0,11,5,5,2666
40.0,11,5,6,2675
40.0,11,5,7,2683
40.0,11,5,8,2691
40.0,11,5,9,2699
40.0,11,5,10,2708
40.0,11,5,11,2716
40.0,11,5,12,2724
40.0,11,5,13,2732
40.0,11,5,14,2740
40.0,11,5,15,2748
40.0,11,6,0,2633
40.0,11,6,1,2641
40.0,11,6,2,2650
40.0,11,6,3,2658
40.0,11,6,4,2666
40.0,11,6,5,2675
40.0,11,6,6,2683
40.0,11,6,7,2692
40.0,11,6,8,2700
40.0,11,6,9,2708
40.0,11,6,10,2716
40.0,11,6,11,2725
40.0,11,6,12,2733
40.0,11,6,13,2741
40.0,11,6,14,2749
40.0,11,6,15,2757
40.0,11,7,0,2641
40.0,11,7,1,2650
40.0,11,7,2,2658
40.0,11,7,3,2667
40.0,11,7,4,2675
40.0,11,7,5,2683
40.0,11,7,6,2692
40.0,11,7,7,2700
40.0,11,7,8,2708
40.0,11,7,9,2717
40.0,11,7,10,2725
40.0,11,7,11,2733
40.0,11,7,12,2742
40.0,11,7,13,2750
40.0,11,7,14,2758
40.0,11,7,15,2766
40.0,11,8,0,2650
40.0,11,8,1,2658
40.0,11,8,2,2667
40.0,11,8,3,2675
40.0,11,8,4,2684
40.0,11,8,5,2692
40.0,11,8,6,2700
40.0,11,8,7,2709
40.0,11,8,8,2717
40.0,11,8,9,2725
40.0,11,8,10,2734
40.0,11,8,11,2742
40.0,11,8,12,2750
40.0,11,8,13,2759
40.0,11,8,14,2767
40.0,11,8,15,2775
40.0,11,9,0,2658
40.0,11,9,1,2667
40.0,11,9,2,2675
40.0,11,9,3,2684
40.0,11,9,4,2692
40.0,11,9,5,2701
40.0,11,9,6,2709
40.0,11,9,7,2717
40.0,11,9,8,2726
40.0,11,9,9,2734
40.0,11,9,10,2742
40.0,11,9,11,2751
40.0,11,9,12,2759
40.0,11,9,13,2767
40.0,11,9,14,2776
40.0,11,9,15,2784
40.0,11,10,0,2666
40.0,11,10,1,2675
40.0,11,10,2,2684
40.0,11,10,3,2692
40.0,11,10,4,2701
40.0,11,10,5,2709
40.0,11,10,6,2718
40.0,11,10,7,2726
40.0,11,10,8,2734
40.0,11,10,9,2743
40.0,11,10,10,2751
40.0,11,10,11,2759
40.0,11,10,12,2768
40.0,11,10,13,2776
40.0,11,10,14,2784
40.0,11,10,15,2793
40.0,11,11,0,2675
40.0,11,11,1,2683
40.0,11,11,2,2692
40.0,11,11,3,2701
40.0,11,11,4,2709
40.0,11,11,5,2718
40.0,11,11,6,2726
40.0,11,11,7,2735
40.0,11,11,8,2743
40.0,11,11,9,2751
40.0,11,11,10,2760
40.0,11,11,11,2768
40.0,11,11,12,2776
40.0,11,11,13,2785
40.0,11,11,14,2793
40.0,11,11,15,2801
40.0,11,12,0,2683
40.0,11,12,1,2692
40.0,11,12,2,2700
40.0,11,12,3,2709
40.0,11,12,4,2718
40.0,11,12,5,2726
40.0,11,12,6,2735
40.0,11,12,7,2743
40.0,11,12,8,2752
40.0,11,12,9,2760
40.0,11,12,10,2768
40.0,11,12,11,2777
40.0,11,12,12,2785
40.0,11,12,13,2793
40.0,11,12,14,2802
40.0,11,12,15,2810
40.0,11,13,0,2692
40.0,11,13,1,2700
40.0,11,13,2,2709
40.0,11,13,3,2717
40.0,11,13,4,2726
40.0,11,13,5,2735
40.0,11,13,6,2743
40.0,11,13,7,2752
40.0,11,13,8,2760
40.0,11,13,9,2769
40.0,11,13,10,2777
40.0,11,13,11,2785
40.0,11,13,12,2794
40.0,11,13,13,2802
40.0,11,13,14,2810
40.0,11,13,15,2819
40.0,11,14,0,2700
40.0,11,14,1,2708
40.0,11,14,2,2717
40.0,11,14,3,2726
40.0,11,14,4,2734
40.0,11,14,5,2743
40.0,11,14,6,2752
40.0,11,14,7,2760
40.0,11,14,8,2769
40.0,11,14,9,2777
40.0,11,14,10,2786
40.0,11,14,11,2794
40.0,11,14,12,2802
40.0,11,14,13,2811
40.0,11,14,14,2819
40.0,11,14,15,2827
40.0,11,15,0,2708
40.0,11,15,1,2717
40.0,11,15,2,2725
40.0,11,15,3,2734
40.0,11,15,4,2743
40.0,11,15,5,2751
40.0,11,15,6,2760
40.0,11,15,7,2769
40.0,11,15,8,2777
40.0,11,15,9,2786
40.0,11,15,10,2794
40.0,11,15,11,2803
40.0,11,15,12,2811
40.0,11,15,13,2819
40.0,11,15,14,2828
40.0,11,15,15,2836
40.0,12,0,0,2591
40.0,12,0,1,2599
40.0,12,0,2,2607
40.0,12,0,3,2616
40.0,12,0,4,2624
40.0,12,0,5,2632
40.0,12,0,6,2640
40.0,12,0,7,2649
40.0,12,0,8,2657
40.0,12,0,9,2665
40.0,12,0,10,2673
40.0,12,0,11,2681
40.0,12,0,12,2689
40.0,12,0,13,2697
40.0,12,0,14,2705
40.0,12,0,15,2713
40.0,12,1,0,2599
40.0,12,1,1,2608
40.0,12,1,2,2616
40.0,12,1,3,2624
40.0,12,1,4,2633
40.0,12,1,5,2641
40.0,12,1,6,2649
40.0,12,1,7,2657
40.0,12,1,8,2666
40.0,12,1,9,2674
40.0,12,1,10,2682
40.0,12,1,11,2690
40.0,12,1,12,2698
40.0,12,1,13,2706
40.0,12,1,14,2714
40.0,12,1,15,2722
40.0,12,2,0,2608
40.0,12,2,1,2616
40.0,12,2,2,2625
40.0,12,2,3,2633
40.0,12,2,4,2642
40.0,12,2,5,2650
40.0,12,2,6,2658
40.0,12,2,7,2666
40.0,12,2,8,2675
40.0,12,2,9,2683
40.0,12,2,10,2691
40.0,12,2,11,2699
40.0,12,2,12,2707
40.0,12,2,13,2715
40.0,12,2,14,2723
40.0,12,2,15,2731
40.0,12,3,0,2617
40.0,12,3,1,2625
40.0,12,3,2,2634
40.0,12,3,3,2642
40.0,12,3,4,2650
40.0,12,3,5,2659
40.0,12,3,6,2667
40.0,12,3,7,2675
40.0,12,3,8,2683
40.0,12,3,9,2692
40.0,12,3,10,2700
40.0,12,3,11,2708
40.0,12,3,12,2716
40.0,12,3,13,2724
40.0,12,3,14,2732
40.0,12,3,15,2740
40.0,12,4,0,2625
40.0,12,4,1,2634
40.0,12,4,2,2642
40.0,12,4,3,2651
40.0,12,4,4,2659
40.0,12,4,5,2667
40.0,12,4,6,2676
40.0,12,4,7,2684
40.0,12,4,8,2692
40.0,12,4,9,2700
40.0,12,4,10,2709
40.0,12,4,11,2717
40.0,12,4,12,2725
40.0,12,4,13,2733
40.0,12,4,14,2741
40.0,12,4,15,2749
40.0,12,5,0,2634
40.0,12,5,1,2642
40.0,12,5,2,2651
40.0,12,5,3,2659
40.0,12,5,4,2668
40.0,12,5,5,2676
40.0,12,5,6,2684
40.0,12,5,7,2693
40.0,12,5,8,2701
40.0,12,5,9,2709
40.0,12,5,10,2717
40.0,12,5,11,2726
40.0,12,5,12,2734
40.0,12,5,13,2742
40.0,12,5,14,2750
40.0,12,5,15,2758
40.0,12,6,0,2642
40.0,12,6,1,2651
40.0,12,6,2,2659
40.0,12,6,3,2668
40.0,12,6,4,2676
40.0,12,6,5,2685
40.0,12,6,6,2693
40.0,12,6,7,2701
40.0,12,6,8,2710
40.0,12,6,9,2718
40.0,12,6,10,2726
40.0,12,6,11,2735
40.0,12,6,12,2743
40.0,12,6,13,2751
40.0,12,6,14,2759
40.0,12,6,15,2767
40.0,12,7,0,2651
40.0,12,7,1,2659
40.0,12,7,2,2668
40.0,12,7,3,2676
40.0,12,7,4,2685
40.0,12,7,5,2693
40.0,12,7,6,2702
40.0,12,7,7,2710
40.0,12,7,8,2718
40.0,12,7,9,2727
40.0,12,7,10,2735
40.0,12,7,11,2743
40.0,12,7,12,2752
40.0,12,7,13,2760
40.0,12,7,14,2768
40.0,12,7,15,2776
40.0,12,8,0,2659
40.0,12,8,1,2668
40.0,12,8,2,2676
40.0,12,8,3,2685
40.0,12,8,4,2693
40.0,12,8,5,2702
40.0,12,8,6,2710
40.0,12,8,7,2719
40.0,12,8,8,2727
40.0,12,8,9,2736
40.0,12,8,10,2744
40.0,12,8,11,2752
40.0,12,8,12,2760
40.0,12,8,13,2769
40.0,12,8,14,2777
40.0,12,8,15,2785
40.0,12,9,0,2668
40.0,12,9,1,2676
40.0,12,9,2,2685
40.0,12,9,3,2694
40.0,12,9,4,2702
40.0,12,9,5,2711
40.0,12,9,6,2719
40.0,12,9,7,2727
40.0,12,9,8,2736
40.0,12,9,9,2744
40.0,12,9,10,2753
40.0,12,9,11,2761
40.0,12,9,12,2769
40.0,12,9,13,2777
40.0,12,9,14,2786
40.0,12,9,15,2794
40.0,12,10,0,2676
40.0,12,10,1,2685
40.0,12,10,2,2693
40.0,12,10,3,2702
40.0,12,10,4,2711
40.0,12,10,5,2719
40.0,12,10,6,2728
40.0,12,10,7,2736
40.0,12,10,8,2744
40.0,12,10,9,2753
40.0,12,10,10,2761
40.0,12,10,11,2770
40.0,12,10,12,2778
40.0,12,10,13,2786
40.0,12,10,14,2795
40.0,12,10,15,2803
40.0,12,11,0,2685
40.0,12,11,1,2693
40.0,12,11,2,2702
40.0,12,11,3,2711
40.0,12,11,4,2719
40.0,12,11,5,2728
40.0,12,11,6,2736
40.0,12,11,7,2745
40.0,12,11,8,2753
40.0,12,11,9,2762
40.0,12,11,10,2770
40.0,12,11,11,2778
40.0,12,11,12,2787
40.0,12,11,13,2795
40.0,12,11,14,2803
40.0,12,11,15,2812
40.0,12,12,0,2693
40.0,12,12,1,2702
40.0,12,12,2,2710
40.0,12,12,3,2719
40.0,12,12,4,2728
40.0,12,12,5,2736
40.0,12,12,6,2745
40.0,12,12,7,2753
40.0,12,12,8,2762
40.0,12,12,9,2770
40.0,12,12,10,2779
40.0,12,12,11,2787
40.0,12,12,12,2795
40.0,12,12,13,2804
40.0,12,12,14,2812
40.0,12,12,15,2820
40.0,12,13,0,2701
40.0,12,13,1,2710
40.0,12,13,2,2719
40.0,12,13,3,2727
40.0,12,13,4,2736
40.0,12,13,5,2745
40.0,12,13,6,2753
40.0,12,13,7,2762
40.0,12,13,8,2770
40.0,12,13,9,2779
40.0,12,13,10,2787
40.0,12,13,11,2796
40.0,12,13,12,2804
40.0,12,13,13,2812
40.0,12,13,14,2821
40.0,12,13,15,2829
40.0,12,14,0,2710
40.0,12,14,1,2718
40.0,12,14,2,2727
40.0,12,14,3,2736
40.0,12,14,4,2744
40.0,12,14,5,2753
40.0,12,14,6,2762
40.0,12,14,7,2770
40.0,12,14,8,2779
40.0,12,14,9,2787
40.0,12,14,10,2796
40.0,12,14,11,2804
40.0,12,14,12,2813
40.0,12,14,13,2821
40.0,12,14,14,2829
40.0,12,14,15,2838
40.0,12,15,0,2718
40.0,12,15,1,2727
40.0,12,15,2,2736
40.0,12,15,3,2744
40.0,12,15,4,2753
40.0,12,15,5,2762
40.0,12,15,6,2770
40.0,12,15,7,2779
40.0,12,15,8,2787
40.0,12,15,9,2796
40.0,12,15,10,2804
40.0,12,15,11,2813
40.0,12,15,12,2821
40.0,12,15,13,2830
40.0,12,15,14,2838
40.0,12,15,15,2847
40.0,13,0,0,2600
40.0,13,0,1,2609
40.0,13,0,2,2617
40.0,13,0,3,2625
40.0,13,0,4,2634
40.0,13,0,5,2642
40.0,13,0,6,2650
40.0,13,0,7,2658
40.0,13,0,8,2666
40.0,13,0,9,2675
40.0,13,0,10,2683
40.0,13,0,11,2691
40.0,13,0,12,2699
40.0,13,0,13,2707
40.0,13,0,14,2715
40.0,13,0,15,2723
40.0,13,1,0,2609
40.0,13,1,1,2617
40.0,13,1,2,2626
40.0,13,1,3,2634
40.0,13,1,4,2642
40.0,13,1,5,2651
40.0,13,1,6,2659
40.0,13,1,7,2667
40.0,13,1,8,2675
40.0,13,1,9,2684
40.0,13,1,10,2692
40.0,13,1,11,2700
40.0,13,1,12,2708
40.0,13,1,13,2716
40.0,13,1,14,2724
40.0,13,1,15,2732
40.0,13,2,0,2618
40.0,13,2,1,2626
40.0,13,2,2,2634
40.0,13,2,3,2643
40.0,13,2,4,2651
40.0,13,2,5,2660
40.0,13,2,6,2668
40.0,13,2,7,2676
40.0,13,2,8,2684
40.0,13,2,9,2693
40.0,13,2,10,2701
40.0,13,2,11,2709
40.0,13,2,12,2717
40.0,13,2,13,2725
40.0,13,2,14,2733
40.0,13,2,15,2741
40.0,13,3,0,2626
40.0,13,3,1,2635
40.0,13,3,2,2643
40.0,13,3,3,2652
40.0,13,3,4,2660
40.0,13,3,5,2668
40.0,13,3,6,2677
40.0,13,3,7,2685
40.0,13,3,8,2693
40.0,13,3,9,2701
40.0,13,3,10,2710
40.0,13,3,11,2718
40.0,13,3,12,2726
40.0,13,3,13,2734
40.0,13,3,14,2742
40.0,13,3,15,2750
40.0,13,4,0,2635
40.0,13,4,1,2643
40.0,13,4,2,2652
40.0,13,4,3,2660
40.0,13,4,4,2669
40.0,13,4,5,2677
40.0,13,4,6,2685
40.0,13,4,7,2694
40.0,13,4,8,2702
40.0,13,4,9,2710
40.0,13,4,10,2719
40.0,13,4,11,2727
40.0,13,4,12,2735
40.0,13,4,13,2743
40.0,13,4,14,2751
40.0,13,4,15,2759
40.0,13,5,0,2643
40.0,13,5,1,2652
40.0,13,5,2,2660
40.0,13,5,3,2669
40.0,13,5,4,2677
40.0,13,5,5,2686
40.0,13,5,6,2694
40.0,13,5,7,2703
40.0,13,5,8,2711
40.0,13,5,9,2719
40.0,13,5,10,2727
40.0,13,5,11,2736
40.0,13,5,12,2744
40.0,13,5,13,2752
40.0,13,5,14,2760
40.0,13,5,15,2768
40.0,13,6,0,2652
40.0,13,6,1,2661
40.0,13,6,2,2669
40.0,13,6,3,2678
40.0,13,6,4,2686
40.0,13,6,5,2695
40.0,13,6,6,2703
40.0,13,6,7,2711
40.0,13,6,8,2720
40.0,13,6,9,2728
40.0,13,6,10,2736
40.0,13,6,11,2745
40.0,13,6,12,2753
40.0,13,6,13,2761
40.0,13,6,14,2769
40.0,13,6,15,2777
40.0,13,7,0,2661
40.0,13,7,1,2669
40.0,13,7,2,2678
40.0,13,7,3,2686
40.0,13,7,4,2695
40.0,13,7,5,2703
40.0,13,7,6,2712
40.0,13,7,7,2720
40.0,13,7,8,2728
40.0,13,7,9,2737
40.0,13,7,10,2745
40.0,13,7,11,2753
40.0,13,7,12,2762
40.0,13,7,13,2770
40.0,13,7,14,2778
40.0,13,7,15,2786
40.0,13,8,0,2669
40.0,13,8,1,2678
40.0,13,8,2,2686
40.0,13,8,3,2695
40.0,13,8,4,2703
40.0,13,8,5,2712
40.0,13,8,6,2720
40.0,13,8,7,2729
40.0,13,8,8,2737
40.0,13,8,9,2746
40.0,13,8,10,2754
40.0,13,8,11,2762
40.0,13,8,12,2771
40.0,13,8,13,2779
40.0,13,8,14,2787
40.0,13,8,15,2795
40.0,13,9,0,2678
40.0,13,9,1,2686
40.0,13,9,2,2695
40.0,13,9,3,2703
40.0,13,9,4,2712
40.0,13,9,5,2720
40.0,13,9,6,2729
40.0,13,9,7,2737
40.0,13,9,8,2746
40.0,13,9,9,2754
40.0,13,9,10,2763
40.0,13,9,11,2771
40.0,13,9,12,2779
40.0,13,9,13,2788
40.0,13,9,14,2796
40.0,13,9,15,2804
40.0,13,10,0,2686
40.0,13,10,1,2695
40.0,13,10,2,2703
40.0,13,10,3,2712
40.0,13,10,4,2721
40.0,13,10,5,2729
40.0,13,10,6,2738
40.0,13,10,7,2746
40.0,13,10,8,2755
40.0,13,10,9,2763
40.0,13,10,10,2771
40.0,13,10,11,2780
40.0,13,10,12,2788
40.0,13,10,13,2796
40.0,13,10,14,2805
40.0,13,10,15,2813
40.0,13,11,0,2695
40.0,13,11,1,2703
40.0,13,11,2,2712
40.0,13,11,3,2720
40.0,13,11,4,2729
40.0,13,11,5,2738
40.0,13,11,6,2746
40.0,13,11,7,2755
40.0,13,11,8,2763
40.0,13,11,9,2772
40.0,13,11,10,2780
40.0,13,11,11,2789
40.0,13,11,12,2797
40.0,13,11,13,2805
40.0,13,11,14,2814
40.0,13,11,15,2822
40.0,13,12,0,2703
40.0,13,12,1,2712
40.0,13,12,2,2720
40.0,13,12,3,2729
40.0,13,12,4,2738
40.0,13,12,5,2746
40.0,13,12,6,2755
40.0,13,12,7,2763
40.0,13,12,8,2772
40.0,13,12,9,2780
40.0,13,12,10,2789
40.0,13,12,11,2797
40.0,13,12,12,2806
40.0,13,12,13,2814
40.0,13,12,14,2822
40.0,13,12,15,2831
40.0,13,13,0,2711
40.0,13,13,1,2720
40.0,13,13,2,2729
40.0,13,13,3,2737
40.0,13,13,4,2746
40.0,13,13,5,2755
40.0,13,13,6,2763
40.0,13,13,7,2772
40.0,13,13,8,2780
40.0,13,13,9,2789
40.0,13,13,10,2797
40.0,13,13,11,2806
40.0,13,13,12,2814
40.0,13,13,13,2823
40.0,13,13,14,2831
40.0,13,13,15,2839
40.0,13,14,0,2720
40.0,13,14,1,2728
40.0,13,14,2,2737
40.0,13,14,3,2746
40.0,13,14,4,2755
40.0,13,14,5,2763
40.0,13,14,6,2772
40.0,13,14,7,2780
40.0,13,14,8,2789
40.0,13,14,9,2798
40.0,13,14,10,2806
40.0,13,14,11,2815
40.0,13,14,12,2823
40.0,13,14,13,2831
40.0,13,14,14,2840
40.0,13,14,15,2848
40.0,13,15,0,2728
40.0,13,15,1,2737
40.0,13,15,2,2746
40.0,13,15,3,2754
40.0,13,15,4,2763
40.0,13,15,5,2772
40.0,13,15,6,2780
40.0,13,15,7,2789
40.0,13,15,8,2798
40.0,13,15,9,2806
40.0,13,15,10,2815
40.0,13,15,11,2823
40.0,13,15,12,2832
40.0,13,15,13,2840
40.0,13,15,14,2849
40.0,13,15,15,2857
40.0,14,0,0,2610
40.0,14,0,1,2618
40.0,14,0,2,2626
40.0,14,0,3,2635
40.0,14,0,4,2643
40.0,14,0,5,2651
40.0,14,0,6,2660
40.0,14,0,7,2668
40.0,14,0,8,2676
40.0,14,0,9,2684
40.0,14,0,10,2693
40.0,14,0,11,2701
40.0,14,0,12,2709
40.0,14,0,13,2717
40.0,14,0,14,2725
40.0,14,0,15,2733
40.0,14,1,0,2618
40.0,14,1,1,2627
40.0,14,1,2,2635
40.0,14,1,3,2644
40.0,14,1,4,2652
40.0,14,1,5,2660
40.0,14,1,6,2669
40.0,14,1,7,2677
40.0,14,1,8,2685
40.0,14,1,9,2693
40.0,14,1,10,2702
40.0,14,1,11,2710
40.0,14,1,12,2718
40.0,14,1,13,2726
40.0,14,1,14,2734
40.0,14,1,15,2742
40.0,14,2,0,2627
40.0,14,2,1,2636
40.0,14,2,2,2644
40.0,14,2,3,2652
40.0,14,2,4,2661
40.0,14,2,5,2669
40.0,14,2,6,2678
40.0,14,2,7,2686
40.0,14,2,8,2694
40.0,14,2,9,2702
40.0,14,2,10,2711
40.0,14,2,11,2719
40.0,14,2,12,2727
40.0,14,2,13,2735
40.0,14,2,14,2743
40.0,14,2,15,2751
40.0,14,3,0,2636
40.0,14,3,1,2644
40.0,14,3,2,2653
40.0,14,3,3,2661
40.0,14,3,4,2670
40.0,14,3,5,2678
40.0,14,3,6,2686
40.0,14,3,7,2695
40.0,14,3,8,2703
40.0,14,3,9,2711
40.0,14,3,10,2720
40.0,14,3,11,2728
40.0,14,3,12,2736
40.0,14,3,13,2744
40.0,14,3,14,2752
40.0,14,3,15,2760
40.0,14,4,0,2645
40.0,14,4,1,2653
40.0,14,4,2,2662
40.0,14,4,3,2670
40.0,14,4,4,2678
40.0,14,4,5,2687
40.0,14,4,6,2695
40.0,14,4,7,2704
40.0,14,4,8,2712
40.0,14,4,9,2720
40.0,14,4,10,2729
40.0,14,4,11,2737
40.0,14,4,12,2745
40.0,14,4,13,2753
40.0,14,4,14,2761
40.0,14,4,15,2770
40.0,14,5,0,2653
40.0,14,5,1,2662
40.0,14,5,2,2670
40.0,14,5,3,2679
40.0,14,5,4,2687
40.0,14,5,5,2696
40.0,14,5,6,2704
40.0,14,5,7,2712
40.0,14,5,8,2721
40.0,14,5,9,2729
40.0,14,5,10,2737
40.0,14,5,11,2746
40.0,14,5,12,2754
40.0,14,5,13,2762
40.0,14,5,14,2770
40.0,14,5,15,2779
40.0,14,6,0,2662
40.0,14,6,1,2670
40.0,14,6,2,2679
40.0,14,6,3,2687
40.0,14,6,4,2696
40.0,14,6,5,2704
40.0,14,6,6,2713
40.0,14,6,7,2721
40.0,14,6,8,2730
40.0,14,6,9,2738
40.0,14,6,10,2746
40.0,14,6,11,2755
40.0,14,6,12,2763
40.0,14,6,13,2771
40.0,14,6,14,2779
40.0,14,6,15,2788
40.0,14,7,0,2670
40.0,14,7,1,2679
40.0,14,7,2,2687
40.0,14,7,3,2696
40.0,14,7,4,2705
40.0,14,7,5,2713
40.0,14,7,6,2722
40.0,14,7,7,2730
40.0,14,7,8,2738
40.0,14,7,9,2747
40.0,14,7,10,2755
40.0,14,7,11,2763
40.0,14,7,12,2772
40.0,14,7,13,2780
40.0,14,7,14,2788
40.0,14,7,15,2797
40.0,14,8,0,2679
40.0,14,8,1,2687
40.0,14,8,2,2696
40.0,14,8,3,2705
40.0,14,8,4,2713
40.0,14,8,5,2722
40.0,14,8,6,2730
40.0,14,8,7,2739
40.0,14,8,8,2747
40.0,14,8,9,2756
40.0,14,8,10,2764
40.0,14,8,11,2772
40.0,14,8,12,2781
40.0,14,8,13,2789
40.0,14,8,14,2797
40.0,14,8,15,2806
40.0,14,9,0,2687
40.0,14,9,1,2696
40.0,14,9,2,2705
40.0,14,9,3,2713
40.0,14,9,4,2722
40.0,14,9,5,2730
40.0,14,9,6,2739
40.0,14,9,7,2747
40.0,14,9,8,2756
40.0,14,9,9,2764
40.0,14,9,10,2773
40.0,14,9,11,2781
40.0,14,9,12,2789
40.0,14,9,13,2798
40.0,14,9,14,2806
40.0,14,9,15,2814
40.0,14,10,0,2696
40.0,14,10,1,2705
40.0,14,10,2,2713
40.0,14,10,3,2722
40.0,14,10,4,2730
40.0,14,10,5,2739
40.0,14,10,6,2748
40.0,14,10,7,2756
40.0,14,10,8,2765
40.0,14,10,9,2773
40.0,14,10,10,2782
40.0,14,10,11,2790
40.0,14,10,12,2798
40.0,14,10,13,2807
40.0,14,10,14,2815
40.0,14,10,15,2823
40.0,14,11,0,2704
40.0,14,11,1,2713
40.0,14,11,2,2722
40.0,14,11,3,2730
40.0,14,11,4,2739
40.0,14,11,5,2748
40.0,14,11,6,2756
40.0,14,11,7,2765
40.0,14,11,8,2773
40.0,14,11,9,2782
40.0,14,11,10,2790
40.0,14,11,11,2799
40.0,14,11,12,2807
40.0,14,11,13,2815
40.0,14,11,14,2824
40.0,14,11,15,2832
40.0,14,12,0,2713
40.0,14,12,1,2722
40.0,14,12,2,2730
40.0,14,12,3,2739
40.0,14,12,4,2748
40.0,14,12,5,2756
40.0,14,12,6,2765
40.0,14,12,7,2773
40.0,14,12,8,2782
40.0,14,12,9,2790
40.0,14,12,10,2799
40.0,14,12,11,2807
40.0,14,12,12,2816
40.0,14,12,13,2824
40.0,14,12,14,2833
40.0,14,12,15,2841
40.0,14,13,0,2721
40.0,14,13,1,2730
40.0,14,13,2,2739
40.0,14,13,3,2747
40.0,14,13,4,2756
40.0,14,13,5,2765
40.0,14,13,6,2773
40.0,14,13,7,2782
40.0,14,13,8,2791
40.0,14,13,9,2799
40.0,14,13,10,2808
40.0,14,13,11,2816
40.0,14,13,12,2825
40.0,14,13,13,2833
40.0,14,13,14,2841
40.0,14,13,15,2850
40.0,14,14,0,2730
40.0,14,14,1,2738
40.0,14,14,2,2747
40.0,14,14,3,2756
40.0,14,14,4,2765
40.0,14,14,5,2773
40.0,14,14,6,2782
40.0,14,14,7,2791
40.0,14,14,8,2799
40.0,14,14,9,2808
40.0,14,14,10,2816
40.0,14,14,11,2825
40.0,14,14,12,2833
40.0,14,14,13,2842
40.0,14,14,14,2850
40.0,14,14,15,2859
40.0,14,15,0,2738
40.0,14,15,1,2747
40.0,14,15,2,2756
40.0,14,15,3,2764
40.0,14,15,4,2773
40.0,14,15,5,2782
40.0,14,15,6,2790
40.0,14,15,7,2799
40.0,14,15,8,2808
40.0,14,15,9,2816
40.0,14,15,10,2825
40.0,14,15,11,2833
40.0,14,15,12,2842
40.0,14,15,13,2850
40.0,14,15,14,2859
40.0,14,15,15,2867
40.0,15,0,0,2619
40.0,15,0,1,2628
40.0,15,0,2,2636
40.0,15,0,3,2644
40.0,15,0,4,2653
40.0,15,0,5,2661
40.0,15,0,6,2669
40.0,15,0,7,2678
40.0,15,0,8,2686
40.0,15,0,9,2694
40.0,15,0,10,2702
40.0,15,0,11,2711
40.0,15,0,12,2719
40.0,15,0,13,2727
40.0,15,0,14,2735
40.0,15,0,15,2743
40.0,15,1,0,2628
40.0,15,1,1,2636
40.0,15,1,2,2645
40.0,15,1,3,2653
40.0,15,1,4,2662
40.0,15,1,5,2670
40.0,15,1,6,2678
40.0,15,1,7,2687
40.0,15,1,8,2695
40.0,15,1,9,2703
40.0,15,1,10,2711
40.0,15,1,11,2720
40.0,15,1,12,2728
40.0,15,1,13,2736
40.0,15,1,14,2744
40.0,15,1,15,2752
40.0,15,2,0,2637
40.0,15,2,1,2645
40.0,15,2,2,2654
40.0,15,2,3,2662
40.0,15,2,4,2671
40.0,15,2,5,2679
40.0,15,2,6,2687
40.0,15,2,7,2696
40.0,15,2,8,2704
40.0,15,2,9,2712
40.0,15,2,10,2720
40.0,15,2,11,2729
40.0,15,2,12,2737
40.0,15,2,13,2745
40.0,15,2,14,2753
40.0,15,2,15,2761
40.0,15,3,0,2645
40.0,15,3,1,2654
40.0,15,3,2,2662
40.0,15,3,3,2671
40.0,15,3,4,2679
40.0,15,3,5,2688
40.0,15,3,6,2696
40.0,15,3,7,2705
40.0,15,3,8,2713
40.0,15,3,9,2721
40.0,15,3,10,2729
40.0,15,3,11,2738
40.0,15,3,12,2746
40.0,15,3,13,2754
40.0,15,3,14,2762
40.0,15,3,15,2771
40.0,15,4,0,2654
40.0,15,4,1,2663
40.0,15,4,2,2671
40.0,15,4,3,2680
40.0,15,4,4,2688
40.0,15,4,5,2697
40.0,15,4,6,2705
40.0,15,4,7,2713
40.0,15,4,8,2722
40.0,15,4,9,2730
40.0,15,4,10,2738
40.0,15,4,11,2747
40.0,15,4,12,2755
40.0,15,4,13,2763
40.0,15,4,14,2771
40.0,15,4,15,2780
40.0,15,5,0,2663
40.0,15,5,1,2671
40.0,15,5,2,2680
40.0,15,5,3,2688
40.0,15,5,4,2697
40.0,15,5,5,2705
40.0,15,5,6,2714
40.0,15,5,7,2722
40.0,15,5,8,2731
40.0,15,5,9,2739
40.0,15,5,10,2747
40.0,15,5,11,2756
40.0,15,5,12,2764
40.0,15,5,13,2772
40.0,15,5,14,2780
40.0,15,5,15,2789
40.0,15,6,0,2671
40.0,15,6,1,2680
40.0,15,6,2,2689
40.0,15,6,3,2697
40.0,15,6,4,2706
40.0,15,6,5,2714
40.0,15,6,6,2723
40.0,15,6,7,2731
40.0,15,6,8,2740
40.0,15,6,9,2748
40.0,15,6,10,2756
40.0,15,6,11,2765
40.0,15,6,12,2773
40.0,15,6,13,2781
40.0,15,6,14,2789
40.0,15,6,15,2798
40.0,15,7,0,2680
40.0,15,7,1,2689
40.0,15,7,2,2697
40.0,15,7,3,2706
40.0,15,7,4,2714
40.0,15,7,5,2723
40.0,15,7,6,2731
40.0,15,7,7,2740
40.0,15,7,8,2748
40.0,15,7,9,2757
40.0,15,7,10,2765
40.0,15,7,11,2774
40.0,15,7,12,2782
40.0,15,7,13,2790
40.0,15,7,14,2798
40.0,15,7,15,2807
40.0,15,8,0,2689
40.0,15,8,1,2697
40.0,15,8,2,2706
40.0,15,8,3,2715
40.0,15,8,4,2723
40.0,15,8,5,2732
40.0,15,8,6,2740
40.0,15,8,7,2749
40.0,15,8,8,2757
40.0,15,8,9,2766
40.0,15,8,10,2774
40.0,15,8,11,2782
40.0,15,8,12,2791
40.0,15,8,13,2799
40.0,15,8,14,2807
40.0,15,8,15,2816
40.0,15,9,0,2697
40.0,15,9,1,2706
40.0,15,9,2,2715
40.0,15,9,3,2723
40.0,15,9,4,2732
40.0,15,9,5,2740
40.0,15,9,6,2749
40.0,15,9,7,2757
40.0,15,9,8,2766
40.0,15,9,9,2774
40.0,15,9,10,2783
40.0,15,9,11,2791
40.0,15,9,12,2800
40.0,15,9,13,2808
40.0,15,9,14,2816
40.0,15,9,15,2825
40.0,15,10,0,2706
40.0,15,10,1,2714
40.0,15,10,2,2723
40.0,15,10,3,2732
40.0,15,10,4,2740
40.0,15,10,5,2749
40.0,15,10,6,2758
40.0,15,10,7,2766
40.0,15,10,8,2775
40.0,15,10,9,2783
40.0,15,10,10,2792
40.0,15,10,11,2800
40.0,15,10,12,2808
40.0,15,10,13,2817
40.0,15,10,14,2825
40.0,15,10,15,2834
40.0,15,11,0,2714
40.0,15,11,1,2723
40.0,15,11,2,2732
40.0,15,11,3,2740
40.0,15,11,4,2749
40.0,15,11,5,2758
40.0,15,11,6,2766
40.0,15,11,7,2775
40.0,15,11,8,2783
40.0,15,11,9,2792
40.0,15,11,10,2800
40.0,15,11,11,2809
40.0,15,11,12,2817
40.0,15,11,13,2826
40.0,15,11,14,2834
40.0,15,11,15,2843
40.0,15,12,0,2723
40.0,15,12,1,2731
40.0,15,12,2,2740
40.0,15,12,3,2749
40.0,15,12,4,2758
40.0,15,12,5,2766
40.0,15,12,6,2775
40.0,15,12,7,2783
40.0,15,12,8,2792
40.0,15,12,9,2801
40.0,15,12,10,2809
40.0,15,12,11,2818
40.0,15,12,12,2826
40.0,15,12,13,2835
40.0,15,12,14,2843
40.0,15,12,15,2851
40.0,15,13,0,2731
40.0,15,13,1,2740
40.0,15,13,2,2749
40.0,15,13,3,2757
40.0,15,13,4,2766
40.0,15,13,5,2775
40.0,15,13,6,2783
40.0,15,13,7,2792
40.0,15,13,8,2801
40.0,15,13,9,2809
40.0,15,13,10,2818
40.0,15,13,11,2826
40.0,15,13,12,2835
40.0,15,13,13,2843
40.0,15,13,14,2852
40.0,15,13,15,2860
40.0,15,14,0,2740
40.0,15,14,1,2748
40.0,15,14,2,2757
40.0,15,14,3,2766
40.0,15,14,4,2775
40.0,15,14,5,2783
40.0,15,14,6,2792
40.0,15,14,7,2801
40.0,15,14,8,2809
40.0,15,14,9,2818
40.0,15,14,10,2827
40.0,15,14,11,2835
40.0,15,14,12,2844
40.0,15,14,13,2852
40.0,15,14,14,2861
40.0,15,14,15,2869
40.0,15,15,0,2748
40.0,15,15,1,2757
40.0,15,15,2,2766
40.0,15,15,3,2774
40.0,15,15,4,2783
40.0,15,15,5,2792
40.0,15,15,6,2801
40.0,15,15,7,2809
40.0,15,15,8,2818
40.0,15,15,9,2827
40.0,15,15,10,2835
40.0,15,15,11,2844
40.0,15,15,12,2852
40.0,15,15,13,2861
40.0,15,15,14,2869
40.0,15,15,15,2878
40.5,0,0,0,2493
40.5,0,0,1,2501
40.5,0,0,2,2509
40.5,0,0,3,2517
40.5,0,0,4,2525
40.5,0,0,5,2532
40.5,0,0,6,2540
40.5,0,0,7,2548
40.5,0,0,8,2556
40.5,0,0,9,2564
40.5,0,0,10,2572
40.5,0,0,11,2579
40.5,0,0,12,2587
40.5,0,0,13,2595
40.5,0,0,14,2603
40.5,0,0,15,2610
40.5,0,1,0,2501
40.5,0,1,1,2509
40.5,0,1,2,2517
40.5,0,1,3,2525
40.5,0,1,4,2533
40.5,0,1,5,2541
40.5,0,1,6,2549
40.5,0,1,7,2557
40.5,0,1,8,2565
40.5,0,1,9,2572
40.5,0,1,10,2580
40.5,0,1,11,2588
40.5,0,1,12,2596
40.5,0,1,13,2604
40.5,0,1,14,2611
40.5,0,1,15,2619
40.5,0,2,0,2509
40.5,0,2,1,2517
40.5,0,2,2,2525
40.5,0,2,3,2533
40.5,0,2,4,2541
40.5,0,2,5,2549
40.5,0,2,6,2557
40.5,0,2,7,2565
40.5,0,2,8,2573
40.5,0,2,9,2581
40.5,0,2,10,2589
40.5,0,2,11,2597
40.5,0,2,12,2605
40.5,0,2,13,2612
40.5,0,2,14,2620
40.5,0,2,15,2628
40.5,0,3,0,2518
40.5,0,3,1,2526
40.5,0,3,2,2534
40.5,0,3,3,2542
40.5,0,3,4,2550
40.5,0,3,5,2558
40.5,0,3,6,2566
40.5,0,3,7,2574
40.5,0,3,8,2582
40.5,0,3,9,2590
40.5,0,3,10,2597
40.5,0,3,11,2605
40.5,0,3,12,2613
40.5,0,3,13,2621
40.5,0,3,14,2629
40.5,0,3,15,2637
40.5,0,4,0,2526
40.5,0,4,1,2534
40.5,0,4,2,2542
40.5,0,4,3,2550
40.5,0,4,4,2558
40.5,0,4,5,2566
40.5,0,4,6,2574
40.5,0,4,7,2582
40.5,0,4,8,2590
40.5,0,4,9,2598
40.5,0,4,10,2606
40.5,0,4,11,2614
40.5,0,4,12,2622
40.5,0,4,13,2630
40.5,0,4,14,2637
40.5,0,4,15,2645
40.5,0,5,0,2534
40.5,0,5,1,2542
40.5,0,5,2,2550
40.5,0,5,3,2558
40.5,0,5,4,2567
40.5,0,5,5,2575
40.5,0,5,6,2583
40.5,0,5,7,2591
40.5,0,5,8,2599
40.5,0,5,9,2607
40.5,0,5,10,2615
40.5,0,5,11,2622
40.5,0,5,12,2630
40.5,0,5,13,2638
40.5,0,5,14,2646
40.5,0,5,15,2654
40.5,0,6,0,2542
40.5,0,6,1,2550
40.5,0,6,2,2559
40.5,0,6,3,2567
40.5,0,6,4,2575
40.5,0,6,5,2583
40.5,0,6,6,2591
40.5,0,6,7,2599
40.5,0,6,8,2607
40.5,0,6,9,2615
40.5,0,6,10,2623
40.5,0,6,11,2631
40.5,0,6,12,2639
40.5,0,6,13,2647
40.5,0,6,14,2655
40.5,0,6,15,2662
40.5,0,7,0,2550
40.5,0,7,1,2559
40.5,0,7,2,2567
40.5,0,7,3,2575
40.5,0,7,4,2583
40.5,0,7,5,2591
40.5,0,7,6,2599
40.5,0,7,7,2607
40.5,0,7,8,2615
40.5,0,7,9,2623
40.5,0,7,10,2631
40.5,0,7,11,2639
40.5,0,7,12,2647
40.5,0,7,13,2655
40.5,0,7,14,2663
40.5,0,7,15,2671
40.5,0,8,0,2559
40.5,0,8,1,2567
40.5,0,8,2,2575
40.5,0,8,3,2583
40.5,0,8,4,2591
40.5,0,8,5,2600
40.5,0,8,6,2608
40.5,0,8,7,2616
40.5,0,8,8,2624
40.5,0,8,9,2632
40.5,0,8,10,2640
40.5,0,8,11,2648
40.5,0,8,12,2656
40.5,0,8,13,2664
40.5,0,8,14,2672
40.5,0,8,15,2680
40.5,0,9,0,2567
40.5,0,9,1,2575
40.5,0,9,2,2583
40.5,0,9,3,2591
40.5,0,9,4,2600
40.5,0,9,5,2608
40.5,0,9,6,2616
40.5,0,9,7,2624
40.5,0,9,8,2632
40.5,0,9,9,2640
40.5,0,9,10,2648
40.5,0,9,11,2656
40.5,0,9,12,2664
40.5,0,9,13,2672
40.5,0,9,14,2680
40.5,0,9,15,2688
40.5,0,10,0,2575
40.5,0,10,1,2583
40.5,0,10,2,2591
40.5,0,10,3,2600
40.5,0,10,4,2608
40.5,0,10,5,2616
40.5,0,10,6,2624
40.5,0,10,7,2632
40.5,0,10,8,2640
40.5,0,10,9,2649
40.5,0,10,10,2657
40.5,0,10,11,2665
40.5,0,10,12,2673
40.5,0,10,13,2681
40.5,0,10,14,2689
40.5,0,10,15,2697
40.5,0,11,0,2583
40.5,0,11,1,2591
40.5,0,11,2,2600
40.5,0,11,3,2608
40.5,0,11,4,2616
40.5,0,11,5,2624
40.5,0,11,6,2632
40.5,0,11,7,2641
40.5,0,11,8,2649
40.5,0,11,9,2657
40.5,0,11,10,2665
40.5,0,11,11,2673
40.5,0,11,12,2681
40.5,0,11,13,2689
40.5,0,11,14,2697
40.5,0,11,15,2705
40.5,0,12,0,2591
40.5,0,12,1,2599
40.5,0,12,2,2608
40.5,0,12,3,2616
40.5,0,12,4,2624
40.5,0,12,5,2632
40.5,0,12,6,2641
40.5,0,12,7,2649
40.5,0,12,8,2657
40.5,0,12,9,2665
40.5,0,12,10,2673
40.5,0,12,11,2681
40.5,0,12,12,2689
40.5,0,12,13,2697
40.5,0,12,14,2706
40.5,0,12,15,2713
40.5,0,13,0,2599
40.5,0,13,1,2607
40.5,0,13,2,2616
40.5,0,13,3,2624
40.5,0,13,4,2632
40.5,0,13,5,2641
40.5,0,13,6,2649
40.5,0,13,7,2657
40.5,0,13,8,2665
40.5,0,13,9,2673
40.5,0,13,10,2682
40.5,0,13,11,2690
40.5,0,13,12,2698
40.5,0,13,13,2706
40.5,0,13,14,2714
40.5,0,13,15,2722
40.5,0,14,0,2607
40.5,0,14,1,2615
40.5,0,14,2,2624
40.5,0,14,3,2632
40.5,0,14,4,2640
40.5,0,14,5,2649
40.5,0,14,6,2657
40.5,0,14,7,2665
40.5,0,14,8,2673
40.5,0,14,9,2682
40.5,0,14,10,2690
40.5,0,14,11,2698
40.5,0,14,12,2706
40.5,0,14,13,2714
40.5,0,14,14,2722
40.5,0,14,15,2730
40.5,0,15,0,2615
40.5,0,15,1,2623
40.5,0,15,2,2632
40.5,0,15,3,2640
40.5,0,15,4,2649
40.5,0,15,5,2657
40.5,0,15,6,2665
40.5,0,15,7,2673
40.5,0,15,8,2682
40.5,0,15,9,2690
40.5,0,15,10,2698
40.5,0,15,11,2706
40.5,0,15,12,2714
40.5,0,15,13,2723
40.5,0,15,14,2731
40.5,0,15,15,2739
40.5,1,0,0,2502
40.5,1,0,1,2510
40.5,1,0,2,2518
40.5,1,0,3,2526
40.5,1,0,4,2534
40.5,1,0,5,2542
40.5,1,0,6,2550
40.5,1,0,7,2558
40.5,1,0,8,2566
40.5,1,0,9,2574
40.5,1,0,10,2582
40.5,1,0,11,2589
40.5,1,0,12,2597
40.5,1,0,13,2605
40.5,1,0,14,2613
40.5,1,0,15,2620
40.5,1,1,0,2510
40.5,1,1,1,2519
40.5,1,1,2,2527
40.5,1,1,3,2535
40.5,1,1,4,2543
40.5,1,1,5,2551
40.5,1,1,6,2559
40.5,1,1,7,2567
40.5,1,1,8,2574
40.5,1,1,9,2582
40.5,1,1,10,2590
40.5,1,1,11,2598
40.5,1,1,12,2606
40.5,1,1,13,2614
40.5,1,1,14,2621
40.5,1,1,15,2629
40.5,1,2,0,2519
40.5,1,2,1,2527
40.5,1,2,2,2535
40.5,1,2,3,2543
40.5,1,2,4,2551
40.5,1,2,5,2559
40.5,1,2,6,2567
40.5,1,2,7,2575
40.5,1,2,8,2583
40.5,1,2,9,2591
40.5,1,2,10,2599
40.5,1,2,11,2607
40.5,1,2,12,2615
40.5,1,2,13,2622
40.5,1,2,14,2630
40.5,1,2,15,2638
40.5,1,3,0,2527
40.5,1,3,1,2535
40.5,1,3,2,2543
40.5,1,3,3,2552
40.5,1,3,4,2560
40.5,1,3,5,2568
40.5,1,3,6,2576
40.5,1,3,7,2584
40.5,1,3,8,2592
40.5,1,3,9,2600
40.5,1,3,10,2607
40.5,1,3,11,2615
40.5,1,3,12,2623
40.5,1,3,13,2631
40.5,1,3,14,2639
40.5,1,3,15,2647
40.5,1,4,0,2535
40.5,1,4,1,2544
40.5,1,4,2,2552
40.5,1,4,3,2560
40.5,1,4,4,2568
40.5,1,4,5,2576
40.5,1,4,6,2584
40.5,1,4,7,2592
40.5,1,4,8,2600
40.5,1,4,9,2608
40.5,1,4,10,2616
40.5,1,4,11,2624
40.5,1,4,12,2632
40.5,1,4,13,2640
40.5,1,4,14,2648
40.5,1,4,15,2655
40.5,1,5,0,2544
40.5,1,5,1,2552
40.5,1,5,2,2560
40.5,1,5,3,2568
40.5,1,5,4,2576
40.5,1,5,5,2584
40.5,1,5,6,2593
40.5,1,5,7,2601
40.5,1,5,8,2609
40.5,1,5,9,2617
40.5,1,5,10,2625
40.5,1,5,11,2632
40.5,1,5,12,2640
40.5,1,5,13,2648
40.5,1,5,14,2656
40.5,1,5,15,2664
40.5,1,6,0,2552
40.5,1,6,1,2560
40.5,1,6,2,2568
40.5,1,6,3,2577
40.5,1,6,4,2585
40.5,1,6,5,2593
40.5,1,6,6,2601
40.5,1,6,7,2609
40.5,1,6,8,2617
40.5,1,6,9,2625
40.5,1,6,10,2633
40.5,1,6,11,2641
40.5,1,6,12,2649
40.5,1,6,13,2657
40.5,1,6,14,2665
40.5,1,6,15,2673
40.5,1,7,0,2560
40.5,1,7,1,2568
40.5,1,7,2,2577
40.5,1,7,3,2585
40.5,1,7,4,2593
40.5,1,7,5,2601
40.5,1,7,6,2609
40.5,1,7,7,2617
40.5,1,7,8,2625
40.5,1,7,9,2634
40.5,1,7,10,2642
40.5,1,7,11,2650
40.5,1,7,12,2657
40.5,1,7,13,2665
40.5,1,7,14,2673
40.5,1,7,15,2681
40.5,1,8,0,2568
40.5,1,8,1,2577
40.5,1,8,2,2585
40.5,1,8,3,2593
40.5,1,8,4,2601
40.5,1,8,5,2610
40.5,1,8,6,2618
40.5,1,8,7,2626
40.5,1,8,8,2634
40.5,1,8,9,2642
40.5,1,8,10,2650
40.5,1,8,11,2658
40.5,1,8,12,2666
40.5,1,8,13,2674
40.5,1,8,14,2682
40.5,1,8,15,2690
40.5,1,9,0,2577
40.5,1,9,1,2585
40.5,1,9,2,2593
40.5,1,9,3,2601
40.5,1,9,4,2610
40.5,1,9,5,2618
40.5,1,9,6,2626
40.5,1,9,7,2634
40.5,1,9,8,2642
40.5,1,9,9,2650
40.5,1,9,10,2658
40.5,1,9,11,2666
40.5,1,9,12,2674
40.5,1,9,13,2682
40.5,1,9,14,2690
40.5,1,9,15,2698
40.5,1,10,0,2585
40.5,1,10,1,2593
40.5,1,10,2,2601
40.5,1,10,3,2610
40.5,1,10,4,2618
40.5,1,10,5,2626
40.5,1,10,6,2634
40.5,1,10,7,2642
40.5,1,10,8,2651
40.5,1,10,9,2659
40.5,1,10,10,2667
40.5,1,10,11,2675
40.5,1,10,12,2683
40.5,1,10,13,2691
40.5,1,10,14,2699
40.5,1,10,15,2707
40.5,1,11,0,2593
40.5,1,11,1,2601
40.5,1,11,2,2610
40.5,1,11,3,2618
40.5,1,11,4,2626
40.5,1,11,5,2634
40.5,1,11,6,2643
40.5,1,11,7,2651
40.5,1,11,8,2659
40.5,1,11,9,2667
40.5,1,11,10,2675
40.5,1,11,11,2683
40.5,1,11,12,2691
40.5,1,11,13,2699
40.5,1,11,14,2707
40.5,1,11,15,2715
40.5,1,12,0,2601
40.5,1,12,1,2609
40.5,1,12,2,2618
40.5,1,12,3,2626
40.5,1,12,4,2634
40.5,1,12,5,2643
40.5,1,12,6,2651
40.5,1,12,7,2659
40.5,1,12,8,2667
40.5,1,12,9,2675
40.5,1,12,10,2684
40.5,1,12,11,2692
40.5,1,12,12,2700
40.5,1,12,13,2708
40.5,1,12,14,2716
40.5,1,12,15,2724
40.5,1,13,0,2609
40.5,1,13,1,2617
40.5,1,13,2,2626
40.5,1,13,3,2634
40.5,1,13,4,2642
40.5,1,13,5,2651
40.5,1,13,6,2659
40.5,1,13,7,2667
40.5,1,13,8,2675
40.5,1,13,9,2684
40.5,1,13,10,2692
40.5,1,13,11,2700
40.5,1,13,12,2708
40.5,1,13,13,2716
40.5,1,13,14,2724
40.5,1,13,15,2732
40.5,1,14,0,2617
40.5,1,14,1,2625
40.5,1,14,2,2634
40.5,1,14,3,2642
40.5,1,14,4,2651
40.5,1,14,5,2659
40.5,1,14,6,2667
40.5,1,14,7,2675
40.5,1,14,8,2684
40.5,1,14,9,2692
40.5,1,14,10,2700
40.5,1,14,11,2708
40.5,1,14,12,2716
40.5,1,14,13,2725
40.5,1,14,14,2733
40.5,1,14,15,2741
40.5,1,15,0,2625
40.5,1,15,1,2634
40.5,1,15,2,2642
40.5,1,15,3,2650
40.5,1,15,4,2659
40.5,1,15,5,2667
40.5,1,15,6,2675
40.5,1,15,7,2684
40.5,1,15,8,2692
40.5,1,15,9,2700
40.5,1,15,10,2708
40.5,1,15,11,2717
40.5,1,15,12,2725
40.5,1,15,13,2733
40.5,1,15,14,2741
40.5,1,15,15,2749
40.5,2,0,0,2512
40.5,2,0,1,2520
40.5,2,0,2,2528
40.5,2,0,3,2536
40.5,2,0,4,2544
40.5,2,0,5,2552
40.5,2,0,6,2560
40.5,2,0,7,2568
40.5,2,0,8,2576
40.5,2,0,9,2584
40.5,2,0,10,2591
40.5,2,0,11,2599
40.5,2,0,12,2607
40.5,2,0,13,2615
40.5,2,0,14,2623
40.5,2,0,15,2630
40.5,2,1,0,2520
40.5,2,1,1,2528
40.5,2,1,2,2536
40.5,2,1,3,2544
40.5,2,1,4,2552
40.5,2,1,5,2560
40.5,2,1,6,2568
40.5,2,1,7,2576
40.5,2,1,8,2584
40.5,2,1,9,2592
40.5,2,1,10,2600
40.5,2,1,11,2608
40.5,2,1,12,2616
40.5,2,1,13,2624
40.5,2,1,14,2631
40.5,2,1,15,2639
40.5,2,2,0,2528
40.5,2,2,1,2537
40.5,2,2,2,2545
40.5,2,2,3,2553
40.5,2,2,4,2561
40.5,2,2,5,2569
40.5,2,2,6,2577
40.5,2,2,7,2585
40.5,2,2,8,2593
40.5,2,2,9,2601
40.5,2,2,10,2609
40.5,2,2,11,2617
40.5,2,2,12,2625
40.5,2,2,13,2632
40.5,2,2,14,2640
40.5,2,2,15,2648
40.5,2,3,0,2537
40.5,2,3,1,2545
40.5,2,3,2,2553
40.5,2,3,3,2561
40.5,2,3,4,2569
40.5,2,3,5,2577
40.5,2,3,6,2585
40.5,2,3,7,2593
40.5,2,3,8,2601
40.5,2,3,9,2609
40.5,2,3,10,2617
40.5,2,3,11,2625
40.5,2,3,12,2633
40.5,2,3,13,2641
40.5,2,3,14,2649
40.5,2,3,15,2657
40.5,2,4,0,2545
40.5,2,4,1,2553
40.5,2,4,2,2562
40.5,2,4,3,2570
40.5,2,4,4,2578
40.5,2,4,5,2586
40.5,2,4,6,2594
40.5,2,4,7,2602
40.5,2,4,8,2610
40.5,2,4,9,2618
40.5,2,4,10,2626
40.5,2,4,11,2634
40.5,2,4,12,2642
40.5,2,4,13,2650
40.5,2,4,14,2658
40.5,2,4,15,2665
40.5,2,5,0,2553
40.5,2,5,1,2562
40.5,2,5,2,2570
40.5,2,5,3,2578
40.5,2,5,4,2586
40.5,2,5,5,2594
40.5,2,5,6,2602
40.5,2,5,7,2610
40.5,2,5,8,2619
40.5,2,5,9,2627
40.5,2,5,10,2635
40.5,2,5,11,2643
40.5,2,5,12,2650
40.5,2,5,13,2658
40.5,2,5,14,2666
40.5,2,5,15,2674
40.5,2,6,0,2562
40.5,2,6,1,2570
40.5,2,6,2,2578
40.5,2,6,3,2586
40.5,2,6,4,2595
40.5,2,6,5,2603
40.5,2,6,6,2611
40.5,2,6,7,2619
40.5,2,6,8,2627
40.5,2,6,9,2635
40.5,2,6,10,2643
40.5,2,6,11,2651
40.5,2,6,12,2659
40.5,2,6,13,2667
40.5,2,6,14,2675
40.5,2,6,15,2683
40.5,2,7,0,2570
40.5,2,7,1,2578
40.5,2,7,2,2587
40.5,2,7,3,2595
40.5,2,7,4,2603
40.5,2,7,5,2611
40.5,2,7,6,2619
40.5,2,7,7,2627
40.5,2,7,8,2635
40.5,2,7,9,2644
40.5,2,7,10,2652
40.5,2,7,11,2660
40.5,2,7,12,2668
40.5,2,7,13,2676
40.5,2,7,14,2684
40.5,2,7,15,2691
40.5,2,8,0,2578
40.5,2,8,1,2587
40.5,2,8,2,2595
40.5,2,8,3,2603
40.5,2,8,4,2611
40.5,2,8,5,2619
40.5,2,8,6,2628
40.5,2,8,7,2636
40.5,2,8,8,2644
40.5,2,8,9,2652
40.5,2,8,10,2660
40.5,2,8,11,2668
40.5,2,8,12,2676
40.5,2,8,13,2684
40.5,2,8,14,2692
40.5,2,8,15,2700
40.5,2,9,0,2586
40.5,2,9,1,2595
40.5,2,9,2,2603
40.5,2,9,3,2611
40.5,2,9,4,2620
40.5,2,9,5,2628
40.5,2,9,6,2636
40.5,2,9,7,2644
40.5,2,9,8,2652
40.5,2,9,9,2660
40.5,2,9,10,2669
40.5,2,9,11,2677
40.5,2,9,12,2685
40.5,2,9,13,2693
40.5,2,9,14,2701
40.5,2,9,15,2709
40.5,2,10,0,2595
40.5,2,10,1,2603
40.5,2,10,2,2611
40.5,2,10,3,2620
40.5,2,10,4,2628
40.5,2,10,5,2636
40.5,2,10,6,2644
40.5,2,10,7,2653
40.5,2,10,8,2661
40.5,2,10,9,2669
40.5,2,10,10,2677
40.5,2,10,11,2685
40.5,2,10,12,2693
40.5,2,10,13,2701
40.5,2,10,14,2709
40.5,2,10,15,2717
40.5,2,11,0,2603
40.5,2,11,1,2611
40.5,2,11,2,2619
40.5,2,11,3,2628
40.5,2,11,4,2636
40.5,2,11,5,2644
40.5,2,11,6,2653
40.5,2,11,7,2661
40.5,2,11,8,2669
40.5,2,11,9,2677
40.5,2,11,10,2685
40.5,2,11,11,2694
40.5,2,11,12,2702
40.5,2,11,13,2710
40.5,2,11,14,2718
40.5,2,11,15,2726
40.5,2,12,0,2611
40.5,2,12,1,2619
40.5,2,12,2,2628
40.5,2,12,3,2636
40.5,2,12,4,2644
40.5,2,12,5,2653
40.5,2,12,6,2661
40.5,2,12,7,2669
40.5,2,12,8,2677
40.5,2,12,9,2686
40.5,2,12,10,2694
40.5,2,12,11,2702
40.5,2,12,12,2710
40.5,2,12,13,2718
40.5,2,12,14,2726
40.5,2,12,15,2734
40.5,2,13,0,2619
40.5,2,13,1,2627
40.5,2,13,2,2636
40.5,2,13,3,2644
40.5,2,13,4,2653
40.5,2,13,5,2661
40.5,2,13,6,2669
40.5,2,13,7,2677
40.5,2,13,8,2686
40.5,2,13,9,2694
40.5,2,13,10,2702
40.5,2,13,11,2710
40.5,2,13,12,2718
40.5,2,13,13,2727
40.5,2,13,14,2735
40.5,2,13,15,2743
40.5,2,14,0,2627
40.5,2,14,1,2635
40.5,2,14,2,2644
40.5,2,14,3,2652
40.5,2,14,4,2661
40.5,2,14,5,2669
40.5,2,14,6,2677
40.5,2,14,7,2686
40.5,2,14,8,2694
40.5,2,14,9,2702
40.5,2,14,10,2710
40.5,2,14,11,2719
40.5,2,14,12,2727
40.5,2,14,13,2735
40.5,2,14,14,2743
40.5,2,14,15,2751
40.5,2,15,0,2635
40.5,2,15,1,2644
40.5,2,15,2,2652
40.5,2,15,3,2660
40.5,2,15,4,2669
40.5,2,15,5,2677
40.5,2,15,6,2686
40.5,2,15,7,2694
40.5,2,15,8,2702
40.5,2,15,9,2711
40.5,2,15,10,2719
40.5,2,15,11,2727
40.5,2,15,12,2735
40.5,2,15,13,2743
40.5,2,15,14,2752
40.5,2,15,15,2760
40.5,3,0,0,2521
40.5,3,0,1,2529
40.5,3,0,2,2537
40.5,3,0,3,2545
40.5,3,0,4,2554
40.5,3,0,5,2562
40.5,3,0,6,2570
40.5,3,0,7,2578
40.5,3,0,8,2585
40.5,3,0,9,2593
40.5,3,0,10,2601
40.5,3,0,11,2609
40.5,3,0,12,2617
40.5,3,0,13,2625
40.5,3,0,14,2633
40.5,3,0,15,2640
40.5,3,1,0,2530
40.5,3,1,1,2538
40.5,3,1,2,2546
40.5,3,1,3,2554
40.5,3,1,4,2562
40.5,3,1,5,2570
40.5,3,1,6,2578
40.5,3,1,7,2586
40.5,3,1,8,2594
40.5,3,1,9,2602
40.5,3,1,10,2610
40.5,3,1,11,2618
40.5,3,1,12,2626
40.5,3,1,13,2634
40.5,3,1,14,2641
40.5,3,1,15,2649
40.5,3,2,0,2538
40.5,3,2,1,2546
40.5,3,2,2,2554
40.5,3,2,3,2563
40.5,3,2,4,2571
40.5,3,2,5,2579
40.5,3,2,6,2587
40.5,3,2,7,2595
40.5,3,2,8,2603
40.5,3,2,9,2611
40.5,3,2,10,2619
40.5,3,2,11,2627
40.5,3,2,12,2635
40.5,3,2,13,2642
40.5,3,2,14,2650
40.5,3,2,15,2658
40.5,3,3,0,2546
40.5,3,3,1,2555
40.5,3,3,2,2563
40.5,3,3,3,2571
40.5,3,3,4,2579
40.5,3,3,5,2587
40.5,3,3,6,2595
40.5,3,3,7,2603
40.5,3,3,8,2611
40.5,3,3,9,2619
40.5,3,3,10,2627
40.5,3,3,11,2635
40.5,3,3,12,2643
40.5,3,3,13,2651
40.5,3,3,14,2659
40.5,3,3,15,2667
40.5,3,4,0,2555
40.5,3,4,1,2563
40.5,3,4,2,2571
40.5,3,4,3,2579
40.5,3,4,4,2588
40.5,3,4,5,2596
40.5,3,4,6,2604
40.5,3,4,7,2612
40.5,3,4,8,2620
40.5,3,4,9,2628
40.5,3,4,10,2636
40.5,3,4,11,2644
40.5,3,4,12,2652
40.5,3,4,13,2660
40.5,3,4,14,2668
40.5,3,4,15,2676
40.5,3,5,0,2563
40.5,3,5,1,2571
40.5,3,5,2,2580
40.5,3,5,3,2588
40.5,3,5,4,2596
40.5,3,5,5,2604
40.5,3,5,6,2612
40.5,3,5,7,2620
40.5,3,5,8,2628
40.5,3,5,9,2637
40.5,3,5,10,2645
40.5,3,5,11,2653
40.5,3,5,12,2661
40.5,3,5,13,2669
40.5,3,5,14,2676
40.5,3,5,15,2684
40.5,3,6,0,2571
40.5,3,6,1,2580
40.5,3,6,2,2588
40.5,3,6,3,2596
40.5,3,6,4,2604
40.5,3,6,5,2613
40.5,3,6,6,2621
40.5,3,6,7,2629
40.5,3,6,8,2637
40.5,3,6,9,2645
40.5,3,6,10,2653
40.5,3,6,11,2661
40.5,3,6,12,2669
40.5,3,6,13,2677
40.5,3,6,14,2685
40.5,3,6,15,2693
40.5,3,7,0,2580
40.5,3,7,1,2588
40.5,3,7,2,2596
40.5,3,7,3,2605
40.5,3,7,4,2613
40.5,3,7,5,2621
40.5,3,7,6,2629
40.5,3,7,7,2637
40.5,3,7,8,2646
40.5,3,7,9,2654
40.5,3,7,10,2662
40.5,3,7,11,2670
40.5,3,7,12,2678
40.5,3,7,13,2686
40.5,3,7,14,2694
40.5,3,7,15,2702
40.5,3,8,0,2588
40.5,3,8,1,2596
40.5,3,8,2,2605
40.5,3,8,3,2613
40.5,3,8,4,2621
40.5,3,8,5,2629
40.5,3,8,6,2638
40.5,3,8,7,2646
40.5,3,8,8,2654
40.5,3,8,9,2662
40.5,3,8,10,2670
40.5,3,8,11,2678
40.5,3,8,12,2686
40.5,3,8,13,2694
40.5,3,8,14,2702
40.5,3,8,15,2710
40.5,3,9,0,2596
40.5,3,9,1,2605
40.5,3,9,2,2613
40.5,3,9,3,2621
40.5,3,9,4,2630
40.5,3,9,5,2638
40.5,3,9,6,2646
40.5,3,9,7,2654
40.5,3,9,8,2662
40.5,3,9,9,2671
40.5,3,9,10,2679
40.5,3,9,11,2687
40.5,3,9,12,2695
40.5,3,9,13,2703
40.5,3,9,14,2711
40.5,3,9,15,2719
40.5,3,10,0,2604
40.5,3,10,1,2613
40.5,3,10,2,2621
40.5,3,10,3,2630
40.5,3,10,4,2638
40.5,3,10,5,2646
40.5,3,10,6,2654
40.5,3,10,7,2663
40.5,3,10,8,2671
40.5,3,10,9,2679
40.5,3,10,10,2687
40.5,3,10,11,2695
40.5,3,10,12,2703
40.5,3,10,13,2711
40.5,3,10,14,2720
40.5,3,10,15,2728
40.5,3,11,0,2613
40.5,3,11,1,2621
40.5,3,11,2,2629
40.5,3,11,3,2638
40.5,3,11,4,2646
40.5,3,11,5,2654
40.5,3,11,6,2663
40.5,3,11,7,2671
40.5,3,11,8,2679
40.5,3,11,9,2687
40.5,3,11,10,2696
40.5,3,11,11,2704
40.5,3,11,12,2712
40.5,3,11,13,2720
40.5,3,11,14,2728
40.5,3,11,15,2736
40.5,3,12,0,2621
40.5,3,12,1,2629
40.5,3,12,2,2638
40.5,3,12,3,2646
40.5,3,12,4,2654
40.5,3,12,5,2663
40.5,3,12,6,2671
40.5,3,12,7,2679
40.5,3,12,8,2688
40.5,3,12,9,2696
40.5,3,12,10,2704
40.5,3,12,11,2712
40.5,3,12,12,2720
40.5,3,12,13,2728
40.5,3,12,14,2737
40.5,3,12,15,2745
40.5,3,13,0,2629
40.5,3,13,1,2637
40.5,3,13,2,2646
40.5,3,13,3,2654
40.5,3,13,4,2663
40.5,3,13,5,2671
40.5,3,13,6,2679
40.5,3,13,7,2688
40.5,3,13,8,2696
40.5,3,13,9,2704
40.5,3,13,10,2712
40.5,3,13,11,2721
40.5,3,13,12,2729
40.5,3,13,13,2737
40.5,3,13,14,2745
40.5,3,13,15,2753
40.5,3,14,0,2637
40.5,3,14,1,2646
40.5,3,14,2,2654
40.5,3,14,3,2662
40.5,3,14,4,2671
40.5,3,14,5,2679
40.5,3,14,6,2688
40.5,3,14,7,2696
40.5,3,14,8,2704
40.5,3,14,9,2713
40.5,3,14,10,2721
40.5,3,14,11,2729
40.5,3,14,12,2737
40.5,3,14,13,2745
40.5,3,14,14,2754
40.5,3,14,15,2762
40.5,3,15,0,2645
40.5,3,15,1,2654
40.5,3,15,2,2662
40.5,3,15,3,2671
40.5,3,15,4,2679
40.5,3,15,5,2687
40.5,3,15,6,2696
40.5,3,15,7,2704
40.5,3,15,8,2713
40.5,3,15,9,2721
40.5,3,15,10,2729
40.5,3,15,11,2737
40.5,3,15,12,2746
40.5,3,15,13,2754
40.5,3,15,14,2762
40.5,3,15,15,2770
40.5,4,0,0,2531
40.5,4,0,1,2539
40.5,4,0,2,2547
40.5,4,0,3,2555
40.5,4,0,4,2563
40.5,4,0,5,2571
40.5,4,0,6,2579
40.5,4,0,7,2587
40.5,4,0,8,2595
40.5,4,0,9,2603
40.5,4,0,10,2611
40.5,4,0,11,2619
40.5,4,0,12,2627
40.5,4,0,13,2635
40.5,4,0,14,2643
40.5,4,0,15,2650
40.5,4,1,0,2539
40.5,4,1,1,2547
40.5,4,1,2,2556
40.5,4,1,3,2564
40.5,4,1,4,2572
40.5,4,1,5,2580
40.5,4,1,6,2588
40.5,4,1,7,2596
40.5,4,1,8,2604
40.5,4,1,9,2612
40.5,4,1,10,2620
40.5,4,1,11,2628
40.5,4,1,12,2636
40.5,4,1,13,2644
40.5,4,1,14,2651
40.5,4,1,15,2659
40.5,4,2,0,2548
40.5,4,2,1,2556
40.5,4,2,2,2564
40.5,4,2,3,2572
40.5,4,2,4,2580
40.5,4,2,5,2588
40.5,4,2,6,2597
40.5,4,2,7,2605
40.5,4,2,8,2613
40.5,4,2,9,2621
40.5,4,2,10,2629
40.5,4,2,11,2637
40.5,4,2,12,2644
40.5,4,2,13,2652
40.5,4,2,14,2660
40.5,4,2,15,2668
40.5,4,3,0,2556
40.5,4,3,1,2564
40.5,4,3,2,2573
40.5,4,3,3,2581
40.5,4,3,4,2589
40.5,4,3,5,2597
40.5,4,3,6,2605
40.5,4,3,7,2613
40.5,4,3,8,2621
40.5,4,3,9,2629
40.5,4,3,10,2637
40.5,4,3,11,2645
40.5,4,3,12,2653
40.5,4,3,13,2661
40.5,4,3,14,2669
40.5,4,3,15,2677
40.5,4,4,0,2565
40.5,4,4,1,2573
40.5,4,4,2,2581
40.5,4,4,3,2589
40.5,4,4,4,2597
40.5,4,4,5,2606
40.5,4,4,6,2614
40.5,4,4,7,2622
40.5,4,4,8,2630
40.5,4,4,9,2638
40.5,4,4,10,2646
40.5,4,4,11,2654
40.5,4,4,12,2662
40.5,4,4,13,2670
40.5,4,4,14,2678
40.5,4,4,15,2686
40.5,4,5,0,2573
40.5,4,5,1,2581
40.5,4,5,2,2589
40.5,4,5,3,2598
40.5,4,5,4,2606
40.5,4,5,5,2614
40.5,4,5,6,2622
40.5,4,5,7,2630
40.5,4,5,8,2638
40.5,4,5,9,2647
40.5,4,5,10,2655
40.5,4,5,11,2663
40.5,4,5,12,2671
40.5,4,5,13,2679
40.5,4,5,14,2687
40.5,4,5,15,2695
40.5,4,6,0,2581
40.5,4,6,1,2590
40.5,4,6,2,2598
40.5,4,6,3,2606
40.5,4,6,4,2614
40.5,4,6,5,2623
40.5,4,6,6,2631
40.5,4,6,7,2639
40.5,4,6,8,2647
40.5,4,6,9,2655
40.5,4,6,10,2663
40.5,4,6,11,2671
40.5,4,6,12,2679
40.5,4,6,13,2687
40.5,4,6,14,2695
40.5,4,6,15,2703
40.5,4,7,0,2590
40.5,4,7,1,2598
40.5,4,7,2,2606
40.5,4,7,3,2614
40.5,4,7,4,2623
40.5,4,7,5,2631
40.5,4,7,6,2639
40.5,4,7,7,2647
40.5,4,7,8,2656
40.5,4,7,9,2664
40.5,4,7,10,2672
40.5,4,7,11,2680
40.5,4,7,12,2688
40.5,4,7,13,2696
40.5,4,7,14,2704
40.5,4,7,15,2712
40.5,4,8,0,2598
40.5,4,8,1,2606
40.5,4,8,2,2615
40.5,4,8,3,2623
40.5,4,8,4,2631
40.5,4,8,5,2639
40.5,4,8,6,2648
40.5,4,8,7,2656
40.5,4,8,8,2664
40.5,4,8,9,2672
40.5,4,8,10,2680
40.5,4,8,11,2688
40.5,4,8,12,2697
40.5,4,8,13,2705
40.5,4,8,14,2713
40.5,4,8,15,2721
40.5,4,9,0,2606
40.5,4,9,1,2614
40.5,4,9,2,2623
40.5,4,9,3,2631
40.5,4,9,4,2640
40.5,4,9,5,2648
40.5,4,9,6,2656
40.5,4,9,7,2664
40.5,4,9,8,2673
40.5,4,9,9,2681
40.5,4,9,10,2689
40.5,4,9,11,2697
40.5,4,9,12,2705
40.5,4,9,13,2713
40.5,4,9,14,2721
40.5,4,9,15,2729
40.5,4,10,0,2614
40.5,4,10,1,2623
40.5,4,10,2,2631
40.5,4,10,3,2640
40.5,4,10,4,2648
40.5,4,10,5,2656
40.5,4,10,6,2664
40.5,4,10,7,2673
40.5,4,10,8,2681
40.5,4,10,9,2689
40.5,4,10,10,2697
40.5,4,10,11,2706
40.5,4,10,12,2714
40.5,4,10,13,2722
40.5,4,10,14,2730
40.5,4,10,15,2738
40.5,4,11,0,2623
40.5,4,11,1,2631
40.5,4,11,2,2639
40.5,4,11,3,2648
40.5,4,11,4,2656
40.5,4,11,5,2665
40.5,4,11,6,2673
40.5,4,11,7,2681
40.5,4,11,8,2689
40.5,4,11,9,2698
40.5,4,11,10,2706
40.5,4,11,11,2714
40.5,4,11,12,2722
40.5,4,11,13,2730
40.5,4,11,14,2738
40.5,4,11,15,2747
40.5,4,12,0,2631
40.5,4,12,1,2639
40.5,4,12,2,2648
40.5,4,12,3,2656
40.5,4,12,4,2664
40.5,4,12,5,2673
40.5,4,12,6,2681
40.5,4,12,7,2689
40.5,4,12,8,2698
40.5,4,12,9,2706
40.5,4,12,10,2714
40.5,4,12,11,2722
40.5,4,12,12,2731
40.5,4,12,13,2739
40.5,4,12,14,2747
40.5,4,12,15,2755
40.5,4,13,0,2639
40.5,4,13,1,2647
40.5,4,13,2,2656
40.5,4,13,3,2664
40.5,4,13,4,2673
40.5,4,13,5,2681
40.5,4,13,6,2689
40.5,4,13,7,2698
40.5,4,13,8,2706
40.5,4,13,9,2714
40.5,4,13,10,2723
40.5,4,13,11,2731
40.5,4,13,12,2739
40.5,4,13,13,2747
40.5,4,13,14,2755
40.5,4,13,15,2764
40.5,4,14,0,2647
40.5,4,14,1,2656
40.5,4,14,2,2664
40.5,4,14,3,2673
40.5,4,14,4,2681
40.5,4,14,5,2689
40.5,4,14,6,2698
40.5,4,14,7,2706
40.5,4,14,8,2714
40.5,4,14,9,2723
40.5,4,14,10,2731
40.5,4,14,11,2739
40.5,4,14,12,2748
40.5,4,14,13,2756
40.5,4,14,14,2764
40.5,4,14,15,2772
40.5,4,15,0,2655
40.5,4,15,1,2664
40.5,4,15,2,2672
40.5,4,15,3,2681
40.5,4,15,4,2689
40.5,4,15,5,2698
40.5,4,15,6,2706
40.5,4,15,7,2714
40.5,4,15,8,2723
40.5,4,15,9,2731
40.5,4,15,10,2739
40.5,4,15,11,2748
40.5,4,15,12,2756
40.5,4,15,13,2764
40.5,4,15,14,2772
40.5,4,15,15,2781
40.5,5,0,0,2540
40.5,5,0,1,2548
40.5,5,0,2,2557
40.5,5,0,3,2565
40.5,5,0,4,2573
40.5,5,0,5,2581
40.5,5,0,6,2589
40.5,5,0,7,2597
40.5,5,0,8,2605
40.5,5,0,9,2613
40.5,5,0,10,2621
40.5,5,0,11,2629
40.5,5,0,12,2637
40.5,5,0,13,2645
40.5,5,0,14,2653
40.5,5,0,15,2660
40.5,5,1,0,2549
40.5,5,1,1,2557
40.5,5,1,2,2565
40.5,5,1,3,2573
40.5,5,1,4,2582
40.5,5,1,5,2590
40.5,5,1,6,2598
40.5,5,1,7,2606
40.5,5,1,8,2614
40.5,5,1,9,2622
40.5,5,1,10,2630
40.5,5,1,11,2638
40.5,5,1,12,2646
40.5,5,1,13,2654
40.5,5,1,14,2661
40.5,5,1,15,2669
40.5,5,2,0,2557
40.5,5,2,1,2566
40.5,5,2,2,2574
40.5,5,2,3,2582
40.5,5,2,4,2590
40.5,5,2,5,2598
40.5,5,2,6,2606
40.5,5,2,7,2614
40.5,5,2,8,2622
40.5,5,2,9,2631
40.5,5,2,10,2639
40.5,5,2,11,2647
40.5,5,2,12,2654
40.5,5,2,13,2662
40.5,5,2,14,2670
40.5,5,2,15,2678
40.5,5,3,0,2566
40.5,5,3,1,2574
40.5,5,3,2,2582
40.5,5,3,3,2590
40.5,5,3,4,2599
40.5,5,3,5,2607
40.5,5,3,6,2615
40.5,5,3,7,2623
40.5,5,3,8,2631
40.5,5,3,9,2639
40.5,5,3,10,2647
40.5,5,3,11,2655
40.5,5,3,12,2663
40.5,5,3,13,2671
40.5,5,3,14,2679
40.5,5,3,15,2687
40.5,5,4,0,2574
40.5,5,4,1,2582
40.5,5,4,2,2591
40.5,5,4,3,2599
40.5,5,4,4,2607
40.5,5,4,5,2615
40.5,5,4,6,2624
40.5,5,4,7,2632
40.5,5,4,8,2640
40.5,5,4,9,2648
40.5,5,4,10,2656
40.5,5,4,11,2664
40.5,5,4,12,2672
40.5,5,4,13,2680
40.5,5,4,14,2688
40.5,5,4,15,2696
40.5,5,5,0,2583
40.5,5,5,1,2591
40.5,5,5,2,2599
40.5,5,5,3,2607
40.5,5,5,4,2616
40.5,5,5,5,2624
40.5,5,5,6,2632
40.5,5,5,7,2640
40.5,5,5,8,2648
40.5,5,5,9,2657
40.5,5,5,10,2665
40.5,5,5,11,2673
40.5,5,5,12,2681
40.5,5,5,13,2689
40.5,5,5,14,2697
40.5,5,5,15,2705
40.5,5,6,0,2591
40.5,5,6,1,2599
40.5,5,6,2,2608
40.5,5,6,3,2616
40.5,5,6,4,2624
40.5,5,6,5,2632
40.5,5,6,6,2641
40.5,5,6,7,2649
40.5,5,6,8,2657
40.5,5,6,9,2665
40.5,5,6,10,2673
40.5,5,6,11,2681
40.5,5,6,12,2689
40.5,5,6,13,2697
40.5,5,6,14,2705
40.5,5,6,15,2713
40.5,5,7,0,2599
40.5,5,7,1,2608
40.5,5,7,2,2616
40.5,5,7,3,2624
40.5,5,7,4,2633
40.5,5,7,5,2641
40.5,5,7,6,2649
40.5,5,7,7,2657
40.5,5,7,8,2666
40.5,5,7,9,2674
40.5,5,7,10,2682
40.5,5,7,11,2690
40.5,5,7,12,2698
40.5,5,7,13,2706
40.5,5,7,14,2714
40.5,5,7,15,2722
40.5,5,8,0,2608
40.5,5,8,1,2616
40.5,5,8,2,2624
40.5,5,8,3,2633
40.5,5,8,4,2641
40.5,5,8,5,2649
40.5,5,8,6,2658
40.5,5,8,7,2666
40.5,5,8,8,2674
40.5,5,8,9,2682
40.5,5,8,10,2690
40.5,5,8,11,2699
40.5,5,8,12,2707
40.5,5,8,13,2715
40.5,5,8,14,2723
40.5,5,8,15,2731
40.5,5,9,0,2616
40.5,5,9,1,2624
40.5,5,9,2,2633
40.5,5,9,3,2641
40.5,5,9,4,2649
40.5,5,9,5,2658
40.5,5,9,6,2666
40.5,5,9,7,2674
40.5,5,9,8,2683
40.5,5,9,9,2691
40.5,5,9,10,2699
40.5,5,9,11,2707
40.5,5,9,12,2715
40.5,5,9,13,2723
40.5,5,9,14,2732
40.5,5,9,15,2740
40.5,5,10,0,2624
40.5,5,10,1,2633
40.5,5,10,2,2641
40.5,5,10,3,2649
40.5,5,10,4,2658
40.5,5,10,5,2666
40.5,5,10,6,2675
40.5,5,10,7,2683
40.5,5,10,8,2691
40.5,5,10,9,2699
40.5,5,10,10,2708
40.5,5,10,11,2716
40.5,5,10,12,2724
40.5,5,10,13,2732
40.5,5,10,14,2740
40.5,5,10,15,2748
40.5,5,11,0,2632
40.5,5,11,1,2641
40.5,5,11,2,2649
40.5,5,11,3,2658
40.5,5,11,4,2666
40.5,5,11,5,2675
40.5,5,11,6,2683
40.5,5,11,7,2691
40.5,5,11,8,2700
40.5,5,11,9,2708
40.5,5,11,10,2716
40.5,5,11,11,2724
40.5,5,11,12,2732
40.5,5,11,13,2741
40.5,5,11,14,2749
40.5,5,11,15,2757
40.5,5,12,0,2641
40.5,5,12,1,2649
40.5,5,12,2,2658
40.5,5,12,3,2666
40.5,5,12,4,2675
40.5,5,12,5,2683
40.5,5,12,6,2691
40.5,5,12,7,2700
40.5,5,12,8,2708
40.5,5,12,9,2716
40.5,5,12,10,2725
40.5,5,12,11,2733
40.5,5,12,12,2741
40.5,5,12,13,2749
40.5,5,12,14,2757
40.5,5,12,15,2765
40.5,5,13,0,2649
40.5,5,13,1,2657
40.5,5,13,2,2666
40.5,5,13,3,2674
40.5,5,13,4,2683
40.5,5,13,5,2691
40.5,5,13,6,2700
40.5,5,13,7,2708
40.5,5,13,8,2716
40.5,5,13,9,2725
40.5,5,13,10,2733
40.5,5,13,11,2741
40.5,5,13,12,2749
40.5,5,13,13,2758
40.5,5,13,14,2766
40.5,5,13,15,2774
40.5,5,14,0,2657
40.5,5,14,1,2666
40.5,5,14,2,2674
40.5,5,14,3,2683
40.5,5,14,4,2691
40.5,5,14,5,2700
40.5,5,14,6,2708
40.5,5,14,7,2716
40.5,5,14,8,2725
40.5,5,14,9,2733
40.5,5,14,10,2741
40.5,5,14,11,2750
40.5,5,14,12,2758
40.5,5,14,13,2766
40.5,5,14,14,2774
40.5,5,14,15,2783
40.5,5,15,0,2665
40.5,5,15,1,2674
40.5,5,15,2,2682
40.5,5,15,3,2691
40.5,5,15,4,2699
40.5,5,15,5,2708
40.5,5,15,6,2716
40.5,5,15,7,2725
40.5,5,15,8,2733
40.5,5,15,9,2741
40.5,5,15,10,2750
40.5,5,15,11,2758
40.5,5,15,12,2766
40.5,5,15,13,2775
40.5,5,15,14,2783
40.5,5,15,15,2791
40.5,6,0,0,2550
40.5,6,0,1,2558
40.5,6,0,2,2566
40.5,6,0,3,2574
40.5,6,0,4,2583
40.5,6,0,5,2591
40.5,6,0,6,2599
40.5,6,0,7,2607
40.5,6,0,8,2615
40.5,6,0,9,2623
40.5,6,0,10,2631
40.5,6,0,11,2639
40.5,6,0,12,2647
40.5,6,0,13,2655
40.5,6,0,14,2663
40.5,6,0,15,2670
40.5,6,1,0,2558
40.5,6,1,1,2567
40.5,6,1,2,2575
40.5,6,1,3,2583
40.5,6,1,4,2591
40.5,6,1,5,2599
40.5,6,1,6,2607
40.5,6,1,7,2616
40.5,6,1,8,2624
40.5,6,1,9,2632
40.5,6,1,10,2640
40.5,6,1,11,2648
40.5,6,1,12,2656
40.5,6,1,13,2664
40.5,6,1,14,2671
40.5,6,1,15,2679
40.5,6,2,0,2567
40.5,6,2,1,2575
40.5,6,2,2,2583
40.5,6,2,3,2592
40.5,6,2,4,2600
40.5,6,2,5,2608
40.5,6,2,6,2616
40.5,6,2,7,2624
40.5,6,2,8,2632
40.5,6,2,9,2640
40.5,6,2,10,2648
40.5,6,2,11,2656
40.5,6,2,12,2664
40.5,6,2,13,2672
40.5,6,2,14,2680
40.5,6,2,15,2688
40.5,6,3,0,2575
40.5,6,3,1,2584
40.5,6,3,2,2592
40.5,6,3,3,2600
40.5,6,3,4,2608
40.5,6,3,5,2617
40.5,6,3,6,2625
40.5,6,3,7,2633
40.5,6,3,8,2641
40.5,6,3,9,2649
40.5,6,3,10,2657
40.5,6,3,11,2665
40.5,6,3,12,2673
40.5,6,3,13,2681
40.5,6,3,14,2689
40.5,6,3,15,2697
40.5,6,4,0,2584
40.5,6,4,1,2592
40.5,6,4,2,2600
40.5,6,4,3,2609
40.5,6,4,4,2617
40.5,6,4,5,2625
40.5,6,4,6,2633
40.5,6,4,7,2642
40.5,6,4,8,2650
40.5,6,4,9,2658
40.5,6,4,10,2666
40.5,6,4,11,2674
40.5,6,4,12,2682
40.5,6,4,13,2690
40.5,6,4,14,2698
40.5,6,4,15,2706
40.5,6,5,0,2592
40.5,6,5,1,2601
40.5,6,5,2,2609
40.5,6,5,3,2617
40.5,6,5,4,2626
40.5,6,5,5,2634
40.5,6,5,6,2642
40.5,6,5,7,2650
40.5,6,5,8,2658
40.5,6,5,9,2667
40.5,6,5,10,2675
40.5,6,5,11,2683
40.5,6,5,12,2691
40.5,6,5,13,2699
40.5,6,5,14,2707
40.5,6,5,15,2715
40.5,6,6,0,2601
40.5,6,6,1,2609
40.5,6,6,2,2617
40.5,6,6,3,2626
40.5,6,6,4,2634
40.5,6,6,5,2642
40.5,6,6,6,2651
40.5,6,6,7,2659
40.5,6,6,8,2667
40.5,6,6,9,2675
40.5,6,6,10,2683
40.5,6,6,11,2691
40.5,6,6,12,2700
40.5,6,6,13,2708
40.5,6,6,14,2716
40.5,6,6,15,2724
40.5,6,7,0,2609
40.5,6,7,1,2617
40.5,6,7,2,2626
40.5,6,7,3,2634
40.5,6,7,4,2643
40.5,6,7,5,2651
40.5,6,7,6,2659
40.5,6,7,7,2667
40.5,6,7,8,2676
40.5,6,7,9,2684
40.5,6,7,10,2692
40.5,6,7,11,2700
40.5,6,7,12,2708
40.5,6,7,13,2716
40.5,6,7,14,2724
40.5,6,7,15,2732
40.5,6,8,0,2617
40.5,6,8,1,2626
40.5,6,8,2,2634
40.5,6,8,3,2643
40.5,6,8,4,2651
40.5,6,8,5,2659
40.5,6,8,6,2668
40.5,6,8,7,2676
40.5,6,8,8,2684
40.5,6,8,9,2692
40.5,6,8,10,2701
40.5,6,8,11,2709
40.5,6,8,12,2717
40.5,6,8,13,2725
40.5,6,8,14,2733
40.5,6,8,15,2741
40.5,6,9,0,2626
40.5,6,9,1,2634
40.5,6,9,2,2643
40.5,6,9,3,2651
40.5,6,9,4,2659
40.5,6,9,5,2668
40.5,6,9,6,2676
40.5,6,9,7,2684
40.5,6,9,8,2693
40.5,6,9,9,2701
40.5,6,9,10,2709
40.5,6,9,11,2717
40.5,6,9,12,2726
40.5,6,9,13,2734
40.5,6,9,14,2742
40.5,6,9,15,2750
40.5,6,10,0,2634
40.5,6,10,1,2643
40.5,6,10,2,2651
40.5,6,10,3,2659
40.5,6,10,4,2668
40.5,6,10,5,2676
40.5,6,10,6,2685
40.5,6,10,7,2693
40.5,6,10,8,2701
40.5,6,10,9,2709
40.5,6,10,10,2718
40.5,6,10,11,2726
40.5,6,10,12,2734
40.5,6,10,13,2742
40.5,6,10,14,2750
40.5,6,10,15,2759
40.5,6,11,0,2642
40.5,6,11,1,2651
40.5,6,11,2,2659
40.5,6,11,3,2668
40.5,6,11,4,2676
40.5,6,11,5,2685
40.5,6,11,6,2693
40.5,6,11,7,2701
40.5,6,11,8,2710
40.5,6,11,9,2718
40.5,6,11,10,2726
40.5,6,11,11,2734
40.5,6,11,12,2743
40.5,6,11,13,2751
40.5,6,11,14,2759
40.5,6,11,15,2767
40.5,6,12,0,2651
40.5,6,12,1,2659
40.5,6,12,2,2668
40.5,6,12,3,2676
40.5,6,12,4,2685
40.5,6,12,5,2693
40.5,6,12,6,2701
40.5,6,12,7,2710
40.5,6,12,8,2718
40.5,6,12,9,2726
40.5,6,12,10,2735
40.5,6,12,11,2743
40.5,6,12,12,2751
40.5,6,12,13,2760
40.5,6,12,14,2768
40.5,6,12,15,2776
40.5,6,13,0,2659
40.5,6,13,1,2667
40.5,6,13,2,2676
40.5,6,13,3,2684
40.5,6,13,4,2693
40.5,6,13,5,2701
40.5,6,13,6,2710
40.5,6,13,7,2718
40.5,6,13,8,2727
40.5,6,13,9,2735
40.5,6,13,10,2743
40.5,6,13,11,2752
40.5,6,13,12,2760
40.5,6,13,13,2768
40.5,6,13,14,2776
40.5,6,13,15,2784
40.5,6,14,0,2667
40.5,6,14,1,2676
40.5,6,14,2,2684
40.5,6,14,3,2693
40.5,6,14,4,2701
40.5,6,14,5,2710
40.5,6,14,6,2718
40.5,6,14,7,2727
40.5,6,14,8,2735
40.5,6,14,9,2743
40.5,6,14,10,2752
40.5,6,14,11,2760
40.5,6,14,12,2768
40.5,6,14,13,2777
40.5,6,14,14,2785
40.5,6,14,15,2793
40.5,6,15,0,2675
40.5,6,15,1,2684
40.5,6,15,2,2692
40.5,6,15,3,2701
40.5,6,15,4,2709
40.5,6,15,5,2718
40.5,6,15,6,2726
40.5,6,15,7,2735
40.5,6,15,8,2743
40.5,6,15,9,2752
40.5,6,15,10,2760
40.5,6,15,11,2768
40.5,6,15,12,2777
40.5,6,15,13,2785
40.5,6,15,14,2793
40.5,6,15,15,2802
40.5,7,0,0,2559
40.5,7,0,1,2568
40.5,7,0,2,2576
40.5,7,0,3,2584
40.5,7,0,4,2592
40.5,7,0,5,2600
40.5,7,0,6,2608
40.5,7,0,7,2617
40.5,7,0,8,2625
40.5,7,0,9,2633
40.5,7,0,10,2641
40.5,7,0,11,2649
40.5,7,0,12,2657
40.5,7,0,13,2665
40.5,7,0,14,2673
40.5,7,0,15,2680
40.5,7,1,0,2568
40.5,7,1,1,2576
40.5,7,1,2,2585
40.5,7,1,3,2593
40.5,7,1,4,2601
40.5,7,1,5,2609
40.5,7,1,6,2617
40.5,7,1,7,2625
40.5,7,1,8,2633
40.5,7,1,9,2642
40.5,7,1,10,2650
40.5,7,1,11,2658
40.5,7,1,12,2666
40.5,7,1,13,2674
40.5,7,1,14,2681
40.5,7,1,15,2689
40.5,7,2,0,2577
40.5,7,2,1,2585
40.5,7,2,2,2593
40.5,7,2,3,2601
40.5,7,2,4,2610
40.5,7,2,5,2618
40.5,7,2,6,2626
40.5,7,2,7,2634
40.5,7,2,8,2642
40.5,7,2,9,2650
40.5,7,2,10,2658
40.5,7,2,11,2666
40.5,7,2,12,2674
40.5,7,2,13,2682
40.5,7,2,14,2690
40.5,7,2,15,2698
40.5,7,3,0,2585
40.5,7,3,1,2593
40.5,7,3,2,2602
40.5,7,3,3,2610
40.5,7,3,4,2618
40.5,7,3,5,2626
40.5,7,3,6,2635
40.5,7,3,7,2643
40.5,7,3,8,2651
40.5,7,3,9,2659
40.5,7,3,10,2667
40.5,7,3,11,2675
40.5,7,3,12,2683
40.5,7,3,13,2691
40.5,7,3,14,2699
40.5,7,3,15,2707
40.5,7,4,0,2594
40.5,7,4,1,2602
40.5,7,4,2,2610
40.5,7,4,3,2619
40.5,7,4,4,2627
40.5,7,4,5,2635
40.5,7,4,6,2643
40.5,7,4,7,2651
40.5,7,4,8,2660
40.5,7,4,9,2668
40.5,7,4,10,2676
40.5,7,4,11,2684
40.5,7,4,12,2692
40.5,7,4,13,2700
40.5,7,4,14,2708
40.5,7,4,15,2716
40.5,7,5,0,2602
40.5,7,5,1,2610
40.5,7,5,2,2619
40.5,7,5,3,2627
40.5,7,5,4,2635
40.5,7,5,5,2644
40.5,7,5,6,2652
40.5,7,5,7,2660
40.5,7,5,8,2668
40.5,7,5,9,2677
40.5,7,5,10,2685
40.5,7,5,11,2693
40.5,7,5,12,2701
40.5,7,5,13,2709
40.5,7,5,14,2717
40.5,7,5,15,2725
40.5,7,6,0,2610
40.5,7,6,1,2619
40.5,7,6,2,2627
40.5,7,6,3,2636
40.5,7,6,4,2644
40.5,7,6,5,2652
40.5,7,6,6,2661
40.5,7,6,7,2669
40.5,7,6,8,2677
40.5,7,6,9,2685
40.5,7,6,10,2693
40.5,7,6,11,2702
40.5,7,6,12,2710
40.5,7,6,13,2718
40.5,7,6,14,2726
40.5,7,6,15,2734
40.5,7,7,0,2619
40.5,7,7,1,2627
40.5,7,7,2,2636
40.5,7,7,3,2644
40.5,7,7,4,2652
40.5,7,7,5,2661
40.5,7,7,6,2669
40.5,7,7,7,2677
40.5,7,7,8,2686
40.5,7,7,9,2694
40.5,7,7,10,2702
40.5,7,7,11,2710
40.5,7,7,12,2718
40.5,7,7,13,2726
40.5,7,7,14,2735
40.5,7,7,15,2743
40.5,7,8,0,2627
40.5,7,8,1,2636
40.5,7,8,2,2644
40.5,7,8,3,2653
40.5,7,8,4,2661
40.5,7,8,5,2669
40.5,7,8,6,2678
40.5,7,8,7,2686
40.5,7,8,8,2694
40.5,7,8,9,2702
40.5,7,8,10,2711
40.5,7,8,11,2719
40.5,7,8,12,2727
40.5,7,8,13,2735
40.5,7,8,14,2743
40.5,7,8,15,2751
40.5,7,9,0,2636
40.5,7,9,1,2644
40.5,7,9,2,2653
40.5,7,9,3,2661
40.5,7,9,4,2669
40.5,7,9,5,2678
40.5,7,9,6,2686
40.5,7,9,7,2694
40.5,7,9,8,2703
40.5,7,9,9,2711
40.5,7,9,10,2719
40.5,7,9,11,2728
40.5,7,9,12,2736
40.5,7,9,13,2744
40.5,7,9,14,2752
40.5,7,9,15,2760
40.5,7,10,0,2644
40.5,7,10,1,2652
40.5,7,10,2,2661
40.5,7,10,3,2669
40.5,7,10,4,2678
40.5,7,10,5,2686
40.5,7,10,6,2695
40.5,7,10,7,2703
40.5,7,10,8,2711
40.5,7,10,9,2720
40.5,7,10,10,2728
40.5,7,10,11,2736
40.5,7,10,12,2744
40.5,7,10,13,2753
40.5,7,10,14,2761
40.5,7,10,15,2769
40.5,7,11,0,2652
40.5,7,11,1,2661
40.5,7,11,2,2669
40.5,7,11,3,2678
40.5,7,11,4,2686
40.5,7,11,5,2695
40.5,7,11,6,2703
40.5,7,11,7,2711
40.5,7,11,8,2720
40.5,7,11,9,2728
40.5,7,11,10,2736
40.5,7,11,11,2745
40.5,7,11,12,2753
40.5,7,11,13,2761
40.5,7,11,14,2769
40.5,7,11,15,2778
40.5,7,12,0,2661
40.5,7,12,1,2669
40.5,7,12,2,2678
40.5,7,12,3,2686
40.5,7,12,4,2695
40.5,7,12,5,2703
40.5,7,12,6,2712
40.5,7,12,7,2720
40.5,7,12,8,2728
40.5,7,12,9,2737
40.5,7,12,10,2745
40.5,7,12,11,2753
40.5,7,12,12,2762
40.5,7,12,13,2770
40.5,7,12,14,2778
40.5,7,12,15,2786
40.5,7,13,0,2669
40.5,7,13,1,2677
40.5,7,13,2,2686
40.5,7,13,3,2694
40.5,7,13,4,2703
40.5,7,13,5,2711
40.5,7,13,6,2720
40.5,7,13,7,2728
40.5,7,13,8,2737
40.5,7,13,9,2745
40.5,7,13,10,2754
40.5,7,13,11,2762
40.5,7,13,12,2770
40.5,7,13,13,2778
40.5,7,13,14,2787
40.5,7,13,15,2795
40.5,7,14,0,2677
40.5,7,14,1,2686
40.5,7,14,2,2694
40.5,7,14,3,2703
40.5,7,14,4,2711
40.5,7,14,5,2720
40.5,7,14,6,2728
40.5,7,14,7,2737
40.5,7,14,8,2745
40.5,7,14,9,2754
40.5,7,14,10,2762
40.5,7,14,11,2770
40.5,7,14,12,2779
40.5,7,14,13,2787
40.5,7,14,14,2795
40.5,7,14,15,2804
40.5,7,15,0,2685
40.5,7,15,1,2694
40.5,7,15,2,2702
40.5,7,15,3,2711
40.5,7,15,4,2720
40.5,7,15,5,2728
40.5,7,15,6,2737
40.5,7,15,7,2745
40.5,7,15,8,2754
40.5,7,15,9,2762
40.5,7,15,10,2770
40.5,7,15,11,2779
40.5,7,15,12,2787
40.5,7,15,13,2796
40.5,7,15,14,2804
40.5,7,15,15,2812
40.5,8,0,0,2569
40.5,8,0,1,2577
40.5,8,0,2,2585
40.5,8,0,3,2594
40.5,8,0,4,2602
40.5,8,0,5,2610
40.5,8,0,6,2618
40.5,8,0,7,2626
40.5,8,0,8,2634
40.5,8,0,9,2643
40.5,8,0,10,2651
40.5,8,0,11,2659
40.5,8,0,12,2667
40.5,8,0,13,2675
40.5,8,0,14,2682
40.5,8,0,15,2690
40.5,8,1,0,2578
40.5,8,1,1,2586
40.5,8,1,2,2594
40.5,8,1,3,2602
40.5,8,1,4,2611
40.5,8,1,5,2619
40.5,8,1,6,2627
40.5,8,1,7,2635
40.5,8,1,8,2643
40.5,8,1,9,2651
40.5,8,1,10,2659
40.5,8,1,11,2667
40.5,8,1,12,2676
40.5,8,1,13,2684
40.5,8,1,14,2691
40.5,8,1,15,2699
40.5,8,2,0,2586
40.5,8,2,1,2594
40.5,8,2,2,2603
40.5,8,2,3,2611
40.5,8,2,4,2619
40.5,8,2,5,2628
40.5,8,2,6,2636
40.5,8,2,7,2644
40.5,8,2,8,2652
40.5,8,2,9,2660
40.5,8,2,10,2668
40.5,8,2,11,2676
40.5,8,2,12,2684
40.5,8,2,13,2692
40.5,8,2,14,2700
40.5,8,2,15,2708
40.5,8,3,0,2595
40.5,8,3,1,2603
40.5,8,3,2,2611
40.5,8,3,3,2620
40.5,8,3,4,2628
40.5,8,3,5,2636
40.5,8,3,6,2644
40.5,8,3,7,2653
40.5,8,3,8,2661
40.5,8,3,9,2669
40.5,8,3,10,2677
40.5,8,3,11,2685
40.5,8,3,12,2693
40.5,8,3,13,2701
40.5,8,3,14,2709
40.5,8,3,15,2717
40.5,8,4,0,2603
40.5,8,4,1,2612
40.5,8,4,2,2620
40.5,8,4,3,2628
40.5,8,4,4,2637
40.5,8,4,5,2645
40.5,8,4,6,2653
40.5,8,4,7,2661
40.5,8,4,8,2670
40.5,8,4,9,2678
40.5,8,4,10,2686
40.5,8,4,11,2694
40.5,8,4,12,2702
40.5,8,4,13,2710
40.5,8,4,14,2718
40.5,8,4,15,2726
40.5,8,5,0,2612
40.5,8,5,1,2620
40.5,8,5,2,2629
40.5,8,5,3,2637
40.5,8,5,4,2645
40.5,8,5,5,2654
40.5,8,5,6,2662
40.5,8,5,7,2670
40.5,8,5,8,2678
40.5,8,5,9,2686
40.5,8,5,10,2695
40.5,8,5,11,2703
40.5,8,5,12,2711
40.5,8,5,13,2719
40.5,8,5,14,2727
40.5,8,5,15,2735
40.5,8,6,0,2620
40.5,8,6,1,2629
40.5,8,6,2,2637
40.5,8,6,3,2645
40.5,8,6,4,2654
40.5,8,6,5,2662
40.5,8,6,6,2670
40.5,8,6,7,2679
40.5,8,6,8,2687
40.5,8,6,9,2695
40.5,8,6,10,2703
40.5,8,6,11,2712
40.5,8,6,12,2720
40.5,8,6,13,2728
40.5,8,6,14,2736
40.5,8,6,15,2744
40.5,8,7,0,2629
40.5,8,7,1,2637
40.5,8,7,2,2646
40.5,8,7,3,2654
40.5,8,7,4,2662
40.5,8,7,5,2671
40.5,8,7,6,2679
40.5,8,7,7,2687
40.5,8,7,8,2696
40.5,8,7,9,2704
40.5,8,7,10,2712
40.5,8,7,11,2720
40.5,8,7,12,2729
40.5,8,7,13,2737
40.5,8,7,14,2745
40.5,8,7,15,2753
40.5,8,8,0,2637
40.5,8,8,1,2646
40.5,8,8,2,2654
40.5,8,8,3,2662
40.5,8,8,4,2671
40.5,8,8,5,2679
40.5,8,8,6,2688
40.5,8,8,7,2696
40.5,8,8,8,2704
40.5,8,8,9,2713
40.5,8,8,10,2721
40.5,8,8,11,2729
40.5,8,8,12,2737
40.5,8,8,13,2745
40.5,8,8,14,2754
40.5,8,8,15,2762
40.5,8,9,0,2645
40.5,8,9,1,2654
40.5,8,9,2,2662
40.5,8,9,3,2671
40.5,8,9,4,2679
40.5,8,9,5,2688
40.5,8,9,6,2696
40.5,8,9,7,2705
40.5,8,9,8,2713
40.5,8,9,9,2721
40.5,8,9,10,2729
40.5,8,9,11,2738
40.5,8,9,12,2746
40.5,8,9,13,2754
40.5,8,9,14,2762
40.5,8,9,15,2771
40.5,8,10,0,2654
40.5,8,10,1,2662
40.5,8,10,2,2671
40.5,8,10,3,2679
40.5,8,10,4,2688
40.5,8,10,5,2696
40.5,8,10,6,2705
40.5,8,10,7,2713
40.5,8,10,8,2721
40.5,8,10,9,2730
40.5,8,10,10,2738
40.5,8,10,11,2746
40.5,8,10,12,2755
40.5,8,10,13,2763
40.5,8,10,14,2771
40.5,8,10,15,2779
40.5,8,11,0,2662
40.5,8,11,1,2671
40.5,8,11,2,2679
40.5,8,11,3,2688
40.5,8,11,4,2696
40.5,8,11,5,2705
40.5,8,11,6,2713
40.5,8,11,7,2722
40.5,8,11,8,2730
40.5,8,11,9,2738
40.5,8,11,10,2747
40.5,8,11,11,2755
40.5,8,11,12,2763
40.5,8,11,13,2772
40.5,8,11,14,2780
40.5,8,11,15,2788
40.5,8,12,0,2670
40.5,8,12,1,2679
40.5,8,12,2,2688
40.5,8,12,3,2696
40.5,8,12,4,2705
40.5,8,12,5,2713
40.5,8,12,6,2722
40.5,8,12,7,2730
40.5,8,12,8,2738
40.5,8,12,9,2747
40.5,8,12,10,2755
40.5,8,12,11,2764
40.5,8,12,12,2772
40.5,8,12,13,2780
40.5,8,12,14,2788
40.5,8,12,15,2797
40.5,8,13,0,2679
40.5,8,13,1,2687
40.5,8,13,2,2696
40.5,8,13,3,2705
40.5,8,13,4,2713
40.5,8,13,5,2722
40.5,8,13,6,2730
40.5,8,13,7,2739
40.5,8,13,8,2747
40.5,8,13,9,2755
40.5,8,13,10,2764
40.5,8,13,11,2772
40.5,8,13,12,2780
40.5,8,13,13,2789
40.5,8,13,14,2797
40.5,8,13,15,2805
40.5,8,14,0,2687
40.5,8,14,1,2696
40.5,8,14,2,2704
40.5,8,14,3,2713
40.5,8,14,4,2721
40.5,8,14,5,2730
40.5,8,14,6,2738
40.5,8,14,7,2747
40.5,8,14,8,2755
40.5,8,14,9,2764
40.5,8,14,10,2772
40.5,8,14,11,2781
40.5,8,14,12,2789
40.5,8,14,13,2797
40.5,8,14,14,2806
40.5,8,14,15,2814
40.5,8,15,0,2695
40.5,8,15,1,2704
40.5,8,15,2,2713
40.5,8,15,3,2721
40.5,8,15,4,2730
40.5,8,15,5,2738
40.5,8,15,6,2747
40.5,8,15,7,2755
40.5,8,15,8,2764
40.5,8,15,9,2772
40.5,8,15,10,2781
40.5,8,15,11,2789
40.5,8,15,12,2798
40.5,8,15,13,2806
40.5,8,15,14,2814
40.5,8,15,15,2823
40.5,9,0,0,2579
40.5,9,0,1,2587
40.5,9,0,2,2595
40.5,9,0,3,2603
40.5,9,0,4,2612
40.5,9,0,5,2620
40.5,9,0,6,2628
40.5,9,0,7,2636
40.5,9,0,8,2644
40.5,9,0,9,2652
40.5,9,0,10,2660
40.5,9,0,11,2668
40.5,9,0,12,2676
40.5,9,0,13,2684
40.5,9,0,14,2692
40.5,9,0,15,2700
40.5,9,1,0,2587
40.5,9,1,1,2595
40.5,9,1,2,2604
40.5,9,1,3,2612
40.5,9,1,4,2620
40.5,9,1,5,2629
40.5,9,1,6,2637
40.5,9,1,7,2645
40.5,9,1,8,2653
40.5,9,1,9,2661
40.5,9,1,10,2669
40.5,9,1,11,2677
40.5,9,1,12,2685
40.5,9,1,13,2693
40.5,9,1,14,2701
40.5,9,1,15,2709
40.5,9,2,0,2596
40.5,9,2,1,2604
40.5,9,2,2,2612
40.5,9,2,3,2621
40.5,9,2,4,2629
40.5,9,2,5,2637
40.5,9,2,6,2646
40.5,9,2,7,2654
40.5,9,2,8,2662
40.5,9,2,9,2670
40.5,9,2,10,2678
40.5,9,2,11,2686
40.5,9,2,12,2694
40.5,9,2,13,2702
40.5,9,2,14,2710
40.5,9,2,15,2718
40.5,9,3,0,2604
40.5,9,3,1,2613
40.5,9,3,2,2621
40.5,9,3,3,2629
40.5,9,3,4,2638
40.5,9,3,5,2646
40.5,9,3,6,2654
40.5,9,3,7,2663
40.5,9,3,8,2671
40.5,9,3,9,2679
40.5,9,3,10,2687
40.5,9,3,11,2695
40.5,9,3,12,2703
40.5,9,3,13,2711
40.5,9,3,14,2719
40.5,9,3,15,2727
40.5,9,4,0,2613
40.5,9,4,1,2621
40.5,9,4,2,2630
40.5,9,4,3,2638
40.5,9,4,4,2646
40.5,9,4,5,2655
40.5,9,4,6,2663
40.5,9,4,7,2671
40.5,9,4,8,2680
40.5,9,4,9,2688
40.5,9,4,10,2696
40.5,9,4,11,2704
40.5,9,4,12,2712
40.5,9,4,13,2720
40.5,9,4,14,2728
40.5,9,4,15,2736
40.5,9,5,0,2621
40.5,9,5,1,2630
40.5,9,5,2,2638
40.5,9,5,3,2647
40.5,9,5,4,2655
40.5,9,5,5,2663
40.5,9,5,6,2672
40.5,9,5,7,2680
40.5,9,5,8,2688
40.5,9,5,9,2696
40.5,9,5,10,2705
40.5,9,5,11,2713
40.5,9,5,12,2721
40.5,9,5,13,2729
40.5,9,5,14,2737
40.5,9,5,15,2745
40.5,9,6,0,2630
40.5,9,6,1,2638
40.5,9,6,2,2647
40.5,9,6,3,2655
40.5,9,6,4,2664
40.5,9,6,5,2672
40.5,9,6,6,2680
40.5,9,6,7,2689
40.5,9,6,8,2697
40.5,9,6,9,2705
40.5,9,6,10,2713
40.5,9,6,11,2722
40.5,9,6,12,2730
40.5,9,6,13,2738
40.5,9,6,14,2746
40.5,9,6,15,2754
40.5,9,7,0,2638
40.5,9,7,1,2647
40.5,9,7,2,2655
40.5,9,7,3,2664
40.5,9,7,4,2672
40.5,9,7,5,2681
40.5,9,7,6,2689
40.5,9,7,7,2697
40.5,9,7,8,2706
40.5,9,7,9,2714
40.5,9,7,10,2722
40.5,9,7,11,2730
40.5,9,7,12,2739
40.5,9,7,13,2747
40.5,9,7,14,2755
40.5,9,7,15,2763
40.5,9,8,0,2647
40.5,9,8,1,2655
40.5,9,8,2,2664
40.5,9,8,3,2672
40.5,9,8,4,2681
40.5,9,8,5,2689
40.5,9,8,6,2698
40.5,9,8,7,2706
40.5,9,8,8,2714
40.5,9,8,9,2723
40.5,9,8,10,2731
40.5,9,8,11,2739
40.5,9,8,12,2747
40.5,9,8,13,2756
40.5,9,8,14,2764
40.5,9,8,15,2772
40.5,9,9,0,2655
40.5,9,9,1,2664
40.5,9,9,2,2672
40.5,9,9,3,2681
40.5,9,9,4,2689
40.5,9,9,5,2698
40.5,9,9,6,2706
40.5,9,9,7,2715
40.5,9,9,8,2723
40.5,9,9,9,2731
40.5,9,9,10,2740
40.5,9,9,11,2748
40.5,9,9,12,2756
40.5,9,9,13,2764
40.5,9,9,14,2773
40.5,9,9,15,2781
40.5,9,10,0,2664
40.5,9,10,1,2672
40.5,9,10,2,2681
40.5,9,10,3,2689
40.5,9,10,4,2698
40.5,9,10,5,2706
40.5,9,10,6,2715
40.5,9,10,7,2723
40.5,9,10,8,2732
40.5,9,10,9,2740
40.5,9,10,10,2748
40.5,9,10,11,2757
40.5,9,10,12,2765
40.5,9,10,13,2773
40.5,9,10,14,2781
40.5,9,10,15,2790
40.5,9,11,0,2672
40.5,9,11,1,2681
40.5,9,11,2,2689
40.5,9,11,3,2698
40.5,9,11,4,2706
40.5,9,11,5,2715
40.5,9,11,6,2723
40.5,9,11,7,2732
40.5,9,11,8,2740
40.5,9,11,9,2749
40.5,9,11,10,2757
40.5,9,11,11,2765
40.5,9,11,12,2774
40.5,9,11,13,2782
40.5,9,11,14,2790
40.5,9,11,15,2798
40.5,9,12,0,2680
40.5,9,12,1,2689
40.5,9,12,2,2698
40.5,9,12,3,2706
40.5,9,12,4,2715
40.5,9,12,5,2723
40.5,9,12,6,2732
40.5,9,12,7,2740
40.5,9,12,8,2749
40.5,9,12,9,2757
40.5,9,12,10,2765
40.5,9,12,11,2774
40.5,9,12,12,2782
40.5,9,12,13,2791
40.5,9,12,14,2799
40.5,9,12,15,2807
40.5,9,13,0,2689
40.5,9,13,1,2697
40.5,9,13,2,2706
40.5,9,13,3,2715
40.5,9,13,4,2723
40.5,9,13,5,2732
40.5,9,13,6,2740
40.5,9,13,7,2749
40.5,9,13,8,2757
40.5,9,13,9,2766
40.5,9,13,10,2774
40.5,9,13,11,2782
40.5,9,13,12,2791
40.5,9,13,13,2799
40.5,9,13,14,2807
40.5,9,13,15,2816
40.5,9,14,0,2697
40.5,9,14,1,2706
40.5,9,14,2,2714
40.5,9,14,3,2723
40.5,9,14,4,2732
40.5,9,14,5,2740
40.5,9,14,6,2749
40.5,9,14,7,2757
40.5,9,14,8,2766
40.5,9,14,9,2774
40.5,9,14,10,2783
40.5,9,14,11,2791
40.5,9,14,12,2799
40.5,9,14,13,2808
40.5,9,14,14,2816
40.5,9,14,15,2824
40.5,9,15,0,2705
40.5,9,15,1,2714
40.5,9,15,2,2723
40.5,9,15,3,2731
40.5,9,15,4,2740
40.5,9,15,5,2749
40.5,9,15,6,2757
40.5,9,15,7,2766
40.5,9,15,8,2774
40.5,9,15,9,2783
40.5,9,15,10,2791
40.5,9,15,11,2800
40.5,9,15,12,2808
40.5,9,15,13,2816
40.5,9,15,14,2825
40.5,9,15,15,2833
40.5,10,0,0,2588
40.5,10,0,1,2596
40.5,10,0,2,2605
40.5,10,0,3,2613
40.5,10,0,4,2621
40.5,10,0,5,2629
40.5,10,0,6,2638
40.5,10,0,7,2646
40.5,10,0,8,2654
40.5,10,0,9,2662
40.5,10,0,10,2670
40.5,10,0,11,2678
40.5,10,0,12,2686
40.5,10,0,13,2694
40.5,10,0,14,2702
40.5,10,0,15,2710
40.5,10,1,0,2597
40.5,10,1,1,2605
40.5,10,1,2,2613
40.5,10,1,3,2622
40.5,10,1,4,2630
40.5,10,1,5,2638
40.5,10,1,6,2647
40.5,10,1,7,2655
40.5,10,1,8,2663
40.5,10,1,9,2671
40.5,10,1,10,2679
40.5,10,1,11,2687
40.5,10,1,12,2695
40.5,10,1,13,2703
40.5,10,1,14,2712
40.5,10,1,15,2720
40.5,10,2,0,2605
40.5,10,2,1,2614
40.5,10,2,2,2622
40.5,10,2,3,2630
40.5,10,2,4,2639
40.5,10,2,5,2647
40.5,10,2,6,2655
40.5,10,2,7,2664
40.5,10,2,8,2672
40.5,10,2,9,2680
40.5,10,2,10,2688
40.5,10,2,11,2696
40.5,10,2,12,2704
40.5,10,2,13,2712
40.5,10,2,14,2721
40.5,10,2,15,2729
40.5,10,3,0,2614
40.5,10,3,1,2622
40.5,10,3,2,2631
40.5,10,3,3,2639
40.5,10,3,4,2648
40.5,10,3,5,2656
40.5,10,3,6,2664
40.5,10,3,7,2672
40.5,10,3,8,2681
40.5,10,3,9,2689
40.5,10,3,10,2697
40.5,10,3,11,2705
40.5,10,3,12,2713
40.5,10,3,13,2721
40.5,10,3,14,2730
40.5,10,3,15,2738
40.5,10,4,0,2623
40.5,10,4,1,2631
40.5,10,4,2,2639
40.5,10,4,3,2648
40.5,10,4,4,2656
40.5,10,4,5,2665
40.5,10,4,6,2673
40.5,10,4,7,2681
40.5,10,4,8,2689
40.5,10,4,9,2698
40.5,10,4,10,2706
40.5,10,4,11,2714
40.5,10,4,12,2722
40.5,10,4,13,2730
40.5,10,4,14,2738
40.5,10,4,15,2747
40.5,10,5,0,2631
40.5,10,5,1,2640
40.5,10,5,2,2648
40.5,10,5,3,2656
40.5,10,5,4,2665
40.5,10,5,5,2673
40.5,10,5,6,2682
40.5,10,5,7,2690
40.5,10,5,8,2698
40.5,10,5,9,2706
40.5,10,5,10,2715
40.5,10,5,11,2723
40.5,10,5,12,2731
40.5,10,5,13,2739
40.5,10,5,14,2747
40.5,10,5,15,2756
40.5,10,6,0,2640
40.5,10,6,1,2648
40.5,10,6,2,2657
40.5,10,6,3,2665
40.5,10,6,4,2674
40.5,10,6,5,2682
40.5,10,6,6,2690
40.5,10,6,7,2699
40.5,10,6,8,2707
40.5,10,6,9,2715
40.5,10,6,10,2724
40.5,10,6,11,2732
40.5,10,6,12,2740
40.5,10,6,13,2748
40.5,10,6,14,2756
40.5,10,6,15,2764
40.5,10,7,0,2648
40.5,10,7,1,2657
40.5,10,7,2,2665
40.5,10,7,3,2674
40.5,10,7,4,2682
40.5,10,7,5,2691
40.5,10,7,6,2699
40.5,10,7,7,2707
40.5,10,7,8,2716
40.5,10,7,9,2724
40.5,10,7,10,2732
40.5,10,7,11,2741
40.5,10,7,12,2749
40.5,10,7,13,2757
40.5,10,7,14,2765
40.5,10,7,15,2773
40.5,10,8,0,2657
40.5,10,8,1,2665
40.5,10,8,2,2674
40.5,10,8,3,2682
40.5,10,8,4,2691
40.5,10,8,5,2699
40.5,10,8,6,2708
40.5,10,8,7,2716
40.5,10,8,8,2724
40.5,10,8,9,2733
40.5,10,8,10,2741
40.5,10,8,11,2749
40.5,10,8,12,2758
40.5,10,8,13,2766
40.5,10,8,14,2774
40.5,10,8,15,2782
40.5,10,9,0,2665
40.5,10,9,1,2674
40.5,10,9,2,2682
40.5,10,9,3,2691
40.5,10,9,4,2699
40.5,10,9,5,2708
40.5,10,9,6,2716
40.5,10,9,7,2725
40.5,10,9,8,2733
40.5,10,9,9,2741
40.5,10,9,10,2750
40.5,10,9,11,2758
40.5,10,9,12,2766
40.5,10,9,13,2775
40.5,10,9,14,2783
40.5,10,9,15,2791
40.5,10,10,0,2674
40.5,10,10,1,2682
40.5,10,10,2,2691
40.5,10,10,3,2699
40.5,10,10,4,2708
40.5,10,10,5,2716
40.5,10,10,6,2725
40.5,10,10,7,2733
40.5,10,10,8,2742
40.5,10,10,9,2750
40.5,10,10,10,2758
40.5,10,10,11,2767
40.5,10,10,12,2775
40.5,10,10,13,2783
40.5,10,10,14,2792
40.5,10,10,15,2800
40.5,10,11,0,2682
40.5,10,11,1,2691
40.5,10,11,2,2699
40.5,10,11,3,2708
40.5,10,11,4,2716
40.5,10,11,5,2725
40.5,10,11,6,2733
40.5,10,11,7,2742
40.5,10,11,8,2750
40.5,10,11,9,2759
40.5,10,11,10,2767
40.5,10,11,11,2775
40.5,10,11,12,2784
40.5,10,11,13,2792
40.5,10,11,14,2800
40.5,10,11,15,2809
40.5,10,12,0,2690
40.5,10,12,1,2699
40.5,10,12,2,2708
40.5,10,12,3,2716
40.5,10,12,4,2725
40.5,10,12,5,2733
40.5,10,12,6,2742
40.5,10,12,7,2750
40.5,10,12,8,2759
40.5,10,12,9,2767
40.5,10,12,10,2776
40.5,10,12,11,2784
40.5,10,12,12,2793
40.5,10,12,13,2801
40.5,10,12,14,2809
40.5,10,12,15,2817
40.5,10,13,0,2699
40.5,10,13,1,2707
40.5,10,13,2,2716
40.5,10,13,3,2725
40.5,10,13,4,2733
40.5,10,13,5,2742
40.5,10,13,6,2750
40.5,10,13,7,2759
40.5,10,13,8,2767
40.5,10,13,9,2776
40.5,10,13,10,2784
40.5,10,13,11,2793
40.5,10,13,12,2801
40.5,10,13,13,2810
40.5,10,13,14,2818
40.5,10,13,15,2826
40.5,10,14,0,2707
40.5,10,14,1,2716
40.5,10,14,2,2724
40.5,10,14,3,2733
40.5,10,14,4,2742
40.5,10,14,5,2750
40.5,10,14,6,2759
40.5,10,14,7,2767
40.5,10,14,8,2776
40.5,10,14,9,2784
40.5,10,14,10,2793
40.5,10,14,11,2801
40.5,10,14,12,2810
40.5,10,14,13,2818
40.5,10,14,14,2827
40.5,10,14,15,2835
40.5,10,15,0,2715
40.5,10,15,1,2724
40.5,10,15,2,2733
40.5,10,15,3,2741
40.5,10,15,4,2750
40.5,10,15,5,2759
40.5,10,15,6,2767
40.5,10,15,7,2776
40.5,10,15,8,2784
40.5,10,15,9,2793
40.5,10,15,10,2801
40.5,10,15,11,2810
40.5,10,15,12,2818
40.5,10,15,13,2827
40.5,10,15,14,2835
40.5,10,15,15,2844
40.5,11,0,0,2598
40.5,11,0,1,2606
40.5,11,0,2,2614
40.5,11,0,3,2623
40.5,11,0,4,2631
40.5,11,0,5,2639
40.5,11,0,6,2647
40.5,11,0,7,2656
40.5,11,0,8,2664
40.5,11,0,9,2672
40.5,11,0,10,2680
40.5,11,0,11,2688
40.5,11,0,12,2696
40.5,11,0,13,2704
40.5,11,0,14,2712
40.5,11,0,15,2720
40.5,11,1,0,2606
40.5,11,1,1,2615
40.5,11,1,2,2623
40.5,11,1,3,2631
40.5,11,1,4,2640
40.5,11,1,5,2648
40.5,11,1,6,2656
40.5,11,1,7,2665
40.5,11,1,8,2673
40.5,11,1,9,2681
40.5,11,1,10,2689
40.5,11,1,11,2697
40.5,11,1,12,2705
40.5,11,1,13,2713
40.5,11,1,14,2722
40.5,11,1,15,2730
40.5,11,2,0,2615
40.5,11,2,1,2623
40.5,11,2,2,2632
40.5,11,2,3,2640
40.5,11,2,4,2649
40.5,11,2,5,2657
40.5,11,2,6,2665
40.5,11,2,7,2673
40.5,11,2,8,2682
40.5,11,2,9,2690
40.5,11,2,10,2698
40.5,11,2,11,2706
40.5,11,2,12,2714
40.5,11,2,13,2722
40.5,11,2,14,2731
40.5,11,2,15,2739
40.5,11,3,0,2624
40.5,11,3,1,2632
40.5,11,3,2,2641
40.5,11,3,3,2649
40.5,11,3,4,2657
40.5,11,3,5,2666
40.5,11,3,6,2674
40.5,11,3,7,2682
40.5,11,3,8,2691
40.5,11,3,9,2699
40.5,11,3,10,2707
40.5,11,3,11,2715
40.5,11,3,12,2723
40.5,11,3,13,2731
40.5,11,3,14,2740
40.5,11,3,15,2748
40.5,11,4,0,2632
40.5,11,4,1,2641
40.5,11,4,2,2649
40.5,11,4,3,2658
40.5,11,4,4,2666
40.5,11,4,5,2674
40.5,11,4,6,2683
40.5,11,4,7,2691
40.5,11,4,8,2699
40.5,11,4,9,2708
40.5,11,4,10,2716
40.5,11,4,11,2724
40.5,11,4,12,2732
40.5,11,4,13,2740
40.5,11,4,14,2749
40.5,11,4,15,2757
40.5,11,5,0,2641
40.5,11,5,1,2649
40.5,11,5,2,2658
40.5,11,5,3,2666
40.5,11,5,4,2675
40.5,11,5,5,2683
40.5,11,5,6,2691
40.5,11,5,7,2700
40.5,11,5,8,2708
40.5,11,5,9,2716
40.5,11,5,10,2725
40.5,11,5,11,2733
40.5,11,5,12,2741
40.5,11,5,13,2749
40.5,11,5,14,2758
40.5,11,5,15,2766
40.5,11,6,0,2649
40.5,11,6,1,2658
40.5,11,6,2,2666
40.5,11,6,3,2675
40.5,11,6,4,2683
40.5,11,6,5,2692
40.5,11,6,6,2700
40.5,11,6,7,2709
40.5,11,6,8,2717
40.5,11,6,9,2725
40.5,11,6,10,2734
40.5,11,6,11,2742
40.5,11,6,12,2750
40.5,11,6,13,2758
40.5,11,6,14,2767
40.5,11,6,15,2775
40.5,11,7,0,2658
40.5,11,7,1,2667
40.5,11,7,2,2675
40.5,11,7,3,2684
40.5,11,7,4,2692
40.5,11,7,5,2700
40.5,11,7,6,2709
40.5,11,7,7,2717
40.5,11,7,8,2726
40.5,11,7,9,2734
40.5,11,7,10,2742
40.5,11,7,11,2751
40.5,11,7,12,2759
40.5,11,7,13,2767
40.5,11,7,14,2775
40.5,11,7,15,2784
40.5,11,8,0,2666
40.5,11,8,1,2675
40.5,11,8,2,2684
40.5,11,8,3,2692
40.5,11,8,4,2701
40.5,11,8,5,2709
40.5,11,8,6,2718
40.5,11,8,7,2726
40.5,11,8,8,2734
40.5,11,8,9,2743
40.5,11,8,10,2751
40.5,11,8,11,2759
40.5,11,8,12,2768
40.5,11,8,13,2776
40.5,11,8,14,2784
40.5,11,8,15,2793
40.5,11,9,0,2675
40.5,11,9,1,2684
40.5,11,9,2,2692
40.5,11,9,3,2701
40.5,11,9,4,2709
40.5,11,9,5,2718
40.5,11,9,6,2726
40.5,11,9,7,2735
40.5,11,9,8,2743
40.5,11,9,9,2752
40.5,11,9,10,2760
40.5,11,9,11,2768
40.5,11,9,12,2777
40.5,11,9,13,2785
40.5,11,9,14,2793
40.5,11,9,15,2801
40.5,11,10,0,2683
40.5,11,10,1,2692
40.5,11,10,2,2701
40.5,11,10,3,2709
40.5,11,10,4,2718
40.5,11,10,5,2726
40.5,11,10,6,2735
40.5,11,10,7,2743
40.5,11,10,8,2752
40.5,11,10,9,2760
40.5,11,10,10,2769
40.5,11,10,11,2777
40.5,11,10,12,2785
40.5,11,10,13,2794
40.5,11,10,14,2802
40.5,11,10,15,2810
40.5,11,11,0,2692
40.5,11,11,1,2700
40.5,11,11,2,2709
40.5,11,11,3,2718
40.5,11,11,4,2726
40.5,11,11,5,2735
40.5,11,11,6,2743
40.5,11,11,7,2752
40.5,11,11,8,2760
40.5,11,11,9,2769
40.5,11,11,10,2777
40.5,11,11,11,2786
40.5,11,11,12,2794
40.5,11,11,13,2802
40.5,11,11,14,2811
40.5,11,11,15,2819
40.5,11,12,0,2700
40.5,11,12,1,2709
40.5,11,12,2,2718
40.5,11,12,3,2726
40.5,11,12,4,2735
40.5,11,12,5,2743
40.5,11,12,6,2752
40.5,11,12,7,2761
40.5,11,12,8,2769
40.5,11,12,9,2778
40.5,11,12,10,2786
40.5,11,12,11,2794
40.5,11,12,12,2803
40.5,11,12,13,2811
40.5,11,12,14,2820
40.5,11,12,15,2828
40.5,11,13,0,2709
40.5,11,13,1,2717
40.5,11,13,2,2726
40.5,11,13,3,2735
40.5,11,13,4,2743
40.5,11,13,5,2752
40.5,11,13,6,2761
40.5,11,13,7,2769
40.5,11,13,8,2778
40.5,11,13,9,2786
40.5,11,13,10,2795
40.5,11,13,11,2803
40.5,11,13,12,2812
40.5,11,13,13,2820
40.5,11,13,14,2828
40.5,11,13,15,2837
40.5,11,14,0,2717
40.5,11,14,1,2726
40.5,11,14,2,2734
40.5,11,14,3,2743
40.5,11,14,4,2752
40.5,11,14,5,2760
40.5,11,14,6,2769
40.5,11,14,7,2778
40.5,11,14,8,2786
40.5,11,14,9,2795
40.5,11,14,10,2803
40.5,11,14,11,2812
40.5,11,14,12,2820
40.5,11,14,13,2829
40.5,11,14,14,2837
40.5,11,14,15,2845
40.5,11,15,0,2725
40.5,11,15,1,2734
40.5,11,15,2,2743
40.5,11,15,3,2752
40.5,11,15,4,2760
40.5,11,15,5,2769
40.5,11,15,6,2778
40.5,11,15,7,2786
40.5,11,15,8,2795
40.5,11,15,9,2803
40.5,11,15,10,2812
40.5,11,15,11,2820
40.5,11,15,12,2829
40.5,11,15,13,2837
40.5,11,15,14,2846
40.5,11,15,15,2854
40.5,12,0,0,2607
40.5,12,0,1,2616
40.5,12,0,2,2624
40.5,12,0,3,2632
40.5,12,0,4,2641
40.5,12,0,5,2649
40.5,12,0,6,2657
40.5,12,0,7,2665
40.5,12,0,8,2674
40.5,12,0,9,2682
40.5,12,0,10,2690
40.5,12,0,11,2698
40.5,12,0,12,2706
40.5,12,0,13,2714
40.5,12,0,14,2722
40.5,12,0,15,2730
40.5,12,1,0,2616
40.5,12,1,1,2624
40.5,12,1,2,2633
40.5,12,1,3,2641
40.5,12,1,4,2649
40.5,12,1,5,2658
40.5,12,1,6,2666
40.5,12,1,7,2674
40.5,12,1,8,2683
40.5,12,1,9,2691
40.5,12,1,10,2699
40.5,12,1,11,2707
40.5,12,1,12,2715
40.5,12,1,13,2723
40.5,12,1,14,2732
40.5,12,1,15,2740
40.5,12,2,0,2625
40.5,12,2,1,2633
40.5,12,2,2,2641
40.5,12,2,3,2650
40.5,12,2,4,2658
40.5,12,2,5,2667
40.5,12,2,6,2675
40.5,12,2,7,2683
40.5,12,2,8,2692
40.5,12,2,9,2700
40.5,12,2,10,2708
40.5,12,2,11,2716
40.5,12,2,12,2724
40.5,12,2,13,2732
40.5,12,2,14,2741
40.5,12,2,15,2749
40.5,12,3,0,2633
40.5,12,3,1,2642
40.5,12,3,2,2650
40.5,12,3,3,2659
40.5,12,3,4,2667
40.5,12,3,5,2675
40.5,12,3,6,2684
40.5,12,3,7,2692
40.5,12,3,8,2700
40.5,12,3,9,2709
40.5,12,3,10,2717
40.5,12,3,11,2725
40.5,12,3,12,2733
40.5,12,3,13,2742
40.5,12,3,14,2750
40.5,12,3,15,2758
40.5,12,4,0,2642
40.5,12,4,1,2650
40.5,12,4,2,2659
40.5,12,4,3,2667
40.5,12,4,4,2676
40.5,12,4,5,2684
40.5,12,4,6,2693
40.5,12,4,7,2701
40.5,12,4,8,2709
40.5,12,4,9,2718
40.5,12,4,10,2726
40.5,12,4,11,2734
40.5,12,4,12,2742
40.5,12,4,13,2751
40.5,12,4,14,2759
40.5,12,4,15,2767
40.5,12,5,0,2651
40.5,12,5,1,2659
40.5,12,5,2,2668
40.5,12,5,3,2676
40.5,12,5,4,2685
40.5,12,5,5,2693
40.5,12,5,6,2701
40.5,12,5,7,2710
40.5,12,5,8,2718
40.5,12,5,9,2726
40.5,12,5,10,2735
40.5,12,5,11,2743
40.5,12,5,12,2751
40.5,12,5,13,2760
40.5,12,5,14,2768
40.5,12,5,15,2776
40.5,12,6,0,2659
40.5,12,6,1,2668
40.5,12,6,2,2676
40.5,12,6,3,2685
40.5,12,6,4,2693
40.5,12,6,5,2702
40.5,12,6,6,2710
40.5,12,6,7,2719
40.5,12,6,8,2727
40.5,12,6,9,2735
40.5,12,6,10,2744
40.5,12,6,11,2752
40.5,12,6,12,2760
40.5,12,6,13,2768
40.5,12,6,14,2777
40.5,12,6,15,2785
40.5,12,7,0,2668
40.5,12,7,1,2676
40.5,12,7,2,2685
40.5,12,7,3,2693
40.5,12,7,4,2702
40.5,12,7,5,2710
40.5,12,7,6,2719
40.5,12,7,7,2727
40.5,12,7,8,2736
40.5,12,7,9,2744
40.5,12,7,10,2752
40.5,12,7,11,2761
40.5,12,7,12,2769
40.5,12,7,13,2777
40.5,12,7,14,2786
40.5,12,7,15,2794
40.5,12,8,0,2676
40.5,12,8,1,2685
40.5,12,8,2,2693
40.5,12,8,3,2702
40.5,12,8,4,2711
40.5,12,8,5,2719
40.5,12,8,6,2728
40.5,12,8,7,2736
40.5,12,8,8,2744
40.5,12,8,9,2753
40.5,12,8,10,2761
40.5,12,8,11,2770
40.5,12,8,12,2778
40.5,12,8,13,2786
40.5,12,8,14,2795
40.5,12,8,15,2803
40.5,12,9,0,2685
40.5,12,9,1,2693
40.5,12,9,2,2702
40.5,12,9,3,2711
40.5,12,9,4,2719
40.5,12,9,5,2728
40.5,12,9,6,2736
40.5,12,9,7,2745
40.5,12,9,8,2753
40.5,12,9,9,2762
40.5,12,9,10,2770
40.5,12,9,11,2778
40.5,12,9,12,2787
40.5,12,9,13,2795
40.5,12,9,14,2803
40.5,12,9,15,2812
40.5,12,10,0,2693
40.5,12,10,1,2702
40.5,12,10,2,2711
40.5,12,10,3,2719
40.5,12,10,4,2728
40.5,12,10,5,2736
40.5,12,10,6,2745
40.5,12,10,7,2753
40.5,12,10,8,2762
40.5,12,10,9,2770
40.5,12,10,10,2779
40.5,12,10,11,2787
40.5,12,10,12,2796
40.5,12,10,13,2804
40.5,12,10,14,2812
40.5,12,10,15,2821
40.5,12,11,0,2702
40.5,12,11,1,2710
40.5,12,11,2,2719
40.5,12,11,3,2728
40.5,12,11,4,2736
40.5,12,11,5,2745
40.5,12,11,6,2754
40.5,12,11,7,2762
40.5,12,11,8,2771
40.5,12,11,9,2779
40.5,12,11,10,2788
40.5,12,11,11,2796
40.5,12,11,12,2804
40.5,12,11,13,2813
40.5,12,11,14,2821
40.5,12,11,15,2829
40.5,12,12,0,2710
40.5,12,12,1,2719
40.5,12,12,2,2728
40.5,12,12,3,2736
40.5,12,12,4,2745
40.5,12,12,5,2754
40.5,12,12,6,2762
40.5,12,12,7,2771
40.5,12,12,8,2779
40.5,12,12,9,2788
40.5,12,12,10,2796
40.5,12,12,11,2805
40.5,12,12,12,2813
40.5,12,12,13,2822
40.5,12,12,14,2830
40.5,12,12,15,2838
40.5,12,13,0,2719
40.5,12,13,1,2727
40.5,12,13,2,2736
40.5,12,13,3,2745
40.5,12,13,4,2753
40.5,12,13,5,2762
40.5,12,13,6,2771
40.5,12,13,7,2779
40.5,12,13,8,2788
40.5,12,13,9,2796
40.5,12,13,10,2805
40.5,12,13,11,2813
40.5,12,13,12,2822
40.5,12,13,13,2830
40.5,12,13,14,2839
40.5,12,13,15,2847
40.5,12,14,0,2727
40.5,12,14,1,2736
40.5,12,14,2,2744
40.5,12,14,3,2753
40.5,12,14,4,2762
40.5,12,14,5,2771
40.5,12,14,6,2779
40.5,12,14,7,2788
40.5,12,14,8,2796
40.5,12,14,9,2805
40.5,12,14,10,2814
40.5,12,14,11,2822
40.5,12,14,12,2831
40.5,12,14,13,2839
40.5,12,14,14,2847
40.5,12,14,15,2856
40.5,12,15,0,2735
40.5,12,15,1,2744
40.5,12,15,2,2753
40.5,12,15,3,2762
40.5,12,15,4,2770
40.5,12,15,5,2779
40.5,12,15,6,2788
40.5,12,15,7,2796
40.5,12,15,8,2805
40.5,12,15,9,2814
40.5,12,15,10,2822
40.5,12,15,11,2831
40.5,12,15,12,2839
40.5,12,15,13,2848
40.5,12,15,14,2856
40.5,12,15,15,2865
40.5,13,0,0,2617
40.5,13,0,1,2625
40.5,13,0,2,2634
40.5,13,0,3,2642
40.5,13,0,4,2650
40.5,13,0,5,2659
40.5,13,0,6,2667
40.5,13,0,7,2675
40.5,13,0,8,2683
40.5,13,0,9,2692
40.5,13,0,10,2700
40.5,13,0,11,2708
40.5,13,0,12,2716
40.5,13,0,13,2724
40.5,13,0,14,2732
40.5,13,0,15,2740
40.5,13,1,0,2625
40.5,13,1,1,2634
40.5,13,1,2,2642
40.5,13,1,3,2651
40.5,13,1,4,2659
40.5,13,1,5,2668
40.5,13,1,6,2676
40.5,13,1,7,2684
40.5,13,1,8,2692
40.5,13,1,9,2701
40.5,13,1,10,2709
40.5,13,1,11,2717
40.5,13,1,12,2725
40.5,13,1,13,2733
40.5,13,1,14,2742
40.5,13,1,15,2750
40.5,13,2,0,2634
40.5,13,2,1,2643
40.5,13,2,2,2651
40.5,13,2,3,2660
40.5,13,2,4,2668
40.5,13,2,5,2676
40.5,13,2,6,2685
40.5,13,2,7,2693
40.5,13,2,8,2701
40.5,13,2,9,2710
40.5,13,2,10,2718
40.5,13,2,11,2726
40.5,13,2,12,2734
40.5,13,2,13,2742
40.5,13,2,14,2751
40.5,13,2,15,2759
40.5,13,3,0,2643
40.5,13,3,1,2651
40.5,13,3,2,2660
40.5,13,3,3,2668
40.5,13,3,4,2677
40.5,13,3,5,2685
40.5,13,3,6,2694
40.5,13,3,7,2702
40.5,13,3,8,2710
40.5,13,3,9,2719
40.5,13,3,10,2727
40.5,13,3,11,2735
40.5,13,3,12,2743
40.5,13,3,13,2752
40.5,13,3,14,2760
40.5,13,3,15,2768
40.5,13,4,0,2652
40.5,13,4,1,2660
40.5,13,4,2,2669
40.5,13,4,3,2677
40.5,13,4,4,2686
40.5,13,4,5,2694
40.5,13,4,6,2702
40.5,13,4,7,2711
40.5,13,4,8,2719
40.5,13,4,9,2728
40.5,13,4,10,2736
40.5,13,4,11,2744
40.5,13,4,12,2752
40.5,13,4,13,2761
40.5,13,4,14,2769
40.5,13,4,15,2777
40.5,13,5,0,2660
40.5,13,5,1,2669
40.5,13,5,2,2677
40.5,13,5,3,2686
40.5,13,5,4,2694
40.5,13,5,5,2703
40.5,13,5,6,2711
40.5,13,5,7,2720
40.5,13,5,8,2728
40.5,13,5,9,2736
40.5,13,5,10,2745
40.5,13,5,11,2753
40.5,13,5,12,2761
40.5,13,5,13,2770
40.5,13,5,14,2778
40.5,13,5,15,2786
40.5,13,6,0,2669
40.5,13,6,1,2677
40.5,13,6,2,2686
40.5,13,6,3,2695
40.5,13,6,4,2703
40.5,13,6,5,2712
40.5,13,6,6,2720
40.5,13,6,7,2729
40.5,13,6,8,2737
40.5,13,6,9,2745
40.5,13,6,10,2754
40.5,13,6,11,2762
40.5,13,6,12,2770
40.5,13,6,13,2779
40.5,13,6,14,2787
40.5,13,6,15,2795
40.5,13,7,0,2677
40.5,13,7,1,2686
40.5,13,7,2,2695
40.5,13,7,3,2703
40.5,13,7,4,2712
40.5,13,7,5,2720
40.5,13,7,6,2729
40.5,13,7,7,2737
40.5,13,7,8,2746
40.5,13,7,9,2754
40.5,13,7,10,2763
40.5,13,7,11,2771
40.5,13,7,12,2779
40.5,13,7,13,2788
40.5,13,7,14,2796
40.5,13,7,15,2804
40.5,13,8,0,2686
40.5,13,8,1,2695
40.5,13,8,2,2703
40.5,13,8,3,2712
40.5,13,8,4,2721
40.5,13,8,5,2729
40.5,13,8,6,2738
40.5,13,8,7,2746
40.5,13,8,8,2755
40.5,13,8,9,2763
40.5,13,8,10,2771
40.5,13,8,11,2780
40.5,13,8,12,2788
40.5,13,8,13,2796
40.5,13,8,14,2805
40.5,13,8,15,2813
40.5,13,9,0,2695
40.5,13,9,1,2703
40.5,13,9,2,2712
40.5,13,9,3,2721
40.5,13,9,4,2729
40.5,13,9,5,2738
40.5,13,9,6,2746
40.5,13,9,7,2755
40.5,13,9,8,2763
40.5,13,9,9,2772
40.5,13,9,10,2780
40.5,13,9,11,2789
40.5,13,9,12,2797
40.5,13,9,13,2805
40.5,13,9,14,2814
40.5,13,9,15,2822
40.5,13,10,0,2703
40.5,13,10,1,2712
40.5,13,10,2,2721
40.5,13,10,3,2729
40.5,13,10,4,2738
40.5,13,10,5,2746
40.5,13,10,6,2755
40.5,13,10,7,2764
40.5,13,10,8,2772
40.5,13,10,9,2781
40.5,13,10,10,2789
40.5,13,10,11,2797
40.5,13,10,12,2806
40.5,13,10,13,2814
40.5,13,10,14,2823
40.5,13,10,15,2831
40.5,13,11,0,2712
40.5,13,11,1,2720
40.5,13,11,2,2729
40.5,13,11,3,2738
40.5,13,11,4,2746
40.5,13,11,5,2755
40.5,13,11,6,2764
40.5,13,11,7,2772
40.5,13,11,8,2781
40.5,13,11,9,2789
40.5,13,11,10,2798
40.5,13,11,11,2806
40.5,13,11,12,2815
40.5,13,11,13,2823
40.5,13,11,14,2831
40.5,13,11,15,2840
40.5,13,12,0,2720
40.5,13,12,1,2729
40.5,13,12,2,2738
40.5,13,12,3,2746
40.5,13,12,4,2755
40.5,13,12,5,2764
40.5,13,12,6,2772
40.5,13,12,7,2781
40.5,13,12,8,2789
40.5,13,12,9,2798
40.5,13,12,10,2806
40.5,13,12,11,2815
40.5,13,12,12,2823
40.5,13,12,13,2832
40.5,13,12,14,2840
40.5,13,12,15,2849
40.5,13,13,0,2729
40.5,13,13,1,2737
40.5,13,13,2,2746
40.5,13,13,3,2755
40.5,13,13,4,2764
40.5,13,13,5,2772
40.5,13,13,6,2781
40.5,13,13,7,2789
40.5,13,13,8,2798
40.5,13,13,9,2807
40.5,13,13,10,2815
40.5,13,13,11,2824
40.5,13,13,12,2832
40.5,13,13,13,2841
40.5,13,13,14,2849
40.5,13,13,15,2858
40.5,13,14,0,2737
40.5,13,14,1,2746
40.5,13,14,2,2755
40.5,13,14,3,2763
40.5,13,14,4,2772
40.5,13,14,5,2781
40.5,13,14,6,2789
40.5,13,14,7,2798
40.5,13,14,8,2807
40.5,13,14,9,2815
40.5,13,14,10,2824
40.5,13,14,11,2832
40.5,13,14,12,2841
40.5,13,14,13,2849
40.5,13,14,14,2858
40.5,13,14,15,2866
40.5,13,15,0,2745
40.5,13,15,1,2754
40.5,13,15,2,2763
40.5,13,15,3,2772
40.5,13,15,4,2781
40.5,13,15,5,2789
40.5,13,15,6,2798
40.5,13,15,7,2807
40.5,13,15,8,2815
40.5,13,15,9,2824
40.5,13,15,10,2832
40.5,13,15,11,2841
40.5,13,15,12,2850
40.5,13,15,13,2858
40.5,13,15,14,2867
40.5,13,15,15,2875
40.5,14,0,0,2626
40.5,14,0,1,2635
40.5,14,0,2,2643
40.5,14,0,3,2652
40.5,14,0,4,2660
40.5,14,0,5,2668
40.5,14,0,6,2677
40.5,14,0,7,2685
40.5,14,0,8,2693
40.5,14,0,9,2701
40.5,14,0,10,2710
40.5,14,0,11,2718
40.5,14,0,12,2726
40.5,14,0,13,2734
40.5,14,0,14,2742
40.5,14,0,15,2750
40.5,14,1,0,2635
40.5,14,1,1,2644
40.5,14,1,2,2652
40.5,14,1,3,2660
40.5,14,1,4,2669
40.5,14,1,5,2677
40.5,14,1,6,2686
40.5,14,1,7,2694
40.5,14,1,8,2702
40.5,14,1,9,2711
40.5,14,1,10,2719
40.5,14,1,11,2727
40.5,14,1,12,2735
40.5,14,1,13,2743
40.5,14,1,14,2752
40.5,14,1,15,2760
40.5,14,2,0,2644
40.5,14,2,1,2652
40.5,14,2,2,2661
40.5,14,2,3,2669
40.5,14,2,4,2678
40.5,14,2,5,2686
40.5,14,2,6,2695
40.5,14,2,7,2703
40.5,14,2,8,2711
40.5,14,2,9,2720
40.5,14,2,10,2728
40.5,14,2,11,2736
40.5,14,2,12,2744
40.5,14,2,13,2753
40.5,14,2,14,2761
40.5,14,2,15,2769
40.5,14,3,0,2653
40.5,14,3,1,2661
40.5,14,3,2,2670
40.5,14,3,3,2678
40.5,14,3,4,2687
40.5,14,3,5,2695
40.5,14,3,6,2703
40.5,14,3,7,2712
40.5,14,3,8,2720
40.5,14,3,9,2729
40.5,14,3,10,2737
40.5,14,3,11,2745
40.5,14,3,12,2753
40.5,14,3,13,2762
40.5,14,3,14,2770
40.5,14,3,15,2778
40.5,14,4,0,2661
40.5,14,4,1,2670
40.5,14,4,2,2678
40.5,14,4,3,2687
40.5,14,4,4,2695
40.5,14,4,5,2704
40.5,14,4,6,2712
40.5,14,4,7,2721
40.5,14,4,8,2729
40.5,14,4,9,2737
40.5,14,4,10,2746
40.5,14,4,11,2754
40.5,14,4,12,2762
40.5,14,4,13,2771
40.5,14,4,14,2779
40.5,14,4,15,2787
40.5,14,5,0,2670
40.5,14,5,1,2679
40.5,14,5,2,2687
40.5,14,5,3,2696
40.5,14,5,4,2704
40.5,14,5,5,2713
40.5,14,5,6,2721
40.5,14,5,7,2730
40.5,14,5,8,2738
40.5,14,5,9,2746
40.5,14,5,10,2755
40.5,14,5,11,2763
40.5,14,5,12,2771
40.5,14,5,13,2780
40.5,14,5,14,2788
40.5,14,5,15,2796
40.5,14,6,0,2679
40.5,14,6,1,2687
40.5,14,6,2,2696
40.5,14,6,3,2704
40.5,14,6,4,2713
40.5,14,6,5,2722
40.5,14,6,6,2730
40.5,14,6,7,2738
40.5,14,6,8,2747
40.5,14,6,9,2755
40.5,14,6,10,2764
40.5,14,6,11,2772
40.5,14,6,12,2780
40.5,14,6,13,2789
40.5,14,6,14,2797
40.5,14,6,15,2805
40.5,14,7,0,2687
40.5,14,7,1,2696
40.5,14,7,2,2705
40.5,14,7,3,2713
40.5,14,7,4,2722
40.5,14,7,5,2730
40.5,14,7,6,2739
40.5,14,7,7,2747
40.5,14,7,8,2756
40.5,14,7,9,2764
40.5,14,7,10,2773
40.5,14,7,11,2781
40.5,14,7,12,2789
40.5,14,7,13,2798
40.5,14,7,14,2806
40.5,14,7,15,2814
40.5,14,8,0,2696
40.5,14,8,1,2705
40.5,14,8,2,2713
40.5,14,8,3,2722
40.5,14,8,4,2730
40.5,14,8,5,2739
40.5,14,8,6,2748
40.5,14,8,7,2756
40.5,14,8,8,2765
40.5,14,8,9,2773
40.5,14,8,10,2781
40.5,14,8,11,2790
40.5,14,8,12,2798
40.5,14,8,13,2807
40.5,14,8,14,2815
40.5,14,8,15,2823
40.5,14,9,0,2704
40.5,14,9,1,2713
40.5,14,9,2,2722
40.5,14,9,3,2730
40.5,14,9,4,2739
40.5,14,9,5,2748
40.5,14,9,6,2756
40.5,14,9,7,2765
40.5,14,9,8,2773
40.5,14,9,9,2782
40.5,14,9,10,2790
40.5,14,9,11,2799
40.5,14,9,12,2807
40.5,14,9,13,2816
40.5,14,9,14,2824
40.5,14,9,15,2832
40.5,14,10,0,2713
40.5,14,10,1,2722
40.5,14,10,2,2730
40.5,14,10,3,2739
40.5,14,10,4,2748
40.5,14,10,5,2756
40.5,14,10,6,2765
40.5,14,10,7,2774
40.5,14,10,8,2782
40.5,14,10,9,2791
40.5,14,10,10,2799
40.5,14,10,11,2808
40.5,14,10,12,2816
40.5,14,10,13,2824
40.5,14,10,14,2833
40.5,14,10,15,2841
40.5,14,11,0,2722
40.5,14,11,1,2730
40.5,14,11,2,2739
40.5,14,11,3,2748
40.5,14,11,4,2756
40.5,14,11,5,2765
40.5,14,11,6,2774
40.5,14,11,7,2782
40.5,14,11,8,2791
40.5,14,11,9,2799
40.5,14,11,10,2808
40.5,14,11,11,2816
40.5,14,11,12,2825
40.5,14,11,13,2833
40.5,14,11,14,2842
40.5,14,11,15,2850
40.5,14,12,0,2730
40.5,14,12,1,2739
40.5,14,12,2,2748
40.5,14,12,3,2756
40.5,14,12,4,2765
40.5,14,12,5,2774
40.5,14,12,6,2782
40.5,14,12,7,2791
40.5,14,12,8,2800
40.5,14,12,9,2808
40.5,14,12,10,2817
40.5,14,12,11,2825
40.5,14,12,12,2834
40.5,14,12,13,2842
40.5,14,12,14,2851
40.5,14,12,15,2859
40.5,14,13,0,2738
40.5,14,13,1,2747
40.5,14,13,2,2756
40.5,14,13,3,2765
40.5,14,13,4,2774
40.5,14,13,5,2782
40.5,14,13,6,2791
40.5,14,13,7,2800
40.5,14,13,8,2808
40.5,14,13,9,2817
40.5,14,13,10,2825
40.5,14,13,11,2834
40.5,14,13,12,2843
40.5,14,13,13,2851
40.5,14,13,14,2859
40.5,14,13,15,2868
40.5,14,14,0,2747
40.5,14,14,1,2756
40.5,14,14,2,2765
40.5,14,14,3,2773
40.5,14,14,4,2782
40.5,14,14,5,2791
40.5,14,14,6,2800
40.5,14,14,7,2808
40.5,14,14,8,2817
40.5,14,14,9,2826
40.5,14,14,10,2834
40.5,14,14,11,2843
40.5,14,14,12,2851
40.5,14,14,13,2860
40.5,14,14,14,2868
40.5,14,14,15,2877
40.5,14,15,0,2755
40.5,14,15,1,2764
40.5,14,15,2,2773
40.5,14,15,3,2782
40.5,14,15,4,2791
40.5,14,15,5,2799
40.5,14,15,6,2808
40.5,14,15,7,2817
40.5,14,15,8,2826
40.5,14,15,9,2834
40.5,14,15,10,2843
40.5,14,15,11,2851
40.5,14,15,12,2860
40.5,14,15,13,2869
40.5,14,15,14,2877
40.5,14,15,15,2886
40.5,15,0,0,2636
40.5,15,0,1,2644
40.5,15,0,2,2653
40.5,15,0,3,2661
40.5,15,0,4,2670
40.5,15,0,5,2678
40.5,15,0,6,2686
40.5,15,0,7,2695
40.5,15,0,8,2703
40.5,15,0,9,2711
40.5,15,0,10,2720
40.5,15,0,11,2728
40.5,15,0,12,2736
40.5,15,0,13,2744
40.5,15,0,14,2752
40.5,15,0,15,2760
40.5,15,1,0,2645
40.5,15,1,1,2653
40.5,15,1,2,2662
40.5,15,1,3,2670
40.5,15,1,4,2679
40.5,15,1,5,2687
40.5,15,1,6,2695
40.5,15,1,7,2704
40.5,15,1,8,2712
40.5,15,1,9,2720
40.5,15,1,10,2729
40.5,15,1,11,2737
40.5,15,1,12,2745
40.5,15,1,13,2753
40.5,15,1,14,2762
40.5,15,1,15,2770
40.5,15,2,0,2653
40.5,15,2,1,2662
40.5,15,2,2,2671
40.5,15,2,3,2679
40.5,15,2,4,2687
40.5,15,2,5,2696
40.5,15,2,6,2704
40.5,15,2,7,2713
40.5,15,2,8,2721
40.5,15,2,9,2729
40.5,15,2,10,2738
40.5,15,2,11,2746
40.5,15,2,12,2754
40.5,15,2,13,2763
40.5,15,2,14,2771
40.5,15,2,15,2779
40.5,15,3,0,2662
40.5,15,3,1,2671
40.5,15,3,2,2679
40.5,15,3,3,2688
40.5,15,3,4,2696
40.5,15,3,5,2705
40.5,15,3,6,2713
40.5,15,3,7,2722
40.5,15,3,8,2730
40.5,15,3,9,2738
40.5,15,3,10,2747
40.5,15,3,11,2755
40.5,15,3,12,2763
40.5,15,3,13,2772
40.5,15,3,14,2780
40.5,15,3,15,2788
40.5,15,4,0,2671
40.5,15,4,1,2680
40.5,15,4,2,2688
40.5,15,4,3,2697
40.5,15,4,4,2705
40.5,15,4,5,2714
40.5,15,4,6,2722
40.5,15,4,7,2731
40.5,15,4,8,2739
40.5,15,4,9,2747
40.5,15,4,10,2756
40.5,15,4,11,2764
40.5,15,4,12,2772
40.5,15,4,13,2781
40.5,15,4,14,2789
40.5,15,4,15,2797
40.5,15,5,0,2680
40.5,15,5,1,2688
40.5,15,5,2,2697
40.5,15,5,3,2706
40.5,15,5,4,2714
40.5,15,5,5,2723
40.5,15,5,6,2731
40.5,15,5,7,2740
40.5,15,5,8,2748
40.5,15,5,9,2756
40.5,15,5,10,2765
40.5,15,5,11,2773
40.5,15,5,12,2782
40.5,15,5,13,2790
40.5,15,5,14,2798
40.5,15,5,15,2806
40.5,15,6,0,2688
40.5,15,6,1,2697
40.5,15,6,2,2706
40.5,15,6,3,2714
40.5,15,6,4,2723
40.5,15,6,5,2731
40.5,15,6,6,2740
40.5,15,6,7,2748
40.5,15,6,8,2757
40.5,15,6,9,2765
40.5,15,6,10,2774
40.5,15,6,11,2782
40.5,15,6,12,2791
40.5,15,6,13,2799
40.5,15,6,14,2807
40.5,15,6,15,2815
40.5,15,7,0,2697
40.5,15,7,1,2706
40.5,15,7,2,2714
40.5,15,7,3,2723
40.5,15,7,4,2732
40.5,15,7,5,2740
40.5,15,7,6,2749
40.5,15,7,7,2757
40.5,15,7,8,2766
40.5,15,7,9,2774
40.5,15,7,10,2783
40.5,15,7,11,2791
40.5,15,7,12,2800
40.5,15,7,13,2808
40.5,15,7,14,2816
40.5,15,7,15,2825
40.5,15,8,0,2706
40.5,15,8,1,2714
40.5,15,8,2,2723
40.5,15,8,3,2732
40.5,15,8,4,2740
40.5,15,8,5,2749
40.5,15,8,6,2758
40.5,15,8,7,2766
40.5,15,8,8,2775
40.5,15,8,9,2783
40.5,15,8,10,2792
40.5,15,8,11,2800
40.5,15,8,12,2808
40.5,15,8,13,2817
40.5,15,8,14,2825
40.5,15,8,15,2834
40.5,15,9,0,2714
40.5,15,9,1,2723
40.5,15,9,2,2732
40.5,15,9,3,2740
40.5,15,9,4,2749
40.5,15,9,5,2758
40.5,15,9,6,2766
40.5,15,9,7,2775
40.5,15,9,8,2783
40.5,15,9,9,2792
40.5,15,9,10,2800
40.5,15,9,11,2809
40.5,15,9,12,2817
40.5,15,9,13,2826
40.5,15,9,14,2834
40.5,15,9,15,2843
40.5,15,10,0,2723
40.5,15,10,1,2732
40.5,15,10,2,2740
40.5,15,10,3,2749
40.5,15,10,4,2758
40.5,15,10,5,2766
40.5,15,10,6,2775
40.5,15,10,7,2784
40.5,15,10,8,2792
40.5,15,10,9,2801
40.5,15,10,10,2809
40.5,15,10,11,2818
40.5,15,10,12,2826
40.5,15,10,13,2835
40.5,15,10,14,2843
40.5,15,10,15,2852
40.5,15,11,0,2731
40.5,15,11,1,2740
40.5,15,11,2,2749
40.5,15,11,3,2758
40.5,15,11,4,2766
40.5,15,11,5,2775
40.5,15,11,6,2784
40.5,15,11,7,2792
40.5,15,11,8,2801
40.5,15,11,9,2810
40.5,15,11,10,2818
40.5,15,11,11,2827
40.5,15,11,12,2835
40.5,15,11,13,2844
40.5,15,11,14,2852
40.5,15,11,15,2861
40.5,15,12,0,2740
40.5,15,12,1,2749
40.5,15,12,2,2758
40.5,15,12,3,2766
40.5,15,12,4,2775
40.5,15,12,5,2784
40.5,15,12,6,2792
40.5,15,12,7,2801
40.5,15,12,8,2810
40.5,15,12,9,2818
40.5,15,12,10,2827
40.5,15,12,11,2836
40.5,15,12,12,2844
40.5,15,12,13,2853
40.5,15,12,14,2861
40.5,15,12,15,2869
40.5,15,13,0,2748
40.5,15,13,1,2757
40.5,15,13,2,2766
40.5,15,13,3,2775
40.5,15,13,4,2784
40.5,15,13,5,2792
40.5,15,13,6,2801
40.5,15,13,7,2810
40.5,15,13,8,2818
40.5,15,13,9,2827
40.5,15,13,10,2836
40.5,15,13,11,2844
40.5,15,13,12,2853
40.5,15,13,13,2861
40.5,15,13,14,2870
40.5,15,13,15,2878
40.5,15,14,0,2757
40.5,15,14,1,2766
40.5,15,14,2,2775
40.5,15,14,3,2783
40.5,15,14,4,2792
40.5,15,14,5,2801
40.5,15,14,6,2810
40.5,15,14,7,2818
40.5,15,14,8,2827
40.5,15,14,9,2836
40.5,15,14,10,2844
40.5,15,14,11,2853
40.5,15,14,12,2862
40.5,15,14,13,2870
40.5,15,14,14,2879
40.5,15,14,15,2887
40.5,15,15,0,2765
40.5,15,15,1,2774
40.5,15,15,2,2783
40.5,15,15,3,2792
40.5,15,15,4,2801
40.5,15,15,5,2810
40.5,15,15,6,2818
40.5,15,15,7,2827
40.5,15,15,8,2836
40.5,15,15,9,2845
40.5,15,15,10,2853
40.5,15,15,11,2862
40.5,15,15,12,2870
40.5,15,15,13,2879
40.5,15,15,14,2888
40.5,15,15,15,2896
41.0,0,0,0,2508
41.0,0,0,1,2516
41.0,0,0,2,2524
41.0,0,0,3,2532
41.0,0,0,4,2540
41.0,0,0,5,2548
41.0,0,0,6,2556
41.0,0,0,7,2564
41.0,0,0,8,2572
41.0,0,0,9,2580
41.0,0,0,10,2588
41.0,0,0,11,2596
41.0,0,0,12,2604
41.0,0,0,13,2611
41.0,0,0,14,2619
41.0,0,0,15,2627
41.0,0,1,0,2517
41.0,0,1,1,2525
41.0,0,1,2,2533
41.0,0,1,3,2541
41.0,0,1,4,2549
41.0,0,1,5,2557
41.0,0,1,6,2565
41.0,0,1,7,2573
41.0,0,1,8,2581
41.0,0,1,9,2589
41.0,0,1,10,2597
41.0,0,1,11,2604
41.0,0,1,12,2612
41.0,0,1,13,2620
41.0,0,1,14,2628
41.0,0,1,15,2636
41.0,0,2,0,2525
41.0,0,2,1,2533
41.0,0,2,2,2541
41.0,0,2,3,2549
41.0,0,2,4,2557
41.0,0,2,5,2565
41.0,0,2,6,2573
41.0,0,2,7,2581
41.0,0,2,8,2589
41.0,0,2,9,2597
41.0,0,2,10,2605
41.0,0,2,11,2613
41.0,0,2,12,2621
41.0,0,2,13,2629
41.0,0,2,14,2637
41.0,0,2,15,2644
41.0,0,3,0,2533
41.0,0,3,1,2542
41.0,0,3,2,2550
41.0,0,3,3,2558
41.0,0,3,4,2566
41.0,0,3,5,2574
41.0,0,3,6,2582
41.0,0,3,7,2590
41.0,0,3,8,2598
41.0,0,3,9,2606
41.0,0,3,10,2614
41.0,0,3,11,2622
41.0,0,3,12,2630
41.0,0,3,13,2638
41.0,0,3,14,2645
41.0,0,3,15,2653
41.0,0,4,0,2542
41.0,0,4,1,2550
41.0,0,4,2,2558
41.0,0,4,3,2566
41.0,0,4,4,2574
41.0,0,4,5,2582
41.0,0,4,6,2590
41.0,0,4,7,2598
41.0,0,4,8,2607
41.0,0,4,9,2614
41.0,0,4,10,2622
41.0,0,4,11,2630
41.0,0,4,12,2638
41.0,0,4,13,2646
41.0,0,4,14,2654
41.0,0,4,15,2662
41.0,0,5,0,2550
41.0,0,5,1,2558
41.0,0,5,2,2566
41.0,0,5,3,2575
41.0,0,5,4,2583
41.0,0,5,5,2591
41.0,0,5,6,2599
41.0,0,5,7,2607
41.0,0,5,8,2615
41.0,0,5,9,2623
41.0,0,5,10,2631
41.0,0,5,11,2639
41.0,0,5,12,2647
41.0,0,5,13,2655
41.0,0,5,14,2663
41.0,0,5,15,2671
41.0,0,6,0,2558
41.0,0,6,1,2567
41.0,0,6,2,2575
41.0,0,6,3,2583
41.0,0,6,4,2591
41.0,0,6,5,2599
41.0,0,6,6,2607
41.0,0,6,7,2615
41.0,0,6,8,2623
41.0,0,6,9,2632
41.0,0,6,10,2640
41.0,0,6,11,2648
41.0,0,6,12,2655
41.0,0,6,13,2663
41.0,0,6,14,2671
41.0,0,6,15,2679
41.0,0,7,0,2567
41.0,0,7,1,2575
41.0,0,7,2,2583
41.0,0,7,3,2591
41.0,0,7,4,2599
41.0,0,7,5,2608
41.0,0,7,6,2616
41.0,0,7,7,2624
41.0,0,7,8,2632
41.0,0,7,9,2640
41.0,0,7,10,2648
41.0,0,7,11,2656
41.0,0,7,12,2664
41.0,0,7,13,2672
41.0,0,7,14,2680
41.0,0,7,15,2688
41.0,0,8,0,2575
41.0,0,8,1,2583
41.0,0,8,2,2591
41.0,0,8,3,2600
41.0,0,8,4,2608
41.0,0,8,5,2616
41.0,0,8,6,2624
41.0,0,8,7,2632
41.0,0,8,8,2640
41.0,0,8,9,2648
41.0,0,8,10,2657
41.0,0,8,11,2665
41.0,0,8,12,2673
41.0,0,8,13,2681
41.0,0,8,14,2689
41.0,0,8,15,2696
41.0,0,9,0,2583
41.0,0,9,1,2591
41.0,0,9,2,2600
41.0,0,9,3,2608
41.0,0,9,4,2616
41.0,0,9,5,2624
41.0,0,9,6,2632
41.0,0,9,7,2641
41.0,0,9,8,2649
41.0,0,9,9,2657
41.0,0,9,10,2665
41.0,0,9,11,2673
41.0,0,9,12,2681
41.0,0,9,13,2689
41.0,0,9,14,2697
41.0,0,9,15,2705
41.0,0,10,0,2591
41.0,0,10,1,2599
41.0,0,10,2,2608
41.0,0,10,3,2616
41.0,0,10,4,2624
41.0,0,10,5,2633
41.0,0,10,6,2641
41.0,0,10,7,2649
41.0,0,10,8,2657
41.0,0,10,9,2665
41.0,0,10,10,2673
41.0,0,10,11,2681
41.0,0,10,12,2690
41.0,0,10,13,2698
41.0,0,10,14,2706
41.0,0,10,15,2714
41.0,0,11,0,2599
41.0,0,11,1,2608
41.0,0,11,2,2616
41.0,0,11,3,2624
41.0,0,11,4,2633
41.0,0,11,5,2641
41.0,0,11,6,2649
41.0,0,11,7,2657
41.0,0,11,8,2665
41.0,0,11,9,2674
41.0,0,11,10,2682
41.0,0,11,11,2690
41.0,0,11,12,2698
41.0,0,11,13,2706
41.0,0,11,14,2714
41.0,0,11,15,2722
41.0,0,12,0,2607
41.0,0,12,1,2616
41.0,0,12,2,2624
41.0,0,12,3,2632
41.0,0,12,4,2641
41.0,0,12,5,2649
41.0,0,12,6,2657
41.0,0,12,7,2666
41.0,0,12,8,2674
41.0,0,12,9,2682
41.0,0,12,10,2690
41.0,0,12,11,2698
41.0,0,12,12,2706
41.0,0,12,13,2715
41.0,0,12,14,2723
41.0,0,12,15,2731
41.0,0,13,0,2615
41.0,0,13,1,2624
41.0,0,13,2,2632
41.0,0,13,3,2641
41.0,0,13,4,2649
41.0,0,13,5,2657
41.0,0,13,6,2666
41.0,0,13,7,2674
41.0,0,13,8,2682
41.0,0,13,9,2690
41.0,0,13,10,2698
41.0,0,13,11,2707
41.0,0,13,12,2715
41.0,0,13,13,2723
41.0,0,13,14,2731
41.0,0,13,15,2739
41.0,0,14,0,2623
41.0,0,14,1,2632
41.0,0,14,2,2640
41.0,0,14,3,2649
41.0,0,14,4,2657
41.0,0,14,5,2665
41.0,0,14,6,2674
41.0,0,14,7,2682
41.0,0,14,8,2690
41.0,0,14,9,2699
41.0,0,14,10,2707
41.0,0,14,11,2715
41.0,0,14,12,2723
41.0,0,14,13,2731
41.0,0,14,14,2739
41.0,0,14,15,2748
41.0,0,15,0,2632
41.0,0,15,1,2640
41.0,0,15,2,2648
41.0,0,15,3,2657
41.0,0,15,4,2665
41.0,0,15,5,2674
41.0,0,15,6,2682
41.0,0,15,7,2690
41.0,0,15,8,2699
41.0,0,15,9,2707
41.0,0,15,10,2715
41.0,0,15,11,2723
41.0,0,15,12,2732
41.0,0,15,13,2740
41.0,0,15,14,2748
41.0,0,15,15,2756
41.0,1,0,0,2518
41.0,1,0,1,2526
41.0,1,0,2,2534
41.0,1,0,3,2542
41.0,1,0,4,2550
41.0,1,0,5,2558
41.0,1,0,6,2566
41.0,1,0,7,2574
41.0,1,0,8,2582
41.0,1,0,9,2590
41.0,1,0,10,2598
41.0,1,0,11,2606
41.0,1,0,12,2614
41.0,1,0,13,2621
41.0,1,0,14,2629
41.0,1,0,15,2637
41.0,1,1,0,2526
41.0,1,1,1,2534
41.0,1,1,2,2543
41.0,1,1,3,2551
41.0,1,1,4,2559
41.0,1,1,5,2567
41.0,1,1,6,2575
41.0,1,1,7,2583
41.0,1,1,8,2591
41.0,1,1,9,2599
41.0,1,1,10,2607
41.0,1,1,11,2614
41.0,1,1,12,2622
41.0,1,1,13,2630
41.0,1,1,14,2638
41.0,1,1,15,2646
41.0,1,2,0,2535
41.0,1,2,1,2543
41.0,1,2,2,2551
41.0,1,2,3,2559
41.0,1,2,4,2567
41.0,1,2,5,2575
41.0,1,2,6,2583
41.0,1,2,7,2591
41.0,1,2,8,2599
41.0,1,2,9,2607
41.0,1,2,10,2615
41.0,1,2,11,2623
41.0,1,2,12,2631
41.0,1,2,13,2639
41.0,1,2,14,2647
41.0,1,2,15,2655
41.0,1,3,0,2543
41.0,1,3,1,2551
41.0,1,3,2,2559
41.0,1,3,3,2568
41.0,1,3,4,2576
41.0,1,3,5,2584
41.0,1,3,6,2592
41.0,1,3,7,2600
41.0,1,3,8,2608
41.0,1,3,9,2616
41.0,1,3,10,2624
41.0,1,3,11,2632
41.0,1,3,12,2640
41.0,1,3,13,2648
41.0,1,3,14,2656
41.0,1,3,15,2663
41.0,1,4,0,2551
41.0,1,4,1,2560
41.0,1,4,2,2568
41.0,1,4,3,2576
41.0,1,4,4,2584
41.0,1,4,5,2592
41.0,1,4,6,2600
41.0,1,4,7,2608
41.0,1,4,8,2616
41.0,1,4,9,2625
41.0,1,4,10,2633
41.0,1,4,11,2640
41.0,1,4,12,2648
41.0,1,4,13,2656
41.0,1,4,14,2664
41.0,1,4,15,2672
41.0,1,5,0,2560
41.0,1,5,1,2568
41.0,1,5,2,2576
41.0,1,5,3,2584
41.0,1,5,4,2593
41.0,1,5,5,2601
41.0,1,5,6,2609
41.0,1,5,7,2617
41.0,1,5,8,2625
41.0,1,5,9,2633
41.0,1,5,10,2641
41.0,1,5,11,2649
41.0,1,5,12,2657
41.0,1,5,13,2665
41.0,1,5,14,2673
41.0,1,5,15,2681
41.0,1,6,0,2568
41.0,1,6,1,2576
41.0,1,6,2,2585
41.0,1,6,3,2593
41.0,1,6,4,2601
41.0,1,6,5,2609
41.0,1,6,6,2617
41.0,1,6,7,2625
41.0,1,6,8,2634
41.0,1,6,9,2642
41.0,1,6,10,2650
41.0,1,6,11,2658
41.0,1,6,12,2666
41.0,1,6,13,2674
41.0,1,6,14,2682
41.0,1,6,15,2690
41.0,1,7,0,2576
41.0,1,7,1,2585
41.0,1,7,2,2593
41.0,1,7,3,2601
41.0,1,7,4,2609
41.0,1,7,5,2618
41.0,1,7,6,2626
41.0,1,7,7,2634
41.0,1,7,8,2642
41.0,1,7,9,2650
41.0,1,7,10,2658
41.0,1,7,11,2666
41.0,1,7,12,2674
41.0,1,7,13,2682
41.0,1,7,14,2690
41.0,1,7,15,2698
41.0,1,8,0,2585
41.0,1,8,1,2593
41.0,1,8,2,2601
41.0,1,8,3,2610
41.0,1,8,4,2618
41.0,1,8,5,2626
41.0,1,8,6,2634
41.0,1,8,7,2642
41.0,1,8,8,2650
41.0,1,8,9,2659
41.0,1,8,10,2667
41.0,1,8,11,2675
41.0,1,8,12,2683
41.0,1,8,13,2691
41.0,1,8,14,2699
41.0,1,8,15,2707
41.0,1,9,0,2593
41.0,1,9,1,2601
41.0,1,9,2,2610
41.0,1,9,3,2618
41.0,1,9,4,2626
41.0,1,9,5,2634
41.0,1,9,6,2643
41.0,1,9,7,2651
41.0,1,9,8,2659
41.0,1,9,9,2667
41.0,1,9,10,2675
41.0,1,9,11,2683
41.0,1,9,12,2691
41.0,1,9,13,2699
41.0,1,9,14,2707
41.0,1,9,15,2715
41.0,1,10,0,2601
41.0,1,10,1,2609
41.0,1,10,2,2618
41.0,1,10,3,2626
41.0,1,10,4,2634
41.0,1,10,5,2643
41.0,1,10,6,2651
41.0,1,10,7,2659
41.0,1,10,8,2667
41.0,1,10,9,2675
41.0,1,10,10,2684
41.0,1,10,11,2692
41.0,1,10,12,2700
41.0,1,10,13,2708
41.0,1,10,14,2716
41.0,1,10,15,2724
41.0,1,11,0,2609
41.0,1,11,1,2618
41.0,1,11,2,2626
41.0,1,11,3,2634
41.0,1,11,4,2643
41.0,1,11,5,2651
41.0,1,11,6,2659
41.0,1,11,7,2667
41.0,1,11,8,2676
41.0,1,11,9,2684
41.0,1,11,10,2692
41.0,1,11,11,2700
41.0,1,11,12,2708
41.0,1,11,13,2716
41.0,1,11,14,2725
41.0,1,11,15,2733
41.0,1,12,0,2617
41.0,1,12,1,2626
41.0,1,12,2,2634
41.0,1,12,3,2643
41.0,1,12,4,2651
41.0,1,12,5,2659
41.0,1,12,6,2668
41.0,1,12,7,2676
41.0,1,12,8,2684
41.0,1,12,9,2692
41.0,1,12,10,2700
41.0,1,12,11,2709
41.0,1,12,12,2717
41.0,1,12,13,2725
41.0,1,12,14,2733
41.0,1,12,15,2741
41.0,1,13,0,2625
41.0,1,13,1,2634
41.0,1,13,2,2642
41.0,1,13,3,2651
41.0,1,13,4,2659
41.0,1,13,5,2667
41.0,1,13,6,2676
41.0,1,13,7,2684
41.0,1,13,8,2692
41.0,1,13,9,2701
41.0,1,13,10,2709
41.0,1,13,11,2717
41.0,1,13,12,2725
41.0,1,13,13,2733
41.0,1,13,14,2741
41.0,1,13,15,2750
41.0,1,14,0,2634
41.0,1,14,1,2642
41.0,1,14,2,2650
41.0,1,14,3,2659
41.0,1,14,4,2667
41.0,1,14,5,2676
41.0,1,14,6,2684
41.0,1,14,7,2692
41.0,1,14,8,2701
41.0,1,14,9,2709
41.0,1,14,10,2717
41.0,1,14,11,2725
41.0,1,14,12,2734
41.0,1,14,13,2742
41.0,1,14,14,2750
41.0,1,14,15,2758
41.0,1,15,0,2642
41.0,1,15,1,2650
41.0,1,15,2,2659
41.0,1,15,3,2667
41.0,1,15,4,2675
41.0,1,15,5,2684
41.0,1,15,6,2692
41.0,1,15,7,2701
41.0,1,15,8,2709
41.0,1,15,9,2717
41.0,1,15,10,2726
41.0,1,15,11,2734
41.0,1,15,12,2742
41.0,1,15,13,2750
41.0,1,15,14,2758
41.0,1,15,15,2767
41.0,2,0,0,2527
41.0,2,0,1,2536
41.0,2,0,2,2544
41.0,2,0,3,2552
41.0,2,0,4,2560
41.0,2,0,5,2568
41.0,2,0,6,2576
41.0,2,0,7,2584
41.0,2,0,8,2592
41.0,2,0,9,2600
41.0,2,0,10,2608
41.0,2,0,11,2616
41.0,2,0,12,2624
41.0,2,0,13,2631
41.0,2,0,14,2639
41.0,2,0,15,2647
41.0,2,1,0,2536
41.0,2,1,1,2544
41.0,2,1,2,2552
41.0,2,1,3,2560
41.0,2,1,4,2568
41.0,2,1,5,2577
41.0,2,1,6,2585
41.0,2,1,7,2593
41.0,2,1,8,2601
41.0,2,1,9,2609
41.0,2,1,10,2617
41.0,2,1,11,2624
41.0,2,1,12,2632
41.0,2,1,13,2640
41.0,2,1,14,2648
41.0,2,1,15,2656
41.0,2,2,0,2544
41.0,2,2,1,2553
41.0,2,2,2,2561
41.0,2,2,3,2569
41.0,2,2,4,2577
41.0,2,2,5,2585
41.0,2,2,6,2593
41.0,2,2,7,2601
41.0,2,2,8,2609
41.0,2,2,9,2617
41.0,2,2,10,2625
41.0,2,2,11,2633
41.0,2,2,12,2641
41.0,2,2,13,2649
41.0,2,2,14,2657
41.0,2,2,15,2665
41.0,2,3,0,2553
41.0,2,3,1,2561
41.0,2,3,2,2569
41.0,2,3,3,2577
41.0,2,3,4,2586
41.0,2,3,5,2594
41.0,2,3,6,2602
41.0,2,3,7,2610
41.0,2,3,8,2618
41.0,2,3,9,2626
41.0,2,3,10,2634
41.0,2,3,11,2642
41.0,2,3,12,2650
41.0,2,3,13,2658
41.0,2,3,14,2666
41.0,2,3,15,2674
41.0,2,4,0,2561
41.0,2,4,1,2569
41.0,2,4,2,2578
41.0,2,4,3,2586
41.0,2,4,4,2594
41.0,2,4,5,2602
41.0,2,4,6,2610
41.0,2,4,7,2618
41.0,2,4,8,2626
41.0,2,4,9,2635
41.0,2,4,10,2643
41.0,2,4,11,2651
41.0,2,4,12,2659
41.0,2,4,13,2666
41.0,2,4,14,2674
41.0,2,4,15,2682
41.0,2,5,0,2570
41.0,2,5,1,2578
41.0,2,5,2,2586
41.0,2,5,3,2594
41.0,2,5,4,2603
41.0,2,5,5,2611
41.0,2,5,6,2619
41.0,2,5,7,2627
41.0,2,5,8,2635
41.0,2,5,9,2643
41.0,2,5,10,2651
41.0,2,5,11,2659
41.0,2,5,12,2667
41.0,2,5,13,2675
41.0,2,5,14,2683
41.0,2,5,15,2691
41.0,2,6,0,2578
41.0,2,6,1,2586
41.0,2,6,2,2594
41.0,2,6,3,2603
41.0,2,6,4,2611
41.0,2,6,5,2619
41.0,2,6,6,2627
41.0,2,6,7,2635
41.0,2,6,8,2644
41.0,2,6,9,2652
41.0,2,6,10,2660
41.0,2,6,11,2668
41.0,2,6,12,2676
41.0,2,6,13,2684
41.0,2,6,14,2692
41.0,2,6,15,2700
41.0,2,7,0,2586
41.0,2,7,1,2595
41.0,2,7,2,2603
41.0,2,7,3,2611
41.0,2,7,4,2619
41.0,2,7,5,2628
41.0,2,7,6,2636
41.0,2,7,7,2644
41.0,2,7,8,2652
41.0,2,7,9,2660
41.0,2,7,10,2668
41.0,2,7,11,2676
41.0,2,7,12,2684
41.0,2,7,13,2692
41.0,2,7,14,2700
41.0,2,7,15,2708
41.0,2,8,0,2594
41.0,2,8,1,2603
41.0,2,8,2,2611
41.0,2,8,3,2619
41.0,2,8,4,2628
41.0,2,8,5,2636
41.0,2,8,6,2644
41.0,2,8,7,2652
41.0,2,8,8,2661
41.0,2,8,9,2669
41.0,2,8,10,2677
41.0,2,8,11,2685
41.0,2,8,12,2693
41.0,2,8,13,2701
41.0,2,8,14,2709
41.0,2,8,15,2717
41.0,2,9,0,2603
41.0,2,9,1,2611
41.0,2,9,2,2619
41.0,2,9,3,2628
41.0,2,9,4,2636
41.0,2,9,5,2644
41.0,2,9,6,2653
41.0,2,9,7,2661
41.0,2,9,8,2669
41.0,2,9,9,2677
41.0,2,9,10,2685
41.0,2,9,11,2694
41.0,2,9,12,2702
41.0,2,9,13,2710
41.0,2,9,14,2718
41.0,2,9,15,2726
41.0,2,10,0,2611
41.0,2,10,1,2619
41.0,2,10,2,2628
41.0,2,10,3,2636
41.0,2,10,4,2644
41.0,2,10,5,2653
41.0,2,10,6,2661
41.0,2,10,7,2669
41.0,2,10,8,2677
41.0,2,10,9,2686
41.0,2,10,10,2694
41.0,2,10,11,2702
41.0,2,10,12,2710
41.0,2,10,13,2718
41.0,2,10,14,2726
41.0,2,10,15,2734
41.0,2,11,0,2619
41.0,2,11,1,2628
41.0,2,11,2,2636
41.0,2,11,3,2644
41.0,2,11,4,2653
41.0,2,11,5,2661
41.0,2,11,6,2669
41.0,2,11,7,2678
41.0,2,11,8,2686
41.0,2,11,9,2694
41.0,2,11,10,2702
41.0,2,11,11,2711
41.0,2,11,12,2719
41.0,2,11,13,2727
41.0,2,11,14,2735
41.0,2,11,15,2743
41.0,2,12,0,2627
41.0,2,12,1,2636
41.0,2,12,2,2644
41.0,2,12,3,2653
41.0,2,12,4,2661
41.0,2,12,5,2669
41.0,2,12,6,2678
41.0,2,12,7,2686
41.0,2,12,8,2694
41.0,2,12,9,2703
41.0,2,12,10,2711
41.0,2,12,11,2719
41.0,2,12,12,2727
41.0,2,12,13,2735
41.0,2,12,14,2743
41.0,2,12,15,2752
41.0,2,13,0,2635
41.0,2,13,1,2644
41.0,2,13,2,2652
41.0,2,13,3,2661
41.0,2,13,4,2669
41.0,2,13,5,2678
41.0,2,13,6,2686
41.0,2,13,7,2694
41.0,2,13,8,2703
41.0,2,13,9,2711
41.0,2,13,10,2719
41.0,2,13,11,2727
41.0,2,13,12,2736
41.0,2,13,13,2744
41.0,2,13,14,2752
41.0,2,13,15,2760
41.0,2,14,0,2644
41.0,2,14,1,2652
41.0,2,14,2,2661
41.0,2,14,3,2669
41.0,2,14,4,2677
41.0,2,14,5,2686
41.0,2,14,6,2694
41.0,2,14,7,2703
41.0,2,14,8,2711
41.0,2,14,9,2719
41.0,2,14,10,2728
41.0,2,14,11,2736
41.0,2,14,12,2744
41.0,2,14,13,2752
41.0,2,14,14,2760
41.0,2,14,15,2769
41.0,2,15,0,2652
41.0,2,15,1,2660
41.0,2,15,2,2669
41.0,2,15,3,2677
41.0,2,15,4,2686
41.0,2,15,5,2694
41.0,2,15,6,2703
41.0,2,15,7,2711
41.0,2,15,8,2719
41.0,2,15,9,2728
41.0,2,15,10,2736
41.0,2,15,11,2744
41.0,2,15,12,2752
41.0,2,15,13,2761
41.0,2,15,14,2769
41.0,2,15,15,2777
41.0,3,0,0,2537
41.0,3,0,1,2545
41.0,3,0,2,2553
41.0,3,0,3,2562
41.0,3,0,4,2570
41.0,3,0,5,2578
41.0,3,0,6,2586
41.0,3,0,7,2594
41.0,3,0,8,2602
41.0,3,0,9,2610
41.0,3,0,10,2618
41.0,3,0,11,2626
41.0,3,0,12,2634
41.0,3,0,13,2641
41.0,3,0,14,2649
41.0,3,0,15,2657
41.0,3,1,0,2546
41.0,3,1,1,2554
41.0,3,1,2,2562
41.0,3,1,3,2570
41.0,3,1,4,2578
41.0,3,1,5,2586
41.0,3,1,6,2594
41.0,3,1,7,2602
41.0,3,1,8,2610
41.0,3,1,9,2618
41.0,3,1,10,2626
41.0,3,1,11,2634
41.0,3,1,12,2642
41.0,3,1,13,2650
41.0,3,1,14,2658
41.0,3,1,15,2666
41.0,3,2,0,2554
41.0,3,2,1,2562
41.0,3,2,2,2571
41.0,3,2,3,2579
41.0,3,2,4,2587
41.0,3,2,5,2595
41.0,3,2,6,2603
41.0,3,2,7,2611
41.0,3,2,8,2619
41.0,3,2,9,2627
41.0,3,2,10,2635
41.0,3,2,11,2643
41.0,3,2,12,2651
41.0,3,2,13,2659
41.0,3,2,14,2667
41.0,3,2,15,2675
41.0,3,3,0,2563
41.0,3,3,1,2571
41.0,3,3,2,2579
41.0,3,3,3,2587
41.0,3,3,4,2595
41.0,3,3,5,2604
41.0,3,3,6,2612
41.0,3,3,7,2620
41.0,3,3,8,2628
41.0,3,3,9,2636
41.0,3,3,10,2644
41.0,3,3,11,2652
41.0,3,3,12,2660
41.0,3,3,13,2668
41.0,3,3,14,2676
41.0,3,3,15,2684
41.0,3,4,0,2571
41.0,3,4,1,2579
41.0,3,4,2,2587
41.0,3,4,3,2596
41.0,3,4,4,2604
41.0,3,4,5,2612
41.0,3,4,6,2620
41.0,3,4,7,2628
41.0,3,4,8,2636
41.0,3,4,9,2645
41.0,3,4,10,2653
41.0,3,4,11,2661
41.0,3,4,12,2669
41.0,3,4,13,2677
41.0,3,4,14,2685
41.0,3,4,15,2692
41.0,3,5,0,2579
41.0,3,5,1,2588
41.0,3,5,2,2596
41.0,3,5,3,2604
41.0,3,5,4,2612
41.0,3,5,5,2621
41.0,3,5,6,2629
41.0,3,5,7,2637
41.0,3,5,8,2645
41.0,3,5,9,2653
41.0,3,5,10,2661
41.0,3,5,11,2669
41.0,3,5,12,2677
41.0,3,5,13,2685
41.0,3,5,14,2693
41.0,3,5,15,2701
41.0,3,6,0,2588
41.0,3,6,1,2596
41.0,3,6,2,2604
41.0,3,6,3,2613
41.0,3,6,4,2621
41.0,3,6,5,2629
41.0,3,6,6,2637
41.0,3,6,7,2645
41.0,3,6,8,2654
41.0,3,6,9,2662
41.0,3,6,10,2670
41.0,3,6,11,2678
41.0,3,6,12,2686
41.0,3,6,13,2694
41.0,3,6,14,2702
41.0,3,6,15,2710
41.0,3,7,0,2596
41.0,3,7,1,2604
41.0,3,7,2,2613
41.0,3,7,3,2621
41.0,3,7,4,2629
41.0,3,7,5,2638
41.0,3,7,6,2646
41.0,3,7,7,2654
41.0,3,7,8,2662
41.0,3,7,9,2670
41.0,3,7,10,2678
41.0,3,7,11,2687
41.0,3,7,12,2695
41.0,3,7,13,2703
41.0,3,7,14,2711
41.0,3,7,15,2719
41.0,3,8,0,2604
41.0,3,8,1,2613
41.0,3,8,2,2621
41.0,3,8,3,2629
41.0,3,8,4,2638
41.0,3,8,5,2646
41.0,3,8,6,2654
41.0,3,8,7,2663
41.0,3,8,8,2671
41.0,3,8,9,2679
41.0,3,8,10,2687
41.0,3,8,11,2695
41.0,3,8,12,2703
41.0,3,8,13,2711
41.0,3,8,14,2719
41.0,3,8,15,2727
41.0,3,9,0,2613
41.0,3,9,1,2621
41.0,3,9,2,2629
41.0,3,9,3,2638
41.0,3,9,4,2646
41.0,3,9,5,2654
41.0,3,9,6,2663
41.0,3,9,7,2671
41.0,3,9,8,2679
41.0,3,9,9,2687
41.0,3,9,10,2696
41.0,3,9,11,2704
41.0,3,9,12,2712
41.0,3,9,13,2720
41.0,3,9,14,2728
41.0,3,9,15,2736
41.0,3,10,0,2621
41.0,3,10,1,2629
41.0,3,10,2,2638
41.0,3,10,3,2646
41.0,3,10,4,2654
41.0,3,10,5,2663
41.0,3,10,6,2671
41.0,3,10,7,2679
41.0,3,10,8,2688
41.0,3,10,9,2696
41.0,3,10,10,2704
41.0,3,10,11,2712
41.0,3,10,12,2720
41.0,3,10,13,2729
41.0,3,10,14,2737
41.0,3,10,15,2745
41.0,3,11,0,2629
41.0,3,11,1,2638
41.0,3,11,2,2646
41.0,3,11,3,2654
41.0,3,11,4,2663
41.0,3,11,5,2671
41.0,3,11,6,2680
41.0,3,11,7,2688
41.0,3,11,8,2696
41.0,3,11,9,2704
41.0,3,11,10,2713
41.0,3,11,11,2721
41.0,3,11,12,2729
41.0,3,11,13,2737
41.0,3,11,14,2745
41.0,3,11,15,2753
41.0,3,12,0,2637
41.0,3,12,1,2646
41.0,3,12,2,2654
41.0,3,12,3,2663
41.0,3,12,4,2671
41.0,3,12,5,2680
41.0,3,12,6,2688
41.0,3,12,7,2696
41.0,3,12,8,2705
41.0,3,12,9,2713
41.0,3,12,10,2721
41.0,3,12,11,2729
41.0,3,12,12,2738
41.0,3,12,13,2746
41.0,3,12,14,2754
41.0,3,12,15,2762
41.0,3,13,0,2645
41.0,3,13,1,2654
41.0,3,13,2,2663
41.0,3,13,3,2671
41.0,3,13,4,2679
41.0,3,13,5,2688
41.0,3,13,6,2696
41.0,3,13,7,2705
41.0,3,13,8,2713
41.0,3,13,9,2721
41.0,3,13,10,2730
41.0,3,13,11,2738
41.0,3,13,12,2746
41.0,3,13,13,2754
41.0,3,13,14,2762
41.0,3,13,15,2771
41.0,3,14,0,2654
41.0,3,14,1,2662
41.0,3,14,2,2671
41.0,3,14,3,2679
41.0,3,14,4,2688
41.0,3,14,5,2696
41.0,3,14,6,2705
41.0,3,14,7,2713
41.0,3,14,8,2721
41.0,3,14,9,2730
41.0,3,14,10,2738
41.0,3,14,11,2746
41.0,3,14,12,2754
41.0,3,14,13,2763
41.0,3,14,14,2771
41.0,3,14,15,2779
41.0,3,15,0,2662
41.0,3,15,1,2670
41.0,3,15,2,2679
41.0,3,15,3,2687
41.0,3,15,4,2696
41.0,3,15,5,2704
41.0,3,15,6,2713
41.0,3,15,7,2721
41.0,3,15,8,2730
41.0,3,15,9,2738
41.0,3,15,10,2746
41.0,3,15,11,2755
41.0,3,15,12,2763
41.0,3,15,13,2771
41.0,3,15,14,2779
41.0,3,15,15,2788
41.0,4,0,0,2547
41.0,4,0,1,2555
41.0,4,0,2,2563
41.0,4,0,3,2571
41.0,4,0,4,2579
41.0,4,0,5,2587
41.0,4,0,6,2596
41.0,4,0,7,2604
41.0,4,0,8,2612
41.0,4,0,9,2620
41.0,4,0,10,2628
41.0,4,0,11,2636
41.0,4,0,12,2643
41.0,4,0,13,2651
41.0,4,0,14,2659
41.0,4,0,15,2667
41.0,4,1,0,2555
41.0,4,1,1,2563
41.0,4,1,2,2572
41.0,4,1,3,2580
41.0,4,1,4,2588
41.0,4,1,5,2596
41.0,4,1,6,2604
41.0,4,1,7,2612
41.0,4,1,8,2620
41.0,4,1,9,2628
41.0,4,1,10,2636
41.0,4,1,11,2644
41.0,4,1,12,2652
41.0,4,1,13,2660
41.0,4,1,14,2668
41.0,4,1,15,2676
41.0,4,2,0,2564
41.0,4,2,1,2572
41.0,4,2,2,2580
41.0,4,2,3,2588
41.0,4,2,4,2597
41.0,4,2,5,2605
41.0,4,2,6,2613
41.0,4,2,7,2621
41.0,4,2,8,2629
41.0,4,2,9,2637
41.0,4,2,10,2645
41.0,4,2,11,2653
41.0,4,2,12,2661
41.0,4,2,13,2669
41.0,4,2,14,2677
41.0,4,2,15,2685
41.0,4,3,0,2572
41.0,4,3,1,2581
41.0,4,3,2,2589
41.0,4,3,3,2597
41.0,4,3,4,2605
41.0,4,3,5,2613
41.0,4,3,6,2622
41.0,4,3,7,2630
41.0,4,3,8,2638
41.0,4,3,9,2646
41.0,4,3,10,2654
41.0,4,3,11,2662
41.0,4,3,12,2670
41.0,4,3,13,2678
41.0,4,3,14,2686
41.0,4,3,15,2694
41.0,4,4,0,2581
41.0,4,4,1,2589
41.0,4,4,2,2597
41.0,4,4,3,2606
41.0,4,4,4,2614
41.0,4,4,5,2622
41.0,4,4,6,2630
41.0,4,4,7,2638
41.0,4,4,8,2646
41.0,4,4,9,2655
41.0,4,4,10,2663
41.0,4,4,11,2671
41.0,4,4,12,2679
41.0,4,4,13,2687
41.0,4,4,14,2695
41.0,4,4,15,2703
41.0,4,5,0,2589
41.0,4,5,1,2597
41.0,4,5,2,2606
41.0,4,5,3,2614
41.0,4,5,4,2622
41.0,4,5,5,2631
41.0,4,5,6,2639
41.0,4,5,7,2647
41.0,4,5,8,2655
41.0,4,5,9,2663
41.0,4,5,10,2671
41.0,4,5,11,2679
41.0,4,5,12,2687
41.0,4,5,13,2696
41.0,4,5,14,2704
41.0,4,5,15,2712
41.0,4,6,0,2598
41.0,4,6,1,2606
41.0,4,6,2,2614
41.0,4,6,3,2623
41.0,4,6,4,2631
41.0,4,6,5,2639
41.0,4,6,6,2647
41.0,4,6,7,2656
41.0,4,6,8,2664
41.0,4,6,9,2672
41.0,4,6,10,2680
41.0,4,6,11,2688
41.0,4,6,12,2696
41.0,4,6,13,2704
41.0,4,6,14,2712
41.0,4,6,15,2720
41.0,4,7,0,2606
41.0,4,7,1,2614
41.0,4,7,2,2623
41.0,4,7,3,2631
41.0,4,7,4,2639
41.0,4,7,5,2648
41.0,4,7,6,2656
41.0,4,7,7,2664
41.0,4,7,8,2672
41.0,4,7,9,2680
41.0,4,7,10,2689
41.0,4,7,11,2697
41.0,4,7,12,2705
41.0,4,7,13,2713
41.0,4,7,14,2721
41.0,4,7,15,2729
41.0,4,8,0,2614
41.0,4,8,1,2623
41.0,4,8,2,2631
41.0,4,8,3,2639
41.0,4,8,4,2648
41.0,4,8,5,2656
41.0,4,8,6,2664
41.0,4,8,7,2673
41.0,4,8,8,2681
41.0,4,8,9,2689
41.0,4,8,10,2697
41.0,4,8,11,2705
41.0,4,8,12,2714
41.0,4,8,13,2722
41.0,4,8,14,2730
41.0,4,8,15,2738
41.0,4,9,0,2623
41.0,4,9,1,2631
41.0,4,9,2,2639
41.0,4,9,3,2648
41.0,4,9,4,2656
41.0,4,9,5,2664
41.0,4,9,6,2673
41.0,4,9,7,2681
41.0,4,9,8,2689
41.0,4,9,9,2698
41.0,4,9,10,2706
41.0,4,9,11,2714
41.0,4,9,12,2722
41.0,4,9,13,2730
41.0,4,9,14,2738
41.0,4,9,15,2747
41.0,4,10,0,2631
41.0,4,10,1,2639
41.0,4,10,2,2648
41.0,4,10,3,2656
41.0,4,10,4,2665
41.0,4,10,5,2673
41.0,4,10,6,2681
41.0,4,10,7,2690
41.0,4,10,8,2698
41.0,4,10,9,2706
41.0,4,10,10,2714
41.0,4,10,11,2723
41.0,4,10,12,2731
41.0,4,10,13,2739
41.0,4,10,14,2747
41.0,4,10,15,2755
41.0,4,11,0,2639
41.0,4,11,1,2648
41.0,4,11,2,2656
41.0,4,11,3,2664
41.0,4,11,4,2673
41.0,4,11,5,2681
41.0,4,11,6,2690
41.0,4,11,7,2698
41.0,4,11,8,2706
41.0,4,11,9,2715
41.0,4,11,10,2723
41.0,4,11,11,2731
41.0,4,11,12,2739
41.0,4,11,13,2748
41.0,4,11,14,2756
41.0,4,11,15,2764
41.0,4,12,0,2647
41.0,4,12,1,2656
41.0,4,12,2,2664
41.0,4,12,3,2673
41.0,4,12,4,2681
41.0,4,12,5,2690
41.0,4,12,6,2698
41.0,4,12,7,2706
41.0,4,12,8,2715
41.0,4,12,9,2723
41.0,4,12,10,2731
41.0,4,12,11,2740
41.0,4,12,12,2748
41.0,4,12,13,2756
41.0,4,12,14,2764
41.0,4,12,15,2772
41.0,4,13,0,2656
41.0,4,13,1,2664
41.0,4,13,2,2673
41.0,4,13,3,2681
41.0,4,13,4,2690
41.0,4,13,5,2698
41.0,4,13,6,2706
41.0,4,13,7,2715
41.0,4,13,8,2723
41.0,4,13,9,2732
41.0,4,13,10,2740
41.0,4,13,11,2748
41.0,4,13,12,2756
41.0,4,13,13,2765
41.0,4,13,14,2773
41.0,4,13,15,2781
41.0,4,14,0,2664
41.0,4,14,1,2672
41.0,4,14,2,2681
41.0,4,14,3,2689
41.0,4,14,4,2698
41.0,4,14,5,2706
41.0,4,14,6,2715
41.0,4,14,7,2723
41.0,4,14,8,2732
41.0,4,14,9,2740
41.0,4,14,10,2748
41.0,4,14,11,2757
41.0,4,14,12,2765
41.0,4,14,13,2773
41.0,4,14,14,2781
41.0,4,14,15,2790
41.0,4,15,0,2672
41.0,4,15,1,2680
41.0,4,15,2,2689
41.0,4,15,3,2698
41.0,4,15,4,2706
41.0,4,15,5,2715
41.0,4,15,6,2723
41.0,4,15,7,2732
41.0,4,15,8,2740
41.0,4,15,9,2748
41.0,4,15,10,2757
41.0,4,15,11,2765
41.0,4,15,12,2773
41.0,4,15,13,2782
41.0,4,15,14,2790
41.0,4,15,15,2798
41.0,5,0,0,2556
41.0,5,0,1,2565
41.0,5,0,2,2573
41.0,5,0,3,2581
41.0,5,0,4,2589
41.0,5,0,5,2597
41.0,5,0,6,2605
41.0,5,0,7,2613
41.0,5,0,8,2621
41.0,5,0,9,2630
41.0,5,0,10,2638
41.0,5,0,11,2646
41.0,5,0,12,2653
41.0,5,0,13,2661
41.0,5,0,14,2669
41.0,5,0,15,2677
41.0,5,1,0,2565
41.0,5,1,1,2573
41.0,5,1,2,2581
41.0,5,1,3,2590
41.0,5,1,4,2598
41.0,5,1,5,2606
41.0,5,1,6,2614
41.0,5,1,7,2622
41.0,5,1,8,2630
41.0,5,1,9,2638
41.0,5,1,10,2646
41.0,5,1,11,2654
41.0,5,1,12,2662
41.0,5,1,13,2670
41.0,5,1,14,2678
41.0,5,1,15,2686
41.0,5,2,0,2573
41.0,5,2,1,2582
41.0,5,2,2,2590
41.0,5,2,3,2598
41.0,5,2,4,2606
41.0,5,2,5,2615
41.0,5,2,6,2623
41.0,5,2,7,2631
41.0,5,2,8,2639
41.0,5,2,9,2647
41.0,5,2,10,2655
41.0,5,2,11,2663
41.0,5,2,12,2671
41.0,5,2,13,2679
41.0,5,2,14,2687
41.0,5,2,15,2695
41.0,5,3,0,2582
41.0,5,3,1,2590
41.0,5,3,2,2599
41.0,5,3,3,2607
41.0,5,3,4,2615
41.0,5,3,5,2623
41.0,5,3,6,2631
41.0,5,3,7,2640
41.0,5,3,8,2648
41.0,5,3,9,2656
41.0,5,3,10,2664
41.0,5,3,11,2672
41.0,5,3,12,2680
41.0,5,3,13,2688
41.0,5,3,14,2696
41.0,5,3,15,2704
41.0,5,4,0,2590
41.0,5,4,1,2599
41.0,5,4,2,2607
41.0,5,4,3,2615
41.0,5,4,4,2624
41.0,5,4,5,2632
41.0,5,4,6,2640
41.0,5,4,7,2648
41.0,5,4,8,2656
41.0,5,4,9,2665
41.0,5,4,10,2673
41.0,5,4,11,2681
41.0,5,4,12,2689
41.0,5,4,13,2697
41.0,5,4,14,2705
41.0,5,4,15,2713
41.0,5,5,0,2599
41.0,5,5,1,2607
41.0,5,5,2,2616
41.0,5,5,3,2624
41.0,5,5,4,2632
41.0,5,5,5,2640
41.0,5,5,6,2649
41.0,5,5,7,2657
41.0,5,5,8,2665
41.0,5,5,9,2673
41.0,5,5,10,2681
41.0,5,5,11,2690
41.0,5,5,12,2698
41.0,5,5,13,2706
41.0,5,5,14,2714
41.0,5,5,15,2722
41.0,5,6,0,2607
41.0,5,6,1,2616
41.0,5,6,2,2624
41.0,5,6,3,2632
41.0,5,6,4,2641
41.0,5,6,5,2649
41.0,5,6,6,2657
41.0,5,6,7,2666
41.0,5,6,8,2674
41.0,5,6,9,2682
41.0,5,6,10,2690
41.0,5,6,11,2698
41.0,5,6,12,2706
41.0,5,6,13,2714
41.0,5,6,14,2723
41.0,5,6,15,2731
41.0,5,7,0,2616
41.0,5,7,1,2624
41.0,5,7,2,2633
41.0,5,7,3,2641
41.0,5,7,4,2649
41.0,5,7,5,2658
41.0,5,7,6,2666
41.0,5,7,7,2674
41.0,5,7,8,2682
41.0,5,7,9,2691
41.0,5,7,10,2699
41.0,5,7,11,2707
41.0,5,7,12,2715
41.0,5,7,13,2723
41.0,5,7,14,2731
41.0,5,7,15,2739
41.0,5,8,0,2624
41.0,5,8,1,2633
41.0,5,8,2,2641
41.0,5,8,3,2649
41.0,5,8,4,2658
41.0,5,8,5,2666
41.0,5,8,6,2674
41.0,5,8,7,2683
41.0,5,8,8,2691
41.0,5,8,9,2699
41.0,5,8,10,2707
41.0,5,8,11,2716
41.0,5,8,12,2724
41.0,5,8,13,2732
41.0,5,8,14,2740
41.0,5,8,15,2748
41.0,5,9,0,2632
41.0,5,9,1,2641
41.0,5,9,2,2649
41.0,5,9,3,2658
41.0,5,9,4,2666
41.0,5,9,5,2675
41.0,5,9,6,2683
41.0,5,9,7,2691
41.0,5,9,8,2700
41.0,5,9,9,2708
41.0,5,9,10,2716
41.0,5,9,11,2724
41.0,5,9,12,2732
41.0,5,9,13,2741
41.0,5,9,14,2749
41.0,5,9,15,2757
41.0,5,10,0,2641
41.0,5,10,1,2649
41.0,5,10,2,2658
41.0,5,10,3,2666
41.0,5,10,4,2675
41.0,5,10,5,2683
41.0,5,10,6,2691
41.0,5,10,7,2700
41.0,5,10,8,2708
41.0,5,10,9,2716
41.0,5,10,10,2725
41.0,5,10,11,2733
41.0,5,10,12,2741
41.0,5,10,13,2749
41.0,5,10,14,2757
41.0,5,10,15,2766
41.0,5,11,0,2649
41.0,5,11,1,2658
41.0,5,11,2,2666
41.0,5,11,3,2675
41.0,5,11,4,2683
41.0,5,11,5,2691
41.0,5,11,6,2700
41.0,5,11,7,2708
41.0,5,11,8,2717
41.0,5,11,9,2725
41.0,5,11,10,2733
41.0,5,11,11,2741
41.0,5,11,12,2750
41.0,5,11,13,2758
41.0,5,11,14,2766
41.0,5,11,15,2774
41.0,5,12,0,2657
41.0,5,12,1,2666
41.0,5,12,2,2674
41.0,5,12,3,2683
41.0,5,12,4,2691
41.0,5,12,5,2700
41.0,5,12,6,2708
41.0,5,12,7,2717
41.0,5,12,8,2725
41.0,5,12,9,2733
41.0,5,12,10,2742
41.0,5,12,11,2750
41.0,5,12,12,2758
41.0,5,12,13,2767
41.0,5,12,14,2775
41.0,5,12,15,2783
41.0,5,13,0,2666
41.0,5,13,1,2674
41.0,5,13,2,2683
41.0,5,13,3,2691
41.0,5,13,4,2700
41.0,5,13,5,2708
41.0,5,13,6,2717
41.0,5,13,7,2725
41.0,5,13,8,2733
41.0,5,13,9,2742
41.0,5,13,10,2750
41.0,5,13,11,2759
41.0,5,13,12,2767
41.0,5,13,13,2775
41.0,5,13,14,2783
41.0,5,13,15,2792
41.0,5,14,0,2674
41.0,5,14,1,2682
41.0,5,14,2,2691
41.0,5,14,3,2700
41.0,5,14,4,2708
41.0,5,14,5,2717
41.0,5,14,6,2725
41.0,5,14,7,2733
41.0,5,14,8,2742
41.0,5,14,9,2750
41.0,5,14,10,2759
41.0,5,14,11,2767
41.0,5,14,12,2775
41.0,5,14,13,2784
41.0,5,14,14,2792
41.0,5,14,15,2800
41.0,5,15,0,2682
41.0,5,15,1,2691
41.0,5,15,2,2699
41.0,5,15,3,2708
41.0,5,15,4,2716
41.0,5,15,5,2725
41.0,5,15,6,2733
41.0,5,15,7,2742
41.0,5,15,8,2750
41.0,5,15,9,2759
41.0,5,15,10,2767
41.0,5,15,11,2776
41.0,5,15,12,2784
41.0,5,15,13,2792
41.0,5,15,14,2800
41.0,5,15,15,2809
41.0,6,0,0,2566
41.0,6,0,1,2574
41.0,6,0,2,2582
41.0,6,0,3,2591
41.0,6,0,4,2599
41.0,6,0,5,2607
41.0,6,0,6,2615
41.0,6,0,7,2623
41.0,6,0,8,2631
41.0,6,0,9,2639
41.0,6,0,10,2647
41.0,6,0,11,2655
41.0,6,0,12,2663
41.0,6,0,13,2671
41.0,6,0,14,2679
41.0,6,0,15,2687
41.0,6,1,0,2575
41.0,6,1,1,2583
41.0,6,1,2,2591
41.0,6,1,3,2599
41.0,6,1,4,2608
41.0,6,1,5,2616
41.0,6,1,6,2624
41.0,6,1,7,2632
41.0,6,1,8,2640
41.0,6,1,9,2648
41.0,6,1,10,2656
41.0,6,1,11,2664
41.0,6,1,12,2672
41.0,6,1,13,2680
41.0,6,1,14,2688
41.0,6,1,15,2696
41.0,6,2,0,2583
41.0,6,2,1,2591
41.0,6,2,2,2600
41.0,6,2,3,2608
41.0,6,2,4,2616
41.0,6,2,5,2624
41.0,6,2,6,2633
41.0,6,2,7,2641
41.0,6,2,8,2649
41.0,6,2,9,2657
41.0,6,2,10,2665
41.0,6,2,11,2673
41.0,6,2,12,2681
41.0,6,2,13,2689
41.0,6,2,14,2697
41.0,6,2,15,2705
41.0,6,3,0,2592
41.0,6,3,1,2600
41.0,6,3,2,2608
41.0,6,3,3,2617
41.0,6,3,4,2625
41.0,6,3,5,2633
41.0,6,3,6,2641
41.0,6,3,7,2650
41.0,6,3,8,2658
41.0,6,3,9,2666
41.0,6,3,10,2674
41.0,6,3,11,2682
41.0,6,3,12,2690
41.0,6,3,13,2698
41.0,6,3,14,2706
41.0,6,3,15,2714
41.0,6,4,0,2600
41.0,6,4,1,2609
41.0,6,4,2,2617
41.0,6,4,3,2625
41.0,6,4,4,2634
41.0,6,4,5,2642
41.0,6,4,6,2650
41.0,6,4,7,2658
41.0,6,4,8,2666
41.0,6,4,9,2675
41.0,6,4,10,2683
41.0,6,4,11,2691
41.0,6,4,12,2699
41.0,6,4,13,2707
41.0,6,4,14,2715
41.0,6,4,15,2723
41.0,6,5,0,2609
41.0,6,5,1,2617
41.0,6,5,2,2625
41.0,6,5,3,2634
41.0,6,5,4,2642
41.0,6,5,5,2650
41.0,6,5,6,2659
41.0,6,5,7,2667
41.0,6,5,8,2675
41.0,6,5,9,2683
41.0,6,5,10,2692
41.0,6,5,11,2700
41.0,6,5,12,2708
41.0,6,5,13,2716
41.0,6,5,14,2724
41.0,6,5,15,2732
41.0,6,6,0,2617
41.0,6,6,1,2626
41.0,6,6,2,2634
41.0,6,6,3,2642
41.0,6,6,4,2651
41.0,6,6,5,2659
41.0,6,6,6,2667
41.0,6,6,7,2676
41.0,6,6,8,2684
41.0,6,6,9,2692
41.0,6,6,10,2700
41.0,6,6,11,2708
41.0,6,6,12,2717
41.0,6,6,13,2725
41.0,6,6,14,2733
41.0,6,6,15,2741
41.0,6,7,0,2626
41.0,6,7,1,2634
41.0,6,7,2,2642
41.0,6,7,3,2651
41.0,6,7,4,2659
41.0,6,7,5,2668
41.0,6,7,6,2676
41.0,6,7,7,2684
41.0,6,7,8,2692
41.0,6,7,9,2701
41.0,6,7,10,2709
41.0,6,7,11,2717
41.0,6,7,12,2725
41.0,6,7,13,2733
41.0,6,7,14,2742
41.0,6,7,15,2750
41.0,6,8,0,2634
41.0,6,8,1,2642
41.0,6,8,2,2651
41.0,6,8,3,2659
41.0,6,8,4,2668
41.0,6,8,5,2676
41.0,6,8,6,2684
41.0,6,8,7,2693
41.0,6,8,8,2701
41.0,6,8,9,2709
41.0,6,8,10,2718
41.0,6,8,11,2726
41.0,6,8,12,2734
41.0,6,8,13,2742
41.0,6,8,14,2750
41.0,6,8,15,2758
41.0,6,9,0,2642
41.0,6,9,1,2651
41.0,6,9,2,2659
41.0,6,9,3,2668
41.0,6,9,4,2676
41.0,6,9,5,2685
41.0,6,9,6,2693
41.0,6,9,7,2701
41.0,6,9,8,2710
41.0,6,9,9,2718
41.0,6,9,10,2726
41.0,6,9,11,2734
41.0,6,9,12,2743
41.0,6,9,13,2751
41.0,6,9,14,2759
41.0,6,9,15,2767
41.0,6,10,0,2651
41.0,6,10,1,2659
41.0,6,10,2,2668
41.0,6,10,3,2676
41.0,6,10,4,2685
41.0,6,10,5,2693
41.0,6,10,6,2701
41.0,6,10,7,2710
41.0,6,10,8,2718
41.0,6,10,9,2727
41.0,6,10,10,2735
41.0,6,10,11,2743
41.0,6,10,12,2751
41.0,6,10,13,2760
41.0,6,10,14,2768
41.0,6,10,15,2776
41.0,6,11,0,2659
41.0,6,11,1,2668
41.0,6,11,2,2676
41.0,6,11,3,2685
41.0,6,11,4,2693
41.0,6,11,5,2702
41.0,6,11,6,2710
41.0,6,11,7,2718
41.0,6,11,8,2727
41.0,6,11,9,2735
41.0,6,11,10,2743
41.0,6,11,11,2752
41.0,6,11,12,2760
41.0,6,11,13,2768
41.0,6,11,14,2777
41.0,6,11,15,2785
41.0,6,12,0,2667
41.0,6,12,1,2676
41.0,6,12,2,2684
41.0,6,12,3,2693
41.0,6,12,4,2701
41.0,6,12,5,2710
41.0,6,12,6,2718
41.0,6,12,7,2727
41.0,6,12,8,2735
41.0,6,12,9,2744
41.0,6,12,10,2752
41.0,6,12,11,2760
41.0,6,12,12,2769
41.0,6,12,13,2777
41.0,6,12,14,2785
41.0,6,12,15,2793
41.0,6,13,0,2676
41.0,6,13,1,2684
41.0,6,13,2,2693
41.0,6,13,3,2701
41.0,6,13,4,2710
41.0,6,13,5,2718
41.0,6,13,6,2727
41.0,6,13,7,2735
41.0,6,13,8,2744
41.0,6,13,9,2752
41.0,6,13,10,2761
41.0,6,13,11,2769
41.0,6,13,12,2777
41.0,6,13,13,2786
41.0,6,13,14,2794
41.0,6,13,15,2802
41.0,6,14,0,2684
41.0,6,14,1,2692
41.0,6,14,2,2701
41.0,6,14,3,2710
41.0,6,14,4,2718
41.0,6,14,5,2727
41.0,6,14,6,2735
41.0,6,14,7,2744
41.0,6,14,8,2752
41.0,6,14,9,2761
41.0,6,14,10,2769
41.0,6,14,11,2777
41.0,6,14,12,2786
41.0,6,14,13,2794
41.0,6,14,14,2802
41.0,6,14,15,2811
41.0,6,15,0,2692
41.0,6,15,1,2701
41.0,6,15,2,2709
41.0,6,15,3,2718
41.0,6,15,4,2727
41.0,6,15,5,2735
41.0,6,15,6,2744
41.0,6,15,7,2752
41.0,6,15,8,2761
41.0,6,15,9,2769
41.0,6,15,10,2778
41.0,6,15,11,2786
41.0,6,15,12,2794
41.0,6,15,13,2803
41.0,6,15,14,2811
41.0,6,15,15,2819
41.0,7,0,0,2576
41.0,7,0,1,2584
41.0,7,0,2,2592
41.0,7,0,3,2600
41.0,7,0,4,2609
41.0,7,0,5,2617
41.0,7,0,6,2625
41.0,7,0,7,2633
41.0,7,0,8,2641
41.0,7,0,9,2649
41.0,7,0,10,2657
41.0,7,0,11,2665
41.0,7,0,12,2673
41.0,7,0,13,2681
41.0,7,0,14,2689
41.0,7,0,15,2697
41.0,7,1,0,2584
41.0,7,1,1,2593
41.0,7,1,2,2601
41.0,7,1,3,2609
41.0,7,1,4,2617
41.0,7,1,5,2626
41.0,7,1,6,2634
41.0,7,1,7,2642
41.0,7,1,8,2650
41.0,7,1,9,2658
41.0,7,1,10,2666
41.0,7,1,11,2674
41.0,7,1,12,2682
41.0,7,1,13,2690
41.0,7,1,14,2698
41.0,7,1,15,2706
41.0,7,2,0,2593
41.0,7,2,1,2601
41.0,7,2,2,2609
41.0,7,2,3,2618
41.0,7,2,4,2626
41.0,7,2,5,2634
41.0,7,2,6,2643
41.0,7,2,7,2651
41.0,7,2,8,2659
41.0,7,2,9,2667
41.0,7,2,10,2675
41.0,7,2,11,2683
41.0,7,2,12,2691
41.0,7,2,13,2699
41.0,7,2,14,2707
41.0,7,2,15,2715
41.0,7,3,0,2601
41.0,7,3,1,2610
41.0,7,3,2,2618
41.0,7,3,3,2626
41.0,7,3,4,2635
41.0,7,3,5,2643
41.0,7,3,6,2651
41.0,7,3,7,2659
41.0,7,3,8,2668
41.0,7,3,9,2676
41.0,7,3,10,2684
41.0,7,3,11,2692
41.0,7,3,12,2700
41.0,7,3,13,2708
41.0,7,3,14,2716
41.0,7,3,15,2724
41.0,7,4,0,2610
41.0,7,4,1,2618
41.0,7,4,2,2627
41.0,7,4,3,2635
41.0,7,4,4,2643
41.0,7,4,5,2652
41.0,7,4,6,2660
41.0,7,4,7,2668
41.0,7,4,8,2676
41.0,7,4,9,2685
41.0,7,4,10,2693
41.0,7,4,11,2701
41.0,7,4,12,2709
41.0,7,4,13,2717
41.0,7,4,14,2725
41.0,7,4,15,2733
41.0,7,5,0,2618
41.0,7,5,1,2627
41.0,7,5,2,2635
41.0,7,5,3,2644
41.0,7,5,4,2652
41.0,7,5,5,2660
41.0,7,5,6,2669
41.0,7,5,7,2677
41.0,7,5,8,2685
41.0,7,5,9,2693
41.0,7,5,10,2702
41.0,7,5,11,2710
41.0,7,5,12,2718
41.0,7,5,13,2726
41.0,7,5,14,2734
41.0,7,5,15,2742
41.0,7,6,0,2627
41.0,7,6,1,2635
41.0,7,6,2,2644
41.0,7,6,3,2652
41.0,7,6,4,2661
41.0,7,6,5,2669
41.0,7,6,6,2677
41.0,7,6,7,2686
41.0,7,6,8,2694
41.0,7,6,9,2702
41.0,7,6,10,2710
41.0,7,6,11,2719
41.0,7,6,12,2727
41.0,7,6,13,2735
41.0,7,6,14,2743
41.0,7,6,15,2751
41.0,7,7,0,2635
41.0,7,7,1,2644
41.0,7,7,2,2652
41.0,7,7,3,2661
41.0,7,7,4,2669
41.0,7,7,5,2678
41.0,7,7,6,2686
41.0,7,7,7,2694
41.0,7,7,8,2703
41.0,7,7,9,2711
41.0,7,7,10,2719
41.0,7,7,11,2727
41.0,7,7,12,2736
41.0,7,7,13,2744
41.0,7,7,14,2752
41.0,7,7,15,2760
41.0,7,8,0,2644
41.0,7,8,1,2652
41.0,7,8,2,2661
41.0,7,8,3,2669
41.0,7,8,4,2678
41.0,7,8,5,2686
41.0,7,8,6,2695
41.0,7,8,7,2703
41.0,7,8,8,2711
41.0,7,8,9,2719
41.0,7,8,10,2728
41.0,7,8,11,2736
41.0,7,8,12,2744
41.0,7,8,13,2752
41.0,7,8,14,2761
41.0,7,8,15,2769
41.0,7,9,0,2652
41.0,7,9,1,2661
41.0,7,9,2,2669
41.0,7,9,3,2678
41.0,7,9,4,2686
41.0,7,9,5,2695
41.0,7,9,6,2703
41.0,7,9,7,2711
41.0,7,9,8,2720
41.0,7,9,9,2728
41.0,7,9,10,2736
41.0,7,9,11,2745
41.0,7,9,12,2753
41.0,7,9,13,2761
41.0,7,9,14,2769
41.0,7,9,15,2778
41.0,7,10,0,2661
41.0,7,10,1,2669
41.0,7,10,2,2678
41.0,7,10,3,2686
41.0,7,10,4,2695
41.0,7,10,5,2703
41.0,7,10,6,2712
41.0,7,10,7,2720
41.0,7,10,8,2728
41.0,7,10,9,2737
41.0,7,10,10,2745
41.0,7,10,11,2753
41.0,7,10,12,2762
41.0,7,10,13,2770
41.0,7,10,14,2778
41.0,7,10,15,2786
41.0,7,11,0,2669
41.0,7,11,1,2678
41.0,7,11,2,2686
41.0,7,11,3,2695
41.0,7,11,4,2703
41.0,7,11,5,2712
41.0,7,11,6,2720
41.0,7,11,7,2729
41.0,7,11,8,2737
41.0,7,11,9,2745
41.0,7,11,10,2754
41.0,7,11,11,2762
41.0,7,11,12,2770
41.0,7,11,13,2779
41.0,7,11,14,2787
41.0,7,11,15,2795
41.0,7,12,0,2677
41.0,7,12,1,2686
41.0,7,12,2,2695
41.0,7,12,3,2703
41.0,7,12,4,2712
41.0,7,12,5,2720
41.0,7,12,6,2729
41.0,7,12,7,2737
41.0,7,12,8,2746
41.0,7,12,9,2754
41.0,7,12,10,2762
41.0,7,12,11,2771
41.0,7,12,12,2779
41.0,7,12,13,2787
41.0,7,12,14,2796
41.0,7,12,15,2804
41.0,7,13,0,2686
41.0,7,13,1,2694
41.0,7,13,2,2703
41.0,7,13,3,2711
41.0,7,13,4,2720
41.0,7,13,5,2729
41.0,7,13,6,2737
41.0,7,13,7,2746
41.0,7,13,8,2754
41.0,7,13,9,2762
41.0,7,13,10,2771
41.0,7,13,11,2779
41.0,7,13,12,2788
41.0,7,13,13,2796
41.0,7,13,14,2804
41.0,7,13,15,2813
41.0,7,14,0,2694
41.0,7,14,1,2703
41.0,7,14,2,2711
41.0,7,14,3,2720
41.0,7,14,4,2728
41.0,7,14,5,2737
41.0,7,14,6,2746
41.0,7,14,7,2754
41.0,7,14,8,2763
41.0,7,14,9,2771
41.0,7,14,10,2779
41.0,7,14,11,2788
41.0,7,14,12,2796
41.0,7,14,13,2805
41.0,7,14,14,2813
41.0,7,14,15,2821
41.0,7,15,0,2702
41.0,7,15,1,2711
41.0,7,15,2,2719
41.0,7,15,3,2728
41.0,7,15,4,2737
41.0,7,15,5,2745
41.0,7,15,6,2754
41.0,7,15,7,2762
41.0,7,15,8,2771
41.0,7,15,9,2779
41.0,7,15,10,2788
41.0,7,15,11,2796
41.0,7,15,12,2805
41.0,7,15,13,2813
41.0,7,15,14,2822
41.0,7,15,15,2830
41.0,8,0,0,2585
41.0,8,0,1,2593
41.0,8,0,2,2602
41.0,8,0,3,2610
41.0,8,0,4,2618
41.0,8,0,5,2627
41.0,8,0,6,2635
41.0,8,0,7,2643
41.0,8,0,8,2651
41.0,8,0,9,2659
41.0,8,0,10,2667
41.0,8,0,11,2675
41.0,8,0,12,2683
41.0,8,0,13,2691
41.0,8,0,14,2699
41.0,8,0,15,2707
41.0,8,1,0,2594
41.0,8,1,1,2602
41.0,8,1,2,2611
41.0,8,1,3,2619
41.0,8,1,4,2627
41.0,8,1,5,2635
41.0,8,1,6,2644
41.0,8,1,7,2652
41.0,8,1,8,2660
41.0,8,1,9,2668
41.0,8,1,10,2676
41.0,8,1,11,2684
41.0,8,1,12,2692
41.0,8,1,13,2700
41.0,8,1,14,2708
41.0,8,1,15,2716
41.0,8,2,0,2602
41.0,8,2,1,2611
41.0,8,2,2,2619
41.0,8,2,3,2628
41.0,8,2,4,2636
41.0,8,2,5,2644
41.0,8,2,6,2652
41.0,8,2,7,2661
41.0,8,2,8,2669
41.0,8,2,9,2677
41.0,8,2,10,2685
41.0,8,2,11,2693
41.0,8,2,12,2701
41.0,8,2,13,2709
41.0,8,2,14,2717
41.0,8,2,15,2726
41.0,8,3,0,2611
41.0,8,3,1,2619
41.0,8,3,2,2628
41.0,8,3,3,2636
41.0,8,3,4,2645
41.0,8,3,5,2653
41.0,8,3,6,2661
41.0,8,3,7,2669
41.0,8,3,8,2678
41.0,8,3,9,2686
41.0,8,3,10,2694
41.0,8,3,11,2702
41.0,8,3,12,2710
41.0,8,3,13,2718
41.0,8,3,14,2726
41.0,8,3,15,2735
41.0,8,4,0,2620
41.0,8,4,1,2628
41.0,8,4,2,2636
41.0,8,4,3,2645
41.0,8,4,4,2653
41.0,8,4,5,2662
41.0,8,4,6,2670
41.0,8,4,7,2678
41.0,8,4,8,2686
41.0,8,4,9,2695
41.0,8,4,10,2703
41.0,8,4,11,2711
41.0,8,4,12,2719
41.0,8,4,13,2727
41.0,8,4,14,2735
41.0,8,4,15,2744
41.0,8,5,0,2628
41.0,8,5,1,2637
41.0,8,5,2,2645
41.0,8,5,3,2654
41.0,8,5,4,2662
41.0,8,5,5,2670
41.0,8,5,6,2679
41.0,8,5,7,2687
41.0,8,5,8,2695
41.0,8,5,9,2703
41.0,8,5,10,2712
41.0,8,5,11,2720
41.0,8,5,12,2728
41.0,8,5,13,2736
41.0,8,5,14,2744
41.0,8,5,15,2752
41.0,8,6,0,2637
41.0,8,6,1,2645
41.0,8,6,2,2654
41.0,8,6,3,2662
41.0,8,6,4,2671
41.0,8,6,5,2679
41.0,8,6,6,2687
41.0,8,6,7,2696
41.0,8,6,8,2704
41.0,8,6,9,2712
41.0,8,6,10,2720
41.0,8,6,11,2729
41.0,8,6,12,2737
41.0,8,6,13,2745
41.0,8,6,14,2753
41.0,8,6,15,2761
41.0,8,7,0,2645
41.0,8,7,1,2654
41.0,8,7,2,2662
41.0,8,7,3,2671
41.0,8,7,4,2679
41.0,8,7,5,2688
41.0,8,7,6,2696
41.0,8,7,7,2704
41.0,8,7,8,2713
41.0,8,7,9,2721
41.0,8,7,10,2729
41.0,8,7,11,2737
41.0,8,7,12,2746
41.0,8,7,13,2754
41.0,8,7,14,2762
41.0,8,7,15,2770
41.0,8,8,0,2654
41.0,8,8,1,2662
41.0,8,8,2,2671
41.0,8,8,3,2679
41.0,8,8,4,2688
41.0,8,8,5,2696
41.0,8,8,6,2705
41.0,8,8,7,2713
41.0,8,8,8,2721
41.0,8,8,9,2730
41.0,8,8,10,2738
41.0,8,8,11,2746
41.0,8,8,12,2755
41.0,8,8,13,2763
41.0,8,8,14,2771
41.0,8,8,15,2779
41.0,8,9,0,2662
41.0,8,9,1,2671
41.0,8,9,2,2679
41.0,8,9,3,2688
41.0,8,9,4,2696
41.0,8,9,5,2705
41.0,8,9,6,2713
41.0,8,9,7,2722
41.0,8,9,8,2730
41.0,8,9,9,2738
41.0,8,9,10,2747
41.0,8,9,11,2755
41.0,8,9,12,2763
41.0,8,9,13,2772
41.0,8,9,14,2780
41.0,8,9,15,2788
41.0,8,10,0,2671
41.0,8,10,1,2679
41.0,8,10,2,2688
41.0,8,10,3,2696
41.0,8,10,4,2705
41.0,8,10,5,2713
41.0,8,10,6,2722
41.0,8,10,7,2730
41.0,8,10,8,2739
41.0,8,10,9,2747
41.0,8,10,10,2755
41.0,8,10,11,2764
41.0,8,10,12,2772
41.0,8,10,13,2780
41.0,8,10,14,2789
41.0,8,10,15,2797
41.0,8,11,0,2679
41.0,8,11,1,2688
41.0,8,11,2,2696
41.0,8,11,3,2705
41.0,8,11,4,2713
41.0,8,11,5,2722
41.0,8,11,6,2730
41.0,8,11,7,2739
41.0,8,11,8,2747
41.0,8,11,9,2756
41.0,8,11,10,2764
41.0,8,11,11,2772
41.0,8,11,12,2781
41.0,8,11,13,2789
41.0,8,11,14,2797
41.0,8,11,15,2806
41.0,8,12,0,2687
41.0,8,12,1,2696
41.0,8,12,2,2705
41.0,8,12,3,2713
41.0,8,12,4,2722
41.0,8,12,5,2730
41.0,8,12,6,2739
41.0,8,12,7,2747
41.0,8,12,8,2756
41.0,8,12,9,2764
41.0,8,12,10,2773
41.0,8,12,11,2781
41.0,8,12,12,2789
41.0,8,12,13,2798
41.0,8,12,14,2806
41.0,8,12,15,2814
41.0,8,13,0,2696
41.0,8,13,1,2704
41.0,8,13,2,2713
41.0,8,13,3,2722
41.0,8,13,4,2730
41.0,8,13,5,2739
41.0,8,13,6,2747
41.0,8,13,7,2756
41.0,8,13,8,2764
41.0,8,13,9,2773
41.0,8,13,10,2781
41.0,8,13,11,2790
41.0,8,13,12,2798
41.0,8,13,13,2806
41.0,8,13,14,2815
41.0,8,13,15,2823
41.0,8,14,0,2704
41.0,8,14,1,2713
41.0,8,14,2,2721
41.0,8,14,3,2730
41.0,8,14,4,2739
41.0,8,14,5,2747
41.0,8,14,6,2756
41.0,8,14,7,2764
41.0,8,14,8,2773
41.0,8,14,9,2781
41.0,8,14,10,2790
41.0,8,14,11,2798
41.0,8,14,12,2807
41.0,8,14,13,2815
41.0,8,14,14,2823
41.0,8,14,15,2832
41.0,8,15,0,2712
41.0,8,15,1,2721
41.0,8,15,2,2730
41.0,8,15,3,2738
41.0,8,15,4,2747
41.0,8,15,5,2756
41.0,8,15,6,2764
41.0,8,15,7,2773
41.0,8,15,8,2781
41.0,8,15,9,2790
41.0,8,15,10,2798
41.0,8,15,11,2807
41.0,8,15,12,2815
41.0,8,15,13,2824
41.0,8,15,14,2832
41.0,8,15,15,2840
41.0,9,0,0,2595
41.0,9,0,1,2603
41.0,9,0,2,2611
41.0,9,0,3,2620
41.0,9,0,4,2628
41.0,9,0,5,2636
41.0,9,0,6,2645
41.0,9,0,7,2653
41.0,9,0,8,2661
41.0,9,0,9,2669
41.0,9,0,10,2677
41.0,9,0,11,2685
41.0,9,0,12,2693
41.0,9,0,13,2701
41.0,9,0,14,2709
41.0,9,0,15,2717
41.0,9,1,0,2603
41.0,9,1,1,2612
41.0,9,1,2,2620
41.0,9,1,3,2629
41.0,9,1,4,2637
41.0,9,1,5,2645
41.0,9,1,6,2653
41.0,9,1,7,2662
41.0,9,1,8,2670
41.0,9,1,9,2678
41.0,9,1,10,2686
41.0,9,1,11,2694
41.0,9,1,12,2702
41.0,9,1,13,2710
41.0,9,1,14,2719
41.0,9,1,15,2727
41.0,9,2,0,2612
41.0,9,2,1,2621
41.0,9,2,2,2629
41.0,9,2,3,2637
41.0,9,2,4,2646
41.0,9,2,5,2654
41.0,9,2,6,2662
41.0,9,2,7,2670
41.0,9,2,8,2679
41.0,9,2,9,2687
41.0,9,2,10,2695
41.0,9,2,11,2703
41.0,9,2,12,2711
41.0,9,2,13,2719
41.0,9,2,14,2728
41.0,9,2,15,2736
41.0,9,3,0,2621
41.0,9,3,1,2629
41.0,9,3,2,2638
41.0,9,3,3,2646
41.0,9,3,4,2654
41.0,9,3,5,2663
41.0,9,3,6,2671
41.0,9,3,7,2679
41.0,9,3,8,2688
41.0,9,3,9,2696
41.0,9,3,10,2704
41.0,9,3,11,2712
41.0,9,3,12,2720
41.0,9,3,13,2728
41.0,9,3,14,2737
41.0,9,3,15,2745
41.0,9,4,0,2629
41.0,9,4,1,2638
41.0,9,4,2,2646
41.0,9,4,3,2655
41.0,9,4,4,2663
41.0,9,4,5,2671
41.0,9,4,6,2680
41.0,9,4,7,2688
41.0,9,4,8,2696
41.0,9,4,9,2705
41.0,9,4,10,2713
41.0,9,4,11,2721
41.0,9,4,12,2729
41.0,9,4,13,2737
41.0,9,4,14,2746
41.0,9,4,15,2754
41.0,9,5,0,2638
41.0,9,5,1,2646
41.0,9,5,2,2655
41.0,9,5,3,2663
41.0,9,5,4,2672
41.0,9,5,5,2680
41.0,9,5,6,2689
41.0,9,5,7,2697
41.0,9,5,8,2705
41.0,9,5,9,2713
41.0,9,5,10,2722
41.0,9,5,11,2730
41.0,9,5,12,2738
41.0,9,5,13,2746
41.0,9,5,14,2755
41.0,9,5,15,2763
41.0,9,6,0,2647
41.0,9,6,1,2655
41.0,9,6,2,2664
41.0,9,6,3,2672
41.0,9,6,4,2680
41.0,9,6,5,2689
41.0,9,6,6,2697
41.0,9,6,7,2706
41.0,9,6,8,2714
41.0,9,6,9,2722
41.0,9,6,10,2731
41.0,9,6,11,2739
41.0,9,6,12,2747
41.0,9,6,13,2755
41.0,9,6,14,2763
41.0,9,6,15,2772
41.0,9,7,0,2655
41.0,9,7,1,2664
41.0,9,7,2,2672
41.0,9,7,3,2681
41.0,9,7,4,2689
41.0,9,7,5,2698
41.0,9,7,6,2706
41.0,9,7,7,2714
41.0,9,7,8,2723
41.0,9,7,9,2731
41.0,9,7,10,2739
41.0,9,7,11,2748
41.0,9,7,12,2756
41.0,9,7,13,2764
41.0,9,7,14,2772
41.0,9,7,15,2781
41.0,9,8,0,2664
41.0,9,8,1,2672
41.0,9,8,2,2681
41.0,9,8,3,2689
41.0,9,8,4,2698
41.0,9,8,5,2706
41.0,9,8,6,2715
41.0,9,8,7,2723
41.0,9,8,8,2731
41.0,9,8,9,2740
41.0,9,8,10,2748
41.0,9,8,11,2756
41.0,9,8,12,2765
41.0,9,8,13,2773
41.0,9,8,14,2781
41.0,9,8,15,2789
41.0,9,9,0,2672
41.0,9,9,1,2681
41.0,9,9,2,2689
41.0,9,9,3,2698
41.0,9,9,4,2706
41.0,9,9,5,2715
41.0,9,9,6,2723
41.0,9,9,7,2732
41.0,9,9,8,2740
41.0,9,9,9,2749
41.0,9,9,10,2757
41.0,9,9,11,2765
41.0,9,9,12,2774
41.0,9,9,13,2782
41.0,9,9,14,2790
41.0,9,9,15,2798
41.0,9,10,0,2680
41.0,9,10,1,2689
41.0,9,10,2,2698
41.0,9,10,3,2706
41.0,9,10,4,2715
41.0,9,10,5,2723
41.0,9,10,6,2732
41.0,9,10,7,2740
41.0,9,10,8,2749
41.0,9,10,9,2757
41.0,9,10,10,2766
41.0,9,10,11,2774
41.0,9,10,12,2782
41.0,9,10,13,2791
41.0,9,10,14,2799
41.0,9,10,15,2807
41.0,9,11,0,2689
41.0,9,11,1,2698
41.0,9,11,2,2706
41.0,9,11,3,2715
41.0,9,11,4,2723
41.0,9,11,5,2732
41.0,9,11,6,2740
41.0,9,11,7,2749
41.0,9,11,8,2757
41.0,9,11,9,2766
41.0,9,11,10,2774
41.0,9,11,11,2783
41.0,9,11,12,2791
41.0,9,11,13,2799
41.0,9,11,14,2808
41.0,9,11,15,2816
41.0,9,12,0,2697
41.0,9,12,1,2706
41.0,9,12,2,2715
41.0,9,12,3,2723
41.0,9,12,4,2732
41.0,9,12,5,2740
41.0,9,12,6,2749
41.0,9,12,7,2758
41.0,9,12,8,2766
41.0,9,12,9,2774
41.0,9,12,10,2783
41.0,9,12,11,2791
41.0,9,12,12,2800
41.0,9,12,13,2808
41.0,9,12,14,2816
41.0,9,12,15,2825
41.0,9,13,0,2706
41.0,9,13,1,2714
41.0,9,13,2,2723
41.0,9,13,3,2732
41.0,9,13,4,2740
41.0,9,13,5,2749
41.0,9,13,6,2758
41.0,9,13,7,2766
41.0,9,13,8,2775
41.0,9,13,9,2783
41.0,9,13,10,2792
41.0,9,13,11,2800
41.0,9,13,12,2808
41.0,9,13,13,2817
41.0,9,13,14,2825
41.0,9,13,15,2834
41.0,9,14,0,2714
41.0,9,14,1,2723
41.0,9,14,2,2731
41.0,9,14,3,2740
41.0,9,14,4,2749
41.0,9,14,5,2757
41.0,9,14,6,2766
41.0,9,14,7,2775
41.0,9,14,8,2783
41.0,9,14,9,2792
41.0,9,14,10,2800
41.0,9,14,11,2809
41.0,9,14,12,2817
41.0,9,14,13,2826
41.0,9,14,14,2834
41.0,9,14,15,2842
41.0,9,15,0,2722
41.0,9,15,1,2731
41.0,9,15,2,2740
41.0,9,15,3,2749
41.0,9,15,4,2757
41.0,9,15,5,2766
41.0,9,15,6,2774
41.0,9,15,7,2783
41.0,9,15,8,2792
41.0,9,15,9,2800
41.0,9,15,10,2809
41.0,9,15,11,2817
41.0,9,15,12,2826
41.0,9,15,13,2834
41.0,9,15,14,2843
41.0,9,15,15,2851
41.0,10,0,0,2604
41.0,10,0,1,2613
41.0,10,0,2,2621
41.0,10,0,3,2629
41.0,10,0,4,2638
41.0,10,0,5,2646
41.0,10,0,6,2654
41.0,10,0,7,2663
41.0,10,0,8,2671
41.0,10,0,9,2679
41.0,10,0,10,2687
41.0,10,0,11,2695
41.0,10,0,12,2703
41.0,10,0,13,2711
41.0,10,0,14,2719
41.0,10,0,15,2728
41.0,10,1,0,2613
41.0,10,1,1,2622
41.0,10,1,2,2630
41.0,10,1,3,2638
41.0,10,1,4,2647
41.0,10,1,5,2655
41.0,10,1,6,2663
41.0,10,1,7,2671
41.0,10,1,8,2680
41.0,10,1,9,2688
41.0,10,1,10,2696
41.0,10,1,11,2704
41.0,10,1,12,2712
41.0,10,1,13,2721
41.0,10,1,14,2729
41.0,10,1,15,2737
41.0,10,2,0,2622
41.0,10,2,1,2630
41.0,10,2,2,2639
41.0,10,2,3,2647
41.0,10,2,4,2655
41.0,10,2,5,2664
41.0,10,2,6,2672
41.0,10,2,7,2680
41.0,10,2,8,2689
41.0,10,2,9,2697
41.0,10,2,10,2705
41.0,10,2,11,2713
41.0,10,2,12,2721
41.0,10,2,13,2730
41.0,10,2,14,2738
41.0,10,2,15,2746
41.0,10,3,0,2630
41.0,10,3,1,2639
41.0,10,3,2,2647
41.0,10,3,3,2656
41.0,10,3,4,2664
41.0,10,3,5,2673
41.0,10,3,6,2681
41.0,10,3,7,2689
41.0,10,3,8,2698
41.0,10,3,9,2706
41.0,10,3,10,2714
41.0,10,3,11,2722
41.0,10,3,12,2730
41.0,10,3,13,2739
41.0,10,3,14,2747
41.0,10,3,15,2755
41.0,10,4,0,2639
41.0,10,4,1,2648
41.0,10,4,2,2656
41.0,10,4,3,2665
41.0,10,4,4,2673
41.0,10,4,5,2681
41.0,10,4,6,2690
41.0,10,4,7,2698
41.0,10,4,8,2706
41.0,10,4,9,2715
41.0,10,4,10,2723
41.0,10,4,11,2731
41.0,10,4,12,2739
41.0,10,4,13,2748
41.0,10,4,14,2756
41.0,10,4,15,2764
41.0,10,5,0,2648
41.0,10,5,1,2656
41.0,10,5,2,2665
41.0,10,5,3,2673
41.0,10,5,4,2682
41.0,10,5,5,2690
41.0,10,5,6,2699
41.0,10,5,7,2707
41.0,10,5,8,2715
41.0,10,5,9,2724
41.0,10,5,10,2732
41.0,10,5,11,2740
41.0,10,5,12,2748
41.0,10,5,13,2757
41.0,10,5,14,2765
41.0,10,5,15,2773
41.0,10,6,0,2656
41.0,10,6,1,2665
41.0,10,6,2,2673
41.0,10,6,3,2682
41.0,10,6,4,2690
41.0,10,6,5,2699
41.0,10,6,6,2707
41.0,10,6,7,2716
41.0,10,6,8,2724
41.0,10,6,9,2732
41.0,10,6,10,2741
41.0,10,6,11,2749
41.0,10,6,12,2757
41.0,10,6,13,2765
41.0,10,6,14,2774
41.0,10,6,15,2782
41.0,10,7,0,2665
41.0,10,7,1,2673
41.0,10,7,2,2682
41.0,10,7,3,2691
41.0,10,7,4,2699
41.0,10,7,5,2708
41.0,10,7,6,2716
41.0,10,7,7,2724
41.0,10,7,8,2733
41.0,10,7,9,2741
41.0,10,7,10,2750
41.0,10,7,11,2758
41.0,10,7,12,2766
41.0,10,7,13,2774
41.0,10,7,14,2783
41.0,10,7,15,2791
41.0,10,8,0,2673
41.0,10,8,1,2682
41.0,10,8,2,2691
41.0,10,8,3,2699
41.0,10,8,4,2708
41.0,10,8,5,2716
41.0,10,8,6,2725
41.0,10,8,7,2733
41.0,10,8,8,2742
41.0,10,8,9,2750
41.0,10,8,10,2758
41.0,10,8,11,2767
41.0,10,8,12,2775
41.0,10,8,13,2783
41.0,10,8,14,2792
41.0,10,8,15,2800
41.0,10,9,0,2682
41.0,10,9,1,2691
41.0,10,9,2,2699
41.0,10,9,3,2708
41.0,10,9,4,2716
41.0,10,9,5,2725
41.0,10,9,6,2733
41.0,10,9,7,2742
41.0,10,9,8,2750
41.0,10,9,9,2759
41.0,10,9,10,2767
41.0,10,9,11,2775
41.0,10,9,12,2784
41.0,10,9,13,2792
41.0,10,9,14,2800
41.0,10,9,15,2809
41.0,10,10,0,2690
41.0,10,10,1,2699
41.0,10,10,2,2708
41.0,10,10,3,2716
41.0,10,10,4,2725
41.0,10,10,5,2733
41.0,10,10,6,2742
41.0,10,10,7,2750
41.0,10,10,8,2759
41.0,10,10,9,2767
41.0,10,10,10,2776
41.0,10,10,11,2784
41.0,10,10,12,2793
41.0,10,10,13,2801
41.0,10,10,14,2809
41.0,10,10,15,2818
41.0,10,11,0,2699
41.0,10,11,1,2708
41.0,10,11,2,2716
41.0,10,11,3,2725
41.0,10,11,4,2733
41.0,10,11,5,2742
41.0,10,11,6,2751
41.0,10,11,7,2759
41.0,10,11,8,2768
41.0,10,11,9,2776
41.0,10,11,10,2785
41.0,10,11,11,2793
41.0,10,11,12,2801
41.0,10,11,13,2810
41.0,10,11,14,2818
41.0,10,11,15,2826
41.0,10,12,0,2707
41.0,10,12,1,2716
41.0,10,12,2,2725
41.0,10,12,3,2733
41.0,10,12,4,2742
41.0,10,12,5,2751
41.0,10,12,6,2759
41.0,10,12,7,2768
41.0,10,12,8,2776
41.0,10,12,9,2785
41.0,10,12,10,2793
41.0,10,12,11,2802
41.0,10,12,12,2810
41.0,10,12,13,2819
41.0,10,12,14,2827
41.0,10,12,15,2835
41.0,10,13,0,2716
41.0,10,13,1,2724
41.0,10,13,2,2733
41.0,10,13,3,2742
41.0,10,13,4,2750
41.0,10,13,5,2759
41.0,10,13,6,2768
41.0,10,13,7,2776
41.0,10,13,8,2785
41.0,10,13,9,2793
41.0,10,13,10,2802
41.0,10,13,11,2810
41.0,10,13,12,2819
41.0,10,13,13,2827
41.0,10,13,14,2836
41.0,10,13,15,2844
41.0,10,14,0,2724
41.0,10,14,1,2733
41.0,10,14,2,2742
41.0,10,14,3,2750
41.0,10,14,4,2759
41.0,10,14,5,2768
41.0,10,14,6,2776
41.0,10,14,7,2785
41.0,10,14,8,2793
41.0,10,14,9,2802
41.0,10,14,10,2811
41.0,10,14,11,2819
41.0,10,14,12,2828
41.0,10,14,13,2836
41.0,10,14,14,2844
41.0,10,14,15,2853
41.0,10,15,0,2732
41.0,10,15,1,2741
41.0,10,15,2,2750
41.0,10,15,3,2759
41.0,10,15,4,2767
41.0,10,15,5,2776
41.0,10,15,6,2785
41.0,10,15,7,2793
41.0,10,15,8,2802
41.0,10,15,9,2811
41.0,10,15,10,2819
41.0,10,15,11,2828
41.0,10,15,12,2836
41.0,10,15,13,2845
41.0,10,15,14,2853
41.0,10,15,15,2862
41.0,11,0,0,2614
41.0,11,0,1,2622
41.0,11,0,2,2631
41.0,11,0,3,2639
41.0,11,0,4,2648
41.0,11,0,5,2656
41.0,11,0,6,2664
41.0,11,0,7,2672
41.0,11,0,8,2681
41.0,11,0,9,2689
41.0,11,0,10,2697
41.0,11,0,11,2705
41.0,11,0,12,2713
41.0,11,0,13,2721
41.0,11,0,14,2730
41.0,11,0,15,2738
41.0,11,1,0,2623
41.0,11,1,1,2631
41.0,11,1,2,2640
41.0,11,1,3,2648
41.0,11,1,4,2656
41.0,11,1,5,2665
41.0,11,1,6,2673
41.0,11,1,7,2681
41.0,11,1,8,2690
41.0,11,1,9,2698
41.0,11,1,10,2706
41.0,11,1,11,2714
41.0,11,1,12,2722
41.0,11,1,13,2731
41.0,11,1,14,2739
41.0,11,1,15,2747
41.0,11,2,0,2631
41.0,11,2,1,2640
41.0,11,2,2,2648
41.0,11,2,3,2657
41.0,11,2,4,2665
41.0,11,2,5,2674
41.0,11,2,6,2682
41.0,11,2,7,2690
41.0,11,2,8,2699
41.0,11,2,9,2707
41.0,11,2,10,2715
41.0,11,2,11,2723
41.0,11,2,12,2731
41.0,11,2,13,2740
41.0,11,2,14,2748
41.0,11,2,15,2756
41.0,11,3,0,2640
41.0,11,3,1,2649
41.0,11,3,2,2657
41.0,11,3,3,2666
41.0,11,3,4,2674
41.0,11,3,5,2682
41.0,11,3,6,2691
41.0,11,3,7,2699
41.0,11,3,8,2707
41.0,11,3,9,2716
41.0,11,3,10,2724
41.0,11,3,11,2732
41.0,11,3,12,2741
41.0,11,3,13,2749
41.0,11,3,14,2757
41.0,11,3,15,2765
41.0,11,4,0,2649
41.0,11,4,1,2657
41.0,11,4,2,2666
41.0,11,4,3,2674
41.0,11,4,4,2683
41.0,11,4,5,2691
41.0,11,4,6,2700
41.0,11,4,7,2708
41.0,11,4,8,2716
41.0,11,4,9,2725
41.0,11,4,10,2733
41.0,11,4,11,2741
41.0,11,4,12,2750
41.0,11,4,13,2758
41.0,11,4,14,2766
41.0,11,4,15,2774
41.0,11,5,0,2658
41.0,11,5,1,2666
41.0,11,5,2,2675
41.0,11,5,3,2683
41.0,11,5,4,2692
41.0,11,5,5,2700
41.0,11,5,6,2708
41.0,11,5,7,2717
41.0,11,5,8,2725
41.0,11,5,9,2734
41.0,11,5,10,2742
41.0,11,5,11,2750
41.0,11,5,12,2758
41.0,11,5,13,2767
41.0,11,5,14,2775
41.0,11,5,15,2783
41.0,11,6,0,2666
41.0,11,6,1,2675
41.0,11,6,2,2683
41.0,11,6,3,2692
41.0,11,6,4,2700
41.0,11,6,5,2709
41.0,11,6,6,2717
41.0,11,6,7,2726
41.0,11,6,8,2734
41.0,11,6,9,2742
41.0,11,6,10,2751
41.0,11,6,11,2759
41.0,11,6,12,2767
41.0,11,6,13,2776
41.0,11,6,14,2784
41.0,11,6,15,2792
41.0,11,7,0,2675
41.0,11,7,1,2683
41.0,11,7,2,2692
41.0,11,7,3,2700
41.0,11,7,4,2709
41.0,11,7,5,2718
41.0,11,7,6,2726
41.0,11,7,7,2734
41.0,11,7,8,2743
41.0,11,7,9,2751
41.0,11,7,10,2760
41.0,11,7,11,2768
41.0,11,7,12,2776
41.0,11,7,13,2785
41.0,11,7,14,2793
41.0,11,7,15,2801
41.0,11,8,0,2683
41.0,11,8,1,2692
41.0,11,8,2,2701
41.0,11,8,3,2709
41.0,11,8,4,2718
41.0,11,8,5,2726
41.0,11,8,6,2735
41.0,11,8,7,2743
41.0,11,8,8,2752
41.0,11,8,9,2760
41.0,11,8,10,2768
41.0,11,8,11,2777
41.0,11,8,12,2785
41.0,11,8,13,2794
41.0,11,8,14,2802
41.0,11,8,15,2810
41.0,11,9,0,2692
41.0,11,9,1,2700
41.0,11,9,2,2709
41.0,11,9,3,2718
41.0,11,9,4,2726
41.0,11,9,5,2735
41.0,11,9,6,2743
41.0,11,9,7,2752
41.0,11,9,8,2760
41.0,11,9,9,2769
41.0,11,9,10,2777
41.0,11,9,11,2786
41.0,11,9,12,2794
41.0,11,9,13,2802
41.0,11,9,14,2811
41.0,11,9,15,2819
41.0,11,10,0,2700
41.0,11,10,1,2709
41.0,11,10,2,2718
41.0,11,10,3,2726
41.0,11,10,4,2735
41.0,11,10,5,2744
41.0,11,10,6,2752
41.0,11,10,7,2761
41.0,11,10,8,2769
41.0,11,10,9,2778
41.0,11,10,10,2786
41.0,11,10,11,2795
41.0,11,10,12,2803
41.0,11,10,13,2811
41.0,11,10,14,2820
41.0,11,10,15,2828
41.0,11,11,0,2709
41.0,11,11,1,2718
41.0,11,11,2,2726
41.0,11,11,3,2735
41.0,11,11,4,2744
41.0,11,11,5,2752
41.0,11,11,6,2761
41.0,11,11,7,2769
41.0,11,11,8,2778
41.0,11,11,9,2786
41.0,11,11,10,2795
41.0,11,11,11,2803
41.0,11,11,12,2812
41.0,11,11,13,2820
41.0,11,11,14,2829
41.0,11,11,15,2837
41.0,11,12,0,2717
41.0,11,12,1,2726
41.0,11,12,2,2735
41.0,11,12,3,2743
41.0,11,12,4,2752
41.0,11,12,5,2761
41.0,11,12,6,2769
41.0,11,12,7,2778
41.0,11,12,8,2787
41.0,11,12,9,2795
41.0,11,12,10,2804
41.0,11,12,11,2812
41.0,11,12,12,2820
41.0,11,12,13,2829
41.0,11,12,14,2837
41.0,11,12,15,2846
41.0,11,13,0,2726
41.0,11,13,1,2734
41.0,11,13,2,2743
41.0,11,13,3,2752
41.0,11,13,4,2761
41.0,11,13,5,2769
41.0,11,13,6,2778
41.0,11,13,7,2787
41.0,11,13,8,2795
41.0,11,13,9,2804
41.0,11,13,10,2812
41.0,11,13,11,2821
41.0,11,13,12,2829
41.0,11,13,13,2838
41.0,11,13,14,2846
41.0,11,13,15,2855
41.0,11,14,0,2734
41.0,11,14,1,2743
41.0,11,14,2,2752
41.0,11,14,3,2760
41.0,11,14,4,2769
41.0,11,14,5,2778
41.0,11,14,6,2787
41.0,11,14,7,2795
41.0,11,14,8,2804
41.0,11,14,9,2812
41.0,11,14,10,2821
41.0,11,14,11,2829
41.0,11,14,12,2838
41.0,11,14,13,2846
41.0,11,14,14,2855
41.0,11,14,15,2863
41.0,11,15,0,2742
41.0,11,15,1,2751
41.0,11,15,2,2760
41.0,11,15,3,2769
41.0,11,15,4,2778
41.0,11,15,5,2786
41.0,11,15,6,2795
41.0,11,15,7,2804
41.0,11,15,8,2812
41.0,11,15,9,2821
41.0,11,15,10,2830
41.0,11,15,11,2838
41.0,11,15,12,2847
41.0,11,15,13,2855
41.0,11,15,14,2864
41.0,11,15,15,2872
41.0,12,0,0,2624
41.0,12,0,1,2632
41.0,12,0,2,2640
41.0,12,0,3,2649
41.0,12,0,4,2657
41.0,12,0,5,2666
41.0,12,0,6,2674
41.0,12,0,7,2682
41.0,12,0,8,2690
41.0,12,0,9,2699
41.0,12,0,10,2707
41.0,12,0,11,2715
41.0,12,0,12,2723
41.0,12,0,13,2731
41.0,12,0,14,2740
41.0,12,0,15,2748
41.0,12,1,0,2632
41.0,12,1,1,2641
41.0,12,1,2,2649
41.0,12,1,3,2658
41.0,12,1,4,2666
41.0,12,1,5,2675
41.0,12,1,6,2683
41.0,12,1,7,2691
41.0,12,1,8,2700
41.0,12,1,9,2708
41.0,12,1,10,2716
41.0,12,1,11,2724
41.0,12,1,12,2732
41.0,12,1,13,2741
41.0,12,1,14,2749
41.0,12,1,15,2757
41.0,12,2,0,2641
41.0,12,2,1,2650
41.0,12,2,2,2658
41.0,12,2,3,2667
41.0,12,2,4,2675
41.0,12,2,5,2683
41.0,12,2,6,2692
41.0,12,2,7,2700
41.0,12,2,8,2708
41.0,12,2,9,2717
41.0,12,2,10,2725
41.0,12,2,11,2733
41.0,12,2,12,2742
41.0,12,2,13,2750
41.0,12,2,14,2758
41.0,12,2,15,2766
41.0,12,3,0,2650
41.0,12,3,1,2658
41.0,12,3,2,2667
41.0,12,3,3,2675
41.0,12,3,4,2684
41.0,12,3,5,2692
41.0,12,3,6,2701
41.0,12,3,7,2709
41.0,12,3,8,2717
41.0,12,3,9,2726
41.0,12,3,10,2734
41.0,12,3,11,2742
41.0,12,3,12,2751
41.0,12,3,13,2759
41.0,12,3,14,2767
41.0,12,3,15,2775
41.0,12,4,0,2659
41.0,12,4,1,2667
41.0,12,4,2,2676
41.0,12,4,3,2684
41.0,12,4,4,2693
41.0,12,4,5,2701
41.0,12,4,6,2710
41.0,12,4,7,2718
41.0,12,4,8,2726
41.0,12,4,9,2735
41.0,12,4,10,2743
41.0,12,4,11,2751
41.0,12,4,12,2760
41.0,12,4,13,2768
41.0,12,4,14,2776
41.0,12,4,15,2784
41.0,12,5,0,2667
41.0,12,5,1,2676
41.0,12,5,2,2684
41.0,12,5,3,2693
41.0,12,5,4,2701
41.0,12,5,5,2710
41.0,12,5,6,2718
41.0,12,5,7,2727
41.0,12,5,8,2735
41.0,12,5,9,2744
41.0,12,5,10,2752
41.0,12,5,11,2760
41.0,12,5,12,2769
41.0,12,5,13,2777
41.0,12,5,14,2785
41.0,12,5,15,2793
41.0,12,6,0,2676
41.0,12,6,1,2685
41.0,12,6,2,2693
41.0,12,6,3,2702
41.0,12,6,4,2710
41.0,12,6,5,2719
41.0,12,6,6,2727
41.0,12,6,7,2736
41.0,12,6,8,2744
41.0,12,6,9,2753
41.0,12,6,10,2761
41.0,12,6,11,2769
41.0,12,6,12,2778
41.0,12,6,13,2786
41.0,12,6,14,2794
41.0,12,6,15,2802
41.0,12,7,0,2685
41.0,12,7,1,2693
41.0,12,7,2,2702
41.0,12,7,3,2710
41.0,12,7,4,2719
41.0,12,7,5,2728
41.0,12,7,6,2736
41.0,12,7,7,2745
41.0,12,7,8,2753
41.0,12,7,9,2761
41.0,12,7,10,2770
41.0,12,7,11,2778
41.0,12,7,12,2787
41.0,12,7,13,2795
41.0,12,7,14,2803
41.0,12,7,15,2811
41.0,12,8,0,2693
41.0,12,8,1,2702
41.0,12,8,2,2710
41.0,12,8,3,2719
41.0,12,8,4,2728
41.0,12,8,5,2736
41.0,12,8,6,2745
41.0,12,8,7,2753
41.0,12,8,8,2762
41.0,12,8,9,2770
41.0,12,8,10,2779
41.0,12,8,11,2787
41.0,12,8,12,2795
41.0,12,8,13,2804
41.0,12,8,14,2812
41.0,12,8,15,2820
41.0,12,9,0,2702
41.0,12,9,1,2710
41.0,12,9,2,2719
41.0,12,9,3,2728
41.0,12,9,4,2736
41.0,12,9,5,2745
41.0,12,9,6,2754
41.0,12,9,7,2762
41.0,12,9,8,2771
41.0,12,9,9,2779
41.0,12,9,10,2788
41.0,12,9,11,2796
41.0,12,9,12,2804
41.0,12,9,13,2813
41.0,12,9,14,2821
41.0,12,9,15,2829
41.0,12,10,0,2710
41.0,12,10,1,2719
41.0,12,10,2,2728
41.0,12,10,3,2736
41.0,12,10,4,2745
41.0,12,10,5,2754
41.0,12,10,6,2762
41.0,12,10,7,2771
41.0,12,10,8,2779
41.0,12,10,9,2788
41.0,12,10,10,2796
41.0,12,10,11,2805
41.0,12,10,12,2813
41.0,12,10,13,2822
41.0,12,10,14,2830
41.0,12,10,15,2838
41.0,12,11,0,2719
41.0,12,11,1,2728
41.0,12,11,2,2736
41.0,12,11,3,2745
41.0,12,11,4,2754
41.0,12,11,5,2762
41.0,12,11,6,2771
41.0,12,11,7,2779
41.0,12,11,8,2788
41.0,12,11,9,2797
41.0,12,11,10,2805
41.0,12,11,11,2814
41.0,12,11,12,2822
41.0,12,11,13,2830
41.0,12,11,14,2839
41.0,12,11,15,2847
41.0,12,12,0,2727
41.0,12,12,1,2736
41.0,12,12,2,2745
41.0,12,12,3,2754
41.0,12,12,4,2762
41.0,12,12,5,2771
41.0,12,12,6,2780
41.0,12,12,7,2788
41.0,12,12,8,2797
41.0,12,12,9,2805
41.0,12,12,10,2814
41.0,12,12,11,2822
41.0,12,12,12,2831
41.0,12,12,13,2839
41.0,12,12,14,2848
41.0,12,12,15,2856
41.0,12,13,0,2736
41.0,12,13,1,2745
41.0,12,13,2,2753
41.0,12,13,3,2762
41.0,12,13,4,2771
41.0,12,13,5,2779
41.0,12,13,6,2788
41.0,12,13,7,2797
41.0,12,13,8,2805
41.0,12,13,9,2814
41.0,12,13,10,2823
41.0,12,13,11,2831
41.0,12,13,12,2840
41.0,12,13,13,2848
41.0,12,13,14,2857
41.0,12,13,15,2865
41.0,12,14,0,2744
41.0,12,14,1,2753
41.0,12,14,2,2762
41.0,12,14,3,2771
41.0,12,14,4,2779
41.0,12,14,5,2788
41.0,12,14,6,2797
41.0,12,14,7,2805
41.0,12,14,8,2814
41.0,12,14,9,2823
41.0,12,14,10,2831
41.0,12,14,11,2840
41.0,12,14,12,2848
41.0,12,14,13,2857
41.0,12,14,14,2865
41.0,12,14,15,2874
41.0,12,15,0,2753
41.0,12,15,1,2761
41.0,12,15,2,2770
41.0,12,15,3,2779
41.0,12,15,4,2788
41.0,12,15,5,2797
41.0,12,15,6,2805
41.0,12,15,7,2814
41.0,12,15,8,2823
41.0,12,15,9,2831
41.0,12,15,10,2840
41.0,12,15,11,2849
41.0,12,15,12,2857
41.0,12,15,13,2866
41.0,12,15,14,2874
41.0,12,15,15,2883
41.0,13,0,0,2633
41.0,13,0,1,2642
41.0,13,0,2,2650
41.0,13,0,3,2659
41.0,13,0,4,2667
41.0,13,0,5,2675
41.0,13,0,6,2684
41.0,13,0,7,2692
41.0,13,0,8,2700
41.0,13,0,9,2709
41.0,13,0,10,2717
41.0,13,0,11,2725
41.0,13,0,12,2733
41.0,13,0,13,2741
41.0,13,0,14,2750
41.0,13,0,15,2758
41.0,13,1,0,2642
41.0,13,1,1,2651
41.0,13,1,2,2659
41.0,13,1,3,2668
41.0,13,1,4,2676
41.0,13,1,5,2684
41.0,13,1,6,2693
41.0,13,1,7,2701
41.0,13,1,8,2709
41.0,13,1,9,2718
41.0,13,1,10,2726
41.0,13,1,11,2734
41.0,13,1,12,2742
41.0,13,1,13,2751
41.0,13,1,14,2759
41.0,13,1,15,2767
41.0,13,2,0,2651
41.0,13,2,1,2659
41.0,13,2,2,2668
41.0,13,2,3,2676
41.0,13,2,4,2685
41.0,13,2,5,2693
41.0,13,2,6,2702
41.0,13,2,7,2710
41.0,13,2,8,2718
41.0,13,2,9,2727
41.0,13,2,10,2735
41.0,13,2,11,2743
41.0,13,2,12,2752
41.0,13,2,13,2760
41.0,13,2,14,2768
41.0,13,2,15,2776
41.0,13,3,0,2660
41.0,13,3,1,2668
41.0,13,3,2,2677
41.0,13,3,3,2685
41.0,13,3,4,2694
41.0,13,3,5,2702
41.0,13,3,6,2711
41.0,13,3,7,2719
41.0,13,3,8,2727
41.0,13,3,9,2736
41.0,13,3,10,2744
41.0,13,3,11,2752
41.0,13,3,12,2761
41.0,13,3,13,2769
41.0,13,3,14,2777
41.0,13,3,15,2785
41.0,13,4,0,2668
41.0,13,4,1,2677
41.0,13,4,2,2686
41.0,13,4,3,2694
41.0,13,4,4,2703
41.0,13,4,5,2711
41.0,13,4,6,2720
41.0,13,4,7,2728
41.0,13,4,8,2736
41.0,13,4,9,2745
41.0,13,4,10,2753
41.0,13,4,11,2761
41.0,13,4,12,2770
41.0,13,4,13,2778
41.0,13,4,14,2786
41.0,13,4,15,2795
41.0,13,5,0,2677
41.0,13,5,1,2686
41.0,13,5,2,2694
41.0,13,5,3,2703
41.0,13,5,4,2711
41.0,13,5,5,2720
41.0,13,5,6,2728
41.0,13,5,7,2737
41.0,13,5,8,2745
41.0,13,5,9,2754
41.0,13,5,10,2762
41.0,13,5,11,2770
41.0,13,5,12,2779
41.0,13,5,13,2787
41.0,13,5,14,2795
41.0,13,5,15,2804
41.0,13,6,0,2686
41.0,13,6,1,2694
41.0,13,6,2,2703
41.0,13,6,3,2712
41.0,13,6,4,2720
41.0,13,6,5,2729
41.0,13,6,6,2737
41.0,13,6,7,2746
41.0,13,6,8,2754
41.0,13,6,9,2763
41.0,13,6,10,2771
41.0,13,6,11,2779
41.0,13,6,12,2788
41.0,13,6,13,2796
41.0,13,6,14,2804
41.0,13,6,15,2813
41.0,13,7,0,2694
41.0,13,7,1,2703
41.0,13,7,2,2712
41.0,13,7,3,2720
41.0,13,7,4,2729
41.0,13,7,5,2738
41.0,13,7,6,2746
41.0,13,7,7,2755
41.0,13,7,8,2763
41.0,13,7,9,2772
41.0,13,7,10,2780
41.0,13,7,11,2788
41.0,13,7,12,2797
41.0,13,7,13,2805
41.0,13,7,14,2813
41.0,13,7,15,2822
41.0,13,8,0,2703
41.0,13,8,1,2712
41.0,13,8,2,2720
41.0,13,8,3,2729
41.0,13,8,4,2738
41.0,13,8,5,2746
41.0,13,8,6,2755
41.0,13,8,7,2763
41.0,13,8,8,2772
41.0,13,8,9,2780
41.0,13,8,10,2789
41.0,13,8,11,2797
41.0,13,8,12,2806
41.0,13,8,13,2814
41.0,13,8,14,2822
41.0,13,8,15,2831
41.0,13,9,0,2712
41.0,13,9,1,2720
41.0,13,9,2,2729
41.0,13,9,3,2738
41.0,13,9,4,2746
41.0,13,9,5,2755
41.0,13,9,6,2764
41.0,13,9,7,2772
41.0,13,9,8,2781
41.0,13,9,9,2789
41.0,13,9,10,2798
41.0,13,9,11,2806
41.0,13,9,12,2815
41.0,13,9,13,2823
41.0,13,9,14,2831
41.0,13,9,15,2840
41.0,13,10,0,2720
41.0,13,10,1,2729
41.0,13,10,2,2738
41.0,13,10,3,2746
41.0,13,10,4,2755
41.0,13,10,5,2764
41.0,13,10,6,2772
41.0,13,10,7,2781
41.0,13,10,8,2790
41.0,13,10,9,2798
41.0,13,10,10,2807
41.0,13,10,11,2815
41.0,13,10,12,2824
41.0,13,10,13,2832
41.0,13,10,14,2840
41.0,13,10,15,2849
41.0,13,11,0,2729
41.0,13,11,1,2738
41.0,13,11,2,2746
41.0,13,11,3,2755
41.0,13,11,4,2764
41.0,13,11,5,2772
41.0,13,11,6,2781
41.0,13,11,7,2790
41.0,13,11,8,2798
41.0,13,11,9,2807
41.0,13,11,10,2815
41.0,13,11,11,2824
41.0,13,11,12,2832
41.0,13,11,13,2841
41.0,13,11,14,2849
41.0,13,11,15,2858
41.0,13,12,0,2737
41.0,13,12,1,2746
41.0,13,12,2,2755
41.0,13,12,3,2764
41.0,13,12,4,2772
41.0,13,12,5,2781
41.0,13,12,6,2790
41.0,13,12,7,2798
41.0,13,12,8,2807
41.0,13,12,9,2816
41.0,13,12,10,2824
41.0,13,12,11,2833
41.0,13,12,12,2841
41.0,13,12,13,2850
41.0,13,12,14,2858
41.0,13,12,15,2867
41.0,13,13,0,2746
41.0,13,13,1,2755
41.0,13,13,2,2763
41.0,13,13,3,2772
41.0,13,13,4,2781
41.0,13,13,5,2790
41.0,13,13,6,2798
41.0,13,13,7,2807
41.0,13,13,8,2816
41.0,13,13,9,2824
41.0,13,13,10,2833
41.0,13,13,11,2842
41.0,13,13,12,2850
41.0,13,13,13,2859
41.0,13,13,14,2867
41.0,13,13,15,2876
41.0,13,14,0,2754
41.0,13,14,1,2763
41.0,13,14,2,2772
41.0,13,14,3,2781
41.0,13,14,4,2790
41.0,13,14,5,2798
41.0,13,14,6,2807
41.0,13,14,7,2816
41.0,13,14,8,2824
41.0,13,14,9,2833
41.0,13,14,10,2842
41.0,13,14,11,2850
41.0,13,14,12,2859
41.0,13,14,13,2867
41.0,13,14,14,2876
41.0,13,14,15,2884
41.0,13,15,0,2763
41.0,13,15,1,2772
41.0,13,15,2,2780
41.0,13,15,3,2789
41.0,13,15,4,2798
41.0,13,15,5,2807
41.0,13,15,6,2816
41.0,13,15,7,2824
41.0,13,15,8,2833
41.0,13,15,9,2842
41.0,13,15,10,2850
41.0,13,15,11,2859
41.0,13,15,12,2868
41.0,13,15,13,2876
41.0,13,15,14,2885
41.0,13,15,15,2893
41.0,14,0,0,2643
41.0,14,0,1,2651
41.0,14,0,2,2660
41.0,14,0,3,2668
41.0,14,0,4,2677
41.0,14,0,5,2685
41.0,14,0,6,2694
41.0,14,0,7,2702
41.0,14,0,8,2710
41.0,14,0,9,2719
41.0,14,0,10,2727
41.0,14,0,11,2735
41.0,14,0,12,2743
41.0,14,0,13,2751
41.0,14,0,14,2760
41.0,14,0,15,2768
41.0,14,1,0,2652
41.0,14,1,1,2660
41.0,14,1,2,2669
41.0,14,1,3,2677
41.0,14,1,4,2686
41.0,14,1,5,2694
41.0,14,1,6,2703
41.0,14,1,7,2711
41.0,14,1,8,2719
41.0,14,1,9,2728
41.0,14,1,10,2736
41.0,14,1,11,2744
41.0,14,1,12,2752
41.0,14,1,13,2761
41.0,14,1,14,2769
41.0,14,1,15,2777
41.0,14,2,0,2661
41.0,14,2,1,2669
41.0,14,2,2,2678
41.0,14,2,3,2686
41.0,14,2,4,2695
41.0,14,2,5,2703
41.0,14,2,6,2712
41.0,14,2,7,2720
41.0,14,2,8,2728
41.0,14,2,9,2737
41.0,14,2,10,2745
41.0,14,2,11,2753
41.0,14,2,12,2762
41.0,14,2,13,2770
41.0,14,2,14,2778
41.0,14,2,15,2786
41.0,14,3,0,2669
41.0,14,3,1,2678
41.0,14,3,2,2686
41.0,14,3,3,2695
41.0,14,3,4,2704
41.0,14,3,5,2712
41.0,14,3,6,2721
41.0,14,3,7,2729
41.0,14,3,8,2737
41.0,14,3,9,2746
41.0,14,3,10,2754
41.0,14,3,11,2762
41.0,14,3,12,2771
41.0,14,3,13,2779
41.0,14,3,14,2787
41.0,14,3,15,2796
41.0,14,4,0,2678
41.0,14,4,1,2687
41.0,14,4,2,2695
41.0,14,4,3,2704
41.0,14,4,4,2712
41.0,14,4,5,2721
41.0,14,4,6,2729
41.0,14,4,7,2738
41.0,14,4,8,2746
41.0,14,4,9,2755
41.0,14,4,10,2763
41.0,14,4,11,2772
41.0,14,4,12,2780
41.0,14,4,13,2788
41.0,14,4,14,2796
41.0,14,4,15,2805
41.0,14,5,0,2687
41.0,14,5,1,2695
41.0,14,5,2,2704
41.0,14,5,3,2713
41.0,14,5,4,2721
41.0,14,5,5,2730
41.0,14,5,6,2738
41.0,14,5,7,2747
41.0,14,5,8,2755
41.0,14,5,9,2764
41.0,14,5,10,2772
41.0,14,5,11,2781
41.0,14,5,12,2789
41.0,14,5,13,2797
41.0,14,5,14,2806
41.0,14,5,15,2814
41.0,14,6,0,2696
41.0,14,6,1,2704
41.0,14,6,2,2713
41.0,14,6,3,2722
41.0,14,6,4,2730
41.0,14,6,5,2739
41.0,14,6,6,2747
41.0,14,6,7,2756
41.0,14,6,8,2764
41.0,14,6,9,2773
41.0,14,6,10,2781
41.0,14,6,11,2790
41.0,14,6,12,2798
41.0,14,6,13,2806
41.0,14,6,14,2815
41.0,14,6,15,2823
41.0,14,7,0,2704
41.0,14,7,1,2713
41.0,14,7,2,2722
41.0,14,7,3,2730
41.0,14,7,4,2739
41.0,14,7,5,2748
41.0,14,7,6,2756
41.0,14,7,7,2765
41.0,14,7,8,2773
41.0,14,7,9,2782
41.0,14,7,10,2790
41.0,14,7,11,2799
41.0,14,7,12,2807
41.0,14,7,13,2815
41.0,14,7,14,2824
41.0,14,7,15,2832
41.0,14,8,0,2713
41.0,14,8,1,2722
41.0,14,8,2,2730
41.0,14,8,3,2739
41.0,14,8,4,2748
41.0,14,8,5,2756
41.0,14,8,6,2765
41.0,14,8,7,2773
41.0,14,8,8,2782
41.0,14,8,9,2791
41.0,14,8,10,2799
41.0,14,8,11,2808
41.0,14,8,12,2816
41.0,14,8,13,2824
41.0,14,8,14,2833
41.0,14,8,15,2841
41.0,14,9,0,2722
41.0,14,9,1,2730
41.0,14,9,2,2739
41.0,14,9,3,2748
41.0,14,9,4,2756
41.0,14,9,5,2765
41.0,14,9,6,2774
41.0,14,9,7,2782
41.0,14,9,8,2791
41.0,14,9,9,2799
41.0,14,9,10,2808
41.0,14,9,11,2816
41.0,14,9,12,2825
41.0,14,9,13,2833
41.0,14,9,14,2842
41.0,14,9,15,2850
41.0,14,10,0,2730
41.0,14,10,1,2739
41.0,14,10,2,2748
41.0,14,10,3,2756
41.0,14,10,4,2765
41.0,14,10,5,2774
41.0,14,10,6,2782
41.0,14,10,7,2791
41.0,14,10,8,2800
41.0,14,10,9,2808
41.0,14,10,10,2817
41.0,14,10,11,2825
41.0,14,10,12,2834
41.0,14,10,13,2842
41.0,14,10,14,2851
41.0,14,10,15,2859
41.0,14,11,0,2739
41.0,14,11,1,2748
41.0,14,11,2,2756
41.0,14,11,3,2765
41.0,14,11,4,2774
41.0,14,11,5,2783
41.0,14,11,6,2791
41.0,14,11,7,2800
41.0,14,11,8,2808
41.0,14,11,9,2817
41.0,14,11,10,2826
41.0,14,11,11,2834
41.0,14,11,12,2843
41.0,14,11,13,2851
41.0,14,11,14,2860
41.0,14,11,15,2868
41.0,14,12,0,2747
41.0,14,12,1,2756
41.0,14,12,2,2765
41.0,14,12,3,2774
41.0,14,12,4,2782
41.0,14,12,5,2791
41.0,14,12,6,2800
41.0,14,12,7,2809
41.0,14,12,8,2817
41.0,14,12,9,2826
41.0,14,12,10,2834
41.0,14,12,11,2843
41.0,14,12,12,2852
41.0,14,12,13,2860
41.0,14,12,14,2869
41.0,14,12,15,2877
41.0,14,13,0,2756
41.0,14,13,1,2765
41.0,14,13,2,2773
41.0,14,13,3,2782
41.0,14,13,4,2791
41.0,14,13,5,2800
41.0,14,13,6,2809
41.0,14,13,7,2817
41.0,14,13,8,2826
41.0,14,13,9,2835
41.0,14,13,10,2843
41.0,14,13,11,2852
41.0,14,13,12,2860
41.0,14,13,13,2869
41.0,14,13,14,2878
41.0,14,13,15,2886
41.0,14,14,0,2764
41.0,14,14,1,2773
41.0,14,14,2,2782
41.0,14,14,3,2791
41.0,14,14,4,2800
41.0,14,14,5,2808
41.0,14,14,6,2817
41.0,14,14,7,2826
41.0,14,14,8,2835
41.0,14,14,9,2843
41.0,14,14,10,2852
41.0,14,14,11,2861
41.0,14,14,12,2869
41.0,14,14,13,2878
41.0,14,14,14,2886
41.0,14,14,15,2895
41.0,14,15,0,2773
41.0,14,15,1,2782
41.0,14,15,2,2791
41.0,14,15,3,2799
41.0,14,15,4,2808
41.0,14,15,5,2817
41.0,14,15,6,2826
41.0,14,15,7,2835
41.0,14,15,8,2843
41.0,14,15,9,2852
41.0,14,15,10,2861
41.0,14,15,11,2869
41.0,14,15,12,2878
41.0,14,15,13,2887
41.0,14,15,14,2895
41.0,14,15,15,2904
41.0,15,0,0,2652
41.0,15,0,1,2661
41.0,15,0,2,2670
41.0,15,0,3,2678
41.0,15,0,4,2686
41.0,15,0,5,2695
41.0,15,0,6,2703
41.0,15,0,7,2712
41.0,15,0,8,2720
41.0,15,0,9,2728
41.0,15,0,10,2737
41.0,15,0,11,2745
41.0,15,0,12,2753
41.0,15,0,13,2761
41.0,15,0,14,2770
41.0,15,0,15,2778
41.0,15,1,0,2661
41.0,15,1,1,2670
41.0,15,1,2,2678
41.0,15,1,3,2687
41.0,15,1,4,2695
41.0,15,1,5,2704
41.0,15,1,6,2712
41.0,15,1,7,2721
41.0,15,1,8,2729
41.0,15,1,9,2738
41.0,15,1,10,2746
41.0,15,1,11,2754
41.0,15,1,12,2762
41.0,15,1,13,2771
41.0,15,1,14,2779
41.0,15,1,15,2787
41.0,15,2,0,2670
41.0,15,2,1,2679
41.0,15,2,2,2687
41.0,15,2,3,2696
41.0,15,2,4,2704
41.0,15,2,5,2713
41.0,15,2,6,2721
41.0,15,2,7,2730
41.0,15,2,8,2738
41.0,15,2,9,2747
41.0,15,2,10,2755
41.0,15,2,11,2763
41.0,15,2,12,2772
41.0,15,2,13,2780
41.0,15,2,14,2788
41.0,15,2,15,2796
41.0,15,3,0,2679
41.0,15,3,1,2688
41.0,15,3,2,2696
41.0,15,3,3,2705
41.0,15,3,4,2713
41.0,15,3,5,2722
41.0,15,3,6,2730
41.0,15,3,7,2739
41.0,15,3,8,2747
41.0,15,3,9,2756
41.0,15,3,10,2764
41.0,15,3,11,2772
41.0,15,3,12,2781
41.0,15,3,13,2789
41.0,15,3,14,2797
41.0,15,3,15,2806
41.0,15,4,0,2688
41.0,15,4,1,2696
41.0,15,4,2,2705
41.0,15,4,3,2714
41.0,15,4,4,2722
41.0,15,4,5,2731
41.0,15,4,6,2739
41.0,15,4,7,2748
41.0,15,4,8,2756
41.0,15,4,9,2765
41.0,15,4,10,2773
41.0,15,4,11,2782
41.0,15,4,12,2790
41.0,15,4,13,2798
41.0,15,4,14,2807
41.0,15,4,15,2815
41.0,15,5,0,2697
41.0,15,5,1,2705
41.0,15,5,2,2714
41.0,15,5,3,2723
41.0,15,5,4,2731
41.0,15,5,5,2740
41.0,15,5,6,2748
41.0,15,5,7,2757
41.0,15,5,8,2765
41.0,15,5,9,2774
41.0,15,5,10,2782
41.0,15,5,11,2791
41.0,15,5,12,2799
41.0,15,5,13,2807
41.0,15,5,14,2816
41.0,15,5,15,2824
41.0,15,6,0,2705
41.0,15,6,1,2714
41.0,15,6,2,2723
41.0,15,6,3,2731
41.0,15,6,4,2740
41.0,15,6,5,2749
41.0,15,6,6,2757
41.0,15,6,7,2766
41.0,15,6,8,2774
41.0,15,6,9,2783
41.0,15,6,10,2791
41.0,15,6,11,2800
41.0,15,6,12,2808
41.0,15,6,13,2817
41.0,15,6,14,2825
41.0,15,6,15,2833
41.0,15,7,0,2714
41.0,15,7,1,2723
41.0,15,7,2,2732
41.0,15,7,3,2740
41.0,15,7,4,2749
41.0,15,7,5,2757
41.0,15,7,6,2766
41.0,15,7,7,2775
41.0,15,7,8,2783
41.0,15,7,9,2792
41.0,15,7,10,2800
41.0,15,7,11,2809
41.0,15,7,12,2817
41.0,15,7,13,2826
41.0,15,7,14,2834
41.0,15,7,15,2842
41.0,15,8,0,2723
41.0,15,8,1,2732
41.0,15,8,2,2740
41.0,15,8,3,2749
41.0,15,8,4,2758
41.0,15,8,5,2766
41.0,15,8,6,2775
41.0,15,8,7,2784
41.0,15,8,8,2792
41.0,15,8,9,2801
41.0,15,8,10,2809
41.0,15,8,11,2818
41.0,15,8,12,2826
41.0,15,8,13,2835
41.0,15,8,14,2843
41.0,15,8,15,2851
41.0,15,9,0,2731
41.0,15,9,1,2740
41.0,15,9,2,2749
41.0,15,9,3,2758
41.0,15,9,4,2766
41.0,15,9,5,2775
41.0,15,9,6,2784
41.0,15,9,7,2792
41.0,15,9,8,2801
41.0,15,9,9,2810
41.0,15,9,10,2818
41.0,15,9,11,2827
41.0,15,9,12,2835
41.0,15,9,13,2844
41.0,15,9,14,2852
41.0,15,9,15,2861
41.0,15,10,0,2740
41.0,15,10,1,2749
41.0,15,10,2,2758
41.0,15,10,3,2766
41.0,15,10,4,2775
41.0,15,10,5,2784
41.0,15,10,6,2793
41.0,15,10,7,2801
41.0,15,10,8,2810
41.0,15,10,9,2818
41.0,15,10,10,2827
41.0,15,10,11,2836
41.0,15,10,12,2844
41.0,15,10,13,2853
41.0,15,10,14,2861
41.0,15,10,15,2870
41.0,15,11,0,2749
41.0,15,11,1,2757
41.0,15,11,2,2766
41.0,15,11,3,2775
41.0,15,11,4,2784
41.0,15,11,5,2793
41.0,15,11,6,2801
41.0,15,11,7,2810
41.0,15,11,8,2819
41.0,15,11,9,2827
41.0,15,11,10,2836
41.0,15,11,11,2845
41.0,15,11,12,2853
41.0,15,11,13,2862
41.0,15,11,14,2870
41.0,15,11,15,2879
41.0,15,12,0,2757
41.0,15,12,1,2766
41.0,15,12,2,2775
41.0,15,12,3,2784
41.0,15,12,4,2793
41.0,15,12,5,2801
41.0,15,12,6,2810
41.0,15,12,7,2819
41.0,15,12,8,2827
41.0,15,12,9,2836
41.0,15,12,10,2845
41.0,15,12,11,2853
41.0,15,12,12,2862
41.0,15,12,13,2871
41.0,15,12,14,2879
41.0,15,12,15,2888
41.0,15,13,0,2766
41.0,15,13,1,2775
41.0,15,13,2,2784
41.0,15,13,3,2792
41.0,15,13,4,2801
41.0,15,13,5,2810
41.0,15,13,6,2819
41.0,15,13,7,2828
41.0,15,13,8,2836
41.0,15,13,9,2845
41.0,15,13,10,2854
41.0,15,13,11,2862
41.0,15,13,12,2871
41.0,15,13,13,2879
41.0,15,13,14,2888
41.0,15,13,15,2897
41.0,15,14,0,2774
41.0,15,14,1,2783
41.0,15,14,2,2792
41.0,15,14,3,2801
41.0,15,14,4,2810
41.0,15,14,5,2819
41.0,15,14,6,2827
41.0,15,14,7,2836
41.0,15,14,8,2845
41.0,15,14,9,2854
41.0,15,14,10,2862
41.0,15,14,11,2871
41.0,15,14,12,2880
41.0,15,14,13,2888
41.0,15,14,14,2897
41.0,15,14,15,2905
41.0,15,15,0,2783
41.0,15,15,1,2792
41.0,15,15,2,2801
41.0,15,15,3,2810
41.0,15,15,4,2818
41.0,15,15,5,2827
41.0,15,15,6,2836
41.0,15,15,7,2845
41.0,15,15,8,2854
41.0,15,15,9,2862
41.0,15,15,10,2871
41.0,15,15,11,2880
41.0,15,15,12,2889
41.0,15,15,13,2897
41.0,15,15,14,2906
41.0,15,15,15,2914
41.5,0,0,0,2524
41.5,0,0,1,2532
41.5,0,0,2,2540
41.5,0,0,3,2548
41.5,0,0,4,2556
41.5,0,0,5,2564
41.5,0,0,6,2572
41.5,0,0,7,2580
41.5,0,0,8,2588
41.5,0,0,9,2596
41.5,0,0,10,2604
41.5,0,0,11,2612
41.5,0,0,12,2620
41.5,0,0,13,2628
41.5,0,0,14,2636
41.5,0,0,15,2643
41.5,0,1,0,2533
41.5,0,1,1,2541
41.5,0,1,2,2549
41.5,0,1,3,2557
41.5,0,1,4,2565
41.5,0,1,5,2573
41.5,0,1,6,2581
41.5,0,1,7,2589
41.5,0,1,8,2597
41.5,0,1,9,2605
41.5,0,1,10,2613
41.5,0,1,11,2621
41.5,0,1,12,2629
41.5,0,1,13,2637
41.5,0,1,14,2644
41.5,0,1,15,2652
41.5,0,2,0,2541
41.5,0,2,1,2549
41.5,0,2,2,2557
41.5,0,2,3,2565
41.5,0,2,4,2574
41.5,0,2,5,2582
41.5,0,2,6,2590
41.5,0,2,7,2598
41.5,0,2,8,2606
41.5,0,2,9,2614
41.5,0,2,10,2622
41.5,0,2,11,2630
41.5,0,2,12,2638
41.5,0,2,13,2645
41.5,0,2,14,2653
41.5,0,2,15,2661
41.5,0,3,0,2549
41.5,0,3,1,2558
41.5,0,3,2,2566
41.5,0,3,3,2574
41.5,0,3,4,2582
41.5,0,3,5,2590
41.5,0,3,6,2598
41.5,0,3,7,2606
41.5,0,3,8,2614
41.5,0,3,9,2622
41.5,0,3,10,2630
41.5,0,3,11,2638
41.5,0,3,12,2646
41.5,0,3,13,2654
41.5,0,3,14,2662
41.5,0,3,15,2670
41.5,0,4,0,2558
41.5,0,4,1,2566
41.5,0,4,2,2574
41.5,0,4,3,2582
41.5,0,4,4,2591
41.5,0,4,5,2599
41.5,0,4,6,2607
41.5,0,4,7,2615
41.5,0,4,8,2623
41.5,0,4,9,2631
41.5,0,4,10,2639
41.5,0,4,11,2647
41.5,0,4,12,2655
41.5,0,4,13,2663
41.5,0,4,14,2671
41.5,0,4,15,2679
41.5,0,5,0,2566
41.5,0,5,1,2574
41.5,0,5,2,2583
41.5,0,5,3,2591
41.5,0,5,4,2599
41.5,0,5,5,2607
41.5,0,5,6,2615
41.5,0,5,7,2623
41.5,0,5,8,2631
41.5,0,5,9,2640
41.5,0,5,10,2648
41.5,0,5,11,2656
41.5,0,5,12,2664
41.5,0,5,13,2672
41.5,0,5,14,2679
41.5,0,5,15,2687
41.5,0,6,0,2574
41.5,0,6,1,2583
41.5,0,6,2,2591
41.5,0,6,3,2599
41.5,0,6,4,2607
41.5,0,6,5,2616
41.5,0,6,6,2624
41.5,0,6,7,2632
41.5,0,6,8,2640
41.5,0,6,9,2648
41.5,0,6,10,2656
41.5,0,6,11,2664
41.5,0,6,12,2672
41.5,0,6,13,2680
41.5,0,6,14,2688
41.5,0,6,15,2696
41.5,0,7,0,2583
41.5,0,7,1,2591
41.5,0,7,2,2599
41.5,0,7,3,2608
41.5,0,7,4,2616
41.5,0,7,5,2624
41.5,0,7,6,2632
41.5,0,7,7,2640
41.5,0,7,8,2649
41.5,0,7,9,2657
41.5,0,7,10,2665
41.5,0,7,11,2673
41.5,0,7,12,2681
41.5,0,7,13,2689
41.5,0,7,14,2697
41.5,0,7,15,2705
41.5,0,8,0,2591
41.5,0,8,1,2599
41.5,0,8,2,2608
41.5,0,8,3,2616
41.5,0,8,4,2624
41.5,0,8,5,2632
41.5,0,8,6,2641
41.5,0,8,7,2649
41.5,0,8,8,2657
41.5,0,8,9,2665
41.5,0,8,10,2673
41.5,0,8,11,2681
41.5,0,8,12,2689
41.5,0,8,13,2697
41.5,0,8,14,2705
41.5,0,8,15,2713
41.5,0,9,0,2599
41.5,0,9,1,2608
41.5,0,9,2,2616
41.5,0,9,3,2624
41.5,0,9,4,2633
41.5,0,9,5,2641
41.5,0,9,6,2649
41.5,0,9,7,2657
41.5,0,9,8,2665
41.5,0,9,9,2674
41.5,0,9,10,2682
41.5,0,9,11,2690
41.5,0,9,12,2698
41.5,0,9,13,2706
41.5,0,9,14,2714
41.5,0,9,15,2722
41.5,0,10,0,2607
41.5,0,10,1,2616
41.5,0,10,2,2624
41.5,0,10,3,2633
41.5,0,10,4,2641
41.5,0,10,5,2649
41.5,0,10,6,2657
41.5,0,10,7,2666
41.5,0,10,8,2674
41.5,0,10,9,2682
41.5,0,10,10,2690
41.5,0,10,11,2698
41.5,0,10,12,2706
41.5,0,10,13,2715
41.5,0,10,14,2723
41.5,0,10,15,2731
41.5,0,11,0,2616
41.5,0,11,1,2624
41.5,0,11,2,2632
41.5,0,11,3,2641
41.5,0,11,4,2649
41.5,0,11,5,2657
41.5,0,11,6,2666
41.5,0,11,7,2674
41.5,0,11,8,2682
41.5,0,11,9,2690
41.5,0,11,10,2699
41.5,0,11,11,2707
41.5,0,11,12,2715
41.5,0,11,13,2723
41.5,0,11,14,2731
41.5,0,11,15,2739
41.5,0,12,0,2624
41.5,0,12,1,2632
41.5,0,12,2,2641
41.5,0,12,3,2649
41.5,0,12,4,2657
41.5,0,12,5,2666
41.5,0,12,6,2674
41.5,0,12,7,2682
41.5,0,12,8,2691
41.5,0,12,9,2699
41.5,0,12,10,2707
41.5,0,12,11,2715
41.5,0,12,12,2723
41.5,0,12,13,2732
41.5,0,12,14,2740
41.5,0,12,15,2748
41.5,0,13,0,2632
41.5,0,13,1,2640
41.5,0,13,2,2649
41.5,0,13,3,2657
41.5,0,13,4,2666
41.5,0,13,5,2674
41.5,0,13,6,2682
41.5,0,13,7,2691
41.5,0,13,8,2699
41.5,0,13,9,2707
41.5,0,13,10,2715
41.5,0,13,11,2724
41.5,0,13,12,2732
41.5,0,13,13,2740
41.5,0,13,14,2748
41.5,0,13,15,2756
41.5,0,14,0,2640
41.5,0,14,1,2649
41.5,0,14,2,2657
41.5,0,14,3,2665
41.5,0,14,4,2674
41.5,0,14,5,2682
41.5,0,14,6,2691
41.5,0,14,7,2699
41.5,0,14,8,2707
41.5,0,14,9,2716
41.5,0,14,10,2724
41.5,0,14,11,2732
41.5,0,14,12,2740
41.5,0,14,13,2749
41.5,0,14,14,2757
41.5,0,14,15,2765
41.5,0,15,0,2648
41.5,0,15,1,2657
41.5,0,15,2,2665
41.5,0,15,3,2674
41.5,0,15,4,2682
41.5,0,15,5,2690
41.5,0,15,6,2699
41.5,0,15,7,2707
41.5,0,15,8,2716
41.5,0,15,9,2724
41.5,0,15,10,2732
41.5,0,15,11,2740
41.5,0,15,12,2749
41.5,0,15,13,2757
41.5,0,15,14,2765
41.5,0,15,15,2773
41.5,1,0,0,2534
41.5,1,0,1,2542
41.5,1,0,2,2550
41.5,1,0,3,2558
41.5,1,0,4,2566
41.5,1,0,5,2574
41.5,1,0,6,2582
41.5,1,0,7,2590
41.5,1,0,8,2598
41.5,1,0,9,2606
41.5,1,0,10,2614
41.5,1,0,11,2622
41.5,1,0,12,2630
41.5,1,0,13,2638
41.5,1,0,14,2646
41.5,1,0,15,2654
41.5,1,1,0,2542
41.5,1,1,1,2550
41.5,1,1,2,2559
41.5,1,1,3,2567
41.5,1,1,4,2575
41.5,1,1,5,2583
41.5,1,1,6,2591
41.5,1,1,7,2599
41.5,1,1,8,2607
41.5,1,1,9,2615
41.5,1,1,10,2623
41.5,1,1,11,2631
41.5,1,1,12,2639
41.5,1,1,13,2647
41.5,1,1,14,2655
41.5,1,1,15,2662
41.5,1,2,0,2551
41.5,1,2,1,2559
41.5,1,2,2,2567
41.5,1,2,3,2575
41.5,1,2,4,2583
41.5,1,2,5,2592
41.5,1,2,6,2600
41.5,1,2,7,2608
41.5,1,2,8,2616
41.5,1,2,9,2624
41.5,1,2,10,2632
41.5,1,2,11,2640
41.5,1,2,12,2648
41.5,1,2,13,2656
41.5,1,2,14,2663
41.5,1,2,15,2671
41.5,1,3,0,2559
41.5,1,3,1,2567
41.5,1,3,2,2576
41.5,1,3,3,2584
41.5,1,3,4,2592
41.5,1,3,5,2600
41.5,1,3,6,2608
41.5,1,3,7,2616
41.5,1,3,8,2624
41.5,1,3,9,2632
41.5,1,3,10,2640
41.5,1,3,11,2648
41.5,1,3,12,2656
41.5,1,3,13,2664
41.5,1,3,14,2672
41.5,1,3,15,2680
41.5,1,4,0,2568
41.5,1,4,1,2576
41.5,1,4,2,2584
41.5,1,4,3,2592
41.5,1,4,4,2600
41.5,1,4,5,2609
41.5,1,4,6,2617
41.5,1,4,7,2625
41.5,1,4,8,2633
41.5,1,4,9,2641
41.5,1,4,10,2649
41.5,1,4,11,2657
41.5,1,4,12,2665
41.5,1,4,13,2673
41.5,1,4,14,2681
41.5,1,4,15,2689
41.5,1,5,0,2576
41.5,1,5,1,2584
41.5,1,5,2,2592
41.5,1,5,3,2601
41.5,1,5,4,2609
41.5,1,5,5,2617
41.5,1,5,6,2625
41.5,1,5,7,2633
41.5,1,5,8,2642
41.5,1,5,9,2650
41.5,1,5,10,2658
41.5,1,5,11,2666
41.5,1,5,12,2674
41.5,1,5,13,2682
41.5,1,5,14,2690
41.5,1,5,15,2698
41.5,1,6,0,2584
41.5,1,6,1,2593
41.5,1,6,2,2601
41.5,1,6,3,2609
41.5,1,6,4,2617
41.5,1,6,5,2626
41.5,1,6,6,2634
41.5,1,6,7,2642
41.5,1,6,8,2650
41.5,1,6,9,2658
41.5,1,6,10,2666
41.5,1,6,11,2674
41.5,1,6,12,2682
41.5,1,6,13,2690
41.5,1,6,14,2698
41.5,1,6,15,2706
41.5,1,7,0,2593
41.5,1,7,1,2601
41.5,1,7,2,2609
41.5,1,7,3,2618
41.5,1,7,4,2626
41.5,1,7,5,2634
41.5,1,7,6,2642
41.5,1,7,7,2650
41.5,1,7,8,2659
41.5,1,7,9,2667
41.5,1,7,10,2675
41.5,1,7,11,2683
41.5,1,7,12,2691
41.5,1,7,13,2699
41.5,1,7,14,2707
41.5,1,7,15,2715
41.5,1,8,0,2601
41.5,1,8,1,2609
41.5,1,8,2,2618
41.5,1,8,3,2626
41.5,1,8,4,2634
41.5,1,8,5,2643
41.5,1,8,6,2651
41.5,1,8,7,2659
41.5,1,8,8,2667
41.5,1,8,9,2675
41.5,1,8,10,2683
41.5,1,8,11,2692
41.5,1,8,12,2700
41.5,1,8,13,2708
41.5,1,8,14,2716
41.5,1,8,15,2724
41.5,1,9,0,2609
41.5,1,9,1,2618
41.5,1,9,2,2626
41.5,1,9,3,2634
41.5,1,9,4,2643
41.5,1,9,5,2651
41.5,1,9,6,2659
41.5,1,9,7,2667
41.5,1,9,8,2676
41.5,1,9,9,2684
41.5,1,9,10,2692
41.5,1,9,11,2700
41.5,1,9,12,2708
41.5,1,9,13,2716
41.5,1,9,14,2724
41.5,1,9,15,2733
41.5,1,10,0,2617
41.5,1,10,1,2626
41.5,1,10,2,2634
41.5,1,10,3,2643
41.5,1,10,4,2651
41.5,1,10,5,2659
41.5,1,10,6,2668
41.5,1,10,7,2676
41.5,1,10,8,2684
41.5,1,10,9,2692
41.5,1,10,10,2701
41.5,1,10,11,2709
41.5,1,10,12,2717
41.5,1,10,13,2725
41.5,1,10,14,2733
41.5,1,10,15,2741
41.5,1,11,0,2626
41.5,1,11,1,2634
41.5,1,11,2,2643
41.5,1,11,3,2651
41.5,1,11,4,2659
41.5,1,11,5,2668
41.5,1,11,6,2676
41.5,1,11,7,2684
41.5,1,11,8,2693
41.5,1,11,9,2701
41.5,1,11,10,2709
41.5,1,11,11,2717
41.5,1,11,12,2725
41.5,1,11,13,2734
41.5,1,11,14,2742
41.5,1,11,15,2750
41.5,1,12,0,2634
41.5,1,12,1,2642
41.5,1,12,2,2651
41.5,1,12,3,2659
41.5,1,12,4,2668
41.5,1,12,5,2676
41.5,1,12,6,2684
41.5,1,12,7,2693
41.5,1,12,8,2701
41.5,1,12,9,2709
41.5,1,12,10,2717
41.5,1,12,11,2726
41.5,1,12,12,2734
41.5,1,12,13,2742
41.5,1,12,14,2750
41.5,1,12,15,2758
41.5,1,13,0,2642
41.5,1,13,1,2650
41.5,1,13,2,2659
41.5,1,13,3,2667
41.5,1,13,4,2676
41.5,1,13,5,2684
41.5,1,13,6,2693
41.5,1,13,7,2701
41.5,1,13,8,2709
41.5,1,13,9,2718
41.5,1,13,10,2726
41.5,1,13,11,2734
41.5,1,13,12,2742
41.5,1,13,13,2751
41.5,1,13,14,2759
41.5,1,13,15,2767
41.5,1,14,0,2650
41.5,1,14,1,2659
41.5,1,14,2,2667
41.5,1,14,3,2676
41.5,1,14,4,2684
41.5,1,14,5,2693
41.5,1,14,6,2701
41.5,1,14,7,2709
41.5,1,14,8,2718
41.5,1,14,9,2726
41.5,1,14,10,2734
41.5,1,14,11,2743
41.5,1,14,12,2751
41.5,1,14,13,2759
41.5,1,14,14,2767
41.5,1,14,15,2775
41.5,1,15,0,2658
41.5,1,15,1,2667
41.5,1,15,2,2675
41.5,1,15,3,2684
41.5,1,15,4,2692
41.5,1,15,5,2701
41.5,1,15,6,2709
41.5,1,15,7,2718
41.5,1,15,8,2726
41.5,1,15,9,2734
41.5,1,15,10,2743
41.5,1,15,11,2751
41.5,1,15,12,2759
41.5,1,15,13,2767
41.5,1,15,14,2776
41.5,1,15,15,2784
41.5,2,0,0,2543
41.5,2,0,1,2552
41.5,2,0,2,2560
41.5,2,0,3,2568
41.5,2,0,4,2576
41.5,2,0,5,2584
41.5,2,0,6,2592
41.5,2,0,7,2600
41.5,2,0,8,2608
41.5,2,0,9,2616
41.5,2,0,10,2624
41.5,2,0,11,2632
41.5,2,0,12,2640
41.5,2,0,13,2648
41.5,2,0,14,2656
41.5,2,0,15,2664
41.5,2,1,0,2552
41.5,2,1,1,2560
41.5,2,1,2,2568
41.5,2,1,3,2577
41.5,2,1,4,2585
41.5,2,1,5,2593
41.5,2,1,6,2601
41.5,2,1,7,2609
41.5,2,1,8,2617
41.5,2,1,9,2625
41.5,2,1,10,2633
41.5,2,1,11,2641
41.5,2,1,12,2649
41.5,2,1,13,2657
41.5,2,1,14,2665
41.5,2,1,15,2673
41.5,2,2,0,2560
41.5,2,2,1,2569
41.5,2,2,2,2577
41.5,2,2,3,2585
41.5,2,2,4,2593
41.5,2,2,5,2601
41.5,2,2,6,2610
41.5,2,2,7,2618
41.5,2,2,8,2626
41.5,2,2,9,2634
41.5,2,2,10,2642
41.5,2,2,11,2650
41.5,2,2,12,2658
41.5,2,2,13,2666
41.5,2,2,14,2674
41.5,2,2,15,2681
41.5,2,3,0,2569
41.5,2,3,1,2577
41.5,2,3,2,2585
41.5,2,3,3,2594
41.5,2,3,4,2602
41.5,2,3,5,2610
41.5,2,3,6,2618
41.5,2,3,7,2626
41.5,2,3,8,2634
41.5,2,3,9,2642
41.5,2,3,10,2650
41.5,2,3,11,2659
41.5,2,3,12,2667
41.5,2,3,13,2674
41.5,2,3,14,2682
41.5,2,3,15,2690
41.5,2,4,0,2577
41.5,2,4,1,2586
41.5,2,4,2,2594
41.5,2,4,3,2602
41.5,2,4,4,2610
41.5,2,4,5,2619
41.5,2,4,6,2627
41.5,2,4,7,2635
41.5,2,4,8,2643
41.5,2,4,9,2651
41.5,2,4,10,2659
41.5,2,4,11,2667
41.5,2,4,12,2675
41.5,2,4,13,2683
41.5,2,4,14,2691
41.5,2,4,15,2699
41.5,2,5,0,2586
41.5,2,5,1,2594
41.5,2,5,2,2602
41.5,2,5,3,2611
41.5,2,5,4,2619
41.5,2,5,5,2627
41.5,2,5,6,2635
41.5,2,5,7,2644
41.5,2,5,8,2652
41.5,2,5,9,2660
41.5,2,5,10,2668
41.5,2,5,11,2676
41.5,2,5,12,2684
41.5,2,5,13,2692
41.5,2,5,14,2700
41.5,2,5,15,2708
41.5,2,6,0,2594
41.5,2,6,1,2602
41.5,2,6,2,2611
41.5,2,6,3,2619
41.5,2,6,4,2627
41.5,2,6,5,2636
41.5,2,6,6,2644
41.5,2,6,7,2652
41.5,2,6,8,2660
41.5,2,6,9,2668
41.5,2,6,10,2677
41.5,2,6,11,2685
41.5,2,6,12,2693
41.5,2,6,13,2701
41.5,2,6,14,2709
41.5,2,6,15,2717
41.5,2,7,0,2602
41.5,2,7,1,2611
41.5,2,7,2,2619
41.5,2,7,3,2628
41.5,2,7,4,2636
41.5,2,7,5,2644
41.5,2,7,6,2652
41.5,2,7,7,2661
41.5,2,7,8,2669
41.5,2,7,9,2677
41.5,2,7,10,2685
41.5,2,7,11,2693
41.5,2,7,12,2701
41.5,2,7,13,2709
41.5,2,7,14,2718
41.5,2,7,15,2726
41.5,2,8,0,2611
41.5,2,8,1,2619
41.5,2,8,2,2628
41.5,2,8,3,2636
41.5,2,8,4,2644
41.5,2,8,5,2653
41.5,2,8,6,2661
41.5,2,8,7,2669
41.5,2,8,8,2677
41.5,2,8,9,2686
41.5,2,8,10,2694
41.5,2,8,11,2702
41.5,2,8,12,2710
41.5,2,8,13,2718
41.5,2,8,14,2726
41.5,2,8,15,2734
41.5,2,9,0,2619
41.5,2,9,1,2628
41.5,2,9,2,2636
41.5,2,9,3,2644
41.5,2,9,4,2653
41.5,2,9,5,2661
41.5,2,9,6,2669
41.5,2,9,7,2678
41.5,2,9,8,2686
41.5,2,9,9,2694
41.5,2,9,10,2702
41.5,2,9,11,2710
41.5,2,9,12,2719
41.5,2,9,13,2727
41.5,2,9,14,2735
41.5,2,9,15,2743
41.5,2,10,0,2627
41.5,2,10,1,2636
41.5,2,10,2,2644
41.5,2,10,3,2653
41.5,2,10,4,2661
41.5,2,10,5,2669
41.5,2,10,6,2678
41.5,2,10,7,2686
41.5,2,10,8,2694
41.5,2,10,9,2703
41.5,2,10,10,2711
41.5,2,10,11,2719
41.5,2,10,12,2727
41.5,2,10,13,2735
41.5,2,10,14,2744
41.5,2,10,15,2752
41.5,2,11,0,2636
41.5,2,11,1,2644
41.5,2,11,2,2653
41.5,2,11,3,2661
41.5,2,11,4,2669
41.5,2,11,5,2678
41.5,2,11,6,2686
41.5,2,11,7,2695
41.5,2,11,8,2703
41.5,2,11,9,2711
41.5,2,11,10,2719
41.5,2,11,11,2728
41.5,2,11,12,2736
41.5,2,11,13,2744
41.5,2,11,14,2752
41.5,2,11,15,2760
41.5,2,12,0,2644
41.5,2,12,1,2652
41.5,2,12,2,2661
41.5,2,12,3,2669
41.5,2,12,4,2678
41.5,2,12,5,2686
41.5,2,12,6,2695
41.5,2,12,7,2703
41.5,2,12,8,2711
41.5,2,12,9,2720
41.5,2,12,10,2728
41.5,2,12,11,2736
41.5,2,12,12,2744
41.5,2,12,13,2753
41.5,2,12,14,2761
41.5,2,12,15,2769
41.5,2,13,0,2652
41.5,2,13,1,2661
41.5,2,13,2,2669
41.5,2,13,3,2678
41.5,2,13,4,2686
41.5,2,13,5,2695
41.5,2,13,6,2703
41.5,2,13,7,2711
41.5,2,13,8,2720
41.5,2,13,9,2728
41.5,2,13,10,2736
41.5,2,13,11,2745
41.5,2,13,12,2753
41.5,2,13,13,2761
41.5,2,13,14,2769
41.5,2,13,15,2777
41.5,2,14,0,2660
41.5,2,14,1,2669
41.5,2,14,2,2677
41.5,2,14,3,2686
41.5,2,14,4,2694
41.5,2,14,5,2703
41.5,2,14,6,2711
41.5,2,14,7,2720
41.5,2,14,8,2728
41.5,2,14,9,2736
41.5,2,14,10,2745
41.5,2,14,11,2753
41.5,2,14,12,2761
41.5,2,14,13,2770
41.5,2,14,14,2778
41.5,2,14,15,2786
41.5,2,15,0,2668
41.5,2,15,1,2677
41.5,2,15,2,2686
41.5,2,15,3,2694
41.5,2,15,4,2703
41.5,2,15,5,2711
41.5,2,15,6,2720
41.5,2,15,7,2728
41.5,2,15,8,2736
41.5,2,15,9,2745
41.5,2,15,10,2753
41.5,2,15,11,2761
41.5,2,15,12,2770
41.5,2,15,13,2778
41.5,2,15,14,2786
41.5,2,15,15,2795
41.5,3,0,0,2553
41.5,3,0,1,2561
41.5,3,0,2,2570
41.5,3,0,3,2578
41.5,3,0,4,2586
41.5,3,0,5,2594
41.5,3,0,6,2602
41.5,3,0,7,2610
41.5,3,0,8,2618
41.5,3,0,9,2626
41.5,3,0,10,2634
41.5,3,0,11,2642
41.5,3,0,12,2650
41.5,3,0,13,2658
41.5,3,0,14,2666
41.5,3,0,15,2674
41.5,3,1,0,2562
41.5,3,1,1,2570
41.5,3,1,2,2578
41.5,3,1,3,2586
41.5,3,1,4,2594
41.5,3,1,5,2603
41.5,3,1,6,2611
41.5,3,1,7,2619
41.5,3,1,8,2627
41.5,3,1,9,2635
41.5,3,1,10,2643
41.5,3,1,11,2651
41.5,3,1,12,2659
41.5,3,1,13,2667
41.5,3,1,14,2675
41.5,3,1,15,2683
41.5,3,2,0,2570
41.5,3,2,1,2578
41.5,3,2,2,2587
41.5,3,2,3,2595
41.5,3,2,4,2603
41.5,3,2,5,2611
41.5,3,2,6,2619
41.5,3,2,7,2628
41.5,3,2,8,2636
41.5,3,2,9,2644
41.5,3,2,10,2652
41.5,3,2,11,2660
41.5,3,2,12,2668
41.5,3,2,13,2676
41.5,3,2,14,2684
41.5,3,2,15,2692
41.5,3,3,0,2579
41.5,3,3,1,2587
41.5,3,3,2,2595
41.5,3,3,3,2604
41.5,3,3,4,2612
41.5,3,3,5,2620
41.5,3,3,6,2628
41.5,3,3,7,2636
41.5,3,3,8,2644
41.5,3,3,9,2652
41.5,3,3,10,2661
41.5,3,3,11,2669
41.5,3,3,12,2677
41.5,3,3,13,2685
41.5,3,3,14,2693
41.5,3,3,15,2701
41.5,3,4,0,2587
41.5,3,4,1,2595
41.5,3,4,2,2604
41.5,3,4,3,2612
41.5,3,4,4,2620
41.5,3,4,5,2629
41.5,3,4,6,2637
41.5,3,4,7,2645
41.5,3,4,8,2653
41.5,3,4,9,2661
41.5,3,4,10,2669
41.5,3,4,11,2677
41.5,3,4,12,2685
41.5,3,4,13,2693
41.5,3,4,14,2701
41.5,3,4,15,2709
41.5,3,5,0,2596
41.5,3,5,1,2604
41.5,3,5,2,2612
41.5,3,5,3,2621
41.5,3,5,4,2629
41.5,3,5,5,2637
41.5,3,5,6,2645
41.5,3,5,7,2654
41.5,3,5,8,2662
41.5,3,5,9,2670
41.5,3,5,10,2678
41.5,3,5,11,2686
41.5,3,5,12,2694
41.5,3,5,13,2702
41.5,3,5,14,2710
41.5,3,5,15,2718
41.5,3,6,0,2604
41.5,3,6,1,2612
41.5,3,6,2,2621
41.5,3,6,3,2629
41.5,3,6,4,2637
41.5,3,6,5,2646
41.5,3,6,6,2654
41.5,3,6,7,2662
41.5,3,6,8,2670
41.5,3,6,9,2679
41.5,3,6,10,2687
41.5,3,6,11,2695
41.5,3,6,12,2703
41.5,3,6,13,2711
41.5,3,6,14,2719
41.5,3,6,15,2727
41.5,3,7,0,2612
41.5,3,7,1,2621
41.5,3,7,2,2629
41.5,3,7,3,2638
41.5,3,7,4,2646
41.5,3,7,5,2654
41.5,3,7,6,2662
41.5,3,7,7,2671
41.5,3,7,8,2679
41.5,3,7,9,2687
41.5,3,7,10,2695
41.5,3,7,11,2704
41.5,3,7,12,2712
41.5,3,7,13,2720
41.5,3,7,14,2728
41.5,3,7,15,2736
41.5,3,8,0,2621
41.5,3,8,1,2629
41.5,3,8,2,2638
41.5,3,8,3,2646
41.5,3,8,4,2654
41.5,3,8,5,2663
41.5,3,8,6,2671
41.5,3,8,7,2679
41.5,3,8,8,2688
41.5,3,8,9,2696
41.5,3,8,10,2704
41.5,3,8,11,2712
41.5,3,8,12,2720
41.5,3,8,13,2728
41.5,3,8,14,2737
41.5,3,8,15,2745
41.5,3,9,0,2629
41.5,3,9,1,2638
41.5,3,9,2,2646
41.5,3,9,3,2654
41.5,3,9,4,2663
41.5,3,9,5,2671
41.5,3,9,6,2679
41.5,3,9,7,2688
41.5,3,9,8,2696
41.5,3,9,9,2704
41.5,3,9,10,2713
41.5,3,9,11,2721
41.5,3,9,12,2729
41.5,3,9,13,2737
41.5,3,9,14,2745
41.5,3,9,15,2753
41.5,3,10,0,2637
41.5,3,10,1,2646
41.5,3,10,2,2654
41.5,3,10,3,2663
41.5,3,10,4,2671
41.5,3,10,5,2680
41.5,3,10,6,2688
41.5,3,10,7,2696
41.5,3,10,8,2705
41.5,3,10,9,2713
41.5,3,10,10,2721
41.5,3,10,11,2729
41.5,3,10,12,2738
41.5,3,10,13,2746
41.5,3,10,14,2754
41.5,3,10,15,2762
41.5,3,11,0,2646
41.5,3,11,1,2654
41.5,3,11,2,2663
41.5,3,11,3,2671
41.5,3,11,4,2680
41.5,3,11,5,2688
41.5,3,11,6,2696
41.5,3,11,7,2705
41.5,3,11,8,2713
41.5,3,11,9,2721
41.5,3,11,10,2730
41.5,3,11,11,2738
41.5,3,11,12,2746
41.5,3,11,13,2754
41.5,3,11,14,2763
41.5,3,11,15,2771
41.5,3,12,0,2654
41.5,3,12,1,2662
41.5,3,12,2,2671
41.5,3,12,3,2679
41.5,3,12,4,2688
41.5,3,12,5,2696
41.5,3,12,6,2705
41.5,3,12,7,2713
41.5,3,12,8,2722
41.5,3,12,9,2730
41.5,3,12,10,2738
41.5,3,12,11,2747
41.5,3,12,12,2755
41.5,3,12,13,2763
41.5,3,12,14,2771
41.5,3,12,15,2779
41.5,3,13,0,2662
41.5,3,13,1,2671
41.5,3,13,2,2679
41.5,3,13,3,2688
41.5,3,13,4,2696
41.5,3,13,5,2705
41.5,3,13,6,2713
41.5,3,13,7,2722
41.5,3,13,8,2730
41.5,3,13,9,2738
41.5,3,13,10,2747
41.5,3,13,11,2755
41.5,3,13,12,2763
41.5,3,13,13,2772
41.5,3,13,14,2780
41.5,3,13,15,2788
41.5,3,14,0,2670
41.5,3,14,1,2679
41.5,3,14,2,2688
41.5,3,14,3,2696
41.5,3,14,4,2705
41.5,3,14,5,2713
41.5,3,14,6,2722
41.5,3,14,7,2730
41.5,3,14,8,2738
41.5,3,14,9,2747
41.5,3,14,10,2755
41.5,3,14,11,2764
41.5,3,14,12,2772
41.5,3,14,13,2780
41.5,3,14,14,2788
41.5,3,14,15,2797
41.5,3,15,0,2679
41.5,3,15,1,2687
41.5,3,15,2,2696
41.5,3,15,3,2704
41.5,3,15,4,2713
41.5,3,15,5,2721
41.5,3,15,6,2730
41.5,3,15,7,2738
41.5,3,15,8,2747
41.5,3,15,9,2755
41.5,3,15,10,2764
41.5,3,15,11,2772
41.5,3,15,12,2780
41.5,3,15,13,2789
41.5,3,15,14,2797
41.5,3,15,15,2805
41.5,4,0,0,2563
41.5,4,0,1,2571
41.5,4,0,2,2579
41.5,4,0,3,2587
41.5,4,0,4,2596
41.5,4,0,5,2604
41.5,4,0,6,2612
41.5,4,0,7,2620
41.5,4,0,8,2628
41.5,4,0,9,2636
41.5,4,0,10,2644
41.5,4,0,11,2652
41.5,4,0,12,2660
41.5,4,0,13,2668
41.5,4,0,14,2676
41.5,4,0,15,2684
41.5,4,1,0,2571
41.5,4,1,1,2580
41.5,4,1,2,2588
41.5,4,1,3,2596
41.5,4,1,4,2604
41.5,4,1,5,2613
41.5,4,1,6,2621
41.5,4,1,7,2629
41.5,4,1,8,2637
41.5,4,1,9,2645
41.5,4,1,10,2653
41.5,4,1,11,2661
41.5,4,1,12,2669
41.5,4,1,13,2677
41.5,4,1,14,2685
41.5,4,1,15,2693
41.5,4,2,0,2580
41.5,4,2,1,2588
41.5,4,2,2,2597
41.5,4,2,3,2605
41.5,4,2,4,2613
41.5,4,2,5,2621
41.5,4,2,6,2629
41.5,4,2,7,2638
41.5,4,2,8,2646
41.5,4,2,9,2654
41.5,4,2,10,2662
41.5,4,2,11,2670
41.5,4,2,12,2678
41.5,4,2,13,2686
41.5,4,2,14,2694
41.5,4,2,15,2702
41.5,4,3,0,2588
41.5,4,3,1,2597
41.5,4,3,2,2605
41.5,4,3,3,2613
41.5,4,3,4,2622
41.5,4,3,5,2630
41.5,4,3,6,2638
41.5,4,3,7,2646
41.5,4,3,8,2654
41.5,4,3,9,2663
41.5,4,3,10,2671
41.5,4,3,11,2679
41.5,4,3,12,2687
41.5,4,3,13,2695
41.5,4,3,14,2703
41.5,4,3,15,2711
41.5,4,4,0,2597
41.5,4,4,1,2605
41.5,4,4,2,2614
41.5,4,4,3,2622
41.5,4,4,4,2630
41.5,4,4,5,2639
41.5,4,4,6,2647
41.5,4,4,7,2655
41.5,4,4,8,2663
41.5,4,4,9,2671
41.5,4,4,10,2679
41.5,4,4,11,2688
41.5,4,4,12,2696
41.5,4,4,13,2704
41.5,4,4,14,2712
41.5,4,4,15,2720
41.5,4,5,0,2605
41.5,4,5,1,2614
41.5,4,5,2,2622
41.5,4,5,3,2631
41.5,4,5,4,2639
41.5,4,5,5,2647
41.5,4,5,6,2655
41.5,4,5,7,2664
41.5,4,5,8,2672
41.5,4,5,9,2680
41.5,4,5,10,2688
41.5,4,5,11,2696
41.5,4,5,12,2704
41.5,4,5,13,2712
41.5,4,5,14,2721
41.5,4,5,15,2729
41.5,4,6,0,2614
41.5,4,6,1,2622
41.5,4,6,2,2631
41.5,4,6,3,2639
41.5,4,6,4,2647
41.5,4,6,5,2656
41.5,4,6,6,2664
41.5,4,6,7,2672
41.5,4,6,8,2680
41.5,4,6,9,2689
41.5,4,6,10,2697
41.5,4,6,11,2705
41.5,4,6,12,2713
41.5,4,6,13,2721
41.5,4,6,14,2729
41.5,4,6,15,2737
41.5,4,7,0,2622
41.5,4,7,1,2631
41.5,4,7,2,2639
41.5,4,7,3,2648
41.5,4,7,4,2656
41.5,4,7,5,2664
41.5,4,7,6,2673
41.5,4,7,7,2681
41.5,4,7,8,2689
41.5,4,7,9,2697
41.5,4,7,10,2706
41.5,4,7,11,2714
41.5,4,7,12,2722
41.5,4,7,13,2730
41.5,4,7,14,2738
41.5,4,7,15,2746
41.5,4,8,0,2631
41.5,4,8,1,2639
41.5,4,8,2,2648
41.5,4,8,3,2656
41.5,4,8,4,2664
41.5,4,8,5,2673
41.5,4,8,6,2681
41.5,4,8,7,2689
41.5,4,8,8,2698
41.5,4,8,9,2706
41.5,4,8,10,2714
41.5,4,8,11,2722
41.5,4,8,12,2731
41.5,4,8,13,2739
41.5,4,8,14,2747
41.5,4,8,15,2755
41.5,4,9,0,2639
41.5,4,9,1,2648
41.5,4,9,2,2656
41.5,4,9,3,2664
41.5,4,9,4,2673
41.5,4,9,5,2681
41.5,4,9,6,2690
41.5,4,9,7,2698
41.5,4,9,8,2706
41.5,4,9,9,2715
41.5,4,9,10,2723
41.5,4,9,11,2731
41.5,4,9,12,2739
41.5,4,9,13,2748
41.5,4,9,14,2756
41.5,4,9,15,2764
41.5,4,10,0,2647
41.5,4,10,1,2656
41.5,4,10,2,2664
41.5,4,10,3,2673
41.5,4,10,4,2681
41.5,4,10,5,2690
41.5,4,10,6,2698
41.5,4,10,7,2707
41.5,4,10,8,2715
41.5,4,10,9,2723
41.5,4,10,10,2731
41.5,4,10,11,2740
41.5,4,10,12,2748
41.5,4,10,13,2756
41.5,4,10,14,2764
41.5,4,10,15,2773
41.5,4,11,0,2656
41.5,4,11,1,2664
41.5,4,11,2,2673
41.5,4,11,3,2681
41.5,4,11,4,2690
41.5,4,11,5,2698
41.5,4,11,6,2707
41.5,4,11,7,2715
41.5,4,11,8,2723
41.5,4,11,9,2732
41.5,4,11,10,2740
41.5,4,11,11,2748
41.5,4,11,12,2757
41.5,4,11,13,2765
41.5,4,11,14,2773
41.5,4,11,15,2781
41.5,4,12,0,2664
41.5,4,12,1,2673
41.5,4,12,2,2681
41.5,4,12,3,2690
41.5,4,12,4,2698
41.5,4,12,5,2707
41.5,4,12,6,2715
41.5,4,12,7,2723
41.5,4,12,8,2732
41.5,4,12,9,2740
41.5,4,12,10,2749
41.5,4,12,11,2757
41.5,4,12,12,2765
41.5,4,12,13,2773
41.5,4,12,14,2782
41.5,4,12,15,2790
41.5,4,13,0,2672
41.5,4,13,1,2681
41.5,4,13,2,2689
41.5,4,13,3,2698
41.5,4,13,4,2707
41.5,4,13,5,2715
41.5,4,13,6,2723
41.5,4,13,7,2732
41.5,4,13,8,2740
41.5,4,13,9,2749
41.5,4,13,10,2757
41.5,4,13,11,2765
41.5,4,13,12,2774
41.5,4,13,13,2782
41.5,4,13,14,2790
41.5,4,13,15,2799
41.5,4,14,0,2680
41.5,4,14,1,2689
41.5,4,14,2,2698
41.5,4,14,3,2706
41.5,4,14,4,2715
41.5,4,14,5,2723
41.5,4,14,6,2732
41.5,4,14,7,2740
41.5,4,14,8,2749
41.5,4,14,9,2757
41.5,4,14,10,2766
41.5,4,14,11,2774
41.5,4,14,12,2782
41.5,4,14,13,2791
41.5,4,14,14,2799
41.5,4,14,15,2807
41.5,4,15,0,2689
41.5,4,15,1,2697
41.5,4,15,2,2706
41.5,4,15,3,2715
41.5,4,15,4,2723
41.5,4,15,5,2732
41.5,4,15,6,2740
41.5,4,15,7,2749
41.5,4,15,8,2757
41.5,4,15,9,2766
41.5,4,15,10,2774
41.5,4,15,11,2782
41.5,4,15,12,2791
41.5,4,15,13,2799
41.5,4,15,14,2808
41.5,4,15,15,2816
41.5,5,0,0,2572
41.5,5,0,1,2581
41.5,5,0,2,2589
41.5,5,0,3,2597
41.5,5,0,4,2605
41.5,5,0,5,2614
41.5,5,0,6,2622
41.5,5,0,7,2630
41.5,5,0,8,2638
41.5,5,0,9,2646
41.5,5,0,10,2654
41.5,5,0,11,2662
41.5,5,0,12,2670
41.5,5,0,13,2678
41.5,5,0,14,2686
41.5,5,0,15,2694
41.5,5,1,0,2581
41.5,5,1,1,2589
41.5,5,1,2,2598
41.5,5,1,3,2606
41.5,5,1,4,2614
41.5,5,1,5,2622
41.5,5,1,6,2631
41.5,5,1,7,2639
41.5,5,1,8,2647
41.5,5,1,9,2655
41.5,5,1,10,2663
41.5,5,1,11,2671
41.5,5,1,12,2679
41.5,5,1,13,2687
41.5,5,1,14,2695
41.5,5,1,15,2703
41.5,5,2,0,2590
41.5,5,2,1,2598
41.5,5,2,2,2606
41.5,5,2,3,2615
41.5,5,2,4,2623
41.5,5,2,5,2631
41.5,5,2,6,2639
41.5,5,2,7,2647
41.5,5,2,8,2656
41.5,5,2,9,2664
41.5,5,2,10,2672
41.5,5,2,11,2680
41.5,5,2,12,2688
41.5,5,2,13,2696
41.5,5,2,14,2704
41.5,5,2,15,2712
41.5,5,3,0,2598
41.5,5,3,1,2607
41.5,5,3,2,2615
41.5,5,3,3,2623
41.5,5,3,4,2632
41.5,5,3,5,2640
41.5,5,3,6,2648
41.5,5,3,7,2656
41.5,5,3,8,2664
41.5,5,3,9,2673
41.5,5,3,10,2681
41.5,5,3,11,2689
41.5,5,3,12,2697
41.5,5,3,13,2705
41.5,5,3,14,2713
41.5,5,3,15,2721
41.5,5,4,0,2607
41.5,5,4,1,2615
41.5,5,4,2,2624
41.5,5,4,3,2632
41.5,5,4,4,2640
41.5,5,4,5,2648
41.5,5,4,6,2657
41.5,5,4,7,2665
41.5,5,4,8,2673
41.5,5,4,9,2681
41.5,5,4,10,2690
41.5,5,4,11,2698
41.5,5,4,12,2706
41.5,5,4,13,2714
41.5,5,4,14,2722
41.5,5,4,15,2730
41.5,5,5,0,2615
41.5,5,5,1,2624
41.5,5,5,2,2632
41.5,5,5,3,2640
41.5,5,5,4,2649
41.5,5,5,5,2657
41.5,5,5,6,2665
41.5,5,5,7,2674
41.5,5,5,8,2682
41.5,5,5,9,2690
41.5,5,5,10,2698
41.5,5,5,11,2706
41.5,5,5,12,2715
41.5,5,5,13,2723
41.5,5,5,14,2731
41.5,5,5,15,2739
41.5,5,6,0,2624
41.5,5,6,1,2632
41.5,5,6,2,2641
41.5,5,6,3,2649
41.5,5,6,4,2657
41.5,5,6,5,2666
41.5,5,6,6,2674
41.5,5,6,7,2682
41.5,5,6,8,2691
41.5,5,6,9,2699
41.5,5,6,10,2707
41.5,5,6,11,2715
41.5,5,6,12,2723
41.5,5,6,13,2732
41.5,5,6,14,2740
41.5,5,6,15,2748
41.5,5,7,0,2632
41.5,5,7,1,2641
41.5,5,7,2,2649
41.5,5,7,3,2658
41.5,5,7,4,2666
41.5,5,7,5,2674
41.5,5,7,6,2683
41.5,5,7,7,2691
41.5,5,7,8,2699
41.5,5,7,9,2708
41.5,5,7,10,2716
41.5,5,7,11,2724
41.5,5,7,12,2732
41.5,5,7,13,2740
41.5,5,7,14,2749
41.5,5,7,15,2757
41.5,5,8,0,2641
41.5,5,8,1,2649
41.5,5,8,2,2658
41.5,5,8,3,2666
41.5,5,8,4,2674
41.5,5,8,5,2683
41.5,5,8,6,2691
41.5,5,8,7,2700
41.5,5,8,8,2708
41.5,5,8,9,2716
41.5,5,8,10,2724
41.5,5,8,11,2733
41.5,5,8,12,2741
41.5,5,8,13,2749
41.5,5,8,14,2757
41.5,5,8,15,2765
41.5,5,9,0,2649
41.5,5,9,1,2658
41.5,5,9,2,2666
41.5,5,9,3,2675
41.5,5,9,4,2683
41.5,5,9,5,2691
41.5,5,9,6,2700
41.5,5,9,7,2708
41.5,5,9,8,2717
41.5,5,9,9,2725
41.5,5,9,10,2733
41.5,5,9,11,2741
41.5,5,9,12,2750
41.5,5,9,13,2758
41.5,5,9,14,2766
41.5,5,9,15,2774
41.5,5,10,0,2657
41.5,5,10,1,2666
41.5,5,10,2,2674
41.5,5,10,3,2683
41.5,5,10,4,2691
41.5,5,10,5,2700
41.5,5,10,6,2708
41.5,5,10,7,2717
41.5,5,10,8,2725
41.5,5,10,9,2733
41.5,5,10,10,2742
41.5,5,10,11,2750
41.5,5,10,12,2758
41.5,5,10,13,2767
41.5,5,10,14,2775
41.5,5,10,15,2783
41.5,5,11,0,2666
41.5,5,11,1,2674
41.5,5,11,2,2683
41.5,5,11,3,2691
41.5,5,11,4,2700
41.5,5,11,5,2708
41.5,5,11,6,2717
41.5,5,11,7,2725
41.5,5,11,8,2734
41.5,5,11,9,2742
41.5,5,11,10,2750
41.5,5,11,11,2759
41.5,5,11,12,2767
41.5,5,11,13,2775
41.5,5,11,14,2784
41.5,5,11,15,2792
41.5,5,12,0,2674
41.5,5,12,1,2683
41.5,5,12,2,2691
41.5,5,12,3,2700
41.5,5,12,4,2708
41.5,5,12,5,2717
41.5,5,12,6,2725
41.5,5,12,7,2734
41.5,5,12,8,2742
41.5,5,12,9,2751
41.5,5,12,10,2759
41.5,5,12,11,2767
41.5,5,12,12,2776
41.5,5,12,13,2784
41.5,5,12,14,2792
41.5,5,12,15,2800
41.5,5,13,0,2682
41.5,5,13,1,2691
41.5,5,13,2,2700
41.5,5,13,3,2708
41.5,5,13,4,2717
41.5,5,13,5,2725
41.5,5,13,6,2734
41.5,5,13,7,2742
41.5,5,13,8,2751
41.5,5,13,9,2759
41.5,5,13,10,2768
41.5,5,13,11,2776
41.5,5,13,12,2784
41.5,5,13,13,2793
41.5,5,13,14,2801
41.5,5,13,15,2809
41.5,5,14,0,2691
41.5,5,14,1,2699
41.5,5,14,2,2708
41.5,5,14,3,2717
41.5,5,14,4,2725
41.5,5,14,5,2734
41.5,5,14,6,2742
41.5,5,14,7,2751
41.5,5,14,8,2759
41.5,5,14,9,2768
41.5,5,14,10,2776
41.5,5,14,11,2784
41.5,5,14,12,2793
41.5,5,14,13,2801
41.5,5,14,14,2810
41.5,5,14,15,2818
41.5,5,15,0,2699
41.5,5,15,1,2708
41.5,5,15,2,2716
41.5,5,15,3,2725
41.5,5,15,4,2733
41.5,5,15,5,2742
41.5,5,15,6,2751
41.5,5,15,7,2759
41.5,5,15,8,2768
41.5,5,15,9,2776
41.5,5,15,10,2785
41.5,5,15,11,2793
41.5,5,15,12,2801
41.5,5,15,13,2810
41.5,5,15,14,2818
41.5,5,15,15,2826
41.5,6,0,0,2582
41.5,6,0,1,2590
41.5,6,0,2,2599
41.5,6,0,3,2607
41.5,6,0,4,2615
41.5,6,0,5,2623
41.5,6,0,6,2632
41.5,6,0,7,2640
41.5,6,0,8,2648
41.5,6,0,9,2656
41.5,6,0,10,2664
41.5,6,0,11,2672
41.5,6,0,12,2680
41.5,6,0,13,2688
41.5,6,0,14,2696
41.5,6,0,15,2704
41.5,6,1,0,2591
41.5,6,1,1,2599
41.5,6,1,2,2607
41.5,6,1,3,2616
41.5,6,1,4,2624
41.5,6,1,5,2632
41.5,6,1,6,2640
41.5,6,1,7,2649
41.5,6,1,8,2657
41.5,6,1,9,2665
41.5,6,1,10,2673
41.5,6,1,11,2681
41.5,6,1,12,2689
41.5,6,1,13,2697
41.5,6,1,14,2705
41.5,6,1,15,2713
41.5,6,2,0,2599
41.5,6,2,1,2608
41.5,6,2,2,2616
41.5,6,2,3,2624
41.5,6,2,4,2633
41.5,6,2,5,2641
41.5,6,2,6,2649
41.5,6,2,7,2657
41.5,6,2,8,2666
41.5,6,2,9,2674
41.5,6,2,10,2682
41.5,6,2,11,2690
41.5,6,2,12,2698
41.5,6,2,13,2706
41.5,6,2,14,2714
41.5,6,2,15,2722
41.5,6,3,0,2608
41.5,6,3,1,2616
41.5,6,3,2,2625
41.5,6,3,3,2633
41.5,6,3,4,2641
41.5,6,3,5,2650
41.5,6,3,6,2658
41.5,6,3,7,2666
41.5,6,3,8,2674
41.5,6,3,9,2683
41.5,6,3,10,2691
41.5,6,3,11,2699
41.5,6,3,12,2707
41.5,6,3,13,2715
41.5,6,3,14,2723
41.5,6,3,15,2731
41.5,6,4,0,2617
41.5,6,4,1,2625
41.5,6,4,2,2633
41.5,6,4,3,2642
41.5,6,4,4,2650
41.5,6,4,5,2658
41.5,6,4,6,2667
41.5,6,4,7,2675
41.5,6,4,8,2683
41.5,6,4,9,2691
41.5,6,4,10,2700
41.5,6,4,11,2708
41.5,6,4,12,2716
41.5,6,4,13,2724
41.5,6,4,14,2732
41.5,6,4,15,2740
41.5,6,5,0,2625
41.5,6,5,1,2634
41.5,6,5,2,2642
41.5,6,5,3,2650
41.5,6,5,4,2659
41.5,6,5,5,2667
41.5,6,5,6,2675
41.5,6,5,7,2684
41.5,6,5,8,2692
41.5,6,5,9,2700
41.5,6,5,10,2708
41.5,6,5,11,2717
41.5,6,5,12,2725
41.5,6,5,13,2733
41.5,6,5,14,2741
41.5,6,5,15,2749
41.5,6,6,0,2634
41.5,6,6,1,2642
41.5,6,6,2,2651
41.5,6,6,3,2659
41.5,6,6,4,2667
41.5,6,6,5,2676
41.5,6,6,6,2684
41.5,6,6,7,2692
41.5,6,6,8,2701
41.5,6,6,9,2709
41.5,6,6,10,2717
41.5,6,6,11,2725
41.5,6,6,12,2734
41.5,6,6,13,2742
41.5,6,6,14,2750
41.5,6,6,15,2758
41.5,6,7,0,2642
41.5,6,7,1,2651
41.5,6,7,2,2659
41.5,6,7,3,2668
41.5,6,7,4,2676
41.5,6,7,5,2684
41.5,6,7,6,2693
41.5,6,7,7,2701
41.5,6,7,8,2709
41.5,6,7,9,2718
41.5,6,7,10,2726
41.5,6,7,11,2734
41.5,6,7,12,2742
41.5,6,7,13,2751
41.5,6,7,14,2759
41.5,6,7,15,2767
41.5,6,8,0,2651
41.5,6,8,1,2659
41.5,6,8,2,2668
41.5,6,8,3,2676
41.5,6,8,4,2685
41.5,6,8,5,2693
41.5,6,8,6,2701
41.5,6,8,7,2710
41.5,6,8,8,2718
41.5,6,8,9,2726
41.5,6,8,10,2735
41.5,6,8,11,2743
41.5,6,8,12,2751
41.5,6,8,13,2759
41.5,6,8,14,2768
41.5,6,8,15,2776
41.5,6,9,0,2659
41.5,6,9,1,2668
41.5,6,9,2,2676
41.5,6,9,3,2685
41.5,6,9,4,2693
41.5,6,9,5,2702
41.5,6,9,6,2710
41.5,6,9,7,2718
41.5,6,9,8,2727
41.5,6,9,9,2735
41.5,6,9,10,2743
41.5,6,9,11,2752
41.5,6,9,12,2760
41.5,6,9,13,2768
41.5,6,9,14,2776
41.5,6,9,15,2785
41.5,6,10,0,2667
41.5,6,10,1,2676
41.5,6,10,2,2685
41.5,6,10,3,2693
41.5,6,10,4,2702
41.5,6,10,5,2710
41.5,6,10,6,2719
41.5,6,10,7,2727
41.5,6,10,8,2735
41.5,6,10,9,2744
41.5,6,10,10,2752
41.5,6,10,11,2760
41.5,6,10,12,2769
41.5,6,10,13,2777
41.5,6,10,14,2785
41.5,6,10,15,2793
41.5,6,11,0,2676
41.5,6,11,1,2684
41.5,6,11,2,2693
41.5,6,11,3,2702
41.5,6,11,4,2710
41.5,6,11,5,2719
41.5,6,11,6,2727
41.5,6,11,7,2736
41.5,6,11,8,2744
41.5,6,11,9,2752
41.5,6,11,10,2761
41.5,6,11,11,2769
41.5,6,11,12,2777
41.5,6,11,13,2786
41.5,6,11,14,2794
41.5,6,11,15,2802
41.5,6,12,0,2684
41.5,6,12,1,2693
41.5,6,12,2,2701
41.5,6,12,3,2710
41.5,6,12,4,2719
41.5,6,12,5,2727
41.5,6,12,6,2736
41.5,6,12,7,2744
41.5,6,12,8,2752
41.5,6,12,9,2761
41.5,6,12,10,2769
41.5,6,12,11,2778
41.5,6,12,12,2786
41.5,6,12,13,2794
41.5,6,12,14,2803
41.5,6,12,15,2811
41.5,6,13,0,2692
41.5,6,13,1,2701
41.5,6,13,2,2710
41.5,6,13,3,2718
41.5,6,13,4,2727
41.5,6,13,5,2736
41.5,6,13,6,2744
41.5,6,13,7,2753
41.5,6,13,8,2761
41.5,6,13,9,2769
41.5,6,13,10,2778
41.5,6,13,11,2786
41.5,6,13,12,2795
41.5,6,13,13,2803
41.5,6,13,14,2811
41.5,6,13,15,2820
41.5,6,14,0,2701
41.5,6,14,1,2709
41.5,6,14,2,2718
41.5,6,14,3,2727
41.5,6,14,4,2735
41.5,6,14,5,2744
41.5,6,14,6,2752
41.5,6,14,7,2761
41.5,6,14,8,2770
41.5,6,14,9,2778
41.5,6,14,10,2786
41.5,6,14,11,2795
41.5,6,14,12,2803
41.5,6,14,13,2812
41.5,6,14,14,2820
41.5,6,14,15,2828
41.5,6,15,0,2709
41.5,6,15,1,2718
41.5,6,15,2,2726
41.5,6,15,3,2735
41.5,6,15,4,2744
41.5,6,15,5,2752
41.5,6,15,6,2761
41.5,6,15,7,2769
41.5,6,15,8,2778
41.5,6,15,9,2787
41.5,6,15,10,2795
41.5,6,15,11,2803
41.5,6,15,12,2812
41.5,6,15,13,2820
41.5,6,15,14,2829
41.5,6,15,15,2837
41.5,7,0,0,2592
41.5,7,0,1,2600
41.5,7,0,2,2608
41.5,7,0,3,2617
41.5,7,0,4,2625
41.5,7,0,5,2633
41.5,7,0,6,2641
41.5,7,0,7,2650
41.5,7,0,8,2658
41.5,7,0,9,2666
41.5,7,0,10,2674
41.5,7,0,11,2682
41.5,7,0,12,2690
41.5,7,0,13,2698
41.5,7,0,14,2706
41.5,7,0,15,2714
41.5,7,1,0,2600
41.5,7,1,1,2609
41.5,7,1,2,2617
41.5,7,1,3,2626
41.5,7,1,4,2634
41.5,7,1,5,2642
41.5,7,1,6,2650
41.5,7,1,7,2659
41.5,7,1,8,2667
41.5,7,1,9,2675
41.5,7,1,10,2683
41.5,7,1,11,2691
41.5,7,1,12,2699
41.5,7,1,13,2707
41.5,7,1,14,2715
41.5,7,1,15,2723
41.5,7,2,0,2609
41.5,7,2,1,2618
41.5,7,2,2,2626
41.5,7,2,3,2634
41.5,7,2,4,2643
41.5,7,2,5,2651
41.5,7,2,6,2659
41.5,7,2,7,2667
41.5,7,2,8,2676
41.5,7,2,9,2684
41.5,7,2,10,2692
41.5,7,2,11,2700
41.5,7,2,12,2708
41.5,7,2,13,2716
41.5,7,2,14,2724
41.5,7,2,15,2732
41.5,7,3,0,2618
41.5,7,3,1,2626
41.5,7,3,2,2635
41.5,7,3,3,2643
41.5,7,3,4,2651
41.5,7,3,5,2660
41.5,7,3,6,2668
41.5,7,3,7,2676
41.5,7,3,8,2684
41.5,7,3,9,2693
41.5,7,3,10,2701
41.5,7,3,11,2709
41.5,7,3,12,2717
41.5,7,3,13,2725
41.5,7,3,14,2733
41.5,7,3,15,2742
41.5,7,4,0,2626
41.5,7,4,1,2635
41.5,7,4,2,2643
41.5,7,4,3,2652
41.5,7,4,4,2660
41.5,7,4,5,2668
41.5,7,4,6,2677
41.5,7,4,7,2685
41.5,7,4,8,2693
41.5,7,4,9,2702
41.5,7,4,10,2710
41.5,7,4,11,2718
41.5,7,4,12,2726
41.5,7,4,13,2734
41.5,7,4,14,2742
41.5,7,4,15,2751
41.5,7,5,0,2635
41.5,7,5,1,2643
41.5,7,5,2,2652
41.5,7,5,3,2660
41.5,7,5,4,2669
41.5,7,5,5,2677
41.5,7,5,6,2685
41.5,7,5,7,2694
41.5,7,5,8,2702
41.5,7,5,9,2710
41.5,7,5,10,2719
41.5,7,5,11,2727
41.5,7,5,12,2735
41.5,7,5,13,2743
41.5,7,5,14,2751
41.5,7,5,15,2759
41.5,7,6,0,2643
41.5,7,6,1,2652
41.5,7,6,2,2660
41.5,7,6,3,2669
41.5,7,6,4,2677
41.5,7,6,5,2686
41.5,7,6,6,2694
41.5,7,6,7,2703
41.5,7,6,8,2711
41.5,7,6,9,2719
41.5,7,6,10,2727
41.5,7,6,11,2736
41.5,7,6,12,2744
41.5,7,6,13,2752
41.5,7,6,14,2760
41.5,7,6,15,2768
41.5,7,7,0,2652
41.5,7,7,1,2661
41.5,7,7,2,2669
41.5,7,7,3,2678
41.5,7,7,4,2686
41.5,7,7,5,2694
41.5,7,7,6,2703
41.5,7,7,7,2711
41.5,7,7,8,2720
41.5,7,7,9,2728
41.5,7,7,10,2736
41.5,7,7,11,2744
41.5,7,7,12,2753
41.5,7,7,13,2761
41.5,7,7,14,2769
41.5,7,7,15,2777
41.5,7,8,0,2660
41.5,7,8,1,2669
41.5,7,8,2,2678
41.5,7,8,3,2686
41.5,7,8,4,2695
41.5,7,8,5,2703
41.5,7,8,6,2711
41.5,7,8,7,2720
41.5,7,8,8,2728
41.5,7,8,9,2737
41.5,7,8,10,2745
41.5,7,8,11,2753
41.5,7,8,12,2762
41.5,7,8,13,2770
41.5,7,8,14,2778
41.5,7,8,15,2786
41.5,7,9,0,2669
41.5,7,9,1,2678
41.5,7,9,2,2686
41.5,7,9,3,2695
41.5,7,9,4,2703
41.5,7,9,5,2712
41.5,7,9,6,2720
41.5,7,9,7,2729
41.5,7,9,8,2737
41.5,7,9,9,2745
41.5,7,9,10,2754
41.5,7,9,11,2762
41.5,7,9,12,2770
41.5,7,9,13,2779
41.5,7,9,14,2787
41.5,7,9,15,2795
41.5,7,10,0,2677
41.5,7,10,1,2686
41.5,7,10,2,2695
41.5,7,10,3,2703
41.5,7,10,4,2712
41.5,7,10,5,2720
41.5,7,10,6,2729
41.5,7,10,7,2737
41.5,7,10,8,2746
41.5,7,10,9,2754
41.5,7,10,10,2762
41.5,7,10,11,2771
41.5,7,10,12,2779
41.5,7,10,13,2787
41.5,7,10,14,2796
41.5,7,10,15,2804
41.5,7,11,0,2686
41.5,7,11,1,2694
41.5,7,11,2,2703
41.5,7,11,3,2712
41.5,7,11,4,2720
41.5,7,11,5,2729
41.5,7,11,6,2737
41.5,7,11,7,2746
41.5,7,11,8,2754
41.5,7,11,9,2763
41.5,7,11,10,2771
41.5,7,11,11,2779
41.5,7,11,12,2788
41.5,7,11,13,2796
41.5,7,11,14,2804
41.5,7,11,15,2813
41.5,7,12,0,2694
41.5,7,12,1,2703
41.5,7,12,2,2711
41.5,7,12,3,2720
41.5,7,12,4,2729
41.5,7,12,5,2737
41.5,7,12,6,2746
41.5,7,12,7,2754
41.5,7,12,8,2763
41.5,7,12,9,2771
41.5,7,12,10,2780
41.5,7,12,11,2788
41.5,7,12,12,2797
41.5,7,12,13,2805
41.5,7,12,14,2813
41.5,7,12,15,2822
41.5,7,13,0,2703
41.5,7,13,1,2711
41.5,7,13,2,2720
41.5,7,13,3,2729
41.5,7,13,4,2737
41.5,7,13,5,2746
41.5,7,13,6,2754
41.5,7,13,7,2763
41.5,7,13,8,2771
41.5,7,13,9,2780
41.5,7,13,10,2788
41.5,7,13,11,2797
41.5,7,13,12,2805
41.5,7,13,13,2814
41.5,7,13,14,2822
41.5,7,13,15,2830
41.5,7,14,0,2711
41.5,7,14,1,2720
41.5,7,14,2,2728
41.5,7,14,3,2737
41.5,7,14,4,2746
41.5,7,14,5,2754
41.5,7,14,6,2763
41.5,7,14,7,2771
41.5,7,14,8,2780
41.5,7,14,9,2788
41.5,7,14,10,2797
41.5,7,14,11,2805
41.5,7,14,12,2814
41.5,7,14,13,2822
41.5,7,14,14,2831
41.5,7,14,15,2839
41.5,7,15,0,2719
41.5,7,15,1,2728
41.5,7,15,2,2737
41.5,7,15,3,2745
41.5,7,15,4,2754
41.5,7,15,5,2763
41.5,7,15,6,2771
41.5,7,15,7,2780
41.5,7,15,8,2788
41.5,7,15,9,2797
41.5,7,15,10,2805
41.5,7,15,11,2814
41.5,7,15,12,2822
41.5,7,15,13,2831
41.5,7,15,14,2839
41.5,7,15,15,2848
41.5,8,0,0,2601
41.5,8,0,1,2610
41.5,8,0,2,2618
41.5,8,0,3,2627
41.5,8,0,4,2635
41.5,8,0,5,2643
41.5,8,0,6,2651
41.5,8,0,7,2660
41.5,8,0,8,2668
41.5,8,0,9,2676
41.5,8,0,10,2684
41.5,8,0,11,2692
41.5,8,0,12,2700
41.5,8,0,13,2708
41.5,8,0,14,2716
41.5,8,0,15,2724
41.5,8,1,0,2610
41.5,8,1,1,2619
41.5,8,1,2,2627
41.5,8,1,3,2635
41.5,8,1,4,2644
41.5,8,1,5,2652
41.5,8,1,6,2660
41.5,8,1,7,2668
41.5,8,1,8,2677
41.5,8,1,9,2685
41.5,8,1,10,2693
41.5,8,1,11,2701
41.5,8,1,12,2709
41.5,8,1,13,2717
41.5,8,1,14,2726
41.5,8,1,15,2734
41.5,8,2,0,2619
41.5,8,2,1,2627
41.5,8,2,2,2636
41.5,8,2,3,2644
41.5,8,2,4,2652
41.5,8,2,5,2661
41.5,8,2,6,2669
41.5,8,2,7,2677
41.5,8,2,8,2686
41.5,8,2,9,2694
41.5,8,2,10,2702
41.5,8,2,11,2710
41.5,8,2,12,2718
41.5,8,2,13,2726
41.5,8,2,14,2735
41.5,8,2,15,2743
41.5,8,3,0,2628
41.5,8,3,1,2636
41.5,8,3,2,2644
41.5,8,3,3,2653
41.5,8,3,4,2661
41.5,8,3,5,2670
41.5,8,3,6,2678
41.5,8,3,7,2686
41.5,8,3,8,2694
41.5,8,3,9,2703
41.5,8,3,10,2711
41.5,8,3,11,2719
41.5,8,3,12,2727
41.5,8,3,13,2736
41.5,8,3,14,2744
41.5,8,3,15,2752
41.5,8,4,0,2636
41.5,8,4,1,2645
41.5,8,4,2,2653
41.5,8,4,3,2662
41.5,8,4,4,2670
41.5,8,4,5,2678
41.5,8,4,6,2687
41.5,8,4,7,2695
41.5,8,4,8,2703
41.5,8,4,9,2712
41.5,8,4,10,2720
41.5,8,4,11,2728
41.5,8,4,12,2736
41.5,8,4,13,2744
41.5,8,4,14,2753
41.5,8,4,15,2761
41.5,8,5,0,2645
41.5,8,5,1,2653
41.5,8,5,2,2662
41.5,8,5,3,2670
41.5,8,5,4,2679
41.5,8,5,5,2687
41.5,8,5,6,2695
41.5,8,5,7,2704
41.5,8,5,8,2712
41.5,8,5,9,2720
41.5,8,5,10,2729
41.5,8,5,11,2737
41.5,8,5,12,2745
41.5,8,5,13,2753
41.5,8,5,14,2762
41.5,8,5,15,2770
41.5,8,6,0,2653
41.5,8,6,1,2662
41.5,8,6,2,2670
41.5,8,6,3,2679
41.5,8,6,4,2687
41.5,8,6,5,2696
41.5,8,6,6,2704
41.5,8,6,7,2713
41.5,8,6,8,2721
41.5,8,6,9,2729
41.5,8,6,10,2738
41.5,8,6,11,2746
41.5,8,6,12,2754
41.5,8,6,13,2762
41.5,8,6,14,2771
41.5,8,6,15,2779
41.5,8,7,0,2662
41.5,8,7,1,2670
41.5,8,7,2,2679
41.5,8,7,3,2688
41.5,8,7,4,2696
41.5,8,7,5,2704
41.5,8,7,6,2713
41.5,8,7,7,2721
41.5,8,7,8,2730
41.5,8,7,9,2738
41.5,8,7,10,2746
41.5,8,7,11,2755
41.5,8,7,12,2763
41.5,8,7,13,2771
41.5,8,7,14,2780
41.5,8,7,15,2788
41.5,8,8,0,2670
41.5,8,8,1,2679
41.5,8,8,2,2688
41.5,8,8,3,2696
41.5,8,8,4,2705
41.5,8,8,5,2713
41.5,8,8,6,2722
41.5,8,8,7,2730
41.5,8,8,8,2738
41.5,8,8,9,2747
41.5,8,8,10,2755
41.5,8,8,11,2764
41.5,8,8,12,2772
41.5,8,8,13,2780
41.5,8,8,14,2788
41.5,8,8,15,2797
41.5,8,9,0,2679
41.5,8,9,1,2688
41.5,8,9,2,2696
41.5,8,9,3,2705
41.5,8,9,4,2713
41.5,8,9,5,2722
41.5,8,9,6,2730
41.5,8,9,7,2739
41.5,8,9,8,2747
41.5,8,9,9,2756
41.5,8,9,10,2764
41.5,8,9,11,2772
41.5,8,9,12,2781
41.5,8,9,13,2789
41.5,8,9,14,2797
41.5,8,9,15,2806
41.5,8,10,0,2687
41.5,8,10,1,2696
41.5,8,10,2,2705
41.5,8,10,3,2713
41.5,8,10,4,2722
41.5,8,10,5,2730
41.5,8,10,6,2739
41.5,8,10,7,2747
41.5,8,10,8,2756
41.5,8,10,9,2764
41.5,8,10,10,2773
41.5,8,10,11,2781
41.5,8,10,12,2789
41.5,8,10,13,2798
41.5,8,10,14,2806
41.5,8,10,15,2814
41.5,8,11,0,2696
41.5,8,11,1,2704
41.5,8,11,2,2713
41.5,8,11,3,2722
41.5,8,11,4,2730
41.5,8,11,5,2739
41.5,8,11,6,2747
41.5,8,11,7,2756
41.5,8,11,8,2764
41.5,8,11,9,2773
41.5,8,11,10,2781
41.5,8,11,11,2790
41.5,8,11,12,2798
41.5,8,11,13,2807
41.5,8,11,14,2815
41.5,8,11,15,2823
41.5,8,12,0,2704
41.5,8,12,1,2713
41.5,8,12,2,2722
41.5,8,12,3,2730
41.5,8,12,4,2739
41.5,8,12,5,2747
41.5,8,12,6,2756
41.5,8,12,7,2765
41.5,8,12,8,2773
41.5,8,12,9,2782
41.5,8,12,10,2790
41.5,8,12,11,2799
41.5,8,12,12,2807
41.5,8,12,13,2815
41.5,8,12,14,2824
41.5,8,12,15,2832
41.5,8,13,0,2713
41.5,8,13,1,2721
41.5,8,13,2,2730
41.5,8,13,3,2739
41.5,8,13,4,2747
41.5,8,13,5,2756
41.5,8,13,6,2765
41.5,8,13,7,2773
41.5,8,13,8,2782
41.5,8,13,9,2790
41.5,8,13,10,2799
41.5,8,13,11,2807
41.5,8,13,12,2816
41.5,8,13,13,2824
41.5,8,13,14,2832
41.5,8,13,15,2841
41.5,8,14,0,2721
41.5,8,14,1,2730
41.5,8,14,2,2738
41.5,8,14,3,2747
41.5,8,14,4,2756
41.5,8,14,5,2764
41.5,8,14,6,2773
41.5,8,14,7,2782
41.5,8,14,8,2790
41.5,8,14,9,2799
41.5,8,14,10,2807
41.5,8,14,11,2816
41.5,8,14,12,2824
41.5,8,14,13,2833
41.5,8,14,14,2841
41.5,8,14,15,2850
41.5,8,15,0,2729
41.5,8,15,1,2738
41.5,8,15,2,2747
41.5,8,15,3,2756
41.5,8,15,4,2764
41.5,8,15,5,2773
41.5,8,15,6,2782
41.5,8,15,7,2790
41.5,8,15,8,2799
41.5,8,15,9,2807
41.5,8,15,10,2816
41.5,8,15,11,2824
41.5,8,15,12,2833
41.5,8,15,13,2841
41.5,8,15,14,2850
41.5,8,15,15,2858
41.5,9,0,0,2611
41.5,9,0,1,2620
41.5,9,0,2,2628
41.5,9,0,3,2636
41.5,9,0,4,2645
41.5,9,0,5,2653
41.5,9,0,6,2661
41.5,9,0,7,2669
41.5,9,0,8,2678
41.5,9,0,9,2686
41.5,9,0,10,2694
41.5,9,0,11,2702
41.5,9,0,12,2710
41.5,9,0,13,2718
41.5,9,0,14,2727
41.5,9,0,15,2735
41.5,9,1,0,2620
41.5,9,1,1,2628
41.5,9,1,2,2637
41.5,9,1,3,2645
41.5,9,1,4,2653
41.5,9,1,5,2662
41.5,9,1,6,2670
41.5,9,1,7,2678
41.5,9,1,8,2687
41.5,9,1,9,2695
41.5,9,1,10,2703
41.5,9,1,11,2711
41.5,9,1,12,2719
41.5,9,1,13,2728
41.5,9,1,14,2736
41.5,9,1,15,2744
41.5,9,2,0,2629
41.5,9,2,1,2637
41.5,9,2,2,2646
41.5,9,2,3,2654
41.5,9,2,4,2662
41.5,9,2,5,2671
41.5,9,2,6,2679
41.5,9,2,7,2687
41.5,9,2,8,2696
41.5,9,2,9,2704
41.5,9,2,10,2712
41.5,9,2,11,2720
41.5,9,2,12,2728
41.5,9,2,13,2737
41.5,9,2,14,2745
41.5,9,2,15,2753
41.5,9,3,0,2637
41.5,9,3,1,2646
41.5,9,3,2,2654
41.5,9,3,3,2663
41.5,9,3,4,2671
41.5,9,3,5,2679
41.5,9,3,6,2688
41.5,9,3,7,2696
41.5,9,3,8,2705
41.5,9,3,9,2713
41.5,9,3,10,2721
41.5,9,3,11,2729
41.5,9,3,12,2737
41.5,9,3,13,2746
41.5,9,3,14,2754
41.5,9,3,15,2762
41.5,9,4,0,2646
41.5,9,4,1,2654
41.5,9,4,2,2663
41.5,9,4,3,2671
41.5,9,4,4,2680
41.5,9,4,5,2688
41.5,9,4,6,2697
41.5,9,4,7,2705
41.5,9,4,8,2713
41.5,9,4,9,2722
41.5,9,4,10,2730
41.5,9,4,11,2738
41.5,9,4,12,2746
41.5,9,4,13,2755
41.5,9,4,14,2763
41.5,9,4,15,2771
41.5,9,5,0,2655
41.5,9,5,1,2663
41.5,9,5,2,2672
41.5,9,5,3,2680
41.5,9,5,4,2689
41.5,9,5,5,2697
41.5,9,5,6,2705
41.5,9,5,7,2714
41.5,9,5,8,2722
41.5,9,5,9,2731
41.5,9,5,10,2739
41.5,9,5,11,2747
41.5,9,5,12,2755
41.5,9,5,13,2764
41.5,9,5,14,2772
41.5,9,5,15,2780
41.5,9,6,0,2663
41.5,9,6,1,2672
41.5,9,6,2,2680
41.5,9,6,3,2689
41.5,9,6,4,2697
41.5,9,6,5,2706
41.5,9,6,6,2714
41.5,9,6,7,2723
41.5,9,6,8,2731
41.5,9,6,9,2739
41.5,9,6,10,2748
41.5,9,6,11,2756
41.5,9,6,12,2764
41.5,9,6,13,2773
41.5,9,6,14,2781
41.5,9,6,15,2789
41.5,9,7,0,2672
41.5,9,7,1,2680
41.5,9,7,2,2689
41.5,9,7,3,2698
41.5,9,7,4,2706
41.5,9,7,5,2715
41.5,9,7,6,2723
41.5,9,7,7,2731
41.5,9,7,8,2740
41.5,9,7,9,2748
41.5,9,7,10,2757
41.5,9,7,11,2765
41.5,9,7,12,2773
41.5,9,7,13,2782
41.5,9,7,14,2790
41.5,9,7,15,2798
41.5,9,8,0,2680
41.5,9,8,1,2689
41.5,9,8,2,2698
41.5,9,8,3,2706
41.5,9,8,4,2715
41.5,9,8,5,2723
41.5,9,8,6,2732
41.5,9,8,7,2740
41.5,9,8,8,2749
41.5,9,8,9,2757
41.5,9,8,10,2765
41.5,9,8,11,2774
41.5,9,8,12,2782
41.5,9,8,13,2790
41.5,9,8,14,2799
41.5,9,8,15,2807
41.5,9,9,0,2689
41.5,9,9,1,2698
41.5,9,9,2,2706
41.5,9,9,3,2715
41.5,9,9,4,2723
41.5,9,9,5,2732
41.5,9,9,6,2740
41.5,9,9,7,2749
41.5,9,9,8,2757
41.5,9,9,9,2766
41.5,9,9,10,2774
41.5,9,9,11,2783
41.5,9,9,12,2791
41.5,9,9,13,2799
41.5,9,9,14,2808
41.5,9,9,15,2816
41.5,9,10,0,2697
41.5,9,10,1,2706
41.5,9,10,2,2715
41.5,9,10,3,2723
41.5,9,10,4,2732
41.5,9,10,5,2741
41.5,9,10,6,2749
41.5,9,10,7,2758
41.5,9,10,8,2766
41.5,9,10,9,2775
41.5,9,10,10,2783
41.5,9,10,11,2791
41.5,9,10,12,2800
41.5,9,10,13,2808
41.5,9,10,14,2817
41.5,9,10,15,2825
41.5,9,11,0,2706
41.5,9,11,1,2715
41.5,9,11,2,2723
41.5,9,11,3,2732
41.5,9,11,4,2741
41.5,9,11,5,2749
41.5,9,11,6,2758
41.5,9,11,7,2766
41.5,9,11,8,2775
41.5,9,11,9,2783
41.5,9,11,10,2792
41.5,9,11,11,2800
41.5,9,11,12,2809
41.5,9,11,13,2817
41.5,9,11,14,2825
41.5,9,11,15,2834
41.5,9,12,0,2714
41.5,9,12,1,2723
41.5,9,12,2,2732
41.5,9,12,3,2740
41.5,9,12,4,2749
41.5,9,12,5,2758
41.5,9,12,6,2766
41.5,9,12,7,2775
41.5,9,12,8,2783
41.5,9,12,9,2792
41.5,9,12,10,2800
41.5,9,12,11,2809
41.5,9,12,12,2817
41.5,9,12,13,2826
41.5,9,12,14,2834
41.5,9,12,15,2843
41.5,9,13,0,2723
41.5,9,13,1,2731
41.5,9,13,2,2740
41.5,9,13,3,2749
41.5,9,13,4,2758
41.5,9,13,5,2766
41.5,9,13,6,2775
41.5,9,13,7,2783
41.5,9,13,8,2792
41.5,9,13,9,2801
41.5,9,13,10,2809
41.5,9,13,11,2818
41.5,9,13,12,2826
41.5,9,13,13,2835
41.5,9,13,14,2843
41.5,9,13,15,2851
41.5,9,14,0,2731
41.5,9,14,1,2740
41.5,9,14,2,2749
41.5,9,14,3,2757
41.5,9,14,4,2766
41.5,9,14,5,2775
41.5,9,14,6,2783
41.5,9,14,7,2792
41.5,9,14,8,2801
41.5,9,14,9,2809
41.5,9,14,10,2818
41.5,9,14,11,2826
41.5,9,14,12,2835
41.5,9,14,13,2843
41.5,9,14,14,2852
41.5,9,14,15,2860
41.5,9,15,0,2739
41.5,9,15,1,2748
41.5,9,15,2,2757
41.5,9,15,3,2766
41.5,9,15,4,2775
41.5,9,15,5,2783
41.5,9,15,6,2792
41.5,9,15,7,2801
41.5,9,15,8,2809
41.5,9,15,9,2818
41.5,9,15,10,2826
41.5,9,15,11,2835
41.5,9,15,12,2844
41.5,9,15,13,2852
41.5,9,15,14,2860
41.5,9,15,15,2869
41.5,10,0,0,2621
41.5,10,0,1,2629
41.5,10,0,2,2638
41.5,10,0,3,2646
41.5,10,0,4,2654
41.5,10,0,5,2663
41.5,10,0,6,2671
41.5,10,0,7,2679
41.5,10,0,8,2688
41.5,10,0,9,2696
41.5,10,0,10,2704
41.5,10,0,11,2712
41.5,10,0,12,2720
41.5,10,0,13,2729
41.5,10,0,14,2737
41.5,10,0,15,2745
41.5,10,1,0,2630
41.5,10,1,1,2638
41.5,10,1,2,2646
41.5,10,1,3,2655
41.5,10,1,4,2663
41.5,10,1,5,2672
41.5,10,1,6,2680
41.5,10,1,7,2688
41.5,10,1,8,2697
41.5,10,1,9,2705
41.5,10,1,10,2713
41.5,10,1,11,2721
41.5,10,1,12,2729
41.5,10,1,13,2738
41.5,10,1,14,2746
41.5,10,1,15,2754
41.5,10,2,0,2638
41.5,10,2,1,2647
41.5,10,2,2,2655
41.5,10,2,3,2664
41.5,10,2,4,2672
41.5,10,2,5,2681
41.5,10,2,6,2689
41.5,10,2,7,2697
41.5,10,2,8,2706
41.5,10,2,9,2714
41.5,10,2,10,2722
41.5,10,2,11,2730
41.5,10,2,12,2739
41.5,10,2,13,2747
41.5,10,2,14,2755
41.5,10,2,15,2763
41.5,10,3,0,2647
41.5,10,3,1,2656
41.5,10,3,2,2664
41.5,10,3,3,2673
41.5,10,3,4,2681
41.5,10,3,5,2689
41.5,10,3,6,2698
41.5,10,3,7,2706
41.5,10,3,8,2715
41.5,10,3,9,2723
41.5,10,3,10,2731
41.5,10,3,11,2739
41.5,10,3,12,2748
41.5,10,3,13,2756
41.5,10,3,14,2764
41.5,10,3,15,2772
41.5,10,4,0,2656
41.5,10,4,1,2664
41.5,10,4,2,2673
41.5,10,4,3,2681
41.5,10,4,4,2690
41.5,10,4,5,2698
41.5,10,4,6,2707
41.5,10,4,7,2715
41.5,10,4,8,2723
41.5,10,4,9,2732
41.5,10,4,10,2740
41.5,10,4,11,2748
41.5,10,4,12,2757
41.5,10,4,13,2765
41.5,10,4,14,2773
41.5,10,4,15,2781
41.5,10,5,0,2664
41.5,10,5,1,2673
41.5,10,5,2,2682
41.5,10,5,3,2690
41.5,10,5,4,2699
41.5,10,5,5,2707
41.5,10,5,6,2716
41.5,10,5,7,2724
41.5,10,5,8,2732
41.5,10,5,9,2741
41.5,10,5,10,2749
41.5,10,5,11,2757
41.5,10,5,12,2766
41.5,10,5,13,2774
41.5,10,5,14,2782
41.5,10,5,15,2790
41.5,10,6,0,2673
41.5,10,6,1,2682
41.5,10,6,2,2690
41.5,10,6,3,2699
41.5,10,6,4,2707
41.5,10,6,5,2716
41.5,10,6,6,2724
41.5,10,6,7,2733
41.5,10,6,8,2741
41.5,10,6,9,2750
41.5,10,6,10,2758
41.5,10,6,11,2766
41.5,10,6,12,2775
41.5,10,6,13,2783
41.5,10,6,14,2791
41.5,10,6,15,2799
41.5,10,7,0,2682
41.5,10,7,1,2690
41.5,10,7,2,2699
41.5,10,7,3,2707
41.5,10,7,4,2716
41.5,10,7,5,2725
41.5,10,7,6,2733
41.5,10,7,7,2742
41.5,10,7,8,2750
41.5,10,7,9,2758
41.5,10,7,10,2767
41.5,10,7,11,2775
41.5,10,7,12,2784
41.5,10,7,13,2792
41.5,10,7,14,2800
41.5,10,7,15,2808
41.5,10,8,0,2690
41.5,10,8,1,2699
41.5,10,8,2,2708
41.5,10,8,3,2716
41.5,10,8,4,2725
41.5,10,8,5,2733
41.5,10,8,6,2742
41.5,10,8,7,2750
41.5,10,8,8,2759
41.5,10,8,9,2767
41.5,10,8,10,2776
41.5,10,8,11,2784
41.5,10,8,12,2792
41.5,10,8,13,2801
41.5,10,8,14,2809
41.5,10,8,15,2817
41.5,10,9,0,2699
41.5,10,9,1,2707
41.5,10,9,2,2716
41.5,10,9,3,2725
41.5,10,9,4,2733
41.5,10,9,5,2742
41.5,10,9,6,2751
41.5,10,9,7,2759
41.5,10,9,8,2768
41.5,10,9,9,2776
41.5,10,9,10,2785
41.5,10,9,11,2793
41.5,10,9,12,2801
41.5,10,9,13,2810
41.5,10,9,14,2818
41.5,10,9,15,2826
41.5,10,10,0,2707
41.5,10,10,1,2716
41.5,10,10,2,2725
41.5,10,10,3,2733
41.5,10,10,4,2742
41.5,10,10,5,2751
41.5,10,10,6,2759
41.5,10,10,7,2768
41.5,10,10,8,2776
41.5,10,10,9,2785
41.5,10,10,10,2793
41.5,10,10,11,2802
41.5,10,10,12,2810
41.5,10,10,13,2819
41.5,10,10,14,2827
41.5,10,10,15,2835
41.5,10,11,0,2716
41.5,10,11,1,2725
41.5,10,11,2,2733
41.5,10,11,3,2742
41.5,10,11,4,2751
41.5,10,11,5,2759
41.5,10,11,6,2768
41.5,10,11,7,2776
41.5,10,11,8,2785
41.5,10,11,9,2794
41.5,10,11,10,2802
41.5,10,11,11,2811
41.5,10,11,12,2819
41.5,10,11,13,2827
41.5,10,11,14,2836
41.5,10,11,15,2844
41.5,10,12,0,2724
41.5,10,12,1,2733
41.5,10,12,2,2742
41.5,10,12,3,2751
41.5,10,12,4,2759
41.5,10,12,5,2768
41.5,10,12,6,2777
41.5,10,12,7,2785
41.5,10,12,8,2794
41.5,10,12,9,2802
41.5,10,12,10,2811
41.5,10,12,11,2819
41.5,10,12,12,2828
41.5,10,12,13,2836
41.5,10,12,14,2845
41.5,10,12,15,2853
41.5,10,13,0,2733
41.5,10,13,1,2742
41.5,10,13,2,2750
41.5,10,13,3,2759
41.5,10,13,4,2768
41.5,10,13,5,2776
41.5,10,13,6,2785
41.5,10,13,7,2794
41.5,10,13,8,2802
41.5,10,13,9,2811
41.5,10,13,10,2820
41.5,10,13,11,2828
41.5,10,13,12,2837
41.5,10,13,13,2845
41.5,10,13,14,2854
41.5,10,13,15,2862
41.5,10,14,0,2741
41.5,10,14,1,2750
41.5,10,14,2,2759
41.5,10,14,3,2768
41.5,10,14,4,2776
41.5,10,14,5,2785
41.5,10,14,6,2794
41.5,10,14,7,2802
41.5,10,14,8,2811
41.5,10,14,9,2820
41.5,10,14,10,2828
41.5,10,14,11,2837
41.5,10,14,12,2845
41.5,10,14,13,2854
41.5,10,14,14,2862
41.5,10,14,15,2871
41.5,10,15,0,2750
41.5,10,15,1,2758
41.5,10,15,2,2767
41.5,10,15,3,2776
41.5,10,15,4,2785
41.5,10,15,5,2794
41.5,10,15,6,2802
41.5,10,15,7,2811
41.5,10,15,8,2820
41.5,10,15,9,2828
41.5,10,15,10,2837
41.5,10,15,11,2845
41.5,10,15,12,2854
41.5,10,15,13,2863
41.5,10,15,14,2871
41.5,10,15,15,2880
41.5,11,0,0,2630
41.5,11,0,1,2639
41.5,11,0,2,2647
41.5,11,0,3,2656
41.5,11,0,4,2664
41.5,11,0,5,2673
41.5,11,0,6,2681
41.5,11,0,7,2689
41.5,11,0,8,2698
41.5,11,0,9,2706
41.5,11,0,10,2714
41.5,11,0,11,2722
41.5,11,0,12,2730
41.5,11,0,13,2739
41.5,11,0,14,2747
41.5,11,0,15,2755
41.5,11,1,0,2639
41.5,11,1,1,2648
41.5,11,1,2,2656
41.5,11,1,3,2665
41.5,11,1,4,2673
41.5,11,1,5,2682
41.5,11,1,6,2690
41.5,11,1,7,2698
41.5,11,1,8,2707
41.5,11,1,9,2715
41.5,11,1,10,2723
41.5,11,1,11,2731
41.5,11,1,12,2740
41.5,11,1,13,2748
41.5,11,1,14,2756
41.5,11,1,15,2764
41.5,11,2,0,2648
41.5,11,2,1,2657
41.5,11,2,2,2665
41.5,11,2,3,2674
41.5,11,2,4,2682
41.5,11,2,5,2690
41.5,11,2,6,2699
41.5,11,2,7,2707
41.5,11,2,8,2716
41.5,11,2,9,2724
41.5,11,2,10,2732
41.5,11,2,11,2740
41.5,11,2,12,2749
41.5,11,2,13,2757
41.5,11,2,14,2765
41.5,11,2,15,2773
41.5,11,3,0,2657
41.5,11,3,1,2665
41.5,11,3,2,2674
41.5,11,3,3,2682
41.5,11,3,4,2691
41.5,11,3,5,2699
41.5,11,3,6,2708
41.5,11,3,7,2716
41.5,11,3,8,2725
41.5,11,3,9,2733
41.5,11,3,10,2741
41.5,11,3,11,2750
41.5,11,3,12,2758
41.5,11,3,13,2766
41.5,11,3,14,2774
41.5,11,3,15,2782
41.5,11,4,0,2666
41.5,11,4,1,2674
41.5,11,4,2,2683
41.5,11,4,3,2691
41.5,11,4,4,2700
41.5,11,4,5,2708
41.5,11,4,6,2717
41.5,11,4,7,2725
41.5,11,4,8,2733
41.5,11,4,9,2742
41.5,11,4,10,2750
41.5,11,4,11,2759
41.5,11,4,12,2767
41.5,11,4,13,2775
41.5,11,4,14,2783
41.5,11,4,15,2792
41.5,11,5,0,2674
41.5,11,5,1,2683
41.5,11,5,2,2691
41.5,11,5,3,2700
41.5,11,5,4,2709
41.5,11,5,5,2717
41.5,11,5,6,2726
41.5,11,5,7,2734
41.5,11,5,8,2742
41.5,11,5,9,2751
41.5,11,5,10,2759
41.5,11,5,11,2768
41.5,11,5,12,2776
41.5,11,5,13,2784
41.5,11,5,14,2792
41.5,11,5,15,2801
41.5,11,6,0,2683
41.5,11,6,1,2692
41.5,11,6,2,2700
41.5,11,6,3,2709
41.5,11,6,4,2717
41.5,11,6,5,2726
41.5,11,6,6,2734
41.5,11,6,7,2743
41.5,11,6,8,2751
41.5,11,6,9,2760
41.5,11,6,10,2768
41.5,11,6,11,2777
41.5,11,6,12,2785
41.5,11,6,13,2793
41.5,11,6,14,2801
41.5,11,6,15,2810
41.5,11,7,0,2692
41.5,11,7,1,2700
41.5,11,7,2,2709
41.5,11,7,3,2717
41.5,11,7,4,2726
41.5,11,7,5,2735
41.5,11,7,6,2743
41.5,11,7,7,2752
41.5,11,7,8,2760
41.5,11,7,9,2769
41.5,11,7,10,2777
41.5,11,7,11,2785
41.5,11,7,12,2794
41.5,11,7,13,2802
41.5,11,7,14,2811
41.5,11,7,15,2819
41.5,11,8,0,2700
41.5,11,8,1,2709
41.5,11,8,2,2718
41.5,11,8,3,2726
41.5,11,8,4,2735
41.5,11,8,5,2743
41.5,11,8,6,2752
41.5,11,8,7,2760
41.5,11,8,8,2769
41.5,11,8,9,2777
41.5,11,8,10,2786
41.5,11,8,11,2794
41.5,11,8,12,2803
41.5,11,8,13,2811
41.5,11,8,14,2820
41.5,11,8,15,2828
41.5,11,9,0,2709
41.5,11,9,1,2717
41.5,11,9,2,2726
41.5,11,9,3,2735
41.5,11,9,4,2743
41.5,11,9,5,2752
41.5,11,9,6,2761
41.5,11,9,7,2769
41.5,11,9,8,2778
41.5,11,9,9,2786
41.5,11,9,10,2795
41.5,11,9,11,2803
41.5,11,9,12,2812
41.5,11,9,13,2820
41.5,11,9,14,2828
41.5,11,9,15,2837
41.5,11,10,0,2717
41.5,11,10,1,2726
41.5,11,10,2,2735
41.5,11,10,3,2743
41.5,11,10,4,2752
41.5,11,10,5,2761
41.5,11,10,6,2769
41.5,11,10,7,2778
41.5,11,10,8,2787
41.5,11,10,9,2795
41.5,11,10,10,2804
41.5,11,10,11,2812
41.5,11,10,12,2821
41.5,11,10,13,2829
41.5,11,10,14,2837
41.5,11,10,15,2846
41.5,11,11,0,2726
41.5,11,11,1,2735
41.5,11,11,2,2743
41.5,11,11,3,2752
41.5,11,11,4,2761
41.5,11,11,5,2769
41.5,11,11,6,2778
41.5,11,11,7,2787
41.5,11,11,8,2795
41.5,11,11,9,2804
41.5,11,11,10,2812
41.5,11,11,11,2821
41.5,11,11,12,2829
41.5,11,11,13,2838
41.5,11,11,14,2846
41.5,11,11,15,2855
41.5,11,12,0,2734
41.5,11,12,1,2743
41.5,11,12,2,2752
41.5,11,12,3,2761
41.5,11,12,4,2769
41.5,11,12,5,2778
41.5,11,12,6,2787
41.5,11,12,7,2795
41.5,11,12,8,2804
41.5,11,12,9,2813
41.5,11,12,10,2821
41.5,11,12,11,2830
41.5,11,12,12,2838
41.5,11,12,13,2847
41.5,11,12,14,2855
41.5,11,12,15,2864
41.5,11,13,0,2743
41.5,11,13,1,2752
41.5,11,13,2,2760
41.5,11,13,3,2769
41.5,11,13,4,2778
41.5,11,13,5,2787
41.5,11,13,6,2795
41.5,11,13,7,2804
41.5,11,13,8,2813
41.5,11,13,9,2821
41.5,11,13,10,2830
41.5,11,13,11,2839
41.5,11,13,12,2847
41.5,11,13,13,2856
41.5,11,13,14,2864
41.5,11,13,15,2873
41.5,11,14,0,2751
41.5,11,14,1,2760
41.5,11,14,2,2769
41.5,11,14,3,2778
41.5,11,14,4,2787
41.5,11,14,5,2795
41.5,11,14,6,2804
41.5,11,14,7,2813
41.5,11,14,8,2821
41.5,11,14,9,2830
41.5,11,14,10,2839
41.5,11,14,11,2847
41.5,11,14,12,2856
41.5,11,14,13,2864
41.5,11,14,14,2873
41.5,11,14,15,2881
41.5,11,15,0,2760
41.5,11,15,1,2769
41.5,11,15,2,2777
41.5,11,15,3,2786
41.5,11,15,4,2795
41.5,11,15,5,2804
41.5,11,15,6,2813
41.5,11,15,7,2821
41.5,11,15,8,2830
41.5,11,15,9,2839
41.5,11,15,10,2847
41.5,11,15,11,2856
41.5,11,15,12,2865
41.5,11,15,13,2873
41.5,11,15,14,2882
41.5,11,15,15,2890
41.5,12,0,0,2640
41.5,12,0,1,2649
41.5,12,0,2,2657
41.5,12,0,3,2666
41.5,12,0,4,2674
41.5,12,0,5,2682
41.5,12,0,6,2691
41.5,12,0,7,2699
41.5,12,0,8,2707
41.5,12,0,9,2716
41.5,12,0,10,2724
41.5,12,0,11,2732
41.5,12,0,12,2740
41.5,12,0,13,2749
41.5,12,0,14,2757
41.5,12,0,15,2765
41.5,12,1,0,2649
41.5,12,1,1,2658
41.5,12,1,2,2666
41.5,12,1,3,2675
41.5,12,1,4,2683
41.5,12,1,5,2691
41.5,12,1,6,2700
41.5,12,1,7,2708
41.5,12,1,8,2717
41.5,12,1,9,2725
41.5,12,1,10,2733
41.5,12,1,11,2741
41.5,12,1,12,2750
41.5,12,1,13,2758
41.5,12,1,14,2766
41.5,12,1,15,2774
41.5,12,2,0,2658
41.5,12,2,1,2666
41.5,12,2,2,2675
41.5,12,2,3,2683
41.5,12,2,4,2692
41.5,12,2,5,2700
41.5,12,2,6,2709
41.5,12,2,7,2717
41.5,12,2,8,2726
41.5,12,2,9,2734
41.5,12,2,10,2742
41.5,12,2,11,2751
41.5,12,2,12,2759
41.5,12,2,13,2767
41.5,12,2,14,2775
41.5,12,2,15,2783
41.5,12,3,0,2667
41.5,12,3,1,2675
41.5,12,3,2,2684
41.5,12,3,3,2692
41.5,12,3,4,2701
41.5,12,3,5,2709
41.5,12,3,6,2718
41.5,12,3,7,2726
41.5,12,3,8,2735
41.5,12,3,9,2743
41.5,12,3,10,2751
41.5,12,3,11,2760
41.5,12,3,12,2768
41.5,12,3,13,2776
41.5,12,3,14,2784
41.5,12,3,15,2793
41.5,12,4,0,2675
41.5,12,4,1,2684
41.5,12,4,2,2693
41.5,12,4,3,2701
41.5,12,4,4,2710
41.5,12,4,5,2718
41.5,12,4,6,2727
41.5,12,4,7,2735
41.5,12,4,8,2744
41.5,12,4,9,2752
41.5,12,4,10,2760
41.5,12,4,11,2769
41.5,12,4,12,2777
41.5,12,4,13,2785
41.5,12,4,14,2794
41.5,12,4,15,2802
41.5,12,5,0,2684
41.5,12,5,1,2693
41.5,12,5,2,2701
41.5,12,5,3,2710
41.5,12,5,4,2719
41.5,12,5,5,2727
41.5,12,5,6,2736
41.5,12,5,7,2744
41.5,12,5,8,2752
41.5,12,5,9,2761
41.5,12,5,10,2769
41.5,12,5,11,2778
41.5,12,5,12,2786
41.5,12,5,13,2794
41.5,12,5,14,2803
41.5,12,5,15,2811
41.5,12,6,0,2693
41.5,12,6,1,2701
41.5,12,6,2,2710
41.5,12,6,3,2719
41.5,12,6,4,2727
41.5,12,6,5,2736
41.5,12,6,6,2744
41.5,12,6,7,2753
41.5,12,6,8,2761
41.5,12,6,9,2770
41.5,12,6,10,2778
41.5,12,6,11,2787
41.5,12,6,12,2795
41.5,12,6,13,2803
41.5,12,6,14,2812
41.5,12,6,15,2820
41.5,12,7,0,2701
41.5,12,7,1,2710
41.5,12,7,2,2719
41.5,12,7,3,2727
41.5,12,7,4,2736
41.5,12,7,5,2745
41.5,12,7,6,2753
41.5,12,7,7,2762
41.5,12,7,8,2770
41.5,12,7,9,2779
41.5,12,7,10,2787
41.5,12,7,11,2796
41.5,12,7,12,2804
41.5,12,7,13,2812
41.5,12,7,14,2821
41.5,12,7,15,2829
41.5,12,8,0,2710
41.5,12,8,1,2719
41.5,12,8,2,2728
41.5,12,8,3,2736
41.5,12,8,4,2745
41.5,12,8,5,2753
41.5,12,8,6,2762
41.5,12,8,7,2771
41.5,12,8,8,2779
41.5,12,8,9,2788
41.5,12,8,10,2796
41.5,12,8,11,2805
41.5,12,8,12,2813
41.5,12,8,13,2821
41.5,12,8,14,2830
41.5,12,8,15,2838
41.5,12,9,0,2719
41.5,12,9,1,2727
41.5,12,9,2,2736
41.5,12,9,3,2745
41.5,12,9,4,2754
41.5,12,9,5,2762
41.5,12,9,6,2771
41.5,12,9,7,2779
41.5,12,9,8,2788
41.5,12,9,9,2797
41.5,12,9,10,2805
41.5,12,9,11,2814
41.5,12,9,12,2822
41.5,12,9,13,2830
41.5,12,9,14,2839
41.5,12,9,15,2847
41.5,12,10,0,2727
41.5,12,10,1,2736
41.5,12,10,2,2745
41.5,12,10,3,2754
41.5,12,10,4,2762
41.5,12,10,5,2771
41.5,12,10,6,2780
41.5,12,10,7,2788
41.5,12,10,8,2797
41.5,12,10,9,2805
41.5,12,10,10,2814
41.5,12,10,11,2822
41.5,12,10,12,2831
41.5,12,10,13,2839
41.5,12,10,14,2848
41.5,12,10,15,2856
41.5,12,11,0,2736
41.5,12,11,1,2745
41.5,12,11,2,2753
41.5,12,11,3,2762
41.5,12,11,4,2771
41.5,12,11,5,2780
41.5,12,11,6,2788
41.5,12,11,7,2797
41.5,12,11,8,2806
41.5,12,11,9,2814
41.5,12,11,10,2823
41.5,12,11,11,2831
41.5,12,11,12,2840
41.5,12,11,13,2848
41.5,12,11,14,2857
41.5,12,11,15,2865
41.5,12,12,0,2744
41.5,12,12,1,2753
41.5,12,12,2,2762
41.5,12,12,3,2771
41.5,12,12,4,2780
41.5,12,12,5,2788
41.5,12,12,6,2797
41.5,12,12,7,2806
41.5,12,12,8,2814
41.5,12,12,9,2823
41.5,12,12,10,2832
41.5,12,12,11,2840
41.5,12,12,12,2849
41.5,12,12,13,2857
41.5,12,12,14,2866
41.5,12,12,15,2874
41.5,12,13,0,2753
41.5,12,13,1,2762
41.5,12,13,2,2771
41.5,12,13,3,2779
41.5,12,13,4,2788
41.5,12,13,5,2797
41.5,12,13,6,2806
41.5,12,13,7,2814
41.5,12,13,8,2823
41.5,12,13,9,2832
41.5,12,13,10,2840
41.5,12,13,11,2849
41.5,12,13,12,2858
41.5,12,13,13,2866
41.5,12,13,14,2875
41.5,12,13,15,2883
41.5,12,14,0,2761
41.5,12,14,1,2770
41.5,12,14,2,2779
41.5,12,14,3,2788
41.5,12,14,4,2797
41.5,12,14,5,2806
41.5,12,14,6,2814
41.5,12,14,7,2823
41.5,12,14,8,2832
41.5,12,14,9,2840
41.5,12,14,10,2849
41.5,12,14,11,2858
41.5,12,14,12,2866
41.5,12,14,13,2875
41.5,12,14,14,2883
41.5,12,14,15,2892
41.5,12,15,0,2770
41.5,12,15,1,2779
41.5,12,15,2,2788
41.5,12,15,3,2797
41.5,12,15,4,2805
41.5,12,15,5,2814
41.5,12,15,6,2823
41.5,12,15,7,2832
41.5,12,15,8,2840
41.5,12,15,9,2849
41.5,12,15,10,2858
41.5,12,15,11,2866
41.5,12,15,12,2875
41.5,12,15,13,2884
41.5,12,15,14,2892
41.5,12,15,15,2901
41.5,13,0,0,2650
41.5,13,0,1,2658
41.5,13,0,2,2667
41.5,13,0,3,2675
41.5,13,0,4,2684
41.5,13,0,5,2692
41.5,13,0,6,2701
41.5,13,0,7,2709
41.5,13,0,8,2717
41.5,13,0,9,2726
41.5,13,0,10,2734
41.5,13,0,11,2742
41.5,13,0,12,2750
41.5,13,0,13,2759
41.5,13,0,14,2767
41.5,13,0,15,2775
41.5,13,1,0,2659
41.5,13,1,1,2667
41.5,13,1,2,2676
41.5,13,1,3,2684
41.5,13,1,4,2693
41.5,13,1,5,2701
41.5,13,1,6,2710
41.5,13,1,7,2718
41.5,13,1,8,2726
41.5,13,1,9,2735
41.5,13,1,10,2743
41.5,13,1,11,2751
41.5,13,1,12,2760
41.5,13,1,13,2768
41.5,13,1,14,2776
41.5,13,1,15,2784
41.5,13,2,0,2668
41.5,13,2,1,2676
41.5,13,2,2,2685
41.5,13,2,3,2693
41.5,13,2,4,2702
41.5,13,2,5,2710
41.5,13,2,6,2719
41.5,13,2,7,2727
41.5,13,2,8,2736
41.5,13,2,9,2744
41.5,13,2,10,2752
41.5,13,2,11,2761
41.5,13,2,12,2769
41.5,13,2,13,2777
41.5,13,2,14,2785
41.5,13,2,15,2794
41.5,13,3,0,2676
41.5,13,3,1,2685
41.5,13,3,2,2694
41.5,13,3,3,2702
41.5,13,3,4,2711
41.5,13,3,5,2719
41.5,13,3,6,2728
41.5,13,3,7,2736
41.5,13,3,8,2745
41.5,13,3,9,2753
41.5,13,3,10,2761
41.5,13,3,11,2770
41.5,13,3,12,2778
41.5,13,3,13,2786
41.5,13,3,14,2795
41.5,13,3,15,2803
41.5,13,4,0,2685
41.5,13,4,1,2694
41.5,13,4,2,2702
41.5,13,4,3,2711
41.5,13,4,4,2720
41.5,13,4,5,2728
41.5,13,4,6,2737
41.5,13,4,7,2745
41.5,13,4,8,2754
41.5,13,4,9,2762
41.5,13,4,10,2770
41.5,13,4,11,2779
41.5,13,4,12,2787
41.5,13,4,13,2796
41.5,13,4,14,2804
41.5,13,4,15,2812
41.5,13,5,0,2694
41.5,13,5,1,2703
41.5,13,5,2,2711
41.5,13,5,3,2720
41.5,13,5,4,2728
41.5,13,5,5,2737
41.5,13,5,6,2746
41.5,13,5,7,2754
41.5,13,5,8,2763
41.5,13,5,9,2771
41.5,13,5,10,2779
41.5,13,5,11,2788
41.5,13,5,12,2796
41.5,13,5,13,2805
41.5,13,5,14,2813
41.5,13,5,15,2821
41.5,13,6,0,2703
41.5,13,6,1,2711
41.5,13,6,2,2720
41.5,13,6,3,2729
41.5,13,6,4,2737
41.5,13,6,5,2746
41.5,13,6,6,2754
41.5,13,6,7,2763
41.5,13,6,8,2772
41.5,13,6,9,2780
41.5,13,6,10,2788
41.5,13,6,11,2797
41.5,13,6,12,2805
41.5,13,6,13,2814
41.5,13,6,14,2822
41.5,13,6,15,2830
41.5,13,7,0,2711
41.5,13,7,1,2720
41.5,13,7,2,2729
41.5,13,7,3,2737
41.5,13,7,4,2746
41.5,13,7,5,2755
41.5,13,7,6,2763
41.5,13,7,7,2772
41.5,13,7,8,2780
41.5,13,7,9,2789
41.5,13,7,10,2797
41.5,13,7,11,2806
41.5,13,7,12,2814
41.5,13,7,13,2823
41.5,13,7,14,2831
41.5,13,7,15,2840
41.5,13,8,0,2720
41.5,13,8,1,2729
41.5,13,8,2,2738
41.5,13,8,3,2746
41.5,13,8,4,2755
41.5,13,8,5,2764
41.5,13,8,6,2772
41.5,13,8,7,2781
41.5,13,8,8,2789
41.5,13,8,9,2798
41.5,13,8,10,2806
41.5,13,8,11,2815
41.5,13,8,12,2823
41.5,13,8,13,2832
41.5,13,8,14,2840
41.5,13,8,15,2849
41.5,13,9,0,2729
41.5,13,9,1,2737
41.5,13,9,2,2746
41.5,13,9,3,2755
41.5,13,9,4,2764
41.5,13,9,5,2772
41.5,13,9,6,2781
41.5,13,9,7,2790
41.5,13,9,8,2798
41.5,13,9,9,2807
41.5,13,9,10,2815
41.5,13,9,11,2824
41.5,13,9,12,2832
41.5,13,9,13,2841
41.5,13,9,14,2849
41.5,13,9,15,2858
41.5,13,10,0,2737
41.5,13,10,1,2746
41.5,13,10,2,2755
41.5,13,10,3,2764
41.5,13,10,4,2772
41.5,13,10,5,2781
41.5,13,10,6,2790
41.5,13,10,7,2798
41.5,13,10,8,2807
41.5,13,10,9,2816
41.5,13,10,10,2824
41.5,13,10,11,2833
41.5,13,10,12,2841
41.5,13,10,13,2850
41.5,13,10,14,2858
41.5,13,10,15,2867
41.5,13,11,0,2746
41.5,13,11,1,2755
41.5,13,11,2,2764
41.5,13,11,3,2772
41.5,13,11,4,2781
41.5,13,11,5,2790
41.5,13,11,6,2799
41.5,13,11,7,2807
41.5,13,11,8,2816
41.5,13,11,9,2825
41.5,13,11,10,2833
41.5,13,11,11,2842
41.5,13,11,12,2850
41.5,13,11,13,2859
41.5,13,11,14,2867
41.5,13,11,15,2876
41.5,13,12,0,2754
41.5,13,12,1,2763
41.5,13,12,2,2772
41.5,13,12,3,2781
41.5,13,12,4,2790
41.5,13,12,5,2799
41.5,13,12,6,2807
41.5,13,12,7,2816
41.5,13,12,8,2825
41.5,13,12,9,2833
41.5,13,12,10,2842
41.5,13,12,11,2851
41.5,13,12,12,2859
41.5,13,12,13,2868
41.5,13,12,14,2876
41.5,13,12,15,2885
41.5,13,13,0,2763
41.5,13,13,1,2772
41.5,13,13,2,2781
41.5,13,13,3,2790
41.5,13,13,4,2798
41.5,13,13,5,2807
41.5,13,13,6,2816
41.5,13,13,7,2825
41.5,13,13,8,2833
41.5,13,13,9,2842
41.5,13,13,10,2851
41.5,13,13,11,2859
41.5,13,13,12,2868
41.5,13,13,13,2877
41.5,13,13,14,2885
41.5,13,13,15,2894
41.5,13,14,0,2772
41.5,13,14,1,2780
41.5,13,14,2,2789
41.5,13,14,3,2798
41.5,13,14,4,2807
41.5,13,14,5,2816
41.5,13,14,6,2825
41.5,13,14,7,2833
41.5,13,14,8,2842
41.5,13,14,9,2851
41.5,13,14,10,2860
41.5,13,14,11,2868
41.5,13,14,12,2877
41.5,13,14,13,2885
41.5,13,14,14,2894
41.5,13,14,15,2903
41.5,13,15,0,2780
41.5,13,15,1,2789
41.5,13,15,2,2798
41.5,13,15,3,2807
41.5,13,15,4,2816
41.5,13,15,5,2825
41.5,13,15,6,2833
41.5,13,15,7,2842
41.5,13,15,8,2851
41.5,13,15,9,2860
41.5,13,15,10,2868
41.5,13,15,11,2877
41.5,13,15,12,2886
41.5,13,15,13,2894
41.5,13,15,14,2903
41.5,13,15,15,2911
41.5,14,0,0,2659
41.5,14,0,1,2668
41.5,14,0,2,2677
41.5,14,0,3,2685
41.5,14,0,4,2694
41.5,14,0,5,2702
41.5,14,0,6,2710
41.5,14,0,7,2719
41.5,14,0,8,2727
41.5,14,0,9,2736
41.5,14,0,10,2744
41.5,14,0,11,2752
41.5,14,0,12,2761
41.5,14,0,13,2769
41.5,14,0,14,2777
41.5,14,0,15,2785
41.5,14,1,0,2668
41.5,14,1,1,2677
41.5,14,1,2,2686
41.5,14,1,3,2694
41.5,14,1,4,2703
41.5,14,1,5,2711
41.5,14,1,6,2720
41.5,14,1,7,2728
41.5,14,1,8,2736
41.5,14,1,9,2745
41.5,14,1,10,2753
41.5,14,1,11,2761
41.5,14,1,12,2770
41.5,14,1,13,2778
41.5,14,1,14,2786
41.5,14,1,15,2795
41.5,14,2,0,2677
41.5,14,2,1,2686
41.5,14,2,2,2695
41.5,14,2,3,2703
41.5,14,2,4,2712
41.5,14,2,5,2720
41.5,14,2,6,2729
41.5,14,2,7,2737
41.5,14,2,8,2746
41.5,14,2,9,2754
41.5,14,2,10,2762
41.5,14,2,11,2771
41.5,14,2,12,2779
41.5,14,2,13,2787
41.5,14,2,14,2796
41.5,14,2,15,2804
41.5,14,3,0,2686
41.5,14,3,1,2695
41.5,14,3,2,2703
41.5,14,3,3,2712
41.5,14,3,4,2721
41.5,14,3,5,2729
41.5,14,3,6,2738
41.5,14,3,7,2746
41.5,14,3,8,2755
41.5,14,3,9,2763
41.5,14,3,10,2771
41.5,14,3,11,2780
41.5,14,3,12,2788
41.5,14,3,13,2797
41.5,14,3,14,2805
41.5,14,3,15,2813
41.5,14,4,0,2695
41.5,14,4,1,2704
41.5,14,4,2,2712
41.5,14,4,3,2721
41.5,14,4,4,2730
41.5,14,4,5,2738
41.5,14,4,6,2747
41.5,14,4,7,2755
41.5,14,4,8,2764
41.5,14,4,9,2772
41.5,14,4,10,2781
41.5,14,4,11,2789
41.5,14,4,12,2797
41.5,14,4,13,2806
41.5,14,4,14,2814
41.5,14,4,15,2822
41.5,14,5,0,2704
41.5,14,5,1,2712
41.5,14,5,2,2721
41.5,14,5,3,2730
41.5,14,5,4,2738
41.5,14,5,5,2747
41.5,14,5,6,2756
41.5,14,5,7,2764
41.5,14,5,8,2773
41.5,14,5,9,2781
41.5,14,5,10,2790
41.5,14,5,11,2798
41.5,14,5,12,2806
41.5,14,5,13,2815
41.5,14,5,14,2823
41.5,14,5,15,2832
41.5,14,6,0,2713
41.5,14,6,1,2721
41.5,14,6,2,2730
41.5,14,6,3,2739
41.5,14,6,4,2747
41.5,14,6,5,2756
41.5,14,6,6,2765
41.5,14,6,7,2773
41.5,14,6,8,2782
41.5,14,6,9,2790
41.5,14,6,10,2799
41.5,14,6,11,2807
41.5,14,6,12,2816
41.5,14,6,13,2824
41.5,14,6,14,2832
41.5,14,6,15,2841
41.5,14,7,0,2721
41.5,14,7,1,2730
41.5,14,7,2,2739
41.5,14,7,3,2747
41.5,14,7,4,2756
41.5,14,7,5,2765
41.5,14,7,6,2773
41.5,14,7,7,2782
41.5,14,7,8,2791
41.5,14,7,9,2799
41.5,14,7,10,2808
41.5,14,7,11,2816
41.5,14,7,12,2825
41.5,14,7,13,2833
41.5,14,7,14,2842
41.5,14,7,15,2850
41.5,14,8,0,2730
41.5,14,8,1,2739
41.5,14,8,2,2748
41.5,14,8,3,2756
41.5,14,8,4,2765
41.5,14,8,5,2774
41.5,14,8,6,2782
41.5,14,8,7,2791
41.5,14,8,8,2800
41.5,14,8,9,2808
41.5,14,8,10,2817
41.5,14,8,11,2825
41.5,14,8,12,2834
41.5,14,8,13,2842
41.5,14,8,14,2851
41.5,14,8,15,2859
41.5,14,9,0,2739
41.5,14,9,1,2747
41.5,14,9,2,2756
41.5,14,9,3,2765
41.5,14,9,4,2774
41.5,14,9,5,2782
41.5,14,9,6,2791
41.5,14,9,7,2800
41.5,14,9,8,2808
41.5,14,9,9,2817
41.5,14,9,10,2826
41.5,14,9,11,2834
41.5,14,9,12,2843
41.5,14,9,13,2851
41.5,14,9,14,2860
41.5,14,9,15,2868
41.5,14,10,0,2747
41.5,14,10,1,2756
41.5,14,10,2,2765
41.5,14,10,3,2774
41.5,14,10,4,2783
41.5,14,10,5,2791
41.5,14,10,6,2800
41.5,14,10,7,2809
41.5,14,10,8,2817
41.5,14,10,9,2826
41.5,14,10,10,2835
41.5,14,10,11,2843
41.5,14,10,12,2852
41.5,14,10,13,2860
41.5,14,10,14,2869
41.5,14,10,15,2877
41.5,14,11,0,2756
41.5,14,11,1,2765
41.5,14,11,2,2774
41.5,14,11,3,2782
41.5,14,11,4,2791
41.5,14,11,5,2800
41.5,14,11,6,2809
41.5,14,11,7,2817
41.5,14,11,8,2826
41.5,14,11,9,2835
41.5,14,11,10,2843
41.5,14,11,11,2852
41.5,14,11,12,2861
41.5,14,11,13,2869
41.5,14,11,14,2878
41.5,14,11,15,2886
41.5,14,12,0,2765
41.5,14,12,1,2773
41.5,14,12,2,2782
41.5,14,12,3,2791
41.5,14,12,4,2800
41.5,14,12,5,2809
41.5,14,12,6,2818
41.5,14,12,7,2826
41.5,14,12,8,2835
41.5,14,12,9,2844
41.5,14,12,10,2852
41.5,14,12,11,2861
41.5,14,12,12,2870
41.5,14,12,13,2878
41.5,14,12,14,2887
41.5,14,12,15,2895
41.5,14,13,0,2773
41.5,14,13,1,2782
41.5,14,13,2,2791
41.5,14,13,3,2800
41.5,14,13,4,2809
41.5,14,13,5,2817
41.5,14,13,6,2826
41.5,14,13,7,2835
41.5,14,13,8,2844
41.5,14,13,9,2852
41.5,14,13,10,2861
41.5,14,13,11,2870
41.5,14,13,12,2878
41.5,14,13,13,2887
41.5,14,13,14,2896
41.5,14,13,15,2904
41.5,14,14,0,2782
41.5,14,14,1,2791
41.5,14,14,2,2800
41.5,14,14,3,2808
41.5,14,14,4,2817
41.5,14,14,5,2826
41.5,14,14,6,2835
41.5,14,14,7,2844
41.5,14,14,8,2853
41.5,14,14,9,2861
41.5,14,14,10,2870
41.5,14,14,11,2879
41.5,14,14,12,2887
41.5,14,14,13,2896
41.5,14,14,14,2905
41.5,14,14,15,2913
41.5,14,15,0,2790
41.5,14,15,1,2799
41.5,14,15,2,2808
41.5,14,15,3,2817
41.5,14,15,4,2826
41.5,14,15,5,2835
41.5,14,15,6,2844
41.5,14,15,7,2852
41.5,14,15,8,2861
41.5,14,15,9,2870
41.5,14,15,10,2879
41.5,14,15,11,2887
41.5,14,15,12,2896
41.5,14,15,13,2905
41.5,14,15,14,2913
41.5,14,15,15,2922
41.5,15,0,0,2669
41.5,15,0,1,2678
41.5,15,0,2,2686
41.5,15,0,3,2695
41.5,15,0,4,2703
41.5,15,0,5,2712
41.5,15,0,6,2720
41.5,15,0,7,2729
41.5,15,0,8,2737
41.5,15,0,9,2746
41.5,15,0,10,2754
41.5,15,0,11,2762
41.5,15,0,12,2771
41.5,15,0,13,2779
41.5,15,0,14,2787
41.5,15,0,15,2795
41.5,15,1,0,2678
41.5,15,1,1,2687
41.5,15,1,2,2695
41.5,15,1,3,2704
41.5,15,1,4,2712
41.5,15,1,5,2721
41.5,15,1,6,2729
41.5,15,1,7,2738
41.5,15,1,8,2746
41.5,15,1,9,2755
41.5,15,1,10,2763
41.5,15,1,11,2772
41.5,15,1,12,2780
41.5,15,1,13,2788
41.5,15,1,14,2796
41.5,15,1,15,2805
41.5,15,2,0,2687
41.5,15,2,1,2696
41.5,15,2,2,2704
41.5,15,2,3,2713
41.5,15,2,4,2721
41.5,15,2,5,2730
41.5,15,2,6,2739
41.5,15,2,7,2747
41.5,15,2,8,2756
41.5,15,2,9,2764
41.5,15,2,10,2772
41.5,15,2,11,2781
41.5,15,2,12,2789
41.5,15,2,13,2797
41.5,15,2,14,2806
41.5,15,2,15,2814
41.5,15,3,0,2696
41.5,15,3,1,2705
41.5,15,3,2,2713
41.5,15,3,3,2722
41.5,15,3,4,2730
41.5,15,3,5,2739
41.5,15,3,6,2748
41.5,15,3,7,2756
41.5,15,3,8,2765
41.5,15,3,9,2773
41.5,15,3,10,2782
41.5,15,3,11,2790
41.5,15,3,12,2798
41.5,15,3,13,2807
41.5,15,3,14,2815
41.5,15,3,15,2823
41.5,15,4,0,2705
41.5,15,4,1,2713
41.5,15,4,2,2722
41.5,15,4,3,2731
41.5,15,4,4,2739
41.5,15,4,5,2748
41.5,15,4,6,2757
41.5,15,4,7,2765
41.5,15,4,8,2774
41.5,15,4,9,2782
41.5,15,4,10,2791
41.5,15,4,11,2799
41.5,15,4,12,2808
41.5,15,4,13,2816
41.5,15,4,14,2824
41.5,15,4,15,2833
41.5,15,5,0,2714
41.5,15,5,1,2722
41.5,15,5,2,2731
41.5,15,5,3,2740
41.5,15,5,4,2748
41.5,15,5,5,2757
41.5,15,5,6,2766
41.5,15,5,7,2774
41.5,15,5,8,2783
41.5,15,5,9,2791
41.5,15,5,10,2800
41.5,15,5,11,2808
41.5,15,5,12,2817
41.5,15,5,13,2825
41.5,15,5,14,2834
41.5,15,5,15,2842
41.5,15,6,0,2722
41.5,15,6,1,2731
41.5,15,6,2,2740
41.5,15,6,3,2749
41.5,15,6,4,2757
41.5,15,6,5,2766
41.5,15,6,6,2775
41.5,15,6,7,2783
41.5,15,6,8,2792
41.5,15,6,9,2800
41.5,15,6,10,2809
41.5,15,6,11,2817
41.5,15,6,12,2826
41.5,15,6,13,2834
41.5,15,6,14,2843
41.5,15,6,15,2851
41.5,15,7,0,2731
41.5,15,7,1,2740
41.5,15,7,2,2749
41.5,15,7,3,2757
41.5,15,7,4,2766
41.5,15,7,5,2775
41.5,15,7,6,2784
41.5,15,7,7,2792
41.5,15,7,8,2801
41.5,15,7,9,2809
41.5,15,7,10,2818
41.5,15,7,11,2826
41.5,15,7,12,2835
41.5,15,7,13,2843
41.5,15,7,14,2852
41.5,15,7,15,2860
41.5,15,8,0,2740
41.5,15,8,1,2749
41.5,15,8,2,2758
41.5,15,8,3,2766
41.5,15,8,4,2775
41.5,15,8,5,2784
41.5,15,8,6,2792
41.5,15,8,7,2801
41.5,15,8,8,2810
41.5,15,8,9,2818
41.5,15,8,10,2827
41.5,15,8,11,2835
41.5,15,8,12,2844
41.5,15,8,13,2852
41.5,15,8,14,2861
41.5,15,8,15,2869
41.5,15,9,0,2749
41.5,15,9,1,2757
41.5,15,9,2,2766
41.5,15,9,3,2775
41.5,15,9,4,2784
41.5,15,9,5,2793
41.5,15,9,6,2801
41.5,15,9,7,2810
41.5,15,9,8,2819
41.5,15,9,9,2827
41.5,15,9,10,2836
41.5,15,9,11,2844
41.5,15,9,12,2853
41.5,15,9,13,2862
41.5,15,9,14,2870
41.5,15,9,15,2879
41.5,15,10,0,2757
41.5,15,10,1,2766
41.5,15,10,2,2775
41.5,15,10,3,2784
41.5,15,10,4,2793
41.5,15,10,5,2801
41.5,15,10,6,2810
41.5,15,10,7,2819
41.5,15,10,8,2828
41.5,15,10,9,2836
41.5,15,10,10,2845
41.5,15,10,11,2853
41.5,15,10,12,2862
41.5,15,10,13,2871
41.5,15,10,14,2879
41.5,15,10,15,2888
41.5,15,11,0,2766
41.5,15,11,1,2775
41.5,15,11,2,2784
41.5,15,11,3,2793
41.5,15,11,4,2801
41.5,15,11,5,2810
41.5,15,11,6,2819
41.5,15,11,7,2828
41.5,15,11,8,2836
41.5,15,11,9,2845
41.5,15,11,10,2854
41.5,15,11,11,2862
41.5,15,11,12,2871
41.5,15,11,13,2880
41.5,15,11,14,2888
41.5,15,11,15,2897
41.5,15,12,0,2775
41.5,15,12,1,2784
41.5,15,12,2,2792
41.5,15,12,3,2801
41.5,15,12,4,2810
41.5,15,12,5,2819
41.5,15,12,6,2828
41.5,15,12,7,2837
41.5,15,12,8,2845
41.5,15,12,9,2854
41.5,15,12,10,2863
41.5,15,12,11,2871
41.5,15,12,12,2880
41.5,15,12,13,2889
41.5,15,12,14,2897
41.5,15,12,15,2906
41.5,15,13,0,2783
41.5,15,13,1,2792
41.5,15,13,2,2801
41.5,15,13,3,2810
41.5,15,13,4,2819
41.5,15,13,5,2828
41.5,15,13,6,2837
41.5,15,13,7,2845
41.5,15,13,8,2854
41.5,15,13,9,2863
41.5,15,13,10,2872
41.5,15,13,11,2880
41.5,15,13,12,2889
41.5,15,13,13,2898
41.5,15,13,14,2906
41.5,15,13,15,2915
41.5,15,14,0,2792
41.5,15,14,1,2801
41.5,15,14,2,2810
41.5,15,14,3,2819
41.5,15,14,4,2828
41.5,15,14,5,2836
41.5,15,14,6,2845
41.5,15,14,7,2854
41.5,15,14,8,2863
41.5,15,14,9,2872
41.5,15,14,10,2880
41.5,15,14,11,2889
41.5,15,14,12,2898
41.5,15,14,13,2907
41.5,15,14,14,2915
41.5,15,14,15,2924
41.5,15,15,0,2800
41.5,15,15,1,2809
41.5,15,15,2,2818
41.5,15,15,3,2827
41.5,15,15,4,2836
41.5,15,15,5,2845
41.5,15,15,6,2854
41.5,15,15,7,2863
41.5,15,15,8,2872
41.5,15,15,9,2880
41.5,15,15,10,2889
41.5,15,15,11,2898
41.5,15,15,12,2907
41.5,15,15,13,2915
41.5,15,15,14,2924
41.5,15,15,15,2933
42.0,0,0,0,2540
42.0,0,0,1,2548
42.0,0,0,2,2556
42.0,0,0,3,2564
42.0,0,0,4,2572
42.0,0,0,5,2581
42.0,0,0,6,2589
42.0,0,0,7,2597
42.0,0,0,8,2605
42.0,0,0,9,2613
42.0,0,0,10,2621
42.0,0,0,11,2629
42.0,0,0,12,2636
42.0,0,0,13,2644
42.0,0,0,14,2652
42.0,0,0,15,2660
42.0,0,1,0,2548
42.0,0,1,1,2557
42.0,0,1,2,2565
42.0,0,1,3,2573
42.0,0,1,4,2581
42.0,0,1,5,2589
42.0,0,1,6,2597
42.0,0,1,7,2605
42.0,0,1,8,2613
42.0,0,1,9,2621
42.0,0,1,10,2629
42.0,0,1,11,2637
42.0,0,1,12,2645
42.0,0,1,13,2653
42.0,0,1,14,2661
42.0,0,1,15,2669
42.0,0,2,0,2557
42.0,0,2,1,2565
42.0,0,2,2,2573
42.0,0,2,3,2582
42.0,0,2,4,2590
42.0,0,2,5,2598
42.0,0,2,6,2606
42.0,0,2,7,2614
42.0,0,2,8,2622
42.0,0,2,9,2630
42.0,0,2,10,2638
42.0,0,2,11,2646
42.0,0,2,12,2654
42.0,0,2,13,2662
42.0,0,2,14,2670
42.0,0,2,15,2678
42.0,0,3,0,2565
42.0,0,3,1,2574
42.0,0,3,2,2582
42.0,0,3,3,2590
42.0,0,3,4,2598
42.0,0,3,5,2606
42.0,0,3,6,2615
42.0,0,3,7,2623
42.0,0,3,8,2631
42.0,0,3,9,2639
42.0,0,3,10,2647
42.0,0,3,11,2655
42.0,0,3,12,2663
42.0,0,3,13,2671
42.0,0,3,14,2679
42.0,0,3,15,2687
42.0,0,4,0,2574
42.0,0,4,1,2582
42.0,0,4,2,2590
42.0,0,4,3,2599
42.0,0,4,4,2607
42.0,0,4,5,2615
42.0,0,4,6,2623
42.0,0,4,7,2631
42.0,0,4,8,2639
42.0,0,4,9,2647
42.0,0,4,10,2656
42.0,0,4,11,2664
42.0,0,4,12,2672
42.0,0,4,13,2680
42.0,0,4,14,2688
42.0,0,4,15,2695
42.0,0,5,0,2582
42.0,0,5,1,2591
42.0,0,5,2,2599
42.0,0,5,3,2607
42.0,0,5,4,2615
42.0,0,5,5,2624
42.0,0,5,6,2632
42.0,0,5,7,2640
42.0,0,5,8,2648
42.0,0,5,9,2656
42.0,0,5,10,2664
42.0,0,5,11,2672
42.0,0,5,12,2680
42.0,0,5,13,2688
42.0,0,5,14,2696
42.0,0,5,15,2704
42.0,0,6,0,2591
42.0,0,6,1,2599
42.0,0,6,2,2607
42.0,0,6,3,2616
42.0,0,6,4,2624
42.0,0,6,5,2632
42.0,0,6,6,2640
42.0,0,6,7,2648
42.0,0,6,8,2657
42.0,0,6,9,2665
42.0,0,6,10,2673
42.0,0,6,11,2681
42.0,0,6,12,2689
42.0,0,6,13,2697
42.0,0,6,14,2705
42.0,0,6,15,2713
42.0,0,7,0,2599
42.0,0,7,1,2607
42.0,0,7,2,2616
42.0,0,7,3,2624
42.0,0,7,4,2632
42.0,0,7,5,2641
42.0,0,7,6,2649
42.0,0,7,7,2657
42.0,0,7,8,2665
42.0,0,7,9,2673
42.0,0,7,10,2681
42.0,0,7,11,2690
42.0,0,7,12,2698
42.0,0,7,13,2706
42.0,0,7,14,2714
42.0,0,7,15,2722
42.0,0,8,0,2607
42.0,0,8,1,2616
42.0,0,8,2,2624
42.0,0,8,3,2632
42.0,0,8,4,2641
42.0,0,8,5,2649
42.0,0,8,6,2657
42.0,0,8,7,2665
42.0,0,8,8,2674
42.0,0,8,9,2682
42.0,0,8,10,2690
42.0,0,8,11,2698
42.0,0,8,12,2706
42.0,0,8,13,2714
42.0,0,8,14,2722
42.0,0,8,15,2730
42.0,0,9,0,2616
42.0,0,9,1,2624
42.0,0,9,2,2632
42.0,0,9,3,2641
42.0,0,9,4,2649
42.0,0,9,5,2657
42.0,0,9,6,2666
42.0,0,9,7,2674
42.0,0,9,8,2682
42.0,0,9,9,2690
42.0,0,9,10,2699
42.0,0,9,11,2707
42.0,0,9,12,2715
42.0,0,9,13,2723
42.0,0,9,14,2731
42.0,0,9,15,2739
42.0,0,10,0,2624
42.0,0,10,1,2632
42.0,0,10,2,2641
42.0,0,10,3,2649
42.0,0,10,4,2657
42.0,0,10,5,2666
42.0,0,10,6,2674
42.0,0,10,7,2682
42.0,0,10,8,2691
42.0,0,10,9,2699
42.0,0,10,10,2707
42.0,0,10,11,2715
42.0,0,10,12,2723
42.0,0,10,13,2732
42.0,0,10,14,2740
42.0,0,10,15,2748
42.0,0,11,0,2632
42.0,0,11,1,2641
42.0,0,11,2,2649
42.0,0,11,3,2657
42.0,0,11,4,2666
42.0,0,11,5,2674
42.0,0,11,6,2682
42.0,0,11,7,2691
42.0,0,11,8,2699
42.0,0,11,9,2707
42.0,0,11,10,2716
42.0,0,11,11,2724
42.0,0,11,12,2732
42.0,0,11,13,2740
42.0,0,11,14,2748
42.0,0,11,15,2756
42.0,0,12,0,2640
42.0,0,12,1,2649
42.0,0,12,2,2657
42.0,0,12,3,2666
42.0,0,12,4,2674
42.0,0,12,5,2682
42.0,0,12,6,2691
42.0,0,12,7,2699
42.0,0,12,8,2708
42.0,0,12,9,2716
42.0,0,12,10,2724
42.0,0,12,11,2732
42.0,0,12,12,2741
42.0,0,12,13,2749
42.0,0,12,14,2757
42.0,0,12,15,2765
42.0,0,13,0,2648
42.0,0,13,1,2657
42.0,0,13,2,2665
42.0,0,13,3,2674
42.0,0,13,4,2682
42.0,0,13,5,2691
42.0,0,13,6,2699
42.0,0,13,7,2708
42.0,0,13,8,2716
42.0,0,13,9,2724
42.0,0,13,10,2733
42.0,0,13,11,2741
42.0,0,13,12,2749
42.0,0,13,13,2757
42.0,0,13,14,2765
42.0,0,13,15,2774
42.0,0,14,0,2657
42.0,0,14,1,2665
42.0,0,14,2,2674
42.0,0,14,3,2682
42.0,0,14,4,2691
42.0,0,14,5,2699
42.0,0,14,6,2708
42.0,0,14,7,2716
42.0,0,14,8,2724
42.0,0,14,9,2733
42.0,0,14,10,2741
42.0,0,14,11,2749
42.0,0,14,12,2758
42.0,0,14,13,2766
42.0,0,14,14,2774
42.0,0,14,15,2782
42.0,0,15,0,2665
42.0,0,15,1,2673
42.0,0,15,2,2682
42.0,0,15,3,2690
42.0,0,15,4,2699
42.0,0,15,5,2707
42.0,0,15,6,2716
42.0,0,15,7,2724
42.0,0,15,8,2733
42.0,0,15,9,2741
42.0,0,15,10,2749
42.0,0,15,11,2758
42.0,0,15,12,2766
42.0,0,15,13,2774
42.0,0,15,14,2782
42.0,0,15,15,2791
42.0,1,0,0,2550
42.0,1,0,1,2558
42.0,1,0,2,2566
42.0,1,0,3,2574
42.0,1,0,4,2582
42.0,1,0,5,2590
42.0,1,0,6,2599
42.0,1,0,7,2607
42.0,1,0,8,2615
42.0,1,0,9,2623
42.0,1,0,10,2631
42.0,1,0,11,2639
42.0,1,0,12,2647
42.0,1,0,13,2654
42.0,1,0,14,2662
42.0,1,0,15,2670
42.0,1,1,0,2558
42.0,1,1,1,2566
42.0,1,1,2,2575
42.0,1,1,3,2583
42.0,1,1,4,2591
42.0,1,1,5,2599
42.0,1,1,6,2607
42.0,1,1,7,2615
42.0,1,1,8,2623
42.0,1,1,9,2631
42.0,1,1,10,2639
42.0,1,1,11,2647
42.0,1,1,12,2655
42.0,1,1,13,2663
42.0,1,1,14,2671
42.0,1,1,15,2679
42.0,1,2,0,2567
42.0,1,2,1,2575
42.0,1,2,2,2583
42.0,1,2,3,2591
42.0,1,2,4,2600
42.0,1,2,5,2608
42.0,1,2,6,2616
42.0,1,2,7,2624
42.0,1,2,8,2632
42.0,1,2,9,2640
42.0,1,2,10,2648
42.0,1,2,11,2656
42.0,1,2,12,2664
42.0,1,2,13,2672
42.0,1,2,14,2680
42.0,1,2,15,2688
42.0,1,3,0,2575
42.0,1,3,1,2583
42.0,1,3,2,2592
42.0,1,3,3,2600
42.0,1,3,4,2608
42.0,1,3,5,2616
42.0,1,3,6,2625
42.0,1,3,7,2633
42.0,1,3,8,2641
42.0,1,3,9,2649
42.0,1,3,10,2657
42.0,1,3,11,2665
42.0,1,3,12,2673
42.0,1,3,13,2681
42.0,1,3,14,2689
42.0,1,3,15,2697
42.0,1,4,0,2584
42.0,1,4,1,2592
42.0,1,4,2,2600
42.0,1,4,3,2609
42.0,1,4,4,2617
42.0,1,4,5,2625
42.0,1,4,6,2633
42.0,1,4,7,2641
42.0,1,4,8,2650
42.0,1,4,9,2658
42.0,1,4,10,2666
42.0,1,4,11,2674
42.0,1,4,12,2682
42.0,1,4,13,2690
42.0,1,4,14,2698
42.0,1,4,15,2706
42.0,1,5,0,2592
42.0,1,5,1,2600
42.0,1,5,2,2609
42.0,1,5,3,2617
42.0,1,5,4,2625
42.0,1,5,5,2634
42.0,1,5,6,2642
42.0,1,5,7,2650
42.0,1,5,8,2658
42.0,1,5,9,2666
42.0,1,5,10,2674
42.0,1,5,11,2683
42.0,1,5,12,2691
42.0,1,5,13,2699
42.0,1,5,14,2707
42.0,1,5,15,2715
42.0,1,6,0,2600
42.0,1,6,1,2609
42.0,1,6,2,2617
42.0,1,6,3,2626
42.0,1,6,4,2634
42.0,1,6,5,2642
42.0,1,6,6,2650
42.0,1,6,7,2659
42.0,1,6,8,2667
42.0,1,6,9,2675
42.0,1,6,10,2683
42.0,1,6,11,2691
42.0,1,6,12,2699
42.0,1,6,13,2707
42.0,1,6,14,2715
42.0,1,6,15,2723
42.0,1,7,0,2609
42.0,1,7,1,2617
42.0,1,7,2,2626
42.0,1,7,3,2634
42.0,1,7,4,2642
42.0,1,7,5,2651
42.0,1,7,6,2659
42.0,1,7,7,2667
42.0,1,7,8,2675
42.0,1,7,9,2684
42.0,1,7,10,2692
42.0,1,7,11,2700
42.0,1,7,12,2708
42.0,1,7,13,2716
42.0,1,7,14,2724
42.0,1,7,15,2732
42.0,1,8,0,2617
42.0,1,8,1,2626
42.0,1,8,2,2634
42.0,1,8,3,2642
42.0,1,8,4,2651
42.0,1,8,5,2659
42.0,1,8,6,2667
42.0,1,8,7,2676
42.0,1,8,8,2684
42.0,1,8,9,2692
42.0,1,8,10,2700
42.0,1,8,11,2709
42.0,1,8,12,2717
42.0,1,8,13,2725
42.0,1,8,14,2733
42.0,1,8,15,2741
42.0,1,9,0,2626
42.0,1,9,1,2634
42.0,1,9,2,2642
42.0,1,9,3,2651
42.0,1,9,4,2659
42.0,1,9,5,2668
42.0,1,9,6,2676
42.0,1,9,7,2684
42.0,1,9,8,2692
42.0,1,9,9,2701
42.0,1,9,10,2709
42.0,1,9,11,2717
42.0,1,9,12,2725
42.0,1,9,13,2733
42.0,1,9,14,2742
42.0,1,9,15,2750
42.0,1,10,0,2634
42.0,1,10,1,2642
42.0,1,10,2,2651
42.0,1,10,3,2659
42.0,1,10,4,2668
42.0,1,10,5,2676
42.0,1,10,6,2684
42.0,1,10,7,2693
42.0,1,10,8,2701
42.0,1,10,9,2709
42.0,1,10,10,2717
42.0,1,10,11,2726
42.0,1,10,12,2734
42.0,1,10,13,2742
42.0,1,10,14,2750
42.0,1,10,15,2758
42.0,1,11,0,2642
42.0,1,11,1,2651
42.0,1,11,2,2659
42.0,1,11,3,2668
42.0,1,11,4,2676
42.0,1,11,5,2684
42.0,1,11,6,2693
42.0,1,11,7,2701
42.0,1,11,8,2709
42.0,1,11,9,2718
42.0,1,11,10,2726
42.0,1,11,11,2734
42.0,1,11,12,2742
42.0,1,11,13,2751
42.0,1,11,14,2759
42.0,1,11,15,2767
42.0,1,12,0,2650
42.0,1,12,1,2659
42.0,1,12,2,2667
42.0,1,12,3,2676
42.0,1,12,4,2684
42.0,1,12,5,2693
42.0,1,12,6,2701
42.0,1,12,7,2710
42.0,1,12,8,2718
42.0,1,12,9,2726
42.0,1,12,10,2735
42.0,1,12,11,2743
42.0,1,12,12,2751
42.0,1,12,13,2759
42.0,1,12,14,2767
42.0,1,12,15,2776
42.0,1,13,0,2659
42.0,1,13,1,2667
42.0,1,13,2,2676
42.0,1,13,3,2684
42.0,1,13,4,2693
42.0,1,13,5,2701
42.0,1,13,6,2710
42.0,1,13,7,2718
42.0,1,13,8,2726
42.0,1,13,9,2735
42.0,1,13,10,2743
42.0,1,13,11,2751
42.0,1,13,12,2760
42.0,1,13,13,2768
42.0,1,13,14,2776
42.0,1,13,15,2784
42.0,1,14,0,2667
42.0,1,14,1,2675
42.0,1,14,2,2684
42.0,1,14,3,2692
42.0,1,14,4,2701
42.0,1,14,5,2709
42.0,1,14,6,2718
42.0,1,14,7,2726
42.0,1,14,8,2735
42.0,1,14,9,2743
42.0,1,14,10,2751
42.0,1,14,11,2760
42.0,1,14,12,2768
42.0,1,14,13,2776
42.0,1,14,14,2785
42.0,1,14,15,2793
42.0,1,15,0,2675
42.0,1,15,1,2684
42.0,1,15,2,2692
42.0,1,15,3,2701
42.0,1,15,4,2709
42.0,1,15,5,2718
42.0,1,15,6,2726
42.0,1,15,7,2735
42.0,1,15,8,2743
42.0,1,15,9,2752
42.0,1,15,10,2760
42.0,1,15,11,2768
42.0,1,15,12,2777
42.0,1,15,13,2785
42.0,1,15,14,2793
42.0,1,15,15,2801
42.0,2,0,0,2559
42.0,2,0,1,2568
42.0,2,0,2,2576
42.0,2,0,3,2584
42.0,2,0,4,2592
42.0,2,0,5,2600
42.0,2,0,6,2608
42.0,2,0,7,2617
42.0,2,0,8,2625
42.0,2,0,9,2633
42.0,2,0,10,2641
42.0,2,0,11,2649
42.0,2,0,12,2657
42.0,2,0,13,2665
42.0,2,0,14,2672
42.0,2,0,15,2680
42.0,2,1,0,2568
42.0,2,1,1,2576
42.0,2,1,2,2584
42.0,2,1,3,2593
42.0,2,1,4,2601
42.0,2,1,5,2609
42.0,2,1,6,2617
42.0,2,1,7,2625
42.0,2,1,8,2633
42.0,2,1,9,2641
42.0,2,1,10,2650
42.0,2,1,11,2658
42.0,2,1,12,2666
42.0,2,1,13,2674
42.0,2,1,14,2681
42.0,2,1,15,2689
42.0,2,2,0,2577
42.0,2,2,1,2585
42.0,2,2,2,2593
42.0,2,2,3,2601
42.0,2,2,4,2610
42.0,2,2,5,2618
42.0,2,2,6,2626
42.0,2,2,7,2634
42.0,2,2,8,2642
42.0,2,2,9,2650
42.0,2,2,10,2658
42.0,2,2,11,2666
42.0,2,2,12,2674
42.0,2,2,13,2682
42.0,2,2,14,2690
42.0,2,2,15,2698
42.0,2,3,0,2585
42.0,2,3,1,2593
42.0,2,3,2,2602
42.0,2,3,3,2610
42.0,2,3,4,2618
42.0,2,3,5,2626
42.0,2,3,6,2635
42.0,2,3,7,2643
42.0,2,3,8,2651
42.0,2,3,9,2659
42.0,2,3,10,2667
42.0,2,3,11,2675
42.0,2,3,12,2683
42.0,2,3,13,2691
42.0,2,3,14,2699
42.0,2,3,15,2707
42.0,2,4,0,2594
42.0,2,4,1,2602
42.0,2,4,2,2610
42.0,2,4,3,2619
42.0,2,4,4,2627
42.0,2,4,5,2635
42.0,2,4,6,2643
42.0,2,4,7,2651
42.0,2,4,8,2660
42.0,2,4,9,2668
42.0,2,4,10,2676
42.0,2,4,11,2684
42.0,2,4,12,2692
42.0,2,4,13,2700
42.0,2,4,14,2708
42.0,2,4,15,2716
42.0,2,5,0,2602
42.0,2,5,1,2610
42.0,2,5,2,2619
42.0,2,5,3,2627
42.0,2,5,4,2635
42.0,2,5,5,2644
42.0,2,5,6,2652
42.0,2,5,7,2660
42.0,2,5,8,2668
42.0,2,5,9,2676
42.0,2,5,10,2685
42.0,2,5,11,2693
42.0,2,5,12,2701
42.0,2,5,13,2709
42.0,2,5,14,2717
42.0,2,5,15,2725
42.0,2,6,0,2610
42.0,2,6,1,2619
42.0,2,6,2,2627
42.0,2,6,3,2636
42.0,2,6,4,2644
42.0,2,6,5,2652
42.0,2,6,6,2660
42.0,2,6,7,2669
42.0,2,6,8,2677
42.0,2,6,9,2685
42.0,2,6,10,2693
42.0,2,6,11,2701
42.0,2,6,12,2710
42.0,2,6,13,2718
42.0,2,6,14,2726
42.0,2,6,15,2734
42.0,2,7,0,2619
42.0,2,7,1,2627
42.0,2,7,2,2636
42.0,2,7,3,2644
42.0,2,7,4,2652
42.0,2,7,5,2661
42.0,2,7,6,2669
42.0,2,7,7,2677
42.0,2,7,8,2686
42.0,2,7,9,2694
42.0,2,7,10,2702
42.0,2,7,11,2710
42.0,2,7,12,2718
42.0,2,7,13,2726
42.0,2,7,14,2735
42.0,2,7,15,2743
42.0,2,8,0,2627
42.0,2,8,1,2636
42.0,2,8,2,2644
42.0,2,8,3,2653
42.0,2,8,4,2661
42.0,2,8,5,2669
42.0,2,8,6,2678
42.0,2,8,7,2686
42.0,2,8,8,2694
42.0,2,8,9,2702
42.0,2,8,10,2711
42.0,2,8,11,2719
42.0,2,8,12,2727
42.0,2,8,13,2735
42.0,2,8,14,2743
42.0,2,8,15,2751
42.0,2,9,0,2636
42.0,2,9,1,2644
42.0,2,9,2,2653
42.0,2,9,3,2661
42.0,2,9,4,2669
42.0,2,9,5,2678
42.0,2,9,6,2686
42.0,2,9,7,2694
42.0,2,9,8,2703
42.0,2,9,9,2711
42.0,2,9,10,2719
42.0,2,9,11,2727
42.0,2,9,12,2736
42.0,2,9,13,2744
42.0,2,9,14,2752
42.0,2,9,15,2760
42.0,2,10,0,2644
42.0,2,10,1,2652
42.0,2,10,2,2661
42.0,2,10,3,2669
42.0,2,10,4,2678
42.0,2,10,5,2686
42.0,2,10,6,2695
42.0,2,10,7,2703
42.0,2,10,8,2711
42.0,2,10,9,2720
42.0,2,10,10,2728
42.0,2,10,11,2736
42.0,2,10,12,2744
42.0,2,10,13,2753
42.0,2,10,14,2761
42.0,2,10,15,2769
42.0,2,11,0,2652
42.0,2,11,1,2661
42.0,2,11,2,2669
42.0,2,11,3,2678
42.0,2,11,4,2686
42.0,2,11,5,2695
42.0,2,11,6,2703
42.0,2,11,7,2711
42.0,2,11,8,2720
42.0,2,11,9,2728
42.0,2,11,10,2736
42.0,2,11,11,2745
42.0,2,11,12,2753
42.0,2,11,13,2761
42.0,2,11,14,2769
42.0,2,11,15,2778
42.0,2,12,0,2660
42.0,2,12,1,2669
42.0,2,12,2,2678
42.0,2,12,3,2686
42.0,2,12,4,2695
42.0,2,12,5,2703
42.0,2,12,6,2711
42.0,2,12,7,2720
42.0,2,12,8,2728
42.0,2,12,9,2737
42.0,2,12,10,2745
42.0,2,12,11,2753
42.0,2,12,12,2762
42.0,2,12,13,2770
42.0,2,12,14,2778
42.0,2,12,15,2786
42.0,2,13,0,2669
42.0,2,13,1,2677
42.0,2,13,2,2686
42.0,2,13,3,2694
42.0,2,13,4,2703
42.0,2,13,5,2711
42.0,2,13,6,2720
42.0,2,13,7,2728
42.0,2,13,8,2737
42.0,2,13,9,2745
42.0,2,13,10,2753
42.0,2,13,11,2762
42.0,2,13,12,2770
42.0,2,13,13,2778
42.0,2,13,14,2787
42.0,2,13,15,2795
42.0,2,14,0,2677
42.0,2,14,1,2686
42.0,2,14,2,2694
42.0,2,14,3,2703
42.0,2,14,4,2711
42.0,2,14,5,2720
42.0,2,14,6,2728
42.0,2,14,7,2737
42.0,2,14,8,2745
42.0,2,14,9,2754
42.0,2,14,10,2762
42.0,2,14,11,2770
42.0,2,14,12,2779
42.0,2,14,13,2787
42.0,2,14,14,2795
42.0,2,14,15,2804
42.0,2,15,0,2685
42.0,2,15,1,2694
42.0,2,15,2,2702
42.0,2,15,3,2711
42.0,2,15,4,2720
42.0,2,15,5,2728
42.0,2,15,6,2737
42.0,2,15,7,2745
42.0,2,15,8,2754
42.0,2,15,9,2762
42.0,2,15,10,2770
42.0,2,15,11,2779
42.0,2,15,12,2787
42.0,2,15,13,2796
42.0,2,15,14,2804
42.0,2,15,15,2812
42.0,3,0,0,2569
42.0,3,0,1,2577
42.0,3,0,2,2586
42.0,3,0,3,2594
42.0,3,0,4,2602
42.0,3,0,5,2610
42.0,3,0,6,2618
42.0,3,0,7,2627
42.0,3,0,8,2635
42.0,3,0,9,2643
42.0,3,0,10,2651
42.0,3,0,11,2659
42.0,3,0,12,2667
42.0,3,0,13,2675
42.0,3,0,14,2683
42.0,3,0,15,2691
42.0,3,1,0,2578
42.0,3,1,1,2586
42.0,3,1,2,2594
42.0,3,1,3,2603
42.0,3,1,4,2611
42.0,3,1,5,2619
42.0,3,1,6,2627
42.0,3,1,7,2635
42.0,3,1,8,2643
42.0,3,1,9,2652
42.0,3,1,10,2660
42.0,3,1,11,2668
42.0,3,1,12,2676
42.0,3,1,13,2684
42.0,3,1,14,2692
42.0,3,1,15,2700
42.0,3,2,0,2586
42.0,3,2,1,2595
42.0,3,2,2,2603
42.0,3,2,3,2611
42.0,3,2,4,2619
42.0,3,2,5,2628
42.0,3,2,6,2636
42.0,3,2,7,2644
42.0,3,2,8,2652
42.0,3,2,9,2660
42.0,3,2,10,2668
42.0,3,2,11,2677
42.0,3,2,12,2685
42.0,3,2,13,2693
42.0,3,2,14,2701
42.0,3,2,15,2709
42.0,3,3,0,2595
42.0,3,3,1,2603
42.0,3,3,2,2612
42.0,3,3,3,2620
42.0,3,3,4,2628
42.0,3,3,5,2636
42.0,3,3,6,2645
42.0,3,3,7,2653
42.0,3,3,8,2661
42.0,3,3,9,2669
42.0,3,3,10,2677
42.0,3,3,11,2685
42.0,3,3,12,2693
42.0,3,3,13,2702
42.0,3,3,14,2710
42.0,3,3,15,2718
42.0,3,4,0,2603
42.0,3,4,1,2612
42.0,3,4,2,2620
42.0,3,4,3,2628
42.0,3,4,4,2637
42.0,3,4,5,2645
42.0,3,4,6,2653
42.0,3,4,7,2662
42.0,3,4,8,2670
42.0,3,4,9,2678
42.0,3,4,10,2686
42.0,3,4,11,2694
42.0,3,4,12,2702
42.0,3,4,13,2710
42.0,3,4,14,2718
42.0,3,4,15,2726
42.0,3,5,0,2612
42.0,3,5,1,2620
42.0,3,5,2,2629
42.0,3,5,3,2637
42.0,3,5,4,2645
42.0,3,5,5,2654
42.0,3,5,6,2662
42.0,3,5,7,2670
42.0,3,5,8,2678
42.0,3,5,9,2687
42.0,3,5,10,2695
42.0,3,5,11,2703
42.0,3,5,12,2711
42.0,3,5,13,2719
42.0,3,5,14,2727
42.0,3,5,15,2735
42.0,3,6,0,2620
42.0,3,6,1,2629
42.0,3,6,2,2637
42.0,3,6,3,2646
42.0,3,6,4,2654
42.0,3,6,5,2662
42.0,3,6,6,2671
42.0,3,6,7,2679
42.0,3,6,8,2687
42.0,3,6,9,2695
42.0,3,6,10,2704
42.0,3,6,11,2712
42.0,3,6,12,2720
42.0,3,6,13,2728
42.0,3,6,14,2736
42.0,3,6,15,2744
42.0,3,7,0,2629
42.0,3,7,1,2637
42.0,3,7,2,2646
42.0,3,7,3,2654
42.0,3,7,4,2662
42.0,3,7,5,2671
42.0,3,7,6,2679
42.0,3,7,7,2688
42.0,3,7,8,2696
42.0,3,7,9,2704
42.0,3,7,10,2712
42.0,3,7,11,2720
42.0,3,7,12,2729
42.0,3,7,13,2737
42.0,3,7,14,2745
42.0,3,7,15,2753
42.0,3,8,0,2637
42.0,3,8,1,2646
42.0,3,8,2,2654
42.0,3,8,3,2663
42.0,3,8,4,2671
42.0,3,8,5,2679
42.0,3,8,6,2688
42.0,3,8,7,2696
42.0,3,8,8,2704
42.0,3,8,9,2713
42.0,3,8,10,2721
42.0,3,8,11,2729
42.0,3,8,12,2737
42.0,3,8,13,2746
42.0,3,8,14,2754
42.0,3,8,15,2762
42.0,3,9,0,2646
42.0,3,9,1,2654
42.0,3,9,2,2663
42.0,3,9,3,2671
42.0,3,9,4,2680
42.0,3,9,5,2688
42.0,3,9,6,2696
42.0,3,9,7,2705
42.0,3,9,8,2713
42.0,3,9,9,2721
42.0,3,9,10,2730
42.0,3,9,11,2738
42.0,3,9,12,2746
42.0,3,9,13,2754
42.0,3,9,14,2763
42.0,3,9,15,2771
42.0,3,10,0,2654
42.0,3,10,1,2662
42.0,3,10,2,2671
42.0,3,10,3,2680
42.0,3,10,4,2688
42.0,3,10,5,2696
42.0,3,10,6,2705
42.0,3,10,7,2713
42.0,3,10,8,2722
42.0,3,10,9,2730
42.0,3,10,10,2738
42.0,3,10,11,2747
42.0,3,10,12,2755
42.0,3,10,13,2763
42.0,3,10,14,2771
42.0,3,10,15,2779
42.0,3,11,0,2662
42.0,3,11,1,2671
42.0,3,11,2,2679
42.0,3,11,3,2688
42.0,3,11,4,2696
42.0,3,11,5,2705
42.0,3,11,6,2713
42.0,3,11,7,2722
42.0,3,11,8,2730
42.0,3,11,9,2738
42.0,3,11,10,2747
42.0,3,11,11,2755
42.0,3,11,12,2763
42.0,3,11,13,2772
42.0,3,11,14,2780
42.0,3,11,15,2788
42.0,3,12,0,2671
42.0,3,12,1,2679
42.0,3,12,2,2688
42.0,3,12,3,2696
42.0,3,12,4,2705
42.0,3,12,5,2713
42.0,3,12,6,2722
42.0,3,12,7,2730
42.0,3,12,8,2739
42.0,3,12,9,2747
42.0,3,12,10,2755
42.0,3,12,11,2764
42.0,3,12,12,2772
42.0,3,12,13,2780
42.0,3,12,14,2789
42.0,3,12,15,2797
42.0,3,13,0,2679
42.0,3,13,1,2688
42.0,3,13,2,2696
42.0,3,13,3,2705
42.0,3,13,4,2713
42.0,3,13,5,2722
42.0,3,13,6,2730
42.0,3,13,7,2739
42.0,3,13,8,2747
42.0,3,13,9,2756
42.0,3,13,10,2764
42.0,3,13,11,2772
42.0,3,13,12,2781
42.0,3,13,13,2789
42.0,3,13,14,2797
42.0,3,13,15,2806
42.0,3,14,0,2687
42.0,3,14,1,2696
42.0,3,14,2,2704
42.0,3,14,3,2713
42.0,3,14,4,2722
42.0,3,14,5,2730
42.0,3,14,6,2739
42.0,3,14,7,2747
42.0,3,14,8,2756
42.0,3,14,9,2764
42.0,3,14,10,2772
42.0,3,14,11,2781
42.0,3,14,12,2789
42.0,3,14,13,2798
42.0,3,14,14,2806
42.0,3,14,15,2814
42.0,3,15,0,2695
42.0,3,15,1,2704
42.0,3,15,2,2713
42.0,3,15,3,2721
42.0,3,15,4,2730
42.0,3,15,5,2738
42.0,3,15,6,2747
42.0,3,15,7,2756
42.0,3,15,8,2764
42.0,3,15,9,2773
42.0,3,15,10,2781
42.0,3,15,11,2789
42.0,3,15,12,2798
42.0,3,15,13,2806
42.0,3,15,14,2814
42.0,3,15,15,2823
42.0,4,0,0,2579
42.0,4,0,1,2587
42.0,4,0,2,2595
42.0,4,0,3,2604
42.0,4,0,4,2612
42.0,4,0,5,2620
42.0,4,0,6,2628
42.0,4,0,7,2636
42.0,4,0,8,2645
42.0,4,0,9,2653
42.0,4,0,10,2661
42.0,4,0,11,2669
42.0,4,0,12,2677
42.0,4,0,13,2685
42.0,4,0,14,2693
42.0,4,0,15,2701
42.0,4,1,0,2587
42.0,4,1,1,2596
42.0,4,1,2,2604
42.0,4,1,3,2612
42.0,4,1,4,2621
42.0,4,1,5,2629
42.0,4,1,6,2637
42.0,4,1,7,2645
42.0,4,1,8,2653
42.0,4,1,9,2662
42.0,4,1,10,2670
42.0,4,1,11,2678
42.0,4,1,12,2686
42.0,4,1,13,2694
42.0,4,1,14,2702
42.0,4,1,15,2710
42.0,4,2,0,2596
42.0,4,2,1,2604
42.0,4,2,2,2613
42.0,4,2,3,2621
42.0,4,2,4,2629
42.0,4,2,5,2638
42.0,4,2,6,2646
42.0,4,2,7,2654
42.0,4,2,8,2662
42.0,4,2,9,2670
42.0,4,2,10,2679
42.0,4,2,11,2687
42.0,4,2,12,2695
42.0,4,2,13,2703
42.0,4,2,14,2711
42.0,4,2,15,2719
42.0,4,3,0,2605
42.0,4,3,1,2613
42.0,4,3,2,2621
42.0,4,3,3,2630
42.0,4,3,4,2638
42.0,4,3,5,2646
42.0,4,3,6,2655
42.0,4,3,7,2663
42.0,4,3,8,2671
42.0,4,3,9,2679
42.0,4,3,10,2687
42.0,4,3,11,2696
42.0,4,3,12,2704
42.0,4,3,13,2712
42.0,4,3,14,2720
42.0,4,3,15,2728
42.0,4,4,0,2613
42.0,4,4,1,2622
42.0,4,4,2,2630
42.0,4,4,3,2638
42.0,4,4,4,2647
42.0,4,4,5,2655
42.0,4,4,6,2663
42.0,4,4,7,2672
42.0,4,4,8,2680
42.0,4,4,9,2688
42.0,4,4,10,2696
42.0,4,4,11,2704
42.0,4,4,12,2713
42.0,4,4,13,2721
42.0,4,4,14,2729
42.0,4,4,15,2737
42.0,4,5,0,2622
42.0,4,5,1,2630
42.0,4,5,2,2639
42.0,4,5,3,2647
42.0,4,5,4,2655
42.0,4,5,5,2664
42.0,4,5,6,2672
42.0,4,5,7,2680
42.0,4,5,8,2689
42.0,4,5,9,2697
42.0,4,5,10,2705
42.0,4,5,11,2713
42.0,4,5,12,2721
42.0,4,5,13,2730
42.0,4,5,14,2738
42.0,4,5,15,2746
42.0,4,6,0,2630
42.0,4,6,1,2639
42.0,4,6,2,2647
42.0,4,6,3,2656
42.0,4,6,4,2664
42.0,4,6,5,2672
42.0,4,6,6,2681
42.0,4,6,7,2689
42.0,4,6,8,2697
42.0,4,6,9,2706
42.0,4,6,10,2714
42.0,4,6,11,2722
42.0,4,6,12,2730
42.0,4,6,13,2738
42.0,4,6,14,2747
42.0,4,6,15,2755
42.0,4,7,0,2639
42.0,4,7,1,2647
42.0,4,7,2,2656
42.0,4,7,3,2664
42.0,4,7,4,2673
42.0,4,7,5,2681
42.0,4,7,6,2689
42.0,4,7,7,2698
42.0,4,7,8,2706
42.0,4,7,9,2714
42.0,4,7,10,2723
42.0,4,7,11,2731
42.0,4,7,12,2739
42.0,4,7,13,2747
42.0,4,7,14,2755
42.0,4,7,15,2764
42.0,4,8,0,2647
42.0,4,8,1,2656
42.0,4,8,2,2664
42.0,4,8,3,2673
42.0,4,8,4,2681
42.0,4,8,5,2690
42.0,4,8,6,2698
42.0,4,8,7,2706
42.0,4,8,8,2715
42.0,4,8,9,2723
42.0,4,8,10,2731
42.0,4,8,11,2740
42.0,4,8,12,2748
42.0,4,8,13,2756
42.0,4,8,14,2764
42.0,4,8,15,2772
42.0,4,9,0,2656
42.0,4,9,1,2664
42.0,4,9,2,2673
42.0,4,9,3,2681
42.0,4,9,4,2690
42.0,4,9,5,2698
42.0,4,9,6,2707
42.0,4,9,7,2715
42.0,4,9,8,2723
42.0,4,9,9,2732
42.0,4,9,10,2740
42.0,4,9,11,2748
42.0,4,9,12,2757
42.0,4,9,13,2765
42.0,4,9,14,2773
42.0,4,9,15,2781
42.0,4,10,0,2664
42.0,4,10,1,2673
42.0,4,10,2,2681
42.0,4,10,3,2690
42.0,4,10,4,2698
42.0,4,10,5,2707
42.0,4,10,6,2715
42.0,4,10,7,2724
42.0,4,10,8,2732
42.0,4,10,9,2740
42.0,4,10,10,2749
42.0,4,10,11,2757
42.0,4,10,12,2765
42.0,4,10,13,2773
42.0,4,10,14,2782
42.0,4,10,15,2790
42.0,4,11,0,2672
42.0,4,11,1,2681
42.0,4,11,2,2690
42.0,4,11,3,2698
42.0,4,11,4,2707
42.0,4,11,5,2715
42.0,4,11,6,2724
42.0,4,11,7,2732
42.0,4,11,8,2740
42.0,4,11,9,2749
42.0,4,11,10,2757
42.0,4,11,11,2766
42.0,4,11,12,2774
42.0,4,11,13,2782
42.0,4,11,14,2790
42.0,4,11,15,2799
42.0,4,12,0,2681
42.0,4,12,1,2689
42.0,4,12,2,2698
42.0,4,12,3,2707
42.0,4,12,4,2715
42.0,4,12,5,2724
42.0,4,12,6,2732
42.0,4,12,7,2741
42.0,4,12,8,2749
42.0,4,12,9,2757
42.0,4,12,10,2766
42.0,4,12,11,2774
42.0,4,12,12,2783
42.0,4,12,13,2791
42.0,4,12,14,2799
42.0,4,12,15,2807
42.0,4,13,0,2689
42.0,4,13,1,2698
42.0,4,13,2,2706
42.0,4,13,3,2715
42.0,4,13,4,2724
42.0,4,13,5,2732
42.0,4,13,6,2741
42.0,4,13,7,2749
42.0,4,13,8,2758
42.0,4,13,9,2766
42.0,4,13,10,2774
42.0,4,13,11,2783
42.0,4,13,12,2791
42.0,4,13,13,2800
42.0,4,13,14,2808
42.0,4,13,15,2816
42.0,4,14,0,2697
42.0,4,14,1,2706
42.0,4,14,2,2715
42.0,4,14,3,2723
42.0,4,14,4,2732
42.0,4,14,5,2740
42.0,4,14,6,2749
42.0,4,14,7,2758
42.0,4,14,8,2766
42.0,4,14,9,2775
42.0,4,14,10,2783
42.0,4,14,11,2791
42.0,4,14,12,2800
42.0,4,14,13,2808
42.0,4,14,14,2817
42.0,4,14,15,2825
42.0,4,15,0,2706
42.0,4,15,1,2714
42.0,4,15,2,2723
42.0,4,15,3,2732
42.0,4,15,4,2740
42.0,4,15,5,2749
42.0,4,15,6,2757
42.0,4,15,7,2766
42.0,4,15,8,2775
42.0,4,15,9,2783
42.0,4,15,10,2791
42.0,4,15,11,2800
42.0,4,15,12,2808
42.0,4,15,13,2817
42.0,4,15,14,2825
42.0,4,15,15,2833
42.0,5,0,0,2589
42.0,5,0,1,2597
42.0,5,0,2,2605
42.0,5,0,3,2614
42.0,5,0,4,2622
42.0,5,0,5,2630
42.0,5,0,6,2638
42.0,5,0,7,2646
42.0,5,0,8,2655
42.0,5,0,9,2663
42.0,5,0,10,2671
42.0,5,0,11,2679
42.0,5,0,12,2687
42.0,5,0,13,2695
42.0,5,0,14,2703
42.0,5,0,15,2711
42.0,5,1,0,2597
42.0,5,1,1,2606
42.0,5,1,2,2614
42.0,5,1,3,2622
42.0,5,1,4,2631
42.0,5,1,5,2639
42.0,5,1,6,2647
42.0,5,1,7,2655
42.0,5,1,8,2663
42.0,5,1,9,2672
42.0,5,1,10,2680
42.0,5,1,11,2688
42.0,5,1,12,2696
42.0,5,1,13,2704
42.0,5,1,14,2712
42.0,5,1,15,2720
42.0,5,2,0,2606
42.0,5,2,1,2614
42.0,5,2,2,2623
42.0,5,2,3,2631
42.0,5,2,4,2639
42.0,5,2,5,2648
42.0,5,2,6,2656
42.0,5,2,7,2664
42.0,5,2,8,2672
42.0,5,2,9,2681
42.0,5,2,10,2689
42.0,5,2,11,2697
42.0,5,2,12,2705
42.0,5,2,13,2713
42.0,5,2,14,2721
42.0,5,2,15,2729
42.0,5,3,0,2615
42.0,5,3,1,2623
42.0,5,3,2,2631
42.0,5,3,3,2640
42.0,5,3,4,2648
42.0,5,3,5,2656
42.0,5,3,6,2665
42.0,5,3,7,2673
42.0,5,3,8,2681
42.0,5,3,9,2689
42.0,5,3,10,2698
42.0,5,3,11,2706
42.0,5,3,12,2714
42.0,5,3,13,2722
42.0,5,3,14,2730
42.0,5,3,15,2738
42.0,5,4,0,2623
42.0,5,4,1,2632
42.0,5,4,2,2640
42.0,5,4,3,2648
42.0,5,4,4,2657
42.0,5,4,5,2665
42.0,5,4,6,2673
42.0,5,4,7,2682
42.0,5,4,8,2690
42.0,5,4,9,2698
42.0,5,4,10,2706
42.0,5,4,11,2715
42.0,5,4,12,2723
42.0,5,4,13,2731
42.0,5,4,14,2739
42.0,5,4,15,2747
42.0,5,5,0,2632
42.0,5,5,1,2640
42.0,5,5,2,2649
42.0,5,5,3,2657
42.0,5,5,4,2665
42.0,5,5,5,2674
42.0,5,5,6,2682
42.0,5,5,7,2690
42.0,5,5,8,2699
42.0,5,5,9,2707
42.0,5,5,10,2715
42.0,5,5,11,2723
42.0,5,5,12,2732
42.0,5,5,13,2740
42.0,5,5,14,2748
42.0,5,5,15,2756
42.0,5,6,0,2640
42.0,5,6,1,2649
42.0,5,6,2,2657
42.0,5,6,3,2666
42.0,5,6,4,2674
42.0,5,6,5,2682
42.0,5,6,6,2691
42.0,5,6,7,2699
42.0,5,6,8,2707
42.0,5,6,9,2716
42.0,5,6,10,2724
42.0,5,6,11,2732
42.0,5,6,12,2741
42.0,5,6,13,2749
42.0,5,6,14,2757
42.0,5,6,15,2765
42.0,5,7,0,2649
42.0,5,7,1,2657
42.0,5,7,2,2666
42.0,5,7,3,2674
42.0,5,7,4,2683
42.0,5,7,5,2691
42.0,5,7,6,2699
42.0,5,7,7,2708
42.0,5,7,8,2716
42.0,5,7,9,2725
42.0,5,7,10,2733
42.0,5,7,11,2741
42.0,5,7,12,2749
42.0,5,7,13,2758
42.0,5,7,14,2766
42.0,5,7,15,2774
42.0,5,8,0,2657
42.0,5,8,1,2666
42.0,5,8,2,2674
42.0,5,8,3,2683
42.0,5,8,4,2691
42.0,5,8,5,2700
42.0,5,8,6,2708
42.0,5,8,7,2717
42.0,5,8,8,2725
42.0,5,8,9,2733
42.0,5,8,10,2742
42.0,5,8,11,2750
42.0,5,8,12,2758
42.0,5,8,13,2766
42.0,5,8,14,2775
42.0,5,8,15,2783
42.0,5,9,0,2666
42.0,5,9,1,2674
42.0,5,9,2,2683
42.0,5,9,3,2691
42.0,5,9,4,2700
42.0,5,9,5,2708
42.0,5,9,6,2717
42.0,5,9,7,2725
42.0,5,9,8,2734
42.0,5,9,9,2742
42.0,5,9,10,2750
42.0,5,9,11,2759
42.0,5,9,12,2767
42.0,5,9,13,2775
42.0,5,9,14,2783
42.0,5,9,15,2792
42.0,5,10,0,2674
42.0,5,10,1,2683
42.0,5,10,2,2691
42.0,5,10,3,2700
42.0,5,10,4,2708
42.0,5,10,5,2717
42.0,5,10,6,2725
42.0,5,10,7,2734
42.0,5,10,8,2742
42.0,5,10,9,2751
42.0,5,10,10,2759
42.0,5,10,11,2767
42.0,5,10,12,2776
42.0,5,10,13,2784
42.0,5,10,14,2792
42.0,5,10,15,2800
42.0,5,11,0,2682
42.0,5,11,1,2691
42.0,5,11,2,2700
42.0,5,11,3,2708
42.0,5,11,4,2717
42.0,5,11,5,2725
42.0,5,11,6,2734
42.0,5,11,7,2742
42.0,5,11,8,2751
42.0,5,11,9,2759
42.0,5,11,10,2768
42.0,5,11,11,2776
42.0,5,11,12,2784
42.0,5,11,13,2793
42.0,5,11,14,2801
42.0,5,11,15,2809
42.0,5,12,0,2691
42.0,5,12,1,2699
42.0,5,12,2,2708
42.0,5,12,3,2717
42.0,5,12,4,2725
42.0,5,12,5,2734
42.0,5,12,6,2742
42.0,5,12,7,2751
42.0,5,12,8,2759
42.0,5,12,9,2768
42.0,5,12,10,2776
42.0,5,12,11,2785
42.0,5,12,12,2793
42.0,5,12,13,2801
42.0,5,12,14,2810
42.0,5,12,15,2818
42.0,5,13,0,2699
42.0,5,13,1,2708
42.0,5,13,2,2717
42.0,5,13,3,2725
42.0,5,13,4,2734
42.0,5,13,5,2742
42.0,5,13,6,2751
42.0,5,13,7,2759
42.0,5,13,8,2768
42.0,5,13,9,2776
42.0,5,13,10,2785
42.0,5,13,11,2793
42.0,5,13,12,2802
42.0,5,13,13,2810
42.0,5,13,14,2818
42.0,5,13,15,2827
42.0,5,14,0,2707
42.0,5,14,1,2716
42.0,5,14,2,2725
42.0,5,14,3,2734
42.0,5,14,4,2742
42.0,5,14,5,2751
42.0,5,14,6,2759
42.0,5,14,7,2768
42.0,5,14,8,2776
42.0,5,14,9,2785
42.0,5,14,10,2793
42.0,5,14,11,2802
42.0,5,14,12,2810
42.0,5,14,13,2819
42.0,5,14,14,2827
42.0,5,14,15,2835
42.0,5,15,0,2716
42.0,5,15,1,2725
42.0,5,15,2,2733
42.0,5,15,3,2742
42.0,5,15,4,2751
42.0,5,15,5,2759
42.0,5,15,6,2768
42.0,5,15,7,2776
42.0,5,15,8,2785
42.0,5,15,9,2794
42.0,5,15,10,2802
42.0,5,15,11,2811
42.0,5,15,12,2819
42.0,5,15,13,2827
42.0,5,15,14,2836
42.0,5,15,15,2844
42.0,6,0,0,2598
42.0,6,0,1,2607
42.0,6,0,2,2615
42.0,6,0,3,2623
42.0,6,0,4,2632
42.0,6,0,5,2640
42.0,6,0,6,2648
42.0,6,0,7,2656
42.0,6,0,8,2665
42.0,6,0,9,2673
42.0,6,0,10,2681
42.0,6,0,11,2689
42.0,6,0,12,2697
42.0,6,0,13,2705
42.0,6,0,14,2713
42.0,6,0,15,2721
42.0,6,1,0,2607
42.0,6,1,1,2615
42.0,6,1,2,2624
42.0,6,1,3,2632
42.0,6,1,4,2640
42.0,6,1,5,2649
42.0,6,1,6,2657
42.0,6,1,7,2665
42.0,6,1,8,2673
42.0,6,1,9,2682
42.0,6,1,10,2690
42.0,6,1,11,2698
42.0,6,1,12,2706
42.0,6,1,13,2714
42.0,6,1,14,2722
42.0,6,1,15,2730
42.0,6,2,0,2616
42.0,6,2,1,2624
42.0,6,2,2,2633
42.0,6,2,3,2641
42.0,6,2,4,2649
42.0,6,2,5,2658
42.0,6,2,6,2666
42.0,6,2,7,2674
42.0,6,2,8,2682
42.0,6,2,9,2691
42.0,6,2,10,2699
42.0,6,2,11,2707
42.0,6,2,12,2715
42.0,6,2,13,2723
42.0,6,2,14,2731
42.0,6,2,15,2739
42.0,6,3,0,2624
42.0,6,3,1,2633
42.0,6,3,2,2641
42.0,6,3,3,2650
42.0,6,3,4,2658
42.0,6,3,5,2666
42.0,6,3,6,2675
42.0,6,3,7,2683
42.0,6,3,8,2691
42.0,6,3,9,2699
42.0,6,3,10,2708
42.0,6,3,11,2716
42.0,6,3,12,2724
42.0,6,3,13,2732
42.0,6,3,14,2740
42.0,6,3,15,2748
42.0,6,4,0,2633
42.0,6,4,1,2641
42.0,6,4,2,2650
42.0,6,4,3,2658
42.0,6,4,4,2667
42.0,6,4,5,2675
42.0,6,4,6,2683
42.0,6,4,7,2692
42.0,6,4,8,2700
42.0,6,4,9,2708
42.0,6,4,10,2717
42.0,6,4,11,2725
42.0,6,4,12,2733
42.0,6,4,13,2741
42.0,6,4,14,2749
42.0,6,4,15,2757
42.0,6,5,0,2642
42.0,6,5,1,2650
42.0,6,5,2,2659
42.0,6,5,3,2667
42.0,6,5,4,2675
42.0,6,5,5,2684
42.0,6,5,6,2692
42.0,6,5,7,2701
42.0,6,5,8,2709
42.0,6,5,9,2717
42.0,6,5,10,2725
42.0,6,5,11,2734
42.0,6,5,12,2742
42.0,6,5,13,2750
42.0,6,5,14,2758
42.0,6,5,15,2766
42.0,6,6,0,2650
42.0,6,6,1,2659
42.0,6,6,2,2667
42.0,6,6,3,2676
42.0,6,6,4,2684
42.0,6,6,5,2693
42.0,6,6,6,2701
42.0,6,6,7,2709
42.0,6,6,8,2718
42.0,6,6,9,2726
42.0,6,6,10,2734
42.0,6,6,11,2743
42.0,6,6,12,2751
42.0,6,6,13,2759
42.0,6,6,14,2767
42.0,6,6,15,2775
42.0,6,7,0,2659
42.0,6,7,1,2667
42.0,6,7,2,2676
42.0,6,7,3,2684
42.0,6,7,4,2693
42.0,6,7,5,2701
42.0,6,7,6,2710
42.0,6,7,7,2718
42.0,6,7,8,2726
42.0,6,7,9,2735
42.0,6,7,10,2743
42.0,6,7,11,2751
42.0,6,7,12,2760
42.0,6,7,13,2768
42.0,6,7,14,2776
42.0,6,7,15,2784
42.0,6,8,0,2667
42.0,6,8,1,2676
42.0,6,8,2,2684
42.0,6,8,3,2693
42.0,6,8,4,2701
42.0,6,8,5,2710
42.0,6,8,6,2718
42.0,6,8,7,2727
42.0,6,8,8,2735
42.0,6,8,9,2744
42.0,6,8,10,2752
42.0,6,8,11,2760
42.0,6,8,12,2769
42.0,6,8,13,2777
42.0,6,8,14,2785
42.0,6,8,15,2793
42.0,6,9,0,2676
42.0,6,9,1,2684
42.0,6,9,2,2693
42.0,6,9,3,2701
42.0,6,9,4,2710
42.0,6,9,5,2718
42.0,6,9,6,2727
42.0,6,9,7,2735
42.0,6,9,8,2744
42.0,6,9,9,2752
42.0,6,9,10,2761
42.0,6,9,11,2769
42.0,6,9,12,2777
42.0,6,9,13,2786
42.0,6,9,14,2794
42.0,6,9,15,2802
42.0,6,10,0,2684
42.0,6,10,1,2693
42.0,6,10,2,2701
42.0,6,10,3,2710
42.0,6,10,4,2719
42.0,6,10,5,2727
42.0,6,10,6,2736
42.0,6,10,7,2744
42.0,6,10,8,2753
42.0,6,10,9,2761
42.0,6,10,10,2769
42.0,6,10,11,2778
42.0,6,10,12,2786
42.0,6,10,13,2794
42.0,6,10,14,2803
42.0,6,10,15,2811
42.0,6,11,0,2693
42.0,6,11,1,2701
42.0,6,11,2,2710
42.0,6,11,3,2718
42.0,6,11,4,2727
42.0,6,11,5,2736
42.0,6,11,6,2744
42.0,6,11,7,2753
42.0,6,11,8,2761
42.0,6,11,9,2770
42.0,6,11,10,2778
42.0,6,11,11,2786
42.0,6,11,12,2795
42.0,6,11,13,2803
42.0,6,11,14,2812
42.0,6,11,15,2820
42.0,6,12,0,2701
42.0,6,12,1,2710
42.0,6,12,2,2718
42.0,6,12,3,2727
42.0,6,12,4,2736
42.0,6,12,5,2744
42.0,6,12,6,2753
42.0,6,12,7,2761
42.0,6,12,8,2770
42.0,6,12,9,2778
42.0,6,12,10,2787
42.0,6,12,11,2795
42.0,6,12,12,2804
42.0,6,12,13,2812
42.0,6,12,14,2820
42.0,6,12,15,2829
42.0,6,13,0,2709
42.0,6,13,1,2718
42.0,6,13,2,2727
42.0,6,13,3,2735
42.0,6,13,4,2744
42.0,6,13,5,2753
42.0,6,13,6,2761
42.0,6,13,7,2770
42.0,6,13,8,2778
42.0,6,13,9,2787
42.0,6,13,10,2795
42.0,6,13,11,2804
42.0,6,13,12,2812
42.0,6,13,13,2821
42.0,6,13,14,2829
42.0,6,13,15,2837
42.0,6,14,0,2718
42.0,6,14,1,2726
42.0,6,14,2,2735
42.0,6,14,3,2744
42.0,6,14,4,2753
42.0,6,14,5,2761
42.0,6,14,6,2770
42.0,6,14,7,2778
42.0,6,14,8,2787
42.0,6,14,9,2795
42.0,6,14,10,2804
42.0,6,14,11,2812
42.0,6,14,12,2821
42.0,6,14,13,2829
42.0,6,14,14,2838
42.0,6,14,15,2846
42.0,6,15,0,2726
42.0,6,15,1,2735
42.0,6,15,2,2744
42.0,6,15,3,2752
42.0,6,15,4,2761
42.0,6,15,5,2770
42.0,6,15,6,2778
42.0,6,15,7,2787
42.0,6,15,8,2795
42.0,6,15,9,2804
42.0,6,15,10,2813
42.0,6,15,11,2821
42.0,6,15,12,2830
42.0,6,15,13,2838
42.0,6,15,14,2846
42.0,6,15,15,2855
42.0,7,0,0,2608
42.0,7,0,1,2616
42.0,7,0,2,2625
42.0,7,0,3,2633
42.0,7,0,4,2641
42.0,7,0,5,2650
42.0,7,0,6,2658
42.0,7,0,7,2666
42.0,7,0,8,2675
42.0,7,0,9,2683
42.0,7,0,10,2691
42.0,7,0,11,2699
42.0,7,0,12,2707
42.0,7,0,13,2715
42.0,7,0,14,2723
42.0,7,0,15,2731
42.0,7,1,0,2617
42.0,7,1,1,2625
42.0,7,1,2,2634
42.0,7,1,3,2642
42.0,7,1,4,2650
42.0,7,1,5,2659
42.0,7,1,6,2667
42.0,7,1,7,2675
42.0,7,1,8,2683
42.0,7,1,9,2692
42.0,7,1,10,2700
42.0,7,1,11,2708
42.0,7,1,12,2716
42.0,7,1,13,2724
42.0,7,1,14,2732
42.0,7,1,15,2741
42.0,7,2,0,2626
42.0,7,2,1,2634
42.0,7,2,2,2642
42.0,7,2,3,2651
42.0,7,2,4,2659
42.0,7,2,5,2668
42.0,7,2,6,2676
42.0,7,2,7,2684
42.0,7,2,8,2692
42.0,7,2,9,2701
42.0,7,2,10,2709
42.0,7,2,11,2717
42.0,7,2,12,2725
42.0,7,2,13,2733
42.0,7,2,14,2742
42.0,7,2,15,2750
42.0,7,3,0,2634
42.0,7,3,1,2643
42.0,7,3,2,2651
42.0,7,3,3,2660
42.0,7,3,4,2668
42.0,7,3,5,2676
42.0,7,3,6,2685
42.0,7,3,7,2693
42.0,7,3,8,2701
42.0,7,3,9,2710
42.0,7,3,10,2718
42.0,7,3,11,2726
42.0,7,3,12,2734
42.0,7,3,13,2742
42.0,7,3,14,2751
42.0,7,3,15,2759
42.0,7,4,0,2643
42.0,7,4,1,2651
42.0,7,4,2,2660
42.0,7,4,3,2668
42.0,7,4,4,2677
42.0,7,4,5,2685
42.0,7,4,6,2694
42.0,7,4,7,2702
42.0,7,4,8,2710
42.0,7,4,9,2718
42.0,7,4,10,2727
42.0,7,4,11,2735
42.0,7,4,12,2743
42.0,7,4,13,2751
42.0,7,4,14,2760
42.0,7,4,15,2768
42.0,7,5,0,2651
42.0,7,5,1,2660
42.0,7,5,2,2669
42.0,7,5,3,2677
42.0,7,5,4,2685
42.0,7,5,5,2694
42.0,7,5,6,2702
42.0,7,5,7,2711
42.0,7,5,8,2719
42.0,7,5,9,2727
42.0,7,5,10,2736
42.0,7,5,11,2744
42.0,7,5,12,2752
42.0,7,5,13,2760
42.0,7,5,14,2769
42.0,7,5,15,2777
42.0,7,6,0,2660
42.0,7,6,1,2669
42.0,7,6,2,2677
42.0,7,6,3,2686
42.0,7,6,4,2694
42.0,7,6,5,2703
42.0,7,6,6,2711
42.0,7,6,7,2719
42.0,7,6,8,2728
42.0,7,6,9,2736
42.0,7,6,10,2745
42.0,7,6,11,2753
42.0,7,6,12,2761
42.0,7,6,13,2769
42.0,7,6,14,2778
42.0,7,6,15,2786
42.0,7,7,0,2669
42.0,7,7,1,2677
42.0,7,7,2,2686
42.0,7,7,3,2694
42.0,7,7,4,2703
42.0,7,7,5,2711
42.0,7,7,6,2720
42.0,7,7,7,2728
42.0,7,7,8,2737
42.0,7,7,9,2745
42.0,7,7,10,2753
42.0,7,7,11,2762
42.0,7,7,12,2770
42.0,7,7,13,2778
42.0,7,7,14,2787
42.0,7,7,15,2795
42.0,7,8,0,2677
42.0,7,8,1,2686
42.0,7,8,2,2694
42.0,7,8,3,2703
42.0,7,8,4,2711
42.0,7,8,5,2720
42.0,7,8,6,2728
42.0,7,8,7,2737
42.0,7,8,8,2745
42.0,7,8,9,2754
42.0,7,8,10,2762
42.0,7,8,11,2771
42.0,7,8,12,2779
42.0,7,8,13,2787
42.0,7,8,14,2795
42.0,7,8,15,2804
42.0,7,9,0,2686
42.0,7,9,1,2694
42.0,7,9,2,2703
42.0,7,9,3,2712
42.0,7,9,4,2720
42.0,7,9,5,2729
42.0,7,9,6,2737
42.0,7,9,7,2746
42.0,7,9,8,2754
42.0,7,9,9,2763
42.0,7,9,10,2771
42.0,7,9,11,2779
42.0,7,9,12,2788
42.0,7,9,13,2796
42.0,7,9,14,2804
42.0,7,9,15,2813
42.0,7,10,0,2694
42.0,7,10,1,2703
42.0,7,10,2,2711
42.0,7,10,3,2720
42.0,7,10,4,2729
42.0,7,10,5,2737
42.0,7,10,6,2746
42.0,7,10,7,2754
42.0,7,10,8,2763
42.0,7,10,9,2771
42.0,7,10,10,2780
42.0,7,10,11,2788
42.0,7,10,12,2797
42.0,7,10,13,2805
42.0,7,10,14,2813
42.0,7,10,15,2822
42.0,7,11,0,2703
42.0,7,11,1,2711
42.0,7,11,2,2720
42.0,7,11,3,2729
42.0,7,11,4,2737
42.0,7,11,5,2746
42.0,7,11,6,2754
42.0,7,11,7,2763
42.0,7,11,8,2772
42.0,7,11,9,2780
42.0,7,11,10,2788
42.0,7,11,11,2797
42.0,7,11,12,2805
42.0,7,11,13,2814
42.0,7,11,14,2822
42.0,7,11,15,2830
42.0,7,12,0,2711
42.0,7,12,1,2720
42.0,7,12,2,2728
42.0,7,12,3,2737
42.0,7,12,4,2746
42.0,7,12,5,2754
42.0,7,12,6,2763
42.0,7,12,7,2772
42.0,7,12,8,2780
42.0,7,12,9,2789
42.0,7,12,10,2797
42.0,7,12,11,2806
42.0,7,12,12,2814
42.0,7,12,13,2822
42.0,7,12,14,2831
42.0,7,12,15,2839
42.0,7,13,0,2719
42.0,7,13,1,2728
42.0,7,13,2,2737
42.0,7,13,3,2746
42.0,7,13,4,2754
42.0,7,13,5,2763
42.0,7,13,6,2772
42.0,7,13,7,2780
42.0,7,13,8,2789
42.0,7,13,9,2797
42.0,7,13,10,2806
42.0,7,13,11,2814
42.0,7,13,12,2823
42.0,7,13,13,2831
42.0,7,13,14,2840
42.0,7,13,15,2848
42.0,7,14,0,2728
42.0,7,14,1,2737
42.0,7,14,2,2745
42.0,7,14,3,2754
42.0,7,14,4,2763
42.0,7,14,5,2772
42.0,7,14,6,2780
42.0,7,14,7,2789
42.0,7,14,8,2797
42.0,7,14,9,2806
42.0,7,14,10,2814
42.0,7,14,11,2823
42.0,7,14,12,2831
42.0,7,14,13,2840
42.0,7,14,14,2848
42.0,7,14,15,2857
42.0,7,15,0,2736
42.0,7,15,1,2745
42.0,7,15,2,2754
42.0,7,15,3,2763
42.0,7,15,4,2771
42.0,7,15,5,2780
42.0,7,15,6,2789
42.0,7,15,7,2797
42.0,7,15,8,2806
42.0,7,15,9,2815
42.0,7,15,10,2823
42.0,7,15,11,2832
42.0,7,15,12,2840
42.0,7,15,13,2849
42.0,7,15,14,2857
42.0,7,15,15,2866
42.0,8,0,0,2618
42.0,8,0,1,2626
42.0,8,0,2,2635
42.0,8,0,3,2643
42.0,8,0,4,2651
42.0,8,0,5,2660
42.0,8,0,6,2668
42.0,8,0,7,2676
42.0,8,0,8,2685
42.0,8,0,9,2693
42.0,8,0,10,2701
42.0,8,0,11,2709
42.0,8,0,12,2717
42.0,8,0,13,2725
42.0,8,0,14,2733
42.0,8,0,15,2742
42.0,8,1,0,2627
42.0,8,1,1,2635
42.0,8,1,2,2643
42.0,8,1,3,2652
42.0,8,1,4,2660
42.0,8,1,5,2669
42.0,8,1,6,2677
42.0,8,1,7,2685
42.0,8,1,8,2693
42.0,8,1,9,2702
42.0,8,1,10,2710
42.0,8,1,11,2718
42.0,8,1,12,2726
42.0,8,1,13,2735
42.0,8,1,14,2743
42.0,8,1,15,2751
42.0,8,2,0,2635
42.0,8,2,1,2644
42.0,8,2,2,2652
42.0,8,2,3,2661
42.0,8,2,4,2669
42.0,8,2,5,2677
42.0,8,2,6,2686
42.0,8,2,7,2694
42.0,8,2,8,2702
42.0,8,2,9,2711
42.0,8,2,10,2719
42.0,8,2,11,2727
42.0,8,2,12,2735
42.0,8,2,13,2744
42.0,8,2,14,2752
42.0,8,2,15,2760
42.0,8,3,0,2644
42.0,8,3,1,2653
42.0,8,3,2,2661
42.0,8,3,3,2669
42.0,8,3,4,2678
42.0,8,3,5,2686
42.0,8,3,6,2695
42.0,8,3,7,2703
42.0,8,3,8,2711
42.0,8,3,9,2720
42.0,8,3,10,2728
42.0,8,3,11,2736
42.0,8,3,12,2744
42.0,8,3,13,2753
42.0,8,3,14,2761
42.0,8,3,15,2769
42.0,8,4,0,2653
42.0,8,4,1,2661
42.0,8,4,2,2670
42.0,8,4,3,2678
42.0,8,4,4,2687
42.0,8,4,5,2695
42.0,8,4,6,2704
42.0,8,4,7,2712
42.0,8,4,8,2720
42.0,8,4,9,2729
42.0,8,4,10,2737
42.0,8,4,11,2745
42.0,8,4,12,2753
42.0,8,4,13,2762
42.0,8,4,14,2770
42.0,8,4,15,2778
42.0,8,5,0,2661
42.0,8,5,1,2670
42.0,8,5,2,2678
42.0,8,5,3,2687
42.0,8,5,4,2695
42.0,8,5,5,2704
42.0,8,5,6,2712
42.0,8,5,7,2721
42.0,8,5,8,2729
42.0,8,5,9,2738
42.0,8,5,10,2746
42.0,8,5,11,2754
42.0,8,5,12,2762
42.0,8,5,13,2771
42.0,8,5,14,2779
42.0,8,5,15,2787
42.0,8,6,0,2670
42.0,8,6,1,2679
42.0,8,6,2,2687
42.0,8,6,3,2696
42.0,8,6,4,2704
42.0,8,6,5,2713
42.0,8,6,6,2721
42.0,8,6,7,2730
42.0,8,6,8,2738
42.0,8,6,9,2746
42.0,8,6,10,2755
42.0,8,6,11,2763
42.0,8,6,12,2771
42.0,8,6,13,2780
42.0,8,6,14,2788
42.0,8,6,15,2796
42.0,8,7,0,2679
42.0,8,7,1,2687
42.0,8,7,2,2696
42.0,8,7,3,2704
42.0,8,7,4,2713
42.0,8,7,5,2721
42.0,8,7,6,2730
42.0,8,7,7,2738
42.0,8,7,8,2747
42.0,8,7,9,2755
42.0,8,7,10,2764
42.0,8,7,11,2772
42.0,8,7,12,2780
42.0,8,7,13,2789
42.0,8,7,14,2797
42.0,8,7,15,2805
42.0,8,8,0,2687
42.0,8,8,1,2696
42.0,8,8,2,2704
42.0,8,8,3,2713
42.0,8,8,4,2722
42.0,8,8,5,2730
42.0,8,8,6,2739
42.0,8,8,7,2747
42.0,8,8,8,2756
42.0,8,8,9,2764
42.0,8,8,10,2772
42.0,8,8,11,2781
42.0,8,8,12,2789
42.0,8,8,13,2798
42.0,8,8,14,2806
42.0,8,8,15,2814
42.0,8,9,0,2696
42.0,8,9,1,2704
42.0,8,9,2,2713
42.0,8,9,3,2722
42.0,8,9,4,2730
42.0,8,9,5,2739
42.0,8,9,6,2747
42.0,8,9,7,2756
42.0,8,9,8,2764
42.0,8,9,9,2773
42.0,8,9,10,2781
42.0,8,9,11,2790
42.0,8,9,12,2798
42.0,8,9,13,2806
42.0,8,9,14,2815
42.0,8,9,15,2823
42.0,8,10,0,2704
42.0,8,10,1,2713
42.0,8,10,2,2722
42.0,8,10,3,2730
42.0,8,10,4,2739
42.0,8,10,5,2747
42.0,8,10,6,2756
42.0,8,10,7,2765
42.0,8,10,8,2773
42.0,8,10,9,2782
42.0,8,10,10,2790
42.0,8,10,11,2799
42.0,8,10,12,2807
42.0,8,10,13,2815
42.0,8,10,14,2824
42.0,8,10,15,2832
42.0,8,11,0,2713
42.0,8,11,1,2721
42.0,8,11,2,2730
42.0,8,11,3,2739
42.0,8,11,4,2747
42.0,8,11,5,2756
42.0,8,11,6,2765
42.0,8,11,7,2773
42.0,8,11,8,2782
42.0,8,11,9,2790
42.0,8,11,10,2799
42.0,8,11,11,2807
42.0,8,11,12,2816
42.0,8,11,13,2824
42.0,8,11,14,2833
42.0,8,11,15,2841
42.0,8,12,0,2721
42.0,8,12,1,2730
42.0,8,12,2,2739
42.0,8,12,3,2747
42.0,8,12,4,2756
42.0,8,12,5,2765
42.0,8,12,6,2773
42.0,8,12,7,2782
42.0,8,12,8,2791
42.0,8,12,9,2799
42.0,8,12,10,2808
42.0,8,12,11,2816
42.0,8,12,12,2825
42.0,8,12,13,2833
42.0,8,12,14,2841
42.0,8,12,15,2850
42.0,8,13,0,2730
42.0,8,13,1,2738
42.0,8,13,2,2747
42.0,8,13,3,2756
42.0,8,13,4,2765
42.0,8,13,5,2773
42.0,8,13,6,2782
42.0,8,13,7,2791
42.0,8,13,8,2799
42.0,8,13,9,2808
42.0,8,13,10,2816
42.0,8,13,11,2825
42.0,8,13,12,2833
42.0,8,13,13,2842
42.0,8,13,14,2850
42.0,8,13,15,2859
42.0,8,14,0,2738
42.0,8,14,1,2747
42.0,8,14,2,2756
42.0,8,14,3,2764
42.0,8,14,4,2773
42.0,8,14,5,2782
42.0,8,14,6,2791
42.0,8,14,7,2799
42.0,8,14,8,2808
42.0,8,14,9,2816
42.0,8,14,10,2825
42.0,8,14,11,2834
42.0,8,14,12,2842
42.0,8,14,13,2851
42.0,8,14,14,2859
42.0,8,14,15,2867
42.0,8,15,0,2746
42.0,8,15,1,2755
42.0,8,15,2,2764
42.0,8,15,3,2773
42.0,8,15,4,2782
42.0,8,15,5,2790
42.0,8,15,6,2799
42.0,8,15,7,2808
42.0,8,15,8,2816
42.0,8,15,9,2825
42.0,8,15,10,2834
42.0,8,15,11,2842
42.0,8,15,12,2851
42.0,8,15,13,2859
42.0,8,15,14,2868
42.0,8,15,15,2876
42.0,9,0,0,2628
42.0,9,0,1,2636
42.0,9,0,2,2644
42.0,9,0,3,2653
42.0,9,0,4,2661
42.0,9,0,5,2670
42.0,9,0,6,2678
42.0,9,0,7,2686
42.0,9,0,8,2694
42.0,9,0,9,2703
42.0,9,0,10,2711
42.0,9,0,11,2719
42.0,9,0,12,2727
42.0,9,0,13,2736
42.0,9,0,14,2744
42.0,9,0,15,2752
42.0,9,1,0,2636
42.0,9,1,1,2645
42.0,9,1,2,2653
42.0,9,1,3,2662
42.0,9,1,4,2670
42.0,9,1,5,2679
42.0,9,1,6,2687
42.0,9,1,7,2695
42.0,9,1,8,2704
42.0,9,1,9,2712
42.0,9,1,10,2720
42.0,9,1,11,2728
42.0,9,1,12,2736
42.0,9,1,13,2745
42.0,9,1,14,2753
42.0,9,1,15,2761
42.0,9,2,0,2645
42.0,9,2,1,2654
42.0,9,2,2,2662
42.0,9,2,3,2671
42.0,9,2,4,2679
42.0,9,2,5,2687
42.0,9,2,6,2696
42.0,9,2,7,2704
42.0,9,2,8,2713
42.0,9,2,9,2721
42.0,9,2,10,2729
42.0,9,2,11,2737
42.0,9,2,12,2746
42.0,9,2,13,2754
42.0,9,2,14,2762
42.0,9,2,15,2770
42.0,9,3,0,2654
42.0,9,3,1,2662
42.0,9,3,2,2671
42.0,9,3,3,2679
42.0,9,3,4,2688
42.0,9,3,5,2696
42.0,9,3,6,2705
42.0,9,3,7,2713
42.0,9,3,8,2721
42.0,9,3,9,2730
42.0,9,3,10,2738
42.0,9,3,11,2746
42.0,9,3,12,2755
42.0,9,3,13,2763
42.0,9,3,14,2771
42.0,9,3,15,2779
42.0,9,4,0,2663
42.0,9,4,1,2671
42.0,9,4,2,2680
42.0,9,4,3,2688
42.0,9,4,4,2697
42.0,9,4,5,2705
42.0,9,4,6,2714
42.0,9,4,7,2722
42.0,9,4,8,2730
42.0,9,4,9,2739
42.0,9,4,10,2747
42.0,9,4,11,2755
42.0,9,4,12,2764
42.0,9,4,13,2772
42.0,9,4,14,2780
42.0,9,4,15,2788
42.0,9,5,0,2671
42.0,9,5,1,2680
42.0,9,5,2,2688
42.0,9,5,3,2697
42.0,9,5,4,2706
42.0,9,5,5,2714
42.0,9,5,6,2722
42.0,9,5,7,2731
42.0,9,5,8,2739
42.0,9,5,9,2748
42.0,9,5,10,2756
42.0,9,5,11,2764
42.0,9,5,12,2773
42.0,9,5,13,2781
42.0,9,5,14,2789
42.0,9,5,15,2798
42.0,9,6,0,2680
42.0,9,6,1,2689
42.0,9,6,2,2697
42.0,9,6,3,2706
42.0,9,6,4,2714
42.0,9,6,5,2723
42.0,9,6,6,2731
42.0,9,6,7,2740
42.0,9,6,8,2748
42.0,9,6,9,2757
42.0,9,6,10,2765
42.0,9,6,11,2773
42.0,9,6,12,2782
42.0,9,6,13,2790
42.0,9,6,14,2798
42.0,9,6,15,2807
42.0,9,7,0,2689
42.0,9,7,1,2697
42.0,9,7,2,2706
42.0,9,7,3,2714
42.0,9,7,4,2723
42.0,9,7,5,2732
42.0,9,7,6,2740
42.0,9,7,7,2749
42.0,9,7,8,2757
42.0,9,7,9,2766
42.0,9,7,10,2774
42.0,9,7,11,2782
42.0,9,7,12,2791
42.0,9,7,13,2799
42.0,9,7,14,2807
42.0,9,7,15,2816
42.0,9,8,0,2697
42.0,9,8,1,2706
42.0,9,8,2,2714
42.0,9,8,3,2723
42.0,9,8,4,2732
42.0,9,8,5,2740
42.0,9,8,6,2749
42.0,9,8,7,2757
42.0,9,8,8,2766
42.0,9,8,9,2774
42.0,9,8,10,2783
42.0,9,8,11,2791
42.0,9,8,12,2800
42.0,9,8,13,2808
42.0,9,8,14,2816
42.0,9,8,15,2825
42.0,9,9,0,2706
42.0,9,9,1,2714
42.0,9,9,2,2723
42.0,9,9,3,2732
42.0,9,9,4,2740
42.0,9,9,5,2749
42.0,9,9,6,2758
42.0,9,9,7,2766
42.0,9,9,8,2775
42.0,9,9,9,2783
42.0,9,9,10,2792
42.0,9,9,11,2800
42.0,9,9,12,2809
42.0,9,9,13,2817
42.0,9,9,14,2825
42.0,9,9,15,2834
42.0,9,10,0,2714
42.0,9,10,1,2723
42.0,9,10,2,2732
42.0,9,10,3,2740
42.0,9,10,4,2749
42.0,9,10,5,2758
42.0,9,10,6,2766
42.0,9,10,7,2775
42.0,9,10,8,2783
42.0,9,10,9,2792
42.0,9,10,10,2800
42.0,9,10,11,2809
42.0,9,10,12,2817
42.0,9,10,13,2826
42.0,9,10,14,2834
42.0,9,10,15,2843
42.0,9,11,0,2723
42.0,9,11,1,2732
42.0,9,11,2,2740
42.0,9,11,3,2749
42.0,9,11,4,2758
42.0,9,11,5,2766
42.0,9,11,6,2775
42.0,9,11,7,2784
42.0,9,11,8,2792
42.0,9,11,9,2801
42.0,9,11,10,2809
42.0,9,11,11,2818
42.0,9,11,12,2826
42.0,9,11,13,2835
42.0,9,11,14,2843
42.0,9,11,15,2852
42.0,9,12,0,2731
42.0,9,12,1,2740
42.0,9,12,2,2749
42.0,9,12,3,2758
42.0,9,12,4,2766
42.0,9,12,5,2775
42.0,9,12,6,2784
42.0,9,12,7,2792
42.0,9,12,8,2801
42.0,9,12,9,2809
42.0,9,12,10,2818
42.0,9,12,11,2827
42.0,9,12,12,2835
42.0,9,12,13,2844
42.0,9,12,14,2852
42.0,9,12,15,2860
42.0,9,13,0,2740
42.0,9,13,1,2749
42.0,9,13,2,2757
42.0,9,13,3,2766
42.0,9,13,4,2775
42.0,9,13,5,2784
42.0,9,13,6,2792
42.0,9,13,7,2801
42.0,9,13,8,2810
42.0,9,13,9,2818
42.0,9,13,10,2827
42.0,9,13,11,2835
42.0,9,13,12,2844
42.0,9,13,13,2852
42.0,9,13,14,2861
42.0,9,13,15,2869
42.0,9,14,0,2748
42.0,9,14,1,2757
42.0,9,14,2,2766
42.0,9,14,3,2775
42.0,9,14,4,2783
42.0,9,14,5,2792
42.0,9,14,6,2801
42.0,9,14,7,2810
42.0,9,14,8,2818
42.0,9,14,9,2827
42.0,9,14,10,2835
42.0,9,14,11,2844
42.0,9,14,12,2853
42.0,9,14,13,2861
42.0,9,14,14,2870
42.0,9,14,15,2878
42.0,9,15,0,2757
42.0,9,15,1,2766
42.0,9,15,2,2774
42.0,9,15,3,2783
42.0,9,15,4,2792
42.0,9,15,5,2801
42.0,9,15,6,2809
42.0,9,15,7,2818
42.0,9,15,8,2827
42.0,9,15,9,2836
42.0,9,15,10,2844
42.0,9,15,11,2853
42.0,9,15,12,2861
42.0,9,15,13,2870
42.0,9,15,14,2878
42.0,9,15,15,2887
42.0,10,0,0,2637
42.0,10,0,1,2646
42.0,10,0,2,2654
42.0,10,0,3,2663
42.0,10,0,4,2671
42.0,10,0,5,2679
42.0,10,0,6,2688
42.0,10,0,7,2696
42.0,10,0,8,2704
42.0,10,0,9,2713
42.0,10,0,10,2721
42.0,10,0,11,2729
42.0,10,0,12,2737
42.0,10,0,13,2746
42.0,10,0,14,2754
42.0,10,0,15,2762
42.0,10,1,0,2646
42.0,10,1,1,2655
42.0,10,1,2,2663
42.0,10,1,3,2672
42.0,10,1,4,2680
42.0,10,1,5,2688
42.0,10,1,6,2697
42.0,10,1,7,2705
42.0,10,1,8,2714
42.0,10,1,9,2722
42.0,10,1,10,2730
42.0,10,1,11,2738
42.0,10,1,12,2747
42.0,10,1,13,2755
42.0,10,1,14,2763
42.0,10,1,15,2771
42.0,10,2,0,2655
42.0,10,2,1,2663
42.0,10,2,2,2672
42.0,10,2,3,2680
42.0,10,2,4,2689
42.0,10,2,5,2697
42.0,10,2,6,2706
42.0,10,2,7,2714
42.0,10,2,8,2723
42.0,10,2,9,2731
42.0,10,2,10,2739
42.0,10,2,11,2748
42.0,10,2,12,2756
42.0,10,2,13,2764
42.0,10,2,14,2772
42.0,10,2,15,2780
42.0,10,3,0,2664
42.0,10,3,1,2672
42.0,10,3,2,2681
42.0,10,3,3,2689
42.0,10,3,4,2698
42.0,10,3,5,2706
42.0,10,3,6,2715
42.0,10,3,7,2723
42.0,10,3,8,2732
42.0,10,3,9,2740
42.0,10,3,10,2748
42.0,10,3,11,2757
42.0,10,3,12,2765
42.0,10,3,13,2773
42.0,10,3,14,2781
42.0,10,3,15,2790
42.0,10,4,0,2672
42.0,10,4,1,2681
42.0,10,4,2,2690
42.0,10,4,3,2698
42.0,10,4,4,2707
42.0,10,4,5,2715
42.0,10,4,6,2724
42.0,10,4,7,2732
42.0,10,4,8,2741
42.0,10,4,9,2749
42.0,10,4,10,2757
42.0,10,4,11,2766
42.0,10,4,12,2774
42.0,10,4,13,2782
42.0,10,4,14,2791
42.0,10,4,15,2799
42.0,10,5,0,2681
42.0,10,5,1,2690
42.0,10,5,2,2698
42.0,10,5,3,2707
42.0,10,5,4,2716
42.0,10,5,5,2724
42.0,10,5,6,2733
42.0,10,5,7,2741
42.0,10,5,8,2749
42.0,10,5,9,2758
42.0,10,5,10,2766
42.0,10,5,11,2775
42.0,10,5,12,2783
42.0,10,5,13,2791
42.0,10,5,14,2800
42.0,10,5,15,2808
42.0,10,6,0,2690
42.0,10,6,1,2699
42.0,10,6,2,2707
42.0,10,6,3,2716
42.0,10,6,4,2724
42.0,10,6,5,2733
42.0,10,6,6,2741
42.0,10,6,7,2750
42.0,10,6,8,2758
42.0,10,6,9,2767
42.0,10,6,10,2775
42.0,10,6,11,2784
42.0,10,6,12,2792
42.0,10,6,13,2800
42.0,10,6,14,2809
42.0,10,6,15,2817
42.0,10,7,0,2699
42.0,10,7,1,2707
42.0,10,7,2,2716
42.0,10,7,3,2724
42.0,10,7,4,2733
42.0,10,7,5,2742
42.0,10,7,6,2750
42.0,10,7,7,2759
42.0,10,7,8,2767
42.0,10,7,9,2776
42.0,10,7,10,2784
42.0,10,7,11,2793
42.0,10,7,12,2801
42.0,10,7,13,2809
42.0,10,7,14,2818
42.0,10,7,15,2826
42.0,10,8,0,2707
42.0,10,8,1,2716
42.0,10,8,2,2725
42.0,10,8,3,2733
42.0,10,8,4,2742
42.0,10,8,5,2750
42.0,10,8,6,2759
42.0,10,8,7,2768
42.0,10,8,8,2776
42.0,10,8,9,2785
42.0,10,8,10,2793
42.0,10,8,11,2802
42.0,10,8,12,2810
42.0,10,8,13,2818
42.0,10,8,14,2827
42.0,10,8,15,2835
42.0,10,9,0,2716
42.0,10,9,1,2724
42.0,10,9,2,2733
42.0,10,9,3,2742
42.0,10,9,4,2751
42.0,10,9,5,2759
42.0,10,9,6,2768
42.0,10,9,7,2776
42.0,10,9,8,2785
42.0,10,9,9,2793
42.0,10,9,10,2802
42.0,10,9,11,2810
42.0,10,9,12,2819
42.0,10,9,13,2827
42.0,10,9,14,2836
42.0,10,9,15,2844
42.0,10,10,0,2724
42.0,10,10,1,2733
42.0,10,10,2,2742
42.0,10,10,3,2751
42.0,10,10,4,2759
42.0,10,10,5,2768
42.0,10,10,6,2777
42.0,10,10,7,2785
42.0,10,10,8,2794
42.0,10,10,9,2802
42.0,10,10,10,2811
42.0,10,10,11,2819
42.0,10,10,12,2828
42.0,10,10,13,2836
42.0,10,10,14,2845
42.0,10,10,15,2853
42.0,10,11,0,2733
42.0,10,11,1,2742
42.0,10,11,2,2750
42.0,10,11,3,2759
42.0,10,11,4,2768
42.0,10,11,5,2777
42.0,10,11,6,2785
42.0,10,11,7,2794
42.0,10,11,8,2803
42.0,10,11,9,2811
42.0,10,11,10,2820
42.0,10,11,11,2828
42.0,10,11,12,2837
42.0,10,11,13,2845
42.0,10,11,14,2854
42.0,10,11,15,2862
42.0,10,12,0,2741
42.0,10,12,1,2750
42.0,10,12,2,2759
42.0,10,12,3,2768
42.0,10,12,4,2777
42.0,10,12,5,2785
42.0,10,12,6,2794
42.0,10,12,7,2803
42.0,10,12,8,2811
42.0,10,12,9,2820
42.0,10,12,10,2828
42.0,10,12,11,2837
42.0,10,12,12,2846
42.0,10,12,13,2854
42.0,10,12,14,2863
42.0,10,12,15,2871
42.0,10,13,0,2750
42.0,10,13,1,2759
42.0,10,13,2,2768
42.0,10,13,3,2776
42.0,10,13,4,2785
42.0,10,13,5,2794
42.0,10,13,6,2803
42.0,10,13,7,2811
42.0,10,13,8,2820
42.0,10,13,9,2829
42.0,10,13,10,2837
42.0,10,13,11,2846
42.0,10,13,12,2854
42.0,10,13,13,2863
42.0,10,13,14,2871
42.0,10,13,15,2880
42.0,10,14,0,2758
42.0,10,14,1,2767
42.0,10,14,2,2776
42.0,10,14,3,2785
42.0,10,14,4,2794
42.0,10,14,5,2803
42.0,10,14,6,2811
42.0,10,14,7,2820
42.0,10,14,8,2829
42.0,10,14,9,2837
42.0,10,14,10,2846
42.0,10,14,11,2855
42.0,10,14,12,2863
42.0,10,14,13,2872
42.0,10,14,14,2880
42.0,10,14,15,2889
42.0,10,15,0,2767
42.0,10,15,1,2776
42.0,10,15,2,2785
42.0,10,15,3,2793
42.0,10,15,4,2802
42.0,10,15,5,2811
42.0,10,15,6,2820
42.0,10,15,7,2829
42.0,10,15,8,2837
42.0,10,15,9,2846
42.0,10,15,10,2855
42.0,10,15,11,2863
42.0,10,15,12,2872
42.0,10,15,13,2881
42.0,10,15,14,2889
42.0,10,15,15,2898
42.0,11,0,0,2647
42.0,11,0,1,2656
42.0,11,0,2,2664
42.0,11,0,3,2672
42.0,11,0,4,2681
42.0,11,0,5,2689
42.0,11,0,6,2698
42.0,11,0,7,2706
42.0,11,0,8,2714
42.0,11,0,9,2723
42.0,11,0,10,2731
42.0,11,0,11,2739
42.0,11,0,12,2748
42.0,11,0,13,2756
42.0,11,0,14,2764
42.0,11,0,15,2772
42.0,11,1,0,2656
42.0,11,1,1,2664
42.0,11,1,2,2673
42.0,11,1,3,2681
42.0,11,1,4,2690
42.0,11,1,5,2698
42.0,11,1,6,2707
42.0,11,1,7,2715
42.0,11,1,8,2724
42.0,11,1,9,2732
42.0,11,1,10,2740
42.0,11,1,11,2748
42.0,11,1,12,2757
42.0,11,1,13,2765
42.0,11,1,14,2773
42.0,11,1,15,2781
42.0,11,2,0,2665
42.0,11,2,1,2673
42.0,11,2,2,2682
42.0,11,2,3,2690
42.0,11,2,4,2699
42.0,11,2,5,2707
42.0,11,2,6,2716
42.0,11,2,7,2724
42.0,11,2,8,2733
42.0,11,2,9,2741
42.0,11,2,10,2749
42.0,11,2,11,2758
42.0,11,2,12,2766
42.0,11,2,13,2774
42.0,11,2,14,2782
42.0,11,2,15,2791
42.0,11,3,0,2674
42.0,11,3,1,2682
42.0,11,3,2,2691
42.0,11,3,3,2699
42.0,11,3,4,2708
42.0,11,3,5,2716
42.0,11,3,6,2725
42.0,11,3,7,2733
42.0,11,3,8,2742
42.0,11,3,9,2750
42.0,11,3,10,2758
42.0,11,3,11,2767
42.0,11,3,12,2775
42.0,11,3,13,2783
42.0,11,3,14,2792
42.0,11,3,15,2800
42.0,11,4,0,2682
42.0,11,4,1,2691
42.0,11,4,2,2700
42.0,11,4,3,2708
42.0,11,4,4,2717
42.0,11,4,5,2725
42.0,11,4,6,2734
42.0,11,4,7,2742
42.0,11,4,8,2751
42.0,11,4,9,2759
42.0,11,4,10,2767
42.0,11,4,11,2776
42.0,11,4,12,2784
42.0,11,4,13,2793
42.0,11,4,14,2801
42.0,11,4,15,2809
42.0,11,5,0,2691
42.0,11,5,1,2700
42.0,11,5,2,2708
42.0,11,5,3,2717
42.0,11,5,4,2726
42.0,11,5,5,2734
42.0,11,5,6,2743
42.0,11,5,7,2751
42.0,11,5,8,2760
42.0,11,5,9,2768
42.0,11,5,10,2777
42.0,11,5,11,2785
42.0,11,5,12,2793
42.0,11,5,13,2802
42.0,11,5,14,2810
42.0,11,5,15,2818
42.0,11,6,0,2700
42.0,11,6,1,2708
42.0,11,6,2,2717
42.0,11,6,3,2726
42.0,11,6,4,2734
42.0,11,6,5,2743
42.0,11,6,6,2752
42.0,11,6,7,2760
42.0,11,6,8,2769
42.0,11,6,9,2777
42.0,11,6,10,2786
42.0,11,6,11,2794
42.0,11,6,12,2802
42.0,11,6,13,2811
42.0,11,6,14,2819
42.0,11,6,15,2827
42.0,11,7,0,2708
42.0,11,7,1,2717
42.0,11,7,2,2726
42.0,11,7,3,2735
42.0,11,7,4,2743
42.0,11,7,5,2752
42.0,11,7,6,2760
42.0,11,7,7,2769
42.0,11,7,8,2777
42.0,11,7,9,2786
42.0,11,7,10,2794
42.0,11,7,11,2803
42.0,11,7,12,2811
42.0,11,7,13,2820
42.0,11,7,14,2828
42.0,11,7,15,2837
42.0,11,8,0,2717
42.0,11,8,1,2726
42.0,11,8,2,2735
42.0,11,8,3,2743
42.0,11,8,4,2752
42.0,11,8,5,2761
42.0,11,8,6,2769
42.0,11,8,7,2778
42.0,11,8,8,2786
42.0,11,8,9,2795
42.0,11,8,10,2803
42.0,11,8,11,2812
42.0,11,8,12,2820
42.0,11,8,13,2829
42.0,11,8,14,2837
42.0,11,8,15,2846
42.0,11,9,0,2726
42.0,11,9,1,2735
42.0,11,9,2,2743
42.0,11,9,3,2752
42.0,11,9,4,2761
42.0,11,9,5,2769
42.0,11,9,6,2778
42.0,11,9,7,2787
42.0,11,9,8,2795
42.0,11,9,9,2804
42.0,11,9,10,2812
42.0,11,9,11,2821
42.0,11,9,12,2829
42.0,11,9,13,2838
42.0,11,9,14,2846
42.0,11,9,15,2855
42.0,11,10,0,2734
42.0,11,10,1,2743
42.0,11,10,2,2752
42.0,11,10,3,2761
42.0,11,10,4,2769
42.0,11,10,5,2778
42.0,11,10,6,2787
42.0,11,10,7,2795
42.0,11,10,8,2804
42.0,11,10,9,2813
42.0,11,10,10,2821
42.0,11,10,11,2830
42.0,11,10,12,2838
42.0,11,10,13,2847
42.0,11,10,14,2855
42.0,11,10,15,2864
42.0,11,11,0,2743
42.0,11,11,1,2752
42.0,11,11,2,2761
42.0,11,11,3,2769
42.0,11,11,4,2778
42.0,11,11,5,2787
42.0,11,11,6,2796
42.0,11,11,7,2804
42.0,11,11,8,2813
42.0,11,11,9,2821
42.0,11,11,10,2830
42.0,11,11,11,2839
42.0,11,11,12,2847
42.0,11,11,13,2856
42.0,11,11,14,2864
42.0,11,11,15,2873
42.0,11,12,0,2752
42.0,11,12,1,2760
42.0,11,12,2,2769
42.0,11,12,3,2778
42.0,11,12,4,2787
42.0,11,12,5,2796
42.0,11,12,6,2804
42.0,11,12,7,2813
42.0,11,12,8,2822
42.0,11,12,9,2830
42.0,11,12,10,2839
42.0,11,12,11,2848
42.0,11,12,12,2856
42.0,11,12,13,2865
42.0,11,12,14,2873
42.0,11,12,15,2882
42.0,11,13,0,2760
42.0,11,13,1,2769
42.0,11,13,2,2778
42.0,11,13,3,2787
42.0,11,13,4,2795
42.0,11,13,5,2804
42.0,11,13,6,2813
42.0,11,13,7,2822
42.0,11,13,8,2830
42.0,11,13,9,2839
42.0,11,13,10,2848
42.0,11,13,11,2856
42.0,11,13,12,2865
42.0,11,13,13,2873
42.0,11,13,14,2882
42.0,11,13,15,2891
42.0,11,14,0,2769
42.0,11,14,1,2777
42.0,11,14,2,2786
42.0,11,14,3,2795
42.0,11,14,4,2804
42.0,11,14,5,2813
42.0,11,14,6,2822
42.0,11,14,7,2830
42.0,11,14,8,2839
42.0,11,14,9,2848
42.0,11,14,10,2857
42.0,11,14,11,2865
42.0,11,14,12,2874
42.0,11,14,13,2882
42.0,11,14,14,2891
42.0,11,14,15,2899
42.0,11,15,0,2777
42.0,11,15,1,2786
42.0,11,15,2,2795
42.0,11,15,3,2804
42.0,11,15,4,2813
42.0,11,15,5,2821
42.0,11,15,6,2830
42.0,11,15,7,2839
42.0,11,15,8,2848
42.0,11,15,9,2857
42.0,11,15,10,2865
42.0,11,15,11,2874
42.0,11,15,12,2883
42.0,11,15,13,2891
42.0,11,15,14,2900
42.0,11,15,15,2908
42.0,12,0,0,2657
42.0,12,0,1,2665
42.0,12,0,2,2674
42.0,12,0,3,2682
42.0,12,0,4,2691
42.0,12,0,5,2699
42.0,12,0,6,2708
42.0,12,0,7,2716
42.0,12,0,8,2724
42.0,12,0,9,2733
42.0,12,0,10,2741
42.0,12,0,11,2749
42.0,12,0,12,2758
42.0,12,0,13,2766
42.0,12,0,14,2774
42.0,12,0,15,2782
42.0,12,1,0,2666
42.0,12,1,1,2674
42.0,12,1,2,2683
42.0,12,1,3,2691
42.0,12,1,4,2700
42.0,12,1,5,2708
42.0,12,1,6,2717
42.0,12,1,7,2725
42.0,12,1,8,2734
42.0,12,1,9,2742
42.0,12,1,10,2750
42.0,12,1,11,2759
42.0,12,1,12,2767
42.0,12,1,13,2775
42.0,12,1,14,2783
42.0,12,1,15,2792
42.0,12,2,0,2674
42.0,12,2,1,2683
42.0,12,2,2,2692
42.0,12,2,3,2700
42.0,12,2,4,2709
42.0,12,2,5,2717
42.0,12,2,6,2726
42.0,12,2,7,2734
42.0,12,2,8,2743
42.0,12,2,9,2751
42.0,12,2,10,2759
42.0,12,2,11,2768
42.0,12,2,12,2776
42.0,12,2,13,2784
42.0,12,2,14,2793
42.0,12,2,15,2801
42.0,12,3,0,2683
42.0,12,3,1,2692
42.0,12,3,2,2701
42.0,12,3,3,2709
42.0,12,3,4,2718
42.0,12,3,5,2726
42.0,12,3,6,2735
42.0,12,3,7,2743
42.0,12,3,8,2752
42.0,12,3,9,2760
42.0,12,3,10,2769
42.0,12,3,11,2777
42.0,12,3,12,2785
42.0,12,3,13,2794
42.0,12,3,14,2802
42.0,12,3,15,2810
42.0,12,4,0,2692
42.0,12,4,1,2701
42.0,12,4,2,2709
42.0,12,4,3,2718
42.0,12,4,4,2727
42.0,12,4,5,2735
42.0,12,4,6,2744
42.0,12,4,7,2752
42.0,12,4,8,2761
42.0,12,4,9,2769
42.0,12,4,10,2778
42.0,12,4,11,2786
42.0,12,4,12,2794
42.0,12,4,13,2803
42.0,12,4,14,2811
42.0,12,4,15,2819
42.0,12,5,0,2701
42.0,12,5,1,2710
42.0,12,5,2,2718
42.0,12,5,3,2727
42.0,12,5,4,2736
42.0,12,5,5,2744
42.0,12,5,6,2753
42.0,12,5,7,2761
42.0,12,5,8,2770
42.0,12,5,9,2778
42.0,12,5,10,2787
42.0,12,5,11,2795
42.0,12,5,12,2804
42.0,12,5,13,2812
42.0,12,5,14,2820
42.0,12,5,15,2829
42.0,12,6,0,2710
42.0,12,6,1,2718
42.0,12,6,2,2727
42.0,12,6,3,2736
42.0,12,6,4,2744
42.0,12,6,5,2753
42.0,12,6,6,2762
42.0,12,6,7,2770
42.0,12,6,8,2779
42.0,12,6,9,2787
42.0,12,6,10,2796
42.0,12,6,11,2804
42.0,12,6,12,2813
42.0,12,6,13,2821
42.0,12,6,14,2829
42.0,12,6,15,2838
42.0,12,7,0,2718
42.0,12,7,1,2727
42.0,12,7,2,2736
42.0,12,7,3,2745
42.0,12,7,4,2753
42.0,12,7,5,2762
42.0,12,7,6,2771
42.0,12,7,7,2779
42.0,12,7,8,2788
42.0,12,7,9,2796
42.0,12,7,10,2805
42.0,12,7,11,2813
42.0,12,7,12,2822
42.0,12,7,13,2830
42.0,12,7,14,2839
42.0,12,7,15,2847
42.0,12,8,0,2727
42.0,12,8,1,2736
42.0,12,8,2,2745
42.0,12,8,3,2753
42.0,12,8,4,2762
42.0,12,8,5,2771
42.0,12,8,6,2779
42.0,12,8,7,2788
42.0,12,8,8,2797
42.0,12,8,9,2805
42.0,12,8,10,2814
42.0,12,8,11,2822
42.0,12,8,12,2831
42.0,12,8,13,2839
42.0,12,8,14,2848
42.0,12,8,15,2856
42.0,12,9,0,2736
42.0,12,9,1,2745
42.0,12,9,2,2753
42.0,12,9,3,2762
42.0,12,9,4,2771
42.0,12,9,5,2780
42.0,12,9,6,2788
42.0,12,9,7,2797
42.0,12,9,8,2806
42.0,12,9,9,2814
42.0,12,9,10,2823
42.0,12,9,11,2831
42.0,12,9,12,2840
42.0,12,9,13,2848
42.0,12,9,14,2857
42.0,12,9,15,2865
42.0,12,10,0,2744
42.0,12,10,1,2753
42.0,12,10,2,2762
42.0,12,10,3,2771
42.0,12,10,4,2780
42.0,12,10,5,2788
42.0,12,10,6,2797
42.0,12,10,7,2806
42.0,12,10,8,2814
42.0,12,10,9,2823
42.0,12,10,10,2832
42.0,12,10,11,2840
42.0,12,10,12,2849
42.0,12,10,13,2857
42.0,12,10,14,2866
42.0,12,10,15,2874
42.0,12,11,0,2753
42.0,12,11,1,2762
42.0,12,11,2,2771
42.0,12,11,3,2780
42.0,12,11,4,2788
42.0,12,11,5,2797
42.0,12,11,6,2806
42.0,12,11,7,2815
42.0,12,11,8,2823
42.0,12,11,9,2832
42.0,12,11,10,2840
42.0,12,11,11,2849
42.0,12,11,12,2858
42.0,12,11,13,2866
42.0,12,11,14,2875
42.0,12,11,15,2883
42.0,12,12,0,2762
42.0,12,12,1,2771
42.0,12,12,2,2779
42.0,12,12,3,2788
42.0,12,12,4,2797
42.0,12,12,5,2806
42.0,12,12,6,2815
42.0,12,12,7,2823
42.0,12,12,8,2832
42.0,12,12,9,2841
42.0,12,12,10,2849
42.0,12,12,11,2858
42.0,12,12,12,2867
42.0,12,12,13,2875
42.0,12,12,14,2884
42.0,12,12,15,2892
42.0,12,13,0,2770
42.0,12,13,1,2779
42.0,12,13,2,2788
42.0,12,13,3,2797
42.0,12,13,4,2806
42.0,12,13,5,2815
42.0,12,13,6,2823
42.0,12,13,7,2832
42.0,12,13,8,2841
42.0,12,13,9,2850
42.0,12,13,10,2858
42.0,12,13,11,2867
42.0,12,13,12,2875
42.0,12,13,13,2884
42.0,12,13,14,2893
42.0,12,13,15,2901
42.0,12,14,0,2779
42.0,12,14,1,2788
42.0,12,14,2,2797
42.0,12,14,3,2806
42.0,12,14,4,2814
42.0,12,14,5,2823
42.0,12,14,6,2832
42.0,12,14,7,2841
42.0,12,14,8,2850
42.0,12,14,9,2858
42.0,12,14,10,2867
42.0,12,14,11,2876
42.0,12,14,12,2884
42.0,12,14,13,2893
42.0,12,14,14,2902
42.0,12,14,15,2910
42.0,12,15,0,2787
42.0,12,15,1,2796
42.0,12,15,2,2805
42.0,12,15,3,2814
42.0,12,15,4,2823
42.0,12,15,5,2832
42.0,12,15,6,2841
42.0,12,15,7,2850
42.0,12,15,8,2858
42.0,12,15,9,2867
42.0,12,15,10,2876
42.0,12,15,11,2884
42.0,12,15,12,2893
42.0,12,15,13,2902
42.0,12,15,14,2910
42.0,12,15,15,2919
42.0,13,0,0,2666
42.0,13,0,1,2675
42.0,13,0,2,2684
42.0,13,0,3,2692
42.0,13,0,4,2701
42.0,13,0,5,2709
42.0,13,0,6,2718
42.0,13,0,7,2726
42.0,13,0,8,2734
42.0,13,0,9,2743
42.0,13,0,10,2751
42.0,13,0,11,2759
42.0,13,0,12,2768
42.0,13,0,13,2776
42.0,13,0,14,2784
42.0,13,0,15,2793
42.0,13,1,0,2675
42.0,13,1,1,2684
42.0,13,1,2,2693
42.0,13,1,3,2701
42.0,13,1,4,2710
42.0,13,1,5,2718
42.0,13,1,6,2727
42.0,13,1,7,2735
42.0,13,1,8,2744
42.0,13,1,9,2752
42.0,13,1,10,2760
42.0,13,1,11,2769
42.0,13,1,12,2777
42.0,13,1,13,2785
42.0,13,1,14,2794
42.0,13,1,15,2802
42.0,13,2,0,2684
42.0,13,2,1,2693
42.0,13,2,2,2702
42.0,13,2,3,2710
42.0,13,2,4,2719
42.0,13,2,5,2727
42.0,13,2,6,2736
42.0,13,2,7,2744
42.0,13,2,8,2753
42.0,13,2,9,2761
42.0,13,2,10,2770
42.0,13,2,11,2778
42.0,13,2,12,2786
42.0,13,2,13,2795
42.0,13,2,14,2803
42.0,13,2,15,2811
42.0,13,3,0,2693
42.0,13,3,1,2702
42.0,13,3,2,2710
42.0,13,3,3,2719
42.0,13,3,4,2728
42.0,13,3,5,2736
42.0,13,3,6,2745
42.0,13,3,7,2753
42.0,13,3,8,2762
42.0,13,3,9,2770
42.0,13,3,10,2779
42.0,13,3,11,2787
42.0,13,3,12,2795
42.0,13,3,13,2804
42.0,13,3,14,2812
42.0,13,3,15,2820
42.0,13,4,0,2702
42.0,13,4,1,2711
42.0,13,4,2,2719
42.0,13,4,3,2728
42.0,13,4,4,2737
42.0,13,4,5,2745
42.0,13,4,6,2754
42.0,13,4,7,2762
42.0,13,4,8,2771
42.0,13,4,9,2779
42.0,13,4,10,2788
42.0,13,4,11,2796
42.0,13,4,12,2805
42.0,13,4,13,2813
42.0,13,4,14,2821
42.0,13,4,15,2830
42.0,13,5,0,2711
42.0,13,5,1,2720
42.0,13,5,2,2728
42.0,13,5,3,2737
42.0,13,5,4,2746
42.0,13,5,5,2754
42.0,13,5,6,2763
42.0,13,5,7,2771
42.0,13,5,8,2780
42.0,13,5,9,2788
42.0,13,5,10,2797
42.0,13,5,11,2805
42.0,13,5,12,2814
42.0,13,5,13,2822
42.0,13,5,14,2831
42.0,13,5,15,2839
42.0,13,6,0,2720
42.0,13,6,1,2728
42.0,13,6,2,2737
42.0,13,6,3,2746
42.0,13,6,4,2754
42.0,13,6,5,2763
42.0,13,6,6,2772
42.0,13,6,7,2780
42.0,13,6,8,2789
42.0,13,6,9,2797
42.0,13,6,10,2806
42.0,13,6,11,2814
42.0,13,6,12,2823
42.0,13,6,13,2831
42.0,13,6,14,2840
42.0,13,6,15,2848
42.0,13,7,0,2728
42.0,13,7,1,2737
42.0,13,7,2,2746
42.0,13,7,3,2755
42.0,13,7,4,2763
42.0,13,7,5,2772
42.0,13,7,6,2781
42.0,13,7,7,2789
42.0,13,7,8,2798
42.0,13,7,9,2806
42.0,13,7,10,2815
42.0,13,7,11,2824
42.0,13,7,12,2832
42.0,13,7,13,2841
42.0,13,7,14,2849
42.0,13,7,15,2857
42.0,13,8,0,2737
42.0,13,8,1,2746
42.0,13,8,2,2755
42.0,13,8,3,2763
42.0,13,8,4,2772
42.0,13,8,5,2781
42.0,13,8,6,2790
42.0,13,8,7,2798
42.0,13,8,8,2807
42.0,13,8,9,2815
42.0,13,8,10,2824
42.0,13,8,11,2833
42.0,13,8,12,2841
42.0,13,8,13,2850
42.0,13,8,14,2858
42.0,13,8,15,2867
42.0,13,9,0,2746
42.0,13,9,1,2755
42.0,13,9,2,2763
42.0,13,9,3,2772
42.0,13,9,4,2781
42.0,13,9,5,2790
42.0,13,9,6,2798
42.0,13,9,7,2807
42.0,13,9,8,2816
42.0,13,9,9,2824
42.0,13,9,10,2833
42.0,13,9,11,2842
42.0,13,9,12,2850
42.0,13,9,13,2859
42.0,13,9,14,2867
42.0,13,9,15,2876
42.0,13,10,0,2754
42.0,13,10,1,2763
42.0,13,10,2,2772
42.0,13,10,3,2781
42.0,13,10,4,2790
42.0,13,10,5,2799
42.0,13,10,6,2807
42.0,13,10,7,2816
42.0,13,10,8,2825
42.0,13,10,9,2833
42.0,13,10,10,2842
42.0,13,10,11,2851
42.0,13,10,12,2859
42.0,13,10,13,2868
42.0,13,10,14,2876
42.0,13,10,15,2885
42.0,13,11,0,2763
42.0,13,11,1,2772
42.0,13,11,2,2781
42.0,13,11,3,2790
42.0,13,11,4,2799
42.0,13,11,5,2807
42.0,13,11,6,2816
42.0,13,11,7,2825
42.0,13,11,8,2834
42.0,13,11,9,2842
42.0,13,11,10,2851
42.0,13,11,11,2860
42.0,13,11,12,2868
42.0,13,11,13,2877
42.0,13,11,14,2885
42.0,13,11,15,2894
42.0,13,12,0,2772
42.0,13,12,1,2781
42.0,13,12,2,2790
42.0,13,12,3,2798
42.0,13,12,4,2807
42.0,13,12,5,2816
42.0,13,12,6,2825
42.0,13,12,7,2834
42.0,13,12,8,2842
42.0,13,12,9,2851
42.0,13,12,10,2860
42.0,13,12,11,2868
42.0,13,12,12,2877
42.0,13,12,13,2886
42.0,13,12,14,2894
42.0,13,12,15,2903
42.0,13,13,0,2780
42.0,13,13,1,2789
42.0,13,13,2,2798
42.0,13,13,3,2807
42.0,13,13,4,2816
42.0,13,13,5,2825
42.0,13,13,6,2834
42.0,13,13,7,2842
42.0,13,13,8,2851
42.0,13,13,9,2860
42.0,13,13,10,2869
42.0,13,13,11,2877
42.0,13,13,12,2886
42.0,13,13,13,2895
42.0,13,13,14,2903
42.0,13,13,15,2912
42.0,13,14,0,2789
42.0,13,14,1,2798
42.0,13,14,2,2807
42.0,13,14,3,2816
42.0,13,14,4,2825
42.0,13,14,5,2834
42.0,13,14,6,2842
42.0,13,14,7,2851
42.0,13,14,8,2860
42.0,13,14,9,2869
42.0,13,14,10,2878
42.0,13,14,11,2886
42.0,13,14,12,2895
42.0,13,14,13,2904
42.0,13,14,14,2912
42.0,13,14,15,2921
42.0,13,15,0,2797
42.0,13,15,1,2806
42.0,13,15,2,2815
42.0,13,15,3,2824
42.0,13,15,4,2833
42.0,13,15,5,2842
42.0,13,15,6,2851
42.0,13,15,7,2860
42.0,13,15,8,2869
42.0,13,15,9,2878
42.0,13,15,10,2886
42.0,13,15,11,2895
42.0,13,15,12,2904
42.0,13,15,13,2912
42.0,13,15,14,2921
42.0,13,15,15,2930
42.0,14,0,0,2676
42.0,14,0,1,2685
42.0,14,0,2,2693
42.0,14,0,3,2702
42.0,14,0,4,2711
42.0,14,0,5,2719
42.0,14,0,6,2728
42.0,14,0,7,2736
42.0,14,0,8,2744
42.0,14,0,9,2753
42.0,14,0,10,2761
42.0,14,0,11,2770
42.0,14,0,12,2778
42.0,14,0,13,2786
42.0,14,0,14,2794
42.0,14,0,15,2803
42.0,14,1,0,2685
42.0,14,1,1,2694
42.0,14,1,2,2702
42.0,14,1,3,2711
42.0,14,1,4,2720
42.0,14,1,5,2728
42.0,14,1,6,2737
42.0,14,1,7,2745
42.0,14,1,8,2754
42.0,14,1,9,2762
42.0,14,1,10,2770
42.0,14,1,11,2779
42.0,14,1,12,2787
42.0,14,1,13,2796
42.0,14,1,14,2804
42.0,14,1,15,2812
42.0,14,2,0,2694
42.0,14,2,1,2703
42.0,14,2,2,2711
42.0,14,2,3,2720
42.0,14,2,4,2729
42.0,14,2,5,2737
42.0,14,2,6,2746
42.0,14,2,7,2754
42.0,14,2,8,2763
42.0,14,2,9,2771
42.0,14,2,10,2780
42.0,14,2,11,2788
42.0,14,2,12,2796
42.0,14,2,13,2805
42.0,14,2,14,2813
42.0,14,2,15,2821
42.0,14,3,0,2703
42.0,14,3,1,2712
42.0,14,3,2,2720
42.0,14,3,3,2729
42.0,14,3,4,2738
42.0,14,3,5,2746
42.0,14,3,6,2755
42.0,14,3,7,2763
42.0,14,3,8,2772
42.0,14,3,9,2780
42.0,14,3,10,2789
42.0,14,3,11,2797
42.0,14,3,12,2806
42.0,14,3,13,2814
42.0,14,3,14,2822
42.0,14,3,15,2831
42.0,14,4,0,2712
42.0,14,4,1,2721
42.0,14,4,2,2729
42.0,14,4,3,2738
42.0,14,4,4,2747
42.0,14,4,5,2755
42.0,14,4,6,2764
42.0,14,4,7,2772
42.0,14,4,8,2781
42.0,14,4,9,2790
42.0,14,4,10,2798
42.0,14,4,11,2806
42.0,14,4,12,2815
42.0,14,4,13,2823
42.0,14,4,14,2832
42.0,14,4,15,2840
42.0,14,5,0,2721
42.0,14,5,1,2729
42.0,14,5,2,2738
42.0,14,5,3,2747
42.0,14,5,4,2756
42.0,14,5,5,2764
42.0,14,5,6,2773
42.0,14,5,7,2781
42.0,14,5,8,2790
42.0,14,5,9,2799
42.0,14,5,10,2807
42.0,14,5,11,2816
42.0,14,5,12,2824
42.0,14,5,13,2833
42.0,14,5,14,2841
42.0,14,5,15,2849
42.0,14,6,0,2730
42.0,14,6,1,2738
42.0,14,6,2,2747
42.0,14,6,3,2756
42.0,14,6,4,2765
42.0,14,6,5,2773
42.0,14,6,6,2782
42.0,14,6,7,2791
42.0,14,6,8,2799
42.0,14,6,9,2808
42.0,14,6,10,2816
42.0,14,6,11,2825
42.0,14,6,12,2833
42.0,14,6,13,2842
42.0,14,6,14,2850
42.0,14,6,15,2859
42.0,14,7,0,2738
42.0,14,7,1,2747
42.0,14,7,2,2756
42.0,14,7,3,2765
42.0,14,7,4,2773
42.0,14,7,5,2782
42.0,14,7,6,2791
42.0,14,7,7,2800
42.0,14,7,8,2808
42.0,14,7,9,2817
42.0,14,7,10,2825
42.0,14,7,11,2834
42.0,14,7,12,2842
42.0,14,7,13,2851
42.0,14,7,14,2859
42.0,14,7,15,2868
42.0,14,8,0,2747
42.0,14,8,1,2756
42.0,14,8,2,2765
42.0,14,8,3,2774
42.0,14,8,4,2782
42.0,14,8,5,2791
42.0,14,8,6,2800
42.0,14,8,7,2808
42.0,14,8,8,2817
42.0,14,8,9,2826
42.0,14,8,10,2834
42.0,14,8,11,2843
42.0,14,8,12,2851
42.0,14,8,13,2860
42.0,14,8,14,2869
42.0,14,8,15,2877
42.0,14,9,0,2756
42.0,14,9,1,2765
42.0,14,9,2,2774
42.0,14,9,3,2782
42.0,14,9,4,2791
42.0,14,9,5,2800
42.0,14,9,6,2809
42.0,14,9,7,2817
42.0,14,9,8,2826
42.0,14,9,9,2835
42.0,14,9,10,2843
42.0,14,9,11,2852
42.0,14,9,12,2861
42.0,14,9,13,2869
42.0,14,9,14,2878
42.0,14,9,15,2886
42.0,14,10,0,2765
42.0,14,10,1,2773
42.0,14,10,2,2782
42.0,14,10,3,2791
42.0,14,10,4,2800
42.0,14,10,5,2809
42.0,14,10,6,2818
42.0,14,10,7,2826
42.0,14,10,8,2835
42.0,14,10,9,2844
42.0,14,10,10,2852
42.0,14,10,11,2861
42.0,14,10,12,2870
42.0,14,10,13,2878
42.0,14,10,14,2887
42.0,14,10,15,2895
42.0,14,11,0,2773
42.0,14,11,1,2782
42.0,14,11,2,2791
42.0,14,11,3,2800
42.0,14,11,4,2809
42.0,14,11,5,2818
42.0,14,11,6,2826
42.0,14,11,7,2835
42.0,14,11,8,2844
42.0,14,11,9,2853
42.0,14,11,10,2861
42.0,14,11,11,2870
42.0,14,11,12,2879
42.0,14,11,13,2887
42.0,14,11,14,2896
42.0,14,11,15,2904
42.0,14,12,0,2782
42.0,14,12,1,2791
42.0,14,12,2,2800
42.0,14,12,3,2809
42.0,14,12,4,2818
42.0,14,12,5,2826
42.0,14,12,6,2835
42.0,14,12,7,2844
42.0,14,12,8,2853
42.0,14,12,9,2862
42.0,14,12,10,2870
42.0,14,12,11,2879
42.0,14,12,12,2888
42.0,14,12,13,2896
42.0,14,12,14,2905
42.0,14,12,15,2913
42.0,14,13,0,2791
42.0,14,13,1,2800
42.0,14,13,2,2808
42.0,14,13,3,2817
42.0,14,13,4,2826
42.0,14,13,5,2835
42.0,14,13,6,2844
42.0,14,13,7,2853
42.0,14,13,8,2862
42.0,14,13,9,2870
42.0,14,13,10,2879
42.0,14,13,11,2888
42.0,14,13,12,2897
42.0,14,13,13,2905
42.0,14,13,14,2914
42.0,14,13,15,2922
42.0,14,14,0,2799
42.0,14,14,1,2808
42.0,14,14,2,2817
42.0,14,14,3,2826
42.0,14,14,4,2835
42.0,14,14,5,2844
42.0,14,14,6,2853
42.0,14,14,7,2862
42.0,14,14,8,2870
42.0,14,14,9,2879
42.0,14,14,10,2888
42.0,14,14,11,2897
42.0,14,14,12,2905
42.0,14,14,13,2914
42.0,14,14,14,2923
42.0,14,14,15,2931
42.0,14,15,0,2808
42.0,14,15,1,2817
42.0,14,15,2,2826
42.0,14,15,3,2835
42.0,14,15,4,2844
42.0,14,15,5,2853
42.0,14,15,6,2862
42.0,14,15,7,2870
42.0,14,15,8,2879
42.0,14,15,9,2888
42.0,14,15,10,2897
42.0,14,15,11,2906
42.0,14,15,12,2914
42.0,14,15,13,2923
42.0,14,15,14,2932
42.0,14,15,15,2940
42.0,15,0,0,2686
42.0,15,0,1,2695
42.0,15,0,2,2703
42.0,15,0,3,2712
42.0,15,0,4,2720
42.0,15,0,5,2729
42.0,15,0,6,2737
42.0,15,0,7,2746
42.0,15,0,8,2754
42.0,15,0,9,2763
42.0,15,0,10,2771
42.0,15,0,11,2780
42.0,15,0,12,2788
42.0,15,0,13,2796
42.0,15,0,14,2805
42.0,15,0,15,2813
42.0,15,1,0,2695
42.0,15,1,1,2704
42.0,15,1,2,2712
42.0,15,1,3,2721
42.0,15,1,4,2729
42.0,15,1,5,2738
42.0,15,1,6,2747
42.0,15,1,7,2755
42.0,15,1,8,2764
42.0,15,1,9,2772
42.0,15,1,10,2781
42.0,15,1,11,2789
42.0,15,1,12,2797
42.0,15,1,13,2806
42.0,15,1,14,2814
42.0,15,1,15,2822
42.0,15,2,0,2704
42.0,15,2,1,2713
42.0,15,2,2,2721
42.0,15,2,3,2730
42.0,15,2,4,2739
42.0,15,2,5,2747
42.0,15,2,6,2756
42.0,15,2,7,2764
42.0,15,2,8,2773
42.0,15,2,9,2781
42.0,15,2,10,2790
42.0,15,2,11,2798
42.0,15,2,12,2807
42.0,15,2,13,2815
42.0,15,2,14,2823
42.0,15,2,15,2832
42.0,15,3,0,2713
42.0,15,3,1,2722
42.0,15,3,2,2730
42.0,15,3,3,2739
42.0,15,3,4,2748
42.0,15,3,5,2756
42.0,15,3,6,2765
42.0,15,3,7,2773
42.0,15,3,8,2782
42.0,15,3,9,2790
42.0,15,3,10,2799
42.0,15,3,11,2807
42.0,15,3,12,2816
42.0,15,3,13,2824
42.0,15,3,14,2833
42.0,15,3,15,2841
42.0,15,4,0,2722
42.0,15,4,1,2731
42.0,15,4,2,2739
42.0,15,4,3,2748
42.0,15,4,4,2757
42.0,15,4,5,2765
42.0,15,4,6,2774
42.0,15,4,7,2783
42.0,15,4,8,2791
42.0,15,4,9,2800
42.0,15,4,10,2808
42.0,15,4,11,2817
42.0,15,4,12,2825
42.0,15,4,13,2834
42.0,15,4,14,2842
42.0,15,4,15,2850
42.0,15,5,0,2731
42.0,15,5,1,2739
42.0,15,5,2,2748
42.0,15,5,3,2757
42.0,15,5,4,2766
42.0,15,5,5,2774
42.0,15,5,6,2783
42.0,15,5,7,2792
42.0,15,5,8,2800
42.0,15,5,9,2809
42.0,15,5,10,2817
42.0,15,5,11,2826
42.0,15,5,12,2834
42.0,15,5,13,2843
42.0,15,5,14,2851
42.0,15,5,15,2860
42.0,15,6,0,2739
42.0,15,6,1,2748
42.0,15,6,2,2757
42.0,15,6,3,2766
42.0,15,6,4,2775
42.0,15,6,5,2783
42.0,15,6,6,2792
42.0,15,6,7,2801
42.0,15,6,8,2809
42.0,15,6,9,2818
42.0,15,6,10,2826
42.0,15,6,11,2835
42.0,15,6,12,2844
42.0,15,6,13,2852
42.0,15,6,14,2861
42.0,15,6,15,2869
42.0,15,7,0,2748
42.0,15,7,1,2757
42.0,15,7,2,2766
42.0,15,7,3,2775
42.0,15,7,4,2784
42.0,15,7,5,2792
42.0,15,7,6,2801
42.0,15,7,7,2810
42.0,15,7,8,2818
42.0,15,7,9,2827
42.0,15,7,10,2836
42.0,15,7,11,2844
42.0,15,7,12,2853
42.0,15,7,13,2861
42.0,15,7,14,2870
42.0,15,7,15,2878
42.0,15,8,0,2757
42.0,15,8,1,2766
42.0,15,8,2,2775
42.0,15,8,3,2784
42.0,15,8,4,2792
42.0,15,8,5,2801
42.0,15,8,6,2810
42.0,15,8,7,2819
42.0,15,8,8,2827
42.0,15,8,9,2836
42.0,15,8,10,2845
42.0,15,8,11,2853
42.0,15,8,12,2862
42.0,15,8,13,2870
42.0,15,8,14,2879
42.0,15,8,15,2887
42.0,15,9,0,2766
42.0,15,9,1,2775
42.0,15,9,2,2784
42.0,15,9,3,2793
42.0,15,9,4,2801
42.0,15,9,5,2810
42.0,15,9,6,2819
42.0,15,9,7,2828
42.0,15,9,8,2836
42.0,15,9,9,2845
42.0,15,9,10,2854
42.0,15,9,11,2862
42.0,15,9,12,2871
42.0,15,9,13,2880
42.0,15,9,14,2888
42.0,15,9,15,2897
42.0,15,10,0,2775
42.0,15,10,1,2784
42.0,15,10,2,2792
42.0,15,10,3,2801
42.0,15,10,4,2810
42.0,15,10,5,2819
42.0,15,10,6,2828
42.0,15,10,7,2837
42.0,15,10,8,2845
42.0,15,10,9,2854
42.0,15,10,10,2863
42.0,15,10,11,2871
42.0,15,10,12,2880
42.0,15,10,13,2889
42.0,15,10,14,2897
42.0,15,10,15,2906
42.0,15,11,0,2783
42.0,15,11,1,2792
42.0,15,11,2,2801
42.0,15,11,3,2810
42.0,15,11,4,2819
42.0,15,11,5,2828
42.0,15,11,6,2837
42.0,15,11,7,2845
42.0,15,11,8,2854
42.0,15,11,9,2863
42.0,15,11,10,2872
42.0,15,11,11,2880
42.0,15,11,12,2889
42.0,15,11,13,2898
42.0,15,11,14,2906
42.0,15,11,15,2915
42.0,15,12,0,2792
42.0,15,12,1,2801
42.0,15,12,2,2810
42.0,15,12,3,2819
42.0,15,12,4,2828
42.0,15,12,5,2837
42.0,15,12,6,2846
42.0,15,12,7,2854
42.0,15,12,8,2863
42.0,15,12,9,2872
42.0,15,12,10,2881
42.0,15,12,11,2889
42.0,15,12,12,2898
42.0,15,12,13,2907
42.0,15,12,14,2915
42.0,15,12,15,2924
42.0,15,13,0,2801
42.0,15,13,1,2810
42.0,15,13,2,2819
42.0,15,13,3,2828
42.0,15,13,4,2837
42.0,15,13,5,2845
42.0,15,13,6,2854
42.0,15,13,7,2863
42.0,15,13,8,2872
42.0,15,13,9,2881
42.0,15,13,10,2890
42.0,15,13,11,2898
42.0,15,13,12,2907
42.0,15,13,13,2916
42.0,15,13,14,2924
42.0,15,13,15,2933
42.0,15,14,0,2809
42.0,15,14,1,2818
42.0,15,14,2,2827
42.0,15,14,3,2836
42.0,15,14,4,2845
42.0,15,14,5,2854
42.0,15,14,6,2863
42.0,15,14,7,2872
42.0,15,14,8,2881
42.0,15,14,9,2890
42.0,15,14,10,2899
42.0,15,14,11,2907
42.0,15,14,12,2916
42.0,15,14,13,2925
42.0,15,14,14,2933
42.0,15,14,15,2942
42.0,15,15,0,2818
42.0,15,15,1,2827
42.0,15,15,2,2836
42.0,15,15,3,2845
42.0,15,15,4,2854
42.0,15,15,5,2863
42.0,15,15,6,2872
42.0,15,15,7,2881
42.0,15,15,8,2890
42.0,15,15,9,2899
42.0,15,15,10,2907
42.0,15,15,11,2916
42.0,15,15,12,2925
42.0,15,15,13,2934
42.0,15,15,14,2942
42.0,15,15,15,2951
42.5,0,0,0,2556
42.5,0,0,1,2564
42.5,0,0,2,2572
42.5,0,0,3,2580
42.5,0,0,4,2589
42.5,0,0,5,2597
42.5,0,0,6,2605
42.5,0,0,7,2613
42.5,0,0,8,2621
42.5,0,0,9,2629
42.5,0,0,10,2637
42.5,0,0,11,2645
42.5,0,0,12,2653
42.5,0,0,13,2661
42.5,0,0,14,2669
42.5,0,0,15,2677
42.5,0,1,0,2564
42.5,0,1,1,2573
42.5,0,1,2,2581
42.5,0,1,3,2589
42.5,0,1,4,2597
42.5,0,1,5,2605
42.5,0,1,6,2614
42.5,0,1,7,2622
42.5,0,1,8,2630
42.5,0,1,9,2638
42.5,0,1,10,2646
42.5,0,1,11,2654
42.5,0,1,12,2662
42.5,0,1,13,2670
42.5,0,1,14,2678
42.5,0,1,15,2686
42.5,0,2,0,2573
42.5,0,2,1,2581
42.5,0,2,2,2589
42.5,0,2,3,2598
42.5,0,2,4,2606
42.5,0,2,5,2614
42.5,0,2,6,2622
42.5,0,2,7,2630
42.5,0,2,8,2638
42.5,0,2,9,2647
42.5,0,2,10,2655
42.5,0,2,11,2663
42.5,0,2,12,2671
42.5,0,2,13,2679
42.5,0,2,14,2687
42.5,0,2,15,2695
42.5,0,3,0,2581
42.5,0,3,1,2590
42.5,0,3,2,2598
42.5,0,3,3,2606
42.5,0,3,4,2615
42.5,0,3,5,2623
42.5,0,3,6,2631
42.5,0,3,7,2639
42.5,0,3,8,2647
42.5,0,3,9,2655
42.5,0,3,10,2663
42.5,0,3,11,2671
42.5,0,3,12,2680
42.5,0,3,13,2688
42.5,0,3,14,2696
42.5,0,3,15,2703
42.5,0,4,0,2590
42.5,0,4,1,2598
42.5,0,4,2,2607
42.5,0,4,3,2615
42.5,0,4,4,2623
42.5,0,4,5,2631
42.5,0,4,6,2640
42.5,0,4,7,2648
42.5,0,4,8,2656
42.5,0,4,9,2664
42.5,0,4,10,2672
42.5,0,4,11,2680
42.5,0,4,12,2688
42.5,0,4,13,2696
42.5,0,4,14,2704
42.5,0,4,15,2712
42.5,0,5,0,2598
42.5,0,5,1,2607
42.5,0,5,2,2615
42.5,0,5,3,2623
42.5,0,5,4,2632
42.5,0,5,5,2640
42.5,0,5,6,2648
42.5,0,5,7,2656
42.5,0,5,8,2665
42.5,0,5,9,2673
42.5,0,5,10,2681
42.5,0,5,11,2689
42.5,0,5,12,2697
42.5,0,5,13,2705
42.5,0,5,14,2713
42.5,0,5,15,2721
42.5,0,6,0,2607
42.5,0,6,1,2615
42.5,0,6,2,2624
42.5,0,6,3,2632
42.5,0,6,4,2640
42.5,0,6,5,2648
42.5,0,6,6,2657
42.5,0,6,7,2665
42.5,0,6,8,2673
42.5,0,6,9,2681
42.5,0,6,10,2690
42.5,0,6,11,2698
42.5,0,6,12,2706
42.5,0,6,13,2714
42.5,0,6,14,2722
42.5,0,6,15,2730
42.5,0,7,0,2615
42.5,0,7,1,2624
42.5,0,7,2,2632
42.5,0,7,3,2640
42.5,0,7,4,2649
42.5,0,7,5,2657
42.5,0,7,6,2665
42.5,0,7,7,2674
42.5,0,7,8,2682
42.5,0,7,9,2690
42.5,0,7,10,2698
42.5,0,7,11,2706
42.5,0,7,12,2715
42.5,0,7,13,2723
42.5,0,7,14,2731
42.5,0,7,15,2739
42.5,0,8,0,2624
42.5,0,8,1,2632
42.5,0,8,2,2640
42.5,0,8,3,2649
42.5,0,8,4,2657
42.5,0,8,5,2666
42.5,0,8,6,2674
42.5,0,8,7,2682
42.5,0,8,8,2690
42.5,0,8,9,2699
42.5,0,8,10,2707
42.5,0,8,11,2715
42.5,0,8,12,2723
42.5,0,8,13,2731
42.5,0,8,14,2739
42.5,0,8,15,2748
42.5,0,9,0,2632
42.5,0,9,1,2640
42.5,0,9,2,2649
42.5,0,9,3,2657
42.5,0,9,4,2666
42.5,0,9,5,2674
42.5,0,9,6,2682
42.5,0,9,7,2691
42.5,0,9,8,2699
42.5,0,9,9,2707
42.5,0,9,10,2715
42.5,0,9,11,2724
42.5,0,9,12,2732
42.5,0,9,13,2740
42.5,0,9,14,2748
42.5,0,9,15,2756
42.5,0,10,0,2640
42.5,0,10,1,2649
42.5,0,10,2,2657
42.5,0,10,3,2666
42.5,0,10,4,2674
42.5,0,10,5,2682
42.5,0,10,6,2691
42.5,0,10,7,2699
42.5,0,10,8,2707
42.5,0,10,9,2716
42.5,0,10,10,2724
42.5,0,10,11,2732
42.5,0,10,12,2741
42.5,0,10,13,2749
42.5,0,10,14,2757
42.5,0,10,15,2765
42.5,0,11,0,2648
42.5,0,11,1,2657
42.5,0,11,2,2666
42.5,0,11,3,2674
42.5,0,11,4,2682
42.5,0,11,5,2691
42.5,0,11,6,2699
42.5,0,11,7,2708
42.5,0,11,8,2716
42.5,0,11,9,2724
42.5,0,11,10,2733
42.5,0,11,11,2741
42.5,0,11,12,2749
42.5,0,11,13,2757
42.5,0,11,14,2766
42.5,0,11,15,2774
42.5,0,12,0,2657
42.5,0,12,1,2665
42.5,0,12,2,2674
42.5,0,12,3,2682
42.5,0,12,4,2691
42.5,0,12,5,2699
42.5,0,12,6,2708
42.5,0,12,7,2716
42.5,0,12,8,2724
42.5,0,12,9,2733
42.5,0,12,10,2741
42.5,0,12,11,2749
42.5,0,12,12,2758
42.5,0,12,13,2766
42.5,0,12,14,2774
42.5,0,12,15,2782
42.5,0,13,0,2665
42.5,0,13,1,2674
42.5,0,13,2,2682
42.5,0,13,3,2691
42.5,0,13,4,2699
42.5,0,13,5,2708
42.5,0,13,6,2716
42.5,0,13,7,2725
42.5,0,13,8,2733
42.5,0,13,9,2741
42.5,0,13,10,2750
42.5,0,13,11,2758
42.5,0,13,12,2766
42.5,0,13,13,2775
42.5,0,13,14,2783
42.5,0,13,15,2791
42.5,0,14,0,2673
42.5,0,14,1,2682
42.5,0,14,2,2690
42.5,0,14,3,2699
42.5,0,14,4,2707
42.5,0,14,5,2716
42.5,0,14,6,2724
42.5,0,14,7,2733
42.5,0,14,8,2741
42.5,0,14,9,2750
42.5,0,14,10,2758
42.5,0,14,11,2766
42.5,0,14,12,2775
42.5,0,14,13,2783
42.5,0,14,14,2791
42.5,0,14,15,2800
42.5,0,15,0,2681
42.5,0,15,1,2690
42.5,0,15,2,2699
42.5,0,15,3,2707
42.5,0,15,4,2716
42.5,0,15,5,2724
42.5,0,15,6,2733
42.5,0,15,7,2741
42.5,0,15,8,2750
42.5,0,15,9,2758
42.5,0,15,10,2767
42.5,0,15,11,2775
42.5,0,15,12,2783
42.5,0,15,13,2792
42.5,0,15,14,2800
42.5,0,15,15,2808
42.5,1,0,0,2566
42.5,1,0,1,2574
42.5,1,0,2,2582
42.5,1,0,3,2590
42.5,1,0,4,2599
42.5,1,0,5,2607
42.5,1,0,6,2615
42.5,1,0,7,2623
42.5,1,0,8,2631
42.5,1,0,9,2639
42.5,1,0,10,2647
42.5,1,0,11,2655
42.5,1,0,12,2663
42.5,1,0,13,2671
42.5,1,0,14,2679
42.5,1,0,15,2687
42.5,1,1,0,2574
42.5,1,1,1,2582
42.5,1,1,2,2591
42.5,1,1,3,2599
42.5,1,1,4,2607
42.5,1,1,5,2615
42.5,1,1,6,2624
42.5,1,1,7,2632
42.5,1,1,8,2640
42.5,1,1,9,2648
42.5,1,1,10,2656
42.5,1,1,11,2664
42.5,1,1,12,2672
42.5,1,1,13,2680
42.5,1,1,14,2688
42.5,1,1,15,2696
42.5,1,2,0,2583
42.5,1,2,1,2591
42.5,1,2,2,2599
42.5,1,2,3,2608
42.5,1,2,4,2616
42.5,1,2,5,2624
42.5,1,2,6,2632
42.5,1,2,7,2640
42.5,1,2,8,2649
42.5,1,2,9,2657
42.5,1,2,10,2665
42.5,1,2,11,2673
42.5,1,2,12,2681
42.5,1,2,13,2689
42.5,1,2,14,2697
42.5,1,2,15,2705
42.5,1,3,0,2591
42.5,1,3,1,2600
42.5,1,3,2,2608
42.5,1,3,3,2616
42.5,1,3,4,2625
42.5,1,3,5,2633
42.5,1,3,6,2641
42.5,1,3,7,2649
42.5,1,3,8,2657
42.5,1,3,9,2665
42.5,1,3,10,2674
42.5,1,3,11,2682
42.5,1,3,12,2690
42.5,1,3,13,2698
42.5,1,3,14,2706
42.5,1,3,15,2714
42.5,1,4,0,2600
42.5,1,4,1,2608
42.5,1,4,2,2617
42.5,1,4,3,2625
42.5,1,4,4,2633
42.5,1,4,5,2641
42.5,1,4,6,2650
42.5,1,4,7,2658
42.5,1,4,8,2666
42.5,1,4,9,2674
42.5,1,4,10,2682
42.5,1,4,11,2691
42.5,1,4,12,2699
42.5,1,4,13,2707
42.5,1,4,14,2715
42.5,1,4,15,2723
42.5,1,5,0,2608
42.5,1,5,1,2617
42.5,1,5,2,2625
42.5,1,5,3,2633
42.5,1,5,4,2642
42.5,1,5,5,2650
42.5,1,5,6,2658
42.5,1,5,7,2667
42.5,1,5,8,2675
42.5,1,5,9,2683
42.5,1,5,10,2691
42.5,1,5,11,2699
42.5,1,5,12,2707
42.5,1,5,13,2716
42.5,1,5,14,2724
42.5,1,5,15,2732
42.5,1,6,0,2617
42.5,1,6,1,2625
42.5,1,6,2,2634
42.5,1,6,3,2642
42.5,1,6,4,2650
42.5,1,6,5,2659
42.5,1,6,6,2667
42.5,1,6,7,2675
42.5,1,6,8,2683
42.5,1,6,9,2692
42.5,1,6,10,2700
42.5,1,6,11,2708
42.5,1,6,12,2716
42.5,1,6,13,2724
42.5,1,6,14,2732
42.5,1,6,15,2740
42.5,1,7,0,2625
42.5,1,7,1,2634
42.5,1,7,2,2642
42.5,1,7,3,2650
42.5,1,7,4,2659
42.5,1,7,5,2667
42.5,1,7,6,2676
42.5,1,7,7,2684
42.5,1,7,8,2692
42.5,1,7,9,2700
42.5,1,7,10,2709
42.5,1,7,11,2717
42.5,1,7,12,2725
42.5,1,7,13,2733
42.5,1,7,14,2741
42.5,1,7,15,2749
42.5,1,8,0,2634
42.5,1,8,1,2642
42.5,1,8,2,2651
42.5,1,8,3,2659
42.5,1,8,4,2667
42.5,1,8,5,2676
42.5,1,8,6,2684
42.5,1,8,7,2692
42.5,1,8,8,2701
42.5,1,8,9,2709
42.5,1,8,10,2717
42.5,1,8,11,2725
42.5,1,8,12,2734
42.5,1,8,13,2742
42.5,1,8,14,2750
42.5,1,8,15,2758
42.5,1,9,0,2642
42.5,1,9,1,2650
42.5,1,9,2,2659
42.5,1,9,3,2667
42.5,1,9,4,2676
42.5,1,9,5,2684
42.5,1,9,6,2693
42.5,1,9,7,2701
42.5,1,9,8,2709
42.5,1,9,9,2718
42.5,1,9,10,2726
42.5,1,9,11,2734
42.5,1,9,12,2742
42.5,1,9,13,2751
42.5,1,9,14,2759
42.5,1,9,15,2767
42.5,1,10,0,2650
42.5,1,10,1,2659
42.5,1,10,2,2667
42.5,1,10,3,2676
42.5,1,10,4,2684
42.5,1,10,5,2693
42.5,1,10,6,2701
42.5,1,10,7,2710
42.5,1,10,8,2718
42.5,1,10,9,2726
42.5,1,10,10,2734
42.5,1,10,11,2743
42.5,1,10,12,2751
42.5,1,10,13,2759
42.5,1,10,14,2767
42.5,1,10,15,2776
42.5,1,11,0,2659
42.5,1,11,1,2667
42.5,1,11,2,2676
42.5,1,11,3,2684
42.5,1,11,4,2693
42.5,1,11,5,2701
42.5,1,11,6,2710
42.5,1,11,7,2718
42.5,1,11,8,2726
42.5,1,11,9,2735
42.5,1,11,10,2743
42.5,1,11,11,2751
42.5,1,11,12,2760
42.5,1,11,13,2768
42.5,1,11,14,2776
42.5,1,11,15,2784
42.5,1,12,0,2667
42.5,1,12,1,2676
42.5,1,12,2,2684
42.5,1,12,3,2693
42.5,1,12,4,2701
42.5,1,12,5,2710
42.5,1,12,6,2718
42.5,1,12,7,2727
42.5,1,12,8,2735
42.5,1,12,9,2743
42.5,1,12,10,2752
42.5,1,12,11,2760
42.5,1,12,12,2768
42.5,1,12,13,2777
42.5,1,12,14,2785
42.5,1,12,15,2793
42.5,1,13,0,2675
42.5,1,13,1,2684
42.5,1,13,2,2692
42.5,1,13,3,2701
42.5,1,13,4,2710
42.5,1,13,5,2718
42.5,1,13,6,2727
42.5,1,13,7,2735
42.5,1,13,8,2743
42.5,1,13,9,2752
42.5,1,13,10,2760
42.5,1,13,11,2769
42.5,1,13,12,2777
42.5,1,13,13,2785
42.5,1,13,14,2793
42.5,1,13,15,2802
42.5,1,14,0,2683
42.5,1,14,1,2692
42.5,1,14,2,2701
42.5,1,14,3,2709
42.5,1,14,4,2718
42.5,1,14,5,2726
42.5,1,14,6,2735
42.5,1,14,7,2743
42.5,1,14,8,2752
42.5,1,14,9,2760
42.5,1,14,10,2769
42.5,1,14,11,2777
42.5,1,14,12,2785
42.5,1,14,13,2794
42.5,1,14,14,2802
42.5,1,14,15,2810
42.5,1,15,0,2692
42.5,1,15,1,2700
42.5,1,15,2,2709
42.5,1,15,3,2718
42.5,1,15,4,2726
42.5,1,15,5,2735
42.5,1,15,6,2743
42.5,1,15,7,2752
42.5,1,15,8,2760
42.5,1,15,9,2769
42.5,1,15,10,2777
42.5,1,15,11,2786
42.5,1,15,12,2794
42.5,1,15,13,2802
42.5,1,15,14,2811
42.5,1,15,15,2819
42.5,2,0,0,2575
42.5,2,0,1,2584
42.5,2,0,2,2592
42.5,2,0,3,2600
42.5,2,0,4,2608
42.5,2,0,5,2617
42.5,2,0,6,2625
42.5,2,0,7,2633
42.5,2,0,8,2641
42.5,2,0,9,2649
42.5,2,0,10,2657
42.5,2,0,11,2665
42.5,2,0,12,2673
42.5,2,0,13,2681
42.5,2,0,14,2689
42.5,2,0,15,2697
42.5,2,1,0,2584
42.5,2,1,1,2592
42.5,2,1,2,2601
42.5,2,1,3,2609
42.5,2,1,4,2617
42.5,2,1,5,2625
42.5,2,1,6,2634
42.5,2,1,7,2642
42.5,2,1,8,2650
42.5,2,1,9,2658
42.5,2,1,10,2666
42.5,2,1,11,2674
42.5,2,1,12,2682
42.5,2,1,13,2690
42.5,2,1,14,2698
42.5,2,1,15,2706
42.5,2,2,0,2593
42.5,2,2,1,2601
42.5,2,2,2,2609
42.5,2,2,3,2618
42.5,2,2,4,2626
42.5,2,2,5,2634
42.5,2,2,6,2642
42.5,2,2,7,2651
42.5,2,2,8,2659
42.5,2,2,9,2667
42.5,2,2,10,2675
42.5,2,2,11,2683
42.5,2,2,12,2691
42.5,2,2,13,2699
42.5,2,2,14,2707
42.5,2,2,15,2715
42.5,2,3,0,2601
42.5,2,3,1,2610
42.5,2,3,2,2618
42.5,2,3,3,2626
42.5,2,3,4,2635
42.5,2,3,5,2643
42.5,2,3,6,2651
42.5,2,3,7,2659
42.5,2,3,8,2668
42.5,2,3,9,2676
42.5,2,3,10,2684
42.5,2,3,11,2692
42.5,2,3,12,2700
42.5,2,3,13,2708
42.5,2,3,14,2716
42.5,2,3,15,2724
42.5,2,4,0,2610
42.5,2,4,1,2618
42.5,2,4,2,2627
42.5,2,4,3,2635
42.5,2,4,4,2643
42.5,2,4,5,2652
42.5,2,4,6,2660
42.5,2,4,7,2668
42.5,2,4,8,2676
42.5,2,4,9,2684
42.5,2,4,10,2693
42.5,2,4,11,2701
42.5,2,4,12,2709
42.5,2,4,13,2717
42.5,2,4,14,2725
42.5,2,4,15,2733
42.5,2,5,0,2618
42.5,2,5,1,2627
42.5,2,5,2,2635
42.5,2,5,3,2643
42.5,2,5,4,2652
42.5,2,5,5,2660
42.5,2,5,6,2668
42.5,2,5,7,2677
42.5,2,5,8,2685
42.5,2,5,9,2693
42.5,2,5,10,2701
42.5,2,5,11,2710
42.5,2,5,12,2718
42.5,2,5,13,2726
42.5,2,5,14,2734
42.5,2,5,15,2742
42.5,2,6,0,2627
42.5,2,6,1,2635
42.5,2,6,2,2644
42.5,2,6,3,2652
42.5,2,6,4,2660
42.5,2,6,5,2669
42.5,2,6,6,2677
42.5,2,6,7,2685
42.5,2,6,8,2694
42.5,2,6,9,2702
42.5,2,6,10,2710
42.5,2,6,11,2718
42.5,2,6,12,2727
42.5,2,6,13,2735
42.5,2,6,14,2743
42.5,2,6,15,2751
42.5,2,7,0,2635
42.5,2,7,1,2644
42.5,2,7,2,2652
42.5,2,7,3,2661
42.5,2,7,4,2669
42.5,2,7,5,2677
42.5,2,7,6,2686
42.5,2,7,7,2694
42.5,2,7,8,2702
42.5,2,7,9,2711
42.5,2,7,10,2719
42.5,2,7,11,2727
42.5,2,7,12,2735
42.5,2,7,13,2744
42.5,2,7,14,2752
42.5,2,7,15,2760
42.5,2,8,0,2644
42.5,2,8,1,2652
42.5,2,8,2,2661
42.5,2,8,3,2669
42.5,2,8,4,2678
42.5,2,8,5,2686
42.5,2,8,6,2694
42.5,2,8,7,2703
42.5,2,8,8,2711
42.5,2,8,9,2719
42.5,2,8,10,2728
42.5,2,8,11,2736
42.5,2,8,12,2744
42.5,2,8,13,2752
42.5,2,8,14,2760
42.5,2,8,15,2769
42.5,2,9,0,2652
42.5,2,9,1,2661
42.5,2,9,2,2669
42.5,2,9,3,2678
42.5,2,9,4,2686
42.5,2,9,5,2695
42.5,2,9,6,2703
42.5,2,9,7,2711
42.5,2,9,8,2720
42.5,2,9,9,2728
42.5,2,9,10,2736
42.5,2,9,11,2745
42.5,2,9,12,2753
42.5,2,9,13,2761
42.5,2,9,14,2769
42.5,2,9,15,2777
42.5,2,10,0,2660
42.5,2,10,1,2669
42.5,2,10,2,2678
42.5,2,10,3,2686
42.5,2,10,4,2695
42.5,2,10,5,2703
42.5,2,10,6,2711
42.5,2,10,7,2720
42.5,2,10,8,2728
42.5,2,10,9,2737
42.5,2,10,10,2745
42.5,2,10,11,2753
42.5,2,10,12,2762
42.5,2,10,13,2770
42.5,2,10,14,2778
42.5,2,10,15,2786
42.5,2,11,0,2669
42.5,2,11,1,2677
42.5,2,11,2,2686
42.5,2,11,3,2695
42.5,2,11,4,2703
42.5,2,11,5,2712
42.5,2,11,6,2720
42.5,2,11,7,2728
42.5,2,11,8,2737
42.5,2,11,9,2745
42.5,2,11,10,2754
42.5,2,11,11,2762
42.5,2,11,12,2770
42.5,2,11,13,2778
42.5,2,11,14,2787
42.5,2,11,15,2795
42.5,2,12,0,2677
42.5,2,12,1,2686
42.5,2,12,2,2694
42.5,2,12,3,2703
42.5,2,12,4,2711
42.5,2,12,5,2720
42.5,2,12,6,2728
42.5,2,12,7,2737
42.5,2,12,8,2745
42.5,2,12,9,2754
42.5,2,12,10,2762
42.5,2,12,11,2771
42.5,2,12,12,2779
42.5,2,12,13,2787
42.5,2,12,14,2795
42.5,2,12,15,2804
42.5,2,13,0,2685
42.5,2,13,1,2694
42.5,2,13,2,2703
42.5,2,13,3,2711
42.5,2,13,4,2720
42.5,2,13,5,2728
42.5,2,13,6,2737
42.5,2,13,7,2745
42.5,2,13,8,2754
42.5,2,13,9,2762
42.5,2,13,10,2771
42.5,2,13,11,2779
42.5,2,13,12,2787
42.5,2,13,13,2796
42.5,2,13,14,2804
42.5,2,13,15,2812
42.5,2,14,0,2694
42.5,2,14,1,2702
42.5,2,14,2,2711
42.5,2,14,3,2720
42.5,2,14,4,2728
42.5,2,14,5,2737
42.5,2,14,6,2745
42.5,2,14,7,2754
42.5,2,14,8,2762
42.5,2,14,9,2771
42.5,2,14,10,2779
42.5,2,14,11,2788
42.5,2,14,12,2796
42.5,2,14,13,2804
42.5,2,14,14,2813
42.5,2,14,15,2821
42.5,2,15,0,2702
42.5,2,15,1,2711
42.5,2,15,2,2719
42.5,2,15,3,2728
42.5,2,15,4,2737
42.5,2,15,5,2745
42.5,2,15,6,2754
42.5,2,15,7,2762
42.5,2,15,8,2771
42.5,2,15,9,2779
42.5,2,15,10,2788
42.5,2,15,11,2796
42.5,2,15,12,2805
42.5,2,15,13,2813
42.5,2,15,14,2821
42.5,2,15,15,2830
42.5,3,0,0,2585
42.5,3,0,1,2594
42.5,3,0,2,2602
42.5,3,0,3,2610
42.5,3,0,4,2618
42.5,3,0,5,2627
42.5,3,0,6,2635
42.5,3,0,7,2643
42.5,3,0,8,2651
42.5,3,0,9,2659
42.5,3,0,10,2667
42.5,3,0,11,2675
42.5,3,0,12,2683
42.5,3,0,13,2691
42.5,3,0,14,2699
42.5,3,0,15,2707
42.5,3,1,0,2594
42.5,3,1,1,2602
42.5,3,1,2,2611
42.5,3,1,3,2619
42.5,3,1,4,2627
42.5,3,1,5,2635
42.5,3,1,6,2644
42.5,3,1,7,2652
42.5,3,1,8,2660
42.5,3,1,9,2668
42.5,3,1,10,2676
42.5,3,1,11,2684
42.5,3,1,12,2692
42.5,3,1,13,2700
42.5,3,1,14,2708
42.5,3,1,15,2716
42.5,3,2,0,2602
42.5,3,2,1,2611
42.5,3,2,2,2619
42.5,3,2,3,2628
42.5,3,2,4,2636
42.5,3,2,5,2644
42.5,3,2,6,2652
42.5,3,2,7,2661
42.5,3,2,8,2669
42.5,3,2,9,2677
42.5,3,2,10,2685
42.5,3,2,11,2693
42.5,3,2,12,2701
42.5,3,2,13,2709
42.5,3,2,14,2718
42.5,3,2,15,2726
42.5,3,3,0,2611
42.5,3,3,1,2620
42.5,3,3,2,2628
42.5,3,3,3,2636
42.5,3,3,4,2645
42.5,3,3,5,2653
42.5,3,3,6,2661
42.5,3,3,7,2669
42.5,3,3,8,2678
42.5,3,3,9,2686
42.5,3,3,10,2694
42.5,3,3,11,2702
42.5,3,3,12,2710
42.5,3,3,13,2718
42.5,3,3,14,2726
42.5,3,3,15,2735
42.5,3,4,0,2620
42.5,3,4,1,2628
42.5,3,4,2,2637
42.5,3,4,3,2645
42.5,3,4,4,2653
42.5,3,4,5,2662
42.5,3,4,6,2670
42.5,3,4,7,2678
42.5,3,4,8,2686
42.5,3,4,9,2695
42.5,3,4,10,2703
42.5,3,4,11,2711
42.5,3,4,12,2719
42.5,3,4,13,2727
42.5,3,4,14,2735
42.5,3,4,15,2744
42.5,3,5,0,2628
42.5,3,5,1,2637
42.5,3,5,2,2645
42.5,3,5,3,2654
42.5,3,5,4,2662
42.5,3,5,5,2670
42.5,3,5,6,2679
42.5,3,5,7,2687
42.5,3,5,8,2695
42.5,3,5,9,2703
42.5,3,5,10,2712
42.5,3,5,11,2720
42.5,3,5,12,2728
42.5,3,5,13,2736
42.5,3,5,14,2744
42.5,3,5,15,2752
42.5,3,6,0,2637
42.5,3,6,1,2645
42.5,3,6,2,2654
42.5,3,6,3,2662
42.5,3,6,4,2671
42.5,3,6,5,2679
42.5,3,6,6,2687
42.5,3,6,7,2696
42.5,3,6,8,2704
42.5,3,6,9,2712
42.5,3,6,10,2720
42.5,3,6,11,2729
42.5,3,6,12,2737
42.5,3,6,13,2745
42.5,3,6,14,2753
42.5,3,6,15,2761
42.5,3,7,0,2645
42.5,3,7,1,2654
42.5,3,7,2,2662
42.5,3,7,3,2671
42.5,3,7,4,2679
42.5,3,7,5,2688
42.5,3,7,6,2696
42.5,3,7,7,2704
42.5,3,7,8,2713
42.5,3,7,9,2721
42.5,3,7,10,2729
42.5,3,7,11,2738
42.5,3,7,12,2746
42.5,3,7,13,2754
42.5,3,7,14,2762
42.5,3,7,15,2770
42.5,3,8,0,2654
42.5,3,8,1,2662
42.5,3,8,2,2671
42.5,3,8,3,2679
42.5,3,8,4,2688
42.5,3,8,5,2696
42.5,3,8,6,2705
42.5,3,8,7,2713
42.5,3,8,8,2721
42.5,3,8,9,2730
42.5,3,8,10,2738
42.5,3,8,11,2746
42.5,3,8,12,2755
42.5,3,8,13,2763
42.5,3,8,14,2771
42.5,3,8,15,2779
42.5,3,9,0,2662
42.5,3,9,1,2671
42.5,3,9,2,2679
42.5,3,9,3,2688
42.5,3,9,4,2696
42.5,3,9,5,2705
42.5,3,9,6,2713
42.5,3,9,7,2722
42.5,3,9,8,2730
42.5,3,9,9,2738
42.5,3,9,10,2747
42.5,3,9,11,2755
42.5,3,9,12,2763
42.5,3,9,13,2772
42.5,3,9,14,2780
42.5,3,9,15,2788
42.5,3,10,0,2671
42.5,3,10,1,2679
42.5,3,10,2,2688
42.5,3,10,3,2696
42.5,3,10,4,2705
42.5,3,10,5,2713
42.5,3,10,6,2722
42.5,3,10,7,2730
42.5,3,10,8,2739
42.5,3,10,9,2747
42.5,3,10,10,2755
42.5,3,10,11,2764
42.5,3,10,12,2772
42.5,3,10,13,2780
42.5,3,10,14,2789
42.5,3,10,15,2797
42.5,3,11,0,2679
42.5,3,11,1,2688
42.5,3,11,2,2696
42.5,3,11,3,2705
42.5,3,11,4,2713
42.5,3,11,5,2722
42.5,3,11,6,2730
42.5,3,11,7,2739
42.5,3,11,8,2747
42.5,3,11,9,2756
42.5,3,11,10,2764
42.5,3,11,11,2772
42.5,3,11,12,2781
42.5,3,11,13,2789
42.5,3,11,14,2797
42.5,3,11,15,2806
42.5,3,12,0,2687
42.5,3,12,1,2696
42.5,3,12,2,2705
42.5,3,12,3,2713
42.5,3,12,4,2722
42.5,3,12,5,2730
42.5,3,12,6,2739
42.5,3,12,7,2747
42.5,3,12,8,2756
42.5,3,12,9,2764
42.5,3,12,10,2773
42.5,3,12,11,2781
42.5,3,12,12,2789
42.5,3,12,13,2798
42.5,3,12,14,2806
42.5,3,12,15,2814
42.5,3,13,0,2696
42.5,3,13,1,2704
42.5,3,13,2,2713
42.5,3,13,3,2722
42.5,3,13,4,2730
42.5,3,13,5,2739
42.5,3,13,6,2747
42.5,3,13,7,2756
42.5,3,13,8,2764
42.5,3,13,9,2773
42.5,3,13,10,2781
42.5,3,13,11,2790
42.5,3,13,12,2798
42.5,3,13,13,2806
42.5,3,13,14,2815
42.5,3,13,15,2823
42.5,3,14,0,2704
42.5,3,14,1,2713
42.5,3,14,2,2721
42.5,3,14,3,2730
42.5,3,14,4,2739
42.5,3,14,5,2747
42.5,3,14,6,2756
42.5,3,14,7,2764
42.5,3,14,8,2773
42.5,3,14,9,2781
42.5,3,14,10,2790
42.5,3,14,11,2798
42.5,3,14,12,2807
42.5,3,14,13,2815
42.5,3,14,14,2823
42.5,3,14,15,2832
42.5,3,15,0,2712
42.5,3,15,1,2721
42.5,3,15,2,2730
42.5,3,15,3,2738
42.5,3,15,4,2747
42.5,3,15,5,2756
42.5,3,15,6,2764
42.5,3,15,7,2773
42.5,3,15,8,2781
42.5,3,15,9,2790
42.5,3,15,10,2798
42.5,3,15,11,2807
42.5,3,15,12,2815
42.5,3,15,13,2824
42.5,3,15,14,2832
42.5,3,15,15,2840
42.5,4,0,0,2595
42.5,4,0,1,2603
42.5,4,0,2,2612
42.5,4,0,3,2620
42.5,4,0,4,2628
42.5,4,0,5,2637
42.5,4,0,6,2645
42.5,4,0,7,2653
42.5,4,0,8,2661
42.5,4,0,9,2669
42.5,4,0,10,2677
42.5,4,0,11,2686
42.5,4,0,12,2694
42.5,4,0,13,2702
42.5,4,0,14,2710
42.5,4,0,15,2718
42.5,4,1,0,2604
42.5,4,1,1,2612
42.5,4,1,2,2620
42.5,4,1,3,2629
42.5,4,1,4,2637
42.5,4,1,5,2645
42.5,4,1,6,2654
42.5,4,1,7,2662
42.5,4,1,8,2670
42.5,4,1,9,2678
42.5,4,1,10,2686
42.5,4,1,11,2695
42.5,4,1,12,2703
42.5,4,1,13,2711
42.5,4,1,14,2719
42.5,4,1,15,2727
42.5,4,2,0,2612
42.5,4,2,1,2621
42.5,4,2,2,2629
42.5,4,2,3,2638
42.5,4,2,4,2646
42.5,4,2,5,2654
42.5,4,2,6,2662
42.5,4,2,7,2671
42.5,4,2,8,2679
42.5,4,2,9,2687
42.5,4,2,10,2695
42.5,4,2,11,2703
42.5,4,2,12,2712
42.5,4,2,13,2720
42.5,4,2,14,2728
42.5,4,2,15,2736
42.5,4,3,0,2621
42.5,4,3,1,2629
42.5,4,3,2,2638
42.5,4,3,3,2646
42.5,4,3,4,2655
42.5,4,3,5,2663
42.5,4,3,6,2671
42.5,4,3,7,2680
42.5,4,3,8,2688
42.5,4,3,9,2696
42.5,4,3,10,2704
42.5,4,3,11,2712
42.5,4,3,12,2721
42.5,4,3,13,2729
42.5,4,3,14,2737
42.5,4,3,15,2745
42.5,4,4,0,2630
42.5,4,4,1,2638
42.5,4,4,2,2647
42.5,4,4,3,2655
42.5,4,4,4,2663
42.5,4,4,5,2672
42.5,4,4,6,2680
42.5,4,4,7,2688
42.5,4,4,8,2697
42.5,4,4,9,2705
42.5,4,4,10,2713
42.5,4,4,11,2721
42.5,4,4,12,2730
42.5,4,4,13,2738
42.5,4,4,14,2746
42.5,4,4,15,2754
42.5,4,5,0,2638
42.5,4,5,1,2647
42.5,4,5,2,2655
42.5,4,5,3,2664
42.5,4,5,4,2672
42.5,4,5,5,2680
42.5,4,5,6,2689
42.5,4,5,7,2697
42.5,4,5,8,2705
42.5,4,5,9,2714
42.5,4,5,10,2722
42.5,4,5,11,2730
42.5,4,5,12,2738
42.5,4,5,13,2747
42.5,4,5,14,2755
42.5,4,5,15,2763
42.5,4,6,0,2647
42.5,4,6,1,2655
42.5,4,6,2,2664
42.5,4,6,3,2672
42.5,4,6,4,2681
42.5,4,6,5,2689
42.5,4,6,6,2697
42.5,4,6,7,2706
42.5,4,6,8,2714
42.5,4,6,9,2723
42.5,4,6,10,2731
42.5,4,6,11,2739
42.5,4,6,12,2747
42.5,4,6,13,2756
42.5,4,6,14,2764
42.5,4,6,15,2772
42.5,4,7,0,2655
42.5,4,7,1,2664
42.5,4,7,2,2672
42.5,4,7,3,2681
42.5,4,7,4,2689
42.5,4,7,5,2698
42.5,4,7,6,2706
42.5,4,7,7,2715
42.5,4,7,8,2723
42.5,4,7,9,2731
42.5,4,7,10,2740
42.5,4,7,11,2748
42.5,4,7,12,2756
42.5,4,7,13,2764
42.5,4,7,14,2773
42.5,4,7,15,2781
42.5,4,8,0,2664
42.5,4,8,1,2672
42.5,4,8,2,2681
42.5,4,8,3,2689
42.5,4,8,4,2698
42.5,4,8,5,2706
42.5,4,8,6,2715
42.5,4,8,7,2723
42.5,4,8,8,2732
42.5,4,8,9,2740
42.5,4,8,10,2748
42.5,4,8,11,2757
42.5,4,8,12,2765
42.5,4,8,13,2773
42.5,4,8,14,2781
42.5,4,8,15,2790
42.5,4,9,0,2672
42.5,4,9,1,2681
42.5,4,9,2,2689
42.5,4,9,3,2698
42.5,4,9,4,2706
42.5,4,9,5,2715
42.5,4,9,6,2723
42.5,4,9,7,2732
42.5,4,9,8,2740
42.5,4,9,9,2749
42.5,4,9,10,2757
42.5,4,9,11,2765
42.5,4,9,12,2774
42.5,4,9,13,2782
42.5,4,9,14,2790
42.5,4,9,15,2799
42.5,4,10,0,2681
42.5,4,10,1,2689
42.5,4,10,2,2698
42.5,4,10,3,2706
42.5,4,10,4,2715
42.5,4,10,5,2724
42.5,4,10,6,2732
42.5,4,10,7,2741
42.5,4,10,8,2749
42.5,4,10,9,2757
42.5,4,10,10,2766
42.5,4,10,11,2774
42.5,4,10,12,2783
42.5,4,10,13,2791
42.5,4,10,14,2799
42.5,4,10,15,2807
42.5,4,11,0,2689
42.5,4,11,1,2698
42.5,4,11,2,2706
42.5,4,11,3,2715
42.5,4,11,4,2724
42.5,4,11,5,2732
42.5,4,11,6,2741
42.5,4,11,7,2749
42.5,4,11,8,2758
42.5,4,11,9,2766
42.5,4,11,10,2774
42.5,4,11,11,2783
42.5,4,11,12,2791
42.5,4,11,13,2800
42.5,4,11,14,2808
42.5,4,11,15,2816
42.5,4,12,0,2697
42.5,4,12,1,2706
42.5,4,12,2,2715
42.5,4,12,3,2723
42.5,4,12,4,2732
42.5,4,12,5,2741
42.5,4,12,6,2749
42.5,4,12,7,2758
42.5,4,12,8,2766
42.5,4,12,9,2775
42.5,4,12,10,2783
42.5,4,12,11,2792
42.5,4,12,12,2800
42.5,4,12,13,2808
42.5,4,12,14,2817
42.5,4,12,15,2825
42.5,4,13,0,2706
42.5,4,13,1,2715
42.5,4,13,2,2723
42.5,4,13,3,2732
42.5,4,13,4,2741
42.5,4,13,5,2749
42.5,4,13,6,2758
42.5,4,13,7,2766
42.5,4,13,8,2775
42.5,4,13,9,2783
42.5,4,13,10,2792
42.5,4,13,11,2800
42.5,4,13,12,2809
42.5,4,13,13,2817
42.5,4,13,14,2825
42.5,4,13,15,2834
42.5,4,14,0,2714
42.5,4,14,1,2723
42.5,4,14,2,2732
42.5,4,14,3,2740
42.5,4,14,4,2749
42.5,4,14,5,2758
42.5,4,14,6,2766
42.5,4,14,7,2775
42.5,4,14,8,2783
42.5,4,14,9,2792
42.5,4,14,10,2800
42.5,4,14,11,2809
42.5,4,14,12,2817
42.5,4,14,13,2826
42.5,4,14,14,2834
42.5,4,14,15,2843
42.5,4,15,0,2723
42.5,4,15,1,2731
42.5,4,15,2,2740
42.5,4,15,3,2749
42.5,4,15,4,2757
42.5,4,15,5,2766
42.5,4,15,6,2775
42.5,4,15,7,2783
42.5,4,15,8,2792
42.5,4,15,9,2800
42.5,4,15,10,2809
42.5,4,15,11,2817
42.5,4,15,12,2826
42.5,4,15,13,2834
42.5,4,15,14,2843
42.5,4,15,15,2851
42.5,5,0,0,2605
42.5,5,0,1,2613
42.5,5,0,2,2622
42.5,5,0,3,2630
42.5,5,0,4,2638
42.5,5,0,5,2646
42.5,5,0,6,2655
42.5,5,0,7,2663
42.5,5,0,8,2671
42.5,5,0,9,2679
42.5,5,0,10,2688
42.5,5,0,11,2696
42.5,5,0,12,2704
42.5,5,0,13,2712
42.5,5,0,14,2720
42.5,5,0,15,2728
42.5,5,1,0,2614
42.5,5,1,1,2622
42.5,5,1,2,2630
42.5,5,1,3,2639
42.5,5,1,4,2647
42.5,5,1,5,2655
42.5,5,1,6,2664
42.5,5,1,7,2672
42.5,5,1,8,2680
42.5,5,1,9,2688
42.5,5,1,10,2697
42.5,5,1,11,2705
42.5,5,1,12,2713
42.5,5,1,13,2721
42.5,5,1,14,2729
42.5,5,1,15,2737
42.5,5,2,0,2622
42.5,5,2,1,2631
42.5,5,2,2,2639
42.5,5,2,3,2647
42.5,5,2,4,2656
42.5,5,2,5,2664
42.5,5,2,6,2672
42.5,5,2,7,2681
42.5,5,2,8,2689
42.5,5,2,9,2697
42.5,5,2,10,2705
42.5,5,2,11,2714
42.5,5,2,12,2722
42.5,5,2,13,2730
42.5,5,2,14,2738
42.5,5,2,15,2746
42.5,5,3,0,2631
42.5,5,3,1,2639
42.5,5,3,2,2648
42.5,5,3,3,2656
42.5,5,3,4,2665
42.5,5,3,5,2673
42.5,5,3,6,2681
42.5,5,3,7,2690
42.5,5,3,8,2698
42.5,5,3,9,2706
42.5,5,3,10,2714
42.5,5,3,11,2723
42.5,5,3,12,2731
42.5,5,3,13,2739
42.5,5,3,14,2747
42.5,5,3,15,2755
42.5,5,4,0,2640
42.5,5,4,1,2648
42.5,5,4,2,2657
42.5,5,4,3,2665
42.5,5,4,4,2673
42.5,5,4,5,2682
42.5,5,4,6,2690
42.5,5,4,7,2698
42.5,5,4,8,2707
42.5,5,4,9,2715
42.5,5,4,10,2723
42.5,5,4,11,2732
42.5,5,4,12,2740
42.5,5,4,13,2748
42.5,5,4,14,2756
42.5,5,4,15,2764
42.5,5,5,0,2648
42.5,5,5,1,2657
42.5,5,5,2,2665
42.5,5,5,3,2674
42.5,5,5,4,2682
42.5,5,5,5,2691
42.5,5,5,6,2699
42.5,5,5,7,2707
42.5,5,5,8,2716
42.5,5,5,9,2724
42.5,5,5,10,2732
42.5,5,5,11,2741
42.5,5,5,12,2749
42.5,5,5,13,2757
42.5,5,5,14,2765
42.5,5,5,15,2773
42.5,5,6,0,2657
42.5,5,6,1,2665
42.5,5,6,2,2674
42.5,5,6,3,2682
42.5,5,6,4,2691
42.5,5,6,5,2699
42.5,5,6,6,2708
42.5,5,6,7,2716
42.5,5,6,8,2724
42.5,5,6,9,2733
42.5,5,6,10,2741
42.5,5,6,11,2749
42.5,5,6,12,2758
42.5,5,6,13,2766
42.5,5,6,14,2774
42.5,5,6,15,2782
42.5,5,7,0,2665
42.5,5,7,1,2674
42.5,5,7,2,2682
42.5,5,7,3,2691
42.5,5,7,4,2699
42.5,5,7,5,2708
42.5,5,7,6,2716
42.5,5,7,7,2725
42.5,5,7,8,2733
42.5,5,7,9,2742
42.5,5,7,10,2750
42.5,5,7,11,2758
42.5,5,7,12,2767
42.5,5,7,13,2775
42.5,5,7,14,2783
42.5,5,7,15,2791
42.5,5,8,0,2674
42.5,5,8,1,2682
42.5,5,8,2,2691
42.5,5,8,3,2700
42.5,5,8,4,2708
42.5,5,8,5,2717
42.5,5,8,6,2725
42.5,5,8,7,2734
42.5,5,8,8,2742
42.5,5,8,9,2750
42.5,5,8,10,2759
42.5,5,8,11,2767
42.5,5,8,12,2775
42.5,5,8,13,2784
42.5,5,8,14,2792
42.5,5,8,15,2800
42.5,5,9,0,2682
42.5,5,9,1,2691
42.5,5,9,2,2700
42.5,5,9,3,2708
42.5,5,9,4,2717
42.5,5,9,5,2725
42.5,5,9,6,2734
42.5,5,9,7,2742
42.5,5,9,8,2751
42.5,5,9,9,2759
42.5,5,9,10,2768
42.5,5,9,11,2776
42.5,5,9,12,2784
42.5,5,9,13,2793
42.5,5,9,14,2801
42.5,5,9,15,2809
42.5,5,10,0,2691
42.5,5,10,1,2699
42.5,5,10,2,2708
42.5,5,10,3,2717
42.5,5,10,4,2725
42.5,5,10,5,2734
42.5,5,10,6,2742
42.5,5,10,7,2751
42.5,5,10,8,2759
42.5,5,10,9,2768
42.5,5,10,10,2776
42.5,5,10,11,2785
42.5,5,10,12,2793
42.5,5,10,13,2801
42.5,5,10,14,2810
42.5,5,10,15,2818
42.5,5,11,0,2699
42.5,5,11,1,2708
42.5,5,11,2,2717
42.5,5,11,3,2725
42.5,5,11,4,2734
42.5,5,11,5,2742
42.5,5,11,6,2751
42.5,5,11,7,2760
42.5,5,11,8,2768
42.5,5,11,9,2777
42.5,5,11,10,2785
42.5,5,11,11,2793
42.5,5,11,12,2802
42.5,5,11,13,2810
42.5,5,11,14,2819
42.5,5,11,15,2827
42.5,5,12,0,2708
42.5,5,12,1,2716
42.5,5,12,2,2725
42.5,5,12,3,2734
42.5,5,12,4,2742
42.5,5,12,5,2751
42.5,5,12,6,2760
42.5,5,12,7,2768
42.5,5,12,8,2777
42.5,5,12,9,2785
42.5,5,12,10,2794
42.5,5,12,11,2802
42.5,5,12,12,2811
42.5,5,12,13,2819
42.5,5,12,14,2827
42.5,5,12,15,2836
42.5,5,13,0,2716
42.5,5,13,1,2725
42.5,5,13,2,2734
42.5,5,13,3,2742
42.5,5,13,4,2751
42.5,5,13,5,2760
42.5,5,13,6,2768
42.5,5,13,7,2777
42.5,5,13,8,2785
42.5,5,13,9,2794
42.5,5,13,10,2802
42.5,5,13,11,2811
42.5,5,13,12,2819
42.5,5,13,13,2828
42.5,5,13,14,2836
42.5,5,13,15,2844
42.5,5,14,0,2724
42.5,5,14,1,2733
42.5,5,14,2,2742
42.5,5,14,3,2751
42.5,5,14,4,2759
42.5,5,14,5,2768
42.5,5,14,6,2777
42.5,5,14,7,2785
42.5,5,14,8,2794
42.5,5,14,9,2802
42.5,5,14,10,2811
42.5,5,14,11,2819
42.5,5,14,12,2828
42.5,5,14,13,2836
42.5,5,14,14,2845
42.5,5,14,15,2853
42.5,5,15,0,2733
42.5,5,15,1,2742
42.5,5,15,2,2750
42.5,5,15,3,2759
42.5,5,15,4,2768
42.5,5,15,5,2777
42.5,5,15,6,2785
42.5,5,15,7,2794
42.5,5,15,8,2802
42.5,5,15,9,2811
42.5,5,15,10,2820
42.5,5,15,11,2828
42.5,5,15,12,2837
42.5,5,15,13,2845
42.5,5,15,14,2854
42.5,5,15,15,2862
42.5,6,0,0,2615
42.5,6,0,1,2623
42.5,6,0,2,2631
42.5,6,0,3,2640
42.5,6,0,4,2648
42.5,6,0,5,2656
42.5,6,0,6,2665
42.5,6,0,7,2673
42.5,6,0,8,2681
42.5,6,0,9,2689
42.5,6,0,10,2698
42.5,6,0,11,2706
42.5,6,0,12,2714
42.5,6,0,13,2722
42.5,6,0,14,2730
42.5,6,0,15,2738
42.5,6,1,0,2623
42.5,6,1,1,2632
42.5,6,1,2,2640
42.5,6,1,3,2649
42.5,6,1,4,2657
42.5,6,1,5,2665
42.5,6,1,6,2674
42.5,6,1,7,2682
42.5,6,1,8,2690
42.5,6,1,9,2698
42.5,6,1,10,2707
42.5,6,1,11,2715
42.5,6,1,12,2723
42.5,6,1,13,2731
42.5,6,1,14,2739
42.5,6,1,15,2747
42.5,6,2,0,2632
42.5,6,2,1,2641
42.5,6,2,2,2649
42.5,6,2,3,2657
42.5,6,2,4,2666
42.5,6,2,5,2674
42.5,6,2,6,2683
42.5,6,2,7,2691
42.5,6,2,8,2699
42.5,6,2,9,2707
42.5,6,2,10,2716
42.5,6,2,11,2724
42.5,6,2,12,2732
42.5,6,2,13,2740
42.5,6,2,14,2748
42.5,6,2,15,2757
42.5,6,3,0,2641
42.5,6,3,1,2649
42.5,6,3,2,2658
42.5,6,3,3,2666
42.5,6,3,4,2675
42.5,6,3,5,2683
42.5,6,3,6,2691
42.5,6,3,7,2700
42.5,6,3,8,2708
42.5,6,3,9,2716
42.5,6,3,10,2725
42.5,6,3,11,2733
42.5,6,3,12,2741
42.5,6,3,13,2749
42.5,6,3,14,2757
42.5,6,3,15,2766
42.5,6,4,0,2649
42.5,6,4,1,2658
42.5,6,4,2,2666
42.5,6,4,3,2675
42.5,6,4,4,2683
42.5,6,4,5,2692
42.5,6,4,6,2700
42.5,6,4,7,2709
42.5,6,4,8,2717
42.5,6,4,9,2725
42.5,6,4,10,2734
42.5,6,4,11,2742
42.5,6,4,12,2750
42.5,6,4,13,2758
42.5,6,4,14,2767
42.5,6,4,15,2775
42.5,6,5,0,2658
42.5,6,5,1,2667
42.5,6,5,2,2675
42.5,6,5,3,2684
42.5,6,5,4,2692
42.5,6,5,5,2701
42.5,6,5,6,2709
42.5,6,5,7,2717
42.5,6,5,8,2726
42.5,6,5,9,2734
42.5,6,5,10,2743
42.5,6,5,11,2751
42.5,6,5,12,2759
42.5,6,5,13,2767
42.5,6,5,14,2776
42.5,6,5,15,2784
42.5,6,6,0,2667
42.5,6,6,1,2675
42.5,6,6,2,2684
42.5,6,6,3,2692
42.5,6,6,4,2701
42.5,6,6,5,2709
42.5,6,6,6,2718
42.5,6,6,7,2726
42.5,6,6,8,2735
42.5,6,6,9,2743
42.5,6,6,10,2751
42.5,6,6,11,2760
42.5,6,6,12,2768
42.5,6,6,13,2776
42.5,6,6,14,2785
42.5,6,6,15,2793
42.5,6,7,0,2675
42.5,6,7,1,2684
42.5,6,7,2,2693
42.5,6,7,3,2701
42.5,6,7,4,2710
42.5,6,7,5,2718
42.5,6,7,6,2727
42.5,6,7,7,2735
42.5,6,7,8,2743
42.5,6,7,9,2752
42.5,6,7,10,2760
42.5,6,7,11,2769
42.5,6,7,12,2777
42.5,6,7,13,2785
42.5,6,7,14,2794
42.5,6,7,15,2802
42.5,6,8,0,2684
42.5,6,8,1,2693
42.5,6,8,2,2701
42.5,6,8,3,2710
42.5,6,8,4,2718
42.5,6,8,5,2727
42.5,6,8,6,2735
42.5,6,8,7,2744
42.5,6,8,8,2752
42.5,6,8,9,2761
42.5,6,8,10,2769
42.5,6,8,11,2777
42.5,6,8,12,2786
42.5,6,8,13,2794
42.5,6,8,14,2802
42.5,6,8,15,2811
42.5,6,9,0,2692
42.5,6,9,1,2701
42.5,6,9,2,2710
42.5,6,9,3,2718
42.5,6,9,4,2727
42.5,6,9,5,2735
42.5,6,9,6,2744
42.5,6,9,7,2753
42.5,6,9,8,2761
42.5,6,9,9,2769
42.5,6,9,10,2778
42.5,6,9,11,2786
42.5,6,9,12,2795
42.5,6,9,13,2803
42.5,6,9,14,2811
42.5,6,9,15,2820
42.5,6,10,0,2701
42.5,6,10,1,2710
42.5,6,10,2,2718
42.5,6,10,3,2727
42.5,6,10,4,2736
42.5,6,10,5,2744
42.5,6,10,6,2753
42.5,6,10,7,2761
42.5,6,10,8,2770
42.5,6,10,9,2778
42.5,6,10,10,2787
42.5,6,10,11,2795
42.5,6,10,12,2804
42.5,6,10,13,2812
42.5,6,10,14,2820
42.5,6,10,15,2829
42.5,6,11,0,2709
42.5,6,11,1,2718
42.5,6,11,2,2727
42.5,6,11,3,2735
42.5,6,11,4,2744
42.5,6,11,5,2753
42.5,6,11,6,2761
42.5,6,11,7,2770
42.5,6,11,8,2778
42.5,6,11,9,2787
42.5,6,11,10,2795
42.5,6,11,11,2804
42.5,6,11,12,2812
42.5,6,11,13,2821
42.5,6,11,14,2829
42.5,6,11,15,2837
42.5,6,12,0,2718
42.5,6,12,1,2727
42.5,6,12,2,2735
42.5,6,12,3,2744
42.5,6,12,4,2753
42.5,6,12,5,2761
42.5,6,12,6,2770
42.5,6,12,7,2779
42.5,6,12,8,2787
42.5,6,12,9,2796
42.5,6,12,10,2804
42.5,6,12,11,2813
42.5,6,12,12,2821
42.5,6,12,13,2830
42.5,6,12,14,2838
42.5,6,12,15,2846
42.5,6,13,0,2726
42.5,6,13,1,2735
42.5,6,13,2,2744
42.5,6,13,3,2753
42.5,6,13,4,2761
42.5,6,13,5,2770
42.5,6,13,6,2779
42.5,6,13,7,2787
42.5,6,13,8,2796
42.5,6,13,9,2804
42.5,6,13,10,2813
42.5,6,13,11,2821
42.5,6,13,12,2830
42.5,6,13,13,2838
42.5,6,13,14,2847
42.5,6,13,15,2855
42.5,6,14,0,2735
42.5,6,14,1,2743
42.5,6,14,2,2752
42.5,6,14,3,2761
42.5,6,14,4,2770
42.5,6,14,5,2778
42.5,6,14,6,2787
42.5,6,14,7,2796
42.5,6,14,8,2804
42.5,6,14,9,2813
42.5,6,14,10,2822
42.5,6,14,11,2830
42.5,6,14,12,2839
42.5,6,14,13,2847
42.5,6,14,14,2856
42.5,6,14,15,2864
42.5,6,15,0,2743
42.5,6,15,1,2752
42.5,6,15,2,2761
42.5,6,15,3,2769
42.5,6,15,4,2778
42.5,6,15,5,2787
42.5,6,15,6,2796
42.5,6,15,7,2804
42.5,6,15,8,2813
42.5,6,15,9,2822
42.5,6,15,10,2830
42.5,6,15,11,2839
42.5,6,15,12,2847
42.5,6,15,13,2856
42.5,6,15,14,2864
42.5,6,15,15,2873
42.5,7,0,0,2624
42.5,7,0,1,2633
42.5,7,0,2,2641
42.5,7,0,3,2650
42.5,7,0,4,2658
42.5,7,0,5,2666
42.5,7,0,6,2675
42.5,7,0,7,2683
42.5,7,0,8,2691
42.5,7,0,9,2700
42.5,7,0,10,2708
42.5,7,0,11,2716
42.5,7,0,12,2724
42.5,7,0,13,2732
42.5,7,0,14,2740
42.5,7,0,15,2748
42.5,7,1,0,2633
42.5,7,1,1,2642
42.5,7,1,2,2650
42.5,7,1,3,2659
42.5,7,1,4,2667
42.5,7,1,5,2675
42.5,7,1,6,2684
42.5,7,1,7,2692
42.5,7,1,8,2700
42.5,7,1,9,2709
42.5,7,1,10,2717
42.5,7,1,11,2725
42.5,7,1,12,2733
42.5,7,1,13,2741
42.5,7,1,14,2750
42.5,7,1,15,2758
42.5,7,2,0,2642
42.5,7,2,1,2650
42.5,7,2,2,2659
42.5,7,2,3,2667
42.5,7,2,4,2676
42.5,7,2,5,2684
42.5,7,2,6,2693
42.5,7,2,7,2701
42.5,7,2,8,2709
42.5,7,2,9,2718
42.5,7,2,10,2726
42.5,7,2,11,2734
42.5,7,2,12,2742
42.5,7,2,13,2751
42.5,7,2,14,2759
42.5,7,2,15,2767
42.5,7,3,0,2651
42.5,7,3,1,2659
42.5,7,3,2,2668
42.5,7,3,3,2676
42.5,7,3,4,2685
42.5,7,3,5,2693
42.5,7,3,6,2701
42.5,7,3,7,2710
42.5,7,3,8,2718
42.5,7,3,9,2727
42.5,7,3,10,2735
42.5,7,3,11,2743
42.5,7,3,12,2751
42.5,7,3,13,2760
42.5,7,3,14,2768
42.5,7,3,15,2776
42.5,7,4,0,2659
42.5,7,4,1,2668
42.5,7,4,2,2676
42.5,7,4,3,2685
42.5,7,4,4,2693
42.5,7,4,5,2702
42.5,7,4,6,2710
42.5,7,4,7,2719
42.5,7,4,8,2727
42.5,7,4,9,2736
42.5,7,4,10,2744
42.5,7,4,11,2752
42.5,7,4,12,2760
42.5,7,4,13,2769
42.5,7,4,14,2777
42.5,7,4,15,2785
42.5,7,5,0,2668
42.5,7,5,1,2677
42.5,7,5,2,2685
42.5,7,5,3,2694
42.5,7,5,4,2702
42.5,7,5,5,2711
42.5,7,5,6,2719
42.5,7,5,7,2728
42.5,7,5,8,2736
42.5,7,5,9,2744
42.5,7,5,10,2753
42.5,7,5,11,2761
42.5,7,5,12,2769
42.5,7,5,13,2778
42.5,7,5,14,2786
42.5,7,5,15,2794
42.5,7,6,0,2677
42.5,7,6,1,2685
42.5,7,6,2,2694
42.5,7,6,3,2702
42.5,7,6,4,2711
42.5,7,6,5,2720
42.5,7,6,6,2728
42.5,7,6,7,2736
42.5,7,6,8,2745
42.5,7,6,9,2753
42.5,7,6,10,2762
42.5,7,6,11,2770
42.5,7,6,12,2778
42.5,7,6,13,2787
42.5,7,6,14,2795
42.5,7,6,15,2803
42.5,7,7,0,2685
42.5,7,7,1,2694
42.5,7,7,2,2703
42.5,7,7,3,2711
42.5,7,7,4,2720
42.5,7,7,5,2728
42.5,7,7,6,2737
42.5,7,7,7,2745
42.5,7,7,8,2754
42.5,7,7,9,2762
42.5,7,7,10,2771
42.5,7,7,11,2779
42.5,7,7,12,2787
42.5,7,7,13,2796
42.5,7,7,14,2804
42.5,7,7,15,2812
42.5,7,8,0,2694
42.5,7,8,1,2703
42.5,7,8,2,2711
42.5,7,8,3,2720
42.5,7,8,4,2728
42.5,7,8,5,2737
42.5,7,8,6,2746
42.5,7,8,7,2754
42.5,7,8,8,2763
42.5,7,8,9,2771
42.5,7,8,10,2779
42.5,7,8,11,2788
42.5,7,8,12,2796
42.5,7,8,13,2805
42.5,7,8,14,2813
42.5,7,8,15,2821
42.5,7,9,0,2702
42.5,7,9,1,2711
42.5,7,9,2,2720
42.5,7,9,3,2729
42.5,7,9,4,2737
42.5,7,9,5,2746
42.5,7,9,6,2754
42.5,7,9,7,2763
42.5,7,9,8,2771
42.5,7,9,9,2780
42.5,7,9,10,2788
42.5,7,9,11,2797
42.5,7,9,12,2805
42.5,7,9,13,2814
42.5,7,9,14,2822
42.5,7,9,15,2830
42.5,7,10,0,2711
42.5,7,10,1,2720
42.5,7,10,2,2728
42.5,7,10,3,2737
42.5,7,10,4,2746
42.5,7,10,5,2754
42.5,7,10,6,2763
42.5,7,10,7,2772
42.5,7,10,8,2780
42.5,7,10,9,2789
42.5,7,10,10,2797
42.5,7,10,11,2806
42.5,7,10,12,2814
42.5,7,10,13,2822
42.5,7,10,14,2831
42.5,7,10,15,2839
42.5,7,11,0,2720
42.5,7,11,1,2728
42.5,7,11,2,2737
42.5,7,11,3,2746
42.5,7,11,4,2754
42.5,7,11,5,2763
42.5,7,11,6,2772
42.5,7,11,7,2780
42.5,7,11,8,2789
42.5,7,11,9,2797
42.5,7,11,10,2806
42.5,7,11,11,2814
42.5,7,11,12,2823
42.5,7,11,13,2831
42.5,7,11,14,2840
42.5,7,11,15,2848
42.5,7,12,0,2728
42.5,7,12,1,2737
42.5,7,12,2,2746
42.5,7,12,3,2754
42.5,7,12,4,2763
42.5,7,12,5,2772
42.5,7,12,6,2780
42.5,7,12,7,2789
42.5,7,12,8,2798
42.5,7,12,9,2806
42.5,7,12,10,2815
42.5,7,12,11,2823
42.5,7,12,12,2832
42.5,7,12,13,2840
42.5,7,12,14,2849
42.5,7,12,15,2857
42.5,7,13,0,2736
42.5,7,13,1,2745
42.5,7,13,2,2754
42.5,7,13,3,2763
42.5,7,13,4,2772
42.5,7,13,5,2780
42.5,7,13,6,2789
42.5,7,13,7,2798
42.5,7,13,8,2806
42.5,7,13,9,2815
42.5,7,13,10,2823
42.5,7,13,11,2832
42.5,7,13,12,2840
42.5,7,13,13,2849
42.5,7,13,14,2857
42.5,7,13,15,2866
42.5,7,14,0,2745
42.5,7,14,1,2754
42.5,7,14,2,2763
42.5,7,14,3,2771
42.5,7,14,4,2780
42.5,7,14,5,2789
42.5,7,14,6,2798
42.5,7,14,7,2806
42.5,7,14,8,2815
42.5,7,14,9,2824
42.5,7,14,10,2832
42.5,7,14,11,2841
42.5,7,14,12,2849
42.5,7,14,13,2858
42.5,7,14,14,2866
42.5,7,14,15,2875
42.5,7,15,0,2753
42.5,7,15,1,2762
42.5,7,15,2,2771
42.5,7,15,3,2780
42.5,7,15,4,2789
42.5,7,15,5,2797
42.5,7,15,6,2806
42.5,7,15,7,2815
42.5,7,15,8,2824
42.5,7,15,9,2832
42.5,7,15,10,2841
42.5,7,15,11,2849
42.5,7,15,12,2858
42.5,7,15,13,2866
42.5,7,15,14,2875
42.5,7,15,15,2884
42.5,8,0,0,2634
42.5,8,0,1,2643
42.5,8,0,2,2651
42.5,8,0,3,2660
42.5,8,0,4,2668
42.5,8,0,5,2676
42.5,8,0,6,2685
42.5,8,0,7,2693
42.5,8,0,8,2701
42.5,8,0,9,2710
42.5,8,0,10,2718
42.5,8,0,11,2726
42.5,8,0,12,2734
42.5,8,0,13,2742
42.5,8,0,14,2751
42.5,8,0,15,2759
42.5,8,1,0,2643
42.5,8,1,1,2652
42.5,8,1,2,2660
42.5,8,1,3,2668
42.5,8,1,4,2677
42.5,8,1,5,2685
42.5,8,1,6,2694
42.5,8,1,7,2702
42.5,8,1,8,2710
42.5,8,1,9,2719
42.5,8,1,10,2727
42.5,8,1,11,2735
42.5,8,1,12,2743
42.5,8,1,13,2752
42.5,8,1,14,2760
42.5,8,1,15,2768
42.5,8,2,0,2652
42.5,8,2,1,2660
42.5,8,2,2,2669
42.5,8,2,3,2677
42.5,8,2,4,2686
42.5,8,2,5,2694
42.5,8,2,6,2703
42.5,8,2,7,2711
42.5,8,2,8,2719
42.5,8,2,9,2728
42.5,8,2,10,2736
42.5,8,2,11,2744
42.5,8,2,12,2753
42.5,8,2,13,2761
42.5,8,2,14,2769
42.5,8,2,15,2777
42.5,8,3,0,2661
42.5,8,3,1,2669
42.5,8,3,2,2678
42.5,8,3,3,2686
42.5,8,3,4,2695
42.5,8,3,5,2703
42.5,8,3,6,2712
42.5,8,3,7,2720
42.5,8,3,8,2728
42.5,8,3,9,2737
42.5,8,3,10,2745
42.5,8,3,11,2753
42.5,8,3,12,2762
42.5,8,3,13,2770
42.5,8,3,14,2778
42.5,8,3,15,2786
42.5,8,4,0,2669
42.5,8,4,1,2678
42.5,8,4,2,2686
42.5,8,4,3,2695
42.5,8,4,4,2704
42.5,8,4,5,2712
42.5,8,4,6,2720
42.5,8,4,7,2729
42.5,8,4,8,2737
42.5,8,4,9,2746
42.5,8,4,10,2754
42.5,8,4,11,2762
42.5,8,4,12,2771
42.5,8,4,13,2779
42.5,8,4,14,2787
42.5,8,4,15,2796
42.5,8,5,0,2678
42.5,8,5,1,2687
42.5,8,5,2,2695
42.5,8,5,3,2704
42.5,8,5,4,2712
42.5,8,5,5,2721
42.5,8,5,6,2729
42.5,8,5,7,2738
42.5,8,5,8,2746
42.5,8,5,9,2755
42.5,8,5,10,2763
42.5,8,5,11,2771
42.5,8,5,12,2780
42.5,8,5,13,2788
42.5,8,5,14,2796
42.5,8,5,15,2805
42.5,8,6,0,2687
42.5,8,6,1,2695
42.5,8,6,2,2704
42.5,8,6,3,2713
42.5,8,6,4,2721
42.5,8,6,5,2730
42.5,8,6,6,2738
42.5,8,6,7,2747
42.5,8,6,8,2755
42.5,8,6,9,2764
42.5,8,6,10,2772
42.5,8,6,11,2780
42.5,8,6,12,2789
42.5,8,6,13,2797
42.5,8,6,14,2805
42.5,8,6,15,2814
42.5,8,7,0,2695
42.5,8,7,1,2704
42.5,8,7,2,2713
42.5,8,7,3,2721
42.5,8,7,4,2730
42.5,8,7,5,2738
42.5,8,7,6,2747
42.5,8,7,7,2756
42.5,8,7,8,2764
42.5,8,7,9,2773
42.5,8,7,10,2781
42.5,8,7,11,2789
42.5,8,7,12,2798
42.5,8,7,13,2806
42.5,8,7,14,2814
42.5,8,7,15,2823
42.5,8,8,0,2704
42.5,8,8,1,2713
42.5,8,8,2,2721
42.5,8,8,3,2730
42.5,8,8,4,2739
42.5,8,8,5,2747
42.5,8,8,6,2756
42.5,8,8,7,2764
42.5,8,8,8,2773
42.5,8,8,9,2781
42.5,8,8,10,2790
42.5,8,8,11,2798
42.5,8,8,12,2807
42.5,8,8,13,2815
42.5,8,8,14,2823
42.5,8,8,15,2832
42.5,8,9,0,2713
42.5,8,9,1,2721
42.5,8,9,2,2730
42.5,8,9,3,2739
42.5,8,9,4,2747
42.5,8,9,5,2756
42.5,8,9,6,2765
42.5,8,9,7,2773
42.5,8,9,8,2782
42.5,8,9,9,2790
42.5,8,9,10,2799
42.5,8,9,11,2807
42.5,8,9,12,2816
42.5,8,9,13,2824
42.5,8,9,14,2832
42.5,8,9,15,2841
42.5,8,10,0,2721
42.5,8,10,1,2730
42.5,8,10,2,2739
42.5,8,10,3,2747
42.5,8,10,4,2756
42.5,8,10,5,2765
42.5,8,10,6,2773
42.5,8,10,7,2782
42.5,8,10,8,2790
42.5,8,10,9,2799
42.5,8,10,10,2808
42.5,8,10,11,2816
42.5,8,10,12,2825
42.5,8,10,13,2833
42.5,8,10,14,2841
42.5,8,10,15,2850
42.5,8,11,0,2730
42.5,8,11,1,2738
42.5,8,11,2,2747
42.5,8,11,3,2756
42.5,8,11,4,2765
42.5,8,11,5,2773
42.5,8,11,6,2782
42.5,8,11,7,2791
42.5,8,11,8,2799
42.5,8,11,9,2808
42.5,8,11,10,2816
42.5,8,11,11,2825
42.5,8,11,12,2833
42.5,8,11,13,2842
42.5,8,11,14,2850
42.5,8,11,15,2859
42.5,8,12,0,2738
42.5,8,12,1,2747
42.5,8,12,2,2756
42.5,8,12,3,2765
42.5,8,12,4,2773
42.5,8,12,5,2782
42.5,8,12,6,2791
42.5,8,12,7,2799
42.5,8,12,8,2808
42.5,8,12,9,2817
42.5,8,12,10,2825
42.5,8,12,11,2834
42.5,8,12,12,2842
42.5,8,12,13,2851
42.5,8,12,14,2859
42.5,8,12,15,2868
42.5,8,13,0,2747
42.5,8,13,1,2756
42.5,8,13,2,2764
42.5,8,13,3,2773
42.5,8,13,4,2782
42.5,8,13,5,2791
42.5,8,13,6,2799
42.5,8,13,7,2808
42.5,8,13,8,2817
42.5,8,13,9,2825
42.5,8,13,10,2834
42.5,8,13,11,2843
42.5,8,13,12,2851
42.5,8,13,13,2860
42.5,8,13,14,2868
42.5,8,13,15,2877
42.5,8,14,0,2755
42.5,8,14,1,2764
42.5,8,14,2,2773
42.5,8,14,3,2782
42.5,8,14,4,2790
42.5,8,14,5,2799
42.5,8,14,6,2808
42.5,8,14,7,2817
42.5,8,14,8,2825
42.5,8,14,9,2834
42.5,8,14,10,2843
42.5,8,14,11,2851
42.5,8,14,12,2860
42.5,8,14,13,2868
42.5,8,14,14,2877
42.5,8,14,15,2885
42.5,8,15,0,2764
42.5,8,15,1,2773
42.5,8,15,2,2781
42.5,8,15,3,2790
42.5,8,15,4,2799
42.5,8,15,5,2808
42.5,8,15,6,2817
42.5,8,15,7,2825
42.5,8,15,8,2834
42.5,8,15,9,2843
42.5,8,15,10,2851
42.5,8,15,11,2860
42.5,8,15,12,2869
42.5,8,15,13,2877
42.5,8,15,14,2886
42.5,8,15,15,2894
42.5,9,0,0,2644
42.5,9,0,1,2652
42.5,9,0,2,2661
42.5,9,0,3,2669
42.5,9,0,4,2678
42.5,9,0,5,2686
42.5,9,0,6,2695
42.5,9,0,7,2703
42.5,9,0,8,2711
42.5,9,0,9,2720
42.5,9,0,10,2728
42.5,9,0,11,2736
42.5,9,0,12,2744
42.5,9,0,13,2753
42.5,9,0,14,2761
42.5,9,0,15,2769
42.5,9,1,0,2653
42.5,9,1,1,2661
42.5,9,1,2,2670
42.5,9,1,3,2678
42.5,9,1,4,2687
42.5,9,1,5,2695
42.5,9,1,6,2704
42.5,9,1,7,2712
42.5,9,1,8,2720
42.5,9,1,9,2729
42.5,9,1,10,2737
42.5,9,1,11,2745
42.5,9,1,12,2754
42.5,9,1,13,2762
42.5,9,1,14,2770
42.5,9,1,15,2778
42.5,9,2,0,2662
42.5,9,2,1,2670
42.5,9,2,2,2679
42.5,9,2,3,2687
42.5,9,2,4,2696
42.5,9,2,5,2704
42.5,9,2,6,2713
42.5,9,2,7,2721
42.5,9,2,8,2729
42.5,9,2,9,2738
42.5,9,2,10,2746
42.5,9,2,11,2754
42.5,9,2,12,2763
42.5,9,2,13,2771
42.5,9,2,14,2779
42.5,9,2,15,2787
42.5,9,3,0,2670
42.5,9,3,1,2679
42.5,9,3,2,2688
42.5,9,3,3,2696
42.5,9,3,4,2705
42.5,9,3,5,2713
42.5,9,3,6,2722
42.5,9,3,7,2730
42.5,9,3,8,2739
42.5,9,3,9,2747
42.5,9,3,10,2755
42.5,9,3,11,2764
42.5,9,3,12,2772
42.5,9,3,13,2780
42.5,9,3,14,2788
42.5,9,3,15,2797
42.5,9,4,0,2679
42.5,9,4,1,2688
42.5,9,4,2,2696
42.5,9,4,3,2705
42.5,9,4,4,2714
42.5,9,4,5,2722
42.5,9,4,6,2731
42.5,9,4,7,2739
42.5,9,4,8,2748
42.5,9,4,9,2756
42.5,9,4,10,2764
42.5,9,4,11,2773
42.5,9,4,12,2781
42.5,9,4,13,2789
42.5,9,4,14,2798
42.5,9,4,15,2806
42.5,9,5,0,2688
42.5,9,5,1,2697
42.5,9,5,2,2705
42.5,9,5,3,2714
42.5,9,5,4,2722
42.5,9,5,5,2731
42.5,9,5,6,2740
42.5,9,5,7,2748
42.5,9,5,8,2756
42.5,9,5,9,2765
42.5,9,5,10,2773
42.5,9,5,11,2782
42.5,9,5,12,2790
42.5,9,5,13,2798
42.5,9,5,14,2807
42.5,9,5,15,2815
42.5,9,6,0,2697
42.5,9,6,1,2705
42.5,9,6,2,2714
42.5,9,6,3,2723
42.5,9,6,4,2731
42.5,9,6,5,2740
42.5,9,6,6,2748
42.5,9,6,7,2757
42.5,9,6,8,2765
42.5,9,6,9,2774
42.5,9,6,10,2782
42.5,9,6,11,2791
42.5,9,6,12,2799
42.5,9,6,13,2808
42.5,9,6,14,2816
42.5,9,6,15,2824
42.5,9,7,0,2705
42.5,9,7,1,2714
42.5,9,7,2,2723
42.5,9,7,3,2731
42.5,9,7,4,2740
42.5,9,7,5,2749
42.5,9,7,6,2757
42.5,9,7,7,2766
42.5,9,7,8,2774
42.5,9,7,9,2783
42.5,9,7,10,2791
42.5,9,7,11,2800
42.5,9,7,12,2808
42.5,9,7,13,2817
42.5,9,7,14,2825
42.5,9,7,15,2833
42.5,9,8,0,2714
42.5,9,8,1,2723
42.5,9,8,2,2731
42.5,9,8,3,2740
42.5,9,8,4,2749
42.5,9,8,5,2757
42.5,9,8,6,2766
42.5,9,8,7,2775
42.5,9,8,8,2783
42.5,9,8,9,2792
42.5,9,8,10,2800
42.5,9,8,11,2809
42.5,9,8,12,2817
42.5,9,8,13,2826
42.5,9,8,14,2834
42.5,9,8,15,2842
42.5,9,9,0,2723
42.5,9,9,1,2731
42.5,9,9,2,2740
42.5,9,9,3,2749
42.5,9,9,4,2758
42.5,9,9,5,2766
42.5,9,9,6,2775
42.5,9,9,7,2783
42.5,9,9,8,2792
42.5,9,9,9,2801
42.5,9,9,10,2809
42.5,9,9,11,2818
42.5,9,9,12,2826
42.5,9,9,13,2835
42.5,9,9,14,2843
42.5,9,9,15,2851
42.5,9,10,0,2731
42.5,9,10,1,2740
42.5,9,10,2,2749
42.5,9,10,3,2758
42.5,9,10,4,2766
42.5,9,10,5,2775
42.5,9,10,6,2784
42.5,9,10,7,2792
42.5,9,10,8,2801
42.5,9,10,9,2809
42.5,9,10,10,2818
42.5,9,10,11,2827
42.5,9,10,12,2835
42.5,9,10,13,2844
42.5,9,10,14,2852
42.5,9,10,15,2860
42.5,9,11,0,2740
42.5,9,11,1,2749
42.5,9,11,2,2757
42.5,9,11,3,2766
42.5,9,11,4,2775
42.5,9,11,5,2784
42.5,9,11,6,2792
42.5,9,11,7,2801
42.5,9,11,8,2810
42.5,9,11,9,2818
42.5,9,11,10,2827
42.5,9,11,11,2835
42.5,9,11,12,2844
42.5,9,11,13,2852
42.5,9,11,14,2861
42.5,9,11,15,2869
42.5,9,12,0,2748
42.5,9,12,1,2757
42.5,9,12,2,2766
42.5,9,12,3,2775
42.5,9,12,4,2784
42.5,9,12,5,2792
42.5,9,12,6,2801
42.5,9,12,7,2810
42.5,9,12,8,2818
42.5,9,12,9,2827
42.5,9,12,10,2836
42.5,9,12,11,2844
42.5,9,12,12,2853
42.5,9,12,13,2861
42.5,9,12,14,2870
42.5,9,12,15,2878
42.5,9,13,0,2757
42.5,9,13,1,2766
42.5,9,13,2,2775
42.5,9,13,3,2783
42.5,9,13,4,2792
42.5,9,13,5,2801
42.5,9,13,6,2810
42.5,9,13,7,2818
42.5,9,13,8,2827
42.5,9,13,9,2836
42.5,9,13,10,2844
42.5,9,13,11,2853
42.5,9,13,12,2862
42.5,9,13,13,2870
42.5,9,13,14,2879
42.5,9,13,15,2887
42.5,9,14,0,2765
42.5,9,14,1,2774
42.5,9,14,2,2783
42.5,9,14,3,2792
42.5,9,14,4,2801
42.5,9,14,5,2810
42.5,9,14,6,2818
42.5,9,14,7,2827
42.5,9,14,8,2836
42.5,9,14,9,2845
42.5,9,14,10,2853
42.5,9,14,11,2862
42.5,9,14,12,2870
42.5,9,14,13,2879
42.5,9,14,14,2888
42.5,9,14,15,2896
42.5,9,15,0,2774
42.5,9,15,1,2783
42.5,9,15,2,2792
42.5,9,15,3,2801
42.5,9,15,4,2809
42.5,9,15,5,2818
42.5,9,15,6,2827
42.5,9,15,7,2836
42.5,9,15,8,2845
42.5,9,15,9,2853
42.5,9,15,10,2862
42.5,9,15,11,2871
42.5,9,15,12,2879
42.5,9,15,13,2888
42.5,9,15,14,2896
42.5,9,15,15,2905
42.5,10,0,0,2654
42.5,10,0,1,2662
42.5,10,0,2,2671
42.5,10,0,3,2679
42.5,10,0,4,2688
42.5,10,0,5,2696
42.5,10,0,6,2705
42.5,10,0,7,2713
42.5,10,0,8,2721
42.5,10,0,9,2730
42.5,10,0,10,2738
42.5,10,0,11,2746
42.5,10,0,12,2755
42.5,10,0,13,2763
42.5,10,0,14,2771
42.5,10,0,15,2779
42.5,10,1,0,2663
42.5,10,1,1,2671
42.5,10,1,2,2680
42.5,10,1,3,2688
42.5,10,1,4,2697
42.5,10,1,5,2705
42.5,10,1,6,2714
42.5,10,1,7,2722
42.5,10,1,8,2731
42.5,10,1,9,2739
42.5,10,1,10,2747
42.5,10,1,11,2756
42.5,10,1,12,2764
42.5,10,1,13,2772
42.5,10,1,14,2780
42.5,10,1,15,2789
42.5,10,2,0,2672
42.5,10,2,1,2680
42.5,10,2,2,2689
42.5,10,2,3,2697
42.5,10,2,4,2706
42.5,10,2,5,2714
42.5,10,2,6,2723
42.5,10,2,7,2731
42.5,10,2,8,2740
42.5,10,2,9,2748
42.5,10,2,10,2756
42.5,10,2,11,2765
42.5,10,2,12,2773
42.5,10,2,13,2781
42.5,10,2,14,2790
42.5,10,2,15,2798
42.5,10,3,0,2680
42.5,10,3,1,2689
42.5,10,3,2,2698
42.5,10,3,3,2706
42.5,10,3,4,2715
42.5,10,3,5,2723
42.5,10,3,6,2732
42.5,10,3,7,2740
42.5,10,3,8,2749
42.5,10,3,9,2757
42.5,10,3,10,2765
42.5,10,3,11,2774
42.5,10,3,12,2782
42.5,10,3,13,2791
42.5,10,3,14,2799
42.5,10,3,15,2807
42.5,10,4,0,2689
42.5,10,4,1,2698
42.5,10,4,2,2706
42.5,10,4,3,2715
42.5,10,4,4,2724
42.5,10,4,5,2732
42.5,10,4,6,2741
42.5,10,4,7,2749
42.5,10,4,8,2758
42.5,10,4,9,2766
42.5,10,4,10,2775
42.5,10,4,11,2783
42.5,10,4,12,2791
42.5,10,4,13,2800
42.5,10,4,14,2808
42.5,10,4,15,2816
42.5,10,5,0,2698
42.5,10,5,1,2707
42.5,10,5,2,2715
42.5,10,5,3,2724
42.5,10,5,4,2733
42.5,10,5,5,2741
42.5,10,5,6,2750
42.5,10,5,7,2758
42.5,10,5,8,2767
42.5,10,5,9,2775
42.5,10,5,10,2784
42.5,10,5,11,2792
42.5,10,5,12,2800
42.5,10,5,13,2809
42.5,10,5,14,2817
42.5,10,5,15,2825
42.5,10,6,0,2707
42.5,10,6,1,2715
42.5,10,6,2,2724
42.5,10,6,3,2733
42.5,10,6,4,2741
42.5,10,6,5,2750
42.5,10,6,6,2759
42.5,10,6,7,2767
42.5,10,6,8,2776
42.5,10,6,9,2784
42.5,10,6,10,2793
42.5,10,6,11,2801
42.5,10,6,12,2810
42.5,10,6,13,2818
42.5,10,6,14,2826
42.5,10,6,15,2835
42.5,10,7,0,2715
42.5,10,7,1,2724
42.5,10,7,2,2733
42.5,10,7,3,2742
42.5,10,7,4,2750
42.5,10,7,5,2759
42.5,10,7,6,2767
42.5,10,7,7,2776
42.5,10,7,8,2785
42.5,10,7,9,2793
42.5,10,7,10,2802
42.5,10,7,11,2810
42.5,10,7,12,2819
42.5,10,7,13,2827
42.5,10,7,14,2835
42.5,10,7,15,2844
42.5,10,8,0,2724
42.5,10,8,1,2733
42.5,10,8,2,2742
42.5,10,8,3,2750
42.5,10,8,4,2759
42.5,10,8,5,2768
42.5,10,8,6,2776
42.5,10,8,7,2785
42.5,10,8,8,2794
42.5,10,8,9,2802
42.5,10,8,10,2811
42.5,10,8,11,2819
42.5,10,8,12,2828
42.5,10,8,13,2836
42.5,10,8,14,2844
42.5,10,8,15,2853
42.5,10,9,0,2733
42.5,10,9,1,2742
42.5,10,9,2,2750
42.5,10,9,3,2759
42.5,10,9,4,2768
42.5,10,9,5,2776
42.5,10,9,6,2785
42.5,10,9,7,2794
42.5,10,9,8,2802
42.5,10,9,9,2811
42.5,10,9,10,2820
42.5,10,9,11,2828
42.5,10,9,12,2837
42.5,10,9,13,2845
42.5,10,9,14,2854
42.5,10,9,15,2862
42.5,10,10,0,2741
42.5,10,10,1,2750
42.5,10,10,2,2759
42.5,10,10,3,2768
42.5,10,10,4,2777
42.5,10,10,5,2785
42.5,10,10,6,2794
42.5,10,10,7,2803
42.5,10,10,8,2811
42.5,10,10,9,2820
42.5,10,10,10,2828
42.5,10,10,11,2837
42.5,10,10,12,2846
42.5,10,10,13,2854
42.5,10,10,14,2863
42.5,10,10,15,2871
42.5,10,11,0,2750
42.5,10,11,1,2759
42.5,10,11,2,2768
42.5,10,11,3,2776
42.5,10,11,4,2785
42.5,10,11,5,2794
42.5,10,11,6,2803
42.5,10,11,7,2811
42.5,10,11,8,2820
42.5,10,11,9,2829
42.5,10,11,10,2837
42.5,10,11,11,2846
42.5,10,11,12,2854
42.5,10,11,13,2863
42.5,10,11,14,2872
42.5,10,11,15,2880
42.5,10,12,0,2759
42.5,10,12,1,2767
42.5,10,12,2,2776
42.5,10,12,3,2785
42.5,10,12,4,2794
42.5,10,12,5,2803
42.5,10,12,6,2811
42.5,10,12,7,2820
42.5,10,12,8,2829
42.5,10,12,9,2838
42.5,10,12,10,2846
42.5,10,12,11,2855
42.5,10,12,12,2863
42.5,10,12,13,2872
42.5,10,12,14,2880
42.5,10,12,15,2889
42.5,10,13,0,2767
42.5,10,13,1,2776
42.5,10,13,2,2785
42.5,10,13,3,2794
42.5,10,13,4,2803
42.5,10,13,5,2811
42.5,10,13,6,2820
42.5,10,13,7,2829
42.5,10,13,8,2838
42.5,10,13,9,2846
42.5,10,13,10,2855
42.5,10,13,11,2864
42.5,10,13,12,2872
42.5,10,13,13,2881
42.5,10,13,14,2889
42.5,10,13,15,2898
42.5,10,14,0,2776
42.5,10,14,1,2785
42.5,10,14,2,2794
42.5,10,14,3,2802
42.5,10,14,4,2811
42.5,10,14,5,2820
42.5,10,14,6,2829
42.5,10,14,7,2838
42.5,10,14,8,2846
42.5,10,14,9,2855
42.5,10,14,10,2864
42.5,10,14,11,2872
42.5,10,14,12,2881
42.5,10,14,13,2890
42.5,10,14,14,2898
42.5,10,14,15,2907
42.5,10,15,0,2784
42.5,10,15,1,2793
42.5,10,15,2,2802
42.5,10,15,3,2811
42.5,10,15,4,2820
42.5,10,15,5,2829
42.5,10,15,6,2838
42.5,10,15,7,2846
42.5,10,15,8,2855
42.5,10,15,9,2864
42.5,10,15,10,2873
42.5,10,15,11,2881
42.5,10,15,12,2890
42.5,10,15,13,2899
42.5,10,15,14,2907
42.5,10,15,15,2916
42.5,11,0,0,2664
42.5,11,0,1,2672
42.5,11,0,2,2681
42.5,11,0,3,2689
42.5,11,0,4,2698
42.5,11,0,5,2706
42.5,11,0,6,2715
42.5,11,0,7,2723
42.5,11,0,8,2731
42.5,11,0,9,2740
42.5,11,0,10,2748
42.5,11,0,11,2756
42.5,11,0,12,2765
42.5,11,0,13,2773
42.5,11,0,14,2781
42.5,11,0,15,2789
42.5,11,1,0,2672
42.5,11,1,1,2681
42.5,11,1,2,2690
42.5,11,1,3,2698
42.5,11,1,4,2707
42.5,11,1,5,2715
42.5,11,1,6,2724
42.5,11,1,7,2732
42.5,11,1,8,2741
42.5,11,1,9,2749
42.5,11,1,10,2757
42.5,11,1,11,2766
42.5,11,1,12,2774
42.5,11,1,13,2782
42.5,11,1,14,2791
42.5,11,1,15,2799
42.5,11,2,0,2681
42.5,11,2,1,2690
42.5,11,2,2,2699
42.5,11,2,3,2707
42.5,11,2,4,2716
42.5,11,2,5,2724
42.5,11,2,6,2733
42.5,11,2,7,2741
42.5,11,2,8,2750
42.5,11,2,9,2758
42.5,11,2,10,2767
42.5,11,2,11,2775
42.5,11,2,12,2783
42.5,11,2,13,2792
42.5,11,2,14,2800
42.5,11,2,15,2808
42.5,11,3,0,2690
42.5,11,3,1,2699
42.5,11,3,2,2708
42.5,11,3,3,2716
42.5,11,3,4,2725
42.5,11,3,5,2733
42.5,11,3,6,2742
42.5,11,3,7,2750
42.5,11,3,8,2759
42.5,11,3,9,2767
42.5,11,3,10,2776
42.5,11,3,11,2784
42.5,11,3,12,2792
42.5,11,3,13,2801
42.5,11,3,14,2809
42.5,11,3,15,2817
42.5,11,4,0,2699
42.5,11,4,1,2708
42.5,11,4,2,2716
42.5,11,4,3,2725
42.5,11,4,4,2734
42.5,11,4,5,2742
42.5,11,4,6,2751
42.5,11,4,7,2759
42.5,11,4,8,2768
42.5,11,4,9,2776
42.5,11,4,10,2785
42.5,11,4,11,2793
42.5,11,4,12,2802
42.5,11,4,13,2810
42.5,11,4,14,2818
42.5,11,4,15,2827
42.5,11,5,0,2708
42.5,11,5,1,2717
42.5,11,5,2,2725
42.5,11,5,3,2734
42.5,11,5,4,2743
42.5,11,5,5,2751
42.5,11,5,6,2760
42.5,11,5,7,2768
42.5,11,5,8,2777
42.5,11,5,9,2785
42.5,11,5,10,2794
42.5,11,5,11,2802
42.5,11,5,12,2811
42.5,11,5,13,2819
42.5,11,5,14,2828
42.5,11,5,15,2836
42.5,11,6,0,2717
42.5,11,6,1,2725
42.5,11,6,2,2734
42.5,11,6,3,2743
42.5,11,6,4,2751
42.5,11,6,5,2760
42.5,11,6,6,2769
42.5,11,6,7,2777
42.5,11,6,8,2786
42.5,11,6,9,2794
42.5,11,6,10,2803
42.5,11,6,11,2811
42.5,11,6,12,2820
42.5,11,6,13,2828
42.5,11,6,14,2837
42.5,11,6,15,2845
42.5,11,7,0,2725
42.5,11,7,1,2734
42.5,11,7,2,2743
42.5,11,7,3,2752
42.5,11,7,4,2760
42.5,11,7,5,2769
42.5,11,7,6,2778
42.5,11,7,7,2786
42.5,11,7,8,2795
42.5,11,7,9,2803
42.5,11,7,10,2812
42.5,11,7,11,2820
42.5,11,7,12,2829
42.5,11,7,13,2837
42.5,11,7,14,2846
42.5,11,7,15,2854
42.5,11,8,0,2734
42.5,11,8,1,2743
42.5,11,8,2,2752
42.5,11,8,3,2760
42.5,11,8,4,2769
42.5,11,8,5,2778
42.5,11,8,6,2787
42.5,11,8,7,2795
42.5,11,8,8,2804
42.5,11,8,9,2812
42.5,11,8,10,2821
42.5,11,8,11,2830
42.5,11,8,12,2838
42.5,11,8,13,2847
42.5,11,8,14,2855
42.5,11,8,15,2863
42.5,11,9,0,2743
42.5,11,9,1,2752
42.5,11,9,2,2760
42.5,11,9,3,2769
42.5,11,9,4,2778
42.5,11,9,5,2787
42.5,11,9,6,2795
42.5,11,9,7,2804
42.5,11,9,8,2813
42.5,11,9,9,2821
42.5,11,9,10,2830
42.5,11,9,11,2839
42.5,11,9,12,2847
42.5,11,9,13,2856
42.5,11,9,14,2864
42.5,11,9,15,2873
42.5,11,10,0,2751
42.5,11,10,1,2760
42.5,11,10,2,2769
42.5,11,10,3,2778
42.5,11,10,4,2787
42.5,11,10,5,2796
42.5,11,10,6,2804
42.5,11,10,7,2813
42.5,11,10,8,2822
42.5,11,10,9,2830
42.5,11,10,10,2839
42.5,11,10,11,2847
42.5,11,10,12,2856
42.5,11,10,13,2865
42.5,11,10,14,2873
42.5,11,10,15,2882
42.5,11,11,0,2760
42.5,11,11,1,2769
42.5,11,11,2,2778
42.5,11,11,3,2787
42.5,11,11,4,2796
42.5,11,11,5,2804
42.5,11,11,6,2813
42.5,11,11,7,2822
42.5,11,11,8,2830
42.5,11,11,9,2839
42.5,11,11,10,2848
42.5,11,11,11,2856
42.5,11,11,12,2865
42.5,11,11,13,2874
42.5,11,11,14,2882
42.5,11,11,15,2891
42.5,11,12,0,2769
42.5,11,12,1,2778
42.5,11,12,2,2787
42.5,11,12,3,2795
42.5,11,12,4,2804
42.5,11,12,5,2813
42.5,11,12,6,2822
42.5,11,12,7,2831
42.5,11,12,8,2839
42.5,11,12,9,2848
42.5,11,12,10,2857
42.5,11,12,11,2865
42.5,11,12,12,2874
42.5,11,12,13,2883
42.5,11,12,14,2891
42.5,11,12,15,2900
42.5,11,13,0,2777
42.5,11,13,1,2786
42.5,11,13,2,2795
42.5,11,13,3,2804
42.5,11,13,4,2813
42.5,11,13,5,2822
42.5,11,13,6,2831
42.5,11,13,7,2839
42.5,11,13,8,2848
42.5,11,13,9,2857
42.5,11,13,10,2866
42.5,11,13,11,2874
42.5,11,13,12,2883
42.5,11,13,13,2891
42.5,11,13,14,2900
42.5,11,13,15,2909
42.5,11,14,0,2786
42.5,11,14,1,2795
42.5,11,14,2,2804
42.5,11,14,3,2813
42.5,11,14,4,2822
42.5,11,14,5,2830
42.5,11,14,6,2839
42.5,11,14,7,2848
42.5,11,14,8,2857
42.5,11,14,9,2866
42.5,11,14,10,2874
42.5,11,14,11,2883
42.5,11,14,12,2892
42.5,11,14,13,2900
42.5,11,14,14,2909
42.5,11,14,15,2918
42.5,11,15,0,2794
42.5,11,15,1,2803
42.5,11,15,2,2812
42.5,11,15,3,2821
42.5,11,15,4,2830
42.5,11,15,5,2839
42.5,11,15,6,2848
42.5,11,15,7,2857
42.5,11,15,8,2866
42.5,11,15,9,2874
42.5,11,15,10,2883
42.5,11,15,11,2892
42.5,11,15,12,2901
42.5,11,15,13,2909
42.5,11,15,14,2918
42.5,11,15,15,2927
42.5,12,0,0,2673
42.5,12,0,1,2682
42.5,12,0,2,2691
42.5,12,0,3,2699
42.5,12,0,4,2708
42.5,12,0,5,2716
42.5,12,0,6,2725
42.5,12,0,7,2733
42.5,12,0,8,2741
42.5,12,0,9,2750
42.5,12,0,10,2758
42.5,12,0,11,2767
42.5,12,0,12,2775
42.5,12,0,13,2783
42.5,12,0,14,2791
42.5,12,0,15,2800
42.5,12,1,0,2682
42.5,12,1,1,2691
42.5,12,1,2,2700
42.5,12,1,3,2708
42.5,12,1,4,2717
42.5,12,1,5,2725
42.5,12,1,6,2734
42.5,12,1,7,2742
42.5,12,1,8,2751
42.5,12,1,9,2759
42.5,12,1,10,2767
42.5,12,1,11,2776
42.5,12,1,12,2784
42.5,12,1,13,2793
42.5,12,1,14,2801
42.5,12,1,15,2809
42.5,12,2,0,2691
42.5,12,2,1,2700
42.5,12,2,2,2709
42.5,12,2,3,2717
42.5,12,2,4,2726
42.5,12,2,5,2734
42.5,12,2,6,2743
42.5,12,2,7,2751
42.5,12,2,8,2760
42.5,12,2,9,2768
42.5,12,2,10,2777
42.5,12,2,11,2785
42.5,12,2,12,2793
42.5,12,2,13,2802
42.5,12,2,14,2810
42.5,12,2,15,2818
42.5,12,3,0,2700
42.5,12,3,1,2709
42.5,12,3,2,2717
42.5,12,3,3,2726
42.5,12,3,4,2735
42.5,12,3,5,2743
42.5,12,3,6,2752
42.5,12,3,7,2760
42.5,12,3,8,2769
42.5,12,3,9,2777
42.5,12,3,10,2786
42.5,12,3,11,2794
42.5,12,3,12,2803
42.5,12,3,13,2811
42.5,12,3,14,2819
42.5,12,3,15,2828
42.5,12,4,0,2709
42.5,12,4,1,2718
42.5,12,4,2,2726
42.5,12,4,3,2735
42.5,12,4,4,2744
42.5,12,4,5,2752
42.5,12,4,6,2761
42.5,12,4,7,2770
42.5,12,4,8,2778
42.5,12,4,9,2787
42.5,12,4,10,2795
42.5,12,4,11,2803
42.5,12,4,12,2812
42.5,12,4,13,2820
42.5,12,4,14,2829
42.5,12,4,15,2837
42.5,12,5,0,2718
42.5,12,5,1,2727
42.5,12,5,2,2735
42.5,12,5,3,2744
42.5,12,5,4,2753
42.5,12,5,5,2761
42.5,12,5,6,2770
42.5,12,5,7,2779
42.5,12,5,8,2787
42.5,12,5,9,2796
42.5,12,5,10,2804
42.5,12,5,11,2813
42.5,12,5,12,2821
42.5,12,5,13,2830
42.5,12,5,14,2838
42.5,12,5,15,2846
42.5,12,6,0,2727
42.5,12,6,1,2735
42.5,12,6,2,2744
42.5,12,6,3,2753
42.5,12,6,4,2762
42.5,12,6,5,2770
42.5,12,6,6,2779
42.5,12,6,7,2788
42.5,12,6,8,2796
42.5,12,6,9,2805
42.5,12,6,10,2813
42.5,12,6,11,2822
42.5,12,6,12,2830
42.5,12,6,13,2839
42.5,12,6,14,2847
42.5,12,6,15,2856
42.5,12,7,0,2735
42.5,12,7,1,2744
42.5,12,7,2,2753
42.5,12,7,3,2762
42.5,12,7,4,2771
42.5,12,7,5,2779
42.5,12,7,6,2788
42.5,12,7,7,2797
42.5,12,7,8,2805
42.5,12,7,9,2814
42.5,12,7,10,2822
42.5,12,7,11,2831
42.5,12,7,12,2839
42.5,12,7,13,2848
42.5,12,7,14,2856
42.5,12,7,15,2865
42.5,12,8,0,2744
42.5,12,8,1,2753
42.5,12,8,2,2762
42.5,12,8,3,2771
42.5,12,8,4,2779
42.5,12,8,5,2788
42.5,12,8,6,2797
42.5,12,8,7,2805
42.5,12,8,8,2814
42.5,12,8,9,2823
42.5,12,8,10,2831
42.5,12,8,11,2840
42.5,12,8,12,2848
42.5,12,8,13,2857
42.5,12,8,14,2865
42.5,12,8,15,2874
42.5,12,9,0,2753
42.5,12,9,1,2762
42.5,12,9,2,2771
42.5,12,9,3,2779
42.5,12,9,4,2788
42.5,12,9,5,2797
42.5,12,9,6,2806
42.5,12,9,7,2814
42.5,12,9,8,2823
42.5,12,9,9,2832
42.5,12,9,10,2840
42.5,12,9,11,2849
42.5,12,9,12,2858
42.5,12,9,13,2866
42.5,12,9,14,2875
42.5,12,9,15,2883
42.5,12,10,0,2762
42.5,12,10,1,2771
42.5,12,10,2,2779
42.5,12,10,3,2788
42.5,12,10,4,2797
42.5,12,10,5,2806
42.5,12,10,6,2815
42.5,12,10,7,2823
42.5,12,10,8,2832
42.5,12,10,9,2841
42.5,12,10,10,2849
42.5,12,10,11,2858
42.5,12,10,12,2867
42.5,12,10,13,2875
42.5,12,10,14,2884
42.5,12,10,15,2892
42.5,12,11,0,2770
42.5,12,11,1,2779
42.5,12,11,2,2788
42.5,12,11,3,2797
42.5,12,11,4,2806
42.5,12,11,5,2815
42.5,12,11,6,2823
42.5,12,11,7,2832
42.5,12,11,8,2841
42.5,12,11,9,2850
42.5,12,11,10,2858
42.5,12,11,11,2867
42.5,12,11,12,2876
42.5,12,11,13,2884
42.5,12,11,14,2893
42.5,12,11,15,2901
42.5,12,12,0,2779
42.5,12,12,1,2788
42.5,12,12,2,2797
42.5,12,12,3,2806
42.5,12,12,4,2815
42.5,12,12,5,2823
42.5,12,12,6,2832
42.5,12,12,7,2841
42.5,12,12,8,2850
42.5,12,12,9,2858
42.5,12,12,10,2867
42.5,12,12,11,2876
42.5,12,12,12,2885
42.5,12,12,13,2893
42.5,12,12,14,2902
42.5,12,12,15,2910
42.5,12,13,0,2788
42.5,12,13,1,2797
42.5,12,13,2,2805
42.5,12,13,3,2814
42.5,12,13,4,2823
42.5,12,13,5,2832
42.5,12,13,6,2841
42.5,12,13,7,2850
42.5,12,13,8,2859
42.5,12,13,9,2867
42.5,12,13,10,2876
42.5,12,13,11,2885
42.5,12,13,12,2893
42.5,12,13,13,2902
42.5,12,13,14,2911
42.5,12,13,15,2919
42.5,12,14,0,2796
42.5,12,14,1,2805
42.5,12,14,2,2814
42.5,12,14,3,2823
42.5,12,14,4,2832
42.5,12,14,5,2841
42.5,12,14,6,2850
42.5,12,14,7,2859
42.5,12,14,8,2867
42.5,12,14,9,2876
42.5,12,14,10,2885
42.5,12,14,11,2894
42.5,12,14,12,2902
42.5,12,14,13,2911
42.5,12,14,14,2920
42.5,12,14,15,2928
42.5,12,15,0,2805
42.5,12,15,1,2814
42.5,12,15,2,2823
42.5,12,15,3,2832
42.5,12,15,4,2841
42.5,12,15,5,2850
42.5,12,15,6,2858
42.5,12,15,7,2867
42.5,12,15,8,2876
42.5,12,15,9,2885
42.5,12,15,10,2894
42.5,12,15,11,2903
42.5,12,15,12,2911
42.5,12,15,13,2920
42.5,12,15,14,2929
42.5,12,15,15,2937
42.5,13,0,0,2683
42.5,13,0,1,2692
42.5,13,0,2,2700
42.5,13,0,3,2709
42.5,13,0,4,2718
42.5,13,0,5,2726
42.5,13,0,6,2735
42.5,13,0,7,2743
42.5,13,0,8,2752
42.5,13,0,9,2760
42.5,13,0,10,2768
42.5,13,0,11,2777
42.5,13,0,12,2785
42.5,13,0,13,2793
42.5,13,0,14,2802
42.5,13,0,15,2810
42.5,13,1,0,2692
42.5,13,1,1,2701
42.5,13,1,2,2709
42.5,13,1,3,2718
42.5,13,1,4,2727
42.5,13,1,5,2735
42.5,13,1,6,2744
42.5,13,1,7,2752
42.5,13,1,8,2761
42.5,13,1,9,2769
42.5,13,1,10,2778
42.5,13,1,11,2786
42.5,13,1,12,2794
42.5,13,1,13,2803
42.5,13,1,14,2811
42.5,13,1,15,2819
42.5,13,2,0,2701
42.5,13,2,1,2710
42.5,13,2,2,2718
42.5,13,2,3,2727
42.5,13,2,4,2736
42.5,13,2,5,2744
42.5,13,2,6,2753
42.5,13,2,7,2761
42.5,13,2,8,2770
42.5,13,2,9,2778
42.5,13,2,10,2787
42.5,13,2,11,2795
42.5,13,2,12,2804
42.5,13,2,13,2812
42.5,13,2,14,2820
42.5,13,2,15,2829
42.5,13,3,0,2710
42.5,13,3,1,2719
42.5,13,3,2,2727
42.5,13,3,3,2736
42.5,13,3,4,2745
42.5,13,3,5,2753
42.5,13,3,6,2762
42.5,13,3,7,2771
42.5,13,3,8,2779
42.5,13,3,9,2788
42.5,13,3,10,2796
42.5,13,3,11,2805
42.5,13,3,12,2813
42.5,13,3,13,2821
42.5,13,3,14,2830
42.5,13,3,15,2838
42.5,13,4,0,2719
42.5,13,4,1,2728
42.5,13,4,2,2736
42.5,13,4,3,2745
42.5,13,4,4,2754
42.5,13,4,5,2762
42.5,13,4,6,2771
42.5,13,4,7,2780
42.5,13,4,8,2788
42.5,13,4,9,2797
42.5,13,4,10,2805
42.5,13,4,11,2814
42.5,13,4,12,2822
42.5,13,4,13,2831
42.5,13,4,14,2839
42.5,13,4,15,2847
42.5,13,5,0,2728
42.5,13,5,1,2737
42.5,13,5,2,2745
42.5,13,5,3,2754
42.5,13,5,4,2763
42.5,13,5,5,2771
42.5,13,5,6,2780
42.5,13,5,7,2789
42.5,13,5,8,2797
42.5,13,5,9,2806
42.5,13,5,10,2814
42.5,13,5,11,2823
42.5,13,5,12,2831
42.5,13,5,13,2840
42.5,13,5,14,2848
42.5,13,5,15,2857
42.5,13,6,0,2737
42.5,13,6,1,2745
42.5,13,6,2,2754
42.5,13,6,3,2763
42.5,13,6,4,2772
42.5,13,6,5,2780
42.5,13,6,6,2789
42.5,13,6,7,2798
42.5,13,6,8,2806
42.5,13,6,9,2815
42.5,13,6,10,2824
42.5,13,6,11,2832
42.5,13,6,12,2841
42.5,13,6,13,2849
42.5,13,6,14,2858
42.5,13,6,15,2866
42.5,13,7,0,2745
42.5,13,7,1,2754
42.5,13,7,2,2763
42.5,13,7,3,2772
42.5,13,7,4,2781
42.5,13,7,5,2789
42.5,13,7,6,2798
42.5,13,7,7,2807
42.5,13,7,8,2815
42.5,13,7,9,2824
42.5,13,7,10,2833
42.5,13,7,11,2841
42.5,13,7,12,2850
42.5,13,7,13,2858
42.5,13,7,14,2867
42.5,13,7,15,2875
42.5,13,8,0,2754
42.5,13,8,1,2763
42.5,13,8,2,2772
42.5,13,8,3,2781
42.5,13,8,4,2790
42.5,13,8,5,2798
42.5,13,8,6,2807
42.5,13,8,7,2816
42.5,13,8,8,2824
42.5,13,8,9,2833
42.5,13,8,10,2842
42.5,13,8,11,2850
42.5,13,8,12,2859
42.5,13,8,13,2867
42.5,13,8,14,2876
42.5,13,8,15,2884
42.5,13,9,0,2763
42.5,13,9,1,2772
42.5,13,9,2,2781
42.5,13,9,3,2790
42.5,13,9,4,2798
42.5,13,9,5,2807
42.5,13,9,6,2816
42.5,13,9,7,2825
42.5,13,9,8,2833
42.5,13,9,9,2842
42.5,13,9,10,2851
42.5,13,9,11,2859
42.5,13,9,12,2868
42.5,13,9,13,2877
42.5,13,9,14,2885
42.5,13,9,15,2894
42.5,13,10,0,2772
42.5,13,10,1,2781
42.5,13,10,2,2790
42.5,13,10,3,2798
42.5,13,10,4,2807
42.5,13,10,5,2816
42.5,13,10,6,2825
42.5,13,10,7,2834
42.5,13,10,8,2842
42.5,13,10,9,2851
42.5,13,10,10,2860
42.5,13,10,11,2868
42.5,13,10,12,2877
42.5,13,10,13,2886
42.5,13,10,14,2894
42.5,13,10,15,2903
42.5,13,11,0,2780
42.5,13,11,1,2789
42.5,13,11,2,2798
42.5,13,11,3,2807
42.5,13,11,4,2816
42.5,13,11,5,2825
42.5,13,11,6,2834
42.5,13,11,7,2843
42.5,13,11,8,2851
42.5,13,11,9,2860
42.5,13,11,10,2869
42.5,13,11,11,2877
42.5,13,11,12,2886
42.5,13,11,13,2895
42.5,13,11,14,2903
42.5,13,11,15,2912
42.5,13,12,0,2789
42.5,13,12,1,2798
42.5,13,12,2,2807
42.5,13,12,3,2816
42.5,13,12,4,2825
42.5,13,12,5,2834
42.5,13,12,6,2843
42.5,13,12,7,2851
42.5,13,12,8,2860
42.5,13,12,9,2869
42.5,13,12,10,2878
42.5,13,12,11,2886
42.5,13,12,12,2895
42.5,13,12,13,2904
42.5,13,12,14,2912
42.5,13,12,15,2921
42.5,13,13,0,2798
42.5,13,13,1,2807
42.5,13,13,2,2816
42.5,13,13,3,2825
42.5,13,13,4,2834
42.5,13,13,5,2843
42.5,13,13,6,2851
42.5,13,13,7,2860
42.5,13,13,8,2869
42.5,13,13,9,2878
42.5,13,13,10,2887
42.5,13,13,11,2895
42.5,13,13,12,2904
42.5,13,13,13,2913
42.5,13,13,14,2921
42.5,13,13,15,2930
42.5,13,14,0,2806
42.5,13,14,1,2815
42.5,13,14,2,2824
42.5,13,14,3,2833
42.5,13,14,4,2842
42.5,13,14,5,2851
42.5,13,14,6,2860
42.5,13,14,7,2869
42.5,13,14,8,2878
42.5,13,14,9,2887
42.5,13,14,10,2896
42.5,13,14,11,2904
42.5,13,14,12,2913
42.5,13,14,13,2922
42.5,13,14,14,2930
42.5,13,14,15,2939
42.5,13,15,0,2815
42.5,13,15,1,2824
42.5,13,15,2,2833
42.5,13,15,3,2842
42.5,13,15,4,2851
42.5,13,15,5,2860
42.5,13,15,6,2869
42.5,13,15,7,2878
42.5,13,15,8,2887
42.5,13,15,9,2896
42.5,13,15,10,2904
42.5,13,15,11,2913
42.5,13,15,12,2922
42.5,13,15,13,2931
42.5,13,15,14,2939
42.5,13,15,15,2948
42.5,14,0,0,2693
42.5,14,0,1,2702
42.5,14,0,2,2710
42.5,14,0,3,2719
42.5,14,0,4,2727
42.5,14,0,5,2736
42.5,14,0,6,2745
42.5,14,0,7,2753
42.5,14,0,8,2762
42.5,14,0,9,2770
42.5,14,0,10,2778
42.5,14,0,11,2787
42.5,14,0,12,2795
42.5,14,0,13,2804
42.5,14,0,14,2812
42.5,14,0,15,2820
42.5,14,1,0,2702
42.5,14,1,1,2711
42.5,14,1,2,2719
42.5,14,1,3,2728
42.5,14,1,4,2737
42.5,14,1,5,2745
42.5,14,1,6,2754
42.5,14,1,7,2762
42.5,14,1,8,2771
42.5,14,1,9,2779
42.5,14,1,10,2788
42.5,14,1,11,2796
42.5,14,1,12,2805
42.5,14,1,13,2813
42.5,14,1,14,2821
42.5,14,1,15,2830
42.5,14,2,0,2711
42.5,14,2,1,2720
42.5,14,2,2,2728
42.5,14,2,3,2737
42.5,14,2,4,2746
42.5,14,2,5,2754
42.5,14,2,6,2763
42.5,14,2,7,2772
42.5,14,2,8,2780
42.5,14,2,9,2789
42.5,14,2,10,2797
42.5,14,2,11,2806
42.5,14,2,12,2814
42.5,14,2,13,2822
42.5,14,2,14,2831
42.5,14,2,15,2839
42.5,14,3,0,2720
42.5,14,3,1,2729
42.5,14,3,2,2737
42.5,14,3,3,2746
42.5,14,3,4,2755
42.5,14,3,5,2763
42.5,14,3,6,2772
42.5,14,3,7,2781
42.5,14,3,8,2789
42.5,14,3,9,2798
42.5,14,3,10,2806
42.5,14,3,11,2815
42.5,14,3,12,2823
42.5,14,3,13,2832
42.5,14,3,14,2840
42.5,14,3,15,2849
42.5,14,4,0,2729
42.5,14,4,1,2738
42.5,14,4,2,2746
42.5,14,4,3,2755
42.5,14,4,4,2764
42.5,14,4,5,2773
42.5,14,4,6,2781
42.5,14,4,7,2790
42.5,14,4,8,2798
42.5,14,4,9,2807
42.5,14,4,10,2816
42.5,14,4,11,2824
42.5,14,4,12,2833
42.5,14,4,13,2841
42.5,14,4,14,2849
42.5,14,4,15,2858
42.5,14,5,0,2738
42.5,14,5,1,2747
42.5,14,5,2,2755
42.5,14,5,3,2764
42.5,14,5,4,2773
42.5,14,5,5,2782
42.5,14,5,6,2790
42.5,14,5,7,2799
42.5,14,5,8,2808
42.5,14,5,9,2816
42.5,14,5,10,2825
42.5,14,5,11,2833
42.5,14,5,12,2842
42.5,14,5,13,2850
42.5,14,5,14,2859
42.5,14,5,15,2867
42.5,14,6,0,2747
42.5,14,6,1,2755
42.5,14,6,2,2764
42.5,14,6,3,2773
42.5,14,6,4,2782
42.5,14,6,5,2791
42.5,14,6,6,2799
42.5,14,6,7,2808
42.5,14,6,8,2817
42.5,14,6,9,2825
42.5,14,6,10,2834
42.5,14,6,11,2842
42.5,14,6,12,2851
42.5,14,6,13,2860
42.5,14,6,14,2868
42.5,14,6,15,2876
42.5,14,7,0,2755
42.5,14,7,1,2764
42.5,14,7,2,2773
42.5,14,7,3,2782
42.5,14,7,4,2791
42.5,14,7,5,2800
42.5,14,7,6,2808
42.5,14,7,7,2817
42.5,14,7,8,2826
42.5,14,7,9,2834
42.5,14,7,10,2843
42.5,14,7,11,2852
42.5,14,7,12,2860
42.5,14,7,13,2869
42.5,14,7,14,2877
42.5,14,7,15,2886
42.5,14,8,0,2764
42.5,14,8,1,2773
42.5,14,8,2,2782
42.5,14,8,3,2791
42.5,14,8,4,2800
42.5,14,8,5,2809
42.5,14,8,6,2817
42.5,14,8,7,2826
42.5,14,8,8,2835
42.5,14,8,9,2843
42.5,14,8,10,2852
42.5,14,8,11,2861
42.5,14,8,12,2869
42.5,14,8,13,2878
42.5,14,8,14,2886
42.5,14,8,15,2895
42.5,14,9,0,2773
42.5,14,9,1,2782
42.5,14,9,2,2791
42.5,14,9,3,2800
42.5,14,9,4,2809
42.5,14,9,5,2817
42.5,14,9,6,2826
42.5,14,9,7,2835
42.5,14,9,8,2844
42.5,14,9,9,2852
42.5,14,9,10,2861
42.5,14,9,11,2870
42.5,14,9,12,2878
42.5,14,9,13,2887
42.5,14,9,14,2896
42.5,14,9,15,2904
42.5,14,10,0,2782
42.5,14,10,1,2791
42.5,14,10,2,2800
42.5,14,10,3,2809
42.5,14,10,4,2818
42.5,14,10,5,2826
42.5,14,10,6,2835
42.5,14,10,7,2844
42.5,14,10,8,2853
42.5,14,10,9,2861
42.5,14,10,10,2870
42.5,14,10,11,2879
42.5,14,10,12,2888
42.5,14,10,13,2896
42.5,14,10,14,2905
42.5,14,10,15,2913
42.5,14,11,0,2791
42.5,14,11,1,2800
42.5,14,11,2,2809
42.5,14,11,3,2817
42.5,14,11,4,2826
42.5,14,11,5,2835
42.5,14,11,6,2844
42.5,14,11,7,2853
42.5,14,11,8,2862
42.5,14,11,9,2870
42.5,14,11,10,2879
42.5,14,11,11,2888
42.5,14,11,12,2897
42.5,14,11,13,2905
42.5,14,11,14,2914
42.5,14,11,15,2923
42.5,14,12,0,2799
42.5,14,12,1,2808
42.5,14,12,2,2817
42.5,14,12,3,2826
42.5,14,12,4,2835
42.5,14,12,5,2844
42.5,14,12,6,2853
42.5,14,12,7,2862
42.5,14,12,8,2871
42.5,14,12,9,2879
42.5,14,12,10,2888
42.5,14,12,11,2897
42.5,14,12,12,2906
42.5,14,12,13,2914
42.5,14,12,14,2923
42.5,14,12,15,2932
42.5,14,13,0,2808
42.5,14,13,1,2817
42.5,14,13,2,2826
42.5,14,13,3,2835
42.5,14,13,4,2844
42.5,14,13,5,2853
42.5,14,13,6,2862
42.5,14,13,7,2871
42.5,14,13,8,2880
42.5,14,13,9,2888
42.5,14,13,10,2897
42.5,14,13,11,2906
42.5,14,13,12,2915
42.5,14,13,13,2923
42.5,14,13,14,2932
42.5,14,13,15,2941
42.5,14,14,0,2817
42.5,14,14,1,2826
42.5,14,14,2,2835
42.5,14,14,3,2844
42.5,14,14,4,2853
42.5,14,14,5,2862
42.5,14,14,6,2871
42.5,14,14,7,2880
42.5,14,14,8,2888
42.5,14,14,9,2897
42.5,14,14,10,2906
42.5,14,14,11,2915
42.5,14,14,12,2924
42.5,14,14,13,2932
42.5,14,14,14,2941
42.5,14,14,15,2950
42.5,14,15,0,2825
42.5,14,15,1,2834
42.5,14,15,2,2843
42.5,14,15,3,2852
42.5,14,15,4,2861
42.5,14,15,5,2870
42.5,14,15,6,2879
42.5,14,15,7,2888
42.5,14,15,8,2897
42.5,14,15,9,2906
42.5,14,15,10,2915
42.5,14,15,11,2924
42.5,14,15,12,2933
42.5,14,15,13,2941
42.5,14,15,14,2950
42.5,14,15,15,2959
42.5,15,0,0,2703
42.5,15,0,1,2711
42.5,15,0,2,2720
42.5,15,0,3,2729
42.5,15,0,4,2737
42.5,15,0,5,2746
42.5,15,0,6,2755
42.5,15,0,7,2763
42.5,15,0,8,2772
42.5,15,0,9,2780
42.5,15,0,10,2789
42.5,15,0,11,2797
42.5,15,0,12,2805
42.5,15,0,13,2814
42.5,15,0,14,2822
42.5,15,0,15,2831
42.5,15,1,0,2712
42.5,15,1,1,2721
42.5,15,1,2,2729
42.5,15,1,3,2738
42.5,15,1,4,2747
42.5,15,1,5,2755
42.5,15,1,6,2764
42.5,15,1,7,2772
42.5,15,1,8,2781
42.5,15,1,9,2789
42.5,15,1,10,2798
42.5,15,1,11,2806
42.5,15,1,12,2815
42.5,15,1,13,2823
42.5,15,1,14,2832
42.5,15,1,15,2840
42.5,15,2,0,2721
42.5,15,2,1,2730
42.5,15,2,2,2738
42.5,15,2,3,2747
42.5,15,2,4,2756
42.5,15,2,5,2764
42.5,15,2,6,2773
42.5,15,2,7,2782
42.5,15,2,8,2790
42.5,15,2,9,2799
42.5,15,2,10,2807
42.5,15,2,11,2816
42.5,15,2,12,2824
42.5,15,2,13,2833
42.5,15,2,14,2841
42.5,15,2,15,2849
42.5,15,3,0,2730
42.5,15,3,1,2739
42.5,15,3,2,2747
42.5,15,3,3,2756
42.5,15,3,4,2765
42.5,15,3,5,2773
42.5,15,3,6,2782
42.5,15,3,7,2791
42.5,15,3,8,2799
42.5,15,3,9,2808
42.5,15,3,10,2817
42.5,15,3,11,2825
42.5,15,3,12,2834
42.5,15,3,13,2842
42.5,15,3,14,2850
42.5,15,3,15,2859
42.5,15,4,0,2739
42.5,15,4,1,2748
42.5,15,4,2,2756
42.5,15,4,3,2765
42.5,15,4,4,2774
42.5,15,4,5,2783
42.5,15,4,6,2791
42.5,15,4,7,2800
42.5,15,4,8,2809
42.5,15,4,9,2817
42.5,15,4,10,2826
42.5,15,4,11,2834
42.5,15,4,12,2843
42.5,15,4,13,2851
42.5,15,4,14,2860
42.5,15,4,15,2868
42.5,15,5,0,2748
42.5,15,5,1,2757
42.5,15,5,2,2765
42.5,15,5,3,2774
42.5,15,5,4,2783
42.5,15,5,5,2792
42.5,15,5,6,2800
42.5,15,5,7,2809
42.5,15,5,8,2818
42.5,15,5,9,2826
42.5,15,5,10,2835
42.5,15,5,11,2844
42.5,15,5,12,2852
42.5,15,5,13,2861
42.5,15,5,14,2869
42.5,15,5,15,2878
42.5,15,6,0,2757
42.5,15,6,1,2765
42.5,15,6,2,2774
42.5,15,6,3,2783
42.5,15,6,4,2792
42.5,15,6,5,2801
42.5,15,6,6,2809
42.5,15,6,7,2818
42.5,15,6,8,2827
42.5,15,6,9,2836
42.5,15,6,10,2844
42.5,15,6,11,2853
42.5,15,6,12,2861
42.5,15,6,13,2870
42.5,15,6,14,2878
42.5,15,6,15,2887
42.5,15,7,0,2765
42.5,15,7,1,2774
42.5,15,7,2,2783
42.5,15,7,3,2792
42.5,15,7,4,2801
42.5,15,7,5,2810
42.5,15,7,6,2819
42.5,15,7,7,2827
42.5,15,7,8,2836
42.5,15,7,9,2845
42.5,15,7,10,2853
42.5,15,7,11,2862
42.5,15,7,12,2871
42.5,15,7,13,2879
42.5,15,7,14,2888
42.5,15,7,15,2896
42.5,15,8,0,2774
42.5,15,8,1,2783
42.5,15,8,2,2792
42.5,15,8,3,2801
42.5,15,8,4,2810
42.5,15,8,5,2819
42.5,15,8,6,2828
42.5,15,8,7,2836
42.5,15,8,8,2845
42.5,15,8,9,2854
42.5,15,8,10,2862
42.5,15,8,11,2871
42.5,15,8,12,2880
42.5,15,8,13,2888
42.5,15,8,14,2897
42.5,15,8,15,2906
42.5,15,9,0,2783
42.5,15,9,1,2792
42.5,15,9,2,2801
42.5,15,9,3,2810
42.5,15,9,4,2819
42.5,15,9,5,2828
42.5,15,9,6,2837
42.5,15,9,7,2845
42.5,15,9,8,2854
42.5,15,9,9,2863
42.5,15,9,10,2872
42.5,15,9,11,2880
42.5,15,9,12,2889
42.5,15,9,13,2898
42.5,15,9,14,2906
42.5,15,9,15,2915
42.5,15,10,0,2792
42.5,15,10,1,2801
42.5,15,10,2,2810
42.5,15,10,3,2819
42.5,15,10,4,2828
42.5,15,10,5,2837
42.5,15,10,6,2846
42.5,15,10,7,2854
42.5,15,10,8,2863
42.5,15,10,9,2872
42.5,15,10,10,2881
42.5,15,10,11,2889
42.5,15,10,12,2898
42.5,15,10,13,2907
42.5,15,10,14,2915
42.5,15,10,15,2924
42.5,15,11,0,2801
42.5,15,11,1,2810
42.5,15,11,2,2819
42.5,15,11,3,2828
42.5,15,11,4,2837
42.5,15,11,5,2846
42.5,15,11,6,2854
42.5,15,11,7,2863
42.5,15,11,8,2872
42.5,15,11,9,2881
42.5,15,11,10,2890
42.5,15,11,11,2898
42.5,15,11,12,2907
42.5,15,11,13,2916
42.5,15,11,14,2925
42.5,15,11,15,2933
42.5,15,12,0,2809
42.5,15,12,1,2819
42.5,15,12,2,2828
42.5,15,12,3,2837
42.5,15,12,4,2846
42.5,15,12,5,2854
42.5,15,12,6,2863
42.5,15,12,7,2872
42.5,15,12,8,2881
42.5,15,12,9,2890
42.5,15,12,10,2899
42.5,15,12,11,2907
42.5,15,12,12,2916
42.5,15,12,13,2925
42.5,15,12,14,2934
42.5,15,12,15,2942
42.5,15,13,0,2818
42.5,15,13,1,2827
42.5,15,13,2,2836
42.5,15,13,3,2845
42.5,15,13,4,2854
42.5,15,13,5,2863
42.5,15,13,6,2872
42.5,15,13,7,2881
42.5,15,13,8,2890
42.5,15,13,9,2899
42.5,15,13,10,2908
42.5,15,13,11,2916
42.5,15,13,12,2925
42.5,15,13,13,2934
42.5,15,13,14,2943
42.5,15,13,15,2951
42.5,15,14,0,2827
42.5,15,14,1,2836
42.5,15,14,2,2845
42.5,15,14,3,2854
42.5,15,14,4,2863
42.5,15,14,5,2872
42.5,15,14,6,2881
42.5,15,14,7,2890
42.5,15,14,8,2899
42.5,15,14,9,2908
42.5,15,14,10,2917
42.5,15,14,11,2925
42.5,15,14,12,2934
42.5,15,14,13,2943
42.5,15,14,14,2952
42.5,15,14,15,2961
42.5,15,15,0,2836
42.5,15,15,1,2845
42.5,15,15,2,2854
42.5,15,15,3,2863
42.5,15,15,4,2872
42.5,15,15,5,2881
42.5,15,15,6,2890
42.5,15,15,7,2899
42.5,15,15,8,2908
42.5,15,15,9,2917
42.5,15,15,10,2926
42.5,15,15,11,2934
42.5,15,15,12,2943
42.5,15,15,13,2952
42.5,15,15,14,2961
42.5,15,15,15,2970
43.0,0,0,0,2572
43.0,0,0,1,2580
43.0,0,0,2,2588
43.0,0,0,3,2597
43.0,0,0,4,2605
43.0,0,0,5,2613
43.0,0,0,6,2621
43.0,0,0,7,2629
43.0,0,0,8,2637
43.0,0,0,9,2645
43.0,0,0,10,2653
43.0,0,0,11,2661
43.0,0,0,12,2669
43.0,0,0,13,2677
43.0,0,0,14,2685
43.0,0,0,15,2693
43.0,0,1,0,2580
43.0,0,1,1,2589
43.0,0,1,2,2597
43.0,0,1,3,2605
43.0,0,1,4,2613
43.0,0,1,5,2622
43.0,0,1,6,2630
43.0,0,1,7,2638
43.0,0,1,8,2646
43.0,0,1,9,2654
43.0,0,1,10,2662
43.0,0,1,11,2670
43.0,0,1,12,2678
43.0,0,1,13,2686
43.0,0,1,14,2694
43.0,0,1,15,2702
43.0,0,2,0,2589
43.0,0,2,1,2597
43.0,0,2,2,2606
43.0,0,2,3,2614
43.0,0,2,4,2622
43.0,0,2,5,2630
43.0,0,2,6,2639
43.0,0,2,7,2647
43.0,0,2,8,2655
43.0,0,2,9,2663
43.0,0,2,10,2671
43.0,0,2,11,2679
43.0,0,2,12,2687
43.0,0,2,13,2695
43.0,0,2,14,2703
43.0,0,2,15,2711
43.0,0,3,0,2598
43.0,0,3,1,2606
43.0,0,3,2,2614
43.0,0,3,3,2623
43.0,0,3,4,2631
43.0,0,3,5,2639
43.0,0,3,6,2647
43.0,0,3,7,2656
43.0,0,3,8,2664
43.0,0,3,9,2672
43.0,0,3,10,2680
43.0,0,3,11,2688
43.0,0,3,12,2696
43.0,0,3,13,2704
43.0,0,3,14,2712
43.0,0,3,15,2720
43.0,0,4,0,2606
43.0,0,4,1,2614
43.0,0,4,2,2623
43.0,0,4,3,2631
43.0,0,4,4,2639
43.0,0,4,5,2648
43.0,0,4,6,2656
43.0,0,4,7,2664
43.0,0,4,8,2672
43.0,0,4,9,2681
43.0,0,4,10,2689
43.0,0,4,11,2697
43.0,0,4,12,2705
43.0,0,4,13,2713
43.0,0,4,14,2721
43.0,0,4,15,2729
43.0,0,5,0,2615
43.0,0,5,1,2623
43.0,0,5,2,2631
43.0,0,5,3,2640
43.0,0,5,4,2648
43.0,0,5,5,2656
43.0,0,5,6,2665
43.0,0,5,7,2673
43.0,0,5,8,2681
43.0,0,5,9,2689
43.0,0,5,10,2698
43.0,0,5,11,2706
43.0,0,5,12,2714
43.0,0,5,13,2722
43.0,0,5,14,2730
43.0,0,5,15,2738
43.0,0,6,0,2623
43.0,0,6,1,2631
43.0,0,6,2,2640
43.0,0,6,3,2648
43.0,0,6,4,2657
43.0,0,6,5,2665
43.0,0,6,6,2673
43.0,0,6,7,2682
43.0,0,6,8,2690
43.0,0,6,9,2698
43.0,0,6,10,2706
43.0,0,6,11,2715
43.0,0,6,12,2723
43.0,0,6,13,2731
43.0,0,6,14,2739
43.0,0,6,15,2747
43.0,0,7,0,2631
43.0,0,7,1,2640
43.0,0,7,2,2648
43.0,0,7,3,2657
43.0,0,7,4,2665
43.0,0,7,5,2674
43.0,0,7,6,2682
43.0,0,7,7,2690
43.0,0,7,8,2699
43.0,0,7,9,2707
43.0,0,7,10,2715
43.0,0,7,11,2723
43.0,0,7,12,2731
43.0,0,7,13,2740
43.0,0,7,14,2748
43.0,0,7,15,2756
43.0,0,8,0,2640
43.0,0,8,1,2648
43.0,0,8,2,2657
43.0,0,8,3,2665
43.0,0,8,4,2674
43.0,0,8,5,2682
43.0,0,8,6,2691
43.0,0,8,7,2699
43.0,0,8,8,2707
43.0,0,8,9,2715
43.0,0,8,10,2724
43.0,0,8,11,2732
43.0,0,8,12,2740
43.0,0,8,13,2748
43.0,0,8,14,2757
43.0,0,8,15,2765
43.0,0,9,0,2648
43.0,0,9,1,2657
43.0,0,9,2,2665
43.0,0,9,3,2674
43.0,0,9,4,2682
43.0,0,9,5,2691
43.0,0,9,6,2699
43.0,0,9,7,2707
43.0,0,9,8,2716
43.0,0,9,9,2724
43.0,0,9,10,2732
43.0,0,9,11,2741
43.0,0,9,12,2749
43.0,0,9,13,2757
43.0,0,9,14,2765
43.0,0,9,15,2774
43.0,0,10,0,2657
43.0,0,10,1,2665
43.0,0,10,2,2674
43.0,0,10,3,2682
43.0,0,10,4,2691
43.0,0,10,5,2699
43.0,0,10,6,2708
43.0,0,10,7,2716
43.0,0,10,8,2724
43.0,0,10,9,2733
43.0,0,10,10,2741
43.0,0,10,11,2749
43.0,0,10,12,2758
43.0,0,10,13,2766
43.0,0,10,14,2774
43.0,0,10,15,2782
43.0,0,11,0,2665
43.0,0,11,1,2674
43.0,0,11,2,2682
43.0,0,11,3,2691
43.0,0,11,4,2699
43.0,0,11,5,2708
43.0,0,11,6,2716
43.0,0,11,7,2725
43.0,0,11,8,2733
43.0,0,11,9,2741
43.0,0,11,10,2750
43.0,0,11,11,2758
43.0,0,11,12,2766
43.0,0,11,13,2775
43.0,0,11,14,2783
43.0,0,11,15,2791
43.0,0,12,0,2673
43.0,0,12,1,2682
43.0,0,12,2,2691
43.0,0,12,3,2699
43.0,0,12,4,2708
43.0,0,12,5,2716
43.0,0,12,6,2725
43.0,0,12,7,2733
43.0,0,12,8,2741
43.0,0,12,9,2750
43.0,0,12,10,2758
43.0,0,12,11,2767
43.0,0,12,12,2775
43.0,0,12,13,2783
43.0,0,12,14,2791
43.0,0,12,15,2800
43.0,0,13,0,2682
43.0,0,13,1,2690
43.0,0,13,2,2699
43.0,0,13,3,2707
43.0,0,13,4,2716
43.0,0,13,5,2725
43.0,0,13,6,2733
43.0,0,13,7,2742
43.0,0,13,8,2750
43.0,0,13,9,2758
43.0,0,13,10,2767
43.0,0,13,11,2775
43.0,0,13,12,2784
43.0,0,13,13,2792
43.0,0,13,14,2800
43.0,0,13,15,2808
43.0,0,14,0,2690
43.0,0,14,1,2699
43.0,0,14,2,2707
43.0,0,14,3,2716
43.0,0,14,4,2724
43.0,0,14,5,2733
43.0,0,14,6,2741
43.0,0,14,7,2750
43.0,0,14,8,2758
43.0,0,14,9,2767
43.0,0,14,10,2775
43.0,0,14,11,2784
43.0,0,14,12,2792
43.0,0,14,13,2800
43.0,0,14,14,2809
43.0,0,14,15,2817
43.0,0,15,0,2698
43.0,0,15,1,2707
43.0,0,15,2,2715
43.0,0,15,3,2724
43.0,0,15,4,2733
43.0,0,15,5,2741
43.0,0,15,6,2750
43.0,0,15,7,2758
43.0,0,15,8,2767
43.0,0,15,9,2775
43.0,0,15,10,2784
43.0,0,15,11,2792
43.0,0,15,12,2801
43.0,0,15,13,2809
43.0,0,15,14,2817
43.0,0,15,15,2826
43.0,1,0,0,2582
43.0,1,0,1,2590
43.0,1,0,2,2598
43.0,1,0,3,2606
43.0,1,0,4,2615
43.0,1,0,5,2623
43.0,1,0,6,2631
43.0,1,0,7,2639
43.0,1,0,8,2647
43.0,1,0,9,2656
43.0,1,0,10,2664
43.0,1,0,11,2672
43.0,1,0,12,2680
43.0,1,0,13,2688
43.0,1,0,14,2696
43.0,1,0,15,2704
43.0,1,1,0,2590
43.0,1,1,1,2599
43.0,1,1,2,2607
43.0,1,1,3,2615
43.0,1,1,4,2623
43.0,1,1,5,2632
43.0,1,1,6,2640
43.0,1,1,7,2648
43.0,1,1,8,2656
43.0,1,1,9,2664
43.0,1,1,10,2673
43.0,1,1,11,2681
43.0,1,1,12,2689
43.0,1,1,13,2697
43.0,1,1,14,2705
43.0,1,1,15,2713
43.0,1,2,0,2599
43.0,1,2,1,2607
43.0,1,2,2,2616
43.0,1,2,3,2624
43.0,1,2,4,2632
43.0,1,2,5,2640
43.0,1,2,6,2649
43.0,1,2,7,2657
43.0,1,2,8,2665
43.0,1,2,9,2673
43.0,1,2,10,2681
43.0,1,2,11,2690
43.0,1,2,12,2698
43.0,1,2,13,2706
43.0,1,2,14,2714
43.0,1,2,15,2722
43.0,1,3,0,2607
43.0,1,3,1,2616
43.0,1,3,2,2624
43.0,1,3,3,2633
43.0,1,3,4,2641
43.0,1,3,5,2649
43.0,1,3,6,2657
43.0,1,3,7,2666
43.0,1,3,8,2674
43.0,1,3,9,2682
43.0,1,3,10,2690
43.0,1,3,11,2698
43.0,1,3,12,2707
43.0,1,3,13,2715
43.0,1,3,14,2723
43.0,1,3,15,2731
43.0,1,4,0,2616
43.0,1,4,1,2624
43.0,1,4,2,2633
43.0,1,4,3,2641
43.0,1,4,4,2650
43.0,1,4,5,2658
43.0,1,4,6,2666
43.0,1,4,7,2674
43.0,1,4,8,2683
43.0,1,4,9,2691
43.0,1,4,10,2699
43.0,1,4,11,2707
43.0,1,4,12,2715
43.0,1,4,13,2724
43.0,1,4,14,2732
43.0,1,4,15,2740
43.0,1,5,0,2625
43.0,1,5,1,2633
43.0,1,5,2,2641
43.0,1,5,3,2650
43.0,1,5,4,2658
43.0,1,5,5,2667
43.0,1,5,6,2675
43.0,1,5,7,2683
43.0,1,5,8,2691
43.0,1,5,9,2700
43.0,1,5,10,2708
43.0,1,5,11,2716
43.0,1,5,12,2724
43.0,1,5,13,2732
43.0,1,5,14,2741
43.0,1,5,15,2749
43.0,1,6,0,2633
43.0,1,6,1,2642
43.0,1,6,2,2650
43.0,1,6,3,2658
43.0,1,6,4,2667
43.0,1,6,5,2675
43.0,1,6,6,2684
43.0,1,6,7,2692
43.0,1,6,8,2700
43.0,1,6,9,2708
43.0,1,6,10,2717
43.0,1,6,11,2725
43.0,1,6,12,2733
43.0,1,6,13,2741
43.0,1,6,14,2749
43.0,1,6,15,2758
43.0,1,7,0,2642
43.0,1,7,1,2650
43.0,1,7,2,2659
43.0,1,7,3,2667
43.0,1,7,4,2675
43.0,1,7,5,2684
43.0,1,7,6,2692
43.0,1,7,7,2701
43.0,1,7,8,2709
43.0,1,7,9,2717
43.0,1,7,10,2725
43.0,1,7,11,2734
43.0,1,7,12,2742
43.0,1,7,13,2750
43.0,1,7,14,2758
43.0,1,7,15,2766
43.0,1,8,0,2650
43.0,1,8,1,2659
43.0,1,8,2,2667
43.0,1,8,3,2676
43.0,1,8,4,2684
43.0,1,8,5,2692
43.0,1,8,6,2701
43.0,1,8,7,2709
43.0,1,8,8,2718
43.0,1,8,9,2726
43.0,1,8,10,2734
43.0,1,8,11,2742
43.0,1,8,12,2751
43.0,1,8,13,2759
43.0,1,8,14,2767
43.0,1,8,15,2775
43.0,1,9,0,2658
43.0,1,9,1,2667
43.0,1,9,2,2676
43.0,1,9,3,2684
43.0,1,9,4,2693
43.0,1,9,5,2701
43.0,1,9,6,2709
43.0,1,9,7,2718
43.0,1,9,8,2726
43.0,1,9,9,2735
43.0,1,9,10,2743
43.0,1,9,11,2751
43.0,1,9,12,2759
43.0,1,9,13,2768
43.0,1,9,14,2776
43.0,1,9,15,2784
43.0,1,10,0,2667
43.0,1,10,1,2675
43.0,1,10,2,2684
43.0,1,10,3,2693
43.0,1,10,4,2701
43.0,1,10,5,2710
43.0,1,10,6,2718
43.0,1,10,7,2726
43.0,1,10,8,2735
43.0,1,10,9,2743
43.0,1,10,10,2752
43.0,1,10,11,2760
43.0,1,10,12,2768
43.0,1,10,13,2776
43.0,1,10,14,2785
43.0,1,10,15,2793
43.0,1,11,0,2675
43.0,1,11,1,2684
43.0,1,11,2,2692
43.0,1,11,3,2701
43.0,1,11,4,2710
43.0,1,11,5,2718
43.0,1,11,6,2727
43.0,1,11,7,2735
43.0,1,11,8,2743
43.0,1,11,9,2752
43.0,1,11,10,2760
43.0,1,11,11,2769
43.0,1,11,12,2777
43.0,1,11,13,2785
43.0,1,11,14,2793
43.0,1,11,15,2802
43.0,1,12,0,2684
43.0,1,12,1,2692
43.0,1,12,2,2701
43.0,1,12,3,2709
43.0,1,12,4,2718
43.0,1,12,5,2727
43.0,1,12,6,2735
43.0,1,12,7,2744
43.0,1,12,8,2752
43.0,1,12,9,2760
43.0,1,12,10,2769
43.0,1,12,11,2777
43.0,1,12,12,2786
43.0,1,12,13,2794
43.0,1,12,14,2802
43.0,1,12,15,2810
43.0,1,13,0,2692
43.0,1,13,1,2701
43.0,1,13,2,2709
43.0,1,13,3,2718
43.0,1,13,4,2726
43.0,1,13,5,2735
43.0,1,13,6,2744
43.0,1,13,7,2752
43.0,1,13,8,2761
43.0,1,13,9,2769
43.0,1,13,10,2777
43.0,1,13,11,2786
43.0,1,13,12,2794
43.0,1,13,13,2803
43.0,1,13,14,2811
43.0,1,13,15,2819
43.0,1,14,0,2700
43.0,1,14,1,2709
43.0,1,14,2,2718
43.0,1,14,3,2726
43.0,1,14,4,2735
43.0,1,14,5,2743
43.0,1,14,6,2752
43.0,1,14,7,2761
43.0,1,14,8,2769
43.0,1,14,9,2778
43.0,1,14,10,2786
43.0,1,14,11,2794
43.0,1,14,12,2803
43.0,1,14,13,2811
43.0,1,14,14,2820
43.0,1,14,15,2828
43.0,1,15,0,2708
43.0,1,15,1,2717
43.0,1,15,2,2726
43.0,1,15,3,2735
43.0,1,15,4,2743
43.0,1,15,5,2752
43.0,1,15,6,2760
43.0,1,15,7,2769
43.0,1,15,8,2778
43.0,1,15,9,2786
43.0,1,15,10,2794
43.0,1,15,11,2803
43.0,1,15,12,2811
43.0,1,15,13,2820
43.0,1,15,14,2828
43.0,1,15,15,2837
43.0,2,0,0,2591
43.0,2,0,1,2600
43.0,2,0,2,2608
43.0,2,0,3,2616
43.0,2,0,4,2625
43.0,2,0,5,2633
43.0,2,0,6,2641
43.0,2,0,7,2649
43.0,2,0,8,2658
43.0,2,0,9,2666
43.0,2,0,10,2674
43.0,2,0,11,2682
43.0,2,0,12,2690
43.0,2,0,13,2698
43.0,2,0,14,2706
43.0,2,0,15,2714
43.0,2,1,0,2600
43.0,2,1,1,2609
43.0,2,1,2,2617
43.0,2,1,3,2625
43.0,2,1,4,2633
43.0,2,1,5,2642
43.0,2,1,6,2650
43.0,2,1,7,2658
43.0,2,1,8,2666
43.0,2,1,9,2675
43.0,2,1,10,2683
43.0,2,1,11,2691
43.0,2,1,12,2699
43.0,2,1,13,2707
43.0,2,1,14,2715
43.0,2,1,15,2723
43.0,2,2,0,2609
43.0,2,2,1,2617
43.0,2,2,2,2626
43.0,2,2,3,2634
43.0,2,2,4,2642
43.0,2,2,5,2651
43.0,2,2,6,2659
43.0,2,2,7,2667
43.0,2,2,8,2675
43.0,2,2,9,2683
43.0,2,2,10,2692
43.0,2,2,11,2700
43.0,2,2,12,2708
43.0,2,2,13,2716
43.0,2,2,14,2724
43.0,2,2,15,2732
43.0,2,3,0,2617
43.0,2,3,1,2626
43.0,2,3,2,2634
43.0,2,3,3,2643
43.0,2,3,4,2651
43.0,2,3,5,2659
43.0,2,3,6,2668
43.0,2,3,7,2676
43.0,2,3,8,2684
43.0,2,3,9,2692
43.0,2,3,10,2701
43.0,2,3,11,2709
43.0,2,3,12,2717
43.0,2,3,13,2725
43.0,2,3,14,2733
43.0,2,3,15,2741
43.0,2,4,0,2626
43.0,2,4,1,2634
43.0,2,4,2,2643
43.0,2,4,3,2651
43.0,2,4,4,2660
43.0,2,4,5,2668
43.0,2,4,6,2676
43.0,2,4,7,2685
43.0,2,4,8,2693
43.0,2,4,9,2701
43.0,2,4,10,2709
43.0,2,4,11,2718
43.0,2,4,12,2726
43.0,2,4,13,2734
43.0,2,4,14,2742
43.0,2,4,15,2750
43.0,2,5,0,2635
43.0,2,5,1,2643
43.0,2,5,2,2652
43.0,2,5,3,2660
43.0,2,5,4,2668
43.0,2,5,5,2677
43.0,2,5,6,2685
43.0,2,5,7,2693
43.0,2,5,8,2702
43.0,2,5,9,2710
43.0,2,5,10,2718
43.0,2,5,11,2727
43.0,2,5,12,2735
43.0,2,5,13,2743
43.0,2,5,14,2751
43.0,2,5,15,2759
43.0,2,6,0,2643
43.0,2,6,1,2652
43.0,2,6,2,2660
43.0,2,6,3,2669
43.0,2,6,4,2677
43.0,2,6,5,2685
43.0,2,6,6,2694
43.0,2,6,7,2702
43.0,2,6,8,2711
43.0,2,6,9,2719
43.0,2,6,10,2727
43.0,2,6,11,2735
43.0,2,6,12,2744
43.0,2,6,13,2752
43.0,2,6,14,2760
43.0,2,6,15,2768
43.0,2,7,0,2652
43.0,2,7,1,2660
43.0,2,7,2,2669
43.0,2,7,3,2677
43.0,2,7,4,2686
43.0,2,7,5,2694
43.0,2,7,6,2703
43.0,2,7,7,2711
43.0,2,7,8,2719
43.0,2,7,9,2728
43.0,2,7,10,2736
43.0,2,7,11,2744
43.0,2,7,12,2752
43.0,2,7,13,2761
43.0,2,7,14,2769
43.0,2,7,15,2777
43.0,2,8,0,2660
43.0,2,8,1,2669
43.0,2,8,2,2677
43.0,2,8,3,2686
43.0,2,8,4,2694
43.0,2,8,5,2703
43.0,2,8,6,2711
43.0,2,8,7,2720
43.0,2,8,8,2728
43.0,2,8,9,2736
43.0,2,8,10,2745
43.0,2,8,11,2753
43.0,2,8,12,2761
43.0,2,8,13,2769
43.0,2,8,14,2778
43.0,2,8,15,2786
43.0,2,9,0,2669
43.0,2,9,1,2677
43.0,2,9,2,2686
43.0,2,9,3,2694
43.0,2,9,4,2703
43.0,2,9,5,2711
43.0,2,9,6,2720
43.0,2,9,7,2728
43.0,2,9,8,2737
43.0,2,9,9,2745
43.0,2,9,10,2753
43.0,2,9,11,2762
43.0,2,9,12,2770
43.0,2,9,13,2778
43.0,2,9,14,2787
43.0,2,9,15,2795
43.0,2,10,0,2677
43.0,2,10,1,2686
43.0,2,10,2,2694
43.0,2,10,3,2703
43.0,2,10,4,2711
43.0,2,10,5,2720
43.0,2,10,6,2728
43.0,2,10,7,2737
43.0,2,10,8,2745
43.0,2,10,9,2754
43.0,2,10,10,2762
43.0,2,10,11,2770
43.0,2,10,12,2779
43.0,2,10,13,2787
43.0,2,10,14,2795
43.0,2,10,15,2804
43.0,2,11,0,2685
43.0,2,11,1,2694
43.0,2,11,2,2703
43.0,2,11,3,2711
43.0,2,11,4,2720
43.0,2,11,5,2728
43.0,2,11,6,2737
43.0,2,11,7,2745
43.0,2,11,8,2754
43.0,2,11,9,2762
43.0,2,11,10,2771
43.0,2,11,11,2779
43.0,2,11,12,2787
43.0,2,11,13,2796
43.0,2,11,14,2804
43.0,2,11,15,2812
43.0,2,12,0,2694
43.0,2,12,1,2703
43.0,2,12,2,2711
43.0,2,12,3,2720
43.0,2,12,4,2728
43.0,2,12,5,2737
43.0,2,12,6,2745
43.0,2,12,7,2754
43.0,2,12,8,2762
43.0,2,12,9,2771
43.0,2,12,10,2779
43.0,2,12,11,2788
43.0,2,12,12,2796
43.0,2,12,13,2805
43.0,2,12,14,2813
43.0,2,12,15,2821
43.0,2,13,0,2702
43.0,2,13,1,2711
43.0,2,13,2,2720
43.0,2,13,3,2728
43.0,2,13,4,2737
43.0,2,13,5,2745
43.0,2,13,6,2754
43.0,2,13,7,2763
43.0,2,13,8,2771
43.0,2,13,9,2780
43.0,2,13,10,2788
43.0,2,13,11,2796
43.0,2,13,12,2805
43.0,2,13,13,2813
43.0,2,13,14,2822
43.0,2,13,15,2830
43.0,2,14,0,2711
43.0,2,14,1,2719
43.0,2,14,2,2728
43.0,2,14,3,2737
43.0,2,14,4,2745
43.0,2,14,5,2754
43.0,2,14,6,2762
43.0,2,14,7,2771
43.0,2,14,8,2780
43.0,2,14,9,2788
43.0,2,14,10,2797
43.0,2,14,11,2805
43.0,2,14,12,2813
43.0,2,14,13,2822
43.0,2,14,14,2830
43.0,2,14,15,2839
43.0,2,15,0,2719
43.0,2,15,1,2728
43.0,2,15,2,2736
43.0,2,15,3,2745
43.0,2,15,4,2754
43.0,2,15,5,2762
43.0,2,15,6,2771
43.0,2,15,7,2780
43.0,2,15,8,2788
43.0,2,15,9,2797
43.0,2,15,10,2805
43.0,2,15,11,2814
43.0,2,15,12,2822
43.0,2,15,13,2831
43.0,2,15,14,2839
43.0,2,15,15,2847
43.0,3,0,0,2601
43.0,3,0,1,2610
43.0,3,0,2,2618
43.0,3,0,3,2626
43.0,3,0,4,2635
43.0,3,0,5,2643
43.0,3,0,6,2651
43.0,3,0,7,2659
43.0,3,0,8,2668
43.0,3,0,9,2676
43.0,3,0,10,2684
43.0,3,0,11,2692
43.0,3,0,12,2700
43.0,3,0,13,2708
43.0,3,0,14,2716
43.0,3,0,15,2724
43.0,3,1,0,2610
43.0,3,1,1,2618
43.0,3,1,2,2627
43.0,3,1,3,2635
43.0,3,1,4,2644
43.0,3,1,5,2652
43.0,3,1,6,2660
43.0,3,1,7,2668
43.0,3,1,8,2677
43.0,3,1,9,2685
43.0,3,1,10,2693
43.0,3,1,11,2701
43.0,3,1,12,2709
43.0,3,1,13,2717
43.0,3,1,14,2725
43.0,3,1,15,2733
43.0,3,2,0,2619
43.0,3,2,1,2627
43.0,3,2,2,2636
43.0,3,2,3,2644
43.0,3,2,4,2652
43.0,3,2,5,2661
43.0,3,2,6,2669
43.0,3,2,7,2677
43.0,3,2,8,2685
43.0,3,2,9,2694
43.0,3,2,10,2702
43.0,3,2,11,2710
43.0,3,2,12,2718
43.0,3,2,13,2726
43.0,3,2,14,2734
43.0,3,2,15,2743
43.0,3,3,0,2627
43.0,3,3,1,2636
43.0,3,3,2,2644
43.0,3,3,3,2653
43.0,3,3,4,2661
43.0,3,3,5,2669
43.0,3,3,6,2678
43.0,3,3,7,2686
43.0,3,3,8,2694
43.0,3,3,9,2703
43.0,3,3,10,2711
43.0,3,3,11,2719
43.0,3,3,12,2727
43.0,3,3,13,2735
43.0,3,3,14,2744
43.0,3,3,15,2752
43.0,3,4,0,2636
43.0,3,4,1,2645
43.0,3,4,2,2653
43.0,3,4,3,2661
43.0,3,4,4,2670
43.0,3,4,5,2678
43.0,3,4,6,2687
43.0,3,4,7,2695
43.0,3,4,8,2703
43.0,3,4,9,2711
43.0,3,4,10,2720
43.0,3,4,11,2728
43.0,3,4,12,2736
43.0,3,4,13,2744
43.0,3,4,14,2753
43.0,3,4,15,2761
43.0,3,5,0,2645
43.0,3,5,1,2653
43.0,3,5,2,2662
43.0,3,5,3,2670
43.0,3,5,4,2679
43.0,3,5,5,2687
43.0,3,5,6,2695
43.0,3,5,7,2704
43.0,3,5,8,2712
43.0,3,5,9,2720
43.0,3,5,10,2729
43.0,3,5,11,2737
43.0,3,5,12,2745
43.0,3,5,13,2753
43.0,3,5,14,2761
43.0,3,5,15,2770
43.0,3,6,0,2653
43.0,3,6,1,2662
43.0,3,6,2,2670
43.0,3,6,3,2679
43.0,3,6,4,2687
43.0,3,6,5,2696
43.0,3,6,6,2704
43.0,3,6,7,2712
43.0,3,6,8,2721
43.0,3,6,9,2729
43.0,3,6,10,2737
43.0,3,6,11,2746
43.0,3,6,12,2754
43.0,3,6,13,2762
43.0,3,6,14,2770
43.0,3,6,15,2779
43.0,3,7,0,2662
43.0,3,7,1,2670
43.0,3,7,2,2679
43.0,3,7,3,2687
43.0,3,7,4,2696
43.0,3,7,5,2704
43.0,3,7,6,2713
43.0,3,7,7,2721
43.0,3,7,8,2730
43.0,3,7,9,2738
43.0,3,7,10,2746
43.0,3,7,11,2755
43.0,3,7,12,2763
43.0,3,7,13,2771
43.0,3,7,14,2779
43.0,3,7,15,2788
43.0,3,8,0,2670
43.0,3,8,1,2679
43.0,3,8,2,2687
43.0,3,8,3,2696
43.0,3,8,4,2705
43.0,3,8,5,2713
43.0,3,8,6,2721
43.0,3,8,7,2730
43.0,3,8,8,2738
43.0,3,8,9,2747
43.0,3,8,10,2755
43.0,3,8,11,2763
43.0,3,8,12,2772
43.0,3,8,13,2780
43.0,3,8,14,2788
43.0,3,8,15,2797
43.0,3,9,0,2679
43.0,3,9,1,2687
43.0,3,9,2,2696
43.0,3,9,3,2705
43.0,3,9,4,2713
43.0,3,9,5,2722
43.0,3,9,6,2730
43.0,3,9,7,2739
43.0,3,9,8,2747
43.0,3,9,9,2755
43.0,3,9,10,2764
43.0,3,9,11,2772
43.0,3,9,12,2781
43.0,3,9,13,2789
43.0,3,9,14,2797
43.0,3,9,15,2805
43.0,3,10,0,2687
43.0,3,10,1,2696
43.0,3,10,2,2705
43.0,3,10,3,2713
43.0,3,10,4,2722
43.0,3,10,5,2730
43.0,3,10,6,2739
43.0,3,10,7,2747
43.0,3,10,8,2756
43.0,3,10,9,2764
43.0,3,10,10,2773
43.0,3,10,11,2781
43.0,3,10,12,2789
43.0,3,10,13,2798
43.0,3,10,14,2806
43.0,3,10,15,2814
43.0,3,11,0,2696
43.0,3,11,1,2704
43.0,3,11,2,2713
43.0,3,11,3,2722
43.0,3,11,4,2730
43.0,3,11,5,2739
43.0,3,11,6,2747
43.0,3,11,7,2756
43.0,3,11,8,2764
43.0,3,11,9,2773
43.0,3,11,10,2781
43.0,3,11,11,2790
43.0,3,11,12,2798
43.0,3,11,13,2806
43.0,3,11,14,2815
43.0,3,11,15,2823
43.0,3,12,0,2704
43.0,3,12,1,2713
43.0,3,12,2,2721
43.0,3,12,3,2730
43.0,3,12,4,2739
43.0,3,12,5,2747
43.0,3,12,6,2756
43.0,3,12,7,2764
43.0,3,12,8,2773
43.0,3,12,9,2781
43.0,3,12,10,2790
43.0,3,12,11,2798
43.0,3,12,12,2807
43.0,3,12,13,2815
43.0,3,12,14,2824
43.0,3,12,15,2832
43.0,3,13,0,2712
43.0,3,13,1,2721
43.0,3,13,2,2730
43.0,3,13,3,2739
43.0,3,13,4,2747
43.0,3,13,5,2756
43.0,3,13,6,2764
43.0,3,13,7,2773
43.0,3,13,8,2782
43.0,3,13,9,2790
43.0,3,13,10,2799
43.0,3,13,11,2807
43.0,3,13,12,2816
43.0,3,13,13,2824
43.0,3,13,14,2832
43.0,3,13,15,2841
43.0,3,14,0,2721
43.0,3,14,1,2730
43.0,3,14,2,2738
43.0,3,14,3,2747
43.0,3,14,4,2756
43.0,3,14,5,2764
43.0,3,14,6,2773
43.0,3,14,7,2782
43.0,3,14,8,2790
43.0,3,14,9,2799
43.0,3,14,10,2807
43.0,3,14,11,2816
43.0,3,14,12,2824
43.0,3,14,13,2833
43.0,3,14,14,2841
43.0,3,14,15,2849
43.0,3,15,0,2729
43.0,3,15,1,2738
43.0,3,15,2,2747
43.0,3,15,3,2755
43.0,3,15,4,2764
43.0,3,15,5,2773
43.0,3,15,6,2781
43.0,3,15,7,2790
43.0,3,15,8,2799
43.0,3,15,9,2807
43.0,3,15,10,2816
43.0,3,15,11,2824
43.0,3,15,12,2833
43.0,3,15,13,2841
43.0,3,15,14,2850
43.0,3,15,15,2858
43.0,4,0,0,2611
43.0,4,0,1,2620
43.0,4,0,2,2628
43.0,4,0,3,2636
43.0,4,0,4,2645
43.0,4,0,5,2653
43.0,4,0,6,2661
43.0,4,0,7,2670
43.0,4,0,8,2678
43.0,4,0,9,2686
43.0,4,0,10,2694
43.0,4,0,11,2702
43.0,4,0,12,2710
43.0,4,0,13,2718
43.0,4,0,14,2727
43.0,4,0,15,2735
43.0,4,1,0,2620
43.0,4,1,1,2628
43.0,4,1,2,2637
43.0,4,1,3,2645
43.0,4,1,4,2654
43.0,4,1,5,2662
43.0,4,1,6,2670
43.0,4,1,7,2678
43.0,4,1,8,2687
43.0,4,1,9,2695
43.0,4,1,10,2703
43.0,4,1,11,2711
43.0,4,1,12,2719
43.0,4,1,13,2728
43.0,4,1,14,2736
43.0,4,1,15,2744
43.0,4,2,0,2629
43.0,4,2,1,2637
43.0,4,2,2,2646
43.0,4,2,3,2654
43.0,4,2,4,2662
43.0,4,2,5,2671
43.0,4,2,6,2679
43.0,4,2,7,2687
43.0,4,2,8,2696
43.0,4,2,9,2704
43.0,4,2,10,2712
43.0,4,2,11,2720
43.0,4,2,12,2729
43.0,4,2,13,2737
43.0,4,2,14,2745
43.0,4,2,15,2753
43.0,4,3,0,2637
43.0,4,3,1,2646
43.0,4,3,2,2654
43.0,4,3,3,2663
43.0,4,3,4,2671
43.0,4,3,5,2680
43.0,4,3,6,2688
43.0,4,3,7,2696
43.0,4,3,8,2705
43.0,4,3,9,2713
43.0,4,3,10,2721
43.0,4,3,11,2729
43.0,4,3,12,2738
43.0,4,3,13,2746
43.0,4,3,14,2754
43.0,4,3,15,2762
43.0,4,4,0,2646
43.0,4,4,1,2655
43.0,4,4,2,2663
43.0,4,4,3,2671
43.0,4,4,4,2680
43.0,4,4,5,2688
43.0,4,4,6,2697
43.0,4,4,7,2705
43.0,4,4,8,2713
43.0,4,4,9,2722
43.0,4,4,10,2730
43.0,4,4,11,2738
43.0,4,4,12,2747
43.0,4,4,13,2755
43.0,4,4,14,2763
43.0,4,4,15,2771
43.0,4,5,0,2655
43.0,4,5,1,2663
43.0,4,5,2,2672
43.0,4,5,3,2680
43.0,4,5,4,2689
43.0,4,5,5,2697
43.0,4,5,6,2706
43.0,4,5,7,2714
43.0,4,5,8,2722
43.0,4,5,9,2731
43.0,4,5,10,2739
43.0,4,5,11,2747
43.0,4,5,12,2756
43.0,4,5,13,2764
43.0,4,5,14,2772
43.0,4,5,15,2780
43.0,4,6,0,2663
43.0,4,6,1,2672
43.0,4,6,2,2680
43.0,4,6,3,2689
43.0,4,6,4,2697
43.0,4,6,5,2706
43.0,4,6,6,2714
43.0,4,6,7,2723
43.0,4,6,8,2731
43.0,4,6,9,2739
43.0,4,6,10,2748
43.0,4,6,11,2756
43.0,4,6,12,2764
43.0,4,6,13,2773
43.0,4,6,14,2781
43.0,4,6,15,2789
43.0,4,7,0,2672
43.0,4,7,1,2680
43.0,4,7,2,2689
43.0,4,7,3,2698
43.0,4,7,4,2706
43.0,4,7,5,2715
43.0,4,7,6,2723
43.0,4,7,7,2732
43.0,4,7,8,2740
43.0,4,7,9,2748
43.0,4,7,10,2757
43.0,4,7,11,2765
43.0,4,7,12,2773
43.0,4,7,13,2782
43.0,4,7,14,2790
43.0,4,7,15,2798
43.0,4,8,0,2680
43.0,4,8,1,2689
43.0,4,8,2,2698
43.0,4,8,3,2706
43.0,4,8,4,2715
43.0,4,8,5,2723
43.0,4,8,6,2732
43.0,4,8,7,2740
43.0,4,8,8,2749
43.0,4,8,9,2757
43.0,4,8,10,2766
43.0,4,8,11,2774
43.0,4,8,12,2782
43.0,4,8,13,2791
43.0,4,8,14,2799
43.0,4,8,15,2807
43.0,4,9,0,2689
43.0,4,9,1,2698
43.0,4,9,2,2706
43.0,4,9,3,2715
43.0,4,9,4,2723
43.0,4,9,5,2732
43.0,4,9,6,2740
43.0,4,9,7,2749
43.0,4,9,8,2757
43.0,4,9,9,2766
43.0,4,9,10,2774
43.0,4,9,11,2783
43.0,4,9,12,2791
43.0,4,9,13,2799
43.0,4,9,14,2808
43.0,4,9,15,2816
43.0,4,10,0,2697
43.0,4,10,1,2706
43.0,4,10,2,2715
43.0,4,10,3,2723
43.0,4,10,4,2732
43.0,4,10,5,2741
43.0,4,10,6,2749
43.0,4,10,7,2758
43.0,4,10,8,2766
43.0,4,10,9,2775
43.0,4,10,10,2783
43.0,4,10,11,2791
43.0,4,10,12,2800
43.0,4,10,13,2808
43.0,4,10,14,2817
43.0,4,10,15,2825
43.0,4,11,0,2706
43.0,4,11,1,2715
43.0,4,11,2,2723
43.0,4,11,3,2732
43.0,4,11,4,2741
43.0,4,11,5,2749
43.0,4,11,6,2758
43.0,4,11,7,2766
43.0,4,11,8,2775
43.0,4,11,9,2783
43.0,4,11,10,2792
43.0,4,11,11,2800
43.0,4,11,12,2809
43.0,4,11,13,2817
43.0,4,11,14,2825
43.0,4,11,15,2834
43.0,4,12,0,2714
43.0,4,12,1,2723
43.0,4,12,2,2732
43.0,4,12,3,2740
43.0,4,12,4,2749
43.0,4,12,5,2758
43.0,4,12,6,2766
43.0,4,12,7,2775
43.0,4,12,8,2783
43.0,4,12,9,2792
43.0,4,12,10,2801
43.0,4,12,11,2809
43.0,4,12,12,2817
43.0,4,12,13,2826
43.0,4,12,14,2834
43.0,4,12,15,2843
43.0,4,13,0,2723
43.0,4,13,1,2732
43.0,4,13,2,2740
43.0,4,13,3,2749
43.0,4,13,4,2758
43.0,4,13,5,2766
43.0,4,13,6,2775
43.0,4,13,7,2784
43.0,4,13,8,2792
43.0,4,13,9,2801
43.0,4,13,10,2809
43.0,4,13,11,2818
43.0,4,13,12,2826
43.0,4,13,13,2835
43.0,4,13,14,2843
43.0,4,13,15,2851
43.0,4,14,0,2731
43.0,4,14,1,2740
43.0,4,14,2,2749
43.0,4,14,3,2757
43.0,4,14,4,2766
43.0,4,14,5,2775
43.0,4,14,6,2783
43.0,4,14,7,2792
43.0,4,14,8,2801
43.0,4,14,9,2809
43.0,4,14,10,2818
43.0,4,14,11,2826
43.0,4,14,12,2835
43.0,4,14,13,2843
43.0,4,14,14,2852
43.0,4,14,15,2860
43.0,4,15,0,2739
43.0,4,15,1,2748
43.0,4,15,2,2757
43.0,4,15,3,2766
43.0,4,15,4,2775
43.0,4,15,5,2783
43.0,4,15,6,2792
43.0,4,15,7,2801
43.0,4,15,8,2809
43.0,4,15,9,2818
43.0,4,15,10,2826
43.0,4,15,11,2835
43.0,4,15,12,2844
43.0,4,15,13,2852
43.0,4,15,14,2861
43.0,4,15,15,2869
43.0,5,0,0,2621
43.0,5,0,1,2629
43.0,5,0,2,2638
43.0,5,0,3,2646
43.0,5,0,4,2655
43.0,5,0,5,2663
43.0,5,0,6,2671
43.0,5,0,7,2680
43.0,5,0,8,2688
43.0,5,0,9,2696
43.0,5,0,10,2704
43.0,5,0,11,2712
43.0,5,0,12,2721
43.0,5,0,13,2729
43.0,5,0,14,2737
43.0,5,0,15,2745
43.0,5,1,0,2630
43.0,5,1,1,2638
43.0,5,1,2,2647
43.0,5,1,3,2655
43.0,5,1,4,2664
43.0,5,1,5,2672
43.0,5,1,6,2680
43.0,5,1,7,2689
43.0,5,1,8,2697
43.0,5,1,9,2705
43.0,5,1,10,2713
43.0,5,1,11,2722
43.0,5,1,12,2730
43.0,5,1,13,2738
43.0,5,1,14,2746
43.0,5,1,15,2754
43.0,5,2,0,2639
43.0,5,2,1,2647
43.0,5,2,2,2656
43.0,5,2,3,2664
43.0,5,2,4,2672
43.0,5,2,5,2681
43.0,5,2,6,2689
43.0,5,2,7,2698
43.0,5,2,8,2706
43.0,5,2,9,2714
43.0,5,2,10,2722
43.0,5,2,11,2731
43.0,5,2,12,2739
43.0,5,2,13,2747
43.0,5,2,14,2755
43.0,5,2,15,2763
43.0,5,3,0,2647
43.0,5,3,1,2656
43.0,5,3,2,2664
43.0,5,3,3,2673
43.0,5,3,4,2681
43.0,5,3,5,2690
43.0,5,3,6,2698
43.0,5,3,7,2706
43.0,5,3,8,2715
43.0,5,3,9,2723
43.0,5,3,10,2731
43.0,5,3,11,2740
43.0,5,3,12,2748
43.0,5,3,13,2756
43.0,5,3,14,2764
43.0,5,3,15,2772
43.0,5,4,0,2656
43.0,5,4,1,2665
43.0,5,4,2,2673
43.0,5,4,3,2682
43.0,5,4,4,2690
43.0,5,4,5,2698
43.0,5,4,6,2707
43.0,5,4,7,2715
43.0,5,4,8,2724
43.0,5,4,9,2732
43.0,5,4,10,2740
43.0,5,4,11,2749
43.0,5,4,12,2757
43.0,5,4,13,2765
43.0,5,4,14,2773
43.0,5,4,15,2782
43.0,5,5,0,2665
43.0,5,5,1,2673
43.0,5,5,2,2682
43.0,5,5,3,2690
43.0,5,5,4,2699
43.0,5,5,5,2707
43.0,5,5,6,2716
43.0,5,5,7,2724
43.0,5,5,8,2733
43.0,5,5,9,2741
43.0,5,5,10,2749
43.0,5,5,11,2758
43.0,5,5,12,2766
43.0,5,5,13,2774
43.0,5,5,14,2782
43.0,5,5,15,2791
43.0,5,6,0,2673
43.0,5,6,1,2682
43.0,5,6,2,2690
43.0,5,6,3,2699
43.0,5,6,4,2708
43.0,5,6,5,2716
43.0,5,6,6,2725
43.0,5,6,7,2733
43.0,5,6,8,2741
43.0,5,6,9,2750
43.0,5,6,10,2758
43.0,5,6,11,2767
43.0,5,6,12,2775
43.0,5,6,13,2783
43.0,5,6,14,2791
43.0,5,6,15,2800
43.0,5,7,0,2682
43.0,5,7,1,2691
43.0,5,7,2,2699
43.0,5,7,3,2708
43.0,5,7,4,2716
43.0,5,7,5,2725
43.0,5,7,6,2733
43.0,5,7,7,2742
43.0,5,7,8,2750
43.0,5,7,9,2759
43.0,5,7,10,2767
43.0,5,7,11,2775
43.0,5,7,12,2784
43.0,5,7,13,2792
43.0,5,7,14,2800
43.0,5,7,15,2809
43.0,5,8,0,2690
43.0,5,8,1,2699
43.0,5,8,2,2708
43.0,5,8,3,2716
43.0,5,8,4,2725
43.0,5,8,5,2734
43.0,5,8,6,2742
43.0,5,8,7,2751
43.0,5,8,8,2759
43.0,5,8,9,2768
43.0,5,8,10,2776
43.0,5,8,11,2784
43.0,5,8,12,2793
43.0,5,8,13,2801
43.0,5,8,14,2809
43.0,5,8,15,2818
43.0,5,9,0,2699
43.0,5,9,1,2708
43.0,5,9,2,2716
43.0,5,9,3,2725
43.0,5,9,4,2734
43.0,5,9,5,2742
43.0,5,9,6,2751
43.0,5,9,7,2759
43.0,5,9,8,2768
43.0,5,9,9,2776
43.0,5,9,10,2785
43.0,5,9,11,2793
43.0,5,9,12,2802
43.0,5,9,13,2810
43.0,5,9,14,2818
43.0,5,9,15,2827
43.0,5,10,0,2708
43.0,5,10,1,2716
43.0,5,10,2,2725
43.0,5,10,3,2734
43.0,5,10,4,2742
43.0,5,10,5,2751
43.0,5,10,6,2759
43.0,5,10,7,2768
43.0,5,10,8,2777
43.0,5,10,9,2785
43.0,5,10,10,2794
43.0,5,10,11,2802
43.0,5,10,12,2810
43.0,5,10,13,2819
43.0,5,10,14,2827
43.0,5,10,15,2836
43.0,5,11,0,2716
43.0,5,11,1,2725
43.0,5,11,2,2734
43.0,5,11,3,2742
43.0,5,11,4,2751
43.0,5,11,5,2760
43.0,5,11,6,2768
43.0,5,11,7,2777
43.0,5,11,8,2785
43.0,5,11,9,2794
43.0,5,11,10,2802
43.0,5,11,11,2811
43.0,5,11,12,2819
43.0,5,11,13,2828
43.0,5,11,14,2836
43.0,5,11,15,2844
43.0,5,12,0,2725
43.0,5,12,1,2733
43.0,5,12,2,2742
43.0,5,12,3,2751
43.0,5,12,4,2759
43.0,5,12,5,2768
43.0,5,12,6,2777
43.0,5,12,7,2785
43.0,5,12,8,2794
43.0,5,12,9,2803
43.0,5,12,10,2811
43.0,5,12,11,2820
43.0,5,12,12,2828
43.0,5,12,13,2837
43.0,5,12,14,2845
43.0,5,12,15,2853
43.0,5,13,0,2733
43.0,5,13,1,2742
43.0,5,13,2,2751
43.0,5,13,3,2759
43.0,5,13,4,2768
43.0,5,13,5,2777
43.0,5,13,6,2785
43.0,5,13,7,2794
43.0,5,13,8,2803
43.0,5,13,9,2811
43.0,5,13,10,2820
43.0,5,13,11,2828
43.0,5,13,12,2837
43.0,5,13,13,2845
43.0,5,13,14,2854
43.0,5,13,15,2862
43.0,5,14,0,2741
43.0,5,14,1,2750
43.0,5,14,2,2759
43.0,5,14,3,2768
43.0,5,14,4,2777
43.0,5,14,5,2785
43.0,5,14,6,2794
43.0,5,14,7,2803
43.0,5,14,8,2811
43.0,5,14,9,2820
43.0,5,14,10,2828
43.0,5,14,11,2837
43.0,5,14,12,2846
43.0,5,14,13,2854
43.0,5,14,14,2863
43.0,5,14,15,2871
43.0,5,15,0,2750
43.0,5,15,1,2759
43.0,5,15,2,2768
43.0,5,15,3,2776
43.0,5,15,4,2785
43.0,5,15,5,2794
43.0,5,15,6,2803
43.0,5,15,7,2811
43.0,5,15,8,2820
43.0,5,15,9,2829
43.0,5,15,10,2837
43.0,5,15,11,2846
43.0,5,15,12,2854
43.0,5,15,13,2863
43.0,5,15,14,2871
43.0,5,15,15,2880
43.0,6,0,0,2631
43.0,6,0,1,2639
43.0,6,0,2,2648
43.0,6,0,3,2656
43.0,6,0,4,2665
43.0,6,0,5,2673
43.0,6,0,6,2681
43.0,6,0,7,2690
43.0,6,0,8,2698
43.0,6,0,9,2706
43.0,6,0,10,2714
43.0,6,0,11,2723
43.0,6,0,12,2731
43.0,6,0,13,2739
43.0,6,0,14,2747
43.0,6,0,15,2755
43.0,6,1,0,2640
43.0,6,1,1,2648
43.0,6,1,2,2657
43.0,6,1,3,2665
43.0,6,1,4,2674
43.0,6,1,5,2682
43.0,6,1,6,2690
43.0,6,1,7,2699
43.0,6,1,8,2707
43.0,6,1,9,2715
43.0,6,1,10,2724
43.0,6,1,11,2732
43.0,6,1,12,2740
43.0,6,1,13,2748
43.0,6,1,14,2756
43.0,6,1,15,2765
43.0,6,2,0,2648
43.0,6,2,1,2657
43.0,6,2,2,2666
43.0,6,2,3,2674
43.0,6,2,4,2682
43.0,6,2,5,2691
43.0,6,2,6,2699
43.0,6,2,7,2708
43.0,6,2,8,2716
43.0,6,2,9,2724
43.0,6,2,10,2733
43.0,6,2,11,2741
43.0,6,2,12,2749
43.0,6,2,13,2757
43.0,6,2,14,2766
43.0,6,2,15,2774
43.0,6,3,0,2657
43.0,6,3,1,2666
43.0,6,3,2,2674
43.0,6,3,3,2683
43.0,6,3,4,2691
43.0,6,3,5,2700
43.0,6,3,6,2708
43.0,6,3,7,2717
43.0,6,3,8,2725
43.0,6,3,9,2733
43.0,6,3,10,2742
43.0,6,3,11,2750
43.0,6,3,12,2758
43.0,6,3,13,2766
43.0,6,3,14,2775
43.0,6,3,15,2783
43.0,6,4,0,2666
43.0,6,4,1,2675
43.0,6,4,2,2683
43.0,6,4,3,2692
43.0,6,4,4,2700
43.0,6,4,5,2709
43.0,6,4,6,2717
43.0,6,4,7,2726
43.0,6,4,8,2734
43.0,6,4,9,2742
43.0,6,4,10,2751
43.0,6,4,11,2759
43.0,6,4,12,2767
43.0,6,4,13,2776
43.0,6,4,14,2784
43.0,6,4,15,2792
43.0,6,5,0,2675
43.0,6,5,1,2683
43.0,6,5,2,2692
43.0,6,5,3,2700
43.0,6,5,4,2709
43.0,6,5,5,2717
43.0,6,5,6,2726
43.0,6,5,7,2734
43.0,6,5,8,2743
43.0,6,5,9,2751
43.0,6,5,10,2760
43.0,6,5,11,2768
43.0,6,5,12,2776
43.0,6,5,13,2785
43.0,6,5,14,2793
43.0,6,5,15,2801
43.0,6,6,0,2683
43.0,6,6,1,2692
43.0,6,6,2,2701
43.0,6,6,3,2709
43.0,6,6,4,2718
43.0,6,6,5,2726
43.0,6,6,6,2735
43.0,6,6,7,2743
43.0,6,6,8,2752
43.0,6,6,9,2760
43.0,6,6,10,2769
43.0,6,6,11,2777
43.0,6,6,12,2785
43.0,6,6,13,2794
43.0,6,6,14,2802
43.0,6,6,15,2810
43.0,6,7,0,2692
43.0,6,7,1,2701
43.0,6,7,2,2709
43.0,6,7,3,2718
43.0,6,7,4,2727
43.0,6,7,5,2735
43.0,6,7,6,2744
43.0,6,7,7,2752
43.0,6,7,8,2761
43.0,6,7,9,2769
43.0,6,7,10,2777
43.0,6,7,11,2786
43.0,6,7,12,2794
43.0,6,7,13,2803
43.0,6,7,14,2811
43.0,6,7,15,2819
43.0,6,8,0,2701
43.0,6,8,1,2709
43.0,6,8,2,2718
43.0,6,8,3,2727
43.0,6,8,4,2735
43.0,6,8,5,2744
43.0,6,8,6,2752
43.0,6,8,7,2761
43.0,6,8,8,2769
43.0,6,8,9,2778
43.0,6,8,10,2786
43.0,6,8,11,2795
43.0,6,8,12,2803
43.0,6,8,13,2812
43.0,6,8,14,2820
43.0,6,8,15,2828
43.0,6,9,0,2709
43.0,6,9,1,2718
43.0,6,9,2,2727
43.0,6,9,3,2735
43.0,6,9,4,2744
43.0,6,9,5,2753
43.0,6,9,6,2761
43.0,6,9,7,2770
43.0,6,9,8,2778
43.0,6,9,9,2787
43.0,6,9,10,2795
43.0,6,9,11,2804
43.0,6,9,12,2812
43.0,6,9,13,2821
43.0,6,9,14,2829
43.0,6,9,15,2837
43.0,6,10,0,2718
43.0,6,10,1,2727
43.0,6,10,2,2735
43.0,6,10,3,2744
43.0,6,10,4,2753
43.0,6,10,5,2761
43.0,6,10,6,2770
43.0,6,10,7,2778
43.0,6,10,8,2787
43.0,6,10,9,2796
43.0,6,10,10,2804
43.0,6,10,11,2813
43.0,6,10,12,2821
43.0,6,10,13,2829
43.0,6,10,14,2838
43.0,6,10,15,2846
43.0,6,11,0,2726
43.0,6,11,1,2735
43.0,6,11,2,2744
43.0,6,11,3,2753
43.0,6,11,4,2761
43.0,6,11,5,2770
43.0,6,11,6,2779
43.0,6,11,7,2787
43.0,6,11,8,2796
43.0,6,11,9,2804
43.0,6,11,10,2813
43.0,6,11,11,2821
43.0,6,11,12,2830
43.0,6,11,13,2838
43.0,6,11,14,2847
43.0,6,11,15,2855
43.0,6,12,0,2735
43.0,6,12,1,2744
43.0,6,12,2,2752
43.0,6,12,3,2761
43.0,6,12,4,2770
43.0,6,12,5,2779
43.0,6,12,6,2787
43.0,6,12,7,2796
43.0,6,12,8,2805
43.0,6,12,9,2813
43.0,6,12,10,2822
43.0,6,12,11,2830
43.0,6,12,12,2839
43.0,6,12,13,2847
43.0,6,12,14,2856
43.0,6,12,15,2864
43.0,6,13,0,2743
43.0,6,13,1,2752
43.0,6,13,2,2761
43.0,6,13,3,2770
43.0,6,13,4,2778
43.0,6,13,5,2787
43.0,6,13,6,2796
43.0,6,13,7,2805
43.0,6,13,8,2813
43.0,6,13,9,2822
43.0,6,13,10,2830
43.0,6,13,11,2839
43.0,6,13,12,2848
43.0,6,13,13,2856
43.0,6,13,14,2865
43.0,6,13,15,2873
43.0,6,14,0,2752
43.0,6,14,1,2761
43.0,6,14,2,2769
43.0,6,14,3,2778
43.0,6,14,4,2787
43.0,6,14,5,2796
43.0,6,14,6,2805
43.0,6,14,7,2813
43.0,6,14,8,2822
43.0,6,14,9,2831
43.0,6,14,10,2839
43.0,6,14,11,2848
43.0,6,14,12,2856
43.0,6,14,13,2865
43.0,6,14,14,2873
43.0,6,14,15,2882
43.0,6,15,0,2760
43.0,6,15,1,2769
43.0,6,15,2,2778
43.0,6,15,3,2787
43.0,6,15,4,2796
43.0,6,15,5,2804
43.0,6,15,6,2813
43.0,6,15,7,2822
43.0,6,15,8,2831
43.0,6,15,9,2839
43.0,6,15,10,2848
43.0,6,15,11,2856
43.0,6,15,12,2865
43.0,6,15,13,2874
43.0,6,15,14,2882
43.0,6,15,15,2891
43.0,7,0,0,2641
43.0,7,0,1,2649
43.0,7,0,2,2658
43.0,7,0,3,2666
43.0,7,0,4,2675
43.0,7,0,5,2683
43.0,7,0,6,2691
43.0,7,0,7,2700
43.0,7,0,8,2708
43.0,7,0,9,2716
43.0,7,0,10,2725
43.0,7,0,11,2733
43.0,7,0,12,2741
43.0,7,0,13,2749
43.0,7,0,14,2757
43.0,7,0,15,2766
43.0,7,1,0,2650
43.0,7,1,1,2658
43.0,7,1,2,2667
43.0,7,1,3,2675
43.0,7,1,4,2684
43.0,7,1,5,2692
43.0,7,1,6,2700
43.0,7,1,7,2709
43.0,7,1,8,2717
43.0,7,1,9,2725
43.0,7,1,10,2734
43.0,7,1,11,2742
43.0,7,1,12,2750
43.0,7,1,13,2758
43.0,7,1,14,2767
43.0,7,1,15,2775
43.0,7,2,0,2658
43.0,7,2,1,2667
43.0,7,2,2,2676
43.0,7,2,3,2684
43.0,7,2,4,2693
43.0,7,2,5,2701
43.0,7,2,6,2709
43.0,7,2,7,2718
43.0,7,2,8,2726
43.0,7,2,9,2735
43.0,7,2,10,2743
43.0,7,2,11,2751
43.0,7,2,12,2759
43.0,7,2,13,2768
43.0,7,2,14,2776
43.0,7,2,15,2784
43.0,7,3,0,2667
43.0,7,3,1,2676
43.0,7,3,2,2684
43.0,7,3,3,2693
43.0,7,3,4,2701
43.0,7,3,5,2710
43.0,7,3,6,2718
43.0,7,3,7,2727
43.0,7,3,8,2735
43.0,7,3,9,2744
43.0,7,3,10,2752
43.0,7,3,11,2760
43.0,7,3,12,2769
43.0,7,3,13,2777
43.0,7,3,14,2785
43.0,7,3,15,2793
43.0,7,4,0,2676
43.0,7,4,1,2685
43.0,7,4,2,2693
43.0,7,4,3,2702
43.0,7,4,4,2710
43.0,7,4,5,2719
43.0,7,4,6,2727
43.0,7,4,7,2736
43.0,7,4,8,2744
43.0,7,4,9,2753
43.0,7,4,10,2761
43.0,7,4,11,2769
43.0,7,4,12,2778
43.0,7,4,13,2786
43.0,7,4,14,2794
43.0,7,4,15,2802
43.0,7,5,0,2685
43.0,7,5,1,2693
43.0,7,5,2,2702
43.0,7,5,3,2711
43.0,7,5,4,2719
43.0,7,5,5,2728
43.0,7,5,6,2736
43.0,7,5,7,2745
43.0,7,5,8,2753
43.0,7,5,9,2762
43.0,7,5,10,2770
43.0,7,5,11,2778
43.0,7,5,12,2787
43.0,7,5,13,2795
43.0,7,5,14,2803
43.0,7,5,15,2812
43.0,7,6,0,2693
43.0,7,6,1,2702
43.0,7,6,2,2711
43.0,7,6,3,2719
43.0,7,6,4,2728
43.0,7,6,5,2737
43.0,7,6,6,2745
43.0,7,6,7,2754
43.0,7,6,8,2762
43.0,7,6,9,2771
43.0,7,6,10,2779
43.0,7,6,11,2787
43.0,7,6,12,2796
43.0,7,6,13,2804
43.0,7,6,14,2812
43.0,7,6,15,2821
43.0,7,7,0,2702
43.0,7,7,1,2711
43.0,7,7,2,2719
43.0,7,7,3,2728
43.0,7,7,4,2737
43.0,7,7,5,2745
43.0,7,7,6,2754
43.0,7,7,7,2762
43.0,7,7,8,2771
43.0,7,7,9,2779
43.0,7,7,10,2788
43.0,7,7,11,2796
43.0,7,7,12,2805
43.0,7,7,13,2813
43.0,7,7,14,2821
43.0,7,7,15,2830
43.0,7,8,0,2711
43.0,7,8,1,2719
43.0,7,8,2,2728
43.0,7,8,3,2737
43.0,7,8,4,2745
43.0,7,8,5,2754
43.0,7,8,6,2763
43.0,7,8,7,2771
43.0,7,8,8,2780
43.0,7,8,9,2788
43.0,7,8,10,2797
43.0,7,8,11,2805
43.0,7,8,12,2814
43.0,7,8,13,2822
43.0,7,8,14,2831
43.0,7,8,15,2839
43.0,7,9,0,2719
43.0,7,9,1,2728
43.0,7,9,2,2737
43.0,7,9,3,2746
43.0,7,9,4,2754
43.0,7,9,5,2763
43.0,7,9,6,2771
43.0,7,9,7,2780
43.0,7,9,8,2789
43.0,7,9,9,2797
43.0,7,9,10,2806
43.0,7,9,11,2814
43.0,7,9,12,2823
43.0,7,9,13,2831
43.0,7,9,14,2840
43.0,7,9,15,2848
43.0,7,10,0,2728
43.0,7,10,1,2737
43.0,7,10,2,2745
43.0,7,10,3,2754
43.0,7,10,4,2763
43.0,7,10,5,2772
43.0,7,10,6,2780
43.0,7,10,7,2789
43.0,7,10,8,2797
43.0,7,10,9,2806
43.0,7,10,10,2815
43.0,7,10,11,2823
43.0,7,10,12,2832
43.0,7,10,13,2840
43.0,7,10,14,2848
43.0,7,10,15,2857
43.0,7,11,0,2737
43.0,7,11,1,2745
43.0,7,11,2,2754
43.0,7,11,3,2763
43.0,7,11,4,2772
43.0,7,11,5,2780
43.0,7,11,6,2789
43.0,7,11,7,2798
43.0,7,11,8,2806
43.0,7,11,9,2815
43.0,7,11,10,2823
43.0,7,11,11,2832
43.0,7,11,12,2840
43.0,7,11,13,2849
43.0,7,11,14,2857
43.0,7,11,15,2866
43.0,7,12,0,2745
43.0,7,12,1,2754
43.0,7,12,2,2763
43.0,7,12,3,2771
43.0,7,12,4,2780
43.0,7,12,5,2789
43.0,7,12,6,2798
43.0,7,12,7,2806
43.0,7,12,8,2815
43.0,7,12,9,2824
43.0,7,12,10,2832
43.0,7,12,11,2841
43.0,7,12,12,2849
43.0,7,12,13,2858
43.0,7,12,14,2866
43.0,7,12,15,2875
43.0,7,13,0,2754
43.0,7,13,1,2762
43.0,7,13,2,2771
43.0,7,13,3,2780
43.0,7,13,4,2789
43.0,7,13,5,2798
43.0,7,13,6,2806
43.0,7,13,7,2815
43.0,7,13,8,2824
43.0,7,13,9,2832
43.0,7,13,10,2841
43.0,7,13,11,2850
43.0,7,13,12,2858
43.0,7,13,13,2867
43.0,7,13,14,2875
43.0,7,13,15,2884
43.0,7,14,0,2762
43.0,7,14,1,2771
43.0,7,14,2,2780
43.0,7,14,3,2789
43.0,7,14,4,2797
43.0,7,14,5,2806
43.0,7,14,6,2815
43.0,7,14,7,2824
43.0,7,14,8,2832
43.0,7,14,9,2841
43.0,7,14,10,2850
43.0,7,14,11,2858
43.0,7,14,12,2867
43.0,7,14,13,2876
43.0,7,14,14,2884
43.0,7,14,15,2893
43.0,7,15,0,2771
43.0,7,15,1,2779
43.0,7,15,2,2788
43.0,7,15,3,2797
43.0,7,15,4,2806
43.0,7,15,5,2815
43.0,7,15,6,2824
43.0,7,15,7,2832
43.0,7,15,8,2841
43.0,7,15,9,2850
43.0,7,15,10,2858
43.0,7,15,11,2867
43.0,7,15,12,2876
43.0,7,15,13,2884
43.0,7,15,14,2893
43.0,7,15,15,2901
43.0,8,0,0,2651
43.0,8,0,1,2659
43.0,8,0,2,2668
43.0,8,0,3,2676
43.0,8,0,4,2685
43.0,8,0,5,2693
43.0,8,0,6,2701
43.0,8,0,7,2710
43.0,8,0,8,2718
43.0,8,0,9,2726
43.0,8,0,10,2735
43.0,8,0,11,2743
43.0,8,0,12,2751
43.0,8,0,13,2760
43.0,8,0,14,2768
43.0,8,0,15,2776
43.0,8,1,0,2659
43.0,8,1,1,2668
43.0,8,1,2,2677
43.0,8,1,3,2685
43.0,8,1,4,2694
43.0,8,1,5,2702
43.0,8,1,6,2710
43.0,8,1,7,2719
43.0,8,1,8,2727
43.0,8,1,9,2736
43.0,8,1,10,2744
43.0,8,1,11,2752
43.0,8,1,12,2761
43.0,8,1,13,2769
43.0,8,1,14,2777
43.0,8,1,15,2785
43.0,8,2,0,2668
43.0,8,2,1,2677
43.0,8,2,2,2685
43.0,8,2,3,2694
43.0,8,2,4,2703
43.0,8,2,5,2711
43.0,8,2,6,2720
43.0,8,2,7,2728
43.0,8,2,8,2736
43.0,8,2,9,2745
43.0,8,2,10,2753
43.0,8,2,11,2761
43.0,8,2,12,2770
43.0,8,2,13,2778
43.0,8,2,14,2786
43.0,8,2,15,2794
43.0,8,3,0,2677
43.0,8,3,1,2686
43.0,8,3,2,2694
43.0,8,3,3,2703
43.0,8,3,4,2711
43.0,8,3,5,2720
43.0,8,3,6,2728
43.0,8,3,7,2737
43.0,8,3,8,2745
43.0,8,3,9,2754
43.0,8,3,10,2762
43.0,8,3,11,2771
43.0,8,3,12,2779
43.0,8,3,13,2787
43.0,8,3,14,2795
43.0,8,3,15,2804
43.0,8,4,0,2686
43.0,8,4,1,2695
43.0,8,4,2,2703
43.0,8,4,3,2712
43.0,8,4,4,2720
43.0,8,4,5,2729
43.0,8,4,6,2737
43.0,8,4,7,2746
43.0,8,4,8,2754
43.0,8,4,9,2763
43.0,8,4,10,2771
43.0,8,4,11,2780
43.0,8,4,12,2788
43.0,8,4,13,2796
43.0,8,4,14,2805
43.0,8,4,15,2813
43.0,8,5,0,2695
43.0,8,5,1,2703
43.0,8,5,2,2712
43.0,8,5,3,2721
43.0,8,5,4,2729
43.0,8,5,5,2738
43.0,8,5,6,2746
43.0,8,5,7,2755
43.0,8,5,8,2763
43.0,8,5,9,2772
43.0,8,5,10,2780
43.0,8,5,11,2789
43.0,8,5,12,2797
43.0,8,5,13,2805
43.0,8,5,14,2814
43.0,8,5,15,2822
43.0,8,6,0,2703
43.0,8,6,1,2712
43.0,8,6,2,2721
43.0,8,6,3,2729
43.0,8,6,4,2738
43.0,8,6,5,2747
43.0,8,6,6,2755
43.0,8,6,7,2764
43.0,8,6,8,2772
43.0,8,6,9,2781
43.0,8,6,10,2789
43.0,8,6,11,2798
43.0,8,6,12,2806
43.0,8,6,13,2815
43.0,8,6,14,2823
43.0,8,6,15,2831
43.0,8,7,0,2712
43.0,8,7,1,2721
43.0,8,7,2,2730
43.0,8,7,3,2738
43.0,8,7,4,2747
43.0,8,7,5,2756
43.0,8,7,6,2764
43.0,8,7,7,2773
43.0,8,7,8,2781
43.0,8,7,9,2790
43.0,8,7,10,2798
43.0,8,7,11,2807
43.0,8,7,12,2815
43.0,8,7,13,2824
43.0,8,7,14,2832
43.0,8,7,15,2840
43.0,8,8,0,2721
43.0,8,8,1,2730
43.0,8,8,2,2738
43.0,8,8,3,2747
43.0,8,8,4,2756
43.0,8,8,5,2764
43.0,8,8,6,2773
43.0,8,8,7,2782
43.0,8,8,8,2790
43.0,8,8,9,2799
43.0,8,8,10,2807
43.0,8,8,11,2816
43.0,8,8,12,2824
43.0,8,8,13,2833
43.0,8,8,14,2841
43.0,8,8,15,2849
43.0,8,9,0,2729
43.0,8,9,1,2738
43.0,8,9,2,2747
43.0,8,9,3,2756
43.0,8,9,4,2764
43.0,8,9,5,2773
43.0,8,9,6,2782
43.0,8,9,7,2790
43.0,8,9,8,2799
43.0,8,9,9,2808
43.0,8,9,10,2816
43.0,8,9,11,2825
43.0,8,9,12,2833
43.0,8,9,13,2842
43.0,8,9,14,2850
43.0,8,9,15,2859
43.0,8,10,0,2738
43.0,8,10,1,2747
43.0,8,10,2,2756
43.0,8,10,3,2764
43.0,8,10,4,2773
43.0,8,10,5,2782
43.0,8,10,6,2791
43.0,8,10,7,2799
43.0,8,10,8,2808
43.0,8,10,9,2817
43.0,8,10,10,2825
43.0,8,10,11,2834
43.0,8,10,12,2842
43.0,8,10,13,2851
43.0,8,10,14,2859
43.0,8,10,15,2868
43.0,8,11,0,2747
43.0,8,11,1,2756
43.0,8,11,2,2764
43.0,8,11,3,2773
43.0,8,11,4,2782
43.0,8,11,5,2791
43.0,8,11,6,2799
43.0,8,11,7,2808
43.0,8,11,8,2817
43.0,8,11,9,2825
43.0,8,11,10,2834
43.0,8,11,11,2843
43.0,8,11,12,2851
43.0,8,11,13,2860
43.0,8,11,14,2868
43.0,8,11,15,2877
43.0,8,12,0,2755
43.0,8,12,1,2764
43.0,8,12,2,2773
43.0,8,12,3,2782
43.0,8,12,4,2791
43.0,8,12,5,2799
43.0,8,12,6,2808
43.0,8,12,7,2817
43.0,8,12,8,2826
43.0,8,12,9,2834
43.0,8,12,10,2843
43.0,8,12,11,2851
43.0,8,12,12,2860
43.0,8,12,13,2869
43.0,8,12,14,2877
43.0,8,12,15,2886
43.0,8,13,0,2764
43.0,8,13,1,2773
43.0,8,13,2,2782
43.0,8,13,3,2790
43.0,8,13,4,2799
43.0,8,13,5,2808
43.0,8,13,6,2817
43.0,8,13,7,2826
43.0,8,13,8,2834
43.0,8,13,9,2843
43.0,8,13,10,2852
43.0,8,13,11,2860
43.0,8,13,12,2869
43.0,8,13,13,2877
43.0,8,13,14,2886
43.0,8,13,15,2895
43.0,8,14,0,2772
43.0,8,14,1,2781
43.0,8,14,2,2790
43.0,8,14,3,2799
43.0,8,14,4,2808
43.0,8,14,5,2817
43.0,8,14,6,2826
43.0,8,14,7,2834
43.0,8,14,8,2843
43.0,8,14,9,2852
43.0,8,14,10,2860
43.0,8,14,11,2869
43.0,8,14,12,2878
43.0,8,14,13,2886
43.0,8,14,14,2895
43.0,8,14,15,2903
43.0,8,15,0,2781
43.0,8,15,1,2790
43.0,8,15,2,2799
43.0,8,15,3,2808
43.0,8,15,4,2817
43.0,8,15,5,2825
43.0,8,15,6,2834
43.0,8,15,7,2843
43.0,8,15,8,2852
43.0,8,15,9,2860
43.0,8,15,10,2869
43.0,8,15,11,2878
43.0,8,15,12,2887
43.0,8,15,13,2895
43.0,8,15,14,2904
43.0,8,15,15,2912
43.0,9,0,0,2660
43.0,9,0,1,2669
43.0,9,0,2,2678
43.0,9,0,3,2686
43.0,9,0,4,2695
43.0,9,0,5,2703
43.0,9,0,6,2711
43.0,9,0,7,2720
43.0,9,0,8,2728
43.0,9,0,9,2737
43.0,9,0,10,2745
43.0,9,0,11,2753
43.0,9,0,12,2762
43.0,9,0,13,2770
43.0,9,0,14,2778
43.0,9,0,15,2786
43.0,9,1,0,2669
43.0,9,1,1,2678
43.0,9,1,2,2687
43.0,9,1,3,2695
43.0,9,1,4,2704
43.0,9,1,5,2712
43.0,9,1,6,2721
43.0,9,1,7,2729
43.0,9,1,8,2737
43.0,9,1,9,2746
43.0,9,1,10,2754
43.0,9,1,11,2762
43.0,9,1,12,2771
43.0,9,1,13,2779
43.0,9,1,14,2787
43.0,9,1,15,2796
43.0,9,2,0,2678
43.0,9,2,1,2687
43.0,9,2,2,2695
43.0,9,2,3,2704
43.0,9,2,4,2713
43.0,9,2,5,2721
43.0,9,2,6,2730
43.0,9,2,7,2738
43.0,9,2,8,2747
43.0,9,2,9,2755
43.0,9,2,10,2763
43.0,9,2,11,2772
43.0,9,2,12,2780
43.0,9,2,13,2788
43.0,9,2,14,2797
43.0,9,2,15,2805
43.0,9,3,0,2687
43.0,9,3,1,2696
43.0,9,3,2,2704
43.0,9,3,3,2713
43.0,9,3,4,2722
43.0,9,3,5,2730
43.0,9,3,6,2739
43.0,9,3,7,2747
43.0,9,3,8,2756
43.0,9,3,9,2764
43.0,9,3,10,2772
43.0,9,3,11,2781
43.0,9,3,12,2789
43.0,9,3,13,2798
43.0,9,3,14,2806
43.0,9,3,15,2814
43.0,9,4,0,2696
43.0,9,4,1,2705
43.0,9,4,2,2713
43.0,9,4,3,2722
43.0,9,4,4,2731
43.0,9,4,5,2739
43.0,9,4,6,2748
43.0,9,4,7,2756
43.0,9,4,8,2765
43.0,9,4,9,2773
43.0,9,4,10,2782
43.0,9,4,11,2790
43.0,9,4,12,2798
43.0,9,4,13,2807
43.0,9,4,14,2815
43.0,9,4,15,2823
43.0,9,5,0,2705
43.0,9,5,1,2713
43.0,9,5,2,2722
43.0,9,5,3,2731
43.0,9,5,4,2739
43.0,9,5,5,2748
43.0,9,5,6,2757
43.0,9,5,7,2765
43.0,9,5,8,2774
43.0,9,5,9,2782
43.0,9,5,10,2791
43.0,9,5,11,2799
43.0,9,5,12,2808
43.0,9,5,13,2816
43.0,9,5,14,2824
43.0,9,5,15,2833
43.0,9,6,0,2714
43.0,9,6,1,2722
43.0,9,6,2,2731
43.0,9,6,3,2740
43.0,9,6,4,2748
43.0,9,6,5,2757
43.0,9,6,6,2766
43.0,9,6,7,2774
43.0,9,6,8,2783
43.0,9,6,9,2791
43.0,9,6,10,2800
43.0,9,6,11,2808
43.0,9,6,12,2817
43.0,9,6,13,2825
43.0,9,6,14,2833
43.0,9,6,15,2842
43.0,9,7,0,2722
43.0,9,7,1,2731
43.0,9,7,2,2740
43.0,9,7,3,2748
43.0,9,7,4,2757
43.0,9,7,5,2766
43.0,9,7,6,2774
43.0,9,7,7,2783
43.0,9,7,8,2792
43.0,9,7,9,2800
43.0,9,7,10,2809
43.0,9,7,11,2817
43.0,9,7,12,2826
43.0,9,7,13,2834
43.0,9,7,14,2843
43.0,9,7,15,2851
43.0,9,8,0,2731
43.0,9,8,1,2740
43.0,9,8,2,2749
43.0,9,8,3,2757
43.0,9,8,4,2766
43.0,9,8,5,2775
43.0,9,8,6,2783
43.0,9,8,7,2792
43.0,9,8,8,2801
43.0,9,8,9,2809
43.0,9,8,10,2818
43.0,9,8,11,2826
43.0,9,8,12,2835
43.0,9,8,13,2843
43.0,9,8,14,2852
43.0,9,8,15,2860
43.0,9,9,0,2740
43.0,9,9,1,2748
43.0,9,9,2,2757
43.0,9,9,3,2766
43.0,9,9,4,2775
43.0,9,9,5,2783
43.0,9,9,6,2792
43.0,9,9,7,2801
43.0,9,9,8,2809
43.0,9,9,9,2818
43.0,9,9,10,2827
43.0,9,9,11,2835
43.0,9,9,12,2844
43.0,9,9,13,2852
43.0,9,9,14,2861
43.0,9,9,15,2869
43.0,9,10,0,2748
43.0,9,10,1,2757
43.0,9,10,2,2766
43.0,9,10,3,2775
43.0,9,10,4,2784
43.0,9,10,5,2792
43.0,9,10,6,2801
43.0,9,10,7,2810
43.0,9,10,8,2818
43.0,9,10,9,2827
43.0,9,10,10,2836
43.0,9,10,11,2844
43.0,9,10,12,2853
43.0,9,10,13,2861
43.0,9,10,14,2870
43.0,9,10,15,2878
43.0,9,11,0,2757
43.0,9,11,1,2766
43.0,9,11,2,2775
43.0,9,11,3,2783
43.0,9,11,4,2792
43.0,9,11,5,2801
43.0,9,11,6,2810
43.0,9,11,7,2819
43.0,9,11,8,2827
43.0,9,11,9,2836
43.0,9,11,10,2844
43.0,9,11,11,2853
43.0,9,11,12,2862
43.0,9,11,13,2870
43.0,9,11,14,2879
43.0,9,11,15,2887
43.0,9,12,0,2766
43.0,9,12,1,2774
43.0,9,12,2,2783
43.0,9,12,3,2792
43.0,9,12,4,2801
43.0,9,12,5,2810
43.0,9,12,6,2819
43.0,9,12,7,2827
43.0,9,12,8,2836
43.0,9,12,9,2845
43.0,9,12,10,2853
43.0,9,12,11,2862
43.0,9,12,12,2871
43.0,9,12,13,2879
43.0,9,12,14,2888
43.0,9,12,15,2896
43.0,9,13,0,2774
43.0,9,13,1,2783
43.0,9,13,2,2792
43.0,9,13,3,2801
43.0,9,13,4,2810
43.0,9,13,5,2819
43.0,9,13,6,2827
43.0,9,13,7,2836
43.0,9,13,8,2845
43.0,9,13,9,2854
43.0,9,13,10,2862
43.0,9,13,11,2871
43.0,9,13,12,2880
43.0,9,13,13,2888
43.0,9,13,14,2897
43.0,9,13,15,2905
43.0,9,14,0,2783
43.0,9,14,1,2792
43.0,9,14,2,2801
43.0,9,14,3,2809
43.0,9,14,4,2818
43.0,9,14,5,2827
43.0,9,14,6,2836
43.0,9,14,7,2845
43.0,9,14,8,2854
43.0,9,14,9,2862
43.0,9,14,10,2871
43.0,9,14,11,2880
43.0,9,14,12,2888
43.0,9,14,13,2897
43.0,9,14,14,2906
43.0,9,14,15,2914
43.0,9,15,0,2791
43.0,9,15,1,2800
43.0,9,15,2,2809
43.0,9,15,3,2818
43.0,9,15,4,2827
43.0,9,15,5,2836
43.0,9,15,6,2845
43.0,9,15,7,2854
43.0,9,15,8,2862
43.0,9,15,9,2871
43.0,9,15,10,2880
43.0,9,15,11,2889
43.0,9,15,12,2897
43.0,9,15,13,2906
43.0,9,15,14,2915
43.0,9,15,15,2923
43.0,10,0,0,2670
43.0,10,0,1,2679
43.0,10,0,2,2687
43.0,10,0,3,2696
43.0,10,0,4,2705
43.0,10,0,5,2713
43.0,10,0,6,2722
43.0,10,0,7,2730
43.0,10,0,8,2738
43.0,10,0,9,2747
43.0,10,0,10,2755
43.0,10,0,11,2763
43.0,10,0,12,2772
43.0,10,0,13,2780
43.0,10,0,14,2788
43.0,10,0,15,2797
43.0,10,1,0,2679
43.0,10,1,1,2688
43.0,10,1,2,2696
43.0,10,1,3,2705
43.0,10,1,4,2714
43.0,10,1,5,2722
43.0,10,1,6,2731
43.0,10,1,7,2739
43.0,10,1,8,2748
43.0,10,1,9,2756
43.0,10,1,10,2764
43.0,10,1,11,2773
43.0,10,1,12,2781
43.0,10,1,13,2789
43.0,10,1,14,2798
43.0,10,1,15,2806
43.0,10,2,0,2688
43.0,10,2,1,2697
43.0,10,2,2,2705
43.0,10,2,3,2714
43.0,10,2,4,2723
43.0,10,2,5,2731
43.0,10,2,6,2740
43.0,10,2,7,2748
43.0,10,2,8,2757
43.0,10,2,9,2765
43.0,10,2,10,2774
43.0,10,2,11,2782
43.0,10,2,12,2790
43.0,10,2,13,2799
43.0,10,2,14,2807
43.0,10,2,15,2815
43.0,10,3,0,2697
43.0,10,3,1,2706
43.0,10,3,2,2714
43.0,10,3,3,2723
43.0,10,3,4,2732
43.0,10,3,5,2740
43.0,10,3,6,2749
43.0,10,3,7,2757
43.0,10,3,8,2766
43.0,10,3,9,2774
43.0,10,3,10,2783
43.0,10,3,11,2791
43.0,10,3,12,2800
43.0,10,3,13,2808
43.0,10,3,14,2816
43.0,10,3,15,2825
43.0,10,4,0,2706
43.0,10,4,1,2715
43.0,10,4,2,2723
43.0,10,4,3,2732
43.0,10,4,4,2741
43.0,10,4,5,2749
43.0,10,4,6,2758
43.0,10,4,7,2766
43.0,10,4,8,2775
43.0,10,4,9,2783
43.0,10,4,10,2792
43.0,10,4,11,2800
43.0,10,4,12,2809
43.0,10,4,13,2817
43.0,10,4,14,2826
43.0,10,4,15,2834
43.0,10,5,0,2715
43.0,10,5,1,2724
43.0,10,5,2,2732
43.0,10,5,3,2741
43.0,10,5,4,2750
43.0,10,5,5,2758
43.0,10,5,6,2767
43.0,10,5,7,2775
43.0,10,5,8,2784
43.0,10,5,9,2792
43.0,10,5,10,2801
43.0,10,5,11,2809
43.0,10,5,12,2818
43.0,10,5,13,2826
43.0,10,5,14,2835
43.0,10,5,15,2843
43.0,10,6,0,2724
43.0,10,6,1,2732
43.0,10,6,2,2741
43.0,10,6,3,2750
43.0,10,6,4,2758
43.0,10,6,5,2767
43.0,10,6,6,2776
43.0,10,6,7,2784
43.0,10,6,8,2793
43.0,10,6,9,2802
43.0,10,6,10,2810
43.0,10,6,11,2819
43.0,10,6,12,2827
43.0,10,6,13,2835
43.0,10,6,14,2844
43.0,10,6,15,2852
43.0,10,7,0,2732
43.0,10,7,1,2741
43.0,10,7,2,2750
43.0,10,7,3,2759
43.0,10,7,4,2767
43.0,10,7,5,2776
43.0,10,7,6,2785
43.0,10,7,7,2793
43.0,10,7,8,2802
43.0,10,7,9,2811
43.0,10,7,10,2819
43.0,10,7,11,2828
43.0,10,7,12,2836
43.0,10,7,13,2845
43.0,10,7,14,2853
43.0,10,7,15,2862
43.0,10,8,0,2741
43.0,10,8,1,2750
43.0,10,8,2,2759
43.0,10,8,3,2767
43.0,10,8,4,2776
43.0,10,8,5,2785
43.0,10,8,6,2794
43.0,10,8,7,2802
43.0,10,8,8,2811
43.0,10,8,9,2820
43.0,10,8,10,2828
43.0,10,8,11,2837
43.0,10,8,12,2845
43.0,10,8,13,2854
43.0,10,8,14,2862
43.0,10,8,15,2871
43.0,10,9,0,2750
43.0,10,9,1,2759
43.0,10,9,2,2767
43.0,10,9,3,2776
43.0,10,9,4,2785
43.0,10,9,5,2794
43.0,10,9,6,2803
43.0,10,9,7,2811
43.0,10,9,8,2820
43.0,10,9,9,2829
43.0,10,9,10,2837
43.0,10,9,11,2846
43.0,10,9,12,2854
43.0,10,9,13,2863
43.0,10,9,14,2871
43.0,10,9,15,2880
43.0,10,10,0,2758
43.0,10,10,1,2767
43.0,10,10,2,2776
43.0,10,10,3,2785
43.0,10,10,4,2794
43.0,10,10,5,2803
43.0,10,10,6,2811
43.0,10,10,7,2820
43.0,10,10,8,2829
43.0,10,10,9,2837
43.0,10,10,10,2846
43.0,10,10,11,2855
43.0,10,10,12,2863
43.0,10,10,13,2872
43.0,10,10,14,2880
43.0,10,10,15,2889
43.0,10,11,0,2767
43.0,10,11,1,2776
43.0,10,11,2,2785
43.0,10,11,3,2794
43.0,10,11,4,2803
43.0,10,11,5,2811
43.0,10,11,6,2820
43.0,10,11,7,2829
43.0,10,11,8,2838
43.0,10,11,9,2846
43.0,10,11,10,2855
43.0,10,11,11,2864
43.0,10,11,12,2872
43.0,10,11,13,2881
43.0,10,11,14,2889
43.0,10,11,15,2898
43.0,10,12,0,2776
43.0,10,12,1,2785
43.0,10,12,2,2794
43.0,10,12,3,2803
43.0,10,12,4,2811
43.0,10,12,5,2820
43.0,10,12,6,2829
43.0,10,12,7,2838
43.0,10,12,8,2847
43.0,10,12,9,2855
43.0,10,12,10,2864
43.0,10,12,11,2873
43.0,10,12,12,2881
43.0,10,12,13,2890
43.0,10,12,14,2898
43.0,10,12,15,2907
43.0,10,13,0,2784
43.0,10,13,1,2793
43.0,10,13,2,2802
43.0,10,13,3,2811
43.0,10,13,4,2820
43.0,10,13,5,2829
43.0,10,13,6,2838
43.0,10,13,7,2847
43.0,10,13,8,2855
43.0,10,13,9,2864
43.0,10,13,10,2873
43.0,10,13,11,2882
43.0,10,13,12,2890
43.0,10,13,13,2899
43.0,10,13,14,2907
43.0,10,13,15,2916
43.0,10,14,0,2793
43.0,10,14,1,2802
43.0,10,14,2,2811
43.0,10,14,3,2820
43.0,10,14,4,2829
43.0,10,14,5,2838
43.0,10,14,6,2847
43.0,10,14,7,2855
43.0,10,14,8,2864
43.0,10,14,9,2873
43.0,10,14,10,2882
43.0,10,14,11,2890
43.0,10,14,12,2899
43.0,10,14,13,2908
43.0,10,14,14,2916
43.0,10,14,15,2925
43.0,10,15,0,2802
43.0,10,15,1,2811
43.0,10,15,2,2820
43.0,10,15,3,2829
43.0,10,15,4,2837
43.0,10,15,5,2846
43.0,10,15,6,2855
43.0,10,15,7,2864
43.0,10,15,8,2873
43.0,10,15,9,2882
43.0,10,15,10,2891
43.0,10,15,11,2899
43.0,10,15,12,2908
43.0,10,15,13,2917
43.0,10,15,14,2925
43.0,10,15,15,2934
43.0,11,0,0,2680
43.0,11,0,1,2689
43.0,11,0,2,2697
43.0,11,0,3,2706
43.0,11,0,4,2715
43.0,11,0,5,2723
43.0,11,0,6,2732
43.0,11,0,7,2740
43.0,11,0,8,2748
43.0,11,0,9,2757
43.0,11,0,10,2765
43.0,11,0,11,2774
43.0,11,0,12,2782
43.0,11,0,13,2790
43.0,11,0,14,2799
43.0,11,0,15,2807
43.0,11,1,0,2689
43.0,11,1,1,2698
43.0,11,1,2,2706
43.0,11,1,3,2715
43.0,11,1,4,2724
43.0,11,1,5,2732
43.0,11,1,6,2741
43.0,11,1,7,2749
43.0,11,1,8,2758
43.0,11,1,9,2766
43.0,11,1,10,2775
43.0,11,1,11,2783
43.0,11,1,12,2791
43.0,11,1,13,2800
43.0,11,1,14,2808
43.0,11,1,15,2816
43.0,11,2,0,2698
43.0,11,2,1,2707
43.0,11,2,2,2715
43.0,11,2,3,2724
43.0,11,2,4,2733
43.0,11,2,5,2741
43.0,11,2,6,2750
43.0,11,2,7,2758
43.0,11,2,8,2767
43.0,11,2,9,2775
43.0,11,2,10,2784
43.0,11,2,11,2792
43.0,11,2,12,2801
43.0,11,2,13,2809
43.0,11,2,14,2817
43.0,11,2,15,2826
43.0,11,3,0,2707
43.0,11,3,1,2716
43.0,11,3,2,2724
43.0,11,3,3,2733
43.0,11,3,4,2742
43.0,11,3,5,2750
43.0,11,3,6,2759
43.0,11,3,7,2767
43.0,11,3,8,2776
43.0,11,3,9,2785
43.0,11,3,10,2793
43.0,11,3,11,2801
43.0,11,3,12,2810
43.0,11,3,13,2818
43.0,11,3,14,2827
43.0,11,3,15,2835
43.0,11,4,0,2716
43.0,11,4,1,2725
43.0,11,4,2,2733
43.0,11,4,3,2742
43.0,11,4,4,2751
43.0,11,4,5,2759
43.0,11,4,6,2768
43.0,11,4,7,2777
43.0,11,4,8,2785
43.0,11,4,9,2794
43.0,11,4,10,2802
43.0,11,4,11,2811
43.0,11,4,12,2819
43.0,11,4,13,2828
43.0,11,4,14,2836
43.0,11,4,15,2844
43.0,11,5,0,2725
43.0,11,5,1,2734
43.0,11,5,2,2742
43.0,11,5,3,2751
43.0,11,5,4,2760
43.0,11,5,5,2768
43.0,11,5,6,2777
43.0,11,5,7,2786
43.0,11,5,8,2794
43.0,11,5,9,2803
43.0,11,5,10,2811
43.0,11,5,11,2820
43.0,11,5,12,2828
43.0,11,5,13,2837
43.0,11,5,14,2845
43.0,11,5,15,2854
43.0,11,6,0,2734
43.0,11,6,1,2742
43.0,11,6,2,2751
43.0,11,6,3,2760
43.0,11,6,4,2769
43.0,11,6,5,2777
43.0,11,6,6,2786
43.0,11,6,7,2795
43.0,11,6,8,2803
43.0,11,6,9,2812
43.0,11,6,10,2820
43.0,11,6,11,2829
43.0,11,6,12,2837
43.0,11,6,13,2846
43.0,11,6,14,2854
43.0,11,6,15,2863
43.0,11,7,0,2742
43.0,11,7,1,2751
43.0,11,7,2,2760
43.0,11,7,3,2769
43.0,11,7,4,2778
43.0,11,7,5,2786
43.0,11,7,6,2795
43.0,11,7,7,2804
43.0,11,7,8,2812
43.0,11,7,9,2821
43.0,11,7,10,2830
43.0,11,7,11,2838
43.0,11,7,12,2847
43.0,11,7,13,2855
43.0,11,7,14,2864
43.0,11,7,15,2872
43.0,11,8,0,2751
43.0,11,8,1,2760
43.0,11,8,2,2769
43.0,11,8,3,2778
43.0,11,8,4,2786
43.0,11,8,5,2795
43.0,11,8,6,2804
43.0,11,8,7,2813
43.0,11,8,8,2821
43.0,11,8,9,2830
43.0,11,8,10,2839
43.0,11,8,11,2847
43.0,11,8,12,2856
43.0,11,8,13,2864
43.0,11,8,14,2873
43.0,11,8,15,2881
43.0,11,9,0,2760
43.0,11,9,1,2769
43.0,11,9,2,2778
43.0,11,9,3,2787
43.0,11,9,4,2795
43.0,11,9,5,2804
43.0,11,9,6,2813
43.0,11,9,7,2822
43.0,11,9,8,2830
43.0,11,9,9,2839
43.0,11,9,10,2848
43.0,11,9,11,2856
43.0,11,9,12,2865
43.0,11,9,13,2873
43.0,11,9,14,2882
43.0,11,9,15,2890
43.0,11,10,0,2769
43.0,11,10,1,2778
43.0,11,10,2,2786
43.0,11,10,3,2795
43.0,11,10,4,2804
43.0,11,10,5,2813
43.0,11,10,6,2822
43.0,11,10,7,2831
43.0,11,10,8,2839
43.0,11,10,9,2848
43.0,11,10,10,2857
43.0,11,10,11,2865
43.0,11,10,12,2874
43.0,11,10,13,2882
43.0,11,10,14,2891
43.0,11,10,15,2900
43.0,11,11,0,2777
43.0,11,11,1,2786
43.0,11,11,2,2795
43.0,11,11,3,2804
43.0,11,11,4,2813
43.0,11,11,5,2822
43.0,11,11,6,2831
43.0,11,11,7,2839
43.0,11,11,8,2848
43.0,11,11,9,2857
43.0,11,11,10,2866
43.0,11,11,11,2874
43.0,11,11,12,2883
43.0,11,11,13,2892
43.0,11,11,14,2900
43.0,11,11,15,2909
43.0,11,12,0,2786
43.0,11,12,1,2795
43.0,11,12,2,2804
43.0,11,12,3,2813
43.0,11,12,4,2822
43.0,11,12,5,2831
43.0,11,12,6,2839
43.0,11,12,7,2848
43.0,11,12,8,2857
43.0,11,12,9,2866
43.0,11,12,10,2875
43.0,11,12,11,2883
43.0,11,12,12,2892
43.0,11,12,13,2901
43.0,11,12,14,2909
43.0,11,12,15,2918
43.0,11,13,0,2795
43.0,11,13,1,2804
43.0,11,13,2,2813
43.0,11,13,3,2822
43.0,11,13,4,2831
43.0,11,13,5,2839
43.0,11,13,6,2848
43.0,11,13,7,2857
43.0,11,13,8,2866
43.0,11,13,9,2875
43.0,11,13,10,2883
43.0,11,13,11,2892
43.0,11,13,12,2901
43.0,11,13,13,2910
43.0,11,13,14,2918
43.0,11,13,15,2927
43.0,11,14,0,2803
43.0,11,14,1,2812
43.0,11,14,2,2821
43.0,11,14,3,2830
43.0,11,14,4,2839
43.0,11,14,5,2848
43.0,11,14,6,2857
43.0,11,14,7,2866
43.0,11,14,8,2875
43.0,11,14,9,2884
43.0,11,14,10,2892
43.0,11,14,11,2901
43.0,11,14,12,2910
43.0,11,14,13,2918
43.0,11,14,14,2927
43.0,11,14,15,2936
43.0,11,15,0,2812
43.0,11,15,1,2821
43.0,11,15,2,2830
43.0,11,15,3,2839
43.0,11,15,4,2848
43.0,11,15,5,2857
43.0,11,15,6,2866
43.0,11,15,7,2875
43.0,11,15,8,2884
43.0,11,15,9,2892
43.0,11,15,10,2901
43.0,11,15,11,2910
43.0,11,15,12,2919
43.0,11,15,13,2927
43.0,11,15,14,2936
43.0,11,15,15,2945
43.0,12,0,0,2690
43.0,12,0,1,2699
43.0,12,0,2,2707
43.0,12,0,3,2716
43.0,12,0,4,2725
43.0,12,0,5,2733
43.0,12,0,6,2742
43.0,12,0,7,2750
43.0,12,0,8,2759
43.0,12,0,9,2767
43.0,12,0,10,2775
43.0,12,0,11,2784
43.0,12,0,12,2792
43.0,12,0,13,2801
43.0,12,0,14,2809
43.0,12,0,15,2817
43.0,12,1,0,2699
43.0,12,1,1,2708
43.0,12,1,2,2716
43.0,12,1,3,2725
43.0,12,1,4,2734
43.0,12,1,5,2742
43.0,12,1,6,2751
43.0,12,1,7,2759
43.0,12,1,8,2768
43.0,12,1,9,2776
43.0,12,1,10,2785
43.0,12,1,11,2793
43.0,12,1,12,2802
43.0,12,1,13,2810
43.0,12,1,14,2818
43.0,12,1,15,2827
43.0,12,2,0,2708
43.0,12,2,1,2717
43.0,12,2,2,2725
43.0,12,2,3,2734
43.0,12,2,4,2743
43.0,12,2,5,2751
43.0,12,2,6,2760
43.0,12,2,7,2769
43.0,12,2,8,2777
43.0,12,2,9,2786
43.0,12,2,10,2794
43.0,12,2,11,2802
43.0,12,2,12,2811
43.0,12,2,13,2819
43.0,12,2,14,2828
43.0,12,2,15,2836
43.0,12,3,0,2717
43.0,12,3,1,2726
43.0,12,3,2,2734
43.0,12,3,3,2743
43.0,12,3,4,2752
43.0,12,3,5,2760
43.0,12,3,6,2769
43.0,12,3,7,2778
43.0,12,3,8,2786
43.0,12,3,9,2795
43.0,12,3,10,2803
43.0,12,3,11,2812
43.0,12,3,12,2820
43.0,12,3,13,2829
43.0,12,3,14,2837
43.0,12,3,15,2845
43.0,12,4,0,2726
43.0,12,4,1,2735
43.0,12,4,2,2743
43.0,12,4,3,2752
43.0,12,4,4,2761
43.0,12,4,5,2770
43.0,12,4,6,2778
43.0,12,4,7,2787
43.0,12,4,8,2795
43.0,12,4,9,2804
43.0,12,4,10,2812
43.0,12,4,11,2821
43.0,12,4,12,2829
43.0,12,4,13,2838
43.0,12,4,14,2846
43.0,12,4,15,2855
43.0,12,5,0,2735
43.0,12,5,1,2744
43.0,12,5,2,2752
43.0,12,5,3,2761
43.0,12,5,4,2770
43.0,12,5,5,2779
43.0,12,5,6,2787
43.0,12,5,7,2796
43.0,12,5,8,2804
43.0,12,5,9,2813
43.0,12,5,10,2822
43.0,12,5,11,2830
43.0,12,5,12,2839
43.0,12,5,13,2847
43.0,12,5,14,2856
43.0,12,5,15,2864
43.0,12,6,0,2744
43.0,12,6,1,2752
43.0,12,6,2,2761
43.0,12,6,3,2770
43.0,12,6,4,2779
43.0,12,6,5,2788
43.0,12,6,6,2796
43.0,12,6,7,2805
43.0,12,6,8,2814
43.0,12,6,9,2822
43.0,12,6,10,2831
43.0,12,6,11,2839
43.0,12,6,12,2848
43.0,12,6,13,2856
43.0,12,6,14,2865
43.0,12,6,15,2873
43.0,12,7,0,2752
43.0,12,7,1,2761
43.0,12,7,2,2770
43.0,12,7,3,2779
43.0,12,7,4,2788
43.0,12,7,5,2797
43.0,12,7,6,2805
43.0,12,7,7,2814
43.0,12,7,8,2823
43.0,12,7,9,2831
43.0,12,7,10,2840
43.0,12,7,11,2849
43.0,12,7,12,2857
43.0,12,7,13,2866
43.0,12,7,14,2874
43.0,12,7,15,2883
43.0,12,8,0,2761
43.0,12,8,1,2770
43.0,12,8,2,2779
43.0,12,8,3,2788
43.0,12,8,4,2797
43.0,12,8,5,2806
43.0,12,8,6,2814
43.0,12,8,7,2823
43.0,12,8,8,2832
43.0,12,8,9,2840
43.0,12,8,10,2849
43.0,12,8,11,2858
43.0,12,8,12,2866
43.0,12,8,13,2875
43.0,12,8,14,2883
43.0,12,8,15,2892
43.0,12,9,0,2770
43.0,12,9,1,2779
43.0,12,9,2,2788
43.0,12,9,3,2797
43.0,12,9,4,2806
43.0,12,9,5,2814
43.0,12,9,6,2823
43.0,12,9,7,2832
43.0,12,9,8,2841
43.0,12,9,9,2849
43.0,12,9,10,2858
43.0,12,9,11,2867
43.0,12,9,12,2875
43.0,12,9,13,2884
43.0,12,9,14,2893
43.0,12,9,15,2901
43.0,12,10,0,2779
43.0,12,10,1,2788
43.0,12,10,2,2797
43.0,12,10,3,2806
43.0,12,10,4,2814
43.0,12,10,5,2823
43.0,12,10,6,2832
43.0,12,10,7,2841
43.0,12,10,8,2850
43.0,12,10,9,2858
43.0,12,10,10,2867
43.0,12,10,11,2876
43.0,12,10,12,2884
43.0,12,10,13,2893
43.0,12,10,14,2902
43.0,12,10,15,2910
43.0,12,11,0,2788
43.0,12,11,1,2797
43.0,12,11,2,2806
43.0,12,11,3,2814
43.0,12,11,4,2823
43.0,12,11,5,2832
43.0,12,11,6,2841
43.0,12,11,7,2850
43.0,12,11,8,2859
43.0,12,11,9,2867
43.0,12,11,10,2876
43.0,12,11,11,2885
43.0,12,11,12,2893
43.0,12,11,13,2902
43.0,12,11,14,2911
43.0,12,11,15,2919
43.0,12,12,0,2796
43.0,12,12,1,2805
43.0,12,12,2,2814
43.0,12,12,3,2823
43.0,12,12,4,2832
43.0,12,12,5,2841
43.0,12,12,6,2850
43.0,12,12,7,2859
43.0,12,12,8,2868
43.0,12,12,9,2876
43.0,12,12,10,2885
43.0,12,12,11,2894
43.0,12,12,12,2903
43.0,12,12,13,2911
43.0,12,12,14,2920
43.0,12,12,15,2928
43.0,12,13,0,2805
43.0,12,13,1,2814
43.0,12,13,2,2823
43.0,12,13,3,2832
43.0,12,13,4,2841
43.0,12,13,5,2850
43.0,12,13,6,2859
43.0,12,13,7,2868
43.0,12,13,8,2876
43.0,12,13,9,2885
43.0,12,13,10,2894
43.0,12,13,11,2903
43.0,12,13,12,2912
43.0,12,13,13,2920
43.0,12,13,14,2929
43.0,12,13,15,2938
43.0,12,14,0,2814
43.0,12,14,1,2823
43.0,12,14,2,2832
43.0,12,14,3,2841
43.0,12,14,4,2850
43.0,12,14,5,2859
43.0,12,14,6,2868
43.0,12,14,7,2876
43.0,12,14,8,2885
43.0,12,14,9,2894
43.0,12,14,10,2903
43.0,12,14,11,2912
43.0,12,14,12,2920
43.0,12,14,13,2929
43.0,12,14,14,2938
43.0,12,14,15,2947
43.0,12,15,0,2822
43.0,12,15,1,2831
43.0,12,15,2,2840
43.0,12,15,3,2849
43.0,12,15,4,2858
43.0,12,15,5,2867
43.0,12,15,6,2876
43.0,12,15,7,2885
43.0,12,15,8,2894
43.0,12,15,9,2903
43.0,12,15,10,2912
43.0,12,15,11,2921
43.0,12,15,12,2929
43.0,12,15,13,2938
43.0,12,15,14,2947
43.0,12,15,15,2956
43.0,13,0,0,2700
43.0,13,0,1,2709
43.0,13,0,2,2717
43.0,13,0,3,2726
43.0,13,0,4,2735
43.0,13,0,5,2743
43.0,13,0,6,2752
43.0,13,0,7,2760
43.0,13,0,8,2769
43.0,13,0,9,2777
43.0,13,0,10,2786
43.0,13,0,11,2794
43.0,13,0,12,2802
43.0,13,0,13,2811
43.0,13,0,14,2819
43.0,13,0,15,2828
43.0,13,1,0,2709
43.0,13,1,1,2718
43.0,13,1,2,2726
43.0,13,1,3,2735
43.0,13,1,4,2744
43.0,13,1,5,2752
43.0,13,1,6,2761
43.0,13,1,7,2769
43.0,13,1,8,2778
43.0,13,1,9,2786
43.0,13,1,10,2795
43.0,13,1,11,2803
43.0,13,1,12,2812
43.0,13,1,13,2820
43.0,13,1,14,2829
43.0,13,1,15,2837
43.0,13,2,0,2718
43.0,13,2,1,2727
43.0,13,2,2,2735
43.0,13,2,3,2744
43.0,13,2,4,2753
43.0,13,2,5,2761
43.0,13,2,6,2770
43.0,13,2,7,2779
43.0,13,2,8,2787
43.0,13,2,9,2796
43.0,13,2,10,2804
43.0,13,2,11,2813
43.0,13,2,12,2821
43.0,13,2,13,2830
43.0,13,2,14,2838
43.0,13,2,15,2846
43.0,13,3,0,2727
43.0,13,3,1,2736
43.0,13,3,2,2744
43.0,13,3,3,2753
43.0,13,3,4,2762
43.0,13,3,5,2771
43.0,13,3,6,2779
43.0,13,3,7,2788
43.0,13,3,8,2796
43.0,13,3,9,2805
43.0,13,3,10,2814
43.0,13,3,11,2822
43.0,13,3,12,2831
43.0,13,3,13,2839
43.0,13,3,14,2847
43.0,13,3,15,2856
43.0,13,4,0,2736
43.0,13,4,1,2745
43.0,13,4,2,2753
43.0,13,4,3,2762
43.0,13,4,4,2771
43.0,13,4,5,2780
43.0,13,4,6,2788
43.0,13,4,7,2797
43.0,13,4,8,2806
43.0,13,4,9,2814
43.0,13,4,10,2823
43.0,13,4,11,2831
43.0,13,4,12,2840
43.0,13,4,13,2848
43.0,13,4,14,2857
43.0,13,4,15,2865
43.0,13,5,0,2745
43.0,13,5,1,2754
43.0,13,5,2,2762
43.0,13,5,3,2771
43.0,13,5,4,2780
43.0,13,5,5,2789
43.0,13,5,6,2797
43.0,13,5,7,2806
43.0,13,5,8,2815
43.0,13,5,9,2823
43.0,13,5,10,2832
43.0,13,5,11,2841
43.0,13,5,12,2849
43.0,13,5,13,2858
43.0,13,5,14,2866
43.0,13,5,15,2875
43.0,13,6,0,2754
43.0,13,6,1,2763
43.0,13,6,2,2771
43.0,13,6,3,2780
43.0,13,6,4,2789
43.0,13,6,5,2798
43.0,13,6,6,2807
43.0,13,6,7,2815
43.0,13,6,8,2824
43.0,13,6,9,2833
43.0,13,6,10,2841
43.0,13,6,11,2850
43.0,13,6,12,2858
43.0,13,6,13,2867
43.0,13,6,14,2875
43.0,13,6,15,2884
43.0,13,7,0,2763
43.0,13,7,1,2771
43.0,13,7,2,2780
43.0,13,7,3,2789
43.0,13,7,4,2798
43.0,13,7,5,2807
43.0,13,7,6,2816
43.0,13,7,7,2824
43.0,13,7,8,2833
43.0,13,7,9,2842
43.0,13,7,10,2850
43.0,13,7,11,2859
43.0,13,7,12,2868
43.0,13,7,13,2876
43.0,13,7,14,2885
43.0,13,7,15,2893
43.0,13,8,0,2771
43.0,13,8,1,2780
43.0,13,8,2,2789
43.0,13,8,3,2798
43.0,13,8,4,2807
43.0,13,8,5,2816
43.0,13,8,6,2825
43.0,13,8,7,2833
43.0,13,8,8,2842
43.0,13,8,9,2851
43.0,13,8,10,2859
43.0,13,8,11,2868
43.0,13,8,12,2877
43.0,13,8,13,2885
43.0,13,8,14,2894
43.0,13,8,15,2902
43.0,13,9,0,2780
43.0,13,9,1,2789
43.0,13,9,2,2798
43.0,13,9,3,2807
43.0,13,9,4,2816
43.0,13,9,5,2825
43.0,13,9,6,2834
43.0,13,9,7,2842
43.0,13,9,8,2851
43.0,13,9,9,2860
43.0,13,9,10,2869
43.0,13,9,11,2877
43.0,13,9,12,2886
43.0,13,9,13,2895
43.0,13,9,14,2903
43.0,13,9,15,2912
43.0,13,10,0,2789
43.0,13,10,1,2798
43.0,13,10,2,2807
43.0,13,10,3,2816
43.0,13,10,4,2825
43.0,13,10,5,2834
43.0,13,10,6,2843
43.0,13,10,7,2851
43.0,13,10,8,2860
43.0,13,10,9,2869
43.0,13,10,10,2878
43.0,13,10,11,2886
43.0,13,10,12,2895
43.0,13,10,13,2904
43.0,13,10,14,2912
43.0,13,10,15,2921
43.0,13,11,0,2798
43.0,13,11,1,2807
43.0,13,11,2,2816
43.0,13,11,3,2825
43.0,13,11,4,2834
43.0,13,11,5,2843
43.0,13,11,6,2851
43.0,13,11,7,2860
43.0,13,11,8,2869
43.0,13,11,9,2878
43.0,13,11,10,2887
43.0,13,11,11,2895
43.0,13,11,12,2904
43.0,13,11,13,2913
43.0,13,11,14,2921
43.0,13,11,15,2930
43.0,13,12,0,2807
43.0,13,12,1,2816
43.0,13,12,2,2825
43.0,13,12,3,2834
43.0,13,12,4,2843
43.0,13,12,5,2851
43.0,13,12,6,2860
43.0,13,12,7,2869
43.0,13,12,8,2878
43.0,13,12,9,2887
43.0,13,12,10,2896
43.0,13,12,11,2904
43.0,13,12,12,2913
43.0,13,12,13,2922
43.0,13,12,14,2931
43.0,13,12,15,2939
43.0,13,13,0,2815
43.0,13,13,1,2824
43.0,13,13,2,2833
43.0,13,13,3,2842
43.0,13,13,4,2851
43.0,13,13,5,2860
43.0,13,13,6,2869
43.0,13,13,7,2878
43.0,13,13,8,2887
43.0,13,13,9,2896
43.0,13,13,10,2905
43.0,13,13,11,2913
43.0,13,13,12,2922
43.0,13,13,13,2931
43.0,13,13,14,2940
43.0,13,13,15,2948
43.0,13,14,0,2824
43.0,13,14,1,2833
43.0,13,14,2,2842
43.0,13,14,3,2851
43.0,13,14,4,2860
43.0,13,14,5,2869
43.0,13,14,6,2878
43.0,13,14,7,2887
43.0,13,14,8,2896
43.0,13,14,9,2905
43.0,13,14,10,2914
43.0,13,14,11,2922
43.0,13,14,12,2931
43.0,13,14,13,2940
43.0,13,14,14,2949
43.0,13,14,15,2957
43.0,13,15,0,2833
43.0,13,15,1,2842
43.0,13,15,2,2851
43.0,13,15,3,2860
43.0,13,15,4,2869
43.0,13,15,5,2878
43.0,13,15,6,2887
43.0,13,15,7,2896
43.0,13,15,8,2905
43.0,13,15,9,2914
43.0,13,15,10,2923
43.0,13,15,11,2931
43.0,13,15,12,2940
43.0,13,15,13,2949
43.0,13,15,14,2958
43.0,13,15,15,2966
43.0,14,0,0,2710
43.0,14,0,1,2718
43.0,14,0,2,2727
43.0,14,0,3,2736
43.0,14,0,4,2744
43.0,14,0,5,2753
43.0,14,0,6,2762
43.0,14,0,7,2770
43.0,14,0,8,2779
43.0,14,0,9,2787
43.0,14,0,10,2796
43.0,14,0,11,2804
43.0,14,0,12,2813
43.0,14,0,13,2821
43.0,14,0,14,2829
43.0,14,0,15,2838
43.0,14,1,0,2719
43.0,14,1,1,2728
43.0,14,1,2,2736
43.0,14,1,3,2745
43.0,14,1,4,2754
43.0,14,1,5,2762
43.0,14,1,6,2771
43.0,14,1,7,2780
43.0,14,1,8,2788
43.0,14,1,9,2797
43.0,14,1,10,2805
43.0,14,1,11,2814
43.0,14,1,12,2822
43.0,14,1,13,2831
43.0,14,1,14,2839
43.0,14,1,15,2847
43.0,14,2,0,2728
43.0,14,2,1,2737
43.0,14,2,2,2745
43.0,14,2,3,2754
43.0,14,2,4,2763
43.0,14,2,5,2772
43.0,14,2,6,2780
43.0,14,2,7,2789
43.0,14,2,8,2797
43.0,14,2,9,2806
43.0,14,2,10,2815
43.0,14,2,11,2823
43.0,14,2,12,2832
43.0,14,2,13,2840
43.0,14,2,14,2848
43.0,14,2,15,2857
43.0,14,3,0,2737
43.0,14,3,1,2746
43.0,14,3,2,2754
43.0,14,3,3,2763
43.0,14,3,4,2772
43.0,14,3,5,2781
43.0,14,3,6,2789
43.0,14,3,7,2798
43.0,14,3,8,2807
43.0,14,3,9,2815
43.0,14,3,10,2824
43.0,14,3,11,2832
43.0,14,3,12,2841
43.0,14,3,13,2849
43.0,14,3,14,2858
43.0,14,3,15,2866
43.0,14,4,0,2746
43.0,14,4,1,2755
43.0,14,4,2,2764
43.0,14,4,3,2772
43.0,14,4,4,2781
43.0,14,4,5,2790
43.0,14,4,6,2799
43.0,14,4,7,2807
43.0,14,4,8,2816
43.0,14,4,9,2824
43.0,14,4,10,2833
43.0,14,4,11,2842
43.0,14,4,12,2850
43.0,14,4,13,2859
43.0,14,4,14,2867
43.0,14,4,15,2876
43.0,14,5,0,2755
43.0,14,5,1,2764
43.0,14,5,2,2773
43.0,14,5,3,2781
43.0,14,5,4,2790
43.0,14,5,5,2799
43.0,14,5,6,2808
43.0,14,5,7,2816
43.0,14,5,8,2825
43.0,14,5,9,2834
43.0,14,5,10,2842
43.0,14,5,11,2851
43.0,14,5,12,2860
43.0,14,5,13,2868
43.0,14,5,14,2877
43.0,14,5,15,2885
43.0,14,6,0,2764
43.0,14,6,1,2773
43.0,14,6,2,2782
43.0,14,6,3,2790
43.0,14,6,4,2799
43.0,14,6,5,2808
43.0,14,6,6,2817
43.0,14,6,7,2825
43.0,14,6,8,2834
43.0,14,6,9,2843
43.0,14,6,10,2852
43.0,14,6,11,2860
43.0,14,6,12,2869
43.0,14,6,13,2877
43.0,14,6,14,2886
43.0,14,6,15,2894
43.0,14,7,0,2773
43.0,14,7,1,2782
43.0,14,7,2,2791
43.0,14,7,3,2799
43.0,14,7,4,2808
43.0,14,7,5,2817
43.0,14,7,6,2826
43.0,14,7,7,2835
43.0,14,7,8,2843
43.0,14,7,9,2852
43.0,14,7,10,2861
43.0,14,7,11,2869
43.0,14,7,12,2878
43.0,14,7,13,2887
43.0,14,7,14,2895
43.0,14,7,15,2904
43.0,14,8,0,2782
43.0,14,8,1,2791
43.0,14,8,2,2799
43.0,14,8,3,2808
43.0,14,8,4,2817
43.0,14,8,5,2826
43.0,14,8,6,2835
43.0,14,8,7,2844
43.0,14,8,8,2852
43.0,14,8,9,2861
43.0,14,8,10,2870
43.0,14,8,11,2879
43.0,14,8,12,2887
43.0,14,8,13,2896
43.0,14,8,14,2904
43.0,14,8,15,2913
43.0,14,9,0,2790
43.0,14,9,1,2799
43.0,14,9,2,2808
43.0,14,9,3,2817
43.0,14,9,4,2826
43.0,14,9,5,2835
43.0,14,9,6,2844
43.0,14,9,7,2853
43.0,14,9,8,2862
43.0,14,9,9,2870
43.0,14,9,10,2879
43.0,14,9,11,2888
43.0,14,9,12,2896
43.0,14,9,13,2905
43.0,14,9,14,2914
43.0,14,9,15,2922
43.0,14,10,0,2799
43.0,14,10,1,2808
43.0,14,10,2,2817
43.0,14,10,3,2826
43.0,14,10,4,2835
43.0,14,10,5,2844
43.0,14,10,6,2853
43.0,14,10,7,2862
43.0,14,10,8,2871
43.0,14,10,9,2879
43.0,14,10,10,2888
43.0,14,10,11,2897
43.0,14,10,12,2906
43.0,14,10,13,2914
43.0,14,10,14,2923
43.0,14,10,15,2932
43.0,14,11,0,2808
43.0,14,11,1,2817
43.0,14,11,2,2826
43.0,14,11,3,2835
43.0,14,11,4,2844
43.0,14,11,5,2853
43.0,14,11,6,2862
43.0,14,11,7,2871
43.0,14,11,8,2880
43.0,14,11,9,2888
43.0,14,11,10,2897
43.0,14,11,11,2906
43.0,14,11,12,2915
43.0,14,11,13,2923
43.0,14,11,14,2932
43.0,14,11,15,2941
43.0,14,12,0,2817
43.0,14,12,1,2826
43.0,14,12,2,2835
43.0,14,12,3,2844
43.0,14,12,4,2853
43.0,14,12,5,2862
43.0,14,12,6,2871
43.0,14,12,7,2880
43.0,14,12,8,2889
43.0,14,12,9,2897
43.0,14,12,10,2906
43.0,14,12,11,2915
43.0,14,12,12,2924
43.0,14,12,13,2933
43.0,14,12,14,2941
43.0,14,12,15,2950
43.0,14,13,0,2825
43.0,14,13,1,2835
43.0,14,13,2,2844
43.0,14,13,3,2853
43.0,14,13,4,2862
43.0,14,13,5,2871
43.0,14,13,6,2880
43.0,14,13,7,2889
43.0,14,13,8,2898
43.0,14,13,9,2906
43.0,14,13,10,2915
43.0,14,13,11,2924
43.0,14,13,12,2933
43.0,14,13,13,2942
43.0,14,13,14,2950
43.0,14,13,15,2959
43.0,14,14,0,2834
43.0,14,14,1,2843
43.0,14,14,2,2852
43.0,14,14,3,2862
43.0,14,14,4,2871
43.0,14,14,5,2880
43.0,14,14,6,2889
43.0,14,14,7,2898
43.0,14,14,8,2906
43.0,14,14,9,2915
43.0,14,14,10,2924
43.0,14,14,11,2933
43.0,14,14,12,2942
43.0,14,14,13,2951
43.0,14,14,14,2959
43.0,14,14,15,2968
43.0,14,15,0,2843
43.0,14,15,1,2852
43.0,14,15,2,2861
43.0,14,15,3,2870
43.0,14,15,4,2879
43.0,14,15,5,2888
43.0,14,15,6,2897
43.0,14,15,7,2906
43.0,14,15,8,2915
43.0,14,15,9,2924
43.0,14,15,10,2933
43.0,14,15,11,2942
43.0,14,15,12,2951
43.0,14,15,13,2960
43.0,14,15,14,2969
43.0,14,15,15,2977
43.0,15,0,0,2720
43.0,15,0,1,2728
43.0,15,0,2,2737
43.0,15,0,3,2746
43.0,15,0,4,2754
43.0,15,0,5,2763
43.0,15,0,6,2772
43.0,15,0,7,2780
43.0,15,0,8,2789
43.0,15,0,9,2797
43.0,15,0,10,2806
43.0,15,0,11,2814
43.0,15,0,12,2823
43.0,15,0,13,2831
43.0,15,0,14,2840
43.0,15,0,15,2848
43.0,15,1,0,2729
43.0,15,1,1,2737
43.0,15,1,2,2746
43.0,15,1,3,2755
43.0,15,1,4,2764
43.0,15,1,5,2772
43.0,15,1,6,2781
43.0,15,1,7,2790
43.0,15,1,8,2798
43.0,15,1,9,2807
43.0,15,1,10,2815
43.0,15,1,11,2824
43.0,15,1,12,2832
43.0,15,1,13,2841
43.0,15,1,14,2849
43.0,15,1,15,2858
43.0,15,2,0,2738
43.0,15,2,1,2747
43.0,15,2,2,2755
43.0,15,2,3,2764
43.0,15,2,4,2773
43.0,15,2,5,2782
43.0,15,2,6,2790
43.0,15,2,7,2799
43.0,15,2,8,2808
43.0,15,2,9,2816
43.0,15,2,10,2825
43.0,15,2,11,2833
43.0,15,2,12,2842
43.0,15,2,13,2850
43.0,15,2,14,2859
43.0,15,2,15,2867
43.0,15,3,0,2747
43.0,15,3,1,2756
43.0,15,3,2,2765
43.0,15,3,3,2773
43.0,15,3,4,2782
43.0,15,3,5,2791
43.0,15,3,6,2800
43.0,15,3,7,2808
43.0,15,3,8,2817
43.0,15,3,9,2825
43.0,15,3,10,2834
43.0,15,3,11,2843
43.0,15,3,12,2851
43.0,15,3,13,2860
43.0,15,3,14,2868
43.0,15,3,15,2877
43.0,15,4,0,2756
43.0,15,4,1,2765
43.0,15,4,2,2774
43.0,15,4,3,2782
43.0,15,4,4,2791
43.0,15,4,5,2800
43.0,15,4,6,2809
43.0,15,4,7,2817
43.0,15,4,8,2826
43.0,15,4,9,2835
43.0,15,4,10,2843
43.0,15,4,11,2852
43.0,15,4,12,2861
43.0,15,4,13,2869
43.0,15,4,14,2878
43.0,15,4,15,2886
43.0,15,5,0,2765
43.0,15,5,1,2774
43.0,15,5,2,2783
43.0,15,5,3,2791
43.0,15,5,4,2800
43.0,15,5,5,2809
43.0,15,5,6,2818
43.0,15,5,7,2827
43.0,15,5,8,2835
43.0,15,5,9,2844
43.0,15,5,10,2853
43.0,15,5,11,2861
43.0,15,5,12,2870
43.0,15,5,13,2878
43.0,15,5,14,2887
43.0,15,5,15,2896
43.0,15,6,0,2774
43.0,15,6,1,2783
43.0,15,6,2,2792
43.0,15,6,3,2801
43.0,15,6,4,2809
43.0,15,6,5,2818
43.0,15,6,6,2827
43.0,15,6,7,2836
43.0,15,6,8,2845
43.0,15,6,9,2853
43.0,15,6,10,2862
43.0,15,6,11,2871
43.0,15,6,12,2879
43.0,15,6,13,2888
43.0,15,6,14,2896
43.0,15,6,15,2905
43.0,15,7,0,2783
43.0,15,7,1,2792
43.0,15,7,2,2801
43.0,15,7,3,2810
43.0,15,7,4,2818
43.0,15,7,5,2827
43.0,15,7,6,2836
43.0,15,7,7,2845
43.0,15,7,8,2854
43.0,15,7,9,2862
43.0,15,7,10,2871
43.0,15,7,11,2880
43.0,15,7,12,2888
43.0,15,7,13,2897
43.0,15,7,14,2906
43.0,15,7,15,2914
43.0,15,8,0,2792
43.0,15,8,1,2801
43.0,15,8,2,2810
43.0,15,8,3,2819
43.0,15,8,4,2827
43.0,15,8,5,2836
43.0,15,8,6,2845
43.0,15,8,7,2854
43.0,15,8,8,2863
43.0,15,8,9,2872
43.0,15,8,10,2880
43.0,15,8,11,2889
43.0,15,8,12,2898
43.0,15,8,13,2906
43.0,15,8,14,2915
43.0,15,8,15,2924
43.0,15,9,0,2801
43.0,15,9,1,2810
43.0,15,9,2,2819
43.0,15,9,3,2828
43.0,15,9,4,2836
43.0,15,9,5,2845
43.0,15,9,6,2854
43.0,15,9,7,2863
43.0,15,9,8,2872
43.0,15,9,9,2881
43.0,15,9,10,2889
43.0,15,9,11,2898
43.0,15,9,12,2907
43.0,15,9,13,2916
43.0,15,9,14,2924
43.0,15,9,15,2933
43.0,15,10,0,2809
43.0,15,10,1,2818
43.0,15,10,2,2827
43.0,15,10,3,2836
43.0,15,10,4,2845
43.0,15,10,5,2854
43.0,15,10,6,2863
43.0,15,10,7,2872
43.0,15,10,8,2881
43.0,15,10,9,2890
43.0,15,10,10,2899
43.0,15,10,11,2907
43.0,15,10,12,2916
43.0,15,10,13,2925
43.0,15,10,14,2934
43.0,15,10,15,2942
43.0,15,11,0,2818
43.0,15,11,1,2827
43.0,15,11,2,2836
43.0,15,11,3,2845
43.0,15,11,4,2854
43.0,15,11,5,2863
43.0,15,11,6,2872
43.0,15,11,7,2881
43.0,15,11,8,2890
43.0,15,11,9,2899
43.0,15,11,10,2908
43.0,15,11,11,2917
43.0,15,11,12,2925
43.0,15,11,13,2934
43.0,15,11,14,2943
43.0,15,11,15,2951
43.0,15,12,0,2827
43.0,15,12,1,2836
43.0,15,12,2,2845
43.0,15,12,3,2854
43.0,15,12,4,2863
43.0,15,12,5,2872
43.0,15,12,6,2881
43.0,15,12,7,2890
43.0,15,12,8,2899
43.0,15,12,9,2908
43.0,15,12,10,2917
43.0,15,12,11,2926
43.0,15,12,12,2934
43.0,15,12,13,2943
43.0,15,12,14,2952
43.0,15,12,15,2961
43.0,15,13,0,2836
43.0,15,13,1,2845
43.0,15,13,2,2854
43.0,15,13,3,2863
43.0,15,13,4,2872
43.0,15,13,5,2881
43.0,15,13,6,2890
43.0,15,13,7,2899
43.0,15,13,8,2908
43.0,15,13,9,2917
43.0,15,13,10,2926
43.0,15,13,11,2935
43.0,15,13,12,2944
43.0,15,13,13,2952
43.0,15,13,14,2961
43.0,15,13,15,2970
43.0,15,14,0,2845
43.0,15,14,1,2854
43.0,15,14,2,2863
43.0,15,14,3,2872
43.0,15,14,4,2881
43.0,15,14,5,2890
43.0,15,14,6,2899
43.0,15,14,7,2908
43.0,15,14,8,2917
43.0,15,14,9,2926
43.0,15,14,10,2935
43.0,15,14,11,2944
43.0,15,14,12,2953
43.0,15,14,13,2961
43.0,15,14,14,2970
43.0,15,14,15,2979
43.0,15,15,0,2853
43.0,15,15,1,2862
43.0,15,15,2,2872
43.0,15,15,3,2881
43.0,15,15,4,2890
43.0,15,15,5,2899
43.0,15,15,6,2908
43.0,15,15,7,2917
43.0,15,15,8,2926
43.0,15,15,9,2935
43.0,15,15,10,2944
43.0,15,15,11,2953
43.0,15,15,12,2962
43.0,15,15,13,2970
43.0,15,15,14,2979
43.0,15,15,15,2988
43.5,0,0,0,2588
43.5,0,0,1,2596
43.5,0,0,2,2604
43.5,0,0,3,2613
43.5,0,0,4,2621
43.5,0,0,5,2629
43.5,0,0,6,2637
43.5,0,0,7,2646
43.5,0,0,8,2654
43.5,0,0,9,2662
43.5,0,0,10,2670
43.5,0,0,11,2678
43.5,0,0,12,2686
43.5,0,0,13,2694
43.5,0,0,14,2702
43.5,0,0,15,2710
43.5,0,1,0,2596
43.5,0,1,1,2605
43.5,0,1,2,2613
43.5,0,1,3,2621
43.5,0,1,4,2630
43.5,0,1,5,2638
43.5,0,1,6,2646
43.5,0,1,7,2654
43.5,0,1,8,2663
43.5,0,1,9,2671
43.5,0,1,10,2679
43.5,0,1,11,2687
43.5,0,1,12,2695
43.5,0,1,13,2703
43.5,0,1,14,2711
43.5,0,1,15,2719
43.5,0,2,0,2605
43.5,0,2,1,2613
43.5,0,2,2,2622
43.5,0,2,3,2630
43.5,0,2,4,2638
43.5,0,2,5,2647
43.5,0,2,6,2655
43.5,0,2,7,2663
43.5,0,2,8,2671
43.5,0,2,9,2680
43.5,0,2,10,2688
43.5,0,2,11,2696
43.5,0,2,12,2704
43.5,0,2,13,2712
43.5,0,2,14,2720
43.5,0,2,15,2728
43.5,0,3,0,2614
43.5,0,3,1,2622
43.5,0,3,2,2630
43.5,0,3,3,2639
43.5,0,3,4,2647
43.5,0,3,5,2656
43.5,0,3,6,2664
43.5,0,3,7,2672
43.5,0,3,8,2680
43.5,0,3,9,2689
43.5,0,3,10,2697
43.5,0,3,11,2705
43.5,0,3,12,2713
43.5,0,3,13,2721
43.5,0,3,14,2729
43.5,0,3,15,2737
43.5,0,4,0,2622
43.5,0,4,1,2631
43.5,0,4,2,2639
43.5,0,4,3,2648
43.5,0,4,4,2656
43.5,0,4,5,2664
43.5,0,4,6,2673
43.5,0,4,7,2681
43.5,0,4,8,2689
43.5,0,4,9,2697
43.5,0,4,10,2706
43.5,0,4,11,2714
43.5,0,4,12,2722
43.5,0,4,13,2730
43.5,0,4,14,2738
43.5,0,4,15,2746
43.5,0,5,0,2631
43.5,0,5,1,2639
43.5,0,5,2,2648
43.5,0,5,3,2656
43.5,0,5,4,2665
43.5,0,5,5,2673
43.5,0,5,6,2681
43.5,0,5,7,2690
43.5,0,5,8,2698
43.5,0,5,9,2706
43.5,0,5,10,2714
43.5,0,5,11,2723
43.5,0,5,12,2731
43.5,0,5,13,2739
43.5,0,5,14,2747
43.5,0,5,15,2755
43.5,0,6,0,2639
43.5,0,6,1,2648
43.5,0,6,2,2656
43.5,0,6,3,2665
43.5,0,6,4,2673
43.5,0,6,5,2682
43.5,0,6,6,2690
43.5,0,6,7,2698
43.5,0,6,8,2707
43.5,0,6,9,2715
43.5,0,6,10,2723
43.5,0,6,11,2731
43.5,0,6,12,2740
43.5,0,6,13,2748
43.5,0,6,14,2756
43.5,0,6,15,2764
43.5,0,7,0,2648
43.5,0,7,1,2656
43.5,0,7,2,2665
43.5,0,7,3,2673
43.5,0,7,4,2682
43.5,0,7,5,2690
43.5,0,7,6,2699
43.5,0,7,7,2707
43.5,0,7,8,2715
43.5,0,7,9,2724
43.5,0,7,10,2732
43.5,0,7,11,2740
43.5,0,7,12,2748
43.5,0,7,13,2757
43.5,0,7,14,2765
43.5,0,7,15,2773
43.5,0,8,0,2656
43.5,0,8,1,2665
43.5,0,8,2,2673
43.5,0,8,3,2682
43.5,0,8,4,2690
43.5,0,8,5,2699
43.5,0,8,6,2707
43.5,0,8,7,2716
43.5,0,8,8,2724
43.5,0,8,9,2732
43.5,0,8,10,2741
43.5,0,8,11,2749
43.5,0,8,12,2757
43.5,0,8,13,2766
43.5,0,8,14,2774
43.5,0,8,15,2782
43.5,0,9,0,2665
43.5,0,9,1,2673
43.5,0,9,2,2682
43.5,0,9,3,2690
43.5,0,9,4,2699
43.5,0,9,5,2707
43.5,0,9,6,2716
43.5,0,9,7,2724
43.5,0,9,8,2733
43.5,0,9,9,2741
43.5,0,9,10,2749
43.5,0,9,11,2758
43.5,0,9,12,2766
43.5,0,9,13,2774
43.5,0,9,14,2783
43.5,0,9,15,2791
43.5,0,10,0,2673
43.5,0,10,1,2682
43.5,0,10,2,2690
43.5,0,10,3,2699
43.5,0,10,4,2707
43.5,0,10,5,2716
43.5,0,10,6,2724
43.5,0,10,7,2733
43.5,0,10,8,2741
43.5,0,10,9,2750
43.5,0,10,10,2758
43.5,0,10,11,2766
43.5,0,10,12,2775
43.5,0,10,13,2783
43.5,0,10,14,2791
43.5,0,10,15,2800
43.5,0,11,0,2682
43.5,0,11,1,2690
43.5,0,11,2,2699
43.5,0,11,3,2707
43.5,0,11,4,2716
43.5,0,11,5,2725
43.5,0,11,6,2733
43.5,0,11,7,2741
43.5,0,11,8,2750
43.5,0,11,9,2758
43.5,0,11,10,2767
43.5,0,11,11,2775
43.5,0,11,12,2783
43.5,0,11,13,2792
43.5,0,11,14,2800
43.5,0,11,15,2808
43.5,0,12,0,2690
43.5,0,12,1,2699
43.5,0,12,2,2707
43.5,0,12,3,2716
43.5,0,12,4,2724
43.5,0,12,5,2733
43.5,0,12,6,2742
43.5,0,12,7,2750
43.5,0,12,8,2759
43.5,0,12,9,2767
43.5,0,12,10,2775
43.5,0,12,11,2784
43.5,0,12,12,2792
43.5,0,12,13,2801
43.5,0,12,14,2809
43.5,0,12,15,2817
43.5,0,13,0,2698
43.5,0,13,1,2707
43.5,0,13,2,2716
43.5,0,13,3,2724
43.5,0,13,4,2733
43.5,0,13,5,2741
43.5,0,13,6,2750
43.5,0,13,7,2759
43.5,0,13,8,2767
43.5,0,13,9,2776
43.5,0,13,10,2784
43.5,0,13,11,2792
43.5,0,13,12,2801
43.5,0,13,13,2809
43.5,0,13,14,2818
43.5,0,13,15,2826
43.5,0,14,0,2707
43.5,0,14,1,2715
43.5,0,14,2,2724
43.5,0,14,3,2733
43.5,0,14,4,2741
43.5,0,14,5,2750
43.5,0,14,6,2759
43.5,0,14,7,2767
43.5,0,14,8,2776
43.5,0,14,9,2784
43.5,0,14,10,2793
43.5,0,14,11,2801
43.5,0,14,12,2809
43.5,0,14,13,2818
43.5,0,14,14,2826
43.5,0,14,15,2835
43.5,0,15,0,2715
43.5,0,15,1,2724
43.5,0,15,2,2732
43.5,0,15,3,2741
43.5,0,15,4,2750
43.5,0,15,5,2758
43.5,0,15,6,2767
43.5,0,15,7,2776
43.5,0,15,8,2784
43.5,0,15,9,2793
43.5,0,15,10,2801
43.5,0,15,11,2810
43.5,0,15,12,2818
43.5,0,15,13,2826
43.5,0,15,14,2835
43.5,0,15,15,2843
43.5,1,0,0,2598
43.5,1,0,1,2606
43.5,1,0,2,2614
43.5,1,0,3,2623
43.5,1,0,4,2631
43.5,1,0,5,2639
43.5,1,0,6,2647
43.5,1,0,7,2656
43.5,1,0,8,2664
43.5,1,0,9,2672
43.5,1,0,10,2680
43.5,1,0,11,2688
43.5,1,0,12,2696
43.5,1,0,13,2704
43.5,1,0,14,2712
43.5,1,0,15,2720
43.5,1,1,0,2606
43.5,1,1,1,2615
43.5,1,1,2,2623
43.5,1,1,3,2631
43.5,1,1,4,2640
43.5,1,1,5,2648
43.5,1,1,6,2656
43.5,1,1,7,2665
43.5,1,1,8,2673
43.5,1,1,9,2681
43.5,1,1,10,2689
43.5,1,1,11,2697
43.5,1,1,12,2705
43.5,1,1,13,2713
43.5,1,1,14,2722
43.5,1,1,15,2730
43.5,1,2,0,2615
43.5,1,2,1,2623
43.5,1,2,2,2632
43.5,1,2,3,2640
43.5,1,2,4,2649
43.5,1,2,5,2657
43.5,1,2,6,2665
43.5,1,2,7,2673
43.5,1,2,8,2682
43.5,1,2,9,2690
43.5,1,2,10,2698
43.5,1,2,11,2706
43.5,1,2,12,2714
43.5,1,2,13,2723
43.5,1,2,14,2731
43.5,1,2,15,2739
43.5,1,3,0,2624
43.5,1,3,1,2632
43.5,1,3,2,2641
43.5,1,3,3,2649
43.5,1,3,4,2657
43.5,1,3,5,2666
43.5,1,3,6,2674
43.5,1,3,7,2682
43.5,1,3,8,2691
43.5,1,3,9,2699
43.5,1,3,10,2707
43.5,1,3,11,2715
43.5,1,3,12,2723
43.5,1,3,13,2732
43.5,1,3,14,2740
43.5,1,3,15,2748
43.5,1,4,0,2632
43.5,1,4,1,2641
43.5,1,4,2,2649
43.5,1,4,3,2658
43.5,1,4,4,2666
43.5,1,4,5,2674
43.5,1,4,6,2683
43.5,1,4,7,2691
43.5,1,4,8,2699
43.5,1,4,9,2708
43.5,1,4,10,2716
43.5,1,4,11,2724
43.5,1,4,12,2732
43.5,1,4,13,2741
43.5,1,4,14,2749
43.5,1,4,15,2757
43.5,1,5,0,2641
43.5,1,5,1,2649
43.5,1,5,2,2658
43.5,1,5,3,2666
43.5,1,5,4,2675
43.5,1,5,5,2683
43.5,1,5,6,2692
43.5,1,5,7,2700
43.5,1,5,8,2708
43.5,1,5,9,2717
43.5,1,5,10,2725
43.5,1,5,11,2733
43.5,1,5,12,2741
43.5,1,5,13,2749
43.5,1,5,14,2758
43.5,1,5,15,2766
43.5,1,6,0,2649
43.5,1,6,1,2658
43.5,1,6,2,2667
43.5,1,6,3,2675
43.5,1,6,4,2683
43.5,1,6,5,2692
43.5,1,6,6,2700
43.5,1,6,7,2709
43.5,1,6,8,2717
43.5,1,6,9,2725
43.5,1,6,10,2734
43.5,1,6,11,2742
43.5,1,6,12,2750
43.5,1,6,13,2758
43.5,1,6,14,2767
43.5,1,6,15,2775
43.5,1,7,0,2658
43.5,1,7,1,2667
43.5,1,7,2,2675
43.5,1,7,3,2684
43.5,1,7,4,2692
43.5,1,7,5,2701
43.5,1,7,6,2709
43.5,1,7,7,2717
43.5,1,7,8,2726
43.5,1,7,9,2734
43.5,1,7,10,2742
43.5,1,7,11,2751
43.5,1,7,12,2759
43.5,1,7,13,2767
43.5,1,7,14,2775
43.5,1,7,15,2784
43.5,1,8,0,2667
43.5,1,8,1,2675
43.5,1,8,2,2684
43.5,1,8,3,2692
43.5,1,8,4,2701
43.5,1,8,5,2709
43.5,1,8,6,2718
43.5,1,8,7,2726
43.5,1,8,8,2734
43.5,1,8,9,2743
43.5,1,8,10,2751
43.5,1,8,11,2760
43.5,1,8,12,2768
43.5,1,8,13,2776
43.5,1,8,14,2784
43.5,1,8,15,2793
43.5,1,9,0,2675
43.5,1,9,1,2684
43.5,1,9,2,2692
43.5,1,9,3,2701
43.5,1,9,4,2709
43.5,1,9,5,2718
43.5,1,9,6,2726
43.5,1,9,7,2735
43.5,1,9,8,2743
43.5,1,9,9,2752
43.5,1,9,10,2760
43.5,1,9,11,2768
43.5,1,9,12,2777
43.5,1,9,13,2785
43.5,1,9,14,2793
43.5,1,9,15,2801
43.5,1,10,0,2683
43.5,1,10,1,2692
43.5,1,10,2,2701
43.5,1,10,3,2709
43.5,1,10,4,2718
43.5,1,10,5,2726
43.5,1,10,6,2735
43.5,1,10,7,2743
43.5,1,10,8,2752
43.5,1,10,9,2760
43.5,1,10,10,2769
43.5,1,10,11,2777
43.5,1,10,12,2785
43.5,1,10,13,2794
43.5,1,10,14,2802
43.5,1,10,15,2810
43.5,1,11,0,2692
43.5,1,11,1,2701
43.5,1,11,2,2709
43.5,1,11,3,2718
43.5,1,11,4,2726
43.5,1,11,5,2735
43.5,1,11,6,2743
43.5,1,11,7,2752
43.5,1,11,8,2760
43.5,1,11,9,2769
43.5,1,11,10,2777
43.5,1,11,11,2786
43.5,1,11,12,2794
43.5,1,11,13,2803
43.5,1,11,14,2811
43.5,1,11,15,2819
43.5,1,12,0,2700
43.5,1,12,1,2709
43.5,1,12,2,2718
43.5,1,12,3,2726
43.5,1,12,4,2735
43.5,1,12,5,2743
43.5,1,12,6,2752
43.5,1,12,7,2761
43.5,1,12,8,2769
43.5,1,12,9,2778
43.5,1,12,10,2786
43.5,1,12,11,2794
43.5,1,12,12,2803
43.5,1,12,13,2811
43.5,1,12,14,2820
43.5,1,12,15,2828
43.5,1,13,0,2709
43.5,1,13,1,2717
43.5,1,13,2,2726
43.5,1,13,3,2735
43.5,1,13,4,2743
43.5,1,13,5,2752
43.5,1,13,6,2761
43.5,1,13,7,2769
43.5,1,13,8,2778
43.5,1,13,9,2786
43.5,1,13,10,2795
43.5,1,13,11,2803
43.5,1,13,12,2812
43.5,1,13,13,2820
43.5,1,13,14,2828
43.5,1,13,15,2837
43.5,1,14,0,2717
43.5,1,14,1,2726
43.5,1,14,2,2734
43.5,1,14,3,2743
43.5,1,14,4,2752
43.5,1,14,5,2760
43.5,1,14,6,2769
43.5,1,14,7,2778
43.5,1,14,8,2786
43.5,1,14,9,2795
43.5,1,14,10,2803
43.5,1,14,11,2812
43.5,1,14,12,2820
43.5,1,14,13,2829
43.5,1,14,14,2837
43.5,1,14,15,2845
43.5,1,15,0,2725
43.5,1,15,1,2734
43.5,1,15,2,2743
43.5,1,15,3,2752
43.5,1,15,4,2760
43.5,1,15,5,2769
43.5,1,15,6,2778
43.5,1,15,7,2786
43.5,1,15,8,2795
43.5,1,15,9,2803
43.5,1,15,10,2812
43.5,1,15,11,2820
43.5,1,15,12,2829
43.5,1,15,13,2837
43.5,1,15,14,2846
43.5,1,15,15,2854
43.5,2,0,0,2608
43.5,2,0,1,2616
43.5,2,0,2,2624
43.5,2,0,3,2633
43.5,2,0,4,2641
43.5,2,0,5,2649
43.5,2,0,6,2658
43.5,2,0,7,2666
43.5,2,0,8,2674
43.5,2,0,9,2682
43.5,2,0,10,2690
43.5,2,0,11,2699
43.5,2,0,12,2707
43.5,2,0,13,2715
43.5,2,0,14,2723
43.5,2,0,15,2731
43.5,2,1,0,2616
43.5,2,1,1,2625
43.5,2,1,2,2633
43.5,2,1,3,2642
43.5,2,1,4,2650
43.5,2,1,5,2658
43.5,2,1,6,2666
43.5,2,1,7,2675
43.5,2,1,8,2683
43.5,2,1,9,2691
43.5,2,1,10,2699
43.5,2,1,11,2708
43.5,2,1,12,2716
43.5,2,1,13,2724
43.5,2,1,14,2732
43.5,2,1,15,2740
43.5,2,2,0,2625
43.5,2,2,1,2633
43.5,2,2,2,2642
43.5,2,2,3,2650
43.5,2,2,4,2659
43.5,2,2,5,2667
43.5,2,2,6,2675
43.5,2,2,7,2684
43.5,2,2,8,2692
43.5,2,2,9,2700
43.5,2,2,10,2708
43.5,2,2,11,2717
43.5,2,2,12,2725
43.5,2,2,13,2733
43.5,2,2,14,2741
43.5,2,2,15,2749
43.5,2,3,0,2634
43.5,2,3,1,2642
43.5,2,3,2,2651
43.5,2,3,3,2659
43.5,2,3,4,2667
43.5,2,3,5,2676
43.5,2,3,6,2684
43.5,2,3,7,2693
43.5,2,3,8,2701
43.5,2,3,9,2709
43.5,2,3,10,2717
43.5,2,3,11,2726
43.5,2,3,12,2734
43.5,2,3,13,2742
43.5,2,3,14,2750
43.5,2,3,15,2758
43.5,2,4,0,2642
43.5,2,4,1,2651
43.5,2,4,2,2659
43.5,2,4,3,2668
43.5,2,4,4,2676
43.5,2,4,5,2685
43.5,2,4,6,2693
43.5,2,4,7,2701
43.5,2,4,8,2710
43.5,2,4,9,2718
43.5,2,4,10,2726
43.5,2,4,11,2735
43.5,2,4,12,2743
43.5,2,4,13,2751
43.5,2,4,14,2759
43.5,2,4,15,2767
43.5,2,5,0,2651
43.5,2,5,1,2660
43.5,2,5,2,2668
43.5,2,5,3,2677
43.5,2,5,4,2685
43.5,2,5,5,2693
43.5,2,5,6,2702
43.5,2,5,7,2710
43.5,2,5,8,2719
43.5,2,5,9,2727
43.5,2,5,10,2735
43.5,2,5,11,2743
43.5,2,5,12,2752
43.5,2,5,13,2760
43.5,2,5,14,2768
43.5,2,5,15,2776
43.5,2,6,0,2660
43.5,2,6,1,2668
43.5,2,6,2,2677
43.5,2,6,3,2685
43.5,2,6,4,2694
43.5,2,6,5,2702
43.5,2,6,6,2711
43.5,2,6,7,2719
43.5,2,6,8,2727
43.5,2,6,9,2736
43.5,2,6,10,2744
43.5,2,6,11,2752
43.5,2,6,12,2761
43.5,2,6,13,2769
43.5,2,6,14,2777
43.5,2,6,15,2785
43.5,2,7,0,2668
43.5,2,7,1,2677
43.5,2,7,2,2685
43.5,2,7,3,2694
43.5,2,7,4,2702
43.5,2,7,5,2711
43.5,2,7,6,2719
43.5,2,7,7,2728
43.5,2,7,8,2736
43.5,2,7,9,2745
43.5,2,7,10,2753
43.5,2,7,11,2761
43.5,2,7,12,2770
43.5,2,7,13,2778
43.5,2,7,14,2786
43.5,2,7,15,2794
43.5,2,8,0,2677
43.5,2,8,1,2685
43.5,2,8,2,2694
43.5,2,8,3,2702
43.5,2,8,4,2711
43.5,2,8,5,2720
43.5,2,8,6,2728
43.5,2,8,7,2736
43.5,2,8,8,2745
43.5,2,8,9,2753
43.5,2,8,10,2762
43.5,2,8,11,2770
43.5,2,8,12,2778
43.5,2,8,13,2787
43.5,2,8,14,2795
43.5,2,8,15,2803
43.5,2,9,0,2685
43.5,2,9,1,2694
43.5,2,9,2,2702
43.5,2,9,3,2711
43.5,2,9,4,2720
43.5,2,9,5,2728
43.5,2,9,6,2737
43.5,2,9,7,2745
43.5,2,9,8,2754
43.5,2,9,9,2762
43.5,2,9,10,2770
43.5,2,9,11,2779
43.5,2,9,12,2787
43.5,2,9,13,2796
43.5,2,9,14,2804
43.5,2,9,15,2812
43.5,2,10,0,2694
43.5,2,10,1,2702
43.5,2,10,2,2711
43.5,2,10,3,2720
43.5,2,10,4,2728
43.5,2,10,5,2737
43.5,2,10,6,2745
43.5,2,10,7,2754
43.5,2,10,8,2762
43.5,2,10,9,2771
43.5,2,10,10,2779
43.5,2,10,11,2788
43.5,2,10,12,2796
43.5,2,10,13,2804
43.5,2,10,14,2813
43.5,2,10,15,2821
43.5,2,11,0,2702
43.5,2,11,1,2711
43.5,2,11,2,2720
43.5,2,11,3,2728
43.5,2,11,4,2737
43.5,2,11,5,2745
43.5,2,11,6,2754
43.5,2,11,7,2763
43.5,2,11,8,2771
43.5,2,11,9,2780
43.5,2,11,10,2788
43.5,2,11,11,2796
43.5,2,11,12,2805
43.5,2,11,13,2813
43.5,2,11,14,2822
43.5,2,11,15,2830
43.5,2,12,0,2711
43.5,2,12,1,2719
43.5,2,12,2,2728
43.5,2,12,3,2737
43.5,2,12,4,2745
43.5,2,12,5,2754
43.5,2,12,6,2763
43.5,2,12,7,2771
43.5,2,12,8,2780
43.5,2,12,9,2788
43.5,2,12,10,2797
43.5,2,12,11,2805
43.5,2,12,12,2814
43.5,2,12,13,2822
43.5,2,12,14,2830
43.5,2,12,15,2839
43.5,2,13,0,2719
43.5,2,13,1,2728
43.5,2,13,2,2736
43.5,2,13,3,2745
43.5,2,13,4,2754
43.5,2,13,5,2763
43.5,2,13,6,2771
43.5,2,13,7,2780
43.5,2,13,8,2788
43.5,2,13,9,2797
43.5,2,13,10,2805
43.5,2,13,11,2814
43.5,2,13,12,2822
43.5,2,13,13,2831
43.5,2,13,14,2839
43.5,2,13,15,2848
43.5,2,14,0,2727
43.5,2,14,1,2736
43.5,2,14,2,2745
43.5,2,14,3,2754
43.5,2,14,4,2762
43.5,2,14,5,2771
43.5,2,14,6,2780
43.5,2,14,7,2788
43.5,2,14,8,2797
43.5,2,14,9,2805
43.5,2,14,10,2814
43.5,2,14,11,2823
43.5,2,14,12,2831
43.5,2,14,13,2839
43.5,2,14,14,2848
43.5,2,14,15,2856
43.5,2,15,0,2736
43.5,2,15,1,2745
43.5,2,15,2,2753
43.5,2,15,3,2762
43.5,2,15,4,2771
43.5,2,15,5,2780
43.5,2,15,6,2788
43.5,2,15,7,2797
43.5,2,15,8,2805
43.5,2,15,9,2814
43.5,2,15,10,2823
43.5,2,15,11,2831
43.5,2,15,12,2840
43.5,2,15,13,2848
43.5,2,15,14,2857
43.5,2,15,15,2865
43.5,3,0,0,2618
43.5,3,0,1,2626
43.5,3,0,2,2634
43.5,3,0,3,2643
43.5,3,0,4,2651
43.5,3,0,5,2659
43.5,3,0,6,2668
43.5,3,0,7,2676
43.5,3,0,8,2684
43.5,3,0,9,2692
43.5,3,0,10,2701
43.5,3,0,11,2709
43.5,3,0,12,2717
43.5,3,0,13,2725
43.5,3,0,14,2733
43.5,3,0,15,2741
43.5,3,1,0,2626
43.5,3,1,1,2635
43.5,3,1,2,2643
43.5,3,1,3,2652
43.5,3,1,4,2660
43.5,3,1,5,2668
43.5,3,1,6,2677
43.5,3,1,7,2685
43.5,3,1,8,2693
43.5,3,1,9,2701
43.5,3,1,10,2710
43.5,3,1,11,2718
43.5,3,1,12,2726
43.5,3,1,13,2734
43.5,3,1,14,2742
43.5,3,1,15,2750
43.5,3,2,0,2635
43.5,3,2,1,2644
43.5,3,2,2,2652
43.5,3,2,3,2660
43.5,3,2,4,2669
43.5,3,2,5,2677
43.5,3,2,6,2686
43.5,3,2,7,2694
43.5,3,2,8,2702
43.5,3,2,9,2710
43.5,3,2,10,2719
43.5,3,2,11,2727
43.5,3,2,12,2735
43.5,3,2,13,2743
43.5,3,2,14,2751
43.5,3,2,15,2760
43.5,3,3,0,2644
43.5,3,3,1,2652
43.5,3,3,2,2661
43.5,3,3,3,2669
43.5,3,3,4,2678
43.5,3,3,5,2686
43.5,3,3,6,2694
43.5,3,3,7,2703
43.5,3,3,8,2711
43.5,3,3,9,2719
43.5,3,3,10,2728
43.5,3,3,11,2736
43.5,3,3,12,2744
43.5,3,3,13,2752
43.5,3,3,14,2761
43.5,3,3,15,2769
43.5,3,4,0,2652
43.5,3,4,1,2661
43.5,3,4,2,2669
43.5,3,4,3,2678
43.5,3,4,4,2686
43.5,3,4,5,2695
43.5,3,4,6,2703
43.5,3,4,7,2712
43.5,3,4,8,2720
43.5,3,4,9,2728
43.5,3,4,10,2737
43.5,3,4,11,2745
43.5,3,4,12,2753
43.5,3,4,13,2761
43.5,3,4,14,2770
43.5,3,4,15,2778
43.5,3,5,0,2661
43.5,3,5,1,2670
43.5,3,5,2,2678
43.5,3,5,3,2687
43.5,3,5,4,2695
43.5,3,5,5,2704
43.5,3,5,6,2712
43.5,3,5,7,2721
43.5,3,5,8,2729
43.5,3,5,9,2737
43.5,3,5,10,2746
43.5,3,5,11,2754
43.5,3,5,12,2762
43.5,3,5,13,2770
43.5,3,5,14,2779
43.5,3,5,15,2787
43.5,3,6,0,2670
43.5,3,6,1,2678
43.5,3,6,2,2687
43.5,3,6,3,2695
43.5,3,6,4,2704
43.5,3,6,5,2712
43.5,3,6,6,2721
43.5,3,6,7,2729
43.5,3,6,8,2738
43.5,3,6,9,2746
43.5,3,6,10,2754
43.5,3,6,11,2763
43.5,3,6,12,2771
43.5,3,6,13,2779
43.5,3,6,14,2788
43.5,3,6,15,2796
43.5,3,7,0,2678
43.5,3,7,1,2687
43.5,3,7,2,2696
43.5,3,7,3,2704
43.5,3,7,4,2713
43.5,3,7,5,2721
43.5,3,7,6,2730
43.5,3,7,7,2738
43.5,3,7,8,2747
43.5,3,7,9,2755
43.5,3,7,10,2763
43.5,3,7,11,2772
43.5,3,7,12,2780
43.5,3,7,13,2788
43.5,3,7,14,2797
43.5,3,7,15,2805
43.5,3,8,0,2687
43.5,3,8,1,2696
43.5,3,8,2,2704
43.5,3,8,3,2713
43.5,3,8,4,2721
43.5,3,8,5,2730
43.5,3,8,6,2738
43.5,3,8,7,2747
43.5,3,8,8,2755
43.5,3,8,9,2764
43.5,3,8,10,2772
43.5,3,8,11,2781
43.5,3,8,12,2789
43.5,3,8,13,2797
43.5,3,8,14,2806
43.5,3,8,15,2814
43.5,3,9,0,2695
43.5,3,9,1,2704
43.5,3,9,2,2713
43.5,3,9,3,2721
43.5,3,9,4,2730
43.5,3,9,5,2739
43.5,3,9,6,2747
43.5,3,9,7,2756
43.5,3,9,8,2764
43.5,3,9,9,2773
43.5,3,9,10,2781
43.5,3,9,11,2789
43.5,3,9,12,2798
43.5,3,9,13,2806
43.5,3,9,14,2815
43.5,3,9,15,2823
43.5,3,10,0,2704
43.5,3,10,1,2713
43.5,3,10,2,2721
43.5,3,10,3,2730
43.5,3,10,4,2739
43.5,3,10,5,2747
43.5,3,10,6,2756
43.5,3,10,7,2764
43.5,3,10,8,2773
43.5,3,10,9,2781
43.5,3,10,10,2790
43.5,3,10,11,2798
43.5,3,10,12,2807
43.5,3,10,13,2815
43.5,3,10,14,2823
43.5,3,10,15,2832
43.5,3,11,0,2712
43.5,3,11,1,2721
43.5,3,11,2,2730
43.5,3,11,3,2739
43.5,3,11,4,2747
43.5,3,11,5,2756
43.5,3,11,6,2764
43.5,3,11,7,2773
43.5,3,11,8,2782
43.5,3,11,9,2790
43.5,3,11,10,2799
43.5,3,11,11,2807
43.5,3,11,12,2815
43.5,3,11,13,2824
43.5,3,11,14,2832
43.5,3,11,15,2841
43.5,3,12,0,2721
43.5,3,12,1,2730
43.5,3,12,2,2738
43.5,3,12,3,2747
43.5,3,12,4,2756
43.5,3,12,5,2764
43.5,3,12,6,2773
43.5,3,12,7,2782
43.5,3,12,8,2790
43.5,3,12,9,2799
43.5,3,12,10,2807
43.5,3,12,11,2816
43.5,3,12,12,2824
43.5,3,12,13,2833
43.5,3,12,14,2841
43.5,3,12,15,2850
43.5,3,13,0,2729
43.5,3,13,1,2738
43.5,3,13,2,2747
43.5,3,13,3,2756
43.5,3,13,4,2764
43.5,3,13,5,2773
43.5,3,13,6,2782
43.5,3,13,7,2790
43.5,3,13,8,2799
43.5,3,13,9,2807
43.5,3,13,10,2816
43.5,3,13,11,2825
43.5,3,13,12,2833
43.5,3,13,13,2841
43.5,3,13,14,2850
43.5,3,13,15,2858
43.5,3,14,0,2738
43.5,3,14,1,2747
43.5,3,14,2,2755
43.5,3,14,3,2764
43.5,3,14,4,2773
43.5,3,14,5,2782
43.5,3,14,6,2790
43.5,3,14,7,2799
43.5,3,14,8,2808
43.5,3,14,9,2816
43.5,3,14,10,2825
43.5,3,14,11,2833
43.5,3,14,12,2842
43.5,3,14,13,2850
43.5,3,14,14,2859
43.5,3,14,15,2867
43.5,3,15,0,2746
43.5,3,15,1,2755
43.5,3,15,2,2764
43.5,3,15,3,2773
43.5,3,15,4,2781
43.5,3,15,5,2790
43.5,3,15,6,2799
43.5,3,15,7,2807
43.5,3,15,8,2816
43.5,3,15,9,2825
43.5,3,15,10,2833
43.5,3,15,11,2842
43.5,3,15,12,2850
43.5,3,15,13,2859
43.5,3,15,14,2867
43.5,3,15,15,2876
43.5,4,0,0,2627
43.5,4,0,1,2636
43.5,4,0,2,2644
43.5,4,0,3,2653
43.5,4,0,4,2661
43.5,4,0,5,2669
43.5,4,0,6,2678
43.5,4,0,7,2686
43.5,4,0,8,2694
43.5,4,0,9,2703
43.5,4,0,10,2711
43.5,4,0,11,2719
43.5,4,0,12,2727
43.5,4,0,13,2735
43.5,4,0,14,2744
43.5,4,0,15,2752
43.5,4,1,0,2636
43.5,4,1,1,2645
43.5,4,1,2,2653
43.5,4,1,3,2662
43.5,4,1,4,2670
43.5,4,1,5,2678
43.5,4,1,6,2687
43.5,4,1,7,2695
43.5,4,1,8,2703
43.5,4,1,9,2712
43.5,4,1,10,2720
43.5,4,1,11,2728
43.5,4,1,12,2736
43.5,4,1,13,2745
43.5,4,1,14,2753
43.5,4,1,15,2761
43.5,4,2,0,2645
43.5,4,2,1,2654
43.5,4,2,2,2662
43.5,4,2,3,2670
43.5,4,2,4,2679
43.5,4,2,5,2687
43.5,4,2,6,2696
43.5,4,2,7,2704
43.5,4,2,8,2712
43.5,4,2,9,2721
43.5,4,2,10,2729
43.5,4,2,11,2737
43.5,4,2,12,2745
43.5,4,2,13,2754
43.5,4,2,14,2762
43.5,4,2,15,2770
43.5,4,3,0,2654
43.5,4,3,1,2662
43.5,4,3,2,2671
43.5,4,3,3,2679
43.5,4,3,4,2688
43.5,4,3,5,2696
43.5,4,3,6,2705
43.5,4,3,7,2713
43.5,4,3,8,2721
43.5,4,3,9,2730
43.5,4,3,10,2738
43.5,4,3,11,2746
43.5,4,3,12,2755
43.5,4,3,13,2763
43.5,4,3,14,2771
43.5,4,3,15,2779
43.5,4,4,0,2662
43.5,4,4,1,2671
43.5,4,4,2,2680
43.5,4,4,3,2688
43.5,4,4,4,2697
43.5,4,4,5,2705
43.5,4,4,6,2714
43.5,4,4,7,2722
43.5,4,4,8,2730
43.5,4,4,9,2739
43.5,4,4,10,2747
43.5,4,4,11,2755
43.5,4,4,12,2764
43.5,4,4,13,2772
43.5,4,4,14,2780
43.5,4,4,15,2788
43.5,4,5,0,2671
43.5,4,5,1,2680
43.5,4,5,2,2688
43.5,4,5,3,2697
43.5,4,5,4,2705
43.5,4,5,5,2714
43.5,4,5,6,2722
43.5,4,5,7,2731
43.5,4,5,8,2739
43.5,4,5,9,2748
43.5,4,5,10,2756
43.5,4,5,11,2764
43.5,4,5,12,2773
43.5,4,5,13,2781
43.5,4,5,14,2789
43.5,4,5,15,2797
43.5,4,6,0,2680
43.5,4,6,1,2688
43.5,4,6,2,2697
43.5,4,6,3,2706
43.5,4,6,4,2714
43.5,4,6,5,2723
43.5,4,6,6,2731
43.5,4,6,7,2740
43.5,4,6,8,2748
43.5,4,6,9,2757
43.5,4,6,10,2765
43.5,4,6,11,2773
43.5,4,6,12,2782
43.5,4,6,13,2790
43.5,4,6,14,2798
43.5,4,6,15,2807
43.5,4,7,0,2688
43.5,4,7,1,2697
43.5,4,7,2,2706
43.5,4,7,3,2714
43.5,4,7,4,2723
43.5,4,7,5,2731
43.5,4,7,6,2740
43.5,4,7,7,2748
43.5,4,7,8,2757
43.5,4,7,9,2765
43.5,4,7,10,2774
43.5,4,7,11,2782
43.5,4,7,12,2791
43.5,4,7,13,2799
43.5,4,7,14,2807
43.5,4,7,15,2816
43.5,4,8,0,2697
43.5,4,8,1,2706
43.5,4,8,2,2714
43.5,4,8,3,2723
43.5,4,8,4,2732
43.5,4,8,5,2740
43.5,4,8,6,2749
43.5,4,8,7,2757
43.5,4,8,8,2766
43.5,4,8,9,2774
43.5,4,8,10,2783
43.5,4,8,11,2791
43.5,4,8,12,2800
43.5,4,8,13,2808
43.5,4,8,14,2816
43.5,4,8,15,2825
43.5,4,9,0,2706
43.5,4,9,1,2714
43.5,4,9,2,2723
43.5,4,9,3,2732
43.5,4,9,4,2740
43.5,4,9,5,2749
43.5,4,9,6,2758
43.5,4,9,7,2766
43.5,4,9,8,2775
43.5,4,9,9,2783
43.5,4,9,10,2792
43.5,4,9,11,2800
43.5,4,9,12,2808
43.5,4,9,13,2817
43.5,4,9,14,2825
43.5,4,9,15,2834
43.5,4,10,0,2714
43.5,4,10,1,2723
43.5,4,10,2,2732
43.5,4,10,3,2740
43.5,4,10,4,2749
43.5,4,10,5,2758
43.5,4,10,6,2766
43.5,4,10,7,2775
43.5,4,10,8,2783
43.5,4,10,9,2792
43.5,4,10,10,2800
43.5,4,10,11,2809
43.5,4,10,12,2817
43.5,4,10,13,2826
43.5,4,10,14,2834
43.5,4,10,15,2842
43.5,4,11,0,2723
43.5,4,11,1,2731
43.5,4,11,2,2740
43.5,4,11,3,2749
43.5,4,11,4,2758
43.5,4,11,5,2766
43.5,4,11,6,2775
43.5,4,11,7,2784
43.5,4,11,8,2792
43.5,4,11,9,2801
43.5,4,11,10,2809
43.5,4,11,11,2818
43.5,4,11,12,2826
43.5,4,11,13,2835
43.5,4,11,14,2843
43.5,4,11,15,2851
43.5,4,12,0,2731
43.5,4,12,1,2740
43.5,4,12,2,2749
43.5,4,12,3,2758
43.5,4,12,4,2766
43.5,4,12,5,2775
43.5,4,12,6,2784
43.5,4,12,7,2792
43.5,4,12,8,2801
43.5,4,12,9,2809
43.5,4,12,10,2818
43.5,4,12,11,2826
43.5,4,12,12,2835
43.5,4,12,13,2843
43.5,4,12,14,2852
43.5,4,12,15,2860
43.5,4,13,0,2740
43.5,4,13,1,2748
43.5,4,13,2,2757
43.5,4,13,3,2766
43.5,4,13,4,2775
43.5,4,13,5,2784
43.5,4,13,6,2792
43.5,4,13,7,2801
43.5,4,13,8,2809
43.5,4,13,9,2818
43.5,4,13,10,2827
43.5,4,13,11,2835
43.5,4,13,12,2844
43.5,4,13,13,2852
43.5,4,13,14,2861
43.5,4,13,15,2869
43.5,4,14,0,2748
43.5,4,14,1,2757
43.5,4,14,2,2766
43.5,4,14,3,2775
43.5,4,14,4,2783
43.5,4,14,5,2792
43.5,4,14,6,2801
43.5,4,14,7,2809
43.5,4,14,8,2818
43.5,4,14,9,2827
43.5,4,14,10,2835
43.5,4,14,11,2844
43.5,4,14,12,2853
43.5,4,14,13,2861
43.5,4,14,14,2870
43.5,4,14,15,2878
43.5,4,15,0,2757
43.5,4,15,1,2765
43.5,4,15,2,2774
43.5,4,15,3,2783
43.5,4,15,4,2792
43.5,4,15,5,2801
43.5,4,15,6,2809
43.5,4,15,7,2818
43.5,4,15,8,2827
43.5,4,15,9,2835
43.5,4,15,10,2844
43.5,4,15,11,2853
43.5,4,15,12,2861
43.5,4,15,13,2870
43.5,4,15,14,2878
43.5,4,15,15,2887
43.5,5,0,0,2637
43.5,5,0,1,2646
43.5,5,0,2,2654
43.5,5,0,3,2663
43.5,5,0,4,2671
43.5,5,0,5,2680
43.5,5,0,6,2688
43.5,5,0,7,2696
43.5,5,0,8,2705
43.5,5,0,9,2713
43.5,5,0,10,2721
43.5,5,0,11,2729
43.5,5,0,12,2738
43.5,5,0,13,2746
43.5,5,0,14,2754
43.5,5,0,15,2762
43.5,5,1,0,2646
43.5,5,1,1,2655
43.5,5,1,2,2663
43.5,5,1,3,2672
43.5,5,1,4,2680
43.5,5,1,5,2689
43.5,5,1,6,2697
43.5,5,1,7,2705
43.5,5,1,8,2714
43.5,5,1,9,2722
43.5,5,1,10,2730
43.5,5,1,11,2738
43.5,5,1,12,2747
43.5,5,1,13,2755
43.5,5,1,14,2763
43.5,5,1,15,2771
43.5,5,2,0,2655
43.5,5,2,1,2664
43.5,5,2,2,2672
43.5,5,2,3,2681
43.5,5,2,4,2689
43.5,5,2,5,2697
43.5,5,2,6,2706
43.5,5,2,7,2714
43.5,5,2,8,2723
43.5,5,2,9,2731
43.5,5,2,10,2739
43.5,5,2,11,2748
43.5,5,2,12,2756
43.5,5,2,13,2764
43.5,5,2,14,2772
43.5,5,2,15,2781
43.5,5,3,0,2664
43.5,5,3,1,2672
43.5,5,3,2,2681
43.5,5,3,3,2689
43.5,5,3,4,2698
43.5,5,3,5,2706
43.5,5,3,6,2715
43.5,5,3,7,2723
43.5,5,3,8,2732
43.5,5,3,9,2740
43.5,5,3,10,2748
43.5,5,3,11,2757
43.5,5,3,12,2765
43.5,5,3,13,2773
43.5,5,3,14,2781
43.5,5,3,15,2790
43.5,5,4,0,2673
43.5,5,4,1,2681
43.5,5,4,2,2690
43.5,5,4,3,2698
43.5,5,4,4,2707
43.5,5,4,5,2715
43.5,5,4,6,2724
43.5,5,4,7,2732
43.5,5,4,8,2741
43.5,5,4,9,2749
43.5,5,4,10,2757
43.5,5,4,11,2766
43.5,5,4,12,2774
43.5,5,4,13,2782
43.5,5,4,14,2791
43.5,5,4,15,2799
43.5,5,5,0,2681
43.5,5,5,1,2690
43.5,5,5,2,2698
43.5,5,5,3,2707
43.5,5,5,4,2716
43.5,5,5,5,2724
43.5,5,5,6,2733
43.5,5,5,7,2741
43.5,5,5,8,2750
43.5,5,5,9,2758
43.5,5,5,10,2766
43.5,5,5,11,2775
43.5,5,5,12,2783
43.5,5,5,13,2791
43.5,5,5,14,2800
43.5,5,5,15,2808
43.5,5,6,0,2690
43.5,5,6,1,2699
43.5,5,6,2,2707
43.5,5,6,3,2716
43.5,5,6,4,2724
43.5,5,6,5,2733
43.5,5,6,6,2742
43.5,5,6,7,2750
43.5,5,6,8,2758
43.5,5,6,9,2767
43.5,5,6,10,2775
43.5,5,6,11,2784
43.5,5,6,12,2792
43.5,5,6,13,2800
43.5,5,6,14,2809
43.5,5,6,15,2817
43.5,5,7,0,2699
43.5,5,7,1,2707
43.5,5,7,2,2716
43.5,5,7,3,2725
43.5,5,7,4,2733
43.5,5,7,5,2742
43.5,5,7,6,2750
43.5,5,7,7,2759
43.5,5,7,8,2767
43.5,5,7,9,2776
43.5,5,7,10,2784
43.5,5,7,11,2793
43.5,5,7,12,2801
43.5,5,7,13,2809
43.5,5,7,14,2818
43.5,5,7,15,2826
43.5,5,8,0,2707
43.5,5,8,1,2716
43.5,5,8,2,2725
43.5,5,8,3,2733
43.5,5,8,4,2742
43.5,5,8,5,2751
43.5,5,8,6,2759
43.5,5,8,7,2768
43.5,5,8,8,2776
43.5,5,8,9,2785
43.5,5,8,10,2793
43.5,5,8,11,2802
43.5,5,8,12,2810
43.5,5,8,13,2818
43.5,5,8,14,2827
43.5,5,8,15,2835
43.5,5,9,0,2716
43.5,5,9,1,2725
43.5,5,9,2,2733
43.5,5,9,3,2742
43.5,5,9,4,2751
43.5,5,9,5,2759
43.5,5,9,6,2768
43.5,5,9,7,2776
43.5,5,9,8,2785
43.5,5,9,9,2794
43.5,5,9,10,2802
43.5,5,9,11,2811
43.5,5,9,12,2819
43.5,5,9,13,2827
43.5,5,9,14,2836
43.5,5,9,15,2844
43.5,5,10,0,2724
43.5,5,10,1,2733
43.5,5,10,2,2742
43.5,5,10,3,2751
43.5,5,10,4,2759
43.5,5,10,5,2768
43.5,5,10,6,2777
43.5,5,10,7,2785
43.5,5,10,8,2794
43.5,5,10,9,2802
43.5,5,10,10,2811
43.5,5,10,11,2819
43.5,5,10,12,2828
43.5,5,10,13,2836
43.5,5,10,14,2845
43.5,5,10,15,2853
43.5,5,11,0,2733
43.5,5,11,1,2742
43.5,5,11,2,2751
43.5,5,11,3,2759
43.5,5,11,4,2768
43.5,5,11,5,2777
43.5,5,11,6,2785
43.5,5,11,7,2794
43.5,5,11,8,2803
43.5,5,11,9,2811
43.5,5,11,10,2820
43.5,5,11,11,2828
43.5,5,11,12,2837
43.5,5,11,13,2845
43.5,5,11,14,2854
43.5,5,11,15,2862
43.5,5,12,0,2742
43.5,5,12,1,2750
43.5,5,12,2,2759
43.5,5,12,3,2768
43.5,5,12,4,2777
43.5,5,12,5,2785
43.5,5,12,6,2794
43.5,5,12,7,2803
43.5,5,12,8,2811
43.5,5,12,9,2820
43.5,5,12,10,2829
43.5,5,12,11,2837
43.5,5,12,12,2846
43.5,5,12,13,2854
43.5,5,12,14,2863
43.5,5,12,15,2871
43.5,5,13,0,2750
43.5,5,13,1,2759
43.5,5,13,2,2768
43.5,5,13,3,2776
43.5,5,13,4,2785
43.5,5,13,5,2794
43.5,5,13,6,2803
43.5,5,13,7,2811
43.5,5,13,8,2820
43.5,5,13,9,2829
43.5,5,13,10,2837
43.5,5,13,11,2846
43.5,5,13,12,2854
43.5,5,13,13,2863
43.5,5,13,14,2872
43.5,5,13,15,2880
43.5,5,14,0,2758
43.5,5,14,1,2767
43.5,5,14,2,2776
43.5,5,14,3,2785
43.5,5,14,4,2794
43.5,5,14,5,2803
43.5,5,14,6,2811
43.5,5,14,7,2820
43.5,5,14,8,2829
43.5,5,14,9,2837
43.5,5,14,10,2846
43.5,5,14,11,2855
43.5,5,14,12,2863
43.5,5,14,13,2872
43.5,5,14,14,2880
43.5,5,14,15,2889
43.5,5,15,0,2767
43.5,5,15,1,2776
43.5,5,15,2,2785
43.5,5,15,3,2794
43.5,5,15,4,2802
43.5,5,15,5,2811
43.5,5,15,6,2820
43.5,5,15,7,2829
43.5,5,15,8,2837
43.5,5,15,9,2846
43.5,5,15,10,2855
43.5,5,15,11,2863
43.5,5,15,12,2872
43.5,5,15,13,2881
43.5,5,15,14,2889
43.5,5,15,15,2898
43.5,6,0,0,2647
43.5,6,0,1,2656
43.5,6,0,2,2664
43.5,6,0,3,2673
43.5,6,0,4,2681
43.5,6,0,5,2690
43.5,6,0,6,2698
43.5,6,0,7,2706
43.5,6,0,8,2715
43.5,6,0,9,2723
43.5,6,0,10,2731
43.5,6,0,11,2740
43.5,6,0,12,2748
43.5,6,0,13,2756
43.5,6,0,14,2764
43.5,6,0,15,2772
43.5,6,1,0,2656
43.5,6,1,1,2665
43.5,6,1,2,2673
43.5,6,1,3,2682
43.5,6,1,4,2690
43.5,6,1,5,2699
43.5,6,1,6,2707
43.5,6,1,7,2715
43.5,6,1,8,2724
43.5,6,1,9,2732
43.5,6,1,10,2740
43.5,6,1,11,2749
43.5,6,1,12,2757
43.5,6,1,13,2765
43.5,6,1,14,2774
43.5,6,1,15,2782
43.5,6,2,0,2665
43.5,6,2,1,2674
43.5,6,2,2,2682
43.5,6,2,3,2691
43.5,6,2,4,2699
43.5,6,2,5,2708
43.5,6,2,6,2716
43.5,6,2,7,2724
43.5,6,2,8,2733
43.5,6,2,9,2741
43.5,6,2,10,2750
43.5,6,2,11,2758
43.5,6,2,12,2766
43.5,6,2,13,2774
43.5,6,2,14,2783
43.5,6,2,15,2791
43.5,6,3,0,2674
43.5,6,3,1,2682
43.5,6,3,2,2691
43.5,6,3,3,2700
43.5,6,3,4,2708
43.5,6,3,5,2717
43.5,6,3,6,2725
43.5,6,3,7,2733
43.5,6,3,8,2742
43.5,6,3,9,2750
43.5,6,3,10,2759
43.5,6,3,11,2767
43.5,6,3,12,2775
43.5,6,3,13,2784
43.5,6,3,14,2792
43.5,6,3,15,2800
43.5,6,4,0,2683
43.5,6,4,1,2691
43.5,6,4,2,2700
43.5,6,4,3,2708
43.5,6,4,4,2717
43.5,6,4,5,2725
43.5,6,4,6,2734
43.5,6,4,7,2742
43.5,6,4,8,2751
43.5,6,4,9,2759
43.5,6,4,10,2768
43.5,6,4,11,2776
43.5,6,4,12,2784
43.5,6,4,13,2793
43.5,6,4,14,2801
43.5,6,4,15,2809
43.5,6,5,0,2691
43.5,6,5,1,2700
43.5,6,5,2,2709
43.5,6,5,3,2717
43.5,6,5,4,2726
43.5,6,5,5,2734
43.5,6,5,6,2743
43.5,6,5,7,2751
43.5,6,5,8,2760
43.5,6,5,9,2768
43.5,6,5,10,2777
43.5,6,5,11,2785
43.5,6,5,12,2794
43.5,6,5,13,2802
43.5,6,5,14,2810
43.5,6,5,15,2819
43.5,6,6,0,2700
43.5,6,6,1,2709
43.5,6,6,2,2717
43.5,6,6,3,2726
43.5,6,6,4,2735
43.5,6,6,5,2743
43.5,6,6,6,2752
43.5,6,6,7,2760
43.5,6,6,8,2769
43.5,6,6,9,2777
43.5,6,6,10,2786
43.5,6,6,11,2794
43.5,6,6,12,2803
43.5,6,6,13,2811
43.5,6,6,14,2819
43.5,6,6,15,2828
43.5,6,7,0,2709
43.5,6,7,1,2717
43.5,6,7,2,2726
43.5,6,7,3,2735
43.5,6,7,4,2743
43.5,6,7,5,2752
43.5,6,7,6,2761
43.5,6,7,7,2769
43.5,6,7,8,2778
43.5,6,7,9,2786
43.5,6,7,10,2795
43.5,6,7,11,2803
43.5,6,7,12,2812
43.5,6,7,13,2820
43.5,6,7,14,2828
43.5,6,7,15,2837
43.5,6,8,0,2717
43.5,6,8,1,2726
43.5,6,8,2,2735
43.5,6,8,3,2744
43.5,6,8,4,2752
43.5,6,8,5,2761
43.5,6,8,6,2770
43.5,6,8,7,2778
43.5,6,8,8,2787
43.5,6,8,9,2795
43.5,6,8,10,2804
43.5,6,8,11,2812
43.5,6,8,12,2821
43.5,6,8,13,2829
43.5,6,8,14,2837
43.5,6,8,15,2846
43.5,6,9,0,2726
43.5,6,9,1,2735
43.5,6,9,2,2744
43.5,6,9,3,2752
43.5,6,9,4,2761
43.5,6,9,5,2770
43.5,6,9,6,2778
43.5,6,9,7,2787
43.5,6,9,8,2796
43.5,6,9,9,2804
43.5,6,9,10,2813
43.5,6,9,11,2821
43.5,6,9,12,2830
43.5,6,9,13,2838
43.5,6,9,14,2847
43.5,6,9,15,2855
43.5,6,10,0,2735
43.5,6,10,1,2743
43.5,6,10,2,2752
43.5,6,10,3,2761
43.5,6,10,4,2770
43.5,6,10,5,2778
43.5,6,10,6,2787
43.5,6,10,7,2796
43.5,6,10,8,2804
43.5,6,10,9,2813
43.5,6,10,10,2822
43.5,6,10,11,2830
43.5,6,10,12,2839
43.5,6,10,13,2847
43.5,6,10,14,2856
43.5,6,10,15,2864
43.5,6,11,0,2743
43.5,6,11,1,2752
43.5,6,11,2,2761
43.5,6,11,3,2770
43.5,6,11,4,2778
43.5,6,11,5,2787
43.5,6,11,6,2796
43.5,6,11,7,2805
43.5,6,11,8,2813
43.5,6,11,9,2822
43.5,6,11,10,2830
43.5,6,11,11,2839
43.5,6,11,12,2847
43.5,6,11,13,2856
43.5,6,11,14,2864
43.5,6,11,15,2873
43.5,6,12,0,2752
43.5,6,12,1,2761
43.5,6,12,2,2770
43.5,6,12,3,2778
43.5,6,12,4,2787
43.5,6,12,5,2796
43.5,6,12,6,2805
43.5,6,12,7,2813
43.5,6,12,8,2822
43.5,6,12,9,2831
43.5,6,12,10,2839
43.5,6,12,11,2848
43.5,6,12,12,2856
43.5,6,12,13,2865
43.5,6,12,14,2873
43.5,6,12,15,2882
43.5,6,13,0,2760
43.5,6,13,1,2769
43.5,6,13,2,2778
43.5,6,13,3,2787
43.5,6,13,4,2796
43.5,6,13,5,2805
43.5,6,13,6,2813
43.5,6,13,7,2822
43.5,6,13,8,2831
43.5,6,13,9,2839
43.5,6,13,10,2848
43.5,6,13,11,2857
43.5,6,13,12,2865
43.5,6,13,13,2874
43.5,6,13,14,2882
43.5,6,13,15,2891
43.5,6,14,0,2769
43.5,6,14,1,2778
43.5,6,14,2,2787
43.5,6,14,3,2796
43.5,6,14,4,2804
43.5,6,14,5,2813
43.5,6,14,6,2822
43.5,6,14,7,2831
43.5,6,14,8,2839
43.5,6,14,9,2848
43.5,6,14,10,2857
43.5,6,14,11,2865
43.5,6,14,12,2874
43.5,6,14,13,2883
43.5,6,14,14,2891
43.5,6,14,15,2900
43.5,6,15,0,2777
43.5,6,15,1,2786
43.5,6,15,2,2795
43.5,6,15,3,2804
43.5,6,15,4,2813
43.5,6,15,5,2822
43.5,6,15,6,2831
43.5,6,15,7,2839
43.5,6,15,8,2848
43.5,6,15,9,2857
43.5,6,15,10,2866
43.5,6,15,11,2874
43.5,6,15,12,2883
43.5,6,15,13,2891
43.5,6,15,14,2900
43.5,6,15,15,2909
43.5,7,0,0,2657
43.5,7,0,1,2666
43.5,7,0,2,2674
43.5,7,0,3,2683
43.5,7,0,4,2691
43.5,7,0,5,2700
43.5,7,0,6,2708
43.5,7,0,7,2717
43.5,7,0,8,2725
43.5,7,0,9,2733
43.5,7,0,10,2742
43.5,7,0,11,2750
43.5,7,0,12,2758
43.5,7,0,13,2766
43.5,7,0,14,2775
43.5,7,0,15,2783
43.5,7,1,0,2666
43.5,7,1,1,2675
43.5,7,1,2,2683
43.5,7,1,3,2692
43.5,7,1,4,2700
43.5,7,1,5,2709
43.5,7,1,6,2717
43.5,7,1,7,2726
43.5,7,1,8,2734
43.5,7,1,9,2742
43.5,7,1,10,2751
43.5,7,1,11,2759
43.5,7,1,12,2767
43.5,7,1,13,2776
43.5,7,1,14,2784
43.5,7,1,15,2792
43.5,7,2,0,2675
43.5,7,2,1,2684
43.5,7,2,2,2692
43.5,7,2,3,2701
43.5,7,2,4,2709
43.5,7,2,5,2718
43.5,7,2,6,2726
43.5,7,2,7,2735
43.5,7,2,8,2743
43.5,7,2,9,2752
43.5,7,2,10,2760
43.5,7,2,11,2768
43.5,7,2,12,2777
43.5,7,2,13,2785
43.5,7,2,14,2793
43.5,7,2,15,2801
43.5,7,3,0,2684
43.5,7,3,1,2692
43.5,7,3,2,2701
43.5,7,3,3,2710
43.5,7,3,4,2718
43.5,7,3,5,2727
43.5,7,3,6,2735
43.5,7,3,7,2744
43.5,7,3,8,2752
43.5,7,3,9,2761
43.5,7,3,10,2769
43.5,7,3,11,2777
43.5,7,3,12,2786
43.5,7,3,13,2794
43.5,7,3,14,2802
43.5,7,3,15,2811
43.5,7,4,0,2693
43.5,7,4,1,2701
43.5,7,4,2,2710
43.5,7,4,3,2719
43.5,7,4,4,2727
43.5,7,4,5,2736
43.5,7,4,6,2744
43.5,7,4,7,2753
43.5,7,4,8,2761
43.5,7,4,9,2770
43.5,7,4,10,2778
43.5,7,4,11,2787
43.5,7,4,12,2795
43.5,7,4,13,2803
43.5,7,4,14,2812
43.5,7,4,15,2820
43.5,7,5,0,2701
43.5,7,5,1,2710
43.5,7,5,2,2719
43.5,7,5,3,2727
43.5,7,5,4,2736
43.5,7,5,5,2745
43.5,7,5,6,2753
43.5,7,5,7,2762
43.5,7,5,8,2770
43.5,7,5,9,2779
43.5,7,5,10,2787
43.5,7,5,11,2796
43.5,7,5,12,2804
43.5,7,5,13,2812
43.5,7,5,14,2821
43.5,7,5,15,2829
43.5,7,6,0,2710
43.5,7,6,1,2719
43.5,7,6,2,2728
43.5,7,6,3,2736
43.5,7,6,4,2745
43.5,7,6,5,2754
43.5,7,6,6,2762
43.5,7,6,7,2771
43.5,7,6,8,2779
43.5,7,6,9,2788
43.5,7,6,10,2796
43.5,7,6,11,2805
43.5,7,6,12,2813
43.5,7,6,13,2822
43.5,7,6,14,2830
43.5,7,6,15,2838
43.5,7,7,0,2719
43.5,7,7,1,2728
43.5,7,7,2,2736
43.5,7,7,3,2745
43.5,7,7,4,2754
43.5,7,7,5,2762
43.5,7,7,6,2771
43.5,7,7,7,2780
43.5,7,7,8,2788
43.5,7,7,9,2797
43.5,7,7,10,2805
43.5,7,7,11,2814
43.5,7,7,12,2822
43.5,7,7,13,2831
43.5,7,7,14,2839
43.5,7,7,15,2847
43.5,7,8,0,2728
43.5,7,8,1,2736
43.5,7,8,2,2745
43.5,7,8,3,2754
43.5,7,8,4,2763
43.5,7,8,5,2771
43.5,7,8,6,2780
43.5,7,8,7,2789
43.5,7,8,8,2797
43.5,7,8,9,2806
43.5,7,8,10,2814
43.5,7,8,11,2823
43.5,7,8,12,2831
43.5,7,8,13,2840
43.5,7,8,14,2848
43.5,7,8,15,2857
43.5,7,9,0,2736
43.5,7,9,1,2745
43.5,7,9,2,2754
43.5,7,9,3,2763
43.5,7,9,4,2771
43.5,7,9,5,2780
43.5,7,9,6,2789
43.5,7,9,7,2797
43.5,7,9,8,2806
43.5,7,9,9,2815
43.5,7,9,10,2823
43.5,7,9,11,2832
43.5,7,9,12,2840
43.5,7,9,13,2849
43.5,7,9,14,2857
43.5,7,9,15,2866
43.5,7,10,0,2745
43.5,7,10,1,2754
43.5,7,10,2,2763
43.5,7,10,3,2771
43.5,7,10,4,2780
43.5,7,10,5,2789
43.5,7,10,6,2798
43.5,7,10,7,2806
43.5,7,10,8,2815
43.5,7,10,9,2823
43.5,7,10,10,2832
43.5,7,10,11,2841
43.5,7,10,12,2849
43.5,7,10,13,2858
43.5,7,10,14,2866
43.5,7,10,15,2875
43.5,7,11,0,2754
43.5,7,11,1,2762
43.5,7,11,2,2771
43.5,7,11,3,2780
43.5,7,11,4,2789
43.5,7,11,5,2798
43.5,7,11,6,2806
43.5,7,11,7,2815
43.5,7,11,8,2824
43.5,7,11,9,2832
43.5,7,11,10,2841
43.5,7,11,11,2850
43.5,7,11,12,2858
43.5,7,11,13,2867
43.5,7,11,14,2875
43.5,7,11,15,2884
43.5,7,12,0,2762
43.5,7,12,1,2771
43.5,7,12,2,2780
43.5,7,12,3,2789
43.5,7,12,4,2798
43.5,7,12,5,2806
43.5,7,12,6,2815
43.5,7,12,7,2824
43.5,7,12,8,2833
43.5,7,12,9,2841
43.5,7,12,10,2850
43.5,7,12,11,2858
43.5,7,12,12,2867
43.5,7,12,13,2876
43.5,7,12,14,2884
43.5,7,12,15,2893
43.5,7,13,0,2771
43.5,7,13,1,2780
43.5,7,13,2,2789
43.5,7,13,3,2797
43.5,7,13,4,2806
43.5,7,13,5,2815
43.5,7,13,6,2824
43.5,7,13,7,2833
43.5,7,13,8,2841
43.5,7,13,9,2850
43.5,7,13,10,2859
43.5,7,13,11,2867
43.5,7,13,12,2876
43.5,7,13,13,2885
43.5,7,13,14,2893
43.5,7,13,15,2902
43.5,7,14,0,2779
43.5,7,14,1,2788
43.5,7,14,2,2797
43.5,7,14,3,2806
43.5,7,14,4,2815
43.5,7,14,5,2824
43.5,7,14,6,2833
43.5,7,14,7,2841
43.5,7,14,8,2850
43.5,7,14,9,2859
43.5,7,14,10,2867
43.5,7,14,11,2876
43.5,7,14,12,2885
43.5,7,14,13,2893
43.5,7,14,14,2902
43.5,7,14,15,2911
43.5,7,15,0,2788
43.5,7,15,1,2797
43.5,7,15,2,2806
43.5,7,15,3,2815
43.5,7,15,4,2823
43.5,7,15,5,2832
43.5,7,15,6,2841
43.5,7,15,7,2850
43.5,7,15,8,2859
43.5,7,15,9,2868
43.5,7,15,10,2876
43.5,7,15,11,2885
43.5,7,15,12,2894
43.5,7,15,13,2902
43.5,7,15,14,2911
43.5,7,15,15,2920
43.5,8,0,0,2667
43.5,8,0,1,2676
43.5,8,0,2,2684
43.5,8,0,3,2693
43.5,8,0,4,2701
43.5,8,0,5,2710
43.5,8,0,6,2718
43.5,8,0,7,2727
43.5,8,0,8,2735
43.5,8,0,9,2743
43.5,8,0,10,2752
43.5,8,0,11,2760
43.5,8,0,12,2768
43.5,8,0,13,2777
43.5,8,0,14,2785
43.5,8,0,15,2793
43.5,8,1,0,2676
43.5,8,1,1,2685
43.5,8,1,2,2693
43.5,8,1,3,2702
43.5,8,1,4,2710
43.5,8,1,5,2719
43.5,8,1,6,2727
43.5,8,1,7,2736
43.5,8,1,8,2744
43.5,8,1,9,2753
43.5,8,1,10,2761
43.5,8,1,11,2769
43.5,8,1,12,2778
43.5,8,1,13,2786
43.5,8,1,14,2794
43.5,8,1,15,2803
43.5,8,2,0,2685
43.5,8,2,1,2694
43.5,8,2,2,2702
43.5,8,2,3,2711
43.5,8,2,4,2719
43.5,8,2,5,2728
43.5,8,2,6,2736
43.5,8,2,7,2745
43.5,8,2,8,2753
43.5,8,2,9,2762
43.5,8,2,10,2770
43.5,8,2,11,2779
43.5,8,2,12,2787
43.5,8,2,13,2795
43.5,8,2,14,2804
43.5,8,2,15,2812
43.5,8,3,0,2694
43.5,8,3,1,2702
43.5,8,3,2,2711
43.5,8,3,3,2720
43.5,8,3,4,2728
43.5,8,3,5,2737
43.5,8,3,6,2745
43.5,8,3,7,2754
43.5,8,3,8,2762
43.5,8,3,9,2771
43.5,8,3,10,2779
43.5,8,3,11,2788
43.5,8,3,12,2796
43.5,8,3,13,2805
43.5,8,3,14,2813
43.5,8,3,15,2821
43.5,8,4,0,2703
43.5,8,4,1,2711
43.5,8,4,2,2720
43.5,8,4,3,2729
43.5,8,4,4,2737
43.5,8,4,5,2746
43.5,8,4,6,2754
43.5,8,4,7,2763
43.5,8,4,8,2772
43.5,8,4,9,2780
43.5,8,4,10,2788
43.5,8,4,11,2797
43.5,8,4,12,2805
43.5,8,4,13,2814
43.5,8,4,14,2822
43.5,8,4,15,2830
43.5,8,5,0,2711
43.5,8,5,1,2720
43.5,8,5,2,2729
43.5,8,5,3,2738
43.5,8,5,4,2746
43.5,8,5,5,2755
43.5,8,5,6,2763
43.5,8,5,7,2772
43.5,8,5,8,2781
43.5,8,5,9,2789
43.5,8,5,10,2798
43.5,8,5,11,2806
43.5,8,5,12,2815
43.5,8,5,13,2823
43.5,8,5,14,2831
43.5,8,5,15,2840
43.5,8,6,0,2720
43.5,8,6,1,2729
43.5,8,6,2,2738
43.5,8,6,3,2746
43.5,8,6,4,2755
43.5,8,6,5,2764
43.5,8,6,6,2772
43.5,8,6,7,2781
43.5,8,6,8,2790
43.5,8,6,9,2798
43.5,8,6,10,2807
43.5,8,6,11,2815
43.5,8,6,12,2824
43.5,8,6,13,2832
43.5,8,6,14,2840
43.5,8,6,15,2849
43.5,8,7,0,2729
43.5,8,7,1,2738
43.5,8,7,2,2747
43.5,8,7,3,2755
43.5,8,7,4,2764
43.5,8,7,5,2773
43.5,8,7,6,2781
43.5,8,7,7,2790
43.5,8,7,8,2799
43.5,8,7,9,2807
43.5,8,7,10,2816
43.5,8,7,11,2824
43.5,8,7,12,2833
43.5,8,7,13,2841
43.5,8,7,14,2850
43.5,8,7,15,2858
43.5,8,8,0,2738
43.5,8,8,1,2747
43.5,8,8,2,2755
43.5,8,8,3,2764
43.5,8,8,4,2773
43.5,8,8,5,2782
43.5,8,8,6,2790
43.5,8,8,7,2799
43.5,8,8,8,2808
43.5,8,8,9,2816
43.5,8,8,10,2825
43.5,8,8,11,2833
43.5,8,8,12,2842
43.5,8,8,13,2850
43.5,8,8,14,2859
43.5,8,8,15,2867
43.5,8,9,0,2746
43.5,8,9,1,2755
43.5,8,9,2,2764
43.5,8,9,3,2773
43.5,8,9,4,2782
43.5,8,9,5,2790
43.5,8,9,6,2799
43.5,8,9,7,2808
43.5,8,9,8,2816
43.5,8,9,9,2825
43.5,8,9,10,2834
43.5,8,9,11,2842
43.5,8,9,12,2851
43.5,8,9,13,2859
43.5,8,9,14,2868
43.5,8,9,15,2876
43.5,8,10,0,2755
43.5,8,10,1,2764
43.5,8,10,2,2773
43.5,8,10,3,2782
43.5,8,10,4,2790
43.5,8,10,5,2799
43.5,8,10,6,2808
43.5,8,10,7,2817
43.5,8,10,8,2825
43.5,8,10,9,2834
43.5,8,10,10,2843
43.5,8,10,11,2851
43.5,8,10,12,2860
43.5,8,10,13,2868
43.5,8,10,14,2877
43.5,8,10,15,2885
43.5,8,11,0,2764
43.5,8,11,1,2773
43.5,8,11,2,2782
43.5,8,11,3,2790
43.5,8,11,4,2799
43.5,8,11,5,2808
43.5,8,11,6,2817
43.5,8,11,7,2826
43.5,8,11,8,2834
43.5,8,11,9,2843
43.5,8,11,10,2852
43.5,8,11,11,2860
43.5,8,11,12,2869
43.5,8,11,13,2877
43.5,8,11,14,2886
43.5,8,11,15,2894
43.5,8,12,0,2772
43.5,8,12,1,2781
43.5,8,12,2,2790
43.5,8,12,3,2799
43.5,8,12,4,2808
43.5,8,12,5,2817
43.5,8,12,6,2826
43.5,8,12,7,2834
43.5,8,12,8,2843
43.5,8,12,9,2852
43.5,8,12,10,2860
43.5,8,12,11,2869
43.5,8,12,12,2878
43.5,8,12,13,2886
43.5,8,12,14,2895
43.5,8,12,15,2904
43.5,8,13,0,2781
43.5,8,13,1,2790
43.5,8,13,2,2799
43.5,8,13,3,2808
43.5,8,13,4,2817
43.5,8,13,5,2826
43.5,8,13,6,2834
43.5,8,13,7,2843
43.5,8,13,8,2852
43.5,8,13,9,2861
43.5,8,13,10,2869
43.5,8,13,11,2878
43.5,8,13,12,2887
43.5,8,13,13,2895
43.5,8,13,14,2904
43.5,8,13,15,2913
43.5,8,14,0,2790
43.5,8,14,1,2799
43.5,8,14,2,2808
43.5,8,14,3,2816
43.5,8,14,4,2825
43.5,8,14,5,2834
43.5,8,14,6,2843
43.5,8,14,7,2852
43.5,8,14,8,2861
43.5,8,14,9,2869
43.5,8,14,10,2878
43.5,8,14,11,2887
43.5,8,14,12,2896
43.5,8,14,13,2904
43.5,8,14,14,2913
43.5,8,14,15,2921
43.5,8,15,0,2798
43.5,8,15,1,2807
43.5,8,15,2,2816
43.5,8,15,3,2825
43.5,8,15,4,2834
43.5,8,15,5,2843
43.5,8,15,6,2852
43.5,8,15,7,2861
43.5,8,15,8,2869
43.5,8,15,9,2878
43.5,8,15,10,2887
43.5,8,15,11,2896
43.5,8,15,12,2904
43.5,8,15,13,2913
43.5,8,15,14,2922
43.5,8,15,15,2930
43.5,9,0,0,2677
43.5,9,0,1,2686
43.5,9,0,2,2694
43.5,9,0,3,2703
43.5,9,0,4,2711
43.5,9,0,5,2720
43.5,9,0,6,2728
43.5,9,0,7,2737
43.5,9,0,8,2745
43.5,9,0,9,2754
43.5,9,0,10,2762
43.5,9,0,11,2770
43.5,9,0,12,2779
43.5,9,0,13,2787
43.5,9,0,14,2795
43.5,9,0,15,2804
43.5,9,1,0,2686
43.5,9,1,1,2695
43.5,9,1,2,2703
43.5,9,1,3,2712
43.5,9,1,4,2720
43.5,9,1,5,2729
43.5,9,1,6,2737
43.5,9,1,7,2746
43.5,9,1,8,2754
43.5,9,1,9,2763
43.5,9,1,10,2771
43.5,9,1,11,2780
43.5,9,1,12,2788
43.5,9,1,13,2796
43.5,9,1,14,2805
43.5,9,1,15,2813
43.5,9,2,0,2695
43.5,9,2,1,2704
43.5,9,2,2,2712
43.5,9,2,3,2721
43.5,9,2,4,2729
43.5,9,2,5,2738
43.5,9,2,6,2747
43.5,9,2,7,2755
43.5,9,2,8,2764
43.5,9,2,9,2772
43.5,9,2,10,2781
43.5,9,2,11,2789
43.5,9,2,12,2797
43.5,9,2,13,2806
43.5,9,2,14,2814
43.5,9,2,15,2822
43.5,9,3,0,2704
43.5,9,3,1,2713
43.5,9,3,2,2721
43.5,9,3,3,2730
43.5,9,3,4,2738
43.5,9,3,5,2747
43.5,9,3,6,2756
43.5,9,3,7,2764
43.5,9,3,8,2773
43.5,9,3,9,2781
43.5,9,3,10,2790
43.5,9,3,11,2798
43.5,9,3,12,2807
43.5,9,3,13,2815
43.5,9,3,14,2823
43.5,9,3,15,2832
43.5,9,4,0,2713
43.5,9,4,1,2721
43.5,9,4,2,2730
43.5,9,4,3,2739
43.5,9,4,4,2747
43.5,9,4,5,2756
43.5,9,4,6,2765
43.5,9,4,7,2773
43.5,9,4,8,2782
43.5,9,4,9,2790
43.5,9,4,10,2799
43.5,9,4,11,2807
43.5,9,4,12,2816
43.5,9,4,13,2824
43.5,9,4,14,2833
43.5,9,4,15,2841
43.5,9,5,0,2722
43.5,9,5,1,2730
43.5,9,5,2,2739
43.5,9,5,3,2748
43.5,9,5,4,2756
43.5,9,5,5,2765
43.5,9,5,6,2774
43.5,9,5,7,2782
43.5,9,5,8,2791
43.5,9,5,9,2799
43.5,9,5,10,2808
43.5,9,5,11,2816
43.5,9,5,12,2825
43.5,9,5,13,2833
43.5,9,5,14,2842
43.5,9,5,15,2850
43.5,9,6,0,2730
43.5,9,6,1,2739
43.5,9,6,2,2748
43.5,9,6,3,2757
43.5,9,6,4,2765
43.5,9,6,5,2774
43.5,9,6,6,2783
43.5,9,6,7,2791
43.5,9,6,8,2800
43.5,9,6,9,2809
43.5,9,6,10,2817
43.5,9,6,11,2826
43.5,9,6,12,2834
43.5,9,6,13,2843
43.5,9,6,14,2851
43.5,9,6,15,2859
43.5,9,7,0,2739
43.5,9,7,1,2748
43.5,9,7,2,2757
43.5,9,7,3,2766
43.5,9,7,4,2774
43.5,9,7,5,2783
43.5,9,7,6,2792
43.5,9,7,7,2800
43.5,9,7,8,2809
43.5,9,7,9,2818
43.5,9,7,10,2826
43.5,9,7,11,2835
43.5,9,7,12,2843
43.5,9,7,13,2852
43.5,9,7,14,2860
43.5,9,7,15,2869
43.5,9,8,0,2748
43.5,9,8,1,2757
43.5,9,8,2,2766
43.5,9,8,3,2774
43.5,9,8,4,2783
43.5,9,8,5,2792
43.5,9,8,6,2801
43.5,9,8,7,2809
43.5,9,8,8,2818
43.5,9,8,9,2827
43.5,9,8,10,2835
43.5,9,8,11,2844
43.5,9,8,12,2852
43.5,9,8,13,2861
43.5,9,8,14,2869
43.5,9,8,15,2878
43.5,9,9,0,2757
43.5,9,9,1,2766
43.5,9,9,2,2774
43.5,9,9,3,2783
43.5,9,9,4,2792
43.5,9,9,5,2801
43.5,9,9,6,2810
43.5,9,9,7,2818
43.5,9,9,8,2827
43.5,9,9,9,2836
43.5,9,9,10,2844
43.5,9,9,11,2853
43.5,9,9,12,2861
43.5,9,9,13,2870
43.5,9,9,14,2879
43.5,9,9,15,2887
43.5,9,10,0,2765
43.5,9,10,1,2774
43.5,9,10,2,2783
43.5,9,10,3,2792
43.5,9,10,4,2801
43.5,9,10,5,2810
43.5,9,10,6,2818
43.5,9,10,7,2827
43.5,9,10,8,2836
43.5,9,10,9,2845
43.5,9,10,10,2853
43.5,9,10,11,2862
43.5,9,10,12,2870
43.5,9,10,13,2879
43.5,9,10,14,2888
43.5,9,10,15,2896
43.5,9,11,0,2774
43.5,9,11,1,2783
43.5,9,11,2,2792
43.5,9,11,3,2801
43.5,9,11,4,2810
43.5,9,11,5,2818
43.5,9,11,6,2827
43.5,9,11,7,2836
43.5,9,11,8,2845
43.5,9,11,9,2853
43.5,9,11,10,2862
43.5,9,11,11,2871
43.5,9,11,12,2879
43.5,9,11,13,2888
43.5,9,11,14,2897
43.5,9,11,15,2905
43.5,9,12,0,2783
43.5,9,12,1,2792
43.5,9,12,2,2801
43.5,9,12,3,2810
43.5,9,12,4,2818
43.5,9,12,5,2827
43.5,9,12,6,2836
43.5,9,12,7,2845
43.5,9,12,8,2854
43.5,9,12,9,2862
43.5,9,12,10,2871
43.5,9,12,11,2880
43.5,9,12,12,2888
43.5,9,12,13,2897
43.5,9,12,14,2906
43.5,9,12,15,2914
43.5,9,13,0,2791
43.5,9,13,1,2800
43.5,9,13,2,2809
43.5,9,13,3,2818
43.5,9,13,4,2827
43.5,9,13,5,2836
43.5,9,13,6,2845
43.5,9,13,7,2854
43.5,9,13,8,2863
43.5,9,13,9,2871
43.5,9,13,10,2880
43.5,9,13,11,2889
43.5,9,13,12,2897
43.5,9,13,13,2906
43.5,9,13,14,2915
43.5,9,13,15,2923
43.5,9,14,0,2800
43.5,9,14,1,2809
43.5,9,14,2,2818
43.5,9,14,3,2827
43.5,9,14,4,2836
43.5,9,14,5,2845
43.5,9,14,6,2854
43.5,9,14,7,2863
43.5,9,14,8,2871
43.5,9,14,9,2880
43.5,9,14,10,2889
43.5,9,14,11,2898
43.5,9,14,12,2906
43.5,9,14,13,2915
43.5,9,14,14,2924
43.5,9,14,15,2932
43.5,9,15,0,2809
43.5,9,15,1,2818
43.5,9,15,2,2827
43.5,9,15,3,2836
43.5,9,15,4,2845
43.5,9,15,5,2853
43.5,9,15,6,2862
43.5,9,15,7,2871
43.5,9,15,8,2880
43.5,9,15,9,2889
43.5,9,15,10,2898
43.5,9,15,11,2907
43.5,9,15,12,2915
43.5,9,15,13,2924
43.5,9,15,14,2933
43.5,9,15,15,2941
43.5,10,0,0,2687
43.5,10,0,1,2696
43.5,10,0,2,2704
43.5,10,0,3,2713
43.5,10,0,4,2721
43.5,10,0,5,2730
43.5,10,0,6,2738
43.5,10,0,7,2747
43.5,10,0,8,2755
43.5,10,0,9,2764
43.5,10,0,10,2772
43.5,10,0,11,2781
43.5,10,0,12,2789
43.5,10,0,13,2797
43.5,10,0,14,2806
43.5,10,0,15,2814
43.5,10,1,0,2696
43.5,10,1,1,2705
43.5,10,1,2,2713
43.5,10,1,3,2722
43.5,10,1,4,2730
43.5,10,1,5,2739
43.5,10,1,6,2748
43.5,10,1,7,2756
43.5,10,1,8,2765
43.5,10,1,9,2773
43.5,10,1,10,2782
43.5,10,1,11,2790
43.5,10,1,12,2798
43.5,10,1,13,2807
43.5,10,1,14,2815
43.5,10,1,15,2823
43.5,10,2,0,2705
43.5,10,2,1,2714
43.5,10,2,2,2722
43.5,10,2,3,2731
43.5,10,2,4,2740
43.5,10,2,5,2748
43.5,10,2,6,2757
43.5,10,2,7,2765
43.5,10,2,8,2774
43.5,10,2,9,2782
43.5,10,2,10,2791
43.5,10,2,11,2799
43.5,10,2,12,2808
43.5,10,2,13,2816
43.5,10,2,14,2824
43.5,10,2,15,2833
43.5,10,3,0,2714
43.5,10,3,1,2723
43.5,10,3,2,2731
43.5,10,3,3,2740
43.5,10,3,4,2749
43.5,10,3,5,2757
43.5,10,3,6,2766
43.5,10,3,7,2774
43.5,10,3,8,2783
43.5,10,3,9,2792
43.5,10,3,10,2800
43.5,10,3,11,2809
43.5,10,3,12,2817
43.5,10,3,13,2825
43.5,10,3,14,2834
43.5,10,3,15,2842
43.5,10,4,0,2723
43.5,10,4,1,2732
43.5,10,4,2,2740
43.5,10,4,3,2749
43.5,10,4,4,2758
43.5,10,4,5,2766
43.5,10,4,6,2775
43.5,10,4,7,2784
43.5,10,4,8,2792
43.5,10,4,9,2801
43.5,10,4,10,2809
43.5,10,4,11,2818
43.5,10,4,12,2826
43.5,10,4,13,2835
43.5,10,4,14,2843
43.5,10,4,15,2851
43.5,10,5,0,2732
43.5,10,5,1,2740
43.5,10,5,2,2749
43.5,10,5,3,2758
43.5,10,5,4,2767
43.5,10,5,5,2775
43.5,10,5,6,2784
43.5,10,5,7,2793
43.5,10,5,8,2801
43.5,10,5,9,2810
43.5,10,5,10,2818
43.5,10,5,11,2827
43.5,10,5,12,2835
43.5,10,5,13,2844
43.5,10,5,14,2852
43.5,10,5,15,2861
43.5,10,6,0,2740
43.5,10,6,1,2749
43.5,10,6,2,2758
43.5,10,6,3,2767
43.5,10,6,4,2776
43.5,10,6,5,2784
43.5,10,6,6,2793
43.5,10,6,7,2802
43.5,10,6,8,2810
43.5,10,6,9,2819
43.5,10,6,10,2828
43.5,10,6,11,2836
43.5,10,6,12,2845
43.5,10,6,13,2853
43.5,10,6,14,2862
43.5,10,6,15,2870
43.5,10,7,0,2749
43.5,10,7,1,2758
43.5,10,7,2,2767
43.5,10,7,3,2776
43.5,10,7,4,2785
43.5,10,7,5,2793
43.5,10,7,6,2802
43.5,10,7,7,2811
43.5,10,7,8,2819
43.5,10,7,9,2828
43.5,10,7,10,2837
43.5,10,7,11,2845
43.5,10,7,12,2854
43.5,10,7,13,2862
43.5,10,7,14,2871
43.5,10,7,15,2879
43.5,10,8,0,2758
43.5,10,8,1,2767
43.5,10,8,2,2776
43.5,10,8,3,2785
43.5,10,8,4,2793
43.5,10,8,5,2802
43.5,10,8,6,2811
43.5,10,8,7,2820
43.5,10,8,8,2828
43.5,10,8,9,2837
43.5,10,8,10,2846
43.5,10,8,11,2854
43.5,10,8,12,2863
43.5,10,8,13,2871
43.5,10,8,14,2880
43.5,10,8,15,2889
43.5,10,9,0,2767
43.5,10,9,1,2776
43.5,10,9,2,2785
43.5,10,9,3,2794
43.5,10,9,4,2802
43.5,10,9,5,2811
43.5,10,9,6,2820
43.5,10,9,7,2829
43.5,10,9,8,2837
43.5,10,9,9,2846
43.5,10,9,10,2855
43.5,10,9,11,2863
43.5,10,9,12,2872
43.5,10,9,13,2881
43.5,10,9,14,2889
43.5,10,9,15,2898
43.5,10,10,0,2776
43.5,10,10,1,2785
43.5,10,10,2,2793
43.5,10,10,3,2802
43.5,10,10,4,2811
43.5,10,10,5,2820
43.5,10,10,6,2829
43.5,10,10,7,2838
43.5,10,10,8,2846
43.5,10,10,9,2855
43.5,10,10,10,2864
43.5,10,10,11,2872
43.5,10,10,12,2881
43.5,10,10,13,2890
43.5,10,10,14,2898
43.5,10,10,15,2907
43.5,10,11,0,2784
43.5,10,11,1,2793
43.5,10,11,2,2802
43.5,10,11,3,2811
43.5,10,11,4,2820
43.5,10,11,5,2829
43.5,10,11,6,2838
43.5,10,11,7,2847
43.5,10,11,8,2855
43.5,10,11,9,2864
43.5,10,11,10,2873
43.5,10,11,11,2881
43.5,10,11,12,2890
43.5,10,11,13,2899
43.5,10,11,14,2907
43.5,10,11,15,2916
43.5,10,12,0,2793
43.5,10,12,1,2802
43.5,10,12,2,2811
43.5,10,12,3,2820
43.5,10,12,4,2829
43.5,10,12,5,2838
43.5,10,12,6,2847
43.5,10,12,7,2855
43.5,10,12,8,2864
43.5,10,12,9,2873
43.5,10,12,10,2882
43.5,10,12,11,2890
43.5,10,12,12,2899
43.5,10,12,13,2908
43.5,10,12,14,2916
43.5,10,12,15,2925
43.5,10,13,0,2802
43.5,10,13,1,2811
43.5,10,13,2,2820
43.5,10,13,3,2829
43.5,10,13,4,2838
43.5,10,13,5,2847
43.5,10,13,6,2855
43.5,10,13,7,2864
43.5,10,13,8,2873
43.5,10,13,9,2882
43.5,10,13,10,2891
43.5,10,13,11,2899
43.5,10,13,12,2908
43.5,10,13,13,2917
43.5,10,13,14,2926
43.5,10,13,15,2934
43.5,10,14,0,2810
43.5,10,14,1,2819
43.5,10,14,2,2828
43.5,10,14,3,2837
43.5,10,14,4,2846
43.5,10,14,5,2855
43.5,10,14,6,2864
43.5,10,14,7,2873
43.5,10,14,8,2882
43.5,10,14,9,2891
43.5,10,14,10,2900
43.5,10,14,11,2908
43.5,10,14,12,2917
43.5,10,14,13,2926
43.5,10,14,14,2935
43.5,10,14,15,2943
43.5,10,15,0,2819
43.5,10,15,1,2828
43.5,10,15,2,2837
43.5,10,15,3,2846
43.5,10,15,4,2855
43.5,10,15,5,2864
43.5,10,15,6,2873
43.5,10,15,7,2882
43.5,10,15,8,2891
43.5,10,15,9,2900
43.5,10,15,10,2908
43.5,10,15,11,2917
43.5,10,15,12,2926
43.5,10,15,13,2935
43.5,10,15,14,2944
43.5,10,15,15,2952
43.5,11,0,0,2697
43.5,11,0,1,2706
43.5,11,0,2,2714
43.5,11,0,3,2723
43.5,11,0,4,2731
43.5,11,0,5,2740
43.5,11,0,6,2749
43.5,11,0,7,2757
43.5,11,0,8,2766
43.5,11,0,9,2774
43.5,11,0,10,2782
43.5,11,0,11,2791
43.5,11,0,12,2799
43.5,11,0,13,2808
43.5,11,0,14,2816
43.5,11,0,15,2824
43.5,11,1,0,2706
43.5,11,1,1,2715
43.5,11,1,2,2723
43.5,11,1,3,2732
43.5,11,1,4,2741
43.5,11,1,5,2749
43.5,11,1,6,2758
43.5,11,1,7,2766
43.5,11,1,8,2775
43.5,11,1,9,2783
43.5,11,1,10,2792
43.5,11,1,11,2800
43.5,11,1,12,2809
43.5,11,1,13,2817
43.5,11,1,14,2825
43.5,11,1,15,2834
43.5,11,2,0,2715
43.5,11,2,1,2724
43.5,11,2,2,2732
43.5,11,2,3,2741
43.5,11,2,4,2750
43.5,11,2,5,2758
43.5,11,2,6,2767
43.5,11,2,7,2776
43.5,11,2,8,2784
43.5,11,2,9,2793
43.5,11,2,10,2801
43.5,11,2,11,2810
43.5,11,2,12,2818
43.5,11,2,13,2826
43.5,11,2,14,2835
43.5,11,2,15,2843
43.5,11,3,0,2724
43.5,11,3,1,2733
43.5,11,3,2,2741
43.5,11,3,3,2750
43.5,11,3,4,2759
43.5,11,3,5,2767
43.5,11,3,6,2776
43.5,11,3,7,2785
43.5,11,3,8,2793
43.5,11,3,9,2802
43.5,11,3,10,2810
43.5,11,3,11,2819
43.5,11,3,12,2827
43.5,11,3,13,2836
43.5,11,3,14,2844
43.5,11,3,15,2853
43.5,11,4,0,2733
43.5,11,4,1,2742
43.5,11,4,2,2750
43.5,11,4,3,2759
43.5,11,4,4,2768
43.5,11,4,5,2777
43.5,11,4,6,2785
43.5,11,4,7,2794
43.5,11,4,8,2802
43.5,11,4,9,2811
43.5,11,4,10,2820
43.5,11,4,11,2828
43.5,11,4,12,2837
43.5,11,4,13,2845
43.5,11,4,14,2854
43.5,11,4,15,2862
43.5,11,5,0,2742
43.5,11,5,1,2751
43.5,11,5,2,2759
43.5,11,5,3,2768
43.5,11,5,4,2777
43.5,11,5,5,2786
43.5,11,5,6,2794
43.5,11,5,7,2803
43.5,11,5,8,2812
43.5,11,5,9,2820
43.5,11,5,10,2829
43.5,11,5,11,2837
43.5,11,5,12,2846
43.5,11,5,13,2854
43.5,11,5,14,2863
43.5,11,5,15,2871
43.5,11,6,0,2751
43.5,11,6,1,2759
43.5,11,6,2,2768
43.5,11,6,3,2777
43.5,11,6,4,2786
43.5,11,6,5,2795
43.5,11,6,6,2803
43.5,11,6,7,2812
43.5,11,6,8,2821
43.5,11,6,9,2829
43.5,11,6,10,2838
43.5,11,6,11,2847
43.5,11,6,12,2855
43.5,11,6,13,2864
43.5,11,6,14,2872
43.5,11,6,15,2881
43.5,11,7,0,2759
43.5,11,7,1,2768
43.5,11,7,2,2777
43.5,11,7,3,2786
43.5,11,7,4,2795
43.5,11,7,5,2804
43.5,11,7,6,2812
43.5,11,7,7,2821
43.5,11,7,8,2830
43.5,11,7,9,2838
43.5,11,7,10,2847
43.5,11,7,11,2856
43.5,11,7,12,2864
43.5,11,7,13,2873
43.5,11,7,14,2881
43.5,11,7,15,2890
43.5,11,8,0,2768
43.5,11,8,1,2777
43.5,11,8,2,2786
43.5,11,8,3,2795
43.5,11,8,4,2804
43.5,11,8,5,2813
43.5,11,8,6,2821
43.5,11,8,7,2830
43.5,11,8,8,2839
43.5,11,8,9,2848
43.5,11,8,10,2856
43.5,11,8,11,2865
43.5,11,8,12,2873
43.5,11,8,13,2882
43.5,11,8,14,2891
43.5,11,8,15,2899
43.5,11,9,0,2777
43.5,11,9,1,2786
43.5,11,9,2,2795
43.5,11,9,3,2804
43.5,11,9,4,2813
43.5,11,9,5,2822
43.5,11,9,6,2830
43.5,11,9,7,2839
43.5,11,9,8,2848
43.5,11,9,9,2857
43.5,11,9,10,2865
43.5,11,9,11,2874
43.5,11,9,12,2883
43.5,11,9,13,2891
43.5,11,9,14,2900
43.5,11,9,15,2908
43.5,11,10,0,2786
43.5,11,10,1,2795
43.5,11,10,2,2804
43.5,11,10,3,2813
43.5,11,10,4,2822
43.5,11,10,5,2830
43.5,11,10,6,2839
43.5,11,10,7,2848
43.5,11,10,8,2857
43.5,11,10,9,2866
43.5,11,10,10,2874
43.5,11,10,11,2883
43.5,11,10,12,2892
43.5,11,10,13,2900
43.5,11,10,14,2909
43.5,11,10,15,2918
43.5,11,11,0,2795
43.5,11,11,1,2804
43.5,11,11,2,2813
43.5,11,11,3,2822
43.5,11,11,4,2830
43.5,11,11,5,2839
43.5,11,11,6,2848
43.5,11,11,7,2857
43.5,11,11,8,2866
43.5,11,11,9,2875
43.5,11,11,10,2883
43.5,11,11,11,2892
43.5,11,11,12,2901
43.5,11,11,13,2909
43.5,11,11,14,2918
43.5,11,11,15,2927
43.5,11,12,0,2803
43.5,11,12,1,2812
43.5,11,12,2,2821
43.5,11,12,3,2830
43.5,11,12,4,2839
43.5,11,12,5,2848
43.5,11,12,6,2857
43.5,11,12,7,2866
43.5,11,12,8,2875
43.5,11,12,9,2884
43.5,11,12,10,2892
43.5,11,12,11,2901
43.5,11,12,12,2910
43.5,11,12,13,2919
43.5,11,12,14,2927
43.5,11,12,15,2936
43.5,11,13,0,2812
43.5,11,13,1,2821
43.5,11,13,2,2830
43.5,11,13,3,2839
43.5,11,13,4,2848
43.5,11,13,5,2857
43.5,11,13,6,2866
43.5,11,13,7,2875
43.5,11,13,8,2884
43.5,11,13,9,2893
43.5,11,13,10,2901
43.5,11,13,11,2910
43.5,11,13,12,2919
43.5,11,13,13,2928
43.5,11,13,14,2936
43.5,11,13,15,2945
43.5,11,14,0,2821
43.5,11,14,1,2830
43.5,11,14,2,2839
43.5,11,14,3,2848
43.5,11,14,4,2857
43.5,11,14,5,2866
43.5,11,14,6,2875
43.5,11,14,7,2884
43.5,11,14,8,2893
43.5,11,14,9,2901
43.5,11,14,10,2910
43.5,11,14,11,2919
43.5,11,14,12,2928
43.5,11,14,13,2937
43.5,11,14,14,2945
43.5,11,14,15,2954
43.5,11,15,0,2829
43.5,11,15,1,2838
43.5,11,15,2,2848
43.5,11,15,3,2857
43.5,11,15,4,2866
43.5,11,15,5,2875
43.5,11,15,6,2884
43.5,11,15,7,2893
43.5,11,15,8,2901
43.5,11,15,9,2910
43.5,11,15,10,2919
43.5,11,15,11,2928
43.5,11,15,12,2937
43.5,11,15,13,2946
43.5,11,15,14,2954
43.5,11,15,15,2963
43.5,12,0,0,2707
43.5,12,0,1,2715
43.5,12,0,2,2724
43.5,12,0,3,2733
43.5,12,0,4,2741
43.5,12,0,5,2750
43.5,12,0,6,2759
43.5,12,0,7,2767
43.5,12,0,8,2776
43.5,12,0,9,2784
43.5,12,0,10,2793
43.5,12,0,11,2801
43.5,12,0,12,2810
43.5,12,0,13,2818
43.5,12,0,14,2826
43.5,12,0,15,2835
43.5,12,1,0,2716
43.5,12,1,1,2725
43.5,12,1,2,2733
43.5,12,1,3,2742
43.5,12,1,4,2751
43.5,12,1,5,2759
43.5,12,1,6,2768
43.5,12,1,7,2776
43.5,12,1,8,2785
43.5,12,1,9,2794
43.5,12,1,10,2802
43.5,12,1,11,2811
43.5,12,1,12,2819
43.5,12,1,13,2827
43.5,12,1,14,2836
43.5,12,1,15,2844
43.5,12,2,0,2725
43.5,12,2,1,2734
43.5,12,2,2,2742
43.5,12,2,3,2751
43.5,12,2,4,2760
43.5,12,2,5,2768
43.5,12,2,6,2777
43.5,12,2,7,2786
43.5,12,2,8,2794
43.5,12,2,9,2803
43.5,12,2,10,2811
43.5,12,2,11,2820
43.5,12,2,12,2828
43.5,12,2,13,2837
43.5,12,2,14,2845
43.5,12,2,15,2854
43.5,12,3,0,2734
43.5,12,3,1,2743
43.5,12,3,2,2751
43.5,12,3,3,2760
43.5,12,3,4,2769
43.5,12,3,5,2778
43.5,12,3,6,2786
43.5,12,3,7,2795
43.5,12,3,8,2804
43.5,12,3,9,2812
43.5,12,3,10,2821
43.5,12,3,11,2829
43.5,12,3,12,2838
43.5,12,3,13,2846
43.5,12,3,14,2855
43.5,12,3,15,2863
43.5,12,4,0,2743
43.5,12,4,1,2752
43.5,12,4,2,2760
43.5,12,4,3,2769
43.5,12,4,4,2778
43.5,12,4,5,2787
43.5,12,4,6,2795
43.5,12,4,7,2804
43.5,12,4,8,2813
43.5,12,4,9,2821
43.5,12,4,10,2830
43.5,12,4,11,2839
43.5,12,4,12,2847
43.5,12,4,13,2856
43.5,12,4,14,2864
43.5,12,4,15,2873
43.5,12,5,0,2752
43.5,12,5,1,2761
43.5,12,5,2,2770
43.5,12,5,3,2778
43.5,12,5,4,2787
43.5,12,5,5,2796
43.5,12,5,6,2805
43.5,12,5,7,2813
43.5,12,5,8,2822
43.5,12,5,9,2831
43.5,12,5,10,2839
43.5,12,5,11,2848
43.5,12,5,12,2856
43.5,12,5,13,2865
43.5,12,5,14,2873
43.5,12,5,15,2882
43.5,12,6,0,2761
43.5,12,6,1,2770
43.5,12,6,2,2778
43.5,12,6,3,2787
43.5,12,6,4,2796
43.5,12,6,5,2805
43.5,12,6,6,2814
43.5,12,6,7,2822
43.5,12,6,8,2831
43.5,12,6,9,2840
43.5,12,6,10,2848
43.5,12,6,11,2857
43.5,12,6,12,2866
43.5,12,6,13,2874
43.5,12,6,14,2883
43.5,12,6,15,2891
43.5,12,7,0,2770
43.5,12,7,1,2779
43.5,12,7,2,2787
43.5,12,7,3,2796
43.5,12,7,4,2805
43.5,12,7,5,2814
43.5,12,7,6,2823
43.5,12,7,7,2831
43.5,12,7,8,2840
43.5,12,7,9,2849
43.5,12,7,10,2858
43.5,12,7,11,2866
43.5,12,7,12,2875
43.5,12,7,13,2883
43.5,12,7,14,2892
43.5,12,7,15,2901
43.5,12,8,0,2778
43.5,12,8,1,2787
43.5,12,8,2,2796
43.5,12,8,3,2805
43.5,12,8,4,2814
43.5,12,8,5,2823
43.5,12,8,6,2832
43.5,12,8,7,2841
43.5,12,8,8,2849
43.5,12,8,9,2858
43.5,12,8,10,2867
43.5,12,8,11,2875
43.5,12,8,12,2884
43.5,12,8,13,2893
43.5,12,8,14,2901
43.5,12,8,15,2910
43.5,12,9,0,2787
43.5,12,9,1,2796
43.5,12,9,2,2805
43.5,12,9,3,2814
43.5,12,9,4,2823
43.5,12,9,5,2832
43.5,12,9,6,2841
43.5,12,9,7,2850
43.5,12,9,8,2858
43.5,12,9,9,2867
43.5,12,9,10,2876
43.5,12,9,11,2885
43.5,12,9,12,2893
43.5,12,9,13,2902
43.5,12,9,14,2911
43.5,12,9,15,2919
43.5,12,10,0,2796
43.5,12,10,1,2805
43.5,12,10,2,2814
43.5,12,10,3,2823
43.5,12,10,4,2832
43.5,12,10,5,2841
43.5,12,10,6,2850
43.5,12,10,7,2859
43.5,12,10,8,2867
43.5,12,10,9,2876
43.5,12,10,10,2885
43.5,12,10,11,2894
43.5,12,10,12,2902
43.5,12,10,13,2911
43.5,12,10,14,2920
43.5,12,10,15,2928
43.5,12,11,0,2805
43.5,12,11,1,2814
43.5,12,11,2,2823
43.5,12,11,3,2832
43.5,12,11,4,2841
43.5,12,11,5,2850
43.5,12,11,6,2859
43.5,12,11,7,2868
43.5,12,11,8,2876
43.5,12,11,9,2885
43.5,12,11,10,2894
43.5,12,11,11,2903
43.5,12,11,12,2911
43.5,12,11,13,2920
43.5,12,11,14,2929
43.5,12,11,15,2938
43.5,12,12,0,2814
43.5,12,12,1,2823
43.5,12,12,2,2832
43.5,12,12,3,2841
43.5,12,12,4,2850
43.5,12,12,5,2859
43.5,12,12,6,2868
43.5,12,12,7,2877
43.5,12,12,8,2885
43.5,12,12,9,2894
43.5,12,12,10,2903
43.5,12,12,11,2912
43.5,12,12,12,2921
43.5,12,12,13,2929
43.5,12,12,14,2938
43.5,12,12,15,2947
43.5,12,13,0,2822
43.5,12,13,1,2831
43.5,12,13,2,2841
43.5,12,13,3,2850
43.5,12,13,4,2859
43.5,12,13,5,2868
43.5,12,13,6,2877
43.5,12,13,7,2885
43.5,12,13,8,2894
43.5,12,13,9,2903
43.5,12,13,10,2912
43.5,12,13,11,2921
43.5,12,13,12,2930
43.5,12,13,13,2938
43.5,12,13,14,2947
43.5,12,13,15,2956
43.5,12,14,0,2831
43.5,12,14,1,2840
43.5,12,14,2,2849
43.5,12,14,3,2858
43.5,12,14,4,2867
43.5,12,14,5,2876
43.5,12,14,6,2885
43.5,12,14,7,2894
43.5,12,14,8,2903
43.5,12,14,9,2912
43.5,12,14,10,2921
43.5,12,14,11,2930
43.5,12,14,12,2939
43.5,12,14,13,2947
43.5,12,14,14,2956
43.5,12,14,15,2965
43.5,12,15,0,2840
43.5,12,15,1,2849
43.5,12,15,2,2858
43.5,12,15,3,2867
43.5,12,15,4,2876
43.5,12,15,5,2885
43.5,12,15,6,2894
43.5,12,15,7,2903
43.5,12,15,8,2912
43.5,12,15,9,2921
43.5,12,15,10,2930
43.5,12,15,11,2939
43.5,12,15,12,2948
43.5,12,15,13,2956
43.5,12,15,14,2965
43.5,12,15,15,2974
43.5,13,0,0,2717
43.5,13,0,1,2725
43.5,13,0,2,2734
43.5,13,0,3,2743
43.5,13,0,4,2752
43.5,13,0,5,2760
43.5,13,0,6,2769
43.5,13,0,7,2777
43.5,13,0,8,2786
43.5,13,0,9,2794
43.5,13,0,10,2803
43.5,13,0,11,2811
43.5,13,0,12,2820
43.5,13,0,13,2828
43.5,13,0,14,2837
43.5,13,0,15,2845
43.5,13,1,0,2726
43.5,13,1,1,2735
43.5,13,1,2,2743
43.5,13,1,3,2752
43.5,13,1,4,2761
43.5,13,1,5,2769
43.5,13,1,6,2778
43.5,13,1,7,2787
43.5,13,1,8,2795
43.5,13,1,9,2804
43.5,13,1,10,2812
43.5,13,1,11,2821
43.5,13,1,12,2829
43.5,13,1,13,2838
43.5,13,1,14,2846
43.5,13,1,15,2855
43.5,13,2,0,2735
43.5,13,2,1,2744
43.5,13,2,2,2752
43.5,13,2,3,2761
43.5,13,2,4,2770
43.5,13,2,5,2779
43.5,13,2,6,2787
43.5,13,2,7,2796
43.5,13,2,8,2805
43.5,13,2,9,2813
43.5,13,2,10,2822
43.5,13,2,11,2830
43.5,13,2,12,2839
43.5,13,2,13,2847
43.5,13,2,14,2856
43.5,13,2,15,2864
43.5,13,3,0,2744
43.5,13,3,1,2753
43.5,13,3,2,2762
43.5,13,3,3,2770
43.5,13,3,4,2779
43.5,13,3,5,2788
43.5,13,3,6,2797
43.5,13,3,7,2805
43.5,13,3,8,2814
43.5,13,3,9,2822
43.5,13,3,10,2831
43.5,13,3,11,2840
43.5,13,3,12,2848
43.5,13,3,13,2857
43.5,13,3,14,2865
43.5,13,3,15,2874
43.5,13,4,0,2753
43.5,13,4,1,2762
43.5,13,4,2,2771
43.5,13,4,3,2779
43.5,13,4,4,2788
43.5,13,4,5,2797
43.5,13,4,6,2806
43.5,13,4,7,2814
43.5,13,4,8,2823
43.5,13,4,9,2832
43.5,13,4,10,2840
43.5,13,4,11,2849
43.5,13,4,12,2857
43.5,13,4,13,2866
43.5,13,4,14,2875
43.5,13,4,15,2883
43.5,13,5,0,2762
43.5,13,5,1,2771
43.5,13,5,2,2780
43.5,13,5,3,2788
43.5,13,5,4,2797
43.5,13,5,5,2806
43.5,13,5,6,2815
43.5,13,5,7,2824
43.5,13,5,8,2832
43.5,13,5,9,2841
43.5,13,5,10,2850
43.5,13,5,11,2858
43.5,13,5,12,2867
43.5,13,5,13,2875
43.5,13,5,14,2884
43.5,13,5,15,2892
43.5,13,6,0,2771
43.5,13,6,1,2780
43.5,13,6,2,2789
43.5,13,6,3,2798
43.5,13,6,4,2806
43.5,13,6,5,2815
43.5,13,6,6,2824
43.5,13,6,7,2833
43.5,13,6,8,2841
43.5,13,6,9,2850
43.5,13,6,10,2859
43.5,13,6,11,2867
43.5,13,6,12,2876
43.5,13,6,13,2885
43.5,13,6,14,2893
43.5,13,6,15,2902
43.5,13,7,0,2780
43.5,13,7,1,2789
43.5,13,7,2,2798
43.5,13,7,3,2807
43.5,13,7,4,2815
43.5,13,7,5,2824
43.5,13,7,6,2833
43.5,13,7,7,2842
43.5,13,7,8,2851
43.5,13,7,9,2859
43.5,13,7,10,2868
43.5,13,7,11,2877
43.5,13,7,12,2885
43.5,13,7,13,2894
43.5,13,7,14,2903
43.5,13,7,15,2911
43.5,13,8,0,2789
43.5,13,8,1,2798
43.5,13,8,2,2807
43.5,13,8,3,2816
43.5,13,8,4,2824
43.5,13,8,5,2833
43.5,13,8,6,2842
43.5,13,8,7,2851
43.5,13,8,8,2860
43.5,13,8,9,2868
43.5,13,8,10,2877
43.5,13,8,11,2886
43.5,13,8,12,2895
43.5,13,8,13,2903
43.5,13,8,14,2912
43.5,13,8,15,2921
43.5,13,9,0,2798
43.5,13,9,1,2807
43.5,13,9,2,2816
43.5,13,9,3,2824
43.5,13,9,4,2833
43.5,13,9,5,2842
43.5,13,9,6,2851
43.5,13,9,7,2860
43.5,13,9,8,2869
43.5,13,9,9,2878
43.5,13,9,10,2886
43.5,13,9,11,2895
43.5,13,9,12,2904
43.5,13,9,13,2913
43.5,13,9,14,2921
43.5,13,9,15,2930
43.5,13,10,0,2806
43.5,13,10,1,2815
43.5,13,10,2,2824
43.5,13,10,3,2833
43.5,13,10,4,2842
43.5,13,10,5,2851
43.5,13,10,6,2860
43.5,13,10,7,2869
43.5,13,10,8,2878
43.5,13,10,9,2887
43.5,13,10,10,2896
43.5,13,10,11,2904
43.5,13,10,12,2913
43.5,13,10,13,2922
43.5,13,10,14,2930
43.5,13,10,15,2939
43.5,13,11,0,2815
43.5,13,11,1,2824
43.5,13,11,2,2833
43.5,13,11,3,2842
43.5,13,11,4,2851
43.5,13,11,5,2860
43.5,13,11,6,2869
43.5,13,11,7,2878
43.5,13,11,8,2887
43.5,13,11,9,2896
43.5,13,11,10,2905
43.5,13,11,11,2913
43.5,13,11,12,2922
43.5,13,11,13,2931
43.5,13,11,14,2940
43.5,13,11,15,2948
43.5,13,12,0,2824
43.5,13,12,1,2833
43.5,13,12,2,2842
43.5,13,12,3,2851
43.5,13,12,4,2860
43.5,13,12,5,2869
43.5,13,12,6,2878
43.5,13,12,7,2887
43.5,13,12,8,2896
43.5,13,12,9,2905
43.5,13,12,10,2914
43.5,13,12,11,2922
43.5,13,12,12,2931
43.5,13,12,13,2940
43.5,13,12,14,2949
43.5,13,12,15,2957
43.5,13,13,0,2833
43.5,13,13,1,2842
43.5,13,13,2,2851
43.5,13,13,3,2860
43.5,13,13,4,2869
43.5,13,13,5,2878
43.5,13,13,6,2887
43.5,13,13,7,2896
43.5,13,13,8,2905
43.5,13,13,9,2914
43.5,13,13,10,2923
43.5,13,13,11,2932
43.5,13,13,12,2940
43.5,13,13,13,2949
43.5,13,13,14,2958
43.5,13,13,15,2967
43.5,13,14,0,2841
43.5,13,14,1,2851
43.5,13,14,2,2860
43.5,13,14,3,2869
43.5,13,14,4,2878
43.5,13,14,5,2887
43.5,13,14,6,2896
43.5,13,14,7,2905
43.5,13,14,8,2914
43.5,13,14,9,2923
43.5,13,14,10,2932
43.5,13,14,11,2941
43.5,13,14,12,2949
43.5,13,14,13,2958
43.5,13,14,14,2967
43.5,13,14,15,2976
43.5,13,15,0,2850
43.5,13,15,1,2859
43.5,13,15,2,2868
43.5,13,15,3,2878
43.5,13,15,4,2887
43.5,13,15,5,2896
43.5,13,15,6,2905
43.5,13,15,7,2914
43.5,13,15,8,2923
43.5,13,15,9,2932
43.5,13,15,10,2941
43.5,13,15,11,2950
43.5,13,15,12,2958
43.5,13,15,13,2967
43.5,13,15,14,2976
43.5,13,15,15,2985
43.5,14,0,0,2727
43.5,14,0,1,2735
43.5,14,0,2,2744
43.5,14,0,3,2753
43.5,14,0,4,2762
43.5,14,0,5,2770
43.5,14,0,6,2779
43.5,14,0,7,2787
43.5,14,0,8,2796
43.5,14,0,9,2805
43.5,14,0,10,2813
43.5,14,0,11,2822
43.5,14,0,12,2830
43.5,14,0,13,2839
43.5,14,0,14,2847
43.5,14,0,15,2855
43.5,14,1,0,2736
43.5,14,1,1,2745
43.5,14,1,2,2753
43.5,14,1,3,2762
43.5,14,1,4,2771
43.5,14,1,5,2780
43.5,14,1,6,2788
43.5,14,1,7,2797
43.5,14,1,8,2805
43.5,14,1,9,2814
43.5,14,1,10,2823
43.5,14,1,11,2831
43.5,14,1,12,2840
43.5,14,1,13,2848
43.5,14,1,14,2857
43.5,14,1,15,2865
43.5,14,2,0,2745
43.5,14,2,1,2754
43.5,14,2,2,2762
43.5,14,2,3,2771
43.5,14,2,4,2780
43.5,14,2,5,2789
43.5,14,2,6,2797
43.5,14,2,7,2806
43.5,14,2,8,2815
43.5,14,2,9,2823
43.5,14,2,10,2832
43.5,14,2,11,2841
43.5,14,2,12,2849
43.5,14,2,13,2858
43.5,14,2,14,2866
43.5,14,2,15,2875
43.5,14,3,0,2754
43.5,14,3,1,2763
43.5,14,3,2,2772
43.5,14,3,3,2780
43.5,14,3,4,2789
43.5,14,3,5,2798
43.5,14,3,6,2807
43.5,14,3,7,2815
43.5,14,3,8,2824
43.5,14,3,9,2833
43.5,14,3,10,2841
43.5,14,3,11,2850
43.5,14,3,12,2859
43.5,14,3,13,2867
43.5,14,3,14,2876
43.5,14,3,15,2884
43.5,14,4,0,2763
43.5,14,4,1,2772
43.5,14,4,2,2781
43.5,14,4,3,2790
43.5,14,4,4,2798
43.5,14,4,5,2807
43.5,14,4,6,2816
43.5,14,4,7,2825
43.5,14,4,8,2833
43.5,14,4,9,2842
43.5,14,4,10,2851
43.5,14,4,11,2859
43.5,14,4,12,2868
43.5,14,4,13,2877
43.5,14,4,14,2885
43.5,14,4,15,2894
43.5,14,5,0,2772
43.5,14,5,1,2781
43.5,14,5,2,2790
43.5,14,5,3,2799
43.5,14,5,4,2808
43.5,14,5,5,2816
43.5,14,5,6,2825
43.5,14,5,7,2834
43.5,14,5,8,2843
43.5,14,5,9,2851
43.5,14,5,10,2860
43.5,14,5,11,2869
43.5,14,5,12,2877
43.5,14,5,13,2886
43.5,14,5,14,2894
43.5,14,5,15,2903
43.5,14,6,0,2781
43.5,14,6,1,2790
43.5,14,6,2,2799
43.5,14,6,3,2808
43.5,14,6,4,2817
43.5,14,6,5,2825
43.5,14,6,6,2834
43.5,14,6,7,2843
43.5,14,6,8,2852
43.5,14,6,9,2861
43.5,14,6,10,2869
43.5,14,6,11,2878
43.5,14,6,12,2887
43.5,14,6,13,2895
43.5,14,6,14,2904
43.5,14,6,15,2912
43.5,14,7,0,2790
43.5,14,7,1,2799
43.5,14,7,2,2808
43.5,14,7,3,2817
43.5,14,7,4,2826
43.5,14,7,5,2835
43.5,14,7,6,2843
43.5,14,7,7,2852
43.5,14,7,8,2861
43.5,14,7,9,2870
43.5,14,7,10,2879
43.5,14,7,11,2887
43.5,14,7,12,2896
43.5,14,7,13,2905
43.5,14,7,14,2913
43.5,14,7,15,2922
43.5,14,8,0,2799
43.5,14,8,1,2808
43.5,14,8,2,2817
43.5,14,8,3,2826
43.5,14,8,4,2835
43.5,14,8,5,2844
43.5,14,8,6,2853
43.5,14,8,7,2861
43.5,14,8,8,2870
43.5,14,8,9,2879
43.5,14,8,10,2888
43.5,14,8,11,2896
43.5,14,8,12,2905
43.5,14,8,13,2914
43.5,14,8,14,2923
43.5,14,8,15,2931
43.5,14,9,0,2808
43.5,14,9,1,2817
43.5,14,9,2,2826
43.5,14,9,3,2835
43.5,14,9,4,2844
43.5,14,9,5,2853
43.5,14,9,6,2862
43.5,14,9,7,2870
43.5,14,9,8,2879
43.5,14,9,9,2888
43.5,14,9,10,2897
43.5,14,9,11,2906
43.5,14,9,12,2914
43.5,14,9,13,2923
43.5,14,9,14,2932
43.5,14,9,15,2940
43.5,14,10,0,2817
43.5,14,10,1,2826
43.5,14,10,2,2835
43.5,14,10,3,2844
43.5,14,10,4,2853
43.5,14,10,5,2862
43.5,14,10,6,2871
43.5,14,10,7,2880
43.5,14,10,8,2888
43.5,14,10,9,2897
43.5,14,10,10,2906
43.5,14,10,11,2915
43.5,14,10,12,2924
43.5,14,10,13,2932
43.5,14,10,14,2941
43.5,14,10,15,2950
43.5,14,11,0,2825
43.5,14,11,1,2835
43.5,14,11,2,2844
43.5,14,11,3,2853
43.5,14,11,4,2862
43.5,14,11,5,2871
43.5,14,11,6,2880
43.5,14,11,7,2889
43.5,14,11,8,2897
43.5,14,11,9,2906
43.5,14,11,10,2915
43.5,14,11,11,2924
43.5,14,11,12,2933
43.5,14,11,13,2942
43.5,14,11,14,2950
43.5,14,11,15,2959
43.5,14,12,0,2834
43.5,14,12,1,2843
43.5,14,12,2,2853
43.5,14,12,3,2862
43.5,14,12,4,2871
43.5,14,12,5,2880
43.5,14,12,6,2889
43.5,14,12,7,2898
43.5,14,12,8,2907
43.5,14,12,9,2915
43.5,14,12,10,2924
43.5,14,12,11,2933
43.5,14,12,12,2942
43.5,14,12,13,2951
43.5,14,12,14,2960
43.5,14,12,15,2968
43.5,14,13,0,2843
43.5,14,13,1,2852
43.5,14,13,2,2861
43.5,14,13,3,2870
43.5,14,13,4,2880
43.5,14,13,5,2889
43.5,14,13,6,2898
43.5,14,13,7,2907
43.5,14,13,8,2916
43.5,14,13,9,2924
43.5,14,13,10,2933
43.5,14,13,11,2942
43.5,14,13,12,2951
43.5,14,13,13,2960
43.5,14,13,14,2969
43.5,14,13,15,2977
43.5,14,14,0,2852
43.5,14,14,1,2861
43.5,14,14,2,2870
43.5,14,14,3,2879
43.5,14,14,4,2888
43.5,14,14,5,2897
43.5,14,14,6,2907
43.5,14,14,7,2916
43.5,14,14,8,2925
43.5,14,14,9,2933
43.5,14,14,10,2942
43.5,14,14,11,2951
43.5,14,14,12,2960
43.5,14,14,13,2969
43.5,14,14,14,2978
43.5,14,14,15,2987
43.5,14,15,0,2861
43.5,14,15,1,2870
43.5,14,15,2,2879
43.5,14,15,3,2888
43.5,14,15,4,2897
43.5,14,15,5,2906
43.5,14,15,6,2915
43.5,14,15,7,2924
43.5,14,15,8,2933
43.5,14,15,9,2942
43.5,14,15,10,2951
43.5,14,15,11,2960
43.5,14,15,12,2969
43.5,14,15,13,2978
43.5,14,15,14,2987
43.5,14,15,15,2996
43.5,15,0,0,2737
43.5,15,0,1,2745
43.5,15,0,2,2754
43.5,15,0,3,2763
43.5,15,0,4,2772
43.5,15,0,5,2780
43.5,15,0,6,2789
43.5,15,0,7,2798
43.5,15,0,8,2806
43.5,15,0,9,2815
43.5,15,0,10,2823
43.5,15,0,11,2832
43.5,15,0,12,2840
43.5,15,0,13,2849
43.5,15,0,14,2857
43.5,15,0,15,2866
43.5,15,1,0,2746
43.5,15,1,1,2755
43.5,15,1,2,2763
43.5,15,1,3,2772
43.5,15,1,4,2781
43.5,15,1,5,2790
43.5,15,1,6,2798
43.5,15,1,7,2807
43.5,15,1,8,2816
43.5,15,1,9,2824
43.5,15,1,10,2833
43.5,15,1,11,2841
43.5,15,1,12,2850
43.5,15,1,13,2859
43.5,15,1,14,2867
43.5,15,1,15,2875
43.5,15,2,0,2755
43.5,15,2,1,2764
43.5,15,2,2,2773
43.5,15,2,3,2781
43.5,15,2,4,2790
43.5,15,2,5,2799
43.5,15,2,6,2808
43.5,15,2,7,2816
43.5,15,2,8,2825
43.5,15,2,9,2834
43.5,15,2,10,2842
43.5,15,2,11,2851
43.5,15,2,12,2859
43.5,15,2,13,2868
43.5,15,2,14,2877
43.5,15,2,15,2885
43.5,15,3,0,2764
43.5,15,3,1,2773
43.5,15,3,2,2782
43.5,15,3,3,2791
43.5,15,3,4,2799
43.5,15,3,5,2808
43.5,15,3,6,2817
43.5,15,3,7,2826
43.5,15,3,8,2834
43.5,15,3,9,2843
43.5,15,3,10,2852
43.5,15,3,11,2860
43.5,15,3,12,2869
43.5,15,3,13,2878
43.5,15,3,14,2886
43.5,15,3,15,2895
43.5,15,4,0,2773
43.5,15,4,1,2782
43.5,15,4,2,2791
43.5,15,4,3,2800
43.5,15,4,4,2809
43.5,15,4,5,2817
43.5,15,4,6,2826
43.5,15,4,7,2835
43.5,15,4,8,2844
43.5,15,4,9,2852
43.5,15,4,10,2861
43.5,15,4,11,2870
43.5,15,4,12,2878
43.5,15,4,13,2887
43.5,15,4,14,2896
43.5,15,4,15,2904
43.5,15,5,0,2782
43.5,15,5,1,2791
43.5,15,5,2,2800
43.5,15,5,3,2809
43.5,15,5,4,2818
43.5,15,5,5,2827
43.5,15,5,6,2835
43.5,15,5,7,2844
43.5,15,5,8,2853
43.5,15,5,9,2862
43.5,15,5,10,2870
43.5,15,5,11,2879
43.5,15,5,12,2888
43.5,15,5,13,2896
43.5,15,5,14,2905
43.5,15,5,15,2914
43.5,15,6,0,2791
43.5,15,6,1,2800
43.5,15,6,2,2809
43.5,15,6,3,2818
43.5,15,6,4,2827
43.5,15,6,5,2836
43.5,15,6,6,2845
43.5,15,6,7,2853
43.5,15,6,8,2862
43.5,15,6,9,2871
43.5,15,6,10,2880
43.5,15,6,11,2888
43.5,15,6,12,2897
43.5,15,6,13,2906
43.5,15,6,14,2914
43.5,15,6,15,2923
43.5,15,7,0,2800
43.5,15,7,1,2809
43.5,15,7,2,2818
43.5,15,7,3,2827
43.5,15,7,4,2836
43.5,15,7,5,2845
43.5,15,7,6,2854
43.5,15,7,7,2863
43.5,15,7,8,2871
43.5,15,7,9,2880
43.5,15,7,10,2889
43.5,15,7,11,2898
43.5,15,7,12,2906
43.5,15,7,13,2915
43.5,15,7,14,2924
43.5,15,7,15,2932
43.5,15,8,0,2809
43.5,15,8,1,2818
43.5,15,8,2,2827
43.5,15,8,3,2836
43.5,15,8,4,2845
43.5,15,8,5,2854
43.5,15,8,6,2863
43.5,15,8,7,2872
43.5,15,8,8,2881
43.5,15,8,9,2889
43.5,15,8,10,2898
43.5,15,8,11,2907
43.5,15,8,12,2916
43.5,15,8,13,2924
43.5,15,8,14,2933
43.5,15,8,15,2942
43.5,15,9,0,2818
43.5,15,9,1,2827
43.5,15,9,2,2836
43.5,15,9,3,2845
43.5,15,9,4,2854
43.5,15,9,5,2863
43.5,15,9,6,2872
43.5,15,9,7,2881
43.5,15,9,8,2890
43.5,15,9,9,2899
43.5,15,9,10,2907
43.5,15,9,11,2916
43.5,15,9,12,2925
43.5,15,9,13,2934
43.5,15,9,14,2942
43.5,15,9,15,2951
43.5,15,10,0,2827
43.5,15,10,1,2836
43.5,15,10,2,2845
43.5,15,10,3,2854
43.5,15,10,4,2863
43.5,15,10,5,2872
43.5,15,10,6,2881
43.5,15,10,7,2890
43.5,15,10,8,2899
43.5,15,10,9,2908
43.5,15,10,10,2917
43.5,15,10,11,2925
43.5,15,10,12,2934
43.5,15,10,13,2943
43.5,15,10,14,2952
43.5,15,10,15,2961
43.5,15,11,0,2836
43.5,15,11,1,2845
43.5,15,11,2,2854
43.5,15,11,3,2863
43.5,15,11,4,2872
43.5,15,11,5,2881
43.5,15,11,6,2890
43.5,15,11,7,2899
43.5,15,11,8,2908
43.5,15,11,9,2917
43.5,15,11,10,2926
43.5,15,11,11,2935
43.5,15,11,12,2943
43.5,15,11,13,2952
43.5,15,11,14,2961
43.5,15,11,15,2970
43.5,15,12,0,2845
43.5,15,12,1,2854
43.5,15,12,2,2863
43.5,15,12,3,2872
43.5,15,12,4,2881
43.5,15,12,5,2890
43.5,15,12,6,2899
43.5,15,12,7,2908
43.5,15,12,8,2917
43.5,15,12,9,2926
43.5,15,12,10,2935
43.5,15,12,11,2944
43.5,15,12,12,2953
43.5,15,12,13,2961
43.5,15,12,14,2970
43.5,15,12,15,2979
43.5,15,13,0,2853
43.5,15,13,1,2863
43.5,15,13,2,2872
43.5,15,13,3,2881
43.5,15,13,4,2890
43.5,15,13,5,2899
43.5,15,13,6,2908
43.5,15,13,7,2917
43.5,15,13,8,2926
43.5,15,13,9,2935
43.5,15,13,10,2944
43.5,15,13,11,2953
43.5,15,13,12,2962
43.5,15,13,13,2971
43.5,15,13,14,2980
43.5,15,13,15,2988
43.5,15,14,0,2862
43.5,15,14,1,2871
43.5,15,14,2,2881
43.5,15,14,3,2890
43.5,15,14,4,2899
43.5,15,14,5,2908
43.5,15,14,6,2917
43.5,15,14,7,2926
43.5,15,14,8,2935
43.5,15,14,9,2944
43.5,15,14,10,2953
43.5,15,14,11,2962
43.5,15,14,12,2971
43.5,15,14,13,2980
43.5,15,14,14,2989
43.5,15,14,15,2998
43.5,15,15,0,2871
43.5,15,15,1,2880
43.5,15,15,2,2889
43.5,15,15,3,2899
43.5,15,15,4,2908
43.5,15,15,5,2917
43.5,15,15,6,2926
43.5,15,15,7,2935
43.5,15,15,8,2944
43.5,15,15,9,2953
43.5,15,15,10,2962
43.5,15,15,11,2971
43.5,15,15,12,2980
43.5,15,15,13,2989
43.5,15,15,14,2998
43.5,15,15,15,3007
44.0,0,0,0,2604
44.0,0,0,1,2612
44.0,0,0,2,2621
44.0,0,0,3,2629
44.0,0,0,4,2637
44.0,0,0,5,2645
44.0,0,0,6,2654
44.0,0,0,7,2662
44.0,0,0,8,2670
44.0,0,0,9,2678
44.0,0,0,10,2686
44.0,0,0,11,2695
44.0,0,0,12,2703
44.0,0,0,13,2711
44.0,0,0,14,2719
44.0,0,0,15,2727
44.0,0,1,0,2613
44.0,0,1,1,2621
44.0,0,1,2,2629
44.0,0,1,3,2638
44.0,0,1,4,2646
44.0,0,1,5,2654
44.0,0,1,6,2663
44.0,0,1,7,2671
44.0,0,1,8,2679
44.0,0,1,9,2687
44.0,0,1,10,2695
44.0,0,1,11,2704
44.0,0,1,12,2712
44.0,0,1,13,2720
44.0,0,1,14,2728
44.0,0,1,15,2736
44.0,0,2,0,2621
44.0,0,2,1,2630
44.0,0,2,2,2638
44.0,0,2,3,2646
44.0,0,2,4,2655
44.0,0,2,5,2663
44.0,0,2,6,2671
44.0,0,2,7,2680
44.0,0,2,8,2688
44.0,0,2,9,2696
44.0,0,2,10,2704
44.0,0,2,11,2713
44.0,0,2,12,2721
44.0,0,2,13,2729
44.0,0,2,14,2737
44.0,0,2,15,2745
44.0,0,3,0,2630
44.0,0,3,1,2638
44.0,0,3,2,2647
44.0,0,3,3,2655
44.0,0,3,4,2664
44.0,0,3,5,2672
44.0,0,3,6,2680
44.0,0,3,7,2689
44.0,0,3,8,2697
44.0,0,3,9,2705
44.0,0,3,10,2713
44.0,0,3,11,2722
44.0,0,3,12,2730
44.0,0,3,13,2738
44.0,0,3,14,2746
44.0,0,3,15,2754
44.0,0,4,0,2639
44.0,0,4,1,2647
44.0,0,4,2,2655
44.0,0,4,3,2664
44.0,0,4,4,2672
44.0,0,4,5,2681
44.0,0,4,6,2689
44.0,0,4,7,2697
44.0,0,4,8,2706
44.0,0,4,9,2714
44.0,0,4,10,2722
44.0,0,4,11,2731
44.0,0,4,12,2739
44.0,0,4,13,2747
44.0,0,4,14,2755
44.0,0,4,15,2763
44.0,0,5,0,2647
44.0,0,5,1,2656
44.0,0,5,2,2664
44.0,0,5,3,2673
44.0,0,5,4,2681
44.0,0,5,5,2690
44.0,0,5,6,2698
44.0,0,5,7,2706
44.0,0,5,8,2715
44.0,0,5,9,2723
44.0,0,5,10,2731
44.0,0,5,11,2739
44.0,0,5,12,2748
44.0,0,5,13,2756
44.0,0,5,14,2764
44.0,0,5,15,2772
44.0,0,6,0,2656
44.0,0,6,1,2664
44.0,0,6,2,2673
44.0,0,6,3,2681
44.0,0,6,4,2690
44.0,0,6,5,2698
44.0,0,6,6,2707
44.0,0,6,7,2715
44.0,0,6,8,2723
44.0,0,6,9,2732
44.0,0,6,10,2740
44.0,0,6,11,2748
44.0,0,6,12,2757
44.0,0,6,13,2765
44.0,0,6,14,2773
44.0,0,6,15,2781
44.0,0,7,0,2664
44.0,0,7,1,2673
44.0,0,7,2,2681
44.0,0,7,3,2690
44.0,0,7,4,2698
44.0,0,7,5,2707
44.0,0,7,6,2715
44.0,0,7,7,2724
44.0,0,7,8,2732
44.0,0,7,9,2741
44.0,0,7,10,2749
44.0,0,7,11,2757
44.0,0,7,12,2766
44.0,0,7,13,2774
44.0,0,7,14,2782
44.0,0,7,15,2790
44.0,0,8,0,2673
44.0,0,8,1,2681
44.0,0,8,2,2690
44.0,0,8,3,2699
44.0,0,8,4,2707
44.0,0,8,5,2716
44.0,0,8,6,2724
44.0,0,8,7,2732
44.0,0,8,8,2741
44.0,0,8,9,2749
44.0,0,8,10,2758
44.0,0,8,11,2766
44.0,0,8,12,2774
44.0,0,8,13,2783
44.0,0,8,14,2791
44.0,0,8,15,2799
44.0,0,9,0,2681
44.0,0,9,1,2690
44.0,0,9,2,2699
44.0,0,9,3,2707
44.0,0,9,4,2716
44.0,0,9,5,2724
44.0,0,9,6,2733
44.0,0,9,7,2741
44.0,0,9,8,2750
44.0,0,9,9,2758
44.0,0,9,10,2766
44.0,0,9,11,2775
44.0,0,9,12,2783
44.0,0,9,13,2791
44.0,0,9,14,2800
44.0,0,9,15,2808
44.0,0,10,0,2690
44.0,0,10,1,2698
44.0,0,10,2,2707
44.0,0,10,3,2716
44.0,0,10,4,2724
44.0,0,10,5,2733
44.0,0,10,6,2741
44.0,0,10,7,2750
44.0,0,10,8,2758
44.0,0,10,9,2767
44.0,0,10,10,2775
44.0,0,10,11,2784
44.0,0,10,12,2792
44.0,0,10,13,2800
44.0,0,10,14,2809
44.0,0,10,15,2817
44.0,0,11,0,2698
44.0,0,11,1,2707
44.0,0,11,2,2716
44.0,0,11,3,2724
44.0,0,11,4,2733
44.0,0,11,5,2741
44.0,0,11,6,2750
44.0,0,11,7,2758
44.0,0,11,8,2767
44.0,0,11,9,2775
44.0,0,11,10,2784
44.0,0,11,11,2792
44.0,0,11,12,2801
44.0,0,11,13,2809
44.0,0,11,14,2817
44.0,0,11,15,2826
44.0,0,12,0,2707
44.0,0,12,1,2715
44.0,0,12,2,2724
44.0,0,12,3,2733
44.0,0,12,4,2741
44.0,0,12,5,2750
44.0,0,12,6,2759
44.0,0,12,7,2767
44.0,0,12,8,2776
44.0,0,12,9,2784
44.0,0,12,10,2793
44.0,0,12,11,2801
44.0,0,12,12,2809
44.0,0,12,13,2818
44.0,0,12,14,2826
44.0,0,12,15,2835
44.0,0,13,0,2715
44.0,0,13,1,2724
44.0,0,13,2,2732
44.0,0,13,3,2741
44.0,0,13,4,2750
44.0,0,13,5,2758
44.0,0,13,6,2767
44.0,0,13,7,2776
44.0,0,13,8,2784
44.0,0,13,9,2793
44.0,0,13,10,2801
44.0,0,13,11,2810
44.0,0,13,12,2818
44.0,0,13,13,2827
44.0,0,13,14,2835
44.0,0,13,15,2843
44.0,0,14,0,2723
44.0,0,14,1,2732
44.0,0,14,2,2741
44.0,0,14,3,2750
44.0,0,14,4,2758
44.0,0,14,5,2767
44.0,0,14,6,2776
44.0,0,14,7,2784
44.0,0,14,8,2793
44.0,0,14,9,2801
44.0,0,14,10,2810
44.0,0,14,11,2818
44.0,0,14,12,2827
44.0,0,14,13,2835
44.0,0,14,14,2844
44.0,0,14,15,2852
44.0,0,15,0,2732
44.0,0,15,1,2741
44.0,0,15,2,2749
44.0,0,15,3,2758
44.0,0,15,4,2767
44.0,0,15,5,2775
44.0,0,15,6,2784
44.0,0,15,7,2793
44.0,0,15,8,2801
44.0,0,15,9,2810
44.0,0,15,10,2819
44.0,0,15,11,2827
44.0,0,15,12,2836
44.0,0,15,13,2844
44.0,0,15,14,2852
44.0,0,15,15,2861
44.0,1,0,0,2614
44.0,1,0,1,2622
44.0,1,0,2,2631
44.0,1,0,3,2639
44.0,1,0,4,2647
44.0,1,0,5,2656
44.0,1,0,6,2664
44.0,1,0,7,2672
44.0,1,0,8,2680
44.0,1,0,9,2689
44.0,1,0,10,2697
44.0,1,0,11,2705
44.0,1,0,12,2713
44.0,1,0,13,2721
44.0,1,0,14,2729
44.0,1,0,15,2737
44.0,1,1,0,2623
44.0,1,1,1,2631
44.0,1,1,2,2639
44.0,1,1,3,2648
44.0,1,1,4,2656
44.0,1,1,5,2665
44.0,1,1,6,2673
44.0,1,1,7,2681
44.0,1,1,8,2689
44.0,1,1,9,2698
44.0,1,1,10,2706
44.0,1,1,11,2714
44.0,1,1,12,2722
44.0,1,1,13,2730
44.0,1,1,14,2738
44.0,1,1,15,2747
44.0,1,2,0,2631
44.0,1,2,1,2640
44.0,1,2,2,2648
44.0,1,2,3,2657
44.0,1,2,4,2665
44.0,1,2,5,2673
44.0,1,2,6,2682
44.0,1,2,7,2690
44.0,1,2,8,2698
44.0,1,2,9,2707
44.0,1,2,10,2715
44.0,1,2,11,2723
44.0,1,2,12,2731
44.0,1,2,13,2739
44.0,1,2,14,2748
44.0,1,2,15,2756
44.0,1,3,0,2640
44.0,1,3,1,2648
44.0,1,3,2,2657
44.0,1,3,3,2665
44.0,1,3,4,2674
44.0,1,3,5,2682
44.0,1,3,6,2691
44.0,1,3,7,2699
44.0,1,3,8,2707
44.0,1,3,9,2716
44.0,1,3,10,2724
44.0,1,3,11,2732
44.0,1,3,12,2740
44.0,1,3,13,2748
44.0,1,3,14,2757
44.0,1,3,15,2765
44.0,1,4,0,2649
44.0,1,4,1,2657
44.0,1,4,2,2666
44.0,1,4,3,2674
44.0,1,4,4,2683
44.0,1,4,5,2691
44.0,1,4,6,2699
44.0,1,4,7,2708
44.0,1,4,8,2716
44.0,1,4,9,2724
44.0,1,4,10,2733
44.0,1,4,11,2741
44.0,1,4,12,2749
44.0,1,4,13,2757
44.0,1,4,14,2766
44.0,1,4,15,2774
44.0,1,5,0,2657
44.0,1,5,1,2666
44.0,1,5,2,2674
44.0,1,5,3,2683
44.0,1,5,4,2691
44.0,1,5,5,2700
44.0,1,5,6,2708
44.0,1,5,7,2717
44.0,1,5,8,2725
44.0,1,5,9,2733
44.0,1,5,10,2742
44.0,1,5,11,2750
44.0,1,5,12,2758
44.0,1,5,13,2766
44.0,1,5,14,2775
44.0,1,5,15,2783
44.0,1,6,0,2666
44.0,1,6,1,2674
44.0,1,6,2,2683
44.0,1,6,3,2692
44.0,1,6,4,2700
44.0,1,6,5,2709
44.0,1,6,6,2717
44.0,1,6,7,2725
44.0,1,6,8,2734
44.0,1,6,9,2742
44.0,1,6,10,2751
44.0,1,6,11,2759
44.0,1,6,12,2767
44.0,1,6,13,2775
44.0,1,6,14,2784
44.0,1,6,15,2792
44.0,1,7,0,2674
44.0,1,7,1,2683
44.0,1,7,2,2692
44.0,1,7,3,2700
44.0,1,7,4,2709
44.0,1,7,5,2717
44.0,1,7,6,2726
44.0,1,7,7,2734
44.0,1,7,8,2743
44.0,1,7,9,2751
44.0,1,7,10,2759
44.0,1,7,11,2768
44.0,1,7,12,2776
44.0,1,7,13,2784
44.0,1,7,14,2793
44.0,1,7,15,2801
44.0,1,8,0,2683
44.0,1,8,1,2692
44.0,1,8,2,2700
44.0,1,8,3,2709
44.0,1,8,4,2717
44.0,1,8,5,2726
44.0,1,8,6,2734
44.0,1,8,7,2743
44.0,1,8,8,2751
44.0,1,8,9,2760
44.0,1,8,10,2768
44.0,1,8,11,2777
44.0,1,8,12,2785
44.0,1,8,13,2793
44.0,1,8,14,2802
44.0,1,8,15,2810
44.0,1,9,0,2692
44.0,1,9,1,2700
44.0,1,9,2,2709
44.0,1,9,3,2718
44.0,1,9,4,2726
44.0,1,9,5,2735
44.0,1,9,6,2743
44.0,1,9,7,2752
44.0,1,9,8,2760
44.0,1,9,9,2769
44.0,1,9,10,2777
44.0,1,9,11,2785
44.0,1,9,12,2794
44.0,1,9,13,2802
44.0,1,9,14,2811
44.0,1,9,15,2819
44.0,1,10,0,2700
44.0,1,10,1,2709
44.0,1,10,2,2717
44.0,1,10,3,2726
44.0,1,10,4,2735
44.0,1,10,5,2743
44.0,1,10,6,2752
44.0,1,10,7,2760
44.0,1,10,8,2769
44.0,1,10,9,2777
44.0,1,10,10,2786
44.0,1,10,11,2794
44.0,1,10,12,2803
44.0,1,10,13,2811
44.0,1,10,14,2819
44.0,1,10,15,2828
44.0,1,11,0,2709
44.0,1,11,1,2717
44.0,1,11,2,2726
44.0,1,11,3,2735
44.0,1,11,4,2743
44.0,1,11,5,2752
44.0,1,11,6,2760
44.0,1,11,7,2769
44.0,1,11,8,2778
44.0,1,11,9,2786
44.0,1,11,10,2795
44.0,1,11,11,2803
44.0,1,11,12,2811
44.0,1,11,13,2820
44.0,1,11,14,2828
44.0,1,11,15,2837
44.0,1,12,0,2717
44.0,1,12,1,2726
44.0,1,12,2,2734
44.0,1,12,3,2743
44.0,1,12,4,2752
44.0,1,12,5,2760
44.0,1,12,6,2769
44.0,1,12,7,2778
44.0,1,12,8,2786
44.0,1,12,9,2795
44.0,1,12,10,2803
44.0,1,12,11,2812
44.0,1,12,12,2820
44.0,1,12,13,2829
44.0,1,12,14,2837
44.0,1,12,15,2845
44.0,1,13,0,2725
44.0,1,13,1,2734
44.0,1,13,2,2743
44.0,1,13,3,2752
44.0,1,13,4,2760
44.0,1,13,5,2769
44.0,1,13,6,2778
44.0,1,13,7,2786
44.0,1,13,8,2795
44.0,1,13,9,2803
44.0,1,13,10,2812
44.0,1,13,11,2821
44.0,1,13,12,2829
44.0,1,13,13,2837
44.0,1,13,14,2846
44.0,1,13,15,2854
44.0,1,14,0,2734
44.0,1,14,1,2743
44.0,1,14,2,2751
44.0,1,14,3,2760
44.0,1,14,4,2769
44.0,1,14,5,2778
44.0,1,14,6,2786
44.0,1,14,7,2795
44.0,1,14,8,2804
44.0,1,14,9,2812
44.0,1,14,10,2821
44.0,1,14,11,2829
44.0,1,14,12,2838
44.0,1,14,13,2846
44.0,1,14,14,2855
44.0,1,14,15,2863
44.0,1,15,0,2742
44.0,1,15,1,2751
44.0,1,15,2,2760
44.0,1,15,3,2769
44.0,1,15,4,2777
44.0,1,15,5,2786
44.0,1,15,6,2795
44.0,1,15,7,2803
44.0,1,15,8,2812
44.0,1,15,9,2821
44.0,1,15,10,2829
44.0,1,15,11,2838
44.0,1,15,12,2846
44.0,1,15,13,2855
44.0,1,15,14,2863
44.0,1,15,15,2872
44.0,2,0,0,2624
44.0,2,0,1,2632
44.0,2,0,2,2641
44.0,2,0,3,2649
44.0,2,0,4,2657
44.0,2,0,5,2666
44.0,2,0,6,2674
44.0,2,0,7,2682
44.0,2,0,8,2691
44.0,2,0,9,2699
44.0,2,0,10,2707
44.0,2,0,11,2715
44.0,2,0,12,2723
44.0,2,0,13,2732
44.0,2,0,14,2740
44.0,2,0,15,2748
44.0,2,1,0,2633
44.0,2,1,1,2641
44.0,2,1,2,2649
44.0,2,1,3,2658
44.0,2,1,4,2666
44.0,2,1,5,2675
44.0,2,1,6,2683
44.0,2,1,7,2691
44.0,2,1,8,2700
44.0,2,1,9,2708
44.0,2,1,10,2716
44.0,2,1,11,2724
44.0,2,1,12,2733
44.0,2,1,13,2741
44.0,2,1,14,2749
44.0,2,1,15,2757
44.0,2,2,0,2641
44.0,2,2,1,2650
44.0,2,2,2,2658
44.0,2,2,3,2667
44.0,2,2,4,2675
44.0,2,2,5,2684
44.0,2,2,6,2692
44.0,2,2,7,2700
44.0,2,2,8,2709
44.0,2,2,9,2717
44.0,2,2,10,2725
44.0,2,2,11,2733
44.0,2,2,12,2742
44.0,2,2,13,2750
44.0,2,2,14,2758
44.0,2,2,15,2766
44.0,2,3,0,2650
44.0,2,3,1,2659
44.0,2,3,2,2667
44.0,2,3,3,2676
44.0,2,3,4,2684
44.0,2,3,5,2692
44.0,2,3,6,2701
44.0,2,3,7,2709
44.0,2,3,8,2718
44.0,2,3,9,2726
44.0,2,3,10,2734
44.0,2,3,11,2742
44.0,2,3,12,2751
44.0,2,3,13,2759
44.0,2,3,14,2767
44.0,2,3,15,2775
44.0,2,4,0,2659
44.0,2,4,1,2667
44.0,2,4,2,2676
44.0,2,4,3,2684
44.0,2,4,4,2693
44.0,2,4,5,2701
44.0,2,4,6,2710
44.0,2,4,7,2718
44.0,2,4,8,2727
44.0,2,4,9,2735
44.0,2,4,10,2743
44.0,2,4,11,2751
44.0,2,4,12,2760
44.0,2,4,13,2768
44.0,2,4,14,2776
44.0,2,4,15,2784
44.0,2,5,0,2667
44.0,2,5,1,2676
44.0,2,5,2,2685
44.0,2,5,3,2693
44.0,2,5,4,2702
44.0,2,5,5,2710
44.0,2,5,6,2719
44.0,2,5,7,2727
44.0,2,5,8,2735
44.0,2,5,9,2744
44.0,2,5,10,2752
44.0,2,5,11,2760
44.0,2,5,12,2769
44.0,2,5,13,2777
44.0,2,5,14,2785
44.0,2,5,15,2794
44.0,2,6,0,2676
44.0,2,6,1,2685
44.0,2,6,2,2693
44.0,2,6,3,2702
44.0,2,6,4,2710
44.0,2,6,5,2719
44.0,2,6,6,2727
44.0,2,6,7,2736
44.0,2,6,8,2744
44.0,2,6,9,2753
44.0,2,6,10,2761
44.0,2,6,11,2769
44.0,2,6,12,2778
44.0,2,6,13,2786
44.0,2,6,14,2794
44.0,2,6,15,2803
44.0,2,7,0,2685
44.0,2,7,1,2693
44.0,2,7,2,2702
44.0,2,7,3,2711
44.0,2,7,4,2719
44.0,2,7,5,2728
44.0,2,7,6,2736
44.0,2,7,7,2745
44.0,2,7,8,2753
44.0,2,7,9,2762
44.0,2,7,10,2770
44.0,2,7,11,2778
44.0,2,7,12,2787
44.0,2,7,13,2795
44.0,2,7,14,2803
44.0,2,7,15,2812
44.0,2,8,0,2693
44.0,2,8,1,2702
44.0,2,8,2,2711
44.0,2,8,3,2719
44.0,2,8,4,2728
44.0,2,8,5,2736
44.0,2,8,6,2745
44.0,2,8,7,2753
44.0,2,8,8,2762
44.0,2,8,9,2770
44.0,2,8,10,2779
44.0,2,8,11,2787
44.0,2,8,12,2796
44.0,2,8,13,2804
44.0,2,8,14,2812
44.0,2,8,15,2821
44.0,2,9,0,2702
44.0,2,9,1,2711
44.0,2,9,2,2719
44.0,2,9,3,2728
44.0,2,9,4,2736
44.0,2,9,5,2745
44.0,2,9,6,2754
44.0,2,9,7,2762
44.0,2,9,8,2771
44.0,2,9,9,2779
44.0,2,9,10,2788
44.0,2,9,11,2796
44.0,2,9,12,2805
44.0,2,9,13,2813
44.0,2,9,14,2821
44.0,2,9,15,2830
44.0,2,10,0,2710
44.0,2,10,1,2719
44.0,2,10,2,2728
44.0,2,10,3,2736
44.0,2,10,4,2745
44.0,2,10,5,2754
44.0,2,10,6,2762
44.0,2,10,7,2771
44.0,2,10,8,2779
44.0,2,10,9,2788
44.0,2,10,10,2796
44.0,2,10,11,2805
44.0,2,10,12,2813
44.0,2,10,13,2822
44.0,2,10,14,2830
44.0,2,10,15,2839
44.0,2,11,0,2719
44.0,2,11,1,2728
44.0,2,11,2,2736
44.0,2,11,3,2745
44.0,2,11,4,2754
44.0,2,11,5,2762
44.0,2,11,6,2771
44.0,2,11,7,2780
44.0,2,11,8,2788
44.0,2,11,9,2797
44.0,2,11,10,2805
44.0,2,11,11,2814
44.0,2,11,12,2822
44.0,2,11,13,2831
44.0,2,11,14,2839
44.0,2,11,15,2847
44.0,2,12,0,2727
44.0,2,12,1,2736
44.0,2,12,2,2745
44.0,2,12,3,2754
44.0,2,12,4,2762
44.0,2,12,5,2771
44.0,2,12,6,2780
44.0,2,12,7,2788
44.0,2,12,8,2797
44.0,2,12,9,2805
44.0,2,12,10,2814
44.0,2,12,11,2823
44.0,2,12,12,2831
44.0,2,12,13,2839
44.0,2,12,14,2848
44.0,2,12,15,2856
44.0,2,13,0,2736
44.0,2,13,1,2745
44.0,2,13,2,2753
44.0,2,13,3,2762
44.0,2,13,4,2771
44.0,2,13,5,2780
44.0,2,13,6,2788
44.0,2,13,7,2797
44.0,2,13,8,2806
44.0,2,13,9,2814
44.0,2,13,10,2823
44.0,2,13,11,2831
44.0,2,13,12,2840
44.0,2,13,13,2848
44.0,2,13,14,2857
44.0,2,13,15,2865
44.0,2,14,0,2744
44.0,2,14,1,2753
44.0,2,14,2,2762
44.0,2,14,3,2771
44.0,2,14,4,2779
44.0,2,14,5,2788
44.0,2,14,6,2797
44.0,2,14,7,2806
44.0,2,14,8,2814
44.0,2,14,9,2823
44.0,2,14,10,2831
44.0,2,14,11,2840
44.0,2,14,12,2849
44.0,2,14,13,2857
44.0,2,14,14,2866
44.0,2,14,15,2874
44.0,2,15,0,2753
44.0,2,15,1,2762
44.0,2,15,2,2770
44.0,2,15,3,2779
44.0,2,15,4,2788
44.0,2,15,5,2797
44.0,2,15,6,2805
44.0,2,15,7,2814
44.0,2,15,8,2823
44.0,2,15,9,2831
44.0,2,15,10,2840
44.0,2,15,11,2849
44.0,2,15,12,2857
44.0,2,15,13,2866
44.0,2,15,14,2874
44.0,2,15,15,2883
44.0,3,0,0,2634
44.0,3,0,1,2642
44.0,3,0,2,2651
44.0,3,0,3,2659
44.0,3,0,4,2668
44.0,3,0,5,2676
44.0,3,0,6,2684
44.0,3,0,7,2693
44.0,3,0,8,2701
44.0,3,0,9,2709
44.0,3,0,10,2717
44.0,3,0,11,2726
44.0,3,0,12,2734
44.0,3,0,13,2742
44.0,3,0,14,2750
44.0,3,0,15,2758
44.0,3,1,0,2643
44.0,3,1,1,2651
44.0,3,1,2,2660
44.0,3,1,3,2668
44.0,3,1,4,2676
44.0,3,1,5,2685
44.0,3,1,6,2693
44.0,3,1,7,2702
44.0,3,1,8,2710
44.0,3,1,9,2718
44.0,3,1,10,2726
44.0,3,1,11,2735
44.0,3,1,12,2743
44.0,3,1,13,2751
44.0,3,1,14,2759
44.0,3,1,15,2767
44.0,3,2,0,2651
44.0,3,2,1,2660
44.0,3,2,2,2668
44.0,3,2,3,2677
44.0,3,2,4,2685
44.0,3,2,5,2694
44.0,3,2,6,2702
44.0,3,2,7,2711
44.0,3,2,8,2719
44.0,3,2,9,2727
44.0,3,2,10,2736
44.0,3,2,11,2744
44.0,3,2,12,2752
44.0,3,2,13,2760
44.0,3,2,14,2769
44.0,3,2,15,2777
44.0,3,3,0,2660
44.0,3,3,1,2669
44.0,3,3,2,2677
44.0,3,3,3,2686
44.0,3,3,4,2694
44.0,3,3,5,2703
44.0,3,3,6,2711
44.0,3,3,7,2720
44.0,3,3,8,2728
44.0,3,3,9,2736
44.0,3,3,10,2745
44.0,3,3,11,2753
44.0,3,3,12,2761
44.0,3,3,13,2769
44.0,3,3,14,2778
44.0,3,3,15,2786
44.0,3,4,0,2669
44.0,3,4,1,2677
44.0,3,4,2,2686
44.0,3,4,3,2695
44.0,3,4,4,2703
44.0,3,4,5,2712
44.0,3,4,6,2720
44.0,3,4,7,2728
44.0,3,4,8,2737
44.0,3,4,9,2745
44.0,3,4,10,2754
44.0,3,4,11,2762
44.0,3,4,12,2770
44.0,3,4,13,2779
44.0,3,4,14,2787
44.0,3,4,15,2795
44.0,3,5,0,2678
44.0,3,5,1,2686
44.0,3,5,2,2695
44.0,3,5,3,2703
44.0,3,5,4,2712
44.0,3,5,5,2720
44.0,3,5,6,2729
44.0,3,5,7,2737
44.0,3,5,8,2746
44.0,3,5,9,2754
44.0,3,5,10,2763
44.0,3,5,11,2771
44.0,3,5,12,2779
44.0,3,5,13,2788
44.0,3,5,14,2796
44.0,3,5,15,2804
44.0,3,6,0,2686
44.0,3,6,1,2695
44.0,3,6,2,2704
44.0,3,6,3,2712
44.0,3,6,4,2721
44.0,3,6,5,2729
44.0,3,6,6,2738
44.0,3,6,7,2746
44.0,3,6,8,2755
44.0,3,6,9,2763
44.0,3,6,10,2772
44.0,3,6,11,2780
44.0,3,6,12,2788
44.0,3,6,13,2797
44.0,3,6,14,2805
44.0,3,6,15,2813
44.0,3,7,0,2695
44.0,3,7,1,2704
44.0,3,7,2,2712
44.0,3,7,3,2721
44.0,3,7,4,2729
44.0,3,7,5,2738
44.0,3,7,6,2747
44.0,3,7,7,2755
44.0,3,7,8,2764
44.0,3,7,9,2772
44.0,3,7,10,2780
44.0,3,7,11,2789
44.0,3,7,12,2797
44.0,3,7,13,2806
44.0,3,7,14,2814
44.0,3,7,15,2822
44.0,3,8,0,2704
44.0,3,8,1,2712
44.0,3,8,2,2721
44.0,3,8,3,2730
44.0,3,8,4,2738
44.0,3,8,5,2747
44.0,3,8,6,2755
44.0,3,8,7,2764
44.0,3,8,8,2772
44.0,3,8,9,2781
44.0,3,8,10,2789
44.0,3,8,11,2798
44.0,3,8,12,2806
44.0,3,8,13,2815
44.0,3,8,14,2823
44.0,3,8,15,2831
44.0,3,9,0,2712
44.0,3,9,1,2721
44.0,3,9,2,2730
44.0,3,9,3,2738
44.0,3,9,4,2747
44.0,3,9,5,2756
44.0,3,9,6,2764
44.0,3,9,7,2773
44.0,3,9,8,2781
44.0,3,9,9,2790
44.0,3,9,10,2798
44.0,3,9,11,2807
44.0,3,9,12,2815
44.0,3,9,13,2824
44.0,3,9,14,2832
44.0,3,9,15,2840
44.0,3,10,0,2721
44.0,3,10,1,2729
44.0,3,10,2,2738
44.0,3,10,3,2747
44.0,3,10,4,2756
44.0,3,10,5,2764
44.0,3,10,6,2773
44.0,3,10,7,2781
44.0,3,10,8,2790
44.0,3,10,9,2799
44.0,3,10,10,2807
44.0,3,10,11,2816
44.0,3,10,12,2824
44.0,3,10,13,2833
44.0,3,10,14,2841
44.0,3,10,15,2849
44.0,3,11,0,2729
44.0,3,11,1,2738
44.0,3,11,2,2747
44.0,3,11,3,2756
44.0,3,11,4,2764
44.0,3,11,5,2773
44.0,3,11,6,2782
44.0,3,11,7,2790
44.0,3,11,8,2799
44.0,3,11,9,2807
44.0,3,11,10,2816
44.0,3,11,11,2824
44.0,3,11,12,2833
44.0,3,11,13,2841
44.0,3,11,14,2850
44.0,3,11,15,2858
44.0,3,12,0,2738
44.0,3,12,1,2747
44.0,3,12,2,2755
44.0,3,12,3,2764
44.0,3,12,4,2773
44.0,3,12,5,2782
44.0,3,12,6,2790
44.0,3,12,7,2799
44.0,3,12,8,2808
44.0,3,12,9,2816
44.0,3,12,10,2825
44.0,3,12,11,2833
44.0,3,12,12,2842
44.0,3,12,13,2850
44.0,3,12,14,2859
44.0,3,12,15,2867
44.0,3,13,0,2746
44.0,3,13,1,2755
44.0,3,13,2,2764
44.0,3,13,3,2773
44.0,3,13,4,2781
44.0,3,13,5,2790
44.0,3,13,6,2799
44.0,3,13,7,2808
44.0,3,13,8,2816
44.0,3,13,9,2825
44.0,3,13,10,2833
44.0,3,13,11,2842
44.0,3,13,12,2851
44.0,3,13,13,2859
44.0,3,13,14,2868
44.0,3,13,15,2876
44.0,3,14,0,2755
44.0,3,14,1,2764
44.0,3,14,2,2772
44.0,3,14,3,2781
44.0,3,14,4,2790
44.0,3,14,5,2799
44.0,3,14,6,2808
44.0,3,14,7,2816
44.0,3,14,8,2825
44.0,3,14,9,2834
44.0,3,14,10,2842
44.0,3,14,11,2851
44.0,3,14,12,2859
44.0,3,14,13,2868
44.0,3,14,14,2876
44.0,3,14,15,2885
44.0,3,15,0,2763
44.0,3,15,1,2772
44.0,3,15,2,2781
44.0,3,15,3,2790
44.0,3,15,4,2799
44.0,3,15,5,2807
44.0,3,15,6,2816
44.0,3,15,7,2825
44.0,3,15,8,2834
44.0,3,15,9,2842
44.0,3,15,10,2851
44.0,3,15,11,2860
44.0,3,15,12,2868
44.0,3,15,13,2877
44.0,3,15,14,2885
44.0,3,15,15,2894
44.0,4,0,0,2644
44.0,4,0,1,2652
44.0,4,0,2,2661
44.0,4,0,3,2669
44.0,4,0,4,2678
44.0,4,0,5,2686
44.0,4,0,6,2694
44.0,4,0,7,2703
44.0,4,0,8,2711
44.0,4,0,9,2719
44.0,4,0,10,2728
44.0,4,0,11,2736
44.0,4,0,12,2744
44.0,4,0,13,2752
44.0,4,0,14,2761
44.0,4,0,15,2769
44.0,4,1,0,2653
44.0,4,1,1,2661
44.0,4,1,2,2670
44.0,4,1,3,2678
44.0,4,1,4,2687
44.0,4,1,5,2695
44.0,4,1,6,2703
44.0,4,1,7,2712
44.0,4,1,8,2720
44.0,4,1,9,2729
44.0,4,1,10,2737
44.0,4,1,11,2745
44.0,4,1,12,2753
44.0,4,1,13,2762
44.0,4,1,14,2770
44.0,4,1,15,2778
44.0,4,2,0,2661
44.0,4,2,1,2670
44.0,4,2,2,2679
44.0,4,2,3,2687
44.0,4,2,4,2696
44.0,4,2,5,2704
44.0,4,2,6,2712
44.0,4,2,7,2721
44.0,4,2,8,2729
44.0,4,2,9,2738
44.0,4,2,10,2746
44.0,4,2,11,2754
44.0,4,2,12,2763
44.0,4,2,13,2771
44.0,4,2,14,2779
44.0,4,2,15,2787
44.0,4,3,0,2670
44.0,4,3,1,2679
44.0,4,3,2,2687
44.0,4,3,3,2696
44.0,4,3,4,2704
44.0,4,3,5,2713
44.0,4,3,6,2721
44.0,4,3,7,2730
44.0,4,3,8,2738
44.0,4,3,9,2747
44.0,4,3,10,2755
44.0,4,3,11,2763
44.0,4,3,12,2772
44.0,4,3,13,2780
44.0,4,3,14,2788
44.0,4,3,15,2796
44.0,4,4,0,2679
44.0,4,4,1,2688
44.0,4,4,2,2696
44.0,4,4,3,2705
44.0,4,4,4,2713
44.0,4,4,5,2722
44.0,4,4,6,2730
44.0,4,4,7,2739
44.0,4,4,8,2747
44.0,4,4,9,2756
44.0,4,4,10,2764
44.0,4,4,11,2772
44.0,4,4,12,2781
44.0,4,4,13,2789
44.0,4,4,14,2797
44.0,4,4,15,2806
44.0,4,5,0,2688
44.0,4,5,1,2696
44.0,4,5,2,2705
44.0,4,5,3,2714
44.0,4,5,4,2722
44.0,4,5,5,2731
44.0,4,5,6,2739
44.0,4,5,7,2748
44.0,4,5,8,2756
44.0,4,5,9,2765
44.0,4,5,10,2773
44.0,4,5,11,2781
44.0,4,5,12,2790
44.0,4,5,13,2798
44.0,4,5,14,2806
44.0,4,5,15,2815
44.0,4,6,0,2696
44.0,4,6,1,2705
44.0,4,6,2,2714
44.0,4,6,3,2722
44.0,4,6,4,2731
44.0,4,6,5,2740
44.0,4,6,6,2748
44.0,4,6,7,2757
44.0,4,6,8,2765
44.0,4,6,9,2774
44.0,4,6,10,2782
44.0,4,6,11,2790
44.0,4,6,12,2799
44.0,4,6,13,2807
44.0,4,6,14,2816
44.0,4,6,15,2824
44.0,4,7,0,2705
44.0,4,7,1,2714
44.0,4,7,2,2723
44.0,4,7,3,2731
44.0,4,7,4,2740
44.0,4,7,5,2748
44.0,4,7,6,2757
44.0,4,7,7,2766
44.0,4,7,8,2774
44.0,4,7,9,2783
44.0,4,7,10,2791
44.0,4,7,11,2799
44.0,4,7,12,2808
44.0,4,7,13,2816
44.0,4,7,14,2825
44.0,4,7,15,2833
44.0,4,8,0,2714
44.0,4,8,1,2723
44.0,4,8,2,2731
44.0,4,8,3,2740
44.0,4,8,4,2749
44.0,4,8,5,2757
44.0,4,8,6,2766
44.0,4,8,7,2774
44.0,4,8,8,2783
44.0,4,8,9,2791
44.0,4,8,10,2800
44.0,4,8,11,2808
44.0,4,8,12,2817
44.0,4,8,13,2825
44.0,4,8,14,2834
44.0,4,8,15,2842
44.0,4,9,0,2722
44.0,4,9,1,2731
44.0,4,9,2,2740
44.0,4,9,3,2749
44.0,4,9,4,2757
44.0,4,9,5,2766
44.0,4,9,6,2775
44.0,4,9,7,2783
44.0,4,9,8,2792
44.0,4,9,9,2800
44.0,4,9,10,2809
44.0,4,9,11,2817
44.0,4,9,12,2826
44.0,4,9,13,2834
44.0,4,9,14,2843
44.0,4,9,15,2851
44.0,4,10,0,2731
44.0,4,10,1,2740
44.0,4,10,2,2749
44.0,4,10,3,2757
44.0,4,10,4,2766
44.0,4,10,5,2775
44.0,4,10,6,2783
44.0,4,10,7,2792
44.0,4,10,8,2801
44.0,4,10,9,2809
44.0,4,10,10,2818
44.0,4,10,11,2826
44.0,4,10,12,2835
44.0,4,10,13,2843
44.0,4,10,14,2852
44.0,4,10,15,2860
44.0,4,11,0,2740
44.0,4,11,1,2748
44.0,4,11,2,2757
44.0,4,11,3,2766
44.0,4,11,4,2775
44.0,4,11,5,2783
44.0,4,11,6,2792
44.0,4,11,7,2801
44.0,4,11,8,2809
44.0,4,11,9,2818
44.0,4,11,10,2827
44.0,4,11,11,2835
44.0,4,11,12,2844
44.0,4,11,13,2852
44.0,4,11,14,2861
44.0,4,11,15,2869
44.0,4,12,0,2748
44.0,4,12,1,2757
44.0,4,12,2,2766
44.0,4,12,3,2775
44.0,4,12,4,2783
44.0,4,12,5,2792
44.0,4,12,6,2801
44.0,4,12,7,2810
44.0,4,12,8,2818
44.0,4,12,9,2827
44.0,4,12,10,2835
44.0,4,12,11,2844
44.0,4,12,12,2853
44.0,4,12,13,2861
44.0,4,12,14,2870
44.0,4,12,15,2878
44.0,4,13,0,2757
44.0,4,13,1,2766
44.0,4,13,2,2774
44.0,4,13,3,2783
44.0,4,13,4,2792
44.0,4,13,5,2801
44.0,4,13,6,2810
44.0,4,13,7,2818
44.0,4,13,8,2827
44.0,4,13,9,2836
44.0,4,13,10,2844
44.0,4,13,11,2853
44.0,4,13,12,2861
44.0,4,13,13,2870
44.0,4,13,14,2878
44.0,4,13,15,2887
44.0,4,14,0,2765
44.0,4,14,1,2774
44.0,4,14,2,2783
44.0,4,14,3,2792
44.0,4,14,4,2801
44.0,4,14,5,2809
44.0,4,14,6,2818
44.0,4,14,7,2827
44.0,4,14,8,2836
44.0,4,14,9,2844
44.0,4,14,10,2853
44.0,4,14,11,2862
44.0,4,14,12,2870
44.0,4,14,13,2879
44.0,4,14,14,2887
44.0,4,14,15,2896
44.0,4,15,0,2774
44.0,4,15,1,2783
44.0,4,15,2,2791
44.0,4,15,3,2800
44.0,4,15,4,2809
44.0,4,15,5,2818
44.0,4,15,6,2827
44.0,4,15,7,2836
44.0,4,15,8,2844
44.0,4,15,9,2853
44.0,4,15,10,2862
44.0,4,15,11,2870
44.0,4,15,12,2879
44.0,4,15,13,2888
44.0,4,15,14,2896
44.0,4,15,15,2905
44.0,5,0,0,2654
44.0,5,0,1,2662
44.0,5,0,2,2671
44.0,5,0,3,2679
44.0,5,0,4,2688
44.0,5,0,5,2696
44.0,5,0,6,2705
44.0,5,0,7,2713
44.0,5,0,8,2721
44.0,5,0,9,2730
44.0,5,0,10,2738
44.0,5,0,11,2746
44.0,5,0,12,2755
44.0,5,0,13,2763
44.0,5,0,14,2771
44.0,5,0,15,2779
44.0,5,1,0,2663
44.0,5,1,1,2671
44.0,5,1,2,2680
44.0,5,1,3,2688
44.0,5,1,4,2697
44.0,5,1,5,2705
44.0,5,1,6,2714
44.0,5,1,7,2722
44.0,5,1,8,2730
44.0,5,1,9,2739
44.0,5,1,10,2747
44.0,5,1,11,2755
44.0,5,1,12,2764
44.0,5,1,13,2772
44.0,5,1,14,2780
44.0,5,1,15,2788
44.0,5,2,0,2671
44.0,5,2,1,2680
44.0,5,2,2,2689
44.0,5,2,3,2697
44.0,5,2,4,2706
44.0,5,2,5,2714
44.0,5,2,6,2723
44.0,5,2,7,2731
44.0,5,2,8,2740
44.0,5,2,9,2748
44.0,5,2,10,2756
44.0,5,2,11,2765
44.0,5,2,12,2773
44.0,5,2,13,2781
44.0,5,2,14,2790
44.0,5,2,15,2798
44.0,5,3,0,2680
44.0,5,3,1,2689
44.0,5,3,2,2698
44.0,5,3,3,2706
44.0,5,3,4,2715
44.0,5,3,5,2723
44.0,5,3,6,2732
44.0,5,3,7,2740
44.0,5,3,8,2749
44.0,5,3,9,2757
44.0,5,3,10,2765
44.0,5,3,11,2774
44.0,5,3,12,2782
44.0,5,3,13,2790
44.0,5,3,14,2799
44.0,5,3,15,2807
44.0,5,4,0,2689
44.0,5,4,1,2698
44.0,5,4,2,2706
44.0,5,4,3,2715
44.0,5,4,4,2724
44.0,5,4,5,2732
44.0,5,4,6,2741
44.0,5,4,7,2749
44.0,5,4,8,2758
44.0,5,4,9,2766
44.0,5,4,10,2774
44.0,5,4,11,2783
44.0,5,4,12,2791
44.0,5,4,13,2800
44.0,5,4,14,2808
44.0,5,4,15,2816
44.0,5,5,0,2698
44.0,5,5,1,2707
44.0,5,5,2,2715
44.0,5,5,3,2724
44.0,5,5,4,2732
44.0,5,5,5,2741
44.0,5,5,6,2750
44.0,5,5,7,2758
44.0,5,5,8,2767
44.0,5,5,9,2775
44.0,5,5,10,2784
44.0,5,5,11,2792
44.0,5,5,12,2800
44.0,5,5,13,2809
44.0,5,5,14,2817
44.0,5,5,15,2825
44.0,5,6,0,2707
44.0,5,6,1,2715
44.0,5,6,2,2724
44.0,5,6,3,2733
44.0,5,6,4,2741
44.0,5,6,5,2750
44.0,5,6,6,2759
44.0,5,6,7,2767
44.0,5,6,8,2776
44.0,5,6,9,2784
44.0,5,6,10,2793
44.0,5,6,11,2801
44.0,5,6,12,2809
44.0,5,6,13,2818
44.0,5,6,14,2826
44.0,5,6,15,2835
44.0,5,7,0,2715
44.0,5,7,1,2724
44.0,5,7,2,2733
44.0,5,7,3,2741
44.0,5,7,4,2750
44.0,5,7,5,2759
44.0,5,7,6,2767
44.0,5,7,7,2776
44.0,5,7,8,2785
44.0,5,7,9,2793
44.0,5,7,10,2802
44.0,5,7,11,2810
44.0,5,7,12,2818
44.0,5,7,13,2827
44.0,5,7,14,2835
44.0,5,7,15,2844
44.0,5,8,0,2724
44.0,5,8,1,2733
44.0,5,8,2,2742
44.0,5,8,3,2750
44.0,5,8,4,2759
44.0,5,8,5,2768
44.0,5,8,6,2776
44.0,5,8,7,2785
44.0,5,8,8,2793
44.0,5,8,9,2802
44.0,5,8,10,2811
44.0,5,8,11,2819
44.0,5,8,12,2828
44.0,5,8,13,2836
44.0,5,8,14,2844
44.0,5,8,15,2853
44.0,5,9,0,2733
44.0,5,9,1,2741
44.0,5,9,2,2750
44.0,5,9,3,2759
44.0,5,9,4,2768
44.0,5,9,5,2776
44.0,5,9,6,2785
44.0,5,9,7,2794
44.0,5,9,8,2802
44.0,5,9,9,2811
44.0,5,9,10,2819
44.0,5,9,11,2828
44.0,5,9,12,2837
44.0,5,9,13,2845
44.0,5,9,14,2853
44.0,5,9,15,2862
44.0,5,10,0,2741
44.0,5,10,1,2750
44.0,5,10,2,2759
44.0,5,10,3,2768
44.0,5,10,4,2776
44.0,5,10,5,2785
44.0,5,10,6,2794
44.0,5,10,7,2803
44.0,5,10,8,2811
44.0,5,10,9,2820
44.0,5,10,10,2828
44.0,5,10,11,2837
44.0,5,10,12,2845
44.0,5,10,13,2854
44.0,5,10,14,2862
44.0,5,10,15,2871
44.0,5,11,0,2750
44.0,5,11,1,2759
44.0,5,11,2,2768
44.0,5,11,3,2776
44.0,5,11,4,2785
44.0,5,11,5,2794
44.0,5,11,6,2803
44.0,5,11,7,2811
44.0,5,11,8,2820
44.0,5,11,9,2829
44.0,5,11,10,2837
44.0,5,11,11,2846
44.0,5,11,12,2854
44.0,5,11,13,2863
44.0,5,11,14,2871
44.0,5,11,15,2880
44.0,5,12,0,2759
44.0,5,12,1,2767
44.0,5,12,2,2776
44.0,5,12,3,2785
44.0,5,12,4,2794
44.0,5,12,5,2803
44.0,5,12,6,2811
44.0,5,12,7,2820
44.0,5,12,8,2829
44.0,5,12,9,2837
44.0,5,12,10,2846
44.0,5,12,11,2855
44.0,5,12,12,2863
44.0,5,12,13,2872
44.0,5,12,14,2880
44.0,5,12,15,2889
44.0,5,13,0,2767
44.0,5,13,1,2776
44.0,5,13,2,2785
44.0,5,13,3,2794
44.0,5,13,4,2803
44.0,5,13,5,2811
44.0,5,13,6,2820
44.0,5,13,7,2829
44.0,5,13,8,2838
44.0,5,13,9,2846
44.0,5,13,10,2855
44.0,5,13,11,2864
44.0,5,13,12,2872
44.0,5,13,13,2881
44.0,5,13,14,2889
44.0,5,13,15,2898
44.0,5,14,0,2776
44.0,5,14,1,2785
44.0,5,14,2,2793
44.0,5,14,3,2802
44.0,5,14,4,2811
44.0,5,14,5,2820
44.0,5,14,6,2829
44.0,5,14,7,2838
44.0,5,14,8,2846
44.0,5,14,9,2855
44.0,5,14,10,2864
44.0,5,14,11,2872
44.0,5,14,12,2881
44.0,5,14,13,2890
44.0,5,14,14,2898
44.0,5,14,15,2907
44.0,5,15,0,2784
44.0,5,15,1,2793
44.0,5,15,2,2802
44.0,5,15,3,2811
44.0,5,15,4,2820
44.0,5,15,5,2829
44.0,5,15,6,2837
44.0,5,15,7,2846
44.0,5,15,8,2855
44.0,5,15,9,2864
44.0,5,15,10,2873
44.0,5,15,11,2881
44.0,5,15,12,2890
44.0,5,15,13,2899
44.0,5,15,14,2907
44.0,5,15,15,2916
44.0,6,0,0,2664
44.0,6,0,1,2672
44.0,6,0,2,2681
44.0,6,0,3,2689
44.0,6,0,4,2698
44.0,6,0,5,2706
44.0,6,0,6,2715
44.0,6,0,7,2723
44.0,6,0,8,2732
44.0,6,0,9,2740
44.0,6,0,10,2748
44.0,6,0,11,2757
44.0,6,0,12,2765
44.0,6,0,13,2773
44.0,6,0,14,2781
44.0,6,0,15,2790
44.0,6,1,0,2673
44.0,6,1,1,2681
44.0,6,1,2,2690
44.0,6,1,3,2698
44.0,6,1,4,2707
44.0,6,1,5,2715
44.0,6,1,6,2724
44.0,6,1,7,2732
44.0,6,1,8,2741
44.0,6,1,9,2749
44.0,6,1,10,2757
44.0,6,1,11,2766
44.0,6,1,12,2774
44.0,6,1,13,2782
44.0,6,1,14,2791
44.0,6,1,15,2799
44.0,6,2,0,2681
44.0,6,2,1,2690
44.0,6,2,2,2699
44.0,6,2,3,2707
44.0,6,2,4,2716
44.0,6,2,5,2724
44.0,6,2,6,2733
44.0,6,2,7,2741
44.0,6,2,8,2750
44.0,6,2,9,2758
44.0,6,2,10,2767
44.0,6,2,11,2775
44.0,6,2,12,2783
44.0,6,2,13,2792
44.0,6,2,14,2800
44.0,6,2,15,2808
44.0,6,3,0,2690
44.0,6,3,1,2699
44.0,6,3,2,2708
44.0,6,3,3,2716
44.0,6,3,4,2725
44.0,6,3,5,2733
44.0,6,3,6,2742
44.0,6,3,7,2750
44.0,6,3,8,2759
44.0,6,3,9,2767
44.0,6,3,10,2776
44.0,6,3,11,2784
44.0,6,3,12,2793
44.0,6,3,13,2801
44.0,6,3,14,2809
44.0,6,3,15,2818
44.0,6,4,0,2699
44.0,6,4,1,2708
44.0,6,4,2,2717
44.0,6,4,3,2725
44.0,6,4,4,2734
44.0,6,4,5,2742
44.0,6,4,6,2751
44.0,6,4,7,2759
44.0,6,4,8,2768
44.0,6,4,9,2776
44.0,6,4,10,2785
44.0,6,4,11,2793
44.0,6,4,12,2802
44.0,6,4,13,2810
44.0,6,4,14,2818
44.0,6,4,15,2827
44.0,6,5,0,2708
44.0,6,5,1,2717
44.0,6,5,2,2725
44.0,6,5,3,2734
44.0,6,5,4,2743
44.0,6,5,5,2751
44.0,6,5,6,2760
44.0,6,5,7,2768
44.0,6,5,8,2777
44.0,6,5,9,2786
44.0,6,5,10,2794
44.0,6,5,11,2802
44.0,6,5,12,2811
44.0,6,5,13,2819
44.0,6,5,14,2828
44.0,6,5,15,2836
44.0,6,6,0,2717
44.0,6,6,1,2726
44.0,6,6,2,2734
44.0,6,6,3,2743
44.0,6,6,4,2752
44.0,6,6,5,2760
44.0,6,6,6,2769
44.0,6,6,7,2777
44.0,6,6,8,2786
44.0,6,6,9,2795
44.0,6,6,10,2803
44.0,6,6,11,2812
44.0,6,6,12,2820
44.0,6,6,13,2828
44.0,6,6,14,2837
44.0,6,6,15,2845
44.0,6,7,0,2726
44.0,6,7,1,2734
44.0,6,7,2,2743
44.0,6,7,3,2752
44.0,6,7,4,2760
44.0,6,7,5,2769
44.0,6,7,6,2778
44.0,6,7,7,2786
44.0,6,7,8,2795
44.0,6,7,9,2804
44.0,6,7,10,2812
44.0,6,7,11,2821
44.0,6,7,12,2829
44.0,6,7,13,2838
44.0,6,7,14,2846
44.0,6,7,15,2854
44.0,6,8,0,2734
44.0,6,8,1,2743
44.0,6,8,2,2752
44.0,6,8,3,2761
44.0,6,8,4,2769
44.0,6,8,5,2778
44.0,6,8,6,2787
44.0,6,8,7,2795
44.0,6,8,8,2804
44.0,6,8,9,2813
44.0,6,8,10,2821
44.0,6,8,11,2830
44.0,6,8,12,2838
44.0,6,8,13,2847
44.0,6,8,14,2855
44.0,6,8,15,2864
44.0,6,9,0,2743
44.0,6,9,1,2752
44.0,6,9,2,2761
44.0,6,9,3,2769
44.0,6,9,4,2778
44.0,6,9,5,2787
44.0,6,9,6,2796
44.0,6,9,7,2804
44.0,6,9,8,2813
44.0,6,9,9,2821
44.0,6,9,10,2830
44.0,6,9,11,2839
44.0,6,9,12,2847
44.0,6,9,13,2856
44.0,6,9,14,2864
44.0,6,9,15,2873
44.0,6,10,0,2752
44.0,6,10,1,2760
44.0,6,10,2,2769
44.0,6,10,3,2778
44.0,6,10,4,2787
44.0,6,10,5,2796
44.0,6,10,6,2804
44.0,6,10,7,2813
44.0,6,10,8,2822
44.0,6,10,9,2830
44.0,6,10,10,2839
44.0,6,10,11,2848
44.0,6,10,12,2856
44.0,6,10,13,2865
44.0,6,10,14,2873
44.0,6,10,15,2882
44.0,6,11,0,2760
44.0,6,11,1,2769
44.0,6,11,2,2778
44.0,6,11,3,2787
44.0,6,11,4,2796
44.0,6,11,5,2804
44.0,6,11,6,2813
44.0,6,11,7,2822
44.0,6,11,8,2831
44.0,6,11,9,2839
44.0,6,11,10,2848
44.0,6,11,11,2857
44.0,6,11,12,2865
44.0,6,11,13,2874
44.0,6,11,14,2882
44.0,6,11,15,2891
44.0,6,12,0,2769
44.0,6,12,1,2778
44.0,6,12,2,2787
44.0,6,12,3,2796
44.0,6,12,4,2804
44.0,6,12,5,2813
44.0,6,12,6,2822
44.0,6,12,7,2831
44.0,6,12,8,2839
44.0,6,12,9,2848
44.0,6,12,10,2857
44.0,6,12,11,2865
44.0,6,12,12,2874
44.0,6,12,13,2883
44.0,6,12,14,2891
44.0,6,12,15,2900
44.0,6,13,0,2777
44.0,6,13,1,2786
44.0,6,13,2,2795
44.0,6,13,3,2804
44.0,6,13,4,2813
44.0,6,13,5,2822
44.0,6,13,6,2831
44.0,6,13,7,2839
44.0,6,13,8,2848
44.0,6,13,9,2857
44.0,6,13,10,2866
44.0,6,13,11,2874
44.0,6,13,12,2883
44.0,6,13,13,2892
44.0,6,13,14,2900
44.0,6,13,15,2909
44.0,6,14,0,2786
44.0,6,14,1,2795
44.0,6,14,2,2804
44.0,6,14,3,2813
44.0,6,14,4,2822
44.0,6,14,5,2831
44.0,6,14,6,2839
44.0,6,14,7,2848
44.0,6,14,8,2857
44.0,6,14,9,2866
44.0,6,14,10,2875
44.0,6,14,11,2883
44.0,6,14,12,2892
44.0,6,14,13,2901
44.0,6,14,14,2909
44.0,6,14,15,2918
44.0,6,15,0,2795
44.0,6,15,1,2804
44.0,6,15,2,2813
44.0,6,15,3,2821
44.0,6,15,4,2830
44.0,6,15,5,2839
44.0,6,15,6,2848
44.0,6,15,7,2857
44.0,6,15,8,2866
44.0,6,15,9,2875
44.0,6,15,10,2883
44.0,6,15,11,2892
44.0,6,15,12,2901
44.0,6,15,13,2909
44.0,6,15,14,2918
44.0,6,15,15,2927
44.0,7,0,0,2674
44.0,7,0,1,2682
44.0,7,0,2,2691
44.0,7,0,3,2699
44.0,7,0,4,2708
44.0,7,0,5,2716
44.0,7,0,6,2725
44.0,7,0,7,2733
44.0,7,0,8,2742
44.0,7,0,9,2750
44.0,7,0,10,2759
44.0,7,0,11,2767
44.0,7,0,12,2775
44.0,7,0,13,2784
44.0,7,0,14,2792
44.0,7,0,15,2800
44.0,7,1,0,2683
44.0,7,1,1,2691
44.0,7,1,2,2700
44.0,7,1,3,2708
44.0,7,1,4,2717
44.0,7,1,5,2726
44.0,7,1,6,2734
44.0,7,1,7,2743
44.0,7,1,8,2751
44.0,7,1,9,2759
44.0,7,1,10,2768
44.0,7,1,11,2776
44.0,7,1,12,2785
44.0,7,1,13,2793
44.0,7,1,14,2801
44.0,7,1,15,2809
44.0,7,2,0,2692
44.0,7,2,1,2700
44.0,7,2,2,2709
44.0,7,2,3,2717
44.0,7,2,4,2726
44.0,7,2,5,2735
44.0,7,2,6,2743
44.0,7,2,7,2752
44.0,7,2,8,2760
44.0,7,2,9,2769
44.0,7,2,10,2777
44.0,7,2,11,2785
44.0,7,2,12,2794
44.0,7,2,13,2802
44.0,7,2,14,2810
44.0,7,2,15,2819
44.0,7,3,0,2700
44.0,7,3,1,2709
44.0,7,3,2,2718
44.0,7,3,3,2726
44.0,7,3,4,2735
44.0,7,3,5,2744
44.0,7,3,6,2752
44.0,7,3,7,2761
44.0,7,3,8,2769
44.0,7,3,9,2778
44.0,7,3,10,2786
44.0,7,3,11,2795
44.0,7,3,12,2803
44.0,7,3,13,2811
44.0,7,3,14,2820
44.0,7,3,15,2828
44.0,7,4,0,2709
44.0,7,4,1,2718
44.0,7,4,2,2727
44.0,7,4,3,2735
44.0,7,4,4,2744
44.0,7,4,5,2753
44.0,7,4,6,2761
44.0,7,4,7,2770
44.0,7,4,8,2778
44.0,7,4,9,2787
44.0,7,4,10,2795
44.0,7,4,11,2804
44.0,7,4,12,2812
44.0,7,4,13,2821
44.0,7,4,14,2829
44.0,7,4,15,2837
44.0,7,5,0,2718
44.0,7,5,1,2727
44.0,7,5,2,2736
44.0,7,5,3,2744
44.0,7,5,4,2753
44.0,7,5,5,2762
44.0,7,5,6,2770
44.0,7,5,7,2779
44.0,7,5,8,2787
44.0,7,5,9,2796
44.0,7,5,10,2804
44.0,7,5,11,2813
44.0,7,5,12,2821
44.0,7,5,13,2830
44.0,7,5,14,2838
44.0,7,5,15,2847
44.0,7,6,0,2727
44.0,7,6,1,2736
44.0,7,6,2,2744
44.0,7,6,3,2753
44.0,7,6,4,2762
44.0,7,6,5,2771
44.0,7,6,6,2779
44.0,7,6,7,2788
44.0,7,6,8,2796
44.0,7,6,9,2805
44.0,7,6,10,2814
44.0,7,6,11,2822
44.0,7,6,12,2831
44.0,7,6,13,2839
44.0,7,6,14,2847
44.0,7,6,15,2856
44.0,7,7,0,2736
44.0,7,7,1,2745
44.0,7,7,2,2753
44.0,7,7,3,2762
44.0,7,7,4,2771
44.0,7,7,5,2780
44.0,7,7,6,2788
44.0,7,7,7,2797
44.0,7,7,8,2805
44.0,7,7,9,2814
44.0,7,7,10,2823
44.0,7,7,11,2831
44.0,7,7,12,2840
44.0,7,7,13,2848
44.0,7,7,14,2857
44.0,7,7,15,2865
44.0,7,8,0,2744
44.0,7,8,1,2753
44.0,7,8,2,2762
44.0,7,8,3,2771
44.0,7,8,4,2780
44.0,7,8,5,2788
44.0,7,8,6,2797
44.0,7,8,7,2806
44.0,7,8,8,2814
44.0,7,8,9,2823
44.0,7,8,10,2832
44.0,7,8,11,2840
44.0,7,8,12,2849
44.0,7,8,13,2857
44.0,7,8,14,2866
44.0,7,8,15,2874
44.0,7,9,0,2753
44.0,7,9,1,2762
44.0,7,9,2,2771
44.0,7,9,3,2780
44.0,7,9,4,2789
44.0,7,9,5,2797
44.0,7,9,6,2806
44.0,7,9,7,2815
44.0,7,9,8,2823
44.0,7,9,9,2832
44.0,7,9,10,2841
44.0,7,9,11,2849
44.0,7,9,12,2858
44.0,7,9,13,2866
44.0,7,9,14,2875
44.0,7,9,15,2883
44.0,7,10,0,2762
44.0,7,10,1,2771
44.0,7,10,2,2780
44.0,7,10,3,2789
44.0,7,10,4,2797
44.0,7,10,5,2806
44.0,7,10,6,2815
44.0,7,10,7,2824
44.0,7,10,8,2832
44.0,7,10,9,2841
44.0,7,10,10,2850
44.0,7,10,11,2858
44.0,7,10,12,2867
44.0,7,10,13,2875
44.0,7,10,14,2884
44.0,7,10,15,2893
44.0,7,11,0,2771
44.0,7,11,1,2780
44.0,7,11,2,2788
44.0,7,11,3,2797
44.0,7,11,4,2806
44.0,7,11,5,2815
44.0,7,11,6,2824
44.0,7,11,7,2832
44.0,7,11,8,2841
44.0,7,11,9,2850
44.0,7,11,10,2859
44.0,7,11,11,2867
44.0,7,11,12,2876
44.0,7,11,13,2884
44.0,7,11,14,2893
44.0,7,11,15,2902
44.0,7,12,0,2779
44.0,7,12,1,2788
44.0,7,12,2,2797
44.0,7,12,3,2806
44.0,7,12,4,2815
44.0,7,12,5,2824
44.0,7,12,6,2833
44.0,7,12,7,2841
44.0,7,12,8,2850
44.0,7,12,9,2859
44.0,7,12,10,2868
44.0,7,12,11,2876
44.0,7,12,12,2885
44.0,7,12,13,2893
44.0,7,12,14,2902
44.0,7,12,15,2911
44.0,7,13,0,2788
44.0,7,13,1,2797
44.0,7,13,2,2806
44.0,7,13,3,2815
44.0,7,13,4,2824
44.0,7,13,5,2832
44.0,7,13,6,2841
44.0,7,13,7,2850
44.0,7,13,8,2859
44.0,7,13,9,2868
44.0,7,13,10,2876
44.0,7,13,11,2885
44.0,7,13,12,2894
44.0,7,13,13,2902
44.0,7,13,14,2911
44.0,7,13,15,2920
44.0,7,14,0,2796
44.0,7,14,1,2805
44.0,7,14,2,2814
44.0,7,14,3,2823
44.0,7,14,4,2832
44.0,7,14,5,2841
44.0,7,14,6,2850
44.0,7,14,7,2859
44.0,7,14,8,2868
44.0,7,14,9,2877
44.0,7,14,10,2885
44.0,7,14,11,2894
44.0,7,14,12,2903
44.0,7,14,13,2911
44.0,7,14,14,2920
44.0,7,14,15,2929
44.0,7,15,0,2805
44.0,7,15,1,2814
44.0,7,15,2,2823
44.0,7,15,3,2832
44.0,7,15,4,2841
44.0,7,15,5,2850
44.0,7,15,6,2859
44.0,7,15,7,2868
44.0,7,15,8,2877
44.0,7,15,9,2885
44.0,7,15,10,2894
44.0,7,15,11,2903
44.0,7,15,12,2912
44.0,7,15,13,2920
44.0,7,15,14,2929
44.0,7,15,15,2938
44.0,8,0,0,2684
44.0,8,0,1,2692
44.0,8,0,2,2701
44.0,8,0,3,2709
44.0,8,0,4,2718
44.0,8,0,5,2727
44.0,8,0,6,2735
44.0,8,0,7,2744
44.0,8,0,8,2752
44.0,8,0,9,2760
44.0,8,0,10,2769
44.0,8,0,11,2777
44.0,8,0,12,2786
44.0,8,0,13,2794
44.0,8,0,14,2802
44.0,8,0,15,2811
44.0,8,1,0,2693
44.0,8,1,1,2701
44.0,8,1,2,2710
44.0,8,1,3,2719
44.0,8,1,4,2727
44.0,8,1,5,2736
44.0,8,1,6,2744
44.0,8,1,7,2753
44.0,8,1,8,2761
44.0,8,1,9,2770
44.0,8,1,10,2778
44.0,8,1,11,2787
44.0,8,1,12,2795
44.0,8,1,13,2803
44.0,8,1,14,2812
44.0,8,1,15,2820
44.0,8,2,0,2702
44.0,8,2,1,2710
44.0,8,2,2,2719
44.0,8,2,3,2728
44.0,8,2,4,2736
44.0,8,2,5,2745
44.0,8,2,6,2753
44.0,8,2,7,2762
44.0,8,2,8,2770
44.0,8,2,9,2779
44.0,8,2,10,2787
44.0,8,2,11,2796
44.0,8,2,12,2804
44.0,8,2,13,2813
44.0,8,2,14,2821
44.0,8,2,15,2829
44.0,8,3,0,2711
44.0,8,3,1,2719
44.0,8,3,2,2728
44.0,8,3,3,2737
44.0,8,3,4,2745
44.0,8,3,5,2754
44.0,8,3,6,2762
44.0,8,3,7,2771
44.0,8,3,8,2780
44.0,8,3,9,2788
44.0,8,3,10,2797
44.0,8,3,11,2805
44.0,8,3,12,2813
44.0,8,3,13,2822
44.0,8,3,14,2830
44.0,8,3,15,2839
44.0,8,4,0,2719
44.0,8,4,1,2728
44.0,8,4,2,2737
44.0,8,4,3,2746
44.0,8,4,4,2754
44.0,8,4,5,2763
44.0,8,4,6,2772
44.0,8,4,7,2780
44.0,8,4,8,2789
44.0,8,4,9,2797
44.0,8,4,10,2806
44.0,8,4,11,2814
44.0,8,4,12,2823
44.0,8,4,13,2831
44.0,8,4,14,2840
44.0,8,4,15,2848
44.0,8,5,0,2728
44.0,8,5,1,2737
44.0,8,5,2,2746
44.0,8,5,3,2755
44.0,8,5,4,2763
44.0,8,5,5,2772
44.0,8,5,6,2781
44.0,8,5,7,2789
44.0,8,5,8,2798
44.0,8,5,9,2806
44.0,8,5,10,2815
44.0,8,5,11,2823
44.0,8,5,12,2832
44.0,8,5,13,2840
44.0,8,5,14,2849
44.0,8,5,15,2857
44.0,8,6,0,2737
44.0,8,6,1,2746
44.0,8,6,2,2755
44.0,8,6,3,2764
44.0,8,6,4,2772
44.0,8,6,5,2781
44.0,8,6,6,2790
44.0,8,6,7,2798
44.0,8,6,8,2807
44.0,8,6,9,2815
44.0,8,6,10,2824
44.0,8,6,11,2833
44.0,8,6,12,2841
44.0,8,6,13,2850
44.0,8,6,14,2858
44.0,8,6,15,2867
44.0,8,7,0,2746
44.0,8,7,1,2755
44.0,8,7,2,2764
44.0,8,7,3,2772
44.0,8,7,4,2781
44.0,8,7,5,2790
44.0,8,7,6,2799
44.0,8,7,7,2807
44.0,8,7,8,2816
44.0,8,7,9,2825
44.0,8,7,10,2833
44.0,8,7,11,2842
44.0,8,7,12,2850
44.0,8,7,13,2859
44.0,8,7,14,2867
44.0,8,7,15,2876
44.0,8,8,0,2755
44.0,8,8,1,2764
44.0,8,8,2,2772
44.0,8,8,3,2781
44.0,8,8,4,2790
44.0,8,8,5,2799
44.0,8,8,6,2808
44.0,8,8,7,2816
44.0,8,8,8,2825
44.0,8,8,9,2834
44.0,8,8,10,2842
44.0,8,8,11,2851
44.0,8,8,12,2859
44.0,8,8,13,2868
44.0,8,8,14,2876
44.0,8,8,15,2885
44.0,8,9,0,2764
44.0,8,9,1,2772
44.0,8,9,2,2781
44.0,8,9,3,2790
44.0,8,9,4,2799
44.0,8,9,5,2808
44.0,8,9,6,2816
44.0,8,9,7,2825
44.0,8,9,8,2834
44.0,8,9,9,2843
44.0,8,9,10,2851
44.0,8,9,11,2860
44.0,8,9,12,2869
44.0,8,9,13,2877
44.0,8,9,14,2886
44.0,8,9,15,2894
44.0,8,10,0,2772
44.0,8,10,1,2781
44.0,8,10,2,2790
44.0,8,10,3,2799
44.0,8,10,4,2808
44.0,8,10,5,2817
44.0,8,10,6,2825
44.0,8,10,7,2834
44.0,8,10,8,2843
44.0,8,10,9,2852
44.0,8,10,10,2860
44.0,8,10,11,2869
44.0,8,10,12,2878
44.0,8,10,13,2886
44.0,8,10,14,2895
44.0,8,10,15,2903
44.0,8,11,0,2781
44.0,8,11,1,2790
44.0,8,11,2,2799
44.0,8,11,3,2808
44.0,8,11,4,2817
44.0,8,11,5,2825
44.0,8,11,6,2834
44.0,8,11,7,2843
44.0,8,11,8,2852
44.0,8,11,9,2861
44.0,8,11,10,2869
44.0,8,11,11,2878
44.0,8,11,12,2887
44.0,8,11,13,2895
44.0,8,11,14,2904
44.0,8,11,15,2912
44.0,8,12,0,2790
44.0,8,12,1,2799
44.0,8,12,2,2808
44.0,8,12,3,2816
44.0,8,12,4,2825
44.0,8,12,5,2834
44.0,8,12,6,2843
44.0,8,12,7,2852
44.0,8,12,8,2861
44.0,8,12,9,2869
44.0,8,12,10,2878
44.0,8,12,11,2887
44.0,8,12,12,2896
44.0,8,12,13,2904
44.0,8,12,14,2913
44.0,8,12,15,2922
44.0,8,13,0,2798
44.0,8,13,1,2807
44.0,8,13,2,2816
44.0,8,13,3,2825
44.0,8,13,4,2834
44.0,8,13,5,2843
44.0,8,13,6,2852
44.0,8,13,7,2861
44.0,8,13,8,2870
44.0,8,13,9,2878
44.0,8,13,10,2887
44.0,8,13,11,2896
44.0,8,13,12,2905
44.0,8,13,13,2913
44.0,8,13,14,2922
44.0,8,13,15,2931
44.0,8,14,0,2807
44.0,8,14,1,2816
44.0,8,14,2,2825
44.0,8,14,3,2834
44.0,8,14,4,2843
44.0,8,14,5,2852
44.0,8,14,6,2861
44.0,8,14,7,2870
44.0,8,14,8,2878
44.0,8,14,9,2887
44.0,8,14,10,2896
44.0,8,14,11,2905
44.0,8,14,12,2914
44.0,8,14,13,2922
44.0,8,14,14,2931
44.0,8,14,15,2940
44.0,8,15,0,2815
44.0,8,15,1,2825
44.0,8,15,2,2834
44.0,8,15,3,2843
44.0,8,15,4,2852
44.0,8,15,5,2861
44.0,8,15,6,2869
44.0,8,15,7,2878
44.0,8,15,8,2887
44.0,8,15,9,2896
44.0,8,15,10,2905
44.0,8,15,11,2914
44.0,8,15,12,2922
44.0,8,15,13,2931
44.0,8,15,14,2940
44.0,8,15,15,2949
44.0,9,0,0,2694
44.0,9,0,1,2702
44.0,9,0,2,2711
44.0,9,0,3,2720
44.0,9,0,4,2728
44.0,9,0,5,2737
44.0,9,0,6,2745
44.0,9,0,7,2754
44.0,9,0,8,2762
44.0,9,0,9,2771
44.0,9,0,10,2779
44.0,9,0,11,2788
44.0,9,0,12,2796
44.0,9,0,13,2804
44.0,9,0,14,2813
44.0,9,0,15,2821
44.0,9,1,0,2703
44.0,9,1,1,2711
44.0,9,1,2,2720
44.0,9,1,3,2729
44.0,9,1,4,2737
44.0,9,1,5,2746
44.0,9,1,6,2754
44.0,9,1,7,2763
44.0,9,1,8,2772
44.0,9,1,9,2780
44.0,9,1,10,2788
44.0,9,1,11,2797
44.0,9,1,12,2805
44.0,9,1,13,2814
44.0,9,1,14,2822
44.0,9,1,15,2830
44.0,9,2,0,2712
44.0,9,2,1,2720
44.0,9,2,2,2729
44.0,9,2,3,2738
44.0,9,2,4,2746
44.0,9,2,5,2755
44.0,9,2,6,2764
44.0,9,2,7,2772
44.0,9,2,8,2781
44.0,9,2,9,2789
44.0,9,2,10,2798
44.0,9,2,11,2806
44.0,9,2,12,2815
44.0,9,2,13,2823
44.0,9,2,14,2831
44.0,9,2,15,2840
44.0,9,3,0,2721
44.0,9,3,1,2729
44.0,9,3,2,2738
44.0,9,3,3,2747
44.0,9,3,4,2755
44.0,9,3,5,2764
44.0,9,3,6,2773
44.0,9,3,7,2781
44.0,9,3,8,2790
44.0,9,3,9,2798
44.0,9,3,10,2807
44.0,9,3,11,2815
44.0,9,3,12,2824
44.0,9,3,13,2832
44.0,9,3,14,2841
44.0,9,3,15,2849
44.0,9,4,0,2730
44.0,9,4,1,2738
44.0,9,4,2,2747
44.0,9,4,3,2756
44.0,9,4,4,2765
44.0,9,4,5,2773
44.0,9,4,6,2782
44.0,9,4,7,2790
44.0,9,4,8,2799
44.0,9,4,9,2808
44.0,9,4,10,2816
44.0,9,4,11,2825
44.0,9,4,12,2833
44.0,9,4,13,2842
44.0,9,4,14,2850
44.0,9,4,15,2859
44.0,9,5,0,2738
44.0,9,5,1,2747
44.0,9,5,2,2756
44.0,9,5,3,2765
44.0,9,5,4,2774
44.0,9,5,5,2782
44.0,9,5,6,2791
44.0,9,5,7,2800
44.0,9,5,8,2808
44.0,9,5,9,2817
44.0,9,5,10,2825
44.0,9,5,11,2834
44.0,9,5,12,2842
44.0,9,5,13,2851
44.0,9,5,14,2859
44.0,9,5,15,2868
44.0,9,6,0,2747
44.0,9,6,1,2756
44.0,9,6,2,2765
44.0,9,6,3,2774
44.0,9,6,4,2783
44.0,9,6,5,2791
44.0,9,6,6,2800
44.0,9,6,7,2809
44.0,9,6,8,2817
44.0,9,6,9,2826
44.0,9,6,10,2835
44.0,9,6,11,2843
44.0,9,6,12,2852
44.0,9,6,13,2860
44.0,9,6,14,2869
44.0,9,6,15,2877
44.0,9,7,0,2756
44.0,9,7,1,2765
44.0,9,7,2,2774
44.0,9,7,3,2783
44.0,9,7,4,2792
44.0,9,7,5,2800
44.0,9,7,6,2809
44.0,9,7,7,2818
44.0,9,7,8,2826
44.0,9,7,9,2835
44.0,9,7,10,2844
44.0,9,7,11,2852
44.0,9,7,12,2861
44.0,9,7,13,2869
44.0,9,7,14,2878
44.0,9,7,15,2886
44.0,9,8,0,2765
44.0,9,8,1,2774
44.0,9,8,2,2783
44.0,9,8,3,2792
44.0,9,8,4,2800
44.0,9,8,5,2809
44.0,9,8,6,2818
44.0,9,8,7,2827
44.0,9,8,8,2835
44.0,9,8,9,2844
44.0,9,8,10,2853
44.0,9,8,11,2861
44.0,9,8,12,2870
44.0,9,8,13,2879
44.0,9,8,14,2887
44.0,9,8,15,2896
44.0,9,9,0,2774
44.0,9,9,1,2783
44.0,9,9,2,2792
44.0,9,9,3,2800
44.0,9,9,4,2809
44.0,9,9,5,2818
44.0,9,9,6,2827
44.0,9,9,7,2836
44.0,9,9,8,2844
44.0,9,9,9,2853
44.0,9,9,10,2862
44.0,9,9,11,2871
44.0,9,9,12,2879
44.0,9,9,13,2888
44.0,9,9,14,2896
44.0,9,9,15,2905
44.0,9,10,0,2783
44.0,9,10,1,2792
44.0,9,10,2,2800
44.0,9,10,3,2809
44.0,9,10,4,2818
44.0,9,10,5,2827
44.0,9,10,6,2836
44.0,9,10,7,2845
44.0,9,10,8,2853
44.0,9,10,9,2862
44.0,9,10,10,2871
44.0,9,10,11,2880
44.0,9,10,12,2888
44.0,9,10,13,2897
44.0,9,10,14,2906
44.0,9,10,15,2914
44.0,9,11,0,2791
44.0,9,11,1,2800
44.0,9,11,2,2809
44.0,9,11,3,2818
44.0,9,11,4,2827
44.0,9,11,5,2836
44.0,9,11,6,2845
44.0,9,11,7,2854
44.0,9,11,8,2862
44.0,9,11,9,2871
44.0,9,11,10,2880
44.0,9,11,11,2889
44.0,9,11,12,2897
44.0,9,11,13,2906
44.0,9,11,14,2915
44.0,9,11,15,2923
44.0,9,12,0,2800
44.0,9,12,1,2809
44.0,9,12,2,2818
44.0,9,12,3,2827
44.0,9,12,4,2836
44.0,9,12,5,2845
44.0,9,12,6,2854
44.0,9,12,7,2863
44.0,9,12,8,2871
44.0,9,12,9,2880
44.0,9,12,10,2889
44.0,9,12,11,2898
44.0,9,12,12,2906
44.0,9,12,13,2915
44.0,9,12,14,2924
44.0,9,12,15,2932
44.0,9,13,0,2809
44.0,9,13,1,2818
44.0,9,13,2,2827
44.0,9,13,3,2836
44.0,9,13,4,2845
44.0,9,13,5,2854
44.0,9,13,6,2863
44.0,9,13,7,2871
44.0,9,13,8,2880
44.0,9,13,9,2889
44.0,9,13,10,2898
44.0,9,13,11,2907
44.0,9,13,12,2915
44.0,9,13,13,2924
44.0,9,13,14,2933
44.0,9,13,15,2941
44.0,9,14,0,2817
44.0,9,14,1,2826
44.0,9,14,2,2835
44.0,9,14,3,2844
44.0,9,14,4,2853
44.0,9,14,5,2862
44.0,9,14,6,2871
44.0,9,14,7,2880
44.0,9,14,8,2889
44.0,9,14,9,2898
44.0,9,14,10,2907
44.0,9,14,11,2916
44.0,9,14,12,2924
44.0,9,14,13,2933
44.0,9,14,14,2942
44.0,9,14,15,2951
44.0,9,15,0,2826
44.0,9,15,1,2835
44.0,9,15,2,2844
44.0,9,15,3,2853
44.0,9,15,4,2862
44.0,9,15,5,2871
44.0,9,15,6,2880
44.0,9,15,7,2889
44.0,9,15,8,2898
44.0,9,15,9,2907
44.0,9,15,10,2916
44.0,9,15,11,2925
44.0,9,15,12,2933
44.0,9,15,13,2942
44.0,9,15,14,2951
44.0,9,15,15,2960
44.0,10,0,0,2704
44.0,10,0,1,2712
44.0,10,0,2,2721
44.0,10,0,3,2730
44.0,10,0,4,2738
44.0,10,0,5,2747
44.0,10,0,6,2755
44.0,10,0,7,2764
44.0,10,0,8,2772
44.0,10,0,9,2781
44.0,10,0,10,2789
44.0,10,0,11,2798
44.0,10,0,12,2806
44.0,10,0,13,2815
44.0,10,0,14,2823
44.0,10,0,15,2831
44.0,10,1,0,2713
44.0,10,1,1,2721
44.0,10,1,2,2730
44.0,10,1,3,2739
44.0,10,1,4,2747
44.0,10,1,5,2756
44.0,10,1,6,2765
44.0,10,1,7,2773
44.0,10,1,8,2782
44.0,10,1,9,2790
44.0,10,1,10,2799
44.0,10,1,11,2807
44.0,10,1,12,2816
44.0,10,1,13,2824
44.0,10,1,14,2833
44.0,10,1,15,2841
44.0,10,2,0,2722
44.0,10,2,1,2730
44.0,10,2,2,2739
44.0,10,2,3,2748
44.0,10,2,4,2757
44.0,10,2,5,2765
44.0,10,2,6,2774
44.0,10,2,7,2782
44.0,10,2,8,2791
44.0,10,2,9,2800
44.0,10,2,10,2808
44.0,10,2,11,2817
44.0,10,2,12,2825
44.0,10,2,13,2834
44.0,10,2,14,2842
44.0,10,2,15,2850
44.0,10,3,0,2731
44.0,10,3,1,2739
44.0,10,3,2,2748
44.0,10,3,3,2757
44.0,10,3,4,2766
44.0,10,3,5,2774
44.0,10,3,6,2783
44.0,10,3,7,2792
44.0,10,3,8,2800
44.0,10,3,9,2809
44.0,10,3,10,2817
44.0,10,3,11,2826
44.0,10,3,12,2834
44.0,10,3,13,2843
44.0,10,3,14,2851
44.0,10,3,15,2860
44.0,10,4,0,2740
44.0,10,4,1,2748
44.0,10,4,2,2757
44.0,10,4,3,2766
44.0,10,4,4,2775
44.0,10,4,5,2783
44.0,10,4,6,2792
44.0,10,4,7,2801
44.0,10,4,8,2809
44.0,10,4,9,2818
44.0,10,4,10,2827
44.0,10,4,11,2835
44.0,10,4,12,2844
44.0,10,4,13,2852
44.0,10,4,14,2861
44.0,10,4,15,2869
44.0,10,5,0,2749
44.0,10,5,1,2757
44.0,10,5,2,2766
44.0,10,5,3,2775
44.0,10,5,4,2784
44.0,10,5,5,2793
44.0,10,5,6,2801
44.0,10,5,7,2810
44.0,10,5,8,2819
44.0,10,5,9,2827
44.0,10,5,10,2836
44.0,10,5,11,2844
44.0,10,5,12,2853
44.0,10,5,13,2862
44.0,10,5,14,2870
44.0,10,5,15,2879
44.0,10,6,0,2757
44.0,10,6,1,2766
44.0,10,6,2,2775
44.0,10,6,3,2784
44.0,10,6,4,2793
44.0,10,6,5,2802
44.0,10,6,6,2810
44.0,10,6,7,2819
44.0,10,6,8,2828
44.0,10,6,9,2836
44.0,10,6,10,2845
44.0,10,6,11,2854
44.0,10,6,12,2862
44.0,10,6,13,2871
44.0,10,6,14,2879
44.0,10,6,15,2888
44.0,10,7,0,2766
44.0,10,7,1,2775
44.0,10,7,2,2784
44.0,10,7,3,2793
44.0,10,7,4,2802
44.0,10,7,5,2811
44.0,10,7,6,2819
44.0,10,7,7,2828
44.0,10,7,8,2837
44.0,10,7,9,2846
44.0,10,7,10,2854
44.0,10,7,11,2863
44.0,10,7,12,2871
44.0,10,7,13,2880
44.0,10,7,14,2889
44.0,10,7,15,2897
44.0,10,8,0,2775
44.0,10,8,1,2784
44.0,10,8,2,2793
44.0,10,8,3,2802
44.0,10,8,4,2811
44.0,10,8,5,2820
44.0,10,8,6,2828
44.0,10,8,7,2837
44.0,10,8,8,2846
44.0,10,8,9,2855
44.0,10,8,10,2863
44.0,10,8,11,2872
44.0,10,8,12,2881
44.0,10,8,13,2889
44.0,10,8,14,2898
44.0,10,8,15,2906
44.0,10,9,0,2784
44.0,10,9,1,2793
44.0,10,9,2,2802
44.0,10,9,3,2811
44.0,10,9,4,2820
44.0,10,9,5,2829
44.0,10,9,6,2837
44.0,10,9,7,2846
44.0,10,9,8,2855
44.0,10,9,9,2864
44.0,10,9,10,2872
44.0,10,9,11,2881
44.0,10,9,12,2890
44.0,10,9,13,2898
44.0,10,9,14,2907
44.0,10,9,15,2916
44.0,10,10,0,2793
44.0,10,10,1,2802
44.0,10,10,2,2811
44.0,10,10,3,2820
44.0,10,10,4,2829
44.0,10,10,5,2838
44.0,10,10,6,2846
44.0,10,10,7,2855
44.0,10,10,8,2864
44.0,10,10,9,2873
44.0,10,10,10,2882
44.0,10,10,11,2890
44.0,10,10,12,2899
44.0,10,10,13,2908
44.0,10,10,14,2916
44.0,10,10,15,2925
44.0,10,11,0,2802
44.0,10,11,1,2811
44.0,10,11,2,2820
44.0,10,11,3,2829
44.0,10,11,4,2838
44.0,10,11,5,2846
44.0,10,11,6,2855
44.0,10,11,7,2864
44.0,10,11,8,2873
44.0,10,11,9,2882
44.0,10,11,10,2891
44.0,10,11,11,2899
44.0,10,11,12,2908
44.0,10,11,13,2917
44.0,10,11,14,2925
44.0,10,11,15,2934
44.0,10,12,0,2810
44.0,10,12,1,2819
44.0,10,12,2,2828
44.0,10,12,3,2837
44.0,10,12,4,2846
44.0,10,12,5,2855
44.0,10,12,6,2864
44.0,10,12,7,2873
44.0,10,12,8,2882
44.0,10,12,9,2891
44.0,10,12,10,2900
44.0,10,12,11,2908
44.0,10,12,12,2917
44.0,10,12,13,2926
44.0,10,12,14,2935
44.0,10,12,15,2943
44.0,10,13,0,2819
44.0,10,13,1,2828
44.0,10,13,2,2837
44.0,10,13,3,2846
44.0,10,13,4,2855
44.0,10,13,5,2864
44.0,10,13,6,2873
44.0,10,13,7,2882
44.0,10,13,8,2891
44.0,10,13,9,2900
44.0,10,13,10,2909
44.0,10,13,11,2917
44.0,10,13,12,2926
44.0,10,13,13,2935
44.0,10,13,14,2944
44.0,10,13,15,2952
44.0,10,14,0,2828
44.0,10,14,1,2837
44.0,10,14,2,2846
44.0,10,14,3,2855
44.0,10,14,4,2864
44.0,10,14,5,2873
44.0,10,14,6,2882
44.0,10,14,7,2891
44.0,10,14,8,2900
44.0,10,14,9,2909
44.0,10,14,10,2918
44.0,10,14,11,2926
44.0,10,14,12,2935
44.0,10,14,13,2944
44.0,10,14,14,2953
44.0,10,14,15,2961
44.0,10,15,0,2836
44.0,10,15,1,2846
44.0,10,15,2,2855
44.0,10,15,3,2864
44.0,10,15,4,2873
44.0,10,15,5,2882
44.0,10,15,6,2891
44.0,10,15,7,2900
44.0,10,15,8,2909
44.0,10,15,9,2918
44.0,10,15,10,2927
44.0,10,15,11,2935
44.0,10,15,12,2944
44.0,10,15,13,2953
44.0,10,15,14,2962
44.0,10,15,15,2971
44.0,11,0,0,2714
44.0,11,0,1,2722
44.0,11,0,2,2731
44.0,11,0,3,2740
44.0,11,0,4,2748
44.0,11,0,5,2757
44.0,11,0,6,2766
44.0,11,0,7,2774
44.0,11,0,8,2783
44.0,11,0,9,2791
44.0,11,0,10,2800
44.0,11,0,11,2808
44.0,11,0,12,2817
44.0,11,0,13,2825
44.0,11,0,14,2833
44.0,11,0,15,2842
44.0,11,1,0,2723
44.0,11,1,1,2731
44.0,11,1,2,2740
44.0,11,1,3,2749
44.0,11,1,4,2758
44.0,11,1,5,2766
44.0,11,1,6,2775
44.0,11,1,7,2783
44.0,11,1,8,2792
44.0,11,1,9,2801
44.0,11,1,10,2809
44.0,11,1,11,2818
44.0,11,1,12,2826
44.0,11,1,13,2835
44.0,11,1,14,2843
44.0,11,1,15,2851
44.0,11,2,0,2732
44.0,11,2,1,2741
44.0,11,2,2,2749
44.0,11,2,3,2758
44.0,11,2,4,2767
44.0,11,2,5,2775
44.0,11,2,6,2784
44.0,11,2,7,2793
44.0,11,2,8,2801
44.0,11,2,9,2810
44.0,11,2,10,2818
44.0,11,2,11,2827
44.0,11,2,12,2836
44.0,11,2,13,2844
44.0,11,2,14,2852
44.0,11,2,15,2861
44.0,11,3,0,2741
44.0,11,3,1,2750
44.0,11,3,2,2758
44.0,11,3,3,2767
44.0,11,3,4,2776
44.0,11,3,5,2785
44.0,11,3,6,2793
44.0,11,3,7,2802
44.0,11,3,8,2811
44.0,11,3,9,2819
44.0,11,3,10,2828
44.0,11,3,11,2836
44.0,11,3,12,2845
44.0,11,3,13,2853
44.0,11,3,14,2862
44.0,11,3,15,2870
44.0,11,4,0,2750
44.0,11,4,1,2759
44.0,11,4,2,2767
44.0,11,4,3,2776
44.0,11,4,4,2785
44.0,11,4,5,2794
44.0,11,4,6,2802
44.0,11,4,7,2811
44.0,11,4,8,2820
44.0,11,4,9,2828
44.0,11,4,10,2837
44.0,11,4,11,2846
44.0,11,4,12,2854
44.0,11,4,13,2863
44.0,11,4,14,2871
44.0,11,4,15,2880
44.0,11,5,0,2759
44.0,11,5,1,2768
44.0,11,5,2,2776
44.0,11,5,3,2785
44.0,11,5,4,2794
44.0,11,5,5,2803
44.0,11,5,6,2812
44.0,11,5,7,2820
44.0,11,5,8,2829
44.0,11,5,9,2838
44.0,11,5,10,2846
44.0,11,5,11,2855
44.0,11,5,12,2864
44.0,11,5,13,2872
44.0,11,5,14,2881
44.0,11,5,15,2889
44.0,11,6,0,2768
44.0,11,6,1,2777
44.0,11,6,2,2785
44.0,11,6,3,2794
44.0,11,6,4,2803
44.0,11,6,5,2812
44.0,11,6,6,2821
44.0,11,6,7,2829
44.0,11,6,8,2838
44.0,11,6,9,2847
44.0,11,6,10,2856
44.0,11,6,11,2864
44.0,11,6,12,2873
44.0,11,6,13,2881
44.0,11,6,14,2890
44.0,11,6,15,2899
44.0,11,7,0,2777
44.0,11,7,1,2786
44.0,11,7,2,2794
44.0,11,7,3,2803
44.0,11,7,4,2812
44.0,11,7,5,2821
44.0,11,7,6,2830
44.0,11,7,7,2839
44.0,11,7,8,2847
44.0,11,7,9,2856
44.0,11,7,10,2865
44.0,11,7,11,2873
44.0,11,7,12,2882
44.0,11,7,13,2891
44.0,11,7,14,2899
44.0,11,7,15,2908
44.0,11,8,0,2785
44.0,11,8,1,2794
44.0,11,8,2,2803
44.0,11,8,3,2812
44.0,11,8,4,2821
44.0,11,8,5,2830
44.0,11,8,6,2839
44.0,11,8,7,2848
44.0,11,8,8,2856
44.0,11,8,9,2865
44.0,11,8,10,2874
44.0,11,8,11,2883
44.0,11,8,12,2891
44.0,11,8,13,2900
44.0,11,8,14,2909
44.0,11,8,15,2917
44.0,11,9,0,2794
44.0,11,9,1,2803
44.0,11,9,2,2812
44.0,11,9,3,2821
44.0,11,9,4,2830
44.0,11,9,5,2839
44.0,11,9,6,2848
44.0,11,9,7,2857
44.0,11,9,8,2866
44.0,11,9,9,2874
44.0,11,9,10,2883
44.0,11,9,11,2892
44.0,11,9,12,2900
44.0,11,9,13,2909
44.0,11,9,14,2918
44.0,11,9,15,2926
44.0,11,10,0,2803
44.0,11,10,1,2812
44.0,11,10,2,2821
44.0,11,10,3,2830
44.0,11,10,4,2839
44.0,11,10,5,2848
44.0,11,10,6,2857
44.0,11,10,7,2866
44.0,11,10,8,2875
44.0,11,10,9,2883
44.0,11,10,10,2892
44.0,11,10,11,2901
44.0,11,10,12,2910
44.0,11,10,13,2918
44.0,11,10,14,2927
44.0,11,10,15,2936
44.0,11,11,0,2812
44.0,11,11,1,2821
44.0,11,11,2,2830
44.0,11,11,3,2839
44.0,11,11,4,2848
44.0,11,11,5,2857
44.0,11,11,6,2866
44.0,11,11,7,2875
44.0,11,11,8,2884
44.0,11,11,9,2892
44.0,11,11,10,2901
44.0,11,11,11,2910
44.0,11,11,12,2919
44.0,11,11,13,2928
44.0,11,11,14,2936
44.0,11,11,15,2945
44.0,11,12,0,2821
44.0,11,12,1,2830
44.0,11,12,2,2839
44.0,11,12,3,2848
44.0,11,12,4,2857
44.0,11,12,5,2866
44.0,11,12,6,2875
44.0,11,12,7,2884
44.0,11,12,8,2893
44.0,11,12,9,2901
44.0,11,12,10,2910
44.0,11,12,11,2919
44.0,11,12,12,2928
44.0,11,12,13,2937
44.0,11,12,14,2945
44.0,11,12,15,2954
44.0,11,13,0,2829
44.0,11,13,1,2839
44.0,11,13,2,2848
44.0,11,13,3,2857
44.0,11,13,4,2866
44.0,11,13,5,2875
44.0,11,13,6,2884
44.0,11,13,7,2893
44.0,11,13,8,2902
44.0,11,13,9,2910
44.0,11,13,10,2919
44.0,11,13,11,2928
44.0,11,13,12,2937
44.0,11,13,13,2946
44.0,11,13,14,2955
44.0,11,13,15,2963
44.0,11,14,0,2838
44.0,11,14,1,2847
44.0,11,14,2,2856
44.0,11,14,3,2866
44.0,11,14,4,2875
44.0,11,14,5,2884
44.0,11,14,6,2893
44.0,11,14,7,2902
44.0,11,14,8,2911
44.0,11,14,9,2919
44.0,11,14,10,2928
44.0,11,14,11,2937
44.0,11,14,12,2946
44.0,11,14,13,2955
44.0,11,14,14,2964
44.0,11,14,15,2972
44.0,11,15,0,2847
44.0,11,15,1,2856
44.0,11,15,2,2865
44.0,11,15,3,2874
44.0,11,15,4,2883
44.0,11,15,5,2892
44.0,11,15,6,2901
44.0,11,15,7,2910
44.0,11,15,8,2919
44.0,11,15,9,2928
44.0,11,15,10,2937
44.0,11,15,11,2946
44.0,11,15,12,2955
44.0,11,15,13,2964
44.0,11,15,14,2973
44.0,11,15,15,2981
44.0,12,0,0,2724
44.0,12,0,1,2732
44.0,12,0,2,2741
44.0,12,0,3,2750
44.0,12,0,4,2758
44.0,12,0,5,2767
44.0,12,0,6,2776
44.0,12,0,7,2784
44.0,12,0,8,2793
44.0,12,0,9,2802
44.0,12,0,10,2810
44.0,12,0,11,2819
44.0,12,0,12,2827
44.0,12,0,13,2835
44.0,12,0,14,2844
44.0,12,0,15,2852
44.0,12,1,0,2733
44.0,12,1,1,2741
44.0,12,1,2,2750
44.0,12,1,3,2759
44.0,12,1,4,2768
44.0,12,1,5,2776
44.0,12,1,6,2785
44.0,12,1,7,2794
44.0,12,1,8,2802
44.0,12,1,9,2811
44.0,12,1,10,2819
44.0,12,1,11,2828
44.0,12,1,12,2836
44.0,12,1,13,2845
44.0,12,1,14,2853
44.0,12,1,15,2862
44.0,12,2,0,2742
44.0,12,2,1,2751
44.0,12,2,2,2759
44.0,12,2,3,2768
44.0,12,2,4,2777
44.0,12,2,5,2786
44.0,12,2,6,2794
44.0,12,2,7,2803
44.0,12,2,8,2812
44.0,12,2,9,2820
44.0,12,2,10,2829
44.0,12,2,11,2837
44.0,12,2,12,2846
44.0,12,2,13,2854
44.0,12,2,14,2863
44.0,12,2,15,2871
44.0,12,3,0,2751
44.0,12,3,1,2760
44.0,12,3,2,2769
44.0,12,3,3,2777
44.0,12,3,4,2786
44.0,12,3,5,2795
44.0,12,3,6,2804
44.0,12,3,7,2812
44.0,12,3,8,2821
44.0,12,3,9,2830
44.0,12,3,10,2838
44.0,12,3,11,2847
44.0,12,3,12,2855
44.0,12,3,13,2864
44.0,12,3,14,2872
44.0,12,3,15,2881
44.0,12,4,0,2760
44.0,12,4,1,2769
44.0,12,4,2,2778
44.0,12,4,3,2786
44.0,12,4,4,2795
44.0,12,4,5,2804
44.0,12,4,6,2813
44.0,12,4,7,2822
44.0,12,4,8,2830
44.0,12,4,9,2839
44.0,12,4,10,2848
44.0,12,4,11,2856
44.0,12,4,12,2865
44.0,12,4,13,2873
44.0,12,4,14,2882
44.0,12,4,15,2890
44.0,12,5,0,2769
44.0,12,5,1,2778
44.0,12,5,2,2787
44.0,12,5,3,2796
44.0,12,5,4,2804
44.0,12,5,5,2813
44.0,12,5,6,2822
44.0,12,5,7,2831
44.0,12,5,8,2839
44.0,12,5,9,2848
44.0,12,5,10,2857
44.0,12,5,11,2865
44.0,12,5,12,2874
44.0,12,5,13,2883
44.0,12,5,14,2891
44.0,12,5,15,2900
44.0,12,6,0,2778
44.0,12,6,1,2787
44.0,12,6,2,2796
44.0,12,6,3,2805
44.0,12,6,4,2813
44.0,12,6,5,2822
44.0,12,6,6,2831
44.0,12,6,7,2840
44.0,12,6,8,2849
44.0,12,6,9,2857
44.0,12,6,10,2866
44.0,12,6,11,2875
44.0,12,6,12,2883
44.0,12,6,13,2892
44.0,12,6,14,2901
44.0,12,6,15,2909
44.0,12,7,0,2787
44.0,12,7,1,2796
44.0,12,7,2,2805
44.0,12,7,3,2814
44.0,12,7,4,2823
44.0,12,7,5,2831
44.0,12,7,6,2840
44.0,12,7,7,2849
44.0,12,7,8,2858
44.0,12,7,9,2867
44.0,12,7,10,2875
44.0,12,7,11,2884
44.0,12,7,12,2893
44.0,12,7,13,2901
44.0,12,7,14,2910
44.0,12,7,15,2919
44.0,12,8,0,2796
44.0,12,8,1,2805
44.0,12,8,2,2814
44.0,12,8,3,2823
44.0,12,8,4,2832
44.0,12,8,5,2840
44.0,12,8,6,2849
44.0,12,8,7,2858
44.0,12,8,8,2867
44.0,12,8,9,2876
44.0,12,8,10,2885
44.0,12,8,11,2893
44.0,12,8,12,2902
44.0,12,8,13,2911
44.0,12,8,14,2919
44.0,12,8,15,2928
44.0,12,9,0,2805
44.0,12,9,1,2814
44.0,12,9,2,2823
44.0,12,9,3,2832
44.0,12,9,4,2841
44.0,12,9,5,2849
44.0,12,9,6,2858
44.0,12,9,7,2867
44.0,12,9,8,2876
44.0,12,9,9,2885
44.0,12,9,10,2894
44.0,12,9,11,2902
44.0,12,9,12,2911
44.0,12,9,13,2920
44.0,12,9,14,2929
44.0,12,9,15,2937
44.0,12,10,0,2813
44.0,12,10,1,2823
44.0,12,10,2,2832
44.0,12,10,3,2841
44.0,12,10,4,2850
44.0,12,10,5,2858
44.0,12,10,6,2867
44.0,12,10,7,2876
44.0,12,10,8,2885
44.0,12,10,9,2894
44.0,12,10,10,2903
44.0,12,10,11,2912
44.0,12,10,12,2920
44.0,12,10,13,2929
44.0,12,10,14,2938
44.0,12,10,15,2946
44.0,12,11,0,2822
44.0,12,11,1,2831
44.0,12,11,2,2840
44.0,12,11,3,2849
44.0,12,11,4,2858
44.0,12,11,5,2867
44.0,12,11,6,2876
44.0,12,11,7,2885
44.0,12,11,8,2894
44.0,12,11,9,2903
44.0,12,11,10,2912
44.0,12,11,11,2921
44.0,12,11,12,2930
44.0,12,11,13,2938
44.0,12,11,14,2947
44.0,12,11,15,2956
44.0,12,12,0,2831
44.0,12,12,1,2840
44.0,12,12,2,2849
44.0,12,12,3,2858
44.0,12,12,4,2867
44.0,12,12,5,2876
44.0,12,12,6,2885
44.0,12,12,7,2894
44.0,12,12,8,2903
44.0,12,12,9,2912
44.0,12,12,10,2921
44.0,12,12,11,2930
44.0,12,12,12,2939
44.0,12,12,13,2947
44.0,12,12,14,2956
44.0,12,12,15,2965
44.0,12,13,0,2840
44.0,12,13,1,2849
44.0,12,13,2,2858
44.0,12,13,3,2867
44.0,12,13,4,2876
44.0,12,13,5,2885
44.0,12,13,6,2894
44.0,12,13,7,2903
44.0,12,13,8,2912
44.0,12,13,9,2921
44.0,12,13,10,2930
44.0,12,13,11,2939
44.0,12,13,12,2948
44.0,12,13,13,2957
44.0,12,13,14,2965
44.0,12,13,15,2974
44.0,12,14,0,2849
44.0,12,14,1,2858
44.0,12,14,2,2867
44.0,12,14,3,2876
44.0,12,14,4,2885
44.0,12,14,5,2894
44.0,12,14,6,2903
44.0,12,14,7,2912
44.0,12,14,8,2921
44.0,12,14,9,2930
44.0,12,14,10,2939
44.0,12,14,11,2948
44.0,12,14,12,2957
44.0,12,14,13,2966
44.0,12,14,14,2975
44.0,12,14,15,2983
44.0,12,15,0,2857
44.0,12,15,1,2867
44.0,12,15,2,2876
44.0,12,15,3,2885
44.0,12,15,4,2894
44.0,12,15,5,2903
44.0,12,15,6,2912
44.0,12,15,7,2921
44.0,12,15,8,2930
44.0,12,15,9,2939
44.0,12,15,10,2948
44.0,12,15,11,2957
44.0,12,15,12,2966
44.0,12,15,13,2975
44.0,12,15,14,2984
44.0,12,15,15,2992
44.0,13,0,0,2734
44.0,13,0,1,2742
44.0,13,0,2,2751
44.0,13,0,3,2760
44.0,13,0,4,2769
44.0,13,0,5,2777
44.0,13,0,6,2786
44.0,13,0,7,2795
44.0,13,0,8,2803
44.0,13,0,9,2812
44.0,13,0,10,2820
44.0,13,0,11,2829
44.0,13,0,12,2837
44.0,13,0,13,2846
44.0,13,0,14,2854
44.0,13,0,15,2863
44.0,13,1,0,2743
44.0,13,1,1,2752
44.0,13,1,2,2760
44.0,13,1,3,2769
44.0,13,1,4,2778
44.0,13,1,5,2787
44.0,13,1,6,2795
44.0,13,1,7,2804
44.0,13,1,8,2813
44.0,13,1,9,2821
44.0,13,1,10,2830
44.0,13,1,11,2838
44.0,13,1,12,2847
44.0,13,1,13,2855
44.0,13,1,14,2864
44.0,13,1,15,2872
44.0,13,2,0,2752
44.0,13,2,1,2761
44.0,13,2,2,2770
44.0,13,2,3,2778
44.0,13,2,4,2787
44.0,13,2,5,2796
44.0,13,2,6,2805
44.0,13,2,7,2813
44.0,13,2,8,2822
44.0,13,2,9,2831
44.0,13,2,10,2839
44.0,13,2,11,2848
44.0,13,2,12,2856
44.0,13,2,13,2865
44.0,13,2,14,2873
44.0,13,2,15,2882
44.0,13,3,0,2761
44.0,13,3,1,2770
44.0,13,3,2,2779
44.0,13,3,3,2787
44.0,13,3,4,2796
44.0,13,3,5,2805
44.0,13,3,6,2814
44.0,13,3,7,2823
44.0,13,3,8,2831
44.0,13,3,9,2840
44.0,13,3,10,2849
44.0,13,3,11,2857
44.0,13,3,12,2866
44.0,13,3,13,2874
44.0,13,3,14,2883
44.0,13,3,15,2891
44.0,13,4,0,2770
44.0,13,4,1,2779
44.0,13,4,2,2788
44.0,13,4,3,2797
44.0,13,4,4,2805
44.0,13,4,5,2814
44.0,13,4,6,2823
44.0,13,4,7,2832
44.0,13,4,8,2841
44.0,13,4,9,2849
44.0,13,4,10,2858
44.0,13,4,11,2867
44.0,13,4,12,2875
44.0,13,4,13,2884
44.0,13,4,14,2892
44.0,13,4,15,2901
44.0,13,5,0,2779
44.0,13,5,1,2788
44.0,13,5,2,2797
44.0,13,5,3,2806
44.0,13,5,4,2815
44.0,13,5,5,2823
44.0,13,5,6,2832
44.0,13,5,7,2841
44.0,13,5,8,2850
44.0,13,5,9,2859
44.0,13,5,10,2867
44.0,13,5,11,2876
44.0,13,5,12,2885
44.0,13,5,13,2893
44.0,13,5,14,2902
44.0,13,5,15,2910
44.0,13,6,0,2788
44.0,13,6,1,2797
44.0,13,6,2,2806
44.0,13,6,3,2815
44.0,13,6,4,2824
44.0,13,6,5,2833
44.0,13,6,6,2841
44.0,13,6,7,2850
44.0,13,6,8,2859
44.0,13,6,9,2868
44.0,13,6,10,2877
44.0,13,6,11,2885
44.0,13,6,12,2894
44.0,13,6,13,2903
44.0,13,6,14,2911
44.0,13,6,15,2920
44.0,13,7,0,2797
44.0,13,7,1,2806
44.0,13,7,2,2815
44.0,13,7,3,2824
44.0,13,7,4,2833
44.0,13,7,5,2842
44.0,13,7,6,2851
44.0,13,7,7,2859
44.0,13,7,8,2868
44.0,13,7,9,2877
44.0,13,7,10,2886
44.0,13,7,11,2895
44.0,13,7,12,2903
44.0,13,7,13,2912
44.0,13,7,14,2921
44.0,13,7,15,2929
44.0,13,8,0,2806
44.0,13,8,1,2815
44.0,13,8,2,2824
44.0,13,8,3,2833
44.0,13,8,4,2842
44.0,13,8,5,2851
44.0,13,8,6,2860
44.0,13,8,7,2869
44.0,13,8,8,2877
44.0,13,8,9,2886
44.0,13,8,10,2895
44.0,13,8,11,2904
44.0,13,8,12,2913
44.0,13,8,13,2921
44.0,13,8,14,2930
44.0,13,8,15,2939
44.0,13,9,0,2815
44.0,13,9,1,2824
44.0,13,9,2,2833
44.0,13,9,3,2842
44.0,13,9,4,2851
44.0,13,9,5,2860
44.0,13,9,6,2869
44.0,13,9,7,2878
44.0,13,9,8,2887
44.0,13,9,9,2895
44.0,13,9,10,2904
44.0,13,9,11,2913
44.0,13,9,12,2922
44.0,13,9,13,2931
44.0,13,9,14,2939
44.0,13,9,15,2948
44.0,13,10,0,2824
44.0,13,10,1,2833
44.0,13,10,2,2842
44.0,13,10,3,2851
44.0,13,10,4,2860
44.0,13,10,5,2869
44.0,13,10,6,2878
44.0,13,10,7,2887
44.0,13,10,8,2896
44.0,13,10,9,2905
44.0,13,10,10,2913
44.0,13,10,11,2922
44.0,13,10,12,2931
44.0,13,10,13,2940
44.0,13,10,14,2949
44.0,13,10,15,2957
44.0,13,11,0,2833
44.0,13,11,1,2842
44.0,13,11,2,2851
44.0,13,11,3,2860
44.0,13,11,4,2869
44.0,13,11,5,2878
44.0,13,11,6,2887
44.0,13,11,7,2896
44.0,13,11,8,2905
44.0,13,11,9,2914
44.0,13,11,10,2923
44.0,13,11,11,2931
44.0,13,11,12,2940
44.0,13,11,13,2949
44.0,13,11,14,2958
44.0,13,11,15,2967
44.0,13,12,0,2841
44.0,13,12,1,2851
44.0,13,12,2,2860
44.0,13,12,3,2869
44.0,13,12,4,2878
44.0,13,12,5,2887
44.0,13,12,6,2896
44.0,13,12,7,2905
44.0,13,12,8,2914
44.0,13,12,9,2923
44.0,13,12,10,2932
44.0,13,12,11,2941
44.0,13,12,12,2949
44.0,13,12,13,2958
44.0,13,12,14,2967
44.0,13,12,15,2976
44.0,13,13,0,2850
44.0,13,13,1,2859
44.0,13,13,2,2869
44.0,13,13,3,2878
44.0,13,13,4,2887
44.0,13,13,5,2896
44.0,13,13,6,2905
44.0,13,13,7,2914
44.0,13,13,8,2923
44.0,13,13,9,2932
44.0,13,13,10,2941
44.0,13,13,11,2950
44.0,13,13,12,2959
44.0,13,13,13,2967
44.0,13,13,14,2976
44.0,13,13,15,2985
44.0,13,14,0,2859
44.0,13,14,1,2868
44.0,13,14,2,2877
44.0,13,14,3,2887
44.0,13,14,4,2896
44.0,13,14,5,2905
44.0,13,14,6,2914
44.0,13,14,7,2923
44.0,13,14,8,2932
44.0,13,14,9,2941
44.0,13,14,10,2950
44.0,13,14,11,2959
44.0,13,14,12,2968
44.0,13,14,13,2977
44.0,13,14,14,2985
44.0,13,14,15,2994
44.0,13,15,0,2868
44.0,13,15,1,2877
44.0,13,15,2,2886
44.0,13,15,3,2895
44.0,13,15,4,2905
44.0,13,15,5,2914
44.0,13,15,6,2923
44.0,13,15,7,2932
44.0,13,15,8,2941
44.0,13,15,9,2950
44.0,13,15,10,2959
44.0,13,15,11,2968
44.0,13,15,12,2977
44.0,13,15,13,2986
44.0,13,15,14,2995
44.0,13,15,15,3003
44.0,14,0,0,2743
44.0,14,0,1,2752
44.0,14,0,2,2761
44.0,14,0,3,2770
44.0,14,0,4,2779
44.0,14,0,5,2787
44.0,14,0,6,2796
44.0,14,0,7,2805
44.0,14,0,8,2813
44.0,14,0,9,2822
44.0,14,0,10,2831
44.0,14,0,11,2839
44.0,14,0,12,2848
44.0,14,0,13,2856
44.0,14,0,14,2865
44.0,14,0,15,2873
44.0,14,1,0,2753
44.0,14,1,1,2762
44.0,14,1,2,2770
44.0,14,1,3,2779
44.0,14,1,4,2788
44.0,14,1,5,2797
44.0,14,1,6,2805
44.0,14,1,7,2814
44.0,14,1,8,2823
44.0,14,1,9,2831
44.0,14,1,10,2840
44.0,14,1,11,2849
44.0,14,1,12,2857
44.0,14,1,13,2866
44.0,14,1,14,2874
44.0,14,1,15,2883
44.0,14,2,0,2762
44.0,14,2,1,2771
44.0,14,2,2,2780
44.0,14,2,3,2788
44.0,14,2,4,2797
44.0,14,2,5,2806
44.0,14,2,6,2815
44.0,14,2,7,2824
44.0,14,2,8,2832
44.0,14,2,9,2841
44.0,14,2,10,2850
44.0,14,2,11,2858
44.0,14,2,12,2867
44.0,14,2,13,2875
44.0,14,2,14,2884
44.0,14,2,15,2892
44.0,14,3,0,2771
44.0,14,3,1,2780
44.0,14,3,2,2789
44.0,14,3,3,2798
44.0,14,3,4,2807
44.0,14,3,5,2815
44.0,14,3,6,2824
44.0,14,3,7,2833
44.0,14,3,8,2842
44.0,14,3,9,2850
44.0,14,3,10,2859
44.0,14,3,11,2868
44.0,14,3,12,2876
44.0,14,3,13,2885
44.0,14,3,14,2893
44.0,14,3,15,2902
44.0,14,4,0,2780
44.0,14,4,1,2789
44.0,14,4,2,2798
44.0,14,4,3,2807
44.0,14,4,4,2816
44.0,14,4,5,2825
44.0,14,4,6,2833
44.0,14,4,7,2842
44.0,14,4,8,2851
44.0,14,4,9,2860
44.0,14,4,10,2868
44.0,14,4,11,2877
44.0,14,4,12,2886
44.0,14,4,13,2894
44.0,14,4,14,2903
44.0,14,4,15,2912
44.0,14,5,0,2789
44.0,14,5,1,2798
44.0,14,5,2,2807
44.0,14,5,3,2816
44.0,14,5,4,2825
44.0,14,5,5,2834
44.0,14,5,6,2843
44.0,14,5,7,2851
44.0,14,5,8,2860
44.0,14,5,9,2869
44.0,14,5,10,2878
44.0,14,5,11,2886
44.0,14,5,12,2895
44.0,14,5,13,2904
44.0,14,5,14,2912
44.0,14,5,15,2921
44.0,14,6,0,2798
44.0,14,6,1,2807
44.0,14,6,2,2816
44.0,14,6,3,2825
44.0,14,6,4,2834
44.0,14,6,5,2843
44.0,14,6,6,2852
44.0,14,6,7,2861
44.0,14,6,8,2870
44.0,14,6,9,2878
44.0,14,6,10,2887
44.0,14,6,11,2896
44.0,14,6,12,2905
44.0,14,6,13,2913
44.0,14,6,14,2922
44.0,14,6,15,2930
44.0,14,7,0,2807
44.0,14,7,1,2816
44.0,14,7,2,2825
44.0,14,7,3,2834
44.0,14,7,4,2843
44.0,14,7,5,2852
44.0,14,7,6,2861
44.0,14,7,7,2870
44.0,14,7,8,2879
44.0,14,7,9,2888
44.0,14,7,10,2896
44.0,14,7,11,2905
44.0,14,7,12,2914
44.0,14,7,13,2923
44.0,14,7,14,2931
44.0,14,7,15,2940
44.0,14,8,0,2816
44.0,14,8,1,2825
44.0,14,8,2,2834
44.0,14,8,3,2843
44.0,14,8,4,2852
44.0,14,8,5,2861
44.0,14,8,6,2870
44.0,14,8,7,2879
44.0,14,8,8,2888
44.0,14,8,9,2897
44.0,14,8,10,2906
44.0,14,8,11,2914
44.0,14,8,12,2923
44.0,14,8,13,2932
44.0,14,8,14,2941
44.0,14,8,15,2949
44.0,14,9,0,2825
44.0,14,9,1,2834
44.0,14,9,2,2843
44.0,14,9,3,2852
44.0,14,9,4,2861
44.0,14,9,5,2870
44.0,14,9,6,2879
44.0,14,9,7,2888
44.0,14,9,8,2897
44.0,14,9,9,2906
44.0,14,9,10,2915
44.0,14,9,11,2924
44.0,14,9,12,2932
44.0,14,9,13,2941
44.0,14,9,14,2950
44.0,14,9,15,2959
44.0,14,10,0,2834
44.0,14,10,1,2843
44.0,14,10,2,2852
44.0,14,10,3,2861
44.0,14,10,4,2870
44.0,14,10,5,2879
44.0,14,10,6,2888
44.0,14,10,7,2897
44.0,14,10,8,2906
44.0,14,10,9,2915
44.0,14,10,10,2924
44.0,14,10,11,2933
44.0,14,10,12,2942
44.0,14,10,13,2951
44.0,14,10,14,2959
44.0,14,10,15,2968
44.0,14,11,0,2843
44.0,14,11,1,2852
44.0,14,11,2,2861
44.0,14,11,3,2870
44.0,14,11,4,2879
44.0,14,11,5,2888
44.0,14,11,6,2897
44.0,14,11,7,2906
44.0,14,11,8,2915
44.0,14,11,9,2924
44.0,14,11,10,2933
44.0,14,11,11,2942
44.0,14,11,12,2951
44.0,14,11,13,2960
44.0,14,11,14,2969
44.0,14,11,15,2977
44.0,14,12,0,2852
44.0,14,12,1,2861
44.0,14,12,2,2870
44.0,14,12,3,2879
44.0,14,12,4,2888
44.0,14,12,5,2897
44.0,14,12,6,2907
44.0,14,12,7,2916
44.0,14,12,8,2925
44.0,14,12,9,2933
44.0,14,12,10,2942
44.0,14,12,11,2951
44.0,14,12,12,2960
44.0,14,12,13,2969
44.0,14,12,14,2978
44.0,14,12,15,2987
44.0,14,13,0,2861
44.0,14,13,1,2870
44.0,14,13,2,2879
44.0,14,13,3,2888
44.0,14,13,4,2897
44.0,14,13,5,2906
44.0,14,13,6,2916
44.0,14,13,7,2925
44.0,14,13,8,2934
44.0,14,13,9,2943
44.0,14,13,10,2952
44.0,14,13,11,2960
44.0,14,13,12,2969
44.0,14,13,13,2978
44.0,14,13,14,2987
44.0,14,13,15,2996
44.0,14,14,0,2870
44.0,14,14,1,2879
44.0,14,14,2,2888
44.0,14,14,3,2897
44.0,14,14,4,2906
44.0,14,14,5,2915
44.0,14,14,6,2925
44.0,14,14,7,2934
44.0,14,14,8,2943
44.0,14,14,9,2952
44.0,14,14,10,2961
44.0,14,14,11,2970
44.0,14,14,12,2979
44.0,14,14,13,2987
44.0,14,14,14,2996
44.0,14,14,15,3005
44.0,14,15,0,2878
44.0,14,15,1,2888
44.0,14,15,2,2897
44.0,14,15,3,2906
44.0,14,15,4,2915
44.0,14,15,5,2924
44.0,14,15,6,2933
44.0,14,15,7,2943
44.0,14,15,8,2952
44.0,14,15,9,2961
44.0,14,15,10,2970
44.0,14,15,11,2979
44.0,14,15,12,2988
44.0,14,15,13,2997
44.0,14,15,14,3006
44.0,14,15,15,3014
44.0,15,0,0,2753
44.0,15,0,1,2762
44.0,15,0,2,2771
44.0,15,0,3,2780
44.0,15,0,4,2789
44.0,15,0,5,2798
44.0,15,0,6,2806
44.0,15,0,7,2815
44.0,15,0,8,2824
44.0,15,0,9,2832
44.0,15,0,10,2841
44.0,15,0,11,2850
44.0,15,0,12,2858
44.0,15,0,13,2867
44.0,15,0,14,2875
44.0,15,0,15,2884
44.0,15,1,0,2763
44.0,15,1,1,2772
44.0,15,1,2,2780
44.0,15,1,3,2789
44.0,15,1,4,2798
44.0,15,1,5,2807
44.0,15,1,6,2816
44.0,15,1,7,2824
44.0,15,1,8,2833
44.0,15,1,9,2842
44.0,15,1,10,2850
44.0,15,1,11,2859
44.0,15,1,12,2868
44.0,15,1,13,2876
44.0,15,1,14,2885
44.0,15,1,15,2893
44.0,15,2,0,2772
44.0,15,2,1,2781
44.0,15,2,2,2790
44.0,15,2,3,2799
44.0,15,2,4,2807
44.0,15,2,5,2816
44.0,15,2,6,2825
44.0,15,2,7,2834
44.0,15,2,8,2843
44.0,15,2,9,2851
44.0,15,2,10,2860
44.0,15,2,11,2869
44.0,15,2,12,2877
44.0,15,2,13,2886
44.0,15,2,14,2894
44.0,15,2,15,2903
44.0,15,3,0,2781
44.0,15,3,1,2790
44.0,15,3,2,2799
44.0,15,3,3,2808
44.0,15,3,4,2817
44.0,15,3,5,2826
44.0,15,3,6,2834
44.0,15,3,7,2843
44.0,15,3,8,2852
44.0,15,3,9,2861
44.0,15,3,10,2869
44.0,15,3,11,2878
44.0,15,3,12,2887
44.0,15,3,13,2895
44.0,15,3,14,2904
44.0,15,3,15,2913
44.0,15,4,0,2790
44.0,15,4,1,2799
44.0,15,4,2,2808
44.0,15,4,3,2817
44.0,15,4,4,2826
44.0,15,4,5,2835
44.0,15,4,6,2844
44.0,15,4,7,2853
44.0,15,4,8,2861
44.0,15,4,9,2870
44.0,15,4,10,2879
44.0,15,4,11,2888
44.0,15,4,12,2896
44.0,15,4,13,2905
44.0,15,4,14,2914
44.0,15,4,15,2922
44.0,15,5,0,2799
44.0,15,5,1,2808
44.0,15,5,2,2817
44.0,15,5,3,2826
44.0,15,5,4,2835
44.0,15,5,5,2844
44.0,15,5,6,2853
44.0,15,5,7,2862
44.0,15,5,8,2871
44.0,15,5,9,2879
44.0,15,5,10,2888
44.0,15,5,11,2897
44.0,15,5,12,2906
44.0,15,5,13,2914
44.0,15,5,14,2923
44.0,15,5,15,2932
44.0,15,6,0,2808
44.0,15,6,1,2817
44.0,15,6,2,2826
44.0,15,6,3,2835
44.0,15,6,4,2844
44.0,15,6,5,2853
44.0,15,6,6,2862
44.0,15,6,7,2871
44.0,15,6,8,2880
44.0,15,6,9,2889
44.0,15,6,10,2898
44.0,15,6,11,2906
44.0,15,6,12,2915
44.0,15,6,13,2924
44.0,15,6,14,2932
44.0,15,6,15,2941
44.0,15,7,0,2817
44.0,15,7,1,2826
44.0,15,7,2,2836
44.0,15,7,3,2845
44.0,15,7,4,2854
44.0,15,7,5,2863
44.0,15,7,6,2871
44.0,15,7,7,2880
44.0,15,7,8,2889
44.0,15,7,9,2898
44.0,15,7,10,2907
44.0,15,7,11,2916
44.0,15,7,12,2924
44.0,15,7,13,2933
44.0,15,7,14,2942
44.0,15,7,15,2951
44.0,15,8,0,2826
44.0,15,8,1,2836
44.0,15,8,2,2845
44.0,15,8,3,2854
44.0,15,8,4,2863
44.0,15,8,5,2872
44.0,15,8,6,2881
44.0,15,8,7,2890
44.0,15,8,8,2898
44.0,15,8,9,2907
44.0,15,8,10,2916
44.0,15,8,11,2925
44.0,15,8,12,2934
44.0,15,8,13,2943
44.0,15,8,14,2951
44.0,15,8,15,2960
44.0,15,9,0,2835
44.0,15,9,1,2845
44.0,15,9,2,2854
44.0,15,9,3,2863
44.0,15,9,4,2872
44.0,15,9,5,2881
44.0,15,9,6,2890
44.0,15,9,7,2899
44.0,15,9,8,2908
44.0,15,9,9,2917
44.0,15,9,10,2925
44.0,15,9,11,2934
44.0,15,9,12,2943
44.0,15,9,13,2952
44.0,15,9,14,2961
44.0,15,9,15,2969
44.0,15,10,0,2844
44.0,15,10,1,2854
44.0,15,10,2,2863
44.0,15,10,3,2872
44.0,15,10,4,2881
44.0,15,10,5,2890
44.0,15,10,6,2899
44.0,15,10,7,2908
44.0,15,10,8,2917
44.0,15,10,9,2926
44.0,15,10,10,2935
44.0,15,10,11,2944
44.0,15,10,12,2952
44.0,15,10,13,2961
44.0,15,10,14,2970
44.0,15,10,15,2979
44.0,15,11,0,2853
44.0,15,11,1,2863
44.0,15,11,2,2872
44.0,15,11,3,2881
44.0,15,11,4,2890
44.0,15,11,5,2899
44.0,15,11,6,2908
44.0,15,11,7,2917
44.0,15,11,8,2926
44.0,15,11,9,2935
44.0,15,11,10,2944
44.0,15,11,11,2953
44.0,15,11,12,2962
44.0,15,11,13,2971
44.0,15,11,14,2979
44.0,15,11,15,2988
44.0,15,12,0,2862
44.0,15,12,1,2871
44.0,15,12,2,2881
44.0,15,12,3,2890
44.0,15,12,4,2899
44.0,15,12,5,2908
44.0,15,12,6,2917
44.0,15,12,7,2926
44.0,15,12,8,2935
44.0,15,12,9,2944
44.0,15,12,10,2953
44.0,15,12,11,2962
44.0,15,12,12,2971
44.0,15,12,13,2980
44.0,15,12,14,2989
44.0,15,12,15,2998
44.0,15,13,0,2871
44.0,15,13,1,2880
44.0,15,13,2,2890
44.0,15,13,3,2899
44.0,15,13,4,2908
44.0,15,13,5,2917
44.0,15,13,6,2926
44.0,15,13,7,2935
44.0,15,13,8,2944
44.0,15,13,9,2953
44.0,15,13,10,2962
44.0,15,13,11,2971
44.0,15,13,12,2980
44.0,15,13,13,2989
44.0,15,13,14,2998
44.0,15,13,15,3007
44.0,15,14,0,2880
44.0,15,14,1,2889
44.0,15,14,2,2898
44.0,15,14,3,2908
44.0,15,14,4,2917
44.0,15,14,5,2926
44.0,15,14,6,2935
44.0,15,14,7,2944
44.0,15,14,8,2953
44.0,15,14,9,2962
44.0,15,14,10,2971
44.0,15,14,11,2980
44.0,15,14,12,2989
44.0,15,14,13,2998
44.0,15,14,14,3007
44.0,15,14,15,3016
44.0,15,15,0,2889
44.0,15,15,1,2898
44.0,15,15,2,2907
44.0,15,15,3,2917
44.0,15,15,4,2926
44.0,15,15,5,2935
44.0,15,15,6,2944
44.0,15,15,7,2953
44.0,15,15,8,2962
44.0,15,15,9,2971
44.0,15,15,10,2981
44.0,15,15,11,2990
44.0,15,15,12,2999
44.0,15,15,13,3007
44.0,15,15,14,3016
44.0,15,15,15,3025
44.5,0,0,0,2620
44.5,0,0,1,2628
44.5,0,0,2,2637
44.5,0,0,3,2645
44.5,0,0,4,2653
44.5,0,0,5,2662
44.5,0,0,6,2670
44.5,0,0,7,2678
44.5,0,0,8,2687
44.5,0,0,9,2695
44.5,0,0,10,2703
44.5,0,0,11,2711
44.5,0,0,12,2719
44.5,0,0,13,2728
44.5,0,0,14,2736
44.5,0,0,15,2744
44.5,0,1,0,2629
44.5,0,1,1,2637
44.5,0,1,2,2646
44.5,0,1,3,2654
44.5,0,1,4,2662
44.5,0,1,5,2671
44.5,0,1,6,2679
44.5,0,1,7,2687
44.5,0,1,8,2696
44.5,0,1,9,2704
44.5,0,1,10,2712
44.5,0,1,11,2720
44.5,0,1,12,2729
44.5,0,1,13,2737
44.5,0,1,14,2745
44.5,0,1,15,2753
44.5,0,2,0,2637
44.5,0,2,1,2646
44.5,0,2,2,2654
44.5,0,2,3,2663
44.5,0,2,4,2671
44.5,0,2,5,2680
44.5,0,2,6,2688
44.5,0,2,7,2696
44.5,0,2,8,2705
44.5,0,2,9,2713
44.5,0,2,10,2721
44.5,0,2,11,2729
44.5,0,2,12,2738
44.5,0,2,13,2746
44.5,0,2,14,2754
44.5,0,2,15,2762
44.5,0,3,0,2646
44.5,0,3,1,2655
44.5,0,3,2,2663
44.5,0,3,3,2672
44.5,0,3,4,2680
44.5,0,3,5,2688
44.5,0,3,6,2697
44.5,0,3,7,2705
44.5,0,3,8,2714
44.5,0,3,9,2722
44.5,0,3,10,2730
44.5,0,3,11,2738
44.5,0,3,12,2747
44.5,0,3,13,2755
44.5,0,3,14,2763
44.5,0,3,15,2771
44.5,0,4,0,2655
44.5,0,4,1,2663
44.5,0,4,2,2672
44.5,0,4,3,2680
44.5,0,4,4,2689
44.5,0,4,5,2697
44.5,0,4,6,2706
44.5,0,4,7,2714
44.5,0,4,8,2722
44.5,0,4,9,2731
44.5,0,4,10,2739
44.5,0,4,11,2747
44.5,0,4,12,2756
44.5,0,4,13,2764
44.5,0,4,14,2772
44.5,0,4,15,2780
44.5,0,5,0,2663
44.5,0,5,1,2672
44.5,0,5,2,2681
44.5,0,5,3,2689
44.5,0,5,4,2698
44.5,0,5,5,2706
44.5,0,5,6,2715
44.5,0,5,7,2723
44.5,0,5,8,2731
44.5,0,5,9,2740
44.5,0,5,10,2748
44.5,0,5,11,2756
44.5,0,5,12,2765
44.5,0,5,13,2773
44.5,0,5,14,2781
44.5,0,5,15,2789
44.5,0,6,0,2672
44.5,0,6,1,2681
44.5,0,6,2,2689
44.5,0,6,3,2698
44.5,0,6,4,2706
44.5,0,6,5,2715
44.5,0,6,6,2723
44.5,0,6,7,2732
44.5,0,6,8,2740
44.5,0,6,9,2749
44.5,0,6,10,2757
44.5,0,6,11,2765
44.5,0,6,12,2774
44.5,0,6,13,2782
44.5,0,6,14,2790
44.5,0,6,15,2798
44.5,0,7,0,2681
44.5,0,7,1,2689
44.5,0,7,2,2698
44.5,0,7,3,2707
44.5,0,7,4,2715
44.5,0,7,5,2724
44.5,0,7,6,2732
44.5,0,7,7,2741
44.5,0,7,8,2749
44.5,0,7,9,2757
44.5,0,7,10,2766
44.5,0,7,11,2774
44.5,0,7,12,2783
44.5,0,7,13,2791
44.5,0,7,14,2799
44.5,0,7,15,2807
44.5,0,8,0,2689
44.5,0,8,1,2698
44.5,0,8,2,2707
44.5,0,8,3,2715
44.5,0,8,4,2724
44.5,0,8,5,2732
44.5,0,8,6,2741
44.5,0,8,7,2749
44.5,0,8,8,2758
44.5,0,8,9,2766
44.5,0,8,10,2775
44.5,0,8,11,2783
44.5,0,8,12,2792
44.5,0,8,13,2800
44.5,0,8,14,2808
44.5,0,8,15,2816
44.5,0,9,0,2698
44.5,0,9,1,2707
44.5,0,9,2,2715
44.5,0,9,3,2724
44.5,0,9,4,2732
44.5,0,9,5,2741
44.5,0,9,6,2750
44.5,0,9,7,2758
44.5,0,9,8,2767
44.5,0,9,9,2775
44.5,0,9,10,2784
44.5,0,9,11,2792
44.5,0,9,12,2800
44.5,0,9,13,2809
44.5,0,9,14,2817
44.5,0,9,15,2825
44.5,0,10,0,2706
44.5,0,10,1,2715
44.5,0,10,2,2724
44.5,0,10,3,2732
44.5,0,10,4,2741
44.5,0,10,5,2750
44.5,0,10,6,2758
44.5,0,10,7,2767
44.5,0,10,8,2775
44.5,0,10,9,2784
44.5,0,10,10,2792
44.5,0,10,11,2801
44.5,0,10,12,2809
44.5,0,10,13,2818
44.5,0,10,14,2826
44.5,0,10,15,2834
44.5,0,11,0,2715
44.5,0,11,1,2724
44.5,0,11,2,2732
44.5,0,11,3,2741
44.5,0,11,4,2750
44.5,0,11,5,2758
44.5,0,11,6,2767
44.5,0,11,7,2776
44.5,0,11,8,2784
44.5,0,11,9,2793
44.5,0,11,10,2801
44.5,0,11,11,2810
44.5,0,11,12,2818
44.5,0,11,13,2826
44.5,0,11,14,2835
44.5,0,11,15,2843
44.5,0,12,0,2723
44.5,0,12,1,2732
44.5,0,12,2,2741
44.5,0,12,3,2750
44.5,0,12,4,2758
44.5,0,12,5,2767
44.5,0,12,6,2776
44.5,0,12,7,2784
44.5,0,12,8,2793
44.5,0,12,9,2801
44.5,0,12,10,2810
44.5,0,12,11,2818
44.5,0,12,12,2827
44.5,0,12,13,2835
44.5,0,12,14,2844
44.5,0,12,15,2852
44.5,0,13,0,2732
44.5,0,13,1,2741
44.5,0,13,2,2749
44.5,0,13,3,2758
44.5,0,13,4,2767
44.5,0,13,5,2776
44.5,0,13,6,2784
44.5,0,13,7,2793
44.5,0,13,8,2801
44.5,0,13,9,2810
44.5,0,13,10,2819
44.5,0,13,11,2827
44.5,0,13,12,2836
44.5,0,13,13,2844
44.5,0,13,14,2853
44.5,0,13,15,2861
44.5,0,14,0,2740
44.5,0,14,1,2749
44.5,0,14,2,2758
44.5,0,14,3,2767
44.5,0,14,4,2775
44.5,0,14,5,2784
44.5,0,14,6,2793
44.5,0,14,7,2801
44.5,0,14,8,2810
44.5,0,14,9,2819
44.5,0,14,10,2827
44.5,0,14,11,2836
44.5,0,14,12,2844
44.5,0,14,13,2853
44.5,0,14,14,2861
44.5,0,14,15,2870
44.5,0,15,0,2749
44.5,0,15,1,2757
44.5,0,15,2,2766
44.5,0,15,3,2775
44.5,0,15,4,2784
44.5,0,15,5,2793
44.5,0,15,6,2801
44.5,0,15,7,2810
44.5,0,15,8,2819
44.5,0,15,9,2827
44.5,0,15,10,2836
44.5,0,15,11,2845
44.5,0,15,12,2853
44.5,0,15,13,2862
44.5,0,15,14,2870
44.5,0,15,15,2879
44.5,1,0,0,2630
44.5,1,0,1,2638
44.5,1,0,2,2647
44.5,1,0,3,2655
44.5,1,0,4,2664
44.5,1,0,5,2672
44.5,1,0,6,2680
44.5,1,0,7,2689
44.5,1,0,8,2697
44.5,1,0,9,2705
44.5,1,0,10,2713
44.5,1,0,11,2722
44.5,1,0,12,2730
44.5,1,0,13,2738
44.5,1,0,14,2746
44.5,1,0,15,2754
44.5,1,1,0,2639
44.5,1,1,1,2647
44.5,1,1,2,2656
44.5,1,1,3,2664
44.5,1,1,4,2673
44.5,1,1,5,2681
44.5,1,1,6,2689
44.5,1,1,7,2698
44.5,1,1,8,2706
44.5,1,1,9,2714
44.5,1,1,10,2723
44.5,1,1,11,2731
44.5,1,1,12,2739
44.5,1,1,13,2747
44.5,1,1,14,2755
44.5,1,1,15,2764
44.5,1,2,0,2648
44.5,1,2,1,2656
44.5,1,2,2,2665
44.5,1,2,3,2673
44.5,1,2,4,2681
44.5,1,2,5,2690
44.5,1,2,6,2698
44.5,1,2,7,2707
44.5,1,2,8,2715
44.5,1,2,9,2723
44.5,1,2,10,2732
44.5,1,2,11,2740
44.5,1,2,12,2748
44.5,1,2,13,2756
44.5,1,2,14,2765
44.5,1,2,15,2773
44.5,1,3,0,2656
44.5,1,3,1,2665
44.5,1,3,2,2673
44.5,1,3,3,2682
44.5,1,3,4,2690
44.5,1,3,5,2699
44.5,1,3,6,2707
44.5,1,3,7,2716
44.5,1,3,8,2724
44.5,1,3,9,2732
44.5,1,3,10,2741
44.5,1,3,11,2749
44.5,1,3,12,2757
44.5,1,3,13,2765
44.5,1,3,14,2774
44.5,1,3,15,2782
44.5,1,4,0,2665
44.5,1,4,1,2674
44.5,1,4,2,2682
44.5,1,4,3,2691
44.5,1,4,4,2699
44.5,1,4,5,2708
44.5,1,4,6,2716
44.5,1,4,7,2725
44.5,1,4,8,2733
44.5,1,4,9,2741
44.5,1,4,10,2750
44.5,1,4,11,2758
44.5,1,4,12,2766
44.5,1,4,13,2775
44.5,1,4,14,2783
44.5,1,4,15,2791
44.5,1,5,0,2674
44.5,1,5,1,2682
44.5,1,5,2,2691
44.5,1,5,3,2699
44.5,1,5,4,2708
44.5,1,5,5,2716
44.5,1,5,6,2725
44.5,1,5,7,2733
44.5,1,5,8,2742
44.5,1,5,9,2750
44.5,1,5,10,2759
44.5,1,5,11,2767
44.5,1,5,12,2775
44.5,1,5,13,2784
44.5,1,5,14,2792
44.5,1,5,15,2800
44.5,1,6,0,2682
44.5,1,6,1,2691
44.5,1,6,2,2700
44.5,1,6,3,2708
44.5,1,6,4,2717
44.5,1,6,5,2725
44.5,1,6,6,2734
44.5,1,6,7,2742
44.5,1,6,8,2751
44.5,1,6,9,2759
44.5,1,6,10,2768
44.5,1,6,11,2776
44.5,1,6,12,2784
44.5,1,6,13,2793
44.5,1,6,14,2801
44.5,1,6,15,2809
44.5,1,7,0,2691
44.5,1,7,1,2700
44.5,1,7,2,2708
44.5,1,7,3,2717
44.5,1,7,4,2726
44.5,1,7,5,2734
44.5,1,7,6,2743
44.5,1,7,7,2751
44.5,1,7,8,2760
44.5,1,7,9,2768
44.5,1,7,10,2776
44.5,1,7,11,2785
44.5,1,7,12,2793
44.5,1,7,13,2802
44.5,1,7,14,2810
44.5,1,7,15,2818
44.5,1,8,0,2700
44.5,1,8,1,2708
44.5,1,8,2,2717
44.5,1,8,3,2726
44.5,1,8,4,2734
44.5,1,8,5,2743
44.5,1,8,6,2751
44.5,1,8,7,2760
44.5,1,8,8,2768
44.5,1,8,9,2777
44.5,1,8,10,2785
44.5,1,8,11,2794
44.5,1,8,12,2802
44.5,1,8,13,2811
44.5,1,8,14,2819
44.5,1,8,15,2827
44.5,1,9,0,2708
44.5,1,9,1,2717
44.5,1,9,2,2726
44.5,1,9,3,2734
44.5,1,9,4,2743
44.5,1,9,5,2752
44.5,1,9,6,2760
44.5,1,9,7,2769
44.5,1,9,8,2777
44.5,1,9,9,2786
44.5,1,9,10,2794
44.5,1,9,11,2803
44.5,1,9,12,2811
44.5,1,9,13,2820
44.5,1,9,14,2828
44.5,1,9,15,2836
44.5,1,10,0,2717
44.5,1,10,1,2726
44.5,1,10,2,2734
44.5,1,10,3,2743
44.5,1,10,4,2752
44.5,1,10,5,2760
44.5,1,10,6,2769
44.5,1,10,7,2777
44.5,1,10,8,2786
44.5,1,10,9,2795
44.5,1,10,10,2803
44.5,1,10,11,2812
44.5,1,10,12,2820
44.5,1,10,13,2828
44.5,1,10,14,2837
44.5,1,10,15,2845
44.5,1,11,0,2725
44.5,1,11,1,2734
44.5,1,11,2,2743
44.5,1,11,3,2752
44.5,1,11,4,2760
44.5,1,11,5,2769
44.5,1,11,6,2778
44.5,1,11,7,2786
44.5,1,11,8,2795
44.5,1,11,9,2803
44.5,1,11,10,2812
44.5,1,11,11,2820
44.5,1,11,12,2829
44.5,1,11,13,2837
44.5,1,11,14,2846
44.5,1,11,15,2854
44.5,1,12,0,2734
44.5,1,12,1,2743
44.5,1,12,2,2751
44.5,1,12,3,2760
44.5,1,12,4,2769
44.5,1,12,5,2778
44.5,1,12,6,2786
44.5,1,12,7,2795
44.5,1,12,8,2803
44.5,1,12,9,2812
44.5,1,12,10,2821
44.5,1,12,11,2829
44.5,1,12,12,2838
44.5,1,12,13,2846
44.5,1,12,14,2855
44.5,1,12,15,2863
44.5,1,13,0,2742
44.5,1,13,1,2751
44.5,1,13,2,2760
44.5,1,13,3,2769
44.5,1,13,4,2777
44.5,1,13,5,2786
44.5,1,13,6,2795
44.5,1,13,7,2804
44.5,1,13,8,2812
44.5,1,13,9,2821
44.5,1,13,10,2829
44.5,1,13,11,2838
44.5,1,13,12,2846
44.5,1,13,13,2855
44.5,1,13,14,2863
44.5,1,13,15,2872
44.5,1,14,0,2751
44.5,1,14,1,2760
44.5,1,14,2,2768
44.5,1,14,3,2777
44.5,1,14,4,2786
44.5,1,14,5,2795
44.5,1,14,6,2803
44.5,1,14,7,2812
44.5,1,14,8,2821
44.5,1,14,9,2829
44.5,1,14,10,2838
44.5,1,14,11,2847
44.5,1,14,12,2855
44.5,1,14,13,2864
44.5,1,14,14,2872
44.5,1,14,15,2881
44.5,1,15,0,2759
44.5,1,15,1,2768
44.5,1,15,2,2777
44.5,1,15,3,2786
44.5,1,15,4,2795
44.5,1,15,5,2803
44.5,1,15,6,2812
44.5,1,15,7,2821
44.5,1,15,8,2829
44.5,1,15,9,2838
44.5,1,15,10,2847
44.5,1,15,11,2855
44.5,1,15,12,2864
44.5,1,15,13,2873
44.5,1,15,14,2881
44.5,1,15,15,2890
44.5,2,0,0,2640
44.5,2,0,1,2648
44.5,2,0,2,2657
44.5,2,0,3,2665
44.5,2,0,4,2674
44.5,2,0,5,2682
44.5,2,0,6,2691
44.5,2,0,7,2699
44.5,2,0,8,2707
44.5,2,0,9,2716
44.5,2,0,10,2724
44.5,2,0,11,2732
44.5,2,0,12,2740
44.5,2,0,13,2748
44.5,2,0,14,2757
44.5,2,0,15,2765
44.5,2,1,0,2649
44.5,2,1,1,2657
44.5,2,1,2,2666
44.5,2,1,3,2674
44.5,2,1,4,2683
44.5,2,1,5,2691
44.5,2,1,6,2700
44.5,2,1,7,2708
44.5,2,1,8,2716
44.5,2,1,9,2725
44.5,2,1,10,2733
44.5,2,1,11,2741
44.5,2,1,12,2749
44.5,2,1,13,2758
44.5,2,1,14,2766
44.5,2,1,15,2774
44.5,2,2,0,2658
44.5,2,2,1,2666
44.5,2,2,2,2675
44.5,2,2,3,2683
44.5,2,2,4,2692
44.5,2,2,5,2700
44.5,2,2,6,2709
44.5,2,2,7,2717
44.5,2,2,8,2725
44.5,2,2,9,2734
44.5,2,2,10,2742
44.5,2,2,11,2750
44.5,2,2,12,2759
44.5,2,2,13,2767
44.5,2,2,14,2775
44.5,2,2,15,2783
44.5,2,3,0,2666
44.5,2,3,1,2675
44.5,2,3,2,2684
44.5,2,3,3,2692
44.5,2,3,4,2701
44.5,2,3,5,2709
44.5,2,3,6,2718
44.5,2,3,7,2726
44.5,2,3,8,2734
44.5,2,3,9,2743
44.5,2,3,10,2751
44.5,2,3,11,2759
44.5,2,3,12,2768
44.5,2,3,13,2776
44.5,2,3,14,2784
44.5,2,3,15,2792
44.5,2,4,0,2675
44.5,2,4,1,2684
44.5,2,4,2,2692
44.5,2,4,3,2701
44.5,2,4,4,2709
44.5,2,4,5,2718
44.5,2,4,6,2726
44.5,2,4,7,2735
44.5,2,4,8,2743
44.5,2,4,9,2752
44.5,2,4,10,2760
44.5,2,4,11,2768
44.5,2,4,12,2777
44.5,2,4,13,2785
44.5,2,4,14,2793
44.5,2,4,15,2802
44.5,2,5,0,2684
44.5,2,5,1,2693
44.5,2,5,2,2701
44.5,2,5,3,2710
44.5,2,5,4,2718
44.5,2,5,5,2727
44.5,2,5,6,2735
44.5,2,5,7,2744
44.5,2,5,8,2752
44.5,2,5,9,2761
44.5,2,5,10,2769
44.5,2,5,11,2778
44.5,2,5,12,2786
44.5,2,5,13,2794
44.5,2,5,14,2803
44.5,2,5,15,2811
44.5,2,6,0,2693
44.5,2,6,1,2701
44.5,2,6,2,2710
44.5,2,6,3,2719
44.5,2,6,4,2727
44.5,2,6,5,2736
44.5,2,6,6,2744
44.5,2,6,7,2753
44.5,2,6,8,2761
44.5,2,6,9,2770
44.5,2,6,10,2778
44.5,2,6,11,2787
44.5,2,6,12,2795
44.5,2,6,13,2803
44.5,2,6,14,2812
44.5,2,6,15,2820
44.5,2,7,0,2701
44.5,2,7,1,2710
44.5,2,7,2,2719
44.5,2,7,3,2727
44.5,2,7,4,2736
44.5,2,7,5,2745
44.5,2,7,6,2753
44.5,2,7,7,2762
44.5,2,7,8,2770
44.5,2,7,9,2779
44.5,2,7,10,2787
44.5,2,7,11,2796
44.5,2,7,12,2804
44.5,2,7,13,2812
44.5,2,7,14,2821
44.5,2,7,15,2829
44.5,2,8,0,2710
44.5,2,8,1,2719
44.5,2,8,2,2727
44.5,2,8,3,2736
44.5,2,8,4,2745
44.5,2,8,5,2753
44.5,2,8,6,2762
44.5,2,8,7,2770
44.5,2,8,8,2779
44.5,2,8,9,2788
44.5,2,8,10,2796
44.5,2,8,11,2804
44.5,2,8,12,2813
44.5,2,8,13,2821
44.5,2,8,14,2830
44.5,2,8,15,2838
44.5,2,9,0,2719
44.5,2,9,1,2727
44.5,2,9,2,2736
44.5,2,9,3,2745
44.5,2,9,4,2753
44.5,2,9,5,2762
44.5,2,9,6,2771
44.5,2,9,7,2779
44.5,2,9,8,2788
44.5,2,9,9,2796
44.5,2,9,10,2805
44.5,2,9,11,2813
44.5,2,9,12,2822
44.5,2,9,13,2830
44.5,2,9,14,2839
44.5,2,9,15,2847
44.5,2,10,0,2727
44.5,2,10,1,2736
44.5,2,10,2,2745
44.5,2,10,3,2753
44.5,2,10,4,2762
44.5,2,10,5,2771
44.5,2,10,6,2779
44.5,2,10,7,2788
44.5,2,10,8,2797
44.5,2,10,9,2805
44.5,2,10,10,2814
44.5,2,10,11,2822
44.5,2,10,12,2831
44.5,2,10,13,2839
44.5,2,10,14,2848
44.5,2,10,15,2856
44.5,2,11,0,2736
44.5,2,11,1,2745
44.5,2,11,2,2753
44.5,2,11,3,2762
44.5,2,11,4,2771
44.5,2,11,5,2779
44.5,2,11,6,2788
44.5,2,11,7,2797
44.5,2,11,8,2805
44.5,2,11,9,2814
44.5,2,11,10,2823
44.5,2,11,11,2831
44.5,2,11,12,2840
44.5,2,11,13,2848
44.5,2,11,14,2857
44.5,2,11,15,2865
44.5,2,12,0,2744
44.5,2,12,1,2753
44.5,2,12,2,2762
44.5,2,12,3,2771
44.5,2,12,4,2779
44.5,2,12,5,2788
44.5,2,12,6,2797
44.5,2,12,7,2806
44.5,2,12,8,2814
44.5,2,12,9,2823
44.5,2,12,10,2831
44.5,2,12,11,2840
44.5,2,12,12,2849
44.5,2,12,13,2857
44.5,2,12,14,2866
44.5,2,12,15,2874
44.5,2,13,0,2753
44.5,2,13,1,2762
44.5,2,13,2,2770
44.5,2,13,3,2779
44.5,2,13,4,2788
44.5,2,13,5,2797
44.5,2,13,6,2806
44.5,2,13,7,2814
44.5,2,13,8,2823
44.5,2,13,9,2832
44.5,2,13,10,2840
44.5,2,13,11,2849
44.5,2,13,12,2857
44.5,2,13,13,2866
44.5,2,13,14,2874
44.5,2,13,15,2883
44.5,2,14,0,2761
44.5,2,14,1,2770
44.5,2,14,2,2779
44.5,2,14,3,2788
44.5,2,14,4,2797
44.5,2,14,5,2805
44.5,2,14,6,2814
44.5,2,14,7,2823
44.5,2,14,8,2832
44.5,2,14,9,2840
44.5,2,14,10,2849
44.5,2,14,11,2858
44.5,2,14,12,2866
44.5,2,14,13,2875
44.5,2,14,14,2883
44.5,2,14,15,2892
44.5,2,15,0,2770
44.5,2,15,1,2779
44.5,2,15,2,2788
44.5,2,15,3,2796
44.5,2,15,4,2805
44.5,2,15,5,2814
44.5,2,15,6,2823
44.5,2,15,7,2832
44.5,2,15,8,2840
44.5,2,15,9,2849
44.5,2,15,10,2858
44.5,2,15,11,2866
44.5,2,15,12,2875
44.5,2,15,13,2884
44.5,2,15,14,2892
44.5,2,15,15,2901
44.5,3,0,0,2650
44.5,3,0,1,2659
44.5,3,0,2,2667
44.5,3,0,3,2676
44.5,3,0,4,2684
44.5,3,0,5,2692
44.5,3,0,6,2701
44.5,3,0,7,2709
44.5,3,0,8,2718
44.5,3,0,9,2726
44.5,3,0,10,2734
44.5,3,0,11,2742
44.5,3,0,12,2751
44.5,3,0,13,2759
44.5,3,0,14,2767
44.5,3,0,15,2775
44.5,3,1,0,2659
44.5,3,1,1,2667
44.5,3,1,2,2676
44.5,3,1,3,2685
44.5,3,1,4,2693
44.5,3,1,5,2701
44.5,3,1,6,2710
44.5,3,1,7,2718
44.5,3,1,8,2727
44.5,3,1,9,2735
44.5,3,1,10,2743
44.5,3,1,11,2752
44.5,3,1,12,2760
44.5,3,1,13,2768
44.5,3,1,14,2776
44.5,3,1,15,2785
44.5,3,2,0,2668
44.5,3,2,1,2676
44.5,3,2,2,2685
44.5,3,2,3,2693
44.5,3,2,4,2702
44.5,3,2,5,2710
44.5,3,2,6,2719
44.5,3,2,7,2727
44.5,3,2,8,2736
44.5,3,2,9,2744
44.5,3,2,10,2752
44.5,3,2,11,2761
44.5,3,2,12,2769
44.5,3,2,13,2777
44.5,3,2,14,2786
44.5,3,2,15,2794
44.5,3,3,0,2677
44.5,3,3,1,2685
44.5,3,3,2,2694
44.5,3,3,3,2702
44.5,3,3,4,2711
44.5,3,3,5,2719
44.5,3,3,6,2728
44.5,3,3,7,2736
44.5,3,3,8,2745
44.5,3,3,9,2753
44.5,3,3,10,2762
44.5,3,3,11,2770
44.5,3,3,12,2778
44.5,3,3,13,2787
44.5,3,3,14,2795
44.5,3,3,15,2803
44.5,3,4,0,2685
44.5,3,4,1,2694
44.5,3,4,2,2703
44.5,3,4,3,2711
44.5,3,4,4,2720
44.5,3,4,5,2728
44.5,3,4,6,2737
44.5,3,4,7,2745
44.5,3,4,8,2754
44.5,3,4,9,2762
44.5,3,4,10,2771
44.5,3,4,11,2779
44.5,3,4,12,2787
44.5,3,4,13,2796
44.5,3,4,14,2804
44.5,3,4,15,2812
44.5,3,5,0,2694
44.5,3,5,1,2703
44.5,3,5,2,2711
44.5,3,5,3,2720
44.5,3,5,4,2729
44.5,3,5,5,2737
44.5,3,5,6,2746
44.5,3,5,7,2754
44.5,3,5,8,2763
44.5,3,5,9,2771
44.5,3,5,10,2780
44.5,3,5,11,2788
44.5,3,5,12,2796
44.5,3,5,13,2805
44.5,3,5,14,2813
44.5,3,5,15,2821
44.5,3,6,0,2703
44.5,3,6,1,2712
44.5,3,6,2,2720
44.5,3,6,3,2729
44.5,3,6,4,2738
44.5,3,6,5,2746
44.5,3,6,6,2755
44.5,3,6,7,2763
44.5,3,6,8,2772
44.5,3,6,9,2780
44.5,3,6,10,2789
44.5,3,6,11,2797
44.5,3,6,12,2806
44.5,3,6,13,2814
44.5,3,6,14,2822
44.5,3,6,15,2831
44.5,3,7,0,2712
44.5,3,7,1,2720
44.5,3,7,2,2729
44.5,3,7,3,2738
44.5,3,7,4,2746
44.5,3,7,5,2755
44.5,3,7,6,2764
44.5,3,7,7,2772
44.5,3,7,8,2781
44.5,3,7,9,2789
44.5,3,7,10,2798
44.5,3,7,11,2806
44.5,3,7,12,2815
44.5,3,7,13,2823
44.5,3,7,14,2831
44.5,3,7,15,2840
44.5,3,8,0,2720
44.5,3,8,1,2729
44.5,3,8,2,2738
44.5,3,8,3,2746
44.5,3,8,4,2755
44.5,3,8,5,2764
44.5,3,8,6,2772
44.5,3,8,7,2781
44.5,3,8,8,2790
44.5,3,8,9,2798
44.5,3,8,10,2807
44.5,3,8,11,2815
44.5,3,8,12,2824
44.5,3,8,13,2832
44.5,3,8,14,2840
44.5,3,8,15,2849
44.5,3,9,0,2729
44.5,3,9,1,2738
44.5,3,9,2,2746
44.5,3,9,3,2755
44.5,3,9,4,2764
44.5,3,9,5,2773
44.5,3,9,6,2781
44.5,3,9,7,2790
44.5,3,9,8,2798
44.5,3,9,9,2807
44.5,3,9,10,2816
44.5,3,9,11,2824
44.5,3,9,12,2833
44.5,3,9,13,2841
44.5,3,9,14,2849
44.5,3,9,15,2858
44.5,3,10,0,2738
44.5,3,10,1,2746
44.5,3,10,2,2755
44.5,3,10,3,2764
44.5,3,10,4,2773
44.5,3,10,5,2781
44.5,3,10,6,2790
44.5,3,10,7,2799
44.5,3,10,8,2807
44.5,3,10,9,2816
44.5,3,10,10,2824
44.5,3,10,11,2833
44.5,3,10,12,2842
44.5,3,10,13,2850
44.5,3,10,14,2858
44.5,3,10,15,2867
44.5,3,11,0,2746
44.5,3,11,1,2755
44.5,3,11,2,2764
44.5,3,11,3,2773
44.5,3,11,4,2781
44.5,3,11,5,2790
44.5,3,11,6,2799
44.5,3,11,7,2807
44.5,3,11,8,2816
44.5,3,11,9,2825
44.5,3,11,10,2833
44.5,3,11,11,2842
44.5,3,11,12,2850
44.5,3,11,13,2859
44.5,3,11,14,2867
44.5,3,11,15,2876
44.5,3,12,0,2755
44.5,3,12,1,2764
44.5,3,12,2,2772
44.5,3,12,3,2781
44.5,3,12,4,2790
44.5,3,12,5,2799
44.5,3,12,6,2808
44.5,3,12,7,2816
44.5,3,12,8,2825
44.5,3,12,9,2834
44.5,3,12,10,2842
44.5,3,12,11,2851
44.5,3,12,12,2859
44.5,3,12,13,2868
44.5,3,12,14,2876
44.5,3,12,15,2885
44.5,3,13,0,2763
44.5,3,13,1,2772
44.5,3,13,2,2781
44.5,3,13,3,2790
44.5,3,13,4,2799
44.5,3,13,5,2807
44.5,3,13,6,2816
44.5,3,13,7,2825
44.5,3,13,8,2834
44.5,3,13,9,2842
44.5,3,13,10,2851
44.5,3,13,11,2860
44.5,3,13,12,2868
44.5,3,13,13,2877
44.5,3,13,14,2885
44.5,3,13,15,2894
44.5,3,14,0,2772
44.5,3,14,1,2781
44.5,3,14,2,2790
44.5,3,14,3,2798
44.5,3,14,4,2807
44.5,3,14,5,2816
44.5,3,14,6,2825
44.5,3,14,7,2834
44.5,3,14,8,2842
44.5,3,14,9,2851
44.5,3,14,10,2860
44.5,3,14,11,2868
44.5,3,14,12,2877
44.5,3,14,13,2886
44.5,3,14,14,2894
44.5,3,14,15,2903
44.5,3,15,0,2780
44.5,3,15,1,2789
44.5,3,15,2,2798
44.5,3,15,3,2807
44.5,3,15,4,2816
44.5,3,15,5,2825
44.5,3,15,6,2834
44.5,3,15,7,2842
44.5,3,15,8,2851
44.5,3,15,9,2860
44.5,3,15,10,2869
44.5,3,15,11,2877
44.5,3,15,12,2886
44.5,3,15,13,2894
44.5,3,15,14,2903
44.5,3,15,15,2912
44.5,4,0,0,2660
44.5,4,0,1,2669
44.5,4,0,2,2677
44.5,4,0,3,2686
44.5,4,0,4,2694
44.5,4,0,5,2703
44.5,4,0,6,2711
44.5,4,0,7,2719
44.5,4,0,8,2728
44.5,4,0,9,2736
44.5,4,0,10,2745
44.5,4,0,11,2753
44.5,4,0,12,2761
44.5,4,0,13,2769
44.5,4,0,14,2778
44.5,4,0,15,2786
44.5,4,1,0,2669
44.5,4,1,1,2678
44.5,4,1,2,2686
44.5,4,1,3,2695
44.5,4,1,4,2703
44.5,4,1,5,2712
44.5,4,1,6,2720
44.5,4,1,7,2729
44.5,4,1,8,2737
44.5,4,1,9,2745
44.5,4,1,10,2754
44.5,4,1,11,2762
44.5,4,1,12,2770
44.5,4,1,13,2779
44.5,4,1,14,2787
44.5,4,1,15,2795
44.5,4,2,0,2678
44.5,4,2,1,2686
44.5,4,2,2,2695
44.5,4,2,3,2704
44.5,4,2,4,2712
44.5,4,2,5,2721
44.5,4,2,6,2729
44.5,4,2,7,2738
44.5,4,2,8,2746
44.5,4,2,9,2755
44.5,4,2,10,2763
44.5,4,2,11,2771
44.5,4,2,12,2780
44.5,4,2,13,2788
44.5,4,2,14,2796
44.5,4,2,15,2804
44.5,4,3,0,2687
44.5,4,3,1,2695
44.5,4,3,2,2704
44.5,4,3,3,2713
44.5,4,3,4,2721
44.5,4,3,5,2730
44.5,4,3,6,2738
44.5,4,3,7,2747
44.5,4,3,8,2755
44.5,4,3,9,2764
44.5,4,3,10,2772
44.5,4,3,11,2780
44.5,4,3,12,2789
44.5,4,3,13,2797
44.5,4,3,14,2805
44.5,4,3,15,2814
44.5,4,4,0,2696
44.5,4,4,1,2704
44.5,4,4,2,2713
44.5,4,4,3,2721
44.5,4,4,4,2730
44.5,4,4,5,2739
44.5,4,4,6,2747
44.5,4,4,7,2756
44.5,4,4,8,2764
44.5,4,4,9,2773
44.5,4,4,10,2781
44.5,4,4,11,2790
44.5,4,4,12,2798
44.5,4,4,13,2806
44.5,4,4,14,2815
44.5,4,4,15,2823
44.5,4,5,0,2704
44.5,4,5,1,2713
44.5,4,5,2,2722
44.5,4,5,3,2730
44.5,4,5,4,2739
44.5,4,5,5,2748
44.5,4,5,6,2756
44.5,4,5,7,2765
44.5,4,5,8,2773
44.5,4,5,9,2782
44.5,4,5,10,2790
44.5,4,5,11,2799
44.5,4,5,12,2807
44.5,4,5,13,2815
44.5,4,5,14,2824
44.5,4,5,15,2832
44.5,4,6,0,2713
44.5,4,6,1,2722
44.5,4,6,2,2731
44.5,4,6,3,2739
44.5,4,6,4,2748
44.5,4,6,5,2757
44.5,4,6,6,2765
44.5,4,6,7,2774
44.5,4,6,8,2782
44.5,4,6,9,2791
44.5,4,6,10,2799
44.5,4,6,11,2808
44.5,4,6,12,2816
44.5,4,6,13,2825
44.5,4,6,14,2833
44.5,4,6,15,2841
44.5,4,7,0,2722
44.5,4,7,1,2731
44.5,4,7,2,2739
44.5,4,7,3,2748
44.5,4,7,4,2757
44.5,4,7,5,2765
44.5,4,7,6,2774
44.5,4,7,7,2783
44.5,4,7,8,2791
44.5,4,7,9,2800
44.5,4,7,10,2808
44.5,4,7,11,2817
44.5,4,7,12,2825
44.5,4,7,13,2834
44.5,4,7,14,2842
44.5,4,7,15,2851
44.5,4,8,0,2731
44.5,4,8,1,2739
44.5,4,8,2,2748
44.5,4,8,3,2757
44.5,4,8,4,2766
44.5,4,8,5,2774
44.5,4,8,6,2783
44.5,4,8,7,2792
44.5,4,8,8,2800
44.5,4,8,9,2809
44.5,4,8,10,2817
44.5,4,8,11,2826
44.5,4,8,12,2834
44.5,4,8,13,2843
44.5,4,8,14,2851
44.5,4,8,15,2860
44.5,4,9,0,2739
44.5,4,9,1,2748
44.5,4,9,2,2757
44.5,4,9,3,2766
44.5,4,9,4,2774
44.5,4,9,5,2783
44.5,4,9,6,2792
44.5,4,9,7,2800
44.5,4,9,8,2809
44.5,4,9,9,2818
44.5,4,9,10,2826
44.5,4,9,11,2835
44.5,4,9,12,2843
44.5,4,9,13,2852
44.5,4,9,14,2860
44.5,4,9,15,2869
44.5,4,10,0,2748
44.5,4,10,1,2757
44.5,4,10,2,2766
44.5,4,10,3,2774
44.5,4,10,4,2783
44.5,4,10,5,2792
44.5,4,10,6,2801
44.5,4,10,7,2809
44.5,4,10,8,2818
44.5,4,10,9,2827
44.5,4,10,10,2835
44.5,4,10,11,2844
44.5,4,10,12,2852
44.5,4,10,13,2861
44.5,4,10,14,2869
44.5,4,10,15,2878
44.5,4,11,0,2757
44.5,4,11,1,2765
44.5,4,11,2,2774
44.5,4,11,3,2783
44.5,4,11,4,2792
44.5,4,11,5,2801
44.5,4,11,6,2809
44.5,4,11,7,2818
44.5,4,11,8,2827
44.5,4,11,9,2835
44.5,4,11,10,2844
44.5,4,11,11,2853
44.5,4,11,12,2861
44.5,4,11,13,2870
44.5,4,11,14,2878
44.5,4,11,15,2887
44.5,4,12,0,2765
44.5,4,12,1,2774
44.5,4,12,2,2783
44.5,4,12,3,2792
44.5,4,12,4,2801
44.5,4,12,5,2809
44.5,4,12,6,2818
44.5,4,12,7,2827
44.5,4,12,8,2836
44.5,4,12,9,2844
44.5,4,12,10,2853
44.5,4,12,11,2862
44.5,4,12,12,2870
44.5,4,12,13,2879
44.5,4,12,14,2887
44.5,4,12,15,2896
44.5,4,13,0,2774
44.5,4,13,1,2783
44.5,4,13,2,2792
44.5,4,13,3,2800
44.5,4,13,4,2809
44.5,4,13,5,2818
44.5,4,13,6,2827
44.5,4,13,7,2836
44.5,4,13,8,2844
44.5,4,13,9,2853
44.5,4,13,10,2862
44.5,4,13,11,2870
44.5,4,13,12,2879
44.5,4,13,13,2888
44.5,4,13,14,2896
44.5,4,13,15,2905
44.5,4,14,0,2782
44.5,4,14,1,2791
44.5,4,14,2,2800
44.5,4,14,3,2809
44.5,4,14,4,2818
44.5,4,14,5,2827
44.5,4,14,6,2836
44.5,4,14,7,2844
44.5,4,14,8,2853
44.5,4,14,9,2862
44.5,4,14,10,2871
44.5,4,14,11,2879
44.5,4,14,12,2888
44.5,4,14,13,2897
44.5,4,14,14,2905
44.5,4,14,15,2914
44.5,4,15,0,2791
44.5,4,15,1,2800
44.5,4,15,2,2809
44.5,4,15,3,2818
44.5,4,15,4,2827
44.5,4,15,5,2835
44.5,4,15,6,2844
44.5,4,15,7,2853
44.5,4,15,8,2862
44.5,4,15,9,2871
44.5,4,15,10,2879
44.5,4,15,11,2888
44.5,4,15,12,2897
44.5,4,15,13,2905
44.5,4,15,14,2914
44.5,4,15,15,2923
44.5,5,0,0,2670
44.5,5,0,1,2679
44.5,5,0,2,2687
44.5,5,0,3,2696
44.5,5,0,4,2704
44.5,5,0,5,2713
44.5,5,0,6,2721
44.5,5,0,7,2730
44.5,5,0,8,2738
44.5,5,0,9,2747
44.5,5,0,10,2755
44.5,5,0,11,2763
44.5,5,0,12,2772
44.5,5,0,13,2780
44.5,5,0,14,2788
44.5,5,0,15,2796
44.5,5,1,0,2679
44.5,5,1,1,2688
44.5,5,1,2,2696
44.5,5,1,3,2705
44.5,5,1,4,2713
44.5,5,1,5,2722
44.5,5,1,6,2730
44.5,5,1,7,2739
44.5,5,1,8,2747
44.5,5,1,9,2756
44.5,5,1,10,2764
44.5,5,1,11,2772
44.5,5,1,12,2781
44.5,5,1,13,2789
44.5,5,1,14,2797
44.5,5,1,15,2806
44.5,5,2,0,2688
44.5,5,2,1,2697
44.5,5,2,2,2705
44.5,5,2,3,2714
44.5,5,2,4,2722
44.5,5,2,5,2731
44.5,5,2,6,2739
44.5,5,2,7,2748
44.5,5,2,8,2756
44.5,5,2,9,2765
44.5,5,2,10,2773
44.5,5,2,11,2782
44.5,5,2,12,2790
44.5,5,2,13,2798
44.5,5,2,14,2807
44.5,5,2,15,2815
44.5,5,3,0,2697
44.5,5,3,1,2706
44.5,5,3,2,2714
44.5,5,3,3,2723
44.5,5,3,4,2731
44.5,5,3,5,2740
44.5,5,3,6,2749
44.5,5,3,7,2757
44.5,5,3,8,2766
44.5,5,3,9,2774
44.5,5,3,10,2782
44.5,5,3,11,2791
44.5,5,3,12,2799
44.5,5,3,13,2808
44.5,5,3,14,2816
44.5,5,3,15,2824
44.5,5,4,0,2706
44.5,5,4,1,2714
44.5,5,4,2,2723
44.5,5,4,3,2732
44.5,5,4,4,2740
44.5,5,4,5,2749
44.5,5,4,6,2758
44.5,5,4,7,2766
44.5,5,4,8,2775
44.5,5,4,9,2783
44.5,5,4,10,2792
44.5,5,4,11,2800
44.5,5,4,12,2809
44.5,5,4,13,2817
44.5,5,4,14,2825
44.5,5,4,15,2834
44.5,5,5,0,2715
44.5,5,5,1,2723
44.5,5,5,2,2732
44.5,5,5,3,2741
44.5,5,5,4,2749
44.5,5,5,5,2758
44.5,5,5,6,2767
44.5,5,5,7,2775
44.5,5,5,8,2784
44.5,5,5,9,2792
44.5,5,5,10,2801
44.5,5,5,11,2809
44.5,5,5,12,2818
44.5,5,5,13,2826
44.5,5,5,14,2834
44.5,5,5,15,2843
44.5,5,6,0,2723
44.5,5,6,1,2732
44.5,5,6,2,2741
44.5,5,6,3,2750
44.5,5,6,4,2758
44.5,5,6,5,2767
44.5,5,6,6,2776
44.5,5,6,7,2784
44.5,5,6,8,2793
44.5,5,6,9,2801
44.5,5,6,10,2810
44.5,5,6,11,2818
44.5,5,6,12,2827
44.5,5,6,13,2835
44.5,5,6,14,2844
44.5,5,6,15,2852
44.5,5,7,0,2732
44.5,5,7,1,2741
44.5,5,7,2,2750
44.5,5,7,3,2758
44.5,5,7,4,2767
44.5,5,7,5,2776
44.5,5,7,6,2784
44.5,5,7,7,2793
44.5,5,7,8,2802
44.5,5,7,9,2810
44.5,5,7,10,2819
44.5,5,7,11,2827
44.5,5,7,12,2836
44.5,5,7,13,2844
44.5,5,7,14,2853
44.5,5,7,15,2861
44.5,5,8,0,2741
44.5,5,8,1,2750
44.5,5,8,2,2758
44.5,5,8,3,2767
44.5,5,8,4,2776
44.5,5,8,5,2785
44.5,5,8,6,2793
44.5,5,8,7,2802
44.5,5,8,8,2811
44.5,5,8,9,2819
44.5,5,8,10,2828
44.5,5,8,11,2836
44.5,5,8,12,2845
44.5,5,8,13,2853
44.5,5,8,14,2862
44.5,5,8,15,2870
44.5,5,9,0,2750
44.5,5,9,1,2758
44.5,5,9,2,2767
44.5,5,9,3,2776
44.5,5,9,4,2785
44.5,5,9,5,2794
44.5,5,9,6,2802
44.5,5,9,7,2811
44.5,5,9,8,2820
44.5,5,9,9,2828
44.5,5,9,10,2837
44.5,5,9,11,2845
44.5,5,9,12,2854
44.5,5,9,13,2863
44.5,5,9,14,2871
44.5,5,9,15,2880
44.5,5,10,0,2758
44.5,5,10,1,2767
44.5,5,10,2,2776
44.5,5,10,3,2785
44.5,5,10,4,2794
44.5,5,10,5,2802
44.5,5,10,6,2811
44.5,5,10,7,2820
44.5,5,10,8,2829
44.5,5,10,9,2837
44.5,5,10,10,2846
44.5,5,10,11,2854
44.5,5,10,12,2863
44.5,5,10,13,2872
44.5,5,10,14,2880
44.5,5,10,15,2889
44.5,5,11,0,2767
44.5,5,11,1,2776
44.5,5,11,2,2785
44.5,5,11,3,2794
44.5,5,11,4,2802
44.5,5,11,5,2811
44.5,5,11,6,2820
44.5,5,11,7,2829
44.5,5,11,8,2837
44.5,5,11,9,2846
44.5,5,11,10,2855
44.5,5,11,11,2863
44.5,5,11,12,2872
44.5,5,11,13,2881
44.5,5,11,14,2889
44.5,5,11,15,2898
44.5,5,12,0,2776
44.5,5,12,1,2784
44.5,5,12,2,2793
44.5,5,12,3,2802
44.5,5,12,4,2811
44.5,5,12,5,2820
44.5,5,12,6,2829
44.5,5,12,7,2838
44.5,5,12,8,2846
44.5,5,12,9,2855
44.5,5,12,10,2864
44.5,5,12,11,2872
44.5,5,12,12,2881
44.5,5,12,13,2890
44.5,5,12,14,2898
44.5,5,12,15,2907
44.5,5,13,0,2784
44.5,5,13,1,2793
44.5,5,13,2,2802
44.5,5,13,3,2811
44.5,5,13,4,2820
44.5,5,13,5,2829
44.5,5,13,6,2838
44.5,5,13,7,2846
44.5,5,13,8,2855
44.5,5,13,9,2864
44.5,5,13,10,2873
44.5,5,13,11,2881
44.5,5,13,12,2890
44.5,5,13,13,2899
44.5,5,13,14,2907
44.5,5,13,15,2916
44.5,5,14,0,2793
44.5,5,14,1,2802
44.5,5,14,2,2811
44.5,5,14,3,2820
44.5,5,14,4,2829
44.5,5,14,5,2837
44.5,5,14,6,2846
44.5,5,14,7,2855
44.5,5,14,8,2864
44.5,5,14,9,2873
44.5,5,14,10,2881
44.5,5,14,11,2890
44.5,5,14,12,2899
44.5,5,14,13,2908
44.5,5,14,14,2916
44.5,5,14,15,2925
44.5,5,15,0,2801
44.5,5,15,1,2810
44.5,5,15,2,2819
44.5,5,15,3,2828
44.5,5,15,4,2837
44.5,5,15,5,2846
44.5,5,15,6,2855
44.5,5,15,7,2864
44.5,5,15,8,2873
44.5,5,15,9,2881
44.5,5,15,10,2890
44.5,5,15,11,2899
44.5,5,15,12,2908
44.5,5,15,13,2916
44.5,5,15,14,2925
44.5,5,15,15,2934
44.5,6,0,0,2680
44.5,6,0,1,2689
44.5,6,0,2,2697
44.5,6,0,3,2706
44.5,6,0,4,2715
44.5,6,0,5,2723
44.5,6,0,6,2732
44.5,6,0,7,2740
44.5,6,0,8,2748
44.5,6,0,9,2757
44.5,6,0,10,2765
44.5,6,0,11,2774
44.5,6,0,12,2782
44.5,6,0,13,2790
44.5,6,0,14,2799
44.5,6,0,15,2807
44.5,6,1,0,2689
44.5,6,1,1,2698
44.5,6,1,2,2706
44.5,6,1,3,2715
44.5,6,1,4,2724
44.5,6,1,5,2732
44.5,6,1,6,2741
44.5,6,1,7,2749
44.5,6,1,8,2758
44.5,6,1,9,2766
44.5,6,1,10,2775
44.5,6,1,11,2783
44.5,6,1,12,2791
44.5,6,1,13,2800
44.5,6,1,14,2808
44.5,6,1,15,2816
44.5,6,2,0,2698
44.5,6,2,1,2707
44.5,6,2,2,2715
44.5,6,2,3,2724
44.5,6,2,4,2733
44.5,6,2,5,2741
44.5,6,2,6,2750
44.5,6,2,7,2758
44.5,6,2,8,2767
44.5,6,2,9,2775
44.5,6,2,10,2784
44.5,6,2,11,2792
44.5,6,2,12,2801
44.5,6,2,13,2809
44.5,6,2,14,2817
44.5,6,2,15,2826
44.5,6,3,0,2707
44.5,6,3,1,2716
44.5,6,3,2,2724
44.5,6,3,3,2733
44.5,6,3,4,2742
44.5,6,3,5,2750
44.5,6,3,6,2759
44.5,6,3,7,2767
44.5,6,3,8,2776
44.5,6,3,9,2784
44.5,6,3,10,2793
44.5,6,3,11,2801
44.5,6,3,12,2810
44.5,6,3,13,2818
44.5,6,3,14,2827
44.5,6,3,15,2835
44.5,6,4,0,2716
44.5,6,4,1,2725
44.5,6,4,2,2733
44.5,6,4,3,2742
44.5,6,4,4,2751
44.5,6,4,5,2759
44.5,6,4,6,2768
44.5,6,4,7,2777
44.5,6,4,8,2785
44.5,6,4,9,2794
44.5,6,4,10,2802
44.5,6,4,11,2811
44.5,6,4,12,2819
44.5,6,4,13,2827
44.5,6,4,14,2836
44.5,6,4,15,2844
44.5,6,5,0,2725
44.5,6,5,1,2734
44.5,6,5,2,2742
44.5,6,5,3,2751
44.5,6,5,4,2760
44.5,6,5,5,2768
44.5,6,5,6,2777
44.5,6,5,7,2786
44.5,6,5,8,2794
44.5,6,5,9,2803
44.5,6,5,10,2811
44.5,6,5,11,2820
44.5,6,5,12,2828
44.5,6,5,13,2837
44.5,6,5,14,2845
44.5,6,5,15,2854
44.5,6,6,0,2734
44.5,6,6,1,2742
44.5,6,6,2,2751
44.5,6,6,3,2760
44.5,6,6,4,2769
44.5,6,6,5,2777
44.5,6,6,6,2786
44.5,6,6,7,2795
44.5,6,6,8,2803
44.5,6,6,9,2812
44.5,6,6,10,2820
44.5,6,6,11,2829
44.5,6,6,12,2837
44.5,6,6,13,2846
44.5,6,6,14,2854
44.5,6,6,15,2863
44.5,6,7,0,2742
44.5,6,7,1,2751
44.5,6,7,2,2760
44.5,6,7,3,2769
44.5,6,7,4,2778
44.5,6,7,5,2786
44.5,6,7,6,2795
44.5,6,7,7,2804
44.5,6,7,8,2812
44.5,6,7,9,2821
44.5,6,7,10,2829
44.5,6,7,11,2838
44.5,6,7,12,2847
44.5,6,7,13,2855
44.5,6,7,14,2864
44.5,6,7,15,2872
44.5,6,8,0,2751
44.5,6,8,1,2760
44.5,6,8,2,2769
44.5,6,8,3,2778
44.5,6,8,4,2786
44.5,6,8,5,2795
44.5,6,8,6,2804
44.5,6,8,7,2813
44.5,6,8,8,2821
44.5,6,8,9,2830
44.5,6,8,10,2839
44.5,6,8,11,2847
44.5,6,8,12,2856
44.5,6,8,13,2864
44.5,6,8,14,2873
44.5,6,8,15,2881
44.5,6,9,0,2760
44.5,6,9,1,2769
44.5,6,9,2,2778
44.5,6,9,3,2786
44.5,6,9,4,2795
44.5,6,9,5,2804
44.5,6,9,6,2813
44.5,6,9,7,2822
44.5,6,9,8,2830
44.5,6,9,9,2839
44.5,6,9,10,2848
44.5,6,9,11,2856
44.5,6,9,12,2865
44.5,6,9,13,2873
44.5,6,9,14,2882
44.5,6,9,15,2890
44.5,6,10,0,2769
44.5,6,10,1,2778
44.5,6,10,2,2786
44.5,6,10,3,2795
44.5,6,10,4,2804
44.5,6,10,5,2813
44.5,6,10,6,2822
44.5,6,10,7,2830
44.5,6,10,8,2839
44.5,6,10,9,2848
44.5,6,10,10,2857
44.5,6,10,11,2865
44.5,6,10,12,2874
44.5,6,10,13,2882
44.5,6,10,14,2891
44.5,6,10,15,2900
44.5,6,11,0,2777
44.5,6,11,1,2786
44.5,6,11,2,2795
44.5,6,11,3,2804
44.5,6,11,4,2813
44.5,6,11,5,2822
44.5,6,11,6,2831
44.5,6,11,7,2839
44.5,6,11,8,2848
44.5,6,11,9,2857
44.5,6,11,10,2866
44.5,6,11,11,2874
44.5,6,11,12,2883
44.5,6,11,13,2891
44.5,6,11,14,2900
44.5,6,11,15,2909
44.5,6,12,0,2786
44.5,6,12,1,2795
44.5,6,12,2,2804
44.5,6,12,3,2813
44.5,6,12,4,2822
44.5,6,12,5,2831
44.5,6,12,6,2839
44.5,6,12,7,2848
44.5,6,12,8,2857
44.5,6,12,9,2866
44.5,6,12,10,2874
44.5,6,12,11,2883
44.5,6,12,12,2892
44.5,6,12,13,2900
44.5,6,12,14,2909
44.5,6,12,15,2918
44.5,6,13,0,2795
44.5,6,13,1,2804
44.5,6,13,2,2813
44.5,6,13,3,2822
44.5,6,13,4,2830
44.5,6,13,5,2839
44.5,6,13,6,2848
44.5,6,13,7,2857
44.5,6,13,8,2866
44.5,6,13,9,2875
44.5,6,13,10,2883
44.5,6,13,11,2892
44.5,6,13,12,2901
44.5,6,13,13,2909
44.5,6,13,14,2918
44.5,6,13,15,2927
44.5,6,14,0,2803
44.5,6,14,1,2812
44.5,6,14,2,2821
44.5,6,14,3,2830
44.5,6,14,4,2839
44.5,6,14,5,2848
44.5,6,14,6,2857
44.5,6,14,7,2866
44.5,6,14,8,2875
44.5,6,14,9,2883
44.5,6,14,10,2892
44.5,6,14,11,2901
44.5,6,14,12,2910
44.5,6,14,13,2918
44.5,6,14,14,2927
44.5,6,14,15,2936
44.5,6,15,0,2812
44.5,6,15,1,2821
44.5,6,15,2,2830
44.5,6,15,3,2839
44.5,6,15,4,2848
44.5,6,15,5,2857
44.5,6,15,6,2866
44.5,6,15,7,2875
44.5,6,15,8,2883
44.5,6,15,9,2892
44.5,6,15,10,2901
44.5,6,15,11,2910
44.5,6,15,12,2919
44.5,6,15,13,2927
44.5,6,15,14,2936
44.5,6,15,15,2945
44.5,7,0,0,2690
44.5,7,0,1,2699
44.5,7,0,2,2707
44.5,7,0,3,2716
44.5,7,0,4,2725
44.5,7,0,5,2733
44.5,7,0,6,2742
44.5,7,0,7,2750
44.5,7,0,8,2759
44.5,7,0,9,2767
44.5,7,0,10,2776
44.5,7,0,11,2784
44.5,7,0,12,2792
44.5,7,0,13,2801
44.5,7,0,14,2809
44.5,7,0,15,2817
44.5,7,1,0,2699
44.5,7,1,1,2708
44.5,7,1,2,2717
44.5,7,1,3,2725
44.5,7,1,4,2734
44.5,7,1,5,2742
44.5,7,1,6,2751
44.5,7,1,7,2759
44.5,7,1,8,2768
44.5,7,1,9,2776
44.5,7,1,10,2785
44.5,7,1,11,2793
44.5,7,1,12,2802
44.5,7,1,13,2810
44.5,7,1,14,2818
44.5,7,1,15,2827
44.5,7,2,0,2708
44.5,7,2,1,2717
44.5,7,2,2,2726
44.5,7,2,3,2734
44.5,7,2,4,2743
44.5,7,2,5,2752
44.5,7,2,6,2760
44.5,7,2,7,2769
44.5,7,2,8,2777
44.5,7,2,9,2786
44.5,7,2,10,2794
44.5,7,2,11,2803
44.5,7,2,12,2811
44.5,7,2,13,2819
44.5,7,2,14,2828
44.5,7,2,15,2836
44.5,7,3,0,2717
44.5,7,3,1,2726
44.5,7,3,2,2735
44.5,7,3,3,2743
44.5,7,3,4,2752
44.5,7,3,5,2761
44.5,7,3,6,2769
44.5,7,3,7,2778
44.5,7,3,8,2786
44.5,7,3,9,2795
44.5,7,3,10,2803
44.5,7,3,11,2812
44.5,7,3,12,2820
44.5,7,3,13,2829
44.5,7,3,14,2837
44.5,7,3,15,2846
44.5,7,4,0,2726
44.5,7,4,1,2735
44.5,7,4,2,2744
44.5,7,4,3,2752
44.5,7,4,4,2761
44.5,7,4,5,2770
44.5,7,4,6,2778
44.5,7,4,7,2787
44.5,7,4,8,2796
44.5,7,4,9,2804
44.5,7,4,10,2813
44.5,7,4,11,2821
44.5,7,4,12,2830
44.5,7,4,13,2838
44.5,7,4,14,2847
44.5,7,4,15,2855
44.5,7,5,0,2735
44.5,7,5,1,2744
44.5,7,5,2,2753
44.5,7,5,3,2761
44.5,7,5,4,2770
44.5,7,5,5,2779
44.5,7,5,6,2787
44.5,7,5,7,2796
44.5,7,5,8,2805
44.5,7,5,9,2813
44.5,7,5,10,2822
44.5,7,5,11,2830
44.5,7,5,12,2839
44.5,7,5,13,2847
44.5,7,5,14,2856
44.5,7,5,15,2864
44.5,7,6,0,2744
44.5,7,6,1,2753
44.5,7,6,2,2761
44.5,7,6,3,2770
44.5,7,6,4,2779
44.5,7,6,5,2788
44.5,7,6,6,2796
44.5,7,6,7,2805
44.5,7,6,8,2814
44.5,7,6,9,2822
44.5,7,6,10,2831
44.5,7,6,11,2840
44.5,7,6,12,2848
44.5,7,6,13,2857
44.5,7,6,14,2865
44.5,7,6,15,2874
44.5,7,7,0,2753
44.5,7,7,1,2762
44.5,7,7,2,2770
44.5,7,7,3,2779
44.5,7,7,4,2788
44.5,7,7,5,2797
44.5,7,7,6,2805
44.5,7,7,7,2814
44.5,7,7,8,2823
44.5,7,7,9,2831
44.5,7,7,10,2840
44.5,7,7,11,2849
44.5,7,7,12,2857
44.5,7,7,13,2866
44.5,7,7,14,2874
44.5,7,7,15,2883
44.5,7,8,0,2761
44.5,7,8,1,2770
44.5,7,8,2,2779
44.5,7,8,3,2788
44.5,7,8,4,2797
44.5,7,8,5,2806
44.5,7,8,6,2814
44.5,7,8,7,2823
44.5,7,8,8,2832
44.5,7,8,9,2841
44.5,7,8,10,2849
44.5,7,8,11,2858
44.5,7,8,12,2866
44.5,7,8,13,2875
44.5,7,8,14,2884
44.5,7,8,15,2892
44.5,7,9,0,2770
44.5,7,9,1,2779
44.5,7,9,2,2788
44.5,7,9,3,2797
44.5,7,9,4,2806
44.5,7,9,5,2815
44.5,7,9,6,2823
44.5,7,9,7,2832
44.5,7,9,8,2841
44.5,7,9,9,2850
44.5,7,9,10,2858
44.5,7,9,11,2867
44.5,7,9,12,2876
44.5,7,9,13,2884
44.5,7,9,14,2893
44.5,7,9,15,2901
44.5,7,10,0,2779
44.5,7,10,1,2788
44.5,7,10,2,2797
44.5,7,10,3,2806
44.5,7,10,4,2815
44.5,7,10,5,2823
44.5,7,10,6,2832
44.5,7,10,7,2841
44.5,7,10,8,2850
44.5,7,10,9,2859
44.5,7,10,10,2867
44.5,7,10,11,2876
44.5,7,10,12,2885
44.5,7,10,13,2893
44.5,7,10,14,2902
44.5,7,10,15,2910
44.5,7,11,0,2788
44.5,7,11,1,2797
44.5,7,11,2,2806
44.5,7,11,3,2815
44.5,7,11,4,2823
44.5,7,11,5,2832
44.5,7,11,6,2841
44.5,7,11,7,2850
44.5,7,11,8,2859
44.5,7,11,9,2868
44.5,7,11,10,2876
44.5,7,11,11,2885
44.5,7,11,12,2894
44.5,7,11,13,2902
44.5,7,11,14,2911
44.5,7,11,15,2920
44.5,7,12,0,2796
44.5,7,12,1,2805
44.5,7,12,2,2814
44.5,7,12,3,2823
44.5,7,12,4,2832
44.5,7,12,5,2841
44.5,7,12,6,2850
44.5,7,12,7,2859
44.5,7,12,8,2868
44.5,7,12,9,2876
44.5,7,12,10,2885
44.5,7,12,11,2894
44.5,7,12,12,2903
44.5,7,12,13,2911
44.5,7,12,14,2920
44.5,7,12,15,2929
44.5,7,13,0,2805
44.5,7,13,1,2814
44.5,7,13,2,2823
44.5,7,13,3,2832
44.5,7,13,4,2841
44.5,7,13,5,2850
44.5,7,13,6,2859
44.5,7,13,7,2868
44.5,7,13,8,2877
44.5,7,13,9,2885
44.5,7,13,10,2894
44.5,7,13,11,2903
44.5,7,13,12,2912
44.5,7,13,13,2920
44.5,7,13,14,2929
44.5,7,13,15,2938
44.5,7,14,0,2814
44.5,7,14,1,2823
44.5,7,14,2,2832
44.5,7,14,3,2841
44.5,7,14,4,2850
44.5,7,14,5,2859
44.5,7,14,6,2868
44.5,7,14,7,2877
44.5,7,14,8,2885
44.5,7,14,9,2894
44.5,7,14,10,2903
44.5,7,14,11,2912
44.5,7,14,12,2921
44.5,7,14,13,2929
44.5,7,14,14,2938
44.5,7,14,15,2947
44.5,7,15,0,2822
44.5,7,15,1,2831
44.5,7,15,2,2841
44.5,7,15,3,2850
44.5,7,15,4,2859
44.5,7,15,5,2868
44.5,7,15,6,2876
44.5,7,15,7,2885
44.5,7,15,8,2894
44.5,7,15,9,2903
44.5,7,15,10,2912
44.5,7,15,11,2921
44.5,7,15,12,2930
44.5,7,15,13,2938
44.5,7,15,14,2947
44.5,7,15,15,2956
44.5,8,0,0,2700
44.5,8,0,1,2709
44.5,8,0,2,2718
44.5,8,0,3,2726
44.5,8,0,4,2735
44.5,8,0,5,2743
44.5,8,0,6,2752
44.5,8,0,7,2761
44.5,8,0,8,2769
44.5,8,0,9,2778
44.5,8,0,10,2786
44.5,8,0,11,2794
44.5,8,0,12,2803
44.5,8,0,13,2811
44.5,8,0,14,2820
44.5,8,0,15,2828
44.5,8,1,0,2709
44.5,8,1,1,2718
44.5,8,1,2,2727
44.5,8,1,3,2735
44.5,8,1,4,2744
44.5,8,1,5,2753
44.5,8,1,6,2761
44.5,8,1,7,2770
44.5,8,1,8,2778
44.5,8,1,9,2787
44.5,8,1,10,2795
44.5,8,1,11,2804
44.5,8,1,12,2812
44.5,8,1,13,2821
44.5,8,1,14,2829
44.5,8,1,15,2837
44.5,8,2,0,2718
44.5,8,2,1,2727
44.5,8,2,2,2736
44.5,8,2,3,2744
44.5,8,2,4,2753
44.5,8,2,5,2762
44.5,8,2,6,2770
44.5,8,2,7,2779
44.5,8,2,8,2788
44.5,8,2,9,2796
44.5,8,2,10,2805
44.5,8,2,11,2813
44.5,8,2,12,2822
44.5,8,2,13,2830
44.5,8,2,14,2838
44.5,8,2,15,2847
44.5,8,3,0,2727
44.5,8,3,1,2736
44.5,8,3,2,2745
44.5,8,3,3,2754
44.5,8,3,4,2762
44.5,8,3,5,2771
44.5,8,3,6,2780
44.5,8,3,7,2788
44.5,8,3,8,2797
44.5,8,3,9,2805
44.5,8,3,10,2814
44.5,8,3,11,2822
44.5,8,3,12,2831
44.5,8,3,13,2839
44.5,8,3,14,2848
44.5,8,3,15,2856
44.5,8,4,0,2736
44.5,8,4,1,2745
44.5,8,4,2,2754
44.5,8,4,3,2763
44.5,8,4,4,2771
44.5,8,4,5,2780
44.5,8,4,6,2789
44.5,8,4,7,2797
44.5,8,4,8,2806
44.5,8,4,9,2815
44.5,8,4,10,2823
44.5,8,4,11,2832
44.5,8,4,12,2840
44.5,8,4,13,2849
44.5,8,4,14,2857
44.5,8,4,15,2866
44.5,8,5,0,2745
44.5,8,5,1,2754
44.5,8,5,2,2763
44.5,8,5,3,2772
44.5,8,5,4,2780
44.5,8,5,5,2789
44.5,8,5,6,2798
44.5,8,5,7,2806
44.5,8,5,8,2815
44.5,8,5,9,2824
44.5,8,5,10,2832
44.5,8,5,11,2841
44.5,8,5,12,2849
44.5,8,5,13,2858
44.5,8,5,14,2866
44.5,8,5,15,2875
44.5,8,6,0,2754
44.5,8,6,1,2763
44.5,8,6,2,2772
44.5,8,6,3,2781
44.5,8,6,4,2789
44.5,8,6,5,2798
44.5,8,6,6,2807
44.5,8,6,7,2816
44.5,8,6,8,2824
44.5,8,6,9,2833
44.5,8,6,10,2842
44.5,8,6,11,2850
44.5,8,6,12,2859
44.5,8,6,13,2867
44.5,8,6,14,2876
44.5,8,6,15,2884
44.5,8,7,0,2763
44.5,8,7,1,2772
44.5,8,7,2,2781
44.5,8,7,3,2790
44.5,8,7,4,2798
44.5,8,7,5,2807
44.5,8,7,6,2816
44.5,8,7,7,2825
44.5,8,7,8,2833
44.5,8,7,9,2842
44.5,8,7,10,2851
44.5,8,7,11,2859
44.5,8,7,12,2868
44.5,8,7,13,2876
44.5,8,7,14,2885
44.5,8,7,15,2894
44.5,8,8,0,2772
44.5,8,8,1,2781
44.5,8,8,2,2790
44.5,8,8,3,2798
44.5,8,8,4,2807
44.5,8,8,5,2816
44.5,8,8,6,2825
44.5,8,8,7,2834
44.5,8,8,8,2842
44.5,8,8,9,2851
44.5,8,8,10,2860
44.5,8,8,11,2868
44.5,8,8,12,2877
44.5,8,8,13,2886
44.5,8,8,14,2894
44.5,8,8,15,2903
44.5,8,9,0,2781
44.5,8,9,1,2790
44.5,8,9,2,2798
44.5,8,9,3,2807
44.5,8,9,4,2816
44.5,8,9,5,2825
44.5,8,9,6,2834
44.5,8,9,7,2843
44.5,8,9,8,2851
44.5,8,9,9,2860
44.5,8,9,10,2869
44.5,8,9,11,2878
44.5,8,9,12,2886
44.5,8,9,13,2895
44.5,8,9,14,2903
44.5,8,9,15,2912
44.5,8,10,0,2789
44.5,8,10,1,2798
44.5,8,10,2,2807
44.5,8,10,3,2816
44.5,8,10,4,2825
44.5,8,10,5,2834
44.5,8,10,6,2843
44.5,8,10,7,2852
44.5,8,10,8,2860
44.5,8,10,9,2869
44.5,8,10,10,2878
44.5,8,10,11,2887
44.5,8,10,12,2895
44.5,8,10,13,2904
44.5,8,10,14,2913
44.5,8,10,15,2921
44.5,8,11,0,2798
44.5,8,11,1,2807
44.5,8,11,2,2816
44.5,8,11,3,2825
44.5,8,11,4,2834
44.5,8,11,5,2843
44.5,8,11,6,2852
44.5,8,11,7,2861
44.5,8,11,8,2869
44.5,8,11,9,2878
44.5,8,11,10,2887
44.5,8,11,11,2896
44.5,8,11,12,2904
44.5,8,11,13,2913
44.5,8,11,14,2922
44.5,8,11,15,2930
44.5,8,12,0,2807
44.5,8,12,1,2816
44.5,8,12,2,2825
44.5,8,12,3,2834
44.5,8,12,4,2843
44.5,8,12,5,2852
44.5,8,12,6,2861
44.5,8,12,7,2870
44.5,8,12,8,2878
44.5,8,12,9,2887
44.5,8,12,10,2896
44.5,8,12,11,2905
44.5,8,12,12,2914
44.5,8,12,13,2922
44.5,8,12,14,2931
44.5,8,12,15,2940
44.5,8,13,0,2816
44.5,8,13,1,2825
44.5,8,13,2,2834
44.5,8,13,3,2843
44.5,8,13,4,2852
44.5,8,13,5,2861
44.5,8,13,6,2870
44.5,8,13,7,2878
44.5,8,13,8,2887
44.5,8,13,9,2896
44.5,8,13,10,2905
44.5,8,13,11,2914
44.5,8,13,12,2923
44.5,8,13,13,2931
44.5,8,13,14,2940
44.5,8,13,15,2949
44.5,8,14,0,2824
44.5,8,14,1,2833
44.5,8,14,2,2842
44.5,8,14,3,2851
44.5,8,14,4,2860
44.5,8,14,5,2869
44.5,8,14,6,2878
44.5,8,14,7,2887
44.5,8,14,8,2896
44.5,8,14,9,2905
44.5,8,14,10,2914
44.5,8,14,11,2923
44.5,8,14,12,2932
44.5,8,14,13,2940
44.5,8,14,14,2949
44.5,8,14,15,2958
44.5,8,15,0,2833
44.5,8,15,1,2842
44.5,8,15,2,2851
44.5,8,15,3,2860
44.5,8,15,4,2869
44.5,8,15,5,2878
44.5,8,15,6,2887
44.5,8,15,7,2896
44.5,8,15,8,2905
44.5,8,15,9,2914
44.5,8,15,10,2923
44.5,8,15,11,2932
44.5,8,15,12,2941
44.5,8,15,13,2949
44.5,8,15,14,2958
44.5,8,15,15,2967
44.5,9,0,0,2710
44.5,9,0,1,2719
44.5,9,0,2,2728
44.5,9,0,3,2736
44.5,9,0,4,2745
44.5,9,0,5,2754
44.5,9,0,6,2762
44.5,9,0,7,2771
44.5,9,0,8,2779
44.5,9,0,9,2788
44.5,9,0,10,2796
44.5,9,0,11,2805
44.5,9,0,12,2813
44.5,9,0,13,2822
44.5,9,0,14,2830
44.5,9,0,15,2838
44.5,9,1,0,2719
44.5,9,1,1,2728
44.5,9,1,2,2737
44.5,9,1,3,2746
44.5,9,1,4,2754
44.5,9,1,5,2763
44.5,9,1,6,2771
44.5,9,1,7,2780
44.5,9,1,8,2789
44.5,9,1,9,2797
44.5,9,1,10,2806
44.5,9,1,11,2814
44.5,9,1,12,2823
44.5,9,1,13,2831
44.5,9,1,14,2840
44.5,9,1,15,2848
44.5,9,2,0,2728
44.5,9,2,1,2737
44.5,9,2,2,2746
44.5,9,2,3,2755
44.5,9,2,4,2763
44.5,9,2,5,2772
44.5,9,2,6,2781
44.5,9,2,7,2789
44.5,9,2,8,2798
44.5,9,2,9,2806
44.5,9,2,10,2815
44.5,9,2,11,2824
44.5,9,2,12,2832
44.5,9,2,13,2841
44.5,9,2,14,2849
44.5,9,2,15,2857
44.5,9,3,0,2737
44.5,9,3,1,2746
44.5,9,3,2,2755
44.5,9,3,3,2764
44.5,9,3,4,2773
44.5,9,3,5,2781
44.5,9,3,6,2790
44.5,9,3,7,2799
44.5,9,3,8,2807
44.5,9,3,9,2816
44.5,9,3,10,2824
44.5,9,3,11,2833
44.5,9,3,12,2841
44.5,9,3,13,2850
44.5,9,3,14,2858
44.5,9,3,15,2867
44.5,9,4,0,2746
44.5,9,4,1,2755
44.5,9,4,2,2764
44.5,9,4,3,2773
44.5,9,4,4,2782
44.5,9,4,5,2790
44.5,9,4,6,2799
44.5,9,4,7,2808
44.5,9,4,8,2816
44.5,9,4,9,2825
44.5,9,4,10,2834
44.5,9,4,11,2842
44.5,9,4,12,2851
44.5,9,4,13,2859
44.5,9,4,14,2868
44.5,9,4,15,2876
44.5,9,5,0,2755
44.5,9,5,1,2764
44.5,9,5,2,2773
44.5,9,5,3,2782
44.5,9,5,4,2791
44.5,9,5,5,2799
44.5,9,5,6,2808
44.5,9,5,7,2817
44.5,9,5,8,2826
44.5,9,5,9,2834
44.5,9,5,10,2843
44.5,9,5,11,2851
44.5,9,5,12,2860
44.5,9,5,13,2869
44.5,9,5,14,2877
44.5,9,5,15,2886
44.5,9,6,0,2764
44.5,9,6,1,2773
44.5,9,6,2,2782
44.5,9,6,3,2791
44.5,9,6,4,2800
44.5,9,6,5,2809
44.5,9,6,6,2817
44.5,9,6,7,2826
44.5,9,6,8,2835
44.5,9,6,9,2843
44.5,9,6,10,2852
44.5,9,6,11,2861
44.5,9,6,12,2869
44.5,9,6,13,2878
44.5,9,6,14,2886
44.5,9,6,15,2895
44.5,9,7,0,2773
44.5,9,7,1,2782
44.5,9,7,2,2791
44.5,9,7,3,2800
44.5,9,7,4,2809
44.5,9,7,5,2818
44.5,9,7,6,2826
44.5,9,7,7,2835
44.5,9,7,8,2844
44.5,9,7,9,2853
44.5,9,7,10,2861
44.5,9,7,11,2870
44.5,9,7,12,2879
44.5,9,7,13,2887
44.5,9,7,14,2896
44.5,9,7,15,2904
44.5,9,8,0,2782
44.5,9,8,1,2791
44.5,9,8,2,2800
44.5,9,8,3,2809
44.5,9,8,4,2818
44.5,9,8,5,2827
44.5,9,8,6,2835
44.5,9,8,7,2844
44.5,9,8,8,2853
44.5,9,8,9,2862
44.5,9,8,10,2870
44.5,9,8,11,2879
44.5,9,8,12,2888
44.5,9,8,13,2896
44.5,9,8,14,2905
44.5,9,8,15,2914
44.5,9,9,0,2791
44.5,9,9,1,2800
44.5,9,9,2,2809
44.5,9,9,3,2818
44.5,9,9,4,2827
44.5,9,9,5,2836
44.5,9,9,6,2844
44.5,9,9,7,2853
44.5,9,9,8,2862
44.5,9,9,9,2871
44.5,9,9,10,2880
44.5,9,9,11,2888
44.5,9,9,12,2897
44.5,9,9,13,2906
44.5,9,9,14,2914
44.5,9,9,15,2923
44.5,9,10,0,2800
44.5,9,10,1,2809
44.5,9,10,2,2818
44.5,9,10,3,2827
44.5,9,10,4,2836
44.5,9,10,5,2845
44.5,9,10,6,2853
44.5,9,10,7,2862
44.5,9,10,8,2871
44.5,9,10,9,2880
44.5,9,10,10,2889
44.5,9,10,11,2897
44.5,9,10,12,2906
44.5,9,10,13,2915
44.5,9,10,14,2923
44.5,9,10,15,2932
44.5,9,11,0,2809
44.5,9,11,1,2818
44.5,9,11,2,2827
44.5,9,11,3,2836
44.5,9,11,4,2845
44.5,9,11,5,2853
44.5,9,11,6,2862
44.5,9,11,7,2871
44.5,9,11,8,2880
44.5,9,11,9,2889
44.5,9,11,10,2898
44.5,9,11,11,2907
44.5,9,11,12,2915
44.5,9,11,13,2924
44.5,9,11,14,2933
44.5,9,11,15,2941
44.5,9,12,0,2817
44.5,9,12,1,2826
44.5,9,12,2,2835
44.5,9,12,3,2844
44.5,9,12,4,2853
44.5,9,12,5,2862
44.5,9,12,6,2871
44.5,9,12,7,2880
44.5,9,12,8,2889
44.5,9,12,9,2898
44.5,9,12,10,2907
44.5,9,12,11,2916
44.5,9,12,12,2924
44.5,9,12,13,2933
44.5,9,12,14,2942
44.5,9,12,15,2950
44.5,9,13,0,2826
44.5,9,13,1,2835
44.5,9,13,2,2844
44.5,9,13,3,2853
44.5,9,13,4,2862
44.5,9,13,5,2871
44.5,9,13,6,2880
44.5,9,13,7,2889
44.5,9,13,8,2898
44.5,9,13,9,2907
44.5,9,13,10,2916
44.5,9,13,11,2925
44.5,9,13,12,2933
44.5,9,13,13,2942
44.5,9,13,14,2951
44.5,9,13,15,2960
44.5,9,14,0,2835
44.5,9,14,1,2844
44.5,9,14,2,2853
44.5,9,14,3,2862
44.5,9,14,4,2871
44.5,9,14,5,2880
44.5,9,14,6,2889
44.5,9,14,7,2898
44.5,9,14,8,2907
44.5,9,14,9,2916
44.5,9,14,10,2925
44.5,9,14,11,2934
44.5,9,14,12,2942
44.5,9,14,13,2951
44.5,9,14,14,2960
44.5,9,14,15,2969
44.5,9,15,0,2843
44.5,9,15,1,2853
44.5,9,15,2,2862
44.5,9,15,3,2871
44.5,9,15,4,2880
44.5,9,15,5,2889
44.5,9,15,6,2898
44.5,9,15,7,2907
44.5,9,15,8,2916
44.5,9,15,9,2925
44.5,9,15,10,2934
44.5,9,15,11,2943
44.5,9,15,12,2951
44.5,9,15,13,2960
44.5,9,15,14,2969
44.5,9,15,15,2978
44.5,10,0,0,2720
44.5,10,0,1,2729
44.5,10,0,2,2738
44.5,10,0,3,2746
44.5,10,0,4,2755
44.5,10,0,5,2764
44.5,10,0,6,2772
44.5,10,0,7,2781
44.5,10,0,8,2790
44.5,10,0,9,2798
44.5,10,0,10,2807
44.5,10,0,11,2815
44.5,10,0,12,2824
44.5,10,0,13,2832
44.5,10,0,14,2841
44.5,10,0,15,2849
44.5,10,1,0,2729
44.5,10,1,1,2738
44.5,10,1,2,2747
44.5,10,1,3,2756
44.5,10,1,4,2764
44.5,10,1,5,2773
44.5,10,1,6,2782
44.5,10,1,7,2790
44.5,10,1,8,2799
44.5,10,1,9,2808
44.5,10,1,10,2816
44.5,10,1,11,2825
44.5,10,1,12,2833
44.5,10,1,13,2842
44.5,10,1,14,2850
44.5,10,1,15,2858
44.5,10,2,0,2738
44.5,10,2,1,2747
44.5,10,2,2,2756
44.5,10,2,3,2765
44.5,10,2,4,2774
44.5,10,2,5,2782
44.5,10,2,6,2791
44.5,10,2,7,2800
44.5,10,2,8,2808
44.5,10,2,9,2817
44.5,10,2,10,2825
44.5,10,2,11,2834
44.5,10,2,12,2843
44.5,10,2,13,2851
44.5,10,2,14,2860
44.5,10,2,15,2868
44.5,10,3,0,2748
44.5,10,3,1,2756
44.5,10,3,2,2765
44.5,10,3,3,2774
44.5,10,3,4,2783
44.5,10,3,5,2792
44.5,10,3,6,2800
44.5,10,3,7,2809
44.5,10,3,8,2818
44.5,10,3,9,2826
44.5,10,3,10,2835
44.5,10,3,11,2843
44.5,10,3,12,2852
44.5,10,3,13,2860
44.5,10,3,14,2869
44.5,10,3,15,2877
44.5,10,4,0,2757
44.5,10,4,1,2765
44.5,10,4,2,2774
44.5,10,4,3,2783
44.5,10,4,4,2792
44.5,10,4,5,2801
44.5,10,4,6,2809
44.5,10,4,7,2818
44.5,10,4,8,2827
44.5,10,4,9,2835
44.5,10,4,10,2844
44.5,10,4,11,2853
44.5,10,4,12,2861
44.5,10,4,13,2870
44.5,10,4,14,2878
44.5,10,4,15,2887
44.5,10,5,0,2766
44.5,10,5,1,2774
44.5,10,5,2,2783
44.5,10,5,3,2792
44.5,10,5,4,2801
44.5,10,5,5,2810
44.5,10,5,6,2819
44.5,10,5,7,2827
44.5,10,5,8,2836
44.5,10,5,9,2845
44.5,10,5,10,2853
44.5,10,5,11,2862
44.5,10,5,12,2871
44.5,10,5,13,2879
44.5,10,5,14,2888
44.5,10,5,15,2896
44.5,10,6,0,2775
44.5,10,6,1,2783
44.5,10,6,2,2792
44.5,10,6,3,2801
44.5,10,6,4,2810
44.5,10,6,5,2819
44.5,10,6,6,2828
44.5,10,6,7,2837
44.5,10,6,8,2845
44.5,10,6,9,2854
44.5,10,6,10,2863
44.5,10,6,11,2871
44.5,10,6,12,2880
44.5,10,6,13,2889
44.5,10,6,14,2897
44.5,10,6,15,2906
44.5,10,7,0,2783
44.5,10,7,1,2792
44.5,10,7,2,2801
44.5,10,7,3,2810
44.5,10,7,4,2819
44.5,10,7,5,2828
44.5,10,7,6,2837
44.5,10,7,7,2846
44.5,10,7,8,2854
44.5,10,7,9,2863
44.5,10,7,10,2872
44.5,10,7,11,2881
44.5,10,7,12,2889
44.5,10,7,13,2898
44.5,10,7,14,2906
44.5,10,7,15,2915
44.5,10,8,0,2792
44.5,10,8,1,2801
44.5,10,8,2,2810
44.5,10,8,3,2819
44.5,10,8,4,2828
44.5,10,8,5,2837
44.5,10,8,6,2846
44.5,10,8,7,2855
44.5,10,8,8,2864
44.5,10,8,9,2872
44.5,10,8,10,2881
44.5,10,8,11,2890
44.5,10,8,12,2898
44.5,10,8,13,2907
44.5,10,8,14,2916
44.5,10,8,15,2924
44.5,10,9,0,2801
44.5,10,9,1,2810
44.5,10,9,2,2819
44.5,10,9,3,2828
44.5,10,9,4,2837
44.5,10,9,5,2846
44.5,10,9,6,2855
44.5,10,9,7,2864
44.5,10,9,8,2873
44.5,10,9,9,2881
44.5,10,9,10,2890
44.5,10,9,11,2899
44.5,10,9,12,2908
44.5,10,9,13,2916
44.5,10,9,14,2925
44.5,10,9,15,2934
44.5,10,10,0,2810
44.5,10,10,1,2819
44.5,10,10,2,2828
44.5,10,10,3,2837
44.5,10,10,4,2846
44.5,10,10,5,2855
44.5,10,10,6,2864
44.5,10,10,7,2873
44.5,10,10,8,2882
44.5,10,10,9,2891
44.5,10,10,10,2899
44.5,10,10,11,2908
44.5,10,10,12,2917
44.5,10,10,13,2926
44.5,10,10,14,2934
44.5,10,10,15,2943
44.5,10,11,0,2819
44.5,10,11,1,2828
44.5,10,11,2,2837
44.5,10,11,3,2846
44.5,10,11,4,2855
44.5,10,11,5,2864
44.5,10,11,6,2873
44.5,10,11,7,2882
44.5,10,11,8,2891
44.5,10,11,9,2900
44.5,10,11,10,2908
44.5,10,11,11,2917
44.5,10,11,12,2926
44.5,10,11,13,2935
44.5,10,11,14,2944
44.5,10,11,15,2952
44.5,10,12,0,2828
44.5,10,12,1,2837
44.5,10,12,2,2846
44.5,10,12,3,2855
44.5,10,12,4,2864
44.5,10,12,5,2873
44.5,10,12,6,2882
44.5,10,12,7,2891
44.5,10,12,8,2900
44.5,10,12,9,2909
44.5,10,12,10,2918
44.5,10,12,11,2926
44.5,10,12,12,2935
44.5,10,12,13,2944
44.5,10,12,14,2953
44.5,10,12,15,2961
44.5,10,13,0,2837
44.5,10,13,1,2846
44.5,10,13,2,2855
44.5,10,13,3,2864
44.5,10,13,4,2873
44.5,10,13,5,2882
44.5,10,13,6,2891
44.5,10,13,7,2900
44.5,10,13,8,2909
44.5,10,13,9,2918
44.5,10,13,10,2927
44.5,10,13,11,2935
44.5,10,13,12,2944
44.5,10,13,13,2953
44.5,10,13,14,2962
44.5,10,13,15,2971
44.5,10,14,0,2845
44.5,10,14,1,2854
44.5,10,14,2,2864
44.5,10,14,3,2873
44.5,10,14,4,2882
44.5,10,14,5,2891
44.5,10,14,6,2900
44.5,10,14,7,2909
44.5,10,14,8,2918
44.5,10,14,9,2927
44.5,10,14,10,2936
44.5,10,14,11,2944
44.5,10,14,12,2953
44.5,10,14,13,2962
44.5,10,14,14,2971
44.5,10,14,15,2980
44.5,10,15,0,2854
44.5,10,15,1,2863
44.5,10,15,2,2872
44.5,10,15,3,2881
44.5,10,15,4,2891
44.5,10,15,5,2900
44.5,10,15,6,2909
44.5,10,15,7,2918
44.5,10,15,8,2927
44.5,10,15,9,2936
44.5,10,15,10,2945
44.5,10,15,11,2954
44.5,10,15,12,2962
44.5,10,15,13,2971
44.5,10,15,14,2980
44.5,10,15,15,2989
44.5,11,0,0,2730
44.5,11,0,1,2739
44.5,11,0,2,2748
44.5,11,0,3,2757
44.5,11,0,4,2765
44.5,11,0,5,2774
44.5,11,0,6,2783
44.5,11,0,7,2791
44.5,11,0,8,2800
44.5,11,0,9,2808
44.5,11,0,10,2817
44.5,11,0,11,2826
44.5,11,0,12,2834
44.5,11,0,13,2843
44.5,11,0,14,2851
44.5,11,0,15,2859
44.5,11,1,0,2739
44.5,11,1,1,2748
44.5,11,1,2,2757
44.5,11,1,3,2766
44.5,11,1,4,2775
44.5,11,1,5,2783
44.5,11,1,6,2792
44.5,11,1,7,2801
44.5,11,1,8,2809
44.5,11,1,9,2818
44.5,11,1,10,2826
44.5,11,1,11,2835
44.5,11,1,12,2844
44.5,11,1,13,2852
44.5,11,1,14,2861
44.5,11,1,15,2869
44.5,11,2,0,2749
44.5,11,2,1,2757
44.5,11,2,2,2766
44.5,11,2,3,2775
44.5,11,2,4,2784
44.5,11,2,5,2793
44.5,11,2,6,2801
44.5,11,2,7,2810
44.5,11,2,8,2819
44.5,11,2,9,2827
44.5,11,2,10,2836
44.5,11,2,11,2844
44.5,11,2,12,2853
44.5,11,2,13,2862
44.5,11,2,14,2870
44.5,11,2,15,2879
44.5,11,3,0,2758
44.5,11,3,1,2767
44.5,11,3,2,2775
44.5,11,3,3,2784
44.5,11,3,4,2793
44.5,11,3,5,2802
44.5,11,3,6,2811
44.5,11,3,7,2819
44.5,11,3,8,2828
44.5,11,3,9,2837
44.5,11,3,10,2845
44.5,11,3,11,2854
44.5,11,3,12,2862
44.5,11,3,13,2871
44.5,11,3,14,2880
44.5,11,3,15,2888
44.5,11,4,0,2767
44.5,11,4,1,2776
44.5,11,4,2,2785
44.5,11,4,3,2793
44.5,11,4,4,2802
44.5,11,4,5,2811
44.5,11,4,6,2820
44.5,11,4,7,2829
44.5,11,4,8,2837
44.5,11,4,9,2846
44.5,11,4,10,2855
44.5,11,4,11,2863
44.5,11,4,12,2872
44.5,11,4,13,2880
44.5,11,4,14,2889
44.5,11,4,15,2898
44.5,11,5,0,2776
44.5,11,5,1,2785
44.5,11,5,2,2794
44.5,11,5,3,2803
44.5,11,5,4,2811
44.5,11,5,5,2820
44.5,11,5,6,2829
44.5,11,5,7,2838
44.5,11,5,8,2847
44.5,11,5,9,2855
44.5,11,5,10,2864
44.5,11,5,11,2873
44.5,11,5,12,2881
44.5,11,5,13,2890
44.5,11,5,14,2898
44.5,11,5,15,2907
44.5,11,6,0,2785
44.5,11,6,1,2794
44.5,11,6,2,2803
44.5,11,6,3,2812
44.5,11,6,4,2820
44.5,11,6,5,2829
44.5,11,6,6,2838
44.5,11,6,7,2847
44.5,11,6,8,2856
44.5,11,6,9,2864
44.5,11,6,10,2873
44.5,11,6,11,2882
44.5,11,6,12,2891
44.5,11,6,13,2899
44.5,11,6,14,2908
44.5,11,6,15,2916
44.5,11,7,0,2794
44.5,11,7,1,2803
44.5,11,7,2,2812
44.5,11,7,3,2821
44.5,11,7,4,2830
44.5,11,7,5,2838
44.5,11,7,6,2847
44.5,11,7,7,2856
44.5,11,7,8,2865
44.5,11,7,9,2874
44.5,11,7,10,2882
44.5,11,7,11,2891
44.5,11,7,12,2900
44.5,11,7,13,2909
44.5,11,7,14,2917
44.5,11,7,15,2926
44.5,11,8,0,2803
44.5,11,8,1,2812
44.5,11,8,2,2821
44.5,11,8,3,2830
44.5,11,8,4,2839
44.5,11,8,5,2848
44.5,11,8,6,2856
44.5,11,8,7,2865
44.5,11,8,8,2874
44.5,11,8,9,2883
44.5,11,8,10,2892
44.5,11,8,11,2900
44.5,11,8,12,2909
44.5,11,8,13,2918
44.5,11,8,14,2927
44.5,11,8,15,2935
44.5,11,9,0,2812
44.5,11,9,1,2821
44.5,11,9,2,2830
44.5,11,9,3,2839
44.5,11,9,4,2848
44.5,11,9,5,2857
44.5,11,9,6,2866
44.5,11,9,7,2874
44.5,11,9,8,2883
44.5,11,9,9,2892
44.5,11,9,10,2901
44.5,11,9,11,2910
44.5,11,9,12,2918
44.5,11,9,13,2927
44.5,11,9,14,2936
44.5,11,9,15,2945
44.5,11,10,0,2820
44.5,11,10,1,2830
44.5,11,10,2,2839
44.5,11,10,3,2848
44.5,11,10,4,2857
44.5,11,10,5,2866
44.5,11,10,6,2875
44.5,11,10,7,2883
44.5,11,10,8,2892
44.5,11,10,9,2901
44.5,11,10,10,2910
44.5,11,10,11,2919
44.5,11,10,12,2928
44.5,11,10,13,2936
44.5,11,10,14,2945
44.5,11,10,15,2954
44.5,11,11,0,2829
44.5,11,11,1,2838
44.5,11,11,2,2848
44.5,11,11,3,2857
44.5,11,11,4,2866
44.5,11,11,5,2875
44.5,11,11,6,2884
44.5,11,11,7,2893
44.5,11,11,8,2901
44.5,11,11,9,2910
44.5,11,11,10,2919
44.5,11,11,11,2928
44.5,11,11,12,2937
44.5,11,11,13,2946
44.5,11,11,14,2954
44.5,11,11,15,2963
44.5,11,12,0,2838
44.5,11,12,1,2847
44.5,11,12,2,2856
44.5,11,12,3,2866
44.5,11,12,4,2875
44.5,11,12,5,2884
44.5,11,12,6,2893
44.5,11,12,7,2902
44.5,11,12,8,2911
44.5,11,12,9,2919
44.5,11,12,10,2928
44.5,11,12,11,2937
44.5,11,12,12,2946
44.5,11,12,13,2955
44.5,11,12,14,2964
44.5,11,12,15,2972
44.5,11,13,0,2847
44.5,11,13,1,2856
44.5,11,13,2,2865
44.5,11,13,3,2874
44.5,11,13,4,2883
44.5,11,13,5,2893
44.5,11,13,6,2902
44.5,11,13,7,2911
44.5,11,13,8,2920
44.5,11,13,9,2928
44.5,11,13,10,2937
44.5,11,13,11,2946
44.5,11,13,12,2955
44.5,11,13,13,2964
44.5,11,13,14,2973
44.5,11,13,15,2982
44.5,11,14,0,2856
44.5,11,14,1,2865
44.5,11,14,2,2874
44.5,11,14,3,2883
44.5,11,14,4,2892
44.5,11,14,5,2901
44.5,11,14,6,2911
44.5,11,14,7,2920
44.5,11,14,8,2929
44.5,11,14,9,2938
44.5,11,14,10,2946
44.5,11,14,11,2955
44.5,11,14,12,2964
44.5,11,14,13,2973
44.5,11,14,14,2982
44.5,11,14,15,2991
44.5,11,15,0,2864
44.5,11,15,1,2874
44.5,11,15,2,2883
44.5,11,15,3,2892
44.5,11,15,4,2901
44.5,11,15,5,2910
44.5,11,15,6,2919
44.5,11,15,7,2928
44.5,11,15,8,2938
44.5,11,15,9,2946
44.5,11,15,10,2955
44.5,11,15,11,2964
44.5,11,15,12,2973
44.5,11,15,13,2982
44.5,11,15,14,2991
44.5,11,15,15,3000
44.5,12,0,0,2740
44.5,12,0,1,2749
44.5,12,0,2,2758
44.5,12,0,3,2767
44.5,12,0,4,2776
44.5,12,0,5,2784
44.5,12,0,6,2793
44.5,12,0,7,2802
44.5,12,0,8,2810
44.5,12,0,9,2819
44.5,12,0,10,2827
44.5,12,0,11,2836
44.5,12,0,12,2844
44.5,12,0,13,2853
44.5,12,0,14,2861
44.5,12,0,15,2870
44.5,12,1,0,2750
44.5,12,1,1,2758
44.5,12,1,2,2767
44.5,12,1,3,2776
44.5,12,1,4,2785
44.5,12,1,5,2794
44.5,12,1,6,2802
44.5,12,1,7,2811
44.5,12,1,8,2820
44.5,12,1,9,2828
44.5,12,1,10,2837
44.5,12,1,11,2845
44.5,12,1,12,2854
44.5,12,1,13,2863
44.5,12,1,14,2871
44.5,12,1,15,2880
44.5,12,2,0,2759
44.5,12,2,1,2768
44.5,12,2,2,2776
44.5,12,2,3,2785
44.5,12,2,4,2794
44.5,12,2,5,2803
44.5,12,2,6,2812
44.5,12,2,7,2820
44.5,12,2,8,2829
44.5,12,2,9,2838
44.5,12,2,10,2846
44.5,12,2,11,2855
44.5,12,2,12,2864
44.5,12,2,13,2872
44.5,12,2,14,2881
44.5,12,2,15,2889
44.5,12,3,0,2768
44.5,12,3,1,2777
44.5,12,3,2,2786
44.5,12,3,3,2794
44.5,12,3,4,2803
44.5,12,3,5,2812
44.5,12,3,6,2821
44.5,12,3,7,2830
44.5,12,3,8,2838
44.5,12,3,9,2847
44.5,12,3,10,2856
44.5,12,3,11,2864
44.5,12,3,12,2873
44.5,12,3,13,2882
44.5,12,3,14,2890
44.5,12,3,15,2899
44.5,12,4,0,2777
44.5,12,4,1,2786
44.5,12,4,2,2795
44.5,12,4,3,2804
44.5,12,4,4,2813
44.5,12,4,5,2821
44.5,12,4,6,2830
44.5,12,4,7,2839
44.5,12,4,8,2848
44.5,12,4,9,2856
44.5,12,4,10,2865
44.5,12,4,11,2874
44.5,12,4,12,2882
44.5,12,4,13,2891
44.5,12,4,14,2900
44.5,12,4,15,2908
44.5,12,5,0,2786
44.5,12,5,1,2795
44.5,12,5,2,2804
44.5,12,5,3,2813
44.5,12,5,4,2822
44.5,12,5,5,2831
44.5,12,5,6,2839
44.5,12,5,7,2848
44.5,12,5,8,2857
44.5,12,5,9,2866
44.5,12,5,10,2874
44.5,12,5,11,2883
44.5,12,5,12,2892
44.5,12,5,13,2900
44.5,12,5,14,2909
44.5,12,5,15,2918
44.5,12,6,0,2795
44.5,12,6,1,2804
44.5,12,6,2,2813
44.5,12,6,3,2822
44.5,12,6,4,2831
44.5,12,6,5,2840
44.5,12,6,6,2849
44.5,12,6,7,2857
44.5,12,6,8,2866
44.5,12,6,9,2875
44.5,12,6,10,2884
44.5,12,6,11,2893
44.5,12,6,12,2901
44.5,12,6,13,2910
44.5,12,6,14,2919
44.5,12,6,15,2927
44.5,12,7,0,2804
44.5,12,7,1,2813
44.5,12,7,2,2822
44.5,12,7,3,2831
44.5,12,7,4,2840
44.5,12,7,5,2849
44.5,12,7,6,2858
44.5,12,7,7,2867
44.5,12,7,8,2875
44.5,12,7,9,2884
44.5,12,7,10,2893
44.5,12,7,11,2902
44.5,12,7,12,2911
44.5,12,7,13,2919
44.5,12,7,14,2928
44.5,12,7,15,2937
44.5,12,8,0,2813
44.5,12,8,1,2822
44.5,12,8,2,2831
44.5,12,8,3,2840
44.5,12,8,4,2849
44.5,12,8,5,2858
44.5,12,8,6,2867
44.5,12,8,7,2876
44.5,12,8,8,2885
44.5,12,8,9,2894
44.5,12,8,10,2902
44.5,12,8,11,2911
44.5,12,8,12,2920
44.5,12,8,13,2929
44.5,12,8,14,2937
44.5,12,8,15,2946
44.5,12,9,0,2822
44.5,12,9,1,2831
44.5,12,9,2,2840
44.5,12,9,3,2849
44.5,12,9,4,2858
44.5,12,9,5,2867
44.5,12,9,6,2876
44.5,12,9,7,2885
44.5,12,9,8,2894
44.5,12,9,9,2903
44.5,12,9,10,2912
44.5,12,9,11,2920
44.5,12,9,12,2929
44.5,12,9,13,2938
44.5,12,9,14,2947
44.5,12,9,15,2955
44.5,12,10,0,2831
44.5,12,10,1,2840
44.5,12,10,2,2849
44.5,12,10,3,2858
44.5,12,10,4,2867
44.5,12,10,5,2876
44.5,12,10,6,2885
44.5,12,10,7,2894
44.5,12,10,8,2903
44.5,12,10,9,2912
44.5,12,10,10,2921
44.5,12,10,11,2930
44.5,12,10,12,2938
44.5,12,10,13,2947
44.5,12,10,14,2956
44.5,12,10,15,2965
44.5,12,11,0,2840
44.5,12,11,1,2849
44.5,12,11,2,2858
44.5,12,11,3,2867
44.5,12,11,4,2876
44.5,12,11,5,2885
44.5,12,11,6,2894
44.5,12,11,7,2903
44.5,12,11,8,2912
44.5,12,11,9,2921
44.5,12,11,10,2930
44.5,12,11,11,2939
44.5,12,11,12,2948
44.5,12,11,13,2956
44.5,12,11,14,2965
44.5,12,11,15,2974
44.5,12,12,0,2849
44.5,12,12,1,2858
44.5,12,12,2,2867
44.5,12,12,3,2876
44.5,12,12,4,2885
44.5,12,12,5,2894
44.5,12,12,6,2903
44.5,12,12,7,2912
44.5,12,12,8,2921
44.5,12,12,9,2930
44.5,12,12,10,2939
44.5,12,12,11,2948
44.5,12,12,12,2957
44.5,12,12,13,2966
44.5,12,12,14,2974
44.5,12,12,15,2983
44.5,12,13,0,2857
44.5,12,13,1,2867
44.5,12,13,2,2876
44.5,12,13,3,2885
44.5,12,13,4,2894
44.5,12,13,5,2903
44.5,12,13,6,2912
44.5,12,13,7,2921
44.5,12,13,8,2930
44.5,12,13,9,2939
44.5,12,13,10,2948
44.5,12,13,11,2957
44.5,12,13,12,2966
44.5,12,13,13,2975
44.5,12,13,14,2984
44.5,12,13,15,2993
44.5,12,14,0,2866
44.5,12,14,1,2875
44.5,12,14,2,2885
44.5,12,14,3,2894
44.5,12,14,4,2903
44.5,12,14,5,2912
44.5,12,14,6,2921
44.5,12,14,7,2930
44.5,12,14,8,2939
44.5,12,14,9,2948
44.5,12,14,10,2957
44.5,12,14,11,2966
44.5,12,14,12,2975
44.5,12,14,13,2984
44.5,12,14,14,2993
44.5,12,14,15,3002
44.5,12,15,0,2875
44.5,12,15,1,2884
44.5,12,15,2,2894
44.5,12,15,3,2903
44.5,12,15,4,2912
44.5,12,15,5,2921
44.5,12,15,6,2930
44.5,12,15,7,2939
44.5,12,15,8,2948
44.5,12,15,9,2957
44.5,12,15,10,2966
44.5,12,15,11,2975
44.5,12,15,12,2984
44.5,12,15,13,2993
44.5,12,15,14,3002
44.5,12,15,15,3011
44.5,13,0,0,2750
44.5,13,0,1,2759
44.5,13,0,2,2768
44.5,13,0,3,2777
44.5,13,0,4,2786
44.5,13,0,5,2794
44.5,13,0,6,2803
44.5,13,0,7,2812
44.5,13,0,8,2821
44.5,13,0,9,2829
44.5,13,0,10,2838
44.5,13,0,11,2846
44.5,13,0,12,2855
44.5,13,0,13,2863
44.5,13,0,14,2872
44.5,13,0,15,2880
44.5,13,1,0,2760
44.5,13,1,1,2769
44.5,13,1,2,2777
44.5,13,1,3,2786
44.5,13,1,4,2795
44.5,13,1,5,2804
44.5,13,1,6,2813
44.5,13,1,7,2821
44.5,13,1,8,2830
44.5,13,1,9,2839
44.5,13,1,10,2847
44.5,13,1,11,2856
44.5,13,1,12,2864
44.5,13,1,13,2873
44.5,13,1,14,2882
44.5,13,1,15,2890
44.5,13,2,0,2769
44.5,13,2,1,2778
44.5,13,2,2,2787
44.5,13,2,3,2795
44.5,13,2,4,2804
44.5,13,2,5,2813
44.5,13,2,6,2822
44.5,13,2,7,2831
44.5,13,2,8,2839
44.5,13,2,9,2848
44.5,13,2,10,2857
44.5,13,2,11,2865
44.5,13,2,12,2874
44.5,13,2,13,2883
44.5,13,2,14,2891
44.5,13,2,15,2900
44.5,13,3,0,2778
44.5,13,3,1,2787
44.5,13,3,2,2796
44.5,13,3,3,2805
44.5,13,3,4,2814
44.5,13,3,5,2822
44.5,13,3,6,2831
44.5,13,3,7,2840
44.5,13,3,8,2849
44.5,13,3,9,2857
44.5,13,3,10,2866
44.5,13,3,11,2875
44.5,13,3,12,2884
44.5,13,3,13,2892
44.5,13,3,14,2901
44.5,13,3,15,2909
44.5,13,4,0,2787
44.5,13,4,1,2796
44.5,13,4,2,2805
44.5,13,4,3,2814
44.5,13,4,4,2823
44.5,13,4,5,2832
44.5,13,4,6,2841
44.5,13,4,7,2849
44.5,13,4,8,2858
44.5,13,4,9,2867
44.5,13,4,10,2876
44.5,13,4,11,2884
44.5,13,4,12,2893
44.5,13,4,13,2902
44.5,13,4,14,2910
44.5,13,4,15,2919
44.5,13,5,0,2796
44.5,13,5,1,2805
44.5,13,5,2,2814
44.5,13,5,3,2823
44.5,13,5,4,2832
44.5,13,5,5,2841
44.5,13,5,6,2850
44.5,13,5,7,2859
44.5,13,5,8,2867
44.5,13,5,9,2876
44.5,13,5,10,2885
44.5,13,5,11,2894
44.5,13,5,12,2902
44.5,13,5,13,2911
44.5,13,5,14,2920
44.5,13,5,15,2928
44.5,13,6,0,2805
44.5,13,6,1,2814
44.5,13,6,2,2823
44.5,13,6,3,2832
44.5,13,6,4,2841
44.5,13,6,5,2850
44.5,13,6,6,2859
44.5,13,6,7,2868
44.5,13,6,8,2877
44.5,13,6,9,2886
44.5,13,6,10,2894
44.5,13,6,11,2903
44.5,13,6,12,2912
44.5,13,6,13,2921
44.5,13,6,14,2929
44.5,13,6,15,2938
44.5,13,7,0,2814
44.5,13,7,1,2823
44.5,13,7,2,2832
44.5,13,7,3,2841
44.5,13,7,4,2850
44.5,13,7,5,2859
44.5,13,7,6,2868
44.5,13,7,7,2877
44.5,13,7,8,2886
44.5,13,7,9,2895
44.5,13,7,10,2904
44.5,13,7,11,2912
44.5,13,7,12,2921
44.5,13,7,13,2930
44.5,13,7,14,2939
44.5,13,7,15,2947
44.5,13,8,0,2823
44.5,13,8,1,2832
44.5,13,8,2,2841
44.5,13,8,3,2850
44.5,13,8,4,2860
44.5,13,8,5,2868
44.5,13,8,6,2877
44.5,13,8,7,2886
44.5,13,8,8,2895
44.5,13,8,9,2904
44.5,13,8,10,2913
44.5,13,8,11,2922
44.5,13,8,12,2931
44.5,13,8,13,2939
44.5,13,8,14,2948
44.5,13,8,15,2957
44.5,13,9,0,2832
44.5,13,9,1,2841
44.5,13,9,2,2850
44.5,13,9,3,2860
44.5,13,9,4,2869
44.5,13,9,5,2878
44.5,13,9,6,2887
44.5,13,9,7,2896
44.5,13,9,8,2904
44.5,13,9,9,2913
44.5,13,9,10,2922
44.5,13,9,11,2931
44.5,13,9,12,2940
44.5,13,9,13,2949
44.5,13,9,14,2957
44.5,13,9,15,2966
44.5,13,10,0,2841
44.5,13,10,1,2850
44.5,13,10,2,2860
44.5,13,10,3,2869
44.5,13,10,4,2878
44.5,13,10,5,2887
44.5,13,10,6,2896
44.5,13,10,7,2905
44.5,13,10,8,2914
44.5,13,10,9,2923
44.5,13,10,10,2931
44.5,13,10,11,2940
44.5,13,10,12,2949
44.5,13,10,13,2958
44.5,13,10,14,2967
44.5,13,10,15,2976
44.5,13,11,0,2850
44.5,13,11,1,2859
44.5,13,11,2,2868
44.5,13,11,3,2878
44.5,13,11,4,2887
44.5,13,11,5,2896
44.5,13,11,6,2905
44.5,13,11,7,2914
44.5,13,11,8,2923
44.5,13,11,9,2932
44.5,13,11,10,2941
44.5,13,11,11,2950
44.5,13,11,12,2958
44.5,13,11,13,2967
44.5,13,11,14,2976
44.5,13,11,15,2985
44.5,13,12,0,2859
44.5,13,12,1,2868
44.5,13,12,2,2877
44.5,13,12,3,2887
44.5,13,12,4,2896
44.5,13,12,5,2905
44.5,13,12,6,2914
44.5,13,12,7,2923
44.5,13,12,8,2932
44.5,13,12,9,2941
44.5,13,12,10,2950
44.5,13,12,11,2959
44.5,13,12,12,2968
44.5,13,12,13,2977
44.5,13,12,14,2985
44.5,13,12,15,2994
44.5,13,13,0,2868
44.5,13,13,1,2877
44.5,13,13,2,2886
44.5,13,13,3,2896
44.5,13,13,4,2905
44.5,13,13,5,2914
44.5,13,13,6,2923
44.5,13,13,7,2932
44.5,13,13,8,2941
44.5,13,13,9,2950
44.5,13,13,10,2959
44.5,13,13,11,2968
44.5,13,13,12,2977
44.5,13,13,13,2986
44.5,13,13,14,2995
44.5,13,13,15,3003
44.5,13,14,0,2877
44.5,13,14,1,2886
44.5,13,14,2,2895
44.5,13,14,3,2904
44.5,13,14,4,2914
44.5,13,14,5,2923
44.5,13,14,6,2932
44.5,13,14,7,2941
44.5,13,14,8,2950
44.5,13,14,9,2959
44.5,13,14,10,2968
44.5,13,14,11,2977
44.5,13,14,12,2986
44.5,13,14,13,2995
44.5,13,14,14,3004
44.5,13,14,15,3013
44.5,13,15,0,2886
44.5,13,15,1,2895
44.5,13,15,2,2904
44.5,13,15,3,2913
44.5,13,15,4,2923
44.5,13,15,5,2932
44.5,13,15,6,2941
44.5,13,15,7,2950
44.5,13,15,8,2959
44.5,13,15,9,2968
44.5,13,15,10,2977
44.5,13,15,11,2986
44.5,13,15,12,2995
44.5,13,15,13,3004
44.5,13,15,14,3013
44.5,13,15,15,3022
44.5,14,0,0,2760
44.5,14,0,1,2769
44.5,14,0,2,2778
44.5,14,0,3,2787
44.5,14,0,4,2796
44.5,14,0,5,2805
44.5,14,0,6,2813
44.5,14,0,7,2822
44.5,14,0,8,2831
44.5,14,0,9,2839
44.5,14,0,10,2848
44.5,14,0,11,2857
44.5,14,0,12,2865
44.5,14,0,13,2874
44.5,14,0,14,2882
44.5,14,0,15,2891
44.5,14,1,0,2770
44.5,14,1,1,2779
44.5,14,1,2,2788
44.5,14,1,3,2796
44.5,14,1,4,2805
44.5,14,1,5,2814
44.5,14,1,6,2823
44.5,14,1,7,2832
44.5,14,1,8,2840
44.5,14,1,9,2849
44.5,14,1,10,2858
44.5,14,1,11,2866
44.5,14,1,12,2875
44.5,14,1,13,2884
44.5,14,1,14,2892
44.5,14,1,15,2901
44.5,14,2,0,2779
44.5,14,2,1,2788
44.5,14,2,2,2797
44.5,14,2,3,2806
44.5,14,2,4,2815
44.5,14,2,5,2823
44.5,14,2,6,2832
44.5,14,2,7,2841
44.5,14,2,8,2850
44.5,14,2,9,2858
44.5,14,2,10,2867
44.5,14,2,11,2876
44.5,14,2,12,2885
44.5,14,2,13,2893
44.5,14,2,14,2902
44.5,14,2,15,2910
44.5,14,3,0,2788
44.5,14,3,1,2797
44.5,14,3,2,2806
44.5,14,3,3,2815
44.5,14,3,4,2824
44.5,14,3,5,2833
44.5,14,3,6,2842
44.5,14,3,7,2850
44.5,14,3,8,2859
44.5,14,3,9,2868
44.5,14,3,10,2877
44.5,14,3,11,2885
44.5,14,3,12,2894
44.5,14,3,13,2903
44.5,14,3,14,2911
44.5,14,3,15,2920
44.5,14,4,0,2797
44.5,14,4,1,2806
44.5,14,4,2,2815
44.5,14,4,3,2824
44.5,14,4,4,2833
44.5,14,4,5,2842
44.5,14,4,6,2851
44.5,14,4,7,2860
44.5,14,4,8,2869
44.5,14,4,9,2877
44.5,14,4,10,2886
44.5,14,4,11,2895
44.5,14,4,12,2904
44.5,14,4,13,2912
44.5,14,4,14,2921
44.5,14,4,15,2930
44.5,14,5,0,2806
44.5,14,5,1,2815
44.5,14,5,2,2824
44.5,14,5,3,2833
44.5,14,5,4,2842
44.5,14,5,5,2851
44.5,14,5,6,2860
44.5,14,5,7,2869
44.5,14,5,8,2878
44.5,14,5,9,2887
44.5,14,5,10,2896
44.5,14,5,11,2904
44.5,14,5,12,2913
44.5,14,5,13,2922
44.5,14,5,14,2930
44.5,14,5,15,2939
44.5,14,6,0,2815
44.5,14,6,1,2825
44.5,14,6,2,2834
44.5,14,6,3,2843
44.5,14,6,4,2852
44.5,14,6,5,2861
44.5,14,6,6,2869
44.5,14,6,7,2878
44.5,14,6,8,2887
44.5,14,6,9,2896
44.5,14,6,10,2905
44.5,14,6,11,2914
44.5,14,6,12,2922
44.5,14,6,13,2931
44.5,14,6,14,2940
44.5,14,6,15,2949
44.5,14,7,0,2825
44.5,14,7,1,2834
44.5,14,7,2,2843
44.5,14,7,3,2852
44.5,14,7,4,2861
44.5,14,7,5,2870
44.5,14,7,6,2879
44.5,14,7,7,2888
44.5,14,7,8,2897
44.5,14,7,9,2905
44.5,14,7,10,2914
44.5,14,7,11,2923
44.5,14,7,12,2932
44.5,14,7,13,2941
44.5,14,7,14,2949
44.5,14,7,15,2958
44.5,14,8,0,2834
44.5,14,8,1,2843
44.5,14,8,2,2852
44.5,14,8,3,2861
44.5,14,8,4,2870
44.5,14,8,5,2879
44.5,14,8,6,2888
44.5,14,8,7,2897
44.5,14,8,8,2906
44.5,14,8,9,2915
44.5,14,8,10,2924
44.5,14,8,11,2932
44.5,14,8,12,2941
44.5,14,8,13,2950
44.5,14,8,14,2959
44.5,14,8,15,2968
44.5,14,9,0,2843
44.5,14,9,1,2852
44.5,14,9,2,2861
44.5,14,9,3,2870
44.5,14,9,4,2879
44.5,14,9,5,2888
44.5,14,9,6,2897
44.5,14,9,7,2906
44.5,14,9,8,2915
44.5,14,9,9,2924
44.5,14,9,10,2933
44.5,14,9,11,2942
44.5,14,9,12,2951
44.5,14,9,13,2959
44.5,14,9,14,2968
44.5,14,9,15,2977
44.5,14,10,0,2852
44.5,14,10,1,2861
44.5,14,10,2,2870
44.5,14,10,3,2879
44.5,14,10,4,2888
44.5,14,10,5,2897
44.5,14,10,6,2906
44.5,14,10,7,2915
44.5,14,10,8,2924
44.5,14,10,9,2933
44.5,14,10,10,2942
44.5,14,10,11,2951
44.5,14,10,12,2960
44.5,14,10,13,2969
44.5,14,10,14,2978
44.5,14,10,15,2986
44.5,14,11,0,2861
44.5,14,11,1,2870
44.5,14,11,2,2879
44.5,14,11,3,2888
44.5,14,11,4,2897
44.5,14,11,5,2906
44.5,14,11,6,2915
44.5,14,11,7,2924
44.5,14,11,8,2933
44.5,14,11,9,2942
44.5,14,11,10,2951
44.5,14,11,11,2960
44.5,14,11,12,2969
44.5,14,11,13,2978
44.5,14,11,14,2987
44.5,14,11,15,2996
44.5,14,12,0,2869
44.5,14,12,1,2879
44.5,14,12,2,2888
44.5,14,12,3,2897
44.5,14,12,4,2906
44.5,14,12,5,2915
44.5,14,12,6,2925
44.5,14,12,7,2934
44.5,14,12,8,2943
44.5,14,12,9,2952
44.5,14,12,10,2961
44.5,14,12,11,2970
44.5,14,12,12,2979
44.5,14,12,13,2987
44.5,14,12,14,2996
44.5,14,12,15,3005
44.5,14,13,0,2878
44.5,14,13,1,2888
44.5,14,13,2,2897
44.5,14,13,3,2906
44.5,14,13,4,2915
44.5,14,13,5,2924
44.5,14,13,6,2934
44.5,14,13,7,2943
44.5,14,13,8,2952
44.5,14,13,9,2961
44.5,14,13,10,2970
44.5,14,13,11,2979
44.5,14,13,12,2988
44.5,14,13,13,2997
44.5,14,13,14,3006
44.5,14,13,15,3014
44.5,14,14,0,2887
44.5,14,14,1,2897
44.5,14,14,2,2906
44.5,14,14,3,2915
44.5,14,14,4,2924
44.5,14,14,5,2933
44.5,14,14,6,2943
44.5,14,14,7,2952
44.5,14,14,8,2961
44.5,14,14,9,2970
44.5,14,14,10,2979
44.5,14,14,11,2988
44.5,14,14,12,2997
44.5,14,14,13,3006
44.5,14,14,14,3015
44.5,14,14,15,3024
44.5,14,15,0,2896
44.5,14,15,1,2905
44.5,14,15,2,2915
44.5,14,15,3,2924
44.5,14,15,4,2933
44.5,14,15,5,2942
44.5,14,15,6,2952
44.5,14,15,7,2961
44.5,14,15,8,2970
44.5,14,15,9,2979
44.5,14,15,10,2988
44.5,14,15,11,2997
44.5,14,15,12,3006
44.5,14,15,13,3015
44.5,14,15,14,3024
44.5,14,15,15,3033
44.5,15,0,0,2770
44.5,15,0,1,2779
44.5,15,0,2,2788
44.5,15,0,3,2797
44.5,15,0,4,2806
44.5,15,0,5,2815
44.5,15,0,6,2824
44.5,15,0,7,2832
44.5,15,0,8,2841
44.5,15,0,9,2850
44.5,15,0,10,2858
44.5,15,0,11,2867
44.5,15,0,12,2876
44.5,15,0,13,2884
44.5,15,0,14,2893
44.5,15,0,15,2901
44.5,15,1,0,2780
44.5,15,1,1,2789
44.5,15,1,2,2798
44.5,15,1,3,2807
44.5,15,1,4,2815
44.5,15,1,5,2824
44.5,15,1,6,2833
44.5,15,1,7,2842
44.5,15,1,8,2851
44.5,15,1,9,2859
44.5,15,1,10,2868
44.5,15,1,11,2877
44.5,15,1,12,2885
44.5,15,1,13,2894
44.5,15,1,14,2903
44.5,15,1,15,2911
44.5,15,2,0,2789
44.5,15,2,1,2798
44.5,15,2,2,2807
44.5,15,2,3,2816
44.5,15,2,4,2825
44.5,15,2,5,2834
44.5,15,2,6,2843
44.5,15,2,7,2851
44.5,15,2,8,2860
44.5,15,2,9,2869
44.5,15,2,10,2878
44.5,15,2,11,2886
44.5,15,2,12,2895
44.5,15,2,13,2904
44.5,15,2,14,2912
44.5,15,2,15,2921
44.5,15,3,0,2798
44.5,15,3,1,2807
44.5,15,3,2,2816
44.5,15,3,3,2825
44.5,15,3,4,2834
44.5,15,3,5,2843
44.5,15,3,6,2852
44.5,15,3,7,2861
44.5,15,3,8,2870
44.5,15,3,9,2878
44.5,15,3,10,2887
44.5,15,3,11,2896
44.5,15,3,12,2905
44.5,15,3,13,2913
44.5,15,3,14,2922
44.5,15,3,15,2931
44.5,15,4,0,2807
44.5,15,4,1,2816
44.5,15,4,2,2825
44.5,15,4,3,2834
44.5,15,4,4,2843
44.5,15,4,5,2852
44.5,15,4,6,2861
44.5,15,4,7,2870
44.5,15,4,8,2879
44.5,15,4,9,2888
44.5,15,4,10,2897
44.5,15,4,11,2905
44.5,15,4,12,2914
44.5,15,4,13,2923
44.5,15,4,14,2932
44.5,15,4,15,2940
44.5,15,5,0,2817
44.5,15,5,1,2826
44.5,15,5,2,2835
44.5,15,5,3,2844
44.5,15,5,4,2853
44.5,15,5,5,2862
44.5,15,5,6,2871
44.5,15,5,7,2880
44.5,15,5,8,2888
44.5,15,5,9,2897
44.5,15,5,10,2906
44.5,15,5,11,2915
44.5,15,5,12,2924
44.5,15,5,13,2932
44.5,15,5,14,2941
44.5,15,5,15,2950
44.5,15,6,0,2826
44.5,15,6,1,2835
44.5,15,6,2,2844
44.5,15,6,3,2853
44.5,15,6,4,2862
44.5,15,6,5,2871
44.5,15,6,6,2880
44.5,15,6,7,2889
44.5,15,6,8,2898
44.5,15,6,9,2907
44.5,15,6,10,2915
44.5,15,6,11,2924
44.5,15,6,12,2933
44.5,15,6,13,2942
44.5,15,6,14,2951
44.5,15,6,15,2959
44.5,15,7,0,2835
44.5,15,7,1,2844
44.5,15,7,2,2853
44.5,15,7,3,2862
44.5,15,7,4,2871
44.5,15,7,5,2880
44.5,15,7,6,2889
44.5,15,7,7,2898
44.5,15,7,8,2907
44.5,15,7,9,2916
44.5,15,7,10,2925
44.5,15,7,11,2934
44.5,15,7,12,2943
44.5,15,7,13,2951
44.5,15,7,14,2960
44.5,15,7,15,2969
44.5,15,8,0,2844
44.5,15,8,1,2853
44.5,15,8,2,2862
44.5,15,8,3,2871
44.5,15,8,4,2880
44.5,15,8,5,2889
44.5,15,8,6,2898
44.5,15,8,7,2907
44.5,15,8,8,2916
44.5,15,8,9,2925
44.5,15,8,10,2934
44.5,15,8,11,2943
44.5,15,8,12,2952
44.5,15,8,13,2961
44.5,15,8,14,2970
44.5,15,8,15,2978
44.5,15,9,0,2853
44.5,15,9,1,2862
44.5,15,9,2,2871
44.5,15,9,3,2880
44.5,15,9,4,2890
44.5,15,9,5,2899
44.5,15,9,6,2908
44.5,15,9,7,2917
44.5,15,9,8,2926
44.5,15,9,9,2935
44.5,15,9,10,2944
44.5,15,9,11,2952
44.5,15,9,12,2961
44.5,15,9,13,2970
44.5,15,9,14,2979
44.5,15,9,15,2988
44.5,15,10,0,2862
44.5,15,10,1,2871
44.5,15,10,2,2880
44.5,15,10,3,2890
44.5,15,10,4,2899
44.5,15,10,5,2908
44.5,15,10,6,2917
44.5,15,10,7,2926
44.5,15,10,8,2935
44.5,15,10,9,2944
44.5,15,10,10,2953
44.5,15,10,11,2962
44.5,15,10,12,2971
44.5,15,10,13,2980
44.5,15,10,14,2988
44.5,15,10,15,2997
44.5,15,11,0,2871
44.5,15,11,1,2880
44.5,15,11,2,2889
44.5,15,11,3,2899
44.5,15,11,4,2908
44.5,15,11,5,2917
44.5,15,11,6,2926
44.5,15,11,7,2935
44.5,15,11,8,2944
44.5,15,11,9,2953
44.5,15,11,10,2962
44.5,15,11,11,2971
44.5,15,11,12,2980
44.5,15,11,13,2989
44.5,15,11,14,2998
44.5,15,11,15,3007
44.5,15,12,0,2880
44.5,15,12,1,2889
44.5,15,12,2,2898
44.5,15,12,3,2908
44.5,15,12,4,2917
44.5,15,12,5,2926
44.5,15,12,6,2935
44.5,15,12,7,2944
44.5,15,12,8,2953
44.5,15,12,9,2962
44.5,15,12,10,2971
44.5,15,12,11,2980
44.5,15,12,12,2989
44.5,15,12,13,2998
44.5,15,12,14,3007
44.5,15,12,15,3016
44.5,15,13,0,2889
44.5,15,13,1,2898
44.5,15,13,2,2907
44.5,15,13,3,2917
44.5,15,13,4,2926
44.5,15,13,5,2935
44.5,15,13,6,2944
44.5,15,13,7,2953
44.5,15,13,8,2962
44.5,15,13,9,2972
44.5,15,13,10,2981
44.5,15,13,11,2990
44.5,15,13,12,2999
44.5,15,13,13,3008
44.5,15,13,14,3017
44.5,15,13,15,3025
44.5,15,14,0,2898
44.5,15,14,1,2907
44.5,15,14,2,2916
44.5,15,14,3,2926
44.5,15,14,4,2935
44.5,15,14,5,2944
44.5,15,14,6,2953
44.5,15,14,7,2962
44.5,15,14,8,2972
44.5,15,14,9,2981
44.5,15,14,10,2990
44.5,15,14,11,2999
44.5,15,14,12,3008
44.5,15,14,13,3017
44.5,15,14,14,3026
44.5,15,14,15,3035
44.5,15,15,0,2907
44.5,15,15,1,2916
44.5,15,15,2,2925
44.5,15,15,3,2935
44.5,15,15,4,2944
44.5,15,15,5,2953
44.5,15,15,6,2962
44.5,15,15,7,2972
44.5,15,15,8,2981
44.5,15,15,9,2990
44.5,15,15,10,2999
44.5,15,15,11,3008
44.5,15,15,12,3017
44.5,15,15,13,3026
44.5,15,15,14,3035
44.5,15,15,15,3044
45.0,0,0,0,2636
45.0,0,0,1,2645
45.0,0,0,2,2653
45.0,0,0,3,2661
45.0,0,0,4,2670
45.0,0,0,5,2678
45.0,0,0,6,2687
45.0,0,0,7,2695
45.0,0,0,8,2703
45.0,0,0,9,2712
45.0,0,0,10,2720
45.0,0,0,11,2728
45.0,0,0,12,2736
45.0,0,0,13,2744
45.0,0,0,14,2753
45.0,0,0,15,2761
45.0,0,1,0,2645
45.0,0,1,1,2653
45.0,0,1,2,2662
45.0,0,1,3,2670
45.0,0,1,4,2679
45.0,0,1,5,2687
45.0,0,1,6,2696
45.0,0,1,7,2704
45.0,0,1,8,2712
45.0,0,1,9,2721
45.0,0,1,10,2729
45.0,0,1,11,2737
45.0,0,1,12,2745
45.0,0,1,13,2754
45.0,0,1,14,2762
45.0,0,1,15,2770
45.0,0,2,0,2654
45.0,0,2,1,2662
45.0,0,2,2,2671
45.0,0,2,3,2679
45.0,0,2,4,2688
45.0,0,2,5,2696
45.0,0,2,6,2705
45.0,0,2,7,2713
45.0,0,2,8,2721
45.0,0,2,9,2730
45.0,0,2,10,2738
45.0,0,2,11,2746
45.0,0,2,12,2755
45.0,0,2,13,2763
45.0,0,2,14,2771
45.0,0,2,15,2779
45.0,0,3,0,2662
45.0,0,3,1,2671
45.0,0,3,2,2680
45.0,0,3,3,2688
45.0,0,3,4,2697
45.0,0,3,5,2705
45.0,0,3,6,2714
45.0,0,3,7,2722
45.0,0,3,8,2730
45.0,0,3,9,2739
45.0,0,3,10,2747
45.0,0,3,11,2755
45.0,0,3,12,2764
45.0,0,3,13,2772
45.0,0,3,14,2780
45.0,0,3,15,2788
45.0,0,4,0,2671
45.0,0,4,1,2680
45.0,0,4,2,2688
45.0,0,4,3,2697
45.0,0,4,4,2705
45.0,0,4,5,2714
45.0,0,4,6,2722
45.0,0,4,7,2731
45.0,0,4,8,2739
45.0,0,4,9,2748
45.0,0,4,10,2756
45.0,0,4,11,2764
45.0,0,4,12,2773
45.0,0,4,13,2781
45.0,0,4,14,2789
45.0,0,4,15,2797
45.0,0,5,0,2680
45.0,0,5,1,2689
45.0,0,5,2,2697
45.0,0,5,3,2706
45.0,0,5,4,2714
45.0,0,5,5,2723
45.0,0,5,6,2731
45.0,0,5,7,2740
45.0,0,5,8,2748
45.0,0,5,9,2757
45.0,0,5,10,2765
45.0,0,5,11,2773
45.0,0,5,12,2782
45.0,0,5,13,2790
45.0,0,5,14,2798
45.0,0,5,15,2807
45.0,0,6,0,2689
45.0,0,6,1,2697
45.0,0,6,2,2706
45.0,0,6,3,2714
45.0,0,6,4,2723
45.0,0,6,5,2732
45.0,0,6,6,2740
45.0,0,6,7,2749
45.0,0,6,8,2757
45.0,0,6,9,2766
45.0,0,6,10,2774
45.0,0,6,11,2782
45.0,0,6,12,2791
45.0,0,6,13,2799
45.0,0,6,14,2807
45.0,0,6,15,2816
45.0,0,7,0,2697
45.0,0,7,1,2706
45.0,0,7,2,2715
45.0,0,7,3,2723
45.0,0,7,4,2732
45.0,0,7,5,2740
45.0,0,7,6,2749
45.0,0,7,7,2758
45.0,0,7,8,2766
45.0,0,7,9,2774
45.0,0,7,10,2783
45.0,0,7,11,2791
45.0,0,7,12,2800
45.0,0,7,13,2808
45.0,0,7,14,2816
45.0,0,7,15,2825
45.0,0,8,0,2706
45.0,0,8,1,2715
45.0,0,8,2,2723
45.0,0,8,3,2732
45.0,0,8,4,2741
45.0,0,8,5,2749
45.0,0,8,6,2758
45.0,0,8,7,2766
45.0,0,8,8,2775
45.0,0,8,9,2783
45.0,0,8,10,2792
45.0,0,8,11,2800
45.0,0,8,12,2809
45.0,0,8,13,2817
45.0,0,8,14,2825
45.0,0,8,15,2834
45.0,0,9,0,2714
45.0,0,9,1,2723
45.0,0,9,2,2732
45.0,0,9,3,2741
45.0,0,9,4,2749
45.0,0,9,5,2758
45.0,0,9,6,2767
45.0,0,9,7,2775
45.0,0,9,8,2784
45.0,0,9,9,2792
45.0,0,9,10,2801
45.0,0,9,11,2809
45.0,0,9,12,2818
45.0,0,9,13,2826
45.0,0,9,14,2834
45.0,0,9,15,2843
45.0,0,10,0,2723
45.0,0,10,1,2732
45.0,0,10,2,2741
45.0,0,10,3,2749
45.0,0,10,4,2758
45.0,0,10,5,2767
45.0,0,10,6,2775
45.0,0,10,7,2784
45.0,0,10,8,2792
45.0,0,10,9,2801
45.0,0,10,10,2810
45.0,0,10,11,2818
45.0,0,10,12,2827
45.0,0,10,13,2835
45.0,0,10,14,2843
45.0,0,10,15,2852
45.0,0,11,0,2732
45.0,0,11,1,2740
45.0,0,11,2,2749
45.0,0,11,3,2758
45.0,0,11,4,2767
45.0,0,11,5,2775
45.0,0,11,6,2784
45.0,0,11,7,2793
45.0,0,11,8,2801
45.0,0,11,9,2810
45.0,0,11,10,2818
45.0,0,11,11,2827
45.0,0,11,12,2835
45.0,0,11,13,2844
45.0,0,11,14,2852
45.0,0,11,15,2861
45.0,0,12,0,2740
45.0,0,12,1,2749
45.0,0,12,2,2758
45.0,0,12,3,2767
45.0,0,12,4,2775
45.0,0,12,5,2784
45.0,0,12,6,2793
45.0,0,12,7,2801
45.0,0,12,8,2810
45.0,0,12,9,2819
45.0,0,12,10,2827
45.0,0,12,11,2836
45.0,0,12,12,2844
45.0,0,12,13,2853
45.0,0,12,14,2861
45.0,0,12,15,2870
45.0,0,13,0,2749
45.0,0,13,1,2758
45.0,0,13,2,2766
45.0,0,13,3,2775
45.0,0,13,4,2784
45.0,0,13,5,2793
45.0,0,13,6,2801
45.0,0,13,7,2810
45.0,0,13,8,2819
45.0,0,13,9,2827
45.0,0,13,10,2836
45.0,0,13,11,2845
45.0,0,13,12,2853
45.0,0,13,13,2862
45.0,0,13,14,2870
45.0,0,13,15,2879
45.0,0,14,0,2757
45.0,0,14,1,2766
45.0,0,14,2,2775
45.0,0,14,3,2784
45.0,0,14,4,2792
45.0,0,14,5,2801
45.0,0,14,6,2810
45.0,0,14,7,2819
45.0,0,14,8,2827
45.0,0,14,9,2836
45.0,0,14,10,2845
45.0,0,14,11,2853
45.0,0,14,12,2862
45.0,0,14,13,2870
45.0,0,14,14,2879
45.0,0,14,15,2887
45.0,0,15,0,2766
45.0,0,15,1,2774
45.0,0,15,2,2783
45.0,0,15,3,2792
45.0,0,15,4,2801
45.0,0,15,5,2810
45.0,0,15,6,2819
45.0,0,15,7,2827
45.0,0,15,8,2836
45.0,0,15,9,2845
45.0,0,15,10,2853
45.0,0,15,11,2862
45.0,0,15,12,2871
45.0,0,15,13,2879
45.0,0,15,14,2888
45.0,0,15,15,2896
45.0,1,0,0,2646
45.0,1,0,1,2655
45.0,1,0,2,2663
45.0,1,0,3,2672
45.0,1,0,4,2680
45.0,1,0,5,2688
45.0,1,0,6,2697
45.0,1,0,7,2705
45.0,1,0,8,2714
45.0,1,0,9,2722
45.0,1,0,10,2730
45.0,1,0,11,2738
45.0,1,0,12,2747
45.0,1,0,13,2755
45.0,1,0,14,2763
45.0,1,0,15,2771
45.0,1,1,0,2655
45.0,1,1,1,2664
45.0,1,1,2,2672
45.0,1,1,3,2681
45.0,1,1,4,2689
45.0,1,1,5,2697
45.0,1,1,6,2706
45.0,1,1,7,2714
45.0,1,1,8,2723
45.0,1,1,9,2731
45.0,1,1,10,2739
45.0,1,1,11,2748
45.0,1,1,12,2756
45.0,1,1,13,2764
45.0,1,1,14,2772
45.0,1,1,15,2781
45.0,1,2,0,2664
45.0,1,2,1,2672
45.0,1,2,2,2681
45.0,1,2,3,2690
45.0,1,2,4,2698
45.0,1,2,5,2706
45.0,1,2,6,2715
45.0,1,2,7,2723
45.0,1,2,8,2732
45.0,1,2,9,2740
45.0,1,2,10,2748
45.0,1,2,11,2757
45.0,1,2,12,2765
45.0,1,2,13,2773
45.0,1,2,14,2782
45.0,1,2,15,2790
45.0,1,3,0,2673
45.0,1,3,1,2681
45.0,1,3,2,2690
45.0,1,3,3,2698
45.0,1,3,4,2707
45.0,1,3,5,2715
45.0,1,3,6,2724
45.0,1,3,7,2732
45.0,1,3,8,2741
45.0,1,3,9,2749
45.0,1,3,10,2758
45.0,1,3,11,2766
45.0,1,3,12,2774
45.0,1,3,13,2782
45.0,1,3,14,2791
45.0,1,3,15,2799
45.0,1,4,0,2681
45.0,1,4,1,2690
45.0,1,4,2,2699
45.0,1,4,3,2707
45.0,1,4,4,2716
45.0,1,4,5,2724
45.0,1,4,6,2733
45.0,1,4,7,2741
45.0,1,4,8,2750
45.0,1,4,9,2758
45.0,1,4,10,2767
45.0,1,4,11,2775
45.0,1,4,12,2783
45.0,1,4,13,2792
45.0,1,4,14,2800
45.0,1,4,15,2808
45.0,1,5,0,2690
45.0,1,5,1,2699
45.0,1,5,2,2707
45.0,1,5,3,2716
45.0,1,5,4,2725
45.0,1,5,5,2733
45.0,1,5,6,2742
45.0,1,5,7,2750
45.0,1,5,8,2759
45.0,1,5,9,2767
45.0,1,5,10,2776
45.0,1,5,11,2784
45.0,1,5,12,2792
45.0,1,5,13,2801
45.0,1,5,14,2809
45.0,1,5,15,2817
45.0,1,6,0,2699
45.0,1,6,1,2708
45.0,1,6,2,2716
45.0,1,6,3,2725
45.0,1,6,4,2734
45.0,1,6,5,2742
45.0,1,6,6,2751
45.0,1,6,7,2759
45.0,1,6,8,2768
45.0,1,6,9,2776
45.0,1,6,10,2785
45.0,1,6,11,2793
45.0,1,6,12,2801
45.0,1,6,13,2810
45.0,1,6,14,2818
45.0,1,6,15,2827
45.0,1,7,0,2708
45.0,1,7,1,2716
45.0,1,7,2,2725
45.0,1,7,3,2734
45.0,1,7,4,2742
45.0,1,7,5,2751
45.0,1,7,6,2760
45.0,1,7,7,2768
45.0,1,7,8,2777
45.0,1,7,9,2785
45.0,1,7,10,2794
45.0,1,7,11,2802
45.0,1,7,12,2810
45.0,1,7,13,2819
45.0,1,7,14,2827
45.0,1,7,15,2836
45.0,1,8,0,2716
45.0,1,8,1,2725
45.0,1,8,2,2734
45.0,1,8,3,2742
45.0,1,8,4,2751
45.0,1,8,5,2760
45.0,1,8,6,2768
45.0,1,8,7,2777
45.0,1,8,8,2785
45.0,1,8,9,2794
45.0,1,8,10,2803
45.0,1,8,11,2811
45.0,1,8,12,2819
45.0,1,8,13,2828
45.0,1,8,14,2836
45.0,1,8,15,2845
45.0,1,9,0,2725
45.0,1,9,1,2734
45.0,1,9,2,2742
45.0,1,9,3,2751
45.0,1,9,4,2760
45.0,1,9,5,2769
45.0,1,9,6,2777
45.0,1,9,7,2786
45.0,1,9,8,2794
45.0,1,9,9,2803
45.0,1,9,10,2811
45.0,1,9,11,2820
45.0,1,9,12,2828
45.0,1,9,13,2837
45.0,1,9,14,2845
45.0,1,9,15,2854
45.0,1,10,0,2734
45.0,1,10,1,2742
45.0,1,10,2,2751
45.0,1,10,3,2760
45.0,1,10,4,2769
45.0,1,10,5,2777
45.0,1,10,6,2786
45.0,1,10,7,2795
45.0,1,10,8,2803
45.0,1,10,9,2812
45.0,1,10,10,2820
45.0,1,10,11,2829
45.0,1,10,12,2837
45.0,1,10,13,2846
45.0,1,10,14,2854
45.0,1,10,15,2863
45.0,1,11,0,2742
45.0,1,11,1,2751
45.0,1,11,2,2760
45.0,1,11,3,2769
45.0,1,11,4,2777
45.0,1,11,5,2786
45.0,1,11,6,2795
45.0,1,11,7,2803
45.0,1,11,8,2812
45.0,1,11,9,2821
45.0,1,11,10,2829
45.0,1,11,11,2838
45.0,1,11,12,2846
45.0,1,11,13,2855
45.0,1,11,14,2863
45.0,1,11,15,2872
45.0,1,12,0,2751
45.0,1,12,1,2760
45.0,1,12,2,2768
45.0,1,12,3,2777
45.0,1,12,4,2786
45.0,1,12,5,2795
45.0,1,12,6,2803
45.0,1,12,7,2812
45.0,1,12,8,2821
45.0,1,12,9,2829
45.0,1,12,10,2838
45.0,1,12,11,2847
45.0,1,12,12,2855
45.0,1,12,13,2864
45.0,1,12,14,2872
45.0,1,12,15,2881
45.0,1,13,0,2759
45.0,1,13,1,2768
45.0,1,13,2,2777
45.0,1,13,3,2786
45.0,1,13,4,2795
45.0,1,13,5,2803
45.0,1,13,6,2812
45.0,1,13,7,2821
45.0,1,13,8,2830
45.0,1,13,9,2838
45.0,1,13,10,2847
45.0,1,13,11,2855
45.0,1,13,12,2864
45.0,1,13,13,2873
45.0,1,13,14,2881
45.0,1,13,15,2890
45.0,1,14,0,2768
45.0,1,14,1,2777
45.0,1,14,2,2785
45.0,1,14,3,2794
45.0,1,14,4,2803
45.0,1,14,5,2812
45.0,1,14,6,2821
45.0,1,14,7,2830
45.0,1,14,8,2838
45.0,1,14,9,2847
45.0,1,14,10,2856
45.0,1,14,11,2864
45.0,1,14,12,2873
45.0,1,14,13,2881
45.0,1,14,14,2890
45.0,1,14,15,2899
45.0,1,15,0,2776
45.0,1,15,1,2785
45.0,1,15,2,2794
45.0,1,15,3,2803
45.0,1,15,4,2812
45.0,1,15,5,2821
45.0,1,15,6,2829
45.0,1,15,7,2838
45.0,1,15,8,2847
45.0,1,15,9,2856
45.0,1,15,10,2864
45.0,1,15,11,2873
45.0,1,15,12,2882
45.0,1,15,13,2890
45.0,1,15,14,2899
45.0,1,15,15,2907
45.0,2,0,0,2656
45.0,2,0,1,2665
45.0,2,0,2,2673
45.0,2,0,3,2682
45.0,2,0,4,2690
45.0,2,0,5,2699
45.0,2,0,6,2707
45.0,2,0,7,2716
45.0,2,0,8,2724
45.0,2,0,9,2732
45.0,2,0,10,2741
45.0,2,0,11,2749
45.0,2,0,12,2757
45.0,2,0,13,2765
45.0,2,0,14,2774
45.0,2,0,15,2782
45.0,2,1,0,2665
45.0,2,1,1,2674
45.0,2,1,2,2682
45.0,2,1,3,2691
45.0,2,1,4,2699
45.0,2,1,5,2708
45.0,2,1,6,2716
45.0,2,1,7,2725
45.0,2,1,8,2733
45.0,2,1,9,2741
45.0,2,1,10,2750
45.0,2,1,11,2758
45.0,2,1,12,2766
45.0,2,1,13,2775
45.0,2,1,14,2783
45.0,2,1,15,2791
45.0,2,2,0,2674
45.0,2,2,1,2683
45.0,2,2,2,2691
45.0,2,2,3,2700
45.0,2,2,4,2708
45.0,2,2,5,2717
45.0,2,2,6,2725
45.0,2,2,7,2734
45.0,2,2,8,2742
45.0,2,2,9,2751
45.0,2,2,10,2759
45.0,2,2,11,2767
45.0,2,2,12,2776
45.0,2,2,13,2784
45.0,2,2,14,2792
45.0,2,2,15,2800
45.0,2,3,0,2683
45.0,2,3,1,2691
45.0,2,3,2,2700
45.0,2,3,3,2709
45.0,2,3,4,2717
45.0,2,3,5,2726
45.0,2,3,6,2734
45.0,2,3,7,2743
45.0,2,3,8,2751
45.0,2,3,9,2760
45.0,2,3,10,2768
45.0,2,3,11,2776
45.0,2,3,12,2785
45.0,2,3,13,2793
45.0,2,3,14,2801
45.0,2,3,15,2810
45.0,2,4,0,2692
45.0,2,4,1,2700
45.0,2,4,2,2709
45.0,2,4,3,2718
45.0,2,4,4,2726
45.0,2,4,5,2735
45.0,2,4,6,2743
45.0,2,4,7,2752
45.0,2,4,8,2760
45.0,2,4,9,2769
45.0,2,4,10,2777
45.0,2,4,11,2786
45.0,2,4,12,2794
45.0,2,4,13,2802
45.0,2,4,14,2811
45.0,2,4,15,2819
45.0,2,5,0,2700
45.0,2,5,1,2709
45.0,2,5,2,2718
45.0,2,5,3,2726
45.0,2,5,4,2735
45.0,2,5,5,2744
45.0,2,5,6,2752
45.0,2,5,7,2761
45.0,2,5,8,2769
45.0,2,5,9,2778
45.0,2,5,10,2786
45.0,2,5,11,2795
45.0,2,5,12,2803
45.0,2,5,13,2811
45.0,2,5,14,2820
45.0,2,5,15,2828
45.0,2,6,0,2709
45.0,2,6,1,2718
45.0,2,6,2,2727
45.0,2,6,3,2735
45.0,2,6,4,2744
45.0,2,6,5,2753
45.0,2,6,6,2761
45.0,2,6,7,2770
45.0,2,6,8,2778
45.0,2,6,9,2787
45.0,2,6,10,2795
45.0,2,6,11,2804
45.0,2,6,12,2812
45.0,2,6,13,2821
45.0,2,6,14,2829
45.0,2,6,15,2837
45.0,2,7,0,2718
45.0,2,7,1,2727
45.0,2,7,2,2735
45.0,2,7,3,2744
45.0,2,7,4,2753
45.0,2,7,5,2761
45.0,2,7,6,2770
45.0,2,7,7,2779
45.0,2,7,8,2787
45.0,2,7,9,2796
45.0,2,7,10,2804
45.0,2,7,11,2813
45.0,2,7,12,2821
45.0,2,7,13,2830
45.0,2,7,14,2838
45.0,2,7,15,2846
45.0,2,8,0,2727
45.0,2,8,1,2735
45.0,2,8,2,2744
45.0,2,8,3,2753
45.0,2,8,4,2762
45.0,2,8,5,2770
45.0,2,8,6,2779
45.0,2,8,7,2788
45.0,2,8,8,2796
45.0,2,8,9,2805
45.0,2,8,10,2813
45.0,2,8,11,2822
45.0,2,8,12,2830
45.0,2,8,13,2839
45.0,2,8,14,2847
45.0,2,8,15,2856
45.0,2,9,0,2735
45.0,2,9,1,2744
45.0,2,9,2,2753
45.0,2,9,3,2762
45.0,2,9,4,2770
45.0,2,9,5,2779
45.0,2,9,6,2788
45.0,2,9,7,2796
45.0,2,9,8,2805
45.0,2,9,9,2814
45.0,2,9,10,2822
45.0,2,9,11,2831
45.0,2,9,12,2839
45.0,2,9,13,2848
45.0,2,9,14,2856
45.0,2,9,15,2865
45.0,2,10,0,2744
45.0,2,10,1,2753
45.0,2,10,2,2762
45.0,2,10,3,2770
45.0,2,10,4,2779
45.0,2,10,5,2788
45.0,2,10,6,2797
45.0,2,10,7,2805
45.0,2,10,8,2814
45.0,2,10,9,2823
45.0,2,10,10,2831
45.0,2,10,11,2840
45.0,2,10,12,2848
45.0,2,10,13,2857
45.0,2,10,14,2865
45.0,2,10,15,2874
45.0,2,11,0,2753
45.0,2,11,1,2761
45.0,2,11,2,2770
45.0,2,11,3,2779
45.0,2,11,4,2788
45.0,2,11,5,2797
45.0,2,11,6,2805
45.0,2,11,7,2814
45.0,2,11,8,2823
45.0,2,11,9,2831
45.0,2,11,10,2840
45.0,2,11,11,2849
45.0,2,11,12,2857
45.0,2,11,13,2866
45.0,2,11,14,2874
45.0,2,11,15,2883
45.0,2,12,0,2761
45.0,2,12,1,2770
45.0,2,12,2,2779
45.0,2,12,3,2788
45.0,2,12,4,2797
45.0,2,12,5,2805
45.0,2,12,6,2814
45.0,2,12,7,2823
45.0,2,12,8,2832
45.0,2,12,9,2840
45.0,2,12,10,2849
45.0,2,12,11,2857
45.0,2,12,12,2866
45.0,2,12,13,2875
45.0,2,12,14,2883
45.0,2,12,15,2892
45.0,2,13,0,2770
45.0,2,13,1,2779
45.0,2,13,2,2788
45.0,2,13,3,2796
45.0,2,13,4,2805
45.0,2,13,5,2814
45.0,2,13,6,2823
45.0,2,13,7,2832
45.0,2,13,8,2840
45.0,2,13,9,2849
45.0,2,13,10,2858
45.0,2,13,11,2866
45.0,2,13,12,2875
45.0,2,13,13,2884
45.0,2,13,14,2892
45.0,2,13,15,2901
45.0,2,14,0,2778
45.0,2,14,1,2787
45.0,2,14,2,2796
45.0,2,14,3,2805
45.0,2,14,4,2814
45.0,2,14,5,2823
45.0,2,14,6,2832
45.0,2,14,7,2840
45.0,2,14,8,2849
45.0,2,14,9,2858
45.0,2,14,10,2866
45.0,2,14,11,2875
45.0,2,14,12,2884
45.0,2,14,13,2892
45.0,2,14,14,2901
45.0,2,14,15,2910
45.0,2,15,0,2787
45.0,2,15,1,2796
45.0,2,15,2,2805
45.0,2,15,3,2814
45.0,2,15,4,2823
45.0,2,15,5,2831
45.0,2,15,6,2840
45.0,2,15,7,2849
45.0,2,15,8,2858
45.0,2,15,9,2867
45.0,2,15,10,2875
45.0,2,15,11,2884
45.0,2,15,12,2893
45.0,2,15,13,2901
45.0,2,15,14,2910
45.0,2,15,15,2919
45.0,3,0,0,2666
45.0,3,0,1,2675
45.0,3,0,2,2683
45.0,3,0,3,2692
45.0,3,0,4,2701
45.0,3,0,5,2709
45.0,3,0,6,2717
45.0,3,0,7,2726
45.0,3,0,8,2734
45.0,3,0,9,2743
45.0,3,0,10,2751
45.0,3,0,11,2759
45.0,3,0,12,2768
45.0,3,0,13,2776
45.0,3,0,14,2784
45.0,3,0,15,2792
45.0,3,1,0,2675
45.0,3,1,1,2684
45.0,3,1,2,2692
45.0,3,1,3,2701
45.0,3,1,4,2710
45.0,3,1,5,2718
45.0,3,1,6,2727
45.0,3,1,7,2735
45.0,3,1,8,2743
45.0,3,1,9,2752
45.0,3,1,10,2760
45.0,3,1,11,2769
45.0,3,1,12,2777
45.0,3,1,13,2785
45.0,3,1,14,2794
45.0,3,1,15,2802
45.0,3,2,0,2684
45.0,3,2,1,2693
45.0,3,2,2,2701
45.0,3,2,3,2710
45.0,3,2,4,2719
45.0,3,2,5,2727
45.0,3,2,6,2736
45.0,3,2,7,2744
45.0,3,2,8,2753
45.0,3,2,9,2761
45.0,3,2,10,2769
45.0,3,2,11,2778
45.0,3,2,12,2786
45.0,3,2,13,2795
45.0,3,2,14,2803
45.0,3,2,15,2811
45.0,3,3,0,2693
45.0,3,3,1,2702
45.0,3,3,2,2710
45.0,3,3,3,2719
45.0,3,3,4,2728
45.0,3,3,5,2736
45.0,3,3,6,2745
45.0,3,3,7,2753
45.0,3,3,8,2762
45.0,3,3,9,2770
45.0,3,3,10,2779
45.0,3,3,11,2787
45.0,3,3,12,2795
45.0,3,3,13,2804
45.0,3,3,14,2812
45.0,3,3,15,2820
45.0,3,4,0,2702
45.0,3,4,1,2711
45.0,3,4,2,2719
45.0,3,4,3,2728
45.0,3,4,4,2737
45.0,3,4,5,2745
45.0,3,4,6,2754
45.0,3,4,7,2762
45.0,3,4,8,2771
45.0,3,4,9,2779
45.0,3,4,10,2788
45.0,3,4,11,2796
45.0,3,4,12,2805
45.0,3,4,13,2813
45.0,3,4,14,2821
45.0,3,4,15,2830
45.0,3,5,0,2711
45.0,3,5,1,2719
45.0,3,5,2,2728
45.0,3,5,3,2737
45.0,3,5,4,2745
45.0,3,5,5,2754
45.0,3,5,6,2763
45.0,3,5,7,2771
45.0,3,5,8,2780
45.0,3,5,9,2788
45.0,3,5,10,2797
45.0,3,5,11,2805
45.0,3,5,12,2814
45.0,3,5,13,2822
45.0,3,5,14,2831
45.0,3,5,15,2839
45.0,3,6,0,2720
45.0,3,6,1,2728
45.0,3,6,2,2737
45.0,3,6,3,2746
45.0,3,6,4,2754
45.0,3,6,5,2763
45.0,3,6,6,2772
45.0,3,6,7,2780
45.0,3,6,8,2789
45.0,3,6,9,2797
45.0,3,6,10,2806
45.0,3,6,11,2814
45.0,3,6,12,2823
45.0,3,6,13,2831
45.0,3,6,14,2840
45.0,3,6,15,2848
45.0,3,7,0,2728
45.0,3,7,1,2737
45.0,3,7,2,2746
45.0,3,7,3,2755
45.0,3,7,4,2763
45.0,3,7,5,2772
45.0,3,7,6,2781
45.0,3,7,7,2789
45.0,3,7,8,2798
45.0,3,7,9,2806
45.0,3,7,10,2815
45.0,3,7,11,2823
45.0,3,7,12,2832
45.0,3,7,13,2840
45.0,3,7,14,2849
45.0,3,7,15,2857
45.0,3,8,0,2737
45.0,3,8,1,2746
45.0,3,8,2,2755
45.0,3,8,3,2763
45.0,3,8,4,2772
45.0,3,8,5,2781
45.0,3,8,6,2789
45.0,3,8,7,2798
45.0,3,8,8,2807
45.0,3,8,9,2815
45.0,3,8,10,2824
45.0,3,8,11,2832
45.0,3,8,12,2841
45.0,3,8,13,2849
45.0,3,8,14,2858
45.0,3,8,15,2866
45.0,3,9,0,2746
45.0,3,9,1,2755
45.0,3,9,2,2763
45.0,3,9,3,2772
45.0,3,9,4,2781
45.0,3,9,5,2790
45.0,3,9,6,2798
45.0,3,9,7,2807
45.0,3,9,8,2816
45.0,3,9,9,2824
45.0,3,9,10,2833
45.0,3,9,11,2841
45.0,3,9,12,2850
45.0,3,9,13,2859
45.0,3,9,14,2867
45.0,3,9,15,2876
45.0,3,10,0,2754
45.0,3,10,1,2763
45.0,3,10,2,2772
45.0,3,10,3,2781
45.0,3,10,4,2790
45.0,3,10,5,2798
45.0,3,10,6,2807
45.0,3,10,7,2816
45.0,3,10,8,2825
45.0,3,10,9,2833
45.0,3,10,10,2842
45.0,3,10,11,2850
45.0,3,10,12,2859
45.0,3,10,13,2868
45.0,3,10,14,2876
45.0,3,10,15,2885
45.0,3,11,0,2763
45.0,3,11,1,2772
45.0,3,11,2,2781
45.0,3,11,3,2790
45.0,3,11,4,2798
45.0,3,11,5,2807
45.0,3,11,6,2816
45.0,3,11,7,2825
45.0,3,11,8,2833
45.0,3,11,9,2842
45.0,3,11,10,2851
45.0,3,11,11,2859
45.0,3,11,12,2868
45.0,3,11,13,2877
45.0,3,11,14,2885
45.0,3,11,15,2894
45.0,3,12,0,2772
45.0,3,12,1,2781
45.0,3,12,2,2789
45.0,3,12,3,2798
45.0,3,12,4,2807
45.0,3,12,5,2816
45.0,3,12,6,2825
45.0,3,12,7,2834
45.0,3,12,8,2842
45.0,3,12,9,2851
45.0,3,12,10,2860
45.0,3,12,11,2868
45.0,3,12,12,2877
45.0,3,12,13,2886
45.0,3,12,14,2894
45.0,3,12,15,2903
45.0,3,13,0,2780
45.0,3,13,1,2789
45.0,3,13,2,2798
45.0,3,13,3,2807
45.0,3,13,4,2816
45.0,3,13,5,2825
45.0,3,13,6,2834
45.0,3,13,7,2842
45.0,3,13,8,2851
45.0,3,13,9,2860
45.0,3,13,10,2869
45.0,3,13,11,2877
45.0,3,13,12,2886
45.0,3,13,13,2895
45.0,3,13,14,2903
45.0,3,13,15,2912
45.0,3,14,0,2789
45.0,3,14,1,2798
45.0,3,14,2,2807
45.0,3,14,3,2816
45.0,3,14,4,2825
45.0,3,14,5,2833
45.0,3,14,6,2842
45.0,3,14,7,2851
45.0,3,14,8,2860
45.0,3,14,9,2869
45.0,3,14,10,2877
45.0,3,14,11,2886
45.0,3,14,12,2895
45.0,3,14,13,2903
45.0,3,14,14,2912
45.0,3,14,15,2921
45.0,3,15,0,2797
45.0,3,15,1,2806
45.0,3,15,2,2815
45.0,3,15,3,2824
45.0,3,15,4,2833
45.0,3,15,5,2842
45.0,3,15,6,2851
45.0,3,15,7,2860
45.0,3,15,8,2869
45.0,3,15,9,2877
45.0,3,15,10,2886
45.0,3,15,11,2895
45.0,3,15,12,2904
45.0,3,15,13,2912
45.0,3,15,14,2921
45.0,3,15,15,2930
45.0,4,0,0,2676
45.0,4,0,1,2685
45.0,4,0,2,2694
45.0,4,0,3,2702
45.0,4,0,4,2711
45.0,4,0,5,2719
45.0,4,0,6,2728
45.0,4,0,7,2736
45.0,4,0,8,2745
45.0,4,0,9,2753
45.0,4,0,10,2761
45.0,4,0,11,2770
45.0,4,0,12,2778
45.0,4,0,13,2786
45.0,4,0,14,2795
45.0,4,0,15,2803
45.0,4,1,0,2685
45.0,4,1,1,2694
45.0,4,1,2,2703
45.0,4,1,3,2711
45.0,4,1,4,2720
45.0,4,1,5,2728
45.0,4,1,6,2737
45.0,4,1,7,2745
45.0,4,1,8,2754
45.0,4,1,9,2762
45.0,4,1,10,2771
45.0,4,1,11,2779
45.0,4,1,12,2787
45.0,4,1,13,2796
45.0,4,1,14,2804
45.0,4,1,15,2812
45.0,4,2,0,2694
45.0,4,2,1,2703
45.0,4,2,2,2712
45.0,4,2,3,2720
45.0,4,2,4,2729
45.0,4,2,5,2737
45.0,4,2,6,2746
45.0,4,2,7,2755
45.0,4,2,8,2763
45.0,4,2,9,2771
45.0,4,2,10,2780
45.0,4,2,11,2788
45.0,4,2,12,2797
45.0,4,2,13,2805
45.0,4,2,14,2813
45.0,4,2,15,2822
45.0,4,3,0,2703
45.0,4,3,1,2712
45.0,4,3,2,2721
45.0,4,3,3,2729
45.0,4,3,4,2738
45.0,4,3,5,2747
45.0,4,3,6,2755
45.0,4,3,7,2764
45.0,4,3,8,2772
45.0,4,3,9,2781
45.0,4,3,10,2789
45.0,4,3,11,2798
45.0,4,3,12,2806
45.0,4,3,13,2814
45.0,4,3,14,2823
45.0,4,3,15,2831
45.0,4,4,0,2712
45.0,4,4,1,2721
45.0,4,4,2,2730
45.0,4,4,3,2738
45.0,4,4,4,2747
45.0,4,4,5,2756
45.0,4,4,6,2764
45.0,4,4,7,2773
45.0,4,4,8,2781
45.0,4,4,9,2790
45.0,4,4,10,2798
45.0,4,4,11,2807
45.0,4,4,12,2815
45.0,4,4,13,2824
45.0,4,4,14,2832
45.0,4,4,15,2840
45.0,4,5,0,2721
45.0,4,5,1,2730
45.0,4,5,2,2738
45.0,4,5,3,2747
45.0,4,5,4,2756
45.0,4,5,5,2765
45.0,4,5,6,2773
45.0,4,5,7,2782
45.0,4,5,8,2790
45.0,4,5,9,2799
45.0,4,5,10,2807
45.0,4,5,11,2816
45.0,4,5,12,2824
45.0,4,5,13,2833
45.0,4,5,14,2841
45.0,4,5,15,2850
45.0,4,6,0,2730
45.0,4,6,1,2739
45.0,4,6,2,2747
45.0,4,6,3,2756
45.0,4,6,4,2765
45.0,4,6,5,2774
45.0,4,6,6,2782
45.0,4,6,7,2791
45.0,4,6,8,2799
45.0,4,6,9,2808
45.0,4,6,10,2817
45.0,4,6,11,2825
45.0,4,6,12,2834
45.0,4,6,13,2842
45.0,4,6,14,2850
45.0,4,6,15,2859
45.0,4,7,0,2739
45.0,4,7,1,2747
45.0,4,7,2,2756
45.0,4,7,3,2765
45.0,4,7,4,2774
45.0,4,7,5,2782
45.0,4,7,6,2791
45.0,4,7,7,2800
45.0,4,7,8,2808
45.0,4,7,9,2817
45.0,4,7,10,2826
45.0,4,7,11,2834
45.0,4,7,12,2843
45.0,4,7,13,2851
45.0,4,7,14,2860
45.0,4,7,15,2868
45.0,4,8,0,2747
45.0,4,8,1,2756
45.0,4,8,2,2765
45.0,4,8,3,2774
45.0,4,8,4,2783
45.0,4,8,5,2791
45.0,4,8,6,2800
45.0,4,8,7,2809
45.0,4,8,8,2817
45.0,4,8,9,2826
45.0,4,8,10,2835
45.0,4,8,11,2843
45.0,4,8,12,2852
45.0,4,8,13,2860
45.0,4,8,14,2869
45.0,4,8,15,2877
45.0,4,9,0,2756
45.0,4,9,1,2765
45.0,4,9,2,2774
45.0,4,9,3,2783
45.0,4,9,4,2791
45.0,4,9,5,2800
45.0,4,9,6,2809
45.0,4,9,7,2818
45.0,4,9,8,2826
45.0,4,9,9,2835
45.0,4,9,10,2844
45.0,4,9,11,2852
45.0,4,9,12,2861
45.0,4,9,13,2869
45.0,4,9,14,2878
45.0,4,9,15,2886
45.0,4,10,0,2765
45.0,4,10,1,2774
45.0,4,10,2,2783
45.0,4,10,3,2791
45.0,4,10,4,2800
45.0,4,10,5,2809
45.0,4,10,6,2818
45.0,4,10,7,2827
45.0,4,10,8,2835
45.0,4,10,9,2844
45.0,4,10,10,2853
45.0,4,10,11,2861
45.0,4,10,12,2870
45.0,4,10,13,2878
45.0,4,10,14,2887
45.0,4,10,15,2896
45.0,4,11,0,2774
45.0,4,11,1,2782
45.0,4,11,2,2791
45.0,4,11,3,2800
45.0,4,11,4,2809
45.0,4,11,5,2818
45.0,4,11,6,2827
45.0,4,11,7,2835
45.0,4,11,8,2844
45.0,4,11,9,2853
45.0,4,11,10,2862
45.0,4,11,11,2870
45.0,4,11,12,2879
45.0,4,11,13,2887
45.0,4,11,14,2896
45.0,4,11,15,2905
45.0,4,12,0,2782
45.0,4,12,1,2791
45.0,4,12,2,2800
45.0,4,12,3,2809
45.0,4,12,4,2818
45.0,4,12,5,2827
45.0,4,12,6,2836
45.0,4,12,7,2844
45.0,4,12,8,2853
45.0,4,12,9,2862
45.0,4,12,10,2871
45.0,4,12,11,2879
45.0,4,12,12,2888
45.0,4,12,13,2896
45.0,4,12,14,2905
45.0,4,12,15,2914
45.0,4,13,0,2791
45.0,4,13,1,2800
45.0,4,13,2,2809
45.0,4,13,3,2818
45.0,4,13,4,2827
45.0,4,13,5,2835
45.0,4,13,6,2844
45.0,4,13,7,2853
45.0,4,13,8,2862
45.0,4,13,9,2871
45.0,4,13,10,2879
45.0,4,13,11,2888
45.0,4,13,12,2897
45.0,4,13,13,2905
45.0,4,13,14,2914
45.0,4,13,15,2923
45.0,4,14,0,2799
45.0,4,14,1,2808
45.0,4,14,2,2817
45.0,4,14,3,2826
45.0,4,14,4,2835
45.0,4,14,5,2844
45.0,4,14,6,2853
45.0,4,14,7,2862
45.0,4,14,8,2871
45.0,4,14,9,2880
45.0,4,14,10,2888
45.0,4,14,11,2897
45.0,4,14,12,2906
45.0,4,14,13,2914
45.0,4,14,14,2923
45.0,4,14,15,2932
45.0,4,15,0,2808
45.0,4,15,1,2817
45.0,4,15,2,2826
45.0,4,15,3,2835
45.0,4,15,4,2844
45.0,4,15,5,2853
45.0,4,15,6,2862
45.0,4,15,7,2871
45.0,4,15,8,2880
45.0,4,15,9,2888
45.0,4,15,10,2897
45.0,4,15,11,2906
45.0,4,15,12,2915
45.0,4,15,13,2923
45.0,4,15,14,2932
45.0,4,15,15,2941
45.0,5,0,0,2687
45.0,5,0,1,2695
45.0,5,0,2,2704
45.0,5,0,3,2712
45.0,5,0,4,2721
45.0,5,0,5,2730
45.0,5,0,6,2738
45.0,5,0,7,2747
45.0,5,0,8,2755
45.0,5,0,9,2763
45.0,5,0,10,2772
45.0,5,0,11,2780
45.0,5,0,12,2789
45.0,5,0,13,2797
45.0,5,0,14,2805
45.0,5,0,15,2814
45.0,5,1,0,2696
45.0,5,1,1,2704
45.0,5,1,2,2713
45.0,5,1,3,2722
45.0,5,1,4,2730
45.0,5,1,5,2739
45.0,5,1,6,2747
45.0,5,1,7,2756
45.0,5,1,8,2764
45.0,5,1,9,2773
45.0,5,1,10,2781
45.0,5,1,11,2790
45.0,5,1,12,2798
45.0,5,1,13,2806
45.0,5,1,14,2815
45.0,5,1,15,2823
45.0,5,2,0,2705
45.0,5,2,1,2713
45.0,5,2,2,2722
45.0,5,2,3,2731
45.0,5,2,4,2739
45.0,5,2,5,2748
45.0,5,2,6,2756
45.0,5,2,7,2765
45.0,5,2,8,2773
45.0,5,2,9,2782
45.0,5,2,10,2790
45.0,5,2,11,2799
45.0,5,2,12,2807
45.0,5,2,13,2816
45.0,5,2,14,2824
45.0,5,2,15,2832
45.0,5,3,0,2713
45.0,5,3,1,2722
45.0,5,3,2,2731
45.0,5,3,3,2740
45.0,5,3,4,2748
45.0,5,3,5,2757
45.0,5,3,6,2765
45.0,5,3,7,2774
45.0,5,3,8,2783
45.0,5,3,9,2791
45.0,5,3,10,2800
45.0,5,3,11,2808
45.0,5,3,12,2817
45.0,5,3,13,2825
45.0,5,3,14,2833
45.0,5,3,15,2842
45.0,5,4,0,2722
45.0,5,4,1,2731
45.0,5,4,2,2740
45.0,5,4,3,2749
45.0,5,4,4,2757
45.0,5,4,5,2766
45.0,5,4,6,2775
45.0,5,4,7,2783
45.0,5,4,8,2792
45.0,5,4,9,2800
45.0,5,4,10,2809
45.0,5,4,11,2817
45.0,5,4,12,2826
45.0,5,4,13,2834
45.0,5,4,14,2843
45.0,5,4,15,2851
45.0,5,5,0,2731
45.0,5,5,1,2740
45.0,5,5,2,2749
45.0,5,5,3,2758
45.0,5,5,4,2766
45.0,5,5,5,2775
45.0,5,5,6,2784
45.0,5,5,7,2792
45.0,5,5,8,2801
45.0,5,5,9,2809
45.0,5,5,10,2818
45.0,5,5,11,2827
45.0,5,5,12,2835
45.0,5,5,13,2844
45.0,5,5,14,2852
45.0,5,5,15,2860
45.0,5,6,0,2740
45.0,5,6,1,2749
45.0,5,6,2,2758
45.0,5,6,3,2767
45.0,5,6,4,2775
45.0,5,6,5,2784
45.0,5,6,6,2793
45.0,5,6,7,2801
45.0,5,6,8,2810
45.0,5,6,9,2819
45.0,5,6,10,2827
45.0,5,6,11,2836
45.0,5,6,12,2844
45.0,5,6,13,2853
45.0,5,6,14,2861
45.0,5,6,15,2870
45.0,5,7,0,2749
45.0,5,7,1,2758
45.0,5,7,2,2767
45.0,5,7,3,2775
45.0,5,7,4,2784
45.0,5,7,5,2793
45.0,5,7,6,2802
45.0,5,7,7,2810
45.0,5,7,8,2819
45.0,5,7,9,2828
45.0,5,7,10,2836
45.0,5,7,11,2845
45.0,5,7,12,2853
45.0,5,7,13,2862
45.0,5,7,14,2870
45.0,5,7,15,2879
45.0,5,8,0,2758
45.0,5,8,1,2767
45.0,5,8,2,2775
45.0,5,8,3,2784
45.0,5,8,4,2793
45.0,5,8,5,2802
45.0,5,8,6,2811
45.0,5,8,7,2819
45.0,5,8,8,2828
45.0,5,8,9,2837
45.0,5,8,10,2845
45.0,5,8,11,2854
45.0,5,8,12,2863
45.0,5,8,13,2871
45.0,5,8,14,2880
45.0,5,8,15,2888
45.0,5,9,0,2767
45.0,5,9,1,2775
45.0,5,9,2,2784
45.0,5,9,3,2793
45.0,5,9,4,2802
45.0,5,9,5,2811
45.0,5,9,6,2820
45.0,5,9,7,2828
45.0,5,9,8,2837
45.0,5,9,9,2846
45.0,5,9,10,2854
45.0,5,9,11,2863
45.0,5,9,12,2872
45.0,5,9,13,2880
45.0,5,9,14,2889
45.0,5,9,15,2897
45.0,5,10,0,2775
45.0,5,10,1,2784
45.0,5,10,2,2793
45.0,5,10,3,2802
45.0,5,10,4,2811
45.0,5,10,5,2820
45.0,5,10,6,2828
45.0,5,10,7,2837
45.0,5,10,8,2846
45.0,5,10,9,2855
45.0,5,10,10,2863
45.0,5,10,11,2872
45.0,5,10,12,2881
45.0,5,10,13,2889
45.0,5,10,14,2898
45.0,5,10,15,2906
45.0,5,11,0,2784
45.0,5,11,1,2793
45.0,5,11,2,2802
45.0,5,11,3,2811
45.0,5,11,4,2820
45.0,5,11,5,2829
45.0,5,11,6,2837
45.0,5,11,7,2846
45.0,5,11,8,2855
45.0,5,11,9,2864
45.0,5,11,10,2872
45.0,5,11,11,2881
45.0,5,11,12,2890
45.0,5,11,13,2898
45.0,5,11,14,2907
45.0,5,11,15,2916
45.0,5,12,0,2793
45.0,5,12,1,2802
45.0,5,12,2,2811
45.0,5,12,3,2820
45.0,5,12,4,2828
45.0,5,12,5,2837
45.0,5,12,6,2846
45.0,5,12,7,2855
45.0,5,12,8,2864
45.0,5,12,9,2873
45.0,5,12,10,2881
45.0,5,12,11,2890
45.0,5,12,12,2899
45.0,5,12,13,2907
45.0,5,12,14,2916
45.0,5,12,15,2925
45.0,5,13,0,2801
45.0,5,13,1,2810
45.0,5,13,2,2819
45.0,5,13,3,2828
45.0,5,13,4,2837
45.0,5,13,5,2846
45.0,5,13,6,2855
45.0,5,13,7,2864
45.0,5,13,8,2873
45.0,5,13,9,2882
45.0,5,13,10,2890
45.0,5,13,11,2899
45.0,5,13,12,2908
45.0,5,13,13,2916
45.0,5,13,14,2925
45.0,5,13,15,2934
45.0,5,14,0,2810
45.0,5,14,1,2819
45.0,5,14,2,2828
45.0,5,14,3,2837
45.0,5,14,4,2846
45.0,5,14,5,2855
45.0,5,14,6,2864
45.0,5,14,7,2873
45.0,5,14,8,2882
45.0,5,14,9,2890
45.0,5,14,10,2899
45.0,5,14,11,2908
45.0,5,14,12,2917
45.0,5,14,13,2925
45.0,5,14,14,2934
45.0,5,14,15,2943
45.0,5,15,0,2819
45.0,5,15,1,2828
45.0,5,15,2,2837
45.0,5,15,3,2846
45.0,5,15,4,2855
45.0,5,15,5,2864
45.0,5,15,6,2873
45.0,5,15,7,2882
45.0,5,15,8,2890
45.0,5,15,9,2899
45.0,5,15,10,2908
45.0,5,15,11,2917
45.0,5,15,12,2926
45.0,5,15,13,2934
45.0,5,15,14,2943
45.0,5,15,15,2952
45.0,6,0,0,2697
45.0,6,0,1,2705
45.0,6,0,2,2714
45.0,6,0,3,2723
45.0,6,0,4,2731
45.0,6,0,5,2740
45.0,6,0,6,2748
45.0,6,0,7,2757
45.0,6,0,8,2765
45.0,6,0,9,2774
45.0,6,0,10,2782
45.0,6,0,11,2791
45.0,6,0,12,2799
45.0,6,0,13,2807
45.0,6,0,14,2816
45.0,6,0,15,2824
45.0,6,1,0,2706
45.0,6,1,1,2714
45.0,6,1,2,2723
45.0,6,1,3,2732
45.0,6,1,4,2740
45.0,6,1,5,2749
45.0,6,1,6,2758
45.0,6,1,7,2766
45.0,6,1,8,2775
45.0,6,1,9,2783
45.0,6,1,10,2792
45.0,6,1,11,2800
45.0,6,1,12,2808
45.0,6,1,13,2817
45.0,6,1,14,2825
45.0,6,1,15,2834
45.0,6,2,0,2715
45.0,6,2,1,2723
45.0,6,2,2,2732
45.0,6,2,3,2741
45.0,6,2,4,2750
45.0,6,2,5,2758
45.0,6,2,6,2767
45.0,6,2,7,2775
45.0,6,2,8,2784
45.0,6,2,9,2792
45.0,6,2,10,2801
45.0,6,2,11,2809
45.0,6,2,12,2818
45.0,6,2,13,2826
45.0,6,2,14,2835
45.0,6,2,15,2843
45.0,6,3,0,2724
45.0,6,3,1,2732
45.0,6,3,2,2741
45.0,6,3,3,2750
45.0,6,3,4,2759
45.0,6,3,5,2767
45.0,6,3,6,2776
45.0,6,3,7,2785
45.0,6,3,8,2793
45.0,6,3,9,2802
45.0,6,3,10,2810
45.0,6,3,11,2819
45.0,6,3,12,2827
45.0,6,3,13,2836
45.0,6,3,14,2844
45.0,6,3,15,2852
45.0,6,4,0,2733
45.0,6,4,1,2741
45.0,6,4,2,2750
45.0,6,4,3,2759
45.0,6,4,4,2768
45.0,6,4,5,2776
45.0,6,4,6,2785
45.0,6,4,7,2794
45.0,6,4,8,2802
45.0,6,4,9,2811
45.0,6,4,10,2819
45.0,6,4,11,2828
45.0,6,4,12,2836
45.0,6,4,13,2845
45.0,6,4,14,2853
45.0,6,4,15,2862
45.0,6,5,0,2742
45.0,6,5,1,2750
45.0,6,5,2,2759
45.0,6,5,3,2768
45.0,6,5,4,2777
45.0,6,5,5,2785
45.0,6,5,6,2794
45.0,6,5,7,2803
45.0,6,5,8,2811
45.0,6,5,9,2820
45.0,6,5,10,2829
45.0,6,5,11,2837
45.0,6,5,12,2846
45.0,6,5,13,2854
45.0,6,5,14,2863
45.0,6,5,15,2871
45.0,6,6,0,2750
45.0,6,6,1,2759
45.0,6,6,2,2768
45.0,6,6,3,2777
45.0,6,6,4,2786
45.0,6,6,5,2794
45.0,6,6,6,2803
45.0,6,6,7,2812
45.0,6,6,8,2821
45.0,6,6,9,2829
45.0,6,6,10,2838
45.0,6,6,11,2846
45.0,6,6,12,2855
45.0,6,6,13,2863
45.0,6,6,14,2872
45.0,6,6,15,2880
45.0,6,7,0,2759
45.0,6,7,1,2768
45.0,6,7,2,2777
45.0,6,7,3,2786
45.0,6,7,4,2795
45.0,6,7,5,2803
45.0,6,7,6,2812
45.0,6,7,7,2821
45.0,6,7,8,2830
45.0,6,7,9,2838
45.0,6,7,10,2847
45.0,6,7,11,2856
45.0,6,7,12,2864
45.0,6,7,13,2873
45.0,6,7,14,2881
45.0,6,7,15,2890
45.0,6,8,0,2768
45.0,6,8,1,2777
45.0,6,8,2,2786
45.0,6,8,3,2795
45.0,6,8,4,2804
45.0,6,8,5,2812
45.0,6,8,6,2821
45.0,6,8,7,2830
45.0,6,8,8,2839
45.0,6,8,9,2847
45.0,6,8,10,2856
45.0,6,8,11,2865
45.0,6,8,12,2873
45.0,6,8,13,2882
45.0,6,8,14,2890
45.0,6,8,15,2899
45.0,6,9,0,2777
45.0,6,9,1,2786
45.0,6,9,2,2795
45.0,6,9,3,2804
45.0,6,9,4,2813
45.0,6,9,5,2821
45.0,6,9,6,2830
45.0,6,9,7,2839
45.0,6,9,8,2848
45.0,6,9,9,2856
45.0,6,9,10,2865
45.0,6,9,11,2874
45.0,6,9,12,2882
45.0,6,9,13,2891
45.0,6,9,14,2900
45.0,6,9,15,2908
45.0,6,10,0,2786
45.0,6,10,1,2795
45.0,6,10,2,2804
45.0,6,10,3,2813
45.0,6,10,4,2821
45.0,6,10,5,2830
45.0,6,10,6,2839
45.0,6,10,7,2848
45.0,6,10,8,2857
45.0,6,10,9,2865
45.0,6,10,10,2874
45.0,6,10,11,2883
45.0,6,10,12,2892
45.0,6,10,13,2900
45.0,6,10,14,2909
45.0,6,10,15,2917
45.0,6,11,0,2794
45.0,6,11,1,2803
45.0,6,11,2,2812
45.0,6,11,3,2821
45.0,6,11,4,2830
45.0,6,11,5,2839
45.0,6,11,6,2848
45.0,6,11,7,2857
45.0,6,11,8,2866
45.0,6,11,9,2874
45.0,6,11,10,2883
45.0,6,11,11,2892
45.0,6,11,12,2901
45.0,6,11,13,2909
45.0,6,11,14,2918
45.0,6,11,15,2927
45.0,6,12,0,2803
45.0,6,12,1,2812
45.0,6,12,2,2821
45.0,6,12,3,2830
45.0,6,12,4,2839
45.0,6,12,5,2848
45.0,6,12,6,2857
45.0,6,12,7,2866
45.0,6,12,8,2875
45.0,6,12,9,2883
45.0,6,12,10,2892
45.0,6,12,11,2901
45.0,6,12,12,2910
45.0,6,12,13,2918
45.0,6,12,14,2927
45.0,6,12,15,2936
45.0,6,13,0,2812
45.0,6,13,1,2821
45.0,6,13,2,2830
45.0,6,13,3,2839
45.0,6,13,4,2848
45.0,6,13,5,2857
45.0,6,13,6,2866
45.0,6,13,7,2875
45.0,6,13,8,2884
45.0,6,13,9,2892
45.0,6,13,10,2901
45.0,6,13,11,2910
45.0,6,13,12,2919
45.0,6,13,13,2927
45.0,6,13,14,2936
45.0,6,13,15,2945
45.0,6,14,0,2821
45.0,6,14,1,2830
45.0,6,14,2,2839
45.0,6,14,3,2848
45.0,6,14,4,2857
45.0,6,14,5,2866
45.0,6,14,6,2875
45.0,6,14,7,2884
45.0,6,14,8,2892
45.0,6,14,9,2901
45.0,6,14,10,2910
45.0,6,14,11,2919
45.0,6,14,12,2928
45.0,6,14,13,2936
45.0,6,14,14,2945
45.0,6,14,15,2954
45.0,6,15,0,2829
45.0,6,15,1,2838
45.0,6,15,2,2847
45.0,6,15,3,2856
45.0,6,15,4,2865
45.0,6,15,5,2874
45.0,6,15,6,2883
45.0,6,15,7,2892
45.0,6,15,8,2901
45.0,6,15,9,2910
45.0,6,15,10,2919
45.0,6,15,11,2928
45.0,6,15,12,2937
45.0,6,15,13,2945
45.0,6,15,14,2954
45.0,6,15,15,2963
45.0,7,0,0,2707
45.0,7,0,1,2715
45.0,7,0,2,2724
45.0,7,0,3,2733
45.0,7,0,4,2741
45.0,7,0,5,2750
45.0,7,0,6,2759
45.0,7,0,7,2767
45.0,7,0,8,2776
45.0,7,0,9,2784
45.0,7,0,10,2793
45.0,7,0,11,2801
45.0,7,0,12,2810
45.0,7,0,13,2818
45.0,7,0,14,2826
45.0,7,0,15,2835
45.0,7,1,0,2716
45.0,7,1,1,2725
45.0,7,1,2,2733
45.0,7,1,3,2742
45.0,7,1,4,2751
45.0,7,1,5,2759
45.0,7,1,6,2768
45.0,7,1,7,2776
45.0,7,1,8,2785
45.0,7,1,9,2794
45.0,7,1,10,2802
45.0,7,1,11,2811
45.0,7,1,12,2819
45.0,7,1,13,2827
45.0,7,1,14,2836
45.0,7,1,15,2844
45.0,7,2,0,2725
45.0,7,2,1,2734
45.0,7,2,2,2742
45.0,7,2,3,2751
45.0,7,2,4,2760
45.0,7,2,5,2768
45.0,7,2,6,2777
45.0,7,2,7,2786
45.0,7,2,8,2794
45.0,7,2,9,2803
45.0,7,2,10,2811
45.0,7,2,11,2820
45.0,7,2,12,2828
45.0,7,2,13,2837
45.0,7,2,14,2845
45.0,7,2,15,2854
45.0,7,3,0,2734
45.0,7,3,1,2743
45.0,7,3,2,2751
45.0,7,3,3,2760
45.0,7,3,4,2769
45.0,7,3,5,2778
45.0,7,3,6,2786
45.0,7,3,7,2795
45.0,7,3,8,2804
45.0,7,3,9,2812
45.0,7,3,10,2821
45.0,7,3,11,2829
45.0,7,3,12,2838
45.0,7,3,13,2846
45.0,7,3,14,2855
45.0,7,3,15,2863
45.0,7,4,0,2743
45.0,7,4,1,2752
45.0,7,4,2,2760
45.0,7,4,3,2769
45.0,7,4,4,2778
45.0,7,4,5,2787
45.0,7,4,6,2795
45.0,7,4,7,2804
45.0,7,4,8,2813
45.0,7,4,9,2821
45.0,7,4,10,2830
45.0,7,4,11,2839
45.0,7,4,12,2847
45.0,7,4,13,2856
45.0,7,4,14,2864
45.0,7,4,15,2873
45.0,7,5,0,2752
45.0,7,5,1,2761
45.0,7,5,2,2770
45.0,7,5,3,2778
45.0,7,5,4,2787
45.0,7,5,5,2796
45.0,7,5,6,2805
45.0,7,5,7,2813
45.0,7,5,8,2822
45.0,7,5,9,2831
45.0,7,5,10,2839
45.0,7,5,11,2848
45.0,7,5,12,2856
45.0,7,5,13,2865
45.0,7,5,14,2873
45.0,7,5,15,2882
45.0,7,6,0,2761
45.0,7,6,1,2770
45.0,7,6,2,2778
45.0,7,6,3,2787
45.0,7,6,4,2796
45.0,7,6,5,2805
45.0,7,6,6,2814
45.0,7,6,7,2822
45.0,7,6,8,2831
45.0,7,6,9,2840
45.0,7,6,10,2848
45.0,7,6,11,2857
45.0,7,6,12,2866
45.0,7,6,13,2874
45.0,7,6,14,2883
45.0,7,6,15,2891
45.0,7,7,0,2770
45.0,7,7,1,2779
45.0,7,7,2,2787
45.0,7,7,3,2796
45.0,7,7,4,2805
45.0,7,7,5,2814
45.0,7,7,6,2823
45.0,7,7,7,2831
45.0,7,7,8,2840
45.0,7,7,9,2849
45.0,7,7,10,2858
45.0,7,7,11,2866
45.0,7,7,12,2875
45.0,7,7,13,2883
45.0,7,7,14,2892
45.0,7,7,15,2901
45.0,7,8,0,2778
45.0,7,8,1,2787
45.0,7,8,2,2796
45.0,7,8,3,2805
45.0,7,8,4,2814
45.0,7,8,5,2823
45.0,7,8,6,2832
45.0,7,8,7,2841
45.0,7,8,8,2849
45.0,7,8,9,2858
45.0,7,8,10,2867
45.0,7,8,11,2875
45.0,7,8,12,2884
45.0,7,8,13,2893
45.0,7,8,14,2901
45.0,7,8,15,2910
45.0,7,9,0,2787
45.0,7,9,1,2796
45.0,7,9,2,2805
45.0,7,9,3,2814
45.0,7,9,4,2823
45.0,7,9,5,2832
45.0,7,9,6,2841
45.0,7,9,7,2850
45.0,7,9,8,2858
45.0,7,9,9,2867
45.0,7,9,10,2876
45.0,7,9,11,2885
45.0,7,9,12,2893
45.0,7,9,13,2902
45.0,7,9,14,2910
45.0,7,9,15,2919
45.0,7,10,0,2796
45.0,7,10,1,2805
45.0,7,10,2,2814
45.0,7,10,3,2823
45.0,7,10,4,2832
45.0,7,10,5,2841
45.0,7,10,6,2850
45.0,7,10,7,2859
45.0,7,10,8,2867
45.0,7,10,9,2876
45.0,7,10,10,2885
45.0,7,10,11,2894
45.0,7,10,12,2902
45.0,7,10,13,2911
45.0,7,10,14,2920
45.0,7,10,15,2928
45.0,7,11,0,2805
45.0,7,11,1,2814
45.0,7,11,2,2823
45.0,7,11,3,2832
45.0,7,11,4,2841
45.0,7,11,5,2850
45.0,7,11,6,2859
45.0,7,11,7,2868
45.0,7,11,8,2876
45.0,7,11,9,2885
45.0,7,11,10,2894
45.0,7,11,11,2903
45.0,7,11,12,2911
45.0,7,11,13,2920
45.0,7,11,14,2929
45.0,7,11,15,2938
45.0,7,12,0,2814
45.0,7,12,1,2823
45.0,7,12,2,2832
45.0,7,12,3,2841
45.0,7,12,4,2850
45.0,7,12,5,2859
45.0,7,12,6,2868
45.0,7,12,7,2877
45.0,7,12,8,2885
45.0,7,12,9,2894
45.0,7,12,10,2903
45.0,7,12,11,2912
45.0,7,12,12,2921
45.0,7,12,13,2929
45.0,7,12,14,2938
45.0,7,12,15,2947
45.0,7,13,0,2822
45.0,7,13,1,2831
45.0,7,13,2,2841
45.0,7,13,3,2850
45.0,7,13,4,2859
45.0,7,13,5,2868
45.0,7,13,6,2877
45.0,7,13,7,2885
45.0,7,13,8,2894
45.0,7,13,9,2903
45.0,7,13,10,2912
45.0,7,13,11,2921
45.0,7,13,12,2930
45.0,7,13,13,2938
45.0,7,13,14,2947
45.0,7,13,15,2956
45.0,7,14,0,2831
45.0,7,14,1,2840
45.0,7,14,2,2849
45.0,7,14,3,2858
45.0,7,14,4,2867
45.0,7,14,5,2876
45.0,7,14,6,2885
45.0,7,14,7,2894
45.0,7,14,8,2903
45.0,7,14,9,2912
45.0,7,14,10,2921
45.0,7,14,11,2930
45.0,7,14,12,2939
45.0,7,14,13,2947
45.0,7,14,14,2956
45.0,7,14,15,2965
45.0,7,15,0,2840
45.0,7,15,1,2849
45.0,7,15,2,2858
45.0,7,15,3,2867
45.0,7,15,4,2876
45.0,7,15,5,2885
45.0,7,15,6,2894
45.0,7,15,7,2903
45.0,7,15,8,2912
45.0,7,15,9,2921
45.0,7,15,10,2930
45.0,7,15,11,2939
45.0,7,15,12,2948
45.0,7,15,13,2956
45.0,7,15,14,2965
45.0,7,15,15,2974
45.0,8,0,0,2717
45.0,8,0,1,2726
45.0,8,0,2,2734
45.0,8,0,3,2743
45.0,8,0,4,2752
45.0,8,0,5,2760
45.0,8,0,6,2769
45.0,8,0,7,2778
45.0,8,0,8,2786
45.0,8,0,9,2795
45.0,8,0,10,2803
45.0,8,0,11,2812
45.0,8,0,12,2820
45.0,8,0,13,2829
45.0,8,0,14,2837
45.0,8,0,15,2845
45.0,8,1,0,2726
45.0,8,1,1,2735
45.0,8,1,2,2743
45.0,8,1,3,2752
45.0,8,1,4,2761
45.0,8,1,5,2770
45.0,8,1,6,2778
45.0,8,1,7,2787
45.0,8,1,8,2795
45.0,8,1,9,2804
45.0,8,1,10,2813
45.0,8,1,11,2821
45.0,8,1,12,2830
45.0,8,1,13,2838
45.0,8,1,14,2846
45.0,8,1,15,2855
45.0,8,2,0,2735
45.0,8,2,1,2744
45.0,8,2,2,2753
45.0,8,2,3,2761
45.0,8,2,4,2770
45.0,8,2,5,2779
45.0,8,2,6,2787
45.0,8,2,7,2796
45.0,8,2,8,2805
45.0,8,2,9,2813
45.0,8,2,10,2822
45.0,8,2,11,2830
45.0,8,2,12,2839
45.0,8,2,13,2847
45.0,8,2,14,2856
45.0,8,2,15,2864
45.0,8,3,0,2744
45.0,8,3,1,2753
45.0,8,3,2,2762
45.0,8,3,3,2771
45.0,8,3,4,2779
45.0,8,3,5,2788
45.0,8,3,6,2797
45.0,8,3,7,2805
45.0,8,3,8,2814
45.0,8,3,9,2823
45.0,8,3,10,2831
45.0,8,3,11,2840
45.0,8,3,12,2848
45.0,8,3,13,2857
45.0,8,3,14,2865
45.0,8,3,15,2874
45.0,8,4,0,2753
45.0,8,4,1,2762
45.0,8,4,2,2771
45.0,8,4,3,2780
45.0,8,4,4,2788
45.0,8,4,5,2797
45.0,8,4,6,2806
45.0,8,4,7,2815
45.0,8,4,8,2823
45.0,8,4,9,2832
45.0,8,4,10,2841
45.0,8,4,11,2849
45.0,8,4,12,2858
45.0,8,4,13,2866
45.0,8,4,14,2875
45.0,8,4,15,2883
45.0,8,5,0,2762
45.0,8,5,1,2771
45.0,8,5,2,2780
45.0,8,5,3,2789
45.0,8,5,4,2797
45.0,8,5,5,2806
45.0,8,5,6,2815
45.0,8,5,7,2824
45.0,8,5,8,2832
45.0,8,5,9,2841
45.0,8,5,10,2850
45.0,8,5,11,2858
45.0,8,5,12,2867
45.0,8,5,13,2876
45.0,8,5,14,2884
45.0,8,5,15,2893
45.0,8,6,0,2771
45.0,8,6,1,2780
45.0,8,6,2,2789
45.0,8,6,3,2798
45.0,8,6,4,2807
45.0,8,6,5,2815
45.0,8,6,6,2824
45.0,8,6,7,2833
45.0,8,6,8,2842
45.0,8,6,9,2850
45.0,8,6,10,2859
45.0,8,6,11,2868
45.0,8,6,12,2876
45.0,8,6,13,2885
45.0,8,6,14,2893
45.0,8,6,15,2902
45.0,8,7,0,2780
45.0,8,7,1,2789
45.0,8,7,2,2798
45.0,8,7,3,2807
45.0,8,7,4,2816
45.0,8,7,5,2824
45.0,8,7,6,2833
45.0,8,7,7,2842
45.0,8,7,8,2851
45.0,8,7,9,2860
45.0,8,7,10,2868
45.0,8,7,11,2877
45.0,8,7,12,2886
45.0,8,7,13,2894
45.0,8,7,14,2903
45.0,8,7,15,2911
45.0,8,8,0,2789
45.0,8,8,1,2798
45.0,8,8,2,2807
45.0,8,8,3,2816
45.0,8,8,4,2825
45.0,8,8,5,2833
45.0,8,8,6,2842
45.0,8,8,7,2851
45.0,8,8,8,2860
45.0,8,8,9,2869
45.0,8,8,10,2877
45.0,8,8,11,2886
45.0,8,8,12,2895
45.0,8,8,13,2903
45.0,8,8,14,2912
45.0,8,8,15,2921
45.0,8,9,0,2798
45.0,8,9,1,2807
45.0,8,9,2,2816
45.0,8,9,3,2825
45.0,8,9,4,2834
45.0,8,9,5,2842
45.0,8,9,6,2851
45.0,8,9,7,2860
45.0,8,9,8,2869
45.0,8,9,9,2878
45.0,8,9,10,2887
45.0,8,9,11,2895
45.0,8,9,12,2904
45.0,8,9,13,2913
45.0,8,9,14,2921
45.0,8,9,15,2930
45.0,8,10,0,2807
45.0,8,10,1,2816
45.0,8,10,2,2825
45.0,8,10,3,2834
45.0,8,10,4,2843
45.0,8,10,5,2851
45.0,8,10,6,2860
45.0,8,10,7,2869
45.0,8,10,8,2878
45.0,8,10,9,2887
45.0,8,10,10,2896
45.0,8,10,11,2904
45.0,8,10,12,2913
45.0,8,10,13,2922
45.0,8,10,14,2931
45.0,8,10,15,2939
45.0,8,11,0,2815
45.0,8,11,1,2824
45.0,8,11,2,2833
45.0,8,11,3,2842
45.0,8,11,4,2851
45.0,8,11,5,2860
45.0,8,11,6,2869
45.0,8,11,7,2878
45.0,8,11,8,2887
45.0,8,11,9,2896
45.0,8,11,10,2905
45.0,8,11,11,2914
45.0,8,11,12,2922
45.0,8,11,13,2931
45.0,8,11,14,2940
45.0,8,11,15,2948
45.0,8,12,0,2824
45.0,8,12,1,2833
45.0,8,12,2,2842
45.0,8,12,3,2851
45.0,8,12,4,2860
45.0,8,12,5,2869
45.0,8,12,6,2878
45.0,8,12,7,2887
45.0,8,12,8,2896
45.0,8,12,9,2905
45.0,8,12,10,2914
45.0,8,12,11,2923
45.0,8,12,12,2931
45.0,8,12,13,2940
45.0,8,12,14,2949
45.0,8,12,15,2958
45.0,8,13,0,2833
45.0,8,13,1,2842
45.0,8,13,2,2851
45.0,8,13,3,2860
45.0,8,13,4,2869
45.0,8,13,5,2878
45.0,8,13,6,2887
45.0,8,13,7,2896
45.0,8,13,8,2905
45.0,8,13,9,2914
45.0,8,13,10,2923
45.0,8,13,11,2932
45.0,8,13,12,2941
45.0,8,13,13,2949
45.0,8,13,14,2958
45.0,8,13,15,2967
45.0,8,14,0,2842
45.0,8,14,1,2851
45.0,8,14,2,2860
45.0,8,14,3,2869
45.0,8,14,4,2878
45.0,8,14,5,2887
45.0,8,14,6,2896
45.0,8,14,7,2905
45.0,8,14,8,2914
45.0,8,14,9,2923
45.0,8,14,10,2932
45.0,8,14,11,2941
45.0,8,14,12,2950
45.0,8,14,13,2958
45.0,8,14,14,2967
45.0,8,14,15,2976
45.0,8,15,0,2850
45.0,8,15,1,2860
45.0,8,15,2,2869
45.0,8,15,3,2878
45.0,8,15,4,2887
45.0,8,15,5,2896
45.0,8,15,6,2905
45.0,8,15,7,2914
45.0,8,15,8,2923
45.0,8,15,9,2932
45.0,8,15,10,2941
45.0,8,15,11,2950
45.0,8,15,12,2959
45.0,8,15,13,2967
45.0,8,15,14,2976
45.0,8,15,15,2985
45.0,9,0,0,2727
45.0,9,0,1,2736
45.0,9,0,2,2744
45.0,9,0,3,2753
45.0,9,0,4,2762
45.0,9,0,5,2771
45.0,9,0,6,2779
45.0,9,0,7,2788
45.0,9,0,8,2796
45.0,9,0,9,2805
45.0,9,0,10,2814
45.0,9,0,11,2822
45.0,9,0,12,2831
45.0,9,0,13,2839
45.0,9,0,14,2847
45.0,9,0,15,2856
45.0,9,1,0,2736
45.0,9,1,1,2745
45.0,9,1,2,2754
45.0,9,1,3,2762
45.0,9,1,4,2771
45.0,9,1,5,2780
45.0,9,1,6,2789
45.0,9,1,7,2797
45.0,9,1,8,2806
45.0,9,1,9,2814
45.0,9,1,10,2823
45.0,9,1,11,2832
45.0,9,1,12,2840
45.0,9,1,13,2849
45.0,9,1,14,2857
45.0,9,1,15,2865
45.0,9,2,0,2745
45.0,9,2,1,2754
45.0,9,2,2,2763
45.0,9,2,3,2772
45.0,9,2,4,2780
45.0,9,2,5,2789
45.0,9,2,6,2798
45.0,9,2,7,2807
45.0,9,2,8,2815
45.0,9,2,9,2824
45.0,9,2,10,2832
45.0,9,2,11,2841
45.0,9,2,12,2850
45.0,9,2,13,2858
45.0,9,2,14,2867
45.0,9,2,15,2875
45.0,9,3,0,2754
45.0,9,3,1,2763
45.0,9,3,2,2772
45.0,9,3,3,2781
45.0,9,3,4,2790
45.0,9,3,5,2798
45.0,9,3,6,2807
45.0,9,3,7,2816
45.0,9,3,8,2824
45.0,9,3,9,2833
45.0,9,3,10,2842
45.0,9,3,11,2850
45.0,9,3,12,2859
45.0,9,3,13,2867
45.0,9,3,14,2876
45.0,9,3,15,2884
45.0,9,4,0,2763
45.0,9,4,1,2772
45.0,9,4,2,2781
45.0,9,4,3,2790
45.0,9,4,4,2799
45.0,9,4,5,2808
45.0,9,4,6,2816
45.0,9,4,7,2825
45.0,9,4,8,2834
45.0,9,4,9,2842
45.0,9,4,10,2851
45.0,9,4,11,2860
45.0,9,4,12,2868
45.0,9,4,13,2877
45.0,9,4,14,2885
45.0,9,4,15,2894
45.0,9,5,0,2772
45.0,9,5,1,2781
45.0,9,5,2,2790
45.0,9,5,3,2799
45.0,9,5,4,2808
45.0,9,5,5,2817
45.0,9,5,6,2825
45.0,9,5,7,2834
45.0,9,5,8,2843
45.0,9,5,9,2852
45.0,9,5,10,2860
45.0,9,5,11,2869
45.0,9,5,12,2878
45.0,9,5,13,2886
45.0,9,5,14,2895
45.0,9,5,15,2903
45.0,9,6,0,2781
45.0,9,6,1,2790
45.0,9,6,2,2799
45.0,9,6,3,2808
45.0,9,6,4,2817
45.0,9,6,5,2826
45.0,9,6,6,2835
45.0,9,6,7,2843
45.0,9,6,8,2852
45.0,9,6,9,2861
45.0,9,6,10,2870
45.0,9,6,11,2878
45.0,9,6,12,2887
45.0,9,6,13,2896
45.0,9,6,14,2904
45.0,9,6,15,2913
45.0,9,7,0,2790
45.0,9,7,1,2799
45.0,9,7,2,2808
45.0,9,7,3,2817
45.0,9,7,4,2826
45.0,9,7,5,2835
45.0,9,7,6,2844
45.0,9,7,7,2853
45.0,9,7,8,2861
45.0,9,7,9,2870
45.0,9,7,10,2879
45.0,9,7,11,2888
45.0,9,7,12,2896
45.0,9,7,13,2905
45.0,9,7,14,2914
45.0,9,7,15,2922
45.0,9,8,0,2799
45.0,9,8,1,2808
45.0,9,8,2,2817
45.0,9,8,3,2826
45.0,9,8,4,2835
45.0,9,8,5,2844
45.0,9,8,6,2853
45.0,9,8,7,2862
45.0,9,8,8,2871
45.0,9,8,9,2879
45.0,9,8,10,2888
45.0,9,8,11,2897
45.0,9,8,12,2906
45.0,9,8,13,2914
45.0,9,8,14,2923
45.0,9,8,15,2932
45.0,9,9,0,2808
45.0,9,9,1,2817
45.0,9,9,2,2826
45.0,9,9,3,2835
45.0,9,9,4,2844
45.0,9,9,5,2853
45.0,9,9,6,2862
45.0,9,9,7,2871
45.0,9,9,8,2880
45.0,9,9,9,2889
45.0,9,9,10,2897
45.0,9,9,11,2906
45.0,9,9,12,2915
45.0,9,9,13,2924
45.0,9,9,14,2932
45.0,9,9,15,2941
45.0,9,10,0,2817
45.0,9,10,1,2826
45.0,9,10,2,2835
45.0,9,10,3,2844
45.0,9,10,4,2853
45.0,9,10,5,2862
45.0,9,10,6,2871
45.0,9,10,7,2880
45.0,9,10,8,2889
45.0,9,10,9,2898
45.0,9,10,10,2906
45.0,9,10,11,2915
45.0,9,10,12,2924
45.0,9,10,13,2933
45.0,9,10,14,2941
45.0,9,10,15,2950
45.0,9,11,0,2826
45.0,9,11,1,2835
45.0,9,11,2,2844
45.0,9,11,3,2853
45.0,9,11,4,2862
45.0,9,11,5,2871
45.0,9,11,6,2880
45.0,9,11,7,2889
45.0,9,11,8,2898
45.0,9,11,9,2907
45.0,9,11,10,2916
45.0,9,11,11,2924
45.0,9,11,12,2933
45.0,9,11,13,2942
45.0,9,11,14,2951
45.0,9,11,15,2959
45.0,9,12,0,2835
45.0,9,12,1,2844
45.0,9,12,2,2853
45.0,9,12,3,2862
45.0,9,12,4,2871
45.0,9,12,5,2880
45.0,9,12,6,2889
45.0,9,12,7,2898
45.0,9,12,8,2907
45.0,9,12,9,2916
45.0,9,12,10,2925
45.0,9,12,11,2934
45.0,9,12,12,2942
45.0,9,12,13,2951
45.0,9,12,14,2960
45.0,9,12,15,2969
45.0,9,13,0,2843
45.0,9,13,1,2853
45.0,9,13,2,2862
45.0,9,13,3,2871
45.0,9,13,4,2880
45.0,9,13,5,2889
45.0,9,13,6,2898
45.0,9,13,7,2907
45.0,9,13,8,2916
45.0,9,13,9,2925
45.0,9,13,10,2934
45.0,9,13,11,2943
45.0,9,13,12,2951
45.0,9,13,13,2960
45.0,9,13,14,2969
45.0,9,13,15,2978
45.0,9,14,0,2852
45.0,9,14,1,2861
45.0,9,14,2,2871
45.0,9,14,3,2880
45.0,9,14,4,2889
45.0,9,14,5,2898
45.0,9,14,6,2907
45.0,9,14,7,2916
45.0,9,14,8,2925
45.0,9,14,9,2934
45.0,9,14,10,2943
45.0,9,14,11,2952
45.0,9,14,12,2961
45.0,9,14,13,2969
45.0,9,14,14,2978
45.0,9,14,15,2987
45.0,9,15,0,2861
45.0,9,15,1,2870
45.0,9,15,2,2879
45.0,9,15,3,2889
45.0,9,15,4,2898
45.0,9,15,5,2907
45.0,9,15,6,2916
45.0,9,15,7,2925
45.0,9,15,8,2934
45.0,9,15,9,2943
45.0,9,15,10,2952
45.0,9,15,11,2961
45.0,9,15,12,2970
45.0,9,15,13,2979
45.0,9,15,14,2987
45.0,9,15,15,2996
45.0,10,0,0,2737
45.0,10,0,1,2746
45.0,10,0,2,2755
45.0,10,0,3,2763
45.0,10,0,4,2772
45.0,10,0,5,2781
45.0,10,0,6,2790
45.0,10,0,7,2798
45.0,10,0,8,2807
45.0,10,0,9,2815
45.0,10,0,10,2824
45.0,10,0,11,2833
45.0,10,0,12,2841
45.0,10,0,13,2850
45.0,10,0,14,2858
45.0,10,0,15,2866
45.0,10,1,0,2746
45.0,10,1,1,2755
45.0,10,1,2,2764
45.0,10,1,3,2773
45.0,10,1,4,2781
45.0,10,1,5,2790
45.0,10,1,6,2799
45.0,10,1,7,2808
45.0,10,1,8,2816
45.0,10,1,9,2825
45.0,10,1,10,2833
45.0,10,1,11,2842
45.0,10,1,12,2851
45.0,10,1,13,2859
45.0,10,1,14,2868
45.0,10,1,15,2876
45.0,10,2,0,2755
45.0,10,2,1,2764
45.0,10,2,2,2773
45.0,10,2,3,2782
45.0,10,2,4,2791
45.0,10,2,5,2799
45.0,10,2,6,2808
45.0,10,2,7,2817
45.0,10,2,8,2826
45.0,10,2,9,2834
45.0,10,2,10,2843
45.0,10,2,11,2851
45.0,10,2,12,2860
45.0,10,2,13,2869
45.0,10,2,14,2877
45.0,10,2,15,2886
45.0,10,3,0,2764
45.0,10,3,1,2773
45.0,10,3,2,2782
45.0,10,3,3,2791
45.0,10,3,4,2800
45.0,10,3,5,2809
45.0,10,3,6,2817
45.0,10,3,7,2826
45.0,10,3,8,2835
45.0,10,3,9,2844
45.0,10,3,10,2852
45.0,10,3,11,2861
45.0,10,3,12,2870
45.0,10,3,13,2878
45.0,10,3,14,2887
45.0,10,3,15,2895
45.0,10,4,0,2774
45.0,10,4,1,2782
45.0,10,4,2,2791
45.0,10,4,3,2800
45.0,10,4,4,2809
45.0,10,4,5,2818
45.0,10,4,6,2827
45.0,10,4,7,2836
45.0,10,4,8,2844
45.0,10,4,9,2853
45.0,10,4,10,2862
45.0,10,4,11,2870
45.0,10,4,12,2879
45.0,10,4,13,2888
45.0,10,4,14,2896
45.0,10,4,15,2905
45.0,10,5,0,2783
45.0,10,5,1,2792
45.0,10,5,2,2801
45.0,10,5,3,2809
45.0,10,5,4,2818
45.0,10,5,5,2827
45.0,10,5,6,2836
45.0,10,5,7,2845
45.0,10,5,8,2854
45.0,10,5,9,2862
45.0,10,5,10,2871
45.0,10,5,11,2880
45.0,10,5,12,2888
45.0,10,5,13,2897
45.0,10,5,14,2906
45.0,10,5,15,2914
45.0,10,6,0,2792
45.0,10,6,1,2801
45.0,10,6,2,2810
45.0,10,6,3,2819
45.0,10,6,4,2827
45.0,10,6,5,2836
45.0,10,6,6,2845
45.0,10,6,7,2854
45.0,10,6,8,2863
45.0,10,6,9,2872
45.0,10,6,10,2880
45.0,10,6,11,2889
45.0,10,6,12,2898
45.0,10,6,13,2906
45.0,10,6,14,2915
45.0,10,6,15,2924
45.0,10,7,0,2801
45.0,10,7,1,2810
45.0,10,7,2,2819
45.0,10,7,3,2828
45.0,10,7,4,2837
45.0,10,7,5,2845
45.0,10,7,6,2854
45.0,10,7,7,2863
45.0,10,7,8,2872
45.0,10,7,9,2881
45.0,10,7,10,2890
45.0,10,7,11,2898
45.0,10,7,12,2907
45.0,10,7,13,2916
45.0,10,7,14,2924
45.0,10,7,15,2933
45.0,10,8,0,2810
45.0,10,8,1,2819
45.0,10,8,2,2828
45.0,10,8,3,2837
45.0,10,8,4,2846
45.0,10,8,5,2855
45.0,10,8,6,2863
45.0,10,8,7,2872
45.0,10,8,8,2881
45.0,10,8,9,2890
45.0,10,8,10,2899
45.0,10,8,11,2908
45.0,10,8,12,2916
45.0,10,8,13,2925
45.0,10,8,14,2934
45.0,10,8,15,2942
45.0,10,9,0,2819
45.0,10,9,1,2828
45.0,10,9,2,2837
45.0,10,9,3,2846
45.0,10,9,4,2855
45.0,10,9,5,2864
45.0,10,9,6,2873
45.0,10,9,7,2881
45.0,10,9,8,2890
45.0,10,9,9,2899
45.0,10,9,10,2908
45.0,10,9,11,2917
45.0,10,9,12,2926
45.0,10,9,13,2934
45.0,10,9,14,2943
45.0,10,9,15,2952
45.0,10,10,0,2827
45.0,10,10,1,2837
45.0,10,10,2,2846
45.0,10,10,3,2855
45.0,10,10,4,2864
45.0,10,10,5,2873
45.0,10,10,6,2882
45.0,10,10,7,2891
45.0,10,10,8,2899
45.0,10,10,9,2908
45.0,10,10,10,2917
45.0,10,10,11,2926
45.0,10,10,12,2935
45.0,10,10,13,2944
45.0,10,10,14,2952
45.0,10,10,15,2961
45.0,10,11,0,2836
45.0,10,11,1,2845
45.0,10,11,2,2855
45.0,10,11,3,2864
45.0,10,11,4,2873
45.0,10,11,5,2882
45.0,10,11,6,2891
45.0,10,11,7,2900
45.0,10,11,8,2909
45.0,10,11,9,2918
45.0,10,11,10,2926
45.0,10,11,11,2935
45.0,10,11,12,2944
45.0,10,11,13,2953
45.0,10,11,14,2962
45.0,10,11,15,2970
45.0,10,12,0,2845
45.0,10,12,1,2854
45.0,10,12,2,2863
45.0,10,12,3,2873
45.0,10,12,4,2882
45.0,10,12,5,2891
45.0,10,12,6,2900
45.0,10,12,7,2909
45.0,10,12,8,2918
45.0,10,12,9,2927
45.0,10,12,10,2936
45.0,10,12,11,2944
45.0,10,12,12,2953
45.0,10,12,13,2962
45.0,10,12,14,2971
45.0,10,12,15,2980
45.0,10,13,0,2854
45.0,10,13,1,2863
45.0,10,13,2,2872
45.0,10,13,3,2881
45.0,10,13,4,2891
45.0,10,13,5,2900
45.0,10,13,6,2909
45.0,10,13,7,2918
45.0,10,13,8,2927
45.0,10,13,9,2936
45.0,10,13,10,2945
45.0,10,13,11,2954
45.0,10,13,12,2962
45.0,10,13,13,2971
45.0,10,13,14,2980
45.0,10,13,15,2989
45.0,10,14,0,2863
45.0,10,14,1,2872
45.0,10,14,2,2881
45.0,10,14,3,2890
45.0,10,14,4,2899
45.0,10,14,5,2909
45.0,10,14,6,2918
45.0,10,14,7,2927
45.0,10,14,8,2936
45.0,10,14,9,2945
45.0,10,14,10,2954
45.0,10,14,11,2963
45.0,10,14,12,2972
45.0,10,14,13,2980
45.0,10,14,14,2989
45.0,10,14,15,2998
45.0,10,15,0,2872
45.0,10,15,1,2881
45.0,10,15,2,2890
45.0,10,15,3,2899
45.0,10,15,4,2908
45.0,10,15,5,2918
45.0,10,15,6,2927
45.0,10,15,7,2936
45.0,10,15,8,2945
45.0,10,15,9,2954
45.0,10,15,10,2963
45.0,10,15,11,2972
45.0,10,15,12,2981
45.0,10,15,13,2990
45.0,10,15,14,2998
45.0,10,15,15,3007
45.0,11,0,0,2747
45.0,11,0,1,2756
45.0,11,0,2,2765
45.0,11,0,3,2774
45.0,11,0,4,2782
45.0,11,0,5,2791
45.0,11,0,6,2800
45.0,11,0,7,2809
45.0,11,0,8,2817
45.0,11,0,9,2826
45.0,11,0,10,2834
45.0,11,0,11,2843
45.0,11,0,12,2852
45.0,11,0,13,2860
45.0,11,0,14,2869
45.0,11,0,15,2877
45.0,11,1,0,2756
45.0,11,1,1,2765
45.0,11,1,2,2774
45.0,11,1,3,2783
45.0,11,1,4,2792
45.0,11,1,5,2800
45.0,11,1,6,2809
45.0,11,1,7,2818
45.0,11,1,8,2827
45.0,11,1,9,2835
45.0,11,1,10,2844
45.0,11,1,11,2853
45.0,11,1,12,2861
45.0,11,1,13,2870
45.0,11,1,14,2878
45.0,11,1,15,2887
45.0,11,2,0,2766
45.0,11,2,1,2774
45.0,11,2,2,2783
45.0,11,2,3,2792
45.0,11,2,4,2801
45.0,11,2,5,2810
45.0,11,2,6,2819
45.0,11,2,7,2827
45.0,11,2,8,2836
45.0,11,2,9,2845
45.0,11,2,10,2853
45.0,11,2,11,2862
45.0,11,2,12,2871
45.0,11,2,13,2879
45.0,11,2,14,2888
45.0,11,2,15,2896
45.0,11,3,0,2775
45.0,11,3,1,2784
45.0,11,3,2,2793
45.0,11,3,3,2801
45.0,11,3,4,2810
45.0,11,3,5,2819
45.0,11,3,6,2828
45.0,11,3,7,2837
45.0,11,3,8,2845
45.0,11,3,9,2854
45.0,11,3,10,2863
45.0,11,3,11,2871
45.0,11,3,12,2880
45.0,11,3,13,2889
45.0,11,3,14,2897
45.0,11,3,15,2906
45.0,11,4,0,2784
45.0,11,4,1,2793
45.0,11,4,2,2802
45.0,11,4,3,2811
45.0,11,4,4,2819
45.0,11,4,5,2828
45.0,11,4,6,2837
45.0,11,4,7,2846
45.0,11,4,8,2855
45.0,11,4,9,2863
45.0,11,4,10,2872
45.0,11,4,11,2881
45.0,11,4,12,2890
45.0,11,4,13,2898
45.0,11,4,14,2907
45.0,11,4,15,2915
45.0,11,5,0,2793
45.0,11,5,1,2802
45.0,11,5,2,2811
45.0,11,5,3,2820
45.0,11,5,4,2829
45.0,11,5,5,2838
45.0,11,5,6,2846
45.0,11,5,7,2855
45.0,11,5,8,2864
45.0,11,5,9,2873
45.0,11,5,10,2882
45.0,11,5,11,2890
45.0,11,5,12,2899
45.0,11,5,13,2908
45.0,11,5,14,2916
45.0,11,5,15,2925
45.0,11,6,0,2802
45.0,11,6,1,2811
45.0,11,6,2,2820
45.0,11,6,3,2829
45.0,11,6,4,2838
45.0,11,6,5,2847
45.0,11,6,6,2856
45.0,11,6,7,2865
45.0,11,6,8,2873
45.0,11,6,9,2882
45.0,11,6,10,2891
45.0,11,6,11,2900
45.0,11,6,12,2908
45.0,11,6,13,2917
45.0,11,6,14,2926
45.0,11,6,15,2934
45.0,11,7,0,2811
45.0,11,7,1,2820
45.0,11,7,2,2829
45.0,11,7,3,2838
45.0,11,7,4,2847
45.0,11,7,5,2856
45.0,11,7,6,2865
45.0,11,7,7,2874
45.0,11,7,8,2883
45.0,11,7,9,2891
45.0,11,7,10,2900
45.0,11,7,11,2909
45.0,11,7,12,2918
45.0,11,7,13,2926
45.0,11,7,14,2935
45.0,11,7,15,2944
45.0,11,8,0,2820
45.0,11,8,1,2829
45.0,11,8,2,2838
45.0,11,8,3,2847
45.0,11,8,4,2856
45.0,11,8,5,2865
45.0,11,8,6,2874
45.0,11,8,7,2883
45.0,11,8,8,2892
45.0,11,8,9,2901
45.0,11,8,10,2910
45.0,11,8,11,2918
45.0,11,8,12,2927
45.0,11,8,13,2936
45.0,11,8,14,2945
45.0,11,8,15,2953
45.0,11,9,0,2829
45.0,11,9,1,2838
45.0,11,9,2,2847
45.0,11,9,3,2856
45.0,11,9,4,2865
45.0,11,9,5,2874
45.0,11,9,6,2883
45.0,11,9,7,2892
45.0,11,9,8,2901
45.0,11,9,9,2910
45.0,11,9,10,2919
45.0,11,9,11,2928
45.0,11,9,12,2936
45.0,11,9,13,2945
45.0,11,9,14,2954
45.0,11,9,15,2963
45.0,11,10,0,2838
45.0,11,10,1,2847
45.0,11,10,2,2856
45.0,11,10,3,2865
45.0,11,10,4,2874
45.0,11,10,5,2883
45.0,11,10,6,2892
45.0,11,10,7,2901
45.0,11,10,8,2910
45.0,11,10,9,2919
45.0,11,10,10,2928
45.0,11,10,11,2937
45.0,11,10,12,2946
45.0,11,10,13,2954
45.0,11,10,14,2963
45.0,11,10,15,2972
45.0,11,11,0,2847
45.0,11,11,1,2856
45.0,11,11,2,2865
45.0,11,11,3,2874
45.0,11,11,4,2883
45.0,11,11,5,2892
45.0,11,11,6,2901
45.0,11,11,7,2910
45.0,11,11,8,2919
45.0,11,11,9,2928
45.0,11,11,10,2937
45.0,11,11,11,2946
45.0,11,11,12,2955
45.0,11,11,13,2964
45.0,11,11,14,2973
45.0,11,11,15,2981
45.0,11,12,0,2856
45.0,11,12,1,2865
45.0,11,12,2,2874
45.0,11,12,3,2883
45.0,11,12,4,2892
45.0,11,12,5,2901
45.0,11,12,6,2910
45.0,11,12,7,2919
45.0,11,12,8,2928
45.0,11,12,9,2937
45.0,11,12,10,2946
45.0,11,12,11,2955
45.0,11,12,12,2964
45.0,11,12,13,2973
45.0,11,12,14,2982
45.0,11,12,15,2991
45.0,11,13,0,2865
45.0,11,13,1,2874
45.0,11,13,2,2883
45.0,11,13,3,2892
45.0,11,13,4,2901
45.0,11,13,5,2910
45.0,11,13,6,2919
45.0,11,13,7,2928
45.0,11,13,8,2938
45.0,11,13,9,2947
45.0,11,13,10,2955
45.0,11,13,11,2964
45.0,11,13,12,2973
45.0,11,13,13,2982
45.0,11,13,14,2991
45.0,11,13,15,3000
45.0,11,14,0,2873
45.0,11,14,1,2883
45.0,11,14,2,2892
45.0,11,14,3,2901
45.0,11,14,4,2910
45.0,11,14,5,2919
45.0,11,14,6,2928
45.0,11,14,7,2938
45.0,11,14,8,2947
45.0,11,14,9,2956
45.0,11,14,10,2965
45.0,11,14,11,2974
45.0,11,14,12,2983
45.0,11,14,13,2991
45.0,11,14,14,3000
45.0,11,14,15,3009
45.0,11,15,0,2882
45.0,11,15,1,2891
45.0,11,15,2,2901
45.0,11,15,3,2910
45.0,11,15,4,2919
45.0,11,15,5,2928
45.0,11,15,6,2937
45.0,11,15,7,2947
45.0,11,15,8,2956
45.0,11,15,9,2965
45.0,11,15,10,2974
45.0,11,15,11,2983
45.0,11,15,12,2992
45.0,11,15,13,3001
45.0,11,15,14,3010
45.0,11,15,15,3018
45.0,12,0,0,2757
45.0,12,0,1,2766
45.0,12,0,2,2775
45.0,12,0,3,2784
45.0,12,0,4,2793
45.0,12,0,5,2801
45.0,12,0,6,2810
45.0,12,0,7,2819
45.0,12,0,8,2828
45.0,12,0,9,2836
45.0,12,0,10,2845
45.0,12,0,11,2853
45.0,12,0,12,2862
45.0,12,0,13,2871
45.0,12,0,14,2879
45.0,12,0,15,2888
45.0,12,1,0,2766
45.0,12,1,1,2775
45.0,12,1,2,2784
45.0,12,1,3,2793
45.0,12,1,4,2802
45.0,12,1,5,2811
45.0,12,1,6,2820
45.0,12,1,7,2828
45.0,12,1,8,2837
45.0,12,1,9,2846
45.0,12,1,10,2854
45.0,12,1,11,2863
45.0,12,1,12,2872
45.0,12,1,13,2880
45.0,12,1,14,2889
45.0,12,1,15,2897
45.0,12,2,0,2776
45.0,12,2,1,2785
45.0,12,2,2,2794
45.0,12,2,3,2802
45.0,12,2,4,2811
45.0,12,2,5,2820
45.0,12,2,6,2829
45.0,12,2,7,2838
45.0,12,2,8,2846
45.0,12,2,9,2855
45.0,12,2,10,2864
45.0,12,2,11,2873
45.0,12,2,12,2881
45.0,12,2,13,2890
45.0,12,2,14,2898
45.0,12,2,15,2907
45.0,12,3,0,2785
45.0,12,3,1,2794
45.0,12,3,2,2803
45.0,12,3,3,2812
45.0,12,3,4,2821
45.0,12,3,5,2829
45.0,12,3,6,2838
45.0,12,3,7,2847
45.0,12,3,8,2856
45.0,12,3,9,2865
45.0,12,3,10,2873
45.0,12,3,11,2882
45.0,12,3,12,2891
45.0,12,3,13,2899
45.0,12,3,14,2908
45.0,12,3,15,2917
45.0,12,4,0,2794
45.0,12,4,1,2803
45.0,12,4,2,2812
45.0,12,4,3,2821
45.0,12,4,4,2830
45.0,12,4,5,2839
45.0,12,4,6,2848
45.0,12,4,7,2856
45.0,12,4,8,2865
45.0,12,4,9,2874
45.0,12,4,10,2883
45.0,12,4,11,2891
45.0,12,4,12,2900
45.0,12,4,13,2909
45.0,12,4,14,2918
45.0,12,4,15,2926
45.0,12,5,0,2803
45.0,12,5,1,2812
45.0,12,5,2,2821
45.0,12,5,3,2830
45.0,12,5,4,2839
45.0,12,5,5,2848
45.0,12,5,6,2857
45.0,12,5,7,2866
45.0,12,5,8,2875
45.0,12,5,9,2883
45.0,12,5,10,2892
45.0,12,5,11,2901
45.0,12,5,12,2910
45.0,12,5,13,2918
45.0,12,5,14,2927
45.0,12,5,15,2936
45.0,12,6,0,2812
45.0,12,6,1,2821
45.0,12,6,2,2830
45.0,12,6,3,2839
45.0,12,6,4,2848
45.0,12,6,5,2857
45.0,12,6,6,2866
45.0,12,6,7,2875
45.0,12,6,8,2884
45.0,12,6,9,2893
45.0,12,6,10,2902
45.0,12,6,11,2910
45.0,12,6,12,2919
45.0,12,6,13,2928
45.0,12,6,14,2937
45.0,12,6,15,2945
45.0,12,7,0,2821
45.0,12,7,1,2830
45.0,12,7,2,2839
45.0,12,7,3,2848
45.0,12,7,4,2857
45.0,12,7,5,2866
45.0,12,7,6,2875
45.0,12,7,7,2884
45.0,12,7,8,2893
45.0,12,7,9,2902
45.0,12,7,10,2911
45.0,12,7,11,2920
45.0,12,7,12,2928
45.0,12,7,13,2937
45.0,12,7,14,2946
45.0,12,7,15,2955
45.0,12,8,0,2830
45.0,12,8,1,2839
45.0,12,8,2,2849
45.0,12,8,3,2858
45.0,12,8,4,2867
45.0,12,8,5,2876
45.0,12,8,6,2885
45.0,12,8,7,2894
45.0,12,8,8,2902
45.0,12,8,9,2911
45.0,12,8,10,2920
45.0,12,8,11,2929
45.0,12,8,12,2938
45.0,12,8,13,2947
45.0,12,8,14,2955
45.0,12,8,15,2964
45.0,12,9,0,2839
45.0,12,9,1,2848
45.0,12,9,2,2858
45.0,12,9,3,2867
45.0,12,9,4,2876
45.0,12,9,5,2885
45.0,12,9,6,2894
45.0,12,9,7,2903
45.0,12,9,8,2912
45.0,12,9,9,2921
45.0,12,9,10,2930
45.0,12,9,11,2938
45.0,12,9,12,2947
45.0,12,9,13,2956
45.0,12,9,14,2965
45.0,12,9,15,2974
45.0,12,10,0,2848
45.0,12,10,1,2857
45.0,12,10,2,2867
45.0,12,10,3,2876
45.0,12,10,4,2885
45.0,12,10,5,2894
45.0,12,10,6,2903
45.0,12,10,7,2912
45.0,12,10,8,2921
45.0,12,10,9,2930
45.0,12,10,10,2939
45.0,12,10,11,2948
45.0,12,10,12,2957
45.0,12,10,13,2965
45.0,12,10,14,2974
45.0,12,10,15,2983
45.0,12,11,0,2857
45.0,12,11,1,2866
45.0,12,11,2,2876
45.0,12,11,3,2885
45.0,12,11,4,2894
45.0,12,11,5,2903
45.0,12,11,6,2912
45.0,12,11,7,2921
45.0,12,11,8,2930
45.0,12,11,9,2939
45.0,12,11,10,2948
45.0,12,11,11,2957
45.0,12,11,12,2966
45.0,12,11,13,2975
45.0,12,11,14,2984
45.0,12,11,15,2992
45.0,12,12,0,2866
45.0,12,12,1,2875
45.0,12,12,2,2885
45.0,12,12,3,2894
45.0,12,12,4,2903
45.0,12,12,5,2912
45.0,12,12,6,2921
45.0,12,12,7,2930
45.0,12,12,8,2939
45.0,12,12,9,2948
45.0,12,12,10,2957
45.0,12,12,11,2966
45.0,12,12,12,2975
45.0,12,12,13,2984
45.0,12,12,14,2993
45.0,12,12,15,3002
45.0,12,13,0,2875
45.0,12,13,1,2884
45.0,12,13,2,2894
45.0,12,13,3,2903
45.0,12,13,4,2912
45.0,12,13,5,2921
45.0,12,13,6,2930
45.0,12,13,7,2939
45.0,12,13,8,2948
45.0,12,13,9,2957
45.0,12,13,10,2966
45.0,12,13,11,2975
45.0,12,13,12,2984
45.0,12,13,13,2993
45.0,12,13,14,3002
45.0,12,13,15,3011
45.0,12,14,0,2884
45.0,12,14,1,2893
45.0,12,14,2,2902
45.0,12,14,3,2912
45.0,12,14,4,2921
45.0,12,14,5,2930
45.0,12,14,6,2939
45.0,12,14,7,2948
45.0,12,14,8,2957
45.0,12,14,9,2966
45.0,12,14,10,2976
45.0,12,14,11,2985
45.0,12,14,12,2993
45.0,12,14,13,3002
45.0,12,14,14,3011
45.0,12,14,15,3020
45.0,12,15,0,2893
45.0,12,15,1,2902
45.0,12,15,2,2911
45.0,12,15,3,2921
45.0,12,15,4,2930
45.0,12,15,5,2939
45.0,12,15,6,2948
45.0,12,15,7,2957
45.0,12,15,8,2966
45.0,12,15,9,2976
45.0,12,15,10,2985
45.0,12,15,11,2994
45.0,12,15,12,3003
45.0,12,15,13,3012
45.0,12,15,14,3021
45.0,12,15,15,3030
45.0,13,0,0,2767
45.0,13,0,1,2776
45.0,13,0,2,2785
45.0,13,0,3,2794
45.0,13,0,4,2803
45.0,13,0,5,2812
45.0,13,0,6,2820
45.0,13,0,7,2829
45.0,13,0,8,2838
45.0,13,0,9,2847
45.0,13,0,10,2855
45.0,13,0,11,2864
45.0,13,0,12,2873
45.0,13,0,13,2881
45.0,13,0,14,2890
45.0,13,0,15,2898
45.0,13,1,0,2777
45.0,13,1,1,2786
45.0,13,1,2,2794
45.0,13,1,3,2803
45.0,13,1,4,2812
45.0,13,1,5,2821
45.0,13,1,6,2830
45.0,13,1,7,2839
45.0,13,1,8,2847
45.0,13,1,9,2856
45.0,13,1,10,2865
45.0,13,1,11,2873
45.0,13,1,12,2882
45.0,13,1,13,2891
45.0,13,1,14,2899
45.0,13,1,15,2908
45.0,13,2,0,2786
45.0,13,2,1,2795
45.0,13,2,2,2804
45.0,13,2,3,2813
45.0,13,2,4,2822
45.0,13,2,5,2830
45.0,13,2,6,2839
45.0,13,2,7,2848
45.0,13,2,8,2857
45.0,13,2,9,2866
45.0,13,2,10,2874
45.0,13,2,11,2883
45.0,13,2,12,2892
45.0,13,2,13,2900
45.0,13,2,14,2909
45.0,13,2,15,2918
45.0,13,3,0,2795
45.0,13,3,1,2804
45.0,13,3,2,2813
45.0,13,3,3,2822
45.0,13,3,4,2831
45.0,13,3,5,2840
45.0,13,3,6,2849
45.0,13,3,7,2858
45.0,13,3,8,2866
45.0,13,3,9,2875
45.0,13,3,10,2884
45.0,13,3,11,2893
45.0,13,3,12,2901
45.0,13,3,13,2910
45.0,13,3,14,2919
45.0,13,3,15,2927
45.0,13,4,0,2804
45.0,13,4,1,2813
45.0,13,4,2,2822
45.0,13,4,3,2831
45.0,13,4,4,2840
45.0,13,4,5,2849
45.0,13,4,6,2858
45.0,13,4,7,2867
45.0,13,4,8,2876
45.0,13,4,9,2885
45.0,13,4,10,2893
45.0,13,4,11,2902
45.0,13,4,12,2911
45.0,13,4,13,2920
45.0,13,4,14,2928
45.0,13,4,15,2937
45.0,13,5,0,2813
45.0,13,5,1,2822
45.0,13,5,2,2832
45.0,13,5,3,2841
45.0,13,5,4,2849
45.0,13,5,5,2858
45.0,13,5,6,2867
45.0,13,5,7,2876
45.0,13,5,8,2885
45.0,13,5,9,2894
45.0,13,5,10,2903
45.0,13,5,11,2912
45.0,13,5,12,2920
45.0,13,5,13,2929
45.0,13,5,14,2938
45.0,13,5,15,2946
45.0,13,6,0,2823
45.0,13,6,1,2832
45.0,13,6,2,2841
45.0,13,6,3,2850
45.0,13,6,4,2859
45.0,13,6,5,2868
45.0,13,6,6,2877
45.0,13,6,7,2886
45.0,13,6,8,2894
45.0,13,6,9,2903
45.0,13,6,10,2912
45.0,13,6,11,2921
45.0,13,6,12,2930
45.0,13,6,13,2939
45.0,13,6,14,2947
45.0,13,6,15,2956
45.0,13,7,0,2832
45.0,13,7,1,2841
45.0,13,7,2,2850
45.0,13,7,3,2859
45.0,13,7,4,2868
45.0,13,7,5,2877
45.0,13,7,6,2886
45.0,13,7,7,2895
45.0,13,7,8,2904
45.0,13,7,9,2913
45.0,13,7,10,2922
45.0,13,7,11,2930
45.0,13,7,12,2939
45.0,13,7,13,2948
45.0,13,7,14,2957
45.0,13,7,15,2966
45.0,13,8,0,2841
45.0,13,8,1,2850
45.0,13,8,2,2859
45.0,13,8,3,2868
45.0,13,8,4,2877
45.0,13,8,5,2886
45.0,13,8,6,2895
45.0,13,8,7,2904
45.0,13,8,8,2913
45.0,13,8,9,2922
45.0,13,8,10,2931
45.0,13,8,11,2940
45.0,13,8,12,2949
45.0,13,8,13,2957
45.0,13,8,14,2966
45.0,13,8,15,2975
45.0,13,9,0,2850
45.0,13,9,1,2859
45.0,13,9,2,2868
45.0,13,9,3,2877
45.0,13,9,4,2886
45.0,13,9,5,2895
45.0,13,9,6,2904
45.0,13,9,7,2913
45.0,13,9,8,2922
45.0,13,9,9,2931
45.0,13,9,10,2940
45.0,13,9,11,2949
45.0,13,9,12,2958
45.0,13,9,13,2967
45.0,13,9,14,2976
45.0,13,9,15,2984
45.0,13,10,0,2859
45.0,13,10,1,2868
45.0,13,10,2,2877
45.0,13,10,3,2886
45.0,13,10,4,2895
45.0,13,10,5,2904
45.0,13,10,6,2914
45.0,13,10,7,2923
45.0,13,10,8,2932
45.0,13,10,9,2941
45.0,13,10,10,2950
45.0,13,10,11,2958
45.0,13,10,12,2967
45.0,13,10,13,2976
45.0,13,10,14,2985
45.0,13,10,15,2994
45.0,13,11,0,2868
45.0,13,11,1,2877
45.0,13,11,2,2886
45.0,13,11,3,2895
45.0,13,11,4,2904
45.0,13,11,5,2914
45.0,13,11,6,2923
45.0,13,11,7,2932
45.0,13,11,8,2941
45.0,13,11,9,2950
45.0,13,11,10,2959
45.0,13,11,11,2968
45.0,13,11,12,2977
45.0,13,11,13,2986
45.0,13,11,14,2994
45.0,13,11,15,3003
45.0,13,12,0,2877
45.0,13,12,1,2886
45.0,13,12,2,2895
45.0,13,12,3,2904
45.0,13,12,4,2914
45.0,13,12,5,2923
45.0,13,12,6,2932
45.0,13,12,7,2941
45.0,13,12,8,2950
45.0,13,12,9,2959
45.0,13,12,10,2968
45.0,13,12,11,2977
45.0,13,12,12,2986
45.0,13,12,13,2995
45.0,13,12,14,3004
45.0,13,12,15,3013
45.0,13,13,0,2886
45.0,13,13,1,2895
45.0,13,13,2,2904
45.0,13,13,3,2913
45.0,13,13,4,2923
45.0,13,13,5,2932
45.0,13,13,6,2941
45.0,13,13,7,2950
45.0,13,13,8,2959
45.0,13,13,9,2968
45.0,13,13,10,2977
45.0,13,13,11,2986
45.0,13,13,12,2995
45.0,13,13,13,3004
45.0,13,13,14,3013
45.0,13,13,15,3022
45.0,13,14,0,2894
45.0,13,14,1,2904
45.0,13,14,2,2913
45.0,13,14,3,2922
45.0,13,14,4,2932
45.0,13,14,5,2941
45.0,13,14,6,2950
45.0,13,14,7,2959
45.0,13,14,8,2968
45.0,13,14,9,2977
45.0,13,14,10,2986
45.0,13,14,11,2995
45.0,13,14,12,3004
45.0,13,14,13,3013
45.0,13,14,14,3022
45.0,13,14,15,3031
45.0,13,15,0,2903
45.0,13,15,1,2913
45.0,13,15,2,2922
45.0,13,15,3,2931
45.0,13,15,4,2941
45.0,13,15,5,2950
45.0,13,15,6,2959
45.0,13,15,7,2968
45.0,13,15,8,2977
45.0,13,15,9,2986
45.0,13,15,10,2996
45.0,13,15,11,3005
45.0,13,15,12,3014
45.0,13,15,13,3023
45.0,13,15,14,3032
45.0,13,15,15,3041
45.0,14,0,0,2777
45.0,14,0,1,2786
45.0,14,0,2,2795
45.0,14,0,3,2804
45.0,14,0,4,2813
45.0,14,0,5,2822
45.0,14,0,6,2831
45.0,14,0,7,2839
45.0,14,0,8,2848
45.0,14,0,9,2857
45.0,14,0,10,2866
45.0,14,0,11,2874
45.0,14,0,12,2883
45.0,14,0,13,2892
45.0,14,0,14,2900
45.0,14,0,15,2909
45.0,14,1,0,2787
45.0,14,1,1,2796
45.0,14,1,2,2805
45.0,14,1,3,2814
45.0,14,1,4,2823
45.0,14,1,5,2831
45.0,14,1,6,2840
45.0,14,1,7,2849
45.0,14,1,8,2858
45.0,14,1,9,2867
45.0,14,1,10,2875
45.0,14,1,11,2884
45.0,14,1,12,2893
45.0,14,1,13,2901
45.0,14,1,14,2910
45.0,14,1,15,2919
45.0,14,2,0,2796
45.0,14,2,1,2805
45.0,14,2,2,2814
45.0,14,2,3,2823
45.0,14,2,4,2832
45.0,14,2,5,2841
45.0,14,2,6,2850
45.0,14,2,7,2858
45.0,14,2,8,2867
45.0,14,2,9,2876
45.0,14,2,10,2885
45.0,14,2,11,2894
45.0,14,2,12,2902
45.0,14,2,13,2911
45.0,14,2,14,2920
45.0,14,2,15,2928
45.0,14,3,0,2805
45.0,14,3,1,2814
45.0,14,3,2,2823
45.0,14,3,3,2832
45.0,14,3,4,2841
45.0,14,3,5,2850
45.0,14,3,6,2859
45.0,14,3,7,2868
45.0,14,3,8,2877
45.0,14,3,9,2886
45.0,14,3,10,2894
45.0,14,3,11,2903
45.0,14,3,12,2912
45.0,14,3,13,2921
45.0,14,3,14,2929
45.0,14,3,15,2938
45.0,14,4,0,2815
45.0,14,4,1,2824
45.0,14,4,2,2833
45.0,14,4,3,2842
45.0,14,4,4,2851
45.0,14,4,5,2860
45.0,14,4,6,2868
45.0,14,4,7,2877
45.0,14,4,8,2886
45.0,14,4,9,2895
45.0,14,4,10,2904
45.0,14,4,11,2913
45.0,14,4,12,2921
45.0,14,4,13,2930
45.0,14,4,14,2939
45.0,14,4,15,2948
45.0,14,5,0,2824
45.0,14,5,1,2833
45.0,14,5,2,2842
45.0,14,5,3,2851
45.0,14,5,4,2860
45.0,14,5,5,2869
45.0,14,5,6,2878
45.0,14,5,7,2887
45.0,14,5,8,2896
45.0,14,5,9,2905
45.0,14,5,10,2913
45.0,14,5,11,2922
45.0,14,5,12,2931
45.0,14,5,13,2940
45.0,14,5,14,2948
45.0,14,5,15,2957
45.0,14,6,0,2833
45.0,14,6,1,2842
45.0,14,6,2,2851
45.0,14,6,3,2860
45.0,14,6,4,2869
45.0,14,6,5,2878
45.0,14,6,6,2887
45.0,14,6,7,2896
45.0,14,6,8,2905
45.0,14,6,9,2914
45.0,14,6,10,2923
45.0,14,6,11,2932
45.0,14,6,12,2940
45.0,14,6,13,2949
45.0,14,6,14,2958
45.0,14,6,15,2967
45.0,14,7,0,2842
45.0,14,7,1,2851
45.0,14,7,2,2860
45.0,14,7,3,2869
45.0,14,7,4,2878
45.0,14,7,5,2887
45.0,14,7,6,2896
45.0,14,7,7,2905
45.0,14,7,8,2914
45.0,14,7,9,2923
45.0,14,7,10,2932
45.0,14,7,11,2941
45.0,14,7,12,2950
45.0,14,7,13,2959
45.0,14,7,14,2968
45.0,14,7,15,2976
45.0,14,8,0,2851
45.0,14,8,1,2860
45.0,14,8,2,2869
45.0,14,8,3,2879
45.0,14,8,4,2888
45.0,14,8,5,2897
45.0,14,8,6,2906
45.0,14,8,7,2915
45.0,14,8,8,2924
45.0,14,8,9,2933
45.0,14,8,10,2942
45.0,14,8,11,2951
45.0,14,8,12,2959
45.0,14,8,13,2968
45.0,14,8,14,2977
45.0,14,8,15,2986
45.0,14,9,0,2860
45.0,14,9,1,2869
45.0,14,9,2,2879
45.0,14,9,3,2888
45.0,14,9,4,2897
45.0,14,9,5,2906
45.0,14,9,6,2915
45.0,14,9,7,2924
45.0,14,9,8,2933
45.0,14,9,9,2942
45.0,14,9,10,2951
45.0,14,9,11,2960
45.0,14,9,12,2969
45.0,14,9,13,2978
45.0,14,9,14,2987
45.0,14,9,15,2995
45.0,14,10,0,2869
45.0,14,10,1,2878
45.0,14,10,2,2888
45.0,14,10,3,2897
45.0,14,10,4,2906
45.0,14,10,5,2915
45.0,14,10,6,2924
45.0,14,10,7,2933
45.0,14,10,8,2942
45.0,14,10,9,2951
45.0,14,10,10,2960
45.0,14,10,11,2969
45.0,14,10,12,2978
45.0,14,10,13,2987
45.0,14,10,14,2996
45.0,14,10,15,3005
45.0,14,11,0,2878
45.0,14,11,1,2887
45.0,14,11,2,2897
45.0,14,11,3,2906
45.0,14,11,4,2915
45.0,14,11,5,2924
45.0,14,11,6,2933
45.0,14,11,7,2942
45.0,14,11,8,2952
45.0,14,11,9,2961
45.0,14,11,10,2970
45.0,14,11,11,2979
45.0,14,11,12,2988
45.0,14,11,13,2996
45.0,14,11,14,3005
45.0,14,11,15,3014
45.0,14,12,0,2887
45.0,14,12,1,2896
45.0,14,12,2,2906
45.0,14,12,3,2915
45.0,14,12,4,2924
45.0,14,12,5,2933
45.0,14,12,6,2943
45.0,14,12,7,2952
45.0,14,12,8,2961
45.0,14,12,9,2970
45.0,14,12,10,2979
45.0,14,12,11,2988
45.0,14,12,12,2997
45.0,14,12,13,3006
45.0,14,12,14,3015
45.0,14,12,15,3024
45.0,14,13,0,2896
45.0,14,13,1,2905
45.0,14,13,2,2915
45.0,14,13,3,2924
45.0,14,13,4,2933
45.0,14,13,5,2942
45.0,14,13,6,2952
45.0,14,13,7,2961
45.0,14,13,8,2970
45.0,14,13,9,2979
45.0,14,13,10,2988
45.0,14,13,11,2997
45.0,14,13,12,3006
45.0,14,13,13,3015
45.0,14,13,14,3024
45.0,14,13,15,3033
45.0,14,14,0,2905
45.0,14,14,1,2914
45.0,14,14,2,2924
45.0,14,14,3,2933
45.0,14,14,4,2942
45.0,14,14,5,2952
45.0,14,14,6,2961
45.0,14,14,7,2970
45.0,14,14,8,2979
45.0,14,14,9,2988
45.0,14,14,10,2997
45.0,14,14,11,3006
45.0,14,14,12,3015
45.0,14,14,13,3024
45.0,14,14,14,3033
45.0,14,14,15,3042
45.0,14,15,0,2914
45.0,14,15,1,2923
45.0,14,15,2,2933
45.0,14,15,3,2942
45.0,14,15,4,2951
45.0,14,15,5,2961
45.0,14,15,6,2970
45.0,14,15,7,2979
45.0,14,15,8,2988
45.0,14,15,9,2997
45.0,14,15,10,3006
45.0,14,15,11,3016
45.0,14,15,12,3025
45.0,14,15,13,3034
45.0,14,15,14,3043
45.0,14,15,15,3052
45.0,15,0,0,2788
45.0,15,0,1,2797
45.0,15,0,2,2805
45.0,15,0,3,2814
45.0,15,0,4,2823
45.0,15,0,5,2832
45.0,15,0,6,2841
45.0,15,0,7,2850
45.0,15,0,8,2859
45.0,15,0,9,2867
45.0,15,0,10,2876
45.0,15,0,11,2885
45.0,15,0,12,2893
45.0,15,0,13,2902
45.0,15,0,14,2911
45.0,15,0,15,2919
45.0,15,1,0,2797
45.0,15,1,1,2806
45.0,15,1,2,2815
45.0,15,1,3,2824
45.0,15,1,4,2833
45.0,15,1,5,2842
45.0,15,1,6,2851
45.0,15,1,7,2859
45.0,15,1,8,2868
45.0,15,1,9,2877
45.0,15,1,10,2886
45.0,15,1,11,2894
45.0,15,1,12,2903
45.0,15,1,13,2912
45.0,15,1,14,2921
45.0,15,1,15,2929
45.0,15,2,0,2806
45.0,15,2,1,2815
45.0,15,2,2,2824
45.0,15,2,3,2833
45.0,15,2,4,2842
45.0,15,2,5,2851
45.0,15,2,6,2860
45.0,15,2,7,2869
45.0,15,2,8,2878
45.0,15,2,9,2887
45.0,15,2,10,2895
45.0,15,2,11,2904
45.0,15,2,12,2913
45.0,15,2,13,2922
45.0,15,2,14,2930
45.0,15,2,15,2939
45.0,15,3,0,2815
45.0,15,3,1,2825
45.0,15,3,2,2834
45.0,15,3,3,2843
45.0,15,3,4,2852
45.0,15,3,5,2861
45.0,15,3,6,2869
45.0,15,3,7,2878
45.0,15,3,8,2887
45.0,15,3,9,2896
45.0,15,3,10,2905
45.0,15,3,11,2914
45.0,15,3,12,2922
45.0,15,3,13,2931
45.0,15,3,14,2940
45.0,15,3,15,2949
45.0,15,4,0,2825
45.0,15,4,1,2834
45.0,15,4,2,2843
45.0,15,4,3,2852
45.0,15,4,4,2861
45.0,15,4,5,2870
45.0,15,4,6,2879
45.0,15,4,7,2888
45.0,15,4,8,2897
45.0,15,4,9,2906
45.0,15,4,10,2914
45.0,15,4,11,2923
45.0,15,4,12,2932
45.0,15,4,13,2941
45.0,15,4,14,2950
45.0,15,4,15,2958
45.0,15,5,0,2834
45.0,15,5,1,2843
45.0,15,5,2,2852
45.0,15,5,3,2861
45.0,15,5,4,2870
45.0,15,5,5,2879
45.0,15,5,6,2888
45.0,15,5,7,2897
45.0,15,5,8,2906
45.0,15,5,9,2915
45.0,15,5,10,2924
45.0,15,5,11,2933
45.0,15,5,12,2942
45.0,15,5,13,2950
45.0,15,5,14,2959
45.0,15,5,15,2968
45.0,15,6,0,2843
45.0,15,6,1,2852
45.0,15,6,2,2861
45.0,15,6,3,2871
45.0,15,6,4,2880
45.0,15,6,5,2889
45.0,15,6,6,2898
45.0,15,6,7,2907
45.0,15,6,8,2916
45.0,15,6,9,2925
45.0,15,6,10,2933
45.0,15,6,11,2942
45.0,15,6,12,2951
45.0,15,6,13,2960
45.0,15,6,14,2969
45.0,15,6,15,2978
45.0,15,7,0,2852
45.0,15,7,1,2861
45.0,15,7,2,2871
45.0,15,7,3,2880
45.0,15,7,4,2889
45.0,15,7,5,2898
45.0,15,7,6,2907
45.0,15,7,7,2916
45.0,15,7,8,2925
45.0,15,7,9,2934
45.0,15,7,10,2943
45.0,15,7,11,2952
45.0,15,7,12,2961
45.0,15,7,13,2970
45.0,15,7,14,2978
45.0,15,7,15,2987
45.0,15,8,0,2861
45.0,15,8,1,2871
45.0,15,8,2,2880
45.0,15,8,3,2889
45.0,15,8,4,2898
45.0,15,8,5,2907
45.0,15,8,6,2916
45.0,15,8,7,2925
45.0,15,8,8,2934
45.0,15,8,9,2943
45.0,15,8,10,2952
45.0,15,8,11,2961
45.0,15,8,12,2970
45.0,15,8,13,2979
45.0,15,8,14,2988
45.0,15,8,15,2997
45.0,15,9,0,2871
45.0,15,9,1,2880
45.0,15,9,2,2889
45.0,15,9,3,2898
45.0,15,9,4,2907
45.0,15,9,5,2916
45.0,15,9,6,2926
45.0,15,9,7,2935
45.0,15,9,8,2944
45.0,15,9,9,2953
45.0,15,9,10,2962
45.0,15,9,11,2971
45.0,15,9,12,2980
45.0,15,9,13,2989
45.0,15,9,14,2997
45.0,15,9,15,3006
45.0,15,10,0,2880
45.0,15,10,1,2889
45.0,15,10,2,2898
45.0,15,10,3,2907
45.0,15,10,4,2917
45.0,15,10,5,2926
45.0,15,10,6,2935
45.0,15,10,7,2944
45.0,15,10,8,2953
45.0,15,10,9,2962
45.0,15,10,10,2971
45.0,15,10,11,2980
45.0,15,10,12,2989
45.0,15,10,13,2998
45.0,15,10,14,3007
45.0,15,10,15,3016
45.0,15,11,0,2889
45.0,15,11,1,2898
45.0,15,11,2,2907
45.0,15,11,3,2916
45.0,15,11,4,2926
45.0,15,11,5,2935
45.0,15,11,6,2944
45.0,15,11,7,2953
45.0,15,11,8,2962
45.0,15,11,9,2971
45.0,15,11,10,2980
45.0,15,11,11,2989
45.0,15,11,12,2998
45.0,15,11,13,3007
45.0,15,11,14,3016
45.0,15,11,15,3025
45.0,15,12,0,2898
45.0,15,12,1,2907
45.0,15,12,2,2916
45.0,15,12,3,2926
45.0,15,12,4,2935
45.0,15,12,5,2944
45.0,15,12,6,2953
45.0,15,12,7,2962
45.0,15,12,8,2972
45.0,15,12,9,2981
45.0,15,12,10,2990
45.0,15,12,11,2999
45.0,15,12,12,3008
45.0,15,12,13,3017
45.0,15,12,14,3026
45.0,15,12,15,3035
45.0,15,13,0,2907
45.0,15,13,1,2916
45.0,15,13,2,2925
45.0,15,13,3,2935
45.0,15,13,4,2944
45.0,15,13,5,2953
45.0,15,13,6,2962
45.0,15,13,7,2972
45.0,15,13,8,2981
45.0,15,13,9,2990
45.0,15,13,10,2999
45.0,15,13,11,3008
45.0,15,13,12,3017
45.0,15,13,13,3026
45.0,15,13,14,3035
45.0,15,13,15,3044
45.0,15,14,0,2916
45.0,15,14,1,2925
45.0,15,14,2,2934
45.0,15,14,3,2944
45.0,15,14,4,2953
45.0,15,14,5,2962
45.0,15,14,6,2972
45.0,15,14,7,2981
45.0,15,14,8,2990
45.0,15,14,9,2999
45.0,15,14,10,3008
45.0,15,14,11,3017
45.0,15,14,12,3026
45.0,15,14,13,3035
45.0,15,14,14,3044
45.0,15,14,15,3053
45.0,15,15,0,2925
45.0,15,15,1,2934
45.0,15,15,2,2943
45.0,15,15,3,2953
45.0,15,15,4,2962
45.0,15,15,5,2971
45.0,15,15,6,2981
45.0,15,15,7,2990
45.0,15,15,8,2999
45.0,15,15,9,3008
45.0,15,15,10,3017
45.0,15,15,11,3027
45.0,15,15,12,3036
45.0,15,15,13,3045
45.0,15,15,14,3054
45.0,15,15,15,3063
45.5,0,0,0,2652
45.5,0,0,1,2661
45.5,0,0,2,2669
45.5,0,0,3,2678
45.5,0,0,4,2686
45.5,0,0,5,2695
45.5,0,0,6,2703
45.5,0,0,7,2711
45.5,0,0,8,2720
45.5,0,0,9,2728
45.5,0,0,10,2736
45.5,0,0,11,2745
45.5,0,0,12,2753
45.5,0,0,13,2761
45.5,0,0,14,2769
45.5,0,0,15,2778
45.5,0,1,0,2661
45.5,0,1,1,2670
45.5,0,1,2,2678
45.5,0,1,3,2687
45.5,0,1,4,2695
45.5,0,1,5,2704
45.5,0,1,6,2712
45.5,0,1,7,2721
45.5,0,1,8,2729
45.5,0,1,9,2737
45.5,0,1,10,2746
45.5,0,1,11,2754
45.5,0,1,12,2762
45.5,0,1,13,2770
45.5,0,1,14,2779
45.5,0,1,15,2787
45.5,0,2,0,2670
45.5,0,2,1,2679
45.5,0,2,2,2687
45.5,0,2,3,2696
45.5,0,2,4,2704
45.5,0,2,5,2713
45.5,0,2,6,2721
45.5,0,2,7,2730
45.5,0,2,8,2738
45.5,0,2,9,2746
45.5,0,2,10,2755
45.5,0,2,11,2763
45.5,0,2,12,2771
45.5,0,2,13,2780
45.5,0,2,14,2788
45.5,0,2,15,2796
45.5,0,3,0,2679
45.5,0,3,1,2687
45.5,0,3,2,2696
45.5,0,3,3,2705
45.5,0,3,4,2713
45.5,0,3,5,2722
45.5,0,3,6,2730
45.5,0,3,7,2739
45.5,0,3,8,2747
45.5,0,3,9,2755
45.5,0,3,10,2764
45.5,0,3,11,2772
45.5,0,3,12,2781
45.5,0,3,13,2789
45.5,0,3,14,2797
45.5,0,3,15,2805
45.5,0,4,0,2688
45.5,0,4,1,2696
45.5,0,4,2,2705
45.5,0,4,3,2713
45.5,0,4,4,2722
45.5,0,4,5,2731
45.5,0,4,6,2739
45.5,0,4,7,2748
45.5,0,4,8,2756
45.5,0,4,9,2765
45.5,0,4,10,2773
45.5,0,4,11,2781
45.5,0,4,12,2790
45.5,0,4,13,2798
45.5,0,4,14,2806
45.5,0,4,15,2815
45.5,0,5,0,2696
45.5,0,5,1,2705
45.5,0,5,2,2714
45.5,0,5,3,2722
45.5,0,5,4,2731
45.5,0,5,5,2740
45.5,0,5,6,2748
45.5,0,5,7,2757
45.5,0,5,8,2765
45.5,0,5,9,2774
45.5,0,5,10,2782
45.5,0,5,11,2790
45.5,0,5,12,2799
45.5,0,5,13,2807
45.5,0,5,14,2816
45.5,0,5,15,2824
45.5,0,6,0,2705
45.5,0,6,1,2714
45.5,0,6,2,2723
45.5,0,6,3,2731
45.5,0,6,4,2740
45.5,0,6,5,2748
45.5,0,6,6,2757
45.5,0,6,7,2766
45.5,0,6,8,2774
45.5,0,6,9,2783
45.5,0,6,10,2791
45.5,0,6,11,2799
45.5,0,6,12,2808
45.5,0,6,13,2816
45.5,0,6,14,2825
45.5,0,6,15,2833
45.5,0,7,0,2714
45.5,0,7,1,2723
45.5,0,7,2,2731
45.5,0,7,3,2740
45.5,0,7,4,2749
45.5,0,7,5,2757
45.5,0,7,6,2766
45.5,0,7,7,2774
45.5,0,7,8,2783
45.5,0,7,9,2792
45.5,0,7,10,2800
45.5,0,7,11,2808
45.5,0,7,12,2817
45.5,0,7,13,2825
45.5,0,7,14,2834
45.5,0,7,15,2842
45.5,0,8,0,2723
45.5,0,8,1,2731
45.5,0,8,2,2740
45.5,0,8,3,2749
45.5,0,8,4,2757
45.5,0,8,5,2766
45.5,0,8,6,2775
45.5,0,8,7,2783
45.5,0,8,8,2792
45.5,0,8,9,2800
45.5,0,8,10,2809
45.5,0,8,11,2817
45.5,0,8,12,2826
45.5,0,8,13,2834
45.5,0,8,14,2843
45.5,0,8,15,2851
45.5,0,9,0,2731
45.5,0,9,1,2740
45.5,0,9,2,2749
45.5,0,9,3,2757
45.5,0,9,4,2766
45.5,0,9,5,2775
45.5,0,9,6,2784
45.5,0,9,7,2792
45.5,0,9,8,2801
45.5,0,9,9,2809
45.5,0,9,10,2818
45.5,0,9,11,2826
45.5,0,9,12,2835
45.5,0,9,13,2843
45.5,0,9,14,2852
45.5,0,9,15,2860
45.5,0,10,0,2740
45.5,0,10,1,2749
45.5,0,10,2,2757
45.5,0,10,3,2766
45.5,0,10,4,2775
45.5,0,10,5,2784
45.5,0,10,6,2792
45.5,0,10,7,2801
45.5,0,10,8,2810
45.5,0,10,9,2818
45.5,0,10,10,2827
45.5,0,10,11,2835
45.5,0,10,12,2844
45.5,0,10,13,2852
45.5,0,10,14,2861
45.5,0,10,15,2869
45.5,0,11,0,2748
45.5,0,11,1,2757
45.5,0,11,2,2766
45.5,0,11,3,2775
45.5,0,11,4,2784
45.5,0,11,5,2792
45.5,0,11,6,2801
45.5,0,11,7,2810
45.5,0,11,8,2818
45.5,0,11,9,2827
45.5,0,11,10,2836
45.5,0,11,11,2844
45.5,0,11,12,2853
45.5,0,11,13,2861
45.5,0,11,14,2870
45.5,0,11,15,2878
45.5,0,12,0,2757
45.5,0,12,1,2766
45.5,0,12,2,2775
45.5,0,12,3,2784
45.5,0,12,4,2792
45.5,0,12,5,2801
45.5,0,12,6,2810
45.5,0,12,7,2819
45.5,0,12,8,2827
45.5,0,12,9,2836
45.5,0,12,10,2845
45.5,0,12,11,2853
45.5,0,12,12,2862
45.5,0,12,13,2870
45.5,0,12,14,2879
45.5,0,12,15,2887
45.5,0,13,0,2766
45.5,0,13,1,2774
45.5,0,13,2,2783
45.5,0,13,3,2792
45.5,0,13,4,2801
45.5,0,13,5,2810
45.5,0,13,6,2819
45.5,0,13,7,2827
45.5,0,13,8,2836
45.5,0,13,9,2845
45.5,0,13,10,2853
45.5,0,13,11,2862
45.5,0,13,12,2871
45.5,0,13,13,2879
45.5,0,13,14,2888
45.5,0,13,15,2896
45.5,0,14,0,2774
45.5,0,14,1,2783
45.5,0,14,2,2792
45.5,0,14,3,2801
45.5,0,14,4,2810
45.5,0,14,5,2818
45.5,0,14,6,2827
45.5,0,14,7,2836
45.5,0,14,8,2845
45.5,0,14,9,2853
45.5,0,14,10,2862
45.5,0,14,11,2871
45.5,0,14,12,2879
45.5,0,14,13,2888
45.5,0,14,14,2897
45.5,0,14,15,2905
45.5,0,15,0,2783
45.5,0,15,1,2792
45.5,0,15,2,2800
45.5,0,15,3,2809
45.5,0,15,4,2818
45.5,0,15,5,2827
45.5,0,15,6,2836
45.5,0,15,7,2845
45.5,0,15,8,2853
45.5,0,15,9,2862
45.5,0,15,10,2871
45.5,0,15,11,2880
45.5,0,15,12,2888
45.5,0,15,13,2897
45.5,0,15,14,2906
45.5,0,15,15,2914
45.5,1,0,0,2662
45.5,1,0,1,2671
45.5,1,0,2,2680
45.5,1,0,3,2688
45.5,1,0,4,2697
45.5,1,0,5,2705
45.5,1,0,6,2713
45.5,1,0,7,2722
45.5,1,0,8,2730
45.5,1,0,9,2739
45.5,1,0,10,2747
45.5,1,0,11,2755
45.5,1,0,12,2764
45.5,1,0,13,2772
45.5,1,0,14,2780
45.5,1,0,15,2788
45.5,1,1,0,2671
45.5,1,1,1,2680
45.5,1,1,2,2689
45.5,1,1,3,2697
45.5,1,1,4,2706
45.5,1,1,5,2714
45.5,1,1,6,2723
45.5,1,1,7,2731
45.5,1,1,8,2739
45.5,1,1,9,2748
45.5,1,1,10,2756
45.5,1,1,11,2765
45.5,1,1,12,2773
45.5,1,1,13,2781
45.5,1,1,14,2789
45.5,1,1,15,2798
45.5,1,2,0,2680
45.5,1,2,1,2689
45.5,1,2,2,2697
45.5,1,2,3,2706
45.5,1,2,4,2715
45.5,1,2,5,2723
45.5,1,2,6,2732
45.5,1,2,7,2740
45.5,1,2,8,2749
45.5,1,2,9,2757
45.5,1,2,10,2765
45.5,1,2,11,2774
45.5,1,2,12,2782
45.5,1,2,13,2790
45.5,1,2,14,2799
45.5,1,2,15,2807
45.5,1,3,0,2689
45.5,1,3,1,2698
45.5,1,3,2,2706
45.5,1,3,3,2715
45.5,1,3,4,2724
45.5,1,3,5,2732
45.5,1,3,6,2741
45.5,1,3,7,2749
45.5,1,3,8,2758
45.5,1,3,9,2766
45.5,1,3,10,2774
45.5,1,3,11,2783
45.5,1,3,12,2791
45.5,1,3,13,2800
45.5,1,3,14,2808
45.5,1,3,15,2816
45.5,1,4,0,2698
45.5,1,4,1,2707
45.5,1,4,2,2715
45.5,1,4,3,2724
45.5,1,4,4,2733
45.5,1,4,5,2741
45.5,1,4,6,2750
45.5,1,4,7,2758
45.5,1,4,8,2767
45.5,1,4,9,2775
45.5,1,4,10,2784
45.5,1,4,11,2792
45.5,1,4,12,2800
45.5,1,4,13,2809
45.5,1,4,14,2817
45.5,1,4,15,2825
45.5,1,5,0,2707
45.5,1,5,1,2715
45.5,1,5,2,2724
45.5,1,5,3,2733
45.5,1,5,4,2741
45.5,1,5,5,2750
45.5,1,5,6,2759
45.5,1,5,7,2767
45.5,1,5,8,2776
45.5,1,5,9,2784
45.5,1,5,10,2793
45.5,1,5,11,2801
45.5,1,5,12,2810
45.5,1,5,13,2818
45.5,1,5,14,2826
45.5,1,5,15,2835
45.5,1,6,0,2715
45.5,1,6,1,2724
45.5,1,6,2,2733
45.5,1,6,3,2742
45.5,1,6,4,2750
45.5,1,6,5,2759
45.5,1,6,6,2768
45.5,1,6,7,2776
45.5,1,6,8,2785
45.5,1,6,9,2793
45.5,1,6,10,2802
45.5,1,6,11,2810
45.5,1,6,12,2819
45.5,1,6,13,2827
45.5,1,6,14,2835
45.5,1,6,15,2844
45.5,1,7,0,2724
45.5,1,7,1,2733
45.5,1,7,2,2742
45.5,1,7,3,2750
45.5,1,7,4,2759
45.5,1,7,5,2768
45.5,1,7,6,2776
45.5,1,7,7,2785
45.5,1,7,8,2794
45.5,1,7,9,2802
45.5,1,7,10,2811
45.5,1,7,11,2819
45.5,1,7,12,2828
45.5,1,7,13,2836
45.5,1,7,14,2845
45.5,1,7,15,2853
45.5,1,8,0,2733
45.5,1,8,1,2742
45.5,1,8,2,2751
45.5,1,8,3,2759
45.5,1,8,4,2768
45.5,1,8,5,2777
45.5,1,8,6,2785
45.5,1,8,7,2794
45.5,1,8,8,2803
45.5,1,8,9,2811
45.5,1,8,10,2820
45.5,1,8,11,2828
45.5,1,8,12,2837
45.5,1,8,13,2845
45.5,1,8,14,2854
45.5,1,8,15,2862
45.5,1,9,0,2742
45.5,1,9,1,2750
45.5,1,9,2,2759
45.5,1,9,3,2768
45.5,1,9,4,2777
45.5,1,9,5,2786
45.5,1,9,6,2794
45.5,1,9,7,2803
45.5,1,9,8,2812
45.5,1,9,9,2820
45.5,1,9,10,2829
45.5,1,9,11,2837
45.5,1,9,12,2846
45.5,1,9,13,2854
45.5,1,9,14,2863
45.5,1,9,15,2871
45.5,1,10,0,2750
45.5,1,10,1,2759
45.5,1,10,2,2768
45.5,1,10,3,2777
45.5,1,10,4,2786
45.5,1,10,5,2794
45.5,1,10,6,2803
45.5,1,10,7,2812
45.5,1,10,8,2820
45.5,1,10,9,2829
45.5,1,10,10,2838
45.5,1,10,11,2846
45.5,1,10,12,2855
45.5,1,10,13,2863
45.5,1,10,14,2872
45.5,1,10,15,2880
45.5,1,11,0,2759
45.5,1,11,1,2768
45.5,1,11,2,2777
45.5,1,11,3,2786
45.5,1,11,4,2794
45.5,1,11,5,2803
45.5,1,11,6,2812
45.5,1,11,7,2821
45.5,1,11,8,2829
45.5,1,11,9,2838
45.5,1,11,10,2847
45.5,1,11,11,2855
45.5,1,11,12,2864
45.5,1,11,13,2872
45.5,1,11,14,2881
45.5,1,11,15,2889
45.5,1,12,0,2768
45.5,1,12,1,2776
45.5,1,12,2,2785
45.5,1,12,3,2794
45.5,1,12,4,2803
45.5,1,12,5,2812
45.5,1,12,6,2821
45.5,1,12,7,2829
45.5,1,12,8,2838
45.5,1,12,9,2847
45.5,1,12,10,2855
45.5,1,12,11,2864
45.5,1,12,12,2873
45.5,1,12,13,2881
45.5,1,12,14,2890
45.5,1,12,15,2898
45.5,1,13,0,2776
45.5,1,13,1,2785
45.5,1,13,2,2794
45.5,1,13,3,2803
45.5,1,13,4,2812
45.5,1,13,5,2821
45.5,1,13,6,2829
45.5,1,13,7,2838
45.5,1,13,8,2847
45.5,1,13,9,2856
45.5,1,13,10,2864
45.5,1,13,11,2873
45.5,1,13,12,2882
45.5,1,13,13,2890
45.5,1,13,14,2899
45.5,1,13,15,2907
45.5,1,14,0,2785
45.5,1,14,1,2794
45.5,1,14,2,2803
45.5,1,14,3,2812
45.5,1,14,4,2820
45.5,1,14,5,2829
45.5,1,14,6,2838
45.5,1,14,7,2847
45.5,1,14,8,2856
45.5,1,14,9,2864
45.5,1,14,10,2873
45.5,1,14,11,2882
45.5,1,14,12,2890
45.5,1,14,13,2899
45.5,1,14,14,2908
45.5,1,14,15,2916
45.5,1,15,0,2793
45.5,1,15,1,2802
45.5,1,15,2,2811
45.5,1,15,3,2820
45.5,1,15,4,2829
45.5,1,15,5,2838
45.5,1,15,6,2847
45.5,1,15,7,2856
45.5,1,15,8,2864
45.5,1,15,9,2873
45.5,1,15,10,2882
45.5,1,15,11,2891
45.5,1,15,12,2899
45.5,1,15,13,2908
45.5,1,15,14,2917
45.5,1,15,15,2925
45.5,2,0,0,2673
45.5,2,0,1,2681
45.5,2,0,2,2690
45.5,2,0,3,2698
45.5,2,0,4,2707
45.5,2,0,5,2715
45.5,2,0,6,2724
45.5,2,0,7,2732
45.5,2,0,8,2741
45.5,2,0,9,2749
45.5,2,0,10,2757
45.5,2,0,11,2766
45.5,2,0,12,2774
45.5,2,0,13,2782
45.5,2,0,14,2791
45.5,2,0,15,2799
45.5,2,1,0,2682
45.5,2,1,1,2690
45.5,2,1,2,2699
45.5,2,1,3,2707
45.5,2,1,4,2716
45.5,2,1,5,2724
45.5,2,1,6,2733
45.5,2,1,7,2741
45.5,2,1,8,2750
45.5,2,1,9,2758
45.5,2,1,10,2767
45.5,2,1,11,2775
45.5,2,1,12,2783
45.5,2,1,13,2792
45.5,2,1,14,2800
45.5,2,1,15,2808
45.5,2,2,0,2690
45.5,2,2,1,2699
45.5,2,2,2,2708
45.5,2,2,3,2716
45.5,2,2,4,2725
45.5,2,2,5,2733
45.5,2,2,6,2742
45.5,2,2,7,2751
45.5,2,2,8,2759
45.5,2,2,9,2767
45.5,2,2,10,2776
45.5,2,2,11,2784
45.5,2,2,12,2793
45.5,2,2,13,2801
45.5,2,2,14,2809
45.5,2,2,15,2818
45.5,2,3,0,2699
45.5,2,3,1,2708
45.5,2,3,2,2717
45.5,2,3,3,2725
45.5,2,3,4,2734
45.5,2,3,5,2743
45.5,2,3,6,2751
45.5,2,3,7,2760
45.5,2,3,8,2768
45.5,2,3,9,2777
45.5,2,3,10,2785
45.5,2,3,11,2793
45.5,2,3,12,2802
45.5,2,3,13,2810
45.5,2,3,14,2819
45.5,2,3,15,2827
45.5,2,4,0,2708
45.5,2,4,1,2717
45.5,2,4,2,2726
45.5,2,4,3,2734
45.5,2,4,4,2743
45.5,2,4,5,2752
45.5,2,4,6,2760
45.5,2,4,7,2769
45.5,2,4,8,2777
45.5,2,4,9,2786
45.5,2,4,10,2794
45.5,2,4,11,2803
45.5,2,4,12,2811
45.5,2,4,13,2820
45.5,2,4,14,2828
45.5,2,4,15,2836
45.5,2,5,0,2717
45.5,2,5,1,2726
45.5,2,5,2,2735
45.5,2,5,3,2743
45.5,2,5,4,2752
45.5,2,5,5,2761
45.5,2,5,6,2769
45.5,2,5,7,2778
45.5,2,5,8,2786
45.5,2,5,9,2795
45.5,2,5,10,2803
45.5,2,5,11,2812
45.5,2,5,12,2820
45.5,2,5,13,2829
45.5,2,5,14,2837
45.5,2,5,15,2845
45.5,2,6,0,2726
45.5,2,6,1,2735
45.5,2,6,2,2743
45.5,2,6,3,2752
45.5,2,6,4,2761
45.5,2,6,5,2769
45.5,2,6,6,2778
45.5,2,6,7,2787
45.5,2,6,8,2795
45.5,2,6,9,2804
45.5,2,6,10,2812
45.5,2,6,11,2821
45.5,2,6,12,2829
45.5,2,6,13,2838
45.5,2,6,14,2846
45.5,2,6,15,2855
45.5,2,7,0,2735
45.5,2,7,1,2743
45.5,2,7,2,2752
45.5,2,7,3,2761
45.5,2,7,4,2770
45.5,2,7,5,2778
45.5,2,7,6,2787
45.5,2,7,7,2796
45.5,2,7,8,2804
45.5,2,7,9,2813
45.5,2,7,10,2821
45.5,2,7,11,2830
45.5,2,7,12,2839
45.5,2,7,13,2847
45.5,2,7,14,2855
45.5,2,7,15,2864
45.5,2,8,0,2743
45.5,2,8,1,2752
45.5,2,8,2,2761
45.5,2,8,3,2770
45.5,2,8,4,2779
45.5,2,8,5,2787
45.5,2,8,6,2796
45.5,2,8,7,2805
45.5,2,8,8,2813
45.5,2,8,9,2822
45.5,2,8,10,2831
45.5,2,8,11,2839
45.5,2,8,12,2848
45.5,2,8,13,2856
45.5,2,8,14,2865
45.5,2,8,15,2873
45.5,2,9,0,2752
45.5,2,9,1,2761
45.5,2,9,2,2770
45.5,2,9,3,2779
45.5,2,9,4,2787
45.5,2,9,5,2796
45.5,2,9,6,2805
45.5,2,9,7,2814
45.5,2,9,8,2822
45.5,2,9,9,2831
45.5,2,9,10,2840
45.5,2,9,11,2848
45.5,2,9,12,2857
45.5,2,9,13,2865
45.5,2,9,14,2874
45.5,2,9,15,2882
45.5,2,10,0,2761
45.5,2,10,1,2770
45.5,2,10,2,2779
45.5,2,10,3,2787
45.5,2,10,4,2796
45.5,2,10,5,2805
45.5,2,10,6,2814
45.5,2,10,7,2822
45.5,2,10,8,2831
45.5,2,10,9,2840
45.5,2,10,10,2848
45.5,2,10,11,2857
45.5,2,10,12,2866
45.5,2,10,13,2874
45.5,2,10,14,2883
45.5,2,10,15,2891
45.5,2,11,0,2769
45.5,2,11,1,2778
45.5,2,11,2,2787
45.5,2,11,3,2796
45.5,2,11,4,2805
45.5,2,11,5,2814
45.5,2,11,6,2823
45.5,2,11,7,2831
45.5,2,11,8,2840
45.5,2,11,9,2849
45.5,2,11,10,2857
45.5,2,11,11,2866
45.5,2,11,12,2875
45.5,2,11,13,2883
45.5,2,11,14,2892
45.5,2,11,15,2900
45.5,2,12,0,2778
45.5,2,12,1,2787
45.5,2,12,2,2796
45.5,2,12,3,2805
45.5,2,12,4,2814
45.5,2,12,5,2823
45.5,2,12,6,2831
45.5,2,12,7,2840
45.5,2,12,8,2849
45.5,2,12,9,2858
45.5,2,12,10,2866
45.5,2,12,11,2875
45.5,2,12,12,2884
45.5,2,12,13,2892
45.5,2,12,14,2901
45.5,2,12,15,2909
45.5,2,13,0,2787
45.5,2,13,1,2796
45.5,2,13,2,2805
45.5,2,13,3,2814
45.5,2,13,4,2822
45.5,2,13,5,2831
45.5,2,13,6,2840
45.5,2,13,7,2849
45.5,2,13,8,2858
45.5,2,13,9,2867
45.5,2,13,10,2875
45.5,2,13,11,2884
45.5,2,13,12,2893
45.5,2,13,13,2901
45.5,2,13,14,2910
45.5,2,13,15,2918
45.5,2,14,0,2795
45.5,2,14,1,2804
45.5,2,14,2,2813
45.5,2,14,3,2822
45.5,2,14,4,2831
45.5,2,14,5,2840
45.5,2,14,6,2849
45.5,2,14,7,2858
45.5,2,14,8,2867
45.5,2,14,9,2875
45.5,2,14,10,2884
45.5,2,14,11,2893
45.5,2,14,12,2902
45.5,2,14,13,2910
45.5,2,14,14,2919
45.5,2,14,15,2927
45.5,2,15,0,2804
45.5,2,15,1,2813
45.5,2,15,2,2822
45.5,2,15,3,2831
45.5,2,15,4,2840
45.5,2,15,5,2849
45.5,2,15,6,2858
45.5,2,15,7,2867
45.5,2,15,8,2875
45.5,2,15,9,2884
45.5,2,15,10,2893
45.5,2,15,11,2902
45.5,2,15,12,2910
45.5,2,15,13,2919
45.5,2,15,14,2928
45.5,2,15,15,2936
45.5,3,0,0,2683
45.5,3,0,1,2691
45.5,3,0,2,2700
45.5,3,0,3,2709
45.5,3,0,4,2717
45.5,3,0,5,2726
45.5,3,0,6,2734
45.5,3,0,7,2743
45.5,3,0,8,2751
45.5,3,0,9,2760
45.5,3,0,10,2768
45.5,3,0,11,2776
45.5,3,0,12,2785
45.5,3,0,13,2793
45.5,3,0,14,2801
45.5,3,0,15,2810
45.5,3,1,0,2692
45.5,3,1,1,2700
45.5,3,1,2,2709
45.5,3,1,3,2718
45.5,3,1,4,2726
45.5,3,1,5,2735
45.5,3,1,6,2743
45.5,3,1,7,2752
45.5,3,1,8,2760
45.5,3,1,9,2769
45.5,3,1,10,2777
45.5,3,1,11,2786
45.5,3,1,12,2794
45.5,3,1,13,2802
45.5,3,1,14,2811
45.5,3,1,15,2819
45.5,3,2,0,2701
45.5,3,2,1,2709
45.5,3,2,2,2718
45.5,3,2,3,2727
45.5,3,2,4,2735
45.5,3,2,5,2744
45.5,3,2,6,2752
45.5,3,2,7,2761
45.5,3,2,8,2770
45.5,3,2,9,2778
45.5,3,2,10,2786
45.5,3,2,11,2795
45.5,3,2,12,2803
45.5,3,2,13,2812
45.5,3,2,14,2820
45.5,3,2,15,2828
45.5,3,3,0,2710
45.5,3,3,1,2718
45.5,3,3,2,2727
45.5,3,3,3,2736
45.5,3,3,4,2744
45.5,3,3,5,2753
45.5,3,3,6,2762
45.5,3,3,7,2770
45.5,3,3,8,2779
45.5,3,3,9,2787
45.5,3,3,10,2796
45.5,3,3,11,2804
45.5,3,3,12,2813
45.5,3,3,13,2821
45.5,3,3,14,2829
45.5,3,3,15,2838
45.5,3,4,0,2719
45.5,3,4,1,2727
45.5,3,4,2,2736
45.5,3,4,3,2745
45.5,3,4,4,2753
45.5,3,4,5,2762
45.5,3,4,6,2771
45.5,3,4,7,2779
45.5,3,4,8,2788
45.5,3,4,9,2796
45.5,3,4,10,2805
45.5,3,4,11,2813
45.5,3,4,12,2822
45.5,3,4,13,2830
45.5,3,4,14,2839
45.5,3,4,15,2847
45.5,3,5,0,2727
45.5,3,5,1,2736
45.5,3,5,2,2745
45.5,3,5,3,2754
45.5,3,5,4,2762
45.5,3,5,5,2771
45.5,3,5,6,2780
45.5,3,5,7,2788
45.5,3,5,8,2797
45.5,3,5,9,2805
45.5,3,5,10,2814
45.5,3,5,11,2823
45.5,3,5,12,2831
45.5,3,5,13,2839
45.5,3,5,14,2848
45.5,3,5,15,2856
45.5,3,6,0,2736
45.5,3,6,1,2745
45.5,3,6,2,2754
45.5,3,6,3,2763
45.5,3,6,4,2771
45.5,3,6,5,2780
45.5,3,6,6,2789
45.5,3,6,7,2797
45.5,3,6,8,2806
45.5,3,6,9,2815
45.5,3,6,10,2823
45.5,3,6,11,2832
45.5,3,6,12,2840
45.5,3,6,13,2849
45.5,3,6,14,2857
45.5,3,6,15,2866
45.5,3,7,0,2745
45.5,3,7,1,2754
45.5,3,7,2,2763
45.5,3,7,3,2771
45.5,3,7,4,2780
45.5,3,7,5,2789
45.5,3,7,6,2798
45.5,3,7,7,2806
45.5,3,7,8,2815
45.5,3,7,9,2824
45.5,3,7,10,2832
45.5,3,7,11,2841
45.5,3,7,12,2849
45.5,3,7,13,2858
45.5,3,7,14,2866
45.5,3,7,15,2875
45.5,3,8,0,2754
45.5,3,8,1,2763
45.5,3,8,2,2772
45.5,3,8,3,2780
45.5,3,8,4,2789
45.5,3,8,5,2798
45.5,3,8,6,2807
45.5,3,8,7,2815
45.5,3,8,8,2824
45.5,3,8,9,2833
45.5,3,8,10,2841
45.5,3,8,11,2850
45.5,3,8,12,2858
45.5,3,8,13,2867
45.5,3,8,14,2876
45.5,3,8,15,2884
45.5,3,9,0,2763
45.5,3,9,1,2771
45.5,3,9,2,2780
45.5,3,9,3,2789
45.5,3,9,4,2798
45.5,3,9,5,2807
45.5,3,9,6,2816
45.5,3,9,7,2824
45.5,3,9,8,2833
45.5,3,9,9,2842
45.5,3,9,10,2850
45.5,3,9,11,2859
45.5,3,9,12,2868
45.5,3,9,13,2876
45.5,3,9,14,2885
45.5,3,9,15,2893
45.5,3,10,0,2771
45.5,3,10,1,2780
45.5,3,10,2,2789
45.5,3,10,3,2798
45.5,3,10,4,2807
45.5,3,10,5,2816
45.5,3,10,6,2824
45.5,3,10,7,2833
45.5,3,10,8,2842
45.5,3,10,9,2851
45.5,3,10,10,2859
45.5,3,10,11,2868
45.5,3,10,12,2877
45.5,3,10,13,2885
45.5,3,10,14,2894
45.5,3,10,15,2902
45.5,3,11,0,2780
45.5,3,11,1,2789
45.5,3,11,2,2798
45.5,3,11,3,2807
45.5,3,11,4,2816
45.5,3,11,5,2824
45.5,3,11,6,2833
45.5,3,11,7,2842
45.5,3,11,8,2851
45.5,3,11,9,2860
45.5,3,11,10,2868
45.5,3,11,11,2877
45.5,3,11,12,2886
45.5,3,11,13,2894
45.5,3,11,14,2903
45.5,3,11,15,2911
45.5,3,12,0,2789
45.5,3,12,1,2798
45.5,3,12,2,2807
45.5,3,12,3,2816
45.5,3,12,4,2824
45.5,3,12,5,2833
45.5,3,12,6,2842
45.5,3,12,7,2851
45.5,3,12,8,2860
45.5,3,12,9,2869
45.5,3,12,10,2877
45.5,3,12,11,2886
45.5,3,12,12,2895
45.5,3,12,13,2903
45.5,3,12,14,2912
45.5,3,12,15,2921
45.5,3,13,0,2797
45.5,3,13,1,2806
45.5,3,13,2,2815
45.5,3,13,3,2824
45.5,3,13,4,2833
45.5,3,13,5,2842
45.5,3,13,6,2851
45.5,3,13,7,2860
45.5,3,13,8,2869
45.5,3,13,9,2877
45.5,3,13,10,2886
45.5,3,13,11,2895
45.5,3,13,12,2904
45.5,3,13,13,2912
45.5,3,13,14,2921
45.5,3,13,15,2930
45.5,3,14,0,2806
45.5,3,14,1,2815
45.5,3,14,2,2824
45.5,3,14,3,2833
45.5,3,14,4,2842
45.5,3,14,5,2851
45.5,3,14,6,2860
45.5,3,14,7,2869
45.5,3,14,8,2877
45.5,3,14,9,2886
45.5,3,14,10,2895
45.5,3,14,11,2904
45.5,3,14,12,2913
45.5,3,14,13,2921
45.5,3,14,14,2930
45.5,3,14,15,2939
45.5,3,15,0,2815
45.5,3,15,1,2824
45.5,3,15,2,2833
45.5,3,15,3,2842
45.5,3,15,4,2851
45.5,3,15,5,2860
45.5,3,15,6,2869
45.5,3,15,7,2877
45.5,3,15,8,2886
45.5,3,15,9,2895
45.5,3,15,10,2904
45.5,3,15,11,2913
45.5,3,15,12,2921
45.5,3,15,13,2930
45.5,3,15,14,2939
45.5,3,15,15,2948
45.5,4,0,0,2693
45.5,4,0,1,2702
45.5,4,0,2,2710
45.5,4,0,3,2719
45.5,4,0,4,2727
45.5,4,0,5,2736
45.5,4,0,6,2745
45.5,4,0,7,2753
45.5,4,0,8,2762
45.5,4,0,9,2770
45.5,4,0,10,2778
45.5,4,0,11,2787
45.5,4,0,12,2795
45.5,4,0,13,2804
45.5,4,0,14,2812
45.5,4,0,15,2820
45.5,4,1,0,2702
45.5,4,1,1,2711
45.5,4,1,2,2719
45.5,4,1,3,2728
45.5,4,1,4,2737
45.5,4,1,5,2745
45.5,4,1,6,2754
45.5,4,1,7,2762
45.5,4,1,8,2771
45.5,4,1,9,2779
45.5,4,1,10,2788
45.5,4,1,11,2796
45.5,4,1,12,2805
45.5,4,1,13,2813
45.5,4,1,14,2821
45.5,4,1,15,2830
45.5,4,2,0,2711
45.5,4,2,1,2720
45.5,4,2,2,2728
45.5,4,2,3,2737
45.5,4,2,4,2746
45.5,4,2,5,2754
45.5,4,2,6,2763
45.5,4,2,7,2771
45.5,4,2,8,2780
45.5,4,2,9,2789
45.5,4,2,10,2797
45.5,4,2,11,2805
45.5,4,2,12,2814
45.5,4,2,13,2822
45.5,4,2,14,2831
45.5,4,2,15,2839
45.5,4,3,0,2720
45.5,4,3,1,2729
45.5,4,3,2,2737
45.5,4,3,3,2746
45.5,4,3,4,2755
45.5,4,3,5,2763
45.5,4,3,6,2772
45.5,4,3,7,2781
45.5,4,3,8,2789
45.5,4,3,9,2798
45.5,4,3,10,2806
45.5,4,3,11,2815
45.5,4,3,12,2823
45.5,4,3,13,2832
45.5,4,3,14,2840
45.5,4,3,15,2848
45.5,4,4,0,2729
45.5,4,4,1,2738
45.5,4,4,2,2746
45.5,4,4,3,2755
45.5,4,4,4,2764
45.5,4,4,5,2772
45.5,4,4,6,2781
45.5,4,4,7,2790
45.5,4,4,8,2798
45.5,4,4,9,2807
45.5,4,4,10,2815
45.5,4,4,11,2824
45.5,4,4,12,2832
45.5,4,4,13,2841
45.5,4,4,14,2849
45.5,4,4,15,2858
45.5,4,5,0,2738
45.5,4,5,1,2747
45.5,4,5,2,2755
45.5,4,5,3,2764
45.5,4,5,4,2773
45.5,4,5,5,2782
45.5,4,5,6,2790
45.5,4,5,7,2799
45.5,4,5,8,2807
45.5,4,5,9,2816
45.5,4,5,10,2825
45.5,4,5,11,2833
45.5,4,5,12,2842
45.5,4,5,13,2850
45.5,4,5,14,2859
45.5,4,5,15,2867
45.5,4,6,0,2747
45.5,4,6,1,2755
45.5,4,6,2,2764
45.5,4,6,3,2773
45.5,4,6,4,2782
45.5,4,6,5,2791
45.5,4,6,6,2799
45.5,4,6,7,2808
45.5,4,6,8,2817
45.5,4,6,9,2825
45.5,4,6,10,2834
45.5,4,6,11,2842
45.5,4,6,12,2851
45.5,4,6,13,2859
45.5,4,6,14,2868
45.5,4,6,15,2876
45.5,4,7,0,2755
45.5,4,7,1,2764
45.5,4,7,2,2773
45.5,4,7,3,2782
45.5,4,7,4,2791
45.5,4,7,5,2800
45.5,4,7,6,2808
45.5,4,7,7,2817
45.5,4,7,8,2826
45.5,4,7,9,2834
45.5,4,7,10,2843
45.5,4,7,11,2852
45.5,4,7,12,2860
45.5,4,7,13,2869
45.5,4,7,14,2877
45.5,4,7,15,2886
45.5,4,8,0,2764
45.5,4,8,1,2773
45.5,4,8,2,2782
45.5,4,8,3,2791
45.5,4,8,4,2800
45.5,4,8,5,2808
45.5,4,8,6,2817
45.5,4,8,7,2826
45.5,4,8,8,2835
45.5,4,8,9,2843
45.5,4,8,10,2852
45.5,4,8,11,2861
45.5,4,8,12,2869
45.5,4,8,13,2878
45.5,4,8,14,2886
45.5,4,8,15,2895
45.5,4,9,0,2773
45.5,4,9,1,2782
45.5,4,9,2,2791
45.5,4,9,3,2800
45.5,4,9,4,2809
45.5,4,9,5,2817
45.5,4,9,6,2826
45.5,4,9,7,2835
45.5,4,9,8,2844
45.5,4,9,9,2852
45.5,4,9,10,2861
45.5,4,9,11,2870
45.5,4,9,12,2878
45.5,4,9,13,2887
45.5,4,9,14,2896
45.5,4,9,15,2904
45.5,4,10,0,2782
45.5,4,10,1,2791
45.5,4,10,2,2800
45.5,4,10,3,2809
45.5,4,10,4,2817
45.5,4,10,5,2826
45.5,4,10,6,2835
45.5,4,10,7,2844
45.5,4,10,8,2853
45.5,4,10,9,2861
45.5,4,10,10,2870
45.5,4,10,11,2879
45.5,4,10,12,2887
45.5,4,10,13,2896
45.5,4,10,14,2905
45.5,4,10,15,2913
45.5,4,11,0,2791
45.5,4,11,1,2800
45.5,4,11,2,2808
45.5,4,11,3,2817
45.5,4,11,4,2826
45.5,4,11,5,2835
45.5,4,11,6,2844
45.5,4,11,7,2853
45.5,4,11,8,2862
45.5,4,11,9,2870
45.5,4,11,10,2879
45.5,4,11,11,2888
45.5,4,11,12,2897
45.5,4,11,13,2905
45.5,4,11,14,2914
45.5,4,11,15,2922
45.5,4,12,0,2799
45.5,4,12,1,2808
45.5,4,12,2,2817
45.5,4,12,3,2826
45.5,4,12,4,2835
45.5,4,12,5,2844
45.5,4,12,6,2853
45.5,4,12,7,2862
45.5,4,12,8,2871
45.5,4,12,9,2879
45.5,4,12,10,2888
45.5,4,12,11,2897
45.5,4,12,12,2906
45.5,4,12,13,2914
45.5,4,12,14,2923
45.5,4,12,15,2932
45.5,4,13,0,2808
45.5,4,13,1,2817
45.5,4,13,2,2826
45.5,4,13,3,2835
45.5,4,13,4,2844
45.5,4,13,5,2853
45.5,4,13,6,2862
45.5,4,13,7,2871
45.5,4,13,8,2879
45.5,4,13,9,2888
45.5,4,13,10,2897
45.5,4,13,11,2906
45.5,4,13,12,2915
45.5,4,13,13,2923
45.5,4,13,14,2932
45.5,4,13,15,2941
45.5,4,14,0,2817
45.5,4,14,1,2826
45.5,4,14,2,2835
45.5,4,14,3,2844
45.5,4,14,4,2853
45.5,4,14,5,2862
45.5,4,14,6,2871
45.5,4,14,7,2879
45.5,4,14,8,2888
45.5,4,14,9,2897
45.5,4,14,10,2906
45.5,4,14,11,2915
45.5,4,14,12,2924
45.5,4,14,13,2932
45.5,4,14,14,2941
45.5,4,14,15,2950
45.5,4,15,0,2825
45.5,4,15,1,2834
45.5,4,15,2,2843
45.5,4,15,3,2852
45.5,4,15,4,2861
45.5,4,15,5,2870
45.5,4,15,6,2879
45.5,4,15,7,2888
45.5,4,15,8,2897
45.5,4,15,9,2906
45.5,4,15,10,2915
45.5,4,15,11,2924
45.5,4,15,12,2933
45.5,4,15,13,2941
45.5,4,15,14,2950
45.5,4,15,15,2959
45.5,5,0,0,2703
45.5,5,0,1,2712
45.5,5,0,2,2720
45.5,5,0,3,2729
45.5,5,0,4,2738
45.5,5,0,5,2746
45.5,5,0,6,2755
45.5,5,0,7,2763
45.5,5,0,8,2772
45.5,5,0,9,2780
45.5,5,0,10,2789
45.5,5,0,11,2797
45.5,5,0,12,2806
45.5,5,0,13,2814
45.5,5,0,14,2823
45.5,5,0,15,2831
45.5,5,1,0,2712
45.5,5,1,1,2721
45.5,5,1,2,2730
45.5,5,1,3,2738
45.5,5,1,4,2747
45.5,5,1,5,2756
45.5,5,1,6,2764
45.5,5,1,7,2773
45.5,5,1,8,2781
45.5,5,1,9,2790
45.5,5,1,10,2798
45.5,5,1,11,2807
45.5,5,1,12,2815
45.5,5,1,13,2824
45.5,5,1,14,2832
45.5,5,1,15,2840
45.5,5,2,0,2721
45.5,5,2,1,2730
45.5,5,2,2,2739
45.5,5,2,3,2747
45.5,5,2,4,2756
45.5,5,2,5,2765
45.5,5,2,6,2773
45.5,5,2,7,2782
45.5,5,2,8,2790
45.5,5,2,9,2799
45.5,5,2,10,2808
45.5,5,2,11,2816
45.5,5,2,12,2825
45.5,5,2,13,2833
45.5,5,2,14,2841
45.5,5,2,15,2850
45.5,5,3,0,2730
45.5,5,3,1,2739
45.5,5,3,2,2748
45.5,5,3,3,2756
45.5,5,3,4,2765
45.5,5,3,5,2774
45.5,5,3,6,2782
45.5,5,3,7,2791
45.5,5,3,8,2800
45.5,5,3,9,2808
45.5,5,3,10,2817
45.5,5,3,11,2825
45.5,5,3,12,2834
45.5,5,3,13,2842
45.5,5,3,14,2851
45.5,5,3,15,2859
45.5,5,4,0,2739
45.5,5,4,1,2748
45.5,5,4,2,2757
45.5,5,4,3,2765
45.5,5,4,4,2774
45.5,5,4,5,2783
45.5,5,4,6,2792
45.5,5,4,7,2800
45.5,5,4,8,2809
45.5,5,4,9,2818
45.5,5,4,10,2826
45.5,5,4,11,2835
45.5,5,4,12,2843
45.5,5,4,13,2852
45.5,5,4,14,2860
45.5,5,4,15,2869
45.5,5,5,0,2748
45.5,5,5,1,2757
45.5,5,5,2,2766
45.5,5,5,3,2775
45.5,5,5,4,2783
45.5,5,5,5,2792
45.5,5,5,6,2801
45.5,5,5,7,2809
45.5,5,5,8,2818
45.5,5,5,9,2827
45.5,5,5,10,2835
45.5,5,5,11,2844
45.5,5,5,12,2852
45.5,5,5,13,2861
45.5,5,5,14,2869
45.5,5,5,15,2878
45.5,5,6,0,2757
45.5,5,6,1,2766
45.5,5,6,2,2775
45.5,5,6,3,2784
45.5,5,6,4,2792
45.5,5,6,5,2801
45.5,5,6,6,2810
45.5,5,6,7,2819
45.5,5,6,8,2827
45.5,5,6,9,2836
45.5,5,6,10,2845
45.5,5,6,11,2853
45.5,5,6,12,2862
45.5,5,6,13,2870
45.5,5,6,14,2879
45.5,5,6,15,2887
45.5,5,7,0,2766
45.5,5,7,1,2775
45.5,5,7,2,2784
45.5,5,7,3,2792
45.5,5,7,4,2801
45.5,5,7,5,2810
45.5,5,7,6,2819
45.5,5,7,7,2828
45.5,5,7,8,2836
45.5,5,7,9,2845
45.5,5,7,10,2854
45.5,5,7,11,2862
45.5,5,7,12,2871
45.5,5,7,13,2880
45.5,5,7,14,2888
45.5,5,7,15,2897
45.5,5,8,0,2775
45.5,5,8,1,2784
45.5,5,8,2,2793
45.5,5,8,3,2801
45.5,5,8,4,2810
45.5,5,8,5,2819
45.5,5,8,6,2828
45.5,5,8,7,2837
45.5,5,8,8,2845
45.5,5,8,9,2854
45.5,5,8,10,2863
45.5,5,8,11,2871
45.5,5,8,12,2880
45.5,5,8,13,2889
45.5,5,8,14,2897
45.5,5,8,15,2906
45.5,5,9,0,2784
45.5,5,9,1,2792
45.5,5,9,2,2801
45.5,5,9,3,2810
45.5,5,9,4,2819
45.5,5,9,5,2828
45.5,5,9,6,2837
45.5,5,9,7,2846
45.5,5,9,8,2854
45.5,5,9,9,2863
45.5,5,9,10,2872
45.5,5,9,11,2881
45.5,5,9,12,2889
45.5,5,9,13,2898
45.5,5,9,14,2907
45.5,5,9,15,2915
45.5,5,10,0,2792
45.5,5,10,1,2801
45.5,5,10,2,2810
45.5,5,10,3,2819
45.5,5,10,4,2828
45.5,5,10,5,2837
45.5,5,10,6,2846
45.5,5,10,7,2855
45.5,5,10,8,2863
45.5,5,10,9,2872
45.5,5,10,10,2881
45.5,5,10,11,2890
45.5,5,10,12,2898
45.5,5,10,13,2907
45.5,5,10,14,2916
45.5,5,10,15,2924
45.5,5,11,0,2801
45.5,5,11,1,2810
45.5,5,11,2,2819
45.5,5,11,3,2828
45.5,5,11,4,2837
45.5,5,11,5,2846
45.5,5,11,6,2855
45.5,5,11,7,2864
45.5,5,11,8,2872
45.5,5,11,9,2881
45.5,5,11,10,2890
45.5,5,11,11,2899
45.5,5,11,12,2907
45.5,5,11,13,2916
45.5,5,11,14,2925
45.5,5,11,15,2934
45.5,5,12,0,2810
45.5,5,12,1,2819
45.5,5,12,2,2828
45.5,5,12,3,2837
45.5,5,12,4,2846
45.5,5,12,5,2855
45.5,5,12,6,2864
45.5,5,12,7,2873
45.5,5,12,8,2881
45.5,5,12,9,2890
45.5,5,12,10,2899
45.5,5,12,11,2908
45.5,5,12,12,2917
45.5,5,12,13,2925
45.5,5,12,14,2934
45.5,5,12,15,2943
45.5,5,13,0,2819
45.5,5,13,1,2828
45.5,5,13,2,2837
45.5,5,13,3,2846
45.5,5,13,4,2855
45.5,5,13,5,2864
45.5,5,13,6,2873
45.5,5,13,7,2881
45.5,5,13,8,2890
45.5,5,13,9,2899
45.5,5,13,10,2908
45.5,5,13,11,2917
45.5,5,13,12,2926
45.5,5,13,13,2934
45.5,5,13,14,2943
45.5,5,13,15,2952
45.5,5,14,0,2827
45.5,5,14,1,2836
45.5,5,14,2,2845
45.5,5,14,3,2854
45.5,5,14,4,2863
45.5,5,14,5,2872
45.5,5,14,6,2881
45.5,5,14,7,2890
45.5,5,14,8,2899
45.5,5,14,9,2908
45.5,5,14,10,2917
45.5,5,14,11,2926
45.5,5,14,12,2935
45.5,5,14,13,2943
45.5,5,14,14,2952
45.5,5,14,15,2961
45.5,5,15,0,2836
45.5,5,15,1,2845
45.5,5,15,2,2854
45.5,5,15,3,2863
45.5,5,15,4,2872
45.5,5,15,5,2881
45.5,5,15,6,2890
45.5,5,15,7,2899
45.5,5,15,8,2908
45.5,5,15,9,2917
45.5,5,15,10,2926
45.5,5,15,11,2935
45.5,5,15,12,2944
45.5,5,15,13,2952
45.5,5,15,14,2961
45.5,5,15,15,2970
45.5,6,0,0,2713
45.5,6,0,1,2722
45.5,6,0,2,2731
45.5,6,0,3,2739
45.5,6,0,4,2748
45.5,6,0,5,2757
45.5,6,0,6,2765
45.5,6,0,7,2774
45.5,6,0,8,2782
45.5,6,0,9,2791
45.5,6,0,10,2799
45.5,6,0,11,2808
45.5,6,0,12,2816
45.5,6,0,13,2825
45.5,6,0,14,2833
45.5,6,0,15,2841
45.5,6,1,0,2722
45.5,6,1,1,2731
45.5,6,1,2,2740
45.5,6,1,3,2749
45.5,6,1,4,2757
45.5,6,1,5,2766
45.5,6,1,6,2775
45.5,6,1,7,2783
45.5,6,1,8,2792
45.5,6,1,9,2800
45.5,6,1,10,2809
45.5,6,1,11,2817
45.5,6,1,12,2826
45.5,6,1,13,2834
45.5,6,1,14,2843
45.5,6,1,15,2851
45.5,6,2,0,2731
45.5,6,2,1,2740
45.5,6,2,2,2749
45.5,6,2,3,2758
45.5,6,2,4,2766
45.5,6,2,5,2775
45.5,6,2,6,2784
45.5,6,2,7,2792
45.5,6,2,8,2801
45.5,6,2,9,2810
45.5,6,2,10,2818
45.5,6,2,11,2827
45.5,6,2,12,2835
45.5,6,2,13,2844
45.5,6,2,14,2852
45.5,6,2,15,2861
45.5,6,3,0,2740
45.5,6,3,1,2749
45.5,6,3,2,2758
45.5,6,3,3,2767
45.5,6,3,4,2776
45.5,6,3,5,2784
45.5,6,3,6,2793
45.5,6,3,7,2802
45.5,6,3,8,2810
45.5,6,3,9,2819
45.5,6,3,10,2827
45.5,6,3,11,2836
45.5,6,3,12,2845
45.5,6,3,13,2853
45.5,6,3,14,2862
45.5,6,3,15,2870
45.5,6,4,0,2749
45.5,6,4,1,2758
45.5,6,4,2,2767
45.5,6,4,3,2776
45.5,6,4,4,2785
45.5,6,4,5,2793
45.5,6,4,6,2802
45.5,6,4,7,2811
45.5,6,4,8,2819
45.5,6,4,9,2828
45.5,6,4,10,2837
45.5,6,4,11,2845
45.5,6,4,12,2854
45.5,6,4,13,2862
45.5,6,4,14,2871
45.5,6,4,15,2879
45.5,6,5,0,2758
45.5,6,5,1,2767
45.5,6,5,2,2776
45.5,6,5,3,2785
45.5,6,5,4,2794
45.5,6,5,5,2803
45.5,6,5,6,2811
45.5,6,5,7,2820
45.5,6,5,8,2829
45.5,6,5,9,2837
45.5,6,5,10,2846
45.5,6,5,11,2855
45.5,6,5,12,2863
45.5,6,5,13,2872
45.5,6,5,14,2880
45.5,6,5,15,2889
45.5,6,6,0,2767
45.5,6,6,1,2776
45.5,6,6,2,2785
45.5,6,6,3,2794
45.5,6,6,4,2803
45.5,6,6,5,2812
45.5,6,6,6,2820
45.5,6,6,7,2829
45.5,6,6,8,2838
45.5,6,6,9,2847
45.5,6,6,10,2855
45.5,6,6,11,2864
45.5,6,6,12,2872
45.5,6,6,13,2881
45.5,6,6,14,2890
45.5,6,6,15,2898
45.5,6,7,0,2776
45.5,6,7,1,2785
45.5,6,7,2,2794
45.5,6,7,3,2803
45.5,6,7,4,2812
45.5,6,7,5,2821
45.5,6,7,6,2829
45.5,6,7,7,2838
45.5,6,7,8,2847
45.5,6,7,9,2856
45.5,6,7,10,2864
45.5,6,7,11,2873
45.5,6,7,12,2882
45.5,6,7,13,2890
45.5,6,7,14,2899
45.5,6,7,15,2907
45.5,6,8,0,2785
45.5,6,8,1,2794
45.5,6,8,2,2803
45.5,6,8,3,2812
45.5,6,8,4,2821
45.5,6,8,5,2830
45.5,6,8,6,2839
45.5,6,8,7,2847
45.5,6,8,8,2856
45.5,6,8,9,2865
45.5,6,8,10,2874
45.5,6,8,11,2882
45.5,6,8,12,2891
45.5,6,8,13,2900
45.5,6,8,14,2908
45.5,6,8,15,2917
45.5,6,9,0,2794
45.5,6,9,1,2803
45.5,6,9,2,2812
45.5,6,9,3,2821
45.5,6,9,4,2830
45.5,6,9,5,2839
45.5,6,9,6,2848
45.5,6,9,7,2856
45.5,6,9,8,2865
45.5,6,9,9,2874
45.5,6,9,10,2883
45.5,6,9,11,2891
45.5,6,9,12,2900
45.5,6,9,13,2909
45.5,6,9,14,2917
45.5,6,9,15,2926
45.5,6,10,0,2803
45.5,6,10,1,2812
45.5,6,10,2,2821
45.5,6,10,3,2830
45.5,6,10,4,2839
45.5,6,10,5,2848
45.5,6,10,6,2857
45.5,6,10,7,2865
45.5,6,10,8,2874
45.5,6,10,9,2883
45.5,6,10,10,2892
45.5,6,10,11,2901
45.5,6,10,12,2909
45.5,6,10,13,2918
45.5,6,10,14,2927
45.5,6,10,15,2935
45.5,6,11,0,2812
45.5,6,11,1,2821
45.5,6,11,2,2830
45.5,6,11,3,2839
45.5,6,11,4,2848
45.5,6,11,5,2857
45.5,6,11,6,2866
45.5,6,11,7,2874
45.5,6,11,8,2883
45.5,6,11,9,2892
45.5,6,11,10,2901
45.5,6,11,11,2910
45.5,6,11,12,2918
45.5,6,11,13,2927
45.5,6,11,14,2936
45.5,6,11,15,2945
45.5,6,12,0,2820
45.5,6,12,1,2829
45.5,6,12,2,2839
45.5,6,12,3,2848
45.5,6,12,4,2857
45.5,6,12,5,2866
45.5,6,12,6,2874
45.5,6,12,7,2883
45.5,6,12,8,2892
45.5,6,12,9,2901
45.5,6,12,10,2910
45.5,6,12,11,2919
45.5,6,12,12,2928
45.5,6,12,13,2936
45.5,6,12,14,2945
45.5,6,12,15,2954
45.5,6,13,0,2829
45.5,6,13,1,2838
45.5,6,13,2,2847
45.5,6,13,3,2856
45.5,6,13,4,2865
45.5,6,13,5,2874
45.5,6,13,6,2883
45.5,6,13,7,2892
45.5,6,13,8,2901
45.5,6,13,9,2910
45.5,6,13,10,2919
45.5,6,13,11,2928
45.5,6,13,12,2937
45.5,6,13,13,2945
45.5,6,13,14,2954
45.5,6,13,15,2963
45.5,6,14,0,2838
45.5,6,14,1,2847
45.5,6,14,2,2856
45.5,6,14,3,2865
45.5,6,14,4,2874
45.5,6,14,5,2883
45.5,6,14,6,2892
45.5,6,14,7,2901
45.5,6,14,8,2910
45.5,6,14,9,2919
45.5,6,14,10,2928
45.5,6,14,11,2937
45.5,6,14,12,2946
45.5,6,14,13,2954
45.5,6,14,14,2963
45.5,6,14,15,2972
45.5,6,15,0,2847
45.5,6,15,1,2856
45.5,6,15,2,2865
45.5,6,15,3,2874
45.5,6,15,4,2883
45.5,6,15,5,2892
45.5,6,15,6,2901
45.5,6,15,7,2910
45.5,6,15,8,2919
45.5,6,15,9,2928
45.5,6,15,10,2937
45.5,6,15,11,2946
45.5,6,15,12,2955
45.5,6,15,13,2964
45.5,6,15,14,2972
45.5,6,15,15,2981
45.5,7,0,0,2723
45.5,7,0,1,2732
45.5,7,0,2,2741
45.5,7,0,3,2750
45.5,7,0,4,2758
45.5,7,0,5,2767
45.5,7,0,6,2776
45.5,7,0,7,2784
45.5,7,0,8,2793
45.5,7,0,9,2801
45.5,7,0,10,2810
45.5,7,0,11,2818
45.5,7,0,12,2827
45.5,7,0,13,2835
45.5,7,0,14,2844
45.5,7,0,15,2852
45.5,7,1,0,2733
45.5,7,1,1,2741
45.5,7,1,2,2750
45.5,7,1,3,2759
45.5,7,1,4,2768
45.5,7,1,5,2776
45.5,7,1,6,2785
45.5,7,1,7,2794
45.5,7,1,8,2802
45.5,7,1,9,2811
45.5,7,1,10,2819
45.5,7,1,11,2828
45.5,7,1,12,2836
45.5,7,1,13,2845
45.5,7,1,14,2853
45.5,7,1,15,2862
45.5,7,2,0,2742
45.5,7,2,1,2750
45.5,7,2,2,2759
45.5,7,2,3,2768
45.5,7,2,4,2777
45.5,7,2,5,2785
45.5,7,2,6,2794
45.5,7,2,7,2803
45.5,7,2,8,2811
45.5,7,2,9,2820
45.5,7,2,10,2829
45.5,7,2,11,2837
45.5,7,2,12,2846
45.5,7,2,13,2854
45.5,7,2,14,2863
45.5,7,2,15,2871
45.5,7,3,0,2751
45.5,7,3,1,2760
45.5,7,3,2,2768
45.5,7,3,3,2777
45.5,7,3,4,2786
45.5,7,3,5,2795
45.5,7,3,6,2803
45.5,7,3,7,2812
45.5,7,3,8,2821
45.5,7,3,9,2829
45.5,7,3,10,2838
45.5,7,3,11,2847
45.5,7,3,12,2855
45.5,7,3,13,2864
45.5,7,3,14,2872
45.5,7,3,15,2881
45.5,7,4,0,2760
45.5,7,4,1,2769
45.5,7,4,2,2777
45.5,7,4,3,2786
45.5,7,4,4,2795
45.5,7,4,5,2804
45.5,7,4,6,2813
45.5,7,4,7,2821
45.5,7,4,8,2830
45.5,7,4,9,2839
45.5,7,4,10,2847
45.5,7,4,11,2856
45.5,7,4,12,2865
45.5,7,4,13,2873
45.5,7,4,14,2882
45.5,7,4,15,2890
45.5,7,5,0,2769
45.5,7,5,1,2778
45.5,7,5,2,2787
45.5,7,5,3,2795
45.5,7,5,4,2804
45.5,7,5,5,2813
45.5,7,5,6,2822
45.5,7,5,7,2831
45.5,7,5,8,2839
45.5,7,5,9,2848
45.5,7,5,10,2857
45.5,7,5,11,2865
45.5,7,5,12,2874
45.5,7,5,13,2882
45.5,7,5,14,2891
45.5,7,5,15,2900
45.5,7,6,0,2778
45.5,7,6,1,2787
45.5,7,6,2,2796
45.5,7,6,3,2804
45.5,7,6,4,2813
45.5,7,6,5,2822
45.5,7,6,6,2831
45.5,7,6,7,2840
45.5,7,6,8,2848
45.5,7,6,9,2857
45.5,7,6,10,2866
45.5,7,6,11,2875
45.5,7,6,12,2883
45.5,7,6,13,2892
45.5,7,6,14,2900
45.5,7,6,15,2909
45.5,7,7,0,2787
45.5,7,7,1,2796
45.5,7,7,2,2805
45.5,7,7,3,2813
45.5,7,7,4,2822
45.5,7,7,5,2831
45.5,7,7,6,2840
45.5,7,7,7,2849
45.5,7,7,8,2858
45.5,7,7,9,2866
45.5,7,7,10,2875
45.5,7,7,11,2884
45.5,7,7,12,2893
45.5,7,7,13,2901
45.5,7,7,14,2910
45.5,7,7,15,2918
45.5,7,8,0,2796
45.5,7,8,1,2805
45.5,7,8,2,2814
45.5,7,8,3,2822
45.5,7,8,4,2831
45.5,7,8,5,2840
45.5,7,8,6,2849
45.5,7,8,7,2858
45.5,7,8,8,2867
45.5,7,8,9,2876
45.5,7,8,10,2884
45.5,7,8,11,2893
45.5,7,8,12,2902
45.5,7,8,13,2910
45.5,7,8,14,2919
45.5,7,8,15,2928
45.5,7,9,0,2804
45.5,7,9,1,2813
45.5,7,9,2,2822
45.5,7,9,3,2831
45.5,7,9,4,2840
45.5,7,9,5,2849
45.5,7,9,6,2858
45.5,7,9,7,2867
45.5,7,9,8,2876
45.5,7,9,9,2885
45.5,7,9,10,2894
45.5,7,9,11,2902
45.5,7,9,12,2911
45.5,7,9,13,2920
45.5,7,9,14,2928
45.5,7,9,15,2937
45.5,7,10,0,2813
45.5,7,10,1,2822
45.5,7,10,2,2831
45.5,7,10,3,2840
45.5,7,10,4,2849
45.5,7,10,5,2858
45.5,7,10,6,2867
45.5,7,10,7,2876
45.5,7,10,8,2885
45.5,7,10,9,2894
45.5,7,10,10,2903
45.5,7,10,11,2911
45.5,7,10,12,2920
45.5,7,10,13,2929
45.5,7,10,14,2938
45.5,7,10,15,2946
45.5,7,11,0,2822
45.5,7,11,1,2831
45.5,7,11,2,2840
45.5,7,11,3,2849
45.5,7,11,4,2858
45.5,7,11,5,2867
45.5,7,11,6,2876
45.5,7,11,7,2885
45.5,7,11,8,2894
45.5,7,11,9,2903
45.5,7,11,10,2912
45.5,7,11,11,2921
45.5,7,11,12,2929
45.5,7,11,13,2938
45.5,7,11,14,2947
45.5,7,11,15,2956
45.5,7,12,0,2831
45.5,7,12,1,2840
45.5,7,12,2,2849
45.5,7,12,3,2858
45.5,7,12,4,2867
45.5,7,12,5,2876
45.5,7,12,6,2885
45.5,7,12,7,2894
45.5,7,12,8,2903
45.5,7,12,9,2912
45.5,7,12,10,2921
45.5,7,12,11,2930
45.5,7,12,12,2939
45.5,7,12,13,2947
45.5,7,12,14,2956
45.5,7,12,15,2965
45.5,7,13,0,2840
45.5,7,13,1,2849
45.5,7,13,2,2858
45.5,7,13,3,2867
45.5,7,13,4,2876
45.5,7,13,5,2885
45.5,7,13,6,2894
45.5,7,13,7,2903
45.5,7,13,8,2912
45.5,7,13,9,2921
45.5,7,13,10,2930
45.5,7,13,11,2939
45.5,7,13,12,2948
45.5,7,13,13,2956
45.5,7,13,14,2965
45.5,7,13,15,2974
45.5,7,14,0,2848
45.5,7,14,1,2858
45.5,7,14,2,2867
45.5,7,14,3,2876
45.5,7,14,4,2885
45.5,7,14,5,2894
45.5,7,14,6,2903
45.5,7,14,7,2912
45.5,7,14,8,2921
45.5,7,14,9,2930
45.5,7,14,10,2939
45.5,7,14,11,2948
45.5,7,14,12,2957
45.5,7,14,13,2966
45.5,7,14,14,2974
45.5,7,14,15,2983
45.5,7,15,0,2857
45.5,7,15,1,2866
45.5,7,15,2,2876
45.5,7,15,3,2885
45.5,7,15,4,2894
45.5,7,15,5,2903
45.5,7,15,6,2912
45.5,7,15,7,2921
45.5,7,15,8,2930
45.5,7,15,9,2939
45.5,7,15,10,2948
45.5,7,15,11,2957
45.5,7,15,12,2966
45.5,7,15,13,2975
45.5,7,15,14,2983
45.5,7,15,15,2992
45.5,8,0,0,2734
45.5,8,0,1,2742
45.5,8,0,2,2751
45.5,8,0,3,2760
45.5,8,0,4,2769
45.5,8,0,5,2777
45.5,8,0,6,2786
45.5,8,0,7,2795
45.5,8,0,8,2803
45.5,8,0,9,2812
45.5,8,0,10,2820
45.5,8,0,11,2829
45.5,8,0,12,2837
45.5,8,0,13,2846
45.5,8,0,14,2854
45.5,8,0,15,2863
45.5,8,1,0,2743
45.5,8,1,1,2752
45.5,8,1,2,2760
45.5,8,1,3,2769
45.5,8,1,4,2778
45.5,8,1,5,2787
45.5,8,1,6,2795
45.5,8,1,7,2804
45.5,8,1,8,2813
45.5,8,1,9,2821
45.5,8,1,10,2830
45.5,8,1,11,2838
45.5,8,1,12,2847
45.5,8,1,13,2855
45.5,8,1,14,2864
45.5,8,1,15,2872
45.5,8,2,0,2752
45.5,8,2,1,2761
45.5,8,2,2,2770
45.5,8,2,3,2778
45.5,8,2,4,2787
45.5,8,2,5,2796
45.5,8,2,6,2805
45.5,8,2,7,2813
45.5,8,2,8,2822
45.5,8,2,9,2831
45.5,8,2,10,2839
45.5,8,2,11,2848
45.5,8,2,12,2856
45.5,8,2,13,2865
45.5,8,2,14,2873
45.5,8,2,15,2882
45.5,8,3,0,2761
45.5,8,3,1,2770
45.5,8,3,2,2779
45.5,8,3,3,2788
45.5,8,3,4,2796
45.5,8,3,5,2805
45.5,8,3,6,2814
45.5,8,3,7,2823
45.5,8,3,8,2831
45.5,8,3,9,2840
45.5,8,3,10,2849
45.5,8,3,11,2857
45.5,8,3,12,2866
45.5,8,3,13,2874
45.5,8,3,14,2883
45.5,8,3,15,2891
45.5,8,4,0,2770
45.5,8,4,1,2779
45.5,8,4,2,2788
45.5,8,4,3,2797
45.5,8,4,4,2806
45.5,8,4,5,2814
45.5,8,4,6,2823
45.5,8,4,7,2832
45.5,8,4,8,2841
45.5,8,4,9,2849
45.5,8,4,10,2858
45.5,8,4,11,2867
45.5,8,4,12,2875
45.5,8,4,13,2884
45.5,8,4,14,2892
45.5,8,4,15,2901
45.5,8,5,0,2779
45.5,8,5,1,2788
45.5,8,5,2,2797
45.5,8,5,3,2806
45.5,8,5,4,2815
45.5,8,5,5,2824
45.5,8,5,6,2832
45.5,8,5,7,2841
45.5,8,5,8,2850
45.5,8,5,9,2859
45.5,8,5,10,2867
45.5,8,5,11,2876
45.5,8,5,12,2885
45.5,8,5,13,2893
45.5,8,5,14,2902
45.5,8,5,15,2910
45.5,8,6,0,2788
45.5,8,6,1,2797
45.5,8,6,2,2806
45.5,8,6,3,2815
45.5,8,6,4,2824
45.5,8,6,5,2833
45.5,8,6,6,2842
45.5,8,6,7,2850
45.5,8,6,8,2859
45.5,8,6,9,2868
45.5,8,6,10,2877
45.5,8,6,11,2885
45.5,8,6,12,2894
45.5,8,6,13,2903
45.5,8,6,14,2911
45.5,8,6,15,2920
45.5,8,7,0,2797
45.5,8,7,1,2806
45.5,8,7,2,2815
45.5,8,7,3,2824
45.5,8,7,4,2833
45.5,8,7,5,2842
45.5,8,7,6,2851
45.5,8,7,7,2860
45.5,8,7,8,2868
45.5,8,7,9,2877
45.5,8,7,10,2886
45.5,8,7,11,2895
45.5,8,7,12,2903
45.5,8,7,13,2912
45.5,8,7,14,2921
45.5,8,7,15,2929
45.5,8,8,0,2806
45.5,8,8,1,2815
45.5,8,8,2,2824
45.5,8,8,3,2833
45.5,8,8,4,2842
45.5,8,8,5,2851
45.5,8,8,6,2860
45.5,8,8,7,2869
45.5,8,8,8,2877
45.5,8,8,9,2886
45.5,8,8,10,2895
45.5,8,8,11,2904
45.5,8,8,12,2913
45.5,8,8,13,2921
45.5,8,8,14,2930
45.5,8,8,15,2939
45.5,8,9,0,2815
45.5,8,9,1,2824
45.5,8,9,2,2833
45.5,8,9,3,2842
45.5,8,9,4,2851
45.5,8,9,5,2860
45.5,8,9,6,2869
45.5,8,9,7,2878
45.5,8,9,8,2887
45.5,8,9,9,2895
45.5,8,9,10,2904
45.5,8,9,11,2913
45.5,8,9,12,2922
45.5,8,9,13,2931
45.5,8,9,14,2939
45.5,8,9,15,2948
45.5,8,10,0,2824
45.5,8,10,1,2833
45.5,8,10,2,2842
45.5,8,10,3,2851
45.5,8,10,4,2860
45.5,8,10,5,2869
45.5,8,10,6,2878
45.5,8,10,7,2887
45.5,8,10,8,2896
45.5,8,10,9,2905
45.5,8,10,10,2913
45.5,8,10,11,2922
45.5,8,10,12,2931
45.5,8,10,13,2940
45.5,8,10,14,2949
45.5,8,10,15,2957
45.5,8,11,0,2833
45.5,8,11,1,2842
45.5,8,11,2,2851
45.5,8,11,3,2860
45.5,8,11,4,2869
45.5,8,11,5,2878
45.5,8,11,6,2887
45.5,8,11,7,2896
45.5,8,11,8,2905
45.5,8,11,9,2914
45.5,8,11,10,2923
45.5,8,11,11,2931
45.5,8,11,12,2940
45.5,8,11,13,2949
45.5,8,11,14,2958
45.5,8,11,15,2967
45.5,8,12,0,2842
45.5,8,12,1,2851
45.5,8,12,2,2860
45.5,8,12,3,2869
45.5,8,12,4,2878
45.5,8,12,5,2887
45.5,8,12,6,2896
45.5,8,12,7,2905
45.5,8,12,8,2914
45.5,8,12,9,2923
45.5,8,12,10,2932
45.5,8,12,11,2941
45.5,8,12,12,2949
45.5,8,12,13,2958
45.5,8,12,14,2967
45.5,8,12,15,2976
45.5,8,13,0,2850
45.5,8,13,1,2860
45.5,8,13,2,2869
45.5,8,13,3,2878
45.5,8,13,4,2887
45.5,8,13,5,2896
45.5,8,13,6,2905
45.5,8,13,7,2914
45.5,8,13,8,2923
45.5,8,13,9,2932
45.5,8,13,10,2941
45.5,8,13,11,2950
45.5,8,13,12,2959
45.5,8,13,13,2967
45.5,8,13,14,2976
45.5,8,13,15,2985
45.5,8,14,0,2859
45.5,8,14,1,2868
45.5,8,14,2,2877
45.5,8,14,3,2887
45.5,8,14,4,2896
45.5,8,14,5,2905
45.5,8,14,6,2914
45.5,8,14,7,2923
45.5,8,14,8,2932
45.5,8,14,9,2941
45.5,8,14,10,2950
45.5,8,14,11,2959
45.5,8,14,12,2968
45.5,8,14,13,2977
45.5,8,14,14,2985
45.5,8,14,15,2994
45.5,8,15,0,2868
45.5,8,15,1,2877
45.5,8,15,2,2886
45.5,8,15,3,2895
45.5,8,15,4,2905
45.5,8,15,5,2914
45.5,8,15,6,2923
45.5,8,15,7,2932
45.5,8,15,8,2941
45.5,8,15,9,2950
45.5,8,15,10,2959
45.5,8,15,11,2968
45.5,8,15,12,2977
45.5,8,15,13,2986
45.5,8,15,14,2995
45.5,8,15,15,3003
45.5,9,0,0,2744
45.5,9,0,1,2753
45.5,9,0,2,2761
45.5,9,0,3,2770
45.5,9,0,4,2779
45.5,9,0,5,2788
45.5,9,0,6,2796
45.5,9,0,7,2805
45.5,9,0,8,2814
45.5,9,0,9,2822
45.5,9,0,10,2831
45.5,9,0,11,2839
45.5,9,0,12,2848
45.5,9,0,13,2856
45.5,9,0,14,2865
45.5,9,0,15,2873
45.5,9,1,0,2753
45.5,9,1,1,2762
45.5,9,1,2,2771
45.5,9,1,3,2779
45.5,9,1,4,2788
45.5,9,1,5,2797
45.5,9,1,6,2806
45.5,9,1,7,2814
45.5,9,1,8,2823
45.5,9,1,9,2832
45.5,9,1,10,2840
45.5,9,1,11,2849
45.5,9,1,12,2857
45.5,9,1,13,2866
45.5,9,1,14,2875
45.5,9,1,15,2883
45.5,9,2,0,2762
45.5,9,2,1,2771
45.5,9,2,2,2780
45.5,9,2,3,2789
45.5,9,2,4,2797
45.5,9,2,5,2806
45.5,9,2,6,2815
45.5,9,2,7,2824
45.5,9,2,8,2832
45.5,9,2,9,2841
45.5,9,2,10,2850
45.5,9,2,11,2858
45.5,9,2,12,2867
45.5,9,2,13,2876
45.5,9,2,14,2884
45.5,9,2,15,2893
45.5,9,3,0,2771
45.5,9,3,1,2780
45.5,9,3,2,2789
45.5,9,3,3,2798
45.5,9,3,4,2807
45.5,9,3,5,2816
45.5,9,3,6,2824
45.5,9,3,7,2833
45.5,9,3,8,2842
45.5,9,3,9,2851
45.5,9,3,10,2859
45.5,9,3,11,2868
45.5,9,3,12,2876
45.5,9,3,13,2885
45.5,9,3,14,2894
45.5,9,3,15,2902
45.5,9,4,0,2780
45.5,9,4,1,2789
45.5,9,4,2,2798
45.5,9,4,3,2807
45.5,9,4,4,2816
45.5,9,4,5,2825
45.5,9,4,6,2834
45.5,9,4,7,2842
45.5,9,4,8,2851
45.5,9,4,9,2860
45.5,9,4,10,2869
45.5,9,4,11,2877
45.5,9,4,12,2886
45.5,9,4,13,2895
45.5,9,4,14,2903
45.5,9,4,15,2912
45.5,9,5,0,2789
45.5,9,5,1,2798
45.5,9,5,2,2807
45.5,9,5,3,2816
45.5,9,5,4,2825
45.5,9,5,5,2834
45.5,9,5,6,2843
45.5,9,5,7,2852
45.5,9,5,8,2860
45.5,9,5,9,2869
45.5,9,5,10,2878
45.5,9,5,11,2887
45.5,9,5,12,2895
45.5,9,5,13,2904
45.5,9,5,14,2913
45.5,9,5,15,2921
45.5,9,6,0,2798
45.5,9,6,1,2807
45.5,9,6,2,2816
45.5,9,6,3,2825
45.5,9,6,4,2834
45.5,9,6,5,2843
45.5,9,6,6,2852
45.5,9,6,7,2861
45.5,9,6,8,2870
45.5,9,6,9,2879
45.5,9,6,10,2887
45.5,9,6,11,2896
45.5,9,6,12,2905
45.5,9,6,13,2913
45.5,9,6,14,2922
45.5,9,6,15,2931
45.5,9,7,0,2807
45.5,9,7,1,2816
45.5,9,7,2,2825
45.5,9,7,3,2834
45.5,9,7,4,2843
45.5,9,7,5,2852
45.5,9,7,6,2861
45.5,9,7,7,2870
45.5,9,7,8,2879
45.5,9,7,9,2888
45.5,9,7,10,2897
45.5,9,7,11,2905
45.5,9,7,12,2914
45.5,9,7,13,2923
45.5,9,7,14,2931
45.5,9,7,15,2940
45.5,9,8,0,2816
45.5,9,8,1,2825
45.5,9,8,2,2835
45.5,9,8,3,2844
45.5,9,8,4,2853
45.5,9,8,5,2861
45.5,9,8,6,2870
45.5,9,8,7,2879
45.5,9,8,8,2888
45.5,9,8,9,2897
45.5,9,8,10,2906
45.5,9,8,11,2915
45.5,9,8,12,2923
45.5,9,8,13,2932
45.5,9,8,14,2941
45.5,9,8,15,2950
45.5,9,9,0,2825
45.5,9,9,1,2834
45.5,9,9,2,2844
45.5,9,9,3,2853
45.5,9,9,4,2862
45.5,9,9,5,2871
45.5,9,9,6,2880
45.5,9,9,7,2888
45.5,9,9,8,2897
45.5,9,9,9,2906
45.5,9,9,10,2915
45.5,9,9,11,2924
45.5,9,9,12,2933
45.5,9,9,13,2941
45.5,9,9,14,2950
45.5,9,9,15,2959
45.5,9,10,0,2834
45.5,9,10,1,2843
45.5,9,10,2,2853
45.5,9,10,3,2862
45.5,9,10,4,2871
45.5,9,10,5,2880
45.5,9,10,6,2889
45.5,9,10,7,2898
45.5,9,10,8,2907
45.5,9,10,9,2915
45.5,9,10,10,2924
45.5,9,10,11,2933
45.5,9,10,12,2942
45.5,9,10,13,2951
45.5,9,10,14,2960
45.5,9,10,15,2968
45.5,9,11,0,2843
45.5,9,11,1,2852
45.5,9,11,2,2861
45.5,9,11,3,2871
45.5,9,11,4,2880
45.5,9,11,5,2889
45.5,9,11,6,2898
45.5,9,11,7,2907
45.5,9,11,8,2916
45.5,9,11,9,2925
45.5,9,11,10,2933
45.5,9,11,11,2942
45.5,9,11,12,2951
45.5,9,11,13,2960
45.5,9,11,14,2969
45.5,9,11,15,2978
45.5,9,12,0,2852
45.5,9,12,1,2861
45.5,9,12,2,2870
45.5,9,12,3,2880
45.5,9,12,4,2889
45.5,9,12,5,2898
45.5,9,12,6,2907
45.5,9,12,7,2916
45.5,9,12,8,2925
45.5,9,12,9,2934
45.5,9,12,10,2943
45.5,9,12,11,2952
45.5,9,12,12,2960
45.5,9,12,13,2969
45.5,9,12,14,2978
45.5,9,12,15,2987
45.5,9,13,0,2861
45.5,9,13,1,2870
45.5,9,13,2,2879
45.5,9,13,3,2888
45.5,9,13,4,2898
45.5,9,13,5,2907
45.5,9,13,6,2916
45.5,9,13,7,2925
45.5,9,13,8,2934
45.5,9,13,9,2943
45.5,9,13,10,2952
45.5,9,13,11,2961
45.5,9,13,12,2970
45.5,9,13,13,2978
45.5,9,13,14,2987
45.5,9,13,15,2996
45.5,9,14,0,2870
45.5,9,14,1,2879
45.5,9,14,2,2888
45.5,9,14,3,2897
45.5,9,14,4,2907
45.5,9,14,5,2916
45.5,9,14,6,2925
45.5,9,14,7,2934
45.5,9,14,8,2943
45.5,9,14,9,2952
45.5,9,14,10,2961
45.5,9,14,11,2970
45.5,9,14,12,2979
45.5,9,14,13,2988
45.5,9,14,14,2997
45.5,9,14,15,3005
45.5,9,15,0,2879
45.5,9,15,1,2888
45.5,9,15,2,2897
45.5,9,15,3,2906
45.5,9,15,4,2915
45.5,9,15,5,2925
45.5,9,15,6,2934
45.5,9,15,7,2943
45.5,9,15,8,2952
45.5,9,15,9,2961
45.5,9,15,10,2970
45.5,9,15,11,2979
45.5,9,15,12,2988
45.5,9,15,13,2997
45.5,9,15,14,3006
45.5,9,15,15,3015
45.5,10,0,0,2754
45.5,10,0,1,2763
45.5,10,0,2,2772
45.5,10,0,3,2780
45.5,10,0,4,2789
45.5,10,0,5,2798
45.5,10,0,6,2807
45.5,10,0,7,2815
45.5,10,0,8,2824
45.5,10,0,9,2833
45.5,10,0,10,2841
45.5,10,0,11,2850
45.5,10,0,12,2859
45.5,10,0,13,2867
45.5,10,0,14,2876
45.5,10,0,15,2884
45.5,10,1,0,2763
45.5,10,1,1,2772
45.5,10,1,2,2781
45.5,10,1,3,2790
45.5,10,1,4,2799
45.5,10,1,5,2807
45.5,10,1,6,2816
45.5,10,1,7,2825
45.5,10,1,8,2834
45.5,10,1,9,2842
45.5,10,1,10,2851
45.5,10,1,11,2859
45.5,10,1,12,2868
45.5,10,1,13,2877
45.5,10,1,14,2885
45.5,10,1,15,2894
45.5,10,2,0,2772
45.5,10,2,1,2781
45.5,10,2,2,2790
45.5,10,2,3,2799
45.5,10,2,4,2808
45.5,10,2,5,2817
45.5,10,2,6,2825
45.5,10,2,7,2834
45.5,10,2,8,2843
45.5,10,2,9,2852
45.5,10,2,10,2860
45.5,10,2,11,2869
45.5,10,2,12,2878
45.5,10,2,13,2886
45.5,10,2,14,2895
45.5,10,2,15,2903
45.5,10,3,0,2781
45.5,10,3,1,2790
45.5,10,3,2,2799
45.5,10,3,3,2808
45.5,10,3,4,2817
45.5,10,3,5,2826
45.5,10,3,6,2835
45.5,10,3,7,2844
45.5,10,3,8,2852
45.5,10,3,9,2861
45.5,10,3,10,2870
45.5,10,3,11,2878
45.5,10,3,12,2887
45.5,10,3,13,2896
45.5,10,3,14,2904
45.5,10,3,15,2913
45.5,10,4,0,2791
45.5,10,4,1,2800
45.5,10,4,2,2809
45.5,10,4,3,2817
45.5,10,4,4,2826
45.5,10,4,5,2835
45.5,10,4,6,2844
45.5,10,4,7,2853
45.5,10,4,8,2862
45.5,10,4,9,2870
45.5,10,4,10,2879
45.5,10,4,11,2888
45.5,10,4,12,2897
45.5,10,4,13,2905
45.5,10,4,14,2914
45.5,10,4,15,2923
45.5,10,5,0,2800
45.5,10,5,1,2809
45.5,10,5,2,2818
45.5,10,5,3,2827
45.5,10,5,4,2836
45.5,10,5,5,2845
45.5,10,5,6,2853
45.5,10,5,7,2862
45.5,10,5,8,2871
45.5,10,5,9,2880
45.5,10,5,10,2889
45.5,10,5,11,2897
45.5,10,5,12,2906
45.5,10,5,13,2915
45.5,10,5,14,2923
45.5,10,5,15,2932
45.5,10,6,0,2809
45.5,10,6,1,2818
45.5,10,6,2,2827
45.5,10,6,3,2836
45.5,10,6,4,2845
45.5,10,6,5,2854
45.5,10,6,6,2863
45.5,10,6,7,2872
45.5,10,6,8,2880
45.5,10,6,9,2889
45.5,10,6,10,2898
45.5,10,6,11,2907
45.5,10,6,12,2916
45.5,10,6,13,2924
45.5,10,6,14,2933
45.5,10,6,15,2942
45.5,10,7,0,2818
45.5,10,7,1,2827
45.5,10,7,2,2836
45.5,10,7,3,2845
45.5,10,7,4,2854
45.5,10,7,5,2863
45.5,10,7,6,2872
45.5,10,7,7,2881
45.5,10,7,8,2890
45.5,10,7,9,2898
45.5,10,7,10,2907
45.5,10,7,11,2916
45.5,10,7,12,2925
45.5,10,7,13,2934
45.5,10,7,14,2942
45.5,10,7,15,2951
45.5,10,8,0,2827
45.5,10,8,1,2836
45.5,10,8,2,2845
45.5,10,8,3,2854
45.5,10,8,4,2863
45.5,10,8,5,2872
45.5,10,8,6,2881
45.5,10,8,7,2890
45.5,10,8,8,2899
45.5,10,8,9,2908
45.5,10,8,10,2917
45.5,10,8,11,2925
45.5,10,8,12,2934
45.5,10,8,13,2943
45.5,10,8,14,2952
45.5,10,8,15,2960
45.5,10,9,0,2836
45.5,10,9,1,2845
45.5,10,9,2,2854
45.5,10,9,3,2863
45.5,10,9,4,2872
45.5,10,9,5,2881
45.5,10,9,6,2890
45.5,10,9,7,2899
45.5,10,9,8,2908
45.5,10,9,9,2917
45.5,10,9,10,2926
45.5,10,9,11,2935
45.5,10,9,12,2944
45.5,10,9,13,2952
45.5,10,9,14,2961
45.5,10,9,15,2970
45.5,10,10,0,2845
45.5,10,10,1,2854
45.5,10,10,2,2863
45.5,10,10,3,2872
45.5,10,10,4,2881
45.5,10,10,5,2890
45.5,10,10,6,2899
45.5,10,10,7,2908
45.5,10,10,8,2917
45.5,10,10,9,2926
45.5,10,10,10,2935
45.5,10,10,11,2944
45.5,10,10,12,2953
45.5,10,10,13,2962
45.5,10,10,14,2971
45.5,10,10,15,2979
45.5,10,11,0,2854
45.5,10,11,1,2863
45.5,10,11,2,2872
45.5,10,11,3,2881
45.5,10,11,4,2890
45.5,10,11,5,2899
45.5,10,11,6,2908
45.5,10,11,7,2917
45.5,10,11,8,2926
45.5,10,11,9,2935
45.5,10,11,10,2944
45.5,10,11,11,2953
45.5,10,11,12,2962
45.5,10,11,13,2971
45.5,10,11,14,2980
45.5,10,11,15,2989
45.5,10,12,0,2863
45.5,10,12,1,2872
45.5,10,12,2,2881
45.5,10,12,3,2890
45.5,10,12,4,2899
45.5,10,12,5,2908
45.5,10,12,6,2918
45.5,10,12,7,2927
45.5,10,12,8,2936
45.5,10,12,9,2945
45.5,10,12,10,2954
45.5,10,12,11,2962
45.5,10,12,12,2971
45.5,10,12,13,2980
45.5,10,12,14,2989
45.5,10,12,15,2998
45.5,10,13,0,2872
45.5,10,13,1,2881
45.5,10,13,2,2890
45.5,10,13,3,2899
45.5,10,13,4,2908
45.5,10,13,5,2917
45.5,10,13,6,2927
45.5,10,13,7,2936
45.5,10,13,8,2945
45.5,10,13,9,2954
45.5,10,13,10,2963
45.5,10,13,11,2972
45.5,10,13,12,2981
45.5,10,13,13,2990
45.5,10,13,14,2998
45.5,10,13,15,3007
45.5,10,14,0,2880
45.5,10,14,1,2890
45.5,10,14,2,2899
45.5,10,14,3,2908
45.5,10,14,4,2917
45.5,10,14,5,2926
45.5,10,14,6,2936
45.5,10,14,7,2945
45.5,10,14,8,2954
45.5,10,14,9,2963
45.5,10,14,10,2972
45.5,10,14,11,2981
45.5,10,14,12,2990
45.5,10,14,13,2999
45.5,10,14,14,3008
45.5,10,14,15,3017
45.5,10,15,0,2889
45.5,10,15,1,2898
45.5,10,15,2,2908
45.5,10,15,3,2917
45.5,10,15,4,2926
45.5,10,15,5,2935
45.5,10,15,6,2945
45.5,10,15,7,2954
45.5,10,15,8,2963
45.5,10,15,9,2972
45.5,10,15,10,2981
45.5,10,15,11,2990
45.5,10,15,12,2999
45.5,10,15,13,3008
45.5,10,15,14,3017
45.5,10,15,15,3026
45.5,11,0,0,2764
45.5,11,0,1,2773
45.5,11,0,2,2782
45.5,11,0,3,2791
45.5,11,0,4,2799
45.5,11,0,5,2808
45.5,11,0,6,2817
45.5,11,0,7,2826
45.5,11,0,8,2834
45.5,11,0,9,2843
45.5,11,0,10,2852
45.5,11,0,11,2860
45.5,11,0,12,2869
45.5,11,0,13,2878
45.5,11,0,14,2886
45.5,11,0,15,2895
45.5,11,1,0,2773
45.5,11,1,1,2782
45.5,11,1,2,2791
45.5,11,1,3,2800
45.5,11,1,4,2809
45.5,11,1,5,2818
45.5,11,1,6,2826
45.5,11,1,7,2835
45.5,11,1,8,2844
45.5,11,1,9,2853
45.5,11,1,10,2861
45.5,11,1,11,2870
45.5,11,1,12,2879
45.5,11,1,13,2887
45.5,11,1,14,2896
45.5,11,1,15,2904
45.5,11,2,0,2783
45.5,11,2,1,2791
45.5,11,2,2,2800
45.5,11,2,3,2809
45.5,11,2,4,2818
45.5,11,2,5,2827
45.5,11,2,6,2836
45.5,11,2,7,2845
45.5,11,2,8,2853
45.5,11,2,9,2862
45.5,11,2,10,2871
45.5,11,2,11,2880
45.5,11,2,12,2888
45.5,11,2,13,2897
45.5,11,2,14,2905
45.5,11,2,15,2914
45.5,11,3,0,2792
45.5,11,3,1,2801
45.5,11,3,2,2810
45.5,11,3,3,2819
45.5,11,3,4,2828
45.5,11,3,5,2836
45.5,11,3,6,2845
45.5,11,3,7,2854
45.5,11,3,8,2863
45.5,11,3,9,2872
45.5,11,3,10,2880
45.5,11,3,11,2889
45.5,11,3,12,2898
45.5,11,3,13,2906
45.5,11,3,14,2915
45.5,11,3,15,2924
45.5,11,4,0,2801
45.5,11,4,1,2810
45.5,11,4,2,2819
45.5,11,4,3,2828
45.5,11,4,4,2837
45.5,11,4,5,2846
45.5,11,4,6,2855
45.5,11,4,7,2863
45.5,11,4,8,2872
45.5,11,4,9,2881
45.5,11,4,10,2890
45.5,11,4,11,2899
45.5,11,4,12,2907
45.5,11,4,13,2916
45.5,11,4,14,2925
45.5,11,4,15,2933
45.5,11,5,0,2810
45.5,11,5,1,2819
45.5,11,5,2,2828
45.5,11,5,3,2837
45.5,11,5,4,2846
45.5,11,5,5,2855
45.5,11,5,6,2864
45.5,11,5,7,2873
45.5,11,5,8,2882
45.5,11,5,9,2890
45.5,11,5,10,2899
45.5,11,5,11,2908
45.5,11,5,12,2917
45.5,11,5,13,2926
45.5,11,5,14,2934
45.5,11,5,15,2943
45.5,11,6,0,2819
45.5,11,6,1,2828
45.5,11,6,2,2837
45.5,11,6,3,2846
45.5,11,6,4,2855
45.5,11,6,5,2864
45.5,11,6,6,2873
45.5,11,6,7,2882
45.5,11,6,8,2891
45.5,11,6,9,2900
45.5,11,6,10,2909
45.5,11,6,11,2917
45.5,11,6,12,2926
45.5,11,6,13,2935
45.5,11,6,14,2944
45.5,11,6,15,2952
45.5,11,7,0,2828
45.5,11,7,1,2837
45.5,11,7,2,2846
45.5,11,7,3,2855
45.5,11,7,4,2864
45.5,11,7,5,2873
45.5,11,7,6,2882
45.5,11,7,7,2891
45.5,11,7,8,2900
45.5,11,7,9,2909
45.5,11,7,10,2918
45.5,11,7,11,2927
45.5,11,7,12,2936
45.5,11,7,13,2944
45.5,11,7,14,2953
45.5,11,7,15,2962
45.5,11,8,0,2837
45.5,11,8,1,2846
45.5,11,8,2,2856
45.5,11,8,3,2865
45.5,11,8,4,2874
45.5,11,8,5,2883
45.5,11,8,6,2892
45.5,11,8,7,2901
45.5,11,8,8,2910
45.5,11,8,9,2919
45.5,11,8,10,2927
45.5,11,8,11,2936
45.5,11,8,12,2945
45.5,11,8,13,2954
45.5,11,8,14,2963
45.5,11,8,15,2971
45.5,11,9,0,2846
45.5,11,9,1,2855
45.5,11,9,2,2865
45.5,11,9,3,2874
45.5,11,9,4,2883
45.5,11,9,5,2892
45.5,11,9,6,2901
45.5,11,9,7,2910
45.5,11,9,8,2919
45.5,11,9,9,2928
45.5,11,9,10,2937
45.5,11,9,11,2946
45.5,11,9,12,2954
45.5,11,9,13,2963
45.5,11,9,14,2972
45.5,11,9,15,2981
45.5,11,10,0,2855
45.5,11,10,1,2864
45.5,11,10,2,2874
45.5,11,10,3,2883
45.5,11,10,4,2892
45.5,11,10,5,2901
45.5,11,10,6,2910
45.5,11,10,7,2919
45.5,11,10,8,2928
45.5,11,10,9,2937
45.5,11,10,10,2946
45.5,11,10,11,2955
45.5,11,10,12,2964
45.5,11,10,13,2973
45.5,11,10,14,2981
45.5,11,10,15,2990
45.5,11,11,0,2864
45.5,11,11,1,2873
45.5,11,11,2,2883
45.5,11,11,3,2892
45.5,11,11,4,2901
45.5,11,11,5,2910
45.5,11,11,6,2919
45.5,11,11,7,2928
45.5,11,11,8,2937
45.5,11,11,9,2946
45.5,11,11,10,2955
45.5,11,11,11,2964
45.5,11,11,12,2973
45.5,11,11,13,2982
45.5,11,11,14,2991
45.5,11,11,15,3000
45.5,11,12,0,2873
45.5,11,12,1,2882
45.5,11,12,2,2892
45.5,11,12,3,2901
45.5,11,12,4,2910
45.5,11,12,5,2919
45.5,11,12,6,2928
45.5,11,12,7,2937
45.5,11,12,8,2946
45.5,11,12,9,2955
45.5,11,12,10,2964
45.5,11,12,11,2973
45.5,11,12,12,2982
45.5,11,12,13,2991
45.5,11,12,14,3000
45.5,11,12,15,3009
45.5,11,13,0,2882
45.5,11,13,1,2891
45.5,11,13,2,2901
45.5,11,13,3,2910
45.5,11,13,4,2919
45.5,11,13,5,2928
45.5,11,13,6,2937
45.5,11,13,7,2946
45.5,11,13,8,2956
45.5,11,13,9,2965
45.5,11,13,10,2974
45.5,11,13,11,2983
45.5,11,13,12,2992
45.5,11,13,13,3001
45.5,11,13,14,3009
45.5,11,13,15,3018
45.5,11,14,0,2891
45.5,11,14,1,2900
45.5,11,14,2,2910
45.5,11,14,3,2919
45.5,11,14,4,2928
45.5,11,14,5,2937
45.5,11,14,6,2946
45.5,11,14,7,2956
45.5,11,14,8,2965
45.5,11,14,9,2974
45.5,11,14,10,2983
45.5,11,14,11,2992
45.5,11,14,12,3001
45.5,11,14,13,3010
45.5,11,14,14,3019
45.5,11,14,15,3028
45.5,11,15,0,2900
45.5,11,15,1,2909
45.5,11,15,2,2919
45.5,11,15,3,2928
45.5,11,15,4,2937
45.5,11,15,5,2946
45.5,11,15,6,2955
45.5,11,15,7,2965
45.5,11,15,8,2974
45.5,11,15,9,2983
45.5,11,15,10,2992
45.5,11,15,11,3001
45.5,11,15,12,3010
45.5,11,15,13,3019
45.5,11,15,14,3028
45.5,11,15,15,3037
45.5,12,0,0,2774
45.5,12,0,1,2783
45.5,12,0,2,2792
45.5,12,0,3,2801
45.5,12,0,4,2810
45.5,12,0,5,2819
45.5,12,0,6,2827
45.5,12,0,7,2836
45.5,12,0,8,2845
45.5,12,0,9,2854
45.5,12,0,10,2862
45.5,12,0,11,2871
45.5,12,0,12,2880
45.5,12,0,13,2888
45.5,12,0,14,2897
45.5,12,0,15,2905
45.5,12,1,0,2783
45.5,12,1,1,2792
45.5,12,1,2,2801
45.5,12,1,3,2810
45.5,12,1,4,2819
45.5,12,1,5,2828
45.5,12,1,6,2837
45.5,12,1,7,2846
45.5,12,1,8,2854
45.5,12,1,9,2863
45.5,12,1,10,2872
45.5,12,1,11,2881
45.5,12,1,12,2889
45.5,12,1,13,2898
45.5,12,1,14,2907
45.5,12,1,15,2915
45.5,12,2,0,2793
45.5,12,2,1,2802
45.5,12,2,2,2811
45.5,12,2,3,2820
45.5,12,2,4,2829
45.5,12,2,5,2837
45.5,12,2,6,2846
45.5,12,2,7,2855
45.5,12,2,8,2864
45.5,12,2,9,2873
45.5,12,2,10,2881
45.5,12,2,11,2890
45.5,12,2,12,2899
45.5,12,2,13,2908
45.5,12,2,14,2916
45.5,12,2,15,2925
45.5,12,3,0,2802
45.5,12,3,1,2811
45.5,12,3,2,2820
45.5,12,3,3,2829
45.5,12,3,4,2838
45.5,12,3,5,2847
45.5,12,3,6,2856
45.5,12,3,7,2865
45.5,12,3,8,2873
45.5,12,3,9,2882
45.5,12,3,10,2891
45.5,12,3,11,2900
45.5,12,3,12,2908
45.5,12,3,13,2917
45.5,12,3,14,2926
45.5,12,3,15,2934
45.5,12,4,0,2811
45.5,12,4,1,2820
45.5,12,4,2,2829
45.5,12,4,3,2838
45.5,12,4,4,2847
45.5,12,4,5,2856
45.5,12,4,6,2865
45.5,12,4,7,2874
45.5,12,4,8,2883
45.5,12,4,9,2892
45.5,12,4,10,2900
45.5,12,4,11,2909
45.5,12,4,12,2918
45.5,12,4,13,2927
45.5,12,4,14,2935
45.5,12,4,15,2944
45.5,12,5,0,2820
45.5,12,5,1,2829
45.5,12,5,2,2839
45.5,12,5,3,2848
45.5,12,5,4,2857
45.5,12,5,5,2866
45.5,12,5,6,2874
45.5,12,5,7,2883
45.5,12,5,8,2892
45.5,12,5,9,2901
45.5,12,5,10,2910
45.5,12,5,11,2919
45.5,12,5,12,2928
45.5,12,5,13,2936
45.5,12,5,14,2945
45.5,12,5,15,2954
45.5,12,6,0,2830
45.5,12,6,1,2839
45.5,12,6,2,2848
45.5,12,6,3,2857
45.5,12,6,4,2866
45.5,12,6,5,2875
45.5,12,6,6,2884
45.5,12,6,7,2893
45.5,12,6,8,2902
45.5,12,6,9,2911
45.5,12,6,10,2919
45.5,12,6,11,2928
45.5,12,6,12,2937
45.5,12,6,13,2946
45.5,12,6,14,2955
45.5,12,6,15,2963
45.5,12,7,0,2839
45.5,12,7,1,2848
45.5,12,7,2,2857
45.5,12,7,3,2866
45.5,12,7,4,2875
45.5,12,7,5,2884
45.5,12,7,6,2893
45.5,12,7,7,2902
45.5,12,7,8,2911
45.5,12,7,9,2920
45.5,12,7,10,2929
45.5,12,7,11,2938
45.5,12,7,12,2946
45.5,12,7,13,2955
45.5,12,7,14,2964
45.5,12,7,15,2973
45.5,12,8,0,2848
45.5,12,8,1,2857
45.5,12,8,2,2866
45.5,12,8,3,2875
45.5,12,8,4,2884
45.5,12,8,5,2893
45.5,12,8,6,2902
45.5,12,8,7,2911
45.5,12,8,8,2920
45.5,12,8,9,2929
45.5,12,8,10,2938
45.5,12,8,11,2947
45.5,12,8,12,2956
45.5,12,8,13,2965
45.5,12,8,14,2974
45.5,12,8,15,2982
45.5,12,9,0,2857
45.5,12,9,1,2866
45.5,12,9,2,2875
45.5,12,9,3,2884
45.5,12,9,4,2893
45.5,12,9,5,2902
45.5,12,9,6,2912
45.5,12,9,7,2921
45.5,12,9,8,2930
45.5,12,9,9,2939
45.5,12,9,10,2947
45.5,12,9,11,2956
45.5,12,9,12,2965
45.5,12,9,13,2974
45.5,12,9,14,2983
45.5,12,9,15,2992
45.5,12,10,0,2866
45.5,12,10,1,2875
45.5,12,10,2,2884
45.5,12,10,3,2893
45.5,12,10,4,2903
45.5,12,10,5,2912
45.5,12,10,6,2921
45.5,12,10,7,2930
45.5,12,10,8,2939
45.5,12,10,9,2948
45.5,12,10,10,2957
45.5,12,10,11,2966
45.5,12,10,12,2975
45.5,12,10,13,2984
45.5,12,10,14,2992
45.5,12,10,15,3001
45.5,12,11,0,2875
45.5,12,11,1,2884
45.5,12,11,2,2893
45.5,12,11,3,2902
45.5,12,11,4,2912
45.5,12,11,5,2921
45.5,12,11,6,2930
45.5,12,11,7,2939
45.5,12,11,8,2948
45.5,12,11,9,2957
45.5,12,11,10,2966
45.5,12,11,11,2975
45.5,12,11,12,2984
45.5,12,11,13,2993
45.5,12,11,14,3002
45.5,12,11,15,3011
45.5,12,12,0,2884
45.5,12,12,1,2893
45.5,12,12,2,2902
45.5,12,12,3,2912
45.5,12,12,4,2921
45.5,12,12,5,2930
45.5,12,12,6,2939
45.5,12,12,7,2948
45.5,12,12,8,2957
45.5,12,12,9,2966
45.5,12,12,10,2975
45.5,12,12,11,2984
45.5,12,12,12,2993
45.5,12,12,13,3002
45.5,12,12,14,3011
45.5,12,12,15,3020
45.5,12,13,0,2893
45.5,12,13,1,2902
45.5,12,13,2,2911
45.5,12,13,3,2921
45.5,12,13,4,2930
45.5,12,13,5,2939
45.5,12,13,6,2948
45.5,12,13,7,2957
45.5,12,13,8,2966
45.5,12,13,9,2976
45.5,12,13,10,2985
45.5,12,13,11,2994
45.5,12,13,12,3003
45.5,12,13,13,3012
45.5,12,13,14,3021
45.5,12,13,15,3029
45.5,12,14,0,2902
45.5,12,14,1,2911
45.5,12,14,2,2920
45.5,12,14,3,2930
45.5,12,14,4,2939
45.5,12,14,5,2948
45.5,12,14,6,2957
45.5,12,14,7,2966
45.5,12,14,8,2976
45.5,12,14,9,2985
45.5,12,14,10,2994
45.5,12,14,11,3003
45.5,12,14,12,3012
45.5,12,14,13,3021
45.5,12,14,14,3030
45.5,12,14,15,3039
45.5,12,15,0,2911
45.5,12,15,1,2920
45.5,12,15,2,2929
45.5,12,15,3,2939
45.5,12,15,4,2948
45.5,12,15,5,2957
45.5,12,15,6,2966
45.5,12,15,7,2976
45.5,12,15,8,2985
45.5,12,15,9,2994
45.5,12,15,10,3003
45.5,12,15,11,3012
45.5,12,15,12,3021
45.5,12,15,13,3030
45.5,12,15,14,3039
45.5,12,15,15,3048
45.5,13,0,0,2784
45.5,13,0,1,2793
45.5,13,0,2,2802
45.5,13,0,3,2811
45.5,13,0,4,2820
45.5,13,0,5,2829
45.5,13,0,6,2838
45.5,13,0,7,2847
45.5,13,0,8,2855
45.5,13,0,9,2864
45.5,13,0,10,2873
45.5,13,0,11,2881
45.5,13,0,12,2890
45.5,13,0,13,2899
45.5,13,0,14,2907
45.5,13,0,15,2916
45.5,13,1,0,2794
45.5,13,1,1,2803
45.5,13,1,2,2812
45.5,13,1,3,2821
45.5,13,1,4,2830
45.5,13,1,5,2838
45.5,13,1,6,2847
45.5,13,1,7,2856
45.5,13,1,8,2865
45.5,13,1,9,2874
45.5,13,1,10,2882
45.5,13,1,11,2891
45.5,13,1,12,2900
45.5,13,1,13,2909
45.5,13,1,14,2917
45.5,13,1,15,2926
45.5,13,2,0,2803
45.5,13,2,1,2812
45.5,13,2,2,2821
45.5,13,2,3,2830
45.5,13,2,4,2839
45.5,13,2,5,2848
45.5,13,2,6,2857
45.5,13,2,7,2866
45.5,13,2,8,2874
45.5,13,2,9,2883
45.5,13,2,10,2892
45.5,13,2,11,2901
45.5,13,2,12,2909
45.5,13,2,13,2918
45.5,13,2,14,2927
45.5,13,2,15,2936
45.5,13,3,0,2812
45.5,13,3,1,2821
45.5,13,3,2,2830
45.5,13,3,3,2839
45.5,13,3,4,2848
45.5,13,3,5,2857
45.5,13,3,6,2866
45.5,13,3,7,2875
45.5,13,3,8,2884
45.5,13,3,9,2893
45.5,13,3,10,2902
45.5,13,3,11,2910
45.5,13,3,12,2919
45.5,13,3,13,2928
45.5,13,3,14,2937
45.5,13,3,15,2945
45.5,13,4,0,2821
45.5,13,4,1,2831
45.5,13,4,2,2840
45.5,13,4,3,2849
45.5,13,4,4,2858
45.5,13,4,5,2867
45.5,13,4,6,2876
45.5,13,4,7,2885
45.5,13,4,8,2893
45.5,13,4,9,2902
45.5,13,4,10,2911
45.5,13,4,11,2920
45.5,13,4,12,2929
45.5,13,4,13,2937
45.5,13,4,14,2946
45.5,13,4,15,2955
45.5,13,5,0,2831
45.5,13,5,1,2840
45.5,13,5,2,2849
45.5,13,5,3,2858
45.5,13,5,4,2867
45.5,13,5,5,2876
45.5,13,5,6,2885
45.5,13,5,7,2894
45.5,13,5,8,2903
45.5,13,5,9,2912
45.5,13,5,10,2921
45.5,13,5,11,2929
45.5,13,5,12,2938
45.5,13,5,13,2947
45.5,13,5,14,2956
45.5,13,5,15,2965
45.5,13,6,0,2840
45.5,13,6,1,2849
45.5,13,6,2,2858
45.5,13,6,3,2867
45.5,13,6,4,2876
45.5,13,6,5,2885
45.5,13,6,6,2894
45.5,13,6,7,2903
45.5,13,6,8,2912
45.5,13,6,9,2921
45.5,13,6,10,2930
45.5,13,6,11,2939
45.5,13,6,12,2948
45.5,13,6,13,2957
45.5,13,6,14,2965
45.5,13,6,15,2974
45.5,13,7,0,2849
45.5,13,7,1,2858
45.5,13,7,2,2867
45.5,13,7,3,2876
45.5,13,7,4,2886
45.5,13,7,5,2895
45.5,13,7,6,2904
45.5,13,7,7,2913
45.5,13,7,8,2922
45.5,13,7,9,2931
45.5,13,7,10,2940
45.5,13,7,11,2948
45.5,13,7,12,2957
45.5,13,7,13,2966
45.5,13,7,14,2975
45.5,13,7,15,2984
45.5,13,8,0,2858
45.5,13,8,1,2867
45.5,13,8,2,2877
45.5,13,8,3,2886
45.5,13,8,4,2895
45.5,13,8,5,2904
45.5,13,8,6,2913
45.5,13,8,7,2922
45.5,13,8,8,2931
45.5,13,8,9,2940
45.5,13,8,10,2949
45.5,13,8,11,2958
45.5,13,8,12,2967
45.5,13,8,13,2976
45.5,13,8,14,2984
45.5,13,8,15,2993
45.5,13,9,0,2867
45.5,13,9,1,2876
45.5,13,9,2,2886
45.5,13,9,3,2895
45.5,13,9,4,2904
45.5,13,9,5,2913
45.5,13,9,6,2922
45.5,13,9,7,2931
45.5,13,9,8,2940
45.5,13,9,9,2949
45.5,13,9,10,2958
45.5,13,9,11,2967
45.5,13,9,12,2976
45.5,13,9,13,2985
45.5,13,9,14,2994
45.5,13,9,15,3003
45.5,13,10,0,2876
45.5,13,10,1,2886
45.5,13,10,2,2895
45.5,13,10,3,2904
45.5,13,10,4,2913
45.5,13,10,5,2922
45.5,13,10,6,2931
45.5,13,10,7,2941
45.5,13,10,8,2950
45.5,13,10,9,2959
45.5,13,10,10,2968
45.5,13,10,11,2977
45.5,13,10,12,2986
45.5,13,10,13,2995
45.5,13,10,14,3003
45.5,13,10,15,3012
45.5,13,11,0,2885
45.5,13,11,1,2895
45.5,13,11,2,2904
45.5,13,11,3,2913
45.5,13,11,4,2922
45.5,13,11,5,2932
45.5,13,11,6,2941
45.5,13,11,7,2950
45.5,13,11,8,2959
45.5,13,11,9,2968
45.5,13,11,10,2977
45.5,13,11,11,2986
45.5,13,11,12,2995
45.5,13,11,13,3004
45.5,13,11,14,3013
45.5,13,11,15,3022
45.5,13,12,0,2894
45.5,13,12,1,2904
45.5,13,12,2,2913
45.5,13,12,3,2922
45.5,13,12,4,2931
45.5,13,12,5,2941
45.5,13,12,6,2950
45.5,13,12,7,2959
45.5,13,12,8,2968
45.5,13,12,9,2977
45.5,13,12,10,2986
45.5,13,12,11,2995
45.5,13,12,12,3004
45.5,13,12,13,3013
45.5,13,12,14,3022
45.5,13,12,15,3031
45.5,13,13,0,2903
45.5,13,13,1,2913
45.5,13,13,2,2922
45.5,13,13,3,2931
45.5,13,13,4,2941
45.5,13,13,5,2950
45.5,13,13,6,2959
45.5,13,13,7,2968
45.5,13,13,8,2977
45.5,13,13,9,2986
45.5,13,13,10,2996
45.5,13,13,11,3005
45.5,13,13,12,3014
45.5,13,13,13,3023
45.5,13,13,14,3032
45.5,13,13,15,3041
45.5,13,14,0,2912
45.5,13,14,1,2922
45.5,13,14,2,2931
45.5,13,14,3,2940
45.5,13,14,4,2950
45.5,13,14,5,2959
45.5,13,14,6,2968
45.5,13,14,7,2977
45.5,13,14,8,2986
45.5,13,14,9,2996
45.5,13,14,10,3005
45.5,13,14,11,3014
45.5,13,14,12,3023
45.5,13,14,13,3032
45.5,13,14,14,3041
45.5,13,14,15,3050
45.5,13,15,0,2921
45.5,13,15,1,2931
45.5,13,15,2,2940
45.5,13,15,3,2949
45.5,13,15,4,2959
45.5,13,15,5,2968
45.5,13,15,6,2977
45.5,13,15,7,2986
45.5,13,15,8,2996
45.5,13,15,9,3005
45.5,13,15,10,3014
45.5,13,15,11,3023
45.5,13,15,12,3032
45.5,13,15,13,3041
45.5,13,15,14,3050
45.5,13,15,15,3059
45.5,14,0,0,2795
45.5,14,0,1,2804
45.5,14,0,2,2813
45.5,14,0,3,2821
45.5,14,0,4,2830
45.5,14,0,5,2839
45.5,14,0,6,2848
45.5,14,0,7,2857
45.5,14,0,8,2866
45.5,14,0,9,2875
45.5,14,0,10,2883
45.5,14,0,11,2892
45.5,14,0,12,2901
45.5,14,0,13,2909
45.5,14,0,14,2918
45.5,14,0,15,2927
45.5,14,1,0,2804
45.5,14,1,1,2813
45.5,14,1,2,2822
45.5,14,1,3,2831
45.5,14,1,4,2840
45.5,14,1,5,2849
45.5,14,1,6,2858
45.5,14,1,7,2867
45.5,14,1,8,2875
45.5,14,1,9,2884
45.5,14,1,10,2893
45.5,14,1,11,2902
45.5,14,1,12,2910
45.5,14,1,13,2919
45.5,14,1,14,2928
45.5,14,1,15,2936
45.5,14,2,0,2813
45.5,14,2,1,2822
45.5,14,2,2,2831
45.5,14,2,3,2840
45.5,14,2,4,2849
45.5,14,2,5,2858
45.5,14,2,6,2867
45.5,14,2,7,2876
45.5,14,2,8,2885
45.5,14,2,9,2894
45.5,14,2,10,2903
45.5,14,2,11,2911
45.5,14,2,12,2920
45.5,14,2,13,2929
45.5,14,2,14,2938
45.5,14,2,15,2946
45.5,14,3,0,2823
45.5,14,3,1,2832
45.5,14,3,2,2841
45.5,14,3,3,2850
45.5,14,3,4,2859
45.5,14,3,5,2868
45.5,14,3,6,2877
45.5,14,3,7,2886
45.5,14,3,8,2894
45.5,14,3,9,2903
45.5,14,3,10,2912
45.5,14,3,11,2921
45.5,14,3,12,2930
45.5,14,3,13,2939
45.5,14,3,14,2947
45.5,14,3,15,2956
45.5,14,4,0,2832
45.5,14,4,1,2841
45.5,14,4,2,2850
45.5,14,4,3,2859
45.5,14,4,4,2868
45.5,14,4,5,2877
45.5,14,4,6,2886
45.5,14,4,7,2895
45.5,14,4,8,2904
45.5,14,4,9,2913
45.5,14,4,10,2922
45.5,14,4,11,2931
45.5,14,4,12,2939
45.5,14,4,13,2948
45.5,14,4,14,2957
45.5,14,4,15,2966
45.5,14,5,0,2841
45.5,14,5,1,2850
45.5,14,5,2,2859
45.5,14,5,3,2868
45.5,14,5,4,2877
45.5,14,5,5,2887
45.5,14,5,6,2896
45.5,14,5,7,2904
45.5,14,5,8,2913
45.5,14,5,9,2922
45.5,14,5,10,2931
45.5,14,5,11,2940
45.5,14,5,12,2949
45.5,14,5,13,2958
45.5,14,5,14,2967
45.5,14,5,15,2975
45.5,14,6,0,2850
45.5,14,6,1,2859
45.5,14,6,2,2869
45.5,14,6,3,2878
45.5,14,6,4,2887
45.5,14,6,5,2896
45.5,14,6,6,2905
45.5,14,6,7,2914
45.5,14,6,8,2923
45.5,14,6,9,2932
45.5,14,6,10,2941
45.5,14,6,11,2950
45.5,14,6,12,2959
45.5,14,6,13,2967
45.5,14,6,14,2976
45.5,14,6,15,2985
45.5,14,7,0,2859
45.5,14,7,1,2869
45.5,14,7,2,2878
45.5,14,7,3,2887
45.5,14,7,4,2896
45.5,14,7,5,2905
45.5,14,7,6,2914
45.5,14,7,7,2923
45.5,14,7,8,2932
45.5,14,7,9,2941
45.5,14,7,10,2950
45.5,14,7,11,2959
45.5,14,7,12,2968
45.5,14,7,13,2977
45.5,14,7,14,2986
45.5,14,7,15,2995
45.5,14,8,0,2869
45.5,14,8,1,2878
45.5,14,8,2,2887
45.5,14,8,3,2896
45.5,14,8,4,2905
45.5,14,8,5,2914
45.5,14,8,6,2924
45.5,14,8,7,2933
45.5,14,8,8,2942
45.5,14,8,9,2951
45.5,14,8,10,2960
45.5,14,8,11,2969
45.5,14,8,12,2978
45.5,14,8,13,2986
45.5,14,8,14,2995
45.5,14,8,15,3004
45.5,14,9,0,2878
45.5,14,9,1,2887
45.5,14,9,2,2896
45.5,14,9,3,2905
45.5,14,9,4,2915
45.5,14,9,5,2924
45.5,14,9,6,2933
45.5,14,9,7,2942
45.5,14,9,8,2951
45.5,14,9,9,2960
45.5,14,9,10,2969
45.5,14,9,11,2978
45.5,14,9,12,2987
45.5,14,9,13,2996
45.5,14,9,14,3005
45.5,14,9,15,3014
45.5,14,10,0,2887
45.5,14,10,1,2896
45.5,14,10,2,2905
45.5,14,10,3,2915
45.5,14,10,4,2924
45.5,14,10,5,2933
45.5,14,10,6,2942
45.5,14,10,7,2951
45.5,14,10,8,2960
45.5,14,10,9,2969
45.5,14,10,10,2978
45.5,14,10,11,2987
45.5,14,10,12,2996
45.5,14,10,13,3005
45.5,14,10,14,3014
45.5,14,10,15,3023
45.5,14,11,0,2896
45.5,14,11,1,2905
45.5,14,11,2,2914
45.5,14,11,3,2924
45.5,14,11,4,2933
45.5,14,11,5,2942
45.5,14,11,6,2951
45.5,14,11,7,2961
45.5,14,11,8,2970
45.5,14,11,9,2979
45.5,14,11,10,2988
45.5,14,11,11,2997
45.5,14,11,12,3006
45.5,14,11,13,3015
45.5,14,11,14,3024
45.5,14,11,15,3033
45.5,14,12,0,2905
45.5,14,12,1,2914
45.5,14,12,2,2924
45.5,14,12,3,2933
45.5,14,12,4,2942
45.5,14,12,5,2951
45.5,14,12,6,2961
45.5,14,12,7,2970
45.5,14,12,8,2979
45.5,14,12,9,2988
45.5,14,12,10,2997
45.5,14,12,11,3006
45.5,14,12,12,3015
45.5,14,12,13,3024
45.5,14,12,14,3033
45.5,14,12,15,3042
45.5,14,13,0,2914
45.5,14,13,1,2923
45.5,14,13,2,2933
45.5,14,13,3,2942
45.5,14,13,4,2951
45.5,14,13,5,2961
45.5,14,13,6,2970
45.5,14,13,7,2979
45.5,14,13,8,2988
45.5,14,13,9,2997
45.5,14,13,10,3006
45.5,14,13,11,3016
45.5,14,13,12,3025
45.5,14,13,13,3034
45.5,14,13,14,3043
45.5,14,13,15,3052
45.5,14,14,0,2923
45.5,14,14,1,2932
45.5,14,14,2,2942
45.5,14,14,3,2951
45.5,14,14,4,2960
45.5,14,14,5,2970
45.5,14,14,6,2979
45.5,14,14,7,2988
45.5,14,14,8,2997
45.5,14,14,9,3007
45.5,14,14,10,3016
45.5,14,14,11,3025
45.5,14,14,12,3034
45.5,14,14,13,3043
45.5,14,14,14,3052
45.5,14,14,15,3061
45.5,14,15,0,2932
45.5,14,15,1,2941
45.5,14,15,2,2951
45.5,14,15,3,2960
45.5,14,15,4,2969
45.5,14,15,5,2979
45.5,14,15,6,2988
45.5,14,15,7,2997
45.5,14,15,8,3007
45.5,14,15,9,3016
45.5,14,15,10,3025
45.5,14,15,11,3034
45.5,14,15,12,3043
45.5,14,15,13,3052
45.5,14,15,14,3061
45.5,14,15,15,3070
45.5,15,0,0,2805
45.5,15,0,1,2814
45.5,15,0,2,2823
45.5,15,0,3,2832
45.5,15,0,4,2841
45.5,15,0,5,2850
45.5,15,0,6,2858
45.5,15,0,7,2867
45.5,15,0,8,2876
45.5,15,0,9,2885
45.5,15,0,10,2894
45.5,15,0,11,2903
45.5,15,0,12,2911
45.5,15,0,13,2920
45.5,15,0,14,2929
45.5,15,0,15,2937
45.5,15,1,0,2814
45.5,15,1,1,2823
45.5,15,1,2,2832
45.5,15,1,3,2841
45.5,15,1,4,2850
45.5,15,1,5,2859
45.5,15,1,6,2868
45.5,15,1,7,2877
45.5,15,1,8,2886
45.5,15,1,9,2895
45.5,15,1,10,2903
45.5,15,1,11,2912
45.5,15,1,12,2921
45.5,15,1,13,2930
45.5,15,1,14,2938
45.5,15,1,15,2947
45.5,15,2,0,2823
45.5,15,2,1,2833
45.5,15,2,2,2842
45.5,15,2,3,2851
45.5,15,2,4,2860
45.5,15,2,5,2869
45.5,15,2,6,2878
45.5,15,2,7,2887
45.5,15,2,8,2895
45.5,15,2,9,2904
45.5,15,2,10,2913
45.5,15,2,11,2922
45.5,15,2,12,2931
45.5,15,2,13,2939
45.5,15,2,14,2948
45.5,15,2,15,2957
45.5,15,3,0,2833
45.5,15,3,1,2842
45.5,15,3,2,2851
45.5,15,3,3,2860
45.5,15,3,4,2869
45.5,15,3,5,2878
45.5,15,3,6,2887
45.5,15,3,7,2896
45.5,15,3,8,2905
45.5,15,3,9,2914
45.5,15,3,10,2923
45.5,15,3,11,2932
45.5,15,3,12,2940
45.5,15,3,13,2949
45.5,15,3,14,2958
45.5,15,3,15,2967
45.5,15,4,0,2842
45.5,15,4,1,2851
45.5,15,4,2,2860
45.5,15,4,3,2869
45.5,15,4,4,2879
45.5,15,4,5,2888
45.5,15,4,6,2897
45.5,15,4,7,2906
45.5,15,4,8,2915
45.5,15,4,9,2923
45.5,15,4,10,2932
45.5,15,4,11,2941
45.5,15,4,12,2950
45.5,15,4,13,2959
45.5,15,4,14,2968
45.5,15,4,15,2976
45.5,15,5,0,2851
45.5,15,5,1,2861
45.5,15,5,2,2870
45.5,15,5,3,2879
45.5,15,5,4,2888
45.5,15,5,5,2897
45.5,15,5,6,2906
45.5,15,5,7,2915
45.5,15,5,8,2924
45.5,15,5,9,2933
45.5,15,5,10,2942
45.5,15,5,11,2951
45.5,15,5,12,2960
45.5,15,5,13,2969
45.5,15,5,14,2977
45.5,15,5,15,2986
45.5,15,6,0,2861
45.5,15,6,1,2870
45.5,15,6,2,2879
45.5,15,6,3,2888
45.5,15,6,4,2897
45.5,15,6,5,2906
45.5,15,6,6,2915
45.5,15,6,7,2925
45.5,15,6,8,2934
45.5,15,6,9,2943
45.5,15,6,10,2951
45.5,15,6,11,2960
45.5,15,6,12,2969
45.5,15,6,13,2978
45.5,15,6,14,2987
45.5,15,6,15,2996
45.5,15,7,0,2870
45.5,15,7,1,2879
45.5,15,7,2,2888
45.5,15,7,3,2897
45.5,15,7,4,2907
45.5,15,7,5,2916
45.5,15,7,6,2925
45.5,15,7,7,2934
45.5,15,7,8,2943
45.5,15,7,9,2952
45.5,15,7,10,2961
45.5,15,7,11,2970
45.5,15,7,12,2979
45.5,15,7,13,2988
45.5,15,7,14,2997
45.5,15,7,15,3006
45.5,15,8,0,2879
45.5,15,8,1,2888
45.5,15,8,2,2898
45.5,15,8,3,2907
45.5,15,8,4,2916
45.5,15,8,5,2925
45.5,15,8,6,2934
45.5,15,8,7,2943
45.5,15,8,8,2952
45.5,15,8,9,2961
45.5,15,8,10,2970
45.5,15,8,11,2979
45.5,15,8,12,2988
45.5,15,8,13,2997
45.5,15,8,14,3006
45.5,15,8,15,3015
45.5,15,9,0,2888
45.5,15,9,1,2897
45.5,15,9,2,2907
45.5,15,9,3,2916
45.5,15,9,4,2925
45.5,15,9,5,2934
45.5,15,9,6,2944
45.5,15,9,7,2953
45.5,15,9,8,2962
45.5,15,9,9,2971
45.5,15,9,10,2980
45.5,15,9,11,2989
45.5,15,9,12,2998
45.5,15,9,13,3007
45.5,15,9,14,3016
45.5,15,9,15,3025
45.5,15,10,0,2897
45.5,15,10,1,2907
45.5,15,10,2,2916
45.5,15,10,3,2925
45.5,15,10,4,2934
45.5,15,10,5,2944
45.5,15,10,6,2953
45.5,15,10,7,2962
45.5,15,10,8,2971
45.5,15,10,9,2980
45.5,15,10,10,2989
45.5,15,10,11,2998
45.5,15,10,12,3007
45.5,15,10,13,3016
45.5,15,10,14,3025
45.5,15,10,15,3034
45.5,15,11,0,2906
45.5,15,11,1,2916
45.5,15,11,2,2925
45.5,15,11,3,2934
45.5,15,11,4,2944
45.5,15,11,5,2953
45.5,15,11,6,2962
45.5,15,11,7,2971
45.5,15,11,8,2980
45.5,15,11,9,2990
45.5,15,11,10,2999
45.5,15,11,11,3008
45.5,15,11,12,3017
45.5,15,11,13,3026
45.5,15,11,14,3035
45.5,15,11,15,3044
45.5,15,12,0,2915
45.5,15,12,1,2925
45.5,15,12,2,2934
45.5,15,12,3,2944
45.5,15,12,4,2953
45.5,15,12,5,2962
45.5,15,12,6,2971
45.5,15,12,7,2981
45.5,15,12,8,2990
45.5,15,12,9,2999
45.5,15,12,10,3008
45.5,15,12,11,3017
45.5,15,12,12,3026
45.5,15,12,13,3035
45.5,15,12,14,3044
45.5,15,12,15,3053
45.5,15,13,0,2925
45.5,15,13,1,2934
45.5,15,13,2,2943
45.5,15,13,3,2953
45.5,15,13,4,2962
45.5,15,13,5,2971
45.5,15,13,6,2981
45.5,15,13,7,2990
45.5,15,13,8,2999
45.5,15,13,9,3008
45.5,15,13,10,3017
45.5,15,13,11,3027
45.5,15,13,12,3036
45.5,15,13,13,3045
45.5,15,13,14,3054
45.5,15,13,15,3063
45.5,15,14,0,2934
45.5,15,14,1,2943
45.5,15,14,2,2952
45.5,15,14,3,2962
45.5,15,14,4,2971
45.5,15,14,5,2980
45.5,15,14,6,2990
45.5,15,14,7,2999
45.5,15,14,8,3008
45.5,15,14,9,3017
45.5,15,14,10,3027
45.5,15,14,11,3036
45.5,15,14,12,3045
45.5,15,14,13,3054
45.5,15,14,14,3063
45.5,15,14,15,3072
45.5,15,15,0,2943
45.5,15,15,1,2952
45.5,15,15,2,2961
45.5,15,15,3,2971
45.5,15,15,4,2980
45.5,15,15,5,2990
45.5,15,15,6,2999
45.5,15,15,7,3008
45.5,15,15,8,3017
45.5,15,15,9,3027
45.5,15,15,10,3036
45.5,15,15,11,3045
45.5,15,15,12,3054
45.5,15,15,13,3063
45.5,15,15,14,3073
45.5,15,15,15,3082
46.0,0,0,0,2668
46.0,0,0,1,2677
46.0,0,0,2,2686
46.0,0,0,3,2694
46.0,0,0,4,2703
46.0,0,0,5,2711
46.0,0,0,6,2720
46.0,0,0,7,2728
46.0,0,0,8,2736
46.0,0,0,9,2745
46.0,0,0,10,2753
46.0,0,0,11,2762
46.0,0,0,12,2770
46.0,0,0,13,2778
46.0,0,0,14,2786
46.0,0,0,15,2795
46.0,0,1,0,2677
46.0,0,1,1,2686
46.0,0,1,2,2695
46.0,0,1,3,2703
46.0,0,1,4,2712
46.0,0,1,5,2720
46.0,0,1,6,2729
46.0,0,1,7,2737
46.0,0,1,8,2746
46.0,0,1,9,2754
46.0,0,1,10,2762
46.0,0,1,11,2771
46.0,0,1,12,2779
46.0,0,1,13,2787
46.0,0,1,14,2796
46.0,0,1,15,2804
46.0,0,2,0,2686
46.0,0,2,1,2695
46.0,0,2,2,2704
46.0,0,2,3,2712
46.0,0,2,4,2721
46.0,0,2,5,2729
46.0,0,2,6,2738
46.0,0,2,7,2746
46.0,0,2,8,2755
46.0,0,2,9,2763
46.0,0,2,10,2772
46.0,0,2,11,2780
46.0,0,2,12,2788
46.0,0,2,13,2797
46.0,0,2,14,2805
46.0,0,2,15,2813
46.0,0,3,0,2695
46.0,0,3,1,2704
46.0,0,3,2,2713
46.0,0,3,3,2721
46.0,0,3,4,2730
46.0,0,3,5,2738
46.0,0,3,6,2747
46.0,0,3,7,2755
46.0,0,3,8,2764
46.0,0,3,9,2772
46.0,0,3,10,2781
46.0,0,3,11,2789
46.0,0,3,12,2798
46.0,0,3,13,2806
46.0,0,3,14,2814
46.0,0,3,15,2823
46.0,0,4,0,2704
46.0,0,4,1,2713
46.0,0,4,2,2721
46.0,0,4,3,2730
46.0,0,4,4,2739
46.0,0,4,5,2747
46.0,0,4,6,2756
46.0,0,4,7,2764
46.0,0,4,8,2773
46.0,0,4,9,2781
46.0,0,4,10,2790
46.0,0,4,11,2798
46.0,0,4,12,2807
46.0,0,4,13,2815
46.0,0,4,14,2824
46.0,0,4,15,2832
46.0,0,5,0,2713
46.0,0,5,1,2722
46.0,0,5,2,2730
46.0,0,5,3,2739
46.0,0,5,4,2748
46.0,0,5,5,2756
46.0,0,5,6,2765
46.0,0,5,7,2773
46.0,0,5,8,2782
46.0,0,5,9,2791
46.0,0,5,10,2799
46.0,0,5,11,2808
46.0,0,5,12,2816
46.0,0,5,13,2824
46.0,0,5,14,2833
46.0,0,5,15,2841
46.0,0,6,0,2722
46.0,0,6,1,2730
46.0,0,6,2,2739
46.0,0,6,3,2748
46.0,0,6,4,2757
46.0,0,6,5,2765
46.0,0,6,6,2774
46.0,0,6,7,2782
46.0,0,6,8,2791
46.0,0,6,9,2800
46.0,0,6,10,2808
46.0,0,6,11,2817
46.0,0,6,12,2825
46.0,0,6,13,2834
46.0,0,6,14,2842
46.0,0,6,15,2850
46.0,0,7,0,2730
46.0,0,7,1,2739
46.0,0,7,2,2748
46.0,0,7,3,2757
46.0,0,7,4,2765
46.0,0,7,5,2774
46.0,0,7,6,2783
46.0,0,7,7,2791
46.0,0,7,8,2800
46.0,0,7,9,2809
46.0,0,7,10,2817
46.0,0,7,11,2826
46.0,0,7,12,2834
46.0,0,7,13,2843
46.0,0,7,14,2851
46.0,0,7,15,2860
46.0,0,8,0,2739
46.0,0,8,1,2748
46.0,0,8,2,2757
46.0,0,8,3,2766
46.0,0,8,4,2774
46.0,0,8,5,2783
46.0,0,8,6,2792
46.0,0,8,7,2800
46.0,0,8,8,2809
46.0,0,8,9,2818
46.0,0,8,10,2826
46.0,0,8,11,2835
46.0,0,8,12,2843
46.0,0,8,13,2852
46.0,0,8,14,2860
46.0,0,8,15,2869
46.0,0,9,0,2748
46.0,0,9,1,2757
46.0,0,9,2,2766
46.0,0,9,3,2774
46.0,0,9,4,2783
46.0,0,9,5,2792
46.0,0,9,6,2801
46.0,0,9,7,2809
46.0,0,9,8,2818
46.0,0,9,9,2827
46.0,0,9,10,2835
46.0,0,9,11,2844
46.0,0,9,12,2852
46.0,0,9,13,2861
46.0,0,9,14,2869
46.0,0,9,15,2878
46.0,0,10,0,2757
46.0,0,10,1,2765
46.0,0,10,2,2774
46.0,0,10,3,2783
46.0,0,10,4,2792
46.0,0,10,5,2801
46.0,0,10,6,2809
46.0,0,10,7,2818
46.0,0,10,8,2827
46.0,0,10,9,2836
46.0,0,10,10,2844
46.0,0,10,11,2853
46.0,0,10,12,2861
46.0,0,10,13,2870
46.0,0,10,14,2878
46.0,0,10,15,2887
46.0,0,11,0,2765
46.0,0,11,1,2774
46.0,0,11,2,2783
46.0,0,11,3,2792
46.0,0,11,4,2801
46.0,0,11,5,2809
46.0,0,11,6,2818
46.0,0,11,7,2827
46.0,0,11,8,2836
46.0,0,11,9,2844
46.0,0,11,10,2853
46.0,0,11,11,2862
46.0,0,11,12,2870
46.0,0,11,13,2879
46.0,0,11,14,2887
46.0,0,11,15,2896
46.0,0,12,0,2774
46.0,0,12,1,2783
46.0,0,12,2,2792
46.0,0,12,3,2801
46.0,0,12,4,2809
46.0,0,12,5,2818
46.0,0,12,6,2827
46.0,0,12,7,2836
46.0,0,12,8,2845
46.0,0,12,9,2853
46.0,0,12,10,2862
46.0,0,12,11,2871
46.0,0,12,12,2879
46.0,0,12,13,2888
46.0,0,12,14,2896
46.0,0,12,15,2905
46.0,0,13,0,2782
46.0,0,13,1,2791
46.0,0,13,2,2800
46.0,0,13,3,2809
46.0,0,13,4,2818
46.0,0,13,5,2827
46.0,0,13,6,2836
46.0,0,13,7,2845
46.0,0,13,8,2853
46.0,0,13,9,2862
46.0,0,13,10,2871
46.0,0,13,11,2880
46.0,0,13,12,2888
46.0,0,13,13,2897
46.0,0,13,14,2905
46.0,0,13,15,2914
46.0,0,14,0,2791
46.0,0,14,1,2800
46.0,0,14,2,2809
46.0,0,14,3,2818
46.0,0,14,4,2827
46.0,0,14,5,2836
46.0,0,14,6,2845
46.0,0,14,7,2853
46.0,0,14,8,2862
46.0,0,14,9,2871
46.0,0,14,10,2880
46.0,0,14,11,2888
46.0,0,14,12,2897
46.0,0,14,13,2906
46.0,0,14,14,2914
46.0,0,14,15,2923
46.0,0,15,0,2800
46.0,0,15,1,2809
46.0,0,15,2,2818
46.0,0,15,3,2827
46.0,0,15,4,2836
46.0,0,15,5,2844
46.0,0,15,6,2853
46.0,0,15,7,2862
46.0,0,15,8,2871
46.0,0,15,9,2880
46.0,0,15,10,2889
46.0,0,15,11,2897
46.0,0,15,12,2906
46.0,0,15,13,2915
46.0,0,15,14,2923
46.0,0,15,15,2932
46.0,1,0,0,2679
46.0,1,0,1,2687
46.0,1,0,2,2696
46.0,1,0,3,2705
46.0,1,0,4,2713
46.0,1,0,5,2722
46.0,1,0,6,2730
46.0,1,0,7,2739
46.0,1,0,8,2747
46.0,1,0,9,2755
46.0,1,0,10,2764
46.0,1,0,11,2772
46.0,1,0,12,2780
46.0,1,0,13,2789
46.0,1,0,14,2797
46.0,1,0,15,2805
46.0,1,1,0,2688
46.0,1,1,1,2696
46.0,1,1,2,2705
46.0,1,1,3,2714
46.0,1,1,4,2722
46.0,1,1,5,2731
46.0,1,1,6,2739
46.0,1,1,7,2748
46.0,1,1,8,2756
46.0,1,1,9,2765
46.0,1,1,10,2773
46.0,1,1,11,2781
46.0,1,1,12,2790
46.0,1,1,13,2798
46.0,1,1,14,2806
46.0,1,1,15,2815
46.0,1,2,0,2697
46.0,1,2,1,2705
46.0,1,2,2,2714
46.0,1,2,3,2723
46.0,1,2,4,2731
46.0,1,2,5,2740
46.0,1,2,6,2748
46.0,1,2,7,2757
46.0,1,2,8,2765
46.0,1,2,9,2774
46.0,1,2,10,2782
46.0,1,2,11,2791
46.0,1,2,12,2799
46.0,1,2,13,2807
46.0,1,2,14,2816
46.0,1,2,15,2824
46.0,1,3,0,2706
46.0,1,3,1,2714
46.0,1,3,2,2723
46.0,1,3,3,2732
46.0,1,3,4,2740
46.0,1,3,5,2749
46.0,1,3,6,2757
46.0,1,3,7,2766
46.0,1,3,8,2774
46.0,1,3,9,2783
46.0,1,3,10,2791
46.0,1,3,11,2800
46.0,1,3,12,2808
46.0,1,3,13,2817
46.0,1,3,14,2825
46.0,1,3,15,2833
46.0,1,4,0,2714
46.0,1,4,1,2723
46.0,1,4,2,2732
46.0,1,4,3,2741
46.0,1,4,4,2749
46.0,1,4,5,2758
46.0,1,4,6,2766
46.0,1,4,7,2775
46.0,1,4,8,2784
46.0,1,4,9,2792
46.0,1,4,10,2801
46.0,1,4,11,2809
46.0,1,4,12,2818
46.0,1,4,13,2826
46.0,1,4,14,2834
46.0,1,4,15,2843
46.0,1,5,0,2723
46.0,1,5,1,2732
46.0,1,5,2,2741
46.0,1,5,3,2750
46.0,1,5,4,2758
46.0,1,5,5,2767
46.0,1,5,6,2776
46.0,1,5,7,2784
46.0,1,5,8,2793
46.0,1,5,9,2801
46.0,1,5,10,2810
46.0,1,5,11,2818
46.0,1,5,12,2827
46.0,1,5,13,2835
46.0,1,5,14,2844
46.0,1,5,15,2852
46.0,1,6,0,2732
46.0,1,6,1,2741
46.0,1,6,2,2750
46.0,1,6,3,2758
46.0,1,6,4,2767
46.0,1,6,5,2776
46.0,1,6,6,2785
46.0,1,6,7,2793
46.0,1,6,8,2802
46.0,1,6,9,2810
46.0,1,6,10,2819
46.0,1,6,11,2827
46.0,1,6,12,2836
46.0,1,6,13,2844
46.0,1,6,14,2853
46.0,1,6,15,2861
46.0,1,7,0,2741
46.0,1,7,1,2750
46.0,1,7,2,2759
46.0,1,7,3,2767
46.0,1,7,4,2776
46.0,1,7,5,2785
46.0,1,7,6,2793
46.0,1,7,7,2802
46.0,1,7,8,2811
46.0,1,7,9,2819
46.0,1,7,10,2828
46.0,1,7,11,2837
46.0,1,7,12,2845
46.0,1,7,13,2854
46.0,1,7,14,2862
46.0,1,7,15,2871
46.0,1,8,0,2750
46.0,1,8,1,2759
46.0,1,8,2,2767
46.0,1,8,3,2776
46.0,1,8,4,2785
46.0,1,8,5,2794
46.0,1,8,6,2802
46.0,1,8,7,2811
46.0,1,8,8,2820
46.0,1,8,9,2828
46.0,1,8,10,2837
46.0,1,8,11,2846
46.0,1,8,12,2854
46.0,1,8,13,2863
46.0,1,8,14,2871
46.0,1,8,15,2880
46.0,1,9,0,2758
46.0,1,9,1,2767
46.0,1,9,2,2776
46.0,1,9,3,2785
46.0,1,9,4,2794
46.0,1,9,5,2803
46.0,1,9,6,2811
46.0,1,9,7,2820
46.0,1,9,8,2829
46.0,1,9,9,2837
46.0,1,9,10,2846
46.0,1,9,11,2855
46.0,1,9,12,2863
46.0,1,9,13,2872
46.0,1,9,14,2880
46.0,1,9,15,2889
46.0,1,10,0,2767
46.0,1,10,1,2776
46.0,1,10,2,2785
46.0,1,10,3,2794
46.0,1,10,4,2803
46.0,1,10,5,2811
46.0,1,10,6,2820
46.0,1,10,7,2829
46.0,1,10,8,2838
46.0,1,10,9,2846
46.0,1,10,10,2855
46.0,1,10,11,2864
46.0,1,10,12,2872
46.0,1,10,13,2881
46.0,1,10,14,2889
46.0,1,10,15,2898
46.0,1,11,0,2776
46.0,1,11,1,2785
46.0,1,11,2,2794
46.0,1,11,3,2803
46.0,1,11,4,2811
46.0,1,11,5,2820
46.0,1,11,6,2829
46.0,1,11,7,2838
46.0,1,11,8,2847
46.0,1,11,9,2855
46.0,1,11,10,2864
46.0,1,11,11,2873
46.0,1,11,12,2881
46.0,1,11,13,2890
46.0,1,11,14,2899
46.0,1,11,15,2907
46.0,1,12,0,2785
46.0,1,12,1,2793
46.0,1,12,2,2802
46.0,1,12,3,2811
46.0,1,12,4,2820
46.0,1,12,5,2829
46.0,1,12,6,2838
46.0,1,12,7,2847
46.0,1,12,8,2855
46.0,1,12,9,2864
46.0,1,12,10,2873
46.0,1,12,11,2882
46.0,1,12,12,2890
46.0,1,12,13,2899
46.0,1,12,14,2908
46.0,1,12,15,2916
46.0,1,13,0,2793
46.0,1,13,1,2802
46.0,1,13,2,2811
46.0,1,13,3,2820
46.0,1,13,4,2829
46.0,1,13,5,2838
46.0,1,13,6,2847
46.0,1,13,7,2856
46.0,1,13,8,2864
46.0,1,13,9,2873
46.0,1,13,10,2882
46.0,1,13,11,2891
46.0,1,13,12,2899
46.0,1,13,13,2908
46.0,1,13,14,2917
46.0,1,13,15,2925
46.0,1,14,0,2802
46.0,1,14,1,2811
46.0,1,14,2,2820
46.0,1,14,3,2829
46.0,1,14,4,2838
46.0,1,14,5,2847
46.0,1,14,6,2855
46.0,1,14,7,2864
46.0,1,14,8,2873
46.0,1,14,9,2882
46.0,1,14,10,2891
46.0,1,14,11,2899
46.0,1,14,12,2908
46.0,1,14,13,2917
46.0,1,14,14,2926
46.0,1,14,15,2934
46.0,1,15,0,2810
46.0,1,15,1,2819
46.0,1,15,2,2828
46.0,1,15,3,2837
46.0,1,15,4,2846
46.0,1,15,5,2855
46.0,1,15,6,2864
46.0,1,15,7,2873
46.0,1,15,8,2882
46.0,1,15,9,2891
46.0,1,15,10,2900
46.0,1,15,11,2908
46.0,1,15,12,2917
46.0,1,15,13,2926
46.0,1,15,14,2935
46.0,1,15,15,2943
46.0,2,0,0,2689
46.0,2,0,1,2698
46.0,2,0,2,2706
46.0,2,0,3,2715
46.0,2,0,4,2723
46.0,2,0,5,2732
46.0,2,0,6,2740
46.0,2,0,7,2749
46.0,2,0,8,2757
46.0,2,0,9,2766
46.0,2,0,10,2774
46.0,2,0,11,2783
46.0,2,0,12,2791
46.0,2,0,13,2799
46.0,2,0,14,2808
46.0,2,0,15,2816
46.0,2,1,0,2698
46.0,2,1,1,2707
46.0,2,1,2,2715
46.0,2,1,3,2724
46.0,2,1,4,2733
46.0,2,1,5,2741
46.0,2,1,6,2750
46.0,2,1,7,2758
46.0,2,1,8,2767
46.0,2,1,9,2775
46.0,2,1,10,2784
46.0,2,1,11,2792
46.0,2,1,12,2800
46.0,2,1,13,2809
46.0,2,1,14,2817
46.0,2,1,15,2825
46.0,2,2,0,2707
46.0,2,2,1,2716
46.0,2,2,2,2724
46.0,2,2,3,2733
46.0,2,2,4,2742
46.0,2,2,5,2750
46.0,2,2,6,2759
46.0,2,2,7,2767
46.0,2,2,8,2776
46.0,2,2,9,2784
46.0,2,2,10,2793
46.0,2,2,11,2801
46.0,2,2,12,2810
46.0,2,2,13,2818
46.0,2,2,14,2827
46.0,2,2,15,2835
46.0,2,3,0,2716
46.0,2,3,1,2725
46.0,2,3,2,2733
46.0,2,3,3,2742
46.0,2,3,4,2751
46.0,2,3,5,2759
46.0,2,3,6,2768
46.0,2,3,7,2777
46.0,2,3,8,2785
46.0,2,3,9,2794
46.0,2,3,10,2802
46.0,2,3,11,2811
46.0,2,3,12,2819
46.0,2,3,13,2827
46.0,2,3,14,2836
46.0,2,3,15,2844
46.0,2,4,0,2725
46.0,2,4,1,2734
46.0,2,4,2,2742
46.0,2,4,3,2751
46.0,2,4,4,2760
46.0,2,4,5,2768
46.0,2,4,6,2777
46.0,2,4,7,2786
46.0,2,4,8,2794
46.0,2,4,9,2803
46.0,2,4,10,2811
46.0,2,4,11,2820
46.0,2,4,12,2828
46.0,2,4,13,2837
46.0,2,4,14,2845
46.0,2,4,15,2854
46.0,2,5,0,2734
46.0,2,5,1,2742
46.0,2,5,2,2751
46.0,2,5,3,2760
46.0,2,5,4,2769
46.0,2,5,5,2777
46.0,2,5,6,2786
46.0,2,5,7,2795
46.0,2,5,8,2803
46.0,2,5,9,2812
46.0,2,5,10,2821
46.0,2,5,11,2829
46.0,2,5,12,2838
46.0,2,5,13,2846
46.0,2,5,14,2854
46.0,2,5,15,2863
46.0,2,6,0,2743
46.0,2,6,1,2751
46.0,2,6,2,2760
46.0,2,6,3,2769
46.0,2,6,4,2778
46.0,2,6,5,2786
46.0,2,6,6,2795
46.0,2,6,7,2804
46.0,2,6,8,2812
46.0,2,6,9,2821
46.0,2,6,10,2830
46.0,2,6,11,2838
46.0,2,6,12,2847
46.0,2,6,13,2855
46.0,2,6,14,2864
46.0,2,6,15,2872
46.0,2,7,0,2751
46.0,2,7,1,2760
46.0,2,7,2,2769
46.0,2,7,3,2778
46.0,2,7,4,2787
46.0,2,7,5,2795
46.0,2,7,6,2804
46.0,2,7,7,2813
46.0,2,7,8,2822
46.0,2,7,9,2830
46.0,2,7,10,2839
46.0,2,7,11,2847
46.0,2,7,12,2856
46.0,2,7,13,2864
46.0,2,7,14,2873
46.0,2,7,15,2881
46.0,2,8,0,2760
46.0,2,8,1,2769
46.0,2,8,2,2778
46.0,2,8,3,2787
46.0,2,8,4,2796
46.0,2,8,5,2804
46.0,2,8,6,2813
46.0,2,8,7,2822
46.0,2,8,8,2831
46.0,2,8,9,2839
46.0,2,8,10,2848
46.0,2,8,11,2856
46.0,2,8,12,2865
46.0,2,8,13,2874
46.0,2,8,14,2882
46.0,2,8,15,2891
46.0,2,9,0,2769
46.0,2,9,1,2778
46.0,2,9,2,2787
46.0,2,9,3,2796
46.0,2,9,4,2804
46.0,2,9,5,2813
46.0,2,9,6,2822
46.0,2,9,7,2831
46.0,2,9,8,2840
46.0,2,9,9,2848
46.0,2,9,10,2857
46.0,2,9,11,2866
46.0,2,9,12,2874
46.0,2,9,13,2883
46.0,2,9,14,2891
46.0,2,9,15,2900
46.0,2,10,0,2778
46.0,2,10,1,2787
46.0,2,10,2,2796
46.0,2,10,3,2804
46.0,2,10,4,2813
46.0,2,10,5,2822
46.0,2,10,6,2831
46.0,2,10,7,2840
46.0,2,10,8,2849
46.0,2,10,9,2857
46.0,2,10,10,2866
46.0,2,10,11,2875
46.0,2,10,12,2883
46.0,2,10,13,2892
46.0,2,10,14,2900
46.0,2,10,15,2909
46.0,2,11,0,2786
46.0,2,11,1,2795
46.0,2,11,2,2804
46.0,2,11,3,2813
46.0,2,11,4,2822
46.0,2,11,5,2831
46.0,2,11,6,2840
46.0,2,11,7,2849
46.0,2,11,8,2857
46.0,2,11,9,2866
46.0,2,11,10,2875
46.0,2,11,11,2884
46.0,2,11,12,2892
46.0,2,11,13,2901
46.0,2,11,14,2910
46.0,2,11,15,2918
46.0,2,12,0,2795
46.0,2,12,1,2804
46.0,2,12,2,2813
46.0,2,12,3,2822
46.0,2,12,4,2831
46.0,2,12,5,2840
46.0,2,12,6,2849
46.0,2,12,7,2858
46.0,2,12,8,2866
46.0,2,12,9,2875
46.0,2,12,10,2884
46.0,2,12,11,2893
46.0,2,12,12,2901
46.0,2,12,13,2910
46.0,2,12,14,2919
46.0,2,12,15,2927
46.0,2,13,0,2804
46.0,2,13,1,2813
46.0,2,13,2,2822
46.0,2,13,3,2831
46.0,2,13,4,2840
46.0,2,13,5,2849
46.0,2,13,6,2858
46.0,2,13,7,2866
46.0,2,13,8,2875
46.0,2,13,9,2884
46.0,2,13,10,2893
46.0,2,13,11,2902
46.0,2,13,12,2910
46.0,2,13,13,2919
46.0,2,13,14,2928
46.0,2,13,15,2936
46.0,2,14,0,2812
46.0,2,14,1,2822
46.0,2,14,2,2831
46.0,2,14,3,2840
46.0,2,14,4,2849
46.0,2,14,5,2857
46.0,2,14,6,2866
46.0,2,14,7,2875
46.0,2,14,8,2884
46.0,2,14,9,2893
46.0,2,14,10,2902
46.0,2,14,11,2911
46.0,2,14,12,2919
46.0,2,14,13,2928
46.0,2,14,14,2937
46.0,2,14,15,2945
46.0,2,15,0,2821
46.0,2,15,1,2830
46.0,2,15,2,2839
46.0,2,15,3,2848
46.0,2,15,4,2857
46.0,2,15,5,2866
46.0,2,15,6,2875
46.0,2,15,7,2884
46.0,2,15,8,2893
46.0,2,15,9,2902
46.0,2,15,10,2911
46.0,2,15,11,2919
46.0,2,15,12,2928
46.0,2,15,13,2937
46.0,2,15,14,2946
46.0,2,15,15,2954
46.0,3,0,0,2699
46.0,3,0,1,2708
46.0,3,0,2,2717
46.0,3,0,3,2725
46.0,3,0,4,2734
46.0,3,0,5,2742
46.0,3,0,6,2751
46.0,3,0,7,2759
46.0,3,0,8,2768
46.0,3,0,9,2776
46.0,3,0,10,2785
46.0,3,0,11,2793
46.0,3,0,12,2802
46.0,3,0,13,2810
46.0,3,0,14,2818
46.0,3,0,15,2827
46.0,3,1,0,2708
46.0,3,1,1,2717
46.0,3,1,2,2726
46.0,3,1,3,2734
46.0,3,1,4,2743
46.0,3,1,5,2752
46.0,3,1,6,2760
46.0,3,1,7,2769
46.0,3,1,8,2777
46.0,3,1,9,2786
46.0,3,1,10,2794
46.0,3,1,11,2803
46.0,3,1,12,2811
46.0,3,1,13,2820
46.0,3,1,14,2828
46.0,3,1,15,2836
46.0,3,2,0,2717
46.0,3,2,1,2726
46.0,3,2,2,2735
46.0,3,2,3,2743
46.0,3,2,4,2752
46.0,3,2,5,2761
46.0,3,2,6,2769
46.0,3,2,7,2778
46.0,3,2,8,2786
46.0,3,2,9,2795
46.0,3,2,10,2804
46.0,3,2,11,2812
46.0,3,2,12,2820
46.0,3,2,13,2829
46.0,3,2,14,2837
46.0,3,2,15,2846
46.0,3,3,0,2726
46.0,3,3,1,2735
46.0,3,3,2,2744
46.0,3,3,3,2752
46.0,3,3,4,2761
46.0,3,3,5,2770
46.0,3,3,6,2778
46.0,3,3,7,2787
46.0,3,3,8,2796
46.0,3,3,9,2804
46.0,3,3,10,2813
46.0,3,3,11,2821
46.0,3,3,12,2830
46.0,3,3,13,2838
46.0,3,3,14,2847
46.0,3,3,15,2855
46.0,3,4,0,2735
46.0,3,4,1,2744
46.0,3,4,2,2753
46.0,3,4,3,2761
46.0,3,4,4,2770
46.0,3,4,5,2779
46.0,3,4,6,2788
46.0,3,4,7,2796
46.0,3,4,8,2805
46.0,3,4,9,2813
46.0,3,4,10,2822
46.0,3,4,11,2831
46.0,3,4,12,2839
46.0,3,4,13,2848
46.0,3,4,14,2856
46.0,3,4,15,2864
46.0,3,5,0,2744
46.0,3,5,1,2753
46.0,3,5,2,2762
46.0,3,5,3,2771
46.0,3,5,4,2779
46.0,3,5,5,2788
46.0,3,5,6,2797
46.0,3,5,7,2805
46.0,3,5,8,2814
46.0,3,5,9,2823
46.0,3,5,10,2831
46.0,3,5,11,2840
46.0,3,5,12,2848
46.0,3,5,13,2857
46.0,3,5,14,2865
46.0,3,5,15,2874
46.0,3,6,0,2753
46.0,3,6,1,2762
46.0,3,6,2,2771
46.0,3,6,3,2779
46.0,3,6,4,2788
46.0,3,6,5,2797
46.0,3,6,6,2806
46.0,3,6,7,2814
46.0,3,6,8,2823
46.0,3,6,9,2832
46.0,3,6,10,2840
46.0,3,6,11,2849
46.0,3,6,12,2858
46.0,3,6,13,2866
46.0,3,6,14,2875
46.0,3,6,15,2883
46.0,3,7,0,2762
46.0,3,7,1,2771
46.0,3,7,2,2780
46.0,3,7,3,2788
46.0,3,7,4,2797
46.0,3,7,5,2806
46.0,3,7,6,2815
46.0,3,7,7,2824
46.0,3,7,8,2832
46.0,3,7,9,2841
46.0,3,7,10,2850
46.0,3,7,11,2858
46.0,3,7,12,2867
46.0,3,7,13,2875
46.0,3,7,14,2884
46.0,3,7,15,2892
46.0,3,8,0,2771
46.0,3,8,1,2780
46.0,3,8,2,2789
46.0,3,8,3,2797
46.0,3,8,4,2806
46.0,3,8,5,2815
46.0,3,8,6,2824
46.0,3,8,7,2833
46.0,3,8,8,2841
46.0,3,8,9,2850
46.0,3,8,10,2859
46.0,3,8,11,2867
46.0,3,8,12,2876
46.0,3,8,13,2885
46.0,3,8,14,2893
46.0,3,8,15,2902
46.0,3,9,0,2779
46.0,3,9,1,2788
46.0,3,9,2,2797
46.0,3,9,3,2806
46.0,3,9,4,2815
46.0,3,9,5,2824
46.0,3,9,6,2833
46.0,3,9,7,2842
46.0,3,9,8,2850
46.0,3,9,9,2859
46.0,3,9,10,2868
46.0,3,9,11,2876
46.0,3,9,12,2885
46.0,3,9,13,2894
46.0,3,9,14,2902
46.0,3,9,15,2911
46.0,3,10,0,2788
46.0,3,10,1,2797
46.0,3,10,2,2806
46.0,3,10,3,2815
46.0,3,10,4,2824
46.0,3,10,5,2833
46.0,3,10,6,2842
46.0,3,10,7,2851
46.0,3,10,8,2859
46.0,3,10,9,2868
46.0,3,10,10,2877
46.0,3,10,11,2886
46.0,3,10,12,2894
46.0,3,10,13,2903
46.0,3,10,14,2911
46.0,3,10,15,2920
46.0,3,11,0,2797
46.0,3,11,1,2806
46.0,3,11,2,2815
46.0,3,11,3,2824
46.0,3,11,4,2833
46.0,3,11,5,2842
46.0,3,11,6,2851
46.0,3,11,7,2860
46.0,3,11,8,2868
46.0,3,11,9,2877
46.0,3,11,10,2886
46.0,3,11,11,2895
46.0,3,11,12,2903
46.0,3,11,13,2912
46.0,3,11,14,2921
46.0,3,11,15,2929
46.0,3,12,0,2806
46.0,3,12,1,2815
46.0,3,12,2,2824
46.0,3,12,3,2833
46.0,3,12,4,2842
46.0,3,12,5,2851
46.0,3,12,6,2860
46.0,3,12,7,2868
46.0,3,12,8,2877
46.0,3,12,9,2886
46.0,3,12,10,2895
46.0,3,12,11,2904
46.0,3,12,12,2912
46.0,3,12,13,2921
46.0,3,12,14,2930
46.0,3,12,15,2938
46.0,3,13,0,2814
46.0,3,13,1,2824
46.0,3,13,2,2833
46.0,3,13,3,2842
46.0,3,13,4,2851
46.0,3,13,5,2860
46.0,3,13,6,2868
46.0,3,13,7,2877
46.0,3,13,8,2886
46.0,3,13,9,2895
46.0,3,13,10,2904
46.0,3,13,11,2913
46.0,3,13,12,2921
46.0,3,13,13,2930
46.0,3,13,14,2939
46.0,3,13,15,2948
46.0,3,14,0,2823
46.0,3,14,1,2832
46.0,3,14,2,2841
46.0,3,14,3,2850
46.0,3,14,4,2859
46.0,3,14,5,2868
46.0,3,14,6,2877
46.0,3,14,7,2886
46.0,3,14,8,2895
46.0,3,14,9,2904
46.0,3,14,10,2913
46.0,3,14,11,2922
46.0,3,14,12,2930
46.0,3,14,13,2939
46.0,3,14,14,2948
46.0,3,14,15,2957
46.0,3,15,0,2832
46.0,3,15,1,2841
46.0,3,15,2,2850
46.0,3,15,3,2859
46.0,3,15,4,2868
46.0,3,15,5,2877
46.0,3,15,6,2886
46.0,3,15,7,2895
46.0,3,15,8,2904
46.0,3,15,9,2913
46.0,3,15,10,2922
46.0,3,15,11,2931
46.0,3,15,12,2939
46.0,3,15,13,2948
46.0,3,15,14,2957
46.0,3,15,15,2966
46.0,4,0,0,2709
46.0,4,0,1,2718
46.0,4,0,2,2727
46.0,4,0,3,2735
46.0,4,0,4,2744
46.0,4,0,5,2753
46.0,4,0,6,2761
46.0,4,0,7,2770
46.0,4,0,8,2778
46.0,4,0,9,2787
46.0,4,0,10,2795
46.0,4,0,11,2804
46.0,4,0,12,2812
46.0,4,0,13,2821
46.0,4,0,14,2829
46.0,4,0,15,2837
46.0,4,1,0,2718
46.0,4,1,1,2727
46.0,4,1,2,2736
46.0,4,1,3,2745
46.0,4,1,4,2753
46.0,4,1,5,2762
46.0,4,1,6,2771
46.0,4,1,7,2779
46.0,4,1,8,2788
46.0,4,1,9,2796
46.0,4,1,10,2805
46.0,4,1,11,2813
46.0,4,1,12,2822
46.0,4,1,13,2830
46.0,4,1,14,2839
46.0,4,1,15,2847
46.0,4,2,0,2728
46.0,4,2,1,2736
46.0,4,2,2,2745
46.0,4,2,3,2754
46.0,4,2,4,2762
46.0,4,2,5,2771
46.0,4,2,6,2780
46.0,4,2,7,2788
46.0,4,2,8,2797
46.0,4,2,9,2806
46.0,4,2,10,2814
46.0,4,2,11,2823
46.0,4,2,12,2831
46.0,4,2,13,2840
46.0,4,2,14,2848
46.0,4,2,15,2856
46.0,4,3,0,2737
46.0,4,3,1,2745
46.0,4,3,2,2754
46.0,4,3,3,2763
46.0,4,3,4,2772
46.0,4,3,5,2780
46.0,4,3,6,2789
46.0,4,3,7,2798
46.0,4,3,8,2806
46.0,4,3,9,2815
46.0,4,3,10,2823
46.0,4,3,11,2832
46.0,4,3,12,2841
46.0,4,3,13,2849
46.0,4,3,14,2857
46.0,4,3,15,2866
46.0,4,4,0,2746
46.0,4,4,1,2754
46.0,4,4,2,2763
46.0,4,4,3,2772
46.0,4,4,4,2781
46.0,4,4,5,2789
46.0,4,4,6,2798
46.0,4,4,7,2807
46.0,4,4,8,2815
46.0,4,4,9,2824
46.0,4,4,10,2833
46.0,4,4,11,2841
46.0,4,4,12,2850
46.0,4,4,13,2858
46.0,4,4,14,2867
46.0,4,4,15,2875
46.0,4,5,0,2754
46.0,4,5,1,2763
46.0,4,5,2,2772
46.0,4,5,3,2781
46.0,4,5,4,2790
46.0,4,5,5,2799
46.0,4,5,6,2807
46.0,4,5,7,2816
46.0,4,5,8,2825
46.0,4,5,9,2833
46.0,4,5,10,2842
46.0,4,5,11,2851
46.0,4,5,12,2859
46.0,4,5,13,2868
46.0,4,5,14,2876
46.0,4,5,15,2885
46.0,4,6,0,2763
46.0,4,6,1,2772
46.0,4,6,2,2781
46.0,4,6,3,2790
46.0,4,6,4,2799
46.0,4,6,5,2808
46.0,4,6,6,2816
46.0,4,6,7,2825
46.0,4,6,8,2834
46.0,4,6,9,2843
46.0,4,6,10,2851
46.0,4,6,11,2860
46.0,4,6,12,2868
46.0,4,6,13,2877
46.0,4,6,14,2886
46.0,4,6,15,2894
46.0,4,7,0,2772
46.0,4,7,1,2781
46.0,4,7,2,2790
46.0,4,7,3,2799
46.0,4,7,4,2808
46.0,4,7,5,2817
46.0,4,7,6,2825
46.0,4,7,7,2834
46.0,4,7,8,2843
46.0,4,7,9,2852
46.0,4,7,10,2860
46.0,4,7,11,2869
46.0,4,7,12,2878
46.0,4,7,13,2886
46.0,4,7,14,2895
46.0,4,7,15,2903
46.0,4,8,0,2781
46.0,4,8,1,2790
46.0,4,8,2,2799
46.0,4,8,3,2808
46.0,4,8,4,2817
46.0,4,8,5,2826
46.0,4,8,6,2835
46.0,4,8,7,2843
46.0,4,8,8,2852
46.0,4,8,9,2861
46.0,4,8,10,2870
46.0,4,8,11,2878
46.0,4,8,12,2887
46.0,4,8,13,2895
46.0,4,8,14,2904
46.0,4,8,15,2913
46.0,4,9,0,2790
46.0,4,9,1,2799
46.0,4,9,2,2808
46.0,4,9,3,2817
46.0,4,9,4,2826
46.0,4,9,5,2835
46.0,4,9,6,2844
46.0,4,9,7,2852
46.0,4,9,8,2861
46.0,4,9,9,2870
46.0,4,9,10,2879
46.0,4,9,11,2887
46.0,4,9,12,2896
46.0,4,9,13,2905
46.0,4,9,14,2913
46.0,4,9,15,2922
46.0,4,10,0,2799
46.0,4,10,1,2808
46.0,4,10,2,2817
46.0,4,10,3,2826
46.0,4,10,4,2835
46.0,4,10,5,2844
46.0,4,10,6,2853
46.0,4,10,7,2861
46.0,4,10,8,2870
46.0,4,10,9,2879
46.0,4,10,10,2888
46.0,4,10,11,2896
46.0,4,10,12,2905
46.0,4,10,13,2914
46.0,4,10,14,2923
46.0,4,10,15,2931
46.0,4,11,0,2808
46.0,4,11,1,2817
46.0,4,11,2,2826
46.0,4,11,3,2835
46.0,4,11,4,2844
46.0,4,11,5,2853
46.0,4,11,6,2861
46.0,4,11,7,2870
46.0,4,11,8,2879
46.0,4,11,9,2888
46.0,4,11,10,2897
46.0,4,11,11,2906
46.0,4,11,12,2914
46.0,4,11,13,2923
46.0,4,11,14,2932
46.0,4,11,15,2940
46.0,4,12,0,2816
46.0,4,12,1,2825
46.0,4,12,2,2835
46.0,4,12,3,2844
46.0,4,12,4,2853
46.0,4,12,5,2861
46.0,4,12,6,2870
46.0,4,12,7,2879
46.0,4,12,8,2888
46.0,4,12,9,2897
46.0,4,12,10,2906
46.0,4,12,11,2915
46.0,4,12,12,2923
46.0,4,12,13,2932
46.0,4,12,14,2941
46.0,4,12,15,2950
46.0,4,13,0,2825
46.0,4,13,1,2834
46.0,4,13,2,2843
46.0,4,13,3,2852
46.0,4,13,4,2861
46.0,4,13,5,2870
46.0,4,13,6,2879
46.0,4,13,7,2888
46.0,4,13,8,2897
46.0,4,13,9,2906
46.0,4,13,10,2915
46.0,4,13,11,2924
46.0,4,13,12,2932
46.0,4,13,13,2941
46.0,4,13,14,2950
46.0,4,13,15,2959
46.0,4,14,0,2834
46.0,4,14,1,2843
46.0,4,14,2,2852
46.0,4,14,3,2861
46.0,4,14,4,2870
46.0,4,14,5,2879
46.0,4,14,6,2888
46.0,4,14,7,2897
46.0,4,14,8,2906
46.0,4,14,9,2915
46.0,4,14,10,2924
46.0,4,14,11,2933
46.0,4,14,12,2942
46.0,4,14,13,2950
46.0,4,14,14,2959
46.0,4,14,15,2968
46.0,4,15,0,2843
46.0,4,15,1,2852
46.0,4,15,2,2861
46.0,4,15,3,2870
46.0,4,15,4,2879
46.0,4,15,5,2888
46.0,4,15,6,2897
46.0,4,15,7,2906
46.0,4,15,8,2915
46.0,4,15,9,2924
46.0,4,15,10,2933
46.0,4,15,11,2942
46.0,4,15,12,2951
46.0,4,15,13,2959
46.0,4,15,14,2968
46.0,4,15,15,2977
46.0,5,0,0,2720
46.0,5,0,1,2728
46.0,5,0,2,2737
46.0,5,0,3,2746
46.0,5,0,4,2754
46.0,5,0,5,2763
46.0,5,0,6,2772
46.0,5,0,7,2780
46.0,5,0,8,2789
46.0,5,0,9,2797
46.0,5,0,10,2806
46.0,5,0,11,2814
46.0,5,0,12,2823
46.0,5,0,13,2831
46.0,5,0,14,2840
46.0,5,0,15,2848
46.0,5,1,0,2729
46.0,5,1,1,2738
46.0,5,1,2,2746
46.0,5,1,3,2755
46.0,5,1,4,2764
46.0,5,1,5,2772
46.0,5,1,6,2781
46.0,5,1,7,2790
46.0,5,1,8,2798
46.0,5,1,9,2807
46.0,5,1,10,2815
46.0,5,1,11,2824
46.0,5,1,12,2832
46.0,5,1,13,2841
46.0,5,1,14,2849
46.0,5,1,15,2858
46.0,5,2,0,2738
46.0,5,2,1,2747
46.0,5,2,2,2755
46.0,5,2,3,2764
46.0,5,2,4,2773
46.0,5,2,5,2782
46.0,5,2,6,2790
46.0,5,2,7,2799
46.0,5,2,8,2808
46.0,5,2,9,2816
46.0,5,2,10,2825
46.0,5,2,11,2833
46.0,5,2,12,2842
46.0,5,2,13,2850
46.0,5,2,14,2859
46.0,5,2,15,2867
46.0,5,3,0,2747
46.0,5,3,1,2756
46.0,5,3,2,2765
46.0,5,3,3,2773
46.0,5,3,4,2782
46.0,5,3,5,2791
46.0,5,3,6,2800
46.0,5,3,7,2808
46.0,5,3,8,2817
46.0,5,3,9,2825
46.0,5,3,10,2834
46.0,5,3,11,2843
46.0,5,3,12,2851
46.0,5,3,13,2860
46.0,5,3,14,2868
46.0,5,3,15,2877
46.0,5,4,0,2756
46.0,5,4,1,2765
46.0,5,4,2,2774
46.0,5,4,3,2782
46.0,5,4,4,2791
46.0,5,4,5,2800
46.0,5,4,6,2809
46.0,5,4,7,2817
46.0,5,4,8,2826
46.0,5,4,9,2835
46.0,5,4,10,2843
46.0,5,4,11,2852
46.0,5,4,12,2861
46.0,5,4,13,2869
46.0,5,4,14,2878
46.0,5,4,15,2886
46.0,5,5,0,2765
46.0,5,5,1,2774
46.0,5,5,2,2783
46.0,5,5,3,2792
46.0,5,5,4,2800
46.0,5,5,5,2809
46.0,5,5,6,2818
46.0,5,5,7,2827
46.0,5,5,8,2835
46.0,5,5,9,2844
46.0,5,5,10,2853
46.0,5,5,11,2861
46.0,5,5,12,2870
46.0,5,5,13,2879
46.0,5,5,14,2887
46.0,5,5,15,2896
46.0,5,6,0,2774
46.0,5,6,1,2783
46.0,5,6,2,2792
46.0,5,6,3,2801
46.0,5,6,4,2809
46.0,5,6,5,2818
46.0,5,6,6,2827
46.0,5,6,7,2836
46.0,5,6,8,2845
46.0,5,6,9,2853
46.0,5,6,10,2862
46.0,5,6,11,2871
46.0,5,6,12,2879
46.0,5,6,13,2888
46.0,5,6,14,2896
46.0,5,6,15,2905
46.0,5,7,0,2783
46.0,5,7,1,2792
46.0,5,7,2,2801
46.0,5,7,3,2810
46.0,5,7,4,2818
46.0,5,7,5,2827
46.0,5,7,6,2836
46.0,5,7,7,2845
46.0,5,7,8,2854
46.0,5,7,9,2862
46.0,5,7,10,2871
46.0,5,7,11,2880
46.0,5,7,12,2889
46.0,5,7,13,2897
46.0,5,7,14,2906
46.0,5,7,15,2914
46.0,5,8,0,2792
46.0,5,8,1,2801
46.0,5,8,2,2810
46.0,5,8,3,2819
46.0,5,8,4,2827
46.0,5,8,5,2836
46.0,5,8,6,2845
46.0,5,8,7,2854
46.0,5,8,8,2863
46.0,5,8,9,2872
46.0,5,8,10,2880
46.0,5,8,11,2889
46.0,5,8,12,2898
46.0,5,8,13,2906
46.0,5,8,14,2915
46.0,5,8,15,2924
46.0,5,9,0,2801
46.0,5,9,1,2810
46.0,5,9,2,2819
46.0,5,9,3,2828
46.0,5,9,4,2836
46.0,5,9,5,2845
46.0,5,9,6,2854
46.0,5,9,7,2863
46.0,5,9,8,2872
46.0,5,9,9,2881
46.0,5,9,10,2889
46.0,5,9,11,2898
46.0,5,9,12,2907
46.0,5,9,13,2916
46.0,5,9,14,2924
46.0,5,9,15,2933
46.0,5,10,0,2809
46.0,5,10,1,2818
46.0,5,10,2,2827
46.0,5,10,3,2836
46.0,5,10,4,2845
46.0,5,10,5,2854
46.0,5,10,6,2863
46.0,5,10,7,2872
46.0,5,10,8,2881
46.0,5,10,9,2890
46.0,5,10,10,2899
46.0,5,10,11,2907
46.0,5,10,12,2916
46.0,5,10,13,2925
46.0,5,10,14,2934
46.0,5,10,15,2942
46.0,5,11,0,2818
46.0,5,11,1,2827
46.0,5,11,2,2836
46.0,5,11,3,2845
46.0,5,11,4,2854
46.0,5,11,5,2863
46.0,5,11,6,2872
46.0,5,11,7,2881
46.0,5,11,8,2890
46.0,5,11,9,2899
46.0,5,11,10,2908
46.0,5,11,11,2917
46.0,5,11,12,2925
46.0,5,11,13,2934
46.0,5,11,14,2943
46.0,5,11,15,2951
46.0,5,12,0,2827
46.0,5,12,1,2836
46.0,5,12,2,2845
46.0,5,12,3,2854
46.0,5,12,4,2863
46.0,5,12,5,2872
46.0,5,12,6,2881
46.0,5,12,7,2890
46.0,5,12,8,2899
46.0,5,12,9,2908
46.0,5,12,10,2917
46.0,5,12,11,2926
46.0,5,12,12,2934
46.0,5,12,13,2943
46.0,5,12,14,2952
46.0,5,12,15,2961
46.0,5,13,0,2836
46.0,5,13,1,2845
46.0,5,13,2,2854
46.0,5,13,3,2863
46.0,5,13,4,2872
46.0,5,13,5,2881
46.0,5,13,6,2890
46.0,5,13,7,2899
46.0,5,13,8,2908
46.0,5,13,9,2917
46.0,5,13,10,2926
46.0,5,13,11,2935
46.0,5,13,12,2944
46.0,5,13,13,2952
46.0,5,13,14,2961
46.0,5,13,15,2970
46.0,5,14,0,2845
46.0,5,14,1,2854
46.0,5,14,2,2863
46.0,5,14,3,2872
46.0,5,14,4,2881
46.0,5,14,5,2890
46.0,5,14,6,2899
46.0,5,14,7,2908
46.0,5,14,8,2917
46.0,5,14,9,2926
46.0,5,14,10,2935
46.0,5,14,11,2944
46.0,5,14,12,2953
46.0,5,14,13,2961
46.0,5,14,14,2970
46.0,5,14,15,2979
46.0,5,15,0,2853
46.0,5,15,1,2862
46.0,5,15,2,2872
46.0,5,15,3,2881
46.0,5,15,4,2890
46.0,5,15,5,2899
46.0,5,15,6,2908
46.0,5,15,7,2917
46.0,5,15,8,2926
46.0,5,15,9,2935
46.0,5,15,10,2944
46.0,5,15,11,2953
46.0,5,15,12,2962
46.0,5,15,13,2971
46.0,5,15,14,2979
46.0,5,15,15,2988
46.0,6,0,0,2730
46.0,6,0,1,2739
46.0,6,0,2,2747
46.0,6,0,3,2756
46.0,6,0,4,2765
46.0,6,0,5,2774
46.0,6,0,6,2782
46.0,6,0,7,2791
46.0,6,0,8,2799
46.0,6,0,9,2808
46.0,6,0,10,2817
46.0,6,0,11,2825
46.0,6,0,12,2834
46.0,6,0,13,2842
46.0,6,0,14,2850
46.0,6,0,15,2859
46.0,6,1,0,2739
46.0,6,1,1,2748
46.0,6,1,2,2757
46.0,6,1,3,2765
46.0,6,1,4,2774
46.0,6,1,5,2783
46.0,6,1,6,2791
46.0,6,1,7,2800
46.0,6,1,8,2809
46.0,6,1,9,2817
46.0,6,1,10,2826
46.0,6,1,11,2835
46.0,6,1,12,2843
46.0,6,1,13,2852
46.0,6,1,14,2860
46.0,6,1,15,2868
46.0,6,2,0,2748
46.0,6,2,1,2757
46.0,6,2,2,2766
46.0,6,2,3,2775
46.0,6,2,4,2783
46.0,6,2,5,2792
46.0,6,2,6,2801
46.0,6,2,7,2809
46.0,6,2,8,2818
46.0,6,2,9,2827
46.0,6,2,10,2835
46.0,6,2,11,2844
46.0,6,2,12,2853
46.0,6,2,13,2861
46.0,6,2,14,2870
46.0,6,2,15,2878
46.0,6,3,0,2757
46.0,6,3,1,2766
46.0,6,3,2,2775
46.0,6,3,3,2784
46.0,6,3,4,2793
46.0,6,3,5,2801
46.0,6,3,6,2810
46.0,6,3,7,2819
46.0,6,3,8,2827
46.0,6,3,9,2836
46.0,6,3,10,2845
46.0,6,3,11,2853
46.0,6,3,12,2862
46.0,6,3,13,2870
46.0,6,3,14,2879
46.0,6,3,15,2888
46.0,6,4,0,2766
46.0,6,4,1,2775
46.0,6,4,2,2784
46.0,6,4,3,2793
46.0,6,4,4,2802
46.0,6,4,5,2811
46.0,6,4,6,2819
46.0,6,4,7,2828
46.0,6,4,8,2837
46.0,6,4,9,2845
46.0,6,4,10,2854
46.0,6,4,11,2863
46.0,6,4,12,2871
46.0,6,4,13,2880
46.0,6,4,14,2888
46.0,6,4,15,2897
46.0,6,5,0,2775
46.0,6,5,1,2784
46.0,6,5,2,2793
46.0,6,5,3,2802
46.0,6,5,4,2811
46.0,6,5,5,2820
46.0,6,5,6,2828
46.0,6,5,7,2837
46.0,6,5,8,2846
46.0,6,5,9,2855
46.0,6,5,10,2863
46.0,6,5,11,2872
46.0,6,5,12,2881
46.0,6,5,13,2889
46.0,6,5,14,2898
46.0,6,5,15,2906
46.0,6,6,0,2784
46.0,6,6,1,2793
46.0,6,6,2,2802
46.0,6,6,3,2811
46.0,6,6,4,2820
46.0,6,6,5,2829
46.0,6,6,6,2838
46.0,6,6,7,2846
46.0,6,6,8,2855
46.0,6,6,9,2864
46.0,6,6,10,2873
46.0,6,6,11,2881
46.0,6,6,12,2890
46.0,6,6,13,2899
46.0,6,6,14,2907
46.0,6,6,15,2916
46.0,6,7,0,2793
46.0,6,7,1,2802
46.0,6,7,2,2811
46.0,6,7,3,2820
46.0,6,7,4,2829
46.0,6,7,5,2838
46.0,6,7,6,2847
46.0,6,7,7,2856
46.0,6,7,8,2864
46.0,6,7,9,2873
46.0,6,7,10,2882
46.0,6,7,11,2891
46.0,6,7,12,2899
46.0,6,7,13,2908
46.0,6,7,14,2917
46.0,6,7,15,2925
46.0,6,8,0,2802
46.0,6,8,1,2811
46.0,6,8,2,2820
46.0,6,8,3,2829
46.0,6,8,4,2838
46.0,6,8,5,2847
46.0,6,8,6,2856
46.0,6,8,7,2865
46.0,6,8,8,2874
46.0,6,8,9,2882
46.0,6,8,10,2891
46.0,6,8,11,2900
46.0,6,8,12,2909
46.0,6,8,13,2917
46.0,6,8,14,2926
46.0,6,8,15,2935
46.0,6,9,0,2811
46.0,6,9,1,2820
46.0,6,9,2,2829
46.0,6,9,3,2838
46.0,6,9,4,2847
46.0,6,9,5,2856
46.0,6,9,6,2865
46.0,6,9,7,2874
46.0,6,9,8,2883
46.0,6,9,9,2892
46.0,6,9,10,2900
46.0,6,9,11,2909
46.0,6,9,12,2918
46.0,6,9,13,2927
46.0,6,9,14,2935
46.0,6,9,15,2944
46.0,6,10,0,2820
46.0,6,10,1,2829
46.0,6,10,2,2838
46.0,6,10,3,2847
46.0,6,10,4,2856
46.0,6,10,5,2865
46.0,6,10,6,2874
46.0,6,10,7,2883
46.0,6,10,8,2892
46.0,6,10,9,2901
46.0,6,10,10,2910
46.0,6,10,11,2918
46.0,6,10,12,2927
46.0,6,10,13,2936
46.0,6,10,14,2945
46.0,6,10,15,2953
46.0,6,11,0,2829
46.0,6,11,1,2838
46.0,6,11,2,2847
46.0,6,11,3,2856
46.0,6,11,4,2865
46.0,6,11,5,2874
46.0,6,11,6,2883
46.0,6,11,7,2892
46.0,6,11,8,2901
46.0,6,11,9,2910
46.0,6,11,10,2919
46.0,6,11,11,2927
46.0,6,11,12,2936
46.0,6,11,13,2945
46.0,6,11,14,2954
46.0,6,11,15,2963
46.0,6,12,0,2838
46.0,6,12,1,2847
46.0,6,12,2,2856
46.0,6,12,3,2865
46.0,6,12,4,2874
46.0,6,12,5,2883
46.0,6,12,6,2892
46.0,6,12,7,2901
46.0,6,12,8,2910
46.0,6,12,9,2919
46.0,6,12,10,2928
46.0,6,12,11,2937
46.0,6,12,12,2945
46.0,6,12,13,2954
46.0,6,12,14,2963
46.0,6,12,15,2972
46.0,6,13,0,2846
46.0,6,13,1,2856
46.0,6,13,2,2865
46.0,6,13,3,2874
46.0,6,13,4,2883
46.0,6,13,5,2892
46.0,6,13,6,2901
46.0,6,13,7,2910
46.0,6,13,8,2919
46.0,6,13,9,2928
46.0,6,13,10,2937
46.0,6,13,11,2946
46.0,6,13,12,2955
46.0,6,13,13,2963
46.0,6,13,14,2972
46.0,6,13,15,2981
46.0,6,14,0,2855
46.0,6,14,1,2864
46.0,6,14,2,2874
46.0,6,14,3,2883
46.0,6,14,4,2892
46.0,6,14,5,2901
46.0,6,14,6,2910
46.0,6,14,7,2919
46.0,6,14,8,2928
46.0,6,14,9,2937
46.0,6,14,10,2946
46.0,6,14,11,2955
46.0,6,14,12,2964
46.0,6,14,13,2973
46.0,6,14,14,2981
46.0,6,14,15,2990
46.0,6,15,0,2864
46.0,6,15,1,2873
46.0,6,15,2,2882
46.0,6,15,3,2892
46.0,6,15,4,2901
46.0,6,15,5,2910
46.0,6,15,6,2919
46.0,6,15,7,2928
46.0,6,15,8,2937
46.0,6,15,9,2946
46.0,6,15,10,2955
46.0,6,15,11,2964
46.0,6,15,12,2973
46.0,6,15,13,2982
46.0,6,15,14,2991
46.0,6,15,15,2999
46.0,7,0,0,2740
46.0,7,0,1,2749
46.0,7,0,2,2758
46.0,7,0,3,2766
46.0,7,0,4,2775
46.0,7,0,5,2784
46.0,7,0,6,2793
46.0,7,0,7,2801
46.0,7,0,8,2810
46.0,7,0,9,2819
46.0,7,0,10,2827
46.0,7,0,11,2836
46.0,7,0,12,2844
46.0,7,0,13,2853
46.0,7,0,14,2861
46.0,7,0,15,2870
46.0,7,1,0,2749
46.0,7,1,1,2758
46.0,7,1,2,2767
46.0,7,1,3,2776
46.0,7,1,4,2784
46.0,7,1,5,2793
46.0,7,1,6,2802
46.0,7,1,7,2811
46.0,7,1,8,2819
46.0,7,1,9,2828
46.0,7,1,10,2837
46.0,7,1,11,2845
46.0,7,1,12,2854
46.0,7,1,13,2862
46.0,7,1,14,2871
46.0,7,1,15,2879
46.0,7,2,0,2758
46.0,7,2,1,2767
46.0,7,2,2,2776
46.0,7,2,3,2785
46.0,7,2,4,2794
46.0,7,2,5,2803
46.0,7,2,6,2811
46.0,7,2,7,2820
46.0,7,2,8,2829
46.0,7,2,9,2837
46.0,7,2,10,2846
46.0,7,2,11,2855
46.0,7,2,12,2863
46.0,7,2,13,2872
46.0,7,2,14,2880
46.0,7,2,15,2889
46.0,7,3,0,2768
46.0,7,3,1,2776
46.0,7,3,2,2785
46.0,7,3,3,2794
46.0,7,3,4,2803
46.0,7,3,5,2812
46.0,7,3,6,2821
46.0,7,3,7,2829
46.0,7,3,8,2838
46.0,7,3,9,2847
46.0,7,3,10,2855
46.0,7,3,11,2864
46.0,7,3,12,2873
46.0,7,3,13,2881
46.0,7,3,14,2890
46.0,7,3,15,2898
46.0,7,4,0,2777
46.0,7,4,1,2786
46.0,7,4,2,2794
46.0,7,4,3,2803
46.0,7,4,4,2812
46.0,7,4,5,2821
46.0,7,4,6,2830
46.0,7,4,7,2839
46.0,7,4,8,2847
46.0,7,4,9,2856
46.0,7,4,10,2865
46.0,7,4,11,2873
46.0,7,4,12,2882
46.0,7,4,13,2891
46.0,7,4,14,2899
46.0,7,4,15,2908
46.0,7,5,0,2786
46.0,7,5,1,2795
46.0,7,5,2,2804
46.0,7,5,3,2812
46.0,7,5,4,2821
46.0,7,5,5,2830
46.0,7,5,6,2839
46.0,7,5,7,2848
46.0,7,5,8,2857
46.0,7,5,9,2865
46.0,7,5,10,2874
46.0,7,5,11,2883
46.0,7,5,12,2892
46.0,7,5,13,2900
46.0,7,5,14,2909
46.0,7,5,15,2917
46.0,7,6,0,2795
46.0,7,6,1,2804
46.0,7,6,2,2813
46.0,7,6,3,2822
46.0,7,6,4,2831
46.0,7,6,5,2839
46.0,7,6,6,2848
46.0,7,6,7,2857
46.0,7,6,8,2866
46.0,7,6,9,2875
46.0,7,6,10,2883
46.0,7,6,11,2892
46.0,7,6,12,2901
46.0,7,6,13,2910
46.0,7,6,14,2918
46.0,7,6,15,2927
46.0,7,7,0,2804
46.0,7,7,1,2813
46.0,7,7,2,2822
46.0,7,7,3,2831
46.0,7,7,4,2840
46.0,7,7,5,2849
46.0,7,7,6,2857
46.0,7,7,7,2866
46.0,7,7,8,2875
46.0,7,7,9,2884
46.0,7,7,10,2893
46.0,7,7,11,2901
46.0,7,7,12,2910
46.0,7,7,13,2919
46.0,7,7,14,2928
46.0,7,7,15,2936
46.0,7,8,0,2813
46.0,7,8,1,2822
46.0,7,8,2,2831
46.0,7,8,3,2840
46.0,7,8,4,2849
46.0,7,8,5,2858
46.0,7,8,6,2867
46.0,7,8,7,2875
46.0,7,8,8,2884
46.0,7,8,9,2893
46.0,7,8,10,2902
46.0,7,8,11,2911
46.0,7,8,12,2920
46.0,7,8,13,2928
46.0,7,8,14,2937
46.0,7,8,15,2946
46.0,7,9,0,2822
46.0,7,9,1,2831
46.0,7,9,2,2840
46.0,7,9,3,2849
46.0,7,9,4,2858
46.0,7,9,5,2867
46.0,7,9,6,2876
46.0,7,9,7,2885
46.0,7,9,8,2894
46.0,7,9,9,2902
46.0,7,9,10,2911
46.0,7,9,11,2920
46.0,7,9,12,2929
46.0,7,9,13,2938
46.0,7,9,14,2946
46.0,7,9,15,2955
46.0,7,10,0,2831
46.0,7,10,1,2840
46.0,7,10,2,2849
46.0,7,10,3,2858
46.0,7,10,4,2867
46.0,7,10,5,2876
46.0,7,10,6,2885
46.0,7,10,7,2894
46.0,7,10,8,2903
46.0,7,10,9,2912
46.0,7,10,10,2920
46.0,7,10,11,2929
46.0,7,10,12,2938
46.0,7,10,13,2947
46.0,7,10,14,2956
46.0,7,10,15,2964
46.0,7,11,0,2839
46.0,7,11,1,2849
46.0,7,11,2,2858
46.0,7,11,3,2867
46.0,7,11,4,2876
46.0,7,11,5,2885
46.0,7,11,6,2894
46.0,7,11,7,2903
46.0,7,11,8,2912
46.0,7,11,9,2921
46.0,7,11,10,2930
46.0,7,11,11,2938
46.0,7,11,12,2947
46.0,7,11,13,2956
46.0,7,11,14,2965
46.0,7,11,15,2974
46.0,7,12,0,2848
46.0,7,12,1,2857
46.0,7,12,2,2867
46.0,7,12,3,2876
46.0,7,12,4,2885
46.0,7,12,5,2894
46.0,7,12,6,2903
46.0,7,12,7,2912
46.0,7,12,8,2921
46.0,7,12,9,2930
46.0,7,12,10,2939
46.0,7,12,11,2948
46.0,7,12,12,2957
46.0,7,12,13,2965
46.0,7,12,14,2974
46.0,7,12,15,2983
46.0,7,13,0,2857
46.0,7,13,1,2866
46.0,7,13,2,2875
46.0,7,13,3,2885
46.0,7,13,4,2894
46.0,7,13,5,2903
46.0,7,13,6,2912
46.0,7,13,7,2921
46.0,7,13,8,2930
46.0,7,13,9,2939
46.0,7,13,10,2948
46.0,7,13,11,2957
46.0,7,13,12,2966
46.0,7,13,13,2975
46.0,7,13,14,2983
46.0,7,13,15,2992
46.0,7,14,0,2866
46.0,7,14,1,2875
46.0,7,14,2,2884
46.0,7,14,3,2894
46.0,7,14,4,2903
46.0,7,14,5,2912
46.0,7,14,6,2921
46.0,7,14,7,2930
46.0,7,14,8,2939
46.0,7,14,9,2948
46.0,7,14,10,2957
46.0,7,14,11,2966
46.0,7,14,12,2975
46.0,7,14,13,2984
46.0,7,14,14,2993
46.0,7,14,15,3001
46.0,7,15,0,2875
46.0,7,15,1,2884
46.0,7,15,2,2893
46.0,7,15,3,2902
46.0,7,15,4,2912
46.0,7,15,5,2921
46.0,7,15,6,2930
46.0,7,15,7,2939
46.0,7,15,8,2948
46.0,7,15,9,2957
46.0,7,15,10,2966
46.0,7,15,11,2975
46.0,7,15,12,2984
46.0,7,15,13,2993
46.0,7,15,14,3002
46.0,7,15,15,3011
46.0,8,0,0,2750
46.0,8,0,1,2759
46.0,8,0,2,2768
46.0,8,0,3,2777
46.0,8,0,4,2786
46.0,8,0,5,2794
46.0,8,0,6,2803
46.0,8,0,7,2812
46.0,8,0,8,2820
46.0,8,0,9,2829
46.0,8,0,10,2838
46.0,8,0,11,2846
46.0,8,0,12,2855
46.0,8,0,13,2863
46.0,8,0,14,2872
46.0,8,0,15,2880
46.0,8,1,0,2760
46.0,8,1,1,2768
46.0,8,1,2,2777
46.0,8,1,3,2786
46.0,8,1,4,2795
46.0,8,1,5,2804
46.0,8,1,6,2812
46.0,8,1,7,2821
46.0,8,1,8,2830
46.0,8,1,9,2838
46.0,8,1,10,2847
46.0,8,1,11,2856
46.0,8,1,12,2864
46.0,8,1,13,2873
46.0,8,1,14,2881
46.0,8,1,15,2890
46.0,8,2,0,2769
46.0,8,2,1,2778
46.0,8,2,2,2786
46.0,8,2,3,2795
46.0,8,2,4,2804
46.0,8,2,5,2813
46.0,8,2,6,2822
46.0,8,2,7,2831
46.0,8,2,8,2839
46.0,8,2,9,2848
46.0,8,2,10,2857
46.0,8,2,11,2865
46.0,8,2,12,2874
46.0,8,2,13,2882
46.0,8,2,14,2891
46.0,8,2,15,2900
46.0,8,3,0,2778
46.0,8,3,1,2787
46.0,8,3,2,2796
46.0,8,3,3,2805
46.0,8,3,4,2813
46.0,8,3,5,2822
46.0,8,3,6,2831
46.0,8,3,7,2840
46.0,8,3,8,2849
46.0,8,3,9,2857
46.0,8,3,10,2866
46.0,8,3,11,2875
46.0,8,3,12,2883
46.0,8,3,13,2892
46.0,8,3,14,2901
46.0,8,3,15,2909
46.0,8,4,0,2787
46.0,8,4,1,2796
46.0,8,4,2,2805
46.0,8,4,3,2814
46.0,8,4,4,2823
46.0,8,4,5,2832
46.0,8,4,6,2840
46.0,8,4,7,2849
46.0,8,4,8,2858
46.0,8,4,9,2867
46.0,8,4,10,2875
46.0,8,4,11,2884
46.0,8,4,12,2893
46.0,8,4,13,2902
46.0,8,4,14,2910
46.0,8,4,15,2919
46.0,8,5,0,2796
46.0,8,5,1,2805
46.0,8,5,2,2814
46.0,8,5,3,2823
46.0,8,5,4,2832
46.0,8,5,5,2841
46.0,8,5,6,2850
46.0,8,5,7,2859
46.0,8,5,8,2867
46.0,8,5,9,2876
46.0,8,5,10,2885
46.0,8,5,11,2894
46.0,8,5,12,2902
46.0,8,5,13,2911
46.0,8,5,14,2920
46.0,8,5,15,2928
46.0,8,6,0,2805
46.0,8,6,1,2814
46.0,8,6,2,2823
46.0,8,6,3,2832
46.0,8,6,4,2841
46.0,8,6,5,2850
46.0,8,6,6,2859
46.0,8,6,7,2868
46.0,8,6,8,2877
46.0,8,6,9,2885
46.0,8,6,10,2894
46.0,8,6,11,2903
46.0,8,6,12,2912
46.0,8,6,13,2920
46.0,8,6,14,2929
46.0,8,6,15,2938
46.0,8,7,0,2814
46.0,8,7,1,2823
46.0,8,7,2,2832
46.0,8,7,3,2841
46.0,8,7,4,2850
46.0,8,7,5,2859
46.0,8,7,6,2868
46.0,8,7,7,2877
46.0,8,7,8,2886
46.0,8,7,9,2895
46.0,8,7,10,2904
46.0,8,7,11,2912
46.0,8,7,12,2921
46.0,8,7,13,2930
46.0,8,7,14,2939
46.0,8,7,15,2947
46.0,8,8,0,2823
46.0,8,8,1,2832
46.0,8,8,2,2841
46.0,8,8,3,2850
46.0,8,8,4,2859
46.0,8,8,5,2868
46.0,8,8,6,2877
46.0,8,8,7,2886
46.0,8,8,8,2895
46.0,8,8,9,2904
46.0,8,8,10,2913
46.0,8,8,11,2922
46.0,8,8,12,2930
46.0,8,8,13,2939
46.0,8,8,14,2948
46.0,8,8,15,2957
46.0,8,9,0,2832
46.0,8,9,1,2841
46.0,8,9,2,2850
46.0,8,9,3,2859
46.0,8,9,4,2868
46.0,8,9,5,2877
46.0,8,9,6,2886
46.0,8,9,7,2895
46.0,8,9,8,2904
46.0,8,9,9,2913
46.0,8,9,10,2922
46.0,8,9,11,2931
46.0,8,9,12,2940
46.0,8,9,13,2949
46.0,8,9,14,2957
46.0,8,9,15,2966
46.0,8,10,0,2841
46.0,8,10,1,2850
46.0,8,10,2,2859
46.0,8,10,3,2868
46.0,8,10,4,2878
46.0,8,10,5,2887
46.0,8,10,6,2896
46.0,8,10,7,2905
46.0,8,10,8,2914
46.0,8,10,9,2922
46.0,8,10,10,2931
46.0,8,10,11,2940
46.0,8,10,12,2949
46.0,8,10,13,2958
46.0,8,10,14,2967
46.0,8,10,15,2975
46.0,8,11,0,2850
46.0,8,11,1,2859
46.0,8,11,2,2868
46.0,8,11,3,2877
46.0,8,11,4,2887
46.0,8,11,5,2896
46.0,8,11,6,2905
46.0,8,11,7,2914
46.0,8,11,8,2923
46.0,8,11,9,2932
46.0,8,11,10,2941
46.0,8,11,11,2949
46.0,8,11,12,2958
46.0,8,11,13,2967
46.0,8,11,14,2976
46.0,8,11,15,2985
46.0,8,12,0,2859
46.0,8,12,1,2868
46.0,8,12,2,2877
46.0,8,12,3,2886
46.0,8,12,4,2896
46.0,8,12,5,2905
46.0,8,12,6,2914
46.0,8,12,7,2923
46.0,8,12,8,2932
46.0,8,12,9,2941
46.0,8,12,10,2950
46.0,8,12,11,2959
46.0,8,12,12,2968
46.0,8,12,13,2976
46.0,8,12,14,2985
46.0,8,12,15,2994
46.0,8,13,0,2868
46.0,8,13,1,2877
46.0,8,13,2,2886
46.0,8,13,3,2895
46.0,8,13,4,2905
46.0,8,13,5,2914
46.0,8,13,6,2923
46.0,8,13,7,2932
46.0,8,13,8,2941
46.0,8,13,9,2950
46.0,8,13,10,2959
46.0,8,13,11,2968
46.0,8,13,12,2977
46.0,8,13,13,2986
46.0,8,13,14,2995
46.0,8,13,15,3003
46.0,8,14,0,2877
46.0,8,14,1,2886
46.0,8,14,2,2895
46.0,8,14,3,2904
46.0,8,14,4,2914
46.0,8,14,5,2923
46.0,8,14,6,2932
46.0,8,14,7,2941
46.0,8,14,8,2950
46.0,8,14,9,2959
46.0,8,14,10,2968
46.0,8,14,11,2977
46.0,8,14,12,2986
46.0,8,14,13,2995
46.0,8,14,14,3004
46.0,8,14,15,3013
46.0,8,15,0,2885
46.0,8,15,1,2895
46.0,8,15,2,2904
46.0,8,15,3,2913
46.0,8,15,4,2922
46.0,8,15,5,2932
46.0,8,15,6,2941
46.0,8,15,7,2950
46.0,8,15,8,2959
46.0,8,15,9,2968
46.0,8,15,10,2977
46.0,8,15,11,2986
46.0,8,15,12,2995
46.0,8,15,13,3004
46.0,8,15,14,3013
46.0,8,15,15,3022
46.0,9,0,0,2761
46.0,9,0,1,2769
46.0,9,0,2,2778
46.0,9,0,3,2787
46.0,9,0,4,2796
46.0,9,0,5,2805
46.0,9,0,6,2813
46.0,9,0,7,2822
46.0,9,0,8,2831
46.0,9,0,9,2840
46.0,9,0,10,2848
46.0,9,0,11,2857
46.0,9,0,12,2865
46.0,9,0,13,2874
46.0,9,0,14,2883
46.0,9,0,15,2891
46.0,9,1,0,2770
46.0,9,1,1,2779
46.0,9,1,2,2788
46.0,9,1,3,2796
46.0,9,1,4,2805
46.0,9,1,5,2814
46.0,9,1,6,2823
46.0,9,1,7,2832
46.0,9,1,8,2840
46.0,9,1,9,2849
46.0,9,1,10,2858
46.0,9,1,11,2866
46.0,9,1,12,2875
46.0,9,1,13,2884
46.0,9,1,14,2892
46.0,9,1,15,2901
46.0,9,2,0,2779
46.0,9,2,1,2788
46.0,9,2,2,2797
46.0,9,2,3,2806
46.0,9,2,4,2815
46.0,9,2,5,2823
46.0,9,2,6,2832
46.0,9,2,7,2841
46.0,9,2,8,2850
46.0,9,2,9,2859
46.0,9,2,10,2867
46.0,9,2,11,2876
46.0,9,2,12,2885
46.0,9,2,13,2893
46.0,9,2,14,2902
46.0,9,2,15,2910
46.0,9,3,0,2788
46.0,9,3,1,2797
46.0,9,3,2,2806
46.0,9,3,3,2815
46.0,9,3,4,2824
46.0,9,3,5,2833
46.0,9,3,6,2842
46.0,9,3,7,2850
46.0,9,3,8,2859
46.0,9,3,9,2868
46.0,9,3,10,2877
46.0,9,3,11,2885
46.0,9,3,12,2894
46.0,9,3,13,2903
46.0,9,3,14,2911
46.0,9,3,15,2920
46.0,9,4,0,2797
46.0,9,4,1,2806
46.0,9,4,2,2815
46.0,9,4,3,2824
46.0,9,4,4,2833
46.0,9,4,5,2842
46.0,9,4,6,2851
46.0,9,4,7,2860
46.0,9,4,8,2869
46.0,9,4,9,2877
46.0,9,4,10,2886
46.0,9,4,11,2895
46.0,9,4,12,2904
46.0,9,4,13,2912
46.0,9,4,14,2921
46.0,9,4,15,2930
46.0,9,5,0,2806
46.0,9,5,1,2815
46.0,9,5,2,2825
46.0,9,5,3,2833
46.0,9,5,4,2842
46.0,9,5,5,2851
46.0,9,5,6,2860
46.0,9,5,7,2869
46.0,9,5,8,2878
46.0,9,5,9,2887
46.0,9,5,10,2896
46.0,9,5,11,2904
46.0,9,5,12,2913
46.0,9,5,13,2922
46.0,9,5,14,2930
46.0,9,5,15,2939
46.0,9,6,0,2816
46.0,9,6,1,2825
46.0,9,6,2,2834
46.0,9,6,3,2843
46.0,9,6,4,2852
46.0,9,6,5,2861
46.0,9,6,6,2870
46.0,9,6,7,2878
46.0,9,6,8,2887
46.0,9,6,9,2896
46.0,9,6,10,2905
46.0,9,6,11,2914
46.0,9,6,12,2923
46.0,9,6,13,2931
46.0,9,6,14,2940
46.0,9,6,15,2949
46.0,9,7,0,2825
46.0,9,7,1,2834
46.0,9,7,2,2843
46.0,9,7,3,2852
46.0,9,7,4,2861
46.0,9,7,5,2870
46.0,9,7,6,2879
46.0,9,7,7,2888
46.0,9,7,8,2897
46.0,9,7,9,2905
46.0,9,7,10,2914
46.0,9,7,11,2923
46.0,9,7,12,2932
46.0,9,7,13,2941
46.0,9,7,14,2949
46.0,9,7,15,2958
46.0,9,8,0,2834
46.0,9,8,1,2843
46.0,9,8,2,2852
46.0,9,8,3,2861
46.0,9,8,4,2870
46.0,9,8,5,2879
46.0,9,8,6,2888
46.0,9,8,7,2897
46.0,9,8,8,2906
46.0,9,8,9,2915
46.0,9,8,10,2924
46.0,9,8,11,2933
46.0,9,8,12,2941
46.0,9,8,13,2950
46.0,9,8,14,2959
46.0,9,8,15,2968
46.0,9,9,0,2843
46.0,9,9,1,2852
46.0,9,9,2,2861
46.0,9,9,3,2870
46.0,9,9,4,2879
46.0,9,9,5,2888
46.0,9,9,6,2897
46.0,9,9,7,2906
46.0,9,9,8,2915
46.0,9,9,9,2924
46.0,9,9,10,2933
46.0,9,9,11,2942
46.0,9,9,12,2951
46.0,9,9,13,2960
46.0,9,9,14,2968
46.0,9,9,15,2977
46.0,9,10,0,2852
46.0,9,10,1,2861
46.0,9,10,2,2870
46.0,9,10,3,2879
46.0,9,10,4,2888
46.0,9,10,5,2897
46.0,9,10,6,2906
46.0,9,10,7,2915
46.0,9,10,8,2924
46.0,9,10,9,2933
46.0,9,10,10,2942
46.0,9,10,11,2951
46.0,9,10,12,2960
46.0,9,10,13,2969
46.0,9,10,14,2978
46.0,9,10,15,2986
46.0,9,11,0,2861
46.0,9,11,1,2870
46.0,9,11,2,2879
46.0,9,11,3,2888
46.0,9,11,4,2897
46.0,9,11,5,2906
46.0,9,11,6,2915
46.0,9,11,7,2925
46.0,9,11,8,2934
46.0,9,11,9,2943
46.0,9,11,10,2951
46.0,9,11,11,2960
46.0,9,11,12,2969
46.0,9,11,13,2978
46.0,9,11,14,2987
46.0,9,11,15,2996
46.0,9,12,0,2870
46.0,9,12,1,2879
46.0,9,12,2,2888
46.0,9,12,3,2897
46.0,9,12,4,2906
46.0,9,12,5,2915
46.0,9,12,6,2925
46.0,9,12,7,2934
46.0,9,12,8,2943
46.0,9,12,9,2952
46.0,9,12,10,2961
46.0,9,12,11,2970
46.0,9,12,12,2979
46.0,9,12,13,2987
46.0,9,12,14,2996
46.0,9,12,15,3005
46.0,9,13,0,2878
46.0,9,13,1,2888
46.0,9,13,2,2897
46.0,9,13,3,2906
46.0,9,13,4,2915
46.0,9,13,5,2925
46.0,9,13,6,2934
46.0,9,13,7,2943
46.0,9,13,8,2952
46.0,9,13,9,2961
46.0,9,13,10,2970
46.0,9,13,11,2979
46.0,9,13,12,2988
46.0,9,13,13,2997
46.0,9,13,14,3006
46.0,9,13,15,3015
46.0,9,14,0,2887
46.0,9,14,1,2897
46.0,9,14,2,2906
46.0,9,14,3,2915
46.0,9,14,4,2924
46.0,9,14,5,2934
46.0,9,14,6,2943
46.0,9,14,7,2952
46.0,9,14,8,2961
46.0,9,14,9,2970
46.0,9,14,10,2979
46.0,9,14,11,2988
46.0,9,14,12,2997
46.0,9,14,13,3006
46.0,9,14,14,3015
46.0,9,14,15,3024
46.0,9,15,0,2896
46.0,9,15,1,2905
46.0,9,15,2,2915
46.0,9,15,3,2924
46.0,9,15,4,2933
46.0,9,15,5,2943
46.0,9,15,6,2952
46.0,9,15,7,2961
46.0,9,15,8,2970
46.0,9,15,9,2979
46.0,9,15,10,2988
46.0,9,15,11,2997
46.0,9,15,12,3006
46.0,9,15,13,3015
46.0,9,15,14,3024
46.0,9,15,15,3033
46.0,10,0,0,2771
46.0,10,0,1,2780
46.0,10,0,2,2789
46.0,10,0,3,2797
46.0,10,0,4,2806
46.0,10,0,5,2815
46.0,10,0,6,2824
46.0,10,0,7,2833
46.0,10,0,8,2841
46.0,10,0,9,2850
46.0,10,0,10,2859
46.0,10,0,11,2867
46.0,10,0,12,2876
46.0,10,0,13,2885
46.0,10,0,14,2893
46.0,10,0,15,2902
46.0,10,1,0,2780
46.0,10,1,1,2789
46.0,10,1,2,2798
46.0,10,1,3,2807
46.0,10,1,4,2816
46.0,10,1,5,2825
46.0,10,1,6,2833
46.0,10,1,7,2842
46.0,10,1,8,2851
46.0,10,1,9,2860
46.0,10,1,10,2868
46.0,10,1,11,2877
46.0,10,1,12,2886
46.0,10,1,13,2894
46.0,10,1,14,2903
46.0,10,1,15,2911
46.0,10,2,0,2789
46.0,10,2,1,2798
46.0,10,2,2,2807
46.0,10,2,3,2816
46.0,10,2,4,2825
46.0,10,2,5,2834
46.0,10,2,6,2843
46.0,10,2,7,2852
46.0,10,2,8,2860
46.0,10,2,9,2869
46.0,10,2,10,2878
46.0,10,2,11,2887
46.0,10,2,12,2895
46.0,10,2,13,2904
46.0,10,2,14,2913
46.0,10,2,15,2921
46.0,10,3,0,2798
46.0,10,3,1,2808
46.0,10,3,2,2816
46.0,10,3,3,2825
46.0,10,3,4,2834
46.0,10,3,5,2843
46.0,10,3,6,2852
46.0,10,3,7,2861
46.0,10,3,8,2870
46.0,10,3,9,2879
46.0,10,3,10,2887
46.0,10,3,11,2896
46.0,10,3,12,2905
46.0,10,3,13,2914
46.0,10,3,14,2922
46.0,10,3,15,2931
46.0,10,4,0,2808
46.0,10,4,1,2817
46.0,10,4,2,2826
46.0,10,4,3,2835
46.0,10,4,4,2844
46.0,10,4,5,2853
46.0,10,4,6,2862
46.0,10,4,7,2870
46.0,10,4,8,2879
46.0,10,4,9,2888
46.0,10,4,10,2897
46.0,10,4,11,2906
46.0,10,4,12,2914
46.0,10,4,13,2923
46.0,10,4,14,2932
46.0,10,4,15,2940
46.0,10,5,0,2817
46.0,10,5,1,2826
46.0,10,5,2,2835
46.0,10,5,3,2844
46.0,10,5,4,2853
46.0,10,5,5,2862
46.0,10,5,6,2871
46.0,10,5,7,2880
46.0,10,5,8,2889
46.0,10,5,9,2897
46.0,10,5,10,2906
46.0,10,5,11,2915
46.0,10,5,12,2924
46.0,10,5,13,2933
46.0,10,5,14,2941
46.0,10,5,15,2950
46.0,10,6,0,2826
46.0,10,6,1,2835
46.0,10,6,2,2844
46.0,10,6,3,2853
46.0,10,6,4,2862
46.0,10,6,5,2871
46.0,10,6,6,2880
46.0,10,6,7,2889
46.0,10,6,8,2898
46.0,10,6,9,2907
46.0,10,6,10,2916
46.0,10,6,11,2925
46.0,10,6,12,2933
46.0,10,6,13,2942
46.0,10,6,14,2951
46.0,10,6,15,2960
46.0,10,7,0,2835
46.0,10,7,1,2844
46.0,10,7,2,2853
46.0,10,7,3,2862
46.0,10,7,4,2871
46.0,10,7,5,2880
46.0,10,7,6,2889
46.0,10,7,7,2898
46.0,10,7,8,2907
46.0,10,7,9,2916
46.0,10,7,10,2925
46.0,10,7,11,2934
46.0,10,7,12,2943
46.0,10,7,13,2952
46.0,10,7,14,2960
46.0,10,7,15,2969
46.0,10,8,0,2844
46.0,10,8,1,2853
46.0,10,8,2,2862
46.0,10,8,3,2872
46.0,10,8,4,2881
46.0,10,8,5,2890
46.0,10,8,6,2899
46.0,10,8,7,2908
46.0,10,8,8,2917
46.0,10,8,9,2926
46.0,10,8,10,2934
46.0,10,8,11,2943
46.0,10,8,12,2952
46.0,10,8,13,2961
46.0,10,8,14,2970
46.0,10,8,15,2979
46.0,10,9,0,2853
46.0,10,9,1,2862
46.0,10,9,2,2872
46.0,10,9,3,2881
46.0,10,9,4,2890
46.0,10,9,5,2899
46.0,10,9,6,2908
46.0,10,9,7,2917
46.0,10,9,8,2926
46.0,10,9,9,2935
46.0,10,9,10,2944
46.0,10,9,11,2953
46.0,10,9,12,2962
46.0,10,9,13,2970
46.0,10,9,14,2979
46.0,10,9,15,2988
46.0,10,10,0,2862
46.0,10,10,1,2871
46.0,10,10,2,2881
46.0,10,10,3,2890
46.0,10,10,4,2899
46.0,10,10,5,2908
46.0,10,10,6,2917
46.0,10,10,7,2926
46.0,10,10,8,2935
46.0,10,10,9,2944
46.0,10,10,10,2953
46.0,10,10,11,2962
46.0,10,10,12,2971
46.0,10,10,13,2980
46.0,10,10,14,2989
46.0,10,10,15,2998
46.0,10,11,0,2871
46.0,10,11,1,2880
46.0,10,11,2,2890
46.0,10,11,3,2899
46.0,10,11,4,2908
46.0,10,11,5,2917
46.0,10,11,6,2926
46.0,10,11,7,2935
46.0,10,11,8,2944
46.0,10,11,9,2953
46.0,10,11,10,2962
46.0,10,11,11,2971
46.0,10,11,12,2980
46.0,10,11,13,2989
46.0,10,11,14,2998
46.0,10,11,15,3007
46.0,10,12,0,2880
46.0,10,12,1,2889
46.0,10,12,2,2899
46.0,10,12,3,2908
46.0,10,12,4,2917
46.0,10,12,5,2926
46.0,10,12,6,2935
46.0,10,12,7,2944
46.0,10,12,8,2954
46.0,10,12,9,2963
46.0,10,12,10,2972
46.0,10,12,11,2981
46.0,10,12,12,2990
46.0,10,12,13,2999
46.0,10,12,14,3007
46.0,10,12,15,3016
46.0,10,13,0,2889
46.0,10,13,1,2898
46.0,10,13,2,2908
46.0,10,13,3,2917
46.0,10,13,4,2926
46.0,10,13,5,2935
46.0,10,13,6,2944
46.0,10,13,7,2954
46.0,10,13,8,2963
46.0,10,13,9,2972
46.0,10,13,10,2981
46.0,10,13,11,2990
46.0,10,13,12,2999
46.0,10,13,13,3008
46.0,10,13,14,3017
46.0,10,13,15,3026
46.0,10,14,0,2898
46.0,10,14,1,2907
46.0,10,14,2,2917
46.0,10,14,3,2926
46.0,10,14,4,2935
46.0,10,14,5,2944
46.0,10,14,6,2954
46.0,10,14,7,2963
46.0,10,14,8,2972
46.0,10,14,9,2981
46.0,10,14,10,2990
46.0,10,14,11,2999
46.0,10,14,12,3008
46.0,10,14,13,3017
46.0,10,14,14,3026
46.0,10,14,15,3035
46.0,10,15,0,2907
46.0,10,15,1,2916
46.0,10,15,2,2926
46.0,10,15,3,2935
46.0,10,15,4,2944
46.0,10,15,5,2953
46.0,10,15,6,2963
46.0,10,15,7,2972
46.0,10,15,8,2981
46.0,10,15,9,2990
46.0,10,15,10,2999
46.0,10,15,11,3008
46.0,10,15,12,3017
46.0,10,15,13,3026
46.0,10,15,14,3035
46.0,10,15,15,3044
46.0,11,0,0,2781
46.0,11,0,1,2790
46.0,11,0,2,2799
46.0,11,0,3,2808
46.0,11,0,4,2817
46.0,11,0,5,2825
46.0,11,0,6,2834
46.0,11,0,7,2843
46.0,11,0,8,2852
46.0,11,0,9,2861
46.0,11,0,10,2869
46.0,11,0,11,2878
46.0,11,0,12,2887
46.0,11,0,13,2895
46.0,11,0,14,2904
46.0,11,0,15,2912
46.0,11,1,0,2790
46.0,11,1,1,2799
46.0,11,1,2,2808
46.0,11,1,3,2817
46.0,11,1,4,2826
46.0,11,1,5,2835
46.0,11,1,6,2844
46.0,11,1,7,2853
46.0,11,1,8,2861
46.0,11,1,9,2870
46.0,11,1,10,2879
46.0,11,1,11,2888
46.0,11,1,12,2896
46.0,11,1,13,2905
46.0,11,1,14,2914
46.0,11,1,15,2922
46.0,11,2,0,2800
46.0,11,2,1,2809
46.0,11,2,2,2818
46.0,11,2,3,2827
46.0,11,2,4,2835
46.0,11,2,5,2844
46.0,11,2,6,2853
46.0,11,2,7,2862
46.0,11,2,8,2871
46.0,11,2,9,2880
46.0,11,2,10,2888
46.0,11,2,11,2897
46.0,11,2,12,2906
46.0,11,2,13,2915
46.0,11,2,14,2923
46.0,11,2,15,2932
46.0,11,3,0,2809
46.0,11,3,1,2818
46.0,11,3,2,2827
46.0,11,3,3,2836
46.0,11,3,4,2845
46.0,11,3,5,2854
46.0,11,3,6,2863
46.0,11,3,7,2872
46.0,11,3,8,2880
46.0,11,3,9,2889
46.0,11,3,10,2898
46.0,11,3,11,2907
46.0,11,3,12,2916
46.0,11,3,13,2924
46.0,11,3,14,2933
46.0,11,3,15,2942
46.0,11,4,0,2818
46.0,11,4,1,2827
46.0,11,4,2,2836
46.0,11,4,3,2845
46.0,11,4,4,2854
46.0,11,4,5,2863
46.0,11,4,6,2872
46.0,11,4,7,2881
46.0,11,4,8,2890
46.0,11,4,9,2899
46.0,11,4,10,2908
46.0,11,4,11,2916
46.0,11,4,12,2925
46.0,11,4,13,2934
46.0,11,4,14,2943
46.0,11,4,15,2951
46.0,11,5,0,2827
46.0,11,5,1,2836
46.0,11,5,2,2845
46.0,11,5,3,2854
46.0,11,5,4,2864
46.0,11,5,5,2872
46.0,11,5,6,2881
46.0,11,5,7,2890
46.0,11,5,8,2899
46.0,11,5,9,2908
46.0,11,5,10,2917
46.0,11,5,11,2926
46.0,11,5,12,2935
46.0,11,5,13,2943
46.0,11,5,14,2952
46.0,11,5,15,2961
46.0,11,6,0,2836
46.0,11,6,1,2846
46.0,11,6,2,2855
46.0,11,6,3,2864
46.0,11,6,4,2873
46.0,11,6,5,2882
46.0,11,6,6,2891
46.0,11,6,7,2900
46.0,11,6,8,2909
46.0,11,6,9,2918
46.0,11,6,10,2926
46.0,11,6,11,2935
46.0,11,6,12,2944
46.0,11,6,13,2953
46.0,11,6,14,2962
46.0,11,6,15,2971
46.0,11,7,0,2846
46.0,11,7,1,2855
46.0,11,7,2,2864
46.0,11,7,3,2873
46.0,11,7,4,2882
46.0,11,7,5,2891
46.0,11,7,6,2900
46.0,11,7,7,2909
46.0,11,7,8,2918
46.0,11,7,9,2927
46.0,11,7,10,2936
46.0,11,7,11,2945
46.0,11,7,12,2954
46.0,11,7,13,2962
46.0,11,7,14,2971
46.0,11,7,15,2980
46.0,11,8,0,2855
46.0,11,8,1,2864
46.0,11,8,2,2873
46.0,11,8,3,2882
46.0,11,8,4,2891
46.0,11,8,5,2900
46.0,11,8,6,2909
46.0,11,8,7,2918
46.0,11,8,8,2927
46.0,11,8,9,2936
46.0,11,8,10,2945
46.0,11,8,11,2954
46.0,11,8,12,2963
46.0,11,8,13,2972
46.0,11,8,14,2981
46.0,11,8,15,2990
46.0,11,9,0,2864
46.0,11,9,1,2873
46.0,11,9,2,2882
46.0,11,9,3,2891
46.0,11,9,4,2900
46.0,11,9,5,2910
46.0,11,9,6,2919
46.0,11,9,7,2928
46.0,11,9,8,2937
46.0,11,9,9,2946
46.0,11,9,10,2955
46.0,11,9,11,2964
46.0,11,9,12,2973
46.0,11,9,13,2981
46.0,11,9,14,2990
46.0,11,9,15,2999
46.0,11,10,0,2873
46.0,11,10,1,2882
46.0,11,10,2,2891
46.0,11,10,3,2900
46.0,11,10,4,2910
46.0,11,10,5,2919
46.0,11,10,6,2928
46.0,11,10,7,2937
46.0,11,10,8,2946
46.0,11,10,9,2955
46.0,11,10,10,2964
46.0,11,10,11,2973
46.0,11,10,12,2982
46.0,11,10,13,2991
46.0,11,10,14,3000
46.0,11,10,15,3009
46.0,11,11,0,2882
46.0,11,11,1,2891
46.0,11,11,2,2900
46.0,11,11,3,2910
46.0,11,11,4,2919
46.0,11,11,5,2928
46.0,11,11,6,2937
46.0,11,11,7,2946
46.0,11,11,8,2955
46.0,11,11,9,2964
46.0,11,11,10,2973
46.0,11,11,11,2982
46.0,11,11,12,2991
46.0,11,11,13,3000
46.0,11,11,14,3009
46.0,11,11,15,3018
46.0,11,12,0,2891
46.0,11,12,1,2900
46.0,11,12,2,2909
46.0,11,12,3,2919
46.0,11,12,4,2928
46.0,11,12,5,2937
46.0,11,12,6,2946
46.0,11,12,7,2955
46.0,11,12,8,2964
46.0,11,12,9,2974
46.0,11,12,10,2983
46.0,11,12,11,2992
46.0,11,12,12,3001
46.0,11,12,13,3010
46.0,11,12,14,3019
46.0,11,12,15,3027
46.0,11,13,0,2900
46.0,11,13,1,2909
46.0,11,13,2,2918
46.0,11,13,3,2928
46.0,11,13,4,2937
46.0,11,13,5,2946
46.0,11,13,6,2955
46.0,11,13,7,2965
46.0,11,13,8,2974
46.0,11,13,9,2983
46.0,11,13,10,2992
46.0,11,13,11,3001
46.0,11,13,12,3010
46.0,11,13,13,3019
46.0,11,13,14,3028
46.0,11,13,15,3037
46.0,11,14,0,2909
46.0,11,14,1,2918
46.0,11,14,2,2927
46.0,11,14,3,2937
46.0,11,14,4,2946
46.0,11,14,5,2955
46.0,11,14,6,2964
46.0,11,14,7,2974
46.0,11,14,8,2983
46.0,11,14,9,2992
46.0,11,14,10,3001
46.0,11,14,11,3010
46.0,11,14,12,3019
46.0,11,14,13,3028
46.0,11,14,14,3037
46.0,11,14,15,3046
46.0,11,15,0,2918
46.0,11,15,1,2927
46.0,11,15,2,2936
46.0,11,15,3,2946
46.0,11,15,4,2955
46.0,11,15,5,2964
46.0,11,15,6,2974
46.0,11,15,7,2983
46.0,11,15,8,2992
46.0,11,15,9,3001
46.0,11,15,10,3010
46.0,11,15,11,3019
46.0,11,15,12,3028
46.0,11,15,13,3038
46.0,11,15,14,3047
46.0,11,15,15,3056
46.0,12,0,0,2791
46.0,12,0,1,2800
46.0,12,0,2,2809
46.0,12,0,3,2818
46.0,12,0,4,2827
46.0,12,0,5,2836
46.0,12,0,6,2845
46.0,12,0,7,2854
46.0,12,0,8,2862
46.0,12,0,9,2871
46.0,12,0,10,2880
46.0,12,0,11,2889
46.0,12,0,12,2897
46.0,12,0,13,2906
46.0,12,0,14,2915
46.0,12,0,15,2923
46.0,12,1,0,2801
46.0,12,1,1,2810
46.0,12,1,2,2819
46.0,12,1,3,2828
46.0,12,1,4,2836
46.0,12,1,5,2845
46.0,12,1,6,2854
46.0,12,1,7,2863
46.0,12,1,8,2872
46.0,12,1,9,2881
46.0,12,1,10,2889
46.0,12,1,11,2898
46.0,12,1,12,2907
46.0,12,1,13,2916
46.0,12,1,14,2924
46.0,12,1,15,2933
46.0,12,2,0,2810
46.0,12,2,1,2819
46.0,12,2,2,2828
46.0,12,2,3,2837
46.0,12,2,4,2846
46.0,12,2,5,2855
46.0,12,2,6,2864
46.0,12,2,7,2873
46.0,12,2,8,2881
46.0,12,2,9,2890
46.0,12,2,10,2899
46.0,12,2,11,2908
46.0,12,2,12,2917
46.0,12,2,13,2925
46.0,12,2,14,2934
46.0,12,2,15,2943
46.0,12,3,0,2819
46.0,12,3,1,2828
46.0,12,3,2,2837
46.0,12,3,3,2846
46.0,12,3,4,2855
46.0,12,3,5,2864
46.0,12,3,6,2873
46.0,12,3,7,2882
46.0,12,3,8,2891
46.0,12,3,9,2900
46.0,12,3,10,2909
46.0,12,3,11,2917
46.0,12,3,12,2926
46.0,12,3,13,2935
46.0,12,3,14,2944
46.0,12,3,15,2952
46.0,12,4,0,2828
46.0,12,4,1,2838
46.0,12,4,2,2847
46.0,12,4,3,2856
46.0,12,4,4,2865
46.0,12,4,5,2874
46.0,12,4,6,2883
46.0,12,4,7,2892
46.0,12,4,8,2900
46.0,12,4,9,2909
46.0,12,4,10,2918
46.0,12,4,11,2927
46.0,12,4,12,2936
46.0,12,4,13,2945
46.0,12,4,14,2953
46.0,12,4,15,2962
46.0,12,5,0,2838
46.0,12,5,1,2847
46.0,12,5,2,2856
46.0,12,5,3,2865
46.0,12,5,4,2874
46.0,12,5,5,2883
46.0,12,5,6,2892
46.0,12,5,7,2901
46.0,12,5,8,2910
46.0,12,5,9,2919
46.0,12,5,10,2928
46.0,12,5,11,2937
46.0,12,5,12,2945
46.0,12,5,13,2954
46.0,12,5,14,2963
46.0,12,5,15,2972
46.0,12,6,0,2847
46.0,12,6,1,2856
46.0,12,6,2,2865
46.0,12,6,3,2874
46.0,12,6,4,2883
46.0,12,6,5,2892
46.0,12,6,6,2901
46.0,12,6,7,2910
46.0,12,6,8,2919
46.0,12,6,9,2928
46.0,12,6,10,2937
46.0,12,6,11,2946
46.0,12,6,12,2955
46.0,12,6,13,2964
46.0,12,6,14,2973
46.0,12,6,15,2981
46.0,12,7,0,2856
46.0,12,7,1,2865
46.0,12,7,2,2874
46.0,12,7,3,2884
46.0,12,7,4,2893
46.0,12,7,5,2902
46.0,12,7,6,2911
46.0,12,7,7,2920
46.0,12,7,8,2929
46.0,12,7,9,2938
46.0,12,7,10,2947
46.0,12,7,11,2956
46.0,12,7,12,2965
46.0,12,7,13,2973
46.0,12,7,14,2982
46.0,12,7,15,2991
46.0,12,8,0,2865
46.0,12,8,1,2874
46.0,12,8,2,2884
46.0,12,8,3,2893
46.0,12,8,4,2902
46.0,12,8,5,2911
46.0,12,8,6,2920
46.0,12,8,7,2929
46.0,12,8,8,2938
46.0,12,8,9,2947
46.0,12,8,10,2956
46.0,12,8,11,2965
46.0,12,8,12,2974
46.0,12,8,13,2983
46.0,12,8,14,2992
46.0,12,8,15,3001
46.0,12,9,0,2874
46.0,12,9,1,2884
46.0,12,9,2,2893
46.0,12,9,3,2902
46.0,12,9,4,2911
46.0,12,9,5,2920
46.0,12,9,6,2929
46.0,12,9,7,2938
46.0,12,9,8,2948
46.0,12,9,9,2957
46.0,12,9,10,2966
46.0,12,9,11,2975
46.0,12,9,12,2983
46.0,12,9,13,2992
46.0,12,9,14,3001
46.0,12,9,15,3010
46.0,12,10,0,2883
46.0,12,10,1,2893
46.0,12,10,2,2902
46.0,12,10,3,2911
46.0,12,10,4,2920
46.0,12,10,5,2929
46.0,12,10,6,2939
46.0,12,10,7,2948
46.0,12,10,8,2957
46.0,12,10,9,2966
46.0,12,10,10,2975
46.0,12,10,11,2984
46.0,12,10,12,2993
46.0,12,10,13,3002
46.0,12,10,14,3011
46.0,12,10,15,3020
46.0,12,11,0,2892
46.0,12,11,1,2902
46.0,12,11,2,2911
46.0,12,11,3,2920
46.0,12,11,4,2929
46.0,12,11,5,2939
46.0,12,11,6,2948
46.0,12,11,7,2957
46.0,12,11,8,2966
46.0,12,11,9,2975
46.0,12,11,10,2984
46.0,12,11,11,2993
46.0,12,11,12,3002
46.0,12,11,13,3011
46.0,12,11,14,3020
46.0,12,11,15,3029
46.0,12,12,0,2901
46.0,12,12,1,2911
46.0,12,12,2,2920
46.0,12,12,3,2929
46.0,12,12,4,2939
46.0,12,12,5,2948
46.0,12,12,6,2957
46.0,12,12,7,2966
46.0,12,12,8,2975
46.0,12,12,9,2984
46.0,12,12,10,2994
46.0,12,12,11,3003
46.0,12,12,12,3012
46.0,12,12,13,3021
46.0,12,12,14,3030
46.0,12,12,15,3039
46.0,12,13,0,2910
46.0,12,13,1,2920
46.0,12,13,2,2929
46.0,12,13,3,2938
46.0,12,13,4,2948
46.0,12,13,5,2957
46.0,12,13,6,2966
46.0,12,13,7,2975
46.0,12,13,8,2985
46.0,12,13,9,2994
46.0,12,13,10,3003
46.0,12,13,11,3012
46.0,12,13,12,3021
46.0,12,13,13,3030
46.0,12,13,14,3039
46.0,12,13,15,3048
46.0,12,14,0,2919
46.0,12,14,1,2929
46.0,12,14,2,2938
46.0,12,14,3,2948
46.0,12,14,4,2957
46.0,12,14,5,2966
46.0,12,14,6,2975
46.0,12,14,7,2985
46.0,12,14,8,2994
46.0,12,14,9,3003
46.0,12,14,10,3012
46.0,12,14,11,3021
46.0,12,14,12,3030
46.0,12,14,13,3039
46.0,12,14,14,3048
46.0,12,14,15,3057
46.0,12,15,0,2928
46.0,12,15,1,2938
46.0,12,15,2,2947
46.0,12,15,3,2957
46.0,12,15,4,2966
46.0,12,15,5,2975
46.0,12,15,6,2984
46.0,12,15,7,2994
46.0,12,15,8,3003
46.0,12,15,9,3012
46.0,12,15,10,3021
46.0,12,15,11,3030
46.0,12,15,12,3040
46.0,12,15,13,3049
46.0,12,15,14,3058
46.0,12,15,15,3067
46.0,13,0,0,2801
46.0,13,0,1,2810
46.0,13,0,2,2819
46.0,13,0,3,2828
46.0,13,0,4,2837
46.0,13,0,5,2846
46.0,13,0,6,2855
46.0,13,0,7,2864
46.0,13,0,8,2873
46.0,13,0,9,2882
46.0,13,0,10,2890
46.0,13,0,11,2899
46.0,13,0,12,2908
46.0,13,0,13,2917
46.0,13,0,14,2925
46.0,13,0,15,2934
46.0,13,1,0,2811
46.0,13,1,1,2820
46.0,13,1,2,2829
46.0,13,1,3,2838
46.0,13,1,4,2847
46.0,13,1,5,2856
46.0,13,1,6,2865
46.0,13,1,7,2874
46.0,13,1,8,2882
46.0,13,1,9,2891
46.0,13,1,10,2900
46.0,13,1,11,2909
46.0,13,1,12,2918
46.0,13,1,13,2926
46.0,13,1,14,2935
46.0,13,1,15,2944
46.0,13,2,0,2820
46.0,13,2,1,2829
46.0,13,2,2,2838
46.0,13,2,3,2847
46.0,13,2,4,2856
46.0,13,2,5,2865
46.0,13,2,6,2874
46.0,13,2,7,2883
46.0,13,2,8,2892
46.0,13,2,9,2901
46.0,13,2,10,2910
46.0,13,2,11,2919
46.0,13,2,12,2927
46.0,13,2,13,2936
46.0,13,2,14,2945
46.0,13,2,15,2953
46.0,13,3,0,2829
46.0,13,3,1,2839
46.0,13,3,2,2848
46.0,13,3,3,2857
46.0,13,3,4,2866
46.0,13,3,5,2875
46.0,13,3,6,2884
46.0,13,3,7,2893
46.0,13,3,8,2902
46.0,13,3,9,2910
46.0,13,3,10,2919
46.0,13,3,11,2928
46.0,13,3,12,2937
46.0,13,3,13,2946
46.0,13,3,14,2955
46.0,13,3,15,2963
46.0,13,4,0,2839
46.0,13,4,1,2848
46.0,13,4,2,2857
46.0,13,4,3,2866
46.0,13,4,4,2875
46.0,13,4,5,2884
46.0,13,4,6,2893
46.0,13,4,7,2902
46.0,13,4,8,2911
46.0,13,4,9,2920
46.0,13,4,10,2929
46.0,13,4,11,2938
46.0,13,4,12,2947
46.0,13,4,13,2955
46.0,13,4,14,2964
46.0,13,4,15,2973
46.0,13,5,0,2848
46.0,13,5,1,2857
46.0,13,5,2,2866
46.0,13,5,3,2875
46.0,13,5,4,2885
46.0,13,5,5,2894
46.0,13,5,6,2903
46.0,13,5,7,2912
46.0,13,5,8,2921
46.0,13,5,9,2930
46.0,13,5,10,2938
46.0,13,5,11,2947
46.0,13,5,12,2956
46.0,13,5,13,2965
46.0,13,5,14,2974
46.0,13,5,15,2983
46.0,13,6,0,2857
46.0,13,6,1,2866
46.0,13,6,2,2876
46.0,13,6,3,2885
46.0,13,6,4,2894
46.0,13,6,5,2903
46.0,13,6,6,2912
46.0,13,6,7,2921
46.0,13,6,8,2930
46.0,13,6,9,2939
46.0,13,6,10,2948
46.0,13,6,11,2957
46.0,13,6,12,2966
46.0,13,6,13,2975
46.0,13,6,14,2984
46.0,13,6,15,2992
46.0,13,7,0,2866
46.0,13,7,1,2876
46.0,13,7,2,2885
46.0,13,7,3,2894
46.0,13,7,4,2903
46.0,13,7,5,2912
46.0,13,7,6,2921
46.0,13,7,7,2930
46.0,13,7,8,2940
46.0,13,7,9,2949
46.0,13,7,10,2958
46.0,13,7,11,2966
46.0,13,7,12,2975
46.0,13,7,13,2984
46.0,13,7,14,2993
46.0,13,7,15,3002
46.0,13,8,0,2876
46.0,13,8,1,2885
46.0,13,8,2,2894
46.0,13,8,3,2903
46.0,13,8,4,2913
46.0,13,8,5,2922
46.0,13,8,6,2931
46.0,13,8,7,2940
46.0,13,8,8,2949
46.0,13,8,9,2958
46.0,13,8,10,2967
46.0,13,8,11,2976
46.0,13,8,12,2985
46.0,13,8,13,2994
46.0,13,8,14,3003
46.0,13,8,15,3012
46.0,13,9,0,2885
46.0,13,9,1,2894
46.0,13,9,2,2903
46.0,13,9,3,2913
46.0,13,9,4,2922
46.0,13,9,5,2931
46.0,13,9,6,2940
46.0,13,9,7,2949
46.0,13,9,8,2958
46.0,13,9,9,2967
46.0,13,9,10,2976
46.0,13,9,11,2985
46.0,13,9,12,2994
46.0,13,9,13,3003
46.0,13,9,14,3012
46.0,13,9,15,3021
46.0,13,10,0,2894
46.0,13,10,1,2903
46.0,13,10,2,2913
46.0,13,10,3,2922
46.0,13,10,4,2931
46.0,13,10,5,2940
46.0,13,10,6,2949
46.0,13,10,7,2959
46.0,13,10,8,2968
46.0,13,10,9,2977
46.0,13,10,10,2986
46.0,13,10,11,2995
46.0,13,10,12,3004
46.0,13,10,13,3013
46.0,13,10,14,3022
46.0,13,10,15,3031
46.0,13,11,0,2903
46.0,13,11,1,2912
46.0,13,11,2,2922
46.0,13,11,3,2931
46.0,13,11,4,2940
46.0,13,11,5,2949
46.0,13,11,6,2959
46.0,13,11,7,2968
46.0,13,11,8,2977
46.0,13,11,9,2986
46.0,13,11,10,2995
46.0,13,11,11,3004
46.0,13,11,12,3013
46.0,13,11,13,3022
46.0,13,11,14,3031
46.0,13,11,15,3040
46.0,13,12,0,2912
46.0,13,12,1,2921
46.0,13,12,2,2931
46.0,13,12,3,2940
46.0,13,12,4,2949
46.0,13,12,5,2959
46.0,13,12,6,2968
46.0,13,12,7,2977
46.0,13,12,8,2986
46.0,13,12,9,2995
46.0,13,12,10,3005
46.0,13,12,11,3014
46.0,13,12,12,3023
46.0,13,12,13,3032
46.0,13,12,14,3041
46.0,13,12,15,3050
46.0,13,13,0,2921
46.0,13,13,1,2930
46.0,13,13,2,2940
46.0,13,13,3,2949
46.0,13,13,4,2959
46.0,13,13,5,2968
46.0,13,13,6,2977
46.0,13,13,7,2986
46.0,13,13,8,2996
46.0,13,13,9,3005
46.0,13,13,10,3014
46.0,13,13,11,3023
46.0,13,13,12,3032
46.0,13,13,13,3041
46.0,13,13,14,3050
46.0,13,13,15,3059
46.0,13,14,0,2930
46.0,13,14,1,2940
46.0,13,14,2,2949
46.0,13,14,3,2958
46.0,13,14,4,2968
46.0,13,14,5,2977
46.0,13,14,6,2986
46.0,13,14,7,2996
46.0,13,14,8,3005
46.0,13,14,9,3014
46.0,13,14,10,3023
46.0,13,14,11,3032
46.0,13,14,12,3041
46.0,13,14,13,3051
46.0,13,14,14,3060
46.0,13,14,15,3069
46.0,13,15,0,2939
46.0,13,15,1,2949
46.0,13,15,2,2958
46.0,13,15,3,2967
46.0,13,15,4,2977
46.0,13,15,5,2986
46.0,13,15,6,2995
46.0,13,15,7,3005
46.0,13,15,8,3014
46.0,13,15,9,3023
46.0,13,15,10,3032
46.0,13,15,11,3042
46.0,13,15,12,3051
46.0,13,15,13,3060
46.0,13,15,14,3069
46.0,13,15,15,3078
46.0,14,0,0,2812
46.0,14,0,1,2821
46.0,14,0,2,2830
46.0,14,0,3,2839
46.0,14,0,4,2848
46.0,14,0,5,2857
46.0,14,0,6,2866
46.0,14,0,7,2874
46.0,14,0,8,2883
46.0,14,0,9,2892
46.0,14,0,10,2901
46.0,14,0,11,2910
46.0,14,0,12,2918
46.0,14,0,13,2927
46.0,14,0,14,2936
46.0,14,0,15,2945
46.0,14,1,0,2821
46.0,14,1,1,2830
46.0,14,1,2,2839
46.0,14,1,3,2848
46.0,14,1,4,2857
46.0,14,1,5,2866
46.0,14,1,6,2875
46.0,14,1,7,2884
46.0,14,1,8,2893
46.0,14,1,9,2902
46.0,14,1,10,2911
46.0,14,1,11,2919
46.0,14,1,12,2928
46.0,14,1,13,2937
46.0,14,1,14,2946
46.0,14,1,15,2954
46.0,14,2,0,2830
46.0,14,2,1,2840
46.0,14,2,2,2849
46.0,14,2,3,2858
46.0,14,2,4,2867
46.0,14,2,5,2876
46.0,14,2,6,2885
46.0,14,2,7,2894
46.0,14,2,8,2903
46.0,14,2,9,2911
46.0,14,2,10,2920
46.0,14,2,11,2929
46.0,14,2,12,2938
46.0,14,2,13,2947
46.0,14,2,14,2956
46.0,14,2,15,2964
46.0,14,3,0,2840
46.0,14,3,1,2849
46.0,14,3,2,2858
46.0,14,3,3,2867
46.0,14,3,4,2876
46.0,14,3,5,2885
46.0,14,3,6,2894
46.0,14,3,7,2903
46.0,14,3,8,2912
46.0,14,3,9,2921
46.0,14,3,10,2930
46.0,14,3,11,2939
46.0,14,3,12,2948
46.0,14,3,13,2957
46.0,14,3,14,2965
46.0,14,3,15,2974
46.0,14,4,0,2849
46.0,14,4,1,2858
46.0,14,4,2,2867
46.0,14,4,3,2877
46.0,14,4,4,2886
46.0,14,4,5,2895
46.0,14,4,6,2904
46.0,14,4,7,2913
46.0,14,4,8,2922
46.0,14,4,9,2931
46.0,14,4,10,2940
46.0,14,4,11,2949
46.0,14,4,12,2957
46.0,14,4,13,2966
46.0,14,4,14,2975
46.0,14,4,15,2984
46.0,14,5,0,2858
46.0,14,5,1,2868
46.0,14,5,2,2877
46.0,14,5,3,2886
46.0,14,5,4,2895
46.0,14,5,5,2904
46.0,14,5,6,2913
46.0,14,5,7,2922
46.0,14,5,8,2931
46.0,14,5,9,2940
46.0,14,5,10,2949
46.0,14,5,11,2958
46.0,14,5,12,2967
46.0,14,5,13,2976
46.0,14,5,14,2985
46.0,14,5,15,2994
46.0,14,6,0,2868
46.0,14,6,1,2877
46.0,14,6,2,2886
46.0,14,6,3,2895
46.0,14,6,4,2904
46.0,14,6,5,2914
46.0,14,6,6,2923
46.0,14,6,7,2932
46.0,14,6,8,2941
46.0,14,6,9,2950
46.0,14,6,10,2959
46.0,14,6,11,2968
46.0,14,6,12,2977
46.0,14,6,13,2986
46.0,14,6,14,2994
46.0,14,6,15,3003
46.0,14,7,0,2877
46.0,14,7,1,2886
46.0,14,7,2,2895
46.0,14,7,3,2905
46.0,14,7,4,2914
46.0,14,7,5,2923
46.0,14,7,6,2932
46.0,14,7,7,2941
46.0,14,7,8,2950
46.0,14,7,9,2959
46.0,14,7,10,2968
46.0,14,7,11,2977
46.0,14,7,12,2986
46.0,14,7,13,2995
46.0,14,7,14,3004
46.0,14,7,15,3013
46.0,14,8,0,2886
46.0,14,8,1,2895
46.0,14,8,2,2905
46.0,14,8,3,2914
46.0,14,8,4,2923
46.0,14,8,5,2932
46.0,14,8,6,2941
46.0,14,8,7,2951
46.0,14,8,8,2960
46.0,14,8,9,2969
46.0,14,8,10,2978
46.0,14,8,11,2987
46.0,14,8,12,2996
46.0,14,8,13,3005
46.0,14,8,14,3014
46.0,14,8,15,3023
46.0,14,9,0,2895
46.0,14,9,1,2905
46.0,14,9,2,2914
46.0,14,9,3,2923
46.0,14,9,4,2932
46.0,14,9,5,2942
46.0,14,9,6,2951
46.0,14,9,7,2960
46.0,14,9,8,2969
46.0,14,9,9,2978
46.0,14,9,10,2987
46.0,14,9,11,2996
46.0,14,9,12,3005
46.0,14,9,13,3014
46.0,14,9,14,3023
46.0,14,9,15,3032
46.0,14,10,0,2904
46.0,14,10,1,2914
46.0,14,10,2,2923
46.0,14,10,3,2932
46.0,14,10,4,2942
46.0,14,10,5,2951
46.0,14,10,6,2960
46.0,14,10,7,2969
46.0,14,10,8,2978
46.0,14,10,9,2988
46.0,14,10,10,2997
46.0,14,10,11,3006
46.0,14,10,12,3015
46.0,14,10,13,3024
46.0,14,10,14,3033
46.0,14,10,15,3042
46.0,14,11,0,2914
46.0,14,11,1,2923
46.0,14,11,2,2932
46.0,14,11,3,2942
46.0,14,11,4,2951
46.0,14,11,5,2960
46.0,14,11,6,2969
46.0,14,11,7,2979
46.0,14,11,8,2988
46.0,14,11,9,2997
46.0,14,11,10,3006
46.0,14,11,11,3015
46.0,14,11,12,3024
46.0,14,11,13,3033
46.0,14,11,14,3042
46.0,14,11,15,3051
46.0,14,12,0,2923
46.0,14,12,1,2932
46.0,14,12,2,2941
46.0,14,12,3,2951
46.0,14,12,4,2960
46.0,14,12,5,2969
46.0,14,12,6,2979
46.0,14,12,7,2988
46.0,14,12,8,2997
46.0,14,12,9,3006
46.0,14,12,10,3016
46.0,14,12,11,3025
46.0,14,12,12,3034
46.0,14,12,13,3043
46.0,14,12,14,3052
46.0,14,12,15,3061
46.0,14,13,0,2932
46.0,14,13,1,2941
46.0,14,13,2,2951
46.0,14,13,3,2960
46.0,14,13,4,2969
46.0,14,13,5,2979
46.0,14,13,6,2988
46.0,14,13,7,2997
46.0,14,13,8,3006
46.0,14,13,9,3016
46.0,14,13,10,3025
46.0,14,13,11,3034
46.0,14,13,12,3043
46.0,14,13,13,3052
46.0,14,13,14,3061
46.0,14,13,15,3070
46.0,14,14,0,2941
46.0,14,14,1,2950
46.0,14,14,2,2960
46.0,14,14,3,2969
46.0,14,14,4,2978
46.0,14,14,5,2988
46.0,14,14,6,2997
46.0,14,14,7,3006
46.0,14,14,8,3016
46.0,14,14,9,3025
46.0,14,14,10,3034
46.0,14,14,11,3043
46.0,14,14,12,3053
46.0,14,14,13,3062
46.0,14,14,14,3071
46.0,14,14,15,3080
46.0,14,15,0,2950
46.0,14,15,1,2959
46.0,14,15,2,2969
46.0,14,15,3,2978
46.0,14,15,4,2988
46.0,14,15,5,2997
46.0,14,15,6,3006
46.0,14,15,7,3016
46.0,14,15,8,3025
46.0,14,15,9,3034
46.0,14,15,10,3043
46.0,14,15,11,3053
46.0,14,15,12,3062
46.0,14,15,13,3071
46.0,14,15,14,3080
46.0,14,15,15,3089
46.0,15,0,0,2822
46.0,15,0,1,2831
46.0,15,0,2,2840
46.0,15,0,3,2849
46.0,15,0,4,2858
46.0,15,0,5,2867
46.0,15,0,6,2876
46.0,15,0,7,2885
46.0,15,0,8,2894
46.0,15,0,9,2903
46.0,15,0,10,2911
46.0,15,0,11,2920
46.0,15,0,12,2929
46.0,15,0,13,2938
46.0,15,0,14,2947
46.0,15,0,15,2955
46.0,15,1,0,2831
46.0,15,1,1,2840
46.0,15,1,2,2850
46.0,15,1,3,2859
46.0,15,1,4,2868
46.0,15,1,5,2877
46.0,15,1,6,2886
46.0,15,1,7,2895
46.0,15,1,8,2903
46.0,15,1,9,2912
46.0,15,1,10,2921
46.0,15,1,11,2930
46.0,15,1,12,2939
46.0,15,1,13,2948
46.0,15,1,14,2956
46.0,15,1,15,2965
46.0,15,2,0,2841
46.0,15,2,1,2850
46.0,15,2,2,2859
46.0,15,2,3,2868
46.0,15,2,4,2877
46.0,15,2,5,2886
46.0,15,2,6,2895
46.0,15,2,7,2904
46.0,15,2,8,2913
46.0,15,2,9,2922
46.0,15,2,10,2931
46.0,15,2,11,2940
46.0,15,2,12,2949
46.0,15,2,13,2957
46.0,15,2,14,2966
46.0,15,2,15,2975
46.0,15,3,0,2850
46.0,15,3,1,2859
46.0,15,3,2,2868
46.0,15,3,3,2878
46.0,15,3,4,2887
46.0,15,3,5,2896
46.0,15,3,6,2905
46.0,15,3,7,2914
46.0,15,3,8,2923
46.0,15,3,9,2932
46.0,15,3,10,2941
46.0,15,3,11,2950
46.0,15,3,12,2958
46.0,15,3,13,2967
46.0,15,3,14,2976
46.0,15,3,15,2985
46.0,15,4,0,2860
46.0,15,4,1,2869
46.0,15,4,2,2878
46.0,15,4,3,2887
46.0,15,4,4,2896
46.0,15,4,5,2905
46.0,15,4,6,2914
46.0,15,4,7,2923
46.0,15,4,8,2932
46.0,15,4,9,2941
46.0,15,4,10,2950
46.0,15,4,11,2959
46.0,15,4,12,2968
46.0,15,4,13,2977
46.0,15,4,14,2986
46.0,15,4,15,2995
46.0,15,5,0,2869
46.0,15,5,1,2878
46.0,15,5,2,2887
46.0,15,5,3,2896
46.0,15,5,4,2906
46.0,15,5,5,2915
46.0,15,5,6,2924
46.0,15,5,7,2933
46.0,15,5,8,2942
46.0,15,5,9,2951
46.0,15,5,10,2960
46.0,15,5,11,2969
46.0,15,5,12,2978
46.0,15,5,13,2987
46.0,15,5,14,2996
46.0,15,5,15,3004
46.0,15,6,0,2878
46.0,15,6,1,2887
46.0,15,6,2,2897
46.0,15,6,3,2906
46.0,15,6,4,2915
46.0,15,6,5,2924
46.0,15,6,6,2933
46.0,15,6,7,2942
46.0,15,6,8,2951
46.0,15,6,9,2961
46.0,15,6,10,2970
46.0,15,6,11,2979
46.0,15,6,12,2987
46.0,15,6,13,2996
46.0,15,6,14,3005
46.0,15,6,15,3014
46.0,15,7,0,2887
46.0,15,7,1,2897
46.0,15,7,2,2906
46.0,15,7,3,2915
46.0,15,7,4,2924
46.0,15,7,5,2934
46.0,15,7,6,2943
46.0,15,7,7,2952
46.0,15,7,8,2961
46.0,15,7,9,2970
46.0,15,7,10,2979
46.0,15,7,11,2988
46.0,15,7,12,2997
46.0,15,7,13,3006
46.0,15,7,14,3015
46.0,15,7,15,3024
46.0,15,8,0,2897
46.0,15,8,1,2906
46.0,15,8,2,2915
46.0,15,8,3,2925
46.0,15,8,4,2934
46.0,15,8,5,2943
46.0,15,8,6,2952
46.0,15,8,7,2961
46.0,15,8,8,2970
46.0,15,8,9,2980
46.0,15,8,10,2989
46.0,15,8,11,2998
46.0,15,8,12,3007
46.0,15,8,13,3016
46.0,15,8,14,3025
46.0,15,8,15,3034
46.0,15,9,0,2906
46.0,15,9,1,2915
46.0,15,9,2,2925
46.0,15,9,3,2934
46.0,15,9,4,2943
46.0,15,9,5,2952
46.0,15,9,6,2962
46.0,15,9,7,2971
46.0,15,9,8,2980
46.0,15,9,9,2989
46.0,15,9,10,2998
46.0,15,9,11,3007
46.0,15,9,12,3016
46.0,15,9,13,3025
46.0,15,9,14,3034
46.0,15,9,15,3043
46.0,15,10,0,2915
46.0,15,10,1,2924
46.0,15,10,2,2934
46.0,15,10,3,2943
46.0,15,10,4,2952
46.0,15,10,5,2962
46.0,15,10,6,2971
46.0,15,10,7,2980
46.0,15,10,8,2989
46.0,15,10,9,2998
46.0,15,10,10,3008
46.0,15,10,11,3017
46.0,15,10,12,3026
46.0,15,10,13,3035
46.0,15,10,14,3044
46.0,15,10,15,3053
46.0,15,11,0,2924
46.0,15,11,1,2934
46.0,15,11,2,2943
46.0,15,11,3,2952
46.0,15,11,4,2962
46.0,15,11,5,2971
46.0,15,11,6,2980
46.0,15,11,7,2990
46.0,15,11,8,2999
46.0,15,11,9,3008
46.0,15,11,10,3017
46.0,15,11,11,3026
46.0,15,11,12,3035
46.0,15,11,13,3044
46.0,15,11,14,3053
46.0,15,11,15,3062
46.0,15,12,0,2933
46.0,15,12,1,2943
46.0,15,12,2,2952
46.0,15,12,3,2962
46.0,15,12,4,2971
46.0,15,12,5,2980
46.0,15,12,6,2990
46.0,15,12,7,2999
46.0,15,12,8,3008
46.0,15,12,9,3017
46.0,15,12,10,3026
46.0,15,12,11,3036
46.0,15,12,12,3045
46.0,15,12,13,3054
46.0,15,12,14,3063
46.0,15,12,15,3072
46.0,15,13,0,2942
46.0,15,13,1,2952
46.0,15,13,2,2961
46.0,15,13,3,2971
46.0,15,13,4,2980
46.0,15,13,5,2990
46.0,15,13,6,2999
46.0,15,13,7,3008
46.0,15,13,8,3017
46.0,15,13,9,3027
46.0,15,13,10,3036
46.0,15,13,11,3045
46.0,15,13,12,3054
46.0,15,13,13,3063
46.0,15,13,14,3072
46.0,15,13,15,3082
46.0,15,14,0,2951
46.0,15,14,1,2961
46.0,15,14,2,2970
46.0,15,14,3,2980
46.0,15,14,4,2989
46.0,15,14,5,2999
46.0,15,14,6,3008
46.0,15,14,7,3017
46.0,15,14,8,3027
46.0,15,14,9,3036
46.0,15,14,10,3045
46.0,15,14,11,3054
46.0,15,14,12,3064
46.0,15,14,13,3073
46.0,15,14,14,3082
46.0,15,14,15,3091
46.0,15,15,0,2961
46.0,15,15,1,2970
46.0,15,15,2,2980
46.0,15,15,3,2989
46.0,15,15,4,2998
46.0,15,15,5,3008
46.0,15,15,6,3017
46.0,15,15,7,3027
46.0,15,15,8,3036
46.0,15,15,9,3045
46.0,15,15,10,3055
46.0,15,15,11,3064
46.0,15,15,12,3073
46.0,15,15,13,3082
46.0,15,15,14,3091
46.0,15,15,15,3100
46.5,0,0,0,2685
46.5,0,0,1,2693
46.5,0,0,2,2702
46.5,0,0,3,2711
46.5,0,0,4,2719
46.5,0,0,5,2728
46.5,0,0,6,2736
46.5,0,0,7,2745
46.5,0,0,8,2753
46.5,0,0,9,2762
46.5,0,0,10,2770
46.5,0,0,11,2778
46.5,0,0,12,2787
46.5,0,0,13,2795
46.5,0,0,14,2803
46.5,0,0,15,2812
46.5,0,1,0,2694
46.5,0,1,1,2702
46.5,0,1,2,2711
46.5,0,1,3,2720
46.5,0,1,4,2728
46.5,0,1,5,2737
46.5,0,1,6,2745
46.5,0,1,7,2754
46.5,0,1,8,2762
46.5,0,1,9,2771
46.5,0,1,10,2779
46.5,0,1,11,2788
46.5,0,1,12,2796
46.5,0,1,13,2804
46.5,0,1,14,2813
46.5,0,1,15,2821
46.5,0,2,0,2703
46.5,0,2,1,2711
46.5,0,2,2,2720
46.5,0,2,3,2729
46.5,0,2,4,2737
46.5,0,2,5,2746
46.5,0,2,6,2755
46.5,0,2,7,2763
46.5,0,2,8,2772
46.5,0,2,9,2780
46.5,0,2,10,2789
46.5,0,2,11,2797
46.5,0,2,12,2805
46.5,0,2,13,2814
46.5,0,2,14,2822
46.5,0,2,15,2831
46.5,0,3,0,2712
46.5,0,3,1,2720
46.5,0,3,2,2729
46.5,0,3,3,2738
46.5,0,3,4,2746
46.5,0,3,5,2755
46.5,0,3,6,2764
46.5,0,3,7,2772
46.5,0,3,8,2781
46.5,0,3,9,2789
46.5,0,3,10,2798
46.5,0,3,11,2806
46.5,0,3,12,2815
46.5,0,3,13,2823
46.5,0,3,14,2832
46.5,0,3,15,2840
46.5,0,4,0,2721
46.5,0,4,1,2729
46.5,0,4,2,2738
46.5,0,4,3,2747
46.5,0,4,4,2755
46.5,0,4,5,2764
46.5,0,4,6,2773
46.5,0,4,7,2781
46.5,0,4,8,2790
46.5,0,4,9,2798
46.5,0,4,10,2807
46.5,0,4,11,2815
46.5,0,4,12,2824
46.5,0,4,13,2832
46.5,0,4,14,2841
46.5,0,4,15,2849
46.5,0,5,0,2729
46.5,0,5,1,2738
46.5,0,5,2,2747
46.5,0,5,3,2756
46.5,0,5,4,2764
46.5,0,5,5,2773
46.5,0,5,6,2782
46.5,0,5,7,2790
46.5,0,5,8,2799
46.5,0,5,9,2808
46.5,0,5,10,2816
46.5,0,5,11,2825
46.5,0,5,12,2833
46.5,0,5,13,2842
46.5,0,5,14,2850
46.5,0,5,15,2858
46.5,0,6,0,2738
46.5,0,6,1,2747
46.5,0,6,2,2756
46.5,0,6,3,2765
46.5,0,6,4,2773
46.5,0,6,5,2782
46.5,0,6,6,2791
46.5,0,6,7,2799
46.5,0,6,8,2808
46.5,0,6,9,2817
46.5,0,6,10,2825
46.5,0,6,11,2834
46.5,0,6,12,2842
46.5,0,6,13,2851
46.5,0,6,14,2859
46.5,0,6,15,2868
46.5,0,7,0,2747
46.5,0,7,1,2756
46.5,0,7,2,2765
46.5,0,7,3,2774
46.5,0,7,4,2782
46.5,0,7,5,2791
46.5,0,7,6,2800
46.5,0,7,7,2808
46.5,0,7,8,2817
46.5,0,7,9,2826
46.5,0,7,10,2834
46.5,0,7,11,2843
46.5,0,7,12,2852
46.5,0,7,13,2860
46.5,0,7,14,2869
46.5,0,7,15,2877
46.5,0,8,0,2756
46.5,0,8,1,2765
46.5,0,8,2,2774
46.5,0,8,3,2782
46.5,0,8,4,2791
46.5,0,8,5,2800
46.5,0,8,6,2809
46.5,0,8,7,2817
46.5,0,8,8,2826
46.5,0,8,9,2835
46.5,0,8,10,2843
46.5,0,8,11,2852
46.5,0,8,12,2861
46.5,0,8,13,2869
46.5,0,8,14,2878
46.5,0,8,15,2886
46.5,0,9,0,2765
46.5,0,9,1,2774
46.5,0,9,2,2782
46.5,0,9,3,2791
46.5,0,9,4,2800
46.5,0,9,5,2809
46.5,0,9,6,2818
46.5,0,9,7,2826
46.5,0,9,8,2835
46.5,0,9,9,2844
46.5,0,9,10,2852
46.5,0,9,11,2861
46.5,0,9,12,2870
46.5,0,9,13,2878
46.5,0,9,14,2887
46.5,0,9,15,2895
46.5,0,10,0,2773
46.5,0,10,1,2782
46.5,0,10,2,2791
46.5,0,10,3,2800
46.5,0,10,4,2809
46.5,0,10,5,2818
46.5,0,10,6,2827
46.5,0,10,7,2835
46.5,0,10,8,2844
46.5,0,10,9,2853
46.5,0,10,10,2861
46.5,0,10,11,2870
46.5,0,10,12,2879
46.5,0,10,13,2887
46.5,0,10,14,2896
46.5,0,10,15,2905
46.5,0,11,0,2782
46.5,0,11,1,2791
46.5,0,11,2,2800
46.5,0,11,3,2809
46.5,0,11,4,2818
46.5,0,11,5,2827
46.5,0,11,6,2835
46.5,0,11,7,2844
46.5,0,11,8,2853
46.5,0,11,9,2862
46.5,0,11,10,2870
46.5,0,11,11,2879
46.5,0,11,12,2888
46.5,0,11,13,2896
46.5,0,11,14,2905
46.5,0,11,15,2914
46.5,0,12,0,2791
46.5,0,12,1,2800
46.5,0,12,2,2809
46.5,0,12,3,2818
46.5,0,12,4,2827
46.5,0,12,5,2835
46.5,0,12,6,2844
46.5,0,12,7,2853
46.5,0,12,8,2862
46.5,0,12,9,2871
46.5,0,12,10,2879
46.5,0,12,11,2888
46.5,0,12,12,2897
46.5,0,12,13,2906
46.5,0,12,14,2914
46.5,0,12,15,2923
46.5,0,13,0,2799
46.5,0,13,1,2808
46.5,0,13,2,2817
46.5,0,13,3,2826
46.5,0,13,4,2835
46.5,0,13,5,2844
46.5,0,13,6,2853
46.5,0,13,7,2862
46.5,0,13,8,2871
46.5,0,13,9,2880
46.5,0,13,10,2888
46.5,0,13,11,2897
46.5,0,13,12,2906
46.5,0,13,13,2915
46.5,0,13,14,2923
46.5,0,13,15,2932
46.5,0,14,0,2808
46.5,0,14,1,2817
46.5,0,14,2,2826
46.5,0,14,3,2835
46.5,0,14,4,2844
46.5,0,14,5,2853
46.5,0,14,6,2862
46.5,0,14,7,2871
46.5,0,14,8,2880
46.5,0,14,9,2888
46.5,0,14,10,2897
46.5,0,14,11,2906
46.5,0,14,12,2915
46.5,0,14,13,2924
46.5,0,14,14,2932
46.5,0,14,15,2941
46.5,0,15,0,2817
46.5,0,15,1,2826
46.5,0,15,2,2835
46.5,0,15,3,2844
46.5,0,15,4,2853
46.5,0,15,5,2862
46.5,0,15,6,2871
46.5,0,15,7,2880
46.5,0,15,8,2888
46.5,0,15,9,2897
46.5,0,15,10,2906
46.5,0,15,11,2915
46.5,0,15,12,2924
46.5,0,15,13,2932
46.5,0,15,14,2941
46.5,0,15,15,2950
46.5,1,0,0,2695
46.5,1,0,1,2704
46.5,1,0,2,2712
46.5,1,0,3,2721
46.5,1,0,4,2730
46.5,1,0,5,2738
46.5,1,0,6,2747
46.5,1,0,7,2755
46.5,1,0,8,2764
46.5,1,0,9,2772
46.5,1,0,10,2781
46.5,1,0,11,2789
46.5,1,0,12,2797
46.5,1,0,13,2806
46.5,1,0,14,2814
46.5,1,0,15,2822
46.5,1,1,0,2704
46.5,1,1,1,2713
46.5,1,1,2,2721
46.5,1,1,3,2730
46.5,1,1,4,2739
46.5,1,1,5,2747
46.5,1,1,6,2756
46.5,1,1,7,2764
46.5,1,1,8,2773
46.5,1,1,9,2782
46.5,1,1,10,2790
46.5,1,1,11,2798
46.5,1,1,12,2807
46.5,1,1,13,2815
46.5,1,1,14,2824
46.5,1,1,15,2832
46.5,1,2,0,2713
46.5,1,2,1,2722
46.5,1,2,2,2731
46.5,1,2,3,2739
46.5,1,2,4,2748
46.5,1,2,5,2757
46.5,1,2,6,2765
46.5,1,2,7,2774
46.5,1,2,8,2782
46.5,1,2,9,2791
46.5,1,2,10,2799
46.5,1,2,11,2808
46.5,1,2,12,2816
46.5,1,2,13,2825
46.5,1,2,14,2833
46.5,1,2,15,2841
46.5,1,3,0,2722
46.5,1,3,1,2731
46.5,1,3,2,2740
46.5,1,3,3,2748
46.5,1,3,4,2757
46.5,1,3,5,2766
46.5,1,3,6,2774
46.5,1,3,7,2783
46.5,1,3,8,2791
46.5,1,3,9,2800
46.5,1,3,10,2809
46.5,1,3,11,2817
46.5,1,3,12,2825
46.5,1,3,13,2834
46.5,1,3,14,2842
46.5,1,3,15,2851
46.5,1,4,0,2731
46.5,1,4,1,2740
46.5,1,4,2,2749
46.5,1,4,3,2757
46.5,1,4,4,2766
46.5,1,4,5,2775
46.5,1,4,6,2783
46.5,1,4,7,2792
46.5,1,4,8,2801
46.5,1,4,9,2809
46.5,1,4,10,2818
46.5,1,4,11,2826
46.5,1,4,12,2835
46.5,1,4,13,2843
46.5,1,4,14,2852
46.5,1,4,15,2860
46.5,1,5,0,2740
46.5,1,5,1,2749
46.5,1,5,2,2758
46.5,1,5,3,2766
46.5,1,5,4,2775
46.5,1,5,5,2784
46.5,1,5,6,2792
46.5,1,5,7,2801
46.5,1,5,8,2810
46.5,1,5,9,2818
46.5,1,5,10,2827
46.5,1,5,11,2835
46.5,1,5,12,2844
46.5,1,5,13,2853
46.5,1,5,14,2861
46.5,1,5,15,2869
46.5,1,6,0,2749
46.5,1,6,1,2758
46.5,1,6,2,2766
46.5,1,6,3,2775
46.5,1,6,4,2784
46.5,1,6,5,2793
46.5,1,6,6,2802
46.5,1,6,7,2810
46.5,1,6,8,2819
46.5,1,6,9,2827
46.5,1,6,10,2836
46.5,1,6,11,2845
46.5,1,6,12,2853
46.5,1,6,13,2862
46.5,1,6,14,2870
46.5,1,6,15,2879
46.5,1,7,0,2758
46.5,1,7,1,2767
46.5,1,7,2,2775
46.5,1,7,3,2784
46.5,1,7,4,2793
46.5,1,7,5,2802
46.5,1,7,6,2811
46.5,1,7,7,2819
46.5,1,7,8,2828
46.5,1,7,9,2837
46.5,1,7,10,2845
46.5,1,7,11,2854
46.5,1,7,12,2862
46.5,1,7,13,2871
46.5,1,7,14,2880
46.5,1,7,15,2888
46.5,1,8,0,2766
46.5,1,8,1,2775
46.5,1,8,2,2784
46.5,1,8,3,2793
46.5,1,8,4,2802
46.5,1,8,5,2811
46.5,1,8,6,2820
46.5,1,8,7,2828
46.5,1,8,8,2837
46.5,1,8,9,2846
46.5,1,8,10,2854
46.5,1,8,11,2863
46.5,1,8,12,2872
46.5,1,8,13,2880
46.5,1,8,14,2889
46.5,1,8,15,2897
46.5,1,9,0,2775
46.5,1,9,1,2784
46.5,1,9,2,2793
46.5,1,9,3,2802
46.5,1,9,4,2811
46.5,1,9,5,2820
46.5,1,9,6,2828
46.5,1,9,7,2837
46.5,1,9,8,2846
46.5,1,9,9,2855
46.5,1,9,10,2863
46.5,1,9,11,2872
46.5,1,9,12,2881
46.5,1,9,13,2889
46.5,1,9,14,2898
46.5,1,9,15,2906
46.5,1,10,0,2784
46.5,1,10,1,2793
46.5,1,10,2,2802
46.5,1,10,3,2811
46.5,1,10,4,2820
46.5,1,10,5,2829
46.5,1,10,6,2837
46.5,1,10,7,2846
46.5,1,10,8,2855
46.5,1,10,9,2864
46.5,1,10,10,2872
46.5,1,10,11,2881
46.5,1,10,12,2890
46.5,1,10,13,2898
46.5,1,10,14,2907
46.5,1,10,15,2916
46.5,1,11,0,2793
46.5,1,11,1,2802
46.5,1,11,2,2811
46.5,1,11,3,2820
46.5,1,11,4,2829
46.5,1,11,5,2837
46.5,1,11,6,2846
46.5,1,11,7,2855
46.5,1,11,8,2864
46.5,1,11,9,2873
46.5,1,11,10,2881
46.5,1,11,11,2890
46.5,1,11,12,2899
46.5,1,11,13,2908
46.5,1,11,14,2916
46.5,1,11,15,2925
46.5,1,12,0,2802
46.5,1,12,1,2811
46.5,1,12,2,2820
46.5,1,12,3,2828
46.5,1,12,4,2837
46.5,1,12,5,2846
46.5,1,12,6,2855
46.5,1,12,7,2864
46.5,1,12,8,2873
46.5,1,12,9,2882
46.5,1,12,10,2890
46.5,1,12,11,2899
46.5,1,12,12,2908
46.5,1,12,13,2917
46.5,1,12,14,2925
46.5,1,12,15,2934
46.5,1,13,0,2810
46.5,1,13,1,2819
46.5,1,13,2,2828
46.5,1,13,3,2837
46.5,1,13,4,2846
46.5,1,13,5,2855
46.5,1,13,6,2864
46.5,1,13,7,2873
46.5,1,13,8,2882
46.5,1,13,9,2891
46.5,1,13,10,2899
46.5,1,13,11,2908
46.5,1,13,12,2917
46.5,1,13,13,2926
46.5,1,13,14,2934
46.5,1,13,15,2943
46.5,1,14,0,2819
46.5,1,14,1,2828
46.5,1,14,2,2837
46.5,1,14,3,2846
46.5,1,14,4,2855
46.5,1,14,5,2864
46.5,1,14,6,2873
46.5,1,14,7,2882
46.5,1,14,8,2891
46.5,1,14,9,2900
46.5,1,14,10,2908
46.5,1,14,11,2917
46.5,1,14,12,2926
46.5,1,14,13,2935
46.5,1,14,14,2943
46.5,1,14,15,2952
46.5,1,15,0,2827
46.5,1,15,1,2837
46.5,1,15,2,2846
46.5,1,15,3,2855
46.5,1,15,4,2864
46.5,1,15,5,2873
46.5,1,15,6,2882
46.5,1,15,7,2891
46.5,1,15,8,2900
46.5,1,15,9,2908
46.5,1,15,10,2917
46.5,1,15,11,2926
46.5,1,15,12,2935
46.5,1,15,13,2944
46.5,1,15,14,2952
46.5,1,15,15,2961
46.5,2,0,0,2705
46.5,2,0,1,2714
46.5,2,0,2,2723
46.5,2,0,3,2731
46.5,2,0,4,2740
46.5,2,0,5,2749
46.5,2,0,6,2757
46.5,2,0,7,2766
46.5,2,0,8,2774
46.5,2,0,9,2783
46.5,2,0,10,2791
46.5,2,0,11,2800
46.5,2,0,12,2808
46.5,2,0,13,2817
46.5,2,0,14,2825
46.5,2,0,15,2833
46.5,2,1,0,2714
46.5,2,1,1,2723
46.5,2,1,2,2732
46.5,2,1,3,2741
46.5,2,1,4,2749
46.5,2,1,5,2758
46.5,2,1,6,2766
46.5,2,1,7,2775
46.5,2,1,8,2784
46.5,2,1,9,2792
46.5,2,1,10,2801
46.5,2,1,11,2809
46.5,2,1,12,2818
46.5,2,1,13,2826
46.5,2,1,14,2834
46.5,2,1,15,2843
46.5,2,2,0,2723
46.5,2,2,1,2732
46.5,2,2,2,2741
46.5,2,2,3,2750
46.5,2,2,4,2758
46.5,2,2,5,2767
46.5,2,2,6,2776
46.5,2,2,7,2784
46.5,2,2,8,2793
46.5,2,2,9,2801
46.5,2,2,10,2810
46.5,2,2,11,2818
46.5,2,2,12,2827
46.5,2,2,13,2835
46.5,2,2,14,2844
46.5,2,2,15,2852
46.5,2,3,0,2732
46.5,2,3,1,2741
46.5,2,3,2,2750
46.5,2,3,3,2759
46.5,2,3,4,2767
46.5,2,3,5,2776
46.5,2,3,6,2785
46.5,2,3,7,2793
46.5,2,3,8,2802
46.5,2,3,9,2811
46.5,2,3,10,2819
46.5,2,3,11,2828
46.5,2,3,12,2836
46.5,2,3,13,2845
46.5,2,3,14,2853
46.5,2,3,15,2862
46.5,2,4,0,2741
46.5,2,4,1,2750
46.5,2,4,2,2759
46.5,2,4,3,2768
46.5,2,4,4,2777
46.5,2,4,5,2785
46.5,2,4,6,2794
46.5,2,4,7,2803
46.5,2,4,8,2811
46.5,2,4,9,2820
46.5,2,4,10,2828
46.5,2,4,11,2837
46.5,2,4,12,2846
46.5,2,4,13,2854
46.5,2,4,14,2863
46.5,2,4,15,2871
46.5,2,5,0,2750
46.5,2,5,1,2759
46.5,2,5,2,2768
46.5,2,5,3,2777
46.5,2,5,4,2786
46.5,2,5,5,2794
46.5,2,5,6,2803
46.5,2,5,7,2812
46.5,2,5,8,2820
46.5,2,5,9,2829
46.5,2,5,10,2838
46.5,2,5,11,2846
46.5,2,5,12,2855
46.5,2,5,13,2863
46.5,2,5,14,2872
46.5,2,5,15,2880
46.5,2,6,0,2759
46.5,2,6,1,2768
46.5,2,6,2,2777
46.5,2,6,3,2786
46.5,2,6,4,2795
46.5,2,6,5,2803
46.5,2,6,6,2812
46.5,2,6,7,2821
46.5,2,6,8,2830
46.5,2,6,9,2838
46.5,2,6,10,2847
46.5,2,6,11,2856
46.5,2,6,12,2864
46.5,2,6,13,2873
46.5,2,6,14,2881
46.5,2,6,15,2890
46.5,2,7,0,2768
46.5,2,7,1,2777
46.5,2,7,2,2786
46.5,2,7,3,2795
46.5,2,7,4,2804
46.5,2,7,5,2812
46.5,2,7,6,2821
46.5,2,7,7,2830
46.5,2,7,8,2839
46.5,2,7,9,2847
46.5,2,7,10,2856
46.5,2,7,11,2865
46.5,2,7,12,2873
46.5,2,7,13,2882
46.5,2,7,14,2891
46.5,2,7,15,2899
46.5,2,8,0,2777
46.5,2,8,1,2786
46.5,2,8,2,2795
46.5,2,8,3,2804
46.5,2,8,4,2813
46.5,2,8,5,2821
46.5,2,8,6,2830
46.5,2,8,7,2839
46.5,2,8,8,2848
46.5,2,8,9,2857
46.5,2,8,10,2865
46.5,2,8,11,2874
46.5,2,8,12,2883
46.5,2,8,13,2891
46.5,2,8,14,2900
46.5,2,8,15,2908
46.5,2,9,0,2786
46.5,2,9,1,2795
46.5,2,9,2,2804
46.5,2,9,3,2813
46.5,2,9,4,2822
46.5,2,9,5,2830
46.5,2,9,6,2839
46.5,2,9,7,2848
46.5,2,9,8,2857
46.5,2,9,9,2866
46.5,2,9,10,2874
46.5,2,9,11,2883
46.5,2,9,12,2892
46.5,2,9,13,2900
46.5,2,9,14,2909
46.5,2,9,15,2918
46.5,2,10,0,2795
46.5,2,10,1,2804
46.5,2,10,2,2813
46.5,2,10,3,2822
46.5,2,10,4,2831
46.5,2,10,5,2839
46.5,2,10,6,2848
46.5,2,10,7,2857
46.5,2,10,8,2866
46.5,2,10,9,2875
46.5,2,10,10,2883
46.5,2,10,11,2892
46.5,2,10,12,2901
46.5,2,10,13,2910
46.5,2,10,14,2918
46.5,2,10,15,2927
46.5,2,11,0,2803
46.5,2,11,1,2812
46.5,2,11,2,2821
46.5,2,11,3,2830
46.5,2,11,4,2839
46.5,2,11,5,2848
46.5,2,11,6,2857
46.5,2,11,7,2866
46.5,2,11,8,2875
46.5,2,11,9,2884
46.5,2,11,10,2892
46.5,2,11,11,2901
46.5,2,11,12,2910
46.5,2,11,13,2919
46.5,2,11,14,2927
46.5,2,11,15,2936
46.5,2,12,0,2812
46.5,2,12,1,2821
46.5,2,12,2,2830
46.5,2,12,3,2839
46.5,2,12,4,2848
46.5,2,12,5,2857
46.5,2,12,6,2866
46.5,2,12,7,2875
46.5,2,12,8,2884
46.5,2,12,9,2893
46.5,2,12,10,2902
46.5,2,12,11,2910
46.5,2,12,12,2919
46.5,2,12,13,2928
46.5,2,12,14,2936
46.5,2,12,15,2945
46.5,2,13,0,2821
46.5,2,13,1,2830
46.5,2,13,2,2839
46.5,2,13,3,2848
46.5,2,13,4,2857
46.5,2,13,5,2866
46.5,2,13,6,2875
46.5,2,13,7,2884
46.5,2,13,8,2893
46.5,2,13,9,2902
46.5,2,13,10,2911
46.5,2,13,11,2919
46.5,2,13,12,2928
46.5,2,13,13,2937
46.5,2,13,14,2946
46.5,2,13,15,2954
46.5,2,14,0,2830
46.5,2,14,1,2839
46.5,2,14,2,2848
46.5,2,14,3,2857
46.5,2,14,4,2866
46.5,2,14,5,2875
46.5,2,14,6,2884
46.5,2,14,7,2893
46.5,2,14,8,2902
46.5,2,14,9,2911
46.5,2,14,10,2919
46.5,2,14,11,2928
46.5,2,14,12,2937
46.5,2,14,13,2946
46.5,2,14,14,2955
46.5,2,14,15,2963
46.5,2,15,0,2838
46.5,2,15,1,2847
46.5,2,15,2,2857
46.5,2,15,3,2866
46.5,2,15,4,2875
46.5,2,15,5,2884
46.5,2,15,6,2893
46.5,2,15,7,2902
46.5,2,15,8,2911
46.5,2,15,9,2920
46.5,2,15,10,2928
46.5,2,15,11,2937
46.5,2,15,12,2946
46.5,2,15,13,2955
46.5,2,15,14,2964
46.5,2,15,15,2972
46.5,3,0,0,2716
46.5,3,0,1,2724
46.5,3,0,2,2733
46.5,3,0,3,2742
46.5,3,0,4,2750
46.5,3,0,5,2759
46.5,3,0,6,2768
46.5,3,0,7,2776
46.5,3,0,8,2785
46.5,3,0,9,2793
46.5,3,0,10,2802
46.5,3,0,11,2810
46.5,3,0,12,2819
46.5,3,0,13,2827
46.5,3,0,14,2836
46.5,3,0,15,2844
46.5,3,1,0,2725
46.5,3,1,1,2734
46.5,3,1,2,2742
46.5,3,1,3,2751
46.5,3,1,4,2760
46.5,3,1,5,2768
46.5,3,1,6,2777
46.5,3,1,7,2786
46.5,3,1,8,2794
46.5,3,1,9,2803
46.5,3,1,10,2811
46.5,3,1,11,2820
46.5,3,1,12,2828
46.5,3,1,13,2837
46.5,3,1,14,2845
46.5,3,1,15,2854
46.5,3,2,0,2734
46.5,3,2,1,2743
46.5,3,2,2,2751
46.5,3,2,3,2760
46.5,3,2,4,2769
46.5,3,2,5,2778
46.5,3,2,6,2786
46.5,3,2,7,2795
46.5,3,2,8,2803
46.5,3,2,9,2812
46.5,3,2,10,2821
46.5,3,2,11,2829
46.5,3,2,12,2838
46.5,3,2,13,2846
46.5,3,2,14,2855
46.5,3,2,15,2863
46.5,3,3,0,2743
46.5,3,3,1,2752
46.5,3,3,2,2760
46.5,3,3,3,2769
46.5,3,3,4,2778
46.5,3,3,5,2787
46.5,3,3,6,2795
46.5,3,3,7,2804
46.5,3,3,8,2813
46.5,3,3,9,2821
46.5,3,3,10,2830
46.5,3,3,11,2839
46.5,3,3,12,2847
46.5,3,3,13,2856
46.5,3,3,14,2864
46.5,3,3,15,2873
46.5,3,4,0,2752
46.5,3,4,1,2761
46.5,3,4,2,2770
46.5,3,4,3,2778
46.5,3,4,4,2787
46.5,3,4,5,2796
46.5,3,4,6,2805
46.5,3,4,7,2813
46.5,3,4,8,2822
46.5,3,4,9,2831
46.5,3,4,10,2839
46.5,3,4,11,2848
46.5,3,4,12,2856
46.5,3,4,13,2865
46.5,3,4,14,2873
46.5,3,4,15,2882
46.5,3,5,0,2761
46.5,3,5,1,2770
46.5,3,5,2,2779
46.5,3,5,3,2787
46.5,3,5,4,2796
46.5,3,5,5,2805
46.5,3,5,6,2814
46.5,3,5,7,2822
46.5,3,5,8,2831
46.5,3,5,9,2840
46.5,3,5,10,2849
46.5,3,5,11,2857
46.5,3,5,12,2866
46.5,3,5,13,2874
46.5,3,5,14,2883
46.5,3,5,15,2891
46.5,3,6,0,2770
46.5,3,6,1,2779
46.5,3,6,2,2788
46.5,3,6,3,2796
46.5,3,6,4,2805
46.5,3,6,5,2814
46.5,3,6,6,2823
46.5,3,6,7,2832
46.5,3,6,8,2840
46.5,3,6,9,2849
46.5,3,6,10,2858
46.5,3,6,11,2866
46.5,3,6,12,2875
46.5,3,6,13,2884
46.5,3,6,14,2892
46.5,3,6,15,2901
46.5,3,7,0,2779
46.5,3,7,1,2788
46.5,3,7,2,2797
46.5,3,7,3,2805
46.5,3,7,4,2814
46.5,3,7,5,2823
46.5,3,7,6,2832
46.5,3,7,7,2841
46.5,3,7,8,2850
46.5,3,7,9,2858
46.5,3,7,10,2867
46.5,3,7,11,2876
46.5,3,7,12,2884
46.5,3,7,13,2893
46.5,3,7,14,2902
46.5,3,7,15,2910
46.5,3,8,0,2788
46.5,3,8,1,2797
46.5,3,8,2,2806
46.5,3,8,3,2814
46.5,3,8,4,2823
46.5,3,8,5,2832
46.5,3,8,6,2841
46.5,3,8,7,2850
46.5,3,8,8,2859
46.5,3,8,9,2867
46.5,3,8,10,2876
46.5,3,8,11,2885
46.5,3,8,12,2894
46.5,3,8,13,2902
46.5,3,8,14,2911
46.5,3,8,15,2919
46.5,3,9,0,2796
46.5,3,9,1,2805
46.5,3,9,2,2814
46.5,3,9,3,2823
46.5,3,9,4,2832
46.5,3,9,5,2841
46.5,3,9,6,2850
46.5,3,9,7,2859
46.5,3,9,8,2868
46.5,3,9,9,2877
46.5,3,9,10,2885
46.5,3,9,11,2894
46.5,3,9,12,2903
46.5,3,9,13,2911
46.5,3,9,14,2920
46.5,3,9,15,2929
46.5,3,10,0,2805
46.5,3,10,1,2814
46.5,3,10,2,2823
46.5,3,10,3,2832
46.5,3,10,4,2841
46.5,3,10,5,2850
46.5,3,10,6,2859
46.5,3,10,7,2868
46.5,3,10,8,2877
46.5,3,10,9,2886
46.5,3,10,10,2894
46.5,3,10,11,2903
46.5,3,10,12,2912
46.5,3,10,13,2921
46.5,3,10,14,2929
46.5,3,10,15,2938
46.5,3,11,0,2814
46.5,3,11,1,2823
46.5,3,11,2,2832
46.5,3,11,3,2841
46.5,3,11,4,2850
46.5,3,11,5,2859
46.5,3,11,6,2868
46.5,3,11,7,2877
46.5,3,11,8,2886
46.5,3,11,9,2895
46.5,3,11,10,2903
46.5,3,11,11,2912
46.5,3,11,12,2921
46.5,3,11,13,2930
46.5,3,11,14,2938
46.5,3,11,15,2947
46.5,3,12,0,2823
46.5,3,12,1,2832
46.5,3,12,2,2841
46.5,3,12,3,2850
46.5,3,12,4,2859
46.5,3,12,5,2868
46.5,3,12,6,2877
46.5,3,12,7,2886
46.5,3,12,8,2895
46.5,3,12,9,2904
46.5,3,12,10,2913
46.5,3,12,11,2921
46.5,3,12,12,2930
46.5,3,12,13,2939
46.5,3,12,14,2948
46.5,3,12,15,2956
46.5,3,13,0,2832
46.5,3,13,1,2841
46.5,3,13,2,2850
46.5,3,13,3,2859
46.5,3,13,4,2868
46.5,3,13,5,2877
46.5,3,13,6,2886
46.5,3,13,7,2895
46.5,3,13,8,2904
46.5,3,13,9,2913
46.5,3,13,10,2922
46.5,3,13,11,2930
46.5,3,13,12,2939
46.5,3,13,13,2948
46.5,3,13,14,2957
46.5,3,13,15,2966
46.5,3,14,0,2840
46.5,3,14,1,2850
46.5,3,14,2,2859
46.5,3,14,3,2868
46.5,3,14,4,2877
46.5,3,14,5,2886
46.5,3,14,6,2895
46.5,3,14,7,2904
46.5,3,14,8,2913
46.5,3,14,9,2922
46.5,3,14,10,2931
46.5,3,14,11,2939
46.5,3,14,12,2948
46.5,3,14,13,2957
46.5,3,14,14,2966
46.5,3,14,15,2975
46.5,3,15,0,2849
46.5,3,15,1,2858
46.5,3,15,2,2867
46.5,3,15,3,2877
46.5,3,15,4,2886
46.5,3,15,5,2895
46.5,3,15,6,2904
46.5,3,15,7,2913
46.5,3,15,8,2922
46.5,3,15,9,2931
46.5,3,15,10,2940
46.5,3,15,11,2948
46.5,3,15,12,2957
46.5,3,15,13,2966
46.5,3,15,14,2975
46.5,3,15,15,2984
46.5,4,0,0,2726
46.5,4,0,1,2735
46.5,4,0,2,2743
46.5,4,0,3,2752
46.5,4,0,4,2761
46.5,4,0,5,2770
46.5,4,0,6,2778
46.5,4,0,7,2787
46.5,4,0,8,2795
46.5,4,0,9,2804
46.5,4,0,10,2812
46.5,4,0,11,2821
46.5,4,0,12,2829
46.5,4,0,13,2838
46.5,4,0,14,2846
46.5,4,0,15,2855
46.5,4,1,0,2735
46.5,4,1,1,2744
46.5,4,1,2,2753
46.5,4,1,3,2761
46.5,4,1,4,2770
46.5,4,1,5,2779
46.5,4,1,6,2788
46.5,4,1,7,2796
46.5,4,1,8,2805
46.5,4,1,9,2813
46.5,4,1,10,2822
46.5,4,1,11,2830
46.5,4,1,12,2839
46.5,4,1,13,2847
46.5,4,1,14,2856
46.5,4,1,15,2864
46.5,4,2,0,2744
46.5,4,2,1,2753
46.5,4,2,2,2762
46.5,4,2,3,2771
46.5,4,2,4,2779
46.5,4,2,5,2788
46.5,4,2,6,2797
46.5,4,2,7,2805
46.5,4,2,8,2814
46.5,4,2,9,2823
46.5,4,2,10,2831
46.5,4,2,11,2840
46.5,4,2,12,2848
46.5,4,2,13,2857
46.5,4,2,14,2865
46.5,4,2,15,2874
46.5,4,3,0,2753
46.5,4,3,1,2762
46.5,4,3,2,2771
46.5,4,3,3,2780
46.5,4,3,4,2789
46.5,4,3,5,2797
46.5,4,3,6,2806
46.5,4,3,7,2815
46.5,4,3,8,2823
46.5,4,3,9,2832
46.5,4,3,10,2841
46.5,4,3,11,2849
46.5,4,3,12,2858
46.5,4,3,13,2866
46.5,4,3,14,2875
46.5,4,3,15,2883
46.5,4,4,0,2762
46.5,4,4,1,2771
46.5,4,4,2,2780
46.5,4,4,3,2789
46.5,4,4,4,2798
46.5,4,4,5,2806
46.5,4,4,6,2815
46.5,4,4,7,2824
46.5,4,4,8,2833
46.5,4,4,9,2841
46.5,4,4,10,2850
46.5,4,4,11,2859
46.5,4,4,12,2867
46.5,4,4,13,2876
46.5,4,4,14,2884
46.5,4,4,15,2893
46.5,4,5,0,2771
46.5,4,5,1,2780
46.5,4,5,2,2789
46.5,4,5,3,2798
46.5,4,5,4,2807
46.5,4,5,5,2816
46.5,4,5,6,2824
46.5,4,5,7,2833
46.5,4,5,8,2842
46.5,4,5,9,2851
46.5,4,5,10,2859
46.5,4,5,11,2868
46.5,4,5,12,2877
46.5,4,5,13,2885
46.5,4,5,14,2894
46.5,4,5,15,2902
46.5,4,6,0,2780
46.5,4,6,1,2789
46.5,4,6,2,2798
46.5,4,6,3,2807
46.5,4,6,4,2816
46.5,4,6,5,2825
46.5,4,6,6,2834
46.5,4,6,7,2842
46.5,4,6,8,2851
46.5,4,6,9,2860
46.5,4,6,10,2869
46.5,4,6,11,2877
46.5,4,6,12,2886
46.5,4,6,13,2895
46.5,4,6,14,2903
46.5,4,6,15,2912
46.5,4,7,0,2789
46.5,4,7,1,2798
46.5,4,7,2,2807
46.5,4,7,3,2816
46.5,4,7,4,2825
46.5,4,7,5,2834
46.5,4,7,6,2843
46.5,4,7,7,2852
46.5,4,7,8,2860
46.5,4,7,9,2869
46.5,4,7,10,2878
46.5,4,7,11,2887
46.5,4,7,12,2895
46.5,4,7,13,2904
46.5,4,7,14,2912
46.5,4,7,15,2921
46.5,4,8,0,2798
46.5,4,8,1,2807
46.5,4,8,2,2816
46.5,4,8,3,2825
46.5,4,8,4,2834
46.5,4,8,5,2843
46.5,4,8,6,2852
46.5,4,8,7,2861
46.5,4,8,8,2869
46.5,4,8,9,2878
46.5,4,8,10,2887
46.5,4,8,11,2896
46.5,4,8,12,2904
46.5,4,8,13,2913
46.5,4,8,14,2922
46.5,4,8,15,2930
46.5,4,9,0,2807
46.5,4,9,1,2816
46.5,4,9,2,2825
46.5,4,9,3,2834
46.5,4,9,4,2843
46.5,4,9,5,2852
46.5,4,9,6,2861
46.5,4,9,7,2870
46.5,4,9,8,2879
46.5,4,9,9,2887
46.5,4,9,10,2896
46.5,4,9,11,2905
46.5,4,9,12,2914
46.5,4,9,13,2922
46.5,4,9,14,2931
46.5,4,9,15,2940
46.5,4,10,0,2816
46.5,4,10,1,2825
46.5,4,10,2,2834
46.5,4,10,3,2843
46.5,4,10,4,2852
46.5,4,10,5,2861
46.5,4,10,6,2870
46.5,4,10,7,2879
46.5,4,10,8,2888
46.5,4,10,9,2897
46.5,4,10,10,2905
46.5,4,10,11,2914
46.5,4,10,12,2923
46.5,4,10,13,2932
46.5,4,10,14,2940
46.5,4,10,15,2949
46.5,4,11,0,2825
46.5,4,11,1,2834
46.5,4,11,2,2843
46.5,4,11,3,2852
46.5,4,11,4,2861
46.5,4,11,5,2870
46.5,4,11,6,2879
46.5,4,11,7,2888
46.5,4,11,8,2897
46.5,4,11,9,2906
46.5,4,11,10,2914
46.5,4,11,11,2923
46.5,4,11,12,2932
46.5,4,11,13,2941
46.5,4,11,14,2950
46.5,4,11,15,2958
46.5,4,12,0,2834
46.5,4,12,1,2843
46.5,4,12,2,2852
46.5,4,12,3,2861
46.5,4,12,4,2870
46.5,4,12,5,2879
46.5,4,12,6,2888
46.5,4,12,7,2897
46.5,4,12,8,2906
46.5,4,12,9,2915
46.5,4,12,10,2924
46.5,4,12,11,2932
46.5,4,12,12,2941
46.5,4,12,13,2950
46.5,4,12,14,2959
46.5,4,12,15,2968
46.5,4,13,0,2842
46.5,4,13,1,2852
46.5,4,13,2,2861
46.5,4,13,3,2870
46.5,4,13,4,2879
46.5,4,13,5,2888
46.5,4,13,6,2897
46.5,4,13,7,2906
46.5,4,13,8,2915
46.5,4,13,9,2924
46.5,4,13,10,2933
46.5,4,13,11,2942
46.5,4,13,12,2950
46.5,4,13,13,2959
46.5,4,13,14,2968
46.5,4,13,15,2977
46.5,4,14,0,2851
46.5,4,14,1,2860
46.5,4,14,2,2869
46.5,4,14,3,2879
46.5,4,14,4,2888
46.5,4,14,5,2897
46.5,4,14,6,2906
46.5,4,14,7,2915
46.5,4,14,8,2924
46.5,4,14,9,2933
46.5,4,14,10,2942
46.5,4,14,11,2951
46.5,4,14,12,2959
46.5,4,14,13,2968
46.5,4,14,14,2977
46.5,4,14,15,2986
46.5,4,15,0,2860
46.5,4,15,1,2869
46.5,4,15,2,2878
46.5,4,15,3,2887
46.5,4,15,4,2897
46.5,4,15,5,2906
46.5,4,15,6,2915
46.5,4,15,7,2924
46.5,4,15,8,2933
46.5,4,15,9,2942
46.5,4,15,10,2951
46.5,4,15,11,2960
46.5,4,15,12,2969
46.5,4,15,13,2977
46.5,4,15,14,2986
46.5,4,15,15,2995
46.5,5,0,0,2736
46.5,5,0,1,2745
46.5,5,0,2,2754
46.5,5,0,3,2763
46.5,5,0,4,2771
46.5,5,0,5,2780
46.5,5,0,6,2789
46.5,5,0,7,2797
46.5,5,0,8,2806
46.5,5,0,9,2815
46.5,5,0,10,2823
46.5,5,0,11,2832
46.5,5,0,12,2840
46.5,5,0,13,2849
46.5,5,0,14,2857
46.5,5,0,15,2866
46.5,5,1,0,2745
46.5,5,1,1,2754
46.5,5,1,2,2763
46.5,5,1,3,2772
46.5,5,1,4,2781
46.5,5,1,5,2789
46.5,5,1,6,2798
46.5,5,1,7,2807
46.5,5,1,8,2815
46.5,5,1,9,2824
46.5,5,1,10,2833
46.5,5,1,11,2841
46.5,5,1,12,2850
46.5,5,1,13,2858
46.5,5,1,14,2867
46.5,5,1,15,2875
46.5,5,2,0,2755
46.5,5,2,1,2763
46.5,5,2,2,2772
46.5,5,2,3,2781
46.5,5,2,4,2790
46.5,5,2,5,2799
46.5,5,2,6,2807
46.5,5,2,7,2816
46.5,5,2,8,2825
46.5,5,2,9,2833
46.5,5,2,10,2842
46.5,5,2,11,2851
46.5,5,2,12,2859
46.5,5,2,13,2868
46.5,5,2,14,2876
46.5,5,2,15,2885
46.5,5,3,0,2764
46.5,5,3,1,2773
46.5,5,3,2,2781
46.5,5,3,3,2790
46.5,5,3,4,2799
46.5,5,3,5,2808
46.5,5,3,6,2817
46.5,5,3,7,2825
46.5,5,3,8,2834
46.5,5,3,9,2843
46.5,5,3,10,2851
46.5,5,3,11,2860
46.5,5,3,12,2869
46.5,5,3,13,2877
46.5,5,3,14,2886
46.5,5,3,15,2894
46.5,5,4,0,2773
46.5,5,4,1,2782
46.5,5,4,2,2791
46.5,5,4,3,2799
46.5,5,4,4,2808
46.5,5,4,5,2817
46.5,5,4,6,2826
46.5,5,4,7,2835
46.5,5,4,8,2843
46.5,5,4,9,2852
46.5,5,4,10,2861
46.5,5,4,11,2869
46.5,5,4,12,2878
46.5,5,4,13,2887
46.5,5,4,14,2895
46.5,5,4,15,2904
46.5,5,5,0,2782
46.5,5,5,1,2791
46.5,5,5,2,2800
46.5,5,5,3,2809
46.5,5,5,4,2817
46.5,5,5,5,2826
46.5,5,5,6,2835
46.5,5,5,7,2844
46.5,5,5,8,2853
46.5,5,5,9,2861
46.5,5,5,10,2870
46.5,5,5,11,2879
46.5,5,5,12,2887
46.5,5,5,13,2896
46.5,5,5,14,2905
46.5,5,5,15,2913
46.5,5,6,0,2791
46.5,5,6,1,2800
46.5,5,6,2,2809
46.5,5,6,3,2818
46.5,5,6,4,2827
46.5,5,6,5,2835
46.5,5,6,6,2844
46.5,5,6,7,2853
46.5,5,6,8,2862
46.5,5,6,9,2871
46.5,5,6,10,2879
46.5,5,6,11,2888
46.5,5,6,12,2897
46.5,5,6,13,2905
46.5,5,6,14,2914
46.5,5,6,15,2923
46.5,5,7,0,2800
46.5,5,7,1,2809
46.5,5,7,2,2818
46.5,5,7,3,2827
46.5,5,7,4,2836
46.5,5,7,5,2845
46.5,5,7,6,2853
46.5,5,7,7,2862
46.5,5,7,8,2871
46.5,5,7,9,2880
46.5,5,7,10,2889
46.5,5,7,11,2897
46.5,5,7,12,2906
46.5,5,7,13,2915
46.5,5,7,14,2923
46.5,5,7,15,2932
46.5,5,8,0,2809
46.5,5,8,1,2818
46.5,5,8,2,2827
46.5,5,8,3,2836
46.5,5,8,4,2845
46.5,5,8,5,2854
46.5,5,8,6,2863
46.5,5,8,7,2871
46.5,5,8,8,2880
46.5,5,8,9,2889
46.5,5,8,10,2898
46.5,5,8,11,2907
46.5,5,8,12,2915
46.5,5,8,13,2924
46.5,5,8,14,2933
46.5,5,8,15,2942
46.5,5,9,0,2818
46.5,5,9,1,2827
46.5,5,9,2,2836
46.5,5,9,3,2845
46.5,5,9,4,2854
46.5,5,9,5,2863
46.5,5,9,6,2872
46.5,5,9,7,2881
46.5,5,9,8,2889
46.5,5,9,9,2898
46.5,5,9,10,2907
46.5,5,9,11,2916
46.5,5,9,12,2925
46.5,5,9,13,2933
46.5,5,9,14,2942
46.5,5,9,15,2951
46.5,5,10,0,2827
46.5,5,10,1,2836
46.5,5,10,2,2845
46.5,5,10,3,2854
46.5,5,10,4,2863
46.5,5,10,5,2872
46.5,5,10,6,2881
46.5,5,10,7,2890
46.5,5,10,8,2899
46.5,5,10,9,2907
46.5,5,10,10,2916
46.5,5,10,11,2925
46.5,5,10,12,2934
46.5,5,10,13,2943
46.5,5,10,14,2951
46.5,5,10,15,2960
46.5,5,11,0,2835
46.5,5,11,1,2845
46.5,5,11,2,2854
46.5,5,11,3,2863
46.5,5,11,4,2872
46.5,5,11,5,2881
46.5,5,11,6,2890
46.5,5,11,7,2899
46.5,5,11,8,2908
46.5,5,11,9,2917
46.5,5,11,10,2925
46.5,5,11,11,2934
46.5,5,11,12,2943
46.5,5,11,13,2952
46.5,5,11,14,2961
46.5,5,11,15,2969
46.5,5,12,0,2844
46.5,5,12,1,2853
46.5,5,12,2,2863
46.5,5,12,3,2872
46.5,5,12,4,2881
46.5,5,12,5,2890
46.5,5,12,6,2899
46.5,5,12,7,2908
46.5,5,12,8,2917
46.5,5,12,9,2926
46.5,5,12,10,2935
46.5,5,12,11,2943
46.5,5,12,12,2952
46.5,5,12,13,2961
46.5,5,12,14,2970
46.5,5,12,15,2979
46.5,5,13,0,2853
46.5,5,13,1,2862
46.5,5,13,2,2871
46.5,5,13,3,2881
46.5,5,13,4,2890
46.5,5,13,5,2899
46.5,5,13,6,2908
46.5,5,13,7,2917
46.5,5,13,8,2926
46.5,5,13,9,2935
46.5,5,13,10,2944
46.5,5,13,11,2953
46.5,5,13,12,2962
46.5,5,13,13,2970
46.5,5,13,14,2979
46.5,5,13,15,2988
46.5,5,14,0,2862
46.5,5,14,1,2871
46.5,5,14,2,2880
46.5,5,14,3,2889
46.5,5,14,4,2899
46.5,5,14,5,2908
46.5,5,14,6,2917
46.5,5,14,7,2926
46.5,5,14,8,2935
46.5,5,14,9,2944
46.5,5,14,10,2953
46.5,5,14,11,2962
46.5,5,14,12,2971
46.5,5,14,13,2980
46.5,5,14,14,2988
46.5,5,14,15,2997
46.5,5,15,0,2871
46.5,5,15,1,2880
46.5,5,15,2,2889
46.5,5,15,3,2898
46.5,5,15,4,2907
46.5,5,15,5,2917
46.5,5,15,6,2926
46.5,5,15,7,2935
46.5,5,15,8,2944
46.5,5,15,9,2953
46.5,5,15,10,2962
46.5,5,15,11,2971
46.5,5,15,12,2980
46.5,5,15,13,2989
46.5,5,15,14,2998
46.5,5,15,15,3006
46.5,6,0,0,2747
46.5,6,0,1,2755
46.5,6,0,2,2764
46.5,6,0,3,2773
46.5,6,0,4,2782
46.5,6,0,5,2790
46.5,6,0,6,2799
46.5,6,0,7,2808
46.5,6,0,8,2816
46.5,6,0,9,2825
46.5,6,0,10,2834
46.5,6,0,11,2842
46.5,6,0,12,2851
46.5,6,0,13,2859
46.5,6,0,14,2868
46.5,6,0,15,2876
46.5,6,1,0,2756
46.5,6,1,1,2765
46.5,6,1,2,2773
46.5,6,1,3,2782
46.5,6,1,4,2791
46.5,6,1,5,2800
46.5,6,1,6,2809
46.5,6,1,7,2817
46.5,6,1,8,2826
46.5,6,1,9,2835
46.5,6,1,10,2843
46.5,6,1,11,2852
46.5,6,1,12,2860
46.5,6,1,13,2869
46.5,6,1,14,2877
46.5,6,1,15,2886
46.5,6,2,0,2765
46.5,6,2,1,2774
46.5,6,2,2,2783
46.5,6,2,3,2792
46.5,6,2,4,2800
46.5,6,2,5,2809
46.5,6,2,6,2818
46.5,6,2,7,2827
46.5,6,2,8,2835
46.5,6,2,9,2844
46.5,6,2,10,2853
46.5,6,2,11,2861
46.5,6,2,12,2870
46.5,6,2,13,2879
46.5,6,2,14,2887
46.5,6,2,15,2896
46.5,6,3,0,2774
46.5,6,3,1,2783
46.5,6,3,2,2792
46.5,6,3,3,2801
46.5,6,3,4,2810
46.5,6,3,5,2818
46.5,6,3,6,2827
46.5,6,3,7,2836
46.5,6,3,8,2845
46.5,6,3,9,2853
46.5,6,3,10,2862
46.5,6,3,11,2871
46.5,6,3,12,2879
46.5,6,3,13,2888
46.5,6,3,14,2897
46.5,6,3,15,2905
46.5,6,4,0,2783
46.5,6,4,1,2792
46.5,6,4,2,2801
46.5,6,4,3,2810
46.5,6,4,4,2819
46.5,6,4,5,2828
46.5,6,4,6,2836
46.5,6,4,7,2845
46.5,6,4,8,2854
46.5,6,4,9,2863
46.5,6,4,10,2872
46.5,6,4,11,2880
46.5,6,4,12,2889
46.5,6,4,13,2898
46.5,6,4,14,2906
46.5,6,4,15,2915
46.5,6,5,0,2792
46.5,6,5,1,2801
46.5,6,5,2,2810
46.5,6,5,3,2819
46.5,6,5,4,2828
46.5,6,5,5,2837
46.5,6,5,6,2846
46.5,6,5,7,2855
46.5,6,5,8,2863
46.5,6,5,9,2872
46.5,6,5,10,2881
46.5,6,5,11,2890
46.5,6,5,12,2898
46.5,6,5,13,2907
46.5,6,5,14,2916
46.5,6,5,15,2924
46.5,6,6,0,2801
46.5,6,6,1,2810
46.5,6,6,2,2819
46.5,6,6,3,2828
46.5,6,6,4,2837
46.5,6,6,5,2846
46.5,6,6,6,2855
46.5,6,6,7,2864
46.5,6,6,8,2873
46.5,6,6,9,2881
46.5,6,6,10,2890
46.5,6,6,11,2899
46.5,6,6,12,2908
46.5,6,6,13,2916
46.5,6,6,14,2925
46.5,6,6,15,2934
46.5,6,7,0,2810
46.5,6,7,1,2819
46.5,6,7,2,2828
46.5,6,7,3,2837
46.5,6,7,4,2846
46.5,6,7,5,2855
46.5,6,7,6,2864
46.5,6,7,7,2873
46.5,6,7,8,2882
46.5,6,7,9,2891
46.5,6,7,10,2900
46.5,6,7,11,2908
46.5,6,7,12,2917
46.5,6,7,13,2926
46.5,6,7,14,2934
46.5,6,7,15,2943
46.5,6,8,0,2819
46.5,6,8,1,2828
46.5,6,8,2,2837
46.5,6,8,3,2846
46.5,6,8,4,2855
46.5,6,8,5,2864
46.5,6,8,6,2873
46.5,6,8,7,2882
46.5,6,8,8,2891
46.5,6,8,9,2900
46.5,6,8,10,2909
46.5,6,8,11,2918
46.5,6,8,12,2926
46.5,6,8,13,2935
46.5,6,8,14,2944
46.5,6,8,15,2953
46.5,6,9,0,2828
46.5,6,9,1,2837
46.5,6,9,2,2846
46.5,6,9,3,2855
46.5,6,9,4,2865
46.5,6,9,5,2874
46.5,6,9,6,2882
46.5,6,9,7,2891
46.5,6,9,8,2900
46.5,6,9,9,2909
46.5,6,9,10,2918
46.5,6,9,11,2927
46.5,6,9,12,2936
46.5,6,9,13,2944
46.5,6,9,14,2953
46.5,6,9,15,2962
46.5,6,10,0,2837
46.5,6,10,1,2846
46.5,6,10,2,2855
46.5,6,10,3,2865
46.5,6,10,4,2874
46.5,6,10,5,2883
46.5,6,10,6,2892
46.5,6,10,7,2901
46.5,6,10,8,2909
46.5,6,10,9,2918
46.5,6,10,10,2927
46.5,6,10,11,2936
46.5,6,10,12,2945
46.5,6,10,13,2954
46.5,6,10,14,2963
46.5,6,10,15,2971
46.5,6,11,0,2846
46.5,6,11,1,2855
46.5,6,11,2,2864
46.5,6,11,3,2874
46.5,6,11,4,2883
46.5,6,11,5,2892
46.5,6,11,6,2901
46.5,6,11,7,2910
46.5,6,11,8,2919
46.5,6,11,9,2928
46.5,6,11,10,2936
46.5,6,11,11,2945
46.5,6,11,12,2954
46.5,6,11,13,2963
46.5,6,11,14,2972
46.5,6,11,15,2981
46.5,6,12,0,2855
46.5,6,12,1,2864
46.5,6,12,2,2873
46.5,6,12,3,2882
46.5,6,12,4,2892
46.5,6,12,5,2901
46.5,6,12,6,2910
46.5,6,12,7,2919
46.5,6,12,8,2928
46.5,6,12,9,2937
46.5,6,12,10,2946
46.5,6,12,11,2955
46.5,6,12,12,2963
46.5,6,12,13,2972
46.5,6,12,14,2981
46.5,6,12,15,2990
46.5,6,13,0,2864
46.5,6,13,1,2873
46.5,6,13,2,2882
46.5,6,13,3,2891
46.5,6,13,4,2901
46.5,6,13,5,2910
46.5,6,13,6,2919
46.5,6,13,7,2928
46.5,6,13,8,2937
46.5,6,13,9,2946
46.5,6,13,10,2955
46.5,6,13,11,2964
46.5,6,13,12,2973
46.5,6,13,13,2982
46.5,6,13,14,2990
46.5,6,13,15,2999
46.5,6,14,0,2873
46.5,6,14,1,2882
46.5,6,14,2,2891
46.5,6,14,3,2900
46.5,6,14,4,2909
46.5,6,14,5,2919
46.5,6,14,6,2928
46.5,6,14,7,2937
46.5,6,14,8,2946
46.5,6,14,9,2955
46.5,6,14,10,2964
46.5,6,14,11,2973
46.5,6,14,12,2982
46.5,6,14,13,2991
46.5,6,14,14,3000
46.5,6,14,15,3008
46.5,6,15,0,2881
46.5,6,15,1,2891
46.5,6,15,2,2900
46.5,6,15,3,2909
46.5,6,15,4,2918
46.5,6,15,5,2928
46.5,6,15,6,2937
46.5,6,15,7,2946
46.5,6,15,8,2955
46.5,6,15,9,2964
46.5,6,15,10,2973
46.5,6,15,11,2982
46.5,6,15,12,2991
46.5,6,15,13,3000
46.5,6,15,14,3009
46.5,6,15,15,3018
46.5,7,0,0,2757
46.5,7,0,1,2766
46.5,7,0,2,2775
46.5,7,0,3,2783
46.5,7,0,4,2792
46.5,7,0,5,2801
46.5,7,0,6,2810
46.5,7,0,7,2818
46.5,7,0,8,2827
46.5,7,0,9,2836
46.5,7,0,10,2844
46.5,7,0,11,2853
46.5,7,0,12,2862
46.5,7,0,13,2870
46.5,7,0,14,2879
46.5,7,0,15,2887
46.5,7,1,0,2766
46.5,7,1,1,2775
46.5,7,1,2,2784
46.5,7,1,3,2793
46.5,7,1,4,2801
46.5,7,1,5,2810
46.5,7,1,6,2819
46.5,7,1,7,2828
46.5,7,1,8,2837
46.5,7,1,9,2845
46.5,7,1,10,2854
46.5,7,1,11,2863
46.5,7,1,12,2871
46.5,7,1,13,2880
46.5,7,1,14,2888
46.5,7,1,15,2897
46.5,7,2,0,2775
46.5,7,2,1,2784
46.5,7,2,2,2793
46.5,7,2,3,2802
46.5,7,2,4,2811
46.5,7,2,5,2820
46.5,7,2,6,2828
46.5,7,2,7,2837
46.5,7,2,8,2846
46.5,7,2,9,2855
46.5,7,2,10,2863
46.5,7,2,11,2872
46.5,7,2,12,2881
46.5,7,2,13,2889
46.5,7,2,14,2898
46.5,7,2,15,2906
46.5,7,3,0,2784
46.5,7,3,1,2793
46.5,7,3,2,2802
46.5,7,3,3,2811
46.5,7,3,4,2820
46.5,7,3,5,2829
46.5,7,3,6,2838
46.5,7,3,7,2847
46.5,7,3,8,2855
46.5,7,3,9,2864
46.5,7,3,10,2873
46.5,7,3,11,2882
46.5,7,3,12,2890
46.5,7,3,13,2899
46.5,7,3,14,2907
46.5,7,3,15,2916
46.5,7,4,0,2794
46.5,7,4,1,2803
46.5,7,4,2,2812
46.5,7,4,3,2820
46.5,7,4,4,2829
46.5,7,4,5,2838
46.5,7,4,6,2847
46.5,7,4,7,2856
46.5,7,4,8,2865
46.5,7,4,9,2874
46.5,7,4,10,2882
46.5,7,4,11,2891
46.5,7,4,12,2900
46.5,7,4,13,2908
46.5,7,4,14,2917
46.5,7,4,15,2926
46.5,7,5,0,2803
46.5,7,5,1,2812
46.5,7,5,2,2821
46.5,7,5,3,2830
46.5,7,5,4,2839
46.5,7,5,5,2848
46.5,7,5,6,2856
46.5,7,5,7,2865
46.5,7,5,8,2874
46.5,7,5,9,2883
46.5,7,5,10,2892
46.5,7,5,11,2900
46.5,7,5,12,2909
46.5,7,5,13,2918
46.5,7,5,14,2927
46.5,7,5,15,2935
46.5,7,6,0,2812
46.5,7,6,1,2821
46.5,7,6,2,2830
46.5,7,6,3,2839
46.5,7,6,4,2848
46.5,7,6,5,2857
46.5,7,6,6,2866
46.5,7,6,7,2875
46.5,7,6,8,2883
46.5,7,6,9,2892
46.5,7,6,10,2901
46.5,7,6,11,2910
46.5,7,6,12,2919
46.5,7,6,13,2927
46.5,7,6,14,2936
46.5,7,6,15,2945
46.5,7,7,0,2821
46.5,7,7,1,2830
46.5,7,7,2,2839
46.5,7,7,3,2848
46.5,7,7,4,2857
46.5,7,7,5,2866
46.5,7,7,6,2875
46.5,7,7,7,2884
46.5,7,7,8,2893
46.5,7,7,9,2902
46.5,7,7,10,2910
46.5,7,7,11,2919
46.5,7,7,12,2928
46.5,7,7,13,2937
46.5,7,7,14,2945
46.5,7,7,15,2954
46.5,7,8,0,2830
46.5,7,8,1,2839
46.5,7,8,2,2848
46.5,7,8,3,2857
46.5,7,8,4,2866
46.5,7,8,5,2875
46.5,7,8,6,2884
46.5,7,8,7,2893
46.5,7,8,8,2902
46.5,7,8,9,2911
46.5,7,8,10,2920
46.5,7,8,11,2929
46.5,7,8,12,2937
46.5,7,8,13,2946
46.5,7,8,14,2955
46.5,7,8,15,2964
46.5,7,9,0,2839
46.5,7,9,1,2848
46.5,7,9,2,2857
46.5,7,9,3,2866
46.5,7,9,4,2875
46.5,7,9,5,2884
46.5,7,9,6,2893
46.5,7,9,7,2902
46.5,7,9,8,2911
46.5,7,9,9,2920
46.5,7,9,10,2929
46.5,7,9,11,2938
46.5,7,9,12,2947
46.5,7,9,13,2956
46.5,7,9,14,2964
46.5,7,9,15,2973
46.5,7,10,0,2848
46.5,7,10,1,2857
46.5,7,10,2,2866
46.5,7,10,3,2875
46.5,7,10,4,2884
46.5,7,10,5,2893
46.5,7,10,6,2902
46.5,7,10,7,2911
46.5,7,10,8,2920
46.5,7,10,9,2929
46.5,7,10,10,2938
46.5,7,10,11,2947
46.5,7,10,12,2956
46.5,7,10,13,2965
46.5,7,10,14,2974
46.5,7,10,15,2982
46.5,7,11,0,2857
46.5,7,11,1,2866
46.5,7,11,2,2875
46.5,7,11,3,2884
46.5,7,11,4,2893
46.5,7,11,5,2902
46.5,7,11,6,2912
46.5,7,11,7,2921
46.5,7,11,8,2930
46.5,7,11,9,2939
46.5,7,11,10,2947
46.5,7,11,11,2956
46.5,7,11,12,2965
46.5,7,11,13,2974
46.5,7,11,14,2983
46.5,7,11,15,2992
46.5,7,12,0,2866
46.5,7,12,1,2875
46.5,7,12,2,2884
46.5,7,12,3,2893
46.5,7,12,4,2902
46.5,7,12,5,2912
46.5,7,12,6,2921
46.5,7,12,7,2930
46.5,7,12,8,2939
46.5,7,12,9,2948
46.5,7,12,10,2957
46.5,7,12,11,2966
46.5,7,12,12,2975
46.5,7,12,13,2983
46.5,7,12,14,2992
46.5,7,12,15,3001
46.5,7,13,0,2875
46.5,7,13,1,2884
46.5,7,13,2,2893
46.5,7,13,3,2902
46.5,7,13,4,2911
46.5,7,13,5,2921
46.5,7,13,6,2930
46.5,7,13,7,2939
46.5,7,13,8,2948
46.5,7,13,9,2957
46.5,7,13,10,2966
46.5,7,13,11,2975
46.5,7,13,12,2984
46.5,7,13,13,2993
46.5,7,13,14,3002
46.5,7,13,15,3010
46.5,7,14,0,2883
46.5,7,14,1,2893
46.5,7,14,2,2902
46.5,7,14,3,2911
46.5,7,14,4,2920
46.5,7,14,5,2930
46.5,7,14,6,2939
46.5,7,14,7,2948
46.5,7,14,8,2957
46.5,7,14,9,2966
46.5,7,14,10,2975
46.5,7,14,11,2984
46.5,7,14,12,2993
46.5,7,14,13,3002
46.5,7,14,14,3011
46.5,7,14,15,3020
46.5,7,15,0,2892
46.5,7,15,1,2902
46.5,7,15,2,2911
46.5,7,15,3,2920
46.5,7,15,4,2929
46.5,7,15,5,2939
46.5,7,15,6,2948
46.5,7,15,7,2957
46.5,7,15,8,2966
46.5,7,15,9,2975
46.5,7,15,10,2984
46.5,7,15,11,2993
46.5,7,15,12,3002
46.5,7,15,13,3011
46.5,7,15,14,3020
46.5,7,15,15,3029
46.5,8,0,0,2767
46.5,8,0,1,2776
46.5,8,0,2,2785
46.5,8,0,3,2794
46.5,8,0,4,2803
46.5,8,0,5,2811
46.5,8,0,6,2820
46.5,8,0,7,2829
46.5,8,0,8,2838
46.5,8,0,9,2846
46.5,8,0,10,2855
46.5,8,0,11,2864
46.5,8,0,12,2872
46.5,8,0,13,2881
46.5,8,0,14,2889
46.5,8,0,15,2898
46.5,8,1,0,2776
46.5,8,1,1,2785
46.5,8,1,2,2794
46.5,8,1,3,2803
46.5,8,1,4,2812
46.5,8,1,5,2821
46.5,8,1,6,2830
46.5,8,1,7,2838
46.5,8,1,8,2847
46.5,8,1,9,2856
46.5,8,1,10,2865
46.5,8,1,11,2873
46.5,8,1,12,2882
46.5,8,1,13,2890
46.5,8,1,14,2899
46.5,8,1,15,2908
46.5,8,2,0,2786
46.5,8,2,1,2795
46.5,8,2,2,2804
46.5,8,2,3,2812
46.5,8,2,4,2821
46.5,8,2,5,2830
46.5,8,2,6,2839
46.5,8,2,7,2848
46.5,8,2,8,2857
46.5,8,2,9,2865
46.5,8,2,10,2874
46.5,8,2,11,2883
46.5,8,2,12,2891
46.5,8,2,13,2900
46.5,8,2,14,2909
46.5,8,2,15,2917
46.5,8,3,0,2795
46.5,8,3,1,2804
46.5,8,3,2,2813
46.5,8,3,3,2822
46.5,8,3,4,2831
46.5,8,3,5,2840
46.5,8,3,6,2848
46.5,8,3,7,2857
46.5,8,3,8,2866
46.5,8,3,9,2875
46.5,8,3,10,2884
46.5,8,3,11,2892
46.5,8,3,12,2901
46.5,8,3,13,2910
46.5,8,3,14,2918
46.5,8,3,15,2927
46.5,8,4,0,2804
46.5,8,4,1,2813
46.5,8,4,2,2822
46.5,8,4,3,2831
46.5,8,4,4,2840
46.5,8,4,5,2849
46.5,8,4,6,2858
46.5,8,4,7,2867
46.5,8,4,8,2875
46.5,8,4,9,2884
46.5,8,4,10,2893
46.5,8,4,11,2902
46.5,8,4,12,2911
46.5,8,4,13,2919
46.5,8,4,14,2928
46.5,8,4,15,2937
46.5,8,5,0,2813
46.5,8,5,1,2822
46.5,8,5,2,2831
46.5,8,5,3,2840
46.5,8,5,4,2849
46.5,8,5,5,2858
46.5,8,5,6,2867
46.5,8,5,7,2876
46.5,8,5,8,2885
46.5,8,5,9,2894
46.5,8,5,10,2902
46.5,8,5,11,2911
46.5,8,5,12,2920
46.5,8,5,13,2929
46.5,8,5,14,2937
46.5,8,5,15,2946
46.5,8,6,0,2822
46.5,8,6,1,2831
46.5,8,6,2,2840
46.5,8,6,3,2849
46.5,8,6,4,2858
46.5,8,6,5,2867
46.5,8,6,6,2876
46.5,8,6,7,2885
46.5,8,6,8,2894
46.5,8,6,9,2903
46.5,8,6,10,2912
46.5,8,6,11,2921
46.5,8,6,12,2929
46.5,8,6,13,2938
46.5,8,6,14,2947
46.5,8,6,15,2956
46.5,8,7,0,2831
46.5,8,7,1,2840
46.5,8,7,2,2850
46.5,8,7,3,2859
46.5,8,7,4,2868
46.5,8,7,5,2877
46.5,8,7,6,2886
46.5,8,7,7,2895
46.5,8,7,8,2904
46.5,8,7,9,2912
46.5,8,7,10,2921
46.5,8,7,11,2930
46.5,8,7,12,2939
46.5,8,7,13,2948
46.5,8,7,14,2956
46.5,8,7,15,2965
46.5,8,8,0,2840
46.5,8,8,1,2850
46.5,8,8,2,2859
46.5,8,8,3,2868
46.5,8,8,4,2877
46.5,8,8,5,2886
46.5,8,8,6,2895
46.5,8,8,7,2904
46.5,8,8,8,2913
46.5,8,8,9,2922
46.5,8,8,10,2931
46.5,8,8,11,2939
46.5,8,8,12,2948
46.5,8,8,13,2957
46.5,8,8,14,2966
46.5,8,8,15,2975
46.5,8,9,0,2849
46.5,8,9,1,2859
46.5,8,9,2,2868
46.5,8,9,3,2877
46.5,8,9,4,2886
46.5,8,9,5,2895
46.5,8,9,6,2904
46.5,8,9,7,2913
46.5,8,9,8,2922
46.5,8,9,9,2931
46.5,8,9,10,2940
46.5,8,9,11,2949
46.5,8,9,12,2958
46.5,8,9,13,2967
46.5,8,9,14,2975
46.5,8,9,15,2984
46.5,8,10,0,2858
46.5,8,10,1,2868
46.5,8,10,2,2877
46.5,8,10,3,2886
46.5,8,10,4,2895
46.5,8,10,5,2904
46.5,8,10,6,2913
46.5,8,10,7,2922
46.5,8,10,8,2931
46.5,8,10,9,2940
46.5,8,10,10,2949
46.5,8,10,11,2958
46.5,8,10,12,2967
46.5,8,10,13,2976
46.5,8,10,14,2985
46.5,8,10,15,2994
46.5,8,11,0,2867
46.5,8,11,1,2877
46.5,8,11,2,2886
46.5,8,11,3,2895
46.5,8,11,4,2904
46.5,8,11,5,2913
46.5,8,11,6,2922
46.5,8,11,7,2931
46.5,8,11,8,2940
46.5,8,11,9,2950
46.5,8,11,10,2958
46.5,8,11,11,2967
46.5,8,11,12,2976
46.5,8,11,13,2985
46.5,8,11,14,2994
46.5,8,11,15,3003
46.5,8,12,0,2876
46.5,8,12,1,2886
46.5,8,12,2,2895
46.5,8,12,3,2904
46.5,8,12,4,2913
46.5,8,12,5,2922
46.5,8,12,6,2932
46.5,8,12,7,2941
46.5,8,12,8,2950
46.5,8,12,9,2959
46.5,8,12,10,2968
46.5,8,12,11,2977
46.5,8,12,12,2986
46.5,8,12,13,2995
46.5,8,12,14,3003
46.5,8,12,15,3012
46.5,8,13,0,2885
46.5,8,13,1,2895
46.5,8,13,2,2904
46.5,8,13,3,2913
46.5,8,13,4,2922
46.5,8,13,5,2931
46.5,8,13,6,2941
46.5,8,13,7,2950
46.5,8,13,8,2959
46.5,8,13,9,2968
46.5,8,13,10,2977
46.5,8,13,11,2986
46.5,8,13,12,2995
46.5,8,13,13,3004
46.5,8,13,14,3013
46.5,8,13,15,3022
46.5,8,14,0,2894
46.5,8,14,1,2904
46.5,8,14,2,2913
46.5,8,14,3,2922
46.5,8,14,4,2931
46.5,8,14,5,2940
46.5,8,14,6,2950
46.5,8,14,7,2959
46.5,8,14,8,2968
46.5,8,14,9,2977
46.5,8,14,10,2986
46.5,8,14,11,2995
46.5,8,14,12,3004
46.5,8,14,13,3013
46.5,8,14,14,3022
46.5,8,14,15,3031
46.5,8,15,0,2903
46.5,8,15,1,2912
46.5,8,15,2,2922
46.5,8,15,3,2931
46.5,8,15,4,2940
46.5,8,15,5,2950
46.5,8,15,6,2959
46.5,8,15,7,2968
46.5,8,15,8,2977
46.5,8,15,9,2986
46.5,8,15,10,2995
46.5,8,15,11,3004
46.5,8,15,12,3013
46.5,8,15,13,3022
46.5,8,15,14,3031
46.5,8,15,15,3040
46.5,9,0,0,2777
46.5,9,0,1,2786
46.5,9,0,2,2795
46.5,9,0,3,2804
46.5,9,0,4,2813
46.5,9,0,5,2822
46.5,9,0,6,2831
46.5,9,0,7,2839
46.5,9,0,8,2848
46.5,9,0,9,2857
46.5,9,0,10,2866
46.5,9,0,11,2874
46.5,9,0,12,2883
46.5,9,0,13,2892
46.5,9,0,14,2900
46.5,9,0,15,2909
46.5,9,1,0,2787
46.5,9,1,1,2796
46.5,9,1,2,2805
46.5,9,1,3,2814
46.5,9,1,4,2822
46.5,9,1,5,2831
46.5,9,1,6,2840
46.5,9,1,7,2849
46.5,9,1,8,2858
46.5,9,1,9,2866
46.5,9,1,10,2875
46.5,9,1,11,2884
46.5,9,1,12,2893
46.5,9,1,13,2901
46.5,9,1,14,2910
46.5,9,1,15,2918
46.5,9,2,0,2796
46.5,9,2,1,2805
46.5,9,2,2,2814
46.5,9,2,3,2823
46.5,9,2,4,2832
46.5,9,2,5,2841
46.5,9,2,6,2850
46.5,9,2,7,2858
46.5,9,2,8,2867
46.5,9,2,9,2876
46.5,9,2,10,2885
46.5,9,2,11,2893
46.5,9,2,12,2902
46.5,9,2,13,2911
46.5,9,2,14,2920
46.5,9,2,15,2928
46.5,9,3,0,2805
46.5,9,3,1,2814
46.5,9,3,2,2823
46.5,9,3,3,2832
46.5,9,3,4,2841
46.5,9,3,5,2850
46.5,9,3,6,2859
46.5,9,3,7,2868
46.5,9,3,8,2877
46.5,9,3,9,2885
46.5,9,3,10,2894
46.5,9,3,11,2903
46.5,9,3,12,2912
46.5,9,3,13,2920
46.5,9,3,14,2929
46.5,9,3,15,2938
46.5,9,4,0,2814
46.5,9,4,1,2823
46.5,9,4,2,2833
46.5,9,4,3,2842
46.5,9,4,4,2850
46.5,9,4,5,2859
46.5,9,4,6,2868
46.5,9,4,7,2877
46.5,9,4,8,2886
46.5,9,4,9,2895
46.5,9,4,10,2904
46.5,9,4,11,2913
46.5,9,4,12,2921
46.5,9,4,13,2930
46.5,9,4,14,2939
46.5,9,4,15,2947
46.5,9,5,0,2824
46.5,9,5,1,2833
46.5,9,5,2,2842
46.5,9,5,3,2851
46.5,9,5,4,2860
46.5,9,5,5,2869
46.5,9,5,6,2878
46.5,9,5,7,2887
46.5,9,5,8,2896
46.5,9,5,9,2904
46.5,9,5,10,2913
46.5,9,5,11,2922
46.5,9,5,12,2931
46.5,9,5,13,2940
46.5,9,5,14,2948
46.5,9,5,15,2957
46.5,9,6,0,2833
46.5,9,6,1,2842
46.5,9,6,2,2851
46.5,9,6,3,2860
46.5,9,6,4,2869
46.5,9,6,5,2878
46.5,9,6,6,2887
46.5,9,6,7,2896
46.5,9,6,8,2905
46.5,9,6,9,2914
46.5,9,6,10,2923
46.5,9,6,11,2932
46.5,9,6,12,2940
46.5,9,6,13,2949
46.5,9,6,14,2958
46.5,9,6,15,2967
46.5,9,7,0,2842
46.5,9,7,1,2851
46.5,9,7,2,2860
46.5,9,7,3,2869
46.5,9,7,4,2878
46.5,9,7,5,2887
46.5,9,7,6,2896
46.5,9,7,7,2905
46.5,9,7,8,2914
46.5,9,7,9,2923
46.5,9,7,10,2932
46.5,9,7,11,2941
46.5,9,7,12,2950
46.5,9,7,13,2959
46.5,9,7,14,2967
46.5,9,7,15,2976
46.5,9,8,0,2851
46.5,9,8,1,2860
46.5,9,8,2,2869
46.5,9,8,3,2878
46.5,9,8,4,2888
46.5,9,8,5,2897
46.5,9,8,6,2906
46.5,9,8,7,2915
46.5,9,8,8,2924
46.5,9,8,9,2933
46.5,9,8,10,2942
46.5,9,8,11,2950
46.5,9,8,12,2959
46.5,9,8,13,2968
46.5,9,8,14,2977
46.5,9,8,15,2986
46.5,9,9,0,2860
46.5,9,9,1,2869
46.5,9,9,2,2878
46.5,9,9,3,2888
46.5,9,9,4,2897
46.5,9,9,5,2906
46.5,9,9,6,2915
46.5,9,9,7,2924
46.5,9,9,8,2933
46.5,9,9,9,2942
46.5,9,9,10,2951
46.5,9,9,11,2960
46.5,9,9,12,2969
46.5,9,9,13,2978
46.5,9,9,14,2986
46.5,9,9,15,2995
46.5,9,10,0,2869
46.5,9,10,1,2878
46.5,9,10,2,2888
46.5,9,10,3,2897
46.5,9,10,4,2906
46.5,9,10,5,2915
46.5,9,10,6,2924
46.5,9,10,7,2933
46.5,9,10,8,2942
46.5,9,10,9,2951
46.5,9,10,10,2960
46.5,9,10,11,2969
46.5,9,10,12,2978
46.5,9,10,13,2987
46.5,9,10,14,2996
46.5,9,10,15,3005
46.5,9,11,0,2878
46.5,9,11,1,2887
46.5,9,11,2,2897
46.5,9,11,3,2906
46.5,9,11,4,2915
46.5,9,11,5,2924
46.5,9,11,6,2933
46.5,9,11,7,2942
46.5,9,11,8,2951
46.5,9,11,9,2960
46.5,9,11,10,2969
46.5,9,11,11,2978
46.5,9,11,12,2987
46.5,9,11,13,2996
46.5,9,11,14,3005
46.5,9,11,15,3014
46.5,9,12,0,2887
46.5,9,12,1,2896
46.5,9,12,2,2906
46.5,9,12,3,2915
46.5,9,12,4,2924
46.5,9,12,5,2933
46.5,9,12,6,2942
46.5,9,12,7,2952
46.5,9,12,8,2961
46.5,9,12,9,2970
46.5,9,12,10,2979
46.5,9,12,11,2988
46.5,9,12,12,2997
46.5,9,12,13,3006
46.5,9,12,14,3015
46.5,9,12,15,3024
46.5,9,13,0,2896
46.5,9,13,1,2905
46.5,9,13,2,2915
46.5,9,13,3,2924
46.5,9,13,4,2933
46.5,9,13,5,2942
46.5,9,13,6,2952
46.5,9,13,7,2961
46.5,9,13,8,2970
46.5,9,13,9,2979
46.5,9,13,10,2988
46.5,9,13,11,2997
46.5,9,13,12,3006
46.5,9,13,13,3015
46.5,9,13,14,3024
46.5,9,13,15,3033
46.5,9,14,0,2905
46.5,9,14,1,2914
46.5,9,14,2,2924
46.5,9,14,3,2933
46.5,9,14,4,2942
46.5,9,14,5,2951
46.5,9,14,6,2961
46.5,9,14,7,2970
46.5,9,14,8,2979
46.5,9,14,9,2988
46.5,9,14,10,2997
46.5,9,14,11,3006
46.5,9,14,12,3015
46.5,9,14,13,3024
46.5,9,14,14,3033
46.5,9,14,15,3042
46.5,9,15,0,2914
46.5,9,15,1,2923
46.5,9,15,2,2933
46.5,9,15,3,2942
46.5,9,15,4,2951
46.5,9,15,5,2960
46.5,9,15,6,2970
46.5,9,15,7,2979
46.5,9,15,8,2988
46.5,9,15,9,2997
46.5,9,15,10,3006
46.5,9,15,11,3015
46.5,9,15,12,3025
46.5,9,15,13,3034
46.5,9,15,14,3043
46.5,9,15,15,3052
46.5,10,0,0,2788
46.5,10,0,1,2797
46.5,10,0,2,2806
46.5,10,0,3,2815
46.5,10,0,4,2823
46.5,10,0,5,2832
46.5,10,0,6,2841
46.5,10,0,7,2850
46.5,10,0,8,2859
46.5,10,0,9,2867
46.5,10,0,10,2876
46.5,10,0,11,2885
46.5,10,0,12,2894
46.5,10,0,13,2902
46.5,10,0,14,2911
46.5,10,0,15,2919
46.5,10,1,0,2797
46.5,10,1,1,2806
46.5,10,1,2,2815
46.5,10,1,3,2824
46.5,10,1,4,2833
46.5,10,1,5,2842
46.5,10,1,6,2851
46.5,10,1,7,2859
46.5,10,1,8,2868
46.5,10,1,9,2877
46.5,10,1,10,2886
46.5,10,1,11,2895
46.5,10,1,12,2903
46.5,10,1,13,2912
46.5,10,1,14,2921
46.5,10,1,15,2929
46.5,10,2,0,2806
46.5,10,2,1,2815
46.5,10,2,2,2824
46.5,10,2,3,2833
46.5,10,2,4,2842
46.5,10,2,5,2851
46.5,10,2,6,2860
46.5,10,2,7,2869
46.5,10,2,8,2878
46.5,10,2,9,2887
46.5,10,2,10,2895
46.5,10,2,11,2904
46.5,10,2,12,2913
46.5,10,2,13,2922
46.5,10,2,14,2930
46.5,10,2,15,2939
46.5,10,3,0,2816
46.5,10,3,1,2825
46.5,10,3,2,2834
46.5,10,3,3,2843
46.5,10,3,4,2852
46.5,10,3,5,2861
46.5,10,3,6,2870
46.5,10,3,7,2878
46.5,10,3,8,2887
46.5,10,3,9,2896
46.5,10,3,10,2905
46.5,10,3,11,2914
46.5,10,3,12,2923
46.5,10,3,13,2931
46.5,10,3,14,2940
46.5,10,3,15,2949
46.5,10,4,0,2825
46.5,10,4,1,2834
46.5,10,4,2,2843
46.5,10,4,3,2852
46.5,10,4,4,2861
46.5,10,4,5,2870
46.5,10,4,6,2879
46.5,10,4,7,2888
46.5,10,4,8,2897
46.5,10,4,9,2906
46.5,10,4,10,2915
46.5,10,4,11,2923
46.5,10,4,12,2932
46.5,10,4,13,2941
46.5,10,4,14,2950
46.5,10,4,15,2958
46.5,10,5,0,2834
46.5,10,5,1,2843
46.5,10,5,2,2852
46.5,10,5,3,2861
46.5,10,5,4,2870
46.5,10,5,5,2879
46.5,10,5,6,2888
46.5,10,5,7,2897
46.5,10,5,8,2906
46.5,10,5,9,2915
46.5,10,5,10,2924
46.5,10,5,11,2933
46.5,10,5,12,2942
46.5,10,5,13,2951
46.5,10,5,14,2959
46.5,10,5,15,2968
46.5,10,6,0,2843
46.5,10,6,1,2852
46.5,10,6,2,2862
46.5,10,6,3,2871
46.5,10,6,4,2880
46.5,10,6,5,2889
46.5,10,6,6,2898
46.5,10,6,7,2907
46.5,10,6,8,2916
46.5,10,6,9,2925
46.5,10,6,10,2934
46.5,10,6,11,2942
46.5,10,6,12,2951
46.5,10,6,13,2960
46.5,10,6,14,2969
46.5,10,6,15,2978
46.5,10,7,0,2852
46.5,10,7,1,2862
46.5,10,7,2,2871
46.5,10,7,3,2880
46.5,10,7,4,2889
46.5,10,7,5,2898
46.5,10,7,6,2907
46.5,10,7,7,2916
46.5,10,7,8,2925
46.5,10,7,9,2934
46.5,10,7,10,2943
46.5,10,7,11,2952
46.5,10,7,12,2961
46.5,10,7,13,2970
46.5,10,7,14,2978
46.5,10,7,15,2987
46.5,10,8,0,2862
46.5,10,8,1,2871
46.5,10,8,2,2880
46.5,10,8,3,2889
46.5,10,8,4,2898
46.5,10,8,5,2907
46.5,10,8,6,2916
46.5,10,8,7,2925
46.5,10,8,8,2934
46.5,10,8,9,2943
46.5,10,8,10,2952
46.5,10,8,11,2961
46.5,10,8,12,2970
46.5,10,8,13,2979
46.5,10,8,14,2988
46.5,10,8,15,2997
46.5,10,9,0,2871
46.5,10,9,1,2880
46.5,10,9,2,2889
46.5,10,9,3,2898
46.5,10,9,4,2907
46.5,10,9,5,2917
46.5,10,9,6,2926
46.5,10,9,7,2935
46.5,10,9,8,2944
46.5,10,9,9,2953
46.5,10,9,10,2962
46.5,10,9,11,2971
46.5,10,9,12,2980
46.5,10,9,13,2989
46.5,10,9,14,2997
46.5,10,9,15,3006
46.5,10,10,0,2880
46.5,10,10,1,2889
46.5,10,10,2,2898
46.5,10,10,3,2907
46.5,10,10,4,2917
46.5,10,10,5,2926
46.5,10,10,6,2935
46.5,10,10,7,2944
46.5,10,10,8,2953
46.5,10,10,9,2962
46.5,10,10,10,2971
46.5,10,10,11,2980
46.5,10,10,12,2989
46.5,10,10,13,2998
46.5,10,10,14,3007
46.5,10,10,15,3016
46.5,10,11,0,2889
46.5,10,11,1,2898
46.5,10,11,2,2907
46.5,10,11,3,2917
46.5,10,11,4,2926
46.5,10,11,5,2935
46.5,10,11,6,2944
46.5,10,11,7,2953
46.5,10,11,8,2962
46.5,10,11,9,2971
46.5,10,11,10,2980
46.5,10,11,11,2990
46.5,10,11,12,2998
46.5,10,11,13,3007
46.5,10,11,14,3016
46.5,10,11,15,3025
46.5,10,12,0,2898
46.5,10,12,1,2907
46.5,10,12,2,2916
46.5,10,12,3,2926
46.5,10,12,4,2935
46.5,10,12,5,2944
46.5,10,12,6,2953
46.5,10,12,7,2962
46.5,10,12,8,2972
46.5,10,12,9,2981
46.5,10,12,10,2990
46.5,10,12,11,2999
46.5,10,12,12,3008
46.5,10,12,13,3017
46.5,10,12,14,3026
46.5,10,12,15,3035
46.5,10,13,0,2907
46.5,10,13,1,2916
46.5,10,13,2,2925
46.5,10,13,3,2935
46.5,10,13,4,2944
46.5,10,13,5,2953
46.5,10,13,6,2962
46.5,10,13,7,2972
46.5,10,13,8,2981
46.5,10,13,9,2990
46.5,10,13,10,2999
46.5,10,13,11,3008
46.5,10,13,12,3017
46.5,10,13,13,3026
46.5,10,13,14,3035
46.5,10,13,15,3044
46.5,10,14,0,2916
46.5,10,14,1,2925
46.5,10,14,2,2934
46.5,10,14,3,2944
46.5,10,14,4,2953
46.5,10,14,5,2962
46.5,10,14,6,2972
46.5,10,14,7,2981
46.5,10,14,8,2990
46.5,10,14,9,2999
46.5,10,14,10,3008
46.5,10,14,11,3017
46.5,10,14,12,3026
46.5,10,14,13,3036
46.5,10,14,14,3045
46.5,10,14,15,3054
46.5,10,15,0,2925
46.5,10,15,1,2934
46.5,10,15,2,2943
46.5,10,15,3,2953
46.5,10,15,4,2962
46.5,10,15,5,2971
46.5,10,15,6,2981
46.5,10,15,7,2990
46.5,10,15,8,2999
46.5,10,15,9,3008
46.5,10,15,10,3018
46.5,10,15,11,3027
46.5,10,15,12,3036
46.5,10,15,13,3045
46.5,10,15,14,3054
46.5,10,15,15,3063
46.5,11,0,0,2798
46.5,11,0,1,2807
46.5,11,0,2,2816
46.5,11,0,3,2825
46.5,11,0,4,2834
46.5,11,0,5,2843
46.5,11,0,6,2852
46.5,11,0,7,2860
46.5,11,0,8,2869
46.5,11,0,9,2878
46.5,11,0,10,2887
46.5,11,0,11,2896
46.5,11,0,12,2904
46.5,11,0,13,2913
46.5,11,0,14,2922
46.5,11,0,15,2930
46.5,11,1,0,2807
46.5,11,1,1,2816
46.5,11,1,2,2825
46.5,11,1,3,2834
46.5,11,1,4,2843
46.5,11,1,5,2852
46.5,11,1,6,2861
46.5,11,1,7,2870
46.5,11,1,8,2879
46.5,11,1,9,2888
46.5,11,1,10,2896
46.5,11,1,11,2905
46.5,11,1,12,2914
46.5,11,1,13,2923
46.5,11,1,14,2931
46.5,11,1,15,2940
46.5,11,2,0,2817
46.5,11,2,1,2826
46.5,11,2,2,2835
46.5,11,2,3,2844
46.5,11,2,4,2853
46.5,11,2,5,2862
46.5,11,2,6,2871
46.5,11,2,7,2880
46.5,11,2,8,2888
46.5,11,2,9,2897
46.5,11,2,10,2906
46.5,11,2,11,2915
46.5,11,2,12,2924
46.5,11,2,13,2932
46.5,11,2,14,2941
46.5,11,2,15,2950
46.5,11,3,0,2826
46.5,11,3,1,2835
46.5,11,3,2,2844
46.5,11,3,3,2853
46.5,11,3,4,2862
46.5,11,3,5,2871
46.5,11,3,6,2880
46.5,11,3,7,2889
46.5,11,3,8,2898
46.5,11,3,9,2907
46.5,11,3,10,2916
46.5,11,3,11,2925
46.5,11,3,12,2933
46.5,11,3,13,2942
46.5,11,3,14,2951
46.5,11,3,15,2960
46.5,11,4,0,2835
46.5,11,4,1,2844
46.5,11,4,2,2853
46.5,11,4,3,2863
46.5,11,4,4,2872
46.5,11,4,5,2881
46.5,11,4,6,2890
46.5,11,4,7,2899
46.5,11,4,8,2908
46.5,11,4,9,2916
46.5,11,4,10,2925
46.5,11,4,11,2934
46.5,11,4,12,2943
46.5,11,4,13,2952
46.5,11,4,14,2961
46.5,11,4,15,2969
46.5,11,5,0,2845
46.5,11,5,1,2854
46.5,11,5,2,2863
46.5,11,5,3,2872
46.5,11,5,4,2881
46.5,11,5,5,2890
46.5,11,5,6,2899
46.5,11,5,7,2908
46.5,11,5,8,2917
46.5,11,5,9,2926
46.5,11,5,10,2935
46.5,11,5,11,2944
46.5,11,5,12,2953
46.5,11,5,13,2961
46.5,11,5,14,2970
46.5,11,5,15,2979
46.5,11,6,0,2854
46.5,11,6,1,2863
46.5,11,6,2,2872
46.5,11,6,3,2881
46.5,11,6,4,2890
46.5,11,6,5,2899
46.5,11,6,6,2908
46.5,11,6,7,2917
46.5,11,6,8,2926
46.5,11,6,9,2935
46.5,11,6,10,2944
46.5,11,6,11,2953
46.5,11,6,12,2962
46.5,11,6,13,2971
46.5,11,6,14,2980
46.5,11,6,15,2989
46.5,11,7,0,2863
46.5,11,7,1,2872
46.5,11,7,2,2881
46.5,11,7,3,2891
46.5,11,7,4,2900
46.5,11,7,5,2909
46.5,11,7,6,2918
46.5,11,7,7,2927
46.5,11,7,8,2936
46.5,11,7,9,2945
46.5,11,7,10,2954
46.5,11,7,11,2963
46.5,11,7,12,2972
46.5,11,7,13,2981
46.5,11,7,14,2989
46.5,11,7,15,2998
46.5,11,8,0,2872
46.5,11,8,1,2881
46.5,11,8,2,2891
46.5,11,8,3,2900
46.5,11,8,4,2909
46.5,11,8,5,2918
46.5,11,8,6,2927
46.5,11,8,7,2936
46.5,11,8,8,2945
46.5,11,8,9,2954
46.5,11,8,10,2963
46.5,11,8,11,2972
46.5,11,8,12,2981
46.5,11,8,13,2990
46.5,11,8,14,2999
46.5,11,8,15,3008
46.5,11,9,0,2881
46.5,11,9,1,2891
46.5,11,9,2,2900
46.5,11,9,3,2909
46.5,11,9,4,2918
46.5,11,9,5,2927
46.5,11,9,6,2936
46.5,11,9,7,2946
46.5,11,9,8,2955
46.5,11,9,9,2964
46.5,11,9,10,2973
46.5,11,9,11,2982
46.5,11,9,12,2991
46.5,11,9,13,3000
46.5,11,9,14,3009
46.5,11,9,15,3017
46.5,11,10,0,2890
46.5,11,10,1,2900
46.5,11,10,2,2909
46.5,11,10,3,2918
46.5,11,10,4,2927
46.5,11,10,5,2937
46.5,11,10,6,2946
46.5,11,10,7,2955
46.5,11,10,8,2964
46.5,11,10,9,2973
46.5,11,10,10,2982
46.5,11,10,11,2991
46.5,11,10,12,3000
46.5,11,10,13,3009
46.5,11,10,14,3018
46.5,11,10,15,3027
46.5,11,11,0,2899
46.5,11,11,1,2909
46.5,11,11,2,2918
46.5,11,11,3,2927
46.5,11,11,4,2937
46.5,11,11,5,2946
46.5,11,11,6,2955
46.5,11,11,7,2964
46.5,11,11,8,2973
46.5,11,11,9,2982
46.5,11,11,10,2991
46.5,11,11,11,3001
46.5,11,11,12,3010
46.5,11,11,13,3019
46.5,11,11,14,3028
46.5,11,11,15,3036
46.5,11,12,0,2908
46.5,11,12,1,2918
46.5,11,12,2,2927
46.5,11,12,3,2936
46.5,11,12,4,2946
46.5,11,12,5,2955
46.5,11,12,6,2964
46.5,11,12,7,2973
46.5,11,12,8,2983
46.5,11,12,9,2992
46.5,11,12,10,3001
46.5,11,12,11,3010
46.5,11,12,12,3019
46.5,11,12,13,3028
46.5,11,12,14,3037
46.5,11,12,15,3046
46.5,11,13,0,2917
46.5,11,13,1,2927
46.5,11,13,2,2936
46.5,11,13,3,2946
46.5,11,13,4,2955
46.5,11,13,5,2964
46.5,11,13,6,2973
46.5,11,13,7,2983
46.5,11,13,8,2992
46.5,11,13,9,3001
46.5,11,13,10,3010
46.5,11,13,11,3019
46.5,11,13,12,3028
46.5,11,13,13,3037
46.5,11,13,14,3046
46.5,11,13,15,3055
46.5,11,14,0,2926
46.5,11,14,1,2936
46.5,11,14,2,2945
46.5,11,14,3,2955
46.5,11,14,4,2964
46.5,11,14,5,2973
46.5,11,14,6,2983
46.5,11,14,7,2992
46.5,11,14,8,3001
46.5,11,14,9,3010
46.5,11,14,10,3019
46.5,11,14,11,3029
46.5,11,14,12,3038
46.5,11,14,13,3047
46.5,11,14,14,3056
46.5,11,14,15,3065
46.5,11,15,0,2935
46.5,11,15,1,2945
46.5,11,15,2,2954
46.5,11,15,3,2964
46.5,11,15,4,2973
46.5,11,15,5,2982
46.5,11,15,6,2992
46.5,11,15,7,3001
46.5,11,15,8,3010
46.5,11,15,9,3019
46.5,11,15,10,3029
46.5,11,15,11,3038
46.5,11,15,12,3047
46.5,11,15,13,3056
46.5,11,15,14,3065
46.5,11,15,15,3074
46.5,12,0,0,2808
46.5,12,0,1,2817
46.5,12,0,2,2826
46.5,12,0,3,2835
46.5,12,0,4,2844
46.5,12,0,5,2853
46.5,12,0,6,2862
46.5,12,0,7,2871
46.5,12,0,8,2880
46.5,12,0,9,2889
46.5,12,0,10,2897
46.5,12,0,11,2906
46.5,12,0,12,2915
46.5,12,0,13,2924
46.5,12,0,14,2932
46.5,12,0,15,2941
46.5,12,1,0,2818
46.5,12,1,1,2827
46.5,12,1,2,2836
46.5,12,1,3,2845
46.5,12,1,4,2854
46.5,12,1,5,2863
46.5,12,1,6,2872
46.5,12,1,7,2881
46.5,12,1,8,2889
46.5,12,1,9,2898
46.5,12,1,10,2907
46.5,12,1,11,2916
46.5,12,1,12,2925
46.5,12,1,13,2933
46.5,12,1,14,2942
46.5,12,1,15,2951
46.5,12,2,0,2827
46.5,12,2,1,2836
46.5,12,2,2,2845
46.5,12,2,3,2854
46.5,12,2,4,2863
46.5,12,2,5,2872
46.5,12,2,6,2881
46.5,12,2,7,2890
46.5,12,2,8,2899
46.5,12,2,9,2908
46.5,12,2,10,2917
46.5,12,2,11,2926
46.5,12,2,12,2934
46.5,12,2,13,2943
46.5,12,2,14,2952
46.5,12,2,15,2961
46.5,12,3,0,2836
46.5,12,3,1,2846
46.5,12,3,2,2855
46.5,12,3,3,2864
46.5,12,3,4,2873
46.5,12,3,5,2882
46.5,12,3,6,2891
46.5,12,3,7,2900
46.5,12,3,8,2909
46.5,12,3,9,2918
46.5,12,3,10,2926
46.5,12,3,11,2935
46.5,12,3,12,2944
46.5,12,3,13,2953
46.5,12,3,14,2962
46.5,12,3,15,2970
46.5,12,4,0,2846
46.5,12,4,1,2855
46.5,12,4,2,2864
46.5,12,4,3,2873
46.5,12,4,4,2882
46.5,12,4,5,2891
46.5,12,4,6,2900
46.5,12,4,7,2909
46.5,12,4,8,2918
46.5,12,4,9,2927
46.5,12,4,10,2936
46.5,12,4,11,2945
46.5,12,4,12,2954
46.5,12,4,13,2963
46.5,12,4,14,2971
46.5,12,4,15,2980
46.5,12,5,0,2855
46.5,12,5,1,2864
46.5,12,5,2,2873
46.5,12,5,3,2882
46.5,12,5,4,2892
46.5,12,5,5,2901
46.5,12,5,6,2910
46.5,12,5,7,2919
46.5,12,5,8,2928
46.5,12,5,9,2937
46.5,12,5,10,2946
46.5,12,5,11,2955
46.5,12,5,12,2963
46.5,12,5,13,2972
46.5,12,5,14,2981
46.5,12,5,15,2990
46.5,12,6,0,2864
46.5,12,6,1,2873
46.5,12,6,2,2883
46.5,12,6,3,2892
46.5,12,6,4,2901
46.5,12,6,5,2910
46.5,12,6,6,2919
46.5,12,6,7,2928
46.5,12,6,8,2937
46.5,12,6,9,2946
46.5,12,6,10,2955
46.5,12,6,11,2964
46.5,12,6,12,2973
46.5,12,6,13,2982
46.5,12,6,14,2991
46.5,12,6,15,3000
46.5,12,7,0,2873
46.5,12,7,1,2883
46.5,12,7,2,2892
46.5,12,7,3,2901
46.5,12,7,4,2910
46.5,12,7,5,2919
46.5,12,7,6,2929
46.5,12,7,7,2938
46.5,12,7,8,2947
46.5,12,7,9,2956
46.5,12,7,10,2965
46.5,12,7,11,2974
46.5,12,7,12,2983
46.5,12,7,13,2992
46.5,12,7,14,3000
46.5,12,7,15,3009
46.5,12,8,0,2883
46.5,12,8,1,2892
46.5,12,8,2,2901
46.5,12,8,3,2910
46.5,12,8,4,2920
46.5,12,8,5,2929
46.5,12,8,6,2938
46.5,12,8,7,2947
46.5,12,8,8,2956
46.5,12,8,9,2965
46.5,12,8,10,2974
46.5,12,8,11,2983
46.5,12,8,12,2992
46.5,12,8,13,3001
46.5,12,8,14,3010
46.5,12,8,15,3019
46.5,12,9,0,2892
46.5,12,9,1,2901
46.5,12,9,2,2910
46.5,12,9,3,2920
46.5,12,9,4,2929
46.5,12,9,5,2938
46.5,12,9,6,2947
46.5,12,9,7,2956
46.5,12,9,8,2966
46.5,12,9,9,2975
46.5,12,9,10,2984
46.5,12,9,11,2993
46.5,12,9,12,3002
46.5,12,9,13,3011
46.5,12,9,14,3020
46.5,12,9,15,3029
46.5,12,10,0,2901
46.5,12,10,1,2910
46.5,12,10,2,2920
46.5,12,10,3,2929
46.5,12,10,4,2938
46.5,12,10,5,2947
46.5,12,10,6,2957
46.5,12,10,7,2966
46.5,12,10,8,2975
46.5,12,10,9,2984
46.5,12,10,10,2993
46.5,12,10,11,3002
46.5,12,10,12,3011
46.5,12,10,13,3020
46.5,12,10,14,3029
46.5,12,10,15,3038
46.5,12,11,0,2910
46.5,12,11,1,2919
46.5,12,11,2,2929
46.5,12,11,3,2938
46.5,12,11,4,2947
46.5,12,11,5,2957
46.5,12,11,6,2966
46.5,12,11,7,2975
46.5,12,11,8,2984
46.5,12,11,9,2993
46.5,12,11,10,3002
46.5,12,11,11,3012
46.5,12,11,12,3021
46.5,12,11,13,3030
46.5,12,11,14,3039
46.5,12,11,15,3048
46.5,12,12,0,2919
46.5,12,12,1,2929
46.5,12,12,2,2938
46.5,12,12,3,2947
46.5,12,12,4,2957
46.5,12,12,5,2966
46.5,12,12,6,2975
46.5,12,12,7,2984
46.5,12,12,8,2994
46.5,12,12,9,3003
46.5,12,12,10,3012
46.5,12,12,11,3021
46.5,12,12,12,3030
46.5,12,12,13,3039
46.5,12,12,14,3048
46.5,12,12,15,3057
46.5,12,13,0,2928
46.5,12,13,1,2938
46.5,12,13,2,2947
46.5,12,13,3,2956
46.5,12,13,4,2966
46.5,12,13,5,2975
46.5,12,13,6,2984
46.5,12,13,7,2994
46.5,12,13,8,3003
46.5,12,13,9,3012
46.5,12,13,10,3021
46.5,12,13,11,3030
46.5,12,13,12,3039
46.5,12,13,13,3049
46.5,12,13,14,3058
46.5,12,13,15,3067
46.5,12,14,0,2937
46.5,12,14,1,2947
46.5,12,14,2,2956
46.5,12,14,3,2966
46.5,12,14,4,2975
46.5,12,14,5,2984
46.5,12,14,6,2994
46.5,12,14,7,3003
46.5,12,14,8,3012
46.5,12,14,9,3021
46.5,12,14,10,3031
46.5,12,14,11,3040
46.5,12,14,12,3049
46.5,12,14,13,3058
46.5,12,14,14,3067
46.5,12,14,15,3076
46.5,12,15,0,2946
46.5,12,15,1,2956
46.5,12,15,2,2965
46.5,12,15,3,2975
46.5,12,15,4,2984
46.5,12,15,5,2993
46.5,12,15,6,3003
46.5,12,15,7,3012
46.5,12,15,8,3021
46.5,12,15,9,3031
46.5,12,15,10,3040
46.5,12,15,11,3049
46.5,12,15,12,3058
46.5,12,15,13,3067
46.5,12,15,14,3076
46.5,12,15,15,3086
46.5,13,0,0,2819
46.5,13,0,1,2828
46.5,13,0,2,2837
46.5,13,0,3,2846
46.5,13,0,4,2855
46.5,13,0,5,2864
46.5,13,0,6,2873
46.5,13,0,7,2881
46.5,13,0,8,2890
46.5,13,0,9,2899
46.5,13,0,10,2908
46.5,13,0,11,2917
46.5,13,0,12,2926
46.5,13,0,13,2934
46.5,13,0,14,2943
46.5,13,0,15,2952
46.5,13,1,0,2828
46.5,13,1,1,2837
46.5,13,1,2,2846
46.5,13,1,3,2855
46.5,13,1,4,2864
46.5,13,1,5,2873
46.5,13,1,6,2882
46.5,13,1,7,2891
46.5,13,1,8,2900
46.5,13,1,9,2909
46.5,13,1,10,2918
46.5,13,1,11,2927
46.5,13,1,12,2935
46.5,13,1,13,2944
46.5,13,1,14,2953
46.5,13,1,15,2962
46.5,13,2,0,2837
46.5,13,2,1,2847
46.5,13,2,2,2856
46.5,13,2,3,2865
46.5,13,2,4,2874
46.5,13,2,5,2883
46.5,13,2,6,2892
46.5,13,2,7,2901
46.5,13,2,8,2910
46.5,13,2,9,2919
46.5,13,2,10,2927
46.5,13,2,11,2936
46.5,13,2,12,2945
46.5,13,2,13,2954
46.5,13,2,14,2963
46.5,13,2,15,2972
46.5,13,3,0,2847
46.5,13,3,1,2856
46.5,13,3,2,2865
46.5,13,3,3,2874
46.5,13,3,4,2883
46.5,13,3,5,2892
46.5,13,3,6,2901
46.5,13,3,7,2910
46.5,13,3,8,2919
46.5,13,3,9,2928
46.5,13,3,10,2937
46.5,13,3,11,2946
46.5,13,3,12,2955
46.5,13,3,13,2964
46.5,13,3,14,2973
46.5,13,3,15,2981
46.5,13,4,0,2856
46.5,13,4,1,2865
46.5,13,4,2,2874
46.5,13,4,3,2884
46.5,13,4,4,2893
46.5,13,4,5,2902
46.5,13,4,6,2911
46.5,13,4,7,2920
46.5,13,4,8,2929
46.5,13,4,9,2938
46.5,13,4,10,2947
46.5,13,4,11,2956
46.5,13,4,12,2965
46.5,13,4,13,2973
46.5,13,4,14,2982
46.5,13,4,15,2991
46.5,13,5,0,2865
46.5,13,5,1,2875
46.5,13,5,2,2884
46.5,13,5,3,2893
46.5,13,5,4,2902
46.5,13,5,5,2911
46.5,13,5,6,2920
46.5,13,5,7,2929
46.5,13,5,8,2938
46.5,13,5,9,2947
46.5,13,5,10,2956
46.5,13,5,11,2965
46.5,13,5,12,2974
46.5,13,5,13,2983
46.5,13,5,14,2992
46.5,13,5,15,3001
46.5,13,6,0,2875
46.5,13,6,1,2884
46.5,13,6,2,2893
46.5,13,6,3,2902
46.5,13,6,4,2912
46.5,13,6,5,2921
46.5,13,6,6,2930
46.5,13,6,7,2939
46.5,13,6,8,2948
46.5,13,6,9,2957
46.5,13,6,10,2966
46.5,13,6,11,2975
46.5,13,6,12,2984
46.5,13,6,13,2993
46.5,13,6,14,3002
46.5,13,6,15,3011
46.5,13,7,0,2884
46.5,13,7,1,2893
46.5,13,7,2,2903
46.5,13,7,3,2912
46.5,13,7,4,2921
46.5,13,7,5,2930
46.5,13,7,6,2939
46.5,13,7,7,2948
46.5,13,7,8,2957
46.5,13,7,9,2967
46.5,13,7,10,2976
46.5,13,7,11,2985
46.5,13,7,12,2994
46.5,13,7,13,3003
46.5,13,7,14,3011
46.5,13,7,15,3020
46.5,13,8,0,2893
46.5,13,8,1,2903
46.5,13,8,2,2912
46.5,13,8,3,2921
46.5,13,8,4,2930
46.5,13,8,5,2940
46.5,13,8,6,2949
46.5,13,8,7,2958
46.5,13,8,8,2967
46.5,13,8,9,2976
46.5,13,8,10,2985
46.5,13,8,11,2994
46.5,13,8,12,3003
46.5,13,8,13,3012
46.5,13,8,14,3021
46.5,13,8,15,3030
46.5,13,9,0,2902
46.5,13,9,1,2912
46.5,13,9,2,2921
46.5,13,9,3,2930
46.5,13,9,4,2940
46.5,13,9,5,2949
46.5,13,9,6,2958
46.5,13,9,7,2967
46.5,13,9,8,2976
46.5,13,9,9,2985
46.5,13,9,10,2995
46.5,13,9,11,3004
46.5,13,9,12,3013
46.5,13,9,13,3022
46.5,13,9,14,3031
46.5,13,9,15,3040
46.5,13,10,0,2912
46.5,13,10,1,2921
46.5,13,10,2,2930
46.5,13,10,3,2940
46.5,13,10,4,2949
46.5,13,10,5,2958
46.5,13,10,6,2967
46.5,13,10,7,2977
46.5,13,10,8,2986
46.5,13,10,9,2995
46.5,13,10,10,3004
46.5,13,10,11,3013
46.5,13,10,12,3022
46.5,13,10,13,3031
46.5,13,10,14,3040
46.5,13,10,15,3049
46.5,13,11,0,2921
46.5,13,11,1,2930
46.5,13,11,2,2940
46.5,13,11,3,2949
46.5,13,11,4,2958
46.5,13,11,5,2967
46.5,13,11,6,2977
46.5,13,11,7,2986
46.5,13,11,8,2995
46.5,13,11,9,3004
46.5,13,11,10,3013
46.5,13,11,11,3023
46.5,13,11,12,3032
46.5,13,11,13,3041
46.5,13,11,14,3050
46.5,13,11,15,3059
46.5,13,12,0,2930
46.5,13,12,1,2939
46.5,13,12,2,2949
46.5,13,12,3,2958
46.5,13,12,4,2967
46.5,13,12,5,2977
46.5,13,12,6,2986
46.5,13,12,7,2995
46.5,13,12,8,3005
46.5,13,12,9,3014
46.5,13,12,10,3023
46.5,13,12,11,3032
46.5,13,12,12,3041
46.5,13,12,13,3050
46.5,13,12,14,3059
46.5,13,12,15,3068
46.5,13,13,0,2939
46.5,13,13,1,2948
46.5,13,13,2,2958
46.5,13,13,3,2967
46.5,13,13,4,2977
46.5,13,13,5,2986
46.5,13,13,6,2995
46.5,13,13,7,3005
46.5,13,13,8,3014
46.5,13,13,9,3023
46.5,13,13,10,3032
46.5,13,13,11,3041
46.5,13,13,12,3051
46.5,13,13,13,3060
46.5,13,13,14,3069
46.5,13,13,15,3078
46.5,13,14,0,2948
46.5,13,14,1,2957
46.5,13,14,2,2967
46.5,13,14,3,2976
46.5,13,14,4,2986
46.5,13,14,5,2995
46.5,13,14,6,3005
46.5,13,14,7,3014
46.5,13,14,8,3023
46.5,13,14,9,3032
46.5,13,14,10,3042
46.5,13,14,11,3051
46.5,13,14,12,3060
46.5,13,14,13,3069
46.5,13,14,14,3078
46.5,13,14,15,3087
46.5,13,15,0,2957
46.5,13,15,1,2967
46.5,13,15,2,2976
46.5,13,15,3,2985
46.5,13,15,4,2995
46.5,13,15,5,3004
46.5,13,15,6,3014
46.5,13,15,7,3023
46.5,13,15,8,3032
46.5,13,15,9,3042
46.5,13,15,10,3051
46.5,13,15,11,3060
46.5,13,15,12,3069
46.5,13,15,13,3079
46.5,13,15,14,3088
46.5,13,15,15,3097
46.5,14,0,0,2829
46.5,14,0,1,2838
46.5,14,0,2,2847
46.5,14,0,3,2856
46.5,14,0,4,2865
46.5,14,0,5,2874
46.5,14,0,6,2883
46.5,14,0,7,2892
46.5,14,0,8,2901
46.5,14,0,9,2910
46.5,14,0,10,2919
46.5,14,0,11,2927
46.5,14,0,12,2936
46.5,14,0,13,2945
46.5,14,0,14,2954
46.5,14,0,15,2963
46.5,14,1,0,2838
46.5,14,1,1,2847
46.5,14,1,2,2857
46.5,14,1,3,2866
46.5,14,1,4,2875
46.5,14,1,5,2884
46.5,14,1,6,2893
46.5,14,1,7,2902
46.5,14,1,8,2911
46.5,14,1,9,2920
46.5,14,1,10,2928
46.5,14,1,11,2937
46.5,14,1,12,2946
46.5,14,1,13,2955
46.5,14,1,14,2964
46.5,14,1,15,2972
46.5,14,2,0,2848
46.5,14,2,1,2857
46.5,14,2,2,2866
46.5,14,2,3,2875
46.5,14,2,4,2884
46.5,14,2,5,2893
46.5,14,2,6,2902
46.5,14,2,7,2911
46.5,14,2,8,2920
46.5,14,2,9,2929
46.5,14,2,10,2938
46.5,14,2,11,2947
46.5,14,2,12,2956
46.5,14,2,13,2965
46.5,14,2,14,2974
46.5,14,2,15,2982
46.5,14,3,0,2857
46.5,14,3,1,2866
46.5,14,3,2,2876
46.5,14,3,3,2885
46.5,14,3,4,2894
46.5,14,3,5,2903
46.5,14,3,6,2912
46.5,14,3,7,2921
46.5,14,3,8,2930
46.5,14,3,9,2939
46.5,14,3,10,2948
46.5,14,3,11,2957
46.5,14,3,12,2966
46.5,14,3,13,2975
46.5,14,3,14,2983
46.5,14,3,15,2992
46.5,14,4,0,2867
46.5,14,4,1,2876
46.5,14,4,2,2885
46.5,14,4,3,2894
46.5,14,4,4,2903
46.5,14,4,5,2912
46.5,14,4,6,2921
46.5,14,4,7,2931
46.5,14,4,8,2940
46.5,14,4,9,2949
46.5,14,4,10,2958
46.5,14,4,11,2967
46.5,14,4,12,2975
46.5,14,4,13,2984
46.5,14,4,14,2993
46.5,14,4,15,3002
46.5,14,5,0,2876
46.5,14,5,1,2885
46.5,14,5,2,2894
46.5,14,5,3,2904
46.5,14,5,4,2913
46.5,14,5,5,2922
46.5,14,5,6,2931
46.5,14,5,7,2940
46.5,14,5,8,2949
46.5,14,5,9,2958
46.5,14,5,10,2967
46.5,14,5,11,2976
46.5,14,5,12,2985
46.5,14,5,13,2994
46.5,14,5,14,3003
46.5,14,5,15,3012
46.5,14,6,0,2885
46.5,14,6,1,2895
46.5,14,6,2,2904
46.5,14,6,3,2913
46.5,14,6,4,2922
46.5,14,6,5,2931
46.5,14,6,6,2941
46.5,14,6,7,2950
46.5,14,6,8,2959
46.5,14,6,9,2968
46.5,14,6,10,2977
46.5,14,6,11,2986
46.5,14,6,12,2995
46.5,14,6,13,3004
46.5,14,6,14,3013
46.5,14,6,15,3022
46.5,14,7,0,2895
46.5,14,7,1,2904
46.5,14,7,2,2913
46.5,14,7,3,2922
46.5,14,7,4,2932
46.5,14,7,5,2941
46.5,14,7,6,2950
46.5,14,7,7,2959
46.5,14,7,8,2968
46.5,14,7,9,2977
46.5,14,7,10,2986
46.5,14,7,11,2995
46.5,14,7,12,3004
46.5,14,7,13,3013
46.5,14,7,14,3022
46.5,14,7,15,3031
46.5,14,8,0,2904
46.5,14,8,1,2913
46.5,14,8,2,2922
46.5,14,8,3,2932
46.5,14,8,4,2941
46.5,14,8,5,2950
46.5,14,8,6,2959
46.5,14,8,7,2969
46.5,14,8,8,2978
46.5,14,8,9,2987
46.5,14,8,10,2996
46.5,14,8,11,3005
46.5,14,8,12,3014
46.5,14,8,13,3023
46.5,14,8,14,3032
46.5,14,8,15,3041
46.5,14,9,0,2913
46.5,14,9,1,2922
46.5,14,9,2,2932
46.5,14,9,3,2941
46.5,14,9,4,2950
46.5,14,9,5,2960
46.5,14,9,6,2969
46.5,14,9,7,2978
46.5,14,9,8,2987
46.5,14,9,9,2996
46.5,14,9,10,3006
46.5,14,9,11,3015
46.5,14,9,12,3024
46.5,14,9,13,3033
46.5,14,9,14,3042
46.5,14,9,15,3051
46.5,14,10,0,2922
46.5,14,10,1,2932
46.5,14,10,2,2941
46.5,14,10,3,2950
46.5,14,10,4,2960
46.5,14,10,5,2969
46.5,14,10,6,2978
46.5,14,10,7,2987
46.5,14,10,8,2997
46.5,14,10,9,3006
46.5,14,10,10,3015
46.5,14,10,11,3024
46.5,14,10,12,3033
46.5,14,10,13,3042
46.5,14,10,14,3051
46.5,14,10,15,3060
46.5,14,11,0,2931
46.5,14,11,1,2941
46.5,14,11,2,2950
46.5,14,11,3,2960
46.5,14,11,4,2969
46.5,14,11,5,2978
46.5,14,11,6,2988
46.5,14,11,7,2997
46.5,14,11,8,3006
46.5,14,11,9,3015
46.5,14,11,10,3024
46.5,14,11,11,3034
46.5,14,11,12,3043
46.5,14,11,13,3052
46.5,14,11,14,3061
46.5,14,11,15,3070
46.5,14,12,0,2941
46.5,14,12,1,2950
46.5,14,12,2,2959
46.5,14,12,3,2969
46.5,14,12,4,2978
46.5,14,12,5,2988
46.5,14,12,6,2997
46.5,14,12,7,3006
46.5,14,12,8,3015
46.5,14,12,9,3025
46.5,14,12,10,3034
46.5,14,12,11,3043
46.5,14,12,12,3052
46.5,14,12,13,3061
46.5,14,12,14,3070
46.5,14,12,15,3080
46.5,14,13,0,2950
46.5,14,13,1,2959
46.5,14,13,2,2969
46.5,14,13,3,2978
46.5,14,13,4,2987
46.5,14,13,5,2997
46.5,14,13,6,3006
46.5,14,13,7,3016
46.5,14,13,8,3025
46.5,14,13,9,3034
46.5,14,13,10,3043
46.5,14,13,11,3053
46.5,14,13,12,3062
46.5,14,13,13,3071
46.5,14,13,14,3080
46.5,14,13,15,3089
46.5,14,14,0,2959
46.5,14,14,1,2968
46.5,14,14,2,2978
46.5,14,14,3,2987
46.5,14,14,4,2997
46.5,14,14,5,3006
46.5,14,14,6,3015
46.5,14,14,7,3025
46.5,14,14,8,3034
46.5,14,14,9,3043
46.5,14,14,10,3053
46.5,14,14,11,3062
46.5,14,14,12,3071
46.5,14,14,13,3080
46.5,14,14,14,3089
46.5,14,14,15,3099
46.5,14,15,0,2968
46.5,14,15,1,2977
46.5,14,15,2,2987
46.5,14,15,3,2996
46.5,14,15,4,3006
46.5,14,15,5,3015
46.5,14,15,6,3025
46.5,14,15,7,3034
46.5,14,15,8,3043
46.5,14,15,9,3053
46.5,14,15,10,3062
46.5,14,15,11,3071
46.5,14,15,12,3081
46.5,14,15,13,3090
46.5,14,15,14,3099
46.5,14,15,15,3108
46.5,15,0,0,2839
46.5,15,0,1,2848
46.5,15,0,2,2857
46.5,15,0,3,2866
46.5,15,0,4,2876
46.5,15,0,5,2885
46.5,15,0,6,2894
46.5,15,0,7,2903
46.5,15,0,8,2911
46.5,15,0,9,2920
46.5,15,0,10,2929
46.5,15,0,11,2938
46.5,15,0,12,2947
46.5,15,0,13,2956
46.5,15,0,14,2965
46.5,15,0,15,2973
46.5,15,1,0,2849
46.5,15,1,1,2858
46.5,15,1,2,2867
46.5,15,1,3,2876
46.5,15,1,4,2885
46.5,15,1,5,2894
46.5,15,1,6,2903
46.5,15,1,7,2912
46.5,15,1,8,2921
46.5,15,1,9,2930
46.5,15,1,10,2939
46.5,15,1,11,2948
46.5,15,1,12,2957
46.5,15,1,13,2966
46.5,15,1,14,2974
46.5,15,1,15,2983
46.5,15,2,0,2858
46.5,15,2,1,2867
46.5,15,2,2,2876
46.5,15,2,3,2886
46.5,15,2,4,2895
46.5,15,2,5,2904
46.5,15,2,6,2913
46.5,15,2,7,2922
46.5,15,2,8,2931
46.5,15,2,9,2940
46.5,15,2,10,2949
46.5,15,2,11,2958
46.5,15,2,12,2967
46.5,15,2,13,2976
46.5,15,2,14,2984
46.5,15,2,15,2993
46.5,15,3,0,2868
46.5,15,3,1,2877
46.5,15,3,2,2886
46.5,15,3,3,2895
46.5,15,3,4,2904
46.5,15,3,5,2913
46.5,15,3,6,2923
46.5,15,3,7,2932
46.5,15,3,8,2941
46.5,15,3,9,2950
46.5,15,3,10,2959
46.5,15,3,11,2968
46.5,15,3,12,2976
46.5,15,3,13,2985
46.5,15,3,14,2994
46.5,15,3,15,3003
46.5,15,4,0,2877
46.5,15,4,1,2886
46.5,15,4,2,2895
46.5,15,4,3,2905
46.5,15,4,4,2914
46.5,15,4,5,2923
46.5,15,4,6,2932
46.5,15,4,7,2941
46.5,15,4,8,2950
46.5,15,4,9,2959
46.5,15,4,10,2968
46.5,15,4,11,2977
46.5,15,4,12,2986
46.5,15,4,13,2995
46.5,15,4,14,3004
46.5,15,4,15,3013
46.5,15,5,0,2886
46.5,15,5,1,2896
46.5,15,5,2,2905
46.5,15,5,3,2914
46.5,15,5,4,2923
46.5,15,5,5,2933
46.5,15,5,6,2942
46.5,15,5,7,2951
46.5,15,5,8,2960
46.5,15,5,9,2969
46.5,15,5,10,2978
46.5,15,5,11,2987
46.5,15,5,12,2996
46.5,15,5,13,3005
46.5,15,5,14,3014
46.5,15,5,15,3023
46.5,15,6,0,2896
46.5,15,6,1,2905
46.5,15,6,2,2914
46.5,15,6,3,2924
46.5,15,6,4,2933
46.5,15,6,5,2942
46.5,15,6,6,2951
46.5,15,6,7,2960
46.5,15,6,8,2970
46.5,15,6,9,2979
46.5,15,6,10,2988
46.5,15,6,11,2997
46.5,15,6,12,3006
46.5,15,6,13,3015
46.5,15,6,14,3024
46.5,15,6,15,3033
46.5,15,7,0,2905
46.5,15,7,1,2914
46.5,15,7,2,2924
46.5,15,7,3,2933
46.5,15,7,4,2942
46.5,15,7,5,2952
46.5,15,7,6,2961
46.5,15,7,7,2970
46.5,15,7,8,2979
46.5,15,7,9,2988
46.5,15,7,10,2997
46.5,15,7,11,3006
46.5,15,7,12,3015
46.5,15,7,13,3024
46.5,15,7,14,3033
46.5,15,7,15,3042
46.5,15,8,0,2914
46.5,15,8,1,2924
46.5,15,8,2,2933
46.5,15,8,3,2942
46.5,15,8,4,2952
46.5,15,8,5,2961
46.5,15,8,6,2970
46.5,15,8,7,2979
46.5,15,8,8,2989
46.5,15,8,9,2998
46.5,15,8,10,3007
46.5,15,8,11,3016
46.5,15,8,12,3025
46.5,15,8,13,3034
46.5,15,8,14,3043
46.5,15,8,15,3052
46.5,15,9,0,2924
46.5,15,9,1,2933
46.5,15,9,2,2942
46.5,15,9,3,2952
46.5,15,9,4,2961
46.5,15,9,5,2970
46.5,15,9,6,2980
46.5,15,9,7,2989
46.5,15,9,8,2998
46.5,15,9,9,3007
46.5,15,9,10,3016
46.5,15,9,11,3026
46.5,15,9,12,3035
46.5,15,9,13,3044
46.5,15,9,14,3053
46.5,15,9,15,3062
46.5,15,10,0,2933
46.5,15,10,1,2942
46.5,15,10,2,2952
46.5,15,10,3,2961
46.5,15,10,4,2970
46.5,15,10,5,2980
46.5,15,10,6,2989
46.5,15,10,7,2998
46.5,15,10,8,3008
46.5,15,10,9,3017
46.5,15,10,10,3026
46.5,15,10,11,3035
46.5,15,10,12,3044
46.5,15,10,13,3053
46.5,15,10,14,3062
46.5,15,10,15,3071
46.5,15,11,0,2942
46.5,15,11,1,2952
46.5,15,11,2,2961
46.5,15,11,3,2970
46.5,15,11,4,2980
46.5,15,11,5,2989
46.5,15,11,6,2998
46.5,15,11,7,3008
46.5,15,11,8,3017
46.5,15,11,9,3026
46.5,15,11,10,3035
46.5,15,11,11,3045
46.5,15,11,12,3054
46.5,15,11,13,3063
46.5,15,11,14,3072
46.5,15,11,15,3081
46.5,15,12,0,2951
46.5,15,12,1,2961
46.5,15,12,2,2970
46.5,15,12,3,2980
46.5,15,12,4,2989
46.5,15,12,5,2998
46.5,15,12,6,3008
46.5,15,12,7,3017
46.5,15,12,8,3026
46.5,15,12,9,3036
46.5,15,12,10,3045
46.5,15,12,11,3054
46.5,15,12,12,3063
46.5,15,12,13,3073
46.5,15,12,14,3082
46.5,15,12,15,3091
46.5,15,13,0,2960
46.5,15,13,1,2970
46.5,15,13,2,2979
46.5,15,13,3,2989
46.5,15,13,4,2998
46.5,15,13,5,3008
46.5,15,13,6,3017
46.5,15,13,7,3027
46.5,15,13,8,3036
46.5,15,13,9,3045
46.5,15,13,10,3054
46.5,15,13,11,3064
46.5,15,13,12,3073
46.5,15,13,13,3082
46.5,15,13,14,3091
46.5,15,13,15,3100
46.5,15,14,0,2970
46.5,15,14,1,2979
46.5,15,14,2,2989
46.5,15,14,3,2998
46.5,15,14,4,3008
46.5,15,14,5,3017
46.5,15,14,6,3026
46.5,15,14,7,3036
46.5,15,14,8,3045
46.5,15,14,9,3055
46.5,15,14,10,3064
46.5,15,14,11,3073
46.5,15,14,12,3082
46.5,15,14,13,3092
46.5,15,14,14,3101
46.5,15,14,15,3110
46.5,15,15,0,2979
46.5,15,15,1,2988
46.5,15,15,2,2998
46.5,15,15,3,3007
46.5,15,15,4,3017
46.5,15,15,5,3026
46.5,15,15,6,3036
46.5,15,15,7,3045
46.5,15,15,8,3055
46.5,15,15,9,3064
46.5,15,15,10,3073
46.5,15,15,11,3083
46.5,15,15,12,3092
46.5,15,15,13,3101
46.5,15,15,14,3110
46.5,15,15,15,3119
47.0,0,0,0,2701
47.0,0,0,1,2710
47.0,0,0,2,2718
47.0,0,0,3,2727
47.0,0,0,4,2736
47.0,0,0,5,2744
47.0,0,0,6,2753
47.0,0,0,7,2761
47.0,0,0,8,2770
47.0,0,0,9,2778
47.0,0,0,10,2787
47.0,0,0,11,2795
47.0,0,0,12,2804
47.0,0,0,13,2812
47.0,0,0,14,2820
47.0,0,0,15,2829
47.0,0,1,0,2710
47.0,0,1,1,2719
47.0,0,1,2,2728
47.0,0,1,3,2736
47.0,0,1,4,2745
47.0,0,1,5,2754
47.0,0,1,6,2762
47.0,0,1,7,2771
47.0,0,1,8,2779
47.0,0,1,9,2788
47.0,0,1,10,2796
47.0,0,1,11,2805
47.0,0,1,12,2813
47.0,0,1,13,2822
47.0,0,1,14,2830
47.0,0,1,15,2838
47.0,0,2,0,2719
47.0,0,2,1,2728
47.0,0,2,2,2737
47.0,0,2,3,2745
47.0,0,2,4,2754
47.0,0,2,5,2763
47.0,0,2,6,2771
47.0,0,2,7,2780
47.0,0,2,8,2788
47.0,0,2,9,2797
47.0,0,2,10,2806
47.0,0,2,11,2814
47.0,0,2,12,2823
47.0,0,2,13,2831
47.0,0,2,14,2839
47.0,0,2,15,2848
47.0,0,3,0,2728
47.0,0,3,1,2737
47.0,0,3,2,2746
47.0,0,3,3,2754
47.0,0,3,4,2763
47.0,0,3,5,2772
47.0,0,3,6,2780
47.0,0,3,7,2789
47.0,0,3,8,2798
47.0,0,3,9,2806
47.0,0,3,10,2815
47.0,0,3,11,2823
47.0,0,3,12,2832
47.0,0,3,13,2840
47.0,0,3,14,2849
47.0,0,3,15,2857
47.0,0,4,0,2737
47.0,0,4,1,2746
47.0,0,4,2,2755
47.0,0,4,3,2764
47.0,0,4,4,2772
47.0,0,4,5,2781
47.0,0,4,6,2790
47.0,0,4,7,2798
47.0,0,4,8,2807
47.0,0,4,9,2815
47.0,0,4,10,2824
47.0,0,4,11,2833
47.0,0,4,12,2841
47.0,0,4,13,2850
47.0,0,4,14,2858
47.0,0,4,15,2867
47.0,0,5,0,2746
47.0,0,5,1,2755
47.0,0,5,2,2764
47.0,0,5,3,2773
47.0,0,5,4,2781
47.0,0,5,5,2790
47.0,0,5,6,2799
47.0,0,5,7,2807
47.0,0,5,8,2816
47.0,0,5,9,2825
47.0,0,5,10,2833
47.0,0,5,11,2842
47.0,0,5,12,2850
47.0,0,5,13,2859
47.0,0,5,14,2867
47.0,0,5,15,2876
47.0,0,6,0,2755
47.0,0,6,1,2764
47.0,0,6,2,2773
47.0,0,6,3,2782
47.0,0,6,4,2790
47.0,0,6,5,2799
47.0,0,6,6,2808
47.0,0,6,7,2817
47.0,0,6,8,2825
47.0,0,6,9,2834
47.0,0,6,10,2842
47.0,0,6,11,2851
47.0,0,6,12,2860
47.0,0,6,13,2868
47.0,0,6,14,2877
47.0,0,6,15,2885
47.0,0,7,0,2764
47.0,0,7,1,2773
47.0,0,7,2,2782
47.0,0,7,3,2790
47.0,0,7,4,2799
47.0,0,7,5,2808
47.0,0,7,6,2817
47.0,0,7,7,2826
47.0,0,7,8,2834
47.0,0,7,9,2843
47.0,0,7,10,2852
47.0,0,7,11,2860
47.0,0,7,12,2869
47.0,0,7,13,2877
47.0,0,7,14,2886
47.0,0,7,15,2895
47.0,0,8,0,2773
47.0,0,8,1,2782
47.0,0,8,2,2791
47.0,0,8,3,2799
47.0,0,8,4,2808
47.0,0,8,5,2817
47.0,0,8,6,2826
47.0,0,8,7,2835
47.0,0,8,8,2843
47.0,0,8,9,2852
47.0,0,8,10,2861
47.0,0,8,11,2869
47.0,0,8,12,2878
47.0,0,8,13,2887
47.0,0,8,14,2895
47.0,0,8,15,2904
47.0,0,9,0,2782
47.0,0,9,1,2790
47.0,0,9,2,2799
47.0,0,9,3,2808
47.0,0,9,4,2817
47.0,0,9,5,2826
47.0,0,9,6,2835
47.0,0,9,7,2844
47.0,0,9,8,2852
47.0,0,9,9,2861
47.0,0,9,10,2870
47.0,0,9,11,2879
47.0,0,9,12,2887
47.0,0,9,13,2896
47.0,0,9,14,2904
47.0,0,9,15,2913
47.0,0,10,0,2790
47.0,0,10,1,2799
47.0,0,10,2,2808
47.0,0,10,3,2817
47.0,0,10,4,2826
47.0,0,10,5,2835
47.0,0,10,6,2844
47.0,0,10,7,2853
47.0,0,10,8,2861
47.0,0,10,9,2870
47.0,0,10,10,2879
47.0,0,10,11,2888
47.0,0,10,12,2896
47.0,0,10,13,2905
47.0,0,10,14,2914
47.0,0,10,15,2922
47.0,0,11,0,2799
47.0,0,11,1,2808
47.0,0,11,2,2817
47.0,0,11,3,2826
47.0,0,11,4,2835
47.0,0,11,5,2844
47.0,0,11,6,2853
47.0,0,11,7,2862
47.0,0,11,8,2870
47.0,0,11,9,2879
47.0,0,11,10,2888
47.0,0,11,11,2897
47.0,0,11,12,2905
47.0,0,11,13,2914
47.0,0,11,14,2923
47.0,0,11,15,2931
47.0,0,12,0,2808
47.0,0,12,1,2817
47.0,0,12,2,2826
47.0,0,12,3,2835
47.0,0,12,4,2844
47.0,0,12,5,2853
47.0,0,12,6,2862
47.0,0,12,7,2871
47.0,0,12,8,2879
47.0,0,12,9,2888
47.0,0,12,10,2897
47.0,0,12,11,2906
47.0,0,12,12,2914
47.0,0,12,13,2923
47.0,0,12,14,2932
47.0,0,12,15,2941
47.0,0,13,0,2817
47.0,0,13,1,2826
47.0,0,13,2,2835
47.0,0,13,3,2844
47.0,0,13,4,2853
47.0,0,13,5,2862
47.0,0,13,6,2871
47.0,0,13,7,2879
47.0,0,13,8,2888
47.0,0,13,9,2897
47.0,0,13,10,2906
47.0,0,13,11,2915
47.0,0,13,12,2924
47.0,0,13,13,2932
47.0,0,13,14,2941
47.0,0,13,15,2950
47.0,0,14,0,2825
47.0,0,14,1,2834
47.0,0,14,2,2843
47.0,0,14,3,2852
47.0,0,14,4,2861
47.0,0,14,5,2870
47.0,0,14,6,2879
47.0,0,14,7,2888
47.0,0,14,8,2897
47.0,0,14,9,2906
47.0,0,14,10,2915
47.0,0,14,11,2924
47.0,0,14,12,2933
47.0,0,14,13,2941
47.0,0,14,14,2950
47.0,0,14,15,2959
47.0,0,15,0,2834
47.0,0,15,1,2843
47.0,0,15,2,2852
47.0,0,15,3,2861
47.0,0,15,4,2870
47.0,0,15,5,2879
47.0,0,15,6,2888
47.0,0,15,7,2897
47.0,0,15,8,2906
47.0,0,15,9,2915
47.0,0,15,10,2924
47.0,0,15,11,2933
47.0,0,15,12,2942
47.0,0,15,13,2950
47.0,0,15,14,2959
47.0,0,15,15,2968
47.0,1,0,0,2711
47.0,1,0,1,2720
47.0,1,0,2,2729
47.0,1,0,3,2738
47.0,1,0,4,2746
47.0,1,0,5,2755
47.0,1,0,6,2763
47.0,1,0,7,2772
47.0,1,0,8,2781
47.0,1,0,9,2789
47.0,1,0,10,2798
47.0,1,0,11,2806
47.0,1,0,12,2814
47.0,1,0,13,2823
47.0,1,0,14,2831
47.0,1,0,15,2840
47.0,1,1,0,2721
47.0,1,1,1,2729
47.0,1,1,2,2738
47.0,1,1,3,2747
47.0,1,1,4,2755
47.0,1,1,5,2764
47.0,1,1,6,2773
47.0,1,1,7,2781
47.0,1,1,8,2790
47.0,1,1,9,2798
47.0,1,1,10,2807
47.0,1,1,11,2815
47.0,1,1,12,2824
47.0,1,1,13,2832
47.0,1,1,14,2841
47.0,1,1,15,2849
47.0,1,2,0,2730
47.0,1,2,1,2738
47.0,1,2,2,2747
47.0,1,2,3,2756
47.0,1,2,4,2765
47.0,1,2,5,2773
47.0,1,2,6,2782
47.0,1,2,7,2791
47.0,1,2,8,2799
47.0,1,2,9,2808
47.0,1,2,10,2816
47.0,1,2,11,2825
47.0,1,2,12,2833
47.0,1,2,13,2842
47.0,1,2,14,2850
47.0,1,2,15,2859
47.0,1,3,0,2739
47.0,1,3,1,2747
47.0,1,3,2,2756
47.0,1,3,3,2765
47.0,1,3,4,2774
47.0,1,3,5,2782
47.0,1,3,6,2791
47.0,1,3,7,2800
47.0,1,3,8,2808
47.0,1,3,9,2817
47.0,1,3,10,2826
47.0,1,3,11,2834
47.0,1,3,12,2843
47.0,1,3,13,2851
47.0,1,3,14,2860
47.0,1,3,15,2868
47.0,1,4,0,2748
47.0,1,4,1,2756
47.0,1,4,2,2765
47.0,1,4,3,2774
47.0,1,4,4,2783
47.0,1,4,5,2792
47.0,1,4,6,2800
47.0,1,4,7,2809
47.0,1,4,8,2818
47.0,1,4,9,2826
47.0,1,4,10,2835
47.0,1,4,11,2843
47.0,1,4,12,2852
47.0,1,4,13,2861
47.0,1,4,14,2869
47.0,1,4,15,2878
47.0,1,5,0,2757
47.0,1,5,1,2765
47.0,1,5,2,2774
47.0,1,5,3,2783
47.0,1,5,4,2792
47.0,1,5,5,2801
47.0,1,5,6,2809
47.0,1,5,7,2818
47.0,1,5,8,2827
47.0,1,5,9,2836
47.0,1,5,10,2844
47.0,1,5,11,2853
47.0,1,5,12,2861
47.0,1,5,13,2870
47.0,1,5,14,2878
47.0,1,5,15,2887
47.0,1,6,0,2766
47.0,1,6,1,2774
47.0,1,6,2,2783
47.0,1,6,3,2792
47.0,1,6,4,2801
47.0,1,6,5,2810
47.0,1,6,6,2819
47.0,1,6,7,2827
47.0,1,6,8,2836
47.0,1,6,9,2845
47.0,1,6,10,2853
47.0,1,6,11,2862
47.0,1,6,12,2871
47.0,1,6,13,2879
47.0,1,6,14,2888
47.0,1,6,15,2896
47.0,1,7,0,2774
47.0,1,7,1,2783
47.0,1,7,2,2792
47.0,1,7,3,2801
47.0,1,7,4,2810
47.0,1,7,5,2819
47.0,1,7,6,2828
47.0,1,7,7,2836
47.0,1,7,8,2845
47.0,1,7,9,2854
47.0,1,7,10,2863
47.0,1,7,11,2871
47.0,1,7,12,2880
47.0,1,7,13,2888
47.0,1,7,14,2897
47.0,1,7,15,2906
47.0,1,8,0,2783
47.0,1,8,1,2792
47.0,1,8,2,2801
47.0,1,8,3,2810
47.0,1,8,4,2819
47.0,1,8,5,2828
47.0,1,8,6,2837
47.0,1,8,7,2845
47.0,1,8,8,2854
47.0,1,8,9,2863
47.0,1,8,10,2872
47.0,1,8,11,2880
47.0,1,8,12,2889
47.0,1,8,13,2898
47.0,1,8,14,2906
47.0,1,8,15,2915
47.0,1,9,0,2792
47.0,1,9,1,2801
47.0,1,9,2,2810
47.0,1,9,3,2819
47.0,1,9,4,2828
47.0,1,9,5,2837
47.0,1,9,6,2846
47.0,1,9,7,2855
47.0,1,9,8,2863
47.0,1,9,9,2872
47.0,1,9,10,2881
47.0,1,9,11,2890
47.0,1,9,12,2898
47.0,1,9,13,2907
47.0,1,9,14,2916
47.0,1,9,15,2924
47.0,1,10,0,2801
47.0,1,10,1,2810
47.0,1,10,2,2819
47.0,1,10,3,2828
47.0,1,10,4,2837
47.0,1,10,5,2846
47.0,1,10,6,2855
47.0,1,10,7,2864
47.0,1,10,8,2872
47.0,1,10,9,2881
47.0,1,10,10,2890
47.0,1,10,11,2899
47.0,1,10,12,2907
47.0,1,10,13,2916
47.0,1,10,14,2925
47.0,1,10,15,2933
47.0,1,11,0,2810
47.0,1,11,1,2819
47.0,1,11,2,2828
47.0,1,11,3,2837
47.0,1,11,4,2846
47.0,1,11,5,2855
47.0,1,11,6,2864
47.0,1,11,7,2873
47.0,1,11,8,2881
47.0,1,11,9,2890
47.0,1,11,10,2899
47.0,1,11,11,2908
47.0,1,11,12,2917
47.0,1,11,13,2925
47.0,1,11,14,2934
47.0,1,11,15,2943
47.0,1,12,0,2819
47.0,1,12,1,2828
47.0,1,12,2,2837
47.0,1,12,3,2846
47.0,1,12,4,2855
47.0,1,12,5,2864
47.0,1,12,6,2873
47.0,1,12,7,2882
47.0,1,12,8,2890
47.0,1,12,9,2899
47.0,1,12,10,2908
47.0,1,12,11,2917
47.0,1,12,12,2926
47.0,1,12,13,2934
47.0,1,12,14,2943
47.0,1,12,15,2952
47.0,1,13,0,2827
47.0,1,13,1,2836
47.0,1,13,2,2845
47.0,1,13,3,2855
47.0,1,13,4,2864
47.0,1,13,5,2873
47.0,1,13,6,2882
47.0,1,13,7,2890
47.0,1,13,8,2899
47.0,1,13,9,2908
47.0,1,13,10,2917
47.0,1,13,11,2926
47.0,1,13,12,2935
47.0,1,13,13,2943
47.0,1,13,14,2952
47.0,1,13,15,2961
47.0,1,14,0,2836
47.0,1,14,1,2845
47.0,1,14,2,2854
47.0,1,14,3,2863
47.0,1,14,4,2872
47.0,1,14,5,2881
47.0,1,14,6,2890
47.0,1,14,7,2899
47.0,1,14,8,2908
47.0,1,14,9,2917
47.0,1,14,10,2926
47.0,1,14,11,2935
47.0,1,14,12,2944
47.0,1,14,13,2953
47.0,1,14,14,2961
47.0,1,14,15,2970
47.0,1,15,0,2845
47.0,1,15,1,2854
47.0,1,15,2,2863
47.0,1,15,3,2872
47.0,1,15,4,2881
47.0,1,15,5,2890
47.0,1,15,6,2899
47.0,1,15,7,2908
47.0,1,15,8,2917
47.0,1,15,9,2926
47.0,1,15,10,2935
47.0,1,15,11,2944
47.0,1,15,12,2953
47.0,1,15,13,2962
47.0,1,15,14,2970
47.0,1,15,15,2979
47.0,2,0,0,2722
47.0,2,0,1,2731
47.0,2,0,2,2739
47.0,2,0,3,2748
47.0,2,0,4,2757
47.0,2,0,5,2765
47.0,2,0,6,2774
47.0,2,0,7,2783
47.0,2,0,8,2791
47.0,2,0,9,2800
47.0,2,0,10,2808
47.0,2,0,11,2817
47.0,2,0,12,2825
47.0,2,0,13,2834
47.0,2,0,14,2842
47.0,2,0,15,2850
47.0,2,1,0,2731
47.0,2,1,1,2740
47.0,2,1,2,2749
47.0,2,1,3,2757
47.0,2,1,4,2766
47.0,2,1,5,2775
47.0,2,1,6,2783
47.0,2,1,7,2792
47.0,2,1,8,2801
47.0,2,1,9,2809
47.0,2,1,10,2818
47.0,2,1,11,2826
47.0,2,1,12,2835
47.0,2,1,13,2843
47.0,2,1,14,2852
47.0,2,1,15,2860
47.0,2,2,0,2740
47.0,2,2,1,2749
47.0,2,2,2,2758
47.0,2,2,3,2766
47.0,2,2,4,2775
47.0,2,2,5,2784
47.0,2,2,6,2793
47.0,2,2,7,2801
47.0,2,2,8,2810
47.0,2,2,9,2818
47.0,2,2,10,2827
47.0,2,2,11,2836
47.0,2,2,12,2844
47.0,2,2,13,2853
47.0,2,2,14,2861
47.0,2,2,15,2870
47.0,2,3,0,2749
47.0,2,3,1,2758
47.0,2,3,2,2767
47.0,2,3,3,2776
47.0,2,3,4,2784
47.0,2,3,5,2793
47.0,2,3,6,2802
47.0,2,3,7,2810
47.0,2,3,8,2819
47.0,2,3,9,2828
47.0,2,3,10,2836
47.0,2,3,11,2845
47.0,2,3,12,2854
47.0,2,3,13,2862
47.0,2,3,14,2871
47.0,2,3,15,2879
47.0,2,4,0,2758
47.0,2,4,1,2767
47.0,2,4,2,2776
47.0,2,4,3,2785
47.0,2,4,4,2793
47.0,2,4,5,2802
47.0,2,4,6,2811
47.0,2,4,7,2820
47.0,2,4,8,2828
47.0,2,4,9,2837
47.0,2,4,10,2846
47.0,2,4,11,2854
47.0,2,4,12,2863
47.0,2,4,13,2871
47.0,2,4,14,2880
47.0,2,4,15,2889
47.0,2,5,0,2767
47.0,2,5,1,2776
47.0,2,5,2,2785
47.0,2,5,3,2794
47.0,2,5,4,2803
47.0,2,5,5,2811
47.0,2,5,6,2820
47.0,2,5,7,2829
47.0,2,5,8,2838
47.0,2,5,9,2846
47.0,2,5,10,2855
47.0,2,5,11,2864
47.0,2,5,12,2872
47.0,2,5,13,2881
47.0,2,5,14,2889
47.0,2,5,15,2898
47.0,2,6,0,2776
47.0,2,6,1,2785
47.0,2,6,2,2794
47.0,2,6,3,2803
47.0,2,6,4,2812
47.0,2,6,5,2821
47.0,2,6,6,2829
47.0,2,6,7,2838
47.0,2,6,8,2847
47.0,2,6,9,2856
47.0,2,6,10,2864
47.0,2,6,11,2873
47.0,2,6,12,2882
47.0,2,6,13,2890
47.0,2,6,14,2899
47.0,2,6,15,2907
47.0,2,7,0,2785
47.0,2,7,1,2794
47.0,2,7,2,2803
47.0,2,7,3,2812
47.0,2,7,4,2821
47.0,2,7,5,2830
47.0,2,7,6,2838
47.0,2,7,7,2847
47.0,2,7,8,2856
47.0,2,7,9,2865
47.0,2,7,10,2873
47.0,2,7,11,2882
47.0,2,7,12,2891
47.0,2,7,13,2899
47.0,2,7,14,2908
47.0,2,7,15,2917
47.0,2,8,0,2794
47.0,2,8,1,2803
47.0,2,8,2,2812
47.0,2,8,3,2821
47.0,2,8,4,2830
47.0,2,8,5,2839
47.0,2,8,6,2848
47.0,2,8,7,2856
47.0,2,8,8,2865
47.0,2,8,9,2874
47.0,2,8,10,2883
47.0,2,8,11,2891
47.0,2,8,12,2900
47.0,2,8,13,2909
47.0,2,8,14,2917
47.0,2,8,15,2926
47.0,2,9,0,2803
47.0,2,9,1,2812
47.0,2,9,2,2821
47.0,2,9,3,2830
47.0,2,9,4,2839
47.0,2,9,5,2848
47.0,2,9,6,2857
47.0,2,9,7,2865
47.0,2,9,8,2874
47.0,2,9,9,2883
47.0,2,9,10,2892
47.0,2,9,11,2901
47.0,2,9,12,2909
47.0,2,9,13,2918
47.0,2,9,14,2927
47.0,2,9,15,2935
47.0,2,10,0,2812
47.0,2,10,1,2821
47.0,2,10,2,2830
47.0,2,10,3,2839
47.0,2,10,4,2848
47.0,2,10,5,2857
47.0,2,10,6,2866
47.0,2,10,7,2874
47.0,2,10,8,2883
47.0,2,10,9,2892
47.0,2,10,10,2901
47.0,2,10,11,2910
47.0,2,10,12,2919
47.0,2,10,13,2927
47.0,2,10,14,2936
47.0,2,10,15,2945
47.0,2,11,0,2821
47.0,2,11,1,2830
47.0,2,11,2,2839
47.0,2,11,3,2848
47.0,2,11,4,2857
47.0,2,11,5,2866
47.0,2,11,6,2875
47.0,2,11,7,2884
47.0,2,11,8,2892
47.0,2,11,9,2901
47.0,2,11,10,2910
47.0,2,11,11,2919
47.0,2,11,12,2928
47.0,2,11,13,2936
47.0,2,11,14,2945
47.0,2,11,15,2954
47.0,2,12,0,2829
47.0,2,12,1,2838
47.0,2,12,2,2848
47.0,2,12,3,2857
47.0,2,12,4,2866
47.0,2,12,5,2875
47.0,2,12,6,2884
47.0,2,12,7,2893
47.0,2,12,8,2901
47.0,2,12,9,2910
47.0,2,12,10,2919
47.0,2,12,11,2928
47.0,2,12,12,2937
47.0,2,12,13,2946
47.0,2,12,14,2954
47.0,2,12,15,2963
47.0,2,13,0,2838
47.0,2,13,1,2847
47.0,2,13,2,2856
47.0,2,13,3,2865
47.0,2,13,4,2874
47.0,2,13,5,2884
47.0,2,13,6,2893
47.0,2,13,7,2901
47.0,2,13,8,2910
47.0,2,13,9,2919
47.0,2,13,10,2928
47.0,2,13,11,2937
47.0,2,13,12,2946
47.0,2,13,13,2955
47.0,2,13,14,2964
47.0,2,13,15,2972
47.0,2,14,0,2847
47.0,2,14,1,2856
47.0,2,14,2,2865
47.0,2,14,3,2874
47.0,2,14,4,2883
47.0,2,14,5,2892
47.0,2,14,6,2901
47.0,2,14,7,2910
47.0,2,14,8,2919
47.0,2,14,9,2928
47.0,2,14,10,2937
47.0,2,14,11,2946
47.0,2,14,12,2955
47.0,2,14,13,2964
47.0,2,14,14,2973
47.0,2,14,15,2981
47.0,2,15,0,2856
47.0,2,15,1,2865
47.0,2,15,2,2874
47.0,2,15,3,2883
47.0,2,15,4,2892
47.0,2,15,5,2901
47.0,2,15,6,2910
47.0,2,15,7,2919
47.0,2,15,8,2928
47.0,2,15,9,2937
47.0,2,15,10,2946
47.0,2,15,11,2955
47.0,2,15,12,2964
47.0,2,15,13,2973
47.0,2,15,14,2982
47.0,2,15,15,2991
47.0,3,0,0,2732
47.0,3,0,1,2741
47.0,3,0,2,2750
47.0,3,0,3,2758
47.0,3,0,4,2767
47.0,3,0,5,2776
47.0,3,0,6,2785
47.0,3,0,7,2793
47.0,3,0,8,2802
47.0,3,0,9,2810
47.0,3,0,10,2819
47.0,3,0,11,2827
47.0,3,0,12,2836
47.0,3,0,13,2844
47.0,3,0,14,2853
47.0,3,0,15,2861
47.0,3,1,0,2741
47.0,3,1,1,2750
47.0,3,1,2,2759
47.0,3,1,3,2768
47.0,3,1,4,2776
47.0,3,1,5,2785
47.0,3,1,6,2794
47.0,3,1,7,2803
47.0,3,1,8,2811
47.0,3,1,9,2820
47.0,3,1,10,2828
47.0,3,1,11,2837
47.0,3,1,12,2845
47.0,3,1,13,2854
47.0,3,1,14,2862
47.0,3,1,15,2871
47.0,3,2,0,2750
47.0,3,2,1,2759
47.0,3,2,2,2768
47.0,3,2,3,2777
47.0,3,2,4,2786
47.0,3,2,5,2794
47.0,3,2,6,2803
47.0,3,2,7,2812
47.0,3,2,8,2821
47.0,3,2,9,2829
47.0,3,2,10,2838
47.0,3,2,11,2846
47.0,3,2,12,2855
47.0,3,2,13,2863
47.0,3,2,14,2872
47.0,3,2,15,2880
47.0,3,3,0,2760
47.0,3,3,1,2768
47.0,3,3,2,2777
47.0,3,3,3,2786
47.0,3,3,4,2795
47.0,3,3,5,2804
47.0,3,3,6,2812
47.0,3,3,7,2821
47.0,3,3,8,2830
47.0,3,3,9,2839
47.0,3,3,10,2847
47.0,3,3,11,2856
47.0,3,3,12,2864
47.0,3,3,13,2873
47.0,3,3,14,2881
47.0,3,3,15,2890
47.0,3,4,0,2769
47.0,3,4,1,2778
47.0,3,4,2,2786
47.0,3,4,3,2795
47.0,3,4,4,2804
47.0,3,4,5,2813
47.0,3,4,6,2822
47.0,3,4,7,2830
47.0,3,4,8,2839
47.0,3,4,9,2848
47.0,3,4,10,2857
47.0,3,4,11,2865
47.0,3,4,12,2874
47.0,3,4,13,2882
47.0,3,4,14,2891
47.0,3,4,15,2899
47.0,3,5,0,2778
47.0,3,5,1,2787
47.0,3,5,2,2796
47.0,3,5,3,2804
47.0,3,5,4,2813
47.0,3,5,5,2822
47.0,3,5,6,2831
47.0,3,5,7,2840
47.0,3,5,8,2848
47.0,3,5,9,2857
47.0,3,5,10,2866
47.0,3,5,11,2875
47.0,3,5,12,2883
47.0,3,5,13,2892
47.0,3,5,14,2900
47.0,3,5,15,2909
47.0,3,6,0,2787
47.0,3,6,1,2796
47.0,3,6,2,2805
47.0,3,6,3,2813
47.0,3,6,4,2822
47.0,3,6,5,2831
47.0,3,6,6,2840
47.0,3,6,7,2849
47.0,3,6,8,2858
47.0,3,6,9,2866
47.0,3,6,10,2875
47.0,3,6,11,2884
47.0,3,6,12,2893
47.0,3,6,13,2901
47.0,3,6,14,2910
47.0,3,6,15,2918
47.0,3,7,0,2796
47.0,3,7,1,2805
47.0,3,7,2,2814
47.0,3,7,3,2823
47.0,3,7,4,2831
47.0,3,7,5,2840
47.0,3,7,6,2849
47.0,3,7,7,2858
47.0,3,7,8,2867
47.0,3,7,9,2876
47.0,3,7,10,2884
47.0,3,7,11,2893
47.0,3,7,12,2902
47.0,3,7,13,2911
47.0,3,7,14,2919
47.0,3,7,15,2928
47.0,3,8,0,2805
47.0,3,8,1,2814
47.0,3,8,2,2823
47.0,3,8,3,2832
47.0,3,8,4,2841
47.0,3,8,5,2849
47.0,3,8,6,2858
47.0,3,8,7,2867
47.0,3,8,8,2876
47.0,3,8,9,2885
47.0,3,8,10,2894
47.0,3,8,11,2902
47.0,3,8,12,2911
47.0,3,8,13,2920
47.0,3,8,14,2929
47.0,3,8,15,2937
47.0,3,9,0,2813
47.0,3,9,1,2823
47.0,3,9,2,2832
47.0,3,9,3,2841
47.0,3,9,4,2850
47.0,3,9,5,2859
47.0,3,9,6,2867
47.0,3,9,7,2876
47.0,3,9,8,2885
47.0,3,9,9,2894
47.0,3,9,10,2903
47.0,3,9,11,2912
47.0,3,9,12,2920
47.0,3,9,13,2929
47.0,3,9,14,2938
47.0,3,9,15,2947
47.0,3,10,0,2822
47.0,3,10,1,2831
47.0,3,10,2,2841
47.0,3,10,3,2850
47.0,3,10,4,2859
47.0,3,10,5,2868
47.0,3,10,6,2876
47.0,3,10,7,2885
47.0,3,10,8,2894
47.0,3,10,9,2903
47.0,3,10,10,2912
47.0,3,10,11,2921
47.0,3,10,12,2930
47.0,3,10,13,2938
47.0,3,10,14,2947
47.0,3,10,15,2956
47.0,3,11,0,2831
47.0,3,11,1,2840
47.0,3,11,2,2849
47.0,3,11,3,2859
47.0,3,11,4,2868
47.0,3,11,5,2877
47.0,3,11,6,2886
47.0,3,11,7,2894
47.0,3,11,8,2903
47.0,3,11,9,2912
47.0,3,11,10,2921
47.0,3,11,11,2930
47.0,3,11,12,2939
47.0,3,11,13,2948
47.0,3,11,14,2956
47.0,3,11,15,2965
47.0,3,12,0,2840
47.0,3,12,1,2849
47.0,3,12,2,2858
47.0,3,12,3,2867
47.0,3,12,4,2876
47.0,3,12,5,2886
47.0,3,12,6,2895
47.0,3,12,7,2904
47.0,3,12,8,2912
47.0,3,12,9,2921
47.0,3,12,10,2930
47.0,3,12,11,2939
47.0,3,12,12,2948
47.0,3,12,13,2957
47.0,3,12,14,2966
47.0,3,12,15,2974
47.0,3,13,0,2849
47.0,3,13,1,2858
47.0,3,13,2,2867
47.0,3,13,3,2876
47.0,3,13,4,2885
47.0,3,13,5,2894
47.0,3,13,6,2904
47.0,3,13,7,2913
47.0,3,13,8,2921
47.0,3,13,9,2930
47.0,3,13,10,2939
47.0,3,13,11,2948
47.0,3,13,12,2957
47.0,3,13,13,2966
47.0,3,13,14,2975
47.0,3,13,15,2984
47.0,3,14,0,2858
47.0,3,14,1,2867
47.0,3,14,2,2876
47.0,3,14,3,2885
47.0,3,14,4,2894
47.0,3,14,5,2903
47.0,3,14,6,2912
47.0,3,14,7,2921
47.0,3,14,8,2930
47.0,3,14,9,2939
47.0,3,14,10,2948
47.0,3,14,11,2957
47.0,3,14,12,2966
47.0,3,14,13,2975
47.0,3,14,14,2984
47.0,3,14,15,2993
47.0,3,15,0,2866
47.0,3,15,1,2876
47.0,3,15,2,2885
47.0,3,15,3,2894
47.0,3,15,4,2903
47.0,3,15,5,2912
47.0,3,15,6,2921
47.0,3,15,7,2930
47.0,3,15,8,2939
47.0,3,15,9,2948
47.0,3,15,10,2957
47.0,3,15,11,2966
47.0,3,15,12,2975
47.0,3,15,13,2984
47.0,3,15,14,2993
47.0,3,15,15,3002
47.0,4,0,0,2743
47.0,4,0,1,2751
47.0,4,0,2,2760
47.0,4,0,3,2769
47.0,4,0,4,2778
47.0,4,0,5,2786
47.0,4,0,6,2795
47.0,4,0,7,2804
47.0,4,0,8,2812
47.0,4,0,9,2821
47.0,4,0,10,2830
47.0,4,0,11,2838
47.0,4,0,12,2847
47.0,4,0,13,2855
47.0,4,0,14,2864
47.0,4,0,15,2872
47.0,4,1,0,2752
47.0,4,1,1,2761
47.0,4,1,2,2769
47.0,4,1,3,2778
47.0,4,1,4,2787
47.0,4,1,5,2796
47.0,4,1,6,2804
47.0,4,1,7,2813
47.0,4,1,8,2822
47.0,4,1,9,2830
47.0,4,1,10,2839
47.0,4,1,11,2848
47.0,4,1,12,2856
47.0,4,1,13,2865
47.0,4,1,14,2873
47.0,4,1,15,2882
47.0,4,2,0,2761
47.0,4,2,1,2770
47.0,4,2,2,2779
47.0,4,2,3,2787
47.0,4,2,4,2796
47.0,4,2,5,2805
47.0,4,2,6,2814
47.0,4,2,7,2823
47.0,4,2,8,2831
47.0,4,2,9,2840
47.0,4,2,10,2849
47.0,4,2,11,2857
47.0,4,2,12,2866
47.0,4,2,13,2874
47.0,4,2,14,2883
47.0,4,2,15,2891
47.0,4,3,0,2770
47.0,4,3,1,2779
47.0,4,3,2,2788
47.0,4,3,3,2797
47.0,4,3,4,2806
47.0,4,3,5,2814
47.0,4,3,6,2823
47.0,4,3,7,2832
47.0,4,3,8,2841
47.0,4,3,9,2849
47.0,4,3,10,2858
47.0,4,3,11,2867
47.0,4,3,12,2875
47.0,4,3,13,2884
47.0,4,3,14,2892
47.0,4,3,15,2901
47.0,4,4,0,2779
47.0,4,4,1,2788
47.0,4,4,2,2797
47.0,4,4,3,2806
47.0,4,4,4,2815
47.0,4,4,5,2824
47.0,4,4,6,2832
47.0,4,4,7,2841
47.0,4,4,8,2850
47.0,4,4,9,2859
47.0,4,4,10,2867
47.0,4,4,11,2876
47.0,4,4,12,2885
47.0,4,4,13,2893
47.0,4,4,14,2902
47.0,4,4,15,2910
47.0,4,5,0,2788
47.0,4,5,1,2797
47.0,4,5,2,2806
47.0,4,5,3,2815
47.0,4,5,4,2824
47.0,4,5,5,2833
47.0,4,5,6,2842
47.0,4,5,7,2850
47.0,4,5,8,2859
47.0,4,5,9,2868
47.0,4,5,10,2877
47.0,4,5,11,2885
47.0,4,5,12,2894
47.0,4,5,13,2903
47.0,4,5,14,2911
47.0,4,5,15,2920
47.0,4,6,0,2797
47.0,4,6,1,2806
47.0,4,6,2,2815
47.0,4,6,3,2824
47.0,4,6,4,2833
47.0,4,6,5,2842
47.0,4,6,6,2851
47.0,4,6,7,2860
47.0,4,6,8,2868
47.0,4,6,9,2877
47.0,4,6,10,2886
47.0,4,6,11,2895
47.0,4,6,12,2903
47.0,4,6,13,2912
47.0,4,6,14,2921
47.0,4,6,15,2929
47.0,4,7,0,2806
47.0,4,7,1,2815
47.0,4,7,2,2824
47.0,4,7,3,2833
47.0,4,7,4,2842
47.0,4,7,5,2851
47.0,4,7,6,2860
47.0,4,7,7,2869
47.0,4,7,8,2878
47.0,4,7,9,2887
47.0,4,7,10,2895
47.0,4,7,11,2904
47.0,4,7,12,2913
47.0,4,7,13,2922
47.0,4,7,14,2930
47.0,4,7,15,2939
47.0,4,8,0,2815
47.0,4,8,1,2824
47.0,4,8,2,2833
47.0,4,8,3,2842
47.0,4,8,4,2851
47.0,4,8,5,2860
47.0,4,8,6,2869
47.0,4,8,7,2878
47.0,4,8,8,2887
47.0,4,8,9,2896
47.0,4,8,10,2905
47.0,4,8,11,2913
47.0,4,8,12,2922
47.0,4,8,13,2931
47.0,4,8,14,2940
47.0,4,8,15,2948
47.0,4,9,0,2824
47.0,4,9,1,2833
47.0,4,9,2,2842
47.0,4,9,3,2851
47.0,4,9,4,2860
47.0,4,9,5,2869
47.0,4,9,6,2878
47.0,4,9,7,2887
47.0,4,9,8,2896
47.0,4,9,9,2905
47.0,4,9,10,2914
47.0,4,9,11,2923
47.0,4,9,12,2931
47.0,4,9,13,2940
47.0,4,9,14,2949
47.0,4,9,15,2958
47.0,4,10,0,2833
47.0,4,10,1,2842
47.0,4,10,2,2851
47.0,4,10,3,2860
47.0,4,10,4,2869
47.0,4,10,5,2878
47.0,4,10,6,2887
47.0,4,10,7,2896
47.0,4,10,8,2905
47.0,4,10,9,2914
47.0,4,10,10,2923
47.0,4,10,11,2932
47.0,4,10,12,2941
47.0,4,10,13,2950
47.0,4,10,14,2958
47.0,4,10,15,2967
47.0,4,11,0,2842
47.0,4,11,1,2851
47.0,4,11,2,2860
47.0,4,11,3,2869
47.0,4,11,4,2878
47.0,4,11,5,2887
47.0,4,11,6,2896
47.0,4,11,7,2905
47.0,4,11,8,2914
47.0,4,11,9,2923
47.0,4,11,10,2932
47.0,4,11,11,2941
47.0,4,11,12,2950
47.0,4,11,13,2959
47.0,4,11,14,2968
47.0,4,11,15,2976
47.0,4,12,0,2851
47.0,4,12,1,2860
47.0,4,12,2,2869
47.0,4,12,3,2878
47.0,4,12,4,2887
47.0,4,12,5,2896
47.0,4,12,6,2905
47.0,4,12,7,2915
47.0,4,12,8,2923
47.0,4,12,9,2932
47.0,4,12,10,2941
47.0,4,12,11,2950
47.0,4,12,12,2959
47.0,4,12,13,2968
47.0,4,12,14,2977
47.0,4,12,15,2986
47.0,4,13,0,2860
47.0,4,13,1,2869
47.0,4,13,2,2878
47.0,4,13,3,2887
47.0,4,13,4,2896
47.0,4,13,5,2905
47.0,4,13,6,2915
47.0,4,13,7,2924
47.0,4,13,8,2933
47.0,4,13,9,2942
47.0,4,13,10,2950
47.0,4,13,11,2959
47.0,4,13,12,2968
47.0,4,13,13,2977
47.0,4,13,14,2986
47.0,4,13,15,2995
47.0,4,14,0,2868
47.0,4,14,1,2878
47.0,4,14,2,2887
47.0,4,14,3,2896
47.0,4,14,4,2905
47.0,4,14,5,2914
47.0,4,14,6,2923
47.0,4,14,7,2933
47.0,4,14,8,2942
47.0,4,14,9,2951
47.0,4,14,10,2960
47.0,4,14,11,2969
47.0,4,14,12,2977
47.0,4,14,13,2986
47.0,4,14,14,2995
47.0,4,14,15,3004
47.0,4,15,0,2877
47.0,4,15,1,2887
47.0,4,15,2,2896
47.0,4,15,3,2905
47.0,4,15,4,2914
47.0,4,15,5,2923
47.0,4,15,6,2932
47.0,4,15,7,2942
47.0,4,15,8,2951
47.0,4,15,9,2960
47.0,4,15,10,2969
47.0,4,15,11,2978
47.0,4,15,12,2987
47.0,4,15,13,2996
47.0,4,15,14,3004
47.0,4,15,15,3013
47.0,5,0,0,2753
47.0,5,0,1,2762
47.0,5,0,2,2771
47.0,5,0,3,2779
47.0,5,0,4,2788
47.0,5,0,5,2797
47.0,5,0,6,2806
47.0,5,0,7,2814
47.0,5,0,8,2823
47.0,5,0,9,2832
47.0,5,0,10,2840
47.0,5,0,11,2849
47.0,5,0,12,2857
47.0,5,0,13,2866
47.0,5,0,14,2875
47.0,5,0,15,2883
47.0,5,1,0,2762
47.0,5,1,1,2771
47.0,5,1,2,2780
47.0,5,1,3,2789
47.0,5,1,4,2798
47.0,5,1,5,2806
47.0,5,1,6,2815
47.0,5,1,7,2824
47.0,5,1,8,2832
47.0,5,1,9,2841
47.0,5,1,10,2850
47.0,5,1,11,2858
47.0,5,1,12,2867
47.0,5,1,13,2876
47.0,5,1,14,2884
47.0,5,1,15,2893
47.0,5,2,0,2771
47.0,5,2,1,2780
47.0,5,2,2,2789
47.0,5,2,3,2798
47.0,5,2,4,2807
47.0,5,2,5,2816
47.0,5,2,6,2824
47.0,5,2,7,2833
47.0,5,2,8,2842
47.0,5,2,9,2851
47.0,5,2,10,2859
47.0,5,2,11,2868
47.0,5,2,12,2877
47.0,5,2,13,2885
47.0,5,2,14,2894
47.0,5,2,15,2902
47.0,5,3,0,2780
47.0,5,3,1,2789
47.0,5,3,2,2798
47.0,5,3,3,2807
47.0,5,3,4,2816
47.0,5,3,5,2825
47.0,5,3,6,2834
47.0,5,3,7,2843
47.0,5,3,8,2851
47.0,5,3,9,2860
47.0,5,3,10,2869
47.0,5,3,11,2877
47.0,5,3,12,2886
47.0,5,3,13,2895
47.0,5,3,14,2903
47.0,5,3,15,2912
47.0,5,4,0,2790
47.0,5,4,1,2799
47.0,5,4,2,2808
47.0,5,4,3,2816
47.0,5,4,4,2825
47.0,5,4,5,2834
47.0,5,4,6,2843
47.0,5,4,7,2852
47.0,5,4,8,2861
47.0,5,4,9,2869
47.0,5,4,10,2878
47.0,5,4,11,2887
47.0,5,4,12,2896
47.0,5,4,13,2904
47.0,5,4,14,2913
47.0,5,4,15,2921
47.0,5,5,0,2799
47.0,5,5,1,2808
47.0,5,5,2,2817
47.0,5,5,3,2826
47.0,5,5,4,2835
47.0,5,5,5,2843
47.0,5,5,6,2852
47.0,5,5,7,2861
47.0,5,5,8,2870
47.0,5,5,9,2879
47.0,5,5,10,2888
47.0,5,5,11,2896
47.0,5,5,12,2905
47.0,5,5,13,2914
47.0,5,5,14,2922
47.0,5,5,15,2931
47.0,5,6,0,2808
47.0,5,6,1,2817
47.0,5,6,2,2826
47.0,5,6,3,2835
47.0,5,6,4,2844
47.0,5,6,5,2853
47.0,5,6,6,2862
47.0,5,6,7,2870
47.0,5,6,8,2879
47.0,5,6,9,2888
47.0,5,6,10,2897
47.0,5,6,11,2906
47.0,5,6,12,2914
47.0,5,6,13,2923
47.0,5,6,14,2932
47.0,5,6,15,2941
47.0,5,7,0,2817
47.0,5,7,1,2826
47.0,5,7,2,2835
47.0,5,7,3,2844
47.0,5,7,4,2853
47.0,5,7,5,2862
47.0,5,7,6,2871
47.0,5,7,7,2880
47.0,5,7,8,2889
47.0,5,7,9,2897
47.0,5,7,10,2906
47.0,5,7,11,2915
47.0,5,7,12,2924
47.0,5,7,13,2933
47.0,5,7,14,2941
47.0,5,7,15,2950
47.0,5,8,0,2826
47.0,5,8,1,2835
47.0,5,8,2,2844
47.0,5,8,3,2853
47.0,5,8,4,2862
47.0,5,8,5,2871
47.0,5,8,6,2880
47.0,5,8,7,2889
47.0,5,8,8,2898
47.0,5,8,9,2907
47.0,5,8,10,2916
47.0,5,8,11,2924
47.0,5,8,12,2933
47.0,5,8,13,2942
47.0,5,8,14,2951
47.0,5,8,15,2959
47.0,5,9,0,2835
47.0,5,9,1,2844
47.0,5,9,2,2853
47.0,5,9,3,2862
47.0,5,9,4,2871
47.0,5,9,5,2880
47.0,5,9,6,2889
47.0,5,9,7,2898
47.0,5,9,8,2907
47.0,5,9,9,2916
47.0,5,9,10,2925
47.0,5,9,11,2934
47.0,5,9,12,2943
47.0,5,9,13,2951
47.0,5,9,14,2960
47.0,5,9,15,2969
47.0,5,10,0,2844
47.0,5,10,1,2853
47.0,5,10,2,2862
47.0,5,10,3,2871
47.0,5,10,4,2880
47.0,5,10,5,2889
47.0,5,10,6,2898
47.0,5,10,7,2907
47.0,5,10,8,2916
47.0,5,10,9,2925
47.0,5,10,10,2934
47.0,5,10,11,2943
47.0,5,10,12,2952
47.0,5,10,13,2961
47.0,5,10,14,2969
47.0,5,10,15,2978
47.0,5,11,0,2853
47.0,5,11,1,2862
47.0,5,11,2,2871
47.0,5,11,3,2880
47.0,5,11,4,2889
47.0,5,11,5,2898
47.0,5,11,6,2907
47.0,5,11,7,2916
47.0,5,11,8,2925
47.0,5,11,9,2934
47.0,5,11,10,2943
47.0,5,11,11,2952
47.0,5,11,12,2961
47.0,5,11,13,2970
47.0,5,11,14,2979
47.0,5,11,15,2988
47.0,5,12,0,2862
47.0,5,12,1,2871
47.0,5,12,2,2880
47.0,5,12,3,2889
47.0,5,12,4,2898
47.0,5,12,5,2907
47.0,5,12,6,2916
47.0,5,12,7,2926
47.0,5,12,8,2935
47.0,5,12,9,2944
47.0,5,12,10,2952
47.0,5,12,11,2961
47.0,5,12,12,2970
47.0,5,12,13,2979
47.0,5,12,14,2988
47.0,5,12,15,2997
47.0,5,13,0,2870
47.0,5,13,1,2880
47.0,5,13,2,2889
47.0,5,13,3,2898
47.0,5,13,4,2907
47.0,5,13,5,2916
47.0,5,13,6,2926
47.0,5,13,7,2935
47.0,5,13,8,2944
47.0,5,13,9,2953
47.0,5,13,10,2962
47.0,5,13,11,2971
47.0,5,13,12,2980
47.0,5,13,13,2988
47.0,5,13,14,2997
47.0,5,13,15,3006
47.0,5,14,0,2879
47.0,5,14,1,2889
47.0,5,14,2,2898
47.0,5,14,3,2907
47.0,5,14,4,2916
47.0,5,14,5,2925
47.0,5,14,6,2935
47.0,5,14,7,2944
47.0,5,14,8,2953
47.0,5,14,9,2962
47.0,5,14,10,2971
47.0,5,14,11,2980
47.0,5,14,12,2989
47.0,5,14,13,2998
47.0,5,14,14,3007
47.0,5,14,15,3015
47.0,5,15,0,2888
47.0,5,15,1,2897
47.0,5,15,2,2907
47.0,5,15,3,2916
47.0,5,15,4,2925
47.0,5,15,5,2934
47.0,5,15,6,2944
47.0,5,15,7,2953
47.0,5,15,8,2962
47.0,5,15,9,2971
47.0,5,15,10,2980
47.0,5,15,11,2989
47.0,5,15,12,2998
47.0,5,15,13,3007
47.0,5,15,14,3016
47.0,5,15,15,3025
47.0,6,0,0,2763
47.0,6,0,1,2772
47.0,6,0,2,2781
47.0,6,0,3,2790
47.0,6,0,4,2799
47.0,6,0,5,2807
47.0,6,0,6,2816
47.0,6,0,7,2825
47.0,6,0,8,2834
47.0,6,0,9,2842
47.0,6,0,10,2851
47.0,6,0,11,2860
47.0,6,0,12,2868
47.0,6,0,13,2877
47.0,6,0,14,2885
47.0,6,0,15,2894
47.0,6,1,0,2772
47.0,6,1,1,2781
47.0,6,1,2,2790
47.0,6,1,3,2799
47.0,6,1,4,2808
47.0,6,1,5,2817
47.0,6,1,6,2826
47.0,6,1,7,2834
47.0,6,1,8,2843
47.0,6,1,9,2852
47.0,6,1,10,2861
47.0,6,1,11,2869
47.0,6,1,12,2878
47.0,6,1,13,2886
47.0,6,1,14,2895
47.0,6,1,15,2904
47.0,6,2,0,2782
47.0,6,2,1,2791
47.0,6,2,2,2800
47.0,6,2,3,2809
47.0,6,2,4,2817
47.0,6,2,5,2826
47.0,6,2,6,2835
47.0,6,2,7,2844
47.0,6,2,8,2853
47.0,6,2,9,2861
47.0,6,2,10,2870
47.0,6,2,11,2879
47.0,6,2,12,2887
47.0,6,2,13,2896
47.0,6,2,14,2905
47.0,6,2,15,2913
47.0,6,3,0,2791
47.0,6,3,1,2800
47.0,6,3,2,2809
47.0,6,3,3,2818
47.0,6,3,4,2827
47.0,6,3,5,2836
47.0,6,3,6,2844
47.0,6,3,7,2853
47.0,6,3,8,2862
47.0,6,3,9,2871
47.0,6,3,10,2880
47.0,6,3,11,2888
47.0,6,3,12,2897
47.0,6,3,13,2906
47.0,6,3,14,2914
47.0,6,3,15,2923
47.0,6,4,0,2800
47.0,6,4,1,2809
47.0,6,4,2,2818
47.0,6,4,3,2827
47.0,6,4,4,2836
47.0,6,4,5,2845
47.0,6,4,6,2854
47.0,6,4,7,2863
47.0,6,4,8,2871
47.0,6,4,9,2880
47.0,6,4,10,2889
47.0,6,4,11,2898
47.0,6,4,12,2906
47.0,6,4,13,2915
47.0,6,4,14,2924
47.0,6,4,15,2932
47.0,6,5,0,2809
47.0,6,5,1,2818
47.0,6,5,2,2827
47.0,6,5,3,2836
47.0,6,5,4,2845
47.0,6,5,5,2854
47.0,6,5,6,2863
47.0,6,5,7,2872
47.0,6,5,8,2881
47.0,6,5,9,2890
47.0,6,5,10,2898
47.0,6,5,11,2907
47.0,6,5,12,2916
47.0,6,5,13,2925
47.0,6,5,14,2933
47.0,6,5,15,2942
47.0,6,6,0,2818
47.0,6,6,1,2827
47.0,6,6,2,2836
47.0,6,6,3,2845
47.0,6,6,4,2854
47.0,6,6,5,2863
47.0,6,6,6,2872
47.0,6,6,7,2881
47.0,6,6,8,2890
47.0,6,6,9,2899
47.0,6,6,10,2908
47.0,6,6,11,2917
47.0,6,6,12,2925
47.0,6,6,13,2934
47.0,6,6,14,2943
47.0,6,6,15,2952
47.0,6,7,0,2827
47.0,6,7,1,2837
47.0,6,7,2,2846
47.0,6,7,3,2855
47.0,6,7,4,2864
47.0,6,7,5,2873
47.0,6,7,6,2882
47.0,6,7,7,2891
47.0,6,7,8,2899
47.0,6,7,9,2908
47.0,6,7,10,2917
47.0,6,7,11,2926
47.0,6,7,12,2935
47.0,6,7,13,2944
47.0,6,7,14,2952
47.0,6,7,15,2961
47.0,6,8,0,2836
47.0,6,8,1,2846
47.0,6,8,2,2855
47.0,6,8,3,2864
47.0,6,8,4,2873
47.0,6,8,5,2882
47.0,6,8,6,2891
47.0,6,8,7,2900
47.0,6,8,8,2909
47.0,6,8,9,2918
47.0,6,8,10,2927
47.0,6,8,11,2935
47.0,6,8,12,2944
47.0,6,8,13,2953
47.0,6,8,14,2962
47.0,6,8,15,2971
47.0,6,9,0,2845
47.0,6,9,1,2855
47.0,6,9,2,2864
47.0,6,9,3,2873
47.0,6,9,4,2882
47.0,6,9,5,2891
47.0,6,9,6,2900
47.0,6,9,7,2909
47.0,6,9,8,2918
47.0,6,9,9,2927
47.0,6,9,10,2936
47.0,6,9,11,2945
47.0,6,9,12,2954
47.0,6,9,13,2962
47.0,6,9,14,2971
47.0,6,9,15,2980
47.0,6,10,0,2854
47.0,6,10,1,2864
47.0,6,10,2,2873
47.0,6,10,3,2882
47.0,6,10,4,2891
47.0,6,10,5,2900
47.0,6,10,6,2909
47.0,6,10,7,2918
47.0,6,10,8,2927
47.0,6,10,9,2936
47.0,6,10,10,2945
47.0,6,10,11,2954
47.0,6,10,12,2963
47.0,6,10,13,2972
47.0,6,10,14,2981
47.0,6,10,15,2989
47.0,6,11,0,2863
47.0,6,11,1,2873
47.0,6,11,2,2882
47.0,6,11,3,2891
47.0,6,11,4,2900
47.0,6,11,5,2909
47.0,6,11,6,2918
47.0,6,11,7,2927
47.0,6,11,8,2936
47.0,6,11,9,2945
47.0,6,11,10,2954
47.0,6,11,11,2963
47.0,6,11,12,2972
47.0,6,11,13,2981
47.0,6,11,14,2990
47.0,6,11,15,2999
47.0,6,12,0,2872
47.0,6,12,1,2882
47.0,6,12,2,2891
47.0,6,12,3,2900
47.0,6,12,4,2909
47.0,6,12,5,2918
47.0,6,12,6,2927
47.0,6,12,7,2937
47.0,6,12,8,2946
47.0,6,12,9,2955
47.0,6,12,10,2964
47.0,6,12,11,2973
47.0,6,12,12,2981
47.0,6,12,13,2990
47.0,6,12,14,2999
47.0,6,12,15,3008
47.0,6,13,0,2881
47.0,6,13,1,2891
47.0,6,13,2,2900
47.0,6,13,3,2909
47.0,6,13,4,2918
47.0,6,13,5,2927
47.0,6,13,6,2937
47.0,6,13,7,2946
47.0,6,13,8,2955
47.0,6,13,9,2964
47.0,6,13,10,2973
47.0,6,13,11,2982
47.0,6,13,12,2991
47.0,6,13,13,3000
47.0,6,13,14,3009
47.0,6,13,15,3017
47.0,6,14,0,2890
47.0,6,14,1,2899
47.0,6,14,2,2909
47.0,6,14,3,2918
47.0,6,14,4,2927
47.0,6,14,5,2936
47.0,6,14,6,2946
47.0,6,14,7,2955
47.0,6,14,8,2964
47.0,6,14,9,2973
47.0,6,14,10,2982
47.0,6,14,11,2991
47.0,6,14,12,3000
47.0,6,14,13,3009
47.0,6,14,14,3018
47.0,6,14,15,3027
47.0,6,15,0,2899
47.0,6,15,1,2908
47.0,6,15,2,2918
47.0,6,15,3,2927
47.0,6,15,4,2936
47.0,6,15,5,2945
47.0,6,15,6,2955
47.0,6,15,7,2964
47.0,6,15,8,2973
47.0,6,15,9,2982
47.0,6,15,10,2991
47.0,6,15,11,3000
47.0,6,15,12,3009
47.0,6,15,13,3018
47.0,6,15,14,3027
47.0,6,15,15,3036
47.0,7,0,0,2774
47.0,7,0,1,2783
47.0,7,0,2,2791
47.0,7,0,3,2800
47.0,7,0,4,2809
47.0,7,0,5,2818
47.0,7,0,6,2827
47.0,7,0,7,2836
47.0,7,0,8,2844
47.0,7,0,9,2853
47.0,7,0,10,2862
47.0,7,0,11,2870
47.0,7,0,12,2879
47.0,7,0,13,2888
47.0,7,0,14,2896
47.0,7,0,15,2905
47.0,7,1,0,2783
47.0,7,1,1,2792
47.0,7,1,2,2801
47.0,7,1,3,2810
47.0,7,1,4,2819
47.0,7,1,5,2827
47.0,7,1,6,2836
47.0,7,1,7,2845
47.0,7,1,8,2854
47.0,7,1,9,2863
47.0,7,1,10,2871
47.0,7,1,11,2880
47.0,7,1,12,2889
47.0,7,1,13,2897
47.0,7,1,14,2906
47.0,7,1,15,2914
47.0,7,2,0,2792
47.0,7,2,1,2801
47.0,7,2,2,2810
47.0,7,2,3,2819
47.0,7,2,4,2828
47.0,7,2,5,2837
47.0,7,2,6,2846
47.0,7,2,7,2854
47.0,7,2,8,2863
47.0,7,2,9,2872
47.0,7,2,10,2881
47.0,7,2,11,2890
47.0,7,2,12,2898
47.0,7,2,13,2907
47.0,7,2,14,2916
47.0,7,2,15,2924
47.0,7,3,0,2801
47.0,7,3,1,2810
47.0,7,3,2,2819
47.0,7,3,3,2828
47.0,7,3,4,2837
47.0,7,3,5,2846
47.0,7,3,6,2855
47.0,7,3,7,2864
47.0,7,3,8,2873
47.0,7,3,9,2882
47.0,7,3,10,2890
47.0,7,3,11,2899
47.0,7,3,12,2908
47.0,7,3,13,2916
47.0,7,3,14,2925
47.0,7,3,15,2934
47.0,7,4,0,2811
47.0,7,4,1,2820
47.0,7,4,2,2829
47.0,7,4,3,2838
47.0,7,4,4,2847
47.0,7,4,5,2856
47.0,7,4,6,2864
47.0,7,4,7,2873
47.0,7,4,8,2882
47.0,7,4,9,2891
47.0,7,4,10,2900
47.0,7,4,11,2909
47.0,7,4,12,2917
47.0,7,4,13,2926
47.0,7,4,14,2935
47.0,7,4,15,2943
47.0,7,5,0,2820
47.0,7,5,1,2829
47.0,7,5,2,2838
47.0,7,5,3,2847
47.0,7,5,4,2856
47.0,7,5,5,2865
47.0,7,5,6,2874
47.0,7,5,7,2883
47.0,7,5,8,2892
47.0,7,5,9,2900
47.0,7,5,10,2909
47.0,7,5,11,2918
47.0,7,5,12,2927
47.0,7,5,13,2936
47.0,7,5,14,2944
47.0,7,5,15,2953
47.0,7,6,0,2829
47.0,7,6,1,2838
47.0,7,6,2,2847
47.0,7,6,3,2856
47.0,7,6,4,2865
47.0,7,6,5,2874
47.0,7,6,6,2883
47.0,7,6,7,2892
47.0,7,6,8,2901
47.0,7,6,9,2910
47.0,7,6,10,2919
47.0,7,6,11,2928
47.0,7,6,12,2936
47.0,7,6,13,2945
47.0,7,6,14,2954
47.0,7,6,15,2963
47.0,7,7,0,2838
47.0,7,7,1,2847
47.0,7,7,2,2856
47.0,7,7,3,2865
47.0,7,7,4,2874
47.0,7,7,5,2883
47.0,7,7,6,2892
47.0,7,7,7,2901
47.0,7,7,8,2910
47.0,7,7,9,2919
47.0,7,7,10,2928
47.0,7,7,11,2937
47.0,7,7,12,2946
47.0,7,7,13,2955
47.0,7,7,14,2963
47.0,7,7,15,2972
47.0,7,8,0,2847
47.0,7,8,1,2856
47.0,7,8,2,2865
47.0,7,8,3,2874
47.0,7,8,4,2884
47.0,7,8,5,2893
47.0,7,8,6,2902
47.0,7,8,7,2911
47.0,7,8,8,2920
47.0,7,8,9,2929
47.0,7,8,10,2937
47.0,7,8,11,2946
47.0,7,8,12,2955
47.0,7,8,13,2964
47.0,7,8,14,2973
47.0,7,8,15,2982
47.0,7,9,0,2856
47.0,7,9,1,2865
47.0,7,9,2,2874
47.0,7,9,3,2884
47.0,7,9,4,2893
47.0,7,9,5,2902
47.0,7,9,6,2911
47.0,7,9,7,2920
47.0,7,9,8,2929
47.0,7,9,9,2938
47.0,7,9,10,2947
47.0,7,9,11,2956
47.0,7,9,12,2965
47.0,7,9,13,2974
47.0,7,9,14,2982
47.0,7,9,15,2991
47.0,7,10,0,2865
47.0,7,10,1,2874
47.0,7,10,2,2884
47.0,7,10,3,2893
47.0,7,10,4,2902
47.0,7,10,5,2911
47.0,7,10,6,2920
47.0,7,10,7,2929
47.0,7,10,8,2938
47.0,7,10,9,2947
47.0,7,10,10,2956
47.0,7,10,11,2965
47.0,7,10,12,2974
47.0,7,10,13,2983
47.0,7,10,14,2992
47.0,7,10,15,3001
47.0,7,11,0,2874
47.0,7,11,1,2883
47.0,7,11,2,2893
47.0,7,11,3,2902
47.0,7,11,4,2911
47.0,7,11,5,2920
47.0,7,11,6,2929
47.0,7,11,7,2938
47.0,7,11,8,2947
47.0,7,11,9,2956
47.0,7,11,10,2965
47.0,7,11,11,2974
47.0,7,11,12,2983
47.0,7,11,13,2992
47.0,7,11,14,3001
47.0,7,11,15,3010
47.0,7,12,0,2883
47.0,7,12,1,2892
47.0,7,12,2,2902
47.0,7,12,3,2911
47.0,7,12,4,2920
47.0,7,12,5,2929
47.0,7,12,6,2938
47.0,7,12,7,2948
47.0,7,12,8,2957
47.0,7,12,9,2966
47.0,7,12,10,2975
47.0,7,12,11,2984
47.0,7,12,12,2993
47.0,7,12,13,3002
47.0,7,12,14,3011
47.0,7,12,15,3019
47.0,7,13,0,2892
47.0,7,13,1,2901
47.0,7,13,2,2911
47.0,7,13,3,2920
47.0,7,13,4,2929
47.0,7,13,5,2938
47.0,7,13,6,2948
47.0,7,13,7,2957
47.0,7,13,8,2966
47.0,7,13,9,2975
47.0,7,13,10,2984
47.0,7,13,11,2993
47.0,7,13,12,3002
47.0,7,13,13,3011
47.0,7,13,14,3020
47.0,7,13,15,3029
47.0,7,14,0,2901
47.0,7,14,1,2910
47.0,7,14,2,2920
47.0,7,14,3,2929
47.0,7,14,4,2938
47.0,7,14,5,2947
47.0,7,14,6,2957
47.0,7,14,7,2966
47.0,7,14,8,2975
47.0,7,14,9,2984
47.0,7,14,10,2993
47.0,7,14,11,3002
47.0,7,14,12,3011
47.0,7,14,13,3020
47.0,7,14,14,3029
47.0,7,14,15,3038
47.0,7,15,0,2910
47.0,7,15,1,2919
47.0,7,15,2,2929
47.0,7,15,3,2938
47.0,7,15,4,2947
47.0,7,15,5,2956
47.0,7,15,6,2966
47.0,7,15,7,2975
47.0,7,15,8,2984
47.0,7,15,9,2993
47.0,7,15,10,3002
47.0,7,15,11,3011
47.0,7,15,12,3020
47.0,7,15,13,3029
47.0,7,15,14,3038
47.0,7,15,15,3047
47.0,8,0,0,2784
47.0,8,0,1,2793
47.0,8,0,2,2802
47.0,8,0,3,2811
47.0,8,0,4,2820
47.0,8,0,5,2828
47.0,8,0,6,2837
47.0,8,0,7,2846
47.0,8,0,8,2855
47.0,8,0,9,2864
47.0,8,0,10,2872
47.0,8,0,11,2881
47.0,8,0,12,2890
47.0,8,0,13,2898
47.0,8,0,14,2907
47.0,8,0,15,2916
47.0,8,1,0,2793
47.0,8,1,1,2802
47.0,8,1,2,2811
47.0,8,1,3,2820
47.0,8,1,4,2829
47.0,8,1,5,2838
47.0,8,1,6,2847
47.0,8,1,7,2856
47.0,8,1,8,2864
47.0,8,1,9,2873
47.0,8,1,10,2882
47.0,8,1,11,2891
47.0,8,1,12,2899
47.0,8,1,13,2908
47.0,8,1,14,2917
47.0,8,1,15,2925
47.0,8,2,0,2803
47.0,8,2,1,2812
47.0,8,2,2,2821
47.0,8,2,3,2830
47.0,8,2,4,2838
47.0,8,2,5,2847
47.0,8,2,6,2856
47.0,8,2,7,2865
47.0,8,2,8,2874
47.0,8,2,9,2883
47.0,8,2,10,2892
47.0,8,2,11,2900
47.0,8,2,12,2909
47.0,8,2,13,2918
47.0,8,2,14,2926
47.0,8,2,15,2935
47.0,8,3,0,2812
47.0,8,3,1,2821
47.0,8,3,2,2830
47.0,8,3,3,2839
47.0,8,3,4,2848
47.0,8,3,5,2857
47.0,8,3,6,2866
47.0,8,3,7,2875
47.0,8,3,8,2883
47.0,8,3,9,2892
47.0,8,3,10,2901
47.0,8,3,11,2910
47.0,8,3,12,2919
47.0,8,3,13,2927
47.0,8,3,14,2936
47.0,8,3,15,2945
47.0,8,4,0,2821
47.0,8,4,1,2830
47.0,8,4,2,2839
47.0,8,4,3,2848
47.0,8,4,4,2857
47.0,8,4,5,2866
47.0,8,4,6,2875
47.0,8,4,7,2884
47.0,8,4,8,2893
47.0,8,4,9,2902
47.0,8,4,10,2911
47.0,8,4,11,2919
47.0,8,4,12,2928
47.0,8,4,13,2937
47.0,8,4,14,2946
47.0,8,4,15,2954
47.0,8,5,0,2830
47.0,8,5,1,2839
47.0,8,5,2,2848
47.0,8,5,3,2858
47.0,8,5,4,2867
47.0,8,5,5,2876
47.0,8,5,6,2885
47.0,8,5,7,2893
47.0,8,5,8,2902
47.0,8,5,9,2911
47.0,8,5,10,2920
47.0,8,5,11,2929
47.0,8,5,12,2938
47.0,8,5,13,2947
47.0,8,5,14,2955
47.0,8,5,15,2964
47.0,8,6,0,2839
47.0,8,6,1,2849
47.0,8,6,2,2858
47.0,8,6,3,2867
47.0,8,6,4,2876
47.0,8,6,5,2885
47.0,8,6,6,2894
47.0,8,6,7,2903
47.0,8,6,8,2912
47.0,8,6,9,2921
47.0,8,6,10,2930
47.0,8,6,11,2938
47.0,8,6,12,2947
47.0,8,6,13,2956
47.0,8,6,14,2965
47.0,8,6,15,2974
47.0,8,7,0,2849
47.0,8,7,1,2858
47.0,8,7,2,2867
47.0,8,7,3,2876
47.0,8,7,4,2885
47.0,8,7,5,2894
47.0,8,7,6,2903
47.0,8,7,7,2912
47.0,8,7,8,2921
47.0,8,7,9,2930
47.0,8,7,10,2939
47.0,8,7,11,2948
47.0,8,7,12,2957
47.0,8,7,13,2966
47.0,8,7,14,2974
47.0,8,7,15,2983
47.0,8,8,0,2858
47.0,8,8,1,2867
47.0,8,8,2,2876
47.0,8,8,3,2885
47.0,8,8,4,2894
47.0,8,8,5,2903
47.0,8,8,6,2912
47.0,8,8,7,2922
47.0,8,8,8,2931
47.0,8,8,9,2940
47.0,8,8,10,2948
47.0,8,8,11,2957
47.0,8,8,12,2966
47.0,8,8,13,2975
47.0,8,8,14,2984
47.0,8,8,15,2993
47.0,8,9,0,2867
47.0,8,9,1,2876
47.0,8,9,2,2885
47.0,8,9,3,2894
47.0,8,9,4,2904
47.0,8,9,5,2913
47.0,8,9,6,2922
47.0,8,9,7,2931
47.0,8,9,8,2940
47.0,8,9,9,2949
47.0,8,9,10,2958
47.0,8,9,11,2967
47.0,8,9,12,2976
47.0,8,9,13,2985
47.0,8,9,14,2993
47.0,8,9,15,3002
47.0,8,10,0,2876
47.0,8,10,1,2885
47.0,8,10,2,2894
47.0,8,10,3,2904
47.0,8,10,4,2913
47.0,8,10,5,2922
47.0,8,10,6,2931
47.0,8,10,7,2940
47.0,8,10,8,2949
47.0,8,10,9,2958
47.0,8,10,10,2967
47.0,8,10,11,2976
47.0,8,10,12,2985
47.0,8,10,13,2994
47.0,8,10,14,3003
47.0,8,10,15,3012
47.0,8,11,0,2885
47.0,8,11,1,2894
47.0,8,11,2,2903
47.0,8,11,3,2913
47.0,8,11,4,2922
47.0,8,11,5,2931
47.0,8,11,6,2940
47.0,8,11,7,2949
47.0,8,11,8,2958
47.0,8,11,9,2967
47.0,8,11,10,2976
47.0,8,11,11,2986
47.0,8,11,12,2994
47.0,8,11,13,3003
47.0,8,11,14,3012
47.0,8,11,15,3021
47.0,8,12,0,2894
47.0,8,12,1,2903
47.0,8,12,2,2912
47.0,8,12,3,2922
47.0,8,12,4,2931
47.0,8,12,5,2940
47.0,8,12,6,2949
47.0,8,12,7,2959
47.0,8,12,8,2968
47.0,8,12,9,2977
47.0,8,12,10,2986
47.0,8,12,11,2995
47.0,8,12,12,3004
47.0,8,12,13,3013
47.0,8,12,14,3022
47.0,8,12,15,3031
47.0,8,13,0,2903
47.0,8,13,1,2912
47.0,8,13,2,2922
47.0,8,13,3,2931
47.0,8,13,4,2940
47.0,8,13,5,2949
47.0,8,13,6,2959
47.0,8,13,7,2968
47.0,8,13,8,2977
47.0,8,13,9,2986
47.0,8,13,10,2995
47.0,8,13,11,3004
47.0,8,13,12,3013
47.0,8,13,13,3022
47.0,8,13,14,3031
47.0,8,13,15,3040
47.0,8,14,0,2912
47.0,8,14,1,2921
47.0,8,14,2,2931
47.0,8,14,3,2940
47.0,8,14,4,2949
47.0,8,14,5,2958
47.0,8,14,6,2968
47.0,8,14,7,2977
47.0,8,14,8,2986
47.0,8,14,9,2995
47.0,8,14,10,3004
47.0,8,14,11,3013
47.0,8,14,12,3022
47.0,8,14,13,3031
47.0,8,14,14,3040
47.0,8,14,15,3049
47.0,8,15,0,2921
47.0,8,15,1,2930
47.0,8,15,2,2940
47.0,8,15,3,2949
47.0,8,15,4,2958
47.0,8,15,5,2967
47.0,8,15,6,2977
47.0,8,15,7,2986
47.0,8,15,8,2995
47.0,8,15,9,3004
47.0,8,15,10,3013
47.0,8,15,11,3023
47.0,8,15,12,3032
47.0,8,15,13,3041
47.0,8,15,14,3050
47.0,8,15,15,3059
47.0,9,0,0,2794
47.0,9,0,1,2803
47.0,9,0,2,2812
47.0,9,0,3,2821
47.0,9,0,4,2830
47.0,9,0,5,2839
47.0,9,0,6,2848
47.0,9,0,7,2857
47.0,9,0,8,2865
47.0,9,0,9,2874
47.0,9,0,10,2883
47.0,9,0,11,2892
47.0,9,0,12,2900
47.0,9,0,13,2909
47.0,9,0,14,2918
47.0,9,0,15,2926
47.0,9,1,0,2804
47.0,9,1,1,2813
47.0,9,1,2,2822
47.0,9,1,3,2831
47.0,9,1,4,2840
47.0,9,1,5,2849
47.0,9,1,6,2857
47.0,9,1,7,2866
47.0,9,1,8,2875
47.0,9,1,9,2884
47.0,9,1,10,2893
47.0,9,1,11,2901
47.0,9,1,12,2910
47.0,9,1,13,2919
47.0,9,1,14,2928
47.0,9,1,15,2936
47.0,9,2,0,2813
47.0,9,2,1,2822
47.0,9,2,2,2831
47.0,9,2,3,2840
47.0,9,2,4,2849
47.0,9,2,5,2858
47.0,9,2,6,2867
47.0,9,2,7,2876
47.0,9,2,8,2885
47.0,9,2,9,2893
47.0,9,2,10,2902
47.0,9,2,11,2911
47.0,9,2,12,2920
47.0,9,2,13,2929
47.0,9,2,14,2937
47.0,9,2,15,2946
47.0,9,3,0,2822
47.0,9,3,1,2831
47.0,9,3,2,2840
47.0,9,3,3,2849
47.0,9,3,4,2858
47.0,9,3,5,2867
47.0,9,3,6,2876
47.0,9,3,7,2885
47.0,9,3,8,2894
47.0,9,3,9,2903
47.0,9,3,10,2912
47.0,9,3,11,2921
47.0,9,3,12,2929
47.0,9,3,13,2938
47.0,9,3,14,2947
47.0,9,3,15,2956
47.0,9,4,0,2832
47.0,9,4,1,2841
47.0,9,4,2,2850
47.0,9,4,3,2859
47.0,9,4,4,2868
47.0,9,4,5,2877
47.0,9,4,6,2886
47.0,9,4,7,2895
47.0,9,4,8,2904
47.0,9,4,9,2913
47.0,9,4,10,2921
47.0,9,4,11,2930
47.0,9,4,12,2939
47.0,9,4,13,2948
47.0,9,4,14,2957
47.0,9,4,15,2965
47.0,9,5,0,2841
47.0,9,5,1,2850
47.0,9,5,2,2859
47.0,9,5,3,2868
47.0,9,5,4,2877
47.0,9,5,5,2886
47.0,9,5,6,2895
47.0,9,5,7,2904
47.0,9,5,8,2913
47.0,9,5,9,2922
47.0,9,5,10,2931
47.0,9,5,11,2940
47.0,9,5,12,2949
47.0,9,5,13,2958
47.0,9,5,14,2966
47.0,9,5,15,2975
47.0,9,6,0,2850
47.0,9,6,1,2859
47.0,9,6,2,2868
47.0,9,6,3,2877
47.0,9,6,4,2887
47.0,9,6,5,2896
47.0,9,6,6,2905
47.0,9,6,7,2914
47.0,9,6,8,2923
47.0,9,6,9,2932
47.0,9,6,10,2941
47.0,9,6,11,2949
47.0,9,6,12,2958
47.0,9,6,13,2967
47.0,9,6,14,2976
47.0,9,6,15,2985
47.0,9,7,0,2859
47.0,9,7,1,2868
47.0,9,7,2,2878
47.0,9,7,3,2887
47.0,9,7,4,2896
47.0,9,7,5,2905
47.0,9,7,6,2914
47.0,9,7,7,2923
47.0,9,7,8,2932
47.0,9,7,9,2941
47.0,9,7,10,2950
47.0,9,7,11,2959
47.0,9,7,12,2968
47.0,9,7,13,2977
47.0,9,7,14,2986
47.0,9,7,15,2994
47.0,9,8,0,2868
47.0,9,8,1,2878
47.0,9,8,2,2887
47.0,9,8,3,2896
47.0,9,8,4,2905
47.0,9,8,5,2914
47.0,9,8,6,2923
47.0,9,8,7,2932
47.0,9,8,8,2941
47.0,9,8,9,2950
47.0,9,8,10,2959
47.0,9,8,11,2968
47.0,9,8,12,2977
47.0,9,8,13,2986
47.0,9,8,14,2995
47.0,9,8,15,3004
47.0,9,9,0,2877
47.0,9,9,1,2887
47.0,9,9,2,2896
47.0,9,9,3,2905
47.0,9,9,4,2914
47.0,9,9,5,2923
47.0,9,9,6,2933
47.0,9,9,7,2942
47.0,9,9,8,2951
47.0,9,9,9,2960
47.0,9,9,10,2969
47.0,9,9,11,2978
47.0,9,9,12,2987
47.0,9,9,13,2996
47.0,9,9,14,3005
47.0,9,9,15,3013
47.0,9,10,0,2887
47.0,9,10,1,2896
47.0,9,10,2,2905
47.0,9,10,3,2914
47.0,9,10,4,2924
47.0,9,10,5,2933
47.0,9,10,6,2942
47.0,9,10,7,2951
47.0,9,10,8,2960
47.0,9,10,9,2969
47.0,9,10,10,2978
47.0,9,10,11,2987
47.0,9,10,12,2996
47.0,9,10,13,3005
47.0,9,10,14,3014
47.0,9,10,15,3023
47.0,9,11,0,2896
47.0,9,11,1,2905
47.0,9,11,2,2914
47.0,9,11,3,2923
47.0,9,11,4,2933
47.0,9,11,5,2942
47.0,9,11,6,2951
47.0,9,11,7,2960
47.0,9,11,8,2969
47.0,9,11,9,2978
47.0,9,11,10,2988
47.0,9,11,11,2997
47.0,9,11,12,3006
47.0,9,11,13,3015
47.0,9,11,14,3024
47.0,9,11,15,3032
47.0,9,12,0,2905
47.0,9,12,1,2914
47.0,9,12,2,2923
47.0,9,12,3,2933
47.0,9,12,4,2942
47.0,9,12,5,2951
47.0,9,12,6,2960
47.0,9,12,7,2970
47.0,9,12,8,2979
47.0,9,12,9,2988
47.0,9,12,10,2997
47.0,9,12,11,3006
47.0,9,12,12,3015
47.0,9,12,13,3024
47.0,9,12,14,3033
47.0,9,12,15,3042
47.0,9,13,0,2914
47.0,9,13,1,2923
47.0,9,13,2,2932
47.0,9,13,3,2942
47.0,9,13,4,2951
47.0,9,13,5,2960
47.0,9,13,6,2970
47.0,9,13,7,2979
47.0,9,13,8,2988
47.0,9,13,9,2997
47.0,9,13,10,3006
47.0,9,13,11,3015
47.0,9,13,12,3024
47.0,9,13,13,3033
47.0,9,13,14,3042
47.0,9,13,15,3051
47.0,9,14,0,2923
47.0,9,14,1,2932
47.0,9,14,2,2941
47.0,9,14,3,2951
47.0,9,14,4,2960
47.0,9,14,5,2969
47.0,9,14,6,2979
47.0,9,14,7,2988
47.0,9,14,8,2997
47.0,9,14,9,3006
47.0,9,14,10,3015
47.0,9,14,11,3025
47.0,9,14,12,3034
47.0,9,14,13,3043
47.0,9,14,14,3052
47.0,9,14,15,3061
47.0,9,15,0,2932
47.0,9,15,1,2941
47.0,9,15,2,2950
47.0,9,15,3,2960
47.0,9,15,4,2969
47.0,9,15,5,2978
47.0,9,15,6,2988
47.0,9,15,7,2997
47.0,9,15,8,3006
47.0,9,15,9,3015
47.0,9,15,10,3025
47.0,9,15,11,3034
47.0,9,15,12,3043
47.0,9,15,13,3052
47.0,9,15,14,3061
47.0,9,15,15,3070
47.0,10,0,0,2805
47.0,10,0,1,2814
47.0,10,0,2,2823
47.0,10,0,3,2832
47.0,10,0,4,2841
47.0,10,0,5,2850
47.0,10,0,6,2858
47.0,10,0,7,2867
47.0,10,0,8,2876
47.0,10,0,9,2885
47.0,10,0,10,2894
47.0,10,0,11,2902
47.0,10,0,12,2911
47.0,10,0,13,2920
47.0,10,0,14,2929
47.0,10,0,15,2937
47.0,10,1,0,2814
47.0,10,1,1,2823
47.0,10,1,2,2832
47.0,10,1,3,2841
47.0,10,1,4,2850
47.0,10,1,5,2859
47.0,10,1,6,2868
47.0,10,1,7,2877
47.0,10,1,8,2886
47.0,10,1,9,2895
47.0,10,1,10,2903
47.0,10,1,11,2912
47.0,10,1,12,2921
47.0,10,1,13,2930
47.0,10,1,14,2938
47.0,10,1,15,2947
47.0,10,2,0,2823
47.0,10,2,1,2832
47.0,10,2,2,2842
47.0,10,2,3,2851
47.0,10,2,4,2860
47.0,10,2,5,2869
47.0,10,2,6,2878
47.0,10,2,7,2886
47.0,10,2,8,2895
47.0,10,2,9,2904
47.0,10,2,10,2913
47.0,10,2,11,2922
47.0,10,2,12,2931
47.0,10,2,13,2939
47.0,10,2,14,2948
47.0,10,2,15,2957
47.0,10,3,0,2833
47.0,10,3,1,2842
47.0,10,3,2,2851
47.0,10,3,3,2860
47.0,10,3,4,2869
47.0,10,3,5,2878
47.0,10,3,6,2887
47.0,10,3,7,2896
47.0,10,3,8,2905
47.0,10,3,9,2914
47.0,10,3,10,2923
47.0,10,3,11,2932
47.0,10,3,12,2940
47.0,10,3,13,2949
47.0,10,3,14,2958
47.0,10,3,15,2967
47.0,10,4,0,2842
47.0,10,4,1,2851
47.0,10,4,2,2860
47.0,10,4,3,2869
47.0,10,4,4,2878
47.0,10,4,5,2888
47.0,10,4,6,2897
47.0,10,4,7,2906
47.0,10,4,8,2914
47.0,10,4,9,2923
47.0,10,4,10,2932
47.0,10,4,11,2941
47.0,10,4,12,2950
47.0,10,4,13,2959
47.0,10,4,14,2968
47.0,10,4,15,2976
47.0,10,5,0,2851
47.0,10,5,1,2860
47.0,10,5,2,2870
47.0,10,5,3,2879
47.0,10,5,4,2888
47.0,10,5,5,2897
47.0,10,5,6,2906
47.0,10,5,7,2915
47.0,10,5,8,2924
47.0,10,5,9,2933
47.0,10,5,10,2942
47.0,10,5,11,2951
47.0,10,5,12,2960
47.0,10,5,13,2968
47.0,10,5,14,2977
47.0,10,5,15,2986
47.0,10,6,0,2861
47.0,10,6,1,2870
47.0,10,6,2,2879
47.0,10,6,3,2888
47.0,10,6,4,2897
47.0,10,6,5,2906
47.0,10,6,6,2915
47.0,10,6,7,2924
47.0,10,6,8,2933
47.0,10,6,9,2942
47.0,10,6,10,2951
47.0,10,6,11,2960
47.0,10,6,12,2969
47.0,10,6,13,2978
47.0,10,6,14,2987
47.0,10,6,15,2996
47.0,10,7,0,2870
47.0,10,7,1,2879
47.0,10,7,2,2888
47.0,10,7,3,2897
47.0,10,7,4,2907
47.0,10,7,5,2916
47.0,10,7,6,2925
47.0,10,7,7,2934
47.0,10,7,8,2943
47.0,10,7,9,2952
47.0,10,7,10,2961
47.0,10,7,11,2970
47.0,10,7,12,2979
47.0,10,7,13,2988
47.0,10,7,14,2997
47.0,10,7,15,3005
47.0,10,8,0,2879
47.0,10,8,1,2888
47.0,10,8,2,2897
47.0,10,8,3,2907
47.0,10,8,4,2916
47.0,10,8,5,2925
47.0,10,8,6,2934
47.0,10,8,7,2943
47.0,10,8,8,2952
47.0,10,8,9,2961
47.0,10,8,10,2970
47.0,10,8,11,2979
47.0,10,8,12,2988
47.0,10,8,13,2997
47.0,10,8,14,3006
47.0,10,8,15,3015
47.0,10,9,0,2888
47.0,10,9,1,2897
47.0,10,9,2,2907
47.0,10,9,3,2916
47.0,10,9,4,2925
47.0,10,9,5,2934
47.0,10,9,6,2943
47.0,10,9,7,2953
47.0,10,9,8,2962
47.0,10,9,9,2971
47.0,10,9,10,2980
47.0,10,9,11,2989
47.0,10,9,12,2998
47.0,10,9,13,3007
47.0,10,9,14,3016
47.0,10,9,15,3025
47.0,10,10,0,2897
47.0,10,10,1,2907
47.0,10,10,2,2916
47.0,10,10,3,2925
47.0,10,10,4,2934
47.0,10,10,5,2944
47.0,10,10,6,2953
47.0,10,10,7,2962
47.0,10,10,8,2971
47.0,10,10,9,2980
47.0,10,10,10,2989
47.0,10,10,11,2998
47.0,10,10,12,3007
47.0,10,10,13,3016
47.0,10,10,14,3025
47.0,10,10,15,3034
47.0,10,11,0,2906
47.0,10,11,1,2916
47.0,10,11,2,2925
47.0,10,11,3,2934
47.0,10,11,4,2944
47.0,10,11,5,2953
47.0,10,11,6,2962
47.0,10,11,7,2971
47.0,10,11,8,2980
47.0,10,11,9,2990
47.0,10,11,10,2999
47.0,10,11,11,3008
47.0,10,11,12,3017
47.0,10,11,13,3026
47.0,10,11,14,3035
47.0,10,11,15,3044
47.0,10,12,0,2915
47.0,10,12,1,2925
47.0,10,12,2,2934
47.0,10,12,3,2943
47.0,10,12,4,2953
47.0,10,12,5,2962
47.0,10,12,6,2971
47.0,10,12,7,2981
47.0,10,12,8,2990
47.0,10,12,9,2999
47.0,10,12,10,3008
47.0,10,12,11,3017
47.0,10,12,12,3026
47.0,10,12,13,3035
47.0,10,12,14,3044
47.0,10,12,15,3053
47.0,10,13,0,2924
47.0,10,13,1,2934
47.0,10,13,2,2943
47.0,10,13,3,2953
47.0,10,13,4,2962
47.0,10,13,5,2971
47.0,10,13,6,2981
47.0,10,13,7,2990
47.0,10,13,8,2999
47.0,10,13,9,3008
47.0,10,13,10,3017
47.0,10,13,11,3026
47.0,10,13,12,3036
47.0,10,13,13,3045
47.0,10,13,14,3054
47.0,10,13,15,3063
47.0,10,14,0,2933
47.0,10,14,1,2943
47.0,10,14,2,2952
47.0,10,14,3,2962
47.0,10,14,4,2971
47.0,10,14,5,2980
47.0,10,14,6,2990
47.0,10,14,7,2999
47.0,10,14,8,3008
47.0,10,14,9,3017
47.0,10,14,10,3027
47.0,10,14,11,3036
47.0,10,14,12,3045
47.0,10,14,13,3054
47.0,10,14,14,3063
47.0,10,14,15,3072
47.0,10,15,0,2942
47.0,10,15,1,2952
47.0,10,15,2,2961
47.0,10,15,3,2971
47.0,10,15,4,2980
47.0,10,15,5,2990
47.0,10,15,6,2999
47.0,10,15,7,3008
47.0,10,15,8,3017
47.0,10,15,9,3027
47.0,10,15,10,3036
47.0,10,15,11,3045
47.0,10,15,12,3054
47.0,10,15,13,3063
47.0,10,15,14,3072
47.0,10,15,15,3082
47.0,11,0,0,2815
47.0,11,0,1,2824
47.0,11,0,2,2833
47.0,11,0,3,2842
47.0,11,0,4,2851
47.0,11,0,5,2860
47.0,11,0,6,2869
47.0,11,0,7,2878
47.0,11,0,8,2887
47.0,11,0,9,2896
47.0,11,0,10,2904
47.0,11,0,11,2913
47.0,11,0,12,2922
47.0,11,0,13,2931
47.0,11,0,14,2939
47.0,11,0,15,2948
47.0,11,1,0,2824
47.0,11,1,1,2834
47.0,11,1,2,2843
47.0,11,1,3,2852
47.0,11,1,4,2861
47.0,11,1,5,2870
47.0,11,1,6,2879
47.0,11,1,7,2887
47.0,11,1,8,2896
47.0,11,1,9,2905
47.0,11,1,10,2914
47.0,11,1,11,2923
47.0,11,1,12,2932
47.0,11,1,13,2940
47.0,11,1,14,2949
47.0,11,1,15,2958
47.0,11,2,0,2834
47.0,11,2,1,2843
47.0,11,2,2,2852
47.0,11,2,3,2861
47.0,11,2,4,2870
47.0,11,2,5,2879
47.0,11,2,6,2888
47.0,11,2,7,2897
47.0,11,2,8,2906
47.0,11,2,9,2915
47.0,11,2,10,2924
47.0,11,2,11,2933
47.0,11,2,12,2941
47.0,11,2,13,2950
47.0,11,2,14,2959
47.0,11,2,15,2968
47.0,11,3,0,2843
47.0,11,3,1,2852
47.0,11,3,2,2861
47.0,11,3,3,2871
47.0,11,3,4,2880
47.0,11,3,5,2889
47.0,11,3,6,2898
47.0,11,3,7,2907
47.0,11,3,8,2916
47.0,11,3,9,2925
47.0,11,3,10,2933
47.0,11,3,11,2942
47.0,11,3,12,2951
47.0,11,3,13,2960
47.0,11,3,14,2969
47.0,11,3,15,2978
47.0,11,4,0,2853
47.0,11,4,1,2862
47.0,11,4,2,2871
47.0,11,4,3,2880
47.0,11,4,4,2889
47.0,11,4,5,2898
47.0,11,4,6,2907
47.0,11,4,7,2916
47.0,11,4,8,2925
47.0,11,4,9,2934
47.0,11,4,10,2943
47.0,11,4,11,2952
47.0,11,4,12,2961
47.0,11,4,13,2970
47.0,11,4,14,2979
47.0,11,4,15,2987
47.0,11,5,0,2862
47.0,11,5,1,2871
47.0,11,5,2,2880
47.0,11,5,3,2889
47.0,11,5,4,2899
47.0,11,5,5,2908
47.0,11,5,6,2917
47.0,11,5,7,2926
47.0,11,5,8,2935
47.0,11,5,9,2944
47.0,11,5,10,2953
47.0,11,5,11,2962
47.0,11,5,12,2971
47.0,11,5,13,2979
47.0,11,5,14,2988
47.0,11,5,15,2997
47.0,11,6,0,2871
47.0,11,6,1,2880
47.0,11,6,2,2890
47.0,11,6,3,2899
47.0,11,6,4,2908
47.0,11,6,5,2917
47.0,11,6,6,2926
47.0,11,6,7,2935
47.0,11,6,8,2944
47.0,11,6,9,2953
47.0,11,6,10,2962
47.0,11,6,11,2971
47.0,11,6,12,2980
47.0,11,6,13,2989
47.0,11,6,14,2998
47.0,11,6,15,3007
47.0,11,7,0,2880
47.0,11,7,1,2890
47.0,11,7,2,2899
47.0,11,7,3,2908
47.0,11,7,4,2917
47.0,11,7,5,2926
47.0,11,7,6,2936
47.0,11,7,7,2945
47.0,11,7,8,2954
47.0,11,7,9,2963
47.0,11,7,10,2972
47.0,11,7,11,2981
47.0,11,7,12,2990
47.0,11,7,13,2999
47.0,11,7,14,3008
47.0,11,7,15,3017
47.0,11,8,0,2890
47.0,11,8,1,2899
47.0,11,8,2,2908
47.0,11,8,3,2917
47.0,11,8,4,2927
47.0,11,8,5,2936
47.0,11,8,6,2945
47.0,11,8,7,2954
47.0,11,8,8,2963
47.0,11,8,9,2972
47.0,11,8,10,2981
47.0,11,8,11,2990
47.0,11,8,12,2999
47.0,11,8,13,3008
47.0,11,8,14,3017
47.0,11,8,15,3026
47.0,11,9,0,2899
47.0,11,9,1,2908
47.0,11,9,2,2917
47.0,11,9,3,2927
47.0,11,9,4,2936
47.0,11,9,5,2945
47.0,11,9,6,2954
47.0,11,9,7,2964
47.0,11,9,8,2973
47.0,11,9,9,2982
47.0,11,9,10,2991
47.0,11,9,11,3000
47.0,11,9,12,3009
47.0,11,9,13,3018
47.0,11,9,14,3027
47.0,11,9,15,3036
47.0,11,10,0,2908
47.0,11,10,1,2917
47.0,11,10,2,2927
47.0,11,10,3,2936
47.0,11,10,4,2945
47.0,11,10,5,2954
47.0,11,10,6,2964
47.0,11,10,7,2973
47.0,11,10,8,2982
47.0,11,10,9,2991
47.0,11,10,10,3000
47.0,11,10,11,3009
47.0,11,10,12,3018
47.0,11,10,13,3027
47.0,11,10,14,3036
47.0,11,10,15,3045
47.0,11,11,0,2917
47.0,11,11,1,2926
47.0,11,11,2,2936
47.0,11,11,3,2945
47.0,11,11,4,2954
47.0,11,11,5,2964
47.0,11,11,6,2973
47.0,11,11,7,2982
47.0,11,11,8,2991
47.0,11,11,9,3001
47.0,11,11,10,3010
47.0,11,11,11,3019
47.0,11,11,12,3028
47.0,11,11,13,3037
47.0,11,11,14,3046
47.0,11,11,15,3055
47.0,11,12,0,2926
47.0,11,12,1,2936
47.0,11,12,2,2945
47.0,11,12,3,2954
47.0,11,12,4,2964
47.0,11,12,5,2973
47.0,11,12,6,2982
47.0,11,12,7,2992
47.0,11,12,8,3001
47.0,11,12,9,3010
47.0,11,12,10,3019
47.0,11,12,11,3028
47.0,11,12,12,3037
47.0,11,12,13,3046
47.0,11,12,14,3055
47.0,11,12,15,3064
47.0,11,13,0,2935
47.0,11,13,1,2945
47.0,11,13,2,2954
47.0,11,13,3,2964
47.0,11,13,4,2973
47.0,11,13,5,2982
47.0,11,13,6,2992
47.0,11,13,7,3001
47.0,11,13,8,3010
47.0,11,13,9,3019
47.0,11,13,10,3028
47.0,11,13,11,3038
47.0,11,13,12,3047
47.0,11,13,13,3056
47.0,11,13,14,3065
47.0,11,13,15,3074
47.0,11,14,0,2944
47.0,11,14,1,2954
47.0,11,14,2,2963
47.0,11,14,3,2973
47.0,11,14,4,2982
47.0,11,14,5,2991
47.0,11,14,6,3001
47.0,11,14,7,3010
47.0,11,14,8,3019
47.0,11,14,9,3029
47.0,11,14,10,3038
47.0,11,14,11,3047
47.0,11,14,12,3056
47.0,11,14,13,3065
47.0,11,14,14,3074
47.0,11,14,15,3083
47.0,11,15,0,2953
47.0,11,15,1,2963
47.0,11,15,2,2972
47.0,11,15,3,2982
47.0,11,15,4,2991
47.0,11,15,5,3001
47.0,11,15,6,3010
47.0,11,15,7,3019
47.0,11,15,8,3029
47.0,11,15,9,3038
47.0,11,15,10,3047
47.0,11,15,11,3056
47.0,11,15,12,3066
47.0,11,15,13,3075
47.0,11,15,14,3084
47.0,11,15,15,3093
47.0,12,0,0,2825
47.0,12,0,1,2834
47.0,12,0,2,2843
47.0,12,0,3,2853
47.0,12,0,4,2862
47.0,12,0,5,2871
47.0,12,0,6,2879
47.0,12,0,7,2888
47.0,12,0,8,2897
47.0,12,0,9,2906
47.0,12,0,10,2915
47.0,12,0,11,2924
47.0,12,0,12,2933
47.0,12,0,13,2941
47.0,12,0,14,2950
47.0,12,0,15,2959
47.0,12,1,0,2835
47.0,12,1,1,2844
47.0,12,1,2,2853
47.0,12,1,3,2862
47.0,12,1,4,2871
47.0,12,1,5,2880
47.0,12,1,6,2889
47.0,12,1,7,2898
47.0,12,1,8,2907
47.0,12,1,9,2916
47.0,12,1,10,2925
47.0,12,1,11,2934
47.0,12,1,12,2942
47.0,12,1,13,2951
47.0,12,1,14,2960
47.0,12,1,15,2969
47.0,12,2,0,2844
47.0,12,2,1,2853
47.0,12,2,2,2863
47.0,12,2,3,2872
47.0,12,2,4,2881
47.0,12,2,5,2890
47.0,12,2,6,2899
47.0,12,2,7,2908
47.0,12,2,8,2917
47.0,12,2,9,2926
47.0,12,2,10,2935
47.0,12,2,11,2943
47.0,12,2,12,2952
47.0,12,2,13,2961
47.0,12,2,14,2970
47.0,12,2,15,2979
47.0,12,3,0,2854
47.0,12,3,1,2863
47.0,12,3,2,2872
47.0,12,3,3,2881
47.0,12,3,4,2890
47.0,12,3,5,2899
47.0,12,3,6,2908
47.0,12,3,7,2917
47.0,12,3,8,2926
47.0,12,3,9,2935
47.0,12,3,10,2944
47.0,12,3,11,2953
47.0,12,3,12,2962
47.0,12,3,13,2971
47.0,12,3,14,2980
47.0,12,3,15,2989
47.0,12,4,0,2863
47.0,12,4,1,2872
47.0,12,4,2,2881
47.0,12,4,3,2891
47.0,12,4,4,2900
47.0,12,4,5,2909
47.0,12,4,6,2918
47.0,12,4,7,2927
47.0,12,4,8,2936
47.0,12,4,9,2945
47.0,12,4,10,2954
47.0,12,4,11,2963
47.0,12,4,12,2972
47.0,12,4,13,2981
47.0,12,4,14,2990
47.0,12,4,15,2998
47.0,12,5,0,2872
47.0,12,5,1,2882
47.0,12,5,2,2891
47.0,12,5,3,2900
47.0,12,5,4,2909
47.0,12,5,5,2918
47.0,12,5,6,2927
47.0,12,5,7,2937
47.0,12,5,8,2946
47.0,12,5,9,2955
47.0,12,5,10,2964
47.0,12,5,11,2973
47.0,12,5,12,2981
47.0,12,5,13,2990
47.0,12,5,14,2999
47.0,12,5,15,3008
47.0,12,6,0,2882
47.0,12,6,1,2891
47.0,12,6,2,2900
47.0,12,6,3,2909
47.0,12,6,4,2919
47.0,12,6,5,2928
47.0,12,6,6,2937
47.0,12,6,7,2946
47.0,12,6,8,2955
47.0,12,6,9,2964
47.0,12,6,10,2973
47.0,12,6,11,2982
47.0,12,6,12,2991
47.0,12,6,13,3000
47.0,12,6,14,3009
47.0,12,6,15,3018
47.0,12,7,0,2891
47.0,12,7,1,2900
47.0,12,7,2,2910
47.0,12,7,3,2919
47.0,12,7,4,2928
47.0,12,7,5,2937
47.0,12,7,6,2946
47.0,12,7,7,2956
47.0,12,7,8,2965
47.0,12,7,9,2974
47.0,12,7,10,2983
47.0,12,7,11,2992
47.0,12,7,12,3001
47.0,12,7,13,3010
47.0,12,7,14,3019
47.0,12,7,15,3028
47.0,12,8,0,2900
47.0,12,8,1,2910
47.0,12,8,2,2919
47.0,12,8,3,2928
47.0,12,8,4,2937
47.0,12,8,5,2947
47.0,12,8,6,2956
47.0,12,8,7,2965
47.0,12,8,8,2974
47.0,12,8,9,2983
47.0,12,8,10,2992
47.0,12,8,11,3001
47.0,12,8,12,3010
47.0,12,8,13,3019
47.0,12,8,14,3028
47.0,12,8,15,3037
47.0,12,9,0,2909
47.0,12,9,1,2919
47.0,12,9,2,2928
47.0,12,9,3,2937
47.0,12,9,4,2947
47.0,12,9,5,2956
47.0,12,9,6,2965
47.0,12,9,7,2974
47.0,12,9,8,2984
47.0,12,9,9,2993
47.0,12,9,10,3002
47.0,12,9,11,3011
47.0,12,9,12,3020
47.0,12,9,13,3029
47.0,12,9,14,3038
47.0,12,9,15,3047
47.0,12,10,0,2919
47.0,12,10,1,2928
47.0,12,10,2,2937
47.0,12,10,3,2947
47.0,12,10,4,2956
47.0,12,10,5,2965
47.0,12,10,6,2975
47.0,12,10,7,2984
47.0,12,10,8,2993
47.0,12,10,9,3002
47.0,12,10,10,3011
47.0,12,10,11,3020
47.0,12,10,12,3030
47.0,12,10,13,3039
47.0,12,10,14,3048
47.0,12,10,15,3057
47.0,12,11,0,2928
47.0,12,11,1,2937
47.0,12,11,2,2947
47.0,12,11,3,2956
47.0,12,11,4,2965
47.0,12,11,5,2975
47.0,12,11,6,2984
47.0,12,11,7,2993
47.0,12,11,8,3002
47.0,12,11,9,3012
47.0,12,11,10,3021
47.0,12,11,11,3030
47.0,12,11,12,3039
47.0,12,11,13,3048
47.0,12,11,14,3057
47.0,12,11,15,3066
47.0,12,12,0,2937
47.0,12,12,1,2946
47.0,12,12,2,2956
47.0,12,12,3,2965
47.0,12,12,4,2975
47.0,12,12,5,2984
47.0,12,12,6,2993
47.0,12,12,7,3003
47.0,12,12,8,3012
47.0,12,12,9,3021
47.0,12,12,10,3030
47.0,12,12,11,3039
47.0,12,12,12,3049
47.0,12,12,13,3058
47.0,12,12,14,3067
47.0,12,12,15,3076
47.0,12,13,0,2946
47.0,12,13,1,2956
47.0,12,13,2,2965
47.0,12,13,3,2974
47.0,12,13,4,2984
47.0,12,13,5,2993
47.0,12,13,6,3003
47.0,12,13,7,3012
47.0,12,13,8,3021
47.0,12,13,9,3030
47.0,12,13,10,3040
47.0,12,13,11,3049
47.0,12,13,12,3058
47.0,12,13,13,3067
47.0,12,13,14,3076
47.0,12,13,15,3085
47.0,12,14,0,2955
47.0,12,14,1,2965
47.0,12,14,2,2974
47.0,12,14,3,2984
47.0,12,14,4,2993
47.0,12,14,5,3002
47.0,12,14,6,3012
47.0,12,14,7,3021
47.0,12,14,8,3030
47.0,12,14,9,3040
47.0,12,14,10,3049
47.0,12,14,11,3058
47.0,12,14,12,3067
47.0,12,14,13,3077
47.0,12,14,14,3086
47.0,12,14,15,3095
47.0,12,15,0,2964
47.0,12,15,1,2974
47.0,12,15,2,2983
47.0,12,15,3,2993
47.0,12,15,4,3002
47.0,12,15,5,3012
47.0,12,15,6,3021
47.0,12,15,7,3030
47.0,12,15,8,3040
47.0,12,15,9,3049
47.0,12,15,10,3058
47.0,12,15,11,3068
47.0,12,15,12,3077
47.0,12,15,13,3086
47.0,12,15,14,3095
47.0,12,15,15,3104
47.0,13,0,0,2836
47.0,13,0,1,2845
47.0,13,0,2,2854
47.0,13,0,3,2863
47.0,13,0,4,2872
47.0,13,0,5,2881
47.0,13,0,6,2890
47.0,13,0,7,2899
47.0,13,0,8,2908
47.0,13,0,9,2917
47.0,13,0,10,2926
47.0,13,0,11,2935
47.0,13,0,12,2943
47.0,13,0,13,2952
47.0,13,0,14,2961
47.0,13,0,15,2970
47.0,13,1,0,2845
47.0,13,1,1,2854
47.0,13,1,2,2863
47.0,13,1,3,2873
47.0,13,1,4,2882
47.0,13,1,5,2891
47.0,13,1,6,2900
47.0,13,1,7,2909
47.0,13,1,8,2918
47.0,13,1,9,2927
47.0,13,1,10,2936
47.0,13,1,11,2944
47.0,13,1,12,2953
47.0,13,1,13,2962
47.0,13,1,14,2971
47.0,13,1,15,2980
47.0,13,2,0,2855
47.0,13,2,1,2864
47.0,13,2,2,2873
47.0,13,2,3,2882
47.0,13,2,4,2891
47.0,13,2,5,2900
47.0,13,2,6,2909
47.0,13,2,7,2918
47.0,13,2,8,2927
47.0,13,2,9,2936
47.0,13,2,10,2945
47.0,13,2,11,2954
47.0,13,2,12,2963
47.0,13,2,13,2972
47.0,13,2,14,2981
47.0,13,2,15,2990
47.0,13,3,0,2864
47.0,13,3,1,2873
47.0,13,3,2,2883
47.0,13,3,3,2892
47.0,13,3,4,2901
47.0,13,3,5,2910
47.0,13,3,6,2919
47.0,13,3,7,2928
47.0,13,3,8,2937
47.0,13,3,9,2946
47.0,13,3,10,2955
47.0,13,3,11,2964
47.0,13,3,12,2973
47.0,13,3,13,2982
47.0,13,3,14,2991
47.0,13,3,15,2999
47.0,13,4,0,2873
47.0,13,4,1,2883
47.0,13,4,2,2892
47.0,13,4,3,2901
47.0,13,4,4,2910
47.0,13,4,5,2919
47.0,13,4,6,2929
47.0,13,4,7,2938
47.0,13,4,8,2947
47.0,13,4,9,2956
47.0,13,4,10,2965
47.0,13,4,11,2974
47.0,13,4,12,2983
47.0,13,4,13,2992
47.0,13,4,14,3000
47.0,13,4,15,3009
47.0,13,5,0,2883
47.0,13,5,1,2892
47.0,13,5,2,2901
47.0,13,5,3,2911
47.0,13,5,4,2920
47.0,13,5,5,2929
47.0,13,5,6,2938
47.0,13,5,7,2947
47.0,13,5,8,2956
47.0,13,5,9,2965
47.0,13,5,10,2974
47.0,13,5,11,2983
47.0,13,5,12,2992
47.0,13,5,13,3001
47.0,13,5,14,3010
47.0,13,5,15,3019
47.0,13,6,0,2892
47.0,13,6,1,2902
47.0,13,6,2,2911
47.0,13,6,3,2920
47.0,13,6,4,2929
47.0,13,6,5,2939
47.0,13,6,6,2948
47.0,13,6,7,2957
47.0,13,6,8,2966
47.0,13,6,9,2975
47.0,13,6,10,2984
47.0,13,6,11,2993
47.0,13,6,12,3002
47.0,13,6,13,3011
47.0,13,6,14,3020
47.0,13,6,15,3029
47.0,13,7,0,2902
47.0,13,7,1,2911
47.0,13,7,2,2920
47.0,13,7,3,2929
47.0,13,7,4,2939
47.0,13,7,5,2948
47.0,13,7,6,2957
47.0,13,7,7,2966
47.0,13,7,8,2975
47.0,13,7,9,2985
47.0,13,7,10,2994
47.0,13,7,11,3003
47.0,13,7,12,3012
47.0,13,7,13,3021
47.0,13,7,14,3030
47.0,13,7,15,3039
47.0,13,8,0,2911
47.0,13,8,1,2920
47.0,13,8,2,2930
47.0,13,8,3,2939
47.0,13,8,4,2948
47.0,13,8,5,2957
47.0,13,8,6,2967
47.0,13,8,7,2976
47.0,13,8,8,2985
47.0,13,8,9,2994
47.0,13,8,10,3003
47.0,13,8,11,3012
47.0,13,8,12,3021
47.0,13,8,13,3030
47.0,13,8,14,3039
47.0,13,8,15,3048
47.0,13,9,0,2920
47.0,13,9,1,2929
47.0,13,9,2,2939
47.0,13,9,3,2948
47.0,13,9,4,2958
47.0,13,9,5,2967
47.0,13,9,6,2976
47.0,13,9,7,2985
47.0,13,9,8,2994
47.0,13,9,9,3004
47.0,13,9,10,3013
47.0,13,9,11,3022
47.0,13,9,12,3031
47.0,13,9,13,3040
47.0,13,9,14,3049
47.0,13,9,15,3058
47.0,13,10,0,2929
47.0,13,10,1,2939
47.0,13,10,2,2948
47.0,13,10,3,2958
47.0,13,10,4,2967
47.0,13,10,5,2976
47.0,13,10,6,2985
47.0,13,10,7,2995
47.0,13,10,8,3004
47.0,13,10,9,3013
47.0,13,10,10,3022
47.0,13,10,11,3031
47.0,13,10,12,3041
47.0,13,10,13,3050
47.0,13,10,14,3059
47.0,13,10,15,3068
47.0,13,11,0,2939
47.0,13,11,1,2948
47.0,13,11,2,2957
47.0,13,11,3,2967
47.0,13,11,4,2976
47.0,13,11,5,2986
47.0,13,11,6,2995
47.0,13,11,7,3004
47.0,13,11,8,3013
47.0,13,11,9,3023
47.0,13,11,10,3032
47.0,13,11,11,3041
47.0,13,11,12,3050
47.0,13,11,13,3059
47.0,13,11,14,3068
47.0,13,11,15,3077
47.0,13,12,0,2948
47.0,13,12,1,2957
47.0,13,12,2,2967
47.0,13,12,3,2976
47.0,13,12,4,2985
47.0,13,12,5,2995
47.0,13,12,6,3004
47.0,13,12,7,3014
47.0,13,12,8,3023
47.0,13,12,9,3032
47.0,13,12,10,3041
47.0,13,12,11,3050
47.0,13,12,12,3060
47.0,13,12,13,3069
47.0,13,12,14,3078
47.0,13,12,15,3087
47.0,13,13,0,2957
47.0,13,13,1,2966
47.0,13,13,2,2976
47.0,13,13,3,2985
47.0,13,13,4,2995
47.0,13,13,5,3004
47.0,13,13,6,3014
47.0,13,13,7,3023
47.0,13,13,8,3032
47.0,13,13,9,3041
47.0,13,13,10,3051
47.0,13,13,11,3060
47.0,13,13,12,3069
47.0,13,13,13,3078
47.0,13,13,14,3087
47.0,13,13,15,3097
47.0,13,14,0,2966
47.0,13,14,1,2975
47.0,13,14,2,2985
47.0,13,14,3,2994
47.0,13,14,4,3004
47.0,13,14,5,3013
47.0,13,14,6,3023
47.0,13,14,7,3032
47.0,13,14,8,3042
47.0,13,14,9,3051
47.0,13,14,10,3060
47.0,13,14,11,3069
47.0,13,14,12,3079
47.0,13,14,13,3088
47.0,13,14,14,3097
47.0,13,14,15,3106
47.0,13,15,0,2975
47.0,13,15,1,2985
47.0,13,15,2,2994
47.0,13,15,3,3004
47.0,13,15,4,3013
47.0,13,15,5,3023
47.0,13,15,6,3032
47.0,13,15,7,3041
47.0,13,15,8,3051
47.0,13,15,9,3060
47.0,13,15,10,3069
47.0,13,15,11,3079
47.0,13,15,12,3088
47.0,13,15,13,3097
47.0,13,15,14,3106
47.0,13,15,15,3116
47.0,14,0,0,2846
47.0,14,0,1,2855
47.0,14,0,2,2864
47.0,14,0,3,2873
47.0,14,0,4,2883
47.0,14,0,5,2892
47.0,14,0,6,2901
47.0,14,0,7,2910
47.0,14,0,8,2919
47.0,14,0,9,2928
47.0,14,0,10,2936
47.0,14,0,11,2945
47.0,14,0,12,2954
47.0,14,0,13,2963
47.0,14,0,14,2972
47.0,14,0,15,2981
47.0,14,1,0,2856
47.0,14,1,1,2865
47.0,14,1,2,2874
47.0,14,1,3,2883
47.0,14,1,4,2892
47.0,14,1,5,2901
47.0,14,1,6,2910
47.0,14,1,7,2919
47.0,14,1,8,2928
47.0,14,1,9,2937
47.0,14,1,10,2946
47.0,14,1,11,2955
47.0,14,1,12,2964
47.0,14,1,13,2973
47.0,14,1,14,2982
47.0,14,1,15,2991
47.0,14,2,0,2865
47.0,14,2,1,2874
47.0,14,2,2,2883
47.0,14,2,3,2893
47.0,14,2,4,2902
47.0,14,2,5,2911
47.0,14,2,6,2920
47.0,14,2,7,2929
47.0,14,2,8,2938
47.0,14,2,9,2947
47.0,14,2,10,2956
47.0,14,2,11,2965
47.0,14,2,12,2974
47.0,14,2,13,2983
47.0,14,2,14,2992
47.0,14,2,15,3001
47.0,14,3,0,2875
47.0,14,3,1,2884
47.0,14,3,2,2893
47.0,14,3,3,2902
47.0,14,3,4,2911
47.0,14,3,5,2921
47.0,14,3,6,2930
47.0,14,3,7,2939
47.0,14,3,8,2948
47.0,14,3,9,2957
47.0,14,3,10,2966
47.0,14,3,11,2975
47.0,14,3,12,2984
47.0,14,3,13,2993
47.0,14,3,14,3002
47.0,14,3,15,3010
47.0,14,4,0,2884
47.0,14,4,1,2893
47.0,14,4,2,2903
47.0,14,4,3,2912
47.0,14,4,4,2921
47.0,14,4,5,2930
47.0,14,4,6,2939
47.0,14,4,7,2948
47.0,14,4,8,2957
47.0,14,4,9,2967
47.0,14,4,10,2976
47.0,14,4,11,2985
47.0,14,4,12,2994
47.0,14,4,13,3003
47.0,14,4,14,3011
47.0,14,4,15,3020
47.0,14,5,0,2893
47.0,14,5,1,2903
47.0,14,5,2,2912
47.0,14,5,3,2921
47.0,14,5,4,2930
47.0,14,5,5,2940
47.0,14,5,6,2949
47.0,14,5,7,2958
47.0,14,5,8,2967
47.0,14,5,9,2976
47.0,14,5,10,2985
47.0,14,5,11,2994
47.0,14,5,12,3003
47.0,14,5,13,3012
47.0,14,5,14,3021
47.0,14,5,15,3030
47.0,14,6,0,2903
47.0,14,6,1,2912
47.0,14,6,2,2921
47.0,14,6,3,2931
47.0,14,6,4,2940
47.0,14,6,5,2949
47.0,14,6,6,2958
47.0,14,6,7,2968
47.0,14,6,8,2977
47.0,14,6,9,2986
47.0,14,6,10,2995
47.0,14,6,11,3004
47.0,14,6,12,3013
47.0,14,6,13,3022
47.0,14,6,14,3031
47.0,14,6,15,3040
47.0,14,7,0,2912
47.0,14,7,1,2922
47.0,14,7,2,2931
47.0,14,7,3,2940
47.0,14,7,4,2949
47.0,14,7,5,2959
47.0,14,7,6,2968
47.0,14,7,7,2977
47.0,14,7,8,2986
47.0,14,7,9,2995
47.0,14,7,10,3005
47.0,14,7,11,3014
47.0,14,7,12,3023
47.0,14,7,13,3032
47.0,14,7,14,3041
47.0,14,7,15,3050
47.0,14,8,0,2921
47.0,14,8,1,2931
47.0,14,8,2,2940
47.0,14,8,3,2950
47.0,14,8,4,2959
47.0,14,8,5,2968
47.0,14,8,6,2977
47.0,14,8,7,2987
47.0,14,8,8,2996
47.0,14,8,9,3005
47.0,14,8,10,3014
47.0,14,8,11,3023
47.0,14,8,12,3032
47.0,14,8,13,3042
47.0,14,8,14,3051
47.0,14,8,15,3060
47.0,14,9,0,2931
47.0,14,9,1,2940
47.0,14,9,2,2950
47.0,14,9,3,2959
47.0,14,9,4,2968
47.0,14,9,5,2978
47.0,14,9,6,2987
47.0,14,9,7,2996
47.0,14,9,8,3005
47.0,14,9,9,3015
47.0,14,9,10,3024
47.0,14,9,11,3033
47.0,14,9,12,3042
47.0,14,9,13,3051
47.0,14,9,14,3060
47.0,14,9,15,3069
47.0,14,10,0,2940
47.0,14,10,1,2949
47.0,14,10,2,2959
47.0,14,10,3,2968
47.0,14,10,4,2978
47.0,14,10,5,2987
47.0,14,10,6,2996
47.0,14,10,7,3006
47.0,14,10,8,3015
47.0,14,10,9,3024
47.0,14,10,10,3033
47.0,14,10,11,3043
47.0,14,10,12,3052
47.0,14,10,13,3061
47.0,14,10,14,3070
47.0,14,10,15,3079
47.0,14,11,0,2949
47.0,14,11,1,2959
47.0,14,11,2,2968
47.0,14,11,3,2978
47.0,14,11,4,2987
47.0,14,11,5,2996
47.0,14,11,6,3006
47.0,14,11,7,3015
47.0,14,11,8,3024
47.0,14,11,9,3034
47.0,14,11,10,3043
47.0,14,11,11,3052
47.0,14,11,12,3061
47.0,14,11,13,3070
47.0,14,11,14,3080
47.0,14,11,15,3089
47.0,14,12,0,2958
47.0,14,12,1,2968
47.0,14,12,2,2977
47.0,14,12,3,2987
47.0,14,12,4,2996
47.0,14,12,5,3006
47.0,14,12,6,3015
47.0,14,12,7,3025
47.0,14,12,8,3034
47.0,14,12,9,3043
47.0,14,12,10,3052
47.0,14,12,11,3062
47.0,14,12,12,3071
47.0,14,12,13,3080
47.0,14,12,14,3089
47.0,14,12,15,3098
47.0,14,13,0,2968
47.0,14,13,1,2977
47.0,14,13,2,2987
47.0,14,13,3,2996
47.0,14,13,4,3006
47.0,14,13,5,3015
47.0,14,13,6,3025
47.0,14,13,7,3034
47.0,14,13,8,3043
47.0,14,13,9,3053
47.0,14,13,10,3062
47.0,14,13,11,3071
47.0,14,13,12,3080
47.0,14,13,13,3090
47.0,14,13,14,3099
47.0,14,13,15,3108
47.0,14,14,0,2977
47.0,14,14,1,2986
47.0,14,14,2,2996
47.0,14,14,3,3005
47.0,14,14,4,3015
47.0,14,14,5,3024
47.0,14,14,6,3034
47.0,14,14,7,3043
47.0,14,14,8,3053
47.0,14,14,9,3062
47.0,14,14,10,3071
47.0,14,14,11,3081
47.0,14,14,12,3090
47.0,14,14,13,3099
47.0,14,14,14,3108
47.0,14,14,15,3117
47.0,14,15,0,2986
47.0,14,15,1,2995
47.0,14,15,2,3005
47.0,14,15,3,3015
47.0,14,15,4,3024
47.0,14,15,5,3034
47.0,14,15,6,3043
47.0,14,15,7,3053
47.0,14,15,8,3062
47.0,14,15,9,3071
47.0,14,15,10,3081
47.0,14,15,11,3090
47.0,14,15,12,3099
47.0,14,15,13,3109
47.0,14,15,14,3118
47.0,14,15,15,3127
47.0,15,0,0,2856
47.0,15,0,1,2866
47.0,15,0,2,2875
47.0,15,0,3,2884
47.0,15,0,4,2893
47.0,15,0,5,2902
47.0,15,0,6,2911
47.0,15,0,7,2920
47.0,15,0,8,2929
47.0,15,0,9,2938
47.0,15,0,10,2947
47.0,15,0,11,2956
47.0,15,0,12,2965
47.0,15,0,13,2974
47.0,15,0,14,2983
47.0,15,0,15,2991
47.0,15,1,0,2866
47.0,15,1,1,2875
47.0,15,1,2,2884
47.0,15,1,3,2894
47.0,15,1,4,2903
47.0,15,1,5,2912
47.0,15,1,6,2921
47.0,15,1,7,2930
47.0,15,1,8,2939
47.0,15,1,9,2948
47.0,15,1,10,2957
47.0,15,1,11,2966
47.0,15,1,12,2975
47.0,15,1,13,2984
47.0,15,1,14,2993
47.0,15,1,15,3001
47.0,15,2,0,2875
47.0,15,2,1,2885
47.0,15,2,2,2894
47.0,15,2,3,2903
47.0,15,2,4,2912
47.0,15,2,5,2922
47.0,15,2,6,2931
47.0,15,2,7,2940
47.0,15,2,8,2949
47.0,15,2,9,2958
47.0,15,2,10,2967
47.0,15,2,11,2976
47.0,15,2,12,2985
47.0,15,2,13,2994
47.0,15,2,14,3003
47.0,15,2,15,3011
47.0,15,3,0,2885
47.0,15,3,1,2894
47.0,15,3,2,2904
47.0,15,3,3,2913
47.0,15,3,4,2922
47.0,15,3,5,2931
47.0,15,3,6,2940
47.0,15,3,7,2949
47.0,15,3,8,2959
47.0,15,3,9,2968
47.0,15,3,10,2977
47.0,15,3,11,2986
47.0,15,3,12,2995
47.0,15,3,13,3004
47.0,15,3,14,3012
47.0,15,3,15,3021
47.0,15,4,0,2894
47.0,15,4,1,2904
47.0,15,4,2,2913
47.0,15,4,3,2922
47.0,15,4,4,2932
47.0,15,4,5,2941
47.0,15,4,6,2950
47.0,15,4,7,2959
47.0,15,4,8,2968
47.0,15,4,9,2977
47.0,15,4,10,2986
47.0,15,4,11,2995
47.0,15,4,12,3004
47.0,15,4,13,3013
47.0,15,4,14,3022
47.0,15,4,15,3031
47.0,15,5,0,2904
47.0,15,5,1,2913
47.0,15,5,2,2923
47.0,15,5,3,2932
47.0,15,5,4,2941
47.0,15,5,5,2950
47.0,15,5,6,2960
47.0,15,5,7,2969
47.0,15,5,8,2978
47.0,15,5,9,2987
47.0,15,5,10,2996
47.0,15,5,11,3005
47.0,15,5,12,3014
47.0,15,5,13,3023
47.0,15,5,14,3032
47.0,15,5,15,3041
47.0,15,6,0,2913
47.0,15,6,1,2923
47.0,15,6,2,2932
47.0,15,6,3,2941
47.0,15,6,4,2951
47.0,15,6,5,2960
47.0,15,6,6,2969
47.0,15,6,7,2978
47.0,15,6,8,2988
47.0,15,6,9,2997
47.0,15,6,10,3006
47.0,15,6,11,3015
47.0,15,6,12,3024
47.0,15,6,13,3033
47.0,15,6,14,3042
47.0,15,6,15,3051
47.0,15,7,0,2923
47.0,15,7,1,2932
47.0,15,7,2,2942
47.0,15,7,3,2951
47.0,15,7,4,2960
47.0,15,7,5,2969
47.0,15,7,6,2979
47.0,15,7,7,2988
47.0,15,7,8,2997
47.0,15,7,9,3006
47.0,15,7,10,3016
47.0,15,7,11,3025
47.0,15,7,12,3034
47.0,15,7,13,3043
47.0,15,7,14,3052
47.0,15,7,15,3061
47.0,15,8,0,2932
47.0,15,8,1,2942
47.0,15,8,2,2951
47.0,15,8,3,2960
47.0,15,8,4,2970
47.0,15,8,5,2979
47.0,15,8,6,2988
47.0,15,8,7,2998
47.0,15,8,8,3007
47.0,15,8,9,3016
47.0,15,8,10,3025
47.0,15,8,11,3034
47.0,15,8,12,3043
47.0,15,8,13,3053
47.0,15,8,14,3062
47.0,15,8,15,3071
47.0,15,9,0,2941
47.0,15,9,1,2951
47.0,15,9,2,2960
47.0,15,9,3,2970
47.0,15,9,4,2979
47.0,15,9,5,2988
47.0,15,9,6,2998
47.0,15,9,7,3007
47.0,15,9,8,3016
47.0,15,9,9,3026
47.0,15,9,10,3035
47.0,15,9,11,3044
47.0,15,9,12,3053
47.0,15,9,13,3062
47.0,15,9,14,3071
47.0,15,9,15,3080
47.0,15,10,0,2951
47.0,15,10,1,2960
47.0,15,10,2,2970
47.0,15,10,3,2979
47.0,15,10,4,2989
47.0,15,10,5,2998
47.0,15,10,6,3007
47.0,15,10,7,3017
47.0,15,10,8,3026
47.0,15,10,9,3035
47.0,15,10,10,3044
47.0,15,10,11,3054
47.0,15,10,12,3063
47.0,15,10,13,3072
47.0,15,10,14,3081
47.0,15,10,15,3090
47.0,15,11,0,2960
47.0,15,11,1,2969
47.0,15,11,2,2979
47.0,15,11,3,2988
47.0,15,11,4,2998
47.0,15,11,5,3007
47.0,15,11,6,3017
47.0,15,11,7,3026
47.0,15,11,8,3035
47.0,15,11,9,3045
47.0,15,11,10,3054
47.0,15,11,11,3063
47.0,15,11,12,3072
47.0,15,11,13,3082
47.0,15,11,14,3091
47.0,15,11,15,3100
47.0,15,12,0,2969
47.0,15,12,1,2979
47.0,15,12,2,2988
47.0,15,12,3,2998
47.0,15,12,4,3007
47.0,15,12,5,3017
47.0,15,12,6,3026
47.0,15,12,7,3036
47.0,15,12,8,3045
47.0,15,12,9,3054
47.0,15,12,10,3063
47.0,15,12,11,3073
47.0,15,12,12,3082
47.0,15,12,13,3091
47.0,15,12,14,3100
47.0,15,12,15,3110
47.0,15,13,0,2978
47.0,15,13,1,2988
47.0,15,13,2,2998
47.0,15,13,3,3007
47.0,15,13,4,3017
47.0,15,13,5,3026
47.0,15,13,6,3036
47.0,15,13,7,3045
47.0,15,13,8,3054
47.0,15,13,9,3064
47.0,15,13,10,3073
47.0,15,13,11,3082
47.0,15,13,12,3092
47.0,15,13,13,3101
47.0,15,13,14,3110
47.0,15,13,15,3119
47.0,15,14,0,2988
47.0,15,14,1,2997
47.0,15,14,2,3007
47.0,15,14,3,3016
47.0,15,14,4,3026
47.0,15,14,5,3035
47.0,15,14,6,3045
47.0,15,14,7,3054
47.0,15,14,8,3064
47.0,15,14,9,3073
47.0,15,14,10,3082
47.0,15,14,11,3092
47.0,15,14,12,3101
47.0,15,14,13,3110
47.0,15,14,14,3120
47.0,15,14,15,3129
47.0,15,15,0,2997
47.0,15,15,1,3006
47.0,15,15,2,3016
47.0,15,15,3,3026
47.0,15,15,4,3035
47.0,15,15,5,3045
47.0,15,15,6,3054
47.0,15,15,7,3064
47.0,15,15,8,3073
47.0,15,15,9,3083
47.0,15,15,10,3092
47.0,15,15,11,3101
47.0,15,15,12,3111
47.0,15,15,13,3120
47.0,15,15,14,3129
47.0,15,15,15,3138
47.5,0,0,0,2718
47.5,0,0,1,2726
47.5,0,0,2,2735
47.5,0,0,3,2744
47.5,0,0,4,2752
47.5,0,0,5,2761
47.5,0,0,6,2770
47.5,0,0,7,2778
47.5,0,0,8,2787
47.5,0,0,9,2795
47.5,0,0,10,2804
47.5,0,0,11,2812
47.5,0,0,12,2821
47.5,0,0,13,2829
47.5,0,0,14,2838
47.5,0,0,15,2846
47.5,0,1,0,2727
47.5,0,1,1,2735
47.5,0,1,2,2744
47.5,0,1,3,2753
47.5,0,1,4,2762
47.5,0,1,5,2770
47.5,0,1,6,2779
47.5,0,1,7,2788
47.5,0,1,8,2796
47.5,0,1,9,2805
47.5,0,1,10,2813
47.5,0,1,11,2822
47.5,0,1,12,2830
47.5,0,1,13,2839
47.5,0,1,14,2847
47.5,0,1,15,2856
47.5,0,2,0,2736
47.5,0,2,1,2744
47.5,0,2,2,2753
47.5,0,2,3,2762
47.5,0,2,4,2771
47.5,0,2,5,2779
47.5,0,2,6,2788
47.5,0,2,7,2797
47.5,0,2,8,2805
47.5,0,2,9,2814
47.5,0,2,10,2823
47.5,0,2,11,2831
47.5,0,2,12,2840
47.5,0,2,13,2848
47.5,0,2,14,2857
47.5,0,2,15,2865
47.5,0,3,0,2745
47.5,0,3,1,2754
47.5,0,3,2,2762
47.5,0,3,3,2771
47.5,0,3,4,2780
47.5,0,3,5,2789
47.5,0,3,6,2797
47.5,0,3,7,2806
47.5,0,3,8,2815
47.5,0,3,9,2823
47.5,0,3,10,2832
47.5,0,3,11,2840
47.5,0,3,12,2849
47.5,0,3,13,2858
47.5,0,3,14,2866
47.5,0,3,15,2874
47.5,0,4,0,2754
47.5,0,4,1,2763
47.5,0,4,2,2771
47.5,0,4,3,2780
47.5,0,4,4,2789
47.5,0,4,5,2798
47.5,0,4,6,2807
47.5,0,4,7,2815
47.5,0,4,8,2824
47.5,0,4,9,2833
47.5,0,4,10,2841
47.5,0,4,11,2850
47.5,0,4,12,2858
47.5,0,4,13,2867
47.5,0,4,14,2875
47.5,0,4,15,2884
47.5,0,5,0,2763
47.5,0,5,1,2772
47.5,0,5,2,2781
47.5,0,5,3,2789
47.5,0,5,4,2798
47.5,0,5,5,2807
47.5,0,5,6,2816
47.5,0,5,7,2824
47.5,0,5,8,2833
47.5,0,5,9,2842
47.5,0,5,10,2850
47.5,0,5,11,2859
47.5,0,5,12,2868
47.5,0,5,13,2876
47.5,0,5,14,2885
47.5,0,5,15,2893
47.5,0,6,0,2772
47.5,0,6,1,2781
47.5,0,6,2,2790
47.5,0,6,3,2798
47.5,0,6,4,2807
47.5,0,6,5,2816
47.5,0,6,6,2825
47.5,0,6,7,2834
47.5,0,6,8,2842
47.5,0,6,9,2851
47.5,0,6,10,2860
47.5,0,6,11,2868
47.5,0,6,12,2877
47.5,0,6,13,2886
47.5,0,6,14,2894
47.5,0,6,15,2903
47.5,0,7,0,2781
47.5,0,7,1,2790
47.5,0,7,2,2799
47.5,0,7,3,2807
47.5,0,7,4,2816
47.5,0,7,5,2825
47.5,0,7,6,2834
47.5,0,7,7,2843
47.5,0,7,8,2851
47.5,0,7,9,2860
47.5,0,7,10,2869
47.5,0,7,11,2878
47.5,0,7,12,2886
47.5,0,7,13,2895
47.5,0,7,14,2904
47.5,0,7,15,2912
47.5,0,8,0,2790
47.5,0,8,1,2799
47.5,0,8,2,2807
47.5,0,8,3,2816
47.5,0,8,4,2825
47.5,0,8,5,2834
47.5,0,8,6,2843
47.5,0,8,7,2852
47.5,0,8,8,2861
47.5,0,8,9,2869
47.5,0,8,10,2878
47.5,0,8,11,2887
47.5,0,8,12,2896
47.5,0,8,13,2904
47.5,0,8,14,2913
47.5,0,8,15,2921
47.5,0,9,0,2798
47.5,0,9,1,2807
47.5,0,9,2,2816
47.5,0,9,3,2825
47.5,0,9,4,2834
47.5,0,9,5,2843
47.5,0,9,6,2852
47.5,0,9,7,2861
47.5,0,9,8,2870
47.5,0,9,9,2879
47.5,0,9,10,2887
47.5,0,9,11,2896
47.5,0,9,12,2905
47.5,0,9,13,2913
47.5,0,9,14,2922
47.5,0,9,15,2931
47.5,0,10,0,2807
47.5,0,10,1,2816
47.5,0,10,2,2825
47.5,0,10,3,2834
47.5,0,10,4,2843
47.5,0,10,5,2852
47.5,0,10,6,2861
47.5,0,10,7,2870
47.5,0,10,8,2879
47.5,0,10,9,2888
47.5,0,10,10,2896
47.5,0,10,11,2905
47.5,0,10,12,2914
47.5,0,10,13,2923
47.5,0,10,14,2931
47.5,0,10,15,2940
47.5,0,11,0,2816
47.5,0,11,1,2825
47.5,0,11,2,2834
47.5,0,11,3,2843
47.5,0,11,4,2852
47.5,0,11,5,2861
47.5,0,11,6,2870
47.5,0,11,7,2879
47.5,0,11,8,2888
47.5,0,11,9,2897
47.5,0,11,10,2905
47.5,0,11,11,2914
47.5,0,11,12,2923
47.5,0,11,13,2932
47.5,0,11,14,2940
47.5,0,11,15,2949
47.5,0,12,0,2825
47.5,0,12,1,2834
47.5,0,12,2,2843
47.5,0,12,3,2852
47.5,0,12,4,2861
47.5,0,12,5,2870
47.5,0,12,6,2879
47.5,0,12,7,2888
47.5,0,12,8,2897
47.5,0,12,9,2906
47.5,0,12,10,2915
47.5,0,12,11,2923
47.5,0,12,12,2932
47.5,0,12,13,2941
47.5,0,12,14,2950
47.5,0,12,15,2958
47.5,0,13,0,2834
47.5,0,13,1,2843
47.5,0,13,2,2852
47.5,0,13,3,2861
47.5,0,13,4,2870
47.5,0,13,5,2879
47.5,0,13,6,2888
47.5,0,13,7,2897
47.5,0,13,8,2906
47.5,0,13,9,2915
47.5,0,13,10,2924
47.5,0,13,11,2932
47.5,0,13,12,2941
47.5,0,13,13,2950
47.5,0,13,14,2959
47.5,0,13,15,2968
47.5,0,14,0,2842
47.5,0,14,1,2851
47.5,0,14,2,2861
47.5,0,14,3,2870
47.5,0,14,4,2879
47.5,0,14,5,2888
47.5,0,14,6,2897
47.5,0,14,7,2906
47.5,0,14,8,2915
47.5,0,14,9,2924
47.5,0,14,10,2933
47.5,0,14,11,2941
47.5,0,14,12,2950
47.5,0,14,13,2959
47.5,0,14,14,2968
47.5,0,14,15,2977
47.5,0,15,0,2851
47.5,0,15,1,2860
47.5,0,15,2,2869
47.5,0,15,3,2879
47.5,0,15,4,2888
47.5,0,15,5,2897
47.5,0,15,6,2906
47.5,0,15,7,2915
47.5,0,15,8,2924
47.5,0,15,9,2933
47.5,0,15,10,2942
47.5,0,15,11,2950
47.5,0,15,12,2959
47.5,0,15,13,2968
47.5,0,15,14,2977
47.5,0,15,15,2986
47.5,1,0,0,2728
47.5,1,0,1,2737
47.5,1,0,2,2745
47.5,1,0,3,2754
47.5,1,0,4,2763
47.5,1,0,5,2772
47.5,1,0,6,2780
47.5,1,0,7,2789
47.5,1,0,8,2797
47.5,1,0,9,2806
47.5,1,0,10,2815
47.5,1,0,11,2823
47.5,1,0,12,2832
47.5,1,0,13,2840
47.5,1,0,14,2848
47.5,1,0,15,2857
47.5,1,1,0,2737
47.5,1,1,1,2746
47.5,1,1,2,2755
47.5,1,1,3,2763
47.5,1,1,4,2772
47.5,1,1,5,2781
47.5,1,1,6,2790
47.5,1,1,7,2798
47.5,1,1,8,2807
47.5,1,1,9,2815
47.5,1,1,10,2824
47.5,1,1,11,2833
47.5,1,1,12,2841
47.5,1,1,13,2850
47.5,1,1,14,2858
47.5,1,1,15,2866
47.5,1,2,0,2746
47.5,1,2,1,2755
47.5,1,2,2,2764
47.5,1,2,3,2773
47.5,1,2,4,2781
47.5,1,2,5,2790
47.5,1,2,6,2799
47.5,1,2,7,2808
47.5,1,2,8,2816
47.5,1,2,9,2825
47.5,1,2,10,2833
47.5,1,2,11,2842
47.5,1,2,12,2851
47.5,1,2,13,2859
47.5,1,2,14,2868
47.5,1,2,15,2876
47.5,1,3,0,2755
47.5,1,3,1,2764
47.5,1,3,2,2773
47.5,1,3,3,2782
47.5,1,3,4,2791
47.5,1,3,5,2799
47.5,1,3,6,2808
47.5,1,3,7,2817
47.5,1,3,8,2825
47.5,1,3,9,2834
47.5,1,3,10,2843
47.5,1,3,11,2851
47.5,1,3,12,2860
47.5,1,3,13,2868
47.5,1,3,14,2877
47.5,1,3,15,2886
47.5,1,4,0,2764
47.5,1,4,1,2773
47.5,1,4,2,2782
47.5,1,4,3,2791
47.5,1,4,4,2800
47.5,1,4,5,2809
47.5,1,4,6,2817
47.5,1,4,7,2826
47.5,1,4,8,2835
47.5,1,4,9,2843
47.5,1,4,10,2852
47.5,1,4,11,2861
47.5,1,4,12,2869
47.5,1,4,13,2878
47.5,1,4,14,2886
47.5,1,4,15,2895
47.5,1,5,0,2773
47.5,1,5,1,2782
47.5,1,5,2,2791
47.5,1,5,3,2800
47.5,1,5,4,2809
47.5,1,5,5,2818
47.5,1,5,6,2826
47.5,1,5,7,2835
47.5,1,5,8,2844
47.5,1,5,9,2853
47.5,1,5,10,2861
47.5,1,5,11,2870
47.5,1,5,12,2879
47.5,1,5,13,2887
47.5,1,5,14,2896
47.5,1,5,15,2904
47.5,1,6,0,2782
47.5,1,6,1,2791
47.5,1,6,2,2800
47.5,1,6,3,2809
47.5,1,6,4,2818
47.5,1,6,5,2827
47.5,1,6,6,2836
47.5,1,6,7,2844
47.5,1,6,8,2853
47.5,1,6,9,2862
47.5,1,6,10,2871
47.5,1,6,11,2879
47.5,1,6,12,2888
47.5,1,6,13,2897
47.5,1,6,14,2905
47.5,1,6,15,2914
47.5,1,7,0,2791
47.5,1,7,1,2800
47.5,1,7,2,2809
47.5,1,7,3,2818
47.5,1,7,4,2827
47.5,1,7,5,2836
47.5,1,7,6,2845
47.5,1,7,7,2854
47.5,1,7,8,2862
47.5,1,7,9,2871
47.5,1,7,10,2880
47.5,1,7,11,2889
47.5,1,7,12,2897
47.5,1,7,13,2906
47.5,1,7,14,2915
47.5,1,7,15,2923
47.5,1,8,0,2800
47.5,1,8,1,2809
47.5,1,8,2,2818
47.5,1,8,3,2827
47.5,1,8,4,2836
47.5,1,8,5,2845
47.5,1,8,6,2854
47.5,1,8,7,2863
47.5,1,8,8,2872
47.5,1,8,9,2880
47.5,1,8,10,2889
47.5,1,8,11,2898
47.5,1,8,12,2907
47.5,1,8,13,2915
47.5,1,8,14,2924
47.5,1,8,15,2933
47.5,1,9,0,2809
47.5,1,9,1,2818
47.5,1,9,2,2827
47.5,1,9,3,2836
47.5,1,9,4,2845
47.5,1,9,5,2854
47.5,1,9,6,2863
47.5,1,9,7,2872
47.5,1,9,8,2881
47.5,1,9,9,2890
47.5,1,9,10,2898
47.5,1,9,11,2907
47.5,1,9,12,2916
47.5,1,9,13,2925
47.5,1,9,14,2933
47.5,1,9,15,2942
47.5,1,10,0,2818
47.5,1,10,1,2827
47.5,1,10,2,2836
47.5,1,10,3,2845
47.5,1,10,4,2854
47.5,1,10,5,2863
47.5,1,10,6,2872
47.5,1,10,7,2881
47.5,1,10,8,2890
47.5,1,10,9,2899
47.5,1,10,10,2907
47.5,1,10,11,2916
47.5,1,10,12,2925
47.5,1,10,13,2934
47.5,1,10,14,2943
47.5,1,10,15,2951
47.5,1,11,0,2827
47.5,1,11,1,2836
47.5,1,11,2,2845
47.5,1,11,3,2854
47.5,1,11,4,2863
47.5,1,11,5,2872
47.5,1,11,6,2881
47.5,1,11,7,2890
47.5,1,11,8,2899
47.5,1,11,9,2908
47.5,1,11,10,2917
47.5,1,11,11,2925
47.5,1,11,12,2934
47.5,1,11,13,2943
47.5,1,11,14,2952
47.5,1,11,15,2960
47.5,1,12,0,2836
47.5,1,12,1,2845
47.5,1,12,2,2854
47.5,1,12,3,2863
47.5,1,12,4,2872
47.5,1,12,5,2881
47.5,1,12,6,2890
47.5,1,12,7,2899
47.5,1,12,8,2908
47.5,1,12,9,2917
47.5,1,12,10,2926
47.5,1,12,11,2935
47.5,1,12,12,2943
47.5,1,12,13,2952
47.5,1,12,14,2961
47.5,1,12,15,2970
47.5,1,13,0,2844
47.5,1,13,1,2854
47.5,1,13,2,2863
47.5,1,13,3,2872
47.5,1,13,4,2881
47.5,1,13,5,2890
47.5,1,13,6,2899
47.5,1,13,7,2908
47.5,1,13,8,2917
47.5,1,13,9,2926
47.5,1,13,10,2935
47.5,1,13,11,2944
47.5,1,13,12,2953
47.5,1,13,13,2961
47.5,1,13,14,2970
47.5,1,13,15,2979
47.5,1,14,0,2853
47.5,1,14,1,2862
47.5,1,14,2,2872
47.5,1,14,3,2881
47.5,1,14,4,2890
47.5,1,14,5,2899
47.5,1,14,6,2908
47.5,1,14,7,2917
47.5,1,14,8,2926
47.5,1,14,9,2935
47.5,1,14,10,2944
47.5,1,14,11,2953
47.5,1,14,12,2962
47.5,1,14,13,2970
47.5,1,14,14,2979
47.5,1,14,15,2988
47.5,1,15,0,2862
47.5,1,15,1,2871
47.5,1,15,2,2880
47.5,1,15,3,2890
47.5,1,15,4,2899
47.5,1,15,5,2908
47.5,1,15,6,2917
47.5,1,15,7,2926
47.5,1,15,8,2935
47.5,1,15,9,2944
47.5,1,15,10,2953
47.5,1,15,11,2962
47.5,1,15,12,2971
47.5,1,15,13,2980
47.5,1,15,14,2988
47.5,1,15,15,2997
47.5,2,0,0,2738
47.5,2,0,1,2747
47.5,2,0,2,2756
47.5,2,0,3,2765
47.5,2,0,4,2773
47.5,2,0,5,2782
47.5,2,0,6,2791
47.5,2,0,7,2799
47.5,2,0,8,2808
47.5,2,0,9,2817
47.5,2,0,10,2825
47.5,2,0,11,2834
47.5,2,0,12,2842
47.5,2,0,13,2851
47.5,2,0,14,2859
47.5,2,0,15,2868
47.5,2,1,0,2748
47.5,2,1,1,2756
47.5,2,1,2,2765
47.5,2,1,3,2774
47.5,2,1,4,2783
47.5,2,1,5,2791
47.5,2,1,6,2800
47.5,2,1,7,2809
47.5,2,1,8,2818
47.5,2,1,9,2826
47.5,2,1,10,2835
47.5,2,1,11,2843
47.5,2,1,12,2852
47.5,2,1,13,2860
47.5,2,1,14,2869
47.5,2,1,15,2877
47.5,2,2,0,2757
47.5,2,2,1,2766
47.5,2,2,2,2774
47.5,2,2,3,2783
47.5,2,2,4,2792
47.5,2,2,5,2801
47.5,2,2,6,2810
47.5,2,2,7,2818
47.5,2,2,8,2827
47.5,2,2,9,2836
47.5,2,2,10,2844
47.5,2,2,11,2853
47.5,2,2,12,2861
47.5,2,2,13,2870
47.5,2,2,14,2878
47.5,2,2,15,2887
47.5,2,3,0,2766
47.5,2,3,1,2775
47.5,2,3,2,2784
47.5,2,3,3,2792
47.5,2,3,4,2801
47.5,2,3,5,2810
47.5,2,3,6,2819
47.5,2,3,7,2828
47.5,2,3,8,2836
47.5,2,3,9,2845
47.5,2,3,10,2854
47.5,2,3,11,2862
47.5,2,3,12,2871
47.5,2,3,13,2879
47.5,2,3,14,2888
47.5,2,3,15,2897
47.5,2,4,0,2775
47.5,2,4,1,2784
47.5,2,4,2,2793
47.5,2,4,3,2802
47.5,2,4,4,2810
47.5,2,4,5,2819
47.5,2,4,6,2828
47.5,2,4,7,2837
47.5,2,4,8,2846
47.5,2,4,9,2854
47.5,2,4,10,2863
47.5,2,4,11,2872
47.5,2,4,12,2880
47.5,2,4,13,2889
47.5,2,4,14,2897
47.5,2,4,15,2906
47.5,2,5,0,2784
47.5,2,5,1,2793
47.5,2,5,2,2802
47.5,2,5,3,2811
47.5,2,5,4,2820
47.5,2,5,5,2828
47.5,2,5,6,2837
47.5,2,5,7,2846
47.5,2,5,8,2855
47.5,2,5,9,2864
47.5,2,5,10,2872
47.5,2,5,11,2881
47.5,2,5,12,2890
47.5,2,5,13,2898
47.5,2,5,14,2907
47.5,2,5,15,2916
47.5,2,6,0,2793
47.5,2,6,1,2802
47.5,2,6,2,2811
47.5,2,6,3,2820
47.5,2,6,4,2829
47.5,2,6,5,2838
47.5,2,6,6,2846
47.5,2,6,7,2855
47.5,2,6,8,2864
47.5,2,6,9,2873
47.5,2,6,10,2882
47.5,2,6,11,2890
47.5,2,6,12,2899
47.5,2,6,13,2908
47.5,2,6,14,2916
47.5,2,6,15,2925
47.5,2,7,0,2802
47.5,2,7,1,2811
47.5,2,7,2,2820
47.5,2,7,3,2829
47.5,2,7,4,2838
47.5,2,7,5,2847
47.5,2,7,6,2856
47.5,2,7,7,2865
47.5,2,7,8,2873
47.5,2,7,9,2882
47.5,2,7,10,2891
47.5,2,7,11,2900
47.5,2,7,12,2908
47.5,2,7,13,2917
47.5,2,7,14,2926
47.5,2,7,15,2934
47.5,2,8,0,2811
47.5,2,8,1,2820
47.5,2,8,2,2829
47.5,2,8,3,2838
47.5,2,8,4,2847
47.5,2,8,5,2856
47.5,2,8,6,2865
47.5,2,8,7,2874
47.5,2,8,8,2883
47.5,2,8,9,2891
47.5,2,8,10,2900
47.5,2,8,11,2909
47.5,2,8,12,2918
47.5,2,8,13,2926
47.5,2,8,14,2935
47.5,2,8,15,2944
47.5,2,9,0,2820
47.5,2,9,1,2829
47.5,2,9,2,2838
47.5,2,9,3,2847
47.5,2,9,4,2856
47.5,2,9,5,2865
47.5,2,9,6,2874
47.5,2,9,7,2883
47.5,2,9,8,2892
47.5,2,9,9,2901
47.5,2,9,10,2909
47.5,2,9,11,2918
47.5,2,9,12,2927
47.5,2,9,13,2936
47.5,2,9,14,2944
47.5,2,9,15,2953
47.5,2,10,0,2829
47.5,2,10,1,2838
47.5,2,10,2,2847
47.5,2,10,3,2856
47.5,2,10,4,2865
47.5,2,10,5,2874
47.5,2,10,6,2883
47.5,2,10,7,2892
47.5,2,10,8,2901
47.5,2,10,9,2910
47.5,2,10,10,2919
47.5,2,10,11,2927
47.5,2,10,12,2936
47.5,2,10,13,2945
47.5,2,10,14,2954
47.5,2,10,15,2962
47.5,2,11,0,2838
47.5,2,11,1,2847
47.5,2,11,2,2856
47.5,2,11,3,2865
47.5,2,11,4,2874
47.5,2,11,5,2883
47.5,2,11,6,2892
47.5,2,11,7,2901
47.5,2,11,8,2910
47.5,2,11,9,2919
47.5,2,11,10,2928
47.5,2,11,11,2937
47.5,2,11,12,2945
47.5,2,11,13,2954
47.5,2,11,14,2963
47.5,2,11,15,2972
47.5,2,12,0,2846
47.5,2,12,1,2856
47.5,2,12,2,2865
47.5,2,12,3,2874
47.5,2,12,4,2883
47.5,2,12,5,2892
47.5,2,12,6,2901
47.5,2,12,7,2910
47.5,2,12,8,2919
47.5,2,12,9,2928
47.5,2,12,10,2937
47.5,2,12,11,2946
47.5,2,12,12,2955
47.5,2,12,13,2963
47.5,2,12,14,2972
47.5,2,12,15,2981
47.5,2,13,0,2855
47.5,2,13,1,2865
47.5,2,13,2,2874
47.5,2,13,3,2883
47.5,2,13,4,2892
47.5,2,13,5,2901
47.5,2,13,6,2910
47.5,2,13,7,2919
47.5,2,13,8,2928
47.5,2,13,9,2937
47.5,2,13,10,2946
47.5,2,13,11,2955
47.5,2,13,12,2964
47.5,2,13,13,2973
47.5,2,13,14,2981
47.5,2,13,15,2990
47.5,2,14,0,2864
47.5,2,14,1,2873
47.5,2,14,2,2883
47.5,2,14,3,2892
47.5,2,14,4,2901
47.5,2,14,5,2910
47.5,2,14,6,2919
47.5,2,14,7,2928
47.5,2,14,8,2937
47.5,2,14,9,2946
47.5,2,14,10,2955
47.5,2,14,11,2964
47.5,2,14,12,2973
47.5,2,14,13,2982
47.5,2,14,14,2991
47.5,2,14,15,3000
47.5,2,15,0,2873
47.5,2,15,1,2882
47.5,2,15,2,2891
47.5,2,15,3,2901
47.5,2,15,4,2910
47.5,2,15,5,2919
47.5,2,15,6,2928
47.5,2,15,7,2937
47.5,2,15,8,2946
47.5,2,15,9,2955
47.5,2,15,10,2964
47.5,2,15,11,2973
47.5,2,15,12,2982
47.5,2,15,13,2991
47.5,2,15,14,3000
47.5,2,15,15,3009
47.5,3,0,0,2749
47.5,3,0,1,2758
47.5,3,0,2,2766
47.5,3,0,3,2775
47.5,3,0,4,2784
47.5,3,0,5,2793
47.5,3,0,6,2801
47.5,3,0,7,2810
47.5,3,0,8,2819
47.5,3,0,9,2827
47.5,3,0,10,2836
47.5,3,0,11,2845
47.5,3,0,12,2853
47.5,3,0,13,2862
47.5,3,0,14,2870
47.5,3,0,15,2879
47.5,3,1,0,2758
47.5,3,1,1,2767
47.5,3,1,2,2776
47.5,3,1,3,2785
47.5,3,1,4,2793
47.5,3,1,5,2802
47.5,3,1,6,2811
47.5,3,1,7,2820
47.5,3,1,8,2828
47.5,3,1,9,2837
47.5,3,1,10,2846
47.5,3,1,11,2854
47.5,3,1,12,2863
47.5,3,1,13,2871
47.5,3,1,14,2880
47.5,3,1,15,2888
47.5,3,2,0,2767
47.5,3,2,1,2776
47.5,3,2,2,2785
47.5,3,2,3,2794
47.5,3,2,4,2803
47.5,3,2,5,2811
47.5,3,2,6,2820
47.5,3,2,7,2829
47.5,3,2,8,2838
47.5,3,2,9,2846
47.5,3,2,10,2855
47.5,3,2,11,2864
47.5,3,2,12,2872
47.5,3,2,13,2881
47.5,3,2,14,2889
47.5,3,2,15,2898
47.5,3,3,0,2776
47.5,3,3,1,2785
47.5,3,3,2,2794
47.5,3,3,3,2803
47.5,3,3,4,2812
47.5,3,3,5,2821
47.5,3,3,6,2830
47.5,3,3,7,2838
47.5,3,3,8,2847
47.5,3,3,9,2856
47.5,3,3,10,2864
47.5,3,3,11,2873
47.5,3,3,12,2882
47.5,3,3,13,2890
47.5,3,3,14,2899
47.5,3,3,15,2908
47.5,3,4,0,2785
47.5,3,4,1,2794
47.5,3,4,2,2803
47.5,3,4,3,2812
47.5,3,4,4,2821
47.5,3,4,5,2830
47.5,3,4,6,2839
47.5,3,4,7,2848
47.5,3,4,8,2856
47.5,3,4,9,2865
47.5,3,4,10,2874
47.5,3,4,11,2883
47.5,3,4,12,2891
47.5,3,4,13,2900
47.5,3,4,14,2909
47.5,3,4,15,2917
47.5,3,5,0,2794
47.5,3,5,1,2803
47.5,3,5,2,2812
47.5,3,5,3,2821
47.5,3,5,4,2830
47.5,3,5,5,2839
47.5,3,5,6,2848
47.5,3,5,7,2857
47.5,3,5,8,2866
47.5,3,5,9,2874
47.5,3,5,10,2883
47.5,3,5,11,2892
47.5,3,5,12,2901
47.5,3,5,13,2909
47.5,3,5,14,2918
47.5,3,5,15,2927
47.5,3,6,0,2804
47.5,3,6,1,2813
47.5,3,6,2,2822
47.5,3,6,3,2831
47.5,3,6,4,2840
47.5,3,6,5,2848
47.5,3,6,6,2857
47.5,3,6,7,2866
47.5,3,6,8,2875
47.5,3,6,9,2884
47.5,3,6,10,2893
47.5,3,6,11,2901
47.5,3,6,12,2910
47.5,3,6,13,2919
47.5,3,6,14,2927
47.5,3,6,15,2936
47.5,3,7,0,2813
47.5,3,7,1,2822
47.5,3,7,2,2831
47.5,3,7,3,2840
47.5,3,7,4,2849
47.5,3,7,5,2858
47.5,3,7,6,2867
47.5,3,7,7,2875
47.5,3,7,8,2884
47.5,3,7,9,2893
47.5,3,7,10,2902
47.5,3,7,11,2911
47.5,3,7,12,2919
47.5,3,7,13,2928
47.5,3,7,14,2937
47.5,3,7,15,2946
47.5,3,8,0,2822
47.5,3,8,1,2831
47.5,3,8,2,2840
47.5,3,8,3,2849
47.5,3,8,4,2858
47.5,3,8,5,2867
47.5,3,8,6,2876
47.5,3,8,7,2885
47.5,3,8,8,2893
47.5,3,8,9,2902
47.5,3,8,10,2911
47.5,3,8,11,2920
47.5,3,8,12,2929
47.5,3,8,13,2938
47.5,3,8,14,2946
47.5,3,8,15,2955
47.5,3,9,0,2831
47.5,3,9,1,2840
47.5,3,9,2,2849
47.5,3,9,3,2858
47.5,3,9,4,2867
47.5,3,9,5,2876
47.5,3,9,6,2885
47.5,3,9,7,2894
47.5,3,9,8,2903
47.5,3,9,9,2912
47.5,3,9,10,2920
47.5,3,9,11,2929
47.5,3,9,12,2938
47.5,3,9,13,2947
47.5,3,9,14,2956
47.5,3,9,15,2964
47.5,3,10,0,2840
47.5,3,10,1,2849
47.5,3,10,2,2858
47.5,3,10,3,2867
47.5,3,10,4,2876
47.5,3,10,5,2885
47.5,3,10,6,2894
47.5,3,10,7,2903
47.5,3,10,8,2912
47.5,3,10,9,2921
47.5,3,10,10,2930
47.5,3,10,11,2939
47.5,3,10,12,2947
47.5,3,10,13,2956
47.5,3,10,14,2965
47.5,3,10,15,2974
47.5,3,11,0,2848
47.5,3,11,1,2858
47.5,3,11,2,2867
47.5,3,11,3,2876
47.5,3,11,4,2885
47.5,3,11,5,2894
47.5,3,11,6,2903
47.5,3,11,7,2912
47.5,3,11,8,2921
47.5,3,11,9,2930
47.5,3,11,10,2939
47.5,3,11,11,2948
47.5,3,11,12,2957
47.5,3,11,13,2965
47.5,3,11,14,2974
47.5,3,11,15,2983
47.5,3,12,0,2857
47.5,3,12,1,2867
47.5,3,12,2,2876
47.5,3,12,3,2885
47.5,3,12,4,2894
47.5,3,12,5,2903
47.5,3,12,6,2912
47.5,3,12,7,2921
47.5,3,12,8,2930
47.5,3,12,9,2939
47.5,3,12,10,2948
47.5,3,12,11,2957
47.5,3,12,12,2966
47.5,3,12,13,2975
47.5,3,12,14,2984
47.5,3,12,15,2992
47.5,3,13,0,2866
47.5,3,13,1,2875
47.5,3,13,2,2885
47.5,3,13,3,2894
47.5,3,13,4,2903
47.5,3,13,5,2912
47.5,3,13,6,2921
47.5,3,13,7,2930
47.5,3,13,8,2939
47.5,3,13,9,2948
47.5,3,13,10,2957
47.5,3,13,11,2966
47.5,3,13,12,2975
47.5,3,13,13,2984
47.5,3,13,14,2993
47.5,3,13,15,3002
47.5,3,14,0,2875
47.5,3,14,1,2884
47.5,3,14,2,2893
47.5,3,14,3,2903
47.5,3,14,4,2912
47.5,3,14,5,2921
47.5,3,14,6,2930
47.5,3,14,7,2939
47.5,3,14,8,2948
47.5,3,14,9,2957
47.5,3,14,10,2966
47.5,3,14,11,2975
47.5,3,14,12,2984
47.5,3,14,13,2993
47.5,3,14,14,3002
47.5,3,14,15,3011
47.5,3,15,0,2884
47.5,3,15,1,2893
47.5,3,15,2,2902
47.5,3,15,3,2912
47.5,3,15,4,2921
47.5,3,15,5,2930
47.5,3,15,6,2939
47.5,3,15,7,2948
47.5,3,15,8,2957
47.5,3,15,9,2966
47.5,3,15,10,2975
47.5,3,15,11,2984
47.5,3,15,12,2993
47.5,3,15,13,3002
47.5,3,15,14,3011
47.5,3,15,15,3020
47.5,4,0,0,2759
47.5,4,0,1,2768
47.5,4,0,2,2777
47.5,4,0,3,2786
47.5,4,0,4,2795
47.5,4,0,5,2803
47.5,4,0,6,2812
47.5,4,0,7,2821
47.5,4,0,8,2829
47.5,4,0,9,2838
47.5,4,0,10,2847
47.5,4,0,11,2855
47.5,4,0,12,2864
47.5,4,0,13,2873
47.5,4,0,14,2881
47.5,4,0,15,2890
47.5,4,1,0,2768
47.5,4,1,1,2777
47.5,4,1,2,2786
47.5,4,1,3,2795
47.5,4,1,4,2804
47.5,4,1,5,2813
47.5,4,1,6,2821
47.5,4,1,7,2830
47.5,4,1,8,2839
47.5,4,1,9,2848
47.5,4,1,10,2856
47.5,4,1,11,2865
47.5,4,1,12,2874
47.5,4,1,13,2882
47.5,4,1,14,2891
47.5,4,1,15,2899
47.5,4,2,0,2778
47.5,4,2,1,2787
47.5,4,2,2,2795
47.5,4,2,3,2804
47.5,4,2,4,2813
47.5,4,2,5,2822
47.5,4,2,6,2831
47.5,4,2,7,2840
47.5,4,2,8,2848
47.5,4,2,9,2857
47.5,4,2,10,2866
47.5,4,2,11,2875
47.5,4,2,12,2883
47.5,4,2,13,2892
47.5,4,2,14,2900
47.5,4,2,15,2909
47.5,4,3,0,2787
47.5,4,3,1,2796
47.5,4,3,2,2805
47.5,4,3,3,2814
47.5,4,3,4,2823
47.5,4,3,5,2831
47.5,4,3,6,2840
47.5,4,3,7,2849
47.5,4,3,8,2858
47.5,4,3,9,2867
47.5,4,3,10,2875
47.5,4,3,11,2884
47.5,4,3,12,2893
47.5,4,3,13,2901
47.5,4,3,14,2910
47.5,4,3,15,2919
47.5,4,4,0,2796
47.5,4,4,1,2805
47.5,4,4,2,2814
47.5,4,4,3,2823
47.5,4,4,4,2832
47.5,4,4,5,2841
47.5,4,4,6,2850
47.5,4,4,7,2858
47.5,4,4,8,2867
47.5,4,4,9,2876
47.5,4,4,10,2885
47.5,4,4,11,2893
47.5,4,4,12,2902
47.5,4,4,13,2911
47.5,4,4,14,2920
47.5,4,4,15,2928
47.5,4,5,0,2805
47.5,4,5,1,2814
47.5,4,5,2,2823
47.5,4,5,3,2832
47.5,4,5,4,2841
47.5,4,5,5,2850
47.5,4,5,6,2859
47.5,4,5,7,2868
47.5,4,5,8,2877
47.5,4,5,9,2885
47.5,4,5,10,2894
47.5,4,5,11,2903
47.5,4,5,12,2912
47.5,4,5,13,2920
47.5,4,5,14,2929
47.5,4,5,15,2938
47.5,4,6,0,2814
47.5,4,6,1,2823
47.5,4,6,2,2832
47.5,4,6,3,2841
47.5,4,6,4,2850
47.5,4,6,5,2859
47.5,4,6,6,2868
47.5,4,6,7,2877
47.5,4,6,8,2886
47.5,4,6,9,2895
47.5,4,6,10,2904
47.5,4,6,11,2912
47.5,4,6,12,2921
47.5,4,6,13,2930
47.5,4,6,14,2939
47.5,4,6,15,2947
47.5,4,7,0,2823
47.5,4,7,1,2832
47.5,4,7,2,2841
47.5,4,7,3,2850
47.5,4,7,4,2859
47.5,4,7,5,2868
47.5,4,7,6,2877
47.5,4,7,7,2886
47.5,4,7,8,2895
47.5,4,7,9,2904
47.5,4,7,10,2913
47.5,4,7,11,2922
47.5,4,7,12,2931
47.5,4,7,13,2939
47.5,4,7,14,2948
47.5,4,7,15,2957
47.5,4,8,0,2832
47.5,4,8,1,2841
47.5,4,8,2,2850
47.5,4,8,3,2860
47.5,4,8,4,2869
47.5,4,8,5,2878
47.5,4,8,6,2887
47.5,4,8,7,2896
47.5,4,8,8,2904
47.5,4,8,9,2913
47.5,4,8,10,2922
47.5,4,8,11,2931
47.5,4,8,12,2940
47.5,4,8,13,2949
47.5,4,8,14,2957
47.5,4,8,15,2966
47.5,4,9,0,2841
47.5,4,9,1,2850
47.5,4,9,2,2860
47.5,4,9,3,2869
47.5,4,9,4,2878
47.5,4,9,5,2887
47.5,4,9,6,2896
47.5,4,9,7,2905
47.5,4,9,8,2914
47.5,4,9,9,2923
47.5,4,9,10,2932
47.5,4,9,11,2940
47.5,4,9,12,2949
47.5,4,9,13,2958
47.5,4,9,14,2967
47.5,4,9,15,2976
47.5,4,10,0,2850
47.5,4,10,1,2859
47.5,4,10,2,2869
47.5,4,10,3,2878
47.5,4,10,4,2887
47.5,4,10,5,2896
47.5,4,10,6,2905
47.5,4,10,7,2914
47.5,4,10,8,2923
47.5,4,10,9,2932
47.5,4,10,10,2941
47.5,4,10,11,2950
47.5,4,10,12,2959
47.5,4,10,13,2967
47.5,4,10,14,2976
47.5,4,10,15,2985
47.5,4,11,0,2859
47.5,4,11,1,2868
47.5,4,11,2,2878
47.5,4,11,3,2887
47.5,4,11,4,2896
47.5,4,11,5,2905
47.5,4,11,6,2914
47.5,4,11,7,2923
47.5,4,11,8,2932
47.5,4,11,9,2941
47.5,4,11,10,2950
47.5,4,11,11,2959
47.5,4,11,12,2968
47.5,4,11,13,2977
47.5,4,11,14,2986
47.5,4,11,15,2994
47.5,4,12,0,2868
47.5,4,12,1,2877
47.5,4,12,2,2887
47.5,4,12,3,2896
47.5,4,12,4,2905
47.5,4,12,5,2914
47.5,4,12,6,2923
47.5,4,12,7,2932
47.5,4,12,8,2941
47.5,4,12,9,2950
47.5,4,12,10,2959
47.5,4,12,11,2968
47.5,4,12,12,2977
47.5,4,12,13,2986
47.5,4,12,14,2995
47.5,4,12,15,3004
47.5,4,13,0,2877
47.5,4,13,1,2886
47.5,4,13,2,2896
47.5,4,13,3,2905
47.5,4,13,4,2914
47.5,4,13,5,2923
47.5,4,13,6,2932
47.5,4,13,7,2941
47.5,4,13,8,2950
47.5,4,13,9,2959
47.5,4,13,10,2968
47.5,4,13,11,2977
47.5,4,13,12,2986
47.5,4,13,13,2995
47.5,4,13,14,3004
47.5,4,13,15,3013
47.5,4,14,0,2886
47.5,4,14,1,2895
47.5,4,14,2,2904
47.5,4,14,3,2914
47.5,4,14,4,2923
47.5,4,14,5,2932
47.5,4,14,6,2941
47.5,4,14,7,2950
47.5,4,14,8,2959
47.5,4,14,9,2969
47.5,4,14,10,2978
47.5,4,14,11,2987
47.5,4,14,12,2996
47.5,4,14,13,3005
47.5,4,14,14,3013
47.5,4,14,15,3022
47.5,4,15,0,2895
47.5,4,15,1,2904
47.5,4,15,2,2913
47.5,4,15,3,2923
47.5,4,15,4,2932
47.5,4,15,5,2941
47.5,4,15,6,2950
47.5,4,15,7,2959
47.5,4,15,8,2969
47.5,4,15,9,2978
47.5,4,15,10,2987
47.5,4,15,11,2996
47.5,4,15,12,3005
47.5,4,15,13,3014
47.5,4,15,14,3023
47.5,4,15,15,3032
47.5,5,0,0,2770
47.5,5,0,1,2778
47.5,5,0,2,2787
47.5,5,0,3,2796
47.5,5,0,4,2805
47.5,5,0,5,2814
47.5,5,0,6,2823
47.5,5,0,7,2831
47.5,5,0,8,2840
47.5,5,0,9,2849
47.5,5,0,10,2858
47.5,5,0,11,2866
47.5,5,0,12,2875
47.5,5,0,13,2883
47.5,5,0,14,2892
47.5,5,0,15,2901
47.5,5,1,0,2779
47.5,5,1,1,2788
47.5,5,1,2,2797
47.5,5,1,3,2806
47.5,5,1,4,2814
47.5,5,1,5,2823
47.5,5,1,6,2832
47.5,5,1,7,2841
47.5,5,1,8,2850
47.5,5,1,9,2858
47.5,5,1,10,2867
47.5,5,1,11,2876
47.5,5,1,12,2884
47.5,5,1,13,2893
47.5,5,1,14,2902
47.5,5,1,15,2910
47.5,5,2,0,2788
47.5,5,2,1,2797
47.5,5,2,2,2806
47.5,5,2,3,2815
47.5,5,2,4,2824
47.5,5,2,5,2833
47.5,5,2,6,2842
47.5,5,2,7,2850
47.5,5,2,8,2859
47.5,5,2,9,2868
47.5,5,2,10,2877
47.5,5,2,11,2885
47.5,5,2,12,2894
47.5,5,2,13,2903
47.5,5,2,14,2911
47.5,5,2,15,2920
47.5,5,3,0,2797
47.5,5,3,1,2806
47.5,5,3,2,2815
47.5,5,3,3,2824
47.5,5,3,4,2833
47.5,5,3,5,2842
47.5,5,3,6,2851
47.5,5,3,7,2860
47.5,5,3,8,2869
47.5,5,3,9,2877
47.5,5,3,10,2886
47.5,5,3,11,2895
47.5,5,3,12,2904
47.5,5,3,13,2912
47.5,5,3,14,2921
47.5,5,3,15,2930
47.5,5,4,0,2807
47.5,5,4,1,2816
47.5,5,4,2,2825
47.5,5,4,3,2834
47.5,5,4,4,2842
47.5,5,4,5,2851
47.5,5,4,6,2860
47.5,5,4,7,2869
47.5,5,4,8,2878
47.5,5,4,9,2887
47.5,5,4,10,2896
47.5,5,4,11,2904
47.5,5,4,12,2913
47.5,5,4,13,2922
47.5,5,4,14,2931
47.5,5,4,15,2939
47.5,5,5,0,2816
47.5,5,5,1,2825
47.5,5,5,2,2834
47.5,5,5,3,2843
47.5,5,5,4,2852
47.5,5,5,5,2861
47.5,5,5,6,2870
47.5,5,5,7,2879
47.5,5,5,8,2887
47.5,5,5,9,2896
47.5,5,5,10,2905
47.5,5,5,11,2914
47.5,5,5,12,2923
47.5,5,5,13,2931
47.5,5,5,14,2940
47.5,5,5,15,2949
47.5,5,6,0,2825
47.5,5,6,1,2834
47.5,5,6,2,2843
47.5,5,6,3,2852
47.5,5,6,4,2861
47.5,5,6,5,2870
47.5,5,6,6,2879
47.5,5,6,7,2888
47.5,5,6,8,2897
47.5,5,6,9,2906
47.5,5,6,10,2915
47.5,5,6,11,2923
47.5,5,6,12,2932
47.5,5,6,13,2941
47.5,5,6,14,2950
47.5,5,6,15,2958
47.5,5,7,0,2834
47.5,5,7,1,2843
47.5,5,7,2,2852
47.5,5,7,3,2861
47.5,5,7,4,2870
47.5,5,7,5,2879
47.5,5,7,6,2888
47.5,5,7,7,2897
47.5,5,7,8,2906
47.5,5,7,9,2915
47.5,5,7,10,2924
47.5,5,7,11,2933
47.5,5,7,12,2942
47.5,5,7,13,2950
47.5,5,7,14,2959
47.5,5,7,15,2968
47.5,5,8,0,2843
47.5,5,8,1,2852
47.5,5,8,2,2861
47.5,5,8,3,2870
47.5,5,8,4,2879
47.5,5,8,5,2888
47.5,5,8,6,2897
47.5,5,8,7,2906
47.5,5,8,8,2915
47.5,5,8,9,2924
47.5,5,8,10,2933
47.5,5,8,11,2942
47.5,5,8,12,2951
47.5,5,8,13,2960
47.5,5,8,14,2969
47.5,5,8,15,2977
47.5,5,9,0,2852
47.5,5,9,1,2861
47.5,5,9,2,2870
47.5,5,9,3,2879
47.5,5,9,4,2889
47.5,5,9,5,2898
47.5,5,9,6,2907
47.5,5,9,7,2916
47.5,5,9,8,2925
47.5,5,9,9,2934
47.5,5,9,10,2943
47.5,5,9,11,2951
47.5,5,9,12,2960
47.5,5,9,13,2969
47.5,5,9,14,2978
47.5,5,9,15,2987
47.5,5,10,0,2861
47.5,5,10,1,2870
47.5,5,10,2,2879
47.5,5,10,3,2889
47.5,5,10,4,2898
47.5,5,10,5,2907
47.5,5,10,6,2916
47.5,5,10,7,2925
47.5,5,10,8,2934
47.5,5,10,9,2943
47.5,5,10,10,2952
47.5,5,10,11,2961
47.5,5,10,12,2970
47.5,5,10,13,2979
47.5,5,10,14,2987
47.5,5,10,15,2996
47.5,5,11,0,2870
47.5,5,11,1,2879
47.5,5,11,2,2888
47.5,5,11,3,2898
47.5,5,11,4,2907
47.5,5,11,5,2916
47.5,5,11,6,2925
47.5,5,11,7,2934
47.5,5,11,8,2943
47.5,5,11,9,2952
47.5,5,11,10,2961
47.5,5,11,11,2970
47.5,5,11,12,2979
47.5,5,11,13,2988
47.5,5,11,14,2997
47.5,5,11,15,3006
47.5,5,12,0,2879
47.5,5,12,1,2888
47.5,5,12,2,2897
47.5,5,12,3,2907
47.5,5,12,4,2916
47.5,5,12,5,2925
47.5,5,12,6,2934
47.5,5,12,7,2943
47.5,5,12,8,2952
47.5,5,12,9,2961
47.5,5,12,10,2970
47.5,5,12,11,2979
47.5,5,12,12,2988
47.5,5,12,13,2997
47.5,5,12,14,3006
47.5,5,12,15,3015
47.5,5,13,0,2888
47.5,5,13,1,2897
47.5,5,13,2,2906
47.5,5,13,3,2916
47.5,5,13,4,2925
47.5,5,13,5,2934
47.5,5,13,6,2943
47.5,5,13,7,2952
47.5,5,13,8,2961
47.5,5,13,9,2971
47.5,5,13,10,2980
47.5,5,13,11,2989
47.5,5,13,12,2998
47.5,5,13,13,3007
47.5,5,13,14,3016
47.5,5,13,15,3024
47.5,5,14,0,2897
47.5,5,14,1,2906
47.5,5,14,2,2915
47.5,5,14,3,2925
47.5,5,14,4,2934
47.5,5,14,5,2943
47.5,5,14,6,2952
47.5,5,14,7,2961
47.5,5,14,8,2971
47.5,5,14,9,2980
47.5,5,14,10,2989
47.5,5,14,11,2998
47.5,5,14,12,3007
47.5,5,14,13,3016
47.5,5,14,14,3025
47.5,5,14,15,3034
47.5,5,15,0,2906
47.5,5,15,1,2915
47.5,5,15,2,2924
47.5,5,15,3,2934
47.5,5,15,4,2943
47.5,5,15,5,2952
47.5,5,15,6,2961
47.5,5,15,7,2971
47.5,5,15,8,2980
47.5,5,15,9,2989
47.5,5,15,10,2998
47.5,5,15,11,3007
47.5,5,15,12,3016
47.5,5,15,13,3025
47.5,5,15,14,3034
47.5,5,15,15,3043
47.5,6,0,0,2780
47.5,6,0,1,2789
47.5,6,0,2,2798
47.5,6,0,3,2807
47.5,6,0,4,2816
47.5,6,0,5,2824
47.5,6,0,6,2833
47.5,6,0,7,2842
47.5,6,0,8,2851
47.5,6,0,9,2860
47.5,6,0,10,2868
47.5,6,0,11,2877
47.5,6,0,12,2886
47.5,6,0,13,2894
47.5,6,0,14,2903
47.5,6,0,15,2911
47.5,6,1,0,2789
47.5,6,1,1,2798
47.5,6,1,2,2807
47.5,6,1,3,2816
47.5,6,1,4,2825
47.5,6,1,5,2834
47.5,6,1,6,2843
47.5,6,1,7,2852
47.5,6,1,8,2860
47.5,6,1,9,2869
47.5,6,1,10,2878
47.5,6,1,11,2887
47.5,6,1,12,2895
47.5,6,1,13,2904
47.5,6,1,14,2913
47.5,6,1,15,2921
47.5,6,2,0,2799
47.5,6,2,1,2808
47.5,6,2,2,2817
47.5,6,2,3,2826
47.5,6,2,4,2834
47.5,6,2,5,2843
47.5,6,2,6,2852
47.5,6,2,7,2861
47.5,6,2,8,2870
47.5,6,2,9,2879
47.5,6,2,10,2887
47.5,6,2,11,2896
47.5,6,2,12,2905
47.5,6,2,13,2914
47.5,6,2,14,2922
47.5,6,2,15,2931
47.5,6,3,0,2808
47.5,6,3,1,2817
47.5,6,3,2,2826
47.5,6,3,3,2835
47.5,6,3,4,2844
47.5,6,3,5,2853
47.5,6,3,6,2862
47.5,6,3,7,2871
47.5,6,3,8,2879
47.5,6,3,9,2888
47.5,6,3,10,2897
47.5,6,3,11,2906
47.5,6,3,12,2915
47.5,6,3,13,2923
47.5,6,3,14,2932
47.5,6,3,15,2941
47.5,6,4,0,2817
47.5,6,4,1,2826
47.5,6,4,2,2835
47.5,6,4,3,2844
47.5,6,4,4,2853
47.5,6,4,5,2862
47.5,6,4,6,2871
47.5,6,4,7,2880
47.5,6,4,8,2889
47.5,6,4,9,2898
47.5,6,4,10,2907
47.5,6,4,11,2915
47.5,6,4,12,2924
47.5,6,4,13,2933
47.5,6,4,14,2942
47.5,6,4,15,2950
47.5,6,5,0,2826
47.5,6,5,1,2835
47.5,6,5,2,2844
47.5,6,5,3,2853
47.5,6,5,4,2862
47.5,6,5,5,2871
47.5,6,5,6,2880
47.5,6,5,7,2889
47.5,6,5,8,2898
47.5,6,5,9,2907
47.5,6,5,10,2916
47.5,6,5,11,2925
47.5,6,5,12,2934
47.5,6,5,13,2942
47.5,6,5,14,2951
47.5,6,5,15,2960
47.5,6,6,0,2835
47.5,6,6,1,2845
47.5,6,6,2,2854
47.5,6,6,3,2863
47.5,6,6,4,2872
47.5,6,6,5,2881
47.5,6,6,6,2890
47.5,6,6,7,2899
47.5,6,6,8,2908
47.5,6,6,9,2917
47.5,6,6,10,2925
47.5,6,6,11,2934
47.5,6,6,12,2943
47.5,6,6,13,2952
47.5,6,6,14,2961
47.5,6,6,15,2969
47.5,6,7,0,2845
47.5,6,7,1,2854
47.5,6,7,2,2863
47.5,6,7,3,2872
47.5,6,7,4,2881
47.5,6,7,5,2890
47.5,6,7,6,2899
47.5,6,7,7,2908
47.5,6,7,8,2917
47.5,6,7,9,2926
47.5,6,7,10,2935
47.5,6,7,11,2944
47.5,6,7,12,2953
47.5,6,7,13,2961
47.5,6,7,14,2970
47.5,6,7,15,2979
47.5,6,8,0,2854
47.5,6,8,1,2863
47.5,6,8,2,2872
47.5,6,8,3,2881
47.5,6,8,4,2890
47.5,6,8,5,2899
47.5,6,8,6,2908
47.5,6,8,7,2917
47.5,6,8,8,2926
47.5,6,8,9,2935
47.5,6,8,10,2944
47.5,6,8,11,2953
47.5,6,8,12,2962
47.5,6,8,13,2971
47.5,6,8,14,2980
47.5,6,8,15,2989
47.5,6,9,0,2863
47.5,6,9,1,2872
47.5,6,9,2,2881
47.5,6,9,3,2890
47.5,6,9,4,2899
47.5,6,9,5,2909
47.5,6,9,6,2918
47.5,6,9,7,2927
47.5,6,9,8,2936
47.5,6,9,9,2945
47.5,6,9,10,2954
47.5,6,9,11,2963
47.5,6,9,12,2972
47.5,6,9,13,2980
47.5,6,9,14,2989
47.5,6,9,15,2998
47.5,6,10,0,2872
47.5,6,10,1,2881
47.5,6,10,2,2890
47.5,6,10,3,2899
47.5,6,10,4,2909
47.5,6,10,5,2918
47.5,6,10,6,2927
47.5,6,10,7,2936
47.5,6,10,8,2945
47.5,6,10,9,2954
47.5,6,10,10,2963
47.5,6,10,11,2972
47.5,6,10,12,2981
47.5,6,10,13,2990
47.5,6,10,14,2999
47.5,6,10,15,3008
47.5,6,11,0,2881
47.5,6,11,1,2890
47.5,6,11,2,2899
47.5,6,11,3,2909
47.5,6,11,4,2918
47.5,6,11,5,2927
47.5,6,11,6,2936
47.5,6,11,7,2945
47.5,6,11,8,2954
47.5,6,11,9,2963
47.5,6,11,10,2972
47.5,6,11,11,2981
47.5,6,11,12,2990
47.5,6,11,13,2999
47.5,6,11,14,3008
47.5,6,11,15,3017
47.5,6,12,0,2890
47.5,6,12,1,2899
47.5,6,12,2,2908
47.5,6,12,3,2918
47.5,6,12,4,2927
47.5,6,12,5,2936
47.5,6,12,6,2945
47.5,6,12,7,2954
47.5,6,12,8,2963
47.5,6,12,9,2973
47.5,6,12,10,2982
47.5,6,12,11,2991
47.5,6,12,12,3000
47.5,6,12,13,3009
47.5,6,12,14,3017
47.5,6,12,15,3026
47.5,6,13,0,2899
47.5,6,13,1,2908
47.5,6,13,2,2917
47.5,6,13,3,2927
47.5,6,13,4,2936
47.5,6,13,5,2945
47.5,6,13,6,2954
47.5,6,13,7,2963
47.5,6,13,8,2973
47.5,6,13,9,2982
47.5,6,13,10,2991
47.5,6,13,11,3000
47.5,6,13,12,3009
47.5,6,13,13,3018
47.5,6,13,14,3027
47.5,6,13,15,3036
47.5,6,14,0,2908
47.5,6,14,1,2917
47.5,6,14,2,2926
47.5,6,14,3,2936
47.5,6,14,4,2945
47.5,6,14,5,2954
47.5,6,14,6,2963
47.5,6,14,7,2973
47.5,6,14,8,2982
47.5,6,14,9,2991
47.5,6,14,10,3000
47.5,6,14,11,3009
47.5,6,14,12,3018
47.5,6,14,13,3027
47.5,6,14,14,3036
47.5,6,14,15,3045
47.5,6,15,0,2917
47.5,6,15,1,2926
47.5,6,15,2,2935
47.5,6,15,3,2945
47.5,6,15,4,2954
47.5,6,15,5,2963
47.5,6,15,6,2973
47.5,6,15,7,2982
47.5,6,15,8,2991
47.5,6,15,9,3000
47.5,6,15,10,3009
47.5,6,15,11,3018
47.5,6,15,12,3027
47.5,6,15,13,3036
47.5,6,15,14,3045
47.5,6,15,15,3054
47.5,7,0,0,2790
47.5,7,0,1,2799
47.5,7,0,2,2808
47.5,7,0,3,2817
47.5,7,0,4,2826
47.5,7,0,5,2835
47.5,7,0,6,2844
47.5,7,0,7,2853
47.5,7,0,8,2862
47.5,7,0,9,2870
47.5,7,0,10,2879
47.5,7,0,11,2888
47.5,7,0,12,2896
47.5,7,0,13,2905
47.5,7,0,14,2914
47.5,7,0,15,2922
47.5,7,1,0,2800
47.5,7,1,1,2809
47.5,7,1,2,2818
47.5,7,1,3,2827
47.5,7,1,4,2836
47.5,7,1,5,2845
47.5,7,1,6,2853
47.5,7,1,7,2862
47.5,7,1,8,2871
47.5,7,1,9,2880
47.5,7,1,10,2889
47.5,7,1,11,2897
47.5,7,1,12,2906
47.5,7,1,13,2915
47.5,7,1,14,2923
47.5,7,1,15,2932
47.5,7,2,0,2809
47.5,7,2,1,2818
47.5,7,2,2,2827
47.5,7,2,3,2836
47.5,7,2,4,2845
47.5,7,2,5,2854
47.5,7,2,6,2863
47.5,7,2,7,2872
47.5,7,2,8,2881
47.5,7,2,9,2889
47.5,7,2,10,2898
47.5,7,2,11,2907
47.5,7,2,12,2916
47.5,7,2,13,2925
47.5,7,2,14,2933
47.5,7,2,15,2942
47.5,7,3,0,2818
47.5,7,3,1,2827
47.5,7,3,2,2836
47.5,7,3,3,2846
47.5,7,3,4,2854
47.5,7,3,5,2863
47.5,7,3,6,2872
47.5,7,3,7,2881
47.5,7,3,8,2890
47.5,7,3,9,2899
47.5,7,3,10,2908
47.5,7,3,11,2917
47.5,7,3,12,2925
47.5,7,3,13,2934
47.5,7,3,14,2943
47.5,7,3,15,2952
47.5,7,4,0,2828
47.5,7,4,1,2837
47.5,7,4,2,2846
47.5,7,4,3,2855
47.5,7,4,4,2864
47.5,7,4,5,2873
47.5,7,4,6,2882
47.5,7,4,7,2891
47.5,7,4,8,2900
47.5,7,4,9,2909
47.5,7,4,10,2917
47.5,7,4,11,2926
47.5,7,4,12,2935
47.5,7,4,13,2944
47.5,7,4,14,2953
47.5,7,4,15,2961
47.5,7,5,0,2837
47.5,7,5,1,2846
47.5,7,5,2,2855
47.5,7,5,3,2864
47.5,7,5,4,2873
47.5,7,5,5,2882
47.5,7,5,6,2891
47.5,7,5,7,2900
47.5,7,5,8,2909
47.5,7,5,9,2918
47.5,7,5,10,2927
47.5,7,5,11,2936
47.5,7,5,12,2945
47.5,7,5,13,2953
47.5,7,5,14,2962
47.5,7,5,15,2971
47.5,7,6,0,2846
47.5,7,6,1,2855
47.5,7,6,2,2864
47.5,7,6,3,2873
47.5,7,6,4,2883
47.5,7,6,5,2892
47.5,7,6,6,2901
47.5,7,6,7,2910
47.5,7,6,8,2919
47.5,7,6,9,2928
47.5,7,6,10,2936
47.5,7,6,11,2945
47.5,7,6,12,2954
47.5,7,6,13,2963
47.5,7,6,14,2972
47.5,7,6,15,2981
47.5,7,7,0,2855
47.5,7,7,1,2864
47.5,7,7,2,2874
47.5,7,7,3,2883
47.5,7,7,4,2892
47.5,7,7,5,2901
47.5,7,7,6,2910
47.5,7,7,7,2919
47.5,7,7,8,2928
47.5,7,7,9,2937
47.5,7,7,10,2946
47.5,7,7,11,2955
47.5,7,7,12,2964
47.5,7,7,13,2973
47.5,7,7,14,2981
47.5,7,7,15,2990
47.5,7,8,0,2864
47.5,7,8,1,2874
47.5,7,8,2,2883
47.5,7,8,3,2892
47.5,7,8,4,2901
47.5,7,8,5,2910
47.5,7,8,6,2919
47.5,7,8,7,2928
47.5,7,8,8,2937
47.5,7,8,9,2946
47.5,7,8,10,2955
47.5,7,8,11,2964
47.5,7,8,12,2973
47.5,7,8,13,2982
47.5,7,8,14,2991
47.5,7,8,15,3000
47.5,7,9,0,2873
47.5,7,9,1,2883
47.5,7,9,2,2892
47.5,7,9,3,2901
47.5,7,9,4,2910
47.5,7,9,5,2919
47.5,7,9,6,2929
47.5,7,9,7,2938
47.5,7,9,8,2947
47.5,7,9,9,2956
47.5,7,9,10,2965
47.5,7,9,11,2974
47.5,7,9,12,2983
47.5,7,9,13,2992
47.5,7,9,14,3000
47.5,7,9,15,3009
47.5,7,10,0,2883
47.5,7,10,1,2892
47.5,7,10,2,2901
47.5,7,10,3,2910
47.5,7,10,4,2919
47.5,7,10,5,2929
47.5,7,10,6,2938
47.5,7,10,7,2947
47.5,7,10,8,2956
47.5,7,10,9,2965
47.5,7,10,10,2974
47.5,7,10,11,2983
47.5,7,10,12,2992
47.5,7,10,13,3001
47.5,7,10,14,3010
47.5,7,10,15,3019
47.5,7,11,0,2892
47.5,7,11,1,2901
47.5,7,11,2,2910
47.5,7,11,3,2919
47.5,7,11,4,2929
47.5,7,11,5,2938
47.5,7,11,6,2947
47.5,7,11,7,2956
47.5,7,11,8,2965
47.5,7,11,9,2974
47.5,7,11,10,2983
47.5,7,11,11,2992
47.5,7,11,12,3001
47.5,7,11,13,3010
47.5,7,11,14,3019
47.5,7,11,15,3028
47.5,7,12,0,2901
47.5,7,12,1,2910
47.5,7,12,2,2919
47.5,7,12,3,2929
47.5,7,12,4,2938
47.5,7,12,5,2947
47.5,7,12,6,2956
47.5,7,12,7,2965
47.5,7,12,8,2975
47.5,7,12,9,2984
47.5,7,12,10,2993
47.5,7,12,11,3002
47.5,7,12,12,3011
47.5,7,12,13,3020
47.5,7,12,14,3029
47.5,7,12,15,3038
47.5,7,13,0,2910
47.5,7,13,1,2919
47.5,7,13,2,2928
47.5,7,13,3,2938
47.5,7,13,4,2947
47.5,7,13,5,2956
47.5,7,13,6,2965
47.5,7,13,7,2975
47.5,7,13,8,2984
47.5,7,13,9,2993
47.5,7,13,10,3002
47.5,7,13,11,3011
47.5,7,13,12,3020
47.5,7,13,13,3029
47.5,7,13,14,3038
47.5,7,13,15,3047
47.5,7,14,0,2919
47.5,7,14,1,2928
47.5,7,14,2,2937
47.5,7,14,3,2947
47.5,7,14,4,2956
47.5,7,14,5,2965
47.5,7,14,6,2975
47.5,7,14,7,2984
47.5,7,14,8,2993
47.5,7,14,9,3002
47.5,7,14,10,3011
47.5,7,14,11,3020
47.5,7,14,12,3029
47.5,7,14,13,3039
47.5,7,14,14,3048
47.5,7,14,15,3057
47.5,7,15,0,2928
47.5,7,15,1,2937
47.5,7,15,2,2946
47.5,7,15,3,2956
47.5,7,15,4,2965
47.5,7,15,5,2974
47.5,7,15,6,2984
47.5,7,15,7,2993
47.5,7,15,8,3002
47.5,7,15,9,3011
47.5,7,15,10,3020
47.5,7,15,11,3030
47.5,7,15,12,3039
47.5,7,15,13,3048
47.5,7,15,14,3057
47.5,7,15,15,3066
47.5,8,0,0,2801
47.5,8,0,1,2810
47.5,8,0,2,2819
47.5,8,0,3,2828
47.5,8,0,4,2837
47.5,8,0,5,2846
47.5,8,0,6,2855
47.5,8,0,7,2863
47.5,8,0,8,2872
47.5,8,0,9,2881
47.5,8,0,10,2890
47.5,8,0,11,2899
47.5,8,0,12,2907
47.5,8,0,13,2916
47.5,8,0,14,2925
47.5,8,0,15,2933
47.5,8,1,0,2810
47.5,8,1,1,2819
47.5,8,1,2,2828
47.5,8,1,3,2837
47.5,8,1,4,2846
47.5,8,1,5,2855
47.5,8,1,6,2864
47.5,8,1,7,2873
47.5,8,1,8,2882
47.5,8,1,9,2891
47.5,8,1,10,2899
47.5,8,1,11,2908
47.5,8,1,12,2917
47.5,8,1,13,2926
47.5,8,1,14,2934
47.5,8,1,15,2943
47.5,8,2,0,2820
47.5,8,2,1,2829
47.5,8,2,2,2838
47.5,8,2,3,2847
47.5,8,2,4,2856
47.5,8,2,5,2865
47.5,8,2,6,2874
47.5,8,2,7,2883
47.5,8,2,8,2891
47.5,8,2,9,2900
47.5,8,2,10,2909
47.5,8,2,11,2918
47.5,8,2,12,2927
47.5,8,2,13,2935
47.5,8,2,14,2944
47.5,8,2,15,2953
47.5,8,3,0,2829
47.5,8,3,1,2838
47.5,8,3,2,2847
47.5,8,3,3,2856
47.5,8,3,4,2865
47.5,8,3,5,2874
47.5,8,3,6,2883
47.5,8,3,7,2892
47.5,8,3,8,2901
47.5,8,3,9,2910
47.5,8,3,10,2919
47.5,8,3,11,2928
47.5,8,3,12,2936
47.5,8,3,13,2945
47.5,8,3,14,2954
47.5,8,3,15,2963
47.5,8,4,0,2838
47.5,8,4,1,2847
47.5,8,4,2,2856
47.5,8,4,3,2866
47.5,8,4,4,2875
47.5,8,4,5,2884
47.5,8,4,6,2893
47.5,8,4,7,2902
47.5,8,4,8,2911
47.5,8,4,9,2919
47.5,8,4,10,2928
47.5,8,4,11,2937
47.5,8,4,12,2946
47.5,8,4,13,2955
47.5,8,4,14,2964
47.5,8,4,15,2972
47.5,8,5,0,2847
47.5,8,5,1,2857
47.5,8,5,2,2866
47.5,8,5,3,2875
47.5,8,5,4,2884
47.5,8,5,5,2893
47.5,8,5,6,2902
47.5,8,5,7,2911
47.5,8,5,8,2920
47.5,8,5,9,2929
47.5,8,5,10,2938
47.5,8,5,11,2947
47.5,8,5,12,2956
47.5,8,5,13,2964
47.5,8,5,14,2973
47.5,8,5,15,2982
47.5,8,6,0,2857
47.5,8,6,1,2866
47.5,8,6,2,2875
47.5,8,6,3,2884
47.5,8,6,4,2893
47.5,8,6,5,2902
47.5,8,6,6,2911
47.5,8,6,7,2920
47.5,8,6,8,2929
47.5,8,6,9,2938
47.5,8,6,10,2947
47.5,8,6,11,2956
47.5,8,6,12,2965
47.5,8,6,13,2974
47.5,8,6,14,2983
47.5,8,6,15,2992
47.5,8,7,0,2866
47.5,8,7,1,2875
47.5,8,7,2,2884
47.5,8,7,3,2893
47.5,8,7,4,2903
47.5,8,7,5,2912
47.5,8,7,6,2921
47.5,8,7,7,2930
47.5,8,7,8,2939
47.5,8,7,9,2948
47.5,8,7,10,2957
47.5,8,7,11,2966
47.5,8,7,12,2975
47.5,8,7,13,2984
47.5,8,7,14,2993
47.5,8,7,15,3001
47.5,8,8,0,2875
47.5,8,8,1,2884
47.5,8,8,2,2894
47.5,8,8,3,2903
47.5,8,8,4,2912
47.5,8,8,5,2921
47.5,8,8,6,2930
47.5,8,8,7,2939
47.5,8,8,8,2948
47.5,8,8,9,2957
47.5,8,8,10,2966
47.5,8,8,11,2975
47.5,8,8,12,2984
47.5,8,8,13,2993
47.5,8,8,14,3002
47.5,8,8,15,3011
47.5,8,9,0,2884
47.5,8,9,1,2893
47.5,8,9,2,2903
47.5,8,9,3,2912
47.5,8,9,4,2921
47.5,8,9,5,2930
47.5,8,9,6,2939
47.5,8,9,7,2949
47.5,8,9,8,2958
47.5,8,9,9,2967
47.5,8,9,10,2976
47.5,8,9,11,2985
47.5,8,9,12,2994
47.5,8,9,13,3003
47.5,8,9,14,3012
47.5,8,9,15,3021
47.5,8,10,0,2893
47.5,8,10,1,2903
47.5,8,10,2,2912
47.5,8,10,3,2921
47.5,8,10,4,2930
47.5,8,10,5,2940
47.5,8,10,6,2949
47.5,8,10,7,2958
47.5,8,10,8,2967
47.5,8,10,9,2976
47.5,8,10,10,2985
47.5,8,10,11,2994
47.5,8,10,12,3003
47.5,8,10,13,3012
47.5,8,10,14,3021
47.5,8,10,15,3030
47.5,8,11,0,2902
47.5,8,11,1,2912
47.5,8,11,2,2921
47.5,8,11,3,2930
47.5,8,11,4,2940
47.5,8,11,5,2949
47.5,8,11,6,2958
47.5,8,11,7,2967
47.5,8,11,8,2976
47.5,8,11,9,2985
47.5,8,11,10,2995
47.5,8,11,11,3004
47.5,8,11,12,3013
47.5,8,11,13,3022
47.5,8,11,14,3031
47.5,8,11,15,3040
47.5,8,12,0,2911
47.5,8,12,1,2921
47.5,8,12,2,2930
47.5,8,12,3,2939
47.5,8,12,4,2949
47.5,8,12,5,2958
47.5,8,12,6,2967
47.5,8,12,7,2976
47.5,8,12,8,2986
47.5,8,12,9,2995
47.5,8,12,10,3004
47.5,8,12,11,3013
47.5,8,12,12,3022
47.5,8,12,13,3031
47.5,8,12,14,3040
47.5,8,12,15,3049
47.5,8,13,0,2920
47.5,8,13,1,2930
47.5,8,13,2,2939
47.5,8,13,3,2949
47.5,8,13,4,2958
47.5,8,13,5,2967
47.5,8,13,6,2976
47.5,8,13,7,2986
47.5,8,13,8,2995
47.5,8,13,9,3004
47.5,8,13,10,3013
47.5,8,13,11,3022
47.5,8,13,12,3031
47.5,8,13,13,3040
47.5,8,13,14,3050
47.5,8,13,15,3059
47.5,8,14,0,2929
47.5,8,14,1,2939
47.5,8,14,2,2948
47.5,8,14,3,2958
47.5,8,14,4,2967
47.5,8,14,5,2976
47.5,8,14,6,2986
47.5,8,14,7,2995
47.5,8,14,8,3004
47.5,8,14,9,3013
47.5,8,14,10,3023
47.5,8,14,11,3032
47.5,8,14,12,3041
47.5,8,14,13,3050
47.5,8,14,14,3059
47.5,8,14,15,3068
47.5,8,15,0,2938
47.5,8,15,1,2948
47.5,8,15,2,2957
47.5,8,15,3,2967
47.5,8,15,4,2976
47.5,8,15,5,2985
47.5,8,15,6,2995
47.5,8,15,7,3004
47.5,8,15,8,3013
47.5,8,15,9,3023
47.5,8,15,10,3032
47.5,8,15,11,3041
47.5,8,15,12,3050
47.5,8,15,13,3059
47.5,8,15,14,3068
47.5,8,15,15,3077
47.5,9,0,0,2811
47.5,9,0,1,2820
47.5,9,0,2,2829
47.5,9,0,3,2838
47.5,9,0,4,2847
47.5,9,0,5,2856
47.5,9,0,6,2865
47.5,9,0,7,2874
47.5,9,0,8,2883
47.5,9,0,9,2892
47.5,9,0,10,2901
47.5,9,0,11,2909
47.5,9,0,12,2918
47.5,9,0,13,2927
47.5,9,0,14,2935
47.5,9,0,15,2944
47.5,9,1,0,2821
47.5,9,1,1,2830
47.5,9,1,2,2839
47.5,9,1,3,2848
47.5,9,1,4,2857
47.5,9,1,5,2866
47.5,9,1,6,2875
47.5,9,1,7,2884
47.5,9,1,8,2893
47.5,9,1,9,2901
47.5,9,1,10,2910
47.5,9,1,11,2919
47.5,9,1,12,2928
47.5,9,1,13,2937
47.5,9,1,14,2945
47.5,9,1,15,2954
47.5,9,2,0,2830
47.5,9,2,1,2839
47.5,9,2,2,2848
47.5,9,2,3,2857
47.5,9,2,4,2866
47.5,9,2,5,2875
47.5,9,2,6,2884
47.5,9,2,7,2893
47.5,9,2,8,2902
47.5,9,2,9,2911
47.5,9,2,10,2920
47.5,9,2,11,2929
47.5,9,2,12,2938
47.5,9,2,13,2946
47.5,9,2,14,2955
47.5,9,2,15,2964
47.5,9,3,0,2839
47.5,9,3,1,2849
47.5,9,3,2,2858
47.5,9,3,3,2867
47.5,9,3,4,2876
47.5,9,3,5,2885
47.5,9,3,6,2894
47.5,9,3,7,2903
47.5,9,3,8,2912
47.5,9,3,9,2921
47.5,9,3,10,2930
47.5,9,3,11,2938
47.5,9,3,12,2947
47.5,9,3,13,2956
47.5,9,3,14,2965
47.5,9,3,15,2974
47.5,9,4,0,2849
47.5,9,4,1,2858
47.5,9,4,2,2867
47.5,9,4,3,2876
47.5,9,4,4,2885
47.5,9,4,5,2894
47.5,9,4,6,2903
47.5,9,4,7,2912
47.5,9,4,8,2921
47.5,9,4,9,2930
47.5,9,4,10,2939
47.5,9,4,11,2948
47.5,9,4,12,2957
47.5,9,4,13,2966
47.5,9,4,14,2975
47.5,9,4,15,2983
47.5,9,5,0,2858
47.5,9,5,1,2867
47.5,9,5,2,2876
47.5,9,5,3,2886
47.5,9,5,4,2895
47.5,9,5,5,2904
47.5,9,5,6,2913
47.5,9,5,7,2922
47.5,9,5,8,2931
47.5,9,5,9,2940
47.5,9,5,10,2949
47.5,9,5,11,2958
47.5,9,5,12,2967
47.5,9,5,13,2975
47.5,9,5,14,2984
47.5,9,5,15,2993
47.5,9,6,0,2867
47.5,9,6,1,2877
47.5,9,6,2,2886
47.5,9,6,3,2895
47.5,9,6,4,2904
47.5,9,6,5,2913
47.5,9,6,6,2922
47.5,9,6,7,2931
47.5,9,6,8,2940
47.5,9,6,9,2949
47.5,9,6,10,2958
47.5,9,6,11,2967
47.5,9,6,12,2976
47.5,9,6,13,2985
47.5,9,6,14,2994
47.5,9,6,15,3003
47.5,9,7,0,2877
47.5,9,7,1,2886
47.5,9,7,2,2895
47.5,9,7,3,2904
47.5,9,7,4,2913
47.5,9,7,5,2923
47.5,9,7,6,2932
47.5,9,7,7,2941
47.5,9,7,8,2950
47.5,9,7,9,2959
47.5,9,7,10,2968
47.5,9,7,11,2977
47.5,9,7,12,2986
47.5,9,7,13,2995
47.5,9,7,14,3004
47.5,9,7,15,3013
47.5,9,8,0,2886
47.5,9,8,1,2895
47.5,9,8,2,2904
47.5,9,8,3,2914
47.5,9,8,4,2923
47.5,9,8,5,2932
47.5,9,8,6,2941
47.5,9,8,7,2950
47.5,9,8,8,2959
47.5,9,8,9,2968
47.5,9,8,10,2977
47.5,9,8,11,2986
47.5,9,8,12,2995
47.5,9,8,13,3004
47.5,9,8,14,3013
47.5,9,8,15,3022
47.5,9,9,0,2895
47.5,9,9,1,2904
47.5,9,9,2,2914
47.5,9,9,3,2923
47.5,9,9,4,2932
47.5,9,9,5,2941
47.5,9,9,6,2950
47.5,9,9,7,2960
47.5,9,9,8,2969
47.5,9,9,9,2978
47.5,9,9,10,2987
47.5,9,9,11,2996
47.5,9,9,12,3005
47.5,9,9,13,3014
47.5,9,9,14,3023
47.5,9,9,15,3032
47.5,9,10,0,2904
47.5,9,10,1,2913
47.5,9,10,2,2923
47.5,9,10,3,2932
47.5,9,10,4,2941
47.5,9,10,5,2951
47.5,9,10,6,2960
47.5,9,10,7,2969
47.5,9,10,8,2978
47.5,9,10,9,2987
47.5,9,10,10,2996
47.5,9,10,11,3005
47.5,9,10,12,3014
47.5,9,10,13,3023
47.5,9,10,14,3032
47.5,9,10,15,3041
47.5,9,11,0,2913
47.5,9,11,1,2923
47.5,9,11,2,2932
47.5,9,11,3,2941
47.5,9,11,4,2951
47.5,9,11,5,2960
47.5,9,11,6,2969
47.5,9,11,7,2978
47.5,9,11,8,2987
47.5,9,11,9,2997
47.5,9,11,10,3006
47.5,9,11,11,3015
47.5,9,11,12,3024
47.5,9,11,13,3033
47.5,9,11,14,3042
47.5,9,11,15,3051
47.5,9,12,0,2922
47.5,9,12,1,2932
47.5,9,12,2,2941
47.5,9,12,3,2950
47.5,9,12,4,2960
47.5,9,12,5,2969
47.5,9,12,6,2978
47.5,9,12,7,2988
47.5,9,12,8,2997
47.5,9,12,9,3006
47.5,9,12,10,3015
47.5,9,12,11,3024
47.5,9,12,12,3033
47.5,9,12,13,3042
47.5,9,12,14,3051
47.5,9,12,15,3060
47.5,9,13,0,2931
47.5,9,13,1,2941
47.5,9,13,2,2950
47.5,9,13,3,2960
47.5,9,13,4,2969
47.5,9,13,5,2978
47.5,9,13,6,2988
47.5,9,13,7,2997
47.5,9,13,8,3006
47.5,9,13,9,3015
47.5,9,13,10,3024
47.5,9,13,11,3034
47.5,9,13,12,3043
47.5,9,13,13,3052
47.5,9,13,14,3061
47.5,9,13,15,3070
47.5,9,14,0,2940
47.5,9,14,1,2950
47.5,9,14,2,2959
47.5,9,14,3,2969
47.5,9,14,4,2978
47.5,9,14,5,2987
47.5,9,14,6,2997
47.5,9,14,7,3006
47.5,9,14,8,3015
47.5,9,14,9,3025
47.5,9,14,10,3034
47.5,9,14,11,3043
47.5,9,14,12,3052
47.5,9,14,13,3061
47.5,9,14,14,3070
47.5,9,14,15,3079
47.5,9,15,0,2949
47.5,9,15,1,2959
47.5,9,15,2,2968
47.5,9,15,3,2978
47.5,9,15,4,2987
47.5,9,15,5,2997
47.5,9,15,6,3006
47.5,9,15,7,3015
47.5,9,15,8,3025
47.5,9,15,9,3034
47.5,9,15,10,3043
47.5,9,15,11,3052
47.5,9,15,12,3061
47.5,9,15,13,3071
47.5,9,15,14,3080
47.5,9,15,15,3089
47.5,10,0,0,2822
47.5,10,0,1,2831
47.5,10,0,2,2840
47.5,10,0,3,2849
47.5,10,0,4,2858
47.5,10,0,5,2867
47.5,10,0,6,2876
47.5,10,0,7,2885
47.5,10,0,8,2894
47.5,10,0,9,2902
47.5,10,0,10,2911
47.5,10,0,11,2920
47.5,10,0,12,2929
47.5,10,0,13,2938
47.5,10,0,14,2946
47.5,10,0,15,2955
47.5,10,1,0,2831
47.5,10,1,1,2840
47.5,10,1,2,2849
47.5,10,1,3,2858
47.5,10,1,4,2867
47.5,10,1,5,2876
47.5,10,1,6,2885
47.5,10,1,7,2894
47.5,10,1,8,2903
47.5,10,1,9,2912
47.5,10,1,10,2921
47.5,10,1,11,2930
47.5,10,1,12,2939
47.5,10,1,13,2947
47.5,10,1,14,2956
47.5,10,1,15,2965
47.5,10,2,0,2841
47.5,10,2,1,2850
47.5,10,2,2,2859
47.5,10,2,3,2868
47.5,10,2,4,2877
47.5,10,2,5,2886
47.5,10,2,6,2895
47.5,10,2,7,2904
47.5,10,2,8,2913
47.5,10,2,9,2922
47.5,10,2,10,2931
47.5,10,2,11,2940
47.5,10,2,12,2948
47.5,10,2,13,2957
47.5,10,2,14,2966
47.5,10,2,15,2975
47.5,10,3,0,2850
47.5,10,3,1,2859
47.5,10,3,2,2868
47.5,10,3,3,2877
47.5,10,3,4,2886
47.5,10,3,5,2896
47.5,10,3,6,2905
47.5,10,3,7,2914
47.5,10,3,8,2923
47.5,10,3,9,2931
47.5,10,3,10,2940
47.5,10,3,11,2949
47.5,10,3,12,2958
47.5,10,3,13,2967
47.5,10,3,14,2976
47.5,10,3,15,2985
47.5,10,4,0,2859
47.5,10,4,1,2868
47.5,10,4,2,2878
47.5,10,4,3,2887
47.5,10,4,4,2896
47.5,10,4,5,2905
47.5,10,4,6,2914
47.5,10,4,7,2923
47.5,10,4,8,2932
47.5,10,4,9,2941
47.5,10,4,10,2950
47.5,10,4,11,2959
47.5,10,4,12,2968
47.5,10,4,13,2977
47.5,10,4,14,2986
47.5,10,4,15,2994
47.5,10,5,0,2869
47.5,10,5,1,2878
47.5,10,5,2,2887
47.5,10,5,3,2896
47.5,10,5,4,2905
47.5,10,5,5,2915
47.5,10,5,6,2924
47.5,10,5,7,2933
47.5,10,5,8,2942
47.5,10,5,9,2951
47.5,10,5,10,2960
47.5,10,5,11,2969
47.5,10,5,12,2978
47.5,10,5,13,2986
47.5,10,5,14,2995
47.5,10,5,15,3004
47.5,10,6,0,2878
47.5,10,6,1,2887
47.5,10,6,2,2896
47.5,10,6,3,2906
47.5,10,6,4,2915
47.5,10,6,5,2924
47.5,10,6,6,2933
47.5,10,6,7,2942
47.5,10,6,8,2951
47.5,10,6,9,2960
47.5,10,6,10,2969
47.5,10,6,11,2978
47.5,10,6,12,2987
47.5,10,6,13,2996
47.5,10,6,14,3005
47.5,10,6,15,3014
47.5,10,7,0,2887
47.5,10,7,1,2896
47.5,10,7,2,2906
47.5,10,7,3,2915
47.5,10,7,4,2924
47.5,10,7,5,2933
47.5,10,7,6,2943
47.5,10,7,7,2952
47.5,10,7,8,2961
47.5,10,7,9,2970
47.5,10,7,10,2979
47.5,10,7,11,2988
47.5,10,7,12,2997
47.5,10,7,13,3006
47.5,10,7,14,3015
47.5,10,7,15,3024
47.5,10,8,0,2896
47.5,10,8,1,2906
47.5,10,8,2,2915
47.5,10,8,3,2924
47.5,10,8,4,2934
47.5,10,8,5,2943
47.5,10,8,6,2952
47.5,10,8,7,2961
47.5,10,8,8,2970
47.5,10,8,9,2979
47.5,10,8,10,2988
47.5,10,8,11,2997
47.5,10,8,12,3006
47.5,10,8,13,3015
47.5,10,8,14,3024
47.5,10,8,15,3033
47.5,10,9,0,2906
47.5,10,9,1,2915
47.5,10,9,2,2924
47.5,10,9,3,2934
47.5,10,9,4,2943
47.5,10,9,5,2952
47.5,10,9,6,2961
47.5,10,9,7,2971
47.5,10,9,8,2980
47.5,10,9,9,2989
47.5,10,9,10,2998
47.5,10,9,11,3007
47.5,10,9,12,3016
47.5,10,9,13,3025
47.5,10,9,14,3034
47.5,10,9,15,3043
47.5,10,10,0,2915
47.5,10,10,1,2924
47.5,10,10,2,2934
47.5,10,10,3,2943
47.5,10,10,4,2952
47.5,10,10,5,2961
47.5,10,10,6,2971
47.5,10,10,7,2980
47.5,10,10,8,2989
47.5,10,10,9,2998
47.5,10,10,10,3007
47.5,10,10,11,3016
47.5,10,10,12,3026
47.5,10,10,13,3035
47.5,10,10,14,3044
47.5,10,10,15,3053
47.5,10,11,0,2924
47.5,10,11,1,2933
47.5,10,11,2,2943
47.5,10,11,3,2952
47.5,10,11,4,2961
47.5,10,11,5,2971
47.5,10,11,6,2980
47.5,10,11,7,2989
47.5,10,11,8,2998
47.5,10,11,9,3008
47.5,10,11,10,3017
47.5,10,11,11,3026
47.5,10,11,12,3035
47.5,10,11,13,3044
47.5,10,11,14,3053
47.5,10,11,15,3062
47.5,10,12,0,2933
47.5,10,12,1,2943
47.5,10,12,2,2952
47.5,10,12,3,2961
47.5,10,12,4,2971
47.5,10,12,5,2980
47.5,10,12,6,2989
47.5,10,12,7,2999
47.5,10,12,8,3008
47.5,10,12,9,3017
47.5,10,12,10,3026
47.5,10,12,11,3035
47.5,10,12,12,3045
47.5,10,12,13,3054
47.5,10,12,14,3063
47.5,10,12,15,3072
47.5,10,13,0,2942
47.5,10,13,1,2952
47.5,10,13,2,2961
47.5,10,13,3,2971
47.5,10,13,4,2980
47.5,10,13,5,2989
47.5,10,13,6,2999
47.5,10,13,7,3008
47.5,10,13,8,3017
47.5,10,13,9,3026
47.5,10,13,10,3036
47.5,10,13,11,3045
47.5,10,13,12,3054
47.5,10,13,13,3063
47.5,10,13,14,3072
47.5,10,13,15,3081
47.5,10,14,0,2951
47.5,10,14,1,2961
47.5,10,14,2,2970
47.5,10,14,3,2980
47.5,10,14,4,2989
47.5,10,14,5,2998
47.5,10,14,6,3008
47.5,10,14,7,3017
47.5,10,14,8,3026
47.5,10,14,9,3036
47.5,10,14,10,3045
47.5,10,14,11,3054
47.5,10,14,12,3063
47.5,10,14,13,3073
47.5,10,14,14,3082
47.5,10,14,15,3091
47.5,10,15,0,2960
47.5,10,15,1,2970
47.5,10,15,2,2979
47.5,10,15,3,2989
47.5,10,15,4,2998
47.5,10,15,5,3008
47.5,10,15,6,3017
47.5,10,15,7,3026
47.5,10,15,8,3036
47.5,10,15,9,3045
47.5,10,15,10,3054
47.5,10,15,11,3064
47.5,10,15,12,3073
47.5,10,15,13,3082
47.5,10,15,14,3091
47.5,10,15,15,3100
47.5,11,0,0,2832
47.5,11,0,1,2841
47.5,11,0,2,2850
47.5,11,0,3,2859
47.5,11,0,4,2868
47.5,11,0,5,2877
47.5,11,0,6,2886
47.5,11,0,7,2895
47.5,11,0,8,2904
47.5,11,0,9,2913
47.5,11,0,10,2922
47.5,11,0,11,2931
47.5,11,0,12,2940
47.5,11,0,13,2948
47.5,11,0,14,2957
47.5,11,0,15,2966
47.5,11,1,0,2842
47.5,11,1,1,2851
47.5,11,1,2,2860
47.5,11,1,3,2869
47.5,11,1,4,2878
47.5,11,1,5,2887
47.5,11,1,6,2896
47.5,11,1,7,2905
47.5,11,1,8,2914
47.5,11,1,9,2923
47.5,11,1,10,2932
47.5,11,1,11,2941
47.5,11,1,12,2950
47.5,11,1,13,2958
47.5,11,1,14,2967
47.5,11,1,15,2976
47.5,11,2,0,2851
47.5,11,2,1,2860
47.5,11,2,2,2869
47.5,11,2,3,2878
47.5,11,2,4,2888
47.5,11,2,5,2897
47.5,11,2,6,2906
47.5,11,2,7,2915
47.5,11,2,8,2924
47.5,11,2,9,2933
47.5,11,2,10,2942
47.5,11,2,11,2950
47.5,11,2,12,2959
47.5,11,2,13,2968
47.5,11,2,14,2977
47.5,11,2,15,2986
47.5,11,3,0,2860
47.5,11,3,1,2870
47.5,11,3,2,2879
47.5,11,3,3,2888
47.5,11,3,4,2897
47.5,11,3,5,2906
47.5,11,3,6,2915
47.5,11,3,7,2924
47.5,11,3,8,2933
47.5,11,3,9,2942
47.5,11,3,10,2951
47.5,11,3,11,2960
47.5,11,3,12,2969
47.5,11,3,13,2978
47.5,11,3,14,2987
47.5,11,3,15,2996
47.5,11,4,0,2870
47.5,11,4,1,2879
47.5,11,4,2,2888
47.5,11,4,3,2897
47.5,11,4,4,2907
47.5,11,4,5,2916
47.5,11,4,6,2925
47.5,11,4,7,2934
47.5,11,4,8,2943
47.5,11,4,9,2952
47.5,11,4,10,2961
47.5,11,4,11,2970
47.5,11,4,12,2979
47.5,11,4,13,2988
47.5,11,4,14,2997
47.5,11,4,15,3006
47.5,11,5,0,2879
47.5,11,5,1,2888
47.5,11,5,2,2898
47.5,11,5,3,2907
47.5,11,5,4,2916
47.5,11,5,5,2925
47.5,11,5,6,2934
47.5,11,5,7,2943
47.5,11,5,8,2953
47.5,11,5,9,2962
47.5,11,5,10,2971
47.5,11,5,11,2980
47.5,11,5,12,2989
47.5,11,5,13,2998
47.5,11,5,14,3006
47.5,11,5,15,3015
47.5,11,6,0,2889
47.5,11,6,1,2898
47.5,11,6,2,2907
47.5,11,6,3,2916
47.5,11,6,4,2926
47.5,11,6,5,2935
47.5,11,6,6,2944
47.5,11,6,7,2953
47.5,11,6,8,2962
47.5,11,6,9,2971
47.5,11,6,10,2980
47.5,11,6,11,2989
47.5,11,6,12,2998
47.5,11,6,13,3007
47.5,11,6,14,3016
47.5,11,6,15,3025
47.5,11,7,0,2898
47.5,11,7,1,2907
47.5,11,7,2,2916
47.5,11,7,3,2926
47.5,11,7,4,2935
47.5,11,7,5,2944
47.5,11,7,6,2953
47.5,11,7,7,2963
47.5,11,7,8,2972
47.5,11,7,9,2981
47.5,11,7,10,2990
47.5,11,7,11,2999
47.5,11,7,12,3008
47.5,11,7,13,3017
47.5,11,7,14,3026
47.5,11,7,15,3035
47.5,11,8,0,2907
47.5,11,8,1,2916
47.5,11,8,2,2926
47.5,11,8,3,2935
47.5,11,8,4,2944
47.5,11,8,5,2954
47.5,11,8,6,2963
47.5,11,8,7,2972
47.5,11,8,8,2981
47.5,11,8,9,2990
47.5,11,8,10,2999
47.5,11,8,11,3009
47.5,11,8,12,3018
47.5,11,8,13,3027
47.5,11,8,14,3036
47.5,11,8,15,3045
47.5,11,9,0,2916
47.5,11,9,1,2926
47.5,11,9,2,2935
47.5,11,9,3,2944
47.5,11,9,4,2954
47.5,11,9,5,2963
47.5,11,9,6,2972
47.5,11,9,7,2981
47.5,11,9,8,2991
47.5,11,9,9,3000
47.5,11,9,10,3009
47.5,11,9,11,3018
47.5,11,9,12,3027
47.5,11,9,13,3036
47.5,11,9,14,3045
47.5,11,9,15,3054
47.5,11,10,0,2926
47.5,11,10,1,2935
47.5,11,10,2,2944
47.5,11,10,3,2954
47.5,11,10,4,2963
47.5,11,10,5,2972
47.5,11,10,6,2982
47.5,11,10,7,2991
47.5,11,10,8,3000
47.5,11,10,9,3009
47.5,11,10,10,3018
47.5,11,10,11,3028
47.5,11,10,12,3037
47.5,11,10,13,3046
47.5,11,10,14,3055
47.5,11,10,15,3064
47.5,11,11,0,2935
47.5,11,11,1,2944
47.5,11,11,2,2954
47.5,11,11,3,2963
47.5,11,11,4,2972
47.5,11,11,5,2982
47.5,11,11,6,2991
47.5,11,11,7,3000
47.5,11,11,8,3010
47.5,11,11,9,3019
47.5,11,11,10,3028
47.5,11,11,11,3037
47.5,11,11,12,3046
47.5,11,11,13,3055
47.5,11,11,14,3064
47.5,11,11,15,3074
47.5,11,12,0,2944
47.5,11,12,1,2953
47.5,11,12,2,2963
47.5,11,12,3,2972
47.5,11,12,4,2982
47.5,11,12,5,2991
47.5,11,12,6,3000
47.5,11,12,7,3010
47.5,11,12,8,3019
47.5,11,12,9,3028
47.5,11,12,10,3037
47.5,11,12,11,3047
47.5,11,12,12,3056
47.5,11,12,13,3065
47.5,11,12,14,3074
47.5,11,12,15,3083
47.5,11,13,0,2953
47.5,11,13,1,2963
47.5,11,13,2,2972
47.5,11,13,3,2981
47.5,11,13,4,2991
47.5,11,13,5,3000
47.5,11,13,6,3010
47.5,11,13,7,3019
47.5,11,13,8,3028
47.5,11,13,9,3038
47.5,11,13,10,3047
47.5,11,13,11,3056
47.5,11,13,12,3065
47.5,11,13,13,3074
47.5,11,13,14,3084
47.5,11,13,15,3093
47.5,11,14,0,2962
47.5,11,14,1,2972
47.5,11,14,2,2981
47.5,11,14,3,2991
47.5,11,14,4,3000
47.5,11,14,5,3010
47.5,11,14,6,3019
47.5,11,14,7,3028
47.5,11,14,8,3038
47.5,11,14,9,3047
47.5,11,14,10,3056
47.5,11,14,11,3065
47.5,11,14,12,3075
47.5,11,14,13,3084
47.5,11,14,14,3093
47.5,11,14,15,3102
47.5,11,15,0,2971
47.5,11,15,1,2981
47.5,11,15,2,2990
47.5,11,15,3,3000
47.5,11,15,4,3009
47.5,11,15,5,3019
47.5,11,15,6,3028
47.5,11,15,7,3038
47.5,11,15,8,3047
47.5,11,15,9,3056
47.5,11,15,10,3066
47.5,11,15,11,3075
47.5,11,15,12,3084
47.5,11,15,13,3093
47.5,11,15,14,3103
47.5,11,15,15,3112
47.5,12,0,0,2842
47.5,12,0,1,2852
47.5,12,0,2,2861
47.5,12,0,3,2870
47.5,12,0,4,2879
47.5,12,0,5,2888
47.5,12,0,6,2897
47.5,12,0,7,2906
47.5,12,0,8,2915
47.5,12,0,9,2924
47.5,12,0,10,2933
47.5,12,0,11,2942
47.5,12,0,12,2950
47.5,12,0,13,2959
47.5,12,0,14,2968
47.5,12,0,15,2977
47.5,12,1,0,2852
47.5,12,1,1,2861
47.5,12,1,2,2870
47.5,12,1,3,2879
47.5,12,1,4,2889
47.5,12,1,5,2898
47.5,12,1,6,2907
47.5,12,1,7,2916
47.5,12,1,8,2925
47.5,12,1,9,2934
47.5,12,1,10,2943
47.5,12,1,11,2951
47.5,12,1,12,2960
47.5,12,1,13,2969
47.5,12,1,14,2978
47.5,12,1,15,2987
47.5,12,2,0,2861
47.5,12,2,1,2871
47.5,12,2,2,2880
47.5,12,2,3,2889
47.5,12,2,4,2898
47.5,12,2,5,2907
47.5,12,2,6,2916
47.5,12,2,7,2925
47.5,12,2,8,2934
47.5,12,2,9,2943
47.5,12,2,10,2952
47.5,12,2,11,2961
47.5,12,2,12,2970
47.5,12,2,13,2979
47.5,12,2,14,2988
47.5,12,2,15,2997
47.5,12,3,0,2871
47.5,12,3,1,2880
47.5,12,3,2,2889
47.5,12,3,3,2899
47.5,12,3,4,2908
47.5,12,3,5,2917
47.5,12,3,6,2926
47.5,12,3,7,2935
47.5,12,3,8,2944
47.5,12,3,9,2953
47.5,12,3,10,2962
47.5,12,3,11,2971
47.5,12,3,12,2980
47.5,12,3,13,2989
47.5,12,3,14,2998
47.5,12,3,15,3007
47.5,12,4,0,2880
47.5,12,4,1,2890
47.5,12,4,2,2899
47.5,12,4,3,2908
47.5,12,4,4,2917
47.5,12,4,5,2926
47.5,12,4,6,2936
47.5,12,4,7,2945
47.5,12,4,8,2954
47.5,12,4,9,2963
47.5,12,4,10,2972
47.5,12,4,11,2981
47.5,12,4,12,2990
47.5,12,4,13,2999
47.5,12,4,14,3008
47.5,12,4,15,3017
47.5,12,5,0,2890
47.5,12,5,1,2899
47.5,12,5,2,2908
47.5,12,5,3,2918
47.5,12,5,4,2927
47.5,12,5,5,2936
47.5,12,5,6,2945
47.5,12,5,7,2954
47.5,12,5,8,2963
47.5,12,5,9,2973
47.5,12,5,10,2982
47.5,12,5,11,2991
47.5,12,5,12,3000
47.5,12,5,13,3009
47.5,12,5,14,3017
47.5,12,5,15,3026
47.5,12,6,0,2899
47.5,12,6,1,2908
47.5,12,6,2,2918
47.5,12,6,3,2927
47.5,12,6,4,2936
47.5,12,6,5,2946
47.5,12,6,6,2955
47.5,12,6,7,2964
47.5,12,6,8,2973
47.5,12,6,9,2982
47.5,12,6,10,2991
47.5,12,6,11,3000
47.5,12,6,12,3009
47.5,12,6,13,3018
47.5,12,6,14,3027
47.5,12,6,15,3036
47.5,12,7,0,2908
47.5,12,7,1,2918
47.5,12,7,2,2927
47.5,12,7,3,2937
47.5,12,7,4,2946
47.5,12,7,5,2955
47.5,12,7,6,2964
47.5,12,7,7,2973
47.5,12,7,8,2983
47.5,12,7,9,2992
47.5,12,7,10,3001
47.5,12,7,11,3010
47.5,12,7,12,3019
47.5,12,7,13,3028
47.5,12,7,14,3037
47.5,12,7,15,3046
47.5,12,8,0,2918
47.5,12,8,1,2927
47.5,12,8,2,2937
47.5,12,8,3,2946
47.5,12,8,4,2955
47.5,12,8,5,2964
47.5,12,8,6,2974
47.5,12,8,7,2983
47.5,12,8,8,2992
47.5,12,8,9,3001
47.5,12,8,10,3010
47.5,12,8,11,3020
47.5,12,8,12,3029
47.5,12,8,13,3038
47.5,12,8,14,3047
47.5,12,8,15,3056
47.5,12,9,0,2927
47.5,12,9,1,2937
47.5,12,9,2,2946
47.5,12,9,3,2955
47.5,12,9,4,2965
47.5,12,9,5,2974
47.5,12,9,6,2983
47.5,12,9,7,2992
47.5,12,9,8,3002
47.5,12,9,9,3011
47.5,12,9,10,3020
47.5,12,9,11,3029
47.5,12,9,12,3038
47.5,12,9,13,3047
47.5,12,9,14,3056
47.5,12,9,15,3065
47.5,12,10,0,2936
47.5,12,10,1,2946
47.5,12,10,2,2955
47.5,12,10,3,2965
47.5,12,10,4,2974
47.5,12,10,5,2983
47.5,12,10,6,2993
47.5,12,10,7,3002
47.5,12,10,8,3011
47.5,12,10,9,3020
47.5,12,10,10,3030
47.5,12,10,11,3039
47.5,12,10,12,3048
47.5,12,10,13,3057
47.5,12,10,14,3066
47.5,12,10,15,3075
47.5,12,11,0,2946
47.5,12,11,1,2955
47.5,12,11,2,2964
47.5,12,11,3,2974
47.5,12,11,4,2983
47.5,12,11,5,2993
47.5,12,11,6,3002
47.5,12,11,7,3011
47.5,12,11,8,3021
47.5,12,11,9,3030
47.5,12,11,10,3039
47.5,12,11,11,3048
47.5,12,11,12,3057
47.5,12,11,13,3067
47.5,12,11,14,3076
47.5,12,11,15,3085
47.5,12,12,0,2955
47.5,12,12,1,2964
47.5,12,12,2,2974
47.5,12,12,3,2983
47.5,12,12,4,2993
47.5,12,12,5,3002
47.5,12,12,6,3011
47.5,12,12,7,3021
47.5,12,12,8,3030
47.5,12,12,9,3039
47.5,12,12,10,3049
47.5,12,12,11,3058
47.5,12,12,12,3067
47.5,12,12,13,3076
47.5,12,12,14,3085
47.5,12,12,15,3094
47.5,12,13,0,2964
47.5,12,13,1,2973
47.5,12,13,2,2983
47.5,12,13,3,2992
47.5,12,13,4,3002
47.5,12,13,5,3011
47.5,12,13,6,3021
47.5,12,13,7,3030
47.5,12,13,8,3039
47.5,12,13,9,3049
47.5,12,13,10,3058
47.5,12,13,11,3067
47.5,12,13,12,3077
47.5,12,13,13,3086
47.5,12,13,14,3095
47.5,12,13,15,3104
47.5,12,14,0,2973
47.5,12,14,1,2983
47.5,12,14,2,2992
47.5,12,14,3,3002
47.5,12,14,4,3011
47.5,12,14,5,3021
47.5,12,14,6,3030
47.5,12,14,7,3039
47.5,12,14,8,3049
47.5,12,14,9,3058
47.5,12,14,10,3067
47.5,12,14,11,3077
47.5,12,14,12,3086
47.5,12,14,13,3095
47.5,12,14,14,3104
47.5,12,14,15,3114
47.5,12,15,0,2982
47.5,12,15,1,2992
47.5,12,15,2,3001
47.5,12,15,3,3011
47.5,12,15,4,3020
47.5,12,15,5,3030
47.5,12,15,6,3039
47.5,12,15,7,3049
47.5,12,15,8,3058
47.5,12,15,9,3068
47.5,12,15,10,3077
47.5,12,15,11,3086
47.5,12,15,12,3095
47.5,12,15,13,3105
47.5,12,15,14,3114
47.5,12,15,15,3123
47.5,13,0,0,2853
47.5,13,0,1,2862
47.5,13,0,2,2871
47.5,13,0,3,2880
47.5,13,0,4,2889
47.5,13,0,5,2899
47.5,13,0,6,2908
47.5,13,0,7,2917
47.5,13,0,8,2926
47.5,13,0,9,2935
47.5,13,0,10,2943
47.5,13,0,11,2952
47.5,13,0,12,2961
47.5,13,0,13,2970
47.5,13,0,14,2979
47.5,13,0,15,2988
47.5,13,1,0,2862
47.5,13,1,1,2872
47.5,13,1,2,2881
47.5,13,1,3,2890
47.5,13,1,4,2899
47.5,13,1,5,2908
47.5,13,1,6,2917
47.5,13,1,7,2926
47.5,13,1,8,2935
47.5,13,1,9,2944
47.5,13,1,10,2953
47.5,13,1,11,2962
47.5,13,1,12,2971
47.5,13,1,13,2980
47.5,13,1,14,2989
47.5,13,1,15,2998
47.5,13,2,0,2872
47.5,13,2,1,2881
47.5,13,2,2,2890
47.5,13,2,3,2900
47.5,13,2,4,2909
47.5,13,2,5,2918
47.5,13,2,6,2927
47.5,13,2,7,2936
47.5,13,2,8,2945
47.5,13,2,9,2954
47.5,13,2,10,2963
47.5,13,2,11,2972
47.5,13,2,12,2981
47.5,13,2,13,2990
47.5,13,2,14,2999
47.5,13,2,15,3008
47.5,13,3,0,2881
47.5,13,3,1,2891
47.5,13,3,2,2900
47.5,13,3,3,2909
47.5,13,3,4,2918
47.5,13,3,5,2928
47.5,13,3,6,2937
47.5,13,3,7,2946
47.5,13,3,8,2955
47.5,13,3,9,2964
47.5,13,3,10,2973
47.5,13,3,11,2982
47.5,13,3,12,2991
47.5,13,3,13,3000
47.5,13,3,14,3009
47.5,13,3,15,3018
47.5,13,4,0,2891
47.5,13,4,1,2900
47.5,13,4,2,2910
47.5,13,4,3,2919
47.5,13,4,4,2928
47.5,13,4,5,2937
47.5,13,4,6,2946
47.5,13,4,7,2956
47.5,13,4,8,2965
47.5,13,4,9,2974
47.5,13,4,10,2983
47.5,13,4,11,2992
47.5,13,4,12,3001
47.5,13,4,13,3010
47.5,13,4,14,3019
47.5,13,4,15,3028
47.5,13,5,0,2900
47.5,13,5,1,2910
47.5,13,5,2,2919
47.5,13,5,3,2928
47.5,13,5,4,2938
47.5,13,5,5,2947
47.5,13,5,6,2956
47.5,13,5,7,2965
47.5,13,5,8,2974
47.5,13,5,9,2983
47.5,13,5,10,2992
47.5,13,5,11,3002
47.5,13,5,12,3011
47.5,13,5,13,3020
47.5,13,5,14,3029
47.5,13,5,15,3037
47.5,13,6,0,2910
47.5,13,6,1,2919
47.5,13,6,2,2928
47.5,13,6,3,2938
47.5,13,6,4,2947
47.5,13,6,5,2956
47.5,13,6,6,2966
47.5,13,6,7,2975
47.5,13,6,8,2984
47.5,13,6,9,2993
47.5,13,6,10,3002
47.5,13,6,11,3011
47.5,13,6,12,3020
47.5,13,6,13,3029
47.5,13,6,14,3038
47.5,13,6,15,3047
47.5,13,7,0,2919
47.5,13,7,1,2929
47.5,13,7,2,2938
47.5,13,7,3,2947
47.5,13,7,4,2957
47.5,13,7,5,2966
47.5,13,7,6,2975
47.5,13,7,7,2984
47.5,13,7,8,2994
47.5,13,7,9,3003
47.5,13,7,10,3012
47.5,13,7,11,3021
47.5,13,7,12,3030
47.5,13,7,13,3039
47.5,13,7,14,3048
47.5,13,7,15,3057
47.5,13,8,0,2928
47.5,13,8,1,2938
47.5,13,8,2,2947
47.5,13,8,3,2957
47.5,13,8,4,2966
47.5,13,8,5,2975
47.5,13,8,6,2985
47.5,13,8,7,2994
47.5,13,8,8,3003
47.5,13,8,9,3012
47.5,13,8,10,3021
47.5,13,8,11,3031
47.5,13,8,12,3040
47.5,13,8,13,3049
47.5,13,8,14,3058
47.5,13,8,15,3067
47.5,13,9,0,2938
47.5,13,9,1,2947
47.5,13,9,2,2957
47.5,13,9,3,2966
47.5,13,9,4,2975
47.5,13,9,5,2985
47.5,13,9,6,2994
47.5,13,9,7,3003
47.5,13,9,8,3013
47.5,13,9,9,3022
47.5,13,9,10,3031
47.5,13,9,11,3040
47.5,13,9,12,3049
47.5,13,9,13,3059
47.5,13,9,14,3068
47.5,13,9,15,3077
47.5,13,10,0,2947
47.5,13,10,1,2957
47.5,13,10,2,2966
47.5,13,10,3,2975
47.5,13,10,4,2985
47.5,13,10,5,2994
47.5,13,10,6,3004
47.5,13,10,7,3013
47.5,13,10,8,3022
47.5,13,10,9,3031
47.5,13,10,10,3041
47.5,13,10,11,3050
47.5,13,10,12,3059
47.5,13,10,13,3068
47.5,13,10,14,3077
47.5,13,10,15,3086
47.5,13,11,0,2956
47.5,13,11,1,2966
47.5,13,11,2,2975
47.5,13,11,3,2985
47.5,13,11,4,2994
47.5,13,11,5,3004
47.5,13,11,6,3013
47.5,13,11,7,3022
47.5,13,11,8,3032
47.5,13,11,9,3041
47.5,13,11,10,3050
47.5,13,11,11,3059
47.5,13,11,12,3069
47.5,13,11,13,3078
47.5,13,11,14,3087
47.5,13,11,15,3096
47.5,13,12,0,2966
47.5,13,12,1,2975
47.5,13,12,2,2985
47.5,13,12,3,2994
47.5,13,12,4,3004
47.5,13,12,5,3013
47.5,13,12,6,3022
47.5,13,12,7,3032
47.5,13,12,8,3041
47.5,13,12,9,3050
47.5,13,12,10,3060
47.5,13,12,11,3069
47.5,13,12,12,3078
47.5,13,12,13,3087
47.5,13,12,14,3097
47.5,13,12,15,3106
47.5,13,13,0,2975
47.5,13,13,1,2984
47.5,13,13,2,2994
47.5,13,13,3,3003
47.5,13,13,4,3013
47.5,13,13,5,3022
47.5,13,13,6,3032
47.5,13,13,7,3041
47.5,13,13,8,3051
47.5,13,13,9,3060
47.5,13,13,10,3069
47.5,13,13,11,3079
47.5,13,13,12,3088
47.5,13,13,13,3097
47.5,13,13,14,3106
47.5,13,13,15,3115
47.5,13,14,0,2984
47.5,13,14,1,2994
47.5,13,14,2,3003
47.5,13,14,3,3013
47.5,13,14,4,3022
47.5,13,14,5,3032
47.5,13,14,6,3041
47.5,13,14,7,3051
47.5,13,14,8,3060
47.5,13,14,9,3069
47.5,13,14,10,3079
47.5,13,14,11,3088
47.5,13,14,12,3097
47.5,13,14,13,3107
47.5,13,14,14,3116
47.5,13,14,15,3125
47.5,13,15,0,2993
47.5,13,15,1,3003
47.5,13,15,2,3012
47.5,13,15,3,3022
47.5,13,15,4,3031
47.5,13,15,5,3041
47.5,13,15,6,3050
47.5,13,15,7,3060
47.5,13,15,8,3069
47.5,13,15,9,3079
47.5,13,15,10,3088
47.5,13,15,11,3097
47.5,13,15,12,3107
47.5,13,15,13,3116
47.5,13,15,14,3125
47.5,13,15,15,3135
47.5,14,0,0,2863
47.5,14,0,1,2873
47.5,14,0,2,2882
47.5,14,0,3,2891
47.5,14,0,4,2900
47.5,14,0,5,2909
47.5,14,0,6,2918
47.5,14,0,7,2927
47.5,14,0,8,2936
47.5,14,0,9,2945
47.5,14,0,10,2954
47.5,14,0,11,2963
47.5,14,0,12,2972
47.5,14,0,13,2981
47.5,14,0,14,2990
47.5,14,0,15,2999
47.5,14,1,0,2873
47.5,14,1,1,2882
47.5,14,1,2,2891
47.5,14,1,3,2901
47.5,14,1,4,2910
47.5,14,1,5,2919
47.5,14,1,6,2928
47.5,14,1,7,2937
47.5,14,1,8,2946
47.5,14,1,9,2955
47.5,14,1,10,2964
47.5,14,1,11,2973
47.5,14,1,12,2982
47.5,14,1,13,2991
47.5,14,1,14,3000
47.5,14,1,15,3009
47.5,14,2,0,2882
47.5,14,2,1,2892
47.5,14,2,2,2901
47.5,14,2,3,2910
47.5,14,2,4,2919
47.5,14,2,5,2929
47.5,14,2,6,2938
47.5,14,2,7,2947
47.5,14,2,8,2956
47.5,14,2,9,2965
47.5,14,2,10,2974
47.5,14,2,11,2983
47.5,14,2,12,2992
47.5,14,2,13,3001
47.5,14,2,14,3010
47.5,14,2,15,3019
47.5,14,3,0,2892
47.5,14,3,1,2901
47.5,14,3,2,2911
47.5,14,3,3,2920
47.5,14,3,4,2929
47.5,14,3,5,2938
47.5,14,3,6,2947
47.5,14,3,7,2957
47.5,14,3,8,2966
47.5,14,3,9,2975
47.5,14,3,10,2984
47.5,14,3,11,2993
47.5,14,3,12,3002
47.5,14,3,13,3011
47.5,14,3,14,3020
47.5,14,3,15,3029
47.5,14,4,0,2901
47.5,14,4,1,2911
47.5,14,4,2,2920
47.5,14,4,3,2929
47.5,14,4,4,2939
47.5,14,4,5,2948
47.5,14,4,6,2957
47.5,14,4,7,2966
47.5,14,4,8,2975
47.5,14,4,9,2985
47.5,14,4,10,2994
47.5,14,4,11,3003
47.5,14,4,12,3012
47.5,14,4,13,3021
47.5,14,4,14,3030
47.5,14,4,15,3039
47.5,14,5,0,2911
47.5,14,5,1,2920
47.5,14,5,2,2930
47.5,14,5,3,2939
47.5,14,5,4,2948
47.5,14,5,5,2958
47.5,14,5,6,2967
47.5,14,5,7,2976
47.5,14,5,8,2985
47.5,14,5,9,2994
47.5,14,5,10,3003
47.5,14,5,11,3012
47.5,14,5,12,3022
47.5,14,5,13,3031
47.5,14,5,14,3040
47.5,14,5,15,3049
47.5,14,6,0,2920
47.5,14,6,1,2930
47.5,14,6,2,2939
47.5,14,6,3,2949
47.5,14,6,4,2958
47.5,14,6,5,2967
47.5,14,6,6,2976
47.5,14,6,7,2986
47.5,14,6,8,2995
47.5,14,6,9,3004
47.5,14,6,10,3013
47.5,14,6,11,3022
47.5,14,6,12,3031
47.5,14,6,13,3040
47.5,14,6,14,3049
47.5,14,6,15,3058
47.5,14,7,0,2930
47.5,14,7,1,2939
47.5,14,7,2,2949
47.5,14,7,3,2958
47.5,14,7,4,2967
47.5,14,7,5,2977
47.5,14,7,6,2986
47.5,14,7,7,2995
47.5,14,7,8,3004
47.5,14,7,9,3014
47.5,14,7,10,3023
47.5,14,7,11,3032
47.5,14,7,12,3041
47.5,14,7,13,3050
47.5,14,7,14,3059
47.5,14,7,15,3068
47.5,14,8,0,2939
47.5,14,8,1,2949
47.5,14,8,2,2958
47.5,14,8,3,2967
47.5,14,8,4,2977
47.5,14,8,5,2986
47.5,14,8,6,2996
47.5,14,8,7,3005
47.5,14,8,8,3014
47.5,14,8,9,3023
47.5,14,8,10,3033
47.5,14,8,11,3042
47.5,14,8,12,3051
47.5,14,8,13,3060
47.5,14,8,14,3069
47.5,14,8,15,3078
47.5,14,9,0,2949
47.5,14,9,1,2958
47.5,14,9,2,2967
47.5,14,9,3,2977
47.5,14,9,4,2986
47.5,14,9,5,2996
47.5,14,9,6,3005
47.5,14,9,7,3014
47.5,14,9,8,3024
47.5,14,9,9,3033
47.5,14,9,10,3042
47.5,14,9,11,3051
47.5,14,9,12,3061
47.5,14,9,13,3070
47.5,14,9,14,3079
47.5,14,9,15,3088
47.5,14,10,0,2958
47.5,14,10,1,2967
47.5,14,10,2,2977
47.5,14,10,3,2986
47.5,14,10,4,2996
47.5,14,10,5,3005
47.5,14,10,6,3015
47.5,14,10,7,3024
47.5,14,10,8,3033
47.5,14,10,9,3043
47.5,14,10,10,3052
47.5,14,10,11,3061
47.5,14,10,12,3070
47.5,14,10,13,3079
47.5,14,10,14,3089
47.5,14,10,15,3098
47.5,14,11,0,2967
47.5,14,11,1,2977
47.5,14,11,2,2986
47.5,14,11,3,2996
47.5,14,11,4,3005
47.5,14,11,5,3015
47.5,14,11,6,3024
47.5,14,11,7,3033
47.5,14,11,8,3043
47.5,14,11,9,3052
47.5,14,11,10,3061
47.5,14,11,11,3071
47.5,14,11,12,3080
47.5,14,11,13,3089
47.5,14,11,14,3098
47.5,14,11,15,3107
47.5,14,12,0,2976
47.5,14,12,1,2986
47.5,14,12,2,2996
47.5,14,12,3,3005
47.5,14,12,4,3015
47.5,14,12,5,3024
47.5,14,12,6,3033
47.5,14,12,7,3043
47.5,14,12,8,3052
47.5,14,12,9,3062
47.5,14,12,10,3071
47.5,14,12,11,3080
47.5,14,12,12,3089
47.5,14,12,13,3099
47.5,14,12,14,3108
47.5,14,12,15,3117
47.5,14,13,0,2986
47.5,14,13,1,2995
47.5,14,13,2,3005
47.5,14,13,3,3014
47.5,14,13,4,3024
47.5,14,13,5,3033
47.5,14,13,6,3043
47.5,14,13,7,3052
47.5,14,13,8,3062
47.5,14,13,9,3071
47.5,14,13,10,3080
47.5,14,13,11,3090
47.5,14,13,12,3099
47.5,14,13,13,3108
47.5,14,13,14,3118
47.5,14,13,15,3127
47.5,14,14,0,2995
47.5,14,14,1,3004
47.5,14,14,2,3014
47.5,14,14,3,3024
47.5,14,14,4,3033
47.5,14,14,5,3043
47.5,14,14,6,3052
47.5,14,14,7,3062
47.5,14,14,8,3071
47.5,14,14,9,3081
47.5,14,14,10,3090
47.5,14,14,11,3099
47.5,14,14,12,3109
47.5,14,14,13,3118
47.5,14,14,14,3127
47.5,14,14,15,3136
47.5,14,15,0,3004
47.5,14,15,1,3014
47.5,14,15,2,3023
47.5,14,15,3,3033
47.5,14,15,4,3043
47.5,14,15,5,3052
47.5,14,15,6,3062
47.5,14,15,7,3071
47.5,14,15,8,3081
47.5,14,15,9,3090
47.5,14,15,10,3099
47.5,14,15,11,3109
47.5,14,15,12,3118
47.5,14,15,13,3127
47.5,14,15,14,3137
47.5,14,15,15,3146
47.5,15,0,0,2874
47.5,15,0,1,2883
47.5,15,0,2,2892
47.5,15,0,3,2901
47.5,15,0,4,2911
47.5,15,0,5,2920
47.5,15,0,6,2929
47.5,15,0,7,2938
47.5,15,0,8,2947
47.5,15,0,9,2956
47.5,15,0,10,2965
47.5,15,0,11,2974
47.5,15,0,12,2983
47.5,15,0,13,2992
47.5,15,0,14,3001
47.5,15,0,15,3010
47.5,15,1,0,2883
47.5,15,1,1,2893
47.5,15,1,2,2902
47.5,15,1,3,2911
47.5,15,1,4,2920
47.5,15,1,5,2929
47.5,15,1,6,2939
47.5,15,1,7,2948
47.5,15,1,8,2957
47.5,15,1,9,2966
47.5,15,1,10,2975
47.5,15,1,11,2984
47.5,15,1,12,2993
47.5,15,1,13,3002
47.5,15,1,14,3011
47.5,15,1,15,3020
47.5,15,2,0,2893
47.5,15,2,1,2902
47.5,15,2,2,2912
47.5,15,2,3,2921
47.5,15,2,4,2930
47.5,15,2,5,2939
47.5,15,2,6,2948
47.5,15,2,7,2958
47.5,15,2,8,2967
47.5,15,2,9,2976
47.5,15,2,10,2985
47.5,15,2,11,2994
47.5,15,2,12,3003
47.5,15,2,13,3012
47.5,15,2,14,3021
47.5,15,2,15,3030
47.5,15,3,0,2903
47.5,15,3,1,2912
47.5,15,3,2,2921
47.5,15,3,3,2930
47.5,15,3,4,2940
47.5,15,3,5,2949
47.5,15,3,6,2958
47.5,15,3,7,2967
47.5,15,3,8,2976
47.5,15,3,9,2986
47.5,15,3,10,2995
47.5,15,3,11,3004
47.5,15,3,12,3013
47.5,15,3,13,3022
47.5,15,3,14,3031
47.5,15,3,15,3040
47.5,15,4,0,2912
47.5,15,4,1,2921
47.5,15,4,2,2931
47.5,15,4,3,2940
47.5,15,4,4,2949
47.5,15,4,5,2959
47.5,15,4,6,2968
47.5,15,4,7,2977
47.5,15,4,8,2986
47.5,15,4,9,2995
47.5,15,4,10,3005
47.5,15,4,11,3014
47.5,15,4,12,3023
47.5,15,4,13,3032
47.5,15,4,14,3041
47.5,15,4,15,3050
47.5,15,5,0,2922
47.5,15,5,1,2931
47.5,15,5,2,2940
47.5,15,5,3,2950
47.5,15,5,4,2959
47.5,15,5,5,2968
47.5,15,5,6,2978
47.5,15,5,7,2987
47.5,15,5,8,2996
47.5,15,5,9,3005
47.5,15,5,10,3014
47.5,15,5,11,3023
47.5,15,5,12,3033
47.5,15,5,13,3042
47.5,15,5,14,3051
47.5,15,5,15,3060
47.5,15,6,0,2931
47.5,15,6,1,2940
47.5,15,6,2,2950
47.5,15,6,3,2959
47.5,15,6,4,2969
47.5,15,6,5,2978
47.5,15,6,6,2987
47.5,15,6,7,2996
47.5,15,6,8,3006
47.5,15,6,9,3015
47.5,15,6,10,3024
47.5,15,6,11,3033
47.5,15,6,12,3042
47.5,15,6,13,3051
47.5,15,6,14,3061
47.5,15,6,15,3070
47.5,15,7,0,2940
47.5,15,7,1,2950
47.5,15,7,2,2959
47.5,15,7,3,2969
47.5,15,7,4,2978
47.5,15,7,5,2988
47.5,15,7,6,2997
47.5,15,7,7,3006
47.5,15,7,8,3015
47.5,15,7,9,3025
47.5,15,7,10,3034
47.5,15,7,11,3043
47.5,15,7,12,3052
47.5,15,7,13,3061
47.5,15,7,14,3070
47.5,15,7,15,3079
47.5,15,8,0,2950
47.5,15,8,1,2959
47.5,15,8,2,2969
47.5,15,8,3,2978
47.5,15,8,4,2988
47.5,15,8,5,2997
47.5,15,8,6,3006
47.5,15,8,7,3016
47.5,15,8,8,3025
47.5,15,8,9,3034
47.5,15,8,10,3044
47.5,15,8,11,3053
47.5,15,8,12,3062
47.5,15,8,13,3071
47.5,15,8,14,3080
47.5,15,8,15,3089
47.5,15,9,0,2959
47.5,15,9,1,2969
47.5,15,9,2,2978
47.5,15,9,3,2988
47.5,15,9,4,2997
47.5,15,9,5,3007
47.5,15,9,6,3016
47.5,15,9,7,3025
47.5,15,9,8,3035
47.5,15,9,9,3044
47.5,15,9,10,3053
47.5,15,9,11,3062
47.5,15,9,12,3072
47.5,15,9,13,3081
47.5,15,9,14,3090
47.5,15,9,15,3099
47.5,15,10,0,2969
47.5,15,10,1,2978
47.5,15,10,2,2988
47.5,15,10,3,2997
47.5,15,10,4,3007
47.5,15,10,5,3016
47.5,15,10,6,3026
47.5,15,10,7,3035
47.5,15,10,8,3044
47.5,15,10,9,3054
47.5,15,10,10,3063
47.5,15,10,11,3072
47.5,15,10,12,3081
47.5,15,10,13,3091
47.5,15,10,14,3100
47.5,15,10,15,3109
47.5,15,11,0,2978
47.5,15,11,1,2988
47.5,15,11,2,2997
47.5,15,11,3,3007
47.5,15,11,4,3016
47.5,15,11,5,3026
47.5,15,11,6,3035
47.5,15,11,7,3044
47.5,15,11,8,3054
47.5,15,11,9,3063
47.5,15,11,10,3072
47.5,15,11,11,3082
47.5,15,11,12,3091
47.5,15,11,13,3100
47.5,15,11,14,3110
47.5,15,11,15,3119
47.5,15,12,0,2987
47.5,15,12,1,2997
47.5,15,12,2,3006
47.5,15,12,3,3016
47.5,15,12,4,3026
47.5,15,12,5,3035
47.5,15,12,6,3044
47.5,15,12,7,3054
47.5,15,12,8,3063
47.5,15,12,9,3073
47.5,15,12,10,3082
47.5,15,12,11,3091
47.5,15,12,12,3101
47.5,15,12,13,3110
47.5,15,12,14,3119
47.5,15,12,15,3128
47.5,15,13,0,2996
47.5,15,13,1,3006
47.5,15,13,2,3016
47.5,15,13,3,3025
47.5,15,13,4,3035
47.5,15,13,5,3044
47.5,15,13,6,3054
47.5,15,13,7,3063
47.5,15,13,8,3073
47.5,15,13,9,3082
47.5,15,13,10,3092
47.5,15,13,11,3101
47.5,15,13,12,3110
47.5,15,13,13,3120
47.5,15,13,14,3129
47.5,15,13,15,3138
47.5,15,14,0,3006
47.5,15,14,1,3015
47.5,15,14,2,3025
47.5,15,14,3,3035
47.5,15,14,4,3044
47.5,15,14,5,3054
47.5,15,14,6,3063
47.5,15,14,7,3073
47.5,15,14,8,3082
47.5,15,14,9,3092
47.5,15,14,10,3101
47.5,15,14,11,3111
47.5,15,14,12,3120
47.5,15,14,13,3129
47.5,15,14,14,3139
47.5,15,14,15,3148
47.5,15,15,0,3015
47.5,15,15,1,3025
47.5,15,15,2,3034
47.5,15,15,3,3044
47.5,15,15,4,3054
47.5,15,15,5,3063
47.5,15,15,6,3073
47.5,15,15,7,3082
47.5,15,15,8,3092
47.5,15,15,9,3101
47.5,15,15,10,3111
47.5,15,15,11,3120
47.5,15,15,12,3129
47.5,15,15,13,3139
47.5,15,15,14,3148
47.5,15,15,15,3157
48.0,0,0,0,2734
48.0,0,0,1,2743
48.0,0,0,2,2752
48.0,0,0,3,2760
48.0,0,0,4,2769
48.0,0,0,5,2778
48.0,0,0,6,2786
48.0,0,0,7,2795
48.0,0,0,8,2804
48.0,0,0,9,2812
48.0,0,0,10,2821
48.0,0,0,11,2829
48.0,0,0,12,2838
48.0,0,0,13,2846
48.0,0,0,14,2855
48.0,0,0,15,2863
48.0,0,1,0,2743
48.0,0,1,1,2752
48.0,0,1,2,2761
48.0,0,1,3,2770
48.0,0,1,4,2778
48.0,0,1,5,2787
48.0,0,1,6,2796
48.0,0,1,7,2804
48.0,0,1,8,2813
48.0,0,1,9,2822
48.0,0,1,10,2830
48.0,0,1,11,2839
48.0,0,1,12,2847
48.0,0,1,13,2856
48.0,0,1,14,2864
48.0,0,1,15,2873
48.0,0,2,0,2752
48.0,0,2,1,2761
48.0,0,2,2,2770
48.0,0,2,3,2779
48.0,0,2,4,2788
48.0,0,2,5,2796
48.0,0,2,6,2805
48.0,0,2,7,2814
48.0,0,2,8,2822
48.0,0,2,9,2831
48.0,0,2,10,2840
48.0,0,2,11,2848
48.0,0,2,12,2857
48.0,0,2,13,2865
48.0,0,2,14,2874
48.0,0,2,15,2882
48.0,0,3,0,2761
48.0,0,3,1,2770
48.0,0,3,2,2779
48.0,0,3,3,2788
48.0,0,3,4,2797
48.0,0,3,5,2806
48.0,0,3,6,2814
48.0,0,3,7,2823
48.0,0,3,8,2832
48.0,0,3,9,2840
48.0,0,3,10,2849
48.0,0,3,11,2858
48.0,0,3,12,2866
48.0,0,3,13,2875
48.0,0,3,14,2883
48.0,0,3,15,2892
48.0,0,4,0,2770
48.0,0,4,1,2779
48.0,0,4,2,2788
48.0,0,4,3,2797
48.0,0,4,4,2806
48.0,0,4,5,2815
48.0,0,4,6,2824
48.0,0,4,7,2832
48.0,0,4,8,2841
48.0,0,4,9,2850
48.0,0,4,10,2858
48.0,0,4,11,2867
48.0,0,4,12,2876
48.0,0,4,13,2884
48.0,0,4,14,2893
48.0,0,4,15,2901
48.0,0,5,0,2779
48.0,0,5,1,2788
48.0,0,5,2,2797
48.0,0,5,3,2806
48.0,0,5,4,2815
48.0,0,5,5,2824
48.0,0,5,6,2833
48.0,0,5,7,2842
48.0,0,5,8,2850
48.0,0,5,9,2859
48.0,0,5,10,2868
48.0,0,5,11,2876
48.0,0,5,12,2885
48.0,0,5,13,2894
48.0,0,5,14,2902
48.0,0,5,15,2911
48.0,0,6,0,2788
48.0,0,6,1,2797
48.0,0,6,2,2806
48.0,0,6,3,2815
48.0,0,6,4,2824
48.0,0,6,5,2833
48.0,0,6,6,2842
48.0,0,6,7,2851
48.0,0,6,8,2860
48.0,0,6,9,2868
48.0,0,6,10,2877
48.0,0,6,11,2886
48.0,0,6,12,2894
48.0,0,6,13,2903
48.0,0,6,14,2912
48.0,0,6,15,2920
48.0,0,7,0,2797
48.0,0,7,1,2806
48.0,0,7,2,2815
48.0,0,7,3,2824
48.0,0,7,4,2833
48.0,0,7,5,2842
48.0,0,7,6,2851
48.0,0,7,7,2860
48.0,0,7,8,2869
48.0,0,7,9,2878
48.0,0,7,10,2886
48.0,0,7,11,2895
48.0,0,7,12,2904
48.0,0,7,13,2912
48.0,0,7,14,2921
48.0,0,7,15,2930
48.0,0,8,0,2806
48.0,0,8,1,2815
48.0,0,8,2,2824
48.0,0,8,3,2833
48.0,0,8,4,2842
48.0,0,8,5,2851
48.0,0,8,6,2860
48.0,0,8,7,2869
48.0,0,8,8,2878
48.0,0,8,9,2887
48.0,0,8,10,2896
48.0,0,8,11,2904
48.0,0,8,12,2913
48.0,0,8,13,2922
48.0,0,8,14,2930
48.0,0,8,15,2939
48.0,0,9,0,2815
48.0,0,9,1,2824
48.0,0,9,2,2833
48.0,0,9,3,2842
48.0,0,9,4,2851
48.0,0,9,5,2860
48.0,0,9,6,2869
48.0,0,9,7,2878
48.0,0,9,8,2887
48.0,0,9,9,2896
48.0,0,9,10,2905
48.0,0,9,11,2914
48.0,0,9,12,2922
48.0,0,9,13,2931
48.0,0,9,14,2940
48.0,0,9,15,2948
48.0,0,10,0,2824
48.0,0,10,1,2833
48.0,0,10,2,2842
48.0,0,10,3,2851
48.0,0,10,4,2860
48.0,0,10,5,2869
48.0,0,10,6,2878
48.0,0,10,7,2887
48.0,0,10,8,2896
48.0,0,10,9,2905
48.0,0,10,10,2914
48.0,0,10,11,2923
48.0,0,10,12,2932
48.0,0,10,13,2940
48.0,0,10,14,2949
48.0,0,10,15,2958
48.0,0,11,0,2833
48.0,0,11,1,2842
48.0,0,11,2,2851
48.0,0,11,3,2860
48.0,0,11,4,2869
48.0,0,11,5,2878
48.0,0,11,6,2887
48.0,0,11,7,2896
48.0,0,11,8,2905
48.0,0,11,9,2914
48.0,0,11,10,2923
48.0,0,11,11,2932
48.0,0,11,12,2941
48.0,0,11,13,2950
48.0,0,11,14,2958
48.0,0,11,15,2967
48.0,0,12,0,2842
48.0,0,12,1,2851
48.0,0,12,2,2860
48.0,0,12,3,2869
48.0,0,12,4,2878
48.0,0,12,5,2887
48.0,0,12,6,2896
48.0,0,12,7,2905
48.0,0,12,8,2914
48.0,0,12,9,2923
48.0,0,12,10,2932
48.0,0,12,11,2941
48.0,0,12,12,2950
48.0,0,12,13,2959
48.0,0,12,14,2968
48.0,0,12,15,2976
48.0,0,13,0,2851
48.0,0,13,1,2860
48.0,0,13,2,2869
48.0,0,13,3,2878
48.0,0,13,4,2887
48.0,0,13,5,2896
48.0,0,13,6,2905
48.0,0,13,7,2914
48.0,0,13,8,2923
48.0,0,13,9,2932
48.0,0,13,10,2941
48.0,0,13,11,2950
48.0,0,13,12,2959
48.0,0,13,13,2968
48.0,0,13,14,2977
48.0,0,13,15,2986
48.0,0,14,0,2860
48.0,0,14,1,2869
48.0,0,14,2,2878
48.0,0,14,3,2887
48.0,0,14,4,2896
48.0,0,14,5,2905
48.0,0,14,6,2914
48.0,0,14,7,2923
48.0,0,14,8,2932
48.0,0,14,9,2941
48.0,0,14,10,2950
48.0,0,14,11,2959
48.0,0,14,12,2968
48.0,0,14,13,2977
48.0,0,14,14,2986
48.0,0,14,15,2995
48.0,0,15,0,2868
48.0,0,15,1,2878
48.0,0,15,2,2887
48.0,0,15,3,2896
48.0,0,15,4,2905
48.0,0,15,5,2914
48.0,0,15,6,2923
48.0,0,15,7,2932
48.0,0,15,8,2941
48.0,0,15,9,2950
48.0,0,15,10,2959
48.0,0,15,11,2968
48.0,0,15,12,2977
48.0,0,15,13,2986
48.0,0,15,14,2995
48.0,0,15,15,3004
48.0,1,0,0,2744
48.0,1,0,1,2753
48.0,1,0,2,2762
48.0,1,0,3,2771
48.0,1,0,4,2780
48.0,1,0,5,2788
48.0,1,0,6,2797
48.0,1,0,7,2806
48.0,1,0,8,2814
48.0,1,0,9,2823
48.0,1,0,10,2832
48.0,1,0,11,2840
48.0,1,0,12,2849
48.0,1,0,13,2857
48.0,1,0,14,2866
48.0,1,0,15,2874
48.0,1,1,0,2754
48.0,1,1,1,2762
48.0,1,1,2,2771
48.0,1,1,3,2780
48.0,1,1,4,2789
48.0,1,1,5,2798
48.0,1,1,6,2806
48.0,1,1,7,2815
48.0,1,1,8,2824
48.0,1,1,9,2832
48.0,1,1,10,2841
48.0,1,1,11,2850
48.0,1,1,12,2858
48.0,1,1,13,2867
48.0,1,1,14,2875
48.0,1,1,15,2884
48.0,1,2,0,2763
48.0,1,2,1,2772
48.0,1,2,2,2781
48.0,1,2,3,2789
48.0,1,2,4,2798
48.0,1,2,5,2807
48.0,1,2,6,2816
48.0,1,2,7,2824
48.0,1,2,8,2833
48.0,1,2,9,2842
48.0,1,2,10,2851
48.0,1,2,11,2859
48.0,1,2,12,2868
48.0,1,2,13,2876
48.0,1,2,14,2885
48.0,1,2,15,2893
48.0,1,3,0,2772
48.0,1,3,1,2781
48.0,1,3,2,2790
48.0,1,3,3,2799
48.0,1,3,4,2807
48.0,1,3,5,2816
48.0,1,3,6,2825
48.0,1,3,7,2834
48.0,1,3,8,2843
48.0,1,3,9,2851
48.0,1,3,10,2860
48.0,1,3,11,2869
48.0,1,3,12,2877
48.0,1,3,13,2886
48.0,1,3,14,2894
48.0,1,3,15,2903
48.0,1,4,0,2781
48.0,1,4,1,2790
48.0,1,4,2,2799
48.0,1,4,3,2808
48.0,1,4,4,2817
48.0,1,4,5,2826
48.0,1,4,6,2834
48.0,1,4,7,2843
48.0,1,4,8,2852
48.0,1,4,9,2861
48.0,1,4,10,2869
48.0,1,4,11,2878
48.0,1,4,12,2887
48.0,1,4,13,2895
48.0,1,4,14,2904
48.0,1,4,15,2913
48.0,1,5,0,2790
48.0,1,5,1,2799
48.0,1,5,2,2808
48.0,1,5,3,2817
48.0,1,5,4,2826
48.0,1,5,5,2835
48.0,1,5,6,2844
48.0,1,5,7,2852
48.0,1,5,8,2861
48.0,1,5,9,2870
48.0,1,5,10,2879
48.0,1,5,11,2887
48.0,1,5,12,2896
48.0,1,5,13,2905
48.0,1,5,14,2913
48.0,1,5,15,2922
48.0,1,6,0,2799
48.0,1,6,1,2808
48.0,1,6,2,2817
48.0,1,6,3,2826
48.0,1,6,4,2835
48.0,1,6,5,2844
48.0,1,6,6,2853
48.0,1,6,7,2862
48.0,1,6,8,2870
48.0,1,6,9,2879
48.0,1,6,10,2888
48.0,1,6,11,2897
48.0,1,6,12,2905
48.0,1,6,13,2914
48.0,1,6,14,2923
48.0,1,6,15,2931
48.0,1,7,0,2808
48.0,1,7,1,2817
48.0,1,7,2,2826
48.0,1,7,3,2835
48.0,1,7,4,2844
48.0,1,7,5,2853
48.0,1,7,6,2862
48.0,1,7,7,2871
48.0,1,7,8,2880
48.0,1,7,9,2889
48.0,1,7,10,2897
48.0,1,7,11,2906
48.0,1,7,12,2915
48.0,1,7,13,2924
48.0,1,7,14,2932
48.0,1,7,15,2941
48.0,1,8,0,2817
48.0,1,8,1,2826
48.0,1,8,2,2835
48.0,1,8,3,2844
48.0,1,8,4,2853
48.0,1,8,5,2862
48.0,1,8,6,2871
48.0,1,8,7,2880
48.0,1,8,8,2889
48.0,1,8,9,2898
48.0,1,8,10,2907
48.0,1,8,11,2915
48.0,1,8,12,2924
48.0,1,8,13,2933
48.0,1,8,14,2942
48.0,1,8,15,2950
48.0,1,9,0,2826
48.0,1,9,1,2835
48.0,1,9,2,2844
48.0,1,9,3,2853
48.0,1,9,4,2862
48.0,1,9,5,2871
48.0,1,9,6,2880
48.0,1,9,7,2889
48.0,1,9,8,2898
48.0,1,9,9,2907
48.0,1,9,10,2916
48.0,1,9,11,2925
48.0,1,9,12,2933
48.0,1,9,13,2942
48.0,1,9,14,2951
48.0,1,9,15,2960
48.0,1,10,0,2835
48.0,1,10,1,2844
48.0,1,10,2,2853
48.0,1,10,3,2862
48.0,1,10,4,2871
48.0,1,10,5,2880
48.0,1,10,6,2889
48.0,1,10,7,2898
48.0,1,10,8,2907
48.0,1,10,9,2916
48.0,1,10,10,2925
48.0,1,10,11,2934
48.0,1,10,12,2943
48.0,1,10,13,2952
48.0,1,10,14,2960
48.0,1,10,15,2969
48.0,1,11,0,2844
48.0,1,11,1,2853
48.0,1,11,2,2862
48.0,1,11,3,2871
48.0,1,11,4,2880
48.0,1,11,5,2889
48.0,1,11,6,2898
48.0,1,11,7,2907
48.0,1,11,8,2916
48.0,1,11,9,2925
48.0,1,11,10,2934
48.0,1,11,11,2943
48.0,1,11,12,2952
48.0,1,11,13,2961
48.0,1,11,14,2970
48.0,1,11,15,2978
48.0,1,12,0,2853
48.0,1,12,1,2862
48.0,1,12,2,2871
48.0,1,12,3,2880
48.0,1,12,4,2889
48.0,1,12,5,2898
48.0,1,12,6,2908
48.0,1,12,7,2917
48.0,1,12,8,2926
48.0,1,12,9,2934
48.0,1,12,10,2943
48.0,1,12,11,2952
48.0,1,12,12,2961
48.0,1,12,13,2970
48.0,1,12,14,2979
48.0,1,12,15,2988
48.0,1,13,0,2862
48.0,1,13,1,2871
48.0,1,13,2,2880
48.0,1,13,3,2889
48.0,1,13,4,2898
48.0,1,13,5,2907
48.0,1,13,6,2917
48.0,1,13,7,2926
48.0,1,13,8,2935
48.0,1,13,9,2944
48.0,1,13,10,2953
48.0,1,13,11,2961
48.0,1,13,12,2970
48.0,1,13,13,2979
48.0,1,13,14,2988
48.0,1,13,15,2997
48.0,1,14,0,2870
48.0,1,14,1,2880
48.0,1,14,2,2889
48.0,1,14,3,2898
48.0,1,14,4,2907
48.0,1,14,5,2916
48.0,1,14,6,2926
48.0,1,14,7,2935
48.0,1,14,8,2944
48.0,1,14,9,2953
48.0,1,14,10,2962
48.0,1,14,11,2971
48.0,1,14,12,2980
48.0,1,14,13,2988
48.0,1,14,14,2997
48.0,1,14,15,3006
48.0,1,15,0,2879
48.0,1,15,1,2889
48.0,1,15,2,2898
48.0,1,15,3,2907
48.0,1,15,4,2916
48.0,1,15,5,2925
48.0,1,15,6,2934
48.0,1,15,7,2944
48.0,1,15,8,2953
48.0,1,15,9,2962
48.0,1,15,10,2971
48.0,1,15,11,2980
48.0,1,15,12,2989
48.0,1,15,13,2998
48.0,1,15,14,3007
48.0,1,15,15,3015
48.0,2,0,0,2755
48.0,2,0,1,2764
48.0,2,0,2,2773
48.0,2,0,3,2781
48.0,2,0,4,2790
48.0,2,0,5,2799
48.0,2,0,6,2808
48.0,2,0,7,2816
48.0,2,0,8,2825
48.0,2,0,9,2834
48.0,2,0,10,2842
48.0,2,0,11,2851
48.0,2,0,12,2860
48.0,2,0,13,2868
48.0,2,0,14,2877
48.0,2,0,15,2885
48.0,2,1,0,2764
48.0,2,1,1,2773
48.0,2,1,2,2782
48.0,2,1,3,2791
48.0,2,1,4,2800
48.0,2,1,5,2808
48.0,2,1,6,2817
48.0,2,1,7,2826
48.0,2,1,8,2835
48.0,2,1,9,2843
48.0,2,1,10,2852
48.0,2,1,11,2861
48.0,2,1,12,2869
48.0,2,1,13,2878
48.0,2,1,14,2886
48.0,2,1,15,2895
48.0,2,2,0,2773
48.0,2,2,1,2782
48.0,2,2,2,2791
48.0,2,2,3,2800
48.0,2,2,4,2809
48.0,2,2,5,2818
48.0,2,2,6,2827
48.0,2,2,7,2835
48.0,2,2,8,2844
48.0,2,2,9,2853
48.0,2,2,10,2861
48.0,2,2,11,2870
48.0,2,2,12,2879
48.0,2,2,13,2887
48.0,2,2,14,2896
48.0,2,2,15,2904
48.0,2,3,0,2783
48.0,2,3,1,2791
48.0,2,3,2,2800
48.0,2,3,3,2809
48.0,2,3,4,2818
48.0,2,3,5,2827
48.0,2,3,6,2836
48.0,2,3,7,2845
48.0,2,3,8,2853
48.0,2,3,9,2862
48.0,2,3,10,2871
48.0,2,3,11,2880
48.0,2,3,12,2888
48.0,2,3,13,2897
48.0,2,3,14,2905
48.0,2,3,15,2914
48.0,2,4,0,2792
48.0,2,4,1,2801
48.0,2,4,2,2810
48.0,2,4,3,2819
48.0,2,4,4,2827
48.0,2,4,5,2836
48.0,2,4,6,2845
48.0,2,4,7,2854
48.0,2,4,8,2863
48.0,2,4,9,2872
48.0,2,4,10,2880
48.0,2,4,11,2889
48.0,2,4,12,2898
48.0,2,4,13,2906
48.0,2,4,14,2915
48.0,2,4,15,2924
48.0,2,5,0,2801
48.0,2,5,1,2810
48.0,2,5,2,2819
48.0,2,5,3,2828
48.0,2,5,4,2837
48.0,2,5,5,2846
48.0,2,5,6,2854
48.0,2,5,7,2863
48.0,2,5,8,2872
48.0,2,5,9,2881
48.0,2,5,10,2890
48.0,2,5,11,2898
48.0,2,5,12,2907
48.0,2,5,13,2916
48.0,2,5,14,2925
48.0,2,5,15,2933
48.0,2,6,0,2810
48.0,2,6,1,2819
48.0,2,6,2,2828
48.0,2,6,3,2837
48.0,2,6,4,2846
48.0,2,6,5,2855
48.0,2,6,6,2864
48.0,2,6,7,2873
48.0,2,6,8,2881
48.0,2,6,9,2890
48.0,2,6,10,2899
48.0,2,6,11,2908
48.0,2,6,12,2917
48.0,2,6,13,2925
48.0,2,6,14,2934
48.0,2,6,15,2943
48.0,2,7,0,2819
48.0,2,7,1,2828
48.0,2,7,2,2837
48.0,2,7,3,2846
48.0,2,7,4,2855
48.0,2,7,5,2864
48.0,2,7,6,2873
48.0,2,7,7,2882
48.0,2,7,8,2891
48.0,2,7,9,2900
48.0,2,7,10,2908
48.0,2,7,11,2917
48.0,2,7,12,2926
48.0,2,7,13,2935
48.0,2,7,14,2943
48.0,2,7,15,2952
48.0,2,8,0,2828
48.0,2,8,1,2837
48.0,2,8,2,2846
48.0,2,8,3,2855
48.0,2,8,4,2864
48.0,2,8,5,2873
48.0,2,8,6,2882
48.0,2,8,7,2891
48.0,2,8,8,2900
48.0,2,8,9,2909
48.0,2,8,10,2918
48.0,2,8,11,2927
48.0,2,8,12,2935
48.0,2,8,13,2944
48.0,2,8,14,2953
48.0,2,8,15,2962
48.0,2,9,0,2837
48.0,2,9,1,2846
48.0,2,9,2,2855
48.0,2,9,3,2864
48.0,2,9,4,2873
48.0,2,9,5,2882
48.0,2,9,6,2891
48.0,2,9,7,2900
48.0,2,9,8,2909
48.0,2,9,9,2918
48.0,2,9,10,2927
48.0,2,9,11,2936
48.0,2,9,12,2945
48.0,2,9,13,2953
48.0,2,9,14,2962
48.0,2,9,15,2971
48.0,2,10,0,2846
48.0,2,10,1,2855
48.0,2,10,2,2864
48.0,2,10,3,2873
48.0,2,10,4,2882
48.0,2,10,5,2891
48.0,2,10,6,2900
48.0,2,10,7,2909
48.0,2,10,8,2918
48.0,2,10,9,2927
48.0,2,10,10,2936
48.0,2,10,11,2945
48.0,2,10,12,2954
48.0,2,10,13,2963
48.0,2,10,14,2972
48.0,2,10,15,2980
48.0,2,11,0,2855
48.0,2,11,1,2864
48.0,2,11,2,2873
48.0,2,11,3,2882
48.0,2,11,4,2891
48.0,2,11,5,2900
48.0,2,11,6,2910
48.0,2,11,7,2919
48.0,2,11,8,2928
48.0,2,11,9,2937
48.0,2,11,10,2945
48.0,2,11,11,2954
48.0,2,11,12,2963
48.0,2,11,13,2972
48.0,2,11,14,2981
48.0,2,11,15,2990
48.0,2,12,0,2864
48.0,2,12,1,2873
48.0,2,12,2,2882
48.0,2,12,3,2891
48.0,2,12,4,2900
48.0,2,12,5,2910
48.0,2,12,6,2919
48.0,2,12,7,2928
48.0,2,12,8,2937
48.0,2,12,9,2946
48.0,2,12,10,2955
48.0,2,12,11,2964
48.0,2,12,12,2973
48.0,2,12,13,2981
48.0,2,12,14,2990
48.0,2,12,15,2999
48.0,2,13,0,2873
48.0,2,13,1,2882
48.0,2,13,2,2891
48.0,2,13,3,2900
48.0,2,13,4,2909
48.0,2,13,5,2919
48.0,2,13,6,2928
48.0,2,13,7,2937
48.0,2,13,8,2946
48.0,2,13,9,2955
48.0,2,13,10,2964
48.0,2,13,11,2973
48.0,2,13,12,2982
48.0,2,13,13,2991
48.0,2,13,14,3000
48.0,2,13,15,3008
48.0,2,14,0,2881
48.0,2,14,1,2891
48.0,2,14,2,2900
48.0,2,14,3,2909
48.0,2,14,4,2918
48.0,2,14,5,2928
48.0,2,14,6,2937
48.0,2,14,7,2946
48.0,2,14,8,2955
48.0,2,14,9,2964
48.0,2,14,10,2973
48.0,2,14,11,2982
48.0,2,14,12,2991
48.0,2,14,13,3000
48.0,2,14,14,3009
48.0,2,14,15,3018
48.0,2,15,0,2890
48.0,2,15,1,2900
48.0,2,15,2,2909
48.0,2,15,3,2918
48.0,2,15,4,2927
48.0,2,15,5,2937
48.0,2,15,6,2946
48.0,2,15,7,2955
48.0,2,15,8,2964
48.0,2,15,9,2973
48.0,2,15,10,2982
48.0,2,15,11,2991
48.0,2,15,12,3000
48.0,2,15,13,3009
48.0,2,15,14,3018
48.0,2,15,15,3027
48.0,3,0,0,2765
48.0,3,0,1,2774
48.0,3,0,2,2783
48.0,3,0,3,2792
48.0,3,0,4,2801
48.0,3,0,5,2810
48.0,3,0,6,2818
48.0,3,0,7,2827
48.0,3,0,8,2836
48.0,3,0,9,2845
48.0,3,0,10,2853
48.0,3,0,11,2862
48.0,3,0,12,2870
48.0,3,0,13,2879
48.0,3,0,14,2888
48.0,3,0,15,2896
48.0,3,1,0,2775
48.0,3,1,1,2784
48.0,3,1,2,2792
48.0,3,1,3,2801
48.0,3,1,4,2810
48.0,3,1,5,2819
48.0,3,1,6,2828
48.0,3,1,7,2837
48.0,3,1,8,2845
48.0,3,1,9,2854
48.0,3,1,10,2863
48.0,3,1,11,2871
48.0,3,1,12,2880
48.0,3,1,13,2889
48.0,3,1,14,2897
48.0,3,1,15,2906
48.0,3,2,0,2784
48.0,3,2,1,2793
48.0,3,2,2,2802
48.0,3,2,3,2811
48.0,3,2,4,2820
48.0,3,2,5,2828
48.0,3,2,6,2837
48.0,3,2,7,2846
48.0,3,2,8,2855
48.0,3,2,9,2864
48.0,3,2,10,2872
48.0,3,2,11,2881
48.0,3,2,12,2890
48.0,3,2,13,2898
48.0,3,2,14,2907
48.0,3,2,15,2915
48.0,3,3,0,2793
48.0,3,3,1,2802
48.0,3,3,2,2811
48.0,3,3,3,2820
48.0,3,3,4,2829
48.0,3,3,5,2838
48.0,3,3,6,2847
48.0,3,3,7,2855
48.0,3,3,8,2864
48.0,3,3,9,2873
48.0,3,3,10,2882
48.0,3,3,11,2891
48.0,3,3,12,2899
48.0,3,3,13,2908
48.0,3,3,14,2917
48.0,3,3,15,2925
48.0,3,4,0,2802
48.0,3,4,1,2811
48.0,3,4,2,2820
48.0,3,4,3,2829
48.0,3,4,4,2838
48.0,3,4,5,2847
48.0,3,4,6,2856
48.0,3,4,7,2865
48.0,3,4,8,2874
48.0,3,4,9,2882
48.0,3,4,10,2891
48.0,3,4,11,2900
48.0,3,4,12,2909
48.0,3,4,13,2917
48.0,3,4,14,2926
48.0,3,4,15,2935
48.0,3,5,0,2811
48.0,3,5,1,2820
48.0,3,5,2,2829
48.0,3,5,3,2838
48.0,3,5,4,2847
48.0,3,5,5,2856
48.0,3,5,6,2865
48.0,3,5,7,2874
48.0,3,5,8,2883
48.0,3,5,9,2892
48.0,3,5,10,2901
48.0,3,5,11,2909
48.0,3,5,12,2918
48.0,3,5,13,2927
48.0,3,5,14,2936
48.0,3,5,15,2944
48.0,3,6,0,2821
48.0,3,6,1,2830
48.0,3,6,2,2839
48.0,3,6,3,2848
48.0,3,6,4,2857
48.0,3,6,5,2866
48.0,3,6,6,2875
48.0,3,6,7,2884
48.0,3,6,8,2892
48.0,3,6,9,2901
48.0,3,6,10,2910
48.0,3,6,11,2919
48.0,3,6,12,2928
48.0,3,6,13,2936
48.0,3,6,14,2945
48.0,3,6,15,2954
48.0,3,7,0,2830
48.0,3,7,1,2839
48.0,3,7,2,2848
48.0,3,7,3,2857
48.0,3,7,4,2866
48.0,3,7,5,2875
48.0,3,7,6,2884
48.0,3,7,7,2893
48.0,3,7,8,2902
48.0,3,7,9,2911
48.0,3,7,10,2919
48.0,3,7,11,2928
48.0,3,7,12,2937
48.0,3,7,13,2946
48.0,3,7,14,2955
48.0,3,7,15,2963
48.0,3,8,0,2839
48.0,3,8,1,2848
48.0,3,8,2,2857
48.0,3,8,3,2866
48.0,3,8,4,2875
48.0,3,8,5,2884
48.0,3,8,6,2893
48.0,3,8,7,2902
48.0,3,8,8,2911
48.0,3,8,9,2920
48.0,3,8,10,2929
48.0,3,8,11,2938
48.0,3,8,12,2947
48.0,3,8,13,2955
48.0,3,8,14,2964
48.0,3,8,15,2973
48.0,3,9,0,2848
48.0,3,9,1,2857
48.0,3,9,2,2866
48.0,3,9,3,2875
48.0,3,9,4,2884
48.0,3,9,5,2893
48.0,3,9,6,2902
48.0,3,9,7,2911
48.0,3,9,8,2920
48.0,3,9,9,2929
48.0,3,9,10,2938
48.0,3,9,11,2947
48.0,3,9,12,2956
48.0,3,9,13,2965
48.0,3,9,14,2974
48.0,3,9,15,2982
48.0,3,10,0,2857
48.0,3,10,1,2866
48.0,3,10,2,2875
48.0,3,10,3,2884
48.0,3,10,4,2893
48.0,3,10,5,2902
48.0,3,10,6,2911
48.0,3,10,7,2920
48.0,3,10,8,2929
48.0,3,10,9,2938
48.0,3,10,10,2947
48.0,3,10,11,2956
48.0,3,10,12,2965
48.0,3,10,13,2974
48.0,3,10,14,2983
48.0,3,10,15,2992
48.0,3,11,0,2866
48.0,3,11,1,2875
48.0,3,11,2,2884
48.0,3,11,3,2893
48.0,3,11,4,2902
48.0,3,11,5,2912
48.0,3,11,6,2921
48.0,3,11,7,2930
48.0,3,11,8,2939
48.0,3,11,9,2948
48.0,3,11,10,2957
48.0,3,11,11,2966
48.0,3,11,12,2975
48.0,3,11,13,2983
48.0,3,11,14,2992
48.0,3,11,15,3001
48.0,3,12,0,2875
48.0,3,12,1,2884
48.0,3,12,2,2893
48.0,3,12,3,2902
48.0,3,12,4,2911
48.0,3,12,5,2921
48.0,3,12,6,2930
48.0,3,12,7,2939
48.0,3,12,8,2948
48.0,3,12,9,2957
48.0,3,12,10,2966
48.0,3,12,11,2975
48.0,3,12,12,2984
48.0,3,12,13,2993
48.0,3,12,14,3002
48.0,3,12,15,3011
48.0,3,13,0,2884
48.0,3,13,1,2893
48.0,3,13,2,2902
48.0,3,13,3,2911
48.0,3,13,4,2920
48.0,3,13,5,2930
48.0,3,13,6,2939
48.0,3,13,7,2948
48.0,3,13,8,2957
48.0,3,13,9,2966
48.0,3,13,10,2975
48.0,3,13,11,2984
48.0,3,13,12,2993
48.0,3,13,13,3002
48.0,3,13,14,3011
48.0,3,13,15,3020
48.0,3,14,0,2892
48.0,3,14,1,2902
48.0,3,14,2,2911
48.0,3,14,3,2920
48.0,3,14,4,2929
48.0,3,14,5,2939
48.0,3,14,6,2948
48.0,3,14,7,2957
48.0,3,14,8,2966
48.0,3,14,9,2975
48.0,3,14,10,2984
48.0,3,14,11,2993
48.0,3,14,12,3002
48.0,3,14,13,3011
48.0,3,14,14,3020
48.0,3,14,15,3029
48.0,3,15,0,2901
48.0,3,15,1,2911
48.0,3,15,2,2920
48.0,3,15,3,2929
48.0,3,15,4,2938
48.0,3,15,5,2948
48.0,3,15,6,2957
48.0,3,15,7,2966
48.0,3,15,8,2975
48.0,3,15,9,2984
48.0,3,15,10,2993
48.0,3,15,11,3002
48.0,3,15,12,3011
48.0,3,15,13,3020
48.0,3,15,14,3029
48.0,3,15,15,3038
48.0,4,0,0,2776
48.0,4,0,1,2785
48.0,4,0,2,2794
48.0,4,0,3,2803
48.0,4,0,4,2811
48.0,4,0,5,2820
48.0,4,0,6,2829
48.0,4,0,7,2838
48.0,4,0,8,2847
48.0,4,0,9,2855
48.0,4,0,10,2864
48.0,4,0,11,2873
48.0,4,0,12,2881
48.0,4,0,13,2890
48.0,4,0,14,2899
48.0,4,0,15,2907
48.0,4,1,0,2785
48.0,4,1,1,2794
48.0,4,1,2,2803
48.0,4,1,3,2812
48.0,4,1,4,2821
48.0,4,1,5,2830
48.0,4,1,6,2839
48.0,4,1,7,2847
48.0,4,1,8,2856
48.0,4,1,9,2865
48.0,4,1,10,2874
48.0,4,1,11,2882
48.0,4,1,12,2891
48.0,4,1,13,2900
48.0,4,1,14,2908
48.0,4,1,15,2917
48.0,4,2,0,2794
48.0,4,2,1,2803
48.0,4,2,2,2812
48.0,4,2,3,2821
48.0,4,2,4,2830
48.0,4,2,5,2839
48.0,4,2,6,2848
48.0,4,2,7,2857
48.0,4,2,8,2866
48.0,4,2,9,2874
48.0,4,2,10,2883
48.0,4,2,11,2892
48.0,4,2,12,2901
48.0,4,2,13,2909
48.0,4,2,14,2918
48.0,4,2,15,2927
48.0,4,3,0,2804
48.0,4,3,1,2813
48.0,4,3,2,2822
48.0,4,3,3,2831
48.0,4,3,4,2840
48.0,4,3,5,2849
48.0,4,3,6,2857
48.0,4,3,7,2866
48.0,4,3,8,2875
48.0,4,3,9,2884
48.0,4,3,10,2893
48.0,4,3,11,2901
48.0,4,3,12,2910
48.0,4,3,13,2919
48.0,4,3,14,2928
48.0,4,3,15,2936
48.0,4,4,0,2813
48.0,4,4,1,2822
48.0,4,4,2,2831
48.0,4,4,3,2840
48.0,4,4,4,2849
48.0,4,4,5,2858
48.0,4,4,6,2867
48.0,4,4,7,2876
48.0,4,4,8,2885
48.0,4,4,9,2893
48.0,4,4,10,2902
48.0,4,4,11,2911
48.0,4,4,12,2920
48.0,4,4,13,2928
48.0,4,4,14,2937
48.0,4,4,15,2946
48.0,4,5,0,2822
48.0,4,5,1,2831
48.0,4,5,2,2840
48.0,4,5,3,2849
48.0,4,5,4,2858
48.0,4,5,5,2867
48.0,4,5,6,2876
48.0,4,5,7,2885
48.0,4,5,8,2894
48.0,4,5,9,2903
48.0,4,5,10,2912
48.0,4,5,11,2920
48.0,4,5,12,2929
48.0,4,5,13,2938
48.0,4,5,14,2947
48.0,4,5,15,2955
48.0,4,6,0,2831
48.0,4,6,1,2840
48.0,4,6,2,2849
48.0,4,6,3,2858
48.0,4,6,4,2868
48.0,4,6,5,2877
48.0,4,6,6,2885
48.0,4,6,7,2894
48.0,4,6,8,2903
48.0,4,6,9,2912
48.0,4,6,10,2921
48.0,4,6,11,2930
48.0,4,6,12,2939
48.0,4,6,13,2948
48.0,4,6,14,2956
48.0,4,6,15,2965
48.0,4,7,0,2840
48.0,4,7,1,2849
48.0,4,7,2,2859
48.0,4,7,3,2868
48.0,4,7,4,2877
48.0,4,7,5,2886
48.0,4,7,6,2895
48.0,4,7,7,2904
48.0,4,7,8,2913
48.0,4,7,9,2922
48.0,4,7,10,2931
48.0,4,7,11,2939
48.0,4,7,12,2948
48.0,4,7,13,2957
48.0,4,7,14,2966
48.0,4,7,15,2975
48.0,4,8,0,2849
48.0,4,8,1,2859
48.0,4,8,2,2868
48.0,4,8,3,2877
48.0,4,8,4,2886
48.0,4,8,5,2895
48.0,4,8,6,2904
48.0,4,8,7,2913
48.0,4,8,8,2922
48.0,4,8,9,2931
48.0,4,8,10,2940
48.0,4,8,11,2949
48.0,4,8,12,2958
48.0,4,8,13,2967
48.0,4,8,14,2975
48.0,4,8,15,2984
48.0,4,9,0,2858
48.0,4,9,1,2868
48.0,4,9,2,2877
48.0,4,9,3,2886
48.0,4,9,4,2895
48.0,4,9,5,2904
48.0,4,9,6,2913
48.0,4,9,7,2922
48.0,4,9,8,2931
48.0,4,9,9,2940
48.0,4,9,10,2949
48.0,4,9,11,2958
48.0,4,9,12,2967
48.0,4,9,13,2976
48.0,4,9,14,2985
48.0,4,9,15,2994
48.0,4,10,0,2868
48.0,4,10,1,2877
48.0,4,10,2,2886
48.0,4,10,3,2895
48.0,4,10,4,2904
48.0,4,10,5,2913
48.0,4,10,6,2922
48.0,4,10,7,2932
48.0,4,10,8,2941
48.0,4,10,9,2950
48.0,4,10,10,2959
48.0,4,10,11,2968
48.0,4,10,12,2976
48.0,4,10,13,2985
48.0,4,10,14,2994
48.0,4,10,15,3003
48.0,4,11,0,2877
48.0,4,11,1,2886
48.0,4,11,2,2895
48.0,4,11,3,2904
48.0,4,11,4,2913
48.0,4,11,5,2923
48.0,4,11,6,2932
48.0,4,11,7,2941
48.0,4,11,8,2950
48.0,4,11,9,2959
48.0,4,11,10,2968
48.0,4,11,11,2977
48.0,4,11,12,2986
48.0,4,11,13,2995
48.0,4,11,14,3004
48.0,4,11,15,3013
48.0,4,12,0,2885
48.0,4,12,1,2895
48.0,4,12,2,2904
48.0,4,12,3,2913
48.0,4,12,4,2922
48.0,4,12,5,2932
48.0,4,12,6,2941
48.0,4,12,7,2950
48.0,4,12,8,2959
48.0,4,12,9,2968
48.0,4,12,10,2977
48.0,4,12,11,2986
48.0,4,12,12,2995
48.0,4,12,13,3004
48.0,4,12,14,3013
48.0,4,12,15,3022
48.0,4,13,0,2894
48.0,4,13,1,2904
48.0,4,13,2,2913
48.0,4,13,3,2922
48.0,4,13,4,2932
48.0,4,13,5,2941
48.0,4,13,6,2950
48.0,4,13,7,2959
48.0,4,13,8,2968
48.0,4,13,9,2977
48.0,4,13,10,2986
48.0,4,13,11,2995
48.0,4,13,12,3004
48.0,4,13,13,3013
48.0,4,13,14,3022
48.0,4,13,15,3031
48.0,4,14,0,2903
48.0,4,14,1,2913
48.0,4,14,2,2922
48.0,4,14,3,2931
48.0,4,14,4,2941
48.0,4,14,5,2950
48.0,4,14,6,2959
48.0,4,14,7,2968
48.0,4,14,8,2977
48.0,4,14,9,2986
48.0,4,14,10,2996
48.0,4,14,11,3005
48.0,4,14,12,3014
48.0,4,14,13,3023
48.0,4,14,14,3032
48.0,4,14,15,3041
48.0,4,15,0,2912
48.0,4,15,1,2922
48.0,4,15,2,2931
48.0,4,15,3,2940
48.0,4,15,4,2950
48.0,4,15,5,2959
48.0,4,15,6,2968
48.0,4,15,7,2977
48.0,4,15,8,2986
48.0,4,15,9,2996
48.0,4,15,10,3005
48.0,4,15,11,3014
48.0,4,15,12,3023
48.0,4,15,13,3032
48.0,4,15,14,3041
48.0,4,15,15,3050
48.0,5,0,0,2786
48.0,5,0,1,2795
48.0,5,0,2,2804
48.0,5,0,3,2813
48.0,5,0,4,2822
48.0,5,0,5,2831
48.0,5,0,6,2840
48.0,5,0,7,2849
48.0,5,0,8,2857
48.0,5,0,9,2866
48.0,5,0,10,2875
48.0,5,0,11,2884
48.0,5,0,12,2892
48.0,5,0,13,2901
48.0,5,0,14,2909
48.0,5,0,15,2918
48.0,5,1,0,2796
48.0,5,1,1,2805
48.0,5,1,2,2814
48.0,5,1,3,2823
48.0,5,1,4,2832
48.0,5,1,5,2840
48.0,5,1,6,2849
48.0,5,1,7,2858
48.0,5,1,8,2867
48.0,5,1,9,2876
48.0,5,1,10,2884
48.0,5,1,11,2893
48.0,5,1,12,2902
48.0,5,1,13,2911
48.0,5,1,14,2919
48.0,5,1,15,2928
48.0,5,2,0,2805
48.0,5,2,1,2814
48.0,5,2,2,2823
48.0,5,2,3,2832
48.0,5,2,4,2841
48.0,5,2,5,2850
48.0,5,2,6,2859
48.0,5,2,7,2868
48.0,5,2,8,2876
48.0,5,2,9,2885
48.0,5,2,10,2894
48.0,5,2,11,2903
48.0,5,2,12,2912
48.0,5,2,13,2920
48.0,5,2,14,2929
48.0,5,2,15,2938
48.0,5,3,0,2814
48.0,5,3,1,2823
48.0,5,3,2,2832
48.0,5,3,3,2841
48.0,5,3,4,2850
48.0,5,3,5,2859
48.0,5,3,6,2868
48.0,5,3,7,2877
48.0,5,3,8,2886
48.0,5,3,9,2895
48.0,5,3,10,2904
48.0,5,3,11,2912
48.0,5,3,12,2921
48.0,5,3,13,2930
48.0,5,3,14,2939
48.0,5,3,15,2947
48.0,5,4,0,2823
48.0,5,4,1,2833
48.0,5,4,2,2842
48.0,5,4,3,2851
48.0,5,4,4,2860
48.0,5,4,5,2869
48.0,5,4,6,2878
48.0,5,4,7,2887
48.0,5,4,8,2895
48.0,5,4,9,2904
48.0,5,4,10,2913
48.0,5,4,11,2922
48.0,5,4,12,2931
48.0,5,4,13,2940
48.0,5,4,14,2948
48.0,5,4,15,2957
48.0,5,5,0,2833
48.0,5,5,1,2842
48.0,5,5,2,2851
48.0,5,5,3,2860
48.0,5,5,4,2869
48.0,5,5,5,2878
48.0,5,5,6,2887
48.0,5,5,7,2896
48.0,5,5,8,2905
48.0,5,5,9,2914
48.0,5,5,10,2923
48.0,5,5,11,2932
48.0,5,5,12,2940
48.0,5,5,13,2949
48.0,5,5,14,2958
48.0,5,5,15,2967
48.0,5,6,0,2842
48.0,5,6,1,2851
48.0,5,6,2,2860
48.0,5,6,3,2869
48.0,5,6,4,2878
48.0,5,6,5,2887
48.0,5,6,6,2896
48.0,5,6,7,2905
48.0,5,6,8,2914
48.0,5,6,9,2923
48.0,5,6,10,2932
48.0,5,6,11,2941
48.0,5,6,12,2950
48.0,5,6,13,2959
48.0,5,6,14,2967
48.0,5,6,15,2976
48.0,5,7,0,2851
48.0,5,7,1,2860
48.0,5,7,2,2869
48.0,5,7,3,2879
48.0,5,7,4,2888
48.0,5,7,5,2897
48.0,5,7,6,2906
48.0,5,7,7,2915
48.0,5,7,8,2924
48.0,5,7,9,2933
48.0,5,7,10,2942
48.0,5,7,11,2950
48.0,5,7,12,2959
48.0,5,7,13,2968
48.0,5,7,14,2977
48.0,5,7,15,2986
48.0,5,8,0,2860
48.0,5,8,1,2869
48.0,5,8,2,2879
48.0,5,8,3,2888
48.0,5,8,4,2897
48.0,5,8,5,2906
48.0,5,8,6,2915
48.0,5,8,7,2924
48.0,5,8,8,2933
48.0,5,8,9,2942
48.0,5,8,10,2951
48.0,5,8,11,2960
48.0,5,8,12,2969
48.0,5,8,13,2978
48.0,5,8,14,2987
48.0,5,8,15,2995
48.0,5,9,0,2869
48.0,5,9,1,2879
48.0,5,9,2,2888
48.0,5,9,3,2897
48.0,5,9,4,2906
48.0,5,9,5,2915
48.0,5,9,6,2924
48.0,5,9,7,2933
48.0,5,9,8,2942
48.0,5,9,9,2951
48.0,5,9,10,2960
48.0,5,9,11,2969
48.0,5,9,12,2978
48.0,5,9,13,2987
48.0,5,9,14,2996
48.0,5,9,15,3005
48.0,5,10,0,2878
48.0,5,10,1,2888
48.0,5,10,2,2897
48.0,5,10,3,2906
48.0,5,10,4,2915
48.0,5,10,5,2924
48.0,5,10,6,2934
48.0,5,10,7,2943
48.0,5,10,8,2952
48.0,5,10,9,2961
48.0,5,10,10,2970
48.0,5,10,11,2979
48.0,5,10,12,2988
48.0,5,10,13,2997
48.0,5,10,14,3006
48.0,5,10,15,3014
48.0,5,11,0,2887
48.0,5,11,1,2897
48.0,5,11,2,2906
48.0,5,11,3,2915
48.0,5,11,4,2924
48.0,5,11,5,2934
48.0,5,11,6,2943
48.0,5,11,7,2952
48.0,5,11,8,2961
48.0,5,11,9,2970
48.0,5,11,10,2979
48.0,5,11,11,2988
48.0,5,11,12,2997
48.0,5,11,13,3006
48.0,5,11,14,3015
48.0,5,11,15,3024
48.0,5,12,0,2896
48.0,5,12,1,2906
48.0,5,12,2,2915
48.0,5,12,3,2924
48.0,5,12,4,2934
48.0,5,12,5,2943
48.0,5,12,6,2952
48.0,5,12,7,2961
48.0,5,12,8,2970
48.0,5,12,9,2979
48.0,5,12,10,2988
48.0,5,12,11,2997
48.0,5,12,12,3006
48.0,5,12,13,3015
48.0,5,12,14,3024
48.0,5,12,15,3033
48.0,5,13,0,2905
48.0,5,13,1,2915
48.0,5,13,2,2924
48.0,5,13,3,2933
48.0,5,13,4,2943
48.0,5,13,5,2952
48.0,5,13,6,2961
48.0,5,13,7,2970
48.0,5,13,8,2979
48.0,5,13,9,2989
48.0,5,13,10,2998
48.0,5,13,11,3007
48.0,5,13,12,3016
48.0,5,13,13,3025
48.0,5,13,14,3034
48.0,5,13,15,3043
48.0,5,14,0,2914
48.0,5,14,1,2924
48.0,5,14,2,2933
48.0,5,14,3,2942
48.0,5,14,4,2952
48.0,5,14,5,2961
48.0,5,14,6,2970
48.0,5,14,7,2979
48.0,5,14,8,2989
48.0,5,14,9,2998
48.0,5,14,10,3007
48.0,5,14,11,3016
48.0,5,14,12,3025
48.0,5,14,13,3034
48.0,5,14,14,3043
48.0,5,14,15,3052
48.0,5,15,0,2923
48.0,5,15,1,2933
48.0,5,15,2,2942
48.0,5,15,3,2951
48.0,5,15,4,2961
48.0,5,15,5,2970
48.0,5,15,6,2979
48.0,5,15,7,2989
48.0,5,15,8,2998
48.0,5,15,9,3007
48.0,5,15,10,3016
48.0,5,15,11,3025
48.0,5,15,12,3034
48.0,5,15,13,3043
48.0,5,15,14,3052
48.0,5,15,15,3061
48.0,6,0,0,2797
48.0,6,0,1,2806
48.0,6,0,2,2815
48.0,6,0,3,2824
48.0,6,0,4,2833
48.0,6,0,5,2842
48.0,6,0,6,2850
48.0,6,0,7,2859
48.0,6,0,8,2868
48.0,6,0,9,2877
48.0,6,0,10,2886
48.0,6,0,11,2894
48.0,6,0,12,2903
48.0,6,0,13,2912
48.0,6,0,14,2920
48.0,6,0,15,2929
48.0,6,1,0,2806
48.0,6,1,1,2815
48.0,6,1,2,2824
48.0,6,1,3,2833
48.0,6,1,4,2842
48.0,6,1,5,2851
48.0,6,1,6,2860
48.0,6,1,7,2869
48.0,6,1,8,2878
48.0,6,1,9,2887
48.0,6,1,10,2895
48.0,6,1,11,2904
48.0,6,1,12,2913
48.0,6,1,13,2922
48.0,6,1,14,2930
48.0,6,1,15,2939
48.0,6,2,0,2816
48.0,6,2,1,2825
48.0,6,2,2,2834
48.0,6,2,3,2843
48.0,6,2,4,2852
48.0,6,2,5,2861
48.0,6,2,6,2870
48.0,6,2,7,2878
48.0,6,2,8,2887
48.0,6,2,9,2896
48.0,6,2,10,2905
48.0,6,2,11,2914
48.0,6,2,12,2922
48.0,6,2,13,2931
48.0,6,2,14,2940
48.0,6,2,15,2949
48.0,6,3,0,2825
48.0,6,3,1,2834
48.0,6,3,2,2843
48.0,6,3,3,2852
48.0,6,3,4,2861
48.0,6,3,5,2870
48.0,6,3,6,2879
48.0,6,3,7,2888
48.0,6,3,8,2897
48.0,6,3,9,2906
48.0,6,3,10,2915
48.0,6,3,11,2923
48.0,6,3,12,2932
48.0,6,3,13,2941
48.0,6,3,14,2950
48.0,6,3,15,2958
48.0,6,4,0,2834
48.0,6,4,1,2843
48.0,6,4,2,2852
48.0,6,4,3,2861
48.0,6,4,4,2870
48.0,6,4,5,2879
48.0,6,4,6,2888
48.0,6,4,7,2897
48.0,6,4,8,2906
48.0,6,4,9,2915
48.0,6,4,10,2924
48.0,6,4,11,2933
48.0,6,4,12,2942
48.0,6,4,13,2951
48.0,6,4,14,2959
48.0,6,4,15,2968
48.0,6,5,0,2843
48.0,6,5,1,2853
48.0,6,5,2,2862
48.0,6,5,3,2871
48.0,6,5,4,2880
48.0,6,5,5,2889
48.0,6,5,6,2898
48.0,6,5,7,2907
48.0,6,5,8,2916
48.0,6,5,9,2925
48.0,6,5,10,2934
48.0,6,5,11,2943
48.0,6,5,12,2951
48.0,6,5,13,2960
48.0,6,5,14,2969
48.0,6,5,15,2978
48.0,6,6,0,2853
48.0,6,6,1,2862
48.0,6,6,2,2871
48.0,6,6,3,2880
48.0,6,6,4,2889
48.0,6,6,5,2898
48.0,6,6,6,2907
48.0,6,6,7,2916
48.0,6,6,8,2925
48.0,6,6,9,2934
48.0,6,6,10,2943
48.0,6,6,11,2952
48.0,6,6,12,2961
48.0,6,6,13,2970
48.0,6,6,14,2979
48.0,6,6,15,2987
48.0,6,7,0,2862
48.0,6,7,1,2871
48.0,6,7,2,2880
48.0,6,7,3,2889
48.0,6,7,4,2898
48.0,6,7,5,2908
48.0,6,7,6,2917
48.0,6,7,7,2926
48.0,6,7,8,2935
48.0,6,7,9,2944
48.0,6,7,10,2953
48.0,6,7,11,2962
48.0,6,7,12,2970
48.0,6,7,13,2979
48.0,6,7,14,2988
48.0,6,7,15,2997
48.0,6,8,0,2871
48.0,6,8,1,2880
48.0,6,8,2,2889
48.0,6,8,3,2899
48.0,6,8,4,2908
48.0,6,8,5,2917
48.0,6,8,6,2926
48.0,6,8,7,2935
48.0,6,8,8,2944
48.0,6,8,9,2953
48.0,6,8,10,2962
48.0,6,8,11,2971
48.0,6,8,12,2980
48.0,6,8,13,2989
48.0,6,8,14,2998
48.0,6,8,15,3007
48.0,6,9,0,2880
48.0,6,9,1,2889
48.0,6,9,2,2899
48.0,6,9,3,2908
48.0,6,9,4,2917
48.0,6,9,5,2926
48.0,6,9,6,2935
48.0,6,9,7,2944
48.0,6,9,8,2953
48.0,6,9,9,2963
48.0,6,9,10,2972
48.0,6,9,11,2981
48.0,6,9,12,2989
48.0,6,9,13,2998
48.0,6,9,14,3007
48.0,6,9,15,3016
48.0,6,10,0,2889
48.0,6,10,1,2898
48.0,6,10,2,2908
48.0,6,10,3,2917
48.0,6,10,4,2926
48.0,6,10,5,2935
48.0,6,10,6,2945
48.0,6,10,7,2954
48.0,6,10,8,2963
48.0,6,10,9,2972
48.0,6,10,10,2981
48.0,6,10,11,2990
48.0,6,10,12,2999
48.0,6,10,13,3008
48.0,6,10,14,3017
48.0,6,10,15,3026
48.0,6,11,0,2898
48.0,6,11,1,2908
48.0,6,11,2,2917
48.0,6,11,3,2926
48.0,6,11,4,2935
48.0,6,11,5,2945
48.0,6,11,6,2954
48.0,6,11,7,2963
48.0,6,11,8,2972
48.0,6,11,9,2981
48.0,6,11,10,2990
48.0,6,11,11,2999
48.0,6,11,12,3008
48.0,6,11,13,3017
48.0,6,11,14,3026
48.0,6,11,15,3035
48.0,6,12,0,2907
48.0,6,12,1,2917
48.0,6,12,2,2926
48.0,6,12,3,2935
48.0,6,12,4,2945
48.0,6,12,5,2954
48.0,6,12,6,2963
48.0,6,12,7,2972
48.0,6,12,8,2981
48.0,6,12,9,2990
48.0,6,12,10,3000
48.0,6,12,11,3009
48.0,6,12,12,3018
48.0,6,12,13,3027
48.0,6,12,14,3036
48.0,6,12,15,3045
48.0,6,13,0,2916
48.0,6,13,1,2926
48.0,6,13,2,2935
48.0,6,13,3,2944
48.0,6,13,4,2954
48.0,6,13,5,2963
48.0,6,13,6,2972
48.0,6,13,7,2981
48.0,6,13,8,2991
48.0,6,13,9,3000
48.0,6,13,10,3009
48.0,6,13,11,3018
48.0,6,13,12,3027
48.0,6,13,13,3036
48.0,6,13,14,3045
48.0,6,13,15,3054
48.0,6,14,0,2925
48.0,6,14,1,2935
48.0,6,14,2,2944
48.0,6,14,3,2953
48.0,6,14,4,2963
48.0,6,14,5,2972
48.0,6,14,6,2981
48.0,6,14,7,2991
48.0,6,14,8,3000
48.0,6,14,9,3009
48.0,6,14,10,3018
48.0,6,14,11,3027
48.0,6,14,12,3036
48.0,6,14,13,3045
48.0,6,14,14,3055
48.0,6,14,15,3064
48.0,6,15,0,2934
48.0,6,15,1,2944
48.0,6,15,2,2953
48.0,6,15,3,2963
48.0,6,15,4,2972
48.0,6,15,5,2981
48.0,6,15,6,2990
48.0,6,15,7,3000
48.0,6,15,8,3009
48.0,6,15,9,3018
48.0,6,15,10,3027
48.0,6,15,11,3037
48.0,6,15,12,3046
48.0,6,15,13,3055
48.0,6,15,14,3064
48.0,6,15,15,3073
48.0,7,0,0,2807
48.0,7,0,1,2816
48.0,7,0,2,2825
48.0,7,0,3,2834
48.0,7,0,4,2843
48.0,7,0,5,2852
48.0,7,0,6,2861
48.0,7,0,7,2870
48.0,7,0,8,2879
48.0,7,0,9,2888
48.0,7,0,10,2896
48.0,7,0,11,2905
48.0,7,0,12,2914
48.0,7,0,13,2923
48.0,7,0,14,2931
48.0,7,0,15,2940
48.0,7,1,0,2817
48.0,7,1,1,2826
48.0,7,1,2,2835
48.0,7,1,3,2844
48.0,7,1,4,2853
48.0,7,1,5,2862
48.0,7,1,6,2871
48.0,7,1,7,2880
48.0,7,1,8,2888
48.0,7,1,9,2897
48.0,7,1,10,2906
48.0,7,1,11,2915
48.0,7,1,12,2924
48.0,7,1,13,2932
48.0,7,1,14,2941
48.0,7,1,15,2950
48.0,7,2,0,2826
48.0,7,2,1,2835
48.0,7,2,2,2844
48.0,7,2,3,2853
48.0,7,2,4,2862
48.0,7,2,5,2871
48.0,7,2,6,2880
48.0,7,2,7,2889
48.0,7,2,8,2898
48.0,7,2,9,2907
48.0,7,2,10,2916
48.0,7,2,11,2925
48.0,7,2,12,2933
48.0,7,2,13,2942
48.0,7,2,14,2951
48.0,7,2,15,2960
48.0,7,3,0,2835
48.0,7,3,1,2845
48.0,7,3,2,2854
48.0,7,3,3,2863
48.0,7,3,4,2872
48.0,7,3,5,2881
48.0,7,3,6,2890
48.0,7,3,7,2899
48.0,7,3,8,2908
48.0,7,3,9,2917
48.0,7,3,10,2925
48.0,7,3,11,2934
48.0,7,3,12,2943
48.0,7,3,13,2952
48.0,7,3,14,2961
48.0,7,3,15,2969
48.0,7,4,0,2845
48.0,7,4,1,2854
48.0,7,4,2,2863
48.0,7,4,3,2872
48.0,7,4,4,2881
48.0,7,4,5,2890
48.0,7,4,6,2899
48.0,7,4,7,2908
48.0,7,4,8,2917
48.0,7,4,9,2926
48.0,7,4,10,2935
48.0,7,4,11,2944
48.0,7,4,12,2953
48.0,7,4,13,2962
48.0,7,4,14,2970
48.0,7,4,15,2979
48.0,7,5,0,2854
48.0,7,5,1,2863
48.0,7,5,2,2872
48.0,7,5,3,2881
48.0,7,5,4,2891
48.0,7,5,5,2900
48.0,7,5,6,2909
48.0,7,5,7,2918
48.0,7,5,8,2927
48.0,7,5,9,2936
48.0,7,5,10,2945
48.0,7,5,11,2954
48.0,7,5,12,2962
48.0,7,5,13,2971
48.0,7,5,14,2980
48.0,7,5,15,2989
48.0,7,6,0,2863
48.0,7,6,1,2872
48.0,7,6,2,2882
48.0,7,6,3,2891
48.0,7,6,4,2900
48.0,7,6,5,2909
48.0,7,6,6,2918
48.0,7,6,7,2927
48.0,7,6,8,2936
48.0,7,6,9,2945
48.0,7,6,10,2954
48.0,7,6,11,2963
48.0,7,6,12,2972
48.0,7,6,13,2981
48.0,7,6,14,2990
48.0,7,6,15,2999
48.0,7,7,0,2872
48.0,7,7,1,2882
48.0,7,7,2,2891
48.0,7,7,3,2900
48.0,7,7,4,2909
48.0,7,7,5,2918
48.0,7,7,6,2928
48.0,7,7,7,2937
48.0,7,7,8,2946
48.0,7,7,9,2955
48.0,7,7,10,2964
48.0,7,7,11,2973
48.0,7,7,12,2982
48.0,7,7,13,2991
48.0,7,7,14,2999
48.0,7,7,15,3008
48.0,7,8,0,2882
48.0,7,8,1,2891
48.0,7,8,2,2900
48.0,7,8,3,2909
48.0,7,8,4,2919
48.0,7,8,5,2928
48.0,7,8,6,2937
48.0,7,8,7,2946
48.0,7,8,8,2955
48.0,7,8,9,2964
48.0,7,8,10,2973
48.0,7,8,11,2982
48.0,7,8,12,2991
48.0,7,8,13,3000
48.0,7,8,14,3009
48.0,7,8,15,3018
48.0,7,9,0,2891
48.0,7,9,1,2900
48.0,7,9,2,2909
48.0,7,9,3,2919
48.0,7,9,4,2928
48.0,7,9,5,2937
48.0,7,9,6,2946
48.0,7,9,7,2955
48.0,7,9,8,2965
48.0,7,9,9,2974
48.0,7,9,10,2983
48.0,7,9,11,2992
48.0,7,9,12,3001
48.0,7,9,13,3010
48.0,7,9,14,3019
48.0,7,9,15,3028
48.0,7,10,0,2900
48.0,7,10,1,2909
48.0,7,10,2,2919
48.0,7,10,3,2928
48.0,7,10,4,2937
48.0,7,10,5,2946
48.0,7,10,6,2956
48.0,7,10,7,2965
48.0,7,10,8,2974
48.0,7,10,9,2983
48.0,7,10,10,2992
48.0,7,10,11,3001
48.0,7,10,12,3010
48.0,7,10,13,3019
48.0,7,10,14,3028
48.0,7,10,15,3037
48.0,7,11,0,2909
48.0,7,11,1,2918
48.0,7,11,2,2928
48.0,7,11,3,2937
48.0,7,11,4,2946
48.0,7,11,5,2956
48.0,7,11,6,2965
48.0,7,11,7,2974
48.0,7,11,8,2983
48.0,7,11,9,2992
48.0,7,11,10,3001
48.0,7,11,11,3011
48.0,7,11,12,3020
48.0,7,11,13,3029
48.0,7,11,14,3038
48.0,7,11,15,3047
48.0,7,12,0,2918
48.0,7,12,1,2928
48.0,7,12,2,2937
48.0,7,12,3,2946
48.0,7,12,4,2956
48.0,7,12,5,2965
48.0,7,12,6,2974
48.0,7,12,7,2983
48.0,7,12,8,2993
48.0,7,12,9,3002
48.0,7,12,10,3011
48.0,7,12,11,3020
48.0,7,12,12,3029
48.0,7,12,13,3038
48.0,7,12,14,3047
48.0,7,12,15,3056
48.0,7,13,0,2927
48.0,7,13,1,2937
48.0,7,13,2,2946
48.0,7,13,3,2955
48.0,7,13,4,2965
48.0,7,13,5,2974
48.0,7,13,6,2983
48.0,7,13,7,2993
48.0,7,13,8,3002
48.0,7,13,9,3011
48.0,7,13,10,3020
48.0,7,13,11,3029
48.0,7,13,12,3038
48.0,7,13,13,3048
48.0,7,13,14,3057
48.0,7,13,15,3066
48.0,7,14,0,2936
48.0,7,14,1,2946
48.0,7,14,2,2955
48.0,7,14,3,2965
48.0,7,14,4,2974
48.0,7,14,5,2983
48.0,7,14,6,2993
48.0,7,14,7,3002
48.0,7,14,8,3011
48.0,7,14,9,3020
48.0,7,14,10,3029
48.0,7,14,11,3039
48.0,7,14,12,3048
48.0,7,14,13,3057
48.0,7,14,14,3066
48.0,7,14,15,3075
48.0,7,15,0,2945
48.0,7,15,1,2955
48.0,7,15,2,2964
48.0,7,15,3,2974
48.0,7,15,4,2983
48.0,7,15,5,2992
48.0,7,15,6,3002
48.0,7,15,7,3011
48.0,7,15,8,3020
48.0,7,15,9,3030
48.0,7,15,10,3039
48.0,7,15,11,3048
48.0,7,15,12,3057
48.0,7,15,13,3066
48.0,7,15,14,3075
48.0,7,15,15,3084
48.0,8,0,0,2818
48.0,8,0,1,2827
48.0,8,0,2,2836
48.0,8,0,3,2845
48.0,8,0,4,2854
48.0,8,0,5,2863
48.0,8,0,6,2872
48.0,8,0,7,2881
48.0,8,0,8,2890
48.0,8,0,9,2898
48.0,8,0,10,2907
48.0,8,0,11,2916
48.0,8,0,12,2925
48.0,8,0,13,2934
48.0,8,0,14,2942
48.0,8,0,15,2951
48.0,8,1,0,2827
48.0,8,1,1,2836
48.0,8,1,2,2845
48.0,8,1,3,2854
48.0,8,1,4,2863
48.0,8,1,5,2872
48.0,8,1,6,2881
48.0,8,1,7,2890
48.0,8,1,8,2899
48.0,8,1,9,2908
48.0,8,1,10,2917
48.0,8,1,11,2926
48.0,8,1,12,2935
48.0,8,1,13,2943
48.0,8,1,14,2952
48.0,8,1,15,2961
48.0,8,2,0,2837
48.0,8,2,1,2846
48.0,8,2,2,2855
48.0,8,2,3,2864
48.0,8,2,4,2873
48.0,8,2,5,2882
48.0,8,2,6,2891
48.0,8,2,7,2900
48.0,8,2,8,2909
48.0,8,2,9,2918
48.0,8,2,10,2927
48.0,8,2,11,2936
48.0,8,2,12,2944
48.0,8,2,13,2953
48.0,8,2,14,2962
48.0,8,2,15,2971
48.0,8,3,0,2846
48.0,8,3,1,2855
48.0,8,3,2,2864
48.0,8,3,3,2873
48.0,8,3,4,2882
48.0,8,3,5,2892
48.0,8,3,6,2901
48.0,8,3,7,2910
48.0,8,3,8,2919
48.0,8,3,9,2927
48.0,8,3,10,2936
48.0,8,3,11,2945
48.0,8,3,12,2954
48.0,8,3,13,2963
48.0,8,3,14,2972
48.0,8,3,15,2981
48.0,8,4,0,2855
48.0,8,4,1,2865
48.0,8,4,2,2874
48.0,8,4,3,2883
48.0,8,4,4,2892
48.0,8,4,5,2901
48.0,8,4,6,2910
48.0,8,4,7,2919
48.0,8,4,8,2928
48.0,8,4,9,2937
48.0,8,4,10,2946
48.0,8,4,11,2955
48.0,8,4,12,2964
48.0,8,4,13,2973
48.0,8,4,14,2982
48.0,8,4,15,2990
48.0,8,5,0,2865
48.0,8,5,1,2874
48.0,8,5,2,2883
48.0,8,5,3,2892
48.0,8,5,4,2901
48.0,8,5,5,2911
48.0,8,5,6,2920
48.0,8,5,7,2929
48.0,8,5,8,2938
48.0,8,5,9,2947
48.0,8,5,10,2956
48.0,8,5,11,2965
48.0,8,5,12,2973
48.0,8,5,13,2982
48.0,8,5,14,2991
48.0,8,5,15,3000
48.0,8,6,0,2874
48.0,8,6,1,2883
48.0,8,6,2,2892
48.0,8,6,3,2902
48.0,8,6,4,2911
48.0,8,6,5,2920
48.0,8,6,6,2929
48.0,8,6,7,2938
48.0,8,6,8,2947
48.0,8,6,9,2956
48.0,8,6,10,2965
48.0,8,6,11,2974
48.0,8,6,12,2983
48.0,8,6,13,2992
48.0,8,6,14,3001
48.0,8,6,15,3010
48.0,8,7,0,2883
48.0,8,7,1,2892
48.0,8,7,2,2902
48.0,8,7,3,2911
48.0,8,7,4,2920
48.0,8,7,5,2929
48.0,8,7,6,2938
48.0,8,7,7,2948
48.0,8,7,8,2957
48.0,8,7,9,2966
48.0,8,7,10,2975
48.0,8,7,11,2984
48.0,8,7,12,2993
48.0,8,7,13,3002
48.0,8,7,14,3011
48.0,8,7,15,3020
48.0,8,8,0,2892
48.0,8,8,1,2902
48.0,8,8,2,2911
48.0,8,8,3,2920
48.0,8,8,4,2930
48.0,8,8,5,2939
48.0,8,8,6,2948
48.0,8,8,7,2957
48.0,8,8,8,2966
48.0,8,8,9,2975
48.0,8,8,10,2984
48.0,8,8,11,2993
48.0,8,8,12,3002
48.0,8,8,13,3011
48.0,8,8,14,3020
48.0,8,8,15,3029
48.0,8,9,0,2902
48.0,8,9,1,2911
48.0,8,9,2,2920
48.0,8,9,3,2930
48.0,8,9,4,2939
48.0,8,9,5,2948
48.0,8,9,6,2957
48.0,8,9,7,2966
48.0,8,9,8,2976
48.0,8,9,9,2985
48.0,8,9,10,2994
48.0,8,9,11,3003
48.0,8,9,12,3012
48.0,8,9,13,3021
48.0,8,9,14,3030
48.0,8,9,15,3039
48.0,8,10,0,2911
48.0,8,10,1,2920
48.0,8,10,2,2930
48.0,8,10,3,2939
48.0,8,10,4,2948
48.0,8,10,5,2957
48.0,8,10,6,2967
48.0,8,10,7,2976
48.0,8,10,8,2985
48.0,8,10,9,2994
48.0,8,10,10,3003
48.0,8,10,11,3012
48.0,8,10,12,3021
48.0,8,10,13,3030
48.0,8,10,14,3039
48.0,8,10,15,3048
48.0,8,11,0,2920
48.0,8,11,1,2929
48.0,8,11,2,2939
48.0,8,11,3,2948
48.0,8,11,4,2957
48.0,8,11,5,2967
48.0,8,11,6,2976
48.0,8,11,7,2985
48.0,8,11,8,2994
48.0,8,11,9,3004
48.0,8,11,10,3013
48.0,8,11,11,3022
48.0,8,11,12,3031
48.0,8,11,13,3040
48.0,8,11,14,3049
48.0,8,11,15,3058
48.0,8,12,0,2929
48.0,8,12,1,2938
48.0,8,12,2,2948
48.0,8,12,3,2957
48.0,8,12,4,2967
48.0,8,12,5,2976
48.0,8,12,6,2985
48.0,8,12,7,2994
48.0,8,12,8,3004
48.0,8,12,9,3013
48.0,8,12,10,3022
48.0,8,12,11,3031
48.0,8,12,12,3040
48.0,8,12,13,3049
48.0,8,12,14,3058
48.0,8,12,15,3068
48.0,8,13,0,2938
48.0,8,13,1,2948
48.0,8,13,2,2957
48.0,8,13,3,2966
48.0,8,13,4,2976
48.0,8,13,5,2985
48.0,8,13,6,2994
48.0,8,13,7,3004
48.0,8,13,8,3013
48.0,8,13,9,3022
48.0,8,13,10,3031
48.0,8,13,11,3041
48.0,8,13,12,3050
48.0,8,13,13,3059
48.0,8,13,14,3068
48.0,8,13,15,3077
48.0,8,14,0,2947
48.0,8,14,1,2957
48.0,8,14,2,2966
48.0,8,14,3,2976
48.0,8,14,4,2985
48.0,8,14,5,2994
48.0,8,14,6,3004
48.0,8,14,7,3013
48.0,8,14,8,3022
48.0,8,14,9,3032
48.0,8,14,10,3041
48.0,8,14,11,3050
48.0,8,14,12,3059
48.0,8,14,13,3068
48.0,8,14,14,3077
48.0,8,14,15,3087
48.0,8,15,0,2956
48.0,8,15,1,2966
48.0,8,15,2,2975
48.0,8,15,3,2985
48.0,8,15,4,2994
48.0,8,15,5,3004
48.0,8,15,6,3013
48.0,8,15,7,3022
48.0,8,15,8,3032
48.0,8,15,9,3041
48.0,8,15,10,3050
48.0,8,15,11,3059
48.0,8,15,12,3069
48.0,8,15,13,3078
48.0,8,15,14,3087
48.0,8,15,15,3096
48.0,9,0,0,2828
48.0,9,0,1,2837
48.0,9,0,2,2846
48.0,9,0,3,2855
48.0,9,0,4,2865
48.0,9,0,5,2874
48.0,9,0,6,2882
48.0,9,0,7,2891
48.0,9,0,8,2900
48.0,9,0,9,2909
48.0,9,0,10,2918
48.0,9,0,11,2927
48.0,9,0,12,2936
48.0,9,0,13,2944
48.0,9,0,14,2953
48.0,9,0,15,2962
48.0,9,1,0,2838
48.0,9,1,1,2847
48.0,9,1,2,2856
48.0,9,1,3,2865
48.0,9,1,4,2874
48.0,9,1,5,2883
48.0,9,1,6,2892
48.0,9,1,7,2901
48.0,9,1,8,2910
48.0,9,1,9,2919
48.0,9,1,10,2928
48.0,9,1,11,2937
48.0,9,1,12,2946
48.0,9,1,13,2954
48.0,9,1,14,2963
48.0,9,1,15,2972
48.0,9,2,0,2847
48.0,9,2,1,2856
48.0,9,2,2,2865
48.0,9,2,3,2875
48.0,9,2,4,2884
48.0,9,2,5,2893
48.0,9,2,6,2902
48.0,9,2,7,2911
48.0,9,2,8,2920
48.0,9,2,9,2929
48.0,9,2,10,2938
48.0,9,2,11,2946
48.0,9,2,12,2955
48.0,9,2,13,2964
48.0,9,2,14,2973
48.0,9,2,15,2982
48.0,9,3,0,2857
48.0,9,3,1,2866
48.0,9,3,2,2875
48.0,9,3,3,2884
48.0,9,3,4,2893
48.0,9,3,5,2902
48.0,9,3,6,2911
48.0,9,3,7,2920
48.0,9,3,8,2929
48.0,9,3,9,2938
48.0,9,3,10,2947
48.0,9,3,11,2956
48.0,9,3,12,2965
48.0,9,3,13,2974
48.0,9,3,14,2983
48.0,9,3,15,2992
48.0,9,4,0,2866
48.0,9,4,1,2875
48.0,9,4,2,2884
48.0,9,4,3,2894
48.0,9,4,4,2903
48.0,9,4,5,2912
48.0,9,4,6,2921
48.0,9,4,7,2930
48.0,9,4,8,2939
48.0,9,4,9,2948
48.0,9,4,10,2957
48.0,9,4,11,2966
48.0,9,4,12,2975
48.0,9,4,13,2984
48.0,9,4,14,2993
48.0,9,4,15,3001
48.0,9,5,0,2875
48.0,9,5,1,2885
48.0,9,5,2,2894
48.0,9,5,3,2903
48.0,9,5,4,2912
48.0,9,5,5,2921
48.0,9,5,6,2930
48.0,9,5,7,2940
48.0,9,5,8,2949
48.0,9,5,9,2958
48.0,9,5,10,2967
48.0,9,5,11,2976
48.0,9,5,12,2985
48.0,9,5,13,2993
48.0,9,5,14,3002
48.0,9,5,15,3011
48.0,9,6,0,2885
48.0,9,6,1,2894
48.0,9,6,2,2903
48.0,9,6,3,2912
48.0,9,6,4,2922
48.0,9,6,5,2931
48.0,9,6,6,2940
48.0,9,6,7,2949
48.0,9,6,8,2958
48.0,9,6,9,2967
48.0,9,6,10,2976
48.0,9,6,11,2985
48.0,9,6,12,2994
48.0,9,6,13,3003
48.0,9,6,14,3012
48.0,9,6,15,3021
48.0,9,7,0,2894
48.0,9,7,1,2903
48.0,9,7,2,2913
48.0,9,7,3,2922
48.0,9,7,4,2931
48.0,9,7,5,2940
48.0,9,7,6,2949
48.0,9,7,7,2959
48.0,9,7,8,2968
48.0,9,7,9,2977
48.0,9,7,10,2986
48.0,9,7,11,2995
48.0,9,7,12,3004
48.0,9,7,13,3013
48.0,9,7,14,3022
48.0,9,7,15,3031
48.0,9,8,0,2903
48.0,9,8,1,2913
48.0,9,8,2,2922
48.0,9,8,3,2931
48.0,9,8,4,2940
48.0,9,8,5,2950
48.0,9,8,6,2959
48.0,9,8,7,2968
48.0,9,8,8,2977
48.0,9,8,9,2986
48.0,9,8,10,2995
48.0,9,8,11,3004
48.0,9,8,12,3013
48.0,9,8,13,3023
48.0,9,8,14,3031
48.0,9,8,15,3040
48.0,9,9,0,2912
48.0,9,9,1,2922
48.0,9,9,2,2931
48.0,9,9,3,2940
48.0,9,9,4,2950
48.0,9,9,5,2959
48.0,9,9,6,2968
48.0,9,9,7,2977
48.0,9,9,8,2987
48.0,9,9,9,2996
48.0,9,9,10,3005
48.0,9,9,11,3014
48.0,9,9,12,3023
48.0,9,9,13,3032
48.0,9,9,14,3041
48.0,9,9,15,3050
48.0,9,10,0,2922
48.0,9,10,1,2931
48.0,9,10,2,2940
48.0,9,10,3,2950
48.0,9,10,4,2959
48.0,9,10,5,2968
48.0,9,10,6,2978
48.0,9,10,7,2987
48.0,9,10,8,2996
48.0,9,10,9,3005
48.0,9,10,10,3014
48.0,9,10,11,3024
48.0,9,10,12,3033
48.0,9,10,13,3042
48.0,9,10,14,3051
48.0,9,10,15,3060
48.0,9,11,0,2931
48.0,9,11,1,2940
48.0,9,11,2,2950
48.0,9,11,3,2959
48.0,9,11,4,2968
48.0,9,11,5,2978
48.0,9,11,6,2987
48.0,9,11,7,2996
48.0,9,11,8,3005
48.0,9,11,9,3015
48.0,9,11,10,3024
48.0,9,11,11,3033
48.0,9,11,12,3042
48.0,9,11,13,3051
48.0,9,11,14,3060
48.0,9,11,15,3069
48.0,9,12,0,2940
48.0,9,12,1,2949
48.0,9,12,2,2959
48.0,9,12,3,2968
48.0,9,12,4,2978
48.0,9,12,5,2987
48.0,9,12,6,2996
48.0,9,12,7,3006
48.0,9,12,8,3015
48.0,9,12,9,3024
48.0,9,12,10,3033
48.0,9,12,11,3042
48.0,9,12,12,3052
48.0,9,12,13,3061
48.0,9,12,14,3070
48.0,9,12,15,3079
48.0,9,13,0,2949
48.0,9,13,1,2959
48.0,9,13,2,2968
48.0,9,13,3,2977
48.0,9,13,4,2987
48.0,9,13,5,2996
48.0,9,13,6,3006
48.0,9,13,7,3015
48.0,9,13,8,3024
48.0,9,13,9,3033
48.0,9,13,10,3043
48.0,9,13,11,3052
48.0,9,13,12,3061
48.0,9,13,13,3070
48.0,9,13,14,3079
48.0,9,13,15,3088
48.0,9,14,0,2958
48.0,9,14,1,2968
48.0,9,14,2,2977
48.0,9,14,3,2987
48.0,9,14,4,2996
48.0,9,14,5,3005
48.0,9,14,6,3015
48.0,9,14,7,3024
48.0,9,14,8,3034
48.0,9,14,9,3043
48.0,9,14,10,3052
48.0,9,14,11,3061
48.0,9,14,12,3071
48.0,9,14,13,3080
48.0,9,14,14,3089
48.0,9,14,15,3098
48.0,9,15,0,2967
48.0,9,15,1,2977
48.0,9,15,2,2986
48.0,9,15,3,2996
48.0,9,15,4,3005
48.0,9,15,5,3015
48.0,9,15,6,3024
48.0,9,15,7,3033
48.0,9,15,8,3043
48.0,9,15,9,3052
48.0,9,15,10,3061
48.0,9,15,11,3071
48.0,9,15,12,3080
48.0,9,15,13,3089
48.0,9,15,14,3098
48.0,9,15,15,3107
48.0,10,0,0,2839
48.0,10,0,1,2848
48.0,10,0,2,2857
48.0,10,0,3,2866
48.0,10,0,4,2875
48.0,10,0,5,2884
48.0,10,0,6,2893
48.0,10,0,7,2902
48.0,10,0,8,2911
48.0,10,0,9,2920
48.0,10,0,10,2929
48.0,10,0,11,2938
48.0,10,0,12,2947
48.0,10,0,13,2955
48.0,10,0,14,2964
48.0,10,0,15,2973
48.0,10,1,0,2848
48.0,10,1,1,2857
48.0,10,1,2,2867
48.0,10,1,3,2876
48.0,10,1,4,2885
48.0,10,1,5,2894
48.0,10,1,6,2903
48.0,10,1,7,2912
48.0,10,1,8,2921
48.0,10,1,9,2930
48.0,10,1,10,2939
48.0,10,1,11,2948
48.0,10,1,12,2956
48.0,10,1,13,2965
48.0,10,1,14,2974
48.0,10,1,15,2983
48.0,10,2,0,2858
48.0,10,2,1,2867
48.0,10,2,2,2876
48.0,10,2,3,2885
48.0,10,2,4,2894
48.0,10,2,5,2903
48.0,10,2,6,2913
48.0,10,2,7,2922
48.0,10,2,8,2931
48.0,10,2,9,2940
48.0,10,2,10,2948
48.0,10,2,11,2957
48.0,10,2,12,2966
48.0,10,2,13,2975
48.0,10,2,14,2984
48.0,10,2,15,2993
48.0,10,3,0,2867
48.0,10,3,1,2876
48.0,10,3,2,2886
48.0,10,3,3,2895
48.0,10,3,4,2904
48.0,10,3,5,2913
48.0,10,3,6,2922
48.0,10,3,7,2931
48.0,10,3,8,2940
48.0,10,3,9,2949
48.0,10,3,10,2958
48.0,10,3,11,2967
48.0,10,3,12,2976
48.0,10,3,13,2985
48.0,10,3,14,2994
48.0,10,3,15,3003
48.0,10,4,0,2877
48.0,10,4,1,2886
48.0,10,4,2,2895
48.0,10,4,3,2904
48.0,10,4,4,2913
48.0,10,4,5,2923
48.0,10,4,6,2932
48.0,10,4,7,2941
48.0,10,4,8,2950
48.0,10,4,9,2959
48.0,10,4,10,2968
48.0,10,4,11,2977
48.0,10,4,12,2986
48.0,10,4,13,2995
48.0,10,4,14,3004
48.0,10,4,15,3013
48.0,10,5,0,2886
48.0,10,5,1,2895
48.0,10,5,2,2905
48.0,10,5,3,2914
48.0,10,5,4,2923
48.0,10,5,5,2932
48.0,10,5,6,2941
48.0,10,5,7,2950
48.0,10,5,8,2960
48.0,10,5,9,2969
48.0,10,5,10,2978
48.0,10,5,11,2987
48.0,10,5,12,2996
48.0,10,5,13,3005
48.0,10,5,14,3013
48.0,10,5,15,3022
48.0,10,6,0,2895
48.0,10,6,1,2905
48.0,10,6,2,2914
48.0,10,6,3,2923
48.0,10,6,4,2932
48.0,10,6,5,2942
48.0,10,6,6,2951
48.0,10,6,7,2960
48.0,10,6,8,2969
48.0,10,6,9,2978
48.0,10,6,10,2987
48.0,10,6,11,2996
48.0,10,6,12,3005
48.0,10,6,13,3014
48.0,10,6,14,3023
48.0,10,6,15,3032
48.0,10,7,0,2905
48.0,10,7,1,2914
48.0,10,7,2,2923
48.0,10,7,3,2933
48.0,10,7,4,2942
48.0,10,7,5,2951
48.0,10,7,6,2960
48.0,10,7,7,2970
48.0,10,7,8,2979
48.0,10,7,9,2988
48.0,10,7,10,2997
48.0,10,7,11,3006
48.0,10,7,12,3015
48.0,10,7,13,3024
48.0,10,7,14,3033
48.0,10,7,15,3042
48.0,10,8,0,2914
48.0,10,8,1,2923
48.0,10,8,2,2933
48.0,10,8,3,2942
48.0,10,8,4,2951
48.0,10,8,5,2961
48.0,10,8,6,2970
48.0,10,8,7,2979
48.0,10,8,8,2988
48.0,10,8,9,2997
48.0,10,8,10,3006
48.0,10,8,11,3016
48.0,10,8,12,3025
48.0,10,8,13,3034
48.0,10,8,14,3043
48.0,10,8,15,3052
48.0,10,9,0,2923
48.0,10,9,1,2933
48.0,10,9,2,2942
48.0,10,9,3,2951
48.0,10,9,4,2961
48.0,10,9,5,2970
48.0,10,9,6,2979
48.0,10,9,7,2988
48.0,10,9,8,2998
48.0,10,9,9,3007
48.0,10,9,10,3016
48.0,10,9,11,3025
48.0,10,9,12,3034
48.0,10,9,13,3043
48.0,10,9,14,3052
48.0,10,9,15,3061
48.0,10,10,0,2932
48.0,10,10,1,2942
48.0,10,10,2,2951
48.0,10,10,3,2961
48.0,10,10,4,2970
48.0,10,10,5,2979
48.0,10,10,6,2989
48.0,10,10,7,2998
48.0,10,10,8,3007
48.0,10,10,9,3016
48.0,10,10,10,3026
48.0,10,10,11,3035
48.0,10,10,12,3044
48.0,10,10,13,3053
48.0,10,10,14,3062
48.0,10,10,15,3071
48.0,10,11,0,2942
48.0,10,11,1,2951
48.0,10,11,2,2961
48.0,10,11,3,2970
48.0,10,11,4,2979
48.0,10,11,5,2989
48.0,10,11,6,2998
48.0,10,11,7,3007
48.0,10,11,8,3017
48.0,10,11,9,3026
48.0,10,11,10,3035
48.0,10,11,11,3044
48.0,10,11,12,3053
48.0,10,11,13,3063
48.0,10,11,14,3072
48.0,10,11,15,3081
48.0,10,12,0,2951
48.0,10,12,1,2960
48.0,10,12,2,2970
48.0,10,12,3,2979
48.0,10,12,4,2989
48.0,10,12,5,2998
48.0,10,12,6,3007
48.0,10,12,7,3017
48.0,10,12,8,3026
48.0,10,12,9,3035
48.0,10,12,10,3045
48.0,10,12,11,3054
48.0,10,12,12,3063
48.0,10,12,13,3072
48.0,10,12,14,3081
48.0,10,12,15,3090
48.0,10,13,0,2960
48.0,10,13,1,2970
48.0,10,13,2,2979
48.0,10,13,3,2988
48.0,10,13,4,2998
48.0,10,13,5,3007
48.0,10,13,6,3017
48.0,10,13,7,3026
48.0,10,13,8,3035
48.0,10,13,9,3045
48.0,10,13,10,3054
48.0,10,13,11,3063
48.0,10,13,12,3072
48.0,10,13,13,3082
48.0,10,13,14,3091
48.0,10,13,15,3100
48.0,10,14,0,2969
48.0,10,14,1,2979
48.0,10,14,2,2988
48.0,10,14,3,2998
48.0,10,14,4,3007
48.0,10,14,5,3017
48.0,10,14,6,3026
48.0,10,14,7,3035
48.0,10,14,8,3045
48.0,10,14,9,3054
48.0,10,14,10,3063
48.0,10,14,11,3073
48.0,10,14,12,3082
48.0,10,14,13,3091
48.0,10,14,14,3100
48.0,10,14,15,3109
48.0,10,15,0,2978
48.0,10,15,1,2988
48.0,10,15,2,2997
48.0,10,15,3,3007
48.0,10,15,4,3016
48.0,10,15,5,3026
48.0,10,15,6,3035
48.0,10,15,7,3045
48.0,10,15,8,3054
48.0,10,15,9,3063
48.0,10,15,10,3073
48.0,10,15,11,3082
48.0,10,15,12,3091
48.0,10,15,13,3101
48.0,10,15,14,3110
48.0,10,15,15,3119
48.0,11,0,0,2849
48.0,11,0,1,2858
48.0,11,0,2,2868
48.0,11,0,3,2877
48.0,11,0,4,2886
48.0,11,0,5,2895
48.0,11,0,6,2904
48.0,11,0,7,2913
48.0,11,0,8,2922
48.0,11,0,9,2931
48.0,11,0,10,2940
48.0,11,0,11,2949
48.0,11,0,12,2957
48.0,11,0,13,2966
48.0,11,0,14,2975
48.0,11,0,15,2984
48.0,11,1,0,2859
48.0,11,1,1,2868
48.0,11,1,2,2877
48.0,11,1,3,2886
48.0,11,1,4,2895
48.0,11,1,5,2904
48.0,11,1,6,2914
48.0,11,1,7,2923
48.0,11,1,8,2932
48.0,11,1,9,2941
48.0,11,1,10,2950
48.0,11,1,11,2958
48.0,11,1,12,2967
48.0,11,1,13,2976
48.0,11,1,14,2985
48.0,11,1,15,2994
48.0,11,2,0,2868
48.0,11,2,1,2877
48.0,11,2,2,2887
48.0,11,2,3,2896
48.0,11,2,4,2905
48.0,11,2,5,2914
48.0,11,2,6,2923
48.0,11,2,7,2932
48.0,11,2,8,2941
48.0,11,2,9,2950
48.0,11,2,10,2959
48.0,11,2,11,2968
48.0,11,2,12,2977
48.0,11,2,13,2986
48.0,11,2,14,2995
48.0,11,2,15,3004
48.0,11,3,0,2878
48.0,11,3,1,2887
48.0,11,3,2,2896
48.0,11,3,3,2905
48.0,11,3,4,2915
48.0,11,3,5,2924
48.0,11,3,6,2933
48.0,11,3,7,2942
48.0,11,3,8,2951
48.0,11,3,9,2960
48.0,11,3,10,2969
48.0,11,3,11,2978
48.0,11,3,12,2987
48.0,11,3,13,2996
48.0,11,3,14,3005
48.0,11,3,15,3014
48.0,11,4,0,2887
48.0,11,4,1,2896
48.0,11,4,2,2906
48.0,11,4,3,2915
48.0,11,4,4,2924
48.0,11,4,5,2933
48.0,11,4,6,2943
48.0,11,4,7,2952
48.0,11,4,8,2961
48.0,11,4,9,2970
48.0,11,4,10,2979
48.0,11,4,11,2988
48.0,11,4,12,2997
48.0,11,4,13,3006
48.0,11,4,14,3015
48.0,11,4,15,3024
48.0,11,5,0,2897
48.0,11,5,1,2906
48.0,11,5,2,2915
48.0,11,5,3,2925
48.0,11,5,4,2934
48.0,11,5,5,2943
48.0,11,5,6,2952
48.0,11,5,7,2961
48.0,11,5,8,2970
48.0,11,5,9,2980
48.0,11,5,10,2989
48.0,11,5,11,2998
48.0,11,5,12,3007
48.0,11,5,13,3016
48.0,11,5,14,3025
48.0,11,5,15,3034
48.0,11,6,0,2906
48.0,11,6,1,2915
48.0,11,6,2,2925
48.0,11,6,3,2934
48.0,11,6,4,2943
48.0,11,6,5,2953
48.0,11,6,6,2962
48.0,11,6,7,2971
48.0,11,6,8,2980
48.0,11,6,9,2989
48.0,11,6,10,2998
48.0,11,6,11,3007
48.0,11,6,12,3016
48.0,11,6,13,3025
48.0,11,6,14,3034
48.0,11,6,15,3043
48.0,11,7,0,2915
48.0,11,7,1,2925
48.0,11,7,2,2934
48.0,11,7,3,2943
48.0,11,7,4,2953
48.0,11,7,5,2962
48.0,11,7,6,2971
48.0,11,7,7,2980
48.0,11,7,8,2990
48.0,11,7,9,2999
48.0,11,7,10,3008
48.0,11,7,11,3017
48.0,11,7,12,3026
48.0,11,7,13,3035
48.0,11,7,14,3044
48.0,11,7,15,3053
48.0,11,8,0,2925
48.0,11,8,1,2934
48.0,11,8,2,2944
48.0,11,8,3,2953
48.0,11,8,4,2962
48.0,11,8,5,2971
48.0,11,8,6,2981
48.0,11,8,7,2990
48.0,11,8,8,2999
48.0,11,8,9,3008
48.0,11,8,10,3018
48.0,11,8,11,3027
48.0,11,8,12,3036
48.0,11,8,13,3045
48.0,11,8,14,3054
48.0,11,8,15,3063
48.0,11,9,0,2934
48.0,11,9,1,2943
48.0,11,9,2,2953
48.0,11,9,3,2962
48.0,11,9,4,2972
48.0,11,9,5,2981
48.0,11,9,6,2990
48.0,11,9,7,3000
48.0,11,9,8,3009
48.0,11,9,9,3018
48.0,11,9,10,3027
48.0,11,9,11,3036
48.0,11,9,12,3045
48.0,11,9,13,3055
48.0,11,9,14,3064
48.0,11,9,15,3073
48.0,11,10,0,2943
48.0,11,10,1,2953
48.0,11,10,2,2962
48.0,11,10,3,2972
48.0,11,10,4,2981
48.0,11,10,5,2990
48.0,11,10,6,3000
48.0,11,10,7,3009
48.0,11,10,8,3018
48.0,11,10,9,3028
48.0,11,10,10,3037
48.0,11,10,11,3046
48.0,11,10,12,3055
48.0,11,10,13,3064
48.0,11,10,14,3073
48.0,11,10,15,3082
48.0,11,11,0,2953
48.0,11,11,1,2962
48.0,11,11,2,2971
48.0,11,11,3,2981
48.0,11,11,4,2990
48.0,11,11,5,3000
48.0,11,11,6,3009
48.0,11,11,7,3018
48.0,11,11,8,3028
48.0,11,11,9,3037
48.0,11,11,10,3046
48.0,11,11,11,3055
48.0,11,11,12,3065
48.0,11,11,13,3074
48.0,11,11,14,3083
48.0,11,11,15,3092
48.0,11,12,0,2962
48.0,11,12,1,2971
48.0,11,12,2,2981
48.0,11,12,3,2990
48.0,11,12,4,3000
48.0,11,12,5,3009
48.0,11,12,6,3019
48.0,11,12,7,3028
48.0,11,12,8,3037
48.0,11,12,9,3047
48.0,11,12,10,3056
48.0,11,12,11,3065
48.0,11,12,12,3074
48.0,11,12,13,3083
48.0,11,12,14,3093
48.0,11,12,15,3102
48.0,11,13,0,2971
48.0,11,13,1,2980
48.0,11,13,2,2990
48.0,11,13,3,3000
48.0,11,13,4,3009
48.0,11,13,5,3018
48.0,11,13,6,3028
48.0,11,13,7,3037
48.0,11,13,8,3047
48.0,11,13,9,3056
48.0,11,13,10,3065
48.0,11,13,11,3075
48.0,11,13,12,3084
48.0,11,13,13,3093
48.0,11,13,14,3102
48.0,11,13,15,3111
48.0,11,14,0,2980
48.0,11,14,1,2990
48.0,11,14,2,2999
48.0,11,14,3,3009
48.0,11,14,4,3018
48.0,11,14,5,3028
48.0,11,14,6,3037
48.0,11,14,7,3047
48.0,11,14,8,3056
48.0,11,14,9,3065
48.0,11,14,10,3075
48.0,11,14,11,3084
48.0,11,14,12,3093
48.0,11,14,13,3103
48.0,11,14,14,3112
48.0,11,14,15,3121
48.0,11,15,0,2989
48.0,11,15,1,2999
48.0,11,15,2,3008
48.0,11,15,3,3018
48.0,11,15,4,3028
48.0,11,15,5,3037
48.0,11,15,6,3047
48.0,11,15,7,3056
48.0,11,15,8,3065
48.0,11,15,9,3075
48.0,11,15,10,3084
48.0,11,15,11,3093
48.0,11,15,12,3103
48.0,11,15,13,3112
48.0,11,15,14,3121
48.0,11,15,15,3131
48.0,12,0,0,2860
48.0,12,0,1,2869
48.0,12,0,2,2878
48.0,12,0,3,2887
48.0,12,0,4,2896
48.0,12,0,5,2905
48.0,12,0,6,2915
48.0,12,0,7,2924
48.0,12,0,8,2933
48.0,12,0,9,2942
48.0,12,0,10,2950
48.0,12,0,11,2959
48.0,12,0,12,2968
48.0,12,0,13,2977
48.0,12,0,14,2986
48.0,12,0,15,2995
48.0,12,1,0,2869
48.0,12,1,1,2878
48.0,12,1,2,2888
48.0,12,1,3,2897
48.0,12,1,4,2906
48.0,12,1,5,2915
48.0,12,1,6,2924
48.0,12,1,7,2933
48.0,12,1,8,2942
48.0,12,1,9,2951
48.0,12,1,10,2960
48.0,12,1,11,2969
48.0,12,1,12,2978
48.0,12,1,13,2987
48.0,12,1,14,2996
48.0,12,1,15,3005
48.0,12,2,0,2879
48.0,12,2,1,2888
48.0,12,2,2,2897
48.0,12,2,3,2907
48.0,12,2,4,2916
48.0,12,2,5,2925
48.0,12,2,6,2934
48.0,12,2,7,2943
48.0,12,2,8,2952
48.0,12,2,9,2961
48.0,12,2,10,2970
48.0,12,2,11,2979
48.0,12,2,12,2988
48.0,12,2,13,2997
48.0,12,2,14,3006
48.0,12,2,15,3015
48.0,12,3,0,2888
48.0,12,3,1,2898
48.0,12,3,2,2907
48.0,12,3,3,2916
48.0,12,3,4,2925
48.0,12,3,5,2935
48.0,12,3,6,2944
48.0,12,3,7,2953
48.0,12,3,8,2962
48.0,12,3,9,2971
48.0,12,3,10,2980
48.0,12,3,11,2989
48.0,12,3,12,2998
48.0,12,3,13,3007
48.0,12,3,14,3016
48.0,12,3,15,3025
48.0,12,4,0,2898
48.0,12,4,1,2907
48.0,12,4,2,2916
48.0,12,4,3,2926
48.0,12,4,4,2935
48.0,12,4,5,2944
48.0,12,4,6,2953
48.0,12,4,7,2963
48.0,12,4,8,2972
48.0,12,4,9,2981
48.0,12,4,10,2990
48.0,12,4,11,2999
48.0,12,4,12,3008
48.0,12,4,13,3017
48.0,12,4,14,3026
48.0,12,4,15,3035
48.0,12,5,0,2907
48.0,12,5,1,2917
48.0,12,5,2,2926
48.0,12,5,3,2935
48.0,12,5,4,2945
48.0,12,5,5,2954
48.0,12,5,6,2963
48.0,12,5,7,2972
48.0,12,5,8,2981
48.0,12,5,9,2990
48.0,12,5,10,3000
48.0,12,5,11,3009
48.0,12,5,12,3018
48.0,12,5,13,3027
48.0,12,5,14,3036
48.0,12,5,15,3045
48.0,12,6,0,2917
48.0,12,6,1,2926
48.0,12,6,2,2935
48.0,12,6,3,2945
48.0,12,6,4,2954
48.0,12,6,5,2963
48.0,12,6,6,2973
48.0,12,6,7,2982
48.0,12,6,8,2991
48.0,12,6,9,3000
48.0,12,6,10,3009
48.0,12,6,11,3018
48.0,12,6,12,3028
48.0,12,6,13,3037
48.0,12,6,14,3046
48.0,12,6,15,3055
48.0,12,7,0,2926
48.0,12,7,1,2936
48.0,12,7,2,2945
48.0,12,7,3,2954
48.0,12,7,4,2964
48.0,12,7,5,2973
48.0,12,7,6,2982
48.0,12,7,7,2991
48.0,12,7,8,3001
48.0,12,7,9,3010
48.0,12,7,10,3019
48.0,12,7,11,3028
48.0,12,7,12,3037
48.0,12,7,13,3046
48.0,12,7,14,3055
48.0,12,7,15,3064
48.0,12,8,0,2935
48.0,12,8,1,2945
48.0,12,8,2,2954
48.0,12,8,3,2964
48.0,12,8,4,2973
48.0,12,8,5,2982
48.0,12,8,6,2992
48.0,12,8,7,3001
48.0,12,8,8,3010
48.0,12,8,9,3019
48.0,12,8,10,3029
48.0,12,8,11,3038
48.0,12,8,12,3047
48.0,12,8,13,3056
48.0,12,8,14,3065
48.0,12,8,15,3074
48.0,12,9,0,2945
48.0,12,9,1,2954
48.0,12,9,2,2964
48.0,12,9,3,2973
48.0,12,9,4,2983
48.0,12,9,5,2992
48.0,12,9,6,3001
48.0,12,9,7,3011
48.0,12,9,8,3020
48.0,12,9,9,3029
48.0,12,9,10,3038
48.0,12,9,11,3048
48.0,12,9,12,3057
48.0,12,9,13,3066
48.0,12,9,14,3075
48.0,12,9,15,3084
48.0,12,10,0,2954
48.0,12,10,1,2964
48.0,12,10,2,2973
48.0,12,10,3,2983
48.0,12,10,4,2992
48.0,12,10,5,3001
48.0,12,10,6,3011
48.0,12,10,7,3020
48.0,12,10,8,3029
48.0,12,10,9,3039
48.0,12,10,10,3048
48.0,12,10,11,3057
48.0,12,10,12,3066
48.0,12,10,13,3075
48.0,12,10,14,3085
48.0,12,10,15,3094
48.0,12,11,0,2963
48.0,12,11,1,2973
48.0,12,11,2,2982
48.0,12,11,3,2992
48.0,12,11,4,3001
48.0,12,11,5,3011
48.0,12,11,6,3020
48.0,12,11,7,3030
48.0,12,11,8,3039
48.0,12,11,9,3048
48.0,12,11,10,3057
48.0,12,11,11,3067
48.0,12,11,12,3076
48.0,12,11,13,3085
48.0,12,11,14,3094
48.0,12,11,15,3103
48.0,12,12,0,2973
48.0,12,12,1,2982
48.0,12,12,2,2992
48.0,12,12,3,3001
48.0,12,12,4,3011
48.0,12,12,5,3020
48.0,12,12,6,3030
48.0,12,12,7,3039
48.0,12,12,8,3048
48.0,12,12,9,3058
48.0,12,12,10,3067
48.0,12,12,11,3076
48.0,12,12,12,3086
48.0,12,12,13,3095
48.0,12,12,14,3104
48.0,12,12,15,3113
48.0,12,13,0,2982
48.0,12,13,1,2991
48.0,12,13,2,3001
48.0,12,13,3,3011
48.0,12,13,4,3020
48.0,12,13,5,3030
48.0,12,13,6,3039
48.0,12,13,7,3048
48.0,12,13,8,3058
48.0,12,13,9,3067
48.0,12,13,10,3077
48.0,12,13,11,3086
48.0,12,13,12,3095
48.0,12,13,13,3104
48.0,12,13,14,3114
48.0,12,13,15,3123
48.0,12,14,0,2991
48.0,12,14,1,3001
48.0,12,14,2,3010
48.0,12,14,3,3020
48.0,12,14,4,3029
48.0,12,14,5,3039
48.0,12,14,6,3048
48.0,12,14,7,3058
48.0,12,14,8,3067
48.0,12,14,9,3077
48.0,12,14,10,3086
48.0,12,14,11,3095
48.0,12,14,12,3105
48.0,12,14,13,3114
48.0,12,14,14,3123
48.0,12,14,15,3132
48.0,12,15,0,3000
48.0,12,15,1,3010
48.0,12,15,2,3019
48.0,12,15,3,3029
48.0,12,15,4,3039
48.0,12,15,5,3048
48.0,12,15,6,3058
48.0,12,15,7,3067
48.0,12,15,8,3077
48.0,12,15,9,3086
48.0,12,15,10,3095
48.0,12,15,11,3105
48.0,12,15,12,3114
48.0,12,15,13,3123
48.0,12,15,14,3133
48.0,12,15,15,3142
48.0,13,0,0,2870
48.0,13,0,1,2879
48.0,13,0,2,2889
48.0,13,0,3,2898
48.0,13,0,4,2907
48.0,13,0,5,2916
48.0,13,0,6,2925
48.0,13,0,7,2934
48.0,13,0,8,2943
48.0,13,0,9,2952
48.0,13,0,10,2961
48.0,13,0,11,2970
48.0,13,0,12,2979
48.0,13,0,13,2988
48.0,13,0,14,2997
48.0,13,0,15,3006
48.0,13,1,0,2880
48.0,13,1,1,2889
48.0,13,1,2,2898
48.0,13,1,3,2908
48.0,13,1,4,2917
48.0,13,1,5,2926
48.0,13,1,6,2935
48.0,13,1,7,2944
48.0,13,1,8,2953
48.0,13,1,9,2962
48.0,13,1,10,2971
48.0,13,1,11,2980
48.0,13,1,12,2989
48.0,13,1,13,2998
48.0,13,1,14,3007
48.0,13,1,15,3016
48.0,13,2,0,2889
48.0,13,2,1,2899
48.0,13,2,2,2908
48.0,13,2,3,2917
48.0,13,2,4,2926
48.0,13,2,5,2936
48.0,13,2,6,2945
48.0,13,2,7,2954
48.0,13,2,8,2963
48.0,13,2,9,2972
48.0,13,2,10,2981
48.0,13,2,11,2990
48.0,13,2,12,2999
48.0,13,2,13,3008
48.0,13,2,14,3017
48.0,13,2,15,3026
48.0,13,3,0,2899
48.0,13,3,1,2908
48.0,13,3,2,2918
48.0,13,3,3,2927
48.0,13,3,4,2936
48.0,13,3,5,2945
48.0,13,3,6,2954
48.0,13,3,7,2964
48.0,13,3,8,2973
48.0,13,3,9,2982
48.0,13,3,10,2991
48.0,13,3,11,3000
48.0,13,3,12,3009
48.0,13,3,13,3018
48.0,13,3,14,3027
48.0,13,3,15,3036
48.0,13,4,0,2908
48.0,13,4,1,2918
48.0,13,4,2,2927
48.0,13,4,3,2936
48.0,13,4,4,2946
48.0,13,4,5,2955
48.0,13,4,6,2964
48.0,13,4,7,2973
48.0,13,4,8,2983
48.0,13,4,9,2992
48.0,13,4,10,3001
48.0,13,4,11,3010
48.0,13,4,12,3019
48.0,13,4,13,3028
48.0,13,4,14,3037
48.0,13,4,15,3046
48.0,13,5,0,2918
48.0,13,5,1,2927
48.0,13,5,2,2937
48.0,13,5,3,2946
48.0,13,5,4,2955
48.0,13,5,5,2965
48.0,13,5,6,2974
48.0,13,5,7,2983
48.0,13,5,8,2992
48.0,13,5,9,3001
48.0,13,5,10,3011
48.0,13,5,11,3020
48.0,13,5,12,3029
48.0,13,5,13,3038
48.0,13,5,14,3047
48.0,13,5,15,3056
48.0,13,6,0,2927
48.0,13,6,1,2937
48.0,13,6,2,2946
48.0,13,6,3,2956
48.0,13,6,4,2965
48.0,13,6,5,2974
48.0,13,6,6,2984
48.0,13,6,7,2993
48.0,13,6,8,3002
48.0,13,6,9,3011
48.0,13,6,10,3020
48.0,13,6,11,3029
48.0,13,6,12,3039
48.0,13,6,13,3048
48.0,13,6,14,3057
48.0,13,6,15,3066
48.0,13,7,0,2937
48.0,13,7,1,2946
48.0,13,7,2,2956
48.0,13,7,3,2965
48.0,13,7,4,2974
48.0,13,7,5,2984
48.0,13,7,6,2993
48.0,13,7,7,3002
48.0,13,7,8,3012
48.0,13,7,9,3021
48.0,13,7,10,3030
48.0,13,7,11,3039
48.0,13,7,12,3048
48.0,13,7,13,3058
48.0,13,7,14,3067
48.0,13,7,15,3076
48.0,13,8,0,2946
48.0,13,8,1,2956
48.0,13,8,2,2965
48.0,13,8,3,2975
48.0,13,8,4,2984
48.0,13,8,5,2993
48.0,13,8,6,3003
48.0,13,8,7,3012
48.0,13,8,8,3021
48.0,13,8,9,3031
48.0,13,8,10,3040
48.0,13,8,11,3049
48.0,13,8,12,3058
48.0,13,8,13,3067
48.0,13,8,14,3076
48.0,13,8,15,3085
48.0,13,9,0,2956
48.0,13,9,1,2965
48.0,13,9,2,2975
48.0,13,9,3,2984
48.0,13,9,4,2993
48.0,13,9,5,3003
48.0,13,9,6,3012
48.0,13,9,7,3022
48.0,13,9,8,3031
48.0,13,9,9,3040
48.0,13,9,10,3049
48.0,13,9,11,3059
48.0,13,9,12,3068
48.0,13,9,13,3077
48.0,13,9,14,3086
48.0,13,9,15,3095
48.0,13,10,0,2965
48.0,13,10,1,2974
48.0,13,10,2,2984
48.0,13,10,3,2993
48.0,13,10,4,3003
48.0,13,10,5,3012
48.0,13,10,6,3022
48.0,13,10,7,3031
48.0,13,10,8,3040
48.0,13,10,9,3050
48.0,13,10,10,3059
48.0,13,10,11,3068
48.0,13,10,12,3078
48.0,13,10,13,3087
48.0,13,10,14,3096
48.0,13,10,15,3105
48.0,13,11,0,2974
48.0,13,11,1,2984
48.0,13,11,2,2993
48.0,13,11,3,3003
48.0,13,11,4,3012
48.0,13,11,5,3022
48.0,13,11,6,3031
48.0,13,11,7,3041
48.0,13,11,8,3050
48.0,13,11,9,3059
48.0,13,11,10,3069
48.0,13,11,11,3078
48.0,13,11,12,3087
48.0,13,11,13,3096
48.0,13,11,14,3106
48.0,13,11,15,3115
48.0,13,12,0,2984
48.0,13,12,1,2993
48.0,13,12,2,3003
48.0,13,12,3,3012
48.0,13,12,4,3022
48.0,13,12,5,3031
48.0,13,12,6,3041
48.0,13,12,7,3050
48.0,13,12,8,3060
48.0,13,12,9,3069
48.0,13,12,10,3078
48.0,13,12,11,3088
48.0,13,12,12,3097
48.0,13,12,13,3106
48.0,13,12,14,3115
48.0,13,12,15,3125
48.0,13,13,0,2993
48.0,13,13,1,3002
48.0,13,13,2,3012
48.0,13,13,3,3022
48.0,13,13,4,3031
48.0,13,13,5,3041
48.0,13,13,6,3050
48.0,13,13,7,3060
48.0,13,13,8,3069
48.0,13,13,9,3078
48.0,13,13,10,3088
48.0,13,13,11,3097
48.0,13,13,12,3106
48.0,13,13,13,3116
48.0,13,13,14,3125
48.0,13,13,15,3134
48.0,13,14,0,3002
48.0,13,14,1,3012
48.0,13,14,2,3021
48.0,13,14,3,3031
48.0,13,14,4,3040
48.0,13,14,5,3050
48.0,13,14,6,3060
48.0,13,14,7,3069
48.0,13,14,8,3078
48.0,13,14,9,3088
48.0,13,14,10,3097
48.0,13,14,11,3107
48.0,13,14,12,3116
48.0,13,14,13,3125
48.0,13,14,14,3135
48.0,13,14,15,3144
48.0,13,15,0,3011
48.0,13,15,1,3021
48.0,13,15,2,3031
48.0,13,15,3,3040
48.0,13,15,4,3050
48.0,13,15,5,3059
48.0,13,15,6,3069
48.0,13,15,7,3078
48.0,13,15,8,3088
48.0,13,15,9,3097
48.0,13,15,10,3107
48.0,13,15,11,3116
48.0,13,15,12,3126
48.0,13,15,13,3135
48.0,13,15,14,3144
48.0,13,15,15,3154
48.0,14,0,0,2881
48.0,14,0,1,2890
48.0,14,0,2,2899
48.0,14,0,3,2908
48.0,14,0,4,2918
48.0,14,0,5,2927
48.0,14,0,6,2936
48.0,14,0,7,2945
48.0,14,0,8,2954
48.0,14,0,9,2963
48.0,14,0,10,2972
48.0,14,0,11,2981
48.0,14,0,12,2990
48.0,14,0,13,2999
48.0,14,0,14,3008
48.0,14,0,15,3017
48.0,14,1,0,2890
48.0,14,1,1,2900
48.0,14,1,2,2909
48.0,14,1,3,2918
48.0,14,1,4,2927
48.0,14,1,5,2937
48.0,14,1,6,2946
48.0,14,1,7,2955
48.0,14,1,8,2964
48.0,14,1,9,2973
48.0,14,1,10,2982
48.0,14,1,11,2991
48.0,14,1,12,3000
48.0,14,1,13,3009
48.0,14,1,14,3018
48.0,14,1,15,3027
48.0,14,2,0,2900
48.0,14,2,1,2909
48.0,14,2,2,2919
48.0,14,2,3,2928
48.0,14,2,4,2937
48.0,14,2,5,2946
48.0,14,2,6,2955
48.0,14,2,7,2965
48.0,14,2,8,2974
48.0,14,2,9,2983
48.0,14,2,10,2992
48.0,14,2,11,3001
48.0,14,2,12,3010
48.0,14,2,13,3019
48.0,14,2,14,3028
48.0,14,2,15,3037
48.0,14,3,0,2909
48.0,14,3,1,2919
48.0,14,3,2,2928
48.0,14,3,3,2938
48.0,14,3,4,2947
48.0,14,3,5,2956
48.0,14,3,6,2965
48.0,14,3,7,2974
48.0,14,3,8,2984
48.0,14,3,9,2993
48.0,14,3,10,3002
48.0,14,3,11,3011
48.0,14,3,12,3020
48.0,14,3,13,3029
48.0,14,3,14,3038
48.0,14,3,15,3047
48.0,14,4,0,2919
48.0,14,4,1,2928
48.0,14,4,2,2938
48.0,14,4,3,2947
48.0,14,4,4,2956
48.0,14,4,5,2966
48.0,14,4,6,2975
48.0,14,4,7,2984
48.0,14,4,8,2993
48.0,14,4,9,3003
48.0,14,4,10,3012
48.0,14,4,11,3021
48.0,14,4,12,3030
48.0,14,4,13,3039
48.0,14,4,14,3048
48.0,14,4,15,3057
48.0,14,5,0,2929
48.0,14,5,1,2938
48.0,14,5,2,2947
48.0,14,5,3,2957
48.0,14,5,4,2966
48.0,14,5,5,2975
48.0,14,5,6,2985
48.0,14,5,7,2994
48.0,14,5,8,3003
48.0,14,5,9,3012
48.0,14,5,10,3022
48.0,14,5,11,3031
48.0,14,5,12,3040
48.0,14,5,13,3049
48.0,14,5,14,3058
48.0,14,5,15,3067
48.0,14,6,0,2938
48.0,14,6,1,2948
48.0,14,6,2,2957
48.0,14,6,3,2966
48.0,14,6,4,2976
48.0,14,6,5,2985
48.0,14,6,6,2994
48.0,14,6,7,3004
48.0,14,6,8,3013
48.0,14,6,9,3022
48.0,14,6,10,3031
48.0,14,6,11,3041
48.0,14,6,12,3050
48.0,14,6,13,3059
48.0,14,6,14,3068
48.0,14,6,15,3077
48.0,14,7,0,2948
48.0,14,7,1,2957
48.0,14,7,2,2966
48.0,14,7,3,2976
48.0,14,7,4,2985
48.0,14,7,5,2995
48.0,14,7,6,3004
48.0,14,7,7,3013
48.0,14,7,8,3023
48.0,14,7,9,3032
48.0,14,7,10,3041
48.0,14,7,11,3050
48.0,14,7,12,3060
48.0,14,7,13,3069
48.0,14,7,14,3078
48.0,14,7,15,3087
48.0,14,8,0,2957
48.0,14,8,1,2966
48.0,14,8,2,2976
48.0,14,8,3,2985
48.0,14,8,4,2995
48.0,14,8,5,3004
48.0,14,8,6,3014
48.0,14,8,7,3023
48.0,14,8,8,3032
48.0,14,8,9,3042
48.0,14,8,10,3051
48.0,14,8,11,3060
48.0,14,8,12,3069
48.0,14,8,13,3078
48.0,14,8,14,3088
48.0,14,8,15,3097
48.0,14,9,0,2966
48.0,14,9,1,2976
48.0,14,9,2,2985
48.0,14,9,3,2995
48.0,14,9,4,3004
48.0,14,9,5,3014
48.0,14,9,6,3023
48.0,14,9,7,3033
48.0,14,9,8,3042
48.0,14,9,9,3051
48.0,14,9,10,3061
48.0,14,9,11,3070
48.0,14,9,12,3079
48.0,14,9,13,3088
48.0,14,9,14,3097
48.0,14,9,15,3107
48.0,14,10,0,2976
48.0,14,10,1,2985
48.0,14,10,2,2995
48.0,14,10,3,3004
48.0,14,10,4,3014
48.0,14,10,5,3023
48.0,14,10,6,3033
48.0,14,10,7,3042
48.0,14,10,8,3052
48.0,14,10,9,3061
48.0,14,10,10,3070
48.0,14,10,11,3080
48.0,14,10,12,3089
48.0,14,10,13,3098
48.0,14,10,14,3107
48.0,14,10,15,3116
48.0,14,11,0,2985
48.0,14,11,1,2995
48.0,14,11,2,3004
48.0,14,11,3,3014
48.0,14,11,4,3023
48.0,14,11,5,3033
48.0,14,11,6,3042
48.0,14,11,7,3052
48.0,14,11,8,3061
48.0,14,11,9,3071
48.0,14,11,10,3080
48.0,14,11,11,3089
48.0,14,11,12,3098
48.0,14,11,13,3108
48.0,14,11,14,3117
48.0,14,11,15,3126
48.0,14,12,0,2994
48.0,14,12,1,3004
48.0,14,12,2,3014
48.0,14,12,3,3023
48.0,14,12,4,3033
48.0,14,12,5,3042
48.0,14,12,6,3052
48.0,14,12,7,3061
48.0,14,12,8,3071
48.0,14,12,9,3080
48.0,14,12,10,3089
48.0,14,12,11,3099
48.0,14,12,12,3108
48.0,14,12,13,3117
48.0,14,12,14,3127
48.0,14,12,15,3136
48.0,14,13,0,3004
48.0,14,13,1,3013
48.0,14,13,2,3023
48.0,14,13,3,3033
48.0,14,13,4,3042
48.0,14,13,5,3052
48.0,14,13,6,3061
48.0,14,13,7,3071
48.0,14,13,8,3080
48.0,14,13,9,3090
48.0,14,13,10,3099
48.0,14,13,11,3108
48.0,14,13,12,3118
48.0,14,13,13,3127
48.0,14,13,14,3136
48.0,14,13,15,3146
48.0,14,14,0,3013
48.0,14,14,1,3023
48.0,14,14,2,3032
48.0,14,14,3,3042
48.0,14,14,4,3052
48.0,14,14,5,3061
48.0,14,14,6,3071
48.0,14,14,7,3080
48.0,14,14,8,3090
48.0,14,14,9,3099
48.0,14,14,10,3109
48.0,14,14,11,3118
48.0,14,14,12,3127
48.0,14,14,13,3137
48.0,14,14,14,3146
48.0,14,14,15,3155
48.0,14,15,0,3022
48.0,14,15,1,3032
48.0,14,15,2,3042
48.0,14,15,3,3051
48.0,14,15,4,3061
48.0,14,15,5,3071
48.0,14,15,6,3080
48.0,14,15,7,3090
48.0,14,15,8,3099
48.0,14,15,9,3109
48.0,14,15,10,3118
48.0,14,15,11,3128
48.0,14,15,12,3137
48.0,14,15,13,3146
48.0,14,15,14,3156
48.0,14,15,15,3165
48.0,15,0,0,2891
48.0,15,0,1,2900
48.0,15,0,2,2910
48.0,15,0,3,2919
48.0,15,0,4,2928
48.0,15,0,5,2937
48.0,15,0,6,2947
48.0,15,0,7,2956
48.0,15,0,8,2965
48.0,15,0,9,2974
48.0,15,0,10,2983
48.0,15,0,11,2992
48.0,15,0,12,3001
48.0,15,0,13,3010
48.0,15,0,14,3019
48.0,15,0,15,3028
48.0,15,1,0,2901
48.0,15,1,1,2910
48.0,15,1,2,2919
48.0,15,1,3,2929
48.0,15,1,4,2938
48.0,15,1,5,2947
48.0,15,1,6,2956
48.0,15,1,7,2966
48.0,15,1,8,2975
48.0,15,1,9,2984
48.0,15,1,10,2993
48.0,15,1,11,3002
48.0,15,1,12,3011
48.0,15,1,13,3020
48.0,15,1,14,3029
48.0,15,1,15,3038
48.0,15,2,0,2910
48.0,15,2,1,2920
48.0,15,2,2,2929
48.0,15,2,3,2938
48.0,15,2,4,2948
48.0,15,2,5,2957
48.0,15,2,6,2966
48.0,15,2,7,2975
48.0,15,2,8,2985
48.0,15,2,9,2994
48.0,15,2,10,3003
48.0,15,2,11,3012
48.0,15,2,12,3021
48.0,15,2,13,3030
48.0,15,2,14,3039
48.0,15,2,15,3048
48.0,15,3,0,2920
48.0,15,3,1,2929
48.0,15,3,2,2939
48.0,15,3,3,2948
48.0,15,3,4,2958
48.0,15,3,5,2967
48.0,15,3,6,2976
48.0,15,3,7,2985
48.0,15,3,8,2994
48.0,15,3,9,3004
48.0,15,3,10,3013
48.0,15,3,11,3022
48.0,15,3,12,3031
48.0,15,3,13,3040
48.0,15,3,14,3049
48.0,15,3,15,3058
48.0,15,4,0,2930
48.0,15,4,1,2939
48.0,15,4,2,2948
48.0,15,4,3,2958
48.0,15,4,4,2967
48.0,15,4,5,2977
48.0,15,4,6,2986
48.0,15,4,7,2995
48.0,15,4,8,3004
48.0,15,4,9,3014
48.0,15,4,10,3023
48.0,15,4,11,3032
48.0,15,4,12,3041
48.0,15,4,13,3050
48.0,15,4,14,3059
48.0,15,4,15,3068
48.0,15,5,0,2939
48.0,15,5,1,2949
48.0,15,5,2,2958
48.0,15,5,3,2968
48.0,15,5,4,2977
48.0,15,5,5,2986
48.0,15,5,6,2996
48.0,15,5,7,3005
48.0,15,5,8,3014
48.0,15,5,9,3023
48.0,15,5,10,3033
48.0,15,5,11,3042
48.0,15,5,12,3051
48.0,15,5,13,3060
48.0,15,5,14,3069
48.0,15,5,15,3078
48.0,15,6,0,2949
48.0,15,6,1,2958
48.0,15,6,2,2968
48.0,15,6,3,2977
48.0,15,6,4,2987
48.0,15,6,5,2996
48.0,15,6,6,3005
48.0,15,6,7,3015
48.0,15,6,8,3024
48.0,15,6,9,3033
48.0,15,6,10,3042
48.0,15,6,11,3052
48.0,15,6,12,3061
48.0,15,6,13,3070
48.0,15,6,14,3079
48.0,15,6,15,3088
48.0,15,7,0,2958
48.0,15,7,1,2968
48.0,15,7,2,2977
48.0,15,7,3,2987
48.0,15,7,4,2996
48.0,15,7,5,3006
48.0,15,7,6,3015
48.0,15,7,7,3024
48.0,15,7,8,3034
48.0,15,7,9,3043
48.0,15,7,10,3052
48.0,15,7,11,3061
48.0,15,7,12,3071
48.0,15,7,13,3080
48.0,15,7,14,3089
48.0,15,7,15,3098
48.0,15,8,0,2968
48.0,15,8,1,2977
48.0,15,8,2,2987
48.0,15,8,3,2996
48.0,15,8,4,3006
48.0,15,8,5,3015
48.0,15,8,6,3025
48.0,15,8,7,3034
48.0,15,8,8,3043
48.0,15,8,9,3053
48.0,15,8,10,3062
48.0,15,8,11,3071
48.0,15,8,12,3080
48.0,15,8,13,3090
48.0,15,8,14,3099
48.0,15,8,15,3108
48.0,15,9,0,2977
48.0,15,9,1,2987
48.0,15,9,2,2996
48.0,15,9,3,3006
48.0,15,9,4,3015
48.0,15,9,5,3025
48.0,15,9,6,3034
48.0,15,9,7,3044
48.0,15,9,8,3053
48.0,15,9,9,3062
48.0,15,9,10,3072
48.0,15,9,11,3081
48.0,15,9,12,3090
48.0,15,9,13,3100
48.0,15,9,14,3109
48.0,15,9,15,3118
48.0,15,10,0,2987
48.0,15,10,1,2996
48.0,15,10,2,3006
48.0,15,10,3,3015
48.0,15,10,4,3025
48.0,15,10,5,3034
48.0,15,10,6,3044
48.0,15,10,7,3053
48.0,15,10,8,3063
48.0,15,10,9,3072
48.0,15,10,10,3081
48.0,15,10,11,3091
48.0,15,10,12,3100
48.0,15,10,13,3109
48.0,15,10,14,3119
48.0,15,10,15,3128
48.0,15,11,0,2996
48.0,15,11,1,3006
48.0,15,11,2,3015
48.0,15,11,3,3025
48.0,15,11,4,3034
48.0,15,11,5,3044
48.0,15,11,6,3053
48.0,15,11,7,3063
48.0,15,11,8,3072
48.0,15,11,9,3082
48.0,15,11,10,3091
48.0,15,11,11,3100
48.0,15,11,12,3110
48.0,15,11,13,3119
48.0,15,11,14,3128
48.0,15,11,15,3138
48.0,15,12,0,3005
48.0,15,12,1,3015
48.0,15,12,2,3025
48.0,15,12,3,3034
48.0,15,12,4,3044
48.0,15,12,5,3053
48.0,15,12,6,3063
48.0,15,12,7,3072
48.0,15,12,8,3082
48.0,15,12,9,3091
48.0,15,12,10,3101
48.0,15,12,11,3110
48.0,15,12,12,3119
48.0,15,12,13,3129
48.0,15,12,14,3138
48.0,15,12,15,3147
48.0,15,13,0,3015
48.0,15,13,1,3024
48.0,15,13,2,3034
48.0,15,13,3,3044
48.0,15,13,4,3053
48.0,15,13,5,3063
48.0,15,13,6,3072
48.0,15,13,7,3082
48.0,15,13,8,3091
48.0,15,13,9,3101
48.0,15,13,10,3110
48.0,15,13,11,3120
48.0,15,13,12,3129
48.0,15,13,13,3138
48.0,15,13,14,3148
48.0,15,13,15,3157
48.0,15,14,0,3024
48.0,15,14,1,3034
48.0,15,14,2,3043
48.0,15,14,3,3053
48.0,15,14,4,3063
48.0,15,14,5,3072
48.0,15,14,6,3082
48.0,15,14,7,3091
48.0,15,14,8,3101
48.0,15,14,9,3110
48.0,15,14,10,3120
48.0,15,14,11,3129
48.0,15,14,12,3139
48.0,15,14,13,3148
48.0,15,14,14,3158
48.0,15,14,15,3167
48.0,15,15,0,3033
48.0,15,15,1,3043
48.0,15,15,2,3053
48.0,15,15,3,3062
48.0,15,15,4,3072
48.0,15,15,5,3082
48.0,15,15,6,3091
48.0,15,15,7,3101
48.0,15,15,8,3110
48.0,15,15,9,3120
48.0,15,15,10,3129
48.0,15,15,11,3139
48.0,15,15,12,3148
48.0,15,15,13,3158
48.0,15,15,14,3167
48.0,15,15,15,3177
48.5,0,0,0,2750
48.5,0,0,1,2759
48.5,0,0,2,2768
48.5,0,0,3,2777
48.5,0,0,4,2786
48.5,0,0,5,2794
48.5,0,0,6,2803
48.5,0,0,7,2812
48.5,0,0,8,2821
48.5,0,0,9,2829
48.5,0,0,10,2838
48.5,0,0,11,2846
48.5,0,0,12,2855
48.5,0,0,13,2863
48.5,0,0,14,2872
48.5,0,0,15,2880
48.5,0,1,0,2760
48.5,0,1,1,2769
48.5,0,1,2,2777
48.5,0,1,3,2786
48.5,0,1,4,2795
48.5,0,1,5,2804
48.5,0,1,6,2813
48.5,0,1,7,2821
48.5,0,1,8,2830
48.5,0,1,9,2839
48.5,0,1,10,2847
48.5,0,1,11,2856
48.5,0,1,12,2865
48.5,0,1,13,2873
48.5,0,1,14,2882
48.5,0,1,15,2890
48.5,0,2,0,2769
48.5,0,2,1,2778
48.5,0,2,2,2787
48.5,0,2,3,2796
48.5,0,2,4,2804
48.5,0,2,5,2813
48.5,0,2,6,2822
48.5,0,2,7,2831
48.5,0,2,8,2839
48.5,0,2,9,2848
48.5,0,2,10,2857
48.5,0,2,11,2865
48.5,0,2,12,2874
48.5,0,2,13,2883
48.5,0,2,14,2891
48.5,0,2,15,2900
48.5,0,3,0,2778
48.5,0,3,1,2787
48.5,0,3,2,2796
48.5,0,3,3,2805
48.5,0,3,4,2814
48.5,0,3,5,2822
48.5,0,3,6,2831
48.5,0,3,7,2840
48.5,0,3,8,2849
48.5,0,3,9,2858
48.5,0,3,10,2866
48.5,0,3,11,2875
48.5,0,3,12,2884
48.5,0,3,13,2892
48.5,0,3,14,2901
48.5,0,3,15,2909
48.5,0,4,0,2787
48.5,0,4,1,2796
48.5,0,4,2,2805
48.5,0,4,3,2814
48.5,0,4,4,2823
48.5,0,4,5,2832
48.5,0,4,6,2841
48.5,0,4,7,2849
48.5,0,4,8,2858
48.5,0,4,9,2867
48.5,0,4,10,2876
48.5,0,4,11,2884
48.5,0,4,12,2893
48.5,0,4,13,2902
48.5,0,4,14,2910
48.5,0,4,15,2919
48.5,0,5,0,2796
48.5,0,5,1,2805
48.5,0,5,2,2814
48.5,0,5,3,2823
48.5,0,5,4,2832
48.5,0,5,5,2841
48.5,0,5,6,2850
48.5,0,5,7,2859
48.5,0,5,8,2867
48.5,0,5,9,2876
48.5,0,5,10,2885
48.5,0,5,11,2894
48.5,0,5,12,2902
48.5,0,5,13,2911
48.5,0,5,14,2920
48.5,0,5,15,2928
48.5,0,6,0,2805
48.5,0,6,1,2814
48.5,0,6,2,2823
48.5,0,6,3,2832
48.5,0,6,4,2841
48.5,0,6,5,2850
48.5,0,6,6,2859
48.5,0,6,7,2868
48.5,0,6,8,2877
48.5,0,6,9,2886
48.5,0,6,10,2894
48.5,0,6,11,2903
48.5,0,6,12,2912
48.5,0,6,13,2921
48.5,0,6,14,2929
48.5,0,6,15,2938
48.5,0,7,0,2814
48.5,0,7,1,2823
48.5,0,7,2,2832
48.5,0,7,3,2841
48.5,0,7,4,2850
48.5,0,7,5,2859
48.5,0,7,6,2868
48.5,0,7,7,2877
48.5,0,7,8,2886
48.5,0,7,9,2895
48.5,0,7,10,2904
48.5,0,7,11,2912
48.5,0,7,12,2921
48.5,0,7,13,2930
48.5,0,7,14,2939
48.5,0,7,15,2947
48.5,0,8,0,2823
48.5,0,8,1,2832
48.5,0,8,2,2841
48.5,0,8,3,2851
48.5,0,8,4,2860
48.5,0,8,5,2869
48.5,0,8,6,2877
48.5,0,8,7,2886
48.5,0,8,8,2895
48.5,0,8,9,2904
48.5,0,8,10,2913
48.5,0,8,11,2922
48.5,0,8,12,2931
48.5,0,8,13,2939
48.5,0,8,14,2948
48.5,0,8,15,2957
48.5,0,9,0,2832
48.5,0,9,1,2841
48.5,0,9,2,2851
48.5,0,9,3,2860
48.5,0,9,4,2869
48.5,0,9,5,2878
48.5,0,9,6,2887
48.5,0,9,7,2896
48.5,0,9,8,2904
48.5,0,9,9,2913
48.5,0,9,10,2922
48.5,0,9,11,2931
48.5,0,9,12,2940
48.5,0,9,13,2949
48.5,0,9,14,2957
48.5,0,9,15,2966
48.5,0,10,0,2841
48.5,0,10,1,2850
48.5,0,10,2,2860
48.5,0,10,3,2869
48.5,0,10,4,2878
48.5,0,10,5,2887
48.5,0,10,6,2896
48.5,0,10,7,2905
48.5,0,10,8,2914
48.5,0,10,9,2923
48.5,0,10,10,2931
48.5,0,10,11,2940
48.5,0,10,12,2949
48.5,0,10,13,2958
48.5,0,10,14,2967
48.5,0,10,15,2976
48.5,0,11,0,2850
48.5,0,11,1,2859
48.5,0,11,2,2869
48.5,0,11,3,2878
48.5,0,11,4,2887
48.5,0,11,5,2896
48.5,0,11,6,2905
48.5,0,11,7,2914
48.5,0,11,8,2923
48.5,0,11,9,2932
48.5,0,11,10,2941
48.5,0,11,11,2950
48.5,0,11,12,2958
48.5,0,11,13,2967
48.5,0,11,14,2976
48.5,0,11,15,2985
48.5,0,12,0,2859
48.5,0,12,1,2868
48.5,0,12,2,2877
48.5,0,12,3,2887
48.5,0,12,4,2896
48.5,0,12,5,2905
48.5,0,12,6,2914
48.5,0,12,7,2923
48.5,0,12,8,2932
48.5,0,12,9,2941
48.5,0,12,10,2950
48.5,0,12,11,2959
48.5,0,12,12,2968
48.5,0,12,13,2977
48.5,0,12,14,2985
48.5,0,12,15,2994
48.5,0,13,0,2868
48.5,0,13,1,2877
48.5,0,13,2,2886
48.5,0,13,3,2896
48.5,0,13,4,2905
48.5,0,13,5,2914
48.5,0,13,6,2923
48.5,0,13,7,2932
48.5,0,13,8,2941
48.5,0,13,9,2950
48.5,0,13,10,2959
48.5,0,13,11,2968
48.5,0,13,12,2977
48.5,0,13,13,2986
48.5,0,13,14,2995
48.5,0,13,15,3004
48.5,0,14,0,2877
48.5,0,14,1,2886
48.5,0,14,2,2895
48.5,0,14,3,2904
48.5,0,14,4,2914
48.5,0,14,5,2923
48.5,0,14,6,2932
48.5,0,14,7,2941
48.5,0,14,8,2950
48.5,0,14,9,2959
48.5,0,14,10,2968
48.5,0,14,11,2977
48.5,0,14,12,2986
48.5,0,14,13,2995
48.5,0,14,14,3004
48.5,0,14,15,3013
48.5,0,15,0,2886
48.5,0,15,1,2895
48.5,0,15,2,2904
48.5,0,15,3,2913
48.5,0,15,4,2923
48.5,0,15,5,2932
48.5,0,15,6,2941
48.5,0,15,7,2950
48.5,0,15,8,2959
48.5,0,15,9,2968
48.5,0,15,10,2977
48.5,0,15,11,2986
48.5,0,15,12,2995
48.5,0,15,13,3004
48.5,0,15,14,3013
48.5,0,15,15,3022
48.5,1,0,0,2761
48.5,1,0,1,2770
48.5,1,0,2,2779
48.5,1,0,3,2788
48.5,1,0,4,2796
48.5,1,0,5,2805
48.5,1,0,6,2814
48.5,1,0,7,2823
48.5,1,0,8,2831
48.5,1,0,9,2840
48.5,1,0,10,2849
48.5,1,0,11,2857
48.5,1,0,12,2866
48.5,1,0,13,2874
48.5,1,0,14,2883
48.5,1,0,15,2892
48.5,1,1,0,2770
48.5,1,1,1,2779
48.5,1,1,2,2788
48.5,1,1,3,2797
48.5,1,1,4,2806
48.5,1,1,5,2815
48.5,1,1,6,2823
48.5,1,1,7,2832
48.5,1,1,8,2841
48.5,1,1,9,2850
48.5,1,1,10,2858
48.5,1,1,11,2867
48.5,1,1,12,2875
48.5,1,1,13,2884
48.5,1,1,14,2893
48.5,1,1,15,2901
48.5,1,2,0,2779
48.5,1,2,1,2788
48.5,1,2,2,2797
48.5,1,2,3,2806
48.5,1,2,4,2815
48.5,1,2,5,2824
48.5,1,2,6,2833
48.5,1,2,7,2842
48.5,1,2,8,2850
48.5,1,2,9,2859
48.5,1,2,10,2868
48.5,1,2,11,2876
48.5,1,2,12,2885
48.5,1,2,13,2894
48.5,1,2,14,2902
48.5,1,2,15,2911
48.5,1,3,0,2789
48.5,1,3,1,2798
48.5,1,3,2,2807
48.5,1,3,3,2816
48.5,1,3,4,2824
48.5,1,3,5,2833
48.5,1,3,6,2842
48.5,1,3,7,2851
48.5,1,3,8,2860
48.5,1,3,9,2868
48.5,1,3,10,2877
48.5,1,3,11,2886
48.5,1,3,12,2895
48.5,1,3,13,2903
48.5,1,3,14,2912
48.5,1,3,15,2920
48.5,1,4,0,2798
48.5,1,4,1,2807
48.5,1,4,2,2816
48.5,1,4,3,2825
48.5,1,4,4,2834
48.5,1,4,5,2843
48.5,1,4,6,2851
48.5,1,4,7,2860
48.5,1,4,8,2869
48.5,1,4,9,2878
48.5,1,4,10,2887
48.5,1,4,11,2895
48.5,1,4,12,2904
48.5,1,4,13,2913
48.5,1,4,14,2921
48.5,1,4,15,2930
48.5,1,5,0,2807
48.5,1,5,1,2816
48.5,1,5,2,2825
48.5,1,5,3,2834
48.5,1,5,4,2843
48.5,1,5,5,2852
48.5,1,5,6,2861
48.5,1,5,7,2870
48.5,1,5,8,2878
48.5,1,5,9,2887
48.5,1,5,10,2896
48.5,1,5,11,2905
48.5,1,5,12,2914
48.5,1,5,13,2922
48.5,1,5,14,2931
48.5,1,5,15,2940
48.5,1,6,0,2816
48.5,1,6,1,2825
48.5,1,6,2,2834
48.5,1,6,3,2843
48.5,1,6,4,2852
48.5,1,6,5,2861
48.5,1,6,6,2870
48.5,1,6,7,2879
48.5,1,6,8,2888
48.5,1,6,9,2897
48.5,1,6,10,2905
48.5,1,6,11,2914
48.5,1,6,12,2923
48.5,1,6,13,2932
48.5,1,6,14,2940
48.5,1,6,15,2949
48.5,1,7,0,2825
48.5,1,7,1,2834
48.5,1,7,2,2843
48.5,1,7,3,2852
48.5,1,7,4,2861
48.5,1,7,5,2870
48.5,1,7,6,2879
48.5,1,7,7,2888
48.5,1,7,8,2897
48.5,1,7,9,2906
48.5,1,7,10,2915
48.5,1,7,11,2924
48.5,1,7,12,2932
48.5,1,7,13,2941
48.5,1,7,14,2950
48.5,1,7,15,2959
48.5,1,8,0,2834
48.5,1,8,1,2843
48.5,1,8,2,2852
48.5,1,8,3,2861
48.5,1,8,4,2870
48.5,1,8,5,2880
48.5,1,8,6,2888
48.5,1,8,7,2897
48.5,1,8,8,2906
48.5,1,8,9,2915
48.5,1,8,10,2924
48.5,1,8,11,2933
48.5,1,8,12,2942
48.5,1,8,13,2951
48.5,1,8,14,2959
48.5,1,8,15,2968
48.5,1,9,0,2843
48.5,1,9,1,2852
48.5,1,9,2,2861
48.5,1,9,3,2871
48.5,1,9,4,2880
48.5,1,9,5,2889
48.5,1,9,6,2898
48.5,1,9,7,2907
48.5,1,9,8,2916
48.5,1,9,9,2925
48.5,1,9,10,2933
48.5,1,9,11,2942
48.5,1,9,12,2951
48.5,1,9,13,2960
48.5,1,9,14,2969
48.5,1,9,15,2978
48.5,1,10,0,2852
48.5,1,10,1,2861
48.5,1,10,2,2870
48.5,1,10,3,2880
48.5,1,10,4,2889
48.5,1,10,5,2898
48.5,1,10,6,2907
48.5,1,10,7,2916
48.5,1,10,8,2925
48.5,1,10,9,2934
48.5,1,10,10,2943
48.5,1,10,11,2952
48.5,1,10,12,2961
48.5,1,10,13,2969
48.5,1,10,14,2978
48.5,1,10,15,2987
48.5,1,11,0,2861
48.5,1,11,1,2870
48.5,1,11,2,2880
48.5,1,11,3,2889
48.5,1,11,4,2898
48.5,1,11,5,2907
48.5,1,11,6,2916
48.5,1,11,7,2925
48.5,1,11,8,2934
48.5,1,11,9,2943
48.5,1,11,10,2952
48.5,1,11,11,2961
48.5,1,11,12,2970
48.5,1,11,13,2979
48.5,1,11,14,2988
48.5,1,11,15,2996
48.5,1,12,0,2870
48.5,1,12,1,2879
48.5,1,12,2,2888
48.5,1,12,3,2898
48.5,1,12,4,2907
48.5,1,12,5,2916
48.5,1,12,6,2925
48.5,1,12,7,2934
48.5,1,12,8,2943
48.5,1,12,9,2952
48.5,1,12,10,2961
48.5,1,12,11,2970
48.5,1,12,12,2979
48.5,1,12,13,2988
48.5,1,12,14,2997
48.5,1,12,15,3006
48.5,1,13,0,2879
48.5,1,13,1,2888
48.5,1,13,2,2897
48.5,1,13,3,2907
48.5,1,13,4,2916
48.5,1,13,5,2925
48.5,1,13,6,2934
48.5,1,13,7,2943
48.5,1,13,8,2952
48.5,1,13,9,2961
48.5,1,13,10,2970
48.5,1,13,11,2979
48.5,1,13,12,2988
48.5,1,13,13,2997
48.5,1,13,14,3006
48.5,1,13,15,3015
48.5,1,14,0,2888
48.5,1,14,1,2897
48.5,1,14,2,2906
48.5,1,14,3,2916
48.5,1,14,4,2925
48.5,1,14,5,2934
48.5,1,14,6,2943
48.5,1,14,7,2952
48.5,1,14,8,2961
48.5,1,14,9,2970
48.5,1,14,10,2980
48.5,1,14,11,2989
48.5,1,14,12,2998
48.5,1,14,13,3006
48.5,1,14,14,3015
48.5,1,14,15,3024
48.5,1,15,0,2897
48.5,1,15,1,2906
48.5,1,15,2,2915
48.5,1,15,3,2925
48.5,1,15,4,2934
48.5,1,15,5,2943
48.5,1,15,6,2952
48.5,1,15,7,2961
48.5,1,15,8,2970
48.5,1,15,9,2980
48.5,1,15,10,2989
48.5,1,15,11,2998
48.5,1,15,12,3007
48.5,1,15,13,3016
48.5,1,15,14,3025
48.5,1,15,15,3034
48.5,2,0,0,2772
48.5,2,0,1,2780
48.5,2,0,2,2789
48.5,2,0,3,2798
48.5,2,0,4,2807
48.5,2,0,5,2816
48.5,2,0,6,2825
48.5,2,0,7,2833
48.5,2,0,8,2842
48.5,2,0,9,2851
48.5,2,0,10,2860
48.5,2,0,11,2868
48.5,2,0,12,2877
48.5,2,0,13,2885
48.5,2,0,14,2894
48.5,2,0,15,2903
48.5,2,1,0,2781
48.5,2,1,1,2790
48.5,2,1,2,2799
48.5,2,1,3,2808
48.5,2,1,4,2816
48.5,2,1,5,2825
48.5,2,1,6,2834
48.5,2,1,7,2843
48.5,2,1,8,2852
48.5,2,1,9,2860
48.5,2,1,10,2869
48.5,2,1,11,2878
48.5,2,1,12,2886
48.5,2,1,13,2895
48.5,2,1,14,2904
48.5,2,1,15,2912
48.5,2,2,0,2790
48.5,2,2,1,2799
48.5,2,2,2,2808
48.5,2,2,3,2817
48.5,2,2,4,2826
48.5,2,2,5,2835
48.5,2,2,6,2844
48.5,2,2,7,2852
48.5,2,2,8,2861
48.5,2,2,9,2870
48.5,2,2,10,2879
48.5,2,2,11,2887
48.5,2,2,12,2896
48.5,2,2,13,2905
48.5,2,2,14,2913
48.5,2,2,15,2922
48.5,2,3,0,2799
48.5,2,3,1,2808
48.5,2,3,2,2817
48.5,2,3,3,2826
48.5,2,3,4,2835
48.5,2,3,5,2844
48.5,2,3,6,2853
48.5,2,3,7,2862
48.5,2,3,8,2871
48.5,2,3,9,2879
48.5,2,3,10,2888
48.5,2,3,11,2897
48.5,2,3,12,2906
48.5,2,3,13,2914
48.5,2,3,14,2923
48.5,2,3,15,2932
48.5,2,4,0,2808
48.5,2,4,1,2818
48.5,2,4,2,2827
48.5,2,4,3,2836
48.5,2,4,4,2844
48.5,2,4,5,2853
48.5,2,4,6,2862
48.5,2,4,7,2871
48.5,2,4,8,2880
48.5,2,4,9,2889
48.5,2,4,10,2898
48.5,2,4,11,2906
48.5,2,4,12,2915
48.5,2,4,13,2924
48.5,2,4,14,2933
48.5,2,4,15,2941
48.5,2,5,0,2818
48.5,2,5,1,2827
48.5,2,5,2,2836
48.5,2,5,3,2845
48.5,2,5,4,2854
48.5,2,5,5,2863
48.5,2,5,6,2872
48.5,2,5,7,2881
48.5,2,5,8,2889
48.5,2,5,9,2898
48.5,2,5,10,2907
48.5,2,5,11,2916
48.5,2,5,12,2925
48.5,2,5,13,2933
48.5,2,5,14,2942
48.5,2,5,15,2951
48.5,2,6,0,2827
48.5,2,6,1,2836
48.5,2,6,2,2845
48.5,2,6,3,2854
48.5,2,6,4,2863
48.5,2,6,5,2872
48.5,2,6,6,2881
48.5,2,6,7,2890
48.5,2,6,8,2899
48.5,2,6,9,2908
48.5,2,6,10,2917
48.5,2,6,11,2925
48.5,2,6,12,2934
48.5,2,6,13,2943
48.5,2,6,14,2952
48.5,2,6,15,2960
48.5,2,7,0,2836
48.5,2,7,1,2845
48.5,2,7,2,2854
48.5,2,7,3,2863
48.5,2,7,4,2872
48.5,2,7,5,2881
48.5,2,7,6,2890
48.5,2,7,7,2899
48.5,2,7,8,2908
48.5,2,7,9,2917
48.5,2,7,10,2926
48.5,2,7,11,2935
48.5,2,7,12,2944
48.5,2,7,13,2952
48.5,2,7,14,2961
48.5,2,7,15,2970
48.5,2,8,0,2845
48.5,2,8,1,2854
48.5,2,8,2,2863
48.5,2,8,3,2872
48.5,2,8,4,2881
48.5,2,8,5,2890
48.5,2,8,6,2900
48.5,2,8,7,2909
48.5,2,8,8,2917
48.5,2,8,9,2926
48.5,2,8,10,2935
48.5,2,8,11,2944
48.5,2,8,12,2953
48.5,2,8,13,2962
48.5,2,8,14,2971
48.5,2,8,15,2979
48.5,2,9,0,2854
48.5,2,9,1,2863
48.5,2,9,2,2872
48.5,2,9,3,2882
48.5,2,9,4,2891
48.5,2,9,5,2900
48.5,2,9,6,2909
48.5,2,9,7,2918
48.5,2,9,8,2927
48.5,2,9,9,2936
48.5,2,9,10,2945
48.5,2,9,11,2954
48.5,2,9,12,2962
48.5,2,9,13,2971
48.5,2,9,14,2980
48.5,2,9,15,2989
48.5,2,10,0,2863
48.5,2,10,1,2872
48.5,2,10,2,2881
48.5,2,10,3,2891
48.5,2,10,4,2900
48.5,2,10,5,2909
48.5,2,10,6,2918
48.5,2,10,7,2927
48.5,2,10,8,2936
48.5,2,10,9,2945
48.5,2,10,10,2954
48.5,2,10,11,2963
48.5,2,10,12,2972
48.5,2,10,13,2981
48.5,2,10,14,2990
48.5,2,10,15,2998
48.5,2,11,0,2872
48.5,2,11,1,2881
48.5,2,11,2,2890
48.5,2,11,3,2900
48.5,2,11,4,2909
48.5,2,11,5,2918
48.5,2,11,6,2927
48.5,2,11,7,2936
48.5,2,11,8,2945
48.5,2,11,9,2954
48.5,2,11,10,2963
48.5,2,11,11,2972
48.5,2,11,12,2981
48.5,2,11,13,2990
48.5,2,11,14,2999
48.5,2,11,15,3008
48.5,2,12,0,2881
48.5,2,12,1,2890
48.5,2,12,2,2900
48.5,2,12,3,2909
48.5,2,12,4,2918
48.5,2,12,5,2927
48.5,2,12,6,2936
48.5,2,12,7,2945
48.5,2,12,8,2954
48.5,2,12,9,2963
48.5,2,12,10,2972
48.5,2,12,11,2981
48.5,2,12,12,2990
48.5,2,12,13,2999
48.5,2,12,14,3008
48.5,2,12,15,3017
48.5,2,13,0,2890
48.5,2,13,1,2899
48.5,2,13,2,2909
48.5,2,13,3,2918
48.5,2,13,4,2927
48.5,2,13,5,2936
48.5,2,13,6,2945
48.5,2,13,7,2954
48.5,2,13,8,2964
48.5,2,13,9,2973
48.5,2,13,10,2982
48.5,2,13,11,2991
48.5,2,13,12,3000
48.5,2,13,13,3009
48.5,2,13,14,3018
48.5,2,13,15,3027
48.5,2,14,0,2899
48.5,2,14,1,2908
48.5,2,14,2,2917
48.5,2,14,3,2927
48.5,2,14,4,2936
48.5,2,14,5,2945
48.5,2,14,6,2954
48.5,2,14,7,2964
48.5,2,14,8,2973
48.5,2,14,9,2982
48.5,2,14,10,2991
48.5,2,14,11,3000
48.5,2,14,12,3009
48.5,2,14,13,3018
48.5,2,14,14,3027
48.5,2,14,15,3036
48.5,2,15,0,2908
48.5,2,15,1,2917
48.5,2,15,2,2926
48.5,2,15,3,2936
48.5,2,15,4,2945
48.5,2,15,5,2954
48.5,2,15,6,2963
48.5,2,15,7,2973
48.5,2,15,8,2982
48.5,2,15,9,2991
48.5,2,15,10,3000
48.5,2,15,11,3009
48.5,2,15,12,3018
48.5,2,15,13,3027
48.5,2,15,14,3036
48.5,2,15,15,3045
48.5,3,0,0,2782
48.5,3,0,1,2791
48.5,3,0,2,2800
48.5,3,0,3,2809
48.5,3,0,4,2818
48.5,3,0,5,2827
48.5,3,0,6,2835
48.5,3,0,7,2844
48.5,3,0,8,2853
48.5,3,0,9,2862
48.5,3,0,10,2870
48.5,3,0,11,2879
48.5,3,0,12,2888
48.5,3,0,13,2896
48.5,3,0,14,2905
48.5,3,0,15,2914
48.5,3,1,0,2791
48.5,3,1,1,2800
48.5,3,1,2,2809
48.5,3,1,3,2818
48.5,3,1,4,2827
48.5,3,1,5,2836
48.5,3,1,6,2845
48.5,3,1,7,2854
48.5,3,1,8,2863
48.5,3,1,9,2871
48.5,3,1,10,2880
48.5,3,1,11,2889
48.5,3,1,12,2897
48.5,3,1,13,2906
48.5,3,1,14,2915
48.5,3,1,15,2923
48.5,3,2,0,2801
48.5,3,2,1,2810
48.5,3,2,2,2819
48.5,3,2,3,2828
48.5,3,2,4,2837
48.5,3,2,5,2845
48.5,3,2,6,2854
48.5,3,2,7,2863
48.5,3,2,8,2872
48.5,3,2,9,2881
48.5,3,2,10,2890
48.5,3,2,11,2898
48.5,3,2,12,2907
48.5,3,2,13,2916
48.5,3,2,14,2924
48.5,3,2,15,2933
48.5,3,3,0,2810
48.5,3,3,1,2819
48.5,3,3,2,2828
48.5,3,3,3,2837
48.5,3,3,4,2846
48.5,3,3,5,2855
48.5,3,3,6,2864
48.5,3,3,7,2873
48.5,3,3,8,2882
48.5,3,3,9,2890
48.5,3,3,10,2899
48.5,3,3,11,2908
48.5,3,3,12,2917
48.5,3,3,13,2925
48.5,3,3,14,2934
48.5,3,3,15,2943
48.5,3,4,0,2819
48.5,3,4,1,2828
48.5,3,4,2,2837
48.5,3,4,3,2846
48.5,3,4,4,2855
48.5,3,4,5,2864
48.5,3,4,6,2873
48.5,3,4,7,2882
48.5,3,4,8,2891
48.5,3,4,9,2900
48.5,3,4,10,2909
48.5,3,4,11,2917
48.5,3,4,12,2926
48.5,3,4,13,2935
48.5,3,4,14,2944
48.5,3,4,15,2952
48.5,3,5,0,2828
48.5,3,5,1,2837
48.5,3,5,2,2847
48.5,3,5,3,2856
48.5,3,5,4,2865
48.5,3,5,5,2874
48.5,3,5,6,2883
48.5,3,5,7,2892
48.5,3,5,8,2900
48.5,3,5,9,2909
48.5,3,5,10,2918
48.5,3,5,11,2927
48.5,3,5,12,2936
48.5,3,5,13,2945
48.5,3,5,14,2953
48.5,3,5,15,2962
48.5,3,6,0,2838
48.5,3,6,1,2847
48.5,3,6,2,2856
48.5,3,6,3,2865
48.5,3,6,4,2874
48.5,3,6,5,2883
48.5,3,6,6,2892
48.5,3,6,7,2901
48.5,3,6,8,2910
48.5,3,6,9,2919
48.5,3,6,10,2928
48.5,3,6,11,2937
48.5,3,6,12,2945
48.5,3,6,13,2954
48.5,3,6,14,2963
48.5,3,6,15,2972
48.5,3,7,0,2847
48.5,3,7,1,2856
48.5,3,7,2,2865
48.5,3,7,3,2874
48.5,3,7,4,2883
48.5,3,7,5,2892
48.5,3,7,6,2901
48.5,3,7,7,2910
48.5,3,7,8,2919
48.5,3,7,9,2928
48.5,3,7,10,2937
48.5,3,7,11,2946
48.5,3,7,12,2955
48.5,3,7,13,2964
48.5,3,7,14,2972
48.5,3,7,15,2981
48.5,3,8,0,2856
48.5,3,8,1,2865
48.5,3,8,2,2874
48.5,3,8,3,2883
48.5,3,8,4,2892
48.5,3,8,5,2901
48.5,3,8,6,2911
48.5,3,8,7,2920
48.5,3,8,8,2929
48.5,3,8,9,2938
48.5,3,8,10,2946
48.5,3,8,11,2955
48.5,3,8,12,2964
48.5,3,8,13,2973
48.5,3,8,14,2982
48.5,3,8,15,2991
48.5,3,9,0,2865
48.5,3,9,1,2874
48.5,3,9,2,2883
48.5,3,9,3,2892
48.5,3,9,4,2902
48.5,3,9,5,2911
48.5,3,9,6,2920
48.5,3,9,7,2929
48.5,3,9,8,2938
48.5,3,9,9,2947
48.5,3,9,10,2956
48.5,3,9,11,2965
48.5,3,9,12,2974
48.5,3,9,13,2983
48.5,3,9,14,2991
48.5,3,9,15,3000
48.5,3,10,0,2874
48.5,3,10,1,2883
48.5,3,10,2,2892
48.5,3,10,3,2902
48.5,3,10,4,2911
48.5,3,10,5,2920
48.5,3,10,6,2929
48.5,3,10,7,2938
48.5,3,10,8,2947
48.5,3,10,9,2956
48.5,3,10,10,2965
48.5,3,10,11,2974
48.5,3,10,12,2983
48.5,3,10,13,2992
48.5,3,10,14,3001
48.5,3,10,15,3010
48.5,3,11,0,2883
48.5,3,11,1,2892
48.5,3,11,2,2901
48.5,3,11,3,2911
48.5,3,11,4,2920
48.5,3,11,5,2929
48.5,3,11,6,2938
48.5,3,11,7,2947
48.5,3,11,8,2956
48.5,3,11,9,2965
48.5,3,11,10,2975
48.5,3,11,11,2984
48.5,3,11,12,2992
48.5,3,11,13,3001
48.5,3,11,14,3010
48.5,3,11,15,3019
48.5,3,12,0,2892
48.5,3,12,1,2901
48.5,3,12,2,2911
48.5,3,12,3,2920
48.5,3,12,4,2929
48.5,3,12,5,2938
48.5,3,12,6,2947
48.5,3,12,7,2957
48.5,3,12,8,2966
48.5,3,12,9,2975
48.5,3,12,10,2984
48.5,3,12,11,2993
48.5,3,12,12,3002
48.5,3,12,13,3011
48.5,3,12,14,3020
48.5,3,12,15,3029
48.5,3,13,0,2901
48.5,3,13,1,2910
48.5,3,13,2,2920
48.5,3,13,3,2929
48.5,3,13,4,2938
48.5,3,13,5,2947
48.5,3,13,6,2957
48.5,3,13,7,2966
48.5,3,13,8,2975
48.5,3,13,9,2984
48.5,3,13,10,2993
48.5,3,13,11,3002
48.5,3,13,12,3011
48.5,3,13,13,3020
48.5,3,13,14,3029
48.5,3,13,15,3038
48.5,3,14,0,2910
48.5,3,14,1,2919
48.5,3,14,2,2929
48.5,3,14,3,2938
48.5,3,14,4,2947
48.5,3,14,5,2956
48.5,3,14,6,2966
48.5,3,14,7,2975
48.5,3,14,8,2984
48.5,3,14,9,2993
48.5,3,14,10,3002
48.5,3,14,11,3011
48.5,3,14,12,3020
48.5,3,14,13,3029
48.5,3,14,14,3038
48.5,3,14,15,3047
48.5,3,15,0,2919
48.5,3,15,1,2928
48.5,3,15,2,2938
48.5,3,15,3,2947
48.5,3,15,4,2956
48.5,3,15,5,2965
48.5,3,15,6,2975
48.5,3,15,7,2984
48.5,3,15,8,2993
48.5,3,15,9,3002
48.5,3,15,10,3011
48.5,3,15,11,3021
48.5,3,15,12,3030
48.5,3,15,13,3039
48.5,3,15,14,3048
48.5,3,15,15,3057
48.5,4,0,0,2793
48.5,4,0,1,2802
48.5,4,0,2,2811
48.5,4,0,3,2819
48.5,4,0,4,2828
48.5,4,0,5,2837
48.5,4,0,6,2846
48.5,4,0,7,2855
48.5,4,0,8,2864
48.5,4,0,9,2873
48.5,4,0,10,2881
48.5,4,0,11,2890
48.5,4,0,12,2899
48.5,4,0,13,2907
48.5,4,0,14,2916
48.5,4,0,15,2925
48.5,4,1,0,2802
48.5,4,1,1,2811
48.5,4,1,2,2820
48.5,4,1,3,2829
48.5,4,1,4,2838
48.5,4,1,5,2847
48.5,4,1,6,2856
48.5,4,1,7,2865
48.5,4,1,8,2873
48.5,4,1,9,2882
48.5,4,1,10,2891
48.5,4,1,11,2900
48.5,4,1,12,2908
48.5,4,1,13,2917
48.5,4,1,14,2926
48.5,4,1,15,2934
48.5,4,2,0,2811
48.5,4,2,1,2820
48.5,4,2,2,2829
48.5,4,2,3,2838
48.5,4,2,4,2847
48.5,4,2,5,2856
48.5,4,2,6,2865
48.5,4,2,7,2874
48.5,4,2,8,2883
48.5,4,2,9,2892
48.5,4,2,10,2901
48.5,4,2,11,2909
48.5,4,2,12,2918
48.5,4,2,13,2927
48.5,4,2,14,2936
48.5,4,2,15,2944
48.5,4,3,0,2821
48.5,4,3,1,2830
48.5,4,3,2,2839
48.5,4,3,3,2848
48.5,4,3,4,2857
48.5,4,3,5,2866
48.5,4,3,6,2875
48.5,4,3,7,2884
48.5,4,3,8,2892
48.5,4,3,9,2901
48.5,4,3,10,2910
48.5,4,3,11,2919
48.5,4,3,12,2928
48.5,4,3,13,2936
48.5,4,3,14,2945
48.5,4,3,15,2954
48.5,4,4,0,2830
48.5,4,4,1,2839
48.5,4,4,2,2848
48.5,4,4,3,2857
48.5,4,4,4,2866
48.5,4,4,5,2875
48.5,4,4,6,2884
48.5,4,4,7,2893
48.5,4,4,8,2902
48.5,4,4,9,2911
48.5,4,4,10,2920
48.5,4,4,11,2929
48.5,4,4,12,2937
48.5,4,4,13,2946
48.5,4,4,14,2955
48.5,4,4,15,2964
48.5,4,5,0,2839
48.5,4,5,1,2848
48.5,4,5,2,2857
48.5,4,5,3,2866
48.5,4,5,4,2875
48.5,4,5,5,2885
48.5,4,5,6,2894
48.5,4,5,7,2902
48.5,4,5,8,2911
48.5,4,5,9,2920
48.5,4,5,10,2929
48.5,4,5,11,2938
48.5,4,5,12,2947
48.5,4,5,13,2956
48.5,4,5,14,2965
48.5,4,5,15,2973
48.5,4,6,0,2848
48.5,4,6,1,2857
48.5,4,6,2,2867
48.5,4,6,3,2876
48.5,4,6,4,2885
48.5,4,6,5,2894
48.5,4,6,6,2903
48.5,4,6,7,2912
48.5,4,6,8,2921
48.5,4,6,9,2930
48.5,4,6,10,2939
48.5,4,6,11,2948
48.5,4,6,12,2957
48.5,4,6,13,2965
48.5,4,6,14,2974
48.5,4,6,15,2983
48.5,4,7,0,2857
48.5,4,7,1,2867
48.5,4,7,2,2876
48.5,4,7,3,2885
48.5,4,7,4,2894
48.5,4,7,5,2903
48.5,4,7,6,2912
48.5,4,7,7,2921
48.5,4,7,8,2930
48.5,4,7,9,2939
48.5,4,7,10,2948
48.5,4,7,11,2957
48.5,4,7,12,2966
48.5,4,7,13,2975
48.5,4,7,14,2984
48.5,4,7,15,2993
48.5,4,8,0,2867
48.5,4,8,1,2876
48.5,4,8,2,2885
48.5,4,8,3,2894
48.5,4,8,4,2903
48.5,4,8,5,2912
48.5,4,8,6,2922
48.5,4,8,7,2931
48.5,4,8,8,2940
48.5,4,8,9,2949
48.5,4,8,10,2958
48.5,4,8,11,2967
48.5,4,8,12,2976
48.5,4,8,13,2984
48.5,4,8,14,2993
48.5,4,8,15,3002
48.5,4,9,0,2876
48.5,4,9,1,2885
48.5,4,9,2,2894
48.5,4,9,3,2903
48.5,4,9,4,2913
48.5,4,9,5,2922
48.5,4,9,6,2931
48.5,4,9,7,2940
48.5,4,9,8,2949
48.5,4,9,9,2958
48.5,4,9,10,2967
48.5,4,9,11,2976
48.5,4,9,12,2985
48.5,4,9,13,2994
48.5,4,9,14,3003
48.5,4,9,15,3012
48.5,4,10,0,2885
48.5,4,10,1,2894
48.5,4,10,2,2903
48.5,4,10,3,2913
48.5,4,10,4,2922
48.5,4,10,5,2931
48.5,4,10,6,2940
48.5,4,10,7,2949
48.5,4,10,8,2958
48.5,4,10,9,2967
48.5,4,10,10,2976
48.5,4,10,11,2985
48.5,4,10,12,2994
48.5,4,10,13,3003
48.5,4,10,14,3012
48.5,4,10,15,3021
48.5,4,11,0,2894
48.5,4,11,1,2903
48.5,4,11,2,2912
48.5,4,11,3,2922
48.5,4,11,4,2931
48.5,4,11,5,2940
48.5,4,11,6,2949
48.5,4,11,7,2958
48.5,4,11,8,2968
48.5,4,11,9,2977
48.5,4,11,10,2986
48.5,4,11,11,2995
48.5,4,11,12,3004
48.5,4,11,13,3013
48.5,4,11,14,3022
48.5,4,11,15,3031
48.5,4,12,0,2903
48.5,4,12,1,2912
48.5,4,12,2,2922
48.5,4,12,3,2931
48.5,4,12,4,2940
48.5,4,12,5,2949
48.5,4,12,6,2959
48.5,4,12,7,2968
48.5,4,12,8,2977
48.5,4,12,9,2986
48.5,4,12,10,2995
48.5,4,12,11,3004
48.5,4,12,12,3013
48.5,4,12,13,3022
48.5,4,12,14,3031
48.5,4,12,15,3040
48.5,4,13,0,2912
48.5,4,13,1,2921
48.5,4,13,2,2931
48.5,4,13,3,2940
48.5,4,13,4,2949
48.5,4,13,5,2958
48.5,4,13,6,2968
48.5,4,13,7,2977
48.5,4,13,8,2986
48.5,4,13,9,2995
48.5,4,13,10,3004
48.5,4,13,11,3013
48.5,4,13,12,3023
48.5,4,13,13,3032
48.5,4,13,14,3041
48.5,4,13,15,3050
48.5,4,14,0,2921
48.5,4,14,1,2930
48.5,4,14,2,2940
48.5,4,14,3,2949
48.5,4,14,4,2958
48.5,4,14,5,2968
48.5,4,14,6,2977
48.5,4,14,7,2986
48.5,4,14,8,2995
48.5,4,14,9,3004
48.5,4,14,10,3014
48.5,4,14,11,3023
48.5,4,14,12,3032
48.5,4,14,13,3041
48.5,4,14,14,3050
48.5,4,14,15,3059
48.5,4,15,0,2930
48.5,4,15,1,2939
48.5,4,15,2,2949
48.5,4,15,3,2958
48.5,4,15,4,2967
48.5,4,15,5,2977
48.5,4,15,6,2986
48.5,4,15,7,2995
48.5,4,15,8,3004
48.5,4,15,9,3014
48.5,4,15,10,3023
48.5,4,15,11,3032
48.5,4,15,12,3041
48.5,4,15,13,3050
48.5,4,15,14,3059
48.5,4,15,15,3068
48.5,5,0,0,2803
48.5,5,0,1,2812
48.5,5,0,2,2821
48.5,5,0,3,2830
48.5,5,0,4,2839
48.5,5,0,5,2848
48.5,5,0,6,2857
48.5,5,0,7,2866
48.5,5,0,8,2875
48.5,5,0,9,2883
48.5,5,0,10,2892
48.5,5,0,11,2901
48.5,5,0,12,2910
48.5,5,0,13,2918
48.5,5,0,14,2927
48.5,5,0,15,2936
48.5,5,1,0,2813
48.5,5,1,1,2822
48.5,5,1,2,2831
48.5,5,1,3,2840
48.5,5,1,4,2849
48.5,5,1,5,2858
48.5,5,1,6,2866
48.5,5,1,7,2875
48.5,5,1,8,2884
48.5,5,1,9,2893
48.5,5,1,10,2902
48.5,5,1,11,2911
48.5,5,1,12,2919
48.5,5,1,13,2928
48.5,5,1,14,2937
48.5,5,1,15,2946
48.5,5,2,0,2822
48.5,5,2,1,2831
48.5,5,2,2,2840
48.5,5,2,3,2849
48.5,5,2,4,2858
48.5,5,2,5,2867
48.5,5,2,6,2876
48.5,5,2,7,2885
48.5,5,2,8,2894
48.5,5,2,9,2903
48.5,5,2,10,2912
48.5,5,2,11,2920
48.5,5,2,12,2929
48.5,5,2,13,2938
48.5,5,2,14,2947
48.5,5,2,15,2955
48.5,5,3,0,2831
48.5,5,3,1,2840
48.5,5,3,2,2849
48.5,5,3,3,2858
48.5,5,3,4,2868
48.5,5,3,5,2877
48.5,5,3,6,2886
48.5,5,3,7,2894
48.5,5,3,8,2903
48.5,5,3,9,2912
48.5,5,3,10,2921
48.5,5,3,11,2930
48.5,5,3,12,2939
48.5,5,3,13,2948
48.5,5,3,14,2956
48.5,5,3,15,2965
48.5,5,4,0,2841
48.5,5,4,1,2850
48.5,5,4,2,2859
48.5,5,4,3,2868
48.5,5,4,4,2877
48.5,5,4,5,2886
48.5,5,4,6,2895
48.5,5,4,7,2904
48.5,5,4,8,2913
48.5,5,4,9,2922
48.5,5,4,10,2931
48.5,5,4,11,2940
48.5,5,4,12,2948
48.5,5,4,13,2957
48.5,5,4,14,2966
48.5,5,4,15,2975
48.5,5,5,0,2850
48.5,5,5,1,2859
48.5,5,5,2,2868
48.5,5,5,3,2877
48.5,5,5,4,2886
48.5,5,5,5,2895
48.5,5,5,6,2904
48.5,5,5,7,2913
48.5,5,5,8,2922
48.5,5,5,9,2931
48.5,5,5,10,2940
48.5,5,5,11,2949
48.5,5,5,12,2958
48.5,5,5,13,2967
48.5,5,5,14,2976
48.5,5,5,15,2985
48.5,5,6,0,2859
48.5,5,6,1,2868
48.5,5,6,2,2877
48.5,5,6,3,2887
48.5,5,6,4,2896
48.5,5,6,5,2905
48.5,5,6,6,2914
48.5,5,6,7,2923
48.5,5,6,8,2932
48.5,5,6,9,2941
48.5,5,6,10,2950
48.5,5,6,11,2959
48.5,5,6,12,2968
48.5,5,6,13,2977
48.5,5,6,14,2985
48.5,5,6,15,2994
48.5,5,7,0,2868
48.5,5,7,1,2877
48.5,5,7,2,2887
48.5,5,7,3,2896
48.5,5,7,4,2905
48.5,5,7,5,2914
48.5,5,7,6,2923
48.5,5,7,7,2932
48.5,5,7,8,2941
48.5,5,7,9,2950
48.5,5,7,10,2959
48.5,5,7,11,2968
48.5,5,7,12,2977
48.5,5,7,13,2986
48.5,5,7,14,2995
48.5,5,7,15,3004
48.5,5,8,0,2877
48.5,5,8,1,2887
48.5,5,8,2,2896
48.5,5,8,3,2905
48.5,5,8,4,2914
48.5,5,8,5,2923
48.5,5,8,6,2933
48.5,5,8,7,2942
48.5,5,8,8,2951
48.5,5,8,9,2960
48.5,5,8,10,2969
48.5,5,8,11,2978
48.5,5,8,12,2987
48.5,5,8,13,2996
48.5,5,8,14,3005
48.5,5,8,15,3013
48.5,5,9,0,2887
48.5,5,9,1,2896
48.5,5,9,2,2905
48.5,5,9,3,2914
48.5,5,9,4,2924
48.5,5,9,5,2933
48.5,5,9,6,2942
48.5,5,9,7,2951
48.5,5,9,8,2960
48.5,5,9,9,2969
48.5,5,9,10,2978
48.5,5,9,11,2987
48.5,5,9,12,2996
48.5,5,9,13,3005
48.5,5,9,14,3014
48.5,5,9,15,3023
48.5,5,10,0,2896
48.5,5,10,1,2905
48.5,5,10,2,2914
48.5,5,10,3,2924
48.5,5,10,4,2933
48.5,5,10,5,2942
48.5,5,10,6,2951
48.5,5,10,7,2960
48.5,5,10,8,2969
48.5,5,10,9,2979
48.5,5,10,10,2988
48.5,5,10,11,2997
48.5,5,10,12,3006
48.5,5,10,13,3015
48.5,5,10,14,3024
48.5,5,10,15,3033
48.5,5,11,0,2905
48.5,5,11,1,2914
48.5,5,11,2,2923
48.5,5,11,3,2933
48.5,5,11,4,2942
48.5,5,11,5,2951
48.5,5,11,6,2960
48.5,5,11,7,2970
48.5,5,11,8,2979
48.5,5,11,9,2988
48.5,5,11,10,2997
48.5,5,11,11,3006
48.5,5,11,12,3015
48.5,5,11,13,3024
48.5,5,11,14,3033
48.5,5,11,15,3042
48.5,5,12,0,2914
48.5,5,12,1,2923
48.5,5,12,2,2933
48.5,5,12,3,2942
48.5,5,12,4,2951
48.5,5,12,5,2960
48.5,5,12,6,2970
48.5,5,12,7,2979
48.5,5,12,8,2988
48.5,5,12,9,2997
48.5,5,12,10,3006
48.5,5,12,11,3015
48.5,5,12,12,3025
48.5,5,12,13,3034
48.5,5,12,14,3043
48.5,5,12,15,3052
48.5,5,13,0,2923
48.5,5,13,1,2932
48.5,5,13,2,2942
48.5,5,13,3,2951
48.5,5,13,4,2960
48.5,5,13,5,2970
48.5,5,13,6,2979
48.5,5,13,7,2988
48.5,5,13,8,2997
48.5,5,13,9,3007
48.5,5,13,10,3016
48.5,5,13,11,3025
48.5,5,13,12,3034
48.5,5,13,13,3043
48.5,5,13,14,3052
48.5,5,13,15,3061
48.5,5,14,0,2932
48.5,5,14,1,2941
48.5,5,14,2,2951
48.5,5,14,3,2960
48.5,5,14,4,2969
48.5,5,14,5,2979
48.5,5,14,6,2988
48.5,5,14,7,2997
48.5,5,14,8,3007
48.5,5,14,9,3016
48.5,5,14,10,3025
48.5,5,14,11,3034
48.5,5,14,12,3043
48.5,5,14,13,3052
48.5,5,14,14,3061
48.5,5,14,15,3071
48.5,5,15,0,2941
48.5,5,15,1,2950
48.5,5,15,2,2960
48.5,5,15,3,2969
48.5,5,15,4,2979
48.5,5,15,5,2988
48.5,5,15,6,2997
48.5,5,15,7,3007
48.5,5,15,8,3016
48.5,5,15,9,3025
48.5,5,15,10,3034
48.5,5,15,11,3043
48.5,5,15,12,3053
48.5,5,15,13,3062
48.5,5,15,14,3071
48.5,5,15,15,3080
48.5,6,0,0,2814
48.5,6,0,1,2823
48.5,6,0,2,2832
48.5,6,0,3,2841
48.5,6,0,4,2850
48.5,6,0,5,2859
48.5,6,0,6,2868
48.5,6,0,7,2877
48.5,6,0,8,2885
48.5,6,0,9,2894
48.5,6,0,10,2903
48.5,6,0,11,2912
48.5,6,0,12,2921
48.5,6,0,13,2929
48.5,6,0,14,2938
48.5,6,0,15,2947
48.5,6,1,0,2823
48.5,6,1,1,2832
48.5,6,1,2,2841
48.5,6,1,3,2850
48.5,6,1,4,2859
48.5,6,1,5,2868
48.5,6,1,6,2877
48.5,6,1,7,2886
48.5,6,1,8,2895
48.5,6,1,9,2904
48.5,6,1,10,2913
48.5,6,1,11,2922
48.5,6,1,12,2930
48.5,6,1,13,2939
48.5,6,1,14,2948
48.5,6,1,15,2957
48.5,6,2,0,2833
48.5,6,2,1,2842
48.5,6,2,2,2851
48.5,6,2,3,2860
48.5,6,2,4,2869
48.5,6,2,5,2878
48.5,6,2,6,2887
48.5,6,2,7,2896
48.5,6,2,8,2905
48.5,6,2,9,2914
48.5,6,2,10,2922
48.5,6,2,11,2931
48.5,6,2,12,2940
48.5,6,2,13,2949
48.5,6,2,14,2958
48.5,6,2,15,2966
48.5,6,3,0,2842
48.5,6,3,1,2851
48.5,6,3,2,2860
48.5,6,3,3,2869
48.5,6,3,4,2878
48.5,6,3,5,2887
48.5,6,3,6,2896
48.5,6,3,7,2905
48.5,6,3,8,2914
48.5,6,3,9,2923
48.5,6,3,10,2932
48.5,6,3,11,2941
48.5,6,3,12,2950
48.5,6,3,13,2959
48.5,6,3,14,2967
48.5,6,3,15,2976
48.5,6,4,0,2851
48.5,6,4,1,2860
48.5,6,4,2,2870
48.5,6,4,3,2879
48.5,6,4,4,2888
48.5,6,4,5,2897
48.5,6,4,6,2906
48.5,6,4,7,2915
48.5,6,4,8,2924
48.5,6,4,9,2933
48.5,6,4,10,2942
48.5,6,4,11,2951
48.5,6,4,12,2960
48.5,6,4,13,2968
48.5,6,4,14,2977
48.5,6,4,15,2986
48.5,6,5,0,2861
48.5,6,5,1,2870
48.5,6,5,2,2879
48.5,6,5,3,2888
48.5,6,5,4,2897
48.5,6,5,5,2906
48.5,6,5,6,2915
48.5,6,5,7,2924
48.5,6,5,8,2933
48.5,6,5,9,2942
48.5,6,5,10,2951
48.5,6,5,11,2960
48.5,6,5,12,2969
48.5,6,5,13,2978
48.5,6,5,14,2987
48.5,6,5,15,2996
48.5,6,6,0,2870
48.5,6,6,1,2879
48.5,6,6,2,2888
48.5,6,6,3,2897
48.5,6,6,4,2907
48.5,6,6,5,2916
48.5,6,6,6,2925
48.5,6,6,7,2934
48.5,6,6,8,2943
48.5,6,6,9,2952
48.5,6,6,10,2961
48.5,6,6,11,2970
48.5,6,6,12,2979
48.5,6,6,13,2988
48.5,6,6,14,2997
48.5,6,6,15,3005
48.5,6,7,0,2879
48.5,6,7,1,2888
48.5,6,7,2,2898
48.5,6,7,3,2907
48.5,6,7,4,2916
48.5,6,7,5,2925
48.5,6,7,6,2934
48.5,6,7,7,2943
48.5,6,7,8,2952
48.5,6,7,9,2961
48.5,6,7,10,2970
48.5,6,7,11,2979
48.5,6,7,12,2988
48.5,6,7,13,2997
48.5,6,7,14,3006
48.5,6,7,15,3015
48.5,6,8,0,2888
48.5,6,8,1,2898
48.5,6,8,2,2907
48.5,6,8,3,2916
48.5,6,8,4,2925
48.5,6,8,5,2934
48.5,6,8,6,2944
48.5,6,8,7,2953
48.5,6,8,8,2962
48.5,6,8,9,2971
48.5,6,8,10,2980
48.5,6,8,11,2989
48.5,6,8,12,2998
48.5,6,8,13,3007
48.5,6,8,14,3016
48.5,6,8,15,3025
48.5,6,9,0,2897
48.5,6,9,1,2907
48.5,6,9,2,2916
48.5,6,9,3,2925
48.5,6,9,4,2935
48.5,6,9,5,2944
48.5,6,9,6,2953
48.5,6,9,7,2962
48.5,6,9,8,2971
48.5,6,9,9,2980
48.5,6,9,10,2989
48.5,6,9,11,2998
48.5,6,9,12,3008
48.5,6,9,13,3017
48.5,6,9,14,3025
48.5,6,9,15,3034
48.5,6,10,0,2907
48.5,6,10,1,2916
48.5,6,10,2,2925
48.5,6,10,3,2935
48.5,6,10,4,2944
48.5,6,10,5,2953
48.5,6,10,6,2962
48.5,6,10,7,2971
48.5,6,10,8,2981
48.5,6,10,9,2990
48.5,6,10,10,2999
48.5,6,10,11,3008
48.5,6,10,12,3017
48.5,6,10,13,3026
48.5,6,10,14,3035
48.5,6,10,15,3044
48.5,6,11,0,2916
48.5,6,11,1,2925
48.5,6,11,2,2934
48.5,6,11,3,2944
48.5,6,11,4,2953
48.5,6,11,5,2962
48.5,6,11,6,2972
48.5,6,11,7,2981
48.5,6,11,8,2990
48.5,6,11,9,2999
48.5,6,11,10,3008
48.5,6,11,11,3017
48.5,6,11,12,3026
48.5,6,11,13,3036
48.5,6,11,14,3045
48.5,6,11,15,3054
48.5,6,12,0,2925
48.5,6,12,1,2934
48.5,6,12,2,2944
48.5,6,12,3,2953
48.5,6,12,4,2962
48.5,6,12,5,2972
48.5,6,12,6,2981
48.5,6,12,7,2990
48.5,6,12,8,2999
48.5,6,12,9,3009
48.5,6,12,10,3018
48.5,6,12,11,3027
48.5,6,12,12,3036
48.5,6,12,13,3045
48.5,6,12,14,3054
48.5,6,12,15,3063
48.5,6,13,0,2934
48.5,6,13,1,2943
48.5,6,13,2,2953
48.5,6,13,3,2962
48.5,6,13,4,2971
48.5,6,13,5,2981
48.5,6,13,6,2990
48.5,6,13,7,2999
48.5,6,13,8,3009
48.5,6,13,9,3018
48.5,6,13,10,3027
48.5,6,13,11,3036
48.5,6,13,12,3045
48.5,6,13,13,3054
48.5,6,13,14,3064
48.5,6,13,15,3073
48.5,6,14,0,2943
48.5,6,14,1,2952
48.5,6,14,2,2962
48.5,6,14,3,2971
48.5,6,14,4,2981
48.5,6,14,5,2990
48.5,6,14,6,2999
48.5,6,14,7,3009
48.5,6,14,8,3018
48.5,6,14,9,3027
48.5,6,14,10,3036
48.5,6,14,11,3046
48.5,6,14,12,3055
48.5,6,14,13,3064
48.5,6,14,14,3073
48.5,6,14,15,3082
48.5,6,15,0,2952
48.5,6,15,1,2961
48.5,6,15,2,2971
48.5,6,15,3,2980
48.5,6,15,4,2990
48.5,6,15,5,2999
48.5,6,15,6,3009
48.5,6,15,7,3018
48.5,6,15,8,3027
48.5,6,15,9,3036
48.5,6,15,10,3046
48.5,6,15,11,3055
48.5,6,15,12,3064
48.5,6,15,13,3073
48.5,6,15,14,3082
48.5,6,15,15,3091
48.5,7,0,0,2824
48.5,7,0,1,2833
48.5,7,0,2,2842
48.5,7,0,3,2851
48.5,7,0,4,2860
48.5,7,0,5,2869
48.5,7,0,6,2878
48.5,7,0,7,2887
48.5,7,0,8,2896
48.5,7,0,9,2905
48.5,7,0,10,2914
48.5,7,0,11,2923
48.5,7,0,12,2932
48.5,7,0,13,2940
48.5,7,0,14,2949
48.5,7,0,15,2958
48.5,7,1,0,2834
48.5,7,1,1,2843
48.5,7,1,2,2852
48.5,7,1,3,2861
48.5,7,1,4,2870
48.5,7,1,5,2879
48.5,7,1,6,2888
48.5,7,1,7,2897
48.5,7,1,8,2906
48.5,7,1,9,2915
48.5,7,1,10,2924
48.5,7,1,11,2933
48.5,7,1,12,2941
48.5,7,1,13,2950
48.5,7,1,14,2959
48.5,7,1,15,2968
48.5,7,2,0,2843
48.5,7,2,1,2852
48.5,7,2,2,2861
48.5,7,2,3,2871
48.5,7,2,4,2880
48.5,7,2,5,2889
48.5,7,2,6,2898
48.5,7,2,7,2907
48.5,7,2,8,2916
48.5,7,2,9,2925
48.5,7,2,10,2933
48.5,7,2,11,2942
48.5,7,2,12,2951
48.5,7,2,13,2960
48.5,7,2,14,2969
48.5,7,2,15,2978
48.5,7,3,0,2853
48.5,7,3,1,2862
48.5,7,3,2,2871
48.5,7,3,3,2880
48.5,7,3,4,2889
48.5,7,3,5,2898
48.5,7,3,6,2907
48.5,7,3,7,2916
48.5,7,3,8,2925
48.5,7,3,9,2934
48.5,7,3,10,2943
48.5,7,3,11,2952
48.5,7,3,12,2961
48.5,7,3,13,2970
48.5,7,3,14,2979
48.5,7,3,15,2987
48.5,7,4,0,2862
48.5,7,4,1,2871
48.5,7,4,2,2880
48.5,7,4,3,2889
48.5,7,4,4,2899
48.5,7,4,5,2908
48.5,7,4,6,2917
48.5,7,4,7,2926
48.5,7,4,8,2935
48.5,7,4,9,2944
48.5,7,4,10,2953
48.5,7,4,11,2962
48.5,7,4,12,2971
48.5,7,4,13,2980
48.5,7,4,14,2988
48.5,7,4,15,2997
48.5,7,5,0,2871
48.5,7,5,1,2880
48.5,7,5,2,2890
48.5,7,5,3,2899
48.5,7,5,4,2908
48.5,7,5,5,2917
48.5,7,5,6,2926
48.5,7,5,7,2935
48.5,7,5,8,2944
48.5,7,5,9,2953
48.5,7,5,10,2962
48.5,7,5,11,2971
48.5,7,5,12,2980
48.5,7,5,13,2989
48.5,7,5,14,2998
48.5,7,5,15,3007
48.5,7,6,0,2881
48.5,7,6,1,2890
48.5,7,6,2,2899
48.5,7,6,3,2908
48.5,7,6,4,2917
48.5,7,6,5,2927
48.5,7,6,6,2936
48.5,7,6,7,2945
48.5,7,6,8,2954
48.5,7,6,9,2963
48.5,7,6,10,2972
48.5,7,6,11,2981
48.5,7,6,12,2990
48.5,7,6,13,2999
48.5,7,6,14,3008
48.5,7,6,15,3017
48.5,7,7,0,2890
48.5,7,7,1,2899
48.5,7,7,2,2908
48.5,7,7,3,2918
48.5,7,7,4,2927
48.5,7,7,5,2936
48.5,7,7,6,2945
48.5,7,7,7,2954
48.5,7,7,8,2963
48.5,7,7,9,2973
48.5,7,7,10,2982
48.5,7,7,11,2991
48.5,7,7,12,3000
48.5,7,7,13,3009
48.5,7,7,14,3018
48.5,7,7,15,3026
48.5,7,8,0,2899
48.5,7,8,1,2908
48.5,7,8,2,2918
48.5,7,8,3,2927
48.5,7,8,4,2936
48.5,7,8,5,2945
48.5,7,8,6,2955
48.5,7,8,7,2964
48.5,7,8,8,2973
48.5,7,8,9,2982
48.5,7,8,10,2991
48.5,7,8,11,3000
48.5,7,8,12,3009
48.5,7,8,13,3018
48.5,7,8,14,3027
48.5,7,8,15,3036
48.5,7,9,0,2908
48.5,7,9,1,2918
48.5,7,9,2,2927
48.5,7,9,3,2936
48.5,7,9,4,2946
48.5,7,9,5,2955
48.5,7,9,6,2964
48.5,7,9,7,2973
48.5,7,9,8,2982
48.5,7,9,9,2992
48.5,7,9,10,3001
48.5,7,9,11,3010
48.5,7,9,12,3019
48.5,7,9,13,3028
48.5,7,9,14,3037
48.5,7,9,15,3046
48.5,7,10,0,2917
48.5,7,10,1,2927
48.5,7,10,2,2936
48.5,7,10,3,2946
48.5,7,10,4,2955
48.5,7,10,5,2964
48.5,7,10,6,2973
48.5,7,10,7,2983
48.5,7,10,8,2992
48.5,7,10,9,3001
48.5,7,10,10,3010
48.5,7,10,11,3019
48.5,7,10,12,3028
48.5,7,10,13,3037
48.5,7,10,14,3046
48.5,7,10,15,3055
48.5,7,11,0,2927
48.5,7,11,1,2936
48.5,7,11,2,2945
48.5,7,11,3,2955
48.5,7,11,4,2964
48.5,7,11,5,2973
48.5,7,11,6,2983
48.5,7,11,7,2992
48.5,7,11,8,3001
48.5,7,11,9,3010
48.5,7,11,10,3020
48.5,7,11,11,3029
48.5,7,11,12,3038
48.5,7,11,13,3047
48.5,7,11,14,3056
48.5,7,11,15,3065
48.5,7,12,0,2936
48.5,7,12,1,2945
48.5,7,12,2,2955
48.5,7,12,3,2964
48.5,7,12,4,2973
48.5,7,12,5,2983
48.5,7,12,6,2992
48.5,7,12,7,3001
48.5,7,12,8,3011
48.5,7,12,9,3020
48.5,7,12,10,3029
48.5,7,12,11,3038
48.5,7,12,12,3047
48.5,7,12,13,3056
48.5,7,12,14,3066
48.5,7,12,15,3075
48.5,7,13,0,2945
48.5,7,13,1,2954
48.5,7,13,2,2964
48.5,7,13,3,2973
48.5,7,13,4,2983
48.5,7,13,5,2992
48.5,7,13,6,3001
48.5,7,13,7,3011
48.5,7,13,8,3020
48.5,7,13,9,3029
48.5,7,13,10,3038
48.5,7,13,11,3048
48.5,7,13,12,3057
48.5,7,13,13,3066
48.5,7,13,14,3075
48.5,7,13,15,3084
48.5,7,14,0,2954
48.5,7,14,1,2963
48.5,7,14,2,2973
48.5,7,14,3,2982
48.5,7,14,4,2992
48.5,7,14,5,3001
48.5,7,14,6,3011
48.5,7,14,7,3020
48.5,7,14,8,3029
48.5,7,14,9,3039
48.5,7,14,10,3048
48.5,7,14,11,3057
48.5,7,14,12,3066
48.5,7,14,13,3075
48.5,7,14,14,3084
48.5,7,14,15,3094
48.5,7,15,0,2963
48.5,7,15,1,2973
48.5,7,15,2,2982
48.5,7,15,3,2992
48.5,7,15,4,3001
48.5,7,15,5,3010
48.5,7,15,6,3020
48.5,7,15,7,3029
48.5,7,15,8,3039
48.5,7,15,9,3048
48.5,7,15,10,3057
48.5,7,15,11,3066
48.5,7,15,12,3076
48.5,7,15,13,3085
48.5,7,15,14,3094
48.5,7,15,15,3103
48.5,8,0,0,2835
48.5,8,0,1,2844
48.5,8,0,2,2853
48.5,8,0,3,2862
48.5,8,0,4,2871
48.5,8,0,5,2880
48.5,8,0,6,2889
48.5,8,0,7,2898
48.5,8,0,8,2907
48.5,8,0,9,2916
48.5,8,0,10,2925
48.5,8,0,11,2934
48.5,8,0,12,2942
48.5,8,0,13,2951
48.5,8,0,14,2960
48.5,8,0,15,2969
48.5,8,1,0,2844
48.5,8,1,1,2853
48.5,8,1,2,2863
48.5,8,1,3,2872
48.5,8,1,4,2881
48.5,8,1,5,2890
48.5,8,1,6,2899
48.5,8,1,7,2908
48.5,8,1,8,2917
48.5,8,1,9,2926
48.5,8,1,10,2935
48.5,8,1,11,2943
48.5,8,1,12,2952
48.5,8,1,13,2961
48.5,8,1,14,2970
48.5,8,1,15,2979
48.5,8,2,0,2854
48.5,8,2,1,2863
48.5,8,2,2,2872
48.5,8,2,3,2881
48.5,8,2,4,2890
48.5,8,2,5,2899
48.5,8,2,6,2908
48.5,8,2,7,2917
48.5,8,2,8,2926
48.5,8,2,9,2935
48.5,8,2,10,2944
48.5,8,2,11,2953
48.5,8,2,12,2962
48.5,8,2,13,2971
48.5,8,2,14,2980
48.5,8,2,15,2989
48.5,8,3,0,2863
48.5,8,3,1,2872
48.5,8,3,2,2882
48.5,8,3,3,2891
48.5,8,3,4,2900
48.5,8,3,5,2909
48.5,8,3,6,2918
48.5,8,3,7,2927
48.5,8,3,8,2936
48.5,8,3,9,2945
48.5,8,3,10,2954
48.5,8,3,11,2963
48.5,8,3,12,2972
48.5,8,3,13,2981
48.5,8,3,14,2990
48.5,8,3,15,2999
48.5,8,4,0,2873
48.5,8,4,1,2882
48.5,8,4,2,2891
48.5,8,4,3,2900
48.5,8,4,4,2909
48.5,8,4,5,2919
48.5,8,4,6,2928
48.5,8,4,7,2937
48.5,8,4,8,2946
48.5,8,4,9,2955
48.5,8,4,10,2964
48.5,8,4,11,2973
48.5,8,4,12,2982
48.5,8,4,13,2991
48.5,8,4,14,3000
48.5,8,4,15,3008
48.5,8,5,0,2882
48.5,8,5,1,2891
48.5,8,5,2,2900
48.5,8,5,3,2910
48.5,8,5,4,2919
48.5,8,5,5,2928
48.5,8,5,6,2937
48.5,8,5,7,2946
48.5,8,5,8,2955
48.5,8,5,9,2964
48.5,8,5,10,2973
48.5,8,5,11,2982
48.5,8,5,12,2991
48.5,8,5,13,3000
48.5,8,5,14,3009
48.5,8,5,15,3018
48.5,8,6,0,2891
48.5,8,6,1,2901
48.5,8,6,2,2910
48.5,8,6,3,2919
48.5,8,6,4,2928
48.5,8,6,5,2938
48.5,8,6,6,2947
48.5,8,6,7,2956
48.5,8,6,8,2965
48.5,8,6,9,2974
48.5,8,6,10,2983
48.5,8,6,11,2992
48.5,8,6,12,3001
48.5,8,6,13,3010
48.5,8,6,14,3019
48.5,8,6,15,3028
48.5,8,7,0,2901
48.5,8,7,1,2910
48.5,8,7,2,2919
48.5,8,7,3,2929
48.5,8,7,4,2938
48.5,8,7,5,2947
48.5,8,7,6,2956
48.5,8,7,7,2965
48.5,8,7,8,2975
48.5,8,7,9,2984
48.5,8,7,10,2993
48.5,8,7,11,3002
48.5,8,7,12,3011
48.5,8,7,13,3020
48.5,8,7,14,3029
48.5,8,7,15,3038
48.5,8,8,0,2910
48.5,8,8,1,2919
48.5,8,8,2,2929
48.5,8,8,3,2938
48.5,8,8,4,2947
48.5,8,8,5,2956
48.5,8,8,6,2966
48.5,8,8,7,2975
48.5,8,8,8,2984
48.5,8,8,9,2993
48.5,8,8,10,3002
48.5,8,8,11,3011
48.5,8,8,12,3020
48.5,8,8,13,3029
48.5,8,8,14,3038
48.5,8,8,15,3047
48.5,8,9,0,2919
48.5,8,9,1,2929
48.5,8,9,2,2938
48.5,8,9,3,2947
48.5,8,9,4,2957
48.5,8,9,5,2966
48.5,8,9,6,2975
48.5,8,9,7,2984
48.5,8,9,8,2994
48.5,8,9,9,3003
48.5,8,9,10,3012
48.5,8,9,11,3021
48.5,8,9,12,3030
48.5,8,9,13,3039
48.5,8,9,14,3048
48.5,8,9,15,3057
48.5,8,10,0,2928
48.5,8,10,1,2938
48.5,8,10,2,2947
48.5,8,10,3,2957
48.5,8,10,4,2966
48.5,8,10,5,2975
48.5,8,10,6,2985
48.5,8,10,7,2994
48.5,8,10,8,3003
48.5,8,10,9,3012
48.5,8,10,10,3021
48.5,8,10,11,3031
48.5,8,10,12,3040
48.5,8,10,13,3049
48.5,8,10,14,3058
48.5,8,10,15,3067
48.5,8,11,0,2938
48.5,8,11,1,2947
48.5,8,11,2,2956
48.5,8,11,3,2966
48.5,8,11,4,2975
48.5,8,11,5,2985
48.5,8,11,6,2994
48.5,8,11,7,3003
48.5,8,11,8,3012
48.5,8,11,9,3022
48.5,8,11,10,3031
48.5,8,11,11,3040
48.5,8,11,12,3049
48.5,8,11,13,3058
48.5,8,11,14,3067
48.5,8,11,15,3076
48.5,8,12,0,2947
48.5,8,12,1,2956
48.5,8,12,2,2966
48.5,8,12,3,2975
48.5,8,12,4,2985
48.5,8,12,5,2994
48.5,8,12,6,3003
48.5,8,12,7,3013
48.5,8,12,8,3022
48.5,8,12,9,3031
48.5,8,12,10,3040
48.5,8,12,11,3050
48.5,8,12,12,3059
48.5,8,12,13,3068
48.5,8,12,14,3077
48.5,8,12,15,3086
48.5,8,13,0,2956
48.5,8,13,1,2965
48.5,8,13,2,2975
48.5,8,13,3,2984
48.5,8,13,4,2994
48.5,8,13,5,3003
48.5,8,13,6,3013
48.5,8,13,7,3022
48.5,8,13,8,3031
48.5,8,13,9,3040
48.5,8,13,10,3050
48.5,8,13,11,3059
48.5,8,13,12,3068
48.5,8,13,13,3077
48.5,8,13,14,3086
48.5,8,13,15,3096
48.5,8,14,0,2965
48.5,8,14,1,2975
48.5,8,14,2,2984
48.5,8,14,3,2994
48.5,8,14,4,3003
48.5,8,14,5,3012
48.5,8,14,6,3022
48.5,8,14,7,3031
48.5,8,14,8,3041
48.5,8,14,9,3050
48.5,8,14,10,3059
48.5,8,14,11,3068
48.5,8,14,12,3078
48.5,8,14,13,3087
48.5,8,14,14,3096
48.5,8,14,15,3105
48.5,8,15,0,2974
48.5,8,15,1,2984
48.5,8,15,2,2993
48.5,8,15,3,3003
48.5,8,15,4,3012
48.5,8,15,5,3022
48.5,8,15,6,3031
48.5,8,15,7,3040
48.5,8,15,8,3050
48.5,8,15,9,3059
48.5,8,15,10,3069
48.5,8,15,11,3078
48.5,8,15,12,3087
48.5,8,15,13,3096
48.5,8,15,14,3105
48.5,8,15,15,3115
48.5,9,0,0,2845
48.5,9,0,1,2854
48.5,9,0,2,2864
48.5,9,0,3,2873
48.5,9,0,4,2882
48.5,9,0,5,2891
48.5,9,0,6,2900
48.5,9,0,7,2909
48.5,9,0,8,2918
48.5,9,0,9,2927
48.5,9,0,10,2936
48.5,9,0,11,2945
48.5,9,0,12,2953
48.5,9,0,13,2962
48.5,9,0,14,2971
48.5,9,0,15,2980
48.5,9,1,0,2855
48.5,9,1,1,2864
48.5,9,1,2,2873
48.5,9,1,3,2882
48.5,9,1,4,2891
48.5,9,1,5,2901
48.5,9,1,6,2910
48.5,9,1,7,2919
48.5,9,1,8,2928
48.5,9,1,9,2937
48.5,9,1,10,2946
48.5,9,1,11,2954
48.5,9,1,12,2963
48.5,9,1,13,2972
48.5,9,1,14,2981
48.5,9,1,15,2990
48.5,9,2,0,2864
48.5,9,2,1,2874
48.5,9,2,2,2883
48.5,9,2,3,2892
48.5,9,2,4,2901
48.5,9,2,5,2910
48.5,9,2,6,2919
48.5,9,2,7,2928
48.5,9,2,8,2937
48.5,9,2,9,2946
48.5,9,2,10,2955
48.5,9,2,11,2964
48.5,9,2,12,2973
48.5,9,2,13,2982
48.5,9,2,14,2991
48.5,9,2,15,3000
48.5,9,3,0,2874
48.5,9,3,1,2883
48.5,9,3,2,2892
48.5,9,3,3,2901
48.5,9,3,4,2911
48.5,9,3,5,2920
48.5,9,3,6,2929
48.5,9,3,7,2938
48.5,9,3,8,2947
48.5,9,3,9,2956
48.5,9,3,10,2965
48.5,9,3,11,2974
48.5,9,3,12,2983
48.5,9,3,13,2992
48.5,9,3,14,3001
48.5,9,3,15,3010
48.5,9,4,0,2883
48.5,9,4,1,2893
48.5,9,4,2,2902
48.5,9,4,3,2911
48.5,9,4,4,2920
48.5,9,4,5,2929
48.5,9,4,6,2939
48.5,9,4,7,2948
48.5,9,4,8,2957
48.5,9,4,9,2966
48.5,9,4,10,2975
48.5,9,4,11,2984
48.5,9,4,12,2993
48.5,9,4,13,3002
48.5,9,4,14,3011
48.5,9,4,15,3020
48.5,9,5,0,2893
48.5,9,5,1,2902
48.5,9,5,2,2911
48.5,9,5,3,2921
48.5,9,5,4,2930
48.5,9,5,5,2939
48.5,9,5,6,2948
48.5,9,5,7,2957
48.5,9,5,8,2966
48.5,9,5,9,2975
48.5,9,5,10,2985
48.5,9,5,11,2994
48.5,9,5,12,3003
48.5,9,5,13,3012
48.5,9,5,14,3020
48.5,9,5,15,3029
48.5,9,6,0,2902
48.5,9,6,1,2911
48.5,9,6,2,2921
48.5,9,6,3,2930
48.5,9,6,4,2939
48.5,9,6,5,2948
48.5,9,6,6,2958
48.5,9,6,7,2967
48.5,9,6,8,2976
48.5,9,6,9,2985
48.5,9,6,10,2994
48.5,9,6,11,3003
48.5,9,6,12,3012
48.5,9,6,13,3021
48.5,9,6,14,3030
48.5,9,6,15,3039
48.5,9,7,0,2911
48.5,9,7,1,2921
48.5,9,7,2,2930
48.5,9,7,3,2939
48.5,9,7,4,2949
48.5,9,7,5,2958
48.5,9,7,6,2967
48.5,9,7,7,2976
48.5,9,7,8,2986
48.5,9,7,9,2995
48.5,9,7,10,3004
48.5,9,7,11,3013
48.5,9,7,12,3022
48.5,9,7,13,3031
48.5,9,7,14,3040
48.5,9,7,15,3049
48.5,9,8,0,2921
48.5,9,8,1,2930
48.5,9,8,2,2939
48.5,9,8,3,2949
48.5,9,8,4,2958
48.5,9,8,5,2967
48.5,9,8,6,2977
48.5,9,8,7,2986
48.5,9,8,8,2995
48.5,9,8,9,3004
48.5,9,8,10,3013
48.5,9,8,11,3023
48.5,9,8,12,3032
48.5,9,8,13,3041
48.5,9,8,14,3050
48.5,9,8,15,3059
48.5,9,9,0,2930
48.5,9,9,1,2939
48.5,9,9,2,2949
48.5,9,9,3,2958
48.5,9,9,4,2968
48.5,9,9,5,2977
48.5,9,9,6,2986
48.5,9,9,7,2995
48.5,9,9,8,3005
48.5,9,9,9,3014
48.5,9,9,10,3023
48.5,9,9,11,3032
48.5,9,9,12,3041
48.5,9,9,13,3050
48.5,9,9,14,3059
48.5,9,9,15,3069
48.5,9,10,0,2939
48.5,9,10,1,2949
48.5,9,10,2,2958
48.5,9,10,3,2968
48.5,9,10,4,2977
48.5,9,10,5,2986
48.5,9,10,6,2996
48.5,9,10,7,3005
48.5,9,10,8,3014
48.5,9,10,9,3023
48.5,9,10,10,3033
48.5,9,10,11,3042
48.5,9,10,12,3051
48.5,9,10,13,3060
48.5,9,10,14,3069
48.5,9,10,15,3078
48.5,9,11,0,2948
48.5,9,11,1,2958
48.5,9,11,2,2967
48.5,9,11,3,2977
48.5,9,11,4,2986
48.5,9,11,5,2996
48.5,9,11,6,3005
48.5,9,11,7,3014
48.5,9,11,8,3024
48.5,9,11,9,3033
48.5,9,11,10,3042
48.5,9,11,11,3051
48.5,9,11,12,3061
48.5,9,11,13,3070
48.5,9,11,14,3079
48.5,9,11,15,3088
48.5,9,12,0,2958
48.5,9,12,1,2967
48.5,9,12,2,2977
48.5,9,12,3,2986
48.5,9,12,4,2996
48.5,9,12,5,3005
48.5,9,12,6,3014
48.5,9,12,7,3024
48.5,9,12,8,3033
48.5,9,12,9,3042
48.5,9,12,10,3052
48.5,9,12,11,3061
48.5,9,12,12,3070
48.5,9,12,13,3079
48.5,9,12,14,3088
48.5,9,12,15,3098
48.5,9,13,0,2967
48.5,9,13,1,2976
48.5,9,13,2,2986
48.5,9,13,3,2995
48.5,9,13,4,3005
48.5,9,13,5,3014
48.5,9,13,6,3024
48.5,9,13,7,3033
48.5,9,13,8,3042
48.5,9,13,9,3052
48.5,9,13,10,3061
48.5,9,13,11,3070
48.5,9,13,12,3080
48.5,9,13,13,3089
48.5,9,13,14,3098
48.5,9,13,15,3107
48.5,9,14,0,2976
48.5,9,14,1,2986
48.5,9,14,2,2995
48.5,9,14,3,3005
48.5,9,14,4,3014
48.5,9,14,5,3024
48.5,9,14,6,3033
48.5,9,14,7,3042
48.5,9,14,8,3052
48.5,9,14,9,3061
48.5,9,14,10,3071
48.5,9,14,11,3080
48.5,9,14,12,3089
48.5,9,14,13,3098
48.5,9,14,14,3108
48.5,9,14,15,3117
48.5,9,15,0,2985
48.5,9,15,1,2995
48.5,9,15,2,3004
48.5,9,15,3,3014
48.5,9,15,4,3023
48.5,9,15,5,3033
48.5,9,15,6,3042
48.5,9,15,7,3052
48.5,9,15,8,3061
48.5,9,15,9,3071
48.5,9,15,10,3080
48.5,9,15,11,3089
48.5,9,15,12,3099
48.5,9,15,13,3108
48.5,9,15,14,3117
48.5,9,15,15,3126
48.5,10,0,0,2856
48.5,10,0,1,2865
48.5,10,0,2,2874
48.5,10,0,3,2883
48.5,10,0,4,2892
48.5,10,0,5,2902
48.5,10,0,6,2911
48.5,10,0,7,2920
48.5,10,0,8,2929
48.5,10,0,9,2938
48.5,10,0,10,2947
48.5,10,0,11,2955
48.5,10,0,12,2964
48.5,10,0,13,2973
48.5,10,0,14,2982
48.5,10,0,15,2991
48.5,10,1,0,2865
48.5,10,1,1,2875
48.5,10,1,2,2884
48.5,10,1,3,2893
48.5,10,1,4,2902
48.5,10,1,5,2911
48.5,10,1,6,2920
48.5,10,1,7,2929
48.5,10,1,8,2938
48.5,10,1,9,2947
48.5,10,1,10,2956
48.5,10,1,11,2965
48.5,10,1,12,2974
48.5,10,1,13,2983
48.5,10,1,14,2992
48.5,10,1,15,3001
48.5,10,2,0,2875
48.5,10,2,1,2884
48.5,10,2,2,2893
48.5,10,2,3,2903
48.5,10,2,4,2912
48.5,10,2,5,2921
48.5,10,2,6,2930
48.5,10,2,7,2939
48.5,10,2,8,2948
48.5,10,2,9,2957
48.5,10,2,10,2966
48.5,10,2,11,2975
48.5,10,2,12,2984
48.5,10,2,13,2993
48.5,10,2,14,3002
48.5,10,2,15,3011
48.5,10,3,0,2884
48.5,10,3,1,2894
48.5,10,3,2,2903
48.5,10,3,3,2912
48.5,10,3,4,2921
48.5,10,3,5,2931
48.5,10,3,6,2940
48.5,10,3,7,2949
48.5,10,3,8,2958
48.5,10,3,9,2967
48.5,10,3,10,2976
48.5,10,3,11,2985
48.5,10,3,12,2994
48.5,10,3,13,3003
48.5,10,3,14,3012
48.5,10,3,15,3021
48.5,10,4,0,2894
48.5,10,4,1,2903
48.5,10,4,2,2913
48.5,10,4,3,2922
48.5,10,4,4,2931
48.5,10,4,5,2940
48.5,10,4,6,2949
48.5,10,4,7,2959
48.5,10,4,8,2968
48.5,10,4,9,2977
48.5,10,4,10,2986
48.5,10,4,11,2995
48.5,10,4,12,3004
48.5,10,4,13,3013
48.5,10,4,14,3022
48.5,10,4,15,3031
48.5,10,5,0,2903
48.5,10,5,1,2913
48.5,10,5,2,2922
48.5,10,5,3,2931
48.5,10,5,4,2941
48.5,10,5,5,2950
48.5,10,5,6,2959
48.5,10,5,7,2968
48.5,10,5,8,2977
48.5,10,5,9,2986
48.5,10,5,10,2996
48.5,10,5,11,3005
48.5,10,5,12,3014
48.5,10,5,13,3023
48.5,10,5,14,3032
48.5,10,5,15,3041
48.5,10,6,0,2913
48.5,10,6,1,2922
48.5,10,6,2,2932
48.5,10,6,3,2941
48.5,10,6,4,2950
48.5,10,6,5,2959
48.5,10,6,6,2969
48.5,10,6,7,2978
48.5,10,6,8,2987
48.5,10,6,9,2996
48.5,10,6,10,3005
48.5,10,6,11,3014
48.5,10,6,12,3023
48.5,10,6,13,3032
48.5,10,6,14,3042
48.5,10,6,15,3050
48.5,10,7,0,2922
48.5,10,7,1,2932
48.5,10,7,2,2941
48.5,10,7,3,2950
48.5,10,7,4,2960
48.5,10,7,5,2969
48.5,10,7,6,2978
48.5,10,7,7,2987
48.5,10,7,8,2997
48.5,10,7,9,3006
48.5,10,7,10,3015
48.5,10,7,11,3024
48.5,10,7,12,3033
48.5,10,7,13,3042
48.5,10,7,14,3051
48.5,10,7,15,3060
48.5,10,8,0,2932
48.5,10,8,1,2941
48.5,10,8,2,2950
48.5,10,8,3,2960
48.5,10,8,4,2969
48.5,10,8,5,2978
48.5,10,8,6,2988
48.5,10,8,7,2997
48.5,10,8,8,3006
48.5,10,8,9,3015
48.5,10,8,10,3025
48.5,10,8,11,3034
48.5,10,8,12,3043
48.5,10,8,13,3052
48.5,10,8,14,3061
48.5,10,8,15,3070
48.5,10,9,0,2941
48.5,10,9,1,2950
48.5,10,9,2,2960
48.5,10,9,3,2969
48.5,10,9,4,2979
48.5,10,9,5,2988
48.5,10,9,6,2997
48.5,10,9,7,3007
48.5,10,9,8,3016
48.5,10,9,9,3025
48.5,10,9,10,3034
48.5,10,9,11,3043
48.5,10,9,12,3053
48.5,10,9,13,3062
48.5,10,9,14,3071
48.5,10,9,15,3080
48.5,10,10,0,2950
48.5,10,10,1,2960
48.5,10,10,2,2969
48.5,10,10,3,2979
48.5,10,10,4,2988
48.5,10,10,5,2997
48.5,10,10,6,3007
48.5,10,10,7,3016
48.5,10,10,8,3025
48.5,10,10,9,3035
48.5,10,10,10,3044
48.5,10,10,11,3053
48.5,10,10,12,3062
48.5,10,10,13,3071
48.5,10,10,14,3081
48.5,10,10,15,3090
48.5,10,11,0,2959
48.5,10,11,1,2969
48.5,10,11,2,2978
48.5,10,11,3,2988
48.5,10,11,4,2997
48.5,10,11,5,3007
48.5,10,11,6,3016
48.5,10,11,7,3025
48.5,10,11,8,3035
48.5,10,11,9,3044
48.5,10,11,10,3053
48.5,10,11,11,3063
48.5,10,11,12,3072
48.5,10,11,13,3081
48.5,10,11,14,3090
48.5,10,11,15,3099
48.5,10,12,0,2969
48.5,10,12,1,2978
48.5,10,12,2,2988
48.5,10,12,3,2997
48.5,10,12,4,3007
48.5,10,12,5,3016
48.5,10,12,6,3026
48.5,10,12,7,3035
48.5,10,12,8,3044
48.5,10,12,9,3054
48.5,10,12,10,3063
48.5,10,12,11,3072
48.5,10,12,12,3081
48.5,10,12,13,3091
48.5,10,12,14,3100
48.5,10,12,15,3109
48.5,10,13,0,2978
48.5,10,13,1,2987
48.5,10,13,2,2997
48.5,10,13,3,3007
48.5,10,13,4,3016
48.5,10,13,5,3025
48.5,10,13,6,3035
48.5,10,13,7,3044
48.5,10,13,8,3054
48.5,10,13,9,3063
48.5,10,13,10,3072
48.5,10,13,11,3082
48.5,10,13,12,3091
48.5,10,13,13,3100
48.5,10,13,14,3109
48.5,10,13,15,3119
48.5,10,14,0,2987
48.5,10,14,1,2997
48.5,10,14,2,3006
48.5,10,14,3,3016
48.5,10,14,4,3025
48.5,10,14,5,3035
48.5,10,14,6,3044
48.5,10,14,7,3054
48.5,10,14,8,3063
48.5,10,14,9,3073
48.5,10,14,10,3082
48.5,10,14,11,3091
48.5,10,14,12,3101
48.5,10,14,13,3110
48.5,10,14,14,3119
48.5,10,14,15,3128
48.5,10,15,0,2996
48.5,10,15,1,3006
48.5,10,15,2,3015
48.5,10,15,3,3025
48.5,10,15,4,3035
48.5,10,15,5,3044
48.5,10,15,6,3054
48.5,10,15,7,3063
48.5,10,15,8,3073
48.5,10,15,9,3082
48.5,10,15,10,3091
48.5,10,15,11,3101
48.5,10,15,12,3110
48.5,10,15,13,3119
48.5,10,15,14,3129
48.5,10,15,15,3138
48.5,11,0,0,2866
48.5,11,0,1,2876
48.5,11,0,2,2885
48.5,11,0,3,2894
48.5,11,0,4,2903
48.5,11,0,5,2912
48.5,11,0,6,2921
48.5,11,0,7,2930
48.5,11,0,8,2939
48.5,11,0,9,2948
48.5,11,0,10,2957
48.5,11,0,11,2966
48.5,11,0,12,2975
48.5,11,0,13,2984
48.5,11,0,14,2993
48.5,11,0,15,3002
48.5,11,1,0,2876
48.5,11,1,1,2885
48.5,11,1,2,2894
48.5,11,1,3,2904
48.5,11,1,4,2913
48.5,11,1,5,2922
48.5,11,1,6,2931
48.5,11,1,7,2940
48.5,11,1,8,2949
48.5,11,1,9,2958
48.5,11,1,10,2967
48.5,11,1,11,2976
48.5,11,1,12,2985
48.5,11,1,13,2994
48.5,11,1,14,3003
48.5,11,1,15,3012
48.5,11,2,0,2886
48.5,11,2,1,2895
48.5,11,2,2,2904
48.5,11,2,3,2913
48.5,11,2,4,2923
48.5,11,2,5,2932
48.5,11,2,6,2941
48.5,11,2,7,2950
48.5,11,2,8,2959
48.5,11,2,9,2968
48.5,11,2,10,2977
48.5,11,2,11,2986
48.5,11,2,12,2995
48.5,11,2,13,3004
48.5,11,2,14,3013
48.5,11,2,15,3022
48.5,11,3,0,2895
48.5,11,3,1,2904
48.5,11,3,2,2914
48.5,11,3,3,2923
48.5,11,3,4,2932
48.5,11,3,5,2941
48.5,11,3,6,2951
48.5,11,3,7,2960
48.5,11,3,8,2969
48.5,11,3,9,2978
48.5,11,3,10,2987
48.5,11,3,11,2996
48.5,11,3,12,3005
48.5,11,3,13,3014
48.5,11,3,14,3023
48.5,11,3,15,3032
48.5,11,4,0,2905
48.5,11,4,1,2914
48.5,11,4,2,2923
48.5,11,4,3,2933
48.5,11,4,4,2942
48.5,11,4,5,2951
48.5,11,4,6,2960
48.5,11,4,7,2969
48.5,11,4,8,2979
48.5,11,4,9,2988
48.5,11,4,10,2997
48.5,11,4,11,3006
48.5,11,4,12,3015
48.5,11,4,13,3024
48.5,11,4,14,3033
48.5,11,4,15,3042
48.5,11,5,0,2914
48.5,11,5,1,2923
48.5,11,5,2,2933
48.5,11,5,3,2942
48.5,11,5,4,2951
48.5,11,5,5,2961
48.5,11,5,6,2970
48.5,11,5,7,2979
48.5,11,5,8,2988
48.5,11,5,9,2998
48.5,11,5,10,3007
48.5,11,5,11,3016
48.5,11,5,12,3025
48.5,11,5,13,3034
48.5,11,5,14,3043
48.5,11,5,15,3052
48.5,11,6,0,2924
48.5,11,6,1,2933
48.5,11,6,2,2942
48.5,11,6,3,2952
48.5,11,6,4,2961
48.5,11,6,5,2970
48.5,11,6,6,2980
48.5,11,6,7,2989
48.5,11,6,8,2998
48.5,11,6,9,3007
48.5,11,6,10,3016
48.5,11,6,11,3026
48.5,11,6,12,3035
48.5,11,6,13,3044
48.5,11,6,14,3053
48.5,11,6,15,3062
48.5,11,7,0,2933
48.5,11,7,1,2942
48.5,11,7,2,2952
48.5,11,7,3,2961
48.5,11,7,4,2971
48.5,11,7,5,2980
48.5,11,7,6,2989
48.5,11,7,7,2998
48.5,11,7,8,3008
48.5,11,7,9,3017
48.5,11,7,10,3026
48.5,11,7,11,3035
48.5,11,7,12,3044
48.5,11,7,13,3053
48.5,11,7,14,3063
48.5,11,7,15,3072
48.5,11,8,0,2942
48.5,11,8,1,2952
48.5,11,8,2,2961
48.5,11,8,3,2971
48.5,11,8,4,2980
48.5,11,8,5,2989
48.5,11,8,6,2999
48.5,11,8,7,3008
48.5,11,8,8,3017
48.5,11,8,9,3027
48.5,11,8,10,3036
48.5,11,8,11,3045
48.5,11,8,12,3054
48.5,11,8,13,3063
48.5,11,8,14,3072
48.5,11,8,15,3081
48.5,11,9,0,2952
48.5,11,9,1,2961
48.5,11,9,2,2971
48.5,11,9,3,2980
48.5,11,9,4,2990
48.5,11,9,5,2999
48.5,11,9,6,3008
48.5,11,9,7,3018
48.5,11,9,8,3027
48.5,11,9,9,3036
48.5,11,9,10,3045
48.5,11,9,11,3055
48.5,11,9,12,3064
48.5,11,9,13,3073
48.5,11,9,14,3082
48.5,11,9,15,3091
48.5,11,10,0,2961
48.5,11,10,1,2971
48.5,11,10,2,2980
48.5,11,10,3,2990
48.5,11,10,4,2999
48.5,11,10,5,3008
48.5,11,10,6,3018
48.5,11,10,7,3027
48.5,11,10,8,3036
48.5,11,10,9,3046
48.5,11,10,10,3055
48.5,11,10,11,3064
48.5,11,10,12,3074
48.5,11,10,13,3083
48.5,11,10,14,3092
48.5,11,10,15,3101
48.5,11,11,0,2970
48.5,11,11,1,2980
48.5,11,11,2,2989
48.5,11,11,3,2999
48.5,11,11,4,3008
48.5,11,11,5,3018
48.5,11,11,6,3027
48.5,11,11,7,3037
48.5,11,11,8,3046
48.5,11,11,9,3055
48.5,11,11,10,3065
48.5,11,11,11,3074
48.5,11,11,12,3083
48.5,11,11,13,3092
48.5,11,11,14,3102
48.5,11,11,15,3111
48.5,11,12,0,2980
48.5,11,12,1,2989
48.5,11,12,2,2999
48.5,11,12,3,3008
48.5,11,12,4,3018
48.5,11,12,5,3027
48.5,11,12,6,3037
48.5,11,12,7,3046
48.5,11,12,8,3056
48.5,11,12,9,3065
48.5,11,12,10,3074
48.5,11,12,11,3084
48.5,11,12,12,3093
48.5,11,12,13,3102
48.5,11,12,14,3111
48.5,11,12,15,3120
48.5,11,13,0,2989
48.5,11,13,1,2998
48.5,11,13,2,3008
48.5,11,13,3,3018
48.5,11,13,4,3027
48.5,11,13,5,3037
48.5,11,13,6,3046
48.5,11,13,7,3056
48.5,11,13,8,3065
48.5,11,13,9,3074
48.5,11,13,10,3084
48.5,11,13,11,3093
48.5,11,13,12,3102
48.5,11,13,13,3112
48.5,11,13,14,3121
48.5,11,13,15,3130
48.5,11,14,0,2998
48.5,11,14,1,3008
48.5,11,14,2,3017
48.5,11,14,3,3027
48.5,11,14,4,3036
48.5,11,14,5,3046
48.5,11,14,6,3056
48.5,11,14,7,3065
48.5,11,14,8,3074
48.5,11,14,9,3084
48.5,11,14,10,3093
48.5,11,14,11,3103
48.5,11,14,12,3112
48.5,11,14,13,3121
48.5,11,14,14,3131
48.5,11,14,15,3140
48.5,11,15,0,3007
48.5,11,15,1,3017
48.5,11,15,2,3027
48.5,11,15,3,3036
48.5,11,15,4,3046
48.5,11,15,5,3055
48.5,11,15,6,3065
48.5,11,15,7,3074
48.5,11,15,8,3084
48.5,11,15,9,3093
48.5,11,15,10,3103
48.5,11,15,11,3112
48.5,11,15,12,3121
48.5,11,15,13,3131
48.5,11,15,14,3140
48.5,11,15,15,3149
48.5,12,0,0,2877
48.5,12,0,1,2886
48.5,12,0,2,2895
48.5,12,0,3,2905
48.5,12,0,4,2914
48.5,12,0,5,2923
48.5,12,0,6,2932
48.5,12,0,7,2941
48.5,12,0,8,2950
48.5,12,0,9,2959
48.5,12,0,10,2968
48.5,12,0,11,2977
48.5,12,0,12,2986
48.5,12,0,13,2995
48.5,12,0,14,3004
48.5,12,0,15,3013
48.5,12,1,0,2887
48.5,12,1,1,2896
48.5,12,1,2,2905
48.5,12,1,3,2914
48.5,12,1,4,2924
48.5,12,1,5,2933
48.5,12,1,6,2942
48.5,12,1,7,2951
48.5,12,1,8,2960
48.5,12,1,9,2969
48.5,12,1,10,2978
48.5,12,1,11,2987
48.5,12,1,12,2996
48.5,12,1,13,3005
48.5,12,1,14,3014
48.5,12,1,15,3023
48.5,12,2,0,2896
48.5,12,2,1,2905
48.5,12,2,2,2915
48.5,12,2,3,2924
48.5,12,2,4,2933
48.5,12,2,5,2943
48.5,12,2,6,2952
48.5,12,2,7,2961
48.5,12,2,8,2970
48.5,12,2,9,2979
48.5,12,2,10,2988
48.5,12,2,11,2997
48.5,12,2,12,3006
48.5,12,2,13,3015
48.5,12,2,14,3024
48.5,12,2,15,3033
48.5,12,3,0,2906
48.5,12,3,1,2915
48.5,12,3,2,2924
48.5,12,3,3,2934
48.5,12,3,4,2943
48.5,12,3,5,2952
48.5,12,3,6,2961
48.5,12,3,7,2971
48.5,12,3,8,2980
48.5,12,3,9,2989
48.5,12,3,10,2998
48.5,12,3,11,3007
48.5,12,3,12,3016
48.5,12,3,13,3025
48.5,12,3,14,3034
48.5,12,3,15,3043
48.5,12,4,0,2915
48.5,12,4,1,2925
48.5,12,4,2,2934
48.5,12,4,3,2943
48.5,12,4,4,2953
48.5,12,4,5,2962
48.5,12,4,6,2971
48.5,12,4,7,2980
48.5,12,4,8,2990
48.5,12,4,9,2999
48.5,12,4,10,3008
48.5,12,4,11,3017
48.5,12,4,12,3026
48.5,12,4,13,3035
48.5,12,4,14,3044
48.5,12,4,15,3053
48.5,12,5,0,2925
48.5,12,5,1,2934
48.5,12,5,2,2944
48.5,12,5,3,2953
48.5,12,5,4,2962
48.5,12,5,5,2972
48.5,12,5,6,2981
48.5,12,5,7,2990
48.5,12,5,8,2999
48.5,12,5,9,3009
48.5,12,5,10,3018
48.5,12,5,11,3027
48.5,12,5,12,3036
48.5,12,5,13,3045
48.5,12,5,14,3054
48.5,12,5,15,3063
48.5,12,6,0,2934
48.5,12,6,1,2944
48.5,12,6,2,2953
48.5,12,6,3,2963
48.5,12,6,4,2972
48.5,12,6,5,2981
48.5,12,6,6,2991
48.5,12,6,7,3000
48.5,12,6,8,3009
48.5,12,6,9,3018
48.5,12,6,10,3027
48.5,12,6,11,3037
48.5,12,6,12,3046
48.5,12,6,13,3055
48.5,12,6,14,3064
48.5,12,6,15,3073
48.5,12,7,0,2944
48.5,12,7,1,2953
48.5,12,7,2,2963
48.5,12,7,3,2972
48.5,12,7,4,2981
48.5,12,7,5,2991
48.5,12,7,6,3000
48.5,12,7,7,3009
48.5,12,7,8,3019
48.5,12,7,9,3028
48.5,12,7,10,3037
48.5,12,7,11,3046
48.5,12,7,12,3056
48.5,12,7,13,3065
48.5,12,7,14,3074
48.5,12,7,15,3083
48.5,12,8,0,2953
48.5,12,8,1,2963
48.5,12,8,2,2972
48.5,12,8,3,2982
48.5,12,8,4,2991
48.5,12,8,5,3000
48.5,12,8,6,3010
48.5,12,8,7,3019
48.5,12,8,8,3028
48.5,12,8,9,3038
48.5,12,8,10,3047
48.5,12,8,11,3056
48.5,12,8,12,3065
48.5,12,8,13,3075
48.5,12,8,14,3084
48.5,12,8,15,3093
48.5,12,9,0,2963
48.5,12,9,1,2972
48.5,12,9,2,2982
48.5,12,9,3,2991
48.5,12,9,4,3001
48.5,12,9,5,3010
48.5,12,9,6,3019
48.5,12,9,7,3029
48.5,12,9,8,3038
48.5,12,9,9,3047
48.5,12,9,10,3057
48.5,12,9,11,3066
48.5,12,9,12,3075
48.5,12,9,13,3084
48.5,12,9,14,3093
48.5,12,9,15,3103
48.5,12,10,0,2972
48.5,12,10,1,2981
48.5,12,10,2,2991
48.5,12,10,3,3001
48.5,12,10,4,3010
48.5,12,10,5,3019
48.5,12,10,6,3029
48.5,12,10,7,3038
48.5,12,10,8,3048
48.5,12,10,9,3057
48.5,12,10,10,3066
48.5,12,10,11,3076
48.5,12,10,12,3085
48.5,12,10,13,3094
48.5,12,10,14,3103
48.5,12,10,15,3112
48.5,12,11,0,2981
48.5,12,11,1,2991
48.5,12,11,2,3000
48.5,12,11,3,3010
48.5,12,11,4,3019
48.5,12,11,5,3029
48.5,12,11,6,3038
48.5,12,11,7,3048
48.5,12,11,8,3057
48.5,12,11,9,3067
48.5,12,11,10,3076
48.5,12,11,11,3085
48.5,12,11,12,3095
48.5,12,11,13,3104
48.5,12,11,14,3113
48.5,12,11,15,3122
48.5,12,12,0,2991
48.5,12,12,1,3000
48.5,12,12,2,3010
48.5,12,12,3,3019
48.5,12,12,4,3029
48.5,12,12,5,3038
48.5,12,12,6,3048
48.5,12,12,7,3057
48.5,12,12,8,3067
48.5,12,12,9,3076
48.5,12,12,10,3086
48.5,12,12,11,3095
48.5,12,12,12,3104
48.5,12,12,13,3113
48.5,12,12,14,3123
48.5,12,12,15,3132
48.5,12,13,0,3000
48.5,12,13,1,3009
48.5,12,13,2,3019
48.5,12,13,3,3029
48.5,12,13,4,3038
48.5,12,13,5,3048
48.5,12,13,6,3057
48.5,12,13,7,3067
48.5,12,13,8,3076
48.5,12,13,9,3086
48.5,12,13,10,3095
48.5,12,13,11,3104
48.5,12,13,12,3114
48.5,12,13,13,3123
48.5,12,13,14,3132
48.5,12,13,15,3142
48.5,12,14,0,3009
48.5,12,14,1,3019
48.5,12,14,2,3028
48.5,12,14,3,3038
48.5,12,14,4,3048
48.5,12,14,5,3057
48.5,12,14,6,3067
48.5,12,14,7,3076
48.5,12,14,8,3086
48.5,12,14,9,3095
48.5,12,14,10,3105
48.5,12,14,11,3114
48.5,12,14,12,3123
48.5,12,14,13,3133
48.5,12,14,14,3142
48.5,12,14,15,3151
48.5,12,15,0,3018
48.5,12,15,1,3028
48.5,12,15,2,3038
48.5,12,15,3,3047
48.5,12,15,4,3057
48.5,12,15,5,3067
48.5,12,15,6,3076
48.5,12,15,7,3086
48.5,12,15,8,3095
48.5,12,15,9,3105
48.5,12,15,10,3114
48.5,12,15,11,3124
48.5,12,15,12,3133
48.5,12,15,13,3142
48.5,12,15,14,3152
48.5,12,15,15,3161
48.5,13,0,0,2887
48.5,13,0,1,2897
48.5,13,0,2,2906
48.5,13,0,3,2915
48.5,13,0,4,2924
48.5,13,0,5,2934
48.5,13,0,6,2943
48.5,13,0,7,2952
48.5,13,0,8,2961
48.5,13,0,9,2970
48.5,13,0,10,2979
48.5,13,0,11,2988
48.5,13,0,12,2997
48.5,13,0,13,3006
48.5,13,0,14,3015
48.5,13,0,15,3024
48.5,13,1,0,2897
48.5,13,1,1,2906
48.5,13,1,2,2916
48.5,13,1,3,2925
48.5,13,1,4,2934
48.5,13,1,5,2943
48.5,13,1,6,2953
48.5,13,1,7,2962
48.5,13,1,8,2971
48.5,13,1,9,2980
48.5,13,1,10,2989
48.5,13,1,11,2998
48.5,13,1,12,3007
48.5,13,1,13,3016
48.5,13,1,14,3025
48.5,13,1,15,3034
48.5,13,2,0,2907
48.5,13,2,1,2916
48.5,13,2,2,2925
48.5,13,2,3,2935
48.5,13,2,4,2944
48.5,13,2,5,2953
48.5,13,2,6,2963
48.5,13,2,7,2972
48.5,13,2,8,2981
48.5,13,2,9,2990
48.5,13,2,10,2999
48.5,13,2,11,3008
48.5,13,2,12,3017
48.5,13,2,13,3026
48.5,13,2,14,3035
48.5,13,2,15,3044
48.5,13,3,0,2916
48.5,13,3,1,2926
48.5,13,3,2,2935
48.5,13,3,3,2944
48.5,13,3,4,2954
48.5,13,3,5,2963
48.5,13,3,6,2972
48.5,13,3,7,2982
48.5,13,3,8,2991
48.5,13,3,9,3000
48.5,13,3,10,3009
48.5,13,3,11,3018
48.5,13,3,12,3027
48.5,13,3,13,3036
48.5,13,3,14,3045
48.5,13,3,15,3054
48.5,13,4,0,2926
48.5,13,4,1,2935
48.5,13,4,2,2945
48.5,13,4,3,2954
48.5,13,4,4,2963
48.5,13,4,5,2973
48.5,13,4,6,2982
48.5,13,4,7,2991
48.5,13,4,8,3001
48.5,13,4,9,3010
48.5,13,4,10,3019
48.5,13,4,11,3028
48.5,13,4,12,3037
48.5,13,4,13,3046
48.5,13,4,14,3055
48.5,13,4,15,3064
48.5,13,5,0,2936
48.5,13,5,1,2945
48.5,13,5,2,2954
48.5,13,5,3,2964
48.5,13,5,4,2973
48.5,13,5,5,2982
48.5,13,5,6,2992
48.5,13,5,7,3001
48.5,13,5,8,3010
48.5,13,5,9,3020
48.5,13,5,10,3029
48.5,13,5,11,3038
48.5,13,5,12,3047
48.5,13,5,13,3056
48.5,13,5,14,3065
48.5,13,5,15,3074
48.5,13,6,0,2945
48.5,13,6,1,2955
48.5,13,6,2,2964
48.5,13,6,3,2973
48.5,13,6,4,2983
48.5,13,6,5,2992
48.5,13,6,6,3002
48.5,13,6,7,3011
48.5,13,6,8,3020
48.5,13,6,9,3029
48.5,13,6,10,3039
48.5,13,6,11,3048
48.5,13,6,12,3057
48.5,13,6,13,3066
48.5,13,6,14,3075
48.5,13,6,15,3084
48.5,13,7,0,2955
48.5,13,7,1,2964
48.5,13,7,2,2974
48.5,13,7,3,2983
48.5,13,7,4,2992
48.5,13,7,5,3002
48.5,13,7,6,3011
48.5,13,7,7,3021
48.5,13,7,8,3030
48.5,13,7,9,3039
48.5,13,7,10,3048
48.5,13,7,11,3058
48.5,13,7,12,3067
48.5,13,7,13,3076
48.5,13,7,14,3085
48.5,13,7,15,3094
48.5,13,8,0,2964
48.5,13,8,1,2974
48.5,13,8,2,2983
48.5,13,8,3,2993
48.5,13,8,4,3002
48.5,13,8,5,3011
48.5,13,8,6,3021
48.5,13,8,7,3030
48.5,13,8,8,3040
48.5,13,8,9,3049
48.5,13,8,10,3058
48.5,13,8,11,3067
48.5,13,8,12,3077
48.5,13,8,13,3086
48.5,13,8,14,3095
48.5,13,8,15,3104
48.5,13,9,0,2973
48.5,13,9,1,2983
48.5,13,9,2,2993
48.5,13,9,3,3002
48.5,13,9,4,3012
48.5,13,9,5,3021
48.5,13,9,6,3030
48.5,13,9,7,3040
48.5,13,9,8,3049
48.5,13,9,9,3059
48.5,13,9,10,3068
48.5,13,9,11,3077
48.5,13,9,12,3086
48.5,13,9,13,3096
48.5,13,9,14,3105
48.5,13,9,15,3114
48.5,13,10,0,2983
48.5,13,10,1,2992
48.5,13,10,2,3002
48.5,13,10,3,3012
48.5,13,10,4,3021
48.5,13,10,5,3031
48.5,13,10,6,3040
48.5,13,10,7,3049
48.5,13,10,8,3059
48.5,13,10,9,3068
48.5,13,10,10,3078
48.5,13,10,11,3087
48.5,13,10,12,3096
48.5,13,10,13,3105
48.5,13,10,14,3115
48.5,13,10,15,3124
48.5,13,11,0,2992
48.5,13,11,1,3002
48.5,13,11,2,3011
48.5,13,11,3,3021
48.5,13,11,4,3031
48.5,13,11,5,3040
48.5,13,11,6,3050
48.5,13,11,7,3059
48.5,13,11,8,3068
48.5,13,11,9,3078
48.5,13,11,10,3087
48.5,13,11,11,3097
48.5,13,11,12,3106
48.5,13,11,13,3115
48.5,13,11,14,3124
48.5,13,11,15,3134
48.5,13,12,0,3002
48.5,13,12,1,3011
48.5,13,12,2,3021
48.5,13,12,3,3030
48.5,13,12,4,3040
48.5,13,12,5,3050
48.5,13,12,6,3059
48.5,13,12,7,3069
48.5,13,12,8,3078
48.5,13,12,9,3087
48.5,13,12,10,3097
48.5,13,12,11,3106
48.5,13,12,12,3116
48.5,13,12,13,3125
48.5,13,12,14,3134
48.5,13,12,15,3143
48.5,13,13,0,3011
48.5,13,13,1,3021
48.5,13,13,2,3030
48.5,13,13,3,3040
48.5,13,13,4,3049
48.5,13,13,5,3059
48.5,13,13,6,3069
48.5,13,13,7,3078
48.5,13,13,8,3088
48.5,13,13,9,3097
48.5,13,13,10,3106
48.5,13,13,11,3116
48.5,13,13,12,3125
48.5,13,13,13,3135
48.5,13,13,14,3144
48.5,13,13,15,3153
48.5,13,14,0,3020
48.5,13,14,1,3030
48.5,13,14,2,3040
48.5,13,14,3,3049
48.5,13,14,4,3059
48.5,13,14,5,3068
48.5,13,14,6,3078
48.5,13,14,7,3088
48.5,13,14,8,3097
48.5,13,14,9,3107
48.5,13,14,10,3116
48.5,13,14,11,3125
48.5,13,14,12,3135
48.5,13,14,13,3144
48.5,13,14,14,3154
48.5,13,14,15,3163
48.5,13,15,0,3029
48.5,13,15,1,3039
48.5,13,15,2,3049
48.5,13,15,3,3059
48.5,13,15,4,3068
48.5,13,15,5,3078
48.5,13,15,6,3087
48.5,13,15,7,3097
48.5,13,15,8,3107
48.5,13,15,9,3116
48.5,13,15,10,3126
48.5,13,15,11,3135
48.5,13,15,12,3144
48.5,13,15,13,3154
48.5,13,15,14,3163
48.5,13,15,15,3173
48.5,14,0,0,2898
48.5,14,0,1,2907
48.5,14,0,2,2917
48.5,14,0,3,2926
48.5,14,0,4,2935
48.5,14,0,5,2944
48.5,14,0,6,2954
48.5,14,0,7,2963
48.5,14,0,8,2972
48.5,14,0,9,2981
48.5,14,0,10,2990
48.5,14,0,11,2999
48.5,14,0,12,3008
48.5,14,0,13,3017
48.5,14,0,14,3026
48.5,14,0,15,3035
48.5,14,1,0,2908
48.5,14,1,1,2917
48.5,14,1,2,2926
48.5,14,1,3,2936
48.5,14,1,4,2945
48.5,14,1,5,2954
48.5,14,1,6,2963
48.5,14,1,7,2973
48.5,14,1,8,2982
48.5,14,1,9,2991
48.5,14,1,10,3000
48.5,14,1,11,3009
48.5,14,1,12,3018
48.5,14,1,13,3027
48.5,14,1,14,3036
48.5,14,1,15,3045
48.5,14,2,0,2917
48.5,14,2,1,2927
48.5,14,2,2,2936
48.5,14,2,3,2945
48.5,14,2,4,2955
48.5,14,2,5,2964
48.5,14,2,6,2973
48.5,14,2,7,2983
48.5,14,2,8,2992
48.5,14,2,9,3001
48.5,14,2,10,3010
48.5,14,2,11,3019
48.5,14,2,12,3028
48.5,14,2,13,3037
48.5,14,2,14,3046
48.5,14,2,15,3055
48.5,14,3,0,2927
48.5,14,3,1,2936
48.5,14,3,2,2946
48.5,14,3,3,2955
48.5,14,3,4,2965
48.5,14,3,5,2974
48.5,14,3,6,2983
48.5,14,3,7,2992
48.5,14,3,8,3002
48.5,14,3,9,3011
48.5,14,3,10,3020
48.5,14,3,11,3029
48.5,14,3,12,3038
48.5,14,3,13,3047
48.5,14,3,14,3056
48.5,14,3,15,3065
48.5,14,4,0,2937
48.5,14,4,1,2946
48.5,14,4,2,2956
48.5,14,4,3,2965
48.5,14,4,4,2974
48.5,14,4,5,2984
48.5,14,4,6,2993
48.5,14,4,7,3002
48.5,14,4,8,3011
48.5,14,4,9,3021
48.5,14,4,10,3030
48.5,14,4,11,3039
48.5,14,4,12,3048
48.5,14,4,13,3057
48.5,14,4,14,3066
48.5,14,4,15,3075
48.5,14,5,0,2946
48.5,14,5,1,2956
48.5,14,5,2,2965
48.5,14,5,3,2975
48.5,14,5,4,2984
48.5,14,5,5,2993
48.5,14,5,6,3003
48.5,14,5,7,3012
48.5,14,5,8,3021
48.5,14,5,9,3031
48.5,14,5,10,3040
48.5,14,5,11,3049
48.5,14,5,12,3058
48.5,14,5,13,3067
48.5,14,5,14,3076
48.5,14,5,15,3086
48.5,14,6,0,2956
48.5,14,6,1,2965
48.5,14,6,2,2975
48.5,14,6,3,2984
48.5,14,6,4,2994
48.5,14,6,5,3003
48.5,14,6,6,3012
48.5,14,6,7,3022
48.5,14,6,8,3031
48.5,14,6,9,3040
48.5,14,6,10,3050
48.5,14,6,11,3059
48.5,14,6,12,3068
48.5,14,6,13,3077
48.5,14,6,14,3086
48.5,14,6,15,3096
48.5,14,7,0,2965
48.5,14,7,1,2975
48.5,14,7,2,2984
48.5,14,7,3,2994
48.5,14,7,4,3003
48.5,14,7,5,3013
48.5,14,7,6,3022
48.5,14,7,7,3032
48.5,14,7,8,3041
48.5,14,7,9,3050
48.5,14,7,10,3059
48.5,14,7,11,3069
48.5,14,7,12,3078
48.5,14,7,13,3087
48.5,14,7,14,3096
48.5,14,7,15,3105
48.5,14,8,0,2975
48.5,14,8,1,2984
48.5,14,8,2,2994
48.5,14,8,3,3003
48.5,14,8,4,3013
48.5,14,8,5,3022
48.5,14,8,6,3032
48.5,14,8,7,3041
48.5,14,8,8,3051
48.5,14,8,9,3060
48.5,14,8,10,3069
48.5,14,8,11,3079
48.5,14,8,12,3088
48.5,14,8,13,3097
48.5,14,8,14,3106
48.5,14,8,15,3115
48.5,14,9,0,2984
48.5,14,9,1,2994
48.5,14,9,2,3003
48.5,14,9,3,3013
48.5,14,9,4,3023
48.5,14,9,5,3032
48.5,14,9,6,3041
48.5,14,9,7,3051
48.5,14,9,8,3060
48.5,14,9,9,3070
48.5,14,9,10,3079
48.5,14,9,11,3088
48.5,14,9,12,3098
48.5,14,9,13,3107
48.5,14,9,14,3116
48.5,14,9,15,3125
48.5,14,10,0,2994
48.5,14,10,1,3003
48.5,14,10,2,3013
48.5,14,10,3,3023
48.5,14,10,4,3032
48.5,14,10,5,3042
48.5,14,10,6,3051
48.5,14,10,7,3061
48.5,14,10,8,3070
48.5,14,10,9,3079
48.5,14,10,10,3089
48.5,14,10,11,3098
48.5,14,10,12,3107
48.5,14,10,13,3117
48.5,14,10,14,3126
48.5,14,10,15,3135
48.5,14,11,0,3003
48.5,14,11,1,3013
48.5,14,11,2,3022
48.5,14,11,3,3032
48.5,14,11,4,3042
48.5,14,11,5,3051
48.5,14,11,6,3061
48.5,14,11,7,3070
48.5,14,11,8,3080
48.5,14,11,9,3089
48.5,14,11,10,3098
48.5,14,11,11,3108
48.5,14,11,12,3117
48.5,14,11,13,3127
48.5,14,11,14,3136
48.5,14,11,15,3145
48.5,14,12,0,3012
48.5,14,12,1,3022
48.5,14,12,2,3032
48.5,14,12,3,3041
48.5,14,12,4,3051
48.5,14,12,5,3061
48.5,14,12,6,3070
48.5,14,12,7,3080
48.5,14,12,8,3089
48.5,14,12,9,3099
48.5,14,12,10,3108
48.5,14,12,11,3118
48.5,14,12,12,3127
48.5,14,12,13,3136
48.5,14,12,14,3146
48.5,14,12,15,3155
48.5,14,13,0,3022
48.5,14,13,1,3032
48.5,14,13,2,3041
48.5,14,13,3,3051
48.5,14,13,4,3061
48.5,14,13,5,3070
48.5,14,13,6,3080
48.5,14,13,7,3089
48.5,14,13,8,3099
48.5,14,13,9,3108
48.5,14,13,10,3118
48.5,14,13,11,3127
48.5,14,13,12,3137
48.5,14,13,13,3146
48.5,14,13,14,3155
48.5,14,13,15,3165
48.5,14,14,0,3031
48.5,14,14,1,3041
48.5,14,14,2,3051
48.5,14,14,3,3060
48.5,14,14,4,3070
48.5,14,14,5,3080
48.5,14,14,6,3089
48.5,14,14,7,3099
48.5,14,14,8,3108
48.5,14,14,9,3118
48.5,14,14,10,3127
48.5,14,14,11,3137
48.5,14,14,12,3146
48.5,14,14,13,3156
48.5,14,14,14,3165
48.5,14,14,15,3174
48.5,14,15,0,3040
48.5,14,15,1,3050
48.5,14,15,2,3060
48.5,14,15,3,3070
48.5,14,15,4,3079
48.5,14,15,5,3089
48.5,14,15,6,3099
48.5,14,15,7,3108
48.5,14,15,8,3118
48.5,14,15,9,3127
48.5,14,15,10,3137
48.5,14,15,11,3146
48.5,14,15,12,3156
48.5,14,15,13,3165
48.5,14,15,14,3175
48.5,14,15,15,3184
48.5,15,0,0,2909
48.5,15,0,1,2918
48.5,15,0,2,2927
48.5,15,0,3,2937
48.5,15,0,4,2946
48.5,15,0,5,2955
48.5,15,0,6,2964
48.5,15,0,7,2974
48.5,15,0,8,2983
48.5,15,0,9,2992
48.5,15,0,10,3001
48.5,15,0,11,3010
48.5,15,0,12,3019
48.5,15,0,13,3028
48.5,15,0,14,3037
48.5,15,0,15,3046
48.5,15,1,0,2918
48.5,15,1,1,2928
48.5,15,1,2,2937
48.5,15,1,3,2946
48.5,15,1,4,2956
48.5,15,1,5,2965
48.5,15,1,6,2974
48.5,15,1,7,2983
48.5,15,1,8,2993
48.5,15,1,9,3002
48.5,15,1,10,3011
48.5,15,1,11,3020
48.5,15,1,12,3029
48.5,15,1,13,3038
48.5,15,1,14,3047
48.5,15,1,15,3056
48.5,15,2,0,2928
48.5,15,2,1,2937
48.5,15,2,2,2947
48.5,15,2,3,2956
48.5,15,2,4,2966
48.5,15,2,5,2975
48.5,15,2,6,2984
48.5,15,2,7,2993
48.5,15,2,8,3003
48.5,15,2,9,3012
48.5,15,2,10,3021
48.5,15,2,11,3030
48.5,15,2,12,3039
48.5,15,2,13,3048
48.5,15,2,14,3057
48.5,15,2,15,3066
48.5,15,3,0,2938
48.5,15,3,1,2947
48.5,15,3,2,2957
48.5,15,3,3,2966
48.5,15,3,4,2975
48.5,15,3,5,2985
48.5,15,3,6,2994
48.5,15,3,7,3003
48.5,15,3,8,3013
48.5,15,3,9,3022
48.5,15,3,10,3031
48.5,15,3,11,3040
48.5,15,3,12,3049
48.5,15,3,13,3058
48.5,15,3,14,3068
48.5,15,3,15,3077
48.5,15,4,0,2947
48.5,15,4,1,2957
48.5,15,4,2,2966
48.5,15,4,3,2976
48.5,15,4,4,2985
48.5,15,4,5,2994
48.5,15,4,6,3004
48.5,15,4,7,3013
48.5,15,4,8,3022
48.5,15,4,9,3032
48.5,15,4,10,3041
48.5,15,4,11,3050
48.5,15,4,12,3059
48.5,15,4,13,3068
48.5,15,4,14,3078
48.5,15,4,15,3087
48.5,15,5,0,2957
48.5,15,5,1,2966
48.5,15,5,2,2976
48.5,15,5,3,2985
48.5,15,5,4,2995
48.5,15,5,5,3004
48.5,15,5,6,3014
48.5,15,5,7,3023
48.5,15,5,8,3032
48.5,15,5,9,3042
48.5,15,5,10,3051
48.5,15,5,11,3060
48.5,15,5,12,3069
48.5,15,5,13,3078
48.5,15,5,14,3088
48.5,15,5,15,3097
48.5,15,6,0,2967
48.5,15,6,1,2976
48.5,15,6,2,2986
48.5,15,6,3,2995
48.5,15,6,4,3005
48.5,15,6,5,3014
48.5,15,6,6,3023
48.5,15,6,7,3033
48.5,15,6,8,3042
48.5,15,6,9,3051
48.5,15,6,10,3061
48.5,15,6,11,3070
48.5,15,6,12,3079
48.5,15,6,13,3088
48.5,15,6,14,3098
48.5,15,6,15,3107
48.5,15,7,0,2976
48.5,15,7,1,2986
48.5,15,7,2,2995
48.5,15,7,3,3005
48.5,15,7,4,3014
48.5,15,7,5,3024
48.5,15,7,6,3033
48.5,15,7,7,3043
48.5,15,7,8,3052
48.5,15,7,9,3061
48.5,15,7,10,3071
48.5,15,7,11,3080
48.5,15,7,12,3089
48.5,15,7,13,3098
48.5,15,7,14,3108
48.5,15,7,15,3117
48.5,15,8,0,2986
48.5,15,8,1,2995
48.5,15,8,2,3005
48.5,15,8,3,3014
48.5,15,8,4,3024
48.5,15,8,5,3033
48.5,15,8,6,3043
48.5,15,8,7,3052
48.5,15,8,8,3062
48.5,15,8,9,3071
48.5,15,8,10,3080
48.5,15,8,11,3090
48.5,15,8,12,3099
48.5,15,8,13,3108
48.5,15,8,14,3118
48.5,15,8,15,3127
48.5,15,9,0,2995
48.5,15,9,1,3005
48.5,15,9,2,3014
48.5,15,9,3,3024
48.5,15,9,4,3034
48.5,15,9,5,3043
48.5,15,9,6,3053
48.5,15,9,7,3062
48.5,15,9,8,3071
48.5,15,9,9,3081
48.5,15,9,10,3090
48.5,15,9,11,3100
48.5,15,9,12,3109
48.5,15,9,13,3118
48.5,15,9,14,3127
48.5,15,9,15,3137
48.5,15,10,0,3005
48.5,15,10,1,3014
48.5,15,10,2,3024
48.5,15,10,3,3034
48.5,15,10,4,3043
48.5,15,10,5,3053
48.5,15,10,6,3062
48.5,15,10,7,3072
48.5,15,10,8,3081
48.5,15,10,9,3091
48.5,15,10,10,3100
48.5,15,10,11,3109
48.5,15,10,12,3119
48.5,15,10,13,3128
48.5,15,10,14,3137
48.5,15,10,15,3147
48.5,15,11,0,3014
48.5,15,11,1,3024
48.5,15,11,2,3033
48.5,15,11,3,3043
48.5,15,11,4,3053
48.5,15,11,5,3062
48.5,15,11,6,3072
48.5,15,11,7,3081
48.5,15,11,8,3091
48.5,15,11,9,3100
48.5,15,11,10,3110
48.5,15,11,11,3119
48.5,15,11,12,3129
48.5,15,11,13,3138
48.5,15,11,14,3147
48.5,15,11,15,3157
48.5,15,12,0,3023
48.5,15,12,1,3033
48.5,15,12,2,3043
48.5,15,12,3,3053
48.5,15,12,4,3062
48.5,15,12,5,3072
48.5,15,12,6,3081
48.5,15,12,7,3091
48.5,15,12,8,3100
48.5,15,12,9,3110
48.5,15,12,10,3119
48.5,15,12,11,3129
48.5,15,12,12,3138
48.5,15,12,13,3148
48.5,15,12,14,3157
48.5,15,12,15,3166
48.5,15,13,0,3033
48.5,15,13,1,3043
48.5,15,13,2,3052
48.5,15,13,3,3062
48.5,15,13,4,3072
48.5,15,13,5,3081
48.5,15,13,6,3091
48.5,15,13,7,3101
48.5,15,13,8,3110
48.5,15,13,9,3120
48.5,15,13,10,3129
48.5,15,13,11,3139
48.5,15,13,12,3148
48.5,15,13,13,3157
48.5,15,13,14,3167
48.5,15,13,15,3176
48.5,15,14,0,3042
48.5,15,14,1,3052
48.5,15,14,2,3062
48.5,15,14,3,3071
48.5,15,14,4,3081
48.5,15,14,5,3091
48.5,15,14,6,3100
48.5,15,14,7,3110
48.5,15,14,8,3120
48.5,15,14,9,3129
48.5,15,14,10,3139
48.5,15,14,11,3148
48.5,15,14,12,3158
48.5,15,14,13,3167
48.5,15,14,14,3177
48.5,15,14,15,3186
48.5,15,15,0,3051
48.5,15,15,1,3061
48.5,15,15,2,3071
48.5,15,15,3,3081
48.5,15,15,4,3091
48.5,15,15,5,3100
48.5,15,15,6,3110
48.5,15,15,7,3120
48.5,15,15,8,3129
48.5,15,15,9,3139
48.5,15,15,10,3148
48.5,15,15,11,3158
48.5,15,15,12,3167
48.5,15,15,13,3177
48.5,15,15,14,3186
48.5,15,15,15,3196
49.0,0,0,0,2767
49.0,0,0,1,2776
49.0,0,0,2,2785
49.0,0,0,3,2794
49.0,0,0,4,2802
49.0,0,0,5,2811
49.0,0,0,6,2820
49.0,0,0,7,2829
49.0,0,0,8,2838
49.0,0,0,9,2846
49.0,0,0,10,2855
49.0,0,0,11,2863
49.0,0,0,12,2872
49.0,0,0,13,2881
49.0,0,0,14,2889
49.0,0,0,15,2898
49.0,0,1,0,2776
49.0,0,1,1,2785
49.0,0,1,2,2794
49.0,0,1,3,2803
49.0,0,1,4,2812
49.0,0,1,5,2821
49.0,0,1,6,2829
49.0,0,1,7,2838
49.0,0,1,8,2847
49.0,0,1,9,2856
49.0,0,1,10,2864
49.0,0,1,11,2873
49.0,0,1,12,2882
49.0,0,1,13,2890
49.0,0,1,14,2899
49.0,0,1,15,2908
49.0,0,2,0,2785
49.0,0,2,1,2794
49.0,0,2,2,2803
49.0,0,2,3,2812
49.0,0,2,4,2821
49.0,0,2,5,2830
49.0,0,2,6,2839
49.0,0,2,7,2848
49.0,0,2,8,2856
49.0,0,2,9,2865
49.0,0,2,10,2874
49.0,0,2,11,2883
49.0,0,2,12,2891
49.0,0,2,13,2900
49.0,0,2,14,2909
49.0,0,2,15,2917
49.0,0,3,0,2795
49.0,0,3,1,2804
49.0,0,3,2,2813
49.0,0,3,3,2822
49.0,0,3,4,2831
49.0,0,3,5,2839
49.0,0,3,6,2848
49.0,0,3,7,2857
49.0,0,3,8,2866
49.0,0,3,9,2875
49.0,0,3,10,2883
49.0,0,3,11,2892
49.0,0,3,12,2901
49.0,0,3,13,2910
49.0,0,3,14,2918
49.0,0,3,15,2927
49.0,0,4,0,2804
49.0,0,4,1,2813
49.0,0,4,2,2822
49.0,0,4,3,2831
49.0,0,4,4,2840
49.0,0,4,5,2849
49.0,0,4,6,2858
49.0,0,4,7,2867
49.0,0,4,8,2875
49.0,0,4,9,2884
49.0,0,4,10,2893
49.0,0,4,11,2902
49.0,0,4,12,2910
49.0,0,4,13,2919
49.0,0,4,14,2928
49.0,0,4,15,2936
49.0,0,5,0,2813
49.0,0,5,1,2822
49.0,0,5,2,2831
49.0,0,5,3,2840
49.0,0,5,4,2849
49.0,0,5,5,2858
49.0,0,5,6,2867
49.0,0,5,7,2876
49.0,0,5,8,2885
49.0,0,5,9,2894
49.0,0,5,10,2902
49.0,0,5,11,2911
49.0,0,5,12,2920
49.0,0,5,13,2929
49.0,0,5,14,2937
49.0,0,5,15,2946
49.0,0,6,0,2822
49.0,0,6,1,2831
49.0,0,6,2,2840
49.0,0,6,3,2849
49.0,0,6,4,2858
49.0,0,6,5,2867
49.0,0,6,6,2876
49.0,0,6,7,2885
49.0,0,6,8,2894
49.0,0,6,9,2903
49.0,0,6,10,2912
49.0,0,6,11,2921
49.0,0,6,12,2929
49.0,0,6,13,2938
49.0,0,6,14,2947
49.0,0,6,15,2956
49.0,0,7,0,2831
49.0,0,7,1,2840
49.0,0,7,2,2849
49.0,0,7,3,2859
49.0,0,7,4,2868
49.0,0,7,5,2877
49.0,0,7,6,2886
49.0,0,7,7,2894
49.0,0,7,8,2903
49.0,0,7,9,2912
49.0,0,7,10,2921
49.0,0,7,11,2930
49.0,0,7,12,2939
49.0,0,7,13,2948
49.0,0,7,14,2956
49.0,0,7,15,2965
49.0,0,8,0,2840
49.0,0,8,1,2849
49.0,0,8,2,2859
49.0,0,8,3,2868
49.0,0,8,4,2877
49.0,0,8,5,2886
49.0,0,8,6,2895
49.0,0,8,7,2904
49.0,0,8,8,2913
49.0,0,8,9,2922
49.0,0,8,10,2931
49.0,0,8,11,2939
49.0,0,8,12,2948
49.0,0,8,13,2957
49.0,0,8,14,2966
49.0,0,8,15,2975
49.0,0,9,0,2849
49.0,0,9,1,2859
49.0,0,9,2,2868
49.0,0,9,3,2877
49.0,0,9,4,2886
49.0,0,9,5,2895
49.0,0,9,6,2904
49.0,0,9,7,2913
49.0,0,9,8,2922
49.0,0,9,9,2931
49.0,0,9,10,2940
49.0,0,9,11,2949
49.0,0,9,12,2958
49.0,0,9,13,2966
49.0,0,9,14,2975
49.0,0,9,15,2984
49.0,0,10,0,2858
49.0,0,10,1,2868
49.0,0,10,2,2877
49.0,0,10,3,2886
49.0,0,10,4,2895
49.0,0,10,5,2904
49.0,0,10,6,2913
49.0,0,10,7,2922
49.0,0,10,8,2931
49.0,0,10,9,2940
49.0,0,10,10,2949
49.0,0,10,11,2958
49.0,0,10,12,2967
49.0,0,10,13,2976
49.0,0,10,14,2985
49.0,0,10,15,2993
49.0,0,11,0,2867
49.0,0,11,1,2877
49.0,0,11,2,2886
49.0,0,11,3,2895
49.0,0,11,4,2904
49.0,0,11,5,2913
49.0,0,11,6,2922
49.0,0,11,7,2931
49.0,0,11,8,2940
49.0,0,11,9,2949
49.0,0,11,10,2958
49.0,0,11,11,2967
49.0,0,11,12,2976
49.0,0,11,13,2985
49.0,0,11,14,2994
49.0,0,11,15,3003
49.0,0,12,0,2876
49.0,0,12,1,2886
49.0,0,12,2,2895
49.0,0,12,3,2904
49.0,0,12,4,2913
49.0,0,12,5,2922
49.0,0,12,6,2931
49.0,0,12,7,2941
49.0,0,12,8,2950
49.0,0,12,9,2959
49.0,0,12,10,2968
49.0,0,12,11,2977
49.0,0,12,12,2986
49.0,0,12,13,2994
49.0,0,12,14,3003
49.0,0,12,15,3012
49.0,0,13,0,2885
49.0,0,13,1,2894
49.0,0,13,2,2904
49.0,0,13,3,2913
49.0,0,13,4,2922
49.0,0,13,5,2931
49.0,0,13,6,2941
49.0,0,13,7,2950
49.0,0,13,8,2959
49.0,0,13,9,2968
49.0,0,13,10,2977
49.0,0,13,11,2986
49.0,0,13,12,2995
49.0,0,13,13,3004
49.0,0,13,14,3013
49.0,0,13,15,3022
49.0,0,14,0,2894
49.0,0,14,1,2903
49.0,0,14,2,2913
49.0,0,14,3,2922
49.0,0,14,4,2931
49.0,0,14,5,2940
49.0,0,14,6,2950
49.0,0,14,7,2959
49.0,0,14,8,2968
49.0,0,14,9,2977
49.0,0,14,10,2986
49.0,0,14,11,2995
49.0,0,14,12,3004
49.0,0,14,13,3013
49.0,0,14,14,3022
49.0,0,14,15,3031
49.0,0,15,0,2903
49.0,0,15,1,2912
49.0,0,15,2,2922
49.0,0,15,3,2931
49.0,0,15,4,2940
49.0,0,15,5,2949
49.0,0,15,6,2959
49.0,0,15,7,2968
49.0,0,15,8,2977
49.0,0,15,9,2986
49.0,0,15,10,2995
49.0,0,15,11,3004
49.0,0,15,12,3013
49.0,0,15,13,3022
49.0,0,15,14,3031
49.0,0,15,15,3040
49.0,1,0,0,2778
49.0,1,0,1,2787
49.0,1,0,2,2795
49.0,1,0,3,2804
49.0,1,0,4,2813
49.0,1,0,5,2822
49.0,1,0,6,2831
49.0,1,0,7,2840
49.0,1,0,8,2848
49.0,1,0,9,2857
49.0,1,0,10,2866
49.0,1,0,11,2874
49.0,1,0,12,2883
49.0,1,0,13,2892
49.0,1,0,14,2900
49.0,1,0,15,2909
49.0,1,1,0,2787
49.0,1,1,1,2796
49.0,1,1,2,2805
49.0,1,1,3,2814
49.0,1,1,4,2823
49.0,1,1,5,2831
49.0,1,1,6,2840
49.0,1,1,7,2849
49.0,1,1,8,2858
49.0,1,1,9,2867
49.0,1,1,10,2875
49.0,1,1,11,2884
49.0,1,1,12,2893
49.0,1,1,13,2901
49.0,1,1,14,2910
49.0,1,1,15,2919
49.0,1,2,0,2796
49.0,1,2,1,2805
49.0,1,2,2,2814
49.0,1,2,3,2823
49.0,1,2,4,2832
49.0,1,2,5,2841
49.0,1,2,6,2850
49.0,1,2,7,2859
49.0,1,2,8,2867
49.0,1,2,9,2876
49.0,1,2,10,2885
49.0,1,2,11,2894
49.0,1,2,12,2902
49.0,1,2,13,2911
49.0,1,2,14,2920
49.0,1,2,15,2928
49.0,1,3,0,2805
49.0,1,3,1,2814
49.0,1,3,2,2823
49.0,1,3,3,2832
49.0,1,3,4,2841
49.0,1,3,5,2850
49.0,1,3,6,2859
49.0,1,3,7,2868
49.0,1,3,8,2877
49.0,1,3,9,2886
49.0,1,3,10,2895
49.0,1,3,11,2903
49.0,1,3,12,2912
49.0,1,3,13,2921
49.0,1,3,14,2929
49.0,1,3,15,2938
49.0,1,4,0,2815
49.0,1,4,1,2824
49.0,1,4,2,2833
49.0,1,4,3,2842
49.0,1,4,4,2851
49.0,1,4,5,2860
49.0,1,4,6,2869
49.0,1,4,7,2877
49.0,1,4,8,2886
49.0,1,4,9,2895
49.0,1,4,10,2904
49.0,1,4,11,2913
49.0,1,4,12,2922
49.0,1,4,13,2930
49.0,1,4,14,2939
49.0,1,4,15,2948
49.0,1,5,0,2824
49.0,1,5,1,2833
49.0,1,5,2,2842
49.0,1,5,3,2851
49.0,1,5,4,2860
49.0,1,5,5,2869
49.0,1,5,6,2878
49.0,1,5,7,2887
49.0,1,5,8,2896
49.0,1,5,9,2905
49.0,1,5,10,2913
49.0,1,5,11,2922
49.0,1,5,12,2931
49.0,1,5,13,2940
49.0,1,5,14,2949
49.0,1,5,15,2957
49.0,1,6,0,2833
49.0,1,6,1,2842
49.0,1,6,2,2851
49.0,1,6,3,2860
49.0,1,6,4,2869
49.0,1,6,5,2878
49.0,1,6,6,2887
49.0,1,6,7,2896
49.0,1,6,8,2905
49.0,1,6,9,2914
49.0,1,6,10,2923
49.0,1,6,11,2932
49.0,1,6,12,2941
49.0,1,6,13,2949
49.0,1,6,14,2958
49.0,1,6,15,2967
49.0,1,7,0,2842
49.0,1,7,1,2851
49.0,1,7,2,2860
49.0,1,7,3,2869
49.0,1,7,4,2879
49.0,1,7,5,2888
49.0,1,7,6,2897
49.0,1,7,7,2906
49.0,1,7,8,2915
49.0,1,7,9,2923
49.0,1,7,10,2932
49.0,1,7,11,2941
49.0,1,7,12,2950
49.0,1,7,13,2959
49.0,1,7,14,2968
49.0,1,7,15,2976
49.0,1,8,0,2851
49.0,1,8,1,2860
49.0,1,8,2,2870
49.0,1,8,3,2879
49.0,1,8,4,2888
49.0,1,8,5,2897
49.0,1,8,6,2906
49.0,1,8,7,2915
49.0,1,8,8,2924
49.0,1,8,9,2933
49.0,1,8,10,2942
49.0,1,8,11,2951
49.0,1,8,12,2960
49.0,1,8,13,2968
49.0,1,8,14,2977
49.0,1,8,15,2986
49.0,1,9,0,2860
49.0,1,9,1,2869
49.0,1,9,2,2879
49.0,1,9,3,2888
49.0,1,9,4,2897
49.0,1,9,5,2906
49.0,1,9,6,2915
49.0,1,9,7,2924
49.0,1,9,8,2933
49.0,1,9,9,2942
49.0,1,9,10,2951
49.0,1,9,11,2960
49.0,1,9,12,2969
49.0,1,9,13,2978
49.0,1,9,14,2987
49.0,1,9,15,2995
49.0,1,10,0,2869
49.0,1,10,1,2879
49.0,1,10,2,2888
49.0,1,10,3,2897
49.0,1,10,4,2906
49.0,1,10,5,2915
49.0,1,10,6,2924
49.0,1,10,7,2933
49.0,1,10,8,2942
49.0,1,10,9,2951
49.0,1,10,10,2960
49.0,1,10,11,2969
49.0,1,10,12,2978
49.0,1,10,13,2987
49.0,1,10,14,2996
49.0,1,10,15,3005
49.0,1,11,0,2878
49.0,1,11,1,2888
49.0,1,11,2,2897
49.0,1,11,3,2906
49.0,1,11,4,2915
49.0,1,11,5,2924
49.0,1,11,6,2933
49.0,1,11,7,2943
49.0,1,11,8,2952
49.0,1,11,9,2961
49.0,1,11,10,2970
49.0,1,11,11,2979
49.0,1,11,12,2988
49.0,1,11,13,2997
49.0,1,11,14,3006
49.0,1,11,15,3014
49.0,1,12,0,2887
49.0,1,12,1,2897
49.0,1,12,2,2906
49.0,1,12,3,2915
49.0,1,12,4,2924
49.0,1,12,5,2933
49.0,1,12,6,2943
49.0,1,12,7,2952
49.0,1,12,8,2961
49.0,1,12,9,2970
49.0,1,12,10,2979
49.0,1,12,11,2988
49.0,1,12,12,2997
49.0,1,12,13,3006
49.0,1,12,14,3015
49.0,1,12,15,3024
49.0,1,13,0,2896
49.0,1,13,1,2906
49.0,1,13,2,2915
49.0,1,13,3,2924
49.0,1,13,4,2933
49.0,1,13,5,2943
49.0,1,13,6,2952
49.0,1,13,7,2961
49.0,1,13,8,2970
49.0,1,13,9,2979
49.0,1,13,10,2988
49.0,1,13,11,2997
49.0,1,13,12,3006
49.0,1,13,13,3015
49.0,1,13,14,3024
49.0,1,13,15,3033
49.0,1,14,0,2905
49.0,1,14,1,2915
49.0,1,14,2,2924
49.0,1,14,3,2933
49.0,1,14,4,2942
49.0,1,14,5,2952
49.0,1,14,6,2961
49.0,1,14,7,2970
49.0,1,14,8,2979
49.0,1,14,9,2988
49.0,1,14,10,2997
49.0,1,14,11,3007
49.0,1,14,12,3016
49.0,1,14,13,3025
49.0,1,14,14,3034
49.0,1,14,15,3043
49.0,1,15,0,2914
49.0,1,15,1,2923
49.0,1,15,2,2933
49.0,1,15,3,2942
49.0,1,15,4,2951
49.0,1,15,5,2961
49.0,1,15,6,2970
49.0,1,15,7,2979
49.0,1,15,8,2988
49.0,1,15,9,2997
49.0,1,15,10,3007
49.0,1,15,11,3016
49.0,1,15,12,3025
49.0,1,15,13,3034
49.0,1,15,14,3043
49.0,1,15,15,3052
49.0,2,0,0,2788
49.0,2,0,1,2797
49.0,2,0,2,2806
49.0,2,0,3,2815
49.0,2,0,4,2824
49.0,2,0,5,2833
49.0,2,0,6,2842
49.0,2,0,7,2850
49.0,2,0,8,2859
49.0,2,0,9,2868
49.0,2,0,10,2877
49.0,2,0,11,2885
49.0,2,0,12,2894
49.0,2,0,13,2903
49.0,2,0,14,2911
49.0,2,0,15,2920
49.0,2,1,0,2798
49.0,2,1,1,2807
49.0,2,1,2,2816
49.0,2,1,3,2824
49.0,2,1,4,2833
49.0,2,1,5,2842
49.0,2,1,6,2851
49.0,2,1,7,2860
49.0,2,1,8,2869
49.0,2,1,9,2878
49.0,2,1,10,2886
49.0,2,1,11,2895
49.0,2,1,12,2904
49.0,2,1,13,2913
49.0,2,1,14,2921
49.0,2,1,15,2930
49.0,2,2,0,2807
49.0,2,2,1,2816
49.0,2,2,2,2825
49.0,2,2,3,2834
49.0,2,2,4,2843
49.0,2,2,5,2852
49.0,2,2,6,2861
49.0,2,2,7,2870
49.0,2,2,8,2878
49.0,2,2,9,2887
49.0,2,2,10,2896
49.0,2,2,11,2905
49.0,2,2,12,2913
49.0,2,2,13,2922
49.0,2,2,14,2931
49.0,2,2,15,2940
49.0,2,3,0,2816
49.0,2,3,1,2825
49.0,2,3,2,2834
49.0,2,3,3,2843
49.0,2,3,4,2852
49.0,2,3,5,2861
49.0,2,3,6,2870
49.0,2,3,7,2879
49.0,2,3,8,2888
49.0,2,3,9,2897
49.0,2,3,10,2906
49.0,2,3,11,2914
49.0,2,3,12,2923
49.0,2,3,13,2932
49.0,2,3,14,2941
49.0,2,3,15,2949
49.0,2,4,0,2825
49.0,2,4,1,2834
49.0,2,4,2,2844
49.0,2,4,3,2853
49.0,2,4,4,2862
49.0,2,4,5,2871
49.0,2,4,6,2880
49.0,2,4,7,2888
49.0,2,4,8,2897
49.0,2,4,9,2906
49.0,2,4,10,2915
49.0,2,4,11,2924
49.0,2,4,12,2933
49.0,2,4,13,2941
49.0,2,4,14,2950
49.0,2,4,15,2959
49.0,2,5,0,2835
49.0,2,5,1,2844
49.0,2,5,2,2853
49.0,2,5,3,2862
49.0,2,5,4,2871
49.0,2,5,5,2880
49.0,2,5,6,2889
49.0,2,5,7,2898
49.0,2,5,8,2907
49.0,2,5,9,2916
49.0,2,5,10,2925
49.0,2,5,11,2933
49.0,2,5,12,2942
49.0,2,5,13,2951
49.0,2,5,14,2960
49.0,2,5,15,2969
49.0,2,6,0,2844
49.0,2,6,1,2853
49.0,2,6,2,2862
49.0,2,6,3,2871
49.0,2,6,4,2880
49.0,2,6,5,2889
49.0,2,6,6,2898
49.0,2,6,7,2907
49.0,2,6,8,2916
49.0,2,6,9,2925
49.0,2,6,10,2934
49.0,2,6,11,2943
49.0,2,6,12,2952
49.0,2,6,13,2961
49.0,2,6,14,2969
49.0,2,6,15,2978
49.0,2,7,0,2853
49.0,2,7,1,2862
49.0,2,7,2,2871
49.0,2,7,3,2880
49.0,2,7,4,2890
49.0,2,7,5,2899
49.0,2,7,6,2908
49.0,2,7,7,2917
49.0,2,7,8,2926
49.0,2,7,9,2935
49.0,2,7,10,2944
49.0,2,7,11,2952
49.0,2,7,12,2961
49.0,2,7,13,2970
49.0,2,7,14,2979
49.0,2,7,15,2988
49.0,2,8,0,2862
49.0,2,8,1,2871
49.0,2,8,2,2880
49.0,2,8,3,2890
49.0,2,8,4,2899
49.0,2,8,5,2908
49.0,2,8,6,2917
49.0,2,8,7,2926
49.0,2,8,8,2935
49.0,2,8,9,2944
49.0,2,8,10,2953
49.0,2,8,11,2962
49.0,2,8,12,2971
49.0,2,8,13,2980
49.0,2,8,14,2989
49.0,2,8,15,2997
49.0,2,9,0,2871
49.0,2,9,1,2880
49.0,2,9,2,2890
49.0,2,9,3,2899
49.0,2,9,4,2908
49.0,2,9,5,2917
49.0,2,9,6,2926
49.0,2,9,7,2935
49.0,2,9,8,2944
49.0,2,9,9,2953
49.0,2,9,10,2962
49.0,2,9,11,2971
49.0,2,9,12,2980
49.0,2,9,13,2989
49.0,2,9,14,2998
49.0,2,9,15,3007
49.0,2,10,0,2880
49.0,2,10,1,2890
49.0,2,10,2,2899
49.0,2,10,3,2908
49.0,2,10,4,2917
49.0,2,10,5,2926
49.0,2,10,6,2935
49.0,2,10,7,2945
49.0,2,10,8,2954
49.0,2,10,9,2963
49.0,2,10,10,2972
49.0,2,10,11,2981
49.0,2,10,12,2990
49.0,2,10,13,2999
49.0,2,10,14,3008
49.0,2,10,15,3016
49.0,2,11,0,2889
49.0,2,11,1,2899
49.0,2,11,2,2908
49.0,2,11,3,2917
49.0,2,11,4,2926
49.0,2,11,5,2936
49.0,2,11,6,2945
49.0,2,11,7,2954
49.0,2,11,8,2963
49.0,2,11,9,2972
49.0,2,11,10,2981
49.0,2,11,11,2990
49.0,2,11,12,2999
49.0,2,11,13,3008
49.0,2,11,14,3017
49.0,2,11,15,3026
49.0,2,12,0,2898
49.0,2,12,1,2908
49.0,2,12,2,2917
49.0,2,12,3,2926
49.0,2,12,4,2935
49.0,2,12,5,2945
49.0,2,12,6,2954
49.0,2,12,7,2963
49.0,2,12,8,2972
49.0,2,12,9,2981
49.0,2,12,10,2990
49.0,2,12,11,2999
49.0,2,12,12,3008
49.0,2,12,13,3017
49.0,2,12,14,3026
49.0,2,12,15,3035
49.0,2,13,0,2907
49.0,2,13,1,2917
49.0,2,13,2,2926
49.0,2,13,3,2935
49.0,2,13,4,2945
49.0,2,13,5,2954
49.0,2,13,6,2963
49.0,2,13,7,2972
49.0,2,13,8,2981
49.0,2,13,9,2991
49.0,2,13,10,3000
49.0,2,13,11,3009
49.0,2,13,12,3018
49.0,2,13,13,3027
49.0,2,13,14,3036
49.0,2,13,15,3045
49.0,2,14,0,2916
49.0,2,14,1,2926
49.0,2,14,2,2935
49.0,2,14,3,2944
49.0,2,14,4,2954
49.0,2,14,5,2963
49.0,2,14,6,2972
49.0,2,14,7,2981
49.0,2,14,8,2991
49.0,2,14,9,3000
49.0,2,14,10,3009
49.0,2,14,11,3018
49.0,2,14,12,3027
49.0,2,14,13,3036
49.0,2,14,14,3045
49.0,2,14,15,3054
49.0,2,15,0,2925
49.0,2,15,1,2935
49.0,2,15,2,2944
49.0,2,15,3,2953
49.0,2,15,4,2963
49.0,2,15,5,2972
49.0,2,15,6,2981
49.0,2,15,7,2991
49.0,2,15,8,3000
49.0,2,15,9,3009
49.0,2,15,10,3018
49.0,2,15,11,3027
49.0,2,15,12,3036
49.0,2,15,13,3045
49.0,2,15,14,3054
49.0,2,15,15,3063
49.0,3,0,0,2799
49.0,3,0,1,2808
49.0,3,0,2,2817
49.0,3,0,3,2826
49.0,3,0,4,2835
49.0,3,0,5,2844
49.0,3,0,6,2852
49.0,3,0,7,2861
49.0,3,0,8,2870
49.0,3,0,9,2879
49.0,3,0,10,2888
49.0,3,0,11,2896
49.0,3,0,12,2905
49.0,3,0,13,2914
49.0,3,0,14,2922
49.0,3,0,15,2931
49.0,3,1,0,2808
49.0,3,1,1,2817
49.0,3,1,2,2826
49.0,3,1,3,2835
49.0,3,1,4,2844
49.0,3,1,5,2853
49.0,3,1,6,2862
49.0,3,1,7,2871
49.0,3,1,8,2880
49.0,3,1,9,2889
49.0,3,1,10,2897
49.0,3,1,11,2906
49.0,3,1,12,2915
49.0,3,1,13,2924
49.0,3,1,14,2932
49.0,3,1,15,2941
49.0,3,2,0,2818
49.0,3,2,1,2827
49.0,3,2,2,2836
49.0,3,2,3,2845
49.0,3,2,4,2854
49.0,3,2,5,2863
49.0,3,2,6,2872
49.0,3,2,7,2880
49.0,3,2,8,2889
49.0,3,2,9,2898
49.0,3,2,10,2907
49.0,3,2,11,2916
49.0,3,2,12,2925
49.0,3,2,13,2933
49.0,3,2,14,2942
49.0,3,2,15,2951
49.0,3,3,0,2827
49.0,3,3,1,2836
49.0,3,3,2,2845
49.0,3,3,3,2854
49.0,3,3,4,2863
49.0,3,3,5,2872
49.0,3,3,6,2881
49.0,3,3,7,2890
49.0,3,3,8,2899
49.0,3,3,9,2908
49.0,3,3,10,2917
49.0,3,3,11,2925
49.0,3,3,12,2934
49.0,3,3,13,2943
49.0,3,3,14,2952
49.0,3,3,15,2960
49.0,3,4,0,2836
49.0,3,4,1,2845
49.0,3,4,2,2854
49.0,3,4,3,2863
49.0,3,4,4,2872
49.0,3,4,5,2882
49.0,3,4,6,2890
49.0,3,4,7,2899
49.0,3,4,8,2908
49.0,3,4,9,2917
49.0,3,4,10,2926
49.0,3,4,11,2935
49.0,3,4,12,2944
49.0,3,4,13,2953
49.0,3,4,14,2961
49.0,3,4,15,2970
49.0,3,5,0,2845
49.0,3,5,1,2855
49.0,3,5,2,2864
49.0,3,5,3,2873
49.0,3,5,4,2882
49.0,3,5,5,2891
49.0,3,5,6,2900
49.0,3,5,7,2909
49.0,3,5,8,2918
49.0,3,5,9,2927
49.0,3,5,10,2936
49.0,3,5,11,2945
49.0,3,5,12,2953
49.0,3,5,13,2962
49.0,3,5,14,2971
49.0,3,5,15,2980
49.0,3,6,0,2855
49.0,3,6,1,2864
49.0,3,6,2,2873
49.0,3,6,3,2882
49.0,3,6,4,2891
49.0,3,6,5,2900
49.0,3,6,6,2909
49.0,3,6,7,2918
49.0,3,6,8,2927
49.0,3,6,9,2936
49.0,3,6,10,2945
49.0,3,6,11,2954
49.0,3,6,12,2963
49.0,3,6,13,2972
49.0,3,6,14,2981
49.0,3,6,15,2990
49.0,3,7,0,2864
49.0,3,7,1,2873
49.0,3,7,2,2882
49.0,3,7,3,2891
49.0,3,7,4,2901
49.0,3,7,5,2910
49.0,3,7,6,2919
49.0,3,7,7,2928
49.0,3,7,8,2937
49.0,3,7,9,2946
49.0,3,7,10,2955
49.0,3,7,11,2964
49.0,3,7,12,2973
49.0,3,7,13,2981
49.0,3,7,14,2990
49.0,3,7,15,2999
49.0,3,8,0,2873
49.0,3,8,1,2882
49.0,3,8,2,2891
49.0,3,8,3,2901
49.0,3,8,4,2910
49.0,3,8,5,2919
49.0,3,8,6,2928
49.0,3,8,7,2937
49.0,3,8,8,2946
49.0,3,8,9,2955
49.0,3,8,10,2964
49.0,3,8,11,2973
49.0,3,8,12,2982
49.0,3,8,13,2991
49.0,3,8,14,3000
49.0,3,8,15,3009
49.0,3,9,0,2882
49.0,3,9,1,2891
49.0,3,9,2,2901
49.0,3,9,3,2910
49.0,3,9,4,2919
49.0,3,9,5,2928
49.0,3,9,6,2937
49.0,3,9,7,2946
49.0,3,9,8,2956
49.0,3,9,9,2965
49.0,3,9,10,2974
49.0,3,9,11,2983
49.0,3,9,12,2992
49.0,3,9,13,3001
49.0,3,9,14,3009
49.0,3,9,15,3018
49.0,3,10,0,2891
49.0,3,10,1,2901
49.0,3,10,2,2910
49.0,3,10,3,2919
49.0,3,10,4,2928
49.0,3,10,5,2937
49.0,3,10,6,2947
49.0,3,10,7,2956
49.0,3,10,8,2965
49.0,3,10,9,2974
49.0,3,10,10,2983
49.0,3,10,11,2992
49.0,3,10,12,3001
49.0,3,10,13,3010
49.0,3,10,14,3019
49.0,3,10,15,3028
49.0,3,11,0,2900
49.0,3,11,1,2910
49.0,3,11,2,2919
49.0,3,11,3,2928
49.0,3,11,4,2937
49.0,3,11,5,2947
49.0,3,11,6,2956
49.0,3,11,7,2965
49.0,3,11,8,2974
49.0,3,11,9,2983
49.0,3,11,10,2992
49.0,3,11,11,3001
49.0,3,11,12,3010
49.0,3,11,13,3019
49.0,3,11,14,3028
49.0,3,11,15,3037
49.0,3,12,0,2909
49.0,3,12,1,2919
49.0,3,12,2,2928
49.0,3,12,3,2937
49.0,3,12,4,2947
49.0,3,12,5,2956
49.0,3,12,6,2965
49.0,3,12,7,2974
49.0,3,12,8,2983
49.0,3,12,9,2993
49.0,3,12,10,3002
49.0,3,12,11,3011
49.0,3,12,12,3020
49.0,3,12,13,3029
49.0,3,12,14,3038
49.0,3,12,15,3047
49.0,3,13,0,2918
49.0,3,13,1,2928
49.0,3,13,2,2937
49.0,3,13,3,2946
49.0,3,13,4,2956
49.0,3,13,5,2965
49.0,3,13,6,2974
49.0,3,13,7,2984
49.0,3,13,8,2993
49.0,3,13,9,3002
49.0,3,13,10,3011
49.0,3,13,11,3020
49.0,3,13,12,3029
49.0,3,13,13,3038
49.0,3,13,14,3047
49.0,3,13,15,3056
49.0,3,14,0,2927
49.0,3,14,1,2937
49.0,3,14,2,2946
49.0,3,14,3,2956
49.0,3,14,4,2965
49.0,3,14,5,2974
49.0,3,14,6,2983
49.0,3,14,7,2993
49.0,3,14,8,3002
49.0,3,14,9,3011
49.0,3,14,10,3020
49.0,3,14,11,3029
49.0,3,14,12,3039
49.0,3,14,13,3048
49.0,3,14,14,3057
49.0,3,14,15,3066
49.0,3,15,0,2936
49.0,3,15,1,2946
49.0,3,15,2,2955
49.0,3,15,3,2965
49.0,3,15,4,2974
49.0,3,15,5,2983
49.0,3,15,6,2993
49.0,3,15,7,3002
49.0,3,15,8,3011
49.0,3,15,9,3020
49.0,3,15,10,3030
49.0,3,15,11,3039
49.0,3,15,12,3048
49.0,3,15,13,3057
49.0,3,15,14,3066
49.0,3,15,15,3075
49.0,4,0,0,2809
49.0,4,0,1,2818
49.0,4,0,2,2827
49.0,4,0,3,2836
49.0,4,0,4,2845
49.0,4,0,5,2854
49.0,4,0,6,2863
49.0,4,0,7,2872
49.0,4,0,8,2881
49.0,4,0,9,2890
49.0,4,0,10,2899
49.0,4,0,11,2907
49.0,4,0,12,2916
49.0,4,0,13,2925
49.0,4,0,14,2934
49.0,4,0,15,2942
49.0,4,1,0,2819
49.0,4,1,1,2828
49.0,4,1,2,2837
49.0,4,1,3,2846
49.0,4,1,4,2855
49.0,4,1,5,2864
49.0,4,1,6,2873
49.0,4,1,7,2882
49.0,4,1,8,2891
49.0,4,1,9,2900
49.0,4,1,10,2908
49.0,4,1,11,2917
49.0,4,1,12,2926
49.0,4,1,13,2935
49.0,4,1,14,2943
49.0,4,1,15,2952
49.0,4,2,0,2828
49.0,4,2,1,2837
49.0,4,2,2,2846
49.0,4,2,3,2855
49.0,4,2,4,2864
49.0,4,2,5,2873
49.0,4,2,6,2882
49.0,4,2,7,2891
49.0,4,2,8,2900
49.0,4,2,9,2909
49.0,4,2,10,2918
49.0,4,2,11,2927
49.0,4,2,12,2936
49.0,4,2,13,2944
49.0,4,2,14,2953
49.0,4,2,15,2962
49.0,4,3,0,2838
49.0,4,3,1,2847
49.0,4,3,2,2856
49.0,4,3,3,2865
49.0,4,3,4,2874
49.0,4,3,5,2883
49.0,4,3,6,2892
49.0,4,3,7,2901
49.0,4,3,8,2910
49.0,4,3,9,2919
49.0,4,3,10,2928
49.0,4,3,11,2937
49.0,4,3,12,2945
49.0,4,3,13,2954
49.0,4,3,14,2963
49.0,4,3,15,2972
49.0,4,4,0,2847
49.0,4,4,1,2856
49.0,4,4,2,2865
49.0,4,4,3,2874
49.0,4,4,4,2883
49.0,4,4,5,2892
49.0,4,4,6,2901
49.0,4,4,7,2910
49.0,4,4,8,2919
49.0,4,4,9,2928
49.0,4,4,10,2937
49.0,4,4,11,2946
49.0,4,4,12,2955
49.0,4,4,13,2964
49.0,4,4,14,2973
49.0,4,4,15,2981
49.0,4,5,0,2856
49.0,4,5,1,2865
49.0,4,5,2,2875
49.0,4,5,3,2884
49.0,4,5,4,2893
49.0,4,5,5,2902
49.0,4,5,6,2911
49.0,4,5,7,2920
49.0,4,5,8,2929
49.0,4,5,9,2938
49.0,4,5,10,2947
49.0,4,5,11,2956
49.0,4,5,12,2965
49.0,4,5,13,2974
49.0,4,5,14,2982
49.0,4,5,15,2991
49.0,4,6,0,2865
49.0,4,6,1,2875
49.0,4,6,2,2884
49.0,4,6,3,2893
49.0,4,6,4,2902
49.0,4,6,5,2911
49.0,4,6,6,2920
49.0,4,6,7,2929
49.0,4,6,8,2938
49.0,4,6,9,2947
49.0,4,6,10,2956
49.0,4,6,11,2965
49.0,4,6,12,2974
49.0,4,6,13,2983
49.0,4,6,14,2992
49.0,4,6,15,3001
49.0,4,7,0,2875
49.0,4,7,1,2884
49.0,4,7,2,2893
49.0,4,7,3,2902
49.0,4,7,4,2912
49.0,4,7,5,2921
49.0,4,7,6,2930
49.0,4,7,7,2939
49.0,4,7,8,2948
49.0,4,7,9,2957
49.0,4,7,10,2966
49.0,4,7,11,2975
49.0,4,7,12,2984
49.0,4,7,13,2993
49.0,4,7,14,3002
49.0,4,7,15,3011
49.0,4,8,0,2884
49.0,4,8,1,2893
49.0,4,8,2,2902
49.0,4,8,3,2912
49.0,4,8,4,2921
49.0,4,8,5,2930
49.0,4,8,6,2939
49.0,4,8,7,2948
49.0,4,8,8,2957
49.0,4,8,9,2966
49.0,4,8,10,2975
49.0,4,8,11,2984
49.0,4,8,12,2993
49.0,4,8,13,3002
49.0,4,8,14,3011
49.0,4,8,15,3020
49.0,4,9,0,2893
49.0,4,9,1,2902
49.0,4,9,2,2912
49.0,4,9,3,2921
49.0,4,9,4,2930
49.0,4,9,5,2939
49.0,4,9,6,2948
49.0,4,9,7,2958
49.0,4,9,8,2967
49.0,4,9,9,2976
49.0,4,9,10,2985
49.0,4,9,11,2994
49.0,4,9,12,3003
49.0,4,9,13,3012
49.0,4,9,14,3021
49.0,4,9,15,3030
49.0,4,10,0,2902
49.0,4,10,1,2912
49.0,4,10,2,2921
49.0,4,10,3,2930
49.0,4,10,4,2939
49.0,4,10,5,2949
49.0,4,10,6,2958
49.0,4,10,7,2967
49.0,4,10,8,2976
49.0,4,10,9,2985
49.0,4,10,10,2994
49.0,4,10,11,3003
49.0,4,10,12,3012
49.0,4,10,13,3021
49.0,4,10,14,3030
49.0,4,10,15,3039
49.0,4,11,0,2911
49.0,4,11,1,2921
49.0,4,11,2,2930
49.0,4,11,3,2939
49.0,4,11,4,2949
49.0,4,11,5,2958
49.0,4,11,6,2967
49.0,4,11,7,2976
49.0,4,11,8,2985
49.0,4,11,9,2995
49.0,4,11,10,3004
49.0,4,11,11,3013
49.0,4,11,12,3022
49.0,4,11,13,3031
49.0,4,11,14,3040
49.0,4,11,15,3049
49.0,4,12,0,2920
49.0,4,12,1,2930
49.0,4,12,2,2939
49.0,4,12,3,2948
49.0,4,12,4,2958
49.0,4,12,5,2967
49.0,4,12,6,2976
49.0,4,12,7,2986
49.0,4,12,8,2995
49.0,4,12,9,3004
49.0,4,12,10,3013
49.0,4,12,11,3022
49.0,4,12,12,3031
49.0,4,12,13,3040
49.0,4,12,14,3049
49.0,4,12,15,3058
49.0,4,13,0,2929
49.0,4,13,1,2939
49.0,4,13,2,2948
49.0,4,13,3,2958
49.0,4,13,4,2967
49.0,4,13,5,2976
49.0,4,13,6,2986
49.0,4,13,7,2995
49.0,4,13,8,3004
49.0,4,13,9,3013
49.0,4,13,10,3022
49.0,4,13,11,3032
49.0,4,13,12,3041
49.0,4,13,13,3050
49.0,4,13,14,3059
49.0,4,13,15,3068
49.0,4,14,0,2938
49.0,4,14,1,2948
49.0,4,14,2,2957
49.0,4,14,3,2967
49.0,4,14,4,2976
49.0,4,14,5,2985
49.0,4,14,6,2995
49.0,4,14,7,3004
49.0,4,14,8,3013
49.0,4,14,9,3023
49.0,4,14,10,3032
49.0,4,14,11,3041
49.0,4,14,12,3050
49.0,4,14,13,3059
49.0,4,14,14,3068
49.0,4,14,15,3077
49.0,4,15,0,2947
49.0,4,15,1,2957
49.0,4,15,2,2966
49.0,4,15,3,2976
49.0,4,15,4,2985
49.0,4,15,5,2995
49.0,4,15,6,3004
49.0,4,15,7,3013
49.0,4,15,8,3023
49.0,4,15,9,3032
49.0,4,15,10,3041
49.0,4,15,11,3050
49.0,4,15,12,3059
49.0,4,15,13,3069
49.0,4,15,14,3078
49.0,4,15,15,3087
49.0,5,0,0,2820
49.0,5,0,1,2829
49.0,5,0,2,2838
49.0,5,0,3,2847
49.0,5,0,4,2856
49.0,5,0,5,2865
49.0,5,0,6,2874
49.0,5,0,7,2883
49.0,5,0,8,2892
49.0,5,0,9,2901
49.0,5,0,10,2910
49.0,5,0,11,2918
49.0,5,0,12,2927
49.0,5,0,13,2936
49.0,5,0,14,2945
49.0,5,0,15,2953
49.0,5,1,0,2829
49.0,5,1,1,2839
49.0,5,1,2,2848
49.0,5,1,3,2857
49.0,5,1,4,2866
49.0,5,1,5,2875
49.0,5,1,6,2884
49.0,5,1,7,2893
49.0,5,1,8,2902
49.0,5,1,9,2910
49.0,5,1,10,2919
49.0,5,1,11,2928
49.0,5,1,12,2937
49.0,5,1,13,2946
49.0,5,1,14,2954
49.0,5,1,15,2963
49.0,5,2,0,2839
49.0,5,2,1,2848
49.0,5,2,2,2857
49.0,5,2,3,2866
49.0,5,2,4,2875
49.0,5,2,5,2884
49.0,5,2,6,2893
49.0,5,2,7,2902
49.0,5,2,8,2911
49.0,5,2,9,2920
49.0,5,2,10,2929
49.0,5,2,11,2938
49.0,5,2,12,2947
49.0,5,2,13,2956
49.0,5,2,14,2964
49.0,5,2,15,2973
49.0,5,3,0,2848
49.0,5,3,1,2857
49.0,5,3,2,2867
49.0,5,3,3,2876
49.0,5,3,4,2885
49.0,5,3,5,2894
49.0,5,3,6,2903
49.0,5,3,7,2912
49.0,5,3,8,2921
49.0,5,3,9,2930
49.0,5,3,10,2939
49.0,5,3,11,2948
49.0,5,3,12,2956
49.0,5,3,13,2965
49.0,5,3,14,2974
49.0,5,3,15,2983
49.0,5,4,0,2858
49.0,5,4,1,2867
49.0,5,4,2,2876
49.0,5,4,3,2885
49.0,5,4,4,2894
49.0,5,4,5,2903
49.0,5,4,6,2912
49.0,5,4,7,2921
49.0,5,4,8,2930
49.0,5,4,9,2939
49.0,5,4,10,2948
49.0,5,4,11,2957
49.0,5,4,12,2966
49.0,5,4,13,2975
49.0,5,4,14,2984
49.0,5,4,15,2993
49.0,5,5,0,2867
49.0,5,5,1,2876
49.0,5,5,2,2885
49.0,5,5,3,2895
49.0,5,5,4,2904
49.0,5,5,5,2913
49.0,5,5,6,2922
49.0,5,5,7,2931
49.0,5,5,8,2940
49.0,5,5,9,2949
49.0,5,5,10,2958
49.0,5,5,11,2967
49.0,5,5,12,2976
49.0,5,5,13,2985
49.0,5,5,14,2994
49.0,5,5,15,3002
49.0,5,6,0,2876
49.0,5,6,1,2885
49.0,5,6,2,2895
49.0,5,6,3,2904
49.0,5,6,4,2913
49.0,5,6,5,2922
49.0,5,6,6,2931
49.0,5,6,7,2940
49.0,5,6,8,2950
49.0,5,6,9,2959
49.0,5,6,10,2968
49.0,5,6,11,2977
49.0,5,6,12,2986
49.0,5,6,13,2994
49.0,5,6,14,3003
49.0,5,6,15,3012
49.0,5,7,0,2885
49.0,5,7,1,2895
49.0,5,7,2,2904
49.0,5,7,3,2913
49.0,5,7,4,2922
49.0,5,7,5,2932
49.0,5,7,6,2941
49.0,5,7,7,2950
49.0,5,7,8,2959
49.0,5,7,9,2968
49.0,5,7,10,2977
49.0,5,7,11,2986
49.0,5,7,12,2995
49.0,5,7,13,3004
49.0,5,7,14,3013
49.0,5,7,15,3022
49.0,5,8,0,2895
49.0,5,8,1,2904
49.0,5,8,2,2913
49.0,5,8,3,2923
49.0,5,8,4,2932
49.0,5,8,5,2941
49.0,5,8,6,2950
49.0,5,8,7,2959
49.0,5,8,8,2969
49.0,5,8,9,2978
49.0,5,8,10,2987
49.0,5,8,11,2996
49.0,5,8,12,3005
49.0,5,8,13,3014
49.0,5,8,14,3023
49.0,5,8,15,3032
49.0,5,9,0,2904
49.0,5,9,1,2913
49.0,5,9,2,2923
49.0,5,9,3,2932
49.0,5,9,4,2941
49.0,5,9,5,2950
49.0,5,9,6,2960
49.0,5,9,7,2969
49.0,5,9,8,2978
49.0,5,9,9,2987
49.0,5,9,10,2996
49.0,5,9,11,3005
49.0,5,9,12,3014
49.0,5,9,13,3023
49.0,5,9,14,3032
49.0,5,9,15,3041
49.0,5,10,0,2913
49.0,5,10,1,2922
49.0,5,10,2,2932
49.0,5,10,3,2941
49.0,5,10,4,2950
49.0,5,10,5,2960
49.0,5,10,6,2969
49.0,5,10,7,2978
49.0,5,10,8,2987
49.0,5,10,9,2997
49.0,5,10,10,3006
49.0,5,10,11,3015
49.0,5,10,12,3024
49.0,5,10,13,3033
49.0,5,10,14,3042
49.0,5,10,15,3051
49.0,5,11,0,2922
49.0,5,11,1,2932
49.0,5,11,2,2941
49.0,5,11,3,2950
49.0,5,11,4,2960
49.0,5,11,5,2969
49.0,5,11,6,2978
49.0,5,11,7,2988
49.0,5,11,8,2997
49.0,5,11,9,3006
49.0,5,11,10,3015
49.0,5,11,11,3024
49.0,5,11,12,3033
49.0,5,11,13,3042
49.0,5,11,14,3051
49.0,5,11,15,3060
49.0,5,12,0,2931
49.0,5,12,1,2941
49.0,5,12,2,2950
49.0,5,12,3,2960
49.0,5,12,4,2969
49.0,5,12,5,2978
49.0,5,12,6,2988
49.0,5,12,7,2997
49.0,5,12,8,3006
49.0,5,12,9,3015
49.0,5,12,10,3024
49.0,5,12,11,3034
49.0,5,12,12,3043
49.0,5,12,13,3052
49.0,5,12,14,3061
49.0,5,12,15,3070
49.0,5,13,0,2940
49.0,5,13,1,2950
49.0,5,13,2,2959
49.0,5,13,3,2969
49.0,5,13,4,2978
49.0,5,13,5,2988
49.0,5,13,6,2997
49.0,5,13,7,3006
49.0,5,13,8,3015
49.0,5,13,9,3025
49.0,5,13,10,3034
49.0,5,13,11,3043
49.0,5,13,12,3052
49.0,5,13,13,3061
49.0,5,13,14,3070
49.0,5,13,15,3079
49.0,5,14,0,2950
49.0,5,14,1,2959
49.0,5,14,2,2969
49.0,5,14,3,2978
49.0,5,14,4,2987
49.0,5,14,5,2997
49.0,5,14,6,3006
49.0,5,14,7,3015
49.0,5,14,8,3025
49.0,5,14,9,3034
49.0,5,14,10,3043
49.0,5,14,11,3052
49.0,5,14,12,3062
49.0,5,14,13,3071
49.0,5,14,14,3080
49.0,5,14,15,3089
49.0,5,15,0,2959
49.0,5,15,1,2968
49.0,5,15,2,2978
49.0,5,15,3,2987
49.0,5,15,4,2997
49.0,5,15,5,3006
49.0,5,15,6,3015
49.0,5,15,7,3025
49.0,5,15,8,3034
49.0,5,15,9,3043
49.0,5,15,10,3053
49.0,5,15,11,3062
49.0,5,15,12,3071
49.0,5,15,13,3080
49.0,5,15,14,3089
49.0,5,15,15,3098
49.0,6,0,0,2831
49.0,6,0,1,2840
49.0,6,0,2,2849
49.0,6,0,3,2858
49.0,6,0,4,2867
49.0,6,0,5,2876
49.0,6,0,6,2885
49.0,6,0,7,2894
49.0,6,0,8,2903
49.0,6,0,9,2912
49.0,6,0,10,2920
49.0,6,0,11,2929
49.0,6,0,12,2938
49.0,6,0,13,2947
49.0,6,0,14,2956
49.0,6,0,15,2964
49.0,6,1,0,2840
49.0,6,1,1,2849
49.0,6,1,2,2858
49.0,6,1,3,2867
49.0,6,1,4,2877
49.0,6,1,5,2886
49.0,6,1,6,2895
49.0,6,1,7,2904
49.0,6,1,8,2912
49.0,6,1,9,2921
49.0,6,1,10,2930
49.0,6,1,11,2939
49.0,6,1,12,2948
49.0,6,1,13,2957
49.0,6,1,14,2966
49.0,6,1,15,2974
49.0,6,2,0,2850
49.0,6,2,1,2859
49.0,6,2,2,2868
49.0,6,2,3,2877
49.0,6,2,4,2886
49.0,6,2,5,2895
49.0,6,2,6,2904
49.0,6,2,7,2913
49.0,6,2,8,2922
49.0,6,2,9,2931
49.0,6,2,10,2940
49.0,6,2,11,2949
49.0,6,2,12,2958
49.0,6,2,13,2967
49.0,6,2,14,2975
49.0,6,2,15,2984
49.0,6,3,0,2859
49.0,6,3,1,2868
49.0,6,3,2,2877
49.0,6,3,3,2886
49.0,6,3,4,2896
49.0,6,3,5,2905
49.0,6,3,6,2914
49.0,6,3,7,2923
49.0,6,3,8,2932
49.0,6,3,9,2941
49.0,6,3,10,2950
49.0,6,3,11,2959
49.0,6,3,12,2968
49.0,6,3,13,2976
49.0,6,3,14,2985
49.0,6,3,15,2994
49.0,6,4,0,2868
49.0,6,4,1,2878
49.0,6,4,2,2887
49.0,6,4,3,2896
49.0,6,4,4,2905
49.0,6,4,5,2914
49.0,6,4,6,2923
49.0,6,4,7,2932
49.0,6,4,8,2941
49.0,6,4,9,2950
49.0,6,4,10,2959
49.0,6,4,11,2968
49.0,6,4,12,2977
49.0,6,4,13,2986
49.0,6,4,14,2995
49.0,6,4,15,3004
49.0,6,5,0,2878
49.0,6,5,1,2887
49.0,6,5,2,2896
49.0,6,5,3,2905
49.0,6,5,4,2915
49.0,6,5,5,2924
49.0,6,5,6,2933
49.0,6,5,7,2942
49.0,6,5,8,2951
49.0,6,5,9,2960
49.0,6,5,10,2969
49.0,6,5,11,2978
49.0,6,5,12,2987
49.0,6,5,13,2996
49.0,6,5,14,3005
49.0,6,5,15,3014
49.0,6,6,0,2887
49.0,6,6,1,2896
49.0,6,6,2,2906
49.0,6,6,3,2915
49.0,6,6,4,2924
49.0,6,6,5,2933
49.0,6,6,6,2942
49.0,6,6,7,2952
49.0,6,6,8,2961
49.0,6,6,9,2970
49.0,6,6,10,2979
49.0,6,6,11,2988
49.0,6,6,12,2997
49.0,6,6,13,3006
49.0,6,6,14,3015
49.0,6,6,15,3024
49.0,6,7,0,2896
49.0,6,7,1,2906
49.0,6,7,2,2915
49.0,6,7,3,2924
49.0,6,7,4,2933
49.0,6,7,5,2943
49.0,6,7,6,2952
49.0,6,7,7,2961
49.0,6,7,8,2970
49.0,6,7,9,2979
49.0,6,7,10,2988
49.0,6,7,11,2997
49.0,6,7,12,3006
49.0,6,7,13,3015
49.0,6,7,14,3024
49.0,6,7,15,3033
49.0,6,8,0,2906
49.0,6,8,1,2915
49.0,6,8,2,2924
49.0,6,8,3,2934
49.0,6,8,4,2943
49.0,6,8,5,2952
49.0,6,8,6,2961
49.0,6,8,7,2971
49.0,6,8,8,2980
49.0,6,8,9,2989
49.0,6,8,10,2998
49.0,6,8,11,3007
49.0,6,8,12,3016
49.0,6,8,13,3025
49.0,6,8,14,3034
49.0,6,8,15,3043
49.0,6,9,0,2915
49.0,6,9,1,2924
49.0,6,9,2,2934
49.0,6,9,3,2943
49.0,6,9,4,2952
49.0,6,9,5,2961
49.0,6,9,6,2971
49.0,6,9,7,2980
49.0,6,9,8,2989
49.0,6,9,9,2998
49.0,6,9,10,3007
49.0,6,9,11,3017
49.0,6,9,12,3026
49.0,6,9,13,3035
49.0,6,9,14,3044
49.0,6,9,15,3053
49.0,6,10,0,2924
49.0,6,10,1,2933
49.0,6,10,2,2943
49.0,6,10,3,2952
49.0,6,10,4,2962
49.0,6,10,5,2971
49.0,6,10,6,2980
49.0,6,10,7,2989
49.0,6,10,8,2999
49.0,6,10,9,3008
49.0,6,10,10,3017
49.0,6,10,11,3026
49.0,6,10,12,3035
49.0,6,10,13,3044
49.0,6,10,14,3053
49.0,6,10,15,3062
49.0,6,11,0,2933
49.0,6,11,1,2943
49.0,6,11,2,2952
49.0,6,11,3,2961
49.0,6,11,4,2971
49.0,6,11,5,2980
49.0,6,11,6,2989
49.0,6,11,7,2999
49.0,6,11,8,3008
49.0,6,11,9,3017
49.0,6,11,10,3026
49.0,6,11,11,3036
49.0,6,11,12,3045
49.0,6,11,13,3054
49.0,6,11,14,3063
49.0,6,11,15,3072
49.0,6,12,0,2942
49.0,6,12,1,2952
49.0,6,12,2,2961
49.0,6,12,3,2971
49.0,6,12,4,2980
49.0,6,12,5,2989
49.0,6,12,6,2999
49.0,6,12,7,3008
49.0,6,12,8,3017
49.0,6,12,9,3027
49.0,6,12,10,3036
49.0,6,12,11,3045
49.0,6,12,12,3054
49.0,6,12,13,3063
49.0,6,12,14,3072
49.0,6,12,15,3082
49.0,6,13,0,2952
49.0,6,13,1,2961
49.0,6,13,2,2971
49.0,6,13,3,2980
49.0,6,13,4,2989
49.0,6,13,5,2999
49.0,6,13,6,3008
49.0,6,13,7,3017
49.0,6,13,8,3027
49.0,6,13,9,3036
49.0,6,13,10,3045
49.0,6,13,11,3054
49.0,6,13,12,3064
49.0,6,13,13,3073
49.0,6,13,14,3082
49.0,6,13,15,3091
49.0,6,14,0,2961
49.0,6,14,1,2970
49.0,6,14,2,2980
49.0,6,14,3,2989
49.0,6,14,4,2999
49.0,6,14,5,3008
49.0,6,14,6,3017
49.0,6,14,7,3027
49.0,6,14,8,3036
49.0,6,14,9,3045
49.0,6,14,10,3055
49.0,6,14,11,3064
49.0,6,14,12,3073
49.0,6,14,13,3082
49.0,6,14,14,3091
49.0,6,14,15,3101
49.0,6,15,0,2970
49.0,6,15,1,2979
49.0,6,15,2,2989
49.0,6,15,3,2998
49.0,6,15,4,3008
49.0,6,15,5,3017
49.0,6,15,6,3027
49.0,6,15,7,3036
49.0,6,15,8,3045
49.0,6,15,9,3055
49.0,6,15,10,3064
49.0,6,15,11,3073
49.0,6,15,12,3083
49.0,6,15,13,3092
49.0,6,15,14,3101
49.0,6,15,15,3110
49.0,7,0,0,2841
49.0,7,0,1,2850
49.0,7,0,2,2859
49.0,7,0,3,2869
49.0,7,0,4,2878
49.0,7,0,5,2887
49.0,7,0,6,2896
49.0,7,0,7,2905
49.0,7,0,8,2914
49.0,7,0,9,2923
49.0,7,0,10,2931
49.0,7,0,11,2940
49.0,7,0,12,2949
49.0,7,0,13,2958
49.0,7,0,14,2967
49.0,7,0,15,2976
49.0,7,1,0,2851
49.0,7,1,1,2860
49.0,7,1,2,2869
49.0,7,1,3,2878
49.0,7,1,4,2887
49.0,7,1,5,2896
49.0,7,1,6,2905
49.0,7,1,7,2914
49.0,7,1,8,2923
49.0,7,1,9,2932
49.0,7,1,10,2941
49.0,7,1,11,2950
49.0,7,1,12,2959
49.0,7,1,13,2968
49.0,7,1,14,2977
49.0,7,1,15,2986
49.0,7,2,0,2860
49.0,7,2,1,2869
49.0,7,2,2,2879
49.0,7,2,3,2888
49.0,7,2,4,2897
49.0,7,2,5,2906
49.0,7,2,6,2915
49.0,7,2,7,2924
49.0,7,2,8,2933
49.0,7,2,9,2942
49.0,7,2,10,2951
49.0,7,2,11,2960
49.0,7,2,12,2969
49.0,7,2,13,2978
49.0,7,2,14,2987
49.0,7,2,15,2995
49.0,7,3,0,2870
49.0,7,3,1,2879
49.0,7,3,2,2888
49.0,7,3,3,2897
49.0,7,3,4,2906
49.0,7,3,5,2916
49.0,7,3,6,2925
49.0,7,3,7,2934
49.0,7,3,8,2943
49.0,7,3,9,2952
49.0,7,3,10,2961
49.0,7,3,11,2970
49.0,7,3,12,2979
49.0,7,3,13,2988
49.0,7,3,14,2996
49.0,7,3,15,3005
49.0,7,4,0,2879
49.0,7,4,1,2888
49.0,7,4,2,2898
49.0,7,4,3,2907
49.0,7,4,4,2916
49.0,7,4,5,2925
49.0,7,4,6,2934
49.0,7,4,7,2943
49.0,7,4,8,2952
49.0,7,4,9,2962
49.0,7,4,10,2971
49.0,7,4,11,2980
49.0,7,4,12,2988
49.0,7,4,13,2997
49.0,7,4,14,3006
49.0,7,4,15,3015
49.0,7,5,0,2888
49.0,7,5,1,2898
49.0,7,5,2,2907
49.0,7,5,3,2916
49.0,7,5,4,2926
49.0,7,5,5,2935
49.0,7,5,6,2944
49.0,7,5,7,2953
49.0,7,5,8,2962
49.0,7,5,9,2971
49.0,7,5,10,2980
49.0,7,5,11,2989
49.0,7,5,12,2998
49.0,7,5,13,3007
49.0,7,5,14,3016
49.0,7,5,15,3025
49.0,7,6,0,2898
49.0,7,6,1,2907
49.0,7,6,2,2916
49.0,7,6,3,2926
49.0,7,6,4,2935
49.0,7,6,5,2944
49.0,7,6,6,2953
49.0,7,6,7,2963
49.0,7,6,8,2972
49.0,7,6,9,2981
49.0,7,6,10,2990
49.0,7,6,11,2999
49.0,7,6,12,3008
49.0,7,6,13,3017
49.0,7,6,14,3026
49.0,7,6,15,3035
49.0,7,7,0,2907
49.0,7,7,1,2917
49.0,7,7,2,2926
49.0,7,7,3,2935
49.0,7,7,4,2944
49.0,7,7,5,2954
49.0,7,7,6,2963
49.0,7,7,7,2972
49.0,7,7,8,2981
49.0,7,7,9,2990
49.0,7,7,10,3000
49.0,7,7,11,3009
49.0,7,7,12,3018
49.0,7,7,13,3027
49.0,7,7,14,3036
49.0,7,7,15,3045
49.0,7,8,0,2916
49.0,7,8,1,2926
49.0,7,8,2,2935
49.0,7,8,3,2945
49.0,7,8,4,2954
49.0,7,8,5,2963
49.0,7,8,6,2972
49.0,7,8,7,2982
49.0,7,8,8,2991
49.0,7,8,9,3000
49.0,7,8,10,3009
49.0,7,8,11,3018
49.0,7,8,12,3027
49.0,7,8,13,3036
49.0,7,8,14,3045
49.0,7,8,15,3054
49.0,7,9,0,2926
49.0,7,9,1,2935
49.0,7,9,2,2945
49.0,7,9,3,2954
49.0,7,9,4,2963
49.0,7,9,5,2973
49.0,7,9,6,2982
49.0,7,9,7,2991
49.0,7,9,8,3000
49.0,7,9,9,3010
49.0,7,9,10,3019
49.0,7,9,11,3028
49.0,7,9,12,3037
49.0,7,9,13,3046
49.0,7,9,14,3055
49.0,7,9,15,3064
49.0,7,10,0,2935
49.0,7,10,1,2944
49.0,7,10,2,2954
49.0,7,10,3,2963
49.0,7,10,4,2973
49.0,7,10,5,2982
49.0,7,10,6,2991
49.0,7,10,7,3001
49.0,7,10,8,3010
49.0,7,10,9,3019
49.0,7,10,10,3028
49.0,7,10,11,3037
49.0,7,10,12,3047
49.0,7,10,13,3056
49.0,7,10,14,3065
49.0,7,10,15,3074
49.0,7,11,0,2944
49.0,7,11,1,2954
49.0,7,11,2,2963
49.0,7,11,3,2973
49.0,7,11,4,2982
49.0,7,11,5,2991
49.0,7,11,6,3001
49.0,7,11,7,3010
49.0,7,11,8,3019
49.0,7,11,9,3029
49.0,7,11,10,3038
49.0,7,11,11,3047
49.0,7,11,12,3056
49.0,7,11,13,3065
49.0,7,11,14,3074
49.0,7,11,15,3083
49.0,7,12,0,2953
49.0,7,12,1,2963
49.0,7,12,2,2972
49.0,7,12,3,2982
49.0,7,12,4,2991
49.0,7,12,5,3001
49.0,7,12,6,3010
49.0,7,12,7,3019
49.0,7,12,8,3029
49.0,7,12,9,3038
49.0,7,12,10,3047
49.0,7,12,11,3056
49.0,7,12,12,3066
49.0,7,12,13,3075
49.0,7,12,14,3084
49.0,7,12,15,3093
49.0,7,13,0,2963
49.0,7,13,1,2972
49.0,7,13,2,2982
49.0,7,13,3,2991
49.0,7,13,4,3001
49.0,7,13,5,3010
49.0,7,13,6,3019
49.0,7,13,7,3029
49.0,7,13,8,3038
49.0,7,13,9,3047
49.0,7,13,10,3057
49.0,7,13,11,3066
49.0,7,13,12,3075
49.0,7,13,13,3084
49.0,7,13,14,3094
49.0,7,13,15,3103
49.0,7,14,0,2972
49.0,7,14,1,2981
49.0,7,14,2,2991
49.0,7,14,3,3000
49.0,7,14,4,3010
49.0,7,14,5,3019
49.0,7,14,6,3029
49.0,7,14,7,3038
49.0,7,14,8,3047
49.0,7,14,9,3057
49.0,7,14,10,3066
49.0,7,14,11,3075
49.0,7,14,12,3085
49.0,7,14,13,3094
49.0,7,14,14,3103
49.0,7,14,15,3112
49.0,7,15,0,2981
49.0,7,15,1,2990
49.0,7,15,2,3000
49.0,7,15,3,3010
49.0,7,15,4,3019
49.0,7,15,5,3029
49.0,7,15,6,3038
49.0,7,15,7,3047
49.0,7,15,8,3057
49.0,7,15,9,3066
49.0,7,15,10,3075
49.0,7,15,11,3085
49.0,7,15,12,3094
49.0,7,15,13,3103
49.0,7,15,14,3113
49.0,7,15,15,3122
49.0,8,0,0,2852
49.0,8,0,1,2861
49.0,8,0,2,2870
49.0,8,0,3,2879
49.0,8,0,4,2888
49.0,8,0,5,2897
49.0,8,0,6,2906
49.0,8,0,7,2916
49.0,8,0,8,2924
49.0,8,0,9,2933
49.0,8,0,10,2942
49.0,8,0,11,2951
49.0,8,0,12,2960
49.0,8,0,13,2969
49.0,8,0,14,2978
49.0,8,0,15,2987
49.0,8,1,0,2861
49.0,8,1,1,2871
49.0,8,1,2,2880
49.0,8,1,3,2889
49.0,8,1,4,2898
49.0,8,1,5,2907
49.0,8,1,6,2916
49.0,8,1,7,2925
49.0,8,1,8,2934
49.0,8,1,9,2943
49.0,8,1,10,2952
49.0,8,1,11,2961
49.0,8,1,12,2970
49.0,8,1,13,2979
49.0,8,1,14,2988
49.0,8,1,15,2997
49.0,8,2,0,2871
49.0,8,2,1,2880
49.0,8,2,2,2889
49.0,8,2,3,2899
49.0,8,2,4,2908
49.0,8,2,5,2917
49.0,8,2,6,2926
49.0,8,2,7,2935
49.0,8,2,8,2944
49.0,8,2,9,2953
49.0,8,2,10,2962
49.0,8,2,11,2971
49.0,8,2,12,2980
49.0,8,2,13,2989
49.0,8,2,14,2998
49.0,8,2,15,3007
49.0,8,3,0,2880
49.0,8,3,1,2890
49.0,8,3,2,2899
49.0,8,3,3,2908
49.0,8,3,4,2917
49.0,8,3,5,2926
49.0,8,3,6,2936
49.0,8,3,7,2945
49.0,8,3,8,2954
49.0,8,3,9,2963
49.0,8,3,10,2972
49.0,8,3,11,2981
49.0,8,3,12,2990
49.0,8,3,13,2999
49.0,8,3,14,3008
49.0,8,3,15,3017
49.0,8,4,0,2890
49.0,8,4,1,2899
49.0,8,4,2,2908
49.0,8,4,3,2918
49.0,8,4,4,2927
49.0,8,4,5,2936
49.0,8,4,6,2945
49.0,8,4,7,2954
49.0,8,4,8,2963
49.0,8,4,9,2973
49.0,8,4,10,2982
49.0,8,4,11,2991
49.0,8,4,12,3000
49.0,8,4,13,3009
49.0,8,4,14,3018
49.0,8,4,15,3026
49.0,8,5,0,2899
49.0,8,5,1,2909
49.0,8,5,2,2918
49.0,8,5,3,2927
49.0,8,5,4,2936
49.0,8,5,5,2946
49.0,8,5,6,2955
49.0,8,5,7,2964
49.0,8,5,8,2973
49.0,8,5,9,2982
49.0,8,5,10,2991
49.0,8,5,11,3000
49.0,8,5,12,3009
49.0,8,5,13,3018
49.0,8,5,14,3027
49.0,8,5,15,3036
49.0,8,6,0,2909
49.0,8,6,1,2918
49.0,8,6,2,2927
49.0,8,6,3,2937
49.0,8,6,4,2946
49.0,8,6,5,2955
49.0,8,6,6,2964
49.0,8,6,7,2974
49.0,8,6,8,2983
49.0,8,6,9,2992
49.0,8,6,10,3001
49.0,8,6,11,3010
49.0,8,6,12,3019
49.0,8,6,13,3028
49.0,8,6,14,3037
49.0,8,6,15,3046
49.0,8,7,0,2918
49.0,8,7,1,2927
49.0,8,7,2,2937
49.0,8,7,3,2946
49.0,8,7,4,2955
49.0,8,7,5,2965
49.0,8,7,6,2974
49.0,8,7,7,2983
49.0,8,7,8,2992
49.0,8,7,9,3002
49.0,8,7,10,3011
49.0,8,7,11,3020
49.0,8,7,12,3029
49.0,8,7,13,3038
49.0,8,7,14,3047
49.0,8,7,15,3056
49.0,8,8,0,2927
49.0,8,8,1,2937
49.0,8,8,2,2946
49.0,8,8,3,2956
49.0,8,8,4,2965
49.0,8,8,5,2974
49.0,8,8,6,2984
49.0,8,8,7,2993
49.0,8,8,8,3002
49.0,8,8,9,3011
49.0,8,8,10,3020
49.0,8,8,11,3029
49.0,8,8,12,3039
49.0,8,8,13,3048
49.0,8,8,14,3057
49.0,8,8,15,3066
49.0,8,9,0,2937
49.0,8,9,1,2946
49.0,8,9,2,2956
49.0,8,9,3,2965
49.0,8,9,4,2974
49.0,8,9,5,2984
49.0,8,9,6,2993
49.0,8,9,7,3002
49.0,8,9,8,3012
49.0,8,9,9,3021
49.0,8,9,10,3030
49.0,8,9,11,3039
49.0,8,9,12,3048
49.0,8,9,13,3057
49.0,8,9,14,3066
49.0,8,9,15,3076
49.0,8,10,0,2946
49.0,8,10,1,2955
49.0,8,10,2,2965
49.0,8,10,3,2974
49.0,8,10,4,2984
49.0,8,10,5,2993
49.0,8,10,6,3002
49.0,8,10,7,3012
49.0,8,10,8,3021
49.0,8,10,9,3030
49.0,8,10,10,3040
49.0,8,10,11,3049
49.0,8,10,12,3058
49.0,8,10,13,3067
49.0,8,10,14,3076
49.0,8,10,15,3085
49.0,8,11,0,2955
49.0,8,11,1,2965
49.0,8,11,2,2974
49.0,8,11,3,2984
49.0,8,11,4,2993
49.0,8,11,5,3003
49.0,8,11,6,3012
49.0,8,11,7,3021
49.0,8,11,8,3031
49.0,8,11,9,3040
49.0,8,11,10,3049
49.0,8,11,11,3058
49.0,8,11,12,3068
49.0,8,11,13,3077
49.0,8,11,14,3086
49.0,8,11,15,3095
49.0,8,12,0,2964
49.0,8,12,1,2974
49.0,8,12,2,2984
49.0,8,12,3,2993
49.0,8,12,4,3002
49.0,8,12,5,3012
49.0,8,12,6,3021
49.0,8,12,7,3031
49.0,8,12,8,3040
49.0,8,12,9,3049
49.0,8,12,10,3059
49.0,8,12,11,3068
49.0,8,12,12,3077
49.0,8,12,13,3086
49.0,8,12,14,3095
49.0,8,12,15,3105
49.0,8,13,0,2974
49.0,8,13,1,2983
49.0,8,13,2,2993
49.0,8,13,3,3002
49.0,8,13,4,3012
49.0,8,13,5,3021
49.0,8,13,6,3031
49.0,8,13,7,3040
49.0,8,13,8,3049
49.0,8,13,9,3059
49.0,8,13,10,3068
49.0,8,13,11,3077
49.0,8,13,12,3087
49.0,8,13,13,3096
49.0,8,13,14,3105
49.0,8,13,15,3114
49.0,8,14,0,2983
49.0,8,14,1,2992
49.0,8,14,2,3002
49.0,8,14,3,3012
49.0,8,14,4,3021
49.0,8,14,5,3031
49.0,8,14,6,3040
49.0,8,14,7,3049
49.0,8,14,8,3059
49.0,8,14,9,3068
49.0,8,14,10,3078
49.0,8,14,11,3087
49.0,8,14,12,3096
49.0,8,14,13,3105
49.0,8,14,14,3115
49.0,8,14,15,3124
49.0,8,15,0,2992
49.0,8,15,1,3002
49.0,8,15,2,3011
49.0,8,15,3,3021
49.0,8,15,4,3030
49.0,8,15,5,3040
49.0,8,15,6,3049
49.0,8,15,7,3059
49.0,8,15,8,3068
49.0,8,15,9,3078
49.0,8,15,10,3087
49.0,8,15,11,3096
49.0,8,15,12,3106
49.0,8,15,13,3115
49.0,8,15,14,3124
49.0,8,15,15,3133
49.0,9,0,0,2862
49.0,9,0,1,2872
49.0,9,0,2,2881
49.0,9,0,3,2890
49.0,9,0,4,2899
49.0,9,0,5,2908
49.0,9,0,6,2917
49.0,9,0,7,2926
49.0,9,0,8,2935
49.0,9,0,9,2944
49.0,9,0,10,2953
49.0,9,0,11,2962
49.0,9,0,12,2971
49.0,9,0,13,2980
49.0,9,0,14,2989
49.0,9,0,15,2998
49.0,9,1,0,2872
49.0,9,1,1,2881
49.0,9,1,2,2890
49.0,9,1,3,2900
49.0,9,1,4,2909
49.0,9,1,5,2918
49.0,9,1,6,2927
49.0,9,1,7,2936
49.0,9,1,8,2945
49.0,9,1,9,2954
49.0,9,1,10,2963
49.0,9,1,11,2972
49.0,9,1,12,2981
49.0,9,1,13,2990
49.0,9,1,14,2999
49.0,9,1,15,3008
49.0,9,2,0,2882
49.0,9,2,1,2891
49.0,9,2,2,2900
49.0,9,2,3,2909
49.0,9,2,4,2919
49.0,9,2,5,2928
49.0,9,2,6,2937
49.0,9,2,7,2946
49.0,9,2,8,2955
49.0,9,2,9,2964
49.0,9,2,10,2973
49.0,9,2,11,2982
49.0,9,2,12,2991
49.0,9,2,13,3000
49.0,9,2,14,3009
49.0,9,2,15,3018
49.0,9,3,0,2891
49.0,9,3,1,2900
49.0,9,3,2,2910
49.0,9,3,3,2919
49.0,9,3,4,2928
49.0,9,3,5,2937
49.0,9,3,6,2947
49.0,9,3,7,2956
49.0,9,3,8,2965
49.0,9,3,9,2974
49.0,9,3,10,2983
49.0,9,3,11,2992
49.0,9,3,12,3001
49.0,9,3,13,3010
49.0,9,3,14,3019
49.0,9,3,15,3028
49.0,9,4,0,2901
49.0,9,4,1,2910
49.0,9,4,2,2919
49.0,9,4,3,2929
49.0,9,4,4,2938
49.0,9,4,5,2947
49.0,9,4,6,2956
49.0,9,4,7,2965
49.0,9,4,8,2975
49.0,9,4,9,2984
49.0,9,4,10,2993
49.0,9,4,11,3002
49.0,9,4,12,3011
49.0,9,4,13,3020
49.0,9,4,14,3029
49.0,9,4,15,3038
49.0,9,5,0,2910
49.0,9,5,1,2919
49.0,9,5,2,2929
49.0,9,5,3,2938
49.0,9,5,4,2947
49.0,9,5,5,2957
49.0,9,5,6,2966
49.0,9,5,7,2975
49.0,9,5,8,2984
49.0,9,5,9,2993
49.0,9,5,10,3002
49.0,9,5,11,3012
49.0,9,5,12,3021
49.0,9,5,13,3030
49.0,9,5,14,3039
49.0,9,5,15,3048
49.0,9,6,0,2919
49.0,9,6,1,2929
49.0,9,6,2,2938
49.0,9,6,3,2948
49.0,9,6,4,2957
49.0,9,6,5,2966
49.0,9,6,6,2975
49.0,9,6,7,2985
49.0,9,6,8,2994
49.0,9,6,9,3003
49.0,9,6,10,3012
49.0,9,6,11,3021
49.0,9,6,12,3030
49.0,9,6,13,3039
49.0,9,6,14,3049
49.0,9,6,15,3058
49.0,9,7,0,2929
49.0,9,7,1,2938
49.0,9,7,2,2948
49.0,9,7,3,2957
49.0,9,7,4,2966
49.0,9,7,5,2976
49.0,9,7,6,2985
49.0,9,7,7,2994
49.0,9,7,8,3004
49.0,9,7,9,3013
49.0,9,7,10,3022
49.0,9,7,11,3031
49.0,9,7,12,3040
49.0,9,7,13,3049
49.0,9,7,14,3058
49.0,9,7,15,3067
49.0,9,8,0,2938
49.0,9,8,1,2948
49.0,9,8,2,2957
49.0,9,8,3,2967
49.0,9,8,4,2976
49.0,9,8,5,2985
49.0,9,8,6,2995
49.0,9,8,7,3004
49.0,9,8,8,3013
49.0,9,8,9,3022
49.0,9,8,10,3032
49.0,9,8,11,3041
49.0,9,8,12,3050
49.0,9,8,13,3059
49.0,9,8,14,3068
49.0,9,8,15,3077
49.0,9,9,0,2948
49.0,9,9,1,2957
49.0,9,9,2,2967
49.0,9,9,3,2976
49.0,9,9,4,2985
49.0,9,9,5,2995
49.0,9,9,6,3004
49.0,9,9,7,3013
49.0,9,9,8,3023
49.0,9,9,9,3032
49.0,9,9,10,3041
49.0,9,9,11,3050
49.0,9,9,12,3060
49.0,9,9,13,3069
49.0,9,9,14,3078
49.0,9,9,15,3087
49.0,9,10,0,2957
49.0,9,10,1,2966
49.0,9,10,2,2976
49.0,9,10,3,2985
49.0,9,10,4,2995
49.0,9,10,5,3004
49.0,9,10,6,3014
49.0,9,10,7,3023
49.0,9,10,8,3032
49.0,9,10,9,3042
49.0,9,10,10,3051
49.0,9,10,11,3060
49.0,9,10,12,3069
49.0,9,10,13,3078
49.0,9,10,14,3088
49.0,9,10,15,3097
49.0,9,11,0,2966
49.0,9,11,1,2976
49.0,9,11,2,2985
49.0,9,11,3,2995
49.0,9,11,4,3004
49.0,9,11,5,3014
49.0,9,11,6,3023
49.0,9,11,7,3032
49.0,9,11,8,3042
49.0,9,11,9,3051
49.0,9,11,10,3060
49.0,9,11,11,3070
49.0,9,11,12,3079
49.0,9,11,13,3088
49.0,9,11,14,3097
49.0,9,11,15,3106
49.0,9,12,0,2975
49.0,9,12,1,2985
49.0,9,12,2,2995
49.0,9,12,3,3004
49.0,9,12,4,3014
49.0,9,12,5,3023
49.0,9,12,6,3033
49.0,9,12,7,3042
49.0,9,12,8,3051
49.0,9,12,9,3061
49.0,9,12,10,3070
49.0,9,12,11,3079
49.0,9,12,12,3089
49.0,9,12,13,3098
49.0,9,12,14,3107
49.0,9,12,15,3116
49.0,9,13,0,2985
49.0,9,13,1,2994
49.0,9,13,2,3004
49.0,9,13,3,3013
49.0,9,13,4,3023
49.0,9,13,5,3032
49.0,9,13,6,3042
49.0,9,13,7,3051
49.0,9,13,8,3061
49.0,9,13,9,3070
49.0,9,13,10,3079
49.0,9,13,11,3089
49.0,9,13,12,3098
49.0,9,13,13,3107
49.0,9,13,14,3117
49.0,9,13,15,3126
49.0,9,14,0,2994
49.0,9,14,1,3004
49.0,9,14,2,3013
49.0,9,14,3,3023
49.0,9,14,4,3032
49.0,9,14,5,3042
49.0,9,14,6,3051
49.0,9,14,7,3061
49.0,9,14,8,3070
49.0,9,14,9,3080
49.0,9,14,10,3089
49.0,9,14,11,3098
49.0,9,14,12,3108
49.0,9,14,13,3117
49.0,9,14,14,3126
49.0,9,14,15,3135
49.0,9,15,0,3003
49.0,9,15,1,3013
49.0,9,15,2,3022
49.0,9,15,3,3032
49.0,9,15,4,3042
49.0,9,15,5,3051
49.0,9,15,6,3061
49.0,9,15,7,3070
49.0,9,15,8,3080
49.0,9,15,9,3089
49.0,9,15,10,3098
49.0,9,15,11,3108
49.0,9,15,12,3117
49.0,9,15,13,3126
49.0,9,15,14,3136
49.0,9,15,15,3145
49.0,10,0,0,2873
49.0,10,0,1,2882
49.0,10,0,2,2891
49.0,10,0,3,2901
49.0,10,0,4,2910
49.0,10,0,5,2919
49.0,10,0,6,2928
49.0,10,0,7,2937
49.0,10,0,8,2946
49.0,10,0,9,2955
49.0,10,0,10,2964
49.0,10,0,11,2973
49.0,10,0,12,2982
49.0,10,0,13,2991
49.0,10,0,14,3000
49.0,10,0,15,3009
49.0,10,1,0,2883
49.0,10,1,1,2892
49.0,10,1,2,2901
49.0,10,1,3,2910
49.0,10,1,4,2920
49.0,10,1,5,2929
49.0,10,1,6,2938
49.0,10,1,7,2947
49.0,10,1,8,2956
49.0,10,1,9,2965
49.0,10,1,10,2974
49.0,10,1,11,2983
49.0,10,1,12,2992
49.0,10,1,13,3001
49.0,10,1,14,3010
49.0,10,1,15,3019
49.0,10,2,0,2892
49.0,10,2,1,2902
49.0,10,2,2,2911
49.0,10,2,3,2920
49.0,10,2,4,2929
49.0,10,2,5,2939
49.0,10,2,6,2948
49.0,10,2,7,2957
49.0,10,2,8,2966
49.0,10,2,9,2975
49.0,10,2,10,2984
49.0,10,2,11,2993
49.0,10,2,12,3002
49.0,10,2,13,3011
49.0,10,2,14,3020
49.0,10,2,15,3029
49.0,10,3,0,2902
49.0,10,3,1,2911
49.0,10,3,2,2920
49.0,10,3,3,2930
49.0,10,3,4,2939
49.0,10,3,5,2948
49.0,10,3,6,2957
49.0,10,3,7,2967
49.0,10,3,8,2976
49.0,10,3,9,2985
49.0,10,3,10,2994
49.0,10,3,11,3003
49.0,10,3,12,3012
49.0,10,3,13,3021
49.0,10,3,14,3030
49.0,10,3,15,3039
49.0,10,4,0,2911
49.0,10,4,1,2921
49.0,10,4,2,2930
49.0,10,4,3,2939
49.0,10,4,4,2949
49.0,10,4,5,2958
49.0,10,4,6,2967
49.0,10,4,7,2976
49.0,10,4,8,2986
49.0,10,4,9,2995
49.0,10,4,10,3004
49.0,10,4,11,3013
49.0,10,4,12,3022
49.0,10,4,13,3031
49.0,10,4,14,3040
49.0,10,4,15,3049
49.0,10,5,0,2921
49.0,10,5,1,2930
49.0,10,5,2,2940
49.0,10,5,3,2949
49.0,10,5,4,2958
49.0,10,5,5,2968
49.0,10,5,6,2977
49.0,10,5,7,2986
49.0,10,5,8,2995
49.0,10,5,9,3004
49.0,10,5,10,3014
49.0,10,5,11,3023
49.0,10,5,12,3032
49.0,10,5,13,3041
49.0,10,5,14,3050
49.0,10,5,15,3059
49.0,10,6,0,2930
49.0,10,6,1,2940
49.0,10,6,2,2949
49.0,10,6,3,2959
49.0,10,6,4,2968
49.0,10,6,5,2977
49.0,10,6,6,2986
49.0,10,6,7,2996
49.0,10,6,8,3005
49.0,10,6,9,3014
49.0,10,6,10,3023
49.0,10,6,11,3033
49.0,10,6,12,3042
49.0,10,6,13,3051
49.0,10,6,14,3060
49.0,10,6,15,3069
49.0,10,7,0,2940
49.0,10,7,1,2949
49.0,10,7,2,2959
49.0,10,7,3,2968
49.0,10,7,4,2977
49.0,10,7,5,2987
49.0,10,7,6,2996
49.0,10,7,7,3005
49.0,10,7,8,3015
49.0,10,7,9,3024
49.0,10,7,10,3033
49.0,10,7,11,3042
49.0,10,7,12,3051
49.0,10,7,13,3061
49.0,10,7,14,3070
49.0,10,7,15,3079
49.0,10,8,0,2949
49.0,10,8,1,2959
49.0,10,8,2,2968
49.0,10,8,3,2978
49.0,10,8,4,2987
49.0,10,8,5,2996
49.0,10,8,6,3006
49.0,10,8,7,3015
49.0,10,8,8,3024
49.0,10,8,9,3034
49.0,10,8,10,3043
49.0,10,8,11,3052
49.0,10,8,12,3061
49.0,10,8,13,3070
49.0,10,8,14,3079
49.0,10,8,15,3089
49.0,10,9,0,2959
49.0,10,9,1,2968
49.0,10,9,2,2978
49.0,10,9,3,2987
49.0,10,9,4,2996
49.0,10,9,5,3006
49.0,10,9,6,3015
49.0,10,9,7,3025
49.0,10,9,8,3034
49.0,10,9,9,3043
49.0,10,9,10,3052
49.0,10,9,11,3062
49.0,10,9,12,3071
49.0,10,9,13,3080
49.0,10,9,14,3089
49.0,10,9,15,3098
49.0,10,10,0,2968
49.0,10,10,1,2977
49.0,10,10,2,2987
49.0,10,10,3,2996
49.0,10,10,4,3006
49.0,10,10,5,3015
49.0,10,10,6,3025
49.0,10,10,7,3034
49.0,10,10,8,3044
49.0,10,10,9,3053
49.0,10,10,10,3062
49.0,10,10,11,3071
49.0,10,10,12,3081
49.0,10,10,13,3090
49.0,10,10,14,3099
49.0,10,10,15,3108
49.0,10,11,0,2977
49.0,10,11,1,2987
49.0,10,11,2,2996
49.0,10,11,3,3006
49.0,10,11,4,3015
49.0,10,11,5,3025
49.0,10,11,6,3034
49.0,10,11,7,3044
49.0,10,11,8,3053
49.0,10,11,9,3062
49.0,10,11,10,3072
49.0,10,11,11,3081
49.0,10,11,12,3090
49.0,10,11,13,3100
49.0,10,11,14,3109
49.0,10,11,15,3118
49.0,10,12,0,2986
49.0,10,12,1,2996
49.0,10,12,2,3006
49.0,10,12,3,3015
49.0,10,12,4,3025
49.0,10,12,5,3034
49.0,10,12,6,3044
49.0,10,12,7,3053
49.0,10,12,8,3063
49.0,10,12,9,3072
49.0,10,12,10,3081
49.0,10,12,11,3091
49.0,10,12,12,3100
49.0,10,12,13,3109
49.0,10,12,14,3118
49.0,10,12,15,3128
49.0,10,13,0,2996
49.0,10,13,1,3005
49.0,10,13,2,3015
49.0,10,13,3,3025
49.0,10,13,4,3034
49.0,10,13,5,3044
49.0,10,13,6,3053
49.0,10,13,7,3063
49.0,10,13,8,3072
49.0,10,13,9,3082
49.0,10,13,10,3091
49.0,10,13,11,3100
49.0,10,13,12,3110
49.0,10,13,13,3119
49.0,10,13,14,3128
49.0,10,13,15,3137
49.0,10,14,0,3005
49.0,10,14,1,3015
49.0,10,14,2,3024
49.0,10,14,3,3034
49.0,10,14,4,3044
49.0,10,14,5,3053
49.0,10,14,6,3063
49.0,10,14,7,3072
49.0,10,14,8,3082
49.0,10,14,9,3091
49.0,10,14,10,3100
49.0,10,14,11,3110
49.0,10,14,12,3119
49.0,10,14,13,3128
49.0,10,14,14,3138
49.0,10,14,15,3147
49.0,10,15,0,3014
49.0,10,15,1,3024
49.0,10,15,2,3034
49.0,10,15,3,3043
49.0,10,15,4,3053
49.0,10,15,5,3062
49.0,10,15,6,3072
49.0,10,15,7,3082
49.0,10,15,8,3091
49.0,10,15,9,3100
49.0,10,15,10,3110
49.0,10,15,11,3119
49.0,10,15,12,3129
49.0,10,15,13,3138
49.0,10,15,14,3147
49.0,10,15,15,3157
49.0,11,0,0,2884
49.0,11,0,1,2893
49.0,11,0,2,2902
49.0,11,0,3,2911
49.0,11,0,4,2921
49.0,11,0,5,2930
49.0,11,0,6,2939
49.0,11,0,7,2948
49.0,11,0,8,2957
49.0,11,0,9,2966
49.0,11,0,10,2975
49.0,11,0,11,2984
49.0,11,0,12,2993
49.0,11,0,13,3002
49.0,11,0,14,3011
49.0,11,0,15,3020
49.0,11,1,0,2893
49.0,11,1,1,2903
49.0,11,1,2,2912
49.0,11,1,3,2921
49.0,11,1,4,2930
49.0,11,1,5,2940
49.0,11,1,6,2949
49.0,11,1,7,2958
49.0,11,1,8,2967
49.0,11,1,9,2976
49.0,11,1,10,2985
49.0,11,1,11,2994
49.0,11,1,12,3003
49.0,11,1,13,3012
49.0,11,1,14,3021
49.0,11,1,15,3030
49.0,11,2,0,2903
49.0,11,2,1,2912
49.0,11,2,2,2922
49.0,11,2,3,2931
49.0,11,2,4,2940
49.0,11,2,5,2949
49.0,11,2,6,2959
49.0,11,2,7,2968
49.0,11,2,8,2977
49.0,11,2,9,2986
49.0,11,2,10,2995
49.0,11,2,11,3004
49.0,11,2,12,3013
49.0,11,2,13,3022
49.0,11,2,14,3031
49.0,11,2,15,3040
49.0,11,3,0,2913
49.0,11,3,1,2922
49.0,11,3,2,2931
49.0,11,3,3,2941
49.0,11,3,4,2950
49.0,11,3,5,2959
49.0,11,3,6,2968
49.0,11,3,7,2978
49.0,11,3,8,2987
49.0,11,3,9,2996
49.0,11,3,10,3005
49.0,11,3,11,3014
49.0,11,3,12,3023
49.0,11,3,13,3032
49.0,11,3,14,3041
49.0,11,3,15,3050
49.0,11,4,0,2922
49.0,11,4,1,2931
49.0,11,4,2,2941
49.0,11,4,3,2950
49.0,11,4,4,2960
49.0,11,4,5,2969
49.0,11,4,6,2978
49.0,11,4,7,2987
49.0,11,4,8,2997
49.0,11,4,9,3006
49.0,11,4,10,3015
49.0,11,4,11,3024
49.0,11,4,12,3033
49.0,11,4,13,3042
49.0,11,4,14,3051
49.0,11,4,15,3060
49.0,11,5,0,2932
49.0,11,5,1,2941
49.0,11,5,2,2950
49.0,11,5,3,2960
49.0,11,5,4,2969
49.0,11,5,5,2979
49.0,11,5,6,2988
49.0,11,5,7,2997
49.0,11,5,8,3006
49.0,11,5,9,3016
49.0,11,5,10,3025
49.0,11,5,11,3034
49.0,11,5,12,3043
49.0,11,5,13,3052
49.0,11,5,14,3061
49.0,11,5,15,3070
49.0,11,6,0,2941
49.0,11,6,1,2951
49.0,11,6,2,2960
49.0,11,6,3,2969
49.0,11,6,4,2979
49.0,11,6,5,2988
49.0,11,6,6,2998
49.0,11,6,7,3007
49.0,11,6,8,3016
49.0,11,6,9,3025
49.0,11,6,10,3035
49.0,11,6,11,3044
49.0,11,6,12,3053
49.0,11,6,13,3062
49.0,11,6,14,3071
49.0,11,6,15,3080
49.0,11,7,0,2951
49.0,11,7,1,2960
49.0,11,7,2,2970
49.0,11,7,3,2979
49.0,11,7,4,2988
49.0,11,7,5,2998
49.0,11,7,6,3007
49.0,11,7,7,3016
49.0,11,7,8,3026
49.0,11,7,9,3035
49.0,11,7,10,3044
49.0,11,7,11,3054
49.0,11,7,12,3063
49.0,11,7,13,3072
49.0,11,7,14,3081
49.0,11,7,15,3090
49.0,11,8,0,2960
49.0,11,8,1,2970
49.0,11,8,2,2979
49.0,11,8,3,2989
49.0,11,8,4,2998
49.0,11,8,5,3007
49.0,11,8,6,3017
49.0,11,8,7,3026
49.0,11,8,8,3035
49.0,11,8,9,3045
49.0,11,8,10,3054
49.0,11,8,11,3063
49.0,11,8,12,3072
49.0,11,8,13,3082
49.0,11,8,14,3091
49.0,11,8,15,3100
49.0,11,9,0,2969
49.0,11,9,1,2979
49.0,11,9,2,2989
49.0,11,9,3,2998
49.0,11,9,4,3008
49.0,11,9,5,3017
49.0,11,9,6,3026
49.0,11,9,7,3036
49.0,11,9,8,3045
49.0,11,9,9,3054
49.0,11,9,10,3064
49.0,11,9,11,3073
49.0,11,9,12,3082
49.0,11,9,13,3091
49.0,11,9,14,3101
49.0,11,9,15,3110
49.0,11,10,0,2979
49.0,11,10,1,2988
49.0,11,10,2,2998
49.0,11,10,3,3008
49.0,11,10,4,3017
49.0,11,10,5,3026
49.0,11,10,6,3036
49.0,11,10,7,3045
49.0,11,10,8,3055
49.0,11,10,9,3064
49.0,11,10,10,3073
49.0,11,10,11,3083
49.0,11,10,12,3092
49.0,11,10,13,3101
49.0,11,10,14,3110
49.0,11,10,15,3120
49.0,11,11,0,2988
49.0,11,11,1,2998
49.0,11,11,2,3007
49.0,11,11,3,3017
49.0,11,11,4,3026
49.0,11,11,5,3036
49.0,11,11,6,3045
49.0,11,11,7,3055
49.0,11,11,8,3064
49.0,11,11,9,3074
49.0,11,11,10,3083
49.0,11,11,11,3092
49.0,11,11,12,3102
49.0,11,11,13,3111
49.0,11,11,14,3120
49.0,11,11,15,3129
49.0,11,12,0,2998
49.0,11,12,1,3007
49.0,11,12,2,3017
49.0,11,12,3,3026
49.0,11,12,4,3036
49.0,11,12,5,3045
49.0,11,12,6,3055
49.0,11,12,7,3064
49.0,11,12,8,3074
49.0,11,12,9,3083
49.0,11,12,10,3093
49.0,11,12,11,3102
49.0,11,12,12,3111
49.0,11,12,13,3121
49.0,11,12,14,3130
49.0,11,12,15,3139
49.0,11,13,0,3007
49.0,11,13,1,3016
49.0,11,13,2,3026
49.0,11,13,3,3036
49.0,11,13,4,3045
49.0,11,13,5,3055
49.0,11,13,6,3064
49.0,11,13,7,3074
49.0,11,13,8,3083
49.0,11,13,9,3093
49.0,11,13,10,3102
49.0,11,13,11,3112
49.0,11,13,12,3121
49.0,11,13,13,3130
49.0,11,13,14,3140
49.0,11,13,15,3149
49.0,11,14,0,3016
49.0,11,14,1,3026
49.0,11,14,2,3035
49.0,11,14,3,3045
49.0,11,14,4,3055
49.0,11,14,5,3064
49.0,11,14,6,3074
49.0,11,14,7,3083
49.0,11,14,8,3093
49.0,11,14,9,3102
49.0,11,14,10,3112
49.0,11,14,11,3121
49.0,11,14,12,3131
49.0,11,14,13,3140
49.0,11,14,14,3149
49.0,11,14,15,3159
49.0,11,15,0,3025
49.0,11,15,1,3035
49.0,11,15,2,3045
49.0,11,15,3,3054
49.0,11,15,4,3064
49.0,11,15,5,3074
49.0,11,15,6,3083
49.0,11,15,7,3093
49.0,11,15,8,3102
49.0,11,15,9,3112
49.0,11,15,10,3121
49.0,11,15,11,3131
49.0,11,15,12,3140
49.0,11,15,13,3150
49.0,11,15,14,3159
49.0,11,15,15,3168
49.0,12,0,0,2894
49.0,12,0,1,2904
49.0,12,0,2,2913
49.0,12,0,3,2922
49.0,12,0,4,2931
49.0,12,0,5,2941
49.0,12,0,6,2950
49.0,12,0,7,2959
49.0,12,0,8,2968
49.0,12,0,9,2977
49.0,12,0,10,2986
49.0,12,0,11,2995
49.0,12,0,12,3004
49.0,12,0,13,3013
49.0,12,0,14,3022
49.0,12,0,15,3031
49.0,12,1,0,2904
49.0,12,1,1,2913
49.0,12,1,2,2923
49.0,12,1,3,2932
49.0,12,1,4,2941
49.0,12,1,5,2950
49.0,12,1,6,2960
49.0,12,1,7,2969
49.0,12,1,8,2978
49.0,12,1,9,2987
49.0,12,1,10,2996
49.0,12,1,11,3005
49.0,12,1,12,3014
49.0,12,1,13,3023
49.0,12,1,14,3032
49.0,12,1,15,3041
49.0,12,2,0,2914
49.0,12,2,1,2923
49.0,12,2,2,2932
49.0,12,2,3,2942
49.0,12,2,4,2951
49.0,12,2,5,2960
49.0,12,2,6,2969
49.0,12,2,7,2979
49.0,12,2,8,2988
49.0,12,2,9,2997
49.0,12,2,10,3006
49.0,12,2,11,3015
49.0,12,2,12,3024
49.0,12,2,13,3033
49.0,12,2,14,3042
49.0,12,2,15,3051
49.0,12,3,0,2923
49.0,12,3,1,2933
49.0,12,3,2,2942
49.0,12,3,3,2951
49.0,12,3,4,2961
49.0,12,3,5,2970
49.0,12,3,6,2979
49.0,12,3,7,2989
49.0,12,3,8,2998
49.0,12,3,9,3007
49.0,12,3,10,3016
49.0,12,3,11,3025
49.0,12,3,12,3034
49.0,12,3,13,3043
49.0,12,3,14,3052
49.0,12,3,15,3061
49.0,12,4,0,2933
49.0,12,4,1,2942
49.0,12,4,2,2952
49.0,12,4,3,2961
49.0,12,4,4,2970
49.0,12,4,5,2980
49.0,12,4,6,2989
49.0,12,4,7,2998
49.0,12,4,8,3008
49.0,12,4,9,3017
49.0,12,4,10,3026
49.0,12,4,11,3035
49.0,12,4,12,3044
49.0,12,4,13,3053
49.0,12,4,14,3062
49.0,12,4,15,3071
49.0,12,5,0,2942
49.0,12,5,1,2952
49.0,12,5,2,2961
49.0,12,5,3,2971
49.0,12,5,4,2980
49.0,12,5,5,2989
49.0,12,5,6,2999
49.0,12,5,7,3008
49.0,12,5,8,3017
49.0,12,5,9,3027
49.0,12,5,10,3036
49.0,12,5,11,3045
49.0,12,5,12,3054
49.0,12,5,13,3063
49.0,12,5,14,3072
49.0,12,5,15,3081
49.0,12,6,0,2952
49.0,12,6,1,2961
49.0,12,6,2,2971
49.0,12,6,3,2980
49.0,12,6,4,2990
49.0,12,6,5,2999
49.0,12,6,6,3009
49.0,12,6,7,3018
49.0,12,6,8,3027
49.0,12,6,9,3036
49.0,12,6,10,3046
49.0,12,6,11,3055
49.0,12,6,12,3064
49.0,12,6,13,3073
49.0,12,6,14,3082
49.0,12,6,15,3091
49.0,12,7,0,2961
49.0,12,7,1,2971
49.0,12,7,2,2980
49.0,12,7,3,2990
49.0,12,7,4,2999
49.0,12,7,5,3009
49.0,12,7,6,3018
49.0,12,7,7,3028
49.0,12,7,8,3037
49.0,12,7,9,3046
49.0,12,7,10,3055
49.0,12,7,11,3065
49.0,12,7,12,3074
49.0,12,7,13,3083
49.0,12,7,14,3092
49.0,12,7,15,3101
49.0,12,8,0,2971
49.0,12,8,1,2980
49.0,12,8,2,2990
49.0,12,8,3,3000
49.0,12,8,4,3009
49.0,12,8,5,3018
49.0,12,8,6,3028
49.0,12,8,7,3037
49.0,12,8,8,3047
49.0,12,8,9,3056
49.0,12,8,10,3065
49.0,12,8,11,3075
49.0,12,8,12,3084
49.0,12,8,13,3093
49.0,12,8,14,3102
49.0,12,8,15,3111
49.0,12,9,0,2980
49.0,12,9,1,2990
49.0,12,9,2,3000
49.0,12,9,3,3009
49.0,12,9,4,3019
49.0,12,9,5,3028
49.0,12,9,6,3038
49.0,12,9,7,3047
49.0,12,9,8,3056
49.0,12,9,9,3066
49.0,12,9,10,3075
49.0,12,9,11,3084
49.0,12,9,12,3094
49.0,12,9,13,3103
49.0,12,9,14,3112
49.0,12,9,15,3121
49.0,12,10,0,2990
49.0,12,10,1,2999
49.0,12,10,2,3009
49.0,12,10,3,3019
49.0,12,10,4,3028
49.0,12,10,5,3038
49.0,12,10,6,3047
49.0,12,10,7,3057
49.0,12,10,8,3066
49.0,12,10,9,3075
49.0,12,10,10,3085
49.0,12,10,11,3094
49.0,12,10,12,3103
49.0,12,10,13,3113
49.0,12,10,14,3122
49.0,12,10,15,3131
49.0,12,11,0,2999
49.0,12,11,1,3009
49.0,12,11,2,3018
49.0,12,11,3,3028
49.0,12,11,4,3038
49.0,12,11,5,3047
49.0,12,11,6,3057
49.0,12,11,7,3066
49.0,12,11,8,3076
49.0,12,11,9,3085
49.0,12,11,10,3094
49.0,12,11,11,3104
49.0,12,11,12,3113
49.0,12,11,13,3122
49.0,12,11,14,3132
49.0,12,11,15,3141
49.0,12,12,0,3009
49.0,12,12,1,3018
49.0,12,12,2,3028
49.0,12,12,3,3038
49.0,12,12,4,3047
49.0,12,12,5,3057
49.0,12,12,6,3066
49.0,12,12,7,3076
49.0,12,12,8,3085
49.0,12,12,9,3095
49.0,12,12,10,3104
49.0,12,12,11,3113
49.0,12,12,12,3123
49.0,12,12,13,3132
49.0,12,12,14,3141
49.0,12,12,15,3151
49.0,12,13,0,3018
49.0,12,13,1,3028
49.0,12,13,2,3037
49.0,12,13,3,3047
49.0,12,13,4,3057
49.0,12,13,5,3066
49.0,12,13,6,3076
49.0,12,13,7,3085
49.0,12,13,8,3095
49.0,12,13,9,3104
49.0,12,13,10,3114
49.0,12,13,11,3123
49.0,12,13,12,3133
49.0,12,13,13,3142
49.0,12,13,14,3151
49.0,12,13,15,3161
49.0,12,14,0,3027
49.0,12,14,1,3037
49.0,12,14,2,3047
49.0,12,14,3,3056
49.0,12,14,4,3066
49.0,12,14,5,3076
49.0,12,14,6,3085
49.0,12,14,7,3095
49.0,12,14,8,3104
49.0,12,14,9,3114
49.0,12,14,10,3123
49.0,12,14,11,3133
49.0,12,14,12,3142
49.0,12,14,13,3152
49.0,12,14,14,3161
49.0,12,14,15,3170
49.0,12,15,0,3036
49.0,12,15,1,3046
49.0,12,15,2,3056
49.0,12,15,3,3066
49.0,12,15,4,3075
49.0,12,15,5,3085
49.0,12,15,6,3095
49.0,12,15,7,3104
49.0,12,15,8,3114
49.0,12,15,9,3123
49.0,12,15,10,3133
49.0,12,15,11,3142
49.0,12,15,12,3152
49.0,12,15,13,3161
49.0,12,15,14,3171
49.0,12,15,15,3180
49.0,13,0,0,2905
49.0,13,0,1,2914
49.0,13,0,2,2924
49.0,13,0,3,2933
49.0,13,0,4,2942
49.0,13,0,5,2951
49.0,13,0,6,2961
49.0,13,0,7,2970
49.0,13,0,8,2979
49.0,13,0,9,2988
49.0,13,0,10,2997
49.0,13,0,11,3006
49.0,13,0,12,3015
49.0,13,0,13,3024
49.0,13,0,14,3033
49.0,13,0,15,3042
49.0,13,1,0,2915
49.0,13,1,1,2924
49.0,13,1,2,2933
49.0,13,1,3,2943
49.0,13,1,4,2952
49.0,13,1,5,2961
49.0,13,1,6,2970
49.0,13,1,7,2980
49.0,13,1,8,2989
49.0,13,1,9,2998
49.0,13,1,10,3007
49.0,13,1,11,3016
49.0,13,1,12,3025
49.0,13,1,13,3034
49.0,13,1,14,3043
49.0,13,1,15,3052
49.0,13,2,0,2924
49.0,13,2,1,2934
49.0,13,2,2,2943
49.0,13,2,3,2952
49.0,13,2,4,2962
49.0,13,2,5,2971
49.0,13,2,6,2980
49.0,13,2,7,2990
49.0,13,2,8,2999
49.0,13,2,9,3008
49.0,13,2,10,3017
49.0,13,2,11,3026
49.0,13,2,12,3035
49.0,13,2,13,3044
49.0,13,2,14,3053
49.0,13,2,15,3063
49.0,13,3,0,2934
49.0,13,3,1,2943
49.0,13,3,2,2953
49.0,13,3,3,2962
49.0,13,3,4,2972
49.0,13,3,5,2981
49.0,13,3,6,2990
49.0,13,3,7,2999
49.0,13,3,8,3009
49.0,13,3,9,3018
49.0,13,3,10,3027
49.0,13,3,11,3036
49.0,13,3,12,3045
49.0,13,3,13,3055
49.0,13,3,14,3064
49.0,13,3,15,3073
49.0,13,4,0,2944
49.0,13,4,1,2953
49.0,13,4,2,2962
49.0,13,4,3,2972
49.0,13,4,4,2981
49.0,13,4,5,2991
49.0,13,4,6,3000
49.0,13,4,7,3009
49.0,13,4,8,3019
49.0,13,4,9,3028
49.0,13,4,10,3037
49.0,13,4,11,3046
49.0,13,4,12,3055
49.0,13,4,13,3065
49.0,13,4,14,3074
49.0,13,4,15,3083
49.0,13,5,0,2953
49.0,13,5,1,2963
49.0,13,5,2,2972
49.0,13,5,3,2982
49.0,13,5,4,2991
49.0,13,5,5,3000
49.0,13,5,6,3010
49.0,13,5,7,3019
49.0,13,5,8,3028
49.0,13,5,9,3038
49.0,13,5,10,3047
49.0,13,5,11,3056
49.0,13,5,12,3065
49.0,13,5,13,3075
49.0,13,5,14,3084
49.0,13,5,15,3093
49.0,13,6,0,2963
49.0,13,6,1,2972
49.0,13,6,2,2982
49.0,13,6,3,2991
49.0,13,6,4,3001
49.0,13,6,5,3010
49.0,13,6,6,3020
49.0,13,6,7,3029
49.0,13,6,8,3038
49.0,13,6,9,3048
49.0,13,6,10,3057
49.0,13,6,11,3066
49.0,13,6,12,3075
49.0,13,6,13,3085
49.0,13,6,14,3094
49.0,13,6,15,3103
49.0,13,7,0,2972
49.0,13,7,1,2982
49.0,13,7,2,2991
49.0,13,7,3,3001
49.0,13,7,4,3010
49.0,13,7,5,3020
49.0,13,7,6,3029
49.0,13,7,7,3039
49.0,13,7,8,3048
49.0,13,7,9,3057
49.0,13,7,10,3067
49.0,13,7,11,3076
49.0,13,7,12,3085
49.0,13,7,13,3094
49.0,13,7,14,3104
49.0,13,7,15,3113
49.0,13,8,0,2982
49.0,13,8,1,2991
49.0,13,8,2,3001
49.0,13,8,3,3011
49.0,13,8,4,3020
49.0,13,8,5,3030
49.0,13,8,6,3039
49.0,13,8,7,3048
49.0,13,8,8,3058
49.0,13,8,9,3067
49.0,13,8,10,3076
49.0,13,8,11,3086
49.0,13,8,12,3095
49.0,13,8,13,3104
49.0,13,8,14,3114
49.0,13,8,15,3123
49.0,13,9,0,2991
49.0,13,9,1,3001
49.0,13,9,2,3011
49.0,13,9,3,3020
49.0,13,9,4,3030
49.0,13,9,5,3039
49.0,13,9,6,3049
49.0,13,9,7,3058
49.0,13,9,8,3068
49.0,13,9,9,3077
49.0,13,9,10,3086
49.0,13,9,11,3096
49.0,13,9,12,3105
49.0,13,9,13,3114
49.0,13,9,14,3123
49.0,13,9,15,3133
49.0,13,10,0,3001
49.0,13,10,1,3010
49.0,13,10,2,3020
49.0,13,10,3,3030
49.0,13,10,4,3039
49.0,13,10,5,3049
49.0,13,10,6,3058
49.0,13,10,7,3068
49.0,13,10,8,3077
49.0,13,10,9,3087
49.0,13,10,10,3096
49.0,13,10,11,3105
49.0,13,10,12,3115
49.0,13,10,13,3124
49.0,13,10,14,3133
49.0,13,10,15,3143
49.0,13,11,0,3010
49.0,13,11,1,3020
49.0,13,11,2,3030
49.0,13,11,3,3039
49.0,13,11,4,3049
49.0,13,11,5,3058
49.0,13,11,6,3068
49.0,13,11,7,3077
49.0,13,11,8,3087
49.0,13,11,9,3096
49.0,13,11,10,3106
49.0,13,11,11,3115
49.0,13,11,12,3125
49.0,13,11,13,3134
49.0,13,11,14,3143
49.0,13,11,15,3152
49.0,13,12,0,3020
49.0,13,12,1,3029
49.0,13,12,2,3039
49.0,13,12,3,3049
49.0,13,12,4,3058
49.0,13,12,5,3068
49.0,13,12,6,3077
49.0,13,12,7,3087
49.0,13,12,8,3097
49.0,13,12,9,3106
49.0,13,12,10,3115
49.0,13,12,11,3125
49.0,13,12,12,3134
49.0,13,12,13,3144
49.0,13,12,14,3153
49.0,13,12,15,3162
49.0,13,13,0,3029
49.0,13,13,1,3039
49.0,13,13,2,3048
49.0,13,13,3,3058
49.0,13,13,4,3068
49.0,13,13,5,3077
49.0,13,13,6,3087
49.0,13,13,7,3097
49.0,13,13,8,3106
49.0,13,13,9,3116
49.0,13,13,10,3125
49.0,13,13,11,3135
49.0,13,13,12,3144
49.0,13,13,13,3153
49.0,13,13,14,3163
49.0,13,13,15,3172
49.0,13,14,0,3038
49.0,13,14,1,3048
49.0,13,14,2,3058
49.0,13,14,3,3068
49.0,13,14,4,3077
49.0,13,14,5,3087
49.0,13,14,6,3097
49.0,13,14,7,3106
49.0,13,14,8,3116
49.0,13,14,9,3125
49.0,13,14,10,3135
49.0,13,14,11,3144
49.0,13,14,12,3154
49.0,13,14,13,3163
49.0,13,14,14,3173
49.0,13,14,15,3182
49.0,13,15,0,3048
49.0,13,15,1,3057
49.0,13,15,2,3067
49.0,13,15,3,3077
49.0,13,15,4,3087
49.0,13,15,5,3096
49.0,13,15,6,3106
49.0,13,15,7,3116
49.0,13,15,8,3125
49.0,13,15,9,3135
49.0,13,15,10,3144
49.0,13,15,11,3154
49.0,13,15,12,3163
49.0,13,15,13,3173
49.0,13,15,14,3182
49.0,13,15,15,3192
49.0,14,0,0,2915
49.0,14,0,1,2925
49.0,14,0,2,2934
49.0,14,0,3,2944
49.0,14,0,4,2953
49.0,14,0,5,2962
49.0,14,0,6,2971
49.0,14,0,7,2981
49.0,14,0,8,2990
49.0,14,0,9,2999
49.0,14,0,10,3008
49.0,14,0,11,3017
49.0,14,0,12,3026
49.0,14,0,13,3035
49.0,14,0,14,3044
49.0,14,0,15,3053
49.0,14,1,0,2925
49.0,14,1,1,2935
49.0,14,1,2,2944
49.0,14,1,3,2953
49.0,14,1,4,2963
49.0,14,1,5,2972
49.0,14,1,6,2981
49.0,14,1,7,2991
49.0,14,1,8,3000
49.0,14,1,9,3009
49.0,14,1,10,3018
49.0,14,1,11,3027
49.0,14,1,12,3036
49.0,14,1,13,3045
49.0,14,1,14,3054
49.0,14,1,15,3063
49.0,14,2,0,2935
49.0,14,2,1,2944
49.0,14,2,2,2954
49.0,14,2,3,2963
49.0,14,2,4,2973
49.0,14,2,5,2982
49.0,14,2,6,2991
49.0,14,2,7,3000
49.0,14,2,8,3010
49.0,14,2,9,3019
49.0,14,2,10,3028
49.0,14,2,11,3037
49.0,14,2,12,3046
49.0,14,2,13,3056
49.0,14,2,14,3065
49.0,14,2,15,3074
49.0,14,3,0,2945
49.0,14,3,1,2954
49.0,14,3,2,2964
49.0,14,3,3,2973
49.0,14,3,4,2982
49.0,14,3,5,2992
49.0,14,3,6,3001
49.0,14,3,7,3010
49.0,14,3,8,3020
49.0,14,3,9,3029
49.0,14,3,10,3038
49.0,14,3,11,3047
49.0,14,3,12,3057
49.0,14,3,13,3066
49.0,14,3,14,3075
49.0,14,3,15,3084
49.0,14,4,0,2954
49.0,14,4,1,2964
49.0,14,4,2,2973
49.0,14,4,3,2983
49.0,14,4,4,2992
49.0,14,4,5,3002
49.0,14,4,6,3011
49.0,14,4,7,3020
49.0,14,4,8,3030
49.0,14,4,9,3039
49.0,14,4,10,3048
49.0,14,4,11,3057
49.0,14,4,12,3067
49.0,14,4,13,3076
49.0,14,4,14,3085
49.0,14,4,15,3094
49.0,14,5,0,2964
49.0,14,5,1,2973
49.0,14,5,2,2983
49.0,14,5,3,2992
49.0,14,5,4,3002
49.0,14,5,5,3011
49.0,14,5,6,3021
49.0,14,5,7,3030
49.0,14,5,8,3039
49.0,14,5,9,3049
49.0,14,5,10,3058
49.0,14,5,11,3067
49.0,14,5,12,3077
49.0,14,5,13,3086
49.0,14,5,14,3095
49.0,14,5,15,3104
49.0,14,6,0,2974
49.0,14,6,1,2983
49.0,14,6,2,2993
49.0,14,6,3,3002
49.0,14,6,4,3012
49.0,14,6,5,3021
49.0,14,6,6,3031
49.0,14,6,7,3040
49.0,14,6,8,3049
49.0,14,6,9,3059
49.0,14,6,10,3068
49.0,14,6,11,3077
49.0,14,6,12,3087
49.0,14,6,13,3096
49.0,14,6,14,3105
49.0,14,6,15,3114
49.0,14,7,0,2983
49.0,14,7,1,2993
49.0,14,7,2,3002
49.0,14,7,3,3012
49.0,14,7,4,3021
49.0,14,7,5,3031
49.0,14,7,6,3040
49.0,14,7,7,3050
49.0,14,7,8,3059
49.0,14,7,9,3069
49.0,14,7,10,3078
49.0,14,7,11,3087
49.0,14,7,12,3096
49.0,14,7,13,3106
49.0,14,7,14,3115
49.0,14,7,15,3124
49.0,14,8,0,2993
49.0,14,8,1,3002
49.0,14,8,2,3012
49.0,14,8,3,3022
49.0,14,8,4,3031
49.0,14,8,5,3041
49.0,14,8,6,3050
49.0,14,8,7,3060
49.0,14,8,8,3069
49.0,14,8,9,3078
49.0,14,8,10,3088
49.0,14,8,11,3097
49.0,14,8,12,3106
49.0,14,8,13,3116
49.0,14,8,14,3125
49.0,14,8,15,3134
49.0,14,9,0,3002
49.0,14,9,1,3012
49.0,14,9,2,3022
49.0,14,9,3,3031
49.0,14,9,4,3041
49.0,14,9,5,3050
49.0,14,9,6,3060
49.0,14,9,7,3069
49.0,14,9,8,3079
49.0,14,9,9,3088
49.0,14,9,10,3098
49.0,14,9,11,3107
49.0,14,9,12,3116
49.0,14,9,13,3126
49.0,14,9,14,3135
49.0,14,9,15,3144
49.0,14,10,0,3012
49.0,14,10,1,3021
49.0,14,10,2,3031
49.0,14,10,3,3041
49.0,14,10,4,3050
49.0,14,10,5,3060
49.0,14,10,6,3069
49.0,14,10,7,3079
49.0,14,10,8,3088
49.0,14,10,9,3098
49.0,14,10,10,3107
49.0,14,10,11,3117
49.0,14,10,12,3126
49.0,14,10,13,3135
49.0,14,10,14,3145
49.0,14,10,15,3154
49.0,14,11,0,3021
49.0,14,11,1,3031
49.0,14,11,2,3041
49.0,14,11,3,3050
49.0,14,11,4,3060
49.0,14,11,5,3069
49.0,14,11,6,3079
49.0,14,11,7,3089
49.0,14,11,8,3098
49.0,14,11,9,3108
49.0,14,11,10,3117
49.0,14,11,11,3127
49.0,14,11,12,3136
49.0,14,11,13,3145
49.0,14,11,14,3155
49.0,14,11,15,3164
49.0,14,12,0,3031
49.0,14,12,1,3040
49.0,14,12,2,3050
49.0,14,12,3,3060
49.0,14,12,4,3069
49.0,14,12,5,3079
49.0,14,12,6,3089
49.0,14,12,7,3098
49.0,14,12,8,3108
49.0,14,12,9,3117
49.0,14,12,10,3127
49.0,14,12,11,3136
49.0,14,12,12,3146
49.0,14,12,13,3155
49.0,14,12,14,3165
49.0,14,12,15,3174
49.0,14,13,0,3040
49.0,14,13,1,3050
49.0,14,13,2,3060
49.0,14,13,3,3069
49.0,14,13,4,3079
49.0,14,13,5,3089
49.0,14,13,6,3098
49.0,14,13,7,3108
49.0,14,13,8,3117
49.0,14,13,9,3127
49.0,14,13,10,3137
49.0,14,13,11,3146
49.0,14,13,12,3155
49.0,14,13,13,3165
49.0,14,13,14,3174
49.0,14,13,15,3184
49.0,14,14,0,3049
49.0,14,14,1,3059
49.0,14,14,2,3069
49.0,14,14,3,3079
49.0,14,14,4,3088
49.0,14,14,5,3098
49.0,14,14,6,3108
49.0,14,14,7,3117
49.0,14,14,8,3127
49.0,14,14,9,3137
49.0,14,14,10,3146
49.0,14,14,11,3156
49.0,14,14,12,3165
49.0,14,14,13,3175
49.0,14,14,14,3184
49.0,14,14,15,3194
49.0,14,15,0,3059
49.0,14,15,1,3069
49.0,14,15,2,3078
49.0,14,15,3,3088
49.0,14,15,4,3098
49.0,14,15,5,3108
49.0,14,15,6,3117
49.0,14,15,7,3127
49.0,14,15,8,3137
49.0,14,15,9,3146
49.0,14,15,10,3156
49.0,14,15,11,3165
49.0,14,15,12,3175
49.0,14,15,13,3184
49.0,14,15,14,3194
49.0,14,15,15,3203
49.0,15,0,0,2926
49.0,15,0,1,2935
49.0,15,0,2,2945
49.0,15,0,3,2954
49.0,15,0,4,2964
49.0,15,0,5,2973
49.0,15,0,6,2982
49.0,15,0,7,2991
49.0,15,0,8,3001
49.0,15,0,9,3010
49.0,15,0,10,3019
49.0,15,0,11,3028
49.0,15,0,12,3037
49.0,15,0,13,3046
49.0,15,0,14,3055
49.0,15,0,15,3064
49.0,15,1,0,2936
49.0,15,1,1,2945
49.0,15,1,2,2955
49.0,15,1,3,2964
49.0,15,1,4,2973
49.0,15,1,5,2983
49.0,15,1,6,2992
49.0,15,1,7,3001
49.0,15,1,8,3011
49.0,15,1,9,3020
49.0,15,1,10,3029
49.0,15,1,11,3038
49.0,15,1,12,3047
49.0,15,1,13,3056
49.0,15,1,14,3066
49.0,15,1,15,3075
49.0,15,2,0,2946
49.0,15,2,1,2955
49.0,15,2,2,2965
49.0,15,2,3,2974
49.0,15,2,4,2983
49.0,15,2,5,2993
49.0,15,2,6,3002
49.0,15,2,7,3011
49.0,15,2,8,3021
49.0,15,2,9,3030
49.0,15,2,10,3039
49.0,15,2,11,3048
49.0,15,2,12,3058
49.0,15,2,13,3067
49.0,15,2,14,3076
49.0,15,2,15,3085
49.0,15,3,0,2955
49.0,15,3,1,2965
49.0,15,3,2,2974
49.0,15,3,3,2984
49.0,15,3,4,2993
49.0,15,3,5,3003
49.0,15,3,6,3012
49.0,15,3,7,3021
49.0,15,3,8,3031
49.0,15,3,9,3040
49.0,15,3,10,3049
49.0,15,3,11,3058
49.0,15,3,12,3068
49.0,15,3,13,3077
49.0,15,3,14,3086
49.0,15,3,15,3095
49.0,15,4,0,2965
49.0,15,4,1,2975
49.0,15,4,2,2984
49.0,15,4,3,2994
49.0,15,4,4,3003
49.0,15,4,5,3013
49.0,15,4,6,3022
49.0,15,4,7,3031
49.0,15,4,8,3041
49.0,15,4,9,3050
49.0,15,4,10,3059
49.0,15,4,11,3068
49.0,15,4,12,3078
49.0,15,4,13,3087
49.0,15,4,14,3096
49.0,15,4,15,3105
49.0,15,5,0,2975
49.0,15,5,1,2984
49.0,15,5,2,2994
49.0,15,5,3,3003
49.0,15,5,4,3013
49.0,15,5,5,3022
49.0,15,5,6,3032
49.0,15,5,7,3041
49.0,15,5,8,3051
49.0,15,5,9,3060
49.0,15,5,10,3069
49.0,15,5,11,3078
49.0,15,5,12,3088
49.0,15,5,13,3097
49.0,15,5,14,3106
49.0,15,5,15,3115
49.0,15,6,0,2984
49.0,15,6,1,2994
49.0,15,6,2,3004
49.0,15,6,3,3013
49.0,15,6,4,3023
49.0,15,6,5,3032
49.0,15,6,6,3042
49.0,15,6,7,3051
49.0,15,6,8,3060
49.0,15,6,9,3070
49.0,15,6,10,3079
49.0,15,6,11,3088
49.0,15,6,12,3098
49.0,15,6,13,3107
49.0,15,6,14,3116
49.0,15,6,15,3125
49.0,15,7,0,2994
49.0,15,7,1,3004
49.0,15,7,2,3013
49.0,15,7,3,3023
49.0,15,7,4,3032
49.0,15,7,5,3042
49.0,15,7,6,3051
49.0,15,7,7,3061
49.0,15,7,8,3070
49.0,15,7,9,3080
49.0,15,7,10,3089
49.0,15,7,11,3098
49.0,15,7,12,3108
49.0,15,7,13,3117
49.0,15,7,14,3126
49.0,15,7,15,3136
49.0,15,8,0,3004
49.0,15,8,1,3013
49.0,15,8,2,3023
49.0,15,8,3,3032
49.0,15,8,4,3042
49.0,15,8,5,3052
49.0,15,8,6,3061
49.0,15,8,7,3071
49.0,15,8,8,3080
49.0,15,8,9,3090
49.0,15,8,10,3099
49.0,15,8,11,3108
49.0,15,8,12,3118
49.0,15,8,13,3127
49.0,15,8,14,3136
49.0,15,8,15,3146
49.0,15,9,0,3013
49.0,15,9,1,3023
49.0,15,9,2,3032
49.0,15,9,3,3042
49.0,15,9,4,3052
49.0,15,9,5,3061
49.0,15,9,6,3071
49.0,15,9,7,3080
49.0,15,9,8,3090
49.0,15,9,9,3099
49.0,15,9,10,3109
49.0,15,9,11,3118
49.0,15,9,12,3128
49.0,15,9,13,3137
49.0,15,9,14,3146
49.0,15,9,15,3156
49.0,15,10,0,3023
49.0,15,10,1,3032
49.0,15,10,2,3042
49.0,15,10,3,3052
49.0,15,10,4,3061
49.0,15,10,5,3071
49.0,15,10,6,3081
49.0,15,10,7,3090
49.0,15,10,8,3100
49.0,15,10,9,3109
49.0,15,10,10,3119
49.0,15,10,11,3128
49.0,15,10,12,3137
49.0,15,10,13,3147
49.0,15,10,14,3156
49.0,15,10,15,3166
49.0,15,11,0,3032
49.0,15,11,1,3042
49.0,15,11,2,3052
49.0,15,11,3,3061
49.0,15,11,4,3071
49.0,15,11,5,3081
49.0,15,11,6,3090
49.0,15,11,7,3100
49.0,15,11,8,3109
49.0,15,11,9,3119
49.0,15,11,10,3128
49.0,15,11,11,3138
49.0,15,11,12,3147
49.0,15,11,13,3157
49.0,15,11,14,3166
49.0,15,11,15,3175
49.0,15,12,0,3042
49.0,15,12,1,3051
49.0,15,12,2,3061
49.0,15,12,3,3071
49.0,15,12,4,3081
49.0,15,12,5,3090
49.0,15,12,6,3100
49.0,15,12,7,3110
49.0,15,12,8,3119
49.0,15,12,9,3129
49.0,15,12,10,3138
49.0,15,12,11,3148
49.0,15,12,12,3157
49.0,15,12,13,3167
49.0,15,12,14,3176
49.0,15,12,15,3185
49.0,15,13,0,3051
49.0,15,13,1,3061
49.0,15,13,2,3071
49.0,15,13,3,3080
49.0,15,13,4,3090
49.0,15,13,5,3100
49.0,15,13,6,3110
49.0,15,13,7,3119
49.0,15,13,8,3129
49.0,15,13,9,3138
49.0,15,13,10,3148
49.0,15,13,11,3157
49.0,15,13,12,3167
49.0,15,13,13,3176
49.0,15,13,14,3186
49.0,15,13,15,3195
49.0,15,14,0,3060
49.0,15,14,1,3070
49.0,15,14,2,3080
49.0,15,14,3,3090
49.0,15,14,4,3100
49.0,15,14,5,3109
49.0,15,14,6,3119
49.0,15,14,7,3129
49.0,15,14,8,3138
49.0,15,14,9,3148
49.0,15,14,10,3158
49.0,15,14,11,3167
49.0,15,14,12,3177
49.0,15,14,13,3186
49.0,15,14,14,3196
49.0,15,14,15,3205
49.0,15,15,0,3070
49.0,15,15,1,3080
49.0,15,15,2,3090
49.0,15,15,3,3099
49.0,15,15,4,3109
49.0,15,15,5,3119
49.0,15,15,6,3129
49.0,15,15,7,3138
49.0,15,15,8,3148
49.0,15,15,9,3158
49.0,15,15,10,3167
49.0,15,15,11,3177
49.0,15,15,12,3186
49.0,15,15,13,3196
49.0,15,15,14,3205
49.0,15,15,15,3215
49.5,0,0,0,2784
49.5,0,0,1,2793
49.5,0,0,2,2801
49.5,0,0,3,2810
49.5,0,0,4,2819
49.5,0,0,5,2828
49.5,0,0,6,2837
49.5,0,0,7,2846
49.5,0,0,8,2855
49.5,0,0,9,2863
49.5,0,0,10,2872
49.5,0,0,11,2881
49.5,0,0,12,2889
49.5,0,0,13,2898
49.5,0,0,14,2907
49.5,0,0,15,2915
49.5,0,1,0,2793
49.5,0,1,1,2802
49.5,0,1,2,2811
49.5,0,1,3,2820
49.5,0,1,4,2829
49.5,0,1,5,2838
49.5,0,1,6,2846
49.5,0,1,7,2855
49.5,0,1,8,2864
49.5,0,1,9,2873
49.5,0,1,10,2882
49.5,0,1,11,2890
49.5,0,1,12,2899
49.5,0,1,13,2908
49.5,0,1,14,2916
49.5,0,1,15,2925
49.5,0,2,0,2802
49.5,0,2,1,2811
49.5,0,2,2,2820
49.5,0,2,3,2829
49.5,0,2,4,2838
49.5,0,2,5,2847
49.5,0,2,6,2856
49.5,0,2,7,2865
49.5,0,2,8,2874
49.5,0,2,9,2882
49.5,0,2,10,2891
49.5,0,2,11,2900
49.5,0,2,12,2909
49.5,0,2,13,2917
49.5,0,2,14,2926
49.5,0,2,15,2935
49.5,0,3,0,2811
49.5,0,3,1,2821
49.5,0,3,2,2830
49.5,0,3,3,2839
49.5,0,3,4,2848
49.5,0,3,5,2856
49.5,0,3,6,2865
49.5,0,3,7,2874
49.5,0,3,8,2883
49.5,0,3,9,2892
49.5,0,3,10,2901
49.5,0,3,11,2910
49.5,0,3,12,2918
49.5,0,3,13,2927
49.5,0,3,14,2936
49.5,0,3,15,2944
49.5,0,4,0,2821
49.5,0,4,1,2830
49.5,0,4,2,2839
49.5,0,4,3,2848
49.5,0,4,4,2857
49.5,0,4,5,2866
49.5,0,4,6,2875
49.5,0,4,7,2884
49.5,0,4,8,2893
49.5,0,4,9,2901
49.5,0,4,10,2910
49.5,0,4,11,2919
49.5,0,4,12,2928
49.5,0,4,13,2937
49.5,0,4,14,2945
49.5,0,4,15,2954
49.5,0,5,0,2830
49.5,0,5,1,2839
49.5,0,5,2,2848
49.5,0,5,3,2857
49.5,0,5,4,2866
49.5,0,5,5,2875
49.5,0,5,6,2884
49.5,0,5,7,2893
49.5,0,5,8,2902
49.5,0,5,9,2911
49.5,0,5,10,2920
49.5,0,5,11,2929
49.5,0,5,12,2937
49.5,0,5,13,2946
49.5,0,5,14,2955
49.5,0,5,15,2964
49.5,0,6,0,2839
49.5,0,6,1,2848
49.5,0,6,2,2857
49.5,0,6,3,2866
49.5,0,6,4,2875
49.5,0,6,5,2885
49.5,0,6,6,2894
49.5,0,6,7,2902
49.5,0,6,8,2911
49.5,0,6,9,2920
49.5,0,6,10,2929
49.5,0,6,11,2938
49.5,0,6,12,2947
49.5,0,6,13,2956
49.5,0,6,14,2965
49.5,0,6,15,2973
49.5,0,7,0,2848
49.5,0,7,1,2857
49.5,0,7,2,2867
49.5,0,7,3,2876
49.5,0,7,4,2885
49.5,0,7,5,2894
49.5,0,7,6,2903
49.5,0,7,7,2912
49.5,0,7,8,2921
49.5,0,7,9,2930
49.5,0,7,10,2939
49.5,0,7,11,2948
49.5,0,7,12,2956
49.5,0,7,13,2965
49.5,0,7,14,2974
49.5,0,7,15,2983
49.5,0,8,0,2857
49.5,0,8,1,2867
49.5,0,8,2,2876
49.5,0,8,3,2885
49.5,0,8,4,2894
49.5,0,8,5,2903
49.5,0,8,6,2912
49.5,0,8,7,2921
49.5,0,8,8,2930
49.5,0,8,9,2939
49.5,0,8,10,2948
49.5,0,8,11,2957
49.5,0,8,12,2966
49.5,0,8,13,2975
49.5,0,8,14,2984
49.5,0,8,15,2992
49.5,0,9,0,2866
49.5,0,9,1,2876
49.5,0,9,2,2885
49.5,0,9,3,2894
49.5,0,9,4,2903
49.5,0,9,5,2912
49.5,0,9,6,2921
49.5,0,9,7,2930
49.5,0,9,8,2939
49.5,0,9,9,2948
49.5,0,9,10,2957
49.5,0,9,11,2966
49.5,0,9,12,2975
49.5,0,9,13,2984
49.5,0,9,14,2993
49.5,0,9,15,3002
49.5,0,10,0,2875
49.5,0,10,1,2885
49.5,0,10,2,2894
49.5,0,10,3,2903
49.5,0,10,4,2912
49.5,0,10,5,2921
49.5,0,10,6,2931
49.5,0,10,7,2940
49.5,0,10,8,2949
49.5,0,10,9,2958
49.5,0,10,10,2967
49.5,0,10,11,2976
49.5,0,10,12,2985
49.5,0,10,13,2994
49.5,0,10,14,3003
49.5,0,10,15,3011
49.5,0,11,0,2885
49.5,0,11,1,2894
49.5,0,11,2,2903
49.5,0,11,3,2912
49.5,0,11,4,2921
49.5,0,11,5,2931
49.5,0,11,6,2940
49.5,0,11,7,2949
49.5,0,11,8,2958
49.5,0,11,9,2967
49.5,0,11,10,2976
49.5,0,11,11,2985
49.5,0,11,12,2994
49.5,0,11,13,3003
49.5,0,11,14,3012
49.5,0,11,15,3021
49.5,0,12,0,2894
49.5,0,12,1,2903
49.5,0,12,2,2912
49.5,0,12,3,2921
49.5,0,12,4,2931
49.5,0,12,5,2940
49.5,0,12,6,2949
49.5,0,12,7,2958
49.5,0,12,8,2967
49.5,0,12,9,2976
49.5,0,12,10,2985
49.5,0,12,11,2994
49.5,0,12,12,3003
49.5,0,12,13,3012
49.5,0,12,14,3021
49.5,0,12,15,3030
49.5,0,13,0,2902
49.5,0,13,1,2912
49.5,0,13,2,2921
49.5,0,13,3,2930
49.5,0,13,4,2940
49.5,0,13,5,2949
49.5,0,13,6,2958
49.5,0,13,7,2967
49.5,0,13,8,2976
49.5,0,13,9,2986
49.5,0,13,10,2995
49.5,0,13,11,3004
49.5,0,13,12,3013
49.5,0,13,13,3022
49.5,0,13,14,3031
49.5,0,13,15,3040
49.5,0,14,0,2911
49.5,0,14,1,2921
49.5,0,14,2,2930
49.5,0,14,3,2939
49.5,0,14,4,2949
49.5,0,14,5,2958
49.5,0,14,6,2967
49.5,0,14,7,2976
49.5,0,14,8,2986
49.5,0,14,9,2995
49.5,0,14,10,3004
49.5,0,14,11,3013
49.5,0,14,12,3022
49.5,0,14,13,3031
49.5,0,14,14,3040
49.5,0,14,15,3049
49.5,0,15,0,2920
49.5,0,15,1,2930
49.5,0,15,2,2939
49.5,0,15,3,2948
49.5,0,15,4,2958
49.5,0,15,5,2967
49.5,0,15,6,2976
49.5,0,15,7,2986
49.5,0,15,8,2995
49.5,0,15,9,3004
49.5,0,15,10,3013
49.5,0,15,11,3022
49.5,0,15,12,3031
49.5,0,15,13,3040
49.5,0,15,14,3049
49.5,0,15,15,3058
49.5,1,0,0,2794
49.5,1,0,1,2803
49.5,1,0,2,2812
49.5,1,0,3,2821
49.5,1,0,4,2830
49.5,1,0,5,2839
49.5,1,0,6,2848
49.5,1,0,7,2857
49.5,1,0,8,2865
49.5,1,0,9,2874
49.5,1,0,10,2883
49.5,1,0,11,2892
49.5,1,0,12,2900
49.5,1,0,13,2909
49.5,1,0,14,2918
49.5,1,0,15,2926
49.5,1,1,0,2804
49.5,1,1,1,2813
49.5,1,1,2,2822
49.5,1,1,3,2831
49.5,1,1,4,2840
49.5,1,1,5,2848
49.5,1,1,6,2857
49.5,1,1,7,2866
49.5,1,1,8,2875
49.5,1,1,9,2884
49.5,1,1,10,2893
49.5,1,1,11,2901
49.5,1,1,12,2910
49.5,1,1,13,2919
49.5,1,1,14,2927
49.5,1,1,15,2936
49.5,1,2,0,2813
49.5,1,2,1,2822
49.5,1,2,2,2831
49.5,1,2,3,2840
49.5,1,2,4,2849
49.5,1,2,5,2858
49.5,1,2,6,2867
49.5,1,2,7,2876
49.5,1,2,8,2885
49.5,1,2,9,2893
49.5,1,2,10,2902
49.5,1,2,11,2911
49.5,1,2,12,2920
49.5,1,2,13,2929
49.5,1,2,14,2937
49.5,1,2,15,2946
49.5,1,3,0,2822
49.5,1,3,1,2831
49.5,1,3,2,2840
49.5,1,3,3,2849
49.5,1,3,4,2858
49.5,1,3,5,2867
49.5,1,3,6,2876
49.5,1,3,7,2885
49.5,1,3,8,2894
49.5,1,3,9,2903
49.5,1,3,10,2912
49.5,1,3,11,2921
49.5,1,3,12,2929
49.5,1,3,13,2938
49.5,1,3,14,2947
49.5,1,3,15,2956
49.5,1,4,0,2832
49.5,1,4,1,2841
49.5,1,4,2,2850
49.5,1,4,3,2859
49.5,1,4,4,2868
49.5,1,4,5,2877
49.5,1,4,6,2886
49.5,1,4,7,2895
49.5,1,4,8,2904
49.5,1,4,9,2913
49.5,1,4,10,2921
49.5,1,4,11,2930
49.5,1,4,12,2939
49.5,1,4,13,2948
49.5,1,4,14,2957
49.5,1,4,15,2965
49.5,1,5,0,2841
49.5,1,5,1,2850
49.5,1,5,2,2859
49.5,1,5,3,2868
49.5,1,5,4,2877
49.5,1,5,5,2886
49.5,1,5,6,2895
49.5,1,5,7,2904
49.5,1,5,8,2913
49.5,1,5,9,2922
49.5,1,5,10,2931
49.5,1,5,11,2940
49.5,1,5,12,2949
49.5,1,5,13,2957
49.5,1,5,14,2966
49.5,1,5,15,2975
49.5,1,6,0,2850
49.5,1,6,1,2859
49.5,1,6,2,2868
49.5,1,6,3,2877
49.5,1,6,4,2886
49.5,1,6,5,2896
49.5,1,6,6,2905
49.5,1,6,7,2914
49.5,1,6,8,2923
49.5,1,6,9,2932
49.5,1,6,10,2940
49.5,1,6,11,2949
49.5,1,6,12,2958
49.5,1,6,13,2967
49.5,1,6,14,2976
49.5,1,6,15,2985
49.5,1,7,0,2859
49.5,1,7,1,2868
49.5,1,7,2,2878
49.5,1,7,3,2887
49.5,1,7,4,2896
49.5,1,7,5,2905
49.5,1,7,6,2914
49.5,1,7,7,2923
49.5,1,7,8,2932
49.5,1,7,9,2941
49.5,1,7,10,2950
49.5,1,7,11,2959
49.5,1,7,12,2968
49.5,1,7,13,2977
49.5,1,7,14,2985
49.5,1,7,15,2994
49.5,1,8,0,2868
49.5,1,8,1,2878
49.5,1,8,2,2887
49.5,1,8,3,2896
49.5,1,8,4,2905
49.5,1,8,5,2914
49.5,1,8,6,2923
49.5,1,8,7,2932
49.5,1,8,8,2941
49.5,1,8,9,2950
49.5,1,8,10,2959
49.5,1,8,11,2968
49.5,1,8,12,2977
49.5,1,8,13,2986
49.5,1,8,14,2995
49.5,1,8,15,3004
49.5,1,9,0,2877
49.5,1,9,1,2887
49.5,1,9,2,2896
49.5,1,9,3,2905
49.5,1,9,4,2914
49.5,1,9,5,2923
49.5,1,9,6,2933
49.5,1,9,7,2942
49.5,1,9,8,2951
49.5,1,9,9,2960
49.5,1,9,10,2969
49.5,1,9,11,2978
49.5,1,9,12,2987
49.5,1,9,13,2996
49.5,1,9,14,3005
49.5,1,9,15,3013
49.5,1,10,0,2886
49.5,1,10,1,2896
49.5,1,10,2,2905
49.5,1,10,3,2914
49.5,1,10,4,2924
49.5,1,10,5,2933
49.5,1,10,6,2942
49.5,1,10,7,2951
49.5,1,10,8,2960
49.5,1,10,9,2969
49.5,1,10,10,2978
49.5,1,10,11,2987
49.5,1,10,12,2996
49.5,1,10,13,3005
49.5,1,10,14,3014
49.5,1,10,15,3023
49.5,1,11,0,2896
49.5,1,11,1,2905
49.5,1,11,2,2914
49.5,1,11,3,2923
49.5,1,11,4,2933
49.5,1,11,5,2942
49.5,1,11,6,2951
49.5,1,11,7,2960
49.5,1,11,8,2969
49.5,1,11,9,2978
49.5,1,11,10,2988
49.5,1,11,11,2997
49.5,1,11,12,3006
49.5,1,11,13,3015
49.5,1,11,14,3024
49.5,1,11,15,3032
49.5,1,12,0,2905
49.5,1,12,1,2914
49.5,1,12,2,2923
49.5,1,12,3,2933
49.5,1,12,4,2942
49.5,1,12,5,2951
49.5,1,12,6,2960
49.5,1,12,7,2969
49.5,1,12,8,2979
49.5,1,12,9,2988
49.5,1,12,10,2997
49.5,1,12,11,3006
49.5,1,12,12,3015
49.5,1,12,13,3024
49.5,1,12,14,3033
49.5,1,12,15,3042
49.5,1,13,0,2914
49.5,1,13,1,2923
49.5,1,13,2,2932
49.5,1,13,3,2942
49.5,1,13,4,2951
49.5,1,13,5,2960
49.5,1,13,6,2969
49.5,1,13,7,2979
49.5,1,13,8,2988
49.5,1,13,9,2997
49.5,1,13,10,3006
49.5,1,13,11,3015
49.5,1,13,12,3024
49.5,1,13,13,3033
49.5,1,13,14,3042
49.5,1,13,15,3051
49.5,1,14,0,2923
49.5,1,14,1,2932
49.5,1,14,2,2941
49.5,1,14,3,2951
49.5,1,14,4,2960
49.5,1,14,5,2969
49.5,1,14,6,2979
49.5,1,14,7,2988
49.5,1,14,8,2997
49.5,1,14,9,3006
49.5,1,14,10,3015
49.5,1,14,11,3025
49.5,1,14,12,3034
49.5,1,14,13,3043
49.5,1,14,14,3052
49.5,1,14,15,3061
49.5,1,15,0,2932
49.5,1,15,1,2941
49.5,1,15,2,2950
49.5,1,15,3,2960
49.5,1,15,4,2969
49.5,1,15,5,2978
49.5,1,15,6,2988
49.5,1,15,7,2997
49.5,1,15,8,3006
49.5,1,15,9,3015
49.5,1,15,10,3025
49.5,1,15,11,3034
49.5,1,15,12,3043
49.5,1,15,13,3052
49.5,1,15,14,3061
49.5,1,15,15,3070
49.5,2,0,0,2805
49.5,2,0,1,2814
49.5,2,0,2,2823
49.5,2,0,3,2832
49.5,2,0,4,2841
49.5,2,0,5,2850
49.5,2,0,6,2859
49.5,2,0,7,2868
49.5,2,0,8,2876
49.5,2,0,9,2885
49.5,2,0,10,2894
49.5,2,0,11,2903
49.5,2,0,12,2911
49.5,2,0,13,2920
49.5,2,0,14,2929
49.5,2,0,15,2938
49.5,2,1,0,2814
49.5,2,1,1,2823
49.5,2,1,2,2832
49.5,2,1,3,2841
49.5,2,1,4,2850
49.5,2,1,5,2859
49.5,2,1,6,2868
49.5,2,1,7,2877
49.5,2,1,8,2886
49.5,2,1,9,2895
49.5,2,1,10,2904
49.5,2,1,11,2912
49.5,2,1,12,2921
49.5,2,1,13,2930
49.5,2,1,14,2939
49.5,2,1,15,2947
49.5,2,2,0,2824
49.5,2,2,1,2833
49.5,2,2,2,2842
49.5,2,2,3,2851
49.5,2,2,4,2860
49.5,2,2,5,2869
49.5,2,2,6,2878
49.5,2,2,7,2887
49.5,2,2,8,2896
49.5,2,2,9,2905
49.5,2,2,10,2913
49.5,2,2,11,2922
49.5,2,2,12,2931
49.5,2,2,13,2940
49.5,2,2,14,2948
49.5,2,2,15,2957
49.5,2,3,0,2833
49.5,2,3,1,2842
49.5,2,3,2,2851
49.5,2,3,3,2860
49.5,2,3,4,2869
49.5,2,3,5,2878
49.5,2,3,6,2887
49.5,2,3,7,2896
49.5,2,3,8,2905
49.5,2,3,9,2914
49.5,2,3,10,2923
49.5,2,3,11,2932
49.5,2,3,12,2941
49.5,2,3,13,2949
49.5,2,3,14,2958
49.5,2,3,15,2967
49.5,2,4,0,2842
49.5,2,4,1,2851
49.5,2,4,2,2861
49.5,2,4,3,2870
49.5,2,4,4,2879
49.5,2,4,5,2888
49.5,2,4,6,2897
49.5,2,4,7,2906
49.5,2,4,8,2915
49.5,2,4,9,2924
49.5,2,4,10,2933
49.5,2,4,11,2941
49.5,2,4,12,2950
49.5,2,4,13,2959
49.5,2,4,14,2968
49.5,2,4,15,2977
49.5,2,5,0,2852
49.5,2,5,1,2861
49.5,2,5,2,2870
49.5,2,5,3,2879
49.5,2,5,4,2888
49.5,2,5,5,2897
49.5,2,5,6,2906
49.5,2,5,7,2915
49.5,2,5,8,2924
49.5,2,5,9,2933
49.5,2,5,10,2942
49.5,2,5,11,2951
49.5,2,5,12,2960
49.5,2,5,13,2969
49.5,2,5,14,2978
49.5,2,5,15,2986
49.5,2,6,0,2861
49.5,2,6,1,2870
49.5,2,6,2,2879
49.5,2,6,3,2888
49.5,2,6,4,2898
49.5,2,6,5,2907
49.5,2,6,6,2916
49.5,2,6,7,2925
49.5,2,6,8,2934
49.5,2,6,9,2943
49.5,2,6,10,2952
49.5,2,6,11,2961
49.5,2,6,12,2970
49.5,2,6,13,2978
49.5,2,6,14,2987
49.5,2,6,15,2996
49.5,2,7,0,2870
49.5,2,7,1,2879
49.5,2,7,2,2889
49.5,2,7,3,2898
49.5,2,7,4,2907
49.5,2,7,5,2916
49.5,2,7,6,2925
49.5,2,7,7,2934
49.5,2,7,8,2943
49.5,2,7,9,2952
49.5,2,7,10,2961
49.5,2,7,11,2970
49.5,2,7,12,2979
49.5,2,7,13,2988
49.5,2,7,14,2997
49.5,2,7,15,3006
49.5,2,8,0,2879
49.5,2,8,1,2889
49.5,2,8,2,2898
49.5,2,8,3,2907
49.5,2,8,4,2916
49.5,2,8,5,2925
49.5,2,8,6,2934
49.5,2,8,7,2944
49.5,2,8,8,2953
49.5,2,8,9,2962
49.5,2,8,10,2971
49.5,2,8,11,2980
49.5,2,8,12,2989
49.5,2,8,13,2998
49.5,2,8,14,3006
49.5,2,8,15,3015
49.5,2,9,0,2888
49.5,2,9,1,2898
49.5,2,9,2,2907
49.5,2,9,3,2916
49.5,2,9,4,2925
49.5,2,9,5,2935
49.5,2,9,6,2944
49.5,2,9,7,2953
49.5,2,9,8,2962
49.5,2,9,9,2971
49.5,2,9,10,2980
49.5,2,9,11,2989
49.5,2,9,12,2998
49.5,2,9,13,3007
49.5,2,9,14,3016
49.5,2,9,15,3025
49.5,2,10,0,2898
49.5,2,10,1,2907
49.5,2,10,2,2916
49.5,2,10,3,2925
49.5,2,10,4,2935
49.5,2,10,5,2944
49.5,2,10,6,2953
49.5,2,10,7,2962
49.5,2,10,8,2971
49.5,2,10,9,2980
49.5,2,10,10,2990
49.5,2,10,11,2999
49.5,2,10,12,3008
49.5,2,10,13,3017
49.5,2,10,14,3026
49.5,2,10,15,3035
49.5,2,11,0,2907
49.5,2,11,1,2916
49.5,2,11,2,2925
49.5,2,11,3,2935
49.5,2,11,4,2944
49.5,2,11,5,2953
49.5,2,11,6,2962
49.5,2,11,7,2972
49.5,2,11,8,2981
49.5,2,11,9,2990
49.5,2,11,10,2999
49.5,2,11,11,3008
49.5,2,11,12,3017
49.5,2,11,13,3026
49.5,2,11,14,3035
49.5,2,11,15,3044
49.5,2,12,0,2916
49.5,2,12,1,2925
49.5,2,12,2,2934
49.5,2,12,3,2944
49.5,2,12,4,2953
49.5,2,12,5,2962
49.5,2,12,6,2972
49.5,2,12,7,2981
49.5,2,12,8,2990
49.5,2,12,9,2999
49.5,2,12,10,3008
49.5,2,12,11,3017
49.5,2,12,12,3026
49.5,2,12,13,3036
49.5,2,12,14,3045
49.5,2,12,15,3054
49.5,2,13,0,2925
49.5,2,13,1,2934
49.5,2,13,2,2944
49.5,2,13,3,2953
49.5,2,13,4,2962
49.5,2,13,5,2972
49.5,2,13,6,2981
49.5,2,13,7,2990
49.5,2,13,8,2999
49.5,2,13,9,3008
49.5,2,13,10,3018
49.5,2,13,11,3027
49.5,2,13,12,3036
49.5,2,13,13,3045
49.5,2,13,14,3054
49.5,2,13,15,3063
49.5,2,14,0,2934
49.5,2,14,1,2943
49.5,2,14,2,2953
49.5,2,14,3,2962
49.5,2,14,4,2971
49.5,2,14,5,2981
49.5,2,14,6,2990
49.5,2,14,7,2999
49.5,2,14,8,3009
49.5,2,14,9,3018
49.5,2,14,10,3027
49.5,2,14,11,3036
49.5,2,14,12,3045
49.5,2,14,13,3054
49.5,2,14,14,3063
49.5,2,14,15,3072
49.5,2,15,0,2943
49.5,2,15,1,2952
49.5,2,15,2,2962
49.5,2,15,3,2971
49.5,2,15,4,2980
49.5,2,15,5,2990
49.5,2,15,6,2999
49.5,2,15,7,3008
49.5,2,15,8,3018
49.5,2,15,9,3027
49.5,2,15,10,3036
49.5,2,15,11,3045
49.5,2,15,12,3055
49.5,2,15,13,3064
49.5,2,15,14,3073
49.5,2,15,15,3082
49.5,3,0,0,2816
49.5,3,0,1,2825
49.5,3,0,2,2834
49.5,3,0,3,2843
49.5,3,0,4,2852
49.5,3,0,5,2861
49.5,3,0,6,2870
49.5,3,0,7,2878
49.5,3,0,8,2887
49.5,3,0,9,2896
49.5,3,0,10,2905
49.5,3,0,11,2914
49.5,3,0,12,2923
49.5,3,0,13,2931
49.5,3,0,14,2940
49.5,3,0,15,2949
49.5,3,1,0,2825
49.5,3,1,1,2834
49.5,3,1,2,2843
49.5,3,1,3,2852
49.5,3,1,4,2861
49.5,3,1,5,2870
49.5,3,1,6,2879
49.5,3,1,7,2888
49.5,3,1,8,2897
49.5,3,1,9,2906
49.5,3,1,10,2915
49.5,3,1,11,2924
49.5,3,1,12,2932
49.5,3,1,13,2941
49.5,3,1,14,2950
49.5,3,1,15,2959
49.5,3,2,0,2834
49.5,3,2,1,2844
49.5,3,2,2,2853
49.5,3,2,3,2862
49.5,3,2,4,2871
49.5,3,2,5,2880
49.5,3,2,6,2889
49.5,3,2,7,2898
49.5,3,2,8,2907
49.5,3,2,9,2916
49.5,3,2,10,2924
49.5,3,2,11,2933
49.5,3,2,12,2942
49.5,3,2,13,2951
49.5,3,2,14,2960
49.5,3,2,15,2968
49.5,3,3,0,2844
49.5,3,3,1,2853
49.5,3,3,2,2862
49.5,3,3,3,2871
49.5,3,3,4,2880
49.5,3,3,5,2889
49.5,3,3,6,2898
49.5,3,3,7,2907
49.5,3,3,8,2916
49.5,3,3,9,2925
49.5,3,3,10,2934
49.5,3,3,11,2943
49.5,3,3,12,2952
49.5,3,3,13,2961
49.5,3,3,14,2969
49.5,3,3,15,2978
49.5,3,4,0,2853
49.5,3,4,1,2862
49.5,3,4,2,2871
49.5,3,4,3,2881
49.5,3,4,4,2890
49.5,3,4,5,2899
49.5,3,4,6,2908
49.5,3,4,7,2917
49.5,3,4,8,2926
49.5,3,4,9,2935
49.5,3,4,10,2944
49.5,3,4,11,2953
49.5,3,4,12,2962
49.5,3,4,13,2970
49.5,3,4,14,2979
49.5,3,4,15,2988
49.5,3,5,0,2862
49.5,3,5,1,2872
49.5,3,5,2,2881
49.5,3,5,3,2890
49.5,3,5,4,2899
49.5,3,5,5,2908
49.5,3,5,6,2917
49.5,3,5,7,2926
49.5,3,5,8,2935
49.5,3,5,9,2944
49.5,3,5,10,2953
49.5,3,5,11,2962
49.5,3,5,12,2971
49.5,3,5,13,2980
49.5,3,5,14,2989
49.5,3,5,15,2998
49.5,3,6,0,2872
49.5,3,6,1,2881
49.5,3,6,2,2890
49.5,3,6,3,2899
49.5,3,6,4,2909
49.5,3,6,5,2918
49.5,3,6,6,2927
49.5,3,6,7,2936
49.5,3,6,8,2945
49.5,3,6,9,2954
49.5,3,6,10,2963
49.5,3,6,11,2972
49.5,3,6,12,2981
49.5,3,6,13,2990
49.5,3,6,14,2999
49.5,3,6,15,3007
49.5,3,7,0,2881
49.5,3,7,1,2890
49.5,3,7,2,2899
49.5,3,7,3,2909
49.5,3,7,4,2918
49.5,3,7,5,2927
49.5,3,7,6,2936
49.5,3,7,7,2945
49.5,3,7,8,2954
49.5,3,7,9,2963
49.5,3,7,10,2972
49.5,3,7,11,2981
49.5,3,7,12,2990
49.5,3,7,13,2999
49.5,3,7,14,3008
49.5,3,7,15,3017
49.5,3,8,0,2890
49.5,3,8,1,2899
49.5,3,8,2,2909
49.5,3,8,3,2918
49.5,3,8,4,2927
49.5,3,8,5,2936
49.5,3,8,6,2946
49.5,3,8,7,2955
49.5,3,8,8,2964
49.5,3,8,9,2973
49.5,3,8,10,2982
49.5,3,8,11,2991
49.5,3,8,12,3000
49.5,3,8,13,3009
49.5,3,8,14,3018
49.5,3,8,15,3027
49.5,3,9,0,2899
49.5,3,9,1,2909
49.5,3,9,2,2918
49.5,3,9,3,2927
49.5,3,9,4,2937
49.5,3,9,5,2946
49.5,3,9,6,2955
49.5,3,9,7,2964
49.5,3,9,8,2973
49.5,3,9,9,2982
49.5,3,9,10,2991
49.5,3,9,11,3001
49.5,3,9,12,3010
49.5,3,9,13,3019
49.5,3,9,14,3028
49.5,3,9,15,3036
49.5,3,10,0,2909
49.5,3,10,1,2918
49.5,3,10,2,2927
49.5,3,10,3,2937
49.5,3,10,4,2946
49.5,3,10,5,2955
49.5,3,10,6,2964
49.5,3,10,7,2973
49.5,3,10,8,2983
49.5,3,10,9,2992
49.5,3,10,10,3001
49.5,3,10,11,3010
49.5,3,10,12,3019
49.5,3,10,13,3028
49.5,3,10,14,3037
49.5,3,10,15,3046
49.5,3,11,0,2918
49.5,3,11,1,2927
49.5,3,11,2,2936
49.5,3,11,3,2946
49.5,3,11,4,2955
49.5,3,11,5,2964
49.5,3,11,6,2974
49.5,3,11,7,2983
49.5,3,11,8,2992
49.5,3,11,9,3001
49.5,3,11,10,3010
49.5,3,11,11,3019
49.5,3,11,12,3029
49.5,3,11,13,3038
49.5,3,11,14,3047
49.5,3,11,15,3056
49.5,3,12,0,2927
49.5,3,12,1,2936
49.5,3,12,2,2946
49.5,3,12,3,2955
49.5,3,12,4,2964
49.5,3,12,5,2974
49.5,3,12,6,2983
49.5,3,12,7,2992
49.5,3,12,8,3001
49.5,3,12,9,3011
49.5,3,12,10,3020
49.5,3,12,11,3029
49.5,3,12,12,3038
49.5,3,12,13,3047
49.5,3,12,14,3056
49.5,3,12,15,3065
49.5,3,13,0,2936
49.5,3,13,1,2945
49.5,3,13,2,2955
49.5,3,13,3,2964
49.5,3,13,4,2973
49.5,3,13,5,2983
49.5,3,13,6,2992
49.5,3,13,7,3001
49.5,3,13,8,3011
49.5,3,13,9,3020
49.5,3,13,10,3029
49.5,3,13,11,3038
49.5,3,13,12,3047
49.5,3,13,13,3057
49.5,3,13,14,3066
49.5,3,13,15,3075
49.5,3,14,0,2945
49.5,3,14,1,2954
49.5,3,14,2,2964
49.5,3,14,3,2973
49.5,3,14,4,2983
49.5,3,14,5,2992
49.5,3,14,6,3001
49.5,3,14,7,3011
49.5,3,14,8,3020
49.5,3,14,9,3029
49.5,3,14,10,3038
49.5,3,14,11,3048
49.5,3,14,12,3057
49.5,3,14,13,3066
49.5,3,14,14,3075
49.5,3,14,15,3084
49.5,3,15,0,2954
49.5,3,15,1,2963
49.5,3,15,2,2973
49.5,3,15,3,2982
49.5,3,15,4,2992
49.5,3,15,5,3001
49.5,3,15,6,3011
49.5,3,15,7,3020
49.5,3,15,8,3029
49.5,3,15,9,3038
49.5,3,15,10,3048
49.5,3,15,11,3057
49.5,3,15,12,3066
49.5,3,15,13,3075
49.5,3,15,14,3084
49.5,3,15,15,3094
49.5,4,0,0,2826
49.5,4,0,1,2835
49.5,4,0,2,2844
49.5,4,0,3,2853
49.5,4,0,4,2862
49.5,4,0,5,2871
49.5,4,0,6,2880
49.5,4,0,7,2889
49.5,4,0,8,2898
49.5,4,0,9,2907
49.5,4,0,10,2916
49.5,4,0,11,2925
49.5,4,0,12,2934
49.5,4,0,13,2942
49.5,4,0,14,2951
49.5,4,0,15,2960
49.5,4,1,0,2836
49.5,4,1,1,2845
49.5,4,1,2,2854
49.5,4,1,3,2863
49.5,4,1,4,2872
49.5,4,1,5,2881
49.5,4,1,6,2890
49.5,4,1,7,2899
49.5,4,1,8,2908
49.5,4,1,9,2917
49.5,4,1,10,2926
49.5,4,1,11,2935
49.5,4,1,12,2943
49.5,4,1,13,2952
49.5,4,1,14,2961
49.5,4,1,15,2970
49.5,4,2,0,2845
49.5,4,2,1,2854
49.5,4,2,2,2863
49.5,4,2,3,2873
49.5,4,2,4,2882
49.5,4,2,5,2891
49.5,4,2,6,2900
49.5,4,2,7,2909
49.5,4,2,8,2918
49.5,4,2,9,2927
49.5,4,2,10,2936
49.5,4,2,11,2944
49.5,4,2,12,2953
49.5,4,2,13,2962
49.5,4,2,14,2971
49.5,4,2,15,2980
49.5,4,3,0,2855
49.5,4,3,1,2864
49.5,4,3,2,2873
49.5,4,3,3,2882
49.5,4,3,4,2891
49.5,4,3,5,2900
49.5,4,3,6,2909
49.5,4,3,7,2918
49.5,4,3,8,2927
49.5,4,3,9,2936
49.5,4,3,10,2945
49.5,4,3,11,2954
49.5,4,3,12,2963
49.5,4,3,13,2972
49.5,4,3,14,2981
49.5,4,3,15,2990
49.5,4,4,0,2864
49.5,4,4,1,2873
49.5,4,4,2,2882
49.5,4,4,3,2892
49.5,4,4,4,2901
49.5,4,4,5,2910
49.5,4,4,6,2919
49.5,4,4,7,2928
49.5,4,4,8,2937
49.5,4,4,9,2946
49.5,4,4,10,2955
49.5,4,4,11,2964
49.5,4,4,12,2973
49.5,4,4,13,2982
49.5,4,4,14,2990
49.5,4,4,15,2999
49.5,4,5,0,2873
49.5,4,5,1,2883
49.5,4,5,2,2892
49.5,4,5,3,2901
49.5,4,5,4,2910
49.5,4,5,5,2919
49.5,4,5,6,2928
49.5,4,5,7,2937
49.5,4,5,8,2947
49.5,4,5,9,2956
49.5,4,5,10,2965
49.5,4,5,11,2974
49.5,4,5,12,2982
49.5,4,5,13,2991
49.5,4,5,14,3000
49.5,4,5,15,3009
49.5,4,6,0,2883
49.5,4,6,1,2892
49.5,4,6,2,2901
49.5,4,6,3,2910
49.5,4,6,4,2920
49.5,4,6,5,2929
49.5,4,6,6,2938
49.5,4,6,7,2947
49.5,4,6,8,2956
49.5,4,6,9,2965
49.5,4,6,10,2974
49.5,4,6,11,2983
49.5,4,6,12,2992
49.5,4,6,13,3001
49.5,4,6,14,3010
49.5,4,6,15,3019
49.5,4,7,0,2892
49.5,4,7,1,2901
49.5,4,7,2,2910
49.5,4,7,3,2920
49.5,4,7,4,2929
49.5,4,7,5,2938
49.5,4,7,6,2947
49.5,4,7,7,2956
49.5,4,7,8,2966
49.5,4,7,9,2975
49.5,4,7,10,2984
49.5,4,7,11,2993
49.5,4,7,12,3002
49.5,4,7,13,3011
49.5,4,7,14,3020
49.5,4,7,15,3029
49.5,4,8,0,2901
49.5,4,8,1,2910
49.5,4,8,2,2920
49.5,4,8,3,2929
49.5,4,8,4,2938
49.5,4,8,5,2948
49.5,4,8,6,2957
49.5,4,8,7,2966
49.5,4,8,8,2975
49.5,4,8,9,2984
49.5,4,8,10,2993
49.5,4,8,11,3002
49.5,4,8,12,3011
49.5,4,8,13,3020
49.5,4,8,14,3029
49.5,4,8,15,3038
49.5,4,9,0,2910
49.5,4,9,1,2920
49.5,4,9,2,2929
49.5,4,9,3,2938
49.5,4,9,4,2948
49.5,4,9,5,2957
49.5,4,9,6,2966
49.5,4,9,7,2975
49.5,4,9,8,2985
49.5,4,9,9,2994
49.5,4,9,10,3003
49.5,4,9,11,3012
49.5,4,9,12,3021
49.5,4,9,13,3030
49.5,4,9,14,3039
49.5,4,9,15,3048
49.5,4,10,0,2920
49.5,4,10,1,2929
49.5,4,10,2,2938
49.5,4,10,3,2948
49.5,4,10,4,2957
49.5,4,10,5,2966
49.5,4,10,6,2976
49.5,4,10,7,2985
49.5,4,10,8,2994
49.5,4,10,9,3003
49.5,4,10,10,3012
49.5,4,10,11,3021
49.5,4,10,12,3030
49.5,4,10,13,3040
49.5,4,10,14,3049
49.5,4,10,15,3058
49.5,4,11,0,2929
49.5,4,11,1,2938
49.5,4,11,2,2948
49.5,4,11,3,2957
49.5,4,11,4,2966
49.5,4,11,5,2976
49.5,4,11,6,2985
49.5,4,11,7,2994
49.5,4,11,8,3003
49.5,4,11,9,3013
49.5,4,11,10,3022
49.5,4,11,11,3031
49.5,4,11,12,3040
49.5,4,11,13,3049
49.5,4,11,14,3058
49.5,4,11,15,3067
49.5,4,12,0,2938
49.5,4,12,1,2947
49.5,4,12,2,2957
49.5,4,12,3,2966
49.5,4,12,4,2976
49.5,4,12,5,2985
49.5,4,12,6,2994
49.5,4,12,7,3003
49.5,4,12,8,3013
49.5,4,12,9,3022
49.5,4,12,10,3031
49.5,4,12,11,3040
49.5,4,12,12,3049
49.5,4,12,13,3059
49.5,4,12,14,3068
49.5,4,12,15,3077
49.5,4,13,0,2947
49.5,4,13,1,2956
49.5,4,13,2,2966
49.5,4,13,3,2975
49.5,4,13,4,2985
49.5,4,13,5,2994
49.5,4,13,6,3003
49.5,4,13,7,3013
49.5,4,13,8,3022
49.5,4,13,9,3031
49.5,4,13,10,3041
49.5,4,13,11,3050
49.5,4,13,12,3059
49.5,4,13,13,3068
49.5,4,13,14,3077
49.5,4,13,15,3086
49.5,4,14,0,2956
49.5,4,14,1,2966
49.5,4,14,2,2975
49.5,4,14,3,2985
49.5,4,14,4,2994
49.5,4,14,5,3003
49.5,4,14,6,3013
49.5,4,14,7,3022
49.5,4,14,8,3031
49.5,4,14,9,3041
49.5,4,14,10,3050
49.5,4,14,11,3059
49.5,4,14,12,3068
49.5,4,14,13,3078
49.5,4,14,14,3087
49.5,4,14,15,3096
49.5,4,15,0,2965
49.5,4,15,1,2975
49.5,4,15,2,2984
49.5,4,15,3,2994
49.5,4,15,4,3003
49.5,4,15,5,3013
49.5,4,15,6,3022
49.5,4,15,7,3031
49.5,4,15,8,3041
49.5,4,15,9,3050
49.5,4,15,10,3059
49.5,4,15,11,3069
49.5,4,15,12,3078
49.5,4,15,13,3087
49.5,4,15,14,3096
49.5,4,15,15,3105
49.5,5,0,0,2837
49.5,5,0,1,2846
49.5,5,0,2,2855
49.5,5,0,3,2864
49.5,5,0,4,2873
49.5,5,0,5,2882
49.5,5,0,6,2891
49.5,5,0,7,2900
49.5,5,0,8,2909
49.5,5,0,9,2918
49.5,5,0,10,2927
49.5,5,0,11,2936
49.5,5,0,12,2945
49.5,5,0,13,2953
49.5,5,0,14,2962
49.5,5,0,15,2971
49.5,5,1,0,2846
49.5,5,1,1,2856
49.5,5,1,2,2865
49.5,5,1,3,2874
49.5,5,1,4,2883
49.5,5,1,5,2892
49.5,5,1,6,2901
49.5,5,1,7,2910
49.5,5,1,8,2919
49.5,5,1,9,2928
49.5,5,1,10,2937
49.5,5,1,11,2946
49.5,5,1,12,2955
49.5,5,1,13,2963
49.5,5,1,14,2972
49.5,5,1,15,2981
49.5,5,2,0,2856
49.5,5,2,1,2865
49.5,5,2,2,2874
49.5,5,2,3,2883
49.5,5,2,4,2893
49.5,5,2,5,2902
49.5,5,2,6,2911
49.5,5,2,7,2920
49.5,5,2,8,2929
49.5,5,2,9,2938
49.5,5,2,10,2947
49.5,5,2,11,2956
49.5,5,2,12,2964
49.5,5,2,13,2973
49.5,5,2,14,2982
49.5,5,2,15,2991
49.5,5,3,0,2865
49.5,5,3,1,2875
49.5,5,3,2,2884
49.5,5,3,3,2893
49.5,5,3,4,2902
49.5,5,3,5,2911
49.5,5,3,6,2920
49.5,5,3,7,2929
49.5,5,3,8,2938
49.5,5,3,9,2947
49.5,5,3,10,2956
49.5,5,3,11,2965
49.5,5,3,12,2974
49.5,5,3,13,2983
49.5,5,3,14,2992
49.5,5,3,15,3001
49.5,5,4,0,2875
49.5,5,4,1,2884
49.5,5,4,2,2893
49.5,5,4,3,2902
49.5,5,4,4,2912
49.5,5,4,5,2921
49.5,5,4,6,2930
49.5,5,4,7,2939
49.5,5,4,8,2948
49.5,5,4,9,2957
49.5,5,4,10,2966
49.5,5,4,11,2975
49.5,5,4,12,2984
49.5,5,4,13,2993
49.5,5,4,14,3002
49.5,5,4,15,3011
49.5,5,5,0,2884
49.5,5,5,1,2893
49.5,5,5,2,2903
49.5,5,5,3,2912
49.5,5,5,4,2921
49.5,5,5,5,2930
49.5,5,5,6,2939
49.5,5,5,7,2949
49.5,5,5,8,2958
49.5,5,5,9,2967
49.5,5,5,10,2976
49.5,5,5,11,2985
49.5,5,5,12,2994
49.5,5,5,13,3003
49.5,5,5,14,3012
49.5,5,5,15,3020
49.5,5,6,0,2893
49.5,5,6,1,2903
49.5,5,6,2,2912
49.5,5,6,3,2921
49.5,5,6,4,2931
49.5,5,6,5,2940
49.5,5,6,6,2949
49.5,5,6,7,2958
49.5,5,6,8,2967
49.5,5,6,9,2976
49.5,5,6,10,2985
49.5,5,6,11,2994
49.5,5,6,12,3003
49.5,5,6,13,3012
49.5,5,6,14,3021
49.5,5,6,15,3030
49.5,5,7,0,2903
49.5,5,7,1,2912
49.5,5,7,2,2921
49.5,5,7,3,2931
49.5,5,7,4,2940
49.5,5,7,5,2949
49.5,5,7,6,2958
49.5,5,7,7,2968
49.5,5,7,8,2977
49.5,5,7,9,2986
49.5,5,7,10,2995
49.5,5,7,11,3004
49.5,5,7,12,3013
49.5,5,7,13,3022
49.5,5,7,14,3031
49.5,5,7,15,3040
49.5,5,8,0,2912
49.5,5,8,1,2921
49.5,5,8,2,2931
49.5,5,8,3,2940
49.5,5,8,4,2949
49.5,5,8,5,2959
49.5,5,8,6,2968
49.5,5,8,7,2977
49.5,5,8,8,2986
49.5,5,8,9,2995
49.5,5,8,10,3005
49.5,5,8,11,3014
49.5,5,8,12,3023
49.5,5,8,13,3032
49.5,5,8,14,3041
49.5,5,8,15,3050
49.5,5,9,0,2921
49.5,5,9,1,2931
49.5,5,9,2,2940
49.5,5,9,3,2949
49.5,5,9,4,2959
49.5,5,9,5,2968
49.5,5,9,6,2977
49.5,5,9,7,2987
49.5,5,9,8,2996
49.5,5,9,9,3005
49.5,5,9,10,3014
49.5,5,9,11,3023
49.5,5,9,12,3032
49.5,5,9,13,3041
49.5,5,9,14,3050
49.5,5,9,15,3059
49.5,5,10,0,2931
49.5,5,10,1,2940
49.5,5,10,2,2949
49.5,5,10,3,2959
49.5,5,10,4,2968
49.5,5,10,5,2977
49.5,5,10,6,2987
49.5,5,10,7,2996
49.5,5,10,8,3005
49.5,5,10,9,3014
49.5,5,10,10,3024
49.5,5,10,11,3033
49.5,5,10,12,3042
49.5,5,10,13,3051
49.5,5,10,14,3060
49.5,5,10,15,3069
49.5,5,11,0,2940
49.5,5,11,1,2949
49.5,5,11,2,2959
49.5,5,11,3,2968
49.5,5,11,4,2977
49.5,5,11,5,2987
49.5,5,11,6,2996
49.5,5,11,7,3005
49.5,5,11,8,3015
49.5,5,11,9,3024
49.5,5,11,10,3033
49.5,5,11,11,3042
49.5,5,11,12,3051
49.5,5,11,13,3061
49.5,5,11,14,3070
49.5,5,11,15,3079
49.5,5,12,0,2949
49.5,5,12,1,2958
49.5,5,12,2,2968
49.5,5,12,3,2977
49.5,5,12,4,2987
49.5,5,12,5,2996
49.5,5,12,6,3005
49.5,5,12,7,3015
49.5,5,12,8,3024
49.5,5,12,9,3033
49.5,5,12,10,3043
49.5,5,12,11,3052
49.5,5,12,12,3061
49.5,5,12,13,3070
49.5,5,12,14,3079
49.5,5,12,15,3088
49.5,5,13,0,2958
49.5,5,13,1,2968
49.5,5,13,2,2977
49.5,5,13,3,2987
49.5,5,13,4,2996
49.5,5,13,5,3005
49.5,5,13,6,3015
49.5,5,13,7,3024
49.5,5,13,8,3033
49.5,5,13,9,3043
49.5,5,13,10,3052
49.5,5,13,11,3061
49.5,5,13,12,3070
49.5,5,13,13,3080
49.5,5,13,14,3089
49.5,5,13,15,3098
49.5,5,14,0,2967
49.5,5,14,1,2977
49.5,5,14,2,2986
49.5,5,14,3,2996
49.5,5,14,4,3005
49.5,5,14,5,3015
49.5,5,14,6,3024
49.5,5,14,7,3033
49.5,5,14,8,3043
49.5,5,14,9,3052
49.5,5,14,10,3061
49.5,5,14,11,3071
49.5,5,14,12,3080
49.5,5,14,13,3089
49.5,5,14,14,3098
49.5,5,14,15,3107
49.5,5,15,0,2976
49.5,5,15,1,2986
49.5,5,15,2,2995
49.5,5,15,3,3005
49.5,5,15,4,3014
49.5,5,15,5,3024
49.5,5,15,6,3033
49.5,5,15,7,3043
49.5,5,15,8,3052
49.5,5,15,9,3062
49.5,5,15,10,3071
49.5,5,15,11,3080
49.5,5,15,12,3089
49.5,5,15,13,3099
49.5,5,15,14,3108
49.5,5,15,15,3117
49.5,6,0,0,2848
49.5,6,0,1,2857
49.5,6,0,2,2866
49.5,6,0,3,2875
49.5,6,0,4,2884
49.5,6,0,5,2893
49.5,6,0,6,2902
49.5,6,0,7,2911
49.5,6,0,8,2920
49.5,6,0,9,2929
49.5,6,0,10,2938
49.5,6,0,11,2947
49.5,6,0,12,2956
49.5,6,0,13,2965
49.5,6,0,14,2973
49.5,6,0,15,2982
49.5,6,1,0,2857
49.5,6,1,1,2866
49.5,6,1,2,2875
49.5,6,1,3,2885
49.5,6,1,4,2894
49.5,6,1,5,2903
49.5,6,1,6,2912
49.5,6,1,7,2921
49.5,6,1,8,2930
49.5,6,1,9,2939
49.5,6,1,10,2948
49.5,6,1,11,2957
49.5,6,1,12,2966
49.5,6,1,13,2975
49.5,6,1,14,2983
49.5,6,1,15,2992
49.5,6,2,0,2867
49.5,6,2,1,2876
49.5,6,2,2,2885
49.5,6,2,3,2894
49.5,6,2,4,2903
49.5,6,2,5,2912
49.5,6,2,6,2922
49.5,6,2,7,2931
49.5,6,2,8,2940
49.5,6,2,9,2949
49.5,6,2,10,2958
49.5,6,2,11,2967
49.5,6,2,12,2976
49.5,6,2,13,2984
49.5,6,2,14,2993
49.5,6,2,15,3002
49.5,6,3,0,2876
49.5,6,3,1,2885
49.5,6,3,2,2895
49.5,6,3,3,2904
49.5,6,3,4,2913
49.5,6,3,5,2922
49.5,6,3,6,2931
49.5,6,3,7,2940
49.5,6,3,8,2949
49.5,6,3,9,2958
49.5,6,3,10,2967
49.5,6,3,11,2976
49.5,6,3,12,2985
49.5,6,3,13,2994
49.5,6,3,14,3003
49.5,6,3,15,3012
49.5,6,4,0,2886
49.5,6,4,1,2895
49.5,6,4,2,2904
49.5,6,4,3,2913
49.5,6,4,4,2923
49.5,6,4,5,2932
49.5,6,4,6,2941
49.5,6,4,7,2950
49.5,6,4,8,2959
49.5,6,4,9,2968
49.5,6,4,10,2977
49.5,6,4,11,2986
49.5,6,4,12,2995
49.5,6,4,13,3004
49.5,6,4,14,3013
49.5,6,4,15,3022
49.5,6,5,0,2895
49.5,6,5,1,2904
49.5,6,5,2,2914
49.5,6,5,3,2923
49.5,6,5,4,2932
49.5,6,5,5,2941
49.5,6,5,6,2950
49.5,6,5,7,2960
49.5,6,5,8,2969
49.5,6,5,9,2978
49.5,6,5,10,2987
49.5,6,5,11,2996
49.5,6,5,12,3005
49.5,6,5,13,3014
49.5,6,5,14,3023
49.5,6,5,15,3032
49.5,6,6,0,2904
49.5,6,6,1,2914
49.5,6,6,2,2923
49.5,6,6,3,2932
49.5,6,6,4,2942
49.5,6,6,5,2951
49.5,6,6,6,2960
49.5,6,6,7,2969
49.5,6,6,8,2978
49.5,6,6,9,2987
49.5,6,6,10,2997
49.5,6,6,11,3006
49.5,6,6,12,3015
49.5,6,6,13,3024
49.5,6,6,14,3033
49.5,6,6,15,3042
49.5,6,7,0,2914
49.5,6,7,1,2923
49.5,6,7,2,2932
49.5,6,7,3,2942
49.5,6,7,4,2951
49.5,6,7,5,2960
49.5,6,7,6,2970
49.5,6,7,7,2979
49.5,6,7,8,2988
49.5,6,7,9,2997
49.5,6,7,10,3006
49.5,6,7,11,3015
49.5,6,7,12,3024
49.5,6,7,13,3033
49.5,6,7,14,3042
49.5,6,7,15,3051
49.5,6,8,0,2923
49.5,6,8,1,2932
49.5,6,8,2,2942
49.5,6,8,3,2951
49.5,6,8,4,2961
49.5,6,8,5,2970
49.5,6,8,6,2979
49.5,6,8,7,2988
49.5,6,8,8,2998
49.5,6,8,9,3007
49.5,6,8,10,3016
49.5,6,8,11,3025
49.5,6,8,12,3034
49.5,6,8,13,3043
49.5,6,8,14,3052
49.5,6,8,15,3061
49.5,6,9,0,2932
49.5,6,9,1,2942
49.5,6,9,2,2951
49.5,6,9,3,2961
49.5,6,9,4,2970
49.5,6,9,5,2979
49.5,6,9,6,2989
49.5,6,9,7,2998
49.5,6,9,8,3007
49.5,6,9,9,3016
49.5,6,9,10,3025
49.5,6,9,11,3035
49.5,6,9,12,3044
49.5,6,9,13,3053
49.5,6,9,14,3062
49.5,6,9,15,3071
49.5,6,10,0,2942
49.5,6,10,1,2951
49.5,6,10,2,2961
49.5,6,10,3,2970
49.5,6,10,4,2979
49.5,6,10,5,2989
49.5,6,10,6,2998
49.5,6,10,7,3007
49.5,6,10,8,3017
49.5,6,10,9,3026
49.5,6,10,10,3035
49.5,6,10,11,3044
49.5,6,10,12,3053
49.5,6,10,13,3062
49.5,6,10,14,3072
49.5,6,10,15,3081
49.5,6,11,0,2951
49.5,6,11,1,2960
49.5,6,11,2,2970
49.5,6,11,3,2979
49.5,6,11,4,2989
49.5,6,11,5,2998
49.5,6,11,6,3007
49.5,6,11,7,3017
49.5,6,11,8,3026
49.5,6,11,9,3035
49.5,6,11,10,3045
49.5,6,11,11,3054
49.5,6,11,12,3063
49.5,6,11,13,3072
49.5,6,11,14,3081
49.5,6,11,15,3090
49.5,6,12,0,2960
49.5,6,12,1,2970
49.5,6,12,2,2979
49.5,6,12,3,2989
49.5,6,12,4,2998
49.5,6,12,5,3007
49.5,6,12,6,3017
49.5,6,12,7,3026
49.5,6,12,8,3035
49.5,6,12,9,3045
49.5,6,12,10,3054
49.5,6,12,11,3063
49.5,6,12,12,3073
49.5,6,12,13,3082
49.5,6,12,14,3091
49.5,6,12,15,3100
49.5,6,13,0,2969
49.5,6,13,1,2979
49.5,6,13,2,2988
49.5,6,13,3,2998
49.5,6,13,4,3007
49.5,6,13,5,3017
49.5,6,13,6,3026
49.5,6,13,7,3036
49.5,6,13,8,3045
49.5,6,13,9,3054
49.5,6,13,10,3064
49.5,6,13,11,3073
49.5,6,13,12,3082
49.5,6,13,13,3091
49.5,6,13,14,3100
49.5,6,13,15,3110
49.5,6,14,0,2978
49.5,6,14,1,2988
49.5,6,14,2,2998
49.5,6,14,3,3007
49.5,6,14,4,3017
49.5,6,14,5,3026
49.5,6,14,6,3035
49.5,6,14,7,3045
49.5,6,14,8,3054
49.5,6,14,9,3064
49.5,6,14,10,3073
49.5,6,14,11,3082
49.5,6,14,12,3092
49.5,6,14,13,3101
49.5,6,14,14,3110
49.5,6,14,15,3119
49.5,6,15,0,2987
49.5,6,15,1,2997
49.5,6,15,2,3007
49.5,6,15,3,3016
49.5,6,15,4,3026
49.5,6,15,5,3035
49.5,6,15,6,3045
49.5,6,15,7,3054
49.5,6,15,8,3064
49.5,6,15,9,3073
49.5,6,15,10,3082
49.5,6,15,11,3092
49.5,6,15,12,3101
49.5,6,15,13,3110
49.5,6,15,14,3120
49.5,6,15,15,3129
49.5,7,0,0,2858
49.5,7,0,1,2867
49.5,7,0,2,2877
49.5,7,0,3,2886
49.5,7,0,4,2895
49.5,7,0,5,2904
49.5,7,0,6,2913
49.5,7,0,7,2922
49.5,7,0,8,2931
49.5,7,0,9,2940
49.5,7,0,10,2949
49.5,7,0,11,2958
49.5,7,0,12,2967
49.5,7,0,13,2976
49.5,7,0,14,2985
49.5,7,0,15,2993
49.5,7,1,0,2868
49.5,7,1,1,2877
49.5,7,1,2,2886
49.5,7,1,3,2895
49.5,7,1,4,2905
49.5,7,1,5,2914
49.5,7,1,6,2923
49.5,7,1,7,2932
49.5,7,1,8,2941
49.5,7,1,9,2950
49.5,7,1,10,2959
49.5,7,1,11,2968
49.5,7,1,12,2977
49.5,7,1,13,2986
49.5,7,1,14,2995
49.5,7,1,15,3003
49.5,7,2,0,2877
49.5,7,2,1,2887
49.5,7,2,2,2896
49.5,7,2,3,2905
49.5,7,2,4,2914
49.5,7,2,5,2923
49.5,7,2,6,2933
49.5,7,2,7,2942
49.5,7,2,8,2951
49.5,7,2,9,2960
49.5,7,2,10,2969
49.5,7,2,11,2978
49.5,7,2,12,2987
49.5,7,2,13,2996
49.5,7,2,14,3005
49.5,7,2,15,3013
49.5,7,3,0,2887
49.5,7,3,1,2896
49.5,7,3,2,2905
49.5,7,3,3,2915
49.5,7,3,4,2924
49.5,7,3,5,2933
49.5,7,3,6,2942
49.5,7,3,7,2951
49.5,7,3,8,2960
49.5,7,3,9,2970
49.5,7,3,10,2979
49.5,7,3,11,2988
49.5,7,3,12,2997
49.5,7,3,13,3006
49.5,7,3,14,3014
49.5,7,3,15,3023
49.5,7,4,0,2896
49.5,7,4,1,2906
49.5,7,4,2,2915
49.5,7,4,3,2924
49.5,7,4,4,2933
49.5,7,4,5,2943
49.5,7,4,6,2952
49.5,7,4,7,2961
49.5,7,4,8,2970
49.5,7,4,9,2979
49.5,7,4,10,2988
49.5,7,4,11,2997
49.5,7,4,12,3006
49.5,7,4,13,3015
49.5,7,4,14,3024
49.5,7,4,15,3033
49.5,7,5,0,2906
49.5,7,5,1,2915
49.5,7,5,2,2924
49.5,7,5,3,2934
49.5,7,5,4,2943
49.5,7,5,5,2952
49.5,7,5,6,2962
49.5,7,5,7,2971
49.5,7,5,8,2980
49.5,7,5,9,2989
49.5,7,5,10,2998
49.5,7,5,11,3007
49.5,7,5,12,3016
49.5,7,5,13,3025
49.5,7,5,14,3034
49.5,7,5,15,3043
49.5,7,6,0,2915
49.5,7,6,1,2925
49.5,7,6,2,2934
49.5,7,6,3,2943
49.5,7,6,4,2953
49.5,7,6,5,2962
49.5,7,6,6,2971
49.5,7,6,7,2980
49.5,7,6,8,2990
49.5,7,6,9,2999
49.5,7,6,10,3008
49.5,7,6,11,3017
49.5,7,6,12,3026
49.5,7,6,13,3035
49.5,7,6,14,3044
49.5,7,6,15,3053
49.5,7,7,0,2925
49.5,7,7,1,2934
49.5,7,7,2,2943
49.5,7,7,3,2953
49.5,7,7,4,2962
49.5,7,7,5,2971
49.5,7,7,6,2981
49.5,7,7,7,2990
49.5,7,7,8,2999
49.5,7,7,9,3008
49.5,7,7,10,3018
49.5,7,7,11,3027
49.5,7,7,12,3036
49.5,7,7,13,3045
49.5,7,7,14,3054
49.5,7,7,15,3063
49.5,7,8,0,2934
49.5,7,8,1,2943
49.5,7,8,2,2953
49.5,7,8,3,2962
49.5,7,8,4,2972
49.5,7,8,5,2981
49.5,7,8,6,2990
49.5,7,8,7,3000
49.5,7,8,8,3009
49.5,7,8,9,3018
49.5,7,8,10,3027
49.5,7,8,11,3036
49.5,7,8,12,3045
49.5,7,8,13,3055
49.5,7,8,14,3064
49.5,7,8,15,3073
49.5,7,9,0,2943
49.5,7,9,1,2953
49.5,7,9,2,2962
49.5,7,9,3,2972
49.5,7,9,4,2981
49.5,7,9,5,2990
49.5,7,9,6,3000
49.5,7,9,7,3009
49.5,7,9,8,3018
49.5,7,9,9,3028
49.5,7,9,10,3037
49.5,7,9,11,3046
49.5,7,9,12,3055
49.5,7,9,13,3064
49.5,7,9,14,3073
49.5,7,9,15,3082
49.5,7,10,0,2953
49.5,7,10,1,2962
49.5,7,10,2,2972
49.5,7,10,3,2981
49.5,7,10,4,2990
49.5,7,10,5,3000
49.5,7,10,6,3009
49.5,7,10,7,3019
49.5,7,10,8,3028
49.5,7,10,9,3037
49.5,7,10,10,3046
49.5,7,10,11,3056
49.5,7,10,12,3065
49.5,7,10,13,3074
49.5,7,10,14,3083
49.5,7,10,15,3092
49.5,7,11,0,2962
49.5,7,11,1,2971
49.5,7,11,2,2981
49.5,7,11,3,2990
49.5,7,11,4,3000
49.5,7,11,5,3009
49.5,7,11,6,3019
49.5,7,11,7,3028
49.5,7,11,8,3037
49.5,7,11,9,3047
49.5,7,11,10,3056
49.5,7,11,11,3065
49.5,7,11,12,3074
49.5,7,11,13,3084
49.5,7,11,14,3093
49.5,7,11,15,3102
49.5,7,12,0,2971
49.5,7,12,1,2981
49.5,7,12,2,2990
49.5,7,12,3,3000
49.5,7,12,4,3009
49.5,7,12,5,3019
49.5,7,12,6,3028
49.5,7,12,7,3037
49.5,7,12,8,3047
49.5,7,12,9,3056
49.5,7,12,10,3065
49.5,7,12,11,3075
49.5,7,12,12,3084
49.5,7,12,13,3093
49.5,7,12,14,3102
49.5,7,12,15,3112
49.5,7,13,0,2980
49.5,7,13,1,2990
49.5,7,13,2,3000
49.5,7,13,3,3009
49.5,7,13,4,3019
49.5,7,13,5,3028
49.5,7,13,6,3037
49.5,7,13,7,3047
49.5,7,13,8,3056
49.5,7,13,9,3066
49.5,7,13,10,3075
49.5,7,13,11,3084
49.5,7,13,12,3094
49.5,7,13,13,3103
49.5,7,13,14,3112
49.5,7,13,15,3121
49.5,7,14,0,2990
49.5,7,14,1,2999
49.5,7,14,2,3009
49.5,7,14,3,3018
49.5,7,14,4,3028
49.5,7,14,5,3037
49.5,7,14,6,3047
49.5,7,14,7,3056
49.5,7,14,8,3066
49.5,7,14,9,3075
49.5,7,14,10,3084
49.5,7,14,11,3094
49.5,7,14,12,3103
49.5,7,14,13,3112
49.5,7,14,14,3122
49.5,7,14,15,3131
49.5,7,15,0,2999
49.5,7,15,1,3008
49.5,7,15,2,3018
49.5,7,15,3,3028
49.5,7,15,4,3037
49.5,7,15,5,3047
49.5,7,15,6,3056
49.5,7,15,7,3066
49.5,7,15,8,3075
49.5,7,15,9,3085
49.5,7,15,10,3094
49.5,7,15,11,3103
49.5,7,15,12,3113
49.5,7,15,13,3122
49.5,7,15,14,3131
49.5,7,15,15,3140
49.5,8,0,0,2869
49.5,8,0,1,2878
49.5,8,0,2,2887
49.5,8,0,3,2897
49.5,8,0,4,2906
49.5,8,0,5,2915
49.5,8,0,6,2924
49.5,8,0,7,2933
49.5,8,0,8,2942
49.5,8,0,9,2951
49.5,8,0,10,2960
49.5,8,0,11,2969
49.5,8,0,12,2978
49.5,8,0,13,2987
49.5,8,0,14,2996
49.5,8,0,15,3005
49.5,8,1,0,2879
49.5,8,1,1,2888
49.5,8,1,2,2897
49.5,8,1,3,2906
49.5,8,1,4,2915
49.5,8,1,5,2925
49.5,8,1,6,2934
49.5,8,1,7,2943
49.5,8,1,8,2952
49.5,8,1,9,2961
49.5,8,1,10,2970
49.5,8,1,11,2979
49.5,8,1,12,2988
49.5,8,1,13,2997
49.5,8,1,14,3006
49.5,8,1,15,3015
49.5,8,2,0,2888
49.5,8,2,1,2897
49.5,8,2,2,2907
49.5,8,2,3,2916
49.5,8,2,4,2925
49.5,8,2,5,2934
49.5,8,2,6,2943
49.5,8,2,7,2953
49.5,8,2,8,2962
49.5,8,2,9,2971
49.5,8,2,10,2980
49.5,8,2,11,2989
49.5,8,2,12,2998
49.5,8,2,13,3007
49.5,8,2,14,3016
49.5,8,2,15,3025
49.5,8,3,0,2898
49.5,8,3,1,2907
49.5,8,3,2,2916
49.5,8,3,3,2926
49.5,8,3,4,2935
49.5,8,3,5,2944
49.5,8,3,6,2953
49.5,8,3,7,2962
49.5,8,3,8,2971
49.5,8,3,9,2981
49.5,8,3,10,2990
49.5,8,3,11,2999
49.5,8,3,12,3008
49.5,8,3,13,3017
49.5,8,3,14,3026
49.5,8,3,15,3035
49.5,8,4,0,2907
49.5,8,4,1,2917
49.5,8,4,2,2926
49.5,8,4,3,2935
49.5,8,4,4,2944
49.5,8,4,5,2954
49.5,8,4,6,2963
49.5,8,4,7,2972
49.5,8,4,8,2981
49.5,8,4,9,2990
49.5,8,4,10,2999
49.5,8,4,11,3009
49.5,8,4,12,3018
49.5,8,4,13,3027
49.5,8,4,14,3036
49.5,8,4,15,3045
49.5,8,5,0,2917
49.5,8,5,1,2926
49.5,8,5,2,2935
49.5,8,5,3,2945
49.5,8,5,4,2954
49.5,8,5,5,2963
49.5,8,5,6,2973
49.5,8,5,7,2982
49.5,8,5,8,2991
49.5,8,5,9,3000
49.5,8,5,10,3009
49.5,8,5,11,3018
49.5,8,5,12,3027
49.5,8,5,13,3037
49.5,8,5,14,3046
49.5,8,5,15,3055
49.5,8,6,0,2926
49.5,8,6,1,2936
49.5,8,6,2,2945
49.5,8,6,3,2954
49.5,8,6,4,2964
49.5,8,6,5,2973
49.5,8,6,6,2982
49.5,8,6,7,2991
49.5,8,6,8,3001
49.5,8,6,9,3010
49.5,8,6,10,3019
49.5,8,6,11,3028
49.5,8,6,12,3037
49.5,8,6,13,3046
49.5,8,6,14,3055
49.5,8,6,15,3064
49.5,8,7,0,2936
49.5,8,7,1,2945
49.5,8,7,2,2954
49.5,8,7,3,2964
49.5,8,7,4,2973
49.5,8,7,5,2983
49.5,8,7,6,2992
49.5,8,7,7,3001
49.5,8,7,8,3010
49.5,8,7,9,3020
49.5,8,7,10,3029
49.5,8,7,11,3038
49.5,8,7,12,3047
49.5,8,7,13,3056
49.5,8,7,14,3065
49.5,8,7,15,3074
49.5,8,8,0,2945
49.5,8,8,1,2954
49.5,8,8,2,2964
49.5,8,8,3,2973
49.5,8,8,4,2983
49.5,8,8,5,2992
49.5,8,8,6,3001
49.5,8,8,7,3011
49.5,8,8,8,3020
49.5,8,8,9,3029
49.5,8,8,10,3038
49.5,8,8,11,3048
49.5,8,8,12,3057
49.5,8,8,13,3066
49.5,8,8,14,3075
49.5,8,8,15,3084
49.5,8,9,0,2954
49.5,8,9,1,2964
49.5,8,9,2,2973
49.5,8,9,3,2983
49.5,8,9,4,2992
49.5,8,9,5,3002
49.5,8,9,6,3011
49.5,8,9,7,3020
49.5,8,9,8,3030
49.5,8,9,9,3039
49.5,8,9,10,3048
49.5,8,9,11,3057
49.5,8,9,12,3067
49.5,8,9,13,3076
49.5,8,9,14,3085
49.5,8,9,15,3094
49.5,8,10,0,2964
49.5,8,10,1,2973
49.5,8,10,2,2983
49.5,8,10,3,2992
49.5,8,10,4,3002
49.5,8,10,5,3011
49.5,8,10,6,3020
49.5,8,10,7,3030
49.5,8,10,8,3039
49.5,8,10,9,3048
49.5,8,10,10,3058
49.5,8,10,11,3067
49.5,8,10,12,3076
49.5,8,10,13,3085
49.5,8,10,14,3095
49.5,8,10,15,3104
49.5,8,11,0,2973
49.5,8,11,1,2983
49.5,8,11,2,2992
49.5,8,11,3,3002
49.5,8,11,4,3011
49.5,8,11,5,3021
49.5,8,11,6,3030
49.5,8,11,7,3039
49.5,8,11,8,3049
49.5,8,11,9,3058
49.5,8,11,10,3067
49.5,8,11,11,3077
49.5,8,11,12,3086
49.5,8,11,13,3095
49.5,8,11,14,3104
49.5,8,11,15,3113
49.5,8,12,0,2982
49.5,8,12,1,2992
49.5,8,12,2,3001
49.5,8,12,3,3011
49.5,8,12,4,3020
49.5,8,12,5,3030
49.5,8,12,6,3039
49.5,8,12,7,3049
49.5,8,12,8,3058
49.5,8,12,9,3068
49.5,8,12,10,3077
49.5,8,12,11,3086
49.5,8,12,12,3096
49.5,8,12,13,3105
49.5,8,12,14,3114
49.5,8,12,15,3123
49.5,8,13,0,2991
49.5,8,13,1,3001
49.5,8,13,2,3011
49.5,8,13,3,3020
49.5,8,13,4,3030
49.5,8,13,5,3039
49.5,8,13,6,3049
49.5,8,13,7,3058
49.5,8,13,8,3068
49.5,8,13,9,3077
49.5,8,13,10,3086
49.5,8,13,11,3096
49.5,8,13,12,3105
49.5,8,13,13,3114
49.5,8,13,14,3124
49.5,8,13,15,3133
49.5,8,14,0,3001
49.5,8,14,1,3010
49.5,8,14,2,3020
49.5,8,14,3,3030
49.5,8,14,4,3039
49.5,8,14,5,3049
49.5,8,14,6,3058
49.5,8,14,7,3068
49.5,8,14,8,3077
49.5,8,14,9,3087
49.5,8,14,10,3096
49.5,8,14,11,3105
49.5,8,14,12,3115
49.5,8,14,13,3124
49.5,8,14,14,3133
49.5,8,14,15,3143
49.5,8,15,0,3010
49.5,8,15,1,3020
49.5,8,15,2,3029
49.5,8,15,3,3039
49.5,8,15,4,3048
49.5,8,15,5,3058
49.5,8,15,6,3068
49.5,8,15,7,3077
49.5,8,15,8,3087
49.5,8,15,9,3096
49.5,8,15,10,3105
49.5,8,15,11,3115
49.5,8,15,12,3124
49.5,8,15,13,3134
49.5,8,15,14,3143
49.5,8,15,15,3152
49.5,9,0,0,2880
49.5,9,0,1,2889
49.5,9,0,2,2898
49.5,9,0,3,2907
49.5,9,0,4,2916
49.5,9,0,5,2926
49.5,9,0,6,2935
49.5,9,0,7,2944
49.5,9,0,8,2953
49.5,9,0,9,2962
49.5,9,0,10,2971
49.5,9,0,11,2980
49.5,9,0,12,2989
49.5,9,0,13,2998
49.5,9,0,14,3007
49.5,9,0,15,3016
49.5,9,1,0,2889
49.5,9,1,1,2899
49.5,9,1,2,2908
49.5,9,1,3,2917
49.5,9,1,4,2926
49.5,9,1,5,2935
49.5,9,1,6,2945
49.5,9,1,7,2954
49.5,9,1,8,2963
49.5,9,1,9,2972
49.5,9,1,10,2981
49.5,9,1,11,2990
49.5,9,1,12,2999
49.5,9,1,13,3008
49.5,9,1,14,3017
49.5,9,1,15,3026
49.5,9,2,0,2899
49.5,9,2,1,2908
49.5,9,2,2,2917
49.5,9,2,3,2927
49.5,9,2,4,2936
49.5,9,2,5,2945
49.5,9,2,6,2954
49.5,9,2,7,2964
49.5,9,2,8,2973
49.5,9,2,9,2982
49.5,9,2,10,2991
49.5,9,2,11,3000
49.5,9,2,12,3009
49.5,9,2,13,3018
49.5,9,2,14,3027
49.5,9,2,15,3036
49.5,9,3,0,2908
49.5,9,3,1,2918
49.5,9,3,2,2927
49.5,9,3,3,2936
49.5,9,3,4,2946
49.5,9,3,5,2955
49.5,9,3,6,2964
49.5,9,3,7,2973
49.5,9,3,8,2983
49.5,9,3,9,2992
49.5,9,3,10,3001
49.5,9,3,11,3010
49.5,9,3,12,3019
49.5,9,3,13,3028
49.5,9,3,14,3037
49.5,9,3,15,3046
49.5,9,4,0,2918
49.5,9,4,1,2927
49.5,9,4,2,2937
49.5,9,4,3,2946
49.5,9,4,4,2955
49.5,9,4,5,2965
49.5,9,4,6,2974
49.5,9,4,7,2983
49.5,9,4,8,2992
49.5,9,4,9,3002
49.5,9,4,10,3011
49.5,9,4,11,3020
49.5,9,4,12,3029
49.5,9,4,13,3038
49.5,9,4,14,3047
49.5,9,4,15,3056
49.5,9,5,0,2927
49.5,9,5,1,2937
49.5,9,5,2,2946
49.5,9,5,3,2956
49.5,9,5,4,2965
49.5,9,5,5,2974
49.5,9,5,6,2984
49.5,9,5,7,2993
49.5,9,5,8,3002
49.5,9,5,9,3011
49.5,9,5,10,3020
49.5,9,5,11,3030
49.5,9,5,12,3039
49.5,9,5,13,3048
49.5,9,5,14,3057
49.5,9,5,15,3066
49.5,9,6,0,2937
49.5,9,6,1,2946
49.5,9,6,2,2956
49.5,9,6,3,2965
49.5,9,6,4,2975
49.5,9,6,5,2984
49.5,9,6,6,2993
49.5,9,6,7,3003
49.5,9,6,8,3012
49.5,9,6,9,3021
49.5,9,6,10,3030
49.5,9,6,11,3039
49.5,9,6,12,3049
49.5,9,6,13,3058
49.5,9,6,14,3067
49.5,9,6,15,3076
49.5,9,7,0,2946
49.5,9,7,1,2956
49.5,9,7,2,2965
49.5,9,7,3,2975
49.5,9,7,4,2984
49.5,9,7,5,2994
49.5,9,7,6,3003
49.5,9,7,7,3012
49.5,9,7,8,3022
49.5,9,7,9,3031
49.5,9,7,10,3040
49.5,9,7,11,3049
49.5,9,7,12,3058
49.5,9,7,13,3068
49.5,9,7,14,3077
49.5,9,7,15,3086
49.5,9,8,0,2956
49.5,9,8,1,2965
49.5,9,8,2,2975
49.5,9,8,3,2984
49.5,9,8,4,2994
49.5,9,8,5,3003
49.5,9,8,6,3013
49.5,9,8,7,3022
49.5,9,8,8,3031
49.5,9,8,9,3040
49.5,9,8,10,3050
49.5,9,8,11,3059
49.5,9,8,12,3068
49.5,9,8,13,3077
49.5,9,8,14,3087
49.5,9,8,15,3096
49.5,9,9,0,2965
49.5,9,9,1,2975
49.5,9,9,2,2984
49.5,9,9,3,2994
49.5,9,9,4,3003
49.5,9,9,5,3013
49.5,9,9,6,3022
49.5,9,9,7,3032
49.5,9,9,8,3041
49.5,9,9,9,3050
49.5,9,9,10,3059
49.5,9,9,11,3069
49.5,9,9,12,3078
49.5,9,9,13,3087
49.5,9,9,14,3096
49.5,9,9,15,3105
49.5,9,10,0,2975
49.5,9,10,1,2984
49.5,9,10,2,2994
49.5,9,10,3,3003
49.5,9,10,4,3013
49.5,9,10,5,3022
49.5,9,10,6,3032
49.5,9,10,7,3041
49.5,9,10,8,3050
49.5,9,10,9,3060
49.5,9,10,10,3069
49.5,9,10,11,3078
49.5,9,10,12,3088
49.5,9,10,13,3097
49.5,9,10,14,3106
49.5,9,10,15,3115
49.5,9,11,0,2984
49.5,9,11,1,2994
49.5,9,11,2,3003
49.5,9,11,3,3013
49.5,9,11,4,3022
49.5,9,11,5,3032
49.5,9,11,6,3041
49.5,9,11,7,3051
49.5,9,11,8,3060
49.5,9,11,9,3069
49.5,9,11,10,3079
49.5,9,11,11,3088
49.5,9,11,12,3097
49.5,9,11,13,3107
49.5,9,11,14,3116
49.5,9,11,15,3125
49.5,9,12,0,2993
49.5,9,12,1,3003
49.5,9,12,2,3013
49.5,9,12,3,3022
49.5,9,12,4,3032
49.5,9,12,5,3041
49.5,9,12,6,3051
49.5,9,12,7,3060
49.5,9,12,8,3070
49.5,9,12,9,3079
49.5,9,12,10,3088
49.5,9,12,11,3098
49.5,9,12,12,3107
49.5,9,12,13,3116
49.5,9,12,14,3126
49.5,9,12,15,3135
49.5,9,13,0,3003
49.5,9,13,1,3012
49.5,9,13,2,3022
49.5,9,13,3,3032
49.5,9,13,4,3041
49.5,9,13,5,3051
49.5,9,13,6,3060
49.5,9,13,7,3070
49.5,9,13,8,3079
49.5,9,13,9,3089
49.5,9,13,10,3098
49.5,9,13,11,3107
49.5,9,13,12,3117
49.5,9,13,13,3126
49.5,9,13,14,3135
49.5,9,13,15,3145
49.5,9,14,0,3012
49.5,9,14,1,3022
49.5,9,14,2,3031
49.5,9,14,3,3041
49.5,9,14,4,3050
49.5,9,14,5,3060
49.5,9,14,6,3070
49.5,9,14,7,3079
49.5,9,14,8,3089
49.5,9,14,9,3098
49.5,9,14,10,3107
49.5,9,14,11,3117
49.5,9,14,12,3126
49.5,9,14,13,3136
49.5,9,14,14,3145
49.5,9,14,15,3154
49.5,9,15,0,3021
49.5,9,15,1,3031
49.5,9,15,2,3040
49.5,9,15,3,3050
49.5,9,15,4,3060
49.5,9,15,5,3069
49.5,9,15,6,3079
49.5,9,15,7,3089
49.5,9,15,8,3098
49.5,9,15,9,3108
49.5,9,15,10,3117
49.5,9,15,11,3126
49.5,9,15,12,3136
49.5,9,15,13,3145
49.5,9,15,14,3155
49.5,9,15,15,3164
49.5,10,0,0,2890
49.5,10,0,1,2900
49.5,10,0,2,2909
49.5,10,0,3,2918
49.5,10,0,4,2927
49.5,10,0,5,2936
49.5,10,0,6,2946
49.5,10,0,7,2955
49.5,10,0,8,2964
49.5,10,0,9,2973
49.5,10,0,10,2982
49.5,10,0,11,2991
49.5,10,0,12,3000
49.5,10,0,13,3009
49.5,10,0,14,3018
49.5,10,0,15,3027
49.5,10,1,0,2900
49.5,10,1,1,2909
49.5,10,1,2,2919
49.5,10,1,3,2928
49.5,10,1,4,2937
49.5,10,1,5,2946
49.5,10,1,6,2956
49.5,10,1,7,2965
49.5,10,1,8,2974
49.5,10,1,9,2983
49.5,10,1,10,2992
49.5,10,1,11,3001
49.5,10,1,12,3010
49.5,10,1,13,3019
49.5,10,1,14,3028
49.5,10,1,15,3037
49.5,10,2,0,2910
49.5,10,2,1,2919
49.5,10,2,2,2928
49.5,10,2,3,2938
49.5,10,2,4,2947
49.5,10,2,5,2956
49.5,10,2,6,2965
49.5,10,2,7,2975
49.5,10,2,8,2984
49.5,10,2,9,2993
49.5,10,2,10,3002
49.5,10,2,11,3011
49.5,10,2,12,3020
49.5,10,2,13,3029
49.5,10,2,14,3038
49.5,10,2,15,3047
49.5,10,3,0,2919
49.5,10,3,1,2929
49.5,10,3,2,2938
49.5,10,3,3,2947
49.5,10,3,4,2957
49.5,10,3,5,2966
49.5,10,3,6,2975
49.5,10,3,7,2984
49.5,10,3,8,2994
49.5,10,3,9,3003
49.5,10,3,10,3012
49.5,10,3,11,3021
49.5,10,3,12,3030
49.5,10,3,13,3039
49.5,10,3,14,3048
49.5,10,3,15,3057
49.5,10,4,0,2929
49.5,10,4,1,2938
49.5,10,4,2,2948
49.5,10,4,3,2957
49.5,10,4,4,2966
49.5,10,4,5,2976
49.5,10,4,6,2985
49.5,10,4,7,2994
49.5,10,4,8,3003
49.5,10,4,9,3013
49.5,10,4,10,3022
49.5,10,4,11,3031
49.5,10,4,12,3040
49.5,10,4,13,3049
49.5,10,4,14,3058
49.5,10,4,15,3067
49.5,10,5,0,2938
49.5,10,5,1,2948
49.5,10,5,2,2957
49.5,10,5,3,2967
49.5,10,5,4,2976
49.5,10,5,5,2985
49.5,10,5,6,2995
49.5,10,5,7,3004
49.5,10,5,8,3013
49.5,10,5,9,3022
49.5,10,5,10,3032
49.5,10,5,11,3041
49.5,10,5,12,3050
49.5,10,5,13,3059
49.5,10,5,14,3068
49.5,10,5,15,3077
49.5,10,6,0,2948
49.5,10,6,1,2957
49.5,10,6,2,2967
49.5,10,6,3,2976
49.5,10,6,4,2986
49.5,10,6,5,2995
49.5,10,6,6,3004
49.5,10,6,7,3014
49.5,10,6,8,3023
49.5,10,6,9,3032
49.5,10,6,10,3041
49.5,10,6,11,3051
49.5,10,6,12,3060
49.5,10,6,13,3069
49.5,10,6,14,3078
49.5,10,6,15,3087
49.5,10,7,0,2957
49.5,10,7,1,2967
49.5,10,7,2,2976
49.5,10,7,3,2986
49.5,10,7,4,2995
49.5,10,7,5,3005
49.5,10,7,6,3014
49.5,10,7,7,3023
49.5,10,7,8,3033
49.5,10,7,9,3042
49.5,10,7,10,3051
49.5,10,7,11,3061
49.5,10,7,12,3070
49.5,10,7,13,3079
49.5,10,7,14,3088
49.5,10,7,15,3097
49.5,10,8,0,2967
49.5,10,8,1,2976
49.5,10,8,2,2986
49.5,10,8,3,2995
49.5,10,8,4,3005
49.5,10,8,5,3014
49.5,10,8,6,3024
49.5,10,8,7,3033
49.5,10,8,8,3042
49.5,10,8,9,3052
49.5,10,8,10,3061
49.5,10,8,11,3070
49.5,10,8,12,3080
49.5,10,8,13,3089
49.5,10,8,14,3098
49.5,10,8,15,3107
49.5,10,9,0,2976
49.5,10,9,1,2986
49.5,10,9,2,2995
49.5,10,9,3,3005
49.5,10,9,4,3014
49.5,10,9,5,3024
49.5,10,9,6,3033
49.5,10,9,7,3043
49.5,10,9,8,3052
49.5,10,9,9,3061
49.5,10,9,10,3071
49.5,10,9,11,3080
49.5,10,9,12,3089
49.5,10,9,13,3099
49.5,10,9,14,3108
49.5,10,9,15,3117
49.5,10,10,0,2986
49.5,10,10,1,2995
49.5,10,10,2,3005
49.5,10,10,3,3014
49.5,10,10,4,3024
49.5,10,10,5,3033
49.5,10,10,6,3043
49.5,10,10,7,3052
49.5,10,10,8,3062
49.5,10,10,9,3071
49.5,10,10,10,3080
49.5,10,10,11,3090
49.5,10,10,12,3099
49.5,10,10,13,3108
49.5,10,10,14,3118
49.5,10,10,15,3127
49.5,10,11,0,2995
49.5,10,11,1,3005
49.5,10,11,2,3014
49.5,10,11,3,3024
49.5,10,11,4,3033
49.5,10,11,5,3043
49.5,10,11,6,3052
49.5,10,11,7,3062
49.5,10,11,8,3071
49.5,10,11,9,3081
49.5,10,11,10,3090
49.5,10,11,11,3100
49.5,10,11,12,3109
49.5,10,11,13,3118
49.5,10,11,14,3127
49.5,10,11,15,3137
49.5,10,12,0,3004
49.5,10,12,1,3014
49.5,10,12,2,3024
49.5,10,12,3,3033
49.5,10,12,4,3043
49.5,10,12,5,3052
49.5,10,12,6,3062
49.5,10,12,7,3071
49.5,10,12,8,3081
49.5,10,12,9,3090
49.5,10,12,10,3100
49.5,10,12,11,3109
49.5,10,12,12,3119
49.5,10,12,13,3128
49.5,10,12,14,3137
49.5,10,12,15,3146
49.5,10,13,0,3014
49.5,10,13,1,3023
49.5,10,13,2,3033
49.5,10,13,3,3043
49.5,10,13,4,3052
49.5,10,13,5,3062
49.5,10,13,6,3071
49.5,10,13,7,3081
49.5,10,13,8,3091
49.5,10,13,9,3100
49.5,10,13,10,3109
49.5,10,13,11,3119
49.5,10,13,12,3128
49.5,10,13,13,3138
49.5,10,13,14,3147
49.5,10,13,15,3156
49.5,10,14,0,3023
49.5,10,14,1,3033
49.5,10,14,2,3042
49.5,10,14,3,3052
49.5,10,14,4,3062
49.5,10,14,5,3071
49.5,10,14,6,3081
49.5,10,14,7,3091
49.5,10,14,8,3100
49.5,10,14,9,3110
49.5,10,14,10,3119
49.5,10,14,11,3128
49.5,10,14,12,3138
49.5,10,14,13,3147
49.5,10,14,14,3157
49.5,10,14,15,3166
49.5,10,15,0,3032
49.5,10,15,1,3042
49.5,10,15,2,3052
49.5,10,15,3,3061
49.5,10,15,4,3071
49.5,10,15,5,3081
49.5,10,15,6,3090
49.5,10,15,7,3100
49.5,10,15,8,3110
49.5,10,15,9,3119
49.5,10,15,10,3129
49.5,10,15,11,3138
49.5,10,15,12,3147
49.5,10,15,13,3157
49.5,10,15,14,3166
49.5,10,15,15,3176
49.5,11,0,0,2901
49.5,11,0,1,2910
49.5,11,0,2,2920
49.5,11,0,3,2929
49.5,11,0,4,2938
49.5,11,0,5,2947
49.5,11,0,6,2957
49.5,11,0,7,2966
49.5,11,0,8,2975
49.5,11,0,9,2984
49.5,11,0,10,2993
49.5,11,0,11,3002
49.5,11,0,12,3011
49.5,11,0,13,3020
49.5,11,0,14,3029
49.5,11,0,15,3038
49.5,11,1,0,2911
49.5,11,1,1,2920
49.5,11,1,2,2929
49.5,11,1,3,2939
49.5,11,1,4,2948
49.5,11,1,5,2957
49.5,11,1,6,2966
49.5,11,1,7,2976
49.5,11,1,8,2985
49.5,11,1,9,2994
49.5,11,1,10,3003
49.5,11,1,11,3012
49.5,11,1,12,3021
49.5,11,1,13,3030
49.5,11,1,14,3039
49.5,11,1,15,3048
49.5,11,2,0,2920
49.5,11,2,1,2930
49.5,11,2,2,2939
49.5,11,2,3,2948
49.5,11,2,4,2958
49.5,11,2,5,2967
49.5,11,2,6,2976
49.5,11,2,7,2986
49.5,11,2,8,2995
49.5,11,2,9,3004
49.5,11,2,10,3013
49.5,11,2,11,3022
49.5,11,2,12,3031
49.5,11,2,13,3040
49.5,11,2,14,3049
49.5,11,2,15,3058
49.5,11,3,0,2930
49.5,11,3,1,2939
49.5,11,3,2,2949
49.5,11,3,3,2958
49.5,11,3,4,2968
49.5,11,3,5,2977
49.5,11,3,6,2986
49.5,11,3,7,2995
49.5,11,3,8,3005
49.5,11,3,9,3014
49.5,11,3,10,3023
49.5,11,3,11,3032
49.5,11,3,12,3041
49.5,11,3,13,3050
49.5,11,3,14,3059
49.5,11,3,15,3068
49.5,11,4,0,2940
49.5,11,4,1,2949
49.5,11,4,2,2959
49.5,11,4,3,2968
49.5,11,4,4,2977
49.5,11,4,5,2987
49.5,11,4,6,2996
49.5,11,4,7,3005
49.5,11,4,8,3015
49.5,11,4,9,3024
49.5,11,4,10,3033
49.5,11,4,11,3042
49.5,11,4,12,3051
49.5,11,4,13,3060
49.5,11,4,14,3070
49.5,11,4,15,3079
49.5,11,5,0,2949
49.5,11,5,1,2959
49.5,11,5,2,2968
49.5,11,5,3,2978
49.5,11,5,4,2987
49.5,11,5,5,2996
49.5,11,5,6,3006
49.5,11,5,7,3015
49.5,11,5,8,3024
49.5,11,5,9,3034
49.5,11,5,10,3043
49.5,11,5,11,3052
49.5,11,5,12,3061
49.5,11,5,13,3070
49.5,11,5,14,3080
49.5,11,5,15,3089
49.5,11,6,0,2959
49.5,11,6,1,2968
49.5,11,6,2,2978
49.5,11,6,3,2987
49.5,11,6,4,2997
49.5,11,6,5,3006
49.5,11,6,6,3015
49.5,11,6,7,3025
49.5,11,6,8,3034
49.5,11,6,9,3043
49.5,11,6,10,3053
49.5,11,6,11,3062
49.5,11,6,12,3071
49.5,11,6,13,3080
49.5,11,6,14,3090
49.5,11,6,15,3099
49.5,11,7,0,2968
49.5,11,7,1,2978
49.5,11,7,2,2987
49.5,11,7,3,2997
49.5,11,7,4,3006
49.5,11,7,5,3016
49.5,11,7,6,3025
49.5,11,7,7,3035
49.5,11,7,8,3044
49.5,11,7,9,3053
49.5,11,7,10,3063
49.5,11,7,11,3072
49.5,11,7,12,3081
49.5,11,7,13,3090
49.5,11,7,14,3099
49.5,11,7,15,3109
49.5,11,8,0,2978
49.5,11,8,1,2987
49.5,11,8,2,2997
49.5,11,8,3,3006
49.5,11,8,4,3016
49.5,11,8,5,3025
49.5,11,8,6,3035
49.5,11,8,7,3044
49.5,11,8,8,3054
49.5,11,8,9,3063
49.5,11,8,10,3072
49.5,11,8,11,3082
49.5,11,8,12,3091
49.5,11,8,13,3100
49.5,11,8,14,3109
49.5,11,8,15,3119
49.5,11,9,0,2987
49.5,11,9,1,2997
49.5,11,9,2,3006
49.5,11,9,3,3016
49.5,11,9,4,3026
49.5,11,9,5,3035
49.5,11,9,6,3045
49.5,11,9,7,3054
49.5,11,9,8,3063
49.5,11,9,9,3073
49.5,11,9,10,3082
49.5,11,9,11,3091
49.5,11,9,12,3101
49.5,11,9,13,3110
49.5,11,9,14,3119
49.5,11,9,15,3128
49.5,11,10,0,2997
49.5,11,10,1,3006
49.5,11,10,2,3016
49.5,11,10,3,3026
49.5,11,10,4,3035
49.5,11,10,5,3045
49.5,11,10,6,3054
49.5,11,10,7,3064
49.5,11,10,8,3073
49.5,11,10,9,3082
49.5,11,10,10,3092
49.5,11,10,11,3101
49.5,11,10,12,3111
49.5,11,10,13,3120
49.5,11,10,14,3129
49.5,11,10,15,3138
49.5,11,11,0,3006
49.5,11,11,1,3016
49.5,11,11,2,3025
49.5,11,11,3,3035
49.5,11,11,4,3045
49.5,11,11,5,3054
49.5,11,11,6,3064
49.5,11,11,7,3073
49.5,11,11,8,3083
49.5,11,11,9,3092
49.5,11,11,10,3102
49.5,11,11,11,3111
49.5,11,11,12,3120
49.5,11,11,13,3130
49.5,11,11,14,3139
49.5,11,11,15,3148
49.5,11,12,0,3015
49.5,11,12,1,3025
49.5,11,12,2,3035
49.5,11,12,3,3045
49.5,11,12,4,3054
49.5,11,12,5,3064
49.5,11,12,6,3073
49.5,11,12,7,3083
49.5,11,12,8,3092
49.5,11,12,9,3102
49.5,11,12,10,3111
49.5,11,12,11,3121
49.5,11,12,12,3130
49.5,11,12,13,3139
49.5,11,12,14,3149
49.5,11,12,15,3158
49.5,11,13,0,3025
49.5,11,13,1,3035
49.5,11,13,2,3044
49.5,11,13,3,3054
49.5,11,13,4,3064
49.5,11,13,5,3073
49.5,11,13,6,3083
49.5,11,13,7,3092
49.5,11,13,8,3102
49.5,11,13,9,3111
49.5,11,13,10,3121
49.5,11,13,11,3130
49.5,11,13,12,3140
49.5,11,13,13,3149
49.5,11,13,14,3159
49.5,11,13,15,3168
49.5,11,14,0,3034
49.5,11,14,1,3044
49.5,11,14,2,3054
49.5,11,14,3,3063
49.5,11,14,4,3073
49.5,11,14,5,3083
49.5,11,14,6,3092
49.5,11,14,7,3102
49.5,11,14,8,3111
49.5,11,14,9,3121
49.5,11,14,10,3131
49.5,11,14,11,3140
49.5,11,14,12,3149
49.5,11,14,13,3159
49.5,11,14,14,3168
49.5,11,14,15,3178
49.5,11,15,0,3043
49.5,11,15,1,3053
49.5,11,15,2,3063
49.5,11,15,3,3073
49.5,11,15,4,3082
49.5,11,15,5,3092
49.5,11,15,6,3102
49.5,11,15,7,3111
49.5,11,15,8,3121
49.5,11,15,9,3131
49.5,11,15,10,3140
49.5,11,15,11,3150
49.5,11,15,12,3159
49.5,11,15,13,3169
49.5,11,15,14,3178
49.5,11,15,15,3187
49.5,12,0,0,2912
49.5,12,0,1,2921
49.5,12,0,2,2930
49.5,12,0,3,2940
49.5,12,0,4,2949
49.5,12,0,5,2958
49.5,12,0,6,2967
49.5,12,0,7,2977
49.5,12,0,8,2986
49.5,12,0,9,2995
49.5,12,0,10,3004
49.5,12,0,11,3013
49.5,12,0,12,3022
49.5,12,0,13,3031
49.5,12,0,14,3040
49.5,12,0,15,3049
49.5,12,1,0,2921
49.5,12,1,1,2931
49.5,12,1,2,2940
49.5,12,1,3,2949
49.5,12,1,4,2959
49.5,12,1,5,2968
49.5,12,1,6,2977
49.5,12,1,7,2987
49.5,12,1,8,2996
49.5,12,1,9,3005
49.5,12,1,10,3014
49.5,12,1,11,3023
49.5,12,1,12,3032
49.5,12,1,13,3041
49.5,12,1,14,3050
49.5,12,1,15,3059
49.5,12,2,0,2931
49.5,12,2,1,2940
49.5,12,2,2,2950
49.5,12,2,3,2959
49.5,12,2,4,2969
49.5,12,2,5,2978
49.5,12,2,6,2987
49.5,12,2,7,2997
49.5,12,2,8,3006
49.5,12,2,9,3015
49.5,12,2,10,3024
49.5,12,2,11,3033
49.5,12,2,12,3042
49.5,12,2,13,3052
49.5,12,2,14,3061
49.5,12,2,15,3070
49.5,12,3,0,2941
49.5,12,3,1,2950
49.5,12,3,2,2960
49.5,12,3,3,2969
49.5,12,3,4,2978
49.5,12,3,5,2988
49.5,12,3,6,2997
49.5,12,3,7,3006
49.5,12,3,8,3016
49.5,12,3,9,3025
49.5,12,3,10,3034
49.5,12,3,11,3043
49.5,12,3,12,3052
49.5,12,3,13,3062
49.5,12,3,14,3071
49.5,12,3,15,3080
49.5,12,4,0,2950
49.5,12,4,1,2960
49.5,12,4,2,2969
49.5,12,4,3,2979
49.5,12,4,4,2988
49.5,12,4,5,2998
49.5,12,4,6,3007
49.5,12,4,7,3016
49.5,12,4,8,3026
49.5,12,4,9,3035
49.5,12,4,10,3044
49.5,12,4,11,3053
49.5,12,4,12,3063
49.5,12,4,13,3072
49.5,12,4,14,3081
49.5,12,4,15,3090
49.5,12,5,0,2960
49.5,12,5,1,2970
49.5,12,5,2,2979
49.5,12,5,3,2989
49.5,12,5,4,2998
49.5,12,5,5,3007
49.5,12,5,6,3017
49.5,12,5,7,3026
49.5,12,5,8,3035
49.5,12,5,9,3045
49.5,12,5,10,3054
49.5,12,5,11,3063
49.5,12,5,12,3072
49.5,12,5,13,3082
49.5,12,5,14,3091
49.5,12,5,15,3100
49.5,12,6,0,2970
49.5,12,6,1,2979
49.5,12,6,2,2989
49.5,12,6,3,2998
49.5,12,6,4,3008
49.5,12,6,5,3017
49.5,12,6,6,3027
49.5,12,6,7,3036
49.5,12,6,8,3045
49.5,12,6,9,3055
49.5,12,6,10,3064
49.5,12,6,11,3073
49.5,12,6,12,3082
49.5,12,6,13,3092
49.5,12,6,14,3101
49.5,12,6,15,3110
49.5,12,7,0,2979
49.5,12,7,1,2989
49.5,12,7,2,2998
49.5,12,7,3,3008
49.5,12,7,4,3017
49.5,12,7,5,3027
49.5,12,7,6,3036
49.5,12,7,7,3046
49.5,12,7,8,3055
49.5,12,7,9,3064
49.5,12,7,10,3074
49.5,12,7,11,3083
49.5,12,7,12,3092
49.5,12,7,13,3102
49.5,12,7,14,3111
49.5,12,7,15,3120
49.5,12,8,0,2989
49.5,12,8,1,2998
49.5,12,8,2,3008
49.5,12,8,3,3018
49.5,12,8,4,3027
49.5,12,8,5,3037
49.5,12,8,6,3046
49.5,12,8,7,3055
49.5,12,8,8,3065
49.5,12,8,9,3074
49.5,12,8,10,3084
49.5,12,8,11,3093
49.5,12,8,12,3102
49.5,12,8,13,3112
49.5,12,8,14,3121
49.5,12,8,15,3130
49.5,12,9,0,2998
49.5,12,9,1,3008
49.5,12,9,2,3018
49.5,12,9,3,3027
49.5,12,9,4,3037
49.5,12,9,5,3046
49.5,12,9,6,3056
49.5,12,9,7,3065
49.5,12,9,8,3075
49.5,12,9,9,3084
49.5,12,9,10,3093
49.5,12,9,11,3103
49.5,12,9,12,3112
49.5,12,9,13,3121
49.5,12,9,14,3131
49.5,12,9,15,3140
49.5,12,10,0,3008
49.5,12,10,1,3017
49.5,12,10,2,3027
49.5,12,10,3,3037
49.5,12,10,4,3046
49.5,12,10,5,3056
49.5,12,10,6,3065
49.5,12,10,7,3075
49.5,12,10,8,3084
49.5,12,10,9,3094
49.5,12,10,10,3103
49.5,12,10,11,3113
49.5,12,10,12,3122
49.5,12,10,13,3131
49.5,12,10,14,3141
49.5,12,10,15,3150
49.5,12,11,0,3017
49.5,12,11,1,3027
49.5,12,11,2,3037
49.5,12,11,3,3046
49.5,12,11,4,3056
49.5,12,11,5,3065
49.5,12,11,6,3075
49.5,12,11,7,3085
49.5,12,11,8,3094
49.5,12,11,9,3104
49.5,12,11,10,3113
49.5,12,11,11,3122
49.5,12,11,12,3132
49.5,12,11,13,3141
49.5,12,11,14,3150
49.5,12,11,15,3160
49.5,12,12,0,3027
49.5,12,12,1,3036
49.5,12,12,2,3046
49.5,12,12,3,3056
49.5,12,12,4,3065
49.5,12,12,5,3075
49.5,12,12,6,3085
49.5,12,12,7,3094
49.5,12,12,8,3104
49.5,12,12,9,3113
49.5,12,12,10,3123
49.5,12,12,11,3132
49.5,12,12,12,3142
49.5,12,12,13,3151
49.5,12,12,14,3160
49.5,12,12,15,3170
49.5,12,13,0,3036
49.5,12,13,1,3046
49.5,12,13,2,3055
49.5,12,13,3,3065
49.5,12,13,4,3075
49.5,12,13,5,3085
49.5,12,13,6,3094
49.5,12,13,7,3104
49.5,12,13,8,3113
49.5,12,13,9,3123
49.5,12,13,10,3132
49.5,12,13,11,3142
49.5,12,13,12,3151
49.5,12,13,13,3161
49.5,12,13,14,3170
49.5,12,13,15,3179
49.5,12,14,0,3045
49.5,12,14,1,3055
49.5,12,14,2,3065
49.5,12,14,3,3075
49.5,12,14,4,3084
49.5,12,14,5,3094
49.5,12,14,6,3104
49.5,12,14,7,3113
49.5,12,14,8,3123
49.5,12,14,9,3132
49.5,12,14,10,3142
49.5,12,14,11,3152
49.5,12,14,12,3161
49.5,12,14,13,3170
49.5,12,14,14,3180
49.5,12,14,15,3189
49.5,12,15,0,3055
49.5,12,15,1,3064
49.5,12,15,2,3074
49.5,12,15,3,3084
49.5,12,15,4,3094
49.5,12,15,5,3104
49.5,12,15,6,3113
49.5,12,15,7,3123
49.5,12,15,8,3132
49.5,12,15,9,3142
49.5,12,15,10,3152
49.5,12,15,11,3161
49.5,12,15,12,3171
49.5,12,15,13,3180
49.5,12,15,14,3190
49.5,12,15,15,3199
49.5,13,0,0,2922
49.5,13,0,1,2932
49.5,13,0,2,2941
49.5,13,0,3,2950
49.5,13,0,4,2960
49.5,13,0,5,2969
49.5,13,0,6,2978
49.5,13,0,7,2988
49.5,13,0,8,2997
49.5,13,0,9,3006
49.5,13,0,10,3015
49.5,13,0,11,3024
49.5,13,0,12,3033
49.5,13,0,13,3042
49.5,13,0,14,3051
49.5,13,0,15,3060
49.5,13,1,0,2932
49.5,13,1,1,2941
49.5,13,1,2,2951
49.5,13,1,3,2960
49.5,13,1,4,2970
49.5,13,1,5,2979
49.5,13,1,6,2988
49.5,13,1,7,2998
49.5,13,1,8,3007
49.5,13,1,9,3016
49.5,13,1,10,3025
49.5,13,1,11,3034
49.5,13,1,12,3043
49.5,13,1,13,3053
49.5,13,1,14,3062
49.5,13,1,15,3071
49.5,13,2,0,2942
49.5,13,2,1,2951
49.5,13,2,2,2961
49.5,13,2,3,2970
49.5,13,2,4,2980
49.5,13,2,5,2989
49.5,13,2,6,2998
49.5,13,2,7,3007
49.5,13,2,8,3017
49.5,13,2,9,3026
49.5,13,2,10,3035
49.5,13,2,11,3044
49.5,13,2,12,3054
49.5,13,2,13,3063
49.5,13,2,14,3072
49.5,13,2,15,3081
49.5,13,3,0,2952
49.5,13,3,1,2961
49.5,13,3,2,2971
49.5,13,3,3,2980
49.5,13,3,4,2989
49.5,13,3,5,2999
49.5,13,3,6,3008
49.5,13,3,7,3017
49.5,13,3,8,3027
49.5,13,3,9,3036
49.5,13,3,10,3045
49.5,13,3,11,3054
49.5,13,3,12,3064
49.5,13,3,13,3073
49.5,13,3,14,3082
49.5,13,3,15,3091
49.5,13,4,0,2961
49.5,13,4,1,2971
49.5,13,4,2,2980
49.5,13,4,3,2990
49.5,13,4,4,2999
49.5,13,4,5,3009
49.5,13,4,6,3018
49.5,13,4,7,3027
49.5,13,4,8,3037
49.5,13,4,9,3046
49.5,13,4,10,3055
49.5,13,4,11,3065
49.5,13,4,12,3074
49.5,13,4,13,3083
49.5,13,4,14,3092
49.5,13,4,15,3101
49.5,13,5,0,2971
49.5,13,5,1,2980
49.5,13,5,2,2990
49.5,13,5,3,2999
49.5,13,5,4,3009
49.5,13,5,5,3018
49.5,13,5,6,3028
49.5,13,5,7,3037
49.5,13,5,8,3047
49.5,13,5,9,3056
49.5,13,5,10,3065
49.5,13,5,11,3075
49.5,13,5,12,3084
49.5,13,5,13,3093
49.5,13,5,14,3102
49.5,13,5,15,3111
49.5,13,6,0,2981
49.5,13,6,1,2990
49.5,13,6,2,3000
49.5,13,6,3,3009
49.5,13,6,4,3019
49.5,13,6,5,3028
49.5,13,6,6,3038
49.5,13,6,7,3047
49.5,13,6,8,3056
49.5,13,6,9,3066
49.5,13,6,10,3075
49.5,13,6,11,3084
49.5,13,6,12,3094
49.5,13,6,13,3103
49.5,13,6,14,3112
49.5,13,6,15,3121
49.5,13,7,0,2990
49.5,13,7,1,3000
49.5,13,7,2,3009
49.5,13,7,3,3019
49.5,13,7,4,3028
49.5,13,7,5,3038
49.5,13,7,6,3047
49.5,13,7,7,3057
49.5,13,7,8,3066
49.5,13,7,9,3076
49.5,13,7,10,3085
49.5,13,7,11,3094
49.5,13,7,12,3104
49.5,13,7,13,3113
49.5,13,7,14,3122
49.5,13,7,15,3131
49.5,13,8,0,3000
49.5,13,8,1,3009
49.5,13,8,2,3019
49.5,13,8,3,3029
49.5,13,8,4,3038
49.5,13,8,5,3048
49.5,13,8,6,3057
49.5,13,8,7,3067
49.5,13,8,8,3076
49.5,13,8,9,3086
49.5,13,8,10,3095
49.5,13,8,11,3104
49.5,13,8,12,3114
49.5,13,8,13,3123
49.5,13,8,14,3132
49.5,13,8,15,3141
49.5,13,9,0,3009
49.5,13,9,1,3019
49.5,13,9,2,3029
49.5,13,9,3,3038
49.5,13,9,4,3048
49.5,13,9,5,3057
49.5,13,9,6,3067
49.5,13,9,7,3076
49.5,13,9,8,3086
49.5,13,9,9,3095
49.5,13,9,10,3105
49.5,13,9,11,3114
49.5,13,9,12,3124
49.5,13,9,13,3133
49.5,13,9,14,3142
49.5,13,9,15,3151
49.5,13,10,0,3019
49.5,13,10,1,3028
49.5,13,10,2,3038
49.5,13,10,3,3048
49.5,13,10,4,3057
49.5,13,10,5,3067
49.5,13,10,6,3077
49.5,13,10,7,3086
49.5,13,10,8,3096
49.5,13,10,9,3105
49.5,13,10,10,3115
49.5,13,10,11,3124
49.5,13,10,12,3133
49.5,13,10,13,3143
49.5,13,10,14,3152
49.5,13,10,15,3161
49.5,13,11,0,3028
49.5,13,11,1,3038
49.5,13,11,2,3048
49.5,13,11,3,3057
49.5,13,11,4,3067
49.5,13,11,5,3077
49.5,13,11,6,3086
49.5,13,11,7,3096
49.5,13,11,8,3105
49.5,13,11,9,3115
49.5,13,11,10,3124
49.5,13,11,11,3134
49.5,13,11,12,3143
49.5,13,11,13,3153
49.5,13,11,14,3162
49.5,13,11,15,3171
49.5,13,12,0,3038
49.5,13,12,1,3047
49.5,13,12,2,3057
49.5,13,12,3,3067
49.5,13,12,4,3077
49.5,13,12,5,3086
49.5,13,12,6,3096
49.5,13,12,7,3106
49.5,13,12,8,3115
49.5,13,12,9,3125
49.5,13,12,10,3134
49.5,13,12,11,3144
49.5,13,12,12,3153
49.5,13,12,13,3162
49.5,13,12,14,3172
49.5,13,12,15,3181
49.5,13,13,0,3047
49.5,13,13,1,3057
49.5,13,13,2,3067
49.5,13,13,3,3076
49.5,13,13,4,3086
49.5,13,13,5,3096
49.5,13,13,6,3106
49.5,13,13,7,3115
49.5,13,13,8,3125
49.5,13,13,9,3134
49.5,13,13,10,3144
49.5,13,13,11,3153
49.5,13,13,12,3163
49.5,13,13,13,3172
49.5,13,13,14,3182
49.5,13,13,15,3191
49.5,13,14,0,3056
49.5,13,14,1,3066
49.5,13,14,2,3076
49.5,13,14,3,3086
49.5,13,14,4,3096
49.5,13,14,5,3105
49.5,13,14,6,3115
49.5,13,14,7,3125
49.5,13,14,8,3134
49.5,13,14,9,3144
49.5,13,14,10,3154
49.5,13,14,11,3163
49.5,13,14,12,3173
49.5,13,14,13,3182
49.5,13,14,14,3192
49.5,13,14,15,3201
49.5,13,15,0,3066
49.5,13,15,1,3076
49.5,13,15,2,3086
49.5,13,15,3,3095
49.5,13,15,4,3105
49.5,13,15,5,3115
49.5,13,15,6,3125
49.5,13,15,7,3134
49.5,13,15,8,3144
49.5,13,15,9,3154
49.5,13,15,10,3163
49.5,13,15,11,3173
49.5,13,15,12,3182
49.5,13,15,13,3192
49.5,13,15,14,3201
49.5,13,15,15,3211
49.5,14,0,0,2933
49.5,14,0,1,2942
49.5,14,0,2,2952
49.5,14,0,3,2961
49.5,14,0,4,2971
49.5,14,0,5,2980
49.5,14,0,6,2989
49.5,14,0,7,2998
49.5,14,0,8,3008
49.5,14,0,9,3017
49.5,14,0,10,3026
49.5,14,0,11,3035
49.5,14,0,12,3044
49.5,14,0,13,3053
49.5,14,0,14,3063
49.5,14,0,15,3072
49.5,14,1,0,2943
49.5,14,1,1,2952
49.5,14,1,2,2962
49.5,14,1,3,2971
49.5,14,1,4,2980
49.5,14,1,5,2990
49.5,14,1,6,2999
49.5,14,1,7,3008
49.5,14,1,8,3018
49.5,14,1,9,3027
49.5,14,1,10,3036
49.5,14,1,11,3045
49.5,14,1,12,3055
49.5,14,1,13,3064
49.5,14,1,14,3073
49.5,14,1,15,3082
49.5,14,2,0,2953
49.5,14,2,1,2962
49.5,14,2,2,2972
49.5,14,2,3,2981
49.5,14,2,4,2990
49.5,14,2,5,3000
49.5,14,2,6,3009
49.5,14,2,7,3018
49.5,14,2,8,3028
49.5,14,2,9,3037
49.5,14,2,10,3046
49.5,14,2,11,3056
49.5,14,2,12,3065
49.5,14,2,13,3074
49.5,14,2,14,3083
49.5,14,2,15,3092
49.5,14,3,0,2962
49.5,14,3,1,2972
49.5,14,3,2,2981
49.5,14,3,3,2991
49.5,14,3,4,3000
49.5,14,3,5,3010
49.5,14,3,6,3019
49.5,14,3,7,3028
49.5,14,3,8,3038
49.5,14,3,9,3047
49.5,14,3,10,3056
49.5,14,3,11,3066
49.5,14,3,12,3075
49.5,14,3,13,3084
49.5,14,3,14,3093
49.5,14,3,15,3102
49.5,14,4,0,2972
49.5,14,4,1,2982
49.5,14,4,2,2991
49.5,14,4,3,3001
49.5,14,4,4,3010
49.5,14,4,5,3020
49.5,14,4,6,3029
49.5,14,4,7,3038
49.5,14,4,8,3048
49.5,14,4,9,3057
49.5,14,4,10,3066
49.5,14,4,11,3076
49.5,14,4,12,3085
49.5,14,4,13,3094
49.5,14,4,14,3103
49.5,14,4,15,3113
49.5,14,5,0,2982
49.5,14,5,1,2991
49.5,14,5,2,3001
49.5,14,5,3,3010
49.5,14,5,4,3020
49.5,14,5,5,3029
49.5,14,5,6,3039
49.5,14,5,7,3048
49.5,14,5,8,3058
49.5,14,5,9,3067
49.5,14,5,10,3076
49.5,14,5,11,3086
49.5,14,5,12,3095
49.5,14,5,13,3104
49.5,14,5,14,3113
49.5,14,5,15,3123
49.5,14,6,0,2991
49.5,14,6,1,3001
49.5,14,6,2,3011
49.5,14,6,3,3020
49.5,14,6,4,3030
49.5,14,6,5,3039
49.5,14,6,6,3049
49.5,14,6,7,3058
49.5,14,6,8,3068
49.5,14,6,9,3077
49.5,14,6,10,3086
49.5,14,6,11,3096
49.5,14,6,12,3105
49.5,14,6,13,3114
49.5,14,6,14,3124
49.5,14,6,15,3133
49.5,14,7,0,3001
49.5,14,7,1,3011
49.5,14,7,2,3020
49.5,14,7,3,3030
49.5,14,7,4,3040
49.5,14,7,5,3049
49.5,14,7,6,3059
49.5,14,7,7,3068
49.5,14,7,8,3078
49.5,14,7,9,3087
49.5,14,7,10,3096
49.5,14,7,11,3106
49.5,14,7,12,3115
49.5,14,7,13,3124
49.5,14,7,14,3134
49.5,14,7,15,3143
49.5,14,8,0,3011
49.5,14,8,1,3020
49.5,14,8,2,3030
49.5,14,8,3,3040
49.5,14,8,4,3049
49.5,14,8,5,3059
49.5,14,8,6,3068
49.5,14,8,7,3078
49.5,14,8,8,3087
49.5,14,8,9,3097
49.5,14,8,10,3106
49.5,14,8,11,3116
49.5,14,8,12,3125
49.5,14,8,13,3134
49.5,14,8,14,3144
49.5,14,8,15,3153
49.5,14,9,0,3020
49.5,14,9,1,3030
49.5,14,9,2,3040
49.5,14,9,3,3049
49.5,14,9,4,3059
49.5,14,9,5,3069
49.5,14,9,6,3078
49.5,14,9,7,3088
49.5,14,9,8,3097
49.5,14,9,9,3107
49.5,14,9,10,3116
49.5,14,9,11,3126
49.5,14,9,12,3135
49.5,14,9,13,3144
49.5,14,9,14,3154
49.5,14,9,15,3163
49.5,14,10,0,3030
49.5,14,10,1,3040
49.5,14,10,2,3049
49.5,14,10,3,3059
49.5,14,10,4,3069
49.5,14,10,5,3078
49.5,14,10,6,3088
49.5,14,10,7,3097
49.5,14,10,8,3107
49.5,14,10,9,3116
49.5,14,10,10,3126
49.5,14,10,11,3135
49.5,14,10,12,3145
49.5,14,10,13,3154
49.5,14,10,14,3164
49.5,14,10,15,3173
49.5,14,11,0,3039
49.5,14,11,1,3049
49.5,14,11,2,3059
49.5,14,11,3,3069
49.5,14,11,4,3078
49.5,14,11,5,3088
49.5,14,11,6,3098
49.5,14,11,7,3107
49.5,14,11,8,3117
49.5,14,11,9,3126
49.5,14,11,10,3136
49.5,14,11,11,3145
49.5,14,11,12,3155
49.5,14,11,13,3164
49.5,14,11,14,3174
49.5,14,11,15,3183
49.5,14,12,0,3049
49.5,14,12,1,3059
49.5,14,12,2,3068
49.5,14,12,3,3078
49.5,14,12,4,3088
49.5,14,12,5,3098
49.5,14,12,6,3107
49.5,14,12,7,3117
49.5,14,12,8,3126
49.5,14,12,9,3136
49.5,14,12,10,3146
49.5,14,12,11,3155
49.5,14,12,12,3165
49.5,14,12,13,3174
49.5,14,12,14,3183
49.5,14,12,15,3193
49.5,14,13,0,3058
49.5,14,13,1,3068
49.5,14,13,2,3078
49.5,14,13,3,3088
49.5,14,13,4,3097
49.5,14,13,5,3107
49.5,14,13,6,3117
49.5,14,13,7,3127
49.5,14,13,8,3136
49.5,14,13,9,3146
49.5,14,13,10,3155
49.5,14,13,11,3165
49.5,14,13,12,3174
49.5,14,13,13,3184
49.5,14,13,14,3193
49.5,14,13,15,3203
49.5,14,14,0,3068
49.5,14,14,1,3078
49.5,14,14,2,3087
49.5,14,14,3,3097
49.5,14,14,4,3107
49.5,14,14,5,3117
49.5,14,14,6,3126
49.5,14,14,7,3136
49.5,14,14,8,3146
49.5,14,14,9,3155
49.5,14,14,10,3165
49.5,14,14,11,3175
49.5,14,14,12,3184
49.5,14,14,13,3194
49.5,14,14,14,3203
49.5,14,14,15,3213
49.5,14,15,0,3077
49.5,14,15,1,3087
49.5,14,15,2,3097
49.5,14,15,3,3107
49.5,14,15,4,3116
49.5,14,15,5,3126
49.5,14,15,6,3136
49.5,14,15,7,3146
49.5,14,15,8,3155
49.5,14,15,9,3165
49.5,14,15,10,3175
49.5,14,15,11,3184
49.5,14,15,12,3194
49.5,14,15,13,3203
49.5,14,15,14,3213
49.5,14,15,15,3222
49.5,15,0,0,2944
49.5,15,0,1,2953
49.5,15,0,2,2963
49.5,15,0,3,2972
49.5,15,0,4,2981
49.5,15,0,5,2991
49.5,15,0,6,3000
49.5,15,0,7,3009
49.5,15,0,8,3019
49.5,15,0,9,3028
49.5,15,0,10,3037
49.5,15,0,11,3046
49.5,15,0,12,3055
49.5,15,0,13,3065
49.5,15,0,14,3074
49.5,15,0,15,3083
49.5,15,1,0,2953
49.5,15,1,1,2963
49.5,15,1,2,2972
49.5,15,1,3,2982
49.5,15,1,4,2991
49.5,15,1,5,3001
49.5,15,1,6,3010
49.5,15,1,7,3019
49.5,15,1,8,3029
49.5,15,1,9,3038
49.5,15,1,10,3047
49.5,15,1,11,3056
49.5,15,1,12,3066
49.5,15,1,13,3075
49.5,15,1,14,3084
49.5,15,1,15,3093
49.5,15,2,0,2963
49.5,15,2,1,2973
49.5,15,2,2,2982
49.5,15,2,3,2992
49.5,15,2,4,3001
49.5,15,2,5,3011
49.5,15,2,6,3020
49.5,15,2,7,3029
49.5,15,2,8,3039
49.5,15,2,9,3048
49.5,15,2,10,3057
49.5,15,2,11,3067
49.5,15,2,12,3076
49.5,15,2,13,3085
49.5,15,2,14,3094
49.5,15,2,15,3103
49.5,15,3,0,2973
49.5,15,3,1,2983
49.5,15,3,2,2992
49.5,15,3,3,3002
49.5,15,3,4,3011
49.5,15,3,5,3021
49.5,15,3,6,3030
49.5,15,3,7,3039
49.5,15,3,8,3049
49.5,15,3,9,3058
49.5,15,3,10,3067
49.5,15,3,11,3077
49.5,15,3,12,3086
49.5,15,3,13,3095
49.5,15,3,14,3104
49.5,15,3,15,3114
49.5,15,4,0,2983
49.5,15,4,1,2992
49.5,15,4,2,3002
49.5,15,4,3,3012
49.5,15,4,4,3021
49.5,15,4,5,3031
49.5,15,4,6,3040
49.5,15,4,7,3049
49.5,15,4,8,3059
49.5,15,4,9,3068
49.5,15,4,10,3078
49.5,15,4,11,3087
49.5,15,4,12,3096
49.5,15,4,13,3105
49.5,15,4,14,3115
49.5,15,4,15,3124
49.5,15,5,0,2993
49.5,15,5,1,3002
49.5,15,5,2,3012
49.5,15,5,3,3021
49.5,15,5,4,3031
49.5,15,5,5,3040
49.5,15,5,6,3050
49.5,15,5,7,3059
49.5,15,5,8,3069
49.5,15,5,9,3078
49.5,15,5,10,3088
49.5,15,5,11,3097
49.5,15,5,12,3106
49.5,15,5,13,3116
49.5,15,5,14,3125
49.5,15,5,15,3134
49.5,15,6,0,3002
49.5,15,6,1,3012
49.5,15,6,2,3022
49.5,15,6,3,3031
49.5,15,6,4,3041
49.5,15,6,5,3050
49.5,15,6,6,3060
49.5,15,6,7,3069
49.5,15,6,8,3079
49.5,15,6,9,3088
49.5,15,6,10,3098
49.5,15,6,11,3107
49.5,15,6,12,3116
49.5,15,6,13,3126
49.5,15,6,14,3135
49.5,15,6,15,3144
49.5,15,7,0,3012
49.5,15,7,1,3022
49.5,15,7,2,3031
49.5,15,7,3,3041
49.5,15,7,4,3051
49.5,15,7,5,3060
49.5,15,7,6,3070
49.5,15,7,7,3079
49.5,15,7,8,3089
49.5,15,7,9,3098
49.5,15,7,10,3108
49.5,15,7,11,3117
49.5,15,7,12,3126
49.5,15,7,13,3136
49.5,15,7,14,3145
49.5,15,7,15,3154
49.5,15,8,0,3022
49.5,15,8,1,3031
49.5,15,8,2,3041
49.5,15,8,3,3051
49.5,15,8,4,3060
49.5,15,8,5,3070
49.5,15,8,6,3080
49.5,15,8,7,3089
49.5,15,8,8,3099
49.5,15,8,9,3108
49.5,15,8,10,3118
49.5,15,8,11,3127
49.5,15,8,12,3136
49.5,15,8,13,3146
49.5,15,8,14,3155
49.5,15,8,15,3164
49.5,15,9,0,3031
49.5,15,9,1,3041
49.5,15,9,2,3051
49.5,15,9,3,3060
49.5,15,9,4,3070
49.5,15,9,5,3080
49.5,15,9,6,3089
49.5,15,9,7,3099
49.5,15,9,8,3108
49.5,15,9,9,3118
49.5,15,9,10,3127
49.5,15,9,11,3137
49.5,15,9,12,3146
49.5,15,9,13,3156
49.5,15,9,14,3165
49.5,15,9,15,3174
49.5,15,10,0,3041
49.5,15,10,1,3051
49.5,15,10,2,3060
49.5,15,10,3,3070
49.5,15,10,4,3080
49.5,15,10,5,3089
49.5,15,10,6,3099
49.5,15,10,7,3109
49.5,15,10,8,3118
49.5,15,10,9,3128
49.5,15,10,10,3137
49.5,15,10,11,3147
49.5,15,10,12,3156
49.5,15,10,13,3166
49.5,15,10,14,3175
49.5,15,10,15,3185
49.5,15,11,0,3050
49.5,15,11,1,3060
49.5,15,11,2,3070
49.5,15,11,3,3080
49.5,15,11,4,3089
49.5,15,11,5,3099
49.5,15,11,6,3109
49.5,15,11,7,3118
49.5,15,11,8,3128
49.5,15,11,9,3138
49.5,15,11,10,3147
49.5,15,11,11,3157
49.5,15,11,12,3166
49.5,15,11,13,3176
49.5,15,11,14,3185
49.5,15,11,15,3195
49.5,15,12,0,3060
49.5,15,12,1,3070
49.5,15,12,2,3080
49.5,15,12,3,3089
49.5,15,12,4,3099
49.5,15,12,5,3109
49.5,15,12,6,3119
49.5,15,12,7,3128
49.5,15,12,8,3138
49.5,15,12,9,3147
49.5,15,12,10,3157
49.5,15,12,11,3167
49.5,15,12,12,3176
49.5,15,12,13,3186
49.5,15,12,14,3195
49.5,15,12,15,3204
49.5,15,13,0,3069
49.5,15,13,1,3079
49.5,15,13,2,3089
49.5,15,13,3,3099
49.5,15,13,4,3109
49.5,15,13,5,3118
49.5,15,13,6,3128
49.5,15,13,7,3138
49.5,15,13,8,3148
49.5,15,13,9,3157
49.5,15,13,10,3167
49.5,15,13,11,3176
49.5,15,13,12,3186
49.5,15,13,13,3195
49.5,15,13,14,3205
49.5,15,13,15,3214
49.5,15,14,0,3079
49.5,15,14,1,3089
49.5,15,14,2,3099
49.5,15,14,3,3108
49.5,15,14,4,3118
49.5,15,14,5,3128
49.5,15,14,6,3138
49.5,15,14,7,3148
49.5,15,14,8,3157
49.5,15,14,9,3167
49.5,15,14,10,3177
49.5,15,14,11,3186
49.5,15,14,12,3196
49.5,15,14,13,3205
49.5,15,14,14,3215
49.5,15,14,15,3224
49.5,15,15,0,3088
49.5,15,15,1,3098
49.5,15,15,2,3108
49.5,15,15,3,3118
49.5,15,15,4,3128
49.5,15,15,5,3138
49.5,15,15,6,3147
49.5,15,15,7,3157
49.5,15,15,8,3167
49.5,15,15,9,3177
49.5,15,15,10,3186
49.5,15,15,11,3196
49.5,15,15,12,3206
49.5,15,15,13,3215
49.5,15,15,14,3225
49.5,15,15,15,3234
50.0,0,0,0,2800
50.0,0,0,1,2809
50.0,0,0,2,2818
50.0,0,0,3,2827
50.0,0,0,4,2836
50.0,0,0,5,2845
50.0,0,0,6,2854
50.0,0,0,7,2863
50.0,0,0,8,2872
50.0,0,0,9,2880
50.0,0,0,10,2889
50.0,0,0,11,2898
50.0,0,0,12,2907
50.0,0,0,13,2915
50.0,0,0,14,2924
50.0,0,0,15,2933
50.0,0,1,0,2810
50.0,0,1,1,2819
50.0,0,1,2,2828
50.0,0,1,3,2837
50.0,0,1,4,2846
50.0,0,1,5,2855
50.0,0,1,6,2863
50.0,0,1,7,2872
50.0,0,1,8,2881
50.0,0,1,9,2890
50.0,0,1,10,2899
50.0,0,1,11,2908
50.0,0,1,12,2916
50.0,0,1,13,2925
50.0,0,1,14,2934
50.0,0,1,15,2942
50.0,0,2,0,2819
50.0,0,2,1,2828
50.0,0,2,2,2837
50.0,0,2,3,2846
50.0,0,2,4,2855
50.0,0,2,5,2864
50.0,0,2,6,2873
50.0,0,2,7,2882
50.0,0,2,8,2891
50.0,0,2,9,2900
50.0,0,2,10,2908
50.0,0,2,11,2917
50.0,0,2,12,2926
50.0,0,2,13,2935
50.0,0,2,14,2944
50.0,0,2,15,2952
50.0,0,3,0,2828
50.0,0,3,1,2837
50.0,0,3,2,2846
50.0,0,3,3,2856
50.0,0,3,4,2865
50.0,0,3,5,2874
50.0,0,3,6,2882
50.0,0,3,7,2891
50.0,0,3,8,2900
50.0,0,3,9,2909
50.0,0,3,10,2918
50.0,0,3,11,2927
50.0,0,3,12,2936
50.0,0,3,13,2945
50.0,0,3,14,2953
50.0,0,3,15,2962
50.0,0,4,0,2838
50.0,0,4,1,2847
50.0,0,4,2,2856
50.0,0,4,3,2865
50.0,0,4,4,2874
50.0,0,4,5,2883
50.0,0,4,6,2892
50.0,0,4,7,2901
50.0,0,4,8,2910
50.0,0,4,9,2919
50.0,0,4,10,2928
50.0,0,4,11,2937
50.0,0,4,12,2945
50.0,0,4,13,2954
50.0,0,4,14,2963
50.0,0,4,15,2972
50.0,0,5,0,2847
50.0,0,5,1,2856
50.0,0,5,2,2865
50.0,0,5,3,2874
50.0,0,5,4,2883
50.0,0,5,5,2892
50.0,0,5,6,2901
50.0,0,5,7,2910
50.0,0,5,8,2919
50.0,0,5,9,2928
50.0,0,5,10,2937
50.0,0,5,11,2946
50.0,0,5,12,2955
50.0,0,5,13,2964
50.0,0,5,14,2973
50.0,0,5,15,2981
50.0,0,6,0,2856
50.0,0,6,1,2865
50.0,0,6,2,2874
50.0,0,6,3,2884
50.0,0,6,4,2893
50.0,0,6,5,2902
50.0,0,6,6,2911
50.0,0,6,7,2920
50.0,0,6,8,2929
50.0,0,6,9,2938
50.0,0,6,10,2947
50.0,0,6,11,2956
50.0,0,6,12,2965
50.0,0,6,13,2973
50.0,0,6,14,2982
50.0,0,6,15,2991
50.0,0,7,0,2865
50.0,0,7,1,2874
50.0,0,7,2,2884
50.0,0,7,3,2893
50.0,0,7,4,2902
50.0,0,7,5,2911
50.0,0,7,6,2920
50.0,0,7,7,2929
50.0,0,7,8,2938
50.0,0,7,9,2947
50.0,0,7,10,2956
50.0,0,7,11,2965
50.0,0,7,12,2974
50.0,0,7,13,2983
50.0,0,7,14,2992
50.0,0,7,15,3001
50.0,0,8,0,2874
50.0,0,8,1,2884
50.0,0,8,2,2893
50.0,0,8,3,2902
50.0,0,8,4,2911
50.0,0,8,5,2920
50.0,0,8,6,2930
50.0,0,8,7,2939
50.0,0,8,8,2948
50.0,0,8,9,2957
50.0,0,8,10,2966
50.0,0,8,11,2975
50.0,0,8,12,2984
50.0,0,8,13,2993
50.0,0,8,14,3001
50.0,0,8,15,3010
50.0,0,9,0,2884
50.0,0,9,1,2893
50.0,0,9,2,2902
50.0,0,9,3,2911
50.0,0,9,4,2921
50.0,0,9,5,2930
50.0,0,9,6,2939
50.0,0,9,7,2948
50.0,0,9,8,2957
50.0,0,9,9,2966
50.0,0,9,10,2975
50.0,0,9,11,2984
50.0,0,9,12,2993
50.0,0,9,13,3002
50.0,0,9,14,3011
50.0,0,9,15,3020
50.0,0,10,0,2893
50.0,0,10,1,2902
50.0,0,10,2,2911
50.0,0,10,3,2921
50.0,0,10,4,2930
50.0,0,10,5,2939
50.0,0,10,6,2948
50.0,0,10,7,2957
50.0,0,10,8,2966
50.0,0,10,9,2975
50.0,0,10,10,2985
50.0,0,10,11,2994
50.0,0,10,12,3003
50.0,0,10,13,3012
50.0,0,10,14,3021
50.0,0,10,15,3029
50.0,0,11,0,2902
50.0,0,11,1,2911
50.0,0,11,2,2920
50.0,0,11,3,2930
50.0,0,11,4,2939
50.0,0,11,5,2948
50.0,0,11,6,2957
50.0,0,11,7,2967
50.0,0,11,8,2976
50.0,0,11,9,2985
50.0,0,11,10,2994
50.0,0,11,11,3003
50.0,0,11,12,3012
50.0,0,11,13,3021
50.0,0,11,14,3030
50.0,0,11,15,3039
50.0,0,12,0,2911
50.0,0,12,1,2920
50.0,0,12,2,2930
50.0,0,12,3,2939
50.0,0,12,4,2948
50.0,0,12,5,2957
50.0,0,12,6,2967
50.0,0,12,7,2976
50.0,0,12,8,2985
50.0,0,12,9,2994
50.0,0,12,10,3003
50.0,0,12,11,3012
50.0,0,12,12,3021
50.0,0,12,13,3030
50.0,0,12,14,3039
50.0,0,12,15,3048
50.0,0,13,0,2920
50.0,0,13,1,2929
50.0,0,13,2,2939
50.0,0,13,3,2948
50.0,0,13,4,2957
50.0,0,13,5,2967
50.0,0,13,6,2976
50.0,0,13,7,2985
50.0,0,13,8,2994
50.0,0,13,9,3003
50.0,0,13,10,3013
50.0,0,13,11,3022
50.0,0,13,12,3031
50.0,0,13,13,3040
50.0,0,13,14,3049
50.0,0,13,15,3058
50.0,0,14,0,2929
50.0,0,14,1,2938
50.0,0,14,2,2948
50.0,0,14,3,2957
50.0,0,14,4,2966
50.0,0,14,5,2976
50.0,0,14,6,2985
50.0,0,14,7,2994
50.0,0,14,8,3003
50.0,0,14,9,3013
50.0,0,14,10,3022
50.0,0,14,11,3031
50.0,0,14,12,3040
50.0,0,14,13,3049
50.0,0,14,14,3058
50.0,0,14,15,3067
50.0,0,15,0,2938
50.0,0,15,1,2947
50.0,0,15,2,2957
50.0,0,15,3,2966
50.0,0,15,4,2975
50.0,0,15,5,2985
50.0,0,15,6,2994
50.0,0,15,7,3003
50.0,0,15,8,3013
50.0,0,15,9,3022
50.0,0,15,10,3031
50.0,0,15,11,3040
50.0,0,15,12,3049
50.0,0,15,13,3059
50.0,0,15,14,3068
50.0,0,15,15,3077
50.0,1,0,0,2811
50.0,1,0,1,2820
50.0,1,0,2,2829
50.0,1,0,3,2838
50.0,1,0,4,2847
50.0,1,0,5,2856
50.0,1,0,6,2865
50.0,1,0,7,2874
50.0,1,0,8,2883
50.0,1,0,9,2891
50.0,1,0,10,2900
50.0,1,0,11,2909
50.0,1,0,12,2918
50.0,1,0,13,2926
50.0,1,0,14,2935
50.0,1,0,15,2944
50.0,1,1,0,2820
50.0,1,1,1,2829
50.0,1,1,2,2839
50.0,1,1,3,2848
50.0,1,1,4,2857
50.0,1,1,5,2865
50.0,1,1,6,2874
50.0,1,1,7,2883
50.0,1,1,8,2892
50.0,1,1,9,2901
50.0,1,1,10,2910
50.0,1,1,11,2919
50.0,1,1,12,2928
50.0,1,1,13,2936
50.0,1,1,14,2945
50.0,1,1,15,2954
50.0,1,2,0,2830
50.0,1,2,1,2839
50.0,1,2,2,2848
50.0,1,2,3,2857
50.0,1,2,4,2866
50.0,1,2,5,2875
50.0,1,2,6,2884
50.0,1,2,7,2893
50.0,1,2,8,2902
50.0,1,2,9,2911
50.0,1,2,10,2920
50.0,1,2,11,2928
50.0,1,2,12,2937
50.0,1,2,13,2946
50.0,1,2,14,2955
50.0,1,2,15,2964
50.0,1,3,0,2839
50.0,1,3,1,2848
50.0,1,3,2,2857
50.0,1,3,3,2866
50.0,1,3,4,2876
50.0,1,3,5,2885
50.0,1,3,6,2894
50.0,1,3,7,2903
50.0,1,3,8,2911
50.0,1,3,9,2920
50.0,1,3,10,2929
50.0,1,3,11,2938
50.0,1,3,12,2947
50.0,1,3,13,2956
50.0,1,3,14,2965
50.0,1,3,15,2973
50.0,1,4,0,2848
50.0,1,4,1,2858
50.0,1,4,2,2867
50.0,1,4,3,2876
50.0,1,4,4,2885
50.0,1,4,5,2894
50.0,1,4,6,2903
50.0,1,4,7,2912
50.0,1,4,8,2921
50.0,1,4,9,2930
50.0,1,4,10,2939
50.0,1,4,11,2948
50.0,1,4,12,2957
50.0,1,4,13,2965
50.0,1,4,14,2974
50.0,1,4,15,2983
50.0,1,5,0,2858
50.0,1,5,1,2867
50.0,1,5,2,2876
50.0,1,5,3,2885
50.0,1,5,4,2894
50.0,1,5,5,2903
50.0,1,5,6,2913
50.0,1,5,7,2922
50.0,1,5,8,2931
50.0,1,5,9,2940
50.0,1,5,10,2948
50.0,1,5,11,2957
50.0,1,5,12,2966
50.0,1,5,13,2975
50.0,1,5,14,2984
50.0,1,5,15,2993
50.0,1,6,0,2867
50.0,1,6,1,2876
50.0,1,6,2,2885
50.0,1,6,3,2895
50.0,1,6,4,2904
50.0,1,6,5,2913
50.0,1,6,6,2922
50.0,1,6,7,2931
50.0,1,6,8,2940
50.0,1,6,9,2949
50.0,1,6,10,2958
50.0,1,6,11,2967
50.0,1,6,12,2976
50.0,1,6,13,2985
50.0,1,6,14,2994
50.0,1,6,15,3003
50.0,1,7,0,2876
50.0,1,7,1,2885
50.0,1,7,2,2895
50.0,1,7,3,2904
50.0,1,7,4,2913
50.0,1,7,5,2922
50.0,1,7,6,2931
50.0,1,7,7,2940
50.0,1,7,8,2950
50.0,1,7,9,2959
50.0,1,7,10,2968
50.0,1,7,11,2977
50.0,1,7,12,2986
50.0,1,7,13,2994
50.0,1,7,14,3003
50.0,1,7,15,3012
50.0,1,8,0,2885
50.0,1,8,1,2895
50.0,1,8,2,2904
50.0,1,8,3,2913
50.0,1,8,4,2922
50.0,1,8,5,2932
50.0,1,8,6,2941
50.0,1,8,7,2950
50.0,1,8,8,2959
50.0,1,8,9,2968
50.0,1,8,10,2977
50.0,1,8,11,2986
50.0,1,8,12,2995
50.0,1,8,13,3004
50.0,1,8,14,3013
50.0,1,8,15,3022
50.0,1,9,0,2895
50.0,1,9,1,2904
50.0,1,9,2,2913
50.0,1,9,3,2922
50.0,1,9,4,2932
50.0,1,9,5,2941
50.0,1,9,6,2950
50.0,1,9,7,2959
50.0,1,9,8,2968
50.0,1,9,9,2977
50.0,1,9,10,2987
50.0,1,9,11,2996
50.0,1,9,12,3005
50.0,1,9,13,3014
50.0,1,9,14,3023
50.0,1,9,15,3031
50.0,1,10,0,2904
50.0,1,10,1,2913
50.0,1,10,2,2922
50.0,1,10,3,2932
50.0,1,10,4,2941
50.0,1,10,5,2950
50.0,1,10,6,2959
50.0,1,10,7,2969
50.0,1,10,8,2978
50.0,1,10,9,2987
50.0,1,10,10,2996
50.0,1,10,11,3005
50.0,1,10,12,3014
50.0,1,10,13,3023
50.0,1,10,14,3032
50.0,1,10,15,3041
50.0,1,11,0,2913
50.0,1,11,1,2922
50.0,1,11,2,2932
50.0,1,11,3,2941
50.0,1,11,4,2950
50.0,1,11,5,2959
50.0,1,11,6,2969
50.0,1,11,7,2978
50.0,1,11,8,2987
50.0,1,11,9,2996
50.0,1,11,10,3005
50.0,1,11,11,3014
50.0,1,11,12,3024
50.0,1,11,13,3033
50.0,1,11,14,3042
50.0,1,11,15,3051
50.0,1,12,0,2922
50.0,1,12,1,2931
50.0,1,12,2,2941
50.0,1,12,3,2950
50.0,1,12,4,2959
50.0,1,12,5,2969
50.0,1,12,6,2978
50.0,1,12,7,2987
50.0,1,12,8,2996
50.0,1,12,9,3006
50.0,1,12,10,3015
50.0,1,12,11,3024
50.0,1,12,12,3033
50.0,1,12,13,3042
50.0,1,12,14,3051
50.0,1,12,15,3060
50.0,1,13,0,2931
50.0,1,13,1,2940
50.0,1,13,2,2950
50.0,1,13,3,2959
50.0,1,13,4,2969
50.0,1,13,5,2978
50.0,1,13,6,2987
50.0,1,13,7,2996
50.0,1,13,8,3006
50.0,1,13,9,3015
50.0,1,13,10,3024
50.0,1,13,11,3033
50.0,1,13,12,3042
50.0,1,13,13,3051
50.0,1,13,14,3061
50.0,1,13,15,3070
50.0,1,14,0,2940
50.0,1,14,1,2950
50.0,1,14,2,2959
50.0,1,14,3,2968
50.0,1,14,4,2978
50.0,1,14,5,2987
50.0,1,14,6,2996
50.0,1,14,7,3006
50.0,1,14,8,3015
50.0,1,14,9,3024
50.0,1,14,10,3033
50.0,1,14,11,3043
50.0,1,14,12,3052
50.0,1,14,13,3061
50.0,1,14,14,3070
50.0,1,14,15,3079
50.0,1,15,0,2949
50.0,1,15,1,2959
50.0,1,15,2,2968
50.0,1,15,3,2977
50.0,1,15,4,2987
50.0,1,15,5,2996
50.0,1,15,6,3006
50.0,1,15,7,3015
50.0,1,15,8,3024
50.0,1,15,9,3033
50.0,1,15,10,3043
50.0,1,15,11,3052
50.0,1,15,12,3061
50.0,1,15,13,3070
50.0,1,15,14,3079
50.0,1,15,15,3088
50.0,2,0,0,2822
50.0,2,0,1,2831
50.0,2,0,2,2840
50.0,2,0,3,2849
50.0,2,0,4,2858
50.0,2,0,5,2867
50.0,2,0,6,2876
50.0,2,0,7,2885
50.0,2,0,8,2894
50.0,2,0,9,2902
50.0,2,0,10,2911
50.0,2,0,11,2920
50.0,2,0,12,2929
50.0,2,0,13,2938
50.0,2,0,14,2946
50.0,2,0,15,2955
50.0,2,1,0,2831
50.0,2,1,1,2840
50.0,2,1,2,2849
50.0,2,1,3,2858
50.0,2,1,4,2867
50.0,2,1,5,2876
50.0,2,1,6,2885
50.0,2,1,7,2894
50.0,2,1,8,2903
50.0,2,1,9,2912
50.0,2,1,10,2921
50.0,2,1,11,2930
50.0,2,1,12,2939
50.0,2,1,13,2947
50.0,2,1,14,2956
50.0,2,1,15,2965
50.0,2,2,0,2841
50.0,2,2,1,2850
50.0,2,2,2,2859
50.0,2,2,3,2868
50.0,2,2,4,2877
50.0,2,2,5,2886
50.0,2,2,6,2895
50.0,2,2,7,2904
50.0,2,2,8,2913
50.0,2,2,9,2922
50.0,2,2,10,2931
50.0,2,2,11,2940
50.0,2,2,12,2948
50.0,2,2,13,2957
50.0,2,2,14,2966
50.0,2,2,15,2975
50.0,2,3,0,2850
50.0,2,3,1,2859
50.0,2,3,2,2868
50.0,2,3,3,2877
50.0,2,3,4,2886
50.0,2,3,5,2896
50.0,2,3,6,2905
50.0,2,3,7,2914
50.0,2,3,8,2923
50.0,2,3,9,2932
50.0,2,3,10,2940
50.0,2,3,11,2949
50.0,2,3,12,2958
50.0,2,3,13,2967
50.0,2,3,14,2976
50.0,2,3,15,2985
50.0,2,4,0,2859
50.0,2,4,1,2869
50.0,2,4,2,2878
50.0,2,4,3,2887
50.0,2,4,4,2896
50.0,2,4,5,2905
50.0,2,4,6,2914
50.0,2,4,7,2923
50.0,2,4,8,2932
50.0,2,4,9,2941
50.0,2,4,10,2950
50.0,2,4,11,2959
50.0,2,4,12,2968
50.0,2,4,13,2977
50.0,2,4,14,2986
50.0,2,4,15,2994
50.0,2,5,0,2869
50.0,2,5,1,2878
50.0,2,5,2,2887
50.0,2,5,3,2896
50.0,2,5,4,2905
50.0,2,5,5,2915
50.0,2,5,6,2924
50.0,2,5,7,2933
50.0,2,5,8,2942
50.0,2,5,9,2951
50.0,2,5,10,2960
50.0,2,5,11,2969
50.0,2,5,12,2978
50.0,2,5,13,2987
50.0,2,5,14,2995
50.0,2,5,15,3004
50.0,2,6,0,2878
50.0,2,6,1,2887
50.0,2,6,2,2896
50.0,2,6,3,2906
50.0,2,6,4,2915
50.0,2,6,5,2924
50.0,2,6,6,2933
50.0,2,6,7,2942
50.0,2,6,8,2951
50.0,2,6,9,2960
50.0,2,6,10,2969
50.0,2,6,11,2978
50.0,2,6,12,2987
50.0,2,6,13,2996
50.0,2,6,14,3005
50.0,2,6,15,3014
50.0,2,7,0,2887
50.0,2,7,1,2897
50.0,2,7,2,2906
50.0,2,7,3,2915
50.0,2,7,4,2924
50.0,2,7,5,2933
50.0,2,7,6,2943
50.0,2,7,7,2952
50.0,2,7,8,2961
50.0,2,7,9,2970
50.0,2,7,10,2979
50.0,2,7,11,2988
50.0,2,7,12,2997
50.0,2,7,13,3006
50.0,2,7,14,3015
50.0,2,7,15,3024
50.0,2,8,0,2896
50.0,2,8,1,2906
50.0,2,8,2,2915
50.0,2,8,3,2924
50.0,2,8,4,2934
50.0,2,8,5,2943
50.0,2,8,6,2952
50.0,2,8,7,2961
50.0,2,8,8,2970
50.0,2,8,9,2979
50.0,2,8,10,2988
50.0,2,8,11,2997
50.0,2,8,12,3006
50.0,2,8,13,3015
50.0,2,8,14,3024
50.0,2,8,15,3033
50.0,2,9,0,2906
50.0,2,9,1,2915
50.0,2,9,2,2924
50.0,2,9,3,2934
50.0,2,9,4,2943
50.0,2,9,5,2952
50.0,2,9,6,2961
50.0,2,9,7,2971
50.0,2,9,8,2980
50.0,2,9,9,2989
50.0,2,9,10,2998
50.0,2,9,11,3007
50.0,2,9,12,3016
50.0,2,9,13,3025
50.0,2,9,14,3034
50.0,2,9,15,3043
50.0,2,10,0,2915
50.0,2,10,1,2924
50.0,2,10,2,2934
50.0,2,10,3,2943
50.0,2,10,4,2952
50.0,2,10,5,2961
50.0,2,10,6,2971
50.0,2,10,7,2980
50.0,2,10,8,2989
50.0,2,10,9,2998
50.0,2,10,10,3007
50.0,2,10,11,3017
50.0,2,10,12,3026
50.0,2,10,13,3035
50.0,2,10,14,3044
50.0,2,10,15,3053
50.0,2,11,0,2924
50.0,2,11,1,2933
50.0,2,11,2,2943
50.0,2,11,3,2952
50.0,2,11,4,2961
50.0,2,11,5,2971
50.0,2,11,6,2980
50.0,2,11,7,2989
50.0,2,11,8,2999
50.0,2,11,9,3008
50.0,2,11,10,3017
50.0,2,11,11,3026
50.0,2,11,12,3035
50.0,2,11,13,3044
50.0,2,11,14,3053
50.0,2,11,15,3062
50.0,2,12,0,2933
50.0,2,12,1,2943
50.0,2,12,2,2952
50.0,2,12,3,2961
50.0,2,12,4,2971
50.0,2,12,5,2980
50.0,2,12,6,2989
50.0,2,12,7,2999
50.0,2,12,8,3008
50.0,2,12,9,3017
50.0,2,12,10,3026
50.0,2,12,11,3035
50.0,2,12,12,3045
50.0,2,12,13,3054
50.0,2,12,14,3063
50.0,2,12,15,3072
50.0,2,13,0,2942
50.0,2,13,1,2952
50.0,2,13,2,2961
50.0,2,13,3,2971
50.0,2,13,4,2980
50.0,2,13,5,2989
50.0,2,13,6,2999
50.0,2,13,7,3008
50.0,2,13,8,3017
50.0,2,13,9,3026
50.0,2,13,10,3036
50.0,2,13,11,3045
50.0,2,13,12,3054
50.0,2,13,13,3063
50.0,2,13,14,3072
50.0,2,13,15,3081
50.0,2,14,0,2951
50.0,2,14,1,2961
50.0,2,14,2,2970
50.0,2,14,3,2980
50.0,2,14,4,2989
50.0,2,14,5,2999
50.0,2,14,6,3008
50.0,2,14,7,3017
50.0,2,14,8,3026
50.0,2,14,9,3036
50.0,2,14,10,3045
50.0,2,14,11,3054
50.0,2,14,12,3063
50.0,2,14,13,3073
50.0,2,14,14,3082
50.0,2,14,15,3091
50.0,2,15,0,2960
50.0,2,15,1,2970
50.0,2,15,2,2979
50.0,2,15,3,2989
50.0,2,15,4,2998
50.0,2,15,5,3008
50.0,2,15,6,3017
50.0,2,15,7,3026
50.0,2,15,8,3036
50.0,2,15,9,3045
50.0,2,15,10,3054
50.0,2,15,11,3064
50.0,2,15,12,3073
50.0,2,15,13,3082
50.0,2,15,14,3091
50.0,2,15,15,3100
50.0,3,0,0,2832
50.0,3,0,1,2842
50.0,3,0,2,2851
50.0,3,0,3,2860
50.0,3,0,4,2869
50.0,3,0,5,2878
50.0,3,0,6,2887
50.0,3,0,7,2896
50.0,3,0,8,2905
50.0,3,0,9,2913
50.0,3,0,10,2922
50.0,3,0,11,2931
50.0,3,0,12,2940
50.0,3,0,13,2949
50.0,3,0,14,2958
50.0,3,0,15,2966
50.0,3,1,0,2842
50.0,3,1,1,2851
50.0,3,1,2,2860
50.0,3,1,3,2869
50.0,3,1,4,2878
50.0,3,1,5,2887
50.0,3,1,6,2896
50.0,3,1,7,2905
50.0,3,1,8,2914
50.0,3,1,9,2923
50.0,3,1,10,2932
50.0,3,1,11,2941
50.0,3,1,12,2950
50.0,3,1,13,2959
50.0,3,1,14,2967
50.0,3,1,15,2976
50.0,3,2,0,2851
50.0,3,2,1,2861
50.0,3,2,2,2870
50.0,3,2,3,2879
50.0,3,2,4,2888
50.0,3,2,5,2897
50.0,3,2,6,2906
50.0,3,2,7,2915
50.0,3,2,8,2924
50.0,3,2,9,2933
50.0,3,2,10,2942
50.0,3,2,11,2951
50.0,3,2,12,2960
50.0,3,2,13,2969
50.0,3,2,14,2977
50.0,3,2,15,2986
50.0,3,3,0,2861
50.0,3,3,1,2870
50.0,3,3,2,2879
50.0,3,3,3,2888
50.0,3,3,4,2897
50.0,3,3,5,2907
50.0,3,3,6,2916
50.0,3,3,7,2925
50.0,3,3,8,2934
50.0,3,3,9,2943
50.0,3,3,10,2952
50.0,3,3,11,2961
50.0,3,3,12,2969
50.0,3,3,13,2978
50.0,3,3,14,2987
50.0,3,3,15,2996
50.0,3,4,0,2870
50.0,3,4,1,2879
50.0,3,4,2,2889
50.0,3,4,3,2898
50.0,3,4,4,2907
50.0,3,4,5,2916
50.0,3,4,6,2925
50.0,3,4,7,2934
50.0,3,4,8,2943
50.0,3,4,9,2952
50.0,3,4,10,2961
50.0,3,4,11,2970
50.0,3,4,12,2979
50.0,3,4,13,2988
50.0,3,4,14,2997
50.0,3,4,15,3006
50.0,3,5,0,2880
50.0,3,5,1,2889
50.0,3,5,2,2898
50.0,3,5,3,2907
50.0,3,5,4,2916
50.0,3,5,5,2926
50.0,3,5,6,2935
50.0,3,5,7,2944
50.0,3,5,8,2953
50.0,3,5,9,2962
50.0,3,5,10,2971
50.0,3,5,11,2980
50.0,3,5,12,2989
50.0,3,5,13,2998
50.0,3,5,14,3007
50.0,3,5,15,3016
50.0,3,6,0,2889
50.0,3,6,1,2898
50.0,3,6,2,2907
50.0,3,6,3,2917
50.0,3,6,4,2926
50.0,3,6,5,2935
50.0,3,6,6,2944
50.0,3,6,7,2953
50.0,3,6,8,2963
50.0,3,6,9,2972
50.0,3,6,10,2981
50.0,3,6,11,2990
50.0,3,6,12,2999
50.0,3,6,13,3008
50.0,3,6,14,3017
50.0,3,6,15,3025
50.0,3,7,0,2898
50.0,3,7,1,2908
50.0,3,7,2,2917
50.0,3,7,3,2926
50.0,3,7,4,2935
50.0,3,7,5,2945
50.0,3,7,6,2954
50.0,3,7,7,2963
50.0,3,7,8,2972
50.0,3,7,9,2981
50.0,3,7,10,2990
50.0,3,7,11,2999
50.0,3,7,12,3008
50.0,3,7,13,3017
50.0,3,7,14,3026
50.0,3,7,15,3035
50.0,3,8,0,2907
50.0,3,8,1,2917
50.0,3,8,2,2926
50.0,3,8,3,2935
50.0,3,8,4,2945
50.0,3,8,5,2954
50.0,3,8,6,2963
50.0,3,8,7,2972
50.0,3,8,8,2982
50.0,3,8,9,2991
50.0,3,8,10,3000
50.0,3,8,11,3009
50.0,3,8,12,3018
50.0,3,8,13,3027
50.0,3,8,14,3036
50.0,3,8,15,3045
50.0,3,9,0,2917
50.0,3,9,1,2926
50.0,3,9,2,2935
50.0,3,9,3,2945
50.0,3,9,4,2954
50.0,3,9,5,2963
50.0,3,9,6,2973
50.0,3,9,7,2982
50.0,3,9,8,2991
50.0,3,9,9,3000
50.0,3,9,10,3009
50.0,3,9,11,3018
50.0,3,9,12,3028
50.0,3,9,13,3037
50.0,3,9,14,3046
50.0,3,9,15,3055
50.0,3,10,0,2926
50.0,3,10,1,2935
50.0,3,10,2,2945
50.0,3,10,3,2954
50.0,3,10,4,2963
50.0,3,10,5,2973
50.0,3,10,6,2982
50.0,3,10,7,2991
50.0,3,10,8,3000
50.0,3,10,9,3010
50.0,3,10,10,3019
50.0,3,10,11,3028
50.0,3,10,12,3037
50.0,3,10,13,3046
50.0,3,10,14,3055
50.0,3,10,15,3064
50.0,3,11,0,2935
50.0,3,11,1,2945
50.0,3,11,2,2954
50.0,3,11,3,2963
50.0,3,11,4,2973
50.0,3,11,5,2982
50.0,3,11,6,2991
50.0,3,11,7,3001
50.0,3,11,8,3010
50.0,3,11,9,3019
50.0,3,11,10,3028
50.0,3,11,11,3037
50.0,3,11,12,3047
50.0,3,11,13,3056
50.0,3,11,14,3065
50.0,3,11,15,3074
50.0,3,12,0,2944
50.0,3,12,1,2954
50.0,3,12,2,2963
50.0,3,12,3,2973
50.0,3,12,4,2982
50.0,3,12,5,2991
50.0,3,12,6,3001
50.0,3,12,7,3010
50.0,3,12,8,3019
50.0,3,12,9,3029
50.0,3,12,10,3038
50.0,3,12,11,3047
50.0,3,12,12,3056
50.0,3,12,13,3065
50.0,3,12,14,3074
50.0,3,12,15,3083
50.0,3,13,0,2953
50.0,3,13,1,2963
50.0,3,13,2,2972
50.0,3,13,3,2982
50.0,3,13,4,2991
50.0,3,13,5,3001
50.0,3,13,6,3010
50.0,3,13,7,3019
50.0,3,13,8,3029
50.0,3,13,9,3038
50.0,3,13,10,3047
50.0,3,13,11,3056
50.0,3,13,12,3066
50.0,3,13,13,3075
50.0,3,13,14,3084
50.0,3,13,15,3093
50.0,3,14,0,2963
50.0,3,14,1,2972
50.0,3,14,2,2982
50.0,3,14,3,2991
50.0,3,14,4,3000
50.0,3,14,5,3010
50.0,3,14,6,3019
50.0,3,14,7,3029
50.0,3,14,8,3038
50.0,3,14,9,3047
50.0,3,14,10,3057
50.0,3,14,11,3066
50.0,3,14,12,3075
50.0,3,14,13,3084
50.0,3,14,14,3093
50.0,3,14,15,3103
50.0,3,15,0,2972
50.0,3,15,1,2981
50.0,3,15,2,2991
50.0,3,15,3,3000
50.0,3,15,4,3010
50.0,3,15,5,3019
50.0,3,15,6,3029
50.0,3,15,7,3038
50.0,3,15,8,3047
50.0,3,15,9,3057
50.0,3,15,10,3066
50.0,3,15,11,3075
50.0,3,15,12,3084
50.0,3,15,13,3094
50.0,3,15,14,3103
50.0,3,15,15,3112
50.0,4,0,0,2843
50.0,4,0,1,2852
50.0,4,0,2,2861
50.0,4,0,3,2871
50.0,4,0,4,2880
50.0,4,0,5,2889
50.0,4,0,6,2898
50.0,4,0,7,2907
50.0,4,0,8,2916
50.0,4,0,9,2925
50.0,4,0,10,2933
50.0,4,0,11,2942
50.0,4,0,12,2951
50.0,4,0,13,2960
50.0,4,0,14,2969
50.0,4,0,15,2978
50.0,4,1,0,2853
50.0,4,1,1,2862
50.0,4,1,2,2871
50.0,4,1,3,2880
50.0,4,1,4,2889
50.0,4,1,5,2898
50.0,4,1,6,2907
50.0,4,1,7,2916
50.0,4,1,8,2925
50.0,4,1,9,2934
50.0,4,1,10,2943
50.0,4,1,11,2952
50.0,4,1,12,2961
50.0,4,1,13,2970
50.0,4,1,14,2979
50.0,4,1,15,2988
50.0,4,2,0,2862
50.0,4,2,1,2871
50.0,4,2,2,2881
50.0,4,2,3,2890
50.0,4,2,4,2899
50.0,4,2,5,2908
50.0,4,2,6,2917
50.0,4,2,7,2926
50.0,4,2,8,2935
50.0,4,2,9,2944
50.0,4,2,10,2953
50.0,4,2,11,2962
50.0,4,2,12,2971
50.0,4,2,13,2980
50.0,4,2,14,2989
50.0,4,2,15,2997
50.0,4,3,0,2872
50.0,4,3,1,2881
50.0,4,3,2,2890
50.0,4,3,3,2899
50.0,4,3,4,2908
50.0,4,3,5,2918
50.0,4,3,6,2927
50.0,4,3,7,2936
50.0,4,3,8,2945
50.0,4,3,9,2954
50.0,4,3,10,2963
50.0,4,3,11,2972
50.0,4,3,12,2981
50.0,4,3,13,2990
50.0,4,3,14,2999
50.0,4,3,15,3007
50.0,4,4,0,2881
50.0,4,4,1,2890
50.0,4,4,2,2900
50.0,4,4,3,2909
50.0,4,4,4,2918
50.0,4,4,5,2927
50.0,4,4,6,2936
50.0,4,4,7,2945
50.0,4,4,8,2954
50.0,4,4,9,2964
50.0,4,4,10,2973
50.0,4,4,11,2982
50.0,4,4,12,2991
50.0,4,4,13,2999
50.0,4,4,14,3008
50.0,4,4,15,3017
50.0,4,5,0,2890
50.0,4,5,1,2900
50.0,4,5,2,2909
50.0,4,5,3,2918
50.0,4,5,4,2928
50.0,4,5,5,2937
50.0,4,5,6,2946
50.0,4,5,7,2955
50.0,4,5,8,2964
50.0,4,5,9,2973
50.0,4,5,10,2982
50.0,4,5,11,2991
50.0,4,5,12,3000
50.0,4,5,13,3009
50.0,4,5,14,3018
50.0,4,5,15,3027
50.0,4,6,0,2900
50.0,4,6,1,2909
50.0,4,6,2,2918
50.0,4,6,3,2928
50.0,4,6,4,2937
50.0,4,6,5,2946
50.0,4,6,6,2955
50.0,4,6,7,2965
50.0,4,6,8,2974
50.0,4,6,9,2983
50.0,4,6,10,2992
50.0,4,6,11,3001
50.0,4,6,12,3010
50.0,4,6,13,3019
50.0,4,6,14,3028
50.0,4,6,15,3037
50.0,4,7,0,2909
50.0,4,7,1,2919
50.0,4,7,2,2928
50.0,4,7,3,2937
50.0,4,7,4,2946
50.0,4,7,5,2956
50.0,4,7,6,2965
50.0,4,7,7,2974
50.0,4,7,8,2983
50.0,4,7,9,2992
50.0,4,7,10,3002
50.0,4,7,11,3011
50.0,4,7,12,3020
50.0,4,7,13,3029
50.0,4,7,14,3038
50.0,4,7,15,3047
50.0,4,8,0,2918
50.0,4,8,1,2928
50.0,4,8,2,2937
50.0,4,8,3,2947
50.0,4,8,4,2956
50.0,4,8,5,2965
50.0,4,8,6,2974
50.0,4,8,7,2984
50.0,4,8,8,2993
50.0,4,8,9,3002
50.0,4,8,10,3011
50.0,4,8,11,3020
50.0,4,8,12,3029
50.0,4,8,13,3038
50.0,4,8,14,3047
50.0,4,8,15,3056
50.0,4,9,0,2928
50.0,4,9,1,2937
50.0,4,9,2,2947
50.0,4,9,3,2956
50.0,4,9,4,2965
50.0,4,9,5,2975
50.0,4,9,6,2984
50.0,4,9,7,2993
50.0,4,9,8,3002
50.0,4,9,9,3012
50.0,4,9,10,3021
50.0,4,9,11,3030
50.0,4,9,12,3039
50.0,4,9,13,3048
50.0,4,9,14,3057
50.0,4,9,15,3066
50.0,4,10,0,2937
50.0,4,10,1,2946
50.0,4,10,2,2956
50.0,4,10,3,2965
50.0,4,10,4,2975
50.0,4,10,5,2984
50.0,4,10,6,2993
50.0,4,10,7,3003
50.0,4,10,8,3012
50.0,4,10,9,3021
50.0,4,10,10,3030
50.0,4,10,11,3039
50.0,4,10,12,3049
50.0,4,10,13,3058
50.0,4,10,14,3067
50.0,4,10,15,3076
50.0,4,11,0,2946
50.0,4,11,1,2956
50.0,4,11,2,2965
50.0,4,11,3,2975
50.0,4,11,4,2984
50.0,4,11,5,2993
50.0,4,11,6,3003
50.0,4,11,7,3012
50.0,4,11,8,3021
50.0,4,11,9,3031
50.0,4,11,10,3040
50.0,4,11,11,3049
50.0,4,11,12,3058
50.0,4,11,13,3067
50.0,4,11,14,3076
50.0,4,11,15,3086
50.0,4,12,0,2955
50.0,4,12,1,2965
50.0,4,12,2,2974
50.0,4,12,3,2984
50.0,4,12,4,2993
50.0,4,12,5,3003
50.0,4,12,6,3012
50.0,4,12,7,3021
50.0,4,12,8,3031
50.0,4,12,9,3040
50.0,4,12,10,3049
50.0,4,12,11,3059
50.0,4,12,12,3068
50.0,4,12,13,3077
50.0,4,12,14,3086
50.0,4,12,15,3095
50.0,4,13,0,2965
50.0,4,13,1,2974
50.0,4,13,2,2984
50.0,4,13,3,2993
50.0,4,13,4,3003
50.0,4,13,5,3012
50.0,4,13,6,3021
50.0,4,13,7,3031
50.0,4,13,8,3040
50.0,4,13,9,3049
50.0,4,13,10,3059
50.0,4,13,11,3068
50.0,4,13,12,3077
50.0,4,13,13,3086
50.0,4,13,14,3096
50.0,4,13,15,3105
50.0,4,14,0,2974
50.0,4,14,1,2983
50.0,4,14,2,2993
50.0,4,14,3,3002
50.0,4,14,4,3012
50.0,4,14,5,3021
50.0,4,14,6,3031
50.0,4,14,7,3040
50.0,4,14,8,3050
50.0,4,14,9,3059
50.0,4,14,10,3068
50.0,4,14,11,3077
50.0,4,14,12,3087
50.0,4,14,13,3096
50.0,4,14,14,3105
50.0,4,14,15,3114
50.0,4,15,0,2983
50.0,4,15,1,2992
50.0,4,15,2,3002
50.0,4,15,3,3012
50.0,4,15,4,3021
50.0,4,15,5,3031
50.0,4,15,6,3040
50.0,4,15,7,3049
50.0,4,15,8,3059
50.0,4,15,9,3068
50.0,4,15,10,3078
50.0,4,15,11,3087
50.0,4,15,12,3096
50.0,4,15,13,3105
50.0,4,15,14,3115
50.0,4,15,15,3124
50.0,5,0,0,2854
50.0,5,0,1,2863
50.0,5,0,2,2872
50.0,5,0,3,2881
50.0,5,0,4,2890
50.0,5,0,5,2900
50.0,5,0,6,2909
50.0,5,0,7,2918
50.0,5,0,8,2927
50.0,5,0,9,2936
50.0,5,0,10,2945
50.0,5,0,11,2953
50.0,5,0,12,2962
50.0,5,0,13,2971
50.0,5,0,14,2980
50.0,5,0,15,2989
50.0,5,1,0,2863
50.0,5,1,1,2873
50.0,5,1,2,2882
50.0,5,1,3,2891
50.0,5,1,4,2900
50.0,5,1,5,2909
50.0,5,1,6,2918
50.0,5,1,7,2927
50.0,5,1,8,2936
50.0,5,1,9,2945
50.0,5,1,10,2954
50.0,5,1,11,2963
50.0,5,1,12,2972
50.0,5,1,13,2981
50.0,5,1,14,2990
50.0,5,1,15,2999
50.0,5,2,0,2873
50.0,5,2,1,2882
50.0,5,2,2,2891
50.0,5,2,3,2901
50.0,5,2,4,2910
50.0,5,2,5,2919
50.0,5,2,6,2928
50.0,5,2,7,2937
50.0,5,2,8,2946
50.0,5,2,9,2955
50.0,5,2,10,2964
50.0,5,2,11,2973
50.0,5,2,12,2982
50.0,5,2,13,2991
50.0,5,2,14,3000
50.0,5,2,15,3009
50.0,5,3,0,2882
50.0,5,3,1,2892
50.0,5,3,2,2901
50.0,5,3,3,2910
50.0,5,3,4,2919
50.0,5,3,5,2929
50.0,5,3,6,2938
50.0,5,3,7,2947
50.0,5,3,8,2956
50.0,5,3,9,2965
50.0,5,3,10,2974
50.0,5,3,11,2983
50.0,5,3,12,2992
50.0,5,3,13,3001
50.0,5,3,14,3010
50.0,5,3,15,3019
50.0,5,4,0,2892
50.0,5,4,1,2901
50.0,5,4,2,2911
50.0,5,4,3,2920
50.0,5,4,4,2929
50.0,5,4,5,2938
50.0,5,4,6,2947
50.0,5,4,7,2957
50.0,5,4,8,2966
50.0,5,4,9,2975
50.0,5,4,10,2984
50.0,5,4,11,2993
50.0,5,4,12,3002
50.0,5,4,13,3011
50.0,5,4,14,3020
50.0,5,4,15,3029
50.0,5,5,0,2901
50.0,5,5,1,2911
50.0,5,5,2,2920
50.0,5,5,3,2929
50.0,5,5,4,2939
50.0,5,5,5,2948
50.0,5,5,6,2957
50.0,5,5,7,2966
50.0,5,5,8,2975
50.0,5,5,9,2984
50.0,5,5,10,2994
50.0,5,5,11,3003
50.0,5,5,12,3012
50.0,5,5,13,3021
50.0,5,5,14,3030
50.0,5,5,15,3039
50.0,5,6,0,2911
50.0,5,6,1,2920
50.0,5,6,2,2929
50.0,5,6,3,2939
50.0,5,6,4,2948
50.0,5,6,5,2957
50.0,5,6,6,2967
50.0,5,6,7,2976
50.0,5,6,8,2985
50.0,5,6,9,2994
50.0,5,6,10,3003
50.0,5,6,11,3012
50.0,5,6,12,3021
50.0,5,6,13,3030
50.0,5,6,14,3039
50.0,5,6,15,3048
50.0,5,7,0,2920
50.0,5,7,1,2930
50.0,5,7,2,2939
50.0,5,7,3,2948
50.0,5,7,4,2958
50.0,5,7,5,2967
50.0,5,7,6,2976
50.0,5,7,7,2985
50.0,5,7,8,2995
50.0,5,7,9,3004
50.0,5,7,10,3013
50.0,5,7,11,3022
50.0,5,7,12,3031
50.0,5,7,13,3040
50.0,5,7,14,3049
50.0,5,7,15,3058
50.0,5,8,0,2929
50.0,5,8,1,2939
50.0,5,8,2,2948
50.0,5,8,3,2958
50.0,5,8,4,2967
50.0,5,8,5,2976
50.0,5,8,6,2986
50.0,5,8,7,2995
50.0,5,8,8,3004
50.0,5,8,9,3013
50.0,5,8,10,3023
50.0,5,8,11,3032
50.0,5,8,12,3041
50.0,5,8,13,3050
50.0,5,8,14,3059
50.0,5,8,15,3068
50.0,5,9,0,2939
50.0,5,9,1,2948
50.0,5,9,2,2958
50.0,5,9,3,2967
50.0,5,9,4,2976
50.0,5,9,5,2986
50.0,5,9,6,2995
50.0,5,9,7,3004
50.0,5,9,8,3014
50.0,5,9,9,3023
50.0,5,9,10,3032
50.0,5,9,11,3041
50.0,5,9,12,3050
50.0,5,9,13,3060
50.0,5,9,14,3069
50.0,5,9,15,3078
50.0,5,10,0,2948
50.0,5,10,1,2958
50.0,5,10,2,2967
50.0,5,10,3,2976
50.0,5,10,4,2986
50.0,5,10,5,2995
50.0,5,10,6,3005
50.0,5,10,7,3014
50.0,5,10,8,3023
50.0,5,10,9,3032
50.0,5,10,10,3042
50.0,5,10,11,3051
50.0,5,10,12,3060
50.0,5,10,13,3069
50.0,5,10,14,3078
50.0,5,10,15,3087
50.0,5,11,0,2957
50.0,5,11,1,2967
50.0,5,11,2,2976
50.0,5,11,3,2986
50.0,5,11,4,2995
50.0,5,11,5,3005
50.0,5,11,6,3014
50.0,5,11,7,3023
50.0,5,11,8,3033
50.0,5,11,9,3042
50.0,5,11,10,3051
50.0,5,11,11,3061
50.0,5,11,12,3070
50.0,5,11,13,3079
50.0,5,11,14,3088
50.0,5,11,15,3097
50.0,5,12,0,2967
50.0,5,12,1,2976
50.0,5,12,2,2986
50.0,5,12,3,2995
50.0,5,12,4,3005
50.0,5,12,5,3014
50.0,5,12,6,3023
50.0,5,12,7,3033
50.0,5,12,8,3042
50.0,5,12,9,3052
50.0,5,12,10,3061
50.0,5,12,11,3070
50.0,5,12,12,3079
50.0,5,12,13,3089
50.0,5,12,14,3098
50.0,5,12,15,3107
50.0,5,13,0,2976
50.0,5,13,1,2985
50.0,5,13,2,2995
50.0,5,13,3,3004
50.0,5,13,4,3014
50.0,5,13,5,3023
50.0,5,13,6,3033
50.0,5,13,7,3042
50.0,5,13,8,3052
50.0,5,13,9,3061
50.0,5,13,10,3070
50.0,5,13,11,3080
50.0,5,13,12,3089
50.0,5,13,13,3098
50.0,5,13,14,3107
50.0,5,13,15,3116
50.0,5,14,0,2985
50.0,5,14,1,2995
50.0,5,14,2,3004
50.0,5,14,3,3014
50.0,5,14,4,3023
50.0,5,14,5,3033
50.0,5,14,6,3042
50.0,5,14,7,3052
50.0,5,14,8,3061
50.0,5,14,9,3070
50.0,5,14,10,3080
50.0,5,14,11,3089
50.0,5,14,12,3098
50.0,5,14,13,3108
50.0,5,14,14,3117
50.0,5,14,15,3126
50.0,5,15,0,2994
50.0,5,15,1,3004
50.0,5,15,2,3013
50.0,5,15,3,3023
50.0,5,15,4,3032
50.0,5,15,5,3042
50.0,5,15,6,3052
50.0,5,15,7,3061
50.0,5,15,8,3070
50.0,5,15,9,3080
50.0,5,15,10,3089
50.0,5,15,11,3099
50.0,5,15,12,3108
50.0,5,15,13,3117
50.0,5,15,14,3126
50.0,5,15,15,3136
50.0,6,0,0,2865
50.0,6,0,1,2874
50.0,6,0,2,2883
50.0,6,0,3,2892
50.0,6,0,4,2901
50.0,6,0,5,2910
50.0,6,0,6,2920
50.0,6,0,7,2929
50.0,6,0,8,2938
50.0,6,0,9,2947
50.0,6,0,10,2956
50.0,6,0,11,2965
50.0,6,0,12,2973
50.0,6,0,13,2982
50.0,6,0,14,2991
50.0,6,0,15,3000
50.0,6,1,0,2874
50.0,6,1,1,2883
50.0,6,1,2,2893
50.0,6,1,3,2902
50.0,6,1,4,2911
50.0,6,1,5,2920
50.0,6,1,6,2929
50.0,6,1,7,2938
50.0,6,1,8,2947
50.0,6,1,9,2956
50.0,6,1,10,2965
50.0,6,1,11,2974
50.0,6,1,12,2983
50.0,6,1,13,2992
50.0,6,1,14,3001
50.0,6,1,15,3010
50.0,6,2,0,2884
50.0,6,2,1,2893
50.0,6,2,2,2902
50.0,6,2,3,2912
50.0,6,2,4,2921
50.0,6,2,5,2930
50.0,6,2,6,2939
50.0,6,2,7,2948
50.0,6,2,8,2957
50.0,6,2,9,2966
50.0,6,2,10,2975
50.0,6,2,11,2984
50.0,6,2,12,2993
50.0,6,2,13,3002
50.0,6,2,14,3011
50.0,6,2,15,3020
50.0,6,3,0,2893
50.0,6,3,1,2903
50.0,6,3,2,2912
50.0,6,3,3,2921
50.0,6,3,4,2930
50.0,6,3,5,2940
50.0,6,3,6,2949
50.0,6,3,7,2958
50.0,6,3,8,2967
50.0,6,3,9,2976
50.0,6,3,10,2985
50.0,6,3,11,2994
50.0,6,3,12,3003
50.0,6,3,13,3012
50.0,6,3,14,3021
50.0,6,3,15,3030
50.0,6,4,0,2903
50.0,6,4,1,2912
50.0,6,4,2,2921
50.0,6,4,3,2931
50.0,6,4,4,2940
50.0,6,4,5,2949
50.0,6,4,6,2958
50.0,6,4,7,2968
50.0,6,4,8,2977
50.0,6,4,9,2986
50.0,6,4,10,2995
50.0,6,4,11,3004
50.0,6,4,12,3013
50.0,6,4,13,3022
50.0,6,4,14,3031
50.0,6,4,15,3040
50.0,6,5,0,2912
50.0,6,5,1,2922
50.0,6,5,2,2931
50.0,6,5,3,2940
50.0,6,5,4,2950
50.0,6,5,5,2959
50.0,6,5,6,2968
50.0,6,5,7,2977
50.0,6,5,8,2986
50.0,6,5,9,2996
50.0,6,5,10,3005
50.0,6,5,11,3014
50.0,6,5,12,3023
50.0,6,5,13,3032
50.0,6,5,14,3041
50.0,6,5,15,3050
50.0,6,6,0,2922
50.0,6,6,1,2931
50.0,6,6,2,2941
50.0,6,6,3,2950
50.0,6,6,4,2959
50.0,6,6,5,2968
50.0,6,6,6,2978
50.0,6,6,7,2987
50.0,6,6,8,2996
50.0,6,6,9,3005
50.0,6,6,10,3015
50.0,6,6,11,3024
50.0,6,6,12,3033
50.0,6,6,13,3042
50.0,6,6,14,3051
50.0,6,6,15,3060
50.0,6,7,0,2931
50.0,6,7,1,2941
50.0,6,7,2,2950
50.0,6,7,3,2959
50.0,6,7,4,2969
50.0,6,7,5,2978
50.0,6,7,6,2987
50.0,6,7,7,2997
50.0,6,7,8,3006
50.0,6,7,9,3015
50.0,6,7,10,3024
50.0,6,7,11,3033
50.0,6,7,12,3042
50.0,6,7,13,3052
50.0,6,7,14,3061
50.0,6,7,15,3070
50.0,6,8,0,2941
50.0,6,8,1,2950
50.0,6,8,2,2959
50.0,6,8,3,2969
50.0,6,8,4,2978
50.0,6,8,5,2988
50.0,6,8,6,2997
50.0,6,8,7,3006
50.0,6,8,8,3015
50.0,6,8,9,3025
50.0,6,8,10,3034
50.0,6,8,11,3043
50.0,6,8,12,3052
50.0,6,8,13,3061
50.0,6,8,14,3070
50.0,6,8,15,3080
50.0,6,9,0,2950
50.0,6,9,1,2959
50.0,6,9,2,2969
50.0,6,9,3,2978
50.0,6,9,4,2988
50.0,6,9,5,2997
50.0,6,9,6,3006
50.0,6,9,7,3016
50.0,6,9,8,3025
50.0,6,9,9,3034
50.0,6,9,10,3044
50.0,6,9,11,3053
50.0,6,9,12,3062
50.0,6,9,13,3071
50.0,6,9,14,3080
50.0,6,9,15,3089
50.0,6,10,0,2959
50.0,6,10,1,2969
50.0,6,10,2,2978
50.0,6,10,3,2988
50.0,6,10,4,2997
50.0,6,10,5,3007
50.0,6,10,6,3016
50.0,6,10,7,3025
50.0,6,10,8,3035
50.0,6,10,9,3044
50.0,6,10,10,3053
50.0,6,10,11,3062
50.0,6,10,12,3072
50.0,6,10,13,3081
50.0,6,10,14,3090
50.0,6,10,15,3099
50.0,6,11,0,2968
50.0,6,11,1,2978
50.0,6,11,2,2988
50.0,6,11,3,2997
50.0,6,11,4,3007
50.0,6,11,5,3016
50.0,6,11,6,3025
50.0,6,11,7,3035
50.0,6,11,8,3044
50.0,6,11,9,3053
50.0,6,11,10,3063
50.0,6,11,11,3072
50.0,6,11,12,3081
50.0,6,11,13,3090
50.0,6,11,14,3100
50.0,6,11,15,3109
50.0,6,12,0,2978
50.0,6,12,1,2987
50.0,6,12,2,2997
50.0,6,12,3,3006
50.0,6,12,4,3016
50.0,6,12,5,3025
50.0,6,12,6,3035
50.0,6,12,7,3044
50.0,6,12,8,3054
50.0,6,12,9,3063
50.0,6,12,10,3072
50.0,6,12,11,3082
50.0,6,12,12,3091
50.0,6,12,13,3100
50.0,6,12,14,3109
50.0,6,12,15,3119
50.0,6,13,0,2987
50.0,6,13,1,2997
50.0,6,13,2,3006
50.0,6,13,3,3016
50.0,6,13,4,3025
50.0,6,13,5,3035
50.0,6,13,6,3044
50.0,6,13,7,3054
50.0,6,13,8,3063
50.0,6,13,9,3072
50.0,6,13,10,3082
50.0,6,13,11,3091
50.0,6,13,12,3100
50.0,6,13,13,3110
50.0,6,13,14,3119
50.0,6,13,15,3128
50.0,6,14,0,2996
50.0,6,14,1,3006
50.0,6,14,2,3015
50.0,6,14,3,3025
50.0,6,14,4,3035
50.0,6,14,5,3044
50.0,6,14,6,3054
50.0,6,14,7,3063
50.0,6,14,8,3073
50.0,6,14,9,3082
50.0,6,14,10,3091
50.0,6,14,11,3101
50.0,6,14,12,3110
50.0,6,14,13,3119
50.0,6,14,14,3129
50.0,6,14,15,3138
50.0,6,15,0,3005
50.0,6,15,1,3015
50.0,6,15,2,3025
50.0,6,15,3,3034
50.0,6,15,4,3044
50.0,6,15,5,3053
50.0,6,15,6,3063
50.0,6,15,7,3072
50.0,6,15,8,3082
50.0,6,15,9,3091
50.0,6,15,10,3101
50.0,6,15,11,3110
50.0,6,15,12,3120
50.0,6,15,13,3129
50.0,6,15,14,3138
50.0,6,15,15,3147
50.0,7,0,0,2875
50.0,7,0,1,2885
50.0,7,0,2,2894
50.0,7,0,3,2903
50.0,7,0,4,2912
50.0,7,0,5,2921
50.0,7,0,6,2930
50.0,7,0,7,2940
50.0,7,0,8,2949
50.0,7,0,9,2958
50.0,7,0,10,2967
50.0,7,0,11,2976
50.0,7,0,12,2985
50.0,7,0,13,2993
50.0,7,0,14,3002
50.0,7,0,15,3011
50.0,7,1,0,2885
50.0,7,1,1,2894
50.0,7,1,2,2904
50.0,7,1,3,2913
50.0,7,1,4,2922
50.0,7,1,5,2931
50.0,7,1,6,2940
50.0,7,1,7,2949
50.0,7,1,8,2958
50.0,7,1,9,2968
50.0,7,1,10,2977
50.0,7,1,11,2986
50.0,7,1,12,2995
50.0,7,1,13,3004
50.0,7,1,14,3012
50.0,7,1,15,3021
50.0,7,2,0,2895
50.0,7,2,1,2904
50.0,7,2,2,2913
50.0,7,2,3,2922
50.0,7,2,4,2932
50.0,7,2,5,2941
50.0,7,2,6,2950
50.0,7,2,7,2959
50.0,7,2,8,2968
50.0,7,2,9,2977
50.0,7,2,10,2986
50.0,7,2,11,2996
50.0,7,2,12,3005
50.0,7,2,13,3014
50.0,7,2,14,3022
50.0,7,2,15,3031
50.0,7,3,0,2904
50.0,7,3,1,2913
50.0,7,3,2,2923
50.0,7,3,3,2932
50.0,7,3,4,2941
50.0,7,3,5,2951
50.0,7,3,6,2960
50.0,7,3,7,2969
50.0,7,3,8,2978
50.0,7,3,9,2987
50.0,7,3,10,2996
50.0,7,3,11,3005
50.0,7,3,12,3014
50.0,7,3,13,3023
50.0,7,3,14,3032
50.0,7,3,15,3041
50.0,7,4,0,2914
50.0,7,4,1,2923
50.0,7,4,2,2932
50.0,7,4,3,2942
50.0,7,4,4,2951
50.0,7,4,5,2960
50.0,7,4,6,2970
50.0,7,4,7,2979
50.0,7,4,8,2988
50.0,7,4,9,2997
50.0,7,4,10,3006
50.0,7,4,11,3015
50.0,7,4,12,3024
50.0,7,4,13,3033
50.0,7,4,14,3042
50.0,7,4,15,3051
50.0,7,5,0,2923
50.0,7,5,1,2933
50.0,7,5,2,2942
50.0,7,5,3,2951
50.0,7,5,4,2961
50.0,7,5,5,2970
50.0,7,5,6,2979
50.0,7,5,7,2988
50.0,7,5,8,2998
50.0,7,5,9,3007
50.0,7,5,10,3016
50.0,7,5,11,3025
50.0,7,5,12,3034
50.0,7,5,13,3043
50.0,7,5,14,3052
50.0,7,5,15,3061
50.0,7,6,0,2933
50.0,7,6,1,2942
50.0,7,6,2,2952
50.0,7,6,3,2961
50.0,7,6,4,2970
50.0,7,6,5,2980
50.0,7,6,6,2989
50.0,7,6,7,2998
50.0,7,6,8,3007
50.0,7,6,9,3017
50.0,7,6,10,3026
50.0,7,6,11,3035
50.0,7,6,12,3044
50.0,7,6,13,3053
50.0,7,6,14,3062
50.0,7,6,15,3071
50.0,7,7,0,2942
50.0,7,7,1,2952
50.0,7,7,2,2961
50.0,7,7,3,2970
50.0,7,7,4,2980
50.0,7,7,5,2989
50.0,7,7,6,2999
50.0,7,7,7,3008
50.0,7,7,8,3017
50.0,7,7,9,3026
50.0,7,7,10,3036
50.0,7,7,11,3045
50.0,7,7,12,3054
50.0,7,7,13,3063
50.0,7,7,14,3072
50.0,7,7,15,3081
50.0,7,8,0,2952
50.0,7,8,1,2961
50.0,7,8,2,2971
50.0,7,8,3,2980
50.0,7,8,4,2989
50.0,7,8,5,2999
50.0,7,8,6,3008
50.0,7,8,7,3017
50.0,7,8,8,3027
50.0,7,8,9,3036
50.0,7,8,10,3045
50.0,7,8,11,3054
50.0,7,8,12,3064
50.0,7,8,13,3073
50.0,7,8,14,3082
50.0,7,8,15,3091
50.0,7,9,0,2961
50.0,7,9,1,2970
50.0,7,9,2,2980
50.0,7,9,3,2989
50.0,7,9,4,2999
50.0,7,9,5,3008
50.0,7,9,6,3018
50.0,7,9,7,3027
50.0,7,9,8,3036
50.0,7,9,9,3046
50.0,7,9,10,3055
50.0,7,9,11,3064
50.0,7,9,12,3073
50.0,7,9,13,3083
50.0,7,9,14,3092
50.0,7,9,15,3101
50.0,7,10,0,2970
50.0,7,10,1,2980
50.0,7,10,2,2989
50.0,7,10,3,2999
50.0,7,10,4,3008
50.0,7,10,5,3018
50.0,7,10,6,3027
50.0,7,10,7,3037
50.0,7,10,8,3046
50.0,7,10,9,3055
50.0,7,10,10,3065
50.0,7,10,11,3074
50.0,7,10,12,3083
50.0,7,10,13,3092
50.0,7,10,14,3102
50.0,7,10,15,3111
50.0,7,11,0,2980
50.0,7,11,1,2989
50.0,7,11,2,2999
50.0,7,11,3,3008
50.0,7,11,4,3018
50.0,7,11,5,3027
50.0,7,11,6,3037
50.0,7,11,7,3046
50.0,7,11,8,3056
50.0,7,11,9,3065
50.0,7,11,10,3074
50.0,7,11,11,3084
50.0,7,11,12,3093
50.0,7,11,13,3102
50.0,7,11,14,3111
50.0,7,11,15,3120
50.0,7,12,0,2989
50.0,7,12,1,2999
50.0,7,12,2,3008
50.0,7,12,3,3018
50.0,7,12,4,3027
50.0,7,12,5,3037
50.0,7,12,6,3046
50.0,7,12,7,3056
50.0,7,12,8,3065
50.0,7,12,9,3074
50.0,7,12,10,3084
50.0,7,12,11,3093
50.0,7,12,12,3102
50.0,7,12,13,3112
50.0,7,12,14,3121
50.0,7,12,15,3130
50.0,7,13,0,2998
50.0,7,13,1,3008
50.0,7,13,2,3017
50.0,7,13,3,3027
50.0,7,13,4,3037
50.0,7,13,5,3046
50.0,7,13,6,3056
50.0,7,13,7,3065
50.0,7,13,8,3075
50.0,7,13,9,3084
50.0,7,13,10,3093
50.0,7,13,11,3103
50.0,7,13,12,3112
50.0,7,13,13,3121
50.0,7,13,14,3131
50.0,7,13,15,3140
50.0,7,14,0,3007
50.0,7,14,1,3017
50.0,7,14,2,3027
50.0,7,14,3,3036
50.0,7,14,4,3046
50.0,7,14,5,3056
50.0,7,14,6,3065
50.0,7,14,7,3075
50.0,7,14,8,3084
50.0,7,14,9,3093
50.0,7,14,10,3103
50.0,7,14,11,3112
50.0,7,14,12,3122
50.0,7,14,13,3131
50.0,7,14,14,3140
50.0,7,14,15,3150
50.0,7,15,0,3017
50.0,7,15,1,3026
50.0,7,15,2,3036
50.0,7,15,3,3046
50.0,7,15,4,3055
50.0,7,15,5,3065
50.0,7,15,6,3074
50.0,7,15,7,3084
50.0,7,15,8,3093
50.0,7,15,9,3103
50.0,7,15,10,3112
50.0,7,15,11,3122
50.0,7,15,12,3131
50.0,7,15,13,3141
50.0,7,15,14,3150
50.0,7,15,15,3159
50.0,8,0,0,2886
50.0,8,0,1,2895
50.0,8,0,2,2905
50.0,8,0,3,2914
50.0,8,0,4,2923
50.0,8,0,5,2932
50.0,8,0,6,2941
50.0,8,0,7,2951
50.0,8,0,8,2960
50.0,8,0,9,2969
50.0,8,0,10,2978
50.0,8,0,11,2987
50.0,8,0,12,2996
50.0,8,0,13,3005
50.0,8,0,14,3014
50.0,8,0,15,3023
50.0,8,1,0,2896
50.0,8,1,1,2905
50.0,8,1,2,2914
50.0,8,1,3,2924
50.0,8,1,4,2933
50.0,8,1,5,2942
50.0,8,1,6,2951
50.0,8,1,7,2960
50.0,8,1,8,2970
50.0,8,1,9,2979
50.0,8,1,10,2988
50.0,8,1,11,2997
50.0,8,1,12,3006
50.0,8,1,13,3015
50.0,8,1,14,3024
50.0,8,1,15,3033
50.0,8,2,0,2905
50.0,8,2,1,2915
50.0,8,2,2,2924
50.0,8,2,3,2933
50.0,8,2,4,2943
50.0,8,2,5,2952
50.0,8,2,6,2961
50.0,8,2,7,2970
50.0,8,2,8,2979
50.0,8,2,9,2989
50.0,8,2,10,2998
50.0,8,2,11,3007
50.0,8,2,12,3016
50.0,8,2,13,3025
50.0,8,2,14,3034
50.0,8,2,15,3043
50.0,8,3,0,2915
50.0,8,3,1,2924
50.0,8,3,2,2934
50.0,8,3,3,2943
50.0,8,3,4,2952
50.0,8,3,5,2962
50.0,8,3,6,2971
50.0,8,3,7,2980
50.0,8,3,8,2989
50.0,8,3,9,2998
50.0,8,3,10,3008
50.0,8,3,11,3017
50.0,8,3,12,3026
50.0,8,3,13,3035
50.0,8,3,14,3044
50.0,8,3,15,3053
50.0,8,4,0,2925
50.0,8,4,1,2934
50.0,8,4,2,2943
50.0,8,4,3,2953
50.0,8,4,4,2962
50.0,8,4,5,2971
50.0,8,4,6,2981
50.0,8,4,7,2990
50.0,8,4,8,2999
50.0,8,4,9,3008
50.0,8,4,10,3017
50.0,8,4,11,3027
50.0,8,4,12,3036
50.0,8,4,13,3045
50.0,8,4,14,3054
50.0,8,4,15,3063
50.0,8,5,0,2934
50.0,8,5,1,2944
50.0,8,5,2,2953
50.0,8,5,3,2962
50.0,8,5,4,2972
50.0,8,5,5,2981
50.0,8,5,6,2990
50.0,8,5,7,3000
50.0,8,5,8,3009
50.0,8,5,9,3018
50.0,8,5,10,3027
50.0,8,5,11,3036
50.0,8,5,12,3046
50.0,8,5,13,3055
50.0,8,5,14,3064
50.0,8,5,15,3073
50.0,8,6,0,2944
50.0,8,6,1,2953
50.0,8,6,2,2963
50.0,8,6,3,2972
50.0,8,6,4,2981
50.0,8,6,5,2991
50.0,8,6,6,3000
50.0,8,6,7,3009
50.0,8,6,8,3019
50.0,8,6,9,3028
50.0,8,6,10,3037
50.0,8,6,11,3046
50.0,8,6,12,3055
50.0,8,6,13,3065
50.0,8,6,14,3074
50.0,8,6,15,3083
50.0,8,7,0,2953
50.0,8,7,1,2963
50.0,8,7,2,2972
50.0,8,7,3,2982
50.0,8,7,4,2991
50.0,8,7,5,3000
50.0,8,7,6,3010
50.0,8,7,7,3019
50.0,8,7,8,3028
50.0,8,7,9,3038
50.0,8,7,10,3047
50.0,8,7,11,3056
50.0,8,7,12,3065
50.0,8,7,13,3074
50.0,8,7,14,3084
50.0,8,7,15,3093
50.0,8,8,0,2963
50.0,8,8,1,2972
50.0,8,8,2,2982
50.0,8,8,3,2991
50.0,8,8,4,3001
50.0,8,8,5,3010
50.0,8,8,6,3019
50.0,8,8,7,3029
50.0,8,8,8,3038
50.0,8,8,9,3047
50.0,8,8,10,3057
50.0,8,8,11,3066
50.0,8,8,12,3075
50.0,8,8,13,3084
50.0,8,8,14,3093
50.0,8,8,15,3103
50.0,8,9,0,2972
50.0,8,9,1,2982
50.0,8,9,2,2991
50.0,8,9,3,3001
50.0,8,9,4,3010
50.0,8,9,5,3020
50.0,8,9,6,3029
50.0,8,9,7,3038
50.0,8,9,8,3048
50.0,8,9,9,3057
50.0,8,9,10,3066
50.0,8,9,11,3076
50.0,8,9,12,3085
50.0,8,9,13,3094
50.0,8,9,14,3103
50.0,8,9,15,3112
50.0,8,10,0,2981
50.0,8,10,1,2991
50.0,8,10,2,3001
50.0,8,10,3,3010
50.0,8,10,4,3020
50.0,8,10,5,3029
50.0,8,10,6,3039
50.0,8,10,7,3048
50.0,8,10,8,3057
50.0,8,10,9,3067
50.0,8,10,10,3076
50.0,8,10,11,3085
50.0,8,10,12,3095
50.0,8,10,13,3104
50.0,8,10,14,3113
50.0,8,10,15,3122
50.0,8,11,0,2991
50.0,8,11,1,3000
50.0,8,11,2,3010
50.0,8,11,3,3020
50.0,8,11,4,3029
50.0,8,11,5,3039
50.0,8,11,6,3048
50.0,8,11,7,3058
50.0,8,11,8,3067
50.0,8,11,9,3076
50.0,8,11,10,3086
50.0,8,11,11,3095
50.0,8,11,12,3104
50.0,8,11,13,3114
50.0,8,11,14,3123
50.0,8,11,15,3132
50.0,8,12,0,3000
50.0,8,12,1,3010
50.0,8,12,2,3019
50.0,8,12,3,3029
50.0,8,12,4,3039
50.0,8,12,5,3048
50.0,8,12,6,3058
50.0,8,12,7,3067
50.0,8,12,8,3077
50.0,8,12,9,3086
50.0,8,12,10,3095
50.0,8,12,11,3105
50.0,8,12,12,3114
50.0,8,12,13,3123
50.0,8,12,14,3133
50.0,8,12,15,3142
50.0,8,13,0,3009
50.0,8,13,1,3019
50.0,8,13,2,3029
50.0,8,13,3,3038
50.0,8,13,4,3048
50.0,8,13,5,3058
50.0,8,13,6,3067
50.0,8,13,7,3077
50.0,8,13,8,3086
50.0,8,13,9,3095
50.0,8,13,10,3105
50.0,8,13,11,3114
50.0,8,13,12,3124
50.0,8,13,13,3133
50.0,8,13,14,3142
50.0,8,13,15,3152
50.0,8,14,0,3019
50.0,8,14,1,3028
50.0,8,14,2,3038
50.0,8,14,3,3048
50.0,8,14,4,3057
50.0,8,14,5,3067
50.0,8,14,6,3077
50.0,8,14,7,3086
50.0,8,14,8,3096
50.0,8,14,9,3105
50.0,8,14,10,3114
50.0,8,14,11,3124
50.0,8,14,12,3133
50.0,8,14,13,3143
50.0,8,14,14,3152
50.0,8,14,15,3161
50.0,8,15,0,3028
50.0,8,15,1,3038
50.0,8,15,2,3047
50.0,8,15,3,3057
50.0,8,15,4,3067
50.0,8,15,5,3076
50.0,8,15,6,3086
50.0,8,15,7,3095
50.0,8,15,8,3105
50.0,8,15,9,3115
50.0,8,15,10,3124
50.0,8,15,11,3133
50.0,8,15,12,3143
50.0,8,15,13,3152
50.0,8,15,14,3162
50.0,8,15,15,3171
50.0,9,0,0,2897
50.0,9,0,1,2906
50.0,9,0,2,2915
50.0,9,0,3,2925
50.0,9,0,4,2934
50.0,9,0,5,2943
50.0,9,0,6,2952
50.0,9,0,7,2961
50.0,9,0,8,2971
50.0,9,0,9,2980
50.0,9,0,10,2989
50.0,9,0,11,2998
50.0,9,0,12,3007
50.0,9,0,13,3016
50.0,9,0,14,3025
50.0,9,0,15,3034
50.0,9,1,0,2906
50.0,9,1,1,2916
50.0,9,1,2,2925
50.0,9,1,3,2934
50.0,9,1,4,2944
50.0,9,1,5,2953
50.0,9,1,6,2962
50.0,9,1,7,2971
50.0,9,1,8,2981
50.0,9,1,9,2990
50.0,9,1,10,2999
50.0,9,1,11,3008
50.0,9,1,12,3017
50.0,9,1,13,3026
50.0,9,1,14,3035
50.0,9,1,15,3044
50.0,9,2,0,2916
50.0,9,2,1,2926
50.0,9,2,2,2935
50.0,9,2,3,2944
50.0,9,2,4,2954
50.0,9,2,5,2963
50.0,9,2,6,2972
50.0,9,2,7,2981
50.0,9,2,8,2990
50.0,9,2,9,3000
50.0,9,2,10,3009
50.0,9,2,11,3018
50.0,9,2,12,3027
50.0,9,2,13,3036
50.0,9,2,14,3045
50.0,9,2,15,3054
50.0,9,3,0,2926
50.0,9,3,1,2935
50.0,9,3,2,2945
50.0,9,3,3,2954
50.0,9,3,4,2963
50.0,9,3,5,2973
50.0,9,3,6,2982
50.0,9,3,7,2991
50.0,9,3,8,3000
50.0,9,3,9,3010
50.0,9,3,10,3019
50.0,9,3,11,3028
50.0,9,3,12,3037
50.0,9,3,13,3046
50.0,9,3,14,3055
50.0,9,3,15,3064
50.0,9,4,0,2935
50.0,9,4,1,2945
50.0,9,4,2,2954
50.0,9,4,3,2964
50.0,9,4,4,2973
50.0,9,4,5,2982
50.0,9,4,6,2992
50.0,9,4,7,3001
50.0,9,4,8,3010
50.0,9,4,9,3019
50.0,9,4,10,3029
50.0,9,4,11,3038
50.0,9,4,12,3047
50.0,9,4,13,3056
50.0,9,4,14,3065
50.0,9,4,15,3074
50.0,9,5,0,2945
50.0,9,5,1,2954
50.0,9,5,2,2964
50.0,9,5,3,2973
50.0,9,5,4,2983
50.0,9,5,5,2992
50.0,9,5,6,3001
50.0,9,5,7,3011
50.0,9,5,8,3020
50.0,9,5,9,3029
50.0,9,5,10,3039
50.0,9,5,11,3048
50.0,9,5,12,3057
50.0,9,5,13,3066
50.0,9,5,14,3075
50.0,9,5,15,3084
50.0,9,6,0,2955
50.0,9,6,1,2964
50.0,9,6,2,2974
50.0,9,6,3,2983
50.0,9,6,4,2992
50.0,9,6,5,3002
50.0,9,6,6,3011
50.0,9,6,7,3021
50.0,9,6,8,3030
50.0,9,6,9,3039
50.0,9,6,10,3048
50.0,9,6,11,3058
50.0,9,6,12,3067
50.0,9,6,13,3076
50.0,9,6,14,3085
50.0,9,6,15,3094
50.0,9,7,0,2964
50.0,9,7,1,2974
50.0,9,7,2,2983
50.0,9,7,3,2993
50.0,9,7,4,3002
50.0,9,7,5,3011
50.0,9,7,6,3021
50.0,9,7,7,3030
50.0,9,7,8,3040
50.0,9,7,9,3049
50.0,9,7,10,3058
50.0,9,7,11,3067
50.0,9,7,12,3077
50.0,9,7,13,3086
50.0,9,7,14,3095
50.0,9,7,15,3104
50.0,9,8,0,2974
50.0,9,8,1,2983
50.0,9,8,2,2993
50.0,9,8,3,3002
50.0,9,8,4,3012
50.0,9,8,5,3021
50.0,9,8,6,3031
50.0,9,8,7,3040
50.0,9,8,8,3049
50.0,9,8,9,3059
50.0,9,8,10,3068
50.0,9,8,11,3077
50.0,9,8,12,3087
50.0,9,8,13,3096
50.0,9,8,14,3105
50.0,9,8,15,3114
50.0,9,9,0,2983
50.0,9,9,1,2993
50.0,9,9,2,3002
50.0,9,9,3,3012
50.0,9,9,4,3021
50.0,9,9,5,3031
50.0,9,9,6,3040
50.0,9,9,7,3050
50.0,9,9,8,3059
50.0,9,9,9,3068
50.0,9,9,10,3078
50.0,9,9,11,3087
50.0,9,9,12,3096
50.0,9,9,13,3106
50.0,9,9,14,3115
50.0,9,9,15,3124
50.0,9,10,0,2992
50.0,9,10,1,3002
50.0,9,10,2,3012
50.0,9,10,3,3021
50.0,9,10,4,3031
50.0,9,10,5,3040
50.0,9,10,6,3050
50.0,9,10,7,3059
50.0,9,10,8,3069
50.0,9,10,9,3078
50.0,9,10,10,3087
50.0,9,10,11,3097
50.0,9,10,12,3106
50.0,9,10,13,3115
50.0,9,10,14,3125
50.0,9,10,15,3134
50.0,9,11,0,3002
50.0,9,11,1,3011
50.0,9,11,2,3021
50.0,9,11,3,3031
50.0,9,11,4,3040
50.0,9,11,5,3050
50.0,9,11,6,3059
50.0,9,11,7,3069
50.0,9,11,8,3078
50.0,9,11,9,3088
50.0,9,11,10,3097
50.0,9,11,11,3107
50.0,9,11,12,3116
50.0,9,11,13,3125
50.0,9,11,14,3134
50.0,9,11,15,3144
50.0,9,12,0,3011
50.0,9,12,1,3021
50.0,9,12,2,3031
50.0,9,12,3,3040
50.0,9,12,4,3050
50.0,9,12,5,3059
50.0,9,12,6,3069
50.0,9,12,7,3078
50.0,9,12,8,3088
50.0,9,12,9,3097
50.0,9,12,10,3107
50.0,9,12,11,3116
50.0,9,12,12,3126
50.0,9,12,13,3135
50.0,9,12,14,3144
50.0,9,12,15,3154
50.0,9,13,0,3021
50.0,9,13,1,3030
50.0,9,13,2,3040
50.0,9,13,3,3050
50.0,9,13,4,3059
50.0,9,13,5,3069
50.0,9,13,6,3078
50.0,9,13,7,3088
50.0,9,13,8,3098
50.0,9,13,9,3107
50.0,9,13,10,3116
50.0,9,13,11,3126
50.0,9,13,12,3135
50.0,9,13,13,3145
50.0,9,13,14,3154
50.0,9,13,15,3163
50.0,9,14,0,3030
50.0,9,14,1,3040
50.0,9,14,2,3049
50.0,9,14,3,3059
50.0,9,14,4,3069
50.0,9,14,5,3078
50.0,9,14,6,3088
50.0,9,14,7,3098
50.0,9,14,8,3107
50.0,9,14,9,3117
50.0,9,14,10,3126
50.0,9,14,11,3136
50.0,9,14,12,3145
50.0,9,14,13,3154
50.0,9,14,14,3164
50.0,9,14,15,3173
50.0,9,15,0,3039
50.0,9,15,1,3049
50.0,9,15,2,3059
50.0,9,15,3,3068
50.0,9,15,4,3078
50.0,9,15,5,3088
50.0,9,15,6,3097
50.0,9,15,7,3107
50.0,9,15,8,3117
50.0,9,15,9,3126
50.0,9,15,10,3136
50.0,9,15,11,3145
50.0,9,15,12,3155
50.0,9,15,13,3164
50.0,9,15,14,3173
50.0,9,15,15,3183
50.0,10,0,0,2908
50.0,10,0,1,2917
50.0,10,0,2,2926
50.0,10,0,3,2936
50.0,10,0,4,2945
50.0,10,0,5,2954
50.0,10,0,6,2963
50.0,10,0,7,2972
50.0,10,0,8,2982
50.0,10,0,9,2991
50.0,10,0,10,3000
50.0,10,0,11,3009
50.0,10,0,12,3018
50.0,10,0,13,3027
50.0,10,0,14,3036
50.0,10,0,15,3045
50.0,10,1,0,2917
50.0,10,1,1,2927
50.0,10,1,2,2936
50.0,10,1,3,2945
50.0,10,1,4,2955
50.0,10,1,5,2964
50.0,10,1,6,2973
50.0,10,1,7,2982
50.0,10,1,8,2992
50.0,10,1,9,3001
50.0,10,1,10,3010
50.0,10,1,11,3019
50.0,10,1,12,3028
50.0,10,1,13,3037
50.0,10,1,14,3046
50.0,10,1,15,3055
50.0,10,2,0,2927
50.0,10,2,1,2936
50.0,10,2,2,2946
50.0,10,2,3,2955
50.0,10,2,4,2965
50.0,10,2,5,2974
50.0,10,2,6,2983
50.0,10,2,7,2992
50.0,10,2,8,3002
50.0,10,2,9,3011
50.0,10,2,10,3020
50.0,10,2,11,3029
50.0,10,2,12,3038
50.0,10,2,13,3047
50.0,10,2,14,3056
50.0,10,2,15,3065
50.0,10,3,0,2937
50.0,10,3,1,2946
50.0,10,3,2,2956
50.0,10,3,3,2965
50.0,10,3,4,2974
50.0,10,3,5,2984
50.0,10,3,6,2993
50.0,10,3,7,3002
50.0,10,3,8,3011
50.0,10,3,9,3021
50.0,10,3,10,3030
50.0,10,3,11,3039
50.0,10,3,12,3048
50.0,10,3,13,3057
50.0,10,3,14,3066
50.0,10,3,15,3075
50.0,10,4,0,2946
50.0,10,4,1,2956
50.0,10,4,2,2965
50.0,10,4,3,2975
50.0,10,4,4,2984
50.0,10,4,5,2993
50.0,10,4,6,3003
50.0,10,4,7,3012
50.0,10,4,8,3021
50.0,10,4,9,3031
50.0,10,4,10,3040
50.0,10,4,11,3049
50.0,10,4,12,3058
50.0,10,4,13,3067
50.0,10,4,14,3076
50.0,10,4,15,3086
50.0,10,5,0,2956
50.0,10,5,1,2965
50.0,10,5,2,2975
50.0,10,5,3,2984
50.0,10,5,4,2994
50.0,10,5,5,3003
50.0,10,5,6,3013
50.0,10,5,7,3022
50.0,10,5,8,3031
50.0,10,5,9,3041
50.0,10,5,10,3050
50.0,10,5,11,3059
50.0,10,5,12,3068
50.0,10,5,13,3077
50.0,10,5,14,3087
50.0,10,5,15,3096
50.0,10,6,0,2965
50.0,10,6,1,2975
50.0,10,6,2,2985
50.0,10,6,3,2994
50.0,10,6,4,3004
50.0,10,6,5,3013
50.0,10,6,6,3022
50.0,10,6,7,3032
50.0,10,6,8,3041
50.0,10,6,9,3050
50.0,10,6,10,3060
50.0,10,6,11,3069
50.0,10,6,12,3078
50.0,10,6,13,3087
50.0,10,6,14,3097
50.0,10,6,15,3106
50.0,10,7,0,2975
50.0,10,7,1,2985
50.0,10,7,2,2994
50.0,10,7,3,3004
50.0,10,7,4,3013
50.0,10,7,5,3023
50.0,10,7,6,3032
50.0,10,7,7,3041
50.0,10,7,8,3051
50.0,10,7,9,3060
50.0,10,7,10,3070
50.0,10,7,11,3079
50.0,10,7,12,3088
50.0,10,7,13,3097
50.0,10,7,14,3107
50.0,10,7,15,3116
50.0,10,8,0,2985
50.0,10,8,1,2994
50.0,10,8,2,3004
50.0,10,8,3,3013
50.0,10,8,4,3023
50.0,10,8,5,3032
50.0,10,8,6,3042
50.0,10,8,7,3051
50.0,10,8,8,3061
50.0,10,8,9,3070
50.0,10,8,10,3079
50.0,10,8,11,3089
50.0,10,8,12,3098
50.0,10,8,13,3107
50.0,10,8,14,3116
50.0,10,8,15,3126
50.0,10,9,0,2994
50.0,10,9,1,3004
50.0,10,9,2,3013
50.0,10,9,3,3023
50.0,10,9,4,3032
50.0,10,9,5,3042
50.0,10,9,6,3051
50.0,10,9,7,3061
50.0,10,9,8,3070
50.0,10,9,9,3080
50.0,10,9,10,3089
50.0,10,9,11,3098
50.0,10,9,12,3108
50.0,10,9,13,3117
50.0,10,9,14,3126
50.0,10,9,15,3136
50.0,10,10,0,3004
50.0,10,10,1,3013
50.0,10,10,2,3023
50.0,10,10,3,3032
50.0,10,10,4,3042
50.0,10,10,5,3052
50.0,10,10,6,3061
50.0,10,10,7,3071
50.0,10,10,8,3080
50.0,10,10,9,3090
50.0,10,10,10,3099
50.0,10,10,11,3108
50.0,10,10,12,3118
50.0,10,10,13,3127
50.0,10,10,14,3136
50.0,10,10,15,3146
50.0,10,11,0,3013
50.0,10,11,1,3023
50.0,10,11,2,3032
50.0,10,11,3,3042
50.0,10,11,4,3052
50.0,10,11,5,3061
50.0,10,11,6,3071
50.0,10,11,7,3080
50.0,10,11,8,3090
50.0,10,11,9,3099
50.0,10,11,10,3109
50.0,10,11,11,3118
50.0,10,11,12,3127
50.0,10,11,13,3137
50.0,10,11,14,3146
50.0,10,11,15,3155
50.0,10,12,0,3022
50.0,10,12,1,3032
50.0,10,12,2,3042
50.0,10,12,3,3051
50.0,10,12,4,3061
50.0,10,12,5,3071
50.0,10,12,6,3080
50.0,10,12,7,3090
50.0,10,12,8,3099
50.0,10,12,9,3109
50.0,10,12,10,3118
50.0,10,12,11,3128
50.0,10,12,12,3137
50.0,10,12,13,3147
50.0,10,12,14,3156
50.0,10,12,15,3165
50.0,10,13,0,3032
50.0,10,13,1,3041
50.0,10,13,2,3051
50.0,10,13,3,3061
50.0,10,13,4,3071
50.0,10,13,5,3080
50.0,10,13,6,3090
50.0,10,13,7,3099
50.0,10,13,8,3109
50.0,10,13,9,3119
50.0,10,13,10,3128
50.0,10,13,11,3137
50.0,10,13,12,3147
50.0,10,13,13,3156
50.0,10,13,14,3166
50.0,10,13,15,3175
50.0,10,14,0,3041
50.0,10,14,1,3051
50.0,10,14,2,3061
50.0,10,14,3,3070
50.0,10,14,4,3080
50.0,10,14,5,3090
50.0,10,14,6,3099
50.0,10,14,7,3109
50.0,10,14,8,3119
50.0,10,14,9,3128
50.0,10,14,10,3138
50.0,10,14,11,3147
50.0,10,14,12,3157
50.0,10,14,13,3166
50.0,10,14,14,3175
50.0,10,14,15,3185
50.0,10,15,0,3050
50.0,10,15,1,3060
50.0,10,15,2,3070
50.0,10,15,3,3080
50.0,10,15,4,3090
50.0,10,15,5,3099
50.0,10,15,6,3109
50.0,10,15,7,3119
50.0,10,15,8,3128
50.0,10,15,9,3138
50.0,10,15,10,3147
50.0,10,15,11,3157
50.0,10,15,12,3166
50.0,10,15,13,3176
50.0,10,15,14,3185
50.0,10,15,15,3195
50.0,11,0,0,2918
50.0,11,0,1,2928
50.0,11,0,2,2937
50.0,11,0,3,2946
50.0,11,0,4,2956
50.0,11,0,5,2965
50.0,11,0,6,2974
50.0,11,0,7,2983
50.0,11,0,8,2993
50.0,11,0,9,3002
50.0,11,0,10,3011
50.0,11,0,11,3020
50.0,11,0,12,3029
50.0,11,0,13,3038
50.0,11,0,14,3047
50.0,11,0,15,3056
50.0,11,1,0,2928
50.0,11,1,1,2937
50.0,11,1,2,2947
50.0,11,1,3,2956
50.0,11,1,4,2966
50.0,11,1,5,2975
50.0,11,1,6,2984
50.0,11,1,7,2993
50.0,11,1,8,3003
50.0,11,1,9,3012
50.0,11,1,10,3021
50.0,11,1,11,3030
50.0,11,1,12,3039
50.0,11,1,13,3048
50.0,11,1,14,3057
50.0,11,1,15,3066
50.0,11,2,0,2938
50.0,11,2,1,2947
50.0,11,2,2,2957
50.0,11,2,3,2966
50.0,11,2,4,2975
50.0,11,2,5,2985
50.0,11,2,6,2994
50.0,11,2,7,3003
50.0,11,2,8,3013
50.0,11,2,9,3022
50.0,11,2,10,3031
50.0,11,2,11,3040
50.0,11,2,12,3049
50.0,11,2,13,3059
50.0,11,2,14,3068
50.0,11,2,15,3077
50.0,11,3,0,2947
50.0,11,3,1,2957
50.0,11,3,2,2966
50.0,11,3,3,2976
50.0,11,3,4,2985
50.0,11,3,5,2995
50.0,11,3,6,3004
50.0,11,3,7,3013
50.0,11,3,8,3023
50.0,11,3,9,3032
50.0,11,3,10,3041
50.0,11,3,11,3050
50.0,11,3,12,3059
50.0,11,3,13,3069
50.0,11,3,14,3078
50.0,11,3,15,3087
50.0,11,4,0,2957
50.0,11,4,1,2967
50.0,11,4,2,2976
50.0,11,4,3,2986
50.0,11,4,4,2995
50.0,11,4,5,3004
50.0,11,4,6,3014
50.0,11,4,7,3023
50.0,11,4,8,3033
50.0,11,4,9,3042
50.0,11,4,10,3051
50.0,11,4,11,3060
50.0,11,4,12,3070
50.0,11,4,13,3079
50.0,11,4,14,3088
50.0,11,4,15,3097
50.0,11,5,0,2967
50.0,11,5,1,2976
50.0,11,5,2,2986
50.0,11,5,3,2995
50.0,11,5,4,3005
50.0,11,5,5,3014
50.0,11,5,6,3024
50.0,11,5,7,3033
50.0,11,5,8,3042
50.0,11,5,9,3052
50.0,11,5,10,3061
50.0,11,5,11,3070
50.0,11,5,12,3080
50.0,11,5,13,3089
50.0,11,5,14,3098
50.0,11,5,15,3107
50.0,11,6,0,2976
50.0,11,6,1,2986
50.0,11,6,2,2996
50.0,11,6,3,3005
50.0,11,6,4,3015
50.0,11,6,5,3024
50.0,11,6,6,3034
50.0,11,6,7,3043
50.0,11,6,8,3052
50.0,11,6,9,3062
50.0,11,6,10,3071
50.0,11,6,11,3080
50.0,11,6,12,3090
50.0,11,6,13,3099
50.0,11,6,14,3108
50.0,11,6,15,3117
50.0,11,7,0,2986
50.0,11,7,1,2996
50.0,11,7,2,3005
50.0,11,7,3,3015
50.0,11,7,4,3024
50.0,11,7,5,3034
50.0,11,7,6,3043
50.0,11,7,7,3053
50.0,11,7,8,3062
50.0,11,7,9,3072
50.0,11,7,10,3081
50.0,11,7,11,3090
50.0,11,7,12,3099
50.0,11,7,13,3109
50.0,11,7,14,3118
50.0,11,7,15,3127
50.0,11,8,0,2996
50.0,11,8,1,3005
50.0,11,8,2,3015
50.0,11,8,3,3024
50.0,11,8,4,3034
50.0,11,8,5,3044
50.0,11,8,6,3053
50.0,11,8,7,3062
50.0,11,8,8,3072
50.0,11,8,9,3081
50.0,11,8,10,3091
50.0,11,8,11,3100
50.0,11,8,12,3109
50.0,11,8,13,3119
50.0,11,8,14,3128
50.0,11,8,15,3137
50.0,11,9,0,3005
50.0,11,9,1,3015
50.0,11,9,2,3024
50.0,11,9,3,3034
50.0,11,9,4,3044
50.0,11,9,5,3053
50.0,11,9,6,3063
50.0,11,9,7,3072
50.0,11,9,8,3082
50.0,11,9,9,3091
50.0,11,9,10,3101
50.0,11,9,11,3110
50.0,11,9,12,3119
50.0,11,9,13,3129
50.0,11,9,14,3138
50.0,11,9,15,3147
50.0,11,10,0,3015
50.0,11,10,1,3024
50.0,11,10,2,3034
50.0,11,10,3,3044
50.0,11,10,4,3053
50.0,11,10,5,3063
50.0,11,10,6,3072
50.0,11,10,7,3082
50.0,11,10,8,3091
50.0,11,10,9,3101
50.0,11,10,10,3110
50.0,11,10,11,3120
50.0,11,10,12,3129
50.0,11,10,13,3138
50.0,11,10,14,3148
50.0,11,10,15,3157
50.0,11,11,0,3024
50.0,11,11,1,3034
50.0,11,11,2,3044
50.0,11,11,3,3053
50.0,11,11,4,3063
50.0,11,11,5,3072
50.0,11,11,6,3082
50.0,11,11,7,3092
50.0,11,11,8,3101
50.0,11,11,9,3111
50.0,11,11,10,3120
50.0,11,11,11,3130
50.0,11,11,12,3139
50.0,11,11,13,3148
50.0,11,11,14,3158
50.0,11,11,15,3167
50.0,11,12,0,3034
50.0,11,12,1,3043
50.0,11,12,2,3053
50.0,11,12,3,3063
50.0,11,12,4,3072
50.0,11,12,5,3082
50.0,11,12,6,3092
50.0,11,12,7,3101
50.0,11,12,8,3111
50.0,11,12,9,3120
50.0,11,12,10,3130
50.0,11,12,11,3139
50.0,11,12,12,3149
50.0,11,12,13,3158
50.0,11,12,14,3168
50.0,11,12,15,3177
50.0,11,13,0,3043
50.0,11,13,1,3053
50.0,11,13,2,3062
50.0,11,13,3,3072
50.0,11,13,4,3082
50.0,11,13,5,3092
50.0,11,13,6,3101
50.0,11,13,7,3111
50.0,11,13,8,3120
50.0,11,13,9,3130
50.0,11,13,10,3140
50.0,11,13,11,3149
50.0,11,13,12,3159
50.0,11,13,13,3168
50.0,11,13,14,3177
50.0,11,13,15,3187
50.0,11,14,0,3052
50.0,11,14,1,3062
50.0,11,14,2,3072
50.0,11,14,3,3082
50.0,11,14,4,3091
50.0,11,14,5,3101
50.0,11,14,6,3111
50.0,11,14,7,3120
50.0,11,14,8,3130
50.0,11,14,9,3140
50.0,11,14,10,3149
50.0,11,14,11,3159
50.0,11,14,12,3168
50.0,11,14,13,3178
50.0,11,14,14,3187
50.0,11,14,15,3197
50.0,11,15,0,3062
50.0,11,15,1,3072
50.0,11,15,2,3081
50.0,11,15,3,3091
50.0,11,15,4,3101
50.0,11,15,5,3111
50.0,11,15,6,3120
50.0,11,15,7,3130
50.0,11,15,8,3140
50.0,11,15,9,3149
50.0,11,15,10,3159
50.0,11,15,11,3168
50.0,11,15,12,3178
50.0,11,15,13,3187
50.0,11,15,14,3197
50.0,11,15,15,3206
50.0,12,0,0,2929
50.0,12,0,1,2938
50.0,12,0,2,2948
50.0,12,0,3,2957
50.0,12,0,4,2967
50.0,12,0,5,2976
50.0,12,0,6,2985
50.0,12,0,7,2994
50.0,12,0,8,3004
50.0,12,0,9,3013
50.0,12,0,10,3022
50.0,12,0,11,3031
50.0,12,0,12,3040
50.0,12,0,13,3049
50.0,12,0,14,3058
50.0,12,0,15,3067
50.0,12,1,0,2939
50.0,12,1,1,2948
50.0,12,1,2,2958
50.0,12,1,3,2967
50.0,12,1,4,2976
50.0,12,1,5,2986
50.0,12,1,6,2995
50.0,12,1,7,3004
50.0,12,1,8,3014
50.0,12,1,9,3023
50.0,12,1,10,3032
50.0,12,1,11,3041
50.0,12,1,12,3050
50.0,12,1,13,3060
50.0,12,1,14,3069
50.0,12,1,15,3078
50.0,12,2,0,2949
50.0,12,2,1,2958
50.0,12,2,2,2968
50.0,12,2,3,2977
50.0,12,2,4,2986
50.0,12,2,5,2996
50.0,12,2,6,3005
50.0,12,2,7,3014
50.0,12,2,8,3024
50.0,12,2,9,3033
50.0,12,2,10,3042
50.0,12,2,11,3051
50.0,12,2,12,3061
50.0,12,2,13,3070
50.0,12,2,14,3079
50.0,12,2,15,3088
50.0,12,3,0,2958
50.0,12,3,1,2968
50.0,12,3,2,2977
50.0,12,3,3,2987
50.0,12,3,4,2996
50.0,12,3,5,3006
50.0,12,3,6,3015
50.0,12,3,7,3024
50.0,12,3,8,3034
50.0,12,3,9,3043
50.0,12,3,10,3052
50.0,12,3,11,3062
50.0,12,3,12,3071
50.0,12,3,13,3080
50.0,12,3,14,3089
50.0,12,3,15,3098
50.0,12,4,0,2968
50.0,12,4,1,2978
50.0,12,4,2,2987
50.0,12,4,3,2997
50.0,12,4,4,3006
50.0,12,4,5,3016
50.0,12,4,6,3025
50.0,12,4,7,3034
50.0,12,4,8,3044
50.0,12,4,9,3053
50.0,12,4,10,3062
50.0,12,4,11,3072
50.0,12,4,12,3081
50.0,12,4,13,3090
50.0,12,4,14,3099
50.0,12,4,15,3108
50.0,12,5,0,2978
50.0,12,5,1,2987
50.0,12,5,2,2997
50.0,12,5,3,3006
50.0,12,5,4,3016
50.0,12,5,5,3025
50.0,12,5,6,3035
50.0,12,5,7,3044
50.0,12,5,8,3054
50.0,12,5,9,3063
50.0,12,5,10,3072
50.0,12,5,11,3082
50.0,12,5,12,3091
50.0,12,5,13,3100
50.0,12,5,14,3109
50.0,12,5,15,3119
50.0,12,6,0,2987
50.0,12,6,1,2997
50.0,12,6,2,3007
50.0,12,6,3,3016
50.0,12,6,4,3026
50.0,12,6,5,3035
50.0,12,6,6,3045
50.0,12,6,7,3054
50.0,12,6,8,3064
50.0,12,6,9,3073
50.0,12,6,10,3082
50.0,12,6,11,3092
50.0,12,6,12,3101
50.0,12,6,13,3110
50.0,12,6,14,3119
50.0,12,6,15,3129
50.0,12,7,0,2997
50.0,12,7,1,3007
50.0,12,7,2,3016
50.0,12,7,3,3026
50.0,12,7,4,3035
50.0,12,7,5,3045
50.0,12,7,6,3054
50.0,12,7,7,3064
50.0,12,7,8,3073
50.0,12,7,9,3083
50.0,12,7,10,3092
50.0,12,7,11,3102
50.0,12,7,12,3111
50.0,12,7,13,3120
50.0,12,7,14,3129
50.0,12,7,15,3139
50.0,12,8,0,3007
50.0,12,8,1,3016
50.0,12,8,2,3026
50.0,12,8,3,3036
50.0,12,8,4,3045
50.0,12,8,5,3055
50.0,12,8,6,3064
50.0,12,8,7,3074
50.0,12,8,8,3083
50.0,12,8,9,3093
50.0,12,8,10,3102
50.0,12,8,11,3111
50.0,12,8,12,3121
50.0,12,8,13,3130
50.0,12,8,14,3139
50.0,12,8,15,3149
50.0,12,9,0,3016
50.0,12,9,1,3026
50.0,12,9,2,3036
50.0,12,9,3,3045
50.0,12,9,4,3055
50.0,12,9,5,3064
50.0,12,9,6,3074
50.0,12,9,7,3084
50.0,12,9,8,3093
50.0,12,9,9,3103
50.0,12,9,10,3112
50.0,12,9,11,3121
50.0,12,9,12,3131
50.0,12,9,13,3140
50.0,12,9,14,3149
50.0,12,9,15,3159
50.0,12,10,0,3026
50.0,12,10,1,3035
50.0,12,10,2,3045
50.0,12,10,3,3055
50.0,12,10,4,3064
50.0,12,10,5,3074
50.0,12,10,6,3084
50.0,12,10,7,3093
50.0,12,10,8,3103
50.0,12,10,9,3112
50.0,12,10,10,3122
50.0,12,10,11,3131
50.0,12,10,12,3141
50.0,12,10,13,3150
50.0,12,10,14,3159
50.0,12,10,15,3169
50.0,12,11,0,3035
50.0,12,11,1,3045
50.0,12,11,2,3055
50.0,12,11,3,3064
50.0,12,11,4,3074
50.0,12,11,5,3084
50.0,12,11,6,3093
50.0,12,11,7,3103
50.0,12,11,8,3113
50.0,12,11,9,3122
50.0,12,11,10,3132
50.0,12,11,11,3141
50.0,12,11,12,3151
50.0,12,11,13,3160
50.0,12,11,14,3169
50.0,12,11,15,3179
50.0,12,12,0,3045
50.0,12,12,1,3054
50.0,12,12,2,3064
50.0,12,12,3,3074
50.0,12,12,4,3084
50.0,12,12,5,3093
50.0,12,12,6,3103
50.0,12,12,7,3113
50.0,12,12,8,3122
50.0,12,12,9,3132
50.0,12,12,10,3141
50.0,12,12,11,3151
50.0,12,12,12,3160
50.0,12,12,13,3170
50.0,12,12,14,3179
50.0,12,12,15,3189
50.0,12,13,0,3054
50.0,12,13,1,3064
50.0,12,13,2,3074
50.0,12,13,3,3084
50.0,12,13,4,3093
50.0,12,13,5,3103
50.0,12,13,6,3113
50.0,12,13,7,3122
50.0,12,13,8,3132
50.0,12,13,9,3142
50.0,12,13,10,3151
50.0,12,13,11,3161
50.0,12,13,12,3170
50.0,12,13,13,3180
50.0,12,13,14,3189
50.0,12,13,15,3198
50.0,12,14,0,3064
50.0,12,14,1,3073
50.0,12,14,2,3083
50.0,12,14,3,3093
50.0,12,14,4,3103
50.0,12,14,5,3113
50.0,12,14,6,3122
50.0,12,14,7,3132
50.0,12,14,8,3142
50.0,12,14,9,3151
50.0,12,14,10,3161
50.0,12,14,11,3170
50.0,12,14,12,3180
50.0,12,14,13,3189
50.0,12,14,14,3199
50.0,12,14,15,3208
50.0,12,15,0,3073
50.0,12,15,1,3083
50.0,12,15,2,3093
50.0,12,15,3,3103
50.0,12,15,4,3112
50.0,12,15,5,3122
50.0,12,15,6,3132
50.0,12,15,7,3142
50.0,12,15,8,3151
50.0,12,15,9,3161
50.0,12,15,10,3170
50.0,12,15,11,3180
50.0,12,15,12,3190
50.0,12,15,13,3199
50.0,12,15,14,3209
50.0,12,15,15,3218
50.0,13,0,0,2940
50.0,13,0,1,2949
50.0,13,0,2,2959
50.0,13,0,3,2968
50.0,13,0,4,2977
50.0,13,0,5,2987
50.0,13,0,6,2996
50.0,13,0,7,3005
50.0,13,0,8,3015
50.0,13,0,9,3024
50.0,13,0,10,3033
50.0,13,0,11,3042
50.0,13,0,12,3051
50.0,13,0,13,3061
50.0,13,0,14,3070
50.0,13,0,15,3079
50.0,13,1,0,2950
50.0,13,1,1,2959
50.0,13,1,2,2969
50.0,13,1,3,2978
50.0,13,1,4,2987
50.0,13,1,5,2997
50.0,13,1,6,3006
50.0,13,1,7,3015
50.0,13,1,8,3025
50.0,13,1,9,3034
50.0,13,1,10,3043
50.0,13,1,11,3052
50.0,13,1,12,3062
50.0,13,1,13,3071
50.0,13,1,14,3080
50.0,13,1,15,3089
50.0,13,2,0,2959
50.0,13,2,1,2969
50.0,13,2,2,2978
50.0,13,2,3,2988
50.0,13,2,4,2997
50.0,13,2,5,3007
50.0,13,2,6,3016
50.0,13,2,7,3025
50.0,13,2,8,3035
50.0,13,2,9,3044
50.0,13,2,10,3053
50.0,13,2,11,3063
50.0,13,2,12,3072
50.0,13,2,13,3081
50.0,13,2,14,3090
50.0,13,2,15,3099
50.0,13,3,0,2969
50.0,13,3,1,2979
50.0,13,3,2,2988
50.0,13,3,3,2998
50.0,13,3,4,3007
50.0,13,3,5,3017
50.0,13,3,6,3026
50.0,13,3,7,3035
50.0,13,3,8,3045
50.0,13,3,9,3054
50.0,13,3,10,3063
50.0,13,3,11,3073
50.0,13,3,12,3082
50.0,13,3,13,3091
50.0,13,3,14,3100
50.0,13,3,15,3110
50.0,13,4,0,2979
50.0,13,4,1,2989
50.0,13,4,2,2998
50.0,13,4,3,3008
50.0,13,4,4,3017
50.0,13,4,5,3027
50.0,13,4,6,3036
50.0,13,4,7,3045
50.0,13,4,8,3055
50.0,13,4,9,3064
50.0,13,4,10,3074
50.0,13,4,11,3083
50.0,13,4,12,3092
50.0,13,4,13,3101
50.0,13,4,14,3111
50.0,13,4,15,3120
50.0,13,5,0,2989
50.0,13,5,1,2998
50.0,13,5,2,3008
50.0,13,5,3,3017
50.0,13,5,4,3027
50.0,13,5,5,3036
50.0,13,5,6,3046
50.0,13,5,7,3055
50.0,13,5,8,3065
50.0,13,5,9,3074
50.0,13,5,10,3084
50.0,13,5,11,3093
50.0,13,5,12,3102
50.0,13,5,13,3111
50.0,13,5,14,3121
50.0,13,5,15,3130
50.0,13,6,0,2998
50.0,13,6,1,3008
50.0,13,6,2,3018
50.0,13,6,3,3027
50.0,13,6,4,3037
50.0,13,6,5,3046
50.0,13,6,6,3056
50.0,13,6,7,3065
50.0,13,6,8,3075
50.0,13,6,9,3084
50.0,13,6,10,3094
50.0,13,6,11,3103
50.0,13,6,12,3112
50.0,13,6,13,3122
50.0,13,6,14,3131
50.0,13,6,15,3140
50.0,13,7,0,3008
50.0,13,7,1,3018
50.0,13,7,2,3027
50.0,13,7,3,3037
50.0,13,7,4,3047
50.0,13,7,5,3056
50.0,13,7,6,3066
50.0,13,7,7,3075
50.0,13,7,8,3085
50.0,13,7,9,3094
50.0,13,7,10,3104
50.0,13,7,11,3113
50.0,13,7,12,3122
50.0,13,7,13,3132
50.0,13,7,14,3141
50.0,13,7,15,3150
50.0,13,8,0,3018
50.0,13,8,1,3027
50.0,13,8,2,3037
50.0,13,8,3,3047
50.0,13,8,4,3056
50.0,13,8,5,3066
50.0,13,8,6,3075
50.0,13,8,7,3085
50.0,13,8,8,3095
50.0,13,8,9,3104
50.0,13,8,10,3113
50.0,13,8,11,3123
50.0,13,8,12,3132
50.0,13,8,13,3142
50.0,13,8,14,3151
50.0,13,8,15,3160
50.0,13,9,0,3027
50.0,13,9,1,3037
50.0,13,9,2,3047
50.0,13,9,3,3056
50.0,13,9,4,3066
50.0,13,9,5,3076
50.0,13,9,6,3085
50.0,13,9,7,3095
50.0,13,9,8,3104
50.0,13,9,9,3114
50.0,13,9,10,3123
50.0,13,9,11,3133
50.0,13,9,12,3142
50.0,13,9,13,3152
50.0,13,9,14,3161
50.0,13,9,15,3170
50.0,13,10,0,3037
50.0,13,10,1,3047
50.0,13,10,2,3056
50.0,13,10,3,3066
50.0,13,10,4,3076
50.0,13,10,5,3085
50.0,13,10,6,3095
50.0,13,10,7,3105
50.0,13,10,8,3114
50.0,13,10,9,3124
50.0,13,10,10,3133
50.0,13,10,11,3143
50.0,13,10,12,3152
50.0,13,10,13,3162
50.0,13,10,14,3171
50.0,13,10,15,3180
50.0,13,11,0,3046
50.0,13,11,1,3056
50.0,13,11,2,3066
50.0,13,11,3,3076
50.0,13,11,4,3085
50.0,13,11,5,3095
50.0,13,11,6,3105
50.0,13,11,7,3114
50.0,13,11,8,3124
50.0,13,11,9,3134
50.0,13,11,10,3143
50.0,13,11,11,3153
50.0,13,11,12,3162
50.0,13,11,13,3172
50.0,13,11,14,3181
50.0,13,11,15,3190
50.0,13,12,0,3056
50.0,13,12,1,3066
50.0,13,12,2,3075
50.0,13,12,3,3085
50.0,13,12,4,3095
50.0,13,12,5,3105
50.0,13,12,6,3114
50.0,13,12,7,3124
50.0,13,12,8,3134
50.0,13,12,9,3143
50.0,13,12,10,3153
50.0,13,12,11,3162
50.0,13,12,12,3172
50.0,13,12,13,3181
50.0,13,12,14,3191
50.0,13,12,15,3200
50.0,13,13,0,3065
50.0,13,13,1,3075
50.0,13,13,2,3085
50.0,13,13,3,3095
50.0,13,13,4,3105
50.0,13,13,5,3114
50.0,13,13,6,3124
50.0,13,13,7,3134
50.0,13,13,8,3143
50.0,13,13,9,3153
50.0,13,13,10,3163
50.0,13,13,11,3172
50.0,13,13,12,3182
50.0,13,13,13,3191
50.0,13,13,14,3201
50.0,13,13,15,3210
50.0,13,14,0,3075
50.0,13,14,1,3085
50.0,13,14,2,3095
50.0,13,14,3,3104
50.0,13,14,4,3114
50.0,13,14,5,3124
50.0,13,14,6,3134
50.0,13,14,7,3143
50.0,13,14,8,3153
50.0,13,14,9,3163
50.0,13,14,10,3172
50.0,13,14,11,3182
50.0,13,14,12,3192
50.0,13,14,13,3201
50.0,13,14,14,3211
50.0,13,14,15,3220
50.0,13,15,0,3084
50.0,13,15,1,3094
50.0,13,15,2,3104
50.0,13,15,3,3114
50.0,13,15,4,3124
50.0,13,15,5,3134
50.0,13,15,6,3143
50.0,13,15,7,3153
50.0,13,15,8,3163
50.0,13,15,9,3172
50.0,13,15,10,3182
50.0,13,15,11,3192
50.0,13,15,12,3201
50.0,13,15,13,3211
50.0,13,15,14,3220
50.0,13,15,15,3230
50.0,14,0,0,2950
50.0,14,0,1,2960
50.0,14,0,2,2969
50.0,14,0,3,2979
50.0,14,0,4,2988
50.0,14,0,5,2998
50.0,14,0,6,3007
50.0,14,0,7,3016
50.0,14,0,8,3026
50.0,14,0,9,3035
50.0,14,0,10,3044
50.0,14,0,11,3053
50.0,14,0,12,3063
50.0,14,0,13,3072
50.0,14,0,14,3081
50.0,14,0,15,3090
50.0,14,1,0,2960
50.0,14,1,1,2970
50.0,14,1,2,2979
50.0,14,1,3,2989
50.0,14,1,4,2998
50.0,14,1,5,3008
50.0,14,1,6,3017
50.0,14,1,7,3026
50.0,14,1,8,3036
50.0,14,1,9,3045
50.0,14,1,10,3054
50.0,14,1,11,3064
50.0,14,1,12,3073
50.0,14,1,13,3082
50.0,14,1,14,3091
50.0,14,1,15,3100
50.0,14,2,0,2970
50.0,14,2,1,2980
50.0,14,2,2,2989
50.0,14,2,3,2999
50.0,14,2,4,3008
50.0,14,2,5,3018
50.0,14,2,6,3027
50.0,14,2,7,3037
50.0,14,2,8,3046
50.0,14,2,9,3055
50.0,14,2,10,3065
50.0,14,2,11,3074
50.0,14,2,12,3083
50.0,14,2,13,3092
50.0,14,2,14,3101
50.0,14,2,15,3111
50.0,14,3,0,2980
50.0,14,3,1,2990
50.0,14,3,2,2999
50.0,14,3,3,3009
50.0,14,3,4,3018
50.0,14,3,5,3028
50.0,14,3,6,3037
50.0,14,3,7,3047
50.0,14,3,8,3056
50.0,14,3,9,3065
50.0,14,3,10,3075
50.0,14,3,11,3084
50.0,14,3,12,3093
50.0,14,3,13,3102
50.0,14,3,14,3112
50.0,14,3,15,3121
50.0,14,4,0,2990
50.0,14,4,1,2999
50.0,14,4,2,3009
50.0,14,4,3,3019
50.0,14,4,4,3028
50.0,14,4,5,3038
50.0,14,4,6,3047
50.0,14,4,7,3057
50.0,14,4,8,3066
50.0,14,4,9,3075
50.0,14,4,10,3085
50.0,14,4,11,3094
50.0,14,4,12,3103
50.0,14,4,13,3113
50.0,14,4,14,3122
50.0,14,4,15,3131
50.0,14,5,0,3000
50.0,14,5,1,3009
50.0,14,5,2,3019
50.0,14,5,3,3028
50.0,14,5,4,3038
50.0,14,5,5,3048
50.0,14,5,6,3057
50.0,14,5,7,3067
50.0,14,5,8,3076
50.0,14,5,9,3085
50.0,14,5,10,3095
50.0,14,5,11,3104
50.0,14,5,12,3114
50.0,14,5,13,3123
50.0,14,5,14,3132
50.0,14,5,15,3141
50.0,14,6,0,3009
50.0,14,6,1,3019
50.0,14,6,2,3029
50.0,14,6,3,3038
50.0,14,6,4,3048
50.0,14,6,5,3057
50.0,14,6,6,3067
50.0,14,6,7,3076
50.0,14,6,8,3086
50.0,14,6,9,3095
50.0,14,6,10,3105
50.0,14,6,11,3114
50.0,14,6,12,3124
50.0,14,6,13,3133
50.0,14,6,14,3142
50.0,14,6,15,3152
50.0,14,7,0,3019
50.0,14,7,1,3029
50.0,14,7,2,3038
50.0,14,7,3,3048
50.0,14,7,4,3058
50.0,14,7,5,3067
50.0,14,7,6,3077
50.0,14,7,7,3086
50.0,14,7,8,3096
50.0,14,7,9,3105
50.0,14,7,10,3115
50.0,14,7,11,3124
50.0,14,7,12,3134
50.0,14,7,13,3143
50.0,14,7,14,3152
50.0,14,7,15,3162
50.0,14,8,0,3029
50.0,14,8,1,3038
50.0,14,8,2,3048
50.0,14,8,3,3058
50.0,14,8,4,3067
50.0,14,8,5,3077
50.0,14,8,6,3087
50.0,14,8,7,3096
50.0,14,8,8,3106
50.0,14,8,9,3115
50.0,14,8,10,3125
50.0,14,8,11,3134
50.0,14,8,12,3144
50.0,14,8,13,3153
50.0,14,8,14,3162
50.0,14,8,15,3172
50.0,14,9,0,3038
50.0,14,9,1,3048
50.0,14,9,2,3058
50.0,14,9,3,3068
50.0,14,9,4,3077
50.0,14,9,5,3087
50.0,14,9,6,3097
50.0,14,9,7,3106
50.0,14,9,8,3116
50.0,14,9,9,3125
50.0,14,9,10,3135
50.0,14,9,11,3144
50.0,14,9,12,3154
50.0,14,9,13,3163
50.0,14,9,14,3173
50.0,14,9,15,3182
50.0,14,10,0,3048
50.0,14,10,1,3058
50.0,14,10,2,3067
50.0,14,10,3,3077
50.0,14,10,4,3087
50.0,14,10,5,3097
50.0,14,10,6,3106
50.0,14,10,7,3116
50.0,14,10,8,3126
50.0,14,10,9,3135
50.0,14,10,10,3145
50.0,14,10,11,3154
50.0,14,10,12,3164
50.0,14,10,13,3173
50.0,14,10,14,3183
50.0,14,10,15,3192
50.0,14,11,0,3057
50.0,14,11,1,3067
50.0,14,11,2,3077
50.0,14,11,3,3087
50.0,14,11,4,3097
50.0,14,11,5,3106
50.0,14,11,6,3116
50.0,14,11,7,3126
50.0,14,11,8,3135
50.0,14,11,9,3145
50.0,14,11,10,3155
50.0,14,11,11,3164
50.0,14,11,12,3174
50.0,14,11,13,3183
50.0,14,11,14,3193
50.0,14,11,15,3202
50.0,14,12,0,3067
50.0,14,12,1,3077
50.0,14,12,2,3087
50.0,14,12,3,3097
50.0,14,12,4,3106
50.0,14,12,5,3116
50.0,14,12,6,3126
50.0,14,12,7,3135
50.0,14,12,8,3145
50.0,14,12,9,3155
50.0,14,12,10,3164
50.0,14,12,11,3174
50.0,14,12,12,3183
50.0,14,12,13,3193
50.0,14,12,14,3203
50.0,14,12,15,3212
50.0,14,13,0,3076
50.0,14,13,1,3086
50.0,14,13,2,3096
50.0,14,13,3,3106
50.0,14,13,4,3116
50.0,14,13,5,3126
50.0,14,13,6,3135
50.0,14,13,7,3145
50.0,14,13,8,3155
50.0,14,13,9,3165
50.0,14,13,10,3174
50.0,14,13,11,3184
50.0,14,13,12,3193
50.0,14,13,13,3203
50.0,14,13,14,3212
50.0,14,13,15,3222
50.0,14,14,0,3086
50.0,14,14,1,3096
50.0,14,14,2,3106
50.0,14,14,3,3116
50.0,14,14,4,3126
50.0,14,14,5,3135
50.0,14,14,6,3145
50.0,14,14,7,3155
50.0,14,14,8,3165
50.0,14,14,9,3174
50.0,14,14,10,3184
50.0,14,14,11,3194
50.0,14,14,12,3203
50.0,14,14,13,3213
50.0,14,14,14,3222
50.0,14,14,15,3232
50.0,14,15,0,3095
50.0,14,15,1,3105
50.0,14,15,2,3115
50.0,14,15,3,3125
50.0,14,15,4,3135
50.0,14,15,5,3145
50.0,14,15,6,3155
50.0,14,15,7,3165
50.0,14,15,8,3174
50.0,14,15,9,3184
50.0,14,15,10,3194
50.0,14,15,11,3203
50.0,14,15,12,3213
50.0,14,15,13,3223
50.0,14,15,14,3232
50.0,14,15,15,3242
50.0,15,0,0,2961
50.0,15,0,1,2971
50.0,15,0,2,2980
50.0,15,0,3,2990
50.0,15,0,4,2999
50.0,15,0,5,3009
50.0,15,0,6,3018
50.0,15,0,7,3027
50.0,15,0,8,3037
50.0,15,0,9,3046
50.0,15,0,10,3055
50.0,15,0,11,3064
50.0,15,0,12,3074
50.0,15,0,13,3083
50.0,15,0,14,3092
50.0,15,0,15,3101
50.0,15,1,0,2971
50.0,15,1,1,2981
50.0,15,1,2,2990
50.0,15,1,3,3000
50.0,15,1,4,3009
50.0,15,1,5,3019
50.0,15,1,6,3028
50.0,15,1,7,3037
50.0,15,1,8,3047
50.0,15,1,9,3056
50.0,15,1,10,3065
50.0,15,1,11,3075
50.0,15,1,12,3084
50.0,15,1,13,3093
50.0,15,1,14,3102
50.0,15,1,15,3112
50.0,15,2,0,2981
50.0,15,2,1,2991
50.0,15,2,2,3000
50.0,15,2,3,3010
50.0,15,2,4,3019
50.0,15,2,5,3029
50.0,15,2,6,3038
50.0,15,2,7,3048
50.0,15,2,8,3057
50.0,15,2,9,3066
50.0,15,2,10,3076
50.0,15,2,11,3085
50.0,15,2,12,3094
50.0,15,2,13,3103
50.0,15,2,14,3113
50.0,15,2,15,3122
50.0,15,3,0,2991
50.0,15,3,1,3000
50.0,15,3,2,3010
50.0,15,3,3,3020
50.0,15,3,4,3029
50.0,15,3,5,3039
50.0,15,3,6,3048
50.0,15,3,7,3058
50.0,15,3,8,3067
50.0,15,3,9,3076
50.0,15,3,10,3086
50.0,15,3,11,3095
50.0,15,3,12,3104
50.0,15,3,13,3114
50.0,15,3,14,3123
50.0,15,3,15,3132
50.0,15,4,0,3001
50.0,15,4,1,3010
50.0,15,4,2,3020
50.0,15,4,3,3030
50.0,15,4,4,3039
50.0,15,4,5,3049
50.0,15,4,6,3058
50.0,15,4,7,3068
50.0,15,4,8,3077
50.0,15,4,9,3087
50.0,15,4,10,3096
50.0,15,4,11,3105
50.0,15,4,12,3115
50.0,15,4,13,3124
50.0,15,4,14,3133
50.0,15,4,15,3143
50.0,15,5,0,3010
50.0,15,5,1,3020
50.0,15,5,2,3030
50.0,15,5,3,3039
50.0,15,5,4,3049
50.0,15,5,5,3059
50.0,15,5,6,3068
50.0,15,5,7,3078
50.0,15,5,8,3087
50.0,15,5,9,3097
50.0,15,5,10,3106
50.0,15,5,11,3115
50.0,15,5,12,3125
50.0,15,5,13,3134
50.0,15,5,14,3143
50.0,15,5,15,3153
50.0,15,6,0,3020
50.0,15,6,1,3030
50.0,15,6,2,3040
50.0,15,6,3,3049
50.0,15,6,4,3059
50.0,15,6,5,3069
50.0,15,6,6,3078
50.0,15,6,7,3088
50.0,15,6,8,3097
50.0,15,6,9,3107
50.0,15,6,10,3116
50.0,15,6,11,3126
50.0,15,6,12,3135
50.0,15,6,13,3144
50.0,15,6,14,3154
50.0,15,6,15,3163
50.0,15,7,0,3030
50.0,15,7,1,3040
50.0,15,7,2,3049
50.0,15,7,3,3059
50.0,15,7,4,3069
50.0,15,7,5,3078
50.0,15,7,6,3088
50.0,15,7,7,3098
50.0,15,7,8,3107
50.0,15,7,9,3117
50.0,15,7,10,3126
50.0,15,7,11,3136
50.0,15,7,12,3145
50.0,15,7,13,3154
50.0,15,7,14,3164
50.0,15,7,15,3173
50.0,15,8,0,3040
50.0,15,8,1,3049
50.0,15,8,2,3059
50.0,15,8,3,3069
50.0,15,8,4,3079
50.0,15,8,5,3088
50.0,15,8,6,3098
50.0,15,8,7,3108
50.0,15,8,8,3117
50.0,15,8,9,3127
50.0,15,8,10,3136
50.0,15,8,11,3146
50.0,15,8,12,3155
50.0,15,8,13,3165
50.0,15,8,14,3174
50.0,15,8,15,3183
50.0,15,9,0,3049
50.0,15,9,1,3059
50.0,15,9,2,3069
50.0,15,9,3,3079
50.0,15,9,4,3088
50.0,15,9,5,3098
50.0,15,9,6,3108
50.0,15,9,7,3117
50.0,15,9,8,3127
50.0,15,9,9,3137
50.0,15,9,10,3146
50.0,15,9,11,3156
50.0,15,9,12,3165
50.0,15,9,13,3175
50.0,15,9,14,3184
50.0,15,9,15,3193
50.0,15,10,0,3059
50.0,15,10,1,3069
50.0,15,10,2,3079
50.0,15,10,3,3088
50.0,15,10,4,3098
50.0,15,10,5,3108
50.0,15,10,6,3118
50.0,15,10,7,3127
50.0,15,10,8,3137
50.0,15,10,9,3147
50.0,15,10,10,3156
50.0,15,10,11,3166
50.0,15,10,12,3175
50.0,15,10,13,3185
50.0,15,10,14,3194
50.0,15,10,15,3204
50.0,15,11,0,3069
50.0,15,11,1,3078
50.0,15,11,2,3088
50.0,15,11,3,3098
50.0,15,11,4,3108
50.0,15,11,5,3118
50.0,15,11,6,3127
50.0,15,11,7,3137
50.0,15,11,8,3147
50.0,15,11,9,3156
50.0,15,11,10,3166
50.0,15,11,11,3176
50.0,15,11,12,3185
50.0,15,11,13,3195
50.0,15,11,14,3204
50.0,15,11,15,3214
50.0,15,12,0,3078
50.0,15,12,1,3088
50.0,15,12,2,3098
50.0,15,12,3,3108
50.0,15,12,4,3118
50.0,15,12,5,3127
50.0,15,12,6,3137
50.0,15,12,7,3147
50.0,15,12,8,3157
50.0,15,12,9,3166
50.0,15,12,10,3176
50.0,15,12,11,3185
50.0,15,12,12,3195
50.0,15,12,13,3205
50.0,15,12,14,3214
50.0,15,12,15,3224
50.0,15,13,0,3088
50.0,15,13,1,3098
50.0,15,13,2,3108
50.0,15,13,3,3117
50.0,15,13,4,3127
50.0,15,13,5,3137
50.0,15,13,6,3147
50.0,15,13,7,3157
50.0,15,13,8,3166
50.0,15,13,9,3176
50.0,15,13,10,3186
50.0,15,13,11,3195
50.0,15,13,12,3205
50.0,15,13,13,3215
50.0,15,13,14,3224
50.0,15,13,15,3234
50.0,15,14,0,3097
50.0,15,14,1,3107
50.0,15,14,2,3117
50.0,15,14,3,3127
50.0,15,14,4,3137
50.0,15,14,5,3147
50.0,15,14,6,3157
50.0,15,14,7,3166
50.0,15,14,8,3176
50.0,15,14,9,3186
50.0,15,14,10,3196
50.0,15,14,11,3205
50.0,15,14,12,3215
50.0,15,14,13,3224
50.0,15,14,14,3234
50.0,15,14,15,3244
50.0,15,15,0,3107
50.0,15,15,1,3117
50.0,15,15,2,3127
50.0,15,15,3,3137
50.0,15,15,4,3147
50.0,15,15,5,3156
50.0,15,15,6,3166
50.0,15,15,7,3176
50.0,15,15,8,3186
50.0,15,15,9,3196
50.0,15,15,10,3205
50.0,15,15,11,3215
50.0,15,15,12,3225
50.0,15,15,13,3234
50.0,15,15,14,3244
50.0,15,15,15,3254
50.5,0,0,0,2817
50.5,0,0,1,2826
50.5,0,0,2,2835
50.5,0,0,3,2844
50.5,0,0,4,2853
50.5,0,0,5,2862
50.5,0,0,6,2871
50.5,0,0,7,2880
50.5,0,0,8,2889
50.5,0,0,9,2898
50.5,0,0,10,2906
50.5,0,0,11,2915
50.5,0,0,12,2924
50.5,0,0,13,2933
50.5,0,0,14,2941
50.5,0,0,15,2950
50.5,0,1,0,2826
50.5,0,1,1,2835
50.5,0,1,2,2845
50.5,0,1,3,2854
50.5,0,1,4,2863
50.5,0,1,5,2872
50.5,0,1,6,2881
50.5,0,1,7,2889
50.5,0,1,8,2898
50.5,0,1,9,2907
50.5,0,1,10,2916
50.5,0,1,11,2925
50.5,0,1,12,2934
50.5,0,1,13,2942
50.5,0,1,14,2951
50.5,0,1,15,2960
50.5,0,2,0,2836
50.5,0,2,1,2845
50.5,0,2,2,2854
50.5,0,2,3,2863
50.5,0,2,4,2872
50.5,0,2,5,2881
50.5,0,2,6,2890
50.5,0,2,7,2899
50.5,0,2,8,2908
50.5,0,2,9,2917
50.5,0,2,10,2926
50.5,0,2,11,2935
50.5,0,2,12,2943
50.5,0,2,13,2952
50.5,0,2,14,2961
50.5,0,2,15,2970
50.5,0,3,0,2845
50.5,0,3,1,2854
50.5,0,3,2,2863
50.5,0,3,3,2873
50.5,0,3,4,2882
50.5,0,3,5,2891
50.5,0,3,6,2900
50.5,0,3,7,2909
50.5,0,3,8,2918
50.5,0,3,9,2927
50.5,0,3,10,2935
50.5,0,3,11,2944
50.5,0,3,12,2953
50.5,0,3,13,2962
50.5,0,3,14,2971
50.5,0,3,15,2980
50.5,0,4,0,2854
50.5,0,4,1,2864
50.5,0,4,2,2873
50.5,0,4,3,2882
50.5,0,4,4,2891
50.5,0,4,5,2900
50.5,0,4,6,2909
50.5,0,4,7,2918
50.5,0,4,8,2927
50.5,0,4,9,2936
50.5,0,4,10,2945
50.5,0,4,11,2954
50.5,0,4,12,2963
50.5,0,4,13,2972
50.5,0,4,14,2981
50.5,0,4,15,2989
50.5,0,5,0,2864
50.5,0,5,1,2873
50.5,0,5,2,2882
50.5,0,5,3,2891
50.5,0,5,4,2901
50.5,0,5,5,2910
50.5,0,5,6,2919
50.5,0,5,7,2928
50.5,0,5,8,2937
50.5,0,5,9,2946
50.5,0,5,10,2955
50.5,0,5,11,2964
50.5,0,5,12,2973
50.5,0,5,13,2981
50.5,0,5,14,2990
50.5,0,5,15,2999
50.5,0,6,0,2873
50.5,0,6,1,2882
50.5,0,6,2,2892
50.5,0,6,3,2901
50.5,0,6,4,2910
50.5,0,6,5,2919
50.5,0,6,6,2928
50.5,0,6,7,2937
50.5,0,6,8,2946
50.5,0,6,9,2955
50.5,0,6,10,2964
50.5,0,6,11,2973
50.5,0,6,12,2982
50.5,0,6,13,2991
50.5,0,6,14,3000
50.5,0,6,15,3009
50.5,0,7,0,2882
50.5,0,7,1,2892
50.5,0,7,2,2901
50.5,0,7,3,2910
50.5,0,7,4,2919
50.5,0,7,5,2928
50.5,0,7,6,2938
50.5,0,7,7,2947
50.5,0,7,8,2956
50.5,0,7,9,2965
50.5,0,7,10,2974
50.5,0,7,11,2983
50.5,0,7,12,2992
50.5,0,7,13,3001
50.5,0,7,14,3010
50.5,0,7,15,3019
50.5,0,8,0,2892
50.5,0,8,1,2901
50.5,0,8,2,2910
50.5,0,8,3,2919
50.5,0,8,4,2929
50.5,0,8,5,2938
50.5,0,8,6,2947
50.5,0,8,7,2956
50.5,0,8,8,2965
50.5,0,8,9,2974
50.5,0,8,10,2983
50.5,0,8,11,2992
50.5,0,8,12,3001
50.5,0,8,13,3010
50.5,0,8,14,3019
50.5,0,8,15,3028
50.5,0,9,0,2901
50.5,0,9,1,2910
50.5,0,9,2,2919
50.5,0,9,3,2929
50.5,0,9,4,2938
50.5,0,9,5,2947
50.5,0,9,6,2956
50.5,0,9,7,2966
50.5,0,9,8,2975
50.5,0,9,9,2984
50.5,0,9,10,2993
50.5,0,9,11,3002
50.5,0,9,12,3011
50.5,0,9,13,3020
50.5,0,9,14,3029
50.5,0,9,15,3038
50.5,0,10,0,2910
50.5,0,10,1,2919
50.5,0,10,2,2929
50.5,0,10,3,2938
50.5,0,10,4,2947
50.5,0,10,5,2956
50.5,0,10,6,2966
50.5,0,10,7,2975
50.5,0,10,8,2984
50.5,0,10,9,2993
50.5,0,10,10,3002
50.5,0,10,11,3011
50.5,0,10,12,3020
50.5,0,10,13,3030
50.5,0,10,14,3039
50.5,0,10,15,3047
50.5,0,11,0,2919
50.5,0,11,1,2928
50.5,0,11,2,2938
50.5,0,11,3,2947
50.5,0,11,4,2956
50.5,0,11,5,2966
50.5,0,11,6,2975
50.5,0,11,7,2984
50.5,0,11,8,2993
50.5,0,11,9,3003
50.5,0,11,10,3012
50.5,0,11,11,3021
50.5,0,11,12,3030
50.5,0,11,13,3039
50.5,0,11,14,3048
50.5,0,11,15,3057
50.5,0,12,0,2928
50.5,0,12,1,2938
50.5,0,12,2,2947
50.5,0,12,3,2956
50.5,0,12,4,2966
50.5,0,12,5,2975
50.5,0,12,6,2984
50.5,0,12,7,2994
50.5,0,12,8,3003
50.5,0,12,9,3012
50.5,0,12,10,3021
50.5,0,12,11,3030
50.5,0,12,12,3039
50.5,0,12,13,3048
50.5,0,12,14,3058
50.5,0,12,15,3067
50.5,0,13,0,2937
50.5,0,13,1,2947
50.5,0,13,2,2956
50.5,0,13,3,2966
50.5,0,13,4,2975
50.5,0,13,5,2984
50.5,0,13,6,2994
50.5,0,13,7,3003
50.5,0,13,8,3012
50.5,0,13,9,3021
50.5,0,13,10,3031
50.5,0,13,11,3040
50.5,0,13,12,3049
50.5,0,13,13,3058
50.5,0,13,14,3067
50.5,0,13,15,3076
50.5,0,14,0,2946
50.5,0,14,1,2956
50.5,0,14,2,2965
50.5,0,14,3,2975
50.5,0,14,4,2984
50.5,0,14,5,2993
50.5,0,14,6,3003
50.5,0,14,7,3012
50.5,0,14,8,3021
50.5,0,14,9,3031
50.5,0,14,10,3040
50.5,0,14,11,3049
50.5,0,14,12,3058
50.5,0,14,13,3067
50.5,0,14,14,3076
50.5,0,14,15,3086
50.5,0,15,0,2955
50.5,0,15,1,2965
50.5,0,15,2,2974
50.5,0,15,3,2984
50.5,0,15,4,2993
50.5,0,15,5,3003
50.5,0,15,6,3012
50.5,0,15,7,3021
50.5,0,15,8,3031
50.5,0,15,9,3040
50.5,0,15,10,3049
50.5,0,15,11,3058
50.5,0,15,12,3068
50.5,0,15,13,3077
50.5,0,15,14,3086
50.5,0,15,15,3095
50.5,1,0,0,2828
50.5,1,0,1,2837
50.5,1,0,2,2846
50.5,1,0,3,2855
50.5,1,0,4,2864
50.5,1,0,5,2873
50.5,1,0,6,2882
50.5,1,0,7,2891
50.5,1,0,8,2900
50.5,1,0,9,2909
50.5,1,0,10,2918
50.5,1,0,11,2926
50.5,1,0,12,2935
50.5,1,0,13,2944
50.5,1,0,14,2953
50.5,1,0,15,2961
50.5,1,1,0,2837
50.5,1,1,1,2846
50.5,1,1,2,2855
50.5,1,1,3,2864
50.5,1,1,4,2874
50.5,1,1,5,2883
50.5,1,1,6,2892
50.5,1,1,7,2901
50.5,1,1,8,2909
50.5,1,1,9,2918
50.5,1,1,10,2927
50.5,1,1,11,2936
50.5,1,1,12,2945
50.5,1,1,13,2954
50.5,1,1,14,2963
50.5,1,1,15,2971
50.5,1,2,0,2847
50.5,1,2,1,2856
50.5,1,2,2,2865
50.5,1,2,3,2874
50.5,1,2,4,2883
50.5,1,2,5,2892
50.5,1,2,6,2901
50.5,1,2,7,2910
50.5,1,2,8,2919
50.5,1,2,9,2928
50.5,1,2,10,2937
50.5,1,2,11,2946
50.5,1,2,12,2955
50.5,1,2,13,2964
50.5,1,2,14,2972
50.5,1,2,15,2981
50.5,1,3,0,2856
50.5,1,3,1,2865
50.5,1,3,2,2874
50.5,1,3,3,2884
50.5,1,3,4,2893
50.5,1,3,5,2902
50.5,1,3,6,2911
50.5,1,3,7,2920
50.5,1,3,8,2929
50.5,1,3,9,2938
50.5,1,3,10,2947
50.5,1,3,11,2956
50.5,1,3,12,2965
50.5,1,3,13,2973
50.5,1,3,14,2982
50.5,1,3,15,2991
50.5,1,4,0,2865
50.5,1,4,1,2875
50.5,1,4,2,2884
50.5,1,4,3,2893
50.5,1,4,4,2902
50.5,1,4,5,2911
50.5,1,4,6,2920
50.5,1,4,7,2929
50.5,1,4,8,2938
50.5,1,4,9,2947
50.5,1,4,10,2956
50.5,1,4,11,2965
50.5,1,4,12,2974
50.5,1,4,13,2983
50.5,1,4,14,2992
50.5,1,4,15,3001
50.5,1,5,0,2875
50.5,1,5,1,2884
50.5,1,5,2,2893
50.5,1,5,3,2902
50.5,1,5,4,2912
50.5,1,5,5,2921
50.5,1,5,6,2930
50.5,1,5,7,2939
50.5,1,5,8,2948
50.5,1,5,9,2957
50.5,1,5,10,2966
50.5,1,5,11,2975
50.5,1,5,12,2984
50.5,1,5,13,2993
50.5,1,5,14,3002
50.5,1,5,15,3011
50.5,1,6,0,2884
50.5,1,6,1,2893
50.5,1,6,2,2903
50.5,1,6,3,2912
50.5,1,6,4,2921
50.5,1,6,5,2930
50.5,1,6,6,2939
50.5,1,6,7,2948
50.5,1,6,8,2958
50.5,1,6,9,2967
50.5,1,6,10,2976
50.5,1,6,11,2985
50.5,1,6,12,2994
50.5,1,6,13,3003
50.5,1,6,14,3012
50.5,1,6,15,3020
50.5,1,7,0,2893
50.5,1,7,1,2903
50.5,1,7,2,2912
50.5,1,7,3,2921
50.5,1,7,4,2930
50.5,1,7,5,2940
50.5,1,7,6,2949
50.5,1,7,7,2958
50.5,1,7,8,2967
50.5,1,7,9,2976
50.5,1,7,10,2985
50.5,1,7,11,2994
50.5,1,7,12,3003
50.5,1,7,13,3012
50.5,1,7,14,3021
50.5,1,7,15,3030
50.5,1,8,0,2903
50.5,1,8,1,2912
50.5,1,8,2,2921
50.5,1,8,3,2931
50.5,1,8,4,2940
50.5,1,8,5,2949
50.5,1,8,6,2958
50.5,1,8,7,2967
50.5,1,8,8,2977
50.5,1,8,9,2986
50.5,1,8,10,2995
50.5,1,8,11,3004
50.5,1,8,12,3013
50.5,1,8,13,3022
50.5,1,8,14,3031
50.5,1,8,15,3040
50.5,1,9,0,2912
50.5,1,9,1,2921
50.5,1,9,2,2931
50.5,1,9,3,2940
50.5,1,9,4,2949
50.5,1,9,5,2958
50.5,1,9,6,2968
50.5,1,9,7,2977
50.5,1,9,8,2986
50.5,1,9,9,2995
50.5,1,9,10,3004
50.5,1,9,11,3013
50.5,1,9,12,3022
50.5,1,9,13,3032
50.5,1,9,14,3041
50.5,1,9,15,3050
50.5,1,10,0,2921
50.5,1,10,1,2930
50.5,1,10,2,2940
50.5,1,10,3,2949
50.5,1,10,4,2959
50.5,1,10,5,2968
50.5,1,10,6,2977
50.5,1,10,7,2986
50.5,1,10,8,2996
50.5,1,10,9,3005
50.5,1,10,10,3014
50.5,1,10,11,3023
50.5,1,10,12,3032
50.5,1,10,13,3041
50.5,1,10,14,3050
50.5,1,10,15,3059
50.5,1,11,0,2930
50.5,1,11,1,2940
50.5,1,11,2,2949
50.5,1,11,3,2958
50.5,1,11,4,2968
50.5,1,11,5,2977
50.5,1,11,6,2986
50.5,1,11,7,2996
50.5,1,11,8,3005
50.5,1,11,9,3014
50.5,1,11,10,3023
50.5,1,11,11,3032
50.5,1,11,12,3042
50.5,1,11,13,3051
50.5,1,11,14,3060
50.5,1,11,15,3069
50.5,1,12,0,2939
50.5,1,12,1,2949
50.5,1,12,2,2958
50.5,1,12,3,2968
50.5,1,12,4,2977
50.5,1,12,5,2986
50.5,1,12,6,2996
50.5,1,12,7,3005
50.5,1,12,8,3014
50.5,1,12,9,3024
50.5,1,12,10,3033
50.5,1,12,11,3042
50.5,1,12,12,3051
50.5,1,12,13,3060
50.5,1,12,14,3069
50.5,1,12,15,3078
50.5,1,13,0,2948
50.5,1,13,1,2958
50.5,1,13,2,2967
50.5,1,13,3,2977
50.5,1,13,4,2986
50.5,1,13,5,2996
50.5,1,13,6,3005
50.5,1,13,7,3014
50.5,1,13,8,3024
50.5,1,13,9,3033
50.5,1,13,10,3042
50.5,1,13,11,3051
50.5,1,13,12,3061
50.5,1,13,13,3070
50.5,1,13,14,3079
50.5,1,13,15,3088
50.5,1,14,0,2958
50.5,1,14,1,2967
50.5,1,14,2,2977
50.5,1,14,3,2986
50.5,1,14,4,2996
50.5,1,14,5,3005
50.5,1,14,6,3014
50.5,1,14,7,3024
50.5,1,14,8,3033
50.5,1,14,9,3042
50.5,1,14,10,3052
50.5,1,14,11,3061
50.5,1,14,12,3070
50.5,1,14,13,3079
50.5,1,14,14,3088
50.5,1,14,15,3097
50.5,1,15,0,2967
50.5,1,15,1,2976
50.5,1,15,2,2986
50.5,1,15,3,2995
50.5,1,15,4,3005
50.5,1,15,5,3014
50.5,1,15,6,3024
50.5,1,15,7,3033
50.5,1,15,8,3042
50.5,1,15,9,3052
50.5,1,15,10,3061
50.5,1,15,11,3070
50.5,1,15,12,3079
50.5,1,15,13,3089
50.5,1,15,14,3098
50.5,1,15,15,3107
50.5,2,0,0,2838
50.5,2,0,1,2848
50.5,2,0,2,2857
50.5,2,0,3,2866
50.5,2,0,4,2875
50.5,2,0,5,2884
50.5,2,0,6,2893
50.5,2,0,7,2902
50.5,2,0,8,2911
50.5,2,0,9,2920
50.5,2,0,10,2929
50.5,2,0,11,2938
50.5,2,0,12,2946
50.5,2,0,13,2955
50.5,2,0,14,2964
50.5,2,0,15,2973
50.5,2,1,0,2848
50.5,2,1,1,2857
50.5,2,1,2,2866
50.5,2,1,3,2875
50.5,2,1,4,2885
50.5,2,1,5,2894
50.5,2,1,6,2903
50.5,2,1,7,2912
50.5,2,1,8,2921
50.5,2,1,9,2930
50.5,2,1,10,2938
50.5,2,1,11,2947
50.5,2,1,12,2956
50.5,2,1,13,2965
50.5,2,1,14,2974
50.5,2,1,15,2983
50.5,2,2,0,2857
50.5,2,2,1,2867
50.5,2,2,2,2876
50.5,2,2,3,2885
50.5,2,2,4,2894
50.5,2,2,5,2903
50.5,2,2,6,2912
50.5,2,2,7,2921
50.5,2,2,8,2930
50.5,2,2,9,2939
50.5,2,2,10,2948
50.5,2,2,11,2957
50.5,2,2,12,2966
50.5,2,2,13,2975
50.5,2,2,14,2984
50.5,2,2,15,2993
50.5,2,3,0,2867
50.5,2,3,1,2876
50.5,2,3,2,2885
50.5,2,3,3,2895
50.5,2,3,4,2904
50.5,2,3,5,2913
50.5,2,3,6,2922
50.5,2,3,7,2931
50.5,2,3,8,2940
50.5,2,3,9,2949
50.5,2,3,10,2958
50.5,2,3,11,2967
50.5,2,3,12,2976
50.5,2,3,13,2985
50.5,2,3,14,2994
50.5,2,3,15,3002
50.5,2,4,0,2876
50.5,2,4,1,2886
50.5,2,4,2,2895
50.5,2,4,3,2904
50.5,2,4,4,2913
50.5,2,4,5,2922
50.5,2,4,6,2931
50.5,2,4,7,2941
50.5,2,4,8,2950
50.5,2,4,9,2959
50.5,2,4,10,2968
50.5,2,4,11,2977
50.5,2,4,12,2986
50.5,2,4,13,2995
50.5,2,4,14,3003
50.5,2,4,15,3012
50.5,2,5,0,2886
50.5,2,5,1,2895
50.5,2,5,2,2904
50.5,2,5,3,2914
50.5,2,5,4,2923
50.5,2,5,5,2932
50.5,2,5,6,2941
50.5,2,5,7,2950
50.5,2,5,8,2959
50.5,2,5,9,2968
50.5,2,5,10,2977
50.5,2,5,11,2986
50.5,2,5,12,2995
50.5,2,5,13,3004
50.5,2,5,14,3013
50.5,2,5,15,3022
50.5,2,6,0,2895
50.5,2,6,1,2904
50.5,2,6,2,2914
50.5,2,6,3,2923
50.5,2,6,4,2932
50.5,2,6,5,2941
50.5,2,6,6,2951
50.5,2,6,7,2960
50.5,2,6,8,2969
50.5,2,6,9,2978
50.5,2,6,10,2987
50.5,2,6,11,2996
50.5,2,6,12,3005
50.5,2,6,13,3014
50.5,2,6,14,3023
50.5,2,6,15,3032
50.5,2,7,0,2904
50.5,2,7,1,2914
50.5,2,7,2,2923
50.5,2,7,3,2932
50.5,2,7,4,2942
50.5,2,7,5,2951
50.5,2,7,6,2960
50.5,2,7,7,2969
50.5,2,7,8,2978
50.5,2,7,9,2988
50.5,2,7,10,2997
50.5,2,7,11,3006
50.5,2,7,12,3015
50.5,2,7,13,3024
50.5,2,7,14,3033
50.5,2,7,15,3042
50.5,2,8,0,2914
50.5,2,8,1,2923
50.5,2,8,2,2932
50.5,2,8,3,2942
50.5,2,8,4,2951
50.5,2,8,5,2960
50.5,2,8,6,2970
50.5,2,8,7,2979
50.5,2,8,8,2988
50.5,2,8,9,2997
50.5,2,8,10,3006
50.5,2,8,11,3015
50.5,2,8,12,3024
50.5,2,8,13,3033
50.5,2,8,14,3042
50.5,2,8,15,3051
50.5,2,9,0,2923
50.5,2,9,1,2932
50.5,2,9,2,2942
50.5,2,9,3,2951
50.5,2,9,4,2960
50.5,2,9,5,2970
50.5,2,9,6,2979
50.5,2,9,7,2988
50.5,2,9,8,2997
50.5,2,9,9,3007
50.5,2,9,10,3016
50.5,2,9,11,3025
50.5,2,9,12,3034
50.5,2,9,13,3043
50.5,2,9,14,3052
50.5,2,9,15,3061
50.5,2,10,0,2932
50.5,2,10,1,2942
50.5,2,10,2,2951
50.5,2,10,3,2960
50.5,2,10,4,2970
50.5,2,10,5,2979
50.5,2,10,6,2988
50.5,2,10,7,2998
50.5,2,10,8,3007
50.5,2,10,9,3016
50.5,2,10,10,3025
50.5,2,10,11,3034
50.5,2,10,12,3044
50.5,2,10,13,3053
50.5,2,10,14,3062
50.5,2,10,15,3071
50.5,2,11,0,2941
50.5,2,11,1,2951
50.5,2,11,2,2960
50.5,2,11,3,2970
50.5,2,11,4,2979
50.5,2,11,5,2988
50.5,2,11,6,2998
50.5,2,11,7,3007
50.5,2,11,8,3016
50.5,2,11,9,3026
50.5,2,11,10,3035
50.5,2,11,11,3044
50.5,2,11,12,3053
50.5,2,11,13,3062
50.5,2,11,14,3071
50.5,2,11,15,3080
50.5,2,12,0,2951
50.5,2,12,1,2960
50.5,2,12,2,2970
50.5,2,12,3,2979
50.5,2,12,4,2988
50.5,2,12,5,2998
50.5,2,12,6,3007
50.5,2,12,7,3016
50.5,2,12,8,3026
50.5,2,12,9,3035
50.5,2,12,10,3044
50.5,2,12,11,3054
50.5,2,12,12,3063
50.5,2,12,13,3072
50.5,2,12,14,3081
50.5,2,12,15,3090
50.5,2,13,0,2960
50.5,2,13,1,2969
50.5,2,13,2,2979
50.5,2,13,3,2988
50.5,2,13,4,2998
50.5,2,13,5,3007
50.5,2,13,6,3016
50.5,2,13,7,3026
50.5,2,13,8,3035
50.5,2,13,9,3044
50.5,2,13,10,3054
50.5,2,13,11,3063
50.5,2,13,12,3072
50.5,2,13,13,3081
50.5,2,13,14,3091
50.5,2,13,15,3100
50.5,2,14,0,2969
50.5,2,14,1,2978
50.5,2,14,2,2988
50.5,2,14,3,2997
50.5,2,14,4,3007
50.5,2,14,5,3016
50.5,2,14,6,3026
50.5,2,14,7,3035
50.5,2,14,8,3045
50.5,2,14,9,3054
50.5,2,14,10,3063
50.5,2,14,11,3072
50.5,2,14,12,3082
50.5,2,14,13,3091
50.5,2,14,14,3100
50.5,2,14,15,3109
50.5,2,15,0,2978
50.5,2,15,1,2988
50.5,2,15,2,2997
50.5,2,15,3,3007
50.5,2,15,4,3016
50.5,2,15,5,3026
50.5,2,15,6,3035
50.5,2,15,7,3044
50.5,2,15,8,3054
50.5,2,15,9,3063
50.5,2,15,10,3073
50.5,2,15,11,3082
50.5,2,15,12,3091
50.5,2,15,13,3100
50.5,2,15,14,3110
50.5,2,15,15,3119
50.5,3,0,0,2849
50.5,3,0,1,2858
50.5,3,0,2,2868
50.5,3,0,3,2877
50.5,3,0,4,2886
50.5,3,0,5,2895
50.5,3,0,6,2904
50.5,3,0,7,2913
50.5,3,0,8,2922
50.5,3,0,9,2931
50.5,3,0,10,2940
50.5,3,0,11,2949
50.5,3,0,12,2958
50.5,3,0,13,2966
50.5,3,0,14,2975
50.5,3,0,15,2984
50.5,3,1,0,2859
50.5,3,1,1,2868
50.5,3,1,2,2877
50.5,3,1,3,2886
50.5,3,1,4,2895
50.5,3,1,5,2905
50.5,3,1,6,2914
50.5,3,1,7,2923
50.5,3,1,8,2932
50.5,3,1,9,2941
50.5,3,1,10,2950
50.5,3,1,11,2959
50.5,3,1,12,2967
50.5,3,1,13,2976
50.5,3,1,14,2985
50.5,3,1,15,2994
50.5,3,2,0,2868
50.5,3,2,1,2878
50.5,3,2,2,2887
50.5,3,2,3,2896
50.5,3,2,4,2905
50.5,3,2,5,2914
50.5,3,2,6,2923
50.5,3,2,7,2932
50.5,3,2,8,2941
50.5,3,2,9,2950
50.5,3,2,10,2959
50.5,3,2,11,2968
50.5,3,2,12,2977
50.5,3,2,13,2986
50.5,3,2,14,2995
50.5,3,2,15,3004
50.5,3,3,0,2878
50.5,3,3,1,2887
50.5,3,3,2,2896
50.5,3,3,3,2906
50.5,3,3,4,2915
50.5,3,3,5,2924
50.5,3,3,6,2933
50.5,3,3,7,2942
50.5,3,3,8,2951
50.5,3,3,9,2960
50.5,3,3,10,2969
50.5,3,3,11,2978
50.5,3,3,12,2987
50.5,3,3,13,2996
50.5,3,3,14,3005
50.5,3,3,15,3014
50.5,3,4,0,2887
50.5,3,4,1,2897
50.5,3,4,2,2906
50.5,3,4,3,2915
50.5,3,4,4,2924
50.5,3,4,5,2933
50.5,3,4,6,2943
50.5,3,4,7,2952
50.5,3,4,8,2961
50.5,3,4,9,2970
50.5,3,4,10,2979
50.5,3,4,11,2988
50.5,3,4,12,2997
50.5,3,4,13,3006
50.5,3,4,14,3015
50.5,3,4,15,3024
50.5,3,5,0,2897
50.5,3,5,1,2906
50.5,3,5,2,2915
50.5,3,5,3,2925
50.5,3,5,4,2934
50.5,3,5,5,2943
50.5,3,5,6,2952
50.5,3,5,7,2961
50.5,3,5,8,2971
50.5,3,5,9,2980
50.5,3,5,10,2989
50.5,3,5,11,2998
50.5,3,5,12,3007
50.5,3,5,13,3016
50.5,3,5,14,3025
50.5,3,5,15,3034
50.5,3,6,0,2906
50.5,3,6,1,2915
50.5,3,6,2,2925
50.5,3,6,3,2934
50.5,3,6,4,2943
50.5,3,6,5,2953
50.5,3,6,6,2962
50.5,3,6,7,2971
50.5,3,6,8,2980
50.5,3,6,9,2989
50.5,3,6,10,2998
50.5,3,6,11,3007
50.5,3,6,12,3017
50.5,3,6,13,3026
50.5,3,6,14,3035
50.5,3,6,15,3043
50.5,3,7,0,2915
50.5,3,7,1,2925
50.5,3,7,2,2934
50.5,3,7,3,2944
50.5,3,7,4,2953
50.5,3,7,5,2962
50.5,3,7,6,2971
50.5,3,7,7,2981
50.5,3,7,8,2990
50.5,3,7,9,2999
50.5,3,7,10,3008
50.5,3,7,11,3017
50.5,3,7,12,3026
50.5,3,7,13,3035
50.5,3,7,14,3044
50.5,3,7,15,3053
50.5,3,8,0,2925
50.5,3,8,1,2934
50.5,3,8,2,2944
50.5,3,8,3,2953
50.5,3,8,4,2962
50.5,3,8,5,2972
50.5,3,8,6,2981
50.5,3,8,7,2990
50.5,3,8,8,2999
50.5,3,8,9,3009
50.5,3,8,10,3018
50.5,3,8,11,3027
50.5,3,8,12,3036
50.5,3,8,13,3045
50.5,3,8,14,3054
50.5,3,8,15,3063
50.5,3,9,0,2934
50.5,3,9,1,2944
50.5,3,9,2,2953
50.5,3,9,3,2962
50.5,3,9,4,2972
50.5,3,9,5,2981
50.5,3,9,6,2990
50.5,3,9,7,3000
50.5,3,9,8,3009
50.5,3,9,9,3018
50.5,3,9,10,3027
50.5,3,9,11,3036
50.5,3,9,12,3046
50.5,3,9,13,3055
50.5,3,9,14,3064
50.5,3,9,15,3073
50.5,3,10,0,2943
50.5,3,10,1,2953
50.5,3,10,2,2962
50.5,3,10,3,2972
50.5,3,10,4,2981
50.5,3,10,5,2990
50.5,3,10,6,3000
50.5,3,10,7,3009
50.5,3,10,8,3018
50.5,3,10,9,3028
50.5,3,10,10,3037
50.5,3,10,11,3046
50.5,3,10,12,3055
50.5,3,10,13,3064
50.5,3,10,14,3073
50.5,3,10,15,3083
50.5,3,11,0,2953
50.5,3,11,1,2962
50.5,3,11,2,2972
50.5,3,11,3,2981
50.5,3,11,4,2990
50.5,3,11,5,3000
50.5,3,11,6,3009
50.5,3,11,7,3019
50.5,3,11,8,3028
50.5,3,11,9,3037
50.5,3,11,10,3046
50.5,3,11,11,3056
50.5,3,11,12,3065
50.5,3,11,13,3074
50.5,3,11,14,3083
50.5,3,11,15,3092
50.5,3,12,0,2962
50.5,3,12,1,2971
50.5,3,12,2,2981
50.5,3,12,3,2990
50.5,3,12,4,3000
50.5,3,12,5,3009
50.5,3,12,6,3019
50.5,3,12,7,3028
50.5,3,12,8,3037
50.5,3,12,9,3047
50.5,3,12,10,3056
50.5,3,12,11,3065
50.5,3,12,12,3074
50.5,3,12,13,3084
50.5,3,12,14,3093
50.5,3,12,15,3102
50.5,3,13,0,2971
50.5,3,13,1,2981
50.5,3,13,2,2990
50.5,3,13,3,3000
50.5,3,13,4,3009
50.5,3,13,5,3019
50.5,3,13,6,3028
50.5,3,13,7,3037
50.5,3,13,8,3047
50.5,3,13,9,3056
50.5,3,13,10,3065
50.5,3,13,11,3075
50.5,3,13,12,3084
50.5,3,13,13,3093
50.5,3,13,14,3102
50.5,3,13,15,3111
50.5,3,14,0,2980
50.5,3,14,1,2990
50.5,3,14,2,2999
50.5,3,14,3,3009
50.5,3,14,4,3018
50.5,3,14,5,3028
50.5,3,14,6,3037
50.5,3,14,7,3047
50.5,3,14,8,3056
50.5,3,14,9,3065
50.5,3,14,10,3075
50.5,3,14,11,3084
50.5,3,14,12,3093
50.5,3,14,13,3103
50.5,3,14,14,3112
50.5,3,14,15,3121
50.5,3,15,0,2989
50.5,3,15,1,2999
50.5,3,15,2,3009
50.5,3,15,3,3018
50.5,3,15,4,3028
50.5,3,15,5,3037
50.5,3,15,6,3047
50.5,3,15,7,3056
50.5,3,15,8,3065
50.5,3,15,9,3075
50.5,3,15,10,3084
50.5,3,15,11,3094
50.5,3,15,12,3103
50.5,3,15,13,3112
50.5,3,15,14,3121
50.5,3,15,15,3131
50.5,4,0,0,2860
50.5,4,0,1,2869
50.5,4,0,2,2878
50.5,4,0,3,2888
50.5,4,0,4,2897
50.5,4,0,5,2906
50.5,4,0,6,2915
50.5,4,0,7,2924
50.5,4,0,8,2933
50.5,4,0,9,2942
50.5,4,0,10,2951
50.5,4,0,11,2960
50.5,4,0,12,2969
50.5,4,0,13,2978
50.5,4,0,14,2986
50.5,4,0,15,2995
50.5,4,1,0,2870
50.5,4,1,1,2879
50.5,4,1,2,2888
50.5,4,1,3,2897
50.5,4,1,4,2906
50.5,4,1,5,2916
50.5,4,1,6,2925
50.5,4,1,7,2934
50.5,4,1,8,2943
50.5,4,1,9,2952
50.5,4,1,10,2961
50.5,4,1,11,2970
50.5,4,1,12,2979
50.5,4,1,13,2988
50.5,4,1,14,2996
50.5,4,1,15,3005
50.5,4,2,0,2879
50.5,4,2,1,2888
50.5,4,2,2,2898
50.5,4,2,3,2907
50.5,4,2,4,2916
50.5,4,2,5,2925
50.5,4,2,6,2934
50.5,4,2,7,2944
50.5,4,2,8,2953
50.5,4,2,9,2962
50.5,4,2,10,2971
50.5,4,2,11,2980
50.5,4,2,12,2989
50.5,4,2,13,2998
50.5,4,2,14,3006
50.5,4,2,15,3015
50.5,4,3,0,2889
50.5,4,3,1,2898
50.5,4,3,2,2907
50.5,4,3,3,2917
50.5,4,3,4,2926
50.5,4,3,5,2935
50.5,4,3,6,2944
50.5,4,3,7,2953
50.5,4,3,8,2962
50.5,4,3,9,2971
50.5,4,3,10,2980
50.5,4,3,11,2989
50.5,4,3,12,2998
50.5,4,3,13,3007
50.5,4,3,14,3016
50.5,4,3,15,3025
50.5,4,4,0,2898
50.5,4,4,1,2908
50.5,4,4,2,2917
50.5,4,4,3,2926
50.5,4,4,4,2935
50.5,4,4,5,2945
50.5,4,4,6,2954
50.5,4,4,7,2963
50.5,4,4,8,2972
50.5,4,4,9,2981
50.5,4,4,10,2990
50.5,4,4,11,2999
50.5,4,4,12,3008
50.5,4,4,13,3017
50.5,4,4,14,3026
50.5,4,4,15,3035
50.5,4,5,0,2908
50.5,4,5,1,2917
50.5,4,5,2,2926
50.5,4,5,3,2936
50.5,4,5,4,2945
50.5,4,5,5,2954
50.5,4,5,6,2963
50.5,4,5,7,2973
50.5,4,5,8,2982
50.5,4,5,9,2991
50.5,4,5,10,3000
50.5,4,5,11,3009
50.5,4,5,12,3018
50.5,4,5,13,3027
50.5,4,5,14,3036
50.5,4,5,15,3045
50.5,4,6,0,2917
50.5,4,6,1,2927
50.5,4,6,2,2936
50.5,4,6,3,2945
50.5,4,6,4,2955
50.5,4,6,5,2964
50.5,4,6,6,2973
50.5,4,6,7,2982
50.5,4,6,8,2991
50.5,4,6,9,3001
50.5,4,6,10,3010
50.5,4,6,11,3019
50.5,4,6,12,3028
50.5,4,6,13,3037
50.5,4,6,14,3046
50.5,4,6,15,3055
50.5,4,7,0,2927
50.5,4,7,1,2936
50.5,4,7,2,2945
50.5,4,7,3,2955
50.5,4,7,4,2964
50.5,4,7,5,2973
50.5,4,7,6,2983
50.5,4,7,7,2992
50.5,4,7,8,3001
50.5,4,7,9,3010
50.5,4,7,10,3019
50.5,4,7,11,3029
50.5,4,7,12,3038
50.5,4,7,13,3047
50.5,4,7,14,3056
50.5,4,7,15,3065
50.5,4,8,0,2936
50.5,4,8,1,2945
50.5,4,8,2,2955
50.5,4,8,3,2964
50.5,4,8,4,2974
50.5,4,8,5,2983
50.5,4,8,6,2992
50.5,4,8,7,3001
50.5,4,8,8,3011
50.5,4,8,9,3020
50.5,4,8,10,3029
50.5,4,8,11,3038
50.5,4,8,12,3047
50.5,4,8,13,3057
50.5,4,8,14,3066
50.5,4,8,15,3075
50.5,4,9,0,2945
50.5,4,9,1,2955
50.5,4,9,2,2964
50.5,4,9,3,2974
50.5,4,9,4,2983
50.5,4,9,5,2992
50.5,4,9,6,3002
50.5,4,9,7,3011
50.5,4,9,8,3020
50.5,4,9,9,3030
50.5,4,9,10,3039
50.5,4,9,11,3048
50.5,4,9,12,3057
50.5,4,9,13,3066
50.5,4,9,14,3075
50.5,4,9,15,3084
50.5,4,10,0,2955
50.5,4,10,1,2964
50.5,4,10,2,2974
50.5,4,10,3,2983
50.5,4,10,4,2992
50.5,4,10,5,3002
50.5,4,10,6,3011
50.5,4,10,7,3021
50.5,4,10,8,3030
50.5,4,10,9,3039
50.5,4,10,10,3048
50.5,4,10,11,3058
50.5,4,10,12,3067
50.5,4,10,13,3076
50.5,4,10,14,3085
50.5,4,10,15,3094
50.5,4,11,0,2964
50.5,4,11,1,2973
50.5,4,11,2,2983
50.5,4,11,3,2992
50.5,4,11,4,3002
50.5,4,11,5,3011
50.5,4,11,6,3021
50.5,4,11,7,3030
50.5,4,11,8,3039
50.5,4,11,9,3049
50.5,4,11,10,3058
50.5,4,11,11,3067
50.5,4,11,12,3076
50.5,4,11,13,3086
50.5,4,11,14,3095
50.5,4,11,15,3104
50.5,4,12,0,2973
50.5,4,12,1,2983
50.5,4,12,2,2992
50.5,4,12,3,3002
50.5,4,12,4,3011
50.5,4,12,5,3021
50.5,4,12,6,3030
50.5,4,12,7,3039
50.5,4,12,8,3049
50.5,4,12,9,3058
50.5,4,12,10,3067
50.5,4,12,11,3077
50.5,4,12,12,3086
50.5,4,12,13,3095
50.5,4,12,14,3104
50.5,4,12,15,3114
50.5,4,13,0,2982
50.5,4,13,1,2992
50.5,4,13,2,3001
50.5,4,13,3,3011
50.5,4,13,4,3021
50.5,4,13,5,3030
50.5,4,13,6,3039
50.5,4,13,7,3049
50.5,4,13,8,3058
50.5,4,13,9,3068
50.5,4,13,10,3077
50.5,4,13,11,3086
50.5,4,13,12,3096
50.5,4,13,13,3105
50.5,4,13,14,3114
50.5,4,13,15,3123
50.5,4,14,0,2991
50.5,4,14,1,3001
50.5,4,14,2,3011
50.5,4,14,3,3020
50.5,4,14,4,3030
50.5,4,14,5,3039
50.5,4,14,6,3049
50.5,4,14,7,3058
50.5,4,14,8,3068
50.5,4,14,9,3077
50.5,4,14,10,3086
50.5,4,14,11,3096
50.5,4,14,12,3105
50.5,4,14,13,3114
50.5,4,14,14,3124
50.5,4,14,15,3133
50.5,4,15,0,3001
50.5,4,15,1,3010
50.5,4,15,2,3020
50.5,4,15,3,3030
50.5,4,15,4,3039
50.5,4,15,5,3049
50.5,4,15,6,3058
50.5,4,15,7,3068
50.5,4,15,8,3077
50.5,4,15,9,3087
50.5,4,15,10,3096
50.5,4,15,11,3105
50.5,4,15,12,3115
50.5,4,15,13,3124
50.5,4,15,14,3133
50.5,4,15,15,3142
50.5,5,0,0,2871
50.5,5,0,1,2880
50.5,5,0,2,2889
50.5,5,0,3,2899
50.5,5,0,4,2908
50.5,5,0,5,2917
50.5,5,0,6,2926
50.5,5,0,7,2935
50.5,5,0,8,2944
50.5,5,0,9,2953
50.5,5,0,10,2962
50.5,5,0,11,2971
50.5,5,0,12,2980
50.5,5,0,13,2989
50.5,5,0,14,2998
50.5,5,0,15,3007
50.5,5,1,0,2880
50.5,5,1,1,2890
50.5,5,1,2,2899
50.5,5,1,3,2908
50.5,5,1,4,2917
50.5,5,1,5,2927
50.5,5,1,6,2936
50.5,5,1,7,2945
50.5,5,1,8,2954
50.5,5,1,9,2963
50.5,5,1,10,2972
50.5,5,1,11,2981
50.5,5,1,12,2990
50.5,5,1,13,2999
50.5,5,1,14,3008
50.5,5,1,15,3017
50.5,5,2,0,2890
50.5,5,2,1,2899
50.5,5,2,2,2909
50.5,5,2,3,2918
50.5,5,2,4,2927
50.5,5,2,5,2936
50.5,5,2,6,2945
50.5,5,2,7,2955
50.5,5,2,8,2964
50.5,5,2,9,2973
50.5,5,2,10,2982
50.5,5,2,11,2991
50.5,5,2,12,3000
50.5,5,2,13,3009
50.5,5,2,14,3018
50.5,5,2,15,3027
50.5,5,3,0,2900
50.5,5,3,1,2909
50.5,5,3,2,2918
50.5,5,3,3,2928
50.5,5,3,4,2937
50.5,5,3,5,2946
50.5,5,3,6,2955
50.5,5,3,7,2964
50.5,5,3,8,2974
50.5,5,3,9,2983
50.5,5,3,10,2992
50.5,5,3,11,3001
50.5,5,3,12,3010
50.5,5,3,13,3019
50.5,5,3,14,3028
50.5,5,3,15,3037
50.5,5,4,0,2909
50.5,5,4,1,2919
50.5,5,4,2,2928
50.5,5,4,3,2937
50.5,5,4,4,2946
50.5,5,4,5,2956
50.5,5,4,6,2965
50.5,5,4,7,2974
50.5,5,4,8,2983
50.5,5,4,9,2992
50.5,5,4,10,3002
50.5,5,4,11,3011
50.5,5,4,12,3020
50.5,5,4,13,3029
50.5,5,4,14,3038
50.5,5,4,15,3047
50.5,5,5,0,2919
50.5,5,5,1,2928
50.5,5,5,2,2937
50.5,5,5,3,2947
50.5,5,5,4,2956
50.5,5,5,5,2965
50.5,5,5,6,2975
50.5,5,5,7,2984
50.5,5,5,8,2993
50.5,5,5,9,3002
50.5,5,5,10,3011
50.5,5,5,11,3020
50.5,5,5,12,3030
50.5,5,5,13,3039
50.5,5,5,14,3048
50.5,5,5,15,3057
50.5,5,6,0,2928
50.5,5,6,1,2938
50.5,5,6,2,2947
50.5,5,6,3,2956
50.5,5,6,4,2966
50.5,5,6,5,2975
50.5,5,6,6,2984
50.5,5,6,7,2994
50.5,5,6,8,3003
50.5,5,6,9,3012
50.5,5,6,10,3021
50.5,5,6,11,3030
50.5,5,6,12,3039
50.5,5,6,13,3048
50.5,5,6,14,3058
50.5,5,6,15,3067
50.5,5,7,0,2938
50.5,5,7,1,2947
50.5,5,7,2,2956
50.5,5,7,3,2966
50.5,5,7,4,2975
50.5,5,7,5,2985
50.5,5,7,6,2994
50.5,5,7,7,3003
50.5,5,7,8,3012
50.5,5,7,9,3022
50.5,5,7,10,3031
50.5,5,7,11,3040
50.5,5,7,12,3049
50.5,5,7,13,3058
50.5,5,7,14,3067
50.5,5,7,15,3076
50.5,5,8,0,2947
50.5,5,8,1,2956
50.5,5,8,2,2966
50.5,5,8,3,2975
50.5,5,8,4,2985
50.5,5,8,5,2994
50.5,5,8,6,3003
50.5,5,8,7,3013
50.5,5,8,8,3022
50.5,5,8,9,3031
50.5,5,8,10,3041
50.5,5,8,11,3050
50.5,5,8,12,3059
50.5,5,8,13,3068
50.5,5,8,14,3077
50.5,5,8,15,3086
50.5,5,9,0,2956
50.5,5,9,1,2966
50.5,5,9,2,2975
50.5,5,9,3,2985
50.5,5,9,4,2994
50.5,5,9,5,3004
50.5,5,9,6,3013
50.5,5,9,7,3022
50.5,5,9,8,3032
50.5,5,9,9,3041
50.5,5,9,10,3050
50.5,5,9,11,3059
50.5,5,9,12,3069
50.5,5,9,13,3078
50.5,5,9,14,3087
50.5,5,9,15,3096
50.5,5,10,0,2966
50.5,5,10,1,2975
50.5,5,10,2,2985
50.5,5,10,3,2994
50.5,5,10,4,3004
50.5,5,10,5,3013
50.5,5,10,6,3023
50.5,5,10,7,3032
50.5,5,10,8,3041
50.5,5,10,9,3051
50.5,5,10,10,3060
50.5,5,10,11,3069
50.5,5,10,12,3078
50.5,5,10,13,3088
50.5,5,10,14,3097
50.5,5,10,15,3106
50.5,5,11,0,2975
50.5,5,11,1,2985
50.5,5,11,2,2994
50.5,5,11,3,3004
50.5,5,11,4,3013
50.5,5,11,5,3023
50.5,5,11,6,3032
50.5,5,11,7,3041
50.5,5,11,8,3051
50.5,5,11,9,3060
50.5,5,11,10,3069
50.5,5,11,11,3079
50.5,5,11,12,3088
50.5,5,11,13,3097
50.5,5,11,14,3106
50.5,5,11,15,3116
50.5,5,12,0,2984
50.5,5,12,1,2994
50.5,5,12,2,3003
50.5,5,12,3,3013
50.5,5,12,4,3023
50.5,5,12,5,3032
50.5,5,12,6,3041
50.5,5,12,7,3051
50.5,5,12,8,3060
50.5,5,12,9,3070
50.5,5,12,10,3079
50.5,5,12,11,3088
50.5,5,12,12,3098
50.5,5,12,13,3107
50.5,5,12,14,3116
50.5,5,12,15,3125
50.5,5,13,0,2994
50.5,5,13,1,3003
50.5,5,13,2,3013
50.5,5,13,3,3022
50.5,5,13,4,3032
50.5,5,13,5,3041
50.5,5,13,6,3051
50.5,5,13,7,3060
50.5,5,13,8,3070
50.5,5,13,9,3079
50.5,5,13,10,3089
50.5,5,13,11,3098
50.5,5,13,12,3107
50.5,5,13,13,3117
50.5,5,13,14,3126
50.5,5,13,15,3135
50.5,5,14,0,3003
50.5,5,14,1,3012
50.5,5,14,2,3022
50.5,5,14,3,3032
50.5,5,14,4,3041
50.5,5,14,5,3051
50.5,5,14,6,3060
50.5,5,14,7,3070
50.5,5,14,8,3079
50.5,5,14,9,3089
50.5,5,14,10,3098
50.5,5,14,11,3107
50.5,5,14,12,3117
50.5,5,14,13,3126
50.5,5,14,14,3135
50.5,5,14,15,3145
50.5,5,15,0,3012
50.5,5,15,1,3022
50.5,5,15,2,3031
50.5,5,15,3,3041
50.5,5,15,4,3051
50.5,5,15,5,3060
50.5,5,15,6,3070
50.5,5,15,7,3079
50.5,5,15,8,3089
50.5,5,15,9,3098
50.5,5,15,10,3108
50.5,5,15,11,3117
50.5,5,15,12,3126
50.5,5,15,13,3136
50.5,5,15,14,3145
50.5,5,15,15,3154
50.5,6,0,0,2882
50.5,6,0,1,2891
50.5,6,0,2,2900
50.5,6,0,3,2909
50.5,6,0,4,2919
50.5,6,0,5,2928
50.5,6,0,6,2937
50.5,6,0,7,2946
50.5,6,0,8,2955
50.5,6,0,9,2964
50.5,6,0,10,2973
50.5,6,0,11,2982
50.5,6,0,12,2991
50.5,6,0,13,3000
50.5,6,0,14,3009
50.5,6,0,15,3018
50.5,6,1,0,2891
50.5,6,1,1,2901
50.5,6,1,2,2910
50.5,6,1,3,2919
50.5,6,1,4,2928
50.5,6,1,5,2938
50.5,6,1,6,2947
50.5,6,1,7,2956
50.5,6,1,8,2965
50.5,6,1,9,2974
50.5,6,1,10,2983
50.5,6,1,11,2992
50.5,6,1,12,3001
50.5,6,1,13,3010
50.5,6,1,14,3019
50.5,6,1,15,3028
50.5,6,2,0,2901
50.5,6,2,1,2910
50.5,6,2,2,2920
50.5,6,2,3,2929
50.5,6,2,4,2938
50.5,6,2,5,2947
50.5,6,2,6,2957
50.5,6,2,7,2966
50.5,6,2,8,2975
50.5,6,2,9,2984
50.5,6,2,10,2993
50.5,6,2,11,3002
50.5,6,2,12,3011
50.5,6,2,13,3020
50.5,6,2,14,3029
50.5,6,2,15,3038
50.5,6,3,0,2911
50.5,6,3,1,2920
50.5,6,3,2,2929
50.5,6,3,3,2939
50.5,6,3,4,2948
50.5,6,3,5,2957
50.5,6,3,6,2966
50.5,6,3,7,2976
50.5,6,3,8,2985
50.5,6,3,9,2994
50.5,6,3,10,3003
50.5,6,3,11,3012
50.5,6,3,12,3021
50.5,6,3,13,3030
50.5,6,3,14,3039
50.5,6,3,15,3048
50.5,6,4,0,2920
50.5,6,4,1,2930
50.5,6,4,2,2939
50.5,6,4,3,2948
50.5,6,4,4,2958
50.5,6,4,5,2967
50.5,6,4,6,2976
50.5,6,4,7,2985
50.5,6,4,8,2995
50.5,6,4,9,3004
50.5,6,4,10,3013
50.5,6,4,11,3022
50.5,6,4,12,3031
50.5,6,4,13,3040
50.5,6,4,14,3049
50.5,6,4,15,3058
50.5,6,5,0,2930
50.5,6,5,1,2939
50.5,6,5,2,2948
50.5,6,5,3,2958
50.5,6,5,4,2967
50.5,6,5,5,2977
50.5,6,5,6,2986
50.5,6,5,7,2995
50.5,6,5,8,3004
50.5,6,5,9,3013
50.5,6,5,10,3023
50.5,6,5,11,3032
50.5,6,5,12,3041
50.5,6,5,13,3050
50.5,6,5,14,3059
50.5,6,5,15,3068
50.5,6,6,0,2939
50.5,6,6,1,2949
50.5,6,6,2,2958
50.5,6,6,3,2967
50.5,6,6,4,2977
50.5,6,6,5,2986
50.5,6,6,6,2995
50.5,6,6,7,3005
50.5,6,6,8,3014
50.5,6,6,9,3023
50.5,6,6,10,3032
50.5,6,6,11,3042
50.5,6,6,12,3051
50.5,6,6,13,3060
50.5,6,6,14,3069
50.5,6,6,15,3078
50.5,6,7,0,2949
50.5,6,7,1,2958
50.5,6,7,2,2968
50.5,6,7,3,2977
50.5,6,7,4,2986
50.5,6,7,5,2996
50.5,6,7,6,3005
50.5,6,7,7,3014
50.5,6,7,8,3024
50.5,6,7,9,3033
50.5,6,7,10,3042
50.5,6,7,11,3051
50.5,6,7,12,3061
50.5,6,7,13,3070
50.5,6,7,14,3079
50.5,6,7,15,3088
50.5,6,8,0,2958
50.5,6,8,1,2968
50.5,6,8,2,2977
50.5,6,8,3,2987
50.5,6,8,4,2996
50.5,6,8,5,3005
50.5,6,8,6,3015
50.5,6,8,7,3024
50.5,6,8,8,3033
50.5,6,8,9,3043
50.5,6,8,10,3052
50.5,6,8,11,3061
50.5,6,8,12,3070
50.5,6,8,13,3080
50.5,6,8,14,3089
50.5,6,8,15,3098
50.5,6,9,0,2967
50.5,6,9,1,2977
50.5,6,9,2,2987
50.5,6,9,3,2996
50.5,6,9,4,3005
50.5,6,9,5,3015
50.5,6,9,6,3024
50.5,6,9,7,3034
50.5,6,9,8,3043
50.5,6,9,9,3052
50.5,6,9,10,3062
50.5,6,9,11,3071
50.5,6,9,12,3080
50.5,6,9,13,3089
50.5,6,9,14,3099
50.5,6,9,15,3108
50.5,6,10,0,2977
50.5,6,10,1,2986
50.5,6,10,2,2996
50.5,6,10,3,3005
50.5,6,10,4,3015
50.5,6,10,5,3024
50.5,6,10,6,3034
50.5,6,10,7,3043
50.5,6,10,8,3053
50.5,6,10,9,3062
50.5,6,10,10,3071
50.5,6,10,11,3081
50.5,6,10,12,3090
50.5,6,10,13,3099
50.5,6,10,14,3108
50.5,6,10,15,3118
50.5,6,11,0,2986
50.5,6,11,1,2996
50.5,6,11,2,3005
50.5,6,11,3,3015
50.5,6,11,4,3024
50.5,6,11,5,3034
50.5,6,11,6,3043
50.5,6,11,7,3053
50.5,6,11,8,3062
50.5,6,11,9,3072
50.5,6,11,10,3081
50.5,6,11,11,3090
50.5,6,11,12,3100
50.5,6,11,13,3109
50.5,6,11,14,3118
50.5,6,11,15,3127
50.5,6,12,0,2995
50.5,6,12,1,3005
50.5,6,12,2,3015
50.5,6,12,3,3024
50.5,6,12,4,3034
50.5,6,12,5,3043
50.5,6,12,6,3053
50.5,6,12,7,3062
50.5,6,12,8,3072
50.5,6,12,9,3081
50.5,6,12,10,3091
50.5,6,12,11,3100
50.5,6,12,12,3109
50.5,6,12,13,3119
50.5,6,12,14,3128
50.5,6,12,15,3137
50.5,6,13,0,3005
50.5,6,13,1,3014
50.5,6,13,2,3024
50.5,6,13,3,3034
50.5,6,13,4,3043
50.5,6,13,5,3053
50.5,6,13,6,3062
50.5,6,13,7,3072
50.5,6,13,8,3081
50.5,6,13,9,3091
50.5,6,13,10,3100
50.5,6,13,11,3110
50.5,6,13,12,3119
50.5,6,13,13,3128
50.5,6,13,14,3138
50.5,6,13,15,3147
50.5,6,14,0,3014
50.5,6,14,1,3024
50.5,6,14,2,3033
50.5,6,14,3,3043
50.5,6,14,4,3053
50.5,6,14,5,3062
50.5,6,14,6,3072
50.5,6,14,7,3081
50.5,6,14,8,3091
50.5,6,14,9,3100
50.5,6,14,10,3110
50.5,6,14,11,3119
50.5,6,14,12,3129
50.5,6,14,13,3138
50.5,6,14,14,3147
50.5,6,14,15,3157
50.5,6,15,0,3023
50.5,6,15,1,3033
50.5,6,15,2,3043
50.5,6,15,3,3052
50.5,6,15,4,3062
50.5,6,15,5,3072
50.5,6,15,6,3081
50.5,6,15,7,3091
50.5,6,15,8,3100
50.5,6,15,9,3110
50.5,6,15,10,3119
50.5,6,15,11,3129
50.5,6,15,12,3138
50.5,6,15,13,3148
50.5,6,15,14,3157
50.5,6,15,15,3166
50.5,7,0,0,2892
50.5,7,0,1,2902
50.5,7,0,2,2911
50.5,7,0,3,2920
50.5,7,0,4,2930
50.5,7,0,5,2939
50.5,7,0,6,2948
50.5,7,0,7,2957
50.5,7,0,8,2966
50.5,7,0,9,2975
50.5,7,0,10,2984
50.5,7,0,11,2993
50.5,7,0,12,3002
50.5,7,0,13,3011
50.5,7,0,14,3020
50.5,7,0,15,3029
50.5,7,1,0,2902
50.5,7,1,1,2912
50.5,7,1,2,2921
50.5,7,1,3,2930
50.5,7,1,4,2939
50.5,7,1,5,2949
50.5,7,1,6,2958
50.5,7,1,7,2967
50.5,7,1,8,2976
50.5,7,1,9,2985
50.5,7,1,10,2994
50.5,7,1,11,3003
50.5,7,1,12,3012
50.5,7,1,13,3021
50.5,7,1,14,3030
50.5,7,1,15,3039
50.5,7,2,0,2912
50.5,7,2,1,2921
50.5,7,2,2,2931
50.5,7,2,3,2940
50.5,7,2,4,2949
50.5,7,2,5,2958
50.5,7,2,6,2968
50.5,7,2,7,2977
50.5,7,2,8,2986
50.5,7,2,9,2995
50.5,7,2,10,3004
50.5,7,2,11,3013
50.5,7,2,12,3022
50.5,7,2,13,3031
50.5,7,2,14,3040
50.5,7,2,15,3049
50.5,7,3,0,2921
50.5,7,3,1,2931
50.5,7,3,2,2940
50.5,7,3,3,2950
50.5,7,3,4,2959
50.5,7,3,5,2968
50.5,7,3,6,2977
50.5,7,3,7,2987
50.5,7,3,8,2996
50.5,7,3,9,3005
50.5,7,3,10,3014
50.5,7,3,11,3023
50.5,7,3,12,3032
50.5,7,3,13,3042
50.5,7,3,14,3051
50.5,7,3,15,3060
50.5,7,4,0,2931
50.5,7,4,1,2940
50.5,7,4,2,2950
50.5,7,4,3,2959
50.5,7,4,4,2969
50.5,7,4,5,2978
50.5,7,4,6,2987
50.5,7,4,7,2997
50.5,7,4,8,3006
50.5,7,4,9,3015
50.5,7,4,10,3024
50.5,7,4,11,3033
50.5,7,4,12,3042
50.5,7,4,13,3051
50.5,7,4,14,3061
50.5,7,4,15,3070
50.5,7,5,0,2941
50.5,7,5,1,2950
50.5,7,5,2,2960
50.5,7,5,3,2969
50.5,7,5,4,2978
50.5,7,5,5,2988
50.5,7,5,6,2997
50.5,7,5,7,3006
50.5,7,5,8,3016
50.5,7,5,9,3025
50.5,7,5,10,3034
50.5,7,5,11,3043
50.5,7,5,12,3052
50.5,7,5,13,3061
50.5,7,5,14,3071
50.5,7,5,15,3080
50.5,7,6,0,2950
50.5,7,6,1,2960
50.5,7,6,2,2969
50.5,7,6,3,2979
50.5,7,6,4,2988
50.5,7,6,5,2997
50.5,7,6,6,3007
50.5,7,6,7,3016
50.5,7,6,8,3025
50.5,7,6,9,3035
50.5,7,6,10,3044
50.5,7,6,11,3053
50.5,7,6,12,3062
50.5,7,6,13,3071
50.5,7,6,14,3081
50.5,7,6,15,3090
50.5,7,7,0,2960
50.5,7,7,1,2969
50.5,7,7,2,2979
50.5,7,7,3,2988
50.5,7,7,4,2998
50.5,7,7,5,3007
50.5,7,7,6,3016
50.5,7,7,7,3026
50.5,7,7,8,3035
50.5,7,7,9,3044
50.5,7,7,10,3054
50.5,7,7,11,3063
50.5,7,7,12,3072
50.5,7,7,13,3081
50.5,7,7,14,3090
50.5,7,7,15,3100
50.5,7,8,0,2969
50.5,7,8,1,2979
50.5,7,8,2,2988
50.5,7,8,3,2998
50.5,7,8,4,3007
50.5,7,8,5,3017
50.5,7,8,6,3026
50.5,7,8,7,3035
50.5,7,8,8,3045
50.5,7,8,9,3054
50.5,7,8,10,3063
50.5,7,8,11,3073
50.5,7,8,12,3082
50.5,7,8,13,3091
50.5,7,8,14,3100
50.5,7,8,15,3109
50.5,7,9,0,2979
50.5,7,9,1,2988
50.5,7,9,2,2998
50.5,7,9,3,3007
50.5,7,9,4,3017
50.5,7,9,5,3026
50.5,7,9,6,3036
50.5,7,9,7,3045
50.5,7,9,8,3054
50.5,7,9,9,3064
50.5,7,9,10,3073
50.5,7,9,11,3082
50.5,7,9,12,3092
50.5,7,9,13,3101
50.5,7,9,14,3110
50.5,7,9,15,3119
50.5,7,10,0,2988
50.5,7,10,1,2998
50.5,7,10,2,3007
50.5,7,10,3,3017
50.5,7,10,4,3026
50.5,7,10,5,3036
50.5,7,10,6,3045
50.5,7,10,7,3055
50.5,7,10,8,3064
50.5,7,10,9,3074
50.5,7,10,10,3083
50.5,7,10,11,3092
50.5,7,10,12,3101
50.5,7,10,13,3111
50.5,7,10,14,3120
50.5,7,10,15,3129
50.5,7,11,0,2997
50.5,7,11,1,3007
50.5,7,11,2,3017
50.5,7,11,3,3026
50.5,7,11,4,3036
50.5,7,11,5,3045
50.5,7,11,6,3055
50.5,7,11,7,3064
50.5,7,11,8,3074
50.5,7,11,9,3083
50.5,7,11,10,3093
50.5,7,11,11,3102
50.5,7,11,12,3111
50.5,7,11,13,3121
50.5,7,11,14,3130
50.5,7,11,15,3139
50.5,7,12,0,3007
50.5,7,12,1,3016
50.5,7,12,2,3026
50.5,7,12,3,3036
50.5,7,12,4,3045
50.5,7,12,5,3055
50.5,7,12,6,3064
50.5,7,12,7,3074
50.5,7,12,8,3083
50.5,7,12,9,3093
50.5,7,12,10,3102
50.5,7,12,11,3112
50.5,7,12,12,3121
50.5,7,12,13,3130
50.5,7,12,14,3140
50.5,7,12,15,3149
50.5,7,13,0,3016
50.5,7,13,1,3026
50.5,7,13,2,3035
50.5,7,13,3,3045
50.5,7,13,4,3055
50.5,7,13,5,3064
50.5,7,13,6,3074
50.5,7,13,7,3083
50.5,7,13,8,3093
50.5,7,13,9,3102
50.5,7,13,10,3112
50.5,7,13,11,3121
50.5,7,13,12,3131
50.5,7,13,13,3140
50.5,7,13,14,3149
50.5,7,13,15,3159
50.5,7,14,0,3025
50.5,7,14,1,3035
50.5,7,14,2,3045
50.5,7,14,3,3054
50.5,7,14,4,3064
50.5,7,14,5,3074
50.5,7,14,6,3083
50.5,7,14,7,3093
50.5,7,14,8,3102
50.5,7,14,9,3112
50.5,7,14,10,3121
50.5,7,14,11,3131
50.5,7,14,12,3140
50.5,7,14,13,3150
50.5,7,14,14,3159
50.5,7,14,15,3168
50.5,7,15,0,3035
50.5,7,15,1,3044
50.5,7,15,2,3054
50.5,7,15,3,3064
50.5,7,15,4,3074
50.5,7,15,5,3083
50.5,7,15,6,3093
50.5,7,15,7,3102
50.5,7,15,8,3112
50.5,7,15,9,3121
50.5,7,15,10,3131
50.5,7,15,11,3140
50.5,7,15,12,3150
50.5,7,15,13,3159
50.5,7,15,14,3169
50.5,7,15,15,3178
50.5,8,0,0,2903
50.5,8,0,1,2913
50.5,8,0,2,2922
50.5,8,0,3,2931
50.5,8,0,4,2940
50.5,8,0,5,2950
50.5,8,0,6,2959
50.5,8,0,7,2968
50.5,8,0,8,2977
50.5,8,0,9,2986
50.5,8,0,10,2995
50.5,8,0,11,3005
50.5,8,0,12,3014
50.5,8,0,13,3023
50.5,8,0,14,3032
50.5,8,0,15,3041
50.5,8,1,0,2913
50.5,8,1,1,2922
50.5,8,1,2,2932
50.5,8,1,3,2941
50.5,8,1,4,2950
50.5,8,1,5,2960
50.5,8,1,6,2969
50.5,8,1,7,2978
50.5,8,1,8,2987
50.5,8,1,9,2996
50.5,8,1,10,3005
50.5,8,1,11,3015
50.5,8,1,12,3024
50.5,8,1,13,3033
50.5,8,1,14,3042
50.5,8,1,15,3051
50.5,8,2,0,2923
50.5,8,2,1,2932
50.5,8,2,2,2941
50.5,8,2,3,2951
50.5,8,2,4,2960
50.5,8,2,5,2969
50.5,8,2,6,2979
50.5,8,2,7,2988
50.5,8,2,8,2997
50.5,8,2,9,3006
50.5,8,2,10,3016
50.5,8,2,11,3025
50.5,8,2,12,3034
50.5,8,2,13,3043
50.5,8,2,14,3052
50.5,8,2,15,3061
50.5,8,3,0,2932
50.5,8,3,1,2942
50.5,8,3,2,2951
50.5,8,3,3,2961
50.5,8,3,4,2970
50.5,8,3,5,2979
50.5,8,3,6,2989
50.5,8,3,7,2998
50.5,8,3,8,3007
50.5,8,3,9,3016
50.5,8,3,10,3025
50.5,8,3,11,3035
50.5,8,3,12,3044
50.5,8,3,13,3053
50.5,8,3,14,3062
50.5,8,3,15,3071
50.5,8,4,0,2942
50.5,8,4,1,2951
50.5,8,4,2,2961
50.5,8,4,3,2970
50.5,8,4,4,2980
50.5,8,4,5,2989
50.5,8,4,6,2998
50.5,8,4,7,3008
50.5,8,4,8,3017
50.5,8,4,9,3026
50.5,8,4,10,3035
50.5,8,4,11,3045
50.5,8,4,12,3054
50.5,8,4,13,3063
50.5,8,4,14,3072
50.5,8,4,15,3081
50.5,8,5,0,2952
50.5,8,5,1,2961
50.5,8,5,2,2971
50.5,8,5,3,2980
50.5,8,5,4,2989
50.5,8,5,5,2999
50.5,8,5,6,3008
50.5,8,5,7,3017
50.5,8,5,8,3027
50.5,8,5,9,3036
50.5,8,5,10,3045
50.5,8,5,11,3055
50.5,8,5,12,3064
50.5,8,5,13,3073
50.5,8,5,14,3082
50.5,8,5,15,3091
50.5,8,6,0,2961
50.5,8,6,1,2971
50.5,8,6,2,2980
50.5,8,6,3,2990
50.5,8,6,4,2999
50.5,8,6,5,3009
50.5,8,6,6,3018
50.5,8,6,7,3027
50.5,8,6,8,3037
50.5,8,6,9,3046
50.5,8,6,10,3055
50.5,8,6,11,3064
50.5,8,6,12,3074
50.5,8,6,13,3083
50.5,8,6,14,3092
50.5,8,6,15,3101
50.5,8,7,0,2971
50.5,8,7,1,2980
50.5,8,7,2,2990
50.5,8,7,3,2999
50.5,8,7,4,3009
50.5,8,7,5,3018
50.5,8,7,6,3028
50.5,8,7,7,3037
50.5,8,7,8,3046
50.5,8,7,9,3056
50.5,8,7,10,3065
50.5,8,7,11,3074
50.5,8,7,12,3084
50.5,8,7,13,3093
50.5,8,7,14,3102
50.5,8,7,15,3111
50.5,8,8,0,2980
50.5,8,8,1,2990
50.5,8,8,2,2999
50.5,8,8,3,3009
50.5,8,8,4,3018
50.5,8,8,5,3028
50.5,8,8,6,3037
50.5,8,8,7,3047
50.5,8,8,8,3056
50.5,8,8,9,3066
50.5,8,8,10,3075
50.5,8,8,11,3084
50.5,8,8,12,3093
50.5,8,8,13,3103
50.5,8,8,14,3112
50.5,8,8,15,3121
50.5,8,9,0,2990
50.5,8,9,1,2999
50.5,8,9,2,3009
50.5,8,9,3,3018
50.5,8,9,4,3028
50.5,8,9,5,3038
50.5,8,9,6,3047
50.5,8,9,7,3056
50.5,8,9,8,3066
50.5,8,9,9,3075
50.5,8,9,10,3085
50.5,8,9,11,3094
50.5,8,9,12,3103
50.5,8,9,13,3113
50.5,8,9,14,3122
50.5,8,9,15,3131
50.5,8,10,0,2999
50.5,8,10,1,3009
50.5,8,10,2,3018
50.5,8,10,3,3028
50.5,8,10,4,3038
50.5,8,10,5,3047
50.5,8,10,6,3057
50.5,8,10,7,3066
50.5,8,10,8,3076
50.5,8,10,9,3085
50.5,8,10,10,3094
50.5,8,10,11,3104
50.5,8,10,12,3113
50.5,8,10,13,3122
50.5,8,10,14,3132
50.5,8,10,15,3141
50.5,8,11,0,3009
50.5,8,11,1,3018
50.5,8,11,2,3028
50.5,8,11,3,3038
50.5,8,11,4,3047
50.5,8,11,5,3057
50.5,8,11,6,3066
50.5,8,11,7,3076
50.5,8,11,8,3085
50.5,8,11,9,3095
50.5,8,11,10,3104
50.5,8,11,11,3113
50.5,8,11,12,3123
50.5,8,11,13,3132
50.5,8,11,14,3141
50.5,8,11,15,3151
50.5,8,12,0,3018
50.5,8,12,1,3028
50.5,8,12,2,3037
50.5,8,12,3,3047
50.5,8,12,4,3057
50.5,8,12,5,3066
50.5,8,12,6,3076
50.5,8,12,7,3085
50.5,8,12,8,3095
50.5,8,12,9,3104
50.5,8,12,10,3114
50.5,8,12,11,3123
50.5,8,12,12,3133
50.5,8,12,13,3142
50.5,8,12,14,3151
50.5,8,12,15,3161
50.5,8,13,0,3027
50.5,8,13,1,3037
50.5,8,13,2,3047
50.5,8,13,3,3056
50.5,8,13,4,3066
50.5,8,13,5,3076
50.5,8,13,6,3085
50.5,8,13,7,3095
50.5,8,13,8,3104
50.5,8,13,9,3114
50.5,8,13,10,3123
50.5,8,13,11,3133
50.5,8,13,12,3142
50.5,8,13,13,3152
50.5,8,13,14,3161
50.5,8,13,15,3170
50.5,8,14,0,3037
50.5,8,14,1,3046
50.5,8,14,2,3056
50.5,8,14,3,3066
50.5,8,14,4,3076
50.5,8,14,5,3085
50.5,8,14,6,3095
50.5,8,14,7,3104
50.5,8,14,8,3114
50.5,8,14,9,3124
50.5,8,14,10,3133
50.5,8,14,11,3143
50.5,8,14,12,3152
50.5,8,14,13,3161
50.5,8,14,14,3171
50.5,8,14,15,3180
50.5,8,15,0,3046
50.5,8,15,1,3056
50.5,8,15,2,3066
50.5,8,15,3,3075
50.5,8,15,4,3085
50.5,8,15,5,3095
50.5,8,15,6,3104
50.5,8,15,7,3114
50.5,8,15,8,3124
50.5,8,15,9,3133
50.5,8,15,10,3143
50.5,8,15,11,3152
50.5,8,15,12,3162
50.5,8,15,13,3171
50.5,8,15,14,3181
50.5,8,15,15,3190
50.5,9,0,0,2914
50.5,9,0,1,2923
50.5,9,0,2,2933
50.5,9,0,3,2942
50.5,9,0,4,2951
50.5,9,0,5,2961
50.5,9,0,6,2970
50.5,9,0,7,2979
50.5,9,0,8,2988
50.5,9,0,9,2997
50.5,9,0,10,3007
50.5,9,0,11,3016
50.5,9,0,12,3025
50.5,9,0,13,3034
50.5,9,0,14,3043
50.5,9,0,15,3052
50.5,9,1,0,2924
50.5,9,1,1,2933
50.5,9,1,2,2943
50.5,9,1,3,2952
50.5,9,1,4,2961
50.5,9,1,5,2971
50.5,9,1,6,2980
50.5,9,1,7,2989
50.5,9,1,8,2998
50.5,9,1,9,3008
50.5,9,1,10,3017
50.5,9,1,11,3026
50.5,9,1,12,3035
50.5,9,1,13,3044
50.5,9,1,14,3053
50.5,9,1,15,3062
50.5,9,2,0,2934
50.5,9,2,1,2943
50.5,9,2,2,2952
50.5,9,2,3,2962
50.5,9,2,4,2971
50.5,9,2,5,2980
50.5,9,2,6,2990
50.5,9,2,7,2999
50.5,9,2,8,3008
50.5,9,2,9,3018
50.5,9,2,10,3027
50.5,9,2,11,3036
50.5,9,2,12,3045
50.5,9,2,13,3054
50.5,9,2,14,3063
50.5,9,2,15,3072
50.5,9,3,0,2943
50.5,9,3,1,2953
50.5,9,3,2,2962
50.5,9,3,3,2972
50.5,9,3,4,2981
50.5,9,3,5,2990
50.5,9,3,6,3000
50.5,9,3,7,3009
50.5,9,3,8,3018
50.5,9,3,9,3028
50.5,9,3,10,3037
50.5,9,3,11,3046
50.5,9,3,12,3055
50.5,9,3,13,3064
50.5,9,3,14,3073
50.5,9,3,15,3082
50.5,9,4,0,2953
50.5,9,4,1,2962
50.5,9,4,2,2972
50.5,9,4,3,2981
50.5,9,4,4,2991
50.5,9,4,5,3000
50.5,9,4,6,3010
50.5,9,4,7,3019
50.5,9,4,8,3028
50.5,9,4,9,3037
50.5,9,4,10,3047
50.5,9,4,11,3056
50.5,9,4,12,3065
50.5,9,4,13,3074
50.5,9,4,14,3083
50.5,9,4,15,3093
50.5,9,5,0,2963
50.5,9,5,1,2972
50.5,9,5,2,2982
50.5,9,5,3,2991
50.5,9,5,4,3001
50.5,9,5,5,3010
50.5,9,5,6,3019
50.5,9,5,7,3029
50.5,9,5,8,3038
50.5,9,5,9,3047
50.5,9,5,10,3057
50.5,9,5,11,3066
50.5,9,5,12,3075
50.5,9,5,13,3084
50.5,9,5,14,3093
50.5,9,5,15,3103
50.5,9,6,0,2972
50.5,9,6,1,2982
50.5,9,6,2,2991
50.5,9,6,3,3001
50.5,9,6,4,3010
50.5,9,6,5,3020
50.5,9,6,6,3029
50.5,9,6,7,3039
50.5,9,6,8,3048
50.5,9,6,9,3057
50.5,9,6,10,3067
50.5,9,6,11,3076
50.5,9,6,12,3085
50.5,9,6,13,3094
50.5,9,6,14,3104
50.5,9,6,15,3113
50.5,9,7,0,2982
50.5,9,7,1,2991
50.5,9,7,2,3001
50.5,9,7,3,3010
50.5,9,7,4,3020
50.5,9,7,5,3029
50.5,9,7,6,3039
50.5,9,7,7,3048
50.5,9,7,8,3058
50.5,9,7,9,3067
50.5,9,7,10,3076
50.5,9,7,11,3086
50.5,9,7,12,3095
50.5,9,7,13,3104
50.5,9,7,14,3113
50.5,9,7,15,3123
50.5,9,8,0,2991
50.5,9,8,1,3001
50.5,9,8,2,3011
50.5,9,8,3,3020
50.5,9,8,4,3030
50.5,9,8,5,3039
50.5,9,8,6,3049
50.5,9,8,7,3058
50.5,9,8,8,3068
50.5,9,8,9,3077
50.5,9,8,10,3086
50.5,9,8,11,3096
50.5,9,8,12,3105
50.5,9,8,13,3114
50.5,9,8,14,3123
50.5,9,8,15,3133
50.5,9,9,0,3001
50.5,9,9,1,3010
50.5,9,9,2,3020
50.5,9,9,3,3030
50.5,9,9,4,3039
50.5,9,9,5,3049
50.5,9,9,6,3058
50.5,9,9,7,3068
50.5,9,9,8,3077
50.5,9,9,9,3087
50.5,9,9,10,3096
50.5,9,9,11,3105
50.5,9,9,12,3115
50.5,9,9,13,3124
50.5,9,9,14,3133
50.5,9,9,15,3143
50.5,9,10,0,3010
50.5,9,10,1,3020
50.5,9,10,2,3030
50.5,9,10,3,3039
50.5,9,10,4,3049
50.5,9,10,5,3058
50.5,9,10,6,3068
50.5,9,10,7,3078
50.5,9,10,8,3087
50.5,9,10,9,3096
50.5,9,10,10,3106
50.5,9,10,11,3115
50.5,9,10,12,3125
50.5,9,10,13,3134
50.5,9,10,14,3143
50.5,9,10,15,3153
50.5,9,11,0,3020
50.5,9,11,1,3029
50.5,9,11,2,3039
50.5,9,11,3,3049
50.5,9,11,4,3058
50.5,9,11,5,3068
50.5,9,11,6,3078
50.5,9,11,7,3087
50.5,9,11,8,3097
50.5,9,11,9,3106
50.5,9,11,10,3116
50.5,9,11,11,3125
50.5,9,11,12,3134
50.5,9,11,13,3144
50.5,9,11,14,3153
50.5,9,11,15,3162
50.5,9,12,0,3029
50.5,9,12,1,3039
50.5,9,12,2,3049
50.5,9,12,3,3058
50.5,9,12,4,3068
50.5,9,12,5,3078
50.5,9,12,6,3087
50.5,9,12,7,3097
50.5,9,12,8,3106
50.5,9,12,9,3116
50.5,9,12,10,3125
50.5,9,12,11,3135
50.5,9,12,12,3144
50.5,9,12,13,3154
50.5,9,12,14,3163
50.5,9,12,15,3172
50.5,9,13,0,3039
50.5,9,13,1,3048
50.5,9,13,2,3058
50.5,9,13,3,3068
50.5,9,13,4,3078
50.5,9,13,5,3087
50.5,9,13,6,3097
50.5,9,13,7,3106
50.5,9,13,8,3116
50.5,9,13,9,3126
50.5,9,13,10,3135
50.5,9,13,11,3145
50.5,9,13,12,3154
50.5,9,13,13,3163
50.5,9,13,14,3173
50.5,9,13,15,3182
50.5,9,14,0,3048
50.5,9,14,1,3058
50.5,9,14,2,3068
50.5,9,14,3,3077
50.5,9,14,4,3087
50.5,9,14,5,3097
50.5,9,14,6,3106
50.5,9,14,7,3116
50.5,9,14,8,3126
50.5,9,14,9,3135
50.5,9,14,10,3145
50.5,9,14,11,3154
50.5,9,14,12,3164
50.5,9,14,13,3173
50.5,9,14,14,3183
50.5,9,14,15,3192
50.5,9,15,0,3057
50.5,9,15,1,3067
50.5,9,15,2,3077
50.5,9,15,3,3087
50.5,9,15,4,3096
50.5,9,15,5,3106
50.5,9,15,6,3116
50.5,9,15,7,3126
50.5,9,15,8,3135
50.5,9,15,9,3145
50.5,9,15,10,3154
50.5,9,15,11,3164
50.5,9,15,12,3173
50.5,9,15,13,3183
50.5,9,15,14,3192
50.5,9,15,15,3202
50.5,10,0,0,2925
50.5,10,0,1,2934
50.5,10,0,2,2944
50.5,10,0,3,2953
50.5,10,0,4,2962
50.5,10,0,5,2972
50.5,10,0,6,2981
50.5,10,0,7,2990
50.5,10,0,8,2999
50.5,10,0,9,3009
50.5,10,0,10,3018
50.5,10,0,11,3027
50.5,10,0,12,3036
50.5,10,0,13,3045
50.5,10,0,14,3054
50.5,10,0,15,3063
50.5,10,1,0,2935
50.5,10,1,1,2944
50.5,10,1,2,2954
50.5,10,1,3,2963
50.5,10,1,4,2972
50.5,10,1,5,2982
50.5,10,1,6,2991
50.5,10,1,7,3000
50.5,10,1,8,3009
50.5,10,1,9,3019
50.5,10,1,10,3028
50.5,10,1,11,3037
50.5,10,1,12,3046
50.5,10,1,13,3055
50.5,10,1,14,3064
50.5,10,1,15,3073
50.5,10,2,0,2944
50.5,10,2,1,2954
50.5,10,2,2,2963
50.5,10,2,3,2973
50.5,10,2,4,2982
50.5,10,2,5,2992
50.5,10,2,6,3001
50.5,10,2,7,3010
50.5,10,2,8,3019
50.5,10,2,9,3029
50.5,10,2,10,3038
50.5,10,2,11,3047
50.5,10,2,12,3056
50.5,10,2,13,3065
50.5,10,2,14,3075
50.5,10,2,15,3084
50.5,10,3,0,2954
50.5,10,3,1,2964
50.5,10,3,2,2973
50.5,10,3,3,2983
50.5,10,3,4,2992
50.5,10,3,5,3001
50.5,10,3,6,3011
50.5,10,3,7,3020
50.5,10,3,8,3029
50.5,10,3,9,3039
50.5,10,3,10,3048
50.5,10,3,11,3057
50.5,10,3,12,3066
50.5,10,3,13,3076
50.5,10,3,14,3085
50.5,10,3,15,3094
50.5,10,4,0,2964
50.5,10,4,1,2973
50.5,10,4,2,2983
50.5,10,4,3,2992
50.5,10,4,4,3002
50.5,10,4,5,3011
50.5,10,4,6,3021
50.5,10,4,7,3030
50.5,10,4,8,3039
50.5,10,4,9,3049
50.5,10,4,10,3058
50.5,10,4,11,3067
50.5,10,4,12,3076
50.5,10,4,13,3086
50.5,10,4,14,3095
50.5,10,4,15,3104
50.5,10,5,0,2974
50.5,10,5,1,2983
50.5,10,5,2,2993
50.5,10,5,3,3002
50.5,10,5,4,3012
50.5,10,5,5,3021
50.5,10,5,6,3031
50.5,10,5,7,3040
50.5,10,5,8,3049
50.5,10,5,9,3059
50.5,10,5,10,3068
50.5,10,5,11,3077
50.5,10,5,12,3087
50.5,10,5,13,3096
50.5,10,5,14,3105
50.5,10,5,15,3114
50.5,10,6,0,2983
50.5,10,6,1,2993
50.5,10,6,2,3002
50.5,10,6,3,3012
50.5,10,6,4,3021
50.5,10,6,5,3031
50.5,10,6,6,3040
50.5,10,6,7,3050
50.5,10,6,8,3059
50.5,10,6,9,3069
50.5,10,6,10,3078
50.5,10,6,11,3087
50.5,10,6,12,3097
50.5,10,6,13,3106
50.5,10,6,14,3115
50.5,10,6,15,3124
50.5,10,7,0,2993
50.5,10,7,1,3002
50.5,10,7,2,3012
50.5,10,7,3,3022
50.5,10,7,4,3031
50.5,10,7,5,3041
50.5,10,7,6,3050
50.5,10,7,7,3060
50.5,10,7,8,3069
50.5,10,7,9,3078
50.5,10,7,10,3088
50.5,10,7,11,3097
50.5,10,7,12,3106
50.5,10,7,13,3116
50.5,10,7,14,3125
50.5,10,7,15,3134
50.5,10,8,0,3002
50.5,10,8,1,3012
50.5,10,8,2,3022
50.5,10,8,3,3031
50.5,10,8,4,3041
50.5,10,8,5,3050
50.5,10,8,6,3060
50.5,10,8,7,3069
50.5,10,8,8,3079
50.5,10,8,9,3088
50.5,10,8,10,3098
50.5,10,8,11,3107
50.5,10,8,12,3116
50.5,10,8,13,3126
50.5,10,8,14,3135
50.5,10,8,15,3144
50.5,10,9,0,3012
50.5,10,9,1,3022
50.5,10,9,2,3031
50.5,10,9,3,3041
50.5,10,9,4,3051
50.5,10,9,5,3060
50.5,10,9,6,3070
50.5,10,9,7,3079
50.5,10,9,8,3089
50.5,10,9,9,3098
50.5,10,9,10,3108
50.5,10,9,11,3117
50.5,10,9,12,3126
50.5,10,9,13,3136
50.5,10,9,14,3145
50.5,10,9,15,3154
50.5,10,10,0,3021
50.5,10,10,1,3031
50.5,10,10,2,3041
50.5,10,10,3,3051
50.5,10,10,4,3060
50.5,10,10,5,3070
50.5,10,10,6,3079
50.5,10,10,7,3089
50.5,10,10,8,3098
50.5,10,10,9,3108
50.5,10,10,10,3117
50.5,10,10,11,3127
50.5,10,10,12,3136
50.5,10,10,13,3146
50.5,10,10,14,3155
50.5,10,10,15,3164
50.5,10,11,0,3031
50.5,10,11,1,3041
50.5,10,11,2,3050
50.5,10,11,3,3060
50.5,10,11,4,3070
50.5,10,11,5,3079
50.5,10,11,6,3089
50.5,10,11,7,3099
50.5,10,11,8,3108
50.5,10,11,9,3118
50.5,10,11,10,3127
50.5,10,11,11,3137
50.5,10,11,12,3146
50.5,10,11,13,3155
50.5,10,11,14,3165
50.5,10,11,15,3174
50.5,10,12,0,3040
50.5,10,12,1,3050
50.5,10,12,2,3060
50.5,10,12,3,3070
50.5,10,12,4,3079
50.5,10,12,5,3089
50.5,10,12,6,3099
50.5,10,12,7,3108
50.5,10,12,8,3118
50.5,10,12,9,3127
50.5,10,12,10,3137
50.5,10,12,11,3146
50.5,10,12,12,3156
50.5,10,12,13,3165
50.5,10,12,14,3175
50.5,10,12,15,3184
50.5,10,13,0,3050
50.5,10,13,1,3060
50.5,10,13,2,3069
50.5,10,13,3,3079
50.5,10,13,4,3089
50.5,10,13,5,3099
50.5,10,13,6,3108
50.5,10,13,7,3118
50.5,10,13,8,3128
50.5,10,13,9,3137
50.5,10,13,10,3147
50.5,10,13,11,3156
50.5,10,13,12,3166
50.5,10,13,13,3175
50.5,10,13,14,3185
50.5,10,13,15,3194
50.5,10,14,0,3059
50.5,10,14,1,3069
50.5,10,14,2,3079
50.5,10,14,3,3089
50.5,10,14,4,3098
50.5,10,14,5,3108
50.5,10,14,6,3118
50.5,10,14,7,3128
50.5,10,14,8,3137
50.5,10,14,9,3147
50.5,10,14,10,3156
50.5,10,14,11,3166
50.5,10,14,12,3175
50.5,10,14,13,3185
50.5,10,14,14,3194
50.5,10,14,15,3204
50.5,10,15,0,3069
50.5,10,15,1,3078
50.5,10,15,2,3088
50.5,10,15,3,3098
50.5,10,15,4,3108
50.5,10,15,5,3118
50.5,10,15,6,3127
50.5,10,15,7,3137
50.5,10,15,8,3147
50.5,10,15,9,3156
50.5,10,15,10,3166
50.5,10,15,11,3176
50.5,10,15,12,3185
50.5,10,15,13,3195
50.5,10,15,14,3204
50.5,10,15,15,3214
50.5,11,0,0,2936
50.5,11,0,1,2945
50.5,11,0,2,2955
50.5,11,0,3,2964
50.5,11,0,4,2973
50.5,11,0,5,2983
50.5,11,0,6,2992
50.5,11,0,7,3001
50.5,11,0,8,3010
50.5,11,0,9,3020
50.5,11,0,10,3029
50.5,11,0,11,3038
50.5,11,0,12,3047
50.5,11,0,13,3056
50.5,11,0,14,3065
50.5,11,0,15,3074
50.5,11,1,0,2945
50.5,11,1,1,2955
50.5,11,1,2,2964
50.5,11,1,3,2974
50.5,11,1,4,2983
50.5,11,1,5,2993
50.5,11,1,6,3002
50.5,11,1,7,3011
50.5,11,1,8,3021
50.5,11,1,9,3030
50.5,11,1,10,3039
50.5,11,1,11,3048
50.5,11,1,12,3057
50.5,11,1,13,3067
50.5,11,1,14,3076
50.5,11,1,15,3085
50.5,11,2,0,2955
50.5,11,2,1,2965
50.5,11,2,2,2974
50.5,11,2,3,2984
50.5,11,2,4,2993
50.5,11,2,5,3003
50.5,11,2,6,3012
50.5,11,2,7,3021
50.5,11,2,8,3031
50.5,11,2,9,3040
50.5,11,2,10,3049
50.5,11,2,11,3058
50.5,11,2,12,3068
50.5,11,2,13,3077
50.5,11,2,14,3086
50.5,11,2,15,3095
50.5,11,3,0,2965
50.5,11,3,1,2975
50.5,11,3,2,2984
50.5,11,3,3,2994
50.5,11,3,4,3003
50.5,11,3,5,3013
50.5,11,3,6,3022
50.5,11,3,7,3031
50.5,11,3,8,3041
50.5,11,3,9,3050
50.5,11,3,10,3059
50.5,11,3,11,3068
50.5,11,3,12,3078
50.5,11,3,13,3087
50.5,11,3,14,3096
50.5,11,3,15,3105
50.5,11,4,0,2975
50.5,11,4,1,2984
50.5,11,4,2,2994
50.5,11,4,3,3003
50.5,11,4,4,3013
50.5,11,4,5,3022
50.5,11,4,6,3032
50.5,11,4,7,3041
50.5,11,4,8,3051
50.5,11,4,9,3060
50.5,11,4,10,3069
50.5,11,4,11,3079
50.5,11,4,12,3088
50.5,11,4,13,3097
50.5,11,4,14,3106
50.5,11,4,15,3115
50.5,11,5,0,2984
50.5,11,5,1,2994
50.5,11,5,2,3004
50.5,11,5,3,3013
50.5,11,5,4,3023
50.5,11,5,5,3032
50.5,11,5,6,3042
50.5,11,5,7,3051
50.5,11,5,8,3061
50.5,11,5,9,3070
50.5,11,5,10,3079
50.5,11,5,11,3089
50.5,11,5,12,3098
50.5,11,5,13,3107
50.5,11,5,14,3116
50.5,11,5,15,3126
50.5,11,6,0,2994
50.5,11,6,1,3004
50.5,11,6,2,3013
50.5,11,6,3,3023
50.5,11,6,4,3033
50.5,11,6,5,3042
50.5,11,6,6,3052
50.5,11,6,7,3061
50.5,11,6,8,3070
50.5,11,6,9,3080
50.5,11,6,10,3089
50.5,11,6,11,3099
50.5,11,6,12,3108
50.5,11,6,13,3117
50.5,11,6,14,3126
50.5,11,6,15,3136
50.5,11,7,0,3004
50.5,11,7,1,3013
50.5,11,7,2,3023
50.5,11,7,3,3033
50.5,11,7,4,3042
50.5,11,7,5,3052
50.5,11,7,6,3061
50.5,11,7,7,3071
50.5,11,7,8,3080
50.5,11,7,9,3090
50.5,11,7,10,3099
50.5,11,7,11,3109
50.5,11,7,12,3118
50.5,11,7,13,3127
50.5,11,7,14,3137
50.5,11,7,15,3146
50.5,11,8,0,3013
50.5,11,8,1,3023
50.5,11,8,2,3033
50.5,11,8,3,3042
50.5,11,8,4,3052
50.5,11,8,5,3062
50.5,11,8,6,3071
50.5,11,8,7,3081
50.5,11,8,8,3090
50.5,11,8,9,3100
50.5,11,8,10,3109
50.5,11,8,11,3119
50.5,11,8,12,3128
50.5,11,8,13,3137
50.5,11,8,14,3147
50.5,11,8,15,3156
50.5,11,9,0,3023
50.5,11,9,1,3033
50.5,11,9,2,3042
50.5,11,9,3,3052
50.5,11,9,4,3062
50.5,11,9,5,3071
50.5,11,9,6,3081
50.5,11,9,7,3091
50.5,11,9,8,3100
50.5,11,9,9,3110
50.5,11,9,10,3119
50.5,11,9,11,3128
50.5,11,9,12,3138
50.5,11,9,13,3147
50.5,11,9,14,3157
50.5,11,9,15,3166
50.5,11,10,0,3033
50.5,11,10,1,3042
50.5,11,10,2,3052
50.5,11,10,3,3062
50.5,11,10,4,3071
50.5,11,10,5,3081
50.5,11,10,6,3091
50.5,11,10,7,3100
50.5,11,10,8,3110
50.5,11,10,9,3119
50.5,11,10,10,3129
50.5,11,10,11,3138
50.5,11,10,12,3148
50.5,11,10,13,3157
50.5,11,10,14,3167
50.5,11,10,15,3176
50.5,11,11,0,3042
50.5,11,11,1,3052
50.5,11,11,2,3062
50.5,11,11,3,3071
50.5,11,11,4,3081
50.5,11,11,5,3091
50.5,11,11,6,3100
50.5,11,11,7,3110
50.5,11,11,8,3120
50.5,11,11,9,3129
50.5,11,11,10,3139
50.5,11,11,11,3148
50.5,11,11,12,3158
50.5,11,11,13,3167
50.5,11,11,14,3177
50.5,11,11,15,3186
50.5,11,12,0,3052
50.5,11,12,1,3061
50.5,11,12,2,3071
50.5,11,12,3,3081
50.5,11,12,4,3091
50.5,11,12,5,3100
50.5,11,12,6,3110
50.5,11,12,7,3120
50.5,11,12,8,3129
50.5,11,12,9,3139
50.5,11,12,10,3149
50.5,11,12,11,3158
50.5,11,12,12,3168
50.5,11,12,13,3177
50.5,11,12,14,3186
50.5,11,12,15,3196
50.5,11,13,0,3061
50.5,11,13,1,3071
50.5,11,13,2,3081
50.5,11,13,3,3091
50.5,11,13,4,3100
50.5,11,13,5,3110
50.5,11,13,6,3120
50.5,11,13,7,3129
50.5,11,13,8,3139
50.5,11,13,9,3149
50.5,11,13,10,3158
50.5,11,13,11,3168
50.5,11,13,12,3177
50.5,11,13,13,3187
50.5,11,13,14,3196
50.5,11,13,15,3206
50.5,11,14,0,3070
50.5,11,14,1,3080
50.5,11,14,2,3090
50.5,11,14,3,3100
50.5,11,14,4,3110
50.5,11,14,5,3120
50.5,11,14,6,3129
50.5,11,14,7,3139
50.5,11,14,8,3149
50.5,11,14,9,3158
50.5,11,14,10,3168
50.5,11,14,11,3178
50.5,11,14,12,3187
50.5,11,14,13,3197
50.5,11,14,14,3206
50.5,11,14,15,3216
50.5,11,15,0,3080
50.5,11,15,1,3090
50.5,11,15,2,3100
50.5,11,15,3,3110
50.5,11,15,4,3119
50.5,11,15,5,3129
50.5,11,15,6,3139
50.5,11,15,7,3149
50.5,11,15,8,3158
50.5,11,15,9,3168
50.5,11,15,10,3178
50.5,11,15,11,3187
50.5,11,15,12,3197
50.5,11,15,13,3206
50.5,11,15,14,3216
50.5,11,15,15,3225
50.5,12,0,0,2946
50.5,12,0,1,2956
50.5,12,0,2,2965
50.5,12,0,3,2975
50.5,12,0,4,2984
50.5,12,0,5,2994
50.5,12,0,6,3003
50.5,12,0,7,3012
50.5,12,0,8,3022
50.5,12,0,9,3031
50.5,12,0,10,3040
50.5,12,0,11,3049
50.5,12,0,12,3058
50.5,12,0,13,3068
50.5,12,0,14,3077
50.5,12,0,15,3086
50.5,12,1,0,2956
50.5,12,1,1,2966
50.5,12,1,2,2975
50.5,12,1,3,2985
50.5,12,1,4,2994
50.5,12,1,5,3004
50.5,12,1,6,3013
50.5,12,1,7,3022
50.5,12,1,8,3032
50.5,12,1,9,3041
50.5,12,1,10,3050
50.5,12,1,11,3059
50.5,12,1,12,3069
50.5,12,1,13,3078
50.5,12,1,14,3087
50.5,12,1,15,3096
50.5,12,2,0,2966
50.5,12,2,1,2976
50.5,12,2,2,2985
50.5,12,2,3,2995
50.5,12,2,4,3004
50.5,12,2,5,3014
50.5,12,2,6,3023
50.5,12,2,7,3032
50.5,12,2,8,3042
50.5,12,2,9,3051
50.5,12,2,10,3060
50.5,12,2,11,3070
50.5,12,2,12,3079
50.5,12,2,13,3088
50.5,12,2,14,3097
50.5,12,2,15,3106
50.5,12,3,0,2976
50.5,12,3,1,2986
50.5,12,3,2,2995
50.5,12,3,3,3005
50.5,12,3,4,3014
50.5,12,3,5,3024
50.5,12,3,6,3033
50.5,12,3,7,3042
50.5,12,3,8,3052
50.5,12,3,9,3061
50.5,12,3,10,3070
50.5,12,3,11,3080
50.5,12,3,12,3089
50.5,12,3,13,3098
50.5,12,3,14,3107
50.5,12,3,15,3117
50.5,12,4,0,2986
50.5,12,4,1,2995
50.5,12,4,2,3005
50.5,12,4,3,3014
50.5,12,4,4,3024
50.5,12,4,5,3034
50.5,12,4,6,3043
50.5,12,4,7,3052
50.5,12,4,8,3062
50.5,12,4,9,3071
50.5,12,4,10,3081
50.5,12,4,11,3090
50.5,12,4,12,3099
50.5,12,4,13,3108
50.5,12,4,14,3118
50.5,12,4,15,3127
50.5,12,5,0,2995
50.5,12,5,1,3005
50.5,12,5,2,3015
50.5,12,5,3,3024
50.5,12,5,4,3034
50.5,12,5,5,3043
50.5,12,5,6,3053
50.5,12,5,7,3062
50.5,12,5,8,3072
50.5,12,5,9,3081
50.5,12,5,10,3091
50.5,12,5,11,3100
50.5,12,5,12,3109
50.5,12,5,13,3119
50.5,12,5,14,3128
50.5,12,5,15,3137
50.5,12,6,0,3005
50.5,12,6,1,3015
50.5,12,6,2,3025
50.5,12,6,3,3034
50.5,12,6,4,3044
50.5,12,6,5,3053
50.5,12,6,6,3063
50.5,12,6,7,3072
50.5,12,6,8,3082
50.5,12,6,9,3091
50.5,12,6,10,3101
50.5,12,6,11,3110
50.5,12,6,12,3119
50.5,12,6,13,3129
50.5,12,6,14,3138
50.5,12,6,15,3147
50.5,12,7,0,3015
50.5,12,7,1,3025
50.5,12,7,2,3034
50.5,12,7,3,3044
50.5,12,7,4,3054
50.5,12,7,5,3063
50.5,12,7,6,3073
50.5,12,7,7,3082
50.5,12,7,8,3092
50.5,12,7,9,3101
50.5,12,7,10,3111
50.5,12,7,11,3120
50.5,12,7,12,3129
50.5,12,7,13,3139
50.5,12,7,14,3148
50.5,12,7,15,3157
50.5,12,8,0,3025
50.5,12,8,1,3034
50.5,12,8,2,3044
50.5,12,8,3,3054
50.5,12,8,4,3063
50.5,12,8,5,3073
50.5,12,8,6,3083
50.5,12,8,7,3092
50.5,12,8,8,3102
50.5,12,8,9,3111
50.5,12,8,10,3121
50.5,12,8,11,3130
50.5,12,8,12,3139
50.5,12,8,13,3149
50.5,12,8,14,3158
50.5,12,8,15,3168
50.5,12,9,0,3034
50.5,12,9,1,3044
50.5,12,9,2,3054
50.5,12,9,3,3063
50.5,12,9,4,3073
50.5,12,9,5,3083
50.5,12,9,6,3092
50.5,12,9,7,3102
50.5,12,9,8,3111
50.5,12,9,9,3121
50.5,12,9,10,3130
50.5,12,9,11,3140
50.5,12,9,12,3149
50.5,12,9,13,3159
50.5,12,9,14,3168
50.5,12,9,15,3178
50.5,12,10,0,3044
50.5,12,10,1,3054
50.5,12,10,2,3063
50.5,12,10,3,3073
50.5,12,10,4,3083
50.5,12,10,5,3092
50.5,12,10,6,3102
50.5,12,10,7,3112
50.5,12,10,8,3121
50.5,12,10,9,3131
50.5,12,10,10,3140
50.5,12,10,11,3150
50.5,12,10,12,3159
50.5,12,10,13,3169
50.5,12,10,14,3178
50.5,12,10,15,3188
50.5,12,11,0,3053
50.5,12,11,1,3063
50.5,12,11,2,3073
50.5,12,11,3,3083
50.5,12,11,4,3092
50.5,12,11,5,3102
50.5,12,11,6,3112
50.5,12,11,7,3121
50.5,12,11,8,3131
50.5,12,11,9,3141
50.5,12,11,10,3150
50.5,12,11,11,3160
50.5,12,11,12,3169
50.5,12,11,13,3179
50.5,12,11,14,3188
50.5,12,11,15,3198
50.5,12,12,0,3063
50.5,12,12,1,3073
50.5,12,12,2,3083
50.5,12,12,3,3092
50.5,12,12,4,3102
50.5,12,12,5,3112
50.5,12,12,6,3122
50.5,12,12,7,3131
50.5,12,12,8,3141
50.5,12,12,9,3150
50.5,12,12,10,3160
50.5,12,12,11,3170
50.5,12,12,12,3179
50.5,12,12,13,3189
50.5,12,12,14,3198
50.5,12,12,15,3208
50.5,12,13,0,3072
50.5,12,13,1,3082
50.5,12,13,2,3092
50.5,12,13,3,3102
50.5,12,13,4,3112
50.5,12,13,5,3121
50.5,12,13,6,3131
50.5,12,13,7,3141
50.5,12,13,8,3151
50.5,12,13,9,3160
50.5,12,13,10,3170
50.5,12,13,11,3179
50.5,12,13,12,3189
50.5,12,13,13,3199
50.5,12,13,14,3208
50.5,12,13,15,3218
50.5,12,14,0,3082
50.5,12,14,1,3092
50.5,12,14,2,3102
50.5,12,14,3,3111
50.5,12,14,4,3121
50.5,12,14,5,3131
50.5,12,14,6,3141
50.5,12,14,7,3151
50.5,12,14,8,3160
50.5,12,14,9,3170
50.5,12,14,10,3180
50.5,12,14,11,3189
50.5,12,14,12,3199
50.5,12,14,13,3208
50.5,12,14,14,3218
50.5,12,14,15,3227
50.5,12,15,0,3091
50.5,12,15,1,3101
50.5,12,15,2,3111
50.5,12,15,3,3121
50.5,12,15,4,3131
50.5,12,15,5,3141
50.5,12,15,6,3150
50.5,12,15,7,3160
50.5,12,15,8,3170
50.5,12,15,9,3180
50.5,12,15,10,3189
50.5,12,15,11,3199
50.5,12,15,12,3209
50.5,12,15,13,3218
50.5,12,15,14,3228
50.5,12,15,15,3237
50.5,13,0,0,2957
50.5,13,0,1,2967
50.5,13,0,2,2976
50.5,13,0,3,2986
50.5,13,0,4,2995
50.5,13,0,5,3005
50.5,13,0,6,3014
50.5,13,0,7,3023
50.5,13,0,8,3033
50.5,13,0,9,3042
50.5,13,0,10,3051
50.5,13,0,11,3060
50.5,13,0,12,3070
50.5,13,0,13,3079
50.5,13,0,14,3088
50.5,13,0,15,3097
50.5,13,1,0,2967
50.5,13,1,1,2977
50.5,13,1,2,2986
50.5,13,1,3,2996
50.5,13,1,4,3005
50.5,13,1,5,3015
50.5,13,1,6,3024
50.5,13,1,7,3033
50.5,13,1,8,3043
50.5,13,1,9,3052
50.5,13,1,10,3061
50.5,13,1,11,3071
50.5,13,1,12,3080
50.5,13,1,13,3089
50.5,13,1,14,3098
50.5,13,1,15,3107
50.5,13,2,0,2977
50.5,13,2,1,2987
50.5,13,2,2,2996
50.5,13,2,3,3006
50.5,13,2,4,3015
50.5,13,2,5,3025
50.5,13,2,6,3034
50.5,13,2,7,3044
50.5,13,2,8,3053
50.5,13,2,9,3062
50.5,13,2,10,3072
50.5,13,2,11,3081
50.5,13,2,12,3090
50.5,13,2,13,3099
50.5,13,2,14,3109
50.5,13,2,15,3118
50.5,13,3,0,2987
50.5,13,3,1,2996
50.5,13,3,2,3006
50.5,13,3,3,3016
50.5,13,3,4,3025
50.5,13,3,5,3035
50.5,13,3,6,3044
50.5,13,3,7,3054
50.5,13,3,8,3063
50.5,13,3,9,3072
50.5,13,3,10,3082
50.5,13,3,11,3091
50.5,13,3,12,3100
50.5,13,3,13,3110
50.5,13,3,14,3119
50.5,13,3,15,3128
50.5,13,4,0,2997
50.5,13,4,1,3006
50.5,13,4,2,3016
50.5,13,4,3,3026
50.5,13,4,4,3035
50.5,13,4,5,3045
50.5,13,4,6,3054
50.5,13,4,7,3064
50.5,13,4,8,3073
50.5,13,4,9,3082
50.5,13,4,10,3092
50.5,13,4,11,3101
50.5,13,4,12,3111
50.5,13,4,13,3120
50.5,13,4,14,3129
50.5,13,4,15,3138
50.5,13,5,0,3006
50.5,13,5,1,3016
50.5,13,5,2,3026
50.5,13,5,3,3035
50.5,13,5,4,3045
50.5,13,5,5,3055
50.5,13,5,6,3064
50.5,13,5,7,3074
50.5,13,5,8,3083
50.5,13,5,9,3093
50.5,13,5,10,3102
50.5,13,5,11,3111
50.5,13,5,12,3121
50.5,13,5,13,3130
50.5,13,5,14,3139
50.5,13,5,15,3149
50.5,13,6,0,3016
50.5,13,6,1,3026
50.5,13,6,2,3036
50.5,13,6,3,3045
50.5,13,6,4,3055
50.5,13,6,5,3064
50.5,13,6,6,3074
50.5,13,6,7,3084
50.5,13,6,8,3093
50.5,13,6,9,3103
50.5,13,6,10,3112
50.5,13,6,11,3121
50.5,13,6,12,3131
50.5,13,6,13,3140
50.5,13,6,14,3149
50.5,13,6,15,3159
50.5,13,7,0,3026
50.5,13,7,1,3036
50.5,13,7,2,3045
50.5,13,7,3,3055
50.5,13,7,4,3065
50.5,13,7,5,3074
50.5,13,7,6,3084
50.5,13,7,7,3093
50.5,13,7,8,3103
50.5,13,7,9,3113
50.5,13,7,10,3122
50.5,13,7,11,3131
50.5,13,7,12,3141
50.5,13,7,13,3150
50.5,13,7,14,3160
50.5,13,7,15,3169
50.5,13,8,0,3036
50.5,13,8,1,3045
50.5,13,8,2,3055
50.5,13,8,3,3065
50.5,13,8,4,3075
50.5,13,8,5,3084
50.5,13,8,6,3094
50.5,13,8,7,3103
50.5,13,8,8,3113
50.5,13,8,9,3122
50.5,13,8,10,3132
50.5,13,8,11,3141
50.5,13,8,12,3151
50.5,13,8,13,3160
50.5,13,8,14,3170
50.5,13,8,15,3179
50.5,13,9,0,3045
50.5,13,9,1,3055
50.5,13,9,2,3065
50.5,13,9,3,3075
50.5,13,9,4,3084
50.5,13,9,5,3094
50.5,13,9,6,3104
50.5,13,9,7,3113
50.5,13,9,8,3123
50.5,13,9,9,3132
50.5,13,9,10,3142
50.5,13,9,11,3151
50.5,13,9,12,3161
50.5,13,9,13,3170
50.5,13,9,14,3180
50.5,13,9,15,3189
50.5,13,10,0,3055
50.5,13,10,1,3065
50.5,13,10,2,3075
50.5,13,10,3,3084
50.5,13,10,4,3094
50.5,13,10,5,3104
50.5,13,10,6,3113
50.5,13,10,7,3123
50.5,13,10,8,3133
50.5,13,10,9,3142
50.5,13,10,10,3152
50.5,13,10,11,3161
50.5,13,10,12,3171
50.5,13,10,13,3180
50.5,13,10,14,3190
50.5,13,10,15,3199
50.5,13,11,0,3064
50.5,13,11,1,3074
50.5,13,11,2,3084
50.5,13,11,3,3094
50.5,13,11,4,3104
50.5,13,11,5,3114
50.5,13,11,6,3123
50.5,13,11,7,3133
50.5,13,11,8,3143
50.5,13,11,9,3152
50.5,13,11,10,3162
50.5,13,11,11,3171
50.5,13,11,12,3181
50.5,13,11,13,3190
50.5,13,11,14,3200
50.5,13,11,15,3209
50.5,13,12,0,3074
50.5,13,12,1,3084
50.5,13,12,2,3094
50.5,13,12,3,3104
50.5,13,12,4,3113
50.5,13,12,5,3123
50.5,13,12,6,3133
50.5,13,12,7,3143
50.5,13,12,8,3152
50.5,13,12,9,3162
50.5,13,12,10,3172
50.5,13,12,11,3181
50.5,13,12,12,3191
50.5,13,12,13,3200
50.5,13,12,14,3210
50.5,13,12,15,3219
50.5,13,13,0,3084
50.5,13,13,1,3093
50.5,13,13,2,3103
50.5,13,13,3,3113
50.5,13,13,4,3123
50.5,13,13,5,3133
50.5,13,13,6,3143
50.5,13,13,7,3152
50.5,13,13,8,3162
50.5,13,13,9,3172
50.5,13,13,10,3181
50.5,13,13,11,3191
50.5,13,13,12,3201
50.5,13,13,13,3210
50.5,13,13,14,3220
50.5,13,13,15,3229
50.5,13,14,0,3093
50.5,13,14,1,3103
50.5,13,14,2,3113
50.5,13,14,3,3123
50.5,13,14,4,3133
50.5,13,14,5,3143
50.5,13,14,6,3152
50.5,13,14,7,3162
50.5,13,14,8,3172
50.5,13,14,9,3182
50.5,13,14,10,3191
50.5,13,14,11,3201
50.5,13,14,12,3211
50.5,13,14,13,3220
50.5,13,14,14,3230
50.5,13,14,15,3239
50.5,13,15,0,3103
50.5,13,15,1,3113
50.5,13,15,2,3122
50.5,13,15,3,3132
50.5,13,15,4,3142
50.5,13,15,5,3152
50.5,13,15,6,3162
50.5,13,15,7,3172
50.5,13,15,8,3182
50.5,13,15,9,3191
50.5,13,15,10,3201
50.5,13,15,11,3211
50.5,13,15,12,3220
50.5,13,15,13,3230
50.5,13,15,14,3240
50.5,13,15,15,3249
50.5,14,0,0,2968
50.5,14,0,1,2978
50.5,14,0,2,2987
50.5,14,0,3,2997
50.5,14,0,4,3006
50.5,14,0,5,3016
50.5,14,0,6,3025
50.5,14,0,7,3034
50.5,14,0,8,3044
50.5,14,0,9,3053
50.5,14,0,10,3062
50.5,14,0,11,3072
50.5,14,0,12,3081
50.5,14,0,13,3090
50.5,14,0,14,3099
50.5,14,0,15,3108
50.5,14,1,0,2978
50.5,14,1,1,2988
50.5,14,1,2,2997
50.5,14,1,3,3007
50.5,14,1,4,3016
50.5,14,1,5,3026
50.5,14,1,6,3035
50.5,14,1,7,3044
50.5,14,1,8,3054
50.5,14,1,9,3063
50.5,14,1,10,3073
50.5,14,1,11,3082
50.5,14,1,12,3091
50.5,14,1,13,3100
50.5,14,1,14,3110
50.5,14,1,15,3119
50.5,14,2,0,2988
50.5,14,2,1,2998
50.5,14,2,2,3007
50.5,14,2,3,3017
50.5,14,2,4,3026
50.5,14,2,5,3036
50.5,14,2,6,3045
50.5,14,2,7,3055
50.5,14,2,8,3064
50.5,14,2,9,3073
50.5,14,2,10,3083
50.5,14,2,11,3092
50.5,14,2,12,3101
50.5,14,2,13,3111
50.5,14,2,14,3120
50.5,14,2,15,3129
50.5,14,3,0,2998
50.5,14,3,1,3007
50.5,14,3,2,3017
50.5,14,3,3,3027
50.5,14,3,4,3036
50.5,14,3,5,3046
50.5,14,3,6,3055
50.5,14,3,7,3065
50.5,14,3,8,3074
50.5,14,3,9,3084
50.5,14,3,10,3093
50.5,14,3,11,3102
50.5,14,3,12,3112
50.5,14,3,13,3121
50.5,14,3,14,3130
50.5,14,3,15,3139
50.5,14,4,0,3008
50.5,14,4,1,3017
50.5,14,4,2,3027
50.5,14,4,3,3037
50.5,14,4,4,3046
50.5,14,4,5,3056
50.5,14,4,6,3065
50.5,14,4,7,3075
50.5,14,4,8,3084
50.5,14,4,9,3094
50.5,14,4,10,3103
50.5,14,4,11,3113
50.5,14,4,12,3122
50.5,14,4,13,3131
50.5,14,4,14,3141
50.5,14,4,15,3150
50.5,14,5,0,3017
50.5,14,5,1,3027
50.5,14,5,2,3037
50.5,14,5,3,3046
50.5,14,5,4,3056
50.5,14,5,5,3066
50.5,14,5,6,3075
50.5,14,5,7,3085
50.5,14,5,8,3094
50.5,14,5,9,3104
50.5,14,5,10,3113
50.5,14,5,11,3123
50.5,14,5,12,3132
50.5,14,5,13,3141
50.5,14,5,14,3151
50.5,14,5,15,3160
50.5,14,6,0,3027
50.5,14,6,1,3037
50.5,14,6,2,3047
50.5,14,6,3,3056
50.5,14,6,4,3066
50.5,14,6,5,3076
50.5,14,6,6,3085
50.5,14,6,7,3095
50.5,14,6,8,3104
50.5,14,6,9,3114
50.5,14,6,10,3123
50.5,14,6,11,3133
50.5,14,6,12,3142
50.5,14,6,13,3152
50.5,14,6,14,3161
50.5,14,6,15,3170
50.5,14,7,0,3037
50.5,14,7,1,3047
50.5,14,7,2,3056
50.5,14,7,3,3066
50.5,14,7,4,3076
50.5,14,7,5,3086
50.5,14,7,6,3095
50.5,14,7,7,3105
50.5,14,7,8,3114
50.5,14,7,9,3124
50.5,14,7,10,3133
50.5,14,7,11,3143
50.5,14,7,12,3152
50.5,14,7,13,3162
50.5,14,7,14,3171
50.5,14,7,15,3181
50.5,14,8,0,3047
50.5,14,8,1,3056
50.5,14,8,2,3066
50.5,14,8,3,3076
50.5,14,8,4,3086
50.5,14,8,5,3095
50.5,14,8,6,3105
50.5,14,8,7,3115
50.5,14,8,8,3124
50.5,14,8,9,3134
50.5,14,8,10,3143
50.5,14,8,11,3153
50.5,14,8,12,3162
50.5,14,8,13,3172
50.5,14,8,14,3181
50.5,14,8,15,3191
50.5,14,9,0,3056
50.5,14,9,1,3066
50.5,14,9,2,3076
50.5,14,9,3,3086
50.5,14,9,4,3096
50.5,14,9,5,3105
50.5,14,9,6,3115
50.5,14,9,7,3125
50.5,14,9,8,3134
50.5,14,9,9,3144
50.5,14,9,10,3153
50.5,14,9,11,3163
50.5,14,9,12,3172
50.5,14,9,13,3182
50.5,14,9,14,3191
50.5,14,9,15,3201
50.5,14,10,0,3066
50.5,14,10,1,3076
50.5,14,10,2,3086
50.5,14,10,3,3096
50.5,14,10,4,3105
50.5,14,10,5,3115
50.5,14,10,6,3125
50.5,14,10,7,3135
50.5,14,10,8,3144
50.5,14,10,9,3154
50.5,14,10,10,3163
50.5,14,10,11,3173
50.5,14,10,12,3183
50.5,14,10,13,3192
50.5,14,10,14,3202
50.5,14,10,15,3211
50.5,14,11,0,3076
50.5,14,11,1,3086
50.5,14,11,2,3095
50.5,14,11,3,3105
50.5,14,11,4,3115
50.5,14,11,5,3125
50.5,14,11,6,3135
50.5,14,11,7,3144
50.5,14,11,8,3154
50.5,14,11,9,3164
50.5,14,11,10,3173
50.5,14,11,11,3183
50.5,14,11,12,3193
50.5,14,11,13,3202
50.5,14,11,14,3212
50.5,14,11,15,3221
50.5,14,12,0,3085
50.5,14,12,1,3095
50.5,14,12,2,3105
50.5,14,12,3,3115
50.5,14,12,4,3125
50.5,14,12,5,3135
50.5,14,12,6,3144
50.5,14,12,7,3154
50.5,14,12,8,3164
50.5,14,12,9,3174
50.5,14,12,10,3183
50.5,14,12,11,3193
50.5,14,12,12,3202
50.5,14,12,13,3212
50.5,14,12,14,3222
50.5,14,12,15,3231
50.5,14,13,0,3095
50.5,14,13,1,3105
50.5,14,13,2,3115
50.5,14,13,3,3125
50.5,14,13,4,3135
50.5,14,13,5,3144
50.5,14,13,6,3154
50.5,14,13,7,3164
50.5,14,13,8,3174
50.5,14,13,9,3183
50.5,14,13,10,3193
50.5,14,13,11,3203
50.5,14,13,12,3212
50.5,14,13,13,3222
50.5,14,13,14,3232
50.5,14,13,15,3241
50.5,14,14,0,3104
50.5,14,14,1,3114
50.5,14,14,2,3124
50.5,14,14,3,3134
50.5,14,14,4,3144
50.5,14,14,5,3154
50.5,14,14,6,3164
50.5,14,14,7,3174
50.5,14,14,8,3183
50.5,14,14,9,3193
50.5,14,14,10,3203
50.5,14,14,11,3213
50.5,14,14,12,3222
50.5,14,14,13,3232
50.5,14,14,14,3242
50.5,14,14,15,3251
50.5,14,15,0,3114
50.5,14,15,1,3124
50.5,14,15,2,3134
50.5,14,15,3,3144
50.5,14,15,4,3154
50.5,14,15,5,3164
50.5,14,15,6,3174
50.5,14,15,7,3183
50.5,14,15,8,3193
50.5,14,15,9,3203
50.5,14,15,10,3213
50.5,14,15,11,3222
50.5,14,15,12,3232
50.5,14,15,13,3242
50.5,14,15,14,3251
50.5,14,15,15,3261
50.5,15,0,0,2979
50.5,15,0,1,2988
50.5,15,0,2,2998
50.5,15,0,3,3008
50.5,15,0,4,3017
50.5,15,0,5,3026
50.5,15,0,6,3036
50.5,15,0,7,3045
50.5,15,0,8,3055
50.5,15,0,9,3064
50.5,15,0,10,3073
50.5,15,0,11,3083
50.5,15,0,12,3092
50.5,15,0,13,3101
50.5,15,0,14,3110
50.5,15,0,15,3120
50.5,15,1,0,2989
50.5,15,1,1,2998
50.5,15,1,2,3008
50.5,15,1,3,3018
50.5,15,1,4,3027
50.5,15,1,5,3037
50.5,15,1,6,3046
50.5,15,1,7,3056
50.5,15,1,8,3065
50.5,15,1,9,3074
50.5,15,1,10,3084
50.5,15,1,11,3093
50.5,15,1,12,3102
50.5,15,1,13,3112
50.5,15,1,14,3121
50.5,15,1,15,3130
50.5,15,2,0,2999
50.5,15,2,1,3008
50.5,15,2,2,3018
50.5,15,2,3,3028
50.5,15,2,4,3037
50.5,15,2,5,3047
50.5,15,2,6,3056
50.5,15,2,7,3066
50.5,15,2,8,3075
50.5,15,2,9,3085
50.5,15,2,10,3094
50.5,15,2,11,3103
50.5,15,2,12,3113
50.5,15,2,13,3122
50.5,15,2,14,3131
50.5,15,2,15,3141
50.5,15,3,0,3009
50.5,15,3,1,3018
50.5,15,3,2,3028
50.5,15,3,3,3038
50.5,15,3,4,3047
50.5,15,3,5,3057
50.5,15,3,6,3066
50.5,15,3,7,3076
50.5,15,3,8,3085
50.5,15,3,9,3095
50.5,15,3,10,3104
50.5,15,3,11,3114
50.5,15,3,12,3123
50.5,15,3,13,3132
50.5,15,3,14,3142
50.5,15,3,15,3151
50.5,15,4,0,3019
50.5,15,4,1,3028
50.5,15,4,2,3038
50.5,15,4,3,3048
50.5,15,4,4,3057
50.5,15,4,5,3067
50.5,15,4,6,3076
50.5,15,4,7,3086
50.5,15,4,8,3095
50.5,15,4,9,3105
50.5,15,4,10,3114
50.5,15,4,11,3124
50.5,15,4,12,3133
50.5,15,4,13,3143
50.5,15,4,14,3152
50.5,15,4,15,3161
50.5,15,5,0,3028
50.5,15,5,1,3038
50.5,15,5,2,3048
50.5,15,5,3,3058
50.5,15,5,4,3067
50.5,15,5,5,3077
50.5,15,5,6,3086
50.5,15,5,7,3096
50.5,15,5,8,3106
50.5,15,5,9,3115
50.5,15,5,10,3125
50.5,15,5,11,3134
50.5,15,5,12,3143
50.5,15,5,13,3153
50.5,15,5,14,3162
50.5,15,5,15,3172
50.5,15,6,0,3038
50.5,15,6,1,3048
50.5,15,6,2,3058
50.5,15,6,3,3067
50.5,15,6,4,3077
50.5,15,6,5,3087
50.5,15,6,6,3096
50.5,15,6,7,3106
50.5,15,6,8,3116
50.5,15,6,9,3125
50.5,15,6,10,3135
50.5,15,6,11,3144
50.5,15,6,12,3154
50.5,15,6,13,3163
50.5,15,6,14,3172
50.5,15,6,15,3182
50.5,15,7,0,3048
50.5,15,7,1,3058
50.5,15,7,2,3068
50.5,15,7,3,3077
50.5,15,7,4,3087
50.5,15,7,5,3097
50.5,15,7,6,3106
50.5,15,7,7,3116
50.5,15,7,8,3126
50.5,15,7,9,3135
50.5,15,7,10,3145
50.5,15,7,11,3154
50.5,15,7,12,3164
50.5,15,7,13,3173
50.5,15,7,14,3183
50.5,15,7,15,3192
50.5,15,8,0,3058
50.5,15,8,1,3068
50.5,15,8,2,3077
50.5,15,8,3,3087
50.5,15,8,4,3097
50.5,15,8,5,3107
50.5,15,8,6,3116
50.5,15,8,7,3126
50.5,15,8,8,3136
50.5,15,8,9,3145
50.5,15,8,10,3155
50.5,15,8,11,3164
50.5,15,8,12,3174
50.5,15,8,13,3183
50.5,15,8,14,3193
50.5,15,8,15,3202
50.5,15,9,0,3067
50.5,15,9,1,3077
50.5,15,9,2,3087
50.5,15,9,3,3097
50.5,15,9,4,3107
50.5,15,9,5,3117
50.5,15,9,6,3126
50.5,15,9,7,3136
50.5,15,9,8,3146
50.5,15,9,9,3155
50.5,15,9,10,3165
50.5,15,9,11,3174
50.5,15,9,12,3184
50.5,15,9,13,3194
50.5,15,9,14,3203
50.5,15,9,15,3213
50.5,15,10,0,3077
50.5,15,10,1,3087
50.5,15,10,2,3097
50.5,15,10,3,3107
50.5,15,10,4,3117
50.5,15,10,5,3126
50.5,15,10,6,3136
50.5,15,10,7,3146
50.5,15,10,8,3156
50.5,15,10,9,3165
50.5,15,10,10,3175
50.5,15,10,11,3185
50.5,15,10,12,3194
50.5,15,10,13,3204
50.5,15,10,14,3213
50.5,15,10,15,3223
50.5,15,11,0,3087
50.5,15,11,1,3097
50.5,15,11,2,3107
50.5,15,11,3,3117
50.5,15,11,4,3126
50.5,15,11,5,3136
50.5,15,11,6,3146
50.5,15,11,7,3156
50.5,15,11,8,3166
50.5,15,11,9,3175
50.5,15,11,10,3185
50.5,15,11,11,3195
50.5,15,11,12,3204
50.5,15,11,13,3214
50.5,15,11,14,3223
50.5,15,11,15,3233
50.5,15,12,0,3096
50.5,15,12,1,3106
50.5,15,12,2,3116
50.5,15,12,3,3126
50.5,15,12,4,3136
50.5,15,12,5,3146
50.5,15,12,6,3156
50.5,15,12,7,3166
50.5,15,12,8,3175
50.5,15,12,9,3185
50.5,15,12,10,3195
50.5,15,12,11,3204
50.5,15,12,12,3214
50.5,15,12,13,3224
50.5,15,12,14,3233
50.5,15,12,15,3243
50.5,15,13,0,3106
50.5,15,13,1,3116
50.5,15,13,2,3126
50.5,15,13,3,3136
50.5,15,13,4,3146
50.5,15,13,5,3156
50.5,15,13,6,3166
50.5,15,13,7,3175
50.5,15,13,8,3185
50.5,15,13,9,3195
50.5,15,13,10,3205
50.5,15,13,11,3214
50.5,15,13,12,3224
50.5,15,13,13,3234
50.5,15,13,14,3243
50.5,15,13,15,3253
50.5,15,14,0,3116
50.5,15,14,1,3126
50.5,15,14,2,3136
50.5,15,14,3,3146
50.5,15,14,4,3156
50.5,15,14,5,3166
50.5,15,14,6,3175
50.5,15,14,7,3185
50.5,15,14,8,3195
50.5,15,14,9,3205
50.5,15,14,10,3215
50.5,15,14,11,3224
50.5,15,14,12,3234
50.5,15,14,13,3244
50.5,15,14,14,3253
50.5,15,14,15,3263
50.5,15,15,0,3125
50.5,15,15,1,3135
50.5,15,15,2,3145
50.5,15,15,3,3155
50.5,15,15,4,3165
50.5,15,15,5,3175
50.5,15,15,6,3185
50.5,15,15,7,3195
50.5,15,15,8,3205
50.5,15,15,9,3215
50.5,15,15,10,3224
50.5,15,15,11,3234
50.5,15,15,12,3244
50.5,15,15,13,3254
50.5,15,15,14,3263
50.5,15,15,15,3273
51.0,0,0,0,2834
51.0,0,0,1,2843
51.0,0,0,2,2852
51.0,0,0,3,2861
51.0,0,0,4,2870
51.0,0,0,5,2879
51.0,0,0,6,2888
51.0,0,0,7,2897
51.0,0,0,8,2906
51.0,0,0,9,2915
51.0,0,0,10,2924
51.0,0,0,11,2932
51.0,0,0,12,2941
51.0,0,0,13,2950
51.0,0,0,14,2959
51.0,0,0,15,2968
51.0,0,1,0,2843
51.0,0,1,1,2852
51.0,0,1,2,2861
51.0,0,1,3,2871
51.0,0,1,4,2880
51.0,0,1,5,2889
51.0,0,1,6,2898
51.0,0,1,7,2907
51.0,0,1,8,2916
51.0,0,1,9,2925
51.0,0,1,10,2933
51.0,0,1,11,2942
51.0,0,1,12,2951
51.0,0,1,13,2960
51.0,0,1,14,2969
51.0,0,1,15,2978
51.0,0,2,0,2853
51.0,0,2,1,2862
51.0,0,2,2,2871
51.0,0,2,3,2880
51.0,0,2,4,2889
51.0,0,2,5,2898
51.0,0,2,6,2907
51.0,0,2,7,2916
51.0,0,2,8,2925
51.0,0,2,9,2934
51.0,0,2,10,2943
51.0,0,2,11,2952
51.0,0,2,12,2961
51.0,0,2,13,2970
51.0,0,2,14,2979
51.0,0,2,15,2987
51.0,0,3,0,2862
51.0,0,3,1,2871
51.0,0,3,2,2880
51.0,0,3,3,2890
51.0,0,3,4,2899
51.0,0,3,5,2908
51.0,0,3,6,2917
51.0,0,3,7,2926
51.0,0,3,8,2935
51.0,0,3,9,2944
51.0,0,3,10,2953
51.0,0,3,11,2962
51.0,0,3,12,2971
51.0,0,3,13,2980
51.0,0,3,14,2989
51.0,0,3,15,2997
51.0,0,4,0,2871
51.0,0,4,1,2881
51.0,0,4,2,2890
51.0,0,4,3,2899
51.0,0,4,4,2908
51.0,0,4,5,2917
51.0,0,4,6,2926
51.0,0,4,7,2936
51.0,0,4,8,2945
51.0,0,4,9,2954
51.0,0,4,10,2963
51.0,0,4,11,2972
51.0,0,4,12,2981
51.0,0,4,13,2989
51.0,0,4,14,2998
51.0,0,4,15,3007
51.0,0,5,0,2881
51.0,0,5,1,2890
51.0,0,5,2,2899
51.0,0,5,3,2909
51.0,0,5,4,2918
51.0,0,5,5,2927
51.0,0,5,6,2936
51.0,0,5,7,2945
51.0,0,5,8,2954
51.0,0,5,9,2963
51.0,0,5,10,2972
51.0,0,5,11,2981
51.0,0,5,12,2990
51.0,0,5,13,2999
51.0,0,5,14,3008
51.0,0,5,15,3017
51.0,0,6,0,2890
51.0,0,6,1,2899
51.0,0,6,2,2909
51.0,0,6,3,2918
51.0,0,6,4,2927
51.0,0,6,5,2936
51.0,0,6,6,2946
51.0,0,6,7,2955
51.0,0,6,8,2964
51.0,0,6,9,2973
51.0,0,6,10,2982
51.0,0,6,11,2991
51.0,0,6,12,3000
51.0,0,6,13,3009
51.0,0,6,14,3018
51.0,0,6,15,3027
51.0,0,7,0,2899
51.0,0,7,1,2909
51.0,0,7,2,2918
51.0,0,7,3,2927
51.0,0,7,4,2937
51.0,0,7,5,2946
51.0,0,7,6,2955
51.0,0,7,7,2964
51.0,0,7,8,2973
51.0,0,7,9,2982
51.0,0,7,10,2992
51.0,0,7,11,3001
51.0,0,7,12,3010
51.0,0,7,13,3019
51.0,0,7,14,3028
51.0,0,7,15,3037
51.0,0,8,0,2909
51.0,0,8,1,2918
51.0,0,8,2,2927
51.0,0,8,3,2937
51.0,0,8,4,2946
51.0,0,8,5,2955
51.0,0,8,6,2965
51.0,0,8,7,2974
51.0,0,8,8,2983
51.0,0,8,9,2992
51.0,0,8,10,3001
51.0,0,8,11,3010
51.0,0,8,12,3019
51.0,0,8,13,3028
51.0,0,8,14,3037
51.0,0,8,15,3046
51.0,0,9,0,2918
51.0,0,9,1,2927
51.0,0,9,2,2937
51.0,0,9,3,2946
51.0,0,9,4,2955
51.0,0,9,5,2965
51.0,0,9,6,2974
51.0,0,9,7,2983
51.0,0,9,8,2992
51.0,0,9,9,3002
51.0,0,9,10,3011
51.0,0,9,11,3020
51.0,0,9,12,3029
51.0,0,9,13,3038
51.0,0,9,14,3047
51.0,0,9,15,3056
51.0,0,10,0,2927
51.0,0,10,1,2937
51.0,0,10,2,2946
51.0,0,10,3,2955
51.0,0,10,4,2965
51.0,0,10,5,2974
51.0,0,10,6,2983
51.0,0,10,7,2993
51.0,0,10,8,3002
51.0,0,10,9,3011
51.0,0,10,10,3020
51.0,0,10,11,3029
51.0,0,10,12,3038
51.0,0,10,13,3048
51.0,0,10,14,3057
51.0,0,10,15,3066
51.0,0,11,0,2936
51.0,0,11,1,2946
51.0,0,11,2,2955
51.0,0,11,3,2965
51.0,0,11,4,2974
51.0,0,11,5,2983
51.0,0,11,6,2993
51.0,0,11,7,3002
51.0,0,11,8,3011
51.0,0,11,9,3020
51.0,0,11,10,3030
51.0,0,11,11,3039
51.0,0,11,12,3048
51.0,0,11,13,3057
51.0,0,11,14,3066
51.0,0,11,15,3075
51.0,0,12,0,2946
51.0,0,12,1,2955
51.0,0,12,2,2965
51.0,0,12,3,2974
51.0,0,12,4,2983
51.0,0,12,5,2993
51.0,0,12,6,3002
51.0,0,12,7,3011
51.0,0,12,8,3021
51.0,0,12,9,3030
51.0,0,12,10,3039
51.0,0,12,11,3048
51.0,0,12,12,3057
51.0,0,12,13,3067
51.0,0,12,14,3076
51.0,0,12,15,3085
51.0,0,13,0,2955
51.0,0,13,1,2964
51.0,0,13,2,2974
51.0,0,13,3,2983
51.0,0,13,4,2993
51.0,0,13,5,3002
51.0,0,13,6,3011
51.0,0,13,7,3021
51.0,0,13,8,3030
51.0,0,13,9,3039
51.0,0,13,10,3049
51.0,0,13,11,3058
51.0,0,13,12,3067
51.0,0,13,13,3076
51.0,0,13,14,3085
51.0,0,13,15,3094
51.0,0,14,0,2964
51.0,0,14,1,2973
51.0,0,14,2,2983
51.0,0,14,3,2992
51.0,0,14,4,3002
51.0,0,14,5,3011
51.0,0,14,6,3021
51.0,0,14,7,3030
51.0,0,14,8,3039
51.0,0,14,9,3049
51.0,0,14,10,3058
51.0,0,14,11,3067
51.0,0,14,12,3076
51.0,0,14,13,3086
51.0,0,14,14,3095
51.0,0,14,15,3104
51.0,0,15,0,2973
51.0,0,15,1,2982
51.0,0,15,2,2992
51.0,0,15,3,3002
51.0,0,15,4,3011
51.0,0,15,5,3020
51.0,0,15,6,3030
51.0,0,15,7,3039
51.0,0,15,8,3049
51.0,0,15,9,3058
51.0,0,15,10,3067
51.0,0,15,11,3077
51.0,0,15,12,3086
51.0,0,15,13,3095
51.0,0,15,14,3104
51.0,0,15,15,3113
51.0,1,0,0,2844
51.0,1,0,1,2854
51.0,1,0,2,2863
51.0,1,0,3,2872
51.0,1,0,4,2881
51.0,1,0,5,2890
51.0,1,0,6,2899
51.0,1,0,7,2908
51.0,1,0,8,2917
51.0,1,0,9,2926
51.0,1,0,10,2935
51.0,1,0,11,2944
51.0,1,0,12,2953
51.0,1,0,13,2961
51.0,1,0,14,2970
51.0,1,0,15,2979
51.0,1,1,0,2854
51.0,1,1,1,2863
51.0,1,1,2,2872
51.0,1,1,3,2882
51.0,1,1,4,2891
51.0,1,1,5,2900
51.0,1,1,6,2909
51.0,1,1,7,2918
51.0,1,1,8,2927
51.0,1,1,9,2936
51.0,1,1,10,2945
51.0,1,1,11,2954
51.0,1,1,12,2962
51.0,1,1,13,2971
51.0,1,1,14,2980
51.0,1,1,15,2989
51.0,1,2,0,2864
51.0,1,2,1,2873
51.0,1,2,2,2882
51.0,1,2,3,2891
51.0,1,2,4,2900
51.0,1,2,5,2909
51.0,1,2,6,2918
51.0,1,2,7,2927
51.0,1,2,8,2937
51.0,1,2,9,2946
51.0,1,2,10,2954
51.0,1,2,11,2963
51.0,1,2,12,2972
51.0,1,2,13,2981
51.0,1,2,14,2990
51.0,1,2,15,2999
51.0,1,3,0,2873
51.0,1,3,1,2882
51.0,1,3,2,2891
51.0,1,3,3,2901
51.0,1,3,4,2910
51.0,1,3,5,2919
51.0,1,3,6,2928
51.0,1,3,7,2937
51.0,1,3,8,2946
51.0,1,3,9,2955
51.0,1,3,10,2964
51.0,1,3,11,2973
51.0,1,3,12,2982
51.0,1,3,13,2991
51.0,1,3,14,3000
51.0,1,3,15,3009
51.0,1,4,0,2882
51.0,1,4,1,2892
51.0,1,4,2,2901
51.0,1,4,3,2910
51.0,1,4,4,2919
51.0,1,4,5,2929
51.0,1,4,6,2938
51.0,1,4,7,2947
51.0,1,4,8,2956
51.0,1,4,9,2965
51.0,1,4,10,2974
51.0,1,4,11,2983
51.0,1,4,12,2992
51.0,1,4,13,3001
51.0,1,4,14,3010
51.0,1,4,15,3019
51.0,1,5,0,2892
51.0,1,5,1,2901
51.0,1,5,2,2910
51.0,1,5,3,2920
51.0,1,5,4,2929
51.0,1,5,5,2938
51.0,1,5,6,2947
51.0,1,5,7,2956
51.0,1,5,8,2966
51.0,1,5,9,2975
51.0,1,5,10,2984
51.0,1,5,11,2993
51.0,1,5,12,3002
51.0,1,5,13,3011
51.0,1,5,14,3020
51.0,1,5,15,3029
51.0,1,6,0,2901
51.0,1,6,1,2911
51.0,1,6,2,2920
51.0,1,6,3,2929
51.0,1,6,4,2938
51.0,1,6,5,2948
51.0,1,6,6,2957
51.0,1,6,7,2966
51.0,1,6,8,2975
51.0,1,6,9,2984
51.0,1,6,10,2993
51.0,1,6,11,3002
51.0,1,6,12,3011
51.0,1,6,13,3020
51.0,1,6,14,3029
51.0,1,6,15,3038
51.0,1,7,0,2911
51.0,1,7,1,2920
51.0,1,7,2,2929
51.0,1,7,3,2939
51.0,1,7,4,2948
51.0,1,7,5,2957
51.0,1,7,6,2966
51.0,1,7,7,2976
51.0,1,7,8,2985
51.0,1,7,9,2994
51.0,1,7,10,3003
51.0,1,7,11,3012
51.0,1,7,12,3021
51.0,1,7,13,3030
51.0,1,7,14,3039
51.0,1,7,15,3048
51.0,1,8,0,2920
51.0,1,8,1,2929
51.0,1,8,2,2939
51.0,1,8,3,2948
51.0,1,8,4,2957
51.0,1,8,5,2967
51.0,1,8,6,2976
51.0,1,8,7,2985
51.0,1,8,8,2994
51.0,1,8,9,3003
51.0,1,8,10,3013
51.0,1,8,11,3022
51.0,1,8,12,3031
51.0,1,8,13,3040
51.0,1,8,14,3049
51.0,1,8,15,3058
51.0,1,9,0,2929
51.0,1,9,1,2939
51.0,1,9,2,2948
51.0,1,9,3,2957
51.0,1,9,4,2967
51.0,1,9,5,2976
51.0,1,9,6,2985
51.0,1,9,7,2995
51.0,1,9,8,3004
51.0,1,9,9,3013
51.0,1,9,10,3022
51.0,1,9,11,3031
51.0,1,9,12,3040
51.0,1,9,13,3050
51.0,1,9,14,3059
51.0,1,9,15,3068
51.0,1,10,0,2938
51.0,1,10,1,2948
51.0,1,10,2,2957
51.0,1,10,3,2967
51.0,1,10,4,2976
51.0,1,10,5,2985
51.0,1,10,6,2995
51.0,1,10,7,3004
51.0,1,10,8,3013
51.0,1,10,9,3023
51.0,1,10,10,3032
51.0,1,10,11,3041
51.0,1,10,12,3050
51.0,1,10,13,3059
51.0,1,10,14,3068
51.0,1,10,15,3077
51.0,1,11,0,2948
51.0,1,11,1,2957
51.0,1,11,2,2967
51.0,1,11,3,2976
51.0,1,11,4,2985
51.0,1,11,5,2995
51.0,1,11,6,3004
51.0,1,11,7,3013
51.0,1,11,8,3023
51.0,1,11,9,3032
51.0,1,11,10,3041
51.0,1,11,11,3050
51.0,1,11,12,3060
51.0,1,11,13,3069
51.0,1,11,14,3078
51.0,1,11,15,3087
51.0,1,12,0,2957
51.0,1,12,1,2966
51.0,1,12,2,2976
51.0,1,12,3,2985
51.0,1,12,4,2995
51.0,1,12,5,3004
51.0,1,12,6,3014
51.0,1,12,7,3023
51.0,1,12,8,3032
51.0,1,12,9,3041
51.0,1,12,10,3051
51.0,1,12,11,3060
51.0,1,12,12,3069
51.0,1,12,13,3078
51.0,1,12,14,3088
51.0,1,12,15,3097
51.0,1,13,0,2966
51.0,1,13,1,2976
51.0,1,13,2,2985
51.0,1,13,3,2995
51.0,1,13,4,3004
51.0,1,13,5,3013
51.0,1,13,6,3023
51.0,1,13,7,3032
51.0,1,13,8,3042
51.0,1,13,9,3051
51.0,1,13,10,3060
51.0,1,13,11,3069
51.0,1,13,12,3079
51.0,1,13,13,3088
51.0,1,13,14,3097
51.0,1,13,15,3106
51.0,1,14,0,2975
51.0,1,14,1,2985
51.0,1,14,2,2994
51.0,1,14,3,3004
51.0,1,14,4,3013
51.0,1,14,5,3023
51.0,1,14,6,3032
51.0,1,14,7,3042
51.0,1,14,8,3051
51.0,1,14,9,3060
51.0,1,14,10,3070
51.0,1,14,11,3079
51.0,1,14,12,3088
51.0,1,14,13,3097
51.0,1,14,14,3107
51.0,1,14,15,3116
51.0,1,15,0,2984
51.0,1,15,1,2994
51.0,1,15,2,3003
51.0,1,15,3,3013
51.0,1,15,4,3023
51.0,1,15,5,3032
51.0,1,15,6,3041
51.0,1,15,7,3051
51.0,1,15,8,3060
51.0,1,15,9,3070
51.0,1,15,10,3079
51.0,1,15,11,3088
51.0,1,15,12,3098
51.0,1,15,13,3107
51.0,1,15,14,3116
51.0,1,15,15,3125
51.0,2,0,0,2855
51.0,2,0,1,2865
51.0,2,0,2,2874
51.0,2,0,3,2883
51.0,2,0,4,2892
51.0,2,0,5,2901
51.0,2,0,6,2910
51.0,2,0,7,2919
51.0,2,0,8,2928
51.0,2,0,9,2937
51.0,2,0,10,2946
51.0,2,0,11,2955
51.0,2,0,12,2964
51.0,2,0,13,2973
51.0,2,0,14,2982
51.0,2,0,15,2990
51.0,2,1,0,2865
51.0,2,1,1,2874
51.0,2,1,2,2883
51.0,2,1,3,2893
51.0,2,1,4,2902
51.0,2,1,5,2911
51.0,2,1,6,2920
51.0,2,1,7,2929
51.0,2,1,8,2938
51.0,2,1,9,2947
51.0,2,1,10,2956
51.0,2,1,11,2965
51.0,2,1,12,2974
51.0,2,1,13,2983
51.0,2,1,14,2992
51.0,2,1,15,3000
51.0,2,2,0,2874
51.0,2,2,1,2884
51.0,2,2,2,2893
51.0,2,2,3,2902
51.0,2,2,4,2911
51.0,2,2,5,2920
51.0,2,2,6,2930
51.0,2,2,7,2939
51.0,2,2,8,2948
51.0,2,2,9,2957
51.0,2,2,10,2966
51.0,2,2,11,2975
51.0,2,2,12,2984
51.0,2,2,13,2993
51.0,2,2,14,3001
51.0,2,2,15,3010
51.0,2,3,0,2884
51.0,2,3,1,2893
51.0,2,3,2,2903
51.0,2,3,3,2912
51.0,2,3,4,2921
51.0,2,3,5,2930
51.0,2,3,6,2939
51.0,2,3,7,2948
51.0,2,3,8,2957
51.0,2,3,9,2967
51.0,2,3,10,2976
51.0,2,3,11,2985
51.0,2,3,12,2994
51.0,2,3,13,3002
51.0,2,3,14,3011
51.0,2,3,15,3020
51.0,2,4,0,2893
51.0,2,4,1,2903
51.0,2,4,2,2912
51.0,2,4,3,2921
51.0,2,4,4,2931
51.0,2,4,5,2940
51.0,2,4,6,2949
51.0,2,4,7,2958
51.0,2,4,8,2967
51.0,2,4,9,2976
51.0,2,4,10,2985
51.0,2,4,11,2994
51.0,2,4,12,3003
51.0,2,4,13,3012
51.0,2,4,14,3021
51.0,2,4,15,3030
51.0,2,5,0,2903
51.0,2,5,1,2912
51.0,2,5,2,2922
51.0,2,5,3,2931
51.0,2,5,4,2940
51.0,2,5,5,2949
51.0,2,5,6,2959
51.0,2,5,7,2968
51.0,2,5,8,2977
51.0,2,5,9,2986
51.0,2,5,10,2995
51.0,2,5,11,3004
51.0,2,5,12,3013
51.0,2,5,13,3022
51.0,2,5,14,3031
51.0,2,5,15,3040
51.0,2,6,0,2912
51.0,2,6,1,2922
51.0,2,6,2,2931
51.0,2,6,3,2940
51.0,2,6,4,2950
51.0,2,6,5,2959
51.0,2,6,6,2968
51.0,2,6,7,2977
51.0,2,6,8,2987
51.0,2,6,9,2996
51.0,2,6,10,3005
51.0,2,6,11,3014
51.0,2,6,12,3023
51.0,2,6,13,3032
51.0,2,6,14,3041
51.0,2,6,15,3050
51.0,2,7,0,2922
51.0,2,7,1,2931
51.0,2,7,2,2940
51.0,2,7,3,2950
51.0,2,7,4,2959
51.0,2,7,5,2968
51.0,2,7,6,2978
51.0,2,7,7,2987
51.0,2,7,8,2996
51.0,2,7,9,3005
51.0,2,7,10,3014
51.0,2,7,11,3024
51.0,2,7,12,3033
51.0,2,7,13,3042
51.0,2,7,14,3051
51.0,2,7,15,3060
51.0,2,8,0,2931
51.0,2,8,1,2940
51.0,2,8,2,2950
51.0,2,8,3,2959
51.0,2,8,4,2969
51.0,2,8,5,2978
51.0,2,8,6,2987
51.0,2,8,7,2996
51.0,2,8,8,3006
51.0,2,8,9,3015
51.0,2,8,10,3024
51.0,2,8,11,3033
51.0,2,8,12,3042
51.0,2,8,13,3051
51.0,2,8,14,3061
51.0,2,8,15,3070
51.0,2,9,0,2940
51.0,2,9,1,2950
51.0,2,9,2,2959
51.0,2,9,3,2969
51.0,2,9,4,2978
51.0,2,9,5,2987
51.0,2,9,6,2997
51.0,2,9,7,3006
51.0,2,9,8,3015
51.0,2,9,9,3025
51.0,2,9,10,3034
51.0,2,9,11,3043
51.0,2,9,12,3052
51.0,2,9,13,3061
51.0,2,9,14,3070
51.0,2,9,15,3079
51.0,2,10,0,2950
51.0,2,10,1,2959
51.0,2,10,2,2969
51.0,2,10,3,2978
51.0,2,10,4,2987
51.0,2,10,5,2997
51.0,2,10,6,3006
51.0,2,10,7,3016
51.0,2,10,8,3025
51.0,2,10,9,3034
51.0,2,10,10,3043
51.0,2,10,11,3053
51.0,2,10,12,3062
51.0,2,10,13,3071
51.0,2,10,14,3080
51.0,2,10,15,3089
51.0,2,11,0,2959
51.0,2,11,1,2968
51.0,2,11,2,2978
51.0,2,11,3,2987
51.0,2,11,4,2997
51.0,2,11,5,3006
51.0,2,11,6,3016
51.0,2,11,7,3025
51.0,2,11,8,3034
51.0,2,11,9,3044
51.0,2,11,10,3053
51.0,2,11,11,3062
51.0,2,11,12,3071
51.0,2,11,13,3081
51.0,2,11,14,3090
51.0,2,11,15,3099
51.0,2,12,0,2968
51.0,2,12,1,2978
51.0,2,12,2,2987
51.0,2,12,3,2997
51.0,2,12,4,3006
51.0,2,12,5,3016
51.0,2,12,6,3025
51.0,2,12,7,3034
51.0,2,12,8,3044
51.0,2,12,9,3053
51.0,2,12,10,3062
51.0,2,12,11,3072
51.0,2,12,12,3081
51.0,2,12,13,3090
51.0,2,12,14,3099
51.0,2,12,15,3108
51.0,2,13,0,2977
51.0,2,13,1,2987
51.0,2,13,2,2996
51.0,2,13,3,3006
51.0,2,13,4,3016
51.0,2,13,5,3025
51.0,2,13,6,3034
51.0,2,13,7,3044
51.0,2,13,8,3053
51.0,2,13,9,3063
51.0,2,13,10,3072
51.0,2,13,11,3081
51.0,2,13,12,3090
51.0,2,13,13,3100
51.0,2,13,14,3109
51.0,2,13,15,3118
51.0,2,14,0,2987
51.0,2,14,1,2996
51.0,2,14,2,3006
51.0,2,14,3,3015
51.0,2,14,4,3025
51.0,2,14,5,3034
51.0,2,14,6,3044
51.0,2,14,7,3053
51.0,2,14,8,3063
51.0,2,14,9,3072
51.0,2,14,10,3081
51.0,2,14,11,3091
51.0,2,14,12,3100
51.0,2,14,13,3109
51.0,2,14,14,3118
51.0,2,14,15,3128
51.0,2,15,0,2996
51.0,2,15,1,3005
51.0,2,15,2,3015
51.0,2,15,3,3025
51.0,2,15,4,3034
51.0,2,15,5,3044
51.0,2,15,6,3053
51.0,2,15,7,3063
51.0,2,15,8,3072
51.0,2,15,9,3081
51.0,2,15,10,3091
51.0,2,15,11,3100
51.0,2,15,12,3109
51.0,2,15,13,3119
51.0,2,15,14,3128
51.0,2,15,15,3137
51.0,3,0,0,2866
51.0,3,0,1,2875
51.0,3,0,2,2885
51.0,3,0,3,2894
51.0,3,0,4,2903
51.0,3,0,5,2912
51.0,3,0,6,2921
51.0,3,0,7,2930
51.0,3,0,8,2939
51.0,3,0,9,2948
51.0,3,0,10,2957
51.0,3,0,11,2966
51.0,3,0,12,2975
51.0,3,0,13,2984
51.0,3,0,14,2993
51.0,3,0,15,3002
51.0,3,1,0,2876
51.0,3,1,1,2885
51.0,3,1,2,2894
51.0,3,1,3,2904
51.0,3,1,4,2913
51.0,3,1,5,2922
51.0,3,1,6,2931
51.0,3,1,7,2940
51.0,3,1,8,2949
51.0,3,1,9,2958
51.0,3,1,10,2967
51.0,3,1,11,2976
51.0,3,1,12,2985
51.0,3,1,13,2994
51.0,3,1,14,3003
51.0,3,1,15,3012
51.0,3,2,0,2885
51.0,3,2,1,2895
51.0,3,2,2,2904
51.0,3,2,3,2913
51.0,3,2,4,2922
51.0,3,2,5,2932
51.0,3,2,6,2941
51.0,3,2,7,2950
51.0,3,2,8,2959
51.0,3,2,9,2968
51.0,3,2,10,2977
51.0,3,2,11,2986
51.0,3,2,12,2995
51.0,3,2,13,3004
51.0,3,2,14,3013
51.0,3,2,15,3022
51.0,3,3,0,2895
51.0,3,3,1,2904
51.0,3,3,2,2914
51.0,3,3,3,2923
51.0,3,3,4,2932
51.0,3,3,5,2941
51.0,3,3,6,2950
51.0,3,3,7,2960
51.0,3,3,8,2969
51.0,3,3,9,2978
51.0,3,3,10,2987
51.0,3,3,11,2996
51.0,3,3,12,3005
51.0,3,3,13,3014
51.0,3,3,14,3023
51.0,3,3,15,3032
51.0,3,4,0,2904
51.0,3,4,1,2914
51.0,3,4,2,2923
51.0,3,4,3,2932
51.0,3,4,4,2942
51.0,3,4,5,2951
51.0,3,4,6,2960
51.0,3,4,7,2969
51.0,3,4,8,2978
51.0,3,4,9,2988
51.0,3,4,10,2997
51.0,3,4,11,3006
51.0,3,4,12,3015
51.0,3,4,13,3024
51.0,3,4,14,3033
51.0,3,4,15,3042
51.0,3,5,0,2914
51.0,3,5,1,2923
51.0,3,5,2,2933
51.0,3,5,3,2942
51.0,3,5,4,2951
51.0,3,5,5,2961
51.0,3,5,6,2970
51.0,3,5,7,2979
51.0,3,5,8,2988
51.0,3,5,9,2997
51.0,3,5,10,3006
51.0,3,5,11,3016
51.0,3,5,12,3025
51.0,3,5,13,3034
51.0,3,5,14,3043
51.0,3,5,15,3052
51.0,3,6,0,2923
51.0,3,6,1,2933
51.0,3,6,2,2942
51.0,3,6,3,2952
51.0,3,6,4,2961
51.0,3,6,5,2970
51.0,3,6,6,2979
51.0,3,6,7,2989
51.0,3,6,8,2998
51.0,3,6,9,3007
51.0,3,6,10,3016
51.0,3,6,11,3025
51.0,3,6,12,3034
51.0,3,6,13,3044
51.0,3,6,14,3053
51.0,3,6,15,3062
51.0,3,7,0,2933
51.0,3,7,1,2942
51.0,3,7,2,2952
51.0,3,7,3,2961
51.0,3,7,4,2970
51.0,3,7,5,2980
51.0,3,7,6,2989
51.0,3,7,7,2998
51.0,3,7,8,3008
51.0,3,7,9,3017
51.0,3,7,10,3026
51.0,3,7,11,3035
51.0,3,7,12,3044
51.0,3,7,13,3053
51.0,3,7,14,3062
51.0,3,7,15,3071
51.0,3,8,0,2942
51.0,3,8,1,2952
51.0,3,8,2,2961
51.0,3,8,3,2971
51.0,3,8,4,2980
51.0,3,8,5,2989
51.0,3,8,6,2999
51.0,3,8,7,3008
51.0,3,8,8,3017
51.0,3,8,9,3026
51.0,3,8,10,3036
51.0,3,8,11,3045
51.0,3,8,12,3054
51.0,3,8,13,3063
51.0,3,8,14,3072
51.0,3,8,15,3081
51.0,3,9,0,2952
51.0,3,9,1,2961
51.0,3,9,2,2971
51.0,3,9,3,2980
51.0,3,9,4,2989
51.0,3,9,5,2999
51.0,3,9,6,3008
51.0,3,9,7,3017
51.0,3,9,8,3027
51.0,3,9,9,3036
51.0,3,9,10,3045
51.0,3,9,11,3054
51.0,3,9,12,3064
51.0,3,9,13,3073
51.0,3,9,14,3082
51.0,3,9,15,3091
51.0,3,10,0,2961
51.0,3,10,1,2970
51.0,3,10,2,2980
51.0,3,10,3,2989
51.0,3,10,4,2999
51.0,3,10,5,3008
51.0,3,10,6,3018
51.0,3,10,7,3027
51.0,3,10,8,3036
51.0,3,10,9,3046
51.0,3,10,10,3055
51.0,3,10,11,3064
51.0,3,10,12,3073
51.0,3,10,13,3083
51.0,3,10,14,3092
51.0,3,10,15,3101
51.0,3,11,0,2970
51.0,3,11,1,2980
51.0,3,11,2,2989
51.0,3,11,3,2999
51.0,3,11,4,3008
51.0,3,11,5,3018
51.0,3,11,6,3027
51.0,3,11,7,3036
51.0,3,11,8,3046
51.0,3,11,9,3055
51.0,3,11,10,3064
51.0,3,11,11,3074
51.0,3,11,12,3083
51.0,3,11,13,3092
51.0,3,11,14,3101
51.0,3,11,15,3111
51.0,3,12,0,2979
51.0,3,12,1,2989
51.0,3,12,2,2999
51.0,3,12,3,3008
51.0,3,12,4,3018
51.0,3,12,5,3027
51.0,3,12,6,3037
51.0,3,12,7,3046
51.0,3,12,8,3055
51.0,3,12,9,3065
51.0,3,12,10,3074
51.0,3,12,11,3083
51.0,3,12,12,3093
51.0,3,12,13,3102
51.0,3,12,14,3111
51.0,3,12,15,3120
51.0,3,13,0,2989
51.0,3,13,1,2998
51.0,3,13,2,3008
51.0,3,13,3,3017
51.0,3,13,4,3027
51.0,3,13,5,3036
51.0,3,13,6,3046
51.0,3,13,7,3055
51.0,3,13,8,3065
51.0,3,13,9,3074
51.0,3,13,10,3084
51.0,3,13,11,3093
51.0,3,13,12,3102
51.0,3,13,13,3111
51.0,3,13,14,3121
51.0,3,13,15,3130
51.0,3,14,0,2998
51.0,3,14,1,3008
51.0,3,14,2,3017
51.0,3,14,3,3027
51.0,3,14,4,3036
51.0,3,14,5,3046
51.0,3,14,6,3055
51.0,3,14,7,3065
51.0,3,14,8,3074
51.0,3,14,9,3084
51.0,3,14,10,3093
51.0,3,14,11,3102
51.0,3,14,12,3112
51.0,3,14,13,3121
51.0,3,14,14,3130
51.0,3,14,15,3140
51.0,3,15,0,3007
51.0,3,15,1,3017
51.0,3,15,2,3026
51.0,3,15,3,3036
51.0,3,15,4,3046
51.0,3,15,5,3055
51.0,3,15,6,3065
51.0,3,15,7,3074
51.0,3,15,8,3084
51.0,3,15,9,3093
51.0,3,15,10,3103
51.0,3,15,11,3112
51.0,3,15,12,3121
51.0,3,15,13,3131
51.0,3,15,14,3140
51.0,3,15,15,3149
51.0,4,0,0,2877
51.0,4,0,1,2886
51.0,4,0,2,2896
51.0,4,0,3,2905
51.0,4,0,4,2914
51.0,4,0,5,2923
51.0,4,0,6,2932
51.0,4,0,7,2941
51.0,4,0,8,2950
51.0,4,0,9,2959
51.0,4,0,10,2968
51.0,4,0,11,2977
51.0,4,0,12,2986
51.0,4,0,13,2995
51.0,4,0,14,3004
51.0,4,0,15,3013
51.0,4,1,0,2887
51.0,4,1,1,2896
51.0,4,1,2,2905
51.0,4,1,3,2915
51.0,4,1,4,2924
51.0,4,1,5,2933
51.0,4,1,6,2942
51.0,4,1,7,2951
51.0,4,1,8,2960
51.0,4,1,9,2969
51.0,4,1,10,2978
51.0,4,1,11,2987
51.0,4,1,12,2996
51.0,4,1,13,3005
51.0,4,1,14,3014
51.0,4,1,15,3023
51.0,4,2,0,2896
51.0,4,2,1,2906
51.0,4,2,2,2915
51.0,4,2,3,2924
51.0,4,2,4,2933
51.0,4,2,5,2943
51.0,4,2,6,2952
51.0,4,2,7,2961
51.0,4,2,8,2970
51.0,4,2,9,2979
51.0,4,2,10,2988
51.0,4,2,11,2997
51.0,4,2,12,3006
51.0,4,2,13,3015
51.0,4,2,14,3024
51.0,4,2,15,3033
51.0,4,3,0,2906
51.0,4,3,1,2915
51.0,4,3,2,2925
51.0,4,3,3,2934
51.0,4,3,4,2943
51.0,4,3,5,2952
51.0,4,3,6,2962
51.0,4,3,7,2971
51.0,4,3,8,2980
51.0,4,3,9,2989
51.0,4,3,10,2998
51.0,4,3,11,3007
51.0,4,3,12,3016
51.0,4,3,13,3025
51.0,4,3,14,3034
51.0,4,3,15,3043
51.0,4,4,0,2915
51.0,4,4,1,2925
51.0,4,4,2,2934
51.0,4,4,3,2944
51.0,4,4,4,2953
51.0,4,4,5,2962
51.0,4,4,6,2971
51.0,4,4,7,2981
51.0,4,4,8,2990
51.0,4,4,9,2999
51.0,4,4,10,3008
51.0,4,4,11,3017
51.0,4,4,12,3026
51.0,4,4,13,3035
51.0,4,4,14,3044
51.0,4,4,15,3053
51.0,4,5,0,2925
51.0,4,5,1,2934
51.0,4,5,2,2944
51.0,4,5,3,2953
51.0,4,5,4,2962
51.0,4,5,5,2972
51.0,4,5,6,2981
51.0,4,5,7,2990
51.0,4,5,8,3000
51.0,4,5,9,3009
51.0,4,5,10,3018
51.0,4,5,11,3027
51.0,4,5,12,3036
51.0,4,5,13,3045
51.0,4,5,14,3054
51.0,4,5,15,3063
51.0,4,6,0,2934
51.0,4,6,1,2944
51.0,4,6,2,2953
51.0,4,6,3,2963
51.0,4,6,4,2972
51.0,4,6,5,2981
51.0,4,6,6,2991
51.0,4,6,7,3000
51.0,4,6,8,3009
51.0,4,6,9,3018
51.0,4,6,10,3028
51.0,4,6,11,3037
51.0,4,6,12,3046
51.0,4,6,13,3055
51.0,4,6,14,3064
51.0,4,6,15,3073
51.0,4,7,0,2944
51.0,4,7,1,2953
51.0,4,7,2,2963
51.0,4,7,3,2972
51.0,4,7,4,2982
51.0,4,7,5,2991
51.0,4,7,6,3000
51.0,4,7,7,3010
51.0,4,7,8,3019
51.0,4,7,9,3028
51.0,4,7,10,3037
51.0,4,7,11,3047
51.0,4,7,12,3056
51.0,4,7,13,3065
51.0,4,7,14,3074
51.0,4,7,15,3083
51.0,4,8,0,2953
51.0,4,8,1,2963
51.0,4,8,2,2972
51.0,4,8,3,2982
51.0,4,8,4,2991
51.0,4,8,5,3001
51.0,4,8,6,3010
51.0,4,8,7,3019
51.0,4,8,8,3029
51.0,4,8,9,3038
51.0,4,8,10,3047
51.0,4,8,11,3056
51.0,4,8,12,3066
51.0,4,8,13,3075
51.0,4,8,14,3084
51.0,4,8,15,3093
51.0,4,9,0,2963
51.0,4,9,1,2972
51.0,4,9,2,2982
51.0,4,9,3,2991
51.0,4,9,4,3001
51.0,4,9,5,3010
51.0,4,9,6,3020
51.0,4,9,7,3029
51.0,4,9,8,3038
51.0,4,9,9,3048
51.0,4,9,10,3057
51.0,4,9,11,3066
51.0,4,9,12,3075
51.0,4,9,13,3084
51.0,4,9,14,3094
51.0,4,9,15,3103
51.0,4,10,0,2972
51.0,4,10,1,2982
51.0,4,10,2,2991
51.0,4,10,3,3001
51.0,4,10,4,3010
51.0,4,10,5,3020
51.0,4,10,6,3029
51.0,4,10,7,3038
51.0,4,10,8,3048
51.0,4,10,9,3057
51.0,4,10,10,3066
51.0,4,10,11,3076
51.0,4,10,12,3085
51.0,4,10,13,3094
51.0,4,10,14,3103
51.0,4,10,15,3113
51.0,4,11,0,2981
51.0,4,11,1,2991
51.0,4,11,2,3001
51.0,4,11,3,3010
51.0,4,11,4,3020
51.0,4,11,5,3029
51.0,4,11,6,3039
51.0,4,11,7,3048
51.0,4,11,8,3057
51.0,4,11,9,3067
51.0,4,11,10,3076
51.0,4,11,11,3085
51.0,4,11,12,3095
51.0,4,11,13,3104
51.0,4,11,14,3113
51.0,4,11,15,3122
51.0,4,12,0,2991
51.0,4,12,1,3000
51.0,4,12,2,3010
51.0,4,12,3,3020
51.0,4,12,4,3029
51.0,4,12,5,3039
51.0,4,12,6,3048
51.0,4,12,7,3058
51.0,4,12,8,3067
51.0,4,12,9,3076
51.0,4,12,10,3086
51.0,4,12,11,3095
51.0,4,12,12,3104
51.0,4,12,13,3114
51.0,4,12,14,3123
51.0,4,12,15,3132
51.0,4,13,0,3000
51.0,4,13,1,3010
51.0,4,13,2,3019
51.0,4,13,3,3029
51.0,4,13,4,3038
51.0,4,13,5,3048
51.0,4,13,6,3058
51.0,4,13,7,3067
51.0,4,13,8,3076
51.0,4,13,9,3086
51.0,4,13,10,3095
51.0,4,13,11,3105
51.0,4,13,12,3114
51.0,4,13,13,3123
51.0,4,13,14,3133
51.0,4,13,15,3142
51.0,4,14,0,3009
51.0,4,14,1,3019
51.0,4,14,2,3029
51.0,4,14,3,3038
51.0,4,14,4,3048
51.0,4,14,5,3057
51.0,4,14,6,3067
51.0,4,14,7,3076
51.0,4,14,8,3086
51.0,4,14,9,3095
51.0,4,14,10,3105
51.0,4,14,11,3114
51.0,4,14,12,3124
51.0,4,14,13,3133
51.0,4,14,14,3142
51.0,4,14,15,3151
51.0,4,15,0,3018
51.0,4,15,1,3028
51.0,4,15,2,3038
51.0,4,15,3,3048
51.0,4,15,4,3057
51.0,4,15,5,3067
51.0,4,15,6,3076
51.0,4,15,7,3086
51.0,4,15,8,3095
51.0,4,15,9,3105
51.0,4,15,10,3114
51.0,4,15,11,3124
51.0,4,15,12,3133
51.0,4,15,13,3142
51.0,4,15,14,3152
51.0,4,15,15,3161
51.0,5,0,0,2888
51.0,5,0,1,2897
51.0,5,0,2,2907
51.0,5,0,3,2916
51.0,5,0,4,2925
51.0,5,0,5,2934
51.0,5,0,6,2943
51.0,5,0,7,2952
51.0,5,0,8,2962
51.0,5,0,9,2971
51.0,5,0,10,2980
51.0,5,0,11,2989
51.0,5,0,12,2998
51.0,5,0,13,3007
51.0,5,0,14,3016
51.0,5,0,15,3024
51.0,5,1,0,2898
51.0,5,1,1,2907
51.0,5,1,2,2916
51.0,5,1,3,2926
51.0,5,1,4,2935
51.0,5,1,5,2944
51.0,5,1,6,2953
51.0,5,1,7,2962
51.0,5,1,8,2971
51.0,5,1,9,2981
51.0,5,1,10,2990
51.0,5,1,11,2999
51.0,5,1,12,3008
51.0,5,1,13,3017
51.0,5,1,14,3026
51.0,5,1,15,3035
51.0,5,2,0,2907
51.0,5,2,1,2917
51.0,5,2,2,2926
51.0,5,2,3,2935
51.0,5,2,4,2945
51.0,5,2,5,2954
51.0,5,2,6,2963
51.0,5,2,7,2972
51.0,5,2,8,2981
51.0,5,2,9,2990
51.0,5,2,10,3000
51.0,5,2,11,3009
51.0,5,2,12,3018
51.0,5,2,13,3027
51.0,5,2,14,3036
51.0,5,2,15,3045
51.0,5,3,0,2917
51.0,5,3,1,2926
51.0,5,3,2,2936
51.0,5,3,3,2945
51.0,5,3,4,2954
51.0,5,3,5,2964
51.0,5,3,6,2973
51.0,5,3,7,2982
51.0,5,3,8,2991
51.0,5,3,9,3000
51.0,5,3,10,3010
51.0,5,3,11,3019
51.0,5,3,12,3028
51.0,5,3,13,3037
51.0,5,3,14,3046
51.0,5,3,15,3055
51.0,5,4,0,2926
51.0,5,4,1,2936
51.0,5,4,2,2945
51.0,5,4,3,2955
51.0,5,4,4,2964
51.0,5,4,5,2973
51.0,5,4,6,2983
51.0,5,4,7,2992
51.0,5,4,8,3001
51.0,5,4,9,3010
51.0,5,4,10,3019
51.0,5,4,11,3029
51.0,5,4,12,3038
51.0,5,4,13,3047
51.0,5,4,14,3056
51.0,5,4,15,3065
51.0,5,5,0,2936
51.0,5,5,1,2945
51.0,5,5,2,2955
51.0,5,5,3,2964
51.0,5,5,4,2974
51.0,5,5,5,2983
51.0,5,5,6,2992
51.0,5,5,7,3002
51.0,5,5,8,3011
51.0,5,5,9,3020
51.0,5,5,10,3029
51.0,5,5,11,3038
51.0,5,5,12,3048
51.0,5,5,13,3057
51.0,5,5,14,3066
51.0,5,5,15,3075
51.0,5,6,0,2946
51.0,5,6,1,2955
51.0,5,6,2,2964
51.0,5,6,3,2974
51.0,5,6,4,2983
51.0,5,6,5,2993
51.0,5,6,6,3002
51.0,5,6,7,3011
51.0,5,6,8,3021
51.0,5,6,9,3030
51.0,5,6,10,3039
51.0,5,6,11,3048
51.0,5,6,12,3057
51.0,5,6,13,3067
51.0,5,6,14,3076
51.0,5,6,15,3085
51.0,5,7,0,2955
51.0,5,7,1,2965
51.0,5,7,2,2974
51.0,5,7,3,2983
51.0,5,7,4,2993
51.0,5,7,5,3002
51.0,5,7,6,3012
51.0,5,7,7,3021
51.0,5,7,8,3030
51.0,5,7,9,3040
51.0,5,7,10,3049
51.0,5,7,11,3058
51.0,5,7,12,3067
51.0,5,7,13,3076
51.0,5,7,14,3086
51.0,5,7,15,3095
51.0,5,8,0,2964
51.0,5,8,1,2974
51.0,5,8,2,2984
51.0,5,8,3,2993
51.0,5,8,4,3002
51.0,5,8,5,3012
51.0,5,8,6,3021
51.0,5,8,7,3031
51.0,5,8,8,3040
51.0,5,8,9,3049
51.0,5,8,10,3059
51.0,5,8,11,3068
51.0,5,8,12,3077
51.0,5,8,13,3086
51.0,5,8,14,3095
51.0,5,8,15,3105
51.0,5,9,0,2974
51.0,5,9,1,2983
51.0,5,9,2,2993
51.0,5,9,3,3003
51.0,5,9,4,3012
51.0,5,9,5,3021
51.0,5,9,6,3031
51.0,5,9,7,3040
51.0,5,9,8,3050
51.0,5,9,9,3059
51.0,5,9,10,3068
51.0,5,9,11,3078
51.0,5,9,12,3087
51.0,5,9,13,3096
51.0,5,9,14,3105
51.0,5,9,15,3114
51.0,5,10,0,2983
51.0,5,10,1,2993
51.0,5,10,2,3002
51.0,5,10,3,3012
51.0,5,10,4,3022
51.0,5,10,5,3031
51.0,5,10,6,3040
51.0,5,10,7,3050
51.0,5,10,8,3059
51.0,5,10,9,3069
51.0,5,10,10,3078
51.0,5,10,11,3087
51.0,5,10,12,3097
51.0,5,10,13,3106
51.0,5,10,14,3115
51.0,5,10,15,3124
51.0,5,11,0,2993
51.0,5,11,1,3002
51.0,5,11,2,3012
51.0,5,11,3,3021
51.0,5,11,4,3031
51.0,5,11,5,3041
51.0,5,11,6,3050
51.0,5,11,7,3059
51.0,5,11,8,3069
51.0,5,11,9,3078
51.0,5,11,10,3088
51.0,5,11,11,3097
51.0,5,11,12,3106
51.0,5,11,13,3116
51.0,5,11,14,3125
51.0,5,11,15,3134
51.0,5,12,0,3002
51.0,5,12,1,3012
51.0,5,12,2,3021
51.0,5,12,3,3031
51.0,5,12,4,3040
51.0,5,12,5,3050
51.0,5,12,6,3060
51.0,5,12,7,3069
51.0,5,12,8,3079
51.0,5,12,9,3088
51.0,5,12,10,3097
51.0,5,12,11,3107
51.0,5,12,12,3116
51.0,5,12,13,3125
51.0,5,12,14,3135
51.0,5,12,15,3144
51.0,5,13,0,3011
51.0,5,13,1,3021
51.0,5,13,2,3031
51.0,5,13,3,3040
51.0,5,13,4,3050
51.0,5,13,5,3059
51.0,5,13,6,3069
51.0,5,13,7,3079
51.0,5,13,8,3088
51.0,5,13,9,3098
51.0,5,13,10,3107
51.0,5,13,11,3116
51.0,5,13,12,3126
51.0,5,13,13,3135
51.0,5,13,14,3144
51.0,5,13,15,3154
51.0,5,14,0,3021
51.0,5,14,1,3030
51.0,5,14,2,3040
51.0,5,14,3,3050
51.0,5,14,4,3059
51.0,5,14,5,3069
51.0,5,14,6,3079
51.0,5,14,7,3088
51.0,5,14,8,3098
51.0,5,14,9,3107
51.0,5,14,10,3117
51.0,5,14,11,3126
51.0,5,14,12,3135
51.0,5,14,13,3145
51.0,5,14,14,3154
51.0,5,14,15,3163
51.0,5,15,0,3030
51.0,5,15,1,3040
51.0,5,15,2,3049
51.0,5,15,3,3059
51.0,5,15,4,3069
51.0,5,15,5,3078
51.0,5,15,6,3088
51.0,5,15,7,3098
51.0,5,15,8,3107
51.0,5,15,9,3117
51.0,5,15,10,3126
51.0,5,15,11,3136
51.0,5,15,12,3145
51.0,5,15,13,3154
51.0,5,15,14,3164
51.0,5,15,15,3173
51.0,6,0,0,2899
51.0,6,0,1,2908
51.0,6,0,2,2917
51.0,6,0,3,2927
51.0,6,0,4,2936
51.0,6,0,5,2945
51.0,6,0,6,2954
51.0,6,0,7,2964
51.0,6,0,8,2973
51.0,6,0,9,2982
51.0,6,0,10,2991
51.0,6,0,11,3000
51.0,6,0,12,3009
51.0,6,0,13,3018
51.0,6,0,14,3027
51.0,6,0,15,3036
51.0,6,1,0,2909
51.0,6,1,1,2918
51.0,6,1,2,2927
51.0,6,1,3,2937
51.0,6,1,4,2946
51.0,6,1,5,2955
51.0,6,1,6,2964
51.0,6,1,7,2973
51.0,6,1,8,2983
51.0,6,1,9,2992
51.0,6,1,10,3001
51.0,6,1,11,3010
51.0,6,1,12,3019
51.0,6,1,13,3028
51.0,6,1,14,3037
51.0,6,1,15,3046
51.0,6,2,0,2918
51.0,6,2,1,2928
51.0,6,2,2,2937
51.0,6,2,3,2946
51.0,6,2,4,2956
51.0,6,2,5,2965
51.0,6,2,6,2974
51.0,6,2,7,2983
51.0,6,2,8,2993
51.0,6,2,9,3002
51.0,6,2,10,3011
51.0,6,2,11,3020
51.0,6,2,12,3029
51.0,6,2,13,3038
51.0,6,2,14,3047
51.0,6,2,15,3056
51.0,6,3,0,2928
51.0,6,3,1,2937
51.0,6,3,2,2947
51.0,6,3,3,2956
51.0,6,3,4,2965
51.0,6,3,5,2975
51.0,6,3,6,2984
51.0,6,3,7,2993
51.0,6,3,8,3002
51.0,6,3,9,3012
51.0,6,3,10,3021
51.0,6,3,11,3030
51.0,6,3,12,3039
51.0,6,3,13,3048
51.0,6,3,14,3057
51.0,6,3,15,3066
51.0,6,4,0,2937
51.0,6,4,1,2947
51.0,6,4,2,2956
51.0,6,4,3,2966
51.0,6,4,4,2975
51.0,6,4,5,2984
51.0,6,4,6,2994
51.0,6,4,7,3003
51.0,6,4,8,3012
51.0,6,4,9,3022
51.0,6,4,10,3031
51.0,6,4,11,3040
51.0,6,4,12,3049
51.0,6,4,13,3058
51.0,6,4,14,3067
51.0,6,4,15,3076
51.0,6,5,0,2947
51.0,6,5,1,2957
51.0,6,5,2,2966
51.0,6,5,3,2975
51.0,6,5,4,2985
51.0,6,5,5,2994
51.0,6,5,6,3004
51.0,6,5,7,3013
51.0,6,5,8,3022
51.0,6,5,9,3031
51.0,6,5,10,3041
51.0,6,5,11,3050
51.0,6,5,12,3059
51.0,6,5,13,3068
51.0,6,5,14,3077
51.0,6,5,15,3086
51.0,6,6,0,2957
51.0,6,6,1,2966
51.0,6,6,2,2976
51.0,6,6,3,2985
51.0,6,6,4,2995
51.0,6,6,5,3004
51.0,6,6,6,3013
51.0,6,6,7,3023
51.0,6,6,8,3032
51.0,6,6,9,3041
51.0,6,6,10,3050
51.0,6,6,11,3060
51.0,6,6,12,3069
51.0,6,6,13,3078
51.0,6,6,14,3087
51.0,6,6,15,3096
51.0,6,7,0,2966
51.0,6,7,1,2976
51.0,6,7,2,2985
51.0,6,7,3,2995
51.0,6,7,4,3004
51.0,6,7,5,3014
51.0,6,7,6,3023
51.0,6,7,7,3032
51.0,6,7,8,3042
51.0,6,7,9,3051
51.0,6,7,10,3060
51.0,6,7,11,3070
51.0,6,7,12,3079
51.0,6,7,13,3088
51.0,6,7,14,3097
51.0,6,7,15,3106
51.0,6,8,0,2976
51.0,6,8,1,2985
51.0,6,8,2,2995
51.0,6,8,3,3004
51.0,6,8,4,3014
51.0,6,8,5,3023
51.0,6,8,6,3033
51.0,6,8,7,3042
51.0,6,8,8,3051
51.0,6,8,9,3061
51.0,6,8,10,3070
51.0,6,8,11,3079
51.0,6,8,12,3089
51.0,6,8,13,3098
51.0,6,8,14,3107
51.0,6,8,15,3116
51.0,6,9,0,2985
51.0,6,9,1,2995
51.0,6,9,2,3004
51.0,6,9,3,3014
51.0,6,9,4,3023
51.0,6,9,5,3033
51.0,6,9,6,3042
51.0,6,9,7,3052
51.0,6,9,8,3061
51.0,6,9,9,3071
51.0,6,9,10,3080
51.0,6,9,11,3089
51.0,6,9,12,3098
51.0,6,9,13,3108
51.0,6,9,14,3117
51.0,6,9,15,3126
51.0,6,10,0,2995
51.0,6,10,1,3004
51.0,6,10,2,3014
51.0,6,10,3,3023
51.0,6,10,4,3033
51.0,6,10,5,3042
51.0,6,10,6,3052
51.0,6,10,7,3061
51.0,6,10,8,3071
51.0,6,10,9,3080
51.0,6,10,10,3090
51.0,6,10,11,3099
51.0,6,10,12,3108
51.0,6,10,13,3118
51.0,6,10,14,3127
51.0,6,10,15,3136
51.0,6,11,0,3004
51.0,6,11,1,3014
51.0,6,11,2,3023
51.0,6,11,3,3033
51.0,6,11,4,3042
51.0,6,11,5,3052
51.0,6,11,6,3062
51.0,6,11,7,3071
51.0,6,11,8,3080
51.0,6,11,9,3090
51.0,6,11,10,3099
51.0,6,11,11,3109
51.0,6,11,12,3118
51.0,6,11,13,3127
51.0,6,11,14,3137
51.0,6,11,15,3146
51.0,6,12,0,3013
51.0,6,12,1,3023
51.0,6,12,2,3033
51.0,6,12,3,3042
51.0,6,12,4,3052
51.0,6,12,5,3062
51.0,6,12,6,3071
51.0,6,12,7,3081
51.0,6,12,8,3090
51.0,6,12,9,3100
51.0,6,12,10,3109
51.0,6,12,11,3118
51.0,6,12,12,3128
51.0,6,12,13,3137
51.0,6,12,14,3146
51.0,6,12,15,3156
51.0,6,13,0,3023
51.0,6,13,1,3032
51.0,6,13,2,3042
51.0,6,13,3,3052
51.0,6,13,4,3061
51.0,6,13,5,3071
51.0,6,13,6,3081
51.0,6,13,7,3090
51.0,6,13,8,3100
51.0,6,13,9,3109
51.0,6,13,10,3119
51.0,6,13,11,3128
51.0,6,13,12,3137
51.0,6,13,13,3147
51.0,6,13,14,3156
51.0,6,13,15,3166
51.0,6,14,0,3032
51.0,6,14,1,3042
51.0,6,14,2,3051
51.0,6,14,3,3061
51.0,6,14,4,3071
51.0,6,14,5,3080
51.0,6,14,6,3090
51.0,6,14,7,3100
51.0,6,14,8,3109
51.0,6,14,9,3119
51.0,6,14,10,3128
51.0,6,14,11,3138
51.0,6,14,12,3147
51.0,6,14,13,3157
51.0,6,14,14,3166
51.0,6,14,15,3175
51.0,6,15,0,3041
51.0,6,15,1,3051
51.0,6,15,2,3061
51.0,6,15,3,3071
51.0,6,15,4,3080
51.0,6,15,5,3090
51.0,6,15,6,3100
51.0,6,15,7,3109
51.0,6,15,8,3119
51.0,6,15,9,3128
51.0,6,15,10,3138
51.0,6,15,11,3147
51.0,6,15,12,3157
51.0,6,15,13,3166
51.0,6,15,14,3176
51.0,6,15,15,3185
51.0,7,0,0,2910
51.0,7,0,1,2919
51.0,7,0,2,2928
51.0,7,0,3,2938
51.0,7,0,4,2947
51.0,7,0,5,2956
51.0,7,0,6,2965
51.0,7,0,7,2975
51.0,7,0,8,2984
51.0,7,0,9,2993
51.0,7,0,10,3002
51.0,7,0,11,3011
51.0,7,0,12,3020
51.0,7,0,13,3029
51.0,7,0,14,3038
51.0,7,0,15,3047
51.0,7,1,0,2919
51.0,7,1,1,2929
51.0,7,1,2,2938
51.0,7,1,3,2948
51.0,7,1,4,2957
51.0,7,1,5,2966
51.0,7,1,6,2975
51.0,7,1,7,2985
51.0,7,1,8,2994
51.0,7,1,9,3003
51.0,7,1,10,3012
51.0,7,1,11,3021
51.0,7,1,12,3030
51.0,7,1,13,3039
51.0,7,1,14,3048
51.0,7,1,15,3057
51.0,7,2,0,2929
51.0,7,2,1,2939
51.0,7,2,2,2948
51.0,7,2,3,2957
51.0,7,2,4,2967
51.0,7,2,5,2976
51.0,7,2,6,2985
51.0,7,2,7,2995
51.0,7,2,8,3004
51.0,7,2,9,3013
51.0,7,2,10,3022
51.0,7,2,11,3031
51.0,7,2,12,3040
51.0,7,2,13,3049
51.0,7,2,14,3059
51.0,7,2,15,3068
51.0,7,3,0,2939
51.0,7,3,1,2948
51.0,7,3,2,2958
51.0,7,3,3,2967
51.0,7,3,4,2976
51.0,7,3,5,2986
51.0,7,3,6,2995
51.0,7,3,7,3004
51.0,7,3,8,3014
51.0,7,3,9,3023
51.0,7,3,10,3032
51.0,7,3,11,3041
51.0,7,3,12,3050
51.0,7,3,13,3060
51.0,7,3,14,3069
51.0,7,3,15,3078
51.0,7,4,0,2948
51.0,7,4,1,2958
51.0,7,4,2,2967
51.0,7,4,3,2977
51.0,7,4,4,2986
51.0,7,4,5,2996
51.0,7,4,6,3005
51.0,7,4,7,3014
51.0,7,4,8,3024
51.0,7,4,9,3033
51.0,7,4,10,3042
51.0,7,4,11,3051
51.0,7,4,12,3060
51.0,7,4,13,3070
51.0,7,4,14,3079
51.0,7,4,15,3088
51.0,7,5,0,2958
51.0,7,5,1,2968
51.0,7,5,2,2977
51.0,7,5,3,2987
51.0,7,5,4,2996
51.0,7,5,5,3005
51.0,7,5,6,3015
51.0,7,5,7,3024
51.0,7,5,8,3033
51.0,7,5,9,3043
51.0,7,5,10,3052
51.0,7,5,11,3061
51.0,7,5,12,3070
51.0,7,5,13,3080
51.0,7,5,14,3089
51.0,7,5,15,3098
51.0,7,6,0,2968
51.0,7,6,1,2977
51.0,7,6,2,2987
51.0,7,6,3,2996
51.0,7,6,4,3006
51.0,7,6,5,3015
51.0,7,6,6,3025
51.0,7,6,7,3034
51.0,7,6,8,3043
51.0,7,6,9,3053
51.0,7,6,10,3062
51.0,7,6,11,3071
51.0,7,6,12,3080
51.0,7,6,13,3090
51.0,7,6,14,3099
51.0,7,6,15,3108
51.0,7,7,0,2977
51.0,7,7,1,2987
51.0,7,7,2,2996
51.0,7,7,3,3006
51.0,7,7,4,3015
51.0,7,7,5,3025
51.0,7,7,6,3034
51.0,7,7,7,3044
51.0,7,7,8,3053
51.0,7,7,9,3062
51.0,7,7,10,3072
51.0,7,7,11,3081
51.0,7,7,12,3090
51.0,7,7,13,3100
51.0,7,7,14,3109
51.0,7,7,15,3118
51.0,7,8,0,2987
51.0,7,8,1,2996
51.0,7,8,2,3006
51.0,7,8,3,3016
51.0,7,8,4,3025
51.0,7,8,5,3035
51.0,7,8,6,3044
51.0,7,8,7,3053
51.0,7,8,8,3063
51.0,7,8,9,3072
51.0,7,8,10,3082
51.0,7,8,11,3091
51.0,7,8,12,3100
51.0,7,8,13,3110
51.0,7,8,14,3119
51.0,7,8,15,3128
51.0,7,9,0,2996
51.0,7,9,1,3006
51.0,7,9,2,3016
51.0,7,9,3,3025
51.0,7,9,4,3035
51.0,7,9,5,3044
51.0,7,9,6,3054
51.0,7,9,7,3063
51.0,7,9,8,3073
51.0,7,9,9,3082
51.0,7,9,10,3091
51.0,7,9,11,3101
51.0,7,9,12,3110
51.0,7,9,13,3119
51.0,7,9,14,3129
51.0,7,9,15,3138
51.0,7,10,0,3006
51.0,7,10,1,3015
51.0,7,10,2,3025
51.0,7,10,3,3035
51.0,7,10,4,3044
51.0,7,10,5,3054
51.0,7,10,6,3063
51.0,7,10,7,3073
51.0,7,10,8,3082
51.0,7,10,9,3092
51.0,7,10,10,3101
51.0,7,10,11,3111
51.0,7,10,12,3120
51.0,7,10,13,3129
51.0,7,10,14,3139
51.0,7,10,15,3148
51.0,7,11,0,3015
51.0,7,11,1,3025
51.0,7,11,2,3035
51.0,7,11,3,3044
51.0,7,11,4,3054
51.0,7,11,5,3063
51.0,7,11,6,3073
51.0,7,11,7,3083
51.0,7,11,8,3092
51.0,7,11,9,3101
51.0,7,11,10,3111
51.0,7,11,11,3120
51.0,7,11,12,3130
51.0,7,11,13,3139
51.0,7,11,14,3148
51.0,7,11,15,3158
51.0,7,12,0,3025
51.0,7,12,1,3034
51.0,7,12,2,3044
51.0,7,12,3,3054
51.0,7,12,4,3063
51.0,7,12,5,3073
51.0,7,12,6,3083
51.0,7,12,7,3092
51.0,7,12,8,3102
51.0,7,12,9,3111
51.0,7,12,10,3121
51.0,7,12,11,3130
51.0,7,12,12,3139
51.0,7,12,13,3149
51.0,7,12,14,3158
51.0,7,12,15,3168
51.0,7,13,0,3034
51.0,7,13,1,3044
51.0,7,13,2,3053
51.0,7,13,3,3063
51.0,7,13,4,3073
51.0,7,13,5,3083
51.0,7,13,6,3092
51.0,7,13,7,3102
51.0,7,13,8,3111
51.0,7,13,9,3121
51.0,7,13,10,3130
51.0,7,13,11,3140
51.0,7,13,12,3149
51.0,7,13,13,3159
51.0,7,13,14,3168
51.0,7,13,15,3177
51.0,7,14,0,3043
51.0,7,14,1,3053
51.0,7,14,2,3063
51.0,7,14,3,3073
51.0,7,14,4,3082
51.0,7,14,5,3092
51.0,7,14,6,3102
51.0,7,14,7,3111
51.0,7,14,8,3121
51.0,7,14,9,3130
51.0,7,14,10,3140
51.0,7,14,11,3149
51.0,7,14,12,3159
51.0,7,14,13,3168
51.0,7,14,14,3178
51.0,7,14,15,3187
51.0,7,15,0,3053
51.0,7,15,1,3062
51.0,7,15,2,3072
51.0,7,15,3,3082
51.0,7,15,4,3092
51.0,7,15,5,3101
51.0,7,15,6,3111
51.0,7,15,7,3121
51.0,7,15,8,3130
51.0,7,15,9,3140
51.0,7,15,10,3150
51.0,7,15,11,3159
51.0,7,15,12,3169
51.0,7,15,13,3178
51.0,7,15,14,3188
51.0,7,15,15,3197
51.0,8,0,0,2921
51.0,8,0,1,2930
51.0,8,0,2,2939
51.0,8,0,3,2949
51.0,8,0,4,2958
51.0,8,0,5,2967
51.0,8,0,6,2977
51.0,8,0,7,2986
51.0,8,0,8,2995
51.0,8,0,9,3004
51.0,8,0,10,3013
51.0,8,0,11,3022
51.0,8,0,12,3031
51.0,8,0,13,3041
51.0,8,0,14,3050
51.0,8,0,15,3059
51.0,8,1,0,2930
51.0,8,1,1,2940
51.0,8,1,2,2949
51.0,8,1,3,2959
51.0,8,1,4,2968
51.0,8,1,5,2977
51.0,8,1,6,2986
51.0,8,1,7,2996
51.0,8,1,8,3005
51.0,8,1,9,3014
51.0,8,1,10,3023
51.0,8,1,11,3033
51.0,8,1,12,3042
51.0,8,1,13,3051
51.0,8,1,14,3060
51.0,8,1,15,3069
51.0,8,2,0,2940
51.0,8,2,1,2950
51.0,8,2,2,2959
51.0,8,2,3,2968
51.0,8,2,4,2978
51.0,8,2,5,2987
51.0,8,2,6,2996
51.0,8,2,7,3006
51.0,8,2,8,3015
51.0,8,2,9,3024
51.0,8,2,10,3033
51.0,8,2,11,3043
51.0,8,2,12,3052
51.0,8,2,13,3061
51.0,8,2,14,3070
51.0,8,2,15,3079
51.0,8,3,0,2950
51.0,8,3,1,2959
51.0,8,3,2,2969
51.0,8,3,3,2978
51.0,8,3,4,2988
51.0,8,3,5,2997
51.0,8,3,6,3006
51.0,8,3,7,3016
51.0,8,3,8,3025
51.0,8,3,9,3034
51.0,8,3,10,3043
51.0,8,3,11,3053
51.0,8,3,12,3062
51.0,8,3,13,3071
51.0,8,3,14,3080
51.0,8,3,15,3089
51.0,8,4,0,2959
51.0,8,4,1,2969
51.0,8,4,2,2978
51.0,8,4,3,2988
51.0,8,4,4,2997
51.0,8,4,5,3007
51.0,8,4,6,3016
51.0,8,4,7,3026
51.0,8,4,8,3035
51.0,8,4,9,3044
51.0,8,4,10,3053
51.0,8,4,11,3063
51.0,8,4,12,3072
51.0,8,4,13,3081
51.0,8,4,14,3090
51.0,8,4,15,3099
51.0,8,5,0,2969
51.0,8,5,1,2979
51.0,8,5,2,2988
51.0,8,5,3,2998
51.0,8,5,4,3007
51.0,8,5,5,3017
51.0,8,5,6,3026
51.0,8,5,7,3035
51.0,8,5,8,3045
51.0,8,5,9,3054
51.0,8,5,10,3063
51.0,8,5,11,3073
51.0,8,5,12,3082
51.0,8,5,13,3091
51.0,8,5,14,3100
51.0,8,5,15,3109
51.0,8,6,0,2979
51.0,8,6,1,2988
51.0,8,6,2,2998
51.0,8,6,3,3007
51.0,8,6,4,3017
51.0,8,6,5,3026
51.0,8,6,6,3036
51.0,8,6,7,3045
51.0,8,6,8,3055
51.0,8,6,9,3064
51.0,8,6,10,3073
51.0,8,6,11,3083
51.0,8,6,12,3092
51.0,8,6,13,3101
51.0,8,6,14,3110
51.0,8,6,15,3120
51.0,8,7,0,2988
51.0,8,7,1,2998
51.0,8,7,2,3008
51.0,8,7,3,3017
51.0,8,7,4,3027
51.0,8,7,5,3036
51.0,8,7,6,3046
51.0,8,7,7,3055
51.0,8,7,8,3064
51.0,8,7,9,3074
51.0,8,7,10,3083
51.0,8,7,11,3093
51.0,8,7,12,3102
51.0,8,7,13,3111
51.0,8,7,14,3120
51.0,8,7,15,3130
51.0,8,8,0,2998
51.0,8,8,1,3008
51.0,8,8,2,3017
51.0,8,8,3,3027
51.0,8,8,4,3036
51.0,8,8,5,3046
51.0,8,8,6,3055
51.0,8,8,7,3065
51.0,8,8,8,3074
51.0,8,8,9,3084
51.0,8,8,10,3093
51.0,8,8,11,3102
51.0,8,8,12,3112
51.0,8,8,13,3121
51.0,8,8,14,3130
51.0,8,8,15,3140
51.0,8,9,0,3007
51.0,8,9,1,3017
51.0,8,9,2,3027
51.0,8,9,3,3036
51.0,8,9,4,3046
51.0,8,9,5,3056
51.0,8,9,6,3065
51.0,8,9,7,3075
51.0,8,9,8,3084
51.0,8,9,9,3094
51.0,8,9,10,3103
51.0,8,9,11,3112
51.0,8,9,12,3122
51.0,8,9,13,3131
51.0,8,9,14,3140
51.0,8,9,15,3150
51.0,8,10,0,3017
51.0,8,10,1,3027
51.0,8,10,2,3036
51.0,8,10,3,3046
51.0,8,10,4,3056
51.0,8,10,5,3065
51.0,8,10,6,3075
51.0,8,10,7,3084
51.0,8,10,8,3094
51.0,8,10,9,3103
51.0,8,10,10,3113
51.0,8,10,11,3122
51.0,8,10,12,3132
51.0,8,10,13,3141
51.0,8,10,14,3150
51.0,8,10,15,3160
51.0,8,11,0,3026
51.0,8,11,1,3036
51.0,8,11,2,3046
51.0,8,11,3,3056
51.0,8,11,4,3065
51.0,8,11,5,3075
51.0,8,11,6,3084
51.0,8,11,7,3094
51.0,8,11,8,3104
51.0,8,11,9,3113
51.0,8,11,10,3123
51.0,8,11,11,3132
51.0,8,11,12,3141
51.0,8,11,13,3151
51.0,8,11,14,3160
51.0,8,11,15,3169
51.0,8,12,0,3036
51.0,8,12,1,3046
51.0,8,12,2,3055
51.0,8,12,3,3065
51.0,8,12,4,3075
51.0,8,12,5,3084
51.0,8,12,6,3094
51.0,8,12,7,3104
51.0,8,12,8,3113
51.0,8,12,9,3123
51.0,8,12,10,3132
51.0,8,12,11,3142
51.0,8,12,12,3151
51.0,8,12,13,3161
51.0,8,12,14,3170
51.0,8,12,15,3179
51.0,8,13,0,3045
51.0,8,13,1,3055
51.0,8,13,2,3065
51.0,8,13,3,3075
51.0,8,13,4,3084
51.0,8,13,5,3094
51.0,8,13,6,3104
51.0,8,13,7,3113
51.0,8,13,8,3123
51.0,8,13,9,3132
51.0,8,13,10,3142
51.0,8,13,11,3151
51.0,8,13,12,3161
51.0,8,13,13,3170
51.0,8,13,14,3180
51.0,8,13,15,3189
51.0,8,14,0,3055
51.0,8,14,1,3064
51.0,8,14,2,3074
51.0,8,14,3,3084
51.0,8,14,4,3094
51.0,8,14,5,3104
51.0,8,14,6,3113
51.0,8,14,7,3123
51.0,8,14,8,3133
51.0,8,14,9,3142
51.0,8,14,10,3152
51.0,8,14,11,3161
51.0,8,14,12,3171
51.0,8,14,13,3180
51.0,8,14,14,3190
51.0,8,14,15,3199
51.0,8,15,0,3064
51.0,8,15,1,3074
51.0,8,15,2,3084
51.0,8,15,3,3094
51.0,8,15,4,3103
51.0,8,15,5,3113
51.0,8,15,6,3123
51.0,8,15,7,3132
51.0,8,15,8,3142
51.0,8,15,9,3152
51.0,8,15,10,3161
51.0,8,15,11,3171
51.0,8,15,12,3180
51.0,8,15,13,3190
51.0,8,15,14,3199
51.0,8,15,15,3209
51.0,9,0,0,2931
51.0,9,0,1,2941
51.0,9,0,2,2950
51.0,9,0,3,2960
51.0,9,0,4,2969
51.0,9,0,5,2978
51.0,9,0,6,2988
51.0,9,0,7,2997
51.0,9,0,8,3006
51.0,9,0,9,3015
51.0,9,0,10,3024
51.0,9,0,11,3034
51.0,9,0,12,3043
51.0,9,0,13,3052
51.0,9,0,14,3061
51.0,9,0,15,3070
51.0,9,1,0,2941
51.0,9,1,1,2951
51.0,9,1,2,2960
51.0,9,1,3,2970
51.0,9,1,4,2979
51.0,9,1,5,2988
51.0,9,1,6,2998
51.0,9,1,7,3007
51.0,9,1,8,3016
51.0,9,1,9,3025
51.0,9,1,10,3035
51.0,9,1,11,3044
51.0,9,1,12,3053
51.0,9,1,13,3062
51.0,9,1,14,3071
51.0,9,1,15,3080
51.0,9,2,0,2951
51.0,9,2,1,2960
51.0,9,2,2,2970
51.0,9,2,3,2979
51.0,9,2,4,2989
51.0,9,2,5,2998
51.0,9,2,6,3008
51.0,9,2,7,3017
51.0,9,2,8,3026
51.0,9,2,9,3035
51.0,9,2,10,3045
51.0,9,2,11,3054
51.0,9,2,12,3063
51.0,9,2,13,3072
51.0,9,2,14,3081
51.0,9,2,15,3090
51.0,9,3,0,2961
51.0,9,3,1,2970
51.0,9,3,2,2980
51.0,9,3,3,2989
51.0,9,3,4,2999
51.0,9,3,5,3008
51.0,9,3,6,3018
51.0,9,3,7,3027
51.0,9,3,8,3036
51.0,9,3,9,3045
51.0,9,3,10,3055
51.0,9,3,11,3064
51.0,9,3,12,3073
51.0,9,3,13,3082
51.0,9,3,14,3092
51.0,9,3,15,3101
51.0,9,4,0,2970
51.0,9,4,1,2980
51.0,9,4,2,2990
51.0,9,4,3,2999
51.0,9,4,4,3009
51.0,9,4,5,3018
51.0,9,4,6,3027
51.0,9,4,7,3037
51.0,9,4,8,3046
51.0,9,4,9,3055
51.0,9,4,10,3065
51.0,9,4,11,3074
51.0,9,4,12,3083
51.0,9,4,13,3093
51.0,9,4,14,3102
51.0,9,4,15,3111
51.0,9,5,0,2980
51.0,9,5,1,2990
51.0,9,5,2,2999
51.0,9,5,3,3009
51.0,9,5,4,3018
51.0,9,5,5,3028
51.0,9,5,6,3037
51.0,9,5,7,3047
51.0,9,5,8,3056
51.0,9,5,9,3065
51.0,9,5,10,3075
51.0,9,5,11,3084
51.0,9,5,12,3093
51.0,9,5,13,3103
51.0,9,5,14,3112
51.0,9,5,15,3121
51.0,9,6,0,2990
51.0,9,6,1,2999
51.0,9,6,2,3009
51.0,9,6,3,3019
51.0,9,6,4,3028
51.0,9,6,5,3038
51.0,9,6,6,3047
51.0,9,6,7,3057
51.0,9,6,8,3066
51.0,9,6,9,3075
51.0,9,6,10,3085
51.0,9,6,11,3094
51.0,9,6,12,3103
51.0,9,6,13,3113
51.0,9,6,14,3122
51.0,9,6,15,3131
51.0,9,7,0,2999
51.0,9,7,1,3009
51.0,9,7,2,3019
51.0,9,7,3,3028
51.0,9,7,4,3038
51.0,9,7,5,3047
51.0,9,7,6,3057
51.0,9,7,7,3066
51.0,9,7,8,3076
51.0,9,7,9,3085
51.0,9,7,10,3095
51.0,9,7,11,3104
51.0,9,7,12,3113
51.0,9,7,13,3123
51.0,9,7,14,3132
51.0,9,7,15,3141
51.0,9,8,0,3009
51.0,9,8,1,3019
51.0,9,8,2,3028
51.0,9,8,3,3038
51.0,9,8,4,3048
51.0,9,8,5,3057
51.0,9,8,6,3067
51.0,9,8,7,3076
51.0,9,8,8,3086
51.0,9,8,9,3095
51.0,9,8,10,3105
51.0,9,8,11,3114
51.0,9,8,12,3123
51.0,9,8,13,3133
51.0,9,8,14,3142
51.0,9,8,15,3151
51.0,9,9,0,3019
51.0,9,9,1,3028
51.0,9,9,2,3038
51.0,9,9,3,3048
51.0,9,9,4,3057
51.0,9,9,5,3067
51.0,9,9,6,3076
51.0,9,9,7,3086
51.0,9,9,8,3096
51.0,9,9,9,3105
51.0,9,9,10,3114
51.0,9,9,11,3124
51.0,9,9,12,3133
51.0,9,9,13,3143
51.0,9,9,14,3152
51.0,9,9,15,3161
51.0,9,10,0,3028
51.0,9,10,1,3038
51.0,9,10,2,3048
51.0,9,10,3,3057
51.0,9,10,4,3067
51.0,9,10,5,3077
51.0,9,10,6,3086
51.0,9,10,7,3096
51.0,9,10,8,3105
51.0,9,10,9,3115
51.0,9,10,10,3124
51.0,9,10,11,3134
51.0,9,10,12,3143
51.0,9,10,13,3153
51.0,9,10,14,3162
51.0,9,10,15,3171
51.0,9,11,0,3038
51.0,9,11,1,3047
51.0,9,11,2,3057
51.0,9,11,3,3067
51.0,9,11,4,3077
51.0,9,11,5,3086
51.0,9,11,6,3096
51.0,9,11,7,3106
51.0,9,11,8,3115
51.0,9,11,9,3125
51.0,9,11,10,3134
51.0,9,11,11,3144
51.0,9,11,12,3153
51.0,9,11,13,3163
51.0,9,11,14,3172
51.0,9,11,15,3181
51.0,9,12,0,3047
51.0,9,12,1,3057
51.0,9,12,2,3067
51.0,9,12,3,3076
51.0,9,12,4,3086
51.0,9,12,5,3096
51.0,9,12,6,3106
51.0,9,12,7,3115
51.0,9,12,8,3125
51.0,9,12,9,3134
51.0,9,12,10,3144
51.0,9,12,11,3153
51.0,9,12,12,3163
51.0,9,12,13,3172
51.0,9,12,14,3182
51.0,9,12,15,3191
51.0,9,13,0,3057
51.0,9,13,1,3066
51.0,9,13,2,3076
51.0,9,13,3,3086
51.0,9,13,4,3096
51.0,9,13,5,3106
51.0,9,13,6,3115
51.0,9,13,7,3125
51.0,9,13,8,3134
51.0,9,13,9,3144
51.0,9,13,10,3154
51.0,9,13,11,3163
51.0,9,13,12,3173
51.0,9,13,13,3182
51.0,9,13,14,3192
51.0,9,13,15,3201
51.0,9,14,0,3066
51.0,9,14,1,3076
51.0,9,14,2,3086
51.0,9,14,3,3096
51.0,9,14,4,3105
51.0,9,14,5,3115
51.0,9,14,6,3125
51.0,9,14,7,3134
51.0,9,14,8,3144
51.0,9,14,9,3154
51.0,9,14,10,3163
51.0,9,14,11,3173
51.0,9,14,12,3183
51.0,9,14,13,3192
51.0,9,14,14,3202
51.0,9,14,15,3211
51.0,9,15,0,3075
51.0,9,15,1,3085
51.0,9,15,2,3095
51.0,9,15,3,3105
51.0,9,15,4,3115
51.0,9,15,5,3125
51.0,9,15,6,3134
51.0,9,15,7,3144
51.0,9,15,8,3154
51.0,9,15,9,3163
51.0,9,15,10,3173
51.0,9,15,11,3183
51.0,9,15,12,3192
51.0,9,15,13,3202
51.0,9,15,14,3211
51.0,9,15,15,3221
51.0,10,0,0,2942
51.0,10,0,1,2952
51.0,10,0,2,2961
51.0,10,0,3,2971
51.0,10,0,4,2980
51.0,10,0,5,2989
51.0,10,0,6,2999
51.0,10,0,7,3008
51.0,10,0,8,3017
51.0,10,0,9,3026
51.0,10,0,10,3036
51.0,10,0,11,3045
51.0,10,0,12,3054
51.0,10,0,13,3063
51.0,10,0,14,3072
51.0,10,0,15,3081
51.0,10,1,0,2952
51.0,10,1,1,2962
51.0,10,1,2,2971
51.0,10,1,3,2981
51.0,10,1,4,2990
51.0,10,1,5,2999
51.0,10,1,6,3009
51.0,10,1,7,3018
51.0,10,1,8,3027
51.0,10,1,9,3037
51.0,10,1,10,3046
51.0,10,1,11,3055
51.0,10,1,12,3064
51.0,10,1,13,3073
51.0,10,1,14,3083
51.0,10,1,15,3092
51.0,10,2,0,2962
51.0,10,2,1,2971
51.0,10,2,2,2981
51.0,10,2,3,2990
51.0,10,2,4,3000
51.0,10,2,5,3009
51.0,10,2,6,3019
51.0,10,2,7,3028
51.0,10,2,8,3037
51.0,10,2,9,3047
51.0,10,2,10,3056
51.0,10,2,11,3065
51.0,10,2,12,3074
51.0,10,2,13,3084
51.0,10,2,14,3093
51.0,10,2,15,3102
51.0,10,3,0,2972
51.0,10,3,1,2981
51.0,10,3,2,2991
51.0,10,3,3,3000
51.0,10,3,4,3010
51.0,10,3,5,3019
51.0,10,3,6,3029
51.0,10,3,7,3038
51.0,10,3,8,3047
51.0,10,3,9,3057
51.0,10,3,10,3066
51.0,10,3,11,3075
51.0,10,3,12,3085
51.0,10,3,13,3094
51.0,10,3,14,3103
51.0,10,3,15,3112
51.0,10,4,0,2981
51.0,10,4,1,2991
51.0,10,4,2,3001
51.0,10,4,3,3010
51.0,10,4,4,3020
51.0,10,4,5,3029
51.0,10,4,6,3039
51.0,10,4,7,3048
51.0,10,4,8,3057
51.0,10,4,9,3067
51.0,10,4,10,3076
51.0,10,4,11,3085
51.0,10,4,12,3095
51.0,10,4,13,3104
51.0,10,4,14,3113
51.0,10,4,15,3122
51.0,10,5,0,2991
51.0,10,5,1,3001
51.0,10,5,2,3010
51.0,10,5,3,3020
51.0,10,5,4,3030
51.0,10,5,5,3039
51.0,10,5,6,3049
51.0,10,5,7,3058
51.0,10,5,8,3067
51.0,10,5,9,3077
51.0,10,5,10,3086
51.0,10,5,11,3096
51.0,10,5,12,3105
51.0,10,5,13,3114
51.0,10,5,14,3123
51.0,10,5,15,3133
51.0,10,6,0,3001
51.0,10,6,1,3011
51.0,10,6,2,3020
51.0,10,6,3,3030
51.0,10,6,4,3039
51.0,10,6,5,3049
51.0,10,6,6,3058
51.0,10,6,7,3068
51.0,10,6,8,3077
51.0,10,6,9,3087
51.0,10,6,10,3096
51.0,10,6,11,3106
51.0,10,6,12,3115
51.0,10,6,13,3124
51.0,10,6,14,3134
51.0,10,6,15,3143
51.0,10,7,0,3011
51.0,10,7,1,3020
51.0,10,7,2,3030
51.0,10,7,3,3040
51.0,10,7,4,3049
51.0,10,7,5,3059
51.0,10,7,6,3068
51.0,10,7,7,3078
51.0,10,7,8,3087
51.0,10,7,9,3097
51.0,10,7,10,3106
51.0,10,7,11,3116
51.0,10,7,12,3125
51.0,10,7,13,3134
51.0,10,7,14,3144
51.0,10,7,15,3153
51.0,10,8,0,3020
51.0,10,8,1,3030
51.0,10,8,2,3040
51.0,10,8,3,3049
51.0,10,8,4,3059
51.0,10,8,5,3069
51.0,10,8,6,3078
51.0,10,8,7,3088
51.0,10,8,8,3097
51.0,10,8,9,3107
51.0,10,8,10,3116
51.0,10,8,11,3126
51.0,10,8,12,3135
51.0,10,8,13,3144
51.0,10,8,14,3154
51.0,10,8,15,3163
51.0,10,9,0,3030
51.0,10,9,1,3040
51.0,10,9,2,3049
51.0,10,9,3,3059
51.0,10,9,4,3069
51.0,10,9,5,3078
51.0,10,9,6,3088
51.0,10,9,7,3097
51.0,10,9,8,3107
51.0,10,9,9,3117
51.0,10,9,10,3126
51.0,10,9,11,3135
51.0,10,9,12,3145
51.0,10,9,13,3154
51.0,10,9,14,3164
51.0,10,9,15,3173
51.0,10,10,0,3039
51.0,10,10,1,3049
51.0,10,10,2,3059
51.0,10,10,3,3069
51.0,10,10,4,3078
51.0,10,10,5,3088
51.0,10,10,6,3098
51.0,10,10,7,3107
51.0,10,10,8,3117
51.0,10,10,9,3126
51.0,10,10,10,3136
51.0,10,10,11,3145
51.0,10,10,12,3155
51.0,10,10,13,3164
51.0,10,10,14,3174
51.0,10,10,15,3183
51.0,10,11,0,3049
51.0,10,11,1,3059
51.0,10,11,2,3069
51.0,10,11,3,3078
51.0,10,11,4,3088
51.0,10,11,5,3098
51.0,10,11,6,3107
51.0,10,11,7,3117
51.0,10,11,8,3127
51.0,10,11,9,3136
51.0,10,11,10,3146
51.0,10,11,11,3155
51.0,10,11,12,3165
51.0,10,11,13,3174
51.0,10,11,14,3184
51.0,10,11,15,3193
51.0,10,12,0,3058
51.0,10,12,1,3068
51.0,10,12,2,3078
51.0,10,12,3,3088
51.0,10,12,4,3098
51.0,10,12,5,3107
51.0,10,12,6,3117
51.0,10,12,7,3127
51.0,10,12,8,3136
51.0,10,12,9,3146
51.0,10,12,10,3156
51.0,10,12,11,3165
51.0,10,12,12,3175
51.0,10,12,13,3184
51.0,10,12,14,3194
51.0,10,12,15,3203
51.0,10,13,0,3068
51.0,10,13,1,3078
51.0,10,13,2,3088
51.0,10,13,3,3097
51.0,10,13,4,3107
51.0,10,13,5,3117
51.0,10,13,6,3127
51.0,10,13,7,3136
51.0,10,13,8,3146
51.0,10,13,9,3156
51.0,10,13,10,3165
51.0,10,13,11,3175
51.0,10,13,12,3184
51.0,10,13,13,3194
51.0,10,13,14,3203
51.0,10,13,15,3213
51.0,10,14,0,3077
51.0,10,14,1,3087
51.0,10,14,2,3097
51.0,10,14,3,3107
51.0,10,14,4,3117
51.0,10,14,5,3127
51.0,10,14,6,3136
51.0,10,14,7,3146
51.0,10,14,8,3156
51.0,10,14,9,3165
51.0,10,14,10,3175
51.0,10,14,11,3185
51.0,10,14,12,3194
51.0,10,14,13,3204
51.0,10,14,14,3213
51.0,10,14,15,3223
51.0,10,15,0,3087
51.0,10,15,1,3097
51.0,10,15,2,3107
51.0,10,15,3,3117
51.0,10,15,4,3126
51.0,10,15,5,3136
51.0,10,15,6,3146
51.0,10,15,7,3156
51.0,10,15,8,3165
51.0,10,15,9,3175
51.0,10,15,10,3185
51.0,10,15,11,3194
51.0,10,15,12,3204
51.0,10,15,13,3214
51.0,10,15,14,3223
51.0,10,15,15,3233
51.0,11,0,0,2953
51.0,11,0,1,2963
51.0,11,0,2,2972
51.0,11,0,3,2982
51.0,11,0,4,2991
51.0,11,0,5,3000
51.0,11,0,6,3010
51.0,11,0,7,3019
51.0,11,0,8,3028
51.0,11,0,9,3038
51.0,11,0,10,3047
51.0,11,0,11,3056
51.0,11,0,12,3065
51.0,11,0,13,3074
51.0,11,0,14,3084
51.0,11,0,15,3093
51.0,11,1,0,2963
51.0,11,1,1,2973
51.0,11,1,2,2982
51.0,11,1,3,2992
51.0,11,1,4,3001
51.0,11,1,5,3010
51.0,11,1,6,3020
51.0,11,1,7,3029
51.0,11,1,8,3038
51.0,11,1,9,3048
51.0,11,1,10,3057
51.0,11,1,11,3066
51.0,11,1,12,3076
51.0,11,1,13,3085
51.0,11,1,14,3094
51.0,11,1,15,3103
51.0,11,2,0,2973
51.0,11,2,1,2982
51.0,11,2,2,2992
51.0,11,2,3,3001
51.0,11,2,4,3011
51.0,11,2,5,3020
51.0,11,2,6,3030
51.0,11,2,7,3039
51.0,11,2,8,3049
51.0,11,2,9,3058
51.0,11,2,10,3067
51.0,11,2,11,3077
51.0,11,2,12,3086
51.0,11,2,13,3095
51.0,11,2,14,3104
51.0,11,2,15,3113
51.0,11,3,0,2983
51.0,11,3,1,2992
51.0,11,3,2,3002
51.0,11,3,3,3011
51.0,11,3,4,3021
51.0,11,3,5,3030
51.0,11,3,6,3040
51.0,11,3,7,3049
51.0,11,3,8,3059
51.0,11,3,9,3068
51.0,11,3,10,3077
51.0,11,3,11,3087
51.0,11,3,12,3096
51.0,11,3,13,3105
51.0,11,3,14,3114
51.0,11,3,15,3124
51.0,11,4,0,2992
51.0,11,4,1,3002
51.0,11,4,2,3012
51.0,11,4,3,3021
51.0,11,4,4,3031
51.0,11,4,5,3040
51.0,11,4,6,3050
51.0,11,4,7,3059
51.0,11,4,8,3069
51.0,11,4,9,3078
51.0,11,4,10,3088
51.0,11,4,11,3097
51.0,11,4,12,3106
51.0,11,4,13,3115
51.0,11,4,14,3125
51.0,11,4,15,3134
51.0,11,5,0,3002
51.0,11,5,1,3012
51.0,11,5,2,3022
51.0,11,5,3,3031
51.0,11,5,4,3041
51.0,11,5,5,3050
51.0,11,5,6,3060
51.0,11,5,7,3069
51.0,11,5,8,3079
51.0,11,5,9,3088
51.0,11,5,10,3098
51.0,11,5,11,3107
51.0,11,5,12,3116
51.0,11,5,13,3126
51.0,11,5,14,3135
51.0,11,5,15,3144
51.0,11,6,0,3012
51.0,11,6,1,3022
51.0,11,6,2,3031
51.0,11,6,3,3041
51.0,11,6,4,3051
51.0,11,6,5,3060
51.0,11,6,6,3070
51.0,11,6,7,3079
51.0,11,6,8,3089
51.0,11,6,9,3098
51.0,11,6,10,3108
51.0,11,6,11,3117
51.0,11,6,12,3126
51.0,11,6,13,3136
51.0,11,6,14,3145
51.0,11,6,15,3154
51.0,11,7,0,3022
51.0,11,7,1,3031
51.0,11,7,2,3041
51.0,11,7,3,3051
51.0,11,7,4,3060
51.0,11,7,5,3070
51.0,11,7,6,3080
51.0,11,7,7,3089
51.0,11,7,8,3099
51.0,11,7,9,3108
51.0,11,7,10,3118
51.0,11,7,11,3127
51.0,11,7,12,3136
51.0,11,7,13,3146
51.0,11,7,14,3155
51.0,11,7,15,3165
51.0,11,8,0,3031
51.0,11,8,1,3041
51.0,11,8,2,3051
51.0,11,8,3,3061
51.0,11,8,4,3070
51.0,11,8,5,3080
51.0,11,8,6,3089
51.0,11,8,7,3099
51.0,11,8,8,3109
51.0,11,8,9,3118
51.0,11,8,10,3128
51.0,11,8,11,3137
51.0,11,8,12,3147
51.0,11,8,13,3156
51.0,11,8,14,3165
51.0,11,8,15,3175
51.0,11,9,0,3041
51.0,11,9,1,3051
51.0,11,9,2,3061
51.0,11,9,3,3070
51.0,11,9,4,3080
51.0,11,9,5,3090
51.0,11,9,6,3099
51.0,11,9,7,3109
51.0,11,9,8,3118
51.0,11,9,9,3128
51.0,11,9,10,3138
51.0,11,9,11,3147
51.0,11,9,12,3157
51.0,11,9,13,3166
51.0,11,9,14,3175
51.0,11,9,15,3185
51.0,11,10,0,3051
51.0,11,10,1,3060
51.0,11,10,2,3070
51.0,11,10,3,3080
51.0,11,10,4,3090
51.0,11,10,5,3099
51.0,11,10,6,3109
51.0,11,10,7,3119
51.0,11,10,8,3128
51.0,11,10,9,3138
51.0,11,10,10,3147
51.0,11,10,11,3157
51.0,11,10,12,3166
51.0,11,10,13,3176
51.0,11,10,14,3185
51.0,11,10,15,3195
51.0,11,11,0,3060
51.0,11,11,1,3070
51.0,11,11,2,3080
51.0,11,11,3,3090
51.0,11,11,4,3099
51.0,11,11,5,3109
51.0,11,11,6,3119
51.0,11,11,7,3129
51.0,11,11,8,3138
51.0,11,11,9,3148
51.0,11,11,10,3157
51.0,11,11,11,3167
51.0,11,11,12,3176
51.0,11,11,13,3186
51.0,11,11,14,3195
51.0,11,11,15,3205
51.0,11,12,0,3070
51.0,11,12,1,3080
51.0,11,12,2,3089
51.0,11,12,3,3099
51.0,11,12,4,3109
51.0,11,12,5,3119
51.0,11,12,6,3129
51.0,11,12,7,3138
51.0,11,12,8,3148
51.0,11,12,9,3158
51.0,11,12,10,3167
51.0,11,12,11,3177
51.0,11,12,12,3186
51.0,11,12,13,3196
51.0,11,12,14,3205
51.0,11,12,15,3215
51.0,11,13,0,3079
51.0,11,13,1,3089
51.0,11,13,2,3099
51.0,11,13,3,3109
51.0,11,13,4,3119
51.0,11,13,5,3129
51.0,11,13,6,3138
51.0,11,13,7,3148
51.0,11,13,8,3158
51.0,11,13,9,3167
51.0,11,13,10,3177
51.0,11,13,11,3187
51.0,11,13,12,3196
51.0,11,13,13,3206
51.0,11,13,14,3215
51.0,11,13,15,3225
51.0,11,14,0,3089
51.0,11,14,1,3099
51.0,11,14,2,3109
51.0,11,14,3,3118
51.0,11,14,4,3128
51.0,11,14,5,3138
51.0,11,14,6,3148
51.0,11,14,7,3158
51.0,11,14,8,3167
51.0,11,14,9,3177
51.0,11,14,10,3187
51.0,11,14,11,3196
51.0,11,14,12,3206
51.0,11,14,13,3216
51.0,11,14,14,3225
51.0,11,14,15,3235
51.0,11,15,0,3098
51.0,11,15,1,3108
51.0,11,15,2,3118
51.0,11,15,3,3128
51.0,11,15,4,3138
51.0,11,15,5,3148
51.0,11,15,6,3158
51.0,11,15,7,3167
51.0,11,15,8,3177
51.0,11,15,9,3187
51.0,11,15,10,3197
51.0,11,15,11,3206
51.0,11,15,12,3216
51.0,11,15,13,3226
51.0,11,15,14,3235
51.0,11,15,15,3245
51.0,12,0,0,2964
51.0,12,0,1,2973
51.0,12,0,2,2983
51.0,12,0,3,2992
51.0,12,0,4,3002
51.0,12,0,5,3011
51.0,12,0,6,3021
51.0,12,0,7,3030
51.0,12,0,8,3039
51.0,12,0,9,3049
51.0,12,0,10,3058
51.0,12,0,11,3067
51.0,12,0,12,3077
51.0,12,0,13,3086
51.0,12,0,14,3095
51.0,12,0,15,3104
51.0,12,1,0,2974
51.0,12,1,1,2983
51.0,12,1,2,2993
51.0,12,1,3,3003
51.0,12,1,4,3012
51.0,12,1,5,3021
51.0,12,1,6,3031
51.0,12,1,7,3040
51.0,12,1,8,3050
51.0,12,1,9,3059
51.0,12,1,10,3068
51.0,12,1,11,3078
51.0,12,1,12,3087
51.0,12,1,13,3096
51.0,12,1,14,3105
51.0,12,1,15,3114
51.0,12,2,0,2984
51.0,12,2,1,2993
51.0,12,2,2,3003
51.0,12,2,3,3013
51.0,12,2,4,3022
51.0,12,2,5,3032
51.0,12,2,6,3041
51.0,12,2,7,3050
51.0,12,2,8,3060
51.0,12,2,9,3069
51.0,12,2,10,3079
51.0,12,2,11,3088
51.0,12,2,12,3097
51.0,12,2,13,3106
51.0,12,2,14,3116
51.0,12,2,15,3125
51.0,12,3,0,2994
51.0,12,3,1,3003
51.0,12,3,2,3013
51.0,12,3,3,3022
51.0,12,3,4,3032
51.0,12,3,5,3042
51.0,12,3,6,3051
51.0,12,3,7,3061
51.0,12,3,8,3070
51.0,12,3,9,3079
51.0,12,3,10,3089
51.0,12,3,11,3098
51.0,12,3,12,3107
51.0,12,3,13,3117
51.0,12,3,14,3126
51.0,12,3,15,3135
51.0,12,4,0,3003
51.0,12,4,1,3013
51.0,12,4,2,3023
51.0,12,4,3,3032
51.0,12,4,4,3042
51.0,12,4,5,3052
51.0,12,4,6,3061
51.0,12,4,7,3071
51.0,12,4,8,3080
51.0,12,4,9,3089
51.0,12,4,10,3099
51.0,12,4,11,3108
51.0,12,4,12,3118
51.0,12,4,13,3127
51.0,12,4,14,3136
51.0,12,4,15,3145
51.0,12,5,0,3013
51.0,12,5,1,3023
51.0,12,5,2,3033
51.0,12,5,3,3042
51.0,12,5,4,3052
51.0,12,5,5,3061
51.0,12,5,6,3071
51.0,12,5,7,3081
51.0,12,5,8,3090
51.0,12,5,9,3100
51.0,12,5,10,3109
51.0,12,5,11,3118
51.0,12,5,12,3128
51.0,12,5,13,3137
51.0,12,5,14,3146
51.0,12,5,15,3156
51.0,12,6,0,3023
51.0,12,6,1,3033
51.0,12,6,2,3042
51.0,12,6,3,3052
51.0,12,6,4,3062
51.0,12,6,5,3071
51.0,12,6,6,3081
51.0,12,6,7,3091
51.0,12,6,8,3100
51.0,12,6,9,3110
51.0,12,6,10,3119
51.0,12,6,11,3128
51.0,12,6,12,3138
51.0,12,6,13,3147
51.0,12,6,14,3157
51.0,12,6,15,3166
51.0,12,7,0,3033
51.0,12,7,1,3043
51.0,12,7,2,3052
51.0,12,7,3,3062
51.0,12,7,4,3072
51.0,12,7,5,3081
51.0,12,7,6,3091
51.0,12,7,7,3101
51.0,12,7,8,3110
51.0,12,7,9,3120
51.0,12,7,10,3129
51.0,12,7,11,3139
51.0,12,7,12,3148
51.0,12,7,13,3157
51.0,12,7,14,3167
51.0,12,7,15,3176
51.0,12,8,0,3042
51.0,12,8,1,3052
51.0,12,8,2,3062
51.0,12,8,3,3072
51.0,12,8,4,3082
51.0,12,8,5,3091
51.0,12,8,6,3101
51.0,12,8,7,3110
51.0,12,8,8,3120
51.0,12,8,9,3130
51.0,12,8,10,3139
51.0,12,8,11,3149
51.0,12,8,12,3158
51.0,12,8,13,3168
51.0,12,8,14,3177
51.0,12,8,15,3186
51.0,12,9,0,3052
51.0,12,9,1,3062
51.0,12,9,2,3072
51.0,12,9,3,3082
51.0,12,9,4,3091
51.0,12,9,5,3101
51.0,12,9,6,3111
51.0,12,9,7,3120
51.0,12,9,8,3130
51.0,12,9,9,3140
51.0,12,9,10,3149
51.0,12,9,11,3159
51.0,12,9,12,3168
51.0,12,9,13,3178
51.0,12,9,14,3187
51.0,12,9,15,3196
51.0,12,10,0,3062
51.0,12,10,1,3072
51.0,12,10,2,3082
51.0,12,10,3,3091
51.0,12,10,4,3101
51.0,12,10,5,3111
51.0,12,10,6,3121
51.0,12,10,7,3130
51.0,12,10,8,3140
51.0,12,10,9,3149
51.0,12,10,10,3159
51.0,12,10,11,3169
51.0,12,10,12,3178
51.0,12,10,13,3188
51.0,12,10,14,3197
51.0,12,10,15,3207
51.0,12,11,0,3071
51.0,12,11,1,3081
51.0,12,11,2,3091
51.0,12,11,3,3101
51.0,12,11,4,3111
51.0,12,11,5,3121
51.0,12,11,6,3130
51.0,12,11,7,3140
51.0,12,11,8,3150
51.0,12,11,9,3159
51.0,12,11,10,3169
51.0,12,11,11,3179
51.0,12,11,12,3188
51.0,12,11,13,3198
51.0,12,11,14,3207
51.0,12,11,15,3217
51.0,12,12,0,3081
51.0,12,12,1,3091
51.0,12,12,2,3101
51.0,12,12,3,3111
51.0,12,12,4,3121
51.0,12,12,5,3130
51.0,12,12,6,3140
51.0,12,12,7,3150
51.0,12,12,8,3160
51.0,12,12,9,3169
51.0,12,12,10,3179
51.0,12,12,11,3188
51.0,12,12,12,3198
51.0,12,12,13,3208
51.0,12,12,14,3217
51.0,12,12,15,3227
51.0,12,13,0,3091
51.0,12,13,1,3101
51.0,12,13,2,3110
51.0,12,13,3,3120
51.0,12,13,4,3130
51.0,12,13,5,3140
51.0,12,13,6,3150
51.0,12,13,7,3160
51.0,12,13,8,3169
51.0,12,13,9,3179
51.0,12,13,10,3189
51.0,12,13,11,3198
51.0,12,13,12,3208
51.0,12,13,13,3218
51.0,12,13,14,3227
51.0,12,13,15,3237
51.0,12,14,0,3100
51.0,12,14,1,3110
51.0,12,14,2,3120
51.0,12,14,3,3130
51.0,12,14,4,3140
51.0,12,14,5,3150
51.0,12,14,6,3160
51.0,12,14,7,3169
51.0,12,14,8,3179
51.0,12,14,9,3189
51.0,12,14,10,3199
51.0,12,14,11,3208
51.0,12,14,12,3218
51.0,12,14,13,3227
51.0,12,14,14,3237
51.0,12,14,15,3247
51.0,12,15,0,3110
51.0,12,15,1,3120
51.0,12,15,2,3130
51.0,12,15,3,3140
51.0,12,15,4,3149
51.0,12,15,5,3159
51.0,12,15,6,3169
51.0,12,15,7,3179
51.0,12,15,8,3189
51.0,12,15,9,3199
51.0,12,15,10,3208
51.0,12,15,11,3218
51.0,12,15,12,3228
51.0,12,15,13,3237
51.0,12,15,14,3247
51.0,12,15,15,3257
51.0,13,0,0,2975
51.0,13,0,1,2984
51.0,13,0,2,2994
51.0,13,0,3,3003
51.0,13,0,4,3013
51.0,13,0,5,3022
51.0,13,0,6,3032
51.0,13,0,7,3041
51.0,13,0,8,3051
51.0,13,0,9,3060
51.0,13,0,10,3069
51.0,13,0,11,3079
51.0,13,0,12,3088
51.0,13,0,13,3097
51.0,13,0,14,3106
51.0,13,0,15,3115
51.0,13,1,0,2985
51.0,13,1,1,2994
51.0,13,1,2,3004
51.0,13,1,3,3014
51.0,13,1,4,3023
51.0,13,1,5,3033
51.0,13,1,6,3042
51.0,13,1,7,3051
51.0,13,1,8,3061
51.0,13,1,9,3070
51.0,13,1,10,3080
51.0,13,1,11,3089
51.0,13,1,12,3098
51.0,13,1,13,3107
51.0,13,1,14,3117
51.0,13,1,15,3126
51.0,13,2,0,2995
51.0,13,2,1,3004
51.0,13,2,2,3014
51.0,13,2,3,3024
51.0,13,2,4,3033
51.0,13,2,5,3043
51.0,13,2,6,3052
51.0,13,2,7,3062
51.0,13,2,8,3071
51.0,13,2,9,3080
51.0,13,2,10,3090
51.0,13,2,11,3099
51.0,13,2,12,3108
51.0,13,2,13,3118
51.0,13,2,14,3127
51.0,13,2,15,3136
51.0,13,3,0,3005
51.0,13,3,1,3014
51.0,13,3,2,3024
51.0,13,3,3,3034
51.0,13,3,4,3043
51.0,13,3,5,3053
51.0,13,3,6,3062
51.0,13,3,7,3072
51.0,13,3,8,3081
51.0,13,3,9,3091
51.0,13,3,10,3100
51.0,13,3,11,3109
51.0,13,3,12,3119
51.0,13,3,13,3128
51.0,13,3,14,3137
51.0,13,3,15,3147
51.0,13,4,0,3014
51.0,13,4,1,3024
51.0,13,4,2,3034
51.0,13,4,3,3044
51.0,13,4,4,3053
51.0,13,4,5,3063
51.0,13,4,6,3072
51.0,13,4,7,3082
51.0,13,4,8,3091
51.0,13,4,9,3101
51.0,13,4,10,3110
51.0,13,4,11,3120
51.0,13,4,12,3129
51.0,13,4,13,3138
51.0,13,4,14,3148
51.0,13,4,15,3157
51.0,13,5,0,3024
51.0,13,5,1,3034
51.0,13,5,2,3044
51.0,13,5,3,3053
51.0,13,5,4,3063
51.0,13,5,5,3073
51.0,13,5,6,3082
51.0,13,5,7,3092
51.0,13,5,8,3101
51.0,13,5,9,3111
51.0,13,5,10,3120
51.0,13,5,11,3130
51.0,13,5,12,3139
51.0,13,5,13,3149
51.0,13,5,14,3158
51.0,13,5,15,3167
51.0,13,6,0,3034
51.0,13,6,1,3044
51.0,13,6,2,3054
51.0,13,6,3,3063
51.0,13,6,4,3073
51.0,13,6,5,3083
51.0,13,6,6,3092
51.0,13,6,7,3102
51.0,13,6,8,3111
51.0,13,6,9,3121
51.0,13,6,10,3130
51.0,13,6,11,3140
51.0,13,6,12,3149
51.0,13,6,13,3159
51.0,13,6,14,3168
51.0,13,6,15,3178
51.0,13,7,0,3044
51.0,13,7,1,3054
51.0,13,7,2,3063
51.0,13,7,3,3073
51.0,13,7,4,3083
51.0,13,7,5,3093
51.0,13,7,6,3102
51.0,13,7,7,3112
51.0,13,7,8,3121
51.0,13,7,9,3131
51.0,13,7,10,3141
51.0,13,7,11,3150
51.0,13,7,12,3160
51.0,13,7,13,3169
51.0,13,7,14,3178
51.0,13,7,15,3188
51.0,13,8,0,3054
51.0,13,8,1,3063
51.0,13,8,2,3073
51.0,13,8,3,3083
51.0,13,8,4,3093
51.0,13,8,5,3103
51.0,13,8,6,3112
51.0,13,8,7,3122
51.0,13,8,8,3131
51.0,13,8,9,3141
51.0,13,8,10,3151
51.0,13,8,11,3160
51.0,13,8,12,3170
51.0,13,8,13,3179
51.0,13,8,14,3189
51.0,13,8,15,3198
51.0,13,9,0,3063
51.0,13,9,1,3073
51.0,13,9,2,3083
51.0,13,9,3,3093
51.0,13,9,4,3103
51.0,13,9,5,3112
51.0,13,9,6,3122
51.0,13,9,7,3132
51.0,13,9,8,3141
51.0,13,9,9,3151
51.0,13,9,10,3161
51.0,13,9,11,3170
51.0,13,9,12,3180
51.0,13,9,13,3189
51.0,13,9,14,3199
51.0,13,9,15,3208
51.0,13,10,0,3073
51.0,13,10,1,3083
51.0,13,10,2,3093
51.0,13,10,3,3103
51.0,13,10,4,3112
51.0,13,10,5,3122
51.0,13,10,6,3132
51.0,13,10,7,3142
51.0,13,10,8,3151
51.0,13,10,9,3161
51.0,13,10,10,3171
51.0,13,10,11,3180
51.0,13,10,12,3190
51.0,13,10,13,3199
51.0,13,10,14,3209
51.0,13,10,15,3218
51.0,13,11,0,3083
51.0,13,11,1,3093
51.0,13,11,2,3103
51.0,13,11,3,3112
51.0,13,11,4,3122
51.0,13,11,5,3132
51.0,13,11,6,3142
51.0,13,11,7,3152
51.0,13,11,8,3161
51.0,13,11,9,3171
51.0,13,11,10,3181
51.0,13,11,11,3190
51.0,13,11,12,3200
51.0,13,11,13,3209
51.0,13,11,14,3219
51.0,13,11,15,3228
51.0,13,12,0,3092
51.0,13,12,1,3102
51.0,13,12,2,3112
51.0,13,12,3,3122
51.0,13,12,4,3132
51.0,13,12,5,3142
51.0,13,12,6,3152
51.0,13,12,7,3161
51.0,13,12,8,3171
51.0,13,12,9,3181
51.0,13,12,10,3191
51.0,13,12,11,3200
51.0,13,12,12,3210
51.0,13,12,13,3219
51.0,13,12,14,3229
51.0,13,12,15,3238
51.0,13,13,0,3102
51.0,13,13,1,3112
51.0,13,13,2,3122
51.0,13,13,3,3132
51.0,13,13,4,3142
51.0,13,13,5,3152
51.0,13,13,6,3161
51.0,13,13,7,3171
51.0,13,13,8,3181
51.0,13,13,9,3191
51.0,13,13,10,3200
51.0,13,13,11,3210
51.0,13,13,12,3220
51.0,13,13,13,3229
51.0,13,13,14,3239
51.0,13,13,15,3249
51.0,13,14,0,3111
51.0,13,14,1,3121
51.0,13,14,2,3131
51.0,13,14,3,3141
51.0,13,14,4,3151
51.0,13,14,5,3161
51.0,13,14,6,3171
51.0,13,14,7,3181
51.0,13,14,8,3191
51.0,13,14,9,3201
51.0,13,14,10,3210
51.0,13,14,11,3220
51.0,13,14,12,3230
51.0,13,14,13,3239
51.0,13,14,14,3249
51.0,13,14,15,3259
51.0,13,15,0,3121
51.0,13,15,1,3131
51.0,13,15,2,3141
51.0,13,15,3,3151
51.0,13,15,4,3161
51.0,13,15,5,3171
51.0,13,15,6,3181
51.0,13,15,7,3191
51.0,13,15,8,3201
51.0,13,15,9,3210
51.0,13,15,10,3220
51.0,13,15,11,3230
51.0,13,15,12,3240
51.0,13,15,13,3249
51.0,13,15,14,3259
51.0,13,15,15,3269
51.0,14,0,0,2986
51.0,14,0,1,2995
51.0,14,0,2,3005
51.0,14,0,3,3014
51.0,14,0,4,3024
51.0,14,0,5,3033
51.0,14,0,6,3043
51.0,14,0,7,3052
51.0,14,0,8,3062
51.0,14,0,9,3071
51.0,14,0,10,3080
51.0,14,0,11,3090
51.0,14,0,12,3099
51.0,14,0,13,3108
51.0,14,0,14,3118
51.0,14,0,15,3127
51.0,14,1,0,2996
51.0,14,1,1,3005
51.0,14,1,2,3015
51.0,14,1,3,3025
51.0,14,1,4,3034
51.0,14,1,5,3044
51.0,14,1,6,3053
51.0,14,1,7,3063
51.0,14,1,8,3072
51.0,14,1,9,3081
51.0,14,1,10,3091
51.0,14,1,11,3100
51.0,14,1,12,3109
51.0,14,1,13,3119
51.0,14,1,14,3128
51.0,14,1,15,3137
51.0,14,2,0,3006
51.0,14,2,1,3015
51.0,14,2,2,3025
51.0,14,2,3,3035
51.0,14,2,4,3044
51.0,14,2,5,3054
51.0,14,2,6,3063
51.0,14,2,7,3073
51.0,14,2,8,3082
51.0,14,2,9,3092
51.0,14,2,10,3101
51.0,14,2,11,3110
51.0,14,2,12,3120
51.0,14,2,13,3129
51.0,14,2,14,3138
51.0,14,2,15,3148
51.0,14,3,0,3016
51.0,14,3,1,3025
51.0,14,3,2,3035
51.0,14,3,3,3045
51.0,14,3,4,3054
51.0,14,3,5,3064
51.0,14,3,6,3073
51.0,14,3,7,3083
51.0,14,3,8,3092
51.0,14,3,9,3102
51.0,14,3,10,3111
51.0,14,3,11,3121
51.0,14,3,12,3130
51.0,14,3,13,3140
51.0,14,3,14,3149
51.0,14,3,15,3158
51.0,14,4,0,3025
51.0,14,4,1,3035
51.0,14,4,2,3045
51.0,14,4,3,3055
51.0,14,4,4,3064
51.0,14,4,5,3074
51.0,14,4,6,3083
51.0,14,4,7,3093
51.0,14,4,8,3103
51.0,14,4,9,3112
51.0,14,4,10,3122
51.0,14,4,11,3131
51.0,14,4,12,3140
51.0,14,4,13,3150
51.0,14,4,14,3159
51.0,14,4,15,3169
51.0,14,5,0,3035
51.0,14,5,1,3045
51.0,14,5,2,3055
51.0,14,5,3,3065
51.0,14,5,4,3074
51.0,14,5,5,3084
51.0,14,5,6,3094
51.0,14,5,7,3103
51.0,14,5,8,3113
51.0,14,5,9,3122
51.0,14,5,10,3132
51.0,14,5,11,3141
51.0,14,5,12,3151
51.0,14,5,13,3160
51.0,14,5,14,3169
51.0,14,5,15,3179
51.0,14,6,0,3045
51.0,14,6,1,3055
51.0,14,6,2,3065
51.0,14,6,3,3075
51.0,14,6,4,3084
51.0,14,6,5,3094
51.0,14,6,6,3104
51.0,14,6,7,3113
51.0,14,6,8,3123
51.0,14,6,9,3132
51.0,14,6,10,3142
51.0,14,6,11,3151
51.0,14,6,12,3161
51.0,14,6,13,3170
51.0,14,6,14,3180
51.0,14,6,15,3189
51.0,14,7,0,3055
51.0,14,7,1,3065
51.0,14,7,2,3075
51.0,14,7,3,3084
51.0,14,7,4,3094
51.0,14,7,5,3104
51.0,14,7,6,3114
51.0,14,7,7,3123
51.0,14,7,8,3133
51.0,14,7,9,3142
51.0,14,7,10,3152
51.0,14,7,11,3162
51.0,14,7,12,3171
51.0,14,7,13,3181
51.0,14,7,14,3190
51.0,14,7,15,3199
51.0,14,8,0,3065
51.0,14,8,1,3075
51.0,14,8,2,3084
51.0,14,8,3,3094
51.0,14,8,4,3104
51.0,14,8,5,3114
51.0,14,8,6,3124
51.0,14,8,7,3133
51.0,14,8,8,3143
51.0,14,8,9,3153
51.0,14,8,10,3162
51.0,14,8,11,3172
51.0,14,8,12,3181
51.0,14,8,13,3191
51.0,14,8,14,3200
51.0,14,8,15,3210
51.0,14,9,0,3075
51.0,14,9,1,3084
51.0,14,9,2,3094
51.0,14,9,3,3104
51.0,14,9,4,3114
51.0,14,9,5,3124
51.0,14,9,6,3133
51.0,14,9,7,3143
51.0,14,9,8,3153
51.0,14,9,9,3163
51.0,14,9,10,3172
51.0,14,9,11,3182
51.0,14,9,12,3191
51.0,14,9,13,3201
51.0,14,9,14,3210
51.0,14,9,15,3220
51.0,14,10,0,3084
51.0,14,10,1,3094
51.0,14,10,2,3104
51.0,14,10,3,3114
51.0,14,10,4,3124
51.0,14,10,5,3134
51.0,14,10,6,3143
51.0,14,10,7,3153
51.0,14,10,8,3163
51.0,14,10,9,3173
51.0,14,10,10,3182
51.0,14,10,11,3192
51.0,14,10,12,3201
51.0,14,10,13,3211
51.0,14,10,14,3221
51.0,14,10,15,3230
51.0,14,11,0,3094
51.0,14,11,1,3104
51.0,14,11,2,3114
51.0,14,11,3,3124
51.0,14,11,4,3134
51.0,14,11,5,3143
51.0,14,11,6,3153
51.0,14,11,7,3163
51.0,14,11,8,3173
51.0,14,11,9,3182
51.0,14,11,10,3192
51.0,14,11,11,3202
51.0,14,11,12,3211
51.0,14,11,13,3221
51.0,14,11,14,3231
51.0,14,11,15,3240
51.0,14,12,0,3104
51.0,14,12,1,3114
51.0,14,12,2,3124
51.0,14,12,3,3133
51.0,14,12,4,3143
51.0,14,12,5,3153
51.0,14,12,6,3163
51.0,14,12,7,3173
51.0,14,12,8,3183
51.0,14,12,9,3192
51.0,14,12,10,3202
51.0,14,12,11,3212
51.0,14,12,12,3222
51.0,14,12,13,3231
51.0,14,12,14,3241
51.0,14,12,15,3250
51.0,14,13,0,3113
51.0,14,13,1,3123
51.0,14,13,2,3133
51.0,14,13,3,3143
51.0,14,13,4,3153
51.0,14,13,5,3163
51.0,14,13,6,3173
51.0,14,13,7,3183
51.0,14,13,8,3193
51.0,14,13,9,3202
51.0,14,13,10,3212
51.0,14,13,11,3222
51.0,14,13,12,3231
51.0,14,13,13,3241
51.0,14,13,14,3251
51.0,14,13,15,3260
51.0,14,14,0,3123
51.0,14,14,1,3133
51.0,14,14,2,3143
51.0,14,14,3,3153
51.0,14,14,4,3163
51.0,14,14,5,3173
51.0,14,14,6,3183
51.0,14,14,7,3193
51.0,14,14,8,3202
51.0,14,14,9,3212
51.0,14,14,10,3222
51.0,14,14,11,3232
51.0,14,14,12,3241
51.0,14,14,13,3251
51.0,14,14,14,3261
51.0,14,14,15,3270
51.0,14,15,0,3132
51.0,14,15,1,3142
51.0,14,15,2,3153
51.0,14,15,3,3163
51.0,14,15,4,3173
51.0,14,15,5,3182
51.0,14,15,6,3192
51.0,14,15,7,3202
51.0,14,15,8,3212
51.0,14,15,9,3222
51.0,14,15,10,3232
51.0,14,15,11,3242
51.0,14,15,12,3251
51.0,14,15,13,3261
51.0,14,15,14,3271
51.0,14,15,15,3280
51.0,15,0,0,2997
51.0,15,0,1,3006
51.0,15,0,2,3016
51.0,15,0,3,3025
51.0,15,0,4,3035
51.0,15,0,5,3044
51.0,15,0,6,3054
51.0,15,0,7,3063
51.0,15,0,8,3073
51.0,15,0,9,3082
51.0,15,0,10,3092
51.0,15,0,11,3101
51.0,15,0,12,3110
51.0,15,0,13,3120
51.0,15,0,14,3129
51.0,15,0,15,3138
51.0,15,1,0,3007
51.0,15,1,1,3016
51.0,15,1,2,3026
51.0,15,1,3,3036
51.0,15,1,4,3045
51.0,15,1,5,3055
51.0,15,1,6,3064
51.0,15,1,7,3074
51.0,15,1,8,3083
51.0,15,1,9,3093
51.0,15,1,10,3102
51.0,15,1,11,3111
51.0,15,1,12,3121
51.0,15,1,13,3130
51.0,15,1,14,3139
51.0,15,1,15,3149
51.0,15,2,0,3017
51.0,15,2,1,3026
51.0,15,2,2,3036
51.0,15,2,3,3046
51.0,15,2,4,3055
51.0,15,2,5,3065
51.0,15,2,6,3074
51.0,15,2,7,3084
51.0,15,2,8,3093
51.0,15,2,9,3103
51.0,15,2,10,3112
51.0,15,2,11,3122
51.0,15,2,12,3131
51.0,15,2,13,3141
51.0,15,2,14,3150
51.0,15,2,15,3159
51.0,15,3,0,3027
51.0,15,3,1,3036
51.0,15,3,2,3046
51.0,15,3,3,3056
51.0,15,3,4,3065
51.0,15,3,5,3075
51.0,15,3,6,3085
51.0,15,3,7,3094
51.0,15,3,8,3104
51.0,15,3,9,3113
51.0,15,3,10,3123
51.0,15,3,11,3132
51.0,15,3,12,3142
51.0,15,3,13,3151
51.0,15,3,14,3160
51.0,15,3,15,3170
51.0,15,4,0,3036
51.0,15,4,1,3046
51.0,15,4,2,3056
51.0,15,4,3,3066
51.0,15,4,4,3075
51.0,15,4,5,3085
51.0,15,4,6,3095
51.0,15,4,7,3104
51.0,15,4,8,3114
51.0,15,4,9,3123
51.0,15,4,10,3133
51.0,15,4,11,3142
51.0,15,4,12,3152
51.0,15,4,13,3161
51.0,15,4,14,3171
51.0,15,4,15,3180
51.0,15,5,0,3046
51.0,15,5,1,3056
51.0,15,5,2,3066
51.0,15,5,3,3076
51.0,15,5,4,3085
51.0,15,5,5,3095
51.0,15,5,6,3105
51.0,15,5,7,3114
51.0,15,5,8,3124
51.0,15,5,9,3134
51.0,15,5,10,3143
51.0,15,5,11,3153
51.0,15,5,12,3162
51.0,15,5,13,3172
51.0,15,5,14,3181
51.0,15,5,15,3190
51.0,15,6,0,3056
51.0,15,6,1,3066
51.0,15,6,2,3076
51.0,15,6,3,3086
51.0,15,6,4,3095
51.0,15,6,5,3105
51.0,15,6,6,3115
51.0,15,6,7,3125
51.0,15,6,8,3134
51.0,15,6,9,3144
51.0,15,6,10,3153
51.0,15,6,11,3163
51.0,15,6,12,3172
51.0,15,6,13,3182
51.0,15,6,14,3191
51.0,15,6,15,3201
51.0,15,7,0,3066
51.0,15,7,1,3076
51.0,15,7,2,3086
51.0,15,7,3,3096
51.0,15,7,4,3105
51.0,15,7,5,3115
51.0,15,7,6,3125
51.0,15,7,7,3135
51.0,15,7,8,3144
51.0,15,7,9,3154
51.0,15,7,10,3163
51.0,15,7,11,3173
51.0,15,7,12,3183
51.0,15,7,13,3192
51.0,15,7,14,3202
51.0,15,7,15,3211
51.0,15,8,0,3076
51.0,15,8,1,3086
51.0,15,8,2,3096
51.0,15,8,3,3106
51.0,15,8,4,3115
51.0,15,8,5,3125
51.0,15,8,6,3135
51.0,15,8,7,3145
51.0,15,8,8,3154
51.0,15,8,9,3164
51.0,15,8,10,3174
51.0,15,8,11,3183
51.0,15,8,12,3193
51.0,15,8,13,3202
51.0,15,8,14,3212
51.0,15,8,15,3221
51.0,15,9,0,3086
51.0,15,9,1,3096
51.0,15,9,2,3106
51.0,15,9,3,3115
51.0,15,9,4,3125
51.0,15,9,5,3135
51.0,15,9,6,3145
51.0,15,9,7,3155
51.0,15,9,8,3164
51.0,15,9,9,3174
51.0,15,9,10,3184
51.0,15,9,11,3193
51.0,15,9,12,3203
51.0,15,9,13,3213
51.0,15,9,14,3222
51.0,15,9,15,3232
51.0,15,10,0,3095
51.0,15,10,1,3105
51.0,15,10,2,3115
51.0,15,10,3,3125
51.0,15,10,4,3135
51.0,15,10,5,3145
51.0,15,10,6,3155
51.0,15,10,7,3165
51.0,15,10,8,3174
51.0,15,10,9,3184
51.0,15,10,10,3194
51.0,15,10,11,3203
51.0,15,10,12,3213
51.0,15,10,13,3223
51.0,15,10,14,3232
51.0,15,10,15,3242
51.0,15,11,0,3105
51.0,15,11,1,3115
51.0,15,11,2,3125
51.0,15,11,3,3135
51.0,15,11,4,3145
51.0,15,11,5,3155
51.0,15,11,6,3165
51.0,15,11,7,3175
51.0,15,11,8,3184
51.0,15,11,9,3194
51.0,15,11,10,3204
51.0,15,11,11,3213
51.0,15,11,12,3223
51.0,15,11,13,3233
51.0,15,11,14,3242
51.0,15,11,15,3252
51.0,15,12,0,3115
51.0,15,12,1,3125
51.0,15,12,2,3135
51.0,15,12,3,3145
51.0,15,12,4,3155
51.0,15,12,5,3165
51.0,15,12,6,3175
51.0,15,12,7,3184
51.0,15,12,8,3194
51.0,15,12,9,3204
51.0,15,12,10,3214
51.0,15,12,11,3224
51.0,15,12,12,3233
51.0,15,12,13,3243
51.0,15,12,14,3253
51.0,15,12,15,3262
51.0,15,13,0,3125
51.0,15,13,1,3135
51.0,15,13,2,3145
51.0,15,13,3,3155
51.0,15,13,4,3165
51.0,15,13,5,3175
51.0,15,13,6,3184
51.0,15,13,7,3194
51.0,15,13,8,3204
51.0,15,13,9,3214
51.0,15,13,10,3224
51.0,15,13,11,3234
51.0,15,13,12,3243
51.0,15,13,13,3253
51.0,15,13,14,3263
51.0,15,13,15,3272
51.0,15,14,0,3134
51.0,15,14,1,3144
51.0,15,14,2,3154
51.0,15,14,3,3164
51.0,15,14,4,3174
51.0,15,14,5,3184
51.0,15,14,6,3194
51.0,15,14,7,3204
51.0,15,14,8,3214
51.0,15,14,9,3224
51.0,15,14,10,3234
51.0,15,14,11,3243
51.0,15,14,12,3253
51.0,15,14,13,3263
51.0,15,14,14,3273
51.0,15,14,15,3282
51.0,15,15,0,3144
51.0,15,15,1,3154
51.0,15,15,2,3164
51.0,15,15,3,3174
51.0,15,15,4,3184
51.0,15,15,5,3194
51.0,15,15,6,3204
51.0,15,15,7,3214
51.0,15,15,8,3224
51.0,15,15,9,3234
51.0,15,15,10,3244
51.0,15,15,11,3253
51.0,15,15,12,3263
51.0,15,15,13,3273
51.0,15,15,14,3283
51.0,15,15,15,3292
